1-Time 2-Px 3-Py 4-Pz 5-R11 6-R21 7-R31 8-R12 9-R22 10-R32 11-R13 12-R23 13-R33 14-Vx 15-Vy 16-Vz 17-Wx 18-Wy 19-Wz 20-state 21-PR11 22-PR21 23-PR31 24-PR12 25-PR22 26-PR32 27-PR13 28-PR23 29-PR33 
253.625066 0.015650  0.103423  -0.021858  0.999087  -0.016828  0.039275  -0.037864  0.077277  0.996290  -0.019801  -0.996868  0.076570  -0.001968  -0.002037  -0.001608  0.000000  0.000000  0.000000  2.000000  
253.626071 0.015649  0.103421  -0.021859  0.999089  -0.016695  0.039265  -0.037864  0.077272  0.996291  -0.019667  -0.996870  0.076570  -0.001908  -0.001973  -0.001561  0.000000  0.000000  0.000000  2.000000  
253.627317 0.015651  0.103422  -0.021860  0.999089  -0.016695  0.039265  -0.037864  0.077272  0.996291  -0.019667  -0.996870  0.076570  -0.001599  -0.001723  -0.001470  0.000000  0.000000  0.000000  2.000000  
253.628327 0.015654  0.103424  -0.021859  0.999094  -0.016844  0.039070  -0.037658  0.077274  0.996298  -0.019801  -0.996868  0.076570  -0.001258  -0.001466  -0.001308  0.000000  0.000000  0.000000  2.000000  
253.629575 0.015657  0.103426  -0.021858  0.999092  -0.016973  0.039083  -0.037658  0.077400  0.996289  -0.019935  -0.996856  0.076690  -0.000815  -0.001113  -0.001115  0.000000  0.000000  0.000000  2.000000  
253.630577 0.015661  0.103428  -0.021858  0.999092  -0.016968  0.039085  -0.037658  0.077521  0.996279  -0.019935  -0.996846  0.076811  -0.000434  -0.000825  -0.000969  0.000000  0.000000  0.000000  2.000000  
253.631822 0.015667  0.103432  -0.021858  0.999097  -0.017117  0.038890  -0.037452  0.077522  0.996287  -0.020068  -0.996844  0.076811  0.000148  -0.000436  -0.000817  0.000000  0.000000  0.000000  2.000000  
253.633070 0.015672  0.103435  -0.021858  0.999105  -0.017124  0.038689  -0.037247  0.077760  0.996276  -0.020068  -0.996825  0.077053  0.000728  -0.000024  -0.000714  0.000000  0.000000  0.000000  2.000000  
253.634071 0.015676  0.103436  -0.021859  0.999112  -0.017140  0.038484  -0.037041  0.077757  0.996284  -0.020068  -0.996825  0.077053  0.001119  0.000203  -0.000707  0.000000  0.000000  0.000000  2.000000  
253.635071 0.015681  0.103439  -0.021859  0.999112  -0.017135  0.038486  -0.037041  0.077878  0.996275  -0.020068  -0.996816  0.077174  0.001561  0.000494  -0.000613  0.000000  0.000000  0.000000  2.000000  
253.636071 0.015686  0.103442  -0.021860  0.999117  -0.017280  0.038293  -0.036835  0.078000  0.996273  -0.020202  -0.996804  0.077294  0.001980  0.000812  -0.000486  0.000000  0.000000  0.000000  2.000000  
253.637072 0.015691  0.103445  -0.021858  0.999114  -0.017408  0.038306  -0.036835  0.078126  0.996263  -0.020336  -0.996792  0.077415  0.002503  0.001198  -0.000282  0.000000  0.000000  0.000000  2.000000  
253.638330 0.015698  0.103450  -0.021859  0.999119  -0.017553  0.038113  -0.036629  0.078248  0.996261  -0.020470  -0.996779  0.077536  0.003079  0.001634  -0.000227  0.000000  0.000000  0.000000  2.000000  
253.639569 0.015705  0.103455  -0.021859  0.999117  -0.017677  0.038128  -0.036629  0.078494  0.996241  -0.020604  -0.996758  0.077777  0.003679  0.002184  -0.000101  0.000000  0.000000  0.000000  2.000000  
253.640574 0.015711  0.103460  -0.021859  0.999121  -0.017822  0.037935  -0.036423  0.078616  0.996239  -0.020737  -0.996746  0.077898  0.004182  0.002642  -0.000003  0.000000  0.000000  0.000000  2.000000  
253.641819 0.015719  0.103468  -0.021860  0.999118  -0.017951  0.037948  -0.036423  0.078742  0.996229  -0.020871  -0.996733  0.078019  0.004631  0.003128  0.000020  0.000000  0.000000  0.000000  2.000000  
253.643067 0.015728  0.103477  -0.021861  0.999118  -0.017941  0.037952  -0.036423  0.078984  0.996210  -0.020871  -0.996714  0.078261  0.004988  0.003528  -0.000077  0.000000  0.000000  0.000000  2.000000  
253.644070 0.015735  0.103484  -0.021861  0.999116  -0.018070  0.037965  -0.036423  0.079109  0.996200  -0.021005  -0.996702  0.078381  0.005263  0.003899  -0.000147  0.000000  0.000000  0.000000  2.000000  
253.645071 0.015741  0.103490  -0.021862  0.999116  -0.018061  0.037969  -0.036423  0.079351  0.996181  -0.021005  -0.996683  0.078623  0.005465  0.004199  -0.000262  0.000000  0.000000  0.000000  2.000000  
253.646323 0.015750  0.103500  -0.021862  0.999116  -0.018052  0.037973  -0.036423  0.079593  0.996162  -0.021005  -0.996664  0.078865  0.005752  0.004687  -0.000342  0.000000  0.000000  0.000000  2.000000  
253.647574 0.015759  0.103509  -0.021863  0.999116  -0.018043  0.037978  -0.036423  0.079834  0.996142  -0.021005  -0.996645  0.079107  0.005914  0.005028  -0.000302  0.000000  0.000000  0.000000  2.000000  
253.648575 0.015765  0.103515  -0.021863  0.999116  -0.018033  0.037982  -0.036423  0.080076  0.996123  -0.021005  -0.996626  0.079348  0.006032  0.005289  -0.000268  0.000000  0.000000  0.000000  2.000000  
253.649821 0.015773  0.103522  -0.021863  0.999123  -0.018041  0.037781  -0.036217  0.080314  0.996111  -0.021005  -0.996606  0.079590  0.006165  0.005568  -0.000203  0.000000  0.000000  0.000000  2.000000  
253.650824 0.015779  0.103528  -0.021861  0.999123  -0.018036  0.037784  -0.036217  0.080435  0.996102  -0.021005  -0.996597  0.079711  0.006287  0.005858  -0.000086  0.000000  0.000000  0.000000  2.000000  
253.651826 0.015784  0.103534  -0.021859  0.999120  -0.018160  0.037799  -0.036217  0.080681  0.996082  -0.021139  -0.996574  0.079953  0.006283  0.006046  -0.000079  0.000000  0.000000  0.000000  2.000000  
253.653072 0.015791  0.103542  -0.021858  0.999120  -0.018151  0.037803  -0.036217  0.080923  0.996062  -0.021139  -0.996555  0.080194  0.006277  0.006200  0.000005  0.000000  0.000000  0.000000  2.000000  
253.654319 0.015798  0.103549  -0.021856  0.999123  -0.018009  0.037797  -0.036217  0.081160  0.996043  -0.021005  -0.996538  0.080436  0.006312  0.006363  0.000195  0.000000  0.000000  0.000000  2.000000  
253.655322 0.015803  0.103556  -0.021855  0.999123  -0.018004  0.037799  -0.036217  0.081281  0.996033  -0.021005  -0.996529  0.080557  0.006299  0.006449  0.000285  0.000000  0.000000  0.000000  2.000000  
253.656573 0.015811  0.103564  -0.021853  0.999133  -0.017878  0.037587  -0.036012  0.081514  0.996021  -0.020871  -0.996512  0.080799  0.006205  0.006473  0.000411  0.000000  0.000000  0.000000  2.000000  
253.657819 0.015818  0.103572  -0.021851  0.999133  -0.017869  0.037592  -0.036012  0.081755  0.996002  -0.020871  -0.996492  0.081041  0.006109  0.006478  0.000628  0.000000  0.000000  0.000000  2.000000  
253.658822 0.015824  0.103579  -0.021850  0.999133  -0.017860  0.037596  -0.036012  0.081997  0.995982  -0.020871  -0.996473  0.081283  0.006082  0.006483  0.000752  0.000000  0.000000  0.000000  2.000000  
253.660072 0.015833  0.103588  -0.021847  0.999138  -0.018001  0.037406  -0.035806  0.082240  0.995969  -0.021005  -0.996450  0.081524  0.006060  0.006464  0.001004  0.000000  0.000000  0.000000  2.000000  
253.661323 0.015841  0.103597  -0.021843  0.999138  -0.017988  0.037413  -0.035806  0.082602  0.995939  -0.021005  -0.996420  0.081887  0.006047  0.006442  0.001259  -0.170109  0.052677  -0.035776  2.000000  
253.662576 0.015849  0.103605  -0.021839  0.999135  -0.018112  0.037428  -0.035806  0.082849  0.995919  -0.021139  -0.996398  0.082128  0.006022  0.006451  0.001661  -0.174296  0.045408  -0.039712  2.000000  
253.663586 0.015855  0.103612  -0.021835  0.999143  -0.018120  0.037228  -0.035600  0.083086  0.995906  -0.021139  -0.996378  0.082370  0.006006  0.006463  0.001938  -0.178178  0.052281  -0.040260  2.000000  
253.664821 0.015863  0.103619  -0.021828  0.999143  -0.018106  0.037234  -0.035600  0.083449  0.995876  -0.021139  -0.996348  0.082733  0.006039  0.006471  0.002339  -0.185013  0.045023  -0.039409  2.000000  
253.666071 0.015870  0.103625  -0.021822  0.999150  -0.018114  0.037034  -0.035395  0.083687  0.995863  -0.021139  -0.996327  0.082974  0.006007  0.006350  0.002596  -0.189040  0.045370  -0.034969  2.000000  
253.667071 0.015875  0.103629  -0.021817  0.999150  -0.018110  0.037036  -0.035395  0.083807  0.995853  -0.021139  -0.996317  0.083095  0.005970  0.006251  0.002802  -0.189042  0.045725  -0.030530  2.000000  
253.668323 0.015881  0.103634  -0.021811  0.999157  -0.018114  0.036837  -0.035189  0.084166  0.995830  -0.021139  -0.996287  0.083458  0.005905  0.006079  0.003127  -0.197165  0.046086  -0.026100  2.000000  
253.669573 0.015887  0.103639  -0.021805  0.999157  -0.018105  0.036842  -0.035189  0.084408  0.995810  -0.021139  -0.996267  0.083699  0.005851  0.005890  0.003337  -0.198741  0.046811  -0.021839  2.000000  
253.670576 0.015892  0.103643  -0.021800  0.999157  -0.018100  0.036844  -0.035189  0.084528  0.995800  -0.021139  -0.996257  0.083820  0.005831  0.005724  0.003676  -0.198886  0.040278  -0.016803  2.000000  
253.671819 0.015899  0.103649  -0.021792  0.999164  -0.018109  0.036643  -0.034983  0.084766  0.995787  -0.021139  -0.996236  0.084062  0.005817  0.005613  0.004048  -0.198754  0.047538  -0.012893  2.000000  
253.672823 0.015905  0.103654  -0.021786  0.999164  -0.018100  0.036648  -0.034983  0.085008  0.995766  -0.021139  -0.996216  0.084304  0.005755  0.005437  0.004368  -0.202799  0.047528  -0.012900  2.000000  
253.674069 0.015911  0.103661  -0.021778  0.999164  -0.018091  0.036652  -0.034983  0.085249  0.995745  -0.021139  -0.996195  0.084545  0.005679  0.005351  0.004730  -0.205199  0.047504  -0.008359  2.000000  
253.675070 0.015917  0.103667  -0.021773  0.999164  -0.018082  0.036656  -0.034983  0.085491  0.995725  -0.021139  -0.996175  0.084787  0.005604  0.005225  0.004951  -0.205199  0.047502  -0.008370  2.000000  
253.676322 0.015923  0.103673  -0.021766  0.999164  -0.018073  0.036661  -0.034983  0.085733  0.995704  -0.021139  -0.996154  0.085029  0.005449  0.005063  0.005159  -0.205200  0.047500  -0.008382  2.000000  
253.677571 0.015928  0.103679  -0.021760  0.999164  -0.018064  0.036665  -0.034983  0.085974  0.995683  -0.021139  -0.996134  0.085270  0.005271  0.004894  0.005257  -0.205210  0.047501  -0.008394  2.000000  
253.678586 0.015932  0.103683  -0.021754  0.999172  -0.018073  0.036465  -0.034777  0.086212  0.995670  -0.021139  -0.996113  0.085512  0.005078  0.004727  0.005319  -0.206650  0.054757  -0.009040  2.000000  
253.679821 0.015937  0.103689  -0.021748  0.999172  -0.018069  0.036467  -0.034777  0.086333  0.995659  -0.021139  -0.996102  0.085633  0.004960  0.004683  0.005351  -0.202848  0.047894  -0.008484  2.000000  
253.681071 0.015942  0.103694  -0.021741  0.999172  -0.018060  0.036471  -0.034777  0.086574  0.995638  -0.021139  -0.996082  0.085874  0.004791  0.004615  0.005366  -0.202865  0.048270  -0.004014  2.000000  
253.682071 0.015945  0.103698  -0.021736  0.999172  -0.018051  0.036476  -0.034777  0.086816  0.995617  -0.021139  -0.996061  0.086116  0.004680  0.004608  0.005427  -0.205194  0.047861  -0.003989  2.000000  
253.683321 0.015949  0.103703  -0.021729  0.999172  -0.018047  0.036478  -0.034777  0.086937  0.995607  -0.021139  -0.996050  0.086237  0.004519  0.004597  0.005498  -0.201152  0.047861  -0.003998  2.000000  
253.684573 0.015952  0.103708  -0.021722  0.999174  -0.017905  0.036471  -0.034778  0.087173  0.995586  -0.021005  -0.996032  0.086479  0.004315  0.004618  0.005576  -0.201158  0.047860  -0.004009  2.000000  
253.685578 0.015955  0.103712  -0.021716  0.999181  -0.017918  0.036268  -0.034572  0.087290  0.995583  -0.021005  -0.996022  0.086600  0.004159  0.004603  0.005606  -0.198701  0.048244  -0.004050  2.000000  
253.686818 0.015959  0.103718  -0.021708  0.999181  -0.017909  0.036272  -0.034572  0.087532  0.995562  -0.021005  -0.996001  0.086841  0.003976  0.004604  0.005624  -0.201175  0.047488  -0.008472  2.000000  
253.688074 0.015963  0.103725  -0.021700  0.999184  -0.017772  0.036263  -0.034572  0.087648  0.995551  -0.020871  -0.995993  0.086962  0.003772  0.004563  0.005564  -0.194662  0.048250  -0.004071  2.000000  
253.689322 0.015967  0.103731  -0.021694  0.999191  -0.017781  0.036062  -0.034366  0.087886  0.995538  -0.020871  -0.995972  0.087204  0.003618  0.004579  0.005553  -0.194662  0.048249  -0.004083  2.000000  
253.690587 0.015972  0.103738  -0.021687  0.999194  -0.017644  0.036053  -0.034366  0.088002  0.995527  -0.020737  -0.995964  0.087325  0.003504  0.004585  0.005514  -0.186429  0.048988  0.004864  2.000000  
253.691816 0.015976  0.103744  -0.021681  0.999194  -0.017635  0.036057  -0.034366  0.088244  0.995506  -0.020737  -0.995943  0.087567  0.003396  0.004595  0.005490  -0.185040  0.048624  0.004816  2.000000  
253.692819 0.015979  0.103749  -0.021677  0.999201  -0.017649  0.035854  -0.034161  0.088361  0.995503  -0.020737  -0.995932  0.087687  0.003319  0.004579  0.005386  -0.182458  0.049400  0.009327  2.000000  
253.693821 0.015982  0.103753  -0.021673  0.999201  -0.017644  0.035856  -0.034161  0.088482  0.995492  -0.020737  -0.995922  0.087808  0.003274  0.004597  0.005308  -0.178383  0.049403  0.009319  2.000000  
253.694823 0.015986  0.103758  -0.021668  0.999208  -0.017658  0.035653  -0.033955  0.088599  0.995488  -0.020737  -0.995911  0.087929  0.003236  0.004605  0.005280  -0.174135  0.056289  0.008718  2.000000  
253.696072 0.015990  0.103764  -0.021663  0.999208  -0.017654  0.035655  -0.033955  0.088719  0.995478  -0.020737  -0.995900  0.088050  0.003218  0.004652  0.005221  -0.170215  0.049402  0.009300  2.000000  
253.697321 0.015994  0.103769  -0.021657  0.999218  -0.017535  0.035441  -0.033749  0.088832  0.995475  -0.020604  -0.995892  0.088171  0.003223  0.004675  0.005131  0.000000  0.000000  0.000000  2.000000  
253.698321 0.015997  0.103773  -0.021653  0.999218  -0.017530  0.035443  -0.033749  0.088953  0.995464  -0.020604  -0.995882  0.088292  0.003257  0.004651  0.005062  0.000000  0.000000  0.000000  2.000000  
253.699574 0.016001  0.103778  -0.021648  0.999228  -0.017411  0.035228  -0.033544  0.089065  0.995461  -0.020470  -0.995874  0.088413  0.003279  0.004641  0.004933  0.000000  0.000000  0.000000  2.000000  
253.700820 0.016006  0.103783  -0.021643  0.999228  -0.017407  0.035231  -0.033544  0.089186  0.995450  -0.020470  -0.995863  0.088533  0.003326  0.004635  0.004729  0.000000  0.000000  0.000000  2.000000  
253.701822 0.016009  0.103787  -0.021640  0.999234  -0.017421  0.035028  -0.033338  0.089303  0.995446  -0.020470  -0.995852  0.088654  0.003344  0.004572  0.004549  0.000000  0.000000  0.000000  2.000000  
253.702826 0.016014  0.103791  -0.021636  0.999237  -0.017288  0.035016  -0.033338  0.089299  0.995447  -0.020336  -0.995855  0.088654  0.003414  0.004514  0.004359  0.000000  0.000000  0.000000  2.000000  
253.704067 0.016019  0.103797  -0.021631  0.999244  -0.017302  0.034813  -0.033132  0.089416  0.995443  -0.020336  -0.995844  0.088775  0.003485  0.004504  0.004243  0.000000  0.000000  0.000000  2.000000  
253.705069 0.016023  0.103801  -0.021628  0.999244  -0.017298  0.034815  -0.033132  0.089537  0.995432  -0.020336  -0.995833  0.088896  0.003508  0.004371  0.004040  0.000000  0.000000  0.000000  2.000000  
253.706323 0.016028  0.103808  -0.021623  0.999251  -0.017312  0.034612  -0.032927  0.089654  0.995429  -0.020336  -0.995822  0.089017  0.003597  0.004404  0.004010  0.000000  0.000000  0.000000  2.000000  
253.707571 0.016034  0.103814  -0.021619  0.999254  -0.017175  0.034602  -0.032927  0.089770  0.995418  -0.020202  -0.995814  0.089138  0.003728  0.004434  0.003994  0.000000  0.000000  0.000000  2.000000  
253.708572 0.016039  0.103820  -0.021614  0.999260  -0.017193  0.034398  -0.032721  0.089767  0.995425  -0.020202  -0.995814  0.089138  0.003820  0.004472  0.003970  0.000000  0.000000  0.000000  2.000000  
253.709816 0.016044  0.103825  -0.021610  0.999263  -0.017056  0.034388  -0.032721  0.089883  0.995415  -0.020068  -0.995806  0.089259  0.003878  0.004474  0.003918  0.000000  0.000000  0.000000  2.000000  
253.710819 0.016048  0.103830  -0.021606  0.999263  -0.017056  0.034388  -0.032721  0.089883  0.995415  -0.020068  -0.995806  0.089259  0.003945  0.004475  0.003826  0.000000  0.000000  0.000000  2.000000  
253.711826 0.016053  0.103834  -0.021603  0.999270  -0.017070  0.034185  -0.032515  0.090000  0.995411  -0.020068  -0.995795  0.089380  0.004020  0.004487  0.003751  0.000000  0.000000  0.000000  2.000000  
253.713072 0.016058  0.103840  -0.021600  0.999272  -0.016933  0.034175  -0.032515  0.090117  0.995400  -0.019935  -0.995787  0.089501  0.004104  0.004570  0.003626  0.000000  0.000000  0.000000  2.000000  
253.714322 0.016063  0.103846  -0.021597  0.999272  -0.016933  0.034175  -0.032515  0.090117  0.995400  -0.019935  -0.995787  0.089501  0.004167  0.004620  0.003437  0.000000  0.000000  0.000000  2.000000  
253.715574 0.016068  0.103852  -0.021594  0.999282  -0.016814  0.033960  -0.032310  0.090230  0.995397  -0.019801  -0.995779  0.089622  0.004241  0.004662  0.003349  0.000000  0.000000  0.000000  2.000000  
253.716821 0.016073  0.103858  -0.021592  0.999282  -0.016814  0.033960  -0.032310  0.090230  0.995397  -0.019801  -0.995779  0.089622  0.004281  0.004737  0.003196  0.000000  0.000000  0.000000  2.000000  
253.717822 0.016078  0.103863  -0.021589  0.999284  -0.016681  0.033948  -0.032310  0.090225  0.995397  -0.019667  -0.995782  0.089622  0.004307  0.004792  0.003171  0.000000  0.000000  0.000000  2.000000  
253.718826 0.016083  0.103869  -0.021586  0.999291  -0.016695  0.033745  -0.032104  0.090343  0.995393  -0.019667  -0.995771  0.089743  0.004360  0.004858  0.003068  0.000000  0.000000  0.000000  2.000000  
253.720078 0.016089  0.103875  -0.021583  0.999294  -0.016562  0.033733  -0.032104  0.090339  0.995394  -0.019533  -0.995773  0.089743  0.004409  0.004888  0.003010  0.000000  0.000000  0.000000  2.000000  
253.721320 0.016095  0.103882  -0.021580  0.999294  -0.016562  0.033733  -0.032104  0.090339  0.995394  -0.019533  -0.995773  0.089743  0.004469  0.004953  0.002924  0.000000  0.000000  0.000000  2.000000  
253.722569 0.016101  0.103889  -0.021577  0.999296  -0.016425  0.033723  -0.032104  0.090455  0.995383  -0.019400  -0.995765  0.089864  0.004483  0.004974  0.002795  0.000000  0.000000  0.000000  2.000000  
253.723583 0.016106  0.103894  -0.021575  0.999296  -0.016425  0.033723  -0.032104  0.090455  0.995383  -0.019400  -0.995765  0.089864  0.004531  0.004985  0.002630  0.000000  0.000000  0.000000  2.000000  
253.724823 0.016113  0.103900  -0.021572  0.999299  -0.016288  0.033713  -0.032104  0.090571  0.995372  -0.019266  -0.995757  0.089985  0.004569  0.004981  0.002467  0.000000  0.000000  0.000000  2.000000  
253.726068 0.016119  0.103907  -0.021569  0.999301  -0.016155  0.033701  -0.032104  0.090567  0.995373  -0.019132  -0.995759  0.089985  0.004618  0.005047  0.002430  0.000000  0.000000  0.000000  2.000000  
253.727070 0.016123  0.103911  -0.021567  0.999308  -0.016173  0.033496  -0.031899  0.090564  0.995380  -0.019132  -0.995759  0.089985  0.004677  0.005050  0.002380  0.000000  0.000000  0.000000  2.000000  
253.728074 0.016128  0.103916  -0.021565  0.999311  -0.016040  0.033484  -0.031899  0.090560  0.995380  -0.018998  -0.995762  0.089985  0.004684  0.005099  0.002367  0.000000  0.000000  0.000000  2.000000  
253.729075 0.016132  0.103921  -0.021562  0.999313  -0.015907  0.033472  -0.031899  0.090555  0.995380  -0.018864  -0.995764  0.089986  0.004682  0.005096  0.002366  0.000000  0.000000  0.000000  2.000000  
253.730077 0.016136  0.103926  -0.021560  0.999313  -0.015907  0.033472  -0.031899  0.090555  0.995380  -0.018864  -0.995764  0.089986  0.004720  0.005126  0.002348  0.000000  0.000000  0.000000  2.000000  
253.731321 0.016142  0.103932  -0.021557  0.999316  -0.015774  0.033460  -0.031899  0.090551  0.995381  -0.018731  -0.995767  0.089986  0.004702  0.005105  0.002356  0.000000  0.000000  0.000000  2.000000  
253.732573 0.016147  0.103939  -0.021554  0.999318  -0.015641  0.033448  -0.031899  0.090547  0.995381  -0.018597  -0.995769  0.089986  0.004682  0.005098  0.002367  0.000000  0.000000  0.000000  2.000000  
253.733584 0.016151  0.103943  -0.021552  0.999318  -0.015641  0.033448  -0.031899  0.090547  0.995381  -0.018597  -0.995769  0.089986  0.004607  0.005059  0.002312  0.000000  0.000000  0.000000  2.000000  
253.734822 0.016156  0.103950  -0.021550  0.999327  -0.015526  0.033231  -0.031693  0.090539  0.995388  -0.018463  -0.995772  0.089986  0.004559  0.005032  0.002250  0.000000  0.000000  0.000000  2.000000  
253.736072 0.016162  0.103956  -0.021548  0.999327  -0.015526  0.033231  -0.031693  0.090539  0.995388  -0.018463  -0.995772  0.089986  0.004542  0.005046  0.002170  0.000000  0.000000  0.000000  2.000000  
253.737318 0.016167  0.103962  -0.021546  0.999330  -0.015393  0.033219  -0.031694  0.090535  0.995389  -0.018329  -0.995774  0.089987  0.004427  0.005003  0.002085  0.000000  0.000000  0.000000  2.000000  
253.738320 0.016171  0.103968  -0.021544  0.999332  -0.015260  0.033207  -0.031694  0.090531  0.995389  -0.018196  -0.995777  0.089987  0.004401  0.005008  0.002089  0.000000  0.000000  0.000000  2.000000  
253.739324 0.016175  0.103973  -0.021542  0.999332  -0.015260  0.033207  -0.031694  0.090531  0.995389  -0.018196  -0.995777  0.089987  0.004289  0.004985  0.002033  0.000000  0.000000  0.000000  2.000000  
253.740325 0.016179  0.103978  -0.021540  0.999334  -0.015127  0.033195  -0.031694  0.090527  0.995390  -0.018062  -0.995779  0.089987  0.004237  0.004981  0.002043  0.000000  0.000000  0.000000  2.000000  
253.741571 0.016183  0.103983  -0.021537  0.999334  -0.015127  0.033195  -0.031694  0.090527  0.995390  -0.018062  -0.995779  0.089987  0.004134  0.004952  0.002035  0.000000  0.000000  0.000000  2.000000  
253.742574 0.016187  0.103988  -0.021535  0.999343  -0.015012  0.032978  -0.031488  0.090519  0.995397  -0.017928  -0.995782  0.089987  0.004090  0.004965  0.002032  0.000000  0.000000  0.000000  2.000000  
253.743583 0.016191  0.103993  -0.021533  0.999343  -0.015012  0.032978  -0.031488  0.090519  0.995397  -0.017928  -0.995782  0.089987  0.004051  0.004935  0.002050  0.000000  0.000000  0.000000  2.000000  
253.744822 0.016195  0.103999  -0.021530  0.999346  -0.014883  0.032964  -0.031488  0.090394  0.995408  -0.017794  -0.995795  0.089867  0.003959  0.004928  0.002031  0.000000  0.000000  0.000000  2.000000  
253.746077 0.016199  0.104004  -0.021528  0.999348  -0.014750  0.032952  -0.031488  0.090390  0.995409  -0.017661  -0.995797  0.089867  0.003875  0.004889  0.002017  0.000000  0.000000  0.000000  2.000000  
253.747321 0.016203  0.104010  -0.021525  0.999355  -0.014768  0.032747  -0.031282  0.090387  0.995415  -0.017661  -0.995797  0.089867  0.003775  0.004823  0.001940  0.000000  0.000000  0.000000  2.000000  
253.748573 0.016207  0.104015  -0.021523  0.999357  -0.014635  0.032735  -0.031282  0.090383  0.995416  -0.017527  -0.995800  0.089867  0.003743  0.004777  0.001932  0.000000  0.000000  0.000000  2.000000  
253.749574 0.016210  0.104019  -0.021522  0.999359  -0.014506  0.032721  -0.031283  0.090258  0.995427  -0.017393  -0.995813  0.089747  0.003623  0.004709  0.001936  0.000000  0.000000  0.000000  2.000000  
253.750578 0.016213  0.104024  -0.021519  0.999359  -0.014506  0.032721  -0.031283  0.090258  0.995427  -0.017393  -0.995813  0.089747  0.003583  0.004694  0.001939  0.000000  0.000000  0.000000  2.000000  
253.751821 0.016217  0.104030  -0.021517  0.999368  -0.014391  0.032504  -0.031077  0.090251  0.995434  -0.017259  -0.995815  0.089747  0.003494  0.004661  0.001968  0.000000  0.000000  0.000000  2.000000  
253.752822 0.016221  0.104035  -0.021515  0.999368  -0.014395  0.032503  -0.031077  0.090130  0.995445  -0.017259  -0.995826  0.089626  0.003446  0.004634  0.002028  0.000000  0.000000  0.000000  2.000000  
253.754069 0.016224  0.104041  -0.021513  0.999370  -0.014262  0.032491  -0.031077  0.090126  0.995445  -0.017125  -0.995828  0.089626  0.003364  0.004607  0.001979  0.000000  0.000000  0.000000  2.000000  
253.755076 0.016228  0.104046  -0.021511  0.999370  -0.014262  0.032491  -0.031077  0.090126  0.995445  -0.017125  -0.995828  0.089626  0.003351  0.004623  0.002007  0.000000  0.000000  0.000000  2.000000  
253.756319 0.016232  0.104051  -0.021508  0.999379  -0.014151  0.032272  -0.030871  0.089998  0.995463  -0.016992  -0.995841  0.089506  0.003279  0.004586  0.001953  0.000000  0.000000  0.000000  2.000000  
253.757572 0.016235  0.104057  -0.021506  0.999379  -0.014151  0.032272  -0.030871  0.089998  0.995463  -0.016992  -0.995841  0.089506  0.003241  0.004566  0.001936  0.000000  0.000000  0.000000  2.000000  
253.758575 0.016238  0.104062  -0.021504  0.999379  -0.014151  0.032272  -0.030871  0.089998  0.995463  -0.016992  -0.995841  0.089506  0.003179  0.004588  0.001939  0.000000  0.000000  0.000000  2.000000  
253.759817 0.016242  0.104067  -0.021501  0.999388  -0.014041  0.032054  -0.030666  0.089871  0.995481  -0.016858  -0.995854  0.089385  0.003149  0.004557  0.001916  0.000000  0.000000  0.000000  2.000000  
253.760819 0.016245  0.104072  -0.021499  0.999390  -0.013907  0.032042  -0.030666  0.089867  0.995482  -0.016724  -0.995857  0.089385  0.003126  0.004582  0.001948  0.000000  0.000000  0.000000  2.000000  
253.761826 0.016248  0.104076  -0.021497  0.999390  -0.013907  0.032042  -0.030666  0.089867  0.995482  -0.016724  -0.995857  0.089385  0.003075  0.004577  0.001958  0.000000  0.000000  0.000000  2.000000  
253.763072 0.016252  0.104082  -0.021493  0.999392  -0.013774  0.032030  -0.030666  0.089862  0.995482  -0.016590  -0.995859  0.089385  0.003092  0.004601  0.002058  0.000000  0.000000  0.000000  2.000000  
253.764322 0.016256  0.104088  -0.021490  0.999398  -0.013797  0.031823  -0.030460  0.089739  0.995499  -0.016590  -0.995870  0.089265  0.003107  0.004644  0.002125  0.000000  0.000000  0.000000  2.000000  
253.765574 0.016259  0.104094  -0.021486  0.999401  -0.013663  0.031811  -0.030460  0.089735  0.995500  -0.016456  -0.995872  0.089265  0.003051  0.004619  0.002224  0.000000  0.000000  0.000000  2.000000  
253.766579 0.016263  0.104098  -0.021483  0.999403  -0.013530  0.031799  -0.030460  0.089731  0.995500  -0.016323  -0.995874  0.089265  0.003074  0.004639  0.002286  0.000000  0.000000  0.000000  2.000000  
253.767821 0.016267  0.104105  -0.021480  0.999403  -0.013534  0.031797  -0.030460  0.089610  0.995511  -0.016323  -0.995885  0.089144  0.003104  0.004659  0.002359  0.000000  0.000000  0.000000  2.000000  
253.769071 0.016271  0.104111  -0.021476  0.999405  -0.013401  0.031786  -0.030460  0.089606  0.995511  -0.016189  -0.995887  0.089144  0.003129  0.004683  0.002424  0.000000  0.000000  0.000000  2.000000  
253.770318 0.016276  0.104117  -0.021473  0.999405  -0.013401  0.031786  -0.030460  0.089606  0.995511  -0.016189  -0.995887  0.089144  0.003128  0.004670  0.002471  0.000000  0.000000  0.000000  2.000000  
253.771322 0.016279  0.104122  -0.021470  0.999413  -0.013286  0.031569  -0.030255  0.089599  0.995518  -0.016055  -0.995889  0.089145  0.003196  0.004699  0.002569  0.000000  0.000000  0.000000  2.000000  
253.772569 0.016284  0.104128  -0.021467  0.999415  -0.013157  0.031555  -0.030255  0.089474  0.995530  -0.015921  -0.995902  0.089024  0.003210  0.004742  0.002629  0.000000  0.000000  0.000000  2.000000  
253.773582 0.016287  0.104133  -0.021464  0.999415  -0.013157  0.031555  -0.030255  0.089474  0.995530  -0.015921  -0.995902  0.089024  0.003261  0.004742  0.002667  0.000000  0.000000  0.000000  2.000000  
253.774817 0.016292  0.104139  -0.021460  0.999418  -0.013024  0.031543  -0.030255  0.089470  0.995530  -0.015788  -0.995904  0.089024  0.003324  0.004780  0.002762  0.000000  0.000000  0.000000  2.000000  
253.776068 0.016296  0.104145  -0.021456  0.999420  -0.012890  0.031531  -0.030255  0.089466  0.995530  -0.015654  -0.995906  0.089024  0.003347  0.004795  0.002825  0.000000  0.000000  0.000000  2.000000  
253.777071 0.016300  0.104150  -0.021453  0.999420  -0.012894  0.031530  -0.030255  0.089346  0.995541  -0.015654  -0.995917  0.088904  0.003388  0.004802  0.002856  0.000000  0.000000  0.000000  2.000000  
253.778074 0.016304  0.104155  -0.021450  0.999422  -0.012761  0.031518  -0.030255  0.089341  0.995541  -0.015520  -0.995919  0.088904  0.003481  0.004832  0.002879  0.000000  0.000000  0.000000  2.000000  
253.779322 0.016308  0.104160  -0.021446  0.999422  -0.012761  0.031518  -0.030255  0.089341  0.995541  -0.015520  -0.995919  0.088904  0.003501  0.004845  0.002940  0.000000  0.000000  0.000000  2.000000  
253.780574 0.016313  0.104167  -0.021441  0.999424  -0.012628  0.031506  -0.030255  0.089337  0.995542  -0.015386  -0.995921  0.088904  0.003611  0.004931  0.002979  0.000000  0.000000  0.000000  2.000000  
253.781821 0.016318  0.104174  -0.021438  0.999426  -0.012495  0.031494  -0.030255  0.089333  0.995542  -0.015252  -0.995923  0.088904  0.003655  0.004940  0.003012  0.000000  0.000000  0.000000  2.000000  
253.783070 0.016324  0.104180  -0.021433  0.999428  -0.012361  0.031482  -0.030255  0.089329  0.995543  -0.015119  -0.995925  0.088904  0.003725  0.004960  0.003063  0.000000  0.000000  0.000000  2.000000  
253.784071 0.016328  0.104185  -0.021430  0.999428  -0.012361  0.031482  -0.030255  0.089329  0.995543  -0.015119  -0.995925  0.088904  0.003806  0.004970  0.003123  0.000000  0.000000  0.000000  2.000000  
253.785073 0.016333  0.104190  -0.021426  0.999430  -0.012228  0.031470  -0.030255  0.089325  0.995543  -0.014985  -0.995927  0.088904  0.003852  0.004996  0.003159  0.000000  0.000000  0.000000  2.000000  
253.786078 0.016337  0.104196  -0.021423  0.999436  -0.012247  0.031265  -0.030049  0.089323  0.995549  -0.014985  -0.995927  0.088904  0.003922  0.005017  0.003209  0.000000  0.000000  0.000000  2.000000  
253.787321 0.016343  0.104202  -0.021418  0.999438  -0.012113  0.031254  -0.030049  0.089319  0.995550  -0.014851  -0.995929  0.088905  0.004010  0.005048  0.003277  0.000000  0.000000  0.000000  2.000000  
253.788571 0.016348  0.104209  -0.021414  0.999440  -0.011980  0.031242  -0.030049  0.089315  0.995550  -0.014717  -0.995931  0.088905  0.004077  0.005068  0.003325  0.000000  0.000000  0.000000  2.000000  
253.789817 0.016354  0.104216  -0.021409  0.999440  -0.011980  0.031242  -0.030049  0.089315  0.995550  -0.014717  -0.995931  0.088905  0.004174  0.005133  0.003400  0.000000  0.000000  0.000000  2.000000  
253.790819 0.016359  0.104220  -0.021406  0.999442  -0.011847  0.031230  -0.030049  0.089311  0.995550  -0.014584  -0.995933  0.088905  0.004259  0.005136  0.003368  0.000000  0.000000  0.000000  2.000000  
253.791819 0.016364  0.104225  -0.021403  0.999442  -0.011847  0.031230  -0.030049  0.089311  0.995550  -0.014584  -0.995933  0.088905  0.004318  0.005151  0.003412  0.000000  0.000000  0.000000  2.000000  
253.792822 0.016369  0.104231  -0.021399  0.999444  -0.011714  0.031218  -0.030050  0.089307  0.995551  -0.014450  -0.995935  0.088905  0.004396  0.005155  0.003422  0.000000  0.000000  0.000000  2.000000  
253.794069 0.016375  0.104237  -0.021395  0.999444  -0.011714  0.031218  -0.030050  0.089307  0.995551  -0.014450  -0.995935  0.088905  0.004512  0.005172  0.003414  0.000000  0.000000  0.000000  2.000000  
253.795073 0.016380  0.104242  -0.021392  0.999446  -0.011581  0.031206  -0.030050  0.089303  0.995551  -0.014316  -0.995937  0.088905  0.004562  0.005177  0.003404  0.000000  0.000000  0.000000  2.000000  
253.796076 0.016385  0.104248  -0.021388  0.999446  -0.011581  0.031206  -0.030050  0.089303  0.995551  -0.014316  -0.995937  0.088905  0.004663  0.005212  0.003477  0.000000  0.000000  0.000000  2.000000  
253.797320 0.016392  0.104255  -0.021384  0.999448  -0.011448  0.031194  -0.030050  0.089299  0.995551  -0.014182  -0.995939  0.088905  0.004764  0.005256  0.003462  0.000000  0.000000  0.000000  2.000000  
253.798322 0.016397  0.104260  -0.021380  0.999448  -0.011448  0.031194  -0.030050  0.089299  0.995551  -0.014182  -0.995939  0.088905  0.004805  0.005262  0.003493  0.000000  0.000000  0.000000  2.000000  
253.799322 0.016403  0.104265  -0.021376  0.999448  -0.011448  0.031194  -0.030050  0.089299  0.995551  -0.014182  -0.995939  0.088905  0.004905  0.005244  0.003512  0.000000  0.000000  0.000000  2.000000  
253.800573 0.016409  0.104272  -0.021372  0.999450  -0.011314  0.031182  -0.030050  0.089295  0.995552  -0.014048  -0.995941  0.088906  0.004985  0.005279  0.003525  0.000000  0.000000  0.000000  2.000000  
253.801573 0.016415  0.104278  -0.021368  0.999450  -0.011314  0.031182  -0.030050  0.089295  0.995552  -0.014048  -0.995941  0.088906  0.005061  0.005350  0.003544  0.000000  0.000000  0.000000  2.000000  
253.802583 0.016421  0.104284  -0.021364  0.999450  -0.011314  0.031182  -0.030050  0.089295  0.995552  -0.014048  -0.995941  0.088906  0.005131  0.005374  0.003542  0.000000  0.000000  0.000000  2.000000  
253.803584 0.016426  0.104290  -0.021361  0.999450  -0.011314  0.031182  -0.030050  0.089295  0.995552  -0.014048  -0.995941  0.088906  0.005182  0.005379  0.003533  0.000000  0.000000  0.000000  2.000000  
253.804825 0.016433  0.104297  -0.021356  0.999452  -0.011181  0.031170  -0.030050  0.089291  0.995552  -0.013915  -0.995943  0.088906  0.005296  0.005451  0.003572  0.000000  0.000000  0.000000  2.000000  
253.806069 0.016440  0.104304  -0.021351  0.999458  -0.011196  0.030967  -0.029844  0.089409  0.995548  -0.013915  -0.995932  0.089027  0.005314  0.005512  0.003599  0.000000  0.000000  0.000000  2.000000  
253.807074 0.016445  0.104310  -0.021347  0.999458  -0.011196  0.030967  -0.029844  0.089409  0.995548  -0.013915  -0.995932  0.089027  0.005362  0.005573  0.003676  0.000000  0.000000  0.000000  2.000000  
253.808317 0.016452  0.104317  -0.021342  0.999460  -0.011063  0.030955  -0.029844  0.089405  0.995548  -0.013781  -0.995934  0.089027  0.005402  0.005607  0.003669  0.000000  0.000000  0.000000  2.000000  
253.809573 0.016459  0.104325  -0.021337  0.999460  -0.011063  0.030955  -0.029844  0.089405  0.995548  -0.013781  -0.995934  0.089027  0.005463  0.005670  0.003708  0.000000  0.000000  0.000000  2.000000  
253.810582 0.016465  0.104331  -0.021333  0.999460  -0.011063  0.030955  -0.029844  0.089405  0.995548  -0.013781  -0.995934  0.089027  0.005517  0.005729  0.003752  0.000000  0.000000  0.000000  2.000000  
253.811826 0.016473  0.104338  -0.021329  0.999460  -0.011063  0.030955  -0.029844  0.089405  0.995548  -0.013781  -0.995934  0.089027  0.005598  0.005768  0.003775  0.000000  0.000000  0.000000  2.000000  
253.813071 0.016480  0.104346  -0.021324  0.999460  -0.011063  0.030955  -0.029844  0.089405  0.995548  -0.013781  -0.995934  0.089027  0.005627  0.005800  0.003799  0.000000  0.000000  0.000000  2.000000  
253.814322 0.016488  0.104354  -0.021319  0.999461  -0.010929  0.030943  -0.029844  0.089401  0.995548  -0.013647  -0.995936  0.089027  0.005681  0.005886  0.003797  0.000000  0.000000  0.000000  2.000000  
253.815574 0.016496  0.104362  -0.021314  0.999461  -0.010933  0.030942  -0.029844  0.089281  0.995559  -0.013647  -0.995947  0.088906  0.005745  0.005952  0.003837  0.000000  0.000000  0.000000  2.000000  
253.816824 0.016504  0.104370  -0.021309  0.999461  -0.010933  0.030942  -0.029844  0.089281  0.995559  -0.013647  -0.995947  0.088906  0.005836  0.006042  0.003873  0.000000  0.000000  0.000000  2.000000  
253.818083 0.016512  0.104379  -0.021304  0.999461  -0.010933  0.030942  -0.029844  0.089281  0.995559  -0.013647  -0.995947  0.088906  0.005896  0.006132  0.003863  0.000000  0.000000  0.000000  2.000000  
253.819085 0.016518  0.104385  -0.021300  0.999461  -0.010933  0.030942  -0.029844  0.089281  0.995559  -0.013647  -0.995947  0.088906  0.005922  0.006161  0.003885  0.000000  0.000000  0.000000  2.000000  
253.820320 0.016526  0.104394  -0.021295  0.999461  -0.010933  0.030942  -0.029844  0.089281  0.995559  -0.013647  -0.995947  0.088906  0.006040  0.006237  0.003927  0.000000  0.000000  0.000000  2.000000  
253.821327 0.016532  0.104400  -0.021291  0.999463  -0.010800  0.030930  -0.029844  0.089277  0.995560  -0.013513  -0.995948  0.088906  0.006067  0.006266  0.003949  0.000000  0.000000  0.000000  2.000000  
253.822568 0.016540  0.104408  -0.021285  0.999469  -0.010818  0.030725  -0.029638  0.089274  0.995566  -0.013513  -0.995948  0.088906  0.006116  0.006323  0.004002  0.000000  0.000000  0.000000  2.000000  
253.823582 0.016546  0.104415  -0.021281  0.999469  -0.010818  0.030725  -0.029638  0.089274  0.995566  -0.013513  -0.995948  0.088906  0.006154  0.006360  0.004020  0.000000  0.000000  0.000000  2.000000  
253.824822 0.016555  0.104424  -0.021276  0.999469  -0.010818  0.030725  -0.029638  0.089274  0.995566  -0.013513  -0.995948  0.088906  0.006243  0.006484  0.004044  0.000000  0.000000  0.000000  2.000000  
253.826081 0.016563  0.104432  -0.021270  0.999469  -0.010818  0.030725  -0.029638  0.089274  0.995566  -0.013513  -0.995948  0.088906  0.006286  0.006571  0.004082  0.000000  0.000000  0.000000  2.000000  
253.827320 0.016571  0.104441  -0.021265  0.999469  -0.010818  0.030725  -0.029638  0.089274  0.995566  -0.013513  -0.995948  0.088906  0.006357  0.006676  0.004107  0.000000  0.000000  0.000000  2.000000  
253.828324 0.016577  0.104448  -0.021261  0.999469  -0.010822  0.030723  -0.029638  0.089154  0.995577  -0.013513  -0.995959  0.088786  0.006349  0.006680  0.004149  0.000000  0.000000  0.000000  2.000000  
253.829574 0.016586  0.104457  -0.021255  0.999477  -0.010707  0.030507  -0.029433  0.089147  0.995583  -0.013379  -0.995961  0.088786  0.006445  0.006772  0.004178  0.000000  0.000000  0.000000  2.000000  
253.830577 0.016593  0.104464  -0.021251  0.999477  -0.010707  0.030507  -0.029433  0.089147  0.995583  -0.013379  -0.995961  0.088786  0.006451  0.006790  0.004218  0.000000  0.000000  0.000000  2.000000  
253.831821 0.016602  0.104473  -0.021245  0.999477  -0.010707  0.030507  -0.029433  0.089147  0.995583  -0.013379  -0.995961  0.088786  0.006503  0.006836  0.004226  0.000000  0.000000  0.000000  2.000000  
253.832821 0.016609  0.104480  -0.021240  0.999477  -0.010707  0.030507  -0.029433  0.089147  0.995583  -0.013379  -0.995961  0.088786  0.006591  0.006902  0.004326  0.000000  0.000000  0.000000  2.000000  
253.833823 0.016616  0.104487  -0.021236  0.999477  -0.010707  0.030507  -0.029433  0.089147  0.995583  -0.013379  -0.995961  0.088786  0.006630  0.006933  0.004309  0.000000  0.000000  0.000000  2.000000  
253.835080 0.016625  0.104497  -0.021230  0.999479  -0.010578  0.030493  -0.029433  0.089023  0.995595  -0.013246  -0.995973  0.088665  0.006669  0.006988  0.004391  0.000000  0.000000  0.000000  2.000000  
253.836322 0.016633  0.104506  -0.021225  0.999485  -0.010596  0.030288  -0.029227  0.089021  0.995601  -0.013246  -0.995973  0.088665  0.006749  0.007065  0.004421  0.000000  0.000000  0.000000  2.000000  
253.837567 0.016642  0.104514  -0.021219  0.999485  -0.010596  0.030288  -0.029227  0.089021  0.995601  -0.013246  -0.995973  0.088665  0.006776  0.007096  0.004444  0.000000  0.000000  0.000000  2.000000  
253.838568 0.016648  0.104521  -0.021215  0.999485  -0.010596  0.030288  -0.029227  0.089021  0.995601  -0.013246  -0.995973  0.088665  0.006820  0.007132  0.004431  0.000000  0.000000  0.000000  2.000000  
253.839572 0.016655  0.104528  -0.021210  0.999487  -0.010463  0.030277  -0.029227  0.089017  0.995601  -0.013112  -0.995975  0.088665  0.006814  0.007097  0.004458  0.000000  0.000000  0.000000  2.000000  
253.840822 0.016663  0.104538  -0.021204  0.999487  -0.010466  0.030275  -0.029227  0.088896  0.995612  -0.013112  -0.995986  0.088544  0.006834  0.007159  0.004477  0.000000  0.000000  0.000000  2.000000  
253.842076 0.016672  0.104547  -0.021199  0.999493  -0.010485  0.030070  -0.029021  0.088894  0.995618  -0.013112  -0.995986  0.088544  0.006840  0.007127  0.004481  0.000000  0.000000  0.000000  2.000000  
