1-Time 2-Px 3-Py 4-Pz 5-R11 6-R21 7-R31 8-R12 9-R22 10-R32 11-R13 12-R23 13-R33 14-Vx 15-Vy 16-Vz 17-Wx 18-Wy 19-Wz 20-state 21-PR11 22-PR21 23-PR31 24-PR12 25-PR22 26-PR32 27-PR13 28-PR23 29-PR33 
202.410312 0.004333  0.094064  -0.010625  0.999136  -0.041103  -0.006221  0.008639  0.058926  0.998225  -0.040664  -0.997416  0.059230  0.000465  0.000342  -0.000451  0.000000  0.000000  0.000000  2.000000  
202.411318 0.004334  0.094065  -0.010625  0.999136  -0.041103  -0.006221  0.008639  0.058926  0.998225  -0.040664  -0.997416  0.059230  0.000507  0.000367  -0.000466  0.000000  0.000000  0.000000  2.000000  
202.412576 0.004334  0.094064  -0.010626  0.999134  -0.041115  -0.006426  0.008845  0.058918  0.998224  -0.040664  -0.997416  0.059230  0.000524  0.000320  -0.000448  0.000000  0.000000  0.000000  2.000000  
202.413816 0.004336  0.094063  -0.010627  0.999132  -0.041127  -0.006632  0.009051  0.058909  0.998222  -0.040664  -0.997416  0.059230  0.000604  0.000274  -0.000472  0.000000  0.000000  0.000000  2.000000  
202.414821 0.004338  0.094062  -0.010627  0.999137  -0.040995  -0.006635  0.009051  0.059032  0.998215  -0.040530  -0.997414  0.059352  0.000681  0.000207  -0.000451  0.000000  0.000000  0.000000  2.000000  
202.416066 0.004340  0.094063  -0.010627  0.999137  -0.040995  -0.006635  0.009051  0.059032  0.998215  -0.040530  -0.997414  0.059352  0.000788  0.000167  -0.000411  0.000000  0.000000  0.000000  2.000000  
202.417317 0.004342  0.094063  -0.010627  0.999130  -0.041140  -0.006832  0.009256  0.059022  0.998214  -0.040664  -0.997409  0.059351  0.000908  0.000200  -0.000369  0.000000  0.000000  0.000000  2.000000  
202.418318 0.004344  0.094063  -0.010628  0.999123  -0.041287  -0.007025  0.009462  0.059133  0.998205  -0.040797  -0.997396  0.059472  0.001018  0.000180  -0.000373  0.000000  0.000000  0.000000  2.000000  
202.419319 0.004346  0.094063  -0.010629  0.999121  -0.041299  -0.007230  0.009668  0.059125  0.998204  -0.040797  -0.997396  0.059472  0.001104  0.000154  -0.000442  0.000000  0.000000  0.000000  2.000000  
202.420572 0.004349  0.094064  -0.010630  0.999122  -0.041191  -0.007644  0.010079  0.059230  0.998193  -0.040664  -0.997394  0.059593  0.001244  0.000106  -0.000506  0.000000  0.000000  0.000000  2.000000  
202.421817 0.004352  0.094065  -0.010631  0.999120  -0.041203  -0.007850  0.010285  0.059222  0.998192  -0.040664  -0.997394  0.059593  0.001428  0.000138  -0.000507  0.000000  0.000000  0.000000  2.000000  
202.422817 0.004355  0.094065  -0.010631  0.999118  -0.041216  -0.008050  0.010491  0.059334  0.998183  -0.040664  -0.997387  0.059714  0.001581  0.000143  -0.000527  0.000000  0.000000  0.000000  2.000000  
202.423817 0.004357  0.094066  -0.010634  0.999113  -0.041241  -0.008461  0.010902  0.059317  0.998180  -0.040664  -0.997387  0.059714  0.001669  0.000137  -0.000640  0.000000  0.000000  0.000000  2.000000  
202.425065 0.004360  0.094066  -0.010636  0.999111  -0.041254  -0.008662  0.011108  0.059430  0.998171  -0.040664  -0.997380  0.059835  0.001817  0.000130  -0.000794  0.000000  0.000000  0.000000  2.000000  
202.426073 0.004362  0.094066  -0.010639  0.999109  -0.041267  -0.008862  0.011313  0.059543  0.998162  -0.040664  -0.997372  0.059956  0.001904  0.000124  -0.000907  0.000000  0.000000  0.000000  2.000000  
202.427326 0.004365  0.094067  -0.010640  0.999109  -0.041268  -0.008857  0.011313  0.059664  0.998154  -0.040664  -0.997365  0.060077  0.002083  0.000199  -0.000961  0.000000  0.000000  0.000000  2.000000  
202.428571 0.004368  0.094066  -0.010642  0.999104  -0.041293  -0.009268  0.011725  0.059647  0.998151  -0.040664  -0.997365  0.060077  0.002157  0.000195  -0.001038  0.000000  0.000000  0.000000  2.000000  
202.429571 0.004371  0.094067  -0.010643  0.999102  -0.041306  -0.009469  0.011930  0.059759  0.998142  -0.040664  -0.997358  0.060198  0.002240  0.000287  -0.001077  0.000000  0.000000  0.000000  2.000000  
202.430586 0.004374  0.094068  -0.010643  0.999102  -0.041307  -0.009464  0.011930  0.059880  0.998134  -0.040664  -0.997351  0.060319  0.002350  0.000364  -0.001134  0.000000  0.000000  0.000000  2.000000  
202.431818 0.004377  0.094069  -0.010643  0.999105  -0.041187  -0.009672  0.012136  0.059994  0.998125  -0.040530  -0.997349  0.060441  0.002455  0.000443  -0.001112  0.000000  0.000000  0.000000  2.000000  
202.432819 0.004380  0.094070  -0.010643  0.999105  -0.041189  -0.009667  0.012136  0.060115  0.998118  -0.040530  -0.997341  0.060562  0.002517  0.000497  -0.001072  0.000000  0.000000  0.000000  2.000000  
202.434069 0.004385  0.094072  -0.010643  0.999102  -0.041202  -0.009868  0.012342  0.060228  0.998108  -0.040530  -0.997334  0.060683  0.002635  0.000586  -0.000949  0.000000  0.000000  0.000000  2.000000  
202.435315 0.004389  0.094074  -0.010642  0.999102  -0.041203  -0.009863  0.012342  0.060349  0.998101  -0.040530  -0.997327  0.060803  0.002670  0.000659  -0.000840  0.000000  0.000000  0.000000  2.000000  
202.436573 0.004393  0.094076  -0.010641  0.999100  -0.041217  -0.010063  0.012547  0.060462  0.998092  -0.040530  -0.997319  0.060924  0.002773  0.000779  -0.000733  0.000000  0.000000  0.000000  2.000000  
202.437817 0.004398  0.094079  -0.010640  0.999105  -0.041086  -0.010062  0.012548  0.060706  0.998077  -0.040396  -0.997310  0.061167  0.002854  0.000906  -0.000555  0.000000  0.000000  0.000000  2.000000  
202.438817 0.004402  0.094082  -0.010638  0.999105  -0.041087  -0.010057  0.012548  0.060827  0.998069  -0.040396  -0.997302  0.061288  0.002967  0.001102  -0.000273  0.000000  0.000000  0.000000  2.000000  
202.439817 0.004405  0.094084  -0.010637  0.999105  -0.041088  -0.010052  0.012548  0.060948  0.998062  -0.040396  -0.997295  0.061409  0.003087  0.001219  -0.000013  0.000000  0.000000  0.000000  2.000000  
202.441065 0.004410  0.094087  -0.010634  0.999105  -0.041091  -0.010042  0.012548  0.061190  0.998047  -0.040396  -0.997280  0.061651  0.003239  0.001401  0.000291  0.000000  0.000000  0.000000  2.000000  
202.442065 0.004414  0.094090  -0.010632  0.999105  -0.041092  -0.010037  0.012548  0.061311  0.998040  -0.040396  -0.997272  0.061772  0.003312  0.001593  0.000544  0.000000  0.000000  0.000000  2.000000  
202.443075 0.004418  0.094093  -0.010629  0.999105  -0.041093  -0.010032  0.012548  0.061432  0.998032  -0.040396  -0.997265  0.061893  0.003399  0.001789  0.000827  0.000000  0.000000  0.000000  2.000000  
202.444319 0.004423  0.094098  -0.010626  0.999108  -0.041083  -0.009816  0.012342  0.061682  0.998020  -0.040396  -0.997250  0.062134  0.003550  0.002056  0.001109  0.000000  0.000000  0.000000  2.000000  
202.445326 0.004428  0.094101  -0.010623  0.999108  -0.041084  -0.009811  0.012342  0.061804  0.998012  -0.040396  -0.997242  0.062255  0.003696  0.002264  0.001396  0.000000  0.000000  0.000000  2.000000  
202.446570 0.004434  0.094107  -0.010619  0.999108  -0.041087  -0.009801  0.012342  0.062046  0.997997  -0.040396  -0.997227  0.062497  0.003821  0.002493  0.001614  0.000000  0.000000  0.000000  2.000000  
202.447573 0.004439  0.094111  -0.010616  0.999108  -0.041088  -0.009796  0.012342  0.062167  0.997989  -0.040396  -0.997220  0.062618  0.003971  0.002727  0.001863  0.000000  0.000000  0.000000  2.000000  
202.448821 0.004446  0.094116  -0.010611  0.999110  -0.041077  -0.009581  0.012136  0.062417  0.997976  -0.040396  -0.997204  0.062860  0.004138  0.003004  0.002180  0.000000  0.000000  0.000000  2.000000  
202.450069 0.004452  0.094122  -0.010605  0.999110  -0.041080  -0.009571  0.012136  0.062659  0.997961  -0.040396  -0.997189  0.063102  0.004305  0.003280  0.002496  0.000000  0.000000  0.000000  2.000000  
202.451319 0.004459  0.094128  -0.010599  0.999110  -0.041082  -0.009561  0.012136  0.062901  0.997946  -0.040396  -0.997174  0.063344  0.004470  0.003539  0.002859  0.000000  0.000000  0.000000  2.000000  
202.452567 0.004467  0.094134  -0.010593  0.999113  -0.041071  -0.009345  0.011930  0.063152  0.997933  -0.040396  -0.997158  0.063586  0.004668  0.003732  0.003119  0.000000  0.000000  0.000000  2.000000  
202.453568 0.004472  0.094139  -0.010588  0.999113  -0.041074  -0.009336  0.011930  0.063394  0.997917  -0.040396  -0.997143  0.063828  0.004771  0.003877  0.003357  0.000000  0.000000  0.000000  2.000000  
202.454581 0.004478  0.094144  -0.010583  0.999113  -0.041075  -0.009331  0.011930  0.063515  0.997910  -0.040396  -0.997135  0.063949  0.004911  0.004081  0.003621  0.000000  0.000000  0.000000  2.000000  
202.455815 0.004485  0.094151  -0.010577  0.999115  -0.041064  -0.009115  0.011725  0.063766  0.997896  -0.040396  -0.997120  0.064191  0.005078  0.004244  0.003853  0.000000  0.000000  0.000000  2.000000  
202.456870 0.004491  0.094155  -0.010572  0.999115  -0.041066  -0.009105  0.011725  0.064008  0.997881  -0.040396  -0.997104  0.064433  0.005199  0.004389  0.004068  0.000000  0.000000  0.000000  2.000000  
202.458073 0.004499  0.094162  -0.010567  0.999115  -0.041068  -0.009095  0.011725  0.064250  0.997865  -0.040396  -0.997088  0.064674  0.005402  0.004574  0.004191  0.000000  0.000000  0.000000  2.000000  
202.459090 0.004505  0.094167  -0.010562  0.999115  -0.041070  -0.009085  0.011725  0.064492  0.997849  -0.040396  -0.997073  0.064916  0.005542  0.004679  0.004340  0.000000  0.000000  0.000000  2.000000  
202.460327 0.004513  0.094174  -0.010557  0.999115  -0.041073  -0.009075  0.011725  0.064734  0.997834  -0.040396  -0.997057  0.065158  0.005673  0.004813  0.004379  0.000000  0.000000  0.000000  2.000000  
202.461575 0.004520  0.094180  -0.010553  0.999117  -0.041061  -0.008860  0.011519  0.064985  0.997820  -0.040396  -0.997041  0.065400  0.005768  0.004916  0.004395  0.000000  0.000000  0.000000  2.000000  
202.462818 0.004528  0.094186  -0.010550  0.999117  -0.041064  -0.008850  0.011519  0.065227  0.997804  -0.040396  -0.997025  0.065642  0.005855  0.004968  0.004365  -0.170657  -0.020248  0.005750  2.000000  
202.463818 0.004534  0.094191  -0.010546  0.999117  -0.041066  -0.008840  0.011519  0.065469  0.997788  -0.040396  -0.997009  0.065884  0.005893  0.005011  0.004292  -0.174976  -0.027090  0.006188  2.000000  
202.464821 0.004540  0.094197  -0.010543  0.999117  -0.041067  -0.008835  0.011519  0.065590  0.997780  -0.040396  -0.997001  0.066005  0.005957  0.005056  0.004210  -0.176416  -0.027313  0.006243  2.000000  
202.466069 0.004548  0.094203  -0.010539  0.999123  -0.040936  -0.008834  0.011519  0.065833  0.997764  -0.040263  -0.996991  0.066247  0.006016  0.005100  0.004115  -0.180771  -0.033925  0.011175  2.000000  
202.467321 0.004555  0.094210  -0.010535  0.999123  -0.040938  -0.008824  0.011519  0.066075  0.997748  -0.040263  -0.996975  0.066489  0.006014  0.005107  0.003935  -0.184863  -0.033926  0.011182  2.000000  
202.468565 0.004562  0.094215  -0.010531  0.999123  -0.040941  -0.008809  0.011519  0.066438  0.997724  -0.040263  -0.996950  0.066852  0.005973  0.005066  0.003777  -0.191459  -0.033935  0.006649  2.000000  
202.469574 0.004567  0.094220  -0.010529  0.999123  -0.040942  -0.008804  0.011519  0.066559  0.997716  -0.040263  -0.996942  0.066973  0.005942  0.005030  0.003626  -0.188904  -0.034204  0.006708  2.000000  
202.470817 0.004573  0.094226  -0.010525  0.999123  -0.040944  -0.008794  0.011519  0.066801  0.997700  -0.040263  -0.996926  0.067214  0.005879  0.005008  0.003398  -0.188932  -0.034207  0.006717  2.000000  
202.472065 0.004580  0.094231  -0.010522  0.999123  -0.040947  -0.008779  0.011519  0.067164  0.997675  -0.040263  -0.996901  0.067577  0.005819  0.004993  0.003275  -0.195462  -0.033924  0.006670  2.000000  
202.473067 0.004585  0.094236  -0.010519  0.999123  -0.040948  -0.008774  0.011519  0.067285  0.997667  -0.040263  -0.996893  0.067698  0.005713  0.004959  0.003199  -0.195512  -0.033932  0.006676  2.000000  
202.474315 0.004591  0.094242  -0.010515  0.999120  -0.040964  -0.008970  0.011725  0.067519  0.997649  -0.040263  -0.996877  0.067940  0.005621  0.004942  0.003045  -0.194928  -0.020239  0.005790  2.000000  
202.475320 0.004596  0.094247  -0.010512  0.999126  -0.040833  -0.008969  0.011725  0.067763  0.997633  -0.040129  -0.996866  0.068182  0.005512  0.004888  0.003013  -0.198989  -0.019949  0.010246  2.000000  
202.476325 0.004600  0.094251  -0.010510  0.999126  -0.040835  -0.008959  0.011725  0.068005  0.997616  -0.040129  -0.996849  0.068424  0.005411  0.004828  0.002935  -0.200587  -0.020106  0.010333  2.000000  
202.477326 0.004604  0.094255  -0.010507  0.999126  -0.040838  -0.008949  0.011725  0.068247  0.997600  -0.040129  -0.996832  0.068666  0.005266  0.004742  0.002881  -0.204677  -0.020106  0.010337  2.000000  
202.478575 0.004610  0.094260  -0.010505  0.999126  -0.040840  -0.008939  0.011725  0.068489  0.997583  -0.040129  -0.996816  0.068908  0.005124  0.004660  0.002829  -0.204388  -0.013204  0.009886  2.000000  
202.479820 0.004615  0.094265  -0.010502  0.999126  -0.040843  -0.008924  0.011725  0.068852  0.997558  -0.040129  -0.996790  0.069270  0.005011  0.004558  0.002764  -0.208489  -0.013202  0.009891  2.000000  
202.480822 0.004619  0.094268  -0.010500  0.999131  -0.040712  -0.008924  0.011725  0.069095  0.997541  -0.039995  -0.996779  0.069513  0.004821  0.004389  0.002632  -0.208460  -0.012899  0.014379  2.000000  
202.482071 0.004623  0.094272  -0.010497  0.999131  -0.040714  -0.008914  0.011725  0.069337  0.997524  -0.039995  -0.996762  0.069754  0.004615  0.004232  0.002585  -0.208191  -0.005998  0.013922  2.000000  
202.483319 0.004628  0.094276  -0.010494  0.999131  -0.040717  -0.008899  0.011725  0.069700  0.997499  -0.039995  -0.996737  0.070117  0.004480  0.004125  0.002541  -0.212280  -0.005994  0.013925  2.000000  
202.484581 0.004632  0.094280  -0.010492  0.999136  -0.040586  -0.008899  0.011725  0.069944  0.997482  -0.039861  -0.996725  0.070359  0.004330  0.003943  0.002495  -0.214569  -0.005642  0.018261  2.000000  
202.485826 0.004636  0.094283  -0.010488  0.999136  -0.040589  -0.008884  0.011725  0.070307  0.997457  -0.039861  -0.996699  0.070722  0.004177  0.003788  0.002442  -0.216025  0.001215  0.017943  2.000000  
202.487072 0.004641  0.094286  -0.010485  0.999136  -0.040591  -0.008874  0.011725  0.070549  0.997439  -0.039861  -0.996682  0.070964  0.004057  0.003616  0.002461  -0.216046  0.001220  0.017944  2.000000  
202.488320 0.004645  0.094289  -0.010481  0.999142  -0.040460  -0.008874  0.011725  0.070792  0.997422  -0.039728  -0.996670  0.071206  0.003898  0.003439  0.002452  -0.216158  0.001531  0.022442  2.000000  
202.489320 0.004648  0.094291  -0.010478  0.999142  -0.040462  -0.008864  0.011725  0.071034  0.997405  -0.039728  -0.996653  0.071448  0.003785  0.003273  0.002476  -0.218339  0.001522  0.022248  2.000000  
202.490585 0.004652  0.094294  -0.010474  0.999147  -0.040331  -0.008864  0.011725  0.071278  0.997388  -0.039594  -0.996641  0.071690  0.003643  0.003094  0.002524  -0.215990  0.001849  0.026908  2.000000  
202.491821 0.004655  0.094297  -0.010470  0.999147  -0.040333  -0.008854  0.011725  0.071520  0.997370  -0.039594  -0.996623  0.071932  0.003506  0.002950  0.002572  -0.215789  0.008753  0.026442  2.000000  
202.492830 0.004658  0.094300  -0.010467  0.999152  -0.040202  -0.008854  0.011725  0.071763  0.997353  -0.039460  -0.996611  0.072174  0.003425  0.002856  0.002656  -0.215755  0.009068  0.030921  2.000000  
202.494070 0.004661  0.094303  -0.010463  0.999155  -0.040189  -0.008639  0.011520  0.072013  0.997337  -0.039460  -0.996594  0.072416  0.003283  0.002691  0.002748  -0.218353  0.002161  0.031147  2.000000  
202.495070 0.004663  0.094304  -0.010460  0.999155  -0.040192  -0.008629  0.011520  0.072255  0.997320  -0.039460  -0.996576  0.072657  0.003146  0.002564  0.002749  -0.220177  0.002186  0.031407  2.000000  
202.496072 0.004666  0.094306  -0.010457  0.999155  -0.040194  -0.008619  0.011520  0.072497  0.997302  -0.039460  -0.996558  0.072899  0.003036  0.002444  0.002814  -0.220132  0.001880  0.026914  2.000000  
202.497321 0.004668  0.094308  -0.010454  0.999160  -0.040062  -0.008619  0.011520  0.072741  0.997284  -0.039327  -0.996546  0.073141  0.002909  0.002296  0.002826  -0.220138  0.002201  0.031400  2.000000  
202.498584 0.004670  0.094309  -0.010451  0.999160  -0.040065  -0.008609  0.011520  0.072983  0.997267  -0.039327  -0.996528  0.073383  0.002725  0.002140  0.002837  -0.220038  0.002208  0.031386  2.000000  
202.499820 0.004673  0.094311  -0.010448  0.999165  -0.039933  -0.008610  0.011520  0.073226  0.997249  -0.039193  -0.996516  0.073625  0.002608  0.002045  0.002896  -0.220135  0.002533  0.035885  2.000000  
202.500822 0.004674  0.094313  -0.010446  0.999165  -0.039935  -0.008600  0.011520  0.073468  0.997231  -0.039193  -0.996498  0.073867  0.002536  0.001985  0.002830  -0.220151  0.002542  0.035887  2.000000  
202.501823 0.004676  0.094314  -0.010444  0.999165  -0.039937  -0.008590  0.011520  0.073710  0.997213  -0.039193  -0.996480  0.074109  0.002387  0.001877  0.002749  -0.220106  0.002550  0.035879  2.000000  
202.503069 0.004678  0.094315  -0.010441  0.999165  -0.039940  -0.008581  0.011520  0.073952  0.997195  -0.039193  -0.996462  0.074350  0.002276  0.001795  0.002700  -0.220163  0.002560  0.035887  2.000000  
202.504070 0.004680  0.094317  -0.010440  0.999168  -0.039925  -0.008370  0.011314  0.074081  0.997188  -0.039193  -0.996453  0.074471  0.002178  0.001707  0.002566  -0.220685  -0.011228  0.036868  2.000000  
202.505315 0.004682  0.094318  -0.010438  0.999173  -0.039794  -0.008371  0.011314  0.074325  0.997170  -0.039059  -0.996440  0.074713  0.002072  0.001573  0.002440  -0.218912  -0.011129  0.036575  2.000000  
202.506320 0.004684  0.094318  -0.010437  0.999173  -0.039796  -0.008361  0.011314  0.074567  0.997152  -0.039059  -0.996422  0.074955  0.001976  0.001460  0.002292  -0.218912  -0.011121  0.036577  2.000000  
202.507565 0.004685  0.094319  -0.010435  0.999173  -0.039797  -0.008356  0.011314  0.074687  0.997143  -0.039059  -0.996413  0.075076  0.001877  0.001328  0.002189  -0.214984  -0.011120  0.036599  2.000000  
202.508820 0.004687  0.094320  -0.010433  0.999178  -0.039666  -0.008357  0.011314  0.074931  0.997125  -0.038926  -0.996400  0.075318  0.001750  0.001188  0.002021  -0.212543  -0.010869  0.041366  2.000000  
202.509825 0.004688  0.094320  -0.010432  0.999178  -0.039668  -0.008347  0.011314  0.075173  0.997106  -0.038926  -0.996381  0.075560  0.001682  0.001083  0.001939  -0.212510  -0.011183  0.036878  2.000000  
202.511070 0.004690  0.094320  -0.010430  0.999178  -0.039669  -0.008342  0.011314  0.075294  0.997097  -0.038926  -0.996372  0.075681  0.001623  0.000974  0.001818  -0.204419  -0.011177  0.036892  2.000000  
202.512323 0.004691  0.094321  -0.010429  0.999178  -0.039671  -0.008333  0.011314  0.075536  0.997079  -0.038926  -0.996354  0.075922  0.001533  0.000845  0.001642  -0.204464  -0.011171  0.036903  2.000000  
202.513572 0.004692  0.094320  -0.010428  0.999178  -0.039672  -0.008328  0.011314  0.075657  0.997070  -0.038926  -0.996344  0.076043  0.001437  0.000706  0.001576  -0.196225  -0.011486  0.032406  2.000000  
202.514586 0.004692  0.094320  -0.010427  0.999178  -0.039674  -0.008318  0.011314  0.075898  0.997051  -0.038926  -0.996326  0.076285  0.001333  0.000595  0.001386  -0.196127  -0.011473  0.032392  2.000000  
202.515821 0.004693  0.094320  -0.010426  0.999178  -0.039675  -0.008313  0.011314  0.076019  0.997042  -0.038926  -0.996317  0.076406  0.001273  0.000507  0.001299  -0.190604  -0.011380  0.032150  2.000000  
202.517069 0.004694  0.094320  -0.010426  0.999178  -0.039677  -0.008304  0.011314  0.076261  0.997024  -0.038926  -0.996298  0.076647  0.001178  0.000371  0.001116  -0.190589  -0.011372  0.032150  2.000000  
202.518321 0.004695  0.094320  -0.010426  0.999178  -0.039678  -0.008299  0.011314  0.076382  0.997014  -0.038926  -0.996289  0.076768  0.001068  0.000259  0.001001  -0.184009  -0.011791  0.027934  2.000000  
202.519321 0.004695  0.094319  -0.010426  0.999178  -0.039679  -0.008294  0.011314  0.076503  0.997005  -0.038926  -0.996280  0.076889  0.000990  0.000174  0.000907  -0.184004  -0.011787  0.027934  2.000000  
202.520322 0.004696  0.094319  -0.010427  0.999178  -0.039680  -0.008289  0.011314  0.076624  0.996996  -0.038926  -0.996270  0.077010  0.000891  0.000060  0.000756  -0.180014  -0.012123  0.023463  2.000000  
202.521570 0.004696  0.094319  -0.010426  0.999178  -0.039681  -0.008284  0.011314  0.076745  0.996987  -0.038926  -0.996261  0.077131  0.000791  0.000001  0.000687  -0.174411  -0.012014  0.023262  2.000000  
202.522579 0.004696  0.094318  -0.010427  0.999178  -0.039682  -0.008280  0.011314  0.076866  0.996977  -0.038926  -0.996251  0.077252  0.000684  -0.000091  0.000528  -0.171797  -0.012446  0.018975  2.000000  
202.523818 0.004696  0.094317  -0.010427  0.999176  -0.039700  -0.008475  0.011520  0.077100  0.996957  -0.038926  -0.996233  0.077493  0.000626  -0.000146  0.000446  -0.170114  -0.005501  0.018307  2.000000  
202.524856 0.004696  0.094317  -0.010427  0.999176  -0.039701  -0.008470  0.011520  0.077221  0.996947  -0.038926  -0.996223  0.077614  0.000486  -0.000264  0.000309  0.000000  0.000000  0.000000  2.000000  
202.526072 0.004696  0.094316  -0.010427  0.999176  -0.039702  -0.008466  0.011520  0.077341  0.996938  -0.038926  -0.996214  0.077735  0.000399  -0.000327  0.000205  0.000000  0.000000  0.000000  2.000000  
202.527325 0.004695  0.094315  -0.010426  0.999176  -0.039703  -0.008461  0.011520  0.077462  0.996929  -0.038926  -0.996204  0.077856  0.000287  -0.000383  0.000172  0.000000  0.000000  0.000000  2.000000  
202.528571 0.004695  0.094313  -0.010427  0.999176  -0.039704  -0.008456  0.011520  0.077583  0.996919  -0.038926  -0.996195  0.077977  0.000205  -0.000460  0.000076  0.000000  0.000000  0.000000  2.000000  
202.529573 0.004694  0.094312  -0.010427  0.999176  -0.039705  -0.008451  0.011520  0.077704  0.996910  -0.038926  -0.996186  0.078098  0.000145  -0.000514  0.000037  0.000000  0.000000  0.000000  2.000000  
202.530581 0.004694  0.094312  -0.010426  0.999176  -0.039706  -0.008446  0.011520  0.077825  0.996900  -0.038926  -0.996176  0.078218  0.000035  -0.000578  0.000004  0.000000  0.000000  0.000000  2.000000  
202.531820 0.004694  0.094311  -0.010427  0.999176  -0.039707  -0.008442  0.011520  0.077946  0.996891  -0.038926  -0.996167  0.078339  -0.000034  -0.000600  -0.000044  0.000000  0.000000  0.000000  2.000000  
202.532821 0.004693  0.094310  -0.010427  0.999176  -0.039707  -0.008442  0.011520  0.077946  0.996891  -0.038926  -0.996167  0.078339  -0.000075  -0.000625  -0.000028  0.000000  0.000000  0.000000  2.000000  
202.534069 0.004693  0.094309  -0.010427  0.999176  -0.039708  -0.008437  0.011520  0.078067  0.996882  -0.038926  -0.996157  0.078460  -0.000189  -0.000692  -0.000062  0.000000  0.000000  0.000000  2.000000  
202.535072 0.004692  0.094309  -0.010427  0.999176  -0.039709  -0.008432  0.011520  0.078188  0.996872  -0.038926  -0.996148  0.078581  -0.000240  -0.000693  -0.000056  0.000000  0.000000  0.000000  2.000000  
202.536315 0.004691  0.094308  -0.010428  0.999176  -0.039710  -0.008427  0.011520  0.078309  0.996863  -0.038926  -0.996138  0.078702  -0.000334  -0.000740  -0.000122  0.000000  0.000000  0.000000  2.000000  
202.537320 0.004690  0.094307  -0.010429  0.999176  -0.039710  -0.008427  0.011520  0.078309  0.996863  -0.038926  -0.996138  0.078702  -0.000391  -0.000755  -0.000118  0.000000  0.000000  0.000000  2.000000  
202.538579 0.004689  0.094306  -0.010429  0.999176  -0.039711  -0.008422  0.011520  0.078430  0.996853  -0.038926  -0.996128  0.078823  -0.000468  -0.000762  -0.000176  0.000000  0.000000  0.000000  2.000000  
202.539818 0.004688  0.094305  -0.010430  0.999176  -0.039712  -0.008417  0.011520  0.078551  0.996844  -0.038926  -0.996119  0.078943  -0.000531  -0.000783  -0.000222  0.000000  0.000000  0.000000  2.000000  
202.540826 0.004688  0.094305  -0.010430  0.999176  -0.039713  -0.008413  0.011520  0.078672  0.996834  -0.038926  -0.996109  0.079064  -0.000547  -0.000737  -0.000239  0.000000  0.000000  0.000000  2.000000  
202.542067 0.004686  0.094304  -0.010431  0.999176  -0.039713  -0.008413  0.011520  0.078672  0.996834  -0.038926  -0.996109  0.079064  -0.000620  -0.000725  -0.000340  0.000000  0.000000  0.000000  2.000000  
202.543087 0.004686  0.094304  -0.010432  0.999181  -0.039581  -0.008418  0.011520  0.078794  0.996824  -0.038792  -0.996105  0.079185  -0.000647  -0.000690  -0.000364  0.000000  0.000000  0.000000  2.000000  
202.544320 0.004684  0.094303  -0.010433  0.999181  -0.039581  -0.008418  0.011520  0.078794  0.996824  -0.038792  -0.996105  0.079185  -0.000684  -0.000661  -0.000396  0.000000  0.000000  0.000000  2.000000  
202.545320 0.004684  0.094303  -0.010433  0.999181  -0.039582  -0.008414  0.011520  0.078915  0.996815  -0.038792  -0.996095  0.079306  -0.000667  -0.000569  -0.000438  0.000000  0.000000  0.000000  2.000000  
202.546582 0.004683  0.094303  -0.010433  0.999181  -0.039583  -0.008409  0.011520  0.079036  0.996805  -0.038792  -0.996086  0.079427  -0.000686  -0.000555  -0.000454  0.000000  0.000000  0.000000  2.000000  
202.547819 0.004682  0.094302  -0.010433  0.999181  -0.039583  -0.008409  0.011520  0.079036  0.996805  -0.038792  -0.996086  0.079427  -0.000734  -0.000526  -0.000450  0.000000  0.000000  0.000000  2.000000  
202.548820 0.004682  0.094302  -0.010434  0.999181  -0.039584  -0.008404  0.011520  0.079157  0.996796  -0.038792  -0.996076  0.079548  -0.000713  -0.000476  -0.000439  0.000000  0.000000  0.000000  2.000000  
202.550069 0.004681  0.094302  -0.010434  0.999181  -0.039584  -0.008404  0.011520  0.079157  0.996796  -0.038792  -0.996076  0.079548  -0.000730  -0.000431  -0.000457  0.000000  0.000000  0.000000  2.000000  
202.551072 0.004680  0.094301  -0.010435  0.999181  -0.039585  -0.008399  0.011520  0.079278  0.996786  -0.038792  -0.996066  0.079669  -0.000730  -0.000440  -0.000500  0.000000  0.000000  0.000000  2.000000  
202.552315 0.004680  0.094301  -0.010436  0.999186  -0.039452  -0.008410  0.011520  0.079279  0.996786  -0.038658  -0.996071  0.079669  -0.000697  -0.000384  -0.000482  0.000000  0.000000  0.000000  2.000000  
202.553317 0.004679  0.094300  -0.010437  0.999186  -0.039452  -0.008410  0.011520  0.079279  0.996786  -0.038658  -0.996071  0.079669  -0.000697  -0.000393  -0.000526  0.000000  0.000000  0.000000  2.000000  
202.554320 0.004679  0.094300  -0.010437  0.999186  -0.039453  -0.008405  0.011520  0.079400  0.996776  -0.038658  -0.996062  0.079790  -0.000666  -0.000366  -0.000505  0.000000  0.000000  0.000000  2.000000  
202.555566 0.004678  0.094299  -0.010438  0.999186  -0.039453  -0.008405  0.011520  0.079400  0.996776  -0.038658  -0.996062  0.079790  -0.000643  -0.000362  -0.000532  0.000000  0.000000  0.000000  2.000000  
202.556571 0.004677  0.094299  -0.010440  0.999186  -0.039453  -0.008405  0.011520  0.079400  0.996776  -0.038658  -0.996062  0.079790  -0.000642  -0.000371  -0.000576  0.000000  0.000000  0.000000  2.000000  
202.557815 0.004677  0.094298  -0.010441  0.999186  -0.039454  -0.008400  0.011520  0.079521  0.996767  -0.038658  -0.996052  0.079911  -0.000600  -0.000393  -0.000628  0.000000  0.000000  0.000000  2.000000  
202.558817 0.004676  0.094297  -0.010442  0.999191  -0.039320  -0.008411  0.011520  0.079523  0.996767  -0.038524  -0.996057  0.079911  -0.000617  -0.000422  -0.000682  0.000000  0.000000  0.000000  2.000000  
202.559829 0.004675  0.094296  -0.010443  0.999191  -0.039320  -0.008411  0.011520  0.079523  0.996767  -0.038524  -0.996057  0.079911  -0.000607  -0.000454  -0.000719  0.000000  0.000000  0.000000  2.000000  
202.561075 0.004674  0.094295  -0.010445  0.999191  -0.039320  -0.008411  0.011520  0.079523  0.996767  -0.038524  -0.996057  0.079911  -0.000617  -0.000507  -0.000765  0.000000  0.000000  0.000000  2.000000  
202.562319 0.004674  0.094294  -0.010446  0.999191  -0.039320  -0.008411  0.011520  0.079523  0.996767  -0.038524  -0.996057  0.079911  -0.000593  -0.000556  -0.000868  0.000000  0.000000  0.000000  2.000000  
202.563320 0.004673  0.094293  -0.010447  0.999191  -0.039322  -0.008406  0.011520  0.079643  0.996757  -0.038524  -0.996048  0.080032  -0.000586  -0.000612  -0.000864  0.000000  0.000000  0.000000  2.000000  
202.564360 0.004672  0.094292  -0.010448  0.999196  -0.039188  -0.008417  0.011520  0.079645  0.996757  -0.038391  -0.996053  0.080032  -0.000633  -0.000667  -0.000937  0.000000  0.000000  0.000000  2.000000  
202.565575 0.004671  0.094290  -0.010449  0.999196  -0.039188  -0.008417  0.011520  0.079645  0.996757  -0.038391  -0.996053  0.080032  -0.000666  -0.000772  -0.000995  0.000000  0.000000  0.000000  2.000000  
202.566819 0.004670  0.094289  -0.010450  0.999196  -0.039188  -0.008417  0.011520  0.079645  0.996757  -0.038391  -0.996053  0.080032  -0.000691  -0.000843  -0.000962  0.000000  0.000000  0.000000  2.000000  
202.568067 0.004668  0.094287  -0.010452  0.999196  -0.039188  -0.008417  0.011520  0.079645  0.996757  -0.038391  -0.996053  0.080032  -0.000750  -0.000935  -0.001030  0.000000  0.000000  0.000000  2.000000  
202.569321 0.004667  0.094285  -0.010452  0.999196  -0.039189  -0.008412  0.011520  0.079766  0.996747  -0.038391  -0.996043  0.080153  -0.000766  -0.000972  -0.001004  0.000000  0.000000  0.000000  2.000000  
202.570582 0.004665  0.094283  -0.010453  0.999202  -0.039056  -0.008423  0.011520  0.079767  0.996747  -0.038257  -0.996048  0.080154  -0.000841  -0.001042  -0.000962  0.000000  0.000000  0.000000  2.000000  
202.571817 0.004663  0.094281  -0.010455  0.999202  -0.039056  -0.008423  0.011520  0.079767  0.996747  -0.038257  -0.996048  0.080154  -0.000931  -0.001179  -0.001007  0.000000  0.000000  0.000000  2.000000  
202.572824 0.004662  0.094279  -0.010456  0.999202  -0.039056  -0.008423  0.011520  0.079767  0.996747  -0.038257  -0.996048  0.080154  -0.000980  -0.001246  -0.000998  0.000000  0.000000  0.000000  2.000000  
202.574065 0.004660  0.094277  -0.010458  0.999202  -0.039056  -0.008423  0.011520  0.079767  0.996747  -0.038257  -0.996048  0.080154  -0.001054  -0.001307  -0.001041  0.000000  0.000000  0.000000  2.000000  
202.575070 0.004658  0.094275  -0.010459  0.999202  -0.039056  -0.008423  0.011520  0.079767  0.996747  -0.038257  -0.996048  0.080154  -0.001117  -0.001380  -0.001036  0.000000  0.000000  0.000000  2.000000  
202.576073 0.004657  0.094274  -0.010461  0.999202  -0.039056  -0.008423  0.011520  0.079767  0.996747  -0.038257  -0.996048  0.080154  -0.001177  -0.001434  -0.001075  0.000000  0.000000  0.000000  2.000000  
202.577077 0.004655  0.094271  -0.010462  0.999202  -0.039056  -0.008423  0.011520  0.079767  0.996747  -0.038257  -0.996048  0.080154  -0.001303  -0.001557  -0.001072  0.000000  0.000000  0.000000  2.000000  
202.578322 0.004652  0.094269  -0.010463  0.999207  -0.038923  -0.008434  0.011520  0.079769  0.996747  -0.038123  -0.996053  0.080154  -0.001377  -0.001610  -0.001076  0.000000  0.000000  0.000000  2.000000  
202.579571 0.004650  0.094266  -0.010465  0.999207  -0.038923  -0.008434  0.011520  0.079769  0.996747  -0.038123  -0.996053  0.080154  -0.001466  -0.001714  -0.001128  0.000000  0.000000  0.000000  2.000000  
202.580572 0.004648  0.094264  -0.010466  0.999207  -0.038923  -0.008434  0.011520  0.079769  0.996747  -0.038123  -0.996053  0.080154  -0.001507  -0.001738  -0.001112  0.000000  0.000000  0.000000  2.000000  
202.581574 0.004646  0.094262  -0.010467  0.999207  -0.038923  -0.008434  0.011520  0.079769  0.996747  -0.038123  -0.996053  0.080154  -0.001597  -0.001818  -0.001170  0.000000  0.000000  0.000000  2.000000  
202.582574 0.004644  0.094260  -0.010469  0.999207  -0.038923  -0.008434  0.011520  0.079769  0.996747  -0.038123  -0.996053  0.080154  -0.001653  -0.001875  -0.001209  0.000000  0.000000  0.000000  2.000000  
202.583575 0.004642  0.094257  -0.010469  0.999207  -0.038923  -0.008434  0.011520  0.079769  0.996747  -0.038123  -0.996053  0.080154  -0.001738  -0.001924  -0.001178  0.000000  0.000000  0.000000  2.000000  
202.584586 0.004640  0.094255  -0.010470  0.999207  -0.038923  -0.008434  0.011520  0.079769  0.996747  -0.038123  -0.996053  0.080154  -0.001758  -0.001973  -0.001188  0.000000  0.000000  0.000000  2.000000  
202.585819 0.004637  0.094252  -0.010471  0.999207  -0.038923  -0.008434  0.011520  0.079769  0.996747  -0.038123  -0.996053  0.080154  -0.001835  -0.002029  -0.001194  0.000000  0.000000  0.000000  2.000000  
202.586819 0.004635  0.094250  -0.010473  0.999214  -0.038773  -0.008239  0.011314  0.079778  0.996748  -0.037990  -0.996058  0.080154  -0.001867  -0.002074  -0.001168  0.000000  0.000000  0.000000  2.000000  
202.588070 0.004633  0.094247  -0.010474  0.999214  -0.038773  -0.008239  0.011314  0.079778  0.996748  -0.037990  -0.996058  0.080154  -0.001931  -0.002149  -0.001163  0.000000  0.000000  0.000000  2.000000  
202.589315 0.004630  0.094244  -0.010475  0.999214  -0.038773  -0.008239  0.011314  0.079778  0.996748  -0.037990  -0.996058  0.080154  -0.001963  -0.002188  -0.001139  0.000000  0.000000  0.000000  2.000000  
202.590315 0.004628  0.094242  -0.010476  0.999214  -0.038773  -0.008239  0.011314  0.079778  0.996748  -0.037990  -0.996058  0.080154  -0.001975  -0.002186  -0.001105  0.000000  0.000000  0.000000  2.000000  
202.591318 0.004626  0.094240  -0.010477  0.999214  -0.038773  -0.008239  0.011314  0.079778  0.996748  -0.037990  -0.996058  0.080154  -0.001979  -0.002206  -0.001061  0.000000  0.000000  0.000000  2.000000  
202.592320 0.004624  0.094238  -0.010478  0.999214  -0.038773  -0.008239  0.011314  0.079778  0.996748  -0.037990  -0.996058  0.080154  -0.001982  -0.002225  -0.001017  0.000000  0.000000  0.000000  2.000000  
202.593325 0.004622  0.094235  -0.010479  0.999214  -0.038773  -0.008239  0.011314  0.079778  0.996748  -0.037990  -0.996058  0.080154  -0.002016  -0.002264  -0.001034  0.000000  0.000000  0.000000  2.000000  
202.594589 0.004620  0.094233  -0.010480  0.999214  -0.038773  -0.008239  0.011314  0.079778  0.996748  -0.037990  -0.996058  0.080154  -0.002013  -0.002260  -0.001033  0.000000  0.000000  0.000000  2.000000  
202.595820 0.004617  0.094229  -0.010481  0.999216  -0.038757  -0.008034  0.011109  0.079786  0.996750  -0.037990  -0.996058  0.080154  -0.002045  -0.002299  -0.001012  0.000000  0.000000  0.000000  2.000000  
202.597069 0.004615  0.094227  -0.010483  0.999216  -0.038757  -0.008034  0.011109  0.079786  0.996750  -0.037990  -0.996058  0.080154  -0.002024  -0.002250  -0.001001  0.000000  0.000000  0.000000  2.000000  
202.598319 0.004613  0.094225  -0.010484  0.999216  -0.038757  -0.008034  0.011109  0.079786  0.996750  -0.037990  -0.996058  0.080154  -0.001967  -0.002206  -0.000959  0.000000  0.000000  0.000000  2.000000  
202.599320 0.004611  0.094223  -0.010485  0.999216  -0.038757  -0.008034  0.011109  0.079786  0.996750  -0.037990  -0.996058  0.080154  -0.001977  -0.002184  -0.000969  0.000000  0.000000  0.000000  2.000000  
202.600321 0.004609  0.094221  -0.010485  0.999216  -0.038757  -0.008034  0.011109  0.079786  0.996750  -0.037990  -0.996058  0.080154  -0.001936  -0.002177  -0.000939  0.000000  0.000000  0.000000  2.000000  
202.601573 0.004607  0.094218  -0.010486  0.999221  -0.038623  -0.008045  0.011109  0.079788  0.996750  -0.037856  -0.996063  0.080155  -0.001916  -0.002140  -0.000888  0.000000  0.000000  0.000000  2.000000  
202.602581 0.004606  0.094217  -0.010487  0.999224  -0.038607  -0.007839  0.010903  0.079796  0.996752  -0.037856  -0.996063  0.080155  -0.001843  -0.002093  -0.000878  0.000000  0.000000  0.000000  2.000000  
202.603817 0.004604  0.094215  -0.010487  0.999224  -0.038607  -0.007839  0.010903  0.079796  0.996752  -0.037856  -0.996063  0.080155  -0.001835  -0.002036  -0.000839  0.000000  0.000000  0.000000  2.000000  
202.604818 0.004602  0.094213  -0.010488  0.999224  -0.038607  -0.007839  0.010903  0.079796  0.996752  -0.037856  -0.996063  0.080155  -0.001792  -0.002011  -0.000854  0.000000  0.000000  0.000000  2.000000  
202.606065 0.004601  0.094211  -0.010488  0.999224  -0.038607  -0.007839  0.010903  0.079796  0.996752  -0.037856  -0.996063  0.080155  -0.001715  -0.001928  -0.000761  0.000000  0.000000  0.000000  2.000000  
202.607067 0.004600  0.094210  -0.010489  0.999224  -0.038607  -0.007839  0.010903  0.079796  0.996752  -0.037856  -0.996063  0.080155  -0.001688  -0.001863  -0.000788  0.000000  0.000000  0.000000  2.000000  
202.608071 0.004598  0.094209  -0.010490  0.999226  -0.038591  -0.007634  0.010697  0.079804  0.996753  -0.037856  -0.996063  0.080155  -0.001630  -0.001805  -0.000755  0.000000  0.000000  0.000000  2.000000  
202.609322 0.004597  0.094207  -0.010491  0.999226  -0.038591  -0.007634  0.010697  0.079804  0.996753  -0.037856  -0.996063  0.080155  -0.001546  -0.001705  -0.000699  0.000000  0.000000  0.000000  2.000000  
202.610323 0.004596  0.094206  -0.010491  0.999226  -0.038591  -0.007634  0.010697  0.079804  0.996753  -0.037856  -0.996063  0.080155  -0.001441  -0.001623  -0.000674  0.000000  0.000000  0.000000  2.000000  
202.611572 0.004595  0.094205  -0.010492  0.999231  -0.038457  -0.007645  0.010697  0.079805  0.996753  -0.037722  -0.996068  0.080155  -0.001404  -0.001525  -0.000661  0.000000  0.000000  0.000000  2.000000  
202.612573 0.004594  0.094204  -0.010493  0.999231  -0.038457  -0.007645  0.010697  0.079805  0.996753  -0.037722  -0.996068  0.080155  -0.001332  -0.001447  -0.000657  0.000000  0.000000  0.000000  2.000000  
202.613819 0.004593  0.094203  -0.010494  0.999233  -0.038441  -0.007440  0.010492  0.079813  0.996755  -0.037722  -0.996068  0.080155  -0.001247  -0.001350  -0.000652  0.000000  0.000000  0.000000  2.000000  
202.614893 0.004593  0.094203  -0.010494  0.999233  -0.038441  -0.007440  0.010492  0.079813  0.996755  -0.037722  -0.996068  0.080155  -0.001138  -0.001237  -0.000625  0.000000  0.000000  0.000000  2.000000  
202.616070 0.004592  0.094202  -0.010495  0.999233  -0.038441  -0.007440  0.010492  0.079813  0.996755  -0.037722  -0.996068  0.080155  -0.001060  -0.001138  -0.000578  0.000000  0.000000  0.000000  2.000000  
202.617075 0.004591  0.094202  -0.010496  0.999233  -0.038441  -0.007440  0.010492  0.079813  0.996755  -0.037722  -0.996068  0.080155  -0.000992  -0.001043  -0.000627  0.000000  0.000000  0.000000  2.000000  
202.618320 0.004591  0.094202  -0.010496  0.999238  -0.038308  -0.007450  0.010492  0.079815  0.996755  -0.037589  -0.996073  0.080156  -0.000853  -0.000898  -0.000583  0.000000  0.000000  0.000000  2.000000  
202.619570 0.004591  0.094202  -0.010496  0.999238  -0.038308  -0.007450  0.010492  0.079815  0.996755  -0.037589  -0.996073  0.080156  -0.000781  -0.000773  -0.000543  0.000000  0.000000  0.000000  2.000000  
202.620821 0.004591  0.094202  -0.010496  0.999238  -0.038308  -0.007450  0.010492  0.079815  0.996755  -0.037589  -0.996073  0.080156  -0.000685  -0.000610  -0.000535  0.000000  0.000000  0.000000  2.000000  
202.622070 0.004591  0.094202  -0.010496  0.999238  -0.038308  -0.007450  0.010492  0.079815  0.996755  -0.037589  -0.996073  0.080156  -0.000563  -0.000501  -0.000456  0.000000  0.000000  0.000000  2.000000  
202.623320 0.004591  0.094203  -0.010496  0.999243  -0.038174  -0.007461  0.010492  0.079816  0.996754  -0.037455  -0.996078  0.080156  -0.000489  -0.000373  -0.000415  0.000000  0.000000  0.000000  2.000000  
202.624321 0.004590  0.094203  -0.010496  0.999243  -0.038174  -0.007461  0.010492  0.079816  0.996754  -0.037455  -0.996078  0.080156  -0.000433  -0.000311  -0.000334  0.000000  0.000000  0.000000  2.000000  
202.625571 0.004591  0.094203  -0.010496  0.999243  -0.038174  -0.007461  0.010492  0.079816  0.996754  -0.037455  -0.996078  0.080156  -0.000330  -0.000158  -0.000275  0.000000  0.000000  0.000000  2.000000  
