1-Time 2-Px 3-Py 4-Pz 5-R11 6-R21 7-R31 8-R12 9-R22 10-R32 11-R13 12-R23 13-R33 14-Vx 15-Vy 16-Vz 17-Wx 18-Wy 19-Wz 20-state 21-PR11 22-PR21 23-PR31 24-PR12 25-PR22 26-PR32 27-PR13 28-PR23 29-PR33 
105.207327 0.014949  0.098075  -0.036075  0.983270  0.137042  -0.119995  -0.129896  0.989361  0.065507  0.127696  -0.048824  0.990611  0.000082  0.000274  0.001057  0.000000  0.000000  0.000000  2.000000  
105.208331 0.014949  0.098076  -0.036074  0.983254  0.137063  -0.120110  -0.129894  0.989353  0.065644  0.127828  -0.048943  0.990588  0.000082  0.000274  0.001057  0.000000  0.000000  0.000000  2.000000  
105.209581 0.014953  0.098077  -0.036072  0.983122  0.137693  -0.120464  -0.130494  0.989265  0.065770  0.128227  -0.048940  0.990537  0.000337  0.000332  0.001122  0.000000  0.000000  0.000000  2.000000  
105.210833 0.014958  0.098078  -0.036070  0.982973  0.138359  -0.120915  -0.131093  0.989160  0.066155  0.128757  -0.049177  0.990456  0.000639  0.000391  0.001216  0.000000  0.000000  0.000000  2.000000  
105.212076 0.014963  0.098078  -0.036068  0.982851  0.138822  -0.121379  -0.131488  0.989084  0.066515  0.129288  -0.049414  0.990375  0.000992  0.000366  0.001239  0.000000  0.000000  0.000000  2.000000  
105.213081 0.014968  0.098078  -0.036067  0.982772  0.139075  -0.121726  -0.131684  0.989036  0.066833  0.129686  -0.049652  0.990311  0.001363  0.000312  0.001221  0.000000  0.000000  0.000000  2.000000  
105.214081 0.014974  0.098077  -0.036066  0.982622  0.139727  -0.122193  -0.132281  0.988939  0.067098  0.130217  -0.049768  0.990236  0.001738  0.000259  0.001206  0.000000  0.000000  0.000000  2.000000  
105.215341 0.014982  0.098077  -0.036065  0.982398  0.140808  -0.122746  -0.133281  0.988773  0.067553  0.130880  -0.050004  0.990136  0.002271  0.000261  0.001195  0.000000  0.000000  0.000000  2.000000  
105.216576 0.014989  0.098077  -0.036063  0.982146  0.142077  -0.123301  -0.134482  0.988586  0.067914  0.131543  -0.050120  0.990043  0.002728  0.000235  0.001184  0.000000  0.000000  0.000000  2.000000  
105.217578 0.014995  0.098078  -0.036062  0.981965  0.142933  -0.123753  -0.135281  0.988457  0.068208  0.132074  -0.050236  0.989966  0.003158  0.000239  0.001256  0.068211  0.139293  0.185578  2.000000  
105.218579 0.015001  0.098080  -0.036060  0.981811  0.143585  -0.124218  -0.135878  0.988356  0.068477  0.132604  -0.050353  0.989889  0.003541  0.000352  0.001257  0.075034  0.156209  0.207026  2.000000  
105.219583 0.015008  0.098083  -0.036061  0.981639  0.144244  -0.124814  -0.136472  0.988254  0.068765  0.133267  -0.050468  0.989794  0.003988  0.000546  0.001157  0.081882  0.177613  0.228699  2.000000  
105.220586 0.015014  0.098085  -0.036062  0.981438  0.145106  -0.125396  -0.137268  0.988122  0.069079  0.133930  -0.050584  0.989699  0.004391  0.000739  0.001028  0.090548  0.198312  0.264055  2.000000  
105.221834 0.015023  0.098090  -0.036061  0.981200  0.145982  -0.126239  -0.138059  0.987987  0.069431  0.134858  -0.050698  0.989567  0.004995  0.000992  0.001030  0.098375  0.228350  0.293030  2.000000  
105.222834 0.015032  0.098094  -0.036060  0.980996  0.146844  -0.126819  -0.138854  0.987854  0.069748  0.135521  -0.050813  0.989471  0.005607  0.001245  0.000986  0.106177  0.249381  0.321529  2.000000  
105.223836 0.015041  0.098098  -0.036061  0.980792  0.147707  -0.127399  -0.139649  0.987719  0.070065  0.136184  -0.050928  0.989374  0.006080  0.001494  0.000856  0.113989  0.270390  0.350004  2.000000  
105.224840 0.015052  0.098103  -0.036060  0.980597  0.148373  -0.128124  -0.140239  0.987613  0.070376  0.136979  -0.051043  0.989258  0.006565  0.001715  0.000733  0.120946  0.296269  0.371906  2.000000  
105.226086 0.015065  0.098108  -0.036056  0.980382  0.149061  -0.128962  -0.140827  0.987498  0.070827  0.137907  -0.051276  0.989117  0.007134  0.002026  0.000814  0.132016  0.326606  0.394044  2.000000  
105.227334 0.015079  0.098111  -0.036052  0.980214  0.149540  -0.129682  -0.141214  0.987413  0.071233  0.138702  -0.051510  0.988994  0.007691  0.002228  0.001029  0.142188  0.352869  0.409204  2.000000  
105.228578 0.015094  0.098112  -0.036046  0.979979  0.150236  -0.130649  -0.141798  0.987295  0.071704  0.139762  -0.051742  0.988832  0.008168  0.002257  0.001347  0.153351  0.387764  0.431663  2.000000  
105.229578 0.015105  0.098111  -0.036043  0.979780  0.150919  -0.131354  -0.142387  0.987179  0.072138  0.140557  -0.051976  0.988707  0.008547  0.002272  0.001519  0.164446  0.413595  0.453588  2.000000  
105.230831 0.015119  0.098109  -0.036038  0.979572  0.151413  -0.132335  -0.142769  0.987091  0.072584  0.141616  -0.052208  0.988544  0.008914  0.002132  0.001710  0.174661  0.448684  0.469051  2.000000  
105.232076 0.015131  0.098106  -0.036031  0.979411  0.151697  -0.133199  -0.142952  0.987035  0.072985  0.142544  -0.052441  0.988398  0.009339  0.001957  0.002091  0.184106  0.480100  0.477925  2.000000  
105.233076 0.015141  0.098102  -0.036027  0.979298  0.151771  -0.133947  -0.142935  0.987011  0.073339  0.143338  -0.052675  0.988271  0.009522  0.001575  0.002296  0.192353  0.506760  0.479113  2.000000  
105.234085 0.015152  0.098098  -0.036023  0.979192  0.152018  -0.134437  -0.143125  0.986967  0.073562  0.143868  -0.052790  0.988188  0.009811  0.001144  0.002546  0.201527  0.524270  0.486770  2.000000  
105.235343 0.015165  0.098094  -0.036018  0.979048  0.152280  -0.135188  -0.143310  0.986920  0.073825  0.144662  -0.052904  0.988066  0.010224  0.000589  0.002955  0.206632  0.550572  0.494774  2.000000  
105.236580 0.015178  0.098092  -0.036013  0.978942  0.152544  -0.135659  -0.143501  0.986867  0.074169  0.145192  -0.053140  0.987975  0.010457  0.000206  0.003229  0.215976  0.568447  0.502886  2.000000  
105.237584 0.015187  0.098090  -0.036009  0.978865  0.152588  -0.136164  -0.143489  0.986854  0.074365  0.145721  -0.053255  0.987891  0.010535  -0.000173  0.003398  0.220187  0.586405  0.503851  2.000000  
105.238832 0.015200  0.098090  -0.036002  0.978817  0.152430  -0.136684  -0.143276  0.986872  0.074533  0.146251  -0.053371  0.987807  0.010635  -0.000571  0.003920  0.218470  0.596009  0.490649  2.000000  
105.240080 0.015213  0.098090  -0.035994  0.978769  0.152288  -0.137185  -0.143064  0.986881  0.074821  0.146780  -0.053606  0.987716  0.010619  -0.001019  0.004423  0.218032  0.597703  0.456506  2.000000  
105.241083 0.015223  0.098090  -0.035986  0.978691  0.152333  -0.137690  -0.143052  0.986868  0.075017  0.147309  -0.053722  0.987630  0.010520  -0.001182  0.004731  0.212284  0.598370  0.442921  2.000000  
105.242345 0.015233  0.098088  -0.035976  0.978662  0.152168  -0.138079  -0.142842  0.986887  0.075166  0.147706  -0.053838  0.987565  0.010191  -0.001588  0.005090  0.205417  0.594569  0.422022  2.000000  
105.243580 0.015242  0.098086  -0.035964  0.978603  0.152207  -0.138453  -0.142834  0.986875  0.075343  0.148103  -0.053955  0.987499  0.009858  -0.001720  0.005485  0.199688  0.590981  0.408368  2.000000  
105.244835 0.015250  0.098081  -0.035952  0.978574  0.152042  -0.138842  -0.142624  0.986894  0.075491  0.148500  -0.054071  0.987433  0.009439  -0.001987  0.006044  0.189989  0.584003  0.366869  2.000000  
105.246079 0.015256  0.098075  -0.035941  0.978564  0.151870  -0.139101  -0.142416  0.986914  0.075620  0.148765  -0.054189  0.987387  0.009016  -0.002275  0.006387  0.183397  0.573125  0.318384  2.000000  
105.247332 0.015261  0.098067  -0.035928  0.978524  0.151901  -0.139344  -0.142411  0.986903  0.075778  0.149030  -0.054307  0.987340  0.008520  -0.002475  0.006868  0.178178  0.561000  0.288258  2.000000  
105.248578 0.015266  0.098059  -0.035914  0.978485  0.151915  -0.139605  -0.142405  0.986901  0.075816  0.149294  -0.054304  0.987300  0.007984  -0.002725  0.007314  0.170362  0.548982  0.260389  2.000000  
105.249581 0.015270  0.098054  -0.035904  0.978465  0.151939  -0.139718  -0.142402  0.986890  0.075955  0.149427  -0.054423  0.987274  0.007473  -0.002848  0.007867  0.167549  0.532228  0.239149  2.000000  
105.250832 0.015274  0.098046  -0.035890  0.978454  0.151751  -0.139995  -0.142195  0.986919  0.075964  0.149691  -0.054421  0.987234  0.006918  -0.003143  0.008416  0.157780  0.516573  0.197520  2.000000  
105.251834 0.015276  0.098040  -0.035879  0.978464  0.151572  -0.140123  -0.141990  0.986940  0.076074  0.149823  -0.054539  0.987207  0.006439  -0.003436  0.008873  0.154244  0.495682  0.163565  2.000000  
105.252834 0.015280  0.098035  -0.035869  0.978444  0.151579  -0.140253  -0.141988  0.986939  0.076093  0.149956  -0.054538  0.987187  0.005922  -0.003682  0.009306  0.146257  0.479126  0.135262  2.000000  
105.253837 0.015282  0.098031  -0.035860  0.978444  0.151596  -0.140235  -0.141988  0.986930  0.076213  0.149956  -0.054658  0.987181  0.005372  -0.003986  0.009482  0.143346  0.457827  0.113620  2.000000  
105.255081 0.015286  0.098026  -0.035849  0.978444  0.151596  -0.140235  -0.141988  0.986930  0.076213  0.149956  -0.054658  0.987181  0.004755  -0.004350  0.009669  0.131393  0.428278  0.084718  2.000000  
105.256082 0.015288  0.098021  -0.035841  0.978444  0.151596  -0.140235  -0.141988  0.986930  0.076213  0.149956  -0.054658  0.987181  0.004343  -0.004603  0.009664  0.124184  0.402786  0.069203  2.000000  
105.257084 0.015289  0.098016  -0.035832  0.978444  0.151596  -0.140235  -0.141988  0.986930  0.076213  0.149956  -0.054658  0.987181  0.003825  -0.004940  0.009740  0.115076  0.379891  0.054697  2.000000  
105.258348 0.015290  0.098008  -0.035821  0.978493  0.151403  -0.140102  -0.141789  0.986953  0.076285  0.149823  -0.054779  0.987194  0.003259  -0.005267  0.009693  0.106936  0.340711  0.025219  2.000000  
105.259581 0.015290  0.098000  -0.035812  0.978493  0.151403  -0.140102  -0.141789  0.986953  0.076285  0.149823  -0.054779  0.987194  0.002699  -0.005476  0.009537  0.091766  0.306126  0.002845  2.000000  
105.260827 0.015288  0.097991  -0.035802  0.978493  0.151403  -0.140102  -0.141789  0.986953  0.076285  0.149823  -0.054779  0.987194  0.002210  -0.005659  0.009420  0.084961  0.277614  -0.012166  2.000000  
105.262083 0.015287  0.097981  -0.035790  0.978542  0.151192  -0.139987  -0.141590  0.986985  0.076237  0.149691  -0.054780  0.987214  0.001763  -0.005816  0.009368  0.071388  0.235729  -0.028323  2.000000  
105.263330 0.015287  0.097971  -0.035776  0.978571  0.150989  -0.140002  -0.141389  0.987016  0.076208  0.149691  -0.054780  0.987214  0.001412  -0.005989  0.009430  0.065738  0.211892  -0.036063  2.000000  
105.264331 0.015287  0.097964  -0.035764  0.978571  0.150989  -0.140002  -0.141389  0.987016  0.076208  0.149691  -0.054780  0.987214  0.001138  -0.006066  0.009504  0.057088  0.187070  -0.044633  2.000000  
105.265341 0.015288  0.097958  -0.035752  0.978591  0.150982  -0.139872  -0.141392  0.987018  0.076189  0.149559  -0.054781  0.987234  0.001020  -0.006033  0.009524  0.000000  0.000000  0.000000  2.000000  
105.266576 0.015289  0.097951  -0.035740  0.978620  0.150778  -0.139887  -0.141190  0.987049  0.076160  0.149559  -0.054781  0.987234  0.000905  -0.006045  0.009450  0.000000  0.000000  0.000000  2.000000  
105.267578 0.015291  0.097946  -0.035731  0.978620  0.150761  -0.139906  -0.141190  0.987058  0.076041  0.149559  -0.054661  0.987241  0.000815  -0.006048  0.009397  0.000000  0.000000  0.000000  2.000000  
105.268581 0.015293  0.097941  -0.035722  0.978620  0.150761  -0.139906  -0.141190  0.987058  0.076041  0.149559  -0.054661  0.987241  0.000722  -0.006100  0.009395  0.000000  0.000000  0.000000  2.000000  
105.269831 0.015296  0.097935  -0.035712  0.978649  0.150558  -0.139921  -0.140989  0.987089  0.076012  0.149559  -0.054661  0.987241  0.000688  -0.006159  0.009308  0.000000  0.000000  0.000000  2.000000  
105.270834 0.015299  0.097930  -0.035704  0.978678  0.150355  -0.139937  -0.140787  0.987120  0.075983  0.149559  -0.054661  0.987241  0.000714  -0.006155  0.009282  0.000000  0.000000  0.000000  2.000000  
105.271835 0.015302  0.097926  -0.035697  0.978678  0.150355  -0.139937  -0.140787  0.987120  0.075983  0.149559  -0.054661  0.987241  0.000828  -0.006109  0.009108  0.000000  0.000000  0.000000  2.000000  
105.273081 0.015305  0.097920  -0.035688  0.978678  0.150355  -0.139937  -0.140787  0.987120  0.075983  0.149559  -0.054661  0.987241  0.001022  -0.006030  0.009003  0.000000  0.000000  0.000000  2.000000  
105.274343 0.015309  0.097913  -0.035679  0.978707  0.150152  -0.139953  -0.140586  0.987151  0.075954  0.149559  -0.054661  0.987241  0.001300  -0.005905  0.009022  0.000000  0.000000  0.000000  2.000000  
105.275346 0.015311  0.097907  -0.035672  0.978707  0.150135  -0.139971  -0.140586  0.987160  0.075834  0.149559  -0.054542  0.987247  0.001520  -0.005823  0.008867  0.000000  0.000000  0.000000  2.000000  
105.276580 0.015315  0.097899  -0.035665  0.978756  0.149924  -0.139856  -0.140387  0.987192  0.075787  0.149427  -0.054543  0.987267  0.001868  -0.005694  0.008660  0.000000  0.000000  0.000000  2.000000  
105.277581 0.015318  0.097894  -0.035659  0.978756  0.149941  -0.139837  -0.140387  0.987183  0.075907  0.149427  -0.054663  0.987261  0.002129  -0.005536  0.008242  0.000000  0.000000  0.000000  2.000000  
105.278829 0.015322  0.097886  -0.035653  0.978736  0.149949  -0.139968  -0.140384  0.987182  0.075925  0.149559  -0.054661  0.987241  0.002421  -0.005410  0.007694  0.000000  0.000000  0.000000  2.000000  
105.279832 0.015326  0.097882  -0.035648  0.978736  0.149949  -0.139968  -0.140384  0.987182  0.075925  0.149559  -0.054661  0.987241  0.002637  -0.005300  0.007342  0.000000  0.000000  0.000000  2.000000  
105.281076 0.015332  0.097876  -0.035641  0.978716  0.149956  -0.140099  -0.140382  0.987181  0.075944  0.149691  -0.054660  0.987221  0.002894  -0.005145  0.006932  0.000000  0.000000  0.000000  2.000000  
105.282339 0.015338  0.097872  -0.035634  0.978716  0.149956  -0.140099  -0.140382  0.987181  0.075944  0.149691  -0.054660  0.987221  0.003205  -0.004961  0.006537  0.000000  0.000000  0.000000  2.000000  
105.283580 0.015346  0.097870  -0.035626  0.978668  0.150166  -0.140214  -0.140580  0.987149  0.075992  0.149823  -0.054659  0.987201  0.003524  -0.004746  0.006384  0.000000  0.000000  0.000000  2.000000  
105.284829 0.015353  0.097868  -0.035618  0.978648  0.150174  -0.140345  -0.140577  0.987148  0.076010  0.149956  -0.054658  0.987181  0.003821  -0.004448  0.006252  0.000000  0.000000  0.000000  2.000000  
105.285836 0.015359  0.097866  -0.035611  0.978619  0.150377  -0.140329  -0.140779  0.987117  0.076039  0.149956  -0.054658  0.987181  0.004007  -0.004248  0.006205  0.000000  0.000000  0.000000  2.000000  
105.287084 0.015365  0.097865  -0.035603  0.978619  0.150377  -0.140329  -0.140779  0.987117  0.076039  0.149956  -0.054658  0.987181  0.004190  -0.004012  0.006126  0.000000  0.000000  0.000000  2.000000  
105.288334 0.015372  0.097863  -0.035595  0.978570  0.150570  -0.140462  -0.140978  0.987094  0.075967  0.150088  -0.054537  0.987167  0.004431  -0.003694  0.006016  0.000000  0.000000  0.000000  2.000000  
105.289354 0.015377  0.097861  -0.035590  0.978570  0.150570  -0.140462  -0.140978  0.987094  0.075967  0.150088  -0.054537  0.987167  0.004546  -0.003414  0.005855  0.000000  0.000000  0.000000  2.000000  
105.290582 0.015382  0.097858  -0.035586  0.978521  0.150781  -0.140578  -0.141176  0.987062  0.076015  0.150220  -0.054536  0.987147  0.004706  -0.003091  0.005637  0.000000  0.000000  0.000000  2.000000  
105.291584 0.015386  0.097856  -0.035582  0.978492  0.150984  -0.140562  -0.141378  0.987031  0.076044  0.150220  -0.054536  0.987147  0.004795  -0.002843  0.005462  0.000000  0.000000  0.000000  2.000000  
105.292832 0.015392  0.097853  -0.035577  0.978463  0.151187  -0.140546  -0.141579  0.987000  0.076073  0.150220  -0.054536  0.987147  0.004909  -0.002605  0.005362  0.000000  0.000000  0.000000  2.000000  
105.294120 0.015398  0.097851  -0.035573  0.978434  0.151390  -0.140531  -0.141780  0.986968  0.076102  0.150220  -0.054536  0.987147  0.004969  -0.002286  0.005209  0.000000  0.000000  0.000000  2.000000  
105.295344 0.015405  0.097848  -0.035568  0.978414  0.151414  -0.140643  -0.141778  0.986958  0.076241  0.150353  -0.054655  0.987121  0.005063  -0.002043  0.005091  0.000000  0.000000  0.000000  2.000000  
105.296579 0.015411  0.097846  -0.035564  0.978384  0.151618  -0.140627  -0.141979  0.986927  0.076270  0.150353  -0.054655  0.987121  0.005106  -0.001883  0.004884  0.000000  0.000000  0.000000  2.000000  
105.297581 0.015417  0.097844  -0.035561  0.978335  0.151845  -0.140724  -0.142177  0.986885  0.076437  0.150485  -0.054773  0.987094  0.005098  -0.001831  0.004734  0.000000  0.000000  0.000000  2.000000  
105.298831 0.015423  0.097842  -0.035557  0.978306  0.152048  -0.140708  -0.142379  0.986854  0.076466  0.150485  -0.054773  0.987094  0.005068  -0.001778  0.004497  0.000000  0.000000  0.000000  2.000000  
105.300076 0.015429  0.097840  -0.035553  0.978306  0.152048  -0.140708  -0.142379  0.986854  0.076466  0.150485  -0.054773  0.987094  0.004979  -0.001815  0.004246  0.000000  0.000000  0.000000  2.000000  
105.301078 0.015435  0.097839  -0.035549  0.978257  0.152259  -0.140823  -0.142577  0.986822  0.076514  0.150617  -0.054772  0.987074  0.004970  -0.001846  0.003994  0.000000  0.000000  0.000000  2.000000  
105.302082 0.015439  0.097837  -0.035547  0.978257  0.152259  -0.140823  -0.142577  0.986822  0.076514  0.150617  -0.054772  0.987074  0.004903  -0.001852  0.003757  0.000000  0.000000  0.000000  2.000000  
105.303333 0.015445  0.097834  -0.035542  0.978227  0.152462  -0.140807  -0.142779  0.986790  0.076543  0.150617  -0.054772  0.987074  0.004850  -0.001886  0.003527  0.000000  0.000000  0.000000  2.000000  
105.304337 0.015449  0.097832  -0.035539  0.978227  0.152462  -0.140807  -0.142779  0.986790  0.076543  0.150617  -0.054772  0.987074  0.004818  -0.001974  0.003404  0.000000  0.000000  0.000000  2.000000  
105.305345 0.015452  0.097830  -0.035537  0.978198  0.152665  -0.140791  -0.142980  0.986759  0.076572  0.150617  -0.054772  0.987074  0.004764  -0.001923  0.003331  0.000000  0.000000  0.000000  2.000000  
105.306583 0.015457  0.097826  -0.035532  0.978178  0.152672  -0.140922  -0.142977  0.986758  0.076591  0.150749  -0.054771  0.987054  0.004711  -0.001946  0.003338  0.000000  0.000000  0.000000  2.000000  
105.307833 0.015462  0.097825  -0.035528  0.978178  0.152672  -0.140922  -0.142977  0.986758  0.076591  0.150749  -0.054771  0.987054  0.004659  -0.001898  0.003317  0.000000  0.000000  0.000000  2.000000  
105.309080 0.015466  0.097822  -0.035523  0.978178  0.152672  -0.140922  -0.142977  0.986758  0.076591  0.150749  -0.054771  0.987054  0.004551  -0.001897  0.003339  0.000000  0.000000  0.000000  2.000000  
105.310081 0.015470  0.097820  -0.035520  0.978178  0.152672  -0.140922  -0.142977  0.986758  0.076591  0.150749  -0.054771  0.987054  0.004419  -0.001900  0.003314  0.000000  0.000000  0.000000  2.000000  
105.311326 0.015474  0.097818  -0.035516  0.978149  0.152875  -0.140906  -0.143179  0.986727  0.076620  0.150749  -0.054771  0.987054  0.004287  -0.001866  0.003320  0.000000  0.000000  0.000000  2.000000  
105.312331 0.015476  0.097816  -0.035514  0.978149  0.152893  -0.140888  -0.143179  0.986717  0.076740  0.150749  -0.054891  0.987047  0.004034  -0.001901  0.003220  0.000000  0.000000  0.000000  2.000000  
105.313581 0.015479  0.097813  -0.035511  0.978149  0.152893  -0.140888  -0.143179  0.986717  0.076740  0.150749  -0.054891  0.987047  0.003829  -0.001960  0.003135  0.000000  0.000000  0.000000  2.000000  
105.314830 0.015482  0.097811  -0.035509  0.978149  0.152893  -0.140888  -0.143179  0.986717  0.076740  0.150749  -0.054891  0.987047  0.003588  -0.002021  0.002930  0.000000  0.000000  0.000000  2.000000  
105.316076 0.015484  0.097807  -0.035508  0.978168  0.152885  -0.140757  -0.143182  0.986718  0.076721  0.150617  -0.054892  0.987067  0.003309  -0.002101  0.002784  0.000000  0.000000  0.000000  2.000000  
105.317335 0.015486  0.097804  -0.035504  0.978168  0.152885  -0.140757  -0.143182  0.986718  0.076721  0.150617  -0.054892  0.987067  0.003052  -0.002157  0.002764  0.000000  0.000000  0.000000  2.000000  
105.318587 0.015488  0.097800  -0.035502  0.978198  0.152699  -0.140754  -0.142980  0.986740  0.076812  0.150617  -0.055012  0.987060  0.002778  -0.002197  0.002654  0.000000  0.000000  0.000000  2.000000  
105.319831 0.015489  0.097796  -0.035499  0.978198  0.152699  -0.140754  -0.142980  0.986740  0.076812  0.150617  -0.055012  0.987060  0.002564  -0.002299  0.002592  0.000000  0.000000  0.000000  2.000000  
105.320834 0.015489  0.097793  -0.035497  0.978198  0.152699  -0.140754  -0.142980  0.986740  0.076812  0.150617  -0.055012  0.987060  0.002296  -0.002369  0.002486  0.000000  0.000000  0.000000  2.000000  
105.321835 0.015490  0.097789  -0.035495  0.978198  0.152699  -0.140754  -0.142980  0.986740  0.076812  0.150617  -0.055012  0.987060  0.002121  -0.002440  0.002449  0.000000  0.000000  0.000000  2.000000  
105.323083 0.015491  0.097786  -0.035493  0.978218  0.152692  -0.140624  -0.142983  0.986741  0.076792  0.150485  -0.055013  0.987080  0.001862  -0.002554  0.002277  0.000000  0.000000  0.000000  2.000000  
105.324333 0.015491  0.097782  -0.035490  0.978218  0.152692  -0.140624  -0.142983  0.986741  0.076792  0.150485  -0.055013  0.987080  0.001556  -0.002658  0.002098  0.000000  0.000000  0.000000  2.000000  
105.325345 0.015491  0.097779  -0.035489  0.978218  0.152692  -0.140624  -0.142983  0.986741  0.076792  0.150485  -0.055013  0.987080  0.001355  -0.002716  0.001966  0.000000  0.000000  0.000000  2.000000  
105.326581 0.015491  0.097776  -0.035487  0.978218  0.152692  -0.140624  -0.142983  0.986741  0.076792  0.150485  -0.055013  0.987080  0.001105  -0.002777  0.001855  0.000000  0.000000  0.000000  2.000000  
105.327584 0.015491  0.097774  -0.035485  0.978218  0.152709  -0.140605  -0.142983  0.986732  0.076912  0.150485  -0.055133  0.987074  0.000925  -0.002805  0.001837  0.000000  0.000000  0.000000  2.000000  
105.328834 0.015491  0.097771  -0.035484  0.978218  0.152709  -0.140605  -0.142983  0.986732  0.076912  0.150485  -0.055133  0.987074  0.000718  -0.002777  0.001807  0.000000  0.000000  0.000000  2.000000  
105.330082 0.015490  0.097768  -0.035482  0.978218  0.152709  -0.140605  -0.142983  0.986732  0.076912  0.150485  -0.055133  0.987074  0.000480  -0.002782  0.001757  0.000000  0.000000  0.000000  2.000000  
105.331333 0.015490  0.097766  -0.035480  0.978218  0.152709  -0.140605  -0.142983  0.986732  0.076912  0.150485  -0.055133  0.987074  0.000344  -0.002721  0.001822  0.000000  0.000000  0.000000  2.000000  
105.332581 0.015489  0.097763  -0.035478  0.978218  0.152709  -0.140605  -0.142983  0.986732  0.076912  0.150485  -0.055133  0.987074  0.000167  -0.002706  0.001731  0.000000  0.000000  0.000000  2.000000  
105.333831 0.015488  0.097761  -0.035477  0.978238  0.152702  -0.140475  -0.142986  0.986733  0.076893  0.150353  -0.055134  0.987094  0.000012  -0.002572  0.001642  0.000000  0.000000  0.000000  2.000000  
105.335088 0.015488  0.097759  -0.035475  0.978238  0.152702  -0.140475  -0.142986  0.986733  0.076893  0.150353  -0.055134  0.987094  -0.000076  -0.002420  0.001576  0.000000  0.000000  0.000000  2.000000  
105.336335 0.015487  0.097757  -0.035474  0.978238  0.152702  -0.140475  -0.142986  0.986733  0.076893  0.150353  -0.055134  0.987094  -0.000159  -0.002299  0.001502  0.000000  0.000000  0.000000  2.000000  
105.337336 0.015487  0.097755  -0.035473  0.978238  0.152719  -0.140456  -0.142986  0.986724  0.077013  0.150353  -0.055253  0.987087  -0.000206  -0.002192  0.001432  0.000000  0.000000  0.000000  2.000000  
105.338346 0.015488  0.097754  -0.035472  0.978238  0.152719  -0.140456  -0.142986  0.986724  0.077013  0.150353  -0.055253  0.987087  -0.000201  -0.002033  0.001373  0.000000  0.000000  0.000000  2.000000  
105.339583 0.015488  0.097753  -0.035470  0.978238  0.152719  -0.140456  -0.142986  0.986724  0.077013  0.150353  -0.055253  0.987087  -0.000172  -0.001895  0.001353  0.000000  0.000000  0.000000  2.000000  
105.340830 0.015489  0.097752  -0.035467  0.978238  0.152719  -0.140456  -0.142986  0.986724  0.077013  0.150353  -0.055253  0.987087  -0.000148  -0.001755  0.001377  0.000000  0.000000  0.000000  2.000000  
105.341831 0.015490  0.097752  -0.035465  0.978238  0.152719  -0.140456  -0.142986  0.986724  0.077013  0.150353  -0.055253  0.987087  -0.000078  -0.001587  0.001406  0.000000  0.000000  0.000000  2.000000  
105.342832 0.015491  0.097752  -0.035463  0.978238  0.152736  -0.140437  -0.142986  0.986715  0.077132  0.150353  -0.055373  0.987080  -0.000010  -0.001448  0.001458  0.000000  0.000000  0.000000  2.000000  
105.344082 0.015492  0.097751  -0.035461  0.978238  0.152736  -0.140437  -0.142986  0.986715  0.077132  0.150353  -0.055373  0.987080  0.000097  -0.001304  0.001512  0.000000  0.000000  0.000000  2.000000  
105.345344 0.015493  0.097751  -0.035458  0.978238  0.152736  -0.140437  -0.142986  0.986715  0.077132  0.150353  -0.055373  0.987080  0.000204  -0.001134  0.001540  0.000000  0.000000  0.000000  2.000000  
105.346398 0.015494  0.097751  -0.035456  0.978228  0.152932  -0.140291  -0.143190  0.986684  0.077142  0.150220  -0.055374  0.987101  0.000303  -0.000961  0.001609  0.000000  0.000000  0.000000  2.000000  
105.347578 0.015495  0.097751  -0.035454  0.978228  0.152949  -0.140272  -0.143190  0.986675  0.077262  0.150220  -0.055494  0.987094  0.000374  -0.000812  0.001596  0.000000  0.000000  0.000000  2.000000  
105.348578 0.015495  0.097752  -0.035452  0.978228  0.152949  -0.140272  -0.143190  0.986675  0.077262  0.150220  -0.055494  0.987094  0.000473  -0.000630  0.001646  0.000000  0.000000  0.000000  2.000000  
105.349578 0.015496  0.097752  -0.035451  0.978228  0.152949  -0.140272  -0.143190  0.986675  0.077262  0.150220  -0.055494  0.987094  0.000521  -0.000537  0.001610  0.000000  0.000000  0.000000  2.000000  
105.350580 0.015496  0.097753  -0.035449  0.978199  0.153152  -0.140256  -0.143392  0.986643  0.077291  0.150220  -0.055494  0.987094  0.000594  -0.000315  0.001671  0.000000  0.000000  0.000000  2.000000  
105.351848 0.015498  0.097754  -0.035446  0.978199  0.153169  -0.140238  -0.143392  0.986634  0.077410  0.150220  -0.055614  0.987087  0.000703  -0.000065  0.001827  0.000000  0.000000  0.000000  2.000000  
105.353081 0.015498  0.097757  -0.035443  0.978199  0.153169  -0.140238  -0.143392  0.986634  0.077410  0.150220  -0.055614  0.987087  0.000728  0.000130  0.001882  0.000000  0.000000  0.000000  2.000000  
105.354083 0.015499  0.097758  -0.035441  0.978169  0.153389  -0.140203  -0.143593  0.986593  0.077559  0.150220  -0.055734  0.987080  0.000732  0.000297  0.001944  0.000000  0.000000  0.000000  2.000000  
105.355345 0.015499  0.097760  -0.035437  0.978169  0.153389  -0.140203  -0.143593  0.986593  0.077559  0.150220  -0.055734  0.987080  0.000715  0.000528  0.002071  0.000000  0.000000  0.000000  2.000000  
105.356583 0.015500  0.097762  -0.035434  0.978140  0.153609  -0.140169  -0.143794  0.986552  0.077707  0.150220  -0.055853  0.987074  0.000675  0.000697  0.002107  0.000000  0.000000  0.000000  2.000000  
105.357834 0.015500  0.097764  -0.035431  0.978120  0.153616  -0.140299  -0.143792  0.986551  0.077727  0.150353  -0.055852  0.987054  0.000596  0.000838  0.002166  0.000000  0.000000  0.000000  2.000000  
105.359084 0.015500  0.097765  -0.035428  0.978090  0.153819  -0.140283  -0.143993  0.986519  0.077756  0.150353  -0.055852  0.987054  0.000536  0.000951  0.002185  0.000000  0.000000  0.000000  2.000000  
105.360336 0.015500  0.097767  -0.035425  0.978060  0.154040  -0.140249  -0.144194  0.986478  0.077904  0.150353  -0.055972  0.987047  0.000494  0.001075  0.002235  0.000000  0.000000  0.000000  2.000000  
105.361580 0.015499  0.097768  -0.035422  0.978031  0.154243  -0.140233  -0.144396  0.986446  0.077933  0.150353  -0.055972  0.987047  0.000373  0.001150  0.002292  0.000000  0.000000  0.000000  2.000000  
105.362830 0.015499  0.097769  -0.035417  0.978031  0.154260  -0.140214  -0.144396  0.986437  0.078053  0.150353  -0.056092  0.987040  0.000277  0.001209  0.002433  0.000000  0.000000  0.000000  2.000000  
105.363831 0.015499  0.097770  -0.035414  0.978001  0.154463  -0.140198  -0.144597  0.986405  0.078081  0.150353  -0.056092  0.987040  0.000245  0.001240  0.002563  0.000000  0.000000  0.000000  2.000000  
105.364832 0.015498  0.097771  -0.035413  0.977971  0.154683  -0.140163  -0.144798  0.986364  0.078230  0.150353  -0.056211  0.987033  0.000135  0.001268  0.002545  0.000000  0.000000  0.000000  2.000000  
105.366081 0.015497  0.097772  -0.035409  0.977941  0.154903  -0.140128  -0.145000  0.986322  0.078378  0.150353  -0.056331  0.987026  0.000014  0.001213  0.002564  0.000000  0.000000  0.000000  2.000000  
105.367331 0.015497  0.097773  -0.035406  0.977911  0.155106  -0.140112  -0.145201  0.986291  0.078407  0.150353  -0.056331  0.987026  -0.000049  0.001196  0.002630  0.000000  0.000000  0.000000  2.000000  
105.368581 0.015496  0.097774  -0.035403  0.977882  0.155326  -0.140077  -0.145402  0.986249  0.078556  0.150353  -0.056451  0.987019  -0.000164  0.001074  0.002593  0.000000  0.000000  0.000000  2.000000  
105.369831 0.015496  0.097775  -0.035400  0.977852  0.155546  -0.140042  -0.145604  0.986208  0.078704  0.150353  -0.056570  0.987013  -0.000249  0.001030  0.002589  0.000000  0.000000  0.000000  2.000000  
105.370835 0.015495  0.097775  -0.035398  0.977822  0.155766  -0.140007  -0.145805  0.986166  0.078853  0.150353  -0.056690  0.987006  -0.000336  0.000933  0.002572  0.000000  0.000000  0.000000  2.000000  
105.372081 0.015494  0.097775  -0.035395  0.977792  0.155969  -0.139991  -0.146006  0.986134  0.078882  0.150353  -0.056690  0.987006  -0.000423  0.000809  0.002561  0.000000  0.000000  0.000000  2.000000  
105.373332 0.015493  0.097774  -0.035393  0.977761  0.156189  -0.139955  -0.146207  0.986092  0.079030  0.150353  -0.056810  0.986999  -0.000517  0.000641  0.002443  0.000000  0.000000  0.000000  2.000000  
105.374336 0.015492  0.097774  -0.035390  0.977731  0.156409  -0.139920  -0.146409  0.986050  0.079178  0.150353  -0.056930  0.986992  -0.000578  0.000560  0.002495  0.000000  0.000000  0.000000  2.000000  
105.375348 0.015491  0.097774  -0.035387  0.977701  0.156612  -0.139904  -0.146610  0.986018  0.079207  0.150353  -0.056930  0.986992  -0.000624  0.000456  0.002503  0.000000  0.000000  0.000000  2.000000  
105.376580 0.015490  0.097773  -0.035384  0.977671  0.156832  -0.139869  -0.146811  0.985976  0.079356  0.150353  -0.057049  0.986985  -0.000680  0.000288  0.002460  0.000000  0.000000  0.000000  2.000000  
105.377582 0.015489  0.097772  -0.035381  0.977641  0.157052  -0.139833  -0.147013  0.985934  0.079504  0.150353  -0.057169  0.986978  -0.000685  0.000203  0.002451  0.000000  0.000000  0.000000  2.000000  
105.378586 0.015488  0.097771  -0.035379  0.977610  0.157255  -0.139817  -0.147214  0.985902  0.079533  0.150353  -0.057169  0.986978  -0.000754  0.000062  0.002397  0.000000  0.000000  0.000000  2.000000  
105.379834 0.015487  0.097770  -0.035376  0.977550  0.157678  -0.139765  -0.147616  0.985827  0.079710  0.150353  -0.057289  0.986971  -0.000784  -0.000077  0.002419  0.000000  0.000000  0.000000  2.000000  
105.381076 0.015485  0.097769  -0.035374  0.977489  0.158084  -0.139732  -0.148019  0.985762  0.079767  0.150353  -0.057289  0.986971  -0.000795  -0.000214  0.002357  0.000000  0.000000  0.000000  2.000000  
105.382077 0.015485  0.097768  -0.035372  0.977458  0.158303  -0.139696  -0.148220  0.985720  0.079916  0.150353  -0.057408  0.986964  -0.000844  -0.000297  0.002319  0.085419  -0.004856  0.162850  2.000000  
105.383327 0.015484  0.097767  -0.035370  0.977417  0.158719  -0.139514  -0.148626  0.985646  0.080073  0.150220  -0.057529  0.986977  -0.000862  -0.000437  0.002251  0.091514  -0.010096  0.176146  2.000000  
105.384336 0.015483  0.097767  -0.035368  0.977387  0.158922  -0.139497  -0.148827  0.985614  0.080102  0.150220  -0.057529  0.986977  -0.000880  -0.000492  0.002235  0.087471  -0.010107  0.176148  2.000000  
105.385345 0.015482  0.097766  -0.035366  0.977325  0.159344  -0.139445  -0.149229  0.985538  0.080279  0.150220  -0.057649  0.986970  -0.000906  -0.000643  0.002156  0.093557  -0.010893  0.189657  2.000000  
105.386581 0.015481  0.097764  -0.035364  0.977264  0.159750  -0.139412  -0.149632  0.985473  0.080336  0.150220  -0.057649  0.986970  -0.000910  -0.000688  0.002106  0.090551  -0.011295  0.196443  2.000000  
105.387831 0.015479  0.097762  -0.035362  0.977202  0.160173  -0.139359  -0.150034  0.985397  0.080513  0.150220  -0.057769  0.986963  -0.000933  -0.000826  0.002082  0.096674  -0.016540  0.209739  2.000000  
105.388836 0.015478  0.097761  -0.035361  0.977140  0.160595  -0.139307  -0.150436  0.985321  0.080690  0.150220  -0.057889  0.986956  -0.000923  -0.000870  0.002032  0.102583  -0.017082  0.218287  2.000000  
105.390081 0.015477  0.097760  -0.035359  0.977047  0.161204  -0.139257  -0.151040  0.985222  0.080776  0.150220  -0.057889  0.986956  -0.000915  -0.000913  0.001894  0.099764  -0.017737  0.230049  2.000000  
105.391081 0.015476  0.097759  -0.035359  0.976985  0.161626  -0.139204  -0.151442  0.985146  0.080953  0.150220  -0.058008  0.986949  -0.000912  -0.000932  0.001788  0.106733  -0.018684  0.245580  2.000000  
105.392333 0.015475  0.097758  -0.035357  0.976911  0.162227  -0.139023  -0.152048  0.985047  0.081018  0.150088  -0.058009  0.986969  -0.000913  -0.000992  0.001635  0.104724  -0.023979  0.258993  2.000000  
105.393581 0.015475  0.097756  -0.035356  0.976817  0.162852  -0.138954  -0.152652  0.984937  0.081224  0.150088  -0.058129  0.986962  -0.000879  -0.001004  0.001570  0.110893  -0.024788  0.272683  2.000000  
105.394832 0.015474  0.097755  -0.035354  0.976691  0.163663  -0.138887  -0.153456  0.984802  0.081338  0.150088  -0.058129  0.986962  -0.000830  -0.000979  0.001456  0.109019  -0.025775  0.290732  2.000000  
105.396077 0.015474  0.097754  -0.035353  0.976584  0.164467  -0.138689  -0.154264  0.984668  0.081432  0.149956  -0.058130  0.986982  -0.000787  -0.000998  0.001418  0.108064  -0.031428  0.310841  2.000000  
105.397078 0.015473  0.097753  -0.035352  0.976488  0.165075  -0.138639  -0.154867  0.984567  0.081517  0.149956  -0.058130  0.986982  -0.000761  -0.001028  0.001333  0.111042  -0.032482  0.327090  2.000000  
105.398327 0.015474  0.097752  -0.035350  0.976380  0.165878  -0.138441  -0.155674  0.984431  0.081611  0.149823  -0.058131  0.987002  -0.000647  -0.001012  0.001277  0.110177  -0.038259  0.351221  2.000000  
105.399331 0.015475  0.097752  -0.035349  0.976252  0.166672  -0.138394  -0.156478  0.984304  0.081605  0.149823  -0.058012  0.987009  -0.000547  -0.001013  0.001244  0.105186  -0.039440  0.371564  2.000000  
105.400583 0.015475  0.097750  -0.035348  0.976110  0.167677  -0.138180  -0.157486  0.984134  0.081727  0.149691  -0.058013  0.987029  -0.000445  -0.001013  0.001210  0.109265  -0.045461  0.398355  2.000000  
105.401831 0.015476  0.097749  -0.035347  0.975967  0.168666  -0.137986  -0.158494  0.983972  0.081728  0.149559  -0.057894  0.987056  -0.000315  -0.000961  0.001102  0.105266  -0.051486  0.425189  2.000000  
105.403081 0.015476  0.097748  -0.035346  0.975823  0.169671  -0.137771  -0.159502  0.983799  0.081849  0.149427  -0.057896  0.987076  -0.000214  -0.000962  0.001069  0.105156  -0.057625  0.448991  2.000000  
105.404086 0.015477  0.097746  -0.035347  0.975711  0.170456  -0.137594  -0.160308  0.983670  0.081822  0.149294  -0.057777  0.987103  -0.000051  -0.000983  0.000945  0.100075  -0.063302  0.469199  2.000000  
105.405346 0.015478  0.097745  -0.035346  0.975565  0.171445  -0.137400  -0.161316  0.983505  0.081823  0.149162  -0.057658  0.987130  0.000071  -0.001011  0.000870  0.099286  -0.068777  0.492175  2.000000  
105.406581 0.015478  0.097743  -0.035347  0.975385  0.172635  -0.137190  -0.162524  0.983304  0.081851  0.149030  -0.057540  0.987157  0.000158  -0.001053  0.000763  0.096085  -0.075438  0.523425  2.000000  
105.407581 0.015479  0.097741  -0.035347  0.975237  0.173623  -0.136996  -0.163531  0.983137  0.081851  0.148897  -0.057421  0.987184  0.000271  -0.001056  0.000639  0.092285  -0.081219  0.552615  2.000000  
105.408830 0.015480  0.097738  -0.035347  0.975054  0.174813  -0.136786  -0.164739  0.982933  0.081879  0.148765  -0.057303  0.987211  0.000431  -0.001161  0.000545  0.093077  -0.087934  0.584282  2.000000  
105.409831 0.015481  0.097736  -0.035348  0.974903  0.175801  -0.136593  -0.165746  0.982764  0.081879  0.148633  -0.057184  0.987238  0.000443  -0.001254  0.000443  0.088295  -0.093240  0.606356  2.000000  
105.411078 0.015482  0.097734  -0.035348  0.974649  0.177395  -0.136349  -0.167355  0.982484  0.081962  0.148500  -0.057065  0.987264  0.000561  -0.001363  0.000317  0.087044  -0.100890  0.652178  2.000000  
105.412081 0.015483  0.097732  -0.035347  0.974461  0.178584  -0.136139  -0.168562  0.982275  0.081989  0.148368  -0.056947  0.987291  0.000645  -0.001420  0.000267  0.088091  -0.107318  0.686084  2.000000  
105.413084 0.015484  0.097729  -0.035348  0.974271  0.179757  -0.135951  -0.169769  0.982075  0.081896  0.148236  -0.056709  0.987325  0.000665  -0.001533  0.000174  0.079872  -0.108825  0.713211  2.000000  
105.414333 0.015485  0.097726  -0.035348  0.974010  0.181334  -0.135730  -0.171377  0.981799  0.081859  0.148103  -0.056470  0.987358  0.000680  -0.001732  0.000071  0.078266  -0.115061  0.754703  2.000000  
105.415341 0.015485  0.097724  -0.035347  0.973798  0.182530  -0.135651  -0.172580  0.981584  0.081907  0.148103  -0.056350  0.987365  0.000680  -0.001817  0.000017  0.074273  -0.116625  0.781798  2.000000  
105.416578 0.015486  0.097719  -0.035347  0.973531  0.184106  -0.135431  -0.174187  0.981303  0.081869  0.147971  -0.056112  0.987399  0.000684  -0.002014  0.000006  0.072271  -0.123321  0.822190  2.000000  
105.417578 0.015486  0.097717  -0.035347  0.973299  0.185496  -0.135205  -0.175593  0.981048  0.081922  0.147839  -0.055993  0.987425  0.000656  -0.002121  -0.000063  0.069242  -0.129724  0.855803  2.000000  
105.418606 0.015486  0.097713  -0.035347  0.973064  0.186870  -0.135002  -0.176999  0.980801  0.081855  0.147706  -0.055755  0.987458  0.000636  -0.002292  -0.000042  0.062643  -0.137117  0.896251  2.000000  
105.419832 0.015486  0.097708  -0.035347  0.972771  0.188452  -0.134913  -0.178601  0.980512  0.081839  0.147706  -0.055515  0.987472  0.000547  -0.002478  -0.000057  0.059684  -0.139058  0.931003  2.000000  
105.420833 0.015486  0.097704  -0.035348  0.972533  0.189841  -0.134688  -0.180007  0.980251  0.081891  0.147574  -0.055397  0.987498  0.000481  -0.002659  -0.000065  0.056616  -0.145501  0.964854  2.000000  
105.422103 0.015485  0.097699  -0.035348  0.972217  0.191617  -0.134453  -0.181812  0.979919  0.081878  0.147442  -0.055158  0.987532  0.000400  -0.002880  -0.000080  0.054478  -0.147648  1.005294  2.000000  
105.423334 0.015485  0.097694  -0.035349  0.971878  0.193416  -0.134324  -0.183613  0.979572  0.082008  0.147442  -0.055038  0.987538  0.000307  -0.003079  -0.000103  0.052534  -0.150084  1.046876  2.000000  
105.424580 0.015484  0.097688  -0.035350  0.971556  0.195191  -0.134089  -0.185417  0.979233  0.081995  0.147309  -0.054800  0.987571  0.000223  -0.003249  -0.000117  0.049462  -0.156418  1.080932  2.000000  
105.425583 0.015483  0.097683  -0.035350  0.971287  0.196586  -0.133995  -0.186817  0.978961  0.082069  0.147309  -0.054680  0.987578  0.000082  -0.003499  -0.000124  0.049415  -0.153386  1.108267  2.000000  
105.426583 0.015482  0.097677  -0.035351  0.971017  0.197980  -0.133901  -0.188217  0.978686  0.082143  0.147309  -0.054560  0.987584  -0.000038  -0.003725  -0.000214  0.049456  -0.154888  1.135671  2.000000  
