1-Time 2-Px 3-Py 4-Pz 5-R11 6-R21 7-R31 8-R12 9-R22 10-R32 11-R13 12-R23 13-R33 14-Vx 15-Vy 16-Vz 17-Wx 18-Wy 19-Wz 20-state 21-PR11 22-PR21 23-PR31 24-PR12 25-PR22 26-PR32 27-PR13 28-PR23 29-PR33 
48.253390 0.009912  0.093699  -0.007983  0.989887  0.110360  -0.089127  -0.111946  0.993629  -0.012990  0.087126  0.022836  0.995936  -0.002250  -0.000101  0.004855  0.000000  0.000000  0.000000  2.000000  
48.254397 0.009910  0.093699  -0.007979  0.989864  0.110564  -0.089130  -0.112150  0.993607  -0.012971  0.087126  0.022836  0.995936  -0.002226  -0.000143  0.004799  0.000000  0.000000  0.000000  2.000000  
48.255640 0.009909  0.093698  -0.007973  0.989772  0.111161  -0.089416  -0.112759  0.993537  -0.013007  0.087393  0.022956  0.995909  -0.002043  -0.000174  0.004761  0.000000  0.000000  0.000000  2.000000  
48.256644 0.009909  0.093697  -0.007970  0.989690  0.111771  -0.089557  -0.113369  0.993469  -0.012936  0.087526  0.022956  0.995898  -0.001909  -0.000266  0.004641  0.000000  0.000000  0.000000  2.000000  
48.257644 0.009909  0.093695  -0.007966  0.989620  0.112174  -0.089827  -0.113774  0.993423  -0.012869  0.087793  0.022955  0.995874  -0.001739  -0.000377  0.004603  0.000000  0.000000  0.000000  2.000000  
48.258894 0.009910  0.093693  -0.007961  0.989573  0.112373  -0.090094  -0.113975  0.993401  -0.012820  0.088059  0.022955  0.995851  -0.001492  -0.000518  0.004532  0.000000  0.000000  0.000000  2.000000  
48.259895 0.009912  0.093692  -0.007957  0.989479  0.112969  -0.090381  -0.114583  0.993331  -0.012854  0.088326  0.023075  0.995824  -0.001188  -0.000553  0.004447  0.000000  0.000000  0.000000  2.000000  
48.260898 0.009914  0.093690  -0.007954  0.989373  0.113573  -0.090786  -0.115190  0.993262  -0.012752  0.088725  0.023074  0.995789  -0.000884  -0.000673  0.004327  0.000000  0.000000  0.000000  2.000000  
48.262144 0.009917  0.093689  -0.007950  0.989219  0.114587  -0.091196  -0.116204  0.993145  -0.012612  0.089125  0.023073  0.995753  -0.000523  -0.000771  0.004156  0.000000  0.000000  0.000000  2.000000  
48.263396 0.009919  0.093686  -0.007947  0.989051  0.115585  -0.091752  -0.117217  0.993027  -0.012576  0.089658  0.023193  0.995702  -0.000152  -0.000978  0.003956  -0.021399  0.089332  0.170306  2.000000  
48.264397 0.009921  0.093683  -0.007947  0.988918  0.116394  -0.092159  -0.118027  0.992932  -0.012453  0.090058  0.023192  0.995666  0.000110  -0.001115  0.003662  -0.014715  0.102614  0.195939  2.000000  
48.265644 0.009924  0.093681  -0.007948  0.988785  0.117191  -0.092580  -0.118837  0.992836  -0.012450  0.090458  0.023312  0.995627  0.000468  -0.001242  0.003208  -0.016415  0.117583  0.224784  2.000000  
48.266647 0.009926  0.093680  -0.007949  0.988650  0.117999  -0.092987  -0.119647  0.992740  -0.012326  0.090858  0.023311  0.995591  0.000790  -0.001336  0.002815  -0.013906  0.131696  0.252025  2.000000  
48.267894 0.009930  0.093678  -0.007949  0.988478  0.118997  -0.093543  -0.120658  0.992618  -0.012286  0.091391  0.023431  0.995539  0.001179  -0.001435  0.002383  -0.010750  0.150498  0.286032  2.000000  
48.269145 0.009934  0.093675  -0.007950  0.988280  0.120211  -0.094087  -0.121873  0.992472  -0.012105  0.091924  0.023430  0.995490  0.001598  -0.001611  0.001983  -0.006337  0.169600  0.333860  2.000000  
48.270390 0.009939  0.093672  -0.007952  0.988105  0.121209  -0.094643  -0.122884  0.992348  -0.012063  0.092456  0.023549  0.995438  0.002013  -0.001800  0.001440  -0.003140  0.188415  0.367855  2.000000  
48.271641 0.009944  0.093668  -0.007952  0.987942  0.121999  -0.095328  -0.123690  0.992248  -0.012022  0.093123  0.023669  0.995373  0.002331  -0.001903  0.001154  -0.004598  0.211547  0.394858  2.000000  
48.272641 0.009948  0.093665  -0.007952  0.987802  0.122795  -0.095749  -0.124499  0.992147  -0.012014  0.093522  0.023789  0.995333  0.002563  -0.002031  0.000937  -0.006095  0.225727  0.422136  2.000000  
48.273645 0.009952  0.093660  -0.007950  0.987676  0.123383  -0.096300  -0.125103  0.992071  -0.012009  0.094055  0.023908  0.995280  0.002820  -0.002249  0.000720  -0.004099  0.244208  0.442281  2.000000  
48.274895 0.009958  0.093654  -0.007947  0.987484  0.124377  -0.096988  -0.126112  0.991944  -0.011945  0.094721  0.024027  0.995214  0.003064  -0.002559  0.000655  -0.004880  0.267469  0.476082  2.000000  
48.275895 0.009963  0.093648  -0.007945  0.987355  0.124965  -0.097539  -0.126715  0.991867  -0.011938  0.095254  0.024147  0.995160  0.003284  -0.002856  0.000586  -0.006935  0.286016  0.496390  2.000000  
48.277142 0.009969  0.093639  -0.007942  0.987187  0.125741  -0.098239  -0.127520  0.991763  -0.012013  0.095920  0.024387  0.995090  0.003475  -0.003331  0.000561  -0.008310  0.309242  0.523357  2.000000  
48.278148 0.009974  0.093631  -0.007939  0.987057  0.126317  -0.098806  -0.128123  0.991684  -0.012124  0.096452  0.024627  0.995033  0.003690  -0.003684  0.000541  -0.014414  0.327732  0.543467  2.000000  
48.279399 0.009979  0.093621  -0.007935  0.986953  0.126688  -0.099369  -0.128523  0.991631  -0.012255  0.096985  0.024867  0.994975  0.003843  -0.004246  0.000776  -0.021143  0.346089  0.556732  2.000000  
48.280644 0.009984  0.093610  -0.007933  0.986835  0.127056  -0.100065  -0.128920  0.991578  -0.012369  0.097651  0.025107  0.994904  0.004009  -0.004836  0.001022  -0.023755  0.369043  0.569959  2.000000  
48.281894 0.009989  0.093600  -0.007929  0.986716  0.127634  -0.100500  -0.129525  0.991497  -0.012496  0.098050  0.025347  0.994859  0.004201  -0.005419  0.001337  -0.029867  0.383076  0.590207  2.000000  
48.282894 0.009993  0.093590  -0.007927  0.986624  0.128007  -0.100932  -0.129926  0.991443  -0.012643  0.098450  0.025587  0.994813  0.004288  -0.005910  0.001510  -0.036615  0.396973  0.603604  2.000000  
48.283895 0.009997  0.093582  -0.007924  0.986571  0.128192  -0.101214  -0.130126  0.991416  -0.012707  0.098716  0.025707  0.994784  0.004275  -0.006341  0.001738  -0.040612  0.406025  0.603392  2.000000  
48.285143 0.010001  0.093571  -0.007920  0.986505  0.128362  -0.101644  -0.130324  0.991388  -0.012875  0.099116  0.025948  0.994738  0.004180  -0.006853  0.002194  -0.045172  0.414980  0.596229  2.000000  
48.286407 0.010005  0.093560  -0.007915  0.986439  0.128531  -0.102073  -0.130521  0.991360  -0.013042  0.099515  0.026188  0.994691  0.004144  -0.007318  0.002551  -0.055045  0.418901  0.575201  2.000000  
48.287645 0.010008  0.093549  -0.007910  0.986385  0.128703  -0.102371  -0.130721  0.991331  -0.013226  0.099781  0.026428  0.994658  0.003996  -0.007783  0.002768  -0.063720  0.419010  0.568536  2.000000  
48.288890 0.010011  0.093537  -0.007904  0.986332  0.128875  -0.102669  -0.130921  0.991302  -0.013411  0.100048  0.026669  0.994625  0.003825  -0.008219  0.003012  -0.071127  0.415615  0.563772  2.000000  
48.290143 0.010012  0.093523  -0.007898  0.986278  0.129035  -0.102982  -0.131120  0.991272  -0.013715  0.100314  0.027030  0.994589  0.003487  -0.008641  0.003264  -0.081591  0.409643  0.547830  2.000000  
48.291390 0.010013  0.093509  -0.007891  0.986265  0.128994  -0.103161  -0.131118  0.991267  -0.014058  0.100447  0.027392  0.994565  0.003194  -0.009032  0.003502  -0.095567  0.401350  0.516199  2.000000  
48.292393 0.010014  0.093498  -0.007884  0.986225  0.129169  -0.103327  -0.131320  0.991238  -0.014260  0.100580  0.027633  0.994545  0.002930  -0.009298  0.003788  -0.101415  0.391958  0.495791  2.000000  
48.293396 0.010015  0.093487  -0.007877  0.986211  0.129140  -0.103491  -0.131318  0.991235  -0.014483  0.100713  0.027873  0.994525  0.002699  -0.009465  0.004102  -0.111957  0.382316  0.468536  2.000000  
48.294416 0.010016  0.093476  -0.007870  0.986171  0.129315  -0.103657  -0.131519  0.991205  -0.014685  0.100846  0.028114  0.994505  0.002488  -0.009657  0.004426  -0.123465  0.375576  0.444736  2.000000  
48.295644 0.010018  0.093463  -0.007859  0.986157  0.129274  -0.103836  -0.131517  0.991200  -0.015028  0.100979  0.028476  0.994481  0.002259  -0.009795  0.004938  -0.132473  0.363411  0.421038  2.000000  
48.296646 0.010019  0.093452  -0.007850  0.986117  0.129436  -0.104018  -0.131718  0.991168  -0.015349  0.101113  0.028837  0.994457  0.001992  -0.010001  0.005399  -0.146469  0.354045  0.400722  2.000000  
48.297894 0.010020  0.093439  -0.007838  0.986103  0.129395  -0.104197  -0.131717  0.991163  -0.015692  0.101246  0.029199  0.994433  0.001798  -0.010090  0.005910  -0.157719  0.339853  0.366822  2.000000  
48.299144 0.010021  0.093426  -0.007828  0.986103  0.129344  -0.104260  -0.131717  0.991155  -0.016173  0.101246  0.029681  0.994419  0.001539  -0.010240  0.006399  -0.177777  0.321031  0.326254  2.000000  
48.300393 0.010022  0.093413  -0.007819  0.986076  0.129510  -0.104310  -0.131920  0.991123  -0.016513  0.101246  0.030043  0.994408  0.001343  -0.010357  0.006649  -0.190660  0.300390  0.295074  2.000000  
48.301397 0.010023  0.093404  -0.007811  0.986049  0.129676  -0.104361  -0.132123  0.991090  -0.016852  0.101246  0.030405  0.994397  0.001189  -0.010417  0.006909  -0.200035  0.282044  0.281651  2.000000  
48.302431 0.010024  0.093395  -0.007803  0.986035  0.129846  -0.104280  -0.132327  0.991057  -0.017209  0.101113  0.030767  0.994399  0.001066  -0.010407  0.007207  -0.209930  0.263266  0.261124  2.000000  
48.303641 0.010024  0.093383  -0.007795  0.986008  0.130012  -0.104330  -0.132530  0.991024  -0.017548  0.101113  0.031129  0.994388  0.000923  -0.010389  0.007392  -0.217849  0.243312  0.246102  2.000000  
48.304646 0.010024  0.093374  -0.007788  0.986008  0.129974  -0.104378  -0.132530  0.991017  -0.017908  0.101113  0.031491  0.994376  0.000800  -0.010313  0.007565  -0.231092  0.221930  0.214261  2.000000  
48.305889 0.010024  0.093362  -0.007781  0.985994  0.130145  -0.104297  -0.132735  0.990983  -0.018265  0.100979  0.031853  0.994378  0.000757  -0.010165  0.007564  -0.238608  0.197502  0.199436  2.000000  
48.306892 0.010024  0.093354  -0.007774  0.985939  0.130527  -0.104336  -0.133141  0.990925  -0.018463  0.100979  0.032095  0.994371  0.000665  -0.009978  0.007561  -0.239882  0.179310  0.186218  2.000000  
48.307895 0.010025  0.093346  -0.007768  0.985925  0.130710  -0.104240  -0.133346  0.990893  -0.018699  0.100846  0.032336  0.994376  0.000661  -0.009746  0.007532  -0.244574  0.156863  0.179999  2.000000  
48.309144 0.010026  0.093337  -0.007759  0.985870  0.131080  -0.104295  -0.133752  0.990832  -0.019017  0.100846  0.032698  0.994365  0.000628  -0.009439  0.007473  -0.247259  0.135571  0.175219  2.000000  
48.310391 0.010027  0.093328  -0.007751  0.985829  0.131442  -0.104235  -0.134160  0.990768  -0.019473  0.100713  0.033181  0.994362  0.000678  -0.009121  0.007294  -0.253216  0.112195  0.174336  2.000000  
48.311404 0.010029  0.093322  -0.007745  0.985801  0.131621  -0.104271  -0.134363  0.990737  -0.019692  0.100713  0.033422  0.994354  0.000659  -0.008895  0.007158  -0.260650  0.094746  0.162478  2.000000  
48.312644 0.010032  0.093314  -0.007736  0.985759  0.131983  -0.104211  -0.134770  0.990672  -0.020147  0.100580  0.033905  0.994351  0.000796  -0.008523  0.006945  -0.266649  0.080675  0.161547  2.000000  
48.313647 0.010034  0.093308  -0.007731  0.985703  0.132340  -0.104284  -0.135176  0.990608  -0.020585  0.100580  0.034387  0.994335  0.000914  -0.008163  0.006756  -0.274149  0.067599  0.168824  2.000000  
48.314894 0.010038  0.093301  -0.007723  0.985620  0.132901  -0.104361  -0.135785  0.990516  -0.021001  0.100580  0.034870  0.994318  0.001041  -0.007783  0.006579  -0.280703  0.054672  0.182776  2.000000  
48.315894 0.010041  0.093296  -0.007718  0.985592  0.133067  -0.104414  -0.135988  0.990481  -0.021340  0.100580  0.035232  0.994305  0.001209  -0.007484  0.006396  -0.284925  0.045844  0.183163  2.000000  
48.317143 0.010045  0.093290  -0.007711  0.985522  0.133419  -0.104619  -0.136392  0.990416  -0.021760  0.100713  0.035714  0.994274  0.001424  -0.007094  0.006251  -0.294513  0.037486  0.191704  2.000000  
48.318144 0.010048  0.093286  -0.007706  0.985466  0.133776  -0.104693  -0.136798  0.990350  -0.022197  0.100713  0.036196  0.994257  0.001632  -0.006805  0.006118  -0.303533  0.032994  0.197088  2.000000  
48.319394 0.010053  0.093280  -0.007701  0.985381  0.134337  -0.104772  -0.137406  0.990257  -0.022613  0.100713  0.036678  0.994239  0.001937  -0.006379  0.005940  -0.310184  0.024582  0.210987  2.000000  
48.320640 0.010059  0.093276  -0.007696  0.985296  0.134898  -0.104851  -0.138015  0.990162  -0.023028  0.100713  0.037161  0.994221  0.002295  -0.005954  0.005759  -0.312123  0.016418  0.231731  2.000000  
48.321645 0.010063  0.093272  -0.007693  0.985268  0.135064  -0.104905  -0.138218  0.990126  -0.023367  0.100713  0.037523  0.994208  0.002609  -0.005579  0.005548  -0.315460  0.012253  0.238694  2.000000  
48.322890 0.010068  0.093268  -0.007690  0.985182  0.135637  -0.104969  -0.138826  0.990034  -0.023663  0.100713  0.037884  0.994194  0.002861  -0.005225  0.005245  -0.314128  0.008335  0.252537  2.000000  
48.324143 0.010073  0.093263  -0.007687  0.985125  0.135994  -0.105045  -0.139232  0.989967  -0.024100  0.100713  0.038367  0.994175  0.003159  -0.004931  0.004797  -0.316744  0.004440  0.266308  2.000000  
48.325391 0.010079  0.093260  -0.007686  0.985068  0.136363  -0.105104  -0.139637  0.989902  -0.024417  0.100713  0.038729  0.994161  0.003427  -0.004583  0.004366  -0.316091  0.000309  0.273328  2.000000  
48.326407 0.010084  0.093257  -0.007685  0.985010  0.136732  -0.105164  -0.140043  0.989836  -0.024734  0.100713  0.039090  0.994147  0.003696  -0.004256  0.003945  -0.318639  -0.003600  0.287046  2.000000  
48.327414 0.010089  0.093255  -0.007684  0.984968  0.136893  -0.105350  -0.140244  0.989800  -0.025053  0.100846  0.039452  0.994120  0.003887  -0.003976  0.003545  -0.316978  -0.003505  0.289253  2.000000  
48.328645 0.010095  0.093252  -0.007682  0.984910  0.137249  -0.105427  -0.140649  0.989731  -0.025490  0.100846  0.039934  0.994100  0.004061  -0.003708  0.003234  -0.319854  -0.002904  0.303194  2.000000  
48.329894 0.010102  0.093250  -0.007680  0.984852  0.137605  -0.105505  -0.141055  0.989662  -0.025927  0.100846  0.040416  0.994081  0.004275  -0.003363  0.002836  -0.319142  -0.002513  0.310063  2.000000  
48.331144 0.010107  0.093249  -0.007678  0.984810  0.137765  -0.105692  -0.141256  0.989625  -0.026247  0.100979  0.040777  0.994052  0.004439  -0.003056  0.002503  -0.319182  0.002094  0.309961  2.000000  
48.332144 0.010112  0.093247  -0.007676  0.984751  0.138121  -0.105770  -0.141661  0.989556  -0.026683  0.100979  0.041260  0.994033  0.004505  -0.002860  0.002299  -0.322952  0.006978  0.317044  2.000000  
48.333145 0.010117  0.093246  -0.007674  0.984722  0.138287  -0.105825  -0.141864  0.989517  -0.027021  0.100979  0.041621  0.994018  0.004608  -0.002639  0.002118  -0.323244  0.007257  0.320863  2.000000  
48.334147 0.010122  0.093245  -0.007672  0.984680  0.138446  -0.106013  -0.142065  0.989480  -0.027341  0.101113  0.041983  0.993989  0.004656  -0.002416  0.001941  -0.327283  0.011812  0.320711  2.000000  
48.335403 0.010128  0.093243  -0.007670  0.984621  0.138789  -0.106108  -0.142470  0.989406  -0.027897  0.101113  0.042585  0.993963  0.004702  -0.002193  0.001764  -0.333257  0.016831  0.329940  2.000000  
48.336406 0.010132  0.093243  -0.007668  0.984592  0.138954  -0.106165  -0.142673  0.989367  -0.028235  0.101113  0.042947  0.993948  0.004712  -0.001960  0.001697  -0.334692  0.016799  0.327352  2.000000  
48.337643 0.010138  0.093242  -0.007665  0.984562  0.139106  -0.106238  -0.142875  0.989325  -0.028693  0.101113  0.043429  0.993927  0.004788  -0.001754  0.001638  -0.339415  0.021133  0.320320  2.000000  
48.338644 0.010142  0.093241  -0.007663  0.984519  0.139266  -0.106426  -0.143076  0.989286  -0.029012  0.101246  0.043790  0.993897  0.004767  -0.001534  0.001690  -0.342941  0.025657  0.315946  2.000000  
48.339889 0.010148  0.093240  -0.007662  0.984490  0.139431  -0.106483  -0.143279  0.989247  -0.029351  0.101246  0.044152  0.993881  0.004738  -0.001381  0.001639  -0.344205  0.030000  0.313187  2.000000  
48.340892 0.010152  0.093240  -0.007661  0.984460  0.139595  -0.106540  -0.143482  0.989208  -0.029689  0.101246  0.044514  0.993865  0.004672  -0.001215  0.001670  -0.344235  0.030116  0.313203  2.000000  
48.341895 0.010155  0.093239  -0.007660  0.984460  0.139570  -0.106574  -0.143482  0.989200  -0.029929  0.101246  0.044755  0.993854  0.004596  -0.001090  0.001632  -0.340269  0.029932  0.301973  2.000000  
48.343144 0.010160  0.093239  -0.007658  0.984431  0.139734  -0.106631  -0.143684  0.989161  -0.030267  0.101246  0.045116  0.993838  0.004468  -0.000977  0.001702  -0.337610  0.034005  0.288026  2.000000  
48.344147 0.010162  0.093238  -0.007657  0.984401  0.139912  -0.106671  -0.143887  0.989124  -0.030485  0.101246  0.045358  0.993827  0.004303  -0.000890  0.001668  -0.334370  0.033829  0.281253  2.000000  
48.345402 0.010166  0.093237  -0.007656  0.984401  0.139873  -0.106722  -0.143887  0.989113  -0.030845  0.101246  0.045719  0.993810  0.004137  -0.000817  0.001574  -0.331470  0.033367  0.267299  2.000000  
48.346410 0.010168  0.093237  -0.007655  0.984372  0.140051  -0.106762  -0.144090  0.989077  -0.031062  0.101246  0.045960  0.993799  0.003972  -0.000745  0.001481  -0.324759  0.033179  0.265138  2.000000  
48.347644 0.010171  0.093236  -0.007654  0.984372  0.140012  -0.106813  -0.144090  0.989066  -0.031422  0.101246  0.046322  0.993782  0.003785  -0.000680  0.001445  -0.321394  0.028237  0.246883  2.000000  
48.348893 0.010174  0.093235  -0.007652  0.984342  0.140190  -0.106854  -0.144292  0.989029  -0.031640  0.101246  0.046563  0.993771  0.003529  -0.000633  0.001373  -0.315380  0.027792  0.238006  2.000000  
48.349895 0.010175  0.093234  -0.007651  0.984342  0.140164  -0.106888  -0.144292  0.989021  -0.031880  0.101246  0.046804  0.993760  0.003264  -0.000652  0.001279  -0.311937  0.027241  0.219335  2.000000  
48.351145 0.010177  0.093234  -0.007648  0.984312  0.140329  -0.106945  -0.144495  0.988981  -0.032218  0.101246  0.047166  0.993743  0.003050  -0.000565  0.001333  -0.308648  0.027049  0.212507  2.000000  
48.352393 0.010180  0.093235  -0.007645  0.984312  0.140303  -0.106979  -0.144495  0.988973  -0.032458  0.101246  0.047407  0.993731  0.002847  -0.000495  0.001369  -0.303471  0.026308  0.197118  2.000000  
48.353402 0.010181  0.093235  -0.007642  0.984282  0.140480  -0.107020  -0.144697  0.988936  -0.032676  0.101246  0.047648  0.993720  0.002684  -0.000453  0.001512  -0.302429  0.026274  0.191751  2.000000  
48.354407 0.010183  0.093235  -0.007639  0.984282  0.140454  -0.107054  -0.144697  0.988928  -0.032916  0.101246  0.047889  0.993708  0.002466  -0.000374  0.001555  -0.296760  0.025834  0.183450  2.000000  
48.355645 0.010185  0.093236  -0.007635  0.984282  0.140429  -0.107088  -0.144697  0.988920  -0.033156  0.101246  0.048130  0.993697  0.002292  -0.000297  0.001693  -0.293047  0.025201  0.164259  2.000000  
48.356890 0.010186  0.093236  -0.007633  0.984282  0.140403  -0.107122  -0.144697  0.988912  -0.033396  0.101246  0.048371  0.993685  0.002076  -0.000232  0.001792  -0.287367  0.020293  0.156325  2.000000  
48.357895 0.010187  0.093236  -0.007631  0.984253  0.140580  -0.107163  -0.144900  0.988875  -0.033614  0.101246  0.048612  0.993673  0.001885  -0.000206  0.001827  -0.283984  0.020035  0.149480  2.000000  
48.359147 0.010189  0.093236  -0.007629  0.984253  0.140567  -0.107180  -0.144900  0.988871  -0.033733  0.101246  0.048733  0.993667  0.001735  -0.000197  0.001841  -0.275499  0.019632  0.136954  2.000000  
48.360391 0.010189  0.093235  -0.007628  0.984253  0.140541  -0.107214  -0.144900  0.988863  -0.033973  0.101246  0.048974  0.993655  0.001556  -0.000165  0.001879  -0.269911  0.019206  0.129013  2.000000  
48.361400 0.010190  0.093235  -0.007627  0.984253  0.140541  -0.107214  -0.144900  0.988863  -0.033973  0.101246  0.048974  0.993655  0.001440  -0.000137  0.001877  -0.257147  0.014276  0.116487  2.000000  
48.362644 0.010190  0.093234  -0.007626  0.984253  0.140528  -0.107231  -0.144900  0.988859  -0.034093  0.101246  0.049094  0.993649  0.001296  -0.000089  0.001861  -0.247667  0.013878  0.108718  2.000000  
48.363645 0.010191  0.093234  -0.007626  0.984253  0.140515  -0.107248  -0.144900  0.988855  -0.034213  0.101246  0.049215  0.993643  0.001174  -0.000098  0.001764  -0.236926  0.013286  0.095074  2.000000  
48.364895 0.010192  0.093233  -0.007626  0.984223  0.140719  -0.107255  -0.145103  0.988826  -0.034191  0.101246  0.049215  0.993643  0.001087  -0.000056  0.001642  -0.218513  0.008933  0.096070  2.000000  
48.366143 0.010192  0.093233  -0.007626  0.984223  0.140706  -0.107273  -0.145103  0.988821  -0.034311  0.101246  0.049335  0.993637  0.001015  -0.000069  0.001479  -0.209309  0.008566  0.088452  2.000000  
48.367144 0.010193  0.093233  -0.007625  0.984223  0.140706  -0.107273  -0.145103  0.988821  -0.034311  0.101246  0.049335  0.993637  0.000882  -0.000085  0.001338  -0.195460  0.008339  0.082316  2.000000  
48.368396 0.010194  0.093234  -0.007625  0.984223  0.140693  -0.107290  -0.145103  0.988817  -0.034431  0.101246  0.049456  0.993631  0.000861  -0.000051  0.001120  -0.186605  0.003518  0.075085  2.000000  
48.369645 0.010195  0.093235  -0.007625  0.984223  0.140693  -0.107290  -0.145103  0.988817  -0.034431  0.101246  0.049456  0.993631  0.000755  -0.000054  0.000852  -0.173058  0.002914  0.061880  2.000000  
48.370891 0.010197  0.093236  -0.007624  0.984193  0.140883  -0.107314  -0.145305  0.988784  -0.034529  0.101246  0.049576  0.993625  0.000754  0.000012  0.000699  -0.163570  0.002906  0.061378  2.000000  
48.371891 0.010198  0.093237  -0.007623  0.984193  0.140883  -0.107314  -0.145305  0.988784  -0.034529  0.101246  0.049576  0.993625  0.000774  0.000056  0.000616  0.000000  0.000000  0.000000  2.000000  
48.372895 0.010199  0.093238  -0.007623  0.984193  0.140870  -0.107331  -0.145305  0.988780  -0.034649  0.101246  0.049697  0.993619  0.000799  0.000126  0.000535  0.000000  0.000000  0.000000  2.000000  
48.374140 0.010201  0.093239  -0.007622  0.984150  0.141067  -0.107470  -0.145506  0.988752  -0.034607  0.101379  0.049696  0.993606  0.000815  0.000227  0.000489  0.000000  0.000000  0.000000  2.000000  
48.375141 0.010202  0.093240  -0.007621  0.984150  0.141067  -0.107470  -0.145506  0.988752  -0.034607  0.101379  0.049696  0.993606  0.000870  0.000331  0.000475  0.000000  0.000000  0.000000  2.000000  
48.376147 0.010203  0.093241  -0.007620  0.984150  0.141067  -0.107470  -0.145506  0.988752  -0.034607  0.101379  0.049696  0.993606  0.000860  0.000439  0.000501  0.000000  0.000000  0.000000  2.000000  
48.377392 0.010204  0.093244  -0.007619  0.984150  0.141067  -0.107470  -0.145506  0.988752  -0.034607  0.101379  0.049696  0.993606  0.000938  0.000597  0.000498  0.000000  0.000000  0.000000  2.000000  
48.378406 0.010206  0.093245  -0.007618  0.984120  0.141271  -0.107477  -0.145709  0.988723  -0.034585  0.101379  0.049696  0.993606  0.001015  0.000754  0.000495  0.000000  0.000000  0.000000  2.000000  
48.379644 0.010207  0.093247  -0.007619  0.984120  0.141284  -0.107459  -0.145709  0.988727  -0.034465  0.101379  0.049576  0.993612  0.001070  0.000924  0.000468  0.000000  0.000000  0.000000  2.000000  
48.380645 0.010209  0.093249  -0.007619  0.984120  0.141284  -0.107459  -0.145709  0.988727  -0.034465  0.101379  0.049576  0.993612  0.001117  0.001055  0.000443  0.000000  0.000000  0.000000  2.000000  
48.381645 0.010210  0.093251  -0.007619  0.984090  0.141500  -0.107449  -0.145911  0.988702  -0.034323  0.101379  0.049455  0.993618  0.001154  0.001141  0.000422  0.000000  0.000000  0.000000  2.000000  
48.382894 0.010211  0.093253  -0.007620  0.984090  0.141500  -0.107449  -0.145911  0.988702  -0.034323  0.101379  0.049455  0.993618  0.001171  0.001314  0.000361  0.000000  0.000000  0.000000  2.000000  
48.384144 0.010213  0.093256  -0.007620  0.984090  0.141513  -0.107432  -0.145911  0.988706  -0.034203  0.101379  0.049335  0.993624  0.001218  0.001445  0.000336  0.000000  0.000000  0.000000  2.000000  
48.385397 0.010215  0.093259  -0.007620  0.984046  0.141723  -0.107554  -0.146112  0.988682  -0.034042  0.101512  0.049213  0.993616  0.001258  0.001548  0.000270  0.000000  0.000000  0.000000  2.000000  
48.386409 0.010216  0.093261  -0.007620  0.984046  0.141736  -0.107536  -0.146112  0.988686  -0.033922  0.101512  0.049093  0.993622  0.001249  0.001649  0.000242  0.000000  0.000000  0.000000  2.000000  
48.387643 0.010218  0.093264  -0.007619  0.984046  0.141750  -0.107519  -0.146112  0.988690  -0.033802  0.101512  0.048972  0.993628  0.001294  0.001760  0.000265  0.000000  0.000000  0.000000  2.000000  
48.388890 0.010221  0.093267  -0.007618  0.984016  0.141953  -0.107526  -0.146314  0.988661  -0.033780  0.101512  0.048972  0.993628  0.001319  0.001860  0.000236  0.000000  0.000000  0.000000  2.000000  
48.389894 0.010222  0.093269  -0.007617  0.984016  0.141966  -0.107509  -0.146314  0.988665  -0.033660  0.101512  0.048852  0.993634  0.001349  0.001971  0.000294  0.000000  0.000000  0.000000  2.000000  
48.391144 0.010223  0.093272  -0.007616  0.984016  0.141979  -0.107492  -0.146314  0.988669  -0.033540  0.101512  0.048731  0.993640  0.001383  0.002021  0.000269  0.000000  0.000000  0.000000  2.000000  
48.392145 0.010225  0.093275  -0.007614  0.984016  0.141979  -0.107492  -0.146314  0.988669  -0.033540  0.101512  0.048731  0.993640  0.001374  0.002111  0.000289  0.000000  0.000000  0.000000  2.000000  
48.393393 0.010226  0.093278  -0.007613  0.983986  0.142196  -0.107481  -0.146517  0.988644  -0.033398  0.101512  0.048611  0.993646  0.001369  0.002193  0.000378  0.000000  0.000000  0.000000  2.000000  
48.394411 0.010228  0.093281  -0.007611  0.983986  0.142209  -0.107464  -0.146517  0.988648  -0.033278  0.101512  0.048490  0.993652  0.001382  0.002266  0.000514  0.000000  0.000000  0.000000  2.000000  
48.395644 0.010229  0.093284  -0.007610  0.983972  0.142215  -0.107578  -0.146515  0.988653  -0.033138  0.101645  0.048369  0.993644  0.001377  0.002346  0.000600  0.000000  0.000000  0.000000  2.000000  
48.396646 0.010231  0.093287  -0.007608  0.983972  0.142228  -0.107561  -0.146515  0.988657  -0.033018  0.101645  0.048249  0.993650  0.001383  0.002452  0.000731  0.000000  0.000000  0.000000  2.000000  
48.397895 0.010232  0.093291  -0.007607  0.983972  0.142255  -0.107527  -0.146515  0.988665  -0.032779  0.101645  0.048008  0.993662  0.001343  0.002549  0.000877  0.000000  0.000000  0.000000  2.000000  
48.399144 0.010233  0.093294  -0.007606  0.983972  0.142268  -0.107509  -0.146515  0.988669  -0.032659  0.101645  0.047887  0.993668  0.001285  0.002539  0.000924  0.000000  0.000000  0.000000  2.000000  
48.400395 0.010233  0.093297  -0.007605  0.983972  0.142294  -0.107475  -0.146515  0.988677  -0.032419  0.101645  0.047646  0.993679  0.001197  0.002574  0.000989  0.000000  0.000000  0.000000  2.000000  
48.401396 0.010233  0.093300  -0.007605  0.983972  0.142307  -0.107458  -0.146515  0.988681  -0.032299  0.101645  0.047525  0.993685  0.001123  0.002606  0.001019  0.000000  0.000000  0.000000  2.000000  
48.402408 0.010233  0.093302  -0.007605  0.983972  0.142333  -0.107423  -0.146515  0.988689  -0.032059  0.101645  0.047284  0.993696  0.000983  0.002586  0.000963  0.000000  0.000000  0.000000  2.000000  
48.403645 0.010233  0.093304  -0.007604  0.984003  0.142155  -0.107382  -0.146312  0.988726  -0.031841  0.101645  0.047043  0.993708  0.000854  0.002535  0.000960  0.000000  0.000000  0.000000  2.000000  
48.404890 0.010232  0.093307  -0.007603  0.983989  0.142175  -0.107479  -0.146310  0.988734  -0.031582  0.101778  0.046802  0.993706  0.000707  0.002489  0.000885  0.000000  0.000000  0.000000  2.000000  
48.405892 0.010231  0.093309  -0.007603  0.983989  0.142188  -0.107462  -0.146310  0.988738  -0.031462  0.101778  0.046681  0.993711  0.000539  0.002501  0.000854  0.000000  0.000000  0.000000  2.000000  
48.406895 0.010231  0.093311  -0.007603  0.983989  0.142214  -0.107427  -0.146310  0.988746  -0.031222  0.101778  0.046440  0.993723  0.000436  0.002440  0.000777  0.000000  0.000000  0.000000  2.000000  
48.408143 0.010230  0.093313  -0.007602  0.984006  0.142031  -0.107518  -0.146106  0.988784  -0.030985  0.101911  0.046198  0.993720  0.000234  0.002356  0.000720  0.000000  0.000000  0.000000  2.000000  
48.409389 0.010229  0.093315  -0.007601  0.984006  0.142057  -0.107483  -0.146106  0.988791  -0.030745  0.101911  0.045957  0.993731  0.000054  0.002290  0.000664  0.000000  0.000000  0.000000  2.000000  
48.410391 0.010227  0.093317  -0.007600  0.984006  0.142083  -0.107449  -0.146106  0.988799  -0.030505  0.101911  0.045716  0.993742  -0.000114  0.002233  0.000628  0.000000  0.000000  0.000000  2.000000  
48.411395 0.010226  0.093319  -0.007600  0.984022  0.141886  -0.107557  -0.145901  0.988832  -0.030388  0.102044  0.045595  0.993734  -0.000285  0.002157  0.000640  0.000000  0.000000  0.000000  2.000000  
48.412641 0.010224  0.093321  -0.007599  0.984022  0.141912  -0.107523  -0.145901  0.988840  -0.030148  0.102044  0.045354  0.993745  -0.000514  0.002044  0.000561  0.000000  0.000000  0.000000  2.000000  
48.413895 0.010221  0.093323  -0.007599  0.984039  0.141742  -0.107596  -0.145697  0.988881  -0.029791  0.102177  0.044992  0.993748  -0.000755  0.001965  0.000492  0.000000  0.000000  0.000000  2.000000  
48.414895 0.010220  0.093325  -0.007598  0.984039  0.141755  -0.107579  -0.145697  0.988884  -0.029671  0.102177  0.044871  0.993754  -0.000894  0.001938  0.000478  0.000000  0.000000  0.000000  2.000000  
48.416144 0.010216  0.093327  -0.007598  0.984055  0.141585  -0.107653  -0.145492  0.988925  -0.029314  0.102310  0.044509  0.993756  -0.001140  0.001829  0.000435  0.000000  0.000000  0.000000  2.000000  
48.417396 0.010213  0.093329  -0.007598  0.984055  0.141611  -0.107619  -0.145492  0.988932  -0.029074  0.102310  0.044268  0.993767  -0.001320  0.001799  0.000408  0.000000  0.000000  0.000000  2.000000  
48.418404 0.010211  0.093330  -0.007598  0.984072  0.141427  -0.107710  -0.145287  0.988969  -0.028837  0.102444  0.044026  0.993764  -0.001511  0.001771  0.000379  0.163577  0.029828  -0.035841  2.000000  
48.419640 0.010207  0.093332  -0.007599  0.984101  0.141250  -0.107670  -0.145085  0.989005  -0.028619  0.102444  0.043785  0.993775  -0.001704  0.001710  0.000295  0.165677  0.029289  -0.042384  2.000000  
48.420894 0.010204  0.093334  -0.007599  0.984101  0.141289  -0.107618  -0.145085  0.989016  -0.028259  0.102444  0.043423  0.993791  -0.001861  0.001686  0.000297  0.175163  0.029535  -0.042718  2.000000  
48.422142 0.010201  0.093336  -0.007599  0.984118  0.141119  -0.107693  -0.144880  0.989056  -0.027902  0.102577  0.043061  0.993793  -0.002007  0.001629  0.000247  0.185148  0.033440  -0.049386  2.000000  
48.423408 0.010197  0.093338  -0.007599  0.984148  0.140954  -0.107636  -0.144678  0.989095  -0.027564  0.102577  0.042700  0.993808  -0.002165  0.001623  0.000201  0.189241  0.033083  -0.063502  2.000000  
48.424648 0.010195  0.093339  -0.007598  0.984148  0.140981  -0.107601  -0.144678  0.989101  -0.027324  0.102577  0.042458  0.993819  -0.002241  0.001570  0.000194  0.193413  0.028619  -0.063324  2.000000  
48.425895 0.010192  0.093341  -0.007598  0.984177  0.140816  -0.107545  -0.144475  0.989140  -0.026986  0.102577  0.042097  0.993834  -0.002349  0.001488  0.000165  0.199213  0.028090  -0.069618  2.000000  
48.427142 0.010189  0.093342  -0.007597  0.984193  0.140646  -0.107619  -0.144270  0.989180  -0.026629  0.102710  0.041735  0.993835  -0.002394  0.001436  0.000145  0.206589  0.032253  -0.076630  2.000000  
48.428147 0.010187  0.093344  -0.007596  0.984223  0.140482  -0.107563  -0.144068  0.989218  -0.026291  0.102710  0.041373  0.993851  -0.002393  0.001463  0.000179  0.215781  0.032235  -0.084147  2.000000  
48.429399 0.010185  0.093345  -0.007595  0.984253  0.140304  -0.107523  -0.143865  0.989254  -0.026074  0.102710  0.041132  0.993861  -0.002390  0.001393  0.000284  0.215013  0.031939  -0.090991  2.000000  
48.430644 0.010182  0.093347  -0.007592  0.984253  0.140343  -0.107472  -0.143865  0.989263  -0.025714  0.102710  0.040770  0.993875  -0.002357  0.001352  0.000411  0.221354  0.031701  -0.090244  2.000000  
48.431892 0.010181  0.093348  -0.007590  0.984282  0.140178  -0.107416  -0.143663  0.989301  -0.025376  0.102710  0.040408  0.993890  -0.002252  0.001343  0.000592  0.224707  0.031429  -0.097059  2.000000  
48.432893 0.010179  0.093350  -0.007587  0.984312  0.140014  -0.107360  -0.143460  0.989339  -0.025038  0.102710  0.040047  0.993905  -0.002147  0.001334  0.000773  0.228041  0.031158  -0.103866  2.000000  
48.433894 0.010177  0.093351  -0.007585  0.984355  0.139842  -0.107189  -0.143259  0.989373  -0.024839  0.102577  0.039806  0.993928  -0.002110  0.001326  0.000899  0.234048  0.026946  -0.104541  2.000000  
48.434894 0.010176  0.093352  -0.007583  0.984355  0.139881  -0.107138  -0.143259  0.989382  -0.024479  0.102577  0.039445  0.993943  -0.002008  0.001284  0.001080  0.238074  0.022480  -0.104317  2.000000  
48.436141 0.010175  0.093354  -0.007579  0.984385  0.139716  -0.107082  -0.143057  0.989420  -0.024141  0.102577  0.039083  0.993957  -0.001876  0.001282  0.001330  0.241596  0.022230  -0.111257  2.000000  
48.437142 0.010174  0.093355  -0.007577  0.984414  0.139551  -0.107027  -0.142854  0.989458  -0.023803  0.102577  0.038721  0.993971  -0.001771  0.001273  0.001511  0.246850  0.021768  -0.117091  2.000000  
48.438145 0.010172  0.093356  -0.007574  0.984443  0.139386  -0.106971  -0.142651  0.989495  -0.023465  0.102577  0.038359  0.993985  -0.001711  0.001240  0.001707  0.252972  0.017492  -0.117866  2.000000  
48.439412 0.010171  0.093357  -0.007570  0.984486  0.139227  -0.106784  -0.142451  0.989531  -0.023146  0.102444  0.037998  0.994013  -0.001647  0.001204  0.001899  0.256171  0.012735  -0.124462  2.000000  
48.440662 0.010169  0.093358  -0.007567  0.984516  0.139075  -0.106712  -0.142248  0.989571  -0.022688  0.102444  0.037516  0.994031  -0.001541  0.001194  0.002080  0.264355  0.008292  -0.124289  2.000000  
48.441896 0.010168  0.093360  -0.007563  0.984558  0.138915  -0.106525  -0.142047  0.989607  -0.022369  0.102310  0.037155  0.994058  -0.001464  0.001194  0.002335  0.263782  0.003562  -0.131037  2.000000  
48.443142 0.010166  0.093360  -0.007558  0.984588  0.138763  -0.106453  -0.141844  0.989646  -0.021910  0.102310  0.036672  0.994076  -0.001428  0.001096  0.002550  0.271951  -0.000883  -0.130861  2.000000  
48.444147 0.010164  0.093361  -0.007554  0.984601  0.138793  -0.106288  -0.141846  0.989651  -0.021689  0.102177  0.036432  0.994099  -0.001387  0.001102  0.002741  0.275982  -0.005352  -0.130653  2.000000  
48.445400 0.010163  0.093362  -0.007549  0.984630  0.138641  -0.106216  -0.141644  0.989690  -0.021231  0.102177  0.035949  0.994116  -0.001347  0.001013  0.002924  0.279333  -0.010067  -0.137344  2.000000  
48.446409 0.010161  0.093362  -0.007545  0.984673  0.138481  -0.106029  -0.141443  0.989726  -0.020912  0.102044  0.035588  0.994143  -0.001348  0.000921  0.003073  0.283335  -0.014514  -0.137126  2.000000  
48.447644 0.010159  0.093362  -0.007539  0.984702  0.138315  -0.105975  -0.141240  0.989762  -0.020573  0.102044  0.035226  0.994156  -0.001418  0.000835  0.003269  0.288527  -0.014641  -0.142890  2.000000  
48.448644 0.010157  0.093362  -0.007535  0.984702  0.138354  -0.105925  -0.141240  0.989769  -0.020213  0.102044  0.034865  0.994169  -0.001375  0.000769  0.003406  0.291651  -0.018934  -0.137039  2.000000  
48.449894 0.010155  0.093362  -0.007529  0.984745  0.138206  -0.105722  -0.141039  0.989806  -0.019774  0.101911  0.034383  0.994199  -0.001433  0.000674  0.003574  0.299779  -0.023375  -0.136854  2.000000  
48.450894 0.010153  0.093362  -0.007524  0.984774  0.138028  -0.105684  -0.140837  0.989840  -0.019555  0.101911  0.034142  0.994207  -0.001476  0.000562  0.003727  0.294962  -0.023599  -0.143723  2.000000  
48.452142 0.010150  0.093362  -0.007518  0.984803  0.137875  -0.105613  -0.140634  0.989877  -0.019097  0.101911  0.033659  0.994224  -0.001545  0.000475  0.003926  0.303224  -0.028051  -0.143613  2.000000  
48.453144 0.010148  0.093362  -0.007513  0.984816  0.137918  -0.105431  -0.140636  0.989884  -0.018755  0.101778  0.033298  0.994250  -0.001600  0.000386  0.004080  0.304018  -0.032239  -0.136608  2.000000  
48.454146 0.010146  0.093361  -0.007507  0.984845  0.137753  -0.105377  -0.140433  0.989919  -0.018417  0.101778  0.032936  0.994262  -0.001671  0.000298  0.004272  0.307256  -0.032444  -0.143437  2.000000  
48.455398 0.010143  0.093361  -0.007501  0.984887  0.137592  -0.105192  -0.140232  0.989953  -0.018097  0.101645  0.032575  0.994287  -0.001784  0.000186  0.004479  0.307169  -0.036875  -0.143236  2.000000  
48.456405 0.010140  0.093361  -0.007495  0.984887  0.137617  -0.105158  -0.140232  0.989958  -0.017857  0.101645  0.032334  0.994295  -0.001890  0.000097  0.004630  0.309464  -0.040758  -0.135114  2.000000  
48.457641 0.010137  0.093359  -0.007489  0.984916  0.137452  -0.105105  -0.140030  0.989992  -0.017518  0.101645  0.031972  0.994307  -0.002002  -0.000043  0.004739  0.308786  -0.040965  -0.141962  2.000000  
48.458642 0.010134  0.093359  -0.007483  0.984916  0.137477  -0.105071  -0.140030  0.989997  -0.017278  0.101645  0.031731  0.994315  -0.002106  -0.000110  0.004850  0.305423  -0.040668  -0.135143  2.000000  
48.459649 0.010130  0.093358  -0.007478  0.984959  0.137316  -0.104886  -0.139829  0.990030  -0.016958  0.101512  0.031369  0.994340  -0.002230  -0.000246  0.004923  0.307892  -0.045440  -0.136084  2.000000  
48.460896 0.010126  0.093357  -0.007472  0.984987  0.137150  -0.104833  -0.139626  0.990065  -0.016619  0.101512  0.031007  0.994351  -0.002421  -0.000341  0.005018  0.307924  -0.045395  -0.136115  2.000000  
48.462144 0.010122  0.093355  -0.007465  0.984987  0.137176  -0.104799  -0.139626  0.990069  -0.016379  0.101512  0.030766  0.994358  -0.002504  -0.000439  0.005106  0.308653  -0.045119  -0.129256  2.000000  
48.463403 0.010117  0.093354  -0.007458  0.985029  0.137014  -0.104614  -0.139425  0.990102  -0.016059  0.101379  0.030405  0.994383  -0.002693  -0.000534  0.005195  0.303795  -0.049788  -0.135959  2.000000  
48.464644 0.010113  0.093353  -0.007451  0.985029  0.137052  -0.104565  -0.139425  0.990108  -0.015699  0.101379  0.030043  0.994394  -0.002831  -0.000631  0.005289  0.306121  -0.044653  -0.128223  2.000000  
48.465895 0.010109  0.093352  -0.007444  0.985058  0.136886  -0.104512  -0.139222  0.990142  -0.015360  0.101379  0.029681  0.994405  -0.002977  -0.000701  0.005368  0.304579  -0.044968  -0.129304  2.000000  
48.467145 0.010104  0.093351  -0.007436  0.985100  0.136712  -0.104344  -0.139021  0.990173  -0.015160  0.101246  0.029440  0.994426  -0.003125  -0.000772  0.005450  0.296487  -0.049424  -0.129190  2.000000  
48.468392 0.010099  0.093349  -0.007429  0.985100  0.136737  -0.104310  -0.139021  0.990177  -0.014920  0.101246  0.029199  0.994433  -0.003233  -0.000847  0.005519  0.293147  -0.044660  -0.122488  2.000000  
48.469394 0.010095  0.093348  -0.007422  0.985129  0.136558  -0.104274  -0.138819  0.990209  -0.014701  0.101246  0.028958  0.994440  -0.003331  -0.000885  0.005624  0.290850  -0.044281  -0.121539  2.000000  
48.470640 0.010091  0.093347  -0.007415  0.985157  0.136380  -0.104238  -0.138616  0.990240  -0.014482  0.101246  0.028716  0.994447  -0.003436  -0.000937  0.005649  0.282791  -0.044242  -0.121569  2.000000  
48.471645 0.010087  0.093347  -0.007409  0.985171  0.136396  -0.104090  -0.138618  0.990242  -0.014381  0.101113  0.028596  0.994464  -0.003542  -0.000930  0.005698  0.277526  -0.044324  -0.115633  2.000000  
