1-Time 2-Px 3-Py 4-Pz 5-R11 6-R21 7-R31 8-R12 9-R22 10-R32 11-R13 12-R23 13-R33 14-Vx 15-Vy 16-Vz 17-Wx 18-Wy 19-Wz 20-state 21-PR11 22-PR21 23-PR31 24-PR12 25-PR22 26-PR32 27-PR13 28-PR23 29-PR33 
108.723325 0.014037  0.099945  -0.023946  0.986456  0.090344  -0.136901  -0.087554  0.995813  0.026276  0.138702  -0.013934  0.990236  -0.000244  0.000165  0.002414  0.000000  0.000000  0.000000  2.000000  
108.724573 0.014038  0.099946  -0.023943  0.986438  0.090566  -0.136885  -0.087758  0.995791  0.026425  0.138702  -0.014054  0.990234  -0.000192  0.000167  0.002403  0.000000  0.000000  0.000000  2.000000  
108.725575 0.014040  0.099948  -0.023939  0.986365  0.090996  -0.137127  -0.088160  0.995750  0.026626  0.138967  -0.014174  0.990196  -0.000014  0.000265  0.002529  0.000000  0.000000  0.000000  2.000000  
108.726837 0.014045  0.099950  -0.023935  0.986236  0.091635  -0.137627  -0.088763  0.995690  0.026879  0.139497  -0.014293  0.990119  0.000334  0.000449  0.002582  0.000000  0.000000  0.000000  2.000000  
108.728095 0.014050  0.099951  -0.023931  0.986162  0.091660  -0.138144  -0.088756  0.995686  0.027047  0.140027  -0.014412  0.990043  0.000660  0.000473  0.002667  0.000000  0.000000  0.000000  2.000000  
108.729332 0.014056  0.099953  -0.023927  0.986069  0.092109  -0.138506  -0.089157  0.995641  0.027381  0.140424  -0.014651  0.989983  0.001087  0.000526  0.002678  0.000000  0.000000  0.000000  2.000000  
108.730341 0.014063  0.099954  -0.023924  0.985958  0.092747  -0.138874  -0.089761  0.995580  0.027624  0.140822  -0.014770  0.989925  0.001562  0.000663  0.002724  0.000000  0.000000  0.000000  2.000000  
108.731343 0.014069  0.099956  -0.023922  0.985827  0.093589  -0.139235  -0.090568  0.995500  0.027895  0.141219  -0.014890  0.989866  0.002021  0.000746  0.002760  0.000000  0.000000  0.000000  2.000000  
108.732677 0.014077  0.099958  -0.023918  0.985677  0.094434  -0.139728  -0.091373  0.995418  0.028179  0.141749  -0.015008  0.989789  0.002566  0.000828  0.002753  0.000000  0.000000  0.000000  2.000000  
108.733827 0.014085  0.099959  -0.023915  0.985544  0.095057  -0.140238  -0.091974  0.995359  0.028315  0.142279  -0.015007  0.989713  0.003162  0.000977  0.002795  0.000000  0.000000  0.000000  2.000000  
108.735078 0.014094  0.099964  -0.023913  0.985373  0.095903  -0.140862  -0.092777  0.995276  0.028613  0.142941  -0.015126  0.989616  0.003762  0.001221  0.002693  0.091605  0.105233  0.186409  2.000000  
108.736085 0.014101  0.099968  -0.023912  0.985240  0.096323  -0.141510  -0.093173  0.995235  0.028733  0.143603  -0.015124  0.989520  0.004299  0.001490  0.002597  0.093621  0.132017  0.200496  2.000000  
108.737329 0.014111  0.099973  -0.023911  0.985047  0.097172  -0.142265  -0.093974  0.995151  0.029046  0.144397  -0.015243  0.989402  0.004988  0.001848  0.002512  0.097614  0.158544  0.228240  2.000000  
108.738347 0.014120  0.099977  -0.023911  0.984893  0.097797  -0.142906  -0.094573  0.995090  0.029197  0.145059  -0.015241  0.989306  0.005621  0.002144  0.002341  0.100574  0.185118  0.249027  2.000000  
108.739587 0.014133  0.099984  -0.023911  0.984718  0.098441  -0.143666  -0.095170  0.995024  0.029483  0.145854  -0.015359  0.989187  0.006430  0.002529  0.002101  0.107760  0.211869  0.270078  2.000000  
108.740823 0.014148  0.099992  -0.023909  0.984562  0.099083  -0.144294  -0.095769  0.994959  0.029756  0.146515  -0.015478  0.989087  0.007168  0.002930  0.001958  0.109934  0.236644  0.288754  2.000000  
108.741838 0.014161  0.099998  -0.023907  0.984405  0.099726  -0.144923  -0.096367  0.994893  0.030030  0.147177  -0.015596  0.988987  0.007835  0.003216  0.001857  0.117934  0.260639  0.311864  2.000000  
108.743074 0.014177  0.100004  -0.023901  0.984267  0.100181  -0.145544  -0.096763  0.994843  0.030396  0.147839  -0.015835  0.988885  0.008506  0.003517  0.002009  0.124177  0.287577  0.326252  2.000000  
108.744090 0.014191  0.100008  -0.023896  0.984128  0.100619  -0.146178  -0.097158  0.994797  0.030642  0.148500  -0.015953  0.988784  0.009128  0.003763  0.002102  0.130242  0.309578  0.339997  2.000000  
108.745330 0.014209  0.100013  -0.023890  0.983929  0.101266  -0.147068  -0.097752  0.994730  0.030944  0.149427  -0.016071  0.988642  0.009737  0.003918  0.002268  0.133417  0.340744  0.361074  2.000000  
108.746336 0.014222  0.100016  -0.023884  0.983769  0.101706  -0.147833  -0.098145  0.994683  0.031204  0.150220  -0.016189  0.988520  0.010194  0.004010  0.002496  0.138659  0.372210  0.368523  2.000000  
108.747580 0.014238  0.100018  -0.023876  0.983608  0.101944  -0.148735  -0.098334  0.994656  0.031447  0.151146  -0.016306  0.988377  0.010787  0.004056  0.002834  0.143874  0.403459  0.375751  2.000000  
108.748587 0.014250  0.100019  -0.023869  0.983487  0.102178  -0.149374  -0.098526  0.994631  0.031664  0.151807  -0.016424  0.988274  0.011138  0.004016  0.003127  0.144929  0.430134  0.382911  2.000000  
108.749826 0.014266  0.100020  -0.023861  0.983325  0.102601  -0.150150  -0.098919  0.994587  0.031805  0.152601  -0.016422  0.988151  0.011680  0.003831  0.003543  0.147139  0.457018  0.397096  2.000000  
108.750838 0.014280  0.100022  -0.023854  0.983244  0.102812  -0.150538  -0.099115  0.994565  0.031876  0.152998  -0.016421  0.988090  0.012120  0.003716  0.003943  0.148137  0.474692  0.404034  2.000000  
108.752078 0.014297  0.100026  -0.023846  0.983142  0.103044  -0.151046  -0.099310  0.994539  0.032081  0.153526  -0.016540  0.988006  0.012625  0.003558  0.004433  0.149373  0.492902  0.411520  2.000000  
108.753086 0.014310  0.100029  -0.023839  0.983060  0.103255  -0.151433  -0.099506  0.994517  0.032152  0.153923  -0.016539  0.987944  0.012919  0.003522  0.004922  0.150385  0.510597  0.418482  2.000000  
108.754333 0.014328  0.100035  -0.023828  0.982978  0.103264  -0.151960  -0.099497  0.994517  0.032205  0.154452  -0.016537  0.987862  0.013207  0.003494  0.005602  0.145413  0.528685  0.411954  2.000000  
108.755575 0.014346  0.100043  -0.023817  0.982916  0.103289  -0.152341  -0.099491  0.994512  0.032366  0.154848  -0.016656  0.987798  0.013367  0.003429  0.006242  0.142600  0.529237  0.391677  2.000000  
108.756823 0.014363  0.100051  -0.023806  0.982833  0.103316  -0.152855  -0.099483  0.994507  0.032540  0.155377  -0.016775  0.987713  0.013437  0.003503  0.006720  0.139608  0.529614  0.375058  2.000000  
108.757825 0.014375  0.100056  -0.023796  0.982771  0.103323  -0.153249  -0.099476  0.994506  0.032579  0.155774  -0.016773  0.987650  0.013423  0.003506  0.007099  0.136910  0.529675  0.378240  2.000000  
108.758830 0.014388  0.100061  -0.023785  0.982730  0.103346  -0.153500  -0.099472  0.994502  0.032727  0.156038  -0.016893  0.987607  0.013363  0.003581  0.007538  0.134871  0.524922  0.364223  2.000000  
108.760078 0.014402  0.100066  -0.023772  0.982688  0.103351  -0.153763  -0.099468  0.994502  0.032753  0.156302  -0.016892  0.987565  0.013139  0.003605  0.007981  0.123821  0.520998  0.343861  2.000000  
108.761351 0.014415  0.100069  -0.023757  0.982646  0.103355  -0.154026  -0.099464  0.994501  0.032780  0.156567  -0.016891  0.987523  0.012876  0.003598  0.008498  0.115636  0.511907  0.316031  2.000000  
108.762576 0.014427  0.100071  -0.023743  0.982625  0.103376  -0.154145  -0.099462  0.994497  0.032914  0.156699  -0.017011  0.987500  0.012610  0.003516  0.008885  0.111093  0.501083  0.287298  2.000000  
108.763864 0.014438  0.100072  -0.023728  0.982605  0.103378  -0.154276  -0.099460  0.994497  0.032927  0.156831  -0.017010  0.987479  0.012297  0.003557  0.009339  0.107504  0.485524  0.260781  2.000000  
108.765086 0.014449  0.100073  -0.023713  0.982584  0.103381  -0.154407  -0.099458  0.994496  0.032941  0.156963  -0.017010  0.987458  0.011937  0.003538  0.009809  0.100539  0.468422  0.240283  2.000000  
108.766338 0.014460  0.100076  -0.023698  0.982542  0.103385  -0.154670  -0.099453  0.994496  0.032967  0.157227  -0.017009  0.987416  0.011544  0.003474  0.010219  0.096432  0.450579  0.212467  2.000000  
108.767343 0.014468  0.100077  -0.023685  0.982521  0.103387  -0.154802  -0.099451  0.994496  0.032980  0.157359  -0.017009  0.987395  0.011134  0.003371  0.010632  0.089310  0.432934  0.191685  2.000000  
108.768581 0.014480  0.100081  -0.023669  0.982500  0.103390  -0.154933  -0.099449  0.994496  0.032994  0.157492  -0.017008  0.987374  0.010810  0.003314  0.011023  0.082210  0.410938  0.170886  2.000000  
108.769841 0.014491  0.100086  -0.023654  0.982479  0.103392  -0.155065  -0.099447  0.994495  0.033007  0.157624  -0.017008  0.987353  0.010351  0.003156  0.011427  0.073979  0.388748  0.143125  2.000000  
108.771083 0.014503  0.100092  -0.023640  0.982479  0.103392  -0.155065  -0.099447  0.994495  0.033007  0.157624  -0.017008  0.987353  0.009948  0.003007  0.011575  0.066833  0.366832  0.122342  2.000000  
108.772345 0.014513  0.100096  -0.023626  0.982479  0.103392  -0.155065  -0.099447  0.994495  0.033007  0.157624  -0.017008  0.987353  0.009502  0.002820  0.011634  0.060649  0.339834  0.108159  2.000000  
108.773569 0.014522  0.100101  -0.023614  0.982499  0.103168  -0.155084  -0.099245  0.994521  0.032854  0.157624  -0.016888  0.987355  0.009172  0.002725  0.011618  0.048995  0.315345  0.086633  2.000000  
108.774575 0.014528  0.100104  -0.023605  0.982499  0.103168  -0.155084  -0.099245  0.994521  0.032854  0.157624  -0.016888  0.987355  0.008794  0.002616  0.011489  0.038180  0.291954  0.066568  2.000000  
108.775585 0.014534  0.100106  -0.023597  0.982499  0.103168  -0.155084  -0.099245  0.994521  0.032854  0.157624  -0.016888  0.987355  0.008444  0.002583  0.011284  0.031899  0.264419  0.052281  2.000000  
108.776823 0.014541  0.100109  -0.023585  0.982499  0.103150  -0.155096  -0.099245  0.994525  0.032734  0.157624  -0.016768  0.987357  0.008040  0.002580  0.011108  0.021472  0.235897  0.037873  2.000000  
108.778076 0.014546  0.100110  -0.023574  0.982520  0.102945  -0.155103  -0.099042  0.994546  0.032702  0.157624  -0.016768  0.987357  0.007702  0.002627  0.010872  0.019521  0.202025  0.023897  2.000000  
108.779082 0.014551  0.100112  -0.023564  0.982520  0.102945  -0.155103  -0.099042  0.994546  0.032702  0.157624  -0.016768  0.987357  0.007359  0.002706  0.010723  0.014263  0.187171  0.016714  2.000000  
108.780337 0.014558  0.100115  -0.023552  0.982520  0.102945  -0.155103  -0.099042  0.994546  0.032702  0.157624  -0.016768  0.987357  0.007077  0.002759  0.010485  0.000000  0.000000  0.000000  2.000000  
108.781585 0.014565  0.100118  -0.023541  0.982541  0.102924  -0.154984  -0.099045  0.994550  0.032568  0.157492  -0.016649  0.987380  0.006825  0.002862  0.010168  0.000000  0.000000  0.000000  2.000000  
108.782824 0.014572  0.100122  -0.023531  0.982561  0.102719  -0.154991  -0.098842  0.994571  0.032536  0.157492  -0.016649  0.987380  0.006618  0.002937  0.009742  0.000000  0.000000  0.000000  2.000000  
108.783833 0.014579  0.100126  -0.023524  0.982540  0.102721  -0.155122  -0.098840  0.994571  0.032549  0.157624  -0.016649  0.987359  0.006410  0.002960  0.009405  0.000000  0.000000  0.000000  2.000000  
108.785072 0.014587  0.100133  -0.023515  0.982540  0.102721  -0.155122  -0.098840  0.994571  0.032549  0.157624  -0.016649  0.987359  0.006238  0.003029  0.009021  0.000000  0.000000  0.000000  2.000000  
108.786080 0.014594  0.100138  -0.023509  0.982540  0.102500  -0.155273  -0.098636  0.994596  0.032410  0.157756  -0.016529  0.987340  0.006078  0.003057  0.008722  0.000000  0.000000  0.000000  2.000000  
108.787348 0.014603  0.100145  -0.023502  0.982540  0.102500  -0.155273  -0.098636  0.994596  0.032410  0.157756  -0.016529  0.987340  0.005954  0.003184  0.008254  0.000000  0.000000  0.000000  2.000000  
108.788579 0.014612  0.100151  -0.023494  0.982540  0.102500  -0.155273  -0.098636  0.994596  0.032410  0.157756  -0.016529  0.987340  0.005992  0.003317  0.007930  0.000000  0.000000  0.000000  2.000000  
108.789580 0.014619  0.100156  -0.023489  0.982540  0.102481  -0.155285  -0.098636  0.994600  0.032289  0.157756  -0.016409  0.987342  0.006036  0.003498  0.007727  0.000000  0.000000  0.000000  2.000000  
108.790589 0.014625  0.100160  -0.023484  0.982540  0.102481  -0.155285  -0.098636  0.994600  0.032289  0.157756  -0.016409  0.987342  0.006089  0.003651  0.007528  0.000000  0.000000  0.000000  2.000000  
108.791823 0.014633  0.100165  -0.023478  0.982560  0.102276  -0.155292  -0.098433  0.994621  0.032257  0.157756  -0.016409  0.987342  0.006189  0.003778  0.007175  0.000000  0.000000  0.000000  2.000000  
108.792834 0.014640  0.100170  -0.023473  0.982560  0.102276  -0.155292  -0.098433  0.994621  0.032257  0.157756  -0.016409  0.987342  0.006323  0.004034  0.006843  0.000000  0.000000  0.000000  2.000000  
108.794084 0.014649  0.100176  -0.023468  0.982560  0.102276  -0.155292  -0.098433  0.994621  0.032257  0.157756  -0.016409  0.987342  0.006582  0.004292  0.006362  0.000000  0.000000  0.000000  2.000000  
108.795146 0.014657  0.100181  -0.023464  0.982560  0.102276  -0.155292  -0.098433  0.994621  0.032257  0.157756  -0.016409  0.987342  0.006688  0.004478  0.005913  0.000000  0.000000  0.000000  2.000000  
108.796328 0.014667  0.100189  -0.023460  0.982560  0.102276  -0.155292  -0.098433  0.994621  0.032257  0.157756  -0.016409  0.987342  0.006906  0.004800  0.005591  0.000000  0.000000  0.000000  2.000000  
108.797330 0.014676  0.100196  -0.023456  0.982560  0.102295  -0.155280  -0.098433  0.994617  0.032378  0.157756  -0.016529  0.987340  0.007123  0.005060  0.005280  0.000000  0.000000  0.000000  2.000000  
108.798342 0.014685  0.100204  -0.023452  0.982539  0.102297  -0.155411  -0.098431  0.994617  0.032391  0.157888  -0.016528  0.987319  0.007333  0.005369  0.005009  0.000000  0.000000  0.000000  2.000000  
108.799576 0.014698  0.100216  -0.023446  0.982539  0.102316  -0.155399  -0.098431  0.994613  0.032512  0.157888  -0.016648  0.987317  0.007654  0.005732  0.004826  0.000000  0.000000  0.000000  2.000000  
108.800586 0.014709  0.100226  -0.023442  0.982519  0.102521  -0.155392  -0.098634  0.994592  0.032544  0.157888  -0.016648  0.987317  0.007881  0.006040  0.004712  0.000000  0.000000  0.000000  2.000000  
108.801588 0.014720  0.100236  -0.023435  0.982519  0.102521  -0.155392  -0.098634  0.994592  0.032544  0.157888  -0.016648  0.987317  0.008188  0.006379  0.004684  0.000000  0.000000  0.000000  2.000000  
108.802834 0.014734  0.100249  -0.023428  0.982519  0.102540  -0.155380  -0.098634  0.994588  0.032664  0.157888  -0.016768  0.987315  0.008475  0.006799  0.004660  0.000000  0.000000  0.000000  2.000000  
108.804075 0.014747  0.100261  -0.023422  0.982498  0.102744  -0.155373  -0.098836  0.994566  0.032696  0.157888  -0.016768  0.987315  0.008781  0.007225  0.004600  0.000000  0.000000  0.000000  2.000000  
108.805325 0.014760  0.100274  -0.023415  0.982498  0.102744  -0.155373  -0.098836  0.994566  0.032696  0.157888  -0.016768  0.987315  0.009125  0.007683  0.004648  0.000000  0.000000  0.000000  2.000000  
108.806330 0.014771  0.100284  -0.023410  0.982499  0.102947  -0.155235  -0.099040  0.994545  0.032715  0.157756  -0.016768  0.987336  0.009403  0.008066  0.004669  0.000000  0.000000  0.000000  2.000000  
108.807334 0.014782  0.100294  -0.023405  0.982499  0.102947  -0.155235  -0.099040  0.994545  0.032715  0.157756  -0.016768  0.987336  0.009712  0.008430  0.004662  0.000000  0.000000  0.000000  2.000000  
108.808573 0.014797  0.100308  -0.023399  0.982479  0.103171  -0.155215  -0.099243  0.994520  0.032868  0.157756  -0.016888  0.987334  0.010142  0.009022  0.004752  0.000000  0.000000  0.000000  2.000000  
108.809587 0.014809  0.100318  -0.023394  0.982499  0.103187  -0.155071  -0.099245  0.994517  0.032975  0.157624  -0.017008  0.987353  0.010434  0.009392  0.004827  0.000000  0.000000  0.000000  2.000000  
108.810826 0.014824  0.100333  -0.023388  0.982479  0.103411  -0.155052  -0.099447  0.994491  0.033128  0.157624  -0.017128  0.987351  0.010783  0.009811  0.004896  0.000000  0.000000  0.000000  2.000000  
108.811829 0.014837  0.100346  -0.023382  0.982479  0.103430  -0.155040  -0.099447  0.994487  0.033248  0.157624  -0.017248  0.987349  0.011097  0.010260  0.005083  0.000000  0.000000  0.000000  2.000000  
108.812849 0.014851  0.100358  -0.023377  0.982459  0.103653  -0.155020  -0.099649  0.994462  0.033401  0.157624  -0.017367  0.987347  0.011330  0.010537  0.005117  0.000000  0.000000  0.000000  2.000000  
108.814076 0.014868  0.100374  -0.023370  0.982459  0.103874  -0.154869  -0.099854  0.994437  0.033540  0.157492  -0.017487  0.987365  0.011703  0.010911  0.005243  0.000000  0.000000  0.000000  2.000000  
108.815327 0.014885  0.100391  -0.023364  0.982459  0.103912  -0.154844  -0.099854  0.994429  0.033781  0.157492  -0.017727  0.987361  0.011906  0.011156  0.005263  0.000000  0.000000  0.000000  2.000000  
108.816596 0.014902  0.100408  -0.023357  0.982438  0.104135  -0.154824  -0.100056  0.994403  0.033934  0.157492  -0.017847  0.987359  0.012135  0.011460  0.005241  0.000000  0.000000  0.000000  2.000000  
108.817839 0.014919  0.100424  -0.023350  0.982439  0.104375  -0.154661  -0.100260  0.994374  0.034193  0.157359  -0.018087  0.987376  0.012410  0.011680  0.005199  0.000000  0.000000  0.000000  2.000000  
108.819072 0.014936  0.100440  -0.023344  0.982439  0.104394  -0.154648  -0.100260  0.994369  0.034314  0.157359  -0.018206  0.987374  0.012624  0.011898  0.005233  0.000000  0.000000  0.000000  2.000000  
108.820076 0.014950  0.100453  -0.023338  0.982439  0.104615  -0.154497  -0.100465  0.994344  0.034453  0.157227  -0.018327  0.987392  0.012840  0.012122  0.005232  0.000000  0.000000  0.000000  2.000000  
108.821091 0.014963  0.100466  -0.023332  0.982439  0.104817  -0.154358  -0.100669  0.994323  0.034471  0.157095  -0.018327  0.987413  0.013018  0.012318  0.005273  0.000000  0.000000  0.000000  2.000000  
108.822334 0.014981  0.100483  -0.023324  0.982439  0.104836  -0.154346  -0.100669  0.994318  0.034592  0.157095  -0.018447  0.987411  0.013254  0.012592  0.005449  0.000000  0.000000  0.000000  2.000000  
108.823340 0.014995  0.100496  -0.023317  0.982439  0.105057  -0.154194  -0.100873  0.994293  0.034731  0.156963  -0.018567  0.987430  0.013415  0.012792  0.005575  0.000000  0.000000  0.000000  2.000000  
108.824573 0.015013  0.100514  -0.023308  0.982439  0.105076  -0.154182  -0.100873  0.994289  0.034852  0.156963  -0.018687  0.987428  0.013638  0.013048  0.005757  0.000000  0.000000  0.000000  2.000000  
108.825585 0.015028  0.100529  -0.023300  0.982419  0.105299  -0.154162  -0.101076  0.994263  0.035004  0.156963  -0.018806  0.987425  0.013790  0.013228  0.005951  0.000000  0.000000  0.000000  2.000000  
108.826829 0.015046  0.100546  -0.023292  0.982439  0.105315  -0.154017  -0.101078  0.994259  0.035111  0.156831  -0.018927  0.987444  0.013932  0.013410  0.006060  0.000000  0.000000  0.000000  2.000000  
108.827832 0.015061  0.100561  -0.023285  0.982419  0.105539  -0.153997  -0.101280  0.994233  0.035263  0.156831  -0.019046  0.987442  0.014060  0.013535  0.006173  0.000000  0.000000  0.000000  2.000000  
108.828834 0.015076  0.100575  -0.023279  0.982419  0.105557  -0.153985  -0.101280  0.994229  0.035384  0.156831  -0.019166  0.987439  0.014118  0.013585  0.006174  0.000000  0.000000  0.000000  2.000000  
108.829835 0.015091  0.100589  -0.023273  0.982419  0.105576  -0.153972  -0.101280  0.994224  0.035504  0.156831  -0.019286  0.987437  0.014174  0.013645  0.006220  0.000000  0.000000  0.000000  2.000000  
108.831080 0.015108  0.100606  -0.023266  0.982419  0.105797  -0.153820  -0.101484  0.994198  0.035643  0.156699  -0.019406  0.987456  0.014195  0.013623  0.006190  0.000000  0.000000  0.000000  2.000000  
108.832334 0.015126  0.100622  -0.023260  0.982398  0.106039  -0.153787  -0.101687  0.994168  0.035916  0.156699  -0.019646  0.987451  0.014261  0.013607  0.006192  0.000000  0.000000  0.000000  2.000000  
108.833578 0.015144  0.100638  -0.023253  0.982419  0.106055  -0.153643  -0.101689  0.994164  0.036023  0.156567  -0.019766  0.987470  0.014302  0.013628  0.006251  0.000000  0.000000  0.000000  2.000000  
108.834580 0.015157  0.100649  -0.023248  0.982398  0.106259  -0.153635  -0.101891  0.994142  0.036055  0.156567  -0.019766  0.987470  0.014261  0.013515  0.006223  0.000000  0.000000  0.000000  2.000000  
108.835581 0.015170  0.100662  -0.023243  0.982397  0.106480  -0.153484  -0.102096  0.994116  0.036193  0.156434  -0.019886  0.987488  0.014285  0.013493  0.006193  0.000000  0.000000  0.000000  2.000000  
108.836583 0.015184  0.100674  -0.023237  0.982397  0.106480  -0.153484  -0.102096  0.994116  0.036193  0.156434  -0.019886  0.987488  0.014261  0.013387  0.006127  0.000000  0.000000  0.000000  2.000000  
108.837833 0.015201  0.100688  -0.023230  0.982376  0.106905  -0.153324  -0.102502  0.994068  0.036363  0.156302  -0.020006  0.987507  0.014220  0.013214  0.006000  0.000000  0.000000  0.000000  2.000000  
108.839075 0.015218  0.100703  -0.023224  0.982376  0.107107  -0.153186  -0.102707  0.994046  0.036381  0.156170  -0.020007  0.987528  0.014152  0.013043  0.005805  0.000000  0.000000  0.000000  2.000000  
108.840089 0.015231  0.100715  -0.023218  0.982355  0.107312  -0.153178  -0.102909  0.994024  0.036413  0.156170  -0.020007  0.987528  0.014035  0.012884  0.005678  0.000000  0.000000  0.000000  2.000000  
108.841340 0.015249  0.100730  -0.023212  0.982354  0.107514  -0.153039  -0.103113  0.994002  0.036430  0.156038  -0.020007  0.987548  0.013834  0.012601  0.005475  0.000000  0.000000  0.000000  2.000000  
108.842342 0.015263  0.100743  -0.023206  0.982333  0.107718  -0.153032  -0.103316  0.993980  0.036462  0.156038  -0.020007  0.987548  0.013901  0.012574  0.005434  0.000000  0.000000  0.000000  2.000000  
108.843574 0.015279  0.100758  -0.023200  0.982290  0.108128  -0.153017  -0.103720  0.993936  0.036525  0.156038  -0.020007  0.987548  0.013823  0.012422  0.005355  0.000000  0.000000  0.000000  2.000000  
108.844587 0.015292  0.100770  -0.023195  0.982290  0.108330  -0.152878  -0.103924  0.993914  0.036542  0.155906  -0.020008  0.987569  0.013661  0.012239  0.005304  0.000000  0.000000  0.000000  2.000000  
108.845821 0.015308  0.100784  -0.023187  0.982247  0.108720  -0.152876  -0.104329  0.993873  0.036485  0.155906  -0.019888  0.987572  0.013552  0.012091  0.005347  0.000000  0.000000  0.000000  2.000000  
108.846830 0.015320  0.100795  -0.023182  0.982246  0.108922  -0.152737  -0.104533  0.993851  0.036502  0.155774  -0.019888  0.987593  0.013384  0.011912  0.005324  0.000000  0.000000  0.000000  2.000000  
108.847832 0.015332  0.100804  -0.023176  0.982203  0.109332  -0.152722  -0.104938  0.993806  0.036565  0.155774  -0.019888  0.987593  0.013232  0.011717  0.005372  0.085373  -0.056515  0.154854  2.000000  
108.848849 0.015343  0.100814  -0.023171  0.982180  0.109738  -0.152575  -0.105344  0.993762  0.036614  0.155642  -0.019889  0.987613  0.013035  0.011522  0.005383  0.084074  -0.061691  0.169545  2.000000  
108.850091 0.015357  0.100826  -0.023165  0.982158  0.110145  -0.152429  -0.105751  0.993717  0.036663  0.155509  -0.019889  0.987634  0.012853  0.011327  0.005344  0.081111  -0.061873  0.176486  2.000000  
108.851337 0.015370  0.100838  -0.023160  0.982135  0.110533  -0.152296  -0.106158  0.993676  0.036591  0.155377  -0.019770  0.987657  0.012586  0.011125  0.005244  0.073460  -0.061540  0.181944  2.000000  
108.852574 0.015383  0.100850  -0.023154  0.982112  0.110939  -0.152149  -0.106564  0.993631  0.036639  0.155245  -0.019770  0.987678  0.012355  0.010996  0.005145  0.072109  -0.066796  0.196951  2.000000  
108.853580 0.015393  0.100859  -0.023150  0.982088  0.111346  -0.152003  -0.106971  0.993585  0.036687  0.155113  -0.019770  0.987699  0.012123  0.010827  0.005069  0.073149  -0.066916  0.203751  2.000000  
108.854831 0.015405  0.100871  -0.023145  0.982043  0.111957  -0.151849  -0.107580  0.993516  0.036767  0.154981  -0.019771  0.987720  0.011787  0.010558  0.004952  0.072310  -0.071837  0.224204  2.000000  
108.856073 0.015418  0.100883  -0.023140  0.982019  0.112363  -0.151702  -0.107986  0.993471  0.036815  0.154848  -0.019771  0.987740  0.011606  0.010479  0.004931  0.065289  -0.076576  0.231189  2.000000  
108.857085 0.015428  0.100893  -0.023135  0.981995  0.112751  -0.151569  -0.108393  0.993429  0.036742  0.154716  -0.019652  0.987763  0.011243  0.010192  0.004800  0.059175  -0.076742  0.244550  2.000000  
108.858327 0.015440  0.100905  -0.023130  0.981969  0.113359  -0.151284  -0.109004  0.993360  0.036807  0.154452  -0.019653  0.987805  0.010981  0.010048  0.004765  0.056770  -0.085340  0.256010  2.000000  
108.859328 0.015450  0.100915  -0.023125  0.981944  0.113747  -0.151151  -0.109410  0.993318  0.036734  0.154320  -0.019533  0.987828  0.010771  0.009873  0.004755  0.050812  -0.090088  0.269548  2.000000  
108.860330 0.015460  0.100924  -0.023119  0.981920  0.114154  -0.151005  -0.109817  0.993271  0.036782  0.154187  -0.019534  0.987848  0.010500  0.009684  0.004744  0.048178  -0.090955  0.278524  2.000000  
108.861350 0.015469  0.100932  -0.023114  0.981893  0.114744  -0.150733  -0.110428  0.993205  0.036725  0.153923  -0.019415  0.987892  0.010284  0.009494  0.004686  0.043178  -0.100276  0.298630  2.000000  
108.862585 0.015481  0.100942  -0.023107  0.981845  0.115336  -0.150593  -0.111037  0.993139  0.036683  0.153791  -0.019295  0.987915  0.010119  0.009326  0.004705  0.036878  -0.104250  0.309860  2.000000  
108.863828 0.015492  0.100951  -0.023100  0.981817  0.115945  -0.150308  -0.111648  0.993068  0.036746  0.153526  -0.019296  0.987956  0.009925  0.009167  0.004702  0.035970  -0.109148  0.330165  2.000000  
108.865076 0.015502  0.100961  -0.023094  0.981789  0.116535  -0.150037  -0.112259  0.993001  0.036688  0.153262  -0.019177  0.987999  0.009705  0.008992  0.004732  0.029969  -0.118357  0.343615  2.000000  
108.866076 0.015511  0.100968  -0.023088  0.981783  0.116938  -0.149759  -0.112668  0.992954  0.036720  0.152998  -0.019178  0.988040  0.009556  0.008851  0.004813  0.030971  -0.122985  0.350414  2.000000  
108.867329 0.015521  0.100978  -0.023082  0.981754  0.117528  -0.149488  -0.113279  0.992887  0.036661  0.152733  -0.019059  0.988084  0.009400  0.008713  0.004936  0.025119  -0.128684  0.366663  2.000000  
108.868578 0.015531  0.100988  -0.023075  0.981701  0.118341  -0.149195  -0.114092  0.992790  0.036754  0.152469  -0.019060  0.988125  0.009204  0.008573  0.005031  0.028057  -0.137020  0.384024  2.000000  
108.869816 0.015541  0.100998  -0.023068  0.981691  0.118946  -0.148778  -0.114705  0.992718  0.036800  0.152072  -0.019061  0.988186  0.009090  0.008476  0.005183  0.030064  -0.146181  0.397345  2.000000  
108.870819 0.015550  0.101006  -0.023062  0.981684  0.119350  -0.148500  -0.115114  0.992669  0.036831  0.151807  -0.019062  0.988226  0.008940  0.008334  0.005263  0.031047  -0.150810  0.404143  2.000000  
108.871820 0.015558  0.101014  -0.023056  0.981653  0.119958  -0.148215  -0.115725  0.992596  0.036891  0.151543  -0.019062  0.988267  0.008820  0.008257  0.005365  0.032048  -0.159864  0.410750  2.000000  
108.872820 0.015565  0.101023  -0.023051  0.981621  0.120566  -0.147930  -0.116336  0.992522  0.036952  0.151278  -0.019063  0.988307  0.008651  0.008198  0.005386  0.034090  -0.168993  0.423994  2.000000  
108.873823 0.015573  0.101031  -0.023046  0.981590  0.121174  -0.147644  -0.116947  0.992448  0.037012  0.151014  -0.019064  0.988348  0.008471  0.008052  0.005396  0.036114  -0.173737  0.437520  2.000000  
108.874824 0.015580  0.101038  -0.023041  0.981577  0.121779  -0.147227  -0.117561  0.992374  0.037056  0.150617  -0.019065  0.988408  0.008285  0.007944  0.005440  0.038123  -0.187352  0.450753  2.000000  
108.876071 0.015588  0.101048  -0.023034  0.981564  0.122384  -0.146810  -0.118174  0.992300  0.037099  0.150220  -0.019066  0.988469  0.008105  0.007868  0.005417  0.042411  -0.197950  0.454525  2.000000  
108.877072 0.015595  0.101055  -0.023028  0.981531  0.122992  -0.146525  -0.118785  0.992224  0.037158  0.149956  -0.019067  0.988509  0.007938  0.007810  0.005439  0.044093  -0.205478  0.464112  2.000000  
108.878072 0.015602  0.101062  -0.023022  0.981517  0.123597  -0.146108  -0.119399  0.992149  0.037201  0.149559  -0.019068  0.988569  0.007794  0.007776  0.005479  0.046075  -0.214725  0.477651  2.000000  
108.879323 0.015610  0.101071  -0.023015  0.981478  0.124407  -0.145683  -0.120214  0.992048  0.037273  0.149162  -0.019069  0.988629  0.007609  0.007711  0.005536  0.047027  -0.228255  0.484213  2.000000  
108.880323 0.015616  0.101078  -0.023009  0.981463  0.125012  -0.145267  -0.120828  0.991972  0.037314  0.148765  -0.019070  0.988689  0.007470  0.007686  0.005579  0.048959  -0.237313  0.497349  2.000000  
108.881333 0.015623  0.101085  -0.023002  0.981428  0.125619  -0.144981  -0.121439  0.991895  0.037372  0.148500  -0.019071  0.988728  0.007402  0.007685  0.005674  0.053948  -0.241896  0.504115  2.000000  
108.882570 0.015631  0.101094  -0.022994  0.981386  0.126446  -0.144541  -0.122254  0.991788  0.037562  0.148103  -0.019192  0.988786  0.007218  0.007621  0.005731  0.059937  -0.251109  0.517502  2.000000  
108.883817 0.015640  0.101104  -0.022986  0.981344  0.127255  -0.144116  -0.123070  0.991684  0.037632  0.147706  -0.019193  0.988845  0.007119  0.007594  0.005803  0.060859  -0.260258  0.524323  2.000000  
108.884818 0.015647  0.101112  -0.022980  0.981327  0.127860  -0.143699  -0.123683  0.991606  0.037671  0.147309  -0.019195  0.988904  0.007003  0.007597  0.005874  0.061752  -0.269302  0.530931  2.000000  
108.886071 0.015654  0.101121  -0.022972  0.981283  0.128686  -0.143259  -0.124499  0.991497  0.037860  0.146912  -0.019316  0.988961  0.006843  0.007511  0.005904  0.067700  -0.278420  0.544127  2.000000  
108.887321 0.015662  0.101131  -0.022966  0.981239  0.129495  -0.142834  -0.125314  0.991392  0.037927  0.146515  -0.019317  0.989020  0.006741  0.007496  0.005913  0.072637  -0.287469  0.550830  2.000000  
108.888572 0.015670  0.101140  -0.022960  0.981168  0.130525  -0.142385  -0.126332  0.991254  0.038144  0.146118  -0.019438  0.989076  0.006598  0.007406  0.005824  0.078557  -0.292225  0.564310  2.000000  
108.889824 0.015677  0.101149  -0.022954  0.981141  0.131331  -0.141828  -0.127150  0.991148  0.038193  0.145589  -0.019439  0.989154  0.006501  0.007399  0.005804  0.084105  -0.303791  0.575799  2.000000  
108.891068 0.015684  0.101158  -0.022948  0.981093  0.132139  -0.141403  -0.127965  0.991040  0.038259  0.145192  -0.019441  0.989213  0.006403  0.007336  0.005765  0.089363  -0.310463  0.584534  2.000000  
108.892076 0.015690  0.101165  -0.022943  0.981072  0.132761  -0.140970  -0.128578  0.990955  0.038415  0.144795  -0.019562  0.989268  0.006322  0.007299  0.005675  0.093211  -0.314965  0.584467  2.000000  
108.893318 0.015697  0.101173  -0.022937  0.981023  0.133569  -0.140544  -0.129394  0.990846  0.038479  0.144397  -0.019563  0.989326  0.006223  0.007261  0.005589  0.099162  -0.324176  0.598017  2.000000  
108.894327 0.015703  0.101180  -0.022933  0.980974  0.134377  -0.140119  -0.130209  0.990737  0.038542  0.144000  -0.019564  0.989384  0.006189  0.007224  0.005483  0.099926  -0.328590  0.604416  2.000000  
108.895327 0.015709  0.101186  -0.022928  0.980950  0.134981  -0.139701  -0.130823  0.990655  0.038576  0.143603  -0.019565  0.989442  0.006135  0.007188  0.005348  0.104627  -0.335780  0.609400  2.000000  
108.896574 0.015716  0.101194  -0.022924  0.980872  0.136010  -0.139252  -0.131840  0.990512  0.038787  0.143206  -0.019686  0.989497  0.006066  0.007116  0.005106  0.110571  -0.340659  0.623147  2.000000  
108.897824 0.015724  0.101202  -0.022919  0.980820  0.136818  -0.138826  -0.132656  0.990401  0.038849  0.142808  -0.019688  0.989555  0.006041  0.007049  0.004894  0.114510  -0.342410  0.624767  2.000000  
108.898824 0.015730  0.101209  -0.022914  0.980767  0.137625  -0.138400  -0.133471  0.990289  0.038909  0.142411  -0.019689  0.989612  0.006019  0.006957  0.004731  0.116298  -0.347064  0.638155  2.000000  
108.900071 0.015738  0.101217  -0.022909  0.980658  0.138841  -0.137959  -0.134690  0.990119  0.039026  0.142014  -0.019690  0.989669  0.005969  0.006871  0.004596  0.119119  -0.351950  0.658513  2.000000  
108.901330 0.015746  0.101224  -0.022905  0.980594  0.139849  -0.137394  -0.135710  0.989977  0.039096  0.141484  -0.019691  0.989745  0.005956  0.006715  0.004391  0.119812  -0.356539  0.665250  2.000000  
108.902601 0.015754  0.101231  -0.022900  0.980482  0.141048  -0.136969  -0.136929  0.989809  0.039090  0.141087  -0.019572  0.989804  0.005987  0.006570  0.004312  0.118358  -0.359355  0.683819  2.000000  
108.903818 0.015761  0.101238  -0.022895  0.980368  0.142262  -0.136527  -0.138148  0.989635  0.039204  0.140689  -0.019573  0.989860  0.006015  0.006414  0.004183  0.120284  -0.361639  0.699235  2.000000  
108.904819 0.015767  0.101243  -0.022892  0.980281  0.143273  -0.136093  -0.139165  0.989490  0.039289  0.140292  -0.019575  0.989917  0.006004  0.006235  0.004127  0.122000  -0.361912  0.712869  2.000000  
108.905824 0.015773  0.101247  -0.022888  0.980222  0.144064  -0.135685  -0.139980  0.989377  0.039225  0.139894  -0.019456  0.989975  0.005987  0.006046  0.004006  0.119630  -0.364952  0.725589  2.000000  
108.907069 0.015780  0.101253  -0.022884  0.980133  0.145074  -0.135251  -0.140997  0.989229  0.039308  0.139497  -0.019457  0.990031  0.005951  0.005847  0.003934  0.120396  -0.366694  0.733189  2.000000  
108.908073 0.015785  0.101256  -0.022881  0.980024  0.146088  -0.134948  -0.142011  0.989080  0.039409  0.139232  -0.019457  0.990069  0.005975  0.005655  0.003840  0.122081  -0.360838  0.746255  2.000000  
108.909322 0.015792  0.101261  -0.022877  0.979933  0.147098  -0.134515  -0.143028  0.988931  0.039490  0.138834  -0.019459  0.990124  0.005905  0.005455  0.003698  0.122809  -0.362610  0.753680  2.000000  
108.910570 0.015798  0.101266  -0.022874  0.979840  0.148108  -0.134081  -0.144044  0.988780  0.039571  0.138437  -0.019460  0.990180  0.005880  0.005258  0.003579  0.123444  -0.358302  0.760647  2.000000  
108.911819 0.015804  0.101271  -0.022871  0.979746  0.149118  -0.133647  -0.145061  0.988628  0.039651  0.138039  -0.019461  0.990236  0.005791  0.005006  0.003459  0.124111  -0.358413  0.767436  2.000000  
108.912819 0.015809  0.101275  -0.022867  0.979663  0.149927  -0.133352  -0.145873  0.988506  0.039722  0.137774  -0.019461  0.990272  0.005687  0.004837  0.003426  0.120816  -0.356979  0.773994  2.000000  
108.914069 0.015815  0.101280  -0.022864  0.979597  0.150733  -0.132926  -0.146688  0.988383  0.039773  0.137377  -0.019463  0.990328  0.005548  0.004661  0.003321  0.120490  -0.356942  0.773959  2.000000  
108.915070 0.015819  0.101284  -0.022860  0.979512  0.151542  -0.132631  -0.147500  0.988259  0.039843  0.137112  -0.019463  0.990364  0.005392  0.004488  0.003299  0.121299  -0.358741  0.781133  2.000000  
108.916318 0.015823  0.101289  -0.022855  0.979445  0.152348  -0.132205  -0.148315  0.988135  0.039892  0.136714  -0.019464  0.990419  0.005168  0.004344  0.003323  0.116894  -0.357192  0.781007  2.000000  
108.917319 0.015826  0.101293  -0.022852  0.979358  0.153156  -0.131910  -0.149127  0.988010  0.039961  0.136449  -0.019465  0.990456  0.004942  0.004216  0.003253  0.117648  -0.354467  0.788082  2.000000  
108.918323 0.015829  0.101298  -0.022849  0.979289  0.153962  -0.131484  -0.149942  0.987885  0.040010  0.136051  -0.019466  0.990511  0.004702  0.004151  0.003217  0.113248  -0.357317  0.787784  2.000000  
108.919566 0.015831  0.101303  -0.022844  0.979188  0.154955  -0.131069  -0.150958  0.987732  0.039965  0.135654  -0.019347  0.990567  0.004420  0.004072  0.003208  0.109888  -0.354599  0.794961  2.000000  
108.920568 0.015834  0.101307  -0.022841  0.979100  0.155764  -0.130774  -0.151770  0.987605  0.040032  0.135389  -0.019348  0.990604  0.004130  0.004062  0.003240  0.110543  -0.353088  0.801779  2.000000  
108.921569 0.015836  0.101311  -0.022838  0.979010  0.156572  -0.130479  -0.152582  0.987477  0.040099  0.135123  -0.019348  0.990640  0.003885  0.004043  0.003209  0.111338  -0.350437  0.808774  2.000000  
108.922581 0.015837  0.101315  -0.022834  0.978969  0.157174  -0.130061  -0.153195  0.987381  0.040118  0.134726  -0.019350  0.990694  0.003629  0.004024  0.003219  0.105820  -0.348474  0.801545  2.000000  
108.923826 0.015840  0.101320  -0.022830  0.978846  0.158169  -0.129777  -0.154208  0.987225  0.040091  0.134461  -0.019230  0.990732  0.003345  0.004064  0.003260  0.102460  -0.344142  0.808719  2.000000  
108.924848 0.015842  0.101324  -0.022827  0.978772  0.158975  -0.129352  -0.155022  0.987095  0.040135  0.134063  -0.019231  0.990786  0.003171  0.004075  0.003279  0.103008  -0.343991  0.814939  2.000000  
108.926073 0.015845  0.101330  -0.022823  0.978665  0.159983  -0.128917  -0.156038  0.986932  0.040206  0.133665  -0.019232  0.990840  0.002932  0.004153  0.003307  0.102880  -0.341615  0.815834  2.000000  
108.927074 0.015848  0.101335  -0.022820  0.978572  0.160791  -0.128622  -0.156850  0.986801  0.040270  0.133400  -0.019233  0.990876  0.002800  0.004196  0.003311  0.099396  -0.340060  0.822846  2.000000  
108.928327 0.015852  0.101340  -0.022817  0.978463  0.161783  -0.128208  -0.157865  0.986641  0.040220  0.133002  -0.019114  0.990931  0.002678  0.004240  0.003274  0.095158  -0.337377  0.823013  2.000000  
108.929573 0.015856  0.101345  -0.022814  0.978352  0.162791  -0.127774  -0.158881  0.986475  0.040288  0.132604  -0.019115  0.990985  0.002602  0.004230  0.003172  0.094803  -0.337297  0.822861  2.000000  
108.930575 0.015860  0.101349  -0.022811  0.978223  0.163786  -0.127490  -0.159894  0.986313  0.040257  0.132339  -0.018995  0.991022  0.002610  0.004227  0.003129  0.090275  -0.335381  0.822895  2.000000  
108.931823 0.015865  0.101354  -0.022808  0.978128  0.164791  -0.126925  -0.160912  0.986146  0.040302  0.131808  -0.018997  0.991093  0.002680  0.004227  0.003036  0.088880  -0.335225  0.816046  2.000000  
108.933072 0.015869  0.101358  -0.022805  0.978014  0.165783  -0.126512  -0.161928  0.985982  0.040248  0.131411  -0.018877  0.991148  0.002759  0.004120  0.002943  0.087613  -0.335010  0.809318  2.000000  
108.934076 0.015873  0.101362  -0.022802  0.977898  0.166791  -0.126078  -0.162943  0.985812  0.040313  0.131013  -0.018878  0.991201  0.002883  0.004095  0.002887  0.088213  -0.335102  0.816114  2.000000  
108.935325 0.015879  0.101366  -0.022800  0.977748  0.167985  -0.125656  -0.164159  0.985611  0.040283  0.130615  -0.018759  0.991256  0.003053  0.004018  0.002764  0.083807  -0.335053  0.816180  2.000000  
108.936568 0.015884  0.101370  -0.022797  0.977613  0.169178  -0.125103  -0.165379  0.985409  0.040230  0.130084  -0.018640  0.991328  0.003242  0.003971  0.002749  0.084376  -0.339667  0.823248  2.000000  
108.937570 0.015889  0.101374  -0.022794  0.977443  0.170375  -0.124813  -0.166592  0.985205  0.040221  0.129819  -0.018521  0.991365  0.003462  0.003960  0.002716  0.080946  -0.335225  0.830178  2.000000  
108.938816 0.015895  0.101379  -0.022790  0.977270  0.171784  -0.124232  -0.168012  0.984960  0.040311  0.129288  -0.018522  0.991434  0.003693  0.003920  0.002689  0.082723  -0.341835  0.843766  2.000000  
108.939834 0.015900  0.101383  -0.022787  0.977113  0.172979  -0.123811  -0.169228  0.984754  0.040277  0.128890  -0.018403  0.991488  0.003899  0.003933  0.002648  0.079872  -0.344572  0.857246  2.000000  
108.940841 0.015906  0.101388  -0.022785  0.976919  0.174375  -0.123382  -0.170645  0.984509  0.040267  0.128492  -0.018283  0.991542  0.004117  0.003915  0.002606  0.078261  -0.349336  0.877607  2.000000  
