1-Time 2-Px 3-Py 4-Pz 5-R11 6-R21 7-R31 8-R12 9-R22 10-R32 11-R13 12-R23 13-R33 14-Vx 15-Vy 16-Vz 17-Wx 18-Wy 19-Wz 20-state 21-PR11 22-PR21 23-PR31 24-PR12 25-PR22 26-PR32 27-PR13 28-PR23 29-PR33 
22.491390 0.005394  0.091577  -0.009818  0.994934  0.064528  -0.077086  -0.062349  0.997593  0.030350  0.078859  -0.025390  0.996562  0.000634  0.001574  -0.001242  -0.086457  0.008892  -0.165352  2.000000  
22.492394 0.005394  0.091578  -0.009818  0.994936  0.064326  -0.077226  -0.062144  0.997606  0.030343  0.078993  -0.025390  0.996552  0.000700  0.001503  -0.001182  -0.086459  0.013385  -0.165213  2.000000  
22.493414 0.005395  0.091577  -0.009819  0.994915  0.064333  -0.077492  -0.062142  0.997605  0.030359  0.079259  -0.025389  0.996531  0.000706  0.001331  -0.001106  0.000000  0.000000  0.000000  2.000000  
22.494639 0.005395  0.091576  -0.009818  0.994894  0.064349  -0.077750  -0.062141  0.997601  0.030497  0.079526  -0.025510  0.996506  0.000742  0.001092  -0.001006  0.000000  0.000000  0.000000  2.000000  
22.495643 0.005396  0.091574  -0.009818  0.994862  0.064369  -0.078142  -0.062139  0.997597  0.030643  0.079926  -0.025630  0.996471  0.000709  0.000851  -0.000858  0.000000  0.000000  0.000000  2.000000  
22.496890 0.005397  0.091572  -0.009817  0.994843  0.064183  -0.078539  -0.061932  0.997606  0.030773  0.080326  -0.025750  0.996436  0.000787  0.000565  -0.000668  0.000000  0.000000  0.000000  2.000000  
22.497892 0.005398  0.091570  -0.009816  0.994810  0.064203  -0.078931  -0.061930  0.997601  0.030919  0.080726  -0.025870  0.996401  0.000772  0.000277  -0.000503  0.000000  0.000000  0.000000  2.000000  
22.499140 0.005399  0.091568  -0.009815  0.994752  0.064634  -0.079309  -0.062338  0.997571  0.031097  0.081127  -0.025990  0.996365  0.000786  -0.000005  -0.000272  0.000000  0.000000  0.000000  2.000000  
22.500389 0.005401  0.091566  -0.009814  0.994707  0.064859  -0.079694  -0.062541  0.997553  0.031260  0.081527  -0.026110  0.996329  0.000767  -0.000314  -0.000061  0.000000  0.000000  0.000000  2.000000  
22.501393 0.005401  0.091564  -0.009813  0.994661  0.065085  -0.080079  -0.062743  0.997535  0.031422  0.081927  -0.026230  0.996293  0.000736  -0.000547  0.000049  0.000000  0.000000  0.000000  2.000000  
22.502400 0.005402  0.091562  -0.009813  0.994616  0.065301  -0.080472  -0.062946  0.997521  0.031464  0.082327  -0.026229  0.996260  0.000720  -0.000774  0.000150  0.000000  0.000000  0.000000  2.000000  
22.503640 0.005402  0.091560  -0.009814  0.994545  0.065735  -0.080983  -0.063353  0.997489  0.031652  0.082860  -0.026349  0.996213  0.000626  -0.001001  0.000154  0.000000  0.000000  0.000000  2.000000  
22.504642 0.005402  0.091559  -0.009815  0.994488  0.065965  -0.081500  -0.063555  0.997471  0.031824  0.083393  -0.026468  0.996165  0.000585  -0.001149  0.000189  -0.001518  0.172619  -0.064401  2.000000  
22.505891 0.005402  0.091558  -0.009815  0.994419  0.066198  -0.082151  -0.063756  0.997452  0.032004  0.084060  -0.026588  0.996106  0.000566  -0.001325  0.000198  0.007735  0.194732  -0.050020  2.000000  
22.506893 0.005403  0.091555  -0.009816  0.994349  0.066431  -0.082801  -0.063957  0.997434  0.032185  0.084727  -0.026707  0.996046  0.000567  -0.001529  0.000181  0.016993  0.212343  -0.035756  2.000000  
22.508141 0.005403  0.091552  -0.009817  0.994266  0.066869  -0.083445  -0.064363  0.997401  0.032383  0.085393  -0.026826  0.995986  0.000584  -0.001711  0.000090  0.026836  0.234302  -0.014484  2.000000  
22.509392 0.005405  0.091549  -0.009817  0.994196  0.067103  -0.084095  -0.064564  0.997382  0.032564  0.086060  -0.026946  0.995926  0.000639  -0.001836  0.000103  0.036114  0.256364  -0.000101  2.000000  
22.510421 0.005406  0.091545  -0.009816  0.994136  0.067343  -0.084604  -0.064765  0.997359  0.032858  0.086593  -0.027186  0.995873  0.000682  -0.001959  0.000144  0.045363  0.273718  0.014180  2.000000  
22.511639 0.005407  0.091540  -0.009814  0.994040  0.067786  -0.085380  -0.065170  0.997326  0.033066  0.087393  -0.027305  0.995800  0.000717  -0.002173  0.000209  0.055294  0.295953  0.035473  2.000000  
22.512645 0.005408  0.091535  -0.009812  0.993968  0.068030  -0.086021  -0.065371  0.997303  0.033369  0.088059  -0.027545  0.995734  0.000693  -0.002403  0.000303  0.064590  0.317964  0.049880  2.000000  
22.513890 0.005410  0.091527  -0.009809  0.993860  0.068286  -0.087061  -0.065569  0.997279  0.033699  0.089125  -0.027784  0.995633  0.000738  -0.002753  0.000394  0.078015  0.353614  0.064655  2.000000  
22.515141 0.005412  0.091519  -0.009807  0.993763  0.068539  -0.087968  -0.065768  0.997255  0.034021  0.090058  -0.028023  0.995542  0.000751  -0.003149  0.000448  0.087946  0.380010  0.086094  2.000000  
22.516392 0.005413  0.091511  -0.009804  0.993677  0.068777  -0.088750  -0.065968  0.997235  0.034213  0.090858  -0.028142  0.995466  0.000822  -0.003481  0.000601  0.096521  0.403341  0.099792  2.000000  
22.517641 0.005415  0.091503  -0.009802  0.993603  0.068822  -0.089531  -0.065963  0.997225  0.034507  0.091657  -0.028381  0.995386  0.000916  -0.003952  0.000821  0.106670  0.433192  0.115158  2.000000  
22.518642 0.005417  0.091497  -0.009800  0.993528  0.069057  -0.090180  -0.066164  0.997206  0.034691  0.092323  -0.028500  0.995321  0.001035  -0.004293  0.000958  0.111980  0.450825  0.129459  2.000000  
22.519888 0.005419  0.091490  -0.009798  0.993441  0.069307  -0.090953  -0.066363  0.997181  0.035005  0.093123  -0.028739  0.995240  0.001152  -0.004660  0.001142  0.125468  0.477494  0.144021  2.000000  
22.520992 0.005420  0.091484  -0.009796  0.993391  0.069333  -0.091476  -0.066360  0.997176  0.035161  0.093655  -0.028859  0.995186  0.001221  -0.004911  0.001323  0.129744  0.493633  0.150925  2.000000  
22.522144 0.005422  0.091478  -0.009794  0.993302  0.069573  -0.092257  -0.066559  0.997156  0.035354  0.094455  -0.028977  0.995107  0.001316  -0.005177  0.001568  0.135514  0.517358  0.165845  2.000000  
22.523392 0.005424  0.091472  -0.009790  0.993226  0.069608  -0.093046  -0.066554  0.997150  0.035529  0.095254  -0.029096  0.995028  0.001366  -0.005333  0.001810  0.138623  0.531309  0.165112  2.000000  
22.524401 0.005425  0.091468  -0.009788  0.993175  0.069634  -0.093569  -0.066551  0.997145  0.035685  0.095787  -0.029215  0.994973  0.001340  -0.005388  0.001982  0.138601  0.539893  0.165318  2.000000  
22.525639 0.005426  0.091462  -0.009784  0.993085  0.069685  -0.094482  -0.066545  0.997134  0.035990  0.096719  -0.029453  0.994876  0.001333  -0.005440  0.002116  0.142736  0.557664  0.165891  2.000000  
22.526641 0.005426  0.091458  -0.009780  0.993020  0.069716  -0.095137  -0.066540  0.997128  0.036155  0.097385  -0.029572  0.994807  0.001288  -0.005466  0.002238  0.144604  0.571023  0.174453  2.000000  
22.527643 0.005426  0.091452  -0.009777  0.992955  0.069759  -0.095784  -0.066536  0.997118  0.036441  0.098050  -0.029812  0.994735  0.001154  -0.005496  0.002303  0.148764  0.579973  0.174798  2.000000  
22.528646 0.005426  0.091446  -0.009774  0.992916  0.069581  -0.096315  -0.066328  0.997127  0.036578  0.098583  -0.029931  0.994679  0.001049  -0.005477  0.002416  0.147566  0.589256  0.161317  2.000000  
22.529890 0.005425  0.091439  -0.009769  0.992837  0.069629  -0.097094  -0.066323  0.997117  0.036873  0.099382  -0.030170  0.994592  0.000895  -0.005465  0.002572  0.149253  0.598190  0.146817  2.000000  
22.530893 0.005424  0.091432  -0.009765  0.992783  0.069657  -0.097617  -0.066319  0.997111  0.037030  0.099914  -0.030289  0.994535  0.000773  -0.005480  0.002665  0.149944  0.607907  0.141361  2.000000  
22.532139 0.005423  0.091424  -0.009760  0.992703  0.069705  -0.098397  -0.066314  0.997100  0.037325  0.100713  -0.030527  0.994447  0.000629  -0.005468  0.002849  0.156303  0.616694  0.133865  2.000000  
22.533141 0.005423  0.091418  -0.009756  0.992635  0.069938  -0.098912  -0.066515  0.997080  0.037502  0.101246  -0.030646  0.994389  0.000485  -0.005477  0.003012  0.156278  0.620821  0.133994  2.000000  
22.534147 0.005422  0.091411  -0.009752  0.992568  0.069971  -0.099567  -0.066510  0.997075  0.037667  0.101911  -0.030765  0.994318  0.000269  -0.005501  0.003202  0.157053  0.626317  0.128321  2.000000  
22.535395 0.005421  0.091404  -0.009746  0.992513  0.069810  -0.100221  -0.066301  0.997078  0.037933  0.102577  -0.031004  0.994242  0.000066  -0.005531  0.003420  0.162602  0.625873  0.113776  2.000000  
22.536641 0.005419  0.091397  -0.009741  0.992431  0.069848  -0.101009  -0.066296  0.997072  0.038107  0.103375  -0.031122  0.994155  -0.000164  -0.005567  0.003571  0.158673  0.627014  0.100934  2.000000  
22.537894 0.005418  0.091390  -0.009737  0.992362  0.070082  -0.101524  -0.066496  0.997052  0.038284  0.103907  -0.031241  0.994096  -0.000360  -0.005634  0.003661  0.158044  0.622613  0.093973  2.000000  
22.539137 0.005416  0.091384  -0.009734  0.992292  0.070127  -0.102170  -0.066492  0.997041  0.038570  0.104573  -0.031480  0.994019  -0.000580  -0.005691  0.003643  0.161549  0.622943  0.087217  2.000000  
22.540141 0.005415  0.091380  -0.009731  0.992250  0.070140  -0.102568  -0.066489  0.997040  0.038597  0.104972  -0.031478  0.993977  -0.000739  -0.005670  0.003600  0.155536  0.617971  0.079699  2.000000  
22.541392 0.005412  0.091374  -0.009729  0.992194  0.070169  -0.103091  -0.066485  0.997035  0.038754  0.105504  -0.031597  0.993917  -0.000988  -0.005694  0.003513  0.151431  0.609891  0.066287  2.000000  
22.542636 0.005408  0.091368  -0.009726  0.992137  0.070199  -0.103613  -0.066481  0.997029  0.038910  0.106036  -0.031716  0.993856  -0.001153  -0.005604  0.003409  0.145551  0.600794  0.058907  2.000000  
22.543641 0.005406  0.091364  -0.009724  0.992095  0.070224  -0.104002  -0.066478  0.997023  0.039058  0.106436  -0.031835  0.993810  -0.001317  -0.005511  0.003316  0.141997  0.583340  0.051931  2.000000  
22.544890 0.005402  0.091358  -0.009722  0.992038  0.070254  -0.104525  -0.066475  0.997017  0.039214  0.106968  -0.031954  0.993749  -0.001561  -0.005317  0.003164  0.137277  0.570106  0.044749  2.000000  
22.545894 0.005399  0.091354  -0.009719  0.991995  0.070279  -0.104914  -0.066472  0.997012  0.039362  0.107367  -0.032073  0.993702  -0.001713  -0.005145  0.003069  0.136585  0.561229  0.037655  2.000000  
22.547141 0.005394  0.091349  -0.009716  0.991937  0.070309  -0.105436  -0.066468  0.997006  0.039518  0.107899  -0.032192  0.993641  -0.001966  -0.004953  0.002943  0.132541  0.552313  0.037488  2.000000  
22.548396 0.005390  0.091345  -0.009712  0.991894  0.070335  -0.105825  -0.066465  0.997000  0.039666  0.108298  -0.032311  0.993593  -0.002186  -0.004730  0.002835  0.130772  0.539048  0.030146  2.000000  
22.549638 0.005386  0.091340  -0.009709  0.991851  0.070361  -0.106215  -0.066462  0.996994  0.039814  0.108697  -0.032430  0.993546  -0.002358  -0.004584  0.002712  0.127089  0.525740  0.023059  2.000000  
22.550642 0.005383  0.091335  -0.009707  0.991807  0.070387  -0.106604  -0.066459  0.996989  0.039961  0.109096  -0.032549  0.993498  -0.002484  -0.004466  0.002539  0.127520  0.522996  0.023061  2.000000  
22.551890 0.005380  0.091331  -0.009704  0.991778  0.070408  -0.106861  -0.066457  0.996983  0.040100  0.109362  -0.032668  0.993465  -0.002637  -0.004258  0.002428  0.126413  0.503557  0.015611  2.000000  
22.552890 0.005377  0.091327  -0.009703  0.991734  0.070434  -0.107250  -0.066454  0.996977  0.040247  0.109761  -0.032787  0.993417  -0.002754  -0.004217  0.002315  0.126397  0.494500  0.015390  2.000000  
22.553891 0.005374  0.091324  -0.009701  0.991705  0.070443  -0.107516  -0.066452  0.996977  0.040265  0.110027  -0.032787  0.993388  -0.002834  -0.004122  0.002213  0.122298  0.485422  0.015137  2.000000  
22.555137 0.005372  0.091320  -0.009700  0.991661  0.070469  -0.107905  -0.066449  0.996971  0.040413  0.110426  -0.032906  0.993339  -0.002871  -0.004015  0.002063  0.121390  0.472896  0.014804  2.000000  
22.556141 0.005369  0.091316  -0.009699  0.991631  0.070478  -0.108170  -0.066447  0.996970  0.040431  0.110692  -0.032905  0.993310  -0.002874  -0.003913  0.002017  0.114145  0.453956  0.014266  2.000000  
22.557391 0.005367  0.091312  -0.009698  0.991587  0.070504  -0.108559  -0.066444  0.996965  0.040578  0.111091  -0.033024  0.993261  -0.002839  -0.003797  0.001889  0.113237  0.441425  0.013926  2.000000  
22.558393 0.005364  0.091309  -0.009698  0.991585  0.070304  -0.108700  -0.066239  0.996979  0.040565  0.111224  -0.033023  0.993247  -0.002832  -0.003738  0.001829  0.106014  0.427074  0.013525  2.000000  
22.559642 0.005362  0.091305  -0.009698  0.991556  0.070326  -0.108957  -0.066237  0.996973  0.040703  0.111490  -0.033143  0.993213  -0.002732  -0.003645  0.001629  0.105133  0.410150  0.013039  2.000000  
22.560891 0.005359  0.091301  -0.009698  0.991541  0.070330  -0.109089  -0.066236  0.996973  0.040712  0.111623  -0.033142  0.993198  -0.002642  -0.003554  0.001407  0.097042  0.392297  0.012519  2.000000  
22.562144 0.005357  0.091298  -0.009698  0.991525  0.070147  -0.109355  -0.066030  0.996982  0.040828  0.111889  -0.033262  0.993164  -0.002470  -0.003442  0.001113  0.093038  0.373315  0.005097  2.000000  
22.563393 0.005354  0.091294  -0.009699  0.991510  0.070165  -0.109479  -0.066029  0.996977  0.040958  0.112021  -0.033382  0.993145  -0.002372  -0.003357  0.000864  0.091532  0.357062  -0.002151  2.000000  
22.564404 0.005353  0.091292  -0.009700  0.991508  0.069964  -0.109620  -0.065824  0.996991  0.040944  0.112154  -0.033381  0.993130  -0.002250  -0.003259  0.000611  0.083364  0.337670  -0.009724  2.000000  
22.565643 0.005351  0.091289  -0.009701  0.991492  0.069781  -0.109885  -0.065618  0.997000  0.041060  0.112420  -0.033500  0.993096  -0.002131  -0.003112  0.000316  0.083508  0.320292  -0.010285  2.000000  
22.566894 0.005350  0.091286  -0.009702  0.991462  0.069803  -0.110141  -0.065616  0.996994  0.041199  0.112686  -0.033620  0.993062  -0.001988  -0.002979  0.000132  0.079290  0.306303  -0.010649  2.000000  
22.568139 0.005348  0.091284  -0.009703  0.991460  0.069616  -0.110274  -0.065411  0.997003  0.041306  0.112819  -0.033740  0.993043  -0.001888  -0.002849  -0.000056  0.077821  0.293419  -0.024815  2.000000  
22.569155 0.005348  0.091282  -0.009703  0.991445  0.069620  -0.110407  -0.065410  0.997003  0.041314  0.112952  -0.033739  0.993027  -0.001770  -0.002730  -0.000150  0.073667  0.279690  -0.025217  2.000000  
22.570402 0.005347  0.091280  -0.009703  0.991443  0.069433  -0.110539  -0.065205  0.997012  0.041421  0.113085  -0.033859  0.993008  -0.001567  -0.002561  -0.000248  0.072911  0.270961  -0.032353  2.000000  
22.571639 0.005347  0.091278  -0.009705  0.991428  0.069437  -0.110672  -0.065204  0.997012  0.041430  0.113218  -0.033859  0.992993  -0.001405  -0.002410  -0.000380  0.068849  0.257588  -0.032794  2.000000  
22.572891 0.005347  0.091277  -0.009705  0.991413  0.069442  -0.110804  -0.065203  0.997011  0.041439  0.113351  -0.033858  0.992978  -0.001236  -0.002261  -0.000495  0.064757  0.244099  -0.033222  2.000000  
22.574140 0.005347  0.091275  -0.009707  0.991411  0.069255  -0.110937  -0.064998  0.997020  0.041546  0.113484  -0.033978  0.992959  -0.001052  -0.002124  -0.000649  0.063451  0.233379  -0.040027  2.000000  
22.575141 0.005347  0.091272  -0.009709  0.991396  0.069259  -0.111070  -0.064997  0.997020  0.041554  0.113617  -0.033978  0.992943  -0.000904  -0.002078  -0.000765  0.059446  0.224660  -0.040343  2.000000  
22.576387 0.005347  0.091270  -0.009711  0.991381  0.069277  -0.111194  -0.064996  0.997015  0.041684  0.113750  -0.034098  0.992924  -0.000723  -0.001945  -0.000917  0.059409  0.211204  -0.040746  2.000000  
22.577396 0.005347  0.091269  -0.009714  0.991379  0.069077  -0.111335  -0.064791  0.997028  0.041670  0.113883  -0.034097  0.992909  -0.000569  -0.001859  -0.001005  0.055007  0.199585  -0.048369  2.000000  
22.578402 0.005348  0.091267  -0.009716  0.991379  0.069090  -0.111327  -0.064791  0.997023  0.041791  0.113883  -0.034217  0.992905  -0.000412  -0.001794  -0.001123  0.054978  0.186047  -0.048780  2.000000  
22.579644 0.005349  0.091265  -0.009718  0.991364  0.069108  -0.111451  -0.064790  0.997018  0.041920  0.114016  -0.034337  0.992885  -0.000224  -0.001706  -0.001223  0.054984  0.177134  -0.049077  2.000000  
22.580646 0.005349  0.091264  -0.009721  0.991362  0.068921  -0.111584  -0.064584  0.997027  0.042027  0.114149  -0.034457  0.992866  -0.000124  -0.001662  -0.001290  0.000000  0.000000  0.000000  2.000000  
22.581891 0.005349  0.091261  -0.009723  0.991362  0.068935  -0.111575  -0.064584  0.997022  0.042148  0.114149  -0.034578  0.992862  -0.000034  -0.001646  -0.001381  0.000000  0.000000  0.000000  2.000000  
22.582892 0.005349  0.091259  -0.009725  0.991347  0.068953  -0.111700  -0.064583  0.997016  0.042277  0.114281  -0.034698  0.992842  0.000074  -0.001655  -0.001461  0.000000  0.000000  0.000000  2.000000  
22.584142 0.005349  0.091258  -0.009728  0.991332  0.068971  -0.111824  -0.064582  0.997011  0.042407  0.114414  -0.034818  0.992823  0.000127  -0.001622  -0.001624  0.000000  0.000000  0.000000  2.000000  
22.585151 0.005349  0.091256  -0.009730  0.991316  0.068989  -0.111948  -0.064581  0.997005  0.042537  0.114547  -0.034937  0.992803  0.000170  -0.001637  -0.001804  0.000000  0.000000  0.000000  2.000000  
22.586391 0.005349  0.091254  -0.009733  0.991301  0.069021  -0.112064  -0.064580  0.996995  0.042787  0.114680  -0.035178  0.992779  0.000156  -0.001646  -0.001905  0.000000  0.000000  0.000000  2.000000  
22.587640 0.005349  0.091252  -0.009735  0.991286  0.069039  -0.112188  -0.064579  0.996989  0.042917  0.114813  -0.035298  0.992760  0.000145  -0.001635  -0.002053  0.000000  0.000000  0.000000  2.000000  
22.588641 0.005349  0.091251  -0.009737  0.991299  0.068848  -0.112188  -0.064375  0.996998  0.043014  0.114813  -0.035418  0.992756  0.000128  -0.001585  -0.002072  0.000000  0.000000  0.000000  2.000000  
22.589886 0.005349  0.091249  -0.009740  0.991284  0.068866  -0.112313  -0.064374  0.996993  0.043144  0.114946  -0.035538  0.992736  0.000138  -0.001564  -0.002076  0.000000  0.000000  0.000000  2.000000  
22.590886 0.005349  0.091249  -0.009741  0.991268  0.068884  -0.112437  -0.064373  0.996987  0.043274  0.115079  -0.035658  0.992716  0.000130  -0.001539  -0.002084  0.000000  0.000000  0.000000  2.000000  
22.591887 0.005349  0.091248  -0.009743  0.991268  0.068898  -0.112428  -0.064373  0.996982  0.043394  0.115079  -0.035778  0.992712  0.000100  -0.001455  -0.002022  0.000000  0.000000  0.000000  2.000000  
22.592888 0.005349  0.091246  -0.009745  0.991253  0.068916  -0.112553  -0.064372  0.996976  0.043524  0.115212  -0.035898  0.992692  0.000068  -0.001456  -0.002007  0.000000  0.000000  0.000000  2.000000  
22.594144 0.005349  0.091245  -0.009746  0.991238  0.068935  -0.112677  -0.064371  0.996971  0.043654  0.115345  -0.036018  0.992672  0.000057  -0.001375  -0.001936  0.000000  0.000000  0.000000  2.000000  
22.595394 0.005349  0.091243  -0.009749  0.991222  0.068953  -0.112801  -0.064370  0.996965  0.043783  0.115478  -0.036138  0.992652  0.000024  -0.001367  -0.001907  0.000000  0.000000  0.000000  2.000000  
22.596394 0.005349  0.091242  -0.009751  0.991222  0.068967  -0.112793  -0.064370  0.996960  0.043904  0.115478  -0.036258  0.992648  -0.000024  -0.001344  -0.001946  0.000000  0.000000  0.000000  2.000000  
22.597641 0.005349  0.091240  -0.009754  0.991191  0.069004  -0.113041  -0.064368  0.996949  0.044163  0.115743  -0.036498  0.992608  -0.000020  -0.001323  -0.001993  0.000000  0.000000  0.000000  2.000000  
22.598890 0.005348  0.091238  -0.009757  0.991189  0.068818  -0.113174  -0.064163  0.996957  0.044269  0.115876  -0.036618  0.992588  -0.000050  -0.001327  -0.001979  0.000000  0.000000  0.000000  2.000000  
22.600139 0.005348  0.091235  -0.009760  0.991189  0.068845  -0.113158  -0.064163  0.996946  0.044511  0.115876  -0.036858  0.992580  -0.000112  -0.001381  -0.002021  0.000000  0.000000  0.000000  2.000000  
22.601144 0.005347  0.091233  -0.009763  0.991174  0.068864  -0.113282  -0.064162  0.996941  0.044641  0.116009  -0.036978  0.992560  -0.000114  -0.001403  -0.002053  0.000000  0.000000  0.000000  2.000000  
22.602390 0.005347  0.091231  -0.009766  0.991158  0.068882  -0.113406  -0.064161  0.996935  0.044770  0.116142  -0.037098  0.992540  -0.000122  -0.001434  -0.002065  0.000000  0.000000  0.000000  2.000000  
22.603639 0.005347  0.091229  -0.009769  0.991156  0.068710  -0.113531  -0.063956  0.996938  0.044997  0.116275  -0.037338  0.992515  -0.000140  -0.001464  -0.002120  0.000000  0.000000  0.000000  2.000000  
22.604886 0.005347  0.091228  -0.009772  0.991140  0.068742  -0.113647  -0.063955  0.996926  0.045248  0.116408  -0.037578  0.992490  -0.000139  -0.001468  -0.002201  0.000000  0.000000  0.000000  2.000000  
22.605889 0.005347  0.091226  -0.009774  0.991153  0.068551  -0.113648  -0.063751  0.996935  0.045345  0.116408  -0.037699  0.992486  -0.000147  -0.001443  -0.002212  0.000000  0.000000  0.000000  2.000000  
22.607140 0.005347  0.091225  -0.009777  0.991138  0.068583  -0.113764  -0.063750  0.996924  0.045596  0.116541  -0.037939  0.992461  -0.000153  -0.001476  -0.002303  0.000000  0.000000  0.000000  2.000000  
22.608386 0.005347  0.091224  -0.009780  0.991135  0.068397  -0.113897  -0.063545  0.996932  0.045702  0.116674  -0.038059  0.992441  -0.000126  -0.001463  -0.002341  0.000000  0.000000  0.000000  2.000000  
22.609386 0.005347  0.091223  -0.009783  0.991120  0.068430  -0.114013  -0.063544  0.996921  0.045952  0.116807  -0.038299  0.992416  -0.000131  -0.001416  -0.002393  0.000000  0.000000  0.000000  2.000000  
22.610405 0.005347  0.091222  -0.009785  0.991104  0.068449  -0.114137  -0.063543  0.996915  0.046081  0.116939  -0.038419  0.992396  -0.000110  -0.001386  -0.002419  0.000000  0.000000  0.000000  2.000000  
22.611639 0.005348  0.091221  -0.009787  0.991117  0.068257  -0.114139  -0.063339  0.996923  0.046179  0.116939  -0.038539  0.992391  -0.000073  -0.001317  -0.002406  0.000000  0.000000  0.000000  2.000000  
22.612647 0.005348  0.091221  -0.009789  0.991102  0.068290  -0.114255  -0.063338  0.996912  0.046429  0.117072  -0.038779  0.992366  -0.000033  -0.001257  -0.002379  0.000000  0.000000  0.000000  2.000000  
22.613891 0.005348  0.091220  -0.009791  0.991099  0.068104  -0.114388  -0.063133  0.996920  0.046535  0.117205  -0.038899  0.992346  0.000008  -0.001176  -0.002314  0.000000  0.000000  0.000000  2.000000  
22.614892 0.005349  0.091220  -0.009793  0.991083  0.068123  -0.114513  -0.063132  0.996914  0.046664  0.117338  -0.039019  0.992325  0.000068  -0.001063  -0.002191  0.000000  0.000000  0.000000  2.000000  
22.616140 0.005349  0.091219  -0.009794  0.991081  0.067951  -0.114638  -0.062927  0.996916  0.046891  0.117471  -0.039259  0.992300  0.000138  -0.000940  -0.002070  0.000000  0.000000  0.000000  2.000000  
22.617141 0.005349  0.091219  -0.009795  0.991065  0.067984  -0.114754  -0.062926  0.996904  0.047141  0.117604  -0.039499  0.992275  0.000161  -0.000846  -0.002013  0.000000  0.000000  0.000000  2.000000  
22.618391 0.005350  0.091218  -0.009797  0.991062  0.067798  -0.114888  -0.062721  0.996912  0.047247  0.117737  -0.039619  0.992254  0.000234  -0.000737  -0.001926  0.000000  0.000000  0.000000  2.000000  
22.619392 0.005351  0.091218  -0.009799  0.991062  0.067826  -0.114872  -0.062721  0.996901  0.047489  0.117737  -0.039859  0.992245  0.000240  -0.000671  -0.001850  0.000000  0.000000  0.000000  2.000000  
22.620393 0.005351  0.091218  -0.009800  0.991046  0.067859  -0.114988  -0.062720  0.996889  0.047739  0.117870  -0.040099  0.992219  0.000281  -0.000591  -0.001784  0.000000  0.000000  0.000000  2.000000  
22.621639 0.005352  0.091218  -0.009802  0.991044  0.067687  -0.115114  -0.062515  0.996891  0.047965  0.118002  -0.040339  0.992194  0.000325  -0.000490  -0.001764  0.000000  0.000000  0.000000  2.000000  
22.622887 0.005353  0.091219  -0.009804  0.991028  0.067720  -0.115230  -0.062514  0.996879  0.048216  0.118135  -0.040580  0.992168  0.000384  -0.000380  -0.001643  0.000000  0.000000  0.000000  2.000000  
22.623890 0.005353  0.091219  -0.009806  0.991012  0.067754  -0.115346  -0.062513  0.996867  0.048466  0.118268  -0.040820  0.992142  0.000386  -0.000302  -0.001608  0.000000  0.000000  0.000000  2.000000  
22.625141 0.005354  0.091220  -0.009807  0.991009  0.067582  -0.115472  -0.062308  0.996868  0.048692  0.118401  -0.041060  0.992117  0.000445  -0.000192  -0.001488  0.159091  0.101552  -0.064836  2.000000  
22.626400 0.005355  0.091220  -0.009808  0.990993  0.067616  -0.115588  -0.062307  0.996856  0.048942  0.118534  -0.041300  0.992091  0.000460  -0.000082  -0.001383  0.163102  0.101527  -0.064793  2.000000  
22.627643 0.005356  0.091222  -0.009809  0.990977  0.067649  -0.115704  -0.062306  0.996844  0.049193  0.118667  -0.041540  0.992065  0.000507  0.000074  -0.001296  0.163139  0.101572  -0.064786  2.000000  
22.628645 0.005357  0.091223  -0.009809  0.990962  0.067683  -0.115820  -0.062305  0.996832  0.049443  0.118800  -0.041780  0.992039  0.000555  0.000215  -0.001169  0.167984  0.101291  -0.057887  2.000000  
22.629890 0.005357  0.091224  -0.009809  0.990958  0.067511  -0.115946  -0.062100  0.996833  0.049669  0.118932  -0.042020  0.992013  0.000543  0.000269  -0.001069  0.167190  0.106085  -0.064558  2.000000  
22.630891 0.005358  0.091224  -0.009809  0.990958  0.067525  -0.115938  -0.062100  0.996827  0.049790  0.118932  -0.042140  0.992008  0.000581  0.000359  -0.000985  0.167211  0.101615  -0.064733  2.000000  
22.631892 0.005359  0.091225  -0.009809  0.990943  0.067559  -0.116054  -0.062099  0.996815  0.050040  0.119065  -0.042380  0.991982  0.000654  0.000467  -0.000898  0.171239  0.101602  -0.064698  2.000000  
22.632892 0.005359  0.091226  -0.009808  0.990927  0.067593  -0.116170  -0.062098  0.996802  0.050290  0.119198  -0.042620  0.991955  0.000639  0.000529  -0.000780  0.176129  0.105833  -0.057634  2.000000  
22.634138 0.005361  0.091228  -0.009808  0.990911  0.067627  -0.116286  -0.062097  0.996790  0.050540  0.119331  -0.042860  0.991929  0.000675  0.000633  -0.000612  0.176223  0.105909  -0.057641  2.000000  
22.635140 0.005361  0.091228  -0.009808  0.990908  0.067456  -0.116413  -0.061892  0.996791  0.050766  0.119464  -0.043100  0.991903  0.000660  0.000694  -0.000496  0.179434  0.106173  -0.064474  2.000000  
22.636392 0.005362  0.091230  -0.009807  0.990892  0.067490  -0.116529  -0.061891  0.996778  0.051017  0.119597  -0.043340  0.991876  0.000684  0.000773  -0.000320  0.178707  0.105006  -0.057090  2.000000  
22.637641 0.005363  0.091230  -0.009806  0.990876  0.067524  -0.116645  -0.061890  0.996765  0.051267  0.119729  -0.043580  0.991850  0.000673  0.000789  -0.000146  0.180178  0.105889  -0.057535  2.000000  
22.638641 0.005363  0.091232  -0.009805  0.990860  0.067558  -0.116761  -0.061889  0.996753  0.051517  0.119862  -0.043820  0.991823  0.000686  0.000857  0.000037  0.185076  0.105622  -0.050653  2.000000  
22.639888 0.005364  0.091233  -0.009804  0.990856  0.067387  -0.116888  -0.061684  0.996754  0.051743  0.119995  -0.044059  0.991796  0.000667  0.000897  0.000201  0.184310  0.110447  -0.057323  2.000000  
22.640888 0.005364  0.091233  -0.009804  0.990840  0.067435  -0.116996  -0.061683  0.996734  0.052114  0.120128  -0.044420  0.991764  0.000619  0.000853  0.000263  0.195700  0.109246  -0.050011  2.000000  
22.641890 0.005364  0.091234  -0.009803  0.990824  0.067470  -0.117112  -0.061682  0.996721  0.052364  0.120261  -0.044660  0.991737  0.000584  0.000845  0.000329  0.197393  0.110207  -0.050418  2.000000  
22.643143 0.005364  0.091234  -0.009803  0.990808  0.067518  -0.117220  -0.061681  0.996702  0.052735  0.120394  -0.045020  0.991705  0.000518  0.000772  0.000335  0.206261  0.109873  -0.043500  2.000000  
22.644404 0.005364  0.091234  -0.009803  0.990805  0.067348  -0.117347  -0.061476  0.996703  0.052961  0.120526  -0.045260  0.991678  0.000483  0.000761  0.000356  0.203724  0.113713  -0.049729  2.000000  
22.645645 0.005364  0.091234  -0.009803  0.990789  0.067396  -0.117455  -0.061475  0.996683  0.053331  0.120659  -0.045620  0.991645  0.000398  0.000679  0.000391  0.211803  0.113725  -0.049700  2.000000  
22.646890 0.005364  0.091235  -0.009802  0.990773  0.067445  -0.117562  -0.061474  0.996663  0.053702  0.120792  -0.045980  0.991612  0.000320  0.000609  0.000431  0.216657  0.113447  -0.042858  2.000000  
22.647891 0.005364  0.091235  -0.009801  0.990769  0.067275  -0.117690  -0.061269  0.996663  0.053928  0.120925  -0.046220  0.991585  0.000316  0.000588  0.000476  0.217622  0.114695  -0.050048  2.000000  
22.649142 0.005364  0.091235  -0.009800  0.990753  0.067310  -0.117806  -0.061268  0.996650  0.054178  0.121058  -0.046459  0.991558  0.000220  0.000476  0.000516  0.218468  0.114423  -0.043162  2.000000  
22.650391 0.005364  0.091235  -0.009799  0.990737  0.067359  -0.117914  -0.061267  0.996630  0.054549  0.121191  -0.046819  0.991524  0.000189  0.000396  0.000542  0.220694  0.113487  -0.042769  2.000000  
22.651393 0.005364  0.091235  -0.009798  0.990720  0.067394  -0.118030  -0.061266  0.996616  0.054799  0.121323  -0.047059  0.991497  0.000122  0.000307  0.000602  0.223322  0.114125  -0.036228  2.000000  
22.652638 0.005364  0.091234  -0.009797  0.990717  0.067223  -0.118157  -0.061061  0.996616  0.055025  0.121456  -0.047299  0.991469  0.000085  0.000255  0.000618  0.224713  0.113500  -0.042717  2.000000  
22.653639 0.005364  0.091234  -0.009796  0.990701  0.067258  -0.118273  -0.061060  0.996602  0.055274  0.121589  -0.047539  0.991441  0.000032  0.000178  0.000588  0.222526  0.114471  -0.043042  2.000000  
22.654640 0.005363  0.091234  -0.009795  0.990684  0.067293  -0.118389  -0.061059  0.996589  0.055524  0.121722  -0.047778  0.991414  -0.000057  0.000055  0.000593  0.227381  0.114148  -0.036149  2.000000  
22.655886 0.005362  0.091233  -0.009795  0.990681  0.067123  -0.118517  -0.060854  0.996589  0.055750  0.121855  -0.048018  0.991386  -0.000090  0.000007  0.000608  0.224693  0.113530  -0.042632  2.000000  
22.656889 0.005362  0.091233  -0.009794  0.990664  0.067159  -0.118633  -0.060853  0.996575  0.056000  0.121987  -0.048258  0.991358  -0.000113  -0.000043  0.000598  0.224700  0.118001  -0.042404  2.000000  
22.658140 0.005362  0.091232  -0.009795  0.990648  0.067208  -0.118741  -0.060852  0.996554  0.056371  0.122120  -0.048618  0.991324  -0.000135  -0.000094  0.000588  0.228774  0.118033  -0.042374  2.000000  
22.659395 0.005361  0.091232  -0.009794  0.990632  0.067244  -0.118857  -0.060851  0.996540  0.056620  0.122253  -0.048857  0.991296  -0.000201  -0.000168  0.000594  0.228728  0.118023  -0.042338  2.000000  
22.660396 0.005361  0.091232  -0.009795  0.990615  0.067279  -0.118973  -0.060850  0.996525  0.056870  0.122386  -0.049097  0.991267  -0.000222  -0.000201  0.000547  0.231473  0.118706  -0.035800  2.000000  
22.661639 0.005361  0.091232  -0.009795  0.990615  0.067322  -0.118948  -0.060850  0.996505  0.057233  0.122386  -0.049458  0.991250  -0.000206  -0.000201  0.000503  0.233598  0.113280  -0.035675  2.000000  
22.662644 0.005360  0.091231  -0.009795  0.990599  0.067358  -0.119065  -0.060849  0.996490  0.057483  0.122519  -0.049697  0.991221  -0.000260  -0.000261  0.000435  0.235517  0.114221  -0.035940  2.000000  
22.663893 0.005360  0.091231  -0.009795  0.990583  0.067408  -0.119172  -0.060848  0.996469  0.057854  0.122651  -0.050057  0.991187  -0.000243  -0.000243  0.000353  0.239569  0.114223  -0.035902  2.000000  
22.665141 0.005360  0.091231  -0.009795  0.990566  0.067443  -0.119288  -0.060847  0.996455  0.058103  0.122784  -0.050297  0.991158  -0.000302  -0.000276  0.000267  0.240459  0.113936  -0.029020  2.000000  
22.666406 0.005360  0.091230  -0.009796  0.990550  0.067494  -0.119396  -0.060846  0.996433  0.058474  0.122917  -0.050657  0.991123  -0.000291  -0.000292  0.000094  0.244370  0.109380  -0.029178  2.000000  
22.667641 0.005359  0.091230  -0.009797  0.990534  0.067529  -0.119512  -0.060845  0.996418  0.058724  0.123050  -0.050896  0.991095  -0.000293  -0.000305  -0.000044  0.240432  0.109454  -0.029162  2.000000  
22.668893 0.005359  0.091229  -0.009797  0.990517  0.067580  -0.119620  -0.060844  0.996396  0.059095  0.123182  -0.051256  0.991059  -0.000289  -0.000283  -0.000090  0.242469  0.113005  -0.028672  2.000000  
22.670139 0.005359  0.091229  -0.009798  0.990501  0.067616  -0.119736  -0.060843  0.996382  0.059345  0.123315  -0.051496  0.991031  -0.000268  -0.000261  -0.000169  0.241244  0.109130  -0.022232  2.000000  
22.671145 0.005359  0.091229  -0.009798  0.990484  0.067651  -0.119852  -0.060842  0.996367  0.059594  0.123448  -0.051735  0.991002  -0.000229  -0.000242  -0.000187  0.241215  0.113614  -0.021985  2.000000  
22.672392 0.005359  0.091229  -0.009798  0.990484  0.067681  -0.119835  -0.060842  0.996352  0.059836  0.123448  -0.051976  0.990989  -0.000194  -0.000195  -0.000213  0.239348  0.108285  -0.022004  2.000000  
22.673641 0.005359  0.091230  -0.009798  0.990468  0.067731  -0.119943  -0.060841  0.996330  0.060207  0.123581  -0.052335  0.990953  -0.000158  -0.000147  -0.000238  0.239276  0.108262  -0.021958  2.000000  
22.674888 0.005359  0.091230  -0.009798  0.990451  0.067767  -0.120059  -0.060840  0.996315  0.060457  0.123714  -0.052575  0.990924  -0.000143  -0.000148  -0.000270  0.236049  0.107924  -0.015120  2.000000  
22.676148 0.005359  0.091230  -0.009798  0.990451  0.067811  -0.120034  -0.060840  0.996293  0.060819  0.123714  -0.052936  0.990905  -0.000123  -0.000099  -0.000264  0.238024  0.104341  -0.015431  2.000000  
22.677149 0.005359  0.091230  -0.009799  0.990435  0.067847  -0.120150  -0.060839  0.996278  0.061069  0.123846  -0.053175  0.990876  -0.000119  -0.000078  -0.000310  0.237935  0.104307  -0.015400  2.000000  
22.678394 0.005359  0.091230  -0.009800  0.990435  0.067876  -0.120134  -0.060839  0.996263  0.061311  0.123846  -0.053415  0.990863  -0.000115  -0.000057  -0.000356  0.236880  0.098684  -0.008674  2.000000  
22.679395 0.005359  0.091231  -0.009801  0.990418  0.067913  -0.120250  -0.060838  0.996247  0.061561  0.123979  -0.053655  0.990833  -0.000078  -0.000008  -0.000375  0.238803  0.099488  -0.008720  2.000000  
22.680639 0.005358  0.091230  -0.009802  0.990418  0.067942  -0.120233  -0.060838  0.996233  0.061802  0.123979  -0.053895  0.990820  -0.000078  -0.000008  -0.000375  0.236907  0.094245  -0.008853  2.000000  
22.681640 0.005359  0.091230  -0.009802  0.990418  0.067971  -0.120217  -0.060838  0.996217  0.062044  0.123979  -0.054136  0.990807  -0.000066  -0.000012  -0.000411  0.235619  0.090178  -0.002267  2.000000  
22.682643 0.005359  0.091230  -0.009803  0.990401  0.068007  -0.120332  -0.060837  0.996202  0.062294  0.124112  -0.054375  0.990777  -0.000036  0.000015  -0.000397  0.235602  0.090173  -0.002245  2.000000  
22.683888 0.005359  0.091230  -0.009803  0.990401  0.068037  -0.120316  -0.060837  0.996187  0.062535  0.124112  -0.054615  0.990764  -0.000005  0.000041  -0.000371  0.237716  0.084980  -0.002440  2.000000  
22.684891 0.005358  0.091230  -0.009804  0.990401  0.068066  -0.120299  -0.060837  0.996172  0.062777  0.124112  -0.054856  0.990751  -0.000036  0.000015  -0.000397  0.235657  0.081211  -0.002668  2.000000  
22.685891 0.005359  0.091229  -0.009803  0.990385  0.068102  -0.120415  -0.060836  0.996156  0.063027  0.124245  -0.055095  0.990721  -0.000027  -0.000010  -0.000381  0.236457  0.080837  0.004210  2.000000  
22.687139 0.005359  0.091229  -0.009803  0.990385  0.068131  -0.120399  -0.060836  0.996141  0.063268  0.124245  -0.055336  0.990707  -0.000019  -0.000034  -0.000371  0.234517  0.075719  0.003962  2.000000  
22.688392 0.005359  0.091229  -0.009804  0.990397  0.067956  -0.120395  -0.060632  0.996139  0.063485  0.124245  -0.055576  0.990694  0.000002  -0.000062  -0.000403  0.233725  0.071638  -0.003055  2.000000  
22.689636 0.005359  0.091228  -0.009804  0.990381  0.068007  -0.120503  -0.060631  0.996116  0.063856  0.124377  -0.055935  0.990657  0.000011  -0.000085  -0.000387  0.233664  0.071621  -0.003028  2.000000  
22.690639 0.005359  0.091228  -0.009804  0.990381  0.068036  -0.120486  -0.060631  0.996100  0.064098  0.124377  -0.056176  0.990643  0.000007  -0.000108  -0.000348  0.235669  0.067744  -0.003276  2.000000  
22.691886 0.005359  0.091228  -0.009804  0.990364  0.068088  -0.120594  -0.060630  0.996076  0.064468  0.124510  -0.056535  0.990606  0.000011  -0.000151  -0.000287  0.233692  0.067177  -0.003224  2.000000  
22.692888 0.005359  0.091228  -0.009804  0.990377  0.067912  -0.120591  -0.060426  0.996075  0.064685  0.124510  -0.056776  0.990593  0.000007  -0.000172  -0.000242  0.232968  0.067579  -0.010014  2.000000  
22.693889 0.005359  0.091227  -0.009803  0.990377  0.067956  -0.120566  -0.060426  0.996051  0.065047  0.124510  -0.057136  0.990572  -0.000009  -0.000189  -0.000162  0.236893  0.063094  -0.010229  2.000000  
22.694889 0.005359  0.091227  -0.009803  0.990389  0.067780  -0.120563  -0.060222  0.996049  0.065264  0.124510  -0.057376  0.990558  -0.000013  -0.000210  -0.000117  0.236014  0.059005  -0.017254  2.000000  
22.695896 0.005359  0.091227  -0.009803  0.990372  0.067831  -0.120671  -0.060221  0.996025  0.065635  0.124643  -0.057736  0.990520  0.000014  -0.000208  -0.000053  0.242017  0.059492  -0.017377  2.000000  
22.697141 0.005359  0.091227  -0.009802  0.990385  0.067670  -0.120659  -0.060017  0.996015  0.065972  0.124643  -0.058096  0.990499  -0.000011  -0.000201  0.000019  0.243260  0.054938  -0.024263  2.000000  
22.698144 0.005359  0.091227  -0.009802  0.990385  0.067699  -0.120643  -0.060017  0.995999  0.066214  0.124643  -0.058337  0.990485  -0.000003  -0.000225  0.000029  0.241163  0.050903  -0.024692  2.000000  
22.699395 0.005359  0.091227  -0.009803  0.990380  0.067546  -0.120764  -0.059813  0.995988  0.066560  0.124776  -0.058696  0.990447  -0.000003  -0.000222  0.000028  0.244368  0.051289  -0.031530  2.000000  
22.700640 0.005359  0.091226  -0.009803  0.990380  0.067590  -0.120740  -0.059813  0.995964  0.066922  0.124776  -0.059056  0.990426  0.000028  -0.000195  0.000048  0.244434  0.051315  -0.031520  2.000000  
22.701641 0.005359  0.091226  -0.009803  0.990393  0.067414  -0.120737  -0.059609  0.995961  0.067139  0.124776  -0.059297  0.990411  0.000041  -0.000202  0.000013  0.247640  0.047213  -0.038617  2.000000  
22.702889 0.005360  0.091226  -0.009804  0.990388  0.067276  -0.120851  -0.059404  0.995942  0.067605  0.124908  -0.059776  0.990366  0.000040  -0.000199  0.000013  0.252799  0.047216  -0.045075  2.000000  
22.703890 0.005360  0.091226  -0.009803  0.990388  0.067305  -0.120834  -0.059404  0.995926  0.067847  0.124908  -0.060017  0.990351  0.000063  -0.000148  0.000023  0.250815  0.047620  -0.045433  2.000000  
22.705142 0.005360  0.091226  -0.009804  0.990384  0.067167  -0.120948  -0.059199  0.995906  0.068313  0.125041  -0.060496  0.990305  0.000085  -0.000179  -0.000003  0.258122  0.048032  -0.052274  2.000000  
22.706143 0.005361  0.091226  -0.009804  0.990396  0.067006  -0.120938  -0.058995  0.995895  0.068650  0.125041  -0.060856  0.990283  0.000129  -0.000155  -0.000018  0.259215  0.048048  -0.058633  2.000000  
22.707391 0.005362  0.091226  -0.009803  0.990391  0.066853  -0.121060  -0.058790  0.995883  0.068996  0.125174  -0.061216  0.990244  0.000196  -0.000124  0.000031  0.262372  0.048454  -0.065411  2.000000  
22.708393 0.005362  0.091226  -0.009804  0.990404  0.066692  -0.121050  -0.058586  0.995872  0.069333  0.125174  -0.061576  0.990222  0.000243  -0.000080  -0.000029  0.265552  0.048867  -0.072191  2.000000  
