1-Time 2-Px 3-Py 4-Pz 5-R11 6-R21 7-R31 8-R12 9-R22 10-R32 11-R13 12-R23 13-R33 14-Vx 15-Vy 16-Vz 17-Wx 18-Wy 19-Wz 20-state 21-PR11 22-PR21 23-PR31 24-PR12 25-PR22 26-PR32 27-PR13 28-PR23 29-PR33 
35.359494 0.011277  0.098224  -0.017916  0.987943  0.146975  -0.048659  -0.145236  0.988684  0.037554  0.053628  -0.030034  0.998109  0.000159  0.001576  0.004665  0.000000  0.000000  0.000000  2.000000  
35.360503 0.011277  0.098226  -0.017912  0.987936  0.146979  -0.048791  -0.145235  0.988684  0.037573  0.053761  -0.030034  0.998102  0.000107  0.001573  0.004672  0.000000  0.000000  0.000000  2.000000  
35.361506 0.011278  0.098228  -0.017906  0.987861  0.147394  -0.049040  -0.145639  0.988622  0.037632  0.054028  -0.030033  0.998088  0.000148  0.001577  0.004699  0.000000  0.000000  0.000000  2.000000  
35.362748 0.011281  0.098230  -0.017900  0.987689  0.148423  -0.049397  -0.146653  0.988468  0.037741  0.054429  -0.030033  0.998066  0.000253  0.001560  0.004730  0.000000  0.000000  0.000000  2.000000  
35.363752 0.011283  0.098231  -0.017895  0.987607  0.148848  -0.049760  -0.147056  0.988400  0.037941  0.054830  -0.030153  0.998040  0.000357  0.001542  0.004759  0.000000  0.000000  0.000000  2.000000  
35.364753 0.011285  0.098231  -0.017890  0.987532  0.149269  -0.049990  -0.147461  0.988333  0.038120  0.055097  -0.030274  0.998022  0.000484  0.001416  0.004712  0.000000  0.000000  0.000000  2.000000  
35.365998 0.011290  0.098233  -0.017885  0.987412  0.149896  -0.050495  -0.148066  0.988238  0.038230  0.055632  -0.030273  0.997992  0.000786  0.001435  0.004701  -0.033757  0.178072  0.060798  2.000000  
35.366998 0.011294  0.098235  -0.017880  0.987298  0.150524  -0.050849  -0.148673  0.988139  0.038441  0.056032  -0.030393  0.997966  0.001034  0.001426  0.004738  -0.028559  0.186408  0.081799  2.000000  
35.368001 0.011298  0.098237  -0.017876  0.987107  0.151561  -0.051470  -0.149683  0.987981  0.038594  0.056700  -0.030392  0.997929  0.001305  0.001413  0.004700  -0.022602  0.203366  0.116891  2.000000  
35.369248 0.011303  0.098238  -0.017870  0.986884  0.152808  -0.052063  -0.150897  0.987785  0.038878  0.057368  -0.030512  0.997887  0.001628  0.001381  0.004700  -0.012158  0.220034  0.158859  2.000000  
35.370257 0.011307  0.098239  -0.017867  0.986697  0.153847  -0.052532  -0.151908  0.987620  0.039132  0.057902  -0.030632  0.997852  0.001887  0.001311  0.004606  -0.005772  0.232126  0.200633  2.000000  
35.371261 0.011312  0.098241  -0.017864  0.986549  0.154673  -0.052896  -0.152717  0.987491  0.039237  0.058303  -0.030631  0.997829  0.002249  0.001351  0.004492  -0.000134  0.240284  0.228515  2.000000  
35.372495 0.011319  0.098243  -0.017860  0.986321  0.155919  -0.053488  -0.153929  0.987291  0.039525  0.058971  -0.030751  0.997786  0.002759  0.001425  0.004349  0.010394  0.257117  0.270628  2.000000  
35.373496 0.011325  0.098245  -0.017857  0.986130  0.156958  -0.053956  -0.154939  0.987123  0.039783  0.059505  -0.030871  0.997751  0.003215  0.001472  0.004257  0.016854  0.269255  0.312437  2.000000  
35.374502 0.011332  0.098248  -0.017852  0.985907  0.158194  -0.054434  -0.156152  0.986925  0.039933  0.060039  -0.030870  0.997719  0.003693  0.001552  0.004227  0.023342  0.281446  0.354220  2.000000  
35.375744 0.011342  0.098251  -0.017848  0.985665  0.159444  -0.055156  -0.157362  0.986721  0.040246  0.060841  -0.030990  0.997666  0.004325  0.001666  0.004104  0.029673  0.300208  0.393198  2.000000  
35.376758 0.011351  0.098253  -0.017846  0.985462  0.160487  -0.055754  -0.158370  0.986548  0.040528  0.061509  -0.031109  0.997622  0.004852  0.001705  0.003939  0.040553  0.319201  0.438172  2.000000  
35.378011 0.011362  0.098256  -0.017841  0.985241  0.161538  -0.056615  -0.159375  0.986372  0.040855  0.062443  -0.031228  0.997560  0.005364  0.001710  0.003842  0.050903  0.345073  0.473480  2.000000  
35.379254 0.011372  0.098256  -0.017836  0.985019  0.162596  -0.057456  -0.160380  0.986191  0.041302  0.063378  -0.031469  0.997493  0.005943  0.001653  0.003748  0.061336  0.366468  0.508794  2.000000  
35.380497 0.011384  0.098255  -0.017831  0.984802  0.163643  -0.058184  -0.161386  0.986014  0.041610  0.064179  -0.031588  0.997438  0.006412  0.001484  0.003732  0.072150  0.387736  0.551018  2.000000  
35.381501 0.011394  0.098253  -0.017828  0.984618  0.164487  -0.058920  -0.162188  0.985870  0.041908  0.064980  -0.031707  0.997383  0.006838  0.001258  0.003657  0.078091  0.409262  0.579267  2.000000  
35.382748 0.011406  0.098251  -0.017822  0.984390  0.165538  -0.059778  -0.163191  0.985690  0.042241  0.065915  -0.031826  0.997318  0.007275  0.000940  0.003632  0.087905  0.431772  0.609831  2.000000  
35.383998 0.011417  0.098246  -0.017816  0.984194  0.166386  -0.060644  -0.163992  0.985543  0.042563  0.066849  -0.031945  0.997252  0.007741  0.000506  0.003672  0.095114  0.456589  0.649938  2.000000  
35.385253 0.011427  0.098239  -0.017811  0.984030  0.167032  -0.061519  -0.164589  0.985430  0.042874  0.067784  -0.032064  0.997185  0.007995  0.000015  0.003714  0.104829  0.482773  0.671280  2.000000  
35.386260 0.011435  0.098233  -0.017808  0.983875  0.167674  -0.062261  -0.165188  0.985317  0.043164  0.068585  -0.032183  0.997126  0.008221  -0.000532  0.003752  0.110912  0.499721  0.699284  2.000000  
35.387497 0.011446  0.098226  -0.017803  0.983709  0.168319  -0.063135  -0.165785  0.985203  0.043477  0.069519  -0.032302  0.997057  0.008525  -0.001236  0.003810  0.116692  0.526287  0.721252  2.000000  
35.388499 0.011454  0.098220  -0.017799  0.983585  0.168758  -0.063886  -0.166180  0.985124  0.043756  0.070320  -0.032421  0.996997  0.008619  -0.001804  0.003798  0.126077  0.543827  0.735589  2.000000  
35.389747 0.011462  0.098212  -0.017795  0.983417  0.169405  -0.064759  -0.166777  0.985009  0.044071  0.071254  -0.032540  0.996927  0.008588  -0.002489  0.003743  0.131226  0.565403  0.758049  2.000000  
35.390994 0.011471  0.098205  -0.017790  0.983316  0.169645  -0.065650  -0.166968  0.984964  0.044360  0.072188  -0.032659  0.996856  0.008461  -0.003128  0.003846  0.135276  0.587838  0.751869  2.000000  
35.391994 0.011478  0.098199  -0.017785  0.983224  0.169882  -0.066409  -0.167161  0.984919  0.044628  0.072989  -0.032778  0.996794  0.008385  -0.003655  0.003978  0.138911  0.601700  0.738725  2.000000  
35.393001 0.011484  0.098193  -0.017781  0.983141  0.170106  -0.067057  -0.167355  0.984880  0.044753  0.073656  -0.032776  0.996745  0.008173  -0.004187  0.004029  0.133876  0.615654  0.718582  2.000000  
35.394260 0.011489  0.098183  -0.017775  0.983039  0.170348  -0.067948  -0.167546  0.984835  0.045043  0.074590  -0.032895  0.996672  0.007742  -0.005012  0.004051  0.134468  0.638659  0.710862  2.000000  
35.395498 0.011493  0.098173  -0.017769  0.982900  0.170792  -0.068829  -0.167938  0.984754  0.045348  0.075524  -0.033013  0.996597  0.007264  -0.005512  0.004165  0.139100  0.652322  0.711542  2.000000  
35.396751 0.011496  0.098162  -0.017762  0.982820  0.170835  -0.069859  -0.167925  0.984742  0.045647  0.076592  -0.033132  0.996512  0.006593  -0.006143  0.004302  0.137813  0.671070  0.684526  2.000000  
35.397751 0.011498  0.098152  -0.017757  0.982769  0.170857  -0.070516  -0.167916  0.984739  0.045759  0.077259  -0.033130  0.996460  0.006073  -0.006640  0.004359  0.135953  0.672238  0.650057  2.000000  
35.398998 0.011498  0.098138  -0.017750  0.982663  0.171090  -0.071427  -0.168106  0.984698  0.045931  0.078192  -0.033128  0.996388  0.005416  -0.007169  0.004451  0.129377  0.680851  0.617707  2.000000  
35.399998 0.011498  0.098127  -0.017743  0.982611  0.171121  -0.072063  -0.168097  0.984689  0.046163  0.078859  -0.033247  0.996331  0.004840  -0.007614  0.004613  0.127406  0.686410  0.583759  2.000000  
35.400999 0.011498  0.098115  -0.017737  0.982548  0.171147  -0.072852  -0.168087  0.984684  0.046298  0.079660  -0.033245  0.996268  0.004256  -0.007953  0.004809  0.126503  0.702467  0.554572  2.000000  
35.402246 0.011497  0.098101  -0.017729  0.982474  0.171178  -0.073771  -0.168074  0.984679  0.046455  0.080593  -0.033242  0.996193  0.003561  -0.008397  0.005027  0.119363  0.710846  0.516015  2.000000  
35.403499 0.011497  0.098087  -0.017720  0.982410  0.171204  -0.074559  -0.168063  0.984675  0.046590  0.081393  -0.033240  0.996128  0.002785  -0.008883  0.005309  0.112770  0.718480  0.465111  2.000000  
35.404744 0.011495  0.098073  -0.017712  0.982346  0.171231  -0.075348  -0.168052  0.984670  0.046725  0.082193  -0.033238  0.996062  0.002199  -0.009290  0.005537  0.105643  0.722515  0.427356  2.000000  
35.405746 0.011494  0.098062  -0.017706  0.982267  0.171460  -0.075843  -0.168247  0.984626  0.046950  0.082727  -0.033357  0.996014  0.001684  -0.009617  0.005678  0.104324  0.720713  0.396259  2.000000  
35.406749 0.011493  0.098050  -0.017700  0.982213  0.171482  -0.076499  -0.168237  0.984622  0.047062  0.083393  -0.033355  0.995958  0.001011  -0.010103  0.005788  0.101711  0.720209  0.365799  2.000000  
35.407999 0.011491  0.098036  -0.017692  0.982157  0.171504  -0.077156  -0.168228  0.984619  0.047175  0.084060  -0.033353  0.995902  0.000463  -0.010468  0.005921  0.095433  0.712427  0.331343  2.000000  
35.409247 0.011488  0.098022  -0.017685  0.982056  0.171733  -0.077934  -0.168419  0.984579  0.047326  0.084860  -0.033351  0.995835  -0.000105  -0.010784  0.006030  0.085565  0.708722  0.303852  2.000000  
35.410266 0.011485  0.098011  -0.017679  0.982011  0.171751  -0.078460  -0.168411  0.984576  0.047416  0.085393  -0.033349  0.995789  -0.000574  -0.011025  0.006112  0.079738  0.706179  0.271412  2.000000  
35.411507 0.011481  0.097996  -0.017672  0.981955  0.171773  -0.079116  -0.168401  0.984572  0.047528  0.086060  -0.033348  0.995732  -0.001050  -0.011215  0.006152  0.073271  0.698518  0.236757  2.000000  
35.412749 0.011477  0.097981  -0.017665  0.981909  0.171790  -0.079641  -0.168393  0.984569  0.047619  0.086593  -0.033346  0.995686  -0.001426  -0.011383  0.006146  0.062654  0.686318  0.201970  2.000000  
35.413999 0.011472  0.097967  -0.017656  0.981829  0.172011  -0.080157  -0.168588  0.984531  0.047725  0.087126  -0.033344  0.995639  -0.001779  -0.011418  0.006199  0.057119  0.673617  0.180904  2.000000  
35.414999 0.011469  0.097956  -0.017649  0.981794  0.172024  -0.080551  -0.168582  0.984528  0.047793  0.087526  -0.033343  0.995604  -0.001958  -0.011397  0.006257  0.056140  0.660588  0.166662  2.000000  
35.416246 0.011466  0.097944  -0.017640  0.981713  0.172244  -0.081066  -0.168776  0.984490  0.047900  0.088059  -0.033342  0.995557  -0.002142  -0.011290  0.006374  0.050668  0.646835  0.151388  2.000000  
35.417251 0.011464  0.097934  -0.017632  0.981678  0.172257  -0.081460  -0.168770  0.984488  0.047967  0.088459  -0.033341  0.995522  -0.002247  -0.011134  0.006464  0.045435  0.634578  0.131328  2.000000  
35.418260 0.011463  0.097926  -0.017624  0.981596  0.172467  -0.081996  -0.168964  0.984455  0.047955  0.088992  -0.033218  0.995478  -0.002273  -0.010916  0.006531  0.036795  0.625656  0.124101  2.000000  
35.419498 0.011462  0.097916  -0.017613  0.981515  0.172688  -0.082511  -0.169158  0.984416  0.048062  0.089525  -0.033217  0.995431  -0.002239  -0.010673  0.006695  0.031693  0.612822  0.109941  2.000000  
35.420521 0.011462  0.097908  -0.017605  0.981479  0.172701  -0.082905  -0.169152  0.984414  0.048130  0.089925  -0.033215  0.995395  -0.002221  -0.010442  0.006786  0.027089  0.599096  0.102555  2.000000  
35.421747 0.011462  0.097898  -0.017595  0.981409  0.172917  -0.083289  -0.169348  0.984376  0.048215  0.090325  -0.033214  0.995358  -0.002091  -0.010132  0.006985  0.023088  0.581555  0.102067  2.000000  
35.422748 0.011462  0.097891  -0.017588  0.981350  0.173128  -0.083541  -0.169546  0.984339  0.048278  0.090591  -0.033213  0.995334  -0.001950  -0.009851  0.007080  0.023130  0.568172  0.101635  2.000000  
35.423995 0.011464  0.097882  -0.017578  0.981291  0.173329  -0.083815  -0.169743  0.984308  0.048221  0.090858  -0.033092  0.995314  -0.001625  -0.009522  0.007264  0.014895  0.545633  0.100199  2.000000  
35.424997 0.011466  0.097875  -0.017570  0.981267  0.173338  -0.084077  -0.169739  0.984306  0.048266  0.091124  -0.033091  0.995290  -0.001305  -0.009217  0.007353  0.010319  0.532476  0.092948  2.000000  
35.425997 0.011468  0.097867  -0.017562  0.981208  0.173549  -0.084330  -0.169937  0.984269  0.048329  0.091391  -0.033090  0.995265  -0.000983  -0.008955  0.007534  0.010359  0.514592  0.092344  2.000000  
35.426999 0.011470  0.097861  -0.017554  0.981149  0.173761  -0.084582  -0.170135  0.984232  0.048392  0.091657  -0.033089  0.995241  -0.000592  -0.008594  0.007625  0.006997  0.496163  0.099283  2.000000  
35.428001 0.011473  0.097855  -0.017547  0.981102  0.173968  -0.084703  -0.170335  0.984195  0.048432  0.091790  -0.033089  0.995228  -0.000136  -0.008165  0.007751  0.007623  0.473518  0.105437  2.000000  
35.429251 0.011477  0.097847  -0.017539  0.981077  0.173976  -0.084966  -0.170331  0.984194  0.048478  0.092057  -0.033088  0.995204  0.000406  -0.007720  0.007711  0.007016  0.456415  0.097273  2.000000  
35.430254 0.011480  0.097841  -0.017533  0.981030  0.174183  -0.085087  -0.170530  0.984157  0.048518  0.092190  -0.033088  0.995192  0.000878  -0.007411  0.007623  0.003634  0.432948  0.104084  2.000000  
35.431262 0.011485  0.097837  -0.017527  0.980983  0.174390  -0.085208  -0.170730  0.984121  0.048558  0.092323  -0.033087  0.995179  0.001339  -0.007079  0.007526  0.004271  0.410143  0.110193  2.000000  
35.432498 0.011491  0.097831  -0.017520  0.980923  0.174612  -0.085439  -0.170928  0.984077  0.048741  0.092590  -0.033207  0.995150  0.001864  -0.006731  0.007343  0.009004  0.392163  0.116569  2.000000  
35.433498 0.011497  0.097828  -0.017514  0.980876  0.174819  -0.085560  -0.171128  0.984040  0.048781  0.092723  -0.033207  0.995138  0.002293  -0.006382  0.007129  0.009559  0.375250  0.121968  2.000000  
35.434500 0.011502  0.097824  -0.017508  0.980864  0.174823  -0.085692  -0.171126  0.984040  0.048804  0.092856  -0.033206  0.995126  0.002736  -0.006084  0.006975  0.009689  0.355849  0.122211  2.000000  
35.435746 0.011510  0.097820  -0.017502  0.980816  0.175030  -0.085813  -0.171325  0.984003  0.048845  0.092989  -0.033206  0.995113  0.003259  -0.005685  0.006690  0.005604  0.339575  0.120788  2.000000  
35.436749 0.011516  0.097818  -0.017497  0.980769  0.175248  -0.085913  -0.171525  0.983960  0.049005  0.093123  -0.033326  0.995097  0.003646  -0.005304  0.006585  0.010297  0.321512  0.127041  2.000000  
35.437999 0.011524  0.097815  -0.017490  0.980721  0.175455  -0.086034  -0.171725  0.983923  0.049046  0.093256  -0.033326  0.995084  0.004074  -0.004945  0.006365  0.011051  0.301489  0.134231  2.000000  
35.439000 0.011530  0.097813  -0.017485  0.980673  0.175662  -0.086155  -0.171925  0.983886  0.049086  0.093389  -0.033325  0.995072  0.004412  -0.004536  0.006184  0.011101  0.283500  0.133620  2.000000  
35.440250 0.011537  0.097810  -0.017479  0.980638  0.175864  -0.086145  -0.172127  0.983850  0.049104  0.093389  -0.033325  0.995072  0.004790  -0.004146  0.005888  0.011662  0.263244  0.138823  2.000000  
35.441260 0.011544  0.097808  -0.017475  0.980590  0.176071  -0.086266  -0.172326  0.983813  0.049145  0.093522  -0.033325  0.995059  0.005084  -0.003831  0.005671  0.012315  0.249515  0.145136  2.000000  
35.442495 0.011552  0.097805  -0.017469  0.980542  0.176278  -0.086387  -0.172526  0.983776  0.049186  0.093655  -0.033325  0.995047  0.005358  -0.003507  0.005417  0.012980  0.235930  0.151525  2.000000  
35.443502 0.011558  0.097804  -0.017466  0.980507  0.176470  -0.086398  -0.172728  0.983746  0.049084  0.093655  -0.033204  0.995051  0.005646  -0.003108  0.005171  0.009048  0.219884  0.152141  2.000000  
35.444755 0.011566  0.097801  -0.017462  0.980459  0.176687  -0.086497  -0.172928  0.983703  0.049244  0.093789  -0.033324  0.995034  0.005858  -0.002803  0.004895  0.013799  0.206146  0.158574  2.000000  
35.445998 0.011574  0.097799  -0.017460  0.980388  0.177092  -0.086477  -0.173331  0.983630  0.049280  0.093789  -0.033324  0.995034  0.006015  -0.002556  0.004579  0.014471  0.187964  0.164876  2.000000  
35.447250 0.011581  0.097797  -0.017458  0.980340  0.177299  -0.086598  -0.173531  0.983593  0.049321  0.093922  -0.033324  0.995022  0.006104  -0.002349  0.004177  0.015019  0.177269  0.170042  2.000000  
35.448251 0.011588  0.097796  -0.017456  0.980304  0.177512  -0.086566  -0.173733  0.983550  0.049458  0.093922  -0.033444  0.995018  0.006171  -0.002177  0.003934  0.000000  0.000000  0.000000  2.000000  
35.449498 0.011594  0.097793  -0.017454  0.980256  0.177719  -0.086687  -0.173932  0.983513  0.049499  0.094055  -0.033444  0.995005  0.006141  -0.002078  0.003643  0.000000  0.000000  0.000000  2.000000  
35.450498 0.011600  0.097791  -0.017453  0.980220  0.177932  -0.086656  -0.174134  0.983470  0.049636  0.094055  -0.033565  0.995001  0.006106  -0.001987  0.003366  0.027933  0.132553  0.175505  2.000000  
35.451745 0.011606  0.097788  -0.017451  0.980184  0.178135  -0.086645  -0.174336  0.983433  0.049654  0.094055  -0.033565  0.995001  0.006028  -0.001973  0.003051  0.027947  0.119086  0.174929  2.000000  
35.452748 0.011611  0.097786  -0.017450  0.980148  0.178348  -0.086613  -0.174538  0.983391  0.049791  0.094055  -0.033685  0.994997  0.005883  -0.001949  0.002761  0.032012  0.110156  0.174627  2.000000  
35.454001 0.011616  0.097783  -0.017448  0.980076  0.178753  -0.086593  -0.174941  0.983317  0.049827  0.094055  -0.033685  0.994997  0.005709  -0.001971  0.002421  0.037025  0.097356  0.182481  2.000000  
35.455249 0.011620  0.097779  -0.017446  0.980040  0.178965  -0.086561  -0.175143  0.983274  0.049964  0.094055  -0.033806  0.994993  0.005517  -0.002037  0.002174  0.041130  0.088366  0.182202  2.000000  
35.456249 0.011624  0.097777  -0.017446  0.980004  0.179168  -0.086551  -0.175345  0.983238  0.049982  0.094055  -0.033806  0.994993  0.005347  -0.002066  0.001911  0.041444  0.082959  0.187397  2.000000  
35.457496 0.011628  0.097773  -0.017444  0.979968  0.179381  -0.086519  -0.175547  0.983195  0.050119  0.094055  -0.033927  0.994989  0.005071  -0.002164  0.001680  0.045523  0.069573  0.186943  2.000000  
35.458500 0.011631  0.097771  -0.017443  0.979932  0.179583  -0.086508  -0.175748  0.983158  0.050137  0.094055  -0.033927  0.994989  0.004866  -0.002221  0.001520  0.045914  0.065656  0.188344  2.000000  
35.459502 0.011634  0.097768  -0.017441  0.979932  0.179583  -0.086508  -0.175748  0.983158  0.050137  0.094055  -0.033927  0.994989  0.004645  -0.002229  0.001466  0.045294  0.056898  0.181152  2.000000  
35.460748 0.011638  0.097765  -0.017438  0.979896  0.179796  -0.086476  -0.175950  0.983115  0.050274  0.094055  -0.034047  0.994985  0.004416  -0.002300  0.001472  0.049614  0.051729  0.186334  2.000000  
35.461750 0.011641  0.097763  -0.017435  0.979859  0.179998  -0.086466  -0.176152  0.983077  0.050292  0.094055  -0.034047  0.994985  0.004181  -0.002360  0.001534  0.049394  0.047897  0.180847  2.000000  
35.462999 0.011645  0.097758  -0.017433  0.979823  0.180201  -0.086456  -0.176354  0.983040  0.050309  0.094055  -0.034047  0.994985  0.003896  -0.002502  0.001562  0.045595  0.042802  0.186033  2.000000  
35.464001 0.011647  0.097754  -0.017431  0.979787  0.180414  -0.086423  -0.176555  0.982997  0.050446  0.094055  -0.034168  0.994980  0.003661  -0.002641  0.001560  0.050095  0.034170  0.187346  2.000000  
35.465246 0.011650  0.097750  -0.017429  0.979750  0.180616  -0.086413  -0.176757  0.982960  0.050464  0.094055  -0.034168  0.994980  0.003392  -0.002811  0.001618  0.049677  0.029420  0.185587  2.000000  
35.466260 0.011651  0.097745  -0.017427  0.979750  0.180616  -0.086413  -0.176757  0.982960  0.050464  0.094055  -0.034168  0.994980  0.003154  -0.002975  0.001623  0.045367  0.025386  0.180049  2.000000  
35.467500 0.011654  0.097739  -0.017424  0.979726  0.180824  -0.086250  -0.176961  0.982917  0.050577  0.093922  -0.034289  0.994989  0.002942  -0.003192  0.001709  0.049453  0.016390  0.179781  2.000000  
35.468501 0.011655  0.097734  -0.017423  0.979690  0.181027  -0.086239  -0.177163  0.982880  0.050595  0.093922  -0.034289  0.994989  0.002767  -0.003356  0.001727  0.049445  0.016388  0.179750  2.000000  
35.469747 0.011657  0.097727  -0.017421  0.979653  0.181240  -0.086207  -0.177364  0.982837  0.050732  0.093922  -0.034410  0.994985  0.002595  -0.003564  0.001752  0.053099  0.011787  0.178142  2.000000  
35.470994 0.011659  0.097721  -0.017419  0.979617  0.181442  -0.086196  -0.177566  0.982799  0.050750  0.093922  -0.034410  0.994985  0.002434  -0.003750  0.001779  0.053114  0.007330  0.177999  2.000000  
35.471998 0.011661  0.097716  -0.017418  0.979629  0.181437  -0.086065  -0.177568  0.982800  0.050726  0.093789  -0.034410  0.994997  0.002315  -0.003934  0.001835  0.052895  0.003130  0.172439  2.000000  
35.472999 0.011663  0.097710  -0.017416  0.979593  0.181640  -0.086055  -0.177770  0.982763  0.050744  0.093789  -0.034410  0.994997  0.002212  -0.004139  0.001908  0.056516  -0.001343  0.170872  2.000000  
35.474257 0.011665  0.097704  -0.017414  0.979556  0.181842  -0.086044  -0.177972  0.982725  0.050762  0.093789  -0.034410  0.994997  0.002100  -0.004382  0.001833  0.056982  -0.005847  0.172092  2.000000  
35.475496 0.011668  0.097697  -0.017412  0.979532  0.182040  -0.085903  -0.178175  0.982689  0.050756  0.093655  -0.034411  0.995010  0.002030  -0.004544  0.001830  0.052473  -0.010269  0.170571  2.000000  
35.476502 0.011670  0.097692  -0.017410  0.979495  0.182242  -0.085893  -0.178377  0.982651  0.050773  0.093655  -0.034411  0.995010  0.001983  -0.004707  0.001753  0.052918  -0.014848  0.171826  2.000000  
35.477754 0.011673  0.097686  -0.017408  0.979421  0.182647  -0.085872  -0.178780  0.982576  0.050809  0.093655  -0.034411  0.995010  0.001945  -0.004900  0.001687  0.048834  -0.014856  0.171801  2.000000  
35.478999 0.011676  0.097679  -0.017406  0.979385  0.182849  -0.085861  -0.178982  0.982539  0.050826  0.093655  -0.034411  0.995010  0.001958  -0.005000  0.001652  0.048846  -0.014860  0.171842  2.000000  
35.480250 0.011680  0.097672  -0.017405  0.979323  0.183239  -0.085731  -0.179387  0.982470  0.050718  0.093522  -0.034291  0.995027  0.002004  -0.005169  0.001597  0.041007  -0.023891  0.176981  2.000000  
35.481262 0.011682  0.097666  -0.017403  0.979249  0.183643  -0.085711  -0.179791  0.982395  0.050754  0.093522  -0.034291  0.995027  0.002067  -0.005269  0.001552  0.041964  -0.024305  0.185197  2.000000  
35.482501 0.011685  0.097658  -0.017401  0.979175  0.184037  -0.085712  -0.180194  0.982325  0.050670  0.093522  -0.034170  0.995031  0.002123  -0.005377  0.001549  0.034478  -0.024551  0.192162  2.000000  
35.483749 0.011689  0.097651  -0.017399  0.979113  0.184427  -0.085583  -0.180599  0.982256  0.050562  0.093389  -0.034050  0.995047  0.002219  -0.005476  0.001575  0.030393  -0.029038  0.192043  2.000000  
35.484998 0.011693  0.097643  -0.017397  0.979001  0.185023  -0.085574  -0.181204  0.982148  0.050496  0.093389  -0.033929  0.995051  0.002372  -0.005558  0.001553  0.023983  -0.029494  0.210931  2.000000  
35.486000 0.011697  0.097636  -0.017396  0.978927  0.185417  -0.085575  -0.181607  0.982078  0.050412  0.093389  -0.033808  0.995056  0.002518  -0.005653  0.001562  0.020105  -0.029726  0.212688  2.000000  
35.487251 0.011702  0.097628  -0.017396  0.978814  0.186013  -0.085567  -0.182212  0.981970  0.050345  0.093389  -0.033688  0.995060  0.002706  -0.005754  0.001421  0.013246  -0.030189  0.226424  2.000000  
35.488496 0.011707  0.097620  -0.017395  0.978664  0.186801  -0.085571  -0.183018  0.981828  0.050178  0.093389  -0.033446  0.995068  0.002873  -0.005838  0.001325  0.006982  -0.030613  0.245093  2.000000  
35.489497 0.011711  0.097613  -0.017395  0.978551  0.187397  -0.085562  -0.183622  0.981719  0.050111  0.093389  -0.033325  0.995072  0.003026  -0.005991  0.001238  0.004868  -0.031291  0.265593  2.000000  
35.490744 0.011717  0.097605  -0.017394  0.978399  0.188195  -0.085544  -0.184428  0.981570  0.050063  0.093389  -0.033205  0.995076  0.003208  -0.006097  0.001114  -0.001290  -0.031983  0.286069  2.000000  
35.491746 0.011722  0.097597  -0.017395  0.978285  0.188791  -0.085536  -0.185032  0.981460  0.049997  0.093389  -0.033084  0.995080  0.003377  -0.006256  0.000963  -0.004047  -0.032425  0.299722  2.000000  
35.492747 0.011726  0.097589  -0.017394  0.978132  0.189589  -0.085518  -0.185838  0.981310  0.049948  0.093389  -0.032963  0.995084  0.003526  -0.006435  0.000938  -0.006161  -0.033096  0.320202  2.000000  
35.493750 0.011731  0.097582  -0.017394  0.977979  0.190386  -0.085500  -0.186643  0.981160  0.049899  0.093389  -0.032843  0.995088  0.003732  -0.006593  0.000874  -0.007631  -0.033992  0.347497  2.000000  
35.494754 0.011736  0.097574  -0.017393  0.977825  0.191184  -0.085482  -0.187448  0.981009  0.049851  0.093389  -0.032722  0.995092  0.003891  -0.006772  0.000809  -0.013900  -0.034964  0.370983  2.000000  
35.495999 0.011742  0.097564  -0.017391  0.977670  0.191981  -0.085464  -0.188253  0.980857  0.049802  0.093389  -0.032601  0.995096  0.004079  -0.006956  0.000853  -0.015902  -0.035346  0.388468  2.000000  
35.496999 0.011747  0.097556  -0.017389  0.977503  0.192783  -0.085577  -0.189056  0.980704  0.049779  0.093522  -0.032480  0.995087  0.004218  -0.007056  0.000859  -0.022246  -0.027349  0.412729  2.000000  
35.497999 0.011752  0.097547  -0.017388  0.977347  0.193569  -0.085583  -0.189861  0.980557  0.049611  0.093522  -0.032239  0.995095  0.004363  -0.007202  0.000835  -0.028450  -0.027984  0.433312  2.000000  
35.499251 0.011758  0.097536  -0.017386  0.977138  0.194573  -0.085686  -0.190864  0.980362  0.049606  0.093655  -0.032118  0.995086  0.004493  -0.007435  0.000796  -0.029012  -0.024409  0.464034  2.000000  
35.500498 0.011764  0.097526  -0.017384  0.976941  0.195561  -0.085682  -0.191870  0.980173  0.049457  0.093655  -0.031876  0.995094  0.004643  -0.007557  0.000861  -0.038888  -0.025501  0.495440  2.000000  
35.501745 0.011770  0.097516  -0.017382  0.976731  0.196563  -0.085786  -0.192873  0.979977  0.049452  0.093789  -0.031755  0.995086  0.004727  -0.007681  0.000924  -0.040037  -0.017255  0.518986  2.000000  
35.502749 0.011775  0.097508  -0.017380  0.976599  0.197152  -0.085934  -0.193474  0.979866  0.049293  0.093922  -0.031513  0.995081  0.004772  -0.007806  0.001006  -0.046800  -0.013186  0.532777  2.000000  
35.503999 0.011781  0.097498  -0.017378  0.976387  0.198154  -0.086038  -0.194477  0.979668  0.049288  0.094055  -0.031392  0.995072  0.004804  -0.007904  0.001080  -0.048646  -0.009683  0.565085  2.000000  
35.504999 0.011786  0.097490  -0.017376  0.976215  0.198955  -0.086152  -0.195278  0.979510  0.049266  0.094188  -0.031271  0.995063  0.004816  -0.007997  0.001231  -0.050342  -0.001327  0.581053  2.000000  
35.506001 0.011790  0.097482  -0.017374  0.976053  0.199740  -0.086160  -0.196082  0.979357  0.049100  0.094188  -0.031030  0.995071  0.004814  -0.008029  0.001375  -0.056492  -0.001930  0.601513  2.000000  
35.507004 0.011795  0.097474  -0.017372  0.975879  0.200540  -0.086274  -0.196883  0.979198  0.049078  0.094321  -0.030909  0.995062  0.004780  -0.008121  0.001497  -0.059044  0.001908  0.627279  2.000000  
35.508259 0.011799  0.097463  -0.017369  0.975664  0.201542  -0.086378  -0.197885  0.978996  0.049075  0.094455  -0.030788  0.995053  0.004718  -0.008190  0.001690  -0.061109  0.005762  0.647901  2.000000  
35.509506 0.011804  0.097452  -0.017366  0.975406  0.202734  -0.086497  -0.199088  0.978757  0.048971  0.094588  -0.030546  0.995048  0.004574  -0.008249  0.001775  -0.061889  0.009252  0.682502  2.000000  
35.510751 0.011808  0.097440  -0.017364  0.975135  0.203930  -0.086747  -0.200287  0.978516  0.048894  0.094854  -0.030304  0.995030  0.004420  -0.008361  0.001807  -0.067401  0.021926  0.710597  2.000000  
35.512002 0.011811  0.097428  -0.017361  0.974874  0.205121  -0.086867  -0.201489  0.978275  0.048790  0.094987  -0.030062  0.995024  0.004254  -0.008470  0.001878  -0.068852  0.025673  0.738603  2.000000  
35.513253 0.011814  0.097416  -0.017359  0.974558  0.206528  -0.087082  -0.202889  0.977983  0.048851  0.095254  -0.029940  0.995003  0.004068  -0.008612  0.001889  -0.066107  0.033852  0.766053  2.000000  
35.514264 0.011817  0.097406  -0.017356  0.974336  0.207517  -0.087212  -0.203889  0.977780  0.048731  0.095387  -0.029699  0.994997  0.003930  -0.008684  0.001980  -0.068195  0.042302  0.786657  2.000000  
35.515501 0.011821  0.097394  -0.017353  0.974016  0.208913  -0.087453  -0.205288  0.977491  0.048674  0.095653  -0.029456  0.994979  0.003810  -0.008797  0.002084  -0.068920  0.050354  0.821628  2.000000  
35.516501 0.011824  0.097384  -0.017350  0.973779  0.209916  -0.087689  -0.206285  0.977279  0.048701  0.095920  -0.029335  0.994957  0.003666  -0.008957  0.002173  -0.067505  0.059010  0.835723  2.000000  
35.517502 0.011828  0.097374  -0.017347  0.973499  0.211109  -0.087940  -0.207482  0.977029  0.048628  0.096186  -0.029093  0.994938  0.003574  -0.009034  0.002296  -0.068858  0.067295  0.863667  2.000000  
35.518750 0.011832  0.097362  -0.017342  0.973173  0.212514  -0.088156  -0.208879  0.976728  0.048692  0.096452  -0.028971  0.994916  0.003462  -0.009189  0.002456  -0.065565  0.074898  0.884064  2.000000  
35.519994 0.011836  0.097349  -0.017337  0.972833  0.213911  -0.088528  -0.210273  0.976431  0.048666  0.096852  -0.028729  0.994884  0.003371  -0.009365  0.002632  -0.068135  0.088019  0.898236  2.000000  
35.521003 0.011840  0.097339  -0.017333  0.972548  0.215103  -0.088780  -0.211469  0.976176  0.048595  0.097118  -0.028487  0.994865  0.003311  -0.009546  0.002782  -0.071352  0.097496  0.919883  2.000000  
35.522264 0.011844  0.097325  -0.017329  0.972160  0.216700  -0.089143  -0.213063  0.975830  0.048590  0.097518  -0.028244  0.994833  0.003209  -0.009801  0.002904  -0.072542  0.110212  0.947025  2.000000  
35.523502 0.011848  0.097311  -0.017324  0.971769  0.218296  -0.089506  -0.214655  0.975481  0.048586  0.097917  -0.028002  0.994801  0.003215  -0.009984  0.003056  -0.070401  0.123347  0.968498  2.000000  
35.524752 0.011853  0.097296  -0.017319  0.971331  0.220092  -0.089859  -0.216447  0.975084  0.048602  0.098317  -0.027760  0.994768  0.003231  -0.010221  0.003162  -0.070388  0.134850  0.995098  2.000000  
35.525752 0.011856  0.097284  -0.017315  0.971025  0.221297  -0.090215  -0.217638  0.974815  0.048683  0.098716  -0.027638  0.994732  0.003264  -0.010390  0.003294  -0.069436  0.149147  1.017416  2.000000  
35.527002 0.011861  0.097269  -0.017310  0.970581  0.223091  -0.090568  -0.219428  0.974413  0.048701  0.099116  -0.027395  0.994699  0.003341  -0.010616  0.003453  -0.066496  0.157550  1.045121  2.000000  
35.528004 0.011866  0.097257  -0.017305  0.970180  0.224696  -0.090904  -0.221017  0.974047  0.048821  0.099515  -0.027274  0.994662  0.003470  -0.010758  0.003647  -0.063611  0.170325  1.072945  2.000000  
35.529253 0.011872  0.097242  -0.017300  0.969716  0.226492  -0.091388  -0.222802  0.973638  0.048872  0.100048  -0.027031  0.994615  0.003607  -0.010956  0.003788  -0.064648  0.183183  1.100805  2.000000  
35.530264 0.011877  0.097229  -0.017295  0.969309  0.228084  -0.091751  -0.224390  0.973273  0.048877  0.100447  -0.026789  0.994582  0.003757  -0.011167  0.003965  -0.061722  0.196058  1.128315  2.000000  
35.531266 0.011882  0.097217  -0.017290  0.968885  0.229689  -0.092217  -0.225974  0.972899  0.049031  0.100979  -0.026666  0.994531  0.003928  -0.011340  0.004048  -0.058646  0.208843  1.156049  2.000000  
35.532502 0.011890  0.097200  -0.017285  0.968365  0.231672  -0.092718  -0.227956  0.972438  0.048988  0.101512  -0.026303  0.994487  0.004113  -0.011612  0.004133  -0.058311  0.221590  1.198265  2.000000  
35.533502 0.011896  0.097187  -0.017279  0.967888  0.233475  -0.093173  -0.229737  0.972010  0.049165  0.102044  -0.026181  0.994435  0.004320  -0.011906  0.004260  -0.054510  0.234185  1.232806  2.000000  
35.534755 0.011904  0.097169  -0.017273  0.967251  0.235859  -0.093784  -0.232111  0.971444  0.049197  0.102710  -0.025817  0.994376  0.004576  -0.012231  0.004316  -0.056351  0.253333  1.278122  2.000000  
35.535756 0.011911  0.097154  -0.017268  0.966766  0.237649  -0.094268  -0.233890  0.971014  0.049260  0.103242  -0.025575  0.994327  0.004804  -0.012516  0.004399  -0.053648  0.268406  1.316330  2.000000  
35.537002 0.011919  0.097135  -0.017262  0.966069  0.240240  -0.094840  -0.236460  0.970383  0.049435  0.103907  -0.025332  0.994264  0.005110  -0.012881  0.004541  -0.050611  0.282560  1.367504  2.000000  
35.538259 0.011928  0.097115  -0.017255  0.965414  0.242619  -0.095452  -0.238829  0.969800  0.049476  0.104573  -0.024968  0.994204  0.005384  -0.013273  0.004660  -0.053366  0.299369  1.415602  2.000000  
35.539497 0.011937  0.097095  -0.017248  0.964704  0.245206  -0.096024  -0.241395  0.969156  0.049658  0.105238  -0.024725  0.994140  0.005671  -0.013606  0.004830  -0.048013  0.316301  1.464153  2.000000  
35.540747 0.011945  0.097074  -0.017240  0.964022  0.247584  -0.096764  -0.243757  0.968560  0.049738  0.106036  -0.024361  0.994064  0.005937  -0.014005  0.004992  -0.047132  0.333408  1.505226  2.000000  
35.541994 0.011954  0.097053  -0.017233  0.963284  0.250170  -0.097465  -0.246315  0.967901  0.049960  0.106835  -0.024118  0.993984  0.006173  -0.014436  0.005134  -0.041585  0.354791  1.553598  2.000000  
35.543004 0.011961  0.097035  -0.017227  0.962654  0.252354  -0.098056  -0.248478  0.967341  0.050112  0.107500  -0.023875  0.993918  0.006361  -0.014856  0.005242  -0.042463  0.370699  1.593978  2.000000  
35.544251 0.011970  0.097013  -0.017219  0.961888  0.254927  -0.098915  -0.251028  0.966674  0.050257  0.108431  -0.023511  0.993826  0.006549  -0.015271  0.005346  -0.039731  0.393548  1.636548  2.000000  
35.545498 0.011979  0.096990  -0.017212  0.961128  0.257495  -0.099646  -0.253579  0.966002  0.050374  0.109229  -0.023148  0.993747  0.006713  -0.015732  0.005436  -0.038669  0.410653  1.677191  2.000000  
35.546750 0.011988  0.096967  -0.017205  0.960294  0.260263  -0.100494  -0.256321  0.965269  0.050549  0.110160  -0.022784  0.993653  0.006825  -0.016196  0.005535  -0.037660  0.431479  1.732653  2.000000  
35.548001 0.011996  0.096944  -0.017198  0.959611  0.262444  -0.101341  -0.258468  0.964684  0.050785  0.111091  -0.022540  0.993555  0.006905  -0.016585  0.005608  -0.036803  0.449626  1.752841  2.000000  
35.549250 0.012004  0.096921  -0.017191  0.958761  0.265207  -0.102189  -0.261206  0.963937  0.050971  0.112021  -0.022176  0.993458  0.006916  -0.017037  0.005680  -0.031598  0.470920  1.808839  2.000000  
35.550496 0.012012  0.096896  -0.017183  0.957917  0.267964  -0.102908  -0.263944  0.963182  0.051126  0.112819  -0.021813  0.993376  0.006874  -0.017487  0.005760  -0.032705  0.483914  1.848748  2.000000  
35.551498 0.012018  0.096876  -0.017178  0.957120  0.270520  -0.103637  -0.266482  0.962475  0.051265  0.113617  -0.021449  0.993293  0.006836  -0.017824  0.005792  -0.030697  0.501117  1.896752  2.000000  
35.552753 0.012026  0.096850  -0.017169  0.956190  0.273472  -0.104474  -0.269408  0.961649  0.051487  0.114547  -0.021086  0.993194  0.006761  -0.018263  0.005900  -0.028377  0.518311  1.944566  2.000000  
35.553995 0.012034  0.096824  -0.017161  0.955235  0.276424  -0.105437  -0.272325  0.960812  0.051752  0.115611  -0.020722  0.993078  0.006747  -0.018639  0.005993  -0.029778  0.535548  1.992873  2.000000  
35.554997 0.012040  0.096802  -0.017154  0.954356  0.279169  -0.106155  -0.275052  0.960026  0.051927  0.116408  -0.020358  0.992993  0.006661  -0.018987  0.006037  -0.027593  0.552765  2.040567  2.000000  
35.556250 0.012047  0.096775  -0.017146  0.953340  0.282309  -0.106979  -0.278163  0.959115  0.052188  0.117338  -0.019995  0.992891  0.006597  -0.019391  0.006101  -0.025090  0.570251  2.089096  2.000000  
35.557251 0.012053  0.096753  -0.017139  0.952486  0.284854  -0.107834  -0.280682  0.958370  0.052388  0.118268  -0.019631  0.992788  0.006518  -0.019732  0.006104  -0.024812  0.588275  2.133260  2.000000  
35.558314 0.012060  0.096730  -0.017133  0.951640  0.287393  -0.108562  -0.283203  0.957619  0.052555  0.119065  -0.019268  0.992699  0.006431  -0.020021  0.006109  -0.027081  0.600007  2.169850  2.000000  
35.559502 0.012067  0.096701  -0.017125  0.950564  0.290515  -0.109674  -0.286295  0.956686  0.052793  0.120261  -0.018784  0.992565  0.006331  -0.020596  0.006204  -0.028829  0.623618  2.215897  2.000000  
35.560749 0.012074  0.096671  -0.017117  0.949552  0.293434  -0.110669  -0.289191  0.955804  0.052977  0.121323  -0.018300  0.992444  0.006178  -0.021027  0.006253  -0.029729  0.640444  2.245344  2.000000  
35.561751 0.012079  0.096648  -0.017111  0.948666  0.295966  -0.111523  -0.291698  0.955030  0.053199  0.122253  -0.017937  0.992337  0.006087  -0.021374  0.006297  -0.032482  0.658024  2.279422  2.000000  
35.562998 0.012086  0.096618  -0.017103  0.947574  0.299074  -0.112507  -0.294782  0.954070  0.053418  0.123315  -0.017453  0.992214  0.005981  -0.021786  0.006359  -0.034734  0.671534  2.313559  2.000000  
35.563999 0.012091  0.096593  -0.017096  0.946610  0.301797  -0.113349  -0.297477  0.953219  0.053674  0.124245  -0.017090  0.992104  0.005850  -0.022175  0.006396  -0.032413  0.684688  2.354273  2.000000  
35.564999 0.012095  0.096568  -0.017091  0.945715  0.304319  -0.114074  -0.299979  0.952423  0.053872  0.125041  -0.016727  0.992011  0.005769  -0.022522  0.006399  -0.032541  0.693856  2.374457  2.000000  
35.566253 0.012100  0.096537  -0.017083  0.944594  0.307416  -0.115056  -0.303052  0.951437  0.054110  0.126103  -0.016244  0.991884  0.005533  -0.022904  0.006362  -0.031375  0.707654  2.401448  2.000000  
35.567499 0.012105  0.096506  -0.017076  0.943462  0.310494  -0.116076  -0.306120  0.950447  0.054240  0.127165  -0.015640  0.991758  0.005351  -0.023294  0.006321  -0.036733  0.723618  2.428046  2.000000  
35.568503 0.012108  0.096481  -0.017070  0.942478  0.313202  -0.116789  -0.308806  0.949564  0.054476  0.127961  -0.015277  0.991662  0.005098  -0.023564  0.006243  -0.035958  0.732575  2.454606  2.000000  
35.569753 0.012112  0.096451  -0.017062  0.941309  0.316274  -0.117935  -0.311860  0.948554  0.054661  0.129155  -0.014674  0.991516  0.004879  -0.023824  0.006193  -0.043304  0.746882  2.475523  2.000000  
35.570995 0.012115  0.096419  -0.017055  0.940145  0.319339  -0.118954  -0.314915  0.947536  0.054812  0.130217  -0.014070  0.991386  0.004611  -0.024103  0.006156  -0.046062  0.761438  2.503979  2.000000  
35.571999 0.012119  0.096395  -0.017048  0.939183  0.321843  -0.119804  -0.317391  0.946694  0.055082  0.131145  -0.013708  0.991268  0.004458  -0.024220  0.006205  -0.046475  0.770679  2.516607  2.000000  
35.573002 0.012121  0.096370  -0.017042  0.938296  0.324133  -0.120578  -0.319676  0.945919  0.055176  0.131941  -0.013226  0.991169  0.004196  -0.024490  0.006216  -0.053255  0.773308  2.522276  2.000000  
35.574254 0.012125  0.096339  -0.017033  0.937104  0.327187  -0.121597  -0.322719  0.944875  0.055345  0.133002  -0.012623  0.991035  0.003913  -0.024502  0.006242  -0.054217  0.780814  2.548739  2.000000  
35.575496 0.012128  0.096308  -0.017024  0.935833  0.330415  -0.122644  -0.325949  0.943761  0.055433  0.134063  -0.011900  0.990901  0.003678  -0.024628  0.006273  -0.062747  0.788439  2.568817  2.000000  
35.576503 0.012130  0.096283  -0.017018  0.934721  0.333277  -0.123385  -0.328802  0.942760  0.055618  0.134858  -0.011418  0.990799  0.003470  -0.024746  0.006317  -0.064251  0.791437  2.596197  2.000000  
