1-Time 2-Px 3-Py 4-Pz 5-R11 6-R21 7-R31 8-R12 9-R22 10-R32 11-R13 12-R23 13-R33 14-Vx 15-Vy 16-Vz 17-Wx 18-Wy 19-Wz 20-state 21-PR11 22-PR21 23-PR31 24-PR12 25-PR22 26-PR32 27-PR13 28-PR23 29-PR33 
177.259244 0.009132  0.100489  -0.012546  0.996665  0.033559  -0.074385  0.073177  0.035904  0.996672  0.036118  -0.998792  0.033329  0.000347  0.000428  0.000515  -0.059792  0.205427  0.146292  2.000000  
177.260496 0.009132  0.100488  -0.012547  0.996640  0.033809  -0.074603  0.073381  0.036052  0.996652  0.036385  -0.998778  0.033450  0.000302  0.000311  0.000350  -0.063887  0.205510  0.150722  2.000000  
177.261500 0.009134  0.100489  -0.012546  0.996610  0.034192  -0.074826  0.073585  0.036209  0.996631  0.036786  -0.998759  0.033570  0.000364  0.000314  0.000307  -0.067994  0.205931  0.164167  2.000000  
177.262501 0.009136  0.100491  -0.012545  0.996570  0.034851  -0.075054  0.073789  0.036265  0.996614  0.037455  -0.998734  0.033569  0.000445  0.000370  0.000276  -0.068320  0.213446  0.181930  2.000000  
177.263508 0.009138  0.100492  -0.012544  0.996520  0.035360  -0.075486  0.074197  0.036440  0.996578  0.037990  -0.998710  0.033690  0.000536  0.000403  0.000253  -0.072928  0.227647  0.194885  2.000000  
177.264751 0.009141  0.100494  -0.012544  0.996479  0.036010  -0.075718  0.074401  0.036618  0.996556  0.038658  -0.998680  0.033810  0.000709  0.000492  0.000200  -0.077108  0.228489  0.217421  2.000000  
177.265996 0.009145  0.100497  -0.012543  0.996453  0.036657  -0.075750  0.074399  0.036910  0.996545  0.039327  -0.998646  0.034051  0.000941  0.000642  0.000189  -0.085107  0.222209  0.235611  2.000000  
177.267245 0.009149  0.100500  -0.012543  0.996437  0.037048  -0.075768  0.074398  0.037060  0.996540  0.039728  -0.998626  0.034172  0.001202  0.000820  0.000198  -0.084918  0.215631  0.244809  2.000000  
177.268248 0.009153  0.100503  -0.012542  0.996416  0.037563  -0.075795  0.074396  0.037342  0.996529  0.040263  -0.998596  0.034414  0.001415  0.000995  0.000215  -0.093142  0.216109  0.258269  2.000000  
177.269500 0.009157  0.100507  -0.012541  0.996394  0.038077  -0.075823  0.074394  0.037624  0.996519  0.040797  -0.998566  0.034655  0.001680  0.001205  0.000319  -0.097034  0.209512  0.267410  2.000000  
177.270748 0.009162  0.100512  -0.012539  0.996361  0.038858  -0.075860  0.074392  0.037925  0.996508  0.041599  -0.998525  0.034896  0.001978  0.001546  0.000439  -0.105030  0.203402  0.290107  2.000000  
177.271993 0.009166  0.100518  -0.012537  0.996312  0.039622  -0.076107  0.074595  0.038355  0.996476  0.042401  -0.998478  0.035258  0.002325  0.001968  0.000593  -0.113280  0.204240  0.312547  2.000000  
177.272995 0.009170  0.100523  -0.012536  0.996278  0.040403  -0.076145  0.074592  0.038657  0.996465  0.043204  -0.998435  0.035499  0.002583  0.002301  0.000684  -0.121256  0.198119  0.335215  2.000000  
177.273997 0.009175  0.100527  -0.012535  0.996243  0.041184  -0.076184  0.074589  0.038959  0.996453  0.044006  -0.998392  0.035740  0.002913  0.002615  0.000740  -0.125141  0.192015  0.357851  2.000000  
177.275008 0.009180  0.100532  -0.012534  0.996207  0.041964  -0.076223  0.074587  0.039260  0.996441  0.044808  -0.998347  0.035981  0.003229  0.002928  0.000832  -0.133068  0.185689  0.375894  2.000000  
177.276243 0.009186  0.100537  -0.012534  0.996171  0.042745  -0.076262  0.074584  0.039562  0.996430  0.045610  -0.998302  0.036222  0.003575  0.003245  0.000853  -0.135910  0.178257  0.395531  2.000000  
177.277246 0.009193  0.100542  -0.012532  0.996150  0.043534  -0.076096  0.074376  0.039854  0.996434  0.046411  -0.998257  0.036463  0.003856  0.003476  0.000875  -0.144434  0.159656  0.417446  2.000000  
177.278492 0.009201  0.100548  -0.012529  0.996106  0.044448  -0.076141  0.074373  0.040166  0.996421  0.047347  -0.998204  0.036704  0.004236  0.003751  0.001004  -0.148050  0.146705  0.440415  2.000000  
177.279498 0.009209  0.100554  -0.012527  0.996074  0.045095  -0.076176  0.074370  0.040457  0.996410  0.048015  -0.998163  0.036944  0.004583  0.004044  0.001168  -0.151868  0.140474  0.458525  2.000000  
177.280498 0.009216  0.100559  -0.012524  0.996035  0.045867  -0.076223  0.074368  0.040879  0.996393  0.048817  -0.998111  0.037306  0.004899  0.004275  0.001316  -0.162540  0.133345  0.477313  2.000000  
177.281500 0.009224  0.100565  -0.012520  0.996003  0.046514  -0.076259  0.074365  0.041171  0.996381  0.049485  -0.998069  0.037547  0.005174  0.004520  0.001515  -0.167409  0.121171  0.495131  2.000000  
177.282510 0.009230  0.100570  -0.012518  0.995969  0.047161  -0.076295  0.074363  0.041462  0.996369  0.050153  -0.998026  0.037788  0.005369  0.004652  0.001658  -0.175244  0.114914  0.513146  2.000000  
177.283747 0.009237  0.100576  -0.012514  0.995929  0.047923  -0.076349  0.074360  0.042005  0.996346  0.050955  -0.997967  0.038271  0.005544  0.004822  0.001863  -0.186987  0.101932  0.531747  2.000000  
177.284999 0.009243  0.100582  -0.012511  0.995903  0.048703  -0.076192  0.074152  0.042417  0.996344  0.051757  -0.997912  0.038632  0.005646  0.004879  0.001903  -0.194261  0.081811  0.545882  2.000000  
177.286000 0.009248  0.100586  -0.012510  0.995875  0.049217  -0.076225  0.074149  0.042699  0.996333  0.052291  -0.997875  0.038873  0.005704  0.004861  0.001904  -0.198053  0.075489  0.559596  2.000000  
177.287245 0.009252  0.100591  -0.012509  0.995848  0.049988  -0.076075  0.073941  0.043231  0.996325  0.053093  -0.997814  0.039356  0.005683  0.004794  0.001834  -0.209741  0.062513  0.578176  2.000000  
177.288491 0.009256  0.100596  -0.012508  0.995805  0.050759  -0.076125  0.073938  0.043653  0.996307  0.053895  -0.997756  0.039717  0.005611  0.004735  0.001828  -0.219921  0.056083  0.596121  2.000000  
177.289499 0.009260  0.100600  -0.012508  0.995747  0.051521  -0.076381  0.074140  0.044086  0.996273  0.054696  -0.997698  0.040078  0.005538  0.004675  0.001822  -0.229540  0.050431  0.619114  2.000000  
177.290507 0.009263  0.100604  -0.012506  0.995717  0.052026  -0.076421  0.074138  0.044488  0.996255  0.055231  -0.997654  0.040440  0.005416  0.004656  0.001875  -0.237655  0.050903  0.627961  2.000000  
177.291747 0.009268  0.100609  -0.012504  0.995696  0.052673  -0.076262  0.073930  0.044889  0.996253  0.055899  -0.997602  0.040802  0.005221  0.004611  0.001911  -0.244917  0.030513  0.633364  2.000000  
177.292991 0.009273  0.100613  -0.012501  0.995666  0.053177  -0.076303  0.073928  0.045291  0.996235  0.056433  -0.997557  0.041164  0.004986  0.004501  0.001946  -0.250711  0.023401  0.624050  2.000000  
177.293991 0.009276  0.100616  -0.012500  0.995643  0.053549  -0.076339  0.073926  0.045683  0.996217  0.056834  -0.997520  0.041526  0.004740  0.004323  0.001900  -0.258459  0.016532  0.619815  2.000000  
177.294999 0.009279  0.100618  -0.012498  0.995628  0.054072  -0.076169  0.073719  0.045953  0.996220  0.057368  -0.997479  0.041766  0.004425  0.004121  0.001845  -0.263949  0.002798  0.620839  2.000000  
177.296249 0.009282  0.100620  -0.012496  0.995597  0.054568  -0.076218  0.073717  0.046476  0.996196  0.057902  -0.997428  0.042249  0.003962  0.003733  0.001672  -0.276191  0.002987  0.620895  2.000000  
177.297498 0.009285  0.100622  -0.012494  0.995558  0.055205  -0.076266  0.073714  0.046888  0.996177  0.058570  -0.997373  0.042610  0.003673  0.003471  0.001572  -0.280325  0.003350  0.625545  2.000000  
177.298510 0.009287  0.100623  -0.012493  0.995519  0.055567  -0.076509  0.073917  0.047291  0.996142  0.058971  -0.997334  0.042972  0.003404  0.003175  0.001409  -0.284597  0.010442  0.624965  2.000000  
177.299745 0.009289  0.100625  -0.012492  0.995496  0.055929  -0.076553  0.073915  0.047804  0.996118  0.059372  -0.997290  0.043455  0.003135  0.002901  0.001322  -0.290443  0.010411  0.615598  2.000000  
177.300748 0.009290  0.100625  -0.012492  0.995472  0.056301  -0.076591  0.073913  0.048197  0.996099  0.059772  -0.997250  0.043817  0.002859  0.002657  0.001243  -0.296871  0.010152  0.607116  2.000000  
177.301995 0.009290  0.100626  -0.012491  0.995479  0.056406  -0.076419  0.073708  0.048678  0.996091  0.059906  -0.997221  0.044300  0.002574  0.002392  0.001229  -0.304610  -0.004514  0.581283  2.000000  
177.302995 0.009290  0.100626  -0.012491  0.995471  0.056512  -0.076446  0.073707  0.049050  0.996073  0.060039  -0.997196  0.044663  0.002317  0.002147  0.001215  -0.308418  -0.005236  0.558325  2.000000  
177.304245 0.009289  0.100627  -0.012490  0.995455  0.056741  -0.076485  0.073706  0.049553  0.996048  0.060307  -0.997158  0.045146  0.001946  0.001883  0.001215  -0.312596  -0.005913  0.536061  2.000000  
177.305496 0.009288  0.100629  -0.012488  0.995462  0.056847  -0.076314  0.073501  0.050035  0.996039  0.060440  -0.997128  0.045629  0.001617  0.001649  0.001201  -0.320367  -0.013728  0.509365  2.000000  
177.306509 0.009287  0.100630  -0.012485  0.995446  0.057085  -0.076347  0.073499  0.050417  0.996020  0.060707  -0.997095  0.045992  0.001288  0.001441  0.001277  -0.324163  -0.014118  0.495477  2.000000  
177.307741 0.009286  0.100630  -0.012482  0.995414  0.057304  -0.076592  0.073703  0.050932  0.995979  0.060974  -0.997057  0.046475  0.000988  0.001225  0.001363  -0.330484  -0.000876  0.473280  2.000000  
177.308996 0.009286  0.100630  -0.012479  0.995398  0.057533  -0.076632  0.073702  0.051435  0.995953  0.061241  -0.997018  0.046958  0.000624  0.000926  0.001337  -0.337524  -0.001816  0.450557  2.000000  
177.310243 0.009286  0.100630  -0.012477  0.995405  0.057639  -0.076461  0.073496  0.051916  0.995943  0.061375  -0.996987  0.047441  0.000395  0.000721  0.001379  -0.342198  -0.009239  0.428980  2.000000  
177.311500 0.009285  0.100628  -0.012475  0.995397  0.057744  -0.076489  0.073496  0.052288  0.995924  0.061509  -0.996961  0.047803  0.000080  0.000473  0.001395  -0.340868  -0.010476  0.401001  2.000000  
177.312750 0.009285  0.100627  -0.012472  0.995404  0.057851  -0.076318  0.073290  0.052769  0.995914  0.061642  -0.996930  0.048287  -0.000102  0.000309  0.001445  -0.344559  -0.018179  0.378859  2.000000  
177.313995 0.009285  0.100628  -0.012469  0.995419  0.057825  -0.076141  0.073085  0.053240  0.995904  0.061642  -0.996906  0.048770  -0.000253  0.000226  0.001574  -0.348694  -0.019199  0.351984  2.000000  
177.314996 0.009284  0.100628  -0.012466  0.995411  0.057921  -0.076176  0.073085  0.053733  0.995877  0.061776  -0.996874  0.049254  -0.000361  0.000177  0.001705  -0.353899  -0.019503  0.335724  2.000000  
177.315996 0.009284  0.100629  -0.012463  0.995402  0.058027  -0.076203  0.073084  0.054105  0.995857  0.061909  -0.996848  0.049616  -0.000411  0.000259  0.001896  -0.357936  -0.019993  0.322366  2.000000  
177.317245 0.009283  0.100630  -0.012460  0.995409  0.058134  -0.076033  0.072879  0.054586  0.995846  0.062043  -0.996815  0.050099  -0.000487  0.000292  0.002104  -0.360864  -0.021208  0.298073  2.000000  
177.318250 0.009281  0.100631  -0.012458  0.995409  0.058106  -0.076054  0.072879  0.054949  0.995826  0.062043  -0.996797  0.050462  -0.000558  0.000273  0.002229  -0.360755  -0.022109  0.275542  2.000000  
177.319501 0.009279  0.100631  -0.012454  0.995416  0.058214  -0.075884  0.072673  0.055430  0.995814  0.062176  -0.996764  0.050945  -0.000621  0.000227  0.002361  -0.364132  -0.037032  0.249320  2.000000  
177.320745 0.009278  0.100632  -0.012453  0.995423  0.058321  -0.075714  0.072467  0.055911  0.995802  0.062310  -0.996731  0.051428  -0.000670  0.000165  0.002282  -0.363661  -0.044634  0.231657  2.000000  
177.321751 0.009277  0.100632  -0.012451  0.995437  0.058296  -0.075538  0.072263  0.056382  0.995791  0.062310  -0.996706  0.051912  -0.000667  0.000089  0.002241  -0.367622  -0.045359  0.213648  2.000000  
177.322997 0.009276  0.100631  -0.012449  0.995444  0.058404  -0.075368  0.072057  0.056863  0.995778  0.062443  -0.996672  0.052395  -0.000665  0.000032  0.002156  -0.371356  -0.052810  0.200566  2.000000  
177.324241 0.009276  0.100631  -0.012446  0.995450  0.058513  -0.075198  0.071851  0.057343  0.995766  0.062577  -0.996638  0.052878  -0.000636  0.000063  0.002177  -0.376002  -0.059573  0.190370  2.000000  
177.325243 0.009277  0.100632  -0.012443  0.995434  0.058751  -0.075234  0.071850  0.057725  0.995744  0.062844  -0.996602  0.053240  -0.000560  0.000153  0.002276  -0.376369  -0.053082  0.181145  2.000000  
177.326492 0.009278  0.100634  -0.012439  0.995440  0.058860  -0.075064  0.071645  0.058205  0.995730  0.062977  -0.996568  0.053723  -0.000446  0.000347  0.002400  -0.380047  -0.060500  0.168162  2.000000  
177.327495 0.009279  0.100635  -0.012435  0.995446  0.058977  -0.074888  0.071439  0.058565  0.995724  0.063111  -0.996540  0.054085  -0.000366  0.000520  0.002544  -0.379548  -0.067919  0.155125  2.000000  
177.328496 0.009280  0.100637  -0.012431  0.995453  0.059104  -0.074705  0.071234  0.058804  0.995725  0.063245  -0.996518  0.054326  -0.000294  0.000624  0.002594  -0.374789  -0.082021  0.146959  2.000000  
177.329501 0.009281  0.100638  -0.012428  0.995459  0.059222  -0.074528  0.071028  0.059164  0.995718  0.063378  -0.996490  0.054689  -0.000239  0.000714  0.002631  -0.373160  -0.089930  0.139487  2.000000  
177.330508 0.009282  0.100640  -0.012426  0.995465  0.059340  -0.074352  0.070823  0.059523  0.995711  0.063512  -0.996462  0.055051  -0.000157  0.000770  0.002598  -0.372654  -0.097206  0.130861  2.000000  
177.331746 0.009282  0.100642  -0.012423  0.995471  0.059459  -0.074176  0.070617  0.059883  0.995704  0.063645  -0.996433  0.055413  -0.000057  0.000844  0.002583  -0.369688  -0.096388  0.129859  2.000000  
177.332996 0.009283  0.100643  -0.012421  0.995492  0.059580  -0.073803  0.070207  0.060351  0.995705  0.063779  -0.996397  0.055896  0.000037  0.000842  0.002433  -0.367778  -0.111131  0.127187  2.000000  
177.334245 0.009283  0.100645  -0.012420  0.995489  0.059832  -0.073634  0.070000  0.060720  0.995697  0.064046  -0.996360  0.056257  0.000188  0.000879  0.002368  -0.363229  -0.117738  0.132070  2.000000  
177.335497 0.009283  0.100646  -0.012418  0.995495  0.059951  -0.073459  0.069795  0.061079  0.995690  0.064179  -0.996331  0.056620  0.000347  0.000968  0.002352  -0.359284  -0.117962  0.127685  2.000000  
177.336502 0.009284  0.100647  -0.012416  0.995500  0.060070  -0.073283  0.069589  0.061438  0.995682  0.064313  -0.996302  0.056982  0.000455  0.001016  0.002332  -0.359867  -0.123774  0.127002  2.000000  
177.337760 0.009285  0.100647  -0.012414  0.995506  0.060189  -0.073108  0.069384  0.061797  0.995674  0.064446  -0.996272  0.057344  0.000605  0.001109  0.002350  -0.353570  -0.138676  0.124262  2.000000  
177.338993 0.009286  0.100649  -0.012412  0.995512  0.060308  -0.072932  0.069178  0.062157  0.995666  0.064580  -0.996243  0.057706  0.000665  0.001190  0.002349  -0.350383  -0.144634  0.119258  2.000000  
177.340241 0.009288  0.100650  -0.012410  0.995509  0.060560  -0.072765  0.068972  0.062525  0.995657  0.064847  -0.996204  0.058067  0.000706  0.001217  0.002215  -0.346302  -0.144343  0.123771  2.000000  
177.341243 0.009289  0.100652  -0.012408  0.995514  0.060688  -0.072582  0.068767  0.062763  0.995657  0.064980  -0.996182  0.058308  0.000723  0.001223  0.002076  -0.344734  -0.152439  0.125243  2.000000  
177.342491 0.009291  0.100654  -0.012406  0.995520  0.060817  -0.072400  0.068561  0.063001  0.995656  0.065114  -0.996159  0.058550  0.000774  0.001248  0.001910  -0.333717  -0.150863  0.128692  2.000000  
177.343507 0.009292  0.100655  -0.012405  0.995502  0.061065  -0.072430  0.068560  0.063261  0.995639  0.065381  -0.996127  0.058790  0.000812  0.001228  0.001736  -0.329690  -0.150604  0.133211  2.000000  
177.344755 0.009294  0.100656  -0.012405  0.995508  0.061194  -0.072248  0.068354  0.063499  0.995638  0.065514  -0.996104  0.059031  0.000860  0.001166  0.001505  -0.320027  -0.151727  0.134320  2.000000  
177.345994 0.009295  0.100657  -0.012405  0.995513  0.061322  -0.072066  0.068149  0.063737  0.995637  0.065648  -0.996081  0.059272  0.000852  0.001056  0.001268  -0.312980  -0.157318  0.133671  2.000000  
177.346995 0.009295  0.100657  -0.012405  0.995527  0.061318  -0.071876  0.067944  0.063966  0.995636  0.065648  -0.996066  0.059514  0.000851  0.000986  0.001146  -0.308914  -0.157266  0.133709  2.000000  
177.347999 0.009295  0.100657  -0.012406  0.995532  0.061455  -0.071686  0.067738  0.064084  0.995643  0.065781  -0.996050  0.059634  0.000865  0.000928  0.001023  -0.298815  -0.165441  0.135262  2.000000  
177.349245 0.009295  0.100658  -0.012405  0.995546  0.061451  -0.071496  0.067533  0.064312  0.995642  0.065781  -0.996036  0.059876  0.000832  0.000861  0.000994  -0.288255  -0.164277  0.129754  2.000000  
177.350245 0.009295  0.100658  -0.012404  0.995537  0.061575  -0.071512  0.067533  0.064442  0.995634  0.065915  -0.996020  0.059996  0.000798  0.000814  0.000932  -0.280131  -0.163981  0.134235  2.000000  
177.351246 0.009295  0.100658  -0.012404  0.995551  0.061580  -0.071314  0.067328  0.064550  0.995641  0.065915  -0.996013  0.060117  0.000728  0.000762  0.000831  -0.270677  -0.158669  0.130532  2.000000  
177.352246 0.009295  0.100658  -0.012404  0.995542  0.061696  -0.071337  0.067327  0.064801  0.995624  0.066048  -0.995989  0.060358  0.000671  0.000724  0.000745  -0.268408  -0.157319  0.129487  2.000000  
177.353248 0.009294  0.100658  -0.012404  0.995542  0.061687  -0.071345  0.067327  0.064922  0.995617  0.066048  -0.995982  0.060479  0.000585  0.000677  0.000593  -0.258931  -0.151999  0.125773  2.000000  
177.354511 0.009294  0.100658  -0.012405  0.995547  0.061825  -0.071155  0.067122  0.065039  0.995623  0.066182  -0.995966  0.060599  0.000471  0.000576  0.000333  -0.246457  -0.151825  0.125708  2.000000  
177.355746 0.009294  0.100657  -0.012407  0.995561  0.061830  -0.070958  0.066917  0.065147  0.995629  0.066182  -0.995958  0.060720  0.000357  0.000422  0.000118  -0.234324  -0.152110  0.121319  2.000000  
177.356991 0.009294  0.100657  -0.012408  0.995570  0.061688  -0.070957  0.066917  0.065258  0.995622  0.066048  -0.995960  0.060841  0.000239  0.000262  -0.000096  -0.222602  -0.146002  0.107535  2.000000  
177.357996 0.009294  0.100656  -0.012409  0.995584  0.061701  -0.070752  0.066712  0.065246  0.995637  0.066048  -0.995960  0.060841  0.000118  0.000113  -0.000276  -0.210348  -0.146234  0.103066  2.000000  
177.359241 0.009293  0.100656  -0.012410  0.995584  0.061693  -0.070760  0.066712  0.065367  0.995629  0.066048  -0.995952  0.060962  -0.000001  -0.000027  -0.000311  -0.200998  -0.138450  0.097420  2.000000  
177.360246 0.009293  0.100655  -0.012410  0.995598  0.061706  -0.070555  0.066507  0.065354  0.995643  0.066048  -0.995952  0.060962  -0.000062  -0.000108  -0.000313  -0.190446  -0.139860  0.093775  2.000000  
177.361500 0.009293  0.100654  -0.012410  0.995598  0.061698  -0.070562  0.066507  0.065475  0.995635  0.066048  -0.995945  0.061083  -0.000149  -0.000215  -0.000326  -0.181140  -0.132045  0.088141  2.000000  
177.362509 0.009292  0.100654  -0.012410  0.995611  0.061711  -0.070357  0.066302  0.065462  0.995650  0.066048  -0.995945  0.061083  -0.000203  -0.000245  -0.000279  -0.170332  -0.133332  0.084372  2.000000  
177.363510 0.009292  0.100653  -0.012409  0.995620  0.061578  -0.070349  0.066303  0.065453  0.995650  0.065915  -0.995954  0.061084  -0.000222  -0.000297  -0.000291  -0.158562  -0.126960  0.075019  2.000000  
177.364748 0.009290  0.100652  -0.012410  0.995634  0.061583  -0.070151  0.066098  0.065561  0.995657  0.065915  -0.995946  0.061204  -0.000351  -0.000394  -0.000385  0.000000  0.000000  0.000000  2.000000  
177.365995 0.009288  0.100651  -0.012410  0.995642  0.061450  -0.070143  0.066098  0.065552  0.995658  0.065781  -0.995955  0.061205  -0.000453  -0.000452  -0.000413  0.000000  0.000000  0.000000  2.000000  
177.366995 0.009287  0.100651  -0.012411  0.995656  0.061464  -0.069938  0.065893  0.065540  0.995672  0.065781  -0.995955  0.061205  -0.000521  -0.000488  -0.000463  0.000000  0.000000  0.000000  2.000000  
177.367998 0.009286  0.100650  -0.012412  0.995665  0.061331  -0.069930  0.065894  0.065531  0.995672  0.065648  -0.995964  0.061205  -0.000559  -0.000527  -0.000492  0.000000  0.000000  0.000000  2.000000  
177.369245 0.009285  0.100650  -0.012412  0.995678  0.061344  -0.069725  0.065689  0.065518  0.995687  0.065648  -0.995964  0.061205  -0.000601  -0.000544  -0.000433  0.000000  0.000000  0.000000  2.000000  
177.370245 0.009285  0.100650  -0.012411  0.995692  0.061366  -0.069513  0.065484  0.065385  0.995709  0.065648  -0.995971  0.061085  -0.000614  -0.000496  -0.000355  0.000000  0.000000  0.000000  2.000000  
177.371492 0.009284  0.100650  -0.012410  0.995705  0.061380  -0.069308  0.065279  0.065372  0.995723  0.065648  -0.995971  0.061085  -0.000648  -0.000502  -0.000160  0.000000  0.000000  0.000000  2.000000  
177.372497 0.009284  0.100649  -0.012408  0.995705  0.061380  -0.069308  0.065279  0.065372  0.995723  0.065648  -0.995971  0.061085  -0.000664  -0.000495  0.000013  0.000000  0.000000  0.000000  2.000000  
177.373506 0.009284  0.100650  -0.012407  0.995727  0.061268  -0.069087  0.065075  0.065230  0.995746  0.065514  -0.995988  0.060964  -0.000638  -0.000430  0.000165  0.000000  0.000000  0.000000  2.000000  
177.374743 0.009285  0.100649  -0.012406  0.995741  0.061282  -0.068882  0.064870  0.065217  0.995760  0.065514  -0.995988  0.060964  -0.000571  -0.000385  0.000249  0.000000  0.000000  0.000000  2.000000  
177.375992 0.009285  0.100650  -0.012405  0.995767  0.061309  -0.068472  0.064460  0.065192  0.995789  0.065514  -0.995988  0.060964  -0.000573  -0.000329  0.000333  0.000000  0.000000  0.000000  2.000000  
177.376993 0.009285  0.100650  -0.012404  0.995781  0.061330  -0.068260  0.064255  0.065059  0.995811  0.065514  -0.995995  0.060844  -0.000524  -0.000275  0.000381  0.000000  0.000000  0.000000  2.000000  
177.377997 0.009285  0.100650  -0.012403  0.995794  0.061344  -0.068055  0.064050  0.065046  0.995825  0.065514  -0.995995  0.060844  -0.000488  -0.000165  0.000435  0.000000  0.000000  0.000000  2.000000  
177.379252 0.009285  0.100651  -0.012403  0.995807  0.061365  -0.067842  0.063845  0.064913  0.995846  0.065514  -0.996002  0.060723  -0.000397  -0.000080  0.000469  0.000000  0.000000  0.000000  2.000000  
177.380498 0.009284  0.100652  -0.012402  0.995833  0.061392  -0.067432  0.063435  0.064888  0.995874  0.065514  -0.996002  0.060723  -0.000318  0.000032  0.000524  0.000000  0.000000  0.000000  2.000000  
177.381500 0.009284  0.100652  -0.012402  0.995846  0.061406  -0.067227  0.063230  0.064875  0.995888  0.065514  -0.996002  0.060723  -0.000255  0.000091  0.000557  0.000000  0.000000  0.000000  2.000000  
177.382501 0.009284  0.100653  -0.012401  0.995864  0.061573  -0.066818  0.062819  0.064737  0.995923  0.065648  -0.996001  0.060601  -0.000153  0.000193  0.000733  0.000000  0.000000  0.000000  2.000000  
177.383529 0.009284  0.100653  -0.012400  0.995876  0.061595  -0.066605  0.062614  0.064604  0.995945  0.065648  -0.996008  0.060481  -0.000113  0.000199  0.000761  0.000000  0.000000  0.000000  2.000000  
177.384749 0.009284  0.100654  -0.012398  0.995902  0.061621  -0.066195  0.062204  0.064578  0.995972  0.065648  -0.996008  0.060481  -0.000067  0.000241  0.000887  0.000000  0.000000  0.000000  2.000000  
177.385996 0.009284  0.100653  -0.012397  0.995919  0.061789  -0.065786  0.061793  0.064440  0.996007  0.065781  -0.996007  0.060359  -0.000056  0.000218  0.000895  0.023644  -0.173103  -0.002994  2.000000  
177.387245 0.009284  0.100653  -0.012396  0.995944  0.061823  -0.065368  0.061383  0.064294  0.996041  0.065781  -0.996014  0.060238  -0.000005  0.000244  0.000843  0.032241  -0.179722  0.001914  2.000000  
177.388491 0.009284  0.100653  -0.012395  0.995969  0.061850  -0.064958  0.060973  0.064269  0.996068  0.065781  -0.996014  0.060238  -0.000023  0.000209  0.000773  0.032882  -0.191920  0.002729  2.000000  
177.389500 0.009284  0.100652  -0.012396  0.995973  0.062004  -0.064753  0.060768  0.064143  0.996089  0.065915  -0.996013  0.060117  -0.000091  0.000196  0.000689  0.041314  -0.193202  0.007239  2.000000  
177.390501 0.009283  0.100652  -0.012396  0.995998  0.062030  -0.064343  0.060358  0.064118  0.996115  0.065915  -0.996013  0.060117  -0.000109  0.000185  0.000586  0.046309  -0.207010  0.008090  2.000000  
177.391744 0.009283  0.100652  -0.012396  0.996014  0.062198  -0.063934  0.059947  0.063979  0.996149  0.066048  -0.996011  0.059996  -0.000154  0.000122  0.000499  0.051315  -0.220525  0.013404  2.000000  
177.392991 0.009281  0.100651  -0.012397  0.996039  0.062232  -0.063516  0.059537  0.063833  0.996183  0.066048  -0.996018  0.059875  -0.000201  0.000061  0.000422  0.055407  -0.225620  0.013700  2.000000  
177.393993 0.009280  0.100651  -0.012397  0.996063  0.062258  -0.063106  0.059127  0.063807  0.996209  0.066048  -0.996018  0.059875  -0.000293  -0.000028  0.000365  0.060327  -0.238965  0.018994  2.000000  
177.394994 0.009279  0.100650  -0.012398  0.996078  0.062417  -0.062704  0.058716  0.063789  0.996235  0.066182  -0.996010  0.059874  -0.000326  -0.000110  0.000290  0.060794  -0.245516  0.023860  2.000000  
177.395996 0.009279  0.100649  -0.012398  0.996103  0.062451  -0.062286  0.058306  0.063643  0.996268  0.066182  -0.996017  0.059754  -0.000329  -0.000189  0.000255  0.066278  -0.261091  0.029371  2.000000  
177.396996 0.009278  0.100648  -0.012399  0.996130  0.062623  -0.061678  0.057690  0.063612  0.996306  0.066315  -0.996008  0.059753  -0.000386  -0.000326  0.000172  0.067189  -0.274324  0.039186  2.000000  
177.397999 0.009278  0.100647  -0.012400  0.996144  0.062783  -0.061276  0.057280  0.063594  0.996331  0.066449  -0.995999  0.059753  -0.000402  -0.000414  0.000028  0.068127  -0.287856  0.044515  2.000000  
177.399245 0.009277  0.100645  -0.012401  0.996171  0.062955  -0.060669  0.056664  0.063563  0.996368  0.066582  -0.995990  0.059752  -0.000440  -0.000523  -0.000134  0.069064  -0.301380  0.049844  2.000000  
177.400246 0.009276  0.100644  -0.012402  0.996194  0.062981  -0.060259  0.056254  0.063537  0.996393  0.066582  -0.995990  0.059752  -0.000512  -0.000605  -0.000318  0.065465  -0.308372  0.050259  2.000000  
177.401250 0.009275  0.100643  -0.012404  0.996220  0.063153  -0.059651  0.055638  0.063505  0.996429  0.066716  -0.995981  0.059751  -0.000548  -0.000647  -0.000479  0.066356  -0.321668  0.055549  2.000000  
177.402510 0.009275  0.100642  -0.012406  0.996245  0.063326  -0.059044  0.055022  0.063474  0.996466  0.066849  -0.995972  0.059751  -0.000602  -0.000721  -0.000697  0.067282  -0.335111  0.060861  2.000000  
177.403748 0.009275  0.100642  -0.012408  0.996270  0.063498  -0.058436  0.054406  0.063442  0.996501  0.066983  -0.995963  0.059750  -0.000608  -0.000734  -0.000837  0.064142  -0.348451  0.070670  2.000000  
177.404994 0.009274  0.100641  -0.012410  0.996296  0.063816  -0.057632  0.053585  0.063404  0.996548  0.067250  -0.995946  0.059749  -0.000635  -0.000765  -0.000982  0.065034  -0.365583  0.080243  2.000000  
177.405996 0.009273  0.100640  -0.012412  0.996309  0.063968  -0.057237  0.053174  0.063505  0.996564  0.067383  -0.995929  0.059870  -0.000623  -0.000801  -0.001026  0.061978  -0.375207  0.085833  2.000000  
177.407248 0.009272  0.100639  -0.012414  0.996344  0.064154  -0.056424  0.052353  0.063460  0.996610  0.067517  -0.995920  0.059869  -0.000640  -0.000874  -0.001115  0.059301  -0.395572  0.091542  2.000000  
177.408491 0.009271  0.100637  -0.012415  0.996358  0.064459  -0.055825  0.051737  0.063434  0.996644  0.067784  -0.995902  0.059868  -0.000666  -0.000958  -0.001220  0.059357  -0.398832  0.100161  2.000000  
177.409495 0.009269  0.100635  -0.012417  0.996380  0.064631  -0.055217  0.051121  0.063401  0.996678  0.067917  -0.995893  0.059867  -0.000713  -0.001019  -0.001297  0.056233  -0.412079  0.105377  2.000000  
177.410505 0.009268  0.100633  -0.012419  0.996403  0.064804  -0.054610  0.050505  0.063368  0.996711  0.068051  -0.995884  0.059867  -0.000772  -0.001096  -0.001396  0.057642  -0.428934  0.111555  2.000000  
177.411743 0.009265  0.100630  -0.012422  0.996426  0.065122  -0.053805  0.049684  0.063328  0.996755  0.068318  -0.995866  0.059866  -0.000853  -0.001180  -0.001574  0.054139  -0.438870  0.115906  2.000000  
177.412748 0.009264  0.100629  -0.012425  0.996447  0.065294  -0.053197  0.049068  0.063294  0.996788  0.068451  -0.995857  0.059865  -0.000926  -0.001238  -0.001687  0.055075  -0.449076  0.121759  2.000000  
177.413995 0.009262  0.100626  -0.012428  0.996469  0.065606  -0.052400  0.048247  0.063374  0.996823  0.068718  -0.995831  0.059985  -0.000985  -0.001287  -0.001802  0.047986  -0.465401  0.130917  2.000000  
177.414996 0.009261  0.100625  -0.012431  0.996489  0.065778  -0.051793  0.047631  0.063340  0.996855  0.068852  -0.995822  0.059984  -0.001032  -0.001327  -0.001924  0.049013  -0.479504  0.136396  2.000000  
177.415997 0.009260  0.100624  -0.012433  0.996510  0.066096  -0.050988  0.046809  0.063298  0.996896  0.069119  -0.995803  0.059983  -0.001061  -0.001357  -0.001945  0.046298  -0.496248  0.142606  2.000000  
177.417246 0.009259  0.100622  -0.012435  0.996539  0.066422  -0.049986  0.045783  0.063363  0.996940  0.069386  -0.995778  0.060103  -0.001079  -0.001388  -0.002002  0.039619  -0.516413  0.152844  2.000000  
177.418509 0.009258  0.100621  -0.012438  0.996567  0.066753  -0.048976  0.044756  0.063307  0.996990  0.069653  -0.995759  0.060102  -0.001108  -0.001417  -0.002022  0.041112  -0.536563  0.158509  2.000000  
177.419749 0.009257  0.100619  -0.012440  0.996594  0.067084  -0.047965  0.043729  0.063250  0.997039  0.069920  -0.995741  0.060101  -0.001127  -0.001461  -0.002011  0.038561  -0.557289  0.168878  2.000000  
177.420996 0.009257  0.100618  -0.012443  0.996619  0.067410  -0.046963  0.042703  0.063313  0.997080  0.070187  -0.995714  0.060220  -0.001135  -0.001495  -0.002105  0.031875  -0.577136  0.179019  2.000000  
177.422243 0.009255  0.100616  -0.012445  0.996635  0.067874  -0.045961  0.041675  0.063260  0.997127  0.070587  -0.995686  0.060219  -0.001135  -0.001522  -0.002084  0.033194  -0.592665  0.187789  2.000000  
177.423507 0.009253  0.100614  -0.012447  0.996649  0.068333  -0.044967  0.040648  0.063328  0.997165  0.070987  -0.995651  0.060338  -0.001154  -0.001547  -0.002117  0.026616  -0.611941  0.202251  2.000000  
177.424743 0.009251  0.100611  -0.012449  0.996670  0.068811  -0.043759  0.039416  0.063259  0.997218  0.071388  -0.995622  0.060336  -0.001153  -0.001553  -0.002140  0.028209  -0.632126  0.212469  2.000000  
177.425747 0.009250  0.100610  -0.012451  0.996673  0.069257  -0.042971  0.038594  0.063339  0.997246  0.071788  -0.995586  0.060455  -0.001164  -0.001524  -0.002126  0.021365  -0.650127  0.228461  2.000000  
177.426993 0.009247  0.100608  -0.012453  0.996691  0.069735  -0.041763  0.037362  0.063268  0.997297  0.072188  -0.995557  0.060453  -0.001177  -0.001474  -0.002028  0.022792  -0.664753  0.236730  2.000000  
177.428249 0.009246  0.100606  -0.012455  0.996690  0.070327  -0.040778  0.036335  0.063337  0.997331  0.072722  -0.995511  0.060572  -0.001182  -0.001411  -0.001920  0.020097  -0.683241  0.253046  2.000000  
177.429265 0.009244  0.100606  -0.012456  0.996698  0.070792  -0.039775  0.035308  0.063278  0.997371  0.073123  -0.995482  0.060570  -0.001194  -0.001351  -0.001795  0.021234  -0.695927  0.262652  2.000000  
177.430502 0.009243  0.100604  -0.012457  0.996701  0.071398  -0.038584  0.034075  0.063330  0.997411  0.073656  -0.995435  0.060688  -0.001189  -0.001339  -0.001657  0.018868  -0.716298  0.277617  2.000000  
177.431748 0.009241  0.100603  -0.012458  0.996703  0.072008  -0.037385  0.032843  0.063259  0.997457  0.074190  -0.995396  0.060686  -0.001232  -0.001311  -0.001556  0.020576  -0.736113  0.292324  2.000000  
177.432995 0.009240  0.100602  -0.012460  0.996703  0.072614  -0.036194  0.031610  0.063308  0.997493  0.074724  -0.995349  0.060804  -0.001223  -0.001288  -0.001494  0.018557  -0.756471  0.304942  2.000000  
177.433996 0.009240  0.100601  -0.012461  0.996695  0.073212  -0.035200  0.030583  0.063250  0.997529  0.075257  -0.995309  0.060802  -0.001225  -0.001278  -0.001461  0.019465  -0.768853  0.321374  2.000000  
177.435001 0.009239  0.100600  -0.012462  0.996686  0.073809  -0.034205  0.029556  0.063190  0.997564  0.075791  -0.995268  0.060799  -0.001236  -0.001275  -0.001424  0.025283  -0.788440  0.336041  2.000000  
177.436246 0.009238  0.100599  -0.012463  0.996670  0.074549  -0.033023  0.028323  0.063239  0.997596  0.076458  -0.995210  0.060917  -0.001229  -0.001242  -0.001330  0.022531  -0.801231  0.354939  2.000000  
177.437498 0.009236  0.100597  -0.012464  0.996649  0.075439  -0.031634  0.026885  0.063153  0.997642  0.077259  -0.995149  0.060913  -0.001230  -0.001198  -0.001281  0.024974  -0.827594  0.374529  2.000000  
177.438741 0.009235  0.100596  -0.012466  0.996629  0.076182  -0.030442  0.025653  0.063077  0.997679  0.077926  -0.995097  0.060910  -0.001223  -0.001165  -0.001188  0.026613  -0.840396  0.390596  2.000000  
177.439745 0.009233  0.100594  -0.012466  0.996608  0.076926  -0.029251  0.024420  0.062999  0.997715  0.078592  -0.995045  0.060907  -0.001206  -0.001120  -0.001092  0.028192  -0.859871  0.412550  2.000000  
177.440992 0.009232  0.100593  -0.012466  0.996578  0.077815  -0.027862  0.022983  0.062906  0.997755  0.079393  -0.994981  0.060903  -0.001179  -0.001069  -0.000982  0.030716  -0.886548  0.432293  2.000000  
177.441994 0.009230  0.100592  -0.012467  0.996548  0.078545  -0.026875  0.021956  0.062841  0.997782  0.080060  -0.994928  0.060900  -0.001141  -0.001048  -0.000911  0.031837  -0.891606  0.447270  2.000000  
177.443245 0.009228  0.100591  -0.012467  0.996499  0.079554  -0.025700  0.020723  0.062763  0.997813  0.080993  -0.994853  0.060895  -0.001184  -0.001055  -0.000808  0.033418  -0.903935  0.470383  2.000000  
177.444498 0.009226  0.100589  -0.012467  0.996448  0.080563  -0.024524  0.019491  0.062683  0.997843  0.081927  -0.994777  0.060890  -0.001216  -0.001092  -0.000740  0.039059  -0.916242  0.493560  2.000000  
177.445752 0.009224  0.100588  -0.012467  0.996398  0.081585  -0.023143  0.018053  0.062584  0.997876  0.082860  -0.994700  0.060886  -0.001238  -0.001088  -0.000667  0.040999  -0.936003  0.520816  2.000000  
177.446998 0.009223  0.100587  -0.012466  0.996341  0.082594  -0.021968  0.016821  0.062499  0.997903  0.083793  -0.994622  0.060881  -0.001243  -0.001073  -0.000490  0.046191  -0.941525  0.543772  2.000000  
177.448009 0.009222  0.100586  -0.012466  0.996294  0.083472  -0.020774  0.015589  0.062288  0.997936  0.084593  -0.994562  0.060756  -0.001253  -0.001070  -0.000453  0.051836  -0.953845  0.562292  2.000000  
177.449249 0.009220  0.100585  -0.012465  0.996221  0.084613  -0.019606  0.014358  0.062200  0.997960  0.085660  -0.994471  0.060750  -0.001269  -0.001034  -0.000286  0.053061  -0.959534  0.589928  2.000000  
177.450510 0.009219  0.100584  -0.012465  0.996148  0.085767  -0.018233  0.012921  0.062092  0.997987  0.086726  -0.994379  0.060745  -0.001272  -0.000998  -0.000155  0.058859  -0.971093  0.617442  2.000000  
177.451750 0.009218  0.100583  -0.012464  0.996061  0.087055  -0.016857  0.011484  0.061861  0.998019  0.087926  -0.994281  0.060618  -0.001277  -0.000984  0.000021  0.064861  -0.983529  0.645352  2.000000  
177.453002 0.009217  0.100582  -0.012463  0.995968  0.088331  -0.015687  0.010252  0.061645  0.998045  0.089125  -0.994182  0.060491  -0.001292  -0.000965  0.000129  0.074304  -0.988254  0.677052  2.000000  
177.454248 0.009215  0.100582  -0.012461  0.995861  0.089750  -0.014330  0.008816  0.061529  0.998066  0.090458  -0.994062  0.060483  -0.001256  -0.000884  0.000304  0.076451  -1.001359  0.705788  2.000000  
177.455497 0.009213  0.100580  -0.012460  0.995763  0.091037  -0.012953  0.007380  0.061288  0.998093  0.091657  -0.993960  0.060356  -0.001238  -0.000873  0.000407  0.085965  -1.005803  0.732373  2.000000  
177.456504 0.009212  0.100580  -0.012459  0.995672  0.092165  -0.011979  0.006354  0.061080  0.998113  0.092723  -0.993869  0.060230  -0.001230  -0.000839  0.000501  0.091122  -1.009490  0.753776  2.000000  
177.457746 0.009210  0.100578  -0.012459  0.995542  0.093717  -0.010618  0.004919  0.060833  0.998136  0.094188  -0.993739  0.060101  -0.001272  -0.000888  0.000562  0.101087  -1.015769  0.791364  2.000000  
177.458993 0.009207  0.100576  -0.012458  0.995409  0.095281  -0.009051  0.003279  0.060562  0.998159  0.095653  -0.993606  0.059972  -0.001313  -0.000916  0.000577  0.107035  -1.025841  0.821750  2.000000  
177.459995 0.009205  0.100574  -0.012458  0.995283  0.096673  -0.008092  0.002254  0.060346  0.998175  0.096985  -0.993485  0.059844  -0.001376  -0.000941  0.000666  0.112601  -1.030798  0.853296  2.000000  
177.461244 0.009202  0.100572  -0.012457  0.995115  0.098489  -0.006746  0.000819  0.060087  0.998193  0.098716  -0.993322  0.059713  -0.001464  -0.001011  0.000665  0.122520  -1.035184  0.893847  2.000000  
177.462502 0.009199  0.100570  -0.012456  0.994942  0.100304  -0.005399  -0.000614  0.059823  0.998209  0.100447  -0.993157  0.059582  -0.001568  -0.001082  0.000707  0.132364  -1.034288  0.936469  2.000000  
177.463512 0.009196  0.100568  -0.012455  0.994778  0.101972  -0.004249  -0.001843  0.059575  0.998222  0.102044  -0.993002  0.059452  -0.001707  -0.001197  0.000695  0.138786  -1.045487  0.972813  2.000000  
177.464749 0.009192  0.100565  -0.012454  0.994581  0.103931  -0.002704  -0.003481  0.059279  0.998235  0.103907  -0.992816  0.059320  -0.001871  -0.001311  0.000757  0.144969  -1.050485  1.014138  2.000000  
177.465996 0.009188  0.100563  -0.012453  0.994377  0.105888  -0.001158  -0.005118  0.058977  0.998246  0.105770  -0.992628  0.059188  -0.002072  -0.001468  0.000769  0.155037  -1.059324  1.051364  2.000000  
177.467245 0.009184  0.100559  -0.012451  0.994139  0.108109  0.000386  -0.006754  0.058546  0.998262  0.107899  -0.992414  0.058933  -0.002287  -0.001605  0.000775  0.166041  -1.070258  1.096558  2.000000  
177.468497 0.009178  0.100555  -0.012451  0.993877  0.110474  0.002115  -0.008594  0.058205  0.998268  0.110160  -0.992173  0.058798  -0.002525  -0.001806  0.000738  0.173890  -1.082854  1.155267  2.000000  
177.469500 0.009173  0.100551  -0.012450  0.993670  0.112283  0.003478  -0.010024  0.057786  0.998279  0.111889  -0.991995  0.058546  -0.002816  -0.002036  0.000749  0.184089  -1.087609  1.191472  2.000000  
177.470745 0.009166  0.100546  -0.012450  0.993411  0.114500  0.005025  -0.011658  0.057334  0.998287  0.114016  -0.991767  0.058291  -0.003157  -0.002328  0.000684  0.194620  -1.091816  1.236669  2.000000  
177.471995 0.009158  0.100539  -0.012449  0.993110  0.116992  0.006763  -0.013495  0.056848  0.998292  0.116408  -0.991505  0.058035  -0.003559  -0.002643  0.000708  0.205582  -1.106653  1.285889  2.000000  
177.472995 0.009151  0.100534  -0.012449  0.992870  0.118929  0.008121  -0.014923  0.056409  0.998296  0.118268  -0.991299  0.057781  -0.003910  -0.002933  0.000680  0.217819  -1.120910  1.328342  2.000000  
177.474243 0.009142  0.100527  -0.012448  0.992540  0.121537  0.009663  -0.016553  0.055808  0.998304  0.120792  -0.991017  0.057403  -0.004311  -0.003251  0.000687  0.233575  -1.131686  1.383055  2.000000  
177.475243 0.009134  0.100520  -0.012448  0.992254  0.123736  0.011009  -0.017978  0.055352  0.998305  0.122917  -0.990770  0.057148  -0.004675  -0.003587  0.000647  0.244090  -1.135379  1.432394  2.000000  
177.476498 0.009123  0.100511  -0.012447  0.991870  0.126617  0.012744  -0.019810  0.054704  0.998306  0.125705  -0.990442  0.056767  -0.005285  -0.004079  0.000634  0.259283  -1.149475  1.488907  2.000000  
