1-Time 2-Px 3-Py 4-Pz 5-R11 6-R21 7-R31 8-R12 9-R22 10-R32 11-R13 12-R23 13-R33 14-Vx 15-Vy 16-Vz 17-Wx 18-Wy 19-Wz 20-state 21-PR11 22-PR21 23-PR31 24-PR12 25-PR22 26-PR32 27-PR13 28-PR23 29-PR33 
111.718819 0.009763  0.098933  -0.010490  0.994346  -0.099684  -0.036589  0.045272  0.086282  0.995242  -0.096053  -0.991271  0.090307  0.000152  0.000242  0.000286  0.000000  0.000000  0.000000  2.000000  
111.719823 0.009763  0.098933  -0.010490  0.994346  -0.099684  -0.036589  0.045272  0.086282  0.995242  -0.096053  -0.991271  0.090307  0.000152  0.000242  0.000286  0.000000  0.000000  0.000000  2.000000  
111.721073 0.009765  0.098935  -0.010490  0.994340  -0.099592  -0.036998  0.045682  0.086368  0.995215  -0.095920  -0.991273  0.090428  0.000328  0.000306  0.000281  0.000000  0.000000  0.000000  2.000000  
111.722322 0.009769  0.098936  -0.010488  0.994347  -0.099367  -0.037420  0.046092  0.086460  0.995189  -0.095653  -0.991288  0.090551  0.000540  0.000405  0.000395  0.000000  0.000000  0.000000  2.000000  
111.723325 0.009772  0.098937  -0.010486  0.994363  -0.099124  -0.037637  0.046298  0.086572  0.995169  -0.095387  -0.991302  0.090674  0.000711  0.000448  0.000435  0.000000  0.000000  0.000000  2.000000  
111.724341 0.009775  0.098939  -0.010485  0.994357  -0.099032  -0.038047  0.046708  0.086658  0.995143  -0.095254  -0.991304  0.090795  0.000945  0.000581  0.000516  0.000000  0.000000  0.000000  2.000000  
111.725574 0.009780  0.098943  -0.010483  0.994360  -0.098927  -0.038240  0.046913  0.086886  0.995113  -0.095121  -0.991294  0.091037  0.001272  0.000757  0.000582  0.000000  0.000000  0.000000  2.000000  
111.726575 0.009785  0.098946  -0.010483  0.994328  -0.099100  -0.038626  0.047322  0.086959  0.995087  -0.095254  -0.991271  0.091156  0.001599  0.000950  0.000636  0.000000  0.000000  0.000000  2.000000  
111.727581 0.009790  0.098947  -0.010482  0.994298  -0.099163  -0.039216  0.047936  0.087140  0.995042  -0.095254  -0.991248  0.091396  0.001907  0.001052  0.000641  0.000000  0.000000  0.000000  2.000000  
111.728824 0.009796  0.098950  -0.010481  0.994281  -0.099094  -0.039819  0.048551  0.087326  0.994996  -0.095121  -0.991239  0.091638  0.002327  0.001217  0.000683  0.000000  0.000000  0.000000  2.000000  
111.729825 0.009801  0.098953  -0.010479  0.994276  -0.098893  -0.040434  0.049166  0.087519  0.994949  -0.094854  -0.991242  0.091881  0.002673  0.001384  0.000804  0.000000  0.000000  0.000000  2.000000  
111.730825 0.009807  0.098956  -0.010478  0.994271  -0.098692  -0.041049  0.049782  0.087713  0.994901  -0.094588  -0.991245  0.092123  0.003061  0.001599  0.000864  0.000000  0.000000  0.000000  2.000000  
111.731825 0.009812  0.098959  -0.010479  0.994265  -0.098486  -0.041676  0.050397  0.087786  0.994864  -0.094321  -0.991259  0.092246  0.003404  0.001773  0.000800  0.000000  0.000000  0.000000  2.000000  
111.732828 0.009817  0.098962  -0.010481  0.994249  -0.098304  -0.042496  0.051217  0.087960  0.994806  -0.094055  -0.991262  0.092489  0.003736  0.001991  0.000680  0.000000  0.000000  0.000000  2.000000  
111.734075 0.009823  0.098966  -0.010483  0.994244  -0.097989  -0.043329  0.052038  0.088141  0.994748  -0.093655  -0.991277  0.092733  0.004061  0.002159  0.000492  0.000000  0.000000  0.000000  2.000000  
111.735326 0.009830  0.098969  -0.010485  0.994226  -0.097807  -0.044149  0.052858  0.088316  0.994689  -0.093389  -0.991279  0.092976  0.004441  0.002361  0.000294  -0.083540  0.200693  0.076303  2.000000  
111.736328 0.009836  0.098972  -0.010487  0.994218  -0.097603  -0.044776  0.053473  0.088390  0.994650  -0.093123  -0.991293  0.093098  0.004707  0.002525  0.000121  -0.080950  0.220333  0.082667  2.000000  
111.737574 0.009843  0.098976  -0.010489  0.994211  -0.097289  -0.045609  0.054294  0.088573  0.994589  -0.092723  -0.991307  0.093342  0.004943  0.002599  -0.000111  -0.086549  0.257712  0.093586  2.000000  
111.738575 0.009849  0.098979  -0.010489  0.994202  -0.097090  -0.046225  0.054909  0.088769  0.994538  -0.092456  -0.991309  0.093585  0.005150  0.002745  -0.000212  -0.092177  0.286154  0.100024  2.000000  
111.739820 0.009857  0.098984  -0.010489  0.994194  -0.096663  -0.047275  0.055935  0.088940  0.994465  -0.091924  -0.991335  0.093830  0.005356  0.002880  -0.000286  -0.092363  0.328811  0.113997  2.000000  
111.740820 0.009864  0.098988  -0.010487  0.994184  -0.096465  -0.047891  0.056551  0.089136  0.994413  -0.091657  -0.991337  0.094073  0.005499  0.002974  -0.000228  -0.098621  0.350281  0.121015  2.000000  
111.741823 0.009869  0.098991  -0.010485  0.994185  -0.096134  -0.048519  0.057167  0.089341  0.994359  -0.091257  -0.991351  0.094317  0.005574  0.002985  -0.000167  -0.104233  0.378936  0.131832  2.000000  
111.742828 0.009875  0.098993  -0.010483  0.994174  -0.095937  -0.049136  0.057782  0.089538  0.994306  -0.090991  -0.991352  0.094560  0.005601  0.003012  -0.000082  -0.109825  0.407151  0.138158  2.000000  
111.744074 0.009881  0.098995  -0.010480  0.994174  -0.095607  -0.049764  0.058398  0.089743  0.994251  -0.090591  -0.991365  0.094804  0.005616  0.002983  0.000046  -0.115524  0.436061  0.149047  2.000000  
111.745075 0.009886  0.098998  -0.010477  0.994162  -0.095410  -0.050381  0.059014  0.089941  0.994197  -0.090325  -0.991367  0.095046  0.005561  0.002938  0.000142  -0.117704  0.457444  0.155976  2.000000  
111.746075 0.009890  0.099001  -0.010474  0.994174  -0.095056  -0.050816  0.059425  0.090046  0.994163  -0.089925  -0.991391  0.095170  0.005483  0.002976  0.000348  -0.119944  0.478789  0.162945  2.000000  
111.747329 0.009896  0.099006  -0.010469  0.994173  -0.094726  -0.051446  0.060042  0.090252  0.994107  -0.089525  -0.991404  0.095414  0.005423  0.002999  0.000742  -0.125598  0.507414  0.173714  2.000000  
111.748340 0.009900  0.099009  -0.010466  0.994184  -0.094379  -0.051870  0.060453  0.090479  0.994062  -0.089125  -0.991416  0.095658  0.005385  0.002984  0.001036  -0.131871  0.529059  0.185073  2.000000  
111.749575 0.009907  0.099013  -0.010461  0.994182  -0.094057  -0.052488  0.061069  0.090807  0.993994  -0.088725  -0.991417  0.096022  0.005387  0.003080  0.001624  -0.142385  0.551343  0.196613  2.000000  
111.750823 0.009912  0.099017  -0.010455  0.994180  -0.093735  -0.053107  0.061686  0.091135  0.993926  -0.088326  -0.991417  0.096386  0.005262  0.003121  0.002165  -0.150053  0.559146  0.204800  2.000000  
111.751824 0.009917  0.099021  -0.010449  0.994179  -0.093634  -0.053301  0.061891  0.091365  0.993892  -0.088192  -0.991406  0.096628  0.005176  0.003190  0.002617  -0.154860  0.551861  0.200849  2.000000  
111.752825 0.009921  0.099024  -0.010443  0.994190  -0.093395  -0.053520  0.062097  0.091483  0.993869  -0.087926  -0.991417  0.096751  0.005048  0.003195  0.003138  -0.155020  0.551959  0.200804  2.000000  
111.753829 0.009925  0.099028  -0.010437  0.994189  -0.093294  -0.053715  0.062302  0.091713  0.993835  -0.087793  -0.991406  0.096992  0.004971  0.003237  0.003578  -0.159121  0.551839  0.200643  2.000000  
111.755087 0.009930  0.099032  -0.010429  0.994199  -0.093061  -0.053923  0.062509  0.091951  0.993800  -0.087526  -0.991405  0.097235  0.004733  0.003143  0.003949  -0.163893  0.545312  0.205616  2.000000  
111.756325 0.009935  0.099036  -0.010422  0.994210  -0.092835  -0.054120  0.062715  0.092311  0.993753  -0.087259  -0.991393  0.097598  0.004592  0.003101  0.004284  -0.167396  0.535305  0.213429  2.000000  
111.757326 0.009939  0.099038  -0.010415  0.994233  -0.092577  -0.054135  0.062716  0.092448  0.993740  -0.086993  -0.991405  0.097721  0.004447  0.003096  0.004622  -0.168662  0.522937  0.227959  2.000000  
111.758338 0.009943  0.099040  -0.010408  0.994243  -0.092344  -0.054343  0.062922  0.092687  0.993705  -0.086726  -0.991404  0.097964  0.004351  0.003108  0.004980  -0.171975  0.506966  0.236063  2.000000  
111.759577 0.009948  0.099041  -0.010397  0.994278  -0.091967  -0.054349  0.062925  0.093073  0.993669  -0.086326  -0.991403  0.098328  0.004284  0.002995  0.005440  -0.174073  0.487079  0.242404  2.000000  
111.760825 0.009953  0.099043  -0.010387  0.994289  -0.091848  -0.054340  0.062925  0.093323  0.993645  -0.086193  -0.991390  0.098569  0.004246  0.002841  0.005788  -0.176730  0.458937  0.236016  2.000000  
111.762076 0.009957  0.099044  -0.010377  0.994314  -0.091709  -0.054126  0.062721  0.093591  0.993633  -0.086060  -0.991378  0.098811  0.004160  0.002585  0.006287  -0.177801  0.427491  0.232100  2.000000  
111.763327 0.009962  0.099045  -0.010364  0.994327  -0.091703  -0.053899  0.062517  0.093851  0.993621  -0.086060  -0.991354  0.099051  0.004090  0.002425  0.006777  -0.181688  0.386146  0.227223  2.000000  
111.764327 0.009965  0.099045  -0.010355  0.994338  -0.091584  -0.053890  0.062517  0.094100  0.993598  -0.085926  -0.991341  0.099293  0.003981  0.002226  0.007152  -0.189708  0.360791  0.222562  2.000000  
111.765330 0.009968  0.099046  -0.010344  0.994362  -0.091445  -0.053677  0.062313  0.094369  0.993585  -0.085793  -0.991329  0.099535  0.003844  0.002000  0.007510  -0.191617  0.339808  0.219976  2.000000  
111.766334 0.009971  0.099045  -0.010334  0.994398  -0.091167  -0.053488  0.062110  0.094524  0.993583  -0.085527  -0.991339  0.099657  0.003786  0.001762  0.007907  -0.194134  0.312349  0.222558  2.000000  
111.767573 0.009975  0.099046  -0.010322  0.994409  -0.091055  -0.053468  0.062111  0.094894  0.993548  -0.085393  -0.991314  0.100019  0.003677  0.001477  0.008179  -0.199162  0.282333  0.218938  2.000000  
111.768829 0.009978  0.099046  -0.010311  0.994434  -0.090916  -0.053255  0.061907  0.095162  0.993535  -0.085260  -0.991301  0.100261  0.003527  0.001162  0.008396  -0.200779  0.242604  0.211551  2.000000  
111.770072 0.009980  0.099045  -0.010302  0.994459  -0.090889  -0.052824  0.061497  0.095441  0.993534  -0.085260  -0.991277  0.100501  0.003313  0.000832  0.008527  -0.205988  0.205456  0.203957  2.000000  
111.771330 0.009981  0.099043  -0.010293  0.994472  -0.090882  -0.052597  0.061293  0.095700  0.993521  -0.085260  -0.991253  0.100742  0.002987  0.000426  0.008573  -0.207298  0.164275  0.191693  2.000000  
111.772572 0.009982  0.099042  -0.010285  0.994473  -0.091014  -0.052346  0.061087  0.096073  0.993498  -0.085393  -0.991205  0.101101  0.002774  0.000154  0.008568  -0.212148  0.134068  0.175057  2.000000  
111.773577 0.009983  0.099042  -0.010278  0.994485  -0.091007  -0.052119  0.060882  0.096332  0.993485  -0.085393  -0.991180  0.101342  0.002583  0.000057  0.008522  -0.214524  0.105988  0.168791  2.000000  
111.774820 0.009984  0.099042  -0.010269  0.994498  -0.091000  -0.051893  0.060678  0.096592  0.993473  -0.085393  -0.991155  0.101582  0.002300  -0.000029  0.008464  -0.216981  0.077510  0.158168  2.000000  
111.775826 0.009984  0.099042  -0.010261  0.994510  -0.090992  -0.051666  0.060473  0.096852  0.993460  -0.085393  -0.991131  0.101823  0.002027  -0.000124  0.008413  -0.221203  0.049416  0.148749  2.000000  
111.777075 0.009983  0.099041  -0.010253  0.994522  -0.090872  -0.051658  0.060474  0.097101  0.993436  -0.085260  -0.991117  0.102064  0.001732  -0.000175  0.008208  -0.223070  0.027988  0.141864  2.000000  
111.778075 0.009982  0.099040  -0.010247  0.994523  -0.090997  -0.051417  0.060268  0.097353  0.993423  -0.085393  -0.991081  0.102304  0.001427  -0.000346  0.007980  -0.224969  0.005656  0.126057  2.000000  
111.779327 0.009981  0.099038  -0.010241  0.994535  -0.090990  -0.051191  0.060063  0.097612  0.993410  -0.085393  -0.991056  0.102544  0.001047  -0.000488  0.007602  -0.225390  -0.022909  0.114362  2.000000  
111.780328 0.009980  0.099037  -0.010235  0.994535  -0.091002  -0.051169  0.060063  0.097853  0.993387  -0.085393  -0.991031  0.102784  0.000777  -0.000567  0.007263  -0.222533  -0.037371  0.106858  2.000000  
111.781330 0.009978  0.099036  -0.010230  0.994548  -0.090994  -0.050942  0.059859  0.098113  0.993373  -0.085393  -0.991007  0.103025  0.000458  -0.000630  0.006883  -0.224817  -0.058779  0.100269  2.000000  
111.782333 0.009977  0.099035  -0.010226  0.994548  -0.091007  -0.050920  0.059859  0.098354  0.993350  -0.085393  -0.990981  0.103265  0.000104  -0.000768  0.006491  -0.226702  -0.066401  0.097078  2.000000  
111.783348 0.009975  0.099033  -0.010222  0.994548  -0.091019  -0.050898  0.059859  0.098595  0.993326  -0.085393  -0.990956  0.103506  -0.000160  -0.000872  0.006147  -0.227169  -0.074100  0.088793  2.000000  
111.784573 0.009973  0.099032  -0.010216  0.994548  -0.091031  -0.050876  0.059859  0.098836  0.993302  -0.085393  -0.990931  0.103746  -0.000376  -0.000864  0.005931  -0.227932  -0.081447  0.085099  2.000000  
111.785576 0.009972  0.099031  -0.010212  0.994548  -0.091044  -0.050854  0.059859  0.099077  0.993278  -0.085393  -0.990906  0.103986  -0.000555  -0.000872  0.005711  -0.227900  -0.082329  0.076164  2.000000  
111.786824 0.009971  0.099030  -0.010208  0.994548  -0.091056  -0.050832  0.059859  0.099318  0.993254  -0.085393  -0.990881  0.104227  -0.000721  -0.000831  0.005488  -0.226635  -0.089351  0.067386  2.000000  
111.788071 0.009970  0.099029  -0.010204  0.994548  -0.091068  -0.050810  0.059859  0.099559  0.993230  -0.085393  -0.990855  0.104467  -0.000844  -0.000847  0.005204  -0.227204  -0.097497  0.054790  2.000000  
111.789329 0.009969  0.099028  -0.010201  0.994548  -0.091081  -0.050788  0.059859  0.099800  0.993205  -0.085393  -0.990830  0.104708  -0.000969  -0.000871  0.004792  -0.227201  -0.098398  0.045942  2.000000  
111.790570 0.009968  0.099028  -0.010199  0.994548  -0.091093  -0.050765  0.059859  0.100041  0.993181  -0.085393  -0.990805  0.104948  -0.001059  -0.000903  0.004274  -0.223154  -0.099301  0.037100  2.000000  
111.791572 0.009968  0.099028  -0.010198  0.994547  -0.090994  -0.050962  0.060064  0.100271  0.993146  -0.085260  -0.990791  0.105189  -0.001064  -0.000888  0.003909  -0.226592  -0.092032  0.040854  2.000000  
111.792576 0.009967  0.099028  -0.010198  0.994547  -0.091000  -0.050951  0.060064  0.100391  0.993133  -0.085260  -0.990778  0.105310  -0.001056  -0.000855  0.003463  -0.223784  -0.086387  0.036027  2.000000  
111.793825 0.009967  0.099028  -0.010198  0.994546  -0.090901  -0.051147  0.060270  0.100621  0.993098  -0.085127  -0.990764  0.105551  -0.000967  -0.000762  0.002955  -0.222605  -0.072669  0.034634  2.000000  
111.794825 0.009968  0.099028  -0.010198  0.994546  -0.090907  -0.051136  0.060270  0.100742  0.993085  -0.085127  -0.990751  0.105671  -0.000841  -0.000630  0.002634  -0.217923  -0.066265  0.029463  2.000000  
111.796075 0.009968  0.099029  -0.010198  0.994533  -0.090940  -0.051319  0.060474  0.100964  0.993050  -0.085127  -0.990725  0.105912  -0.000663  -0.000484  0.002304  -0.215531  -0.059370  0.024094  2.000000  
111.797331 0.009970  0.099031  -0.010196  0.994532  -0.090841  -0.051515  0.060680  0.101194  0.993014  -0.084993  -0.990711  0.106153  -0.000439  -0.000268  0.002016  -0.212007  -0.046597  0.018408  2.000000  
111.798343 0.009971  0.099031  -0.010194  0.994532  -0.090847  -0.051504  0.060680  0.101315  0.993002  -0.084993  -0.990698  0.106273  -0.000289  -0.000151  0.001811  -0.211324  -0.040187  0.013222  2.000000  
111.799576 0.009973  0.099033  -0.010192  0.994531  -0.090748  -0.051701  0.060885  0.101545  0.992966  -0.084860  -0.990683  0.106515  -0.000035  0.000096  0.001568  -0.206194  -0.026026  0.016283  2.000000  
111.800577 0.009975  0.099036  -0.010190  0.994518  -0.090782  -0.051883  0.061090  0.101767  0.992931  -0.084860  -0.990657  0.106755  0.000195  0.000307  0.001461  -0.205010  -0.012308  0.014853  2.000000  
111.801821 0.009978  0.099039  -0.010188  0.994530  -0.090662  -0.051876  0.061091  0.102016  0.992905  -0.084727  -0.990643  0.106997  0.000509  0.000619  0.001350  -0.203896  0.002347  0.022368  2.000000  
111.802823 0.009981  0.099042  -0.010185  0.994528  -0.090557  -0.052083  0.061296  0.102126  0.992881  -0.084593  -0.990641  0.107118  0.000768  0.000895  0.001276  -0.201588  0.009597  0.025900  2.000000  
111.804070 0.009985  0.099046  -0.010182  0.994516  -0.090591  -0.052266  0.061501  0.102348  0.992846  -0.084593  -0.990615  0.107359  0.001080  0.001221  0.001225  -0.199831  0.030003  0.023749  2.000000  
111.805075 0.009988  0.099050  -0.010181  0.994527  -0.090471  -0.052258  0.061502  0.102598  0.992820  -0.084460  -0.990600  0.107600  0.001326  0.001442  0.001220  -0.197419  0.030732  0.028409  2.000000  
111.806322 0.009992  0.099054  -0.010179  0.994526  -0.090373  -0.052455  0.061707  0.102828  0.992783  -0.084327  -0.990585  0.107842  0.001636  0.001727  0.001260  -0.198724  0.044565  0.031174  2.000000  
111.807329 0.009996  0.099058  -0.010178  0.994526  -0.090385  -0.052433  0.061707  0.103069  0.992758  -0.084327  -0.990559  0.108082  0.001924  0.002068  0.001419  -0.196284  0.044466  0.026944  2.000000  
111.808335 0.009999  0.099062  -0.010176  0.994537  -0.090260  -0.052436  0.061708  0.103197  0.992745  -0.084193  -0.990557  0.108203  0.002154  0.002351  0.001535  -0.194075  0.051844  0.034864  2.000000  
111.809582 0.010004  0.099067  -0.010173  0.994535  -0.090161  -0.052633  0.061913  0.103428  0.992708  -0.084060  -0.990542  0.108445  0.002456  0.002672  0.001705  -0.190370  0.066451  0.038135  2.000000  
111.810825 0.010009  0.099073  -0.010170  0.994558  -0.089903  -0.052651  0.061915  0.103565  0.992694  -0.083793  -0.990551  0.108567  0.002748  0.003016  0.001866  -0.184938  0.066919  0.046720  2.000000  
111.811829 0.010013  0.099078  -0.010168  0.994556  -0.089805  -0.052849  0.062120  0.103795  0.992657  -0.083660  -0.990536  0.108809  0.002930  0.003237  0.001903  -0.185168  0.081625  0.050061  2.000000  
111.813078 0.010018  0.099083  -0.010166  0.994567  -0.089679  -0.052852  0.062121  0.103924  0.992643  -0.083527  -0.990534  0.108930  0.003180  0.003545  0.001941  -0.177170  0.082186  0.054558  2.000000  
111.814078 0.010022  0.099087  -0.010165  0.994579  -0.089553  -0.052856  0.062121  0.104053  0.992630  -0.083393  -0.990532  0.109052  0.003322  0.003677  0.001907  -0.172962  0.082614  0.058973  2.000000  
111.815079 0.010025  0.099091  -0.010164  0.994579  -0.089560  -0.052845  0.062121  0.104173  0.992617  -0.083393  -0.990519  0.109172  0.003437  0.003783  0.001853  -0.172949  0.082614  0.058958  2.000000  
111.816331 0.010031  0.099097  -0.010162  0.994601  -0.089308  -0.052852  0.062123  0.104430  0.992590  -0.083127  -0.990514  0.109415  0.003592  0.003914  0.001784  -0.171577  0.082925  0.067338  2.000000  
111.817576 0.010037  0.099102  -0.010159  0.994612  -0.089182  -0.052856  0.062123  0.104559  0.992576  -0.082993  -0.990512  0.109536  0.003739  0.004052  0.001752  -0.164814  0.084095  0.072332  2.000000  
111.818826 0.010042  0.099108  -0.010156  0.994634  -0.088924  -0.052875  0.062125  0.104696  0.992562  -0.082727  -0.990521  0.109659  0.003899  0.004198  0.001823  -0.160732  0.085068  0.081251  2.000000  
111.820073 0.010048  0.099115  -0.010151  0.994643  -0.088687  -0.053098  0.062331  0.104815  0.992537  -0.082460  -0.990529  0.109781  0.004031  0.004339  0.001978  -0.156109  0.092921  0.089447  2.000000  
111.821075 0.010053  0.099120  -0.010148  0.994654  -0.088562  -0.053102  0.062332  0.104943  0.992523  -0.082327  -0.990527  0.109902  0.004144  0.004453  0.002136  -0.155406  0.085367  0.089434  2.000000  
111.822330 0.010059  0.099126  -0.010144  0.994665  -0.088436  -0.053105  0.062332  0.105072  0.992509  -0.082193  -0.990525  0.110024  0.004229  0.004519  0.002246  0.000000  0.000000  0.000000  2.000000  
111.823570 0.010064  0.099131  -0.010139  0.994687  -0.088178  -0.053124  0.062334  0.105209  0.992495  -0.081927  -0.990533  0.110146  0.004279  0.004545  0.002420  0.000000  0.000000  0.000000  2.000000  
111.824575 0.010068  0.099135  -0.010136  0.994698  -0.088052  -0.053128  0.062334  0.105338  0.992481  -0.081793  -0.990531  0.110268  0.004305  0.004534  0.002452  0.000000  0.000000  0.000000  2.000000  
111.825592 0.010073  0.099140  -0.010133  0.994709  -0.087926  -0.053132  0.062335  0.105466  0.992467  -0.081660  -0.990528  0.110389  0.004319  0.004500  0.002502  0.000000  0.000000  0.000000  2.000000  
111.826826 0.010078  0.099145  -0.010130  0.994731  -0.087668  -0.053151  0.062336  0.105603  0.992453  -0.081393  -0.990536  0.110512  0.004320  0.004446  0.002560  0.000000  0.000000  0.000000  2.000000  
111.827827 0.010082  0.099149  -0.010127  0.994742  -0.087536  -0.053166  0.062337  0.105612  0.992452  -0.081260  -0.990547  0.110513  0.004329  0.004423  0.002569  0.000000  0.000000  0.000000  2.000000  
111.829075 0.010087  0.099154  -0.010125  0.994740  -0.087432  -0.053374  0.062543  0.105722  0.992427  -0.081127  -0.990545  0.110634  0.004346  0.004435  0.002672  0.000000  0.000000  0.000000  2.000000  
111.830330 0.010092  0.099158  -0.010123  0.994761  -0.087173  -0.053393  0.062544  0.105859  0.992412  -0.080860  -0.990553  0.110757  0.004324  0.004376  0.002743  0.000000  0.000000  0.000000  2.000000  
111.831331 0.010096  0.099162  -0.010120  0.994772  -0.087041  -0.053408  0.062545  0.105868  0.992411  -0.080726  -0.990563  0.110758  0.004312  0.004363  0.002741  0.000000  0.000000  0.000000  2.000000  
111.832331 0.010100  0.099165  -0.010118  0.994783  -0.086915  -0.053412  0.062545  0.105996  0.992398  -0.080593  -0.990561  0.110879  0.004272  0.004272  0.002755  0.000000  0.000000  0.000000  2.000000  
111.833574 0.010105  0.099170  -0.010115  0.994781  -0.086805  -0.053631  0.062751  0.105987  0.992386  -0.080460  -0.990571  0.110881  0.004251  0.004186  0.002750  0.000000  0.000000  0.000000  2.000000  
111.834822 0.010110  0.099174  -0.010112  0.994791  -0.086679  -0.053636  0.062751  0.106115  0.992372  -0.080326  -0.990569  0.111002  0.004165  0.004019  0.002648  0.000000  0.000000  0.000000  2.000000  
111.836070 0.010115  0.099178  -0.010110  0.994789  -0.086569  -0.053855  0.062957  0.106106  0.992360  -0.080193  -0.990579  0.111003  0.004111  0.003904  0.002523  0.000000  0.000000  0.000000  2.000000  
111.837071 0.010119  0.099181  -0.010108  0.994800  -0.086436  -0.053870  0.062958  0.106114  0.992359  -0.080060  -0.990590  0.111004  0.004092  0.003773  0.002473  0.000000  0.000000  0.000000  2.000000  
111.838071 0.010123  0.099184  -0.010106  0.994798  -0.086333  -0.054078  0.063163  0.106225  0.992334  -0.079926  -0.990587  0.111126  0.004078  0.003683  0.002332  0.000000  0.000000  0.000000  2.000000  
111.839328 0.010127  0.099187  -0.010103  0.994808  -0.086200  -0.054093  0.063164  0.106234  0.992333  -0.079793  -0.990598  0.111127  0.003992  0.003517  0.002230  0.000000  0.000000  0.000000  2.000000  
111.840571 0.010132  0.099190  -0.010101  0.994816  -0.085958  -0.054327  0.063370  0.106233  0.992320  -0.079526  -0.990619  0.111129  0.003940  0.003385  0.002153  0.000000  0.000000  0.000000  2.000000  
111.841572 0.010135  0.099193  -0.010098  0.994827  -0.085832  -0.054332  0.063371  0.106362  0.992306  -0.079393  -0.990616  0.111251  0.003897  0.003276  0.002126  0.000000  0.000000  0.000000  2.000000  
111.842579 0.010139  0.099195  -0.010096  0.994825  -0.085722  -0.054551  0.063576  0.106352  0.992294  -0.079259  -0.990627  0.111252  0.003849  0.003165  0.002130  0.000000  0.000000  0.000000  2.000000  
111.843825 0.010143  0.099199  -0.010093  0.994822  -0.085611  -0.054770  0.063782  0.106343  0.992282  -0.079126  -0.990637  0.111253  0.003786  0.003064  0.002179  0.000000  0.000000  0.000000  2.000000  
111.844827 0.010146  0.099202  -0.010090  0.994833  -0.085479  -0.054785  0.063782  0.106352  0.992281  -0.078993  -0.990648  0.111254  0.003784  0.003042  0.002225  0.000000  0.000000  0.000000  2.000000  
111.846075 0.010150  0.099206  -0.010087  0.994830  -0.085375  -0.054994  0.063988  0.106463  0.992256  -0.078859  -0.990645  0.111375  0.003703  0.002990  0.002256  0.000000  0.000000  0.000000  2.000000  
111.847332 0.010154  0.099210  -0.010085  0.994827  -0.085265  -0.055213  0.064193  0.106454  0.992243  -0.078726  -0.990655  0.111377  0.003620  0.002975  0.002192  0.000000  0.000000  0.000000  2.000000  
111.848341 0.010157  0.099214  -0.010083  0.994825  -0.085154  -0.055432  0.064399  0.106445  0.992231  -0.078592  -0.990666  0.111378  0.003567  0.002990  0.002150  0.000000  0.000000  0.000000  2.000000  
111.849575 0.010161  0.099218  -0.010081  0.994811  -0.085183  -0.055626  0.064603  0.106548  0.992207  -0.078592  -0.990652  0.111498  0.003520  0.003010  0.002113  0.000000  0.000000  0.000000  2.000000  
111.850577 0.010164  0.099222  -0.010080  0.994822  -0.085051  -0.055641  0.064604  0.106556  0.992206  -0.078459  -0.990662  0.111499  0.003429  0.003021  0.002041  0.000000  0.000000  0.000000  2.000000  
111.851821 0.010168  0.099226  -0.010078  0.994819  -0.084941  -0.055860  0.064810  0.106547  0.992193  -0.078326  -0.990673  0.111500  0.003332  0.003044  0.002016  0.000000  0.000000  0.000000  2.000000  
111.852822 0.010171  0.099230  -0.010076  0.994816  -0.084830  -0.056079  0.065015  0.106539  0.992181  -0.078192  -0.990683  0.111502  0.003291  0.003117  0.002024  0.000000  0.000000  0.000000  2.000000  
111.853823 0.010174  0.099234  -0.010073  0.994803  -0.084859  -0.056273  0.065220  0.106641  0.992156  -0.078192  -0.990670  0.111622  0.003250  0.003217  0.002118  0.000000  0.000000  0.000000  2.000000  
111.854826 0.010178  0.099238  -0.010069  0.994800  -0.084749  -0.056492  0.065425  0.106633  0.992144  -0.078059  -0.990680  0.111623  0.003263  0.003279  0.002173  0.000000  0.000000  0.000000  2.000000  
111.856076 0.010182  0.099242  -0.010066  0.994797  -0.084638  -0.056711  0.065631  0.106624  0.992131  -0.077926  -0.990691  0.111624  0.003235  0.003381  0.002234  0.000000  0.000000  0.000000  2.000000  
111.857076 0.010186  0.099246  -0.010062  0.994797  -0.084638  -0.056711  0.065631  0.106624  0.992131  -0.077926  -0.990691  0.111624  0.003275  0.003470  0.002305  0.000000  0.000000  0.000000  2.000000  
111.858338 0.010191  0.099251  -0.010058  0.994793  -0.084528  -0.056930  0.065836  0.106615  0.992118  -0.077792  -0.990701  0.111625  0.003327  0.003603  0.002384  0.000000  0.000000  0.000000  2.000000  
111.859578 0.010195  0.099255  -0.010055  0.994780  -0.084557  -0.057124  0.066041  0.106718  0.992094  -0.077792  -0.990687  0.111745  0.003330  0.003607  0.002386  0.000000  0.000000  0.000000  2.000000  
111.860826 0.010201  0.099260  -0.010051  0.994777  -0.084447  -0.057344  0.066247  0.106710  0.992081  -0.077659  -0.990698  0.111747  0.003429  0.003673  0.002460  0.000000  0.000000  0.000000  2.000000  
111.862077 0.010206  0.099266  -0.010047  0.994773  -0.084336  -0.057563  0.066452  0.106701  0.992068  -0.077525  -0.990708  0.111748  0.003518  0.003744  0.002572  0.000000  0.000000  0.000000  2.000000  
111.863329 0.010212  0.099271  -0.010043  0.994760  -0.084358  -0.057767  0.066657  0.106684  0.992056  -0.077525  -0.990708  0.111748  0.003617  0.003787  0.002691  0.000000  0.000000  0.000000  2.000000  
111.864575 0.010217  0.099276  -0.010039  0.994756  -0.084248  -0.057986  0.066862  0.106675  0.992043  -0.077392  -0.990718  0.111749  0.003700  0.003852  0.002798  0.000000  0.000000  0.000000  2.000000  
111.865576 0.010221  0.099280  -0.010036  0.994742  -0.084270  -0.058190  0.067067  0.106658  0.992031  -0.077392  -0.990718  0.111749  0.003767  0.003867  0.002895  0.000000  0.000000  0.000000  2.000000  
111.866577 0.010225  0.099285  -0.010034  0.994729  -0.084292  -0.058395  0.067272  0.106640  0.992019  -0.077392  -0.990718  0.111749  0.003899  0.003968  0.002995  0.000000  0.000000  0.000000  2.000000  
111.867821 0.010231  0.099290  -0.010030  0.994715  -0.084314  -0.058599  0.067477  0.106623  0.992007  -0.077392  -0.990718  0.111749  0.003964  0.003999  0.003041  0.000000  0.000000  0.000000  2.000000  
111.868824 0.010235  0.099294  -0.010028  0.994725  -0.084182  -0.058614  0.067478  0.106632  0.992006  -0.077259  -0.990729  0.111750  0.004033  0.004007  0.003007  0.000000  0.000000  0.000000  2.000000  
111.870072 0.010240  0.099299  -0.010024  0.994711  -0.084204  -0.058818  0.067682  0.106615  0.991994  -0.077259  -0.990729  0.111750  0.004077  0.004037  0.002994  0.000000  0.000000  0.000000  2.000000  
111.871328 0.010245  0.099304  -0.010021  0.994697  -0.084225  -0.059022  0.067887  0.106597  0.991982  -0.077259  -0.990729  0.111750  0.004088  0.004053  0.002910  0.000000  0.000000  0.000000  2.000000  
111.872571 0.010250  0.099310  -0.010018  0.994683  -0.084247  -0.059226  0.068092  0.106580  0.991970  -0.077259  -0.990729  0.111750  0.004112  0.004097  0.002882  0.000000  0.000000  0.000000  2.000000  
111.873821 0.010255  0.099314  -0.010015  0.994669  -0.084269  -0.059431  0.068297  0.106563  0.991958  -0.077259  -0.990729  0.111750  0.004126  0.004117  0.002802  0.000000  0.000000  0.000000  2.000000  
111.875074 0.010259  0.099320  -0.010011  0.994655  -0.084291  -0.059635  0.068501  0.106545  0.991945  -0.077259  -0.990729  0.111750  0.004125  0.004150  0.002797  0.000000  0.000000  0.000000  2.000000  
111.876081 0.010263  0.099324  -0.010009  0.994655  -0.084291  -0.059635  0.068501  0.106545  0.991945  -0.077259  -0.990729  0.111750  0.004113  0.004205  0.002787  0.000000  0.000000  0.000000  2.000000  
111.877330 0.010268  0.099329  -0.010005  0.994651  -0.084181  -0.059854  0.068707  0.106537  0.991932  -0.077125  -0.990739  0.111751  0.004031  0.004138  0.002771  0.000000  0.000000  0.000000  2.000000  
111.878345 0.010271  0.099332  -0.010002  0.994637  -0.084203  -0.060058  0.068912  0.106520  0.991920  -0.077125  -0.990739  0.111751  0.003986  0.004128  0.002737  0.000000  0.000000  0.000000  2.000000  
111.879575 0.010276  0.099337  -0.009999  0.994623  -0.084225  -0.060262  0.069116  0.106503  0.991907  -0.077125  -0.990739  0.111751  0.003963  0.004104  0.002720  0.000000  0.000000  0.000000  2.000000  
111.880825 0.010280  0.099341  -0.009996  0.994623  -0.084225  -0.060262  0.069116  0.106503  0.991907  -0.077125  -0.990739  0.111751  0.003873  0.004015  0.002655  0.000000  0.000000  0.000000  2.000000  
111.882074 0.010284  0.099345  -0.009993  0.994598  -0.084372  -0.060462  0.069320  0.106356  0.991909  -0.077259  -0.990742  0.111630  0.003778  0.003898  0.002635  0.000000  0.000000  0.000000  2.000000  
111.883075 0.010287  0.099348  -0.009991  0.994584  -0.084394  -0.060666  0.069525  0.106338  0.991896  -0.077259  -0.990742  0.111630  0.003706  0.003814  0.002537  0.000000  0.000000  0.000000  2.000000  
111.884325 0.010291  0.099352  -0.009989  0.994570  -0.084415  -0.060870  0.069730  0.106321  0.991884  -0.077259  -0.990742  0.111630  0.003600  0.003721  0.002507  0.000000  0.000000  0.000000  2.000000  
111.885325 0.010294  0.099354  -0.009987  0.994570  -0.084415  -0.060870  0.069730  0.106321  0.991884  -0.077259  -0.990742  0.111630  0.003524  0.003631  0.002408  0.000000  0.000000  0.000000  2.000000  
111.886330 0.010296  0.099357  -0.009985  0.994555  -0.084430  -0.061085  0.069935  0.106183  0.991884  -0.077259  -0.990756  0.111510  0.003430  0.003518  0.002385  0.000000  0.000000  0.000000  2.000000  
111.887571 0.010300  0.099360  -0.009984  0.994541  -0.084452  -0.061289  0.070139  0.106166  0.991872  -0.077259  -0.990756  0.111510  0.003337  0.003377  0.002278  0.000000  0.000000  0.000000  2.000000  
111.888574 0.010302  0.099363  -0.009982  0.994541  -0.084444  -0.061299  0.070139  0.106046  0.991884  -0.077259  -0.990769  0.111389  0.003222  0.003310  0.002235  0.000000  0.000000  0.000000  2.000000  
111.889576 0.010305  0.099366  -0.009980  0.994526  -0.084466  -0.061503  0.070344  0.106028  0.991872  -0.077259  -0.990769  0.111389  0.003142  0.003196  0.002179  0.000000  0.000000  0.000000  2.000000  
111.890820 0.010307  0.099368  -0.009977  0.994526  -0.084466  -0.061503  0.070344  0.106028  0.991872  -0.077259  -0.990769  0.111389  0.003012  0.003013  0.002135  0.000000  0.000000  0.000000  2.000000  
111.891820 0.010310  0.099371  -0.009975  0.994512  -0.084481  -0.061718  0.070549  0.105890  0.991872  -0.077259  -0.990783  0.111269  0.002952  0.002953  0.002092  0.000000  0.000000  0.000000  2.000000  
111.892831 0.010312  0.099372  -0.009973  0.994497  -0.084502  -0.061922  0.070754  0.105873  0.991859  -0.077259  -0.990783  0.111269  0.002801  0.002768  0.001985  0.000000  0.000000  0.000000  2.000000  
111.894075 0.010315  0.099375  -0.009971  0.994497  -0.084502  -0.061922  0.070754  0.105873  0.991859  -0.077259  -0.990783  0.111269  0.002681  0.002628  0.001945  0.000000  0.000000  0.000000  2.000000  
111.895332 0.010317  0.099378  -0.009968  0.994472  -0.084649  -0.062122  0.070958  0.105726  0.991860  -0.077392  -0.990786  0.111148  0.002578  0.002538  0.001915  0.000000  0.000000  0.000000  2.000000  
111.896575 0.010319  0.099380  -0.009965  0.994483  -0.084517  -0.062136  0.070958  0.105735  0.991859  -0.077259  -0.990796  0.111149  0.002435  0.002391  0.001901  0.000000  0.000000  0.000000  2.000000  
111.897824 0.010321  0.099382  -0.009962  0.994468  -0.084538  -0.062341  0.071163  0.105718  0.991847  -0.077259  -0.990796  0.111149  0.002280  0.002259  0.001968  0.000000  0.000000  0.000000  2.000000  
111.898826 0.010323  0.099384  -0.009959  0.994453  -0.084553  -0.062555  0.071368  0.105580  0.991846  -0.077259  -0.990810  0.111029  0.002215  0.002188  0.002019  0.000000  0.000000  0.000000  2.000000  
111.899830 0.010325  0.099386  -0.009957  0.994453  -0.084553  -0.062555  0.071368  0.105580  0.991846  -0.077259  -0.990810  0.111029  0.002119  0.002135  0.002084  0.000000  0.000000  0.000000  2.000000  
111.901071 0.010327  0.099387  -0.009954  0.994453  -0.084553  -0.062555  0.071368  0.105580  0.991846  -0.077259  -0.990810  0.111029  0.002042  0.002053  0.002110  0.000000  0.000000  0.000000  2.000000  
111.902077 0.010328  0.099389  -0.009952  0.994439  -0.084574  -0.062759  0.071573  0.105563  0.991834  -0.077259  -0.990810  0.111029  0.001920  0.001974  0.002167  0.000000  0.000000  0.000000  2.000000  
111.903329 0.010330  0.099391  -0.009950  0.994439  -0.084567  -0.062769  0.071573  0.105442  0.991846  -0.077259  -0.990823  0.110909  0.001869  0.001869  0.002166  0.000000  0.000000  0.000000  2.000000  
111.904570 0.010331  0.099393  -0.009947  0.994424  -0.084588  -0.062974  0.071777  0.105425  0.991833  -0.077259  -0.990823  0.110909  0.001757  0.001785  0.002173  0.000000  0.000000  0.000000  2.000000  
111.905570 0.010332  0.099394  -0.009945  0.994424  -0.084581  -0.062984  0.071777  0.105305  0.991846  -0.077259  -0.990837  0.110789  0.001664  0.001754  0.002192  0.000000  0.000000  0.000000  2.000000  
111.906571 0.010333  0.099395  -0.009944  0.994424  -0.084581  -0.062984  0.071777  0.105305  0.991846  -0.077259  -0.990837  0.110789  0.001605  0.001695  0.002150  0.000000  0.000000  0.000000  2.000000  
111.907573 0.010334  0.099397  -0.009942  0.994424  -0.084581  -0.062984  0.071777  0.105305  0.991846  -0.077259  -0.990837  0.110789  0.001537  0.001659  0.002099  0.000000  0.000000  0.000000  2.000000  
111.908575 0.010336  0.099398  -0.009941  0.994420  -0.084470  -0.063203  0.071983  0.105297  0.991832  -0.077125  -0.990847  0.110790  0.001473  0.001597  0.002068  0.000000  0.000000  0.000000  2.000000  
111.909579 0.010337  0.099399  -0.009939  0.994420  -0.084463  -0.063213  0.071983  0.105177  0.991845  -0.077125  -0.990860  0.110670  0.001402  0.001560  0.002015  0.000000  0.000000  0.000000  2.000000  
111.910825 0.010338  0.099401  -0.009937  0.994420  -0.084463  -0.063213  0.071983  0.105177  0.991845  -0.077125  -0.990860  0.110670  0.001289  0.001524  0.001957  0.000000  0.000000  0.000000  2.000000  
111.912075 0.010339  0.099403  -0.009935  0.994420  -0.084463  -0.063213  0.071983  0.105177  0.991845  -0.077125  -0.990860  0.110670  0.001223  0.001481  0.001880  0.000000  0.000000  0.000000  2.000000  
111.913077 0.010340  0.099404  -0.009934  0.994420  -0.084463  -0.063213  0.071983  0.105177  0.991845  -0.077125  -0.990860  0.110670  0.001187  0.001396  0.001811  0.000000  0.000000  0.000000  2.000000  
111.914336 0.010341  0.099406  -0.009931  0.994420  -0.084463  -0.063213  0.071983  0.105177  0.991845  -0.077125  -0.990860  0.110670  0.001144  0.001387  0.001777  0.000000  0.000000  0.000000  2.000000  
111.915441 0.010342  0.099406  -0.009930  0.994420  -0.084455  -0.063223  0.071983  0.105056  0.991858  -0.077125  -0.990874  0.110549  0.001079  0.001339  0.001676  0.000000  0.000000  0.000000  2.000000  
111.916575 0.010343  0.099408  -0.009928  0.994430  -0.084323  -0.063238  0.071984  0.105066  0.991857  -0.076992  -0.990884  0.110550  0.001047  0.001343  0.001657  0.000000  0.000000  0.000000  2.000000  
111.917822 0.010344  0.099410  -0.009926  0.994430  -0.084323  -0.063238  0.071984  0.105066  0.991857  -0.076992  -0.990884  0.110550  0.000981  0.001338  0.001591  0.000000  0.000000  0.000000  2.000000  
111.918824 0.010344  0.099411  -0.009925  0.994430  -0.084323  -0.063238  0.071984  0.105066  0.991857  -0.076992  -0.990884  0.110550  0.000897  0.001293  0.001543  0.000000  0.000000  0.000000  2.000000  
111.919826 0.010344  0.099412  -0.009924  0.994430  -0.084323  -0.063238  0.071984  0.105066  0.991857  -0.076992  -0.990884  0.110550  0.000857  0.001287  0.001512  0.000000  0.000000  0.000000  2.000000  
111.921078 0.010345  0.099413  -0.009923  0.994430  -0.084323  -0.063238  0.071984  0.105066  0.991857  -0.076992  -0.990884  0.110550  0.000787  0.001250  0.001459  0.000000  0.000000  0.000000  2.000000  
111.922335 0.010345  0.099415  -0.009922  0.994440  -0.084190  -0.063253  0.071984  0.105075  0.991856  -0.076858  -0.990894  0.110552  0.000707  0.001237  0.001396  0.000000  0.000000  0.000000  2.000000  
111.923573 0.010345  0.099416  -0.009920  0.994440  -0.084190  -0.063253  0.071984  0.105075  0.991856  -0.076858  -0.990894  0.110552  0.000615  0.001184  0.001358  0.000000  0.000000  0.000000  2.000000  
111.924823 0.010344  0.099416  -0.009920  0.994455  -0.084169  -0.063049  0.071780  0.105093  0.991869  -0.076858  -0.990894  0.110552  0.000527  0.001095  0.001294  0.000000  0.000000  0.000000  2.000000  
111.925828 0.010344  0.099417  -0.009919  0.994455  -0.084169  -0.063049  0.071780  0.105093  0.991869  -0.076858  -0.990894  0.110552  0.000436  0.001047  0.001242  0.000000  0.000000  0.000000  2.000000  
111.927077 0.010344  0.099418  -0.009918  0.994455  -0.084169  -0.063049  0.071780  0.105093  0.991869  -0.076858  -0.990894  0.110552  0.000326  0.001005  0.001158  0.000000  0.000000  0.000000  2.000000  
111.928339 0.010343  0.099418  -0.009917  0.994455  -0.084169  -0.063049  0.071780  0.105093  0.991869  -0.076858  -0.990894  0.110552  0.000156  0.000900  0.001030  0.000000  0.000000  0.000000  2.000000  
111.929579 0.010343  0.099418  -0.009917  0.994465  -0.084037  -0.063063  0.071780  0.105102  0.991867  -0.076725  -0.990904  0.110553  0.000069  0.000832  0.000920  0.000000  0.000000  0.000000  2.000000  
111.930849 0.010342  0.099418  -0.009916  0.994465  -0.084037  -0.063063  0.071780  0.105102  0.991867  -0.076725  -0.990904  0.110553  -0.000052  0.000680  0.000865  0.000000  0.000000  0.000000  2.000000  
111.932076 0.010341  0.099418  -0.009915  0.994465  -0.084037  -0.063063  0.071780  0.105102  0.991867  -0.076725  -0.990904  0.110553  -0.000162  0.000616  0.000827  0.000000  0.000000  0.000000  2.000000  
111.933327 0.010339  0.099417  -0.009914  0.994475  -0.083904  -0.063078  0.071781  0.105112  0.991866  -0.076592  -0.990915  0.110554  -0.000301  0.000424  0.000775  0.000000  0.000000  0.000000  2.000000  
111.934333 0.010338  0.099417  -0.009913  0.994490  -0.083883  -0.062874  0.071576  0.105129  0.991879  -0.076592  -0.990915  0.110554  -0.000386  0.000318  0.000733  0.000000  0.000000  0.000000  2.000000  
