1-Time 2-Px 3-Py 4-Pz 5-R11 6-R21 7-R31 8-R12 9-R22 10-R32 11-R13 12-R23 13-R33 14-Vx 15-Vy 16-Vz 17-Wx 18-Wy 19-Wz 20-state 21-PR11 22-PR21 23-PR31 24-PR12 25-PR22 26-PR32 27-PR13 28-PR23 29-PR33 
120.454160 0.014838  0.094283  -0.007482  0.997954  0.058107  0.026680  -0.028771  0.035449  0.998957  0.057101  -0.997681  0.037048  -0.006017  0.001856  0.016493  0.000000  0.000000  0.000000  2.000000  1.000000  0.000000  0.000000  0.000000  -0.000000  1.000000  0.000000  -1.000000  -0.000000  0.999999  -0.000038  -0.001027  0.000038  1.000000  -0.000059  0.001027  0.000059  0.999999  1.000000  0.000000  0.000000  0.000000  1.000000  0.000000  0.000000  0.000000  1.000000  0.690217  0.397618  0.604567  -0.576979  -0.201794  0.791438  0.436688  -0.895086  0.090135  0.000000  0.000000  
120.455369 0.014830  0.094285  -0.007463  0.997954  0.058104  0.026687  -0.028771  0.035327  0.998962  0.057101  -0.997685  0.036927  -0.006072  0.001792  0.016414  0.000000  0.000000  0.000000  2.000000  1.000000  0.000000  0.000000  0.000000  -0.000000  1.000000  0.000000  -1.000000  -0.000000  0.999999  -0.000038  -0.001027  0.000038  1.000000  0.000063  0.001027  -0.000063  0.999999  1.000000  0.000000  0.000000  0.000000  1.000000  0.000000  0.000000  0.000000  1.000000  1.000000  0.000000  0.000000  0.000000  -0.000000  1.000000  0.000000  -1.000000  -0.000000  0.000000  0.000000  
120.456370 0.014826  0.094285  -0.007447  0.997948  0.058111  0.026893  -0.028976  0.035315  0.998956  0.057101  -0.997685  0.036927  -0.005953  0.001633  0.016276  0.000000  0.000000  0.000000  2.000000  1.000000  0.000000  0.000000  0.000000  -0.000000  1.000000  0.000000  -1.000000  -0.000000  1.000000  -0.000023  -0.000616  0.000023  1.000000  0.000086  0.000616  -0.000086  1.000000  1.000000  0.000000  0.000000  0.000000  1.000000  0.000000  0.000000  0.000000  1.000000  1.000000  0.000000  0.000000  0.000000  -0.000000  1.000000  0.000000  -1.000000  -0.000000  0.000000  0.000000  
120.457620 0.014822  0.094285  -0.007429  0.997943  0.057996  0.027302  -0.029388  0.035417  0.998940  0.056967  -0.997688  0.037048  -0.005744  0.001437  0.016073  0.000000  0.000000  0.000000  2.000000  1.000000  0.000000  0.000000  0.000000  -0.000000  1.000000  0.000000  -1.000000  -0.000000  1.000000  -0.000141  -0.000200  0.000141  1.000000  -0.000012  0.000200  0.000012  1.000000  1.000000  0.000000  0.000000  0.000000  1.000000  0.000000  0.000000  0.000000  1.000000  1.000000  0.000000  0.000000  0.000000  -0.000000  1.000000  0.000000  -1.000000  -0.000000  0.000000  0.000000  
120.458867 0.014819  0.094285  -0.007410  0.997945  0.057870  0.027513  -0.029593  0.035409  0.998935  0.056834  -0.997696  0.037048  -0.005437  0.001242  0.015902  0.000000  0.000000  0.000000  2.000000  1.000000  0.000000  0.000000  0.000000  -0.000000  1.000000  0.000000  -1.000000  -0.000000  1.000000  -0.000267  0.000010  0.000267  1.000000  0.000000  -0.000010  0.000000  1.000000  1.000000  0.000000  0.000000  0.000000  1.000000  0.000000  0.000000  0.000000  1.000000  1.000000  0.000000  0.000000  0.000000  -0.000000  1.000000  0.000000  -1.000000  -0.000000  0.000000  0.000000  
120.459869 0.014817  0.094286  -0.007396  0.997946  0.057743  0.027723  -0.029799  0.035401  0.998929  0.056700  -0.997704  0.037049  -0.005174  0.001134  0.015732  0.000000  0.000000  0.000000  2.000000  1.000000  0.000000  0.000000  0.000000  -0.000000  1.000000  0.000000  -1.000000  -0.000000  1.000000  -0.000386  0.000426  0.000386  1.000000  0.000024  -0.000426  -0.000023  1.000000  1.000000  0.000000  0.000000  0.000000  1.000000  0.000000  0.000000  0.000000  1.000000  1.000000  0.000000  0.000000  0.000000  -0.000000  1.000000  0.000000  -1.000000  -0.000000  0.000000  0.000000  
120.461118 0.014816  0.094286  -0.007378  0.997948  0.057617  0.027934  -0.030005  0.035393  0.998923  0.056567  -0.997711  0.037049  -0.004768  0.000964  0.015546  0.000000  0.000000  0.000000  2.000000  1.000000  0.000000  0.000000  0.000000  -0.000000  1.000000  0.000000  -1.000000  -0.000000  1.000000  -0.000646  0.000641  0.000646  1.000000  0.000035  -0.000641  -0.000035  1.000000  1.000000  0.000000  0.000000  0.000000  1.000000  0.000000  0.000000  0.000000  1.000000  1.000000  0.000000  0.000000  0.000000  -0.000000  1.000000  0.000000  -1.000000  -0.000000  0.000000  0.000000  
120.462119 0.014816  0.094287  -0.007364  0.997934  0.057758  0.028135  -0.030210  0.035377  0.998917  0.056700  -0.997704  0.037049  -0.004350  0.000879  0.015355  0.000000  0.000000  0.000000  2.000000  1.000000  0.000000  0.000000  0.000000  -0.000000  1.000000  0.000000  -1.000000  -0.000000  1.000000  -0.000504  0.000841  0.000504  1.000000  0.000047  -0.000841  -0.000047  1.000000  1.000000  0.000000  0.000000  0.000000  1.000000  0.000000  0.000000  0.000000  1.000000  1.000000  0.000000  0.000000  0.000000  -0.000000  1.000000  0.000000  -1.000000  -0.000000  0.000000  0.000000  
120.463369 0.014815  0.094287  -0.007348  0.997922  0.057773  0.028546  -0.030621  0.035353  0.998906  0.056700  -0.997704  0.037049  -0.003840  0.000756  0.015099  0.000000  0.000000  0.000000  2.000000  1.000000  0.000000  0.000000  0.000000  -0.000000  1.000000  0.000000  -1.000000  -0.000000  0.999999  -0.000497  0.001047  0.000497  1.000000  0.000059  -0.001047  -0.000058  0.999999  1.000000  0.000000  0.000000  0.000000  1.000000  0.000000  0.000000  0.000000  1.000000  1.000000  0.000000  0.000000  0.000000  -0.000000  1.000000  0.000000  -1.000000  -0.000000  0.000000  0.000000  
120.464621 0.014816  0.094287  -0.007332  0.997909  0.057791  0.028950  -0.031032  0.035450  0.998890  0.056700  -0.997699  0.037170  -0.003297  0.000574  0.014832  0.000000  0.000000  0.000000  2.000000  1.000000  0.000000  0.000000  0.000000  -0.000000  1.000000  0.000000  -1.000000  -0.000000  0.999999  -0.000474  0.001663  0.000474  1.000000  -0.000027  -0.001663  0.000028  0.999999  1.000000  0.000000  0.000000  0.000000  1.000000  0.000000  0.000000  0.000000  1.000000  1.000000  0.000000  0.000000  0.000000  -0.000000  1.000000  0.000000  -1.000000  -0.000000  0.000000  0.000000  
120.465629 0.014816  0.094287  -0.007319  0.997910  0.057665  0.029161  -0.031237  0.035443  0.998883  0.056567  -0.997707  0.037170  -0.002864  0.000484  0.014597  0.000000  0.000000  0.000000  2.000000  1.000000  0.000000  0.000000  0.000000  -0.000000  1.000000  0.000000  -1.000000  -0.000000  0.999998  -0.000592  0.002079  0.000592  1.000000  -0.000004  -0.002079  0.000005  0.999998  1.000000  0.000000  0.000000  0.000000  1.000000  0.000000  0.000000  0.000000  1.000000  1.000000  0.000000  0.000000  0.000000  -0.000000  1.000000  0.000000  -1.000000  -0.000000  0.000000  0.000000  
120.466872 0.014817  0.094287  -0.007304  0.997905  0.057546  0.029577  -0.031648  0.035423  0.998871  0.056433  -0.997714  0.037170  -0.002252  0.000409  0.014280  0.000000  0.000000  0.000000  2.000000  1.000000  0.000000  0.000000  0.000000  -0.000000  1.000000  0.000000  -1.000000  -0.000000  0.999997  -0.000711  0.002495  0.000711  1.000000  0.000020  -0.002495  -0.000018  0.999997  1.000000  0.000000  0.000000  0.000000  1.000000  0.000000  0.000000  0.000000  1.000000  1.000000  0.000000  0.000000  0.000000  -0.000000  1.000000  0.000000  -1.000000  -0.000000  0.000000  0.000000  
120.467875 0.014818  0.094288  -0.007293  0.997899  0.057431  0.029986  -0.032059  0.035525  0.998854  0.056299  -0.997717  0.037292  -0.001704  0.000363  0.013949  0.000000  0.000000  0.000000  2.000000  1.000000  0.000000  0.000000  0.000000  -0.000000  1.000000  0.000000  -1.000000  -0.000000  0.999996  -0.000837  0.002705  0.000837  1.000000  0.000032  -0.002705  -0.000029  0.999996  1.000000  0.000000  0.000000  0.000000  1.000000  0.000000  0.000000  0.000000  1.000000  1.000000  0.000000  0.000000  0.000000  -0.000000  1.000000  0.000000  -1.000000  -0.000000  0.000000  0.000000  
120.469121 0.014821  0.094289  -0.007277  0.997893  0.057312  0.030402  -0.032471  0.035506  0.998842  0.056166  -0.997725  0.037292  -0.001138  0.000344  0.013726  0.000000  0.000000  0.000000  2.000000  1.000000  0.000000  0.000000  0.000000  -0.000000  1.000000  0.000000  -1.000000  -0.000000  0.999994  -0.000947  0.003326  0.000947  1.000000  -0.000054  -0.003326  0.000057  0.999994  1.000000  0.000000  0.000000  0.000000  1.000000  0.000000  0.000000  0.000000  1.000000  1.000000  0.000000  0.000000  0.000000  -0.000000  1.000000  0.000000  -1.000000  -0.000000  0.000000  0.000000  
120.470377 0.014824  0.094290  -0.007263  0.997887  0.057200  0.030805  -0.032882  0.035729  0.998820  0.056032  -0.997723  0.037534  -0.000354  0.000318  0.013253  0.000000  0.000000  0.000000  2.000000  1.000000  0.000000  0.000000  0.000000  -0.000000  1.000000  0.000000  -1.000000  -0.000000  0.999992  -0.001065  0.003742  0.001066  0.999999  -0.000152  -0.003742  0.000156  0.999993  1.000000  0.000000  0.000000  0.000000  1.000000  0.000000  0.000000  0.000000  1.000000  1.000000  0.000000  0.000000  0.000000  -0.000000  1.000000  0.000000  -1.000000  -0.000000  0.000000  0.000000  
120.471627 0.014827  0.094292  -0.007248  0.997888  0.057078  0.031009  -0.033087  0.035843  0.998810  0.055899  -0.997726  0.037655  0.000190  0.000473  0.012955  0.000000  0.000000  0.000000  2.000000  1.000000  0.000000  0.000000  0.000000  -0.000000  1.000000  0.000000  -1.000000  -0.000000  0.999991  -0.001049  0.004153  0.001050  0.999999  -0.000250  -0.004153  0.000255  0.999991  1.000000  0.000000  0.000000  0.000000  1.000000  0.000000  0.000000  0.000000  1.000000  1.000000  0.000000  0.000000  0.000000  -0.000000  1.000000  0.000000  -1.000000  -0.000000  0.000000  0.000000  
120.472873 0.014832  0.094295  -0.007235  0.997889  0.056956  0.031212  -0.033293  0.035956  0.998799  0.055765  -0.997729  0.037777  0.000749  0.000625  0.012618  0.000000  0.000000  0.000000  2.000000  1.000000  0.000000  0.000000  0.000000  -0.000000  1.000000  0.000000  -1.000000  -0.000000  0.999990  -0.001174  0.004364  0.001176  0.999999  -0.000481  -0.004363  0.000486  0.999990  1.000000  0.000000  0.000000  0.000000  1.000000  0.000000  0.000000  0.000000  1.000000  1.000000  0.000000  0.000000  0.000000  -0.000000  1.000000  0.000000  -1.000000  -0.000000  0.000000  0.000000  
120.473876 0.014835  0.094297  -0.007224  0.997882  0.056841  0.031622  -0.033704  0.036059  0.998781  0.055632  -0.997732  0.037898  0.001160  0.000815  0.012348  0.000000  0.000000  0.000000  2.000000  1.000000  0.000000  0.000000  0.000000  -0.000000  1.000000  0.000000  -1.000000  -0.000000  0.999989  -0.001166  0.004569  0.001169  0.999999  -0.000591  -0.004569  0.000596  0.999989  1.000000  0.000000  0.000000  0.000000  1.000000  0.000000  0.000000  0.000000  1.000000  1.000000  0.000000  0.000000  0.000000  -0.000000  1.000000  0.000000  -1.000000  -0.000000  0.000000  0.000000  
120.475121 0.014840  0.094299  -0.007212  0.997876  0.056730  0.032024  -0.034115  0.036282  0.998759  0.055498  -0.997730  0.038140  0.001601  0.000908  0.011972  0.000000  0.000000  0.000000  2.000000  1.000000  -0.000032  0.000130  -0.000130  0.000019  1.000000  -0.000032  -1.000000  0.000019  0.999986  -0.001276  0.005191  0.001280  0.999999  -0.000798  -0.005190  0.000805  0.999986  1.000000  -0.000016  0.000065  0.000016  1.000000  -0.000010  -0.000065  0.000010  1.000000  1.000000  -0.000032  0.000130  -0.000130  0.000019  1.000000  -0.000032  -1.000000  0.000019  0.000000  0.005405  
120.476372 0.014846  0.094301  -0.007201  0.997869  0.056742  0.032223  -0.034321  0.036392  0.998748  0.055498  -0.997725  0.038261  0.002056  0.000996  0.011562  -0.031018  -0.174791  -0.051906  2.000000  1.000000  -0.000120  0.000470  -0.000470  0.000078  1.000000  -0.000120  -1.000000  0.000078  0.999984  -0.001400  0.005402  0.001406  0.999998  -0.001029  -0.005400  0.001037  0.999985  1.000000  -0.000018  0.000068  0.000018  1.000000  -0.000013  -0.000068  0.000013  1.000000  1.000000  -0.000120  0.000470  -0.000470  0.000078  1.000000  -0.000120  -1.000000  0.000078  0.000046  0.005675  
120.477621 0.014852  0.094304  -0.007191  0.997862  0.056631  0.032626  -0.034732  0.036615  0.998726  0.055364  -0.997724  0.038504  0.002488  0.001138  0.011114  -0.038399  -0.188750  -0.055848  2.000000  1.000000  -0.000210  0.000810  -0.000810  0.000146  1.000000  -0.000211  -1.000000  0.000146  0.999984  -0.001399  0.005402  0.001405  0.999998  -0.001151  -0.005400  0.001159  0.999985  1.000000  -0.000018  0.000068  0.000018  1.000000  -0.000014  -0.000068  0.000014  1.000000  1.000000  -0.000210  0.000810  -0.000810  0.000146  1.000000  -0.000211  -1.000000  0.000146  0.000049  0.005698  
120.478870 0.014857  0.094305  -0.007182  0.997862  0.056509  0.032830  -0.034938  0.036729  0.998714  0.055231  -0.997726  0.038625  0.002839  0.001275  0.010608  -0.041713  -0.202750  -0.059812  2.000000  0.999999  -0.000282  0.001078  -0.001078  0.000207  0.999999  -0.000282  -1.000000  0.000207  0.999986  -0.001406  0.005197  0.001413  0.999998  -0.001285  -0.005195  0.001292  0.999986  1.000000  -0.000018  0.000065  0.000018  1.000000  -0.000016  -0.000065  0.000016  1.000000  0.999999  -0.000282  0.001078  -0.001078  0.000207  0.999999  -0.000282  -1.000000  0.000207  0.000052  0.005536  
120.479871 0.014862  0.094307  -0.007176  0.997855  0.056521  0.033028  -0.035143  0.036839  0.998703  0.055231  -0.997722  0.038746  0.003128  0.001366  0.010198  -0.045399  -0.209647  -0.059535  2.000000  0.999999  -0.000351  0.001348  -0.001348  0.000275  0.999999  -0.000351  -1.000000  0.000275  0.999985  -0.001264  0.005397  0.001272  0.999998  -0.001395  -0.005395  0.001402  0.999984  1.000000  -0.000016  0.000067  0.000016  1.000000  -0.000017  -0.000067  0.000017  1.000000  0.999999  -0.000351  0.001348  -0.001348  0.000275  0.999999  -0.000351  -1.000000  0.000275  0.000054  0.005717  
120.480874 0.014867  0.094307  -0.007170  0.997848  0.056536  0.033220  -0.035348  0.037069  0.998687  0.055231  -0.997712  0.038988  0.003406  0.001365  0.009771  -0.053174  -0.216374  -0.054750  2.000000  0.999999  -0.000414  0.001618  -0.001617  0.000350  0.999999  -0.000414  -1.000000  0.000349  0.999985  -0.001263  0.005397  0.001272  0.999998  -0.001516  -0.005395  0.001523  0.999984  1.000000  -0.000016  0.000067  0.000016  1.000000  -0.000019  -0.000067  0.000019  1.000000  0.999999  -0.000414  0.001618  -0.001617  0.000350  0.999999  -0.000414  -1.000000  0.000349  0.000056  0.005748  
120.482120 0.014874  0.094308  -0.007163  0.997848  0.056415  0.033424  -0.035554  0.037184  0.998676  0.055097  -0.997715  0.039109  0.003792  0.001376  0.009174  -0.056885  -0.223488  -0.058976  2.000000  0.999998  -0.000491  0.001960  -0.001960  0.000454  0.999998  -0.000492  -1.000000  0.000453  0.999984  -0.001396  0.005403  0.001405  0.999997  -0.001759  -0.005400  0.001767  0.999984  1.000000  -0.000018  0.000068  0.000018  1.000000  -0.000022  -0.000068  0.000022  1.000000  0.999998  -0.000491  0.001960  -0.001960  0.000454  0.999998  -0.000492  -1.000000  0.000453  0.000058  0.005852  
120.483123 0.014880  0.094308  -0.007159  0.997848  0.056419  0.033417  -0.035554  0.037305  0.998671  0.055097  -0.997710  0.039230  0.004037  0.001375  0.008697  -0.060958  -0.223474  -0.058958  2.000000  0.999997  -0.000561  0.002228  -0.002227  0.000544  0.999997  -0.000562  -1.000000  0.000543  0.999986  -0.001403  0.005198  0.001413  0.999997  -0.001892  -0.005195  0.001899  0.999985  1.000000  -0.000018  0.000065  0.000018  1.000000  -0.000024  -0.000065  0.000024  1.000000  0.999997  -0.000561  0.002228  -0.002227  0.000544  0.999997  -0.000562  -1.000000  0.000543  0.000060  0.005708  
120.484124 0.014885  0.094309  -0.007154  0.997840  0.056430  0.033616  -0.035760  0.037414  0.998660  0.055097  -0.997705  0.039351  0.004397  0.001434  0.008084  -0.063806  -0.235617  -0.058005  2.000000  0.999997  -0.000631  0.002490  -0.002490  0.000637  0.999997  -0.000633  -1.000000  0.000636  0.999986  -0.001403  0.005198  0.001412  0.999997  -0.001771  -0.005195  0.001778  0.999985  1.000000  -0.000018  0.000065  0.000018  1.000000  -0.000022  -0.000065  0.000022  1.000000  0.999997  -0.000631  0.002490  -0.002490  0.000637  0.999997  -0.000633  -1.000000  0.000636  0.000063  0.005669  
120.485153 0.014891  0.094310  -0.007150  0.997833  0.056442  0.033815  -0.035965  0.037524  0.998648  0.055097  -0.997700  0.039472  0.004526  0.001368  0.007616  -0.071952  -0.243945  -0.058093  2.000000  0.999997  -0.000631  0.002490  -0.002490  0.000637  0.999997  -0.000633  -1.000000  0.000636  0.999987  -0.001411  0.004992  0.001420  0.999997  -0.001904  -0.004990  0.001911  0.999986  1.000000  0.000000  0.000000  0.000000  1.000000  0.000000  0.000000  0.000000  1.000000  0.999997  -0.000631  0.002490  -0.002490  0.000637  0.999997  -0.000633  -1.000000  0.000636  0.000065  0.000000  
120.486375 0.014898  0.094310  -0.007147  0.997833  0.056446  0.033808  -0.035965  0.037645  0.998644  0.055097  -0.997696  0.039593  0.004793  0.001197  0.006876  -0.072797  -0.230383  -0.058650  2.000000  0.999997  -0.000631  0.002490  -0.002490  0.000637  0.999997  -0.000633  -1.000000  0.000636  0.999988  -0.001284  0.004782  0.001294  0.999997  -0.002158  -0.004779  0.002165  0.999986  1.000000  0.000000  0.000000  0.000000  1.000000  0.000000  0.000000  0.000000  1.000000  0.999997  -0.000631  0.002490  -0.002490  0.000637  0.999997  -0.000633  -1.000000  0.000636  0.000064  0.000000  
120.487624 0.014907  0.094311  -0.007143  0.997818  0.056592  0.034001  -0.036170  0.037750  0.998632  0.055231  -0.997683  0.039714  0.005089  0.001120  0.006305  -0.076874  -0.230040  -0.049650  2.000000  0.999997  -0.000631  0.002490  -0.002490  0.000637  0.999997  -0.000633  -1.000000  0.000636  0.999989  -0.001158  0.004572  0.001168  0.999997  -0.002292  -0.004569  0.002297  0.999987  1.000000  0.000000  0.000000  0.000000  1.000000  0.000000  0.000000  0.000000  1.000000  0.999997  -0.000631  0.002490  -0.002490  0.000637  0.999997  -0.000633  -1.000000  0.000636  0.000062  0.000000  
120.488873 0.014916  0.094311  -0.007140  0.997818  0.056600  0.033988  -0.036170  0.037992  0.998623  0.055231  -0.997674  0.039956  0.005371  0.000957  0.005636  -0.085446  -0.222801  -0.040902  2.000000  0.999997  -0.000631  0.002490  -0.002490  0.000637  0.999997  -0.000633  -1.000000  0.000636  0.999991  -0.000772  0.004145  0.000782  0.999997  -0.002438  -0.004143  0.002441  0.999988  1.000000  0.000000  0.000000  0.000000  1.000000  0.000000  0.000000  0.000000  1.000000  0.999997  -0.000631  0.002490  -0.002490  0.000637  0.999997  -0.000633  -1.000000  0.000636  0.000061  0.000000  
120.489875 0.014923  0.094312  -0.007137  0.997818  0.056604  0.033981  -0.036170  0.038113  0.998619  0.055231  -0.997669  0.040077  0.005646  0.000895  0.005055  -0.089906  -0.215892  -0.041154  2.000000  0.999997  -0.000631  0.002490  -0.002490  0.000637  0.999997  -0.000633  -1.000000  0.000636  0.999993  -0.000788  0.003734  0.000797  0.999996  -0.002582  -0.003732  0.002585  0.999990  1.000000  0.000000  0.000000  0.000000  1.000000  0.000000  0.000000  0.000000  1.000000  0.999997  -0.000631  0.002490  -0.002490  0.000637  0.999997  -0.000633  -1.000000  0.000636  0.000060  0.000000  
120.491124 0.014932  0.094314  -0.007133  0.997826  0.056479  0.033972  -0.036170  0.038360  0.998609  0.055097  -0.997667  0.040320  0.005877  0.000836  0.004564  -0.099333  -0.211024  -0.046295  2.000000  0.999997  -0.000631  0.002490  -0.002490  0.000637  0.999997  -0.000633  -1.000000  0.000636  0.999994  -0.000803  0.003324  0.000812  0.999996  -0.002605  -0.003322  0.002608  0.999991  1.000000  0.000000  0.000000  0.000000  1.000000  0.000000  0.000000  0.000000  1.000000  0.999997  -0.000631  0.002490  -0.002490  0.000637  0.999997  -0.000633  -1.000000  0.000636  0.000059  0.000000  
120.492369 0.014942  0.094315  -0.007129  0.997818  0.056495  0.034164  -0.036376  0.038591  0.998593  0.055097  -0.997657  0.040562  0.006090  0.000786  0.004218  -0.107023  -0.202317  -0.046142  2.000000  0.999997  -0.000631  0.002490  -0.002490  0.000637  0.999997  -0.000633  -1.000000  0.000636  0.999994  -0.000669  0.003319  0.000678  0.999996  -0.002727  -0.003317  0.002729  0.999991  1.000000  0.000000  0.000000  0.000000  1.000000  0.000000  0.000000  0.000000  1.000000  0.999997  -0.000631  0.002490  -0.002490  0.000637  0.999997  -0.000633  -1.000000  0.000636  0.000059  0.000000  
120.493371 0.014949  0.094316  -0.007126  0.997818  0.056499  0.034157  -0.036376  0.038712  0.998588  0.055097  -0.997652  0.040683  0.006251  0.000750  0.003919  -0.107474  -0.195536  -0.046414  2.000000  0.999997  -0.000631  0.002490  -0.002490  0.000637  0.999997  -0.000633  -1.000000  0.000636  0.999995  -0.000543  0.003108  0.000552  0.999996  -0.002739  -0.003106  0.002741  0.999991  1.000000  0.000000  0.000000  0.000000  1.000000  0.000000  0.000000  0.000000  1.000000  0.999997  -0.000631  0.002490  -0.002490  0.000637  0.999997  -0.000633  -1.000000  0.000636  0.000057  0.000000  
120.494377 0.014956  0.094317  -0.007123  0.997818  0.056507  0.034144  -0.036376  0.038954  0.998579  0.055097  -0.997642  0.040925  0.006475  0.000723  0.003645  -0.116310  -0.181572  -0.046892  2.000000  0.999997  -0.000631  0.002490  -0.002490  0.000637  0.999997  -0.000633  -1.000000  0.000636  0.999996  -0.000426  0.002692  0.000433  0.999996  -0.002762  -0.002691  0.002764  0.999993  1.000000  0.000000  0.000000  0.000000  1.000000  0.000000  0.000000  0.000000  1.000000  0.999997  -0.000631  0.002490  -0.002490  0.000637  0.999997  -0.000633  -1.000000  0.000636  0.000056  0.000000  
120.495620 0.014964  0.094318  -0.007119  0.997811  0.056649  0.034125  -0.036376  0.039192  0.998569  0.055231  -0.997625  0.041166  0.006562  0.000721  0.003455  0.000000  0.000000  0.000000  2.000000  0.999997  -0.000631  0.002490  -0.002490  0.000637  0.999997  -0.000633  -1.000000  0.000636  0.999997  -0.000308  0.002276  0.000315  0.999996  -0.002786  -0.002275  0.002786  0.999994  1.000000  0.000000  0.000000  0.000000  1.000000  0.000000  0.000000  0.000000  1.000000  0.999997  -0.000631  0.002490  -0.002490  0.000637  0.999997  -0.000633  -1.000000  0.000636  0.000000  0.000000  
120.496626 0.014970  0.094320  -0.007116  0.997818  0.056645  0.033912  -0.036170  0.039324  0.998572  0.055231  -0.997620  0.041287  0.006651  0.000795  0.003294  0.000000  0.000000  0.000000  2.000000  0.999997  -0.000631  0.002490  -0.002490  0.000637  0.999997  -0.000633  -1.000000  0.000636  0.999998  -0.000191  0.001859  0.000196  0.999996  -0.002930  -0.001859  0.002930  0.999994  1.000000  0.000000  0.000000  0.000000  1.000000  0.000000  0.000000  0.000000  1.000000  0.999997  -0.000631  0.002490  -0.002490  0.000637  0.999997  -0.000633  -1.000000  0.000636  0.000000  0.000000  
120.497873 0.014978  0.094321  -0.007112  0.997818  0.056653  0.033898  -0.036170  0.039567  0.998562  0.055231  -0.997610  0.041529  0.006686  0.000831  0.003210  0.000000  0.000000  0.000000  2.000000  0.999997  -0.000631  0.002490  -0.002490  0.000637  0.999997  -0.000633  -1.000000  0.000636  0.999999  -0.000066  0.001649  0.000070  0.999996  -0.002820  -0.001648  0.002820  0.999995  1.000000  0.000000  0.000000  0.000000  1.000000  0.000000  0.000000  0.000000  1.000000  0.999997  -0.000631  0.002490  -0.002490  0.000637  0.999997  -0.000633  -1.000000  0.000636  0.000000  0.000000  
120.499125 0.014986  0.094322  -0.007109  0.997811  0.056795  0.033879  -0.036170  0.039804  0.998553  0.055364  -0.997592  0.041771  0.006779  0.000846  0.002999  0.000000  0.000000  0.000000  2.000000  0.999997  -0.000631  0.002490  -0.002490  0.000637  0.999997  -0.000633  -1.000000  0.000636  0.999999  0.000185  0.001227  -0.000181  0.999996  -0.002964  -0.001227  0.002964  0.999995  1.000000  0.000000  0.000000  0.000000  1.000000  0.000000  0.000000  0.000000  1.000000  0.999997  -0.000631  0.002490  -0.002490  0.000637  0.999997  -0.000633  -1.000000  0.000636  0.000000  0.000000  
120.500371 0.014994  0.094323  -0.007107  0.997818  0.056666  0.033878  -0.036170  0.039930  0.998548  0.055231  -0.997594  0.041892  0.006780  0.000891  0.002899  0.000000  0.000000  0.000000  2.000000  0.999997  -0.000631  0.002490  -0.002490  0.000637  0.999997  -0.000633  -1.000000  0.000636  0.999999  0.000043  0.001027  -0.000040  0.999996  -0.002976  -0.001027  0.002976  0.999995  1.000000  0.000000  0.000000  0.000000  1.000000  0.000000  0.000000  0.000000  1.000000  0.999997  -0.000631  0.002490  -0.002490  0.000637  0.999997  -0.000633  -1.000000  0.000636  0.000000  0.000000  
120.501626 0.015001  0.094324  -0.007104  0.997818  0.056674  0.033864  -0.036170  0.040172  0.998538  0.055231  -0.997584  0.042134  0.006741  0.000911  0.002816  0.000000  0.000000  0.000000  2.000000  0.999997  -0.000631  0.002490  -0.002490  0.000637  0.999997  -0.000633  -1.000000  0.000636  1.000000  0.000035  0.000821  -0.000032  0.999995  -0.003108  -0.000822  0.003108  0.999995  1.000000  0.000000  0.000000  0.000000  1.000000  0.000000  0.000000  0.000000  1.000000  0.999997  -0.000631  0.002490  -0.002490  0.000637  0.999997  -0.000633  -1.000000  0.000636  0.000000  0.000000  
120.502872 0.015009  0.094325  -0.007102  0.997818  0.056682  0.033850  -0.036170  0.040414  0.998528  0.055231  -0.997574  0.042376  0.006717  0.000947  0.002742  0.000000  0.000000  0.000000  2.000000  0.999997  -0.000631  0.002490  -0.002490  0.000637  0.999997  -0.000633  -1.000000  0.000636  1.000000  0.000160  0.000610  -0.000158  0.999995  -0.003241  -0.000611  0.003241  0.999995  1.000000  0.000000  0.000000  0.000000  1.000000  0.000000  0.000000  0.000000  1.000000  0.999997  -0.000631  0.002490  -0.002490  0.000637  0.999997  -0.000633  -1.000000  0.000636  0.000000  0.000000  
120.504124 0.015018  0.094327  -0.007099  0.997818  0.056690  0.033836  -0.036170  0.040657  0.998518  0.055231  -0.997564  0.042618  0.006629  0.001010  0.002665  0.000000  0.000000  0.000000  2.000000  0.999997  -0.000631  0.002490  -0.002490  0.000637  0.999997  -0.000633  -1.000000  0.000636  1.000000  0.000151  0.000405  -0.000150  0.999994  -0.003374  -0.000406  0.003374  0.999994  1.000000  0.000000  0.000000  0.000000  1.000000  0.000000  0.000000  0.000000  1.000000  0.999997  -0.000631  0.002490  -0.002490  0.000637  0.999997  -0.000633  -1.000000  0.000636  0.000000  0.000000  
120.505370 0.015025  0.094328  -0.007095  0.997811  0.056707  0.034028  -0.036376  0.040887  0.998501  0.055231  -0.997553  0.042860  0.006550  0.001030  0.002687  0.000000  0.000000  0.000000  2.000000  0.999997  -0.000631  0.002490  -0.002490  0.000637  0.999997  -0.000633  -1.000000  0.000636  1.000000  0.000151  0.000405  -0.000150  0.999994  -0.003374  -0.000406  0.003374  0.999994  1.000000  0.000000  0.000000  0.000000  1.000000  0.000000  0.000000  0.000000  1.000000  0.999997  -0.000631  0.002490  -0.002490  0.000637  0.999997  -0.000633  -1.000000  0.000636  0.000000  0.000000  
120.506371 0.015032  0.094329  -0.007092  0.997803  0.056845  0.034016  -0.036375  0.041003  0.998497  0.055364  -0.997541  0.042981  0.006463  0.001015  0.002675  0.000000  0.000000  0.000000  2.000000  0.999997  -0.000631  0.002490  -0.002490  0.000637  0.999997  -0.000633  -1.000000  0.000636  1.000000  0.000285  0.000399  -0.000284  0.999994  -0.003374  -0.000400  0.003374  0.999994  1.000000  0.000000  0.000000  0.000000  1.000000  0.000000  0.000000  0.000000  1.000000  0.999997  -0.000631  0.002490  -0.002490  0.000637  0.999997  -0.000633  -1.000000  0.000636  0.000000  0.000000  
120.507374 0.015038  0.094330  -0.007088  0.997803  0.056849  0.034009  -0.036375  0.041125  0.998492  0.055364  -0.997535  0.043102  0.006393  0.001021  0.002716  0.000000  0.000000  0.000000  2.000000  0.999997  -0.000631  0.002490  -0.002490  0.000637  0.999997  -0.000633  -1.000000  0.000636  1.000000  0.000276  0.000194  -0.000276  0.999994  -0.003385  -0.000195  0.003385  0.999994  1.000000  0.000000  0.000000  0.000000  1.000000  0.000000  0.000000  0.000000  1.000000  0.999997  -0.000631  0.002490  -0.002490  0.000637  0.999997  -0.000633  -1.000000  0.000636  0.000000  0.000000  
120.508620 0.015046  0.094332  -0.007084  0.997796  0.056865  0.034201  -0.036581  0.041355  0.998475  0.055364  -0.997525  0.043344  0.006337  0.001014  0.002752  0.000000  0.000000  0.000000  2.000000  0.999997  -0.000631  0.002490  -0.002490  0.000637  0.999997  -0.000633  -1.000000  0.000636  1.000000  0.000143  0.000200  -0.000142  0.999994  -0.003506  -0.000200  0.003506  0.999994  1.000000  0.000000  0.000000  0.000000  1.000000  0.000000  0.000000  0.000000  1.000000  0.999997  -0.000631  0.002490  -0.002490  0.000637  0.999997  -0.000633  -1.000000  0.000636  0.000000  0.000000  
120.509871 0.015053  0.094333  -0.007080  0.997796  0.056874  0.034187  -0.036581  0.041597  0.998465  0.055364  -0.997514  0.043586  0.006268  0.001005  0.002810  0.000000  0.000000  0.000000  2.000000  0.999997  -0.000631  0.002490  -0.002490  0.000637  0.999997  -0.000633  -1.000000  0.000636  1.000000  0.000152  0.000405  -0.000150  0.999994  -0.003495  -0.000405  0.003495  0.999994  1.000000  0.000000  0.000000  0.000000  1.000000  0.000000  0.000000  0.000000  1.000000  0.999997  -0.000631  0.002490  -0.002490  0.000637  0.999997  -0.000633  -1.000000  0.000636  0.000000  0.000000  
120.511119 0.015060  0.094333  -0.007075  0.997788  0.056891  0.034378  -0.036786  0.041828  0.998447  0.055364  -0.997504  0.043828  0.006215  0.000964  0.002809  0.000000  0.000000  0.000000  2.000000  0.999997  -0.000631  0.002490  -0.002490  0.000637  0.999997  -0.000633  -1.000000  0.000636  1.000000  0.000294  0.000604  -0.000292  0.999994  -0.003362  -0.000605  0.003362  0.999994  1.000000  0.000000  0.000000  0.000000  1.000000  0.000000  0.000000  0.000000  1.000000  0.999997  -0.000631  0.002490  -0.002490  0.000637  0.999997  -0.000633  -1.000000  0.000636  0.000000  0.000000  
120.512120 0.015065  0.094333  -0.007071  0.997781  0.057028  0.034366  -0.036786  0.041944  0.998443  0.055498  -0.997491  0.043949  0.006135  0.000864  0.002898  0.000000  0.000000  0.000000  2.000000  0.999997  -0.000631  0.002490  -0.002490  0.000637  0.999997  -0.000633  -1.000000  0.000636  1.000000  0.000419  0.000393  -0.000418  0.999994  -0.003495  -0.000395  0.003495  0.999994  1.000000  0.000000  0.000000  0.000000  1.000000  0.000000  0.000000  0.000000  1.000000  0.999997  -0.000631  0.002490  -0.002490  0.000637  0.999997  -0.000633  -1.000000  0.000636  0.000000  0.000000  
120.513121 0.015071  0.094333  -0.007067  0.997781  0.057032  0.034359  -0.036786  0.042065  0.998437  0.055498  -0.997486  0.044070  0.006060  0.000803  0.002998  0.000000  0.000000  0.000000  2.000000  0.999997  -0.000631  0.002490  -0.002490  0.000637  0.999997  -0.000633  -1.000000  0.000636  1.000000  0.000419  0.000393  -0.000418  0.999994  -0.003374  -0.000394  0.003373  0.999994  1.000000  0.000000  0.000000  0.000000  1.000000  0.000000  0.000000  0.000000  1.000000  0.999997  -0.000631  0.002490  -0.002490  0.000637  0.999997  -0.000633  -1.000000  0.000636  0.000000  0.000000  
120.514374 0.015077  0.094334  -0.007060  0.997773  0.057049  0.034550  -0.036991  0.042296  0.998420  0.055498  -0.997475  0.044312  0.005952  0.000821  0.003234  0.000000  0.000000  0.000000  2.000000  0.999997  -0.000631  0.002490  -0.002490  0.000637  0.999997  -0.000633  -1.000000  0.000636  1.000000  0.000428  0.000598  -0.000426  0.999994  -0.003484  -0.000600  0.003483  0.999994  1.000000  0.000000  0.000000  0.000000  1.000000  0.000000  0.000000  0.000000  1.000000  0.999997  -0.000631  0.002490  -0.002490  0.000637  0.999997  -0.000633  -1.000000  0.000636  0.000000  0.000000  
120.515653 0.015082  0.094335  -0.007054  0.997766  0.057067  0.034742  -0.037197  0.042526  0.998403  0.055498  -0.997464  0.044554  0.005838  0.000835  0.003503  -0.168787  -0.040814  0.015210  2.000000  0.999997  -0.000631  0.002490  -0.002490  0.000637  0.999997  -0.000633  -1.000000  0.000636  1.000000  0.000428  0.000598  -0.000426  0.999994  -0.003362  -0.000600  0.003362  0.999994  1.000000  0.000000  0.000000  0.000000  1.000000  0.000000  0.000000  0.000000  1.000000  0.999997  -0.000631  0.002490  -0.002490  0.000637  0.999997  -0.000633  -1.000000  0.000636  0.000000  0.000000  
120.516874 0.015089  0.094336  -0.007048  0.997766  0.057071  0.034735  -0.037197  0.042647  0.998398  0.055498  -0.997459  0.044675  0.005740  0.000866  0.003765  -0.167931  -0.033667  0.014815  2.000000  0.999997  -0.000631  0.002490  -0.002490  0.000637  0.999997  -0.000633  -1.000000  0.000636  0.999999  0.000313  0.001015  -0.000310  0.999994  -0.003339  -0.001016  0.003339  0.999994  1.000000  0.000000  0.000000  0.000000  1.000000  0.000000  0.000000  0.000000  1.000000  0.999997  -0.000631  0.002490  -0.002490  0.000637  0.999997  -0.000633  -1.000000  0.000636  0.000043  0.000000  
120.518123 0.015094  0.094338  -0.007041  0.997758  0.057088  0.034927  -0.037402  0.042878  0.998380  0.055498  -0.997448  0.044917  0.005563  0.000839  0.004016  -0.168967  -0.041043  0.010748  2.000000  0.999997  -0.000631  0.002490  -0.002490  0.000637  0.999997  -0.000633  -1.000000  0.000636  0.999999  0.000323  0.001220  -0.000319  0.999994  -0.003449  -0.001221  0.003449  0.999993  1.000000  0.000000  0.000000  0.000000  1.000000  0.000000  0.000000  0.000000  1.000000  0.999997  -0.000631  0.002490  -0.002490  0.000637  0.999997  -0.000633  -1.000000  0.000636  0.000043  0.000000  
120.519377 0.015100  0.094340  -0.007036  0.997758  0.057096  0.034913  -0.037402  0.043120  0.998370  0.055498  -0.997437  0.045159  0.005410  0.000833  0.004186  -0.168917  -0.041028  0.010754  2.000000  0.999997  -0.000631  0.002490  -0.002490  0.000637  0.999997  -0.000633  -1.000000  0.000636  0.999999  0.000189  0.001226  -0.000185  0.999994  -0.003328  -0.001227  0.003328  0.999994  1.000000  0.000000  0.000000  0.000000  1.000000  0.000000  0.000000  0.000000  1.000000  0.999997  -0.000631  0.002490  -0.002490  0.000637  0.999997  -0.000633  -1.000000  0.000636  0.000000  0.000000  
120.520626 0.015106  0.094342  -0.007030  0.997750  0.057114  0.035105  -0.037607  0.043350  0.998352  0.055498  -0.997426  0.045401  0.005236  0.000904  0.004281  -0.168524  -0.047731  0.015552  2.000000  0.999997  -0.000631  0.002490  -0.002490  0.000637  0.999997  -0.000633  -1.000000  0.000636  0.999999  0.000333  0.001425  -0.000328  0.999994  -0.003317  -0.001426  0.003316  0.999993  1.000000  0.000000  0.000000  0.000000  1.000000  0.000000  0.000000  0.000000  1.000000  0.999997  -0.000631  0.002490  -0.002490  0.000637  0.999997  -0.000633  -1.000000  0.000636  0.000044  0.000000  
120.521872 0.015111  0.094344  -0.007025  0.997743  0.057127  0.035303  -0.037813  0.043460  0.998339  0.055498  -0.997421  0.045522  0.005089  0.000934  0.004349  0.000000  0.000000  0.000000  2.000000  0.999997  -0.000631  0.002490  -0.002490  0.000637  0.999997  -0.000633  -1.000000  0.000636  0.999999  0.000342  0.001631  -0.000337  0.999994  -0.003305  -0.001632  0.003305  0.999993  1.000000  0.000000  0.000000  0.000000  1.000000  0.000000  0.000000  0.000000  1.000000  0.999997  -0.000631  0.002490  -0.002490  0.000637  0.999997  -0.000633  -1.000000  0.000636  0.000044  0.000000  
120.522876 0.015115  0.094345  -0.007021  0.997743  0.057136  0.035290  -0.037813  0.043702  0.998329  0.055498  -0.997409  0.045764  0.004910  0.000953  0.004399  -0.168732  -0.047784  0.015589  2.000000  0.999997  -0.000631  0.002490  -0.002490  0.000637  0.999997  -0.000633  -1.000000  0.000636  0.999999  0.000342  0.001631  -0.000337  0.999994  -0.003305  -0.001632  0.003305  0.999993  1.000000  0.000000  0.000000  0.000000  1.000000  0.000000  0.000000  0.000000  1.000000  0.999997  -0.000631  0.002490  -0.002490  0.000637  0.999997  -0.000633  -1.000000  0.000636  0.000000  0.000000  
120.523876 0.015119  0.094347  -0.007017  0.997735  0.057149  0.035488  -0.038018  0.043811  0.998316  0.055498  -0.997404  0.045885  0.004776  0.000988  0.004433  -0.168148  -0.054627  0.015876  2.000000  0.999997  -0.000631  0.002490  -0.002490  0.000637  0.999997  -0.000633  -1.000000  0.000636  0.999998  0.000352  0.001836  -0.000346  0.999995  -0.003294  -0.001837  0.003293  0.999993  1.000000  0.000000  0.000000  0.000000  1.000000  0.000000  0.000000  0.000000  1.000000  0.999997  -0.000631  0.002490  -0.002490  0.000637  0.999997  -0.000633  -1.000000  0.000636  0.000044  0.000000  
120.525128 0.015124  0.094348  -0.007012  0.997735  0.057158  0.035474  -0.038018  0.044053  0.998306  0.055498  -0.997393  0.046127  0.004627  0.001027  0.004502  -0.168138  -0.054620  0.015888  2.000000  0.999997  -0.000631  0.002490  -0.002490  0.000637  0.999997  -0.000633  -1.000000  0.000636  0.999998  0.000352  0.001836  -0.000347  0.999995  -0.003173  -0.001837  0.003172  0.999993  1.000000  0.000000  0.000000  0.000000  1.000000  0.000000  0.000000  0.000000  1.000000  0.999997  -0.000631  0.002490  -0.002490  0.000637  0.999997  -0.000633  -1.000000  0.000636  0.000000  0.000000  
120.526399 0.015128  0.094349  -0.007006  0.997727  0.057171  0.035673  -0.038224  0.044163  0.998293  0.055498  -0.997387  0.046247  0.004430  0.001062  0.004531  0.000000  0.000000  0.000000  2.000000  0.999997  -0.000631  0.002490  -0.002490  0.000637  0.999997  -0.000633  -1.000000  0.000636  0.999998  0.000219  0.001842  -0.000213  0.999995  -0.003294  -0.001843  0.003293  0.999993  1.000000  0.000000  0.000000  0.000000  1.000000  0.000000  0.000000  0.000000  1.000000  0.999997  -0.000631  0.002490  -0.002490  0.000637  0.999997  -0.000633  -1.000000  0.000636  0.000000  0.000000  
120.527621 0.015133  0.094349  -0.007001  0.997719  0.057184  0.035871  -0.038429  0.044272  0.998280  0.055498  -0.997382  0.046368  0.004318  0.001109  0.004517  0.000000  0.000000  0.000000  2.000000  0.999997  -0.000631  0.002490  -0.002490  0.000637  0.999997  -0.000633  -1.000000  0.000636  0.999998  0.000219  0.001842  -0.000214  0.999995  -0.003173  -0.001842  0.003172  0.999993  1.000000  0.000000  0.000000  0.000000  1.000000  0.000000  0.000000  0.000000  1.000000  0.999997  -0.000631  0.002490  -0.002490  0.000637  0.999997  -0.000633  -1.000000  0.000636  0.000000  0.000000  
120.528870 0.015138  0.094350  -0.006996  0.997712  0.057326  0.035851  -0.038429  0.044509  0.998270  0.055632  -0.997363  0.046610  0.004189  0.001063  0.004481  0.000000  0.000000  0.000000  2.000000  0.999997  -0.000631  0.002490  -0.002490  0.000637  0.999997  -0.000633  -1.000000  0.000636  0.999998  0.000363  0.002041  -0.000356  0.999995  -0.003282  -0.002042  0.003282  0.999993  1.000000  0.000000  0.000000  0.000000  1.000000  0.000000  0.000000  0.000000  1.000000  0.999997  -0.000631  0.002490  -0.002490  0.000637  0.999997  -0.000633  -1.000000  0.000636  0.000000  0.000000  
120.529870 0.015141  0.094349  -0.006992  0.997712  0.057331  0.035844  -0.038429  0.044630  0.998264  0.055632  -0.997357  0.046731  0.004089  0.001015  0.004384  0.000000  0.000000  0.000000  2.000000  0.999997  -0.000631  0.002490  -0.002490  0.000637  0.999997  -0.000633  -1.000000  0.000636  0.999998  0.000354  0.001835  -0.000348  0.999995  -0.003173  -0.001837  0.003172  0.999993  1.000000  0.000000  0.000000  0.000000  1.000000  0.000000  0.000000  0.000000  1.000000  0.999997  -0.000631  0.002490  -0.002490  0.000637  0.999997  -0.000633  -1.000000  0.000636  0.000000  0.000000  
