1-Time 2-Px 3-Py 4-Pz 5-R11 6-R21 7-R31 8-R12 9-R22 10-R32 11-R13 12-R23 13-R33 14-Vx 15-Vy 16-Vz 17-Wx 18-Wy 19-Wz 20-state 21-PR11 22-PR21 23-PR31 24-PR12 25-PR22 26-PR32 27-PR13 28-PR23 29-PR33 
134.999016 0.008940  0.093201  0.000980  0.998381  0.056846  -0.002175  -0.056790  0.998172  0.020655  0.003345  -0.020498  0.999784  0.000852  0.001060  0.000616  0.000000  0.000000  0.000000  2.000000  1.000000  0.000000  0.000000  -0.000000  1.000000  0.000000  0.000000  -0.000000  1.000000  0.999998  -0.001669  0.001036  0.001668  0.999999  0.000237  -0.001037  -0.000235  0.999999  1.000000  0.000000  0.000000  0.000000  1.000000  0.000000  0.000000  0.000000  1.000000  0.729835  0.601401  -0.325051  -0.586364  0.795155  0.154615  0.351451  0.077755  0.932972  0.000000  0.000000  
135.000018 0.008941  0.093202  0.000980  0.998381  0.056844  -0.002041  -0.056790  0.998173  0.020647  0.003211  -0.020498  0.999785  0.000906  0.001144  0.000648  0.000000  0.000000  0.000000  2.000000  1.000000  0.000000  0.000000  0.000000  1.000000  0.000000  0.000000  0.000000  1.000000  0.999998  -0.001877  0.001166  0.001877  0.999998  0.000237  -0.001166  -0.000234  0.999999  1.000000  0.000000  0.000000  0.000000  1.000000  0.000000  0.000000  0.000000  1.000000  1.000000  0.000000  0.000000  0.000000  1.000000  0.000000  0.000000  0.000000  1.000000  0.000000  0.000000  
135.001018 0.008944  0.093204  0.000982  0.998369  0.057049  -0.002030  -0.056995  0.998158  0.020768  0.003211  -0.020619  0.999782  0.001052  0.001147  0.000683  0.000000  0.000000  0.000000  2.000000  1.000000  0.000000  0.000000  0.000000  1.000000  0.000000  0.000000  0.000000  1.000000  0.999998  -0.001671  0.001170  0.001671  0.999999  0.000359  -0.001171  -0.000357  0.999999  1.000000  0.000000  0.000000  0.000000  1.000000  0.000000  0.000000  0.000000  1.000000  1.000000  0.000000  0.000000  0.000000  1.000000  0.000000  0.000000  0.000000  1.000000  0.000000  0.000000  
135.002018 0.008947  0.093204  0.000983  0.998358  0.057252  -0.001892  -0.057201  0.998147  0.020761  0.003077  -0.020619  0.999783  0.001230  0.001179  0.000741  0.000000  0.000000  0.000000  2.000000  1.000000  0.000000  0.000000  0.000000  1.000000  0.000000  0.000000  0.000000  1.000000  0.999999  -0.001260  0.001178  0.001259  0.999999  0.000360  -0.001179  -0.000359  0.999999  1.000000  0.000000  0.000000  0.000000  1.000000  0.000000  0.000000  0.000000  1.000000  1.000000  0.000000  0.000000  0.000000  1.000000  0.000000  0.000000  0.000000  1.000000  0.000000  0.000000  
135.003268 0.008951  0.093205  0.000985  0.998347  0.057455  -0.001747  -0.057406  0.998133  0.020875  0.002944  -0.020740  0.999781  0.001447  0.001130  0.000801  0.000000  0.000000  0.000000  2.000000  1.000000  0.000000  0.000000  0.000000  1.000000  0.000000  0.000000  0.000000  1.000000  0.999999  -0.000848  0.001187  0.000848  1.000000  0.000483  -0.001187  -0.000482  0.999999  1.000000  0.000000  0.000000  0.000000  1.000000  0.000000  0.000000  0.000000  1.000000  1.000000  0.000000  0.000000  0.000000  1.000000  0.000000  0.000000  0.000000  1.000000  0.000000  0.000000  
135.004268 0.008955  0.093205  0.000986  0.998347  0.057455  -0.001740  -0.057406  0.998130  0.020996  0.002944  -0.020861  0.999778  0.001664  0.001081  0.000861  0.000000  0.000000  0.000000  2.000000  1.000000  0.000000  0.000000  0.000000  1.000000  0.000000  0.000000  0.000000  1.000000  0.999999  -0.000848  0.001187  0.000848  1.000000  0.000483  -0.001187  -0.000482  0.999999  1.000000  0.000000  0.000000  0.000000  1.000000  0.000000  0.000000  0.000000  1.000000  1.000000  0.000000  0.000000  0.000000  1.000000  0.000000  0.000000  0.000000  1.000000  0.000000  0.000000  
135.005269 0.008959  0.093205  0.000988  0.998347  0.057455  -0.001734  -0.057406  0.998128  0.021117  0.002944  -0.020983  0.999776  0.001882  0.001033  0.000922  0.000000  0.000000  0.000000  2.000000  1.000000  0.000000  0.000000  0.000000  1.000000  0.000000  0.000000  0.000000  1.000000  0.999999  -0.000849  0.001187  0.000848  0.999999  0.000604  -0.001187  -0.000603  0.999999  1.000000  0.000000  0.000000  0.000000  1.000000  0.000000  0.000000  0.000000  1.000000  1.000000  0.000000  0.000000  0.000000  1.000000  0.000000  0.000000  0.000000  1.000000  0.000000  0.000000  
135.006515 0.008966  0.093207  0.000990  0.998323  0.057867  -0.001718  -0.057817  0.998101  0.021239  0.002944  -0.021104  0.999773  0.002284  0.001075  0.001083  0.000000  0.000000  0.000000  2.000000  1.000000  0.000000  0.000000  0.000000  1.000000  0.000000  0.000000  0.000000  1.000000  0.999999  -0.000434  0.001061  0.000433  1.000000  0.000727  -0.001062  -0.000726  0.999999  1.000000  0.000000  0.000000  0.000000  1.000000  0.000000  0.000000  0.000000  1.000000  1.000000  0.000000  0.000000  0.000000  1.000000  0.000000  0.000000  0.000000  1.000000  0.000000  0.000000  
135.007518 0.008970  0.093209  0.000992  0.998311  0.058072  -0.001706  -0.058023  0.998087  0.021360  0.002944  -0.021225  0.999770  0.002533  0.001056  0.001165  0.000000  0.000000  0.000000  2.000000  1.000000  0.000000  0.000000  0.000000  1.000000  0.000000  0.000000  0.000000  1.000000  0.999999  -0.000023  0.001070  0.000022  1.000000  0.000728  -0.001070  -0.000728  0.999999  1.000000  0.000000  0.000000  0.000000  1.000000  0.000000  0.000000  0.000000  1.000000  1.000000  0.000000  0.000000  0.000000  1.000000  0.000000  0.000000  0.000000  1.000000  0.000000  0.000000  
135.008519 0.008976  0.093210  0.000995  0.998299  0.058278  -0.001702  -0.058228  0.998075  0.021361  0.002944  -0.021225  0.999770  0.002850  0.001070  0.001304  0.000000  0.000000  0.000000  2.000000  1.000000  0.000000  0.000000  0.000000  1.000000  0.000000  0.000000  0.000000  1.000000  0.999999  0.000392  0.000945  -0.000393  1.000000  0.000850  -0.000945  -0.000851  0.999999  1.000000  0.000000  0.000000  0.000000  1.000000  0.000000  0.000000  0.000000  1.000000  1.000000  0.000000  0.000000  0.000000  1.000000  0.000000  0.000000  0.000000  1.000000  0.000000  0.000000  
135.009522 0.008982  0.093211  0.000997  0.998275  0.058689  -0.001686  -0.058639  0.998048  0.021482  0.002944  -0.021347  0.999768  0.003182  0.001079  0.001409  0.000000  0.000000  0.000000  2.000000  1.000000  0.000000  0.000000  0.000000  1.000000  0.000000  0.000000  0.000000  1.000000  0.999999  0.000597  0.000950  -0.000598  0.999999  0.000972  -0.000949  -0.000973  0.999999  1.000000  0.000000  0.000000  0.000000  1.000000  0.000000  0.000000  0.000000  1.000000  1.000000  0.000000  0.000000  0.000000  1.000000  0.000000  0.000000  0.000000  1.000000  0.000000  0.000000  
135.010772 0.008989  0.093214  0.001000  0.998251  0.059097  -0.001537  -0.059050  0.998021  0.021596  0.002810  -0.021468  0.999766  0.003599  0.001201  0.001569  0.000000  0.000000  0.000000  2.000000  1.000000  0.000000  0.000000  0.000000  1.000000  0.000000  0.000000  0.000000  1.000000  0.999999  0.001215  0.000963  -0.001216  0.999999  0.001095  -0.000962  -0.001096  0.999999  1.000000  0.000000  0.000000  0.000000  1.000000  0.000000  0.000000  0.000000  1.000000  1.000000  0.000000  0.000000  0.000000  1.000000  0.000000  0.000000  0.000000  1.000000  0.000000  0.000000  
135.011772 0.008996  0.093217  0.001003  0.998227  0.059508  -0.001520  -0.059461  0.997994  0.021718  0.002810  -0.021589  0.999763  0.003939  0.001270  0.001717  0.000000  0.000000  0.000000  2.000000  1.000000  0.000000  0.000000  0.000000  1.000000  0.000000  0.000000  0.000000  1.000000  0.999998  0.001626  0.000972  -0.001628  0.999998  0.001218  -0.000970  -0.001219  0.999999  1.000000  0.000000  0.000000  0.000000  1.000000  0.000000  0.000000  0.000000  1.000000  1.000000  0.000000  0.000000  0.000000  1.000000  0.000000  0.000000  0.000000  1.000000  0.000000  0.000000  
135.012773 0.009002  0.093220  0.001007  0.998202  0.059917  -0.001371  -0.059872  0.997967  0.021832  0.002676  -0.021710  0.999761  0.004326  0.001402  0.001944  0.000000  0.000000  0.000000  2.000000  1.000000  0.000000  0.000000  0.000000  1.000000  0.000000  0.000000  0.000000  1.000000  0.999997  0.002244  0.000986  -0.002245  0.999997  0.001340  -0.000983  -0.001342  0.999999  1.000000  0.000000  0.000000  0.000000  1.000000  0.000000  0.000000  0.000000  1.000000  1.000000  0.000000  0.000000  0.000000  1.000000  0.000000  0.000000  0.000000  1.000000  0.000000  0.000000  
135.014023 0.009010  0.093224  0.001012  0.998178  0.060325  -0.001221  -0.060283  0.997940  0.021945  0.002542  -0.021832  0.999758  0.004770  0.001534  0.002173  0.000000  0.000000  0.000000  2.000000  1.000000  0.000000  0.000000  0.000000  1.000000  0.000000  0.000000  0.000000  1.000000  0.999996  0.002655  0.000995  -0.002657  0.999995  0.001463  -0.000991  -0.001465  0.999998  1.000000  0.000000  0.000000  0.000000  1.000000  0.000000  0.000000  0.000000  1.000000  1.000000  0.000000  0.000000  0.000000  1.000000  0.000000  0.000000  0.000000  1.000000  0.000000  0.000000  
135.015270 0.009019  0.093227  0.001017  0.998141  0.060941  -0.001193  -0.060900  0.997897  0.022188  0.002542  -0.022074  0.999753  0.005206  0.001645  0.002447  0.000000  0.000000  0.000000  2.000000  1.000000  0.000000  0.000000  0.000000  1.000000  0.000000  0.000000  0.000000  1.000000  0.999993  0.003478  0.001013  -0.003480  0.999993  0.001464  -0.001008  -0.001468  0.999998  1.000000  0.000000  0.000000  0.000000  1.000000  0.000000  0.000000  0.000000  1.000000  1.000000  0.000000  0.000000  0.000000  1.000000  0.000000  0.000000  0.000000  1.000000  0.000000  0.000000  
135.016274 0.009026  0.093230  0.001021  0.998128  0.061147  -0.001181  -0.061105  0.997882  0.022309  0.002542  -0.022195  0.999750  0.005498  0.001772  0.002638  0.000000  0.000000  0.000000  2.000000  1.000000  0.000000  0.000000  0.000000  1.000000  0.000000  0.000000  0.000000  1.000000  0.999992  0.003890  0.001023  -0.003892  0.999991  0.001708  -0.001017  -0.001712  0.999998  1.000000  0.000000  0.000000  0.000000  1.000000  0.000000  0.000000  0.000000  1.000000  1.000000  0.000000  0.000000  0.000000  1.000000  0.000000  0.000000  0.000000  1.000000  0.000000  0.000000  
135.017519 0.009035  0.093233  0.001028  0.998090  0.061763  -0.001152  -0.061722  0.997839  0.022552  0.002542  -0.022438  0.999745  0.005832  0.001916  0.002941  0.000000  0.000000  0.000000  2.000000  1.000000  0.000000  0.000000  0.000000  1.000000  0.000000  0.000000  0.000000  1.000000  0.999989  0.004510  0.000904  -0.004512  0.999988  0.001831  -0.000895  -0.001835  0.999998  1.000000  0.000000  0.000000  0.000000  1.000000  0.000000  0.000000  0.000000  1.000000  1.000000  0.000000  0.000000  0.000000  1.000000  0.000000  0.000000  0.000000  1.000000  0.000000  0.000000  
135.018523 0.009043  0.093236  0.001033  0.998077  0.061969  -0.001140  -0.061927  0.997823  0.022673  0.002542  -0.022559  0.999742  0.006100  0.002083  0.003214  0.000000  0.000000  0.000000  2.000000  1.000000  0.000000  0.000000  0.000000  1.000000  0.000000  0.000000  0.000000  1.000000  0.999987  0.004921  0.000914  -0.004923  0.999986  0.002074  -0.000904  -0.002079  0.999997  1.000000  0.000000  0.000000  0.000000  1.000000  0.000000  0.000000  0.000000  1.000000  1.000000  0.000000  0.000000  0.000000  1.000000  0.000000  0.000000  0.000000  1.000000  0.000000  0.000000  
135.019770 0.009052  0.093238  0.001039  0.998039  0.062586  -0.001110  -0.062544  0.997779  0.022916  0.002542  -0.022802  0.999737  0.006361  0.002201  0.003520  0.000000  0.000000  0.000000  2.000000  1.000000  0.000269  0.000046  -0.000269  1.000000  0.000110  -0.000046  -0.000110  1.000000  0.999983  0.005745  0.000934  -0.005747  0.999981  0.002319  -0.000921  -0.002324  0.999997  1.000000  0.000072  0.000012  -0.000072  1.000000  0.000029  -0.000012  -0.000029  1.000000  1.000000  0.000269  0.000046  -0.000269  1.000000  0.000110  -0.000046  -0.000110  1.000000  0.000000  0.006266  
135.021019 0.009062  0.093240  0.001046  0.998000  0.063202  -0.001081  -0.063160  0.997735  0.023159  0.002542  -0.023044  0.999731  0.006632  0.002256  0.003779  0.090267  -0.044514  0.185878  2.000000  1.000000  0.000644  0.000096  -0.000644  1.000000  0.000258  -0.000096  -0.000258  1.000000  0.999981  0.006159  0.000811  -0.006161  0.999978  0.002441  -0.000796  -0.002446  0.999997  1.000000  0.000077  0.000010  -0.000077  1.000000  0.000031  -0.000010  -0.000031  1.000000  1.000000  0.000644  0.000096  -0.000644  1.000000  0.000258  -0.000096  -0.000258  1.000000  0.000051  0.006676  
135.022268 0.009073  0.093243  0.001053  0.997961  0.063819  -0.001051  -0.063777  0.997690  0.023402  0.002542  -0.023287  0.999726  0.006910  0.002315  0.004066  0.098495  -0.040647  0.213644  2.000000  1.000000  0.000967  0.000137  -0.000967  0.999999  0.000386  -0.000136  -0.000386  1.000000  0.999978  0.006570  0.000822  -0.006573  0.999975  0.002685  -0.000805  -0.002690  0.999996  1.000000  0.000082  0.000010  -0.000082  1.000000  0.000034  -0.000010  -0.000034  1.000000  1.000000  0.000967  0.000137  -0.000967  0.999999  0.000386  -0.000136  -0.000386  1.000000  0.000057  0.007146  
135.023269 0.009081  0.093244  0.001058  0.997948  0.064024  -0.001031  -0.063982  0.997671  0.023644  0.002542  -0.023529  0.999720  0.007085  0.002347  0.004283  0.106673  -0.040826  0.220566  2.000000  0.999999  0.001299  0.000171  -0.001299  0.999999  0.000524  -0.000170  -0.000524  1.000000  0.999977  0.006779  0.000694  -0.006781  0.999973  0.002685  -0.000676  -0.002690  0.999996  1.000000  0.000085  0.000009  -0.000085  1.000000  0.000034  -0.000009  -0.000034  1.000000  0.999999  0.001299  0.000171  -0.001299  0.999999  0.000524  -0.000170  -0.000524  1.000000  0.000062  0.007326  
135.024524 0.009090  0.093245  0.001065  0.997922  0.064432  -0.000872  -0.064393  0.997639  0.023878  0.002408  -0.023772  0.999715  0.007259  0.002266  0.004501  0.110757  -0.041316  0.241256  2.000000  0.999998  0.001725  0.000216  -0.001725  0.999998  0.000702  -0.000215  -0.000703  1.000000  0.999975  0.006985  0.000701  -0.006987  0.999972  0.002806  -0.000681  -0.002811  0.999996  1.000000  0.000087  0.000009  -0.000087  1.000000  0.000035  -0.000009  -0.000035  1.000000  0.999998  0.001725  0.000216  -0.001725  0.999998  0.000702  -0.000215  -0.000703  1.000000  0.000066  0.007561  
135.025776 0.009101  0.093247  0.001071  0.997895  0.064843  -0.000846  -0.064804  0.997606  0.024120  0.002408  -0.024014  0.999709  0.007450  0.002219  0.004775  0.118930  -0.041647  0.255043  2.000000  0.999998  0.002174  0.000260  -0.002175  0.999997  0.000890  -0.000258  -0.000890  1.000000  0.999972  0.007396  0.000713  -0.007398  0.999968  0.003050  -0.000691  -0.003055  0.999995  1.000000  0.000092  0.000009  -0.000092  1.000000  0.000038  -0.000009  -0.000038  1.000000  0.999998  0.002174  0.000260  -0.002175  0.999997  0.000890  -0.000258  -0.000890  1.000000  0.000071  0.008033  
135.027018 0.009112  0.093250  0.001079  0.997868  0.065254  -0.000821  -0.065215  0.997574  0.024362  0.002408  -0.024257  0.999703  0.007624  0.002137  0.004970  0.127153  -0.037657  0.275948  2.000000  0.999996  0.002637  0.000304  -0.002637  0.999996  0.001083  -0.000301  -0.001084  0.999999  0.999972  0.007396  0.000715  -0.007398  0.999968  0.003171  -0.000691  -0.003176  0.999995  1.000000  0.000092  0.000009  -0.000092  1.000000  0.000040  -0.000009  -0.000040  1.000000  0.999996  0.002637  0.000304  -0.002637  0.999996  0.001083  -0.000301  -0.001084  0.999999  0.000077  0.008080  
135.028273 0.009123  0.093252  0.001086  0.997841  0.065665  -0.000795  -0.065625  0.997541  0.024605  0.002408  -0.024499  0.999697  0.007844  0.002053  0.005131  0.135340  -0.038001  0.289767  2.000000  0.999995  0.003104  0.000349  -0.003105  0.999994  0.001286  -0.000345  -0.001287  0.999999  0.999971  0.007602  0.000722  -0.007604  0.999966  0.003293  -0.000697  -0.003298  0.999994  1.000000  0.000095  0.000009  -0.000095  1.000000  0.000041  -0.000009  -0.000041  1.000000  0.999995  0.003104  0.000349  -0.003105  0.999994  0.001286  -0.000345  -0.001287  0.999999  0.000081  0.008317  
135.029523 0.009133  0.093255  0.001094  0.997828  0.065867  -0.000640  -0.065831  0.997522  0.024838  0.002275  -0.024742  0.999691  0.007958  0.001965  0.005300  0.143505  -0.038353  0.303623  2.000000  0.999994  0.003569  0.000397  -0.003569  0.999993  0.001497  -0.000391  -0.001498  0.999999  0.999972  0.007392  0.000852  -0.007395  0.999967  0.003412  -0.000827  -0.003419  0.999994  1.000000  0.000092  0.000010  -0.000092  1.000000  0.000043  -0.000010  -0.000043  1.000000  0.999994  0.003569  0.000397  -0.003569  0.999993  0.001497  -0.000391  -0.001498  0.999999  0.000084  0.008188  
135.030769 0.009143  0.093257  0.001101  0.997815  0.066073  -0.000619  -0.066036  0.997502  0.025080  0.002275  -0.024985  0.999685  0.008033  0.001909  0.005471  0.147608  -0.038415  0.303671  2.000000  0.999992  0.003936  0.000439  -0.003937  0.999991  0.001670  -0.000433  -0.001672  0.999999  0.999974  0.007186  0.000849  -0.007189  0.999968  0.003533  -0.000823  -0.003539  0.999993  1.000000  0.000090  0.000010  -0.000090  1.000000  0.000044  -0.000010  -0.000044  1.000000  0.999992  0.003936  0.000439  -0.003937  0.999991  0.001670  -0.000433  -0.001672  0.999999  0.000087  0.008054  
135.031772 0.009152  0.093260  0.001108  0.997801  0.066278  -0.000598  -0.066242  0.997482  0.025322  0.002275  -0.025227  0.999679  0.008154  0.001900  0.005655  0.155726  -0.033952  0.303739  2.000000  0.999991  0.004295  0.000477  -0.004296  0.999989  0.001848  -0.000469  -0.001850  0.999998  0.999974  0.007190  0.000716  -0.007192  0.999968  0.003533  -0.000691  -0.003538  0.999994  1.000000  0.000090  0.000009  -0.000090  1.000000  0.000044  -0.000009  -0.000044  1.000000  0.999991  0.004295  0.000477  -0.004296  0.999989  0.001848  -0.000469  -0.001850  0.999998  0.000085  0.008044  
135.032774 0.009161  0.093262  0.001115  0.997787  0.066484  -0.000584  -0.066447  0.997465  0.025443  0.002275  -0.025348  0.999676  0.008217  0.001827  0.005724  0.155708  -0.033985  0.303701  2.000000  0.999989  0.004642  0.000511  -0.004643  0.999987  0.002033  -0.000502  -0.002035  0.999998  0.999975  0.006987  0.000579  -0.006989  0.999968  0.003776  -0.000552  -0.003779  0.999993  1.000000  0.000087  0.000007  -0.000087  1.000000  0.000047  -0.000007  -0.000047  1.000000  0.999989  0.004642  0.000511  -0.004643  0.999987  0.002033  -0.000502  -0.002035  0.999998  0.000087  0.007964  
135.034023 0.009171  0.093264  0.001123  0.997774  0.066686  -0.000430  -0.066653  0.997446  0.025677  0.002141  -0.025591  0.999670  0.008299  0.001790  0.005852  0.159775  -0.034204  0.310639  2.000000  0.999987  0.005055  0.000550  -0.005057  0.999985  0.002262  -0.000539  -0.002265  0.999997  0.999979  0.006366  0.000698  -0.006369  0.999973  0.003652  -0.000674  -0.003656  0.999993  1.000000  0.000080  0.000009  -0.000080  1.000000  0.000046  -0.000009  -0.000046  1.000000  0.999987  0.005055  0.000550  -0.005057  0.999985  0.002262  -0.000539  -0.002265  0.999997  0.000086  0.007374  
135.035270 0.009181  0.093266  0.001132  0.997774  0.066686  -0.000413  -0.066653  0.997440  0.025919  0.002141  -0.025833  0.999664  0.008312  0.001795  0.006024  0.165254  -0.034394  0.306347  2.000000  0.999985  0.005446  0.000588  -0.005447  0.999982  0.002498  -0.000574  -0.002501  0.999997  0.999982  0.005958  0.000555  -0.005960  0.999975  0.003773  -0.000532  -0.003776  0.999993  1.000000  0.000074  0.000007  -0.000074  1.000000  0.000047  -0.000007  -0.000047  1.000000  0.999985  0.005446  0.000588  -0.005447  0.999982  0.002498  -0.000574  -0.002501  0.999997  0.000088  0.007075  
135.036271 0.009189  0.093267  0.001139  0.997774  0.066686  -0.000405  -0.066653  0.997436  0.026040  0.002141  -0.025955  0.999661  0.008294  0.001724  0.006145  0.163812  -0.033972  0.296787  2.000000  0.999983  0.005736  0.000616  -0.005737  0.999980  0.002690  -0.000600  -0.002693  0.999996  0.999983  0.005752  0.000551  -0.005754  0.999976  0.003893  -0.000528  -0.003897  0.999992  1.000000  0.000072  0.000007  -0.000072  1.000000  0.000049  -0.000007  -0.000049  1.000000  0.999983  0.005736  0.000616  -0.005737  0.999980  0.002690  -0.000600  -0.002693  0.999996  0.000087  0.006969  
135.037514 0.009198  0.093269  0.001149  0.997774  0.066686  -0.000389  -0.066653  0.997430  0.026282  0.002141  -0.026197  0.999655  0.008254  0.001703  0.006318  0.166527  -0.033591  0.287543  2.000000  0.999981  0.006072  0.000650  -0.006074  0.999977  0.002928  -0.000633  -0.002932  0.999996  0.999987  0.005134  0.000536  -0.005137  0.999979  0.003892  -0.000516  -0.003895  0.999992  1.000000  0.000064  0.000007  -0.000064  1.000000  0.000049  -0.000007  -0.000049  1.000000  0.999981  0.006072  0.000650  -0.006074  0.999977  0.002928  -0.000633  -0.002932  0.999996  0.000084  0.006466  
135.038519 0.009206  0.093269  0.001156  0.997774  0.066686  -0.000381  -0.066653  0.997427  0.026403  0.002141  -0.026318  0.999651  0.008246  0.001683  0.006445  0.170531  -0.033441  0.280643  2.000000  0.999981  0.006136  0.000657  -0.006138  0.999977  0.002977  -0.000639  -0.002981  0.999995  0.999988  0.004929  0.000531  -0.004931  0.999980  0.003892  -0.000512  -0.003894  0.999992  1.000000  0.000000  0.000000  0.000000  1.000000  0.000000  0.000000  0.000000  1.000000  0.999981  0.006136  0.000657  -0.006138  0.999977  0.002977  -0.000639  -0.002981  0.999995  0.000083  0.000000  
135.039768 0.009216  0.093270  0.001165  0.997774  0.066686  -0.000365  -0.066653  0.997420  0.026644  0.002141  -0.026561  0.999645  0.008217  0.001666  0.006621  0.170518  -0.033183  0.266948  2.000000  0.999981  0.006136  0.000657  -0.006138  0.999977  0.002977  -0.000639  -0.002981  0.999995  0.999990  0.004517  0.000522  -0.004519  0.999982  0.003891  -0.000504  -0.003893  0.999992  1.000000  0.000000  0.000000  0.000000  1.000000  0.000000  0.000000  0.000000  1.000000  0.999981  0.006136  0.000657  -0.006138  0.999977  0.002977  -0.000639  -0.002981  0.999995  0.000080  0.000000  
135.040768 0.009223  0.093271  0.001173  0.997774  0.066686  -0.000349  -0.066653  0.997414  0.026886  0.002141  -0.026803  0.999638  0.008191  0.001630  0.006745  0.178550  -0.028425  0.253323  2.000000  0.999981  0.006136  0.000657  -0.006138  0.999977  0.002977  -0.000639  -0.002981  0.999995  0.999992  0.003899  0.000506  -0.003901  0.999985  0.003890  -0.000490  -0.003892  0.999992  1.000000  0.000000  0.000000  0.000000  1.000000  0.000000  0.000000  0.000000  1.000000  0.999981  0.006136  0.000657  -0.006138  0.999977  0.002977  -0.000639  -0.002981  0.999995  0.000078  0.000000  
135.041773 0.009231  0.093272  0.001180  0.997788  0.066481  -0.000346  -0.066447  0.997424  0.027007  0.002141  -0.026925  0.999635  0.008071  0.001524  0.006843  0.179950  -0.023690  0.234759  2.000000  0.999981  0.006136  0.000657  -0.006138  0.999977  0.002977  -0.000639  -0.002981  0.999995  0.999994  0.003488  0.000495  -0.003490  0.999986  0.003889  -0.000482  -0.003891  0.999992  1.000000  0.000000  0.000000  0.000000  1.000000  0.000000  0.000000  0.000000  1.000000  0.999981  0.006136  0.000657  -0.006138  0.999977  0.002977  -0.000639  -0.002981  0.999995  0.000076  0.000000  
135.043027 0.009240  0.093273  0.001187  0.997788  0.066481  -0.000330  -0.066447  0.997418  0.027249  0.002141  -0.027167  0.999629  0.007966  0.001395  0.006869  0.180139  -0.023437  0.221191  2.000000  0.999981  0.006136  0.000657  -0.006138  0.999977  0.002977  -0.000639  -0.002981  0.999995  0.999996  0.002664  0.000474  -0.002666  0.999989  0.003766  -0.000464  -0.003767  0.999993  1.000000  0.000000  0.000000  0.000000  1.000000  0.000000  0.000000  0.000000  1.000000  0.999981  0.006136  0.000657  -0.006138  0.999977  0.002977  -0.000639  -0.002981  0.999995  0.000072  0.000000  
135.044272 0.009249  0.093273  0.001195  0.997801  0.066276  -0.000320  -0.066242  0.997425  0.027491  0.002141  -0.027410  0.999622  0.007872  0.001241  0.006908  0.182405  -0.018119  0.191768  2.000000  0.999981  0.006136  0.000657  -0.006138  0.999977  0.002977  -0.000639  -0.002981  0.999995  0.999998  0.002051  0.000324  -0.002052  0.999991  0.003643  -0.000316  -0.003644  0.999993  1.000000  0.000000  0.000000  0.000000  1.000000  0.000000  0.000000  0.000000  1.000000  0.999981  0.006136  0.000657  -0.006138  0.999977  0.002977  -0.000639  -0.002981  0.999995  0.000068  0.000000  
135.045273 0.009256  0.093273  0.001202  0.997815  0.066070  -0.000317  -0.066036  0.997435  0.027612  0.002141  -0.027531  0.999619  0.007838  0.001159  0.006939  0.183869  -0.017778  0.172603  2.000000  0.999981  0.006136  0.000657  -0.006138  0.999977  0.002977  -0.000639  -0.002981  0.999995  0.999999  0.001639  0.000313  -0.001640  0.999992  0.003764  -0.000307  -0.003764  0.999993  1.000000  0.000000  0.000000  0.000000  1.000000  0.000000  0.000000  0.000000  1.000000  0.999981  0.006136  0.000657  -0.006138  0.999977  0.002977  -0.000639  -0.002981  0.999995  0.000066  0.000000  
135.046273 0.009264  0.093274  0.001208  0.997815  0.066070  -0.000301  -0.066036  0.997428  0.027854  0.002141  -0.027773  0.999612  0.007723  0.001076  0.006899  0.186383  -0.017491  0.164319  2.000000  0.999981  0.006136  0.000657  -0.006138  0.999977  0.002977  -0.000639  -0.002981  0.999995  0.999999  0.001227  0.000302  -0.001228  0.999993  0.003642  -0.000297  -0.003642  0.999993  1.000000  0.000000  0.000000  0.000000  1.000000  0.000000  0.000000  0.000000  1.000000  0.999981  0.006136  0.000657  -0.006138  0.999977  0.002977  -0.000639  -0.002981  0.999995  0.000062  0.000000  
135.047273 0.009271  0.093276  0.001215  0.997828  0.065865  -0.000299  -0.065831  0.997439  0.027975  0.002141  -0.027895  0.999609  0.007643  0.001003  0.006934  0.183775  -0.016969  0.138000  2.000000  0.999981  0.006136  0.000657  -0.006138  0.999977  0.002977  -0.000639  -0.002981  0.999995  1.000000  0.000610  0.000285  -0.000611  0.999993  0.003640  -0.000282  -0.003640  0.999993  1.000000  0.000000  0.000000  0.000000  1.000000  0.000000  0.000000  0.000000  1.000000  0.999981  0.006136  0.000657  -0.006138  0.999977  0.002977  -0.000639  -0.002981  0.999995  0.000059  0.000000  
135.048379 0.009278  0.093276  0.001221  0.997842  0.065660  -0.000297  -0.065626  0.997449  0.028096  0.002141  -0.028016  0.999605  0.007476  0.000884  0.006810  0.183115  -0.016579  0.123740  2.000000  0.999981  0.006136  0.000657  -0.006138  0.999977  0.002977  -0.000639  -0.002981  0.999995  1.000000  0.000404  0.000279  -0.000405  0.999993  0.003640  -0.000278  -0.003640  0.999993  1.000000  0.000000  0.000000  0.000000  1.000000  0.000000  0.000000  0.000000  1.000000  0.999981  0.006136  0.000657  -0.006138  0.999977  0.002977  -0.000639  -0.002981  0.999995  0.000057  0.000000  
135.049542 0.009286  0.093277  0.001229  0.997855  0.065458  -0.000420  -0.065420  0.997455  0.028347  0.002275  -0.028258  0.999598  0.007365  0.000781  0.006827  0.183571  -0.011457  0.096547  2.000000  0.999981  0.006136  0.000657  -0.006138  0.999977  0.002977  -0.000639  -0.002981  0.999995  1.000000  -0.000415  0.000122  0.000415  0.999994  0.003517  -0.000124  -0.003517  0.999994  1.000000  0.000000  0.000000  0.000000  1.000000  0.000000  0.000000  0.000000  1.000000  0.999981  0.006136  0.000657  -0.006138  0.999977  0.002977  -0.000639  -0.002981  0.999995  0.000051  0.000000  
135.050773 0.009293  0.093277  0.001238  0.997869  0.065253  -0.000418  -0.065215  0.997465  0.028468  0.002275  -0.028380  0.999595  0.007229  0.000694  0.006770  0.179533  -0.010769  0.068934  2.000000  0.999981  0.006136  0.000657  -0.006138  0.999977  0.002977  -0.000639  -0.002981  0.999995  1.000000  -0.000823  -0.000023  0.000823  0.999993  0.003516  0.000020  -0.003516  0.999994  1.000000  0.000000  0.000000  0.000000  1.000000  0.000000  0.000000  0.000000  1.000000  0.999981  0.006136  0.000657  -0.006138  0.999977  0.002977  -0.000639  -0.002981  0.999995  0.000049  0.000000  
135.052019 0.009301  0.093278  0.001246  0.997882  0.065048  -0.000416  -0.065009  0.997475  0.028588  0.002275  -0.028501  0.999591  0.007099  0.000687  0.006704  0.175414  -0.010067  0.041272  2.000000  0.999981  0.006136  0.000657  -0.006138  0.999977  0.002977  -0.000639  -0.002981  0.999995  0.999999  -0.001235  -0.000035  0.001235  0.999993  0.003393  0.000031  -0.003394  0.999994  1.000000  0.000000  0.000000  0.000000  1.000000  0.000000  0.000000  0.000000  1.000000  0.999981  0.006136  0.000657  -0.006138  0.999977  0.002977  -0.000639  -0.002981  0.999995  0.000046  0.000000  
135.053274 0.009309  0.093280  0.001254  0.997895  0.064842  -0.000406  -0.064804  0.997481  0.028830  0.002275  -0.028743  0.999584  0.006995  0.000709  0.006655  0.175334  -0.005038  0.020631  2.000000  0.999981  0.006136  0.000657  -0.006138  0.999977  0.002977  -0.000639  -0.002981  0.999995  0.999999  -0.001646  -0.000047  0.001646  0.999993  0.003271  0.000042  -0.003271  0.999995  1.000000  0.000000  0.000000  0.000000  1.000000  0.000000  0.000000  0.000000  1.000000  0.999981  0.006136  0.000657  -0.006138  0.999977  0.002977  -0.000639  -0.002981  0.999995  0.000044  0.000000  
135.054519 0.009317  0.093281  0.001263  0.997909  0.064637  -0.000404  -0.064598  0.997491  0.028951  0.002275  -0.028865  0.999581  0.006881  0.000736  0.006644  0.169863  -0.004640  0.006744  2.000000  0.999981  0.006136  0.000657  -0.006138  0.999977  0.002977  -0.000639  -0.002981  0.999995  0.999998  -0.001848  -0.000187  0.001849  0.999993  0.003392  0.000181  -0.003392  0.999994  1.000000  0.000000  0.000000  0.000000  1.000000  0.000000  0.000000  0.000000  1.000000  0.999981  0.006136  0.000657  -0.006138  0.999977  0.002977  -0.000639  -0.002981  0.999995  0.000043  0.000000  
135.055770 0.009324  0.093282  0.001272  0.997935  0.064226  -0.000408  -0.064187  0.997514  0.029072  0.002275  -0.028986  0.999577  0.006735  0.000734  0.006610  0.000000  0.000000  0.000000  2.000000  0.999981  0.006136  0.000657  -0.006138  0.999977  0.002977  -0.000639  -0.002981  0.999995  0.999997  -0.002260  -0.000199  0.002260  0.999992  0.003270  0.000192  -0.003270  0.999995  1.000000  0.000000  0.000000  0.000000  1.000000  0.000000  0.000000  0.000000  1.000000  0.999981  0.006136  0.000657  -0.006138  0.999977  0.002977  -0.000639  -0.002981  0.999995  0.000000  0.000000  
135.057018 0.009332  0.093284  0.001281  0.997948  0.064021  -0.000407  -0.063982  0.997524  0.029193  0.002275  -0.029107  0.999574  0.006651  0.000791  0.006621  0.000000  0.000000  0.000000  2.000000  0.999981  0.006136  0.000657  -0.006138  0.999977  0.002977  -0.000639  -0.002981  0.999995  0.999996  -0.002671  -0.000212  0.002672  0.999991  0.003148  0.000203  -0.003148  0.999995  1.000000  0.000000  0.000000  0.000000  1.000000  0.000000  0.000000  0.000000  1.000000  0.999981  0.006136  0.000657  -0.006138  0.999977  0.002977  -0.000639  -0.002981  0.999995  0.000000  0.000000  
135.058021 0.009339  0.093285  0.001287  0.997961  0.063820  -0.000538  -0.063777  0.997533  0.029322  0.002408  -0.029228  0.999570  0.006558  0.000850  0.006655  0.000000  0.000000  0.000000  2.000000  0.999981  0.006136  0.000657  -0.006138  0.999977  0.002977  -0.000639  -0.002981  0.999995  0.999996  -0.002667  -0.000346  0.002668  0.999992  0.003026  0.000338  -0.003027  0.999995  1.000000  0.000000  0.000000  0.000000  1.000000  0.000000  0.000000  0.000000  1.000000  0.999981  0.006136  0.000657  -0.006138  0.999977  0.002977  -0.000639  -0.002981  0.999995  0.000000  0.000000  
135.059026 0.009345  0.093287  0.001294  0.997974  0.063614  -0.000537  -0.063571  0.997543  0.029443  0.002408  -0.029350  0.999566  0.006508  0.000932  0.006659  0.000000  0.000000  0.000000  2.000000  0.999981  0.006136  0.000657  -0.006138  0.999977  0.002977  -0.000639  -0.002981  0.999995  0.999996  -0.002873  -0.000352  0.002874  0.999991  0.003025  0.000343  -0.003026  0.999995  1.000000  0.000000  0.000000  0.000000  1.000000  0.000000  0.000000  0.000000  1.000000  0.999981  0.006136  0.000657  -0.006138  0.999977  0.002977  -0.000639  -0.002981  0.999995  0.000000  0.000000  
135.060269 0.009354  0.093288  0.001302  0.997987  0.063409  -0.000527  -0.063366  0.997549  0.029685  0.002408  -0.029592  0.999559  0.006488  0.000984  0.006663  0.000000  0.000000  0.000000  2.000000  0.999981  0.006136  0.000657  -0.006138  0.999977  0.002977  -0.000639  -0.002981  0.999995  0.999995  -0.003285  -0.000365  0.003286  0.999990  0.002903  0.000355  -0.002904  0.999996  1.000000  0.000000  0.000000  0.000000  1.000000  0.000000  0.000000  0.000000  1.000000  0.999981  0.006136  0.000657  -0.006138  0.999977  0.002977  -0.000639  -0.002981  0.999995  0.000000  0.000000  
135.061292 0.009360  0.093289  0.001307  0.998000  0.063204  -0.000526  -0.063160  0.997558  0.029806  0.002408  -0.029713  0.999556  0.006375  0.000984  0.006626  0.000000  0.000000  0.000000  2.000000  0.999981  0.006136  0.000657  -0.006138  0.999977  0.002977  -0.000639  -0.002981  0.999995  0.999994  -0.003490  -0.000371  0.003491  0.999990  0.002903  0.000361  -0.002904  0.999996  1.000000  0.000000  0.000000  0.000000  1.000000  0.000000  0.000000  0.000000  1.000000  0.999981  0.006136  0.000657  -0.006138  0.999977  0.002977  -0.000639  -0.002981  0.999995  0.000000  0.000000  
135.062526 0.009368  0.093291  0.001315  0.998013  0.062999  -0.000524  -0.062955  0.997568  0.029927  0.002408  -0.029835  0.999552  0.006326  0.001032  0.006575  0.000000  0.000000  0.000000  2.000000  0.999981  0.006136  0.000657  -0.006138  0.999977  0.002977  -0.000639  -0.002981  0.999995  0.999994  -0.003490  -0.000372  0.003491  0.999990  0.002903  0.000362  -0.002904  0.999996  1.000000  0.000000  0.000000  0.000000  1.000000  0.000000  0.000000  0.000000  1.000000  0.999981  0.006136  0.000657  -0.006138  0.999977  0.002977  -0.000639  -0.002981  0.999995  0.000000  0.000000  
135.063769 0.009377  0.093292  0.001323  0.998026  0.062793  -0.000523  -0.062749  0.997577  0.030048  0.002408  -0.029956  0.999548  0.006404  0.001054  0.006580  0.000000  0.000000  0.000000  2.000000  0.999981  0.006136  0.000657  -0.006138  0.999977  0.002977  -0.000639  -0.002981  0.999995  0.999993  -0.003696  -0.000378  0.003697  0.999989  0.002781  0.000368  -0.002782  0.999996  1.000000  0.000000  0.000000  0.000000  1.000000  0.000000  0.000000  0.000000  1.000000  0.999981  0.006136  0.000657  -0.006138  0.999977  0.002977  -0.000639  -0.002981  0.999995  0.000000  0.000000  
135.064774 0.009383  0.093294  0.001329  0.998039  0.062588  -0.000521  -0.062544  0.997586  0.030169  0.002408  -0.030077  0.999545  0.006421  0.001136  0.006552  0.000000  0.000000  0.000000  2.000000  0.999981  0.006136  0.000657  -0.006138  0.999977  0.002977  -0.000639  -0.002981  0.999995  0.999993  -0.003696  -0.000379  0.003697  0.999989  0.002781  0.000369  -0.002782  0.999996  1.000000  0.000000  0.000000  0.000000  1.000000  0.000000  0.000000  0.000000  1.000000  0.999981  0.006136  0.000657  -0.006138  0.999977  0.002977  -0.000639  -0.002981  0.999995  0.000000  0.000000  
135.066018 0.009392  0.093295  0.001336  0.998052  0.062383  -0.000520  -0.062338  0.997595  0.030290  0.002408  -0.030198  0.999541  0.006472  0.001191  0.006428  0.000000  0.000000  0.000000  2.000000  0.999981  0.006136  0.000657  -0.006138  0.999977  0.002977  -0.000639  -0.002981  0.999995  0.999993  -0.003696  -0.000379  0.003697  0.999990  0.002659  0.000370  -0.002661  0.999996  1.000000  0.000000  0.000000  0.000000  1.000000  0.000000  0.000000  0.000000  1.000000  0.999981  0.006136  0.000657  -0.006138  0.999977  0.002977  -0.000639  -0.002981  0.999995  0.000000  0.000000  
135.067272 0.009401  0.093297  0.001343  0.998065  0.062173  -0.000385  -0.062133  0.997605  0.030402  0.002275  -0.030320  0.999538  0.006553  0.001248  0.006410  0.000000  0.000000  0.000000  2.000000  0.999981  0.006136  0.000657  -0.006138  0.999977  0.002977  -0.000639  -0.002981  0.999995  0.999992  -0.003906  -0.000252  0.003906  0.999989  0.002538  0.000242  -0.002539  0.999997  1.000000  0.000000  0.000000  0.000000  1.000000  0.000000  0.000000  0.000000  1.000000  0.999981  0.006136  0.000657  -0.006138  0.999977  0.002977  -0.000639  -0.002981  0.999995  0.000000  0.000000  
135.068519 0.009410  0.093299  0.001351  0.998078  0.061968  -0.000384  -0.061927  0.997614  0.030523  0.002275  -0.030441  0.999534  0.006596  0.001251  0.006296  0.000000  0.000000  0.000000  2.000000  0.999981  0.006136  0.000657  -0.006138  0.999977  0.002977  -0.000639  -0.002981  0.999995  0.999992  -0.003906  -0.000253  0.003906  0.999989  0.002538  0.000243  -0.002539  0.999997  1.000000  0.000000  0.000000  0.000000  1.000000  0.000000  0.000000  0.000000  1.000000  0.999981  0.006136  0.000657  -0.006138  0.999977  0.002977  -0.000639  -0.002981  0.999995  0.000000  0.000000  
135.069769 0.009419  0.093301  0.001358  0.998091  0.061763  -0.000375  -0.061722  0.997619  0.030765  0.002275  -0.030683  0.999527  0.006687  0.001330  0.006232  0.000000  0.000000  0.000000  2.000000  0.999981  0.006136  0.000657  -0.006138  0.999977  0.002977  -0.000639  -0.002981  0.999995  0.999992  -0.003910  -0.000120  0.003910  0.999989  0.002417  0.000110  -0.002417  0.999997  1.000000  0.000000  0.000000  0.000000  1.000000  0.000000  0.000000  0.000000  1.000000  0.999981  0.006136  0.000657  -0.006138  0.999977  0.002977  -0.000639  -0.002981  0.999995  0.000000  0.000000  
135.071019 0.009428  0.093303  0.001366  0.998103  0.061557  -0.000374  -0.061516  0.997628  0.030886  0.002275  -0.030804  0.999523  0.006789  0.001389  0.006165  0.133058  0.009400  -0.171372  2.000000  0.999981  0.006136  0.000657  -0.006138  0.999977  0.002977  -0.000639  -0.002981  0.999995  0.999994  -0.003498  -0.000108  0.003498  0.999991  0.002418  0.000099  -0.002418  0.999997  1.000000  0.000000  0.000000  0.000000  1.000000  0.000000  0.000000  0.000000  1.000000  0.999981  0.006136  0.000657  -0.006138  0.999977  0.002977  -0.000639  -0.002981  0.999995  0.000000  0.000000  
135.072270 0.009437  0.093306  0.001374  0.998103  0.061557  -0.000367  -0.061516  0.997624  0.031007  0.002275  -0.030926  0.999519  0.006901  0.001408  0.006122  0.000000  0.000000  0.000000  2.000000  0.999981  0.006136  0.000657  -0.006138  0.999977  0.002977  -0.000639  -0.002981  0.999995  0.999994  -0.003498  -0.000108  0.003498  0.999991  0.002418  0.000100  -0.002418  0.999997  1.000000  0.000000  0.000000  0.000000  1.000000  0.000000  0.000000  0.000000  1.000000  0.999981  0.006136  0.000657  -0.006138  0.999977  0.002977  -0.000639  -0.002981  0.999995  0.000000  0.000000  
135.073519 0.009447  0.093309  0.001383  0.998116  0.061352  -0.000366  -0.061311  0.997633  0.031128  0.002275  -0.031047  0.999515  0.006999  0.001529  0.006145  0.000000  0.000000  0.000000  2.000000  0.999981  0.006136  0.000657  -0.006138  0.999977  0.002977  -0.000639  -0.002981  0.999995  0.999994  -0.003498  -0.000109  0.003498  0.999991  0.002418  0.000100  -0.002418  0.999997  1.000000  0.000000  0.000000  0.000000  1.000000  0.000000  0.000000  0.000000  1.000000  0.999981  0.006136  0.000657  -0.006138  0.999977  0.002977  -0.000639  -0.002981  0.999995  0.000054  0.000000  
135.074530 0.009454  0.093311  0.001389  0.998129  0.061147  -0.000365  -0.061105  0.997642  0.031249  0.002275  -0.031168  0.999512  0.007071  0.001583  0.006153  0.121923  0.009572  -0.172778  2.000000  0.999981  0.006136  0.000657  -0.006138  0.999977  0.002977  -0.000639  -0.002981  0.999995  0.999994  -0.003498  -0.000109  0.003498  0.999991  0.002296  0.000101  -0.002297  0.999997  1.000000  0.000000  0.000000  0.000000  1.000000  0.000000  0.000000  0.000000  1.000000  0.999981  0.006136  0.000657  -0.006138  0.999977  0.002977  -0.000639  -0.002981  0.999995  0.000052  0.000000  
