1-Time 2-Px 3-Py 4-Pz 5-R11 6-R21 7-R31 8-R12 9-R22 10-R32 11-R13 12-R23 13-R33 14-Vx 15-Vy 16-Vz 17-Wx 18-Wy 19-Wz 20-state 21-PR11 22-PR21 23-PR31 24-PR12 25-PR22 26-PR32 27-PR13 28-PR23 29-PR33 
37.519097 0.008327  0.090963  0.000730  0.996501  0.083384  0.005658  -0.083486  0.996286  0.021069  -0.003880  -0.021468  0.999762  -0.000010  -0.000013  -0.000102  0.000000  0.000000  0.000000  2.000000  1.000000  0.000000  0.000000  -0.000000  1.000000  0.000000  0.000000  -0.000000  1.000000  0.999999  -0.001029  -0.000022  0.001029  0.999999  0.000125  0.000022  -0.000125  1.000000  1.000000  0.000000  0.000000  0.000000  1.000000  0.000000  0.000000  0.000000  1.000000  0.554693  0.703126  -0.444892  -0.673789  0.693297  0.255633  0.488184  0.157966  0.858326  0.000000  0.000000  
37.520103 0.008327  0.090963  0.000731  0.996501  0.083384  0.005658  -0.083486  0.996286  0.021069  -0.003880  -0.021468  0.999762  -0.000002  -0.000039  -0.000089  0.000000  0.000000  0.000000  2.000000  1.000000  0.000000  0.000000  0.000000  1.000000  0.000000  0.000000  0.000000  1.000000  1.000000  -0.000823  -0.000018  0.000823  1.000000  0.000124  0.000018  -0.000124  1.000000  1.000000  0.000000  0.000000  0.000000  1.000000  0.000000  0.000000  0.000000  1.000000  1.000000  0.000000  0.000000  0.000000  1.000000  0.000000  0.000000  0.000000  1.000000  0.000000  0.000000  
37.521104 0.008328  0.090962  0.000730  0.996467  0.083794  0.005667  -0.083896  0.996252  0.021067  -0.003880  -0.021468  0.999762  0.000052  -0.000127  -0.000120  0.000000  0.000000  0.000000  2.000000  1.000000  0.000000  0.000000  0.000000  1.000000  0.000000  0.000000  0.000000  1.000000  1.000000  -0.000617  -0.000013  0.000617  1.000000  0.000124  0.000013  -0.000124  1.000000  1.000000  0.000000  0.000000  0.000000  1.000000  0.000000  0.000000  0.000000  1.000000  1.000000  0.000000  0.000000  0.000000  1.000000  0.000000  0.000000  0.000000  1.000000  0.000000  0.000000  
37.522357 0.008330  0.090959  0.000730  0.996414  0.084406  0.005823  -0.084511  0.996198  0.021173  -0.004014  -0.021589  0.999759  0.000145  -0.000297  -0.000148  0.000000  0.000000  0.000000  2.000000  1.000000  0.000000  0.000000  0.000000  1.000000  0.000000  0.000000  0.000000  1.000000  1.000000  0.000000  -0.000000  -0.000000  1.000000  0.000243  0.000000  -0.000243  1.000000  1.000000  0.000000  0.000000  0.000000  1.000000  0.000000  0.000000  0.000000  1.000000  1.000000  0.000000  0.000000  0.000000  1.000000  0.000000  0.000000  0.000000  1.000000  0.000000  0.000000  
37.523603 0.008331  0.090956  0.000730  0.996380  0.084816  0.005842  -0.084922  0.996160  0.021291  -0.004014  -0.021710  0.999756  0.000257  -0.000536  -0.000138  0.000000  0.000000  0.000000  2.000000  1.000000  0.000000  0.000000  0.000000  1.000000  0.000000  0.000000  0.000000  1.000000  1.000000  0.000409  0.000143  -0.000409  1.000000  0.000241  -0.000143  -0.000241  1.000000  1.000000  0.000000  0.000000  0.000000  1.000000  0.000000  0.000000  0.000000  1.000000  1.000000  0.000000  0.000000  0.000000  1.000000  0.000000  0.000000  0.000000  1.000000  0.000000  0.000000  
37.524603 0.008333  0.090953  0.000730  0.996361  0.085018  0.005980  -0.085127  0.996143  0.021279  -0.004148  -0.021710  0.999756  0.000362  -0.000741  -0.000156  0.000000  0.000000  0.000000  2.000000  1.000000  0.000000  0.000000  0.000000  1.000000  0.000000  0.000000  0.000000  1.000000  0.999999  0.001023  0.000290  -0.001023  0.999999  0.000360  -0.000290  -0.000360  1.000000  1.000000  0.000000  0.000000  0.000000  1.000000  0.000000  0.000000  0.000000  1.000000  1.000000  0.000000  0.000000  0.000000  1.000000  0.000000  0.000000  0.000000  1.000000  0.000000  0.000000  
37.525608 0.008335  0.090950  0.000729  0.996344  0.085225  0.005861  -0.085332  0.996123  0.021410  -0.004014  -0.021832  0.999754  0.000508  -0.000914  -0.000184  0.000000  0.000000  0.000000  2.000000  1.000000  0.000000  0.000000  0.000000  1.000000  0.000000  0.000000  0.000000  1.000000  0.999999  0.001232  0.000161  -0.001232  0.999999  0.000480  -0.000160  -0.000480  1.000000  1.000000  0.000000  0.000000  0.000000  1.000000  0.000000  0.000000  0.000000  1.000000  1.000000  0.000000  0.000000  0.000000  1.000000  0.000000  0.000000  0.000000  1.000000  0.000000  0.000000  
37.526858 0.008338  0.090948  0.000729  0.996309  0.085634  0.005881  -0.085742  0.996085  0.021528  -0.004014  -0.021953  0.999751  0.000741  -0.001060  -0.000189  0.000000  0.000000  0.000000  2.000000  1.000000  0.000000  0.000000  0.000000  1.000000  0.000000  0.000000  0.000000  1.000000  0.999999  0.001644  0.000170  -0.001644  0.999998  0.000600  -0.000169  -0.000600  1.000000  1.000000  0.000000  0.000000  0.000000  1.000000  0.000000  0.000000  0.000000  1.000000  1.000000  0.000000  0.000000  0.000000  1.000000  0.000000  0.000000  0.000000  1.000000  0.000000  0.000000  
37.528107 0.008341  0.090945  0.000729  0.996239  0.086457  0.005775  -0.086563  0.996011  0.021656  -0.003880  -0.022074  0.999749  0.000927  -0.001231  -0.000182  0.000000  0.000000  0.000000  2.000000  1.000000  0.000000  0.000000  0.000000  1.000000  0.000000  0.000000  0.000000  1.000000  0.999997  0.002264  0.000050  -0.002264  0.999997  0.000719  -0.000048  -0.000719  1.000000  1.000000  0.000000  0.000000  0.000000  1.000000  0.000000  0.000000  0.000000  1.000000  1.000000  0.000000  0.000000  0.000000  1.000000  0.000000  0.000000  0.000000  1.000000  0.000000  0.000000  
37.529108 0.008344  0.090943  0.000728  0.996186  0.087075  0.005656  -0.087178  0.995957  0.021664  -0.003746  -0.022074  0.999749  0.001120  -0.001381  -0.000221  0.000000  0.000000  0.000000  2.000000  1.000000  0.000000  0.000000  0.000000  1.000000  0.000000  0.000000  0.000000  1.000000  0.999996  0.002884  -0.000070  -0.002884  0.999996  0.000717  0.000072  -0.000717  1.000000  1.000000  0.000000  0.000000  0.000000  1.000000  0.000000  0.000000  0.000000  1.000000  1.000000  0.000000  0.000000  0.000000  1.000000  0.000000  0.000000  0.000000  1.000000  0.000000  0.000000  
37.530361 0.008348  0.090940  0.000727  0.996113  0.087891  0.005817  -0.087998  0.995883  0.021768  -0.003880  -0.022195  0.999746  0.001389  -0.001563  -0.000282  0.000000  0.000000  0.000000  2.000000  1.000000  0.000000  0.000000  0.000000  1.000000  0.000000  0.000000  0.000000  1.000000  0.999992  0.003911  0.000087  -0.003911  0.999992  0.000834  -0.000084  -0.000834  1.000000  1.000000  0.000000  0.000000  0.000000  1.000000  0.000000  0.000000  0.000000  1.000000  1.000000  0.000000  0.000000  0.000000  1.000000  0.000000  0.000000  0.000000  1.000000  0.000000  0.000000  
37.531606 0.008352  0.090939  0.000726  0.996040  0.088708  0.005979  -0.088818  0.995808  0.021872  -0.004014  -0.022317  0.999743  0.001643  -0.001694  -0.000366  0.000000  0.000000  0.000000  2.000000  1.000000  0.000000  0.000000  0.000000  1.000000  0.000000  0.000000  0.000000  1.000000  0.999989  0.004731  0.000239  -0.004731  0.999988  0.000951  -0.000235  -0.000952  1.000000  1.000000  0.000000  0.000000  0.000000  1.000000  0.000000  0.000000  0.000000  1.000000  1.000000  0.000000  0.000000  0.000000  1.000000  0.000000  0.000000  0.000000  1.000000  0.000000  0.000000  
37.532857 0.008356  0.090937  0.000726  0.995948  0.089732  0.006013  -0.089844  0.995713  0.021987  -0.004014  -0.022438  0.999740  0.001952  -0.001788  -0.000361  0.035943  -0.008583  0.186620  2.000000  1.000000  0.000273  0.000013  -0.000273  1.000000  0.000050  -0.000013  -0.000050  1.000000  0.999983  0.005760  0.000263  -0.005760  0.999983  0.001068  -0.000257  -0.001070  0.999999  1.000000  0.000072  0.000003  -0.000072  1.000000  0.000013  -0.000003  -0.000013  1.000000  1.000000  0.000273  0.000013  -0.000273  1.000000  0.000050  -0.000013  -0.000050  1.000000  0.000046  0.005864  
37.534104 0.008360  0.090936  0.000726  0.995873  0.090548  0.006175  -0.090664  0.995637  0.022090  -0.004148  -0.022559  0.999737  0.002237  -0.001877  -0.000289  0.039898  -0.013698  0.214202  2.000000  1.000000  0.000671  0.000036  -0.000671  1.000000  0.000113  -0.000036  -0.000113  1.000000  0.999977  0.006786  0.000421  -0.006786  0.999976  0.001063  -0.000413  -0.001066  0.999999  1.000000  0.000085  0.000005  -0.000085  1.000000  0.000013  -0.000005  -0.000013  1.000000  1.000000  0.000671  0.000036  -0.000671  1.000000  0.000113  -0.000036  -0.000113  1.000000  0.000053  0.006882  
37.535356 0.008364  0.090933  0.000726  0.995779  0.091572  0.006209  -0.091689  0.995540  0.022205  -0.004148  -0.022680  0.999734  0.002466  -0.002021  -0.000293  0.043804  -0.014623  0.255679  2.000000  0.999999  0.001044  0.000058  -0.001044  0.999999  0.000166  -0.000058  -0.000166  1.000000  0.999969  0.007815  0.000444  -0.007815  0.999969  0.001059  -0.000436  -0.001062  0.999999  1.000000  0.000098  0.000005  -0.000098  1.000000  0.000013  -0.000005  -0.000013  1.000000  0.999999  0.001044  0.000058  -0.001044  0.999999  0.000166  -0.000058  -0.000166  1.000000  0.000063  0.007899  
37.536605 0.008368  0.090929  0.000725  0.995685  0.092599  0.006110  -0.092714  0.995442  0.022332  -0.004014  -0.022802  0.999732  0.002660  -0.002085  -0.000301  0.047762  -0.010908  0.290366  2.000000  0.999999  0.001571  0.000082  -0.001571  0.999999  0.000239  -0.000081  -0.000239  1.000000  0.999961  0.008847  0.000334  -0.008847  0.999960  0.001177  -0.000324  -0.001179  0.999999  1.000000  0.000111  0.000004  -0.000111  1.000000  0.000015  -0.000004  -0.000015  1.000000  0.999999  0.001571  0.000082  -0.001571  0.999999  0.000239  -0.000081  -0.000239  1.000000  0.000072  0.008931  
37.537853 0.008372  0.090925  0.000725  0.995589  0.093623  0.006144  -0.093739  0.995344  0.022446  -0.004014  -0.022923  0.999729  0.002799  -0.002219  -0.000290  0.051709  -0.011693  0.324997  2.000000  0.999998  0.002162  0.000103  -0.002162  0.999998  0.000320  -0.000102  -0.000321  1.000000  0.999951  0.009876  0.000359  -0.009876  0.999950  0.001293  -0.000346  -0.001297  0.999999  1.000000  0.000123  0.000004  -0.000123  1.000000  0.000016  -0.000004  -0.000016  1.000000  0.999998  0.002162  0.000103  -0.002162  0.999998  0.000320  -0.000102  -0.000321  1.000000  0.000080  0.009967  
37.539103 0.008376  0.090920  0.000726  0.995492  0.094647  0.006179  -0.094763  0.995244  0.022560  -0.004014  -0.023044  0.999726  0.002915  -0.002295  -0.000220  0.055631  -0.012636  0.366559  2.000000  0.999996  0.002821  0.000126  -0.002821  0.999996  0.000410  -0.000125  -0.000410  1.000000  0.999938  0.011111  0.000390  -0.011111  0.999937  0.001531  -0.000373  -0.001535  0.999999  1.000000  0.000139  0.000005  -0.000139  1.000000  0.000019  -0.000005  -0.000019  1.000000  0.999996  0.002821  0.000126  -0.002821  0.999996  0.000410  -0.000125  -0.000410  1.000000  0.000089  0.011223  
37.540357 0.008380  0.090914  0.000726  0.995393  0.095667  0.006347  -0.095788  0.995144  0.022662  -0.004148  -0.023165  0.999723  0.003047  -0.002463  -0.000214  0.059527  -0.017919  0.400927  2.000000  0.999994  0.003554  0.000155  -0.003554  0.999994  0.000509  -0.000153  -0.000509  1.000000  0.999926  0.012137  0.000549  -0.012137  0.999925  0.001646  -0.000529  -0.001653  0.999998  1.000000  0.000152  0.000007  -0.000152  1.000000  0.000021  -0.000007  -0.000021  1.000000  0.999994  0.003554  0.000155  -0.003554  0.999994  0.000509  -0.000153  -0.000509  1.000000  0.000100  0.012261  
37.541600 0.008386  0.090908  0.000726  0.995274  0.096895  0.006398  -0.097017  0.995019  0.022895  -0.004148  -0.023408  0.999717  0.003213  -0.002708  -0.000205  0.067525  -0.018901  0.442510  2.000000  0.999991  0.004348  0.000190  -0.004349  0.999990  0.000616  -0.000187  -0.000617  1.000000  0.999916  0.012960  0.000569  -0.012961  0.999914  0.001764  -0.000546  -0.001771  0.999998  1.000000  0.000162  0.000007  -0.000162  1.000000  0.000022  -0.000007  -0.000022  1.000000  0.999991  0.004348  0.000190  -0.004349  0.999990  0.000616  -0.000187  -0.000617  1.000000  0.000110  0.013092  
37.542609 0.008390  0.090903  0.000725  0.995174  0.097918  0.006434  -0.098042  0.994916  0.023010  -0.004148  -0.023529  0.999715  0.003319  -0.002926  -0.000270  0.071437  -0.019697  0.476924  2.000000  0.999987  0.005014  0.000218  -0.005015  0.999987  0.000706  -0.000215  -0.000707  1.000000  0.999908  0.013577  0.000585  -0.013578  0.999906  0.001761  -0.000561  -0.001769  0.999998  1.000000  0.000170  0.000007  -0.000170  1.000000  0.000022  -0.000007  -0.000022  1.000000  0.999987  0.005014  0.000218  -0.005015  0.999987  0.000706  -0.000215  -0.000707  1.000000  0.000119  0.013704  
37.543853 0.008394  0.090895  0.000723  0.995072  0.098942  0.006469  -0.099066  0.994812  0.023124  -0.004148  -0.023651  0.999712  0.003378  -0.003246  -0.000377  0.071298  -0.020699  0.518611  2.000000  0.999984  0.005711  0.000241  -0.005712  0.999983  0.000800  -0.000237  -0.000801  1.000000  0.999899  0.014197  0.000468  -0.014198  0.999897  0.001879  -0.000441  -0.001886  0.999998  1.000000  0.000177  0.000006  -0.000177  1.000000  0.000024  -0.000006  -0.000024  1.000000  0.999984  0.005711  0.000241  -0.005712  0.999983  0.000800  -0.000237  -0.000801  1.000000  0.000129  0.014330  
37.544857 0.008398  0.090889  0.000722  0.995011  0.099555  0.006496  -0.099681  0.994748  0.023240  -0.004148  -0.023772  0.999709  0.003485  -0.003465  -0.000380  0.075269  -0.021193  0.539203  2.000000  0.999979  0.006437  0.000265  -0.006437  0.999979  0.000895  -0.000259  -0.000897  1.000000  0.999893  0.014609  0.000479  -0.014610  0.999892  0.001878  -0.000452  -0.001884  0.999998  1.000000  0.000183  0.000006  -0.000183  1.000000  0.000024  -0.000006  -0.000024  1.000000  0.999979  0.006437  0.000265  -0.006437  0.999979  0.000895  -0.000259  -0.000897  1.000000  0.000134  0.014738  
37.546106 0.008403  0.090882  0.000719  0.994908  0.100578  0.006532  -0.100705  0.994642  0.023354  -0.004148  -0.023893  0.999706  0.003531  -0.003826  -0.000458  0.079206  -0.022011  0.573787  2.000000  0.999973  0.007373  0.000289  -0.007373  0.999972  0.001017  -0.000281  -0.001019  0.999999  0.999884  0.015226  0.000497  -0.015227  0.999882  0.001996  -0.000467  -0.002003  0.999998  1.000000  0.000190  0.000006  -0.000190  1.000000  0.000025  -0.000006  -0.000025  1.000000  0.999973  0.007373  0.000289  -0.007373  0.999972  0.001017  -0.000281  -0.001019  0.999999  0.000143  0.015366  
37.547358 0.008408  0.090875  0.000716  0.994803  0.101598  0.006701  -0.101729  0.994536  0.023454  -0.004282  -0.024014  0.999702  0.003575  -0.004224  -0.000625  0.083096  -0.027324  0.608216  2.000000  0.999965  0.008348  0.000324  -0.008348  0.999965  0.001139  -0.000314  -0.001141  0.999999  0.999874  0.015840  0.000648  -0.015842  0.999873  0.001991  -0.000616  -0.002001  0.999998  1.000000  0.000198  0.000008  -0.000198  1.000000  0.000025  -0.000008  -0.000025  1.000000  0.999965  0.008348  0.000324  -0.008348  0.999965  0.001139  -0.000314  -0.001141  0.999999  0.000152  0.015979  
37.548605 0.008413  0.090867  0.000715  0.994677  0.102826  0.006743  -0.102958  0.994407  0.023567  -0.004282  -0.024136  0.999700  0.003657  -0.004619  -0.000757  0.086980  -0.028467  0.656668  2.000000  0.999956  0.009353  0.000373  -0.009354  0.999955  0.001263  -0.000361  -0.001266  0.999999  0.999868  0.016249  0.000793  -0.016250  0.999866  0.001989  -0.000761  -0.002002  0.999998  1.000000  0.000203  0.000010  -0.000203  1.000000  0.000025  -0.000010  -0.000025  1.000000  0.999956  0.009353  0.000373  -0.009354  0.999955  0.001263  -0.000361  -0.001266  0.999999  0.000164  0.016391  
37.549857 0.008418  0.090859  0.000712  0.994569  0.103845  0.006912  -0.103981  0.994298  0.023667  -0.004415  -0.024257  0.999696  0.003696  -0.004997  -0.000936  0.090888  -0.033800  0.691294  2.000000  0.999946  0.010381  0.000432  -0.010382  0.999945  0.001389  -0.000417  -0.001393  0.999999  0.999864  0.016448  0.001068  -0.016450  0.999863  0.001986  -0.001035  -0.002003  0.999997  1.000000  0.000206  0.000013  -0.000206  1.000000  0.000025  -0.000013  -0.000025  1.000000  0.999946  0.010381  0.000432  -0.010382  0.999945  0.001389  -0.000417  -0.001393  0.999999  0.000173  0.016603  
37.550913 0.008421  0.090853  0.000710  0.994483  0.104664  0.006932  -0.104800  0.994212  0.023661  -0.004415  -0.024257  0.999696  0.003700  -0.005230  -0.001044  0.090659  -0.034052  0.703804  2.000000  0.999937  0.011214  0.000479  -0.011215  0.999936  0.001488  -0.000462  -0.001493  0.999999  0.999861  0.016657  0.000939  -0.016659  0.999859  0.001985  -0.000906  -0.002000  0.999998  1.000000  0.000208  0.000012  -0.000208  1.000000  0.000025  -0.000012  -0.000025  1.000000  0.999937  0.011214  0.000479  -0.011215  0.999936  0.001488  -0.000462  -0.001493  0.999999  0.000178  0.016803  
37.552103 0.008426  0.090845  0.000708  0.994375  0.105687  0.006969  -0.105824  0.994101  0.023774  -0.004415  -0.024378  0.999693  0.003719  -0.005509  -0.001187  0.090752  -0.030033  0.719279  2.000000  0.999930  0.011849  0.000515  -0.011850  0.999929  0.001561  -0.000496  -0.001567  0.999999  0.999854  0.017068  0.000951  -0.017070  0.999852  0.001983  -0.000917  -0.001999  0.999998  1.000000  0.000213  0.000012  -0.000213  1.000000  0.000025  -0.000012  -0.000025  1.000000  0.999930  0.011849  0.000515  -0.011850  0.999929  0.001561  -0.000496  -0.001567  0.999999  0.000181  0.017211  
37.553353 0.008430  0.090837  0.000705  0.994265  0.106706  0.007139  -0.106847  0.993989  0.023873  -0.004549  -0.024499  0.999689  0.003748  -0.005774  -0.001347  0.090601  -0.035092  0.739817  2.000000  0.999916  0.012929  0.000573  -0.012930  0.999915  0.001683  -0.000551  -0.001690  0.999998  0.999850  0.017274  0.000956  -0.017276  0.999849  0.001858  -0.000924  -0.001875  0.999998  1.000000  0.000216  0.000012  -0.000216  1.000000  0.000023  -0.000012  -0.000023  1.000000  0.999916  0.012929  0.000573  -0.012930  0.999915  0.001683  -0.000551  -0.001690  0.999998  0.000185  0.017402  
37.554358 0.008433  0.090829  0.000704  0.994177  0.107524  0.007159  -0.107666  0.993901  0.023867  -0.004549  -0.024499  0.999689  0.003753  -0.005991  -0.001490  0.090446  -0.031070  0.760552  2.000000  0.999905  0.013792  0.000618  -0.013793  0.999903  0.001781  -0.000594  -0.001790  0.999998  0.999850  0.017277  0.000824  -0.017279  0.999849  0.001980  -0.000790  -0.001994  0.999998  1.000000  0.000216  0.000010  -0.000216  1.000000  0.000025  -0.000010  -0.000025  1.000000  0.999905  0.013792  0.000618  -0.013793  0.999903  0.001781  -0.000594  -0.001790  0.999998  0.000190  0.017411  
37.555602 0.008437  0.090820  0.000702  0.994088  0.108342  0.007192  -0.108485  0.993809  0.023982  -0.004549  -0.024621  0.999687  0.003684  -0.006208  -0.001602  0.089689  -0.035852  0.774978  2.000000  0.999889  0.014877  0.000671  -0.014878  0.999888  0.001900  -0.000642  -0.001910  0.999998  0.999850  0.017277  0.000826  -0.017279  0.999849  0.001980  -0.000792  -0.001994  0.999998  1.000000  0.000216  0.000010  -0.000216  1.000000  0.000025  -0.000010  -0.000025  1.000000  0.999889  0.014877  0.000671  -0.014878  0.999888  0.001900  -0.000642  -0.001910  0.999998  0.000195  0.017411  
37.556605 0.008439  0.090812  0.000700  0.993998  0.109160  0.007212  -0.109303  0.993719  0.023976  -0.004549  -0.024621  0.999687  0.003564  -0.006421  -0.001717  0.086294  -0.036519  0.795229  2.000000  0.999876  0.015731  0.000714  -0.015732  0.999874  0.001994  -0.000683  -0.002005  0.999998  0.999854  0.017068  0.000955  -0.017070  0.999853  0.001859  -0.000923  -0.001875  0.999998  1.000000  0.000213  0.000012  -0.000213  1.000000  0.000023  -0.000012  -0.000023  1.000000  0.999876  0.015731  0.000714  -0.015732  0.999874  0.001994  -0.000683  -0.002005  0.999998  0.000199  0.017197  
37.557853 0.008444  0.090803  0.000699  0.993908  0.109978  0.007231  -0.110122  0.993629  0.023970  -0.004549  -0.024621  0.999687  0.003529  -0.006562  -0.001726  0.082274  -0.041065  0.795157  2.000000  0.999859  0.016795  0.000775  -0.016796  0.999857  0.002106  -0.000739  -0.002118  0.999997  0.999857  0.016862  0.000950  -0.016864  0.999856  0.001739  -0.000921  -0.001755  0.999998  1.000000  0.000211  0.000012  -0.000211  1.000000  0.000022  -0.000012  -0.000022  1.000000  0.999859  0.016795  0.000775  -0.016796  0.999857  0.002106  -0.000739  -0.002118  0.999997  0.000200  0.016980  
37.558857 0.008447  0.090795  0.000697  0.993839  0.110588  0.007393  -0.110736  0.993558  0.024071  -0.004683  -0.024742  0.999683  0.003543  -0.006699  -0.001732  0.086344  -0.050102  0.794874  2.000000  0.999844  0.017635  0.000826  -0.017637  0.999842  0.002192  -0.000787  -0.002206  0.999997  0.999861  0.016653  0.001081  -0.016655  0.999860  0.001738  -0.001052  -0.001756  0.999998  1.000000  0.000208  0.000013  -0.000208  1.000000  0.000022  -0.000013  -0.000022  1.000000  0.999844  0.017635  0.000826  -0.017637  0.999842  0.002192  -0.000787  -0.002206  0.999997  0.000200  0.016780  
37.559859 0.008450  0.090788  0.000696  0.993770  0.111201  0.007407  -0.111350  0.993490  0.024067  -0.004683  -0.024742  0.999683  0.003482  -0.006804  -0.001718  0.082198  -0.045646  0.794830  2.000000  0.999833  0.018262  0.000867  -0.018264  0.999831  0.002255  -0.000826  -0.002271  0.999997  0.999861  0.016653  0.001081  -0.016655  0.999860  0.001617  -0.001054  -0.001634  0.999998  1.000000  0.000208  0.000013  -0.000208  1.000000  0.000020  -0.000013  -0.000020  1.000000  0.999833  0.018262  0.000867  -0.018264  0.999831  0.002255  -0.000826  -0.002271  0.999997  0.000200  0.016768  
37.561107 0.008455  0.090778  0.000694  0.993678  0.112020  0.007427  -0.112168  0.993398  0.024061  -0.004683  -0.024742  0.999683  0.003439  -0.006967  -0.001681  0.077483  -0.045320  0.788323  2.000000  0.999813  0.019298  0.000932  -0.019300  0.999811  0.002353  -0.000887  -0.002370  0.999997  0.999864  0.016451  0.000942  -0.016452  0.999864  0.001496  -0.000917  -0.001512  0.999998  1.000000  0.000206  0.000012  -0.000206  1.000000  0.000019  -0.000012  -0.000019  1.000000  0.999813  0.019298  0.000932  -0.019300  0.999811  0.002353  -0.000887  -0.002370  0.999997  0.000198  0.016547  
37.562361 0.008459  0.090767  0.000691  0.993609  0.112633  0.007442  -0.112782  0.993329  0.024056  -0.004683  -0.024742  0.999683  0.003343  -0.007180  -0.001719  0.073416  -0.040747  0.781562  2.000000  0.999793  0.020308  0.000992  -0.020310  0.999791  0.002441  -0.000942  -0.002461  0.999997  0.999871  0.016039  0.000932  -0.016040  0.999870  0.001377  -0.000910  -0.001392  0.999999  1.000000  0.000201  0.000012  -0.000201  1.000000  0.000017  -0.000012  -0.000017  1.000000  0.999793  0.020308  0.000992  -0.020310  0.999791  0.002441  -0.000942  -0.002461  0.999997  0.000198  0.016126  
37.563608 0.008462  0.090756  0.000687  0.993539  0.113247  0.007457  -0.113395  0.993259  0.024052  -0.004683  -0.024742  0.999683  0.003272  -0.007421  -0.001797  0.069944  -0.036303  0.774163  2.000000  0.999773  0.021284  0.001050  -0.021287  0.999770  0.002517  -0.000997  -0.002539  0.999996  0.999881  0.015422  0.000916  -0.015423  0.999880  0.001138  -0.000899  -0.001152  0.999999  1.000000  0.000193  0.000011  -0.000193  1.000000  0.000014  -0.000011  -0.000014  1.000000  0.999773  0.021284  0.001050  -0.021287  0.999770  0.002517  -0.000997  -0.002539  0.999996  0.000195  0.015492  
37.564857 0.008467  0.090746  0.000683  0.993468  0.113857  0.007605  -0.114009  0.993189  0.024032  -0.004817  -0.024742  0.999682  0.003254  -0.007552  -0.001956  0.069402  -0.040331  0.761422  2.000000  0.999753  0.022217  0.001111  -0.022220  0.999750  0.002585  -0.001054  -0.002609  0.999996  0.999890  0.014801  0.001035  -0.014802  0.999890  0.001018  -0.001020  -0.001033  0.999999  1.000000  0.000185  0.000013  -0.000185  1.000000  0.000013  -0.000013  -0.000013  1.000000  0.999753  0.022217  0.001111  -0.022220  0.999750  0.002585  -0.001054  -0.002609  0.999996  0.000193  0.014873  
37.566110 0.008471  0.090736  0.000679  0.993397  0.114470  0.007620  -0.114622  0.993119  0.024027  -0.004817  -0.024742  0.999682  0.003262  -0.007778  -0.002088  0.065995  -0.044687  0.746336  2.000000  0.999732  0.023134  0.001177  -0.023137  0.999729  0.002643  -0.001115  -0.002669  0.999996  0.999893  0.014595  0.001030  -0.014596  0.999893  0.000897  -0.001017  -0.000912  0.999999  1.000000  0.000182  0.000013  -0.000182  1.000000  0.000011  -0.000013  -0.000011  1.000000  0.999732  0.023134  0.001177  -0.023137  0.999729  0.002643  -0.001115  -0.002669  0.999996  0.000190  0.014660  
37.567349 0.008475  0.090726  0.000675  0.993326  0.115083  0.007634  -0.115236  0.993048  0.024022  -0.004817  -0.024742  0.999682  0.003244  -0.007821  -0.002149  0.061453  -0.044210  0.733496  2.000000  0.999715  0.023853  0.001229  -0.023856  0.999712  0.002682  -0.001164  -0.002711  0.999996  0.999896  0.014389  0.001025  -0.014390  0.999896  0.000777  -0.001014  -0.000792  0.999999  1.000000  0.000180  0.000013  -0.000180  1.000000  0.000010  -0.000013  -0.000010  1.000000  0.999715  0.023853  0.001229  -0.023856  0.999712  0.002682  -0.001164  -0.002711  0.999996  0.000186  0.014448  
37.568354 0.008479  0.090718  0.000672  0.993279  0.115492  0.007644  -0.115645  0.993000  0.024019  -0.004817  -0.024742  0.999682  0.003257  -0.007909  -0.002278  0.057472  -0.043929  0.719793  2.000000  0.999698  0.024557  0.001275  -0.024560  0.999695  0.002717  -0.001208  -0.002748  0.999995  0.999902  0.013981  0.000881  -0.013982  0.999902  0.000658  -0.000872  -0.000670  0.999999  1.000000  0.000175  0.000011  -0.000175  1.000000  0.000008  -0.000011  -0.000008  1.000000  0.999698  0.024557  0.001275  -0.024560  0.999695  0.002717  -0.001208  -0.002748  0.999995  0.000183  0.014025  
37.569354 0.008483  0.090711  0.000669  0.993231  0.115901  0.007654  -0.116054  0.992953  0.024016  -0.004817  -0.024742  0.999682  0.003309  -0.007908  -0.002359  0.053960  -0.043839  0.704965  2.000000  0.999681  0.025233  0.001319  -0.025236  0.999678  0.002747  -0.001249  -0.002779  0.999995  0.999910  0.013364  0.000866  -0.013364  0.999911  0.000540  -0.000858  -0.000551  0.999999  1.000000  0.000167  0.000011  -0.000167  1.000000  0.000007  -0.000011  -0.000007  1.000000  0.999681  0.025233  0.001319  -0.025236  0.999678  0.002747  -0.001249  -0.002779  0.999995  0.000179  0.013403  
37.570357 0.008486  0.090703  0.000666  0.993183  0.116307  0.007797  -0.116463  0.992905  0.023997  -0.004951  -0.024742  0.999682  0.003346  -0.007940  -0.002481  0.049890  -0.043390  0.684298  2.000000  0.999664  0.025885  0.001366  -0.025889  0.999661  0.002771  -0.001294  -0.002806  0.999995  0.999916  0.012949  0.000989  -0.012949  0.999916  0.000419  -0.000984  -0.000432  0.999999  1.000000  0.000162  0.000012  -0.000162  1.000000  0.000005  -0.000012  -0.000005  1.000000  0.999664  0.025885  0.001366  -0.025889  0.999661  0.002771  -0.001294  -0.002806  0.999995  0.000176  0.012994  
37.571604 0.008491  0.090693  0.000661  0.993135  0.116716  0.007807  -0.116871  0.992857  0.023994  -0.004951  -0.024742  0.999682  0.003425  -0.007950  -0.002625  0.041821  -0.042964  0.663394  2.000000  0.999643  0.026666  0.001419  -0.026670  0.999640  0.002797  -0.001344  -0.002833  0.999995  0.999924  0.012335  0.000840  -0.012335  0.999924  0.000422  -0.000835  -0.000432  1.000000  1.000000  0.000154  0.000010  -0.000154  1.000000  0.000005  -0.000010  -0.000005  1.000000  0.999643  0.026666  0.001419  -0.026670  0.999640  0.002797  -0.001344  -0.002833  0.999995  0.000169  0.012371  
37.572853 0.008496  0.090684  0.000658  0.993087  0.117124  0.007817  -0.117280  0.992809  0.023991  -0.004951  -0.024742  0.999682  0.003514  -0.007943  -0.002736  0.037882  -0.042350  0.635930  2.000000  0.999624  0.027393  0.001469  -0.027397  0.999621  0.002816  -0.001392  -0.002855  0.999995  0.999936  0.011309  0.000681  -0.011309  0.999936  0.000306  -0.000678  -0.000314  1.000000  1.000000  0.000141  0.000008  -0.000141  1.000000  0.000004  -0.000008  -0.000004  1.000000  0.999624  0.027393  0.001469  -0.027397  0.999621  0.002816  -0.001392  -0.002855  0.999995  0.000162  0.011334  
37.573853 0.008501  0.090677  0.000655  0.993038  0.117533  0.007827  -0.117689  0.992761  0.023988  -0.004951  -0.024742  0.999682  0.003560  -0.007878  -0.002806  0.033866  -0.042052  0.622056  2.000000  0.999608  0.027943  0.001503  -0.027947  0.999605  0.002829  -0.001424  -0.002870  0.999995  0.999940  0.010898  0.000671  -0.010898  0.999941  0.000187  -0.000669  -0.000194  1.000000  1.000000  0.000136  0.000008  -0.000136  1.000000  0.000002  -0.000008  -0.000002  1.000000  0.999608  0.027943  0.001503  -0.027947  0.999605  0.002829  -0.001424  -0.002870  0.999995  0.000158  0.010920  
37.575107 0.008506  0.090668  0.000653  0.992990  0.117943  0.007822  -0.118098  0.992715  0.023864  -0.004951  -0.024621  0.999685  0.003681  -0.007803  -0.002807  0.025526  -0.041533  0.609977  2.000000  0.999593  0.028470  0.001536  -0.028474  0.999591  0.002833  -0.001455  -0.002876  0.999995  0.999947  0.010280  0.000654  -0.010280  0.999947  0.000069  -0.000654  -0.000076  1.000000  1.000000  0.000129  0.000008  -0.000129  1.000000  0.000001  -0.000008  -0.000001  1.000000  0.999593  0.028470  0.001536  -0.028474  0.999591  0.002833  -0.001455  -0.002876  0.999995  0.000153  0.010302  
37.576132 0.008511  0.090661  0.000651  0.992965  0.118147  0.007827  -0.118303  0.992691  0.023862  -0.004951  -0.024621  0.999685  0.003783  -0.007769  -0.002889  0.021777  -0.041226  0.587115  2.000000  0.999579  0.028968  0.001569  -0.028972  0.999576  0.002835  -0.001486  -0.002879  0.999995  0.999953  0.009663  0.000639  -0.009663  0.999953  -0.000049  -0.000640  0.000043  1.000000  1.000000  0.000121  0.000008  -0.000121  1.000000  -0.000001  -0.000008  0.000001  1.000000  0.999579  0.028968  0.001569  -0.028972  0.999576  0.002835  -0.001486  -0.002879  0.999995  0.000147  0.009684  
37.577354 0.008517  0.090653  0.000648  0.992941  0.118352  0.007818  -0.118507  0.992669  0.023740  -0.004951  -0.024499  0.999688  0.003895  -0.007643  -0.002891  0.013577  -0.035947  0.562079  2.000000  0.999565  0.029451  0.001601  -0.029455  0.999562  0.002831  -0.001517  -0.002877  0.999995  0.999955  0.009457  0.000634  -0.009457  0.999955  -0.000048  -0.000635  0.000042  1.000000  1.000000  0.000118  0.000008  -0.000118  1.000000  -0.000001  -0.000008  0.000001  1.000000  0.999565  0.029451  0.001601  -0.029455  0.999562  0.002831  -0.001517  -0.002877  0.999995  0.000142  0.009479  
37.578356 0.008523  0.090646  0.000645  0.992916  0.118557  0.007822  -0.118711  0.992645  0.023739  -0.004951  -0.024499  0.999688  0.004092  -0.007465  -0.002833  0.009772  -0.035437  0.532120  2.000000  0.999551  0.029903  0.001632  -0.029908  0.999549  0.002822  -0.001546  -0.002870  0.999995  0.999961  0.008840  0.000618  -0.008840  0.999961  -0.000166  -0.000619  0.000161  1.000000  1.000000  0.000110  0.000008  -0.000110  1.000000  -0.000002  -0.000008  0.000002  1.000000  0.999551  0.029903  0.001632  -0.029908  0.999549  0.002822  -0.001546  -0.002870  0.999995  0.000135  0.008863  
37.579607 0.008530  0.090638  0.000642  0.992892  0.118762  0.007813  -0.118916  0.992623  0.023617  -0.004951  -0.024378  0.999691  0.004279  -0.007333  -0.002791  0.001712  -0.030269  0.504580  2.000000  0.999535  0.030440  0.001666  -0.030445  0.999533  0.002808  -0.001580  -0.002857  0.999995  0.999964  0.008431  0.000474  -0.008431  0.999964  -0.000285  -0.000477  0.000281  1.000000  1.000000  0.000105  0.000006  -0.000105  1.000000  -0.000004  -0.000006  0.000004  1.000000  0.999535  0.030440  0.001666  -0.030445  0.999533  0.002808  -0.001580  -0.002857  0.999995  0.000129  0.008450  
37.580856 0.008537  0.090629  0.000638  0.992867  0.118966  0.007818  -0.119120  0.992599  0.023615  -0.004951  -0.024378  0.999691  0.004467  -0.007204  -0.002749  0.001797  -0.029573  0.480721  2.000000  0.999520  0.030936  0.001694  -0.030940  0.999517  0.002782  -0.001607  -0.002833  0.999995  0.999971  0.007608  0.000453  -0.007608  0.999971  -0.000402  -0.000456  0.000399  1.000000  1.000000  0.000095  0.000006  -0.000095  1.000000  -0.000005  -0.000006  0.000005  1.000000  0.999520  0.030936  0.001694  -0.030940  0.999517  0.002782  -0.001607  -0.002833  0.999995  0.000122  0.007632  
37.582109 0.008544  0.090621  0.000635  0.992843  0.119172  0.007808  -0.119325  0.992577  0.023493  -0.004951  -0.024257  0.999694  0.004673  -0.007098  -0.002726  -0.006212  -0.024421  0.449241  2.000000  0.999506  0.031393  0.001721  -0.031398  0.999503  0.002756  -0.001634  -0.002809  0.999995  0.999975  0.006991  0.000438  -0.006991  0.999975  -0.000399  -0.000441  0.000396  1.000000  1.000000  0.000087  0.000005  -0.000087  1.000000  -0.000005  -0.000005  0.000005  1.000000  0.999506  0.031393  0.001721  -0.031398  0.999503  0.002756  -0.001634  -0.002809  0.999995  0.000115  0.007016  
37.583356 0.008552  0.090613  0.000631  0.992818  0.119376  0.007813  -0.119529  0.992553  0.023492  -0.004951  -0.024257  0.999694  0.004863  -0.006972  -0.002685  -0.010158  -0.023777  0.421628  2.000000  0.999495  0.031737  0.001742  -0.031742  0.999492  0.002730  -0.001655  -0.002783  0.999995  0.999977  0.006785  0.000432  -0.006785  0.999977  -0.000519  -0.000436  0.000516  1.000000  1.000000  0.000085  0.000005  -0.000085  1.000000  -0.000006  -0.000005  0.000006  1.000000  0.999495  0.031737  0.001742  -0.031742  0.999492  0.002730  -0.001655  -0.002783  0.999995  0.000107  0.006819  
37.584606 0.008559  0.090605  0.000628  0.992794  0.119580  0.007818  -0.119733  0.992528  0.023490  -0.004951  -0.024257  0.999694  0.005072  -0.006871  -0.002664  -0.009977  -0.023079  0.397580  2.000000  0.999482  0.032138  0.001768  -0.032143  0.999480  0.002696  -0.001680  -0.002752  0.999995  0.999980  0.006374  0.000422  -0.006373  0.999980  -0.000517  -0.000426  0.000515  1.000000  1.000000  0.000080  0.000005  -0.000080  1.000000  -0.000006  -0.000005  0.000006  1.000000  0.999482  0.032138  0.001768  -0.032143  0.999480  0.002696  -0.001680  -0.002752  0.999995  0.000101  0.006408  
37.585853 0.008567  0.090597  0.000624  0.992794  0.119581  0.007803  -0.119733  0.992531  0.023370  -0.004951  -0.024135  0.999696  0.005270  -0.006778  -0.002651  -0.017933  -0.022410  0.370135  2.000000  0.999470  0.032508  0.001788  -0.032513  0.999468  0.002659  -0.001700  -0.002716  0.999995  0.999983  0.005759  0.000273  -0.005759  0.999983  -0.000635  -0.000276  0.000634  1.000000  1.000000  0.000072  0.000003  -0.000072  1.000000  -0.000008  -0.000003  0.000008  1.000000  0.999470  0.032508  0.001788  -0.032513  0.999468  0.002659  -0.001700  -0.002716  0.999995  0.000094  0.005801  
37.587105 0.008574  0.090589  0.000619  0.992769  0.119786  0.007808  -0.119938  0.992506  0.023368  -0.004951  -0.024135  0.999696  0.005436  -0.006708  -0.002713  -0.017919  -0.021754  0.338649  2.000000  0.999459  0.032845  0.001803  -0.032850  0.999457  0.002619  -0.001716  -0.002677  0.999995  0.999986  0.005348  0.000263  -0.005348  0.999986  -0.000633  -0.000266  0.000632  1.000000  1.000000  0.000067  0.000003  -0.000067  1.000000  -0.000008  -0.000003  0.000008  1.000000  0.999459  0.032845  0.001803  -0.032850  0.999457  0.002619  -0.001716  -0.002677  0.999995  0.000088  0.005392  
37.588353 0.008581  0.090581  0.000615  0.992768  0.119783  0.007941  -0.119938  0.992507  0.023352  -0.005084  -0.024135  0.999696  0.005520  -0.006651  -0.002789  -0.021761  -0.021094  0.315297  2.000000  0.999457  0.032909  0.001806  -0.032914  0.999455  0.002611  -0.001719  -0.002669  0.999995  0.999990  0.004521  0.000377  -0.004521  0.999990  -0.000630  -0.000380  0.000628  1.000000  1.000000  0.000000  0.000000  0.000000  1.000000  0.000000  0.000000  0.000000  1.000000  0.999457  0.032909  0.001806  -0.032914  0.999455  0.002611  -0.001719  -0.002669  0.999995  0.000081  0.000000  
37.589601 0.008588  0.090572  0.000611  0.992768  0.119783  0.007941  -0.119938  0.992507  0.023352  -0.005084  -0.024135  0.999696  0.005566  -0.006670  -0.002890  -0.021676  -0.020605  0.294923  2.000000  0.999457  0.032909  0.001806  -0.032914  0.999455  0.002611  -0.001719  -0.002669  0.999995  0.999991  0.004110  0.000367  -0.004109  0.999991  -0.000628  -0.000369  0.000626  1.000000  1.000000  0.000000  0.000000  0.000000  1.000000  0.000000  0.000000  0.000000  1.000000  0.999457  0.032909  0.001806  -0.032914  0.999455  0.002611  -0.001719  -0.002669  0.999995  0.000074  0.000000  
37.590605 0.008594  0.090565  0.000608  0.992768  0.119783  0.007941  -0.119938  0.992507  0.023352  -0.005084  -0.024135  0.999696  0.005631  -0.006659  -0.002938  -0.021557  -0.020085  0.274091  2.000000  0.999457  0.032909  0.001806  -0.032914  0.999455  0.002611  -0.001719  -0.002669  0.999995  0.999993  0.003701  0.000223  -0.003701  0.999993  -0.000625  -0.000225  0.000625  1.000000  1.000000  0.000000  0.000000  0.000000  1.000000  0.000000  0.000000  0.000000  1.000000  0.999457  0.032909  0.001806  -0.032914  0.999455  0.002611  -0.001719  -0.002669  0.999995  0.000069  0.000000  
37.591856 0.008601  0.090557  0.000604  0.992768  0.119783  0.007926  -0.119938  0.992510  0.023232  -0.005084  -0.024014  0.999699  0.005700  -0.006640  -0.003013  -0.025466  -0.019398  0.246644  2.000000  0.999457  0.032909  0.001806  -0.032914  0.999455  0.002611  -0.001719  -0.002669  0.999995  0.999995  0.003290  0.000213  -0.003290  0.999994  -0.000745  -0.000215  0.000744  1.000000  1.000000  0.000000  0.000000  0.000000  1.000000  0.000000  0.000000  0.000000  1.000000  0.999457  0.032909  0.001806  -0.032914  0.999455  0.002611  -0.001719  -0.002669  0.999995  0.000063  0.000000  
37.592865 0.008606  0.090550  0.000601  0.992768  0.119783  0.007926  -0.119938  0.992510  0.023232  -0.005084  -0.024014  0.999699  0.005718  -0.006632  -0.003011  -0.025572  -0.019051  0.227906  2.000000  0.999457  0.032909  0.001806  -0.032914  0.999455  0.002611  -0.001719  -0.002669  0.999995  0.999996  0.002878  0.000203  -0.002878  0.999996  -0.000743  -0.000205  0.000742  1.000000  1.000000  0.000000  0.000000  0.000000  1.000000  0.000000  0.000000  0.000000  1.000000  0.999457  0.032909  0.001806  -0.032914  0.999455  0.002611  -0.001719  -0.002669  0.999995  0.000059  0.000000  
37.594103 0.008612  0.090542  0.000598  0.992768  0.119783  0.007926  -0.119938  0.992510  0.023232  -0.005084  -0.024014  0.999699  0.005680  -0.006615  -0.002993  -0.025494  -0.014055  0.207345  2.000000  0.999457  0.032909  0.001806  -0.032914  0.999455  0.002611  -0.001719  -0.002669  0.999995  0.999997  0.002466  0.000193  -0.002466  0.999997  -0.000740  -0.000195  0.000740  1.000000  1.000000  0.000000  0.000000  0.000000  1.000000  0.000000  0.000000  0.000000  1.000000  0.999457  0.032909  0.001806  -0.032914  0.999455  0.002611  -0.001719  -0.002669  0.999995  0.000052  0.000000  
37.595107 0.008617  0.090535  0.000596  0.992769  0.119787  0.007794  -0.119938  0.992509  0.023248  -0.004951  -0.024014  0.999699  0.005653  -0.006632  -0.002980  -0.025200  -0.009144  0.191997  2.000000  0.999457  0.032909  0.001806  -0.032914  0.999455  0.002611  -0.001719  -0.002669  0.999995  0.999998  0.002058  0.000049  -0.002058  0.999998  -0.000617  -0.000051  0.000617  1.000000  1.000000  0.000000  0.000000  0.000000  1.000000  0.000000  0.000000  0.000000  1.000000  0.999457  0.032909  0.001806  -0.032914  0.999455  0.002611  -0.001719  -0.002669  0.999995  0.000050  0.000000  
