1-Time 2-Px 3-Py 4-Pz 5-R11 6-R21 7-R31 8-R12 9-R22 10-R32 11-R13 12-R23 13-R33 14-Vx 15-Vy 16-Vz 17-Wx 18-Wy 19-Wz 20-state 21-PR11 22-PR21 23-PR31 24-PR12 25-PR22 26-PR32 27-PR13 28-PR23 29-PR33 
86.152223 0.009524  0.093384  -0.006030  0.997051  -0.034382  0.068615  -0.067429  0.034537  0.997126  -0.036653  -0.998812  0.032117  0.000231  0.000911  0.000443  0.000000  0.000000  0.000000  2.000000  1.000000  0.000000  0.000000  0.000000  -0.000000  1.000000  0.000000  -1.000000  -0.000000  0.999988  0.003462  0.003593  -0.003462  0.999994  -0.000027  -0.003593  0.000014  0.999994  1.000000  0.000000  0.000000  0.000000  1.000000  0.000000  0.000000  0.000000  1.000000  0.685949  0.516200  0.512846  -0.516771  -0.150592  0.842775  0.512271  -0.843125  0.163459  0.000000  0.000000  
86.153230 0.009525  0.093384  -0.006030  0.997042  -0.034241  0.068816  -0.067635  0.034535  0.997112  -0.036519  -0.998817  0.032117  0.000288  0.000925  0.000447  0.000000  0.000000  0.000000  2.000000  1.000000  0.000000  0.000000  0.000000  -0.000000  1.000000  0.000000  -1.000000  -0.000000  0.999988  0.003462  0.003593  -0.003462  0.999994  -0.000026  -0.003593  0.000014  0.999994  1.000000  0.000000  0.000000  0.000000  1.000000  0.000000  0.000000  0.000000  1.000000  1.000000  0.000000  0.000000  0.000000  -0.000000  1.000000  0.000000  -1.000000  -0.000000  0.000000  0.000000  
86.154233 0.009527  0.093383  -0.006030  0.997028  -0.034234  0.069021  -0.067840  0.034542  0.997098  -0.036519  -0.998817  0.032117  0.000368  0.000856  0.000422  -0.002621  -0.167944  0.153851  2.000000  1.000000  0.000000  0.000000  0.000000  -0.000000  1.000000  0.000000  -1.000000  -0.000000  0.999988  0.003195  0.003602  -0.003195  0.999995  -0.000025  -0.003602  0.000014  0.999994  1.000000  0.000000  0.000000  0.000000  1.000000  0.000000  0.000000  0.000000  1.000000  1.000000  0.000000  0.000000  0.000000  -0.000000  1.000000  0.000000  -1.000000  -0.000000  0.000057  0.000000  
86.155235 0.009530  0.093382  -0.006032  0.997028  -0.034234  0.069021  -0.067840  0.034542  0.997098  -0.036519  -0.998817  0.032117  0.000531  0.000747  0.000290  0.000000  0.000000  0.000000  2.000000  1.000000  0.000000  0.000000  0.000000  -0.000000  1.000000  0.000000  -1.000000  -0.000000  0.999989  0.003061  0.003606  -0.003061  0.999995  -0.000146  -0.003607  0.000135  0.999993  1.000000  0.000000  0.000000  0.000000  1.000000  0.000000  0.000000  0.000000  1.000000  1.000000  0.000000  0.000000  0.000000  -0.000000  1.000000  0.000000  -1.000000  -0.000000  0.000000  0.000000  
86.156484 0.009533  0.093381  -0.006034  0.997023  -0.034367  0.069025  -0.067840  0.034551  0.997098  -0.036653  -0.998812  0.032117  0.000720  0.000569  0.000137  0.000000  0.000000  0.000000  2.000000  1.000000  0.000000  0.000000  0.000000  -0.000000  1.000000  0.000000  -1.000000  -0.000000  0.999991  0.002647  0.003208  -0.002646  0.999996  -0.000129  -0.003208  0.000121  0.999995  1.000000  0.000000  0.000000  0.000000  1.000000  0.000000  0.000000  0.000000  1.000000  1.000000  0.000000  0.000000  0.000000  -0.000000  1.000000  0.000000  -1.000000  -0.000000  0.000000  0.000000  
86.157738 0.009536  0.093379  -0.006037  0.997009  -0.034360  0.069231  -0.068045  0.034558  0.997084  -0.036653  -0.998812  0.032117  0.000973  0.000331  -0.000102  0.000000  0.000000  0.000000  2.000000  1.000000  0.000000  0.000000  0.000000  -0.000000  1.000000  0.000000  -1.000000  -0.000000  0.999993  0.002373  0.003011  -0.002372  0.999997  -0.000120  -0.003011  0.000113  0.999995  1.000000  0.000000  0.000000  0.000000  1.000000  0.000000  0.000000  0.000000  1.000000  1.000000  0.000000  0.000000  0.000000  -0.000000  1.000000  0.000000  -1.000000  -0.000000  0.000000  0.000000  
86.158981 0.009541  0.093377  -0.006039  0.997009  -0.034352  0.069235  -0.068045  0.034679  0.997079  -0.036653  -0.998808  0.032238  0.001299  0.000117  -0.000321  0.000000  0.000000  0.000000  2.000000  1.000000  0.000000  0.000000  0.000000  -0.000000  1.000000  0.000000  -1.000000  -0.000000  0.999993  0.002239  0.003015  -0.002239  0.999997  -0.000241  -0.003016  0.000234  0.999995  1.000000  0.000000  0.000000  0.000000  1.000000  0.000000  0.000000  0.000000  1.000000  1.000000  0.000000  0.000000  0.000000  -0.000000  1.000000  0.000000  -1.000000  -0.000000  0.000000  0.000000  
86.160235 0.009547  0.093376  -0.006043  0.997023  -0.034359  0.069030  -0.067840  0.034672  0.997094  -0.036653  -0.998808  0.032238  0.001662  -0.000082  -0.000659  0.000000  0.000000  0.000000  2.000000  1.000000  0.000000  0.000000  0.000000  -0.000000  1.000000  0.000000  -1.000000  -0.000000  0.999994  0.002092  0.002608  -0.002092  0.999998  -0.000225  -0.002609  0.000219  0.999997  1.000000  0.000000  0.000000  0.000000  1.000000  0.000000  0.000000  0.000000  1.000000  1.000000  0.000000  0.000000  0.000000  -0.000000  1.000000  0.000000  -1.000000  -0.000000  0.000000  0.000000  
86.161483 0.009552  0.093373  -0.006048  0.997037  -0.034366  0.068824  -0.067634  0.034665  0.997108  -0.036653  -0.998808  0.032238  0.002039  -0.000368  -0.001069  0.000000  0.000000  0.000000  2.000000  1.000000  0.000000  0.000000  0.000000  -0.000000  1.000000  0.000000  -1.000000  -0.000000  0.999996  0.001805  0.002000  -0.001805  0.999998  -0.000200  -0.002000  0.000197  0.999998  1.000000  0.000000  0.000000  0.000000  1.000000  0.000000  0.000000  0.000000  1.000000  1.000000  0.000000  0.000000  0.000000  -0.000000  1.000000  0.000000  -1.000000  -0.000000  0.000000  0.000000  
86.162738 0.009557  0.093370  -0.006053  0.997032  -0.034500  0.068829  -0.067634  0.034674  0.997108  -0.036786  -0.998803  0.032238  0.002331  -0.000683  -0.001497  0.000000  0.000000  0.000000  2.000000  1.000000  0.000000  0.000000  0.000000  -0.000000  1.000000  0.000000  -1.000000  -0.000000  0.999997  0.001531  0.001803  -0.001530  0.999999  -0.000192  -0.001803  0.000189  0.999998  1.000000  0.000000  0.000000  0.000000  1.000000  0.000000  0.000000  0.000000  1.000000  1.000000  0.000000  0.000000  0.000000  -0.000000  1.000000  0.000000  -1.000000  -0.000000  0.000000  0.000000  
86.163976 0.009563  0.093368  -0.006058  0.997036  -0.034773  0.068632  -0.067428  0.034685  0.997121  -0.037054  -0.998793  0.032237  0.002718  -0.000912  -0.001861  0.000000  0.000000  0.000000  2.000000  1.000000  0.000000  0.000000  0.000000  -0.000000  1.000000  0.000000  -1.000000  -0.000000  0.999998  0.001123  0.001610  -0.001123  0.999999  -0.000184  -0.001611  0.000182  0.999999  1.000000  0.000000  0.000000  0.000000  1.000000  0.000000  0.000000  0.000000  1.000000  1.000000  0.000000  0.000000  0.000000  -0.000000  1.000000  0.000000  -1.000000  -0.000000  0.000000  0.000000  
86.164981 0.009568  0.093365  -0.006062  0.997031  -0.034907  0.068636  -0.067428  0.034694  0.997121  -0.037187  -0.998788  0.032237  0.003023  -0.001131  -0.002149  0.000000  0.000000  0.000000  2.000000  1.000000  0.000000  0.000000  0.000000  -0.000000  1.000000  0.000000  -1.000000  -0.000000  0.999999  0.000842  0.001208  -0.000842  1.000000  -0.000168  -0.001208  0.000167  0.999999  1.000000  0.000000  0.000000  0.000000  1.000000  0.000000  0.000000  0.000000  1.000000  1.000000  0.000000  0.000000  0.000000  -0.000000  1.000000  0.000000  -1.000000  -0.000000  0.000000  0.000000  
86.166231 0.009574  0.093362  -0.006068  0.997040  -0.035039  0.068439  -0.067222  0.034817  0.997130  -0.037321  -0.998779  0.032358  0.003359  -0.001421  -0.002591  0.000000  0.000000  0.000000  2.000000  1.000000  0.000000  0.000000  0.000000  -0.000000  1.000000  0.000000  -1.000000  -0.000000  1.000000  0.000294  0.000814  -0.000294  1.000000  -0.000152  -0.000814  0.000152  1.000000  1.000000  0.000000  0.000000  0.000000  1.000000  0.000000  0.000000  0.000000  1.000000  1.000000  0.000000  0.000000  0.000000  -0.000000  1.000000  0.000000  -1.000000  -0.000000  0.000000  0.000000  
86.167480 0.009579  0.093360  -0.006074  0.997044  -0.035313  0.068243  -0.067016  0.034827  0.997144  -0.037589  -0.998769  0.032358  0.003637  -0.001601  -0.002950  0.000000  0.000000  0.000000  2.000000  1.000000  0.000000  0.000000  0.000000  -0.000000  1.000000  0.000000  -1.000000  -0.000000  1.000000  -0.000127  0.000210  0.000127  1.000000  -0.000250  -0.000210  0.000250  1.000000  1.000000  0.000000  0.000000  0.000000  1.000000  0.000000  0.000000  0.000000  1.000000  1.000000  0.000000  0.000000  0.000000  -0.000000  1.000000  0.000000  -1.000000  -0.000000  0.000000  0.000000  
86.168732 0.009585  0.093357  -0.006079  0.997052  -0.035445  0.068046  -0.066811  0.034950  0.997153  -0.037722  -0.998760  0.032479  0.003921  -0.001768  -0.003257  0.000000  0.000000  0.000000  2.000000  1.000000  0.000000  0.000000  0.000000  -0.000000  1.000000  0.000000  -1.000000  -0.000000  1.000000  -0.000542  -0.000188  0.000542  1.000000  -0.000356  0.000188  0.000356  1.000000  1.000000  0.000000  0.000000  0.000000  1.000000  0.000000  0.000000  0.000000  1.000000  1.000000  0.000000  0.000000  0.000000  -0.000000  1.000000  0.000000  -1.000000  -0.000000  0.000000  0.000000  
86.169736 0.009589  0.093355  -0.006083  0.997042  -0.035712  0.068055  -0.066810  0.034968  0.997153  -0.037990  -0.998750  0.032478  0.004093  -0.001898  -0.003493  0.000000  0.000000  0.000000  2.000000  1.000000  0.000000  0.000000  0.000000  -0.000000  1.000000  0.000000  -1.000000  -0.000000  1.000000  -0.000809  -0.000180  0.000809  1.000000  -0.000356  0.000180  0.000356  1.000000  1.000000  0.000000  0.000000  0.000000  1.000000  0.000000  0.000000  0.000000  1.000000  1.000000  0.000000  0.000000  0.000000  -0.000000  1.000000  0.000000  -1.000000  -0.000000  0.000000  0.000000  
86.170976 0.009595  0.093352  -0.006090  0.997046  -0.035977  0.067863  -0.066604  0.035099  0.997162  -0.038257  -0.998736  0.032599  0.004270  -0.001954  -0.003739  0.000000  0.000000  0.000000  2.000000  1.000000  0.000000  0.000000  0.000000  -0.000000  1.000000  0.000000  -1.000000  -0.000000  0.999999  -0.001224  -0.000578  0.001223  0.999999  -0.000462  0.000578  0.000462  1.000000  1.000000  0.000000  0.000000  0.000000  1.000000  0.000000  0.000000  0.000000  1.000000  1.000000  0.000000  0.000000  0.000000  -0.000000  1.000000  0.000000  -1.000000  -0.000000  0.000000  0.000000  
86.172023 0.009599  0.093350  -0.006096  0.997049  -0.036243  0.067670  -0.066398  0.035230  0.997171  -0.038524  -0.998722  0.032720  0.004338  -0.002038  -0.004059  0.000000  0.000000  0.000000  2.000000  1.000000  0.000000  0.000000  0.000000  -0.000000  1.000000  0.000000  -1.000000  -0.000000  0.999998  -0.001632  -0.000770  0.001631  0.999999  -0.000576  0.000771  0.000575  1.000000  1.000000  0.000000  0.000000  0.000000  1.000000  0.000000  0.000000  0.000000  1.000000  1.000000  0.000000  0.000000  0.000000  -0.000000  1.000000  0.000000  -1.000000  -0.000000  0.000000  0.000000  
86.173232 0.009605  0.093347  -0.006104  0.997039  -0.036501  0.067684  -0.066397  0.035369  0.997166  -0.038792  -0.998707  0.032841  0.004413  -0.002110  -0.004436  0.000000  0.000000  0.000000  2.000000  1.000000  0.000000  0.000000  0.000000  -0.000000  1.000000  0.000000  -1.000000  -0.000000  0.999997  -0.002040  -0.000962  0.002039  0.999998  -0.000690  0.000964  0.000688  0.999999  1.000000  0.000000  0.000000  0.000000  1.000000  0.000000  0.000000  0.000000  1.000000  1.000000  0.000000  0.000000  0.000000  -0.000000  1.000000  0.000000  -1.000000  -0.000000  0.000000  0.000000  
86.174234 0.009610  0.093346  -0.006110  0.997034  -0.036627  0.067692  -0.066397  0.035499  0.997162  -0.038926  -0.998698  0.032962  0.004474  -0.002089  -0.004720  0.000000  0.000000  0.000000  2.000000  1.000000  0.000000  0.000000  0.000000  -0.000000  1.000000  0.000000  -1.000000  -0.000000  0.999996  -0.002455  -0.001360  0.002453  0.999997  -0.000796  0.001362  0.000793  0.999999  1.000000  0.000000  0.000000  0.000000  1.000000  0.000000  0.000000  0.000000  1.000000  1.000000  0.000000  0.000000  0.000000  -0.000000  1.000000  0.000000  -1.000000  -0.000000  0.000000  0.000000  
86.175482 0.009615  0.093344  -0.006120  0.997037  -0.036892  0.067500  -0.066191  0.035630  0.997171  -0.039193  -0.998684  0.033083  0.004486  -0.002050  -0.005082  0.000000  0.000000  0.000000  2.000000  1.000000  0.000000  0.000000  0.000000  -0.000000  1.000000  0.000000  -1.000000  -0.000000  0.999995  -0.002729  -0.001556  0.002728  0.999996  -0.000910  0.001559  0.000906  0.999998  1.000000  0.000000  0.000000  0.000000  1.000000  0.000000  0.000000  0.000000  1.000000  1.000000  0.000000  0.000000  0.000000  -0.000000  1.000000  0.000000  -1.000000  -0.000000  0.000000  0.000000  
86.176484 0.009620  0.093343  -0.006129  0.997040  -0.037166  0.067304  -0.065985  0.035640  0.997184  -0.039460  -0.998673  0.033082  0.004521  -0.001951  -0.005410  0.000000  0.000000  0.000000  2.000000  1.000000  0.000000  0.000000  0.000000  -0.000000  1.000000  0.000000  -1.000000  -0.000000  0.999995  -0.002729  -0.001556  0.002728  0.999996  -0.000910  0.001559  0.000906  0.999998  1.000000  0.000000  0.000000  0.000000  1.000000  0.000000  0.000000  0.000000  1.000000  1.000000  0.000000  0.000000  0.000000  -0.000000  1.000000  0.000000  -1.000000  -0.000000  0.000000  0.000000  
86.177736 0.009626  0.093341  -0.006139  0.997029  -0.037425  0.067317  -0.065984  0.035779  0.997179  -0.039728  -0.998659  0.033203  0.004572  -0.001912  -0.005729  0.000000  0.000000  0.000000  2.000000  1.000000  0.000000  0.000000  0.000000  -0.000000  1.000000  0.000000  -1.000000  -0.000000  0.999994  -0.003003  -0.001753  0.003002  0.999995  -0.001024  0.001756  0.001018  0.999998  1.000000  0.000000  0.000000  0.000000  1.000000  0.000000  0.000000  0.000000  1.000000  1.000000  0.000000  0.000000  0.000000  -0.000000  1.000000  0.000000  -1.000000  -0.000000  0.000000  0.000000  
86.178737 0.009630  0.093340  -0.006147  0.997024  -0.037550  0.067326  -0.065984  0.035909  0.997174  -0.039861  -0.998649  0.033324  0.004577  -0.001885  -0.006027  0.000000  0.000000  0.000000  2.000000  1.000000  0.000000  0.000000  0.000000  -0.000000  1.000000  0.000000  -1.000000  -0.000000  0.999993  -0.003278  -0.001949  0.003276  0.999994  -0.001016  0.001952  0.001010  0.999998  1.000000  0.000000  0.000000  0.000000  1.000000  0.000000  0.000000  0.000000  1.000000  1.000000  0.000000  0.000000  0.000000  -0.000000  1.000000  0.000000  -1.000000  -0.000000  0.000000  0.000000  
86.179978 0.009636  0.093339  -0.006157  0.997027  -0.037816  0.067134  -0.065778  0.036039  0.997183  -0.040129  -0.998635  0.033445  0.004578  -0.001765  -0.006302  0.000000  0.000000  0.000000  2.000000  1.000000  0.000000  0.000000  0.000000  -0.000000  1.000000  0.000000  -1.000000  -0.000000  0.999992  -0.003546  -0.001940  0.003543  0.999993  -0.001137  0.001944  0.001130  0.999997  1.000000  0.000000  0.000000  0.000000  1.000000  0.000000  0.000000  0.000000  1.000000  1.000000  0.000000  0.000000  0.000000  -0.000000  1.000000  0.000000  -1.000000  -0.000000  0.000000  0.000000  
86.181230 0.009642  0.093336  -0.006167  0.997016  -0.038083  0.067143  -0.065777  0.036057  0.997183  -0.040396  -0.998624  0.033444  0.004550  -0.001720  -0.006610  0.000000  0.000000  0.000000  2.000000  1.000000  0.000000  0.000000  0.000000  -0.000000  1.000000  0.000000  -1.000000  -0.000000  0.999991  -0.003806  -0.001725  0.003804  0.999992  -0.001145  0.001730  0.001138  0.999998  1.000000  0.000000  0.000000  0.000000  1.000000  0.000000  0.000000  0.000000  1.000000  1.000000  0.000000  0.000000  0.000000  -0.000000  1.000000  0.000000  -1.000000  -0.000000  0.000000  0.000000  
86.182480 0.009647  0.093334  -0.006178  0.997005  -0.038341  0.067157  -0.065777  0.036195  0.997178  -0.040664  -0.998609  0.033565  0.004545  -0.001704  -0.006942  0.000000  0.000000  0.000000  2.000000  1.000000  0.000000  0.000000  0.000000  -0.000000  1.000000  0.000000  -1.000000  -0.000000  0.999991  -0.003940  -0.001720  0.003938  0.999991  -0.001266  0.001725  0.001259  0.999998  1.000000  0.000000  0.000000  0.000000  1.000000  0.000000  0.000000  0.000000  1.000000  1.000000  0.000000  0.000000  0.000000  -0.000000  1.000000  0.000000  -1.000000  -0.000000  0.000000  0.000000  
86.183732 0.009652  0.093331  -0.006188  0.996995  -0.038600  0.067171  -0.065776  0.036334  0.997173  -0.040931  -0.998594  0.033686  0.004509  -0.001716  -0.007297  0.000000  0.000000  0.000000  2.000000  1.000000  0.000000  0.000000  0.000000  -0.000000  1.000000  0.000000  -1.000000  -0.000000  0.999991  -0.003940  -0.001720  0.003938  0.999991  -0.001387  0.001725  0.001380  0.999998  1.000000  0.000000  0.000000  0.000000  1.000000  0.000000  0.000000  0.000000  1.000000  1.000000  0.000000  0.000000  0.000000  -0.000000  1.000000  0.000000  -1.000000  -0.000000  0.000000  0.000000  
86.184980 0.009659  0.093329  -0.006198  0.996989  -0.038725  0.067180  -0.065776  0.036464  0.997168  -0.041065  -0.998584  0.033807  0.004527  -0.001713  -0.007618  0.000000  0.000000  0.000000  2.000000  1.000000  0.000000  0.000000  0.000000  -0.000000  1.000000  0.000000  -1.000000  -0.000000  0.999991  -0.004067  -0.001509  0.004065  0.999991  -0.001516  0.001515  0.001509  0.999998  1.000000  0.000000  0.000000  0.000000  1.000000  0.000000  0.000000  0.000000  1.000000  1.000000  0.000000  0.000000  0.000000  -0.000000  1.000000  0.000000  -1.000000  -0.000000  0.000000  0.000000  
86.186230 0.009665  0.093327  -0.006207  0.996984  -0.038850  0.067189  -0.065775  0.036594  0.997163  -0.041198  -0.998575  0.033928  0.004587  -0.001625  -0.007777  0.000000  0.000000  0.000000  2.000000  1.000000  0.000000  0.000000  0.000000  -0.000000  1.000000  0.000000  -1.000000  -0.000000  0.999991  -0.004067  -0.001509  0.004065  0.999990  -0.001637  0.001515  0.001631  0.999998  1.000000  0.000000  0.000000  0.000000  1.000000  0.000000  0.000000  0.000000  1.000000  1.000000  0.000000  0.000000  0.000000  -0.000000  1.000000  0.000000  -1.000000  -0.000000  0.000000  0.000000  
86.187233 0.009671  0.093325  -0.006215  0.996978  -0.038975  0.067198  -0.065775  0.036723  0.997158  -0.041332  -0.998565  0.034049  0.004714  -0.001587  -0.007911  0.000000  0.000000  0.000000  2.000000  1.000000  0.000000  0.000000  0.000000  -0.000000  1.000000  0.000000  -1.000000  -0.000000  0.999991  -0.003927  -0.001307  0.003925  0.999991  -0.001644  0.001313  0.001639  0.999998  1.000000  0.000000  0.000000  0.000000  1.000000  0.000000  0.000000  0.000000  1.000000  1.000000  0.000000  0.000000  0.000000  -0.000000  1.000000  0.000000  -1.000000  -0.000000  0.000000  0.000000  
86.188235 0.009677  0.093324  -0.006224  0.996973  -0.039100  0.067208  -0.065774  0.036853  0.997154  -0.041466  -0.998555  0.034170  0.004773  -0.001543  -0.008004  0.000000  0.000000  0.000000  2.000000  1.000000  0.000000  0.000000  0.000000  -0.000000  1.000000  0.000000  -1.000000  -0.000000  0.999992  -0.003920  -0.001101  0.003918  0.999991  -0.001773  0.001108  0.001768  0.999998  1.000000  0.000000  0.000000  0.000000  1.000000  0.000000  0.000000  0.000000  1.000000  1.000000  0.000000  0.000000  0.000000  -0.000000  1.000000  0.000000  -1.000000  -0.000000  0.000000  0.000000  
86.189480 0.009684  0.093323  -0.006235  0.996961  -0.039359  0.067222  -0.065774  0.036992  0.997149  -0.041733  -0.998540  0.034290  0.004916  -0.001494  -0.008119  0.000000  0.000000  0.000000  2.000000  1.000000  0.000000  0.000000  0.000000  -0.000000  1.000000  0.000000  -1.000000  -0.000000  0.999992  -0.003913  -0.000895  0.003912  0.999991  -0.001780  0.000902  0.001777  0.999998  1.000000  0.000000  0.000000  0.000000  1.000000  0.000000  0.000000  0.000000  1.000000  1.000000  0.000000  0.000000  0.000000  -0.000000  1.000000  0.000000  -1.000000  -0.000000  0.000000  0.000000  
86.190482 0.009690  0.093322  -0.006243  0.996942  -0.039476  0.067436  -0.065979  0.037129  0.997130  -0.041867  -0.998530  0.034411  0.004985  -0.001516  -0.008221  -0.070354  0.055879  -0.175903  2.000000  1.000000  0.000000  0.000000  0.000000  -0.000000  1.000000  0.000000  -1.000000  -0.000000  0.999992  -0.003906  -0.000689  0.003905  0.999991  -0.001788  0.000696  0.001785  0.999998  1.000000  0.000000  0.000000  0.000000  1.000000  0.000000  0.000000  0.000000  1.000000  1.000000  0.000000  0.000000  0.000000  -0.000000  1.000000  0.000000  -1.000000  -0.000000  0.000050  0.000000  
86.191737 0.009698  0.093321  -0.006254  0.996937  -0.039601  0.067446  -0.065978  0.037259  0.997125  -0.042000  -0.998521  0.034532  0.005120  -0.001451  -0.008188  -0.075267  0.049414  -0.177107  2.000000  1.000000  0.000000  0.000000  0.000000  -0.000000  1.000000  0.000000  -1.000000  -0.000000  0.999993  -0.003765  -0.000487  0.003765  0.999991  -0.001796  0.000494  0.001794  0.999998  1.000000  0.000000  0.000000  0.000000  1.000000  0.000000  0.000000  0.000000  1.000000  1.000000  0.000000  0.000000  0.000000  -0.000000  1.000000  0.000000  -1.000000  -0.000000  0.000050  0.000000  
86.192980 0.009705  0.093320  -0.006265  0.996931  -0.039735  0.067450  -0.065978  0.037268  0.997125  -0.042134  -0.998515  0.034532  0.005253  -0.001378  -0.008233  -0.074659  0.048868  -0.180142  2.000000  1.000000  0.000000  0.000000  0.000000  -0.000000  1.000000  0.000000  -1.000000  -0.000000  0.999994  -0.003491  -0.000291  0.003490  0.999992  -0.001682  0.000297  0.001681  0.999999  1.000000  0.000000  0.000000  0.000000  1.000000  0.000000  0.000000  0.000000  1.000000  1.000000  0.000000  0.000000  0.000000  -0.000000  1.000000  0.000000  -1.000000  -0.000000  0.000050  0.000000  
86.194234 0.009714  0.093319  -0.006276  0.996925  -0.039860  0.067460  -0.065978  0.037398  0.997120  -0.042268  -0.998505  0.034653  0.005411  -0.001369  -0.008317  -0.079620  0.042502  -0.176915  2.000000  1.000000  0.000000  0.000000  0.000000  -0.000000  1.000000  0.000000  -1.000000  -0.000000  0.999994  -0.003357  -0.000295  0.003357  0.999993  -0.001682  0.000301  0.001681  0.999999  1.000000  0.000000  0.000000  0.000000  1.000000  0.000000  0.000000  0.000000  1.000000  1.000000  0.000000  0.000000  0.000000  -0.000000  1.000000  0.000000  -1.000000  -0.000000  0.000050  0.000000  
86.195483 0.009721  0.093317  -0.006288  0.996925  -0.039852  0.067464  -0.065978  0.037519  0.997115  -0.042268  -0.998501  0.034774  0.005528  -0.001401  -0.008424  0.000000  0.000000  0.000000  2.000000  1.000000  0.000000  0.000000  0.000000  -0.000000  1.000000  0.000000  -1.000000  -0.000000  0.999995  -0.003083  -0.000098  0.003082  0.999994  -0.001690  0.000104  0.001690  0.999999  1.000000  0.000000  0.000000  0.000000  1.000000  0.000000  0.000000  0.000000  1.000000  1.000000  0.000000  0.000000  0.000000  -0.000000  1.000000  0.000000  -1.000000  -0.000000  0.000000  0.000000  
86.196485 0.009727  0.093315  -0.006297  0.996906  -0.039977  0.067674  -0.066182  0.037536  0.997101  -0.042401  -0.998495  0.034774  0.005608  -0.001421  -0.008532  0.000000  0.000000  0.000000  2.000000  1.000000  0.000000  0.000000  0.000000  -0.000000  1.000000  0.000000  -1.000000  -0.000000  0.999995  -0.003075  0.000107  0.003076  0.999994  -0.001698  -0.000102  0.001698  0.999999  1.000000  0.000000  0.000000  0.000000  1.000000  0.000000  0.000000  0.000000  1.000000  1.000000  0.000000  0.000000  0.000000  -0.000000  1.000000  0.000000  -1.000000  -0.000000  0.000000  0.000000  
86.197731 0.009733  0.093312  -0.006310  0.996901  -0.040102  0.067684  -0.066182  0.037666  0.997096  -0.042535  -0.998485  0.034895  0.005682  -0.001455  -0.008667  0.000000  0.000000  0.000000  2.000000  1.000000  0.000000  0.000000  0.000000  -0.000000  1.000000  0.000000  -1.000000  -0.000000  0.999996  -0.002935  0.000308  0.002935  0.999994  -0.001706  -0.000303  0.001707  0.999998  1.000000  0.000000  0.000000  0.000000  1.000000  0.000000  0.000000  0.000000  1.000000  1.000000  0.000000  0.000000  0.000000  -0.000000  1.000000  0.000000  -1.000000  -0.000000  0.000000  0.000000  
86.198732 0.009739  0.093310  -0.006320  0.996895  -0.040236  0.067689  -0.066182  0.037674  0.997096  -0.042669  -0.998480  0.034895  0.005764  -0.001442  -0.008787  0.000000  0.000000  0.000000  2.000000  1.000000  0.000000  0.000000  0.000000  -0.000000  1.000000  0.000000  -1.000000  -0.000000  0.999996  -0.002801  0.000304  0.002801  0.999995  -0.001585  -0.000299  0.001586  0.999999  1.000000  0.000000  0.000000  0.000000  1.000000  0.000000  0.000000  0.000000  1.000000  1.000000  0.000000  0.000000  0.000000  -0.000000  1.000000  0.000000  -1.000000  -0.000000  0.000000  0.000000  
86.199979 0.009746  0.093307  -0.006333  0.996876  -0.040353  0.067903  -0.066386  0.037813  0.997077  -0.042802  -0.998470  0.035016  0.005812  -0.001494  -0.009022  0.000000  0.000000  0.000000  2.000000  1.000000  0.000000  0.000000  0.000000  -0.000000  1.000000  0.000000  -1.000000  -0.000000  0.999996  -0.002653  0.000711  0.002654  0.999995  -0.001602  -0.000706  0.001603  0.999998  1.000000  0.000000  0.000000  0.000000  1.000000  0.000000  0.000000  0.000000  1.000000  1.000000  0.000000  0.000000  0.000000  -0.000000  1.000000  0.000000  -1.000000  -0.000000  0.000000  0.000000  
86.200980 0.009752  0.093304  -0.006343  0.996876  -0.040353  0.067903  -0.066386  0.037813  0.997077  -0.042802  -0.998470  0.035016  0.005892  -0.001552  -0.009233  0.000000  0.000000  0.000000  2.000000  1.000000  0.000000  0.000000  0.000000  -0.000000  1.000000  0.000000  -1.000000  -0.000000  0.999997  -0.002519  0.000706  0.002520  0.999996  -0.001602  -0.000702  0.001603  0.999998  1.000000  0.000000  0.000000  0.000000  1.000000  0.000000  0.000000  0.000000  1.000000  1.000000  0.000000  0.000000  0.000000  -0.000000  1.000000  0.000000  -1.000000  -0.000000  0.000000  0.000000  
86.202230 0.009759  0.093302  -0.006355  0.996862  -0.040337  0.068114  -0.066592  0.037942  0.997059  -0.042802  -0.998466  0.035137  0.005897  -0.001580  -0.009320  0.000000  0.000000  0.000000  2.000000  1.000000  0.000000  0.000000  0.000000  -0.000000  1.000000  0.000000  -1.000000  -0.000000  0.999997  -0.002244  0.000902  0.002246  0.999996  -0.001610  -0.000899  0.001612  0.999998  1.000000  0.000000  0.000000  0.000000  1.000000  0.000000  0.000000  0.000000  1.000000  1.000000  0.000000  0.000000  0.000000  -0.000000  1.000000  0.000000  -1.000000  -0.000000  0.000000  0.000000  
86.203506 0.009767  0.093299  -0.006367  0.996862  -0.040337  0.068114  -0.066592  0.037942  0.997059  -0.042802  -0.998466  0.035137  0.005885  -0.001650  -0.009402  0.000000  0.000000  0.000000  2.000000  1.000000  0.000000  0.000000  0.000000  -0.000000  1.000000  0.000000  -1.000000  -0.000000  0.999998  -0.001977  0.000893  0.001978  0.999997  -0.001489  -0.000890  0.001491  0.999998  1.000000  0.000000  0.000000  0.000000  1.000000  0.000000  0.000000  0.000000  1.000000  1.000000  0.000000  0.000000  0.000000  -0.000000  1.000000  0.000000  -1.000000  -0.000000  0.000000  0.000000  
86.204732 0.009774  0.093297  -0.006379  0.996862  -0.040329  0.068118  -0.066592  0.038063  0.997054  -0.042802  -0.998461  0.035258  0.005936  -0.001712  -0.009535  0.000000  0.000000  0.000000  2.000000  1.000000  0.000000  0.000000  0.000000  -0.000000  1.000000  0.000000  -1.000000  -0.000000  0.999998  -0.001709  0.000884  0.001711  0.999997  -0.001489  -0.000881  0.001491  0.999999  1.000000  0.000000  0.000000  0.000000  1.000000  0.000000  0.000000  0.000000  1.000000  1.000000  0.000000  0.000000  0.000000  -0.000000  1.000000  0.000000  -1.000000  -0.000000  0.000000  0.000000  
86.205736 0.009780  0.093295  -0.006389  0.996848  -0.040321  0.068324  -0.066797  0.038071  0.997040  -0.042802  -0.998461  0.035258  0.005878  -0.001793  -0.009589  0.000000  0.000000  0.000000  2.000000  1.000000  0.000000  0.000000  0.000000  -0.000000  1.000000  0.000000  -1.000000  -0.000000  0.999998  -0.001568  0.001085  0.001570  0.999998  -0.001377  -0.001082  0.001378  0.999998  1.000000  0.000000  0.000000  0.000000  1.000000  0.000000  0.000000  0.000000  1.000000  1.000000  0.000000  0.000000  0.000000  -0.000000  1.000000  0.000000  -1.000000  -0.000000  0.000000  0.000000  
86.206983 0.009786  0.093292  -0.006402  0.996834  -0.040313  0.068529  -0.067002  0.038079  0.997026  -0.042802  -0.998461  0.035258  0.005796  -0.001919  -0.009785  0.000000  0.000000  0.000000  2.000000  1.000000  0.000000  0.000000  0.000000  -0.000000  1.000000  0.000000  -1.000000  -0.000000  0.999998  -0.001435  0.001080  0.001436  0.999998  -0.001255  -0.001078  0.001257  0.999999  1.000000  0.000000  0.000000  0.000000  1.000000  0.000000  0.000000  0.000000  1.000000  1.000000  0.000000  0.000000  0.000000  -0.000000  1.000000  0.000000  -1.000000  -0.000000  0.000000  0.000000  
86.207985 0.009791  0.093289  -0.006412  0.996834  -0.040313  0.068529  -0.067002  0.038079  0.997026  -0.042802  -0.998461  0.035258  0.005723  -0.002076  -0.009881  0.000000  0.000000  0.000000  2.000000  1.000000  0.000000  0.000000  0.000000  -0.000000  1.000000  0.000000  -1.000000  -0.000000  0.999998  -0.001294  0.001281  0.001295  0.999999  -0.001143  -0.001279  0.001145  0.999999  1.000000  0.000000  0.000000  0.000000  1.000000  0.000000  0.000000  0.000000  1.000000  1.000000  0.000000  0.000000  0.000000  -0.000000  1.000000  0.000000  -1.000000  -0.000000  0.000000  0.000000  
86.209232 0.009797  0.093285  -0.006426  0.996821  -0.040297  0.068739  -0.067207  0.038209  0.997007  -0.042802  -0.998457  0.035379  0.005550  -0.002228  -0.009993  0.000000  0.000000  0.000000  2.000000  1.000000  0.000000  0.000000  0.000000  -0.000000  1.000000  0.000000  -1.000000  -0.000000  0.999998  -0.001019  0.001477  0.001020  0.999999  -0.001152  -0.001476  0.001153  0.999998  1.000000  0.000000  0.000000  0.000000  1.000000  0.000000  0.000000  0.000000  1.000000  1.000000  0.000000  0.000000  0.000000  -0.000000  1.000000  0.000000  -1.000000  -0.000000  0.000000  0.000000  
86.210487 0.009801  0.093280  -0.006440  0.996821  -0.040297  0.068739  -0.067207  0.038209  0.997007  -0.042802  -0.998457  0.035379  0.005362  -0.002426  -0.010183  0.000000  0.000000  0.000000  2.000000  1.000000  0.000000  0.000000  0.000000  -0.000000  1.000000  0.000000  -1.000000  -0.000000  0.999999  -0.000892  0.001267  0.000894  0.999999  -0.001022  -0.001266  0.001023  0.999999  1.000000  0.000000  0.000000  0.000000  1.000000  0.000000  0.000000  0.000000  1.000000  1.000000  0.000000  0.000000  0.000000  -0.000000  1.000000  0.000000  -1.000000  -0.000000  0.000000  0.000000  
86.211733 0.009806  0.093276  -0.006454  0.996812  -0.040156  0.068940  -0.067413  0.038208  0.996993  -0.042669  -0.998463  0.035379  0.005232  -0.002524  -0.010318  0.000000  0.000000  0.000000  2.000000  1.000000  0.000000  0.000000  0.000000  -0.000000  1.000000  0.000000  -1.000000  -0.000000  0.999999  -0.000618  0.001463  0.000619  0.999999  -0.000910  -0.001462  0.000911  0.999999  1.000000  0.000000  0.000000  0.000000  1.000000  0.000000  0.000000  0.000000  1.000000  1.000000  0.000000  0.000000  0.000000  -0.000000  1.000000  0.000000  -1.000000  -0.000000  0.000000  0.000000  
86.212980 0.009810  0.093272  -0.006469  0.996798  -0.040148  0.069145  -0.067618  0.038216  0.996979  -0.042669  -0.998463  0.035379  0.005022  -0.002638  -0.010437  0.000000  0.000000  0.000000  2.000000  1.000000  0.000000  0.000000  0.000000  -0.000000  1.000000  0.000000  -1.000000  -0.000000  0.999999  -0.000477  0.001663  0.000478  0.999999  -0.000919  -0.001663  0.000919  0.999998  1.000000  0.000000  0.000000  0.000000  1.000000  0.000000  0.000000  0.000000  1.000000  1.000000  0.000000  0.000000  0.000000  -0.000000  1.000000  0.000000  -1.000000  -0.000000  0.000000  0.000000  
86.214230 0.009814  0.093268  -0.006483  0.996804  -0.040014  0.069140  -0.067619  0.038207  0.996979  -0.042535  -0.998468  0.035379  0.004813  -0.002698  -0.010510  0.000000  0.000000  0.000000  2.000000  1.000000  0.000000  0.000000  0.000000  -0.000000  1.000000  0.000000  -1.000000  -0.000000  0.999999  -0.000209  0.001654  0.000210  1.000000  -0.000797  -0.001654  0.000798  0.999998  1.000000  0.000000  0.000000  0.000000  1.000000  0.000000  0.000000  0.000000  1.000000  1.000000  0.000000  0.000000  0.000000  -0.000000  1.000000  0.000000  -1.000000  -0.000000  0.000000  0.000000  
86.215480 0.009818  0.093264  -0.006497  0.996790  -0.040006  0.069345  -0.067824  0.038215  0.996965  -0.042535  -0.998468  0.035379  0.004530  -0.002789  -0.010635  0.000000  0.000000  0.000000  2.000000  1.000000  0.000000  0.000000  0.000000  -0.000000  1.000000  0.000000  -1.000000  -0.000000  0.999998  -0.000202  0.001859  0.000203  1.000000  -0.000685  -0.001859  0.000685  0.999998  1.000000  0.000000  0.000000  0.000000  1.000000  0.000000  0.000000  0.000000  1.000000  1.000000  0.000000  0.000000  0.000000  -0.000000  1.000000  0.000000  -1.000000  -0.000000  0.000000  0.000000  
86.216730 0.009822  0.093260  -0.006512  0.996776  -0.039999  0.069551  -0.068029  0.038224  0.996951  -0.042535  -0.998468  0.035379  0.004339  -0.002828  -0.010775  0.000000  0.000000  0.000000  2.000000  1.000000  0.000000  0.000000  0.000000  -0.000000  1.000000  0.000000  -1.000000  -0.000000  0.999998  -0.000068  0.001855  0.000069  1.000000  -0.000685  -0.001855  0.000685  0.999998  1.000000  0.000000  0.000000  0.000000  1.000000  0.000000  0.000000  0.000000  1.000000  1.000000  0.000000  0.000000  0.000000  -0.000000  1.000000  0.000000  -1.000000  -0.000000  0.000000  0.000000  
86.217732 0.009825  0.093257  -0.006524  0.996782  -0.039865  0.069546  -0.068029  0.038214  0.996951  -0.042401  -0.998474  0.035379  0.004111  -0.002900  -0.010962  0.000000  0.000000  0.000000  2.000000  1.000000  0.000000  0.000000  0.000000  -0.000000  1.000000  0.000000  -1.000000  -0.000000  0.999998  0.000199  0.001845  -0.000198  1.000000  -0.000564  -0.001845  0.000564  0.999998  1.000000  0.000000  0.000000  0.000000  1.000000  0.000000  0.000000  0.000000  1.000000  1.000000  0.000000  0.000000  0.000000  -0.000000  1.000000  0.000000  -1.000000  -0.000000  0.000000  0.000000  
86.218980 0.009828  0.093254  -0.006540  0.996768  -0.039857  0.069751  -0.068235  0.038223  0.996937  -0.042401  -0.998474  0.035379  0.003901  -0.002975  -0.011177  0.000000  0.000000  0.000000  2.000000  1.000000  0.000000  0.000000  0.000000  -0.000000  1.000000  0.000000  -1.000000  -0.000000  0.999998  0.000340  0.002046  -0.000339  1.000000  -0.000573  -0.002046  0.000572  0.999998  1.000000  0.000000  0.000000  0.000000  1.000000  0.000000  0.000000  0.000000  1.000000  1.000000  0.000000  0.000000  0.000000  -0.000000  1.000000  0.000000  -1.000000  -0.000000  0.000000  0.000000  
86.219980 0.009832  0.093251  -0.006552  0.996759  -0.039716  0.069952  -0.068440  0.038222  0.996923  -0.042268  -0.998480  0.035380  0.003709  -0.003018  -0.011334  0.000000  0.000000  0.000000  2.000000  1.000000  0.000000  0.000000  0.000000  -0.000000  1.000000  0.000000  -1.000000  -0.000000  0.999998  0.000608  0.002037  -0.000607  1.000000  -0.000452  -0.002037  0.000451  0.999998  1.000000  0.000000  0.000000  0.000000  1.000000  0.000000  0.000000  0.000000  1.000000  1.000000  0.000000  0.000000  0.000000  -0.000000  1.000000  0.000000  -1.000000  -0.000000  0.000000  0.000000  
86.220980 0.009835  0.093249  -0.006563  0.996759  -0.039716  0.069952  -0.068440  0.038222  0.996923  -0.042268  -0.998480  0.035380  0.003601  -0.003021  -0.011406  0.000000  0.000000  0.000000  2.000000  1.000000  0.000000  0.000000  0.000000  -0.000000  1.000000  0.000000  -1.000000  -0.000000  0.999998  0.000608  0.002037  -0.000607  1.000000  -0.000452  -0.002037  0.000451  0.999998  1.000000  0.000000  0.000000  0.000000  1.000000  0.000000  0.000000  0.000000  1.000000  1.000000  0.000000  0.000000  0.000000  -0.000000  1.000000  0.000000  -1.000000  -0.000000  0.000000  0.000000  
86.221984 0.009838  0.093246  -0.006575  0.996751  -0.039575  0.070152  -0.068646  0.038221  0.996909  -0.042134  -0.998485  0.035380  0.003455  -0.003010  -0.011540  0.000000  0.000000  0.000000  2.000000  1.000000  0.000000  0.000000  0.000000  -0.000000  1.000000  0.000000  -1.000000  -0.000000  0.999998  0.000741  0.002032  -0.000741  1.000000  -0.000331  -0.002032  0.000329  0.999998  1.000000  0.000000  0.000000  0.000000  1.000000  0.000000  0.000000  0.000000  1.000000  1.000000  0.000000  0.000000  0.000000  -0.000000  1.000000  0.000000  -1.000000  -0.000000  0.000000  0.000000  
86.222984 0.009842  0.093243  -0.006586  0.996737  -0.039567  0.070357  -0.068851  0.038229  0.996894  -0.042134  -0.998485  0.035380  0.003361  -0.003039  -0.011600  0.000000  0.000000  0.000000  2.000000  1.000000  0.000000  0.000000  0.000000  -0.000000  1.000000  0.000000  -1.000000  -0.000000  0.999998  0.000741  0.002032  -0.000741  1.000000  -0.000331  -0.002032  0.000329  0.999998  1.000000  0.000000  0.000000  0.000000  1.000000  0.000000  0.000000  0.000000  1.000000  1.000000  0.000000  0.000000  0.000000  -0.000000  1.000000  0.000000  -1.000000  -0.000000  0.000000  0.000000  
86.224233 0.009846  0.093239  -0.006600  0.996742  -0.039434  0.070353  -0.068851  0.038220  0.996895  -0.042000  -0.998491  0.035380  0.003278  -0.003018  -0.011636  0.000000  0.000000  0.000000  2.000000  1.000000  0.000000  0.000000  0.000000  -0.000000  1.000000  0.000000  -1.000000  -0.000000  0.999997  0.000883  0.002233  -0.000882  1.000000  -0.000340  -0.002233  0.000338  0.999997  1.000000  0.000000  0.000000  0.000000  1.000000  0.000000  0.000000  0.000000  1.000000  1.000000  0.000000  0.000000  0.000000  -0.000000  1.000000  0.000000  -1.000000  -0.000000  0.000000  0.000000  
86.225484 0.009850  0.093236  -0.006614  0.996728  -0.039426  0.070558  -0.069057  0.038228  0.996880  -0.042000  -0.998491  0.035380  0.003223  -0.002983  -0.011585  0.000000  0.000000  0.000000  2.000000  1.000000  0.000000  0.000000  0.000000  -0.000000  1.000000  0.000000  -1.000000  -0.000000  0.999997  0.000883  0.002233  -0.000882  1.000000  -0.000218  -0.002233  0.000216  0.999997  1.000000  0.000000  0.000000  0.000000  1.000000  0.000000  0.000000  0.000000  1.000000  1.000000  0.000000  0.000000  0.000000  -0.000000  1.000000  0.000000  -1.000000  -0.000000  0.000000  0.000000  
86.226734 0.009854  0.093231  -0.006628  0.996720  -0.039285  0.070758  -0.069262  0.038227  0.996866  -0.041867  -0.998497  0.035380  0.003200  -0.002988  -0.011611  0.000000  0.000000  0.000000  2.000000  1.000000  0.000000  0.000000  0.000000  -0.000000  1.000000  0.000000  -1.000000  -0.000000  0.999997  0.001024  0.002433  -0.001023  0.999999  -0.000227  -0.002434  0.000225  0.999997  1.000000  0.000000  0.000000  0.000000  1.000000  0.000000  0.000000  0.000000  1.000000  1.000000  0.000000  0.000000  0.000000  -0.000000  1.000000  0.000000  -1.000000  -0.000000  0.000000  0.000000  
86.227983 0.009858  0.093228  -0.006642  0.996720  -0.039285  0.070758  -0.069262  0.038227  0.996866  -0.041867  -0.998497  0.035380  0.003217  -0.002955  -0.011555  0.000000  0.000000  0.000000  2.000000  1.000000  0.000000  0.000000  0.000000  -0.000000  1.000000  0.000000  -1.000000  -0.000000  0.999997  0.001016  0.002228  -0.001016  0.999999  -0.000218  -0.002228  0.000216  0.999997  1.000000  0.000000  0.000000  0.000000  1.000000  0.000000  0.000000  0.000000  1.000000  1.000000  0.000000  0.000000  0.000000  -0.000000  1.000000  0.000000  -1.000000  -0.000000  0.000000  0.000000  
