1-Time 2-Px 3-Py 4-Pz 5-R11 6-R21 7-R31 8-R12 9-R22 10-R32 11-R13 12-R23 13-R33 14-Vx 15-Vy 16-Vz 17-Wx 18-Wy 19-Wz 20-state 21-PR11 22-PR21 23-PR31 24-PR12 25-PR22 26-PR32 27-PR13 28-PR23 29-PR33 
19.803146 -0.001403  0.088169  -0.003000  0.999715  -0.020620  0.012038  0.020378  0.999594  0.019898  -0.012443  -0.019647  0.999730  0.000652  0.000219  -0.000346  0.000000  0.000000  0.000000  2.000000  1.000000  0.000000  0.000000  -0.000000  1.000000  0.000000  0.000000  -0.000000  1.000000  1.000000  -0.000206  -0.000004  0.000206  1.000000  0.000003  0.000004  -0.000003  1.000000  1.000000  0.000000  0.000000  0.000000  1.000000  0.000000  0.000000  0.000000  1.000000  0.544769  0.801424  -0.246873  -0.766989  0.595203  0.239710  0.339049  0.058762  0.938932  0.000000  0.000000  
19.804148 -0.001403  0.088169  -0.003000  0.999715  -0.020620  0.012038  0.020378  0.999594  0.019898  -0.012443  -0.019647  0.999730  0.000605  0.000206  -0.000307  0.000000  0.000000  0.000000  2.000000  1.000000  0.000000  0.000000  0.000000  1.000000  0.000000  0.000000  0.000000  1.000000  1.000000  -0.000206  -0.000004  0.000206  1.000000  0.000003  0.000004  -0.000003  1.000000  1.000000  0.000000  0.000000  0.000000  1.000000  0.000000  0.000000  0.000000  1.000000  1.000000  0.000000  0.000000  0.000000  1.000000  0.000000  0.000000  0.000000  1.000000  0.000000  0.000000  
19.805152 -0.001404  0.088166  -0.003002  0.999711  -0.020828  0.012031  0.020584  0.999588  0.020022  -0.012443  -0.019769  0.999727  0.000501  0.000038  -0.000351  0.000000  0.000000  0.000000  2.000000  1.000000  0.000000  0.000000  0.000000  1.000000  0.000000  0.000000  0.000000  1.000000  1.000000  -0.000412  -0.000008  0.000412  1.000000  0.000005  0.000008  -0.000005  1.000000  1.000000  0.000000  0.000000  0.000000  1.000000  0.000000  0.000000  0.000000  1.000000  1.000000  0.000000  0.000000  0.000000  1.000000  0.000000  0.000000  0.000000  1.000000  0.000000  0.000000  
19.806402 -0.001406  0.088162  -0.003004  0.999711  -0.020828  0.012031  0.020584  0.999588  0.020022  -0.012443  -0.019769  0.999727  0.000262  -0.000280  -0.000513  0.000000  0.000000  0.000000  2.000000  1.000000  0.000000  0.000000  0.000000  1.000000  0.000000  0.000000  0.000000  1.000000  1.000000  -0.000412  -0.000008  0.000412  1.000000  0.000126  0.000008  -0.000126  1.000000  1.000000  0.000000  0.000000  0.000000  1.000000  0.000000  0.000000  0.000000  1.000000  1.000000  0.000000  0.000000  0.000000  1.000000  0.000000  0.000000  0.000000  1.000000  0.000000  0.000000  
19.807650 -0.001407  0.088159  -0.003007  0.999706  -0.021035  0.012024  0.020790  0.999581  0.020146  -0.012443  -0.019890  0.999725  0.000136  -0.000551  -0.000639  0.000000  0.000000  0.000000  2.000000  1.000000  0.000000  0.000000  0.000000  1.000000  0.000000  0.000000  0.000000  1.000000  1.000000  -0.000617  -0.000012  0.000617  1.000000  0.000129  0.000012  -0.000129  1.000000  1.000000  0.000000  0.000000  0.000000  1.000000  0.000000  0.000000  0.000000  1.000000  1.000000  0.000000  0.000000  0.000000  1.000000  0.000000  0.000000  0.000000  1.000000  0.000000  0.000000  
19.808650 -0.001408  0.088155  -0.003009  0.999706  -0.021035  0.012024  0.020790  0.999581  0.020146  -0.012443  -0.019890  0.999725  0.000016  -0.000845  -0.000755  0.000000  0.000000  0.000000  2.000000  1.000000  0.000000  0.000000  0.000000  1.000000  0.000000  0.000000  0.000000  1.000000  1.000000  -0.000617  -0.000012  0.000617  1.000000  0.000250  0.000012  -0.000250  1.000000  1.000000  0.000000  0.000000  0.000000  1.000000  0.000000  0.000000  0.000000  1.000000  1.000000  0.000000  0.000000  0.000000  1.000000  0.000000  0.000000  0.000000  1.000000  0.000000  0.000000  
19.809905 -0.001410  0.088150  -0.003011  0.999702  -0.021242  0.012018  0.020996  0.999574  0.020269  -0.012443  -0.020011  0.999722  -0.000135  -0.001163  -0.000889  0.000000  0.000000  0.000000  2.000000  1.000000  0.000000  0.000000  0.000000  1.000000  0.000000  0.000000  0.000000  1.000000  1.000000  -0.000617  -0.000012  0.000617  1.000000  0.000372  0.000012  -0.000372  1.000000  1.000000  0.000000  0.000000  0.000000  1.000000  0.000000  0.000000  0.000000  1.000000  1.000000  0.000000  0.000000  0.000000  1.000000  0.000000  0.000000  0.000000  1.000000  0.000000  0.000000  
19.811150 -0.001411  0.088145  -0.003013  0.999696  -0.021452  0.012144  0.021201  0.999567  0.020396  -0.012577  -0.020132  0.999718  -0.000279  -0.001504  -0.001014  0.000000  0.000000  0.000000  2.000000  1.000000  0.000000  0.000000  0.000000  1.000000  0.000000  0.000000  0.000000  1.000000  1.000000  -0.000826  0.000117  0.000826  1.000000  0.000374  -0.000118  -0.000374  1.000000  1.000000  0.000000  0.000000  0.000000  1.000000  0.000000  0.000000  0.000000  1.000000  1.000000  0.000000  0.000000  0.000000  1.000000  0.000000  0.000000  0.000000  1.000000  0.000000  0.000000  
19.812151 -0.001412  0.088142  -0.003016  0.999692  -0.021658  0.012140  0.021407  0.999563  0.020399  -0.012577  -0.020132  0.999718  -0.000361  -0.001755  -0.001153  0.000000  0.000000  0.000000  2.000000  1.000000  0.000000  0.000000  0.000000  1.000000  0.000000  0.000000  0.000000  1.000000  0.999999  -0.001032  0.000113  0.001032  0.999999  0.000498  -0.000114  -0.000498  1.000000  1.000000  0.000000  0.000000  0.000000  1.000000  0.000000  0.000000  0.000000  1.000000  1.000000  0.000000  0.000000  0.000000  1.000000  0.000000  0.000000  0.000000  1.000000  0.000000  0.000000  
19.813401 -0.001412  0.088138  -0.003018  0.999687  -0.021865  0.012133  0.021613  0.999556  0.020522  -0.012577  -0.020254  0.999716  -0.000450  -0.002024  -0.001250  0.000000  0.000000  0.000000  2.000000  1.000000  0.000000  0.000000  0.000000  1.000000  0.000000  0.000000  0.000000  1.000000  0.999999  -0.001238  0.000109  0.001238  0.999999  0.000501  -0.000110  -0.000501  1.000000  1.000000  0.000000  0.000000  0.000000  1.000000  0.000000  0.000000  0.000000  1.000000  1.000000  0.000000  0.000000  0.000000  1.000000  0.000000  0.000000  0.000000  1.000000  0.000000  0.000000  
19.814648 -0.001413  0.088135  -0.003021  0.999678  -0.022277  0.012125  0.022025  0.999547  0.020527  -0.012577  -0.020254  0.999716  -0.000517  -0.002219  -0.001409  0.000000  0.000000  0.000000  2.000000  1.000000  0.000000  0.000000  0.000000  1.000000  0.000000  0.000000  0.000000  1.000000  0.999999  -0.001443  0.000105  0.001443  0.999999  0.000625  -0.000105  -0.000624  1.000000  1.000000  0.000000  0.000000  0.000000  1.000000  0.000000  0.000000  0.000000  1.000000  1.000000  0.000000  0.000000  0.000000  1.000000  0.000000  0.000000  0.000000  1.000000  0.000000  0.000000  
19.815670 -0.001414  0.088131  -0.003023  0.999674  -0.022482  0.012121  0.022230  0.999542  0.020530  -0.012577  -0.020254  0.999716  -0.000626  -0.002475  -0.001547  0.000000  0.000000  0.000000  2.000000  1.000000  0.000000  0.000000  0.000000  1.000000  0.000000  0.000000  0.000000  1.000000  0.999999  -0.001649  0.000100  0.001649  0.999998  0.000627  -0.000101  -0.000627  1.000000  1.000000  0.000000  0.000000  0.000000  1.000000  0.000000  0.000000  0.000000  1.000000  1.000000  0.000000  0.000000  0.000000  1.000000  0.000000  0.000000  0.000000  1.000000  0.000000  0.000000  
19.816901 -0.001415  0.088127  -0.003026  0.999667  -0.022691  0.012250  0.022436  0.999537  0.020535  -0.012711  -0.020254  0.999714  -0.000751  -0.002805  -0.001748  0.000000  0.000000  0.000000  2.000000  1.000000  0.000000  0.000000  0.000000  1.000000  0.000000  0.000000  0.000000  1.000000  0.999998  -0.002061  0.000092  0.002061  0.999998  0.000632  -0.000093  -0.000632  1.000000  1.000000  0.000000  0.000000  0.000000  1.000000  0.000000  0.000000  0.000000  1.000000  1.000000  0.000000  0.000000  0.000000  1.000000  0.000000  0.000000  0.000000  1.000000  0.000000  0.000000  
19.817910 -0.001416  0.088123  -0.003028  0.999663  -0.022897  0.012246  0.022642  0.999533  0.020538  -0.012711  -0.020254  0.999714  -0.000877  -0.003074  -0.001873  0.000000  0.000000  0.000000  2.000000  1.000000  0.000000  0.000000  0.000000  1.000000  0.000000  0.000000  0.000000  1.000000  0.999997  -0.002269  0.000222  0.002269  0.999997  0.000635  -0.000223  -0.000635  1.000000  1.000000  0.000000  0.000000  0.000000  1.000000  0.000000  0.000000  0.000000  1.000000  1.000000  0.000000  0.000000  0.000000  1.000000  0.000000  0.000000  0.000000  1.000000  0.000000  0.000000  
19.818910 -0.001418  0.088118  -0.003030  0.999658  -0.023102  0.012242  0.022848  0.999528  0.020540  -0.012711  -0.020254  0.999714  -0.001014  -0.003397  -0.002040  0.000000  0.000000  0.000000  2.000000  1.000000  0.000000  0.000000  0.000000  1.000000  0.000000  0.000000  0.000000  1.000000  0.999997  -0.002475  0.000217  0.002475  0.999997  0.000638  -0.000219  -0.000637  1.000000  1.000000  0.000000  0.000000  0.000000  1.000000  0.000000  0.000000  0.000000  1.000000  1.000000  0.000000  0.000000  0.000000  1.000000  0.000000  0.000000  0.000000  1.000000  0.000000  0.000000  
19.820154 -0.001421  0.088112  -0.003033  0.999653  -0.023308  0.012238  0.023054  0.999523  0.020543  -0.012711  -0.020254  0.999714  -0.001137  -0.003637  -0.002085  0.000000  0.000000  0.000000  2.000000  1.000000  0.000000  0.000000  0.000000  1.000000  0.000000  0.000000  0.000000  1.000000  0.999996  -0.002681  0.000213  0.002681  0.999996  0.000640  -0.000215  -0.000640  1.000000  1.000000  0.000000  0.000000  0.000000  1.000000  0.000000  0.000000  0.000000  1.000000  1.000000  0.000000  0.000000  0.000000  1.000000  0.000000  0.000000  0.000000  1.000000  0.000000  0.000000  
19.821407 -0.001424  0.088106  -0.003036  0.999644  -0.023720  0.012229  0.023465  0.999513  0.020548  -0.012711  -0.020254  0.999714  -0.001211  -0.003779  -0.002110  0.000000  0.000000  0.000000  2.000000  1.000000  0.000000  0.000000  0.000000  1.000000  0.000000  0.000000  0.000000  1.000000  0.999995  -0.003093  0.000205  0.003092  0.999995  0.000646  -0.000207  -0.000645  1.000000  1.000000  0.000000  0.000000  0.000000  1.000000  0.000000  0.000000  0.000000  1.000000  1.000000  0.000000  0.000000  0.000000  1.000000  0.000000  0.000000  0.000000  1.000000  0.000000  0.000000  
19.822654 -0.001427  0.088099  -0.003039  0.999639  -0.023927  0.012222  0.023671  0.999506  0.020672  -0.012711  -0.020375  0.999712  -0.001309  -0.003970  -0.002144  0.000000  0.000000  0.000000  2.000000  1.000000  0.000000  0.000000  0.000000  1.000000  0.000000  0.000000  0.000000  1.000000  0.999995  -0.003298  0.000201  0.003298  0.999994  0.000648  -0.000203  -0.000648  1.000000  1.000000  0.000000  0.000000  0.000000  1.000000  0.000000  0.000000  0.000000  1.000000  1.000000  0.000000  0.000000  0.000000  1.000000  0.000000  0.000000  0.000000  1.000000  0.000000  0.000000  
19.823909 -0.001429  0.088092  -0.003042  0.999634  -0.024133  0.012218  0.023877  0.999501  0.020674  -0.012711  -0.020375  0.999712  -0.001399  -0.004141  -0.002221  0.000000  0.000000  0.000000  2.000000  1.000000  0.000000  0.000000  0.000000  1.000000  0.000000  0.000000  0.000000  1.000000  0.999994  -0.003504  0.000196  0.003504  0.999994  0.000772  -0.000199  -0.000771  1.000000  1.000000  0.000000  0.000000  0.000000  1.000000  0.000000  0.000000  0.000000  1.000000  1.000000  0.000000  0.000000  0.000000  1.000000  0.000000  0.000000  0.000000  1.000000  0.000000  0.000000  
19.825150 -0.001432  0.088085  -0.003045  0.999624  -0.024546  0.012206  0.024288  0.999489  0.020800  -0.012711  -0.020496  0.999709  -0.001480  -0.004264  -0.002259  0.000000  0.000000  0.000000  2.000000  1.000000  0.000000  0.000000  0.000000  1.000000  0.000000  0.000000  0.000000  1.000000  0.999994  -0.003504  0.000196  0.003504  0.999993  0.000893  -0.000199  -0.000893  1.000000  1.000000  0.000000  0.000000  0.000000  1.000000  0.000000  0.000000  0.000000  1.000000  1.000000  0.000000  0.000000  0.000000  1.000000  0.000000  0.000000  0.000000  1.000000  0.000000  0.000000  
19.826400 -0.001434  0.088079  -0.003050  0.999619  -0.024754  0.012196  0.024494  0.999478  0.021045  -0.012711  -0.020739  0.999704  -0.001520  -0.004395  -0.002391  0.000000  0.000000  0.000000  2.000000  1.000000  0.000000  0.000000  0.000000  1.000000  0.000000  0.000000  0.000000  1.000000  0.999992  -0.003916  0.000187  0.003916  0.999992  0.000899  -0.000190  -0.000898  1.000000  1.000000  0.000000  0.000000  0.000000  1.000000  0.000000  0.000000  0.000000  1.000000  1.000000  0.000000  0.000000  0.000000  1.000000  0.000000  0.000000  0.000000  1.000000  0.000000  0.000000  
19.827401 -0.001435  0.088074  -0.003054  0.999614  -0.024962  0.012189  0.024700  0.999471  0.021169  -0.012711  -0.020860  0.999702  -0.001610  -0.004525  -0.002521  0.000000  0.000000  0.000000  2.000000  1.000000  0.000000  0.000000  0.000000  1.000000  0.000000  0.000000  0.000000  1.000000  0.999991  -0.004122  0.000182  0.004122  0.999991  0.001023  -0.000186  -0.001022  0.999999  1.000000  0.000000  0.000000  0.000000  1.000000  0.000000  0.000000  0.000000  1.000000  1.000000  0.000000  0.000000  0.000000  1.000000  0.000000  0.000000  0.000000  1.000000  0.000000  0.000000  
19.828650 -0.001436  0.088068  -0.003059  0.999609  -0.025169  0.012181  0.024906  0.999463  0.021293  -0.012711  -0.020981  0.999699  -0.001578  -0.004620  -0.002697  0.000000  0.000000  0.000000  2.000000  1.000000  0.000000  0.000000  0.000000  1.000000  0.000000  0.000000  0.000000  1.000000  0.999991  -0.004122  0.000181  0.004122  0.999991  0.001144  -0.000186  -0.001143  0.999999  1.000000  0.000000  0.000000  0.000000  1.000000  0.000000  0.000000  0.000000  1.000000  1.000000  0.000000  0.000000  0.000000  1.000000  0.000000  0.000000  0.000000  1.000000  0.000000  0.000000  
19.829651 -0.001437  0.088063  -0.003064  0.999604  -0.025376  0.012174  0.025112  0.999455  0.021417  -0.012711  -0.021102  0.999697  -0.001600  -0.004810  -0.002889  0.000000  0.000000  0.000000  2.000000  1.000000  0.000000  0.000000  0.000000  1.000000  0.000000  0.000000  0.000000  1.000000  0.999991  -0.004328  0.000176  0.004327  0.999990  0.001268  -0.000182  -0.001267  0.999999  1.000000  0.000000  0.000000  0.000000  1.000000  0.000000  0.000000  0.000000  1.000000  1.000000  0.000000  0.000000  0.000000  1.000000  0.000000  0.000000  0.000000  1.000000  0.000000  0.000000  
19.830651 -0.001438  0.088059  -0.003068  0.999599  -0.025583  0.012166  0.025317  0.999447  0.021540  -0.012711  -0.021224  0.999694  -0.001636  -0.004867  -0.003032  0.000000  0.000000  0.000000  2.000000  1.000000  0.000000  0.000000  0.000000  1.000000  0.000000  0.000000  0.000000  1.000000  0.999991  -0.004122  0.000181  0.004122  0.999991  0.001144  -0.000185  -0.001143  0.999999  1.000000  0.000000  0.000000  0.000000  1.000000  0.000000  0.000000  0.000000  1.000000  1.000000  0.000000  0.000000  0.000000  1.000000  0.000000  0.000000  0.000000  1.000000  0.000000  0.000000  
19.831651 -0.001440  0.088054  -0.003072  0.999597  -0.025586  0.012300  0.025317  0.999447  0.021544  -0.012844  -0.021224  0.999692  -0.001692  -0.004964  -0.003138  0.000000  0.000000  0.000000  2.000000  1.000000  0.000000  0.000000  0.000000  1.000000  0.000000  0.000000  0.000000  1.000000  0.999991  -0.004122  0.000180  0.004122  0.999991  0.001266  -0.000185  -0.001265  0.999999  1.000000  0.000000  0.000000  0.000000  1.000000  0.000000  0.000000  0.000000  1.000000  1.000000  0.000000  0.000000  0.000000  1.000000  0.000000  0.000000  0.000000  1.000000  0.000000  0.000000  
19.832659 -0.001441  0.088049  -0.003076  0.999592  -0.025794  0.012292  0.025523  0.999439  0.021667  -0.012844  -0.021345  0.999690  -0.001669  -0.005008  -0.003246  0.059258  -0.009942  -0.173198  2.000000  1.000000  0.000000  0.000000  0.000000  1.000000  0.000000  0.000000  0.000000  1.000000  0.999991  -0.004122  0.000180  0.004122  0.999991  0.001266  -0.000185  -0.001265  0.999999  1.000000  0.000000  0.000000  0.000000  1.000000  0.000000  0.000000  0.000000  1.000000  1.000000  0.000000  0.000000  0.000000  1.000000  0.000000  0.000000  0.000000  1.000000  0.000046  0.000000  
19.833660 -0.001442  0.088045  -0.003079  0.999586  -0.026001  0.012285  0.025729  0.999431  0.021791  -0.012844  -0.021466  0.999687  -0.001618  -0.004968  -0.003301  0.063402  -0.009786  -0.180059  2.000000  1.000000  0.000000  0.000000  0.000000  1.000000  0.000000  0.000000  0.000000  1.000000  0.999992  -0.003916  0.000183  0.003916  0.999991  0.001384  -0.000189  -0.001384  0.999999  1.000000  0.000000  0.000000  0.000000  1.000000  0.000000  0.000000  0.000000  1.000000  1.000000  0.000000  0.000000  0.000000  1.000000  0.000000  0.000000  0.000000  1.000000  0.000046  0.000000  
19.834909 -0.001443  0.088040  -0.003082  0.999586  -0.026001  0.012285  0.025729  0.999431  0.021791  -0.012844  -0.021466  0.999687  -0.001473  -0.004853  -0.003299  0.059256  -0.009920  -0.173192  2.000000  1.000000  0.000000  0.000000  0.000000  1.000000  0.000000  0.000000  0.000000  1.000000  0.999992  -0.003916  0.000183  0.003916  0.999992  0.001263  -0.000188  -0.001262  0.999999  1.000000  0.000000  0.000000  0.000000  1.000000  0.000000  0.000000  0.000000  1.000000  1.000000  0.000000  0.000000  0.000000  1.000000  0.000000  0.000000  0.000000  1.000000  0.000046  0.000000  
19.835910 -0.001444  0.088037  -0.003084  0.999579  -0.026211  0.012411  0.025935  0.999423  0.021918  -0.012978  -0.021587  0.999683  -0.001380  -0.004735  -0.003294  0.063425  -0.014261  -0.180184  2.000000  1.000000  0.000000  0.000000  0.000000  1.000000  0.000000  0.000000  0.000000  1.000000  0.999992  -0.003919  0.000317  0.003919  0.999991  0.001385  -0.000322  -0.001384  0.999999  1.000000  0.000000  0.000000  0.000000  1.000000  0.000000  0.000000  0.000000  1.000000  1.000000  0.000000  0.000000  0.000000  1.000000  0.000000  0.000000  0.000000  1.000000  0.000048  0.000000  
19.837151 -0.001445  0.088032  -0.003086  0.999579  -0.026212  0.012408  0.025935  0.999421  0.022040  -0.012978  -0.021709  0.999680  -0.001284  -0.004616  -0.003236  0.067433  -0.014398  -0.173321  2.000000  1.000000  0.000000  0.000000  0.000000  1.000000  0.000000  0.000000  0.000000  1.000000  0.999993  -0.003713  0.000321  0.003713  0.999992  0.001504  -0.000326  -0.001502  0.999999  1.000000  0.000000  0.000000  0.000000  1.000000  0.000000  0.000000  0.000000  1.000000  1.000000  0.000000  0.000000  0.000000  1.000000  0.000000  0.000000  0.000000  1.000000  0.000047  0.000000  
19.838404 -0.001446  0.088028  -0.003089  0.999574  -0.026420  0.012400  0.026140  0.999413  0.022163  -0.012978  -0.021830  0.999677  -0.001159  -0.004448  -0.003185  0.067513  -0.014231  -0.180218  2.000000  1.000000  0.000000  0.000000  0.000000  1.000000  0.000000  0.000000  0.000000  1.000000  0.999994  -0.003505  0.000191  0.003504  0.999993  0.001501  -0.000197  -0.001500  0.999999  1.000000  0.000000  0.000000  0.000000  1.000000  0.000000  0.000000  0.000000  1.000000  1.000000  0.000000  0.000000  0.000000  1.000000  0.000000  0.000000  0.000000  1.000000  0.000048  0.000000  
19.839655 -0.001447  0.088023  -0.003091  0.999574  -0.026421  0.012397  0.026140  0.999410  0.022285  -0.012978  -0.021951  0.999675  -0.001035  -0.004307  -0.003161  0.067433  -0.014356  -0.173323  2.000000  1.000000  0.000000  0.000000  0.000000  1.000000  0.000000  0.000000  0.000000  1.000000  0.999995  -0.003299  0.000195  0.003298  0.999993  0.001741  -0.000201  -0.001740  0.999998  1.000000  0.000000  0.000000  0.000000  1.000000  0.000000  0.000000  0.000000  1.000000  1.000000  0.000000  0.000000  0.000000  1.000000  0.000000  0.000000  0.000000  1.000000  0.000046  0.000000  
19.840903 -0.001447  0.088019  -0.003094  0.999569  -0.026628  0.012389  0.026346  0.999402  0.022408  -0.012978  -0.022072  0.999672  -0.000940  -0.004120  -0.003075  0.067440  -0.009838  -0.173218  2.000000  1.000000  0.000000  0.000000  0.000000  1.000000  0.000000  0.000000  0.000000  1.000000  0.999995  -0.003093  0.000199  0.003093  0.999993  0.001859  -0.000205  -0.001859  0.999998  1.000000  0.000000  0.000000  0.000000  1.000000  0.000000  0.000000  0.000000  1.000000  1.000000  0.000000  0.000000  0.000000  1.000000  0.000000  0.000000  0.000000  1.000000  0.000047  0.000000  
19.841905 -0.001447  0.088017  -0.003096  0.999569  -0.026630  0.012386  0.026346  0.999399  0.022530  -0.012978  -0.022194  0.999669  -0.000851  -0.003936  -0.002928  0.000000  0.000000  0.000000  2.000000  1.000000  0.000000  0.000000  0.000000  1.000000  0.000000  0.000000  0.000000  1.000000  0.999996  -0.002887  0.000204  0.002887  0.999994  0.001978  -0.000209  -0.001977  0.999998  1.000000  0.000000  0.000000  0.000000  1.000000  0.000000  0.000000  0.000000  1.000000  1.000000  0.000000  0.000000  0.000000  1.000000  0.000000  0.000000  0.000000  1.000000  0.000000  0.000000  
19.843151 -0.001447  0.088014  -0.003099  0.999563  -0.026839  0.012374  0.026552  0.999388  0.022775  -0.012978  -0.022436  0.999664  -0.000758  -0.003790  -0.002789  0.000000  0.000000  0.000000  2.000000  1.000000  0.000000  0.000000  0.000000  1.000000  0.000000  0.000000  0.000000  1.000000  0.999996  -0.002887  0.000203  0.002887  0.999994  0.001978  -0.000209  -0.001977  0.999998  1.000000  0.000000  0.000000  0.000000  1.000000  0.000000  0.000000  0.000000  1.000000  1.000000  0.000000  0.000000  0.000000  1.000000  0.000000  0.000000  0.000000  1.000000  0.000000  0.000000  
19.844400 -0.001446  0.088010  -0.003102  0.999563  -0.026840  0.012371  0.026552  0.999385  0.022896  -0.012978  -0.022557  0.999661  -0.000652  -0.003634  -0.002611  0.000000  0.000000  0.000000  2.000000  1.000000  0.000000  0.000000  0.000000  1.000000  0.000000  0.000000  0.000000  1.000000  0.999996  -0.002681  0.000207  0.002681  0.999994  0.002218  -0.000213  -0.002217  0.999998  1.000000  0.000000  0.000000  0.000000  1.000000  0.000000  0.000000  0.000000  1.000000  1.000000  0.000000  0.000000  0.000000  1.000000  0.000000  0.000000  0.000000  1.000000  0.000000  0.000000  
19.845401 -0.001446  0.088008  -0.003104  0.999563  -0.026843  0.012365  0.026552  0.999380  0.023138  -0.012978  -0.022800  0.999656  -0.000514  -0.003460  -0.002415  0.000000  0.000000  0.000000  2.000000  1.000000  0.000000  0.000000  0.000000  1.000000  0.000000  0.000000  0.000000  1.000000  0.999997  -0.002476  0.000211  0.002475  0.999994  0.002215  -0.000217  -0.002215  0.999998  1.000000  0.000000  0.000000  0.000000  1.000000  0.000000  0.000000  0.000000  1.000000  1.000000  0.000000  0.000000  0.000000  1.000000  0.000000  0.000000  0.000000  1.000000  0.000000  0.000000  
19.846651 -0.001446  0.088003  -0.003107  0.999556  -0.027053  0.012490  0.026758  0.999371  0.023266  -0.013112  -0.022921  0.999651  -0.000455  -0.003355  -0.002304  0.000000  0.000000  0.000000  2.000000  1.000000  0.000000  0.000000  0.000000  1.000000  0.000000  0.000000  0.000000  1.000000  0.999997  -0.002273  0.000349  0.002272  0.999995  0.002334  -0.000355  -0.002333  0.999997  1.000000  0.000000  0.000000  0.000000  1.000000  0.000000  0.000000  0.000000  1.000000  1.000000  0.000000  0.000000  0.000000  1.000000  0.000000  0.000000  0.000000  1.000000  0.000000  0.000000  
19.847655 -0.001447  0.088000  -0.003110  0.999556  -0.027057  0.012484  0.026758  0.999365  0.023508  -0.013112  -0.023164  0.999646  -0.000391  -0.003284  -0.002311  0.000000  0.000000  0.000000  2.000000  1.000000  0.000000  0.000000  0.000000  1.000000  0.000000  0.000000  0.000000  1.000000  0.999998  -0.002067  0.000354  0.002066  0.999995  0.002210  -0.000358  -0.002210  0.999997  1.000000  0.000000  0.000000  0.000000  1.000000  0.000000  0.000000  0.000000  1.000000  1.000000  0.000000  0.000000  0.000000  1.000000  0.000000  0.000000  0.000000  1.000000  0.000000  0.000000  
19.848657 -0.001447  0.087997  -0.003114  0.999554  -0.027061  0.012614  0.026758  0.999363  0.023633  -0.013246  -0.023285  0.999641  -0.000293  -0.003192  -0.002296  0.000000  0.000000  0.000000  2.000000  1.000000  0.000000  0.000000  0.000000  1.000000  0.000000  0.000000  0.000000  1.000000  0.999998  -0.001865  0.000492  0.001863  0.999996  0.002329  -0.000496  -0.002328  0.999997  1.000000  0.000000  0.000000  0.000000  1.000000  0.000000  0.000000  0.000000  1.000000  1.000000  0.000000  0.000000  0.000000  1.000000  0.000000  0.000000  0.000000  1.000000  0.000000  0.000000  
19.849909 -0.001446  0.087994  -0.003118  0.999554  -0.027064  0.012608  0.026758  0.999357  0.023875  -0.013246  -0.023527  0.999635  -0.000166  -0.003085  -0.002353  0.000000  0.000000  0.000000  2.000000  1.000000  0.000000  0.000000  0.000000  1.000000  0.000000  0.000000  0.000000  1.000000  0.999999  -0.001659  0.000496  0.001658  0.999996  0.002326  -0.000500  -0.002326  0.999997  1.000000  0.000000  0.000000  0.000000  1.000000  0.000000  0.000000  0.000000  1.000000  1.000000  0.000000  0.000000  0.000000  1.000000  0.000000  0.000000  0.000000  1.000000  0.000000  0.000000  
19.851155 -0.001446  0.087990  -0.003122  0.999552  -0.027069  0.012738  0.026758  0.999354  0.024000  -0.013379  -0.023649  0.999631  -0.000111  -0.003061  -0.002536  0.000000  0.000000  0.000000  2.000000  1.000000  0.000000  0.000000  0.000000  1.000000  0.000000  0.000000  0.000000  1.000000  0.999999  -0.001456  0.000635  0.001455  0.999996  0.002445  -0.000638  -0.002444  0.999997  1.000000  0.000000  0.000000  0.000000  1.000000  0.000000  0.000000  0.000000  1.000000  1.000000  0.000000  0.000000  0.000000  1.000000  0.000000  0.000000  0.000000  1.000000  0.000000  0.000000  
19.852405 -0.001446  0.087986  -0.003126  0.999552  -0.027072  0.012731  0.026758  0.999348  0.024243  -0.013379  -0.023891  0.999625  -0.000039  -0.003006  -0.002666  0.000000  0.000000  0.000000  2.000000  1.000000  0.000000  0.000000  0.000000  1.000000  0.000000  0.000000  0.000000  1.000000  0.999999  -0.001248  0.000506  0.001246  0.999996  0.002564  -0.000509  -0.002563  0.999997  1.000000  0.000000  0.000000  0.000000  1.000000  0.000000  0.000000  0.000000  1.000000  1.000000  0.000000  0.000000  0.000000  1.000000  0.000000  0.000000  0.000000  1.000000  0.000000  0.000000  
19.853658 -0.001446  0.087983  -0.003130  0.999552  -0.027075  0.012725  0.026758  0.999342  0.024485  -0.013379  -0.024134  0.999619  0.000050  -0.002922  -0.002744  0.000000  0.000000  0.000000  2.000000  1.000000  0.000000  0.000000  0.000000  1.000000  0.000000  0.000000  0.000000  1.000000  0.999999  -0.001248  0.000505  0.001246  0.999996  0.002564  -0.000509  -0.002563  0.999997  1.000000  0.000000  0.000000  0.000000  1.000000  0.000000  0.000000  0.000000  1.000000  1.000000  0.000000  0.000000  0.000000  1.000000  0.000000  0.000000  0.000000  1.000000  0.000000  0.000000  
19.854902 -0.001445  0.087980  -0.003134  0.999552  -0.027077  0.012722  0.026758  0.999339  0.024606  -0.013379  -0.024255  0.999616  0.000113  -0.002841  -0.002787  0.000000  0.000000  0.000000  2.000000  1.000000  0.000000  0.000000  0.000000  1.000000  0.000000  0.000000  0.000000  1.000000  0.999999  -0.001042  0.000510  0.001041  0.999996  0.002804  -0.000513  -0.002803  0.999996  1.000000  0.000000  0.000000  0.000000  1.000000  0.000000  0.000000  0.000000  1.000000  1.000000  0.000000  0.000000  0.000000  1.000000  0.000000  0.000000  0.000000  1.000000  0.000000  0.000000  
19.856155 -0.001445  0.087978  -0.003136  0.999545  -0.027289  0.012844  0.026963  0.999327  0.024855  -0.013513  -0.024497  0.999609  0.000189  -0.002745  -0.002808  0.000000  0.000000  0.000000  2.000000  1.000000  0.000000  0.000000  0.000000  1.000000  0.000000  0.000000  0.000000  1.000000  0.999999  -0.001042  0.000510  0.001041  0.999995  0.002925  -0.000513  -0.002924  0.999996  1.000000  0.000000  0.000000  0.000000  1.000000  0.000000  0.000000  0.000000  1.000000  1.000000  0.000000  0.000000  0.000000  1.000000  0.000000  0.000000  0.000000  1.000000  0.000000  0.000000  
19.857155 -0.001444  0.087976  -0.003138  0.999545  -0.027292  0.012837  0.026963  0.999321  0.025097  -0.013513  -0.024740  0.999603  0.000250  -0.002695  -0.002769  0.000000  0.000000  0.000000  2.000000  1.000000  0.000000  0.000000  0.000000  1.000000  0.000000  0.000000  0.000000  1.000000  0.999999  -0.001042  0.000510  0.001041  0.999995  0.002925  -0.000513  -0.002924  0.999996  1.000000  0.000000  0.000000  0.000000  1.000000  0.000000  0.000000  0.000000  1.000000  1.000000  0.000000  0.000000  0.000000  1.000000  0.000000  0.000000  0.000000  1.000000  0.000000  0.000000  
19.858400 -0.001444  0.087973  -0.003139  0.999545  -0.027293  0.012834  0.026963  0.999318  0.025219  -0.013513  -0.024861  0.999600  0.000183  -0.002646  -0.002690  0.000000  0.000000  0.000000  2.000000  1.000000  0.000000  0.000000  0.000000  1.000000  0.000000  0.000000  0.000000  1.000000  1.000000  -0.000836  0.000515  0.000835  0.999995  0.003044  -0.000517  -0.003043  0.999995  1.000000  0.000000  0.000000  0.000000  1.000000  0.000000  0.000000  0.000000  1.000000  1.000000  0.000000  0.000000  0.000000  1.000000  0.000000  0.000000  0.000000  1.000000  0.000000  0.000000  
19.859402 -0.001444  0.087971  -0.003141  0.999545  -0.027295  0.012830  0.026963  0.999315  0.025340  -0.013513  -0.024982  0.999597  0.000170  -0.002631  -0.002631  0.000000  0.000000  0.000000  2.000000  1.000000  0.000000  0.000000  0.000000  1.000000  0.000000  0.000000  0.000000  1.000000  1.000000  -0.000837  0.000514  0.000835  0.999995  0.003044  -0.000517  -0.003043  0.999995  1.000000  0.000000  0.000000  0.000000  1.000000  0.000000  0.000000  0.000000  1.000000  1.000000  0.000000  0.000000  0.000000  1.000000  0.000000  0.000000  0.000000  1.000000  0.000000  0.000000  
19.860650 -0.001444  0.087968  -0.003143  0.999545  -0.027298  0.012824  0.026963  0.999309  0.025582  -0.013513  -0.025225  0.999590  0.000118  -0.002584  -0.002584  0.000000  0.000000  0.000000  2.000000  1.000000  0.000000  0.000000  0.000000  1.000000  0.000000  0.000000  0.000000  1.000000  1.000000  -0.000631  0.000519  0.000629  0.999995  0.003162  -0.000521  -0.003162  0.999995  1.000000  0.000000  0.000000  0.000000  1.000000  0.000000  0.000000  0.000000  1.000000  1.000000  0.000000  0.000000  0.000000  1.000000  0.000000  0.000000  0.000000  1.000000  0.000000  0.000000  
19.861651 -0.001445  0.087965  -0.003145  0.999545  -0.027300  0.012820  0.026963  0.999306  0.025703  -0.013513  -0.025346  0.999587  0.000079  -0.002532  -0.002542  0.000000  0.000000  0.000000  2.000000  1.000000  0.000000  0.000000  0.000000  1.000000  0.000000  0.000000  0.000000  1.000000  1.000000  -0.000631  0.000519  0.000629  0.999995  0.003162  -0.000521  -0.003162  0.999995  1.000000  0.000000  0.000000  0.000000  1.000000  0.000000  0.000000  0.000000  1.000000  1.000000  0.000000  0.000000  0.000000  1.000000  0.000000  0.000000  0.000000  1.000000  0.000000  0.000000  
19.862651 -0.001446  0.087963  -0.003148  0.999545  -0.027301  0.012817  0.026963  0.999303  0.025825  -0.013513  -0.025467  0.999584  0.000046  -0.002501  -0.002489  0.000000  0.000000  0.000000  2.000000  1.000000  0.000000  0.000000  0.000000  1.000000  0.000000  0.000000  0.000000  1.000000  1.000000  -0.000425  0.000525  0.000424  0.999995  0.003159  -0.000526  -0.003159  0.999995  1.000000  0.000000  0.000000  0.000000  1.000000  0.000000  0.000000  0.000000  1.000000  1.000000  0.000000  0.000000  0.000000  1.000000  0.000000  0.000000  0.000000  1.000000  0.000000  0.000000  
19.863658 -0.001447  0.087960  -0.003151  0.999545  -0.027303  0.012814  0.026963  0.999300  0.025946  -0.013513  -0.025589  0.999581  -0.000037  -0.002510  -0.002474  0.000000  0.000000  0.000000  2.000000  1.000000  0.000000  0.000000  0.000000  1.000000  0.000000  0.000000  0.000000  1.000000  1.000000  -0.000425  0.000524  0.000424  0.999995  0.003159  -0.000526  -0.003159  0.999995  1.000000  0.000000  0.000000  0.000000  1.000000  0.000000  0.000000  0.000000  1.000000  1.000000  0.000000  0.000000  0.000000  1.000000  0.000000  0.000000  0.000000  1.000000  0.000000  0.000000  
19.864900 -0.001448  0.087956  -0.003155  0.999545  -0.027306  0.012807  0.026963  0.999293  0.026188  -0.013513  -0.025831  0.999575  -0.000147  -0.002516  -0.002469  0.000000  0.000000  0.000000  2.000000  1.000000  0.000000  0.000000  0.000000  1.000000  0.000000  0.000000  0.000000  1.000000  1.000000  -0.000425  0.000524  0.000424  0.999995  0.003038  -0.000526  -0.003038  0.999995  1.000000  0.000000  0.000000  0.000000  1.000000  0.000000  0.000000  0.000000  1.000000  1.000000  0.000000  0.000000  0.000000  1.000000  0.000000  0.000000  0.000000  1.000000  0.000000  0.000000  
19.865911 -0.001450  0.087953  -0.003158  0.999545  -0.027307  0.012804  0.026963  0.999290  0.026309  -0.013513  -0.025952  0.999572  -0.000216  -0.002494  -0.002401  0.000000  0.000000  0.000000  2.000000  1.000000  0.000000  0.000000  0.000000  1.000000  0.000000  0.000000  0.000000  1.000000  1.000000  -0.000220  0.000530  0.000218  0.999995  0.003157  -0.000530  -0.003156  0.999995  1.000000  0.000000  0.000000  0.000000  1.000000  0.000000  0.000000  0.000000  1.000000  1.000000  0.000000  0.000000  0.000000  1.000000  0.000000  0.000000  0.000000  1.000000  0.000000  0.000000  
19.867156 -0.001451  0.087949  -0.003162  0.999540  -0.027516  0.012792  0.027169  0.999278  0.026555  -0.013513  -0.026195  0.999566  -0.000355  -0.002493  -0.002426  0.000000  0.000000  0.000000  2.000000  1.000000  0.000000  0.000000  0.000000  1.000000  0.000000  0.000000  0.000000  1.000000  1.000000  -0.000422  0.000391  0.000421  0.999995  0.003038  -0.000392  -0.003038  0.999995  1.000000  0.000000  0.000000  0.000000  1.000000  0.000000  0.000000  0.000000  1.000000  1.000000  0.000000  0.000000  0.000000  1.000000  0.000000  0.000000  0.000000  1.000000  0.000000  0.000000  
19.868404 -0.001453  0.087946  -0.003166  0.999540  -0.027518  0.012788  0.027169  0.999275  0.026676  -0.013513  -0.026316  0.999562  -0.000494  -0.002491  -0.002451  0.000000  0.000000  0.000000  2.000000  1.000000  0.000000  0.000000  0.000000  1.000000  0.000000  0.000000  0.000000  1.000000  1.000000  -0.000422  0.000390  0.000421  0.999995  0.003159  -0.000392  -0.003159  0.999995  1.000000  0.000000  0.000000  0.000000  1.000000  0.000000  0.000000  0.000000  1.000000  1.000000  0.000000  0.000000  0.000000  1.000000  0.000000  0.000000  0.000000  1.000000  0.000000  0.000000  
19.869655 -0.001454  0.087943  -0.003170  0.999540  -0.027521  0.012782  0.027169  0.999268  0.026918  -0.013513  -0.026558  0.999556  -0.000620  -0.002533  -0.002453  0.000000  0.000000  0.000000  2.000000  1.000000  0.000000  0.000000  0.000000  1.000000  0.000000  0.000000  0.000000  1.000000  1.000000  -0.000419  0.000257  0.000418  0.999995  0.003159  -0.000258  -0.003159  0.999995  1.000000  0.000000  0.000000  0.000000  1.000000  0.000000  0.000000  0.000000  1.000000  1.000000  0.000000  0.000000  0.000000  1.000000  0.000000  0.000000  0.000000  1.000000  0.000000  0.000000  
19.870904 -0.001456  0.087939  -0.003174  0.999540  -0.027524  0.012775  0.027169  0.999262  0.027161  -0.013513  -0.026801  0.999549  -0.000800  -0.002607  -0.002538  0.000000  0.000000  0.000000  2.000000  1.000000  0.000000  0.000000  0.000000  1.000000  0.000000  0.000000  0.000000  1.000000  1.000000  -0.000419  0.000257  0.000418  0.999995  0.003038  -0.000258  -0.003038  0.999995  1.000000  0.000000  0.000000  0.000000  1.000000  0.000000  0.000000  0.000000  1.000000  1.000000  0.000000  0.000000  0.000000  1.000000  0.000000  0.000000  0.000000  1.000000  0.000000  0.000000  
19.871904 -0.001458  0.087936  -0.003177  0.999540  -0.027525  0.012772  0.027169  0.999258  0.027282  -0.013513  -0.026922  0.999546  -0.000925  -0.002689  -0.002621  0.000000  0.000000  0.000000  2.000000  1.000000  0.000000  0.000000  0.000000  1.000000  0.000000  0.000000  0.000000  1.000000  1.000000  -0.000415  0.000123  0.000415  0.999995  0.003159  -0.000124  -0.003159  0.999995  1.000000  0.000000  0.000000  0.000000  1.000000  0.000000  0.000000  0.000000  1.000000  1.000000  0.000000  0.000000  0.000000  1.000000  0.000000  0.000000  0.000000  1.000000  0.000000  0.000000  
19.872906 -0.001460  0.087932  -0.003181  0.999534  -0.027733  0.012763  0.027375  0.999249  0.027406  -0.013513  -0.027043  0.999543  -0.001107  -0.002811  -0.002779  0.000000  0.000000  0.000000  2.000000  1.000000  0.000000  0.000000  0.000000  1.000000  0.000000  0.000000  0.000000  1.000000  1.000000  -0.000621  0.000117  0.000621  0.999995  0.003162  -0.000119  -0.003162  0.999995  1.000000  0.000000  0.000000  0.000000  1.000000  0.000000  0.000000  0.000000  1.000000  1.000000  0.000000  0.000000  0.000000  1.000000  0.000000  0.000000  0.000000  1.000000  0.000000  0.000000  
19.874152 -0.001463  0.087927  -0.003184  0.999534  -0.027736  0.012756  0.027375  0.999243  0.027648  -0.013513  -0.027286  0.999536  -0.001317  -0.002967  -0.002957  0.000000  0.000000  0.000000  2.000000  1.000000  0.000000  0.000000  0.000000  1.000000  0.000000  0.000000  0.000000  1.000000  1.000000  -0.000621  0.000117  0.000621  0.999995  0.003162  -0.000119  -0.003162  0.999995  1.000000  0.000000  0.000000  0.000000  1.000000  0.000000  0.000000  0.000000  1.000000  1.000000  0.000000  0.000000  0.000000  1.000000  0.000000  0.000000  0.000000  1.000000  0.000000  0.000000  
19.875407 -0.001466  0.087923  -0.003188  0.999534  -0.027737  0.012753  0.027375  0.999239  0.027769  -0.013513  -0.027407  0.999533  -0.001477  -0.003066  -0.003061  0.000000  0.000000  0.000000  2.000000  1.000000  0.000000  0.000000  0.000000  1.000000  0.000000  0.000000  0.000000  1.000000  1.000000  -0.000621  0.000117  0.000621  0.999995  0.003041  -0.000119  -0.003041  0.999995  1.000000  0.000000  0.000000  0.000000  1.000000  0.000000  0.000000  0.000000  1.000000  1.000000  0.000000  0.000000  0.000000  1.000000  0.000000  0.000000  0.000000  1.000000  0.000000  0.000000  
19.876651 -0.001470  0.087918  -0.003192  0.999528  -0.027945  0.012744  0.027581  0.999230  0.027893  -0.013513  -0.027528  0.999530  -0.001646  -0.003187  -0.003125  0.000000  0.000000  0.000000  2.000000  1.000000  0.000000  0.000000  0.000000  1.000000  0.000000  0.000000  0.000000  1.000000  1.000000  -0.000617  -0.000017  0.000617  0.999996  0.002919  0.000015  -0.002919  0.999996  1.000000  0.000000  0.000000  0.000000  1.000000  0.000000  0.000000  0.000000  1.000000  1.000000  0.000000  0.000000  0.000000  1.000000  0.000000  0.000000  0.000000  1.000000  0.000000  0.000000  
19.877900 -0.001473  0.087913  -0.003194  0.999530  -0.027943  0.012607  0.027581  0.999227  0.028011  -0.013379  -0.027650  0.999528  -0.001799  -0.003222  -0.003064  0.000000  0.000000  0.000000  2.000000  1.000000  0.000000  0.000000  0.000000  1.000000  0.000000  0.000000  0.000000  1.000000  1.000000  -0.000614  -0.000151  0.000614  0.999996  0.002919  0.000149  -0.002919  0.999996  1.000000  0.000000  0.000000  0.000000  1.000000  0.000000  0.000000  0.000000  1.000000  1.000000  0.000000  0.000000  0.000000  1.000000  0.000000  0.000000  0.000000  1.000000  0.000000  0.000000  
19.878901 -0.001476  0.087910  -0.003196  0.999530  -0.027944  0.012603  0.027581  0.999224  0.028132  -0.013379  -0.027771  0.999525  -0.001924  -0.003276  -0.002983  0.000000  0.000000  0.000000  2.000000  1.000000  0.000000  0.000000  0.000000  1.000000  0.000000  0.000000  0.000000  1.000000  1.000000  -0.000614  -0.000151  0.000614  0.999996  0.002798  0.000149  -0.002798  0.999996  1.000000  0.000000  0.000000  0.000000  1.000000  0.000000  0.000000  0.000000  1.000000  1.000000  0.000000  0.000000  0.000000  1.000000  0.000000  0.000000  0.000000  1.000000  0.000000  0.000000  
