1-Time 2-Px 3-Py 4-Pz 5-R11 6-R21 7-R31 8-R12 9-R22 10-R32 11-R13 12-R23 13-R33 14-Vx 15-Vy 16-Vz 17-Wx 18-Wy 19-Wz 20-state 21-PR11 22-PR21 23-PR31 24-PR12 25-PR22 26-PR32 27-PR13 28-PR23 29-PR33 
9.133948 0.001769  0.083471  -0.010211  0.992720  0.115626  0.033715  -0.037623  0.031783  0.998786  0.114414  -0.992784  0.035901  -0.000941  0.002910  0.001764  0.080825  0.137431  -0.185161  2.000000  1.000000  0.000000  0.000000  0.000000  -0.000000  1.000000  0.000000  -1.000000  -0.000000  0.999991  -0.003439  -0.002535  0.003443  0.999993  0.001625  0.002529  -0.001634  0.999995  1.000000  0.000000  0.000000  0.000000  1.000000  0.000000  0.000000  0.000000  1.000000  1.000000  0.000000  0.000000  0.000000  1.000000  0.000000  0.000000  0.000000  1.000000  0.000097  0.000000  
9.134952 0.001767  0.083473  -0.010210  0.992736  0.115493  0.033719  -0.037623  0.031788  0.998786  0.114281  -0.992799  0.035902  -0.000982  0.002915  0.001735  0.077557  0.130546  -0.184849  2.000000  1.000000  0.000000  0.000000  0.000000  -0.000000  1.000000  0.000000  -1.000000  -0.000000  0.999991  -0.003439  -0.002535  0.003443  0.999993  0.001504  0.002530  -0.001513  0.999996  1.000000  0.000000  0.000000  0.000000  1.000000  0.000000  0.000000  0.000000  1.000000  1.000000  0.000000  0.000000  0.000000  -0.000000  1.000000  0.000000  -1.000000  -0.000000  0.000096  0.000000  
9.136203 0.001764  0.083473  -0.010212  0.992751  0.115237  0.034154  -0.038033  0.031629  0.998776  0.114016  -0.992834  0.035783  -0.001099  0.002682  0.001462  0.080012  0.109814  -0.188565  2.000000  1.000000  0.000000  0.000000  0.000000  -0.000000  1.000000  0.000000  -1.000000  -0.000000  0.999991  -0.003558  -0.002122  0.003561  0.999992  0.001554  0.002117  -0.001561  0.999997  1.000000  0.000000  0.000000  0.000000  1.000000  0.000000  0.000000  0.000000  1.000000  1.000000  0.000000  0.000000  0.000000  -0.000000  1.000000  0.000000  -1.000000  -0.000000  0.000095  0.000000  
9.137216 0.001761  0.083471  -0.010215  0.992796  0.114715  0.034599  -0.038444  0.031481  0.998765  0.113484  -0.992900  0.035664  -0.001182  0.002355  0.001086  0.085693  0.095708  -0.196915  2.000000  1.000000  0.000000  0.000000  0.000000  -0.000000  1.000000  0.000000  -1.000000  -0.000000  0.999992  -0.003662  -0.001300  0.003664  0.999992  0.001529  0.001295  -0.001534  0.999998  1.000000  0.000000  0.000000  0.000000  1.000000  0.000000  0.000000  0.000000  1.000000  1.000000  0.000000  0.000000  0.000000  -0.000000  1.000000  0.000000  -1.000000  -0.000000  0.000092  0.000000  
9.138451 0.001759  0.083469  -0.010219  0.992832  0.114203  0.035234  -0.039060  0.031431  0.998742  0.112952  -0.992960  0.035666  -0.001255  0.001969  0.000737  0.084917  0.067981  -0.204984  2.000000  1.000000  0.000000  0.000000  0.000000  -0.000000  1.000000  0.000000  -1.000000  -0.000000  0.999992  -0.003892  -0.000269  0.003893  0.999991  0.001650  0.000263  -0.001651  0.999999  1.000000  0.000000  0.000000  0.000000  1.000000  0.000000  0.000000  0.000000  1.000000  1.000000  0.000000  0.000000  0.000000  -0.000000  1.000000  0.000000  -1.000000  -0.000000  0.000093  0.000000  
9.139700 0.001757  0.083465  -0.010222  0.992885  0.113674  0.035473  -0.039266  0.031307  0.998738  0.112420  -0.993025  0.035548  -0.001300  0.001524  0.000372  0.082466  0.053789  -0.217940  2.000000  1.000000  0.000000  0.000000  0.000000  -0.000000  1.000000  0.000000  -1.000000  -0.000000  0.999991  -0.004145  0.000148  0.004145  0.999990  0.001698  -0.000155  -0.001698  0.999999  1.000000  0.000000  0.000000  0.000000  1.000000  0.000000  0.000000  0.000000  1.000000  1.000000  0.000000  0.000000  0.000000  -0.000000  1.000000  0.000000  -1.000000  -0.000000  0.000094  0.000000  
9.140951 0.001756  0.083461  -0.010225  0.992907  0.113411  0.035702  -0.039472  0.031173  0.998734  0.112154  -0.993059  0.035429  -0.001303  0.000971  0.000012  0.084080  0.040085  -0.217430  2.000000  1.000000  0.000000  0.000000  0.000000  -0.000000  1.000000  0.000000  -1.000000  -0.000000  0.999991  -0.004264  0.000561  0.004263  0.999990  0.001625  -0.000568  -0.001623  0.999999  1.000000  0.000000  0.000000  0.000000  1.000000  0.000000  0.000000  0.000000  1.000000  1.000000  0.000000  0.000000  0.000000  -0.000000  1.000000  0.000000  -1.000000  -0.000000  0.000095  0.000000  
9.142205 0.001755  0.083456  -0.010227  0.992912  0.113160  0.036342  -0.040086  0.030993  0.998715  0.111889  -0.993093  0.035309  -0.001312  0.000395  -0.000300  0.087262  0.012643  -0.216374  2.000000  1.000000  0.000000  0.000000  0.000000  -0.000000  1.000000  0.000000  -1.000000  -0.000000  0.999990  -0.004250  0.000970  0.004248  0.999989  0.001794  -0.000977  -0.001790  0.999998  1.000000  0.000000  0.000000  0.000000  1.000000  0.000000  0.000000  0.000000  1.000000  1.000000  0.000000  0.000000  0.000000  -0.000000  1.000000  0.000000  -1.000000  -0.000000  0.000092  0.000000  
9.143450 0.001755  0.083452  -0.010229  0.992902  0.113042  0.036977  -0.040700  0.030807  0.998696  0.111756  -0.993112  0.035189  -0.001250  -0.000111  -0.000621  0.089751  -0.014517  -0.209254  2.000000  1.000000  0.000000  0.000000  0.000000  -0.000000  1.000000  0.000000  -1.000000  -0.000000  0.999989  -0.004348  0.001996  0.004344  0.999989  0.001914  -0.002004  -0.001905  0.999996  1.000000  0.000000  0.000000  0.000000  1.000000  0.000000  0.000000  0.000000  1.000000  1.000000  0.000000  0.000000  0.000000  -0.000000  1.000000  0.000000  -1.000000  -0.000000  0.000092  0.000000  
9.144699 0.001754  0.083447  -0.010233  0.992936  0.112521  0.037640  -0.041316  0.030517  0.998680  0.111224  -0.993181  0.034951  -0.001246  -0.000750  -0.001051  0.096938  -0.042061  -0.217182  2.000000  1.000000  0.000000  0.000000  0.000000  -0.000000  1.000000  0.000000  -1.000000  -0.000000  0.999986  -0.004453  0.002817  0.004448  0.999988  0.001887  -0.002826  -0.001875  0.999994  1.000000  0.000000  0.000000  0.000000  1.000000  0.000000  0.000000  0.000000  1.000000  1.000000  0.000000  0.000000  0.000000  -0.000000  1.000000  0.000000  -1.000000  -0.000000  0.000094  0.000000  
9.145953 0.001751  0.083441  -0.010238  0.992970  0.112004  0.038289  -0.041932  0.030349  0.998659  0.110692  -0.993244  0.034832  -0.001314  -0.001412  -0.001531  0.100839  -0.070162  -0.226868  2.000000  1.000000  0.000000  0.000000  0.000000  -0.000000  1.000000  0.000000  -1.000000  -0.000000  0.999983  -0.004700  0.003439  0.004693  0.999987  0.002079  -0.003448  -0.002063  0.999992  1.000000  0.000000  0.000000  0.000000  1.000000  0.000000  0.000000  0.000000  1.000000  1.000000  0.000000  0.000000  0.000000  -0.000000  1.000000  0.000000  -1.000000  -0.000000  0.000101  0.000000  
9.147200 0.001750  0.083433  -0.010243  0.993023  0.111232  0.039139  -0.042753  0.030291  0.998626  0.109894  -0.993333  0.034835  -0.001345  -0.002092  -0.001958  0.101457  -0.112029  -0.243376  2.000000  1.000000  -0.000195  0.000158  -0.000158  -0.000081  1.000000  -0.000195  -1.000000  -0.000081  0.999976  -0.005333  0.004484  0.005323  0.999983  0.002198  -0.004496  -0.002174  0.999988  1.000000  -0.000067  0.000056  0.000067  1.000000  0.000027  -0.000056  -0.000027  1.000000  1.000000  -0.000195  0.000158  -0.000158  -0.000081  1.000000  -0.000195  -1.000000  -0.000081  0.000111  0.007302  
9.148260 0.001748  0.083427  -0.010246  0.993055  0.110715  0.039788  -0.043369  0.030125  0.998605  0.109362  -0.993396  0.034717  -0.001372  -0.002876  -0.002349  0.104332  -0.139520  -0.250862  2.000000  1.000000  -0.000472  0.000408  -0.000408  -0.000191  1.000000  -0.000472  -1.000000  -0.000192  0.999970  -0.005706  0.005315  0.005694  0.999981  0.002292  -0.005328  -0.002262  0.999983  1.000000  -0.000071  0.000067  0.000071  1.000000  0.000028  -0.000067  -0.000028  1.000000  1.000000  -0.000472  0.000408  -0.000408  -0.000191  1.000000  -0.000472  -1.000000  -0.000192  0.000120  0.008124  
9.149449 0.001746  0.083418  -0.010251  0.993107  0.109948  0.040625  -0.044191  0.030190  0.998567  0.108564  -0.993479  0.034841  -0.001458  -0.003644  -0.002790  0.100217  -0.174811  -0.268098  2.000000  0.999999  -0.000775  0.000701  -0.000701  -0.000305  1.000000  -0.000775  -1.000000  -0.000305  0.999961  -0.006206  0.006356  0.006192  0.999978  0.002288  -0.006370  -0.002248  0.999977  1.000000  -0.000077  0.000080  0.000077  1.000000  0.000028  -0.000080  -0.000028  1.000000  0.999999  -0.000775  0.000701  -0.000701  -0.000305  1.000000  -0.000775  -1.000000  -0.000305  0.000133  0.009168  
9.150700 0.001742  0.083408  -0.010256  0.993166  0.109170  0.041270  -0.044808  0.030158  0.998540  0.107766  -0.993566  0.034844  -0.001572  -0.004369  -0.003006  0.095093  -0.202949  -0.285141  2.000000  0.999999  -0.001108  0.001037  -0.001038  -0.000412  0.999999  -0.001107  -0.999999  -0.000413  0.999952  -0.006853  0.006993  0.006838  0.999974  0.002115  -0.007007  -0.002067  0.999973  1.000000  -0.000086  0.000088  0.000086  1.000000  0.000026  -0.000088  -0.000026  1.000000  0.999999  -0.001108  0.001037  -0.001038  -0.000412  0.999999  -0.001107  -0.999999  -0.000413  0.000144  0.010012  
9.151702 0.001738  0.083400  -0.010259  0.993210  0.108524  0.041910  -0.045425  0.030121  0.998514  0.107101  -0.993637  0.034846  -0.001596  -0.004832  -0.003023  0.097306  -0.224156  -0.302282  2.000000  0.999998  -0.001465  0.001406  -0.001406  -0.000518  0.999999  -0.001464  -0.999999  -0.000520  0.999944  -0.007367  0.007625  0.007350  0.999971  0.002185  -0.007641  -0.002129  0.999969  1.000000  -0.000092  0.000095  0.000092  1.000000  0.000027  -0.000095  -0.000027  1.000000  0.999998  -0.001465  0.001406  -0.001406  -0.000518  0.999999  -0.001464  -0.999999  -0.000520  0.000152  0.010820  
9.152955 0.001733  0.083390  -0.010263  0.993267  0.107746  0.042554  -0.046042  0.030091  0.998486  0.106303  -0.993723  0.034849  -0.001769  -0.005336  -0.003050  0.096967  -0.259281  -0.323483  2.000000  0.999996  -0.001947  0.001906  -0.001908  -0.000650  0.999998  -0.001946  -0.999998  -0.000654  0.999934  -0.008014  0.008262  0.007997  0.999966  0.002134  -0.008279  -0.002067  0.999964  1.000000  -0.000100  0.000103  0.000100  1.000000  0.000026  -0.000103  -0.000026  1.000000  0.999996  -0.001947  0.001906  -0.001908  -0.000650  0.999998  -0.001946  -0.999998  -0.000654  0.000165  0.011701  
9.154209 0.001729  0.083379  -0.010269  0.993328  0.106846  0.043396  -0.046865  0.030167  0.998446  0.105371  -0.993818  0.034973  -0.001968  -0.005901  -0.003224  0.088407  -0.294396  -0.344676  2.000000  0.999994  -0.002473  0.002460  -0.002462  -0.000780  0.999997  -0.002471  -0.999997  -0.000786  0.999918  -0.008780  0.009313  0.008762  0.999960  0.002008  -0.009330  -0.001926  0.999955  1.000000  -0.000110  0.000117  0.000110  1.000000  0.000025  -0.000117  -0.000025  1.000000  0.999994  -0.002473  0.002460  -0.002462  -0.000780  0.999997  -0.002471  -0.999997  -0.000786  0.000180  0.012950  
9.155448 0.001724  0.083368  -0.010276  0.993387  0.105941  0.044251  -0.047687  0.030124  0.998408  0.104440  -0.993916  0.034977  -0.002148  -0.006326  -0.003502  0.087237  -0.322790  -0.366288  2.000000  0.999991  -0.003044  0.003074  -0.003076  -0.000904  0.999995  -0.003041  -0.999995  -0.000914  0.999904  -0.009421  0.010154  0.009400  0.999954  0.002101  -0.010174  -0.002005  0.999946  1.000000  -0.000118  0.000127  0.000118  1.000000  0.000026  -0.000127  -0.000026  1.000000  0.999991  -0.003044  0.003074  -0.003076  -0.000904  0.999995  -0.003041  -0.999995  -0.000914  0.000195  0.014003  
9.156701 0.001721  0.083357  -0.010286  0.993441  0.105163  0.044896  -0.048305  0.030097  0.998379  0.103641  -0.993999  0.034979  -0.002307  -0.006743  -0.003999  0.090117  -0.351077  -0.387735  2.000000  0.999986  -0.003654  0.003730  -0.003733  -0.001026  0.999993  -0.003650  -0.999993  -0.001040  0.999895  -0.009942  0.010582  0.009921  0.999949  0.002023  -0.010602  -0.001917  0.999942  1.000000  -0.000124  0.000132  0.000124  1.000000  0.000025  -0.000132  -0.000025  1.000000  0.999986  -0.003654  0.003730  -0.003733  -0.001026  0.999993  -0.003650  -0.999993  -0.001040  0.000207  0.014653  
9.157950 0.001719  0.083348  -0.010298  0.993508  0.104252  0.045545  -0.048923  0.030078  0.998350  0.102710  -0.994096  0.034983  -0.002479  -0.007119  -0.004669  0.088104  -0.372514  -0.409496  2.000000  0.999981  -0.004292  0.004392  -0.004397  -0.001145  0.999990  -0.004287  -0.999990  -0.001164  0.999890  -0.010343  0.010597  0.010323  0.999945  0.001896  -0.010616  -0.001786  0.999942  1.000000  -0.000129  0.000133  0.000129  1.000000  0.000023  -0.000133  -0.000023  1.000000  0.999981  -0.004292  0.004392  -0.004397  -0.001145  0.999990  -0.004287  -0.999990  -0.001164  0.000222  0.014922  
9.159204 0.001716  0.083338  -0.010311  0.993573  0.103340  0.046194  -0.049542  0.030060  0.998320  0.101778  -0.994192  0.034986  -0.002554  -0.007479  -0.005352  0.086824  -0.400906  -0.435423  2.000000  0.999976  -0.004824  0.004925  -0.004931  -0.001235  0.999987  -0.004818  -0.999988  -0.001259  0.999886  -0.010744  0.010612  0.010724  0.999941  0.001892  -0.010631  -0.001778  0.999942  1.000000  -0.000134  0.000133  0.000134  1.000000  0.000023  -0.000133  -0.000023  1.000000  0.999976  -0.004824  0.004925  -0.004931  -0.001235  0.999987  -0.004818  -0.999988  -0.001259  0.000234  0.015213  
9.160445 0.001714  0.083327  -0.010326  0.993626  0.102441  0.047037  -0.050365  0.030143  0.998276  0.100846  -0.994282  0.035110  -0.002541  -0.007805  -0.005981  0.081556  -0.432840  -0.457534  2.000000  0.999969  -0.005509  0.005614  -0.005622  -0.001342  0.999983  -0.005502  -0.999984  -0.001373  0.999875  -0.011124  0.011240  0.011104  0.999937  0.001835  -0.011259  -0.001710  0.999935  1.000000  -0.000139  0.000141  0.000139  1.000000  0.000022  -0.000141  -0.000022  1.000000  0.999969  -0.005509  0.005614  -0.005622  -0.001342  0.999983  -0.005502  -0.999984  -0.001373  0.000251  0.015913  
9.161451 0.001713  0.083317  -0.010337  0.993673  0.101789  0.047471  -0.050777  0.030135  0.998255  0.100181  -0.994350  0.035113  -0.002560  -0.008151  -0.006484  0.079479  -0.450836  -0.478862  2.000000  0.999962  -0.006080  0.006190  -0.006198  -0.001418  0.999980  -0.006071  -0.999981  -0.001456  0.999864  -0.011643  0.011669  0.011625  0.999931  0.001635  -0.011687  -0.001500  0.999931  1.000000  -0.000145  0.000146  0.000145  1.000000  0.000020  -0.000146  -0.000020  1.000000  0.999962  -0.006080  0.006190  -0.006198  -0.001418  0.999980  -0.006071  -0.999981  -0.001456  0.000261  0.016560  
9.162700 0.001710  0.083304  -0.010350  0.993748  0.100744  0.048125  -0.051396  0.030127  0.998224  0.099116  -0.994456  0.035116  -0.002593  -0.008427  -0.006999  0.081389  -0.472359  -0.504979  2.000000  0.999953  -0.006830  0.006925  -0.006935  -0.001507  0.999975  -0.006819  -0.999976  -0.001554  0.999854  -0.012305  0.011898  0.012287  0.999923  0.001534  -0.011916  -0.001388  0.999928  1.000000  -0.000154  0.000149  0.000154  1.000000  0.000018  -0.000149  -0.000018  1.000000  0.999953  -0.006830  0.006925  -0.006935  -0.001507  0.999975  -0.006819  -0.999976  -0.001554  0.000276  0.017179  
9.163714 0.001708  0.083293  -0.010361  0.993792  0.100092  0.048560  -0.051809  0.030120  0.998203  0.098450  -0.994522  0.035119  -0.002622  -0.008694  -0.007472  0.079317  -0.493470  -0.522089  2.000000  0.999944  -0.007463  0.007515  -0.007527  -0.001570  0.999970  -0.007451  -0.999971  -0.001626  0.999847  -0.012840  0.011917  0.012824  0.999917  0.001410  -0.011934  -0.001257  0.999928  1.000000  -0.000160  0.000149  0.000160  1.000000  0.000017  -0.000149  -0.000017  1.000000  0.999944  -0.007463  0.007515  -0.007527  -0.001570  0.999970  -0.007451  -0.999971  -0.001626  0.000288  0.017569  
9.164728 0.001705  0.083281  -0.010370  0.993839  0.099314  0.049204  -0.052427  0.030100  0.998171  0.097651  -0.994601  0.035121  -0.002647  -0.008955  -0.007918  0.081263  -0.514723  -0.543608  2.000000  0.999937  -0.007962  0.007960  -0.007973  -0.001614  0.999967  -0.007949  -0.999967  -0.001678  0.999837  -0.013508  0.011941  0.013494  0.999908  0.001288  -0.011957  -0.001126  0.999928  1.000000  -0.000169  0.000149  0.000169  1.000000  0.000015  -0.000149  -0.000015  1.000000  0.999937  -0.007962  0.007960  -0.007973  -0.001614  0.999967  -0.007949  -0.999967  -0.001678  0.000296  0.018070  
9.165947 0.001702  0.083267  -0.010382  0.993884  0.098541  0.049837  -0.053045  0.030202  0.998135  0.096852  -0.994675  0.035245  -0.002610  -0.009256  -0.008316  0.073760  -0.525221  -0.556926  2.000000  0.999929  -0.008482  0.008416  -0.008430  -0.001653  0.999963  -0.008467  -0.999963  -0.001724  0.999827  -0.014034  0.012166  0.014021  0.999901  0.001186  -0.012181  -0.001016  0.999925  1.000000  -0.000175  0.000152  0.000175  1.000000  0.000014  -0.000152  -0.000014  1.000000  0.999929  -0.008482  0.008416  -0.008430  -0.001653  0.999963  -0.008467  -0.999963  -0.001724  0.000306  0.018607  
9.167199 0.001698  0.083252  -0.010395  0.993940  0.097762  0.050265  -0.053458  0.030326  0.998109  0.096053  -0.994748  0.035368  -0.002535  -0.009632  -0.009025  0.064653  -0.519048  -0.566402  2.000000  0.999914  -0.009369  0.009171  -0.009188  -0.001702  0.999956  -0.009353  -0.999955  -0.001788  0.999826  -0.014307  0.011973  0.014299  0.999897  0.000794  -0.011984  -0.000622  0.999928  1.000000  -0.000179  0.000150  0.000179  1.000000  0.000009  -0.000150  -0.000009  1.000000  0.999914  -0.009369  0.009171  -0.009188  -0.001702  0.999956  -0.009353  -0.999955  -0.001788  0.000306  0.018671  
9.168202 0.001695  0.083240  -0.010406  0.993993  0.097104  0.050494  -0.053666  0.030342  0.998098  0.095387  -0.994812  0.035371  -0.002473  -0.009861  -0.009537  0.063411  -0.509518  -0.575789  2.000000  0.999902  -0.010083  0.009760  -0.009778  -0.001730  0.999951  -0.010066  -0.999948  -0.001828  0.999828  -0.014314  0.011770  0.014306  0.999897  0.000764  -0.011780  -0.000595  0.999930  1.000000  -0.000179  0.000147  0.000179  1.000000  0.000009  -0.000147  -0.000008  1.000000  0.999902  -0.010083  0.009760  -0.009778  -0.001730  0.999951  -0.010066  -0.999948  -0.001828  0.000308  0.018545  
9.169205 0.001692  0.083229  -0.010418  0.994045  0.096452  0.050711  -0.053874  0.030479  0.998082  0.094721  -0.994871  0.035493  -0.002450  -0.010035  -0.009974  0.054985  -0.509761  -0.584655  2.000000  0.999888  -0.010800  0.010328  -0.010347  -0.001747  0.999945  -0.010781  -0.999940  -0.001858  0.999835  -0.014334  0.011159  0.014330  0.999897  0.000447  -0.011164  -0.000288  0.999938  1.000000  -0.000179  0.000140  0.000179  1.000000  0.000005  -0.000140  -0.000005  1.000000  0.999888  -0.010800  0.010328  -0.010347  -0.001747  0.999945  -0.010781  -0.999940  -0.001858  0.000308  0.018170  
9.170451 0.001689  0.083216  -0.010435  0.994098  0.095679  0.051127  -0.054288  0.030725  0.998053  0.093922  -0.994938  0.035738  -0.002365  -0.010154  -0.010619  0.042860  -0.513173  -0.597492  2.000000  0.999871  -0.011696  0.011002  -0.011023  -0.001751  0.999938  -0.011676  -0.999930  -0.001880  0.999841  -0.014354  0.010548  0.014352  0.999897  0.000249  -0.010550  -0.000098  0.999944  1.000000  -0.000179  0.000132  0.000179  1.000000  0.000002  -0.000132  -0.000002  1.000000  0.999871  -0.011696  0.011002  -0.011023  -0.001751  0.999938  -0.011676  -0.999930  -0.001880  0.000313  0.017815  
9.171700 0.001685  0.083203  -0.010453  0.994163  0.094767  0.051560  -0.054702  0.030858  0.998026  0.092989  -0.995021  0.035861  -0.002383  -0.010266  -0.011117  0.034500  -0.514333  -0.620176  2.000000  0.999853  -0.012585  0.011646  -0.011669  -0.001749  0.999930  -0.012564  -0.999919  -0.001895  0.999845  -0.014225  0.010343  0.014225  0.999899  0.000096  -0.010343  0.000051  0.999947  1.000000  -0.000178  0.000129  0.000178  1.000000  0.000000  -0.000129  -0.000000  1.000000  0.999853  -0.012585  0.011646  -0.011669  -0.001749  0.999930  -0.012564  -0.999919  -0.001895  0.000320  0.017589  
9.172952 0.001683  0.083192  -0.010471  0.994227  0.093856  0.051993  -0.055116  0.030991  0.997999  0.092057  -0.995103  0.035985  -0.002410  -0.010449  -0.011592  0.025608  -0.512227  -0.647640  2.000000  0.999834  -0.013485  0.012275  -0.012299  -0.001734  0.999923  -0.013463  -0.999908  -0.001900  0.999845  -0.014505  0.009946  0.014507  0.999895  -0.000076  -0.009944  0.000221  0.999951  1.000000  -0.000181  0.000124  0.000181  1.000000  -0.000002  -0.000124  0.000002  1.000000  0.999834  -0.013485  0.012275  -0.012299  -0.001734  0.999923  -0.013463  -0.999908  -0.001900  0.000328  0.017589  
9.174201 0.001680  0.083183  -0.010489  0.994289  0.093071  0.052216  -0.055325  0.031137  0.997983  0.091257  -0.995172  0.036109  -0.002414  -0.010325  -0.011866  0.015758  -0.498961  -0.661588  2.000000  0.999817  -0.014215  0.012770  -0.012796  -0.001712  0.999917  -0.014192  -0.999897  -0.001894  0.999845  -0.014645  0.009749  0.014648  0.999893  -0.000226  -0.009745  0.000369  0.999952  1.000000  -0.000183  0.000122  0.000183  1.000000  -0.000004  -0.000122  0.000004  1.000000  0.999817  -0.014215  0.012770  -0.012796  -0.001712  0.999917  -0.014192  -0.999897  -0.001894  0.000332  0.017597  
9.175448 0.001676  0.083174  -0.010507  0.994339  0.092419  0.052435  -0.055533  0.031276  0.997967  0.090591  -0.995229  0.036231  -0.002574  -0.010195  -0.012073  0.005908  -0.481642  -0.665667  2.000000  0.999797  -0.015121  0.013353  -0.013380  -0.001679  0.999909  -0.015097  -0.999884  -0.001881  0.999855  -0.014398  0.009128  0.014401  0.999896  -0.000299  -0.009123  0.000431  0.999958  1.000000  -0.000180  0.000114  0.000180  1.000000  -0.000005  -0.000114  0.000005  1.000000  0.999797  -0.015121  0.013353  -0.013380  -0.001679  0.999909  -0.015097  -0.999884  -0.001881  0.000329  0.017053  
9.176701 0.001672  0.083164  -0.010524  0.994399  0.091767  0.052436  -0.055536  0.031555  0.997958  0.089925  -0.995280  0.036475  -0.002704  -0.010012  -0.012339  -0.009411  -0.457783  -0.663035  2.000000  0.999775  -0.016013  0.013896  -0.013924  -0.001635  0.999902  -0.015989  -0.999870  -0.001858  0.999865  -0.014159  0.008303  0.014164  0.999900  -0.000515  -0.008294  0.000632  0.999965  1.000000  -0.000177  0.000104  0.000177  1.000000  -0.000007  -0.000104  0.000007  1.000000  0.999775  -0.016013  0.013896  -0.013924  -0.001635  0.999902  -0.015989  -0.999870  -0.001858  0.000322  0.016424  
9.177947 0.001667  0.083154  -0.010544  0.994447  0.091241  0.052445  -0.055539  0.031706  0.997953  0.089392  -0.995324  0.036598  -0.002898  -0.009871  -0.012727  -0.020622  -0.431089  -0.661006  2.000000  0.999754  -0.016888  0.014394  -0.014423  -0.001574  0.999895  -0.016863  -0.999856  -0.001817  0.999874  -0.013912  0.007683  0.013918  0.999903  -0.000827  -0.007671  0.000934  0.999970  1.000000  -0.000174  0.000096  0.000174  1.000000  -0.000011  -0.000096  0.000011  1.000000  0.999754  -0.016888  0.014394  -0.014423  -0.001574  0.999895  -0.016863  -0.999856  -0.001817  0.000315  0.015917  
9.178947 0.001662  0.083143  -0.010561  0.994494  0.090722  0.052442  -0.055542  0.031978  0.997944  0.088859  -0.995363  0.036841  -0.003057  -0.009767  -0.013270  -0.031713  -0.402612  -0.656083  2.000000  0.999737  -0.017575  0.014766  -0.014795  -0.001514  0.999889  -0.017550  -0.999844  -0.001774  0.999880  -0.013658  0.007266  0.013666  0.999906  -0.000997  -0.007252  0.001096  0.999973  1.000000  -0.000171  0.000091  0.000171  1.000000  -0.000013  -0.000091  0.000013  1.000000  0.999737  -0.017575  0.014766  -0.014795  -0.001514  0.999889  -0.017550  -0.999844  -0.001774  0.000309  0.015507  
9.179949 0.001657  0.083133  -0.010579  0.994554  0.090064  0.052456  -0.055545  0.032136  0.997939  0.088192  -0.995417  0.036964  -0.003213  -0.009628  -0.013945  -0.033022  -0.385857  -0.655497  2.000000  0.999719  -0.018249  0.015107  -0.015136  -0.001442  0.999884  -0.018225  -0.999832  -0.001717  0.999886  -0.013545  0.006651  0.013554  0.999907  -0.001308  -0.006633  0.001398  0.999977  1.000000  -0.000169  0.000083  0.000169  1.000000  -0.000017  -0.000083  0.000017  1.000000  0.999719  -0.018249  0.015107  -0.015136  -0.001442  0.999884  -0.018225  -0.999832  -0.001717  0.000304  0.015151  
9.181204 0.001650  0.083121  -0.010602  0.994636  0.089146  0.052469  -0.055549  0.032430  0.997929  0.087259  -0.995491  0.037208  -0.003418  -0.009566  -0.014503  -0.042739  -0.372670  -0.664916  2.000000  0.999698  -0.019087  0.015493  -0.015521  -0.001334  0.999879  -0.019064  -0.999817  -0.001629  0.999893  -0.013440  0.005831  0.013450  0.999908  -0.001639  -0.005809  0.001717  0.999982  1.000000  -0.000168  0.000073  0.000168  1.000000  -0.000021  -0.000073  0.000021  1.000000  0.999698  -0.019087  0.015493  -0.015521  -0.001334  0.999879  -0.019064  -0.999817  -0.001629  0.000303  0.014747  
9.182448 0.001643  0.083107  -0.010627  0.994694  0.088367  0.052683  -0.055758  0.032699  0.997909  0.086460  -0.995551  0.037452  -0.003647  -0.009448  -0.015294  -0.052432  -0.359132  -0.665380  2.000000  0.999680  -0.019765  0.015775  -0.015803  -0.001239  0.999874  -0.019743  -0.999804  -0.001551  0.999893  -0.013588  0.005429  0.013597  0.999906  -0.001685  -0.005406  0.001758  0.999984  1.000000  -0.000170  0.000068  0.000170  1.000000  -0.000022  -0.000068  0.000022  1.000000  0.999680  -0.019765  0.015775  -0.015803  -0.001239  0.999874  -0.019743  -0.999804  -0.001551  0.000302  0.014734  
9.183697 0.001636  0.083095  -0.010651  0.994763  0.087576  0.052702  -0.055762  0.032865  0.997903  0.085660  -0.995616  0.037576  -0.003837  -0.009321  -0.015920  -0.055350  -0.331762  -0.661861  2.000000  0.999658  -0.020606  0.016098  -0.016124  -0.001106  0.999869  -0.020586  -0.999787  -0.001438  0.999898  -0.013476  0.004814  0.013486  0.999907  -0.001993  -0.004786  0.002058  0.999986  1.000000  -0.000169  0.000060  0.000169  1.000000  -0.000025  -0.000060  0.000025  1.000000  0.999658  -0.020606  0.016098  -0.016124  -0.001106  0.999869  -0.020586  -0.999787  -0.001438  0.000297  0.014453  
9.184704 0.001632  0.083085  -0.010669  0.994797  0.087189  0.052696  -0.055764  0.033129  0.997894  0.085260  -0.995641  0.037819  -0.003980  -0.009243  -0.016379  -0.066785  -0.306341  -0.650171  2.000000  0.999641  -0.021265  0.016330  -0.016354  -0.000988  0.999866  -0.021246  -0.999773  -0.001336  0.999905  -0.013090  0.004391  0.013099  0.999912  -0.002159  -0.004362  0.002216  0.999988  1.000000  -0.000164  0.000055  0.000164  1.000000  -0.000027  -0.000055  0.000027  1.000000  0.999641  -0.021265  0.016330  -0.016354  -0.000988  0.999866  -0.021246  -0.999773  -0.001336  0.000290  0.013979  
9.185951 0.001626  0.083073  -0.010693  0.994854  0.086657  0.052500  -0.055562  0.033298  0.997900  0.084727  -0.995682  0.037941  -0.004113  -0.009127  -0.016739  -0.074357  -0.271585  -0.638153  2.000000  0.999619  -0.022055  0.016572  -0.016594  -0.000826  0.999862  -0.022039  -0.999756  -0.001192  0.999921  -0.012199  0.003130  0.012207  0.999923  -0.002406  -0.003101  0.002444  0.999992  1.000000  -0.000153  0.000039  0.000153  1.000000  -0.000030  -0.000039  0.000030  1.000000  0.999619  -0.022055  0.016572  -0.016594  -0.000826  0.999862  -0.022039  -0.999756  -0.001192  0.000281  0.012826  
9.187197 0.001622  0.083063  -0.010715  0.994888  0.086264  0.052505  -0.055564  0.033441  0.997895  0.084327  -0.995711  0.038063  -0.004185  -0.009028  -0.017012  -0.079196  -0.255379  -0.624380  2.000000  0.999600  -0.022804  0.016754  -0.016774  -0.000656  0.999859  -0.022790  -0.999740  -0.001038  0.999927  -0.011813  0.002707  0.011820  0.999927  -0.002569  -0.002677  0.002601  0.999993  1.000000  -0.000148  0.000034  0.000148  1.000000  -0.000032  -0.000034  0.000032  1.000000  0.999600  -0.022804  0.016754  -0.016774  -0.000656  0.999859  -0.022790  -0.999740  -0.001038  0.000272  0.012392  
9.188200 0.001618  0.083055  -0.010734  0.994922  0.085998  0.052300  -0.055360  0.033595  0.997901  0.084060  -0.995729  0.038185  -0.004330  -0.009062  -0.017326  -0.086675  -0.229246  -0.608254  2.000000  0.999584  -0.023388  0.016879  -0.016896  -0.000519  0.999857  -0.023376  -0.999726  -0.000914  0.999929  -0.011695  0.002294  0.011701  0.999928  -0.002610  -0.002263  0.002636  0.999994  1.000000  -0.000146  0.000028  0.000146  1.000000  -0.000033  -0.000028  0.000033  1.000000  0.999584  -0.023388  0.016879  -0.016896  -0.000519  0.999857  -0.023376  -0.999726  -0.000914  0.000264  0.012203  
9.189201 0.001615  0.083046  -0.010753  0.994955  0.085605  0.052304  -0.055362  0.033738  0.997896  0.083660  -0.995758  0.038307  -0.004373  -0.009111  -0.017632  -0.091356  -0.213536  -0.599156  2.000000  0.999569  -0.023957  0.016983  -0.016997  -0.000377  0.999855  -0.023948  -0.999713  -0.000784  0.999933  -0.011443  0.001876  0.011448  0.999931  -0.002650  -0.001845  0.002672  0.999995  1.000000  -0.000143  0.000023  0.000143  1.000000  -0.000033  -0.000023  0.000033  1.000000  0.999569  -0.023957  0.016983  -0.016997  -0.000377  0.999855  -0.023948  -0.999713  -0.000784  0.000259  0.011897  
9.190447 0.001610  0.083034  -0.010779  0.995011  0.084952  0.052309  -0.055365  0.034017  0.997887  0.082993  -0.995804  0.038551  -0.004430  -0.009319  -0.018145  -0.098905  -0.187396  -0.591645  2.000000  0.999554  -0.024521  0.017074  -0.017085  -0.000232  0.999854  -0.024513  -0.999699  -0.000651  0.999935  -0.011317  0.001667  0.011321  0.999932  -0.002671  -0.001637  0.002689  0.999995  1.000000  -0.000141  0.000021  0.000141  1.000000  -0.000034  -0.000021  0.000034  1.000000  0.999554  -0.024521  0.017074  -0.017085  -0.000232  0.999854  -0.024513  -0.999699  -0.000651  0.000253  0.011749  
9.191702 0.001604  0.083021  -0.010806  0.995055  0.084427  0.052320  -0.055367  0.034168  0.997881  0.082460  -0.995844  0.038673  -0.004532  -0.009604  -0.018816  -0.104964  -0.166233  -0.578741  2.000000  0.999535  -0.025212  0.017168  -0.017175  -0.000047  0.999853  -0.025207  -0.999682  -0.000480  0.999939  -0.010931  0.001245  0.010935  0.999936  -0.002832  -0.001214  0.002845  0.999995  1.000000  -0.000137  0.000015  0.000137  1.000000  -0.000035  -0.000015  0.000035  1.000000  0.999535  -0.025212  0.017168  -0.017175  -0.000047  0.999853  -0.025207  -0.999682  -0.000480  0.000246  0.011362  
9.192946 0.001598  0.083007  -0.010834  0.995110  0.083774  0.052325  -0.055370  0.034447  0.997872  0.081793  -0.995889  0.038917  -0.004550  -0.009761  -0.019342  -0.114188  -0.144339  -0.570448  2.000000  0.999516  -0.025886  0.017236  -0.017238  0.000142  0.999851  -0.025884  -0.999665  -0.000305  0.999943  -0.010680  0.000826  0.010682  0.999939  -0.002871  -0.000796  0.002879  0.999996  1.000000  -0.000134  0.000010  0.000134  1.000000  -0.000036  -0.000010  0.000036  1.000000  0.999516  -0.025886  0.017236  -0.017238  0.000142  0.999851  -0.025884  -0.999665  -0.000305  0.000239  0.011091  
9.193948 0.001594  0.082997  -0.010856  0.995154  0.083374  0.052125  -0.055167  0.034607  0.997877  0.081393  -0.995917  0.039039  -0.004537  -0.009804  -0.019759  -0.121814  -0.117392  -0.558377  2.000000  0.999502  -0.026406  0.017273  -0.017271  0.000295  0.999851  -0.026407  -0.999651  -0.000161  0.999947  -0.010294  0.000404  0.010296  0.999943  -0.002909  -0.000374  0.002913  0.999996  1.000000  -0.000129  0.000005  0.000129  1.000000  -0.000036  -0.000005  0.000036  1.000000  0.999502  -0.026406  0.017273  -0.017271  0.000295  0.999851  -0.026407  -0.999651  -0.000161  0.000235  0.010706  
9.195204 0.001587  0.082983  -0.010884  0.995187  0.082981  0.052131  -0.055169  0.034750  0.997872  0.080993  -0.995945  0.039161  -0.004496  -0.009834  -0.020048  -0.123812  -0.096188  -0.541519  2.000000  0.999485  -0.027031  0.017288  -0.017282  0.000490  0.999851  -0.027035  -0.999634  0.000023  0.999950  -0.010035  0.000189  0.010036  0.999945  -0.002928  -0.000160  0.002930  0.999996  1.000000  -0.000125  0.000002  0.000125  1.000000  -0.000037  -0.000002  0.000037  1.000000  0.999485  -0.027031  0.017288  -0.017282  0.000490  0.999851  -0.027035  -0.999634  0.000023  0.000227  0.010456  
9.196448 0.001580  0.082970  -0.010911  0.995230  0.082588  0.051921  -0.054966  0.035031  0.997874  0.080593  -0.995968  0.039404  -0.004476  -0.009859  -0.020275  -0.132612  -0.074536  -0.528334  2.000000  0.999468  -0.027642  0.017291  -0.017279  0.000688  0.999850  -0.027650  -0.999618  0.000210  0.999952  -0.009784  -0.000230  0.009783  0.999948  -0.002965  0.000259  0.002963  0.999996  1.000000  -0.000122  -0.000003  0.000122  1.000000  -0.000037  0.000003  0.000037  1.000000  0.999468  -0.027642  0.017291  -0.017279  0.000688  0.999850  -0.027650  -0.999618  0.000210  0.000223  0.010226  
9.197708 0.001574  0.082957  -0.010938  0.995263  0.082195  0.051927  -0.054968  0.035175  0.997868  0.080193  -0.995995  0.039526  -0.004469  -0.009836  -0.020443  -0.134960  -0.060768  -0.515229  2.000000  0.999455  -0.028121  0.017283  -0.017266  0.000849  0.999851  -0.028132  -0.999604  0.000363  0.999953  -0.009650  -0.000233  0.009649  0.999949  -0.003086  0.000262  0.003084  0.999995  1.000000  -0.000121  -0.000003  0.000121  1.000000  -0.000039  0.000003  0.000039  1.000000  0.999455  -0.028121  0.017283  -0.017266  0.000849  0.999851  -0.028132  -0.999604  0.000363  0.000217  0.010134  
9.198950 0.001568  0.082945  -0.010964  0.995306  0.081795  0.051727  -0.054765  0.035335  0.997874  0.079793  -0.996023  0.039648  -0.004492  -0.009803  -0.020627  -0.136227  -0.046559  -0.502387  2.000000  0.999438  -0.028716  0.017265  -0.017242  0.001048  0.999851  -0.028730  -0.999587  0.000553  0.999955  -0.009525  -0.000442  0.009523  0.999950  -0.002983  0.000470  0.002978  0.999995  1.000000  -0.000119  -0.000006  0.000119  1.000000  -0.000037  0.000006  0.000037  1.000000  0.999438  -0.028716  0.017265  -0.017242  0.001048  0.999851  -0.028730  -0.999587  0.000553  0.000212  0.009990  
9.200200 0.001562  0.082933  -0.010991  0.995348  0.081269  0.051739  -0.054767  0.035485  0.997868  0.079259  -0.996060  0.039771  -0.004515  -0.009792  -0.020878  -0.133352  -0.032528  -0.493860  2.000000  0.999422  -0.029296  0.017242  -0.017213  0.001245  0.999851  -0.029313  -0.999570  0.000740  0.999957  -0.009257  -0.000451  0.009256  0.999953  -0.002982  0.000479  0.002978  0.999995  1.000000  -0.000116  -0.000006  0.000116  1.000000  -0.000037  0.000006  0.000037  1.000000  0.999422  -0.029296  0.017242  -0.017213  0.001245  0.999851  -0.029313  -0.999570  0.000740  0.000207  0.009736  
9.201218 0.001558  0.082924  -0.011013  0.995370  0.081009  0.051740  -0.054768  0.035621  0.997864  0.078993  -0.996077  0.039892  -0.004513  -0.009800  -0.021131  -0.134469  -0.018285  -0.480603  2.000000  0.999409  -0.029745  0.017222  -0.017188  0.001395  0.999851  -0.029764  -0.999557  0.000883  0.999959  -0.008990  -0.000461  0.008989  0.999956  -0.002861  0.000487  0.002856  0.999996  1.000000  -0.000112  -0.000006  0.000112  1.000000  -0.000036  0.000006  0.000036  1.000000  0.999409  -0.029745  0.017222  -0.017188  0.001395  0.999851  -0.029764  -0.999557  0.000883  0.000201  0.009445  
9.202449 0.001552  0.082913  -0.011041  0.995412  0.080608  0.051540  -0.054565  0.035780  0.997869  0.078592  -0.996103  0.040014  -0.004583  -0.009864  -0.021462  -0.134611  -0.004026  -0.464063  2.000000  0.999397  -0.030175  0.017192  -0.017153  0.001545  0.999852  -0.030197  -0.999543  0.001026  0.999964  -0.008472  -0.000891  0.008469  0.999960  -0.002775  0.000915  0.002767  0.999996  1.000000  -0.000106  -0.000011  0.000106  1.000000  -0.000035  0.000011  0.000035  1.000000  0.999397  -0.030175  0.017192  -0.017153  0.001545  0.999852  -0.030197  -0.999543  0.001026  0.000194  0.008958  
9.203701 0.001547  0.082901  -0.011070  0.995444  0.080222  0.051537  -0.054567  0.036044  0.997859  0.078192  -0.996125  0.040257  -0.004636  -0.009974  -0.021811  -0.140958  0.010497  -0.445939  2.000000  0.999382  -0.030681  0.017140  -0.017095  0.001730  0.999852  -0.030706  -0.999528  0.001204  0.999967  -0.008071  -0.000905  0.008068  0.999963  -0.002895  0.000929  0.002888  0.999995  1.000000  -0.000101  -0.000011  0.000101  1.000000  -0.000036  0.000011  0.000036  1.000000  0.999382  -0.030681  0.017140  -0.017095  0.001730  0.999852  -0.030706  -0.999528  0.001204  0.000190  0.008621  
9.204951 0.001541  0.082889  -0.011098  0.995486  0.079821  0.051338  -0.054364  0.036203  0.997865  0.077792  -0.996152  0.040379  -0.004713  -0.010005  -0.022004  -0.140362  0.017363  -0.438070  2.000000  0.999368  -0.031161  0.017085  -0.017034  0.001911  0.999853  -0.031189  -0.999513  0.001379  0.999970  -0.007678  -0.001126  0.007675  0.999967  -0.002791  0.001147  0.002782  0.999995  1.000000  -0.000096  -0.000014  0.000096  1.000000  -0.000035  0.000014  0.000035  1.000000  0.999368  -0.031161  0.017085  -0.017034  0.001911  0.999853  -0.031189  -0.999513  0.001379  0.000183  0.008246  
9.206205 0.001536  0.082876  -0.011125  0.995507  0.079567  0.051329  -0.054365  0.036460  0.997855  0.077525  -0.996162  0.040622  -0.004745  -0.010021  -0.022014  -0.146128  0.025006  -0.423892  2.000000  0.999357  -0.031538  0.017032  -0.016976  0.002057  0.999854  -0.031569  -0.999500  0.001520  0.999971  -0.007545  -0.001130  0.007542  0.999968  -0.002790  0.001151  0.002781  0.999995  1.000000  -0.000094  -0.000014  0.000094  1.000000  -0.000035  0.000014  0.000035  1.000000  0.999357  -0.031538  0.017032  -0.016976  0.002057  0.999854  -0.031569  -0.999500  0.001520  0.000181  0.008122  
9.207454 0.001530  0.082862  -0.011153  0.995538  0.079174  0.051336  -0.054366  0.036603  0.997850  0.077125  -0.996189  0.040744  -0.004740  -0.010043  -0.022003  -0.142053  0.025109  -0.419462  2.000000  0.999344  -0.032003  0.016977  -0.016914  0.002238  0.999854  -0.032036  -0.999485  0.001696  0.999972  -0.007403  -0.000929  0.007400  0.999969  -0.002772  0.000950  0.002765  0.999996  1.000000  -0.000093  -0.000012  0.000093  1.000000  -0.000035  0.000012  0.000035  1.000000  0.999344  -0.032003  0.016977  -0.016914  0.002238  0.999854  -0.032036  -0.999485  0.001696  0.000177  0.007958  
9.208697 0.001524  0.082848  -0.011179  0.995559  0.078914  0.051337  -0.054367  0.036738  0.997845  0.076858  -0.996204  0.040866  -0.004763  -0.010128  -0.021956  -0.137989  0.025566  -0.406082  2.000000  0.999330  -0.032462  0.016926  -0.016857  0.002420  0.999855  -0.032498  -0.999470  0.001872  0.999972  -0.007395  -0.000723  0.007393  0.999969  -0.002754  0.000744  0.002749  0.999996  1.000000  -0.000092  -0.000009  0.000092  1.000000  -0.000034  0.000009  0.000034  1.000000  0.999330  -0.032462  0.016926  -0.016857  0.002420  0.999855  -0.032498  -0.999470  0.001872  0.000174  0.007923  
9.209947 0.001517  0.082833  -0.011206  0.995579  0.078655  0.051339  -0.054369  0.036874  0.997840  0.076592  -0.996220  0.040987  -0.004801  -0.010215  -0.021871  -0.136826  0.025830  -0.389349  2.000000  0.999316  -0.032913  0.016886  -0.016809  0.002601  0.999855  -0.032952  -0.999455  0.002046  0.999974  -0.007127  -0.000733  0.007125  0.999971  -0.002754  0.000753  0.002748  0.999996  1.000000  -0.000089  -0.000009  0.000089  1.000000  -0.000034  0.000009  0.000034  1.000000  0.999316  -0.032913  0.016886  -0.016809  0.002601  0.999855  -0.032952  -0.999455  0.002046  0.000167  0.007675  
