1-Time 2-Px 3-Py 4-Pz 5-R11 6-R21 7-R31 8-R12 9-R22 10-R32 11-R13 12-R23 13-R33 14-Vx 15-Vy 16-Vz 17-Wx 18-Wy 19-Wz 20-state 21-PR11 22-PR21 23-PR31 24-PR12 25-PR22 26-PR32 27-PR13 28-PR23 29-PR33 
44.959497 0.014345  0.092054  -0.010117  0.998063  -0.050575  0.036241  -0.033299  0.057850  0.997770  -0.052559  -0.997043  0.056053  -0.002531  0.002020  0.001247  0.000000  0.000000  0.000000  2.000000  1.000000  0.000000  0.000000  0.000000  -0.000000  1.000000  0.000000  -1.000000  -0.000000  1.000000  0.000290  0.000395  -0.000290  1.000000  0.000585  -0.000395  -0.000585  1.000000  1.000000  0.000000  0.000000  0.000000  1.000000  0.000000  0.000000  0.000000  1.000000  0.650552  0.501525  0.570311  -0.568635  -0.176117  0.803516  0.503424  -0.847028  0.170611  0.000000  0.000000  
44.960502 0.014343  0.092055  -0.010116  0.998063  -0.050575  0.036241  -0.033299  0.057850  0.997770  -0.052559  -0.997043  0.056053  -0.002465  0.001988  0.001253  0.000000  0.000000  0.000000  2.000000  1.000000  0.000000  0.000000  0.000000  -0.000000  1.000000  0.000000  -1.000000  -0.000000  1.000000  0.000290  0.000395  -0.000290  1.000000  0.000585  -0.000395  -0.000585  1.000000  1.000000  0.000000  0.000000  0.000000  1.000000  0.000000  0.000000  0.000000  1.000000  1.000000  0.000000  0.000000  0.000000  -0.000000  1.000000  0.000000  -1.000000  -0.000000  0.000000  0.000000  
44.961504 0.014342  0.092055  -0.010118  0.998055  -0.050708  0.036248  -0.033299  0.057854  0.997770  -0.052692  -0.997036  0.056053  -0.002334  0.001820  0.001076  0.000000  0.000000  0.000000  2.000000  1.000000  0.000000  0.000000  0.000000  -0.000000  1.000000  0.000000  -1.000000  -0.000000  1.000000  0.000157  0.000403  -0.000157  1.000000  0.000585  -0.000403  -0.000585  1.000000  1.000000  0.000000  0.000000  0.000000  1.000000  0.000000  0.000000  0.000000  1.000000  1.000000  0.000000  0.000000  0.000000  -0.000000  1.000000  0.000000  -1.000000  -0.000000  0.000000  0.000000  
44.962751 0.014343  0.092055  -0.010121  0.998055  -0.050853  0.036050  -0.033093  0.057848  0.997777  -0.052826  -0.997029  0.056053  -0.002087  0.001605  0.000750  0.000000  0.000000  0.000000  2.000000  1.000000  0.000000  0.000000  0.000000  -0.000000  1.000000  0.000000  -1.000000  -0.000000  1.000000  0.000012  0.000205  -0.000012  1.000000  0.000474  -0.000205  -0.000474  1.000000  1.000000  0.000000  0.000000  0.000000  1.000000  0.000000  0.000000  0.000000  1.000000  1.000000  0.000000  0.000000  0.000000  -0.000000  1.000000  0.000000  -1.000000  -0.000000  0.000000  0.000000  
44.963753 0.014344  0.092054  -0.010124  0.998062  -0.050865  0.035845  -0.032887  0.057838  0.997784  -0.052826  -0.997029  0.056053  -0.001862  0.001422  0.000453  0.000000  0.000000  0.000000  2.000000  1.000000  0.000000  0.000000  0.000000  -0.000000  1.000000  0.000000  -1.000000  -0.000000  1.000000  -0.000134  0.000008  0.000134  1.000000  0.000485  -0.000008  -0.000485  1.000000  1.000000  0.000000  0.000000  0.000000  1.000000  0.000000  0.000000  0.000000  1.000000  1.000000  0.000000  0.000000  0.000000  -0.000000  1.000000  0.000000  -1.000000  -0.000000  0.000000  0.000000  
44.964755 0.014345  0.092054  -0.010127  0.998055  -0.050999  0.035853  -0.032887  0.057842  0.997784  -0.052959  -0.997022  0.056052  -0.001618  0.001272  0.000216  0.000000  0.000000  0.000000  2.000000  1.000000  0.000000  0.000000  0.000000  -0.000000  1.000000  0.000000  -1.000000  -0.000000  1.000000  -0.000267  0.000015  0.000267  1.000000  0.000485  -0.000015  -0.000485  1.000000  1.000000  0.000000  0.000000  0.000000  1.000000  0.000000  0.000000  0.000000  1.000000  1.000000  0.000000  0.000000  0.000000  -0.000000  1.000000  0.000000  -1.000000  -0.000000  0.000000  0.000000  
44.965761 0.014348  0.092054  -0.010129  0.998062  -0.051011  0.035647  -0.032682  0.057831  0.997791  -0.052959  -0.997022  0.056052  -0.001241  0.001084  -0.000057  0.000000  0.000000  0.000000  2.000000  1.000000  0.000000  0.000000  0.000000  -0.000000  1.000000  0.000000  -1.000000  -0.000000  1.000000  -0.000267  0.000015  0.000267  1.000000  0.000485  -0.000015  -0.000485  1.000000  1.000000  0.000000  0.000000  0.000000  1.000000  0.000000  0.000000  0.000000  1.000000  1.000000  0.000000  0.000000  0.000000  -0.000000  1.000000  0.000000  -1.000000  -0.000000  0.000000  0.000000  
44.967011 0.014353  0.092054  -0.010134  0.998054  -0.051289  0.035457  -0.032476  0.057830  0.997798  -0.053227  -0.997008  0.056051  -0.000681  0.000905  -0.000434  0.000000  0.000000  0.000000  2.000000  1.000000  0.000000  0.000000  0.000000  -0.000000  1.000000  0.000000  -1.000000  -0.000000  1.000000  -0.000424  -0.000388  0.000424  1.000000  0.000386  0.000388  -0.000386  1.000000  1.000000  0.000000  0.000000  0.000000  1.000000  0.000000  0.000000  0.000000  1.000000  1.000000  0.000000  0.000000  0.000000  -0.000000  1.000000  0.000000  -1.000000  -0.000000  0.000000  0.000000  
44.968253 0.014358  0.092052  -0.010139  0.998060  -0.051446  0.035053  -0.032065  0.057813  0.997812  -0.053360  -0.997001  0.056051  -0.000118  0.000662  -0.000900  0.000000  0.000000  0.000000  2.000000  1.000000  0.000000  0.000000  0.000000  -0.000000  1.000000  0.000000  -1.000000  -0.000000  1.000000  -0.000580  -0.000791  0.000581  1.000000  0.000407  0.000791  -0.000408  1.000000  1.000000  0.000000  0.000000  0.000000  1.000000  0.000000  0.000000  0.000000  1.000000  1.000000  0.000000  0.000000  0.000000  -0.000000  1.000000  0.000000  -1.000000  -0.000000  0.000000  0.000000  
44.969258 0.014362  0.092050  -0.010142  0.998074  -0.051470  0.034643  -0.031654  0.057792  0.997827  -0.053360  -0.997001  0.056051  0.000372  0.000377  -0.001222  0.000000  0.000000  0.000000  2.000000  1.000000  0.000000  0.000000  0.000000  -0.000000  1.000000  0.000000  -1.000000  -0.000000  0.999999  -0.000737  -0.001194  0.000738  1.000000  0.000429  0.001194  -0.000430  0.999999  1.000000  0.000000  0.000000  0.000000  1.000000  0.000000  0.000000  0.000000  1.000000  1.000000  0.000000  0.000000  0.000000  -0.000000  1.000000  0.000000  -1.000000  -0.000000  0.000000  0.000000  
44.970262 0.014367  0.092047  -0.010147  0.998073  -0.051611  0.034451  -0.031448  0.057906  0.997827  -0.053494  -0.996987  0.056172  0.000801  0.000058  -0.001639  0.000000  0.000000  0.000000  2.000000  1.000000  0.000000  0.000000  0.000000  -0.000000  1.000000  0.000000  -1.000000  -0.000000  0.999998  -0.000894  -0.001597  0.000894  1.000000  0.000329  0.001597  -0.000331  0.999999  1.000000  0.000000  0.000000  0.000000  1.000000  0.000000  0.000000  0.000000  1.000000  1.000000  0.000000  0.000000  0.000000  -0.000000  1.000000  0.000000  -1.000000  -0.000000  0.000000  0.000000  
44.971502 0.014372  0.092045  -0.010152  0.998079  -0.051768  0.034048  -0.031037  0.057889  0.997840  -0.053628  -0.996980  0.056171  0.001409  -0.000275  -0.002112  0.000000  0.000000  0.000000  2.000000  1.000000  0.000000  0.000000  0.000000  -0.000000  1.000000  0.000000  -1.000000  -0.000000  0.999998  -0.001039  -0.001795  0.001039  0.999999  0.000219  0.001794  -0.000221  0.999998  1.000000  0.000000  0.000000  0.000000  1.000000  0.000000  0.000000  0.000000  1.000000  1.000000  0.000000  0.000000  0.000000  -0.000000  1.000000  0.000000  -1.000000  -0.000000  0.000000  0.000000  
44.972502 0.014377  0.092042  -0.010158  0.998078  -0.051914  0.033850  -0.030831  0.057883  0.997847  -0.053761  -0.996973  0.056171  0.001877  -0.000608  -0.002646  0.000000  0.000000  0.000000  2.000000  1.000000  0.000000  0.000000  0.000000  -0.000000  1.000000  0.000000  -1.000000  -0.000000  0.999997  -0.001196  -0.002198  0.001196  0.999999  0.000241  0.002197  -0.000243  0.999998  1.000000  0.000000  0.000000  0.000000  1.000000  0.000000  0.000000  0.000000  1.000000  1.000000  0.000000  0.000000  0.000000  -0.000000  1.000000  0.000000  -1.000000  -0.000000  0.000000  0.000000  
44.973503 0.014382  0.092039  -0.010165  0.998083  -0.052067  0.033453  -0.030420  0.057986  0.997854  -0.053895  -0.996959  0.056291  0.002380  -0.000887  -0.003208  0.000000  0.000000  0.000000  2.000000  1.000000  0.000000  0.000000  0.000000  -0.000000  1.000000  0.000000  -1.000000  -0.000000  0.999996  -0.001486  -0.002593  0.001487  0.999999  0.000141  0.002593  -0.000144  0.999997  1.000000  0.000000  0.000000  0.000000  1.000000  0.000000  0.000000  0.000000  1.000000  1.000000  0.000000  0.000000  0.000000  -0.000000  1.000000  0.000000  -1.000000  -0.000000  0.000000  0.000000  
44.974758 0.014387  0.092035  -0.010175  0.998095  -0.052236  0.032844  -0.029803  0.057958  0.997874  -0.054028  -0.996951  0.056291  0.002927  -0.001336  -0.004013  0.000000  0.000000  0.000000  2.000000  1.000000  0.000000  0.000000  0.000000  -0.000000  1.000000  0.000000  -1.000000  -0.000000  0.999994  -0.001643  -0.002996  0.001644  0.999999  0.000162  0.002996  -0.000167  0.999995  1.000000  0.000000  0.000000  0.000000  1.000000  0.000000  0.000000  0.000000  1.000000  1.000000  0.000000  0.000000  0.000000  -0.000000  1.000000  0.000000  -1.000000  -0.000000  0.000000  0.000000  
44.976005 0.014393  0.092032  -0.010184  0.998099  -0.052389  0.032447  -0.029392  0.058062  0.997880  -0.054162  -0.996937  0.056411  0.003419  -0.001613  -0.004539  0.000000  0.000000  0.000000  2.000000  1.000000  0.000000  0.000000  0.000000  -0.000000  1.000000  0.000000  -1.000000  -0.000000  0.999993  -0.001800  -0.003399  0.001800  0.999998  -0.000059  0.003399  0.000053  0.999994  1.000000  0.000000  0.000000  0.000000  1.000000  0.000000  0.000000  0.000000  1.000000  1.000000  0.000000  0.000000  0.000000  -0.000000  1.000000  0.000000  -1.000000  -0.000000  0.000000  0.000000  
44.977255 0.014399  0.092028  -0.010193  0.998098  -0.052530  0.032255  -0.029186  0.058176  0.997880  -0.054296  -0.996923  0.056532  0.003741  -0.001813  -0.004871  0.000000  0.000000  0.000000  2.000000  1.000000  0.000000  0.000000  0.000000  -0.000000  1.000000  0.000000  -1.000000  -0.000000  0.999990  -0.001969  -0.004007  0.001968  0.999998  -0.000148  0.004007  0.000140  0.999992  1.000000  0.000000  0.000000  0.000000  1.000000  0.000000  0.000000  0.000000  1.000000  1.000000  0.000000  0.000000  0.000000  -0.000000  1.000000  0.000000  -1.000000  -0.000000  0.000000  0.000000  
44.978259 0.014404  0.092026  -0.010200  0.998103  -0.052684  0.031858  -0.028775  0.058279  0.997886  -0.054429  -0.996909  0.056652  0.004090  -0.001968  -0.005203  0.000000  0.000000  0.000000  2.000000  1.000000  0.000000  0.000000  0.000000  -0.000000  1.000000  0.000000  -1.000000  -0.000000  0.999989  -0.002115  -0.004204  0.002114  0.999998  -0.000258  0.004205  0.000249  0.999991  1.000000  0.000000  0.000000  0.000000  1.000000  0.000000  0.000000  0.000000  1.000000  1.000000  0.000000  0.000000  0.000000  -0.000000  1.000000  0.000000  -1.000000  -0.000000  0.000000  0.000000  
44.979502 0.014409  0.092023  -0.010209  0.998107  -0.052837  0.031461  -0.028364  0.058382  0.997891  -0.054563  -0.996895  0.056773  0.004315  -0.002100  -0.005504  0.000000  0.000000  0.000000  2.000000  1.000000  0.000000  0.000000  0.000000  -0.000000  1.000000  0.000000  -1.000000  -0.000000  0.999987  -0.002272  -0.004607  0.002270  0.999997  -0.000479  0.004608  0.000469  0.999989  1.000000  0.000000  0.000000  0.000000  1.000000  0.000000  0.000000  0.000000  1.000000  1.000000  0.000000  0.000000  0.000000  -0.000000  1.000000  0.000000  -1.000000  -0.000000  0.000000  0.000000  
44.980503 0.014414  0.092020  -0.010217  0.998106  -0.052979  0.031270  -0.028158  0.058496  0.997890  -0.054696  -0.996881  0.056893  0.004474  -0.002227  -0.005854  0.000000  0.000000  0.000000  2.000000  1.000000  -0.000029  -0.000063  0.000063  0.000007  1.000000  -0.000029  -1.000000  0.000007  0.999985  -0.002296  -0.005017  0.002293  0.999997  -0.000579  0.005018  0.000568  0.999987  1.000000  -0.000029  -0.000063  0.000029  1.000000  -0.000007  0.000063  0.000007  1.000000  1.000000  -0.000029  -0.000063  0.000063  0.000007  1.000000  -0.000029  -1.000000  0.000007  0.000000  0.005547  
44.981504 0.014418  0.092018  -0.010225  0.998112  -0.052987  0.031071  -0.027953  0.058606  0.997890  -0.054696  -0.996874  0.057014  0.004509  -0.002384  -0.006260  -0.015172  0.168622  -0.077143  2.000000  1.000000  -0.000150  -0.000316  0.000316  0.000037  1.000000  -0.000150  -1.000000  0.000037  0.999983  -0.002442  -0.005214  0.002438  0.999997  -0.000690  0.005216  0.000677  0.999986  1.000000  -0.000030  -0.000065  0.000030  1.000000  -0.000009  0.000065  0.000009  1.000000  1.000000  -0.000150  -0.000316  0.000316  0.000037  1.000000  -0.000150  -1.000000  0.000037  0.000047  0.005798  
44.982755 0.014424  0.092015  -0.010237  0.998110  -0.053129  0.030880  -0.027747  0.058720  0.997889  -0.054830  -0.996860  0.057135  0.004538  -0.002512  -0.006703  -0.018725  0.173959  -0.081427  2.000000  1.000000  -0.000269  -0.000574  0.000574  0.000074  1.000000  -0.000269  -1.000000  0.000075  0.999983  -0.002442  -0.005214  0.002438  0.999997  -0.000810  0.005216  0.000798  0.999986  1.000000  -0.000031  -0.000065  0.000031  1.000000  -0.000010  0.000065  0.000010  1.000000  1.000000  -0.000269  -0.000574  0.000574  0.000074  1.000000  -0.000269  -1.000000  0.000075  0.000049  0.005814  
44.983756 0.014428  0.092012  -0.010247  0.998110  -0.053125  0.030886  -0.027747  0.058841  0.997882  -0.054830  -0.996853  0.057256  0.004537  -0.002607  -0.007088  -0.022949  0.174963  -0.086517  2.000000  1.000000  -0.000387  -0.000833  0.000833  0.000118  1.000000  -0.000387  -1.000000  0.000118  0.999985  -0.002298  -0.005016  0.002293  0.999997  -0.000942  0.005018  0.000930  0.999987  1.000000  -0.000029  -0.000063  0.000029  1.000000  -0.000012  0.000063  0.000012  1.000000  1.000000  -0.000387  -0.000833  0.000833  0.000118  1.000000  -0.000387  -1.000000  0.000118  0.000049  0.005596  
44.984757 0.014432  0.092008  -0.010257  0.998108  -0.053267  0.030695  -0.027542  0.058955  0.997881  -0.054964  -0.996838  0.057376  0.004519  -0.002682  -0.007572  -0.030719  0.181615  -0.091405  2.000000  0.999999  -0.000506  -0.001091  0.001091  0.000165  0.999999  -0.000506  -1.000000  0.000166  0.999983  -0.002444  -0.005213  0.002438  0.999996  -0.001052  0.005216  0.001039  0.999986  1.000000  -0.000031  -0.000065  0.000031  1.000000  -0.000013  0.000065  0.000013  1.000000  0.999999  -0.000506  -0.001091  0.001091  0.000165  0.999999  -0.000506  -1.000000  0.000166  0.000051  0.005852  
44.986009 0.014437  0.092004  -0.010270  0.998114  -0.053275  0.030496  -0.027336  0.059065  0.997880  -0.054964  -0.996832  0.057497  0.004456  -0.002813  -0.008059  -0.034416  0.188469  -0.091791  2.000000  0.999999  -0.000652  -0.001425  0.001425  0.000230  0.999999  -0.000652  -1.000000  0.000231  0.999983  -0.002322  -0.005426  0.002316  0.999997  -0.001041  0.005429  0.001028  0.999985  1.000000  -0.000029  -0.000068  0.000029  1.000000  -0.000013  0.000068  0.000013  1.000000  0.999999  -0.000652  -0.001425  0.001425  0.000230  0.999999  -0.000652  -1.000000  0.000231  0.000053  0.005992  
44.987256 0.014442  0.092000  -0.010281  0.998114  -0.053275  0.030496  -0.027336  0.059065  0.997880  -0.054964  -0.996832  0.057497  0.004411  -0.002832  -0.008287  -0.034048  0.195385  -0.092194  2.000000  0.999998  -0.000792  -0.001751  0.001752  0.000303  0.999998  -0.000791  -1.000000  0.000304  0.999985  -0.002165  -0.005023  0.002159  0.999997  -0.001183  0.005026  0.001172  0.999987  1.000000  -0.000027  -0.000063  0.000027  1.000000  -0.000015  0.000063  0.000015  1.000000  0.999998  -0.000792  -0.001751  0.001752  0.000303  0.999998  -0.000791  -1.000000  0.000304  0.000055  0.005595  
44.988256 0.014446  0.091996  -0.010290  0.998114  -0.053272  0.030502  -0.027336  0.059186  0.997873  -0.054964  -0.996825  0.057618  0.004363  -0.002871  -0.008420  -0.042198  0.195379  -0.092191  2.000000  0.999998  -0.000817  -0.001814  0.001815  0.000318  0.999998  -0.000816  -1.000000  0.000319  0.999986  -0.002021  -0.004825  0.002014  0.999997  -0.001314  0.004828  0.001305  0.999987  1.000000  0.000000  0.000000  0.000000  1.000000  0.000000  0.000000  0.000000  1.000000  0.999998  -0.000817  -0.001814  0.001815  0.000318  0.999998  -0.000816  -1.000000  0.000319  0.000055  0.000000  
44.989257 0.014450  0.091993  -0.010298  0.998114  -0.053268  0.030509  -0.027336  0.059307  0.997865  -0.054964  -0.996818  0.057739  0.004350  -0.002909  -0.008493  -0.046276  0.195386  -0.092209  2.000000  0.999998  -0.000817  -0.001814  0.001815  0.000318  0.999998  -0.000816  -1.000000  0.000319  0.999988  -0.001864  -0.004422  0.001857  0.999997  -0.001457  0.004425  0.001449  0.999989  1.000000  0.000000  0.000000  0.000000  1.000000  0.000000  0.000000  0.000000  1.000000  0.999998  -0.000817  -0.001814  0.001815  0.000318  0.999998  -0.000816  -1.000000  0.000319  0.000055  0.000000  
44.990502 0.014455  0.091987  -0.010308  0.998120  -0.053276  0.030310  -0.027131  0.059417  0.997864  -0.054964  -0.996811  0.057860  0.004313  -0.003025  -0.008508  -0.049997  0.202347  -0.092647  2.000000  0.999998  -0.000817  -0.001814  0.001815  0.000318  0.999998  -0.000816  -1.000000  0.000319  0.999989  -0.001731  -0.004430  0.001724  0.999997  -0.001456  0.004432  0.001449  0.999989  1.000000  0.000000  0.000000  0.000000  1.000000  0.000000  0.000000  0.000000  1.000000  0.999998  -0.000817  -0.001814  0.001815  0.000318  0.999998  -0.000816  -1.000000  0.000319  0.000057  0.000000  
44.991506 0.014460  0.091984  -0.010315  0.998120  -0.053273  0.030316  -0.027131  0.059538  0.997857  -0.054964  -0.996804  0.057981  0.004287  -0.003105  -0.008468  -0.054426  0.195674  -0.087763  2.000000  0.999998  -0.000817  -0.001814  0.001815  0.000318  0.999998  -0.000816  -1.000000  0.000319  0.999990  -0.001708  -0.004019  0.001701  0.999997  -0.001600  0.004022  0.001593  0.999991  1.000000  0.000000  0.000000  0.000000  1.000000  0.000000  0.000000  0.000000  1.000000  0.999998  -0.000817  -0.001814  0.001815  0.000318  0.999998  -0.000816  -1.000000  0.000319  0.000056  0.000000  
44.992753 0.014466  0.091978  -0.010322  0.998114  -0.053257  0.030528  -0.027336  0.059670  0.997844  -0.054964  -0.996796  0.058102  0.004316  -0.003233  -0.008380  -0.059239  0.182140  -0.082501  2.000000  0.999998  -0.000817  -0.001814  0.001815  0.000318  0.999998  -0.000816  -1.000000  0.000319  0.999992  -0.001417  -0.003624  0.001411  0.999997  -0.001742  0.003626  0.001737  0.999992  1.000000  0.000000  0.000000  0.000000  1.000000  0.000000  0.000000  0.000000  1.000000  0.999998  -0.000817  -0.001814  0.001815  0.000318  0.999998  -0.000816  -1.000000  0.000319  0.000055  0.000000  
44.993754 0.014471  0.091975  -0.010328  0.998114  -0.053253  0.030535  -0.027336  0.059791  0.997837  -0.054964  -0.996789  0.058223  0.004379  -0.003269  -0.008331  -0.063453  0.182530  -0.082690  2.000000  0.999998  -0.000817  -0.001814  0.001815  0.000318  0.999998  -0.000816  -1.000000  0.000319  0.999994  -0.001260  -0.003221  0.001254  0.999998  -0.001763  0.003223  0.001759  0.999993  1.000000  0.000000  0.000000  0.000000  1.000000  0.000000  0.000000  0.000000  1.000000  0.999998  -0.000817  -0.001814  0.001815  0.000318  0.999998  -0.000816  -1.000000  0.000319  0.000052  0.000000  
44.995003 0.014478  0.091971  -0.010337  0.998114  -0.053249  0.030541  -0.027336  0.059912  0.997829  -0.054964  -0.996782  0.058344  0.004451  -0.003370  -0.008261  -0.066867  0.180998  -0.077438  2.000000  0.999998  -0.000817  -0.001814  0.001815  0.000318  0.999998  -0.000816  -1.000000  0.000319  0.999996  -0.001091  -0.002613  0.001086  0.999998  -0.001918  0.002615  0.001915  0.999995  1.000000  0.000000  0.000000  0.000000  1.000000  0.000000  0.000000  0.000000  1.000000  0.999998  -0.000817  -0.001814  0.001815  0.000318  0.999998  -0.000816  -1.000000  0.000319  0.000052  0.000000  
44.996004 0.014484  0.091967  -0.010344  0.998108  -0.053233  0.030753  -0.027542  0.060044  0.997816  -0.054964  -0.996775  0.058464  0.004495  -0.003489  -0.008210  -0.072209  0.168881  -0.072778  2.000000  0.999998  -0.000817  -0.001814  0.001815  0.000318  0.999998  -0.000816  -1.000000  0.000319  0.999998  -0.000922  -0.002005  0.000918  0.999998  -0.001951  0.002007  0.001949  0.999996  1.000000  0.000000  0.000000  0.000000  1.000000  0.000000  0.000000  0.000000  1.000000  0.999998  -0.000817  -0.001814  0.001815  0.000318  0.999998  -0.000816  -1.000000  0.000319  0.000049  0.000000  
44.997072 0.014488  0.091963  -0.010351  0.998108  -0.053230  0.030759  -0.027542  0.060165  0.997808  -0.054964  -0.996768  0.058585  0.004518  -0.003615  -0.008058  0.000000  0.000000  0.000000  2.000000  0.999998  -0.000817  -0.001814  0.001815  0.000318  0.999998  -0.000816  -1.000000  0.000319  0.999998  -0.000776  -0.001808  0.000773  0.999998  -0.001962  0.001809  0.001960  0.999996  1.000000  0.000000  0.000000  0.000000  1.000000  0.000000  0.000000  0.000000  1.000000  0.999998  -0.000817  -0.001814  0.001815  0.000318  0.999998  -0.000816  -1.000000  0.000319  0.000000  0.000000  
44.998254 0.014495  0.091958  -0.010360  0.998110  -0.053080  0.030963  -0.027747  0.060293  0.997795  -0.054830  -0.996768  0.058707  0.004590  -0.003656  -0.007900  0.000000  0.000000  0.000000  2.000000  0.999998  -0.000817  -0.001814  0.001815  0.000318  0.999998  -0.000816  -1.000000  0.000319  0.999999  -0.000607  -0.001200  0.000604  0.999998  -0.002116  0.001201  0.002116  0.999997  1.000000  0.000000  0.000000  0.000000  1.000000  0.000000  0.000000  0.000000  1.000000  0.999998  -0.000817  -0.001814  0.001815  0.000318  0.999998  -0.000816  -1.000000  0.000319  0.000000  0.000000  
44.999503 0.014500  0.091954  -0.010367  0.998110  -0.053076  0.030970  -0.027747  0.060414  0.997788  -0.054830  -0.996761  0.058828  0.004641  -0.003674  -0.007504  0.000000  0.000000  0.000000  2.000000  0.999998  -0.000817  -0.001814  0.001815  0.000318  0.999998  -0.000816  -1.000000  0.000319  1.000000  -0.000449  -0.000797  0.000447  0.999998  -0.002139  0.000798  0.002138  0.999997  1.000000  0.000000  0.000000  0.000000  1.000000  0.000000  0.000000  0.000000  1.000000  0.999998  -0.000817  -0.001814  0.001815  0.000318  0.999998  -0.000816  -1.000000  0.000319  0.000000  0.000000  
45.000515 0.014506  0.091951  -0.010372  0.998104  -0.053060  0.031182  -0.027953  0.060546  0.997774  -0.054830  -0.996754  0.058948  0.004775  -0.003625  -0.007088  0.000000  0.000000  0.000000  2.000000  0.999998  -0.000817  -0.001814  0.001815  0.000318  0.999998  -0.000816  -1.000000  0.000319  1.000000  -0.000291  -0.000395  0.000291  0.999998  -0.002161  0.000395  0.002161  0.999998  1.000000  0.000000  0.000000  0.000000  1.000000  0.000000  0.000000  0.000000  1.000000  0.999998  -0.000817  -0.001814  0.001815  0.000318  0.999998  -0.000816  -1.000000  0.000319  0.000000  0.000000  
45.001753 0.014513  0.091947  -0.010378  0.998112  -0.052923  0.031180  -0.027953  0.060664  0.997767  -0.054696  -0.996754  0.059070  0.004873  -0.003638  -0.006737  0.000000  0.000000  0.000000  2.000000  0.999998  -0.000817  -0.001814  0.001815  0.000318  0.999998  -0.000816  -1.000000  0.000319  1.000000  -0.000146  -0.000197  0.000145  0.999998  -0.002051  0.000198  0.002051  0.999998  1.000000  0.000000  0.000000  0.000000  1.000000  0.000000  0.000000  0.000000  1.000000  0.999998  -0.000817  -0.001814  0.001815  0.000318  0.999998  -0.000816  -1.000000  0.000319  0.000000  0.000000  
45.002756 0.014518  0.091944  -0.010383  0.998106  -0.052911  0.031386  -0.028158  0.060675  0.997760  -0.054696  -0.996754  0.059070  0.004916  -0.003646  -0.006507  0.000000  0.000000  0.000000  2.000000  0.999998  -0.000817  -0.001814  0.001815  0.000318  0.999998  -0.000816  -1.000000  0.000319  1.000000  0.000146  0.000197  -0.000145  0.999998  -0.001952  -0.000198  0.001952  0.999998  1.000000  0.000000  0.000000  0.000000  1.000000  0.000000  0.000000  0.000000  1.000000  0.999998  -0.000817  -0.001814  0.001815  0.000318  0.999998  -0.000816  -1.000000  0.000319  0.000000  0.000000  
45.003758 0.014521  0.091939  -0.010388  0.998100  -0.052894  0.031597  -0.028364  0.060807  0.997746  -0.054696  -0.996747  0.059191  0.004900  -0.003723  -0.006243  0.000000  0.000000  0.000000  2.000000  0.999998  -0.000817  -0.001814  0.001815  0.000318  0.999998  -0.000816  -1.000000  0.000319  1.000000  0.000170  0.000608  -0.000169  0.999998  -0.001975  -0.000608  0.001975  0.999998  1.000000  0.000000  0.000000  0.000000  1.000000  0.000000  0.000000  0.000000  1.000000  0.999998  -0.000817  -0.001814  0.001815  0.000318  0.999998  -0.000816  -1.000000  0.000319  0.000000  0.000000  
45.005007 0.014526  0.091933  -0.010395  0.998094  -0.052878  0.031809  -0.028569  0.060938  0.997733  -0.054696  -0.996740  0.059312  0.004881  -0.003791  -0.006058  0.000000  0.000000  0.000000  2.000000  0.999998  -0.000817  -0.001814  0.001815  0.000318  0.999998  -0.000816  -1.000000  0.000319  1.000000  0.000316  0.000805  -0.000314  0.999998  -0.001986  -0.000806  0.001986  0.999998  1.000000  0.000000  0.000000  0.000000  1.000000  0.000000  0.000000  0.000000  1.000000  0.999998  -0.000817  -0.001814  0.001815  0.000318  0.999998  -0.000816  -1.000000  0.000319  0.000000  0.000000  
45.006007 0.014530  0.091928  -0.010400  0.998094  -0.052878  0.031809  -0.028569  0.060938  0.997733  -0.054696  -0.996740  0.059312  0.004830  -0.003812  -0.005926  0.000000  0.000000  0.000000  2.000000  0.999998  -0.000817  -0.001814  0.001815  0.000318  0.999998  -0.000816  -1.000000  0.000319  0.999999  0.000340  0.001215  -0.000338  0.999998  -0.002009  -0.001216  0.002008  0.999997  1.000000  0.000000  0.000000  0.000000  1.000000  0.000000  0.000000  0.000000  1.000000  0.999998  -0.000817  -0.001814  0.001815  0.000318  0.999998  -0.000816  -1.000000  0.000319  0.000000  0.000000  
45.007256 0.014534  0.091922  -0.010407  0.998088  -0.052861  0.032021  -0.028775  0.061070  0.997719  -0.054696  -0.996733  0.059433  0.004727  -0.003910  -0.005873  0.000000  0.000000  0.000000  2.000000  0.999998  -0.000817  -0.001814  0.001815  0.000318  0.999998  -0.000816  -1.000000  0.000319  0.999999  0.000353  0.001420  -0.000350  0.999998  -0.002020  -0.001421  0.002020  0.999997  1.000000  0.000000  0.000000  0.000000  1.000000  0.000000  0.000000  0.000000  1.000000  0.999998  -0.000817  -0.001814  0.001815  0.000318  0.999998  -0.000816  -1.000000  0.000319  0.000000  0.000000  
45.008257 0.014538  0.091918  -0.010413  0.998082  -0.052845  0.032233  -0.028980  0.061202  0.997705  -0.054696  -0.996725  0.059553  0.004562  -0.003991  -0.005898  0.000000  0.000000  0.000000  2.000000  0.999998  -0.000817  -0.001814  0.001815  0.000318  0.999998  -0.000816  -1.000000  0.000319  0.999999  0.000365  0.001626  -0.000362  0.999998  -0.002031  -0.001626  0.002031  0.999997  1.000000  0.000000  0.000000  0.000000  1.000000  0.000000  0.000000  0.000000  1.000000  0.999998  -0.000817  -0.001814  0.001815  0.000318  0.999998  -0.000816  -1.000000  0.000319  0.000000  0.000000  
45.009504 0.014541  0.091912  -0.010420  0.998076  -0.052828  0.032445  -0.029186  0.061334  0.997690  -0.054696  -0.996718  0.059674  0.004381  -0.004116  -0.005787  0.000000  0.000000  0.000000  2.000000  0.999998  -0.000817  -0.001814  0.001815  0.000318  0.999998  -0.000816  -1.000000  0.000319  0.999998  0.000378  0.001831  -0.000374  0.999998  -0.002043  -0.001832  0.002042  0.999996  1.000000  0.000000  0.000000  0.000000  1.000000  0.000000  0.000000  0.000000  1.000000  0.999998  -0.000817  -0.001814  0.001815  0.000318  0.999998  -0.000816  -1.000000  0.000319  0.000000  0.000000  
45.010751 0.014545  0.091906  -0.010425  0.998078  -0.052682  0.032642  -0.029391  0.061341  0.997684  -0.054563  -0.996726  0.059675  0.004171  -0.004170  -0.005548  0.000000  0.000000  0.000000  2.000000  0.999998  -0.000817  -0.001814  0.001815  0.000318  0.999998  -0.000816  -1.000000  0.000319  0.999997  0.000536  0.002233  -0.000532  0.999998  -0.001944  -0.002234  0.001943  0.999996  1.000000  0.000000  0.000000  0.000000  1.000000  0.000000  0.000000  0.000000  1.000000  0.999998  -0.000817  -0.001814  0.001815  0.000318  0.999998  -0.000816  -1.000000  0.000319  0.000000  0.000000  
45.011753 0.014547  0.091901  -0.010430  0.998072  -0.052666  0.032854  -0.029597  0.061473  0.997670  -0.054563  -0.996718  0.059796  0.003989  -0.004214  -0.005340  0.000000  0.000000  0.000000  2.000000  0.999998  -0.000817  -0.001814  0.001815  0.000318  0.999998  -0.000816  -1.000000  0.000319  0.999997  0.000549  0.002438  -0.000544  0.999998  -0.001955  -0.002439  0.001954  0.999995  1.000000  0.000000  0.000000  0.000000  1.000000  0.000000  0.000000  0.000000  1.000000  0.999998  -0.000817  -0.001814  0.001815  0.000318  0.999998  -0.000816  -1.000000  0.000319  0.000000  0.000000  
45.013003 0.014550  0.091896  -0.010434  0.998073  -0.052516  0.033058  -0.029803  0.061601  0.997656  -0.054429  -0.996718  0.059917  0.003758  -0.004243  -0.005036  0.000000  0.000000  0.000000  2.000000  0.999998  -0.000817  -0.001814  0.001815  0.000318  0.999998  -0.000816  -1.000000  0.000319  0.999997  0.000682  0.002430  -0.000678  0.999998  -0.001955  -0.002431  0.001954  0.999995  1.000000  0.000000  0.000000  0.000000  1.000000  0.000000  0.000000  0.000000  1.000000  0.999998  -0.000817  -0.001814  0.001815  0.000318  0.999998  -0.000816  -1.000000  0.000319  0.000000  0.000000  
45.014034 0.014552  0.091892  -0.010438  0.998067  -0.052503  0.033263  -0.030008  0.061612  0.997649  -0.054429  -0.996718  0.059917  0.003568  -0.004244  -0.004922  0.000000  0.000000  0.000000  2.000000  0.999998  -0.000817  -0.001814  0.001815  0.000318  0.999998  -0.000816  -1.000000  0.000319  0.999997  0.000682  0.002430  -0.000678  0.999998  -0.001834  -0.002431  0.001832  0.999995  1.000000  0.000000  0.000000  0.000000  1.000000  0.000000  0.000000  0.000000  1.000000  0.999998  -0.000817  -0.001814  0.001815  0.000318  0.999998  -0.000816  -1.000000  0.000319  0.000000  0.000000  
45.015252 0.014555  0.091887  -0.010443  0.998060  -0.052486  0.033475  -0.030214  0.061743  0.997635  -0.054429  -0.996711  0.060038  0.003310  -0.004286  -0.004860  0.000000  0.000000  0.000000  2.000000  0.999998  -0.000817  -0.001814  0.001815  0.000318  0.999998  -0.000816  -1.000000  0.000319  0.999996  0.000707  0.002840  -0.000702  0.999998  -0.001857  -0.002842  0.001855  0.999994  1.000000  0.000000  0.000000  0.000000  1.000000  0.000000  0.000000  0.000000  1.000000  0.999998  -0.000817  -0.001814  0.001815  0.000318  0.999998  -0.000816  -1.000000  0.000319  0.000000  0.000000  
45.016503 0.014555  0.091881  -0.010449  0.998054  -0.052474  0.033680  -0.030419  0.061754  0.997628  -0.054429  -0.996711  0.060038  0.002917  -0.004462  -0.004818  0.000000  0.000000  0.000000  2.000000  0.999998  -0.000817  -0.001814  0.001815  0.000318  0.999998  -0.000816  -1.000000  0.000319  0.999996  0.000707  0.002840  -0.000703  0.999998  -0.001736  -0.002842  0.001734  0.999994  1.000000  0.000000  0.000000  0.000000  1.000000  0.000000  0.000000  0.000000  1.000000  0.999998  -0.000817  -0.001814  0.001815  0.000318  0.999998  -0.000816  -1.000000  0.000319  0.000000  0.000000  
45.017506 0.014555  0.091876  -0.010455  0.998055  -0.052324  0.033884  -0.030625  0.061882  0.997614  -0.054296  -0.996711  0.060159  0.002524  -0.004601  -0.004899  0.000000  0.000000  0.000000  2.000000  0.999998  -0.000817  -0.001814  0.001815  0.000318  0.999998  -0.000816  -1.000000  0.000319  0.999995  0.000854  0.003037  -0.000849  0.999998  -0.001747  -0.003039  0.001744  0.999994  1.000000  0.000000  0.000000  0.000000  1.000000  0.000000  0.000000  0.000000  1.000000  0.999998  -0.000817  -0.001814  0.001815  0.000318  0.999998  -0.000816  -1.000000  0.000319  0.000000  0.000000  
45.018762 0.014554  0.091870  -0.010462  0.998049  -0.052307  0.034096  -0.030830  0.062014  0.997599  -0.054296  -0.996704  0.060280  0.002171  -0.004615  -0.004930  0.000000  0.000000  0.000000  2.000000  0.999998  -0.000817  -0.001814  0.001815  0.000318  0.999998  -0.000816  -1.000000  0.000319  0.999995  0.000721  0.003045  -0.000716  0.999998  -0.001625  -0.003047  0.001623  0.999994  1.000000  0.000000  0.000000  0.000000  1.000000  0.000000  0.000000  0.000000  1.000000  0.999998  -0.000817  -0.001814  0.001815  0.000318  0.999998  -0.000816  -1.000000  0.000319  0.000000  0.000000  
45.019802 0.014554  0.091865  -0.010469  0.998049  -0.052307  0.034096  -0.030830  0.062014  0.997599  -0.054296  -0.996704  0.060280  0.001872  -0.004596  -0.005003  0.000000  0.000000  0.000000  2.000000  0.999998  -0.000817  -0.001814  0.001815  0.000318  0.999998  -0.000816  -1.000000  0.000319  0.999995  0.000721  0.003045  -0.000716  0.999998  -0.001625  -0.003047  0.001623  0.999994  1.000000  0.000000  0.000000  0.000000  1.000000  0.000000  0.000000  0.000000  1.000000  0.999998  -0.000817  -0.001814  0.001815  0.000318  0.999998  -0.000816  -1.000000  0.000319  0.000000  0.000000  
45.021003 0.014553  0.091859  -0.010476  0.998050  -0.052157  0.034299  -0.031036  0.062141  0.997585  -0.054162  -0.996704  0.060401  0.001559  -0.004618  -0.005061  0.000000  0.000000  0.000000  2.000000  0.999998  -0.000817  -0.001814  0.001815  0.000318  0.999998  -0.000816  -1.000000  0.000319  0.999995  0.000855  0.003037  -0.000850  0.999998  -0.001625  -0.003039  0.001623  0.999994  1.000000  0.000000  0.000000  0.000000  1.000000  0.000000  0.000000  0.000000  1.000000  0.999998  -0.000817  -0.001814  0.001815  0.000318  0.999998  -0.000816  -1.000000  0.000319  0.000000  0.000000  
45.022003 0.014553  0.091855  -0.010481  0.998043  -0.052140  0.034511  -0.031241  0.062273  0.997570  -0.054162  -0.996696  0.060522  0.001238  -0.004582  -0.005039  0.000000  0.000000  0.000000  2.000000  0.999998  -0.000817  -0.001814  0.001815  0.000318  0.999998  -0.000816  -1.000000  0.000319  0.999994  0.000867  0.003242  -0.000862  0.999998  -0.001758  -0.003244  0.001755  0.999993  1.000000  0.000000  0.000000  0.000000  1.000000  0.000000  0.000000  0.000000  1.000000  0.999998  -0.000817  -0.001814  0.001815  0.000318  0.999998  -0.000816  -1.000000  0.000319  0.000000  0.000000  
45.023257 0.014552  0.091850  -0.010488  0.998044  -0.051993  0.034708  -0.031447  0.062280  0.997563  -0.054028  -0.996704  0.060523  0.000916  -0.004475  -0.005007  0.000000  0.000000  0.000000  2.000000  0.999998  -0.000817  -0.001814  0.001815  0.000318  0.999998  -0.000816  -1.000000  0.000319  0.999994  0.000867  0.003242  -0.000862  0.999998  -0.001636  -0.003244  0.001633  0.999993  1.000000  0.000000  0.000000  0.000000  1.000000  0.000000  0.000000  0.000000  1.000000  0.999998  -0.000817  -0.001814  0.001815  0.000318  0.999998  -0.000816  -1.000000  0.000319  0.000000  0.000000  
45.024502 0.014551  0.091845  -0.010496  0.998038  -0.051976  0.034920  -0.031653  0.062411  0.997548  -0.054028  -0.996696  0.060644  0.000647  -0.004432  -0.005076  0.000000  0.000000  0.000000  2.000000  0.999998  -0.000817  -0.001814  0.001815  0.000318  0.999998  -0.000816  -1.000000  0.000319  0.999995  0.000855  0.003037  -0.000850  0.999998  -0.001625  -0.003038  0.001622  0.999994  1.000000  0.000000  0.000000  0.000000  1.000000  0.000000  0.000000  0.000000  1.000000  0.999998  -0.000817  -0.001814  0.001815  0.000318  0.999998  -0.000816  -1.000000  0.000319  0.000000  0.000000  
45.025801 0.014551  0.091841  -0.010503  0.998045  -0.051839  0.034918  -0.031653  0.062528  0.997541  -0.053895  -0.996696  0.060765  0.000361  -0.004282  -0.005202  0.000000  0.000000  0.000000  2.000000  0.999998  -0.000817  -0.001814  0.001815  0.000318  0.999998  -0.000816  -1.000000  0.000319  0.999995  0.000989  0.003029  -0.000984  0.999998  -0.001625  -0.003030  0.001622  0.999994  1.000000  0.000000  0.000000  0.000000  1.000000  0.000000  0.000000  0.000000  1.000000  0.999998  -0.000817  -0.001814  0.001815  0.000318  0.999998  -0.000816  -1.000000  0.000319  0.000000  0.000000  
45.027011 0.014550  0.091837  -0.010510  0.998038  -0.051822  0.035130  -0.031858  0.062660  0.997526  -0.053895  -0.996689  0.060886  0.000116  -0.004239  -0.005369  0.000000  0.000000  0.000000  2.000000  0.999998  -0.000817  -0.001814  0.001815  0.000318  0.999998  -0.000816  -1.000000  0.000319  0.999995  0.000990  0.003029  -0.000985  0.999998  -0.001625  -0.003030  0.001622  0.999994  1.000000  0.000000  0.000000  0.000000  1.000000  0.000000  0.000000  0.000000  1.000000  0.999998  -0.000817  -0.001814  0.001815  0.000318  0.999998  -0.000816  -1.000000  0.000319  0.000000  0.000000  
45.028253 0.014550  0.091832  -0.010518  0.998032  -0.051805  0.035341  -0.032064  0.062791  0.997511  -0.053895  -0.996681  0.061007  -0.000072  -0.004210  -0.005478  0.000000  0.000000  0.000000  2.000000  0.999998  -0.000817  -0.001814  0.001815  0.000318  0.999998  -0.000816  -1.000000  0.000319  0.999995  0.000990  0.003029  -0.000985  0.999998  -0.001746  -0.003030  0.001743  0.999994  1.000000  0.000000  0.000000  0.000000  1.000000  0.000000  0.000000  0.000000  1.000000  0.999998  -0.000817  -0.001814  0.001815  0.000318  0.999998  -0.000816  -1.000000  0.000319  0.000000  0.000000  
45.029503 0.014549  0.091828  -0.010526  0.998039  -0.051667  0.035340  -0.032064  0.062908  0.997504  -0.053761  -0.996681  0.061128  -0.000290  -0.004169  -0.005711  0.000000  0.000000  0.000000  2.000000  0.999998  -0.000817  -0.001814  0.001815  0.000318  0.999998  -0.000816  -1.000000  0.000319  0.999995  0.001124  0.003020  -0.001119  0.999998  -0.001746  -0.003022  0.001743  0.999994  1.000000  0.000000  0.000000  0.000000  1.000000  0.000000  0.000000  0.000000  1.000000  0.999998  -0.000817  -0.001814  0.001815  0.000318  0.999998  -0.000816  -1.000000  0.000319  0.000000  0.000000  
45.030503 0.014548  0.091824  -0.010532  0.998039  -0.051667  0.035340  -0.032064  0.062908  0.997504  -0.053761  -0.996681  0.061128  -0.000435  -0.004112  -0.005825  0.000000  0.000000  0.000000  2.000000  0.999998  -0.000817  -0.001814  0.001815  0.000318  0.999998  -0.000816  -1.000000  0.000319  0.999995  0.001111  0.002815  -0.001107  0.999998  -0.001613  -0.002817  0.001610  0.999995  1.000000  0.000000  0.000000  0.000000  1.000000  0.000000  0.000000  0.000000  1.000000  0.999998  -0.000817  -0.001814  0.001815  0.000318  0.999998  -0.000816  -1.000000  0.000319  0.000000  0.000000  
45.031503 0.014548  0.091820  -0.010538  0.998039  -0.051516  0.035543  -0.032270  0.063035  0.997489  -0.053628  -0.996681  0.061249  -0.000486  -0.004079  -0.005984  0.000000  0.000000  0.000000  2.000000  0.999998  -0.000817  -0.001814  0.001815  0.000318  0.999998  -0.000816  -1.000000  0.000319  0.999995  0.001112  0.002815  -0.001107  0.999998  -0.001734  -0.002817  0.001731  0.999995  1.000000  0.000000  0.000000  0.000000  1.000000  0.000000  0.000000  0.000000  1.000000  0.999998  -0.000817  -0.001814  0.001815  0.000318  0.999998  -0.000816  -1.000000  0.000319  0.000000  0.000000  
45.032759 0.014547  0.091815  -0.010547  0.998047  -0.051379  0.035541  -0.032270  0.063152  0.997482  -0.053494  -0.996681  0.061371  -0.000484  -0.003953  -0.005976  0.000000  0.000000  0.000000  2.000000  0.999998  -0.000817  -0.001814  0.001815  0.000318  0.999998  -0.000816  -1.000000  0.000319  0.999996  0.001233  0.002601  -0.001228  0.999998  -0.001723  -0.002604  0.001720  0.999995  1.000000  0.000000  0.000000  0.000000  1.000000  0.000000  0.000000  0.000000  1.000000  0.999998  -0.000817  -0.001814  0.001815  0.000318  0.999998  -0.000816  -1.000000  0.000319  0.000000  0.000000  
