1-Time 2-Px 3-Py 4-Pz 5-R11 6-R21 7-R31 8-R12 9-R22 10-R32 11-R13 12-R23 13-R33 14-Vx 15-Vy 16-Vz 17-Wx 18-Wy 19-Wz 20-state 21-PR11 22-PR21 23-PR31 24-PR12 25-PR22 26-PR32 27-PR13 28-PR23 29-PR33 
53.410446 0.005640  0.091563  -0.004472  0.998968  0.038734  -0.023730  -0.038683  0.999248  0.002618  0.023814  -0.001698  0.999715  -0.000047  0.000022  -0.000042  0.000000  0.000000  0.000000  2.000000  1.000000  0.000000  0.000000  -0.000000  1.000000  0.000000  0.000000  -0.000000  1.000000  1.000000  -0.000412  -0.000001  0.000412  1.000000  -0.000131  0.000001  0.000131  1.000000  1.000000  0.000000  0.000000  0.000000  1.000000  0.000000  0.000000  0.000000  1.000000  0.567510  0.752989  -0.333076  -0.779182  0.621888  0.078304  0.266098  0.215089  0.939643  0.000000  0.000000  
53.411453 0.005639  0.091563  -0.004472  0.998968  0.038734  -0.023730  -0.038683  0.999248  0.002618  0.023814  -0.001698  0.999715  -0.000078  -0.000006  -0.000063  0.000000  0.000000  0.000000  2.000000  1.000000  0.000000  0.000000  0.000000  1.000000  0.000000  0.000000  0.000000  1.000000  1.000000  -0.000412  -0.000001  0.000412  1.000000  -0.000131  0.000001  0.000131  1.000000  1.000000  0.000000  0.000000  0.000000  1.000000  0.000000  0.000000  0.000000  1.000000  1.000000  0.000000  0.000000  0.000000  1.000000  0.000000  0.000000  0.000000  1.000000  0.000000  0.000000  
53.412456 0.005639  0.091561  -0.004474  0.998960  0.038940  -0.023730  -0.038889  0.999240  0.002623  0.023814  -0.001698  0.999715  -0.000082  -0.000120  -0.000183  0.000000  0.000000  0.000000  2.000000  1.000000  0.000000  0.000000  0.000000  1.000000  0.000000  0.000000  0.000000  1.000000  1.000000  -0.000206  -0.000000  0.000206  1.000000  -0.000126  0.000000  0.000126  1.000000  1.000000  0.000000  0.000000  0.000000  1.000000  0.000000  0.000000  0.000000  1.000000  1.000000  0.000000  0.000000  0.000000  1.000000  0.000000  0.000000  0.000000  1.000000  0.000000  0.000000  
53.413701 0.005640  0.091558  -0.004477  0.998949  0.039146  -0.023863  -0.039094  0.999232  0.002633  0.023948  -0.001698  0.999712  -0.000094  -0.000354  -0.000432  0.000000  0.000000  0.000000  2.000000  1.000000  0.000000  0.000000  0.000000  1.000000  0.000000  0.000000  0.000000  1.000000  1.000000  0.000000  -0.000134  -0.000000  1.000000  -0.000121  0.000134  0.000121  1.000000  1.000000  0.000000  0.000000  0.000000  1.000000  0.000000  0.000000  0.000000  1.000000  1.000000  0.000000  0.000000  0.000000  1.000000  0.000000  0.000000  0.000000  1.000000  0.000000  0.000000  
53.414704 0.005640  0.091555  -0.004479  0.998940  0.039352  -0.023862  -0.039300  0.999224  0.002638  0.023948  -0.001698  0.999712  -0.000048  -0.000551  -0.000591  0.000000  0.000000  0.000000  2.000000  1.000000  0.000000  0.000000  0.000000  1.000000  0.000000  0.000000  0.000000  1.000000  1.000000  0.000206  -0.000133  -0.000206  1.000000  -0.000116  0.000133  0.000116  1.000000  1.000000  0.000000  0.000000  0.000000  1.000000  0.000000  0.000000  0.000000  1.000000  1.000000  0.000000  0.000000  0.000000  1.000000  0.000000  0.000000  0.000000  1.000000  0.000000  0.000000  
53.415740 0.005640  0.091553  -0.004481  0.998940  0.039352  -0.023862  -0.039300  0.999224  0.002638  0.023948  -0.001698  0.999712  -0.000023  -0.000718  -0.000725  0.000000  0.000000  0.000000  2.000000  1.000000  0.000000  0.000000  0.000000  1.000000  0.000000  0.000000  0.000000  1.000000  1.000000  0.000206  -0.000133  -0.000206  1.000000  -0.000116  0.000133  0.000116  1.000000  1.000000  0.000000  0.000000  0.000000  1.000000  0.000000  0.000000  0.000000  1.000000  1.000000  0.000000  0.000000  0.000000  1.000000  0.000000  0.000000  0.000000  1.000000  0.000000  0.000000  
53.416954 0.005642  0.091550  -0.004484  0.998929  0.039558  -0.023995  -0.039505  0.999216  0.002648  0.024081  -0.001698  0.999709  0.000089  -0.000922  -0.000923  0.000000  0.000000  0.000000  2.000000  1.000000  0.000000  0.000000  0.000000  1.000000  0.000000  0.000000  0.000000  1.000000  1.000000  0.000412  -0.000267  -0.000412  1.000000  -0.000111  0.000267  0.000111  1.000000  1.000000  0.000000  0.000000  0.000000  1.000000  0.000000  0.000000  0.000000  1.000000  1.000000  0.000000  0.000000  0.000000  1.000000  0.000000  0.000000  0.000000  1.000000  0.000000  0.000000  
53.417954 0.005643  0.091548  -0.004487  0.998918  0.039764  -0.024129  -0.039711  0.999208  0.002659  0.024215  -0.001698  0.999705  0.000158  -0.001068  -0.001072  0.000000  0.000000  0.000000  2.000000  1.000000  0.000000  0.000000  0.000000  1.000000  0.000000  0.000000  0.000000  1.000000  1.000000  0.000824  -0.000400  -0.000824  1.000000  -0.000101  0.000400  0.000102  1.000000  1.000000  0.000000  0.000000  0.000000  1.000000  0.000000  0.000000  0.000000  1.000000  1.000000  0.000000  0.000000  0.000000  1.000000  0.000000  0.000000  0.000000  1.000000  0.000000  0.000000  
53.418956 0.005645  0.091546  -0.004488  0.998906  0.039970  -0.024262  -0.039917  0.999199  0.002669  0.024349  -0.001698  0.999702  0.000297  -0.001183  -0.001169  0.000000  0.000000  0.000000  2.000000  1.000000  0.000000  0.000000  0.000000  1.000000  0.000000  0.000000  0.000000  1.000000  0.999999  0.001030  -0.000400  -0.001030  0.999999  -0.000096  0.000400  0.000097  1.000000  1.000000  0.000000  0.000000  0.000000  1.000000  0.000000  0.000000  0.000000  1.000000  1.000000  0.000000  0.000000  0.000000  1.000000  0.000000  0.000000  0.000000  1.000000  0.000000  0.000000  
53.420208 0.005647  0.091542  -0.004492  0.998890  0.040381  -0.024261  -0.040328  0.999183  0.002679  0.024349  -0.001698  0.999702  0.000423  -0.001389  -0.001399  0.000000  0.000000  0.000000  2.000000  1.000000  0.000000  0.000000  0.000000  1.000000  0.000000  0.000000  0.000000  1.000000  0.999999  0.001236  -0.000533  -0.001236  0.999999  0.000030  0.000533  -0.000029  1.000000  1.000000  0.000000  0.000000  0.000000  1.000000  0.000000  0.000000  0.000000  1.000000  1.000000  0.000000  0.000000  0.000000  1.000000  0.000000  0.000000  0.000000  1.000000  0.000000  0.000000  
53.421457 0.005648  0.091539  -0.004496  0.998878  0.040587  -0.024394  -0.040533  0.999175  0.002689  0.024483  -0.001698  0.999699  0.000510  -0.001598  -0.001661  0.000000  0.000000  0.000000  2.000000  1.000000  0.000000  0.000000  0.000000  1.000000  0.000000  0.000000  0.000000  1.000000  0.999998  0.001648  -0.000666  -0.001648  0.999999  0.000040  0.000666  -0.000039  1.000000  1.000000  0.000000  0.000000  0.000000  1.000000  0.000000  0.000000  0.000000  1.000000  1.000000  0.000000  0.000000  0.000000  1.000000  0.000000  0.000000  0.000000  1.000000  0.000000  0.000000  
53.422702 0.005649  0.091537  -0.004500  0.998858  0.040999  -0.024526  -0.040944  0.999158  0.002705  0.024616  -0.001698  0.999696  0.000594  -0.001763  -0.001980  0.000000  0.000000  0.000000  2.000000  1.000000  0.000000  0.000000  0.000000  1.000000  0.000000  0.000000  0.000000  1.000000  0.999998  0.002059  -0.000799  -0.002059  0.999998  0.000051  0.000799  -0.000049  1.000000  1.000000  0.000000  0.000000  0.000000  1.000000  0.000000  0.000000  0.000000  1.000000  1.000000  0.000000  0.000000  0.000000  1.000000  0.000000  0.000000  0.000000  1.000000  0.000000  0.000000  
53.423706 0.005650  0.091535  -0.004504  0.998846  0.041202  -0.024664  -0.041150  0.999150  0.002594  0.024750  -0.001576  0.999692  0.000721  -0.001889  -0.002177  0.000000  0.000000  0.000000  2.000000  1.000000  0.000000  0.000000  0.000000  1.000000  0.000000  0.000000  0.000000  1.000000  0.999997  0.002265  -0.000933  -0.002265  0.999997  -0.000065  0.000933  0.000067  1.000000  1.000000  0.000000  0.000000  0.000000  1.000000  0.000000  0.000000  0.000000  1.000000  1.000000  0.000000  0.000000  0.000000  1.000000  0.000000  0.000000  0.000000  1.000000  0.000000  0.000000  
53.424954 0.005652  0.091532  -0.004509  0.998826  0.041613  -0.024797  -0.041561  0.999133  0.002610  0.024884  -0.001576  0.999689  0.000796  -0.002110  -0.002540  0.000000  0.000000  0.000000  2.000000  1.000000  0.000000  0.000000  0.000000  1.000000  0.000000  0.000000  0.000000  1.000000  0.999996  0.002677  -0.001066  -0.002677  0.999996  -0.000055  0.001066  0.000058  0.999999  1.000000  0.000000  0.000000  0.000000  1.000000  0.000000  0.000000  0.000000  1.000000  1.000000  0.000000  0.000000  0.000000  1.000000  0.000000  0.000000  0.000000  1.000000  0.000000  0.000000  
53.425957 0.005653  0.091529  -0.004513  0.998806  0.042025  -0.024929  -0.041972  0.999115  0.002626  0.025018  -0.001576  0.999686  0.000866  -0.002271  -0.002824  0.000000  0.000000  0.000000  2.000000  1.000000  0.000000  0.000000  0.000000  1.000000  0.000000  0.000000  0.000000  1.000000  0.999995  0.002883  -0.001200  -0.002883  0.999996  -0.000049  0.001199  0.000053  0.999999  1.000000  0.000000  0.000000  0.000000  1.000000  0.000000  0.000000  0.000000  1.000000  1.000000  0.000000  0.000000  0.000000  1.000000  0.000000  0.000000  0.000000  1.000000  0.000000  0.000000  
53.427203 0.005654  0.091525  -0.004520  0.998793  0.042231  -0.025063  -0.042178  0.999107  0.002637  0.025151  -0.001576  0.999682  0.000943  -0.002420  -0.003081  0.000000  0.000000  0.000000  2.000000  1.000000  0.000000  0.000000  0.000000  1.000000  0.000000  0.000000  0.000000  1.000000  0.999994  0.003295  -0.001333  -0.003295  0.999995  -0.000038  0.001333  0.000043  0.999999  1.000000  0.000000  0.000000  0.000000  1.000000  0.000000  0.000000  0.000000  1.000000  1.000000  0.000000  0.000000  0.000000  1.000000  0.000000  0.000000  0.000000  1.000000  0.000000  0.000000  
53.428452 0.005655  0.091521  -0.004525  0.998773  0.042639  -0.025200  -0.042589  0.999089  0.002531  0.025285  -0.001455  0.999679  0.001034  -0.002513  -0.003218  0.000000  0.000000  0.000000  2.000000  1.000000  0.000000  0.000000  0.000000  1.000000  0.000000  0.000000  0.000000  1.000000  0.999992  0.003707  -0.001466  -0.003707  0.999993  -0.000149  0.001466  0.000154  0.999999  1.000000  0.000000  0.000000  0.000000  1.000000  0.000000  0.000000  0.000000  1.000000  1.000000  0.000000  0.000000  0.000000  1.000000  0.000000  0.000000  0.000000  1.000000  0.000000  0.000000  
53.429453 0.005656  0.091517  -0.004529  0.998752  0.043051  -0.025333  -0.043000  0.999072  0.002548  0.025419  -0.001455  0.999676  0.001089  -0.002572  -0.003298  0.000000  0.000000  0.000000  2.000000  1.000000  0.000000  0.000000  0.000000  1.000000  0.000000  0.000000  0.000000  1.000000  0.999991  0.003913  -0.001600  -0.003913  0.999992  -0.000143  0.001599  0.000149  0.999999  1.000000  0.000000  0.000000  0.000000  1.000000  0.000000  0.000000  0.000000  1.000000  1.000000  0.000000  0.000000  0.000000  1.000000  0.000000  0.000000  0.000000  1.000000  0.000000  0.000000  
53.430703 0.005657  0.091512  -0.004534  0.998739  0.043257  -0.025466  -0.043205  0.999063  0.002559  0.025553  -0.001455  0.999672  0.001122  -0.002725  -0.003485  0.000000  0.000000  0.000000  2.000000  1.000000  0.000000  0.000000  0.000000  1.000000  0.000000  0.000000  0.000000  1.000000  0.999988  0.004530  -0.001733  -0.004531  0.999990  -0.000127  0.001732  0.000135  0.999998  1.000000  0.000000  0.000000  0.000000  1.000000  0.000000  0.000000  0.000000  1.000000  1.000000  0.000000  0.000000  0.000000  1.000000  0.000000  0.000000  0.000000  1.000000  0.000000  0.000000  
53.431706 0.005658  0.091508  -0.004537  0.998718  0.043668  -0.025599  -0.043616  0.999045  0.002575  0.025687  -0.001455  0.999669  0.001100  -0.002829  -0.003564  0.000000  0.000000  0.000000  2.000000  1.000000  0.000000  0.000000  0.000000  1.000000  0.000000  0.000000  0.000000  1.000000  0.999987  0.004736  -0.001866  -0.004737  0.999989  -0.000121  0.001865  0.000130  0.999998  1.000000  0.000000  0.000000  0.000000  1.000000  0.000000  0.000000  0.000000  1.000000  1.000000  0.000000  0.000000  0.000000  1.000000  0.000000  0.000000  0.000000  1.000000  0.000000  0.000000  
53.432707 0.005660  0.091503  -0.004542  0.998706  0.043874  -0.025732  -0.043822  0.999036  0.002586  0.025820  -0.001455  0.999666  0.001107  -0.003026  -0.003752  0.000000  0.000000  0.000000  2.000000  1.000000  0.000000  0.000000  0.000000  1.000000  0.000000  0.000000  0.000000  1.000000  0.999986  0.004942  -0.001999  -0.004943  0.999988  -0.000115  0.001999  0.000125  0.999998  1.000000  0.000000  0.000000  0.000000  1.000000  0.000000  0.000000  0.000000  1.000000  1.000000  0.000000  0.000000  0.000000  1.000000  0.000000  0.000000  0.000000  1.000000  0.000000  0.000000  
53.433963 0.005662  0.091497  -0.004548  0.998684  0.044286  -0.025864  -0.044233  0.999018  0.002603  0.025954  -0.001455  0.999662  0.001124  -0.003252  -0.004015  -0.003675  0.071635  0.179879  2.000000  1.000000  0.000000  0.000000  0.000000  1.000000  0.000000  0.000000  0.000000  1.000000  0.999986  0.004942  -0.001999  -0.004943  0.999988  -0.000114  0.001999  0.000124  0.999998  1.000000  0.000000  0.000000  0.000000  1.000000  0.000000  0.000000  0.000000  1.000000  1.000000  0.000000  0.000000  0.000000  1.000000  0.000000  0.000000  0.000000  1.000000  0.000047  0.000000  
53.435206 0.005664  0.091491  -0.004555  0.998671  0.044491  -0.025997  -0.044438  0.999009  0.002614  0.026088  -0.001455  0.999659  0.001130  -0.003460  -0.004250  -0.003491  0.076133  0.186833  2.000000  1.000000  0.000217  0.000172  -0.000217  1.000000  -0.000006  -0.000172  0.000006  1.000000  0.999984  0.005148  -0.002133  -0.005149  0.999987  -0.000108  0.002132  0.000119  0.999998  1.000000  0.000055  0.000042  -0.000055  1.000000  -0.000001  -0.000042  0.000001  1.000000  1.000000  0.000217  0.000172  -0.000217  1.000000  -0.000006  -0.000172  0.000006  1.000000  0.000050  0.005574  
53.436226 0.005665  0.091485  -0.004561  0.998659  0.044697  -0.026130  -0.044644  0.999000  0.002625  0.026222  -0.001455  0.999655  0.001150  -0.003654  -0.004428  -0.003303  0.080562  0.193621  2.000000  1.000000  0.000439  0.000344  -0.000439  1.000000  -0.000011  -0.000344  0.000011  1.000000  0.999983  0.005354  -0.002133  -0.005354  0.999986  -0.000103  0.002132  0.000114  0.999998  1.000000  0.000057  0.000045  -0.000057  1.000000  -0.000001  -0.000045  0.000001  1.000000  1.000000  0.000439  0.000344  -0.000439  1.000000  -0.000011  -0.000344  0.000011  1.000000  0.000052  0.005764  
53.437453 0.005667  0.091479  -0.004569  0.998650  0.044903  -0.026130  -0.044849  0.998990  0.002631  0.026222  -0.001455  0.999655  0.001255  -0.003881  -0.004621  -0.003133  0.080621  0.200707  2.000000  1.000000  0.000665  0.000523  -0.000665  1.000000  -0.000017  -0.000523  0.000017  1.000000  0.999983  0.005354  -0.002133  -0.005354  0.999986  -0.000102  0.002132  0.000114  0.999998  1.000000  0.000057  0.000045  -0.000057  1.000000  -0.000001  -0.000045  0.000001  1.000000  1.000000  0.000665  0.000523  -0.000665  1.000000  -0.000017  -0.000523  0.000017  1.000000  0.000054  0.005764  
53.438706 0.005669  0.091473  -0.004576  0.998637  0.045109  -0.026263  -0.045055  0.998981  0.002642  0.026355  -0.001455  0.999652  0.001287  -0.004197  -0.004839  -0.002946  0.085090  0.207588  2.000000  0.999999  0.000948  0.000746  -0.000948  1.000000  -0.000024  -0.000746  0.000023  1.000000  0.999983  0.005354  -0.002133  -0.005354  0.999986  -0.000102  0.002132  0.000113  0.999998  1.000000  0.000057  0.000045  -0.000057  1.000000  -0.000001  -0.000045  0.000001  1.000000  0.999999  0.000948  0.000746  -0.000948  1.000000  -0.000024  -0.000746  0.000023  1.000000  0.000056  0.005764  
53.439959 0.005672  0.091467  -0.004583  0.998624  0.045315  -0.026396  -0.045260  0.998972  0.002653  0.026489  -0.001455  0.999648  0.001337  -0.004399  -0.004963  -0.002584  0.089560  0.221415  2.000000  0.999999  0.001225  0.000963  -0.001225  0.999999  -0.000031  -0.000963  0.000030  1.000000  0.999984  0.005148  -0.002133  -0.005149  0.999987  -0.000106  0.002132  0.000117  0.999998  1.000000  0.000055  0.000042  -0.000055  1.000000  -0.000001  -0.000042  0.000001  1.000000  0.999999  0.001225  0.000963  -0.001225  0.999999  -0.000031  -0.000963  0.000030  1.000000  0.000060  0.005574  
53.441205 0.005673  0.091461  -0.004589  0.998615  0.045517  -0.026401  -0.045466  0.998963  0.002538  0.026489  -0.001334  0.999648  0.001378  -0.004493  -0.004986  -0.006487  0.089595  0.228407  2.000000  0.999998  0.001500  0.001179  -0.001500  0.999999  -0.000044  -0.001179  0.000042  0.999999  0.999985  0.005148  -0.002000  -0.005148  0.999987  -0.000228  0.001999  0.000238  0.999998  1.000000  0.000054  0.000043  -0.000054  1.000000  -0.000003  -0.000043  0.000003  1.000000  0.999998  0.001500  0.001179  -0.001500  0.999999  -0.000044  -0.001179  0.000042  0.999999  0.000061  0.005528  
53.442453 0.005675  0.091455  -0.004596  0.998602  0.045723  -0.026534  -0.045671  0.998953  0.002549  0.026623  -0.001334  0.999645  0.001415  -0.004651  -0.005022  -0.006419  0.093326  0.226553  2.000000  0.999998  0.001555  0.001221  -0.001555  0.999999  -0.000047  -0.001221  0.000045  0.999999  0.999986  0.004942  -0.002000  -0.004943  0.999988  -0.000232  0.001999  0.000242  0.999998  1.000000  0.000000  0.000000  0.000000  1.000000  0.000000  0.000000  0.000000  1.000000  0.999998  0.001555  0.001221  -0.001555  0.999999  -0.000047  -0.001221  0.000045  0.999999  0.000061  0.000000  
53.443455 0.005677  0.091450  -0.004600  0.998602  0.045720  -0.026540  -0.045671  0.998954  0.002428  0.026623  -0.001213  0.999645  0.001466  -0.004732  -0.005057  -0.010621  0.088883  0.219664  2.000000  0.999998  0.001555  0.001221  -0.001555  0.999999  -0.000047  -0.001221  0.000045  0.999999  0.999987  0.004736  -0.002001  -0.004737  0.999989  -0.000359  0.001999  0.000369  0.999998  1.000000  0.000000  0.000000  0.000000  1.000000  0.000000  0.000000  0.000000  1.000000  0.999998  0.001555  0.001221  -0.001555  0.999999  -0.000047  -0.001221  0.000045  0.999999  0.000059  0.000000  
53.444702 0.005678  0.091444  -0.004606  0.998592  0.045925  -0.026539  -0.045877  0.998944  0.002433  0.026623  -0.001213  0.999645  0.001478  -0.004818  -0.005127  -0.010621  0.088885  0.219669  2.000000  0.999998  0.001555  0.001221  -0.001555  0.999999  -0.000047  -0.001221  0.000045  0.999999  0.999988  0.004530  -0.001867  -0.004530  0.999990  -0.000243  0.001866  0.000252  0.999998  1.000000  0.000000  0.000000  0.000000  1.000000  0.000000  0.000000  0.000000  1.000000  0.999998  0.001555  0.001221  -0.001555  0.999999  -0.000047  -0.001221  0.000045  0.999999  0.000059  0.000000  
53.445703 0.005680  0.091439  -0.004612  0.998589  0.045926  -0.026673  -0.045877  0.998944  0.002440  0.026757  -0.001213  0.999641  0.001504  -0.004906  -0.005229  -0.010619  0.093455  0.219934  2.000000  0.999998  0.001555  0.001221  -0.001555  0.999999  -0.000047  -0.001221  0.000045  0.999999  0.999989  0.004324  -0.001868  -0.004325  0.999991  -0.000248  0.001867  0.000256  0.999998  1.000000  0.000000  0.000000  0.000000  1.000000  0.000000  0.000000  0.000000  1.000000  0.999998  0.001555  0.001221  -0.001555  0.999999  -0.000047  -0.001221  0.000045  0.999999  0.000060  0.000000  
53.446703 0.005680  0.091433  -0.004617  0.998579  0.046128  -0.026678  -0.046082  0.998935  0.002324  0.026757  -0.001091  0.999641  0.001464  -0.004995  -0.005309  -0.014637  0.088911  0.219695  2.000000  0.999998  0.001555  0.001221  -0.001555  0.999999  -0.000047  -0.001221  0.000045  0.999999  0.999990  0.004118  -0.001735  -0.004119  0.999991  -0.000375  0.001733  0.000382  0.999998  1.000000  0.000000  0.000000  0.000000  1.000000  0.000000  0.000000  0.000000  1.000000  0.999998  0.001555  0.001221  -0.001555  0.999999  -0.000047  -0.001221  0.000045  0.999999  0.000059  0.000000  
53.447953 0.005681  0.091425  -0.004625  0.998579  0.046128  -0.026678  -0.046082  0.998935  0.002324  0.026757  -0.001091  0.999641  0.001369  -0.005113  -0.005460  -0.014795  0.084447  0.212794  2.000000  0.999998  0.001555  0.001221  -0.001555  0.999999  -0.000047  -0.001221  0.000045  0.999999  0.999992  0.003706  -0.001601  -0.003707  0.999993  -0.000386  0.001600  0.000392  0.999999  1.000000  0.000000  0.000000  0.000000  1.000000  0.000000  0.000000  0.000000  1.000000  0.999998  0.001555  0.001221  -0.001555  0.999999  -0.000047  -0.001221  0.000045  0.999999  0.000057  0.000000  
53.448962 0.005681  0.091420  -0.004631  0.998576  0.046128  -0.026811  -0.046082  0.998935  0.002330  0.026890  -0.001091  0.999638  0.001307  -0.005165  -0.005499  -0.015241  0.085153  0.200692  2.000000  0.999998  0.001555  0.001221  -0.001555  0.999999  -0.000047  -0.001221  0.000045  0.999999  0.999993  0.003500  -0.001602  -0.003501  0.999994  -0.000270  0.001601  0.000275  0.999999  1.000000  0.000000  0.000000  0.000000  1.000000  0.000000  0.000000  0.000000  1.000000  0.999998  0.001555  0.001221  -0.001555  0.999999  -0.000047  -0.001221  0.000045  0.999999  0.000056  0.000000  
53.450210 0.005683  0.091413  -0.004638  0.998576  0.046125  -0.026817  -0.046082  0.998935  0.002209  0.026890  -0.000970  0.999638  0.001273  -0.005192  -0.005512  -0.019484  0.080685  0.193780  2.000000  0.999998  0.001555  0.001221  -0.001555  0.999999  -0.000047  -0.001221  0.000045  0.999999  0.999994  0.003088  -0.001469  -0.003089  0.999995  -0.000402  0.001467  0.000407  0.999999  1.000000  0.000000  0.000000  0.000000  1.000000  0.000000  0.000000  0.000000  1.000000  0.999998  0.001555  0.001221  -0.001555  0.999999  -0.000047  -0.001221  0.000045  0.999999  0.000053  0.000000  
53.451458 0.005684  0.091405  -0.004645  0.998576  0.046125  -0.026817  -0.046082  0.998935  0.002209  0.026890  -0.000970  0.999638  0.001225  -0.005250  -0.005467  -0.019829  0.076212  0.179954  2.000000  0.999998  0.001555  0.001221  -0.001555  0.999999  -0.000047  -0.001221  0.000045  0.999999  0.999995  0.002883  -0.001335  -0.002883  0.999996  -0.000408  0.001334  0.000412  0.999999  1.000000  0.000000  0.000000  0.000000  1.000000  0.000000  0.000000  0.000000  1.000000  0.999998  0.001555  0.001221  -0.001555  0.999999  -0.000047  -0.001221  0.000045  0.999999  0.000051  0.000000  
53.452462 0.005684  0.091400  -0.004650  0.998576  0.046125  -0.026817  -0.046082  0.998935  0.002209  0.026890  -0.000970  0.999638  0.001119  -0.005277  -0.005389  -0.020001  0.076201  0.172989  2.000000  0.999998  0.001555  0.001221  -0.001555  0.999999  -0.000047  -0.001221  0.000045  0.999999  0.999996  0.002471  -0.001202  -0.002471  0.999997  -0.000419  0.001201  0.000422  0.999999  1.000000  0.000000  0.000000  0.000000  1.000000  0.000000  0.000000  0.000000  1.000000  0.999998  0.001555  0.001221  -0.001555  0.999999  -0.000047  -0.001221  0.000045  0.999999  0.000048  0.000000  
53.453707 0.005685  0.091393  -0.004657  0.998576  0.046122  -0.026823  -0.046082  0.998935  0.002088  0.026890  -0.000849  0.999638  0.000991  -0.005331  -0.005398  0.000000  0.000000  0.000000  2.000000  0.999998  0.001555  0.001221  -0.001555  0.999999  -0.000047  -0.001221  0.000045  0.999999  0.999997  0.002265  -0.001068  -0.002265  0.999997  -0.000546  0.001067  0.000548  0.999999  1.000000  0.000000  0.000000  0.000000  1.000000  0.000000  0.000000  0.000000  1.000000  0.999998  0.001555  0.001221  -0.001555  0.999999  -0.000047  -0.001221  0.000045  0.999999  0.000000  0.000000  
53.454707 0.005685  0.091387  -0.004664  0.998576  0.046122  -0.026823  -0.046082  0.998935  0.002088  0.026890  -0.000849  0.999638  0.000897  -0.005413  -0.005460  0.000000  0.000000  0.000000  2.000000  0.999998  0.001555  0.001221  -0.001555  0.999999  -0.000047  -0.001221  0.000045  0.999999  0.999998  0.001853  -0.000935  -0.001854  0.999998  -0.000557  0.000934  0.000558  0.999999  1.000000  0.000000  0.000000  0.000000  1.000000  0.000000  0.000000  0.000000  1.000000  0.999998  0.001555  0.001221  -0.001555  0.999999  -0.000047  -0.001221  0.000045  0.999999  0.000000  0.000000  
53.455955 0.005684  0.091379  -0.004672  0.998576  0.046122  -0.026823  -0.046082  0.998935  0.002088  0.026890  -0.000849  0.999638  0.000755  -0.005553  -0.005598  0.000000  0.000000  0.000000  2.000000  0.999998  0.001555  0.001221  -0.001555  0.999999  -0.000047  -0.001221  0.000045  0.999999  0.999998  0.001647  -0.000801  -0.001648  0.999998  -0.000562  0.000800  0.000564  1.000000  1.000000  0.000000  0.000000  0.000000  1.000000  0.000000  0.000000  0.000000  1.000000  0.999998  0.001555  0.001221  -0.001555  0.999999  -0.000047  -0.001221  0.000045  0.999999  0.000000  0.000000  
53.457204 0.005683  0.091371  -0.004680  0.998576  0.046118  -0.026828  -0.046082  0.998936  0.001967  0.026890  -0.000728  0.999638  0.000552  -0.005668  -0.005744  0.000000  0.000000  0.000000  2.000000  0.999998  0.001555  0.001221  -0.001555  0.999999  -0.000047  -0.001221  0.000045  0.999999  0.999999  0.001441  -0.000668  -0.001442  0.999999  -0.000689  0.000667  0.000690  1.000000  1.000000  0.000000  0.000000  0.000000  1.000000  0.000000  0.000000  0.000000  1.000000  0.999998  0.001555  0.001221  -0.001555  0.999999  -0.000047  -0.001221  0.000045  0.999999  0.000000  0.000000  
53.458454 0.005683  0.091364  -0.004689  0.998576  0.046118  -0.026828  -0.046082  0.998936  0.001967  0.026890  -0.000728  0.999638  0.000382  -0.005779  -0.005927  0.000000  0.000000  0.000000  2.000000  0.999998  0.001555  0.001221  -0.001555  0.999999  -0.000047  -0.001221  0.000045  0.999999  0.999999  0.001029  -0.000534  -0.001030  0.999999  -0.000700  0.000534  0.000701  1.000000  1.000000  0.000000  0.000000  0.000000  1.000000  0.000000  0.000000  0.000000  1.000000  0.999998  0.001555  0.001221  -0.001555  0.999999  -0.000047  -0.001221  0.000045  0.999999  0.000000  0.000000  
53.459454 0.005682  0.091358  -0.004696  0.998572  0.046118  -0.026962  -0.046082  0.998936  0.001973  0.027024  -0.000728  0.999635  0.000241  -0.005832  -0.006109  0.000000  0.000000  0.000000  2.000000  0.999998  0.001555  0.001221  -0.001555  0.999999  -0.000047  -0.001221  0.000045  0.999999  1.000000  0.000824  -0.000535  -0.000824  0.999999  -0.000706  0.000534  0.000706  1.000000  1.000000  0.000000  0.000000  0.000000  1.000000  0.000000  0.000000  0.000000  1.000000  0.999998  0.001555  0.001221  -0.001555  0.999999  -0.000047  -0.001221  0.000045  0.999999  0.000000  0.000000  
53.460456 0.005680  0.091352  -0.004704  0.998572  0.046115  -0.026967  -0.046082  0.998936  0.001852  0.027024  -0.000606  0.999635  0.000047  -0.005891  -0.006210  0.000000  0.000000  0.000000  2.000000  0.999998  0.001555  0.001221  -0.001555  0.999999  -0.000047  -0.001221  0.000045  0.999999  1.000000  0.000824  -0.000535  -0.000824  0.999999  -0.000706  0.000534  0.000706  1.000000  1.000000  0.000000  0.000000  0.000000  1.000000  0.000000  0.000000  0.000000  1.000000  0.999998  0.001555  0.001221  -0.001555  0.999999  -0.000047  -0.001221  0.000045  0.999999  0.000000  0.000000  
53.461703 0.005678  0.091344  -0.004713  0.998572  0.046115  -0.026967  -0.046082  0.998936  0.001852  0.027024  -0.000606  0.999635  -0.000122  -0.005895  -0.006364  0.000000  0.000000  0.000000  2.000000  0.999998  0.001555  0.001221  -0.001555  0.999999  -0.000047  -0.001221  0.000045  0.999999  1.000000  0.000618  -0.000535  -0.000618  1.000000  -0.000711  0.000534  0.000711  1.000000  1.000000  0.000000  0.000000  0.000000  1.000000  0.000000  0.000000  0.000000  1.000000  0.999998  0.001555  0.001221  -0.001555  0.999999  -0.000047  -0.001221  0.000045  0.999999  0.000000  0.000000  
53.462703 0.005677  0.091339  -0.004720  0.998572  0.046115  -0.026967  -0.046082  0.998936  0.001852  0.027024  -0.000606  0.999635  -0.000258  -0.005859  -0.006420  0.000000  0.000000  0.000000  2.000000  0.999998  0.001555  0.001221  -0.001555  0.999999  -0.000047  -0.001221  0.000045  0.999999  1.000000  0.000412  -0.000401  -0.000412  1.000000  -0.000717  0.000401  0.000717  1.000000  1.000000  0.000000  0.000000  0.000000  1.000000  0.000000  0.000000  0.000000  1.000000  0.999998  0.001555  0.001221  -0.001555  0.999999  -0.000047  -0.001221  0.000045  0.999999  0.000000  0.000000  
53.463705 0.005675  0.091333  -0.004727  0.998572  0.046115  -0.026967  -0.046082  0.998936  0.001852  0.027024  -0.000606  0.999635  -0.000439  -0.005799  -0.006458  0.000000  0.000000  0.000000  2.000000  0.999998  0.001555  0.001221  -0.001555  0.999999  -0.000047  -0.001221  0.000045  0.999999  1.000000  0.000412  -0.000401  -0.000412  1.000000  -0.000595  0.000401  0.000596  1.000000  1.000000  0.000000  0.000000  0.000000  1.000000  0.000000  0.000000  0.000000  1.000000  0.999998  0.001555  0.001221  -0.001555  0.999999  -0.000047  -0.001221  0.000045  0.999999  0.000000  0.000000  
53.464707 0.005673  0.091329  -0.004733  0.998572  0.046115  -0.026967  -0.046082  0.998936  0.001852  0.027024  -0.000606  0.999635  -0.000611  -0.005787  -0.006535  0.000000  0.000000  0.000000  2.000000  0.999998  0.001555  0.001221  -0.001555  0.999999  -0.000047  -0.001221  0.000045  0.999999  1.000000  0.000206  -0.000401  -0.000206  1.000000  -0.000601  0.000401  0.000601  1.000000  1.000000  0.000000  0.000000  0.000000  1.000000  0.000000  0.000000  0.000000  1.000000  0.999998  0.001555  0.001221  -0.001555  0.999999  -0.000047  -0.001221  0.000045  0.999999  0.000000  0.000000  
53.465711 0.005672  0.091324  -0.004739  0.998572  0.046112  -0.026973  -0.046082  0.998936  0.001730  0.027024  -0.000485  0.999635  -0.000781  -0.005714  -0.006593  0.000000  0.000000  0.000000  2.000000  0.999998  0.001555  0.001221  -0.001555  0.999999  -0.000047  -0.001221  0.000045  0.999999  1.000000  0.000206  -0.000267  -0.000206  1.000000  -0.000722  0.000267  0.000722  1.000000  1.000000  0.000000  0.000000  0.000000  1.000000  0.000000  0.000000  0.000000  1.000000  0.999998  0.001555  0.001221  -0.001555  0.999999  -0.000047  -0.001221  0.000045  0.999999  0.000000  0.000000  
53.466954 0.005669  0.091318  -0.004748  0.998582  0.045906  -0.026973  -0.045876  0.998946  0.001725  0.027024  -0.000485  0.999635  -0.001022  -0.005688  -0.006682  0.000000  0.000000  0.000000  2.000000  0.999998  0.001555  0.001221  -0.001555  0.999999  -0.000047  -0.001221  0.000045  0.999999  1.000000  -0.000206  -0.000268  0.000206  1.000000  -0.000612  0.000268  0.000612  1.000000  1.000000  0.000000  0.000000  0.000000  1.000000  0.000000  0.000000  0.000000  1.000000  0.999998  0.001555  0.001221  -0.001555  0.999999  -0.000047  -0.001221  0.000045  0.999999  0.000000  0.000000  
53.468207 0.005666  0.091311  -0.004756  0.998578  0.045906  -0.027107  -0.045876  0.998946  0.001731  0.027158  -0.000485  0.999631  -0.001252  -0.005653  -0.006804  0.000000  0.000000  0.000000  2.000000  0.999998  0.001555  0.001221  -0.001555  0.999999  -0.000047  -0.001221  0.000045  0.999999  1.000000  -0.000206  -0.000401  0.000205  1.000000  -0.000612  0.000402  0.000612  1.000000  1.000000  0.000000  0.000000  0.000000  1.000000  0.000000  0.000000  0.000000  1.000000  0.999998  0.001555  0.001221  -0.001555  0.999999  -0.000047  -0.001221  0.000045  0.999999  0.000000  0.000000  
53.469454 0.005663  0.091304  -0.004767  0.998578  0.045906  -0.027107  -0.045876  0.998946  0.001731  0.027158  -0.000485  0.999631  -0.001446  -0.005640  -0.006991  0.000000  0.000000  0.000000  2.000000  0.999998  0.001555  0.001221  -0.001555  0.999999  -0.000047  -0.001221  0.000045  0.999999  1.000000  -0.000206  -0.000268  0.000206  1.000000  -0.000491  0.000268  0.000491  1.000000  1.000000  0.000000  0.000000  0.000000  1.000000  0.000000  0.000000  0.000000  1.000000  0.999998  0.001555  0.001221  -0.001555  0.999999  -0.000047  -0.001221  0.000045  0.999999  0.000000  0.000000  
53.470707 0.005660  0.091297  -0.004777  0.998578  0.045903  -0.027112  -0.045876  0.998946  0.001610  0.027158  -0.000364  0.999631  -0.001638  -0.005572  -0.007111  0.000000  0.000000  0.000000  2.000000  0.999998  0.001555  0.001221  -0.001555  0.999999  -0.000047  -0.001221  0.000045  0.999999  1.000000  -0.000206  -0.000268  0.000206  1.000000  -0.000612  0.000268  0.000612  1.000000  1.000000  0.000000  0.000000  0.000000  1.000000  0.000000  0.000000  0.000000  1.000000  0.999998  0.001555  0.001221  -0.001555  0.999999  -0.000047  -0.001221  0.000045  0.999999  0.000000  0.000000  
53.471958 0.005657  0.091290  -0.004787  0.998574  0.045903  -0.027246  -0.045876  0.998946  0.001616  0.027292  -0.000364  0.999627  -0.001802  -0.005484  -0.007234  0.000000  0.000000  0.000000  2.000000  0.999998  0.001555  0.001221  -0.001555  0.999999  -0.000047  -0.001221  0.000045  0.999999  1.000000  -0.000206  -0.000401  0.000205  1.000000  -0.000612  0.000402  0.000612  1.000000  1.000000  0.000000  0.000000  0.000000  1.000000  0.000000  0.000000  0.000000  1.000000  0.999998  0.001555  0.001221  -0.001555  0.999999  -0.000047  -0.001221  0.000045  0.999999  0.000000  0.000000  
53.473204 0.005654  0.091284  -0.004797  0.998574  0.045903  -0.027246  -0.045876  0.998946  0.001616  0.027292  -0.000364  0.999627  -0.001959  -0.005415  -0.007328  0.000000  0.000000  0.000000  2.000000  0.999998  0.001555  0.001221  -0.001555  0.999999  -0.000047  -0.001221  0.000045  0.999999  1.000000  -0.000206  -0.000401  0.000205  1.000000  -0.000612  0.000402  0.000612  1.000000  1.000000  0.000000  0.000000  0.000000  1.000000  0.000000  0.000000  0.000000  1.000000  0.999998  0.001555  0.001221  -0.001555  0.999999  -0.000047  -0.001221  0.000045  0.999999  0.000000  0.000000  
53.474454 0.005650  0.091277  -0.004808  0.998571  0.045903  -0.027380  -0.045876  0.998946  0.001622  0.027425  -0.000364  0.999624  -0.002085  -0.005370  -0.007418  0.000000  0.000000  0.000000  2.000000  0.999998  0.001555  0.001221  -0.001555  0.999999  -0.000047  -0.001221  0.000045  0.999999  1.000000  -0.000206  -0.000535  0.000205  1.000000  -0.000491  0.000535  0.000491  1.000000  1.000000  0.000000  0.000000  0.000000  1.000000  0.000000  0.000000  0.000000  1.000000  0.999998  0.001555  0.001221  -0.001555  0.999999  -0.000047  -0.001221  0.000045  0.999999  0.000000  0.000000  
53.475702 0.005648  0.091271  -0.004818  0.998571  0.045903  -0.027380  -0.045876  0.998946  0.001622  0.027425  -0.000364  0.999624  -0.002174  -0.005254  -0.007532  0.000000  0.000000  0.000000  2.000000  0.999998  0.001555  0.001221  -0.001555  0.999999  -0.000047  -0.001221  0.000045  0.999999  1.000000  -0.000206  -0.000535  0.000205  1.000000  -0.000491  0.000535  0.000491  1.000000  1.000000  0.000000  0.000000  0.000000  1.000000  0.000000  0.000000  0.000000  1.000000  0.999998  0.001555  0.001221  -0.001555  0.999999  -0.000047  -0.001221  0.000045  0.999999  0.000000  0.000000  
53.476703 0.005645  0.091266  -0.004826  0.998571  0.045903  -0.027380  -0.045876  0.998946  0.001622  0.027425  -0.000364  0.999624  -0.002229  -0.005207  -0.007584  0.000000  0.000000  0.000000  2.000000  0.999998  0.001555  0.001221  -0.001555  0.999999  -0.000047  -0.001221  0.000045  0.999999  1.000000  -0.000206  -0.000535  0.000205  1.000000  -0.000491  0.000535  0.000491  1.000000  1.000000  0.000000  0.000000  0.000000  1.000000  0.000000  0.000000  0.000000  1.000000  0.999998  0.001555  0.001221  -0.001555  0.999999  -0.000047  -0.001221  0.000045  0.999999  0.000000  0.000000  
53.477706 0.005643  0.091261  -0.004835  0.998567  0.045903  -0.027513  -0.045876  0.998946  0.001628  0.027559  -0.000364  0.999620  -0.002257  -0.005167  -0.007704  0.000000  0.000000  0.000000  2.000000  0.999998  0.001555  0.001221  -0.001555  0.999999  -0.000047  -0.001221  0.000045  0.999999  1.000000  -0.000206  -0.000669  0.000205  1.000000  -0.000370  0.000669  0.000369  1.000000  1.000000  0.000000  0.000000  0.000000  1.000000  0.000000  0.000000  0.000000  1.000000  0.999998  0.001555  0.001221  -0.001555  0.999999  -0.000047  -0.001221  0.000045  0.999999  0.000000  0.000000  
53.478953 0.005640  0.091255  -0.004846  0.998567  0.045903  -0.027513  -0.045876  0.998946  0.001628  0.027559  -0.000364  0.999620  -0.002312  -0.005135  -0.007893  0.000000  0.000000  0.000000  2.000000  0.999998  0.001555  0.001221  -0.001555  0.999999  -0.000047  -0.001221  0.000045  0.999999  1.000000  -0.000206  -0.000669  0.000205  1.000000  -0.000370  0.000669  0.000369  1.000000  1.000000  0.000000  0.000000  0.000000  1.000000  0.000000  0.000000  0.000000  1.000000  0.999998  0.001555  0.001221  -0.001555  0.999999  -0.000047  -0.001221  0.000045  0.999999  0.000000  0.000000  
53.480203 0.005636  0.091249  -0.004858  0.998563  0.045907  -0.027641  -0.045876  0.998946  0.001756  0.027693  -0.000485  0.999616  -0.002403  -0.005165  -0.008124  0.000000  0.000000  0.000000  2.000000  0.999998  0.001555  0.001221  -0.001555  0.999999  -0.000047  -0.001221  0.000045  0.999999  1.000000  -0.000206  -0.000535  0.000205  1.000000  -0.000248  0.000535  0.000248  1.000000  1.000000  0.000000  0.000000  0.000000  1.000000  0.000000  0.000000  0.000000  1.000000  0.999998  0.001555  0.001221  -0.001555  0.999999  -0.000047  -0.001221  0.000045  0.999999  0.000000  0.000000  
53.481460 0.005634  0.091242  -0.004870  0.998563  0.045907  -0.027641  -0.045876  0.998946  0.001756  0.027693  -0.000485  0.999616  -0.002435  -0.005162  -0.008403  0.000000  0.000000  0.000000  2.000000  0.999998  0.001555  0.001221  -0.001555  0.999999  -0.000047  -0.001221  0.000045  0.999999  1.000000  -0.000205  -0.000669  0.000205  1.000000  -0.000127  0.000669  0.000127  1.000000  1.000000  0.000000  0.000000  0.000000  1.000000  0.000000  0.000000  0.000000  1.000000  0.999998  0.001555  0.001221  -0.001555  0.999999  -0.000047  -0.001221  0.000045  0.999999  0.000000  0.000000  
53.482703 0.005631  0.091236  -0.004882  0.998560  0.045907  -0.027775  -0.045875  0.998946  0.001762  0.027827  -0.000485  0.999613  -0.002454  -0.005161  -0.008573  0.000000  0.000000  0.000000  2.000000  0.999998  0.001555  0.001221  -0.001555  0.999999  -0.000047  -0.001221  0.000045  0.999999  1.000000  -0.000205  -0.000803  0.000205  1.000000  -0.000127  0.000803  0.000127  1.000000  1.000000  0.000000  0.000000  0.000000  1.000000  0.000000  0.000000  0.000000  1.000000  0.999998  0.001555  0.001221  -0.001555  0.999999  -0.000047  -0.001221  0.000045  0.999999  0.000000  0.000000  
53.483956 0.005628  0.091230  -0.004893  0.998556  0.045907  -0.027909  -0.045875  0.998946  0.001768  0.027960  -0.000485  0.999609  -0.002444  -0.005122  -0.008741  0.000000  0.000000  0.000000  2.000000  0.999998  0.001555  0.001221  -0.001555  0.999999  -0.000047  -0.001221  0.000045  0.999999  1.000000  -0.000205  -0.000803  0.000205  1.000000  -0.000127  0.000803  0.000127  1.000000  1.000000  0.000000  0.000000  0.000000  1.000000  0.000000  0.000000  0.000000  1.000000  0.999998  0.001555  0.001221  -0.001555  0.999999  -0.000047  -0.001221  0.000045  0.999999  0.000000  0.000000  
53.484958 0.005626  0.091225  -0.004902  0.998556  0.045907  -0.027909  -0.045875  0.998946  0.001768  0.027960  -0.000485  0.999609  -0.002448  -0.005076  -0.008798  0.000000  0.000000  0.000000  2.000000  0.999998  0.001555  0.001221  -0.001555  0.999999  -0.000047  -0.001221  0.000045  0.999999  1.000000  -0.000205  -0.000937  0.000205  1.000000  -0.000127  0.000937  0.000127  1.000000  1.000000  0.000000  0.000000  0.000000  1.000000  0.000000  0.000000  0.000000  1.000000  0.999998  0.001555  0.001221  -0.001555  0.999999  -0.000047  -0.001221  0.000045  0.999999  0.000000  0.000000  
