1-Time 2-Px 3-Py 4-Pz 5-R11 6-R21 7-R31 8-R12 9-R22 10-R32 11-R13 12-R23 13-R33 14-Vx 15-Vy 16-Vz 17-Wx 18-Wy 19-Wz 20-state 21-PR11 22-PR21 23-PR31 24-PR12 25-PR22 26-PR32 27-PR13 28-PR23 29-PR33 
118.141070 0.010335  0.095801  -0.001506  0.995959  -0.033013  -0.083525  0.035897  0.998801  0.033273  0.082327  -0.036137  0.995950  -0.001265  0.000881  0.004193  0.000000  0.000000  0.000000  2.000000  1.000000  0.000000  0.000000  -0.000000  1.000000  0.000000  0.000000  -0.000000  1.000000  1.000000  -0.000005  0.000134  0.000005  1.000000  -0.000364  -0.000134  0.000364  1.000000  1.000000  0.000000  0.000000  0.000000  1.000000  0.000000  0.000000  0.000000  1.000000  0.435554  0.862225  -0.258575  -0.743105  0.506522  0.437299  0.508024  0.001681  0.861341  0.000000  0.000000  
118.142076 0.010334  0.095802  -0.001502  0.995959  -0.033023  -0.083521  0.035897  0.998805  0.033152  0.082327  -0.036016  0.995954  -0.001241  0.000851  0.004167  0.000000  0.000000  0.000000  2.000000  1.000000  0.000000  0.000000  0.000000  1.000000  0.000000  0.000000  0.000000  1.000000  1.000000  -0.000005  0.000134  0.000005  1.000000  -0.000485  -0.000134  0.000485  1.000000  1.000000  0.000000  0.000000  0.000000  1.000000  0.000000  0.000000  0.000000  1.000000  1.000000  0.000000  0.000000  0.000000  1.000000  0.000000  0.000000  0.000000  1.000000  0.000000  0.000000  
118.143326 0.010334  0.095803  -0.001497  0.995929  -0.033209  -0.083798  0.036102  0.998795  0.033246  0.082593  -0.036136  0.995928  -0.001081  0.000854  0.004165  0.000000  0.000000  0.000000  2.000000  1.000000  0.000000  0.000000  0.000000  1.000000  0.000000  0.000000  0.000000  1.000000  1.000000  -0.000200  -0.000141  0.000200  1.000000  -0.000381  0.000141  0.000381  1.000000  1.000000  0.000000  0.000000  0.000000  1.000000  0.000000  0.000000  0.000000  1.000000  1.000000  0.000000  0.000000  0.000000  1.000000  0.000000  0.000000  0.000000  1.000000  0.000000  0.000000  
118.144576 0.010335  0.095804  -0.001492  0.995881  -0.033605  -0.084212  0.036510  0.998782  0.033197  0.082993  -0.036135  0.995895  -0.000893  0.000849  0.004096  0.000000  0.000000  0.000000  2.000000  1.000000  0.000000  0.000000  0.000000  1.000000  0.000000  0.000000  0.000000  1.000000  1.000000  -0.000396  -0.000416  0.000395  1.000000  -0.000277  0.000416  0.000277  1.000000  1.000000  0.000000  0.000000  0.000000  1.000000  0.000000  0.000000  0.000000  1.000000  1.000000  0.000000  0.000000  0.000000  1.000000  0.000000  0.000000  0.000000  1.000000  0.000000  0.000000  
118.145826 0.010337  0.095804  -0.001488  0.995840  -0.033786  -0.084622  0.036714  0.998771  0.033286  0.083393  -0.036254  0.995857  -0.000663  0.000766  0.004025  0.000000  0.000000  0.000000  2.000000  1.000000  0.000000  0.000000  0.000000  1.000000  0.000000  0.000000  0.000000  1.000000  0.999999  -0.000786  -0.000966  0.000786  1.000000  -0.000190  0.000966  0.000189  1.000000  1.000000  0.000000  0.000000  0.000000  1.000000  0.000000  0.000000  0.000000  1.000000  1.000000  0.000000  0.000000  0.000000  1.000000  0.000000  0.000000  0.000000  1.000000  0.000000  0.000000  
118.146835 0.010339  0.095803  -0.001485  0.995818  -0.033766  -0.084892  0.036713  0.998768  0.033397  0.083660  -0.036374  0.995830  -0.000464  0.000652  0.003936  0.000000  0.000000  0.000000  2.000000  1.000000  0.000000  0.000000  0.000000  1.000000  0.000000  0.000000  0.000000  1.000000  0.999999  -0.000776  -0.001233  0.000776  1.000000  -0.000069  0.001233  0.000068  0.999999  1.000000  0.000000  0.000000  0.000000  1.000000  0.000000  0.000000  0.000000  1.000000  1.000000  0.000000  0.000000  0.000000  1.000000  0.000000  0.000000  0.000000  1.000000  0.000000  0.000000  
118.148080 0.010343  0.095802  -0.001481  0.995799  -0.033957  -0.085037  0.036918  0.998757  0.033496  0.083793  -0.036495  0.995815  -0.000120  0.000506  0.003778  0.000000  0.000000  0.000000  2.000000  1.000000  0.000000  0.000000  0.000000  1.000000  0.000000  0.000000  0.000000  1.000000  0.999999  -0.000976  -0.001375  0.000976  1.000000  0.000035  0.001375  -0.000036  0.999999  1.000000  0.000000  0.000000  0.000000  1.000000  0.000000  0.000000  0.000000  1.000000  1.000000  0.000000  0.000000  0.000000  1.000000  0.000000  0.000000  0.000000  1.000000  0.000000  0.000000  
118.149331 0.010347  0.095802  -0.001478  0.995780  -0.034147  -0.085181  0.037123  0.998746  0.033595  0.083927  -0.036615  0.995799  0.000284  0.000421  0.003670  0.000000  0.000000  0.000000  2.000000  1.000000  0.000000  0.000000  0.000000  1.000000  0.000000  0.000000  0.000000  1.000000  0.999998  -0.000971  -0.001508  0.000971  1.000000  0.000156  0.001508  -0.000158  0.999999  1.000000  0.000000  0.000000  0.000000  1.000000  0.000000  0.000000  0.000000  1.000000  1.000000  0.000000  0.000000  0.000000  1.000000  0.000000  0.000000  0.000000  1.000000  0.000000  0.000000  
118.150581 0.010351  0.095801  -0.001474  0.995750  -0.034343  -0.085454  0.037327  0.998739  0.033567  0.084193  -0.036614  0.995777  0.000697  0.000311  0.003575  0.000000  0.000000  0.000000  2.000000  1.000000  0.000000  0.000000  0.000000  1.000000  0.000000  0.000000  0.000000  1.000000  0.999998  -0.001171  -0.001650  0.001172  0.999999  0.000260  0.001649  -0.000262  0.999999  1.000000  0.000000  0.000000  0.000000  1.000000  0.000000  0.000000  0.000000  1.000000  1.000000  0.000000  0.000000  0.000000  1.000000  0.000000  0.000000  0.000000  1.000000  0.000000  0.000000  
118.151825 0.010355  0.095801  -0.001470  0.995720  -0.034539  -0.085727  0.037531  0.998732  0.033540  0.084460  -0.036613  0.995754  0.001079  0.000256  0.003492  0.000000  0.000000  0.000000  2.000000  1.000000  0.000000  0.000000  0.000000  1.000000  0.000000  0.000000  0.000000  1.000000  0.999997  -0.001571  -0.001932  0.001572  0.999999  0.000225  0.001932  -0.000228  0.999998  1.000000  0.000000  0.000000  0.000000  1.000000  0.000000  0.000000  0.000000  1.000000  1.000000  0.000000  0.000000  0.000000  1.000000  0.000000  0.000000  0.000000  1.000000  0.000000  0.000000  
118.152830 0.010358  0.095802  -0.001468  0.995689  -0.034735  -0.086000  0.037735  0.998726  0.033512  0.084727  -0.036613  0.995731  0.001358  0.000218  0.003362  0.000000  0.000000  0.000000  2.000000  1.000000  0.000000  0.000000  0.000000  1.000000  0.000000  0.000000  0.000000  1.000000  0.999996  -0.001767  -0.002207  0.001767  0.999998  0.000207  0.002207  -0.000211  0.999998  1.000000  0.000000  0.000000  0.000000  1.000000  0.000000  0.000000  0.000000  1.000000  1.000000  0.000000  0.000000  0.000000  1.000000  0.000000  0.000000  0.000000  1.000000  0.000000  0.000000  
118.154081 0.010363  0.095803  -0.001466  0.995640  -0.035131  -0.086413  0.038144  0.998712  0.033461  0.085127  -0.036611  0.995697  0.001793  0.000230  0.003175  0.000000  0.000000  0.000000  2.000000  1.000000  0.000000  0.000000  0.000000  1.000000  0.000000  0.000000  0.000000  1.000000  0.999995  -0.001957  -0.002616  0.001957  0.999998  0.000189  0.002615  -0.000194  0.999997  1.000000  0.000000  0.000000  0.000000  1.000000  0.000000  0.000000  0.000000  1.000000  1.000000  0.000000  0.000000  0.000000  1.000000  0.000000  0.000000  0.000000  1.000000  0.000000  0.000000  
118.155324 0.010368  0.095805  -0.001465  0.995586  -0.035307  -0.086957  0.038347  0.998701  0.033544  0.085660  -0.036730  0.995647  0.002254  0.000279  0.002864  0.000000  0.000000  0.000000  2.000000  1.000000  0.000000  0.000000  0.000000  1.000000  0.000000  0.000000  0.000000  1.000000  0.999992  -0.002347  -0.003166  0.002348  0.999997  0.000274  0.003165  -0.000281  0.999995  1.000000  0.000000  0.000000  0.000000  1.000000  0.000000  0.000000  0.000000  1.000000  1.000000  0.000000  0.000000  0.000000  1.000000  0.000000  0.000000  0.000000  1.000000  0.000000  0.000000  
118.156327 0.010373  0.095806  -0.001464  0.995547  -0.035708  -0.087237  0.038756  0.998687  0.033498  0.085926  -0.036730  0.995624  0.002590  0.000348  0.002716  0.000000  0.000000  0.000000  2.000000  1.000000  0.000000  0.000000  0.000000  1.000000  0.000000  0.000000  0.000000  1.000000  0.999990  -0.002537  -0.003574  0.002538  0.999997  0.000255  0.003574  -0.000264  0.999994  1.000000  0.000000  0.000000  0.000000  1.000000  0.000000  0.000000  0.000000  1.000000  1.000000  0.000000  0.000000  0.000000  1.000000  0.000000  0.000000  0.000000  1.000000  0.000000  0.000000  
118.157577 0.010380  0.095809  -0.001462  0.995505  -0.035888  -0.087648  0.038960  0.998676  0.033585  0.086326  -0.036849  0.995585  0.003106  0.000436  0.002502  0.000000  0.000000  0.000000  2.000000  1.000000  0.000000  0.000000  0.000000  1.000000  0.000000  0.000000  0.000000  1.000000  0.999988  -0.002932  -0.003991  0.002934  0.999996  0.000461  0.003990  -0.000473  0.999992  1.000000  0.000000  0.000000  0.000000  1.000000  0.000000  0.000000  0.000000  1.000000  1.000000  0.000000  0.000000  0.000000  1.000000  0.000000  0.000000  0.000000  1.000000  0.000000  0.000000  
118.158828 0.010387  0.095812  -0.001460  0.995462  -0.036068  -0.088058  0.039163  0.998665  0.033673  0.086726  -0.036969  0.995546  0.003567  0.000608  0.002314  0.000000  0.000000  0.000000  2.000000  1.000000  0.000000  0.000000  0.000000  1.000000  0.000000  0.000000  0.000000  1.000000  0.999985  -0.003122  -0.004400  0.003124  0.999995  0.000564  0.004398  -0.000577  0.999990  1.000000  0.000000  0.000000  0.000000  1.000000  0.000000  0.000000  0.000000  1.000000  1.000000  0.000000  0.000000  0.000000  1.000000  0.000000  0.000000  0.000000  1.000000  0.000000  0.000000  
118.160076 0.010394  0.095815  -0.001457  0.995419  -0.036238  -0.088473  0.039367  0.998650  0.033881  0.087126  -0.037209  0.995502  0.003871  0.000733  0.002249  0.000000  0.000000  0.000000  2.000000  1.000000  0.000000  0.000000  0.000000  1.000000  0.000000  0.000000  0.000000  1.000000  0.999982  -0.003306  -0.004943  0.003310  0.999994  0.000666  0.004940  -0.000682  0.999988  1.000000  0.000000  0.000000  0.000000  1.000000  0.000000  0.000000  0.000000  1.000000  1.000000  0.000000  0.000000  0.000000  1.000000  0.000000  0.000000  0.000000  1.000000  0.000000  0.000000  
118.161326 0.010401  0.095817  -0.001454  0.995356  -0.036618  -0.089024  0.039775  0.998632  0.033944  0.087659  -0.037328  0.995451  0.004181  0.000912  0.002169  0.025299  0.178623  -0.123406  2.000000  1.000000  0.000139  -0.000285  -0.000139  1.000000  0.000042  0.000285  -0.000042  1.000000  0.999979  -0.003700  -0.005360  0.003705  0.999993  0.000871  0.005357  -0.000891  0.999985  1.000000  0.000035  -0.000074  -0.000035  1.000000  0.000011  0.000074  -0.000011  1.000000  1.000000  0.000139  -0.000285  -0.000139  1.000000  0.000042  0.000285  -0.000042  1.000000  0.000054  0.006572  
118.162331 0.010406  0.095819  -0.001450  0.995301  -0.036782  -0.089572  0.039978  0.998617  0.034147  0.088192  -0.037567  0.995395  0.004355  0.001051  0.002210  0.033028  0.198297  -0.130592  2.000000  1.000000  0.000290  -0.000592  -0.000290  1.000000  0.000093  0.000592  -0.000093  1.000000  0.999975  -0.003884  -0.005903  0.003891  0.999992  0.001093  0.005898  -0.001116  0.999982  1.000000  0.000040  -0.000079  -0.000040  1.000000  0.000014  0.000079  -0.000014  1.000000  1.000000  0.000290  -0.000592  -0.000290  1.000000  0.000093  0.000592  -0.000093  1.000000  0.000058  0.007152  
118.163585 0.010412  0.095819  -0.001446  0.995237  -0.037162  -0.090123  0.040386  0.998598  0.034210  0.088725  -0.037686  0.995343  0.004499  0.001151  0.002248  0.035875  0.216738  -0.143651  2.000000  0.999999  0.000498  -0.000997  -0.000498  1.000000  0.000169  0.000997  -0.000169  0.999999  0.999973  -0.004078  -0.006179  0.004085  0.999991  0.001194  0.006174  -0.001219  0.999980  1.000000  0.000041  -0.000083  -0.000041  1.000000  0.000015  0.000083  -0.000015  1.000000  0.999999  0.000498  -0.000997  -0.000498  1.000000  0.000169  0.000997  -0.000169  0.999999  0.000065  0.007501  
118.164842 0.010417  0.095820  -0.001442  0.995169  -0.037321  -0.090805  0.040588  0.998583  0.034406  0.089392  -0.037926  0.995274  0.004527  0.001200  0.002222  0.043372  0.239427  -0.149643  2.000000  0.999999  0.000721  -0.001414  -0.000720  1.000000  0.000253  0.001414  -0.000252  0.999999  0.999970  -0.004061  -0.006581  0.004070  0.999991  0.001434  0.006575  -0.001461  0.999977  1.000000  0.000046  -0.000085  -0.000046  1.000000  0.000018  0.000085  -0.000018  1.000000  0.999999  0.000721  -0.001414  -0.000720  1.000000  0.000253  0.001414  -0.000252  0.999999  0.000071  0.007867  
118.166085 0.010422  0.095820  -0.001439  0.995104  -0.037689  -0.091360  0.040996  0.998560  0.034589  0.089925  -0.038165  0.995217  0.004602  0.001256  0.002232  0.050313  0.258062  -0.162795  2.000000  0.999998  0.000907  -0.001756  -0.000906  1.000000  0.000330  0.001756  -0.000328  0.999998  0.999968  -0.004259  -0.006723  0.004269  0.999990  0.001535  0.006717  -0.001563  0.999976  1.000000  0.000046  -0.000088  -0.000046  1.000000  0.000019  0.000088  -0.000019  1.000000  0.999998  0.000907  -0.001756  -0.000906  1.000000  0.000330  0.001756  -0.000328  0.999998  0.000076  0.008108  
118.167331 0.010426  0.095820  -0.001435  0.995048  -0.037863  -0.091904  0.041199  0.998549  0.034669  0.090458  -0.038284  0.995164  0.004621  0.001242  0.002230  0.057808  0.276232  -0.168970  2.000000  0.999997  0.001146  -0.002192  -0.001145  0.999999  0.000431  0.002192  -0.000428  0.999998  0.999967  -0.004253  -0.006858  0.004263  0.999990  0.001532  0.006851  -0.001561  0.999975  1.000000  0.000048  -0.000089  -0.000048  1.000000  0.000019  0.000089  -0.000019  1.000000  0.999997  0.001146  -0.002192  -0.001145  0.999999  0.000431  0.002192  -0.000428  0.999998  0.000081  0.008216  
118.168580 0.010432  0.095822  -0.001432  0.995003  -0.038031  -0.092319  0.041402  0.998534  0.034876  0.090858  -0.038524  0.995118  0.004715  0.001297  0.002324  0.065325  0.289994  -0.175318  2.000000  0.999996  0.001394  -0.002642  -0.001393  0.999999  0.000533  0.002643  -0.000529  0.999996  0.999966  -0.004241  -0.007126  0.004253  0.999990  0.001652  0.007119  -0.001682  0.999973  1.000000  0.000051  -0.000090  -0.000051  1.000000  0.000021  0.000090  -0.000021  1.000000  0.999996  0.001394  -0.002642  -0.001393  0.999999  0.000533  0.002643  -0.000529  0.999996  0.000085  0.008458  
118.169829 0.010438  0.095825  -0.001429  0.994958  -0.038210  -0.092730  0.041605  0.998522  0.034962  0.091257  -0.038643  0.995077  0.004809  0.001426  0.002483  0.068777  0.308243  -0.181516  2.000000  0.999994  0.001654  -0.003103  -0.001652  0.999998  0.000637  0.003104  -0.000632  0.999995  0.999964  -0.004229  -0.007394  0.004242  0.999990  0.001650  0.007387  -0.001681  0.999971  1.000000  0.000054  -0.000092  -0.000054  1.000000  0.000021  0.000092  -0.000021  1.000000  0.999994  0.001654  -0.003103  -0.001652  0.999998  0.000637  0.003104  -0.000632  0.999995  0.000090  0.008679  
118.171082 0.010445  0.095829  -0.001425  0.994913  -0.038377  -0.093146  0.041809  0.998507  0.035168  0.091657  -0.038883  0.995031  0.004901  0.001554  0.002640  0.076356  0.322290  -0.188022  2.000000  0.999992  0.001927  -0.003572  -0.001924  0.999998  0.000747  0.003573  -0.000741  0.999993  0.999963  -0.004223  -0.007528  0.004237  0.999989  0.001769  0.007520  -0.001801  0.999970  1.000000  0.000055  -0.000093  -0.000055  1.000000  0.000022  0.000093  -0.000022  1.000000  0.999992  0.001927  -0.003572  -0.001924  0.999998  0.000747  0.003573  -0.000741  0.999993  0.000094  0.008815  
118.172326 0.010452  0.095834  -0.001420  0.994855  -0.038551  -0.093690  0.042011  0.998495  0.035247  0.092190  -0.039002  0.994977  0.004929  0.001688  0.002808  0.083103  0.333072  -0.192683  2.000000  0.999989  0.002212  -0.004046  -0.002208  0.999997  0.000870  0.004048  -0.000861  0.999991  0.999961  -0.004211  -0.007796  0.004227  0.999989  0.002010  0.007788  -0.002043  0.999968  1.000000  0.000058  -0.000094  -0.000058  1.000000  0.000025  0.000094  -0.000025  1.000000  0.999989  0.002212  -0.004046  -0.002208  0.999997  0.000870  0.004048  -0.000861  0.999991  0.000098  0.009090  
118.173326 0.010457  0.095839  -0.001417  0.994809  -0.038729  -0.094101  0.042215  0.998484  0.035332  0.092590  -0.039121  0.994936  0.004822  0.001806  0.002961  0.083047  0.342004  -0.192299  2.000000  0.999987  0.002447  -0.004428  -0.002443  0.999997  0.000975  0.004431  -0.000964  0.999990  0.999960  -0.004205  -0.007931  0.004222  0.999989  0.002129  0.007922  -0.002163  0.999966  1.000000  0.000059  -0.000095  -0.000059  1.000000  0.000027  0.000095  -0.000027  1.000000  0.999987  0.002447  -0.004428  -0.002443  0.999997  0.000975  0.004431  -0.000964  0.999990  0.000100  0.009229  
118.174328 0.010463  0.095844  -0.001412  0.994754  -0.039102  -0.094524  0.042623  0.998460  0.035519  0.092989  -0.039361  0.994889  0.004833  0.001986  0.003100  0.091811  0.344881  -0.193854  2.000000  0.999985  0.002632  -0.004717  -0.002627  0.999996  0.001059  0.004719  -0.001047  0.999988  0.999959  -0.004198  -0.008065  0.004216  0.999989  0.002249  0.008055  -0.002283  0.999965  1.000000  0.000061  -0.000096  -0.000061  1.000000  0.000028  0.000096  -0.000028  1.000000  0.999985  0.002632  -0.004717  -0.002627  0.999996  0.001059  0.004719  -0.001047  0.999988  0.000101  0.009370  
118.175576 0.010469  0.095849  -0.001407  0.994683  -0.039258  -0.095206  0.042825  0.998444  0.035713  0.093655  -0.039600  0.994817  0.004779  0.002188  0.003258  0.095782  0.353923  -0.193450  2.000000  0.999982  0.002945  -0.005203  -0.002939  0.999995  0.001213  0.005206  -0.001197  0.999986  0.999957  -0.004185  -0.008333  0.004205  0.999988  0.002367  0.008323  -0.002402  0.999962  1.000000  0.000064  -0.000097  -0.000064  1.000000  0.000030  0.000097  -0.000030  1.000000  0.999982  0.002945  -0.005203  -0.002939  0.999995  0.001213  0.005206  -0.001197  0.999986  0.000103  0.009625  
118.176826 0.010475  0.095853  -0.001401  0.994624  -0.039431  -0.095750  0.043027  0.998433  0.035791  0.094188  -0.039719  0.994762  0.004727  0.002336  0.003371  0.094321  0.360285  -0.198340  2.000000  0.999978  0.003266  -0.005686  -0.003258  0.999994  0.001374  0.005691  -0.001355  0.999983  0.999957  -0.004183  -0.008334  0.004205  0.999988  0.002607  0.008323  -0.002642  0.999962  1.000000  0.000064  -0.000097  -0.000064  1.000000  0.000033  0.000097  -0.000033  1.000000  0.999978  0.003266  -0.005686  -0.003258  0.999994  0.001374  0.005691  -0.001355  0.999983  0.000105  0.009688  
118.177826 0.010479  0.095856  -0.001396  0.994577  -0.039597  -0.096165  0.043230  0.998416  0.035996  0.094588  -0.039959  0.994714  0.004761  0.002490  0.003521  0.098289  0.369162  -0.197887  2.000000  0.999975  0.003525  -0.006071  -0.003516  0.999993  0.001507  0.006076  -0.001485  0.999980  0.999957  -0.003977  -0.008327  0.003999  0.999989  0.002625  0.008316  -0.002658  0.999962  1.000000  0.000065  -0.000095  -0.000065  1.000000  0.000033  0.000095  -0.000033  1.000000  0.999975  0.003525  -0.006071  -0.003516  0.999993  0.001507  0.006076  -0.001485  0.999980  0.000106  0.009598  
118.179076 0.010485  0.095858  -0.001390  0.994531  -0.039763  -0.096581  0.043434  0.998400  0.036201  0.094987  -0.040198  0.994667  0.004746  0.002583  0.003685  0.101655  0.378350  -0.204288  2.000000  0.999971  0.003854  -0.006553  -0.003843  0.999991  0.001679  0.006560  -0.001654  0.999977  0.999957  -0.003975  -0.008328  0.003998  0.999988  0.002745  0.008317  -0.002778  0.999962  1.000000  0.000065  -0.000095  -0.000065  1.000000  0.000035  0.000095  -0.000035  1.000000  0.999971  0.003854  -0.006553  -0.003843  0.999991  0.001679  0.006560  -0.001654  0.999977  0.000110  0.009632  
118.180080 0.010489  0.095859  -0.001385  0.994496  -0.039946  -0.096860  0.043637  0.998388  0.036291  0.095254  -0.040318  0.994636  0.004770  0.002709  0.003781  0.105662  0.382849  -0.204104  2.000000  0.999967  0.004120  -0.006939  -0.004108  0.999990  0.001822  0.006946  -0.001793  0.999974  0.999956  -0.003967  -0.008462  0.003992  0.999988  0.002864  0.008451  -0.002898  0.999960  1.000000  0.000067  -0.000096  -0.000067  1.000000  0.000036  0.000096  -0.000036  1.000000  0.999967  0.004120  -0.006939  -0.004108  0.999990  0.001822  0.006946  -0.001793  0.999974  0.000113  0.009780  
118.181083 0.010493  0.095861  -0.001379  0.994449  -0.040112  -0.097276  0.043840  0.998372  0.036496  0.095653  -0.040558  0.994588  0.004764  0.002774  0.003953  0.114588  0.390438  -0.205514  2.000000  0.999964  0.004384  -0.007323  -0.004369  0.999989  0.001965  0.007331  -0.001933  0.999971  0.999957  -0.003972  -0.008329  0.003996  0.999988  0.002863  0.008317  -0.002896  0.999961  1.000000  0.000065  -0.000095  -0.000065  1.000000  0.000036  0.000095  -0.000036  1.000000  0.999964  0.004384  -0.007323  -0.004369  0.999989  0.001965  0.007331  -0.001933  0.999971  0.000114  0.009666  
118.182330 0.010499  0.095864  -0.001373  0.994379  -0.040478  -0.097832  0.044247  0.998347  0.036674  0.096186  -0.040797  0.994527  0.004828  0.002909  0.004176  0.121060  0.396551  -0.210315  2.000000  0.999960  0.004650  -0.007705  -0.004634  0.999987  0.002113  0.007714  -0.002077  0.999968  0.999956  -0.003964  -0.008464  0.003988  0.999988  0.002861  0.008452  -0.002894  0.999960  1.000000  0.000067  -0.000096  -0.000067  1.000000  0.000036  0.000096  -0.000036  1.000000  0.999960  0.004650  -0.007705  -0.004634  0.999987  0.002113  0.007714  -0.002077  0.999968  0.000115  0.009779  
118.183580 0.010505  0.095867  -0.001366  0.994332  -0.040643  -0.098248  0.044450  0.998331  0.036878  0.096586  -0.041037  0.994478  0.004885  0.003006  0.004408  0.130746  0.399564  -0.205099  2.000000  0.999954  0.004980  -0.008178  -0.004962  0.999985  0.002301  0.008189  -0.002260  0.999964  0.999957  -0.003967  -0.008331  0.003992  0.999988  0.002980  0.008319  -0.003013  0.999961  1.000000  0.000065  -0.000095  -0.000065  1.000000  0.000037  0.000095  -0.000037  1.000000  0.999954  0.004980  -0.008178  -0.004962  0.999985  0.002301  0.008189  -0.002260  0.999964  0.000117  0.009702  
118.184829 0.010513  0.095872  -0.001359  0.994271  -0.040815  -0.098793  0.044653  0.998319  0.036955  0.097118  -0.041155  0.994422  0.004946  0.003123  0.004681  0.131271  0.399354  -0.198172  2.000000  0.999949  0.005311  -0.008648  -0.005289  0.999983  0.002491  0.008661  -0.002445  0.999960  0.999957  -0.003965  -0.008332  0.003990  0.999988  0.002977  0.008320  -0.003010  0.999961  1.000000  0.000065  -0.000095  -0.000065  1.000000  0.000037  0.000095  -0.000037  1.000000  0.999949  0.005311  -0.008648  -0.005289  0.999983  0.002491  0.008661  -0.002445  0.999960  0.000117  0.009701  
118.185830 0.010520  0.095877  -0.001354  0.994222  -0.040980  -0.099209  0.044856  0.998302  0.037159  0.097518  -0.041395  0.994373  0.005048  0.003226  0.004850  0.139316  0.399308  -0.198081  2.000000  0.999944  0.005571  -0.009017  -0.005547  0.999981  0.002643  0.009032  -0.002593  0.999956  0.999959  -0.003763  -0.008191  0.003788  0.999988  0.002996  0.008179  -0.003027  0.999962  1.000000  0.000065  -0.000092  -0.000065  1.000000  0.000038  0.000092  -0.000038  1.000000  0.999944  0.005571  -0.009017  -0.005547  0.999981  0.002643  0.009032  -0.002593  0.999956  0.000118  0.009504  
118.187082 0.010528  0.095883  -0.001347  0.994152  -0.041344  -0.099766  0.045263  0.998277  0.037336  0.098050  -0.041634  0.994310  0.005171  0.003299  0.004994  0.143280  0.403803  -0.197805  2.000000  0.999938  0.005890  -0.009473  -0.005864  0.999979  0.002831  0.009489  -0.002775  0.999951  0.999960  -0.003768  -0.008057  0.003791  0.999989  0.002873  0.008046  -0.002903  0.999963  1.000000  0.000064  -0.000091  -0.000064  1.000000  0.000036  0.000091  -0.000036  1.000000  0.999938  0.005890  -0.009473  -0.005864  0.999979  0.002831  0.009489  -0.002775  0.999951  0.000117  0.009352  
118.188329 0.010537  0.095889  -0.001341  0.994103  -0.041521  -0.100177  0.045466  0.998265  0.037419  0.098450  -0.041753  0.994266  0.005296  0.003304  0.005073  0.143209  0.403866  -0.197768  2.000000  0.999931  0.006203  -0.009930  -0.006173  0.999976  0.003021  0.009948  -0.002960  0.999946  0.999961  -0.003976  -0.007933  0.004000  0.999988  0.002972  0.007921  -0.003004  0.999964  1.000000  0.000061  -0.000093  -0.000061  1.000000  0.000037  0.000093  -0.000037  1.000000  0.999931  0.006203  -0.009930  -0.006173  0.999976  0.003021  0.009948  -0.002960  0.999946  0.000118  0.009363  
118.189578 0.010546  0.095895  -0.001336  0.994067  -0.041691  -0.100461  0.045669  0.998248  0.037628  0.098716  -0.041993  0.994229  0.005423  0.003322  0.005074  0.147209  0.399396  -0.197860  2.000000  0.999926  0.006453  -0.010297  -0.006421  0.999974  0.003173  0.010317  -0.003107  0.999942  0.999960  -0.003969  -0.008067  0.003994  0.999988  0.002970  0.008055  -0.003003  0.999963  1.000000  0.000062  -0.000093  -0.000062  1.000000  0.000037  0.000093  -0.000037  1.000000  0.999926  0.006453  -0.010297  -0.006421  0.999974  0.003173  0.010317  -0.003107  0.999942  0.000118  0.009474  
118.190826 0.010554  0.095901  -0.001330  0.994031  -0.041873  -0.100740  0.045872  0.998235  0.037716  0.098982  -0.042112  0.994198  0.005591  0.003407  0.005055  0.143725  0.394713  -0.191100  2.000000  0.999919  0.006758  -0.010749  -0.006722  0.999972  0.003367  0.010771  -0.003294  0.999937  0.999963  -0.003984  -0.007667  0.004007  0.999988  0.002970  0.007655  -0.003000  0.999966  1.000000  0.000058  -0.000091  -0.000058  1.000000  0.000037  0.000091  -0.000037  1.000000  0.999919  0.006758  -0.010749  -0.006722  0.999972  0.003367  0.010771  -0.003294  0.999937  0.000115  0.009142  
118.192076 0.010562  0.095906  -0.001324  0.993995  -0.042043  -0.101023  0.046076  0.998218  0.037925  0.099249  -0.042352  0.994161  0.005741  0.003435  0.005043  0.143649  0.381334  -0.191565  2.000000  0.999912  0.007057  -0.011193  -0.007017  0.999969  0.003559  0.011218  -0.003480  0.999931  0.999965  -0.003784  -0.007525  0.003807  0.999988  0.002989  0.007514  -0.003018  0.999967  1.000000  0.000058  -0.000088  -0.000058  1.000000  0.000038  0.000088  -0.000038  1.000000  0.999912  0.007057  -0.011193  -0.007017  0.999969  0.003559  0.011218  -0.003480  0.999931  0.000113  0.008943  
118.193080 0.010569  0.095909  -0.001319  0.993959  -0.042225  -0.101302  0.046279  0.998205  0.038013  0.099515  -0.042472  0.994129  0.005933  0.003567  0.005060  0.142391  0.378164  -0.189910  2.000000  0.999907  0.007289  -0.011544  -0.007247  0.999967  0.003713  0.011571  -0.003629  0.999926  0.999966  -0.003789  -0.007392  0.003811  0.999988  0.002988  0.007381  -0.003016  0.999968  1.000000  0.000056  -0.000087  -0.000056  1.000000  0.000038  0.000087  -0.000038  1.000000  0.999907  0.007289  -0.011544  -0.007247  0.999967  0.003713  0.011571  -0.003629  0.999926  0.000111  0.008832  
118.194330 0.010576  0.095915  -0.001313  0.993923  -0.042406  -0.101581  0.046483  0.998192  0.038101  0.099781  -0.042591  0.994097  0.006086  0.003785  0.005070  0.142938  0.364526  -0.183561  2.000000  0.999900  0.007570  -0.011977  -0.007523  0.999964  0.003906  0.012007  -0.003815  0.999921  0.999967  -0.003798  -0.007126  0.003819  0.999988  0.002986  0.007114  -0.003013  0.999970  1.000000  0.000053  -0.000086  -0.000053  1.000000  0.000037  0.000086  -0.000037  1.000000  0.999900  0.007570  -0.011977  -0.007523  0.999964  0.003906  0.012007  -0.003815  0.999921  0.000110  0.008614  
118.195576 0.010584  0.095920  -0.001305  0.993873  -0.042570  -0.101997  0.046685  0.998175  0.038303  0.100181  -0.042831  0.994047  0.006198  0.003949  0.005094  0.142953  0.360385  -0.183784  2.000000  0.999892  0.007837  -0.012395  -0.007787  0.999961  0.004092  0.012427  -0.003995  0.999915  0.999968  -0.003803  -0.006993  0.003823  0.999989  0.002863  0.006982  -0.002890  0.999971  1.000000  0.000052  -0.000085  -0.000052  1.000000  0.000036  0.000085  -0.000036  1.000000  0.999892  0.007837  -0.012395  -0.007787  0.999961  0.004092  0.012427  -0.003995  0.999915  0.000108  0.008464  
118.196583 0.010591  0.095924  -0.001300  0.993837  -0.042752  -0.102276  0.046889  0.998162  0.038391  0.100447  -0.042950  0.994015  0.006357  0.004139  0.005115  0.140528  0.353853  -0.178573  2.000000  0.999887  0.008045  -0.012722  -0.007992  0.999959  0.004243  0.012755  -0.004141  0.999910  0.999970  -0.003602  -0.006851  0.003623  0.999989  0.003004  0.006840  -0.003029  0.999972  1.000000  0.000052  -0.000082  -0.000052  1.000000  0.000038  0.000082  -0.000038  1.000000  0.999887  0.008045  -0.012722  -0.007992  0.999959  0.004243  0.012755  -0.004141  0.999910  0.000106  0.008307  
118.197583 0.010597  0.095928  -0.001294  0.993810  -0.042728  -0.102547  0.046887  0.998158  0.038500  0.100713  -0.043069  0.993983  0.006482  0.004279  0.005159  0.140447  0.349340  -0.178687  2.000000  0.999882  0.008197  -0.012964  -0.008141  0.999957  0.004356  0.012999  -0.004250  0.999906  0.999971  -0.003607  -0.006718  0.003627  0.999989  0.003003  0.006707  -0.003027  0.999973  1.000000  0.000050  -0.000081  -0.000050  1.000000  0.000038  0.000081  -0.000038  1.000000  0.999882  0.008197  -0.012964  -0.008141  0.999957  0.004356  0.012999  -0.004250  0.999906  0.000105  0.008199  
118.198832 0.010606  0.095934  -0.001287  0.993773  -0.042897  -0.102831  0.047091  0.998140  0.038708  0.100979  -0.043309  0.993945  0.006629  0.004389  0.005180  0.143304  0.346550  -0.177175  2.000000  0.999875  0.008446  -0.013357  -0.008386  0.999955  0.004546  0.013395  -0.004433  0.999900  0.999973  -0.003406  -0.006576  0.003426  0.999990  0.003023  0.006566  -0.003045  0.999974  1.000000  0.000050  -0.000078  -0.000050  1.000000  0.000038  0.000078  -0.000038  1.000000  0.999875  0.008446  -0.013357  -0.008386  0.999955  0.004546  0.013395  -0.004433  0.999900  0.000104  0.008003  
118.200081 0.010616  0.095940  -0.001281  0.993737  -0.043078  -0.103110  0.047294  0.998127  0.038795  0.101246  -0.043429  0.993913  0.006731  0.004438  0.005124  0.139195  0.337695  -0.177487  2.000000  0.999868  0.008684  -0.013739  -0.008620  0.999952  0.004734  0.013779  -0.004615  0.999894  0.999975  -0.003423  -0.006176  0.003441  0.999990  0.002901  0.006166  -0.002922  0.999977  1.000000  0.000045  -0.000076  -0.000045  1.000000  0.000036  0.000076  -0.000036  1.000000  0.999868  0.008684  -0.013739  -0.008620  0.999952  0.004734  0.013779  -0.004615  0.999894  0.000102  0.007637  
118.201329 0.010626  0.095947  -0.001274  0.993723  -0.043047  -0.103253  0.047293  0.998118  0.039031  0.101379  -0.043669  0.993889  0.006820  0.004505  0.005144  0.144520  0.328263  -0.164147  2.000000  0.999861  0.008916  -0.014111  -0.008847  0.999949  0.004920  0.014155  -0.004794  0.999888  0.999977  -0.003222  -0.006034  0.003240  0.999990  0.002921  0.006024  -0.002940  0.999978  1.000000  0.000045  -0.000073  -0.000045  1.000000  0.000037  0.000073  -0.000037  1.000000  0.999861  0.008916  -0.014111  -0.008847  0.999949  0.004920  0.014155  -0.004794  0.999888  0.000100  0.007441  
118.202331 0.010634  0.095953  -0.001268  0.993686  -0.043229  -0.103532  0.047497  0.998105  0.039118  0.101645  -0.043789  0.993857  0.006909  0.004580  0.005169  0.145629  0.326444  -0.165616  2.000000  0.999855  0.009094  -0.014398  -0.009021  0.999946  0.005064  0.014444  -0.004934  0.999884  0.999978  -0.003233  -0.005767  0.003249  0.999991  0.002799  0.005758  -0.002818  0.999979  1.000000  0.000042  -0.000071  -0.000042  1.000000  0.000035  0.000071  -0.000035  1.000000  0.999855  0.009094  -0.014398  -0.009021  0.999946  0.005064  0.014444  -0.004934  0.999884  0.000098  0.007183  
118.203580 0.010643  0.095960  -0.001261  0.993673  -0.043210  -0.103670  0.047496  0.998101  0.039233  0.101778  -0.043909  0.993838  0.006970  0.004655  0.005256  0.142182  0.308276  -0.159452  2.000000  0.999848  0.009304  -0.014739  -0.009228  0.999944  0.005239  0.014787  -0.005102  0.999878  0.999980  -0.003039  -0.005491  0.003054  0.999992  0.002698  0.005483  -0.002714  0.999981  1.000000  0.000040  -0.000067  -0.000040  1.000000  0.000034  0.000067  -0.000034  1.000000  0.999848  0.009304  -0.014739  -0.009228  0.999944  0.005239  0.014787  -0.005102  0.999878  0.000095  0.006834  
118.204830 0.010653  0.095967  -0.001255  0.993636  -0.043391  -0.103949  0.047699  0.998088  0.039320  0.102044  -0.044028  0.993805  0.007016  0.004721  0.005335  0.137017  0.301544  -0.158388  2.000000  0.999841  0.009503  -0.015063  -0.009422  0.999941  0.005409  0.015113  -0.005266  0.999872  0.999982  -0.002845  -0.005215  0.002859  0.999993  0.002596  0.005207  -0.002611  0.999983  1.000000  0.000039  -0.000063  -0.000039  1.000000  0.000033  0.000063  -0.000033  1.000000  0.999841  0.009503  -0.015063  -0.009422  0.999941  0.005409  0.015113  -0.005266  0.999872  0.000093  0.006486  
118.206079 0.010661  0.095974  -0.001248  0.993608  -0.043367  -0.104220  0.047698  0.998083  0.039428  0.102310  -0.044147  0.993772  0.007052  0.004895  0.005438  0.135227  0.289735  -0.146301  2.000000  0.999837  0.009617  -0.015250  -0.009534  0.999939  0.005510  0.015302  -0.005364  0.999869  0.999984  -0.002652  -0.004939  0.002665  0.999993  0.002617  0.004932  -0.002630  0.999984  1.000000  0.000000  0.000000  0.000000  1.000000  0.000000  0.000000  0.000000  1.000000  0.999837  0.009617  -0.015250  -0.009534  0.999939  0.005510  0.015302  -0.005364  0.999869  0.000089  0.000000  
118.207327 0.010671  0.095981  -0.001242  0.993585  -0.043554  -0.104366  0.047902  0.998070  0.039521  0.102444  -0.044267  0.993753  0.007119  0.004978  0.005438  0.135180  0.276285  -0.146836  2.000000  0.999837  0.009617  -0.015250  -0.009534  0.999939  0.005510  0.015302  -0.005364  0.999869  0.999986  -0.002669  -0.004538  0.002680  0.999993  0.002495  0.004531  -0.002507  0.999987  1.000000  0.000000  0.000000  0.000000  1.000000  0.000000  0.000000  0.000000  1.000000  0.999837  0.009617  -0.015250  -0.009534  0.999939  0.005510  0.015302  -0.005364  0.999869  0.000085  0.000000  
118.208576 0.010679  0.095988  -0.001235  0.993585  -0.043541  -0.104372  0.047902  0.998065  0.039642  0.102444  -0.044388  0.993748  0.007178  0.005120  0.005426  0.131751  0.262535  -0.140473  2.000000  0.999837  0.009617  -0.015250  -0.009534  0.999939  0.005510  0.015302  -0.005364  0.999869  0.999988  -0.002271  -0.004253  0.002281  0.999995  0.002294  0.004247  -0.002304  0.999988  1.000000  0.000000  0.000000  0.000000  1.000000  0.000000  0.000000  0.000000  1.000000  0.999837  0.009617  -0.015250  -0.009534  0.999939  0.005510  0.015302  -0.005364  0.999869  0.000082  0.000000  
118.209576 0.010686  0.095994  -0.001231  0.993571  -0.043535  -0.104504  0.047901  0.998065  0.039636  0.102577  -0.044387  0.993734  0.007208  0.005216  0.005348  0.127296  0.255684  -0.132689  2.000000  0.999837  0.009617  -0.015250  -0.009534  0.999939  0.005510  0.015302  -0.005364  0.999869  0.999990  -0.002078  -0.003977  0.002087  0.999995  0.002315  0.003972  -0.002324  0.999989  1.000000  0.000000  0.000000  0.000000  1.000000  0.000000  0.000000  0.000000  1.000000  0.999837  0.009617  -0.015250  -0.009534  0.999939  0.005510  0.015302  -0.005364  0.999869  0.000078  0.000000  
118.210577 0.010693  0.096000  -0.001225  0.993571  -0.043523  -0.104510  0.047901  0.998061  0.039757  0.102577  -0.044508  0.993729  0.007245  0.005340  0.005313  0.124933  0.244059  -0.127438  2.000000  0.999837  0.009617  -0.015250  -0.009534  0.999939  0.005510  0.015302  -0.005364  0.999869  0.999990  -0.002084  -0.003843  0.002093  0.999995  0.002315  0.003838  -0.002323  0.999990  1.000000  0.000000  0.000000  0.000000  1.000000  0.000000  0.000000  0.000000  1.000000  0.999837  0.009617  -0.015250  -0.009534  0.999939  0.005510  0.015302  -0.005364  0.999869  0.000076  0.000000  
118.211580 0.010700  0.096005  -0.001221  0.993571  -0.043510  -0.104515  0.047901  0.998056  0.039878  0.102577  -0.044628  0.993723  0.007280  0.005421  0.005291  0.124549  0.232824  -0.119898  2.000000  0.999837  0.009617  -0.015250  -0.009534  0.999939  0.005510  0.015302  -0.005364  0.999869  0.999991  -0.001885  -0.003700  0.001893  0.999996  0.002215  0.003696  -0.002222  0.999991  1.000000  0.000000  0.000000  0.000000  1.000000  0.000000  0.000000  0.000000  1.000000  0.999837  0.009617  -0.015250  -0.009534  0.999939  0.005510  0.015302  -0.005364  0.999869  0.000073  0.000000  
118.212829 0.010709  0.096013  -0.001214  0.993547  -0.043697  -0.104661  0.048105  0.998042  0.039971  0.102710  -0.044748  0.993704  0.007367  0.005578  0.005247  0.117383  0.216825  -0.121613  2.000000  0.999837  0.009617  -0.015250  -0.009534  0.999939  0.005510  0.015302  -0.005364  0.999869  0.999992  -0.001890  -0.003567  0.001898  0.999996  0.002093  0.003563  -0.002100  0.999991  1.000000  0.000000  0.000000  0.000000  1.000000  0.000000  0.000000  0.000000  1.000000  0.999837  0.009617  -0.015250  -0.009534  0.999939  0.005510  0.015302  -0.005364  0.999869  0.000070  0.000000  
118.214084 0.010719  0.096021  -0.001207  0.993534  -0.043678  -0.104799  0.048104  0.998038  0.040086  0.102843  -0.044868  0.993685  0.007370  0.005737  0.005276  0.114627  0.202742  -0.108377  2.000000  0.999837  0.009617  -0.015250  -0.009534  0.999939  0.005510  0.015302  -0.005364  0.999869  0.999993  -0.001691  -0.003425  0.001699  0.999996  0.002236  0.003421  -0.002241  0.999992  1.000000  0.000000  0.000000  0.000000  1.000000  0.000000  0.000000  0.000000  1.000000  0.999837  0.009617  -0.015250  -0.009534  0.999939  0.005510  0.015302  -0.005364  0.999869  0.000067  0.000000  
118.215325 0.010728  0.096029  -0.001200  0.993520  -0.043659  -0.104937  0.048104  0.998033  0.040201  0.102976  -0.044988  0.993666  0.007334  0.005846  0.005283  0.114345  0.191886  -0.101027  2.000000  0.999837  0.009617  -0.015250  -0.009534  0.999939  0.005510  0.015302  -0.005364  0.999869  0.999994  -0.001498  -0.003148  0.001505  0.999996  0.002256  0.003145  -0.002261  0.999992  1.000000  0.000000  0.000000  0.000000  1.000000  0.000000  0.000000  0.000000  1.000000  0.999837  0.009617  -0.015250  -0.009534  0.999939  0.005510  0.015302  -0.005364  0.999869  0.000063  0.000000  
118.216332 0.010735  0.096036  -0.001194  0.993506  -0.043641  -0.105076  0.048103  0.998028  0.040315  0.103109  -0.045108  0.993647  0.007283  0.005964  0.005360  0.111879  0.179723  -0.095538  2.000000  0.999837  0.009617  -0.015250  -0.009534  0.999939  0.005510  0.015302  -0.005364  0.999869  0.999995  -0.001299  -0.003005  0.001305  0.999997  0.002156  0.003003  -0.002160  0.999993  1.000000  0.000000  0.000000  0.000000  1.000000  0.000000  0.000000  0.000000  1.000000  0.999837  0.009617  -0.015250  -0.009534  0.999939  0.005510  0.015302  -0.005364  0.999869  0.000060  0.000000  
118.217575 0.010744  0.096045  -0.001186  0.993492  -0.043622  -0.105214  0.048102  0.998024  0.040430  0.103242  -0.045228  0.993627  0.007240  0.006045  0.005408  0.111622  0.173492  -0.088097  2.000000  0.999837  0.009617  -0.015250  -0.009534  0.999939  0.005510  0.015302  -0.005364  0.999869  0.999996  -0.001106  -0.002729  0.001112  0.999997  0.002056  0.002727  -0.002059  0.999994  1.000000  0.000000  0.000000  0.000000  1.000000  0.000000  0.000000  0.000000  1.000000  0.999837  0.009617  -0.015250  -0.009534  0.999939  0.005510  0.015302  -0.005364  0.999869  0.000057  0.000000  
