1-Time 2-Px 3-Py 4-Pz 5-R11 6-R21 7-R31 8-R12 9-R22 10-R32 11-R13 12-R23 13-R33 14-Vx 15-Vy 16-Vz 17-Wx 18-Wy 19-Wz 20-state 21-PR11 22-PR21 23-PR31 24-PR12 25-PR22 26-PR32 27-PR13 28-PR23 29-PR33 
135.221141 0.010726  0.090696  -0.007351  0.998748  0.034571  0.036152  -0.038469  0.068894  0.996882  0.031972  -0.997025  0.070137  -0.002400  0.000742  0.006494  0.000000  0.000000  0.000000  2.000000  1.000000  0.000000  0.000000  0.000000  -0.000000  1.000000  0.000000  -1.000000  -0.000000  1.000000  0.000000  0.000000  -0.000000  0.999995  0.003275  0.000000  -0.003275  0.999995  1.000000  0.000000  0.000000  0.000000  1.000000  0.000000  0.000000  0.000000  1.000000  0.665102  0.437972  0.604830  -0.583230  -0.201151  0.787008  0.466350  -0.876196  0.121652  0.000043  0.000000  
135.222151 0.010724  0.090697  -0.007345  0.998748  0.034566  0.036156  -0.038469  0.068773  0.996890  0.031972  -0.997033  0.070016  -0.002344  0.000737  0.006484  0.000000  0.000000  0.000000  2.000000  1.000000  0.000000  0.000000  0.000000  -0.000000  1.000000  0.000000  -1.000000  -0.000000  1.000000  0.000000  0.000000  0.000000  0.999995  0.003154  0.000000  -0.003154  0.999995  1.000000  0.000000  0.000000  0.000000  1.000000  0.000000  0.000000  0.000000  1.000000  1.000000  0.000000  0.000000  0.000000  -0.000000  1.000000  0.000000  -1.000000  -0.000000  0.000000  0.000000  
135.223403 0.010723  0.090696  -0.007339  0.998740  0.034576  0.036365  -0.038674  0.068645  0.996891  0.031972  -0.997042  0.069896  -0.002216  0.000575  0.006316  0.000000  0.000000  0.000000  2.000000  1.000000  0.000000  0.000000  0.000000  -0.000000  1.000000  0.000000  -1.000000  -0.000000  1.000000  0.000000  -0.000000  0.000000  0.999995  0.003154  -0.000000  -0.003154  0.999995  1.000000  0.000000  0.000000  0.000000  1.000000  0.000000  0.000000  0.000000  1.000000  1.000000  0.000000  0.000000  0.000000  -0.000000  1.000000  0.000000  -1.000000  -0.000000  0.000000  0.000000  
135.224645 0.010722  0.090694  -0.007335  0.998741  0.034319  0.036593  -0.038880  0.068527  0.996891  0.031705  -0.997059  0.069775  -0.002049  0.000400  0.006042  0.000000  0.000000  0.000000  2.000000  1.000000  0.000000  0.000000  0.000000  -0.000000  1.000000  0.000000  -1.000000  -0.000000  1.000000  -0.000253  0.000224  0.000252  0.999995  0.003039  -0.000225  -0.003039  0.999995  1.000000  0.000000  0.000000  0.000000  1.000000  0.000000  0.000000  0.000000  1.000000  1.000000  0.000000  0.000000  0.000000  -0.000000  1.000000  0.000000  -1.000000  -0.000000  0.000000  0.000000  
135.225647 0.010722  0.090693  -0.007331  0.998745  0.034182  0.036607  -0.038880  0.068411  0.996899  0.031571  -0.997071  0.069655  -0.001890  0.000266  0.005898  0.000000  0.000000  0.000000  2.000000  1.000000  0.000000  0.000000  0.000000  -0.000000  1.000000  0.000000  -1.000000  -0.000000  1.000000  -0.000372  0.000439  0.000370  0.999996  0.002924  -0.000440  -0.002924  0.999996  1.000000  0.000000  0.000000  0.000000  1.000000  0.000000  0.000000  0.000000  1.000000  1.000000  0.000000  0.000000  0.000000  -0.000000  1.000000  0.000000  -1.000000  -0.000000  0.000000  0.000000  
135.226894 0.010723  0.090692  -0.007325  0.998753  0.033910  0.036629  -0.038881  0.068301  0.996907  0.031304  -0.997088  0.069534  -0.001650  0.000120  0.005680  0.000000  0.000000  0.000000  2.000000  1.000000  0.000000  0.000000  0.000000  -0.000000  1.000000  0.000000  -1.000000  -0.000000  1.000000  -0.000639  0.000457  0.000637  0.999996  0.002924  -0.000459  -0.002924  0.999996  1.000000  0.000000  0.000000  0.000000  1.000000  0.000000  0.000000  0.000000  1.000000  1.000000  0.000000  0.000000  0.000000  -0.000000  1.000000  0.000000  -1.000000  -0.000000  0.000000  0.000000  
135.227896 0.010724  0.090692  -0.007321  0.998750  0.033787  0.036848  -0.039087  0.068178  0.996907  0.031170  -0.997101  0.069413  -0.001385  0.000030  0.005465  0.000000  0.000000  0.000000  2.000000  1.000000  0.000000  0.000000  0.000000  -0.000000  1.000000  0.000000  -1.000000  -0.000000  0.999999  -0.000758  0.000672  0.000756  0.999996  0.002810  -0.000674  -0.002809  0.999996  1.000000  0.000000  0.000000  0.000000  1.000000  0.000000  0.000000  0.000000  1.000000  1.000000  0.000000  0.000000  0.000000  -0.000000  1.000000  0.000000  -1.000000  -0.000000  0.000000  0.000000  
135.228902 0.010726  0.090692  -0.007317  0.998750  0.033782  0.036852  -0.039087  0.068057  0.996915  0.031170  -0.997109  0.069293  -0.001071  0.000000  0.005332  0.000000  0.000000  0.000000  2.000000  1.000000  0.000000  0.000000  0.000000  -0.000000  1.000000  0.000000  -1.000000  -0.000000  0.999999  -0.000758  0.000671  0.000756  0.999996  0.002810  -0.000674  -0.002809  0.999996  1.000000  0.000000  0.000000  0.000000  1.000000  0.000000  0.000000  0.000000  1.000000  1.000000  0.000000  0.000000  0.000000  -0.000000  1.000000  0.000000  -1.000000  -0.000000  0.000000  0.000000  
135.230146 0.010729  0.090692  -0.007312  0.998741  0.033796  0.037057  -0.039292  0.068050  0.996908  0.031170  -0.997109  0.069293  -0.000655  -0.000073  0.005110  0.000000  0.000000  0.000000  2.000000  1.000000  0.000000  0.000000  0.000000  -0.000000  1.000000  0.000000  -1.000000  -0.000000  0.999999  -0.000744  0.000877  0.000741  0.999996  0.002695  -0.000879  -0.002694  0.999996  1.000000  0.000000  0.000000  0.000000  1.000000  0.000000  0.000000  0.000000  1.000000  1.000000  0.000000  0.000000  0.000000  -0.000000  1.000000  0.000000  -1.000000  -0.000000  0.000000  0.000000  
135.231156 0.010731  0.090691  -0.007309  0.998746  0.033659  0.037071  -0.039292  0.067935  0.996916  0.031036  -0.997122  0.069172  -0.000367  -0.000195  0.004865  0.000000  0.000000  0.000000  2.000000  1.000000  0.000000  0.000000  0.000000  -0.000000  1.000000  0.000000  -1.000000  -0.000000  0.999999  -0.000877  0.000886  0.000875  0.999996  0.002574  -0.000888  -0.002573  0.999996  1.000000  0.000000  0.000000  0.000000  1.000000  0.000000  0.000000  0.000000  1.000000  1.000000  0.000000  0.000000  0.000000  -0.000000  1.000000  0.000000  -1.000000  -0.000000  0.000000  0.000000  
135.232406 0.010733  0.090690  -0.007305  0.998742  0.033535  0.037289  -0.039498  0.067812  0.996916  0.030903  -0.997134  0.069051  -0.000036  -0.000293  0.004612  0.000000  0.000000  0.000000  2.000000  1.000000  0.000000  0.000000  0.000000  -0.000000  1.000000  0.000000  -1.000000  -0.000000  0.999999  -0.000997  0.001100  0.000994  0.999996  0.002580  -0.001103  -0.002579  0.999996  1.000000  0.000000  0.000000  0.000000  1.000000  0.000000  0.000000  0.000000  1.000000  1.000000  0.000000  0.000000  0.000000  -0.000000  1.000000  0.000000  -1.000000  -0.000000  0.000000  0.000000  
135.233648 0.010736  0.090689  -0.007302  0.998742  0.033282  0.037513  -0.039704  0.067816  0.996908  0.030635  -0.997143  0.069052  0.000323  -0.000400  0.004289  0.000000  0.000000  0.000000  2.000000  1.000000  0.000000  0.000000  0.000000  -0.000000  1.000000  0.000000  -1.000000  -0.000000  0.999998  -0.001250  0.001324  0.001246  0.999996  0.002344  -0.001327  -0.002342  0.999996  1.000000  0.000000  0.000000  0.000000  1.000000  0.000000  0.000000  0.000000  1.000000  1.000000  0.000000  0.000000  0.000000  -0.000000  1.000000  0.000000  -1.000000  -0.000000  0.000000  0.000000  
135.234678 0.010738  0.090688  -0.007300  0.998742  0.033029  0.037737  -0.039910  0.067820  0.996899  0.030368  -0.997151  0.069052  0.000667  -0.000502  0.003992  0.000000  0.000000  0.000000  2.000000  1.000000  0.000000  0.000000  0.000000  -0.000000  1.000000  0.000000  -1.000000  -0.000000  0.999998  -0.001369  0.001539  0.001365  0.999997  0.002229  -0.001542  -0.002227  0.999996  1.000000  0.000000  0.000000  0.000000  1.000000  0.000000  0.000000  0.000000  1.000000  1.000000  0.000000  0.000000  0.000000  -0.000000  1.000000  0.000000  -1.000000  -0.000000  0.000000  0.000000  
135.235898 0.010742  0.090686  -0.007298  0.998733  0.032791  0.038166  -0.040322  0.067817  0.996883  0.030100  -0.997159  0.069053  0.001029  -0.000654  0.003639  0.000000  0.000000  0.000000  2.000000  1.000000  0.000000  0.000000  0.000000  -0.000000  1.000000  0.000000  -1.000000  -0.000000  0.999997  -0.001622  0.001762  0.001618  0.999996  0.002115  -0.001766  -0.002112  0.999996  1.000000  0.000000  0.000000  0.000000  1.000000  0.000000  0.000000  0.000000  1.000000  1.000000  0.000000  0.000000  0.000000  -0.000000  1.000000  0.000000  -1.000000  -0.000000  0.000000  0.000000  
135.237165 0.010745  0.090684  -0.007296  0.998729  0.032676  0.038376  -0.040527  0.067936  0.996866  0.029966  -0.997154  0.069174  0.001469  -0.000904  0.003201  0.000000  0.000000  0.000000  2.000000  1.000000  0.000000  0.000000  0.000000  -0.000000  1.000000  0.000000  -1.000000  -0.000000  0.999996  -0.001860  0.002191  0.001856  0.999996  0.002007  -0.002195  -0.002002  0.999996  1.000000  0.000000  0.000000  0.000000  1.000000  0.000000  0.000000  0.000000  1.000000  1.000000  0.000000  0.000000  0.000000  -0.000000  1.000000  0.000000  -1.000000  -0.000000  0.000000  0.000000  
135.238406 0.010749  0.090682  -0.007294  0.998729  0.032428  0.038596  -0.040733  0.068061  0.996849  0.029699  -0.997154  0.069296  0.001800  -0.000915  0.002986  0.000000  0.000000  0.000000  2.000000  1.000000  0.000000  0.000000  0.000000  -0.000000  1.000000  0.000000  -1.000000  -0.000000  0.999995  -0.002113  0.002415  0.002109  0.999996  0.001649  -0.002419  -0.001644  0.999996  1.000000  0.000000  0.000000  0.000000  1.000000  0.000000  0.000000  0.000000  1.000000  1.000000  0.000000  0.000000  0.000000  -0.000000  1.000000  0.000000  -1.000000  -0.000000  0.000000  0.000000  
135.239647 0.010753  0.090680  -0.007292  0.998728  0.032175  0.038820  -0.040939  0.068066  0.996841  0.029431  -0.997162  0.069296  0.002120  -0.000923  0.002811  0.000000  0.000000  0.000000  2.000000  1.000000  0.000000  0.000000  0.000000  -0.000000  1.000000  0.000000  -1.000000  -0.000000  0.999994  -0.002365  0.002639  0.002362  0.999996  0.001292  -0.002643  -0.001286  0.999996  1.000000  0.000000  0.000000  0.000000  1.000000  0.000000  0.000000  0.000000  1.000000  1.000000  0.000000  0.000000  0.000000  -0.000000  1.000000  0.000000  -1.000000  -0.000000  0.000000  0.000000  
135.240906 0.010758  0.090679  -0.007291  0.998727  0.031928  0.039040  -0.041145  0.068191  0.996824  0.029164  -0.997161  0.069418  0.002410  -0.000936  0.002562  0.000000  0.000000  0.000000  2.000000  1.000000  0.000000  0.000000  0.000000  -0.000000  1.000000  0.000000  -1.000000  -0.000000  0.999992  -0.002617  0.002864  0.002614  0.999996  0.001056  -0.002866  -0.001048  0.999995  1.000000  0.000000  0.000000  0.000000  1.000000  0.000000  0.000000  0.000000  1.000000  1.000000  0.000000  0.000000  0.000000  -0.000000  1.000000  0.000000  -1.000000  -0.000000  0.000000  0.000000  
135.242161 0.010763  0.090677  -0.007290  0.998718  0.031699  0.039461  -0.041557  0.068431  0.996790  0.028896  -0.997152  0.069660  0.002649  -0.001009  0.002232  0.000000  0.000000  0.000000  2.000000  1.000000  0.000000  0.000000  0.000000  -0.000000  1.000000  0.000000  -1.000000  -0.000000  0.999991  -0.002855  0.003293  0.002853  0.999996  0.000705  -0.003295  -0.000696  0.999994  1.000000  0.000000  0.000000  0.000000  1.000000  0.000000  0.000000  0.000000  1.000000  1.000000  0.000000  0.000000  0.000000  -0.000000  1.000000  0.000000  -1.000000  -0.000000  0.000000  0.000000  
135.243167 0.010767  0.090676  -0.007290  0.998709  0.031465  0.039886  -0.041968  0.068550  0.996765  0.028629  -0.997151  0.069782  0.002857  -0.001049  0.001969  0.000000  0.000000  0.000000  2.000000  1.000000  0.000000  0.000000  0.000000  -0.000000  1.000000  0.000000  -1.000000  -0.000000  0.999989  -0.002974  0.003508  0.002972  0.999995  0.000469  -0.003509  -0.000459  0.999994  1.000000  0.000000  0.000000  0.000000  1.000000  0.000000  0.000000  0.000000  1.000000  1.000000  0.000000  0.000000  0.000000  -0.000000  1.000000  0.000000  -1.000000  -0.000000  0.000000  0.000000  
135.244505 0.010772  0.090676  -0.007291  0.998708  0.031217  0.040106  -0.042174  0.068675  0.996747  0.028362  -0.997151  0.069903  0.003024  -0.001089  0.001584  0.000000  0.000000  0.000000  2.000000  1.000000  0.000000  0.000000  0.000000  -0.000000  1.000000  0.000000  -1.000000  -0.000000  0.999988  -0.003226  0.003733  0.003225  0.999995  0.000112  -0.003733  -0.000100  0.999993  1.000000  0.000000  0.000000  0.000000  1.000000  0.000000  0.000000  0.000000  1.000000  1.000000  0.000000  0.000000  0.000000  -0.000000  1.000000  0.000000  -1.000000  -0.000000  0.000000  0.000000  
135.245663 0.010777  0.090674  -0.007292  0.998698  0.030984  0.040531  -0.042586  0.068795  0.996722  0.028094  -0.997150  0.070025  0.003149  -0.001147  0.001154  0.000000  0.000000  0.000000  2.000000  1.000000  0.000000  0.000000  0.000000  -0.000000  1.000000  0.000000  -1.000000  -0.000000  0.999987  -0.003211  0.003938  0.003211  0.999995  -0.000125  -0.003938  0.000138  0.999992  1.000000  0.000000  0.000000  0.000000  1.000000  0.000000  0.000000  0.000000  1.000000  1.000000  0.000000  0.000000  0.000000  -0.000000  1.000000  0.000000  -1.000000  -0.000000  0.000000  0.000000  
135.246897 0.010782  0.090673  -0.007294  0.998693  0.030870  0.040742  -0.042791  0.068915  0.996704  0.027960  -0.997145  0.070146  0.003317  -0.001172  0.000839  0.000000  0.000000  0.000000  2.000000  1.000000  0.000000  0.000000  0.000000  -0.000000  1.000000  0.000000  -1.000000  -0.000000  0.999986  -0.003330  0.004153  0.003331  0.999994  -0.000362  -0.004152  0.000376  0.999991  1.000000  0.000000  0.000000  0.000000  1.000000  0.000000  0.000000  0.000000  1.000000  1.000000  0.000000  0.000000  0.000000  -0.000000  1.000000  0.000000  -1.000000  -0.000000  0.000000  0.000000  
135.248143 0.010787  0.090670  -0.007295  0.998682  0.030637  0.041168  -0.043203  0.069035  0.996678  0.027693  -0.997144  0.070267  0.003466  -0.001293  0.000545  0.000000  0.000000  0.000000  2.000000  1.000000  0.000000  0.000000  0.000000  -0.000000  1.000000  0.000000  -1.000000  -0.000000  0.999984  -0.003300  0.004564  0.003303  0.999994  -0.000593  -0.004562  0.000608  0.999989  1.000000  0.000000  0.000000  0.000000  1.000000  0.000000  0.000000  0.000000  1.000000  1.000000  0.000000  0.000000  0.000000  -0.000000  1.000000  0.000000  -1.000000  -0.000000  0.000000  0.000000  
135.249158 0.010790  0.090668  -0.007297  0.998677  0.030528  0.041375  -0.043409  0.069276  0.996653  0.027559  -0.997130  0.070509  0.003576  -0.001347  0.000263  0.000000  0.000000  0.000000  2.000000  1.000000  0.000000  0.000000  0.000000  -0.000000  1.000000  0.000000  -1.000000  -0.000000  0.999984  -0.003300  0.004565  0.003303  0.999994  -0.000836  -0.004562  0.000851  0.999989  1.000000  0.000000  0.000000  0.000000  1.000000  0.000000  0.000000  0.000000  1.000000  1.000000  0.000000  0.000000  0.000000  -0.000000  1.000000  0.000000  -1.000000  -0.000000  0.000000  0.000000  
135.250403 0.010794  0.090665  -0.007298  0.998667  0.030295  0.041800  -0.043820  0.069396  0.996626  0.027292  -0.997129  0.070631  0.003612  -0.001398  0.000056  -0.006896  -0.190380  -0.144261  2.000000  1.000000  0.000000  0.000000  0.000000  -0.000000  1.000000  0.000000  -1.000000  -0.000000  0.999981  -0.003537  0.004995  0.003542  0.999993  -0.001066  -0.004991  0.001083  0.999987  1.000000  0.000000  0.000000  0.000000  1.000000  0.000000  0.000000  0.000000  1.000000  1.000000  0.000000  0.000000  0.000000  -0.000000  1.000000  0.000000  -1.000000  -0.000000  0.000059  0.000000  
135.251406 0.010797  0.090662  -0.007299  0.998661  0.030181  0.042011  -0.044026  0.069516  0.996609  0.027158  -0.997124  0.070752  0.003579  -0.001529  -0.000147  -0.018949  -0.197803  -0.148434  2.000000  1.000000  -0.000092  0.000125  -0.000125  0.000030  1.000000  -0.000092  -1.000000  0.000030  0.999981  -0.003670  0.005005  0.003676  0.999993  -0.001187  -0.005000  0.001205  0.999987  1.000000  -0.000046  0.000063  0.000046  1.000000  -0.000015  -0.000063  0.000015  1.000000  1.000000  -0.000092  0.000125  -0.000125  0.000030  1.000000  -0.000092  -1.000000  0.000030  0.000063  0.006320  
135.252416 0.010800  0.090660  -0.007300  0.998656  0.030067  0.042222  -0.044232  0.069637  0.996591  0.027024  -0.997119  0.070873  0.003596  -0.001598  -0.000268  -0.026889  -0.204819  -0.152283  2.000000  1.000000  -0.000231  0.000318  -0.000318  0.000084  1.000000  -0.000231  -1.000000  0.000084  0.999980  -0.003655  0.005210  0.003662  0.999992  -0.001424  -0.005205  0.001443  0.999985  1.000000  -0.000046  0.000065  0.000046  1.000000  -0.000018  -0.000065  0.000018  1.000000  1.000000  -0.000231  0.000318  -0.000318  0.000084  1.000000  -0.000231  -1.000000  0.000084  0.000064  0.006524  
135.253653 0.010804  0.090656  -0.007300  0.998641  0.029967  0.042639  -0.044643  0.069751  0.996565  0.026890  -0.997114  0.070995  0.003596  -0.001700  -0.000449  -0.034872  -0.211769  -0.151834  2.000000  1.000000  -0.000419  0.000581  -0.000581  0.000165  1.000000  -0.000419  -1.000000  0.000164  0.999978  -0.003772  0.005426  0.003781  0.999991  -0.001660  -0.005420  0.001681  0.999984  1.000000  -0.000047  0.000068  0.000047  1.000000  -0.000021  -0.000068  0.000021  1.000000  1.000000  -0.000419  0.000581  -0.000581  0.000165  1.000000  -0.000419  -1.000000  0.000164  0.000066  0.006816  
135.254656 0.010808  0.090654  -0.007301  0.998635  0.029859  0.042846  -0.044849  0.069993  0.996539  0.026757  -0.997101  0.071237  0.003614  -0.001770  -0.000570  -0.047131  -0.211797  -0.151834  2.000000  1.000000  -0.000558  0.000787  -0.000787  0.000235  1.000000  -0.000558  -1.000000  0.000234  0.999977  -0.003757  0.005632  0.003768  0.999991  -0.001897  -0.005624  0.001918  0.999982  1.000000  -0.000047  0.000070  0.000047  1.000000  -0.000024  -0.000070  0.000024  1.000000  1.000000  -0.000558  0.000787  -0.000787  0.000235  1.000000  -0.000558  -1.000000  0.000234  0.000066  0.007034  
135.255656 0.010811  0.090651  -0.007301  0.998630  0.029745  0.043057  -0.045055  0.070114  0.996521  0.026623  -0.997095  0.071358  0.003623  -0.001899  -0.000740  -0.051038  -0.218350  -0.146822  2.000000  0.999999  -0.000696  0.000998  -0.000998  0.000313  0.999999  -0.000696  -1.000000  0.000312  0.999978  -0.003622  0.005623  0.003634  0.999991  -0.002141  -0.005615  0.002162  0.999982  1.000000  -0.000045  0.000070  0.000045  1.000000  -0.000027  -0.000070  0.000027  1.000000  0.999999  -0.000696  0.000998  -0.000998  0.000313  0.999999  -0.000696  -1.000000  0.000312  0.000067  0.007026  
135.256909 0.010816  0.090649  -0.007303  0.998628  0.029504  0.043274  -0.045260  0.070361  0.996494  0.026355  -0.997085  0.071600  0.003633  -0.001942  -0.000873  -0.063110  -0.225583  -0.150810  2.000000  0.999999  -0.000881  0.001279  -0.001279  0.000425  0.999999  -0.000881  -1.000000  0.000424  0.999977  -0.003755  0.005633  0.003768  0.999990  -0.002263  -0.005624  0.002284  0.999982  1.000000  -0.000047  0.000070  0.000047  1.000000  -0.000028  -0.000070  0.000028  1.000000  0.999999  -0.000881  0.001279  -0.001279  0.000425  0.999999  -0.000881  -1.000000  0.000424  0.000070  0.007142  
135.258148 0.010821  0.090646  -0.007305  0.998625  0.029262  0.043491  -0.045466  0.070609  0.996467  0.026088  -0.997075  0.071843  0.003603  -0.002006  -0.000968  -0.075478  -0.226199  -0.155479  2.000000  0.999998  -0.001063  0.001560  -0.001560  0.000550  0.999999  -0.001064  -0.999999  0.000548  0.999978  -0.003620  0.005624  0.003634  0.999990  -0.002507  -0.005615  0.002528  0.999981  1.000000  -0.000045  0.000070  0.000045  1.000000  -0.000031  -0.000070  0.000031  1.000000  0.999998  -0.001063  0.001560  -0.001560  0.000550  0.999999  -0.001064  -0.999999  0.000548  0.000071  0.007147  
135.259151 0.010825  0.090644  -0.007306  0.998610  0.029163  0.043908  -0.045878  0.070724  0.996440  0.025954  -0.997070  0.071964  0.003562  -0.002093  -0.001036  -0.083160  -0.240047  -0.158803  2.000000  0.999998  -0.001200  0.001766  -0.001765  0.000650  0.999998  -0.001201  -0.999999  0.000648  0.999979  -0.003634  0.005420  0.003649  0.999990  -0.002757  -0.005410  0.002777  0.999982  1.000000  -0.000046  0.000068  0.000046  1.000000  -0.000035  -0.000068  0.000035  1.000000  0.999998  -0.001200  0.001766  -0.001765  0.000650  0.999998  -0.001201  -0.999999  0.000648  0.000074  0.007088  
135.260165 0.010828  0.090642  -0.007308  0.998604  0.029055  0.044115  -0.046083  0.070966  0.996414  0.025820  -0.997055  0.072206  0.003518  -0.002203  -0.001058  -0.095358  -0.240258  -0.163194  2.000000  0.999997  -0.001337  0.001980  -0.001979  0.000754  0.999998  -0.001338  -0.999999  0.000752  0.999977  -0.003603  0.005831  0.003619  0.999990  -0.002746  -0.005821  0.002767  0.999979  1.000000  -0.000045  0.000073  0.000045  1.000000  -0.000034  -0.000073  0.000034  1.000000  0.999997  -0.001337  0.001980  -0.001979  0.000754  0.999998  -0.001338  -0.999999  0.000752  0.000075  0.007388  
135.261411 0.010832  0.090639  -0.007310  0.998598  0.028942  0.044327  -0.046289  0.071087  0.996395  0.025687  -0.997050  0.072327  0.003451  -0.002288  -0.001114  -0.098703  -0.238431  -0.161932  2.000000  0.999996  -0.001517  0.002269  -0.002267  0.000900  0.999997  -0.001519  -0.999998  0.000897  0.999977  -0.003602  0.005832  0.003619  0.999989  -0.002868  -0.005822  0.002889  0.999979  1.000000  -0.000045  0.000073  0.000045  1.000000  -0.000036  -0.000073  0.000036  1.000000  0.999996  -0.001517  0.002269  -0.002267  0.000900  0.999997  -0.001519  -0.999998  0.000897  0.000078  0.007434  
135.262643 0.010836  0.090636  -0.007310  0.998592  0.028834  0.044534  -0.046495  0.071329  0.996369  0.025553  -0.997036  0.072569  0.003376  -0.002358  -0.001015  -0.110685  -0.245320  -0.161454  2.000000  0.999995  -0.001694  0.002563  -0.002561  0.001050  0.999996  -0.001697  -0.999998  0.001046  0.999977  -0.003467  0.005823  0.003485  0.999989  -0.003112  -0.005812  0.003132  0.999978  1.000000  -0.000043  0.000073  0.000043  1.000000  -0.000039  -0.000073  0.000039  1.000000  0.999995  -0.001694  0.002563  -0.002561  0.001050  0.999996  -0.001697  -0.999998  0.001046  0.000079  0.007462  
135.263657 0.010838  0.090634  -0.007311  0.998582  0.028854  0.044736  -0.046700  0.071444  0.996351  0.025553  -0.997027  0.072690  0.003285  -0.002375  -0.000947  -0.115697  -0.246696  -0.153786  2.000000  0.999994  -0.001822  0.002778  -0.002776  0.001168  0.999995  -0.001826  -0.999998  0.001163  0.999979  -0.003348  0.005609  0.003365  0.999989  -0.003119  -0.005598  0.003138  0.999979  1.000000  -0.000042  0.000070  0.000042  1.000000  -0.000039  -0.000070  0.000039  1.000000  0.999994  -0.001822  0.002778  -0.002776  0.001168  0.999995  -0.001826  -0.999998  0.001163  0.000076  0.007242  
135.264897 0.010840  0.090630  -0.007312  0.998585  0.028732  0.044739  -0.046701  0.071692  0.996333  0.025419  -0.997013  0.072932  0.003159  -0.002476  -0.000976  -0.124340  -0.232702  -0.150320  2.000000  0.999993  -0.001988  0.003066  -0.003064  0.001329  0.999994  -0.001992  -0.999997  0.001323  0.999979  -0.003346  0.005609  0.003365  0.999989  -0.003241  -0.005599  0.003260  0.999979  1.000000  -0.000042  0.000070  0.000042  1.000000  -0.000041  -0.000070  0.000041  1.000000  0.999993  -0.001988  0.003066  -0.003064  0.001329  0.999994  -0.001992  -0.999997  0.001323  0.000077  0.007296  
135.265903 0.010842  0.090626  -0.007314  0.998576  0.028752  0.044940  -0.046906  0.071807  0.996315  0.025419  -0.997004  0.073053  0.003083  -0.002543  -0.001043  -0.129467  -0.233912  -0.142451  2.000000  0.999992  -0.002145  0.003344  -0.003341  0.001494  0.999993  -0.002150  -0.999997  0.001487  0.999980  -0.003079  0.005590  0.003097  0.999990  -0.003242  -0.005580  0.003260  0.999979  1.000000  -0.000039  0.000070  0.000039  1.000000  -0.000041  -0.000070  0.000041  1.000000  0.999992  -0.002145  0.003344  -0.003341  0.001494  0.999993  -0.002150  -0.999997  0.001487  0.000076  0.007162  
135.267163 0.010844  0.090620  -0.007316  0.998570  0.028644  0.045148  -0.047112  0.072049  0.996288  0.025285  -0.996990  0.073295  0.002953  -0.002676  -0.001164  -0.131410  -0.230090  -0.140066  2.000000  0.999991  -0.002298  0.003616  -0.003612  0.001662  0.999992  -0.002304  -0.999996  0.001653  0.999981  -0.002959  0.005376  0.002977  0.999990  -0.003371  -0.005366  0.003387  0.999980  1.000000  -0.000037  0.000067  0.000037  1.000000  -0.000042  -0.000067  0.000042  1.000000  0.999991  -0.002298  0.003616  -0.003612  0.001662  0.999992  -0.002304  -0.999996  0.001653  0.000076  0.007005  
135.268403 0.010845  0.090615  -0.007319  0.998563  0.028537  0.045356  -0.047318  0.072291  0.996261  0.025151  -0.996975  0.073538  0.002801  -0.002777  -0.001290  -0.135514  -0.229828  -0.135592  2.000000  0.999989  -0.002442  0.003879  -0.003875  0.001834  0.999991  -0.002449  -0.999995  0.001825  0.999982  -0.002824  0.005367  0.002843  0.999990  -0.003494  -0.005357  0.003509  0.999979  1.000000  -0.000035  0.000067  0.000035  1.000000  -0.000044  -0.000067  0.000044  1.000000  0.999989  -0.002442  0.003879  -0.003875  0.001834  0.999991  -0.002449  -0.999995  0.001825  0.000075  0.007003  
135.269643 0.010848  0.090610  -0.007321  0.998560  0.028297  0.045574  -0.047524  0.072540  0.996233  0.024884  -0.996964  0.073780  0.002662  -0.002903  -0.001371  -0.143655  -0.229836  -0.135559  2.000000  0.999988  -0.002581  0.004140  -0.004135  0.002012  0.999989  -0.002589  -0.999995  0.002001  0.999983  -0.002705  0.005153  0.002723  0.999990  -0.003622  -0.005143  0.003636  0.999980  1.000000  -0.000034  0.000064  0.000034  1.000000  -0.000045  -0.000064  0.000045  1.000000  0.999988  -0.002581  0.004140  -0.004135  0.002012  0.999989  -0.002589  -0.999995  0.002001  0.000075  0.006858  
135.270655 0.010849  0.090607  -0.007324  0.998550  0.028317  0.045776  -0.047729  0.072655  0.996214  0.024884  -0.996955  0.073901  0.002517  -0.002960  -0.001478  -0.144873  -0.231110  -0.127680  2.000000  0.999987  -0.002685  0.004333  -0.004328  0.002148  0.999988  -0.002694  -0.999994  0.002137  0.999983  -0.002704  0.005153  0.002723  0.999990  -0.003623  -0.005143  0.003637  0.999980  1.000000  -0.000034  0.000064  0.000034  1.000000  -0.000045  -0.000064  0.000045  1.000000  0.999987  -0.002685  0.004333  -0.004328  0.002148  0.999988  -0.002694  -0.999994  0.002137  0.000075  0.006859  
135.271899 0.010852  0.090603  -0.007325  0.998544  0.028210  0.045984  -0.047935  0.072897  0.996187  0.024750  -0.996940  0.074143  0.002366  -0.003065  -0.001493  -0.145157  -0.224003  -0.123682  2.000000  0.999986  -0.002753  0.004462  -0.004456  0.002241  0.999988  -0.002762  -0.999994  0.002229  0.999984  -0.002718  0.004948  0.002737  0.999989  -0.003750  -0.004938  0.003764  0.999981  1.000000  0.000000  0.000000  0.000000  1.000000  0.000000  0.000000  0.000000  1.000000  0.999986  -0.002753  0.004462  -0.004456  0.002241  0.999988  -0.002762  -0.999994  0.002229  0.000073  0.000000  
135.273144 0.010853  0.090598  -0.007327  0.998540  0.028354  0.045967  -0.047935  0.073132  0.996170  0.024884  -0.996919  0.074384  0.002168  -0.003190  -0.001492  -0.148442  -0.207598  -0.110300  2.000000  0.999986  -0.002753  0.004462  -0.004456  0.002241  0.999988  -0.002762  -0.999994  0.002229  0.999986  -0.002465  0.004724  0.002484  0.999989  -0.003878  -0.004714  0.003890  0.999981  1.000000  0.000000  0.000000  0.000000  1.000000  0.000000  0.000000  0.000000  1.000000  0.999986  -0.002753  0.004462  -0.004456  0.002241  0.999988  -0.002762  -0.999994  0.002229  0.000072  0.000000  
135.274145 0.010855  0.090596  -0.007328  0.998531  0.028381  0.046165  -0.048140  0.073368  0.996142  0.024884  -0.996901  0.074626  0.002012  -0.003230  -0.001423  -0.152480  -0.207267  -0.105796  2.000000  0.999986  -0.002753  0.004462  -0.004456  0.002241  0.999988  -0.002762  -0.999994  0.002229  0.999987  -0.002198  0.004704  0.002216  0.999990  -0.003879  -0.004696  0.003889  0.999981  1.000000  0.000000  0.000000  0.000000  1.000000  0.000000  0.000000  0.000000  1.000000  0.999986  -0.002753  0.004462  -0.004456  0.002241  0.999988  -0.002762  -0.999994  0.002229  0.000070  0.000000  
135.275161 0.010857  0.090593  -0.007329  0.998531  0.028386  0.046162  -0.048140  0.073489  0.996133  0.024884  -0.996892  0.074747  0.001923  -0.003277  -0.001393  -0.152703  -0.199806  -0.097374  2.000000  0.999986  -0.002753  0.004462  -0.004456  0.002241  0.999988  -0.002762  -0.999994  0.002229  0.999989  -0.001961  0.004274  0.001978  0.999990  -0.004013  -0.004267  0.004021  0.999983  1.000000  0.000000  0.000000  0.000000  1.000000  0.000000  0.000000  0.000000  1.000000  0.999986  -0.002753  0.004462  -0.004456  0.002241  0.999988  -0.002762  -0.999994  0.002229  0.000068  0.000000  
135.276393 0.010858  0.090589  -0.007330  0.998521  0.028412  0.046360  -0.048346  0.073725  0.996106  0.024884  -0.996874  0.074989  0.001736  -0.003347  -0.001346  -0.156846  -0.192193  -0.088870  2.000000  0.999986  -0.002753  0.004462  -0.004456  0.002241  0.999988  -0.002762  -0.999994  0.002229  0.999989  -0.001827  0.004265  0.001844  0.999990  -0.004013  -0.004257  0.004021  0.999983  1.000000  0.000000  0.000000  0.000000  1.000000  0.000000  0.000000  0.000000  1.000000  0.999986  -0.002753  0.004462  -0.004456  0.002241  0.999988  -0.002762  -0.999994  0.002229  0.000066  0.000000  
135.277409 0.010859  0.090585  -0.007331  0.998511  0.028433  0.046562  -0.048551  0.073840  0.996088  0.024884  -0.996865  0.075110  0.001556  -0.003475  -0.001425  -0.158275  -0.193613  -0.085160  2.000000  0.999986  -0.002753  0.004462  -0.004456  0.002241  0.999988  -0.002762  -0.999994  0.002229  0.999990  -0.001708  0.004050  0.001724  0.999990  -0.004019  -0.004043  0.004026  0.999984  1.000000  0.000000  0.000000  0.000000  1.000000  0.000000  0.000000  0.000000  1.000000  0.999986  -0.002753  0.004462  -0.004456  0.002241  0.999988  -0.002762  -0.999994  0.002229  0.000066  0.000000  
135.278444 0.010859  0.090581  -0.007332  0.998504  0.028321  0.046773  -0.048757  0.073961  0.996069  0.024750  -0.996859  0.075231  0.001413  -0.003579  -0.001473  -0.158116  -0.185948  -0.080959  2.000000  0.999986  -0.002753  0.004462  -0.004456  0.002241  0.999988  -0.002762  -0.999994  0.002229  0.999991  -0.001723  0.003845  0.001738  0.999990  -0.004025  -0.003838  0.004032  0.999985  1.000000  0.000000  0.000000  0.000000  1.000000  0.000000  0.000000  0.000000  1.000000  0.999986  -0.002753  0.004462  -0.004456  0.002241  0.999988  -0.002762  -0.999994  0.002229  0.000065  0.000000  
135.279657 0.010858  0.090574  -0.007334  0.998494  0.028348  0.046972  -0.048963  0.074197  0.996041  0.024750  -0.996841  0.075473  0.001225  -0.003742  -0.001465  -0.162458  -0.185933  -0.076570  2.000000  0.999986  -0.002753  0.004462  -0.004456  0.002241  0.999988  -0.002762  -0.999994  0.002229  0.999991  -0.001588  0.003835  0.001604  0.999991  -0.004026  -0.003829  0.004032  0.999985  1.000000  0.000000  0.000000  0.000000  1.000000  0.000000  0.000000  0.000000  1.000000  0.999986  -0.002753  0.004462  -0.004456  0.002241  0.999988  -0.002762  -0.999994  0.002229  0.000063  0.000000  
135.280658 0.010858  0.090570  -0.007335  0.998494  0.028353  0.046968  -0.048963  0.074318  0.996032  0.024750  -0.996831  0.075594  0.001112  -0.003759  -0.001409  -0.162817  -0.171461  -0.068578  2.000000  0.999986  -0.002753  0.004462  -0.004456  0.002241  0.999988  -0.002762  -0.999994  0.002229  0.999992  -0.001321  0.003815  0.001336  0.999991  -0.004027  -0.003810  0.004032  0.999985  1.000000  0.000000  0.000000  0.000000  1.000000  0.000000  0.000000  0.000000  1.000000  0.999986  -0.002753  0.004462  -0.004456  0.002241  0.999988  -0.002762  -0.999994  0.002229  0.000063  0.000000  
135.281892 0.010858  0.090565  -0.007336  0.998484  0.028380  0.047166  -0.049168  0.074553  0.996004  0.024750  -0.996813  0.075836  0.000983  -0.003802  -0.001368  -0.165646  -0.169854  -0.063580  2.000000  0.999986  -0.002753  0.004462  -0.004456  0.002241  0.999988  -0.002762  -0.999994  0.002229  0.999992  -0.001187  0.003805  0.001202  0.999991  -0.004027  -0.003801  0.004032  0.999985  1.000000  0.000000  0.000000  0.000000  1.000000  0.000000  0.000000  0.000000  1.000000  0.999986  -0.002753  0.004462  -0.004456  0.002241  0.999988  -0.002762  -0.999994  0.002229  0.000062  0.000000  
135.282906 0.010858  0.090561  -0.007337  0.998480  0.028519  0.047153  -0.049168  0.074668  0.995996  0.024884  -0.996801  0.075956  0.000870  -0.003785  -0.001260  -0.163059  -0.163650  -0.055589  2.000000  0.999986  -0.002753  0.004462  -0.004456  0.002241  0.999988  -0.002762  -0.999994  0.002229  0.999993  -0.000802  0.003570  0.000816  0.999992  -0.003912  -0.003567  0.003915  0.999986  1.000000  0.000000  0.000000  0.000000  1.000000  0.000000  0.000000  0.000000  1.000000  0.999986  -0.002753  0.004462  -0.004456  0.002241  0.999988  -0.002762  -0.999994  0.002229  0.000060  0.000000  
135.283908 0.010858  0.090557  -0.007337  0.998470  0.028546  0.047351  -0.049374  0.074903  0.995968  0.024884  -0.996782  0.076198  0.000793  -0.003735  -0.001087  -0.167088  -0.163271  -0.051056  2.000000  0.999986  -0.002753  0.004462  -0.004456  0.002241  0.999988  -0.002762  -0.999994  0.002229  0.999994  -0.000683  0.003355  0.000697  0.999992  -0.003918  -0.003352  0.003920  0.999987  1.000000  0.000000  0.000000  0.000000  1.000000  0.000000  0.000000  0.000000  1.000000  0.999986  -0.002753  0.004462  -0.004456  0.002241  0.999988  -0.002762  -0.999994  0.002229  0.000060  0.000000  
135.285152 0.010859  0.090552  -0.007337  0.998460  0.028567  0.047552  -0.049579  0.075018  0.995949  0.024884  -0.996773  0.076319  0.000706  -0.003714  -0.000935  -0.165962  -0.154822  -0.046692  2.000000  0.999986  -0.002753  0.004462  -0.004456  0.002241  0.999988  -0.002762  -0.999994  0.002229  0.999994  -0.000549  0.003345  0.000562  0.999992  -0.003919  -0.003342  0.003920  0.999987  1.000000  0.000000  0.000000  0.000000  1.000000  0.000000  0.000000  0.000000  1.000000  0.999986  -0.002753  0.004462  -0.004456  0.002241  0.999988  -0.002762  -0.999994  0.002229  0.000059  0.000000  
135.286406 0.010860  0.090549  -0.007337  0.998460  0.028579  0.047546  -0.049579  0.075260  0.995931  0.024884  -0.996754  0.076561  0.000585  -0.003722  -0.000773  -0.166120  -0.147635  -0.042707  2.000000  0.999986  -0.002753  0.004462  -0.004456  0.002241  0.999988  -0.002762  -0.999994  0.002229  0.999995  -0.000431  0.003129  0.000443  0.999992  -0.003924  -0.003128  0.003926  0.999987  1.000000  0.000000  0.000000  0.000000  1.000000  0.000000  0.000000  0.000000  1.000000  0.999986  -0.002753  0.004462  -0.004456  0.002241  0.999988  -0.002762  -0.999994  0.002229  0.000058  0.000000  
135.287665 0.010861  0.090545  -0.007336  0.998450  0.028606  0.047744  -0.049785  0.075496  0.995903  0.024884  -0.996736  0.076803  0.000544  -0.003705  -0.000661  -0.167449  -0.148142  -0.034042  2.000000  0.999986  -0.002753  0.004462  -0.004456  0.002241  0.999988  -0.002762  -0.999994  0.002229  0.999995  -0.000430  0.003129  0.000442  0.999993  -0.003803  -0.003128  0.003804  0.999988  1.000000  0.000000  0.000000  0.000000  1.000000  0.000000  0.000000  0.000000  1.000000  0.999986  -0.002753  0.004462  -0.004456  0.002241  0.999988  -0.002762  -0.999994  0.002229  0.000055  0.000000  
135.288901 0.010863  0.090542  -0.007336  0.998436  0.028760  0.047935  -0.049990  0.075604  0.995884  0.025018  -0.996723  0.076923  0.000549  -0.003671  -0.000566  -0.162151  -0.146035  -0.020411  2.000000  0.999986  -0.002753  0.004462  -0.004456  0.002241  0.999988  -0.002762  -0.999994  0.002229  0.999994  -0.000147  0.003314  0.000160  0.999992  -0.003919  -0.003313  0.003920  0.999987  1.000000  0.000000  0.000000  0.000000  1.000000  0.000000  0.000000  0.000000  1.000000  0.999986  -0.002753  0.004462  -0.004456  0.002241  0.999988  -0.002762  -0.999994  0.002229  0.000055  0.000000  
135.289905 0.010864  0.090538  -0.007336  0.998426  0.028787  0.048133  -0.050196  0.075840  0.995856  0.025018  -0.996704  0.077165  0.000532  -0.003692  -0.000481  -0.163707  -0.140037  -0.016579  2.000000  0.999986  -0.002753  0.004462  -0.004456  0.002241  0.999988  -0.002762  -0.999994  0.002229  0.999995  -0.000029  0.003099  0.000041  0.999992  -0.003925  -0.003098  0.003925  0.999987  1.000000  0.000000  0.000000  0.000000  1.000000  0.000000  0.000000  0.000000  1.000000  0.999986  -0.002753  0.004462  -0.004456  0.002241  0.999988  -0.002762  -0.999994  0.002229  0.000054  0.000000  
135.290908 0.010866  0.090535  -0.007336  0.998426  0.028793  0.048129  -0.050196  0.075960  0.995847  0.025018  -0.996695  0.077286  0.000537  -0.003739  -0.000421  0.000000  0.000000  0.000000  2.000000  0.999986  -0.002753  0.004462  -0.004456  0.002241  0.999988  -0.002762  -0.999994  0.002229  0.999995  0.000105  0.003088  -0.000093  0.999993  -0.003804  -0.003089  0.003804  0.999988  1.000000  0.000000  0.000000  0.000000  1.000000  0.000000  0.000000  0.000000  1.000000  0.999986  -0.002753  0.004462  -0.004456  0.002241  0.999988  -0.002762  -0.999994  0.002229  0.000054  0.000000  
135.292159 0.010867  0.090530  -0.007335  0.998416  0.028821  0.048327  -0.050401  0.076196  0.995818  0.025018  -0.996676  0.077528  0.000576  -0.003744  -0.000325  0.000000  0.000000  0.000000  2.000000  0.999986  -0.002753  0.004462  -0.004456  0.002241  0.999988  -0.002762  -0.999994  0.002229  0.999995  0.000239  0.003078  -0.000228  0.999993  -0.003805  -0.003079  0.003804  0.999988  1.000000  0.000000  0.000000  0.000000  1.000000  0.000000  0.000000  0.000000  1.000000  0.999986  -0.002753  0.004462  -0.004456  0.002241  0.999988  -0.002762  -0.999994  0.002229  0.000053  0.000000  
135.293397 0.010868  0.090525  -0.007334  0.998402  0.028981  0.048515  -0.050607  0.076425  0.995790  0.025151  -0.996654  0.077769  0.000648  -0.003694  -0.000128  -0.167965  -0.132125  -0.003564  2.000000  0.999986  -0.002753  0.004462  -0.004456  0.002241  0.999988  -0.002762  -0.999994  0.002229  0.999996  0.000357  0.002862  -0.000347  0.999993  -0.003689  -0.002864  0.003688  0.999989  1.000000  0.000000  0.000000  0.000000  1.000000  0.000000  0.000000  0.000000  1.000000  0.999986  -0.002753  0.004462  -0.004456  0.002241  0.999988  -0.002762  -0.999994  0.002229  0.000000  0.000000  
135.294404 0.010870  0.090522  -0.007333  0.998402  0.028987  0.048512  -0.050607  0.076546  0.995781  0.025151  -0.996645  0.077890  0.000767  -0.003563  0.000081  -0.166541  -0.130662  0.000930  2.000000  0.999986  -0.002753  0.004462  -0.004456  0.002241  0.999988  -0.002762  -0.999994  0.002229  0.999996  0.000491  0.002852  -0.000481  0.999993  -0.003689  -0.002853  0.003687  0.999989  1.000000  0.000000  0.000000  0.000000  1.000000  0.000000  0.000000  0.000000  1.000000  0.999986  -0.002753  0.004462  -0.004456  0.002241  0.999988  -0.002762  -0.999994  0.002229  0.000053  0.000000  
135.295406 0.010871  0.090517  -0.007332  0.998391  0.029009  0.048713  -0.050812  0.076660  0.995762  0.025151  -0.996635  0.078011  0.000845  -0.003583  0.000195  0.000000  0.000000  0.000000  2.000000  0.999986  -0.002753  0.004462  -0.004456  0.002241  0.999988  -0.002762  -0.999994  0.002229  0.999996  0.000625  0.002841  -0.000614  0.999993  -0.003689  -0.002843  0.003687  0.999989  1.000000  0.000000  0.000000  0.000000  1.000000  0.000000  0.000000  0.000000  1.000000  0.999986  -0.002753  0.004462  -0.004456  0.002241  0.999988  -0.002762  -0.999994  0.002229  0.000054  0.000000  
