1-Time 2-Px 3-Py 4-Pz 5-R11 6-R21 7-R31 8-R12 9-R22 10-R32 11-R13 12-R23 13-R33 14-Vx 15-Vy 16-Vz 17-Wx 18-Wy 19-Wz 20-state 21-PR11 22-PR21 23-PR31 24-PR12 25-PR22 26-PR32 27-PR13 28-PR23 29-PR33 
44.617858 0.005704  0.093135  -0.001337  0.998409  0.055793  -0.008133  -0.055554  0.998086  0.027176  0.009633  -0.026681  0.999598  0.000054  0.000142  0.000524  0.000000  0.000000  0.000000  2.000000  1.000000  0.000000  0.000000  -0.000000  1.000000  0.000000  0.000000  -0.000000  1.000000  0.999999  -0.001646  -0.000044  0.001646  0.999999  -0.000137  0.000044  0.000137  1.000000  1.000000  0.000000  0.000000  0.000000  1.000000  0.000000  0.000000  0.000000  1.000000  0.547870  0.736130  -0.397431  -0.726415  0.654248  0.210429  0.414921  0.173412  0.893179  0.000000  0.000000  
44.618861 0.005704  0.093134  -0.001337  0.998421  0.055588  -0.008138  -0.055348  0.998097  0.027174  0.009633  -0.026681  0.999598  0.000062  0.000118  0.000535  0.000000  0.000000  0.000000  2.000000  1.000000  0.000000  0.000000  0.000000  1.000000  0.000000  0.000000  0.000000  1.000000  0.999999  -0.001646  -0.000044  0.001646  0.999999  -0.000137  0.000044  0.000137  1.000000  1.000000  0.000000  0.000000  0.000000  1.000000  0.000000  0.000000  0.000000  1.000000  1.000000  0.000000  0.000000  0.000000  1.000000  0.000000  0.000000  0.000000  1.000000  0.000000  0.000000  
44.619864 0.005704  0.093133  -0.001337  0.998409  0.055793  -0.008133  -0.055554  0.998086  0.027176  0.009633  -0.026681  0.999598  0.000023  0.000033  0.000471  0.000000  0.000000  0.000000  2.000000  1.000000  0.000000  0.000000  0.000000  1.000000  0.000000  0.000000  0.000000  1.000000  0.999999  -0.001441  -0.000038  0.001441  0.999999  -0.000135  0.000039  0.000135  1.000000  1.000000  0.000000  0.000000  0.000000  1.000000  0.000000  0.000000  0.000000  1.000000  1.000000  0.000000  0.000000  0.000000  1.000000  0.000000  0.000000  0.000000  1.000000  0.000000  0.000000  
44.620865 0.005705  0.093132  -0.001337  0.998398  0.055999  -0.008127  -0.055760  0.998074  0.027178  0.009633  -0.026681  0.999598  0.000074  -0.000046  0.000438  0.000000  0.000000  0.000000  2.000000  1.000000  0.000000  0.000000  0.000000  1.000000  0.000000  0.000000  0.000000  1.000000  0.999999  -0.001235  -0.000033  0.001235  0.999999  -0.000133  0.000033  0.000133  1.000000  1.000000  0.000000  0.000000  0.000000  1.000000  0.000000  0.000000  0.000000  1.000000  1.000000  0.000000  0.000000  0.000000  1.000000  0.000000  0.000000  0.000000  1.000000  0.000000  0.000000  
44.622114 0.005706  0.093130  -0.001338  0.998386  0.056205  -0.008115  -0.055965  0.998059  0.027300  0.009633  -0.026802  0.999594  0.000095  -0.000234  0.000352  0.000000  0.000000  0.000000  2.000000  1.000000  0.000000  0.000000  0.000000  1.000000  0.000000  0.000000  0.000000  1.000000  1.000000  -0.000823  -0.000022  0.000823  1.000000  -0.000129  0.000022  0.000129  1.000000  1.000000  0.000000  0.000000  0.000000  1.000000  0.000000  0.000000  0.000000  1.000000  1.000000  0.000000  0.000000  0.000000  1.000000  0.000000  0.000000  0.000000  1.000000  0.000000  0.000000  
44.623366 0.005706  0.093127  -0.001338  0.998375  0.056411  -0.008109  -0.056171  0.998048  0.027302  0.009633  -0.026802  0.999594  0.000134  -0.000443  0.000239  0.000000  0.000000  0.000000  2.000000  1.000000  0.000000  0.000000  0.000000  1.000000  0.000000  0.000000  0.000000  1.000000  1.000000  -0.000617  -0.000017  0.000617  1.000000  -0.000006  0.000017  0.000006  1.000000  1.000000  0.000000  0.000000  0.000000  1.000000  0.000000  0.000000  0.000000  1.000000  1.000000  0.000000  0.000000  0.000000  1.000000  0.000000  0.000000  0.000000  1.000000  0.000000  0.000000  
44.624614 0.005708  0.093125  -0.001338  0.998362  0.056621  -0.008230  -0.056376  0.998033  0.027432  0.009767  -0.026923  0.999590  0.000218  -0.000582  0.000199  0.000000  0.000000  0.000000  2.000000  1.000000  0.000000  0.000000  0.000000  1.000000  0.000000  0.000000  0.000000  1.000000  1.000000  -0.000408  -0.000145  0.000408  1.000000  0.000239  0.000145  -0.000239  1.000000  1.000000  0.000000  0.000000  0.000000  1.000000  0.000000  0.000000  0.000000  1.000000  1.000000  0.000000  0.000000  0.000000  1.000000  0.000000  0.000000  0.000000  1.000000  0.000000  0.000000  
44.625628 0.005709  0.093123  -0.001338  0.998350  0.056826  -0.008224  -0.056582  0.998021  0.027434  0.009767  -0.026923  0.999590  0.000307  -0.000737  0.000166  0.000000  0.000000  0.000000  2.000000  1.000000  0.000000  0.000000  0.000000  1.000000  0.000000  0.000000  0.000000  1.000000  1.000000  -0.000202  -0.000139  0.000202  1.000000  0.000241  0.000139  -0.000241  1.000000  1.000000  0.000000  0.000000  0.000000  1.000000  0.000000  0.000000  0.000000  1.000000  1.000000  0.000000  0.000000  0.000000  1.000000  0.000000  0.000000  0.000000  1.000000  0.000000  0.000000  
44.626867 0.005711  0.093121  -0.001338  0.998326  0.057242  -0.008340  -0.056993  0.997994  0.027566  0.009901  -0.027045  0.999585  0.000449  -0.000893  0.000132  0.000000  0.000000  0.000000  2.000000  1.000000  0.000000  0.000000  0.000000  1.000000  0.000000  0.000000  0.000000  1.000000  1.000000  0.000419  -0.000256  -0.000419  1.000000  0.000368  0.000257  -0.000368  1.000000  1.000000  0.000000  0.000000  0.000000  1.000000  0.000000  0.000000  0.000000  1.000000  1.000000  0.000000  0.000000  0.000000  1.000000  0.000000  0.000000  0.000000  1.000000  0.000000  0.000000  
44.628118 0.005712  0.093118  -0.001338  0.998302  0.057653  -0.008328  -0.057404  0.997970  0.027570  0.009901  -0.027045  0.999585  0.000521  -0.001080  0.000045  0.000000  0.000000  0.000000  2.000000  1.000000  0.000000  0.000000  0.000000  1.000000  0.000000  0.000000  0.000000  1.000000  1.000000  0.000830  -0.000245  -0.000830  1.000000  0.000372  0.000246  -0.000372  1.000000  1.000000  0.000000  0.000000  0.000000  1.000000  0.000000  0.000000  0.000000  1.000000  1.000000  0.000000  0.000000  0.000000  1.000000  0.000000  0.000000  0.000000  1.000000  0.000000  0.000000  
44.629363 0.005714  0.093116  -0.001339  0.998278  0.058065  -0.008310  -0.057815  0.997943  0.027694  0.009901  -0.027166  0.999582  0.000677  -0.001240  -0.000022  0.000000  0.000000  0.000000  2.000000  1.000000  0.000000  0.000000  0.000000  1.000000  0.000000  0.000000  0.000000  1.000000  0.999999  0.001654  -0.000223  -0.001653  0.999999  0.000501  0.000224  -0.000501  1.000000  1.000000  0.000000  0.000000  0.000000  1.000000  0.000000  0.000000  0.000000  1.000000  1.000000  0.000000  0.000000  0.000000  1.000000  0.000000  0.000000  0.000000  1.000000  0.000000  0.000000  
44.630366 0.005716  0.093114  -0.001339  0.998254  0.058476  -0.008299  -0.058226  0.997919  0.027697  0.009901  -0.027166  0.999582  0.000788  -0.001343  -0.000045  0.000000  0.000000  0.000000  2.000000  1.000000  0.000000  0.000000  0.000000  1.000000  0.000000  0.000000  0.000000  1.000000  0.999998  0.001859  -0.000217  -0.001859  0.999998  0.000503  0.000218  -0.000503  1.000000  1.000000  0.000000  0.000000  0.000000  1.000000  0.000000  0.000000  0.000000  1.000000  1.000000  0.000000  0.000000  0.000000  1.000000  0.000000  0.000000  0.000000  1.000000  0.000000  0.000000  
44.631618 0.005718  0.093112  -0.001338  0.998230  0.058886  -0.008287  -0.058637  0.997895  0.027701  0.009901  -0.027166  0.999582  0.000930  -0.001498  -0.000079  0.000000  0.000000  0.000000  2.000000  1.000000  0.000000  0.000000  0.000000  1.000000  0.000000  0.000000  0.000000  1.000000  0.999996  0.002682  -0.000195  -0.002682  0.999996  0.000512  0.000196  -0.000511  1.000000  1.000000  0.000000  0.000000  0.000000  1.000000  0.000000  0.000000  0.000000  1.000000  1.000000  0.000000  0.000000  0.000000  1.000000  0.000000  0.000000  0.000000  1.000000  0.000000  0.000000  
44.632863 0.005720  0.093110  -0.001338  0.998193  0.059506  -0.008404  -0.059253  0.997858  0.027714  0.010035  -0.027166  0.999581  0.001059  -0.001651  -0.000080  0.000000  0.000000  0.000000  2.000000  1.000000  0.000000  0.000000  0.000000  1.000000  0.000000  0.000000  0.000000  1.000000  0.999995  0.003098  -0.000317  -0.003098  0.999995  0.000516  0.000319  -0.000515  1.000000  1.000000  0.000000  0.000000  0.000000  1.000000  0.000000  0.000000  0.000000  1.000000  1.000000  0.000000  0.000000  0.000000  1.000000  0.000000  0.000000  0.000000  1.000000  0.000000  0.000000  
44.633865 0.005722  0.093108  -0.001338  0.998168  0.059918  -0.008385  -0.059664  0.997830  0.027838  0.010035  -0.027287  0.999577  0.001156  -0.001750  -0.000070  0.000000  0.000000  0.000000  2.000000  1.000000  0.000000  0.000000  0.000000  1.000000  0.000000  0.000000  0.000000  1.000000  0.999992  0.003921  -0.000294  -0.003921  0.999992  0.000646  0.000297  -0.000644  1.000000  1.000000  0.000000  0.000000  0.000000  1.000000  0.000000  0.000000  0.000000  1.000000  1.000000  0.000000  0.000000  0.000000  1.000000  0.000000  0.000000  0.000000  1.000000  0.000000  0.000000  
44.635115 0.005723  0.093105  -0.001338  0.998131  0.060535  -0.008368  -0.060281  0.997793  0.027844  0.010035  -0.027287  0.999577  0.001277  -0.001879  -0.000082  0.000000  0.000000  0.000000  2.000000  1.000000  0.000000  0.000000  0.000000  1.000000  0.000000  0.000000  0.000000  1.000000  0.999991  0.004332  -0.000283  -0.004332  0.999990  0.000650  0.000286  -0.000648  1.000000  1.000000  0.000000  0.000000  0.000000  1.000000  0.000000  0.000000  0.000000  1.000000  1.000000  0.000000  0.000000  0.000000  1.000000  0.000000  0.000000  0.000000  1.000000  0.000000  0.000000  
44.636369 0.005725  0.093102  -0.001338  0.998105  0.060950  -0.008482  -0.060692  0.997764  0.027976  0.010169  -0.027408  0.999573  0.001346  -0.001969  -0.000006  0.000000  0.000000  0.000000  2.000000  1.000000  0.000064  -0.000005  -0.000064  1.000000  0.000010  0.000005  -0.000010  1.000000  0.999987  0.005159  -0.000394  -0.005159  0.999986  0.000780  0.000398  -0.000778  1.000000  1.000000  0.000064  -0.000005  -0.000064  1.000000  0.000010  0.000005  -0.000010  1.000000  1.000000  0.000064  -0.000005  -0.000064  1.000000  0.000010  0.000005  -0.000010  1.000000  0.000000  0.005233  
44.637614 0.005727  0.093098  -0.001337  0.998067  0.061566  -0.008465  -0.061308  0.997727  0.027981  0.010169  -0.027408  0.999573  0.001417  -0.002061  0.000071  0.000000  0.000000  0.000000  2.000000  1.000000  0.000402  -0.000029  -0.000402  1.000000  0.000059  0.000029  -0.000059  1.000000  0.999984  0.005571  -0.000382  -0.005571  0.999984  0.000784  0.000387  -0.000782  1.000000  1.000000  0.000070  -0.000005  -0.000070  1.000000  0.000010  0.000005  -0.000010  1.000000  1.000000  0.000402  -0.000029  -0.000402  1.000000  0.000059  0.000029  -0.000059  1.000000  0.000000  0.005639  
44.638616 0.005728  0.093094  -0.001337  0.998042  0.061978  -0.008446  -0.061719  0.997698  0.028106  0.010169  -0.027530  0.999569  0.001404  -0.002181  0.000127  0.030138  0.012812  0.185699  2.000000  1.000000  0.000704  -0.000048  -0.000704  1.000000  0.000102  0.000048  -0.000102  1.000000  0.999979  0.006394  -0.000359  -0.006394  0.999979  0.000913  0.000365  -0.000911  1.000000  1.000000  0.000080  -0.000005  -0.000080  1.000000  0.000011  0.000005  -0.000011  1.000000  1.000000  0.000704  -0.000048  -0.000704  1.000000  0.000102  0.000048  -0.000102  1.000000  0.000047  0.006469  
44.639865 0.005729  0.093088  -0.001336  0.998003  0.062595  -0.008421  -0.062335  0.997656  0.028232  0.010169  -0.027651  0.999566  0.001413  -0.002410  0.000130  0.034667  0.012341  0.207964  2.000000  0.999999  0.001122  -0.000070  -0.001122  0.999999  0.000164  0.000070  -0.000164  1.000000  0.999975  0.007011  -0.000341  -0.007011  0.999975  0.001041  0.000348  -0.001038  0.999999  1.000000  0.000088  -0.000004  -0.000088  1.000000  0.000013  0.000004  -0.000013  1.000000  0.999999  0.001122  -0.000070  -0.001122  0.999999  0.000164  0.000070  -0.000164  1.000000  0.000053  0.007096  
44.641114 0.005731  0.093083  -0.001337  0.997965  0.063212  -0.008396  -0.062952  0.997614  0.028358  0.010169  -0.027772  0.999563  0.001381  -0.002626  0.000076  0.039018  0.011575  0.235634  2.000000  0.999999  0.001560  -0.000091  -0.001560  0.999999  0.000232  0.000092  -0.000232  1.000000  0.999974  0.007217  -0.000335  -0.007217  0.999973  0.001164  0.000343  -0.001162  0.999999  1.000000  0.000090  -0.000004  -0.000090  1.000000  0.000015  0.000004  -0.000015  1.000000  0.999999  0.001560  -0.000091  -0.001560  0.999999  0.000232  0.000092  -0.000232  1.000000  0.000060  0.007318  
44.642124 0.005732  0.093077  -0.001337  0.997939  0.063623  -0.008384  -0.063363  0.997587  0.028362  0.010169  -0.027772  0.999563  0.001381  -0.002844  0.000091  0.039141  0.011194  0.249377  2.000000  0.999998  0.001838  -0.000104  -0.001838  0.999998  0.000276  0.000104  -0.000276  1.000000  0.999971  0.007629  -0.000323  -0.007628  0.999970  0.001168  0.000332  -0.001166  0.999999  1.000000  0.000095  -0.000004  -0.000095  1.000000  0.000015  0.000004  -0.000015  1.000000  0.999998  0.001838  -0.000104  -0.001838  0.999998  0.000276  0.000104  -0.000276  1.000000  0.000063  0.007724  
44.643137 0.005733  0.093072  -0.001338  0.997899  0.064240  -0.008359  -0.063979  0.997545  0.028488  0.010169  -0.027893  0.999559  0.001352  -0.003079  0.000061  0.043472  0.010420  0.276915  2.000000  0.999998  0.002222  -0.000120  -0.002222  0.999997  0.000336  0.000121  -0.000336  1.000000  0.999969  0.007835  -0.000316  -0.007834  0.999969  0.001170  0.000326  -0.001168  0.999999  1.000000  0.000098  -0.000004  -0.000098  1.000000  0.000015  0.000004  -0.000015  1.000000  0.999998  0.002222  -0.000120  -0.002222  0.999997  0.000336  0.000121  -0.000336  1.000000  0.000068  0.007928  
44.644364 0.005734  0.093066  -0.001339  0.997873  0.064652  -0.008339  -0.064390  0.997515  0.028612  0.010169  -0.028014  0.999556  0.001298  -0.003364  0.000021  0.047716  0.010032  0.290947  2.000000  0.999997  0.002632  -0.000135  -0.002632  0.999996  0.000395  0.000136  -0.000394  1.000000  0.999966  0.008246  -0.000305  -0.008246  0.999965  0.001174  0.000315  -0.001172  0.999999  1.000000  0.000103  -0.000004  -0.000103  1.000000  0.000015  0.000004  -0.000015  1.000000  0.999997  0.002632  -0.000135  -0.002632  0.999996  0.000395  0.000136  -0.000394  1.000000  0.000074  0.008335  
44.645369 0.005735  0.093060  -0.001339  0.997846  0.065063  -0.008328  -0.064801  0.997488  0.028616  0.010169  -0.028014  0.999556  0.001289  -0.003622  -0.000031  0.047910  0.009462  0.311617  2.000000  0.999995  0.003055  -0.000149  -0.003054  0.999995  0.000455  0.000150  -0.000454  1.000000  0.999963  0.008654  -0.000159  -0.008654  0.999962  0.001179  0.000169  -0.001177  0.999999  1.000000  0.000108  -0.000002  -0.000108  1.000000  0.000015  0.000002  -0.000015  1.000000  0.999995  0.003055  -0.000149  -0.003054  0.999995  0.000455  0.000150  -0.000454  1.000000  0.000077  0.008735  
44.646376 0.005737  0.093055  -0.001340  0.997820  0.065473  -0.008316  -0.065211  0.997461  0.028619  0.010169  -0.028014  0.999556  0.001286  -0.003862  -0.000127  0.048037  0.009082  0.325375  2.000000  0.999994  0.003485  -0.000157  -0.003485  0.999994  0.000514  0.000159  -0.000513  1.000000  0.999963  0.008654  -0.000159  -0.008654  0.999962  0.001179  0.000169  -0.001177  0.999999  1.000000  0.000108  -0.000002  -0.000108  1.000000  0.000015  0.000002  -0.000015  1.000000  0.999994  0.003485  -0.000157  -0.003485  0.999994  0.000514  0.000159  -0.000513  1.000000  0.000082  0.008735  
44.647617 0.005739  0.093049  -0.001341  0.997793  0.065885  -0.008296  -0.065622  0.997430  0.028744  0.010169  -0.028136  0.999552  0.001286  -0.004107  -0.000187  0.052267  0.008686  0.339324  2.000000  0.999992  0.004025  -0.000160  -0.004025  0.999992  0.000584  0.000162  -0.000584  1.000000  0.999963  0.008650  -0.000024  -0.008650  0.999962  0.001179  0.000034  -0.001178  0.999999  1.000000  0.000108  -0.000000  -0.000108  1.000000  0.000015  0.000000  -0.000015  1.000000  0.999992  0.004025  -0.000160  -0.004025  0.999992  0.000584  0.000162  -0.000584  1.000000  0.000086  0.008730  
44.648618 0.005740  0.093045  -0.001341  0.997766  0.066296  -0.008284  -0.066033  0.997403  0.028747  0.010169  -0.028136  0.999552  0.001284  -0.004308  -0.000232  0.052478  0.008118  0.360105  2.000000  0.999990  0.004463  -0.000161  -0.004463  0.999990  0.000643  0.000164  -0.000643  1.000000  0.999961  0.008856  -0.000018  -0.008856  0.999960  0.001181  0.000028  -0.001180  0.999999  1.000000  0.000111  -0.000000  -0.000111  1.000000  0.000015  0.000000  -0.000015  1.000000  0.999990  0.004463  -0.000161  -0.004463  0.999990  0.000643  0.000164  -0.000643  1.000000  0.000090  0.008934  
44.649868 0.005742  0.093039  -0.001341  0.997738  0.066707  -0.008272  -0.066444  0.997376  0.028750  0.010169  -0.028136  0.999552  0.001263  -0.004484  -0.000218  0.052548  0.007929  0.367034  2.000000  0.999988  0.004901  -0.000162  -0.004901  0.999988  0.000701  0.000165  -0.000700  1.000000  0.999961  0.008856  -0.000018  -0.008856  0.999960  0.001059  0.000027  -0.001059  0.999999  1.000000  0.000111  -0.000000  -0.000111  1.000000  0.000013  0.000000  -0.000013  1.000000  0.999988  0.004901  -0.000162  -0.004901  0.999988  0.000701  0.000165  -0.000700  1.000000  0.000092  0.008919  
44.651113 0.005744  0.093033  -0.001342  0.997711  0.067117  -0.008261  -0.066855  0.997348  0.028754  0.010169  -0.028136  0.999552  0.001307  -0.004615  -0.000257  0.052626  0.007741  0.374016  2.000000  0.999985  0.005449  -0.000163  -0.005449  0.999985  0.000767  0.000167  -0.000766  1.000000  0.999961  0.008856  -0.000018  -0.008856  0.999960  0.001059  0.000027  -0.001059  0.999999  1.000000  0.000111  -0.000000  -0.000111  1.000000  0.000013  0.000000  -0.000013  1.000000  0.999985  0.005449  -0.000163  -0.005449  0.999985  0.000767  0.000167  -0.000766  1.000000  0.000094  0.008919  
44.652115 0.005746  0.093028  -0.001342  0.997683  0.067528  -0.008249  -0.067266  0.997321  0.028757  0.010169  -0.028136  0.999552  0.001328  -0.004774  -0.000293  0.048614  0.007528  0.380908  2.000000  0.999983  0.005884  -0.000164  -0.005884  0.999982  0.000820  0.000169  -0.000819  1.000000  0.999963  0.008650  -0.000024  -0.008650  0.999962  0.001057  0.000033  -0.001057  0.999999  1.000000  0.000108  -0.000000  -0.000108  1.000000  0.000013  0.000000  -0.000013  1.000000  0.999983  0.005884  -0.000164  -0.005884  0.999982  0.000820  0.000169  -0.000819  1.000000  0.000094  0.008715  
44.653115 0.005747  0.093023  -0.001341  0.997669  0.067733  -0.008243  -0.067471  0.997307  0.028759  0.010169  -0.028136  0.999552  0.001320  -0.004831  -0.000336  0.048618  0.007528  0.380944  2.000000  0.999980  0.006314  -0.000165  -0.006314  0.999980  0.000873  0.000171  -0.000872  1.000000  0.999963  0.008650  -0.000024  -0.008650  0.999962  0.001057  0.000033  -0.001057  0.999999  1.000000  0.000108  -0.000000  -0.000108  1.000000  0.000013  0.000000  -0.000013  1.000000  0.999980  0.006314  -0.000165  -0.006314  0.999980  0.000873  0.000171  -0.000872  1.000000  0.000097  0.008715  
44.654364 0.005748  0.093017  -0.001342  0.997642  0.068144  -0.008231  -0.067882  0.997279  0.028762  0.010169  -0.028136  0.999552  0.001290  -0.004928  -0.000350  0.044634  0.002819  0.387726  2.000000  0.999977  0.006834  -0.000161  -0.006834  0.999976  0.000937  0.000167  -0.000936  1.000000  0.999968  0.008029  0.000092  -0.008029  0.999967  0.000930  -0.000085  -0.000931  1.000000  1.000000  0.000100  0.000001  -0.000100  1.000000  0.000012  -0.000001  -0.000012  1.000000  0.999977  0.006834  -0.000161  -0.006834  0.999976  0.000937  0.000167  -0.000936  1.000000  0.000097  0.008083  
44.655364 0.005748  0.093011  -0.001342  0.997628  0.068349  -0.008225  -0.068087  0.997265  0.028764  0.010169  -0.028136  0.999552  0.001251  -0.005012  -0.000413  0.044339  0.002607  0.391428  2.000000  0.999974  0.007238  -0.000156  -0.007238  0.999973  0.000984  0.000163  -0.000982  1.000000  0.999968  0.008029  0.000092  -0.008029  0.999967  0.000930  -0.000085  -0.000931  1.000000  1.000000  0.000100  0.000001  -0.000100  1.000000  0.000012  -0.000001  -0.000012  1.000000  0.999974  0.007238  -0.000156  -0.007238  0.999973  0.000984  0.000163  -0.000982  1.000000  0.000099  0.008083  
44.656614 0.005750  0.093005  -0.001343  0.997614  0.068554  -0.008219  -0.068292  0.997251  0.028766  0.010169  -0.028136  0.999552  0.001222  -0.005042  -0.000434  0.040518  -0.001510  0.380730  2.000000  0.999970  0.007732  -0.000148  -0.007732  0.999970  0.001042  0.000156  -0.001040  0.999999  0.999969  0.007820  0.000220  -0.007820  0.999969  0.000928  -0.000213  -0.000929  1.000000  1.000000  0.000098  0.000003  -0.000098  1.000000  0.000012  -0.000003  -0.000012  1.000000  0.999970  0.007732  -0.000148  -0.007732  0.999970  0.001042  0.000156  -0.001040  0.999999  0.000097  0.007878  
44.657864 0.005751  0.092998  -0.001343  0.997585  0.068965  -0.008207  -0.068703  0.997222  0.028769  0.010169  -0.028136  0.999552  0.001208  -0.005037  -0.000401  0.040519  -0.001510  0.380733  2.000000  0.999967  0.008115  -0.000137  -0.008115  0.999966  0.001082  0.000146  -0.001081  0.999999  0.999971  0.007614  0.000215  -0.007614  0.999971  0.000804  -0.000208  -0.000806  1.000000  1.000000  0.000095  0.000003  -0.000095  1.000000  0.000010  -0.000003  -0.000010  1.000000  0.999967  0.008115  -0.000137  -0.008115  0.999966  0.001082  0.000146  -0.001081  0.999999  0.000095  0.007659  
44.658869 0.005752  0.092993  -0.001344  0.997571  0.069170  -0.008201  -0.068909  0.997208  0.028771  0.010169  -0.028136  0.999552  0.001207  -0.005013  -0.000354  0.036365  -0.001341  0.373744  2.000000  0.999964  0.008488  -0.000127  -0.008488  0.999963  0.001120  0.000136  -0.001119  0.999999  0.999974  0.007202  0.000203  -0.007202  0.999974  0.000679  -0.000198  -0.000680  1.000000  1.000000  0.000090  0.000003  -0.000090  1.000000  0.000008  -0.000003  -0.000008  1.000000  0.999964  0.008488  -0.000127  -0.008488  0.999963  0.001120  0.000136  -0.001119  0.999999  0.000094  0.007237  
44.660124 0.005753  0.092987  -0.001345  0.997557  0.069376  -0.008195  -0.069114  0.997194  0.028772  0.010169  -0.028136  0.999552  0.001229  -0.004960  -0.000344  0.036288  -0.001150  0.366755  2.000000  0.999960  0.008938  -0.000114  -0.008938  0.999959  0.001161  0.000124  -0.001160  0.999999  0.999974  0.007202  0.000203  -0.007202  0.999974  0.000558  -0.000199  -0.000559  1.000000  1.000000  0.000090  0.000003  -0.000090  1.000000  0.000007  -0.000003  -0.000007  1.000000  0.999960  0.008938  -0.000114  -0.008938  0.999959  0.001161  0.000124  -0.001160  0.999999  0.000094  0.007227  
44.661364 0.005755  0.092981  -0.001346  0.997543  0.069581  -0.008189  -0.069319  0.997179  0.028774  0.010169  -0.028136  0.999552  0.001171  -0.004967  -0.000401  0.036234  -0.000959  0.359987  2.000000  0.999956  0.009363  -0.000102  -0.009363  0.999955  0.001196  0.000113  -0.001195  0.999999  0.999977  0.006791  0.000191  -0.006791  0.999977  0.000554  -0.000188  -0.000555  1.000000  1.000000  0.000085  0.000002  -0.000085  1.000000  0.000007  -0.000002  -0.000007  1.000000  0.999956  0.009363  -0.000102  -0.009363  0.999955  0.001196  0.000113  -0.001195  0.999999  0.000090  0.006816  
44.662618 0.005756  0.092975  -0.001348  0.997528  0.069786  -0.008184  -0.069525  0.997165  0.028776  0.010169  -0.028136  0.999552  0.001120  -0.004957  -0.000484  0.036107  -0.005071  0.345920  2.000000  0.999952  0.009756  -0.000090  -0.009756  0.999952  0.001222  0.000102  -0.001222  0.999999  0.999982  0.005968  0.000168  -0.005968  0.999982  0.000424  -0.000166  -0.000425  1.000000  1.000000  0.000075  0.000002  -0.000075  1.000000  0.000005  -0.000002  -0.000005  1.000000  0.999952  0.009756  -0.000090  -0.009756  0.999952  0.001222  0.000102  -0.001222  0.999999  0.000087  0.005985  
44.663871 0.005758  0.092969  -0.001351  0.997528  0.069786  -0.008184  -0.069525  0.997165  0.028776  0.010169  -0.028136  0.999552  0.001115  -0.004949  -0.000627  0.031818  -0.004516  0.325142  2.000000  0.999949  0.010122  -0.000080  -0.010121  0.999948  0.001243  0.000093  -0.001242  0.999999  0.999985  0.005556  0.000157  -0.005556  0.999985  0.000299  -0.000155  -0.000300  1.000000  1.000000  0.000069  0.000002  -0.000069  1.000000  0.000004  -0.000002  -0.000004  1.000000  0.999949  0.010122  -0.000080  -0.010121  0.999948  0.001243  0.000093  -0.001242  0.999999  0.000083  0.005566  
44.665119 0.005759  0.092963  -0.001353  0.997514  0.069991  -0.008178  -0.069730  0.997151  0.028778  0.010169  -0.028136  0.999552  0.001080  -0.004968  -0.000791  0.031749  -0.004325  0.318244  2.000000  0.999946  0.010392  -0.000072  -0.010392  0.999945  0.001256  0.000085  -0.001255  0.999999  0.999986  0.005350  0.000151  -0.005350  0.999986  0.000175  -0.000150  -0.000176  1.000000  1.000000  0.000067  0.000002  -0.000067  1.000000  0.000002  -0.000002  -0.000002  1.000000  0.999946  0.010392  -0.000072  -0.010392  0.999945  0.001256  0.000085  -0.001255  0.999999  0.000080  0.005355  
44.666365 0.005761  0.092958  -0.001355  0.997514  0.069990  -0.008186  -0.069730  0.997154  0.028657  0.010169  -0.028014  0.999556  0.001073  -0.004928  -0.000897  0.023290  -0.008369  0.301859  2.000000  0.999945  0.010520  -0.000069  -0.010520  0.999944  0.001260  0.000082  -0.001260  0.999999  0.999989  0.004733  0.000133  -0.004733  0.999989  0.000048  -0.000133  -0.000048  1.000000  1.000000  0.000000  0.000000  0.000000  1.000000  0.000000  0.000000  0.000000  1.000000  0.999945  0.010520  -0.000069  -0.010520  0.999944  0.001260  0.000082  -0.001260  0.999999  0.000076  0.000000  
44.667390 0.005762  0.092954  -0.001357  0.997500  0.070196  -0.008180  -0.069935  0.997140  0.028658  0.010169  -0.028014  0.999556  0.001077  -0.004889  -0.001031  0.023321  -0.008047  0.290257  2.000000  0.999945  0.010520  -0.000069  -0.010520  0.999944  0.001260  0.000082  -0.001260  0.999999  0.999989  0.004733  0.000133  -0.004733  0.999989  0.000048  -0.000133  -0.000048  1.000000  1.000000  0.000000  0.000000  0.000000  1.000000  0.000000  0.000000  0.000000  1.000000  0.999945  0.010520  -0.000069  -0.010520  0.999944  0.001260  0.000082  -0.001260  0.999999  0.000074  0.000000  
44.668625 0.005763  0.092948  -0.001359  0.997500  0.070196  -0.008180  -0.069935  0.997140  0.028658  0.010169  -0.028014  0.999556  0.001103  -0.004816  -0.001209  0.019050  -0.007494  0.269716  2.000000  0.999945  0.010520  -0.000069  -0.010520  0.999944  0.001260  0.000082  -0.001260  0.999999  0.999991  0.004321  0.000121  -0.004321  0.999991  -0.000078  -0.000122  0.000077  1.000000  1.000000  0.000000  0.000000  0.000000  1.000000  0.000000  0.000000  0.000000  1.000000  0.999945  0.010520  -0.000069  -0.010520  0.999944  0.001260  0.000082  -0.001260  0.999999  0.000069  0.000000  
44.669867 0.005764  0.092943  -0.001362  0.997500  0.070195  -0.008189  -0.069935  0.997143  0.028537  0.010169  -0.027893  0.999559  0.001061  -0.004735  -0.001353  0.010690  -0.006920  0.249065  2.000000  0.999945  0.010520  -0.000069  -0.010520  0.999944  0.001260  0.000082  -0.001260  0.999999  0.999993  0.003704  0.000104  -0.003704  0.999993  -0.000084  -0.000104  0.000083  1.000000  1.000000  0.000000  0.000000  0.000000  1.000000  0.000000  0.000000  0.000000  1.000000  0.999945  0.010520  -0.000069  -0.010520  0.999944  0.001260  0.000082  -0.001260  0.999999  0.000064  0.000000  
44.671114 0.005766  0.092938  -0.001364  0.997498  0.070198  -0.008322  -0.069935  0.997143  0.028547  0.010302  -0.027893  0.999558  0.001107  -0.004619  -0.001419  0.006431  -0.002036  0.233344  2.000000  0.999945  0.010520  -0.000069  -0.010520  0.999944  0.001260  0.000082  -0.001260  0.999999  0.999995  0.003296  -0.000042  -0.003296  0.999995  -0.000209  0.000041  0.000209  1.000000  1.000000  0.000000  0.000000  0.000000  1.000000  0.000000  0.000000  0.000000  1.000000  0.999945  0.010520  -0.000069  -0.010520  0.999944  0.001260  0.000082  -0.001260  0.999999  0.000058  0.000000  
44.672114 0.005766  0.092934  -0.001365  0.997484  0.070404  -0.008316  -0.070141  0.997129  0.028548  0.010302  -0.027893  0.999558  0.001065  -0.004535  -0.001434  0.006363  -0.001845  0.226564  2.000000  0.999945  0.010520  -0.000069  -0.010520  0.999944  0.001260  0.000082  -0.001260  0.999999  0.999995  0.003090  -0.000048  -0.003090  0.999995  -0.000211  0.000047  0.000211  1.000000  1.000000  0.000000  0.000000  0.000000  1.000000  0.000000  0.000000  0.000000  1.000000  0.999945  0.010520  -0.000069  -0.010520  0.999944  0.001260  0.000082  -0.001260  0.999999  0.000057  0.000000  
44.673366 0.005768  0.092930  -0.001366  0.997498  0.070197  -0.008331  -0.069935  0.997146  0.028426  0.010302  -0.027772  0.999561  0.001106  -0.004380  -0.001466  -0.002097  -0.000898  0.194074  2.000000  0.999945  0.010520  -0.000069  -0.010520  0.999944  0.001260  0.000082  -0.001260  0.999999  0.999996  0.002885  -0.000054  -0.002885  0.999996  -0.000334  0.000053  0.000334  1.000000  1.000000  0.000000  0.000000  0.000000  1.000000  0.000000  0.000000  0.000000  1.000000  0.999945  0.010520  -0.000069  -0.010520  0.999944  0.001260  0.000082  -0.001260  0.999999  0.000052  0.000000  
44.674368 0.005769  0.092926  -0.001367  0.997498  0.070197  -0.008331  -0.069935  0.997146  0.028426  0.010302  -0.027772  0.999561  0.001115  -0.004302  -0.001524  -0.006313  -0.000523  0.179969  2.000000  0.999945  0.010520  -0.000069  -0.010520  0.999944  0.001260  0.000082  -0.001260  0.999999  0.999997  0.002473  -0.000065  -0.002473  0.999997  -0.000339  0.000064  0.000339  1.000000  1.000000  0.000000  0.000000  0.000000  1.000000  0.000000  0.000000  0.000000  1.000000  0.999945  0.010520  -0.000069  -0.010520  0.999944  0.001260  0.000082  -0.001260  0.999999  0.000046  0.000000  
44.675376 0.005770  0.092923  -0.001368  0.997498  0.070197  -0.008331  -0.069935  0.997146  0.028426  0.010302  -0.027772  0.999561  0.001113  -0.004176  -0.001546  0.000000  0.000000  0.000000  2.000000  0.999945  0.010520  -0.000069  -0.010520  0.999944  0.001260  0.000082  -0.001260  0.999999  0.999998  0.002062  -0.000077  -0.002062  0.999998  -0.000343  0.000076  0.000343  1.000000  1.000000  0.000000  0.000000  0.000000  1.000000  0.000000  0.000000  0.000000  1.000000  0.999945  0.010520  -0.000069  -0.010520  0.999944  0.001260  0.000082  -0.001260  0.999999  0.000043  0.000000  
44.676613 0.005772  0.092919  -0.001369  0.997497  0.070200  -0.008473  -0.069935  0.997150  0.028314  0.010436  -0.027651  0.999563  0.001118  -0.004060  -0.001513  0.000000  0.000000  0.000000  2.000000  0.999945  0.010520  -0.000069  -0.010520  0.999944  0.001260  0.000082  -0.001260  0.999999  0.999998  0.001856  -0.000082  -0.001856  0.999998  -0.000466  0.000082  0.000466  1.000000  1.000000  0.000000  0.000000  0.000000  1.000000  0.000000  0.000000  0.000000  1.000000  0.999945  0.010520  -0.000069  -0.010520  0.999944  0.001260  0.000082  -0.001260  0.999999  0.000000  0.000000  
44.677621 0.005773  0.092916  -0.001371  0.997497  0.070200  -0.008473  -0.069935  0.997150  0.028314  0.010436  -0.027651  0.999563  0.001122  -0.003917  -0.001495  0.000000  0.000000  0.000000  2.000000  0.999945  0.010520  -0.000069  -0.010520  0.999944  0.001260  0.000082  -0.001260  0.999999  0.999999  0.001654  -0.000222  -0.001654  0.999999  -0.000468  0.000221  0.000468  1.000000  1.000000  0.000000  0.000000  0.000000  1.000000  0.000000  0.000000  0.000000  1.000000  0.999945  0.010520  -0.000069  -0.010520  0.999944  0.001260  0.000082  -0.001260  0.999999  0.000000  0.000000  
44.678868 0.005775  0.092912  -0.001373  0.997511  0.069994  -0.008487  -0.069730  0.997167  0.028191  0.010436  -0.027529  0.999567  0.001170  -0.003779  -0.001473  0.000000  0.000000  0.000000  2.000000  0.999945  0.010520  -0.000069  -0.010520  0.999944  0.001260  0.000082  -0.001260  0.999999  0.999999  0.001036  -0.000239  -0.001036  0.999999  -0.000596  0.000239  0.000596  1.000000  1.000000  0.000000  0.000000  0.000000  1.000000  0.000000  0.000000  0.000000  1.000000  0.999945  0.010520  -0.000069  -0.010520  0.999944  0.001260  0.000082  -0.001260  0.999999  0.000000  0.000000  
44.680114 0.005777  0.092909  -0.001374  0.997511  0.069994  -0.008487  -0.069730  0.997167  0.028191  0.010436  -0.027529  0.999567  0.001216  -0.003598  -0.001422  0.000000  0.000000  0.000000  2.000000  0.999945  0.010520  -0.000069  -0.010520  0.999944  0.001260  0.000082  -0.001260  0.999999  1.000000  0.000830  -0.000245  -0.000831  0.999999  -0.000598  0.000244  0.000598  1.000000  1.000000  0.000000  0.000000  0.000000  1.000000  0.000000  0.000000  0.000000  1.000000  0.999945  0.010520  -0.000069  -0.010520  0.999944  0.001260  0.000082  -0.001260  0.999999  0.000000  0.000000  
44.681117 0.005778  0.092907  -0.001376  0.997511  0.069993  -0.008495  -0.069730  0.997171  0.028070  0.010436  -0.027408  0.999570  0.001209  -0.003495  -0.001401  0.000000  0.000000  0.000000  2.000000  0.999945  0.010520  -0.000069  -0.010520  0.999944  0.001260  0.000082  -0.001260  0.999999  1.000000  0.000625  -0.000250  -0.000625  1.000000  -0.000600  0.000250  0.000600  1.000000  1.000000  0.000000  0.000000  0.000000  1.000000  0.000000  0.000000  0.000000  1.000000  0.999945  0.010520  -0.000069  -0.010520  0.999944  0.001260  0.000082  -0.001260  0.999999  0.000000  0.000000  
44.682118 0.005780  0.092904  -0.001377  0.997526  0.069788  -0.008501  -0.069524  0.997185  0.028069  0.010436  -0.027408  0.999570  0.001233  -0.003399  -0.001363  0.000000  0.000000  0.000000  2.000000  0.999945  0.010520  -0.000069  -0.010520  0.999944  0.001260  0.000082  -0.001260  0.999999  1.000000  0.000213  -0.000262  -0.000213  1.000000  -0.000726  0.000262  0.000726  1.000000  1.000000  0.000000  0.000000  0.000000  1.000000  0.000000  0.000000  0.000000  1.000000  0.999945  0.010520  -0.000069  -0.010520  0.999944  0.001260  0.000082  -0.001260  0.999999  0.000000  0.000000  
44.683367 0.005782  0.092901  -0.001378  0.997526  0.069788  -0.008501  -0.069524  0.997185  0.028069  0.010436  -0.027408  0.999570  0.001272  -0.003232  -0.001265  0.000000  0.000000  0.000000  2.000000  0.999945  0.010520  -0.000069  -0.010520  0.999944  0.001260  0.000082  -0.001260  0.999999  1.000000  0.000213  -0.000262  -0.000213  1.000000  -0.000726  0.000262  0.000726  1.000000  1.000000  0.000000  0.000000  0.000000  1.000000  0.000000  0.000000  0.000000  1.000000  0.999945  0.010520  -0.000069  -0.010520  0.999944  0.001260  0.000082  -0.001260  0.999999  0.000000  0.000000  
44.684613 0.005784  0.092897  -0.001380  0.997540  0.069582  -0.008507  -0.069319  0.997200  0.028067  0.010436  -0.027408  0.999570  0.001355  -0.003097  -0.001214  0.000000  0.000000  0.000000  2.000000  0.999945  0.010520  -0.000069  -0.010520  0.999944  0.001260  0.000082  -0.001260  0.999999  1.000000  -0.000198  -0.000273  0.000198  1.000000  -0.000730  0.000273  0.000730  1.000000  1.000000  0.000000  0.000000  0.000000  1.000000  0.000000  0.000000  0.000000  1.000000  0.999945  0.010520  -0.000069  -0.010520  0.999944  0.001260  0.000082  -0.001260  0.999999  0.000000  0.000000  
44.685614 0.005786  0.092895  -0.001381  0.997540  0.069582  -0.008507  -0.069319  0.997200  0.028067  0.010436  -0.027408  0.999570  0.001424  -0.002965  -0.001183  0.000000  0.000000  0.000000  2.000000  0.999945  0.010520  -0.000069  -0.010520  0.999944  0.001260  0.000082  -0.001260  0.999999  1.000000  -0.000404  -0.000279  0.000404  1.000000  -0.000732  0.000279  0.000732  1.000000  1.000000  0.000000  0.000000  0.000000  1.000000  0.000000  0.000000  0.000000  1.000000  0.999945  0.010520  -0.000069  -0.010520  0.999944  0.001260  0.000082  -0.001260  0.999999  0.000000  0.000000  
44.686864 0.005788  0.092892  -0.001382  0.997540  0.069581  -0.008515  -0.069319  0.997203  0.027946  0.010436  -0.027287  0.999573  0.001484  -0.002866  -0.001196  0.000000  0.000000  0.000000  2.000000  0.999945  0.010520  -0.000069  -0.010520  0.999944  0.001260  0.000082  -0.001260  0.999999  1.000000  -0.000404  -0.000279  0.000404  1.000000  -0.000732  0.000279  0.000732  1.000000  1.000000  0.000000  0.000000  0.000000  1.000000  0.000000  0.000000  0.000000  1.000000  0.999945  0.010520  -0.000069  -0.010520  0.999944  0.001260  0.000082  -0.001260  0.999999  0.000000  0.000000  
44.687864 0.005790  0.092889  -0.001383  0.997554  0.069376  -0.008521  -0.069114  0.997217  0.027944  0.010436  -0.027287  0.999573  0.001507  -0.002814  -0.001186  0.000000  0.000000  0.000000  2.000000  0.999945  0.010520  -0.000069  -0.010520  0.999944  0.001260  0.000082  -0.001260  0.999999  1.000000  -0.000816  -0.000290  0.000816  0.999999  -0.000736  0.000291  0.000736  1.000000  1.000000  0.000000  0.000000  0.000000  1.000000  0.000000  0.000000  0.000000  1.000000  0.999945  0.010520  -0.000069  -0.010520  0.999944  0.001260  0.000082  -0.001260  0.999999  0.000000  0.000000  
44.688864 0.005791  0.092887  -0.001384  0.997554  0.069376  -0.008521  -0.069114  0.997217  0.027944  0.010436  -0.027287  0.999573  0.001495  -0.002771  -0.001199  0.000000  0.000000  0.000000  2.000000  0.999945  0.010520  -0.000069  -0.010520  0.999944  0.001260  0.000082  -0.001260  0.999999  1.000000  -0.000816  -0.000290  0.000816  0.999999  -0.000736  0.000291  0.000736  1.000000  1.000000  0.000000  0.000000  0.000000  1.000000  0.000000  0.000000  0.000000  1.000000  0.999945  0.010520  -0.000069  -0.010520  0.999944  0.001260  0.000082  -0.001260  0.999999  0.000000  0.000000  
44.690114 0.005793  0.092884  -0.001384  0.997568  0.069171  -0.008527  -0.068908  0.997232  0.027942  0.010436  -0.027287  0.999573  0.001565  -0.002661  -0.001115  0.000000  0.000000  0.000000  2.000000  0.999945  0.010520  -0.000069  -0.010520  0.999944  0.001260  0.000082  -0.001260  0.999999  1.000000  -0.000816  -0.000290  0.000816  0.999999  -0.000736  0.000291  0.000736  1.000000  1.000000  0.000000  0.000000  0.000000  1.000000  0.000000  0.000000  0.000000  1.000000  0.999945  0.010520  -0.000069  -0.010520  0.999944  0.001260  0.000082  -0.001260  0.999999  0.000000  0.000000  
44.691371 0.005795  0.092882  -0.001384  0.997568  0.069171  -0.008527  -0.068908  0.997232  0.027942  0.010436  -0.027287  0.999573  0.001578  -0.002540  -0.001036  0.000000  0.000000  0.000000  2.000000  0.999945  0.010520  -0.000069  -0.010520  0.999944  0.001260  0.000082  -0.001260  0.999999  0.999999  -0.001025  -0.000162  0.001025  0.999999  -0.000617  0.000162  0.000617  1.000000  1.000000  0.000000  0.000000  0.000000  1.000000  0.000000  0.000000  0.000000  1.000000  0.999945  0.010520  -0.000069  -0.010520  0.999944  0.001260  0.000082  -0.001260  0.999999  0.000000  0.000000  
44.692619 0.005798  0.092880  -0.001384  0.997567  0.069174  -0.008660  -0.068908  0.997231  0.027952  0.010570  -0.027287  0.999572  0.001623  -0.002432  -0.000881  0.000000  0.000000  0.000000  2.000000  0.999945  0.010520  -0.000069  -0.010520  0.999944  0.001260  0.000082  -0.001260  0.999999  0.999999  -0.001227  -0.000301  0.001227  0.999999  -0.000620  0.000302  0.000619  1.000000  1.000000  0.000000  0.000000  0.000000  1.000000  0.000000  0.000000  0.000000  1.000000  0.999945  0.010520  -0.000069  -0.010520  0.999944  0.001260  0.000082  -0.001260  0.999999  0.000000  0.000000  
