1-Time 2-Px 3-Py 4-Pz 5-R11 6-R21 7-R31 8-R12 9-R22 10-R32 11-R13 12-R23 13-R33 14-Vx 15-Vy 16-Vz 17-Wx 18-Wy 19-Wz 20-state 21-PR11 22-PR21 23-PR31 24-PR12 25-PR22 26-PR32 27-PR13 28-PR23 29-PR33 
64.710442 0.010604  0.090308  -0.006274  0.996387  -0.060163  0.059940  -0.057705  0.038226  0.997602  -0.062310  -0.997456  0.034617  -0.000068  -0.000094  -0.000139  0.000000  0.000000  0.000000  2.000000  1.000000  0.000000  0.000000  0.000000  -0.000000  1.000000  0.000000  -1.000000  -0.000000  1.000000  0.000936  -0.000032  -0.000936  1.000000  0.000000  0.000032  0.000000  1.000000  1.000000  0.000000  0.000000  0.000000  1.000000  0.000000  0.000000  0.000000  1.000000  0.637440  0.559128  0.530138  -0.533451  -0.176212  0.827272  0.555968  -0.810139  0.185943  0.000000  0.000000  
64.711449 0.010604  0.090308  -0.006275  0.996399  -0.060171  0.059735  -0.057500  0.038214  0.997614  -0.062310  -0.997456  0.034617  -0.000086  -0.000128  -0.000198  0.000000  0.000000  0.000000  2.000000  1.000000  0.000000  0.000000  0.000000  -0.000000  1.000000  0.000000  -1.000000  -0.000000  1.000000  0.000802  -0.000028  -0.000802  1.000000  0.000000  0.000028  0.000000  1.000000  1.000000  0.000000  0.000000  0.000000  1.000000  0.000000  0.000000  0.000000  1.000000  1.000000  0.000000  0.000000  0.000000  -0.000000  1.000000  0.000000  -1.000000  -0.000000  0.000000  0.000000  
64.712696 0.010605  0.090305  -0.006278  0.996403  -0.060312  0.059534  -0.057294  0.038209  0.997626  -0.062443  -0.997448  0.034616  0.000015  -0.000297  -0.000431  0.000000  0.000000  0.000000  2.000000  1.000000  0.000000  0.000000  0.000000  -0.000000  1.000000  0.000000  -1.000000  -0.000000  1.000000  0.000654  -0.000434  -0.000654  1.000000  0.000026  0.000434  -0.000026  1.000000  1.000000  0.000000  0.000000  0.000000  1.000000  0.000000  0.000000  0.000000  1.000000  1.000000  0.000000  0.000000  0.000000  -0.000000  1.000000  0.000000  -1.000000  -0.000000  0.000000  0.000000  
64.713946 0.010607  0.090302  -0.006282  0.996418  -0.060461  0.059128  -0.056884  0.038192  0.997650  -0.062577  -0.997440  0.034616  0.000134  -0.000521  -0.000641  0.000000  0.000000  0.000000  2.000000  1.000000  0.000000  0.000000  0.000000  -0.000000  1.000000  0.000000  -1.000000  -0.000000  1.000000  0.000506  -0.000840  -0.000506  1.000000  0.000052  0.000840  -0.000052  1.000000  1.000000  0.000000  0.000000  0.000000  1.000000  0.000000  0.000000  0.000000  1.000000  1.000000  0.000000  0.000000  0.000000  -0.000000  1.000000  0.000000  -1.000000  -0.000000  0.000000  0.000000  
64.714947 0.010609  0.090299  -0.006285  0.996421  -0.060595  0.058935  -0.056678  0.038308  0.997657  -0.062710  -0.997427  0.034737  0.000230  -0.000713  -0.000826  0.000000  0.000000  0.000000  2.000000  1.000000  0.000000  0.000000  0.000000  -0.000000  1.000000  0.000000  -1.000000  -0.000000  0.999999  0.000232  -0.001036  -0.000232  1.000000  -0.000056  0.001036  0.000057  0.999999  1.000000  0.000000  0.000000  0.000000  1.000000  0.000000  0.000000  0.000000  1.000000  1.000000  0.000000  0.000000  0.000000  -0.000000  1.000000  0.000000  -1.000000  -0.000000  0.000000  0.000000  
64.715947 0.010612  0.090296  -0.006287  0.996433  -0.060603  0.058729  -0.056473  0.038296  0.997669  -0.062710  -0.997427  0.034737  0.000477  -0.000910  -0.000984  0.000000  0.000000  0.000000  2.000000  1.000000  0.000000  0.000000  0.000000  -0.000000  1.000000  0.000000  -1.000000  -0.000000  0.999999  0.000232  -0.001036  -0.000232  1.000000  -0.000056  0.001036  0.000057  0.999999  1.000000  0.000000  0.000000  0.000000  1.000000  0.000000  0.000000  0.000000  1.000000  1.000000  0.000000  0.000000  0.000000  -0.000000  1.000000  0.000000  -1.000000  -0.000000  0.000000  0.000000  
64.716948 0.010615  0.090293  -0.006291  0.996436  -0.060744  0.058528  -0.056267  0.038291  0.997681  -0.062844  -0.997419  0.034736  0.000688  -0.001087  -0.001223  0.000000  0.000000  0.000000  2.000000  1.000000  0.000000  0.000000  0.000000  -0.000000  1.000000  0.000000  -1.000000  -0.000000  0.999999  0.000091  -0.001237  -0.000091  1.000000  -0.000044  0.001237  0.000044  0.999999  1.000000  0.000000  0.000000  0.000000  1.000000  0.000000  0.000000  0.000000  1.000000  1.000000  0.000000  0.000000  0.000000  -0.000000  1.000000  0.000000  -1.000000  -0.000000  0.000000  0.000000  
64.718193 0.010620  0.090290  -0.006295  0.996454  -0.061034  0.057922  -0.055651  0.038268  0.997717  -0.063111  -0.997402  0.034736  0.001028  -0.001286  -0.001506  0.000000  0.000000  0.000000  2.000000  1.000000  0.000000  0.000000  0.000000  -0.000000  1.000000  0.000000  -1.000000  -0.000000  0.999998  -0.000198  -0.001843  0.000198  1.000000  -0.000005  0.001843  0.000005  0.999998  1.000000  0.000000  0.000000  0.000000  1.000000  0.000000  0.000000  0.000000  1.000000  1.000000  0.000000  0.000000  0.000000  -0.000000  1.000000  0.000000  -1.000000  -0.000000  0.000000  0.000000  
64.719200 0.010624  0.090287  -0.006300  0.996479  -0.061191  0.057310  -0.055035  0.038238  0.997752  -0.063245  -0.997393  0.034736  0.001314  -0.001551  -0.001857  0.000000  0.000000  0.000000  2.000000  1.000000  0.000000  0.000000  0.000000  -0.000000  1.000000  0.000000  -1.000000  -0.000000  0.999997  -0.000487  -0.002450  0.000487  1.000000  0.000034  0.002450  -0.000035  0.999997  1.000000  0.000000  0.000000  0.000000  1.000000  0.000000  0.000000  0.000000  1.000000  1.000000  0.000000  0.000000  0.000000  -0.000000  1.000000  0.000000  -1.000000  -0.000000  0.000000  0.000000  
64.720453 0.010629  0.090282  -0.006306  0.996516  -0.061355  0.056493  -0.054214  0.038195  0.997799  -0.063378  -0.997385  0.034735  0.001685  -0.001863  -0.002237  0.000000  0.000000  0.000000  2.000000  1.000000  0.000000  0.000000  0.000000  -0.000000  1.000000  0.000000  -1.000000  -0.000000  0.999994  -0.000649  -0.003267  0.000649  1.000000  0.000086  0.003267  -0.000088  0.999995  1.000000  0.000000  0.000000  0.000000  1.000000  0.000000  0.000000  0.000000  1.000000  1.000000  0.000000  0.000000  0.000000  -0.000000  1.000000  0.000000  -1.000000  -0.000000  0.000000  0.000000  
64.721696 0.010635  0.090276  -0.006312  0.996532  -0.061645  0.055886  -0.053598  0.038171  0.997833  -0.063645  -0.997368  0.034735  0.002065  -0.002203  -0.002607  0.000000  0.000000  0.000000  2.000000  1.000000  0.000000  0.000000  0.000000  -0.000000  1.000000  0.000000  -1.000000  -0.000000  0.999992  -0.001071  -0.003869  0.001072  0.999999  0.000124  0.003869  -0.000128  0.999993  1.000000  0.000000  0.000000  0.000000  1.000000  0.000000  0.000000  0.000000  1.000000  1.000000  0.000000  0.000000  0.000000  -0.000000  1.000000  0.000000  -1.000000  -0.000000  0.000000  0.000000  
64.722701 0.010640  0.090272  -0.006317  0.996546  -0.061794  0.055480  -0.053187  0.038153  0.997855  -0.063779  -0.997359  0.034734  0.002431  -0.002450  -0.002903  0.000000  0.000000  0.000000  2.000000  1.000000  0.000000  0.000000  0.000000  -0.000000  1.000000  0.000000  -1.000000  -0.000000  0.999990  -0.001219  -0.004275  0.001220  0.999999  0.000150  0.004275  -0.000155  0.999991  1.000000  0.000000  0.000000  0.000000  1.000000  0.000000  0.000000  0.000000  1.000000  1.000000  0.000000  0.000000  0.000000  -0.000000  1.000000  0.000000  -1.000000  -0.000000  0.000000  0.000000  
64.723950 0.010646  0.090266  -0.006325  0.996553  -0.062211  0.054885  -0.052570  0.038257  0.997884  -0.064179  -0.997330  0.034854  0.002857  -0.002868  -0.003466  0.002855  0.171226  -0.041950  2.000000  1.000000  -0.000019  -0.000064  0.000064  -0.000001  1.000000  -0.000019  -1.000000  -0.000001  0.999986  -0.001516  -0.005087  0.001516  0.999999  0.000080  0.005087  -0.000087  0.999987  1.000000  -0.000019  -0.000064  0.000019  1.000000  0.000001  0.000064  -0.000001  1.000000  1.000000  -0.000019  -0.000064  0.000064  -0.000001  1.000000  -0.000019  -1.000000  -0.000001  0.000044  0.005308  
64.725201 0.010651  0.090260  -0.006334  0.996589  -0.062517  0.053867  -0.051543  0.038206  0.997940  -0.064446  -0.997312  0.034854  0.003201  -0.003289  -0.004096  0.005070  0.205245  -0.056629  2.000000  1.000000  -0.000136  -0.000406  0.000406  -0.000008  1.000000  -0.000136  -1.000000  -0.000008  0.999980  -0.002079  -0.005890  0.002080  0.999998  0.000130  0.005889  -0.000143  0.999983  1.000000  -0.000026  -0.000074  0.000026  1.000000  0.000002  0.000074  -0.000002  1.000000  1.000000  -0.000136  -0.000406  0.000406  -0.000008  1.000000  -0.000136  -1.000000  -0.000008  0.000052  0.006247  
64.726454 0.010656  0.090253  -0.006343  0.996605  -0.062942  0.053067  -0.050721  0.038296  0.997978  -0.064847  -0.997282  0.034974  0.003559  -0.003700  -0.004620  0.002804  0.232335  -0.071073  2.000000  1.000000  -0.000250  -0.000726  0.000726  -0.000017  1.000000  -0.000250  -1.000000  -0.000016  0.999975  -0.002375  -0.006702  0.002376  0.999997  0.000182  0.006701  -0.000198  0.999978  1.000000  -0.000030  -0.000084  0.000030  1.000000  0.000002  0.000084  -0.000002  1.000000  1.000000  -0.000250  -0.000726  0.000726  -0.000017  1.000000  -0.000250  -1.000000  -0.000016  0.000059  0.007112  
64.727700 0.010662  0.090246  -0.006352  0.996619  -0.063232  0.052460  -0.050105  0.038271  0.998010  -0.065114  -0.997265  0.034973  0.003862  -0.004005  -0.004962  0.004148  0.252590  -0.085282  2.000000  0.999999  -0.000416  -0.001173  0.001173  -0.000023  0.999999  -0.000416  -1.000000  -0.000022  0.999968  -0.002939  -0.007504  0.002940  0.999996  0.000111  0.007504  -0.000133  0.999972  1.000000  -0.000037  -0.000094  0.000037  1.000000  0.000002  0.000094  -0.000002  1.000000  0.999999  -0.000416  -0.001173  0.001173  -0.000023  0.999999  -0.000416  -1.000000  -0.000022  0.000066  0.008060  
64.728949 0.010668  0.090239  -0.006360  0.996643  -0.063524  0.051655  -0.049283  0.038353  0.998048  -0.065381  -0.997243  0.035094  0.004161  -0.004220  -0.005265  0.001880  0.279791  -0.095223  2.000000  0.999998  -0.000607  -0.001665  0.001665  -0.000029  0.999999  -0.000607  -1.000000  -0.000028  0.999962  -0.003229  -0.008110  0.003229  0.999995  0.000028  0.008110  -0.000054  0.999967  1.000000  -0.000040  -0.000101  0.000040  1.000000  0.000001  0.000101  -0.000001  1.000000  0.999998  -0.000607  -0.001665  0.001665  -0.000029  0.999999  -0.000607  -1.000000  -0.000028  0.000072  0.008729  
64.730198 0.010674  0.090232  -0.006369  0.996665  -0.063822  0.050842  -0.048462  0.038314  0.998090  -0.065648  -0.997226  0.035093  0.004348  -0.004405  -0.005608  0.003696  0.307171  -0.105208  2.000000  0.999997  -0.000817  -0.002205  0.002205  -0.000034  0.999998  -0.000817  -1.000000  -0.000033  0.999954  -0.003524  -0.008922  0.003525  0.999994  0.000079  0.008922  -0.000111  0.999960  1.000000  -0.000044  -0.000112  0.000044  1.000000  0.000001  0.000112  -0.000001  1.000000  0.999997  -0.000817  -0.002205  0.002205  -0.000034  0.999998  -0.000817  -1.000000  -0.000033  0.000080  0.009594  
64.731448 0.010681  0.090226  -0.006380  0.996687  -0.064114  0.050038  -0.047640  0.038395  0.998126  -0.065915  -0.997204  0.035213  0.004518  -0.004616  -0.006140  0.001421  0.334282  -0.119669  2.000000  0.999996  -0.001051  -0.002793  0.002793  -0.000038  0.999996  -0.001051  -0.999999  -0.000035  0.999945  -0.003955  -0.009729  0.003955  0.999992  0.000008  0.009729  -0.000046  0.999953  1.000000  -0.000049  -0.000122  0.000049  1.000000  0.000000  0.000122  -0.000000  1.000000  0.999996  -0.001051  -0.002793  0.002793  -0.000038  0.999996  -0.001051  -0.999999  -0.000035  0.000087  0.010502  
64.732697 0.010687  0.090220  -0.006391  0.996709  -0.064412  0.049225  -0.046818  0.038355  0.998167  -0.066182  -0.997186  0.035213  0.004620  -0.004800  -0.006539  0.003250  0.361575  -0.129627  2.000000  0.999993  -0.001308  -0.003421  0.003421  -0.000042  0.999994  -0.001308  -0.999999  -0.000038  0.999938  -0.004244  -0.010336  0.004245  0.999991  0.000046  0.010335  -0.000090  0.999947  1.000000  -0.000053  -0.000129  0.000053  1.000000  0.000001  0.000129  -0.000001  1.000000  0.999993  -0.001308  -0.003421  0.003421  -0.000042  0.999994  -0.001308  -0.999999  -0.000038  0.000094  0.011173  
64.733698 0.010692  0.090216  -0.006401  0.996720  -0.064696  0.048626  -0.046202  0.038448  0.998192  -0.066449  -0.997164  0.035333  0.004669  -0.004874  -0.006903  0.000563  0.381976  -0.139371  2.000000  0.999991  -0.001517  -0.003943  0.003943  -0.000044  0.999992  -0.001517  -0.999999  -0.000038  0.999935  -0.004252  -0.010540  0.004252  0.999991  -0.000061  0.010540  0.000016  0.999944  1.000000  -0.000053  -0.000132  0.000053  1.000000  -0.000000  0.000132  0.000000  1.000000  0.999991  -0.001517  -0.003943  0.003943  -0.000044  0.999992  -0.001517  -0.999999  -0.000038  0.000100  0.011366  
64.734946 0.010698  0.090209  -0.006413  0.996739  -0.064853  0.048014  -0.045586  0.038414  0.998222  -0.066582  -0.997155  0.035333  0.004756  -0.004982  -0.007350  0.001903  0.402304  -0.149063  2.000000  0.999988  -0.001733  -0.004488  0.004488  -0.000044  0.999990  -0.001733  -0.999998  -0.000036  0.999928  -0.004407  -0.011151  0.004407  0.999990  -0.000021  0.011151  -0.000028  0.999938  1.000000  -0.000055  -0.000139  0.000055  1.000000  0.000000  0.000139  -0.000000  1.000000  0.999988  -0.001733  -0.004488  0.004488  -0.000044  0.999990  -0.001733  -0.999998  -0.000036  0.000107  0.011991  
64.735950 0.010704  0.090204  -0.006423  0.996749  -0.065138  0.047415  -0.044970  0.038507  0.998246  -0.066849  -0.997133  0.035453  0.004834  -0.005048  -0.007666  -0.000775  0.422673  -0.158801  2.000000  0.999985  -0.001954  -0.005048  0.005048  -0.000047  0.999987  -0.001954  -0.999998  -0.000037  0.999926  -0.004416  -0.011356  0.004416  0.999990  -0.000007  0.011356  -0.000043  0.999936  1.000000  -0.000055  -0.000142  0.000055  1.000000  0.000000  0.000142  -0.000000  1.000000  0.999985  -0.001954  -0.005048  0.005048  -0.000047  0.999987  -0.001954  -0.999998  -0.000037  0.000111  0.012185  
64.736954 0.010709  0.090199  -0.006433  0.996768  -0.065295  0.046803  -0.044354  0.038473  0.998275  -0.066983  -0.997124  0.035453  0.004863  -0.005091  -0.008030  0.000568  0.443038  -0.168507  2.000000  0.999982  -0.002182  -0.005633  0.005633  -0.000050  0.999984  -0.002182  -0.999998  -0.000038  0.999920  -0.004564  -0.011762  0.004564  0.999990  0.000020  0.011762  -0.000074  0.999931  1.000000  -0.000057  -0.000147  0.000057  1.000000  0.000001  0.000147  -0.000001  1.000000  0.999982  -0.002182  -0.005633  0.005633  -0.000050  0.999984  -0.002182  -0.999998  -0.000038  0.000117  0.012617  
64.738192 0.010715  0.090194  -0.006444  0.996786  -0.065588  0.045999  -0.043532  0.038552  0.998308  -0.067250  -0.997102  0.035573  0.004875  -0.005080  -0.008249  -0.001654  0.470448  -0.178546  2.000000  0.999977  -0.002473  -0.006386  0.006386  -0.000055  0.999980  -0.002473  -0.999997  -0.000039  0.999917  -0.004706  -0.011962  0.004705  0.999989  -0.000086  0.011962  0.000030  0.999928  1.000000  -0.000059  -0.000150  0.000059  1.000000  -0.000001  0.000150  0.000001  1.000000  0.999977  -0.002473  -0.006386  0.006386  -0.000055  0.999980  -0.002473  -0.999997  -0.000039  0.000124  0.012855  
64.739199 0.010720  0.090189  -0.006454  0.996795  -0.065737  0.045592  -0.043121  0.038531  0.998327  -0.067383  -0.997093  0.035573  0.004878  -0.005071  -0.008436  -0.000723  0.484013  -0.183497  2.000000  0.999972  -0.002707  -0.006990  0.006989  -0.000054  0.999976  -0.002707  -0.999996  -0.000035  0.999915  -0.004713  -0.012167  0.004713  0.999989  -0.000072  0.012167  0.000014  0.999926  1.000000  -0.000059  -0.000152  0.000059  1.000000  -0.000001  0.000152  0.000001  1.000000  0.999972  -0.002707  -0.006990  0.006989  -0.000054  0.999976  -0.002707  -0.999996  -0.000035  0.000129  0.013048  
64.740451 0.010727  0.090183  -0.006465  0.996821  -0.065896  0.044783  -0.042300  0.038603  0.998359  -0.067517  -0.997079  0.035693  0.004956  -0.005022  -0.008604  -0.003003  0.511320  -0.193500  2.000000  0.999966  -0.002996  -0.007737  0.007737  -0.000051  0.999970  -0.002996  -0.999996  -0.000028  0.999918  -0.004574  -0.011966  0.004572  0.999990  -0.000203  0.011967  0.000148  0.999928  1.000000  -0.000057  -0.000150  0.000057  1.000000  -0.000002  0.000150  0.000002  1.000000  0.999966  -0.002996  -0.007737  0.007737  -0.000051  0.999970  -0.002996  -0.999996  -0.000028  0.000135  0.012812  
64.741700 0.010734  0.090176  -0.006476  0.996838  -0.066048  0.044179  -0.041684  0.038689  0.998381  -0.067650  -0.997066  0.035814  0.005079  -0.004962  -0.008756  -0.006147  0.525013  -0.198537  2.000000  0.999960  -0.003226  -0.008341  0.008341  -0.000044  0.999965  -0.003227  -0.999995  -0.000017  0.999915  -0.004581  -0.012171  0.004579  0.999989  -0.000188  0.012172  0.000132  0.999926  1.000000  -0.000057  -0.000152  0.000057  1.000000  -0.000002  0.000152  0.000002  1.000000  0.999960  -0.003226  -0.008341  0.008341  -0.000044  0.999965  -0.003227  -0.999995  -0.000017  0.000139  0.013006  
64.742954 0.010741  0.090170  -0.006486  0.996863  -0.066213  0.043362  -0.040863  0.038641  0.998417  -0.067784  -0.997057  0.035814  0.005148  -0.004965  -0.008810  -0.005172  0.538612  -0.198951  2.000000  0.999952  -0.003509  -0.009101  0.009101  -0.000029  0.999959  -0.003509  -0.999994  0.000003  0.999916  -0.004449  -0.012175  0.004445  0.999990  -0.000306  0.012176  0.000252  0.999926  1.000000  -0.000056  -0.000152  0.000056  1.000000  -0.000003  0.000152  0.000003  1.000000  0.999952  -0.003509  -0.009101  0.009101  -0.000029  0.999959  -0.003509  -0.999994  0.000003  0.000142  0.012966  
64.743959 0.010748  0.090165  -0.006493  0.996871  -0.066357  0.042963  -0.040452  0.038740  0.998430  -0.067917  -0.997044  0.035934  0.005288  -0.004877  -0.008887  -0.008723  0.545464  -0.199216  2.000000  0.999946  -0.003731  -0.009718  0.009718  -0.000013  0.999953  -0.003730  -0.999993  0.000023  0.999913  -0.004457  -0.012380  0.004453  0.999990  -0.000413  0.012381  0.000358  0.999923  1.000000  -0.000056  -0.000155  0.000056  1.000000  -0.000005  0.000155  0.000005  1.000000  0.999946  -0.003731  -0.009718  0.009718  -0.000013  0.999953  -0.003730  -0.999993  0.000023  0.000145  0.013164  
64.745200 0.010756  0.090160  -0.006504  0.996886  -0.066509  0.042360  -0.039836  0.038825  0.998452  -0.068051  -0.997030  0.036055  0.005421  -0.004784  -0.008953  -0.007747  0.559434  -0.199844  2.000000  0.999937  -0.003997  -0.010479  0.010479  0.000003  0.999945  -0.003997  -0.999992  0.000045  0.999917  -0.004183  -0.012184  0.004179  0.999991  -0.000300  0.012185  0.000249  0.999926  1.000000  -0.000052  -0.000152  0.000052  1.000000  -0.000003  0.000152  0.000003  1.000000  0.999937  -0.003997  -0.010479  0.010479  0.000003  0.999945  -0.003997  -0.999992  0.000045  0.000149  0.012885  
64.746454 0.010765  0.090155  -0.006515  0.996902  -0.066667  0.041748  -0.039220  0.038789  0.998477  -0.068184  -0.997021  0.036055  0.005605  -0.004711  -0.008990  -0.006764  0.573156  -0.200308  2.000000  0.999928  -0.004249  -0.011218  0.011218  0.000026  0.999937  -0.004249  -0.999991  0.000074  0.999925  -0.003895  -0.011577  0.003890  0.999992  -0.000456  0.011578  0.000411  0.999933  1.000000  -0.000049  -0.000145  0.000049  1.000000  -0.000005  0.000145  0.000005  1.000000  0.999928  -0.004249  -0.011218  0.011218  0.000026  0.999937  -0.004249  -0.999991  0.000074  0.000149  0.012222  
64.747693 0.010774  0.090149  -0.006527  0.996908  -0.066811  0.041350  -0.038809  0.038888  0.998490  -0.068318  -0.997008  0.036175  0.005788  -0.004757  -0.009045  -0.011134  0.562054  -0.198618  2.000000  0.999919  -0.004486  -0.011934  0.011934  0.000051  0.999929  -0.004485  -0.999990  0.000104  0.999928  -0.003755  -0.011375  0.003750  0.999993  -0.000466  0.011377  0.000423  0.999935  1.000000  -0.000047  -0.000142  0.000047  1.000000  -0.000006  0.000142  0.000006  1.000000  0.999919  -0.004486  -0.011934  0.011934  0.000051  0.999929  -0.004485  -0.999990  0.000104  0.000151  0.011988  
64.748699 0.010780  0.090144  -0.006536  0.996915  -0.066955  0.040951  -0.038398  0.038987  0.998502  -0.068451  -0.996994  0.036296  0.005936  -0.004803  -0.009034  -0.015635  0.559531  -0.195410  2.000000  0.999911  -0.004667  -0.012495  0.012495  0.000071  0.999922  -0.004666  -0.999989  0.000130  0.999931  -0.003614  -0.011175  0.003609  0.999993  -0.000476  0.011176  0.000436  0.999937  1.000000  -0.000045  -0.000140  0.000045  1.000000  -0.000006  0.000140  0.000006  1.000000  0.999911  -0.004667  -0.012495  0.012495  0.000071  0.999922  -0.004666  -0.999989  0.000130  0.000149  0.011754  
64.749715 0.010788  0.090139  -0.006545  0.996931  -0.066971  0.040540  -0.037988  0.038959  0.998518  -0.068451  -0.996994  0.036296  0.006059  -0.004733  -0.008916  -0.016045  0.552520  -0.190578  2.000000  0.999905  -0.004799  -0.012911  0.012912  0.000087  0.999917  -0.004798  -0.999988  0.000149  0.999931  -0.003482  -0.011179  0.003477  0.999994  -0.000475  0.011181  0.000436  0.999937  1.000000  -0.000043  -0.000140  0.000043  1.000000  -0.000006  0.000140  0.000006  1.000000  0.999905  -0.004799  -0.012911  0.012912  0.000087  0.999917  -0.004798  -0.999988  0.000149  0.000148  0.011718  
64.750960 0.010798  0.090134  -0.006555  0.996945  -0.067128  0.039928  -0.037372  0.038923  0.998543  -0.068585  -0.996985  0.036295  0.006299  -0.004676  -0.008774  -0.015971  0.552532  -0.190583  2.000000  0.999897  -0.004968  -0.013463  0.013463  0.000108  0.999909  -0.004966  -0.999988  0.000175  0.999934  -0.003341  -0.010979  0.003336  0.999994  -0.000485  0.010980  0.000448  0.999940  1.000000  -0.000042  -0.000137  0.000042  1.000000  -0.000006  0.000137  0.000006  1.000000  0.999897  -0.004968  -0.013463  0.013463  0.000108  0.999909  -0.004966  -0.999988  0.000175  0.000145  0.011485  
64.752192 0.010808  0.090128  -0.006566  0.996960  -0.067145  0.039517  -0.036961  0.038895  0.998559  -0.068585  -0.996985  0.036295  0.006522  -0.004664  -0.008756  -0.016232  0.541858  -0.179995  2.000000  0.999887  -0.005170  -0.014141  0.014142  0.000130  0.999900  -0.005168  -0.999987  0.000203  0.999937  -0.003066  -0.010783  0.003062  0.999995  -0.000374  0.010784  0.000341  0.999942  1.000000  -0.000038  -0.000135  0.000038  1.000000  -0.000004  0.000135  0.000004  1.000000  0.999887  -0.005170  -0.014141  0.014142  0.000130  0.999900  -0.005168  -0.999987  0.000203  0.000144  0.011216  
64.753193 0.010815  0.090123  -0.006575  0.996976  -0.067156  0.039114  -0.036551  0.038989  0.998571  -0.068585  -0.996980  0.036416  0.006710  -0.004702  -0.008712  -0.020237  0.541959  -0.175555  2.000000  0.999878  -0.005319  -0.014670  0.014671  0.000148  0.999892  -0.005316  -0.999986  0.000226  0.999940  -0.002926  -0.010582  0.002921  0.999996  -0.000508  0.010583  0.000477  0.999944  1.000000  -0.000037  -0.000132  0.000037  1.000000  -0.000006  0.000132  0.000006  1.000000  0.999878  -0.005319  -0.014670  0.014671  0.000148  0.999892  -0.005316  -0.999986  0.000226  0.000144  0.010990  
64.754199 0.010822  0.090117  -0.006585  0.996990  -0.067172  0.038703  -0.036140  0.038961  0.998587  -0.068585  -0.996980  0.036416  0.006785  -0.004789  -0.008760  -0.016574  0.535343  -0.166404  2.000000  0.999870  -0.005456  -0.015181  0.015183  0.000170  0.999885  -0.005453  -0.999985  0.000253  0.999945  -0.002644  -0.010181  0.002640  0.999996  -0.000411  0.010182  0.000384  0.999948  1.000000  -0.000033  -0.000127  0.000033  1.000000  -0.000005  0.000127  0.000005  1.000000  0.999870  -0.005456  -0.015181  0.015183  0.000170  0.999885  -0.005453  -0.999985  0.000253  0.000140  0.010526  
64.755454 0.010830  0.090109  -0.006598  0.996989  -0.067313  0.038502  -0.035934  0.038952  0.998595  -0.068718  -0.996971  0.036416  0.006982  -0.004903  -0.008856  -0.018410  0.512507  -0.157813  2.000000  0.999859  -0.005612  -0.015797  0.015799  0.000194  0.999875  -0.005609  -0.999984  0.000283  0.999951  -0.002489  -0.009570  0.002484  0.999997  -0.000449  0.009571  0.000425  0.999954  1.000000  -0.000031  -0.000120  0.000031  1.000000  -0.000005  0.000120  0.000005  1.000000  0.999859  -0.005612  -0.015797  0.015799  0.000194  0.999875  -0.005609  -0.999984  0.000283  0.000135  0.009898  
64.756700 0.010839  0.090101  -0.006610  0.997003  -0.067329  0.038091  -0.035524  0.038924  0.998611  -0.068718  -0.996971  0.036416  0.007020  -0.005047  -0.008967  -0.015155  0.499195  -0.143874  2.000000  0.999849  -0.005760  -0.016390  0.016392  0.000213  0.999866  -0.005755  -0.999983  0.000308  0.999954  -0.002214  -0.009374  0.002211  0.999997  -0.000339  0.009375  0.000318  0.999956  1.000000  -0.000028  -0.000117  0.000028  1.000000  -0.000004  0.000117  0.000004  1.000000  0.999849  -0.005760  -0.016390  0.016392  0.000213  0.999866  -0.005755  -0.999983  0.000308  0.000131  0.009638  
64.757956 0.010848  0.090093  -0.006623  0.997009  -0.067479  0.037685  -0.035113  0.038901  0.998626  -0.068852  -0.996962  0.036416  0.007140  -0.005109  -0.009166  -0.015981  0.485527  -0.138879  2.000000  0.999841  -0.005870  -0.016849  0.016850  0.000229  0.999858  -0.005866  -0.999983  0.000327  0.999956  -0.002206  -0.009169  0.002203  0.999998  -0.000351  0.009170  0.000331  0.999958  1.000000  -0.000028  -0.000115  0.000028  1.000000  -0.000004  0.000115  0.000004  1.000000  0.999841  -0.005870  -0.016849  0.016850  0.000229  0.999858  -0.005866  -0.999983  0.000327  0.000129  0.009437  
64.759196 0.010858  0.090085  -0.006636  0.997016  -0.067487  0.037479  -0.034908  0.038888  0.998634  -0.068852  -0.996962  0.036416  0.007261  -0.005279  -0.009390  -0.012697  0.468066  -0.132838  2.000000  0.999831  -0.005996  -0.017396  0.017398  0.000246  0.999849  -0.005991  -0.999982  0.000351  0.999962  -0.001917  -0.008563  0.001915  0.999998  -0.000269  0.008563  0.000252  0.999963  1.000000  -0.000024  -0.000107  0.000024  1.000000  -0.000003  0.000107  0.000003  1.000000  0.999831  -0.005996  -0.017396  0.017398  0.000246  0.999849  -0.005991  -0.999982  0.000351  0.000123  0.008779  
64.760196 0.010865  0.090079  -0.006646  0.997023  -0.067495  0.037274  -0.034703  0.038874  0.998641  -0.068852  -0.996962  0.036416  0.007256  -0.005423  -0.009497  -0.013555  0.454624  -0.123412  2.000000  0.999823  -0.006087  -0.017819  0.017821  0.000258  0.999841  -0.006081  -0.999981  0.000367  0.999963  -0.001776  -0.008362  0.001773  0.999998  -0.000282  0.008363  0.000267  0.999965  1.000000  -0.000022  -0.000105  0.000022  1.000000  -0.000003  0.000105  0.000003  1.000000  0.999823  -0.006087  -0.017819  0.017821  0.000258  0.999841  -0.006081  -0.999981  0.000367  0.000119  0.008553  
64.761450 0.010873  0.090070  -0.006659  0.997037  -0.067511  0.036863  -0.034292  0.038846  0.998657  -0.068852  -0.996962  0.036416  0.007194  -0.005653  -0.009614  -0.010896  0.438074  -0.110214  2.000000  0.999813  -0.006190  -0.018324  0.018326  0.000272  0.999832  -0.006184  -0.999981  0.000385  0.999967  -0.001627  -0.007956  0.001626  0.999999  -0.000187  0.007957  0.000174  0.999968  1.000000  -0.000020  -0.000099  0.000020  1.000000  -0.000002  0.000099  0.000002  1.000000  0.999813  -0.006190  -0.018324  0.018326  0.000272  0.999832  -0.006184  -0.999981  0.000385  0.000115  0.008123  
64.762451 0.010879  0.090064  -0.006669  0.997054  -0.067385  0.036652  -0.034087  0.038827  0.998664  -0.068718  -0.996971  0.036416  0.007159  -0.005724  -0.009655  -0.011831  0.424669  -0.100748  2.000000  0.999805  -0.006264  -0.018702  0.018704  0.000279  0.999825  -0.006258  -0.999980  0.000396  0.999970  -0.001479  -0.007551  0.001478  0.999999  -0.000092  0.007551  0.000081  0.999971  1.000000  -0.000018  -0.000094  0.000018  1.000000  -0.000001  0.000094  0.000001  1.000000  0.999805  -0.006264  -0.018702  0.018704  0.000279  0.999825  -0.006258  -0.999980  0.000396  0.000112  0.007695  
64.763696 0.010887  0.090056  -0.006682  0.997061  -0.067393  0.036446  -0.033882  0.038814  0.998672  -0.068718  -0.996971  0.036416  0.007117  -0.005878  -0.009696  -0.008562  0.407832  -0.090545  2.000000  0.999796  -0.006341  -0.019151  0.019153  0.000285  0.999817  -0.006334  -0.999980  0.000406  0.999975  -0.001189  -0.006945  0.001188  0.999999  -0.000133  0.006945  0.000125  0.999976  1.000000  -0.000015  -0.000087  0.000015  1.000000  -0.000002  0.000087  0.000002  1.000000  0.999796  -0.006341  -0.019151  0.019153  0.000285  0.999817  -0.006334  -0.999980  0.000406  0.000105  0.007047  
64.764698 0.010894  0.090049  -0.006692  0.997068  -0.067401  0.036241  -0.033677  0.038800  0.998679  -0.068718  -0.996971  0.036416  0.007066  -0.006005  -0.009834  -0.009545  0.397701  -0.086333  2.000000  0.999790  -0.006397  -0.019493  0.019495  0.000284  0.999810  -0.006390  -0.999979  0.000409  0.999977  -0.001048  -0.006744  0.001048  0.999999  -0.000025  0.006744  0.000018  0.999977  1.000000  -0.000013  -0.000084  0.000013  1.000000  -0.000000  0.000084  0.000000  1.000000  0.999790  -0.006397  -0.019493  0.019495  0.000284  0.999810  -0.006390  -0.999979  0.000409  0.000103  0.006825  
64.765953 0.010901  0.090040  -0.006706  0.997074  -0.067414  0.036027  -0.033471  0.038665  0.998692  -0.068718  -0.996976  0.036295  0.006877  -0.006234  -0.010043  -0.002741  0.377116  -0.076556  2.000000  0.999783  -0.006446  -0.019817  0.019820  0.000281  0.999804  -0.006439  -0.999979  0.000408  0.999980  -0.000899  -0.006339  0.000899  1.000000  0.000070  0.006339  -0.000075  0.999980  1.000000  -0.000011  -0.000079  0.000011  1.000000  0.000001  0.000079  -0.000001  1.000000  0.999783  -0.006446  -0.019817  0.019820  0.000281  0.999804  -0.006439  -0.999979  0.000408  0.000099  0.006403  
64.766954 0.010906  0.090033  -0.006718  0.997081  -0.067422  0.035822  -0.033266  0.038651  0.998699  -0.068718  -0.996976  0.036295  0.006669  -0.006491  -0.010291  -0.003630  0.363672  -0.067079  2.000000  0.999776  -0.006488  -0.020127  0.020129  0.000271  0.999797  -0.006482  -0.999979  0.000401  0.999981  -0.000758  -0.006138  0.000759  1.000000  0.000178  0.006138  -0.000182  0.999981  1.000000  -0.000009  -0.000077  0.000009  1.000000  0.000002  0.000077  -0.000002  1.000000  0.999776  -0.006488  -0.020127  0.020129  0.000271  0.999797  -0.006482  -0.999979  0.000401  0.000094  0.006187  
64.768193 0.010912  0.090023  -0.006733  0.997088  -0.067429  0.035616  -0.033061  0.038637  0.998706  -0.068718  -0.996976  0.036295  0.006424  -0.006699  -0.010536  -0.000470  0.350276  -0.062153  2.000000  0.999769  -0.006533  -0.020495  0.020497  0.000255  0.999790  -0.006527  -0.999979  0.000389  0.999983  -0.000609  -0.005733  0.000611  1.000000  0.000272  0.005732  -0.000275  0.999984  1.000000  -0.000008  -0.000072  0.000008  1.000000  0.000003  0.000072  -0.000003  1.000000  0.999769  -0.006533  -0.020495  0.020497  0.000255  0.999790  -0.006527  -0.999979  0.000389  0.000088  0.005771  
64.769446 0.010917  0.090013  -0.006749  0.997088  -0.067429  0.035616  -0.033061  0.038637  0.998706  -0.068718  -0.996976  0.036295  0.006212  -0.006878  -0.010745  -0.001844  0.326889  -0.056420  2.000000  0.999761  -0.006569  -0.020843  0.020845  0.000238  0.999783  -0.006563  -0.999978  0.000375  0.999986  -0.000461  -0.005327  0.000462  1.000000  0.000245  0.005327  -0.000247  0.999986  1.000000  -0.000006  -0.000067  0.000006  1.000000  0.000003  0.000067  -0.000003  1.000000  0.999761  -0.006569  -0.020843  0.020845  0.000238  0.999783  -0.006563  -0.999978  0.000375  0.000085  0.005352  
64.770446 0.010921  0.090005  -0.006761  0.997095  -0.067442  0.035402  -0.032856  0.038502  0.998718  -0.068718  -0.996980  0.036174  0.006049  -0.006968  -0.010913  0.005331  0.313333  -0.051464  2.000000  0.999756  -0.006591  -0.021102  0.021104  0.000218  0.999777  -0.006585  -0.999978  0.000357  0.999987  -0.000453  -0.005122  0.000455  1.000000  0.000473  0.005121  -0.000475  0.999987  1.000000  -0.000006  -0.000064  0.000006  1.000000  0.000006  0.000064  -0.000006  1.000000  0.999756  -0.006591  -0.021102  0.021104  0.000218  0.999777  -0.006585  -0.999978  0.000357  0.000080  0.005163  
64.771446 0.010925  0.089997  -0.006774  0.997104  -0.067308  0.035397  -0.032856  0.038497  0.998718  -0.068585  -0.996989  0.036174  0.005834  -0.007069  -0.011114  0.003928  0.293085  -0.041803  2.000000  0.999756  -0.006591  -0.021102  0.021104  0.000218  0.999777  -0.006585  -0.999978  0.000357  0.999990  -0.000163  -0.004516  0.000165  1.000000  0.000432  0.004515  -0.000432  0.999990  1.000000  0.000000  0.000000  0.000000  1.000000  0.000000  0.000000  0.000000  1.000000  0.999756  -0.006591  -0.021102  0.021104  0.000218  0.999777  -0.006585  -0.999978  0.000357  0.000076  0.000000  
64.772449 0.010930  0.089989  -0.006787  0.997111  -0.067316  0.035192  -0.032651  0.038484  0.998726  -0.068585  -0.996989  0.036174  0.005650  -0.007177  -0.011302  0.007524  0.286460  -0.037125  2.000000  0.999756  -0.006591  -0.021102  0.021104  0.000218  0.999777  -0.006585  -0.999978  0.000357  0.999991  -0.000156  -0.004310  0.000158  1.000000  0.000417  0.004310  -0.000418  0.999991  1.000000  0.000000  0.000000  0.000000  1.000000  0.000000  0.000000  0.000000  1.000000  0.999756  -0.006591  -0.021102  0.021104  0.000218  0.999777  -0.006585  -0.999978  0.000357  0.000073  0.000000  
64.773451 0.010934  0.089982  -0.006800  0.997111  -0.067316  0.035192  -0.032651  0.038484  0.998726  -0.068585  -0.996989  0.036174  0.005424  -0.007217  -0.011426  0.010186  0.266500  -0.036478  2.000000  0.999756  -0.006591  -0.021102  0.021104  0.000218  0.999777  -0.006585  -0.999978  0.000357  0.999992  -0.000141  -0.003900  0.000143  1.000000  0.000511  0.003900  -0.000511  0.999992  1.000000  0.000000  0.000000  0.000000  1.000000  0.000000  0.000000  0.000000  1.000000  0.999756  -0.006591  -0.021102  0.021104  0.000218  0.999777  -0.006585  -0.999978  0.000357  0.000069  0.000000  
64.774696 0.010939  0.089973  -0.006816  0.997127  -0.067195  0.034973  -0.032446  0.038344  0.998738  -0.068451  -0.997003  0.036054  0.005222  -0.007245  -0.011646  0.013288  0.252695  -0.022513  2.000000  0.999756  -0.006591  -0.021102  0.021104  0.000218  0.999777  -0.006585  -0.999978  0.000357  0.999993  0.000001  -0.003699  0.000002  1.000000  0.000618  0.003699  -0.000618  0.999993  1.000000  0.000000  0.000000  0.000000  1.000000  0.000000  0.000000  0.000000  1.000000  0.999756  -0.006591  -0.021102  0.021104  0.000218  0.999777  -0.006585  -0.999978  0.000357  0.000065  0.000000  
64.775699 0.010944  0.089966  -0.006829  0.997127  -0.067195  0.034973  -0.032446  0.038344  0.998738  -0.068451  -0.997003  0.036054  0.005063  -0.007273  -0.011869  0.016075  0.234265  -0.017473  2.000000  0.999756  -0.006591  -0.021102  0.021104  0.000218  0.999777  -0.006585  -0.999978  0.000357  0.999994  0.000142  -0.003499  -0.000140  1.000000  0.000604  0.003499  -0.000604  0.999994  1.000000  0.000000  0.000000  0.000000  1.000000  0.000000  0.000000  0.000000  1.000000  0.999756  -0.006591  -0.021102  0.021104  0.000218  0.999777  -0.006585  -0.999978  0.000357  0.000060  0.000000  
64.776700 0.010948  0.089959  -0.006842  0.997136  -0.067062  0.034968  -0.032446  0.038340  0.998738  -0.068318  -0.997012  0.036054  0.004947  -0.007297  -0.012014  0.019190  0.220605  -0.012491  2.000000  0.999756  -0.006591  -0.021102  0.021104  0.000218  0.999777  -0.006585  -0.999978  0.000357  0.999995  0.000156  -0.003088  -0.000155  1.000000  0.000576  0.003089  -0.000575  0.999995  1.000000  0.000000  0.000000  0.000000  1.000000  0.000000  0.000000  0.000000  1.000000  0.999756  -0.006591  -0.021102  0.021104  0.000218  0.999777  -0.006585  -0.999978  0.000357  0.000057  0.000000  
64.777954 0.010955  0.089950  -0.006859  0.997136  -0.067066  0.034960  -0.032446  0.038219  0.998743  -0.068318  -0.997016  0.035933  0.004798  -0.007389  -0.012354  0.022329  0.206904  -0.007482  2.000000  0.999756  -0.006591  -0.021102  0.021104  0.000218  0.999777  -0.006585  -0.999978  0.000357  0.999996  0.000439  -0.002688  -0.000437  1.000000  0.000669  0.002688  -0.000668  0.999996  1.000000  0.000000  0.000000  0.000000  1.000000  0.000000  0.000000  0.000000  1.000000  0.999756  -0.006591  -0.021102  0.021104  0.000218  0.999777  -0.006585  -0.999978  0.000357  0.000052  0.000000  
64.779199 0.010962  0.089941  -0.006876  0.997145  -0.066933  0.034955  -0.032446  0.038214  0.998743  -0.068184  -0.997025  0.035934  0.004730  -0.007415  -0.012608  0.024998  0.186622  0.002241  2.000000  0.999756  -0.006591  -0.021102  0.021104  0.000218  0.999777  -0.006585  -0.999978  0.000357  0.999997  0.000446  -0.002482  -0.000445  1.000000  0.000655  0.002483  -0.000654  0.999997  1.000000  0.000000  0.000000  0.000000  1.000000  0.000000  0.000000  0.000000  1.000000  0.999756  -0.006591  -0.021102  0.021104  0.000218  0.999777  -0.006585  -0.999978  0.000357  0.000049  0.000000  
64.780450 0.010968  0.089932  -0.006892  0.997152  -0.066941  0.034750  -0.032241  0.038201  0.998750  -0.068184  -0.997025  0.035934  0.004647  -0.007433  -0.012822  0.024320  0.178215  0.002470  2.000000  0.999756  -0.006591  -0.021102  0.021104  0.000218  0.999777  -0.006585  -0.999978  0.000357  0.999997  0.000580  -0.002487  -0.000578  1.000000  0.000655  0.002487  -0.000654  0.999997  1.000000  0.000000  0.000000  0.000000  1.000000  0.000000  0.000000  0.000000  1.000000  0.999756  -0.006591  -0.021102  0.021104  0.000218  0.999777  -0.006585  -0.999978  0.000357  0.000047  0.000000  
64.781715 0.010974  0.089923  -0.006909  0.997161  -0.066807  0.034745  -0.032241  0.038196  0.998750  -0.068051  -0.997035  0.035934  0.004621  -0.007414  -0.012938  0.000000  0.000000  0.000000  2.000000  0.999756  -0.006591  -0.021102  0.021104  0.000218  0.999777  -0.006585  -0.999978  0.000357  0.999998  0.000728  -0.002081  -0.000727  1.000000  0.000627  0.002082  -0.000625  0.999998  1.000000  0.000000  0.000000  0.000000  1.000000  0.000000  0.000000  0.000000  1.000000  0.999756  -0.006591  -0.021102  0.021104  0.000218  0.999777  -0.006585  -0.999978  0.000357  0.000000  0.000000  
64.782958 0.010981  0.089914  -0.006925  0.997161  -0.066811  0.034737  -0.032241  0.038075  0.998755  -0.068051  -0.997039  0.035813  0.004683  -0.007371  -0.013036  0.000000  0.000000  0.000000  2.000000  0.999756  -0.006591  -0.021102  0.021104  0.000218  0.999777  -0.006585  -0.999978  0.000357  0.999998  0.000602  -0.001871  -0.000601  1.000000  0.000734  0.001872  -0.000733  0.999998  1.000000  0.000000  0.000000  0.000000  1.000000  0.000000  0.000000  0.000000  1.000000  0.999756  -0.006591  -0.021102  0.021104  0.000218  0.999777  -0.006585  -0.999978  0.000357  0.000000  0.000000  
64.784199 0.010988  0.089905  -0.006941  0.997163  -0.066670  0.034938  -0.032447  0.038085  0.998748  -0.067917  -0.997048  0.035813  0.004810  -0.007303  -0.013058  0.000000  0.000000  0.000000  2.000000  0.999756  -0.006591  -0.021102  0.021104  0.000218  0.999777  -0.006585  -0.999978  0.000357  0.999999  0.000758  -0.001260  -0.000757  0.999999  0.000691  0.001261  -0.000690  0.999999  1.000000  0.000000  0.000000  0.000000  1.000000  0.000000  0.000000  0.000000  1.000000  0.999756  -0.006591  -0.021102  0.021104  0.000218  0.999777  -0.006585  -0.999978  0.000357  0.000000  0.000000  
64.785446 0.010995  0.089896  -0.006958  0.997172  -0.066537  0.034933  -0.032447  0.038080  0.998748  -0.067784  -0.997057  0.035814  0.004933  -0.007224  -0.013108  0.000000  0.000000  0.000000  2.000000  0.999756  -0.006591  -0.021102  0.021104  0.000218  0.999777  -0.006585  -0.999978  0.000357  0.999999  0.000899  -0.001060  -0.000899  0.999999  0.000556  0.001060  -0.000555  0.999999  1.000000  0.000000  0.000000  0.000000  1.000000  0.000000  0.000000  0.000000  1.000000  0.999756  -0.006591  -0.021102  0.021104  0.000218  0.999777  -0.006585  -0.999978  0.000357  0.000000  0.000000  
