1-Time 2-Px 3-Py 4-Pz 5-R11 6-R21 7-R31 8-R12 9-R22 10-R32 11-R13 12-R23 13-R33 14-Vx 15-Vy 16-Vz 17-Wx 18-Wy 19-Wz 20-state 21-PR11 22-PR21 23-PR31 24-PR12 25-PR22 26-PR32 27-PR13 28-PR23 29-PR33 
12.418062 -0.000545  0.088643  -0.005331  0.996544  -0.076064  0.033394  -0.031194  0.029925  0.999065  -0.076992  -0.996654  0.027449  0.002211  0.001800  0.001399  0.000000  0.000000  0.000000  2.000000  1.000000  0.000000  0.000000  0.000000  -0.000000  1.000000  0.000000  -1.000000  -0.000000  0.999999  0.001616  0.000366  -0.001616  0.999999  0.000453  -0.000365  -0.000453  1.000000  1.000000  0.000000  0.000000  0.000000  1.000000  0.000000  0.000000  0.000000  1.000000  0.666360  0.540753  0.513372  -0.557487  -0.095893  0.824629  0.495149  -0.835698  0.237564  0.000000  0.000000  
12.419069 -0.000542  0.088645  -0.005329  0.996554  -0.075930  0.033390  -0.031195  0.029921  0.999065  -0.076858  -0.996664  0.027450  0.002223  0.001796  0.001365  0.000000  0.000000  0.000000  2.000000  1.000000  0.000000  0.000000  0.000000  -0.000000  1.000000  0.000000  -1.000000  -0.000000  0.999998  0.001750  0.000362  -0.001750  0.999998  0.000453  -0.000362  -0.000454  1.000000  1.000000  0.000000  0.000000  0.000000  1.000000  0.000000  0.000000  0.000000  1.000000  1.000000  0.000000  0.000000  0.000000  -0.000000  1.000000  0.000000  -1.000000  -0.000000  0.000000  0.000000  
12.420319 -0.000541  0.088644  -0.005330  0.996567  -0.075943  0.032979  -0.030784  0.029890  0.999079  -0.076858  -0.996664  0.027450  0.002128  0.001591  0.001201  0.000000  0.000000  0.000000  2.000000  1.000000  0.000000  0.000000  0.000000  -0.000000  1.000000  0.000000  -1.000000  -0.000000  0.999999  0.001605  -0.000044  -0.001605  0.999999  0.000485  0.000045  -0.000485  1.000000  1.000000  0.000000  0.000000  0.000000  1.000000  0.000000  0.000000  0.000000  1.000000  1.000000  0.000000  0.000000  0.000000  -0.000000  1.000000  0.000000  -1.000000  -0.000000  0.000000  0.000000  
12.421568 -0.000540  0.088642  -0.005331  0.996579  -0.075955  0.032568  -0.030374  0.029859  0.999093  -0.076858  -0.996664  0.027450  0.001979  0.001313  0.001010  0.000000  0.000000  0.000000  2.000000  1.000000  0.000000  0.000000  0.000000  -0.000000  1.000000  0.000000  -1.000000  -0.000000  0.999999  0.001454  -0.000656  -0.001454  0.999999  0.000412  0.000657  -0.000411  1.000000  1.000000  0.000000  0.000000  0.000000  1.000000  0.000000  0.000000  0.000000  1.000000  1.000000  0.000000  0.000000  0.000000  -0.000000  1.000000  0.000000  -1.000000  -0.000000  0.000000  0.000000  
12.422569 -0.000539  0.088641  -0.005332  0.996585  -0.075961  0.032362  -0.030169  0.029843  0.999099  -0.076858  -0.996664  0.027450  0.001890  0.001085  0.000857  0.000000  0.000000  0.000000  2.000000  1.000000  0.000000  0.000000  0.000000  -0.000000  1.000000  0.000000  -1.000000  -0.000000  0.999999  0.001449  -0.000861  -0.001448  0.999999  0.000428  0.000862  -0.000427  1.000000  1.000000  0.000000  0.000000  0.000000  1.000000  0.000000  0.000000  0.000000  1.000000  1.000000  0.000000  0.000000  0.000000  -0.000000  1.000000  0.000000  -1.000000  -0.000000  0.000000  0.000000  
12.423818 -0.000538  0.088639  -0.005333  0.996608  -0.075840  0.031947  -0.029759  0.029808  0.999113  -0.076725  -0.996674  0.027450  0.001839  0.000829  0.000649  0.000000  0.000000  0.000000  2.000000  1.000000  0.000000  0.000000  0.000000  -0.000000  1.000000  0.000000  -1.000000  -0.000000  0.999998  0.001443  -0.001066  -0.001443  0.999999  0.000444  0.001067  -0.000443  0.999999  1.000000  0.000000  0.000000  0.000000  1.000000  0.000000  0.000000  0.000000  1.000000  1.000000  0.000000  0.000000  0.000000  -0.000000  1.000000  0.000000  -1.000000  -0.000000  0.000000  0.000000  
12.424819 -0.000537  0.088638  -0.005334  0.996604  -0.075979  0.031745  -0.029553  0.029796  0.999119  -0.076858  -0.996664  0.027450  0.001748  0.000599  0.000494  0.000000  0.000000  0.000000  2.000000  1.000000  0.000000  0.000000  0.000000  -0.000000  1.000000  0.000000  -1.000000  -0.000000  0.999998  0.001164  -0.001469  -0.001164  0.999999  0.000476  0.001470  -0.000475  0.999999  1.000000  0.000000  0.000000  0.000000  1.000000  0.000000  0.000000  0.000000  1.000000  1.000000  0.000000  0.000000  0.000000  -0.000000  1.000000  0.000000  -1.000000  -0.000000  0.000000  0.000000  
12.425837 -0.000536  0.088636  -0.005336  0.996622  -0.075998  0.031128  -0.028938  0.029749  0.999138  -0.076858  -0.996664  0.027450  0.001640  0.000342  0.000288  0.000000  0.000000  0.000000  2.000000  1.000000  0.000000  0.000000  0.000000  -0.000000  1.000000  0.000000  -1.000000  -0.000000  0.999998  0.001153  -0.001880  -0.001152  0.999999  0.000508  0.001880  -0.000506  0.999998  1.000000  0.000000  0.000000  0.000000  1.000000  0.000000  0.000000  0.000000  1.000000  1.000000  0.000000  0.000000  0.000000  -0.000000  1.000000  0.000000  -1.000000  -0.000000  0.000000  0.000000  
12.427076 -0.000535  0.088633  -0.005339  0.996635  -0.076156  0.030309  -0.028117  0.029690  0.999164  -0.076992  -0.996654  0.027449  0.001538  0.000031  0.000008  0.000000  0.000000  0.000000  2.000000  1.000000  0.000000  0.000000  0.000000  -0.000000  1.000000  0.000000  -1.000000  -0.000000  0.999996  0.000863  -0.002693  -0.000862  1.000000  0.000451  0.002693  -0.000449  0.999996  1.000000  0.000000  0.000000  0.000000  1.000000  0.000000  0.000000  0.000000  1.000000  1.000000  0.000000  0.000000  0.000000  -0.000000  1.000000  0.000000  -1.000000  -0.000000  0.000000  0.000000  
12.428323 -0.000534  0.088631  -0.005341  0.996642  -0.076307  0.029695  -0.027501  0.029647  0.999182  -0.077125  -0.996643  0.027449  0.001403  -0.000306  -0.000291  0.000000  0.000000  0.000000  2.000000  1.000000  0.000000  0.000000  0.000000  -0.000000  1.000000  0.000000  -1.000000  -0.000000  0.999994  0.000579  -0.003301  -0.000577  1.000000  0.000499  0.003301  -0.000497  0.999994  1.000000  0.000000  0.000000  0.000000  1.000000  0.000000  0.000000  0.000000  1.000000  1.000000  0.000000  0.000000  0.000000  -0.000000  1.000000  0.000000  -1.000000  -0.000000  0.000000  0.000000  
12.429325 -0.000533  0.088629  -0.005343  0.996659  -0.076325  0.029078  -0.026886  0.029600  0.999200  -0.077125  -0.996643  0.027449  0.001297  -0.000563  -0.000497  0.000000  0.000000  0.000000  2.000000  1.000000  0.000000  0.000000  0.000000  -0.000000  1.000000  0.000000  -1.000000  -0.000000  0.999992  0.000428  -0.003913  -0.000426  1.000000  0.000546  0.003913  -0.000544  0.999992  1.000000  0.000000  0.000000  0.000000  1.000000  0.000000  0.000000  0.000000  1.000000  1.000000  0.000000  0.000000  0.000000  -0.000000  1.000000  0.000000  -1.000000  -0.000000  0.000000  0.000000  
12.430569 -0.000532  0.088626  -0.005346  0.996665  -0.076474  0.028474  -0.026270  0.029677  0.999214  -0.077259  -0.996630  0.027570  0.001169  -0.000881  -0.000839  0.000000  0.000000  0.000000  2.000000  1.000000  0.000000  0.000000  0.000000  -0.000000  1.000000  0.000000  -1.000000  -0.000000  0.999988  0.000400  -0.004939  -0.000397  1.000000  0.000505  0.004939  -0.000503  0.999988  1.000000  0.000000  0.000000  0.000000  1.000000  0.000000  0.000000  0.000000  1.000000  1.000000  0.000000  0.000000  0.000000  -0.000000  1.000000  0.000000  -1.000000  -0.000000  0.000000  0.000000  
12.431822 -0.000533  0.088622  -0.005350  0.996691  -0.076504  0.027445  -0.025244  0.029599  0.999243  -0.077259  -0.996630  0.027570  0.000962  -0.001320  -0.001219  0.023218  0.194019  0.030588  2.000000  1.000000  0.000006  -0.000272  0.000272  -0.000021  1.000000  0.000006  -1.000000  -0.000021  0.999983  0.000110  -0.005752  -0.000107  1.000000  0.000446  0.005752  -0.000446  0.999983  1.000000  0.000001  -0.000072  -0.000001  1.000000  0.000006  0.000072  -0.000006  1.000000  1.000000  0.000006  -0.000272  0.000272  -0.000021  1.000000  0.000006  -1.000000  -0.000021  0.000048  0.005771  
12.432823 -0.000534  0.088618  -0.005354  0.996697  -0.076656  0.026832  -0.024628  0.029555  0.999260  -0.077392  -0.996619  0.027569  0.000728  -0.001709  -0.001585  0.024832  0.214448  0.021025  2.000000  1.000000  0.000002  -0.000583  0.000583  -0.000045  1.000000  0.000002  -1.000000  -0.000045  0.999980  -0.000174  -0.006360  0.000178  1.000000  0.000493  0.006360  -0.000494  0.999980  1.000000  -0.000002  -0.000080  0.000002  1.000000  0.000006  0.000080  -0.000006  1.000000  1.000000  0.000002  -0.000583  0.000583  -0.000045  1.000000  0.000002  -1.000000  -0.000045  0.000053  0.006382  
12.434072 -0.000535  0.088613  -0.005358  0.996706  -0.076810  0.026022  -0.023807  0.029616  0.999278  -0.077525  -0.996606  0.027690  0.000470  -0.002146  -0.001961  0.022909  0.241775  0.011257  2.000000  1.000000  -0.000012  -0.000934  0.000934  -0.000071  1.000000  -0.000012  -1.000000  -0.000071  0.999973  -0.000337  -0.007383  0.000340  1.000000  0.000452  0.007382  -0.000454  0.999973  1.000000  -0.000004  -0.000092  0.000004  1.000000  0.000006  0.000092  -0.000006  1.000000  1.000000  -0.000012  -0.000934  0.000934  -0.000071  1.000000  -0.000012  -1.000000  -0.000071  0.000061  0.007404  
12.435316 -0.000538  0.088608  -0.005362  0.996720  -0.076974  0.024997  -0.022781  0.029540  0.999304  -0.077659  -0.996595  0.027690  0.000211  -0.002455  -0.002141  0.025623  0.276173  0.005805  2.000000  0.999999  -0.000048  -0.001421  0.001421  -0.000101  0.999999  -0.000048  -1.000000  -0.000101  0.999966  -0.000627  -0.008196  0.000631  1.000000  0.000514  0.008196  -0.000519  0.999966  1.000000  -0.000008  -0.000102  0.000008  1.000000  0.000006  0.000102  -0.000006  1.000000  0.999999  -0.000048  -0.001421  0.001421  -0.000101  0.999999  -0.000048  -1.000000  -0.000101  0.000068  0.008236  
12.436319 -0.000540  0.088603  -0.005365  0.996734  -0.076992  0.024380  -0.022165  0.029492  0.999319  -0.077659  -0.996595  0.027690  0.000056  -0.002695  -0.002304  0.023141  0.296711  0.000752  2.000000  0.999998  -0.000085  -0.001848  0.001848  -0.000129  0.999998  -0.000085  -1.000000  -0.000128  0.999961  -0.000777  -0.008808  0.000782  1.000000  0.000560  0.008807  -0.000567  0.999961  1.000000  -0.000010  -0.000110  0.000010  1.000000  0.000007  0.000110  -0.000007  1.000000  0.999998  -0.000085  -0.001848  0.001848  -0.000129  0.999998  -0.000085  -1.000000  -0.000128  0.000073  0.008860  
12.437319 -0.000542  0.088598  -0.005368  0.996741  -0.077147  0.023570  -0.021344  0.029553  0.999335  -0.077792  -0.996582  0.027810  -0.000147  -0.002916  -0.002416  0.021218  0.324040  -0.009023  2.000000  0.999997  -0.000129  -0.002314  0.002314  -0.000156  0.999997  -0.000130  -1.000000  -0.000156  0.999953  -0.000934  -0.009625  0.000938  0.999999  0.000381  0.009624  -0.000390  0.999954  1.000000  -0.000012  -0.000120  0.000012  1.000000  0.000005  0.000120  -0.000005  1.000000  0.999997  -0.000129  -0.002314  0.002314  -0.000156  0.999997  -0.000130  -1.000000  -0.000156  0.000080  0.009678  
12.438324 -0.000544  0.088593  -0.005370  0.996754  -0.077165  0.022953  -0.020728  0.029505  0.999350  -0.077792  -0.996582  0.027810  -0.000401  -0.003134  -0.002524  0.022831  0.344700  -0.009598  2.000000  0.999996  -0.000183  -0.002821  0.002821  -0.000177  0.999996  -0.000184  -1.000000  -0.000177  0.999945  -0.001090  -0.010442  0.001095  0.999999  0.000443  0.010441  -0.000454  0.999945  1.000000  -0.000014  -0.000131  0.000014  1.000000  0.000006  0.000131  -0.000006  1.000000  0.999996  -0.000183  -0.002821  0.002821  -0.000177  0.999996  -0.000184  -1.000000  -0.000177  0.000086  0.010508  
12.439569 -0.000546  0.088589  -0.005374  0.996764  -0.077329  0.021928  -0.019702  0.029429  0.999373  -0.077926  -0.996571  0.027810  -0.000648  -0.003335  -0.002677  0.026064  0.385867  -0.019741  2.000000  0.999994  -0.000261  -0.003499  0.003499  -0.000208  0.999994  -0.000261  -1.000000  -0.000207  0.999936  -0.001380  -0.011255  0.001386  0.999999  0.000505  0.011254  -0.000520  0.999937  1.000000  -0.000017  -0.000141  0.000017  1.000000  0.000006  0.000141  -0.000006  1.000000  0.999994  -0.000261  -0.003499  0.003499  -0.000208  0.999994  -0.000261  -1.000000  -0.000207  0.000095  0.011351  
12.440572 -0.000548  0.088585  -0.005376  0.996776  -0.077347  0.021311  -0.019087  0.029381  0.999386  -0.077926  -0.996571  0.027810  -0.000789  -0.003404  -0.002727  0.023590  0.406692  -0.024803  2.000000  0.999992  -0.000330  -0.004072  0.004072  -0.000234  0.999992  -0.000331  -1.000000  -0.000233  0.999933  -0.001385  -0.011460  0.001391  0.999999  0.000520  0.011460  -0.000536  0.999934  1.000000  -0.000017  -0.000143  0.000017  1.000000  0.000007  0.000143  -0.000007  1.000000  0.999992  -0.000330  -0.004072  0.004072  -0.000234  0.999992  -0.000331  -1.000000  -0.000233  0.000099  0.011556  
12.441827 -0.000550  0.088581  -0.005381  0.996792  -0.077371  0.020488  -0.018266  0.029317  0.999403  -0.077926  -0.996571  0.027810  -0.000984  -0.003535  -0.002854  0.025720  0.433920  -0.025548  2.000000  0.999989  -0.000400  -0.004665  0.004665  -0.000263  0.999989  -0.000401  -1.000000  -0.000261  0.999926  -0.001402  -0.012076  0.001409  0.999999  0.000568  0.012075  -0.000585  0.999927  1.000000  -0.000018  -0.000151  0.000018  1.000000  0.000007  0.000151  -0.000007  1.000000  0.999989  -0.000400  -0.004665  0.004665  -0.000263  0.999989  -0.000401  -1.000000  -0.000261  0.000107  0.012171  
12.443076 -0.000551  0.088577  -0.005385  0.996796  -0.077526  0.019678  -0.017445  0.029377  0.999416  -0.078059  -0.996557  0.027930  -0.001176  -0.003661  -0.002977  0.023793  0.461195  -0.035326  2.000000  0.999985  -0.000490  -0.005435  0.005435  -0.000294  0.999985  -0.000491  -1.000000  -0.000291  0.999921  -0.001548  -0.012482  0.001554  0.999999  0.000478  0.012481  -0.000497  0.999922  1.000000  -0.000019  -0.000156  0.000019  1.000000  0.000006  0.000156  -0.000006  1.000000  0.999985  -0.000490  -0.005435  0.005435  -0.000294  0.999985  -0.000491  -1.000000  -0.000291  0.000114  0.012588  
12.444326 -0.000552  0.088574  -0.005388  0.996810  -0.077550  0.018855  -0.016624  0.029313  0.999432  -0.078059  -0.996557  0.027930  -0.001272  -0.003680  -0.003045  0.025914  0.488699  -0.040591  2.000000  0.999980  -0.000592  -0.006244  0.006243  -0.000327  0.999980  -0.000594  -1.000000  -0.000324  0.999910  -0.001704  -0.013299  0.001712  0.999998  0.000539  0.013298  -0.000562  0.999911  1.000000  -0.000021  -0.000166  0.000021  1.000000  0.000007  0.000166  -0.000007  1.000000  0.999980  -0.000592  -0.006244  0.006243  -0.000327  0.999980  -0.000594  -1.000000  -0.000324  0.000123  0.013420  
12.445569 -0.000554  0.088571  -0.005391  0.996823  -0.077574  0.018032  -0.015803  0.029249  0.999447  -0.078059  -0.996557  0.027930  -0.001441  -0.003705  -0.003001  0.028031  0.516214  -0.045859  2.000000  0.999975  -0.000694  -0.007078  0.007077  -0.000363  0.999975  -0.000696  -1.000000  -0.000358  0.999908  -0.001576  -0.013508  0.001584  0.999999  0.000557  0.013507  -0.000578  0.999909  1.000000  -0.000020  -0.000169  0.000020  1.000000  0.000007  0.000169  -0.000007  1.000000  0.999975  -0.000694  -0.007078  0.007077  -0.000363  0.999975  -0.000696  -1.000000  -0.000358  0.000128  0.013612  
12.446569 -0.000555  0.088569  -0.005393  0.996833  -0.077592  0.017415  -0.015187  0.029201  0.999458  -0.078059  -0.996557  0.027930  -0.001508  -0.003601  -0.002942  0.025565  0.536884  -0.046400  2.000000  0.999970  -0.000771  -0.007750  0.007750  -0.000391  0.999970  -0.000774  -1.000000  -0.000385  0.999910  -0.001437  -0.013306  0.001444  0.999999  0.000543  0.013306  -0.000562  0.999911  1.000000  -0.000018  -0.000166  0.000018  1.000000  0.000007  0.000166  -0.000007  1.000000  0.999970  -0.000771  -0.007750  0.007750  -0.000391  0.999970  -0.000774  -1.000000  -0.000385  0.000133  0.013396  
12.447573 -0.000556  0.088567  -0.005395  0.996842  -0.077608  0.016807  -0.014572  0.029275  0.999465  -0.078059  -0.996554  0.028051  -0.001481  -0.003465  -0.002772  0.023060  0.557388  -0.051498  2.000000  0.999964  -0.000843  -0.008421  0.008421  -0.000417  0.999964  -0.000846  -1.000000  -0.000410  0.999910  -0.001438  -0.013306  0.001444  0.999999  0.000421  0.013306  -0.000441  0.999911  1.000000  -0.000018  -0.000166  0.000018  1.000000  0.000005  0.000166  -0.000005  1.000000  0.999964  -0.000843  -0.008421  0.008421  -0.000417  0.999964  -0.000846  -1.000000  -0.000410  0.000138  0.013391  
12.448819 -0.000557  0.088564  -0.005396  0.996851  -0.077626  0.016189  -0.013956  0.029227  0.999475  -0.078059  -0.996554  0.028051  -0.001492  -0.003374  -0.002580  0.024640  0.578182  -0.056591  2.000000  0.999958  -0.000910  -0.009097  0.009096  -0.000440  0.999959  -0.000914  -0.999999  -0.000432  0.999908  -0.001310  -0.013515  0.001316  0.999999  0.000439  0.013515  -0.000457  0.999909  1.000000  -0.000016  -0.000169  0.000016  1.000000  0.000006  0.000169  -0.000006  1.000000  0.999958  -0.000910  -0.009097  0.009096  -0.000440  0.999959  -0.000914  -0.999999  -0.000432  0.000144  0.013586  
12.449822 -0.000559  0.088562  -0.005396  0.996859  -0.077643  0.015582  -0.013340  0.029300  0.999482  -0.078059  -0.996551  0.028172  -0.001459  -0.003203  -0.002324  0.021094  0.584935  -0.056805  2.000000  0.999952  -0.000975  -0.009772  0.009772  -0.000458  0.999952  -0.000980  -0.999999  -0.000449  0.999908  -0.001312  -0.013515  0.001316  0.999999  0.000318  0.013515  -0.000335  0.999909  1.000000  -0.000016  -0.000169  0.000016  1.000000  0.000004  0.000169  -0.000004  1.000000  0.999952  -0.000975  -0.009772  0.009772  -0.000458  0.999952  -0.000980  -0.999999  -0.000449  0.000146  0.013583  
12.451070 -0.000560  0.088559  -0.005394  0.996868  -0.077661  0.014964  -0.012725  0.029252  0.999491  -0.078059  -0.996551  0.028172  -0.001356  -0.002934  -0.001991  0.021632  0.591898  -0.057004  2.000000  0.999943  -0.001057  -0.010614  0.010614  -0.000482  0.999944  -0.001062  -0.999999  -0.000471  0.999911  -0.001306  -0.013310  0.001312  0.999999  0.000423  0.013309  -0.000441  0.999911  1.000000  -0.000016  -0.000166  0.000016  1.000000  0.000005  0.000166  -0.000005  1.000000  0.999943  -0.001057  -0.010614  0.010614  -0.000482  0.999944  -0.001062  -0.999999  -0.000471  0.000149  0.013381  
12.452341 -0.000561  0.088557  -0.005393  0.996875  -0.077677  0.014356  -0.012109  0.029325  0.999497  -0.078059  -0.996547  0.028293  -0.001237  -0.002664  -0.001688  0.018616  0.605315  -0.057390  2.000000  0.999934  -0.001130  -0.011444  0.011443  -0.000506  0.999934  -0.001136  -0.999999  -0.000493  0.999913  -0.001169  -0.013108  0.001172  0.999999  0.000288  0.013108  -0.000303  0.999914  1.000000  -0.000015  -0.000164  0.000015  1.000000  0.000004  0.000164  -0.000004  1.000000  0.999934  -0.001130  -0.011444  0.011443  -0.000506  0.999934  -0.001136  -0.999999  -0.000493  0.000150  0.013164  
12.453570 -0.000562  0.088556  -0.005393  0.996880  -0.077689  0.013945  -0.011699  0.029293  0.999502  -0.078059  -0.996547  0.028293  -0.001177  -0.002432  -0.001471  0.018588  0.605620  -0.061926  2.000000  0.999926  -0.001184  -0.012097  0.012096  -0.000521  0.999927  -0.001190  -0.999999  -0.000506  0.999914  -0.001035  -0.013112  0.001039  0.999999  0.000290  0.013111  -0.000303  0.999914  1.000000  -0.000013  -0.000164  0.000013  1.000000  0.000004  0.000164  -0.000004  1.000000  0.999926  -0.001184  -0.012097  0.012096  -0.000521  0.999927  -0.001190  -0.999999  -0.000506  0.000154  0.013156  
12.454819 -0.000563  0.088554  -0.005394  0.996887  -0.077707  0.013327  -0.011083  0.029245  0.999511  -0.078059  -0.996547  0.028293  -0.001112  -0.002284  -0.001303  0.019333  0.618006  -0.058128  2.000000  0.999916  -0.001241  -0.012886  0.012885  -0.000541  0.999917  -0.001248  -0.999999  -0.000525  0.999921  -0.000884  -0.012500  0.000889  1.000000  0.000365  0.012500  -0.000376  0.999922  1.000000  -0.000011  -0.000156  0.000011  1.000000  0.000005  0.000156  -0.000005  1.000000  0.999916  -0.001241  -0.012886  0.012885  -0.000541  0.999917  -0.001248  -0.999999  -0.000525  0.000153  0.012537  
12.455822 -0.000564  0.088552  -0.005394  0.996892  -0.077718  0.012925  -0.010672  0.029335  0.999513  -0.078059  -0.996544  0.028414  -0.001004  -0.002135  -0.001088  0.014971  0.607875  -0.057212  2.000000  0.999908  -0.001280  -0.013501  0.013500  -0.000554  0.999909  -0.001287  -0.999999  -0.000537  0.999927  -0.000741  -0.012093  0.000743  1.000000  0.000213  0.012093  -0.000222  0.999927  1.000000  -0.000009  -0.000151  0.000009  1.000000  0.000003  0.000151  -0.000003  1.000000  0.999908  -0.001280  -0.013501  0.013500  -0.000554  0.999909  -0.001287  -0.999999  -0.000537  0.000153  0.012118  
12.457069 -0.000564  0.088550  -0.005394  0.996906  -0.077596  0.012510  -0.010262  0.029301  0.999518  -0.077926  -0.996554  0.028414  -0.000938  -0.001961  -0.000844  0.013903  0.594259  -0.047893  2.000000  0.999900  -0.001313  -0.014108  0.014107  -0.000566  0.999900  -0.001321  -0.999999  -0.000547  0.999927  -0.000607  -0.012097  0.000610  1.000000  0.000213  0.012097  -0.000221  0.999927  1.000000  -0.000008  -0.000151  0.000008  1.000000  0.000003  0.000151  -0.000003  1.000000  0.999900  -0.001313  -0.014108  0.014107  -0.000566  0.999900  -0.001321  -0.999999  -0.000547  0.000151  0.012114  
12.458323 -0.000564  0.088550  -0.005393  0.996913  -0.077614  0.011893  -0.009646  0.029253  0.999525  -0.077926  -0.996554  0.028414  -0.000829  -0.001720  -0.000506  0.013520  0.592337  -0.043596  2.000000  0.999889  -0.001344  -0.014841  0.014840  -0.000581  0.999890  -0.001352  -0.999999  -0.000561  0.999934  -0.000456  -0.011485  0.000460  1.000000  0.000289  0.011485  -0.000294  0.999934  1.000000  -0.000006  -0.000144  0.000006  1.000000  0.000004  0.000144  -0.000004  1.000000  0.999889  -0.001344  -0.014841  0.014840  -0.000581  0.999890  -0.001352  -0.999999  -0.000561  0.000149  0.011498  
12.459326 -0.000563  0.088550  -0.005392  0.996914  -0.077620  0.011687  -0.009441  0.029237  0.999528  -0.077926  -0.996554  0.028414  -0.000685  -0.001533  -0.000259  0.012990  0.585718  -0.043423  2.000000  0.999880  -0.001366  -0.015408  0.015407  -0.000596  0.999881  -0.001375  -0.999999  -0.000574  0.999936  -0.000450  -0.011280  0.000454  1.000000  0.000273  0.011280  -0.000278  0.999936  1.000000  -0.000006  -0.000141  0.000006  1.000000  0.000003  0.000141  -0.000003  1.000000  0.999880  -0.001366  -0.015408  0.015407  -0.000596  0.999881  -0.001375  -0.999999  -0.000574  0.000147  0.011293  
12.460572 -0.000562  0.088549  -0.005392  0.996918  -0.077633  0.011275  -0.009031  0.029205  0.999533  -0.077926  -0.996554  0.028414  -0.000556  -0.001444  -0.000044  0.016027  0.571786  -0.038556  2.000000  0.999870  -0.001388  -0.016087  0.016086  -0.000611  0.999870  -0.001398  -0.999999  -0.000589  0.999943  -0.000300  -0.010668  0.000302  1.000000  0.000226  0.010668  -0.000229  0.999943  1.000000  -0.000004  -0.000133  0.000004  1.000000  0.000003  0.000133  -0.000003  1.000000  0.999870  -0.001388  -0.016087  0.016086  -0.000611  0.999870  -0.001398  -0.999999  -0.000589  0.000145  0.010675  
12.461822 -0.000562  0.088548  -0.005392  0.996922  -0.077645  0.010864  -0.008620  0.029173  0.999537  -0.077926  -0.996554  0.028414  -0.000468  -0.001384  0.000097  0.014828  0.553339  -0.037850  2.000000  0.999859  -0.001406  -0.016731  0.016730  -0.000624  0.999860  -0.001417  -0.999999  -0.000600  0.999951  -0.000277  -0.009848  0.000279  1.000000  0.000162  0.009848  -0.000165  0.999951  1.000000  -0.000003  -0.000123  0.000003  1.000000  0.000002  0.000123  -0.000002  1.000000  0.999859  -0.001406  -0.016731  0.016730  -0.000624  0.999860  -0.001417  -0.999999  -0.000600  0.000138  0.009853  
12.462837 -0.000563  0.088546  -0.005393  0.996924  -0.077651  0.010658  -0.008415  0.029157  0.999539  -0.077926  -0.996554  0.028414  -0.000427  -0.001352  0.000170  0.012979  0.534917  -0.028631  2.000000  0.999851  -0.001420  -0.017220  0.017220  -0.000634  0.999852  -0.001431  -0.999999  -0.000609  0.999953  -0.000271  -0.009643  0.000274  1.000000  0.000268  0.009642  -0.000270  0.999953  1.000000  -0.000003  -0.000121  0.000003  1.000000  0.000003  0.000121  -0.000003  1.000000  0.999851  -0.001420  -0.017220  0.017220  -0.000634  0.999852  -0.001431  -0.999999  -0.000609  0.000136  0.009650  
12.464072 -0.000563  0.088544  -0.005393  0.996925  -0.077657  0.010452  -0.008210  0.029141  0.999542  -0.077926  -0.996554  0.028414  -0.000335  -0.001237  0.000174  0.015876  0.516815  -0.028044  2.000000  0.999841  -0.001431  -0.017797  0.017797  -0.000649  0.999841  -0.001442  -0.999999  -0.000623  0.999959  -0.000120  -0.009031  0.000122  1.000000  0.000221  0.009031  -0.000222  0.999959  1.000000  -0.000002  -0.000113  0.000002  1.000000  0.000003  0.000113  -0.000003  1.000000  0.999841  -0.001431  -0.017797  0.017797  -0.000649  0.999841  -0.001442  -0.999999  -0.000623  0.000131  0.009034  
12.465322 -0.000563  0.088542  -0.005394  0.996929  -0.077669  0.010041  -0.007799  0.029109  0.999546  -0.077926  -0.996554  0.028414  -0.000245  -0.001250  0.000070  0.014835  0.503169  -0.023161  2.000000  0.999833  -0.001437  -0.018234  0.018233  -0.000659  0.999834  -0.001448  -0.999999  -0.000632  0.999963  -0.000109  -0.008620  0.000111  1.000000  0.000189  0.008620  -0.000190  0.999963  1.000000  -0.000001  -0.000108  0.000001  1.000000  0.000002  0.000108  -0.000002  1.000000  0.999833  -0.001437  -0.018234  0.018233  -0.000659  0.999834  -0.001448  -0.999999  -0.000632  0.000124  0.008623  
12.466327 -0.000563  0.088540  -0.005395  0.996929  -0.077669  0.010041  -0.007799  0.029109  0.999546  -0.077926  -0.996554  0.028414  -0.000212  -0.001237  -0.000039  0.012710  0.475603  -0.017885  2.000000  0.999825  -0.001442  -0.018652  0.018651  -0.000667  0.999826  -0.001454  -0.999999  -0.000640  0.999966  -0.000098  -0.008210  0.000099  1.000000  0.000157  0.008210  -0.000157  0.999966  1.000000  -0.000001  -0.000103  0.000001  1.000000  0.000002  0.000103  -0.000002  1.000000  0.999825  -0.001442  -0.018652  0.018651  -0.000667  0.999826  -0.001454  -0.999999  -0.000640  0.000122  0.008212  
12.467569 -0.000564  0.088537  -0.005396  0.996930  -0.077675  0.009835  -0.007594  0.029093  0.999548  -0.077926  -0.996554  0.028414  -0.000229  -0.001326  -0.000167  0.015049  0.451263  -0.017192  2.000000  0.999816  -0.001447  -0.019142  0.019141  -0.000675  0.999817  -0.001460  -0.999999  -0.000647  0.999971  -0.000080  -0.007595  0.000081  1.000000  0.000109  0.007595  -0.000109  0.999971  1.000000  -0.000001  -0.000095  0.000001  1.000000  0.000001  0.000095  -0.000001  1.000000  0.999816  -0.001447  -0.019142  0.019141  -0.000675  0.999817  -0.001460  -0.999999  -0.000647  0.000115  0.007596  
12.468571 -0.000565  0.088535  -0.005397  0.996932  -0.077681  0.009629  -0.007389  0.029077  0.999550  -0.077926  -0.996554  0.028414  -0.000214  -0.001389  -0.000276  0.013557  0.434322  -0.016751  2.000000  0.999809  -0.001450  -0.019509  0.019508  -0.000684  0.999809  -0.001464  -0.999999  -0.000656  0.999974  -0.000069  -0.007184  0.000070  1.000000  0.000198  0.007184  -0.000198  0.999974  1.000000  -0.000001  -0.000090  0.000001  1.000000  0.000002  0.000090  -0.000002  1.000000  0.999809  -0.001450  -0.019509  0.019508  -0.000684  0.999809  -0.001464  -0.999999  -0.000656  0.000111  0.007188  
12.469818 -0.000566  0.088532  -0.005399  0.996933  -0.077688  0.009414  -0.007184  0.028940  0.999555  -0.077926  -0.996558  0.028293  -0.000207  -0.001413  -0.000343  0.015913  0.410344  -0.011551  2.000000  0.999800  -0.001454  -0.019927  0.019926  -0.000700  0.999801  -0.001467  -0.999999  -0.000671  0.999980  -0.000045  -0.006364  0.000048  1.000000  0.000376  0.006364  -0.000377  0.999980  1.000000  -0.000001  -0.000080  0.000001  1.000000  0.000005  0.000080  -0.000005  1.000000  0.999800  -0.001454  -0.019927  0.019926  -0.000700  0.999801  -0.001467  -0.999999  -0.000671  0.000102  0.006375  
12.470819 -0.000567  0.088531  -0.005400  0.996933  -0.077688  0.009414  -0.007184  0.028940  0.999555  -0.077926  -0.996558  0.028293  -0.000195  -0.001417  -0.000376  0.013890  0.386200  -0.010871  2.000000  0.999794  -0.001455  -0.020242  0.020241  -0.000719  0.999795  -0.001470  -0.999999  -0.000689  0.999981  -0.000040  -0.006159  0.000042  1.000000  0.000360  0.006159  -0.000361  0.999981  1.000000  -0.000001  -0.000077  0.000001  1.000000  0.000005  0.000077  -0.000005  1.000000  0.999794  -0.001455  -0.020242  0.020241  -0.000719  0.999795  -0.001470  -0.999999  -0.000689  0.000099  0.006169  
12.471819 -0.000568  0.088529  -0.005400  0.996933  -0.077688  0.009414  -0.007184  0.028940  0.999555  -0.077926  -0.996558  0.028293  -0.000235  -0.001443  -0.000411  0.012707  0.369391  -0.010398  2.000000  0.999788  -0.001457  -0.020530  0.020529  -0.000735  0.999789  -0.001471  -0.999999  -0.000705  0.999985  -0.000022  -0.005543  0.000024  1.000000  0.000312  0.005543  -0.000312  0.999985  1.000000  -0.000000  -0.000069  0.000000  1.000000  0.000004  0.000069  -0.000004  1.000000  0.999788  -0.001457  -0.020530  0.020529  -0.000735  0.999789  -0.001471  -0.999999  -0.000705  0.000094  0.005552  
12.473066 -0.000569  0.088527  -0.005401  0.996935  -0.077695  0.009199  -0.006978  0.028803  0.999561  -0.077926  -0.996561  0.028173  -0.000326  -0.001574  -0.000543  0.019216  0.349020  -0.005361  2.000000  0.999783  -0.001457  -0.020799  0.020798  -0.000760  0.999783  -0.001473  -0.999999  -0.000729  0.999986  -0.000016  -0.005338  0.000019  1.000000  0.000539  0.005338  -0.000539  0.999986  1.000000  -0.000000  -0.000067  0.000000  1.000000  0.000007  0.000067  -0.000007  1.000000  0.999783  -0.001457  -0.020799  0.020798  -0.000760  0.999783  -0.001473  -0.999999  -0.000729  0.000089  0.005365  
12.474323 -0.000570  0.088525  -0.005403  0.996924  -0.077828  0.009203  -0.006978  0.028804  0.999561  -0.078059  -0.996551  0.028172  -0.000490  -0.001698  -0.000679  0.017091  0.321446  -0.009048  2.000000  0.999781  -0.001457  -0.020863  0.020862  -0.000766  0.999782  -0.001473  -0.999999  -0.000736  0.999989  -0.000133  -0.004719  0.000135  1.000000  0.000491  0.004719  -0.000491  0.999989  1.000000  0.000000  0.000000  0.000000  1.000000  0.000000  0.000000  0.000000  1.000000  0.999781  -0.001457  -0.020863  0.020862  -0.000766  0.999782  -0.001473  -0.999999  -0.000736  0.000081  0.000000  
12.475326 -0.000571  0.088523  -0.005404  0.996924  -0.077829  0.009193  -0.006978  0.028683  0.999564  -0.078059  -0.996554  0.028051  -0.000622  -0.001784  -0.000819  0.019146  0.296470  -0.008327  2.000000  0.999781  -0.001457  -0.020863  0.020862  -0.000766  0.999782  -0.001473  -0.999999  -0.000736  0.999991  -0.000121  -0.004308  0.000123  1.000000  0.000459  0.004308  -0.000459  0.999991  1.000000  0.000000  0.000000  0.000000  1.000000  0.000000  0.000000  0.000000  1.000000  0.999781  -0.001457  -0.020863  0.020862  -0.000766  0.999782  -0.001473  -0.999999  -0.000736  0.000076  0.000000  
12.476569 -0.000574  0.088520  -0.005408  0.996924  -0.077829  0.009193  -0.006978  0.028683  0.999564  -0.078059  -0.996554  0.028051  -0.000756  -0.001872  -0.001067  0.017384  0.273556  -0.007684  2.000000  0.999781  -0.001457  -0.020863  0.020862  -0.000766  0.999782  -0.001473  -0.999999  -0.000736  0.999993  -0.000103  -0.003693  0.000106  1.000000  0.000653  0.003693  -0.000653  0.999993  1.000000  0.000000  0.000000  0.000000  1.000000  0.000000  0.000000  0.000000  1.000000  0.999781  -0.001457  -0.020863  0.020862  -0.000766  0.999782  -0.001473  -0.999999  -0.000736  0.000070  0.000000  
12.477569 -0.000576  0.088517  -0.005411  0.996924  -0.077829  0.009193  -0.006978  0.028683  0.999564  -0.078059  -0.996554  0.028051  -0.000846  -0.001958  -0.001249  0.019822  0.253063  -0.007123  2.000000  0.999781  -0.001457  -0.020863  0.020862  -0.000766  0.999782  -0.001473  -0.999999  -0.000736  0.999995  -0.000226  -0.003279  0.000228  1.000000  0.000620  0.003279  -0.000621  0.999994  1.000000  0.000000  0.000000  0.000000  1.000000  0.000000  0.000000  0.000000  1.000000  0.999781  -0.001457  -0.020863  0.020862  -0.000766  0.999782  -0.001473  -0.999999  -0.000736  0.000064  0.000000  
12.478825 -0.000578  0.088514  -0.005415  0.996924  -0.077830  0.009184  -0.006978  0.028561  0.999568  -0.078059  -0.996557  0.027930  -0.001026  -0.002082  -0.001513  0.025977  0.227546  -0.006405  2.000000  0.999781  -0.001457  -0.020863  0.020862  -0.000766  0.999782  -0.001473  -0.999999  -0.000736  0.999996  -0.000209  -0.002663  0.000210  1.000000  0.000572  0.002663  -0.000573  0.999996  1.000000  0.000000  0.000000  0.000000  1.000000  0.000000  0.000000  0.000000  1.000000  0.999781  -0.001457  -0.020863  0.020862  -0.000766  0.999782  -0.001473  -0.999999  -0.000736  0.000060  0.000000  
12.479826 -0.000580  0.088511  -0.005419  0.996923  -0.077824  0.009389  -0.007183  0.028577  0.999566  -0.078059  -0.996557  0.027930  -0.001174  -0.002145  -0.001704  0.024355  0.206849  -0.005822  2.000000  0.999781  -0.001457  -0.020863  0.020862  -0.000766  0.999782  -0.001473  -0.999999  -0.000736  0.999997  -0.000197  -0.002253  0.000198  1.000000  0.000662  0.002253  -0.000662  0.999997  1.000000  0.000000  0.000000  0.000000  1.000000  0.000000  0.000000  0.000000  1.000000  0.999781  -0.001457  -0.020863  0.020862  -0.000766  0.999782  -0.001473  -0.999999  -0.000736  0.000052  0.000000  
12.481069 -0.000583  0.088507  -0.005423  0.996923  -0.077826  0.009380  -0.007183  0.028456  0.999569  -0.078059  -0.996561  0.027810  -0.001349  -0.002216  -0.001959  0.026594  0.184656  -0.005187  2.000000  0.999781  -0.001457  -0.020863  0.020862  -0.000766  0.999782  -0.001473  -0.999999  -0.000736  0.999998  -0.000185  -0.001843  0.000187  1.000000  0.000630  0.001843  -0.000630  0.999998  1.000000  0.000000  0.000000  0.000000  1.000000  0.000000  0.000000  0.000000  1.000000  0.999781  -0.001457  -0.020863  0.020862  -0.000766  0.999782  -0.001473  -0.999999  -0.000736  0.000047  0.000000  
12.482070 -0.000585  0.088505  -0.005427  0.996923  -0.077826  0.009380  -0.007183  0.028456  0.999569  -0.078059  -0.996561  0.027810  -0.001411  -0.002191  -0.002077  0.000000  0.000000  0.000000  2.000000  0.999781  -0.001457  -0.020863  0.020862  -0.000766  0.999782  -0.001473  -0.999999  -0.000736  0.999999  -0.000179  -0.001638  0.000181  1.000000  0.000735  0.001637  -0.000735  0.999998  1.000000  0.000000  0.000000  0.000000  1.000000  0.000000  0.000000  0.000000  1.000000  0.999781  -0.001457  -0.020863  0.020862  -0.000766  0.999782  -0.001473  -0.999999  -0.000736  0.000044  0.000000  
12.483077 -0.000587  0.088502  -0.005431  0.996921  -0.077820  0.009586  -0.007389  0.028472  0.999567  -0.078059  -0.996561  0.027810  -0.001521  -0.002240  -0.002264  0.000000  0.000000  0.000000  2.000000  0.999781  -0.001457  -0.020863  0.020862  -0.000766  0.999782  -0.001473  -0.999999  -0.000736  0.999999  -0.000168  -0.001227  0.000169  1.000000  0.000703  0.001227  -0.000703  0.999999  1.000000  0.000000  0.000000  0.000000  1.000000  0.000000  0.000000  0.000000  1.000000  0.999781  -0.001457  -0.020863  0.020862  -0.000766  0.999782  -0.001473  -0.999999  -0.000736  0.000000  0.000000  
12.484319 -0.000590  0.088499  -0.005435  0.996921  -0.077821  0.009576  -0.007389  0.028351  0.999571  -0.078059  -0.996564  0.027689  -0.001580  -0.002272  -0.002452  0.000000  0.000000  0.000000  2.000000  0.999781  -0.001457  -0.020863  0.020862  -0.000766  0.999782  -0.001473  -0.999999  -0.000736  1.000000  -0.000157  -0.000817  0.000157  1.000000  0.000792  0.000817  -0.000792  0.999999  1.000000  0.000000  0.000000  0.000000  1.000000  0.000000  0.000000  0.000000  1.000000  0.999781  -0.001457  -0.020863  0.020862  -0.000766  0.999782  -0.001473  -0.999999  -0.000736  0.000000  0.000000  
12.485565 -0.000592  0.088496  -0.005440  0.996920  -0.077816  0.009773  -0.007594  0.028246  0.999572  -0.078059  -0.996568  0.027568  -0.001657  -0.002321  -0.002719  0.000000  0.000000  0.000000  2.000000  0.999781  -0.001457  -0.020863  0.020862  -0.000766  0.999782  -0.001473  -0.999999  -0.000736  1.000000  -0.000145  -0.000407  0.000145  1.000000  0.000881  0.000407  -0.000881  1.000000  1.000000  0.000000  0.000000  0.000000  1.000000  0.000000  0.000000  0.000000  1.000000  0.999781  -0.001457  -0.020863  0.020862  -0.000766  0.999782  -0.001473  -0.999999  -0.000736  0.000000  0.000000  
12.486570 -0.000593  0.088494  -0.005444  0.996918  -0.077810  0.009978  -0.007799  0.028262  0.999570  -0.078059  -0.996568  0.027568  -0.001738  -0.002403  -0.002974  0.000000  0.000000  0.000000  2.000000  0.999781  -0.001457  -0.020863  0.020862  -0.000766  0.999782  -0.001473  -0.999999  -0.000736  1.000000  -0.000139  -0.000201  0.000140  1.000000  0.000865  0.000201  -0.000865  1.000000  1.000000  0.000000  0.000000  0.000000  1.000000  0.000000  0.000000  0.000000  1.000000  0.999781  -0.001457  -0.020863  0.020862  -0.000766  0.999782  -0.001473  -0.999999  -0.000736  0.000000  0.000000  
12.487822 -0.000595  0.088491  -0.005449  0.996929  -0.077678  0.009965  -0.007799  0.028139  0.999574  -0.077926  -0.996581  0.027447  -0.001816  -0.002452  -0.003244  0.000000  0.000000  0.000000  2.000000  0.999781  -0.001457  -0.020863  0.020862  -0.000766  0.999782  -0.001473  -0.999999  -0.000736  1.000000  0.000006  0.000205  -0.000006  1.000000  0.000954  -0.000205  -0.000954  1.000000  1.000000  0.000000  0.000000  0.000000  1.000000  0.000000  0.000000  0.000000  1.000000  0.999781  -0.001457  -0.020863  0.020862  -0.000766  0.999782  -0.001473  -0.999999  -0.000736  0.000000  0.000000  
12.488824 -0.000597  0.088488  -0.005454  0.996927  -0.077672  0.010171  -0.008004  0.028155  0.999572  -0.077926  -0.996581  0.027447  -0.001849  -0.002522  -0.003476  0.000000  0.000000  0.000000  2.000000  0.999781  -0.001457  -0.020863  0.020862  -0.000766  0.999782  -0.001473  -0.999999  -0.000736  1.000000  0.000017  0.000616  -0.000018  1.000000  0.000922  -0.000615  -0.000922  0.999999  1.000000  0.000000  0.000000  0.000000  1.000000  0.000000  0.000000  0.000000  1.000000  0.999781  -0.001457  -0.020863  0.020862  -0.000766  0.999782  -0.001473  -0.999999  -0.000736  0.000000  0.000000  
12.490065 -0.000599  0.088484  -0.005459  0.996925  -0.077668  0.010367  -0.008210  0.028050  0.999573  -0.077926  -0.996585  0.027326  -0.001878  -0.002599  -0.003659  0.000000  0.000000  0.000000  2.000000  0.999781  -0.001457  -0.020863  0.020862  -0.000766  0.999782  -0.001473  -0.999999  -0.000736  1.000000  0.000023  0.000821  -0.000023  1.000000  0.000906  -0.000821  -0.000906  0.999999  1.000000  0.000000  0.000000  0.000000  1.000000  0.000000  0.000000  0.000000  1.000000  0.999781  -0.001457  -0.020863  0.020862  -0.000766  0.999782  -0.001473  -0.999999  -0.000736  0.000000  0.000000  
12.491317 -0.000601  0.088481  -0.005465  0.996925  -0.077668  0.010367  -0.008210  0.028050  0.999573  -0.077926  -0.996585  0.027326  -0.001893  -0.002640  -0.003835  0.000000  0.000000  0.000000  2.000000  0.999781  -0.001457  -0.020863  0.020862  -0.000766  0.999782  -0.001473  -0.999999  -0.000736  0.999999  0.000028  0.001026  -0.000029  1.000000  0.000890  -0.001026  -0.000890  0.999999  1.000000  0.000000  0.000000  0.000000  1.000000  0.000000  0.000000  0.000000  1.000000  0.999781  -0.001457  -0.020863  0.020862  -0.000766  0.999782  -0.001473  -0.999999  -0.000736  0.000000  0.000000  
