1-Time 2-Px 3-Py 4-Pz 5-R11 6-R21 7-R31 8-R12 9-R22 10-R32 11-R13 12-R23 13-R33 14-Vx 15-Vy 16-Vz 17-Wx 18-Wy 19-Wz 20-state 21-PR11 22-PR21 23-PR31 24-PR12 25-PR22 26-PR32 27-PR13 28-PR23 29-PR33 
86.778462 0.009964  0.093931  -0.007680  0.998809  0.037953  -0.030646  -0.037853  0.999276  0.003832  0.030769  -0.002667  0.999523  -0.000918  0.000393  0.002522  0.000000  0.000000  0.000000  2.000000  1.000000  0.000000  0.000000  -0.000000  1.000000  0.000000  0.000000  -0.000000  1.000000  1.000000  -0.000413  0.000668  0.000413  1.000000  -0.000013  -0.000668  0.000013  1.000000  1.000000  0.000000  0.000000  0.000000  1.000000  0.000000  0.000000  0.000000  1.000000  0.500930  0.805672  -0.316168  -0.798662  0.571060  0.189813  0.333478  0.157428  0.929521  0.000000  0.000000  
86.779465 0.009963  0.093931  -0.007678  0.998809  0.037953  -0.030646  -0.037853  0.999276  0.003832  0.030769  -0.002667  0.999523  -0.000895  0.000364  0.002495  0.000000  0.000000  0.000000  2.000000  1.000000  0.000000  0.000000  0.000000  1.000000  0.000000  0.000000  0.000000  1.000000  1.000000  -0.000413  0.000668  0.000413  1.000000  -0.000013  -0.000668  0.000013  1.000000  1.000000  0.000000  0.000000  0.000000  1.000000  0.000000  0.000000  0.000000  1.000000  1.000000  0.000000  0.000000  0.000000  1.000000  0.000000  0.000000  0.000000  1.000000  0.000000  0.000000  
86.780466 0.009963  0.093930  -0.007678  0.998809  0.037957  -0.030641  -0.037853  0.999275  0.003953  0.030769  -0.002789  0.999523  -0.000812  0.000294  0.002334  0.000000  0.000000  0.000000  2.000000  1.000000  0.000000  0.000000  0.000000  1.000000  0.000000  0.000000  0.000000  1.000000  1.000000  -0.000413  0.000668  0.000413  1.000000  0.000109  -0.000668  -0.000108  1.000000  1.000000  0.000000  0.000000  0.000000  1.000000  0.000000  0.000000  0.000000  1.000000  1.000000  0.000000  0.000000  0.000000  1.000000  0.000000  0.000000  0.000000  1.000000  0.000000  0.000000  
86.781718 0.009964  0.093929  -0.007678  0.998802  0.038163  -0.030640  -0.038059  0.999268  0.003959  0.030769  -0.002789  0.999523  -0.000682  0.000166  0.002122  0.000000  0.000000  0.000000  2.000000  1.000000  0.000000  0.000000  0.000000  1.000000  0.000000  0.000000  0.000000  1.000000  1.000000  -0.000208  0.000668  0.000208  1.000000  0.000115  -0.000668  -0.000115  1.000000  1.000000  0.000000  0.000000  0.000000  1.000000  0.000000  0.000000  0.000000  1.000000  1.000000  0.000000  0.000000  0.000000  1.000000  0.000000  0.000000  0.000000  1.000000  0.000000  0.000000  
86.782719 0.009965  0.093928  -0.007680  0.998802  0.038163  -0.030640  -0.038059  0.999268  0.003959  0.030769  -0.002789  0.999523  -0.000550  0.000060  0.001863  0.000000  0.000000  0.000000  2.000000  1.000000  0.000000  0.000000  0.000000  1.000000  0.000000  0.000000  0.000000  1.000000  1.000000  -0.000208  0.000668  0.000208  1.000000  0.000115  -0.000668  -0.000115  1.000000  1.000000  0.000000  0.000000  0.000000  1.000000  0.000000  0.000000  0.000000  1.000000  1.000000  0.000000  0.000000  0.000000  1.000000  0.000000  0.000000  0.000000  1.000000  0.000000  0.000000  
86.783964 0.009967  0.093926  -0.007681  0.998802  0.038163  -0.030640  -0.038059  0.999268  0.003959  0.030769  -0.002789  0.999523  -0.000341  -0.000076  0.001575  0.000000  0.000000  0.000000  2.000000  1.000000  0.000000  0.000000  0.000000  1.000000  0.000000  0.000000  0.000000  1.000000  1.000000  -0.000207  0.000535  0.000207  1.000000  0.000115  -0.000535  -0.000115  1.000000  1.000000  0.000000  0.000000  0.000000  1.000000  0.000000  0.000000  0.000000  1.000000  1.000000  0.000000  0.000000  0.000000  1.000000  0.000000  0.000000  0.000000  1.000000  0.000000  0.000000  
86.785222 0.009970  0.093925  -0.007682  0.998794  0.038372  -0.030635  -0.038265  0.999259  0.004087  0.030769  -0.002910  0.999522  -0.000026  -0.000213  0.001277  0.000000  0.000000  0.000000  2.000000  1.000000  0.000000  0.000000  0.000000  1.000000  0.000000  0.000000  0.000000  1.000000  1.000000  -0.000002  0.000535  0.000001  1.000000  0.000243  -0.000535  -0.000243  1.000000  1.000000  0.000000  0.000000  0.000000  1.000000  0.000000  0.000000  0.000000  1.000000  1.000000  0.000000  0.000000  0.000000  1.000000  0.000000  0.000000  0.000000  1.000000  0.000000  0.000000  
86.786461 0.009974  0.093924  -0.007683  0.998782  0.038578  -0.030767  -0.038470  0.999251  0.004098  0.030903  -0.002910  0.999518  0.000325  -0.000299  0.000956  0.000000  0.000000  0.000000  2.000000  1.000000  0.000000  0.000000  0.000000  1.000000  0.000000  0.000000  0.000000  1.000000  1.000000  0.000205  0.000402  -0.000205  1.000000  0.000249  -0.000402  -0.000249  1.000000  1.000000  0.000000  0.000000  0.000000  1.000000  0.000000  0.000000  0.000000  1.000000  1.000000  0.000000  0.000000  0.000000  1.000000  0.000000  0.000000  0.000000  1.000000  0.000000  0.000000  
86.787461 0.009978  0.093924  -0.007684  0.998774  0.038784  -0.030767  -0.038676  0.999243  0.004105  0.030903  -0.002910  0.999518  0.000604  -0.000340  0.000756  0.000000  0.000000  0.000000  2.000000  1.000000  0.000000  0.000000  0.000000  1.000000  0.000000  0.000000  0.000000  1.000000  1.000000  0.000617  0.000269  -0.000617  1.000000  0.000262  -0.000269  -0.000262  1.000000  1.000000  0.000000  0.000000  0.000000  1.000000  0.000000  0.000000  0.000000  1.000000  1.000000  0.000000  0.000000  0.000000  1.000000  0.000000  0.000000  0.000000  1.000000  0.000000  0.000000  
86.788717 0.009982  0.093922  -0.007686  0.998766  0.038986  -0.030771  -0.038881  0.999236  0.003990  0.030903  -0.002788  0.999519  0.000955  -0.000489  0.000399  0.000000  0.000000  0.000000  2.000000  1.000000  0.000000  0.000000  0.000000  1.000000  0.000000  0.000000  0.000000  1.000000  1.000000  0.000822  0.000270  -0.000822  1.000000  0.000147  -0.000270  -0.000147  1.000000  1.000000  0.000000  0.000000  0.000000  1.000000  0.000000  0.000000  0.000000  1.000000  1.000000  0.000000  0.000000  0.000000  1.000000  0.000000  0.000000  0.000000  1.000000  0.000000  0.000000  
86.789965 0.009985  0.093921  -0.007689  0.998750  0.039397  -0.030769  -0.039292  0.999220  0.004002  0.030903  -0.002788  0.999519  0.001291  -0.000586  -0.000028  0.000000  0.000000  0.000000  2.000000  1.000000  0.000000  0.000000  0.000000  1.000000  0.000000  0.000000  0.000000  1.000000  0.999999  0.001234  0.000271  -0.001234  0.999999  0.000159  -0.000271  -0.000160  1.000000  1.000000  0.000000  0.000000  0.000000  1.000000  0.000000  0.000000  0.000000  1.000000  1.000000  0.000000  0.000000  0.000000  1.000000  0.000000  0.000000  0.000000  1.000000  0.000000  0.000000  
86.791217 0.009990  0.093920  -0.007693  0.998738  0.039603  -0.030902  -0.039498  0.999212  0.004014  0.031036  -0.002788  0.999514  0.001630  -0.000662  -0.000502  0.000000  0.000000  0.000000  2.000000  1.000000  0.000000  0.000000  0.000000  1.000000  0.000000  0.000000  0.000000  1.000000  0.999999  0.001440  0.000138  -0.001440  0.999999  0.000166  -0.000138  -0.000166  1.000000  1.000000  0.000000  0.000000  0.000000  1.000000  0.000000  0.000000  0.000000  1.000000  1.000000  0.000000  0.000000  0.000000  1.000000  0.000000  0.000000  0.000000  1.000000  0.000000  0.000000  
86.792223 0.009994  0.093920  -0.007695  0.998729  0.039809  -0.030901  -0.039704  0.999203  0.004020  0.031036  -0.002788  0.999514  0.001952  -0.000672  -0.000855  0.000000  0.000000  0.000000  2.000000  1.000000  0.000000  0.000000  0.000000  1.000000  0.000000  0.000000  0.000000  1.000000  0.999999  0.001646  0.000005  -0.001646  0.999999  0.000172  -0.000004  -0.000172  1.000000  1.000000  0.000000  0.000000  0.000000  1.000000  0.000000  0.000000  0.000000  1.000000  1.000000  0.000000  0.000000  0.000000  1.000000  0.000000  0.000000  0.000000  1.000000  0.000000  0.000000  
86.793469 0.009998  0.093920  -0.007700  0.998709  0.040217  -0.031038  -0.040115  0.999187  0.003917  0.031170  -0.002667  0.999511  0.002373  -0.000756  -0.001407  0.000000  0.000000  0.000000  2.000000  1.000000  0.000000  0.000000  0.000000  1.000000  0.000000  0.000000  0.000000  1.000000  0.999998  0.001852  -0.000129  -0.001852  0.999998  0.000179  0.000129  -0.000179  1.000000  1.000000  0.000000  0.000000  0.000000  1.000000  0.000000  0.000000  0.000000  1.000000  1.000000  0.000000  0.000000  0.000000  1.000000  0.000000  0.000000  0.000000  1.000000  0.000000  0.000000  
86.794479 0.010002  0.093919  -0.007704  0.998701  0.040423  -0.031037  -0.040320  0.999179  0.003924  0.031170  -0.002667  0.999511  0.002665  -0.000794  -0.001783  0.000000  0.000000  0.000000  2.000000  1.000000  0.000000  0.000000  0.000000  1.000000  0.000000  0.000000  0.000000  1.000000  0.999997  0.002264  -0.000128  -0.002264  0.999997  0.000071  0.000128  -0.000070  1.000000  1.000000  0.000000  0.000000  0.000000  1.000000  0.000000  0.000000  0.000000  1.000000  1.000000  0.000000  0.000000  0.000000  1.000000  0.000000  0.000000  0.000000  1.000000  0.000000  0.000000  
86.795715 0.010007  0.093919  -0.007710  0.998688  0.040629  -0.031170  -0.040526  0.999171  0.003936  0.031304  -0.002667  0.999506  0.002940  -0.000769  -0.002147  0.000000  0.000000  0.000000  2.000000  1.000000  0.000000  0.000000  0.000000  1.000000  0.000000  0.000000  0.000000  1.000000  0.999996  0.002676  -0.000394  -0.002676  0.999996  0.000084  0.000394  -0.000083  1.000000  1.000000  0.000000  0.000000  0.000000  1.000000  0.000000  0.000000  0.000000  1.000000  1.000000  0.000000  0.000000  0.000000  1.000000  0.000000  0.000000  0.000000  1.000000  0.000000  0.000000  
86.796719 0.010012  0.093918  -0.007713  0.998680  0.040835  -0.031169  -0.040731  0.999162  0.003942  0.031304  -0.002667  0.999506  0.003268  -0.000719  -0.002345  0.000000  0.000000  0.000000  2.000000  1.000000  0.000000  0.000000  0.000000  1.000000  0.000000  0.000000  0.000000  1.000000  0.999996  0.002882  -0.000394  -0.002882  0.999996  0.000090  0.000394  -0.000089  1.000000  1.000000  0.000000  0.000000  0.000000  1.000000  0.000000  0.000000  0.000000  1.000000  1.000000  0.000000  0.000000  0.000000  1.000000  0.000000  0.000000  0.000000  1.000000  0.000000  0.000000  
86.797719 0.010017  0.093918  -0.007716  0.998667  0.041041  -0.031302  -0.040937  0.999154  0.003954  0.031438  -0.002667  0.999502  0.003492  -0.000655  -0.002501  0.000000  0.000000  0.000000  2.000000  1.000000  0.000000  0.000000  0.000000  1.000000  0.000000  0.000000  0.000000  1.000000  0.999995  0.003088  -0.000661  -0.003088  0.999995  0.000097  0.000661  -0.000095  1.000000  1.000000  0.000000  0.000000  0.000000  1.000000  0.000000  0.000000  0.000000  1.000000  1.000000  0.000000  0.000000  0.000000  1.000000  0.000000  0.000000  0.000000  1.000000  0.000000  0.000000  
86.798964 0.010022  0.093917  -0.007720  0.998650  0.041452  -0.031300  -0.041348  0.999137  0.003967  0.031438  -0.002667  0.999502  0.003687  -0.000635  -0.002629  0.000000  0.000000  0.000000  2.000000  1.000000  0.000000  0.000000  0.000000  1.000000  0.000000  0.000000  0.000000  1.000000  0.999994  0.003500  -0.000659  -0.003500  0.999994  0.000110  0.000660  -0.000108  1.000000  1.000000  0.000000  0.000000  0.000000  1.000000  0.000000  0.000000  0.000000  1.000000  1.000000  0.000000  0.000000  0.000000  1.000000  0.000000  0.000000  0.000000  1.000000  0.000000  0.000000  
86.799967 0.010027  0.093915  -0.007724  0.998642  0.041658  -0.031299  -0.041553  0.999128  0.003973  0.031438  -0.002667  0.999502  0.003857  -0.000662  -0.002824  0.000000  0.000000  0.000000  2.000000  1.000000  0.000000  0.000000  0.000000  1.000000  0.000000  0.000000  0.000000  1.000000  0.999993  0.003706  -0.000659  -0.003706  0.999993  0.000116  0.000659  -0.000114  1.000000  1.000000  0.000000  0.000000  0.000000  1.000000  0.000000  0.000000  0.000000  1.000000  1.000000  0.000000  0.000000  0.000000  1.000000  0.000000  0.000000  0.000000  1.000000  0.000000  0.000000  
86.801224 0.010033  0.093913  -0.007728  0.998624  0.042069  -0.031298  -0.041965  0.999111  0.003986  0.031438  -0.002667  0.999502  0.004003  -0.000735  -0.003022  0.000000  0.000000  0.000000  2.000000  1.000000  0.000000  0.000000  0.000000  1.000000  0.000000  0.000000  0.000000  1.000000  0.999991  0.004117  -0.000658  -0.004117  0.999992  0.000008  0.000658  -0.000005  1.000000  1.000000  0.000000  0.000000  0.000000  1.000000  0.000000  0.000000  0.000000  1.000000  1.000000  0.000000  0.000000  0.000000  1.000000  0.000000  0.000000  0.000000  1.000000  0.000000  0.000000  
86.802467 0.010039  0.093910  -0.007734  0.998612  0.042275  -0.031430  -0.042170  0.999102  0.003998  0.031571  -0.002667  0.999498  0.004080  -0.000879  -0.003373  0.000000  0.000000  0.000000  2.000000  1.000000  0.000000  0.000000  0.000000  1.000000  0.000000  0.000000  0.000000  1.000000  0.999991  0.004118  -0.000792  -0.004118  0.999992  0.000009  0.000792  -0.000005  1.000000  1.000000  0.000000  0.000000  0.000000  1.000000  0.000000  0.000000  0.000000  1.000000  1.000000  0.000000  0.000000  0.000000  1.000000  0.000000  0.000000  0.000000  1.000000  0.000000  0.000000  
86.803717 0.010044  0.093907  -0.007740  0.998603  0.042481  -0.031430  -0.042376  0.999094  0.004005  0.031571  -0.002667  0.999498  0.004168  -0.001011  -0.003618  0.000000  0.000000  0.000000  2.000000  1.000000  0.000000  0.000000  0.000000  1.000000  0.000000  0.000000  0.000000  1.000000  0.999990  0.004323  -0.000791  -0.004323  0.999991  0.000015  0.000791  -0.000012  1.000000  1.000000  0.000000  0.000000  0.000000  1.000000  0.000000  0.000000  0.000000  1.000000  1.000000  0.000000  0.000000  0.000000  1.000000  0.000000  0.000000  0.000000  1.000000  0.000000  0.000000  
86.804963 0.010050  0.093903  -0.007746  0.998585  0.042892  -0.031428  -0.042787  0.999076  0.004018  0.031571  -0.002667  0.999498  0.004302  -0.001150  -0.003798  0.000000  0.000000  0.000000  2.000000  1.000000  0.000000  0.000000  0.000000  1.000000  0.000000  0.000000  0.000000  1.000000  0.999989  0.004529  -0.000790  -0.004529  0.999990  0.000022  0.000790  -0.000018  1.000000  1.000000  0.000000  0.000000  0.000000  1.000000  0.000000  0.000000  0.000000  1.000000  1.000000  0.000000  0.000000  0.000000  1.000000  0.000000  0.000000  0.000000  1.000000  0.000000  0.000000  
86.805964 0.010055  0.093901  -0.007751  0.998576  0.043098  -0.031427  -0.042992  0.999067  0.004024  0.031571  -0.002667  0.999498  0.004399  -0.001283  -0.003926  0.005403  0.022020  0.172932  2.000000  1.000000  0.000000  0.000000  0.000000  1.000000  0.000000  0.000000  0.000000  1.000000  0.999990  0.004323  -0.000657  -0.004323  0.999991  -0.000106  0.000657  0.000109  1.000000  1.000000  0.000000  0.000000  0.000000  1.000000  0.000000  0.000000  0.000000  1.000000  1.000000  0.000000  0.000000  0.000000  1.000000  0.000000  0.000000  0.000000  1.000000  0.000000  0.000000  
86.807218 0.010061  0.093899  -0.007757  0.998572  0.043303  -0.031293  -0.043198  0.999058  0.004025  0.031438  -0.002667  0.999502  0.004485  -0.001442  -0.004085  0.005550  0.021827  0.178422  2.000000  1.000000  0.000000  0.000000  0.000000  1.000000  0.000000  0.000000  0.000000  1.000000  0.999990  0.004528  -0.000523  -0.004528  0.999990  -0.000100  0.000522  0.000103  1.000000  1.000000  0.000000  0.000000  0.000000  1.000000  0.000000  0.000000  0.000000  1.000000  1.000000  0.000000  0.000000  0.000000  1.000000  0.000000  0.000000  0.000000  1.000000  0.000045  0.000000  
86.808464 0.010067  0.093896  -0.007762  0.998563  0.043505  -0.031297  -0.043404  0.999050  0.003910  0.031438  -0.002546  0.999502  0.004557  -0.001575  -0.004106  0.001735  0.022009  0.186883  2.000000  1.000000  0.000000  0.000000  0.000000  1.000000  0.000000  0.000000  0.000000  1.000000  0.999990  0.004528  -0.000523  -0.004528  0.999990  -0.000222  0.000522  0.000224  1.000000  1.000000  0.000000  0.000000  0.000000  1.000000  0.000000  0.000000  0.000000  1.000000  1.000000  0.000000  0.000000  0.000000  1.000000  0.000000  0.000000  0.000000  1.000000  0.000047  0.000000  
86.809714 0.010073  0.093894  -0.007765  0.998554  0.043711  -0.031296  -0.043609  0.999041  0.003916  0.031438  -0.002546  0.999502  0.004611  -0.001644  -0.004007  0.001935  0.021817  0.192274  2.000000  1.000000  0.000000  0.000000  0.000000  1.000000  0.000000  0.000000  0.000000  1.000000  0.999991  0.004323  -0.000524  -0.004323  0.999991  -0.000107  0.000523  0.000109  1.000000  1.000000  0.000000  0.000000  0.000000  1.000000  0.000000  0.000000  0.000000  1.000000  1.000000  0.000000  0.000000  0.000000  1.000000  0.000000  0.000000  0.000000  1.000000  0.000047  0.000000  
86.810718 0.010077  0.093893  -0.007768  0.998554  0.043711  -0.031296  -0.043609  0.999041  0.003916  0.031438  -0.002546  0.999502  0.004643  -0.001704  -0.003872  -0.002110  0.021788  0.192119  2.000000  1.000000  0.000000  0.000000  0.000000  1.000000  0.000000  0.000000  0.000000  1.000000  0.999991  0.004323  -0.000524  -0.004323  0.999991  -0.000107  0.000523  0.000109  1.000000  1.000000  0.000000  0.000000  0.000000  1.000000  0.000000  0.000000  0.000000  1.000000  1.000000  0.000000  0.000000  0.000000  1.000000  0.000000  0.000000  0.000000  1.000000  0.000048  0.000000  
86.811968 0.010082  0.093891  -0.007770  0.998545  0.043916  -0.031296  -0.043815  0.999032  0.003923  0.031438  -0.002546  0.999502  0.004617  -0.001803  -0.003792  -0.002110  0.021789  0.192130  2.000000  1.000000  0.000000  0.000000  0.000000  1.000000  0.000000  0.000000  0.000000  1.000000  0.999991  0.004322  -0.000390  -0.004322  0.999991  -0.000107  0.000390  0.000108  1.000000  1.000000  0.000000  0.000000  0.000000  1.000000  0.000000  0.000000  0.000000  1.000000  1.000000  0.000000  0.000000  0.000000  1.000000  0.000000  0.000000  0.000000  1.000000  0.000048  0.000000  
86.813217 0.010087  0.093889  -0.007773  0.998540  0.044122  -0.031161  -0.044021  0.999023  0.003923  0.031304  -0.002546  0.999507  0.004554  -0.001929  -0.003728  -0.001910  0.017309  0.198965  2.000000  1.000000  0.000000  0.000000  0.000000  1.000000  0.000000  0.000000  0.000000  1.000000  0.999992  0.003910  -0.000257  -0.003910  0.999992  -0.000120  0.000257  0.000121  1.000000  1.000000  0.000000  0.000000  0.000000  1.000000  0.000000  0.000000  0.000000  1.000000  1.000000  0.000000  0.000000  0.000000  1.000000  0.000000  0.000000  0.000000  1.000000  0.000048  0.000000  
86.814468 0.010091  0.093886  -0.007777  0.998540  0.044118  -0.031166  -0.044021  0.999023  0.003802  0.031304  -0.002425  0.999507  0.004465  -0.002003  -0.003654  -0.006218  0.017484  0.193713  2.000000  1.000000  0.000000  0.000000  0.000000  1.000000  0.000000  0.000000  0.000000  1.000000  0.999993  0.003704  -0.000124  -0.003704  0.999993  -0.000005  0.000124  0.000006  1.000000  1.000000  0.000000  0.000000  0.000000  1.000000  0.000000  0.000000  0.000000  1.000000  1.000000  0.000000  0.000000  0.000000  1.000000  0.000000  0.000000  0.000000  1.000000  0.000050  0.000000  
86.815713 0.010095  0.093882  -0.007780  0.998531  0.044324  -0.031166  -0.044226  0.999014  0.003809  0.031304  -0.002425  0.999507  0.004274  -0.002130  -0.003623  -0.010198  0.012869  0.192108  2.000000  1.000000  0.000000  0.000000  0.000000  1.000000  0.000000  0.000000  0.000000  1.000000  0.999994  0.003498  0.000009  -0.003498  0.999994  -0.000133  -0.000009  0.000133  1.000000  1.000000  0.000000  0.000000  0.000000  1.000000  0.000000  0.000000  0.000000  1.000000  1.000000  0.000000  0.000000  0.000000  1.000000  0.000000  0.000000  0.000000  1.000000  0.000047  0.000000  
86.816716 0.010097  0.093879  -0.007784  0.998531  0.044324  -0.031166  -0.044226  0.999014  0.003809  0.031304  -0.002425  0.999507  0.004116  -0.002183  -0.003585  -0.010499  0.012995  0.186805  2.000000  1.000000  0.000000  0.000000  0.000000  1.000000  0.000000  0.000000  0.000000  1.000000  0.999994  0.003498  0.000009  -0.003498  0.999994  -0.000133  -0.000009  0.000133  1.000000  1.000000  0.000000  0.000000  0.000000  1.000000  0.000000  0.000000  0.000000  1.000000  1.000000  0.000000  0.000000  0.000000  1.000000  0.000000  0.000000  0.000000  1.000000  0.000049  0.000000  
86.817717 0.010100  0.093876  -0.007787  0.998535  0.044323  -0.031032  -0.044226  0.999014  0.003803  0.031170  -0.002425  0.999511  0.003993  -0.002225  -0.003451  -0.010724  0.008514  0.179844  2.000000  1.000000  0.000000  0.000000  0.000000  1.000000  0.000000  0.000000  0.000000  1.000000  0.999995  0.003292  0.000276  -0.003292  0.999995  -0.000140  -0.000276  0.000139  1.000000  1.000000  0.000000  0.000000  0.000000  1.000000  0.000000  0.000000  0.000000  1.000000  1.000000  0.000000  0.000000  0.000000  1.000000  0.000000  0.000000  0.000000  1.000000  0.000047  0.000000  
86.818967 0.010103  0.093873  -0.007789  0.998535  0.044319  -0.031037  -0.044226  0.999015  0.003682  0.031170  -0.002304  0.999511  0.003854  -0.002222  -0.003179  -0.010939  0.008554  0.172937  2.000000  1.000000  0.000000  0.000000  0.000000  1.000000  0.000000  0.000000  0.000000  1.000000  0.999995  0.003086  0.000275  -0.003086  0.999995  -0.000268  -0.000276  0.000267  1.000000  1.000000  0.000000  0.000000  0.000000  1.000000  0.000000  0.000000  0.000000  1.000000  1.000000  0.000000  0.000000  0.000000  1.000000  0.000000  0.000000  0.000000  1.000000  0.000045  0.000000  
86.820234 0.010106  0.093869  -0.007791  0.998526  0.044525  -0.031037  -0.044432  0.999006  0.003688  0.031170  -0.002304  0.999511  0.003667  -0.002242  -0.002889  -0.010932  0.008549  0.172827  2.000000  1.000000  0.000000  0.000000  0.000000  1.000000  0.000000  0.000000  0.000000  1.000000  0.999996  0.002880  0.000274  -0.002880  0.999996  -0.000274  -0.000275  0.000273  1.000000  1.000000  0.000000  0.000000  0.000000  1.000000  0.000000  0.000000  0.000000  1.000000  1.000000  0.000000  0.000000  0.000000  1.000000  0.000000  0.000000  0.000000  1.000000  0.000043  0.000000  
86.821466 0.010109  0.093866  -0.007795  0.998526  0.044525  -0.031037  -0.044432  0.999006  0.003688  0.031170  -0.002304  0.999511  0.003403  -0.002334  -0.002721  0.000000  0.000000  0.000000  2.000000  1.000000  0.000000  0.000000  0.000000  1.000000  0.000000  0.000000  0.000000  1.000000  0.999997  0.002469  0.000273  -0.002469  0.999997  -0.000287  -0.000274  0.000286  1.000000  1.000000  0.000000  0.000000  0.000000  1.000000  0.000000  0.000000  0.000000  1.000000  1.000000  0.000000  0.000000  0.000000  1.000000  0.000000  0.000000  0.000000  1.000000  0.000000  0.000000  
86.822715 0.010111  0.093862  -0.007796  0.998530  0.044525  -0.030903  -0.044432  0.999006  0.003682  0.031036  -0.002304  0.999516  0.003152  -0.002390  -0.002492  0.000000  0.000000  0.000000  2.000000  1.000000  0.000000  0.000000  0.000000  1.000000  0.000000  0.000000  0.000000  1.000000  0.999997  0.002262  0.000540  -0.002262  0.999997  -0.000294  -0.000541  0.000292  1.000000  1.000000  0.000000  0.000000  0.000000  1.000000  0.000000  0.000000  0.000000  1.000000  1.000000  0.000000  0.000000  0.000000  1.000000  0.000000  0.000000  0.000000  1.000000  0.000000  0.000000  
86.823965 0.010113  0.093858  -0.007800  0.998530  0.044525  -0.030903  -0.044432  0.999006  0.003682  0.031036  -0.002304  0.999516  0.002891  -0.002520  -0.002451  0.000000  0.000000  0.000000  2.000000  1.000000  0.000000  0.000000  0.000000  1.000000  0.000000  0.000000  0.000000  1.000000  0.999998  0.002056  0.000540  -0.002056  0.999998  -0.000300  -0.000541  0.000299  1.000000  1.000000  0.000000  0.000000  0.000000  1.000000  0.000000  0.000000  0.000000  1.000000  1.000000  0.000000  0.000000  0.000000  1.000000  0.000000  0.000000  0.000000  1.000000  0.000000  0.000000  
86.824965 0.010114  0.093855  -0.007803  0.998530  0.044525  -0.030903  -0.044432  0.999006  0.003682  0.031036  -0.002304  0.999516  0.002645  -0.002654  -0.002448  0.000000  0.000000  0.000000  2.000000  1.000000  0.000000  0.000000  0.000000  1.000000  0.000000  0.000000  0.000000  1.000000  0.999998  0.001851  0.000540  -0.001851  0.999998  -0.000306  -0.000540  0.000305  1.000000  1.000000  0.000000  0.000000  0.000000  1.000000  0.000000  0.000000  0.000000  1.000000  1.000000  0.000000  0.000000  0.000000  1.000000  0.000000  0.000000  0.000000  1.000000  0.000000  0.000000  
86.825969 0.010115  0.093852  -0.007806  0.998530  0.044525  -0.030903  -0.044432  0.999006  0.003682  0.031036  -0.002304  0.999516  0.002398  -0.002764  -0.002489  0.000000  0.000000  0.000000  2.000000  1.000000  0.000000  0.000000  0.000000  1.000000  0.000000  0.000000  0.000000  1.000000  0.999999  0.001645  0.000539  -0.001645  0.999999  -0.000313  -0.000540  0.000312  1.000000  1.000000  0.000000  0.000000  0.000000  1.000000  0.000000  0.000000  0.000000  1.000000  1.000000  0.000000  0.000000  0.000000  1.000000  0.000000  0.000000  0.000000  1.000000  0.000000  0.000000  
86.826969 0.010115  0.093848  -0.007809  0.998534  0.044525  -0.030769  -0.044432  0.999006  0.003676  0.030903  -0.002304  0.999520  0.002123  -0.002905  -0.002554  0.000000  0.000000  0.000000  2.000000  1.000000  0.000000  0.000000  0.000000  1.000000  0.000000  0.000000  0.000000  1.000000  0.999999  0.001439  0.000672  -0.001439  0.999999  -0.000319  -0.000673  0.000318  1.000000  1.000000  0.000000  0.000000  0.000000  1.000000  0.000000  0.000000  0.000000  1.000000  1.000000  0.000000  0.000000  0.000000  1.000000  0.000000  0.000000  0.000000  1.000000  0.000000  0.000000  
86.828220 0.010115  0.093844  -0.007812  0.998534  0.044525  -0.030769  -0.044432  0.999006  0.003676  0.030903  -0.002304  0.999520  0.001833  -0.003039  -0.002580  0.000000  0.000000  0.000000  2.000000  1.000000  0.000000  0.000000  0.000000  1.000000  0.000000  0.000000  0.000000  1.000000  0.999999  0.001233  0.000538  -0.001233  0.999999  -0.000326  -0.000538  0.000325  1.000000  1.000000  0.000000  0.000000  0.000000  1.000000  0.000000  0.000000  0.000000  1.000000  1.000000  0.000000  0.000000  0.000000  1.000000  0.000000  0.000000  0.000000  1.000000  0.000000  0.000000  
86.829466 0.010115  0.093840  -0.007815  0.998534  0.044525  -0.030769  -0.044432  0.999006  0.003676  0.030903  -0.002304  0.999520  0.001593  -0.003071  -0.002559  0.000000  0.000000  0.000000  2.000000  1.000000  0.000000  0.000000  0.000000  1.000000  0.000000  0.000000  0.000000  1.000000  0.999999  0.001028  0.000538  -0.001027  0.999999  -0.000211  -0.000538  0.000210  1.000000  1.000000  0.000000  0.000000  0.000000  1.000000  0.000000  0.000000  0.000000  1.000000  1.000000  0.000000  0.000000  0.000000  1.000000  0.000000  0.000000  0.000000  1.000000  0.000000  0.000000  
86.830719 0.010115  0.093836  -0.007818  0.998534  0.044525  -0.030769  -0.044432  0.999006  0.003676  0.030903  -0.002304  0.999520  0.001303  -0.003083  -0.002482  0.000000  0.000000  0.000000  2.000000  1.000000  0.000000  0.000000  0.000000  1.000000  0.000000  0.000000  0.000000  1.000000  1.000000  0.000822  0.000537  -0.000822  1.000000  -0.000217  -0.000537  0.000217  1.000000  1.000000  0.000000  0.000000  0.000000  1.000000  0.000000  0.000000  0.000000  1.000000  1.000000  0.000000  0.000000  0.000000  1.000000  0.000000  0.000000  0.000000  1.000000  0.000000  0.000000  
86.831720 0.010115  0.093833  -0.007819  0.998534  0.044525  -0.030769  -0.044432  0.999006  0.003676  0.030903  -0.002304  0.999520  0.001144  -0.003067  -0.002328  0.000000  0.000000  0.000000  2.000000  1.000000  0.000000  0.000000  0.000000  1.000000  0.000000  0.000000  0.000000  1.000000  1.000000  0.000616  0.000537  -0.000616  1.000000  -0.000224  -0.000537  0.000223  1.000000  1.000000  0.000000  0.000000  0.000000  1.000000  0.000000  0.000000  0.000000  1.000000  1.000000  0.000000  0.000000  0.000000  1.000000  0.000000  0.000000  0.000000  1.000000  0.000000  0.000000  
86.832968 0.010114  0.093830  -0.007820  0.998534  0.044525  -0.030769  -0.044432  0.999006  0.003676  0.030903  -0.002304  0.999520  0.000912  -0.003001  -0.002192  0.000000  0.000000  0.000000  2.000000  1.000000  0.000000  0.000000  0.000000  1.000000  0.000000  0.000000  0.000000  1.000000  1.000000  0.000616  0.000403  -0.000616  1.000000  -0.000224  -0.000403  0.000223  1.000000  1.000000  0.000000  0.000000  0.000000  1.000000  0.000000  0.000000  0.000000  1.000000  1.000000  0.000000  0.000000  0.000000  1.000000  0.000000  0.000000  0.000000  1.000000  0.000000  0.000000  
86.834222 0.010114  0.093828  -0.007821  0.998534  0.044525  -0.030769  -0.044432  0.999006  0.003676  0.030903  -0.002304  0.999520  0.000680  -0.002932  -0.002054  0.000000  0.000000  0.000000  2.000000  1.000000  0.000000  0.000000  0.000000  1.000000  0.000000  0.000000  0.000000  1.000000  1.000000  0.000411  0.000402  -0.000411  1.000000  -0.000230  -0.000402  0.000230  1.000000  1.000000  0.000000  0.000000  0.000000  1.000000  0.000000  0.000000  0.000000  1.000000  1.000000  0.000000  0.000000  0.000000  1.000000  0.000000  0.000000  0.000000  1.000000  0.000000  0.000000  
86.835224 0.010114  0.093826  -0.007821  0.998534  0.044525  -0.030769  -0.044432  0.999006  0.003676  0.030903  -0.002304  0.999520  0.000551  -0.002882  -0.001978  0.000000  0.000000  0.000000  2.000000  1.000000  0.000000  0.000000  0.000000  1.000000  0.000000  0.000000  0.000000  1.000000  1.000000  0.000411  0.000402  -0.000411  1.000000  -0.000109  -0.000402  0.000108  1.000000  1.000000  0.000000  0.000000  0.000000  1.000000  0.000000  0.000000  0.000000  1.000000  1.000000  0.000000  0.000000  0.000000  1.000000  0.000000  0.000000  0.000000  1.000000  0.000000  0.000000  
86.836469 0.010114  0.093824  -0.007822  0.998534  0.044525  -0.030769  -0.044432  0.999006  0.003676  0.030903  -0.002304  0.999520  0.000359  -0.002831  -0.001851  0.000000  0.000000  0.000000  2.000000  1.000000  0.000000  0.000000  0.000000  1.000000  0.000000  0.000000  0.000000  1.000000  1.000000  0.000205  0.000402  -0.000205  1.000000  -0.000115  -0.000402  0.000115  1.000000  1.000000  0.000000  0.000000  0.000000  1.000000  0.000000  0.000000  0.000000  1.000000  1.000000  0.000000  0.000000  0.000000  1.000000  0.000000  0.000000  0.000000  1.000000  0.000000  0.000000  
86.837715 0.010115  0.093821  -0.007824  0.998534  0.044525  -0.030769  -0.044432  0.999006  0.003676  0.030903  -0.002304  0.999520  0.000197  -0.002747  -0.001802  0.000000  0.000000  0.000000  2.000000  1.000000  0.000000  0.000000  0.000000  1.000000  0.000000  0.000000  0.000000  1.000000  1.000000  0.000205  0.000268  -0.000205  1.000000  -0.000115  -0.000268  0.000115  1.000000  1.000000  0.000000  0.000000  0.000000  1.000000  0.000000  0.000000  0.000000  1.000000  1.000000  0.000000  0.000000  0.000000  1.000000  0.000000  0.000000  0.000000  1.000000  0.000000  0.000000  
86.838716 0.010115  0.093819  -0.007826  0.998534  0.044525  -0.030769  -0.044432  0.999006  0.003676  0.030903  -0.002304  0.999520  0.000120  -0.002633  -0.001735  0.000000  0.000000  0.000000  2.000000  1.000000  0.000000  0.000000  0.000000  1.000000  0.000000  0.000000  0.000000  1.000000  1.000000  0.000205  0.000268  -0.000205  1.000000  0.000006  -0.000268  -0.000006  1.000000  1.000000  0.000000  0.000000  0.000000  1.000000  0.000000  0.000000  0.000000  1.000000  1.000000  0.000000  0.000000  0.000000  1.000000  0.000000  0.000000  0.000000  1.000000  0.000000  0.000000  
86.839963 0.010115  0.093817  -0.007827  0.998534  0.044525  -0.030769  -0.044432  0.999006  0.003676  0.030903  -0.002304  0.999520  0.000061  -0.002528  -0.001620  0.000000  0.000000  0.000000  2.000000  1.000000  0.000000  0.000000  0.000000  1.000000  0.000000  0.000000  0.000000  1.000000  1.000000  -0.000001  0.000268  0.000001  1.000000  0.000000  -0.000268  0.000000  1.000000  1.000000  0.000000  0.000000  0.000000  1.000000  0.000000  0.000000  0.000000  1.000000  1.000000  0.000000  0.000000  0.000000  1.000000  0.000000  0.000000  0.000000  1.000000  0.000000  0.000000  
86.840964 0.010115  0.093815  -0.007828  0.998534  0.044525  -0.030769  -0.044432  0.999006  0.003676  0.030903  -0.002304  0.999520  0.000025  -0.002414  -0.001522  0.000000  0.000000  0.000000  2.000000  1.000000  0.000000  0.000000  0.000000  1.000000  0.000000  0.000000  0.000000  1.000000  1.000000  -0.000001  0.000268  0.000001  1.000000  0.000000  -0.000268  0.000000  1.000000  1.000000  0.000000  0.000000  0.000000  1.000000  0.000000  0.000000  0.000000  1.000000  1.000000  0.000000  0.000000  0.000000  1.000000  0.000000  0.000000  0.000000  1.000000  0.000000  0.000000  
86.841969 0.010116  0.093815  -0.007829  0.998534  0.044525  -0.030769  -0.044432  0.999006  0.003676  0.030903  -0.002304  0.999520  0.000037  -0.002238  -0.001346  0.000000  0.000000  0.000000  2.000000  1.000000  0.000000  0.000000  0.000000  1.000000  0.000000  0.000000  0.000000  1.000000  1.000000  -0.000000  0.000134  0.000000  1.000000  0.000000  -0.000134  0.000000  1.000000  1.000000  0.000000  0.000000  0.000000  1.000000  0.000000  0.000000  0.000000  1.000000  1.000000  0.000000  0.000000  0.000000  1.000000  0.000000  0.000000  0.000000  1.000000  0.000000  0.000000  
86.843215 0.010117  0.093813  -0.007830  0.998534  0.044525  -0.030769  -0.044432  0.999006  0.003676  0.030903  -0.002304  0.999520  0.000103  -0.002063  -0.001174  0.000000  0.000000  0.000000  2.000000  1.000000  0.000000  0.000000  0.000000  1.000000  0.000000  0.000000  0.000000  1.000000  1.000000  -0.000000  0.000134  0.000000  1.000000  0.000000  -0.000134  0.000000  1.000000  1.000000  0.000000  0.000000  0.000000  1.000000  0.000000  0.000000  0.000000  1.000000  1.000000  0.000000  0.000000  0.000000  1.000000  0.000000  0.000000  0.000000  1.000000  0.000000  0.000000  
86.844226 0.010118  0.093812  -0.007831  0.998534  0.044528  -0.030764  -0.044432  0.999005  0.003797  0.030903  -0.002425  0.999519  0.000174  -0.001896  -0.001064  0.000000  0.000000  0.000000  2.000000  1.000000  0.000000  0.000000  0.000000  1.000000  0.000000  0.000000  0.000000  1.000000  1.000000  -0.000000  0.000134  0.000000  1.000000  0.000121  -0.000134  -0.000121  1.000000  1.000000  0.000000  0.000000  0.000000  1.000000  0.000000  0.000000  0.000000  1.000000  1.000000  0.000000  0.000000  0.000000  1.000000  0.000000  0.000000  0.000000  1.000000  0.000000  0.000000  
86.845468 0.010119  0.093810  -0.007833  0.998534  0.044528  -0.030764  -0.044432  0.999005  0.003797  0.030903  -0.002425  0.999519  0.000280  -0.001731  -0.000999  0.000000  0.000000  0.000000  2.000000  1.000000  0.000000  0.000000  0.000000  1.000000  0.000000  0.000000  0.000000  1.000000  1.000000  -0.000000  0.000134  0.000000  1.000000  0.000121  -0.000134  -0.000121  1.000000  1.000000  0.000000  0.000000  0.000000  1.000000  0.000000  0.000000  0.000000  1.000000  1.000000  0.000000  0.000000  0.000000  1.000000  0.000000  0.000000  0.000000  1.000000  0.000000  0.000000  
86.846718 0.010120  0.093809  -0.007834  0.998534  0.044528  -0.030764  -0.044432  0.999005  0.003797  0.030903  -0.002425  0.999519  0.000374  -0.001574  -0.001011  0.000000  0.000000  0.000000  2.000000  1.000000  0.000000  0.000000  0.000000  1.000000  0.000000  0.000000  0.000000  1.000000  1.000000  -0.000000  0.000000  0.000000  1.000000  0.000121  0.000000  -0.000121  1.000000  1.000000  0.000000  0.000000  0.000000  1.000000  0.000000  0.000000  0.000000  1.000000  1.000000  0.000000  0.000000  0.000000  1.000000  0.000000  0.000000  0.000000  1.000000  0.000000  0.000000  
86.847719 0.010122  0.093809  -0.007835  0.998534  0.044528  -0.030764  -0.044432  0.999005  0.003797  0.030903  -0.002425  0.999519  0.000469  -0.001467  -0.000993  0.000000  0.000000  0.000000  2.000000  1.000000  0.000000  0.000000  0.000000  1.000000  0.000000  0.000000  0.000000  1.000000  1.000000  -0.000000  0.000000  0.000000  1.000000  0.000121  0.000000  -0.000121  1.000000  1.000000  0.000000  0.000000  0.000000  1.000000  0.000000  0.000000  0.000000  1.000000  1.000000  0.000000  0.000000  0.000000  1.000000  0.000000  0.000000  0.000000  1.000000  0.000000  0.000000  
86.848969 0.010123  0.093808  -0.007836  0.998534  0.044532  -0.030759  -0.044432  0.999005  0.003918  0.030903  -0.002546  0.999519  0.000612  -0.001311  -0.001064  0.000000  0.000000  0.000000  2.000000  1.000000  0.000000  0.000000  0.000000  1.000000  0.000000  0.000000  0.000000  1.000000  1.000000  -0.000000  0.000000  0.000000  1.000000  0.000243  0.000000  -0.000243  1.000000  1.000000  0.000000  0.000000  0.000000  1.000000  0.000000  0.000000  0.000000  1.000000  1.000000  0.000000  0.000000  0.000000  1.000000  0.000000  0.000000  0.000000  1.000000  0.000000  0.000000  
86.850219 0.010126  0.093808  -0.007838  0.998534  0.044532  -0.030759  -0.044432  0.999005  0.003918  0.030903  -0.002546  0.999519  0.000745  -0.001219  -0.001125  0.000000  0.000000  0.000000  2.000000  1.000000  0.000000  0.000000  0.000000  1.000000  0.000000  0.000000  0.000000  1.000000  1.000000  -0.000000  0.000000  0.000000  1.000000  0.000243  0.000000  -0.000243  1.000000  1.000000  0.000000  0.000000  0.000000  1.000000  0.000000  0.000000  0.000000  1.000000  1.000000  0.000000  0.000000  0.000000  1.000000  0.000000  0.000000  0.000000  1.000000  0.000000  0.000000  
86.851220 0.010127  0.093808  -0.007839  0.998534  0.044532  -0.030759  -0.044432  0.999005  0.003918  0.030903  -0.002546  0.999519  0.000867  -0.001051  -0.001125  0.000000  0.000000  0.000000  2.000000  1.000000  0.000000  0.000000  0.000000  1.000000  0.000000  0.000000  0.000000  1.000000  1.000000  -0.000000  0.000000  0.000000  1.000000  0.000243  0.000000  -0.000243  1.000000  1.000000  0.000000  0.000000  0.000000  1.000000  0.000000  0.000000  0.000000  1.000000  1.000000  0.000000  0.000000  0.000000  1.000000  0.000000  0.000000  0.000000  1.000000  0.000000  0.000000  
86.852466 0.010130  0.093808  -0.007840  0.998534  0.044532  -0.030759  -0.044432  0.999005  0.003918  0.030903  -0.002546  0.999519  0.001026  -0.000885  -0.001063  0.000000  0.000000  0.000000  2.000000  1.000000  0.000000  0.000000  0.000000  1.000000  0.000000  0.000000  0.000000  1.000000  1.000000  -0.000000  0.000000  0.000000  1.000000  0.000243  0.000000  -0.000243  1.000000  1.000000  0.000000  0.000000  0.000000  1.000000  0.000000  0.000000  0.000000  1.000000  1.000000  0.000000  0.000000  0.000000  1.000000  0.000000  0.000000  0.000000  1.000000  0.000000  0.000000  
86.853467 0.010131  0.093809  -0.007840  0.998534  0.044532  -0.030759  -0.044432  0.999005  0.003918  0.030903  -0.002546  0.999519  0.001131  -0.000718  -0.000997  0.000000  0.000000  0.000000  2.000000  1.000000  0.000000  0.000000  0.000000  1.000000  0.000000  0.000000  0.000000  1.000000  1.000000  -0.000000  0.000000  0.000000  1.000000  0.000243  0.000000  -0.000243  1.000000  1.000000  0.000000  0.000000  0.000000  1.000000  0.000000  0.000000  0.000000  1.000000  1.000000  0.000000  0.000000  0.000000  1.000000  0.000000  0.000000  0.000000  1.000000  0.000000  0.000000  
86.854716 0.010134  0.093809  -0.007841  0.998534  0.044532  -0.030759  -0.044432  0.999005  0.003918  0.030903  -0.002546  0.999519  0.001299  -0.000494  -0.000888  0.000000  0.000000  0.000000  2.000000  1.000000  0.000000  0.000000  0.000000  1.000000  0.000000  0.000000  0.000000  1.000000  1.000000  -0.000000  0.000000  0.000000  1.000000  0.000243  0.000000  -0.000243  1.000000  1.000000  0.000000  0.000000  0.000000  1.000000  0.000000  0.000000  0.000000  1.000000  1.000000  0.000000  0.000000  0.000000  1.000000  0.000000  0.000000  0.000000  1.000000  0.000000  0.000000  
