1-Time 2-Px 3-Py 4-Pz 5-R11 6-R21 7-R31 8-R12 9-R22 10-R32 11-R13 12-R23 13-R33 14-Vx 15-Vy 16-Vz 17-Wx 18-Wy 19-Wz 20-state 21-PR11 22-PR21 23-PR31 24-PR12 25-PR22 26-PR32 27-PR13 28-PR23 29-PR33 
163.210085 0.009567  0.092010  -0.004500  0.999646  0.025322  -0.008150  -0.025319  0.999679  0.000570  0.008162  -0.000364  0.999967  -0.000212  0.000523  -0.000445  0.000000  0.000000  0.000000  2.000000  1.000000  0.000000  0.000000  -0.000000  1.000000  0.000000  0.000000  -0.000000  1.000000  1.000000  -0.000206  -0.000000  0.000206  1.000000  0.000120  0.000000  -0.000120  1.000000  1.000000  0.000000  0.000000  0.000000  1.000000  0.000000  0.000000  0.000000  1.000000  0.542442  0.802185  -0.249513  -0.707166  0.596341  0.379860  0.453513  -0.029605  0.890758  0.000000  0.000000  
163.211087 0.009567  0.092011  -0.004500  0.999646  0.025322  -0.008150  -0.025319  0.999679  0.000570  0.008162  -0.000364  0.999967  -0.000212  0.000523  -0.000445  0.000000  0.000000  0.000000  2.000000  1.000000  0.000000  0.000000  0.000000  1.000000  0.000000  0.000000  0.000000  1.000000  1.000000  0.000000  0.000000  0.000000  1.000000  0.000121  0.000000  -0.000121  1.000000  1.000000  0.000000  0.000000  0.000000  1.000000  0.000000  0.000000  0.000000  1.000000  1.000000  0.000000  0.000000  0.000000  1.000000  0.000000  0.000000  0.000000  1.000000  0.000000  0.000000  
163.212343 0.009568  0.092009  -0.004503  0.999646  0.025322  -0.008150  -0.025319  0.999679  0.000570  0.008162  -0.000364  0.999967  -0.000153  0.000372  -0.000564  0.000000  0.000000  0.000000  2.000000  1.000000  0.000000  0.000000  0.000000  1.000000  0.000000  0.000000  0.000000  1.000000  1.000000  0.000000  0.000000  0.000000  1.000000  0.000121  0.000000  -0.000121  1.000000  1.000000  0.000000  0.000000  0.000000  1.000000  0.000000  0.000000  0.000000  1.000000  1.000000  0.000000  0.000000  0.000000  1.000000  0.000000  0.000000  0.000000  1.000000  0.000000  0.000000  
163.213622 0.009570  0.092007  -0.004506  0.999641  0.025528  -0.008150  -0.025524  0.999674  0.000572  0.008162  -0.000364  0.999967  0.000038  0.000188  -0.000710  0.000000  0.000000  0.000000  2.000000  1.000000  0.000000  0.000000  0.000000  1.000000  0.000000  0.000000  0.000000  1.000000  1.000000  0.000206  0.000000  -0.000206  1.000000  0.000123  -0.000000  -0.000123  1.000000  1.000000  0.000000  0.000000  0.000000  1.000000  0.000000  0.000000  0.000000  1.000000  1.000000  0.000000  0.000000  0.000000  1.000000  0.000000  0.000000  0.000000  1.000000  0.000000  0.000000  
163.214837 0.009572  0.092004  -0.004509  0.999641  0.025528  -0.008150  -0.025524  0.999674  0.000572  0.008162  -0.000364  0.999967  0.000197  -0.000025  -0.000881  0.000000  0.000000  0.000000  2.000000  1.000000  0.000000  0.000000  0.000000  1.000000  0.000000  0.000000  0.000000  1.000000  1.000000  0.000206  0.000000  -0.000206  1.000000  0.000123  -0.000000  -0.000123  1.000000  1.000000  0.000000  0.000000  0.000000  1.000000  0.000000  0.000000  0.000000  1.000000  1.000000  0.000000  0.000000  0.000000  1.000000  0.000000  0.000000  0.000000  1.000000  0.000000  0.000000  
163.216087 0.009576  0.092002  -0.004513  0.999641  0.025528  -0.008150  -0.025524  0.999674  0.000572  0.008162  -0.000364  0.999967  0.000438  -0.000248  -0.001124  0.000000  0.000000  0.000000  2.000000  1.000000  0.000000  0.000000  0.000000  1.000000  0.000000  0.000000  0.000000  1.000000  1.000000  0.000206  0.000000  -0.000206  1.000000  0.000123  -0.000000  -0.000123  1.000000  1.000000  0.000000  0.000000  0.000000  1.000000  0.000000  0.000000  0.000000  1.000000  1.000000  0.000000  0.000000  0.000000  1.000000  0.000000  0.000000  0.000000  1.000000  0.000000  0.000000  
163.217339 0.009580  0.092000  -0.004516  0.999635  0.025734  -0.008283  -0.025730  0.999669  0.000577  0.008295  -0.000364  0.999966  0.000728  -0.000410  -0.001288  0.000000  0.000000  0.000000  2.000000  1.000000  0.000000  0.000000  0.000000  1.000000  0.000000  0.000000  0.000000  1.000000  1.000000  0.000412  -0.000134  -0.000412  1.000000  0.000125  0.000134  -0.000125  1.000000  1.000000  0.000000  0.000000  0.000000  1.000000  0.000000  0.000000  0.000000  1.000000  1.000000  0.000000  0.000000  0.000000  1.000000  0.000000  0.000000  0.000000  1.000000  0.000000  0.000000  
163.218583 0.009585  0.091998  -0.004520  0.999635  0.025734  -0.008283  -0.025730  0.999669  0.000577  0.008295  -0.000364  0.999966  0.001131  -0.000554  -0.001503  0.000000  0.000000  0.000000  2.000000  1.000000  0.000000  0.000000  0.000000  1.000000  0.000000  0.000000  0.000000  1.000000  1.000000  0.000412  -0.000134  -0.000412  1.000000  0.000125  0.000134  -0.000125  1.000000  1.000000  0.000000  0.000000  0.000000  1.000000  0.000000  0.000000  0.000000  1.000000  1.000000  0.000000  0.000000  0.000000  1.000000  0.000000  0.000000  0.000000  1.000000  0.000000  0.000000  
163.219584 0.009589  0.091996  -0.004524  0.999629  0.025940  -0.008283  -0.025936  0.999663  0.000579  0.008295  -0.000364  0.999966  0.001417  -0.000754  -0.001760  0.000000  0.000000  0.000000  2.000000  1.000000  0.000000  0.000000  0.000000  1.000000  0.000000  0.000000  0.000000  1.000000  1.000000  0.000618  -0.000134  -0.000618  1.000000  0.000126  0.000134  -0.000126  1.000000  1.000000  0.000000  0.000000  0.000000  1.000000  0.000000  0.000000  0.000000  1.000000  1.000000  0.000000  0.000000  0.000000  1.000000  0.000000  0.000000  0.000000  1.000000  0.000000  0.000000  
163.220584 0.009593  0.091994  -0.004529  0.999624  0.026146  -0.008283  -0.026142  0.999658  0.000581  0.008295  -0.000364  0.999966  0.001709  -0.000932  -0.002063  0.000000  0.000000  0.000000  2.000000  1.000000  0.000000  0.000000  0.000000  1.000000  0.000000  0.000000  0.000000  1.000000  1.000000  0.000824  -0.000133  -0.000823  1.000000  0.000128  0.000134  -0.000128  1.000000  1.000000  0.000000  0.000000  0.000000  1.000000  0.000000  0.000000  0.000000  1.000000  1.000000  0.000000  0.000000  0.000000  1.000000  0.000000  0.000000  0.000000  1.000000  0.000000  0.000000  
163.221585 0.009597  0.091992  -0.004533  0.999624  0.026146  -0.008283  -0.026142  0.999658  0.000581  0.008295  -0.000364  0.999966  0.001995  -0.001131  -0.002320  0.000000  0.000000  0.000000  2.000000  1.000000  0.000000  0.000000  0.000000  1.000000  0.000000  0.000000  0.000000  1.000000  1.000000  0.000824  -0.000133  -0.000823  1.000000  0.000128  0.000134  -0.000128  1.000000  1.000000  0.000000  0.000000  0.000000  1.000000  0.000000  0.000000  0.000000  1.000000  1.000000  0.000000  0.000000  0.000000  1.000000  0.000000  0.000000  0.000000  1.000000  0.000000  0.000000  
163.222833 0.009603  0.091990  -0.004540  0.999617  0.026352  -0.008417  -0.026348  0.999653  0.000586  0.008429  -0.000364  0.999964  0.002382  -0.001325  -0.002733  0.000000  0.000000  0.000000  2.000000  1.000000  0.000000  0.000000  0.000000  1.000000  0.000000  0.000000  0.000000  1.000000  0.999999  0.001029  -0.000267  -0.001029  0.999999  0.000130  0.000267  -0.000130  1.000000  1.000000  0.000000  0.000000  0.000000  1.000000  0.000000  0.000000  0.000000  1.000000  1.000000  0.000000  0.000000  0.000000  1.000000  0.000000  0.000000  0.000000  1.000000  0.000000  0.000000  
163.223833 0.009608  0.091988  -0.004545  0.999612  0.026557  -0.008417  -0.026553  0.999647  0.000588  0.008429  -0.000364  0.999964  0.002724  -0.001458  -0.003099  0.000000  0.000000  0.000000  2.000000  1.000000  0.000000  0.000000  0.000000  1.000000  0.000000  0.000000  0.000000  1.000000  0.999999  0.001235  -0.000267  -0.001235  0.999999  0.000010  0.000267  -0.000010  1.000000  1.000000  0.000000  0.000000  0.000000  1.000000  0.000000  0.000000  0.000000  1.000000  1.000000  0.000000  0.000000  0.000000  1.000000  0.000000  0.000000  0.000000  1.000000  0.000000  0.000000  
163.225083 0.009613  0.091986  -0.004552  0.999606  0.026762  -0.008420  -0.026759  0.999642  0.000468  0.008429  -0.000243  0.999964  0.003074  -0.001628  -0.003489  0.000000  0.000000  0.000000  2.000000  1.000000  0.000000  0.000000  0.000000  1.000000  0.000000  0.000000  0.000000  1.000000  0.999999  0.001441  -0.000267  -0.001441  0.999999  -0.000109  0.000267  0.000110  1.000000  1.000000  0.000000  0.000000  0.000000  1.000000  0.000000  0.000000  0.000000  1.000000  1.000000  0.000000  0.000000  0.000000  1.000000  0.000000  0.000000  0.000000  1.000000  0.000000  0.000000  
163.226090 0.009618  0.091983  -0.004559  0.999601  0.026968  -0.008420  -0.026965  0.999636  0.000470  0.008429  -0.000243  0.999964  0.003404  -0.001845  -0.003955  0.000000  0.000000  0.000000  2.000000  1.000000  0.000000  0.000000  0.000000  1.000000  0.000000  0.000000  0.000000  1.000000  0.999999  0.001441  -0.000267  -0.001441  0.999999  -0.000109  0.000267  0.000110  1.000000  1.000000  0.000000  0.000000  0.000000  1.000000  0.000000  0.000000  0.000000  1.000000  1.000000  0.000000  0.000000  0.000000  1.000000  0.000000  0.000000  0.000000  1.000000  0.000000  0.000000  
163.227335 0.009624  0.091980  -0.004568  0.999595  0.027174  -0.008420  -0.027171  0.999631  0.000472  0.008429  -0.000243  0.999964  0.003712  -0.001955  -0.004320  0.000000  0.000000  0.000000  2.000000  1.000000  0.000000  0.000000  0.000000  1.000000  0.000000  0.000000  0.000000  1.000000  0.999999  0.001647  -0.000267  -0.001647  0.999999  -0.000107  0.000267  0.000108  1.000000  1.000000  0.000000  0.000000  0.000000  1.000000  0.000000  0.000000  0.000000  1.000000  1.000000  0.000000  0.000000  0.000000  1.000000  0.000000  0.000000  0.000000  1.000000  0.000000  0.000000  
163.228587 0.009629  0.091976  -0.004575  0.999594  0.027173  -0.008557  -0.027171  0.999631  0.000354  0.008563  -0.000121  0.999963  0.003966  -0.002053  -0.004626  0.000000  0.000000  0.000000  2.000000  1.000000  0.000000  0.000000  0.000000  1.000000  0.000000  0.000000  0.000000  1.000000  0.999998  0.001853  -0.000401  -0.001853  0.999998  -0.000227  0.000401  0.000227  1.000000  1.000000  0.000000  0.000000  0.000000  1.000000  0.000000  0.000000  0.000000  1.000000  1.000000  0.000000  0.000000  0.000000  1.000000  0.000000  0.000000  0.000000  1.000000  0.000000  0.000000  
163.229587 0.009634  0.091973  -0.004581  0.999589  0.027378  -0.008556  -0.027376  0.999625  0.000356  0.008563  -0.000121  0.999963  0.004202  -0.002109  -0.004877  0.000000  0.000000  0.000000  2.000000  1.000000  0.000000  0.000000  0.000000  1.000000  0.000000  0.000000  0.000000  1.000000  0.999998  0.002059  -0.000401  -0.002059  0.999998  -0.000225  0.000401  0.000226  1.000000  1.000000  0.000000  0.000000  0.000000  1.000000  0.000000  0.000000  0.000000  1.000000  1.000000  0.000000  0.000000  0.000000  1.000000  0.000000  0.000000  0.000000  1.000000  0.000000  0.000000  
163.230837 0.009640  0.091969  -0.004589  0.999583  0.027584  -0.008556  -0.027582  0.999619  0.000357  0.008563  -0.000121  0.999963  0.004362  -0.002253  -0.005152  0.000000  0.000000  0.000000  2.000000  1.000000  0.000000  0.000000  0.000000  1.000000  0.000000  0.000000  0.000000  1.000000  0.999997  0.002265  -0.000401  -0.002265  0.999997  -0.000223  0.000401  0.000224  1.000000  1.000000  0.000000  0.000000  0.000000  1.000000  0.000000  0.000000  0.000000  1.000000  1.000000  0.000000  0.000000  0.000000  1.000000  0.000000  0.000000  0.000000  1.000000  0.000000  0.000000  
163.232089 0.009646  0.091964  -0.004597  0.999577  0.027790  -0.008556  -0.027788  0.999614  0.000359  0.008563  -0.000121  0.999963  0.004514  -0.002457  -0.005474  0.000000  0.000000  0.000000  2.000000  1.000000  0.000000  0.000000  0.000000  1.000000  0.000000  0.000000  0.000000  1.000000  0.999997  0.002470  -0.000401  -0.002471  0.999997  -0.000221  0.000401  0.000222  1.000000  1.000000  0.000000  0.000000  0.000000  1.000000  0.000000  0.000000  0.000000  1.000000  1.000000  0.000000  0.000000  0.000000  1.000000  0.000000  0.000000  0.000000  1.000000  0.000000  0.000000  
163.233337 0.009652  0.091958  -0.004606  0.999571  0.027996  -0.008556  -0.027994  0.999608  0.000361  0.008563  -0.000121  0.999963  0.004548  -0.002715  -0.005836  0.000000  0.000000  0.000000  2.000000  1.000000  0.000000  0.000000  0.000000  1.000000  0.000000  0.000000  0.000000  1.000000  0.999996  0.002676  -0.000401  -0.002676  0.999996  -0.000220  0.000400  0.000221  1.000000  1.000000  0.000000  0.000000  0.000000  1.000000  0.000000  0.000000  0.000000  1.000000  1.000000  0.000000  0.000000  0.000000  1.000000  0.000000  0.000000  0.000000  1.000000  0.000000  0.000000  
163.234581 0.009658  0.091953  -0.004616  0.999566  0.028202  -0.008556  -0.028200  0.999602  0.000363  0.008563  -0.000121  0.999963  0.004619  -0.002908  -0.006149  0.000000  0.000000  0.000000  2.000000  1.000000  0.000000  0.000000  0.000000  1.000000  0.000000  0.000000  0.000000  1.000000  0.999996  0.002676  -0.000401  -0.002676  0.999996  -0.000220  0.000400  0.000221  1.000000  1.000000  0.000000  0.000000  0.000000  1.000000  0.000000  0.000000  0.000000  1.000000  1.000000  0.000000  0.000000  0.000000  1.000000  0.000000  0.000000  0.000000  1.000000  0.000000  0.000000  
163.235585 0.009663  0.091948  -0.004625  0.999566  0.028201  -0.008560  -0.028200  0.999602  0.000241  0.008563  0.000000  0.999963  0.004661  -0.003108  -0.006402  0.000000  0.000000  0.000000  2.000000  1.000000  0.000000  0.000000  0.000000  1.000000  0.000000  0.000000  0.000000  1.000000  0.999996  0.002676  -0.000401  -0.002676  0.999996  -0.000341  0.000400  0.000342  1.000000  1.000000  0.000000  0.000000  0.000000  1.000000  0.000000  0.000000  0.000000  1.000000  1.000000  0.000000  0.000000  0.000000  1.000000  0.000000  0.000000  0.000000  1.000000  0.000000  0.000000  
163.236835 0.009668  0.091941  -0.004635  0.999560  0.028406  -0.008560  -0.028405  0.999596  0.000243  0.008563  0.000000  0.999963  0.004682  -0.003363  -0.006730  0.000000  0.000000  0.000000  2.000000  1.000000  0.000000  0.000000  0.000000  1.000000  0.000000  0.000000  0.000000  1.000000  0.999996  0.002882  -0.000268  -0.002882  0.999996  -0.000339  0.000267  0.000340  1.000000  1.000000  0.000000  0.000000  0.000000  1.000000  0.000000  0.000000  0.000000  1.000000  1.000000  0.000000  0.000000  0.000000  1.000000  0.000000  0.000000  0.000000  1.000000  0.000000  0.000000  
163.238083 0.009674  0.091936  -0.004646  0.999554  0.028612  -0.008560  -0.028611  0.999591  0.000245  0.008563  0.000000  0.999963  0.004676  -0.003610  -0.006989  0.000000  0.000000  0.000000  2.000000  1.000000  0.000000  0.000000  0.000000  1.000000  0.000000  0.000000  0.000000  1.000000  0.999996  0.002882  -0.000268  -0.002882  0.999996  -0.000339  0.000267  0.000340  1.000000  1.000000  0.000000  0.000000  0.000000  1.000000  0.000000  0.000000  0.000000  1.000000  1.000000  0.000000  0.000000  0.000000  1.000000  0.000000  0.000000  0.000000  1.000000  0.000000  0.000000  
163.239083 0.009679  0.091932  -0.004654  0.999548  0.028818  -0.008559  -0.028817  0.999585  0.000247  0.008563  0.000000  0.999963  0.004711  -0.003769  -0.007180  0.000000  0.000000  0.000000  2.000000  1.000000  0.000000  0.000000  0.000000  1.000000  0.000000  0.000000  0.000000  1.000000  0.999996  0.002882  -0.000268  -0.002882  0.999996  -0.000339  0.000267  0.000340  1.000000  1.000000  0.000000  0.000000  0.000000  1.000000  0.000000  0.000000  0.000000  1.000000  1.000000  0.000000  0.000000  0.000000  1.000000  0.000000  0.000000  0.000000  1.000000  0.000000  0.000000  
163.240334 0.009684  0.091926  -0.004664  0.999548  0.028818  -0.008559  -0.028817  0.999585  0.000247  0.008563  0.000000  0.999963  0.004684  -0.003947  -0.007318  0.000000  0.000000  0.000000  2.000000  1.000000  0.000000  0.000000  0.000000  1.000000  0.000000  0.000000  0.000000  1.000000  0.999996  0.002882  -0.000268  -0.002882  0.999996  -0.000339  0.000267  0.000340  1.000000  1.000000  0.000000  0.000000  0.000000  1.000000  0.000000  0.000000  0.000000  1.000000  1.000000  0.000000  0.000000  0.000000  1.000000  0.000000  0.000000  0.000000  1.000000  0.000000  0.000000  
163.241334 0.009689  0.091921  -0.004672  0.999543  0.029023  -0.008429  -0.029023  0.999579  0.000123  0.008429  0.000121  0.999964  0.004632  -0.004096  -0.007429  0.000000  0.000000  0.000000  2.000000  1.000000  0.000000  0.000000  0.000000  1.000000  0.000000  0.000000  0.000000  1.000000  0.999996  0.002882  -0.000134  -0.002882  0.999996  -0.000340  0.000133  0.000340  1.000000  1.000000  0.000000  0.000000  0.000000  1.000000  0.000000  0.000000  0.000000  1.000000  1.000000  0.000000  0.000000  0.000000  1.000000  0.000000  0.000000  0.000000  1.000000  0.000000  0.000000  
163.242345 0.009693  0.091917  -0.004679  0.999543  0.029023  -0.008429  -0.029023  0.999579  0.000123  0.008429  0.000121  0.999964  0.004617  -0.004211  -0.007524  0.000000  0.000000  0.000000  2.000000  1.000000  0.000000  0.000000  0.000000  1.000000  0.000000  0.000000  0.000000  1.000000  0.999996  0.002676  -0.000000  -0.002676  0.999996  -0.000463  -0.000001  0.000463  1.000000  1.000000  0.000000  0.000000  0.000000  1.000000  0.000000  0.000000  0.000000  1.000000  1.000000  0.000000  0.000000  0.000000  1.000000  0.000000  0.000000  0.000000  1.000000  0.000000  0.000000  
163.243587 0.009699  0.091912  -0.004688  0.999537  0.029229  -0.008429  -0.029228  0.999573  0.000125  0.008429  0.000121  0.999964  0.004586  -0.004326  -0.007583  0.000000  0.000000  0.000000  2.000000  1.000000  0.000000  0.000000  0.000000  1.000000  0.000000  0.000000  0.000000  1.000000  0.999996  0.002676  -0.000000  -0.002676  0.999996  -0.000463  -0.000001  0.000463  1.000000  1.000000  0.000000  0.000000  0.000000  1.000000  0.000000  0.000000  0.000000  1.000000  1.000000  0.000000  0.000000  0.000000  1.000000  0.000000  0.000000  0.000000  1.000000  0.000000  0.000000  
163.244837 0.009704  0.091907  -0.004697  0.999537  0.029229  -0.008429  -0.029228  0.999573  0.000125  0.008429  0.000121  0.999964  0.004591  -0.004391  -0.007666  0.000000  0.000000  0.000000  2.000000  1.000000  0.000000  0.000000  0.000000  1.000000  0.000000  0.000000  0.000000  1.000000  0.999996  0.002676  -0.000000  -0.002676  0.999996  -0.000341  -0.000001  0.000341  1.000000  1.000000  0.000000  0.000000  0.000000  1.000000  0.000000  0.000000  0.000000  1.000000  1.000000  0.000000  0.000000  0.000000  1.000000  0.000000  0.000000  0.000000  1.000000  0.000000  0.000000  
163.245837 0.009708  0.091901  -0.004705  0.999537  0.029227  -0.008433  -0.029228  0.999573  0.000004  0.008429  0.000243  0.999964  0.004489  -0.004537  -0.007779  0.000000  0.000000  0.000000  2.000000  1.000000  0.000000  0.000000  0.000000  1.000000  0.000000  0.000000  0.000000  1.000000  0.999997  0.002470  -0.000001  -0.002470  0.999997  -0.000464  -0.000001  0.000464  1.000000  1.000000  0.000000  0.000000  0.000000  1.000000  0.000000  0.000000  0.000000  1.000000  1.000000  0.000000  0.000000  0.000000  1.000000  0.000000  0.000000  0.000000  1.000000  0.000000  0.000000  
163.247086 0.009712  0.091895  -0.004713  0.999538  0.029228  -0.008299  -0.029229  0.999573  -0.000000  0.008295  0.000243  0.999966  0.004367  -0.004608  -0.007765  0.000000  0.000000  0.000000  2.000000  1.000000  0.000000  0.000000  0.000000  1.000000  0.000000  0.000000  0.000000  1.000000  0.999997  0.002265  0.000133  -0.002264  0.999997  -0.000466  -0.000134  0.000466  1.000000  1.000000  0.000000  0.000000  0.000000  1.000000  0.000000  0.000000  0.000000  1.000000  1.000000  0.000000  0.000000  0.000000  1.000000  0.000000  0.000000  0.000000  1.000000  0.000000  0.000000  
163.248087 0.009716  0.091890  -0.004721  0.999538  0.029228  -0.008299  -0.029229  0.999573  -0.000000  0.008295  0.000243  0.999966  0.004322  -0.004640  -0.007763  0.000000  0.000000  0.000000  2.000000  1.000000  0.000000  0.000000  0.000000  1.000000  0.000000  0.000000  0.000000  1.000000  0.999998  0.002059  0.000133  -0.002059  0.999998  -0.000468  -0.000134  0.000468  1.000000  1.000000  0.000000  0.000000  0.000000  1.000000  0.000000  0.000000  0.000000  1.000000  1.000000  0.000000  0.000000  0.000000  1.000000  0.000000  0.000000  0.000000  1.000000  0.000000  0.000000  
163.249337 0.009720  0.091884  -0.004730  0.999532  0.029432  -0.008303  -0.029434  0.999567  -0.000120  0.008295  0.000364  0.999966  0.004207  -0.004656  -0.007710  0.000000  0.000000  0.000000  2.000000  1.000000  0.000000  0.000000  0.000000  1.000000  0.000000  0.000000  0.000000  1.000000  0.999998  0.002059  0.000267  -0.002059  0.999998  -0.000468  -0.000268  0.000468  1.000000  1.000000  0.000000  0.000000  0.000000  1.000000  0.000000  0.000000  0.000000  1.000000  1.000000  0.000000  0.000000  0.000000  1.000000  0.000000  0.000000  0.000000  1.000000  0.000000  0.000000  
163.250589 0.009726  0.091879  -0.004738  0.999532  0.029432  -0.008303  -0.029434  0.999567  -0.000120  0.008295  0.000364  0.999966  0.004183  -0.004610  -0.007546  0.000000  0.000000  0.000000  2.000000  1.000000  0.000000  0.000000  0.000000  1.000000  0.000000  0.000000  0.000000  1.000000  0.999998  0.001853  0.000267  -0.001853  0.999998  -0.000470  -0.000268  0.000469  1.000000  1.000000  0.000000  0.000000  0.000000  1.000000  0.000000  0.000000  0.000000  1.000000  1.000000  0.000000  0.000000  0.000000  1.000000  0.000000  0.000000  0.000000  1.000000  0.000000  0.000000  
163.251833 0.009731  0.091873  -0.004746  0.999532  0.029432  -0.008303  -0.029434  0.999567  -0.000120  0.008295  0.000364  0.999966  0.004164  -0.004560  -0.007382  0.000000  0.000000  0.000000  2.000000  1.000000  0.000000  0.000000  0.000000  1.000000  0.000000  0.000000  0.000000  1.000000  0.999999  0.001647  0.000267  -0.001647  0.999999  -0.000472  -0.000268  0.000471  1.000000  1.000000  0.000000  0.000000  0.000000  1.000000  0.000000  0.000000  0.000000  1.000000  1.000000  0.000000  0.000000  0.000000  1.000000  0.000000  0.000000  0.000000  1.000000  0.000000  0.000000  
163.252833 0.009735  0.091869  -0.004753  0.999532  0.029432  -0.008303  -0.029434  0.999567  -0.000120  0.008295  0.000364  0.999966  0.004074  -0.004578  -0.007267  0.000000  0.000000  0.000000  2.000000  1.000000  0.000000  0.000000  0.000000  1.000000  0.000000  0.000000  0.000000  1.000000  0.999999  0.001647  0.000267  -0.001647  0.999999  -0.000472  -0.000268  0.000471  1.000000  1.000000  0.000000  0.000000  0.000000  1.000000  0.000000  0.000000  0.000000  1.000000  1.000000  0.000000  0.000000  0.000000  1.000000  0.000000  0.000000  0.000000  1.000000  0.000000  0.000000  
163.254083 0.009739  0.091863  -0.004761  0.999538  0.029227  -0.008303  -0.029229  0.999573  -0.000121  0.008295  0.000364  0.999966  0.004022  -0.004564  -0.007131  0.000000  0.000000  0.000000  2.000000  1.000000  0.000000  0.000000  0.000000  1.000000  0.000000  0.000000  0.000000  1.000000  0.999999  0.001441  0.000267  -0.001441  0.999999  -0.000473  -0.000268  0.000473  1.000000  1.000000  0.000000  0.000000  0.000000  1.000000  0.000000  0.000000  0.000000  1.000000  1.000000  0.000000  0.000000  0.000000  1.000000  0.000000  0.000000  0.000000  1.000000  0.000000  0.000000  
163.255333 0.009744  0.091857  -0.004770  0.999539  0.029226  -0.008172  -0.029229  0.999573  -0.000246  0.008162  0.000485  0.999967  0.003935  -0.004602  -0.007099  0.000000  0.000000  0.000000  2.000000  1.000000  0.000000  0.000000  0.000000  1.000000  0.000000  0.000000  0.000000  1.000000  0.999999  0.001029  0.000401  -0.001029  0.999999  -0.000477  -0.000402  0.000476  1.000000  1.000000  0.000000  0.000000  0.000000  1.000000  0.000000  0.000000  0.000000  1.000000  1.000000  0.000000  0.000000  0.000000  1.000000  0.000000  0.000000  0.000000  1.000000  0.000000  0.000000  
163.256334 0.009747  0.091852  -0.004778  0.999539  0.029226  -0.008172  -0.029229  0.999573  -0.000246  0.008162  0.000485  0.999967  0.003877  -0.004622  -0.007052  0.000000  0.000000  0.000000  2.000000  1.000000  0.000000  0.000000  0.000000  1.000000  0.000000  0.000000  0.000000  1.000000  1.000000  0.000824  0.000401  -0.000823  1.000000  -0.000478  -0.000401  0.000478  1.000000  1.000000  0.000000  0.000000  0.000000  1.000000  0.000000  0.000000  0.000000  1.000000  1.000000  0.000000  0.000000  0.000000  1.000000  0.000000  0.000000  0.000000  1.000000  0.000000  0.000000  
163.257335 0.009750  0.091848  -0.004785  0.999539  0.029226  -0.008172  -0.029229  0.999573  -0.000246  0.008162  0.000485  0.999967  0.003817  -0.004598  -0.007066  0.000000  0.000000  0.000000  2.000000  1.000000  0.000000  0.000000  0.000000  1.000000  0.000000  0.000000  0.000000  1.000000  1.000000  0.000824  0.000401  -0.000823  1.000000  -0.000478  -0.000401  0.000478  1.000000  1.000000  0.000000  0.000000  0.000000  1.000000  0.000000  0.000000  0.000000  1.000000  1.000000  0.000000  0.000000  0.000000  1.000000  0.000000  0.000000  0.000000  1.000000  0.000000  0.000000  
163.258345 0.009753  0.091844  -0.004793  0.999539  0.029226  -0.008172  -0.029229  0.999573  -0.000246  0.008162  0.000485  0.999967  0.003709  -0.004602  -0.007089  0.000000  0.000000  0.000000  2.000000  1.000000  0.000000  0.000000  0.000000  1.000000  0.000000  0.000000  0.000000  1.000000  1.000000  0.000618  0.000401  -0.000618  1.000000  -0.000480  -0.000401  0.000480  1.000000  1.000000  0.000000  0.000000  0.000000  1.000000  0.000000  0.000000  0.000000  1.000000  1.000000  0.000000  0.000000  0.000000  1.000000  0.000000  0.000000  0.000000  1.000000  0.000000  0.000000  
163.259586 0.009757  0.091839  -0.004802  0.999539  0.029227  -0.008169  -0.029229  0.999573  -0.000125  0.008162  0.000364  0.999967  0.003615  -0.004593  -0.007089  0.000000  0.000000  0.000000  2.000000  1.000000  0.000000  0.000000  0.000000  1.000000  0.000000  0.000000  0.000000  1.000000  1.000000  0.000412  0.000401  -0.000412  1.000000  -0.000361  -0.000401  0.000360  1.000000  1.000000  0.000000  0.000000  0.000000  1.000000  0.000000  0.000000  0.000000  1.000000  1.000000  0.000000  0.000000  0.000000  1.000000  0.000000  0.000000  0.000000  1.000000  0.000000  0.000000  
163.260586 0.009760  0.091835  -0.004808  0.999545  0.029021  -0.008169  -0.029023  0.999579  -0.000127  0.008162  0.000364  0.999967  0.003580  -0.004486  -0.007030  0.000000  0.000000  0.000000  2.000000  1.000000  0.000000  0.000000  0.000000  1.000000  0.000000  0.000000  0.000000  1.000000  1.000000  0.000206  0.000401  -0.000206  1.000000  -0.000362  -0.000401  0.000362  1.000000  1.000000  0.000000  0.000000  0.000000  1.000000  0.000000  0.000000  0.000000  1.000000  1.000000  0.000000  0.000000  0.000000  1.000000  0.000000  0.000000  0.000000  1.000000  0.000000  0.000000  
163.261587 0.009763  0.091831  -0.004815  0.999545  0.029021  -0.008169  -0.029023  0.999579  -0.000127  0.008162  0.000364  0.999967  0.003502  -0.004452  -0.007002  0.000000  0.000000  0.000000  2.000000  1.000000  0.000000  0.000000  0.000000  1.000000  0.000000  0.000000  0.000000  1.000000  1.000000  0.000000  0.000268  -0.000000  1.000000  -0.000243  -0.000268  0.000243  1.000000  1.000000  0.000000  0.000000  0.000000  1.000000  0.000000  0.000000  0.000000  1.000000  1.000000  0.000000  0.000000  0.000000  1.000000  0.000000  0.000000  0.000000  1.000000  0.000000  0.000000  
163.262837 0.009766  0.091827  -0.004822  0.999545  0.029021  -0.008169  -0.029023  0.999579  -0.000127  0.008162  0.000364  0.999967  0.003425  -0.004250  -0.006908  0.000000  0.000000  0.000000  2.000000  1.000000  0.000000  0.000000  0.000000  1.000000  0.000000  0.000000  0.000000  1.000000  1.000000  0.000000  0.000268  -0.000000  1.000000  -0.000243  -0.000268  0.000243  1.000000  1.000000  0.000000  0.000000  0.000000  1.000000  0.000000  0.000000  0.000000  1.000000  1.000000  0.000000  0.000000  0.000000  1.000000  0.000000  0.000000  0.000000  1.000000  0.000000  0.000000  
163.264088 0.009770  0.091823  -0.004830  0.999547  0.029021  -0.008035  -0.029023  0.999579  -0.000131  0.008028  0.000364  0.999968  0.003360  -0.004122  -0.006742  0.000000  0.000000  0.000000  2.000000  1.000000  0.000000  0.000000  0.000000  1.000000  0.000000  0.000000  0.000000  1.000000  1.000000  -0.000206  0.000401  0.000206  1.000000  -0.000244  -0.000401  0.000244  1.000000  1.000000  0.000000  0.000000  0.000000  1.000000  0.000000  0.000000  0.000000  1.000000  1.000000  0.000000  0.000000  0.000000  1.000000  0.000000  0.000000  0.000000  1.000000  0.000000  0.000000  
163.265334 0.009774  0.091820  -0.004837  0.999547  0.029021  -0.008035  -0.029023  0.999579  -0.000131  0.008028  0.000364  0.999968  0.003269  -0.003951  -0.006676  0.000000  0.000000  0.000000  2.000000  1.000000  0.000000  0.000000  0.000000  1.000000  0.000000  0.000000  0.000000  1.000000  1.000000  -0.000206  0.000401  0.000206  1.000000  -0.000244  -0.000401  0.000244  1.000000  1.000000  0.000000  0.000000  0.000000  1.000000  0.000000  0.000000  0.000000  1.000000  1.000000  0.000000  0.000000  0.000000  1.000000  0.000000  0.000000  0.000000  1.000000  0.000000  0.000000  
163.266335 0.009777  0.091818  -0.004842  0.999545  0.029021  -0.008169  -0.029023  0.999579  -0.000127  0.008162  0.000364  0.999967  0.003174  -0.003829  -0.006606  0.000000  0.000000  0.000000  2.000000  1.000000  0.000000  0.000000  0.000000  1.000000  0.000000  0.000000  0.000000  1.000000  1.000000  -0.000206  0.000401  0.000206  1.000000  -0.000123  -0.000401  0.000123  1.000000  1.000000  0.000000  0.000000  0.000000  1.000000  0.000000  0.000000  0.000000  1.000000  1.000000  0.000000  0.000000  0.000000  1.000000  0.000000  0.000000  0.000000  1.000000  0.000000  0.000000  
163.267339 0.009779  0.091816  -0.004847  0.999545  0.029021  -0.008169  -0.029023  0.999579  -0.000127  0.008162  0.000364  0.999967  0.003103  -0.003651  -0.006496  0.000000  0.000000  0.000000  2.000000  1.000000  0.000000  0.000000  0.000000  1.000000  0.000000  0.000000  0.000000  1.000000  1.000000  -0.000206  0.000134  0.000206  1.000000  -0.000123  -0.000134  0.000123  1.000000  1.000000  0.000000  0.000000  0.000000  1.000000  0.000000  0.000000  0.000000  1.000000  1.000000  0.000000  0.000000  0.000000  1.000000  0.000000  0.000000  0.000000  1.000000  0.000000  0.000000  
163.268583 0.009783  0.091813  -0.004854  0.999545  0.029021  -0.008169  -0.029023  0.999579  -0.000127  0.008162  0.000364  0.999967  0.003049  -0.003462  -0.006416  0.000000  0.000000  0.000000  2.000000  1.000000  0.000000  0.000000  0.000000  1.000000  0.000000  0.000000  0.000000  1.000000  1.000000  -0.000412  0.000134  0.000412  1.000000  -0.000125  -0.000134  0.000125  1.000000  1.000000  0.000000  0.000000  0.000000  1.000000  0.000000  0.000000  0.000000  1.000000  1.000000  0.000000  0.000000  0.000000  1.000000  0.000000  0.000000  0.000000  1.000000  0.000000  0.000000  
163.269585 0.009786  0.091810  -0.004861  0.999545  0.029021  -0.008169  -0.029023  0.999579  -0.000127  0.008162  0.000364  0.999967  0.002995  -0.003308  -0.006355  0.000000  0.000000  0.000000  2.000000  1.000000  0.000000  0.000000  0.000000  1.000000  0.000000  0.000000  0.000000  1.000000  1.000000  -0.000412  0.000134  0.000412  1.000000  -0.000003  -0.000134  0.000003  1.000000  1.000000  0.000000  0.000000  0.000000  1.000000  0.000000  0.000000  0.000000  1.000000  1.000000  0.000000  0.000000  0.000000  1.000000  0.000000  0.000000  0.000000  1.000000  0.000000  0.000000  
163.270834 0.009789  0.091808  -0.004868  0.999545  0.029021  -0.008169  -0.029023  0.999579  -0.000127  0.008162  0.000364  0.999967  0.002901  -0.003125  -0.006306  0.000000  0.000000  0.000000  2.000000  1.000000  0.000000  0.000000  0.000000  1.000000  0.000000  0.000000  0.000000  1.000000  1.000000  -0.000412  0.000134  0.000412  1.000000  -0.000003  -0.000134  0.000003  1.000000  1.000000  0.000000  0.000000  0.000000  1.000000  0.000000  0.000000  0.000000  1.000000  1.000000  0.000000  0.000000  0.000000  1.000000  0.000000  0.000000  0.000000  1.000000  0.000000  0.000000  
163.272083 0.009792  0.091806  -0.004876  0.999545  0.029021  -0.008169  -0.029023  0.999579  -0.000127  0.008162  0.000364  0.999967  0.002842  -0.002892  -0.006155  0.000000  0.000000  0.000000  2.000000  1.000000  0.000000  0.000000  0.000000  1.000000  0.000000  0.000000  0.000000  1.000000  1.000000  -0.000412  0.000134  0.000412  1.000000  -0.000003  -0.000134  0.000003  1.000000  1.000000  0.000000  0.000000  0.000000  1.000000  0.000000  0.000000  0.000000  1.000000  1.000000  0.000000  0.000000  0.000000  1.000000  0.000000  0.000000  0.000000  1.000000  0.000000  0.000000  
163.273083 0.009794  0.091805  -0.004881  0.999545  0.029021  -0.008169  -0.029023  0.999579  -0.000127  0.008162  0.000364  0.999967  0.002775  -0.002719  -0.006051  0.000000  0.000000  0.000000  2.000000  1.000000  0.000000  0.000000  0.000000  1.000000  0.000000  0.000000  0.000000  1.000000  1.000000  -0.000412  0.000134  0.000412  1.000000  -0.000003  -0.000134  0.000003  1.000000  1.000000  0.000000  0.000000  0.000000  1.000000  0.000000  0.000000  0.000000  1.000000  1.000000  0.000000  0.000000  0.000000  1.000000  0.000000  0.000000  0.000000  1.000000  0.000000  0.000000  
163.274088 0.009797  0.091803  -0.004887  0.999545  0.029022  -0.008165  -0.029023  0.999579  -0.000006  0.008162  0.000243  0.999967  0.002747  -0.002523  -0.005961  0.000000  0.000000  0.000000  2.000000  1.000000  0.000000  0.000000  0.000000  1.000000  0.000000  0.000000  0.000000  1.000000  1.000000  -0.000412  0.000134  0.000412  1.000000  0.000118  -0.000134  -0.000118  1.000000  1.000000  0.000000  0.000000  0.000000  1.000000  0.000000  0.000000  0.000000  1.000000  1.000000  0.000000  0.000000  0.000000  1.000000  0.000000  0.000000  0.000000  1.000000  0.000000  0.000000  
163.275333 0.009800  0.091801  -0.004895  0.999545  0.029022  -0.008165  -0.029023  0.999579  -0.000006  0.008162  0.000243  0.999967  0.002713  -0.002356  -0.005925  0.000000  0.000000  0.000000  2.000000  1.000000  0.000000  0.000000  0.000000  1.000000  0.000000  0.000000  0.000000  1.000000  1.000000  -0.000206  0.000000  0.000206  1.000000  0.000120  -0.000000  -0.000120  1.000000  1.000000  0.000000  0.000000  0.000000  1.000000  0.000000  0.000000  0.000000  1.000000  1.000000  0.000000  0.000000  0.000000  1.000000  0.000000  0.000000  0.000000  1.000000  0.000000  0.000000  
163.276344 0.009802  0.091800  -0.004901  0.999545  0.029022  -0.008165  -0.029023  0.999579  -0.000006  0.008162  0.000243  0.999967  0.002686  -0.002131  -0.005876  0.000000  0.000000  0.000000  2.000000  1.000000  0.000000  0.000000  0.000000  1.000000  0.000000  0.000000  0.000000  1.000000  1.000000  -0.000206  0.000000  0.000206  1.000000  0.000241  -0.000000  -0.000241  1.000000  1.000000  0.000000  0.000000  0.000000  1.000000  0.000000  0.000000  0.000000  1.000000  1.000000  0.000000  0.000000  0.000000  1.000000  0.000000  0.000000  0.000000  1.000000  0.000000  0.000000  
163.277599 0.009806  0.091798  -0.004910  0.999545  0.029023  -0.008162  -0.029023  0.999579  0.000116  0.008162  0.000121  0.999967  0.002672  -0.001971  -0.005909  0.000000  0.000000  0.000000  2.000000  1.000000  0.000000  0.000000  0.000000  1.000000  0.000000  0.000000  0.000000  1.000000  1.000000  -0.000206  0.000000  0.000206  1.000000  0.000362  -0.000000  -0.000362  1.000000  1.000000  0.000000  0.000000  0.000000  1.000000  0.000000  0.000000  0.000000  1.000000  1.000000  0.000000  0.000000  0.000000  1.000000  0.000000  0.000000  0.000000  1.000000  0.000000  0.000000  
163.278860 0.009809  0.091796  -0.004918  0.999545  0.029023  -0.008162  -0.029023  0.999579  0.000116  0.008162  0.000121  0.999967  0.002616  -0.001813  -0.005973  0.000000  0.000000  0.000000  2.000000  1.000000  0.000000  0.000000  0.000000  1.000000  0.000000  0.000000  0.000000  1.000000  1.000000  -0.000206  0.000000  0.000206  1.000000  0.000362  -0.000000  -0.000362  1.000000  1.000000  0.000000  0.000000  0.000000  1.000000  0.000000  0.000000  0.000000  1.000000  1.000000  0.000000  0.000000  0.000000  1.000000  0.000000  0.000000  0.000000  1.000000  0.000000  0.000000  
163.280087 0.009811  0.091795  -0.004926  0.999545  0.029023  -0.008162  -0.029023  0.999579  0.000116  0.008162  0.000121  0.999967  0.002543  -0.001713  -0.006060  0.000000  0.000000  0.000000  2.000000  1.000000  0.000000  0.000000  0.000000  1.000000  0.000000  0.000000  0.000000  1.000000  1.000000  -0.000206  0.000000  0.000206  1.000000  0.000241  -0.000000  -0.000241  1.000000  1.000000  0.000000  0.000000  0.000000  1.000000  0.000000  0.000000  0.000000  1.000000  1.000000  0.000000  0.000000  0.000000  1.000000  0.000000  0.000000  0.000000  1.000000  0.000000  0.000000  
163.281337 0.009814  0.091794  -0.004934  0.999545  0.029024  -0.008158  -0.029023  0.999579  0.000237  0.008162  0.000000  0.999967  0.002526  -0.001591  -0.006189  0.000000  0.000000  0.000000  2.000000  1.000000  0.000000  0.000000  0.000000  1.000000  0.000000  0.000000  0.000000  1.000000  1.000000  0.000000  0.000000  -0.000000  1.000000  0.000364  0.000000  -0.000364  1.000000  1.000000  0.000000  0.000000  0.000000  1.000000  0.000000  0.000000  0.000000  1.000000  1.000000  0.000000  0.000000  0.000000  1.000000  0.000000  0.000000  0.000000  1.000000  0.000000  0.000000  
163.282584 0.009818  0.091793  -0.004942  0.999545  0.029024  -0.008158  -0.029023  0.999579  0.000237  0.008162  0.000000  0.999967  0.002503  -0.001470  -0.006303  0.000000  0.000000  0.000000  2.000000  1.000000  0.000000  0.000000  0.000000  1.000000  0.000000  0.000000  0.000000  1.000000  1.000000  0.000000  0.000000  -0.000000  1.000000  0.000364  0.000000  -0.000364  1.000000  1.000000  0.000000  0.000000  0.000000  1.000000  0.000000  0.000000  0.000000  1.000000  1.000000  0.000000  0.000000  0.000000  1.000000  0.000000  0.000000  0.000000  1.000000  0.000000  0.000000  
163.283837 0.009821  0.091792  -0.004950  0.999545  0.029024  -0.008158  -0.029023  0.999579  0.000237  0.008162  0.000000  0.999967  0.002490  -0.001332  -0.006306  0.000000  0.000000  0.000000  2.000000  1.000000  0.000000  0.000000  0.000000  1.000000  0.000000  0.000000  0.000000  1.000000  1.000000  0.000000  0.000000  -0.000000  1.000000  0.000364  0.000000  -0.000364  1.000000  1.000000  0.000000  0.000000  0.000000  1.000000  0.000000  0.000000  0.000000  1.000000  1.000000  0.000000  0.000000  0.000000  1.000000  0.000000  0.000000  0.000000  1.000000  0.000000  0.000000  
163.285081 0.009824  0.091792  -0.004958  0.999545  0.029024  -0.008158  -0.029023  0.999579  0.000237  0.008162  0.000000  0.999967  0.002472  -0.001187  -0.006297  0.000000  0.000000  0.000000  2.000000  1.000000  0.000000  0.000000  0.000000  1.000000  0.000000  0.000000  0.000000  1.000000  1.000000  0.000000  -0.000134  0.000000  1.000000  0.000364  0.000134  -0.000364  1.000000  1.000000  0.000000  0.000000  0.000000  1.000000  0.000000  0.000000  0.000000  1.000000  1.000000  0.000000  0.000000  0.000000  1.000000  0.000000  0.000000  0.000000  1.000000  0.000000  0.000000  
163.286086 0.009826  0.091791  -0.004964  0.999545  0.029024  -0.008158  -0.029023  0.999579  0.000237  0.008162  0.000000  0.999967  0.002453  -0.001056  -0.006281  0.000000  0.000000  0.000000  2.000000  1.000000  0.000000  0.000000  0.000000  1.000000  0.000000  0.000000  0.000000  1.000000  1.000000  0.000000  -0.000134  0.000000  1.000000  0.000364  0.000134  -0.000364  1.000000  1.000000  0.000000  0.000000  0.000000  1.000000  0.000000  0.000000  0.000000  1.000000  1.000000  0.000000  0.000000  0.000000  1.000000  0.000000  0.000000  0.000000  1.000000  0.000000  0.000000  
