1-Time 2-Px 3-Py 4-Pz 5-R11 6-R21 7-R31 8-R12 9-R22 10-R32 11-R13 12-R23 13-R33 14-Vx 15-Vy 16-Vz 17-Wx 18-Wy 19-Wz 20-state 21-PR11 22-PR21 23-PR31 24-PR12 25-PR22 26-PR32 27-PR13 28-PR23 29-PR33 
55.743881 0.004847  0.091913  -0.001896  0.998327  0.057517  0.005835  -0.057611  0.998185  0.017523  -0.004817  -0.017830  0.999829  0.000034  0.000063  0.000108  0.000000  0.000000  0.000000  2.000000  1.000000  0.000000  0.000000  -0.000000  1.000000  0.000000  0.000000  -0.000000  1.000000  0.999998  -0.001663  0.000907  0.001662  0.999998  0.001100  -0.000909  -0.001098  0.999999  1.000000  0.000000  0.000000  0.000000  1.000000  0.000000  0.000000  0.000000  1.000000  0.599985  0.684192  -0.414607  -0.669156  0.713232  0.208641  0.438462  0.152255  0.885759  0.000000  0.000000  
55.744888 0.004847  0.091912  -0.001896  0.998327  0.057517  0.005835  -0.057611  0.998185  0.017523  -0.004817  -0.017830  0.999829  0.000042  0.000039  0.000119  0.000000  0.000000  0.000000  2.000000  1.000000  0.000000  0.000000  0.000000  1.000000  0.000000  0.000000  0.000000  1.000000  0.999998  -0.001663  0.000907  0.001662  0.999998  0.001221  -0.000909  -0.001219  0.999999  1.000000  0.000000  0.000000  0.000000  1.000000  0.000000  0.000000  0.000000  1.000000  1.000000  0.000000  0.000000  0.000000  1.000000  0.000000  0.000000  0.000000  1.000000  0.000000  0.000000  
55.746136 0.004847  0.091910  -0.001897  0.998315  0.057719  0.005979  -0.057817  0.998171  0.017635  -0.004951  -0.017951  0.999827  0.000045  -0.000100  0.000011  0.000000  0.000000  0.000000  2.000000  1.000000  0.000000  0.000000  0.000000  1.000000  0.000000  0.000000  0.000000  1.000000  0.999998  -0.001460  0.001044  0.001459  0.999998  0.001220  -0.001046  -0.001219  0.999999  1.000000  0.000000  0.000000  0.000000  1.000000  0.000000  0.000000  0.000000  1.000000  1.000000  0.000000  0.000000  0.000000  1.000000  0.000000  0.000000  0.000000  1.000000  0.000000  0.000000  
55.747384 0.004847  0.091908  -0.001899  0.998302  0.057922  0.006124  -0.058022  0.998158  0.017747  -0.005084  -0.018072  0.999824  0.000056  -0.000264  -0.000086  0.000000  0.000000  0.000000  2.000000  1.000000  0.000000  0.000000  0.000000  1.000000  0.000000  0.000000  0.000000  1.000000  0.999999  -0.001049  0.001052  0.001047  0.999999  0.001340  -0.001053  -0.001338  0.999999  1.000000  0.000000  0.000000  0.000000  1.000000  0.000000  0.000000  0.000000  1.000000  1.000000  0.000000  0.000000  0.000000  1.000000  0.000000  0.000000  0.000000  1.000000  0.000000  0.000000  
55.748384 0.004848  0.091906  -0.001900  0.998290  0.058124  0.006268  -0.058228  0.998144  0.017859  -0.005218  -0.018193  0.999821  0.000066  -0.000427  -0.000183  0.000000  0.000000  0.000000  2.000000  1.000000  0.000000  0.000000  0.000000  1.000000  0.000000  0.000000  0.000000  1.000000  0.999999  -0.000639  0.001193  0.000638  0.999999  0.001337  -0.001194  -0.001337  0.999998  1.000000  0.000000  0.000000  0.000000  1.000000  0.000000  0.000000  0.000000  1.000000  1.000000  0.000000  0.000000  0.000000  1.000000  0.000000  0.000000  0.000000  1.000000  0.000000  0.000000  
55.749634 0.004849  0.091903  -0.001901  0.998290  0.058123  0.006282  -0.058228  0.998139  0.018101  -0.005218  -0.018436  0.999816  0.000137  -0.000615  -0.000271  0.000000  0.000000  0.000000  2.000000  1.000000  0.000000  0.000000  0.000000  1.000000  0.000000  0.000000  0.000000  1.000000  0.999999  -0.000637  0.001059  0.000636  0.999999  0.001580  -0.001060  -0.001579  0.999998  1.000000  0.000000  0.000000  0.000000  1.000000  0.000000  0.000000  0.000000  1.000000  1.000000  0.000000  0.000000  0.000000  1.000000  0.000000  0.000000  0.000000  1.000000  0.000000  0.000000  
55.750879 0.004850  0.091900  -0.001903  0.998278  0.058327  0.006300  -0.058433  0.998123  0.018342  -0.005218  -0.018678  0.999812  0.000236  -0.000812  -0.000425  0.000000  0.000000  0.000000  2.000000  1.000000  0.000000  0.000000  0.000000  1.000000  0.000000  0.000000  0.000000  1.000000  0.999999  -0.000226  0.001066  0.000224  0.999999  0.001578  -0.001067  -0.001578  0.999998  1.000000  0.000000  0.000000  0.000000  1.000000  0.000000  0.000000  0.000000  1.000000  1.000000  0.000000  0.000000  0.000000  1.000000  0.000000  0.000000  0.000000  1.000000  0.000000  0.000000  
55.751884 0.004851  0.091899  -0.001903  0.998266  0.058531  0.006311  -0.058639  0.998109  0.018462  -0.005218  -0.018800  0.999810  0.000302  -0.000940  -0.000436  0.000000  0.000000  0.000000  2.000000  1.000000  0.000000  0.000000  0.000000  1.000000  0.000000  0.000000  0.000000  1.000000  0.999999  -0.000020  0.001070  0.000018  0.999999  0.001698  -0.001070  -0.001698  0.999998  1.000000  0.000000  0.000000  0.000000  1.000000  0.000000  0.000000  0.000000  1.000000  1.000000  0.000000  0.000000  0.000000  1.000000  0.000000  0.000000  0.000000  1.000000  0.000000  0.000000  
55.753132 0.004853  0.091896  -0.001904  0.998241  0.058941  0.006325  -0.059050  0.998082  0.018580  -0.005218  -0.018921  0.999807  0.000404  -0.001101  -0.000503  0.000000  0.000000  0.000000  2.000000  1.000000  0.000000  0.000000  0.000000  1.000000  0.000000  0.000000  0.000000  1.000000  0.999999  0.000394  0.000944  -0.000396  0.999998  0.001817  -0.000943  -0.001818  0.999998  1.000000  0.000000  0.000000  0.000000  1.000000  0.000000  0.000000  0.000000  1.000000  1.000000  0.000000  0.000000  0.000000  1.000000  0.000000  0.000000  0.000000  1.000000  0.000000  0.000000  
55.754132 0.004854  0.091895  -0.001905  0.998217  0.059351  0.006347  -0.059461  0.998053  0.018820  -0.005218  -0.019163  0.999803  0.000491  -0.001213  -0.000591  0.000000  0.000000  0.000000  2.000000  1.000000  0.000000  0.000000  0.000000  1.000000  0.000000  0.000000  0.000000  1.000000  0.999999  0.001011  0.000956  -0.001013  0.999998  0.001935  -0.000954  -0.001936  0.999998  1.000000  0.000000  0.000000  0.000000  1.000000  0.000000  0.000000  0.000000  1.000000  1.000000  0.000000  0.000000  0.000000  1.000000  0.000000  0.000000  0.000000  1.000000  0.000000  0.000000  
55.755380 0.004855  0.091892  -0.001907  0.998192  0.059758  0.006496  -0.059872  0.998027  0.018930  -0.005352  -0.019285  0.999800  0.000560  -0.001357  -0.000734  0.000000  0.000000  0.000000  2.000000  1.000000  0.000000  0.000000  0.000000  1.000000  0.000000  0.000000  0.000000  1.000000  0.999999  0.001423  0.000964  -0.001425  0.999997  0.002054  -0.000961  -0.002056  0.999997  1.000000  0.000000  0.000000  0.000000  1.000000  0.000000  0.000000  0.000000  1.000000  1.000000  0.000000  0.000000  0.000000  1.000000  0.000000  0.000000  0.000000  1.000000  0.000000  0.000000  
55.756382 0.004857  0.091891  -0.001908  0.998166  0.060166  0.006645  -0.060283  0.998000  0.019040  -0.005486  -0.019406  0.999797  0.000664  -0.001439  -0.000769  0.000000  0.000000  0.000000  2.000000  1.000000  0.000000  0.000000  0.000000  1.000000  0.000000  0.000000  0.000000  1.000000  0.999997  0.002040  0.000976  -0.002042  0.999996  0.002172  -0.000972  -0.002174  0.999997  1.000000  0.000000  0.000000  0.000000  1.000000  0.000000  0.000000  0.000000  1.000000  1.000000  0.000000  0.000000  0.000000  1.000000  0.000000  0.000000  0.000000  1.000000  0.000000  0.000000  
55.757631 0.004858  0.091890  -0.001909  0.998129  0.060781  0.006671  -0.060899  0.997958  0.019278  -0.005486  -0.019649  0.999792  0.000736  -0.001547  -0.000825  0.000000  0.000000  0.000000  2.000000  1.000000  0.000000  0.000000  0.000000  1.000000  0.000000  0.000000  0.000000  1.000000  0.999997  0.002452  0.000985  -0.002454  0.999995  0.002170  -0.000979  -0.002172  0.999997  1.000000  0.000000  0.000000  0.000000  1.000000  0.000000  0.000000  0.000000  1.000000  1.000000  0.000000  0.000000  0.000000  1.000000  0.000000  0.000000  0.000000  1.000000  0.000000  0.000000  
55.758634 0.004859  0.091888  -0.001909  0.998103  0.061188  0.006820  -0.061310  0.997930  0.019388  -0.005620  -0.019770  0.999789  0.000809  -0.001656  -0.000880  0.000000  0.000000  0.000000  2.000000  1.000000  0.000000  0.000000  0.000000  1.000000  0.000000  0.000000  0.000000  1.000000  0.999995  0.003066  0.001131  -0.003069  0.999993  0.002287  -0.001124  -0.002291  0.999997  1.000000  0.000000  0.000000  0.000000  1.000000  0.000000  0.000000  0.000000  1.000000  1.000000  0.000000  0.000000  0.000000  1.000000  0.000000  0.000000  0.000000  1.000000  0.000000  0.000000  
55.759897 0.004860  0.091886  -0.001910  0.998065  0.061804  0.006839  -0.061927  0.997890  0.019505  -0.005620  -0.019891  0.999786  0.000881  -0.001763  -0.000935  0.000000  0.000000  0.000000  2.000000  1.000000  0.000000  0.000000  0.000000  1.000000  0.000000  0.000000  0.000000  1.000000  0.999993  0.003684  0.001144  -0.003686  0.999990  0.002405  -0.001135  -0.002409  0.999996  1.000000  0.000000  0.000000  0.000000  1.000000  0.000000  0.000000  0.000000  1.000000  1.000000  0.000000  0.000000  0.000000  1.000000  0.000000  0.000000  0.000000  1.000000  0.000000  0.000000  
55.761136 0.004861  0.091883  -0.001912  0.998026  0.062418  0.006867  -0.062543  0.997847  0.019743  -0.005620  -0.020134  0.999782  0.000888  -0.001869  -0.000957  0.000000  0.000000  0.000000  2.000000  1.000000  0.000000  0.000000  0.000000  1.000000  0.000000  0.000000  0.000000  1.000000  0.999989  0.004509  0.001027  -0.004512  0.999987  0.002400  -0.001016  -0.002405  0.999997  1.000000  0.000000  0.000000  0.000000  1.000000  0.000000  0.000000  0.000000  1.000000  1.000000  0.000000  0.000000  0.000000  1.000000  0.000000  0.000000  0.000000  1.000000  0.000000  0.000000  
55.762389 0.004861  0.091880  -0.001912  0.997988  0.063034  0.006886  -0.063159  0.997806  0.019860  -0.005620  -0.020255  0.999779  0.000881  -0.001887  -0.000912  0.000000  0.000000  0.000000  2.000000  1.000000  0.000128  0.000026  -0.000128  1.000000  0.000066  -0.000026  -0.000066  1.000000  0.999986  0.005127  0.001041  -0.005129  0.999983  0.002639  -0.001027  -0.002645  0.999996  1.000000  0.000064  0.000013  -0.000064  1.000000  0.000033  -0.000013  -0.000033  1.000000  1.000000  0.000128  0.000026  -0.000128  1.000000  0.000066  -0.000026  -0.000066  1.000000  0.000000  0.005861  
55.763636 0.004862  0.091877  -0.001912  0.997948  0.063648  0.006914  -0.063776  0.997762  0.020098  -0.005620  -0.020497  0.999774  0.000892  -0.001876  -0.000814  0.113221  -0.048327  0.178962  2.000000  1.000000  0.000475  0.000086  -0.000475  1.000000  0.000231  -0.000086  -0.000231  1.000000  0.999982  0.005952  0.000925  -0.005955  0.999978  0.002756  -0.000908  -0.002761  0.999996  1.000000  0.000074  0.000011  -0.000074  1.000000  0.000034  -0.000011  -0.000034  1.000000  1.000000  0.000475  0.000086  -0.000475  1.000000  0.000231  -0.000086  -0.000231  1.000000  0.000053  0.006626  
55.764883 0.004862  0.091873  -0.001913  0.997908  0.064260  0.007076  -0.064392  0.997718  0.020327  -0.005753  -0.020740  0.999768  0.000840  -0.001971  -0.000809  0.117178  -0.048759  0.199720  2.000000  1.000000  0.000872  0.000151  -0.000872  1.000000  0.000406  -0.000150  -0.000406  1.000000  0.999978  0.006567  0.001073  -0.006570  0.999974  0.002873  -0.001054  -0.002880  0.999995  1.000000  0.000082  0.000013  -0.000082  1.000000  0.000036  -0.000013  -0.000036  1.000000  1.000000  0.000872  0.000151  -0.000872  1.000000  0.000406  -0.000150  -0.000406  1.000000  0.000058  0.007249  
55.765885 0.004863  0.091869  -0.001914  0.997868  0.064875  0.007104  -0.065008  0.997673  0.020565  -0.005753  -0.020982  0.999763  0.000862  -0.002058  -0.000792  0.125187  -0.049311  0.227376  2.000000  0.999999  0.001221  0.000203  -0.001221  0.999999  0.000554  -0.000202  -0.000555  1.000000  0.999974  0.007187  0.000954  -0.007190  0.999970  0.002990  -0.000932  -0.002997  0.999995  1.000000  0.000090  0.000012  -0.000090  1.000000  0.000037  -0.000012  -0.000037  1.000000  0.999999  0.001221  0.000203  -0.001221  0.999999  0.000554  -0.000202  -0.000555  1.000000  0.000065  0.007844  
55.767130 0.004865  0.091866  -0.001916  0.997827  0.065486  0.007266  -0.065625  0.997628  0.020793  -0.005887  -0.021225  0.999757  0.000903  -0.002176  -0.000852  0.129138  -0.049758  0.248142  2.000000  0.999999  0.001688  0.000266  -0.001689  0.999998  0.000746  -0.000264  -0.000746  1.000000  0.999971  0.007595  0.001098  -0.007599  0.999966  0.003108  -0.001074  -0.003117  0.999995  1.000000  0.000095  0.000014  -0.000095  1.000000  0.000039  -0.000014  -0.000039  1.000000  0.999999  0.001688  0.000266  -0.001689  0.999998  0.000746  -0.000264  -0.000746  1.000000  0.000070  0.008282  
55.768382 0.004867  0.091861  -0.001918  0.997786  0.066101  0.007295  -0.066241  0.997582  0.021031  -0.005887  -0.021468  0.999752  0.000894  -0.002344  -0.000908  0.133069  -0.050341  0.275799  2.000000  0.999998  0.002081  0.000316  -0.002081  0.999997  0.000907  -0.000314  -0.000908  1.000000  0.999967  0.008010  0.000975  -0.008013  0.999963  0.003227  -0.000949  -0.003235  0.999994  1.000000  0.000100  0.000012  -0.000100  1.000000  0.000040  -0.000012  -0.000040  1.000000  0.999998  0.002081  0.000316  -0.002081  0.999997  0.000907  -0.000314  -0.000908  1.000000  0.000077  0.008692  
55.769632 0.004868  0.091856  -0.001921  0.997745  0.066714  0.007332  -0.066857  0.997533  0.021389  -0.005887  -0.021831  0.999744  0.000860  -0.002531  -0.000993  0.145162  -0.046302  0.296615  2.000000  0.999997  0.002600  0.000370  -0.002600  0.999996  0.001115  -0.000367  -0.001116  0.999999  0.999962  0.008630  0.000856  -0.008633  0.999957  0.003345  -0.000827  -0.003352  0.999994  1.000000  0.000108  0.000011  -0.000108  1.000000  0.000042  -0.000011  -0.000042  1.000000  0.999997  0.002600  0.000370  -0.002600  0.999996  0.001115  -0.000367  -0.001116  0.999999  0.000083  0.009296  
55.770914 0.004869  0.091851  -0.001923  0.997703  0.067325  0.007495  -0.067473  0.997487  0.021618  -0.006021  -0.022074  0.999738  0.000901  -0.002705  -0.001011  0.148957  -0.051361  0.323939  2.000000  0.999995  0.003155  0.000424  -0.003155  0.999994  0.001330  -0.000419  -0.001332  0.999999  0.999959  0.009041  0.000869  -0.009044  0.999953  0.003463  -0.000837  -0.003471  0.999994  1.000000  0.000113  0.000011  -0.000113  1.000000  0.000043  -0.000011  -0.000043  1.000000  0.999995  0.003155  0.000424  -0.003155  0.999994  0.001330  -0.000419  -0.001332  0.999999  0.000090  0.009722  
55.772131 0.004871  0.091846  -0.001926  0.997661  0.067940  0.007525  -0.068089  0.997440  0.021855  -0.006021  -0.022316  0.999733  0.000932  -0.002938  -0.001178  0.153078  -0.051888  0.345021  2.000000  0.999993  0.003620  0.000474  -0.003620  0.999992  0.001506  -0.000468  -0.001508  0.999999  0.999955  0.009450  0.001014  -0.009453  0.999949  0.003581  -0.000980  -0.003590  0.999993  1.000000  0.000118  0.000012  -0.000118  1.000000  0.000045  -0.000012  -0.000045  1.000000  0.999993  0.003620  0.000474  -0.003620  0.999992  0.001506  -0.000468  -0.001508  0.999999  0.000095  0.010158  
55.773381 0.004874  0.091842  -0.001928  0.997619  0.068553  0.007563  -0.068706  0.997390  0.022213  -0.006021  -0.022680  0.999725  0.000972  -0.003151  -0.001285  0.165098  -0.048003  0.372692  2.000000  0.999991  0.004218  0.000537  -0.004219  0.999990  0.001732  -0.000530  -0.001734  0.999998  0.999953  0.009655  0.001021  -0.009659  0.999947  0.003580  -0.000986  -0.003589  0.999993  1.000000  0.000121  0.000013  -0.000121  1.000000  0.000045  -0.000013  -0.000045  1.000000  0.999991  0.004218  0.000537  -0.004219  0.999990  0.001732  -0.000530  -0.001734  0.999998  0.000102  0.010350  
55.774631 0.004875  0.091837  -0.001929  0.997576  0.069167  0.007594  -0.069322  0.997342  0.022451  -0.006021  -0.022923  0.999719  0.001037  -0.003278  -0.001296  0.167694  -0.048101  0.390251  2.000000  0.999988  0.004832  0.000601  -0.004833  0.999986  0.001961  -0.000592  -0.001964  0.999998  0.999951  0.009861  0.001028  -0.009864  0.999945  0.003700  -0.000991  -0.003710  0.999993  1.000000  0.000123  0.000013  -0.000123  1.000000  0.000046  -0.000013  -0.000046  1.000000  0.999988  0.004832  0.000601  -0.004833  0.999986  0.001961  -0.000592  -0.001964  0.999998  0.000106  0.010584  
55.775635 0.004877  0.091834  -0.001930  0.997533  0.069782  0.007616  -0.069938  0.997296  0.022567  -0.006021  -0.023044  0.999716  0.001146  -0.003330  -0.001288  0.167557  -0.044112  0.410923  2.000000  0.999986  0.005330  0.000651  -0.005331  0.999983  0.002146  -0.000640  -0.002150  0.999997  0.999949  0.010069  0.000901  -0.010073  0.999942  0.003698  -0.000864  -0.003707  0.999993  1.000000  0.000126  0.000011  -0.000126  1.000000  0.000046  -0.000011  -0.000046  1.000000  0.999986  0.005330  0.000651  -0.005331  0.999983  0.002146  -0.000640  -0.002150  0.999997  0.000111  0.010766  
55.776887 0.004879  0.091830  -0.001931  0.997503  0.070188  0.007776  -0.070348  0.997262  0.022796  -0.006155  -0.023286  0.999710  0.001243  -0.003429  -0.001278  0.172950  -0.044549  0.414281  2.000000  0.999983  0.005838  0.000701  -0.005840  0.999980  0.002336  -0.000688  -0.002340  0.999997  0.999947  0.010272  0.001042  -0.010276  0.999940  0.003817  -0.001003  -0.003827  0.999992  1.000000  0.000128  0.000013  -0.000128  1.000000  0.000048  -0.000013  -0.000048  1.000000  0.999983  0.005838  0.000701  -0.005840  0.999980  0.002336  -0.000688  -0.002340  0.999997  0.000113  0.011009  
55.778143 0.004882  0.091826  -0.001932  0.997460  0.070802  0.007807  -0.070964  0.997213  0.023033  -0.006155  -0.023529  0.999704  0.001376  -0.003482  -0.001291  0.176896  -0.040412  0.428143  2.000000  0.999979  0.006478  0.000760  -0.006480  0.999976  0.002576  -0.000743  -0.002581  0.999996  0.999947  0.010275  0.000911  -0.010278  0.999939  0.003938  -0.000870  -0.003947  0.999992  1.000000  0.000128  0.000011  -0.000128  1.000000  0.000049  -0.000011  -0.000049  1.000000  0.999979  0.006478  0.000760  -0.006480  0.999976  0.002576  -0.000743  -0.002581  0.999996  0.000115  0.011043  
55.779380 0.004884  0.091822  -0.001933  0.997416  0.071416  0.007839  -0.071581  0.997163  0.023271  -0.006155  -0.023772  0.999698  0.001432  -0.003515  -0.001369  0.175368  -0.040627  0.445301  2.000000  0.999975  0.006994  0.000804  -0.006996  0.999972  0.002774  -0.000785  -0.002780  0.999996  0.999947  0.010278  0.000779  -0.010281  0.999939  0.004059  -0.000738  -0.004067  0.999991  1.000000  0.000128  0.000009  -0.000128  1.000000  0.000051  -0.000009  -0.000051  1.000000  0.999975  0.006994  0.000804  -0.006996  0.999972  0.002774  -0.000785  -0.002780  0.999996  0.000119  0.011079  
55.780380 0.004885  0.091818  -0.001934  0.997386  0.071824  0.007866  -0.071991  0.997128  0.023509  -0.006155  -0.024014  0.999693  0.001461  -0.003568  -0.001381  0.179370  -0.040853  0.452150  2.000000  0.999971  0.007510  0.000844  -0.007513  0.999967  0.002975  -0.000822  -0.002982  0.999995  0.999947  0.010277  0.000781  -0.010280  0.999939  0.003938  -0.000740  -0.003946  0.999992  1.000000  0.000128  0.000010  -0.000128  1.000000  0.000049  -0.000010  -0.000049  1.000000  0.999971  0.007510  0.000844  -0.007513  0.999967  0.002975  -0.000822  -0.002982  0.999995  0.000123  0.011035  
55.781380 0.004886  0.091814  -0.001935  0.997357  0.072233  0.007893  -0.072402  0.997093  0.023748  -0.006155  -0.024257  0.999687  0.001468  -0.003590  -0.001369  0.183375  -0.041083  0.459005  2.000000  0.999967  0.008021  0.000884  -0.008024  0.999963  0.003180  -0.000858  -0.003187  0.999995  0.999949  0.010072  0.000778  -0.010075  0.999941  0.004061  -0.000737  -0.004068  0.999991  1.000000  0.000126  0.000009  -0.000126  1.000000  0.000051  -0.000009  -0.000051  1.000000  0.999967  0.008021  0.000884  -0.008024  0.999963  0.003180  -0.000858  -0.003187  0.999995  0.000123  0.010889  
55.782382 0.004888  0.091811  -0.001936  0.997327  0.072643  0.007912  -0.072812  0.997060  0.023866  -0.006155  -0.024378  0.999684  0.001533  -0.003568  -0.001329  0.183462  -0.041316  0.466182  2.000000  0.999963  0.008525  0.000923  -0.008528  0.999958  0.003387  -0.000894  -0.003395  0.999994  0.999949  0.010071  0.000781  -0.010074  0.999941  0.004182  -0.000738  -0.004190  0.999991  1.000000  0.000126  0.000009  -0.000126  1.000000  0.000052  -0.000009  -0.000052  1.000000  0.999963  0.008525  0.000923  -0.008528  0.999958  0.003387  -0.000894  -0.003395  0.999994  0.000125  0.010935  
55.783630 0.004890  0.091806  -0.001938  0.997297  0.073051  0.007939  -0.073223  0.997024  0.024104  -0.006155  -0.024620  0.999678  0.001597  -0.003557  -0.001232  0.183333  -0.041399  0.465843  2.000000  0.999958  0.009146  0.000973  -0.009150  0.999951  0.003650  -0.000939  -0.003659  0.999993  0.999951  0.009865  0.000778  -0.009869  0.999943  0.004183  -0.000737  -0.004191  0.999991  1.000000  0.000123  0.000009  -0.000123  1.000000  0.000052  -0.000009  -0.000052  1.000000  0.999958  0.009146  0.000973  -0.009150  0.999951  0.003650  -0.000939  -0.003659  0.999993  0.000125  0.010746  
55.784631 0.004892  0.091803  -0.001939  0.997281  0.073255  0.007962  -0.073428  0.997003  0.024344  -0.006155  -0.024863  0.999672  0.001629  -0.003523  -0.001202  0.187414  -0.041333  0.458973  2.000000  0.999954  0.009519  0.001003  -0.009523  0.999947  0.003810  -0.000967  -0.003819  0.999992  0.999951  0.009865  0.000780  -0.009868  0.999942  0.004305  -0.000738  -0.004312  0.999990  1.000000  0.000123  0.000009  -0.000123  1.000000  0.000054  -0.000009  -0.000054  1.000000  0.999954  0.009519  0.001003  -0.009523  0.999947  0.003810  -0.000967  -0.003819  0.999992  0.000124  0.010793  
55.785882 0.004894  0.091799  -0.001940  0.997251  0.073663  0.007990  -0.073839  0.996967  0.024583  -0.006155  -0.025105  0.999666  0.001636  -0.003495  -0.001118  0.188994  -0.037142  0.455993  2.000000  0.999948  0.010125  0.001046  -0.010129  0.999940  0.004080  -0.001005  -0.004091  0.999991  0.999953  0.009663  0.000644  -0.009665  0.999944  0.004306  -0.000602  -0.004312  0.999991  1.000000  0.000121  0.000008  -0.000121  1.000000  0.000054  -0.000008  -0.000054  1.000000  0.999948  0.010125  0.001046  -0.010129  0.999940  0.004080  -0.001005  -0.004091  0.999991  0.000125  0.010600  
55.787131 0.004896  0.091794  -0.001942  0.997221  0.074071  0.008027  -0.074250  0.996928  0.024942  -0.006155  -0.025469  0.999657  0.001619  -0.003484  -0.001083  0.195489  -0.032485  0.452316  2.000000  0.999942  0.010713  0.001088  -0.010718  0.999933  0.004349  -0.001041  -0.004361  0.999990  0.999957  0.009251  0.000636  -0.009253  0.999948  0.004309  -0.000596  -0.004314  0.999991  1.000000  0.000116  0.000008  -0.000116  1.000000  0.000054  -0.000008  -0.000054  1.000000  0.999942  0.010713  0.001088  -0.010718  0.999933  0.004349  -0.001041  -0.004361  0.999990  0.000125  0.010226  
55.788132 0.004896  0.091789  -0.001945  0.997190  0.074480  0.008046  -0.074660  0.996894  0.025060  -0.006155  -0.025590  0.999654  0.001555  -0.003546  -0.001132  0.195497  -0.028087  0.452501  2.000000  0.999937  0.011171  0.001117  -0.011176  0.999927  0.004566  -0.001066  -0.004578  0.999989  0.999959  0.009048  0.000499  -0.009050  0.999950  0.004310  -0.000460  -0.004314  0.999991  1.000000  0.000113  0.000006  -0.000113  1.000000  0.000054  -0.000006  -0.000054  1.000000  0.999937  0.011171  0.001117  -0.011176  0.999927  0.004566  -0.001066  -0.004578  0.999989  0.000123  0.010036  
55.789381 0.004898  0.091784  -0.001948  0.997175  0.074683  0.008069  -0.074866  0.996873  0.025300  -0.006155  -0.025833  0.999647  0.001527  -0.003590  -0.001285  0.195552  -0.027879  0.438710  2.000000  0.999931  0.011720  0.001150  -0.011726  0.999920  0.004834  -0.001093  -0.004847  0.999988  0.999963  0.008637  0.000491  -0.008639  0.999953  0.004312  -0.000453  -0.004317  0.999991  1.000000  0.000108  0.000006  -0.000108  1.000000  0.000054  -0.000006  -0.000054  1.000000  0.999931  0.011720  0.001150  -0.011726  0.999920  0.004834  -0.001093  -0.004847  0.999988  0.000122  0.009667  
55.790383 0.004899  0.091780  -0.001951  0.997144  0.075092  0.008098  -0.075276  0.996836  0.025539  -0.006155  -0.026075  0.999641  0.001460  -0.003649  -0.001412  0.199585  -0.027957  0.438682  2.000000  0.999926  0.012142  0.001176  -0.012148  0.999913  0.005046  -0.001115  -0.005060  0.999987  0.999966  0.008225  0.000482  -0.008227  0.999957  0.004315  -0.000447  -0.004319  0.999991  1.000000  0.000103  0.000006  -0.000103  1.000000  0.000054  -0.000006  -0.000054  1.000000  0.999926  0.012142  0.001176  -0.012148  0.999913  0.005046  -0.001115  -0.005060  0.999987  0.000121  0.009302  
55.791513 0.004900  0.091777  -0.001954  0.997128  0.075295  0.008122  -0.075481  0.996814  0.025779  -0.006155  -0.026318  0.999635  0.001415  -0.003668  -0.001563  0.204499  -0.027826  0.426603  2.000000  0.999922  0.012455  0.001196  -0.012461  0.999909  0.005205  -0.001131  -0.005219  0.999986  0.999964  0.008431  0.000488  -0.008433  0.999956  0.004193  -0.000453  -0.004196  0.999991  1.000000  0.000105  0.000006  -0.000105  1.000000  0.000052  -0.000006  -0.000052  1.000000  0.999922  0.012455  0.001196  -0.012461  0.999909  0.005205  -0.001131  -0.005219  0.999986  0.000120  0.009429  
55.792640 0.004901  0.091772  -0.001958  0.997113  0.075498  0.008145  -0.075687  0.996792  0.026019  -0.006155  -0.026560  0.999628  0.001352  -0.003722  -0.001772  0.205457  -0.027724  0.414591  2.000000  0.999917  0.012861  0.001218  -0.012868  0.999903  0.005419  -0.001148  -0.005434  0.999985  0.999968  0.008022  0.000346  -0.008024  0.999959  0.004195  -0.000312  -0.004198  0.999991  1.000000  0.000100  0.000004  -0.000100  1.000000  0.000052  -0.000004  -0.000052  1.000000  0.999917  0.012861  0.001218  -0.012868  0.999903  0.005419  -0.001148  -0.005434  0.999985  0.000116  0.009060  
55.793885 0.004902  0.091767  -0.001962  0.997097  0.075702  0.008169  -0.075892  0.996770  0.026259  -0.006155  -0.026803  0.999622  0.001301  -0.003775  -0.001990  0.203798  -0.022977  0.404454  2.000000  0.999911  0.013249  0.001237  -0.013256  0.999896  0.005633  -0.001162  -0.005649  0.999983  0.999971  0.007611  0.000337  -0.007612  0.999962  0.004198  -0.000305  -0.004200  0.999991  1.000000  0.000095  0.000004  -0.000095  1.000000  0.000052  -0.000004  -0.000052  1.000000  0.999911  0.013249  0.001237  -0.013256  0.999896  0.005633  -0.001162  -0.005649  0.999983  0.000113  0.008699  
55.795133 0.004903  0.091763  -0.001965  0.997081  0.075905  0.008193  -0.076097  0.996748  0.026499  -0.006155  -0.027045  0.999615  0.001231  -0.003729  -0.002086  0.203921  -0.022582  0.383869  2.000000  0.999905  0.013712  0.001261  -0.013719  0.999888  0.005898  -0.001180  -0.005915  0.999982  0.999974  0.007199  0.000328  -0.007200  0.999965  0.004200  -0.000297  -0.004203  0.999991  1.000000  0.000090  0.000004  -0.000090  1.000000  0.000053  -0.000004  -0.000053  1.000000  0.999905  0.013712  0.001261  -0.013719  0.999888  0.005898  -0.001180  -0.005915  0.999982  0.000110  0.008342  
55.796385 0.004904  0.091758  -0.001969  0.997066  0.076109  0.008207  -0.076302  0.996729  0.026619  -0.006155  -0.027167  0.999612  0.001148  -0.003761  -0.002305  0.201646  -0.017844  0.366424  2.000000  0.999899  0.014143  0.001283  -0.014151  0.999881  0.006162  -0.001196  -0.006180  0.999980  0.999977  0.006787  0.000318  -0.006789  0.999968  0.004203  -0.000290  -0.004205  0.999991  1.000000  0.000085  0.000004  -0.000085  1.000000  0.000053  -0.000004  -0.000053  1.000000  0.999899  0.014143  0.001283  -0.014151  0.999881  0.006162  -0.001196  -0.006180  0.999980  0.000107  0.007990  
55.797385 0.004904  0.091754  -0.001972  0.997051  0.076316  0.008098  -0.076508  0.996707  0.026869  -0.006021  -0.027409  0.999606  0.001085  -0.003773  -0.002402  0.201692  -0.013267  0.359577  2.000000  0.999895  0.014467  0.001295  -0.014475  0.999875  0.006372  -0.001202  -0.006391  0.999979  0.999980  0.006383  0.000041  -0.006383  0.999971  0.004206  -0.000014  -0.004207  0.999991  1.000000  0.000080  0.000000  -0.000080  1.000000  0.000053  -0.000000  -0.000053  1.000000  0.999895  0.014467  0.001295  -0.014475  0.999875  0.006372  -0.001202  -0.006391  0.999979  0.000104  0.007645  
55.798386 0.004905  0.091751  -0.001974  0.997051  0.076315  0.008107  -0.076508  0.996704  0.026990  -0.006021  -0.027530  0.999603  0.000992  -0.003730  -0.002487  0.197725  -0.012821  0.338799  2.000000  0.999890  0.014776  0.001299  -0.014784  0.999869  0.006581  -0.001201  -0.006600  0.999977  0.999982  0.005972  0.000031  -0.005972  0.999973  0.004209  -0.000005  -0.004209  0.999991  1.000000  0.000075  0.000000  -0.000075  1.000000  0.000053  -0.000000  -0.000053  1.000000  0.999890  0.014776  0.001299  -0.014784  0.999869  0.006581  -0.001201  -0.006600  0.999977  0.000100  0.007306  
55.799635 0.004906  0.091748  -0.001977  0.997051  0.076313  0.008126  -0.076508  0.996697  0.027232  -0.006021  -0.027773  0.999596  0.000938  -0.003686  -0.002541  0.197855  -0.012389  0.318057  2.000000  0.999886  0.015058  0.001302  -0.015067  0.999863  0.006787  -0.001200  -0.006806  0.999976  0.999985  0.005560  0.000020  -0.005560  0.999976  0.004090  0.000003  -0.004090  0.999992  1.000000  0.000070  0.000000  -0.000070  1.000000  0.000051  -0.000000  -0.000051  1.000000  0.999886  0.015058  0.001302  -0.015067  0.999863  0.006787  -0.001200  -0.006806  0.999976  0.000095  0.006902  
55.800881 0.004907  0.091743  -0.001980  0.997036  0.076521  0.008007  -0.076713  0.996678  0.027361  -0.005887  -0.027894  0.999594  0.000865  -0.003696  -0.002670  0.192451  -0.003260  0.309163  2.000000  0.999881  0.015385  0.001305  -0.015394  0.999857  0.007040  -0.001196  -0.007059  0.999974  0.999987  0.005152  -0.000124  -0.005152  0.999979  0.003972  0.000144  -0.003971  0.999992  1.000000  0.000064  -0.000002  -0.000064  1.000000  0.000050  0.000002  -0.000050  1.000000  0.999881  0.015385  0.001305  -0.015394  0.999857  0.007040  -0.001196  -0.007059  0.999974  0.000092  0.006507  
55.801884 0.004907  0.091740  -0.001983  0.997036  0.076519  0.008026  -0.076713  0.996671  0.027603  -0.005887  -0.028137  0.999587  0.000796  -0.003661  -0.002758  0.193960  -0.002836  0.290636  2.000000  0.999881  0.015385  0.001305  -0.015394  0.999857  0.007040  -0.001196  -0.007059  0.999974  0.999990  0.004535  -0.000141  -0.004534  0.999982  0.003976  0.000159  -0.003975  0.999992  1.000000  0.000000  0.000000  0.000000  1.000000  0.000000  0.000000  0.000000  1.000000  0.999881  0.015385  0.001305  -0.015394  0.999857  0.007040  -0.001196  -0.007059  0.999974  0.000088  0.000000  
55.803131 0.004908  0.091735  -0.001987  0.997036  0.076518  0.008035  -0.076713  0.996668  0.027724  -0.005887  -0.028258  0.999583  0.000765  -0.003589  -0.002820  0.185943  -0.002378  0.269903  2.000000  0.999881  0.015385  0.001305  -0.015394  0.999857  0.007040  -0.001196  -0.007059  0.999974  0.999991  0.004123  -0.000151  -0.004123  0.999984  0.003978  0.000168  -0.003978  0.999992  1.000000  0.000000  0.000000  0.000000  1.000000  0.000000  0.000000  0.000000  1.000000  0.999881  0.015385  0.001305  -0.015394  0.999857  0.007040  -0.001196  -0.007059  0.999974  0.000083  0.000000  
55.804133 0.004908  0.091732  -0.001991  0.997037  0.076521  0.007911  -0.076713  0.996664  0.027855  -0.005753  -0.028379  0.999581  0.000716  -0.003581  -0.002933  0.186073  0.002617  0.249251  2.000000  0.999881  0.015385  0.001305  -0.015394  0.999857  0.007040  -0.001196  -0.007059  0.999974  0.999993  0.003716  -0.000296  -0.003714  0.999986  0.003860  0.000310  -0.003859  0.999993  1.000000  0.000000  0.000000  0.000000  1.000000  0.000000  0.000000  0.000000  1.000000  0.999881  0.015385  0.001305  -0.015394  0.999857  0.007040  -0.001196  -0.007059  0.999974  0.000079  0.000000  
55.805380 0.004909  0.091727  -0.001996  0.997037  0.076519  0.007930  -0.076713  0.996657  0.028097  -0.005753  -0.028622  0.999574  0.000701  -0.003557  -0.002971  0.184665  0.002890  0.233533  2.000000  0.999881  0.015385  0.001305  -0.015394  0.999857  0.007040  -0.001196  -0.007059  0.999974  0.999994  0.003304  -0.000307  -0.003303  0.999988  0.003741  0.000319  -0.003740  0.999993  1.000000  0.000000  0.000000  0.000000  1.000000  0.000000  0.000000  0.000000  1.000000  0.999881  0.015385  0.001305  -0.015394  0.999857  0.007040  -0.001196  -0.007059  0.999974  0.000075  0.000000  
55.806629 0.004910  0.091723  -0.002001  0.997052  0.076313  0.007933  -0.076508  0.996670  0.028219  -0.005753  -0.028743  0.999570  0.000651  -0.003550  -0.003087  0.180738  0.008020  0.206167  2.000000  0.999881  0.015385  0.001305  -0.015394  0.999857  0.007040  -0.001196  -0.007059  0.999974  0.999996  0.002687  -0.000324  -0.002686  0.999990  0.003623  0.000334  -0.003623  0.999993  1.000000  0.000000  0.000000  0.000000  1.000000  0.000000  0.000000  0.000000  1.000000  0.999881  0.015385  0.001305  -0.015394  0.999857  0.007040  -0.001196  -0.007059  0.999974  0.000071  0.000000  
55.807632 0.004911  0.091719  -0.002004  0.997052  0.076311  0.007952  -0.076508  0.996663  0.028461  -0.005753  -0.028985  0.999563  0.000645  -0.003550  -0.003111  0.184859  0.008342  0.192443  2.000000  0.999881  0.015385  0.001305  -0.015394  0.999857  0.007040  -0.001196  -0.007059  0.999974  0.999997  0.002275  -0.000336  -0.002274  0.999991  0.003505  0.000344  -0.003504  0.999994  1.000000  0.000000  0.000000  0.000000  1.000000  0.000000  0.000000  0.000000  1.000000  0.999881  0.015385  0.001305  -0.015394  0.999857  0.007040  -0.001196  -0.007059  0.999974  0.000067  0.000000  
55.808633 0.004912  0.091715  -0.002009  0.997052  0.076310  0.007961  -0.076508  0.996659  0.028582  -0.005753  -0.029107  0.999560  0.000649  -0.003505  -0.003142  0.181016  0.008675  0.178841  2.000000  0.999881  0.015385  0.001305  -0.015394  0.999857  0.007040  -0.001196  -0.007059  0.999974  0.999998  0.002069  -0.000341  -0.002068  0.999991  0.003627  0.000349  -0.003626  0.999993  1.000000  0.000000  0.000000  0.000000  1.000000  0.000000  0.000000  0.000000  1.000000  0.999881  0.015385  0.001305  -0.015394  0.999857  0.007040  -0.001196  -0.007059  0.999974  0.000064  0.000000  
55.809639 0.004913  0.091712  -0.002013  0.997068  0.076104  0.007964  -0.076303  0.996671  0.028704  -0.005753  -0.029228  0.999556  0.000683  -0.003491  -0.003251  0.178456  0.009442  0.152514  2.000000  0.999881  0.015385  0.001305  -0.015394  0.999857  0.007040  -0.001196  -0.007059  0.999974  0.999999  0.001658  -0.000353  -0.001657  0.999992  0.003508  0.000359  -0.003508  0.999994  1.000000  0.000000  0.000000  0.000000  1.000000  0.000000  0.000000  0.000000  1.000000  0.999881  0.015385  0.001305  -0.015394  0.999857  0.007040  -0.001196  -0.007059  0.999974  0.000060  0.000000  
55.810881 0.004914  0.091707  -0.002019  0.997069  0.076106  0.007849  -0.076303  0.996664  0.028956  -0.005620  -0.029470  0.999550  0.000718  -0.003508  -0.003374  0.178608  0.014276  0.138851  2.000000  0.999881  0.015385  0.001305  -0.015394  0.999857  0.007040  -0.001196  -0.007059  0.999974  0.999999  0.001246  -0.000365  -0.001245  0.999993  0.003389  0.000369  -0.003389  0.999994  1.000000  0.000000  0.000000  0.000000  1.000000  0.000000  0.000000  0.000000  1.000000  0.999881  0.015385  0.001305  -0.015394  0.999857  0.007040  -0.001196  -0.007059  0.999974  0.000056  0.000000  
55.811883 0.004915  0.091703  -0.002023  0.997085  0.075900  0.007853  -0.076097  0.996676  0.029079  -0.005620  -0.029592  0.999546  0.000714  -0.003517  -0.003451  0.174630  0.014809  0.118083  2.000000  0.999881  0.015385  0.001305  -0.015394  0.999857  0.007040  -0.001196  -0.007059  0.999974  1.000000  0.000633  -0.000517  -0.000631  0.999994  0.003393  0.000519  -0.003393  0.999994  1.000000  0.000000  0.000000  0.000000  1.000000  0.000000  0.000000  0.000000  1.000000  0.999881  0.015385  0.001305  -0.015394  0.999857  0.007040  -0.001196  -0.007059  0.999974  0.000054  0.000000  
55.812888 0.004916  0.091700  -0.002027  0.997085  0.075899  0.007862  -0.076097  0.996673  0.029200  -0.005620  -0.029713  0.999543  0.000739  -0.003561  -0.003605  0.170610  0.015161  0.104236  2.000000  0.999881  0.015385  0.001305  -0.015394  0.999857  0.007040  -0.001196  -0.007059  0.999974  1.000000  0.000427  -0.000523  -0.000426  0.999995  0.003273  0.000524  -0.003272  0.999995  1.000000  0.000000  0.000000  0.000000  1.000000  0.000000  0.000000  0.000000  1.000000  0.999881  0.015385  0.001305  -0.015394  0.999857  0.007040  -0.001196  -0.007059  0.999974  0.000051  0.000000  
55.814131 0.004917  0.091695  -0.002033  0.997100  0.075691  0.007874  -0.075892  0.996681  0.029443  -0.005620  -0.029955  0.999535  0.000739  -0.003637  -0.003826  0.173388  0.015582  0.082811  2.000000  0.999881  0.015385  0.001305  -0.015394  0.999857  0.007040  -0.001196  -0.007059  0.999974  1.000000  0.000016  -0.000535  -0.000014  0.999995  0.003032  0.000535  -0.003032  0.999995  1.000000  0.000000  0.000000  0.000000  1.000000  0.000000  0.000000  0.000000  1.000000  0.999881  0.015385  0.001305  -0.015394  0.999857  0.007040  -0.001196  -0.007059  0.999974  0.000048  0.000000  
55.815385 0.004918  0.091690  -0.002038  0.997100  0.075691  0.007883  -0.075892  0.996678  0.029564  -0.005620  -0.030077  0.999532  0.000754  -0.003713  -0.004021  0.000000  0.000000  0.000000  2.000000  0.999881  0.015385  0.001305  -0.015394  0.999857  0.007040  -0.001196  -0.007059  0.999974  1.000000  -0.000190  -0.000541  0.000191  0.999995  0.003034  0.000541  -0.003034  0.999995  1.000000  0.000000  0.000000  0.000000  1.000000  0.000000  0.000000  0.000000  1.000000  0.999881  0.015385  0.001305  -0.015394  0.999857  0.007040  -0.001196  -0.007059  0.999974  0.000047  0.000000  
55.816631 0.004920  0.091685  -0.002043  0.997116  0.075484  0.007886  -0.075687  0.996690  0.029687  -0.005620  -0.030198  0.999528  0.000825  -0.003720  -0.004098  0.000000  0.000000  0.000000  2.000000  0.999881  0.015385  0.001305  -0.015394  0.999857  0.007040  -0.001196  -0.007059  0.999974  1.000000  -0.000601  -0.000554  0.000603  0.999995  0.003036  0.000552  -0.003036  0.999995  1.000000  0.000000  0.000000  0.000000  1.000000  0.000000  0.000000  0.000000  1.000000  0.999881  0.015385  0.001305  -0.015394  0.999857  0.007040  -0.001196  -0.007059  0.999974  0.000000  0.000000  
55.817880 0.004921  0.091681  -0.002048  0.997131  0.075277  0.007899  -0.075482  0.996698  0.029930  -0.005620  -0.030440  0.999521  0.000893  -0.003704  -0.004137  0.000000  0.000000  0.000000  2.000000  0.999881  0.015385  0.001305  -0.015394  0.999857  0.007040  -0.001196  -0.007059  0.999974  0.999999  -0.001017  -0.000432  0.001018  0.999995  0.002917  0.000429  -0.002917  0.999996  1.000000  0.000000  0.000000  0.000000  1.000000  0.000000  0.000000  0.000000  1.000000  0.999881  0.015385  0.001305  -0.015394  0.999857  0.007040  -0.001196  -0.007059  0.999974  0.000000  0.000000  
55.818884 0.004922  0.091678  -0.002051  0.997131  0.075276  0.007908  -0.075482  0.996694  0.030051  -0.005620  -0.030562  0.999517  0.000941  -0.003645  -0.004062  0.000000  0.000000  0.000000  2.000000  0.999881  0.015385  0.001305  -0.015394  0.999857  0.007040  -0.001196  -0.007059  0.999974  0.999999  -0.001017  -0.000433  0.001018  0.999996  0.002796  0.000430  -0.002796  0.999996  1.000000  0.000000  0.000000  0.000000  1.000000  0.000000  0.000000  0.000000  1.000000  0.999881  0.015385  0.001305  -0.015394  0.999857  0.007040  -0.001196  -0.007059  0.999974  0.000000  0.000000  
