1-Time 2-Px 3-Py 4-Pz 5-R11 6-R21 7-R31 8-R12 9-R22 10-R32 11-R13 12-R23 13-R33 14-Vx 15-Vy 16-Vz 17-Wx 18-Wy 19-Wz 20-state 21-PR11 22-PR21 23-PR31 24-PR12 25-PR22 26-PR32 27-PR13 28-PR23 29-PR33 
180.472671 0.005088  0.094013  0.002118  0.998943  0.045526  0.006363  -0.045687  0.998567  0.027876  -0.005084  -0.028137  0.999591  0.000278  0.000318  0.000093  0.000000  0.000000  0.000000  2.000000  1.000000  0.000000  0.000000  -0.000000  1.000000  0.000000  0.000000  -0.000000  1.000000  1.000000  -0.000221  0.000529  0.000221  1.000000  0.000001  -0.000529  -0.000001  1.000000  1.000000  0.000000  0.000000  0.000000  1.000000  0.000000  0.000000  0.000000  1.000000  0.447554  0.834242  -0.322080  -0.787480  0.538335  0.300117  0.423757  0.119313  0.897883  0.000000  0.000000  
180.473672 0.005088  0.094013  0.002118  0.998943  0.045526  0.006363  -0.045687  0.998567  0.027876  -0.005084  -0.028137  0.999591  0.000278  0.000318  0.000093  0.000000  0.000000  0.000000  2.000000  1.000000  0.000000  0.000000  0.000000  1.000000  0.000000  0.000000  0.000000  1.000000  1.000000  -0.000221  0.000529  0.000221  1.000000  0.000001  -0.000529  -0.000001  1.000000  1.000000  0.000000  0.000000  0.000000  1.000000  0.000000  0.000000  0.000000  1.000000  1.000000  0.000000  0.000000  0.000000  1.000000  0.000000  0.000000  0.000000  1.000000  0.000000  0.000000  
180.474923 0.005089  0.094013  0.002118  0.998933  0.045732  0.006368  -0.045893  0.998557  0.027874  -0.005084  -0.028137  0.999591  0.000293  0.000272  0.000116  0.000000  0.000000  0.000000  2.000000  1.000000  0.000000  0.000000  0.000000  1.000000  0.000000  0.000000  0.000000  1.000000  1.000000  -0.000221  0.000529  0.000221  1.000000  0.000001  -0.000529  -0.000001  1.000000  1.000000  0.000000  0.000000  0.000000  1.000000  0.000000  0.000000  0.000000  1.000000  1.000000  0.000000  0.000000  0.000000  1.000000  0.000000  0.000000  0.000000  1.000000  0.000000  0.000000  
180.475923 0.005090  0.094012  0.002119  0.998933  0.045728  0.006502  -0.045893  0.998558  0.027868  -0.005218  -0.028137  0.999590  0.000330  0.000198  0.000119  0.000000  0.000000  0.000000  2.000000  1.000000  0.000000  0.000000  0.000000  1.000000  0.000000  0.000000  0.000000  1.000000  1.000000  -0.000011  0.000401  0.000011  1.000000  0.000000  -0.000401  0.000000  1.000000  1.000000  0.000000  0.000000  0.000000  1.000000  0.000000  0.000000  0.000000  1.000000  1.000000  0.000000  0.000000  0.000000  1.000000  0.000000  0.000000  0.000000  1.000000  0.000000  0.000000  
180.476924 0.005091  0.094011  0.002120  0.998923  0.045933  0.006513  -0.046098  0.998545  0.027988  -0.005218  -0.028258  0.999587  0.000398  0.000110  0.000197  0.000000  0.000000  0.000000  2.000000  1.000000  0.000000  0.000000  0.000000  1.000000  0.000000  0.000000  0.000000  1.000000  1.000000  0.000191  0.000541  -0.000191  1.000000  0.000120  -0.000541  -0.000120  1.000000  1.000000  0.000000  0.000000  0.000000  1.000000  0.000000  0.000000  0.000000  1.000000  1.000000  0.000000  0.000000  0.000000  1.000000  0.000000  0.000000  0.000000  1.000000  0.000000  0.000000  
180.478173 0.005092  0.094009  0.002120  0.998923  0.045929  0.006647  -0.046098  0.998545  0.027982  -0.005352  -0.028258  0.999586  0.000471  -0.000039  0.000202  0.000000  0.000000  0.000000  2.000000  1.000000  0.000000  0.000000  0.000000  1.000000  0.000000  0.000000  0.000000  1.000000  1.000000  0.000191  0.000541  -0.000191  1.000000  0.000120  -0.000541  -0.000120  1.000000  1.000000  0.000000  0.000000  0.000000  1.000000  0.000000  0.000000  0.000000  1.000000  1.000000  0.000000  0.000000  0.000000  1.000000  0.000000  0.000000  0.000000  1.000000  0.000000  0.000000  
180.479175 0.005094  0.094008  0.002121  0.998913  0.046134  0.006658  -0.046304  0.998532  0.028102  -0.005352  -0.028379  0.999583  0.000554  -0.000131  0.000249  0.000000  0.000000  0.000000  2.000000  1.000000  0.000000  0.000000  0.000000  1.000000  0.000000  0.000000  0.000000  1.000000  1.000000  0.000393  0.000680  -0.000393  1.000000  0.000240  -0.000680  -0.000241  1.000000  1.000000  0.000000  0.000000  0.000000  1.000000  0.000000  0.000000  0.000000  1.000000  1.000000  0.000000  0.000000  0.000000  1.000000  0.000000  0.000000  0.000000  1.000000  0.000000  0.000000  
180.480430 0.005095  0.094008  0.002122  0.998904  0.046343  0.006536  -0.046509  0.998519  0.028227  -0.005218  -0.028501  0.999580  0.000607  -0.000215  0.000359  0.000000  0.000000  0.000000  2.000000  1.000000  0.000000  0.000000  0.000000  1.000000  0.000000  0.000000  0.000000  1.000000  1.000000  0.000602  0.000553  -0.000602  1.000000  0.000361  -0.000552  -0.000361  1.000000  1.000000  0.000000  0.000000  0.000000  1.000000  0.000000  0.000000  0.000000  1.000000  1.000000  0.000000  0.000000  0.000000  1.000000  0.000000  0.000000  0.000000  1.000000  0.000000  0.000000  
180.481436 0.005097  0.094007  0.002123  0.998895  0.046548  0.006542  -0.046715  0.998509  0.028226  -0.005218  -0.028501  0.999580  0.000719  -0.000278  0.000426  0.000000  0.000000  0.000000  2.000000  1.000000  0.000000  0.000000  0.000000  1.000000  0.000000  0.000000  0.000000  1.000000  1.000000  0.000812  0.000425  -0.000812  1.000000  0.000360  -0.000424  -0.000360  1.000000  1.000000  0.000000  0.000000  0.000000  1.000000  0.000000  0.000000  0.000000  1.000000  1.000000  0.000000  0.000000  0.000000  1.000000  0.000000  0.000000  0.000000  1.000000  0.000000  0.000000  
180.482675 0.005099  0.094006  0.002125  0.998875  0.046959  0.006559  -0.047126  0.998487  0.028345  -0.005218  -0.028622  0.999577  0.000831  -0.000342  0.000495  0.000000  0.000000  0.000000  2.000000  1.000000  0.000000  0.000000  0.000000  1.000000  0.000000  0.000000  0.000000  1.000000  0.999999  0.001017  0.000431  -0.001018  0.999999  0.000480  -0.000430  -0.000480  1.000000  1.000000  0.000000  0.000000  0.000000  1.000000  0.000000  0.000000  0.000000  1.000000  1.000000  0.000000  0.000000  0.000000  1.000000  0.000000  0.000000  0.000000  1.000000  0.000000  0.000000  
180.483929 0.005101  0.094006  0.002126  0.998865  0.047159  0.006704  -0.047332  0.998474  0.028458  -0.005352  -0.028743  0.999573  0.000936  -0.000383  0.000551  0.000000  0.000000  0.000000  2.000000  1.000000  0.000000  0.000000  0.000000  1.000000  0.000000  0.000000  0.000000  1.000000  0.999999  0.001425  0.000576  -0.001425  0.999999  0.000477  -0.000576  -0.000478  1.000000  1.000000  0.000000  0.000000  0.000000  1.000000  0.000000  0.000000  0.000000  1.000000  1.000000  0.000000  0.000000  0.000000  1.000000  0.000000  0.000000  0.000000  1.000000  0.000000  0.000000  
180.485180 0.005103  0.094006  0.002127  0.998845  0.047567  0.006850  -0.047743  0.998454  0.028449  -0.005486  -0.028743  0.999572  0.001078  -0.000418  0.000640  0.000000  0.000000  0.000000  2.000000  1.000000  0.000000  0.000000  0.000000  1.000000  0.000000  0.000000  0.000000  1.000000  0.999999  0.001631  0.000582  -0.001631  0.999998  0.000598  -0.000581  -0.000599  1.000000  1.000000  0.000000  0.000000  0.000000  1.000000  0.000000  0.000000  0.000000  1.000000  1.000000  0.000000  0.000000  0.000000  1.000000  0.000000  0.000000  0.000000  1.000000  0.000000  0.000000  
180.486429 0.005105  0.094007  0.002129  0.998835  0.047772  0.006855  -0.047949  0.998445  0.028447  -0.005486  -0.028743  0.999572  0.001177  -0.000398  0.000770  0.000000  0.000000  0.000000  2.000000  1.000000  0.000000  0.000000  0.000000  1.000000  0.000000  0.000000  0.000000  1.000000  0.999998  0.002039  0.000728  -0.002039  0.999998  0.000595  -0.000727  -0.000597  1.000000  1.000000  0.000000  0.000000  0.000000  1.000000  0.000000  0.000000  0.000000  1.000000  1.000000  0.000000  0.000000  0.000000  1.000000  0.000000  0.000000  0.000000  1.000000  0.000000  0.000000  
180.487675 0.005107  0.094007  0.002131  0.998814  0.048179  0.007007  -0.048360  0.998422  0.028559  -0.005620  -0.028864  0.999568  0.001277  -0.000379  0.000900  0.000000  0.000000  0.000000  2.000000  1.000000  0.000000  0.000000  0.000000  1.000000  0.000000  0.000000  0.000000  1.000000  0.999996  0.002656  0.000746  -0.002656  0.999996  0.000713  -0.000744  -0.000715  0.999999  1.000000  0.000000  0.000000  0.000000  1.000000  0.000000  0.000000  0.000000  1.000000  1.000000  0.000000  0.000000  0.000000  1.000000  0.000000  0.000000  0.000000  1.000000  0.000000  0.000000  
180.488927 0.005108  0.094008  0.002133  0.998794  0.048589  0.007024  -0.048771  0.998398  0.028677  -0.005620  -0.028985  0.999564  0.001361  -0.000355  0.001061  0.000000  0.000000  0.000000  2.000000  1.000000  0.000000  0.000000  0.000000  1.000000  0.000000  0.000000  0.000000  1.000000  0.999996  0.002862  0.000752  -0.002862  0.999996  0.000833  -0.000750  -0.000835  0.999999  1.000000  0.000000  0.000000  0.000000  1.000000  0.000000  0.000000  0.000000  1.000000  1.000000  0.000000  0.000000  0.000000  1.000000  0.000000  0.000000  0.000000  1.000000  0.000000  0.000000  
180.490174 0.005109  0.094007  0.002135  0.998784  0.048794  0.007030  -0.048977  0.998388  0.028676  -0.005620  -0.028985  0.999564  0.001373  -0.000364  0.001121  0.000000  0.000000  0.000000  2.000000  1.000000  0.000000  0.000000  0.000000  1.000000  0.000000  0.000000  0.000000  1.000000  0.999994  0.003273  0.000764  -0.003274  0.999994  0.000830  -0.000761  -0.000833  0.999999  1.000000  0.000000  0.000000  0.000000  1.000000  0.000000  0.000000  0.000000  1.000000  1.000000  0.000000  0.000000  0.000000  1.000000  0.000000  0.000000  0.000000  1.000000  0.000000  0.000000  
180.491176 0.005110  0.094007  0.002137  0.998774  0.048999  0.007042  -0.049183  0.998375  0.028796  -0.005620  -0.029107  0.999561  0.001387  -0.000309  0.001211  0.000000  0.000000  0.000000  2.000000  1.000000  0.000000  0.000000  0.000000  1.000000  0.000000  0.000000  0.000000  1.000000  0.999994  0.003479  0.000771  -0.003480  0.999993  0.000951  -0.000767  -0.000953  0.999999  1.000000  0.000000  0.000000  0.000000  1.000000  0.000000  0.000000  0.000000  1.000000  1.000000  0.000000  0.000000  0.000000  1.000000  0.000000  0.000000  0.000000  1.000000  0.000000  0.000000  
180.492263 0.005111  0.094006  0.002138  0.998754  0.049409  0.007060  -0.049594  0.998351  0.028914  -0.005620  -0.029228  0.999557  0.001320  -0.000327  0.001246  0.000000  0.000000  0.000000  2.000000  1.000000  0.000000  0.000000  0.000000  1.000000  0.000000  0.000000  0.000000  1.000000  0.999993  0.003684  0.000777  -0.003685  0.999993  0.001071  -0.000773  -0.001074  0.999999  1.000000  0.000000  0.000000  0.000000  1.000000  0.000000  0.000000  0.000000  1.000000  1.000000  0.000000  0.000000  0.000000  1.000000  0.000000  0.000000  0.000000  1.000000  0.000000  0.000000  
180.493429 0.005112  0.094004  0.002139  0.998743  0.049610  0.007205  -0.049799  0.998337  0.029027  -0.005753  -0.029349  0.999553  0.001291  -0.000377  0.001276  0.000000  0.000000  0.000000  2.000000  1.000000  0.000000  0.000000  0.000000  1.000000  0.000000  0.000000  0.000000  1.000000  0.999991  0.004096  0.000789  -0.004097  0.999991  0.001189  -0.000785  -0.001192  0.999999  1.000000  0.000000  0.000000  0.000000  1.000000  0.000000  0.000000  0.000000  1.000000  1.000000  0.000000  0.000000  0.000000  1.000000  0.000000  0.000000  0.000000  1.000000  0.000000  0.000000  
180.494674 0.005113  0.094002  0.002141  0.998722  0.050020  0.007223  -0.050211  0.998313  0.029145  -0.005753  -0.029470  0.999549  0.001241  -0.000441  0.001288  0.000000  0.000000  0.000000  2.000000  1.000000  0.000000  0.000000  0.000000  1.000000  0.000000  0.000000  0.000000  1.000000  0.999990  0.004302  0.000796  -0.004303  0.999990  0.001309  -0.000790  -0.001313  0.999999  1.000000  0.000000  0.000000  0.000000  1.000000  0.000000  0.000000  0.000000  1.000000  1.000000  0.000000  0.000000  0.000000  1.000000  0.000000  0.000000  0.000000  1.000000  0.000000  0.000000  
180.495682 0.005114  0.094000  0.002141  0.998712  0.050225  0.007235  -0.050416  0.998299  0.029265  -0.005753  -0.029592  0.999546  0.001200  -0.000505  0.001266  0.000000  0.000000  0.000000  2.000000  1.000000  0.000000  0.000000  0.000000  1.000000  0.000000  0.000000  0.000000  1.000000  0.999989  0.004713  0.000809  -0.004714  0.999988  0.001428  -0.000802  -0.001432  0.999999  1.000000  0.000000  0.000000  0.000000  1.000000  0.000000  0.000000  0.000000  1.000000  1.000000  0.000000  0.000000  0.000000  1.000000  0.000000  0.000000  0.000000  1.000000  0.000000  0.000000  
180.496928 0.005115  0.093997  0.002143  0.998701  0.050430  0.007248  -0.050622  0.998286  0.029384  -0.005753  -0.029713  0.999542  0.001125  -0.000637  0.001226  0.000000  0.000000  0.000000  2.000000  1.000000  0.000000  0.000000  0.000000  1.000000  0.000000  0.000000  0.000000  1.000000  0.999989  0.004717  0.000676  -0.004718  0.999988  0.001549  -0.000668  -0.001552  0.999999  1.000000  0.000000  0.000000  0.000000  1.000000  0.000000  0.000000  0.000000  1.000000  1.000000  0.000000  0.000000  0.000000  1.000000  0.000000  0.000000  0.000000  1.000000  0.000000  0.000000  
180.498177 0.005115  0.093994  0.002143  0.998691  0.050634  0.007260  -0.050827  0.998272  0.029504  -0.005753  -0.029834  0.999538  0.001049  -0.000770  0.001185  0.056132  -0.031975  0.172074  2.000000  1.000000  0.000000  0.000000  0.000000  1.000000  0.000000  0.000000  0.000000  1.000000  0.999989  0.004717  0.000676  -0.004718  0.999988  0.001428  -0.000669  -0.001431  0.999999  1.000000  0.000000  0.000000  0.000000  1.000000  0.000000  0.000000  0.000000  1.000000  1.000000  0.000000  0.000000  0.000000  1.000000  0.000000  0.000000  0.000000  1.000000  0.000046  0.000000  
180.499423 0.005116  0.093992  0.002143  0.998680  0.050840  0.007266  -0.051033  0.998261  0.029502  -0.005753  -0.029834  0.999538  0.000979  -0.000914  0.001105  0.056102  -0.032179  0.179009  2.000000  1.000000  0.000000  0.000000  0.000000  1.000000  0.000000  0.000000  0.000000  1.000000  0.999988  0.004927  0.000549  -0.004927  0.999987  0.001427  -0.000542  -0.001429  0.999999  1.000000  0.000000  0.000000  0.000000  1.000000  0.000000  0.000000  0.000000  1.000000  1.000000  0.000000  0.000000  0.000000  1.000000  0.000000  0.000000  0.000000  1.000000  0.000048  0.000000  
180.500676 0.005117  0.093990  0.002143  0.998669  0.051040  0.007412  -0.051239  0.998247  0.029615  -0.005887  -0.029955  0.999534  0.000874  -0.001072  0.001044  0.060121  -0.036881  0.185769  2.000000  1.000000  0.000000  0.000000  0.000000  1.000000  0.000000  0.000000  0.000000  1.000000  0.999989  0.004713  0.000810  -0.004714  0.999988  0.001549  -0.000803  -0.001552  0.999998  1.000000  0.000000  0.000000  0.000000  1.000000  0.000000  0.000000  0.000000  1.000000  1.000000  0.000000  0.000000  0.000000  1.000000  0.000000  0.000000  0.000000  1.000000  0.000050  0.000000  
180.501927 0.005117  0.093988  0.002143  0.998659  0.051245  0.007424  -0.051444  0.998233  0.029735  -0.005887  -0.030077  0.999530  0.000758  -0.001298  0.000851  0.064157  -0.037092  0.192675  2.000000  1.000000  0.000000  0.000000  0.000000  1.000000  0.000000  0.000000  0.000000  1.000000  0.999989  0.004713  0.000810  -0.004714  0.999988  0.001427  -0.000804  -0.001431  0.999999  1.000000  0.000000  0.000000  0.000000  1.000000  0.000000  0.000000  0.000000  1.000000  1.000000  0.000000  0.000000  0.000000  1.000000  0.000000  0.000000  0.000000  1.000000  0.000052  0.000000  
180.503177 0.005118  0.093986  0.002143  0.998648  0.051450  0.007430  -0.051650  0.998223  0.029733  -0.005887  -0.030077  0.999530  0.000673  -0.001443  0.000713  0.064125  -0.032810  0.199779  2.000000  1.000000  0.000000  0.000000  0.000000  1.000000  0.000000  0.000000  0.000000  1.000000  0.999990  0.004507  0.000805  -0.004508  0.999989  0.001429  -0.000798  -0.001432  0.999999  1.000000  0.000000  0.000000  0.000000  1.000000  0.000000  0.000000  0.000000  1.000000  1.000000  0.000000  0.000000  0.000000  1.000000  0.000000  0.000000  0.000000  1.000000  0.000053  0.000000  
180.504422 0.005118  0.093985  0.002144  0.998647  0.051446  0.007564  -0.051650  0.998223  0.029726  -0.006021  -0.030077  0.999529  0.000580  -0.001528  0.000651  0.063597  -0.037005  0.198045  2.000000  1.000000  0.000000  0.000000  0.000000  1.000000  0.000000  0.000000  0.000000  1.000000  0.999990  0.004301  0.000799  -0.004302  0.999990  0.001308  -0.000793  -0.001311  0.999999  1.000000  0.000000  0.000000  0.000000  1.000000  0.000000  0.000000  0.000000  1.000000  1.000000  0.000000  0.000000  0.000000  1.000000  0.000000  0.000000  0.000000  1.000000  0.000054  0.000000  
180.505423 0.005118  0.093984  0.002144  0.998647  0.051446  0.007564  -0.051650  0.998223  0.029726  -0.006021  -0.030077  0.999529  0.000534  -0.001587  0.000577  0.063629  -0.036801  0.191165  2.000000  1.000000  0.000000  0.000000  0.000000  1.000000  0.000000  0.000000  0.000000  1.000000  0.999991  0.004095  0.000792  -0.004096  0.999991  0.001309  -0.000787  -0.001312  0.999999  1.000000  0.000000  0.000000  0.000000  1.000000  0.000000  0.000000  0.000000  1.000000  1.000000  0.000000  0.000000  0.000000  1.000000  0.000000  0.000000  0.000000  1.000000  0.000052  0.000000  
180.506429 0.005117  0.093982  0.002143  0.998636  0.051652  0.007570  -0.051855  0.998212  0.029725  -0.006021  -0.030077  0.999529  0.000460  -0.001640  0.000426  0.060063  -0.032621  0.192870  2.000000  1.000000  0.000000  0.000000  0.000000  1.000000  0.000000  0.000000  0.000000  1.000000  0.999991  0.004099  0.000659  -0.004100  0.999991  0.001309  -0.000653  -0.001312  0.999999  1.000000  0.000000  0.000000  0.000000  1.000000  0.000000  0.000000  0.000000  1.000000  1.000000  0.000000  0.000000  0.000000  1.000000  0.000000  0.000000  0.000000  1.000000  0.000051  0.000000  
180.507673 0.005117  0.093980  0.002144  0.998636  0.051648  0.007703  -0.051855  0.998212  0.029718  -0.006155  -0.030077  0.999529  0.000355  -0.001674  0.000345  0.060057  -0.037120  0.192759  2.000000  1.000000  0.000000  0.000000  0.000000  1.000000  0.000000  0.000000  0.000000  1.000000  0.999993  0.003692  0.000513  -0.003692  0.999992  0.001190  -0.000508  -0.001192  0.999999  1.000000  0.000000  0.000000  0.000000  1.000000  0.000000  0.000000  0.000000  1.000000  1.000000  0.000000  0.000000  0.000000  1.000000  0.000000  0.000000  0.000000  1.000000  0.000051  0.000000  
180.508923 0.005116  0.093977  0.002144  0.998636  0.051648  0.007703  -0.051855  0.998212  0.029718  -0.006155  -0.030077  0.999529  0.000229  -0.001683  0.000279  0.055547  -0.032168  0.184445  2.000000  1.000000  0.000000  0.000000  0.000000  1.000000  0.000000  0.000000  0.000000  1.000000  0.999994  0.003276  0.000634  -0.003277  0.999994  0.001193  -0.000630  -0.001195  0.999999  1.000000  0.000000  0.000000  0.000000  1.000000  0.000000  0.000000  0.000000  1.000000  1.000000  0.000000  0.000000  0.000000  1.000000  0.000000  0.000000  0.000000  1.000000  0.000049  0.000000  
180.509924 0.005115  0.093975  0.002145  0.998636  0.051648  0.007703  -0.051855  0.998212  0.029718  -0.006155  -0.030077  0.999529  0.000118  -0.001742  0.000237  0.055598  -0.036426  0.177455  2.000000  1.000000  0.000000  0.000000  0.000000  1.000000  0.000000  0.000000  0.000000  1.000000  0.999995  0.003071  0.000628  -0.003071  0.999995  0.001073  -0.000625  -0.001074  0.999999  1.000000  0.000000  0.000000  0.000000  1.000000  0.000000  0.000000  0.000000  1.000000  1.000000  0.000000  0.000000  0.000000  1.000000  0.000000  0.000000  0.000000  1.000000  0.000049  0.000000  
180.511174 0.005114  0.093973  0.002145  0.998636  0.051648  0.007703  -0.051855  0.998212  0.029718  -0.006155  -0.030077  0.999529  -0.000021  -0.001748  0.000203  0.051601  -0.036241  0.170617  2.000000  1.000000  0.000000  0.000000  0.000000  1.000000  0.000000  0.000000  0.000000  1.000000  0.999996  0.002659  0.000615  -0.002660  0.999996  0.000954  -0.000613  -0.000955  0.999999  1.000000  0.000000  0.000000  0.000000  1.000000  0.000000  0.000000  0.000000  1.000000  1.000000  0.000000  0.000000  0.000000  1.000000  0.000000  0.000000  0.000000  1.000000  0.000046  0.000000  
180.512175 0.005113  0.093971  0.002145  0.998636  0.051648  0.007703  -0.051855  0.998212  0.029718  -0.006155  -0.030077  0.999529  -0.000110  -0.001754  0.000170  0.000000  0.000000  0.000000  2.000000  1.000000  0.000000  0.000000  0.000000  1.000000  0.000000  0.000000  0.000000  1.000000  0.999997  0.002453  0.000609  -0.002454  0.999997  0.000955  -0.000607  -0.000957  0.999999  1.000000  0.000000  0.000000  0.000000  1.000000  0.000000  0.000000  0.000000  1.000000  1.000000  0.000000  0.000000  0.000000  1.000000  0.000000  0.000000  0.000000  1.000000  0.000000  0.000000  
180.513428 0.005112  0.093968  0.002146  0.998635  0.051643  0.007843  -0.051855  0.998209  0.029832  -0.006288  -0.030198  0.999524  -0.000238  -0.001757  0.000191  0.000000  0.000000  0.000000  2.000000  1.000000  0.000000  0.000000  0.000000  1.000000  0.000000  0.000000  0.000000  1.000000  0.999997  0.002247  0.000603  -0.002248  0.999997  0.000835  -0.000601  -0.000836  0.999999  1.000000  0.000000  0.000000  0.000000  1.000000  0.000000  0.000000  0.000000  1.000000  1.000000  0.000000  0.000000  0.000000  1.000000  0.000000  0.000000  0.000000  1.000000  0.000000  0.000000  
180.514494 0.005111  0.093965  0.002145  0.998635  0.051643  0.007843  -0.051855  0.998209  0.029832  -0.006288  -0.030198  0.999524  -0.000356  -0.001784  0.000136  0.000000  0.000000  0.000000  2.000000  1.000000  0.000000  0.000000  0.000000  1.000000  0.000000  0.000000  0.000000  1.000000  0.999998  0.001836  0.000591  -0.001836  0.999998  0.000837  -0.000589  -0.000838  0.999999  1.000000  0.000000  0.000000  0.000000  1.000000  0.000000  0.000000  0.000000  1.000000  1.000000  0.000000  0.000000  0.000000  1.000000  0.000000  0.000000  0.000000  1.000000  0.000000  0.000000  
180.515673 0.005110  0.093962  0.002145  0.998645  0.051437  0.007837  -0.051650  0.998220  0.029833  -0.006288  -0.030198  0.999524  -0.000485  -0.001871  0.000082  0.000000  0.000000  0.000000  2.000000  1.000000  0.000000  0.000000  0.000000  1.000000  0.000000  0.000000  0.000000  1.000000  0.999999  0.001424  0.000578  -0.001425  0.999999  0.000719  -0.000577  -0.000720  1.000000  1.000000  0.000000  0.000000  0.000000  1.000000  0.000000  0.000000  0.000000  1.000000  1.000000  0.000000  0.000000  0.000000  1.000000  0.000000  0.000000  0.000000  1.000000  0.000000  0.000000  
180.516926 0.005109  0.093960  0.002144  0.998645  0.051433  0.007971  -0.051650  0.998220  0.029826  -0.006422  -0.030198  0.999523  -0.000574  -0.001877  0.000049  0.000000  0.000000  0.000000  2.000000  1.000000  0.000000  0.000000  0.000000  1.000000  0.000000  0.000000  0.000000  1.000000  0.999999  0.001013  0.000566  -0.001013  0.999999  0.000600  -0.000565  -0.000601  1.000000  1.000000  0.000000  0.000000  0.000000  1.000000  0.000000  0.000000  0.000000  1.000000  1.000000  0.000000  0.000000  0.000000  1.000000  0.000000  0.000000  0.000000  1.000000  0.000000  0.000000  
180.518176 0.005108  0.093957  0.002143  0.998645  0.051434  0.007964  -0.051650  0.998223  0.029705  -0.006422  -0.030077  0.999527  -0.000670  -0.001938  -0.000025  0.000000  0.000000  0.000000  2.000000  1.000000  0.000000  0.000000  0.000000  1.000000  0.000000  0.000000  0.000000  1.000000  0.999999  0.000803  0.000693  -0.000803  1.000000  0.000359  -0.000693  -0.000359  1.000000  1.000000  0.000000  0.000000  0.000000  1.000000  0.000000  0.000000  0.000000  1.000000  1.000000  0.000000  0.000000  0.000000  1.000000  0.000000  0.000000  0.000000  1.000000  0.000000  0.000000  
180.519426 0.005107  0.093955  0.002142  0.998644  0.051430  0.008098  -0.051650  0.998224  0.029699  -0.006556  -0.030076  0.999526  -0.000725  -0.001991  -0.000103  0.000000  0.000000  0.000000  2.000000  1.000000  0.000000  0.000000  0.000000  1.000000  0.000000  0.000000  0.000000  1.000000  1.000000  0.000597  0.000687  -0.000597  1.000000  0.000239  -0.000687  -0.000239  1.000000  1.000000  0.000000  0.000000  0.000000  1.000000  0.000000  0.000000  0.000000  1.000000  1.000000  0.000000  0.000000  0.000000  1.000000  0.000000  0.000000  0.000000  1.000000  0.000000  0.000000  
180.520675 0.005107  0.093954  0.002142  0.998644  0.051430  0.008098  -0.051650  0.998224  0.029699  -0.006556  -0.030076  0.999526  -0.000750  -0.001962  -0.000134  0.000000  0.000000  0.000000  2.000000  1.000000  0.000000  0.000000  0.000000  1.000000  0.000000  0.000000  0.000000  1.000000  1.000000  0.000391  0.000681  -0.000392  1.000000  0.000119  -0.000681  -0.000119  1.000000  1.000000  0.000000  0.000000  0.000000  1.000000  0.000000  0.000000  0.000000  1.000000  1.000000  0.000000  0.000000  0.000000  1.000000  0.000000  0.000000  0.000000  1.000000  0.000000  0.000000  
180.521925 0.005106  0.093953  0.002141  0.998654  0.051225  0.008092  -0.051444  0.998234  0.029700  -0.006556  -0.030076  0.999526  -0.000758  -0.001896  -0.000200  0.000000  0.000000  0.000000  2.000000  1.000000  0.000000  0.000000  0.000000  1.000000  0.000000  0.000000  0.000000  1.000000  1.000000  -0.000020  0.000669  0.000020  1.000000  0.000121  -0.000669  -0.000121  1.000000  1.000000  0.000000  0.000000  0.000000  1.000000  0.000000  0.000000  0.000000  1.000000  1.000000  0.000000  0.000000  0.000000  1.000000  0.000000  0.000000  0.000000  1.000000  0.000000  0.000000  
180.522944 0.005105  0.093951  0.002140  0.998653  0.051222  0.008219  -0.051444  0.998238  0.029572  -0.006690  -0.029955  0.999529  -0.000744  -0.001855  -0.000286  0.000000  0.000000  0.000000  2.000000  1.000000  0.000000  0.000000  0.000000  1.000000  0.000000  0.000000  0.000000  1.000000  1.000000  -0.000024  0.000802  0.000024  1.000000  0.000000  -0.000802  0.000000  1.000000  1.000000  0.000000  0.000000  0.000000  1.000000  0.000000  0.000000  0.000000  1.000000  1.000000  0.000000  0.000000  0.000000  1.000000  0.000000  0.000000  0.000000  1.000000  0.000000  0.000000  
180.524171 0.005104  0.093950  0.002139  0.998653  0.051222  0.008219  -0.051444  0.998238  0.029572  -0.006690  -0.029955  0.999529  -0.000763  -0.001813  -0.000357  0.000000  0.000000  0.000000  2.000000  1.000000  0.000000  0.000000  0.000000  1.000000  0.000000  0.000000  0.000000  1.000000  1.000000  -0.000230  0.000796  0.000230  1.000000  -0.000120  -0.000796  0.000120  1.000000  1.000000  0.000000  0.000000  0.000000  1.000000  0.000000  0.000000  0.000000  1.000000  1.000000  0.000000  0.000000  0.000000  1.000000  0.000000  0.000000  0.000000  1.000000  0.000000  0.000000  
180.525194 0.005104  0.093949  0.002139  0.998653  0.051218  0.008353  -0.051444  0.998238  0.029565  -0.006824  -0.029955  0.999528  -0.000722  -0.001718  -0.000386  0.000000  0.000000  0.000000  2.000000  1.000000  0.000000  0.000000  0.000000  1.000000  0.000000  0.000000  0.000000  1.000000  1.000000  -0.000230  0.000796  0.000230  1.000000  -0.000120  -0.000796  0.000120  1.000000  1.000000  0.000000  0.000000  0.000000  1.000000  0.000000  0.000000  0.000000  1.000000  1.000000  0.000000  0.000000  0.000000  1.000000  0.000000  0.000000  0.000000  1.000000  0.000000  0.000000  
180.526423 0.005103  0.093948  0.002139  0.998653  0.051218  0.008353  -0.051444  0.998238  0.029565  -0.006824  -0.029955  0.999528  -0.000701  -0.001626  -0.000431  0.000000  0.000000  0.000000  2.000000  1.000000  0.000000  0.000000  0.000000  1.000000  0.000000  0.000000  0.000000  1.000000  1.000000  -0.000436  0.000790  0.000436  1.000000  -0.000118  -0.000790  0.000119  1.000000  1.000000  0.000000  0.000000  0.000000  1.000000  0.000000  0.000000  0.000000  1.000000  1.000000  0.000000  0.000000  0.000000  1.000000  0.000000  0.000000  0.000000  1.000000  0.000000  0.000000  
180.527424 0.005103  0.093947  0.002139  0.998663  0.051012  0.008347  -0.051238  0.998249  0.029567  -0.006824  -0.029955  0.999528  -0.000619  -0.001475  -0.000434  0.000000  0.000000  0.000000  2.000000  1.000000  0.000000  0.000000  0.000000  1.000000  0.000000  0.000000  0.000000  1.000000  0.999999  -0.000641  0.000784  0.000641  1.000000  -0.000117  -0.000784  0.000118  1.000000  1.000000  0.000000  0.000000  0.000000  1.000000  0.000000  0.000000  0.000000  1.000000  1.000000  0.000000  0.000000  0.000000  1.000000  0.000000  0.000000  0.000000  1.000000  0.000000  0.000000  
180.528426 0.005103  0.093947  0.002139  0.998662  0.051008  0.008480  -0.051238  0.998249  0.029560  -0.006957  -0.029955  0.999527  -0.000630  -0.001381  -0.000460  0.000000  0.000000  0.000000  2.000000  1.000000  0.000000  0.000000  0.000000  1.000000  0.000000  0.000000  0.000000  1.000000  0.999999  -0.000641  0.000784  0.000641  1.000000  -0.000117  -0.000784  0.000117  1.000000  1.000000  0.000000  0.000000  0.000000  1.000000  0.000000  0.000000  0.000000  1.000000  1.000000  0.000000  0.000000  0.000000  1.000000  0.000000  0.000000  0.000000  1.000000  0.000000  0.000000  
180.529428 0.005102  0.093946  0.002139  0.998662  0.051008  0.008480  -0.051238  0.998249  0.029560  -0.006957  -0.029955  0.999527  -0.000602  -0.001281  -0.000412  0.000000  0.000000  0.000000  2.000000  1.000000  0.000000  0.000000  0.000000  1.000000  0.000000  0.000000  0.000000  1.000000  0.999999  -0.000641  0.000784  0.000641  1.000000  -0.000117  -0.000784  0.000117  1.000000  1.000000  0.000000  0.000000  0.000000  1.000000  0.000000  0.000000  0.000000  1.000000  1.000000  0.000000  0.000000  0.000000  1.000000  0.000000  0.000000  0.000000  1.000000  0.000000  0.000000  
180.530431 0.005102  0.093946  0.002139  0.998662  0.051009  0.008474  -0.051238  0.998252  0.029439  -0.006957  -0.029834  0.999531  -0.000518  -0.001088  -0.000377  0.000000  0.000000  0.000000  2.000000  1.000000  0.000000  0.000000  0.000000  1.000000  0.000000  0.000000  0.000000  1.000000  0.999999  -0.000641  0.000784  0.000641  1.000000  -0.000238  -0.000784  0.000239  1.000000  1.000000  0.000000  0.000000  0.000000  1.000000  0.000000  0.000000  0.000000  1.000000  1.000000  0.000000  0.000000  0.000000  1.000000  0.000000  0.000000  0.000000  1.000000  0.000000  0.000000  
180.531473 0.005102  0.093946  0.002139  0.998662  0.051009  0.008474  -0.051238  0.998252  0.029439  -0.006957  -0.029834  0.999531  -0.000471  -0.000982  -0.000357  0.000000  0.000000  0.000000  2.000000  1.000000  0.000000  0.000000  0.000000  1.000000  0.000000  0.000000  0.000000  1.000000  0.999999  -0.000641  0.000784  0.000641  1.000000  -0.000238  -0.000784  0.000239  1.000000  1.000000  0.000000  0.000000  0.000000  1.000000  0.000000  0.000000  0.000000  1.000000  1.000000  0.000000  0.000000  0.000000  1.000000  0.000000  0.000000  0.000000  1.000000  0.000000  0.000000  
180.532673 0.005102  0.093946  0.002138  0.998661  0.051005  0.008608  -0.051238  0.998253  0.029432  -0.007091  -0.029834  0.999530  -0.000420  -0.000867  -0.000333  0.000000  0.000000  0.000000  2.000000  1.000000  0.000000  0.000000  0.000000  1.000000  0.000000  0.000000  0.000000  1.000000  0.999999  -0.000645  0.000918  0.000645  1.000000  -0.000238  -0.000918  0.000239  1.000000  1.000000  0.000000  0.000000  0.000000  1.000000  0.000000  0.000000  0.000000  1.000000  1.000000  0.000000  0.000000  0.000000  1.000000  0.000000  0.000000  0.000000  1.000000  0.000000  0.000000  
180.533927 0.005102  0.093945  0.002138  0.998661  0.051005  0.008608  -0.051238  0.998253  0.029432  -0.007091  -0.029834  0.999530  -0.000346  -0.000737  -0.000293  0.000000  0.000000  0.000000  2.000000  1.000000  0.000000  0.000000  0.000000  1.000000  0.000000  0.000000  0.000000  1.000000  0.999999  -0.000641  0.000784  0.000642  1.000000  -0.000360  -0.000784  0.000360  1.000000  1.000000  0.000000  0.000000  0.000000  1.000000  0.000000  0.000000  0.000000  1.000000  1.000000  0.000000  0.000000  0.000000  1.000000  0.000000  0.000000  0.000000  1.000000  0.000000  0.000000  
180.535177 0.005103  0.093945  0.002138  0.998661  0.051005  0.008608  -0.051238  0.998253  0.029432  -0.007091  -0.029834  0.999530  -0.000276  -0.000617  -0.000257  0.000000  0.000000  0.000000  2.000000  1.000000  0.000000  0.000000  0.000000  1.000000  0.000000  0.000000  0.000000  1.000000  0.999999  -0.000641  0.000784  0.000642  1.000000  -0.000360  -0.000784  0.000360  1.000000  1.000000  0.000000  0.000000  0.000000  1.000000  0.000000  0.000000  0.000000  1.000000  1.000000  0.000000  0.000000  0.000000  1.000000  0.000000  0.000000  0.000000  1.000000  0.000000  0.000000  
180.536422 0.005103  0.093945  0.002137  0.998660  0.051001  0.008741  -0.051238  0.998253  0.029425  -0.007225  -0.029834  0.999529  -0.000242  -0.000537  -0.000285  0.000000  0.000000  0.000000  2.000000  1.000000  0.000000  0.000000  0.000000  1.000000  0.000000  0.000000  0.000000  1.000000  1.000000  -0.000436  0.000790  0.000436  1.000000  -0.000361  -0.000790  0.000361  1.000000  1.000000  0.000000  0.000000  0.000000  1.000000  0.000000  0.000000  0.000000  1.000000  1.000000  0.000000  0.000000  0.000000  1.000000  0.000000  0.000000  0.000000  1.000000  0.000000  0.000000  
180.537425 0.005103  0.093945  0.002137  0.998660  0.051001  0.008741  -0.051238  0.998253  0.029425  -0.007225  -0.029834  0.999529  -0.000176  -0.000462  -0.000286  0.000000  0.000000  0.000000  2.000000  1.000000  0.000000  0.000000  0.000000  1.000000  0.000000  0.000000  0.000000  1.000000  1.000000  -0.000436  0.000790  0.000436  1.000000  -0.000361  -0.000790  0.000361  1.000000  1.000000  0.000000  0.000000  0.000000  1.000000  0.000000  0.000000  0.000000  1.000000  1.000000  0.000000  0.000000  0.000000  1.000000  0.000000  0.000000  0.000000  1.000000  0.000000  0.000000  
180.538427 0.005103  0.093945  0.002136  0.998660  0.051001  0.008741  -0.051238  0.998253  0.029425  -0.007225  -0.029834  0.999529  -0.000095  -0.000361  -0.000239  0.000000  0.000000  0.000000  2.000000  1.000000  0.000000  0.000000  0.000000  1.000000  0.000000  0.000000  0.000000  1.000000  1.000000  -0.000436  0.000790  0.000436  1.000000  -0.000240  -0.000790  0.000240  1.000000  1.000000  0.000000  0.000000  0.000000  1.000000  0.000000  0.000000  0.000000  1.000000  1.000000  0.000000  0.000000  0.000000  1.000000  0.000000  0.000000  0.000000  1.000000  0.000000  0.000000  
180.539676 0.005104  0.093945  0.002135  0.998660  0.051001  0.008741  -0.051238  0.998253  0.029425  -0.007225  -0.029834  0.999529  -0.000014  -0.000288  -0.000271  0.000000  0.000000  0.000000  2.000000  1.000000  0.000000  0.000000  0.000000  1.000000  0.000000  0.000000  0.000000  1.000000  1.000000  -0.000432  0.000656  0.000432  1.000000  -0.000240  -0.000656  0.000240  1.000000  1.000000  0.000000  0.000000  0.000000  1.000000  0.000000  0.000000  0.000000  1.000000  1.000000  0.000000  0.000000  0.000000  1.000000  0.000000  0.000000  0.000000  1.000000  0.000000  0.000000  
180.540923 0.005104  0.093945  0.002134  0.998660  0.051001  0.008741  -0.051238  0.998253  0.029425  -0.007225  -0.029834  0.999529  0.000030  -0.000222  -0.000337  0.000000  0.000000  0.000000  2.000000  1.000000  0.000000  0.000000  0.000000  1.000000  0.000000  0.000000  0.000000  1.000000  1.000000  -0.000432  0.000656  0.000432  1.000000  -0.000240  -0.000656  0.000240  1.000000  1.000000  0.000000  0.000000  0.000000  1.000000  0.000000  0.000000  0.000000  1.000000  1.000000  0.000000  0.000000  0.000000  1.000000  0.000000  0.000000  0.000000  1.000000  0.000000  0.000000  
180.542173 0.005104  0.093945  0.002134  0.998660  0.051001  0.008741  -0.051238  0.998253  0.029425  -0.007225  -0.029834  0.999529  0.000067  -0.000174  -0.000359  0.000000  0.000000  0.000000  2.000000  1.000000  0.000000  0.000000  0.000000  1.000000  0.000000  0.000000  0.000000  1.000000  1.000000  -0.000226  0.000663  0.000226  1.000000  -0.000241  -0.000662  0.000241  1.000000  1.000000  0.000000  0.000000  0.000000  1.000000  0.000000  0.000000  0.000000  1.000000  1.000000  0.000000  0.000000  0.000000  1.000000  0.000000  0.000000  0.000000  1.000000  0.000000  0.000000  
180.543423 0.005104  0.093945  0.002133  0.998659  0.050997  0.008875  -0.051238  0.998253  0.029419  -0.007359  -0.029834  0.999528  0.000110  -0.000147  -0.000363  0.000000  0.000000  0.000000  2.000000  1.000000  0.000000  0.000000  0.000000  1.000000  0.000000  0.000000  0.000000  1.000000  1.000000  -0.000226  0.000663  0.000226  1.000000  -0.000120  -0.000663  0.000120  1.000000  1.000000  0.000000  0.000000  0.000000  1.000000  0.000000  0.000000  0.000000  1.000000  1.000000  0.000000  0.000000  0.000000  1.000000  0.000000  0.000000  0.000000  1.000000  0.000000  0.000000  
180.544424 0.005105  0.093945  0.002134  0.998659  0.050997  0.008875  -0.051238  0.998253  0.029419  -0.007359  -0.029834  0.999528  0.000177  -0.000072  -0.000364  0.000000  0.000000  0.000000  2.000000  1.000000  0.000000  0.000000  0.000000  1.000000  0.000000  0.000000  0.000000  1.000000  1.000000  -0.000226  0.000663  0.000226  1.000000  -0.000120  -0.000663  0.000120  1.000000  1.000000  0.000000  0.000000  0.000000  1.000000  0.000000  0.000000  0.000000  1.000000  1.000000  0.000000  0.000000  0.000000  1.000000  0.000000  0.000000  0.000000  1.000000  0.000000  0.000000  
180.545430 0.005105  0.093946  0.002133  0.998659  0.050997  0.008875  -0.051238  0.998253  0.029419  -0.007359  -0.029834  0.999528  0.000220  -0.000048  -0.000374  0.000000  0.000000  0.000000  2.000000  1.000000  0.000000  0.000000  0.000000  1.000000  0.000000  0.000000  0.000000  1.000000  1.000000  -0.000222  0.000529  0.000222  1.000000  -0.000120  -0.000529  0.000120  1.000000  1.000000  0.000000  0.000000  0.000000  1.000000  0.000000  0.000000  0.000000  1.000000  1.000000  0.000000  0.000000  0.000000  1.000000  0.000000  0.000000  0.000000  1.000000  0.000000  0.000000  
180.546675 0.005106  0.093946  0.002134  0.998659  0.050997  0.008875  -0.051238  0.998253  0.029419  -0.007359  -0.029834  0.999528  0.000264  0.000036  -0.000319  0.000000  0.000000  0.000000  2.000000  1.000000  0.000000  0.000000  0.000000  1.000000  0.000000  0.000000  0.000000  1.000000  1.000000  -0.000222  0.000529  0.000222  1.000000  -0.000120  -0.000529  0.000120  1.000000  1.000000  0.000000  0.000000  0.000000  1.000000  0.000000  0.000000  0.000000  1.000000  1.000000  0.000000  0.000000  0.000000  1.000000  0.000000  0.000000  0.000000  1.000000  0.000000  0.000000  
180.547676 0.005107  0.093946  0.002134  0.998659  0.050997  0.008875  -0.051238  0.998253  0.029419  -0.007359  -0.029834  0.999528  0.000307  0.000060  -0.000328  0.000000  0.000000  0.000000  2.000000  1.000000  0.000000  0.000000  0.000000  1.000000  0.000000  0.000000  0.000000  1.000000  1.000000  -0.000016  0.000535  0.000016  1.000000  -0.000121  -0.000535  0.000121  1.000000  1.000000  0.000000  0.000000  0.000000  1.000000  0.000000  0.000000  0.000000  1.000000  1.000000  0.000000  0.000000  0.000000  1.000000  0.000000  0.000000  0.000000  1.000000  0.000000  0.000000  
180.548932 0.005107  0.093946  0.002134  0.998659  0.050997  0.008875  -0.051238  0.998253  0.029419  -0.007359  -0.029834  0.999528  0.000286  0.000087  -0.000308  0.000000  0.000000  0.000000  2.000000  1.000000  0.000000  0.000000  0.000000  1.000000  0.000000  0.000000  0.000000  1.000000  1.000000  -0.000012  0.000401  0.000012  1.000000  -0.000121  -0.000401  0.000121  1.000000  1.000000  0.000000  0.000000  0.000000  1.000000  0.000000  0.000000  0.000000  1.000000  1.000000  0.000000  0.000000  0.000000  1.000000  0.000000  0.000000  0.000000  1.000000  0.000000  0.000000  
