1-Time 2-Px 3-Py 4-Pz 5-R11 6-R21 7-R31 8-R12 9-R22 10-R32 11-R13 12-R23 13-R33 14-Vx 15-Vy 16-Vz 17-Wx 18-Wy 19-Wz 20-state 21-PR11 22-PR21 23-PR31 24-PR12 25-PR22 26-PR32 27-PR13 28-PR23 29-PR33 
108.160805 0.008228  0.095446  -0.000282  0.997603  -0.047117  -0.050687  0.048919  0.998192  0.034910  0.048951  -0.037306  0.998104  -0.000041  -0.000043  -0.000122  0.000000  0.000000  0.000000  2.000000  1.000000  0.000000  0.000000  -0.000000  1.000000  0.000000  0.000000  -0.000000  1.000000  1.000000  0.000200  0.000141  -0.000200  1.000000  0.000010  -0.000141  -0.000010  1.000000  1.000000  0.000000  0.000000  0.000000  1.000000  0.000000  0.000000  0.000000  1.000000  0.632282  0.670740  -0.387721  -0.585260  0.741439  0.328236  0.507632  0.019380  0.861356  0.000000  0.000000  
108.161812 0.008229  0.095446  -0.000283  0.997592  -0.047323  -0.050694  0.049124  0.998183  0.034900  0.048951  -0.037306  0.998104  -0.000027  -0.000047  -0.000155  0.000000  0.000000  0.000000  2.000000  1.000000  0.000000  0.000000  0.000000  1.000000  0.000000  0.000000  0.000000  1.000000  1.000000  -0.000005  0.000134  0.000005  1.000000  0.000000  -0.000134  0.000000  1.000000  1.000000  0.000000  0.000000  0.000000  1.000000  0.000000  0.000000  0.000000  1.000000  1.000000  0.000000  0.000000  0.000000  1.000000  0.000000  0.000000  0.000000  1.000000  0.000000  0.000000  
108.163066 0.008230  0.095446  -0.000283  0.997576  -0.047523  -0.050835  0.049329  0.998173  0.034883  0.049084  -0.037306  0.998098  0.000049  -0.000074  -0.000177  0.000000  0.000000  0.000000  2.000000  1.000000  0.000000  0.000000  0.000000  1.000000  0.000000  0.000000  0.000000  1.000000  1.000000  -0.000205  -0.000008  0.000205  1.000000  -0.000010  0.000008  0.000010  1.000000  1.000000  0.000000  0.000000  0.000000  1.000000  0.000000  0.000000  0.000000  1.000000  1.000000  0.000000  0.000000  0.000000  1.000000  0.000000  0.000000  0.000000  1.000000  0.000000  0.000000  
108.164328 0.008232  0.095445  -0.000284  0.997552  -0.047713  -0.051115  0.049534  0.998160  0.034980  0.049352  -0.037426  0.998080  0.000191  -0.000103  -0.000232  0.000000  0.000000  0.000000  2.000000  1.000000  0.000000  0.000000  0.000000  1.000000  0.000000  0.000000  0.000000  1.000000  1.000000  -0.000401  -0.000283  0.000401  1.000000  0.000101  0.000283  -0.000101  1.000000  1.000000  0.000000  0.000000  0.000000  1.000000  0.000000  0.000000  0.000000  1.000000  1.000000  0.000000  0.000000  0.000000  1.000000  0.000000  0.000000  0.000000  1.000000  0.000000  0.000000  
108.165565 0.008234  0.095444  -0.000285  0.997519  -0.048107  -0.051402  0.049944  0.998136  0.035067  0.049619  -0.037547  0.998062  0.000320  -0.000210  -0.000288  0.000000  0.000000  0.000000  2.000000  1.000000  0.000000  0.000000  0.000000  1.000000  0.000000  0.000000  0.000000  1.000000  1.000000  -0.000802  -0.000566  0.000802  1.000000  0.000202  0.000566  -0.000202  1.000000  1.000000  0.000000  0.000000  0.000000  1.000000  0.000000  0.000000  0.000000  1.000000  1.000000  0.000000  0.000000  0.000000  1.000000  0.000000  0.000000  0.000000  1.000000  0.000000  0.000000  
108.166810 0.008236  0.095442  -0.000285  0.997495  -0.048297  -0.051682  0.050149  0.998123  0.035164  0.049886  -0.037667  0.998044  0.000510  -0.000340  -0.000332  0.000000  0.000000  0.000000  2.000000  1.000000  0.000000  0.000000  0.000000  1.000000  0.000000  0.000000  0.000000  1.000000  0.999999  -0.001002  -0.000707  0.001002  0.999999  0.000313  0.000707  -0.000313  1.000000  1.000000  0.000000  0.000000  0.000000  1.000000  0.000000  0.000000  0.000000  1.000000  1.000000  0.000000  0.000000  0.000000  1.000000  0.000000  0.000000  0.000000  1.000000  0.000000  0.000000  
108.167814 0.008239  0.095440  -0.000285  0.997485  -0.048496  -0.051695  0.050354  0.998108  0.035274  0.049886  -0.037789  0.998040  0.000686  -0.000466  -0.000342  0.000000  0.000000  0.000000  2.000000  1.000000  0.000000  0.000000  0.000000  1.000000  0.000000  0.000000  0.000000  1.000000  0.999999  -0.001202  -0.000849  0.001203  0.999999  0.000424  0.000848  -0.000425  1.000000  1.000000  0.000000  0.000000  0.000000  1.000000  0.000000  0.000000  0.000000  1.000000  1.000000  0.000000  0.000000  0.000000  1.000000  0.000000  0.000000  0.000000  1.000000  0.000000  0.000000  
108.169069 0.008242  0.095437  -0.000286  0.997468  -0.048690  -0.051841  0.050559  0.998094  0.035378  0.050020  -0.037909  0.998029  0.000932  -0.000639  -0.000330  0.000000  0.000000  0.000000  2.000000  1.000000  0.000000  0.000000  0.000000  1.000000  0.000000  0.000000  0.000000  1.000000  0.999998  -0.001608  -0.000998  0.001609  0.999999  0.000524  0.000997  -0.000526  0.999999  1.000000  0.000000  0.000000  0.000000  1.000000  0.000000  0.000000  0.000000  1.000000  1.000000  0.000000  0.000000  0.000000  1.000000  0.000000  0.000000  0.000000  1.000000  0.000000  0.000000  
108.170320 0.008246  0.095434  -0.000286  0.997447  -0.049095  -0.051862  0.050970  0.998070  0.035478  0.050020  -0.038030  0.998024  0.001186  -0.000835  -0.000307  0.000000  0.000000  0.000000  2.000000  1.000000  0.000000  0.000000  0.000000  1.000000  0.000000  0.000000  0.000000  1.000000  0.999997  -0.002019  -0.001014  0.002020  0.999998  0.000625  0.001013  -0.000627  0.999999  1.000000  0.000000  0.000000  0.000000  1.000000  0.000000  0.000000  0.000000  1.000000  1.000000  0.000000  0.000000  0.000000  1.000000  0.000000  0.000000  0.000000  1.000000  0.000000  0.000000  
108.171561 0.008250  0.095431  -0.000285  0.997412  -0.049489  -0.052149  0.051380  0.998046  0.035564  0.050287  -0.038151  0.998006  0.001419  -0.001005  -0.000262  0.000000  0.000000  0.000000  2.000000  1.000000  0.000000  0.000000  0.000000  1.000000  0.000000  0.000000  0.000000  1.000000  0.999996  -0.002425  -0.001164  0.002426  0.999997  0.000725  0.001162  -0.000728  0.999999  1.000000  0.000000  0.000000  0.000000  1.000000  0.000000  0.000000  0.000000  1.000000  1.000000  0.000000  0.000000  0.000000  1.000000  0.000000  0.000000  0.000000  1.000000  0.000000  0.000000  
108.172811 0.008253  0.095430  -0.000284  0.997378  -0.049883  -0.052436  0.051790  0.998022  0.035649  0.050554  -0.038271  0.997988  0.001667  -0.001140  -0.000162  0.000000  0.000000  0.000000  2.000000  1.000000  0.000000  0.000000  0.000000  1.000000  0.000000  0.000000  0.000000  1.000000  0.999995  -0.002826  -0.001447  0.002827  0.999996  0.000704  0.001445  -0.000708  0.999999  1.000000  0.000000  0.000000  0.000000  1.000000  0.000000  0.000000  0.000000  1.000000  1.000000  0.000000  0.000000  0.000000  1.000000  0.000000  0.000000  0.000000  1.000000  0.000000  0.000000  
108.173813 0.008256  0.095428  -0.000285  0.997349  -0.050289  -0.052584  0.052200  0.998001  0.035621  0.050688  -0.038271  0.997981  0.001857  -0.001270  -0.000206  0.000000  0.000000  0.000000  2.000000  1.000000  0.000000  0.000000  0.000000  1.000000  0.000000  0.000000  0.000000  1.000000  0.999993  -0.003226  -0.001730  0.003227  0.999994  0.000803  0.001728  -0.000809  0.999998  1.000000  0.000000  0.000000  0.000000  1.000000  0.000000  0.000000  0.000000  1.000000  1.000000  0.000000  0.000000  0.000000  1.000000  0.000000  0.000000  0.000000  1.000000  0.000000  0.000000  
108.175061 0.008260  0.095426  -0.000285  0.997297  -0.050884  -0.053013  0.052815  0.997966  0.035688  0.051089  -0.038391  0.997956  0.002170  -0.001364  -0.000195  0.000000  0.000000  0.000000  2.000000  1.000000  0.000000  0.000000  0.000000  1.000000  0.000000  0.000000  0.000000  1.000000  0.999991  -0.003832  -0.002022  0.003834  0.999992  0.000892  0.002018  -0.000900  0.999998  1.000000  0.000000  0.000000  0.000000  1.000000  0.000000  0.000000  0.000000  1.000000  1.000000  0.000000  0.000000  0.000000  1.000000  0.000000  0.000000  0.000000  1.000000  0.000000  0.000000  
108.176311 0.008265  0.095425  -0.000285  0.997250  -0.051484  -0.053308  0.053430  0.997931  0.035762  0.051356  -0.038512  0.997938  0.002420  -0.001407  -0.000159  0.000000  0.000000  0.000000  2.000000  1.000000  0.000000  0.000000  0.000000  1.000000  0.000000  0.000000  0.000000  1.000000  0.999988  -0.004227  -0.002439  0.004230  0.999991  0.000991  0.002435  -0.001001  0.999997  1.000000  0.000000  0.000000  0.000000  1.000000  0.000000  0.000000  0.000000  1.000000  1.000000  0.000000  0.000000  0.000000  1.000000  0.000000  0.000000  0.000000  1.000000  0.000000  0.000000  
108.177561 0.008271  0.095424  -0.000284  0.997214  -0.051878  -0.053595  0.053840  0.997906  0.035847  0.051623  -0.038633  0.997919  0.002789  -0.001491  -0.000096  0.000000  0.000000  0.000000  2.000000  1.000000  0.000000  0.000000  0.000000  1.000000  0.000000  0.000000  0.000000  1.000000  0.999985  -0.004833  -0.002731  0.004836  0.999988  0.001079  0.002725  -0.001092  0.999996  1.000000  0.000000  0.000000  0.000000  1.000000  0.000000  0.000000  0.000000  1.000000  1.000000  0.000000  0.000000  0.000000  1.000000  0.000000  0.000000  0.000000  1.000000  0.000000  0.000000  
108.178808 0.008276  0.095422  -0.000283  0.997178  -0.052265  -0.053889  0.054250  0.997876  0.036052  0.051891  -0.038874  0.997896  0.002971  -0.001553  -0.000018  0.043556  0.100391  -0.174500  2.000000  1.000000  -0.000001  -0.000293  0.000001  1.000000  0.000061  0.000293  -0.000061  1.000000  0.999982  -0.005233  -0.003015  0.005237  0.999985  0.001299  0.003008  -0.001314  0.999995  1.000000  -0.000000  -0.000075  0.000000  1.000000  0.000016  0.000075  -0.000016  1.000000  1.000000  -0.000001  -0.000293  0.000001  1.000000  0.000061  0.000293  -0.000061  1.000000  0.000052  0.006179  
108.179813 0.008280  0.095422  -0.000282  0.997142  -0.052659  -0.054177  0.054660  0.997851  0.036137  0.052158  -0.038995  0.997877  0.003191  -0.001535  0.000079  0.047257  0.110722  -0.189360  2.000000  1.000000  0.000002  -0.000609  -0.000002  1.000000  0.000129  0.000609  -0.000129  1.000000  0.999979  -0.005633  -0.003299  0.005638  0.999983  0.001398  0.003291  -0.001416  0.999994  1.000000  0.000000  -0.000082  -0.000000  1.000000  0.000018  0.000082  -0.000018  1.000000  1.000000  0.000002  -0.000609  -0.000002  1.000000  0.000129  0.000609  -0.000129  1.000000  0.000056  0.006678  
108.181065 0.008285  0.095419  -0.000281  0.997105  -0.053046  -0.054472  0.055070  0.997821  0.036342  0.052425  -0.039236  0.997854  0.003379  -0.001555  0.000291  0.054746  0.120404  -0.203051  2.000000  0.999999  0.000011  -0.001037  -0.000011  1.000000  0.000225  0.001037  -0.000225  0.999999  0.999975  -0.006027  -0.003717  0.006033  0.999980  0.001616  0.003708  -0.001639  0.999992  1.000000  0.000003  -0.000088  -0.000002  1.000000  0.000020  0.000088  -0.000020  1.000000  0.999999  0.000011  -0.001037  -0.000011  1.000000  0.000225  0.001037  -0.000225  0.999999  0.000061  0.007266  
108.182082 0.008289  0.095417  -0.000279  0.997050  -0.053633  -0.054907  0.055684  0.997780  0.036528  0.052826  -0.039477  0.997823  0.003455  -0.001587  0.000413  0.061692  0.134468  -0.222834  2.000000  0.999999  0.000022  -0.001403  -0.000022  1.000000  0.000312  0.001403  -0.000312  0.999999  0.999973  -0.006221  -0.003994  0.006229  0.999979  0.001847  0.003983  -0.001871  0.999990  1.000000  0.000004  -0.000092  -0.000004  1.000000  0.000023  0.000092  -0.000023  1.000000  0.999999  0.000022  -0.001403  -0.000022  1.000000  0.000312  0.001403  -0.000312  0.999999  0.000065  0.007623  
108.183316 0.008292  0.095414  -0.000277  0.997006  -0.054015  -0.055335  0.056094  0.997750  0.036725  0.053227  -0.039719  0.997792  0.003441  -0.001665  0.000593  0.069121  0.148574  -0.236217  2.000000  0.999998  0.000042  -0.001797  -0.000041  1.000000  0.000412  0.001797  -0.000412  0.999998  0.999968  -0.006826  -0.004288  0.006835  0.999975  0.002054  0.004273  -0.002083  0.999989  1.000000  0.000004  -0.000101  -0.000004  1.000000  0.000026  0.000101  -0.000026  1.000000  0.999998  0.000042  -0.001797  -0.000041  1.000000  0.000412  0.001797  -0.000412  0.999998  0.000071  0.008322  
108.184564 0.008296  0.095409  -0.000274  0.996942  -0.054590  -0.055911  0.056708  0.997704  0.037023  0.053761  -0.040080  0.997749  0.003460  -0.001726  0.000759  0.080220  0.167398  -0.256214  2.000000  0.999997  0.000074  -0.002314  -0.000073  1.000000  0.000550  0.002314  -0.000549  0.999997  0.999964  -0.007014  -0.004698  0.007025  0.999973  0.002281  0.004682  -0.002314  0.999986  1.000000  0.000007  -0.000105  -0.000007  1.000000  0.000029  0.000105  -0.000029  1.000000  0.999997  0.000074  -0.002314  -0.000073  1.000000  0.000550  0.002314  -0.000549  0.999997  0.000078  0.008750  
108.185811 0.008299  0.095406  -0.000272  0.996897  -0.054971  -0.056339  0.057117  0.997673  0.037219  0.054162  -0.040322  0.997718  0.003466  -0.001815  0.000872  0.087614  0.181461  -0.269500  2.000000  0.999996  0.000106  -0.002746  -0.000104  1.000000  0.000670  0.002746  -0.000670  0.999996  0.999962  -0.007213  -0.004843  0.007225  0.999971  0.002510  0.004825  -0.002545  0.999985  1.000000  0.000007  -0.000108  -0.000007  1.000000  0.000032  0.000108  -0.000032  1.000000  0.999996  0.000106  -0.002746  -0.000104  1.000000  0.000670  0.002746  -0.000670  0.999996  0.000084  0.009048  
108.186814 0.008302  0.095402  -0.000270  0.996859  -0.055357  -0.056634  0.057527  0.997642  0.037423  0.054429  -0.040563  0.997693  0.003441  -0.001933  0.000961  0.095005  0.191002  -0.282910  2.000000  0.999995  0.000136  -0.003185  -0.000133  1.000000  0.000796  0.003185  -0.000796  0.999995  0.999961  -0.007417  -0.004853  0.007429  0.999969  0.002618  0.004833  -0.002654  0.999985  1.000000  0.000006  -0.000111  -0.000006  1.000000  0.000033  0.000111  -0.000033  1.000000  0.999995  0.000136  -0.003185  -0.000133  1.000000  0.000796  0.003185  -0.000796  0.999995  0.000088  0.009247  
108.188060 0.008306  0.095399  -0.000268  0.996821  -0.055736  -0.056936  0.057936  0.997606  0.037747  0.054696  -0.040926  0.997664  0.003486  -0.002017  0.001107  0.106496  0.200620  -0.296386  2.000000  0.999993  0.000175  -0.003751  -0.000171  1.000000  0.000961  0.003751  -0.000960  0.999993  0.999958  -0.007610  -0.005130  0.007623  0.999968  0.002604  0.005110  -0.002643  0.999983  1.000000  0.000008  -0.000114  -0.000008  1.000000  0.000033  0.000114  -0.000033  1.000000  0.999993  0.000175  -0.003751  -0.000171  1.000000  0.000961  0.003751  -0.000960  0.999993  0.000093  0.009545  
108.189061 0.008310  0.095397  -0.000266  0.996782  -0.056122  -0.057232  0.058346  0.997575  0.037950  0.054964  -0.041167  0.997639  0.003500  -0.002048  0.001263  0.113897  0.214654  -0.309605  2.000000  0.999991  0.000210  -0.004217  -0.000206  0.999999  0.001099  0.004217  -0.001098  0.999991  0.999955  -0.007803  -0.005408  0.007818  0.999966  0.002712  0.005387  -0.002754  0.999982  1.000000  0.000010  -0.000118  -0.000010  1.000000  0.000034  0.000118  -0.000034  1.000000  0.999991  0.000210  -0.004217  -0.000206  0.999999  0.001099  0.004217  -0.001098  0.999991  0.000098  0.009880  
108.190063 0.008314  0.095395  -0.000263  0.996755  -0.056303  -0.057520  0.058550  0.997555  0.038164  0.055231  -0.041408  0.997615  0.003590  -0.002068  0.001484  0.121636  0.223930  -0.316099  2.000000  0.999989  0.000254  -0.004684  -0.000249  0.999999  0.001244  0.004684  -0.001243  0.999988  0.999956  -0.007591  -0.005535  0.007607  0.999967  0.002842  0.005513  -0.002884  0.999981  1.000000  0.000012  -0.000117  -0.000012  1.000000  0.000036  0.000117  -0.000036  1.000000  0.999989  0.000254  -0.004684  -0.000249  0.999999  0.001244  0.004684  -0.001243  0.999988  0.000101  0.009821  
108.191310 0.008320  0.095394  -0.000259  0.996709  -0.056683  -0.057949  0.058959  0.997523  0.038359  0.055632  -0.041649  0.997582  0.003651  -0.002026  0.001700  0.128338  0.235841  -0.319891  2.000000  0.999986  0.000321  -0.005278  -0.000313  0.999999  0.001436  0.005279  -0.001434  0.999985  0.999954  -0.007789  -0.005680  0.007807  0.999964  0.003193  0.005655  -0.003237  0.999979  1.000000  0.000013  -0.000120  -0.000013  1.000000  0.000040  0.000120  -0.000040  1.000000  0.999986  0.000321  -0.005278  -0.000313  0.999999  0.001436  0.005279  -0.001434  0.999985  0.000105  0.010162  
108.192312 0.008324  0.095394  -0.000256  0.996670  -0.057068  -0.058245  0.059369  0.997491  0.038561  0.055899  -0.041891  0.997557  0.003619  -0.002012  0.001918  0.135649  0.240898  -0.333404  2.000000  0.999983  0.000382  -0.005757  -0.000373  0.999999  0.001599  0.005757  -0.001597  0.999982  0.999953  -0.007782  -0.005816  0.007801  0.999964  0.003312  0.005790  -0.003357  0.999978  1.000000  0.000014  -0.000121  -0.000014  1.000000  0.000042  0.000121  -0.000042  1.000000  0.999983  0.000382  -0.005757  -0.000373  0.999999  0.001599  0.005757  -0.001597  0.999982  0.000109  0.010271  
108.193561 0.008329  0.095394  -0.000251  0.996623  -0.057441  -0.058682  0.059778  0.997454  0.038876  0.056299  -0.042253  0.997519  0.003639  -0.001903  0.002150  0.147701  0.249893  -0.333028  2.000000  0.999980  0.000451  -0.006239  -0.000440  0.999998  0.001774  0.006240  -0.001771  0.999979  0.999953  -0.007563  -0.006076  0.007585  0.999965  0.003563  0.006049  -0.003609  0.999975  1.000000  0.000018  -0.000120  -0.000018  1.000000  0.000045  0.000120  -0.000045  1.000000  0.999980  0.000451  -0.006239  -0.000440  0.999998  0.001774  0.006240  -0.001771  0.999979  0.000110  0.010343  
108.194812 0.008335  0.095394  -0.000246  0.996575  -0.057820  -0.059112  0.060187  0.997422  0.039070  0.056700  -0.042494  0.997487  0.003664  -0.001832  0.002410  0.151271  0.254694  -0.339658  2.000000  0.999976  0.000543  -0.006844  -0.000529  0.999998  0.002004  0.006845  -0.002000  0.999975  0.999952  -0.007555  -0.006213  0.007579  0.999964  0.003802  0.006184  -0.003849  0.999973  1.000000  0.000020  -0.000121  -0.000020  1.000000  0.000048  0.000121  -0.000048  1.000000  0.999976  0.000543  -0.006844  -0.000529  0.999998  0.002004  0.006845  -0.002000  0.999975  0.000112  0.010503  
108.196060 0.008341  0.095394  -0.000241  0.996535  -0.058198  -0.059415  0.060596  0.997385  0.039392  0.056967  -0.042856  0.997456  0.003728  -0.001700  0.002628  0.156140  0.257190  -0.349300  2.000000  0.999972  0.000646  -0.007443  -0.000629  0.999997  0.002246  0.007444  -0.002242  0.999970  0.999954  -0.007348  -0.006206  0.007373  0.999965  0.003932  0.006177  -0.003978  0.999973  1.000000  0.000021  -0.000118  -0.000021  1.000000  0.000049  0.000118  -0.000049  1.000000  0.999972  0.000646  -0.007443  -0.000629  0.999997  0.002246  0.007444  -0.002242  0.999970  0.000113  0.010400  
108.197070 0.008345  0.095393  -0.000237  0.996508  -0.058377  -0.059704  0.060800  0.997364  0.039606  0.057235  -0.043098  0.997430  0.003773  -0.001623  0.002836  0.160093  0.261662  -0.348952  2.000000  0.999968  0.000733  -0.007914  -0.000714  0.999997  0.002450  0.007915  -0.002445  0.999966  0.999954  -0.007347  -0.006207  0.007372  0.999965  0.004052  0.006177  -0.004097  0.999973  1.000000  0.000021  -0.000118  -0.000021  1.000000  0.000051  0.000118  -0.000051  1.000000  0.999968  0.000733  -0.007914  -0.000714  0.999997  0.002450  0.007915  -0.002445  0.999966  0.000116  0.010446  
108.198323 0.008350  0.095391  -0.000231  0.996467  -0.058762  -0.060001  0.061210  0.997331  0.039807  0.057502  -0.043339  0.997404  0.003909  -0.001436  0.003100  0.164198  0.270837  -0.348699  2.000000  0.999964  0.000847  -0.008485  -0.000824  0.999996  0.002716  0.008488  -0.002709  0.999960  0.999957  -0.006934  -0.006192  0.006960  0.999966  0.004316  0.006162  -0.004359  0.999972  1.000000  0.000023  -0.000114  -0.000023  1.000000  0.000054  0.000114  -0.000054  1.000000  0.999964  0.000847  -0.008485  -0.000824  0.999996  0.002716  0.008488  -0.002709  0.999960  0.000118  0.010258  
108.199570 0.008356  0.095389  -0.000225  0.996439  -0.058934  -0.060297  0.061414  0.997305  0.040141  0.057769  -0.043701  0.997373  0.004028  -0.001276  0.003358  0.172199  0.275283  -0.348277  2.000000  0.999959  0.000964  -0.009050  -0.000937  0.999995  0.002989  0.009052  -0.002980  0.999955  0.999957  -0.006931  -0.006195  0.006959  0.999966  0.004435  0.006164  -0.004478  0.999971  1.000000  0.000023  -0.000114  -0.000023  1.000000  0.000056  0.000114  -0.000056  1.000000  0.999959  0.000964  -0.009050  -0.000937  0.999995  0.002989  0.009052  -0.002980  0.999955  0.000118  0.010309  
108.200811 0.008361  0.095387  -0.000219  0.996411  -0.059105  -0.060593  0.061618  0.997279  0.040475  0.058036  -0.044063  0.997342  0.004121  -0.001267  0.003541  0.180715  0.279669  -0.341232  2.000000  0.999953  0.001086  -0.009599  -0.001055  0.999994  0.003270  0.009603  -0.003260  0.999949  0.999960  -0.006525  -0.006045  0.006552  0.999969  0.004458  0.006016  -0.004498  0.999972  1.000000  0.000024  -0.000108  -0.000024  1.000000  0.000056  0.000108  -0.000056  1.000000  0.999953  0.001086  -0.009599  -0.001055  0.999994  0.003270  0.009603  -0.003260  0.999949  0.000119  0.009958  
108.201816 0.008366  0.095385  -0.000214  0.996391  -0.059283  -0.060756  0.061823  0.997252  0.040817  0.058170  -0.044426  0.997318  0.004252  -0.001110  0.003766  0.193227  0.279375  -0.334189  2.000000  0.999950  0.001161  -0.009924  -0.001127  0.999993  0.003445  0.009928  -0.003433  0.999945  0.999960  -0.006522  -0.006047  0.006551  0.999968  0.004699  0.006017  -0.004738  0.999971  1.000000  0.000024  -0.000108  -0.000024  1.000000  0.000059  0.000108  -0.000059  1.000000  0.999950  0.001161  -0.009924  -0.001127  0.999993  0.003445  0.009928  -0.003433  0.999945  0.000119  0.010069  
108.203060 0.008372  0.095383  -0.000208  0.996350  -0.059659  -0.061061  0.062232  0.997214  0.041138  0.058437  -0.044788  0.997286  0.004399  -0.001019  0.004020  0.201305  0.275017  -0.334369  2.000000  0.999944  0.001286  -0.010457  -0.001247  0.999992  0.003747  0.010462  -0.003733  0.999938  0.999963  -0.006321  -0.005907  0.006349  0.999968  0.004831  0.005876  -0.004868  0.999971  1.000000  0.000024  -0.000105  -0.000024  1.000000  0.000061  0.000105  -0.000061  1.000000  0.999944  0.001286  -0.010457  -0.001247  0.999992  0.003747  0.010462  -0.003733  0.999938  0.000120  0.009918  
108.204060 0.008378  0.095383  -0.000202  0.996321  -0.059830  -0.061358  0.062436  0.997187  0.041472  0.058704  -0.045150  0.997254  0.004562  -0.000905  0.004281  0.209763  0.279295  -0.327196  2.000000  0.999940  0.001384  -0.010863  -0.001340  0.999991  0.003992  0.010869  -0.003977  0.999933  0.999965  -0.006125  -0.005633  0.006153  0.999969  0.004963  0.005602  -0.004997  0.999972  1.000000  0.000022  -0.000102  -0.000022  1.000000  0.000062  0.000102  -0.000062  1.000000  0.999940  0.001384  -0.010863  -0.001340  0.999991  0.003992  0.010869  -0.003977  0.999933  0.000119  0.009698  
108.205311 0.008387  0.095384  -0.000194  0.996292  -0.060001  -0.061654  0.062640  0.997160  0.041805  0.058971  -0.045513  0.997222  0.004785  -0.000733  0.004586  0.222630  0.274261  -0.313499  2.000000  0.999934  0.001505  -0.011350  -0.001456  0.999990  0.004308  0.011356  -0.004291  0.999926  0.999969  -0.005718  -0.005483  0.005746  0.999970  0.005106  0.005454  -0.005137  0.999972  1.000000  0.000023  -0.000096  -0.000023  1.000000  0.000064  0.000096  -0.000064  1.000000  0.999934  0.001505  -0.011350  -0.001456  0.999990  0.004308  0.011356  -0.004291  0.999926  0.000119  0.009434  
108.206312 0.008393  0.095384  -0.000188  0.996264  -0.060171  -0.061951  0.062844  0.997133  0.042139  0.059238  -0.045875  0.997189  0.004906  -0.000702  0.004785  0.233573  0.276248  -0.302351  2.000000  0.999930  0.001597  -0.011721  -0.001544  0.999988  0.004564  0.011728  -0.004545  0.999921  0.999971  -0.005523  -0.005208  0.005550  0.999972  0.005117  0.005180  -0.005146  0.999973  1.000000  0.000022  -0.000092  -0.000022  1.000000  0.000064  0.000092  -0.000064  1.000000  0.999930  0.001597  -0.011721  -0.001544  0.999988  0.004564  0.011728  -0.004545  0.999921  0.000118  0.009163  
108.207315 0.008400  0.095384  -0.000182  0.996243  -0.060348  -0.062115  0.063049  0.997106  0.042480  0.059372  -0.046237  0.997165  0.005106  -0.000674  0.004964  0.239545  0.273790  -0.299513  2.000000  0.999926  0.001693  -0.012081  -0.001635  0.999987  0.004826  0.012089  -0.004806  0.999915  0.999972  -0.005316  -0.005201  0.005343  0.999972  0.005249  0.005173  -0.005277  0.999973  1.000000  0.000023  -0.000090  -0.000023  1.000000  0.000066  0.000090  -0.000066  1.000000  0.999926  0.001693  -0.012081  -0.001635  0.999987  0.004826  0.012089  -0.004806  0.999915  0.000117  0.009111  
108.208561 0.008409  0.095385  -0.000175  0.996222  -0.060524  -0.062279  0.063254  0.997078  0.042822  0.059505  -0.046600  0.997140  0.005327  -0.000603  0.005088  0.243960  0.269110  -0.292736  2.000000  0.999921  0.001787  -0.012435  -0.001724  0.999986  0.005096  0.012444  -0.005074  0.999910  0.999974  -0.005114  -0.005060  0.005142  0.999972  0.005504  0.005032  -0.005529  0.999972  1.000000  0.000023  -0.000087  -0.000023  1.000000  0.000069  0.000087  -0.000069  1.000000  0.999921  0.001787  -0.012435  -0.001724  0.999986  0.005096  0.012444  -0.005074  0.999910  0.000118  0.009066  
108.209561 0.008416  0.095385  -0.000169  0.996201  -0.060708  -0.062436  0.063458  0.997056  0.043043  0.059639  -0.046841  0.997120  0.005465  -0.000633  0.005219  0.246346  0.266661  -0.283439  2.000000  0.999917  0.001879  -0.012779  -0.001810  0.999984  0.005369  0.012789  -0.005346  0.999904  0.999976  -0.004914  -0.004918  0.004941  0.999973  0.005515  0.004891  -0.005539  0.999973  1.000000  0.000022  -0.000084  -0.000022  1.000000  0.000069  0.000084  -0.000069  1.000000  0.999917  0.001879  -0.012779  -0.001810  0.999984  0.005369  0.012789  -0.005346  0.999904  0.000116  0.008882  
108.210809 0.008425  0.095385  -0.000162  0.996180  -0.060885  -0.062600  0.063663  0.997028  0.043384  0.059772  -0.047204  0.997095  0.005686  -0.000561  0.005351  0.250722  0.257565  -0.276923  2.000000  0.999911  0.001990  -0.013190  -0.001915  0.999982  0.005711  0.013201  -0.005686  0.999897  0.999976  -0.004919  -0.004786  0.004944  0.999973  0.005393  0.004759  -0.005417  0.999974  1.000000  0.000021  -0.000083  -0.000021  1.000000  0.000068  0.000083  -0.000068  1.000000  0.999911  0.001990  -0.013190  -0.001915  0.999982  0.005711  0.013201  -0.005686  0.999897  0.000114  0.008736  
108.211813 0.008432  0.095386  -0.000155  0.996167  -0.061075  -0.062624  0.063868  0.997005  0.043613  0.059772  -0.047446  0.997084  0.005868  -0.000511  0.005504  0.251045  0.248397  -0.270374  2.000000  0.999907  0.002075  -0.013504  -0.001994  0.999980  0.005986  0.013516  -0.005959  0.999891  0.999980  -0.004519  -0.004500  0.004544  0.999975  0.005418  0.004476  -0.005438  0.999975  1.000000  0.000020  -0.000077  -0.000020  1.000000  0.000068  0.000077  -0.000068  1.000000  0.999907  0.002075  -0.013504  -0.001994  0.999980  0.005986  0.013516  -0.005959  0.999891  0.000111  0.008375  
108.213068 0.008441  0.095386  -0.000147  0.996159  -0.061053  -0.062772  0.063867  0.996995  0.043846  0.059906  -0.047687  0.997064  0.006135  -0.000376  0.005675  0.254200  0.236131  -0.252428  2.000000  0.999901  0.002174  -0.013882  -0.002086  0.999978  0.006331  0.013895  -0.006301  0.999884  0.999982  -0.004325  -0.004225  0.004349  0.999975  0.005551  0.004201  -0.005569  0.999976  1.000000  0.000019  -0.000073  -0.000018  1.000000  0.000070  0.000073  -0.000069  1.000000  0.999901  0.002174  -0.013882  -0.002086  0.999978  0.006331  0.013895  -0.006301  0.999884  0.000108  0.008214  
108.214315 0.008450  0.095386  -0.000138  0.996138  -0.061237  -0.062929  0.064072  0.996972  0.044067  0.060039  -0.047929  0.997045  0.006381  -0.000185  0.005908  0.250835  0.222130  -0.239154  2.000000  0.999896  0.002264  -0.014235  -0.002169  0.999975  0.006672  0.014250  -0.006640  0.999876  0.999984  -0.004132  -0.003949  0.004153  0.999977  0.005441  0.003926  -0.005458  0.999977  1.000000  0.000017  -0.000069  -0.000017  1.000000  0.000068  0.000069  -0.000068  1.000000  0.999896  0.002264  -0.014235  -0.002169  0.999975  0.006672  0.014250  -0.006640  0.999876  0.000104  0.007897  
108.215564 0.008458  0.095387  -0.000129  0.996116  -0.061413  -0.063093  0.064276  0.996944  0.044408  0.060173  -0.048291  0.997019  0.006561  -0.000012  0.006079  0.255223  0.212895  -0.232563  2.000000  0.999891  0.002347  -0.014570  -0.002245  0.999973  0.007009  0.014586  -0.006976  0.999869  0.999986  -0.003938  -0.003673  0.003958  0.999978  0.005332  0.003651  -0.005346  0.999979  1.000000  0.000015  -0.000066  -0.000015  1.000000  0.000067  0.000066  -0.000067  1.000000  0.999891  0.002347  -0.014570  -0.002245  0.999973  0.007009  0.014586  -0.006976  0.999869  0.000102  0.007583  
108.216567 0.008465  0.095387  -0.000122  0.996095  -0.061596  -0.063250  0.064481  0.996921  0.044628  0.060307  -0.048532  0.996999  0.006737  0.000149  0.006214  0.255565  0.208146  -0.225803  2.000000  0.999888  0.002393  -0.014763  -0.002287  0.999971  0.007214  0.014779  -0.007180  0.999865  0.999986  -0.003944  -0.003540  0.003963  0.999977  0.005452  0.003518  -0.005466  0.999979  1.000000  0.000013  -0.000065  -0.000013  1.000000  0.000068  0.000065  -0.000068  1.000000  0.999888  0.002393  -0.014763  -0.002287  0.999971  0.007214  0.014779  -0.007180  0.999865  0.000101  0.007609  
108.217814 0.008474  0.095388  -0.000113  0.996074  -0.061772  -0.063415  0.064685  0.996892  0.044969  0.060440  -0.048895  0.996974  0.006884  0.000288  0.006362  0.255912  0.203422  -0.219023  2.000000  0.999883  0.002468  -0.015072  -0.002354  0.999969  0.007559  0.015090  -0.007522  0.999858  0.999987  -0.003744  -0.003398  0.003762  0.999978  0.005464  0.003377  -0.005477  0.999979  1.000000  0.000013  -0.000062  -0.000013  1.000000  0.000068  0.000062  -0.000068  1.000000  0.999883  0.002468  -0.015072  -0.002354  0.999969  0.007559  0.015090  -0.007522  0.999858  0.000098  0.007449  
108.219065 0.008483  0.095389  -0.000105  0.996052  -0.061955  -0.063572  0.064890  0.996869  0.045189  0.060574  -0.049136  0.996954  0.007029  0.000366  0.006437  0.256257  0.194182  -0.212480  2.000000  0.999879  0.002537  -0.015365  -0.002416  0.999966  0.007906  0.015385  -0.007868  0.999851  0.999989  -0.003338  -0.003245  0.003356  0.999979  0.005610  0.003226  -0.005621  0.999979  1.000000  0.000014  -0.000056  -0.000014  1.000000  0.000070  0.000056  -0.000070  1.000000  0.999879  0.002537  -0.015365  -0.002416  0.999966  0.007906  0.015385  -0.007868  0.999851  0.000096  0.007295  
108.220315 0.008493  0.095390  -0.000097  0.996052  -0.061932  -0.063595  0.064890  0.996852  0.045552  0.060574  -0.049499  0.996936  0.007126  0.000430  0.006513  0.257024  0.184640  -0.199012  2.000000  0.999874  0.002601  -0.015649  -0.002472  0.999963  0.008250  0.015670  -0.008210  0.999844  0.999990  -0.003351  -0.002979  0.003367  0.999979  0.005489  0.002960  -0.005499  0.999980  1.000000  0.000011  -0.000055  -0.000011  1.000000  0.000069  0.000055  -0.000069  1.000000  0.999874  0.002601  -0.015649  -0.002472  0.999963  0.008250  0.015670  -0.008210  0.999844  0.000094  0.007091  
108.221561 0.008502  0.095391  -0.000089  0.996031  -0.062107  -0.063760  0.065095  0.996823  0.045893  0.060707  -0.049861  0.996909  0.007157  0.000468  0.006530  0.259322  0.178419  -0.190687  2.000000  0.999870  0.002659  -0.015915  -0.002522  0.999960  0.008596  0.015937  -0.008555  0.999836  0.999990  -0.003356  -0.002846  0.003372  0.999979  0.005488  0.002828  -0.005498  0.999981  1.000000  0.000010  -0.000054  -0.000010  1.000000  0.000069  0.000054  -0.000069  1.000000  0.999870  0.002659  -0.015915  -0.002522  0.999960  0.008596  0.015937  -0.008555  0.999836  0.000092  0.007039  
108.222561 0.008510  0.095392  -0.000082  0.996031  -0.062092  -0.063775  0.065095  0.996812  0.046135  0.060707  -0.050103  0.996897  0.007208  0.000491  0.006578  0.262427  0.165950  -0.179172  2.000000  0.999866  0.002703  -0.016117  -0.002560  0.999957  0.008867  0.016140  -0.008825  0.999831  0.999992  -0.002952  -0.002693  0.002966  0.999981  0.005392  0.002677  -0.005400  0.999982  1.000000  0.000011  -0.000049  -0.000011  1.000000  0.000067  0.000049  -0.000067  1.000000  0.999866  0.002703  -0.016117  -0.002560  0.999957  0.008867  0.016140  -0.008825  0.999831  0.000090  0.006714  
108.223562 0.008517  0.095393  -0.000076  0.996009  -0.062275  -0.063933  0.065299  0.996788  0.046355  0.060841  -0.050345  0.996877  0.007207  0.000523  0.006618  0.262228  0.161398  -0.179228  2.000000  0.999863  0.002744  -0.016305  -0.002595  0.999955  0.009135  0.016329  -0.009091  0.999825  0.999992  -0.002958  -0.002560  0.002971  0.999982  0.005270  0.002545  -0.005278  0.999983  1.000000  0.000009  -0.000048  -0.000009  1.000000  0.000066  0.000048  -0.000066  1.000000  0.999863  0.002744  -0.016305  -0.002595  0.999955  0.009135  0.016329  -0.009091  0.999825  0.000088  0.006567  
108.224809 0.008525  0.095393  -0.000069  0.996009  -0.062259  -0.063948  0.065299  0.996777  0.046597  0.060841  -0.050587  0.996865  0.007127  0.000556  0.006628  0.260836  0.146106  -0.164645  2.000000  0.999860  0.002779  -0.016488  -0.002624  0.999952  0.009399  0.016514  -0.009354  0.999820  0.999994  -0.002765  -0.002283  0.002777  0.999983  0.005162  0.002269  -0.005168  0.999984  1.000000  0.000007  -0.000044  -0.000007  1.000000  0.000065  0.000044  -0.000065  1.000000  0.999860  0.002779  -0.016488  -0.002624  0.999952  0.009399  0.016514  -0.009354  0.999820  0.000085  0.006288  
108.225810 0.008531  0.095394  -0.000063  0.995988  -0.062450  -0.064098  0.065504  0.996759  0.046696  0.060974  -0.050707  0.996851  0.007084  0.000569  0.006597  0.256736  0.141668  -0.164812  2.000000  0.999857  0.002812  -0.016658  -0.002652  0.999950  0.009658  0.016685  -0.009612  0.999815  0.999994  -0.002566  -0.002140  0.002577  0.999984  0.005052  0.002127  -0.005058  0.999985  1.000000  0.000007  -0.000041  -0.000007  1.000000  0.000063  0.000041  -0.000063  1.000000  0.999857  0.002812  -0.016658  -0.002652  0.999950  0.009658  0.016685  -0.009612  0.999815  0.000084  0.006060  
108.227060 0.008540  0.095394  -0.000056  0.995988  -0.062434  -0.064113  0.065504  0.996748  0.046938  0.060974  -0.050949  0.996838  0.007048  0.000589  0.006509  0.253561  0.132204  -0.151550  2.000000  0.999855  0.002833  -0.016785  -0.002668  0.999948  0.009848  0.016812  -0.009801  0.999811  0.999995  -0.002579  -0.001873  0.002589  0.999984  0.004931  0.001861  -0.004936  0.999986  1.000000  0.000000  0.000000  0.000000  1.000000  0.000000  0.000000  0.000000  1.000000  0.999855  0.002833  -0.016785  -0.002668  0.999948  0.009848  0.016812  -0.009801  0.999811  0.000082  0.000000  
108.228061 0.008545  0.095394  -0.000050  0.995988  -0.062419  -0.064129  0.065504  0.996736  0.047179  0.060974  -0.051191  0.996826  0.006975  0.000579  0.006448  0.253873  0.122968  -0.145052  2.000000  0.999855  0.002833  -0.016785  -0.002668  0.999948  0.009848  0.016812  -0.009801  0.999811  0.999996  -0.002381  -0.001729  0.002389  0.999986  0.004701  0.001718  -0.004705  0.999987  1.000000  0.000000  0.000000  0.000000  1.000000  0.000000  0.000000  0.000000  1.000000  0.999855  0.002833  -0.016785  -0.002668  0.999948  0.009848  0.016812  -0.009801  0.999811  0.000080  0.000000  
108.229061 0.008551  0.095395  -0.000045  0.995988  -0.062411  -0.064136  0.065504  0.996731  0.047300  0.060974  -0.051312  0.996820  0.006895  0.000531  0.006294  0.250284  0.118241  -0.138430  2.000000  0.999855  0.002833  -0.016785  -0.002668  0.999948  0.009848  0.016812  -0.009801  0.999811  0.999996  -0.002182  -0.001586  0.002189  0.999987  0.004592  0.001576  -0.004596  0.999988  1.000000  0.000000  0.000000  0.000000  1.000000  0.000000  0.000000  0.000000  1.000000  0.999855  0.002833  -0.016785  -0.002668  0.999948  0.009848  0.016812  -0.009801  0.999811  0.000077  0.000000  
108.230069 0.008557  0.095395  -0.000040  0.995974  -0.062609  -0.064153  0.065709  0.996712  0.047408  0.060974  -0.051433  0.996813  0.006823  0.000554  0.006141  0.244501  0.109896  -0.133025  2.000000  0.999855  0.002833  -0.016785  -0.002668  0.999948  0.009848  0.016812  -0.009801  0.999811  0.999997  -0.002189  -0.001453  0.002195  0.999988  0.004471  0.001443  -0.004474  0.999989  1.000000  0.000000  0.000000  0.000000  1.000000  0.000000  0.000000  0.000000  1.000000  0.999855  0.002833  -0.016785  -0.002668  0.999948  0.009848  0.016812  -0.009801  0.999811  0.000076  0.000000  
108.231313 0.008564  0.095395  -0.000034  0.995974  -0.062593  -0.064169  0.065709  0.996700  0.047650  0.060974  -0.051674  0.996801  0.006728  0.000541  0.006010  0.243092  0.104329  -0.125381  2.000000  0.999855  0.002833  -0.016785  -0.002668  0.999948  0.009848  0.016812  -0.009801  0.999811  0.999997  -0.001990  -0.001309  0.001996  0.999989  0.004241  0.001300  -0.004244  0.999990  1.000000  0.000000  0.000000  0.000000  1.000000  0.000000  0.000000  0.000000  1.000000  0.999855  0.002833  -0.016785  -0.002668  0.999948  0.009848  0.016812  -0.009801  0.999811  0.000073  0.000000  
108.232315 0.008570  0.095396  -0.000029  0.995974  -0.062585  -0.064176  0.065709  0.996695  0.047771  0.060974  -0.051795  0.996795  0.006641  0.000517  0.005847  0.233190  0.095878  -0.119880  2.000000  0.999855  0.002833  -0.016785  -0.002668  0.999948  0.009848  0.016812  -0.009801  0.999811  0.999998  -0.001785  -0.001298  0.001790  0.999989  0.004254  0.001291  -0.004256  0.999990  1.000000  0.000000  0.000000  0.000000  1.000000  0.000000  0.000000  0.000000  1.000000  0.999855  0.002833  -0.016785  -0.002668  0.999948  0.009848  0.016812  -0.009801  0.999811  0.000071  0.000000  
108.233580 0.008577  0.095396  -0.000024  0.995952  -0.062776  -0.064327  0.065913  0.996676  0.047870  0.061108  -0.051916  0.996780  0.006448  0.000479  0.005639  0.225238  0.091003  -0.113080  2.000000  0.999855  0.002833  -0.016785  -0.002668  0.999948  0.009848  0.016812  -0.009801  0.999811  0.999998  -0.001784  -0.001299  0.001790  0.999990  0.004132  0.001291  -0.004134  0.999991  1.000000  0.000000  0.000000  0.000000  1.000000  0.000000  0.000000  0.000000  1.000000  0.999855  0.002833  -0.016785  -0.002668  0.999948  0.009848  0.016812  -0.009801  0.999811  0.000067  0.000000  
108.234816 0.008584  0.095397  -0.000018  0.995952  -0.062760  -0.064342  0.065913  0.996665  0.048111  0.061108  -0.052158  0.996767  0.006282  0.000506  0.005490  0.217535  0.077257  -0.106837  2.000000  0.999855  0.002833  -0.016785  -0.002668  0.999948  0.009848  0.016812  -0.009801  0.999811  0.999998  -0.001791  -0.001165  0.001796  0.999990  0.004011  0.001158  -0.004013  0.999991  1.000000  0.000000  0.000000  0.000000  1.000000  0.000000  0.000000  0.000000  1.000000  0.999855  0.002833  -0.016785  -0.002668  0.999948  0.009848  0.016812  -0.009801  0.999811  0.000064  0.000000  
108.235820 0.008588  0.095397  -0.000013  0.995944  -0.062745  -0.064483  0.065913  0.996659  0.048223  0.061241  -0.052278  0.996753  0.006052  0.000430  0.005346  0.212227  0.076350  -0.099161  2.000000  0.999855  0.002833  -0.016785  -0.002668  0.999948  0.009848  0.016812  -0.009801  0.999811  0.999998  -0.001593  -0.001021  0.001597  0.999991  0.003902  0.001015  -0.003904  0.999992  1.000000  0.000000  0.000000  0.000000  1.000000  0.000000  0.000000  0.000000  1.000000  0.999855  0.002833  -0.016785  -0.002668  0.999948  0.009848  0.016812  -0.009801  0.999811  0.000061  0.000000  
