1-Time 2-Px 3-Py 4-Pz 5-R11 6-R21 7-R31 8-R12 9-R22 10-R32 11-R13 12-R23 13-R33 14-Vx 15-Vy 16-Vz 17-Wx 18-Wy 19-Wz 20-state 21-PR11 22-PR21 23-PR31 24-PR12 25-PR22 26-PR32 27-PR13 28-PR23 29-PR33 
57.331929 0.006312  0.092353  -0.005351  0.990925  0.055808  0.122281  -0.124271  0.033698  0.991676  0.051222  -0.997873  0.040328  0.001659  0.001516  0.001295  -0.010543  0.230796  0.233709  2.000000  1.000000  0.000000  0.000000  0.000000  -0.000000  1.000000  0.000000  -1.000000  -0.000000  0.999982  0.004245  -0.004288  -0.004246  0.999991  -0.000071  0.004288  0.000089  0.999991  1.000000  0.000000  0.000000  0.000000  1.000000  0.000000  0.000000  0.000000  1.000000  0.630684  0.538246  0.559043  -0.554749  -0.191053  0.809786  0.542671  -0.820847  0.178097  0.000080  0.000000  
57.332934 0.006313  0.092355  -0.005350  0.990944  0.055933  0.122071  -0.124066  0.033693  0.991702  0.051356  -0.997866  0.040328  0.001658  0.001516  0.001295  -0.010585  0.230572  0.229176  2.000000  1.000000  0.000000  0.000000  0.000000  -0.000000  1.000000  0.000000  -1.000000  -0.000000  0.999981  0.004237  -0.004493  -0.004237  0.999991  -0.000082  0.004493  0.000101  0.999990  1.000000  0.000000  0.000000  0.000000  1.000000  0.000000  0.000000  0.000000  1.000000  1.000000  0.000000  0.000000  0.000000  -0.000000  1.000000  0.000000  -1.000000  -0.000000  0.000082  0.000000  
57.333935 0.006316  0.092355  -0.005350  0.990937  0.056066  0.122066  -0.124065  0.033677  0.991702  0.051490  -0.997859  0.040327  0.001723  0.001431  0.001222  -0.006222  0.223517  0.224969  2.000000  1.000000  0.000000  0.000000  0.000000  -0.000000  1.000000  0.000000  -1.000000  -0.000000  0.999982  0.004245  -0.004288  -0.004246  0.999991  -0.000073  0.004287  0.000091  0.999991  1.000000  0.000000  0.000000  0.000000  1.000000  0.000000  0.000000  0.000000  1.000000  1.000000  0.000000  0.000000  0.000000  -0.000000  1.000000  0.000000  -1.000000  -0.000000  0.000079  0.000000  
57.334936 0.006318  0.092355  -0.005351  0.990944  0.055933  0.122071  -0.124066  0.033693  0.991702  0.051356  -0.997866  0.040328  0.001784  0.001310  0.001060  -0.005904  0.216060  0.211765  2.000000  1.000000  0.000000  0.000000  0.000000  -0.000000  1.000000  0.000000  -1.000000  -0.000000  0.999984  0.003853  -0.004066  -0.003853  0.999993  -0.000064  0.004066  0.000080  0.999992  1.000000  0.000000  0.000000  0.000000  1.000000  0.000000  0.000000  0.000000  1.000000  1.000000  0.000000  0.000000  0.000000  -0.000000  1.000000  0.000000  -1.000000  -0.000000  0.000076  0.000000  
57.336197 0.006322  0.092354  -0.005351  0.990983  0.055661  0.121878  -0.123864  0.033738  0.991725  0.051089  -0.997880  0.040328  0.001860  0.001140  0.000918  -0.005583  0.208196  0.189535  2.000000  1.000000  0.000000  0.000000  0.000000  -0.000000  1.000000  0.000000  -1.000000  -0.000000  0.999986  0.003318  -0.004044  -0.003318  0.999994  -0.000065  0.004044  0.000078  0.999992  1.000000  0.000000  0.000000  0.000000  1.000000  0.000000  0.000000  0.000000  1.000000  1.000000  0.000000  0.000000  0.000000  -0.000000  1.000000  0.000000  -1.000000  -0.000000  0.000072  0.000000  
57.337440 0.006326  0.092354  -0.005352  0.990990  0.055529  0.121883  -0.123865  0.033755  0.991725  0.050955  -0.997886  0.040328  0.002004  0.000980  0.000749  -0.005264  0.200773  0.176363  2.000000  1.000000  0.000000  0.000000  0.000000  -0.000000  1.000000  0.000000  -1.000000  -0.000000  0.999990  0.002800  -0.003612  -0.002800  0.999996  -0.000047  0.003612  0.000057  0.999993  1.000000  0.000000  0.000000  0.000000  1.000000  0.000000  0.000000  0.000000  1.000000  1.000000  0.000000  0.000000  0.000000  -0.000000  1.000000  0.000000  -1.000000  -0.000000  0.000067  0.000000  
57.338688 0.006330  0.092353  -0.005353  0.991015  0.055522  0.121679  -0.123661  0.033766  0.991750  0.050955  -0.997886  0.040328  0.002167  0.000825  0.000616  -0.005303  0.200233  0.162891  2.000000  1.000000  0.000000  0.000000  0.000000  -0.000000  1.000000  0.000000  -1.000000  -0.000000  0.999990  0.002532  -0.003601  -0.002533  0.999997  -0.000048  0.003601  0.000057  0.999994  1.000000  0.000000  0.000000  0.000000  1.000000  0.000000  0.000000  0.000000  1.000000  1.000000  0.000000  0.000000  0.000000  -0.000000  1.000000  0.000000  -1.000000  -0.000000  0.000065  0.000000  
57.339937 0.006336  0.092352  -0.005354  0.991041  0.055515  0.121475  -0.123457  0.033777  0.991775  0.050955  -0.997886  0.040328  0.002386  0.000623  0.000410  -0.004992  0.192944  0.154170  2.000000  1.000000  0.000000  0.000000  0.000000  -0.000000  1.000000  0.000000  -1.000000  -0.000000  0.999991  0.002265  -0.003590  -0.002265  0.999997  -0.000049  0.003590  0.000057  0.999994  1.000000  0.000000  0.000000  0.000000  1.000000  0.000000  0.000000  0.000000  1.000000  1.000000  0.000000  0.000000  0.000000  -0.000000  1.000000  0.000000  -1.000000  -0.000000  0.000063  0.000000  
57.340939 0.006340  0.092351  -0.005355  0.991066  0.055508  0.121271  -0.123253  0.033789  0.991800  0.050955  -0.997886  0.040328  0.002538  0.000425  0.000241  -0.005017  0.192584  0.145189  2.000000  1.000000  0.000000  0.000000  0.000000  -0.000000  1.000000  0.000000  -1.000000  -0.000000  0.999991  0.002131  -0.003585  -0.002132  0.999998  -0.000171  0.003584  0.000178  0.999994  1.000000  0.000000  0.000000  0.000000  1.000000  0.000000  0.000000  0.000000  1.000000  1.000000  0.000000  0.000000  0.000000  -0.000000  1.000000  0.000000  -1.000000  -0.000000  0.000062  0.000000  
57.342187 0.006345  0.092349  -0.005356  0.991073  0.055375  0.121276  -0.123254  0.033805  0.991799  0.050822  -0.997893  0.040329  0.002751  0.000202  0.000080  -0.004705  0.184972  0.127514  2.000000  1.000000  0.000000  0.000000  0.000000  -0.000000  1.000000  0.000000  -1.000000  -0.000000  0.999993  0.001747  -0.003157  -0.001747  0.999998  -0.000151  0.003157  0.000157  0.999995  1.000000  0.000000  0.000000  0.000000  1.000000  0.000000  0.000000  0.000000  1.000000  1.000000  0.000000  0.000000  0.000000  -0.000000  1.000000  0.000000  -1.000000  -0.000000  0.000057  0.000000  
57.343190 0.006349  0.092347  -0.005358  0.991086  0.055110  0.121287  -0.123255  0.033838  0.991798  0.050554  -0.997907  0.040329  0.002893  -0.000053  -0.000133  -0.004355  0.177497  0.114300  2.000000  1.000000  0.000000  0.000000  0.000000  -0.000000  1.000000  0.000000  -1.000000  -0.000000  0.999994  0.001346  -0.003141  -0.001346  0.999999  -0.000152  0.003141  0.000156  0.999995  1.000000  0.000000  0.000000  0.000000  1.000000  0.000000  0.000000  0.000000  1.000000  1.000000  0.000000  0.000000  0.000000  -0.000000  1.000000  0.000000  -1.000000  -0.000000  0.000053  0.000000  
57.344435 0.006354  0.092344  -0.005360  0.991107  0.054713  0.121303  -0.123258  0.033888  0.991796  0.050153  -0.997927  0.040330  0.003102  -0.000392  -0.000419  0.000000  0.000000  0.000000  2.000000  1.000000  0.000000  0.000000  0.000000  -0.000000  1.000000  0.000000  -1.000000  -0.000000  0.999996  0.000694  -0.002703  -0.000694  1.000000  -0.000133  0.002703  0.000134  0.999996  1.000000  0.000000  0.000000  0.000000  1.000000  0.000000  0.000000  0.000000  1.000000  1.000000  0.000000  0.000000  0.000000  -0.000000  1.000000  0.000000  -1.000000  -0.000000  0.000000  0.000000  
57.345441 0.006359  0.092341  -0.005362  0.991120  0.054448  0.121313  -0.123259  0.033921  0.991795  0.049886  -0.997940  0.040331  0.003305  -0.000671  -0.000625  0.000000  0.000000  0.000000  2.000000  1.000000  0.000000  0.000000  0.000000  -0.000000  1.000000  0.000000  -1.000000  -0.000000  0.999997  0.000034  -0.002471  -0.000034  1.000000  -0.000123  0.002471  0.000123  0.999997  1.000000  0.000000  0.000000  0.000000  1.000000  0.000000  0.000000  0.000000  1.000000  1.000000  0.000000  0.000000  0.000000  -0.000000  1.000000  0.000000  -1.000000  -0.000000  0.000000  0.000000  
57.346690 0.006364  0.092337  -0.005364  0.991146  0.053918  0.121335  -0.123263  0.033987  0.991792  0.049352  -0.997967  0.040332  0.003569  -0.001056  -0.000858  0.000000  0.000000  0.000000  2.000000  1.000000  0.000000  0.000000  0.000000  -0.000000  1.000000  0.000000  -1.000000  -0.000000  0.999997  -0.000626  -0.002238  0.000626  1.000000  -0.000113  0.002238  0.000112  0.999997  1.000000  0.000000  0.000000  0.000000  1.000000  0.000000  0.000000  0.000000  1.000000  1.000000  0.000000  0.000000  0.000000  -0.000000  1.000000  0.000000  -1.000000  -0.000000  0.000000  0.000000  
57.347934 0.006370  0.092334  -0.005365  0.991140  0.053542  0.121549  -0.123469  0.034145  0.991761  0.048951  -0.997982  0.040454  0.003798  -0.001412  -0.001009  0.000000  0.000000  0.000000  2.000000  1.000000  0.000000  0.000000  0.000000  -0.000000  1.000000  0.000000  -1.000000  -0.000000  0.999997  -0.001153  -0.002011  0.001152  0.999999  -0.000225  0.002011  0.000222  0.999998  1.000000  0.000000  0.000000  0.000000  1.000000  0.000000  0.000000  0.000000  1.000000  1.000000  0.000000  0.000000  0.000000  -0.000000  1.000000  0.000000  -1.000000  -0.000000  0.000000  0.000000  
57.348936 0.006375  0.092331  -0.005367  0.991153  0.053292  0.121553  -0.123471  0.034299  0.991755  0.048683  -0.997990  0.040575  0.003990  -0.001627  -0.001126  0.000000  0.000000  0.000000  2.000000  1.000000  0.000000  0.000000  0.000000  -0.000000  1.000000  0.000000  -1.000000  -0.000000  0.999997  -0.001671  -0.001578  0.001671  0.999999  -0.000204  0.001579  0.000202  0.999999  1.000000  0.000000  0.000000  0.000000  1.000000  0.000000  0.000000  0.000000  1.000000  1.000000  0.000000  0.000000  0.000000  -0.000000  1.000000  0.000000  -1.000000  -0.000000  0.000000  0.000000  
57.349938 0.006380  0.092328  -0.005368  0.991173  0.052894  0.121569  -0.123473  0.034348  0.991753  0.048283  -0.998009  0.040576  0.004148  -0.001835  -0.001148  0.000000  0.000000  0.000000  2.000000  1.000000  0.000000  0.000000  0.000000  -0.000000  1.000000  0.000000  -1.000000  -0.000000  0.999996  -0.002331  -0.001346  0.002331  0.999997  -0.000316  0.001346  0.000312  0.999999  1.000000  0.000000  0.000000  0.000000  1.000000  0.000000  0.000000  0.000000  1.000000  1.000000  0.000000  0.000000  0.000000  -0.000000  1.000000  0.000000  -1.000000  -0.000000  0.000000  0.000000  
57.351187 0.006386  0.092323  -0.005370  0.991192  0.052512  0.121579  -0.123476  0.034518  0.991747  0.047882  -0.998024  0.040698  0.004296  -0.002071  -0.001233  0.000000  0.000000  0.000000  2.000000  1.000000  0.000000  0.000000  0.000000  -0.000000  1.000000  0.000000  -1.000000  -0.000000  0.999995  -0.002991  -0.001113  0.002991  0.999995  -0.000427  0.001114  0.000423  0.999999  1.000000  0.000000  0.000000  0.000000  1.000000  0.000000  0.000000  0.000000  1.000000  1.000000  0.000000  0.000000  0.000000  -0.000000  1.000000  0.000000  -1.000000  -0.000000  0.000000  0.000000  
57.352435 0.006392  0.092318  -0.005374  0.991192  0.051989  0.121805  -0.123683  0.034573  0.991719  0.047347  -0.998049  0.040699  0.004391  -0.002344  -0.001430  0.000000  0.000000  0.000000  2.000000  1.000000  0.000000  0.000000  0.000000  -0.000000  1.000000  0.000000  -1.000000  -0.000000  0.999993  -0.003768  -0.000464  0.003768  0.999993  -0.000395  0.000465  0.000393  1.000000  1.000000  0.000000  0.000000  0.000000  1.000000  0.000000  0.000000  0.000000  1.000000  1.000000  0.000000  0.000000  0.000000  -0.000000  1.000000  0.000000  -1.000000  -0.000000  0.000000  0.000000  
57.353687 0.006398  0.092313  -0.005379  0.991191  0.051481  0.122024  -0.123890  0.034749  0.991687  0.046812  -0.998069  0.040821  0.004483  -0.002653  -0.001715  0.000000  0.000000  0.000000  2.000000  1.000000  0.000000  0.000000  0.000000  -0.000000  1.000000  0.000000  -1.000000  -0.000000  0.999990  -0.004554  -0.000020  0.004554  0.999990  -0.000495  0.000022  0.000495  1.000000  1.000000  0.000000  0.000000  0.000000  1.000000  0.000000  0.000000  0.000000  1.000000  1.000000  0.000000  0.000000  0.000000  -0.000000  1.000000  0.000000  -1.000000  -0.000000  0.000000  0.000000  
57.354935 0.006404  0.092309  -0.005384  0.991190  0.050958  0.122250  -0.124097  0.034805  0.991659  0.046278  -0.998094  0.040822  0.004544  -0.002866  -0.002042  0.000000  0.000000  0.000000  2.000000  1.000000  0.000000  0.000000  0.000000  -0.000000  1.000000  0.000000  -1.000000  -0.000000  0.999988  -0.004946  0.000202  0.004946  0.999988  -0.000485  -0.000200  0.000486  1.000000  1.000000  0.000000  0.000000  0.000000  1.000000  0.000000  0.000000  0.000000  1.000000  1.000000  0.000000  0.000000  0.000000  -0.000000  1.000000  0.000000  -1.000000  -0.000000  0.000000  0.000000  
57.355937 0.006409  0.092306  -0.005390  0.991209  0.050575  0.122260  -0.124099  0.034975  0.991653  0.045877  -0.998108  0.040944  0.004596  -0.002975  -0.002346  0.000000  0.000000  0.000000  2.000000  1.000000  -0.000257  0.000010  -0.000010  0.000027  1.000000  -0.000257  -1.000000  0.000027  0.999986  -0.005214  0.000214  0.005214  0.999986  -0.000606  -0.000211  0.000607  1.000000  1.000000  -0.000065  0.000003  0.000065  1.000000  -0.000008  -0.000003  0.000008  1.000000  1.000000  -0.000257  0.000010  -0.000010  0.000027  1.000000  -0.000257  -1.000000  0.000027  0.000000  0.005253  
57.356939 0.006414  0.092303  -0.005396  0.991201  0.050185  0.122480  -0.124306  0.035014  0.991626  0.045476  -0.998126  0.040945  0.004687  -0.003140  -0.002726  0.000000  0.000000  0.000000  2.000000  1.000000  -0.000526  0.000037  -0.000037  0.000057  1.000000  -0.000526  -1.000000  0.000057  0.999985  -0.005464  0.000636  0.005465  0.999985  -0.000585  -0.000632  0.000588  1.000000  1.000000  -0.000068  0.000008  0.000068  1.000000  -0.000007  -0.000008  0.000007  1.000000  1.000000  -0.000526  0.000037  -0.000037  0.000057  1.000000  -0.000526  -1.000000  0.000057  0.000000  0.005532  
57.358192 0.006420  0.092299  -0.005403  0.991200  0.049677  0.122700  -0.124513  0.035191  0.991594  0.044941  -0.998145  0.041067  0.004796  -0.003253  -0.003040  -0.025443  0.013201  -0.185017  2.000000  1.000000  -0.000882  0.000080  -0.000080  0.000096  1.000000  -0.000882  -1.000000  0.000096  0.999982  -0.005857  0.000858  0.005857  0.999983  -0.000696  -0.000854  0.000701  0.999999  1.000000  -0.000073  0.000011  0.000073  1.000000  -0.000009  -0.000011  0.000009  1.000000  1.000000  -0.000882  0.000080  -0.000080  0.000096  1.000000  -0.000882  -1.000000  0.000096  0.000046  0.005960  
57.359435 0.006426  0.092294  -0.005410  0.991204  0.049021  0.122932  -0.124721  0.035264  0.991565  0.044273  -0.998175  0.041068  0.004858  -0.003390  -0.003339  -0.024784  -0.001889  -0.215915  2.000000  0.999999  -0.001273  0.000150  -0.000150  0.000139  1.000000  -0.001273  -0.999999  0.000139  0.999978  -0.006500  0.001502  0.006501  0.999979  -0.000664  -0.001498  0.000674  0.999999  1.000000  -0.000081  0.000019  0.000081  1.000000  -0.000008  -0.000019  0.000008  1.000000  0.999999  -0.001273  0.000150  -0.000150  0.000139  1.000000  -0.001273  -0.999999  0.000139  0.000053  0.006705  
57.360689 0.006432  0.092289  -0.005416  0.991207  0.048381  0.123157  -0.124928  0.035458  0.991532  0.043605  -0.998199  0.041190  0.004830  -0.003443  -0.003588  -0.027874  -0.023896  -0.246483  2.000000  0.999999  -0.001704  0.000252  -0.000252  0.000186  1.000000  -0.001704  -0.999999  0.000185  0.999973  -0.007151  0.001941  0.007153  0.999974  -0.000764  -0.001936  0.000778  0.999998  1.000000  -0.000089  0.000024  0.000089  1.000000  -0.000010  -0.000024  0.000010  1.000000  0.999999  -0.001704  0.000252  -0.000252  0.000186  1.000000  -0.001704  -0.999999  0.000185  0.000061  0.007450  
57.361938 0.006438  0.092284  -0.005422  0.991204  0.047858  0.123383  -0.125135  0.035515  0.991504  0.043070  -0.998223  0.041191  0.004813  -0.003535  -0.003918  -0.027234  -0.038820  -0.272978  2.000000  0.999998  -0.002170  0.000382  -0.000382  0.000234  1.000000  -0.002171  -0.999998  0.000233  0.999969  -0.007544  0.002163  0.007545  0.999971  -0.000754  -0.002158  0.000770  0.999997  1.000000  -0.000094  0.000027  0.000094  1.000000  -0.000010  -0.000027  0.000010  1.000000  0.999998  -0.002170  0.000382  -0.000382  0.000234  1.000000  -0.002171  -0.999998  0.000233  0.000068  0.007885  
57.363187 0.006443  0.092278  -0.005427  0.991201  0.047351  0.123604  -0.125342  0.035692  0.991471  0.042535  -0.998240  0.041313  0.004760  -0.003677  -0.004107  -0.030421  -0.053325  -0.296995  2.000000  0.999996  -0.002662  0.000526  -0.000525  0.000284  1.000000  -0.002662  -0.999996  0.000283  0.999966  -0.007936  0.002386  0.007938  0.999968  -0.000865  -0.002379  0.000884  0.999997  1.000000  -0.000099  0.000030  0.000099  1.000000  -0.000011  -0.000030  0.000011  1.000000  0.999996  -0.002662  0.000526  -0.000525  0.000284  1.000000  -0.002662  -0.999996  0.000283  0.000075  0.008333  
57.364436 0.006448  0.092272  -0.005433  0.991198  0.046843  0.123824  -0.125549  0.035870  0.991439  0.042000  -0.998258  0.041435  0.004674  -0.003833  -0.004381  -0.034432  -0.061229  -0.312562  2.000000  0.999995  -0.003067  0.000653  -0.000652  0.000329  1.000000  -0.003067  -0.999995  0.000327  0.999963  -0.008195  0.002604  0.008197  0.999966  -0.000976  -0.002596  0.000998  0.999996  1.000000  -0.000102  0.000032  0.000102  1.000000  -0.000012  -0.000032  0.000012  1.000000  0.999995  -0.003067  0.000653  -0.000652  0.000329  1.000000  -0.003067  -0.999995  0.000327  0.000078  0.008655  
57.365437 0.006453  0.092267  -0.005438  0.991189  0.046453  0.124044  -0.125755  0.035911  0.991411  0.041599  -0.998275  0.041436  0.004673  -0.003919  -0.004653  -0.034123  -0.068502  -0.321257  2.000000  0.999994  -0.003476  0.000786  -0.000784  0.000379  1.000000  -0.003477  -0.999994  0.000376  0.999963  -0.008186  0.002809  0.008189  0.999966  -0.000967  -0.002801  0.000990  0.999996  1.000000  -0.000102  0.000035  0.000102  1.000000  -0.000012  -0.000035  0.000012  1.000000  0.999994  -0.003476  0.000786  -0.000784  0.000379  1.000000  -0.003477  -0.999994  0.000376  0.000081  0.008710  
57.366686 0.006458  0.092261  -0.005444  0.991179  0.046078  0.124260  -0.125961  0.036072  0.991379  0.041198  -0.998286  0.041558  0.004653  -0.004002  -0.004935  -0.037279  -0.081857  -0.322570  2.000000  0.999992  -0.003990  0.000961  -0.000960  0.000446  0.999999  -0.003990  -0.999992  0.000443  0.999961  -0.008319  0.002816  0.008323  0.999965  -0.001089  -0.002807  0.001112  0.999995  1.000000  -0.000104  0.000035  0.000104  1.000000  -0.000014  -0.000035  0.000014  1.000000  0.999992  -0.003990  0.000961  -0.000960  0.000446  0.999999  -0.003990  -0.999992  0.000443  0.000085  0.008852  
57.367934 0.006464  0.092255  -0.005452  0.991206  0.045445  0.124276  -0.125965  0.036396  0.991367  0.040530  -0.998304  0.041801  0.004675  -0.004067  -0.005117  -0.045448  -0.090405  -0.347405  2.000000  0.999989  -0.004504  0.001150  -0.001148  0.000517  0.999999  -0.004505  -0.999990  0.000512  0.999961  -0.008311  0.003022  0.008314  0.999965  -0.001080  -0.003013  0.001105  0.999995  1.000000  -0.000104  0.000038  0.000104  1.000000  -0.000014  -0.000038  0.000014  1.000000  0.999989  -0.004504  0.001150  -0.001148  0.000517  0.999999  -0.004505  -0.999990  0.000512  0.000088  0.008910  
57.368935 0.006469  0.092251  -0.005458  0.991197  0.045071  0.124491  -0.126171  0.036558  0.991335  0.040129  -0.998315  0.041923  0.004695  -0.004113  -0.005214  -0.048921  -0.104820  -0.360391  2.000000  0.999987  -0.004921  0.001299  -0.001296  0.000578  0.999999  -0.004922  -0.999988  0.000572  0.999960  -0.008444  0.003029  0.008448  0.999964  -0.001202  -0.003019  0.001228  0.999995  1.000000  -0.000106  0.000038  0.000106  1.000000  -0.000015  -0.000038  0.000015  1.000000  0.999987  -0.004921  0.001299  -0.001296  0.000578  0.999999  -0.004922  -0.999988  0.000572  0.000092  0.009053  
57.370186 0.006476  0.092246  -0.005465  0.991197  0.044416  0.124723  -0.126378  0.036633  0.991305  0.039460  -0.998341  0.041924  0.004700  -0.004193  -0.005313  -0.048228  -0.111708  -0.379359  2.000000  0.999984  -0.005454  0.001499  -0.001495  0.000654  0.999999  -0.005455  -0.999985  0.000646  0.999958  -0.008569  0.003241  0.008572  0.999963  -0.001194  -0.003231  0.001221  0.999994  1.000000  -0.000107  0.000040  0.000107  1.000000  -0.000015  -0.000040  0.000015  1.000000  0.999984  -0.005454  0.001499  -0.001495  0.000654  0.999999  -0.005455  -0.999985  0.000646  0.000099  0.009240  
57.371435 0.006482  0.092241  -0.005473  0.991166  0.043916  0.125148  -0.126789  0.036803  0.991247  0.038926  -0.998357  0.042046  0.004720  -0.004220  -0.005335  -0.051370  -0.133014  -0.396311  2.000000  0.999981  -0.005892  0.001669  -0.001665  0.000717  0.999998  -0.005893  -0.999982  0.000707  0.999955  -0.008827  0.003459  0.008831  0.999960  -0.001185  -0.003448  0.001215  0.999993  1.000000  -0.000110  0.000043  0.000110  1.000000  -0.000015  -0.000043  0.000015  1.000000  0.999981  -0.005892  0.001669  -0.001665  0.000717  0.999998  -0.005893  -0.999982  0.000707  0.000104  0.009556  
57.372439 0.006487  0.092238  -0.005479  0.991181  0.043533  0.125160  -0.126791  0.036974  0.991240  0.038524  -0.998368  0.042168  0.004698  -0.004255  -0.005329  -0.055902  -0.134303  -0.404006  2.000000  0.999978  -0.006333  0.001847  -0.001842  0.000779  0.999998  -0.006334  -0.999980  0.000767  0.999955  -0.008826  0.003460  0.008831  0.999960  -0.001307  -0.003448  0.001338  0.999993  1.000000  -0.000110  0.000043  0.000110  1.000000  -0.000017  -0.000043  0.000017  1.000000  0.999978  -0.006333  0.001847  -0.001842  0.000779  0.999998  -0.006334  -0.999980  0.000767  0.000107  0.009572  
57.373689 0.006493  0.092233  -0.005486  0.991170  0.043144  0.125381  -0.126997  0.037016  0.991212  0.038123  -0.998383  0.042168  0.004652  -0.004278  -0.005314  -0.055644  -0.141421  -0.408282  2.000000  0.999974  -0.006882  0.002071  -0.002065  0.000861  0.999997  -0.006884  -0.999976  0.000847  0.999955  -0.008826  0.003460  0.008831  0.999960  -0.001187  -0.003450  0.001218  0.999993  1.000000  -0.000110  0.000043  0.000110  1.000000  -0.000015  -0.000043  0.000015  1.000000  0.999974  -0.006882  0.002071  -0.002065  0.000861  0.999997  -0.006884  -0.999976  0.000847  0.000109  0.009557  
57.374939 0.006498  0.092227  -0.005494  0.991185  0.042761  0.125392  -0.126999  0.037187  0.991206  0.037722  -0.998393  0.042290  0.004579  -0.004347  -0.005459  -0.059778  -0.141258  -0.403768  2.000000  0.999970  -0.007422  0.002287  -0.002280  0.000943  0.999997  -0.007425  -0.999972  0.000926  0.999957  -0.008559  0.003450  0.008563  0.999962  -0.001310  -0.003439  0.001340  0.999993  1.000000  -0.000107  0.000043  0.000107  1.000000  -0.000017  -0.000043  0.000017  1.000000  0.999970  -0.007422  0.002287  -0.002280  0.000943  0.999997  -0.007425  -0.999972  0.000926  0.000108  0.009323  
57.376195 0.006502  0.092221  -0.005504  0.991174  0.042387  0.125608  -0.127205  0.037349  0.991173  0.037321  -0.998403  0.042412  0.004490  -0.004424  -0.005702  -0.063585  -0.148147  -0.403351  2.000000  0.999965  -0.007954  0.002498  -0.002490  0.001028  0.999996  -0.007957  -0.999968  0.001008  0.999959  -0.008425  0.003445  0.008429  0.999964  -0.001312  -0.003434  0.001341  0.999993  1.000000  -0.000105  0.000043  0.000105  1.000000  -0.000017  -0.000043  0.000017  1.000000  0.999965  -0.007954  0.002498  -0.002490  0.001028  0.999996  -0.007957  -0.999968  0.001008  0.000108  0.009198  
57.377438 0.006506  0.092214  -0.005513  0.991194  0.041872  0.125625  -0.127208  0.037538  0.991166  0.036786  -0.998418  0.042534  0.004460  -0.004517  -0.005959  -0.063665  -0.148427  -0.407940  2.000000  0.999960  -0.008483  0.002704  -0.002694  0.001114  0.999996  -0.008486  -0.999963  0.001091  0.999959  -0.008433  0.003241  0.008438  0.999963  -0.001444  -0.003229  0.001472  0.999994  1.000000  -0.000105  0.000040  0.000105  1.000000  -0.000018  -0.000040  0.000018  1.000000  0.999960  -0.008483  0.002704  -0.002694  0.001114  0.999996  -0.008486  -0.999963  0.001091  0.000109  0.009151  
57.378690 0.006511  0.092206  -0.005524  0.991187  0.041365  0.125847  -0.127414  0.037717  0.991132  0.036251  -0.998432  0.042656  0.004383  -0.004626  -0.006328  -0.063720  -0.148653  -0.412376  2.000000  0.999955  -0.009009  0.002912  -0.002901  0.001203  0.999995  -0.009013  -0.999959  0.001177  0.999959  -0.008432  0.003242  0.008437  0.999963  -0.001446  -0.003230  0.001473  0.999994  1.000000  -0.000105  0.000040  0.000105  1.000000  -0.000018  -0.000040  0.000018  1.000000  0.999955  -0.009009  0.002912  -0.002901  0.001203  0.999995  -0.009013  -0.999959  0.001177  0.000111  0.009152  
57.379935 0.006515  0.092199  -0.005534  0.991184  0.040726  0.126074  -0.127621  0.037914  0.991098  0.035583  -0.998451  0.042778  0.004311  -0.004714  -0.006598  -0.067029  -0.154698  -0.417648  2.000000  0.999951  -0.009436  0.003079  -0.003068  0.001279  0.999994  -0.009440  -0.999955  0.001250  0.999958  -0.008566  0.003249  0.008571  0.999962  -0.001569  -0.003235  0.001597  0.999993  1.000000  -0.000107  0.000041  0.000107  1.000000  -0.000020  -0.000041  0.000020  1.000000  0.999951  -0.009436  0.003079  -0.003068  0.001279  0.999994  -0.009440  -0.999955  0.001250  0.000112  0.009297  
57.381184 0.006520  0.092192  -0.005544  0.991177  0.040219  0.126296  -0.127828  0.038095  0.991065  0.035048  -0.998464  0.042900  0.004279  -0.004808  -0.006841  -0.066807  -0.161787  -0.421795  2.000000  0.999945  -0.009964  0.003285  -0.003272  0.001376  0.999994  -0.009968  -0.999949  0.001344  0.999959  -0.008432  0.003244  0.008437  0.999963  -0.001571  -0.003231  0.001598  0.999994  1.000000  -0.000105  0.000040  0.000105  1.000000  -0.000020  -0.000040  0.000020  1.000000  0.999945  -0.009964  0.003285  -0.003272  0.001376  0.999994  -0.009968  -0.999949  0.001344  0.000114  0.009172  
57.382186 0.006525  0.092187  -0.005550  0.991186  0.039969  0.126303  -0.127829  0.038249  0.991058  0.034781  -0.998469  0.043021  0.004239  -0.004811  -0.006872  -0.071176  -0.154764  -0.417581  2.000000  0.999940  -0.010382  0.003443  -0.003428  0.001457  0.999993  -0.010387  -0.999945  0.001422  0.999960  -0.008440  0.003039  0.008445  0.999963  -0.001581  -0.003025  0.001606  0.999994  1.000000  -0.000106  0.000038  0.000106  1.000000  -0.000020  -0.000038  0.000020  1.000000  0.999940  -0.010382  0.003443  -0.003428  0.001457  0.999993  -0.010387  -0.999945  0.001422  0.000114  0.009111  
57.383188 0.006529  0.092182  -0.005556  0.991169  0.039712  0.126518  -0.128034  0.038275  0.991031  0.034513  -0.998478  0.043021  0.004208  -0.004839  -0.006893  -0.067188  -0.154627  -0.413176  2.000000  0.999935  -0.010794  0.003600  -0.003584  0.001544  0.999992  -0.010799  -0.999941  0.001506  0.999962  -0.008173  0.003028  0.008178  0.999965  -0.001704  -0.003014  0.001728  0.999994  1.000000  -0.000102  0.000038  0.000102  1.000000  -0.000021  -0.000038  0.000021  1.000000  0.999935  -0.010794  0.003600  -0.003584  0.001544  0.999992  -0.010799  -0.999941  0.001506  0.000113  0.008883  
57.384435 0.006534  0.092176  -0.005564  0.991183  0.039330  0.126531  -0.128036  0.038447  0.991024  0.034112  -0.998486  0.043143  0.004166  -0.004867  -0.006884  -0.071308  -0.154493  -0.408779  2.000000  0.999929  -0.011295  0.003785  -0.003766  0.001652  0.999992  -0.011301  -0.999935  0.001609  0.999965  -0.007914  0.002812  0.007919  0.999967  -0.001714  -0.002799  0.001736  0.999995  1.000000  -0.000099  0.000035  0.000099  1.000000  -0.000022  -0.000035  0.000022  1.000000  0.999929  -0.011295  0.003785  -0.003766  0.001652  0.999992  -0.011301  -0.999935  0.001609  0.000111  0.008574  
57.385435 0.006539  0.092171  -0.005570  0.991192  0.039080  0.126537  -0.128037  0.038601  0.991018  0.033845  -0.998490  0.043265  0.004108  -0.004955  -0.006897  -0.071615  -0.147476  -0.404516  2.000000  0.999924  -0.011685  0.003926  -0.003906  0.001737  0.999991  -0.011692  -0.999930  0.001691  0.999966  -0.007780  0.002808  0.007785  0.999968  -0.001715  -0.002794  0.001737  0.999995  1.000000  -0.000097  0.000035  0.000097  1.000000  -0.000022  -0.000035  0.000022  1.000000  0.999924  -0.011685  0.003926  -0.003906  0.001737  0.999991  -0.011692  -0.999930  0.001691  0.000108  0.008449  
57.386542 0.006543  0.092167  -0.005577  0.991201  0.038830  0.126544  -0.128038  0.038755  0.991012  0.033577  -0.998494  0.043386  0.004051  -0.004940  -0.006888  -0.076339  -0.140932  -0.397740  2.000000  0.999919  -0.012071  0.004056  -0.004034  0.001822  0.999990  -0.012078  -0.999925  0.001773  0.999967  -0.007655  0.002596  0.007659  0.999969  -0.001603  -0.002584  0.001623  0.999995  1.000000  -0.000096  0.000032  0.000096  1.000000  -0.000020  -0.000032  0.000020  1.000000  0.999919  -0.012071  0.004056  -0.004034  0.001822  0.999990  -0.012078  -0.999925  0.001773  0.000107  0.008243  
57.387681 0.006547  0.092159  -0.005586  0.991188  0.038456  0.126761  -0.128244  0.038919  0.990979  0.033176  -0.998502  0.043508  0.003951  -0.005203  -0.007102  -0.075784  -0.147009  -0.391177  2.000000  0.999914  -0.012455  0.004187  -0.004163  0.001909  0.999990  -0.012463  -0.999921  0.001857  0.999967  -0.007655  0.002597  0.007659  0.999969  -0.001604  -0.002585  0.001624  0.999995  1.000000  -0.000096  0.000032  0.000096  1.000000  -0.000020  -0.000032  0.000020  1.000000  0.999914  -0.012455  0.004187  -0.004163  0.001909  0.999990  -0.012463  -0.999921  0.001857  0.000106  0.008243  
57.388686 0.006551  0.092152  -0.005594  0.991196  0.038191  0.126772  -0.128245  0.038953  0.990977  0.032909  -0.998511  0.043508  0.003870  -0.005367  -0.007230  -0.076078  -0.139941  -0.386933  2.000000  0.999908  -0.012832  0.004317  -0.004292  0.001996  0.999989  -0.012841  -0.999916  0.001940  0.999968  -0.007521  0.002593  0.007525  0.999970  -0.001605  -0.002580  0.001625  0.999995  1.000000  -0.000094  0.000032  0.000094  1.000000  -0.000020  -0.000032  0.000020  1.000000  0.999908  -0.012832  0.004317  -0.004292  0.001996  0.999989  -0.012841  -0.999916  0.001940  0.000106  0.008117  
57.389686 0.006553  0.092146  -0.005603  0.991209  0.037809  0.126785  -0.128247  0.039125  0.990970  0.032507  -0.998519  0.043630  0.003777  -0.005538  -0.007378  -0.080450  -0.132938  -0.382793  2.000000  0.999903  -0.013205  0.004437  -0.004410  0.002082  0.999988  -0.013214  -0.999911  0.002023  0.999970  -0.007396  0.002382  0.007400  0.999971  -0.001614  -0.002370  0.001632  0.999996  1.000000  -0.000092  0.000030  0.000092  1.000000  -0.000020  -0.000030  0.000020  1.000000  0.999903  -0.013205  0.004437  -0.004410  0.002082  0.999988  -0.013214  -0.999911  0.002023  0.000103  0.007938  
57.390689 0.006556  0.092139  -0.005611  0.991192  0.037568  0.126996  -0.128452  0.039272  0.990938  0.032240  -0.998522  0.043751  0.003707  -0.005639  -0.007412  -0.080484  -0.132587  -0.373806  2.000000  0.999898  -0.013568  0.004554  -0.004525  0.002166  0.999987  -0.013578  -0.999906  0.002104  0.999972  -0.007128  0.002371  0.007132  0.999973  -0.001737  -0.002359  0.001754  0.999996  1.000000  -0.000089  0.000030  0.000089  1.000000  -0.000022  -0.000030  0.000022  1.000000  0.999898  -0.013568  0.004554  -0.004525  0.002166  0.999987  -0.013578  -0.999906  0.002104  0.000101  0.007712  
57.391938 0.006560  0.092132  -0.005621  0.991200  0.037318  0.127003  -0.128453  0.039426  0.990932  0.031972  -0.998525  0.043873  0.003659  -0.005672  -0.007450  -0.085562  -0.126257  -0.363795  2.000000  0.999891  -0.014002  0.004690  -0.004659  0.002273  0.999987  -0.014013  -0.999899  0.002208  0.999974  -0.006879  0.001950  0.006882  0.999975  -0.001754  -0.001937  0.001768  0.999997  1.000000  -0.000086  0.000024  0.000086  1.000000  -0.000022  -0.000024  0.000022  1.000000  0.999891  -0.014002  0.004690  -0.004659  0.002273  0.999987  -0.014013  -0.999899  0.002208  0.000100  0.007363  
57.393192 0.006563  0.092124  -0.005632  0.991209  0.037069  0.127010  -0.128454  0.039581  0.990925  0.031705  -0.998529  0.043994  0.003605  -0.005671  -0.007446  -0.086837  -0.112830  -0.353784  2.000000  0.999884  -0.014422  0.004810  -0.004776  0.002382  0.999986  -0.014433  -0.999893  0.002313  0.999977  -0.006620  0.001733  0.006623  0.999977  -0.001763  -0.001721  0.001775  0.999997  1.000000  -0.000083  0.000022  0.000083  1.000000  -0.000022  -0.000022  0.000022  1.000000  0.999884  -0.014422  0.004810  -0.004776  0.002382  0.999986  -0.014433  -0.999893  0.002313  0.000097  0.007068  
57.394443 0.006566  0.092117  -0.005642  0.991217  0.036819  0.127018  -0.128455  0.039735  0.990919  0.031438  -0.998532  0.044116  0.003500  -0.005671  -0.007442  -0.086125  -0.111714  -0.346244  2.000000  0.999878  -0.014832  0.004920  -0.004883  0.002493  0.999985  -0.014844  -0.999887  0.002420  0.999977  -0.006486  0.001727  0.006489  0.999978  -0.001643  -0.001717  0.001654  0.999997  1.000000  -0.000081  0.000022  0.000081  1.000000  -0.000021  -0.000022  0.000021  1.000000  0.999878  -0.014832  0.004920  -0.004883  0.002493  0.999985  -0.014844  -0.999887  0.002420  0.000094  0.006912  
57.395443 0.006569  0.092111  -0.005650  0.991225  0.036554  0.127029  -0.128456  0.039770  0.990917  0.031170  -0.998540  0.044116  0.003437  -0.005643  -0.007446  -0.082338  -0.104844  -0.346585  2.000000  0.999874  -0.015075  0.004985  -0.004947  0.002561  0.999984  -0.015087  -0.999883  0.002486  0.999977  -0.006486  0.001728  0.006489  0.999977  -0.001764  -0.001717  0.001775  0.999997  1.000000  -0.000081  0.000022  0.000081  1.000000  -0.000022  -0.000022  0.000022  1.000000  0.999874  -0.015075  0.004985  -0.004947  0.002561  0.999984  -0.015087  -0.999883  0.002486  0.000092  0.006942  
57.396683 0.006573  0.092105  -0.005661  0.991229  0.036437  0.127031  -0.128457  0.039907  0.990912  0.031036  -0.998539  0.044238  0.003326  -0.005637  -0.007594  -0.085982  -0.096776  -0.335136  2.000000  0.999867  -0.015473  0.005087  -0.005046  0.002674  0.999984  -0.015486  -0.999877  0.002595  0.999979  -0.006361  0.001517  0.006364  0.999978  -0.001772  -0.001506  0.001782  0.999997  1.000000  -0.000080  0.000019  0.000080  1.000000  -0.000022  -0.000019  0.000022  1.000000  0.999867  -0.015473  0.005087  -0.005046  0.002674  0.999984  -0.015486  -0.999877  0.002595  0.000091  0.006777  
57.397686 0.006575  0.092100  -0.005670  0.991238  0.036187  0.127038  -0.128458  0.040062  0.990905  0.030769  -0.998542  0.044359  0.003195  -0.005657  -0.007790  -0.082655  -0.097058  -0.324410  2.000000  0.999862  -0.015781  0.005163  -0.005120  0.002766  0.999983  -0.015795  -0.999872  0.002684  0.999980  -0.006094  0.001506  0.006097  0.999980  -0.001894  -0.001495  0.001903  0.999997  1.000000  -0.000076  0.000019  0.000076  1.000000  -0.000024  -0.000019  0.000024  1.000000  0.999862  -0.015781  0.005163  -0.005120  0.002766  0.999983  -0.015795  -0.999872  0.002684  0.000087  0.006558  
57.398936 0.006579  0.092093  -0.005681  0.991242  0.036070  0.127040  -0.128459  0.040199  0.990900  0.030635  -0.998540  0.044480  0.003090  -0.005686  -0.008057  -0.083179  -0.082705  -0.311546  2.000000  0.999856  -0.016150  0.005251  -0.005205  0.002879  0.999982  -0.016165  -0.999865  0.002794  0.999982  -0.005836  0.001289  0.005838  0.999981  -0.001781  -0.001279  0.001789  0.999998  1.000000  -0.000073  0.000016  0.000073  1.000000  -0.000022  -0.000016  0.000022  1.000000  0.999856  -0.016150  0.005251  -0.005205  0.002879  0.999982  -0.016165  -0.999865  0.002794  0.000084  0.006237  
57.399936 0.006582  0.092088  -0.005691  0.991246  0.035938  0.127045  -0.128459  0.040216  0.990899  0.030501  -0.998545  0.044481  0.002985  -0.005713  -0.008322  -0.083199  -0.082118  -0.298052  2.000000  0.999851  -0.016426  0.005310  -0.005262  0.002970  0.999982  -0.016442  -0.999861  0.002883  0.999985  -0.005310  0.001060  0.005312  0.999984  -0.001789  -0.001051  0.001795  0.999998  1.000000  -0.000066  0.000013  0.000066  1.000000  -0.000022  -0.000013  0.000022  1.000000  0.999851  -0.016426  0.005310  -0.005262  0.002970  0.999982  -0.016442  -0.999861  0.002883  0.000081  0.005704  
57.401185 0.006585  0.092082  -0.005702  0.991250  0.035821  0.127047  -0.128460  0.040354  0.990893  0.030368  -0.998543  0.044602  0.002876  -0.005704  -0.008496  -0.083704  -0.067754  -0.285170  2.000000  0.999846  -0.016683  0.005362  -0.005311  0.003059  0.999981  -0.016699  -0.999856  0.002970  0.999988  -0.004918  0.000838  0.004920  0.999986  -0.001797  -0.000829  0.001801  0.999998  1.000000  0.000000  0.000000  0.000000  1.000000  0.000000  0.000000  0.000000  1.000000  0.999846  -0.016683  0.005362  -0.005311  0.003059  0.999981  -0.016699  -0.999856  0.002970  0.000078  0.000000  
57.402185 0.006588  0.092077  -0.005712  0.991254  0.035704  0.127049  -0.128460  0.040491  0.990888  0.030234  -0.998542  0.044723  0.002808  -0.005670  -0.008649  -0.083029  -0.067040  -0.278370  2.000000  0.999846  -0.016683  0.005362  -0.005311  0.003059  0.999981  -0.016699  -0.999856  0.002970  0.999989  -0.004651  0.000826  0.004652  0.999988  -0.001797  -0.000818  0.001801  0.999998  1.000000  0.000000  0.000000  0.000000  1.000000  0.000000  0.000000  0.000000  1.000000  0.999846  -0.016683  0.005362  -0.005311  0.003059  0.999981  -0.016699  -0.999856  0.002970  0.000075  0.000000  
57.403187 0.006590  0.092071  -0.005720  0.991258  0.035586  0.127050  -0.128461  0.040628  0.990882  0.030100  -0.998540  0.044845  0.002752  -0.005625  -0.008702  -0.087316  -0.059811  -0.269731  2.000000  0.999846  -0.016683  0.005362  -0.005311  0.003059  0.999981  -0.016699  -0.999856  0.002970  0.999990  -0.004526  0.000615  0.004527  0.999988  -0.001805  -0.000607  0.001807  0.999998  1.000000  0.000000  0.000000  0.000000  1.000000  0.000000  0.000000  0.000000  1.000000  0.999846  -0.016683  0.005362  -0.005311  0.003059  0.999981  -0.016699  -0.999856  0.002970  0.000073  0.000000  
57.404430 0.006594  0.092065  -0.005730  0.991262  0.035469  0.127052  -0.128461  0.040766  0.990876  0.029966  -0.998539  0.044966  0.002725  -0.005497  -0.008661  -0.087348  -0.059468  -0.260871  2.000000  0.999846  -0.016683  0.005362  -0.005311  0.003059  0.999981  -0.016699  -0.999856  0.002970  0.999990  -0.004392  0.000610  0.004393  0.999989  -0.001805  -0.000602  0.001808  0.999998  1.000000  0.000000  0.000000  0.000000  1.000000  0.000000  0.000000  0.000000  1.000000  0.999846  -0.016683  0.005362  -0.005311  0.003059  0.999981  -0.016699  -0.999856  0.002970  0.000071  0.000000  
57.405445 0.006596  0.092059  -0.005738  0.991266  0.035352  0.127054  -0.128462  0.040903  0.990871  0.029833  -0.998538  0.045087  0.002698  -0.005438  -0.008646  -0.088284  -0.052668  -0.254242  2.000000  0.999846  -0.016683  0.005362  -0.005311  0.003059  0.999981  -0.016699  -0.999856  0.002970  0.999991  -0.004125  0.000598  0.004126  0.999990  -0.001926  -0.000590  0.001929  0.999998  1.000000  0.000000  0.000000  0.000000  1.000000  0.000000  0.000000  0.000000  1.000000  0.999846  -0.016683  0.005362  -0.005311  0.003059  0.999981  -0.016699  -0.999856  0.002970  0.000069  0.000000  
57.406688 0.006600  0.092053  -0.005748  0.991266  0.035368  0.127049  -0.128462  0.041023  0.990866  0.029833  -0.998532  0.045208  0.002700  -0.005360  -0.008617  -0.092381  -0.052100  -0.240794  2.000000  0.999846  -0.016683  0.005362  -0.005311  0.003059  0.999981  -0.016699  -0.999856  0.002970  0.999992  -0.003858  0.000587  0.003859  0.999991  -0.001927  -0.000579  0.001929  0.999998  1.000000  0.000000  0.000000  0.000000  1.000000  0.000000  0.000000  0.000000  1.000000  0.999846  -0.016683  0.005362  -0.005311  0.003059  0.999981  -0.016699  -0.999856  0.002970  0.000066  0.000000  
