1-Time 2-Px 3-Py 4-Pz 5-R11 6-R21 7-R31 8-R12 9-R22 10-R32 11-R13 12-R23 13-R33 14-Vx 15-Vy 16-Vz 17-Wx 18-Wy 19-Wz 20-state 21-PR11 22-PR21 23-PR31 24-PR12 25-PR22 26-PR32 27-PR13 28-PR23 29-PR33 
160.080926 0.014835  0.095793  -0.010141  0.999601  0.009222  0.026710  -0.027171  0.054084  0.998167  0.007760  -0.998494  0.054313  -0.002806  0.000668  0.007536  0.169558  0.034763  0.006955  2.000000  1.000000  0.000000  0.000000  0.000000  -0.000000  1.000000  0.000000  -1.000000  -0.000000  1.000000  0.000100  -0.000624  -0.000098  0.999994  0.003392  0.000624  -0.003392  0.999994  1.000000  0.000000  0.000000  0.000000  1.000000  0.000000  0.000000  0.000000  1.000000  0.629875  0.406922  0.661567  -0.669792  -0.146668  0.727920  0.393237  -0.901611  0.180171  0.000043  0.000000  
160.081935 0.014832  0.095795  -0.010133  0.999601  0.009218  0.026711  -0.027171  0.053963  0.998173  0.007760  -0.998500  0.054192  -0.002859  0.000705  0.007638  0.170966  0.035051  0.007017  2.000000  1.000000  0.000000  0.000000  0.000000  -0.000000  1.000000  0.000000  -1.000000  -0.000000  1.000000  0.000100  -0.000624  -0.000098  0.999994  0.003513  0.000624  -0.003513  0.999994  1.000000  0.000000  0.000000  0.000000  1.000000  0.000000  0.000000  0.000000  1.000000  1.000000  0.000000  0.000000  0.000000  -0.000000  1.000000  0.000000  -1.000000  -0.000000  0.000044  0.000000  
160.082940 0.014831  0.095795  -0.010126  0.999602  0.009082  0.026720  -0.027171  0.053845  0.998180  0.007626  -0.998508  0.054071  -0.002749  0.000704  0.007625  0.171460  0.034896  0.002538  2.000000  1.000000  0.000000  0.000000  0.000000  -0.000000  1.000000  0.000000  -1.000000  -0.000000  1.000000  0.000100  -0.000624  -0.000098  0.999994  0.003392  0.000624  -0.003392  0.999994  1.000000  0.000000  0.000000  0.000000  1.000000  0.000000  0.000000  0.000000  1.000000  1.000000  0.000000  0.000000  0.000000  -0.000000  1.000000  0.000000  -1.000000  -0.000000  0.000044  0.000000  
160.084184 0.014830  0.095795  -0.010119  0.999603  0.008945  0.026728  -0.027171  0.053728  0.998186  0.007493  -0.998516  0.053949  -0.002592  0.000665  0.007513  0.000000  0.000000  0.000000  2.000000  1.000000  0.000000  0.000000  0.000000  -0.000000  1.000000  0.000000  -1.000000  -0.000000  1.000000  -0.000033  -0.000617  0.000035  0.999995  0.003270  0.000617  -0.003270  0.999994  1.000000  0.000000  0.000000  0.000000  1.000000  0.000000  0.000000  0.000000  1.000000  1.000000  0.000000  0.000000  0.000000  -0.000000  1.000000  0.000000  -1.000000  -0.000000  0.000043  0.000000  
160.085434 0.014830  0.095796  -0.010112  0.999603  0.008942  0.026729  -0.027171  0.053607  0.998192  0.007493  -0.998522  0.053828  -0.002360  0.000683  0.007407  0.000000  0.000000  0.000000  2.000000  1.000000  0.000000  0.000000  0.000000  -0.000000  1.000000  0.000000  -1.000000  -0.000000  1.000000  -0.000167  -0.000609  0.000169  0.999995  0.003149  0.000609  -0.003149  0.999995  1.000000  0.000000  0.000000  0.000000  1.000000  0.000000  0.000000  0.000000  1.000000  1.000000  0.000000  0.000000  0.000000  -0.000000  1.000000  0.000000  -1.000000  -0.000000  0.000000  0.000000  
160.086436 0.014832  0.095797  -0.010106  0.999604  0.008805  0.026737  -0.027171  0.053489  0.998199  0.007359  -0.998530  0.053707  -0.002116  0.000673  0.007308  0.000000  0.000000  0.000000  2.000000  1.000000  0.000000  0.000000  0.000000  -0.000000  1.000000  0.000000  -1.000000  -0.000000  1.000000  -0.000300  -0.000602  0.000302  0.999995  0.003149  0.000601  -0.003149  0.999995  1.000000  0.000000  0.000000  0.000000  1.000000  0.000000  0.000000  0.000000  1.000000  1.000000  0.000000  0.000000  0.000000  -0.000000  1.000000  0.000000  -1.000000  -0.000000  0.000000  0.000000  
160.087684 0.014834  0.095798  -0.010100  0.999604  0.008802  0.026738  -0.027171  0.053368  0.998205  0.007359  -0.998536  0.053586  -0.001663  0.000713  0.007135  0.000000  0.000000  0.000000  2.000000  1.000000  0.000000  0.000000  0.000000  -0.000000  1.000000  0.000000  -1.000000  -0.000000  1.000000  -0.000289  -0.000397  0.000290  0.999995  0.003029  0.000396  -0.003029  0.999995  1.000000  0.000000  0.000000  0.000000  1.000000  0.000000  0.000000  0.000000  1.000000  1.000000  0.000000  0.000000  0.000000  -0.000000  1.000000  0.000000  -1.000000  -0.000000  0.000000  0.000000  
160.088934 0.014838  0.095799  -0.010093  0.999610  0.008651  0.026542  -0.026965  0.053131  0.998223  0.007225  -0.998550  0.053344  -0.001198  0.000748  0.006923  0.000000  0.000000  0.000000  2.000000  1.000000  0.000000  0.000000  0.000000  -0.000000  1.000000  0.000000  -1.000000  -0.000000  1.000000  -0.000567  -0.000588  0.000569  0.999996  0.002906  0.000586  -0.002907  0.999996  1.000000  0.000000  0.000000  0.000000  1.000000  0.000000  0.000000  0.000000  1.000000  1.000000  0.000000  0.000000  0.000000  -0.000000  1.000000  0.000000  -1.000000  -0.000000  0.000000  0.000000  
160.090186 0.014841  0.095800  -0.010088  0.999610  0.008647  0.026543  -0.026965  0.053010  0.998230  0.007225  -0.998557  0.053223  -0.000719  0.000669  0.006682  0.000000  0.000000  0.000000  2.000000  1.000000  0.000000  0.000000  0.000000  -0.000000  1.000000  0.000000  -1.000000  -0.000000  1.000000  -0.000567  -0.000588  0.000569  0.999996  0.002785  0.000587  -0.002785  0.999996  1.000000  0.000000  0.000000  0.000000  1.000000  0.000000  0.000000  0.000000  1.000000  1.000000  0.000000  0.000000  0.000000  -0.000000  1.000000  0.000000  -1.000000  -0.000000  0.000000  0.000000  
160.091433 0.014845  0.095799  -0.010083  0.999611  0.008514  0.026550  -0.026965  0.053014  0.998230  0.007091  -0.998557  0.053223  -0.000256  0.000578  0.006330  0.000000  0.000000  0.000000  2.000000  1.000000  0.000000  0.000000  0.000000  -0.000000  1.000000  0.000000  -1.000000  -0.000000  1.000000  -0.000567  -0.000588  0.000569  0.999996  0.002785  0.000587  -0.002785  0.999996  1.000000  0.000000  0.000000  0.000000  1.000000  0.000000  0.000000  0.000000  1.000000  1.000000  0.000000  0.000000  0.000000  -0.000000  1.000000  0.000000  -1.000000  -0.000000  0.000000  0.000000  
160.092478 0.014847  0.095798  -0.010078  0.999611  0.008511  0.026551  -0.026965  0.052893  0.998236  0.007091  -0.998564  0.053102  0.000127  0.000494  0.006041  0.000000  0.000000  0.000000  2.000000  1.000000  0.000000  0.000000  0.000000  -0.000000  1.000000  0.000000  -1.000000  -0.000000  1.000000  -0.000701  -0.000581  0.000702  0.999996  0.002664  0.000579  -0.002664  0.999996  1.000000  0.000000  0.000000  0.000000  1.000000  0.000000  0.000000  0.000000  1.000000  1.000000  0.000000  0.000000  0.000000  -0.000000  1.000000  0.000000  -1.000000  -0.000000  0.000000  0.000000  
160.093679 0.014852  0.095798  -0.010074  0.999618  0.008363  0.026354  -0.026759  0.052777  0.998248  0.006957  -0.998571  0.052981  0.000687  0.000408  0.005738  0.000000  0.000000  0.000000  2.000000  1.000000  0.000000  0.000000  0.000000  -0.000000  1.000000  0.000000  -1.000000  -0.000000  0.999999  -0.000834  -0.000574  0.000836  0.999996  0.002664  0.000572  -0.002664  0.999996  1.000000  0.000000  0.000000  0.000000  1.000000  0.000000  0.000000  0.000000  1.000000  1.000000  0.000000  0.000000  0.000000  -0.000000  1.000000  0.000000  -1.000000  -0.000000  0.000000  0.000000  
160.094681 0.014855  0.095797  -0.010071  0.999619  0.008229  0.026361  -0.026759  0.052781  0.998248  0.006824  -0.998572  0.052981  0.001119  0.000287  0.005362  0.000000  0.000000  0.000000  2.000000  1.000000  0.000000  0.000000  0.000000  -0.000000  1.000000  0.000000  -1.000000  -0.000000  0.999999  -0.000968  -0.000567  0.000969  0.999996  0.002542  0.000565  -0.002543  0.999997  1.000000  0.000000  0.000000  0.000000  1.000000  0.000000  0.000000  0.000000  1.000000  1.000000  0.000000  0.000000  0.000000  -0.000000  1.000000  0.000000  -1.000000  -0.000000  0.000000  0.000000  
160.095682 0.014859  0.095797  -0.010067  0.999620  0.008096  0.026368  -0.026759  0.052784  0.998247  0.006690  -0.998573  0.052981  0.001615  0.000250  0.004985  0.000000  0.000000  0.000000  2.000000  1.000000  0.000000  0.000000  0.000000  -0.000000  1.000000  0.000000  -1.000000  -0.000000  0.999999  -0.001102  -0.000560  0.001103  0.999997  0.002300  0.000557  -0.002300  0.999997  1.000000  0.000000  0.000000  0.000000  1.000000  0.000000  0.000000  0.000000  1.000000  1.000000  0.000000  0.000000  0.000000  -0.000000  1.000000  0.000000  -1.000000  -0.000000  0.000000  0.000000  
160.096932 0.014864  0.095797  -0.010064  0.999620  0.008096  0.026368  -0.026759  0.052784  0.998247  0.006690  -0.998573  0.052981  0.002129  0.000187  0.004578  0.000000  0.000000  0.000000  2.000000  1.000000  0.000000  0.000000  0.000000  -0.000000  1.000000  0.000000  -1.000000  -0.000000  0.999999  -0.001102  -0.000560  0.001103  0.999997  0.002179  0.000558  -0.002179  0.999997  1.000000  0.000000  0.000000  0.000000  1.000000  0.000000  0.000000  0.000000  1.000000  1.000000  0.000000  0.000000  0.000000  -0.000000  1.000000  0.000000  -1.000000  -0.000000  0.000000  0.000000  
160.097933 0.014869  0.095798  -0.010062  0.999626  0.007951  0.026170  -0.026554  0.052789  0.998253  0.006556  -0.998574  0.052981  0.002536  0.000245  0.004327  0.000000  0.000000  0.000000  2.000000  1.000000  0.000000  0.000000  0.000000  -0.000000  1.000000  0.000000  -1.000000  -0.000000  0.999999  -0.001235  -0.000553  0.001236  0.999997  0.001936  0.000551  -0.001937  0.999998  1.000000  0.000000  0.000000  0.000000  1.000000  0.000000  0.000000  0.000000  1.000000  1.000000  0.000000  0.000000  0.000000  -0.000000  1.000000  0.000000  -1.000000  -0.000000  0.000000  0.000000  
160.098937 0.014874  0.095800  -0.010059  0.999626  0.007951  0.026170  -0.026554  0.052789  0.998253  0.006556  -0.998574  0.052981  0.002972  0.000273  0.004081  0.000000  0.000000  0.000000  2.000000  1.000000  0.000000  0.000000  0.000000  -0.000000  1.000000  0.000000  -1.000000  -0.000000  0.999999  -0.001235  -0.000553  0.001236  0.999998  0.001815  0.000551  -0.001815  0.999998  1.000000  0.000000  0.000000  0.000000  1.000000  0.000000  0.000000  0.000000  1.000000  1.000000  0.000000  0.000000  0.000000  -0.000000  1.000000  0.000000  -1.000000  -0.000000  0.000000  0.000000  
160.100183 0.014880  0.095801  -0.010056  0.999627  0.007821  0.026176  -0.026554  0.052914  0.998246  0.006422  -0.998568  0.053102  0.003305  0.000334  0.003837  0.000000  0.000000  0.000000  2.000000  1.000000  0.000000  0.000000  0.000000  -0.000000  1.000000  0.000000  -1.000000  -0.000000  0.999999  -0.001369  -0.000546  0.001370  0.999998  0.001451  0.000544  -0.001452  0.999999  1.000000  0.000000  0.000000  0.000000  1.000000  0.000000  0.000000  0.000000  1.000000  1.000000  0.000000  0.000000  0.000000  -0.000000  1.000000  0.000000  -1.000000  -0.000000  0.000000  0.000000  
160.101435 0.014886  0.095803  -0.010053  0.999628  0.007688  0.026183  -0.026554  0.052918  0.998246  0.006288  -0.998569  0.053102  0.003659  0.000416  0.003543  0.000000  0.000000  0.000000  2.000000  1.000000  0.000000  0.000000  0.000000  -0.000000  1.000000  0.000000  -1.000000  -0.000000  0.999999  -0.001369  -0.000546  0.001370  0.999998  0.001330  0.000544  -0.001330  0.999999  1.000000  0.000000  0.000000  0.000000  1.000000  0.000000  0.000000  0.000000  1.000000  1.000000  0.000000  0.000000  0.000000  -0.000000  1.000000  0.000000  -1.000000  -0.000000  0.000000  0.000000  
160.102436 0.014892  0.095804  -0.010052  0.999628  0.007691  0.026182  -0.026554  0.053039  0.998239  0.006288  -0.998563  0.053223  0.003878  0.000415  0.003242  0.000000  0.000000  0.000000  2.000000  1.000000  0.000000  0.000000  0.000000  -0.000000  1.000000  0.000000  -1.000000  -0.000000  0.999999  -0.001503  -0.000538  0.001503  0.999998  0.000966  0.000537  -0.000966  0.999999  1.000000  0.000000  0.000000  0.000000  1.000000  0.000000  0.000000  0.000000  1.000000  1.000000  0.000000  0.000000  0.000000  -0.000000  1.000000  0.000000  -1.000000  -0.000000  0.000000  0.000000  
160.103705 0.014898  0.095806  -0.010051  0.999628  0.007560  0.026188  -0.026554  0.053163  0.998233  0.006155  -0.998557  0.053344  0.004051  0.000464  0.002892  0.000000  0.000000  0.000000  2.000000  1.000000  0.000000  0.000000  0.000000  -0.000000  1.000000  0.000000  -1.000000  -0.000000  0.999999  -0.001369  -0.000546  0.001369  0.999999  0.000844  0.000544  -0.000845  0.999999  1.000000  0.000000  0.000000  0.000000  1.000000  0.000000  0.000000  0.000000  1.000000  1.000000  0.000000  0.000000  0.000000  -0.000000  1.000000  0.000000  -1.000000  -0.000000  0.000000  0.000000  
160.104936 0.014903  0.095807  -0.010050  0.999634  0.007549  0.025983  -0.026348  0.053165  0.998238  0.006155  -0.998557  0.053344  0.004193  0.000510  0.002515  0.000000  0.000000  0.000000  2.000000  1.000000  0.000000  0.000000  0.000000  -0.000000  1.000000  0.000000  -1.000000  -0.000000  0.999999  -0.001503  -0.000538  0.001503  0.999999  0.000602  0.000537  -0.000603  1.000000  1.000000  0.000000  0.000000  0.000000  1.000000  0.000000  0.000000  0.000000  1.000000  1.000000  0.000000  0.000000  0.000000  -0.000000  1.000000  0.000000  -1.000000  -0.000000  0.000000  0.000000  
160.106183 0.014908  0.095807  -0.010051  0.999635  0.007419  0.025989  -0.026348  0.053289  0.998231  0.006021  -0.998552  0.053466  0.004242  0.000528  0.002184  0.000000  0.000000  0.000000  2.000000  1.000000  0.000000  0.000000  0.000000  -0.000000  1.000000  0.000000  -1.000000  -0.000000  0.999999  -0.001380  -0.000751  0.001380  0.999999  0.000358  0.000750  -0.000359  1.000000  1.000000  0.000000  0.000000  0.000000  1.000000  0.000000  0.000000  0.000000  1.000000  1.000000  0.000000  0.000000  0.000000  -0.000000  1.000000  0.000000  -1.000000  -0.000000  0.000000  0.000000  
160.107432 0.014912  0.095806  -0.010050  0.999635  0.007422  0.025988  -0.026348  0.053411  0.998225  0.006021  -0.998545  0.053587  0.004291  0.000526  0.001883  0.000000  0.000000  0.000000  2.000000  1.000000  0.000000  0.000000  0.000000  -0.000000  1.000000  0.000000  -1.000000  -0.000000  0.999999  -0.001380  -0.000751  0.001380  0.999999  0.000115  0.000750  -0.000116  1.000000  1.000000  0.000000  0.000000  0.000000  1.000000  0.000000  0.000000  0.000000  1.000000  1.000000  0.000000  0.000000  0.000000  -0.000000  1.000000  0.000000  -1.000000  -0.000000  0.000000  0.000000  
160.108683 0.014916  0.095806  -0.010050  0.999629  0.007433  0.026194  -0.026554  0.053409  0.998220  0.006021  -0.998545  0.053587  0.004291  0.000550  0.001520  0.000000  0.000000  0.000000  2.000000  1.000000  0.000000  0.000000  0.000000  -0.000000  1.000000  0.000000  -1.000000  -0.000000  0.999999  -0.001369  -0.000545  0.001369  0.999999  -0.000005  0.000545  0.000004  1.000000  1.000000  0.000000  0.000000  0.000000  1.000000  0.000000  0.000000  0.000000  1.000000  1.000000  0.000000  0.000000  0.000000  -0.000000  1.000000  0.000000  -1.000000  -0.000000  0.000000  0.000000  
160.109932 0.014920  0.095805  -0.010050  0.999629  0.007436  0.026193  -0.026554  0.053530  0.998213  0.006021  -0.998539  0.053708  0.004247  0.000555  0.001289  0.000000  0.000000  0.000000  2.000000  1.000000  0.000000  0.000000  0.000000  -0.000000  1.000000  0.000000  -1.000000  -0.000000  0.999999  -0.001225  -0.000346  0.001224  0.999999  -0.000367  0.000347  0.000366  1.000000  1.000000  0.000000  0.000000  0.000000  1.000000  0.000000  0.000000  0.000000  1.000000  1.000000  0.000000  0.000000  0.000000  -0.000000  1.000000  0.000000  -1.000000  -0.000000  0.000000  0.000000  
160.110934 0.014923  0.095806  -0.010049  0.999629  0.007439  0.026192  -0.026554  0.053651  0.998207  0.006021  -0.998532  0.053829  0.004177  0.000567  0.001134  0.000000  0.000000  0.000000  2.000000  1.000000  0.000000  0.000000  0.000000  -0.000000  1.000000  0.000000  -1.000000  -0.000000  0.999999  -0.001225  -0.000346  0.001224  0.999999  -0.000609  0.000347  0.000609  1.000000  1.000000  0.000000  0.000000  0.000000  1.000000  0.000000  0.000000  0.000000  1.000000  1.000000  0.000000  0.000000  0.000000  -0.000000  1.000000  0.000000  -1.000000  -0.000000  0.000000  0.000000  
160.112181 0.014926  0.095805  -0.010048  0.999629  0.007443  0.026191  -0.026554  0.053772  0.998200  0.006021  -0.998525  0.053950  0.004047  0.000498  0.001071  0.000000  0.000000  0.000000  2.000000  1.000000  0.000000  0.000000  0.000000  -0.000000  1.000000  0.000000  -1.000000  -0.000000  0.999999  -0.001091  -0.000354  0.001091  0.999999  -0.000609  0.000354  0.000609  1.000000  1.000000  0.000000  0.000000  0.000000  1.000000  0.000000  0.000000  0.000000  1.000000  1.000000  0.000000  0.000000  0.000000  -0.000000  1.000000  0.000000  -1.000000  -0.000000  0.000000  0.000000  
160.113182 0.014930  0.095805  -0.010046  0.999629  0.007443  0.026191  -0.026554  0.053772  0.998200  0.006021  -0.998525  0.053950  0.003949  0.000435  0.000993  0.000000  0.000000  0.000000  2.000000  1.000000  0.000000  0.000000  0.000000  -0.000000  1.000000  0.000000  -1.000000  -0.000000  0.999999  -0.001091  -0.000353  0.001091  0.999999  -0.000852  0.000354  0.000852  1.000000  1.000000  0.000000  0.000000  0.000000  1.000000  0.000000  0.000000  0.000000  1.000000  1.000000  0.000000  0.000000  0.000000  -0.000000  1.000000  0.000000  -1.000000  -0.000000  0.000000  0.000000  
160.114184 0.014933  0.095805  -0.010045  0.999629  0.007446  0.026190  -0.026554  0.053893  0.998194  0.006021  -0.998519  0.054071  0.003856  0.000368  0.000877  0.000000  0.000000  0.000000  2.000000  1.000000  0.000000  0.000000  0.000000  -0.000000  1.000000  0.000000  -1.000000  -0.000000  1.000000  -0.000946  -0.000155  0.000946  0.999999  -0.001093  0.000156  0.001093  0.999999  1.000000  0.000000  0.000000  0.000000  1.000000  0.000000  0.000000  0.000000  1.000000  1.000000  0.000000  0.000000  0.000000  -0.000000  1.000000  0.000000  -1.000000  -0.000000  0.000000  0.000000  
160.115440 0.014938  0.095806  -0.010042  0.999629  0.007449  0.026189  -0.026554  0.054014  0.998187  0.006021  -0.998512  0.054192  0.003756  0.000287  0.000864  0.000000  0.000000  0.000000  2.000000  1.000000  0.000000  0.000000  0.000000  -0.000000  1.000000  0.000000  -1.000000  -0.000000  1.000000  -0.000813  -0.000162  0.000813  0.999999  -0.001214  0.000163  0.001214  0.999999  1.000000  0.000000  0.000000  0.000000  1.000000  0.000000  0.000000  0.000000  1.000000  1.000000  0.000000  0.000000  0.000000  -0.000000  1.000000  0.000000  -1.000000  -0.000000  0.000000  0.000000  
160.116688 0.014942  0.095806  -0.010040  0.999624  0.007467  0.026393  -0.026760  0.054255  0.998168  0.006021  -0.998499  0.054434  0.003596  0.000200  0.000838  0.000000  0.000000  0.000000  2.000000  1.000000  0.000000  0.000000  0.000000  -0.000000  1.000000  0.000000  -1.000000  -0.000000  1.000000  -0.000668  0.000036  0.000668  0.999999  -0.001334  -0.000035  0.001334  0.999999  1.000000  0.000000  0.000000  0.000000  1.000000  0.000000  0.000000  0.000000  1.000000  1.000000  0.000000  0.000000  0.000000  -0.000000  1.000000  0.000000  -1.000000  -0.000000  0.000000  0.000000  
160.117935 0.014946  0.095806  -0.010038  0.999624  0.007470  0.026392  -0.026760  0.054376  0.998162  0.006021  -0.998493  0.054556  0.003416  0.000010  0.000899  0.000000  0.000000  0.000000  2.000000  1.000000  0.000000  0.000000  0.000000  -0.000000  1.000000  0.000000  -1.000000  -0.000000  1.000000  -0.000534  0.000029  0.000534  0.999999  -0.001577  -0.000028  0.001577  0.999999  1.000000  0.000000  0.000000  0.000000  1.000000  0.000000  0.000000  0.000000  1.000000  1.000000  0.000000  0.000000  0.000000  -0.000000  1.000000  0.000000  -1.000000  -0.000000  0.000000  0.000000  
160.119187 0.014949  0.095806  -0.010035  0.999624  0.007473  0.026391  -0.026760  0.054497  0.998155  0.006021  -0.998486  0.054677  0.003260  -0.000062  0.001000  0.000000  0.000000  0.000000  2.000000  1.000000  0.000000  0.000000  0.000000  -0.000000  1.000000  0.000000  -1.000000  -0.000000  1.000000  -0.000523  0.000235  0.000524  0.999998  -0.001697  -0.000234  0.001697  0.999999  1.000000  0.000000  0.000000  0.000000  1.000000  0.000000  0.000000  0.000000  1.000000  1.000000  0.000000  0.000000  0.000000  -0.000000  1.000000  0.000000  -1.000000  -0.000000  0.000000  0.000000  
160.120435 0.014952  0.095805  -0.010032  0.999618  0.007487  0.026596  -0.026965  0.054617  0.998143  0.006021  -0.998479  0.054798  0.003119  -0.000122  0.001227  0.000000  0.000000  0.000000  2.000000  1.000000  0.000000  0.000000  0.000000  -0.000000  1.000000  0.000000  -1.000000  -0.000000  1.000000  -0.000378  0.000433  0.000379  0.999998  -0.001696  -0.000432  0.001696  0.999998  1.000000  0.000000  0.000000  0.000000  1.000000  0.000000  0.000000  0.000000  1.000000  1.000000  0.000000  0.000000  0.000000  -0.000000  1.000000  0.000000  -1.000000  -0.000000  0.000000  0.000000  
160.121686 0.014954  0.095804  -0.010028  0.999617  0.007624  0.026587  -0.026965  0.054734  0.998137  0.006155  -0.998472  0.054919  0.002976  -0.000184  0.001485  0.000000  0.000000  0.000000  2.000000  1.000000  0.000000  0.000000  0.000000  -0.000000  1.000000  0.000000  -1.000000  -0.000000  1.000000  -0.000378  0.000433  0.000379  0.999998  -0.001817  -0.000432  0.001817  0.999998  1.000000  0.000000  0.000000  0.000000  1.000000  0.000000  0.000000  0.000000  1.000000  1.000000  0.000000  0.000000  0.000000  -0.000000  1.000000  0.000000  -1.000000  -0.000000  0.000000  0.000000  
160.122934 0.014955  0.095803  -0.010025  0.999617  0.007627  0.026586  -0.026965  0.054855  0.998130  0.006155  -0.998465  0.055040  0.002805  -0.000188  0.001737  0.000000  0.000000  0.000000  2.000000  1.000000  0.000000  0.000000  0.000000  -0.000000  1.000000  0.000000  -1.000000  -0.000000  1.000000  -0.000111  0.000418  0.000112  0.999998  -0.001817  -0.000418  0.001817  0.999998  1.000000  0.000000  0.000000  0.000000  1.000000  0.000000  0.000000  0.000000  1.000000  1.000000  0.000000  0.000000  0.000000  -0.000000  1.000000  0.000000  -1.000000  -0.000000  0.000000  0.000000  
160.124183 0.014957  0.095802  -0.010022  0.999617  0.007634  0.026584  -0.026965  0.055097  0.998117  0.006155  -0.998452  0.055282  0.002576  -0.000278  0.001949  0.000000  0.000000  0.000000  2.000000  1.000000  0.000000  0.000000  0.000000  -0.000000  1.000000  0.000000  -1.000000  -0.000000  1.000000  0.000023  0.000411  -0.000022  0.999998  -0.001817  -0.000411  0.001817  0.999998  1.000000  0.000000  0.000000  0.000000  1.000000  0.000000  0.000000  0.000000  1.000000  1.000000  0.000000  0.000000  0.000000  -0.000000  1.000000  0.000000  -1.000000  -0.000000  0.000000  0.000000  
160.125187 0.014957  0.095801  -0.010020  0.999617  0.007634  0.026584  -0.026965  0.055097  0.998117  0.006155  -0.998452  0.055282  0.002451  -0.000297  0.002045  0.000000  0.000000  0.000000  2.000000  1.000000  0.000000  0.000000  0.000000  -0.000000  1.000000  0.000000  -1.000000  -0.000000  1.000000  0.000034  0.000617  -0.000033  0.999998  -0.001937  -0.000617  0.001937  0.999998  1.000000  0.000000  0.000000  0.000000  1.000000  0.000000  0.000000  0.000000  1.000000  1.000000  0.000000  0.000000  0.000000  -0.000000  1.000000  0.000000  -1.000000  -0.000000  0.000000  0.000000  
160.126432 0.014958  0.095799  -0.010017  0.999612  0.007648  0.026789  -0.027171  0.055217  0.998105  0.006155  -0.998445  0.055403  0.002233  -0.000430  0.002122  0.000000  0.000000  0.000000  2.000000  1.000000  0.000000  0.000000  0.000000  -0.000000  1.000000  0.000000  -1.000000  -0.000000  1.000000  0.000179  0.000815  -0.000178  0.999998  -0.001936  -0.000815  0.001936  0.999998  1.000000  0.000000  0.000000  0.000000  1.000000  0.000000  0.000000  0.000000  1.000000  1.000000  0.000000  0.000000  0.000000  -0.000000  1.000000  0.000000  -1.000000  -0.000000  0.000000  0.000000  
160.127681 0.014958  0.095798  -0.010015  0.999612  0.007655  0.026787  -0.027171  0.055459  0.998091  0.006155  -0.998432  0.055646  0.002049  -0.000472  0.002164  0.000000  0.000000  0.000000  2.000000  1.000000  0.000000  0.000000  0.000000  -0.000000  1.000000  0.000000  -1.000000  -0.000000  1.000000  0.000179  0.000815  -0.000178  0.999998  -0.001936  -0.000815  0.001936  0.999998  1.000000  0.000000  0.000000  0.000000  1.000000  0.000000  0.000000  0.000000  1.000000  1.000000  0.000000  0.000000  0.000000  -0.000000  1.000000  0.000000  -1.000000  -0.000000  0.000000  0.000000  
160.128681 0.014959  0.095797  -0.010013  0.999612  0.007655  0.026787  -0.027171  0.055459  0.998091  0.006155  -0.998432  0.055646  0.001873  -0.000553  0.002171  0.000000  0.000000  0.000000  2.000000  1.000000  0.000000  0.000000  0.000000  -0.000000  1.000000  0.000000  -1.000000  -0.000000  1.000000  0.000168  0.000609  -0.000167  0.999998  -0.002058  -0.000610  0.002058  0.999998  1.000000  0.000000  0.000000  0.000000  1.000000  0.000000  0.000000  0.000000  1.000000  1.000000  0.000000  0.000000  0.000000  -0.000000  1.000000  0.000000  -1.000000  -0.000000  0.000000  0.000000  
160.129681 0.014960  0.095797  -0.010011  0.999612  0.007658  0.026786  -0.027171  0.055580  0.998084  0.006155  -0.998425  0.055767  0.001624  -0.000621  0.002180  0.000000  0.000000  0.000000  2.000000  1.000000  0.000000  0.000000  0.000000  -0.000000  1.000000  0.000000  -1.000000  -0.000000  1.000000  0.000168  0.000609  -0.000167  0.999998  -0.002058  -0.000610  0.002058  0.999998  1.000000  0.000000  0.000000  0.000000  1.000000  0.000000  0.000000  0.000000  1.000000  1.000000  0.000000  0.000000  0.000000  -0.000000  1.000000  0.000000  -1.000000  -0.000000  0.000000  0.000000  
160.130929 0.014961  0.095796  -0.010008  0.999612  0.007661  0.026785  -0.027171  0.055701  0.998078  0.006155  -0.998418  0.055888  0.001445  -0.000659  0.002217  0.000000  0.000000  0.000000  2.000000  1.000000  0.000000  0.000000  0.000000  -0.000000  1.000000  0.000000  -1.000000  -0.000000  1.000000  0.000168  0.000609  -0.000167  0.999998  -0.002058  -0.000610  0.002058  0.999998  1.000000  0.000000  0.000000  0.000000  1.000000  0.000000  0.000000  0.000000  1.000000  1.000000  0.000000  0.000000  0.000000  -0.000000  1.000000  0.000000  -1.000000  -0.000000  0.000000  0.000000  
160.131934 0.014962  0.095795  -0.010005  0.999606  0.007676  0.026990  -0.027377  0.055821  0.998065  0.006155  -0.998411  0.056009  0.001261  -0.000737  0.002265  0.000000  0.000000  0.000000  2.000000  1.000000  0.000000  0.000000  0.000000  -0.000000  1.000000  0.000000  -1.000000  -0.000000  1.000000  0.000180  0.000815  -0.000178  0.999998  -0.002178  -0.000815  0.002178  0.999997  1.000000  0.000000  0.000000  0.000000  1.000000  0.000000  0.000000  0.000000  1.000000  1.000000  0.000000  0.000000  0.000000  -0.000000  1.000000  0.000000  -1.000000  -0.000000  0.000000  0.000000  
160.132934 0.014962  0.095794  -0.010003  0.999605  0.007813  0.026981  -0.027377  0.055938  0.998059  0.006288  -0.998404  0.056130  0.001109  -0.000785  0.002338  0.000000  0.000000  0.000000  2.000000  1.000000  0.000000  0.000000  0.000000  -0.000000  1.000000  0.000000  -1.000000  -0.000000  1.000000  0.000313  0.000807  -0.000312  0.999998  -0.002178  -0.000808  0.002178  0.999997  1.000000  0.000000  0.000000  0.000000  1.000000  0.000000  0.000000  0.000000  1.000000  1.000000  0.000000  0.000000  0.000000  -0.000000  1.000000  0.000000  -1.000000  -0.000000  0.000000  0.000000  
160.134185 0.014962  0.095793  -0.010000  0.999605  0.007816  0.026980  -0.027377  0.056059  0.998052  0.006288  -0.998397  0.056251  0.000885  -0.000866  0.002354  0.000000  0.000000  0.000000  2.000000  1.000000  0.000000  0.000000  0.000000  -0.000000  1.000000  0.000000  -1.000000  -0.000000  1.000000  0.000313  0.000807  -0.000312  0.999998  -0.002178  -0.000808  0.002178  0.999997  1.000000  0.000000  0.000000  0.000000  1.000000  0.000000  0.000000  0.000000  1.000000  1.000000  0.000000  0.000000  0.000000  -0.000000  1.000000  0.000000  -1.000000  -0.000000  0.000000  0.000000  
160.135438 0.014963  0.095791  -0.009996  0.999605  0.007819  0.026980  -0.027377  0.056180  0.998045  0.006288  -0.998390  0.056372  0.000717  -0.000914  0.002346  0.000000  0.000000  0.000000  2.000000  1.000000  0.000000  0.000000  0.000000  -0.000000  1.000000  0.000000  -1.000000  -0.000000  1.000000  0.000314  0.000807  -0.000312  0.999998  -0.002178  -0.000808  0.002178  0.999997  1.000000  0.000000  0.000000  0.000000  1.000000  0.000000  0.000000  0.000000  1.000000  1.000000  0.000000  0.000000  0.000000  -0.000000  1.000000  0.000000  -1.000000  -0.000000  0.000000  0.000000  
160.136685 0.014962  0.095790  -0.009994  0.999600  0.007834  0.027184  -0.027583  0.056300  0.998033  0.006288  -0.998383  0.056493  0.000577  -0.000954  0.002304  0.000000  0.000000  0.000000  2.000000  1.000000  0.000000  0.000000  0.000000  -0.000000  1.000000  0.000000  -1.000000  -0.000000  1.000000  0.000314  0.000807  -0.000312  0.999998  -0.002178  -0.000808  0.002178  0.999997  1.000000  0.000000  0.000000  0.000000  1.000000  0.000000  0.000000  0.000000  1.000000  1.000000  0.000000  0.000000  0.000000  -0.000000  1.000000  0.000000  -1.000000  -0.000000  0.000000  0.000000  
160.137935 0.014961  0.095787  -0.009992  0.999600  0.007838  0.027183  -0.027583  0.056421  0.998026  0.006288  -0.998376  0.056614  0.000409  -0.001069  0.002206  0.000000  0.000000  0.000000  2.000000  1.000000  0.000000  0.000000  0.000000  -0.000000  1.000000  0.000000  -1.000000  -0.000000  1.000000  0.000314  0.000807  -0.000312  0.999998  -0.002057  -0.000808  0.002057  0.999998  1.000000  0.000000  0.000000  0.000000  1.000000  0.000000  0.000000  0.000000  1.000000  1.000000  0.000000  0.000000  0.000000  -0.000000  1.000000  0.000000  -1.000000  -0.000000  0.000000  0.000000  
160.138936 0.014960  0.095785  -0.009991  0.999600  0.007841  0.027182  -0.027583  0.056542  0.998019  0.006288  -0.998369  0.056735  0.000219  -0.001163  0.002108  0.000000  0.000000  0.000000  2.000000  1.000000  0.000000  0.000000  0.000000  -0.000000  1.000000  0.000000  -1.000000  -0.000000  1.000000  0.000314  0.000807  -0.000312  0.999998  -0.002057  -0.000808  0.002057  0.999998  1.000000  0.000000  0.000000  0.000000  1.000000  0.000000  0.000000  0.000000  1.000000  1.000000  0.000000  0.000000  0.000000  -0.000000  1.000000  0.000000  -1.000000  -0.000000  0.000000  0.000000  
160.140185 0.014958  0.095783  -0.009989  0.999600  0.007844  0.027181  -0.027583  0.056663  0.998012  0.006288  -0.998363  0.056856  0.000070  -0.001233  0.002010  0.000000  0.000000  0.000000  2.000000  1.000000  0.000000  0.000000  0.000000  -0.000000  1.000000  0.000000  -1.000000  -0.000000  1.000000  0.000302  0.000601  -0.000301  0.999998  -0.002058  -0.000602  0.002058  0.999998  1.000000  0.000000  0.000000  0.000000  1.000000  0.000000  0.000000  0.000000  1.000000  1.000000  0.000000  0.000000  0.000000  -0.000000  1.000000  0.000000  -1.000000  -0.000000  0.000000  0.000000  
160.141432 0.014957  0.095781  -0.009988  0.999593  0.007993  0.027378  -0.027788  0.056779  0.998000  0.006422  -0.998355  0.056978  -0.000077  -0.001213  0.001937  0.000000  0.000000  0.000000  2.000000  1.000000  0.000000  0.000000  0.000000  -0.000000  1.000000  0.000000  -1.000000  -0.000000  1.000000  0.000436  0.000594  -0.000435  0.999998  -0.002058  -0.000595  0.002058  0.999998  1.000000  0.000000  0.000000  0.000000  1.000000  0.000000  0.000000  0.000000  1.000000  1.000000  0.000000  0.000000  0.000000  -0.000000  1.000000  0.000000  -1.000000  -0.000000  0.000000  0.000000  
160.142682 0.014956  0.095779  -0.009987  0.999593  0.007996  0.027377  -0.027788  0.056900  0.997993  0.006422  -0.998348  0.057099  -0.000205  -0.001243  0.001869  0.000000  0.000000  0.000000  2.000000  1.000000  0.000000  0.000000  0.000000  -0.000000  1.000000  0.000000  -1.000000  -0.000000  1.000000  0.000314  0.000807  -0.000313  0.999998  -0.001936  -0.000807  0.001935  0.999998  1.000000  0.000000  0.000000  0.000000  1.000000  0.000000  0.000000  0.000000  1.000000  1.000000  0.000000  0.000000  0.000000  -0.000000  1.000000  0.000000  -1.000000  -0.000000  0.000000  0.000000  
160.143682 0.014955  0.095779  -0.009987  0.999593  0.007996  0.027377  -0.027788  0.056900  0.997993  0.006422  -0.998348  0.057099  -0.000329  -0.001230  0.001719  0.000000  0.000000  0.000000  2.000000  1.000000  0.000000  0.000000  0.000000  -0.000000  1.000000  0.000000  -1.000000  -0.000000  1.000000  0.000314  0.000807  -0.000313  0.999998  -0.001936  -0.000807  0.001935  0.999998  1.000000  0.000000  0.000000  0.000000  1.000000  0.000000  0.000000  0.000000  1.000000  1.000000  0.000000  0.000000  0.000000  -0.000000  1.000000  0.000000  -1.000000  -0.000000  0.000000  0.000000  
160.144931 0.014954  0.095778  -0.009986  0.999592  0.008133  0.027368  -0.027788  0.057017  0.997986  0.006556  -0.998340  0.057220  -0.000455  -0.001241  0.001618  0.000000  0.000000  0.000000  2.000000  1.000000  0.000000  0.000000  0.000000  -0.000000  1.000000  0.000000  -1.000000  -0.000000  1.000000  0.000314  0.000807  -0.000313  0.999998  -0.001936  -0.000807  0.001935  0.999998  1.000000  0.000000  0.000000  0.000000  1.000000  0.000000  0.000000  0.000000  1.000000  1.000000  0.000000  0.000000  0.000000  -0.000000  1.000000  0.000000  -1.000000  -0.000000  0.000000  0.000000  
160.145931 0.014954  0.095778  -0.009986  0.999592  0.008136  0.027367  -0.027788  0.057138  0.997979  0.006556  -0.998333  0.057341  -0.000512  -0.001232  0.001425  0.000000  0.000000  0.000000  2.000000  1.000000  0.000000  0.000000  0.000000  -0.000000  1.000000  0.000000  -1.000000  -0.000000  1.000000  0.000448  0.000799  -0.000446  0.999998  -0.001936  -0.000800  0.001935  0.999998  1.000000  0.000000  0.000000  0.000000  1.000000  0.000000  0.000000  0.000000  1.000000  1.000000  0.000000  0.000000  0.000000  -0.000000  1.000000  0.000000  -1.000000  -0.000000  0.000000  0.000000  
160.147185 0.014953  0.095777  -0.009986  0.999592  0.008140  0.027367  -0.027788  0.057259  0.997973  0.006556  -0.998326  0.057462  -0.000622  -0.001200  0.001188  0.000000  0.000000  0.000000  2.000000  1.000000  0.000000  0.000000  0.000000  -0.000000  1.000000  0.000000  -1.000000  -0.000000  1.000000  0.000436  0.000594  -0.000435  0.999998  -0.001937  -0.000594  0.001937  0.999998  1.000000  0.000000  0.000000  0.000000  1.000000  0.000000  0.000000  0.000000  1.000000  1.000000  0.000000  0.000000  0.000000  -0.000000  1.000000  0.000000  -1.000000  -0.000000  0.000000  0.000000  
160.148438 0.014952  0.095776  -0.009987  0.999592  0.008143  0.027366  -0.027788  0.057380  0.997966  0.006556  -0.998319  0.057583  -0.000664  -0.001172  0.000908  0.000000  0.000000  0.000000  2.000000  1.000000  0.000000  0.000000  0.000000  -0.000000  1.000000  0.000000  -1.000000  -0.000000  1.000000  0.000436  0.000593  -0.000435  0.999998  -0.001937  -0.000594  0.001937  0.999998  1.000000  0.000000  0.000000  0.000000  1.000000  0.000000  0.000000  0.000000  1.000000  1.000000  0.000000  0.000000  0.000000  -0.000000  1.000000  0.000000  -1.000000  -0.000000  0.000000  0.000000  
160.149684 0.014952  0.095776  -0.009988  0.999592  0.008146  0.027365  -0.027788  0.057501  0.997959  0.006556  -0.998312  0.057704  -0.000718  -0.001117  0.000618  0.000000  0.000000  0.000000  2.000000  1.000000  0.000000  0.000000  0.000000  -0.000000  1.000000  0.000000  -1.000000  -0.000000  1.000000  0.000436  0.000593  -0.000435  0.999998  -0.001937  -0.000594  0.001937  0.999998  1.000000  0.000000  0.000000  0.000000  1.000000  0.000000  0.000000  0.000000  1.000000  1.000000  0.000000  0.000000  0.000000  -0.000000  1.000000  0.000000  -1.000000  -0.000000  0.000000  0.000000  
160.150934 0.014952  0.095775  -0.009988  0.999592  0.008150  0.027364  -0.027788  0.057622  0.997952  0.006556  -0.998305  0.057825  -0.000722  -0.001088  0.000452  0.000000  0.000000  0.000000  2.000000  1.000000  0.000000  0.000000  0.000000  -0.000000  1.000000  0.000000  -1.000000  -0.000000  1.000000  0.000436  0.000593  -0.000435  0.999998  -0.001937  -0.000594  0.001937  0.999998  1.000000  0.000000  0.000000  0.000000  1.000000  0.000000  0.000000  0.000000  1.000000  1.000000  0.000000  0.000000  0.000000  -0.000000  1.000000  0.000000  -1.000000  -0.000000  0.000000  0.000000  
160.152185 0.014951  0.095774  -0.009989  0.999592  0.008153  0.027363  -0.027788  0.057743  0.997945  0.006556  -0.998298  0.057946  -0.000724  -0.000989  0.000214  0.000000  0.000000  0.000000  2.000000  1.000000  0.000000  0.000000  0.000000  -0.000000  1.000000  0.000000  -1.000000  -0.000000  1.000000  0.000425  0.000388  -0.000424  0.999998  -0.001938  -0.000389  0.001938  0.999998  1.000000  0.000000  0.000000  0.000000  1.000000  0.000000  0.000000  0.000000  1.000000  1.000000  0.000000  0.000000  0.000000  -0.000000  1.000000  0.000000  -1.000000  -0.000000  0.000000  0.000000  
160.153435 0.014951  0.095772  -0.009990  0.999592  0.008156  0.027362  -0.027788  0.057864  0.997938  0.006556  -0.998291  0.058067  -0.000654  -0.000907  0.000062  0.000000  0.000000  0.000000  2.000000  1.000000  0.000000  0.000000  0.000000  -0.000000  1.000000  0.000000  -1.000000  -0.000000  1.000000  0.000291  0.000396  -0.000290  0.999998  -0.001938  -0.000396  0.001938  0.999998  1.000000  0.000000  0.000000  0.000000  1.000000  0.000000  0.000000  0.000000  1.000000  1.000000  0.000000  0.000000  0.000000  -0.000000  1.000000  0.000000  -1.000000  -0.000000  0.000000  0.000000  
160.154686 0.014951  0.095771  -0.009991  0.999591  0.008293  0.027353  -0.027788  0.057982  0.997931  0.006690  -0.998283  0.058188  -0.000559  -0.000825  -0.000103  0.000000  0.000000  0.000000  2.000000  1.000000  0.000000  0.000000  0.000000  -0.000000  1.000000  0.000000  -1.000000  -0.000000  1.000000  0.000425  0.000388  -0.000424  0.999998  -0.001938  -0.000389  0.001938  0.999998  1.000000  0.000000  0.000000  0.000000  1.000000  0.000000  0.000000  0.000000  1.000000  1.000000  0.000000  0.000000  0.000000  -0.000000  1.000000  0.000000  -1.000000  -0.000000  0.000000  0.000000  
160.155936 0.014951  0.095770  -0.009992  0.999591  0.008296  0.027352  -0.027788  0.058103  0.997924  0.006690  -0.998276  0.058309  -0.000413  -0.000726  -0.000236  0.000000  0.000000  0.000000  2.000000  1.000000  0.000000  0.000000  0.000000  -0.000000  1.000000  0.000000  -1.000000  -0.000000  1.000000  0.000425  0.000388  -0.000424  0.999998  -0.001938  -0.000388  0.001938  0.999998  1.000000  0.000000  0.000000  0.000000  1.000000  0.000000  0.000000  0.000000  1.000000  1.000000  0.000000  0.000000  0.000000  -0.000000  1.000000  0.000000  -1.000000  -0.000000  0.000000  0.000000  
160.157181 0.014952  0.095770  -0.009993  0.999591  0.008300  0.027351  -0.027788  0.058224  0.997917  0.006690  -0.998269  0.058431  -0.000283  -0.000673  -0.000375  0.000000  0.000000  0.000000  2.000000  1.000000  0.000000  0.000000  0.000000  -0.000000  1.000000  0.000000  -1.000000  -0.000000  1.000000  0.000413  0.000182  -0.000412  0.999998  -0.001818  -0.000183  0.001818  0.999998  1.000000  0.000000  0.000000  0.000000  1.000000  0.000000  0.000000  0.000000  1.000000  1.000000  0.000000  0.000000  0.000000  -0.000000  1.000000  0.000000  -1.000000  -0.000000  0.000000  0.000000  
