1-Time 2-Px 3-Py 4-Pz 5-R11 6-R21 7-R31 8-R12 9-R22 10-R32 11-R13 12-R23 13-R33 14-Vx 15-Vy 16-Vz 17-Wx 18-Wy 19-Wz 20-state 21-PR11 22-PR21 23-PR31 24-PR12 25-PR22 26-PR32 27-PR13 28-PR23 29-PR33 
89.716183 0.006802  0.087981  -0.009258  0.999587  -0.022497  0.017905  -0.016876  0.045130  0.998839  -0.023279  -0.998728  0.044732  -0.000136  0.000079  0.000167  0.000000  0.000000  0.000000  2.000000  1.000000  0.000000  0.000000  0.000000  -0.000000  1.000000  0.000000  -1.000000  -0.000000  1.000000  0.000267  -0.000012  -0.000267  1.000000  0.000243  0.000012  -0.000243  1.000000  1.000000  0.000000  0.000000  0.000000  1.000000  0.000000  0.000000  0.000000  1.000000  0.647258  0.567644  0.508760  -0.573497  -0.077043  0.815577  0.502154  -0.819661  0.275676  0.000000  0.000000  
89.717190 0.006802  0.087981  -0.009258  0.999587  -0.022497  0.017905  -0.016876  0.045130  0.998839  -0.023279  -0.998728  0.044732  -0.000169  0.000053  0.000147  0.000000  0.000000  0.000000  2.000000  1.000000  0.000000  0.000000  0.000000  -0.000000  1.000000  0.000000  -1.000000  -0.000000  1.000000  0.000267  -0.000012  -0.000267  1.000000  0.000243  0.000012  -0.000243  1.000000  1.000000  0.000000  0.000000  0.000000  1.000000  0.000000  0.000000  0.000000  1.000000  1.000000  0.000000  0.000000  0.000000  -0.000000  1.000000  0.000000  -1.000000  -0.000000  0.000000  0.000000  
89.718438 0.006802  0.087977  -0.009262  0.999587  -0.022640  0.017706  -0.016670  0.045127  0.998842  -0.023413  -0.998725  0.044731  -0.000158  -0.000194  -0.000187  0.000000  0.000000  0.000000  2.000000  1.000000  0.000000  0.000000  0.000000  -0.000000  1.000000  0.000000  -1.000000  -0.000000  1.000000  0.000000  -0.000000  0.000000  1.000000  0.000121  0.000000  -0.000121  1.000000  1.000000  0.000000  0.000000  0.000000  1.000000  0.000000  0.000000  0.000000  1.000000  1.000000  0.000000  0.000000  0.000000  -0.000000  1.000000  0.000000  -1.000000  -0.000000  0.000000  0.000000  
89.719689 0.006802  0.087972  -0.009269  0.999587  -0.022640  0.017706  -0.016670  0.045127  0.998842  -0.023413  -0.998725  0.044731  -0.000110  -0.000537  -0.000666  0.000000  0.000000  0.000000  2.000000  1.000000  0.000000  0.000000  0.000000  -0.000000  1.000000  0.000000  -1.000000  -0.000000  1.000000  -0.000009  -0.000206  0.000009  1.000000  0.000126  0.000206  -0.000126  1.000000  1.000000  0.000000  0.000000  0.000000  1.000000  0.000000  0.000000  0.000000  1.000000  1.000000  0.000000  0.000000  0.000000  -0.000000  1.000000  0.000000  -1.000000  -0.000000  0.000000  0.000000  
89.720939 0.006803  0.087968  -0.009274  0.999590  -0.022647  0.017503  -0.016464  0.045244  0.998840  -0.023413  -0.998719  0.044853  -0.000037  -0.000815  -0.000994  0.000000  0.000000  0.000000  2.000000  1.000000  0.000000  0.000000  0.000000  -0.000000  1.000000  0.000000  -1.000000  -0.000000  1.000000  -0.000009  -0.000206  0.000009  1.000000  0.000005  0.000206  -0.000005  1.000000  1.000000  0.000000  0.000000  0.000000  1.000000  0.000000  0.000000  0.000000  1.000000  1.000000  0.000000  0.000000  0.000000  -0.000000  1.000000  0.000000  -1.000000  -0.000000  0.000000  0.000000  
89.722189 0.006805  0.087965  -0.009278  0.999587  -0.022781  0.017509  -0.016464  0.045246  0.998840  -0.023546  -0.998716  0.044852  0.000154  -0.001044  -0.001287  0.000000  0.000000  0.000000  2.000000  1.000000  0.000000  0.000000  0.000000  -0.000000  1.000000  0.000000  -1.000000  -0.000000  1.000000  -0.000152  -0.000405  0.000152  1.000000  0.000010  0.000405  -0.000010  1.000000  1.000000  0.000000  0.000000  0.000000  1.000000  0.000000  0.000000  0.000000  1.000000  1.000000  0.000000  0.000000  0.000000  -0.000000  1.000000  0.000000  -1.000000  -0.000000  0.000000  0.000000  
89.723438 0.006808  0.087961  -0.009282  0.999591  -0.022790  0.017303  -0.016259  0.045241  0.998844  -0.023546  -0.998716  0.044852  0.000353  -0.001299  -0.001568  0.000000  0.000000  0.000000  2.000000  1.000000  0.000000  0.000000  0.000000  -0.000000  1.000000  0.000000  -1.000000  -0.000000  1.000000  -0.000161  -0.000611  0.000161  1.000000  0.000014  0.000611  -0.000015  1.000000  1.000000  0.000000  0.000000  0.000000  1.000000  0.000000  0.000000  0.000000  1.000000  1.000000  0.000000  0.000000  0.000000  -0.000000  1.000000  0.000000  -1.000000  -0.000000  0.000000  0.000000  
89.724446 0.006811  0.087957  -0.009286  0.999591  -0.022933  0.017103  -0.016053  0.045239  0.998847  -0.023680  -0.998713  0.044852  0.000520  -0.001580  -0.001869  0.000000  0.000000  0.000000  2.000000  1.000000  0.000000  0.000000  0.000000  -0.000000  1.000000  0.000000  -1.000000  -0.000000  1.000000  -0.000304  -0.000810  0.000304  1.000000  0.000019  0.000810  -0.000020  1.000000  1.000000  0.000000  0.000000  0.000000  1.000000  0.000000  0.000000  0.000000  1.000000  1.000000  0.000000  0.000000  0.000000  -0.000000  1.000000  0.000000  -1.000000  -0.000000  0.000000  0.000000  
89.725693 0.006815  0.087952  -0.009292  0.999597  -0.022951  0.016692  -0.015641  0.045229  0.998854  -0.023680  -0.998713  0.044852  0.000789  -0.001906  -0.002277  0.000000  0.000000  0.000000  2.000000  1.000000  0.000000  0.000000  0.000000  -0.000000  1.000000  0.000000  -1.000000  -0.000000  0.999999  -0.000313  -0.001016  0.000314  1.000000  0.000024  0.001016  -0.000024  0.999999  1.000000  0.000000  0.000000  0.000000  1.000000  0.000000  0.000000  0.000000  1.000000  1.000000  0.000000  0.000000  0.000000  -0.000000  1.000000  0.000000  -1.000000  -0.000000  0.000000  0.000000  
89.726951 0.006818  0.087948  -0.009298  0.999600  -0.022961  0.016486  -0.015435  0.045225  0.998858  -0.023680  -0.998713  0.044852  0.001048  -0.002203  -0.002692  0.000000  0.000000  0.000000  2.000000  1.000000  0.000000  0.000000  0.000000  -0.000000  1.000000  0.000000  -1.000000  -0.000000  0.999999  -0.000323  -0.001222  0.000323  1.000000  0.000029  0.001222  -0.000029  0.999999  1.000000  0.000000  0.000000  0.000000  1.000000  0.000000  0.000000  0.000000  1.000000  1.000000  0.000000  0.000000  0.000000  -0.000000  1.000000  0.000000  -1.000000  -0.000000  0.000000  0.000000  
89.728187 0.006821  0.087943  -0.009304  0.999600  -0.023104  0.016287  -0.015230  0.045222  0.998861  -0.023814  -0.998710  0.044852  0.001232  -0.002553  -0.003117  0.000000  0.000000  0.000000  2.000000  1.000000  0.000000  0.000000  0.000000  -0.000000  1.000000  0.000000  -1.000000  -0.000000  0.999999  -0.000475  -0.001627  0.000475  1.000000  -0.000083  0.001627  0.000082  0.999999  1.000000  0.000000  0.000000  0.000000  1.000000  0.000000  0.000000  0.000000  1.000000  1.000000  0.000000  0.000000  0.000000  -0.000000  1.000000  0.000000  -1.000000  -0.000000  0.000000  0.000000  
89.729192 0.006824  0.087938  -0.009310  0.999604  -0.023111  0.016084  -0.015024  0.045338  0.998859  -0.023814  -0.998704  0.044973  0.001461  -0.002879  -0.003556  0.000000  0.000000  0.000000  2.000000  1.000000  0.000000  0.000000  0.000000  -0.000000  1.000000  0.000000  -1.000000  -0.000000  0.999998  -0.000484  -0.001832  0.000484  1.000000  -0.000199  0.001832  0.000198  0.999998  1.000000  0.000000  0.000000  0.000000  1.000000  0.000000  0.000000  0.000000  1.000000  1.000000  0.000000  0.000000  0.000000  -0.000000  1.000000  0.000000  -1.000000  -0.000000  0.000000  0.000000  
89.730447 0.006827  0.087932  -0.009318  0.999606  -0.023261  0.015682  -0.014612  0.045452  0.998860  -0.023948  -0.998696  0.045094  0.001688  -0.003348  -0.004111  0.000000  0.000000  0.000000  2.000000  1.000000  0.000000  0.000000  0.000000  -0.000000  1.000000  0.000000  -1.000000  -0.000000  0.999997  -0.000637  -0.002238  0.000636  1.000000  -0.000311  0.002238  0.000310  0.999997  1.000000  0.000000  0.000000  0.000000  1.000000  0.000000  0.000000  0.000000  1.000000  1.000000  0.000000  0.000000  0.000000  -0.000000  1.000000  0.000000  -1.000000  -0.000000  0.000000  0.000000  
89.731693 0.006830  0.087925  -0.009327  0.999609  -0.023269  0.015479  -0.014406  0.045568  0.998857  -0.023948  -0.998690  0.045215  0.001891  -0.003827  -0.004741  0.000000  0.000000  0.000000  2.000000  1.000000  0.000000  0.000000  0.000000  -0.000000  1.000000  0.000000  -1.000000  -0.000000  0.999997  -0.000780  -0.002437  0.000779  1.000000  -0.000428  0.002437  0.000426  0.999997  1.000000  0.000000  0.000000  0.000000  1.000000  0.000000  0.000000  0.000000  1.000000  1.000000  0.000000  0.000000  0.000000  -0.000000  1.000000  0.000000  -1.000000  -0.000000  0.000000  0.000000  
89.732942 0.006834  0.087918  -0.009336  0.999612  -0.023419  0.015076  -0.013995  0.045682  0.998858  -0.024081  -0.998681  0.045336  0.002157  -0.004091  -0.005065  0.000000  0.000000  0.000000  2.000000  1.000000  0.000000  0.000000  0.000000  -0.000000  1.000000  0.000000  -1.000000  -0.000000  0.999996  -0.000799  -0.002848  0.000797  1.000000  -0.000540  0.002849  0.000537  0.999996  1.000000  0.000000  0.000000  0.000000  1.000000  0.000000  0.000000  0.000000  1.000000  1.000000  0.000000  0.000000  0.000000  -0.000000  1.000000  0.000000  -1.000000  -0.000000  0.000000  0.000000  
89.734189 0.006837  0.087910  -0.009344  0.999618  -0.023436  0.014668  -0.013583  0.045793  0.998859  -0.024081  -0.998676  0.045458  0.002369  -0.004277  -0.005160  0.000000  0.000000  0.000000  2.000000  1.000000  0.000000  0.000000  0.000000  -0.000000  1.000000  0.000000  -1.000000  -0.000000  0.999995  -0.000942  -0.003048  0.000940  0.999999  -0.000656  0.003048  0.000653  0.999995  1.000000  0.000000  0.000000  0.000000  1.000000  0.000000  0.000000  0.000000  1.000000  1.000000  0.000000  0.000000  0.000000  -0.000000  1.000000  0.000000  -1.000000  -0.000000  0.000000  0.000000  
89.735440 0.006841  0.087904  -0.009352  0.999623  -0.023454  0.014259  -0.013172  0.045905  0.998859  -0.024081  -0.998670  0.045579  0.002557  -0.004444  -0.005369  0.000000  0.000000  0.000000  2.000000  1.000000  0.000000  0.000000  0.000000  -0.000000  1.000000  0.000000  -1.000000  -0.000000  0.999994  -0.000961  -0.003459  0.000959  0.999999  -0.000768  0.003459  0.000765  0.999994  1.000000  0.000000  0.000000  0.000000  1.000000  0.000000  0.000000  0.000000  1.000000  1.000000  0.000000  0.000000  0.000000  -0.000000  1.000000  0.000000  -1.000000  -0.000000  0.000000  0.000000  
89.736689 0.006845  0.087897  -0.009359  0.999623  -0.023595  0.014063  -0.012966  0.046023  0.998856  -0.024215  -0.998662  0.045700  0.002710  -0.004623  -0.005558  0.000000  0.000000  0.000000  2.000000  1.000000  0.000000  0.000000  0.000000  -0.000000  1.000000  0.000000  -1.000000  -0.000000  0.999992  -0.001114  -0.003864  0.001111  0.999999  -0.000880  0.003865  0.000875  0.999992  1.000000  0.000000  0.000000  0.000000  1.000000  0.000000  0.000000  0.000000  1.000000  1.000000  0.000000  0.000000  0.000000  -0.000000  1.000000  0.000000  -1.000000  -0.000000  0.000000  0.000000  
89.737689 0.006849  0.087892  -0.009366  0.999625  -0.023603  0.013860  -0.012760  0.046139  0.998854  -0.024215  -0.998656  0.045821  0.002831  -0.004750  -0.005826  0.000000  0.000000  0.000000  2.000000  1.000000  0.000000  0.000000  0.000000  -0.000000  1.000000  0.000000  -1.000000  -0.000000  0.999991  -0.001124  -0.004069  0.001120  0.999999  -0.000996  0.004070  0.000992  0.999991  1.000000  0.000000  0.000000  0.000000  1.000000  0.000000  0.000000  0.000000  1.000000  1.000000  0.000000  0.000000  0.000000  -0.000000  1.000000  0.000000  -1.000000  -0.000000  0.000000  0.000000  
89.738939 0.006855  0.087886  -0.009376  0.999631  -0.023618  0.013454  -0.012348  0.046372  0.998848  -0.024215  -0.998645  0.046063  0.003021  -0.004855  -0.006081  0.000000  0.000000  0.000000  2.000000  1.000000  0.000000  0.000000  0.000000  -0.000000  1.000000  0.000000  -1.000000  -0.000000  0.999991  -0.000991  -0.004075  0.000986  0.999999  -0.001238  0.004076  0.001234  0.999991  1.000000  0.000000  0.000000  0.000000  1.000000  0.000000  0.000000  0.000000  1.000000  1.000000  0.000000  0.000000  0.000000  -0.000000  1.000000  0.000000  -1.000000  -0.000000  0.000000  0.000000  
89.740186 0.006860  0.087880  -0.009387  0.999633  -0.023626  0.013252  -0.012143  0.046488  0.998845  -0.024215  -0.998639  0.046184  0.003149  -0.004981  -0.006480  0.000000  0.000000  0.000000  2.000000  1.000000  0.000000  0.000000  0.000000  -0.000000  1.000000  0.000000  -1.000000  -0.000000  0.999989  -0.001011  -0.004486  0.001005  0.999999  -0.001350  0.004487  0.001345  0.999989  1.000000  0.000000  0.000000  0.000000  1.000000  0.000000  0.000000  0.000000  1.000000  1.000000  0.000000  0.000000  0.000000  -0.000000  1.000000  0.000000  -1.000000  -0.000000  0.000000  0.000000  
89.741191 0.006865  0.087874  -0.009397  0.999638  -0.023644  0.012843  -0.011731  0.046600  0.998845  -0.024215  -0.998634  0.046305  0.003265  -0.005100  -0.006913  -0.048883  0.171296  -0.039314  2.000000  1.000000  0.000000  0.000000  0.000000  -0.000000  1.000000  0.000000  -1.000000  -0.000000  0.999988  -0.001021  -0.004691  0.001015  0.999999  -0.001345  0.004693  0.001340  0.999988  1.000000  0.000000  0.000000  0.000000  1.000000  0.000000  0.000000  0.000000  1.000000  1.000000  0.000000  0.000000  0.000000  -0.000000  1.000000  0.000000  -1.000000  -0.000000  0.000000  0.000000  
89.742442 0.006871  0.087868  -0.009408  0.999640  -0.023652  0.012641  -0.011525  0.046716  0.998842  -0.024215  -0.998628  0.046426  0.003480  -0.005233  -0.007263  -0.052787  0.178177  -0.039634  2.000000  1.000000  0.000000  0.000000  0.000000  -0.000000  1.000000  0.000000  -1.000000  -0.000000  0.999988  -0.000897  -0.004903  0.000890  0.999999  -0.001461  0.004904  0.001457  0.999987  1.000000  0.000000  0.000000  0.000000  1.000000  0.000000  0.000000  0.000000  1.000000  1.000000  0.000000  0.000000  0.000000  -0.000000  1.000000  0.000000  -1.000000  -0.000000  0.000048  0.000000  
89.743442 0.006876  0.087863  -0.009417  0.999643  -0.023660  0.012438  -0.011319  0.046832  0.998839  -0.024215  -0.998623  0.046548  0.003639  -0.005317  -0.007498  -0.056699  0.185084  -0.039961  2.000000  1.000000  0.000000  0.000000  0.000000  -0.000000  1.000000  0.000000  -1.000000  -0.000000  0.999989  -0.000888  -0.004697  0.000881  0.999998  -0.001587  0.004699  0.001583  0.999988  1.000000  0.000000  0.000000  0.000000  1.000000  0.000000  0.000000  0.000000  1.000000  1.000000  0.000000  0.000000  0.000000  -0.000000  1.000000  0.000000  -1.000000  -0.000000  0.000048  0.000000  
89.744693 0.006882  0.087856  -0.009428  0.999645  -0.023668  0.012235  -0.011114  0.046948  0.998835  -0.024215  -0.998617  0.046669  0.003811  -0.005347  -0.007692  -0.060615  0.192005  -0.040291  2.000000  1.000000  0.000000  0.000000  0.000000  -0.000000  1.000000  0.000000  -1.000000  -0.000000  0.999989  -0.000755  -0.004704  0.000747  0.999998  -0.001708  0.004705  0.001704  0.999987  1.000000  0.000000  0.000000  0.000000  1.000000  0.000000  0.000000  0.000000  1.000000  1.000000  0.000000  0.000000  0.000000  -0.000000  1.000000  0.000000  -1.000000  -0.000000  0.000050  0.000000  
89.745942 0.006889  0.087848  -0.009439  0.999650  -0.023543  0.012026  -0.010908  0.047063  0.998832  -0.024081  -0.998614  0.046790  0.004030  -0.005429  -0.007801  -0.064540  0.199116  -0.036128  2.000000  1.000000  0.000000  0.000000  0.000000  -0.000000  1.000000  0.000000  -1.000000  -0.000000  0.999989  -0.000622  -0.004710  0.000614  0.999998  -0.001829  0.004711  0.001826  0.999987  1.000000  0.000000  0.000000  0.000000  1.000000  0.000000  0.000000  0.000000  1.000000  1.000000  0.000000  0.000000  0.000000  -0.000000  1.000000  0.000000  -1.000000  -0.000000  0.000053  0.000000  
89.747193 0.006895  0.087840  -0.009448  0.999653  -0.023550  0.011826  -0.010702  0.047301  0.998823  -0.024081  -0.998603  0.047032  0.004223  -0.005467  -0.007858  -0.072537  0.206048  -0.036474  2.000000  1.000000  0.000000  0.000000  0.000000  -0.000000  1.000000  0.000000  -1.000000  -0.000000  0.999989  -0.000623  -0.004710  0.000614  0.999998  -0.002072  0.004711  0.002069  0.999987  1.000000  0.000000  0.000000  0.000000  1.000000  0.000000  0.000000  0.000000  1.000000  1.000000  0.000000  0.000000  0.000000  -0.000000  1.000000  0.000000  -1.000000  -0.000000  0.000055  0.000000  
89.748439 0.006902  0.087833  -0.009456  0.999655  -0.023557  0.011626  -0.010496  0.047538  0.998814  -0.024081  -0.998592  0.047274  0.004492  -0.005439  -0.007824  -0.080689  0.206282  -0.032013  2.000000  1.000000  0.000000  0.000000  0.000000  -0.000000  1.000000  0.000000  -1.000000  -0.000000  0.999989  -0.000490  -0.004716  0.000480  0.999997  -0.002192  0.004717  0.002190  0.999986  1.000000  0.000000  0.000000  0.000000  1.000000  0.000000  0.000000  0.000000  1.000000  1.000000  0.000000  0.000000  0.000000  -0.000000  1.000000  0.000000  -1.000000  -0.000000  0.000056  0.000000  
89.749443 0.006908  0.087827  -0.009463  0.999657  -0.023565  0.011423  -0.010290  0.047654  0.998811  -0.024081  -0.998586  0.047396  0.004697  -0.005429  -0.007854  -0.084592  0.213167  -0.032340  2.000000  1.000000  0.000000  0.000000  0.000000  -0.000000  1.000000  0.000000  -1.000000  -0.000000  0.999989  -0.000491  -0.004716  0.000481  0.999997  -0.002192  0.004717  0.002190  0.999986  1.000000  0.000000  0.000000  0.000000  1.000000  0.000000  0.000000  0.000000  1.000000  1.000000  0.000000  0.000000  0.000000  -0.000000  1.000000  0.000000  -1.000000  -0.000000  0.000058  0.000000  
89.750691 0.006916  0.087820  -0.009472  0.999659  -0.023574  0.011221  -0.010085  0.047771  0.998807  -0.024081  -0.998580  0.047517  0.004962  -0.005489  -0.007979  -0.084599  0.213179  -0.032369  2.000000  1.000000  0.000000  0.000000  0.000000  -0.000000  1.000000  0.000000  -1.000000  -0.000000  0.999991  -0.000339  -0.004311  0.000329  0.999997  -0.002323  0.004312  0.002321  0.999988  1.000000  0.000000  0.000000  0.000000  1.000000  0.000000  0.000000  0.000000  1.000000  1.000000  0.000000  0.000000  0.000000  -0.000000  1.000000  0.000000  -1.000000  -0.000000  0.000058  0.000000  
89.751942 0.006922  0.087813  -0.009483  0.999659  -0.023571  0.011226  -0.010085  0.048013  0.998796  -0.024081  -0.998569  0.047759  0.005067  -0.005523  -0.008121  -0.092734  0.213374  -0.027901  2.000000  1.000000  0.000000  0.000000  0.000000  -0.000000  1.000000  0.000000  -1.000000  -0.000000  0.999991  -0.000340  -0.004311  0.000329  0.999997  -0.002444  0.004312  0.002443  0.999988  1.000000  0.000000  0.000000  0.000000  1.000000  0.000000  0.000000  0.000000  1.000000  1.000000  0.000000  0.000000  0.000000  -0.000000  1.000000  0.000000  -1.000000  -0.000000  0.000059  0.000000  
89.753189 0.006930  0.087806  -0.009494  0.999661  -0.023578  0.011026  -0.009879  0.048250  0.998786  -0.024081  -0.998557  0.048001  0.005239  -0.005569  -0.008286  -0.100895  0.213387  -0.027929  2.000000  1.000000  0.000000  0.000000  0.000000  -0.000000  1.000000  0.000000  -1.000000  -0.000000  0.999992  -0.000197  -0.004112  0.000187  0.999997  -0.002448  0.004112  0.002448  0.999989  1.000000  0.000000  0.000000  0.000000  1.000000  0.000000  0.000000  0.000000  1.000000  1.000000  0.000000  0.000000  0.000000  -0.000000  1.000000  0.000000  -1.000000  -0.000000  0.000059  0.000000  
89.754443 0.006937  0.087799  -0.009506  0.999663  -0.023587  0.010824  -0.009673  0.048367  0.998783  -0.024081  -0.998551  0.048122  0.005323  -0.005691  -0.008387  -0.104100  0.211847  -0.023258  2.000000  1.000000  0.000000  0.000000  0.000000  -0.000000  1.000000  0.000000  -1.000000  -0.000000  0.999992  -0.000188  -0.003906  0.000178  0.999997  -0.002575  0.003906  0.002574  0.999989  1.000000  0.000000  0.000000  0.000000  1.000000  0.000000  0.000000  0.000000  1.000000  1.000000  0.000000  0.000000  0.000000  -0.000000  1.000000  0.000000  -1.000000  -0.000000  0.000059  0.000000  
89.755688 0.006944  0.087792  -0.009516  0.999666  -0.023450  0.010823  -0.009673  0.048608  0.998771  -0.023948  -0.998543  0.048365  0.005385  -0.005669  -0.008315  -0.112530  0.198349  -0.018188  2.000000  1.000000  0.000000  0.000000  0.000000  -0.000000  1.000000  0.000000  -1.000000  -0.000000  0.999994  -0.000035  -0.003501  0.000026  0.999997  -0.002585  0.003501  0.002584  0.999991  1.000000  0.000000  0.000000  0.000000  1.000000  0.000000  0.000000  0.000000  1.000000  1.000000  0.000000  0.000000  0.000000  -0.000000  1.000000  0.000000  -1.000000  -0.000000  0.000057  0.000000  
89.756689 0.006950  0.087788  -0.009525  0.999668  -0.023459  0.010620  -0.009467  0.048724  0.998767  -0.023948  -0.998537  0.048486  0.005530  -0.005611  -0.008201  -0.117585  0.200067  -0.018358  2.000000  1.000000  0.000000  0.000000  0.000000  -0.000000  1.000000  0.000000  -1.000000  -0.000000  0.999994  0.000098  -0.003508  -0.000107  0.999997  -0.002584  0.003507  0.002584  0.999991  1.000000  0.000000  0.000000  0.000000  1.000000  0.000000  0.000000  0.000000  1.000000  1.000000  0.000000  0.000000  0.000000  -0.000000  1.000000  0.000000  -1.000000  -0.000000  0.000059  0.000000  
89.757695 0.006956  0.087783  -0.009533  0.999670  -0.023468  0.010417  -0.009261  0.048840  0.998764  -0.023948  -0.998531  0.048607  0.005600  -0.005593  -0.008163  -0.120477  0.205471  -0.014082  2.000000  1.000000  0.000000  0.000000  0.000000  -0.000000  1.000000  0.000000  -1.000000  -0.000000  0.999995  0.000107  -0.003302  -0.000116  0.999996  -0.002710  0.003302  0.002711  0.999991  1.000000  0.000000  0.000000  0.000000  1.000000  0.000000  0.000000  0.000000  1.000000  1.000000  0.000000  0.000000  0.000000  -0.000000  1.000000  0.000000  -1.000000  -0.000000  0.000059  0.000000  
89.758696 0.006961  0.087777  -0.009541  0.999670  -0.023467  0.010420  -0.009261  0.048962  0.998758  -0.023948  -0.998525  0.048728  0.005608  -0.005610  -0.008135  -0.121731  0.193226  -0.013566  2.000000  1.000000  0.000000  0.000000  0.000000  -0.000000  1.000000  0.000000  -1.000000  -0.000000  0.999995  0.000107  -0.003302  -0.000116  0.999996  -0.002710  0.003302  0.002711  0.999991  1.000000  0.000000  0.000000  0.000000  1.000000  0.000000  0.000000  0.000000  1.000000  1.000000  0.000000  0.000000  0.000000  -0.000000  1.000000  0.000000  -1.000000  -0.000000  0.000058  0.000000  
89.759943 0.006967  0.087769  -0.009552  0.999670  -0.023464  0.010426  -0.009261  0.049204  0.998746  -0.023948  -0.998513  0.048970  0.005607  -0.005637  -0.008094  -0.126141  0.179640  -0.008461  2.000000  1.000000  0.000000  0.000000  0.000000  -0.000000  1.000000  0.000000  -1.000000  -0.000000  0.999996  0.000127  -0.002891  -0.000134  0.999997  -0.002599  0.002891  0.002599  0.999992  1.000000  0.000000  0.000000  0.000000  1.000000  0.000000  0.000000  0.000000  1.000000  1.000000  0.000000  0.000000  0.000000  -0.000000  1.000000  0.000000  -1.000000  -0.000000  0.000056  0.000000  
89.761192 0.006973  0.087761  -0.009564  0.999669  -0.023607  0.010230  -0.009056  0.049321  0.998742  -0.024081  -0.998504  0.049091  0.005564  -0.005685  -0.008244  -0.129156  0.177982  -0.012859  2.000000  1.000000  0.000000  0.000000  0.000000  -0.000000  1.000000  0.000000  -1.000000  -0.000000  0.999996  0.000002  -0.002679  -0.000010  0.999996  -0.002725  0.002679  0.002725  0.999993  1.000000  0.000000  0.000000  0.000000  1.000000  0.000000  0.000000  0.000000  1.000000  1.000000  0.000000  0.000000  0.000000  -0.000000  1.000000  0.000000  -1.000000  -0.000000  0.000054  0.000000  
89.762193 0.006977  0.087753  -0.009574  0.999669  -0.023605  0.010233  -0.009056  0.049443  0.998736  -0.024081  -0.998498  0.049212  0.005515  -0.005770  -0.008431  -0.129490  0.171351  -0.012573  2.000000  1.000000  0.000000  0.000000  0.000000  -0.000000  1.000000  0.000000  -1.000000  -0.000000  0.999996  0.000002  -0.002679  -0.000009  0.999996  -0.002725  0.002679  0.002725  0.999993  1.000000  0.000000  0.000000  0.000000  1.000000  0.000000  0.000000  0.000000  1.000000  1.000000  0.000000  0.000000  0.000000  -0.000000  1.000000  0.000000  -1.000000  -0.000000  0.000054  0.000000  
89.763438 0.006983  0.087745  -0.009587  0.999669  -0.023603  0.010238  -0.009056  0.049685  0.998724  -0.024081  -0.998486  0.049455  0.005390  -0.005871  -0.008711  0.000000  0.000000  0.000000  2.000000  1.000000  0.000000  0.000000  0.000000  -0.000000  1.000000  0.000000  -1.000000  -0.000000  0.999997  0.000012  -0.002473  -0.000019  0.999996  -0.002851  0.002473  0.002851  0.999993  1.000000  0.000000  0.000000  0.000000  1.000000  0.000000  0.000000  0.000000  1.000000  1.000000  0.000000  0.000000  0.000000  -0.000000  1.000000  0.000000  -1.000000  -0.000000  0.000000  0.000000  
89.764442 0.006988  0.087738  -0.009598  0.999669  -0.023602  0.010241  -0.009056  0.049806  0.998718  -0.024081  -0.998480  0.049576  0.005320  -0.005972  -0.008986  0.000000  0.000000  0.000000  2.000000  1.000000  0.000000  0.000000  0.000000  -0.000000  1.000000  0.000000  -1.000000  -0.000000  0.999997  0.000021  -0.002268  -0.000028  0.999996  -0.002856  0.002268  0.002856  0.999993  1.000000  0.000000  0.000000  0.000000  1.000000  0.000000  0.000000  0.000000  1.000000  1.000000  0.000000  0.000000  0.000000  -0.000000  1.000000  0.000000  -1.000000  -0.000000  0.000000  0.000000  
89.765693 0.006993  0.087728  -0.009612  0.999669  -0.023600  0.010244  -0.009056  0.049927  0.998712  -0.024081  -0.998474  0.049697  0.005161  -0.006154  -0.009360  0.000000  0.000000  0.000000  2.000000  1.000000  0.000000  0.000000  0.000000  -0.000000  1.000000  0.000000  -1.000000  -0.000000  0.999998  -0.000102  -0.002056  0.000096  0.999996  -0.002862  0.002056  0.002861  0.999994  1.000000  0.000000  0.000000  0.000000  1.000000  0.000000  0.000000  0.000000  1.000000  1.000000  0.000000  0.000000  0.000000  -0.000000  1.000000  0.000000  -1.000000  -0.000000  0.000000  0.000000  
89.766939 0.006999  0.087719  -0.009625  0.999669  -0.023598  0.010250  -0.009056  0.050169  0.998700  -0.024081  -0.998462  0.049939  0.005107  -0.006270  -0.009485  0.000000  0.000000  0.000000  2.000000  1.000000  0.000000  0.000000  0.000000  -0.000000  1.000000  0.000000  -1.000000  -0.000000  0.999999  -0.000082  -0.001644  0.000077  0.999996  -0.002872  0.001645  0.002871  0.999995  1.000000  0.000000  0.000000  0.000000  1.000000  0.000000  0.000000  0.000000  1.000000  1.000000  0.000000  0.000000  0.000000  -0.000000  1.000000  0.000000  -1.000000  -0.000000  0.000000  0.000000  
89.767943 0.007004  0.087712  -0.009636  0.999669  -0.023597  0.010253  -0.009056  0.050291  0.998694  -0.024081  -0.998456  0.050060  0.005016  -0.006357  -0.009590  0.000000  0.000000  0.000000  2.000000  1.000000  0.000000  0.000000  0.000000  -0.000000  1.000000  0.000000  -1.000000  -0.000000  0.999999  -0.000072  -0.001439  0.000068  0.999996  -0.002755  0.001439  0.002755  0.999995  1.000000  0.000000  0.000000  0.000000  1.000000  0.000000  0.000000  0.000000  1.000000  1.000000  0.000000  0.000000  0.000000  -0.000000  1.000000  0.000000  -1.000000  -0.000000  0.000000  0.000000  
89.769189 0.007010  0.087704  -0.009648  0.999672  -0.023462  0.010249  -0.009056  0.050410  0.998688  -0.023948  -0.998453  0.050181  0.004976  -0.006445  -0.009664  0.000000  0.000000  0.000000  2.000000  1.000000  0.000000  0.000000  0.000000  -0.000000  1.000000  0.000000  -1.000000  -0.000000  0.999999  0.000072  -0.001240  -0.000075  0.999996  -0.002881  0.001240  0.002882  0.999995  1.000000  0.000000  0.000000  0.000000  1.000000  0.000000  0.000000  0.000000  1.000000  1.000000  0.000000  0.000000  0.000000  -0.000000  1.000000  0.000000  -1.000000  -0.000000  0.000000  0.000000  
89.770443 0.007016  0.087695  -0.009661  0.999672  -0.023461  0.010252  -0.009056  0.050532  0.998681  -0.023948  -0.998447  0.050303  0.004924  -0.006562  -0.009823  0.000000  0.000000  0.000000  2.000000  1.000000  0.000000  0.000000  0.000000  -0.000000  1.000000  0.000000  -1.000000  -0.000000  0.999999  0.000072  -0.001240  -0.000075  0.999996  -0.002760  0.001240  0.002760  0.999995  1.000000  0.000000  0.000000  0.000000  1.000000  0.000000  0.000000  0.000000  1.000000  1.000000  0.000000  0.000000  0.000000  -0.000000  1.000000  0.000000  -1.000000  -0.000000  0.000000  0.000000  
89.771688 0.007023  0.087686  -0.009674  0.999670  -0.023449  0.010460  -0.009261  0.050658  0.998673  -0.023948  -0.998441  0.050424  0.004817  -0.006747  -0.009967  0.000000  0.000000  0.000000  2.000000  1.000000  0.000000  0.000000  0.000000  -0.000000  1.000000  0.000000  -1.000000  -0.000000  1.000000  0.000092  -0.000829  -0.000094  0.999996  -0.002649  0.000829  0.002649  0.999996  1.000000  0.000000  0.000000  0.000000  1.000000  0.000000  0.000000  0.000000  1.000000  1.000000  0.000000  0.000000  0.000000  -0.000000  1.000000  0.000000  -1.000000  -0.000000  0.000000  0.000000  
89.772689 0.007027  0.087678  -0.009686  0.999670  -0.023448  0.010463  -0.009261  0.050779  0.998667  -0.023948  -0.998435  0.050545  0.004697  -0.006977  -0.010220  0.000000  0.000000  0.000000  2.000000  1.000000  0.000000  0.000000  0.000000  -0.000000  1.000000  0.000000  -1.000000  -0.000000  1.000000  0.000102  -0.000623  -0.000104  0.999996  -0.002654  0.000623  0.002654  0.999996  1.000000  0.000000  0.000000  0.000000  1.000000  0.000000  0.000000  0.000000  1.000000  1.000000  0.000000  0.000000  0.000000  -0.000000  1.000000  0.000000  -1.000000  -0.000000  0.000000  0.000000  
89.773940 0.007031  0.087667  -0.009701  0.999670  -0.023446  0.010466  -0.009261  0.050900  0.998661  -0.023948  -0.998429  0.050666  0.004555  -0.007232  -0.010522  0.000000  0.000000  0.000000  2.000000  1.000000  0.000000  0.000000  0.000000  -0.000000  1.000000  0.000000  -1.000000  -0.000000  1.000000  0.000102  -0.000623  -0.000104  0.999996  -0.002654  0.000623  0.002654  0.999996  1.000000  0.000000  0.000000  0.000000  1.000000  0.000000  0.000000  0.000000  1.000000  1.000000  0.000000  0.000000  0.000000  -0.000000  1.000000  0.000000  -1.000000  -0.000000  0.000000  0.000000  
89.775193 0.007035  0.087656  -0.009717  0.999670  -0.023445  0.010469  -0.009261  0.051021  0.998655  -0.023948  -0.998422  0.050787  0.004438  -0.007437  -0.010818  0.000000  0.000000  0.000000  2.000000  1.000000  0.000000  0.000000  0.000000  -0.000000  1.000000  0.000000  -1.000000  -0.000000  1.000000  -0.000021  -0.000411  0.000020  0.999997  -0.002537  0.000411  0.002537  0.999997  1.000000  0.000000  0.000000  0.000000  1.000000  0.000000  0.000000  0.000000  1.000000  1.000000  0.000000  0.000000  0.000000  -0.000000  1.000000  0.000000  -1.000000  -0.000000  0.000000  0.000000  
89.776193 0.007039  0.087648  -0.009729  0.999670  -0.023444  0.010471  -0.009261  0.051142  0.998648  -0.023948  -0.998416  0.050908  0.004408  -0.007531  -0.011036  0.000000  0.000000  0.000000  2.000000  1.000000  0.000000  0.000000  0.000000  -0.000000  1.000000  0.000000  -1.000000  -0.000000  1.000000  -0.000010  -0.000206  0.000010  0.999997  -0.002542  0.000206  0.002542  0.999997  1.000000  0.000000  0.000000  0.000000  1.000000  0.000000  0.000000  0.000000  1.000000  1.000000  0.000000  0.000000  0.000000  -0.000000  1.000000  0.000000  -1.000000  -0.000000  0.000000  0.000000  
89.777198 0.007042  0.087639  -0.009742  0.999668  -0.023432  0.010680  -0.009467  0.051268  0.998640  -0.023948  -0.998410  0.051029  0.004308  -0.007622  -0.011239  0.000000  0.000000  0.000000  2.000000  1.000000  0.000000  0.000000  0.000000  -0.000000  1.000000  0.000000  -1.000000  -0.000000  1.000000  0.000000  0.000000  -0.000000  0.999997  -0.002547  0.000000  0.002547  0.999997  1.000000  0.000000  0.000000  0.000000  1.000000  0.000000  0.000000  0.000000  1.000000  1.000000  0.000000  0.000000  0.000000  -0.000000  1.000000  0.000000  -1.000000  -0.000000  0.000000  0.000000  
89.778447 0.007047  0.087629  -0.009758  0.999668  -0.023431  0.010683  -0.009467  0.051389  0.998634  -0.023948  -0.998404  0.051150  0.004252  -0.007718  -0.011419  0.000000  0.000000  0.000000  2.000000  1.000000  0.000000  0.000000  0.000000  -0.000000  1.000000  0.000000  -1.000000  -0.000000  1.000000  0.000011  0.000206  -0.000010  0.999997  -0.002310  -0.000206  0.002310  0.999997  1.000000  0.000000  0.000000  0.000000  1.000000  0.000000  0.000000  0.000000  1.000000  1.000000  0.000000  0.000000  0.000000  -0.000000  1.000000  0.000000  -1.000000  -0.000000  0.000000  0.000000  
89.779693 0.007052  0.087620  -0.009774  0.999668  -0.023429  0.010686  -0.009467  0.051510  0.998628  -0.023948  -0.998398  0.051271  0.004204  -0.007753  -0.011544  0.000000  0.000000  0.000000  2.000000  1.000000  0.000000  0.000000  0.000000  -0.000000  1.000000  0.000000  -1.000000  -0.000000  1.000000  0.000011  0.000206  -0.000010  0.999997  -0.002310  -0.000206  0.002310  0.999997  1.000000  0.000000  0.000000  0.000000  1.000000  0.000000  0.000000  0.000000  1.000000  1.000000  0.000000  0.000000  0.000000  -0.000000  1.000000  0.000000  -1.000000  -0.000000  0.000000  0.000000  
89.780938 0.007057  0.087610  -0.009789  0.999668  -0.023429  0.010686  -0.009467  0.051510  0.998628  -0.023948  -0.998398  0.051271  0.004150  -0.007767  -0.011691  0.000000  0.000000  0.000000  2.000000  1.000000  0.000000  0.000000  0.000000  -0.000000  1.000000  0.000000  -1.000000  -0.000000  1.000000  0.000144  0.000199  -0.000144  0.999997  -0.002310  -0.000199  0.002310  0.999997  1.000000  0.000000  0.000000  0.000000  1.000000  0.000000  0.000000  0.000000  1.000000  1.000000  0.000000  0.000000  0.000000  -0.000000  1.000000  0.000000  -1.000000  -0.000000  0.000000  0.000000  
89.782192 0.007062  0.087601  -0.009804  0.999666  -0.023417  0.010894  -0.009673  0.051636  0.998619  -0.023948  -0.998391  0.051393  0.004134  -0.007774  -0.011794  0.000000  0.000000  0.000000  2.000000  1.000000  0.000000  0.000000  0.000000  -0.000000  1.000000  0.000000  -1.000000  -0.000000  1.000000  0.000165  0.000610  -0.000164  0.999998  -0.002198  -0.000610  0.002198  0.999997  1.000000  0.000000  0.000000  0.000000  1.000000  0.000000  0.000000  0.000000  1.000000  1.000000  0.000000  0.000000  0.000000  -0.000000  1.000000  0.000000  -1.000000  -0.000000  0.000000  0.000000  
89.783439 0.007068  0.087592  -0.009820  0.999666  -0.023416  0.010897  -0.009673  0.051757  0.998613  -0.023948  -0.998385  0.051514  0.004122  -0.007786  -0.011912  0.000000  0.000000  0.000000  2.000000  1.000000  0.000000  0.000000  0.000000  -0.000000  1.000000  0.000000  -1.000000  -0.000000  1.000000  0.000165  0.000610  -0.000164  0.999998  -0.002198  -0.000610  0.002198  0.999997  1.000000  0.000000  0.000000  0.000000  1.000000  0.000000  0.000000  0.000000  1.000000  1.000000  0.000000  0.000000  0.000000  -0.000000  1.000000  0.000000  -1.000000  -0.000000  0.000000  0.000000  
89.784689 0.007074  0.087583  -0.009836  0.999666  -0.023415  0.010900  -0.009673  0.051879  0.998607  -0.023948  -0.998379  0.051635  0.004069  -0.007831  -0.012171  0.000000  0.000000  0.000000  2.000000  1.000000  0.000000  0.000000  0.000000  -0.000000  1.000000  0.000000  -1.000000  -0.000000  1.000000  0.000166  0.000610  -0.000164  0.999998  -0.002077  -0.000610  0.002077  0.999998  1.000000  0.000000  0.000000  0.000000  1.000000  0.000000  0.000000  0.000000  1.000000  1.000000  0.000000  0.000000  0.000000  -0.000000  1.000000  0.000000  -1.000000  -0.000000  0.000000  0.000000  
89.785690 0.007078  0.087575  -0.009849  0.999666  -0.023414  0.010903  -0.009673  0.052000  0.998600  -0.023948  -0.998373  0.051756  0.004048  -0.007876  -0.012373  0.000000  0.000000  0.000000  2.000000  1.000000  0.000000  0.000000  0.000000  -0.000000  1.000000  0.000000  -1.000000  -0.000000  1.000000  0.000166  0.000610  -0.000164  0.999998  -0.002077  -0.000610  0.002077  0.999998  1.000000  0.000000  0.000000  0.000000  1.000000  0.000000  0.000000  0.000000  1.000000  1.000000  0.000000  0.000000  0.000000  -0.000000  1.000000  0.000000  -1.000000  -0.000000  0.000000  0.000000  
89.786936 0.007083  0.087565  -0.009866  0.999664  -0.023401  0.011111  -0.009879  0.052126  0.998592  -0.023948  -0.998366  0.051877  0.003998  -0.007945  -0.012646  0.000000  0.000000  0.000000  2.000000  1.000000  0.000000  0.000000  0.000000  -0.000000  1.000000  0.000000  -1.000000  -0.000000  1.000000  0.000166  0.000610  -0.000164  0.999998  -0.001956  -0.000610  0.001956  0.999998  1.000000  0.000000  0.000000  0.000000  1.000000  0.000000  0.000000  0.000000  1.000000  1.000000  0.000000  0.000000  0.000000  -0.000000  1.000000  0.000000  -1.000000  -0.000000  0.000000  0.000000  
89.788186 0.007088  0.087554  -0.009883  0.999668  -0.023268  0.011104  -0.009879  0.052124  0.998592  -0.023814  -0.998370  0.051877  0.003999  -0.007963  -0.012742  0.000000  0.000000  0.000000  2.000000  1.000000  0.000000  0.000000  0.000000  -0.000000  1.000000  0.000000  -1.000000  -0.000000  1.000000  0.000310  0.000808  -0.000308  0.999998  -0.001961  -0.000809  0.001960  0.999998  1.000000  0.000000  0.000000  0.000000  1.000000  0.000000  0.000000  0.000000  1.000000  1.000000  0.000000  0.000000  0.000000  -0.000000  1.000000  0.000000  -1.000000  -0.000000  0.000000  0.000000  
89.789439 0.007094  0.087543  -0.009899  0.999668  -0.023267  0.011107  -0.009879  0.052245  0.998585  -0.023814  -0.998363  0.051998  0.004028  -0.008023  -0.012762  0.000000  0.000000  0.000000  2.000000  1.000000  0.000000  0.000000  0.000000  -0.000000  1.000000  0.000000  -1.000000  -0.000000  1.000000  0.000176  0.000815  -0.000175  0.999998  -0.001960  -0.000816  0.001960  0.999998  1.000000  0.000000  0.000000  0.000000  1.000000  0.000000  0.000000  0.000000  1.000000  1.000000  0.000000  0.000000  0.000000  -0.000000  1.000000  0.000000  -1.000000  -0.000000  0.000000  0.000000  
89.790695 0.007099  0.087532  -0.009915  0.999668  -0.023265  0.011110  -0.009879  0.052367  0.998579  -0.023814  -0.998357  0.052119  0.004153  -0.007979  -0.012765  0.000000  0.000000  0.000000  2.000000  1.000000  0.000000  0.000000  0.000000  -0.000000  1.000000  0.000000  -1.000000  -0.000000  1.000000  0.000177  0.000815  -0.000175  0.999998  -0.001960  -0.000815  0.001960  0.999998  1.000000  0.000000  0.000000  0.000000  1.000000  0.000000  0.000000  0.000000  1.000000  1.000000  0.000000  0.000000  0.000000  -0.000000  1.000000  0.000000  -1.000000  -0.000000  0.000000  0.000000  
89.791939 0.007105  0.087522  -0.009931  0.999669  -0.023119  0.011311  -0.010085  0.052491  0.998570  -0.023680  -0.998354  0.052241  0.004208  -0.007985  -0.012772  0.000000  0.000000  0.000000  2.000000  1.000000  0.000000  0.000000  0.000000  -0.000000  1.000000  0.000000  -1.000000  -0.000000  1.000000  0.000310  0.000808  -0.000309  0.999998  -0.001839  -0.000809  0.001839  0.999998  1.000000  0.000000  0.000000  0.000000  1.000000  0.000000  0.000000  0.000000  1.000000  1.000000  0.000000  0.000000  0.000000  -0.000000  1.000000  0.000000  -1.000000  -0.000000  0.000000  0.000000  
89.792944 0.007110  0.087514  -0.009943  0.999669  -0.023119  0.011311  -0.010085  0.052491  0.998570  -0.023680  -0.998354  0.052241  0.004324  -0.007937  -0.012738  0.000000  0.000000  0.000000  2.000000  1.000000  0.000000  0.000000  0.000000  -0.000000  1.000000  0.000000  -1.000000  -0.000000  1.000000  0.000310  0.000808  -0.000309  0.999998  -0.001718  -0.000809  0.001718  0.999998  1.000000  0.000000  0.000000  0.000000  1.000000  0.000000  0.000000  0.000000  1.000000  1.000000  0.000000  0.000000  0.000000  -0.000000  1.000000  0.000000  -1.000000  -0.000000  0.000000  0.000000  
