1-Time 2-Px 3-Py 4-Pz 5-R11 6-R21 7-R31 8-R12 9-R22 10-R32 11-R13 12-R23 13-R33 14-Vx 15-Vy 16-Vz 17-Wx 18-Wy 19-Wz 20-state 21-PR11 22-PR21 23-PR31 24-PR12 25-PR22 26-PR32 27-PR13 28-PR23 29-PR33 
93.209469 0.007483  0.092196  -0.007516  0.998624  -0.011572  -0.051154  0.012953  0.999558  0.026749  0.050822  -0.027374  0.998333  -0.000071  -0.000110  -0.000087  0.000000  0.000000  0.000000  2.000000  1.000000  0.000000  0.000000  -0.000000  1.000000  0.000000  0.000000  -0.000000  1.000000  1.000000  -0.000004  0.000134  0.000004  1.000000  0.000000  -0.000134  0.000000  1.000000  1.000000  0.000000  0.000000  0.000000  1.000000  0.000000  0.000000  0.000000  1.000000  0.410465  0.882566  -0.229338  -0.818512  0.467454  0.333953  0.401940  0.050640  0.914265  0.000000  0.000000  
93.210478 0.007483  0.092196  -0.007516  0.998624  -0.011572  -0.051154  0.012953  0.999558  0.026749  0.050822  -0.027374  0.998333  -0.000059  -0.000116  -0.000124  0.000000  0.000000  0.000000  2.000000  1.000000  0.000000  0.000000  0.000000  1.000000  0.000000  0.000000  0.000000  1.000000  1.000000  -0.000004  0.000134  0.000004  1.000000  0.000000  -0.000134  0.000000  1.000000  1.000000  0.000000  0.000000  0.000000  1.000000  0.000000  0.000000  0.000000  1.000000  1.000000  0.000000  0.000000  0.000000  1.000000  0.000000  0.000000  0.000000  1.000000  0.000000  0.000000  
93.211479 0.007484  0.092194  -0.007519  0.998617  -0.011562  -0.051289  0.012953  0.999555  0.026868  0.050955  -0.027495  0.998322  -0.000007  -0.000213  -0.000303  0.000000  0.000000  0.000000  2.000000  1.000000  0.000000  0.000000  0.000000  1.000000  0.000000  0.000000  0.000000  1.000000  1.000000  -0.000004  0.000134  0.000004  1.000000  0.000121  -0.000134  -0.000121  1.000000  1.000000  0.000000  0.000000  0.000000  1.000000  0.000000  0.000000  0.000000  1.000000  1.000000  0.000000  0.000000  0.000000  1.000000  0.000000  0.000000  0.000000  1.000000  0.000000  0.000000  
93.212728 0.007484  0.092191  -0.007524  0.998610  -0.011558  -0.051422  0.012953  0.999555  0.026866  0.051089  -0.027495  0.998316  0.000039  -0.000427  -0.000610  0.000000  0.000000  0.000000  2.000000  1.000000  0.000000  0.000000  0.000000  1.000000  0.000000  0.000000  0.000000  1.000000  1.000000  0.000004  -0.000134  -0.000004  1.000000  0.000121  0.000134  -0.000121  1.000000  1.000000  0.000000  0.000000  0.000000  1.000000  0.000000  0.000000  0.000000  1.000000  1.000000  0.000000  0.000000  0.000000  1.000000  0.000000  0.000000  0.000000  1.000000  0.000000  0.000000  
93.213979 0.007486  0.092188  -0.007528  0.998594  -0.011750  -0.051696  0.013158  0.999550  0.026973  0.051356  -0.027616  0.998299  0.000138  -0.000642  -0.000921  0.000000  0.000000  0.000000  2.000000  1.000000  0.000000  0.000000  0.000000  1.000000  0.000000  0.000000  0.000000  1.000000  1.000000  -0.000194  -0.000407  0.000195  1.000000  0.000232  0.000407  -0.000232  1.000000  1.000000  0.000000  0.000000  0.000000  1.000000  0.000000  0.000000  0.000000  1.000000  1.000000  0.000000  0.000000  0.000000  1.000000  0.000000  0.000000  0.000000  1.000000  0.000000  0.000000  
93.215226 0.007488  0.092184  -0.007532  0.998587  -0.011740  -0.051831  0.013158  0.999546  0.027093  0.051490  -0.027737  0.998288  0.000286  -0.000879  -0.001190  0.000000  0.000000  0.000000  2.000000  1.000000  0.000000  0.000000  0.000000  1.000000  0.000000  0.000000  0.000000  1.000000  1.000000  -0.000191  -0.000541  0.000191  1.000000  0.000353  0.000541  -0.000353  1.000000  1.000000  0.000000  0.000000  0.000000  1.000000  0.000000  0.000000  0.000000  1.000000  1.000000  0.000000  0.000000  0.000000  1.000000  0.000000  0.000000  0.000000  1.000000  0.000000  0.000000  
93.216229 0.007490  0.092182  -0.007536  0.998580  -0.011730  -0.051966  0.013158  0.999543  0.027212  0.051623  -0.027858  0.998278  0.000479  -0.001010  -0.001438  0.000000  0.000000  0.000000  2.000000  1.000000  0.000000  0.000000  0.000000  1.000000  0.000000  0.000000  0.000000  1.000000  1.000000  -0.000187  -0.000674  0.000187  1.000000  0.000475  0.000674  -0.000475  1.000000  1.000000  0.000000  0.000000  0.000000  1.000000  0.000000  0.000000  0.000000  1.000000  1.000000  0.000000  0.000000  0.000000  1.000000  0.000000  0.000000  0.000000  1.000000  0.000000  0.000000  
93.217481 0.007493  0.092178  -0.007541  0.998570  -0.011926  -0.052107  0.013363  0.999537  0.027321  0.051757  -0.027978  0.998268  0.000693  -0.001252  -0.001748  0.000000  0.000000  0.000000  2.000000  1.000000  0.000000  0.000000  0.000000  1.000000  0.000000  0.000000  0.000000  1.000000  1.000000  -0.000392  -0.000680  0.000393  1.000000  0.000585  0.000680  -0.000586  1.000000  1.000000  0.000000  0.000000  0.000000  1.000000  0.000000  0.000000  0.000000  1.000000  1.000000  0.000000  0.000000  0.000000  1.000000  0.000000  0.000000  0.000000  1.000000  0.000000  0.000000  
93.218724 0.007497  0.092175  -0.007545  0.998570  -0.011926  -0.052107  0.013363  0.999537  0.027321  0.051757  -0.027978  0.998268  0.000894  -0.001491  -0.002023  0.000000  0.000000  0.000000  2.000000  1.000000  0.000000  0.000000  0.000000  1.000000  0.000000  0.000000  0.000000  1.000000  1.000000  -0.000389  -0.000814  0.000389  1.000000  0.000585  0.000814  -0.000585  0.999999  1.000000  0.000000  0.000000  0.000000  1.000000  0.000000  0.000000  0.000000  1.000000  1.000000  0.000000  0.000000  0.000000  1.000000  0.000000  0.000000  0.000000  1.000000  0.000000  0.000000  
93.219974 0.007500  0.092172  -0.007550  0.998563  -0.011916  -0.052242  0.013363  0.999534  0.027441  0.051891  -0.028099  0.998257  0.001113  -0.001712  -0.002378  0.000000  0.000000  0.000000  2.000000  1.000000  0.000000  0.000000  0.000000  1.000000  0.000000  0.000000  0.000000  1.000000  0.999999  -0.000381  -0.001081  0.000382  1.000000  0.000585  0.001081  -0.000586  0.999999  1.000000  0.000000  0.000000  0.000000  1.000000  0.000000  0.000000  0.000000  1.000000  1.000000  0.000000  0.000000  0.000000  1.000000  0.000000  0.000000  0.000000  1.000000  0.000000  0.000000  
93.220976 0.007502  0.092169  -0.007555  0.998547  -0.012114  -0.052515  0.013569  0.999532  0.027426  0.052158  -0.028099  0.998243  0.001278  -0.001850  -0.002694  0.000000  0.000000  0.000000  2.000000  1.000000  0.000000  0.000000  0.000000  1.000000  0.000000  0.000000  0.000000  1.000000  0.999999  -0.000579  -0.001355  0.000580  1.000000  0.000696  0.001354  -0.000696  0.999999  1.000000  0.000000  0.000000  0.000000  1.000000  0.000000  0.000000  0.000000  1.000000  1.000000  0.000000  0.000000  0.000000  1.000000  0.000000  0.000000  0.000000  1.000000  0.000000  0.000000  
93.222224 0.007505  0.092166  -0.007562  0.998530  -0.012313  -0.052787  0.013774  0.999529  0.027412  0.052425  -0.028099  0.998229  0.001452  -0.002028  -0.003138  0.000000  0.000000  0.000000  2.000000  1.000000  0.000000  0.000000  0.000000  1.000000  0.000000  0.000000  0.000000  1.000000  0.999999  -0.000571  -0.001622  0.000573  1.000000  0.000695  0.001622  -0.000696  0.999998  1.000000  0.000000  0.000000  0.000000  1.000000  0.000000  0.000000  0.000000  1.000000  1.000000  0.000000  0.000000  0.000000  1.000000  0.000000  0.000000  0.000000  1.000000  0.000000  0.000000  
93.223225 0.007507  0.092164  -0.007568  0.998516  -0.012305  -0.053054  0.013774  0.999529  0.027408  0.052692  -0.028098  0.998215  0.001635  -0.002148  -0.003535  0.000000  0.000000  0.000000  2.000000  1.000000  0.000000  0.000000  0.000000  1.000000  0.000000  0.000000  0.000000  1.000000  0.999998  -0.000769  -0.001896  0.000771  0.999999  0.000684  0.001895  -0.000686  0.999998  1.000000  0.000000  0.000000  0.000000  1.000000  0.000000  0.000000  0.000000  1.000000  1.000000  0.000000  0.000000  0.000000  1.000000  0.000000  0.000000  0.000000  1.000000  0.000000  0.000000  
93.224475 0.007511  0.092162  -0.007576  0.998492  -0.012499  -0.053461  0.013979  0.999527  0.027391  0.053093  -0.028098  0.998194  0.001883  -0.002314  -0.004074  0.000000  0.000000  0.000000  2.000000  1.000000  0.000000  0.000000  0.000000  1.000000  0.000000  0.000000  0.000000  1.000000  0.999997  -0.000967  -0.002169  0.000969  0.999999  0.000673  0.002168  -0.000675  0.999997  1.000000  0.000000  0.000000  0.000000  1.000000  0.000000  0.000000  0.000000  1.000000  1.000000  0.000000  0.000000  0.000000  1.000000  0.000000  0.000000  0.000000  1.000000  0.000000  0.000000  
93.225478 0.007513  0.092159  -0.007582  0.998485  -0.012496  -0.053594  0.013979  0.999527  0.027390  0.053227  -0.028097  0.998187  0.002007  -0.002443  -0.004402  0.000000  0.000000  0.000000  2.000000  1.000000  0.000000  0.000000  0.000000  1.000000  0.000000  0.000000  0.000000  1.000000  0.999997  -0.000960  -0.002436  0.000961  0.999999  0.000673  0.002436  -0.000675  0.999997  1.000000  0.000000  0.000000  0.000000  1.000000  0.000000  0.000000  0.000000  1.000000  1.000000  0.000000  0.000000  0.000000  1.000000  0.000000  0.000000  0.000000  1.000000  0.000000  0.000000  
93.226734 0.007517  0.092156  -0.007590  0.998467  -0.012694  -0.053867  0.014184  0.999525  0.027375  0.053494  -0.028097  0.998173  0.002269  -0.002484  -0.004713  0.000000  0.000000  0.000000  2.000000  1.000000  0.000000  0.000000  0.000000  1.000000  0.000000  0.000000  0.000000  1.000000  0.999996  -0.001158  -0.002710  0.001160  0.999999  0.000662  0.002709  -0.000665  0.999996  1.000000  0.000000  0.000000  0.000000  1.000000  0.000000  0.000000  0.000000  1.000000  1.000000  0.000000  0.000000  0.000000  1.000000  0.000000  0.000000  0.000000  1.000000  0.000000  0.000000  
93.227981 0.007522  0.092153  -0.007597  0.998453  -0.012680  -0.054136  0.014184  0.999521  0.027492  0.053761  -0.028218  0.998155  0.002488  -0.002498  -0.004886  0.000000  0.000000  0.000000  2.000000  1.000000  0.000000  0.000000  0.000000  1.000000  0.000000  0.000000  0.000000  1.000000  0.999995  -0.001150  -0.002977  0.001152  0.999999  0.000783  0.002976  -0.000786  0.999995  1.000000  0.000000  0.000000  0.000000  1.000000  0.000000  0.000000  0.000000  1.000000  1.000000  0.000000  0.000000  0.000000  1.000000  0.000000  0.000000  0.000000  1.000000  0.000000  0.000000  
93.228982 0.007525  0.092150  -0.007603  0.998443  -0.012875  -0.054276  0.014390  0.999515  0.027600  0.053895  -0.028338  0.998144  0.002626  -0.002517  -0.004987  0.000000  0.000000  0.000000  2.000000  1.000000  0.000000  0.000000  0.000000  1.000000  0.000000  0.000000  0.000000  1.000000  0.999995  -0.001146  -0.003111  0.001149  0.999999  0.000783  0.003110  -0.000786  0.999995  1.000000  0.000000  0.000000  0.000000  1.000000  0.000000  0.000000  0.000000  1.000000  1.000000  0.000000  0.000000  0.000000  1.000000  0.000000  0.000000  0.000000  1.000000  0.000000  0.000000  
93.230236 0.007529  0.092147  -0.007609  0.998428  -0.012861  -0.054545  0.014389  0.999512  0.027718  0.054162  -0.028459  0.998127  0.002731  -0.002532  -0.005133  0.000000  0.000000  0.000000  2.000000  1.000000  0.000000  0.000000  0.000000  1.000000  0.000000  0.000000  0.000000  1.000000  0.999993  -0.001344  -0.003384  0.001347  0.999999  0.000892  0.003383  -0.000897  0.999994  1.000000  0.000000  0.000000  0.000000  1.000000  0.000000  0.000000  0.000000  1.000000  1.000000  0.000000  0.000000  0.000000  1.000000  0.000000  0.000000  0.000000  1.000000  0.000000  0.000000  
93.231474 0.007533  0.092142  -0.007616  0.998404  -0.013049  -0.054953  0.014595  0.999506  0.027822  0.054563  -0.028580  0.998101  0.002794  -0.002657  -0.005307  0.000000  0.000000  0.000000  2.000000  1.000000  0.000000  0.000000  0.000000  1.000000  0.000000  0.000000  0.000000  1.000000  0.999992  -0.001541  -0.003658  0.001545  0.999998  0.001002  0.003656  -0.001008  0.999993  1.000000  0.000000  0.000000  0.000000  1.000000  0.000000  0.000000  0.000000  1.000000  1.000000  0.000000  0.000000  0.000000  1.000000  0.000000  0.000000  0.000000  1.000000  0.000000  0.000000  
93.232475 0.007535  0.092137  -0.007623  0.998389  -0.013034  -0.055222  0.014594  0.999503  0.027939  0.054830  -0.028700  0.998083  0.002793  -0.002743  -0.005486  0.000000  0.000000  0.000000  2.000000  1.000000  0.000000  0.000000  0.000000  1.000000  0.000000  0.000000  0.000000  1.000000  0.999992  -0.001537  -0.003792  0.001541  0.999998  0.001002  0.003790  -0.001008  0.999992  1.000000  0.000000  0.000000  0.000000  1.000000  0.000000  0.000000  0.000000  1.000000  1.000000  0.000000  0.000000  0.000000  1.000000  0.000000  0.000000  0.000000  1.000000  0.000000  0.000000  
93.233477 0.007538  0.092132  -0.007630  0.998379  -0.013230  -0.055362  0.014800  0.999497  0.028047  0.054964  -0.028821  0.998072  0.002784  -0.002883  -0.005747  0.000000  0.000000  0.000000  2.000000  1.000000  0.000000  0.000000  0.000000  1.000000  0.000000  0.000000  0.000000  1.000000  0.999991  -0.001738  -0.003932  0.001743  0.999998  0.001111  0.003930  -0.001118  0.999992  1.000000  0.000000  0.000000  0.000000  1.000000  0.000000  0.000000  0.000000  1.000000  1.000000  0.000000  0.000000  0.000000  1.000000  0.000000  0.000000  0.000000  1.000000  0.000000  0.000000  
93.234729 0.007541  0.092127  -0.007640  0.998364  -0.013215  -0.055631  0.014800  0.999494  0.028164  0.055231  -0.028942  0.998054  0.002812  -0.003047  -0.006075  0.000000  0.000000  0.000000  2.000000  1.000000  0.000000  0.000000  0.000000  1.000000  0.000000  0.000000  0.000000  1.000000  0.999991  -0.001532  -0.003926  0.001537  0.999998  0.001122  0.003924  -0.001128  0.999992  1.000000  0.000000  0.000000  0.000000  1.000000  0.000000  0.000000  0.000000  1.000000  1.000000  0.000000  0.000000  0.000000  1.000000  0.000000  0.000000  0.000000  1.000000  0.000000  0.000000  
93.235976 0.007545  0.092121  -0.007651  0.998346  -0.013406  -0.055906  0.015005  0.999488  0.028270  0.055498  -0.029062  0.998036  0.002934  -0.003210  -0.006378  0.000000  0.000000  0.000000  2.000000  1.000000  0.000000  0.000000  0.000000  1.000000  0.000000  0.000000  0.000000  1.000000  0.999991  -0.001527  -0.004060  0.001532  0.999998  0.001243  0.004058  -0.001249  0.999991  1.000000  0.000000  0.000000  0.000000  1.000000  0.000000  0.000000  0.000000  1.000000  1.000000  0.000000  0.000000  0.000000  1.000000  0.000000  0.000000  0.000000  1.000000  0.000000  0.000000  
93.237224 0.007550  0.092116  -0.007660  0.998339  -0.013396  -0.056041  0.015005  0.999484  0.028389  0.055632  -0.029183  0.998025  0.003005  -0.003317  -0.006570  0.000000  0.000000  0.000000  2.000000  1.000000  0.000000  0.000000  0.000000  1.000000  0.000000  0.000000  0.000000  1.000000  0.999990  -0.001732  -0.004066  0.001737  0.999998  0.001231  0.004064  -0.001238  0.999991  1.000000  0.000000  0.000000  0.000000  1.000000  0.000000  0.000000  0.000000  1.000000  1.000000  0.000000  0.000000  0.000000  1.000000  0.000000  0.000000  0.000000  1.000000  0.000000  0.000000  
93.238225 0.007553  0.092113  -0.007668  0.998331  -0.013385  -0.056176  0.015005  0.999481  0.028509  0.055765  -0.029304  0.998014  0.003055  -0.003455  -0.006717  0.000000  0.000000  0.000000  2.000000  1.000000  0.000000  0.000000  0.000000  1.000000  0.000000  0.000000  0.000000  1.000000  0.999991  -0.001527  -0.004060  0.001531  0.999998  0.001121  0.004059  -0.001128  0.999991  1.000000  0.000000  0.000000  0.000000  1.000000  0.000000  0.000000  0.000000  1.000000  1.000000  0.000000  0.000000  0.000000  1.000000  0.000000  0.000000  0.000000  1.000000  0.000000  0.000000  
93.239475 0.007558  0.092109  -0.007677  0.998321  -0.013587  -0.056315  0.015210  0.999478  0.028495  0.055899  -0.029304  0.998006  0.003158  -0.003565  -0.006754  0.061216  0.173111  -0.071181  2.000000  1.000000  0.000000  0.000000  0.000000  1.000000  0.000000  0.000000  0.000000  1.000000  0.999990  -0.001728  -0.004200  0.001733  0.999998  0.001231  0.004198  -0.001238  0.999990  1.000000  0.000000  0.000000  0.000000  1.000000  0.000000  0.000000  0.000000  1.000000  1.000000  0.000000  0.000000  0.000000  1.000000  0.000000  0.000000  0.000000  1.000000  0.000049  0.000000  
93.240724 0.007563  0.092107  -0.007685  0.998306  -0.013572  -0.056584  0.015210  0.999475  0.028612  0.056166  -0.029424  0.997988  0.003278  -0.003487  -0.006729  0.064702  0.180485  -0.070280  2.000000  1.000000  0.000000  0.000000  0.000000  1.000000  0.000000  0.000000  0.000000  1.000000  0.999990  -0.001731  -0.004067  0.001736  0.999998  0.001231  0.004065  -0.001238  0.999991  1.000000  0.000000  0.000000  0.000000  1.000000  0.000000  0.000000  0.000000  1.000000  1.000000  0.000000  0.000000  0.000000  1.000000  0.000000  0.000000  0.000000  1.000000  0.000050  0.000000  
93.241770 0.007567  0.092104  -0.007689  0.998295  -0.013774  -0.056723  0.015415  0.999472  0.028599  0.056299  -0.029424  0.997980  0.003303  -0.003493  -0.006658  0.060693  0.181920  -0.077646  2.000000  1.000000  0.000000  0.000000  0.000000  1.000000  0.000000  0.000000  0.000000  1.000000  0.999990  -0.001731  -0.004067  0.001736  0.999998  0.001230  0.004065  -0.001237  0.999991  1.000000  0.000000  0.000000  0.000000  1.000000  0.000000  0.000000  0.000000  1.000000  1.000000  0.000000  0.000000  0.000000  1.000000  0.000000  0.000000  0.000000  1.000000  0.000050  0.000000  
93.242971 0.007573  0.092102  -0.007695  0.998287  -0.013763  -0.056858  0.015415  0.999469  0.028718  0.056433  -0.029545  0.997969  0.003386  -0.003399  -0.006542  0.064696  0.176086  -0.070404  2.000000  1.000000  0.000000  0.000000  0.000000  1.000000  0.000000  0.000000  0.000000  1.000000  0.999990  -0.001731  -0.004067  0.001736  0.999998  0.001351  0.004065  -0.001358  0.999991  1.000000  0.000000  0.000000  0.000000  1.000000  0.000000  0.000000  0.000000  1.000000  1.000000  0.000000  0.000000  0.000000  1.000000  0.000000  0.000000  0.000000  1.000000  0.000052  0.000000  
93.243994 0.007576  0.092100  -0.007700  0.998277  -0.013958  -0.057000  0.015621  0.999462  0.028825  0.056567  -0.029666  0.997958  0.003425  -0.003366  -0.006571  0.064796  0.177610  -0.077812  2.000000  1.000000  0.000000  0.000000  0.000000  1.000000  0.000000  0.000000  0.000000  1.000000  0.999991  -0.001735  -0.003933  0.001740  0.999998  0.001351  0.003931  -0.001358  0.999991  1.000000  0.000000  0.000000  0.000000  1.000000  0.000000  0.000000  0.000000  1.000000  1.000000  0.000000  0.000000  0.000000  1.000000  0.000000  0.000000  0.000000  1.000000  0.000051  0.000000  
93.245229 0.007580  0.092096  -0.007707  0.998266  -0.014160  -0.057139  0.015826  0.999460  0.028811  0.056700  -0.029666  0.997950  0.003420  -0.003351  -0.006567  0.060365  0.177897  -0.084744  2.000000  1.000000  0.000000  0.000000  0.000000  1.000000  0.000000  0.000000  0.000000  1.000000  0.999991  -0.001738  -0.003800  0.001744  0.999997  0.001472  0.003797  -0.001479  0.999992  1.000000  0.000000  0.000000  0.000000  1.000000  0.000000  0.000000  0.000000  1.000000  1.000000  0.000000  0.000000  0.000000  1.000000  0.000000  0.000000  0.000000  1.000000  0.000051  0.000000  
93.246479 0.007584  0.092092  -0.007715  0.998258  -0.014149  -0.057274  0.015826  0.999456  0.028930  0.056834  -0.029786  0.997939  0.003433  -0.003266  -0.006589  0.060360  0.177928  -0.084732  2.000000  1.000000  0.000000  0.000000  0.000000  1.000000  0.000000  0.000000  0.000000  1.000000  0.999993  -0.001750  -0.003399  0.001755  0.999997  0.001593  0.003396  -0.001599  0.999993  1.000000  0.000000  0.000000  0.000000  1.000000  0.000000  0.000000  0.000000  1.000000  1.000000  0.000000  0.000000  0.000000  1.000000  0.000000  0.000000  0.000000  1.000000  0.000050  0.000000  
93.247728 0.007587  0.092087  -0.007722  0.998255  -0.014348  -0.057282  0.016031  0.999450  0.029040  0.056834  -0.029907  0.997936  0.003437  -0.003239  -0.006475  0.060351  0.173435  -0.084837  2.000000  1.000000  0.000000  0.000000  0.000000  1.000000  0.000000  0.000000  0.000000  1.000000  0.999993  -0.001754  -0.003265  0.001759  0.999997  0.001593  0.003262  -0.001599  0.999993  1.000000  0.000000  0.000000  0.000000  1.000000  0.000000  0.000000  0.000000  1.000000  1.000000  0.000000  0.000000  0.000000  1.000000  0.000000  0.000000  0.000000  1.000000  0.000050  0.000000  
93.248729 0.007590  0.092084  -0.007727  0.998255  -0.014348  -0.057282  0.016031  0.999450  0.029040  0.056834  -0.029907  0.997936  0.003448  -0.003161  -0.006312  0.060341  0.173406  -0.084823  2.000000  1.000000  0.000000  0.000000  0.000000  1.000000  0.000000  0.000000  0.000000  1.000000  0.999994  -0.001757  -0.003131  0.001762  0.999997  0.001593  0.003129  -0.001598  0.999994  1.000000  0.000000  0.000000  0.000000  1.000000  0.000000  0.000000  0.000000  1.000000  1.000000  0.000000  0.000000  0.000000  1.000000  0.000000  0.000000  0.000000  1.000000  0.000051  0.000000  
93.249977 0.007594  0.092080  -0.007734  0.998244  -0.014543  -0.057423  0.016237  0.999443  0.029147  0.056967  -0.030028  0.997924  0.003449  -0.002995  -0.006087  0.000000  0.000000  0.000000  2.000000  1.000000  0.000000  0.000000  0.000000  1.000000  0.000000  0.000000  0.000000  1.000000  0.999994  -0.001761  -0.002998  0.001766  0.999997  0.001593  0.002995  -0.001598  0.999994  1.000000  0.000000  0.000000  0.000000  1.000000  0.000000  0.000000  0.000000  1.000000  1.000000  0.000000  0.000000  0.000000  1.000000  0.000000  0.000000  0.000000  1.000000  0.000051  0.000000  
93.251229 0.007598  0.092077  -0.007739  0.998241  -0.014741  -0.057431  0.016442  0.999437  0.029257  0.056967  -0.030149  0.997921  0.003457  -0.002838  -0.005696  0.000000  0.000000  0.000000  2.000000  1.000000  0.000000  0.000000  0.000000  1.000000  0.000000  0.000000  0.000000  1.000000  0.999994  -0.001974  -0.002737  0.001978  0.999997  0.001581  0.002734  -0.001586  0.999995  1.000000  0.000000  0.000000  0.000000  1.000000  0.000000  0.000000  0.000000  1.000000  1.000000  0.000000  0.000000  0.000000  1.000000  0.000000  0.000000  0.000000  1.000000  0.000000  0.000000  
93.252473 0.007602  0.092074  -0.007745  0.998241  -0.014734  -0.057433  0.016442  0.999433  0.029378  0.056967  -0.030270  0.997917  0.003403  -0.002764  -0.005474  0.000000  0.000000  0.000000  2.000000  1.000000  0.000000  0.000000  0.000000  1.000000  0.000000  0.000000  0.000000  1.000000  0.999995  -0.001776  -0.002463  0.001780  0.999997  0.001593  0.002460  -0.001597  0.999996  1.000000  0.000000  0.000000  0.000000  1.000000  0.000000  0.000000  0.000000  1.000000  1.000000  0.000000  0.000000  0.000000  1.000000  0.000000  0.000000  0.000000  1.000000  0.000000  0.000000  
93.253477 0.007605  0.092072  -0.007750  0.998230  -0.014929  -0.057574  0.016648  0.999427  0.029485  0.057101  -0.030391  0.997906  0.003363  -0.002670  -0.005329  0.000000  0.000000  0.000000  2.000000  1.000000  0.000000  0.000000  0.000000  1.000000  0.000000  0.000000  0.000000  1.000000  0.999995  -0.001985  -0.002336  0.001989  0.999997  0.001581  0.002333  -0.001585  0.999996  1.000000  0.000000  0.000000  0.000000  1.000000  0.000000  0.000000  0.000000  1.000000  1.000000  0.000000  0.000000  0.000000  1.000000  0.000000  0.000000  0.000000  1.000000  0.000000  0.000000  
93.254725 0.007608  0.092068  -0.007758  0.998226  -0.015128  -0.057582  0.016853  0.999420  0.029594  0.057101  -0.030512  0.997902  0.003210  -0.002715  -0.005262  0.000000  0.000000  0.000000  2.000000  1.000000  0.000000  0.000000  0.000000  1.000000  0.000000  0.000000  0.000000  1.000000  0.999996  -0.001993  -0.002069  0.001997  0.999997  0.001581  0.002066  -0.001585  0.999997  1.000000  0.000000  0.000000  0.000000  1.000000  0.000000  0.000000  0.000000  1.000000  1.000000  0.000000  0.000000  0.000000  1.000000  0.000000  0.000000  0.000000  1.000000  0.000000  0.000000  
93.255971 0.007611  0.092065  -0.007765  0.998234  -0.015132  -0.057449  0.016853  0.999420  0.029597  0.056967  -0.030512  0.997910  0.003093  -0.002752  -0.005325  0.000000  0.000000  0.000000  2.000000  1.000000  0.000000  0.000000  0.000000  1.000000  0.000000  0.000000  0.000000  1.000000  0.999996  -0.002001  -0.001801  0.002004  0.999997  0.001459  0.001798  -0.001463  0.999997  1.000000  0.000000  0.000000  0.000000  1.000000  0.000000  0.000000  0.000000  1.000000  1.000000  0.000000  0.000000  0.000000  1.000000  0.000000  0.000000  0.000000  1.000000  0.000000  0.000000  
93.256974 0.007613  0.092062  -0.007772  0.998230  -0.015331  -0.057457  0.017059  0.999413  0.029706  0.056967  -0.030633  0.997906  0.002968  -0.002838  -0.005449  0.000000  0.000000  0.000000  2.000000  1.000000  0.000000  0.000000  0.000000  1.000000  0.000000  0.000000  0.000000  1.000000  0.999997  -0.002009  -0.001534  0.002012  0.999997  0.001460  0.001531  -0.001463  0.999998  1.000000  0.000000  0.000000  0.000000  1.000000  0.000000  0.000000  0.000000  1.000000  1.000000  0.000000  0.000000  0.000000  1.000000  0.000000  0.000000  0.000000  1.000000  0.000000  0.000000  
93.258225 0.007615  0.092059  -0.007779  0.998230  -0.015324  -0.057458  0.017059  0.999409  0.029827  0.056967  -0.030755  0.997902  0.002809  -0.002879  -0.005514  0.000000  0.000000  0.000000  2.000000  1.000000  0.000000  0.000000  0.000000  1.000000  0.000000  0.000000  0.000000  1.000000  0.999997  -0.002013  -0.001401  0.002015  0.999997  0.001460  0.001398  -0.001462  0.999998  1.000000  0.000000  0.000000  0.000000  1.000000  0.000000  0.000000  0.000000  1.000000  1.000000  0.000000  0.000000  0.000000  1.000000  0.000000  0.000000  0.000000  1.000000  0.000000  0.000000  
93.259475 0.007617  0.092055  -0.007787  0.998227  -0.015530  -0.057465  0.017264  0.999406  0.029815  0.056967  -0.030755  0.997902  0.002638  -0.002887  -0.005604  0.000000  0.000000  0.000000  2.000000  1.000000  0.000000  0.000000  0.000000  1.000000  0.000000  0.000000  0.000000  1.000000  0.999997  -0.002223  -0.001273  0.002225  0.999997  0.001327  0.001270  -0.001329  0.999998  1.000000  0.000000  0.000000  0.000000  1.000000  0.000000  0.000000  0.000000  1.000000  1.000000  0.000000  0.000000  0.000000  1.000000  0.000000  0.000000  0.000000  1.000000  0.000000  0.000000  
93.260479 0.007619  0.092052  -0.007793  0.998234  -0.015527  -0.057333  0.017264  0.999403  0.029939  0.056834  -0.030876  0.997906  0.002546  -0.002888  -0.005630  0.000000  0.000000  0.000000  2.000000  1.000000  0.000000  0.000000  0.000000  1.000000  0.000000  0.000000  0.000000  1.000000  0.999997  -0.002026  -0.001000  0.002027  0.999997  0.001460  0.000997  -0.001462  0.999998  1.000000  0.000000  0.000000  0.000000  1.000000  0.000000  0.000000  0.000000  1.000000  1.000000  0.000000  0.000000  0.000000  1.000000  0.000000  0.000000  0.000000  1.000000  0.000000  0.000000  
93.261727 0.007621  0.092049  -0.007799  0.998231  -0.015732  -0.057339  0.017470  0.999399  0.029927  0.056834  -0.030876  0.997906  0.002417  -0.002798  -0.005517  0.000000  0.000000  0.000000  2.000000  1.000000  0.000000  0.000000  0.000000  1.000000  0.000000  0.000000  0.000000  1.000000  0.999997  -0.002239  -0.000738  0.002240  0.999997  0.001327  0.000735  -0.001328  0.999999  1.000000  0.000000  0.000000  0.000000  1.000000  0.000000  0.000000  0.000000  1.000000  1.000000  0.000000  0.000000  0.000000  1.000000  0.000000  0.000000  0.000000  1.000000  0.000000  0.000000  
93.262974 0.007622  0.092047  -0.007804  0.998223  -0.015721  -0.057474  0.017470  0.999396  0.030046  0.056967  -0.030997  0.997895  0.002269  -0.002658  -0.005423  0.000000  0.000000  0.000000  2.000000  1.000000  0.000000  0.000000  0.000000  1.000000  0.000000  0.000000  0.000000  1.000000  0.999998  -0.002038  -0.000599  0.002039  0.999997  0.001338  0.000596  -0.001340  0.999999  1.000000  0.000000  0.000000  0.000000  1.000000  0.000000  0.000000  0.000000  1.000000  1.000000  0.000000  0.000000  0.000000  1.000000  0.000000  0.000000  0.000000  1.000000  0.000000  0.000000  
93.263975 0.007623  0.092045  -0.007808  0.998220  -0.015927  -0.057481  0.017675  0.999393  0.030034  0.056967  -0.030997  0.997895  0.002165  -0.002527  -0.005330  0.000000  0.000000  0.000000  2.000000  1.000000  0.000000  0.000000  0.000000  1.000000  0.000000  0.000000  0.000000  1.000000  0.999998  -0.002038  -0.000599  0.002039  0.999997  0.001338  0.000596  -0.001339  0.999999  1.000000  0.000000  0.000000  0.000000  1.000000  0.000000  0.000000  0.000000  1.000000  1.000000  0.000000  0.000000  0.000000  1.000000  0.000000  0.000000  0.000000  1.000000  0.000000  0.000000  
93.264978 0.007624  0.092044  -0.007812  0.998220  -0.015927  -0.057481  0.017675  0.999393  0.030034  0.056967  -0.030997  0.997895  0.001978  -0.002432  -0.005205  0.000000  0.000000  0.000000  2.000000  1.000000  0.000000  0.000000  0.000000  1.000000  0.000000  0.000000  0.000000  1.000000  0.999998  -0.002042  -0.000465  0.002043  0.999997  0.001217  0.000462  -0.001218  0.999999  1.000000  0.000000  0.000000  0.000000  1.000000  0.000000  0.000000  0.000000  1.000000  1.000000  0.000000  0.000000  0.000000  1.000000  0.000000  0.000000  0.000000  1.000000  0.000000  0.000000  
93.266227 0.007625  0.092042  -0.007817  0.998227  -0.015924  -0.057349  0.017675  0.999389  0.030158  0.056834  -0.031118  0.997899  0.001805  -0.002372  -0.005187  0.000000  0.000000  0.000000  2.000000  1.000000  0.000000  0.000000  0.000000  1.000000  0.000000  0.000000  0.000000  1.000000  0.999998  -0.001845  -0.000191  0.001845  0.999997  0.001350  0.000189  -0.001351  0.999999  1.000000  0.000000  0.000000  0.000000  1.000000  0.000000  0.000000  0.000000  1.000000  1.000000  0.000000  0.000000  0.000000  1.000000  0.000000  0.000000  0.000000  1.000000  0.000000  0.000000  
93.267229 0.007625  0.092040  -0.007821  0.998224  -0.016130  -0.057355  0.017881  0.999386  0.030146  0.056834  -0.031118  0.997899  0.001588  -0.002291  -0.005158  0.000000  0.000000  0.000000  2.000000  1.000000  0.000000  0.000000  0.000000  1.000000  0.000000  0.000000  0.000000  1.000000  0.999998  -0.002054  -0.000064  0.002054  0.999997  0.001217  0.000061  -0.001217  0.999999  1.000000  0.000000  0.000000  0.000000  1.000000  0.000000  0.000000  0.000000  1.000000  1.000000  0.000000  0.000000  0.000000  1.000000  0.000000  0.000000  0.000000  1.000000  0.000000  0.000000  
93.268478 0.007625  0.092038  -0.007828  0.998224  -0.016130  -0.057355  0.017881  0.999386  0.030146  0.056834  -0.031118  0.997899  0.001357  -0.002236  -0.005161  0.000000  0.000000  0.000000  2.000000  1.000000  0.000000  0.000000  0.000000  1.000000  0.000000  0.000000  0.000000  1.000000  0.999998  -0.001849  -0.000058  0.001849  0.999998  0.001108  0.000056  -0.001108  0.999999  1.000000  0.000000  0.000000  0.000000  1.000000  0.000000  0.000000  0.000000  1.000000  1.000000  0.000000  0.000000  0.000000  1.000000  0.000000  0.000000  0.000000  1.000000  0.000000  0.000000  
93.269724 0.007625  0.092036  -0.007835  0.998224  -0.016123  -0.057357  0.017881  0.999382  0.030267  0.056834  -0.031239  0.997895  0.001174  -0.002150  -0.005120  0.000000  0.000000  0.000000  2.000000  1.000000  0.000000  0.000000  0.000000  1.000000  0.000000  0.000000  0.000000  1.000000  0.999999  -0.001644  -0.000051  0.001644  0.999998  0.001119  0.000050  -0.001119  0.999999  1.000000  0.000000  0.000000  0.000000  1.000000  0.000000  0.000000  0.000000  1.000000  1.000000  0.000000  0.000000  0.000000  1.000000  0.000000  0.000000  0.000000  1.000000  0.000000  0.000000  
93.270726 0.007625  0.092035  -0.007840  0.998216  -0.016119  -0.057491  0.017881  0.999382  0.030265  0.056967  -0.031239  0.997887  0.000946  -0.002066  -0.005090  0.000000  0.000000  0.000000  2.000000  1.000000  0.000000  0.000000  0.000000  1.000000  0.000000  0.000000  0.000000  1.000000  0.999999  -0.001643  -0.000051  0.001644  0.999998  0.001119  0.000050  -0.001119  0.999999  1.000000  0.000000  0.000000  0.000000  1.000000  0.000000  0.000000  0.000000  1.000000  1.000000  0.000000  0.000000  0.000000  1.000000  0.000000  0.000000  0.000000  1.000000  0.000000  0.000000  
93.271971 0.007625  0.092033  -0.007847  0.998212  -0.016325  -0.057497  0.018086  0.999379  0.030253  0.056967  -0.031239  0.997887  0.000778  -0.001928  -0.005005  0.000000  0.000000  0.000000  2.000000  1.000000  0.000000  0.000000  0.000000  1.000000  0.000000  0.000000  0.000000  1.000000  0.999999  -0.001643  -0.000051  0.001644  0.999998  0.000998  0.000050  -0.000998  1.000000  1.000000  0.000000  0.000000  0.000000  1.000000  0.000000  0.000000  0.000000  1.000000  1.000000  0.000000  0.000000  0.000000  1.000000  0.000000  0.000000  0.000000  1.000000  0.000000  0.000000  
93.272971 0.007625  0.092032  -0.007852  0.998212  -0.016325  -0.057497  0.018086  0.999379  0.030253  0.056967  -0.031239  0.997887  0.000653  -0.001816  -0.004936  0.000000  0.000000  0.000000  2.000000  1.000000  0.000000  0.000000  0.000000  1.000000  0.000000  0.000000  0.000000  1.000000  0.999999  -0.001643  -0.000051  0.001644  0.999998  0.000877  0.000050  -0.000877  1.000000  1.000000  0.000000  0.000000  0.000000  1.000000  0.000000  0.000000  0.000000  1.000000  1.000000  0.000000  0.000000  0.000000  1.000000  0.000000  0.000000  0.000000  1.000000  0.000000  0.000000  
93.274223 0.007624  0.092030  -0.007859  0.998212  -0.016325  -0.057497  0.018086  0.999379  0.030253  0.056967  -0.031239  0.997887  0.000479  -0.001682  -0.004908  0.000000  0.000000  0.000000  2.000000  1.000000  0.000000  0.000000  0.000000  1.000000  0.000000  0.000000  0.000000  1.000000  0.999999  -0.001442  0.000089  0.001442  0.999999  0.000767  -0.000090  -0.000767  1.000000  1.000000  0.000000  0.000000  0.000000  1.000000  0.000000  0.000000  0.000000  1.000000  1.000000  0.000000  0.000000  0.000000  1.000000  0.000000  0.000000  0.000000  1.000000  0.000000  0.000000  
93.275478 0.007624  0.092029  -0.007865  0.998212  -0.016318  -0.057499  0.018086  0.999375  0.030374  0.056967  -0.031360  0.997883  0.000340  -0.001567  -0.004804  0.000000  0.000000  0.000000  2.000000  1.000000  0.000000  0.000000  0.000000  1.000000  0.000000  0.000000  0.000000  1.000000  0.999999  -0.001237  0.000095  0.001237  0.999999  0.000779  -0.000096  -0.000779  1.000000  1.000000  0.000000  0.000000  0.000000  1.000000  0.000000  0.000000  0.000000  1.000000  1.000000  0.000000  0.000000  0.000000  1.000000  0.000000  0.000000  0.000000  1.000000  0.000000  0.000000  
93.276734 0.007624  0.092027  -0.007872  0.998220  -0.016322  -0.057365  0.018086  0.999375  0.030377  0.056834  -0.031360  0.997891  0.000231  -0.001482  -0.004845  0.000000  0.000000  0.000000  2.000000  1.000000  0.000000  0.000000  0.000000  1.000000  0.000000  0.000000  0.000000  1.000000  0.999999  -0.001031  0.000101  0.001031  0.999999  0.000669  -0.000102  -0.000669  1.000000  1.000000  0.000000  0.000000  0.000000  1.000000  0.000000  0.000000  0.000000  1.000000  1.000000  0.000000  0.000000  0.000000  1.000000  0.000000  0.000000  0.000000  1.000000  0.000000  0.000000  
93.277977 0.007623  0.092024  -0.007878  0.998220  -0.016322  -0.057365  0.018086  0.999375  0.030377  0.056834  -0.031360  0.997891  0.000026  -0.001519  -0.004963  0.000000  0.000000  0.000000  2.000000  1.000000  0.000000  0.000000  0.000000  1.000000  0.000000  0.000000  0.000000  1.000000  0.999999  -0.001031  0.000101  0.001031  0.999999  0.000669  -0.000102  -0.000669  1.000000  1.000000  0.000000  0.000000  0.000000  1.000000  0.000000  0.000000  0.000000  1.000000  1.000000  0.000000  0.000000  0.000000  1.000000  0.000000  0.000000  0.000000  1.000000  0.000000  0.000000  
93.278987 0.007622  0.092022  -0.007884  0.998212  -0.016311  -0.057501  0.018086  0.999371  0.030495  0.056967  -0.031481  0.997880  -0.000037  -0.001505  -0.005104  0.000000  0.000000  0.000000  2.000000  1.000000  0.000000  0.000000  0.000000  1.000000  0.000000  0.000000  0.000000  1.000000  0.999999  -0.001027  -0.000032  0.001027  0.999999  0.000669  0.000032  -0.000669  1.000000  1.000000  0.000000  0.000000  0.000000  1.000000  0.000000  0.000000  0.000000  1.000000  1.000000  0.000000  0.000000  0.000000  1.000000  0.000000  0.000000  0.000000  1.000000  0.000000  0.000000  
93.280231 0.007622  0.092020  -0.007891  0.998212  -0.016311  -0.057501  0.018086  0.999371  0.030495  0.056967  -0.031481  0.997880  -0.000176  -0.001545  -0.005259  0.000000  0.000000  0.000000  2.000000  1.000000  0.000000  0.000000  0.000000  1.000000  0.000000  0.000000  0.000000  1.000000  1.000000  -0.000818  -0.000160  0.000818  0.999999  0.000681  0.000159  -0.000681  1.000000  1.000000  0.000000  0.000000  0.000000  1.000000  0.000000  0.000000  0.000000  1.000000  1.000000  0.000000  0.000000  0.000000  1.000000  0.000000  0.000000  0.000000  1.000000  0.000000  0.000000  
93.281474 0.007621  0.092018  -0.007897  0.998212  -0.016311  -0.057501  0.018086  0.999371  0.030495  0.056967  -0.031481  0.997880  -0.000249  -0.001584  -0.005315  0.000000  0.000000  0.000000  2.000000  1.000000  0.000000  0.000000  0.000000  1.000000  0.000000  0.000000  0.000000  1.000000  1.000000  -0.000612  -0.000153  0.000612  1.000000  0.000571  0.000153  -0.000571  1.000000  1.000000  0.000000  0.000000  0.000000  1.000000  0.000000  0.000000  0.000000  1.000000  1.000000  0.000000  0.000000  0.000000  1.000000  0.000000  0.000000  0.000000  1.000000  0.000000  0.000000  
93.282475 0.007621  0.092016  -0.007903  0.998205  -0.016306  -0.057634  0.018086  0.999371  0.030493  0.057101  -0.031481  0.997872  -0.000288  -0.001587  -0.005346  0.000000  0.000000  0.000000  2.000000  1.000000  0.000000  0.000000  0.000000  1.000000  0.000000  0.000000  0.000000  1.000000  1.000000  -0.000608  -0.000287  0.000608  1.000000  0.000571  0.000287  -0.000571  1.000000  1.000000  0.000000  0.000000  0.000000  1.000000  0.000000  0.000000  0.000000  1.000000  1.000000  0.000000  0.000000  0.000000  1.000000  0.000000  0.000000  0.000000  1.000000  0.000000  0.000000  
93.283478 0.007621  0.092014  -0.007907  0.998205  -0.016306  -0.057634  0.018086  0.999371  0.030493  0.057101  -0.031481  0.997872  -0.000314  -0.001570  -0.005269  0.000000  0.000000  0.000000  2.000000  1.000000  0.000000  0.000000  0.000000  1.000000  0.000000  0.000000  0.000000  1.000000  1.000000  -0.000612  -0.000153  0.000612  1.000000  0.000450  0.000153  -0.000450  1.000000  1.000000  0.000000  0.000000  0.000000  1.000000  0.000000  0.000000  0.000000  1.000000  1.000000  0.000000  0.000000  0.000000  1.000000  0.000000  0.000000  0.000000  1.000000  0.000000  0.000000  
93.284479 0.007620  0.092013  -0.007911  0.998205  -0.016306  -0.057634  0.018086  0.999371  0.030493  0.057101  -0.031481  0.997872  -0.000362  -0.001533  -0.005172  0.000000  0.000000  0.000000  2.000000  1.000000  0.000000  0.000000  0.000000  1.000000  0.000000  0.000000  0.000000  1.000000  1.000000  -0.000407  -0.000147  0.000407  1.000000  0.000462  0.000147  -0.000462  1.000000  1.000000  0.000000  0.000000  0.000000  1.000000  0.000000  0.000000  0.000000  1.000000  1.000000  0.000000  0.000000  0.000000  1.000000  0.000000  0.000000  0.000000  1.000000  0.000000  0.000000  
93.285723 0.007620  0.092012  -0.007915  0.998205  -0.016306  -0.057634  0.018086  0.999371  0.030493  0.057101  -0.031481  0.997872  -0.000299  -0.001475  -0.005002  0.000000  0.000000  0.000000  2.000000  1.000000  0.000000  0.000000  0.000000  1.000000  0.000000  0.000000  0.000000  1.000000  1.000000  -0.000407  -0.000147  0.000407  1.000000  0.000340  0.000147  -0.000340  1.000000  1.000000  0.000000  0.000000  0.000000  1.000000  0.000000  0.000000  0.000000  1.000000  1.000000  0.000000  0.000000  0.000000  1.000000  0.000000  0.000000  0.000000  1.000000  0.000000  0.000000  
