1-Time 2-Px 3-Py 4-Pz 5-R11 6-R21 7-R31 8-R12 9-R22 10-R32 11-R13 12-R23 13-R33 14-Vx 15-Vy 16-Vz 17-Wx 18-Wy 19-Wz 20-state 21-PR11 22-PR21 23-PR31 24-PR12 25-PR22 26-PR32 27-PR13 28-PR23 29-PR33 
52.486387 0.008903  0.093353  -0.005920  0.999114  0.033167  -0.025904  -0.033128  0.999449  0.001951  0.025954  -0.001091  0.999663  -0.000534  0.000172  0.001560  0.000000  0.000000  0.000000  2.000000  1.000000  0.000000  0.000000  -0.000000  1.000000  0.000000  0.000000  -0.000000  1.000000  1.000000  -0.000206  0.000134  0.000206  1.000000  -0.000127  -0.000134  0.000127  1.000000  1.000000  0.000000  0.000000  0.000000  1.000000  0.000000  0.000000  0.000000  1.000000  0.704543  0.632344  -0.322119  -0.602585  0.772816  0.199113  0.374847  0.053820  0.925523  0.000000  0.000000  
52.487392 0.008903  0.093353  -0.005919  0.999114  0.033167  -0.025904  -0.033128  0.999449  0.001951  0.025954  -0.001091  0.999663  -0.000498  0.000138  0.001499  0.000000  0.000000  0.000000  2.000000  1.000000  0.000000  0.000000  0.000000  1.000000  0.000000  0.000000  0.000000  1.000000  1.000000  -0.000206  0.000134  0.000206  1.000000  -0.000127  -0.000134  0.000127  1.000000  1.000000  0.000000  0.000000  0.000000  1.000000  0.000000  0.000000  0.000000  1.000000  1.000000  0.000000  0.000000  0.000000  1.000000  0.000000  0.000000  0.000000  1.000000  0.000000  0.000000  
52.488641 0.008904  0.093352  -0.005919  0.999107  0.033373  -0.025903  -0.033334  0.999442  0.001957  0.025954  -0.001091  0.999663  -0.000404  0.000043  0.001354  0.000000  0.000000  0.000000  2.000000  1.000000  0.000000  0.000000  0.000000  1.000000  0.000000  0.000000  0.000000  1.000000  1.000000  -0.000000  0.000134  0.000000  1.000000  -0.000121  -0.000134  0.000121  1.000000  1.000000  0.000000  0.000000  0.000000  1.000000  0.000000  0.000000  0.000000  1.000000  1.000000  0.000000  0.000000  0.000000  1.000000  0.000000  0.000000  0.000000  1.000000  0.000000  0.000000  
52.489891 0.008905  0.093351  -0.005920  0.999097  0.033579  -0.026036  -0.033539  0.999435  0.001966  0.026088  -0.001091  0.999659  -0.000279  -0.000059  0.001119  0.000000  0.000000  0.000000  2.000000  1.000000  0.000000  0.000000  0.000000  1.000000  0.000000  0.000000  0.000000  1.000000  1.000000  0.000206  0.000000  -0.000206  1.000000  -0.000116  -0.000000  0.000116  1.000000  1.000000  0.000000  0.000000  0.000000  1.000000  0.000000  0.000000  0.000000  1.000000  1.000000  0.000000  0.000000  0.000000  1.000000  0.000000  0.000000  0.000000  1.000000  0.000000  0.000000  
52.491141 0.008906  0.093348  -0.005922  0.999097  0.033579  -0.026036  -0.033539  0.999435  0.001966  0.026088  -0.001091  0.999659  -0.000141  -0.000192  0.000896  0.000000  0.000000  0.000000  2.000000  1.000000  0.000000  0.000000  0.000000  1.000000  0.000000  0.000000  0.000000  1.000000  1.000000  0.000206  0.000000  -0.000206  1.000000  -0.000116  -0.000000  0.000116  1.000000  1.000000  0.000000  0.000000  0.000000  1.000000  0.000000  0.000000  0.000000  1.000000  1.000000  0.000000  0.000000  0.000000  1.000000  0.000000  0.000000  0.000000  1.000000  0.000000  0.000000  
52.492396 0.008909  0.093346  -0.005924  0.999093  0.033582  -0.026166  -0.033539  0.999435  0.002092  0.026222  -0.001213  0.999655  0.000078  -0.000354  0.000627  0.000000  0.000000  0.000000  2.000000  1.000000  0.000000  0.000000  0.000000  1.000000  0.000000  0.000000  0.000000  1.000000  1.000000  0.000206  0.000000  -0.000206  1.000000  0.000005  -0.000000  -0.000005  1.000000  1.000000  0.000000  0.000000  0.000000  1.000000  0.000000  0.000000  0.000000  1.000000  1.000000  0.000000  0.000000  0.000000  1.000000  0.000000  0.000000  0.000000  1.000000  0.000000  0.000000  
52.493653 0.008912  0.093345  -0.005925  0.999086  0.033788  -0.026166  -0.033745  0.999428  0.002097  0.026222  -0.001213  0.999655  0.000345  -0.000454  0.000436  0.000000  0.000000  0.000000  2.000000  1.000000  0.000000  0.000000  0.000000  1.000000  0.000000  0.000000  0.000000  1.000000  1.000000  0.000412  -0.000133  -0.000412  1.000000  0.000011  0.000133  -0.000011  1.000000  1.000000  0.000000  0.000000  0.000000  1.000000  0.000000  0.000000  0.000000  1.000000  1.000000  0.000000  0.000000  0.000000  1.000000  0.000000  0.000000  0.000000  1.000000  0.000000  0.000000  
52.494663 0.008915  0.093344  -0.005926  0.999079  0.033994  -0.026165  -0.033951  0.999421  0.002103  0.026222  -0.001213  0.999655  0.000590  -0.000525  0.000270  0.000000  0.000000  0.000000  2.000000  1.000000  0.000000  0.000000  0.000000  1.000000  0.000000  0.000000  0.000000  1.000000  1.000000  0.000618  -0.000133  -0.000618  1.000000  0.000016  0.000133  -0.000016  1.000000  1.000000  0.000000  0.000000  0.000000  1.000000  0.000000  0.000000  0.000000  1.000000  1.000000  0.000000  0.000000  0.000000  1.000000  0.000000  0.000000  0.000000  1.000000  0.000000  0.000000  
52.495895 0.008918  0.093342  -0.005928  0.999069  0.034197  -0.026303  -0.034156  0.999415  0.001992  0.026355  -0.001091  0.999652  0.000862  -0.000688  -0.000002  0.000000  0.000000  0.000000  2.000000  1.000000  0.000000  0.000000  0.000000  1.000000  0.000000  0.000000  0.000000  1.000000  1.000000  0.000824  -0.000267  -0.000823  1.000000  0.000143  0.000267  -0.000143  1.000000  1.000000  0.000000  0.000000  0.000000  1.000000  0.000000  0.000000  0.000000  1.000000  1.000000  0.000000  0.000000  0.000000  1.000000  0.000000  0.000000  0.000000  1.000000  0.000000  0.000000  
52.497144 0.008921  0.093339  -0.005930  0.999055  0.034608  -0.026302  -0.034567  0.999400  0.002002  0.026355  -0.001091  0.999652  0.001073  -0.000908  -0.000318  0.000000  0.000000  0.000000  2.000000  1.000000  0.000000  0.000000  0.000000  1.000000  0.000000  0.000000  0.000000  1.000000  0.999999  0.001029  -0.000266  -0.001029  0.999999  0.000027  0.000266  -0.000027  1.000000  1.000000  0.000000  0.000000  0.000000  1.000000  0.000000  0.000000  0.000000  1.000000  1.000000  0.000000  0.000000  0.000000  1.000000  0.000000  0.000000  0.000000  1.000000  0.000000  0.000000  
52.498400 0.008924  0.093337  -0.005934  0.999044  0.034814  -0.026435  -0.034773  0.999393  0.002012  0.026489  -0.001091  0.999649  0.001322  -0.001056  -0.000704  0.000000  0.000000  0.000000  2.000000  1.000000  0.000000  0.000000  0.000000  1.000000  0.000000  0.000000  0.000000  1.000000  0.999999  0.001441  -0.000400  -0.001441  0.999999  0.000038  0.000400  -0.000038  1.000000  1.000000  0.000000  0.000000  0.000000  1.000000  0.000000  0.000000  0.000000  1.000000  1.000000  0.000000  0.000000  0.000000  1.000000  0.000000  0.000000  0.000000  1.000000  0.000000  0.000000  
52.499645 0.008928  0.093336  -0.005938  0.999033  0.035020  -0.026568  -0.034979  0.999386  0.002023  0.026623  -0.001091  0.999645  0.001603  -0.001176  -0.001069  0.000000  0.000000  0.000000  2.000000  1.000000  0.000000  0.000000  0.000000  1.000000  0.000000  0.000000  0.000000  1.000000  0.999999  0.001647  -0.000400  -0.001647  0.999999  0.000044  0.000400  -0.000043  1.000000  1.000000  0.000000  0.000000  0.000000  1.000000  0.000000  0.000000  0.000000  1.000000  1.000000  0.000000  0.000000  0.000000  1.000000  0.000000  0.000000  0.000000  1.000000  0.000000  0.000000  
52.500897 0.008931  0.093334  -0.005942  0.999026  0.035226  -0.026568  -0.035184  0.999379  0.002028  0.026623  -0.001091  0.999645  0.001897  -0.001300  -0.001469  0.000000  0.000000  0.000000  2.000000  1.000000  0.000000  0.000000  0.000000  1.000000  0.000000  0.000000  0.000000  1.000000  0.999998  0.002059  -0.000533  -0.002059  0.999998  0.000055  0.000533  -0.000054  1.000000  1.000000  0.000000  0.000000  0.000000  1.000000  0.000000  0.000000  0.000000  1.000000  1.000000  0.000000  0.000000  0.000000  1.000000  0.000000  0.000000  0.000000  1.000000  0.000000  0.000000  
52.502137 0.008935  0.093332  -0.005946  0.999008  0.035634  -0.026705  -0.035595  0.999364  0.001923  0.026757  -0.000970  0.999642  0.002122  -0.001450  -0.001817  0.000000  0.000000  0.000000  2.000000  1.000000  0.000000  0.000000  0.000000  1.000000  0.000000  0.000000  0.000000  1.000000  0.999997  0.002470  -0.000666  -0.002470  0.999997  0.000066  0.000666  -0.000064  1.000000  1.000000  0.000000  0.000000  0.000000  1.000000  0.000000  0.000000  0.000000  1.000000  1.000000  0.000000  0.000000  0.000000  1.000000  0.000000  0.000000  0.000000  1.000000  0.000000  0.000000  
52.503389 0.008938  0.093329  -0.005951  0.998990  0.036046  -0.026838  -0.036007  0.999350  0.001938  0.026890  -0.000970  0.999638  0.002310  -0.001535  -0.002113  0.000000  0.000000  0.000000  2.000000  1.000000  0.000000  0.000000  0.000000  1.000000  0.000000  0.000000  0.000000  1.000000  0.999996  0.002676  -0.000666  -0.002676  0.999996  -0.000050  0.000666  0.000051  1.000000  1.000000  0.000000  0.000000  0.000000  1.000000  0.000000  0.000000  0.000000  1.000000  1.000000  0.000000  0.000000  0.000000  1.000000  0.000000  0.000000  0.000000  1.000000  0.000000  0.000000  
52.504413 0.008942  0.093327  -0.005954  0.998982  0.036251  -0.026837  -0.036212  0.999342  0.001944  0.026890  -0.000970  0.999638  0.002515  -0.001601  -0.002283  0.000000  0.000000  0.000000  2.000000  1.000000  0.000000  0.000000  0.000000  1.000000  0.000000  0.000000  0.000000  1.000000  0.999995  0.003088  -0.000933  -0.003088  0.999995  -0.000038  0.000933  0.000041  1.000000  1.000000  0.000000  0.000000  0.000000  1.000000  0.000000  0.000000  0.000000  1.000000  1.000000  0.000000  0.000000  0.000000  1.000000  0.000000  0.000000  0.000000  1.000000  0.000000  0.000000  
52.505421 0.008944  0.093325  -0.005957  0.998975  0.036457  -0.026837  -0.036418  0.999335  0.001949  0.026890  -0.000970  0.999638  0.002619  -0.001616  -0.002427  0.000000  0.000000  0.000000  2.000000  1.000000  0.000000  0.000000  0.000000  1.000000  0.000000  0.000000  0.000000  1.000000  0.999994  0.003294  -0.000933  -0.003294  0.999995  -0.000033  0.000933  0.000036  1.000000  1.000000  0.000000  0.000000  0.000000  1.000000  0.000000  0.000000  0.000000  1.000000  1.000000  0.000000  0.000000  0.000000  1.000000  0.000000  0.000000  0.000000  1.000000  0.000000  0.000000  
52.506636 0.008948  0.093322  -0.005960  0.998964  0.036663  -0.026970  -0.036623  0.999327  0.001960  0.027024  -0.000970  0.999634  0.002714  -0.001684  -0.002504  0.000000  0.000000  0.000000  2.000000  1.000000  0.000000  0.000000  0.000000  1.000000  0.000000  0.000000  0.000000  1.000000  0.999993  0.003500  -0.001067  -0.003500  0.999994  -0.000027  0.001067  0.000030  0.999999  1.000000  0.000000  0.000000  0.000000  1.000000  0.000000  0.000000  0.000000  1.000000  1.000000  0.000000  0.000000  0.000000  1.000000  0.000000  0.000000  0.000000  1.000000  0.000000  0.000000  
52.507637 0.008951  0.093320  -0.005963  0.998949  0.037075  -0.026970  -0.037035  0.999312  0.001971  0.027024  -0.000970  0.999634  0.002741  -0.001773  -0.002609  0.000000  0.000000  0.000000  2.000000  1.000000  0.000000  0.000000  0.000000  1.000000  0.000000  0.000000  0.000000  1.000000  0.999992  0.003911  -0.001066  -0.003911  0.999992  -0.000016  0.001066  0.000020  0.999999  1.000000  0.000000  0.000000  0.000000  1.000000  0.000000  0.000000  0.000000  1.000000  1.000000  0.000000  0.000000  0.000000  1.000000  0.000000  0.000000  0.000000  1.000000  0.000000  0.000000  
52.508641 0.008954  0.093317  -0.005966  0.998937  0.037280  -0.027103  -0.037240  0.999304  0.001981  0.027158  -0.000970  0.999631  0.002791  -0.001892  -0.002740  0.000000  0.000000  0.000000  2.000000  1.000000  0.000000  0.000000  0.000000  1.000000  0.000000  0.000000  0.000000  1.000000  0.999991  0.004117  -0.001200  -0.004117  0.999992  -0.000009  0.001200  0.000014  0.999999  1.000000  0.000000  0.000000  0.000000  1.000000  0.000000  0.000000  0.000000  1.000000  1.000000  0.000000  0.000000  0.000000  1.000000  0.000000  0.000000  0.000000  1.000000  0.000000  0.000000  
52.509643 0.008957  0.093313  -0.005969  0.998922  0.037692  -0.027102  -0.037652  0.999289  0.001993  0.027158  -0.000970  0.999631  0.002780  -0.002068  -0.002914  0.000000  0.000000  0.000000  2.000000  1.000000  0.000000  0.000000  0.000000  1.000000  0.000000  0.000000  0.000000  1.000000  0.999991  0.004117  -0.001066  -0.004117  0.999992  -0.000009  0.001066  0.000014  0.999999  1.000000  0.000000  0.000000  0.000000  1.000000  0.000000  0.000000  0.000000  1.000000  1.000000  0.000000  0.000000  0.000000  1.000000  0.000000  0.000000  0.000000  1.000000  0.000000  0.000000  
52.510645 0.008959  0.093309  -0.005974  0.998914  0.037898  -0.027102  -0.037857  0.999281  0.001998  0.027158  -0.000970  0.999631  0.002780  -0.002224  -0.003120  0.000000  0.000000  0.000000  2.000000  1.000000  0.000000  0.000000  0.000000  1.000000  0.000000  0.000000  0.000000  1.000000  0.999990  0.004323  -0.001066  -0.004323  0.999991  -0.000004  0.001066  0.000009  0.999999  1.000000  0.000000  0.000000  0.000000  1.000000  0.000000  0.000000  0.000000  1.000000  1.000000  0.000000  0.000000  0.000000  1.000000  0.000000  0.000000  0.000000  1.000000  0.000000  0.000000  
52.511895 0.008963  0.093304  -0.005980  0.998906  0.038103  -0.027101  -0.038063  0.999273  0.002004  0.027158  -0.000970  0.999631  0.002794  -0.002409  -0.003366  0.000000  0.000000  0.000000  2.000000  1.000000  0.000000  0.000000  0.000000  1.000000  0.000000  0.000000  0.000000  1.000000  0.999989  0.004529  -0.001066  -0.004529  0.999990  0.000002  0.001066  0.000003  0.999999  1.000000  0.000000  0.000000  0.000000  1.000000  0.000000  0.000000  0.000000  1.000000  1.000000  0.000000  0.000000  0.000000  1.000000  0.000000  0.000000  0.000000  1.000000  0.000000  0.000000  
52.513146 0.008966  0.093299  -0.005986  0.998890  0.038515  -0.027100  -0.038474  0.999258  0.002015  0.027158  -0.000970  0.999631  0.002831  -0.002609  -0.003499  0.000700  0.040273  0.179815  2.000000  1.000000  0.000000  0.000000  0.000000  1.000000  0.000000  0.000000  0.000000  1.000000  0.999987  0.004940  -0.000931  -0.004940  0.999988  -0.000108  0.000931  0.000113  1.000000  1.000000  0.000000  0.000000  0.000000  1.000000  0.000000  0.000000  0.000000  1.000000  1.000000  0.000000  0.000000  0.000000  1.000000  0.000000  0.000000  0.000000  1.000000  0.000046  0.000000  
52.514392 0.008970  0.093294  -0.005991  0.998883  0.038720  -0.027100  -0.038680  0.999250  0.002020  0.027158  -0.000970  0.999631  0.002854  -0.002805  -0.003595  0.000884  0.040272  0.186758  2.000000  1.000000  0.000000  0.000000  0.000000  1.000000  0.000000  0.000000  0.000000  1.000000  0.999987  0.004940  -0.000931  -0.004940  0.999988  -0.000108  0.000931  0.000113  1.000000  1.000000  0.000000  0.000000  0.000000  1.000000  0.000000  0.000000  0.000000  1.000000  1.000000  0.000000  0.000000  0.000000  1.000000  0.000000  0.000000  0.000000  1.000000  0.000048  0.000000  
52.515643 0.008974  0.093290  -0.005996  0.998867  0.039132  -0.027099  -0.039091  0.999234  0.002032  0.027158  -0.000970  0.999631  0.002904  -0.002980  -0.003657  0.001252  0.040255  0.200578  2.000000  1.000000  0.000000  0.000000  0.000000  1.000000  0.000000  0.000000  0.000000  1.000000  0.999987  0.004940  -0.000798  -0.004940  0.999988  -0.000108  0.000797  0.000112  1.000000  1.000000  0.000000  0.000000  0.000000  1.000000  0.000000  0.000000  0.000000  1.000000  1.000000  0.000000  0.000000  0.000000  1.000000  0.000000  0.000000  0.000000  1.000000  0.000051  0.000000  
52.516894 0.008978  0.093285  -0.006001  0.998858  0.039338  -0.027099  -0.039297  0.999226  0.002037  0.027158  -0.000970  0.999631  0.002935  -0.003115  -0.003707  0.001436  0.040258  0.207545  2.000000  1.000000  0.000000  0.000000  0.000000  1.000000  0.000000  0.000000  0.000000  1.000000  0.999987  0.004940  -0.000798  -0.004940  0.999988  0.000013  0.000798  -0.000009  1.000000  1.000000  0.000000  0.000000  0.000000  1.000000  0.000000  0.000000  0.000000  1.000000  1.000000  0.000000  0.000000  0.000000  1.000000  0.000000  0.000000  0.000000  1.000000  0.000052  0.000000  
52.517894 0.008981  0.093282  -0.006004  0.998850  0.039543  -0.027098  -0.039502  0.999217  0.002043  0.027158  -0.000970  0.999631  0.002939  -0.003259  -0.003650  0.001620  0.040253  0.214475  2.000000  1.000000  0.000000  0.000000  0.000000  1.000000  0.000000  0.000000  0.000000  1.000000  0.999987  0.004940  -0.000798  -0.004940  0.999988  0.000013  0.000798  -0.000009  1.000000  1.000000  0.000000  0.000000  0.000000  1.000000  0.000000  0.000000  0.000000  1.000000  1.000000  0.000000  0.000000  0.000000  1.000000  0.000000  0.000000  0.000000  1.000000  0.000055  0.000000  
52.519148 0.008985  0.093278  -0.006007  0.998842  0.039749  -0.027098  -0.039708  0.999209  0.002048  0.027158  -0.000970  0.999631  0.002927  -0.003366  -0.003610  0.001634  0.035750  0.214432  2.000000  1.000000  0.000000  0.000000  0.000000  1.000000  0.000000  0.000000  0.000000  1.000000  0.999988  0.004940  -0.000664  -0.004940  0.999988  0.000013  0.000664  -0.000010  1.000000  1.000000  0.000000  0.000000  0.000000  1.000000  0.000000  0.000000  0.000000  1.000000  1.000000  0.000000  0.000000  0.000000  1.000000  0.000000  0.000000  0.000000  1.000000  0.000054  0.000000  
52.520393 0.008988  0.093273  -0.006011  0.998834  0.039951  -0.027102  -0.039914  0.999201  0.001933  0.027158  -0.000849  0.999631  0.002943  -0.003502  -0.003616  -0.002423  0.035476  0.212710  2.000000  1.000000  0.000000  0.000000  0.000000  1.000000  0.000000  0.000000  0.000000  1.000000  0.999988  0.004940  -0.000531  -0.004940  0.999988  -0.000108  0.000530  0.000111  1.000000  1.000000  0.000000  0.000000  0.000000  1.000000  0.000000  0.000000  0.000000  1.000000  1.000000  0.000000  0.000000  0.000000  1.000000  0.000000  0.000000  0.000000  1.000000  0.000054  0.000000  
52.521641 0.008991  0.093268  -0.006015  0.998826  0.040157  -0.027102  -0.040119  0.999193  0.001938  0.027158  -0.000849  0.999631  0.002920  -0.003633  -0.003667  -0.002240  0.035467  0.219554  2.000000  1.000000  0.000000  0.000000  0.000000  1.000000  0.000000  0.000000  0.000000  1.000000  0.999989  0.004734  -0.000531  -0.004734  0.999989  -0.000114  0.000530  0.000117  1.000000  1.000000  0.000000  0.000000  0.000000  1.000000  0.000000  0.000000  0.000000  1.000000  1.000000  0.000000  0.000000  0.000000  1.000000  0.000000  0.000000  0.000000  1.000000  0.000056  0.000000  
52.522889 0.008994  0.093263  -0.006019  0.998826  0.040157  -0.027102  -0.040119  0.999193  0.001938  0.027158  -0.000849  0.999631  0.002874  -0.003739  -0.003679  -0.006453  0.031006  0.212730  2.000000  1.000000  0.000000  0.000000  0.000000  1.000000  0.000000  0.000000  0.000000  1.000000  0.999991  0.004322  -0.000397  -0.004322  0.999991  -0.000004  0.000397  0.000006  1.000000  1.000000  0.000000  0.000000  0.000000  1.000000  0.000000  0.000000  0.000000  1.000000  1.000000  0.000000  0.000000  0.000000  1.000000  0.000000  0.000000  0.000000  1.000000  0.000055  0.000000  
52.523892 0.008997  0.093258  -0.006022  0.998817  0.040363  -0.027101  -0.040325  0.999185  0.001944  0.027158  -0.000849  0.999631  0.002801  -0.003878  -0.003732  -0.006507  0.031267  0.214522  2.000000  1.000000  0.000000  0.000000  0.000000  1.000000  0.000000  0.000000  0.000000  1.000000  0.999991  0.004322  -0.000264  -0.004322  0.999991  -0.000004  0.000264  0.000005  1.000000  1.000000  0.000000  0.000000  0.000000  1.000000  0.000000  0.000000  0.000000  1.000000  1.000000  0.000000  0.000000  0.000000  1.000000  0.000000  0.000000  0.000000  1.000000  0.000056  0.000000  
52.524896 0.008999  0.093253  -0.006026  0.998817  0.040363  -0.027101  -0.040325  0.999185  0.001944  0.027158  -0.000849  0.999631  0.002760  -0.003908  -0.003723  -0.006438  0.026541  0.212689  2.000000  1.000000  0.000000  0.000000  0.000000  1.000000  0.000000  0.000000  0.000000  1.000000  0.999991  0.004116  -0.000264  -0.004116  0.999992  -0.000009  0.000264  0.000011  1.000000  1.000000  0.000000  0.000000  0.000000  1.000000  0.000000  0.000000  0.000000  1.000000  1.000000  0.000000  0.000000  0.000000  1.000000  0.000000  0.000000  0.000000  1.000000  0.000054  0.000000  
52.526141 0.009002  0.093248  -0.006030  0.998817  0.040363  -0.027101  -0.040325  0.999185  0.001944  0.027158  -0.000849  0.999631  0.002726  -0.003911  -0.003592  -0.002762  0.026569  0.198983  2.000000  1.000000  0.000000  0.000000  0.000000  1.000000  0.000000  0.000000  0.000000  1.000000  0.999992  0.003910  -0.000130  -0.003910  0.999992  -0.000015  0.000130  0.000016  1.000000  1.000000  0.000000  0.000000  0.000000  1.000000  0.000000  0.000000  0.000000  1.000000  1.000000  0.000000  0.000000  0.000000  1.000000  0.000000  0.000000  0.000000  1.000000  0.000052  0.000000  
52.527147 0.009005  0.093245  -0.006033  0.998809  0.040569  -0.027101  -0.040531  0.999176  0.001950  0.027158  -0.000849  0.999631  0.002756  -0.003873  -0.003440  -0.002785  0.026787  0.200610  2.000000  1.000000  0.000000  0.000000  0.000000  1.000000  0.000000  0.000000  0.000000  1.000000  0.999993  0.003704  -0.000130  -0.003704  0.999993  -0.000021  0.000130  0.000021  1.000000  1.000000  0.000000  0.000000  0.000000  1.000000  0.000000  0.000000  0.000000  1.000000  1.000000  0.000000  0.000000  0.000000  1.000000  0.000000  0.000000  0.000000  1.000000  0.000051  0.000000  
52.528396 0.009008  0.093240  -0.006036  0.998809  0.040569  -0.027101  -0.040531  0.999176  0.001950  0.027158  -0.000849  0.999631  0.002749  -0.003835  -0.003314  -0.002933  0.022116  0.192119  2.000000  1.000000  0.000000  0.000000  0.000000  1.000000  0.000000  0.000000  0.000000  1.000000  0.999995  0.003293  -0.000131  -0.003293  0.999995  -0.000032  0.000131  0.000032  1.000000  1.000000  0.000000  0.000000  0.000000  1.000000  0.000000  0.000000  0.000000  1.000000  1.000000  0.000000  0.000000  0.000000  1.000000  0.000000  0.000000  0.000000  1.000000  0.000049  0.000000  
52.529644 0.009011  0.093236  -0.006040  0.998813  0.040568  -0.026967  -0.040531  0.999176  0.001944  0.027024  -0.000849  0.999634  0.002668  -0.003826  -0.003239  -0.003117  0.013200  0.185233  2.000000  1.000000  0.000000  0.000000  0.000000  1.000000  0.000000  0.000000  0.000000  1.000000  0.999995  0.003087  0.000137  -0.003087  0.999995  -0.000038  -0.000137  0.000037  1.000000  1.000000  0.000000  0.000000  0.000000  1.000000  0.000000  0.000000  0.000000  1.000000  1.000000  0.000000  0.000000  0.000000  1.000000  0.000000  0.000000  0.000000  1.000000  0.000047  0.000000  
52.530645 0.009014  0.093232  -0.006044  0.998813  0.040568  -0.026967  -0.040531  0.999176  0.001944  0.027024  -0.000849  0.999634  0.002664  -0.003849  -0.003193  -0.003329  0.013319  0.179881  2.000000  1.000000  0.000000  0.000000  0.000000  1.000000  0.000000  0.000000  0.000000  1.000000  0.999996  0.002675  0.000136  -0.002675  0.999996  -0.000049  -0.000136  0.000049  1.000000  1.000000  0.000000  0.000000  0.000000  1.000000  0.000000  0.000000  0.000000  1.000000  1.000000  0.000000  0.000000  0.000000  1.000000  0.000000  0.000000  0.000000  1.000000  0.000045  0.000000  
52.531892 0.009017  0.093227  -0.006049  0.998813  0.040568  -0.026967  -0.040531  0.999176  0.001944  0.027024  -0.000849  0.999634  0.002603  -0.003899  -0.003232  0.000000  0.000000  0.000000  2.000000  1.000000  0.000000  0.000000  0.000000  1.000000  0.000000  0.000000  0.000000  1.000000  0.999997  0.002469  0.000136  -0.002469  0.999997  -0.000055  -0.000136  0.000054  1.000000  1.000000  0.000000  0.000000  0.000000  1.000000  0.000000  0.000000  0.000000  1.000000  1.000000  0.000000  0.000000  0.000000  1.000000  0.000000  0.000000  0.000000  1.000000  0.000000  0.000000  
52.532893 0.009018  0.093223  -0.006053  0.998813  0.040568  -0.026967  -0.040531  0.999176  0.001944  0.027024  -0.000849  0.999634  0.002494  -0.003934  -0.003317  0.000000  0.000000  0.000000  2.000000  1.000000  0.000000  0.000000  0.000000  1.000000  0.000000  0.000000  0.000000  1.000000  0.999998  0.002058  0.000136  -0.002058  0.999998  -0.000066  -0.000136  0.000065  1.000000  1.000000  0.000000  0.000000  0.000000  1.000000  0.000000  0.000000  0.000000  1.000000  1.000000  0.000000  0.000000  0.000000  1.000000  0.000000  0.000000  0.000000  1.000000  0.000000  0.000000  
52.533896 0.009020  0.093219  -0.006058  0.998813  0.040568  -0.026967  -0.040531  0.999176  0.001944  0.027024  -0.000849  0.999634  0.002416  -0.004011  -0.003471  0.000000  0.000000  0.000000  2.000000  1.000000  0.000000  0.000000  0.000000  1.000000  0.000000  0.000000  0.000000  1.000000  0.999998  0.001852  0.000135  -0.001852  0.999998  -0.000071  -0.000136  0.000071  1.000000  1.000000  0.000000  0.000000  0.000000  1.000000  0.000000  0.000000  0.000000  1.000000  1.000000  0.000000  0.000000  0.000000  1.000000  0.000000  0.000000  0.000000  1.000000  0.000000  0.000000  
52.535144 0.009023  0.093213  -0.006063  0.998804  0.040774  -0.026967  -0.040736  0.999168  0.001950  0.027024  -0.000849  0.999634  0.002344  -0.004043  -0.003524  0.000000  0.000000  0.000000  2.000000  1.000000  0.000000  0.000000  0.000000  1.000000  0.000000  0.000000  0.000000  1.000000  0.999998  0.001852  0.000135  -0.001852  0.999998  -0.000071  -0.000136  0.000071  1.000000  1.000000  0.000000  0.000000  0.000000  1.000000  0.000000  0.000000  0.000000  1.000000  1.000000  0.000000  0.000000  0.000000  1.000000  0.000000  0.000000  0.000000  1.000000  0.000000  0.000000  
52.536391 0.009025  0.093209  -0.006068  0.998809  0.040569  -0.027101  -0.040531  0.999176  0.001950  0.027158  -0.000849  0.999631  0.002275  -0.004020  -0.003624  0.000000  0.000000  0.000000  2.000000  1.000000  0.000000  0.000000  0.000000  1.000000  0.000000  0.000000  0.000000  1.000000  0.999999  0.001235  0.000135  -0.001235  0.999999  -0.000088  -0.000135  0.000088  1.000000  1.000000  0.000000  0.000000  0.000000  1.000000  0.000000  0.000000  0.000000  1.000000  1.000000  0.000000  0.000000  0.000000  1.000000  0.000000  0.000000  0.000000  1.000000  0.000000  0.000000  
52.537391 0.009027  0.093205  -0.006072  0.998809  0.040569  -0.027101  -0.040531  0.999176  0.001950  0.027158  -0.000849  0.999631  0.002271  -0.003975  -0.003682  0.000000  0.000000  0.000000  2.000000  1.000000  0.000000  0.000000  0.000000  1.000000  0.000000  0.000000  0.000000  1.000000  0.999999  0.001235  0.000001  -0.001235  0.999999  -0.000088  -0.000001  0.000088  1.000000  1.000000  0.000000  0.000000  0.000000  1.000000  0.000000  0.000000  0.000000  1.000000  1.000000  0.000000  0.000000  0.000000  1.000000  0.000000  0.000000  0.000000  1.000000  0.000000  0.000000  
52.538396 0.009029  0.093201  -0.006076  0.998809  0.040569  -0.027101  -0.040531  0.999176  0.001950  0.027158  -0.000849  0.999631  0.002222  -0.003902  -0.003689  0.000000  0.000000  0.000000  2.000000  1.000000  0.000000  0.000000  0.000000  1.000000  0.000000  0.000000  0.000000  1.000000  0.999999  0.001029  0.000001  -0.001029  0.999999  -0.000093  -0.000001  0.000093  1.000000  1.000000  0.000000  0.000000  0.000000  1.000000  0.000000  0.000000  0.000000  1.000000  1.000000  0.000000  0.000000  0.000000  1.000000  0.000000  0.000000  0.000000  1.000000  0.000000  0.000000  
52.539640 0.009031  0.093197  -0.006081  0.998809  0.040569  -0.027101  -0.040531  0.999176  0.001950  0.027158  -0.000849  0.999631  0.002190  -0.003818  -0.003675  0.000000  0.000000  0.000000  2.000000  1.000000  0.000000  0.000000  0.000000  1.000000  0.000000  0.000000  0.000000  1.000000  1.000000  0.000823  0.000001  -0.000823  1.000000  -0.000099  -0.000001  0.000099  1.000000  1.000000  0.000000  0.000000  0.000000  1.000000  0.000000  0.000000  0.000000  1.000000  1.000000  0.000000  0.000000  0.000000  1.000000  0.000000  0.000000  0.000000  1.000000  0.000000  0.000000  
52.540641 0.009033  0.093195  -0.006084  0.998809  0.040569  -0.027101  -0.040531  0.999176  0.001950  0.027158  -0.000849  0.999631  0.002144  -0.003720  -0.003687  0.000000  0.000000  0.000000  2.000000  1.000000  0.000000  0.000000  0.000000  1.000000  0.000000  0.000000  0.000000  1.000000  1.000000  0.000617  0.000001  -0.000617  1.000000  0.000017  -0.000001  -0.000017  1.000000  1.000000  0.000000  0.000000  0.000000  1.000000  0.000000  0.000000  0.000000  1.000000  1.000000  0.000000  0.000000  0.000000  1.000000  0.000000  0.000000  0.000000  1.000000  0.000000  0.000000  
52.541893 0.009035  0.093192  -0.006088  0.998809  0.040569  -0.027101  -0.040531  0.999176  0.001950  0.027158  -0.000849  0.999631  0.002114  -0.003558  -0.003679  0.000000  0.000000  0.000000  2.000000  1.000000  0.000000  0.000000  0.000000  1.000000  0.000000  0.000000  0.000000  1.000000  1.000000  0.000412  0.000000  -0.000412  1.000000  0.000011  -0.000000  -0.000011  1.000000  1.000000  0.000000  0.000000  0.000000  1.000000  0.000000  0.000000  0.000000  1.000000  1.000000  0.000000  0.000000  0.000000  1.000000  0.000000  0.000000  0.000000  1.000000  0.000000  0.000000  
52.543140 0.009038  0.093189  -0.006092  0.998809  0.040569  -0.027101  -0.040531  0.999176  0.001950  0.027158  -0.000849  0.999631  0.002040  -0.003463  -0.003754  0.000000  0.000000  0.000000  2.000000  1.000000  0.000000  0.000000  0.000000  1.000000  0.000000  0.000000  0.000000  1.000000  1.000000  0.000412  0.000000  -0.000412  1.000000  0.000011  -0.000000  -0.000011  1.000000  1.000000  0.000000  0.000000  0.000000  1.000000  0.000000  0.000000  0.000000  1.000000  1.000000  0.000000  0.000000  0.000000  1.000000  0.000000  0.000000  0.000000  1.000000  0.000000  0.000000  
52.544143 0.009040  0.093187  -0.006096  0.998809  0.040569  -0.027101  -0.040531  0.999176  0.001950  0.027158  -0.000849  0.999631  0.001961  -0.003389  -0.003832  0.000000  0.000000  0.000000  2.000000  1.000000  0.000000  0.000000  0.000000  1.000000  0.000000  0.000000  0.000000  1.000000  1.000000  0.000206  0.000000  -0.000206  1.000000  0.000006  -0.000000  -0.000006  1.000000  1.000000  0.000000  0.000000  0.000000  1.000000  0.000000  0.000000  0.000000  1.000000  1.000000  0.000000  0.000000  0.000000  1.000000  0.000000  0.000000  0.000000  1.000000  0.000000  0.000000  
52.545395 0.009042  0.093184  -0.006101  0.998806  0.040569  -0.027235  -0.040530  0.999176  0.001955  0.027292  -0.000849  0.999627  0.001907  -0.003238  -0.003897  0.000000  0.000000  0.000000  2.000000  1.000000  0.000000  0.000000  0.000000  1.000000  0.000000  0.000000  0.000000  1.000000  1.000000  0.000206  -0.000134  -0.000206  1.000000  0.000006  0.000134  -0.000006  1.000000  1.000000  0.000000  0.000000  0.000000  1.000000  0.000000  0.000000  0.000000  1.000000  1.000000  0.000000  0.000000  0.000000  1.000000  0.000000  0.000000  0.000000  1.000000  0.000000  0.000000  
52.546399 0.009044  0.093182  -0.006105  0.998806  0.040565  -0.027240  -0.040530  0.999177  0.001834  0.027292  -0.000728  0.999627  0.001919  -0.003075  -0.003860  0.000000  0.000000  0.000000  2.000000  1.000000  0.000000  0.000000  0.000000  1.000000  0.000000  0.000000  0.000000  1.000000  1.000000  0.000206  -0.000134  -0.000206  1.000000  -0.000116  0.000134  0.000116  1.000000  1.000000  0.000000  0.000000  0.000000  1.000000  0.000000  0.000000  0.000000  1.000000  1.000000  0.000000  0.000000  0.000000  1.000000  0.000000  0.000000  0.000000  1.000000  0.000000  0.000000  
52.547645 0.009046  0.093180  -0.006110  0.998806  0.040565  -0.027240  -0.040530  0.999177  0.001834  0.027292  -0.000728  0.999627  0.001892  -0.002916  -0.003858  0.000000  0.000000  0.000000  2.000000  1.000000  0.000000  0.000000  0.000000  1.000000  0.000000  0.000000  0.000000  1.000000  1.000000  0.000000  -0.000134  -0.000000  1.000000  -0.000121  0.000134  0.000121  1.000000  1.000000  0.000000  0.000000  0.000000  1.000000  0.000000  0.000000  0.000000  1.000000  1.000000  0.000000  0.000000  0.000000  1.000000  0.000000  0.000000  0.000000  1.000000  0.000000  0.000000  
52.548646 0.009048  0.093178  -0.006114  0.998806  0.040569  -0.027235  -0.040530  0.999176  0.001955  0.027292  -0.000849  0.999627  0.001882  -0.002725  -0.003798  0.000000  0.000000  0.000000  2.000000  1.000000  0.000000  0.000000  0.000000  1.000000  0.000000  0.000000  0.000000  1.000000  1.000000  0.000000  -0.000268  -0.000000  1.000000  0.000000  0.000268  0.000000  1.000000  1.000000  0.000000  0.000000  0.000000  1.000000  0.000000  0.000000  0.000000  1.000000  1.000000  0.000000  0.000000  0.000000  1.000000  0.000000  0.000000  0.000000  1.000000  0.000000  0.000000  
52.549895 0.009051  0.093176  -0.006118  0.998806  0.040569  -0.027235  -0.040530  0.999176  0.001955  0.027292  -0.000849  0.999627  0.001864  -0.002508  -0.003748  0.000000  0.000000  0.000000  2.000000  1.000000  0.000000  0.000000  0.000000  1.000000  0.000000  0.000000  0.000000  1.000000  1.000000  0.000000  -0.000268  -0.000000  1.000000  0.000000  0.000268  0.000000  1.000000  1.000000  0.000000  0.000000  0.000000  1.000000  0.000000  0.000000  0.000000  1.000000  1.000000  0.000000  0.000000  0.000000  1.000000  0.000000  0.000000  0.000000  1.000000  0.000000  0.000000  
52.551144 0.009054  0.093175  -0.006123  0.998806  0.040569  -0.027235  -0.040530  0.999176  0.001955  0.027292  -0.000849  0.999627  0.001911  -0.002295  -0.003737  0.000000  0.000000  0.000000  2.000000  1.000000  0.000000  0.000000  0.000000  1.000000  0.000000  0.000000  0.000000  1.000000  1.000000  0.000000  -0.000268  -0.000000  1.000000  0.000000  0.000268  0.000000  1.000000  1.000000  0.000000  0.000000  0.000000  1.000000  0.000000  0.000000  0.000000  1.000000  1.000000  0.000000  0.000000  0.000000  1.000000  0.000000  0.000000  0.000000  1.000000  0.000000  0.000000  
52.552389 0.009056  0.093173  -0.006128  0.998806  0.040569  -0.027235  -0.040530  0.999176  0.001955  0.027292  -0.000849  0.999627  0.001927  -0.002131  -0.003701  0.000000  0.000000  0.000000  2.000000  1.000000  0.000000  0.000000  0.000000  1.000000  0.000000  0.000000  0.000000  1.000000  1.000000  0.000000  -0.000268  -0.000000  1.000000  0.000000  0.000268  0.000000  1.000000  1.000000  0.000000  0.000000  0.000000  1.000000  0.000000  0.000000  0.000000  1.000000  1.000000  0.000000  0.000000  0.000000  1.000000  0.000000  0.000000  0.000000  1.000000  0.000000  0.000000  
52.553642 0.009059  0.093171  -0.006133  0.998809  0.040569  -0.027101  -0.040531  0.999176  0.001950  0.027158  -0.000849  0.999631  0.001985  -0.001925  -0.003727  0.000000  0.000000  0.000000  2.000000  1.000000  0.000000  0.000000  0.000000  1.000000  0.000000  0.000000  0.000000  1.000000  1.000000  0.000000  -0.000134  -0.000000  1.000000  0.000000  0.000134  0.000000  1.000000  1.000000  0.000000  0.000000  0.000000  1.000000  0.000000  0.000000  0.000000  1.000000  1.000000  0.000000  0.000000  0.000000  1.000000  0.000000  0.000000  0.000000  1.000000  0.000000  0.000000  
52.554891 0.009061  0.093170  -0.006139  0.998809  0.040569  -0.027101  -0.040531  0.999176  0.001950  0.027158  -0.000849  0.999631  0.001969  -0.001809  -0.003849  0.000000  0.000000  0.000000  2.000000  1.000000  0.000000  0.000000  0.000000  1.000000  0.000000  0.000000  0.000000  1.000000  1.000000  -0.000206  -0.000134  0.000206  1.000000  -0.000006  0.000134  0.000006  1.000000  1.000000  0.000000  0.000000  0.000000  1.000000  0.000000  0.000000  0.000000  1.000000  1.000000  0.000000  0.000000  0.000000  1.000000  0.000000  0.000000  0.000000  1.000000  0.000000  0.000000  
52.555903 0.009063  0.093168  -0.006144  0.998809  0.040569  -0.027101  -0.040531  0.999176  0.001950  0.027158  -0.000849  0.999631  0.001996  -0.001708  -0.003932  0.000000  0.000000  0.000000  2.000000  1.000000  0.000000  0.000000  0.000000  1.000000  0.000000  0.000000  0.000000  1.000000  1.000000  -0.000206  -0.000134  0.000206  1.000000  -0.000006  0.000134  0.000006  1.000000  1.000000  0.000000  0.000000  0.000000  1.000000  0.000000  0.000000  0.000000  1.000000  1.000000  0.000000  0.000000  0.000000  1.000000  0.000000  0.000000  0.000000  1.000000  0.000000  0.000000  
52.557141 0.009066  0.093167  -0.006150  0.998809  0.040572  -0.027096  -0.040531  0.999176  0.002071  0.027158  -0.000970  0.999631  0.002003  -0.001626  -0.004077  0.000000  0.000000  0.000000  2.000000  1.000000  0.000000  0.000000  0.000000  1.000000  0.000000  0.000000  0.000000  1.000000  1.000000  0.000000  0.000000  -0.000000  1.000000  0.000000  0.000000  -0.000000  1.000000  1.000000  0.000000  0.000000  0.000000  1.000000  0.000000  0.000000  0.000000  1.000000  1.000000  0.000000  0.000000  0.000000  1.000000  0.000000  0.000000  0.000000  1.000000  0.000000  0.000000  
52.558201 0.009068  0.093166  -0.006154  0.998809  0.040572  -0.027096  -0.040531  0.999176  0.002071  0.027158  -0.000970  0.999631  0.002020  -0.001538  -0.004105  0.000000  0.000000  0.000000  2.000000  1.000000  0.000000  0.000000  0.000000  1.000000  0.000000  0.000000  0.000000  1.000000  1.000000  0.000000  0.000000  -0.000000  1.000000  0.000121  0.000000  -0.000121  1.000000  1.000000  0.000000  0.000000  0.000000  1.000000  0.000000  0.000000  0.000000  1.000000  1.000000  0.000000  0.000000  0.000000  1.000000  0.000000  0.000000  0.000000  1.000000  0.000000  0.000000  
52.559391 0.009071  0.093165  -0.006159  0.998809  0.040572  -0.027096  -0.040531  0.999176  0.002071  0.027158  -0.000970  0.999631  0.002046  -0.001452  -0.004158  0.000000  0.000000  0.000000  2.000000  1.000000  0.000000  0.000000  0.000000  1.000000  0.000000  0.000000  0.000000  1.000000  1.000000  0.000000  0.000000  -0.000000  1.000000  0.000121  0.000000  -0.000121  1.000000  1.000000  0.000000  0.000000  0.000000  1.000000  0.000000  0.000000  0.000000  1.000000  1.000000  0.000000  0.000000  0.000000  1.000000  0.000000  0.000000  0.000000  1.000000  0.000000  0.000000  
52.560399 0.009073  0.093164  -0.006163  0.998809  0.040572  -0.027096  -0.040531  0.999176  0.002071  0.027158  -0.000970  0.999631  0.002079  -0.001310  -0.004156  0.000000  0.000000  0.000000  2.000000  1.000000  0.000000  0.000000  0.000000  1.000000  0.000000  0.000000  0.000000  1.000000  1.000000  0.000000  0.000000  -0.000000  1.000000  0.000121  0.000000  -0.000121  1.000000  1.000000  0.000000  0.000000  0.000000  1.000000  0.000000  0.000000  0.000000  1.000000  1.000000  0.000000  0.000000  0.000000  1.000000  0.000000  0.000000  0.000000  1.000000  0.000000  0.000000  
52.561644 0.009076  0.093164  -0.006168  0.998809  0.040572  -0.027096  -0.040531  0.999176  0.002071  0.027158  -0.000970  0.999631  0.002070  -0.001202  -0.004132  0.000000  0.000000  0.000000  2.000000  1.000000  0.000000  0.000000  0.000000  1.000000  0.000000  0.000000  0.000000  1.000000  1.000000  0.000000  0.000000  -0.000000  1.000000  0.000121  0.000000  -0.000121  1.000000  1.000000  0.000000  0.000000  0.000000  1.000000  0.000000  0.000000  0.000000  1.000000  1.000000  0.000000  0.000000  0.000000  1.000000  0.000000  0.000000  0.000000  1.000000  0.000000  0.000000  
52.562645 0.009078  0.093163  -0.006172  0.998809  0.040572  -0.027096  -0.040531  0.999176  0.002071  0.027158  -0.000970  0.999631  0.002114  -0.001094  -0.004111  0.000000  0.000000  0.000000  2.000000  1.000000  0.000000  0.000000  0.000000  1.000000  0.000000  0.000000  0.000000  1.000000  1.000000  0.000000  0.000000  -0.000000  1.000000  0.000121  0.000000  -0.000121  1.000000  1.000000  0.000000  0.000000  0.000000  1.000000  0.000000  0.000000  0.000000  1.000000  1.000000  0.000000  0.000000  0.000000  1.000000  0.000000  0.000000  0.000000  1.000000  0.000000  0.000000  
