1-Time 2-Px 3-Py 4-Pz 5-R11 6-R21 7-R31 8-R12 9-R22 10-R32 11-R13 12-R23 13-R33 14-Vx 15-Vy 16-Vz 17-Wx 18-Wy 19-Wz 20-state 21-PR11 22-PR21 23-PR31 24-PR12 25-PR22 26-PR32 27-PR13 28-PR23 29-PR33 
226.188738 0.008329  0.094192  -0.003254  0.997830  0.037583  -0.054057  -0.037816  0.999279  -0.003292  0.053895  0.005329  0.998532  0.000024  -0.000045  -0.000159  0.000000  0.000000  0.000000  2.000000  1.000000  0.000000  0.000000  -0.000000  1.000000  0.000000  0.000000  -0.000000  1.000000  1.000000  0.000003  0.000535  -0.000003  1.000000  -0.000000  -0.000535  -0.000000  1.000000  1.000000  0.000000  0.000000  0.000000  1.000000  0.000000  0.000000  0.000000  1.000000  0.468650  0.801592  -0.371238  -0.800960  0.562833  0.204163  0.372601  0.201665  0.905814  0.000000  0.000000  
226.189743 0.008330  0.094192  -0.003254  0.997830  0.037583  -0.054057  -0.037816  0.999279  -0.003292  0.053895  0.005329  0.998532  0.000024  -0.000045  -0.000159  0.000000  0.000000  0.000000  2.000000  1.000000  0.000000  0.000000  0.000000  1.000000  0.000000  0.000000  0.000000  1.000000  1.000000  0.000003  0.000535  -0.000003  1.000000  -0.000000  -0.000535  -0.000000  1.000000  1.000000  0.000000  0.000000  0.000000  1.000000  0.000000  0.000000  0.000000  1.000000  1.000000  0.000000  0.000000  0.000000  1.000000  0.000000  0.000000  0.000000  1.000000  0.000000  0.000000  
226.190993 0.008331  0.094191  -0.003256  0.997815  0.037788  -0.054192  -0.038021  0.999272  -0.003276  0.054028  0.005329  0.998525  0.000105  -0.000134  -0.000264  0.000000  0.000000  0.000000  2.000000  1.000000  0.000000  0.000000  0.000000  1.000000  0.000000  0.000000  0.000000  1.000000  1.000000  0.000208  0.000400  -0.000208  1.000000  0.000011  -0.000400  -0.000011  1.000000  1.000000  0.000000  0.000000  0.000000  1.000000  0.000000  0.000000  0.000000  1.000000  1.000000  0.000000  0.000000  0.000000  1.000000  0.000000  0.000000  0.000000  1.000000  0.000000  0.000000  
226.192243 0.008332  0.094189  -0.003258  0.997800  0.037993  -0.054326  -0.038226  0.999264  -0.003260  0.054162  0.005329  0.998518  0.000200  -0.000228  -0.000403  0.000000  0.000000  0.000000  2.000000  1.000000  0.000000  0.000000  0.000000  1.000000  0.000000  0.000000  0.000000  1.000000  1.000000  0.000412  0.000132  -0.000412  1.000000  0.000022  -0.000132  -0.000022  1.000000  1.000000  0.000000  0.000000  0.000000  1.000000  0.000000  0.000000  0.000000  1.000000  1.000000  0.000000  0.000000  0.000000  1.000000  0.000000  0.000000  0.000000  1.000000  0.000000  0.000000  
226.193247 0.008334  0.094188  -0.003260  0.997793  0.037993  -0.054459  -0.038226  0.999264  -0.003255  0.054296  0.005329  0.998511  0.000289  -0.000343  -0.000497  0.000000  0.000000  0.000000  2.000000  1.000000  0.000000  0.000000  0.000000  1.000000  0.000000  0.000000  0.000000  1.000000  1.000000  0.000411  -0.000002  -0.000411  1.000000  0.000022  0.000002  -0.000022  1.000000  1.000000  0.000000  0.000000  0.000000  1.000000  0.000000  0.000000  0.000000  1.000000  1.000000  0.000000  0.000000  0.000000  1.000000  0.000000  0.000000  0.000000  1.000000  0.000000  0.000000  
226.194502 0.008336  0.094186  -0.003262  0.997778  0.038198  -0.054593  -0.038431  0.999256  -0.003238  0.054429  0.005329  0.998503  0.000459  -0.000464  -0.000661  0.000000  0.000000  0.000000  2.000000  1.000000  0.000000  0.000000  0.000000  1.000000  0.000000  0.000000  0.000000  1.000000  1.000000  0.000616  -0.000137  -0.000616  1.000000  0.000034  0.000137  -0.000034  1.000000  1.000000  0.000000  0.000000  0.000000  1.000000  0.000000  0.000000  0.000000  1.000000  1.000000  0.000000  0.000000  0.000000  1.000000  0.000000  0.000000  0.000000  1.000000  0.000000  0.000000  
226.195746 0.008340  0.094185  -0.003264  0.997763  0.038403  -0.054728  -0.038636  0.999248  -0.003222  0.054563  0.005329  0.998496  0.000713  -0.000557  -0.000806  0.000000  0.000000  0.000000  2.000000  1.000000  0.000000  0.000000  0.000000  1.000000  0.000000  0.000000  0.000000  1.000000  1.000000  0.000822  -0.000138  -0.000822  1.000000  0.000045  0.000138  -0.000045  1.000000  1.000000  0.000000  0.000000  0.000000  1.000000  0.000000  0.000000  0.000000  1.000000  1.000000  0.000000  0.000000  0.000000  1.000000  0.000000  0.000000  0.000000  1.000000  0.000000  0.000000  
226.196750 0.008343  0.094183  -0.003266  0.997747  0.038814  -0.054729  -0.039047  0.999232  -0.003199  0.054563  0.005329  0.998496  0.000887  -0.000642  -0.000880  0.000000  0.000000  0.000000  2.000000  1.000000  0.000000  0.000000  0.000000  1.000000  0.000000  0.000000  0.000000  1.000000  0.999999  0.001026  -0.000273  -0.001026  0.999999  0.000056  0.000273  -0.000056  1.000000  1.000000  0.000000  0.000000  0.000000  1.000000  0.000000  0.000000  0.000000  1.000000  1.000000  0.000000  0.000000  0.000000  1.000000  0.000000  0.000000  0.000000  1.000000  0.000000  0.000000  
226.197999 0.008346  0.094181  -0.003269  0.997723  0.039225  -0.054864  -0.039458  0.999216  -0.003171  0.054696  0.005329  0.998489  0.001132  -0.000792  -0.001069  0.000000  0.000000  0.000000  2.000000  1.000000  0.000000  0.000000  0.000000  1.000000  0.000000  0.000000  0.000000  1.000000  0.999999  0.001436  -0.000543  -0.001436  0.999999  0.000079  0.000543  -0.000078  1.000000  1.000000  0.000000  0.000000  0.000000  1.000000  0.000000  0.000000  0.000000  1.000000  1.000000  0.000000  0.000000  0.000000  1.000000  0.000000  0.000000  0.000000  1.000000  0.000000  0.000000  
226.199248 0.008350  0.094179  -0.003273  0.997700  0.039422  -0.055136  -0.039663  0.999208  -0.003271  0.054964  0.005450  0.998473  0.001366  -0.000955  -0.001360  0.000000  0.000000  0.000000  2.000000  1.000000  0.000000  0.000000  0.000000  1.000000  0.000000  0.000000  0.000000  1.000000  0.999998  0.001847  -0.000679  -0.001846  0.999998  0.000102  0.000679  -0.000100  1.000000  1.000000  0.000000  0.000000  0.000000  1.000000  0.000000  0.000000  0.000000  1.000000  1.000000  0.000000  0.000000  0.000000  1.000000  0.000000  0.000000  0.000000  1.000000  0.000000  0.000000  
226.200498 0.008353  0.094177  -0.003278  0.997677  0.039833  -0.055271  -0.040073  0.999191  -0.003243  0.055097  0.005450  0.998466  0.001573  -0.001043  -0.001684  0.000000  0.000000  0.000000  2.000000  1.000000  0.000000  0.000000  0.000000  1.000000  0.000000  0.000000  0.000000  1.000000  0.999997  0.002256  -0.000949  -0.002256  0.999997  0.000003  0.000949  -0.000001  1.000000  1.000000  0.000000  0.000000  0.000000  1.000000  0.000000  0.000000  0.000000  1.000000  1.000000  0.000000  0.000000  0.000000  1.000000  0.000000  0.000000  0.000000  1.000000  0.000000  0.000000  
226.201742 0.008357  0.094176  -0.003283  0.997645  0.040243  -0.055539  -0.040483  0.999175  -0.003209  0.055364  0.005450  0.998451  0.001826  -0.001107  -0.002022  0.000000  0.000000  0.000000  2.000000  1.000000  0.000000  0.000000  0.000000  1.000000  0.000000  0.000000  0.000000  1.000000  0.999996  0.002460  -0.001217  -0.002460  0.999997  0.000015  0.001218  -0.000012  0.999999  1.000000  0.000000  0.000000  0.000000  1.000000  0.000000  0.000000  0.000000  1.000000  1.000000  0.000000  0.000000  0.000000  1.000000  0.000000  0.000000  0.000000  1.000000  0.000000  0.000000  
226.202998 0.008360  0.094175  -0.003290  0.997614  0.040653  -0.055808  -0.040893  0.999158  -0.003175  0.055632  0.005450  0.998436  0.002105  -0.001178  -0.002427  0.000000  0.000000  0.000000  2.000000  1.000000  0.000000  0.000000  0.000000  1.000000  0.000000  0.000000  0.000000  1.000000  0.999995  0.002869  -0.001621  -0.002869  0.999996  0.000039  0.001621  -0.000034  0.999999  1.000000  0.000000  0.000000  0.000000  1.000000  0.000000  0.000000  0.000000  1.000000  1.000000  0.000000  0.000000  0.000000  1.000000  0.000000  0.000000  0.000000  1.000000  0.000000  0.000000  
226.204243 0.008364  0.094173  -0.003296  0.997582  0.041063  -0.056076  -0.041304  0.999142  -0.003141  0.055899  0.005450  0.998422  0.002325  -0.001283  -0.002798  0.000000  0.000000  0.000000  2.000000  1.000000  0.000000  0.000000  0.000000  1.000000  0.000000  0.000000  0.000000  1.000000  0.999993  0.003280  -0.001757  -0.003279  0.999995  0.000062  0.001757  -0.000057  0.999998  1.000000  0.000000  0.000000  0.000000  1.000000  0.000000  0.000000  0.000000  1.000000  1.000000  0.000000  0.000000  0.000000  1.000000  0.000000  0.000000  0.000000  1.000000  0.000000  0.000000  
226.205247 0.008368  0.094171  -0.003301  0.997557  0.041467  -0.056216  -0.041714  0.999124  -0.003234  0.056032  0.005571  0.998413  0.002557  -0.001389  -0.003135  0.000000  0.000000  0.000000  2.000000  1.000000  0.000000  0.000000  0.000000  1.000000  0.000000  0.000000  0.000000  1.000000  0.999991  0.003689  -0.002027  -0.003689  0.999993  -0.000035  0.002027  0.000042  0.999998  1.000000  0.000000  0.000000  0.000000  1.000000  0.000000  0.000000  0.000000  1.000000  1.000000  0.000000  0.000000  0.000000  1.000000  0.000000  0.000000  0.000000  1.000000  0.000000  0.000000  
226.206493 0.008372  0.094169  -0.003308  0.997525  0.041877  -0.056484  -0.042124  0.999107  -0.003199  0.056299  0.005571  0.998398  0.002757  -0.001453  -0.003471  0.000000  0.000000  0.000000  2.000000  1.000000  0.000000  0.000000  0.000000  1.000000  0.000000  0.000000  0.000000  1.000000  0.999989  0.004099  -0.002297  -0.004099  0.999992  -0.000011  0.002297  0.000020  0.999997  1.000000  0.000000  0.000000  0.000000  1.000000  0.000000  0.000000  0.000000  1.000000  1.000000  0.000000  0.000000  0.000000  1.000000  0.000000  0.000000  0.000000  1.000000  0.000000  0.000000  
226.207743 0.008376  0.094167  -0.003313  0.997492  0.042286  -0.056752  -0.042534  0.999090  -0.003165  0.056567  0.005571  0.998383  0.002910  -0.001456  -0.003654  0.000000  0.000000  0.000000  2.000000  1.000000  0.000000  0.000000  0.000000  1.000000  0.000000  0.000000  0.000000  1.000000  0.999986  0.004714  -0.002568  -0.004714  0.999989  0.000025  0.002568  -0.000013  0.999997  1.000000  0.000000  0.000000  0.000000  1.000000  0.000000  0.000000  0.000000  1.000000  1.000000  0.000000  0.000000  0.000000  1.000000  0.000000  0.000000  0.000000  1.000000  0.000000  0.000000  
226.208993 0.008381  0.094164  -0.003319  0.997460  0.042696  -0.057020  -0.042944  0.999073  -0.003130  0.056834  0.005571  0.998368  0.003052  -0.001503  -0.003849  0.001435  0.090176  0.170887  2.000000  1.000000  0.000063  0.000038  -0.000063  1.000000  0.000001  -0.000038  -0.000001  1.000000  0.999983  0.005124  -0.002838  -0.005123  0.999987  0.000049  0.002838  -0.000035  0.999996  1.000000  0.000063  0.000038  -0.000063  1.000000  0.000001  -0.000038  -0.000001  1.000000  1.000000  0.000063  0.000038  -0.000063  1.000000  0.000001  -0.000038  -0.000001  1.000000  0.000048  0.005857  
226.209996 0.008385  0.094162  -0.003323  0.997434  0.043107  -0.057155  -0.043355  0.999055  -0.003101  0.056967  0.005571  0.998360  0.003137  -0.001572  -0.003998  0.002227  0.095442  0.185993  2.000000  1.000000  0.000324  0.000189  -0.000324  1.000000  0.000003  -0.000189  -0.000003  1.000000  0.999981  0.005328  -0.003106  -0.005327  0.999986  0.000062  0.003107  -0.000046  0.999995  1.000000  0.000067  0.000038  -0.000067  1.000000  0.000001  -0.000038  -0.000001  1.000000  1.000000  0.000324  0.000189  -0.000324  1.000000  0.000003  -0.000189  -0.000003  1.000000  0.000050  0.006167  
226.211251 0.008389  0.094158  -0.003329  0.997401  0.043510  -0.057428  -0.043765  0.999037  -0.003187  0.057235  0.005692  0.998345  0.003184  -0.001755  -0.004281  -0.001054  0.104497  0.199704  2.000000  1.000000  0.000670  0.000391  -0.000670  1.000000  0.000006  -0.000391  -0.000006  1.000000  0.999979  0.005532  -0.003242  -0.005532  0.999985  -0.000046  0.003242  0.000064  0.999995  1.000000  0.000070  0.000040  -0.000070  1.000000  -0.000001  -0.000040  0.000001  1.000000  1.000000  0.000670  0.000391  -0.000670  1.000000  0.000006  -0.000391  -0.000006  1.000000  0.000055  0.006412  
226.212498 0.008394  0.094154  -0.003334  0.997368  0.043920  -0.057697  -0.044175  0.999019  -0.003151  0.057502  0.005691  0.998329  0.003251  -0.001906  -0.004448  -0.000269  0.118064  0.213451  2.000000  0.999999  0.000961  0.000560  -0.000961  1.000000  0.000004  -0.000560  -0.000004  1.000000  0.999978  0.005737  -0.003377  -0.005737  0.999984  -0.000032  0.003377  0.000052  0.999994  1.000000  0.000072  0.000041  -0.000072  1.000000  -0.000001  -0.000041  0.000001  1.000000  0.999999  0.000961  0.000560  -0.000961  1.000000  0.000004  -0.000560  -0.000004  1.000000  0.000060  0.006657  
226.213506 0.008397  0.094150  -0.003339  0.997351  0.044118  -0.057836  -0.044380  0.999009  -0.003254  0.057635  0.005813  0.998321  0.003301  -0.002057  -0.004645  -0.003943  0.122582  0.220271  2.000000  0.999999  0.001110  0.000646  -0.001110  0.999999  0.000003  -0.000646  -0.000003  1.000000  0.999976  0.005942  -0.003512  -0.005942  0.999982  -0.000020  0.003511  0.000041  0.999994  1.000000  0.000075  0.000042  -0.000075  1.000000  -0.000000  -0.000042  0.000000  1.000000  0.999999  0.001110  0.000646  -0.001110  0.999999  0.000003  -0.000646  -0.000003  1.000000  0.000062  0.006902  
226.214749 0.008401  0.094145  -0.003346  0.997317  0.044527  -0.058104  -0.044790  0.998991  -0.003219  0.057902  0.005812  0.998305  0.003331  -0.002230  -0.004785  -0.003143  0.131805  0.234307  2.000000  0.999999  0.001422  0.000829  -0.001422  0.999999  -0.000004  -0.000829  0.000003  1.000000  0.999973  0.006351  -0.003648  -0.006352  0.999980  -0.000116  0.003648  0.000139  0.999993  1.000000  0.000079  0.000046  -0.000079  1.000000  -0.000002  -0.000046  0.000002  1.000000  0.999999  0.001422  0.000829  -0.001422  0.999999  -0.000004  -0.000829  0.000003  1.000000  0.000066  0.007326  
226.215997 0.008406  0.094141  -0.003353  0.997291  0.044931  -0.058245  -0.045200  0.998972  -0.003310  0.058036  0.005934  0.998297  0.003444  -0.002395  -0.004902  -0.006425  0.136270  0.247869  2.000000  0.999998  0.001825  0.001070  -0.001825  0.999998  -0.000015  -0.001070  0.000013  0.999999  0.999972  0.006556  -0.003650  -0.006557  0.999978  -0.000224  0.003649  0.000248  0.999993  1.000000  0.000080  0.000048  -0.000080  1.000000  -0.000003  -0.000048  0.000003  1.000000  0.999998  0.001825  0.001070  -0.001825  0.999998  -0.000015  -0.001070  0.000013  0.999999  0.000069  0.007508  
226.216999 0.008410  0.094137  -0.003359  0.997274  0.045136  -0.058379  -0.045405  0.998963  -0.003292  0.058170  0.005933  0.998289  0.003515  -0.002588  -0.004953  -0.006037  0.145292  0.254710  2.000000  0.999997  0.002154  0.001268  -0.002154  0.999998  -0.000026  -0.001268  0.000024  0.999999  0.999970  0.006761  -0.003785  -0.006762  0.999977  -0.000211  0.003784  0.000237  0.999993  1.000000  0.000083  0.000050  -0.000083  1.000000  -0.000003  -0.000050  0.000003  1.000000  0.999997  0.002154  0.001268  -0.002154  0.999998  -0.000026  -0.001268  0.000024  0.999999  0.000073  0.007752  
226.218244 0.008414  0.094133  -0.003365  0.997247  0.045539  -0.058519  -0.045815  0.998944  -0.003383  0.058303  0.006054  0.998281  0.003556  -0.002749  -0.004989  -0.009320  0.149907  0.268533  2.000000  0.999996  0.002560  0.001512  -0.002560  0.999997  -0.000044  -0.001512  0.000041  0.999999  0.999972  0.006556  -0.003651  -0.006557  0.999978  -0.000344  0.003649  0.000368  0.999993  1.000000  0.000080  0.000048  -0.000080  1.000000  -0.000004  -0.000048  0.000004  1.000000  0.999996  0.002560  0.001512  -0.002560  0.999997  -0.000044  -0.001512  0.000041  0.999999  0.000075  0.007513  
226.219244 0.008418  0.094130  -0.003370  0.997230  0.045744  -0.058653  -0.046020  0.998935  -0.003365  0.058437  0.006054  0.998273  0.003557  -0.002885  -0.004924  -0.008916  0.154479  0.275478  2.000000  0.999994  0.002884  0.001704  -0.002884  0.999996  -0.000063  -0.001704  0.000058  0.999999  0.999973  0.006350  -0.003784  -0.006351  0.999980  -0.000355  0.003781  0.000379  0.999993  1.000000  0.000081  0.000045  -0.000081  1.000000  -0.000005  -0.000045  0.000005  1.000000  0.999994  0.002884  0.001704  -0.002884  0.999996  -0.000063  -0.001704  0.000058  0.999999  0.000078  0.007401  
226.220491 0.008422  0.094126  -0.003376  0.997213  0.045942  -0.058793  -0.046225  0.998925  -0.003467  0.058570  0.006175  0.998264  0.003571  -0.002959  -0.004899  -0.012868  0.157687  0.273180  2.000000  0.999993  0.003282  0.001938  -0.003282  0.999995  -0.000088  -0.001938  0.000081  0.999998  0.999973  0.006350  -0.003651  -0.006351  0.999980  -0.000354  0.003648  0.000377  0.999993  1.000000  0.000079  0.000046  -0.000079  1.000000  -0.000005  -0.000046  0.000005  1.000000  0.999993  0.003282  0.001938  -0.003282  0.999995  -0.000088  -0.001938  0.000081  0.999998  0.000079  0.007334  
226.221746 0.008426  0.094123  -0.003382  0.997195  0.046146  -0.058927  -0.046430  0.998916  -0.003449  0.058704  0.006175  0.998256  0.003509  -0.003071  -0.004842  -0.012918  0.154487  0.275449  2.000000  0.999991  0.003598  0.002122  -0.003597  0.999994  -0.000106  -0.002123  0.000099  0.999998  0.999973  0.006350  -0.003651  -0.006351  0.999980  -0.000353  0.003648  0.000376  0.999993  1.000000  0.000079  0.000046  -0.000079  1.000000  -0.000005  -0.000046  0.000005  1.000000  0.999991  0.003598  0.002122  -0.003597  0.999994  -0.000106  -0.002123  0.000099  0.999998  0.000080  0.007334  
226.222995 0.008430  0.094119  -0.003387  0.997186  0.046345  -0.058933  -0.046635  0.998906  -0.003558  0.058704  0.006297  0.998256  0.003474  -0.003204  -0.004853  -0.016588  0.150071  0.282419  2.000000  0.999989  0.003984  0.002352  -0.003984  0.999992  -0.000135  -0.002352  0.000126  0.999997  0.999974  0.006351  -0.003384  -0.006353  0.999980  -0.000474  0.003381  0.000496  0.999994  1.000000  0.000076  0.000048  -0.000076  1.000000  -0.000006  -0.000048  0.000006  1.000000  0.999989  0.003984  0.002352  -0.003984  0.999992  -0.000135  -0.002352  0.000126  0.999997  0.000080  0.007213  
226.224244 0.008432  0.094114  -0.003392  0.997168  0.046543  -0.059073  -0.046840  0.998896  -0.003661  0.058837  0.006418  0.998247  0.003377  -0.003312  -0.004873  -0.020632  0.150119  0.282465  2.000000  0.999987  0.004358  0.002576  -0.004357  0.999990  -0.000167  -0.002577  0.000156  0.999997  0.999976  0.006146  -0.003249  -0.006148  0.999981  -0.000486  0.003246  0.000506  0.999995  1.000000  0.000074  0.000046  -0.000074  1.000000  -0.000006  -0.000046  0.000006  1.000000  0.999987  0.004358  0.002576  -0.004357  0.999990  -0.000167  -0.002577  0.000156  0.999997  0.000080  0.006970  
226.225497 0.008435  0.094108  -0.003398  0.997168  0.046543  -0.059073  -0.046840  0.998896  -0.003661  0.058837  0.006418  0.998247  0.003222  -0.003441  -0.004846  -0.020844  0.148792  0.273193  2.000000  0.999985  0.004711  0.002792  -0.004710  0.999989  -0.000208  -0.002793  0.000195  0.999996  0.999979  0.005735  -0.003113  -0.005737  0.999983  -0.000631  0.003110  0.000649  0.999995  1.000000  0.000070  0.000043  -0.000070  1.000000  -0.000008  -0.000043  0.000008  1.000000  0.999985  0.004711  0.002792  -0.004710  0.999989  -0.000208  -0.002793  0.000195  0.999996  0.000078  0.006557  
226.226500 0.008437  0.094104  -0.003402  0.997158  0.046741  -0.059079  -0.047045  0.998886  -0.003770  0.058837  0.006539  0.998246  0.003111  -0.003545  -0.004831  -0.024872  0.144365  0.273239  2.000000  0.999983  0.004973  0.002957  -0.004972  0.999988  -0.000241  -0.002959  0.000227  0.999996  0.999982  0.005326  -0.002844  -0.005328  0.999986  -0.000655  0.002840  0.000671  0.999996  1.000000  0.000064  0.000040  -0.000064  1.000000  -0.000008  -0.000040  0.000008  1.000000  0.999983  0.004973  0.002957  -0.004972  0.999988  -0.000241  -0.002959  0.000227  0.999996  0.000078  0.006074  
226.227747 0.008440  0.094098  -0.003407  0.997149  0.046940  -0.059086  -0.047251  0.998876  -0.003879  0.058837  0.006660  0.998245  0.002983  -0.003626  -0.004800  -0.029923  0.141001  0.261709  2.000000  0.999981  0.005278  0.003154  -0.005277  0.999986  -0.000286  -0.003155  0.000269  0.999995  0.999984  0.005122  -0.002576  -0.005124  0.999987  -0.000789  0.002572  0.000802  0.999996  1.000000  0.000060  0.000039  -0.000060  1.000000  -0.000010  -0.000039  0.000010  1.000000  0.999981  0.005278  0.003154  -0.005277  0.999986  -0.000286  -0.003155  0.000269  0.999995  0.000076  0.005788  
226.228996 0.008443  0.094094  -0.003411  0.997141  0.046931  -0.059225  -0.047250  0.998875  -0.003994  0.058971  0.006781  0.998237  0.002907  -0.003600  -0.004593  -0.030265  0.136495  0.254812  2.000000  0.999981  0.005338  0.003193  -0.005337  0.999986  -0.000296  -0.003195  0.000279  0.999995  0.999986  0.004711  -0.002439  -0.004713  0.999989  -0.000812  0.002435  0.000824  0.999997  1.000000  0.000000  0.000000  0.000000  1.000000  0.000000  0.000000  0.000000  1.000000  0.999981  0.005338  0.003193  -0.005337  0.999986  -0.000296  -0.003195  0.000279  0.999995  0.000073  0.000000  
226.229998 0.008445  0.094090  -0.003414  0.997131  0.047137  -0.059226  -0.047456  0.998865  -0.003982  0.058971  0.006781  0.998237  0.002822  -0.003598  -0.004368  -0.029994  0.130888  0.252698  2.000000  0.999981  0.005338  0.003193  -0.005337  0.999986  -0.000296  -0.003195  0.000279  0.999995  0.999986  0.004712  -0.002306  -0.004714  0.999988  -0.000934  0.002302  0.000945  0.999997  1.000000  0.000000  0.000000  0.000000  1.000000  0.000000  0.000000  0.000000  1.000000  0.999981  0.005338  0.003193  -0.005337  0.999986  -0.000296  -0.003195  0.000279  0.999995  0.000072  0.000000  
226.231243 0.008448  0.094086  -0.003417  0.997131  0.047130  -0.059232  -0.047456  0.998865  -0.004103  0.058971  0.006902  0.998236  0.002710  -0.003602  -0.004162  -0.035085  0.122939  0.241079  2.000000  0.999981  0.005338  0.003193  -0.005337  0.999986  -0.000296  -0.003195  0.000279  0.999995  0.999989  0.004302  -0.002036  -0.004304  0.999990  -0.001079  0.002032  0.001088  0.999997  1.000000  0.000000  0.000000  0.000000  1.000000  0.000000  0.000000  0.000000  1.000000  0.999981  0.005338  0.003193  -0.005337  0.999986  -0.000296  -0.003195  0.000279  0.999995  0.000068  0.000000  
226.232249 0.008450  0.094082  -0.003419  0.997131  0.047130  -0.059232  -0.047456  0.998865  -0.004103  0.058971  0.006902  0.998236  0.002577  -0.003625  -0.003918  -0.035165  0.117398  0.232219  2.000000  0.999981  0.005338  0.003193  -0.005337  0.999986  -0.000296  -0.003195  0.000279  0.999995  0.999991  0.003892  -0.001900  -0.003894  0.999992  -0.001104  0.001895  0.001111  0.999998  1.000000  0.000000  0.000000  0.000000  1.000000  0.000000  0.000000  0.000000  1.000000  0.999981  0.005338  0.003193  -0.005337  0.999986  -0.000296  -0.003195  0.000279  0.999995  0.000066  0.000000  
226.233498 0.008452  0.094077  -0.003423  0.997131  0.047123  -0.059237  -0.047456  0.998864  -0.004224  0.058971  0.007023  0.998235  0.002461  -0.003686  -0.003764  -0.040689  0.109253  0.213449  2.000000  0.999981  0.005338  0.003193  -0.005337  0.999986  -0.000296  -0.003195  0.000279  0.999995  0.999993  0.003484  -0.001496  -0.003485  0.999993  -0.001128  0.001492  0.001133  0.999998  1.000000  0.000000  0.000000  0.000000  1.000000  0.000000  0.000000  0.000000  1.000000  0.999981  0.005338  0.003193  -0.005337  0.999986  -0.000296  -0.003195  0.000279  0.999995  0.000061  0.000000  
226.234502 0.008454  0.094074  -0.003426  0.997131  0.047116  -0.059243  -0.047456  0.998864  -0.004345  0.058971  0.007144  0.998234  0.002342  -0.003692  -0.003591  -0.045531  0.100182  0.199676  2.000000  0.999981  0.005338  0.003193  -0.005337  0.999986  -0.000296  -0.003195  0.000279  0.999995  0.999995  0.002869  -0.001225  -0.002870  0.999995  -0.001164  0.001221  0.001168  0.999999  1.000000  0.000000  0.000000  0.000000  1.000000  0.000000  0.000000  0.000000  1.000000  0.999981  0.005338  0.003193  -0.005337  0.999986  -0.000296  -0.003195  0.000279  0.999995  0.000059  0.000000  
226.235744 0.008455  0.094069  -0.003430  0.997129  0.047315  -0.059116  -0.047661  0.998854  -0.004460  0.058837  0.007265  0.998241  0.002161  -0.003816  -0.003498  -0.045561  0.090439  0.191270  2.000000  0.999981  0.005338  0.003193  -0.005337  0.999986  -0.000296  -0.003195  0.000279  0.999995  0.999996  0.002665  -0.000955  -0.002666  0.999996  -0.001177  0.000952  0.001179  0.999999  1.000000  0.000000  0.000000  0.000000  1.000000  0.000000  0.000000  0.000000  1.000000  0.999981  0.005338  0.003193  -0.005337  0.999986  -0.000296  -0.003195  0.000279  0.999995  0.000054  0.000000  
226.236994 0.008457  0.094064  -0.003434  0.997129  0.047315  -0.059116  -0.047661  0.998854  -0.004460  0.058837  0.007265  0.998241  0.001978  -0.003855  -0.003367  -0.046322  0.081423  0.177607  2.000000  0.999981  0.005338  0.003193  -0.005337  0.999986  -0.000296  -0.003195  0.000279  0.999995  0.999997  0.002460  -0.000821  -0.002461  0.999996  -0.001189  0.000818  0.001191  0.999999  1.000000  0.000000  0.000000  0.000000  1.000000  0.000000  0.000000  0.000000  1.000000  0.999981  0.005338  0.003193  -0.005337  0.999986  -0.000296  -0.003195  0.000279  0.999995  0.000052  0.000000  
226.237995 0.008458  0.094061  -0.003436  0.997129  0.047315  -0.059116  -0.047661  0.998854  -0.004460  0.058837  0.007265  0.998241  0.001862  -0.003897  -0.003272  0.000000  0.000000  0.000000  2.000000  0.999981  0.005338  0.003193  -0.005337  0.999986  -0.000296  -0.003195  0.000279  0.999995  0.999997  0.002256  -0.000685  -0.002257  0.999997  -0.001201  0.000683  0.001203  0.999999  1.000000  0.000000  0.000000  0.000000  1.000000  0.000000  0.000000  0.000000  1.000000  0.999981  0.005338  0.003193  -0.005337  0.999986  -0.000296  -0.003195  0.000279  0.999995  0.000048  0.000000  
226.239244 0.008458  0.094056  -0.003440  0.997137  0.047309  -0.058989  -0.047662  0.998853  -0.004588  0.058704  0.007386  0.998248  0.001721  -0.003853  -0.003169  0.000000  0.000000  0.000000  2.000000  0.999981  0.005338  0.003193  -0.005337  0.999986  -0.000296  -0.003195  0.000279  0.999995  0.999998  0.001847  -0.000415  -0.001847  0.999998  -0.001225  0.000413  0.001226  0.999999  1.000000  0.000000  0.000000  0.000000  1.000000  0.000000  0.000000  0.000000  1.000000  0.999981  0.005338  0.003193  -0.005337  0.999986  -0.000296  -0.003195  0.000279  0.999995  0.000000  0.000000  
226.240494 0.008459  0.094052  -0.003443  0.997137  0.047309  -0.058989  -0.047662  0.998853  -0.004588  0.058704  0.007386  0.998248  0.001576  -0.003762  -0.003031  0.000000  0.000000  0.000000  2.000000  0.999981  0.005338  0.003193  -0.005337  0.999986  -0.000296  -0.003195  0.000279  0.999995  0.999999  0.001642  -0.000280  -0.001642  0.999998  -0.001238  0.000278  0.001238  0.999999  1.000000  0.000000  0.000000  0.000000  1.000000  0.000000  0.000000  0.000000  1.000000  0.999981  0.005338  0.003193  -0.005337  0.999986  -0.000296  -0.003195  0.000279  0.999995  0.000000  0.000000  
226.241744 0.008460  0.094048  -0.003446  0.997137  0.047302  -0.058994  -0.047662  0.998852  -0.004709  0.058704  0.007507  0.998247  0.001447  -0.003637  -0.002836  0.000000  0.000000  0.000000  2.000000  0.999981  0.005338  0.003193  -0.005337  0.999986  -0.000296  -0.003195  0.000279  0.999995  0.999999  0.001438  -0.000145  -0.001438  0.999998  -0.001250  0.000143  0.001250  0.999999  1.000000  0.000000  0.000000  0.000000  1.000000  0.000000  0.000000  0.000000  1.000000  0.999981  0.005338  0.003193  -0.005337  0.999986  -0.000296  -0.003195  0.000279  0.999995  0.000000  0.000000  
226.242991 0.008461  0.094046  -0.003448  0.997137  0.047302  -0.058994  -0.047662  0.998852  -0.004709  0.058704  0.007507  0.998247  0.001341  -0.003462  -0.002633  0.000000  0.000000  0.000000  2.000000  0.999981  0.005338  0.003193  -0.005337  0.999986  -0.000296  -0.003195  0.000279  0.999995  0.999999  0.001233  -0.000009  -0.001233  0.999999  -0.001140  0.000008  0.001140  0.999999  1.000000  0.000000  0.000000  0.000000  1.000000  0.000000  0.000000  0.000000  1.000000  0.999981  0.005338  0.003193  -0.005337  0.999986  -0.000296  -0.003195  0.000279  0.999995  0.000000  0.000000  
226.243998 0.008461  0.094043  -0.003450  0.997145  0.047303  -0.058861  -0.047662  0.998852  -0.004715  0.058570  0.007507  0.998255  0.001172  -0.003375  -0.002553  0.000000  0.000000  0.000000  2.000000  0.999981  0.005338  0.003193  -0.005337  0.999986  -0.000296  -0.003195  0.000279  0.999995  0.999999  0.001030  0.000260  -0.001029  0.999999  -0.001153  -0.000261  0.001152  0.999999  1.000000  0.000000  0.000000  0.000000  1.000000  0.000000  0.000000  0.000000  1.000000  0.999981  0.005338  0.003193  -0.005337  0.999986  -0.000296  -0.003195  0.000279  0.999995  0.000000  0.000000  
226.245002 0.008461  0.094041  -0.003451  0.997145  0.047303  -0.058861  -0.047662  0.998852  -0.004715  0.058570  0.007507  0.998255  0.001068  -0.003264  -0.002494  0.000000  0.000000  0.000000  2.000000  0.999981  0.005338  0.003193  -0.005337  0.999986  -0.000296  -0.003195  0.000279  0.999995  1.000000  0.000824  0.000261  -0.000824  0.999999  -0.001043  -0.000262  0.001043  0.999999  1.000000  0.000000  0.000000  0.000000  1.000000  0.000000  0.000000  0.000000  1.000000  0.999981  0.005338  0.003193  -0.005337  0.999986  -0.000296  -0.003195  0.000279  0.999995  0.000000  0.000000  
226.246243 0.008461  0.094039  -0.003453  0.997145  0.047295  -0.058867  -0.047662  0.998852  -0.004837  0.058570  0.007629  0.998254  0.000915  -0.003158  -0.002437  0.000000  0.000000  0.000000  2.000000  0.999981  0.005338  0.003193  -0.005337  0.999986  -0.000296  -0.003195  0.000279  0.999995  1.000000  0.000824  0.000261  -0.000824  0.999999  -0.001165  -0.000262  0.001165  0.999999  1.000000  0.000000  0.000000  0.000000  1.000000  0.000000  0.000000  0.000000  1.000000  0.999981  0.005338  0.003193  -0.005337  0.999986  -0.000296  -0.003195  0.000279  0.999995  0.000000  0.000000  
226.247274 0.008462  0.094036  -0.003455  0.997145  0.047295  -0.058867  -0.047662  0.998852  -0.004837  0.058570  0.007629  0.998254  0.000808  -0.003038  -0.002367  0.000000  0.000000  0.000000  2.000000  0.999981  0.005338  0.003193  -0.005337  0.999986  -0.000296  -0.003195  0.000279  0.999995  1.000000  0.000619  0.000263  -0.000618  0.999999  -0.001055  -0.000264  0.001055  0.999999  1.000000  0.000000  0.000000  0.000000  1.000000  0.000000  0.000000  0.000000  1.000000  0.999981  0.005338  0.003193  -0.005337  0.999986  -0.000296  -0.003195  0.000279  0.999995  0.000000  0.000000  
226.248498 0.008462  0.094034  -0.003458  0.997145  0.047295  -0.058867  -0.047662  0.998852  -0.004837  0.058570  0.007629  0.998254  0.000696  -0.002892  -0.002340  0.000000  0.000000  0.000000  2.000000  0.999981  0.005338  0.003193  -0.005337  0.999986  -0.000296  -0.003195  0.000279  0.999995  1.000000  0.000413  0.000264  -0.000413  0.999999  -0.000946  -0.000265  0.000946  1.000000  1.000000  0.000000  0.000000  0.000000  1.000000  0.000000  0.000000  0.000000  1.000000  0.999981  0.005338  0.003193  -0.005337  0.999986  -0.000296  -0.003195  0.000279  0.999995  0.000000  0.000000  
226.249742 0.008463  0.094032  -0.003460  0.997145  0.047295  -0.058867  -0.047662  0.998852  -0.004837  0.058570  0.007629  0.998254  0.000577  -0.002727  -0.002235  0.000000  0.000000  0.000000  2.000000  0.999981  0.005338  0.003193  -0.005337  0.999986  -0.000296  -0.003195  0.000279  0.999995  1.000000  0.000414  0.000398  -0.000414  0.999999  -0.000946  -0.000399  0.000946  0.999999  1.000000  0.000000  0.000000  0.000000  1.000000  0.000000  0.000000  0.000000  1.000000  0.999981  0.005338  0.003193  -0.005337  0.999986  -0.000296  -0.003195  0.000279  0.999995  0.000000  0.000000  
226.250751 0.008463  0.094030  -0.003462  0.997145  0.047295  -0.058867  -0.047662  0.998852  -0.004837  0.058570  0.007629  0.998254  0.000460  -0.002566  -0.002138  0.000000  0.000000  0.000000  2.000000  0.999981  0.005338  0.003193  -0.005337  0.999986  -0.000296  -0.003195  0.000279  0.999995  1.000000  0.000209  0.000400  -0.000208  1.000000  -0.000837  -0.000400  0.000837  1.000000  1.000000  0.000000  0.000000  0.000000  1.000000  0.000000  0.000000  0.000000  1.000000  0.999981  0.005338  0.003193  -0.005337  0.999986  -0.000296  -0.003195  0.000279  0.999995  0.000000  0.000000  
226.251997 0.008462  0.094028  -0.003465  0.997145  0.047295  -0.058867  -0.047662  0.998852  -0.004837  0.058570  0.007629  0.998254  0.000358  -0.002439  -0.002093  0.000000  0.000000  0.000000  2.000000  0.999981  0.005338  0.003193  -0.005337  0.999986  -0.000296  -0.003195  0.000279  0.999995  1.000000  0.000209  0.000400  -0.000208  1.000000  -0.000716  -0.000400  0.000716  1.000000  1.000000  0.000000  0.000000  0.000000  1.000000  0.000000  0.000000  0.000000  1.000000  0.999981  0.005338  0.003193  -0.005337  0.999986  -0.000296  -0.003195  0.000279  0.999995  0.000000  0.000000  
226.253243 0.008462  0.094026  -0.003467  0.997145  0.047295  -0.058867  -0.047662  0.998852  -0.004837  0.058570  0.007629  0.998254  0.000309  -0.002273  -0.001989  0.000000  0.000000  0.000000  2.000000  0.999981  0.005338  0.003193  -0.005337  0.999986  -0.000296  -0.003195  0.000279  0.999995  1.000000  0.000209  0.000400  -0.000208  1.000000  -0.000594  -0.000400  0.000594  1.000000  1.000000  0.000000  0.000000  0.000000  1.000000  0.000000  0.000000  0.000000  1.000000  0.999981  0.005338  0.003193  -0.005337  0.999986  -0.000296  -0.003195  0.000279  0.999995  0.000000  0.000000  
226.254244 0.008463  0.094024  -0.003468  0.997137  0.047294  -0.059000  -0.047662  0.998852  -0.004830  0.058704  0.007628  0.998246  0.000293  -0.002095  -0.001878  0.000000  0.000000  0.000000  2.000000  0.999981  0.005338  0.003193  -0.005337  0.999986  -0.000296  -0.003195  0.000279  0.999995  1.000000  0.000208  0.000266  -0.000207  1.000000  -0.000594  -0.000266  0.000594  1.000000  1.000000  0.000000  0.000000  0.000000  1.000000  0.000000  0.000000  0.000000  1.000000  0.999981  0.005338  0.003193  -0.005337  0.999986  -0.000296  -0.003195  0.000279  0.999995  0.000000  0.000000  
226.255491 0.008463  0.094023  -0.003471  0.997137  0.047294  -0.059000  -0.047662  0.998852  -0.004830  0.058704  0.007628  0.998246  0.000253  -0.001938  -0.001843  0.000000  0.000000  0.000000  2.000000  0.999981  0.005338  0.003193  -0.005337  0.999986  -0.000296  -0.003195  0.000279  0.999995  1.000000  0.000208  0.000266  -0.000207  1.000000  -0.000473  -0.000266  0.000473  1.000000  1.000000  0.000000  0.000000  0.000000  1.000000  0.000000  0.000000  0.000000  1.000000  0.999981  0.005338  0.003193  -0.005337  0.999986  -0.000296  -0.003195  0.000279  0.999995  0.000000  0.000000  
226.256494 0.008463  0.094022  -0.003473  0.997137  0.047302  -0.058994  -0.047662  0.998852  -0.004709  0.058704  0.007507  0.998247  0.000203  -0.001806  -0.001804  0.000000  0.000000  0.000000  2.000000  0.999981  0.005338  0.003193  -0.005337  0.999986  -0.000296  -0.003195  0.000279  0.999995  1.000000  0.000001  0.000134  -0.000001  1.000000  -0.000243  -0.000134  0.000243  1.000000  1.000000  0.000000  0.000000  0.000000  1.000000  0.000000  0.000000  0.000000  1.000000  0.999981  0.005338  0.003193  -0.005337  0.999986  -0.000296  -0.003195  0.000279  0.999995  0.000000  0.000000  
226.257743 0.008462  0.094020  -0.003476  0.997137  0.047302  -0.058994  -0.047662  0.998852  -0.004709  0.058704  0.007507  0.998247  0.000098  -0.001739  -0.001902  0.000000  0.000000  0.000000  2.000000  0.999981  0.005338  0.003193  -0.005337  0.999986  -0.000296  -0.003195  0.000279  0.999995  1.000000  0.000001  0.000134  -0.000001  1.000000  -0.000243  -0.000134  0.000243  1.000000  1.000000  0.000000  0.000000  0.000000  1.000000  0.000000  0.000000  0.000000  1.000000  0.999981  0.005338  0.003193  -0.005337  0.999986  -0.000296  -0.003195  0.000279  0.999995  0.000000  0.000000  
226.258993 0.008462  0.094019  -0.003479  0.997137  0.047309  -0.058989  -0.047662  0.998853  -0.004588  0.058704  0.007386  0.998248  0.000076  -0.001617  -0.001948  0.000000  0.000000  0.000000  2.000000  0.999981  0.005338  0.003193  -0.005337  0.999986  -0.000296  -0.003195  0.000279  0.999995  1.000000  -0.000000  0.000000  0.000000  1.000000  -0.000000  -0.000000  0.000000  1.000000  1.000000  0.000000  0.000000  0.000000  1.000000  0.000000  0.000000  0.000000  1.000000  0.999981  0.005338  0.003193  -0.005337  0.999986  -0.000296  -0.003195  0.000279  0.999995  0.000000  0.000000  
226.259995 0.008462  0.094018  -0.003481  0.997137  0.047309  -0.058989  -0.047662  0.998853  -0.004588  0.058704  0.007386  0.998248  0.000050  -0.001545  -0.001981  0.000000  0.000000  0.000000  2.000000  0.999981  0.005338  0.003193  -0.005337  0.999986  -0.000296  -0.003195  0.000279  0.999995  1.000000  -0.000000  0.000000  0.000000  1.000000  -0.000000  -0.000000  0.000000  1.000000  1.000000  0.000000  0.000000  0.000000  1.000000  0.000000  0.000000  0.000000  1.000000  0.999981  0.005338  0.003193  -0.005337  0.999986  -0.000296  -0.003195  0.000279  0.999995  0.000000  0.000000  
226.261253 0.008462  0.094017  -0.003484  0.997137  0.047316  -0.058983  -0.047662  0.998854  -0.004467  0.058704  0.007265  0.998249  -0.000007  -0.001442  -0.002033  0.000000  0.000000  0.000000  2.000000  0.999981  0.005338  0.003193  -0.005337  0.999986  -0.000296  -0.003195  0.000279  0.999995  1.000000  -0.000000  0.000000  0.000000  1.000000  0.000121  -0.000000  -0.000121  1.000000  1.000000  0.000000  0.000000  0.000000  1.000000  0.000000  0.000000  0.000000  1.000000  0.999981  0.005338  0.003193  -0.005337  0.999986  -0.000296  -0.003195  0.000279  0.999995  0.000000  0.000000  
226.262498 0.008461  0.094016  -0.003487  0.997137  0.047316  -0.058983  -0.047662  0.998854  -0.004467  0.058704  0.007265  0.998249  -0.000065  -0.001318  -0.002059  0.000000  0.000000  0.000000  2.000000  0.999981  0.005338  0.003193  -0.005337  0.999986  -0.000296  -0.003195  0.000279  0.999995  1.000000  -0.000000  0.000000  -0.000000  1.000000  0.000243  0.000000  -0.000243  1.000000  1.000000  0.000000  0.000000  0.000000  1.000000  0.000000  0.000000  0.000000  1.000000  0.999981  0.005338  0.003193  -0.005337  0.999986  -0.000296  -0.003195  0.000279  0.999995  0.000000  0.000000  
226.263498 0.008461  0.094016  -0.003488  0.997137  0.047316  -0.058983  -0.047662  0.998854  -0.004467  0.058704  0.007265  0.998249  -0.000087  -0.001203  -0.001996  0.000000  0.000000  0.000000  2.000000  0.999981  0.005338  0.003193  -0.005337  0.999986  -0.000296  -0.003195  0.000279  0.999995  1.000000  -0.000000  0.000000  -0.000000  1.000000  0.000243  0.000000  -0.000243  1.000000  1.000000  0.000000  0.000000  0.000000  1.000000  0.000000  0.000000  0.000000  1.000000  0.999981  0.005338  0.003193  -0.005337  0.999986  -0.000296  -0.003195  0.000279  0.999995  0.000000  0.000000  
226.264746 0.008462  0.094015  -0.003490  0.997147  0.047117  -0.058976  -0.047456  0.998864  -0.004358  0.058704  0.007144  0.998250  -0.000066  -0.001067  -0.001952  0.000000  0.000000  0.000000  2.000000  0.999981  0.005338  0.003193  -0.005337  0.999986  -0.000296  -0.003195  0.000279  0.999995  1.000000  -0.000206  -0.000132  0.000207  1.000000  0.000352  0.000132  -0.000352  1.000000  1.000000  0.000000  0.000000  0.000000  1.000000  0.000000  0.000000  0.000000  1.000000  0.999981  0.005338  0.003193  -0.005337  0.999986  -0.000296  -0.003195  0.000279  0.999995  0.000000  0.000000  
