1-Time 2-Px 3-Py 4-Pz 5-R11 6-R21 7-R31 8-R12 9-R22 10-R32 11-R13 12-R23 13-R33 14-Vx 15-Vy 16-Vz 17-Wx 18-Wy 19-Wz 20-state 21-PR11 22-PR21 23-PR31 24-PR12 25-PR22 26-PR32 27-PR13 28-PR23 29-PR33 
10.311851 -0.000274  0.089749  -0.001571  0.992568  0.119316  -0.023937  -0.117634  0.991094  0.062409  0.031170  -0.059130  0.997764  -0.002675  -0.000573  0.002838  0.000000  0.000000  0.000000  2.000000  1.000000  0.000000  0.000000  -0.000000  1.000000  0.000000  0.000000  -0.000000  1.000000  0.999999  0.001225  0.000207  -0.001224  0.999998  -0.001538  -0.000209  0.001538  0.999999  1.000000  0.000000  0.000000  0.000000  1.000000  0.000000  0.000000  0.000000  1.000000  1.000000  0.000000  0.000000  0.000000  1.000000  0.000000  0.000000  0.000000  1.000000  0.000000  0.000000  
10.313102 -0.000280  0.089748  -0.001564  0.992519  0.119721  -0.023926  -0.118042  0.991052  0.062299  0.031170  -0.059009  0.997771  -0.002934  -0.000676  0.003130  0.000000  0.000000  0.000000  2.000000  1.000000  0.000000  0.000000  0.000000  1.000000  0.000000  0.000000  0.000000  1.000000  0.999999  0.001438  0.000085  -0.001438  0.999998  -0.001532  -0.000087  0.001532  0.999999  1.000000  0.000000  0.000000  0.000000  1.000000  0.000000  0.000000  0.000000  1.000000  1.000000  0.000000  0.000000  0.000000  1.000000  0.000000  0.000000  0.000000  1.000000  0.000000  0.000000  
10.314353 -0.000287  0.089743  -0.001558  0.992422  0.120537  -0.023874  -0.118859  0.990953  0.062319  0.031170  -0.059009  0.997771  -0.003311  -0.000947  0.003409  0.000000  0.000000  0.000000  2.000000  1.000000  0.000000  0.000000  0.000000  1.000000  0.000000  0.000000  0.000000  1.000000  0.999997  0.002260  0.000134  -0.002259  0.999996  -0.001506  -0.000137  0.001506  0.999999  1.000000  0.000000  0.000000  0.000000  1.000000  0.000000  0.000000  0.000000  1.000000  1.000000  0.000000  0.000000  0.000000  1.000000  0.000000  0.000000  0.000000  1.000000  0.000000  0.000000  
10.315604 -0.000296  0.089738  -0.001553  0.992270  0.121769  -0.023930  -0.120085  0.990803  0.062364  0.031304  -0.059008  0.997767  -0.003683  -0.001273  0.003614  0.000000  0.000000  0.000000  2.000000  1.000000  0.000000  0.000000  0.000000  1.000000  0.000000  0.000000  0.000000  1.000000  0.999994  0.003500  0.000073  -0.003500  0.999993  -0.001346  -0.000078  0.001346  0.999999  1.000000  0.000000  0.000000  0.000000  1.000000  0.000000  0.000000  0.000000  1.000000  1.000000  0.000000  0.000000  0.000000  1.000000  0.000000  0.000000  0.000000  1.000000  0.000000  0.000000  
10.316855 -0.000304  0.089732  -0.001546  0.992146  0.122792  -0.023851  -0.121106  0.990669  0.062509  0.031304  -0.059129  0.997759  -0.004070  -0.001636  0.003905  0.000000  0.000000  0.000000  2.000000  1.000000  0.000000  0.000000  0.000000  1.000000  0.000000  0.000000  0.000000  1.000000  0.999989  0.004732  0.000147  -0.004732  0.999988  -0.001065  -0.000152  0.001065  0.999999  1.000000  0.000000  0.000000  0.000000  1.000000  0.000000  0.000000  0.000000  1.000000  1.000000  0.000000  0.000000  0.000000  1.000000  0.000000  0.000000  0.000000  1.000000  0.000000  0.000000  
10.318105 -0.000314  0.089726  -0.001538  0.992042  0.123615  -0.023932  -0.121923  0.990567  0.062545  0.031438  -0.059129  0.997755  -0.004513  -0.002017  0.004238  -0.055036  -0.011626  0.193207  2.000000  1.000000  0.000061  0.000114  -0.000061  1.000000  -0.000026  -0.000114  0.000026  1.000000  0.999987  0.005143  0.000171  -0.005143  0.999986  -0.001053  -0.000177  0.001052  0.999999  1.000000  0.000030  0.000057  -0.000030  1.000000  -0.000013  -0.000057  0.000013  1.000000  1.000000  0.000061  0.000114  -0.000061  1.000000  -0.000026  -0.000114  0.000026  1.000000  0.000049  0.005252  
10.319352 -0.000324  0.089719  -0.001529  0.991911  0.124645  -0.023985  -0.122943  0.990431  0.062706  0.031571  -0.059250  0.997744  -0.004986  -0.002390  0.004636  -0.045803  -0.004729  0.228268  2.000000  1.000000  0.000238  0.000427  -0.000238  1.000000  -0.000077  -0.000427  0.000077  1.000000  0.999981  0.006186  -0.000034  -0.006186  0.999981  -0.000777  0.000029  0.000777  1.000000  1.000000  0.000039  0.000067  -0.000039  1.000000  -0.000010  -0.000067  0.000010  1.000000  1.000000  0.000238  0.000427  -0.000238  1.000000  -0.000077  -0.000427  0.000077  1.000000  0.000057  0.006235  
10.320591 -0.000335  0.089714  -0.001519  0.991750  0.125887  -0.024157  -0.124167  0.990266  0.062889  0.031839  -0.059370  0.997728  -0.005537  -0.002739  0.005064  -0.040621  0.002154  0.263415  2.000000  1.000000  0.000417  0.000721  -0.000416  1.000000  -0.000106  -0.000721  0.000106  1.000000  0.999974  0.007237  -0.000373  -0.007237  0.999974  -0.000500  0.000369  0.000503  1.000000  1.000000  0.000049  0.000076  -0.000049  1.000000  -0.000006  -0.000076  0.000006  1.000000  1.000000  0.000417  0.000721  -0.000416  1.000000  -0.000106  -0.000721  0.000106  1.000000  0.000063  0.007264  
10.321597 -0.000345  0.089710  -0.001511  0.991588  0.127126  -0.024344  -0.125391  0.990108  0.062952  0.032106  -0.059370  0.997720  -0.006005  -0.002971  0.005422  -0.035185  0.008653  0.305307  2.000000  0.999999  0.000636  0.001054  -0.000636  1.000000  -0.000129  -0.001054  0.000128  0.999999  0.999966  0.008280  -0.000578  -0.008280  0.999966  -0.000344  0.000576  0.000349  1.000000  1.000000  0.000058  0.000086  -0.000058  1.000000  -0.000004  -0.000086  0.000004  1.000000  0.999999  0.000636  0.001054  -0.000636  1.000000  -0.000129  -0.001054  0.000128  0.999999  0.000073  0.008307  
10.322844 -0.000358  0.089704  -0.001501  0.991371  0.128776  -0.024490  -0.127023  0.989888  0.063146  0.032374  -0.059490  0.997704  -0.006631  -0.003300  0.005773  -0.025257  0.018796  0.361373  2.000000  0.999998  0.000959  0.001539  -0.000959  1.000000  -0.000141  -0.001539  0.000139  0.999999  0.999950  0.009931  -0.000613  -0.009931  0.999951  -0.000048  0.000612  0.000054  1.000000  1.000000  0.000069  0.000104  -0.000069  1.000000  -0.000001  -0.000104  0.000001  1.000000  0.999998  0.000959  0.001539  -0.000959  1.000000  -0.000141  -0.001539  0.000139  0.999999  0.000087  0.009950  
10.323846 -0.000369  0.089699  -0.001493  0.991209  0.130009  -0.024528  -0.128247  0.989719  0.063313  0.032507  -0.059611  0.997692  -0.007152  -0.003589  0.006065  -0.019833  0.020767  0.403034  2.000000  0.999997  0.001259  0.001990  -0.001259  0.999999  -0.000143  -0.001990  0.000140  0.999998  0.999935  0.011377  -0.000660  -0.011377  0.999935  -0.000001  0.000660  0.000009  1.000000  1.000000  0.000078  0.000119  -0.000078  1.000000  -0.000000  -0.000119  0.000000  1.000000  0.999997  0.001259  0.001990  -0.001259  0.999999  -0.000143  -0.001990  0.000140  0.999998  0.000099  0.011396  
10.325096 -0.000384  0.089694  -0.001481  0.990997  0.131639  -0.024424  -0.129879  0.989504  0.063354  0.032507  -0.059611  0.997692  -0.007843  -0.003856  0.006520  -0.013885  0.017331  0.454645  2.000000  0.999995  0.001679  0.002623  -0.001678  0.999999  -0.000129  -0.002623  0.000124  0.999997  0.999918  0.012822  -0.000706  -0.012822  0.999918  0.000289  0.000709  -0.000280  1.000000  1.000000  0.000088  0.000134  -0.000088  1.000000  0.000004  -0.000134  -0.000004  1.000000  0.999995  0.001679  0.002623  -0.001678  0.999999  -0.000129  -0.002623  0.000124  0.999997  0.000113  0.012845  
10.326096 -0.000396  0.089690  -0.001471  0.990804  0.133073  -0.024465  -0.131307  0.989312  0.063406  0.032641  -0.059611  0.997688  -0.008317  -0.004032  0.006879  -0.012420  0.019050  0.506868  2.000000  0.999993  0.002043  0.003194  -0.002043  0.999998  -0.000111  -0.003194  0.000105  0.999995  0.999901  0.014055  -0.000631  -0.014054  0.999901  0.000451  0.000638  -0.000442  1.000000  1.000000  0.000095  0.000148  -0.000095  1.000000  0.000006  -0.000148  -0.000006  1.000000  0.999993  0.002043  0.003194  -0.002043  0.999998  -0.000111  -0.003194  0.000105  0.999995  0.000123  0.014076  
10.327096 -0.000408  0.089686  -0.001459  0.990610  0.134509  -0.024489  -0.132734  0.989110  0.063579  0.032775  -0.059732  0.997676  -0.008883  -0.004254  0.007340  -0.002906  0.021044  0.548513  2.000000  0.999990  0.002438  0.003819  -0.002437  0.999997  -0.000083  -0.003819  0.000074  0.999993  0.999883  0.015287  -0.000555  -0.015287  0.999883  0.000733  0.000567  -0.000724  1.000000  1.000000  0.000102  0.000162  -0.000102  1.000000  0.000009  -0.000162  -0.000009  1.000000  0.999990  0.002438  0.003819  -0.002437  0.999997  -0.000083  -0.003819  0.000074  0.999993  0.000134  0.015315  
10.328106 -0.000422  0.089680  -0.001447  0.990413  0.135942  -0.024530  -0.134161  0.988914  0.063632  0.032909  -0.059731  0.997672  -0.009559  -0.004548  0.007849  0.002757  0.022652  0.596851  2.000000  0.999987  0.002763  0.004335  -0.002763  0.999996  -0.000056  -0.004335  0.000044  0.999991  0.999860  0.016733  -0.000602  -0.016732  0.999860  0.000781  0.000615  -0.000771  1.000000  1.000000  0.000111  0.000177  -0.000111  1.000000  0.000010  -0.000177  -0.000010  1.000000  0.999987  0.002763  0.004335  -0.002763  0.999996  -0.000056  -0.004335  0.000044  0.999991  0.000146  0.016762  
10.329351 -0.000440  0.089673  -0.001432  0.990158  0.137785  -0.024528  -0.135995  0.988652  0.063816  0.033042  -0.059852  0.997660  -0.010187  -0.004728  0.008429  0.008872  0.023372  0.659414  2.000000  0.999982  0.003240  0.005092  -0.003240  0.999995  -0.000010  -0.005092  -0.000006  0.999987  0.999831  0.018392  -0.000768  -0.018391  0.999830  0.001081  0.000787  -0.001066  0.999999  1.000000  0.000123  0.000194  -0.000123  1.000000  0.000013  -0.000194  -0.000013  1.000000  0.999982  0.003240  0.005092  -0.003240  0.999995  -0.000010  -0.005092  -0.000006  0.999987  0.000162  0.018440  
10.330353 -0.000456  0.089666  -0.001419  0.989957  0.139221  -0.024551  -0.137421  0.988444  0.063989  0.033176  -0.059973  0.997649  -0.010846  -0.004906  0.009067  0.018574  0.029434  0.708128  2.000000  0.999975  0.003759  0.005913  -0.003760  0.999993  0.000046  -0.005913  -0.000068  0.999983  0.999799  0.020043  -0.000799  -0.020041  0.999798  0.001378  0.000827  -0.001362  0.999999  1.000000  0.000134  0.000212  -0.000134  1.000000  0.000017  -0.000212  -0.000017  1.000000  0.999975  0.003759  0.005913  -0.003760  0.999993  0.000046  -0.005913  -0.000068  0.999983  0.000176  0.020107  
10.331603 -0.000476  0.089656  -0.001401  0.989692  0.141074  -0.024663  -0.139254  0.988166  0.064312  0.033443  -0.060214  0.997625  -0.011632  -0.005111  0.009827  0.032679  0.035042  0.763927  2.000000  0.999965  0.004462  0.007020  -0.004463  0.999990  0.000135  -0.007019  -0.000166  0.999975  0.999768  0.021496  -0.000976  -0.021494  0.999768  0.001673  0.001012  -0.001651  0.999998  1.000000  0.000145  0.000226  -0.000145  1.000000  0.000021  -0.000226  -0.000021  1.000000  0.999965  0.004462  0.007020  -0.004463  0.999990  0.000135  -0.007019  -0.000166  0.999975  0.000188  0.021584  
10.332853 -0.000496  0.089645  -0.001382  0.989399  0.143122  -0.024628  -0.141290  0.987857  0.064621  0.033577  -0.060456  0.997606  -0.012371  -0.005431  0.010605  0.047189  0.035320  0.833186  2.000000  0.999953  0.005224  0.008221  -0.005226  0.999986  0.000246  -0.008219  -0.000289  0.999966  0.999722  0.023558  -0.000979  -0.023556  0.999721  0.001984  0.001025  -0.001961  0.999998  1.000000  0.000158  0.000249  -0.000158  1.000000  0.000025  -0.000249  -0.000025  1.000000  0.999953  0.005224  0.008221  -0.005226  0.999986  0.000246  -0.008219  -0.000289  0.999966  0.000205  0.023663  
10.334099 -0.000516  0.089634  -0.001362  0.989131  0.144966  -0.024605  -0.143123  0.987573  0.064925  0.033711  -0.060698  0.997587  -0.013070  -0.005806  0.011342  0.061268  0.036429  0.888780  2.000000  0.999936  0.006040  0.009515  -0.006044  0.999982  0.000383  -0.009513  -0.000441  0.999955  0.999687  0.025003  -0.001018  -0.025001  0.999685  0.002398  0.001078  -0.002372  0.999997  1.000000  0.000168  0.000264  -0.000168  1.000000  0.000030  -0.000264  -0.000030  1.000000  0.999936  0.006040  0.009515  -0.006044  0.999982  0.000383  -0.009513  -0.000441  0.999955  0.000221  0.025140  
10.335353 -0.000536  0.089621  -0.001342  0.988834  0.147005  -0.024435  -0.145159  0.987257  0.065215  0.033711  -0.060940  0.997572  -0.013651  -0.006272  0.012042  0.075787  0.027713  0.957386  2.000000  0.999917  0.006891  0.010870  -0.006897  0.999976  0.000538  -0.010866  -0.000613  0.999941  0.999666  0.025817  -0.000825  -0.025814  0.999663  0.002788  0.000896  -0.002766  0.999996  1.000000  0.000171  0.000274  -0.000171  1.000000  0.000035  -0.000274  -0.000035  1.000000  0.999917  0.006891  0.010870  -0.006897  0.999976  0.000538  -0.010866  -0.000613  0.999941  0.000237  0.025982  
10.336598 -0.000557  0.089607  -0.001322  0.988559  0.148851  -0.024392  -0.146990  0.986958  0.065639  0.033845  -0.061303  0.997545  -0.014252  -0.006846  0.012743  0.093965  0.028746  1.013038  2.000000  0.999899  0.007592  0.012003  -0.007600  0.999971  0.000678  -0.011998  -0.000769  0.999928  0.999634  0.027057  -0.000875  -0.027054  0.999629  0.003074  0.000958  -0.003049  0.999995  1.000000  0.000179  0.000287  -0.000179  1.000000  0.000038  -0.000287  -0.000038  1.000000  0.999899  0.007592  0.012003  -0.007600  0.999971  0.000678  -0.011998  -0.000769  0.999928  0.000253  0.027247  
10.337599 -0.000574  0.089596  -0.001305  0.988346  0.150279  -0.024261  -0.148414  0.986726  0.065913  0.033845  -0.061545  0.997530  -0.014652  -0.007291  0.013301  0.103685  0.025691  1.061308  2.000000  0.999879  0.008308  0.013158  -0.008319  0.999965  0.000830  -0.013150  -0.000939  0.999913  0.999622  0.027468  -0.000843  -0.027465  0.999618  0.003208  0.000931  -0.003184  0.999994  1.000000  0.000181  0.000292  -0.000181  1.000000  0.000040  -0.000292  -0.000040  1.000000  0.999879  0.008308  0.013158  -0.008319  0.999965  0.000830  -0.013150  -0.000939  0.999913  0.000265  0.027669  
10.338599 -0.000592  0.089584  -0.001288  0.988131  0.151703  -0.024148  -0.149838  0.986501  0.066068  0.033845  -0.061666  0.997523  -0.015092  -0.007782  0.013885  0.113184  0.023179  1.102711  2.000000  0.999862  0.008860  0.014055  -0.008874  0.999960  0.000950  -0.014046  -0.001075  0.999901  0.999599  0.028289  -0.000785  -0.028286  0.999594  0.003477  0.000883  -0.003454  0.999994  1.000000  0.000186  0.000301  -0.000186  1.000000  0.000043  -0.000301  -0.000043  1.000000  0.999862  0.008860  0.014055  -0.008874  0.999960  0.000950  -0.014046  -0.001075  0.999901  0.000274  0.028515  
10.339846 -0.000614  0.089569  -0.001265  0.987914  0.153134  -0.023997  -0.151262  0.986257  0.066462  0.033845  -0.062029  0.997500  -0.015575  -0.008441  0.014651  0.131083  0.020112  1.151237  2.000000  0.999830  0.009796  0.015594  -0.009815  0.999951  0.001160  -0.015582  -0.001313  0.999878  0.999576  0.029102  -0.000593  -0.029100  0.999570  0.003625  0.000698  -0.003606  0.999993  1.000000  0.000189  0.000311  -0.000189  1.000000  0.000045  -0.000311  -0.000045  1.000000  0.999830  0.009796  0.015594  -0.009815  0.999951  0.001160  -0.015582  -0.001313  0.999878  0.000288  0.029336  
10.340846 -0.000631  0.089557  -0.001247  0.987700  0.154549  -0.023750  -0.152687  0.986028  0.066595  0.033711  -0.062150  0.997497  -0.015968  -0.009007  0.015201  0.140532  0.013108  1.192613  2.000000  0.999802  0.010546  0.016853  -0.010570  0.999943  0.001334  -0.016838  -0.001512  0.999857  0.999571  0.029282  -0.000172  -0.029281  0.999564  0.003749  0.000282  -0.003742  0.999993  1.000000  0.000185  0.000316  -0.000186  1.000000  0.000047  -0.000316  -0.000047  1.000000  0.999802  0.010546  0.016853  -0.010570  0.999943  0.001334  -0.016838  -0.001512  0.999857  0.000297  0.029525  
10.341851 -0.000649  0.089545  -0.001226  0.987478  0.155976  -0.023617  -0.154110  0.985788  0.066869  0.033711  -0.062392  0.997482  -0.016332  -0.009521  0.015755  0.149005  0.009936  1.230607  2.000000  0.999772  0.011285  0.018134  -0.011314  0.999935  0.001513  -0.018116  -0.001717  0.999834  0.999560  0.029676  0.000125  -0.029676  0.999552  0.003883  -0.000009  -0.003885  0.999992  1.000000  0.000185  0.000322  -0.000185  1.000000  0.000049  -0.000322  -0.000049  1.000000  0.999772  0.011285  0.018134  -0.011314  0.999935  0.001513  -0.018116  -0.001717  0.999834  0.000307  0.029934  
10.343095 -0.000672  0.089530  -0.001200  0.987260  0.157391  -0.023369  -0.155533  0.985556  0.067001  0.033577  -0.062513  0.997479  -0.016695  -0.009989  0.016477  0.158151  0.003400  1.264831  2.000000  0.999730  0.012198  0.019754  -0.012235  0.999924  0.001744  -0.019731  -0.001985  0.999803  0.999560  0.029659  0.000399  -0.029660  0.999552  0.004004  -0.000280  -0.004014  0.999992  1.000000  0.000182  0.000323  -0.000182  1.000000  0.000050  -0.000323  -0.000050  1.000000  0.999730  0.012198  0.019754  -0.012235  0.999924  0.001744  -0.019731  -0.001985  0.999803  0.000319  0.029936  
10.344344 -0.000696  0.089516  -0.001172  0.987039  0.158806  -0.023122  -0.156957  0.985321  0.067134  0.033443  -0.062634  0.997476  -0.017039  -0.010457  0.017326  0.162787  -0.002382  1.285204  2.000000  0.999695  0.012913  0.021056  -0.012957  0.999914  0.001933  -0.021029  -0.002205  0.999776  0.999554  0.029847  0.000683  -0.029850  0.999546  0.004128  -0.000559  -0.004146  0.999991  1.000000  0.000180  0.000327  -0.000180  1.000000  0.000052  -0.000327  -0.000052  1.000000  0.999695  0.012913  0.021056  -0.012957  0.999914  0.001933  -0.021029  -0.002205  0.999776  0.000324  0.030145  
10.345349 -0.000715  0.089504  -0.001148  0.986881  0.159814  -0.022901  -0.157973  0.985150  0.067256  0.033310  -0.062756  0.997473  -0.017272  -0.010755  0.018058  0.167984  -0.011037  1.288354  2.000000  0.999657  0.013612  0.022357  -0.013663  0.999904  0.002123  -0.022326  -0.002428  0.999748  0.999567  0.029420  0.000927  -0.029423  0.999559  0.004111  -0.000806  -0.004136  0.999991  1.000000  0.000175  0.000324  -0.000175  1.000000  0.000052  -0.000324  -0.000052  1.000000  0.999657  0.013612  0.022357  -0.013663  0.999904  0.002123  -0.022326  -0.002428  0.999748  0.000325  0.029726  
10.346350 -0.000735  0.089491  -0.001124  0.986723  0.160823  -0.022681  -0.158990  0.984978  0.067378  0.033176  -0.062877  0.997470  -0.017570  -0.011187  0.018809  0.170762  -0.015892  1.284185  2.000000  0.999618  0.014293  0.023650  -0.014351  0.999894  0.002316  -0.023614  -0.002654  0.999718  0.999573  0.029197  0.001184  -0.029202  0.999565  0.004218  -0.001061  -0.004251  0.999990  1.000000  0.000170  0.000323  -0.000170  1.000000  0.000053  -0.000323  -0.000053  1.000000  0.999618  0.014293  0.023650  -0.014351  0.999894  0.002316  -0.023614  -0.002654  0.999718  0.000324  0.029531  
10.347599 -0.000760  0.089475  -0.001092  0.986530  0.162034  -0.022446  -0.160209  0.984772  0.067504  0.033042  -0.062998  0.997467  -0.017928  -0.011525  0.019641  0.171101  -0.021336  1.297481  2.000000  0.999567  0.015118  0.025253  -0.015188  0.999881  0.002559  -0.025211  -0.002941  0.999678  0.999585  0.028770  0.001429  -0.028776  0.999577  0.004201  -0.001307  -0.004240  0.999990  1.000000  0.000165  0.000320  -0.000165  1.000000  0.000053  -0.000320  -0.000053  1.000000  0.999567  0.015118  0.025253  -0.015188  0.999881  0.002559  -0.025211  -0.002941  0.999678  0.000327  0.029117  
10.348600 -0.000782  0.089462  -0.001066  0.986373  0.163033  -0.022094  -0.161226  0.984599  0.067603  0.032775  -0.063120  0.997468  -0.018279  -0.011779  0.020295  0.172690  -0.035567  1.314587  2.000000  0.999524  0.015754  0.026517  -0.015832  0.999871  0.002754  -0.026470  -0.003173  0.999645  0.999608  0.027932  0.001646  -0.027938  0.999600  0.004293  -0.001526  -0.004337  0.999989  1.000000  0.000157  0.000312  -0.000157  1.000000  0.000054  -0.000312  -0.000054  1.000000  0.999524  0.015754  0.026517  -0.015832  0.999871  0.002754  -0.026470  -0.003173  0.999645  0.000331  0.028315  
10.349850 -0.000811  0.089444  -0.001033  0.986211  0.164044  -0.021852  -0.162242  0.984416  0.067843  0.032641  -0.063362  0.997457  -0.018817  -0.012136  0.021102  0.175583  -0.049278  1.309511  2.000000  0.999470  0.016496  0.028049  -0.016586  0.999858  0.002999  -0.027995  -0.003463  0.999602  0.999642  0.026666  0.002105  -0.026674  0.999635  0.004247  -0.001991  -0.004302  0.999989  1.000000  0.000145  0.000302  -0.000145  1.000000  0.000053  -0.000302  -0.000053  1.000000  0.999470  0.016496  0.028049  -0.016586  0.999858  0.002999  -0.027995  -0.003463  0.999602  0.000332  0.027091  
10.351100 -0.000839  0.089426  -0.000999  0.986048  0.165051  -0.021631  -0.163258  0.984240  0.067963  0.032507  -0.063483  0.997453  -0.019361  -0.012452  0.022017  0.180632  -0.066447  1.298617  2.000000  0.999427  0.017053  0.029245  -0.017154  0.999848  0.003198  -0.029186  -0.003698  0.999567  0.999658  0.026032  0.002338  -0.026042  0.999651  0.004346  -0.002224  -0.004405  0.999988  1.000000  0.000138  0.000296  -0.000138  1.000000  0.000055  -0.000296  -0.000055  1.000000  0.999427  0.017053  0.029245  -0.017154  0.999848  0.003198  -0.029186  -0.003698  0.999567  0.000329  0.026504  
10.352349 -0.000869  0.089408  -0.000964  0.985917  0.165856  -0.021423  -0.164070  0.984097  0.068078  0.032374  -0.063605  0.997450  -0.019923  -0.012709  0.023032  0.179697  -0.073860  1.270148  2.000000  0.999372  0.017709  0.030708  -0.017823  0.999835  0.003443  -0.030642  -0.003989  0.999522  0.999679  0.025185  0.002689  -0.025197  0.999673  0.004317  -0.002579  -0.004383  0.999987  1.000000  0.000129  0.000289  -0.000129  1.000000  0.000054  -0.000289  -0.000054  1.000000  0.999372  0.017709  0.030708  -0.017823  0.999835  0.003443  -0.030642  -0.003989  0.999522  0.000322  0.025702  
10.353596 -0.000900  0.089390  -0.000927  0.985790  0.166655  -0.021063  -0.164884  0.983946  0.068290  0.032106  -0.063847  0.997443  -0.020545  -0.012957  0.024074  0.185584  -0.085500  1.238529  2.000000  0.999316  0.018315  0.032121  -0.018443  0.999823  0.003682  -0.032048  -0.004272  0.999477  0.999709  0.023936  0.002879  -0.023948  0.999705  0.004155  -0.002779  -0.004222  0.999987  1.000000  0.000119  0.000277  -0.000119  1.000000  0.000052  -0.000277  -0.000052  1.000000  0.999316  0.018315  0.032121  -0.018443  0.999823  0.003682  -0.032048  -0.004272  0.999477  0.000315  0.024472  
10.354846 -0.000932  0.089370  -0.000891  0.985658  0.167459  -0.020855  -0.165696  0.983802  0.068405  0.031972  -0.063968  0.997440  -0.021294  -0.013268  0.025123  0.184700  -0.092856  1.210585  2.000000  0.999272  0.018764  0.033213  -0.018903  0.999814  0.003867  -0.033134  -0.004492  0.999441  0.999728  0.023098  0.003096  -0.023110  0.999725  0.004002  -0.003003  -0.004072  0.999987  1.000000  0.000111  0.000269  -0.000111  1.000000  0.000050  -0.000269  -0.000050  1.000000  0.999272  0.018764  0.033213  -0.018903  0.999814  0.003867  -0.033134  -0.004492  0.999441  0.000308  0.023653  
10.355846 -0.000959  0.089354  -0.000862  0.985599  0.167847  -0.020564  -0.166103  0.983735  0.068369  0.031705  -0.063969  0.997448  -0.021890  -0.013577  0.025751  0.184833  -0.104535  1.178487  2.000000  0.999228  0.019182  0.034274  -0.019332  0.999805  0.004048  -0.034190  -0.004707  0.999404  0.999747  0.022259  0.003313  -0.022272  0.999745  0.003852  -0.003226  -0.003925  0.999987  1.000000  0.000104  0.000261  -0.000104  1.000000  0.000049  -0.000261  -0.000049  1.000000  0.999228  0.019182  0.034274  -0.019332  0.999805  0.004048  -0.034190  -0.004707  0.999404  0.000304  0.022840  
10.356847 -0.000986  0.089337  -0.000833  0.985500  0.168449  -0.020370  -0.166713  0.983625  0.068479  0.031571  -0.064090  0.997445  -0.022455  -0.013895  0.026233  0.183939  -0.111938  1.150282  2.000000  0.999186  0.019563  0.035288  -0.019724  0.999797  0.004220  -0.035198  -0.004912  0.999368  0.999782  0.020599  0.003476  -0.020612  0.999781  0.003675  -0.003399  -0.003746  0.999987  1.000000  0.000092  0.000245  -0.000092  1.000000  0.000046  -0.000245  -0.000046  1.000000  0.999186  0.019563  0.035288  -0.019724  0.999797  0.004220  -0.035198  -0.004912  0.999368  0.000294  0.021219  
10.357848 -0.001013  0.089320  -0.000804  0.985440  0.168839  -0.020058  -0.167120  0.983550  0.068562  0.031304  -0.064212  0.997445  -0.023133  -0.014255  0.026833  0.185731  -0.118761  1.120173  2.000000  0.999145  0.019901  0.036251  -0.020072  0.999789  0.004378  -0.036156  -0.005101  0.999333  0.999798  0.019752  0.003825  -0.019765  0.999798  0.003524  -0.003755  -0.003599  0.999986  1.000000  0.000082  0.000238  -0.000082  1.000000  0.000045  -0.000238  -0.000045  1.000000  0.999145  0.019901  0.036251  -0.020072  0.999789  0.004378  -0.036156  -0.005101  0.999333  0.000289  0.020433  
10.359096 -0.001049  0.089299  -0.000768  0.985344  0.169430  -0.019752  -0.167730  0.983448  0.068530  0.031036  -0.064212  0.997454  -0.023942  -0.014704  0.027401  0.180303  -0.134039  1.077584  2.000000  0.999105  0.020202  0.037174  -0.020384  0.999782  0.004525  -0.037075  -0.005279  0.999299  0.999821  0.018503  0.004012  -0.018515  0.999824  0.003118  -0.003954  -0.003192  0.999987  1.000000  0.000073  0.000225  -0.000073  1.000000  0.000039  -0.000225  -0.000039  1.000000  0.999105  0.020202  0.037174  -0.020384  0.999782  0.004525  -0.037075  -0.005279  0.999299  0.000279  0.019195  
10.360099 -0.001077  0.089282  -0.000737  0.985283  0.169820  -0.019440  -0.168137  0.983373  0.068612  0.030769  -0.064334  0.997454  -0.024526  -0.015014  0.027841  0.180205  -0.145760  1.037502  2.000000  0.999066  0.020472  0.038056  -0.020664  0.999776  0.004664  -0.037952  -0.005446  0.999265  0.999835  0.017673  0.004094  -0.017685  0.999839  0.003091  -0.004039  -0.003163  0.999987  1.000000  0.000066  0.000217  -0.000066  1.000000  0.000039  -0.000217  -0.000039  1.000000  0.999066  0.020472  0.038056  -0.020664  0.999776  0.004664  -0.037952  -0.005446  0.999265  0.000269  0.018409  
10.361351 -0.001114  0.089260  -0.000699  0.985183  0.170419  -0.019266  -0.168746  0.983269  0.068602  0.030635  -0.064334  0.997458  -0.025358  -0.015488  0.028378  0.170775  -0.156753  0.995129  2.000000  0.999019  0.020768  0.039112  -0.020972  0.999768  0.004824  -0.039002  -0.005639  0.999223  0.999856  0.016424  0.004281  -0.016436  0.999861  0.002807  -0.004235  -0.002877  0.999987  1.000000  0.000057  0.000204  -0.000057  1.000000  0.000036  -0.000204  -0.000036  1.000000  0.999019  0.020768  0.039112  -0.020972  0.999768  0.004824  -0.039002  -0.005639  0.999223  0.000257  0.017210  
10.362597 -0.001151  0.089239  -0.000660  0.985122  0.170807  -0.018975  -0.169153  0.983202  0.068564  0.030368  -0.064335  0.997466  -0.026017  -0.015764  0.028810  0.163922  -0.166290  0.944893  2.000000  0.998974  0.021027  0.040102  -0.021243  0.999762  0.004967  -0.039988  -0.005814  0.999183  0.999875  0.015183  0.004335  -0.015194  0.999881  0.002524  -0.004296  -0.002589  0.999987  1.000000  0.000048  0.000191  -0.000048  1.000000  0.000032  -0.000191  -0.000032  1.000000  0.998974  0.021027  0.040102  -0.021243  0.999762  0.004967  -0.039988  -0.005814  0.999183  0.000245  0.015996  
10.363852 -0.001190  0.089216  -0.000621  0.985091  0.171001  -0.018829  -0.169357  0.983168  0.068546  0.030234  -0.064335  0.997470  -0.026791  -0.016147  0.029239  0.150833  -0.172485  0.883065  2.000000  0.998933  0.021237  0.041019  -0.021464  0.999757  0.005095  -0.040901  -0.005970  0.999145  0.999893  0.013943  0.004388  -0.013953  0.999900  0.002243  -0.004357  -0.002304  0.999988  1.000000  0.000040  0.000178  -0.000040  1.000000  0.000028  -0.000178  -0.000028  1.000000  0.998933  0.021237  0.041019  -0.021464  0.999757  0.005095  -0.040901  -0.005970  0.999145  0.000231  0.014794  
10.365100 -0.001229  0.089194  -0.000580  0.985029  0.171388  -0.018538  -0.169764  0.983101  0.068508  0.029966  -0.064335  0.997478  -0.027638  -0.016523  0.029876  0.140829  -0.178140  0.827448  2.000000  0.998894  0.021409  0.041866  -0.021646  0.999752  0.005211  -0.041744  -0.006112  0.999110  0.999910  0.012711  0.004308  -0.012720  0.999917  0.002082  -0.004282  -0.002137  0.999989  1.000000  0.000033  0.000165  -0.000033  1.000000  0.000026  -0.000165  -0.000026  1.000000  0.998894  0.021409  0.041866  -0.021646  0.999752  0.005211  -0.041744  -0.006112  0.999110  0.000220  0.013587  
10.366346 -0.001268  0.089171  -0.000537  0.985002  0.171574  -0.018261  -0.169968  0.983068  0.068466  0.029699  -0.064336  0.997486  -0.028219  -0.016774  0.030352  0.129997  -0.187109  0.771826  2.000000  0.998858  0.021545  0.042653  -0.021791  0.999748  0.005315  -0.042528  -0.006239  0.999076  0.999922  0.011676  0.004375  -0.011684  0.999930  0.001806  -0.004354  -0.001857  0.999989  1.000000  0.000026  0.000154  -0.000026  1.000000  0.000023  -0.000154  -0.000023  1.000000  0.998858  0.021545  0.042653  -0.021791  0.999748  0.005315  -0.042528  -0.006239  0.999076  0.000204  0.012603  
10.367346 -0.001300  0.089152  -0.000502  0.984975  0.171759  -0.017984  -0.170172  0.983036  0.068425  0.029431  -0.064336  0.997494  -0.028759  -0.017038  0.030807  0.120519  -0.193543  0.730264  2.000000  0.998837  0.021612  0.043101  -0.021864  0.999747  0.005374  -0.042974  -0.006310  0.999056  0.999929  0.011060  0.004335  -0.011068  0.999937  0.001787  -0.004315  -0.001835  0.999989  1.000000  0.000022  0.000147  -0.000022  1.000000  0.000023  -0.000147  -0.000023  1.000000  0.998837  0.021612  0.043101  -0.021864  0.999747  0.005374  -0.042974  -0.006310  0.999056  0.000193  0.012017  
10.368600 -0.001341  0.089129  -0.000458  0.984947  0.171945  -0.017707  -0.170376  0.983003  0.068383  0.029164  -0.064337  0.997502  -0.029504  -0.017448  0.031384  0.107403  -0.200699  0.680247  2.000000  0.998804  0.021696  0.043805  -0.021956  0.999744  0.005464  -0.043675  -0.006419  0.999025  0.999940  0.010025  0.004402  -0.010032  0.999948  0.001633  -0.004386  -0.001677  0.999989  1.000000  0.000015  0.000136  -0.000015  1.000000  0.000021  -0.000136  -0.000021  1.000000  0.998804  0.021696  0.043805  -0.021956  0.999744  0.005464  -0.043675  -0.006419  0.999025  0.000181  0.011074  
10.369858 -0.001382  0.089105  -0.000412  0.984951  0.171936  -0.017575  -0.170377  0.983005  0.068360  0.029030  -0.064337  0.997506  -0.030008  -0.017703  0.031951  0.097440  -0.201723  0.624570  2.000000  0.998775  0.021747  0.044445  -0.022014  0.999742  0.005543  -0.044313  -0.006514  0.998996  0.999952  0.008793  0.004322  -0.008799  0.999960  0.001353  -0.004310  -0.001391  0.999990  1.000000  0.000008  0.000122  -0.000008  1.000000  0.000017  -0.000122  -0.000017  1.000000  0.998775  0.021747  0.044445  -0.022014  0.999742  0.005543  -0.044313  -0.006514  0.998996  0.000170  0.009894  
10.371095 -0.001423  0.089080  -0.000367  0.984959  0.171919  -0.017312  -0.170378  0.983008  0.068315  0.028763  -0.064338  0.997514  -0.030532  -0.017970  0.032537  0.086960  -0.201623  0.571438  2.000000  0.998754  0.021762  0.044913  -0.022036  0.999742  0.005599  -0.044780  -0.006581  0.998975  0.999959  0.007963  0.004403  -0.007969  0.999968  0.001206  -0.004393  -0.001241  0.999990  1.000000  0.000002  0.000114  -0.000002  1.000000  0.000015  -0.000114  -0.000015  1.000000  0.998754  0.021762  0.044913  -0.022036  0.999742  0.005599  -0.044780  -0.006581  0.998975  0.000154  0.009182  
10.372345 -0.001465  0.089054  -0.000321  0.984966  0.171902  -0.017049  -0.170379  0.983011  0.068269  0.028495  -0.064338  0.997521  -0.031064  -0.018281  0.033237  0.077297  -0.207956  0.506563  2.000000  0.998730  0.021749  0.045436  -0.022028  0.999741  0.005657  -0.045301  -0.006651  0.998951  0.999968  0.006732  0.004323  -0.006736  0.999977  0.001048  -0.004316  -0.001078  0.999990  1.000000  -0.000005  0.000100  0.000005  1.000000  0.000013  -0.000100  -0.000013  1.000000  0.998730  0.021749  0.045436  -0.022028  0.999741  0.005657  -0.045301  -0.006651  0.998951  0.000142  0.008071  
10.373346 -0.001497  0.089034  -0.000285  0.984970  0.171894  -0.016918  -0.170380  0.983012  0.068246  0.028362  -0.064338  0.997525  -0.031384  -0.018570  0.033697  0.072084  -0.205803  0.472068  2.000000  0.998713  0.021719  0.045823  -0.022003  0.999742  0.005697  -0.045687  -0.006698  0.998933  0.999972  0.006107  0.004417  -0.006111  0.999981  0.000908  -0.004411  -0.000935  0.999990  1.000000  -0.000010  0.000094  0.000010  1.000000  0.000012  -0.000094  -0.000012  1.000000  0.998713  0.021719  0.045823  -0.022003  0.999742  0.005697  -0.045687  -0.006698  0.998933  0.000131  0.007593  
10.374346 -0.001530  0.089012  -0.000249  0.985009  0.171683  -0.016800  -0.170178  0.983049  0.068220  0.028228  -0.064339  0.997529  -0.031647  -0.018818  0.034108  0.066652  -0.203163  0.430576  2.000000  0.998698  0.021674  0.046180  -0.021962  0.999742  0.005730  -0.046044  -0.006737  0.998917  0.999975  0.005491  0.004377  -0.005494  0.999985  0.000769  -0.004373  -0.000793  0.999990  1.000000  -0.000013  0.000087  0.000013  1.000000  0.000010  -0.000087  -0.000010  1.000000  0.998698  0.021674  0.046180  -0.021962  0.999742  0.005730  -0.046044  -0.006737  0.998917  0.000124  0.007065  
10.375348 -0.001563  0.088991  -0.000211  0.985016  0.171664  -0.016558  -0.170179  0.983060  0.068056  0.027960  -0.064218  0.997544  -0.031858  -0.019084  0.034582  0.061136  -0.204190  0.399415  2.000000  0.998694  0.021660  0.046262  -0.021948  0.999743  0.005736  -0.046126  -0.006744  0.998913  0.999980  0.004670  0.004323  -0.004672  0.999989  0.000502  -0.004321  -0.000522  0.999991  1.000000  0.000000  0.000000  0.000000  1.000000  0.000000  0.000000  0.000000  1.000000  0.998694  0.021660  0.046262  -0.021948  0.999743  0.005736  -0.046126  -0.006744  0.998913  0.000114  0.000000  
10.376596 -0.001602  0.088965  -0.000164  0.985059  0.171445  -0.016309  -0.169977  0.983099  0.068007  0.027693  -0.064219  0.997552  -0.032078  -0.019441  0.035142  0.055554  -0.205637  0.351241  2.000000  0.998694  0.021660  0.046262  -0.021948  0.999743  0.005736  -0.046126  -0.006744  0.998913  0.999984  0.003635  0.004391  -0.003637  0.999993  0.000351  -0.004389  -0.000367  0.999990  1.000000  0.000000  0.000000  0.000000  1.000000  0.000000  0.000000  0.000000  1.000000  0.998694  0.021660  0.046262  -0.021948  0.999743  0.005736  -0.046126  -0.006744  0.998913  0.000104  0.000000  
10.377597 -0.001633  0.088943  -0.000126  0.985101  0.171225  -0.016060  -0.169776  0.983137  0.067958  0.027425  -0.064219  0.997559  -0.032164  -0.019731  0.035586  0.050188  -0.207472  0.309839  2.000000  0.998694  0.021660  0.046262  -0.021948  0.999743  0.005736  -0.046126  -0.006744  0.998913  0.999985  0.003224  0.004364  -0.003225  0.999995  0.000217  -0.004363  -0.000232  0.999990  1.000000  0.000000  0.000000  0.000000  1.000000  0.000000  0.000000  0.000000  1.000000  0.998694  0.021660  0.046262  -0.021948  0.999743  0.005736  -0.046126  -0.006744  0.998913  0.000096  0.000000  
10.378601 -0.001664  0.088921  -0.000088  0.985108  0.171208  -0.015797  -0.169777  0.983140  0.067913  0.027158  -0.064219  0.997566  -0.032166  -0.020024  0.036105  0.041124  -0.206611  0.271003  2.000000  0.998694  0.021660  0.046262  -0.021948  0.999743  0.005736  -0.046126  -0.006744  0.998913  0.999988  0.002412  0.004178  -0.002412  0.999997  0.000073  -0.004177  -0.000083  0.999991  1.000000  0.000000  0.000000  0.000000  1.000000  0.000000  0.000000  0.000000  1.000000  0.998694  0.021660  0.046262  -0.021948  0.999743  0.005736  -0.046126  -0.006744  0.998913  0.000088  0.000000  
10.379849 -0.001702  0.088893  -0.000040  0.985185  0.170787  -0.015562  -0.169373  0.983213  0.067861  0.026890  -0.064220  0.997573  -0.032069  -0.020367  0.036613  0.035453  -0.206716  0.227357  2.000000  0.998694  0.021660  0.046262  -0.021948  0.999743  0.005736  -0.046126  -0.006744  0.998913  0.999990  0.001590  0.004125  -0.001590  0.999999  0.000051  -0.004125  -0.000057  0.999991  1.000000  0.000000  0.000000  0.000000  1.000000  0.000000  0.000000  0.000000  1.000000  0.998694  0.021660  0.046262  -0.021948  0.999743  0.005736  -0.046126  -0.006744  0.998913  0.000080  0.000000  
10.381098 -0.001740  0.088865  0.000009  0.985227  0.170565  -0.015333  -0.169171  0.983259  0.067693  0.026623  -0.064099  0.997588  -0.031957  -0.020732  0.037020  0.026101  -0.208545  0.186004  2.000000  0.998694  0.021660  0.046262  -0.021948  0.999743  0.005736  -0.046126  -0.006744  0.998913  0.999992  0.000564  0.004058  -0.000563  1.000000  -0.000220  -0.004059  0.000218  0.999992  1.000000  0.000000  0.000000  0.000000  1.000000  0.000000  0.000000  0.000000  1.000000  0.998694  0.021660  0.046262  -0.021948  0.999743  0.005736  -0.046126  -0.006744  0.998913  0.000071  0.000000  
10.382347 -0.001777  0.088835  0.000058  0.985304  0.170144  -0.015098  -0.168767  0.983332  0.067642  0.026355  -0.064100  0.997595  -0.031821  -0.021225  0.037418  0.020809  -0.210381  0.144634  2.000000  0.998694  0.021660  0.046262  -0.021948  0.999743  0.005736  -0.046126  -0.006744  0.998913  0.999992  -0.000052  0.004019  0.000053  1.000000  -0.000237  -0.004019  0.000237  0.999992  1.000000  0.000000  0.000000  0.000000  1.000000  0.000000  0.000000  0.000000  1.000000  0.998694  0.021660  0.046262  -0.021948  0.999743  0.005736  -0.046126  -0.006744  0.998913  0.000065  0.000000  
10.383348 -0.001807  0.088811  0.000098  0.985342  0.169933  -0.014980  -0.168564  0.983369  0.067616  0.026222  -0.064100  0.997599  -0.031600  -0.021550  0.037717  0.011786  -0.205435  0.111579  2.000000  0.998694  0.021660  0.046262  -0.021948  0.999743  0.005736  -0.046126  -0.006744  0.998913  0.999991  -0.000677  0.004113  0.000678  1.000000  -0.000253  -0.004113  0.000256  0.999992  1.000000  0.000000  0.000000  0.000000  1.000000  0.000000  0.000000  0.000000  1.000000  0.998694  0.021660  0.046262  -0.021948  0.999743  0.005736  -0.046126  -0.006744  0.998913  0.000060  0.000000  
10.384598 -0.001842  0.088781  0.000150  0.985418  0.169511  -0.014745  -0.168160  0.983442  0.067565  0.025954  -0.064100  0.997606  -0.031263  -0.021951  0.038130  0.006482  -0.207272  0.069865  2.000000  0.998694  0.021660  0.046262  -0.021948  0.999743  0.005736  -0.046126  -0.006744  0.998913  0.999990  -0.001301  0.004207  0.001302  0.999999  -0.000269  -0.004206  0.000274  0.999991  1.000000  0.000000  0.000000  0.000000  1.000000  0.000000  0.000000  0.000000  1.000000  0.998694  0.021660  0.046262  -0.021948  0.999743  0.005736  -0.046126  -0.006744  0.998913  0.000056  0.000000  
10.385853 -0.001877  0.088751  0.000203  0.985497  0.169081  -0.014378  -0.167756  0.983516  0.067492  0.025553  -0.064101  0.997616  -0.030780  -0.022276  0.038584  0.001387  -0.209531  0.035050  2.000000  0.998694  0.021660  0.046262  -0.021948  0.999743  0.005736  -0.046126  -0.006744  0.998913  0.999989  -0.002123  0.004154  0.002124  0.999998  -0.000290  -0.004153  0.000299  0.999991  1.000000  0.000000  0.000000  0.000000  1.000000  0.000000  0.000000  0.000000  1.000000  0.998694  0.021660  0.046262  -0.021948  0.999743  0.005736  -0.046126  -0.006744  0.998913  0.000054  0.000000  
10.387097 -0.001911  0.088721  0.000257  0.985539  0.168861  -0.014129  -0.167554  0.983553  0.067444  0.025285  -0.064102  0.997623  -0.030261  -0.022577  0.039196  0.000584  -0.206110  0.007383  2.000000  0.998694  0.021660  0.046262  -0.021948  0.999743  0.005736  -0.046126  -0.006744  0.998913  0.999988  -0.002739  0.004114  0.002740  0.999996  -0.000305  -0.004114  0.000316  0.999991  1.000000  0.000000  0.000000  0.000000  1.000000  0.000000  0.000000  0.000000  1.000000  0.998694  0.021660  0.046262  -0.021948  0.999743  0.005736  -0.046126  -0.006744  0.998913  0.000052  0.000000  
