1-Time 2-Px 3-Py 4-Pz 5-R11 6-R21 7-R31 8-R12 9-R22 10-R32 11-R13 12-R23 13-R33 14-Vx 15-Vy 16-Vz 17-Wx 18-Wy 19-Wz 20-state 21-PR11 22-PR21 23-PR31 24-PR12 25-PR22 26-PR32 27-PR13 28-PR23 29-PR33 
181.056958 0.011904  0.092857  -0.013288  0.992306  0.101531  0.070851  -0.077788  0.066070  0.994778  0.096319  -0.992636  0.073460  -0.000993  0.000549  0.003881  0.000000  0.000000  0.000000  2.000000  1.000000  0.000000  0.000000  0.000000  -0.000000  1.000000  0.000000  -1.000000  -0.000000  0.999999  0.000279  -0.001665  -0.000279  1.000000  -0.000158  0.001664  0.000159  0.999999  1.000000  0.000000  0.000000  0.000000  1.000000  0.000000  0.000000  0.000000  1.000000  0.645347  0.420700  0.637603  -0.610880  -0.216921  0.761427  0.458642  -0.880884  0.117008  0.000000  0.000000  
181.057963 0.011903  0.092857  -0.013286  0.992306  0.101531  0.070851  -0.077788  0.066070  0.994778  0.096319  -0.992636  0.073460  -0.000968  0.000542  0.003802  0.000000  0.000000  0.000000  2.000000  1.000000  0.000000  0.000000  0.000000  -0.000000  1.000000  0.000000  -1.000000  -0.000000  0.999999  0.000294  -0.001460  -0.000295  1.000000  -0.000138  0.001460  0.000139  0.999999  1.000000  0.000000  0.000000  0.000000  1.000000  0.000000  0.000000  0.000000  1.000000  1.000000  0.000000  0.000000  0.000000  -0.000000  1.000000  0.000000  -1.000000  -0.000000  0.000000  0.000000  
181.059215 0.011904  0.092856  -0.013287  0.992284  0.101307  0.071485  -0.078403  0.066028  0.994733  0.096053  -0.992662  0.073461  -0.000878  0.000391  0.003353  0.000000  0.000000  0.000000  2.000000  1.000000  0.000000  0.000000  0.000000  -0.000000  1.000000  0.000000  -1.000000  -0.000000  0.999999  0.000191  -0.001042  -0.000191  1.000000  -0.000099  0.001042  0.000099  0.999999  1.000000  0.000000  0.000000  0.000000  1.000000  0.000000  0.000000  0.000000  1.000000  1.000000  0.000000  0.000000  0.000000  -0.000000  1.000000  0.000000  -1.000000  -0.000000  0.000000  0.000000  
181.060224 0.011904  0.092854  -0.013289  0.992261  0.101091  0.072107  -0.079018  0.066107  0.994679  0.095787  -0.992678  0.073584  -0.000798  0.000267  0.002890  0.000000  0.000000  0.000000  2.000000  1.000000  0.000000  0.000000  0.000000  -0.000000  1.000000  0.000000  -1.000000  -0.000000  1.000000  -0.000030  -0.000409  0.000030  1.000000  -0.000161  0.000409  0.000161  1.000000  1.000000  0.000000  0.000000  0.000000  1.000000  0.000000  0.000000  0.000000  1.000000  1.000000  0.000000  0.000000  0.000000  -0.000000  1.000000  0.000000  -1.000000  -0.000000  0.000000  0.000000  
181.061459 0.011906  0.092852  -0.013291  0.992279  0.100589  0.072556  -0.079430  0.066108  0.994646  0.095254  -0.992729  0.073588  -0.000600  0.000113  0.002429  0.000000  0.000000  0.000000  2.000000  1.000000  0.000000  0.000000  0.000000  -0.000000  1.000000  0.000000  -1.000000  -0.000000  1.000000  -0.000503  0.000448  0.000503  1.000000  -0.000082  -0.000448  0.000082  1.000000  1.000000  0.000000  0.000000  0.000000  1.000000  0.000000  0.000000  0.000000  1.000000  1.000000  0.000000  0.000000  0.000000  -0.000000  1.000000  0.000000  -1.000000  -0.000000  0.000000  0.000000  
181.062465 0.011908  0.092852  -0.013293  0.992272  0.100351  0.072985  -0.079841  0.066088  0.994614  0.094987  -0.992755  0.073589  -0.000404  0.000022  0.002054  0.000000  0.000000  0.000000  2.000000  1.000000  0.000000  0.000000  0.000000  -0.000000  1.000000  0.000000  -1.000000  -0.000000  0.999999  -0.000889  0.000682  0.000889  1.000000  -0.000062  -0.000682  0.000063  1.000000  1.000000  0.000000  0.000000  0.000000  1.000000  0.000000  0.000000  0.000000  1.000000  1.000000  0.000000  0.000000  0.000000  -0.000000  1.000000  0.000000  -1.000000  -0.000000  0.000000  0.000000  
181.063465 0.011911  0.092851  -0.013295  0.992268  0.100241  0.073187  -0.080046  0.066199  0.994591  0.094854  -0.992758  0.073711  -0.000113  -0.000070  0.001706  0.000000  0.000000  0.000000  2.000000  1.000000  0.000000  0.000000  0.000000  -0.000000  1.000000  0.000000  -1.000000  -0.000000  0.999999  -0.001125  0.001111  0.001125  0.999999  -0.000144  -0.001111  0.000145  0.999999  1.000000  0.000000  0.000000  0.000000  1.000000  0.000000  0.000000  0.000000  1.000000  1.000000  0.000000  0.000000  0.000000  -0.000000  1.000000  0.000000  -1.000000  -0.000000  0.000000  0.000000  
181.064465 0.011915  0.092850  -0.013296  0.992251  0.100255  0.073392  -0.080250  0.066178  0.994575  0.094854  -0.992758  0.073711  0.000223  -0.000137  0.001339  0.000000  0.000000  0.000000  2.000000  1.000000  0.000000  0.000000  0.000000  -0.000000  1.000000  0.000000  -1.000000  -0.000000  0.999998  -0.001095  0.001520  0.001095  0.999999  -0.000104  -0.001520  0.000106  0.999999  1.000000  0.000000  0.000000  0.000000  1.000000  0.000000  0.000000  0.000000  1.000000  1.000000  0.000000  0.000000  0.000000  -0.000000  1.000000  0.000000  -1.000000  -0.000000  0.000000  0.000000  
181.065479 0.011919  0.092849  -0.013298  0.992201  0.100305  0.073994  -0.080863  0.066237  0.994522  0.094854  -0.992750  0.073831  0.000568  -0.000230  0.000982  0.000000  0.000000  0.000000  2.000000  1.000000  0.000000  0.000000  0.000000  -0.000000  1.000000  0.000000  -1.000000  -0.000000  0.999998  -0.001064  0.001929  0.001065  0.999999  -0.000186  -0.001928  0.000188  0.999998  1.000000  0.000000  0.000000  0.000000  1.000000  0.000000  0.000000  0.000000  1.000000  1.000000  0.000000  0.000000  0.000000  -0.000000  1.000000  0.000000  -1.000000  -0.000000  0.000000  0.000000  
181.066718 0.011923  0.092847  -0.013301  0.992164  0.100213  0.074618  -0.081477  0.066186  0.994475  0.094721  -0.992762  0.073832  0.000952  -0.000421  0.000470  0.000000  0.000000  0.000000  2.000000  1.000000  0.000000  0.000000  0.000000  -0.000000  1.000000  0.000000  -1.000000  -0.000000  0.999996  -0.001137  0.002756  0.001137  0.999999  -0.000107  -0.002756  0.000110  0.999996  1.000000  0.000000  0.000000  0.000000  1.000000  0.000000  0.000000  0.000000  1.000000  1.000000  0.000000  0.000000  0.000000  -0.000000  1.000000  0.000000  -1.000000  -0.000000  0.000000  0.000000  
181.067969 0.011926  0.092845  -0.013305  0.992122  0.100012  0.075445  -0.082296  0.066246  0.994404  0.094455  -0.992778  0.073954  0.001209  -0.000575  -0.000077  0.000000  0.000000  0.000000  2.000000  1.000000  0.000000  0.000000  0.000000  -0.000000  1.000000  0.000000  -1.000000  -0.000000  0.999993  -0.001343  0.003593  0.001343  0.999999  -0.000149  -0.003593  0.000154  0.999994  1.000000  0.000000  0.000000  0.000000  1.000000  0.000000  0.000000  0.000000  1.000000  1.000000  0.000000  0.000000  0.000000  -0.000000  1.000000  0.000000  -1.000000  -0.000000  0.000000  0.000000  
181.069217 0.011930  0.092843  -0.013310  0.992104  0.099537  0.076303  -0.083117  0.066208  0.994338  0.093922  -0.992829  0.073958  0.001544  -0.000821  -0.000831  0.000000  0.000000  0.000000  2.000000  1.000000  0.000000  0.000000  0.000000  -0.000000  1.000000  0.000000  -1.000000  -0.000000  0.999988  -0.001801  0.004655  0.001801  0.999998  -0.000050  -0.004655  0.000059  0.999989  1.000000  0.000000  0.000000  0.000000  1.000000  0.000000  0.000000  0.000000  1.000000  1.000000  0.000000  0.000000  0.000000  -0.000000  1.000000  0.000000  -1.000000  -0.000000  0.000000  0.000000  
181.070467 0.011934  0.092840  -0.013316  0.992068  0.099095  0.077342  -0.084143  0.066391  0.994240  0.093389  -0.992861  0.074203  0.001922  -0.001110  -0.001532  -0.008085  -0.178018  -0.072414  2.000000  1.000000  -0.000104  0.000270  -0.000270  0.000005  1.000000  -0.000104  -1.000000  0.000005  0.999981  -0.002258  0.005717  0.002259  0.999997  -0.000073  -0.005716  0.000086  0.999984  1.000000  -0.000028  0.000071  0.000028  1.000000  -0.000001  -0.000071  0.000001  1.000000  1.000000  -0.000104  0.000270  -0.000270  0.000005  1.000000  -0.000104  -1.000000  0.000005  0.000000  0.006147  
181.071717 0.011938  0.092837  -0.013321  0.992018  0.098775  0.078383  -0.085167  0.066444  0.994149  0.092989  -0.992889  0.074326  0.002310  -0.001340  -0.002184  -0.008914  -0.213696  -0.087781  2.000000  1.000000  -0.000260  0.000672  -0.000672  0.000017  1.000000  -0.000260  -1.000000  0.000017  0.999972  -0.002700  0.006983  0.002701  0.999996  -0.000197  -0.006983  0.000216  0.999976  1.000000  -0.000034  0.000087  0.000034  1.000000  -0.000003  -0.000087  0.000003  1.000000  1.000000  -0.000260  0.000672  -0.000672  0.000017  1.000000  -0.000260  -1.000000  0.000017  0.000056  0.007490  
181.072967 0.011944  0.092835  -0.013325  0.991979  0.098343  0.079410  -0.086192  0.066750  0.994040  0.092456  -0.992911  0.074691  0.002726  -0.001502  -0.002676  -0.017284  -0.256254  -0.102597  2.000000  0.999999  -0.000404  0.001055  -0.001055  0.000032  0.999999  -0.000405  -1.000000  0.000031  0.999963  -0.003022  0.008036  0.003025  0.999995  -0.000341  -0.008035  0.000365  0.999968  1.000000  -0.000038  0.000100  0.000038  1.000000  -0.000004  -0.000100  0.000004  1.000000  0.999999  -0.000404  0.001055  -0.001055  0.000032  0.999999  -0.000405  -1.000000  0.000031  0.000066  0.008592  
181.074212 0.011949  0.092834  -0.013330  0.991945  0.098021  0.080235  -0.087013  0.066945  0.993955  0.092057  -0.992930  0.074935  0.002999  -0.001456  -0.002915  -0.022890  -0.284839  -0.113999  2.000000  0.999999  -0.000608  0.001589  -0.001589  0.000062  0.999999  -0.000608  -1.000000  0.000061  0.999953  -0.003344  0.009088  0.003349  0.999994  -0.000485  -0.009087  0.000516  0.999959  1.000000  -0.000042  0.000114  0.000042  1.000000  -0.000006  -0.000114  0.000006  1.000000  0.999999  -0.000608  0.001589  -0.001589  0.000062  0.999999  -0.000608  -1.000000  0.000061  0.000075  0.009697  
181.075213 0.011953  0.092834  -0.013334  0.991915  0.097807  0.080857  -0.087627  0.067028  0.993896  0.091790  -0.992946  0.075057  0.003257  -0.001332  -0.002968  -0.025049  -0.306070  -0.121385  2.000000  0.999998  -0.000792  0.002065  -0.002065  0.000095  0.999998  -0.000792  -1.000000  0.000093  0.999945  -0.003830  0.009742  0.003836  0.999992  -0.000667  -0.009740  0.000705  0.999952  1.000000  -0.000048  0.000122  0.000048  1.000000  -0.000009  -0.000122  0.000009  1.000000  0.999998  -0.000792  0.002065  -0.002065  0.000095  0.999998  -0.000792  -1.000000  0.000093  0.000081  0.010491  
181.076245 0.011956  0.092834  -0.013338  0.991879  0.097485  0.081681  -0.088447  0.067224  0.993810  0.091391  -0.992964  0.075301  0.003437  -0.001229  -0.003157  -0.029989  -0.341109  -0.132097  2.000000  0.999996  -0.000990  0.002579  -0.002579  0.000133  0.999997  -0.000990  -1.000000  0.000130  0.999936  -0.004033  0.010581  0.004042  0.999991  -0.000831  -0.010577  0.000874  0.999944  1.000000  -0.000050  0.000132  0.000050  1.000000  -0.000011  -0.000132  0.000011  1.000000  0.999996  -0.000990  0.002579  -0.002579  0.000133  0.999997  -0.000990  -1.000000  0.000130  0.000090  0.011356  
181.077464 0.011962  0.092833  -0.013346  0.991836  0.097045  0.082721  -0.089473  0.067413  0.993705  0.090858  -0.992994  0.075545  0.003603  -0.001225  -0.003517  -0.035028  -0.377179  -0.147550  2.000000  0.999994  -0.001207  0.003145  -0.003145  0.000181  0.999995  -0.001208  -0.999999  0.000177  0.999920  -0.004472  0.011848  0.004484  0.999989  -0.000956  -0.011844  0.001009  0.999929  1.000000  -0.000056  0.000148  0.000056  1.000000  -0.000012  -0.000148  0.000012  1.000000  0.999994  -0.001207  0.003145  -0.003145  0.000181  0.999995  -0.001208  -0.999999  0.000177  0.000099  0.012703  
181.078464 0.011966  0.092832  -0.013354  0.991780  0.096738  0.083751  -0.090497  0.067590  0.993600  0.090458  -0.993012  0.075789  0.003671  -0.001236  -0.003940  -0.039367  -0.419883  -0.162387  2.000000  0.999992  -0.001440  0.003771  -0.003771  0.000233  0.999993  -0.001441  -0.999999  0.000228  0.999905  -0.004792  0.012902  0.004807  0.999988  -0.001100  -0.012896  0.001162  0.999916  1.000000  -0.000060  0.000161  0.000060  1.000000  -0.000014  -0.000161  0.000014  1.000000  0.999992  -0.001440  0.003771  -0.003771  0.000233  0.999993  -0.001441  -0.999999  0.000228  0.000111  0.013810  
181.079465 0.011971  0.092832  -0.013364  0.991741  0.096417  0.084576  -0.091317  0.067788  0.993512  0.090058  -0.993030  0.076033  0.003764  -0.001231  -0.004487  -0.045013  -0.448287  -0.173675  2.000000  0.999989  -0.001691  0.004438  -0.004437  0.000295  0.999990  -0.001693  -0.999999  0.000288  0.999896  -0.005010  0.013536  0.005028  0.999987  -0.001285  -0.013530  0.001353  0.999908  1.000000  -0.000063  0.000169  0.000063  1.000000  -0.000016  -0.000169  0.000016  1.000000  0.999989  -0.001691  0.004438  -0.004437  0.000295  0.999990  -0.001693  -0.999999  0.000288  0.000119  0.014494  
181.080712 0.011977  0.092831  -0.013378  0.991695  0.095978  0.085616  -0.092342  0.067979  0.993404  0.089525  -0.993059  0.076277  0.003803  -0.001192  -0.005273  -0.050078  -0.484096  -0.188995  2.000000  0.999985  -0.001956  0.005129  -0.005128  0.000368  0.999987  -0.001958  -0.999998  0.000358  0.999888  -0.005376  0.013977  0.005396  0.999985  -0.001371  -0.013970  0.001446  0.999901  1.000000  -0.000067  0.000175  0.000067  1.000000  -0.000018  -0.000175  0.000018  1.000000  0.999985  -0.001956  0.005129  -0.005128  0.000368  0.999987  -0.001958  -0.999998  0.000358  0.000128  0.015042  
181.081718 0.011981  0.092831  -0.013390  0.991666  0.095526  0.086451  -0.093163  0.068191  0.993313  0.088992  -0.993089  0.076522  0.003846  -0.001116  -0.005955  -0.055145  -0.519765  -0.204249  2.000000  0.999981  -0.002225  0.005833  -0.005832  0.000445  0.999983  -0.002227  -0.999997  0.000432  0.999885  -0.005357  0.014183  0.005380  0.999984  -0.001599  -0.014175  0.001676  0.999898  1.000000  -0.000067  0.000177  0.000067  1.000000  -0.000020  -0.000177  0.000020  1.000000  0.999981  -0.002225  0.005833  -0.005832  0.000445  0.999983  -0.002227  -0.999997  0.000432  0.000138  0.015250  
181.082718 0.011985  0.092829  -0.013403  0.991644  0.095192  0.087072  -0.093779  0.068410  0.993240  0.088592  -0.993105  0.076765  0.004007  -0.001107  -0.006662  -0.061515  -0.541722  -0.216195  2.000000  0.999975  -0.002497  0.006552  -0.006551  0.000534  0.999978  -0.002500  -0.999997  0.000518  0.999881  -0.005471  0.014400  0.005498  0.999983  -0.001826  -0.014389  0.001905  0.999895  1.000000  -0.000069  0.000180  0.000069  1.000000  -0.000023  -0.000180  0.000023  1.000000  0.999975  -0.002497  0.006552  -0.006551  0.000534  0.999978  -0.002500  -0.999997  0.000518  0.000145  0.015517  
181.083968 0.011991  0.092826  -0.013419  0.991574  0.094769  0.088317  -0.095008  0.068584  0.993111  0.088059  -0.993134  0.077010  0.004126  -0.001136  -0.007356  -0.065276  -0.591270  -0.234793  2.000000  0.999968  -0.002841  0.007484  -0.007482  0.000654  0.999972  -0.002846  -0.999996  0.000632  0.999869  -0.005539  0.015229  0.005568  0.999983  -0.001876  -0.015218  0.001961  0.999882  1.000000  -0.000069  0.000190  0.000069  1.000000  -0.000024  -0.000190  0.000024  1.000000  0.999968  -0.002841  0.007484  -0.007482  0.000654  0.999972  -0.002846  -0.999996  0.000632  0.000156  0.016319  
181.085213 0.011997  0.092823  -0.013435  0.991522  0.094332  0.089357  -0.096034  0.068779  0.992999  0.087526  -0.993162  0.077255  0.004267  -0.001145  -0.008058  -0.070398  -0.626995  -0.250035  2.000000  0.999959  -0.003206  0.008473  -0.008470  0.000781  0.999964  -0.003213  -0.999995  0.000754  0.999853  -0.006006  0.016089  0.006040  0.999980  -0.002041  -0.016077  0.002138  0.999868  1.000000  -0.000075  0.000201  0.000075  1.000000  -0.000026  -0.000201  0.000026  1.000000  0.999959  -0.003206  0.008473  -0.008470  0.000781  0.999964  -0.003213  -0.999995  0.000754  0.000168  0.017301  
181.086217 0.012001  0.092820  -0.013448  0.991490  0.093882  0.090193  -0.096855  0.068993  0.992904  0.086993  -0.993190  0.077499  0.004296  -0.001220  -0.008602  -0.076161  -0.655755  -0.265751  2.000000  0.999951  -0.003522  0.009286  -0.009283  0.000888  0.999957  -0.003531  -0.999993  0.000855  0.999845  -0.006522  0.016336  0.006556  0.999976  -0.002022  -0.016322  0.002128  0.999865  1.000000  -0.000082  0.000204  0.000082  1.000000  -0.000026  -0.000204  0.000026  1.000000  0.999951  -0.003522  0.009286  -0.009283  0.000888  0.999957  -0.003531  -0.999993  0.000855  0.000176  0.017713  
181.087470 0.012006  0.092815  -0.013463  0.991456  0.093432  0.091029  -0.097676  0.069209  0.992809  0.086460  -0.993217  0.077744  0.004278  -0.001347  -0.009379  -0.081335  -0.691639  -0.281036  2.000000  0.999941  -0.003864  0.010120  -0.010116  0.001002  0.999948  -0.003874  -0.999992  0.000963  0.999836  -0.006887  0.016778  0.006925  0.999974  -0.002228  -0.016762  0.002343  0.999857  1.000000  -0.000086  0.000210  0.000086  1.000000  -0.000029  -0.000210  0.000029  1.000000  0.999941  -0.003864  0.010120  -0.010116  0.001002  0.999948  -0.003874  -0.999992  0.000963  0.000186  0.018280  
181.088718 0.012010  0.092811  -0.013478  0.991389  0.093128  0.092060  -0.098700  0.069393  0.992695  0.086060  -0.993233  0.077987  0.004243  -0.001524  -0.009948  -0.087774  -0.712976  -0.288343  2.000000  0.999928  -0.004305  0.011175  -0.011170  0.001156  0.999937  -0.004318  -0.999990  0.001108  0.999831  -0.007000  0.016994  0.007041  0.999972  -0.002334  -0.016978  0.002453  0.999853  1.000000  -0.000088  0.000212  0.000088  1.000000  -0.000030  -0.000212  0.000030  1.000000  0.999928  -0.004305  0.011175  -0.011170  0.001156  0.999937  -0.004318  -0.999990  0.001108  0.000192  0.018536  
181.089968 0.012016  0.092807  -0.013494  0.991342  0.092811  0.092886  -0.099519  0.069597  0.992599  0.085660  -0.993248  0.078231  0.004250  -0.001859  -0.010862  -0.092166  -0.713363  -0.288336  2.000000  0.999914  -0.004749  0.012232  -0.012226  0.001323  0.999924  -0.004765  -0.999988  0.001265  0.999831  -0.006996  0.016997  0.007041  0.999972  -0.002583  -0.016978  0.002702  0.999852  1.000000  -0.000088  0.000212  0.000088  1.000000  -0.000033  -0.000212  0.000033  1.000000  0.999914  -0.004749  0.012232  -0.012226  0.001323  0.999924  -0.004765  -0.999988  0.001265  0.000194  0.018570  
181.091215 0.012021  0.092803  -0.013511  0.991303  0.092624  0.093486  -0.100134  0.069928  0.992514  0.085393  -0.993243  0.078594  0.004344  -0.002100  -0.011566  -0.103127  -0.713884  -0.280800  2.000000  0.999898  -0.005182  0.013287  -0.013280  0.001506  0.999911  -0.005202  -0.999985  0.001437  0.999836  -0.006872  0.016785  0.006921  0.999972  -0.002854  -0.016765  0.002969  0.999855  1.000000  -0.000086  0.000210  0.000086  1.000000  -0.000036  -0.000210  0.000036  1.000000  0.999898  -0.005182  0.013287  -0.013280  0.001506  0.999911  -0.005202  -0.999985  0.001437  0.000195  0.018371  
181.092464 0.012028  0.092799  -0.013530  0.991254  0.092319  0.094301  -0.100954  0.070253  0.992408  0.084993  -0.993248  0.078958  0.004400  -0.002265  -0.012243  -0.114290  -0.727532  -0.279599  2.000000  0.999882  -0.005605  0.014318  -0.014309  0.001700  0.999896  -0.005629  -0.999983  0.001620  0.999843  -0.006764  0.016369  0.006815  0.999972  -0.003021  -0.016348  0.003133  0.999861  1.000000  -0.000085  0.000204  0.000085  1.000000  -0.000038  -0.000204  0.000038  1.000000  0.999882  -0.005605  0.014318  -0.014309  0.001700  0.999896  -0.005629  -0.999983  0.001620  0.000197  0.017978  
181.093464 0.012033  0.092797  -0.013546  0.991225  0.092000  0.094912  -0.101569  0.070598  0.992320  0.084593  -0.993253  0.079322  0.004438  -0.002366  -0.012777  -0.121333  -0.741937  -0.287266  2.000000  0.999868  -0.005941  0.015124  -0.015113  0.001865  0.999884  -0.005969  -0.999981  0.001775  0.999850  -0.006790  0.015964  0.006842  0.999972  -0.003187  -0.015942  0.003295  0.999867  1.000000  -0.000085  0.000199  0.000085  1.000000  -0.000041  -0.000199  0.000041  1.000000  0.999868  -0.005941  0.015124  -0.015113  0.001865  0.999884  -0.005969  -0.999981  0.001775  0.000201  0.017649  
181.094465 0.012037  0.092794  -0.013562  0.991228  0.091524  0.095341  -0.101982  0.070855  0.992260  0.084060  -0.993279  0.079567  0.004377  -0.002512  -0.013241  -0.128995  -0.750165  -0.304430  2.000000  0.999854  -0.006278  0.015923  -0.015910  0.002035  0.999871  -0.006309  -0.999978  0.001935  0.999850  -0.006785  0.015967  0.006838  0.999971  -0.003314  -0.015944  0.003423  0.999867  1.000000  -0.000085  0.000199  0.000085  1.000000  -0.000042  -0.000199  0.000042  1.000000  0.999854  -0.006278  0.015923  -0.015910  0.002035  0.999871  -0.006309  -0.999978  0.001935  0.000206  0.017673  
181.095486 0.012041  0.092792  -0.013579  0.991177  0.091221  0.096156  -0.102802  0.071182  0.992152  0.083660  -0.993283  0.079931  0.004372  -0.002643  -0.013588  -0.137693  -0.764087  -0.319563  2.000000  0.999842  -0.006538  0.016520  -0.016506  0.002168  0.999861  -0.006573  -0.999976  0.002059  0.999848  -0.006914  0.015979  0.006970  0.999970  -0.003440  -0.015955  0.003550  0.999866  1.000000  -0.000087  0.000200  0.000087  1.000000  -0.000044  -0.000200  0.000044  1.000000  0.999842  -0.006538  0.016520  -0.016506  0.002168  0.999861  -0.006573  -0.999976  0.002059  0.000208  0.017759  
181.096712 0.012047  0.092791  -0.013599  0.991158  0.090759  0.096790  -0.103419  0.071421  0.992070  0.083127  -0.993309  0.080176  0.004379  -0.002654  -0.013951  -0.144974  -0.759349  -0.330372  2.000000  0.999826  -0.006894  0.017331  -0.017315  0.002352  0.999847  -0.006934  -0.999973  0.002233  0.999843  -0.007159  0.016208  0.007217  0.999968  -0.003546  -0.016182  0.003663  0.999862  1.000000  -0.000090  0.000202  0.000090  1.000000  -0.000045  -0.000202  0.000045  1.000000  0.999826  -0.006894  0.017331  -0.017315  0.002352  0.999847  -0.006934  -0.999973  0.002233  0.000211  0.018082  
181.097968 0.012051  0.092790  -0.013620  0.991106  0.090457  0.097606  -0.104238  0.071749  0.991961  0.082727  -0.993312  0.080540  0.004300  -0.002565  -0.014206  -0.153280  -0.759665  -0.334575  2.000000  0.999805  -0.007341  0.018321  -0.018303  0.002589  0.999829  -0.007387  -0.999970  0.002455  0.999852  -0.007201  0.015599  0.007259  0.999967  -0.003610  -0.015572  0.003723  0.999872  1.000000  -0.000090  0.000195  0.000090  1.000000  -0.000046  -0.000195  0.000046  1.000000  0.999805  -0.007341  0.018321  -0.018303  0.002589  0.999829  -0.007387  -0.999970  0.002455  0.000211  0.017568  
181.098976 0.012053  0.092789  -0.013636  0.991106  0.090231  0.097809  -0.104445  0.071999  0.991921  0.082460  -0.993315  0.080783  0.004144  -0.002463  -0.014433  -0.164789  -0.744522  -0.329809  2.000000  0.999788  -0.007694  0.019084  -0.019063  0.002784  0.999814  -0.007745  -0.999967  0.002637  0.999863  -0.007113  0.014977  0.007171  0.999967  -0.003793  -0.014949  0.003900  0.999881  1.000000  -0.000089  0.000187  0.000089  1.000000  -0.000048  -0.000187  0.000048  1.000000  0.999788  -0.007694  0.019084  -0.019063  0.002784  0.999814  -0.007745  -0.999967  0.002637  0.000210  0.017021  
181.100219 0.012057  0.092787  -0.013657  0.991085  0.090032  0.098206  -0.104855  0.072351  0.991852  0.082193  -0.993307  0.081146  0.003994  -0.002381  -0.014801  -0.171020  -0.723527  -0.322315  2.000000  0.999771  -0.008038  0.019817  -0.019794  0.002986  0.999800  -0.008095  -0.999963  0.002826  0.999871  -0.006874  0.014550  0.006932  0.999968  -0.003959  -0.014522  0.004059  0.999886  1.000000  -0.000086  0.000182  0.000086  1.000000  -0.000050  -0.000182  0.000050  1.000000  0.999771  -0.008038  0.019817  -0.019794  0.002986  0.999800  -0.008095  -0.999963  0.002826  0.000205  0.016584  
181.101227 0.012059  0.092785  -0.013675  0.991064  0.089834  0.098604  -0.105265  0.072702  0.991783  0.081927  -0.993300  0.081509  0.003870  -0.002237  -0.015259  -0.180541  -0.709230  -0.318599  2.000000  0.999754  -0.008371  0.020519  -0.020493  0.003193  0.999785  -0.008435  -0.999960  0.003020  0.999885  -0.006536  0.013702  0.006591  0.999971  -0.003918  -0.013676  0.004008  0.999898  1.000000  -0.000082  0.000171  0.000082  1.000000  -0.000050  -0.000171  0.000050  1.000000  0.999754  -0.008371  0.020519  -0.020493  0.003193  0.999785  -0.008435  -0.999960  0.003020  0.000199  0.015690  
181.102465 0.012061  0.092782  -0.013700  0.991042  0.089635  0.099001  -0.105676  0.073055  0.991714  0.081660  -0.993292  0.081872  0.003713  -0.002254  -0.015826  -0.184558  -0.690190  -0.316978  2.000000  0.999733  -0.008770  0.021356  -0.021326  0.003461  0.999767  -0.008842  -0.999956  0.003273  0.999895  -0.006314  0.013070  0.006369  0.999971  -0.004101  -0.013044  0.004184  0.999906  1.000000  -0.000079  0.000163  0.000079  1.000000  -0.000052  -0.000163  0.000052  1.000000  0.999733  -0.008770  0.021356  -0.021326  0.003461  0.999767  -0.008842  -0.999956  0.003273  0.000195  0.015095  
181.103717 0.012064  0.092777  -0.013727  0.991031  0.089305  0.099410  -0.106087  0.073421  0.991643  0.081260  -0.993295  0.082236  0.003566  -0.002261  -0.016600  -0.190098  -0.676316  -0.313392  2.000000  0.999716  -0.009086  0.022008  -0.021976  0.003685  0.999752  -0.009165  -0.999952  0.003484  0.999896  -0.006458  0.012880  0.006515  0.999969  -0.004367  -0.012851  0.004450  0.999908  1.000000  -0.000081  0.000161  0.000081  1.000000  -0.000055  -0.000161  0.000055  1.000000  0.999716  -0.009086  0.022008  -0.021976  0.003685  0.999752  -0.009165  -0.999952  0.003484  0.000193  0.015068  
181.104968 0.012066  0.092773  -0.013754  0.991030  0.088855  0.099819  -0.106500  0.073922  0.991561  0.080726  -0.993298  0.082722  0.003360  -0.002225  -0.017382  -0.201909  -0.661747  -0.321834  2.000000  0.999695  -0.009479  0.022799  -0.022762  0.003977  0.999733  -0.009568  -0.999947  0.003760  0.999902  -0.006354  0.012463  0.006411  0.999969  -0.004530  -0.012434  0.004610  0.999912  1.000000  -0.000080  0.000156  0.000080  1.000000  -0.000057  -0.000156  0.000057  1.000000  0.999695  -0.009479  0.022799  -0.022762  0.003977  0.999733  -0.009568  -0.999947  0.003760  0.000191  0.014717  
181.106218 0.012071  0.092769  -0.013779  0.991018  0.088526  0.100228  -0.106911  0.074289  0.991489  0.080326  -0.993300  0.083086  0.003235  -0.002211  -0.017912  -0.205912  -0.643388  -0.320370  2.000000  0.999674  -0.009873  0.023541  -0.023500  0.004283  0.999715  -0.009971  -0.999942  0.004049  0.999912  -0.006417  0.011649  0.006472  0.999968  -0.004729  -0.011618  0.004804  0.999921  1.000000  -0.000081  0.000145  0.000081  1.000000  -0.000060  -0.000145  0.000060  1.000000  0.999674  -0.009873  0.023541  -0.023500  0.004283  0.999715  -0.009971  -0.999942  0.004049  0.000188  0.014128  
181.107464 0.012076  0.092766  -0.013803  0.990996  0.088329  0.100626  -0.107322  0.074642  0.991418  0.080060  -0.993291  0.083449  0.003181  -0.002214  -0.018297  -0.211779  -0.621775  -0.312634  2.000000  0.999653  -0.010255  0.024245  -0.024199  0.004603  0.999697  -0.010363  -0.999937  0.004353  0.999921  -0.006062  0.011006  0.006117  0.999969  -0.005033  -0.010975  0.005100  0.999927  1.000000  -0.000076  0.000137  0.000076  1.000000  -0.000063  -0.000137  0.000063  1.000000  0.999653  -0.010255  0.024245  -0.024199  0.004603  0.999697  -0.010363  -0.999937  0.004353  0.000183  0.013548  
181.108712 0.012083  0.092763  -0.013826  0.990995  0.088129  0.100809  -0.107528  0.075133  0.991359  0.079793  -0.993272  0.083933  0.003267  -0.002135  -0.018416  -0.219011  -0.587217  -0.306264  2.000000  0.999634  -0.010610  0.024897  -0.024846  0.004935  0.999679  -0.010730  -0.999932  0.004669  0.999933  -0.005593  0.010146  0.005646  0.999970  -0.005232  -0.010116  0.005289  0.999935  1.000000  -0.000070  0.000127  0.000070  1.000000  -0.000066  -0.000127  0.000066  1.000000  0.999634  -0.010610  0.024897  -0.024846  0.004935  0.999679  -0.010730  -0.999932  0.004669  0.000176  0.012724  
181.109714 0.012088  0.092761  -0.013844  0.990973  0.088169  0.100992  -0.107732  0.075356  0.991320  0.079793  -0.993251  0.084174  0.003274  -0.002157  -0.018583  -0.223599  -0.563921  -0.293304  2.000000  0.999618  -0.010886  0.025386  -0.025331  0.005211  0.999666  -0.011014  -0.999927  0.004933  0.999939  -0.005507  0.009524  0.005559  0.999970  -0.005408  -0.009494  0.005461  0.999940  1.000000  -0.000069  0.000119  0.000069  1.000000  -0.000068  -0.000119  0.000068  1.000000  0.999618  -0.010886  0.025386  -0.025331  0.005211  0.999666  -0.011014  -0.999927  0.004933  0.000170  0.012271  
181.110964 0.012094  0.092759  -0.013867  0.990961  0.088089  0.101175  -0.107937  0.075713  0.991270  0.079660  -0.993231  0.084536  0.003375  -0.002217  -0.018716  -0.227408  -0.537509  -0.283121  2.000000  0.999600  -0.011213  0.025960  -0.025899  0.005564  0.999649  -0.011353  -0.999922  0.005271  0.999946  -0.005289  0.008890  0.005339  0.999970  -0.005586  -0.008860  0.005633  0.999945  1.000000  -0.000066  0.000111  0.000066  1.000000  -0.000070  -0.000111  0.000070  1.000000  0.999600  -0.011213  0.025960  -0.025899  0.005564  0.999649  -0.011353  -0.999922  0.005271  0.000164  0.011768  
181.111965 0.012100  0.092755  -0.013887  0.990972  0.087993  0.101155  -0.107938  0.076088  0.991242  0.079526  -0.993211  0.084899  0.003489  -0.002342  -0.018904  -0.233966  -0.509328  -0.271874  2.000000  0.999589  -0.011404  0.026285  -0.026220  0.005779  0.999639  -0.011552  -0.999918  0.005477  0.999951  -0.005188  0.008471  0.005236  0.999970  -0.005622  -0.008442  0.005666  0.999948  1.000000  -0.000065  0.000106  0.000065  1.000000  -0.000071  -0.000106  0.000071  1.000000  0.999589  -0.011404  0.026285  -0.026220  0.005779  0.999639  -0.011552  -0.999918  0.005477  0.000157  0.011425  
181.113215 0.012106  0.092750  -0.013914  0.990938  0.087917  0.101553  -0.108348  0.076306  0.991180  0.079393  -0.993201  0.085141  0.003606  -0.002653  -0.019363  -0.237803  -0.491896  -0.262227  2.000000  0.999572  -0.011716  0.026802  -0.026731  0.006144  0.999624  -0.011876  -0.999912  0.005829  0.999955  -0.005086  0.008053  0.005132  0.999971  -0.005660  -0.008024  0.005701  0.999952  1.000000  -0.000064  0.000100  0.000064  1.000000  -0.000071  -0.000100  0.000071  1.000000  0.999572  -0.011716  0.026802  -0.026731  0.006144  0.999624  -0.011876  -0.999912  0.005829  0.000153  0.011091  
181.114217 0.012110  0.092745  -0.013937  0.990926  0.087838  0.101736  -0.108553  0.076664  0.991130  0.079259  -0.993180  0.085503  0.003722  -0.003025  -0.019928  -0.241732  -0.466750  -0.252698  2.000000  0.999559  -0.011957  0.027193  -0.027118  0.006436  0.999612  -0.012127  -0.999908  0.006109  0.999959  -0.004853  0.007623  0.004896  0.999972  -0.005698  -0.007595  0.005735  0.999955  1.000000  -0.000061  0.000095  0.000061  1.000000  -0.000071  -0.000095  0.000071  1.000000  0.999559  -0.011957  0.027193  -0.027118  0.006436  0.999612  -0.012127  -0.999908  0.006109  0.000146  0.010693  
181.115217 0.012114  0.092739  -0.013960  0.990947  0.087598  0.101738  -0.108555  0.076933  0.991109  0.078993  -0.993181  0.085746  0.003795  -0.003240  -0.020175  -0.246791  -0.435585  -0.248531  2.000000  0.999546  -0.012188  0.027567  -0.027486  0.006726  0.999600  -0.012369  -0.999903  0.006388  0.999963  -0.004752  0.007204  0.004793  0.999973  -0.005614  -0.007177  0.005648  0.999958  1.000000  -0.000060  0.000090  0.000060  1.000000  -0.000070  -0.000090  0.000070  1.000000  0.999546  -0.012188  0.027567  -0.027486  0.006726  0.999600  -0.012369  -0.999903  0.006388  0.000142  0.010305  
181.116464 0.012119  0.092733  -0.013989  0.990935  0.087519  0.101921  -0.108760  0.077290  0.991059  0.078859  -0.993160  0.086108  0.003984  -0.003438  -0.020549  -0.257443  -0.406751  -0.232795  2.000000  0.999531  -0.012457  0.027993  -0.027906  0.007086  0.999585  -0.012650  -0.999897  0.006736  0.999971  -0.004287  0.006343  0.004322  0.999975  -0.005566  -0.006319  0.005593  0.999964  1.000000  -0.000054  0.000079  0.000054  1.000000  -0.000070  -0.000079  0.000070  1.000000  0.999531  -0.012457  0.027993  -0.027906  0.007086  0.999585  -0.012650  -0.999897  0.006736  0.000136  0.009473  
181.117466 0.012123  0.092728  -0.014011  0.990923  0.087428  0.102115  -0.108965  0.077527  0.991018  0.078726  -0.993150  0.086350  0.004179  -0.003540  -0.020724  -0.255926  -0.396215  -0.226860  2.000000  0.999520  -0.012651  0.028291  -0.028199  0.007373  0.999575  -0.012854  -0.999893  0.007012  0.999975  -0.003921  0.005901  0.003954  0.999976  -0.005603  -0.005878  0.005627  0.999967  1.000000  -0.000049  0.000074  0.000049  1.000000  -0.000070  -0.000074  0.000070  1.000000  0.999520  -0.012651  0.028291  -0.028199  0.007373  0.999575  -0.012854  -0.999893  0.007012  0.000131  0.009040  
181.118718 0.012128  0.092723  -0.014039  0.990934  0.087321  0.102106  -0.108966  0.077782  0.990998  0.078592  -0.993139  0.086592  0.004333  -0.003604  -0.020815  -0.261053  -0.364129  -0.218071  2.000000  0.999507  -0.012873  0.028632  -0.028534  0.007730  0.999563  -0.013088  -0.999887  0.007359  0.999981  -0.003590  0.005050  0.003618  0.999977  -0.005673  -0.005029  0.005692  0.999971  1.000000  -0.000045  0.000063  0.000045  1.000000  -0.000071  -0.000063  0.000071  1.000000  0.999507  -0.012873  0.028632  -0.028534  0.007730  0.999563  -0.013088  -0.999887  0.007359  0.000125  0.008407  
181.119964 0.012133  0.092719  -0.014067  0.990934  0.087358  0.102074  -0.108966  0.078142  0.990969  0.078592  -0.993107  0.086953  0.004463  -0.003638  -0.020888  -0.265214  -0.333148  -0.209515  2.000000  0.999498  -0.013042  0.028882  -0.028779  0.008018  0.999554  -0.013267  -0.999883  0.007638  0.999982  -0.003473  0.004835  0.003501  0.999978  -0.005692  -0.004815  0.005708  0.999972  1.000000  -0.000044  0.000060  0.000044  1.000000  -0.000071  -0.000060  0.000071  1.000000  0.999498  -0.013042  0.028882  -0.028779  0.008018  0.999554  -0.013267  -0.999883  0.007638  0.000119  0.008242  
181.121218 0.012140  0.092715  -0.014093  0.990934  0.087395  0.102042  -0.108966  0.078503  0.990941  0.078592  -0.993076  0.087314  0.004611  -0.003616  -0.020903  -0.269721  -0.307351  -0.199963  2.000000  0.999487  -0.013237  0.029166  -0.029057  0.008377  0.999543  -0.013476  -0.999877  0.007988  0.999985  -0.003240  0.004404  0.003265  0.999979  -0.005605  -0.004386  0.005620  0.999975  1.000000  -0.000041  0.000055  0.000041  1.000000  -0.000070  -0.000055  0.000070  1.000000  0.999487  -0.013237  0.029166  -0.029057  0.008377  0.999543  -0.013476  -0.999877  0.007988  0.000115  0.007835  
181.122472 0.012146  0.092711  -0.014120  0.990944  0.087300  0.102022  -0.108968  0.078878  0.990911  0.078459  -0.993054  0.087677  0.004635  -0.003660  -0.021116  -0.267934  -0.279150  -0.193142  2.000000  0.999477  -0.013419  0.029424  -0.029308  0.008733  0.999532  -0.013669  -0.999872  0.008335  0.999988  -0.003008  0.003973  0.003031  0.999980  -0.005640  -0.003956  0.005652  0.999976  1.000000  -0.000038  0.000050  0.000038  1.000000  -0.000071  -0.000050  0.000071  1.000000  0.999477  -0.013419  0.029424  -0.029308  0.008733  0.999532  -0.013669  -0.999872  0.008335  0.000109  0.007531  
181.123710 0.012152  0.092707  -0.014147  0.990922  0.087341  0.102205  -0.109172  0.079101  0.990871  0.078459  -0.993033  0.087918  0.004640  -0.003738  -0.021419  -0.266418  -0.269045  -0.178781  2.000000  0.999468  -0.013589  0.029653  -0.029531  0.009090  0.999523  -0.013852  -0.999866  0.008684  0.999990  -0.002643  0.003530  0.002663  0.999981  -0.005554  -0.003515  0.005564  0.999978  1.000000  -0.000033  0.000044  0.000033  1.000000  -0.000069  -0.000044  0.000069  1.000000  0.999468  -0.013589  0.029653  -0.029531  0.009090  0.999523  -0.013852  -0.999866  0.008684  0.000106  0.007096  
181.124720 0.012157  0.092705  -0.014170  0.990932  0.087246  0.102185  -0.109173  0.079476  0.990841  0.078326  -0.993011  0.088280  0.004628  -0.003825  -0.021790  -0.270984  -0.242352  -0.164569  2.000000  0.999461  -0.013704  0.029821  -0.029694  0.009369  0.999515  -0.013977  -0.999862  0.008957  0.999992  -0.002412  0.003098  0.002429  0.999982  -0.005468  -0.003085  0.005475  0.999980  1.000000  -0.000030  0.000039  0.000030  1.000000  -0.000068  -0.000039  0.000068  1.000000  0.999461  -0.013704  0.029821  -0.029694  0.009369  0.999515  -0.013977  -0.999862  0.008957  0.000102  0.006734  
181.125965 0.012164  0.092700  -0.014198  0.990932  0.087283  0.102153  -0.109173  0.079836  0.990812  0.078326  -0.992979  0.088641  0.004629  -0.003953  -0.022202  -0.270752  -0.219071  -0.151691  2.000000  0.999454  -0.013831  0.030003  -0.029870  0.009721  0.999507  -0.014116  -0.999857  0.009303  0.999994  -0.002047  0.002655  0.002062  0.999983  -0.005502  -0.002643  0.005507  0.999981  1.000000  -0.000026  0.000033  0.000026  1.000000  -0.000069  -0.000033  0.000069  1.000000  0.999454  -0.013831  0.030003  -0.029870  0.009721  0.999507  -0.014116  -0.999857  0.009303  0.000095  0.006445  
181.127214 0.012171  0.092696  -0.014224  0.990932  0.087320  0.102121  -0.109173  0.080197  0.990782  0.078326  -0.992947  0.089003  0.004646  -0.003884  -0.022177  -0.275017  -0.191709  -0.137137  2.000000  0.999449  -0.013913  0.030128  -0.029990  0.010004  0.999500  -0.014207  -0.999853  0.009582  0.999996  -0.001683  0.002211  0.001695  0.999983  -0.005657  -0.002202  0.005661  0.999982  1.000000  -0.000021  0.000028  0.000021  1.000000  -0.000071  -0.000028  0.000071  1.000000  0.999449  -0.013913  0.030128  -0.029990  0.010004  0.999500  -0.014207  -0.999853  0.009582  0.000092  0.006304  
181.128214 0.012177  0.092692  -0.014245  0.990932  0.087358  0.102090  -0.109173  0.080557  0.990753  0.078326  -0.992914  0.089364  0.004745  -0.003822  -0.022106  -0.277884  -0.175753  -0.128208  2.000000  0.999445  -0.013984  0.030236  -0.030094  0.010288  0.999494  -0.014288  -0.999849  0.009862  0.999997  -0.001567  0.001995  0.001578  0.999983  -0.005674  -0.001986  0.005677  0.999982  1.000000  -0.000020  0.000025  0.000020  1.000000  -0.000071  -0.000025  0.000071  1.000000  0.999445  -0.013984  0.030236  -0.030094  0.010288  0.999494  -0.014288  -0.999849  0.009862  0.000089  0.006217  
181.129214 0.012182  0.092689  -0.014265  0.990932  0.087382  0.102068  -0.109173  0.080798  0.990734  0.078326  -0.992893  0.089605  0.004844  -0.003725  -0.021902  -0.277665  -0.162983  -0.121620  2.000000  0.999441  -0.014048  0.030334  -0.030187  0.010572  0.999488  -0.014362  -0.999845  0.010142  0.999997  -0.001452  0.001779  0.001462  0.999983  -0.005569  -0.001771  0.005572  0.999983  1.000000  -0.000018  0.000022  0.000018  1.000000  -0.000070  -0.000022  0.000070  1.000000  0.999441  -0.014048  0.030334  -0.030187  0.010572  0.999488  -0.014362  -0.999845  0.010142  0.000087  0.006025  
181.130216 0.012187  0.092684  -0.014285  0.990922  0.087539  0.102035  -0.109172  0.081023  0.990715  0.078459  -0.992861  0.089845  0.004898  -0.003652  -0.021675  -0.279554  -0.153836  -0.112105  2.000000  0.999438  -0.014106  0.030421  -0.030269  0.010854  0.999483  -0.014429  -0.999842  0.010421  0.999998  -0.001336  0.001563  0.001345  0.999983  -0.005586  -0.001556  0.005588  0.999983  1.000000  -0.000017  0.000019  0.000017  1.000000  -0.000070  -0.000019  0.000070  1.000000  0.999438  -0.014106  0.030421  -0.030269  0.010854  0.999483  -0.014429  -0.999842  0.010421  0.000085  0.005954  
181.131467 0.012194  0.092678  -0.014310  0.990922  0.087576  0.102003  -0.109172  0.081384  0.990686  0.078459  -0.992828  0.090206  0.005001  -0.003602  -0.021361  -0.276638  -0.139490  -0.104334  2.000000  0.999434  -0.014168  0.030520  -0.030362  0.011204  0.999476  -0.014502  -0.999837  0.010767  0.999999  -0.001088  0.001335  0.001095  0.999984  -0.005481  -0.001329  0.005483  0.999984  1.000000  -0.000014  0.000017  0.000014  1.000000  -0.000069  -0.000017  0.000069  1.000000  0.999434  -0.014168  0.030520  -0.030362  0.011204  0.999476  -0.014502  -0.999837  0.010767  0.000082  0.005746  
