1-Time 2-Px 3-Py 4-Pz 5-R11 6-R21 7-R31 8-R12 9-R22 10-R32 11-R13 12-R23 13-R33 14-Vx 15-Vy 16-Vz 17-Wx 18-Wy 19-Wz 20-state 21-PR11 22-PR21 23-PR31 24-PR12 25-PR22 26-PR32 27-PR13 28-PR23 29-PR33 
99.777484 0.007053  0.093613  -0.007346  0.999801  0.013580  -0.014589  -0.013586  0.999908  -0.000287  0.014584  0.000485  0.999894  0.000564  0.000450  0.001080  0.000000  0.000000  0.000000  2.000000  1.000000  0.000000  0.000000  -0.000000  1.000000  0.000000  0.000000  -0.000000  1.000000  0.999994  -0.000822  0.003345  0.000821  1.000000  0.000230  -0.003346  -0.000228  0.999994  1.000000  0.000000  0.000000  0.000000  1.000000  0.000000  0.000000  0.000000  1.000000  0.386321  0.844762  -0.370315  -0.839412  0.488399  0.238440  0.382286  0.218733  0.897782  0.000000  0.000000  
99.778495 0.007054  0.093613  -0.007346  0.999805  0.013580  -0.014321  -0.013586  0.999908  -0.000291  0.014316  0.000485  0.999897  0.000577  0.000446  0.001044  0.000000  0.000000  0.000000  2.000000  1.000000  0.000000  0.000000  0.000000  1.000000  0.000000  0.000000  0.000000  1.000000  0.999994  -0.000822  0.003479  0.000821  1.000000  0.000231  -0.003479  -0.000228  0.999994  1.000000  0.000000  0.000000  0.000000  1.000000  0.000000  0.000000  0.000000  1.000000  1.000000  0.000000  0.000000  0.000000  1.000000  0.000000  0.000000  0.000000  1.000000  0.000000  0.000000  
99.779738 0.007055  0.093612  -0.007349  0.999809  0.013580  -0.014054  -0.013586  0.999908  -0.000294  0.014048  0.000485  0.999901  0.000571  0.000397  0.000816  0.000000  0.000000  0.000000  2.000000  1.000000  0.000000  0.000000  0.000000  1.000000  0.000000  0.000000  0.000000  1.000000  0.999994  -0.000822  0.003479  0.000821  1.000000  0.000231  -0.003479  -0.000228  0.999994  1.000000  0.000000  0.000000  0.000000  1.000000  0.000000  0.000000  0.000000  1.000000  1.000000  0.000000  0.000000  0.000000  1.000000  0.000000  0.000000  0.000000  1.000000  0.000000  0.000000  
99.780988 0.007056  0.093611  -0.007352  0.999813  0.013582  -0.013784  -0.013586  0.999908  -0.000177  0.013781  0.000364  0.999905  0.000652  0.000317  0.000523  0.000000  0.000000  0.000000  2.000000  1.000000  0.000000  0.000000  0.000000  1.000000  0.000000  0.000000  0.000000  1.000000  0.999993  -0.000822  0.003613  0.000821  1.000000  0.000231  -0.003613  -0.000228  0.999993  1.000000  0.000000  0.000000  0.000000  1.000000  0.000000  0.000000  0.000000  1.000000  1.000000  0.000000  0.000000  0.000000  1.000000  0.000000  0.000000  0.000000  1.000000  0.000000  0.000000  
99.782240 0.007058  0.093610  -0.007356  0.999816  0.013582  -0.013517  -0.013586  0.999908  -0.000180  0.013513  0.000364  0.999909  0.000724  0.000182  0.000183  0.000000  0.000000  0.000000  2.000000  1.000000  0.000000  0.000000  0.000000  1.000000  0.000000  0.000000  0.000000  1.000000  0.999993  -0.000822  0.003613  0.000821  1.000000  0.000231  -0.003613  -0.000228  0.999993  1.000000  0.000000  0.000000  0.000000  1.000000  0.000000  0.000000  0.000000  1.000000  1.000000  0.000000  0.000000  0.000000  1.000000  0.000000  0.000000  0.000000  1.000000  0.000000  0.000000  
99.783485 0.007061  0.093608  -0.007359  0.999818  0.013582  -0.013383  -0.013586  0.999908  -0.000182  0.013379  0.000364  0.999910  0.000826  0.000074  -0.000135  0.000000  0.000000  0.000000  2.000000  1.000000  0.000000  0.000000  0.000000  1.000000  0.000000  0.000000  0.000000  1.000000  0.999993  -0.000822  0.003747  0.000821  1.000000  0.000232  -0.003747  -0.000228  0.999993  1.000000  0.000000  0.000000  0.000000  1.000000  0.000000  0.000000  0.000000  1.000000  1.000000  0.000000  0.000000  0.000000  1.000000  0.000000  0.000000  0.000000  1.000000  0.000000  0.000000  
99.784488 0.007064  0.093608  -0.007361  0.999822  0.013582  -0.013116  -0.013586  0.999908  -0.000186  0.013112  0.000364  0.999914  0.000938  0.000022  -0.000407  0.011793  -0.170847  -0.027572  2.000000  1.000000  0.000000  0.000000  0.000000  1.000000  0.000000  0.000000  0.000000  1.000000  0.999993  -0.000822  0.003747  0.000821  1.000000  0.000232  -0.003747  -0.000229  0.999993  1.000000  0.000000  0.000000  0.000000  1.000000  0.000000  0.000000  0.000000  1.000000  1.000000  0.000000  0.000000  0.000000  1.000000  0.000000  0.000000  0.000000  1.000000  0.000000  0.000000  
99.785737 0.007067  0.093607  -0.007364  0.999823  0.013582  -0.012982  -0.013586  0.999908  -0.000188  0.012978  0.000364  0.999916  0.001146  -0.000085  -0.000734  0.011796  -0.175353  -0.027571  2.000000  1.000000  0.000000  0.000000  0.000000  1.000000  0.000000  0.000000  0.000000  1.000000  0.999992  -0.000616  0.004014  0.000615  1.000000  0.000235  -0.004014  -0.000232  0.999992  1.000000  0.000000  0.000000  0.000000  1.000000  0.000000  0.000000  0.000000  1.000000  1.000000  0.000000  0.000000  0.000000  1.000000  0.000000  0.000000  0.000000  1.000000  0.000044  0.000000  
99.786780 0.007070  0.093606  -0.007368  0.999825  0.013582  -0.012848  -0.013586  0.999908  -0.000189  0.012844  0.000364  0.999917  0.001297  -0.000192  -0.001054  0.011783  -0.175098  -0.027531  2.000000  1.000000  0.000000  0.000000  0.000000  1.000000  0.000000  0.000000  0.000000  1.000000  0.999992  -0.000616  0.004014  0.000615  1.000000  0.000235  -0.004014  -0.000232  0.999992  1.000000  0.000000  0.000000  0.000000  1.000000  0.000000  0.000000  0.000000  1.000000  1.000000  0.000000  0.000000  0.000000  1.000000  0.000000  0.000000  0.000000  1.000000  0.000044  0.000000  
99.787988 0.007074  0.093604  -0.007373  0.999829  0.013582  -0.012581  -0.013586  0.999908  -0.000193  0.012577  0.000364  0.999921  0.001486  -0.000366  -0.001532  0.011805  -0.179850  -0.027569  2.000000  1.000000  0.000000  0.000000  0.000000  1.000000  0.000000  0.000000  0.000000  1.000000  0.999991  -0.000616  0.004148  0.000615  1.000000  0.000235  -0.004148  -0.000232  0.999991  1.000000  0.000000  0.000000  0.000000  1.000000  0.000000  0.000000  0.000000  1.000000  1.000000  0.000000  0.000000  0.000000  1.000000  0.000000  0.000000  0.000000  1.000000  0.000046  0.000000  
99.789235 0.007077  0.093602  -0.007379  0.999829  0.013787  -0.012315  -0.013792  0.999905  -0.000315  0.012309  0.000485  0.999924  0.001675  -0.000519  -0.002052  0.007840  -0.184355  -0.020640  2.000000  1.000000  0.000000  0.000000  0.000000  1.000000  0.000000  0.000000  0.000000  1.000000  0.999992  -0.000616  0.004014  0.000616  1.000000  -0.000008  -0.004014  0.000010  0.999992  1.000000  0.000000  0.000000  0.000000  1.000000  0.000000  0.000000  0.000000  1.000000  1.000000  0.000000  0.000000  0.000000  1.000000  0.000000  0.000000  0.000000  1.000000  0.000046  0.000000  
99.790235 0.007080  0.093601  -0.007385  0.999831  0.013787  -0.012181  -0.013792  0.999905  -0.000317  0.012175  0.000485  0.999926  0.001859  -0.000692  -0.002527  0.003737  -0.182918  -0.020490  2.000000  1.000000  0.000000  0.000000  0.000000  1.000000  0.000000  0.000000  0.000000  1.000000  0.999992  -0.000204  0.004014  0.000204  1.000000  -0.000003  -0.004014  0.000003  0.999992  1.000000  0.000000  0.000000  0.000000  1.000000  0.000000  0.000000  0.000000  1.000000  1.000000  0.000000  0.000000  0.000000  1.000000  0.000000  0.000000  0.000000  1.000000  0.000046  0.000000  
99.791485 0.007084  0.093599  -0.007393  0.999834  0.013787  -0.011913  -0.013792  0.999905  -0.000321  0.011908  0.000485  0.999929  0.002127  -0.000852  -0.003123  0.003772  -0.184370  -0.020653  2.000000  1.000000  0.000000  0.000000  0.000000  1.000000  0.000000  0.000000  0.000000  1.000000  0.999992  -0.000204  0.003880  0.000204  1.000000  -0.000002  -0.003880  0.000003  0.999992  1.000000  0.000000  0.000000  0.000000  1.000000  0.000000  0.000000  0.000000  1.000000  1.000000  0.000000  0.000000  0.000000  1.000000  0.000000  0.000000  0.000000  1.000000  0.000045  0.000000  
99.792486 0.007088  0.093598  -0.007400  0.999836  0.013786  -0.011781  -0.013792  0.999905  -0.000444  0.011774  0.000606  0.999931  0.002339  -0.000953  -0.003635  -0.000301  -0.184371  -0.020642  2.000000  1.000000  0.000000  0.000000  0.000000  1.000000  0.000000  0.000000  0.000000  1.000000  0.999992  -0.000203  0.004014  0.000204  1.000000  -0.000124  -0.004014  0.000125  0.999992  1.000000  0.000000  0.000000  0.000000  1.000000  0.000000  0.000000  0.000000  1.000000  1.000000  0.000000  0.000000  0.000000  1.000000  0.000000  0.000000  0.000000  1.000000  0.000046  0.000000  
99.793492 0.007091  0.093597  -0.007407  0.999834  0.013992  -0.011648  -0.013998  0.999902  -0.000443  0.011640  0.000606  0.999932  0.002486  -0.001088  -0.004088  -0.000199  -0.184329  -0.013721  2.000000  1.000000  0.000000  0.000000  0.000000  1.000000  0.000000  0.000000  0.000000  1.000000  0.999993  0.000002  0.003746  -0.000002  1.000000  -0.000121  -0.003746  0.000121  0.999993  1.000000  0.000000  0.000000  0.000000  1.000000  0.000000  0.000000  0.000000  1.000000  1.000000  0.000000  0.000000  0.000000  1.000000  0.000000  0.000000  0.000000  1.000000  0.000045  0.000000  
99.794744 0.007096  0.093595  -0.007417  0.999836  0.013990  -0.011515  -0.013998  0.999902  -0.000567  0.011506  0.000728  0.999934  0.002742  -0.001171  -0.004573  -0.004272  -0.184292  -0.013707  2.000000  1.000000  0.000000  0.000000  0.000000  1.000000  0.000000  0.000000  0.000000  1.000000  0.999993  0.000209  0.003746  -0.000208  1.000000  -0.000240  -0.003746  0.000239  0.999993  1.000000  0.000000  0.000000  0.000000  1.000000  0.000000  0.000000  0.000000  1.000000  1.000000  0.000000  0.000000  0.000000  1.000000  0.000000  0.000000  0.000000  1.000000  0.000045  0.000000  
99.795779 0.007099  0.093593  -0.007425  0.999836  0.013990  -0.011515  -0.013998  0.999902  -0.000567  0.011506  0.000728  0.999934  0.002886  -0.001230  -0.004940  -0.004168  -0.179601  -0.006788  2.000000  1.000000  0.000000  0.000000  0.000000  1.000000  0.000000  0.000000  0.000000  1.000000  0.999993  0.000208  0.003612  -0.000208  1.000000  -0.000240  -0.003612  0.000239  0.999993  1.000000  0.000000  0.000000  0.000000  1.000000  0.000000  0.000000  0.000000  1.000000  1.000000  0.000000  0.000000  0.000000  1.000000  0.000000  0.000000  0.000000  1.000000  0.000046  0.000000  
99.796986 0.007104  0.093591  -0.007435  0.999837  0.013990  -0.011382  -0.013998  0.999902  -0.000569  0.011373  0.000728  0.999935  0.003040  -0.001308  -0.005338  -0.004174  -0.179869  -0.006798  2.000000  1.000000  0.000000  0.000000  0.000000  1.000000  0.000000  0.000000  0.000000  1.000000  0.999993  0.000208  0.003612  -0.000208  1.000000  -0.000240  -0.003612  0.000240  0.999993  1.000000  0.000000  0.000000  0.000000  1.000000  0.000000  0.000000  0.000000  1.000000  1.000000  0.000000  0.000000  0.000000  1.000000  0.000000  0.000000  0.000000  1.000000  0.000045  0.000000  
99.798239 0.007108  0.093588  -0.007445  0.999836  0.014196  -0.011248  -0.014204  0.999899  -0.000568  0.011239  0.000728  0.999937  0.003202  -0.001396  -0.005837  -0.008151  -0.175329  0.000106  2.000000  1.000000  0.000000  0.000000  0.000000  1.000000  0.000000  0.000000  0.000000  1.000000  0.999994  0.000620  0.003478  -0.000619  1.000000  -0.000236  -0.003478  0.000234  0.999994  1.000000  0.000000  0.000000  0.000000  1.000000  0.000000  0.000000  0.000000  1.000000  1.000000  0.000000  0.000000  0.000000  1.000000  0.000000  0.000000  0.000000  1.000000  0.000045  0.000000  
99.799488 0.007113  0.093584  -0.007456  0.999839  0.014197  -0.010980  -0.014204  0.999899  -0.000572  0.010971  0.000728  0.999940  0.003305  -0.001552  -0.006275  -0.008057  -0.175330  0.007023  2.000000  1.000000  0.000000  0.000000  0.000000  1.000000  0.000000  0.000000  0.000000  1.000000  0.999995  0.000620  0.003211  -0.000619  1.000000  -0.000236  -0.003211  0.000234  0.999995  1.000000  0.000000  0.000000  0.000000  1.000000  0.000000  0.000000  0.000000  1.000000  1.000000  0.000000  0.000000  0.000000  1.000000  0.000000  0.000000  0.000000  1.000000  0.000044  0.000000  
99.800490 0.007117  0.093581  -0.007465  0.999840  0.014197  -0.010847  -0.014204  0.999899  -0.000574  0.010837  0.000728  0.999941  0.003365  -0.001724  -0.006818  -0.008058  -0.175314  0.007023  2.000000  1.000000  0.000000  0.000000  0.000000  1.000000  0.000000  0.000000  0.000000  1.000000  0.999995  0.000620  0.003211  -0.000619  1.000000  -0.000236  -0.003211  0.000234  0.999995  1.000000  0.000000  0.000000  0.000000  1.000000  0.000000  0.000000  0.000000  1.000000  1.000000  0.000000  0.000000  0.000000  1.000000  0.000000  0.000000  0.000000  1.000000  0.000043  0.000000  
99.801490 0.007120  0.093578  -0.007475  0.999837  0.014403  -0.010847  -0.014410  0.999896  -0.000572  0.010837  0.000728  0.999941  0.003402  -0.001905  -0.007302  0.000000  0.000000  0.000000  2.000000  1.000000  0.000000  0.000000  0.000000  1.000000  0.000000  0.000000  0.000000  1.000000  0.999995  0.000826  0.003077  -0.000825  1.000000  -0.000234  -0.003077  0.000231  0.999995  1.000000  0.000000  0.000000  0.000000  1.000000  0.000000  0.000000  0.000000  1.000000  1.000000  0.000000  0.000000  0.000000  1.000000  0.000000  0.000000  0.000000  1.000000  0.000000  0.000000  
99.802735 0.007125  0.093573  -0.007488  0.999839  0.014403  -0.010713  -0.014410  0.999896  -0.000573  0.010704  0.000728  0.999942  0.003499  -0.002081  -0.007822  0.000000  0.000000  0.000000  2.000000  1.000000  0.000000  0.000000  0.000000  1.000000  0.000000  0.000000  0.000000  1.000000  0.999995  0.000826  0.002943  -0.000825  1.000000  -0.000355  -0.002943  0.000353  0.999996  1.000000  0.000000  0.000000  0.000000  1.000000  0.000000  0.000000  0.000000  1.000000  1.000000  0.000000  0.000000  0.000000  1.000000  0.000000  0.000000  0.000000  1.000000  0.000000  0.000000  
99.803986 0.007130  0.093568  -0.007502  0.999840  0.014403  -0.010579  -0.014410  0.999896  -0.000575  0.010570  0.000728  0.999944  0.003577  -0.002335  -0.008324  0.000000  0.000000  0.000000  2.000000  1.000000  0.000000  0.000000  0.000000  1.000000  0.000000  0.000000  0.000000  1.000000  0.999996  0.000825  0.002809  -0.000824  1.000000  -0.000355  -0.002809  0.000353  0.999996  1.000000  0.000000  0.000000  0.000000  1.000000  0.000000  0.000000  0.000000  1.000000  1.000000  0.000000  0.000000  0.000000  1.000000  0.000000  0.000000  0.000000  1.000000  0.000000  0.000000  
99.805236 0.007135  0.093564  -0.007515  0.999842  0.014403  -0.010446  -0.014410  0.999896  -0.000577  0.010436  0.000728  0.999945  0.003670  -0.002499  -0.008690  0.000000  0.000000  0.000000  2.000000  1.000000  0.000000  0.000000  0.000000  1.000000  0.000000  0.000000  0.000000  1.000000  0.999996  0.000825  0.002809  -0.000824  1.000000  -0.000355  -0.002809  0.000353  0.999996  1.000000  0.000000  0.000000  0.000000  1.000000  0.000000  0.000000  0.000000  1.000000  1.000000  0.000000  0.000000  0.000000  1.000000  0.000000  0.000000  0.000000  1.000000  0.000000  0.000000  
99.806237 0.007139  0.093561  -0.007525  0.999839  0.014609  -0.010446  -0.014616  0.999893  -0.000575  0.010436  0.000728  0.999945  0.003716  -0.002628  -0.008960  0.000000  0.000000  0.000000  2.000000  1.000000  0.000000  0.000000  0.000000  1.000000  0.000000  0.000000  0.000000  1.000000  0.999996  0.001031  0.002541  -0.001030  0.999999  -0.000353  -0.002542  0.000351  0.999997  1.000000  0.000000  0.000000  0.000000  1.000000  0.000000  0.000000  0.000000  1.000000  1.000000  0.000000  0.000000  0.000000  1.000000  0.000000  0.000000  0.000000  1.000000  0.000000  0.000000  
99.807486 0.007145  0.093557  -0.007538  0.999840  0.014608  -0.010314  -0.014616  0.999893  -0.000698  0.010302  0.000849  0.999947  0.003838  -0.002798  -0.009275  0.000000  0.000000  0.000000  2.000000  1.000000  0.000000  0.000000  0.000000  1.000000  0.000000  0.000000  0.000000  1.000000  0.999996  0.001031  0.002541  -0.001030  0.999999  -0.000475  -0.002542  0.000472  0.999997  1.000000  0.000000  0.000000  0.000000  1.000000  0.000000  0.000000  0.000000  1.000000  1.000000  0.000000  0.000000  0.000000  1.000000  0.000000  0.000000  0.000000  1.000000  0.000000  0.000000  
99.808738 0.007150  0.093553  -0.007550  0.999841  0.014608  -0.010180  -0.014616  0.999893  -0.000700  0.010169  0.000849  0.999948  0.003895  -0.002896  -0.009413  0.000000  0.000000  0.000000  2.000000  1.000000  0.000000  0.000000  0.000000  1.000000  0.000000  0.000000  0.000000  1.000000  0.999997  0.001031  0.002408  -0.001030  0.999999  -0.000475  -0.002408  0.000472  0.999997  1.000000  0.000000  0.000000  0.000000  1.000000  0.000000  0.000000  0.000000  1.000000  1.000000  0.000000  0.000000  0.000000  1.000000  0.000000  0.000000  0.000000  1.000000  0.000000  0.000000  
99.809741 0.007155  0.093550  -0.007560  0.999843  0.014608  -0.010046  -0.014616  0.999893  -0.000702  0.010035  0.000849  0.999949  0.003929  -0.002983  -0.009546  0.000000  0.000000  0.000000  2.000000  1.000000  0.000000  0.000000  0.000000  1.000000  0.000000  0.000000  0.000000  1.000000  0.999997  0.001031  0.002408  -0.001030  0.999999  -0.000354  -0.002408  0.000351  0.999997  1.000000  0.000000  0.000000  0.000000  1.000000  0.000000  0.000000  0.000000  1.000000  1.000000  0.000000  0.000000  0.000000  1.000000  0.000000  0.000000  0.000000  1.000000  0.000000  0.000000  
99.810985 0.007160  0.093547  -0.007572  0.999845  0.014608  -0.009779  -0.014616  0.999893  -0.000706  0.009767  0.000849  0.999952  0.004026  -0.003087  -0.009726  0.000000  0.000000  0.000000  2.000000  1.000000  0.000000  0.000000  0.000000  1.000000  0.000000  0.000000  0.000000  1.000000  0.999997  0.000825  0.002274  -0.000825  1.000000  -0.000356  -0.002274  0.000354  0.999997  1.000000  0.000000  0.000000  0.000000  1.000000  0.000000  0.000000  0.000000  1.000000  1.000000  0.000000  0.000000  0.000000  1.000000  0.000000  0.000000  0.000000  1.000000  0.000000  0.000000  
99.811993 0.007165  0.093544  -0.007583  0.999847  0.014608  -0.009645  -0.014616  0.999893  -0.000708  0.009633  0.000849  0.999953  0.004097  -0.003127  -0.009887  0.000000  0.000000  0.000000  2.000000  1.000000  0.000000  0.000000  0.000000  1.000000  0.000000  0.000000  0.000000  1.000000  0.999997  0.000825  0.002274  -0.000825  1.000000  -0.000356  -0.002274  0.000354  0.999997  1.000000  0.000000  0.000000  0.000000  1.000000  0.000000  0.000000  0.000000  1.000000  1.000000  0.000000  0.000000  0.000000  1.000000  0.000000  0.000000  0.000000  1.000000  0.000000  0.000000  
99.813239 0.007169  0.093540  -0.007595  0.999848  0.014608  -0.009511  -0.014616  0.999893  -0.000710  0.009500  0.000849  0.999955  0.004087  -0.003206  -0.010027  0.000000  0.000000  0.000000  2.000000  1.000000  0.000000  0.000000  0.000000  1.000000  0.000000  0.000000  0.000000  1.000000  0.999997  0.000825  0.002274  -0.000825  1.000000  -0.000235  -0.002274  0.000233  0.999997  1.000000  0.000000  0.000000  0.000000  1.000000  0.000000  0.000000  0.000000  1.000000  1.000000  0.000000  0.000000  0.000000  1.000000  0.000000  0.000000  0.000000  1.000000  0.000000  0.000000  
99.814488 0.007174  0.093535  -0.007609  0.999849  0.014607  -0.009379  -0.014616  0.999893  -0.000833  0.009366  0.000970  0.999956  0.004085  -0.003292  -0.010250  0.000000  0.000000  0.000000  2.000000  1.000000  0.000000  0.000000  0.000000  1.000000  0.000000  0.000000  0.000000  1.000000  0.999997  0.000620  0.002274  -0.000619  1.000000  -0.000358  -0.002274  0.000357  0.999997  1.000000  0.000000  0.000000  0.000000  1.000000  0.000000  0.000000  0.000000  1.000000  1.000000  0.000000  0.000000  0.000000  1.000000  0.000000  0.000000  0.000000  1.000000  0.000000  0.000000  
99.815740 0.007180  0.093531  -0.007623  0.999851  0.014607  -0.009245  -0.014616  0.999893  -0.000835  0.009232  0.000970  0.999957  0.004123  -0.003302  -0.010357  0.000000  0.000000  0.000000  2.000000  1.000000  0.000000  0.000000  0.000000  1.000000  0.000000  0.000000  0.000000  1.000000  0.999997  0.000620  0.002274  -0.000619  1.000000  -0.000237  -0.002274  0.000235  0.999997  1.000000  0.000000  0.000000  0.000000  1.000000  0.000000  0.000000  0.000000  1.000000  1.000000  0.000000  0.000000  0.000000  1.000000  0.000000  0.000000  0.000000  1.000000  0.000000  0.000000  
99.816985 0.007185  0.093526  -0.007637  0.999852  0.014607  -0.009111  -0.014616  0.999893  -0.000837  0.009098  0.000970  0.999958  0.004140  -0.003293  -0.010389  0.000000  0.000000  0.000000  2.000000  1.000000  0.000000  0.000000  0.000000  1.000000  0.000000  0.000000  0.000000  1.000000  0.999997  0.000620  0.002274  -0.000619  1.000000  -0.000237  -0.002274  0.000236  0.999997  1.000000  0.000000  0.000000  0.000000  1.000000  0.000000  0.000000  0.000000  1.000000  1.000000  0.000000  0.000000  0.000000  1.000000  0.000000  0.000000  0.000000  1.000000  0.000000  0.000000  
99.817985 0.007189  0.093523  -0.007647  0.999853  0.014608  -0.008978  -0.014616  0.999893  -0.000839  0.008964  0.000970  0.999959  0.004158  -0.003255  -0.010388  0.000000  0.000000  0.000000  2.000000  1.000000  0.000000  0.000000  0.000000  1.000000  0.000000  0.000000  0.000000  1.000000  0.999997  0.000620  0.002274  -0.000619  1.000000  -0.000237  -0.002274  0.000236  0.999997  1.000000  0.000000  0.000000  0.000000  1.000000  0.000000  0.000000  0.000000  1.000000  1.000000  0.000000  0.000000  0.000000  1.000000  0.000000  0.000000  0.000000  1.000000  0.000000  0.000000  
99.818986 0.007193  0.093520  -0.007658  0.999855  0.014608  -0.008710  -0.014616  0.999893  -0.000843  0.008697  0.000970  0.999962  0.004234  -0.003190  -0.010374  0.000000  0.000000  0.000000  2.000000  1.000000  0.000000  0.000000  0.000000  1.000000  0.000000  0.000000  0.000000  1.000000  0.999997  0.000414  0.002274  -0.000413  1.000000  -0.000239  -0.002274  0.000238  0.999997  1.000000  0.000000  0.000000  0.000000  1.000000  0.000000  0.000000  0.000000  1.000000  1.000000  0.000000  0.000000  0.000000  1.000000  0.000000  0.000000  0.000000  1.000000  0.000000  0.000000  
99.819990 0.007198  0.093517  -0.007667  0.999857  0.014609  -0.008575  -0.014616  0.999893  -0.000724  0.008563  0.000849  0.999963  0.004249  -0.003170  -0.010325  0.000000  0.000000  0.000000  2.000000  1.000000  0.000000  0.000000  0.000000  1.000000  0.000000  0.000000  0.000000  1.000000  0.999997  0.000414  0.002408  -0.000413  1.000000  -0.000118  -0.002408  0.000117  0.999997  1.000000  0.000000  0.000000  0.000000  1.000000  0.000000  0.000000  0.000000  1.000000  1.000000  0.000000  0.000000  0.000000  1.000000  0.000000  0.000000  0.000000  1.000000  0.000000  0.000000  
99.821235 0.007203  0.093513  -0.007681  0.999859  0.014609  -0.008307  -0.014616  0.999893  -0.000728  0.008295  0.000849  0.999965  0.004273  -0.003187  -0.010348  0.000000  0.000000  0.000000  2.000000  1.000000  0.000000  0.000000  0.000000  1.000000  0.000000  0.000000  0.000000  1.000000  0.999997  0.000208  0.002408  -0.000208  1.000000  -0.000120  -0.002408  0.000119  0.999997  1.000000  0.000000  0.000000  0.000000  1.000000  0.000000  0.000000  0.000000  1.000000  1.000000  0.000000  0.000000  0.000000  1.000000  0.000000  0.000000  0.000000  1.000000  0.000000  0.000000  
99.822485 0.007209  0.093508  -0.007694  0.999861  0.014610  -0.008039  -0.014616  0.999893  -0.000732  0.008028  0.000849  0.999967  0.004224  -0.003246  -0.010426  0.000000  0.000000  0.000000  2.000000  1.000000  0.000000  0.000000  0.000000  1.000000  0.000000  0.000000  0.000000  1.000000  0.999997  0.000208  0.002542  -0.000208  1.000000  -0.000120  -0.002542  0.000119  0.999997  1.000000  0.000000  0.000000  0.000000  1.000000  0.000000  0.000000  0.000000  1.000000  1.000000  0.000000  0.000000  0.000000  1.000000  0.000000  0.000000  0.000000  1.000000  0.000000  0.000000  
99.823485 0.007213  0.093505  -0.007705  0.999862  0.014610  -0.007906  -0.014616  0.999893  -0.000734  0.007894  0.000849  0.999968  0.004244  -0.003288  -0.010463  0.000000  0.000000  0.000000  2.000000  1.000000  0.000000  0.000000  0.000000  1.000000  0.000000  0.000000  0.000000  1.000000  0.999996  0.000208  0.002676  -0.000208  1.000000  -0.000120  -0.002676  0.000119  0.999996  1.000000  0.000000  0.000000  0.000000  1.000000  0.000000  0.000000  0.000000  1.000000  1.000000  0.000000  0.000000  0.000000  1.000000  0.000000  0.000000  0.000000  1.000000  0.000000  0.000000  
99.824735 0.007217  0.093500  -0.007719  0.999864  0.014610  -0.007638  -0.014616  0.999893  -0.000738  0.007626  0.000849  0.999971  0.004180  -0.003365  -0.010588  0.000000  0.000000  0.000000  2.000000  1.000000  0.000000  0.000000  0.000000  1.000000  0.000000  0.000000  0.000000  1.000000  0.999996  0.000208  0.002943  -0.000208  1.000000  -0.000120  -0.002943  0.000119  0.999996  1.000000  0.000000  0.000000  0.000000  1.000000  0.000000  0.000000  0.000000  1.000000  1.000000  0.000000  0.000000  0.000000  1.000000  0.000000  0.000000  0.000000  1.000000  0.000000  0.000000  
99.825737 0.007221  0.093496  -0.007730  0.999865  0.014610  -0.007504  -0.014616  0.999893  -0.000739  0.007493  0.000849  0.999972  0.004144  -0.003426  -0.010699  0.000000  0.000000  0.000000  2.000000  1.000000  0.000000  0.000000  0.000000  1.000000  0.000000  0.000000  0.000000  1.000000  0.999996  0.000002  0.002944  -0.000002  1.000000  -0.000121  -0.002944  0.000121  0.999996  1.000000  0.000000  0.000000  0.000000  1.000000  0.000000  0.000000  0.000000  1.000000  1.000000  0.000000  0.000000  0.000000  1.000000  0.000000  0.000000  0.000000  1.000000  0.000000  0.000000  
99.826994 0.007226  0.093492  -0.007744  0.999870  0.014404  -0.007237  -0.014410  0.999896  -0.000745  0.007225  0.000849  0.999974  0.004059  -0.003448  -0.010771  0.000000  0.000000  0.000000  2.000000  1.000000  0.000000  0.000000  0.000000  1.000000  0.000000  0.000000  0.000000  1.000000  0.999995  -0.000203  0.003078  0.000204  1.000000  -0.000123  -0.003078  0.000123  0.999995  1.000000  0.000000  0.000000  0.000000  1.000000  0.000000  0.000000  0.000000  1.000000  1.000000  0.000000  0.000000  0.000000  1.000000  0.000000  0.000000  0.000000  1.000000  0.000000  0.000000  
99.828240 0.007230  0.093487  -0.007758  0.999872  0.014405  -0.006969  -0.014410  0.999896  -0.000749  0.006957  0.000849  0.999975  0.004042  -0.003482  -0.010834  0.000000  0.000000  0.000000  2.000000  1.000000  0.000000  0.000000  0.000000  1.000000  0.000000  0.000000  0.000000  1.000000  0.999995  -0.000203  0.003078  0.000203  1.000000  -0.000001  -0.003078  0.000002  0.999995  1.000000  0.000000  0.000000  0.000000  1.000000  0.000000  0.000000  0.000000  1.000000  1.000000  0.000000  0.000000  0.000000  1.000000  0.000000  0.000000  0.000000  1.000000  0.000000  0.000000  
99.829488 0.007235  0.093484  -0.007771  0.999874  0.014405  -0.006701  -0.014410  0.999896  -0.000753  0.006690  0.000849  0.999977  0.004041  -0.003401  -0.010799  0.000000  0.000000  0.000000  2.000000  1.000000  0.000000  0.000000  0.000000  1.000000  0.000000  0.000000  0.000000  1.000000  0.999995  -0.000203  0.003211  0.000203  1.000000  -0.000001  -0.003211  0.000002  0.999995  1.000000  0.000000  0.000000  0.000000  1.000000  0.000000  0.000000  0.000000  1.000000  1.000000  0.000000  0.000000  0.000000  1.000000  0.000000  0.000000  0.000000  1.000000  0.000000  0.000000  
99.830738 0.007239  0.093480  -0.007785  0.999876  0.014405  -0.006434  -0.014410  0.999896  -0.000756  0.006422  0.000849  0.999979  0.003986  -0.003362  -0.010793  0.000000  0.000000  0.000000  2.000000  1.000000  0.000000  0.000000  0.000000  1.000000  0.000000  0.000000  0.000000  1.000000  0.999994  -0.000203  0.003345  0.000203  1.000000  -0.000001  -0.003345  0.000002  0.999994  1.000000  0.000000  0.000000  0.000000  1.000000  0.000000  0.000000  0.000000  1.000000  1.000000  0.000000  0.000000  0.000000  1.000000  0.000000  0.000000  0.000000  1.000000  0.000000  0.000000  
99.831740 0.007243  0.093478  -0.007795  0.999876  0.014405  -0.006300  -0.014410  0.999896  -0.000758  0.006288  0.000849  0.999980  0.003965  -0.003292  -0.010734  0.000000  0.000000  0.000000  2.000000  1.000000  0.000000  0.000000  0.000000  1.000000  0.000000  0.000000  0.000000  1.000000  0.999994  -0.000203  0.003479  0.000203  1.000000  -0.000001  -0.003479  0.000002  0.999994  1.000000  0.000000  0.000000  0.000000  1.000000  0.000000  0.000000  0.000000  1.000000  1.000000  0.000000  0.000000  0.000000  1.000000  0.000000  0.000000  0.000000  1.000000  0.000000  0.000000  
99.832985 0.007247  0.093474  -0.007808  0.999878  0.014405  -0.006033  -0.014410  0.999896  -0.000762  0.006021  0.000849  0.999982  0.003884  -0.003242  -0.010721  0.000000  0.000000  0.000000  2.000000  1.000000  0.000000  0.000000  0.000000  1.000000  0.000000  0.000000  0.000000  1.000000  0.999994  -0.000203  0.003479  0.000203  1.000000  -0.000001  -0.003479  0.000002  0.999994  1.000000  0.000000  0.000000  0.000000  1.000000  0.000000  0.000000  0.000000  1.000000  1.000000  0.000000  0.000000  0.000000  1.000000  0.000000  0.000000  0.000000  1.000000  0.000000  0.000000  
99.833986 0.007251  0.093472  -0.007819  0.999879  0.014405  -0.005899  -0.014410  0.999896  -0.000764  0.005887  0.000849  0.999982  0.003825  -0.003196  -0.010771  0.000000  0.000000  0.000000  2.000000  1.000000  0.000000  0.000000  0.000000  1.000000  0.000000  0.000000  0.000000  1.000000  0.999993  -0.000203  0.003613  0.000202  1.000000  0.000120  -0.003613  -0.000119  0.999993  1.000000  0.000000  0.000000  0.000000  1.000000  0.000000  0.000000  0.000000  1.000000  1.000000  0.000000  0.000000  0.000000  1.000000  0.000000  0.000000  0.000000  1.000000  0.000000  0.000000  
99.835238 0.007254  0.093469  -0.007833  0.999880  0.014406  -0.005631  -0.014410  0.999896  -0.000768  0.005620  0.000849  0.999984  0.003674  -0.003155  -0.010851  0.000000  0.000000  0.000000  2.000000  1.000000  0.000000  0.000000  0.000000  1.000000  0.000000  0.000000  0.000000  1.000000  0.999994  -0.000203  0.003479  0.000202  1.000000  0.000120  -0.003479  -0.000119  0.999994  1.000000  0.000000  0.000000  0.000000  1.000000  0.000000  0.000000  0.000000  1.000000  1.000000  0.000000  0.000000  0.000000  1.000000  0.000000  0.000000  0.000000  1.000000  0.000000  0.000000  
99.836486 0.007258  0.093465  -0.007848  0.999881  0.014406  -0.005497  -0.014410  0.999896  -0.000770  0.005486  0.000849  0.999985  0.003550  -0.003120  -0.011002  0.000000  0.000000  0.000000  2.000000  1.000000  0.000000  0.000000  0.000000  1.000000  0.000000  0.000000  0.000000  1.000000  0.999993  -0.000203  0.003613  0.000202  1.000000  0.000120  -0.003613  -0.000119  0.999993  1.000000  0.000000  0.000000  0.000000  1.000000  0.000000  0.000000  0.000000  1.000000  1.000000  0.000000  0.000000  0.000000  1.000000  0.000000  0.000000  0.000000  1.000000  0.000000  0.000000  
99.837736 0.007261  0.093462  -0.007862  0.999883  0.014406  -0.005230  -0.014410  0.999896  -0.000774  0.005218  0.000849  0.999986  0.003422  -0.003026  -0.011071  0.000000  0.000000  0.000000  2.000000  1.000000  0.000000  0.000000  0.000000  1.000000  0.000000  0.000000  0.000000  1.000000  0.999993  -0.000203  0.003747  0.000202  1.000000  0.000120  -0.003747  -0.000119  0.999993  1.000000  0.000000  0.000000  0.000000  1.000000  0.000000  0.000000  0.000000  1.000000  1.000000  0.000000  0.000000  0.000000  1.000000  0.000000  0.000000  0.000000  1.000000  0.000042  0.000000  
99.838736 0.007264  0.093459  -0.007874  0.999883  0.014406  -0.005096  -0.014410  0.999896  -0.000776  0.005084  0.000849  0.999987  0.003351  -0.002977  -0.011088  -0.000052  -0.169491  -0.006719  2.000000  1.000000  0.000000  0.000000  0.000000  1.000000  0.000000  0.000000  0.000000  1.000000  0.999993  -0.000203  0.003747  0.000202  1.000000  0.000120  -0.003747  -0.000119  0.999993  1.000000  0.000000  0.000000  0.000000  1.000000  0.000000  0.000000  0.000000  1.000000  1.000000  0.000000  0.000000  0.000000  1.000000  0.000000  0.000000  0.000000  1.000000  0.000043  0.000000  
99.839985 0.007267  0.093455  -0.007889  0.999885  0.014406  -0.004828  -0.014410  0.999896  -0.000780  0.004817  0.000849  0.999988  0.003233  -0.002909  -0.011154  -0.000051  -0.169547  -0.006721  2.000000  1.000000  0.000000  0.000000  0.000000  1.000000  0.000000  0.000000  0.000000  1.000000  0.999993  -0.000203  0.003747  0.000203  1.000000  -0.000001  -0.003747  0.000002  0.999993  1.000000  0.000000  0.000000  0.000000  1.000000  0.000000  0.000000  0.000000  1.000000  1.000000  0.000000  0.000000  0.000000  1.000000  0.000000  0.000000  0.000000  1.000000  0.000044  0.000000  
99.840985 0.007269  0.093453  -0.007900  0.999886  0.014407  -0.004561  -0.014410  0.999896  -0.000783  0.004549  0.000849  0.999989  0.003139  -0.002832  -0.011142  -0.000049  -0.173948  -0.006715  2.000000  1.000000  0.000000  0.000000  0.000000  1.000000  0.000000  0.000000  0.000000  1.000000  0.999993  -0.000203  0.003747  0.000203  1.000000  -0.000001  -0.003747  0.000002  0.999993  1.000000  0.000000  0.000000  0.000000  1.000000  0.000000  0.000000  0.000000  1.000000  1.000000  0.000000  0.000000  0.000000  1.000000  0.000000  0.000000  0.000000  1.000000  0.000044  0.000000  
99.841992 0.007272  0.093450  -0.007912  0.999886  0.014407  -0.004425  -0.014410  0.999896  -0.000664  0.004415  0.000728  0.999990  0.003071  -0.002808  -0.011193  0.003995  -0.173953  -0.006725  2.000000  1.000000  0.000000  0.000000  0.000000  1.000000  0.000000  0.000000  0.000000  1.000000  0.999993  -0.000203  0.003747  0.000203  1.000000  -0.000001  -0.003747  0.000002  0.999993  1.000000  0.000000  0.000000  0.000000  1.000000  0.000000  0.000000  0.000000  1.000000  1.000000  0.000000  0.000000  0.000000  1.000000  0.000000  0.000000  0.000000  1.000000  0.000045  0.000000  
99.843239 0.007275  0.093446  -0.007927  0.999888  0.014407  -0.004158  -0.014410  0.999896  -0.000668  0.004148  0.000728  0.999991  0.002953  -0.002739  -0.011250  0.003996  -0.178404  -0.006722  2.000000  1.000000  0.000000  0.000000  0.000000  1.000000  0.000000  0.000000  0.000000  1.000000  0.999992  -0.000203  0.003880  0.000203  1.000000  0.000120  -0.003880  -0.000120  0.999992  1.000000  0.000000  0.000000  0.000000  1.000000  0.000000  0.000000  0.000000  1.000000  1.000000  0.000000  0.000000  0.000000  1.000000  0.000000  0.000000  0.000000  1.000000  0.000045  0.000000  
99.844241 0.007277  0.093443  -0.007939  0.999888  0.014408  -0.004024  -0.014410  0.999896  -0.000670  0.004014  0.000728  0.999992  0.002862  -0.002754  -0.011370  0.008107  -0.179887  -0.006767  2.000000  1.000000  0.000000  0.000000  0.000000  1.000000  0.000000  0.000000  0.000000  1.000000  0.999993  -0.000203  0.003747  0.000203  1.000000  0.000120  -0.003747  -0.000120  0.999993  1.000000  0.000000  0.000000  0.000000  1.000000  0.000000  0.000000  0.000000  1.000000  1.000000  0.000000  0.000000  0.000000  1.000000  0.000000  0.000000  0.000000  1.000000  0.000045  0.000000  
99.845247 0.007279  0.093440  -0.007951  0.999889  0.014408  -0.003890  -0.014410  0.999896  -0.000672  0.003880  0.000728  0.999992  0.002719  -0.002735  -0.011432  0.008106  -0.179834  -0.006765  2.000000  1.000000  0.000000  0.000000  0.000000  1.000000  0.000000  0.000000  0.000000  1.000000  0.999993  -0.000203  0.003747  0.000203  1.000000  0.000120  -0.003747  -0.000120  0.999993  1.000000  0.000000  0.000000  0.000000  1.000000  0.000000  0.000000  0.000000  1.000000  1.000000  0.000000  0.000000  0.000000  1.000000  0.000000  0.000000  0.000000  1.000000  0.000045  0.000000  
99.846487 0.007281  0.093437  -0.007967  0.999890  0.014408  -0.003623  -0.014410  0.999896  -0.000676  0.003613  0.000728  0.999993  0.002596  -0.002783  -0.011629  0.008111  -0.184414  -0.006764  2.000000  1.000000  0.000000  0.000000  0.000000  1.000000  0.000000  0.000000  0.000000  1.000000  0.999993  -0.000203  0.003747  0.000203  1.000000  0.000121  -0.003747  -0.000120  0.999993  1.000000  0.000000  0.000000  0.000000  1.000000  0.000000  0.000000  0.000000  1.000000  1.000000  0.000000  0.000000  0.000000  1.000000  0.000000  0.000000  0.000000  1.000000  0.000047  0.000000  
99.847739 0.007283  0.093433  -0.007982  0.999890  0.014408  -0.003489  -0.014410  0.999896  -0.000678  0.003479  0.000728  0.999994  0.002462  -0.002825  -0.011813  0.008044  -0.182867  -0.006707  2.000000  1.000000  0.000000  0.000000  0.000000  1.000000  0.000000  0.000000  0.000000  1.000000  0.999993  0.000003  0.003613  -0.000003  1.000000  0.000121  -0.003613  -0.000121  0.999993  1.000000  0.000000  0.000000  0.000000  1.000000  0.000000  0.000000  0.000000  1.000000  1.000000  0.000000  0.000000  0.000000  1.000000  0.000000  0.000000  0.000000  1.000000  0.000046  0.000000  
99.848989 0.007285  0.093429  -0.007999  0.999891  0.014408  -0.003221  -0.014410  0.999896  -0.000681  0.003211  0.000728  0.999995  0.002301  -0.002898  -0.011986  0.004035  -0.184370  -0.006773  2.000000  1.000000  0.000000  0.000000  0.000000  1.000000  0.000000  0.000000  0.000000  1.000000  0.999994  0.000003  0.003479  -0.000003  1.000000  0.000121  -0.003479  -0.000121  0.999994  1.000000  0.000000  0.000000  0.000000  1.000000  0.000000  0.000000  0.000000  1.000000  1.000000  0.000000  0.000000  0.000000  1.000000  0.000000  0.000000  0.000000  1.000000  0.000046  0.000000  
99.850241 0.007287  0.093425  -0.008015  0.999891  0.014408  -0.003088  -0.014410  0.999896  -0.000683  0.003077  0.000728  0.999995  0.002149  -0.002934  -0.012093  0.004037  -0.179871  -0.006777  2.000000  1.000000  0.000000  0.000000  0.000000  1.000000  0.000000  0.000000  0.000000  1.000000  0.999993  0.000003  0.003613  -0.000003  1.000000  0.000121  -0.003613  -0.000121  0.999993  1.000000  0.000000  0.000000  0.000000  1.000000  0.000000  0.000000  0.000000  1.000000  1.000000  0.000000  0.000000  0.000000  1.000000  0.000000  0.000000  0.000000  1.000000  0.000046  0.000000  
99.851484 0.007289  0.093422  -0.008030  0.999892  0.014408  -0.002820  -0.014410  0.999896  -0.000687  0.002810  0.000728  0.999996  0.002047  -0.002911  -0.012135  0.004039  -0.179908  -0.006778  2.000000  1.000000  0.000000  0.000000  0.000000  1.000000  0.000000  0.000000  0.000000  1.000000  0.999994  0.000003  0.003479  -0.000003  1.000000  0.000121  -0.003479  -0.000121  0.999994  1.000000  0.000000  0.000000  0.000000  1.000000  0.000000  0.000000  0.000000  1.000000  1.000000  0.000000  0.000000  0.000000  1.000000  0.000000  0.000000  0.000000  1.000000  0.000045  0.000000  
99.852733 0.007290  0.093418  -0.008046  0.999893  0.014409  -0.002686  -0.014410  0.999896  -0.000689  0.002676  0.000728  0.999996  0.001929  -0.002922  -0.012229  0.004007  -0.178405  -0.006722  2.000000  1.000000  0.000000  0.000000  0.000000  1.000000  0.000000  0.000000  0.000000  1.000000  0.999994  0.000003  0.003479  -0.000003  1.000000  0.000121  -0.003479  -0.000121  0.999994  1.000000  0.000000  0.000000  0.000000  1.000000  0.000000  0.000000  0.000000  1.000000  1.000000  0.000000  0.000000  0.000000  1.000000  0.000000  0.000000  0.000000  1.000000  0.000045  0.000000  
99.853737 0.007291  0.093415  -0.008058  0.999893  0.014409  -0.002552  -0.014410  0.999896  -0.000691  0.002542  0.000728  0.999997  0.001791  -0.002953  -0.012246  0.004041  -0.175393  -0.006781  2.000000  1.000000  0.000000  0.000000  0.000000  1.000000  0.000000  0.000000  0.000000  1.000000  0.999994  0.000003  0.003479  -0.000003  1.000000  0.000121  -0.003479  -0.000121  0.999994  1.000000  0.000000  0.000000  0.000000  1.000000  0.000000  0.000000  0.000000  1.000000  1.000000  0.000000  0.000000  0.000000  1.000000  0.000000  0.000000  0.000000  1.000000  0.000045  0.000000  
