1-Time 2-Px 3-Py 4-Pz 5-R11 6-R21 7-R31 8-R12 9-R22 10-R32 11-R13 12-R23 13-R33 14-Vx 15-Vy 16-Vz 17-Wx 18-Wy 19-Wz 20-state 21-PR11 22-PR21 23-PR31 24-PR12 25-PR22 26-PR32 27-PR13 28-PR23 29-PR33 
77.732548 0.012388  0.093458  -0.011122  0.998504  -0.003787  0.054538  -0.054116  0.073147  0.995852  -0.007760  -0.997314  0.072833  -0.003566  0.003246  0.007620  0.000000  0.000000  0.000000  2.000000  1.000000  0.000000  0.000000  0.000000  -0.000000  1.000000  0.000000  -1.000000  -0.000000  1.000000  0.000118  -0.000215  -0.000118  0.999998  0.002185  0.000215  -0.002185  0.999998  1.000000  0.000000  0.000000  0.000000  1.000000  0.000000  0.000000  0.000000  1.000000  0.627892  0.523250  0.576161  -0.577365  -0.183277  0.795650  0.521921  -0.832237  0.187028  0.000000  0.000000  
77.733565 0.012384  0.093461  -0.011115  0.998506  -0.003660  0.054528  -0.054116  0.073019  0.995861  -0.007626  -0.997324  0.072712  -0.003561  0.003169  0.007558  0.000000  0.000000  0.000000  2.000000  1.000000  0.000000  0.000000  0.000000  -0.000000  1.000000  0.000000  -1.000000  -0.000000  1.000000  0.000252  -0.000225  -0.000251  0.999998  0.002185  0.000225  -0.002185  0.999998  1.000000  0.000000  0.000000  0.000000  1.000000  0.000000  0.000000  0.000000  1.000000  1.000000  0.000000  0.000000  0.000000  -0.000000  1.000000  0.000000  -1.000000  -0.000000  0.000000  0.000000  
77.734802 0.012381  0.093463  -0.011109  0.998504  -0.003800  0.054537  -0.054116  0.072905  0.995870  -0.007760  -0.997332  0.072591  -0.003473  0.002971  0.007216  0.000000  0.000000  0.000000  2.000000  1.000000  0.000000  0.000000  0.000000  -0.000000  1.000000  0.000000  -1.000000  -0.000000  1.000000  0.000119  -0.000215  -0.000118  0.999998  0.002185  0.000215  -0.002185  0.999998  1.000000  0.000000  0.000000  0.000000  1.000000  0.000000  0.000000  0.000000  1.000000  1.000000  0.000000  0.000000  0.000000  -0.000000  1.000000  0.000000  -1.000000  -0.000000  0.000000  0.000000  
77.735803 0.012379  0.093464  -0.011106  0.998503  -0.003940  0.054547  -0.054116  0.072792  0.995878  -0.007894  -0.997339  0.072470  -0.003343  0.002861  0.006942  0.000000  0.000000  0.000000  2.000000  1.000000  0.000000  0.000000  0.000000  -0.000000  1.000000  0.000000  -1.000000  -0.000000  1.000000  -0.000015  -0.000205  0.000015  0.999998  0.002064  0.000205  -0.002064  0.999998  1.000000  0.000000  0.000000  0.000000  1.000000  0.000000  0.000000  0.000000  1.000000  1.000000  0.000000  0.000000  0.000000  -0.000000  1.000000  0.000000  -1.000000  -0.000000  0.000000  0.000000  
77.736807 0.012378  0.093466  -0.011101  0.998501  -0.004206  0.054566  -0.054116  0.072806  0.995877  -0.008162  -0.997337  0.072470  -0.003213  0.002726  0.006713  0.000000  0.000000  0.000000  2.000000  1.000000  0.000000  0.000000  0.000000  -0.000000  1.000000  0.000000  -1.000000  -0.000000  1.000000  -0.000148  -0.000196  0.000149  0.999998  0.002185  0.000195  -0.002185  0.999998  1.000000  0.000000  0.000000  0.000000  1.000000  0.000000  0.000000  0.000000  1.000000  1.000000  0.000000  0.000000  0.000000  -0.000000  1.000000  0.000000  -1.000000  -0.000000  0.000000  0.000000  
77.738059 0.012379  0.093469  -0.011096  0.998500  -0.004339  0.054576  -0.054116  0.072814  0.995876  -0.008295  -0.997336  0.072470  -0.002877  0.002612  0.006452  0.000000  0.000000  0.000000  2.000000  1.000000  0.000000  0.000000  0.000000  -0.000000  1.000000  0.000000  -1.000000  -0.000000  1.000000  -0.000415  -0.000176  0.000416  0.999998  0.002064  0.000175  -0.002064  0.999998  1.000000  0.000000  0.000000  0.000000  1.000000  0.000000  0.000000  0.000000  1.000000  1.000000  0.000000  0.000000  0.000000  -0.000000  1.000000  0.000000  -1.000000  -0.000000  0.000000  0.000000  
77.739308 0.012380  0.093472  -0.011091  0.998510  -0.004494  0.054380  -0.053910  0.072699  0.995896  -0.008429  -0.997344  0.072348  -0.002476  0.002580  0.006189  0.000000  0.000000  0.000000  2.000000  1.000000  0.000000  0.000000  0.000000  -0.000000  1.000000  0.000000  -1.000000  -0.000000  1.000000  -0.000549  -0.000167  0.000549  0.999998  0.002064  0.000165  -0.002064  0.999998  1.000000  0.000000  0.000000  0.000000  1.000000  0.000000  0.000000  0.000000  1.000000  1.000000  0.000000  0.000000  0.000000  -0.000000  1.000000  0.000000  -1.000000  -0.000000  0.000000  0.000000  
77.740558 0.012383  0.093475  -0.011086  0.998509  -0.004628  0.054389  -0.053910  0.072706  0.995895  -0.008563  -0.997343  0.072348  -0.001988  0.002489  0.005903  0.000000  0.000000  0.000000  2.000000  1.000000  0.000000  0.000000  0.000000  -0.000000  1.000000  0.000000  -1.000000  -0.000000  1.000000  -0.000697  -0.000362  0.000698  0.999998  0.001944  0.000361  -0.001944  0.999998  1.000000  0.000000  0.000000  0.000000  1.000000  0.000000  0.000000  0.000000  1.000000  1.000000  0.000000  0.000000  0.000000  -0.000000  1.000000  0.000000  -1.000000  -0.000000  0.000000  0.000000  
77.741804 0.012386  0.093477  -0.011082  0.998519  -0.004776  0.054194  -0.053704  0.072712  0.995906  -0.008697  -0.997342  0.072348  -0.001465  0.002365  0.005553  0.000000  0.000000  0.000000  2.000000  1.000000  0.000000  0.000000  0.000000  -0.000000  1.000000  0.000000  -1.000000  -0.000000  0.999999  -0.000845  -0.000558  0.000846  0.999998  0.001824  0.000556  -0.001825  0.999998  1.000000  0.000000  0.000000  0.000000  1.000000  0.000000  0.000000  0.000000  1.000000  1.000000  0.000000  0.000000  0.000000  -0.000000  1.000000  0.000000  -1.000000  -0.000000  0.000000  0.000000  
77.743054 0.012389  0.093478  -0.011078  0.998529  -0.004931  0.053998  -0.053499  0.072598  0.995925  -0.008831  -0.997349  0.072227  -0.000950  0.002181  0.005151  0.000000  0.000000  0.000000  2.000000  1.000000  0.000000  0.000000  0.000000  -0.000000  1.000000  0.000000  -1.000000  -0.000000  0.999999  -0.000994  -0.000754  0.000995  0.999998  0.001826  0.000752  -0.001827  0.999998  1.000000  0.000000  0.000000  0.000000  1.000000  0.000000  0.000000  0.000000  1.000000  1.000000  0.000000  0.000000  0.000000  -0.000000  1.000000  0.000000  -1.000000  -0.000000  0.000000  0.000000  
77.744054 0.012392  0.093479  -0.011076  0.998528  -0.005064  0.054008  -0.053499  0.072605  0.995925  -0.008964  -0.997348  0.072227  -0.000513  0.002028  0.004782  0.000000  0.000000  0.000000  2.000000  1.000000  0.000000  0.000000  0.000000  -0.000000  1.000000  0.000000  -1.000000  -0.000000  0.999999  -0.001127  -0.000744  0.001128  0.999998  0.001705  0.000742  -0.001706  0.999998  1.000000  0.000000  0.000000  0.000000  1.000000  0.000000  0.000000  0.000000  1.000000  1.000000  0.000000  0.000000  0.000000  -0.000000  1.000000  0.000000  -1.000000  -0.000000  0.000000  0.000000  
77.745056 0.012395  0.093480  -0.011075  0.998536  -0.005345  0.053822  -0.053293  0.072618  0.995935  -0.009232  -0.997345  0.072227  -0.000018  0.001898  0.004362  0.000000  0.000000  0.000000  2.000000  1.000000  0.000000  0.000000  0.000000  -0.000000  1.000000  0.000000  -1.000000  -0.000000  0.999999  -0.001379  -0.000519  0.001380  0.999998  0.001582  0.000517  -0.001583  0.999999  1.000000  0.000000  0.000000  0.000000  1.000000  0.000000  0.000000  0.000000  1.000000  1.000000  0.000000  0.000000  0.000000  -0.000000  1.000000  0.000000  -1.000000  -0.000000  0.000000  0.000000  
77.746308 0.012400  0.093480  -0.011075  0.998534  -0.005605  0.053842  -0.053293  0.072753  0.995925  -0.009500  -0.997334  0.072348  0.000536  0.001651  0.003798  0.000000  0.000000  0.000000  2.000000  1.000000  0.000000  0.000000  0.000000  -0.000000  1.000000  0.000000  -1.000000  -0.000000  0.999998  -0.001794  -0.000695  0.001795  0.999998  0.001219  0.000693  -0.001221  0.999999  1.000000  0.000000  0.000000  0.000000  1.000000  0.000000  0.000000  0.000000  1.000000  1.000000  0.000000  0.000000  0.000000  -0.000000  1.000000  0.000000  -1.000000  -0.000000  0.000000  0.000000  
77.747553 0.012405  0.093480  -0.011075  0.998541  -0.006020  0.053666  -0.053087  0.072773  0.995935  -0.009901  -0.997330  0.072347  0.001231  0.001393  0.003019  0.000000  0.000000  0.000000  2.000000  1.000000  0.000000  0.000000  0.000000  -0.000000  1.000000  0.000000  -1.000000  -0.000000  0.999997  -0.002076  -0.000881  0.002077  0.999997  0.001100  0.000879  -0.001102  0.999999  1.000000  0.000000  0.000000  0.000000  1.000000  0.000000  0.000000  0.000000  1.000000  1.000000  0.000000  0.000000  0.000000  -0.000000  1.000000  0.000000  -1.000000  -0.000000  0.000000  0.000000  
77.748806 0.012410  0.093480  -0.011076  0.998539  -0.006147  0.053676  -0.053087  0.072901  0.995925  -0.010035  -0.997320  0.072468  0.001753  0.001262  0.002500  0.000000  0.000000  0.000000  2.000000  1.000000  0.000000  0.000000  0.000000  -0.000000  1.000000  0.000000  -1.000000  -0.000000  0.999997  -0.002343  -0.000862  0.002344  0.999997  0.000857  0.000860  -0.000859  0.999999  1.000000  0.000000  0.000000  0.000000  1.000000  0.000000  0.000000  0.000000  1.000000  1.000000  0.000000  0.000000  0.000000  -0.000000  1.000000  0.000000  -1.000000  -0.000000  0.000000  0.000000  
77.749810 0.012414  0.093482  -0.011076  0.998548  -0.006422  0.053491  -0.052881  0.073035  0.995926  -0.010302  -0.997309  0.072589  0.002262  0.001242  0.002197  0.000000  0.000000  0.000000  2.000000  1.000000  0.000000  0.000000  0.000000  -0.000000  1.000000  0.000000  -1.000000  -0.000000  0.999996  -0.002625  -0.001047  0.002626  0.999996  0.000616  0.001046  -0.000619  0.999999  1.000000  0.000000  0.000000  0.000000  1.000000  0.000000  0.000000  0.000000  1.000000  1.000000  0.000000  0.000000  0.000000  -0.000000  1.000000  0.000000  -1.000000  -0.000000  0.000000  0.000000  
77.751054 0.012420  0.093483  -0.011076  0.998545  -0.006682  0.053512  -0.052881  0.073170  0.995917  -0.010570  -0.997297  0.072710  0.002738  0.001269  0.001893  0.000000  0.000000  0.000000  2.000000  1.000000  0.000000  0.000000  0.000000  -0.000000  1.000000  0.000000  -1.000000  -0.000000  0.999996  -0.002759  -0.001037  0.002759  0.999996  0.000374  0.001036  -0.000377  0.999999  1.000000  0.000000  0.000000  0.000000  1.000000  0.000000  0.000000  0.000000  1.000000  1.000000  0.000000  0.000000  0.000000  -0.000000  1.000000  0.000000  -1.000000  -0.000000  0.000000  0.000000  
77.752310 0.012425  0.093485  -0.011077  0.998553  -0.006950  0.053328  -0.052676  0.073424  0.995909  -0.010837  -0.997277  0.072952  0.003171  0.001185  0.001465  0.000000  0.000000  0.000000  2.000000  1.000000  0.000000  0.000000  0.000000  -0.000000  1.000000  0.000000  -1.000000  -0.000000  0.999994  -0.003174  -0.001213  0.003174  0.999995  0.000011  0.001213  -0.000015  0.999999  1.000000  0.000000  0.000000  0.000000  1.000000  0.000000  0.000000  0.000000  1.000000  1.000000  0.000000  0.000000  0.000000  -0.000000  1.000000  0.000000  -1.000000  -0.000000  0.000000  0.000000  
77.753557 0.012431  0.093488  -0.011078  0.998550  -0.007210  0.053348  -0.052675  0.073559  0.995899  -0.011105  -0.997265  0.073072  0.003506  0.001191  0.001002  0.000000  0.000000  0.000000  2.000000  1.000000  0.000000  0.000000  0.000000  -0.000000  1.000000  0.000000  -1.000000  -0.000000  0.999993  -0.003575  -0.001183  0.003574  0.999994  -0.000353  0.001184  0.000348  0.999999  1.000000  0.000000  0.000000  0.000000  1.000000  0.000000  0.000000  0.000000  1.000000  1.000000  0.000000  0.000000  0.000000  -0.000000  1.000000  0.000000  -1.000000  -0.000000  0.000000  0.000000  
77.754807 0.012437  0.093490  -0.011081  0.998547  -0.007464  0.053369  -0.052675  0.073815  0.995880  -0.011373  -0.997244  0.073314  0.003706  0.001146  0.000477  0.000000  0.000000  0.000000  2.000000  1.000000  0.000000  0.000000  0.000000  -0.000000  1.000000  0.000000  -1.000000  -0.000000  0.999992  -0.003708  -0.001172  0.003708  0.999993  -0.000716  0.001175  0.000712  0.999999  1.000000  0.000000  0.000000  0.000000  1.000000  0.000000  0.000000  0.000000  1.000000  1.000000  0.000000  0.000000  0.000000  -0.000000  1.000000  0.000000  -1.000000  -0.000000  0.000000  0.000000  
77.755810 0.012441  0.093492  -0.011085  0.998544  -0.007717  0.053391  -0.052675  0.074070  0.995861  -0.011640  -0.997223  0.073556  0.003846  0.001111  -0.000076  0.000000  0.000000  0.000000  2.000000  1.000000  0.000000  0.000000  0.000000  -0.000000  1.000000  0.000000  -1.000000  -0.000000  0.999992  -0.003842  -0.001162  0.003841  0.999992  -0.000837  0.001165  0.000833  0.999999  1.000000  0.000000  0.000000  0.000000  1.000000  0.000000  0.000000  0.000000  1.000000  1.000000  0.000000  0.000000  0.000000  -0.000000  1.000000  0.000000  -1.000000  -0.000000  0.000000  0.000000  
77.757075 0.012446  0.093494  -0.011090  0.998541  -0.007977  0.053412  -0.052675  0.074205  0.995851  -0.011908  -0.997211  0.073677  0.003955  0.001108  -0.000663  0.000000  0.000000  0.000000  2.000000  1.000000  0.000000  0.000000  0.000000  -0.000000  1.000000  0.000000  -1.000000  -0.000000  0.999991  -0.003976  -0.001151  0.003974  0.999991  -0.001201  0.001156  0.001196  0.999999  1.000000  0.000000  0.000000  0.000000  1.000000  0.000000  0.000000  0.000000  1.000000  1.000000  0.000000  0.000000  0.000000  -0.000000  1.000000  0.000000  -1.000000  -0.000000  0.000000  0.000000  
77.758304 0.012450  0.093495  -0.011096  0.998536  -0.008364  0.053443  -0.052675  0.074468  0.995831  -0.012309  -0.997188  0.073918  0.003983  0.001119  -0.001203  0.000000  0.000000  0.000000  2.000000  1.000000  0.000000  0.000000  0.000000  -0.000000  1.000000  0.000000  -1.000000  -0.000000  0.999991  -0.003976  -0.001150  0.003974  0.999991  -0.001443  0.001156  0.001439  0.999998  1.000000  0.000000  0.000000  0.000000  1.000000  0.000000  0.000000  0.000000  1.000000  1.000000  0.000000  0.000000  0.000000  -0.000000  1.000000  0.000000  -1.000000  -0.000000  0.000000  0.000000  
77.759554 0.012454  0.093496  -0.011101  0.998534  -0.008485  0.053455  -0.052675  0.074716  0.995813  -0.012443  -0.997169  0.074160  0.004062  0.001176  -0.001702  0.000000  0.000000  0.000000  2.000000  1.000000  0.000000  0.000000  0.000000  -0.000000  1.000000  0.000000  -1.000000  -0.000000  0.999991  -0.004110  -0.001139  0.004108  0.999990  -0.001807  0.001147  0.001802  0.999998  1.000000  0.000000  0.000000  0.000000  1.000000  0.000000  0.000000  0.000000  1.000000  1.000000  0.000000  0.000000  0.000000  -0.000000  1.000000  0.000000  -1.000000  -0.000000  0.000000  0.000000  
77.760804 0.012458  0.093498  -0.011106  0.998531  -0.008738  0.053477  -0.052674  0.074972  0.995793  -0.012711  -0.997147  0.074402  0.003994  0.001222  -0.002098  0.000000  0.000000  0.000000  2.000000  1.000000  0.000000  0.000000  0.000000  -0.000000  1.000000  0.000000  -1.000000  -0.000000  0.999991  -0.004228  -0.000924  0.004226  0.999989  -0.001930  0.000932  0.001926  0.999998  1.000000  0.000000  0.000000  0.000000  1.000000  0.000000  0.000000  0.000000  1.000000  1.000000  0.000000  0.000000  0.000000  -0.000000  1.000000  0.000000  -1.000000  -0.000000  0.000000  0.000000  
77.762057 0.012461  0.093498  -0.011110  0.998517  -0.008983  0.053703  -0.052880  0.075109  0.995772  -0.012978  -0.997135  0.074522  0.003910  0.001250  -0.002407  -0.056199  0.028255  -0.176564  2.000000  1.000000  0.000000  0.000000  0.000000  -0.000000  1.000000  0.000000  -1.000000  -0.000000  0.999991  -0.004198  -0.000512  0.004196  0.999989  -0.002176  0.000521  0.002173  0.999998  1.000000  0.000000  0.000000  0.000000  1.000000  0.000000  0.000000  0.000000  1.000000  1.000000  0.000000  0.000000  0.000000  -0.000000  1.000000  0.000000  -1.000000  -0.000000  0.000000  0.000000  
77.763304 0.012465  0.093498  -0.011114  0.998515  -0.009103  0.053715  -0.052880  0.075357  0.995753  -0.013112  -0.997115  0.074764  0.003813  0.001209  -0.002582  -0.068316  0.027579  -0.185418  2.000000  1.000000  0.000000  0.000000  0.000000  -0.000000  1.000000  0.000000  -1.000000  -0.000000  0.999991  -0.004316  -0.000296  0.004315  0.999987  -0.002541  0.000307  0.002540  0.999997  1.000000  0.000000  0.000000  0.000000  1.000000  0.000000  0.000000  0.000000  1.000000  1.000000  0.000000  0.000000  0.000000  -0.000000  1.000000  0.000000  -1.000000  -0.000000  0.000050  0.000000  
77.764552 0.012468  0.093498  -0.011117  0.998513  -0.009223  0.053727  -0.052880  0.075606  0.995735  -0.013246  -0.997095  0.075006  0.003660  0.001089  -0.002739  -0.080448  0.027570  -0.185436  2.000000  1.000000  0.000000  0.000000  0.000000  -0.000000  1.000000  0.000000  -1.000000  -0.000000  0.999991  -0.004316  -0.000295  0.004315  0.999987  -0.002784  0.000307  0.002782  0.999996  1.000000  0.000000  0.000000  0.000000  1.000000  0.000000  0.000000  0.000000  1.000000  1.000000  0.000000  0.000000  0.000000  -0.000000  1.000000  0.000000  -1.000000  -0.000000  0.000051  0.000000  
77.765559 0.012471  0.093498  -0.011120  0.998511  -0.009343  0.053740  -0.052879  0.075854  0.995716  -0.013379  -0.997075  0.075247  0.003568  0.001007  -0.002993  -0.093313  0.027778  -0.186916  2.000000  1.000000  0.000000  0.000000  0.000000  -0.000000  1.000000  0.000000  -1.000000  -0.000000  0.999992  -0.004049  -0.000314  0.004048  0.999987  -0.003026  0.000326  0.003025  0.999995  1.000000  0.000000  0.000000  0.000000  1.000000  0.000000  0.000000  0.000000  1.000000  1.000000  0.000000  0.000000  0.000000  -0.000000  1.000000  0.000000  -1.000000  -0.000000  0.000051  0.000000  
77.766562 0.012474  0.093498  -0.011123  0.998509  -0.009463  0.053752  -0.052879  0.076103  0.995697  -0.013513  -0.997055  0.075489  0.003488  0.000939  -0.003146  -0.101464  0.028090  -0.182447  2.000000  1.000000  0.000000  0.000000  0.000000  -0.000000  1.000000  0.000000  -1.000000  -0.000000  0.999992  -0.004034  -0.000108  0.004033  0.999987  -0.003028  0.000120  0.003027  0.999995  1.000000  0.000000  0.000000  0.000000  1.000000  0.000000  0.000000  0.000000  1.000000  1.000000  0.000000  0.000000  0.000000  -0.000000  1.000000  0.000000  -1.000000  -0.000000  0.000052  0.000000  
77.767804 0.012479  0.093499  -0.011128  0.998497  -0.009568  0.053969  -0.053085  0.076354  0.995667  -0.013647  -0.997035  0.075731  0.003403  0.000835  -0.003399  -0.109723  0.021175  -0.181996  2.000000  1.000000  0.000000  0.000000  0.000000  -0.000000  1.000000  0.000000  -1.000000  -0.000000  0.999992  -0.003885  0.000089  0.003885  0.999987  -0.003394  -0.000075  0.003394  0.999994  1.000000  0.000000  0.000000  0.000000  1.000000  0.000000  0.000000  0.000000  1.000000  1.000000  0.000000  0.000000  0.000000  -0.000000  1.000000  0.000000  -1.000000  -0.000000  0.000053  0.000000  
77.768809 0.012481  0.093499  -0.011133  0.998493  -0.009821  0.053992  -0.053085  0.076609  0.995647  -0.013915  -0.997013  0.075973  0.003281  0.000677  -0.003624  -0.121912  0.020824  -0.186426  2.000000  1.000000  0.000000  0.000000  0.000000  -0.000000  1.000000  0.000000  -1.000000  -0.000000  0.999993  -0.003736  0.000285  0.003737  0.999987  -0.003517  -0.000272  0.003518  0.999994  1.000000  0.000000  0.000000  0.000000  1.000000  0.000000  0.000000  0.000000  1.000000  1.000000  0.000000  0.000000  0.000000  -0.000000  1.000000  0.000000  -1.000000  -0.000000  0.000055  0.000000  
77.770054 0.012485  0.093498  -0.011139  0.998480  -0.009925  0.054210  -0.053290  0.076860  0.995617  -0.014048  -0.996992  0.076214  0.003161  0.000488  -0.003745  -0.129171  0.006946  -0.183912  2.000000  1.000000  0.000000  0.000000  0.000000  -0.000000  1.000000  0.000000  -1.000000  -0.000000  0.999993  -0.003704  0.000696  0.003707  0.999986  -0.003643  -0.000683  0.003645  0.999993  1.000000  0.000000  0.000000  0.000000  1.000000  0.000000  0.000000  0.000000  1.000000  1.000000  0.000000  0.000000  0.000000  -0.000000  1.000000  0.000000  -1.000000  -0.000000  0.000057  0.000000  
77.771055 0.012487  0.093498  -0.011144  0.998478  -0.010045  0.054222  -0.053290  0.077109  0.995598  -0.014182  -0.996972  0.076456  0.003055  0.000328  -0.003872  -0.138481  -0.000254  -0.189418  2.000000  1.000000  0.000000  0.000000  0.000000  -0.000000  1.000000  0.000000  -1.000000  -0.000000  0.999993  -0.003704  0.000697  0.003707  0.999986  -0.003764  -0.000683  0.003767  0.999993  1.000000  0.000000  0.000000  0.000000  1.000000  0.000000  0.000000  0.000000  1.000000  1.000000  0.000000  0.000000  0.000000  -0.000000  1.000000  0.000000  -1.000000  -0.000000  0.000059  0.000000  
77.772307 0.012490  0.093497  -0.011149  0.998465  -0.010150  0.054440  -0.053495  0.077359  0.995567  -0.014316  -0.996952  0.076698  0.002889  0.000223  -0.003844  -0.150839  -0.014065  -0.188346  2.000000  1.000000  0.000000  0.000000  0.000000  -0.000000  1.000000  0.000000  -1.000000  -0.000000  0.999993  -0.003539  0.001098  0.003543  0.999986  -0.003890  -0.001084  0.003894  0.999992  1.000000  0.000000  0.000000  0.000000  1.000000  0.000000  0.000000  0.000000  1.000000  1.000000  0.000000  0.000000  0.000000  -0.000000  1.000000  0.000000  -1.000000  -0.000000  0.000060  0.000000  
77.773558 0.012492  0.093497  -0.011154  0.998464  -0.010263  0.054454  -0.053495  0.077729  0.995538  -0.014450  -0.996922  0.077060  0.002767  0.000120  -0.003785  -0.163066  -0.013763  -0.183855  2.000000  1.000000  0.000000  0.000000  0.000000  -0.000000  1.000000  0.000000  -1.000000  -0.000000  0.999994  -0.003405  0.001089  0.003409  0.999986  -0.004011  -0.001075  0.004015  0.999991  1.000000  0.000000  0.000000  0.000000  1.000000  0.000000  0.000000  0.000000  1.000000  1.000000  0.000000  0.000000  0.000000  -0.000000  1.000000  0.000000  -1.000000  -0.000000  0.000061  0.000000  
77.774807 0.012494  0.093496  -0.011158  0.998464  -0.010250  0.054456  -0.053495  0.077970  0.995519  -0.014450  -0.996903  0.077302  0.002596  -0.000019  -0.003764  -0.171315  -0.020014  -0.174382  2.000000  1.000000  0.000000  0.000000  0.000000  -0.000000  1.000000  0.000000  -1.000000  -0.000000  0.999995  -0.003138  0.001069  0.003142  0.999987  -0.004012  -0.001056  0.004015  0.999991  1.000000  0.000000  0.000000  0.000000  1.000000  0.000000  0.000000  0.000000  1.000000  1.000000  0.000000  0.000000  0.000000  -0.000000  1.000000  0.000000  -1.000000  -0.000000  0.000061  0.000000  
77.776056 0.012495  0.093495  -0.011163  0.998462  -0.010370  0.054469  -0.053495  0.078219  0.995500  -0.014584  -0.996882  0.077544  0.002398  -0.000202  -0.003759  -0.175417  -0.019711  -0.169917  2.000000  1.000000  0.000000  0.000000  0.000000  -0.000000  1.000000  0.000000  -1.000000  -0.000000  0.999995  -0.003004  0.001059  0.003009  0.999987  -0.004012  -0.001047  0.004015  0.999991  1.000000  0.000000  0.000000  0.000000  1.000000  0.000000  0.000000  0.000000  1.000000  1.000000  0.000000  0.000000  0.000000  -0.000000  1.000000  0.000000  -1.000000  -0.000000  0.000061  0.000000  
77.777303 0.012495  0.093493  -0.011168  0.998451  -0.010340  0.054677  -0.053701  0.078463  0.995470  -0.014584  -0.996863  0.077786  0.002204  -0.000342  -0.003808  -0.182212  -0.032584  -0.158574  2.000000  1.000000  0.000000  0.000000  0.000000  -0.000000  1.000000  0.000000  -1.000000  -0.000000  0.999996  -0.002588  0.001234  0.002593  0.999988  -0.004136  -0.001224  0.004139  0.999991  1.000000  0.000000  0.000000  0.000000  1.000000  0.000000  0.000000  0.000000  1.000000  1.000000  0.000000  0.000000  0.000000  -0.000000  1.000000  0.000000  -1.000000  -0.000000  0.000061  0.000000  
77.778309 0.012495  0.093490  -0.011173  0.998449  -0.010460  0.054690  -0.053701  0.078711  0.995450  -0.014717  -0.996843  0.078027  0.002025  -0.000515  -0.003927  -0.187770  -0.032539  -0.155370  2.000000  1.000000  0.000000  0.000000  0.000000  -0.000000  1.000000  0.000000  -1.000000  -0.000000  0.999996  -0.002454  0.001224  0.002459  0.999989  -0.004015  -0.001214  0.004018  0.999991  1.000000  0.000000  0.000000  0.000000  1.000000  0.000000  0.000000  0.000000  1.000000  1.000000  0.000000  0.000000  0.000000  -0.000000  1.000000  0.000000  -1.000000  -0.000000  0.000061  0.000000  
77.779552 0.012495  0.093487  -0.011179  0.998436  -0.010564  0.054907  -0.053906  0.078962  0.995419  -0.014851  -0.996822  0.078269  0.001745  -0.000735  -0.004199  -0.190473  -0.045653  -0.148626  2.000000  1.000000  0.000000  0.000000  0.000000  -0.000000  1.000000  0.000000  -1.000000  -0.000000  0.999996  -0.002304  0.001420  0.002310  0.999988  -0.004261  -0.001410  0.004264  0.999990  1.000000  0.000000  0.000000  0.000000  1.000000  0.000000  0.000000  0.000000  1.000000  1.000000  0.000000  0.000000  0.000000  -0.000000  1.000000  0.000000  -1.000000  -0.000000  0.000062  0.000000  
77.780555 0.012494  0.093485  -0.011185  0.998434  -0.010684  0.054921  -0.053906  0.079211  0.995399  -0.014985  -0.996801  0.078511  0.001531  -0.000891  -0.004287  -0.196157  -0.046064  -0.149868  2.000000  1.000000  0.000000  0.000000  0.000000  -0.000000  1.000000  0.000000  -1.000000  -0.000000  0.999996  -0.002304  0.001420  0.002310  0.999988  -0.004261  -0.001410  0.004264  0.999990  1.000000  0.000000  0.000000  0.000000  1.000000  0.000000  0.000000  0.000000  1.000000  1.000000  0.000000  0.000000  0.000000  -0.000000  1.000000  0.000000  -1.000000  -0.000000  0.000062  0.000000  
77.781806 0.012495  0.093482  -0.011190  0.998420  -0.010787  0.055139  -0.054111  0.079462  0.995368  -0.015119  -0.996780  0.078752  0.001257  -0.001101  -0.004434  -0.198761  -0.059057  -0.143131  2.000000  1.000000  0.000000  0.000000  0.000000  -0.000000  1.000000  0.000000  -1.000000  -0.000000  0.999996  -0.002287  0.001626  0.002294  0.999988  -0.004385  -0.001616  0.004389  0.999989  1.000000  0.000000  0.000000  0.000000  1.000000  0.000000  0.000000  0.000000  1.000000  1.000000  0.000000  0.000000  0.000000  -0.000000  1.000000  0.000000  -1.000000  -0.000000  0.000063  0.000000  
77.783062 0.012495  0.093480  -0.011195  0.998420  -0.010767  0.055142  -0.054111  0.079824  0.995339  -0.015119  -0.996751  0.079115  0.000995  -0.001230  -0.004386  -0.204445  -0.058549  -0.130814  2.000000  1.000000  0.000000  0.000000  0.000000  -0.000000  1.000000  0.000000  -1.000000  -0.000000  0.999997  -0.002036  0.001400  0.002043  0.999988  -0.004383  -0.001391  0.004385  0.999989  1.000000  0.000000  0.000000  0.000000  1.000000  0.000000  0.000000  0.000000  1.000000  1.000000  0.000000  0.000000  0.000000  -0.000000  1.000000  0.000000  -1.000000  -0.000000  0.000062  0.000000  
77.784306 0.012495  0.093479  -0.011199  0.998409  -0.010737  0.055350  -0.054317  0.080067  0.995308  -0.015119  -0.996732  0.079357  0.000792  -0.001305  -0.004214  -0.206970  -0.064272  -0.120350  2.000000  1.000000  0.000000  0.000000  0.000000  -0.000000  1.000000  0.000000  -1.000000  -0.000000  0.999997  -0.001886  0.001596  0.001893  0.999988  -0.004507  -0.001587  0.004510  0.999989  1.000000  0.000000  0.000000  0.000000  1.000000  0.000000  0.000000  0.000000  1.000000  1.000000  0.000000  0.000000  0.000000  -0.000000  1.000000  0.000000  -1.000000  -0.000000  0.000063  0.000000  
77.785557 0.012495  0.093477  -0.011203  0.998409  -0.010717  0.055354  -0.054317  0.080430  0.995279  -0.015119  -0.996703  0.079720  0.000569  -0.001386  -0.004077  -0.210985  -0.063614  -0.111416  2.000000  1.000000  0.000000  0.000000  0.000000  -0.000000  1.000000  0.000000  -1.000000  -0.000000  0.999997  -0.001753  0.001586  0.001760  0.999988  -0.004507  -0.001578  0.004510  0.999989  1.000000  0.000000  0.000000  0.000000  1.000000  0.000000  0.000000  0.000000  1.000000  1.000000  0.000000  0.000000  0.000000  -0.000000  1.000000  0.000000  -1.000000  -0.000000  0.000061  0.000000  
77.786807 0.012494  0.093475  -0.011207  0.998409  -0.010704  0.055356  -0.054317  0.080671  0.995260  -0.015119  -0.996683  0.079961  0.000355  -0.001491  -0.003969  -0.211004  -0.062959  -0.102512  2.000000  1.000000  0.000000  0.000000  0.000000  -0.000000  1.000000  0.000000  -1.000000  -0.000000  0.999997  -0.001619  0.001575  0.001626  0.999988  -0.004629  -0.001568  0.004631  0.999988  1.000000  0.000000  0.000000  0.000000  1.000000  0.000000  0.000000  0.000000  1.000000  1.000000  0.000000  0.000000  0.000000  -0.000000  1.000000  0.000000  -1.000000  -0.000000  0.000061  0.000000  
77.788060 0.012494  0.093473  -0.011211  0.998398  -0.010674  0.055564  -0.054523  0.080915  0.995229  -0.015119  -0.996664  0.080203  0.000140  -0.001642  -0.003954  -0.212831  -0.069356  -0.089350  2.000000  1.000000  0.000000  0.000000  0.000000  -0.000000  1.000000  0.000000  -1.000000  -0.000000  0.999998  -0.001351  0.001554  0.001358  0.999989  -0.004508  -0.001548  0.004510  0.999989  1.000000  0.000000  0.000000  0.000000  1.000000  0.000000  0.000000  0.000000  1.000000  1.000000  0.000000  0.000000  0.000000  -0.000000  1.000000  0.000000  -1.000000  -0.000000  0.000060  0.000000  
77.789307 0.012492  0.093469  -0.011216  0.998387  -0.010637  0.055773  -0.054728  0.081279  0.995188  -0.015119  -0.996635  0.080566  -0.000092  -0.001812  -0.004005  -0.217025  -0.075939  -0.084318  2.000000  1.000000  0.000000  0.000000  0.000000  -0.000000  1.000000  0.000000  -1.000000  -0.000000  0.999998  -0.001068  0.001738  0.001076  0.999989  -0.004511  -0.001734  0.004513  0.999988  1.000000  0.000000  0.000000  0.000000  1.000000  0.000000  0.000000  0.000000  1.000000  1.000000  0.000000  0.000000  0.000000  -0.000000  1.000000  0.000000  -1.000000  -0.000000  0.000061  0.000000  
77.790558 0.012490  0.093465  -0.011222  0.998376  -0.010606  0.055980  -0.054934  0.081523  0.995156  -0.015119  -0.996615  0.080808  -0.000383  -0.002064  -0.004135  -0.217124  -0.082156  -0.074793  2.000000  1.000000  0.000000  0.000000  0.000000  -0.000000  1.000000  0.000000  -1.000000  -0.000000  0.999998  -0.000934  0.001728  0.000942  0.999989  -0.004632  -0.001724  0.004634  0.999988  1.000000  0.000000  0.000000  0.000000  1.000000  0.000000  0.000000  0.000000  1.000000  1.000000  0.000000  0.000000  0.000000  -0.000000  1.000000  0.000000  -1.000000  -0.000000  0.000061  0.000000  
77.791804 0.012487  0.093461  -0.011229  0.998376  -0.010593  0.055983  -0.054934  0.081764  0.995137  -0.015119  -0.996595  0.081049  -0.000542  -0.002147  -0.004187  -0.221167  -0.074591  -0.066366  2.000000  1.000000  0.000000  0.000000  0.000000  -0.000000  1.000000  0.000000  -1.000000  -0.000000  0.999998  -0.000667  0.001706  0.000674  0.999990  -0.004512  -0.001703  0.004513  0.999988  1.000000  0.000000  0.000000  0.000000  1.000000  0.000000  0.000000  0.000000  1.000000  1.000000  0.000000  0.000000  0.000000  -0.000000  1.000000  0.000000  -1.000000  -0.000000  0.000061  0.000000  
77.792804 0.012485  0.093458  -0.011233  0.998364  -0.010562  0.056190  -0.055139  0.082008  0.995105  -0.015119  -0.996576  0.081291  -0.000660  -0.002225  -0.004178  -0.221244  -0.081145  -0.061316  2.000000  1.000000  0.000000  0.000000  0.000000  -0.000000  1.000000  0.000000  -1.000000  -0.000000  0.999998  -0.000666  0.001707  0.000674  0.999989  -0.004633  -0.001704  0.004634  0.999988  1.000000  0.000000  0.000000  0.000000  1.000000  0.000000  0.000000  0.000000  1.000000  1.000000  0.000000  0.000000  0.000000  -0.000000  1.000000  0.000000  -1.000000  -0.000000  0.000062  0.000000  
77.793805 0.012483  0.093455  -0.011237  0.998364  -0.010549  0.056193  -0.055139  0.082249  0.995085  -0.015119  -0.996556  0.081533  -0.000776  -0.002246  -0.004090  -0.225341  -0.081164  -0.061307  2.000000  1.000000  0.000000  0.000000  0.000000  -0.000000  1.000000  0.000000  -1.000000  -0.000000  0.999998  -0.000533  0.001696  0.000540  0.999990  -0.004391  -0.001693  0.004391  0.999989  1.000000  0.000000  0.000000  0.000000  1.000000  0.000000  0.000000  0.000000  1.000000  1.000000  0.000000  0.000000  0.000000  -0.000000  1.000000  0.000000  -1.000000  -0.000000  0.000060  0.000000  
77.795053 0.012481  0.093453  -0.011242  0.998355  -0.010385  0.056389  -0.055345  0.082485  0.995054  -0.014985  -0.996538  0.081775  -0.000892  -0.002176  -0.003984  -0.223981  -0.086806  -0.051442  2.000000  1.000000  0.000000  0.000000  0.000000  -0.000000  1.000000  0.000000  -1.000000  -0.000000  0.999998  -0.000382  0.001890  0.000390  0.999990  -0.004394  -0.001888  0.004394  0.999989  1.000000  0.000000  0.000000  0.000000  1.000000  0.000000  0.000000  0.000000  1.000000  1.000000  0.000000  0.000000  0.000000  -0.000000  1.000000  0.000000  -1.000000  -0.000000  0.000061  0.000000  
77.796066 0.012480  0.093451  -0.011245  0.998343  -0.010354  0.056597  -0.055550  0.082729  0.995023  -0.014985  -0.996518  0.082017  -0.001027  -0.002196  -0.003862  -0.225445  -0.093888  -0.046707  2.000000  1.000000  0.000000  0.000000  0.000000  -0.000000  1.000000  0.000000  -1.000000  -0.000000  0.999998  -0.000248  0.001879  0.000257  0.999990  -0.004515  -0.001878  0.004516  0.999988  1.000000  0.000000  0.000000  0.000000  1.000000  0.000000  0.000000  0.000000  1.000000  1.000000  0.000000  0.000000  0.000000  -0.000000  1.000000  0.000000  -1.000000  -0.000000  0.000060  0.000000  
77.797338 0.012478  0.093449  -0.011249  0.998343  -0.010341  0.056599  -0.055550  0.082970  0.995003  -0.014985  -0.996498  0.082258  -0.001174  -0.002208  -0.003818  -0.221122  -0.086234  -0.038233  2.000000  1.000000  0.000000  0.000000  0.000000  -0.000000  1.000000  0.000000  -1.000000  -0.000000  0.999998  -0.000248  0.001879  0.000256  0.999990  -0.004394  -0.001878  0.004394  0.999989  1.000000  0.000000  0.000000  0.000000  1.000000  0.000000  0.000000  0.000000  1.000000  1.000000  0.000000  0.000000  0.000000  -0.000000  1.000000  0.000000  -1.000000  -0.000000  0.000060  0.000000  
77.798557 0.012476  0.093446  -0.011254  0.998332  -0.010310  0.056806  -0.055756  0.083214  0.994971  -0.014985  -0.996478  0.082500  -0.001305  -0.002244  -0.003876  -0.221483  -0.092525  -0.028740  2.000000  1.000000  0.000000  0.000000  0.000000  -0.000000  1.000000  0.000000  -1.000000  -0.000000  0.999998  -0.000097  0.002074  0.000106  0.999989  -0.004640  -0.002073  0.004640  0.999987  1.000000  0.000000  0.000000  0.000000  1.000000  0.000000  0.000000  0.000000  1.000000  1.000000  0.000000  0.000000  0.000000  -0.000000  1.000000  0.000000  -1.000000  -0.000000  0.000061  0.000000  
77.799581 0.012475  0.093445  -0.011259  0.998332  -0.010296  0.056809  -0.055756  0.083455  0.994951  -0.014985  -0.996458  0.082742  -0.001376  -0.002271  -0.003923  -0.221207  -0.085207  -0.024764  2.000000  1.000000  0.000000  0.000000  0.000000  -0.000000  1.000000  0.000000  -1.000000  -0.000000  0.999998  0.000037  0.002062  -0.000027  0.999989  -0.004640  -0.002063  0.004640  0.999987  1.000000  0.000000  0.000000  0.000000  1.000000  0.000000  0.000000  0.000000  1.000000  1.000000  0.000000  0.000000  0.000000  -0.000000  1.000000  0.000000  -1.000000  -0.000000  0.000061  0.000000  
77.800808 0.012474  0.093443  -0.011263  0.998320  -0.010258  0.057018  -0.055961  0.083819  0.994908  -0.014985  -0.996428  0.083104  -0.001383  -0.002221  -0.003983  -0.225532  -0.091807  -0.019719  2.000000  1.000000  0.000000  0.000000  0.000000  -0.000000  1.000000  0.000000  -1.000000  -0.000000  0.999998  0.000171  0.002051  -0.000161  0.999989  -0.004640  -0.002052  0.004640  0.999987  1.000000  0.000000  0.000000  0.000000  1.000000  0.000000  0.000000  0.000000  1.000000  1.000000  0.000000  0.000000  0.000000  -0.000000  1.000000  0.000000  -1.000000  -0.000000  0.000061  0.000000  
77.802064 0.012473  0.093441  -0.011268  0.998309  -0.010227  0.057225  -0.056167  0.084063  0.994876  -0.014985  -0.996408  0.083346  -0.001459  -0.002255  -0.004042  -0.225514  -0.091442  -0.015213  2.000000  1.000000  0.000000  0.000000  0.000000  -0.000000  1.000000  0.000000  -1.000000  -0.000000  0.999998  0.000305  0.002040  -0.000295  0.999989  -0.004641  -0.002042  0.004640  0.999987  1.000000  0.000000  0.000000  0.000000  1.000000  0.000000  0.000000  0.000000  1.000000  1.000000  0.000000  0.000000  0.000000  -0.000000  1.000000  0.000000  -1.000000  -0.000000  0.000061  0.000000  
77.803308 0.012472  0.093439  -0.011272  0.998311  -0.010080  0.057216  -0.056167  0.084297  0.994856  -0.014851  -0.996390  0.083588  -0.001441  -0.002223  -0.003983  -0.221488  -0.090744  -0.006223  2.000000  1.000000  0.000000  0.000000  0.000000  -0.000000  1.000000  0.000000  -1.000000  -0.000000  0.999998  0.000439  0.002029  -0.000429  0.999989  -0.004641  -0.002031  0.004640  0.999987  1.000000  0.000000  0.000000  0.000000  1.000000  0.000000  0.000000  0.000000  1.000000  1.000000  0.000000  0.000000  0.000000  -0.000000  1.000000  0.000000  -1.000000  -0.000000  0.000060  0.000000  
77.804554 0.012471  0.093436  -0.011276  0.998299  -0.010042  0.057425  -0.056373  0.084661  0.994814  -0.014851  -0.996359  0.083951  -0.001396  -0.002217  -0.003947  -0.225692  -0.097654  -0.005638  2.000000  1.000000  0.000000  0.000000  0.000000  -0.000000  1.000000  0.000000  -1.000000  -0.000000  0.999998  0.000439  0.002029  -0.000430  0.999990  -0.004519  -0.002031  0.004518  0.999988  1.000000  0.000000  0.000000  0.000000  1.000000  0.000000  0.000000  0.000000  1.000000  1.000000  0.000000  0.000000  0.000000  -0.000000  1.000000  0.000000  -1.000000  -0.000000  0.000061  0.000000  
77.805557 0.012470  0.093433  -0.011279  0.998299  -0.010035  0.057426  -0.056373  0.084781  0.994804  -0.014851  -0.996349  0.084071  -0.001316  -0.002149  -0.003794  -0.225652  -0.097271  -0.001143  2.000000  1.000000  0.000000  0.000000  0.000000  -0.000000  1.000000  0.000000  -1.000000  -0.000000  0.999998  0.000440  0.002029  -0.000431  0.999990  -0.004519  -0.002031  0.004518  0.999988  1.000000  0.000000  0.000000  0.000000  1.000000  0.000000  0.000000  0.000000  1.000000  1.000000  0.000000  0.000000  0.000000  -0.000000  1.000000  0.000000  -1.000000  -0.000000  0.000062  0.000000  
77.806804 0.012469  0.093430  -0.011283  0.998290  -0.009863  0.057623  -0.056578  0.085138  0.994762  -0.014717  -0.996320  0.084434  -0.001242  -0.002108  -0.003596  -0.227933  -0.102949  0.003898  2.000000  1.000000  0.000000  0.000000  0.000000  -0.000000  1.000000  0.000000  -1.000000  -0.000000  0.999997  0.000458  0.002234  -0.000448  0.999990  -0.004522  -0.002236  0.004521  0.999987  1.000000  0.000000  0.000000  0.000000  1.000000  0.000000  0.000000  0.000000  1.000000  1.000000  0.000000  0.000000  0.000000  -0.000000  1.000000  0.000000  -1.000000  -0.000000  0.000062  0.000000  
77.807807 0.012468  0.093428  -0.011285  0.998290  -0.009856  0.057624  -0.056578  0.085259  0.994751  -0.014717  -0.996310  0.084555  -0.001118  -0.002014  -0.003458  -0.225665  -0.096547  0.007869  2.000000  1.000000  0.000000  0.000000  0.000000  -0.000000  1.000000  0.000000  -1.000000  -0.000000  0.999998  0.000574  0.002017  -0.000565  0.999990  -0.004519  -0.002020  0.004518  0.999988  1.000000  0.000000  0.000000  0.000000  1.000000  0.000000  0.000000  0.000000  1.000000  1.000000  0.000000  0.000000  0.000000  -0.000000  1.000000  0.000000  -1.000000  -0.000000  0.000062  0.000000  
77.809057 0.012467  0.093425  -0.011289  0.998290  -0.009842  0.057627  -0.056578  0.085500  0.994730  -0.014717  -0.996290  0.084797  -0.001069  -0.002062  -0.003368  -0.221502  -0.089286  0.011817  2.000000  1.000000  0.000000  0.000000  0.000000  -0.000000  1.000000  0.000000  -1.000000  -0.000000  0.999998  0.000557  0.001812  -0.000549  0.999990  -0.004516  -0.001814  0.004515  0.999988  1.000000  0.000000  0.000000  0.000000  1.000000  0.000000  0.000000  0.000000  1.000000  1.000000  0.000000  0.000000  0.000000  -0.000000  1.000000  0.000000  -1.000000  -0.000000  0.000061  0.000000  
