1-Time 2-Px 3-Py 4-Pz 5-R11 6-R21 7-R31 8-R12 9-R22 10-R32 11-R13 12-R23 13-R33 14-Vx 15-Vy 16-Vz 17-Wx 18-Wy 19-Wz 20-state 21-PR11 22-PR21 23-PR31 24-PR12 25-PR22 26-PR32 27-PR13 28-PR23 29-PR33 
133.339401 0.001053  0.090055  -0.023979  0.997836  0.064685  -0.011821  -0.064594  0.997880  0.007937  0.012309  -0.007156  0.999899  0.000596  0.000497  0.000650  0.000000  0.000000  0.000000  2.000000  1.000000  0.000000  0.000000  0.000000  1.000000  0.000000  0.000000  0.000000  1.000000  1.000000  0.000205  0.000135  -0.000205  1.000000  -0.000119  -0.000135  0.000119  1.000000  1.000000  0.000000  0.000000  0.000000  1.000000  0.000000  0.000000  0.000000  1.000000  0.717990  0.370674  0.589145  -0.423388  0.904395  -0.053038  -0.552479  -0.211356  0.806285  0.000000  0.000000  
133.340411 0.001053  0.090055  -0.023978  0.997822  0.064890  -0.011819  -0.064799  0.997867  0.007939  0.012309  -0.007156  0.999899  0.000605  0.000495  0.000610  0.000000  0.000000  0.000000  2.000000  1.000000  0.000000  0.000000  0.000000  1.000000  0.000000  0.000000  0.000000  1.000000  1.000000  0.000411  0.000137  -0.000411  1.000000  -0.000116  -0.000137  0.000116  1.000000  1.000000  0.000000  0.000000  0.000000  1.000000  0.000000  0.000000  0.000000  1.000000  1.000000  0.000000  0.000000  0.000000  1.000000  0.000000  0.000000  0.000000  1.000000  0.000000  0.000000  
133.341651 0.001054  0.090053  -0.023979  0.997796  0.065301  -0.011816  -0.065210  0.997840  0.007944  0.012309  -0.007156  0.999899  0.000556  0.000349  0.000501  0.000000  0.000000  0.000000  2.000000  1.000000  0.000000  0.000000  0.000000  1.000000  0.000000  0.000000  0.000000  1.000000  1.000000  0.000617  0.000138  -0.000617  1.000000  -0.000114  -0.000138  0.000114  1.000000  1.000000  0.000000  0.000000  0.000000  1.000000  0.000000  0.000000  0.000000  1.000000  1.000000  0.000000  0.000000  0.000000  1.000000  0.000000  0.000000  0.000000  1.000000  0.000000  0.000000  
133.342652 0.001054  0.090052  -0.023979  0.997782  0.065508  -0.011806  -0.065415  0.997826  0.008067  0.012309  -0.007277  0.999898  0.000501  0.000205  0.000434  0.000000  0.000000  0.000000  2.000000  1.000000  0.000000  0.000000  0.000000  1.000000  0.000000  0.000000  0.000000  1.000000  0.999999  0.001028  0.000141  -0.001028  0.999999  -0.000109  -0.000141  0.000108  1.000000  1.000000  0.000000  0.000000  0.000000  1.000000  0.000000  0.000000  0.000000  1.000000  1.000000  0.000000  0.000000  0.000000  1.000000  0.000000  0.000000  0.000000  1.000000  0.000000  0.000000  
133.343905 0.001054  0.090049  -0.023979  0.997757  0.065918  -0.011670  -0.065826  0.997799  0.008063  0.012175  -0.007277  0.999899  0.000435  -0.000035  0.000365  0.000000  0.000000  0.000000  2.000000  1.000000  0.000000  0.000000  0.000000  1.000000  0.000000  0.000000  0.000000  1.000000  0.999999  0.001027  0.000275  -0.001027  0.999999  0.000013  -0.000275  -0.000013  1.000000  1.000000  0.000000  0.000000  0.000000  1.000000  0.000000  0.000000  0.000000  1.000000  1.000000  0.000000  0.000000  0.000000  1.000000  0.000000  0.000000  0.000000  1.000000  0.000000  0.000000  
133.344905 0.001053  0.090046  -0.023980  0.997743  0.066123  -0.011668  -0.066032  0.997785  0.008066  0.012175  -0.007277  0.999899  0.000397  -0.000224  0.000266  0.000000  0.000000  0.000000  2.000000  1.000000  0.000000  0.000000  0.000000  1.000000  0.000000  0.000000  0.000000  1.000000  0.999999  0.001233  0.000277  -0.001233  0.999999  0.000015  -0.000277  -0.000015  1.000000  1.000000  0.000000  0.000000  0.000000  1.000000  0.000000  0.000000  0.000000  1.000000  1.000000  0.000000  0.000000  0.000000  1.000000  0.000000  0.000000  0.000000  1.000000  0.000000  0.000000  
133.346156 0.001054  0.090043  -0.023980  0.997728  0.066330  -0.011800  -0.066237  0.997771  0.008077  0.012309  -0.007277  0.999898  0.000367  -0.000515  0.000179  0.000000  0.000000  0.000000  2.000000  1.000000  0.000000  0.000000  0.000000  1.000000  0.000000  0.000000  0.000000  1.000000  0.999999  0.001645  0.000280  -0.001645  0.999999  0.000020  -0.000280  -0.000021  1.000000  1.000000  0.000000  0.000000  0.000000  1.000000  0.000000  0.000000  0.000000  1.000000  1.000000  0.000000  0.000000  0.000000  1.000000  0.000000  0.000000  0.000000  1.000000  0.000000  0.000000  
133.347156 0.001054  0.090040  -0.023980  0.997701  0.066742  -0.011788  -0.066648  0.997743  0.008203  0.012309  -0.007398  0.999897  0.000359  -0.000716  0.000192  0.000000  0.000000  0.000000  2.000000  1.000000  0.000000  0.000000  0.000000  1.000000  0.000000  0.000000  0.000000  1.000000  0.999998  0.001852  0.000148  -0.001852  0.999998  0.000144  -0.000147  -0.000144  1.000000  1.000000  0.000000  0.000000  0.000000  1.000000  0.000000  0.000000  0.000000  1.000000  1.000000  0.000000  0.000000  0.000000  1.000000  0.000000  0.000000  0.000000  1.000000  0.000000  0.000000  
133.348156 0.001055  0.090038  -0.023979  0.997671  0.067154  -0.011918  -0.067058  0.997715  0.008217  0.012443  -0.007398  0.999895  0.000386  -0.000893  0.000221  0.000000  0.000000  0.000000  2.000000  1.000000  0.000000  0.000000  0.000000  1.000000  0.000000  0.000000  0.000000  1.000000  0.999997  0.002264  0.000017  -0.002264  0.999997  0.000149  -0.000016  -0.000149  1.000000  1.000000  0.000000  0.000000  0.000000  1.000000  0.000000  0.000000  0.000000  1.000000  1.000000  0.000000  0.000000  0.000000  1.000000  0.000000  0.000000  0.000000  1.000000  0.000000  0.000000  
133.349165 0.001055  0.090036  -0.023979  0.997644  0.067564  -0.011915  -0.067469  0.997687  0.008222  0.012443  -0.007398  0.999895  0.000354  -0.001085  0.000126  0.000000  0.000000  0.000000  2.000000  1.000000  0.000000  0.000000  0.000000  1.000000  0.000000  0.000000  0.000000  1.000000  0.999996  0.002882  0.000021  -0.002882  0.999996  0.000157  -0.000021  -0.000157  1.000000  1.000000  0.000000  0.000000  0.000000  1.000000  0.000000  0.000000  0.000000  1.000000  1.000000  0.000000  0.000000  0.000000  1.000000  0.000000  0.000000  0.000000  1.000000  0.000000  0.000000  
133.350420 0.001056  0.090032  -0.023981  0.997602  0.068182  -0.011902  -0.068085  0.997645  0.008350  0.012443  -0.007520  0.999894  0.000327  -0.001374  -0.000004  0.000000  0.000000  0.000000  2.000000  1.000000  0.000000  0.000000  0.000000  1.000000  0.000000  0.000000  0.000000  1.000000  0.999995  0.003295  -0.000109  -0.003295  0.999995  0.000284  0.000110  -0.000283  1.000000  1.000000  0.000000  0.000000  0.000000  1.000000  0.000000  0.000000  0.000000  1.000000  1.000000  0.000000  0.000000  0.000000  1.000000  0.000000  0.000000  0.000000  1.000000  0.000000  0.000000  
133.351661 0.001057  0.090029  -0.023982  0.997574  0.068593  -0.011898  -0.068496  0.997616  0.008355  0.012443  -0.007520  0.999894  0.000340  -0.001641  -0.000156  0.000000  0.000000  0.000000  2.000000  1.000000  0.000000  0.000000  0.000000  1.000000  0.000000  0.000000  0.000000  1.000000  0.999992  0.003912  -0.000104  -0.003912  0.999992  0.000291  0.000105  -0.000291  1.000000  1.000000  0.000000  0.000000  0.000000  1.000000  0.000000  0.000000  0.000000  1.000000  1.000000  0.000000  0.000000  0.000000  1.000000  0.000000  0.000000  0.000000  1.000000  0.000000  0.000000  
133.352907 0.001057  0.090026  -0.023982  0.997531  0.069209  -0.011893  -0.069112  0.997574  0.008362  0.012443  -0.007520  0.999894  0.000365  -0.001902  -0.000165  0.000000  0.000000  0.000000  2.000000  1.000000  0.000000  0.000000  0.000000  1.000000  0.000000  0.000000  0.000000  1.000000  0.999990  0.004530  -0.000100  -0.004530  0.999990  0.000420  0.000102  -0.000420  1.000000  1.000000  0.000000  0.000000  0.000000  1.000000  0.000000  0.000000  0.000000  1.000000  1.000000  0.000000  0.000000  0.000000  1.000000  0.000000  0.000000  0.000000  1.000000  0.000000  0.000000  
133.353908 0.001058  0.090023  -0.023982  0.997488  0.069825  -0.011888  -0.069728  0.997531  0.008370  0.012443  -0.007520  0.999894  0.000350  -0.002164  -0.000199  0.010303  -0.001279  0.172919  2.000000  1.000000  0.000000  0.000000  0.000000  1.000000  0.000000  0.000000  0.000000  1.000000  0.999988  0.004941  -0.000096  -0.004941  0.999988  0.000425  0.000099  -0.000425  1.000000  1.000000  0.000000  0.000000  0.000000  1.000000  0.000000  0.000000  0.000000  1.000000  1.000000  0.000000  0.000000  0.000000  1.000000  0.000000  0.000000  0.000000  1.000000  0.000000  0.000000  
133.355158 0.001058  0.090018  -0.023981  0.997445  0.070441  -0.011883  -0.070344  0.997488  0.008377  0.012443  -0.007520  0.999894  0.000321  -0.002521  -0.000190  0.010562  -0.001433  0.193671  2.000000  1.000000  0.000268  -0.000005  -0.000268  1.000000  0.000022  0.000005  -0.000022  1.000000  0.999985  0.005559  -0.000092  -0.005559  0.999984  0.000433  0.000094  -0.000432  1.000000  1.000000  0.000069  -0.000001  -0.000069  1.000000  0.000005  0.000001  -0.000005  1.000000  1.000000  0.000268  -0.000005  -0.000268  1.000000  0.000022  0.000005  -0.000022  1.000000  0.000047  0.005577  
133.356413 0.001058  0.090012  -0.023982  0.997414  0.070853  -0.012013  -0.070755  0.997458  0.008391  0.012577  -0.007520  0.999893  0.000296  -0.002779  -0.000185  0.010746  0.002960  0.207511  2.000000  1.000000  0.000638  -0.000012  -0.000638  1.000000  0.000049  0.000012  -0.000049  1.000000  0.999981  0.006177  -0.000221  -0.006177  0.999981  0.000441  0.000224  -0.000440  1.000000  1.000000  0.000077  -0.000003  -0.000077  1.000000  0.000006  0.000003  -0.000006  1.000000  1.000000  0.000638  -0.000012  -0.000638  1.000000  0.000049  0.000012  -0.000049  1.000000  0.000052  0.006197  
133.357656 0.001058  0.090007  -0.023980  0.997371  0.071469  -0.012008  -0.071371  0.997414  0.008399  0.012577  -0.007520  0.999893  0.000334  -0.003014  -0.000098  0.011039  0.002815  0.228950  2.000000  0.999999  0.001042  -0.000026  -0.001042  0.999999  0.000077  0.000026  -0.000077  1.000000  0.999977  0.006795  -0.000216  -0.006795  0.999977  0.000449  0.000219  -0.000448  1.000000  1.000000  0.000085  -0.000003  -0.000085  1.000000  0.000006  0.000003  -0.000006  1.000000  0.999999  0.001042  -0.000026  -0.001042  0.999999  0.000077  0.000026  -0.000077  1.000000  0.000057  0.006813  
133.358915 0.001058  0.090000  -0.023979  0.997326  0.072085  -0.012002  -0.071987  0.997370  0.008406  0.012577  -0.007520  0.999893  0.000311  -0.003266  0.000089  0.011264  0.002653  0.248982  2.000000  0.999999  0.001482  -0.000039  -0.001482  0.999999  0.000105  0.000039  -0.000105  1.000000  0.999974  0.007207  -0.000213  -0.007207  0.999974  0.000454  0.000216  -0.000453  1.000000  1.000000  0.000090  -0.000003  -0.000090  1.000000  0.000006  0.000003  -0.000006  1.000000  0.999999  0.001482  -0.000039  -0.001482  0.999999  0.000105  0.000039  -0.000105  1.000000  0.000061  0.007224  
133.360157 0.001059  0.089992  -0.023976  0.997282  0.072702  -0.011988  -0.072603  0.997324  0.008535  0.012577  -0.007641  0.999892  0.000347  -0.003548  0.000268  0.015585  0.006979  0.269834  2.000000  0.999998  0.001866  -0.000050  -0.001866  0.999998  0.000132  0.000050  -0.000132  1.000000  0.999969  0.007824  -0.000207  -0.007824  0.999969  0.000583  0.000212  -0.000582  1.000000  1.000000  0.000098  -0.000003  -0.000098  1.000000  0.000007  0.000003  -0.000007  1.000000  0.999998  0.001866  -0.000050  -0.001866  0.999998  0.000132  0.000050  -0.000132  1.000000  0.000065  0.007849  
133.361407 0.001060  0.089985  -0.023975  0.997238  0.073317  -0.011850  -0.073219  0.997279  0.008532  0.012443  -0.007641  0.999893  0.000388  -0.003879  0.000320  0.015825  0.002329  0.290582  2.000000  0.999997  0.002373  -0.000058  -0.002373  0.999997  0.000169  0.000058  -0.000169  1.000000  0.999966  0.008235  -0.000070  -0.008235  0.999966  0.000587  0.000075  -0.000587  1.000000  1.000000  0.000103  -0.000001  -0.000103  1.000000  0.000007  0.000001  -0.000007  1.000000  0.999997  0.002373  -0.000058  -0.002373  0.999997  0.000169  0.000058  -0.000169  1.000000  0.000071  0.008256  
133.362410 0.001061  0.089978  -0.023974  0.997208  0.073728  -0.011846  -0.073629  0.997249  0.008537  0.012443  -0.007641  0.999893  0.000444  -0.004091  0.000376  0.020070  0.002244  0.304375  2.000000  0.999996  0.002790  -0.000061  -0.002790  0.999996  0.000198  0.000062  -0.000198  1.000000  0.999966  0.008235  -0.000070  -0.008235  0.999966  0.000587  0.000075  -0.000587  1.000000  1.000000  0.000103  -0.000001  -0.000103  1.000000  0.000007  0.000001  -0.000007  1.000000  0.999996  0.002790  -0.000061  -0.002790  0.999996  0.000198  0.000062  -0.000198  1.000000  0.000074  0.008256  
133.363651 0.001063  0.089971  -0.023973  0.997178  0.074138  -0.011843  -0.074040  0.997219  0.008542  0.012443  -0.007641  0.999893  0.000515  -0.004393  0.000444  0.020080  0.002124  0.315675  2.000000  0.999995  0.003217  -0.000065  -0.003217  0.999995  0.000226  0.000065  -0.000226  1.000000  0.999963  0.008647  -0.000067  -0.008647  0.999963  0.000471  0.000071  -0.000471  1.000000  1.000000  0.000108  -0.000001  -0.000108  1.000000  0.000006  0.000001  -0.000006  1.000000  0.999995  0.003217  -0.000065  -0.003217  0.999995  0.000226  0.000065  -0.000226  1.000000  0.000080  0.008660  
133.364652 0.001064  0.089963  -0.023972  0.997147  0.074549  -0.011839  -0.074451  0.997188  0.008547  0.012443  -0.007641  0.999893  0.000538  -0.004694  0.000526  0.020419  0.002040  0.332155  2.000000  0.999993  0.003652  -0.000073  -0.003652  0.999993  0.000250  0.000074  -0.000250  1.000000  0.999961  0.008853  -0.000199  -0.008853  0.999961  0.000474  0.000204  -0.000472  1.000000  1.000000  0.000111  -0.000003  -0.000111  1.000000  0.000006  0.000003  -0.000006  1.000000  0.999993  0.003652  -0.000073  -0.003652  0.999993  0.000250  0.000074  -0.000250  1.000000  0.000083  0.008868  
133.365661 0.001065  0.089957  -0.023971  0.997116  0.074960  -0.011836  -0.074861  0.997157  0.008552  0.012443  -0.007641  0.999893  0.000614  -0.005003  0.000686  0.020581  0.001937  0.345842  2.000000  0.999992  0.004092  -0.000083  -0.004092  0.999992  0.000274  0.000084  -0.000273  1.000000  0.999961  0.008853  -0.000199  -0.008853  0.999961  0.000474  0.000204  -0.000472  1.000000  1.000000  0.000111  -0.000003  -0.000111  1.000000  0.000006  0.000003  -0.000006  1.000000  0.999992  0.004092  -0.000083  -0.004092  0.999992  0.000274  0.000084  -0.000273  1.000000  0.000085  0.008868  
133.366907 0.001067  0.089948  -0.023970  0.997085  0.075370  -0.011832  -0.075272  0.997126  0.008557  0.012443  -0.007641  0.999893  0.000709  -0.005316  0.000771  0.020756  0.001834  0.359724  2.000000  0.999990  0.004540  -0.000093  -0.004540  0.999990  0.000297  0.000094  -0.000297  1.000000  0.999961  0.008853  -0.000199  -0.008853  0.999961  0.000474  0.000204  -0.000472  1.000000  1.000000  0.000111  -0.000003  -0.000111  1.000000  0.000006  0.000003  -0.000006  1.000000  0.999990  0.004540  -0.000093  -0.004540  0.999990  0.000297  0.000094  -0.000297  1.000000  0.000088  0.008868  
133.367911 0.001068  0.089941  -0.023970  0.997054  0.075781  -0.011829  -0.075682  0.997095  0.008561  0.012443  -0.007641  0.999893  0.000696  -0.005664  0.000789  0.020923  0.001732  0.373498  2.000000  0.999988  0.004993  -0.000098  -0.004993  0.999987  0.000318  0.000099  -0.000318  1.000000  0.999959  0.009058  -0.000064  -0.009058  0.999959  0.000355  0.000067  -0.000354  1.000000  1.000000  0.000113  -0.000001  -0.000113  1.000000  0.000004  0.000001  -0.000004  1.000000  0.999988  0.004993  -0.000098  -0.004993  0.999987  0.000318  0.000099  -0.000318  1.000000  0.000091  0.009066  
133.369156 0.001069  0.089933  -0.023969  0.997025  0.076189  -0.011701  -0.076093  0.997065  0.008435  0.012309  -0.007520  0.999896  0.000720  -0.005974  0.000874  0.016999  -0.002843  0.387422  2.000000  0.999985  0.005556  -0.000088  -0.005556  0.999985  0.000337  0.000090  -0.000337  1.000000  0.999961  0.008850  0.000201  -0.008850  0.999961  0.000230  -0.000199  -0.000232  1.000000  1.000000  0.000111  0.000002  -0.000111  1.000000  0.000003  -0.000002  -0.000003  1.000000  0.999985  0.005556  -0.000088  -0.005556  0.999985  0.000337  0.000090  -0.000337  1.000000  0.000095  0.008856  
133.370159 0.001069  0.089925  -0.023967  0.997009  0.076394  -0.011699  -0.076298  0.997049  0.008438  0.012309  -0.007520  0.999896  0.000748  -0.006182  0.000953  0.017003  -0.002844  0.387507  2.000000  0.999982  0.005999  -0.000078  -0.005999  0.999982  0.000349  0.000080  -0.000348  1.000000  0.999961  0.008850  0.000201  -0.008850  0.999961  0.000230  -0.000199  -0.000232  1.000000  1.000000  0.000111  0.000002  -0.000111  1.000000  0.000003  -0.000002  -0.000003  1.000000  0.999982  0.005999  -0.000078  -0.005999  0.999982  0.000349  0.000080  -0.000348  1.000000  0.000097  0.008856  
133.371163 0.001069  0.089918  -0.023966  0.996979  0.076804  -0.011562  -0.076709  0.997018  0.008432  0.012175  -0.007520  0.999898  0.000767  -0.006393  0.001072  0.017059  -0.007391  0.394332  2.000000  0.999980  0.006326  -0.000068  -0.006326  0.999980  0.000357  0.000070  -0.000357  1.000000  0.999963  0.008644  0.000333  -0.008644  0.999963  0.000226  -0.000331  -0.000229  1.000000  1.000000  0.000108  0.000004  -0.000108  1.000000  0.000003  -0.000004  -0.000003  1.000000  0.999980  0.006326  -0.000068  -0.006326  0.999980  0.000357  0.000070  -0.000357  1.000000  0.000097  0.008653  
133.372411 0.001069  0.089909  -0.023965  0.996965  0.077006  -0.011436  -0.076914  0.997003  0.008303  0.012042  -0.007399  0.999900  0.000724  -0.006605  0.001063  0.008793  -0.011835  0.387302  2.000000  0.999976  0.006866  -0.000047  -0.006866  0.999976  0.000361  0.000049  -0.000360  1.000000  0.999963  0.008644  0.000332  -0.008644  0.999963  -0.000016  -0.000332  0.000013  1.000000  1.000000  0.000108  0.000004  -0.000108  1.000000  -0.000000  -0.000004  0.000000  1.000000  0.999976  0.006866  -0.000047  -0.006866  0.999976  0.000361  0.000049  -0.000360  1.000000  0.000097  0.008650  
133.373663 0.001068  0.089900  -0.023963  0.996933  0.077417  -0.011433  -0.077325  0.996971  0.008308  0.012042  -0.007399  0.999900  0.000666  -0.006775  0.001040  0.008767  -0.007339  0.387347  2.000000  0.999973  0.007388  -0.000018  -0.007388  0.999973  0.000359  0.000020  -0.000359  1.000000  0.999966  0.008231  0.000463  -0.008231  0.999966  -0.000022  -0.000463  0.000019  1.000000  1.000000  0.000103  0.000006  -0.000103  1.000000  -0.000000  -0.000006  0.000000  1.000000  0.999973  0.007388  -0.000018  -0.007388  0.999973  0.000359  0.000020  -0.000359  1.000000  0.000096  0.008244  
133.374906 0.001067  0.089891  -0.023961  0.996919  0.077621  -0.011298  -0.077530  0.996955  0.008300  0.011908  -0.007399  0.999902  0.000531  -0.006871  0.001009  0.008742  -0.011836  0.387362  2.000000  0.999969  0.007892  0.000014  -0.007892  0.999969  0.000358  -0.000012  -0.000358  1.000000  0.999968  0.008024  0.000595  -0.008024  0.999968  -0.000026  -0.000595  0.000021  1.000000  1.000000  0.000100  0.000007  -0.000100  1.000000  -0.000000  -0.000007  0.000000  1.000000  0.999969  0.007892  0.000014  -0.007892  0.999969  0.000358  -0.000012  -0.000358  1.000000  0.000097  0.008046  
133.375910 0.001065  0.089884  -0.023960  0.996903  0.077825  -0.011306  -0.077735  0.996940  0.008181  0.011908  -0.007277  0.999903  0.000388  -0.006963  0.001017  0.004692  -0.016309  0.387328  2.000000  0.999966  0.008278  0.000044  -0.008278  0.999966  0.000352  -0.000041  -0.000352  1.000000  0.999971  0.007612  0.000591  -0.007612  0.999971  -0.000152  -0.000592  0.000148  1.000000  1.000000  0.000095  0.000007  -0.000095  1.000000  -0.000002  -0.000007  0.000002  1.000000  0.999966  0.008278  0.000044  -0.008278  0.999966  0.000352  -0.000041  -0.000352  1.000000  0.000096  0.007637  
133.377157 0.001064  0.089875  -0.023959  0.996888  0.078029  -0.011171  -0.077941  0.996925  0.008173  0.011774  -0.007277  0.999904  0.000187  -0.007036  0.001033  0.000531  -0.025282  0.380446  2.000000  0.999962  0.008736  0.000084  -0.008736  0.999962  0.000342  -0.000081  -0.000342  1.000000  0.999974  0.007199  0.000856  -0.007199  0.999974  -0.000158  -0.000857  0.000152  1.000000  1.000000  0.000090  0.000011  -0.000090  1.000000  -0.000002  -0.000011  0.000002  1.000000  0.999962  0.008736  0.000084  -0.008736  0.999962  0.000342  -0.000081  -0.000342  1.000000  0.000095  0.007251  
133.378406 0.001062  0.089866  -0.023957  0.996872  0.078233  -0.011178  -0.078146  0.996909  0.008055  0.011774  -0.007156  0.999905  0.000020  -0.007058  0.001014  -0.003683  -0.024947  0.363522  2.000000  0.999958  0.009173  0.000137  -0.009173  0.999958  0.000328  -0.000134  -0.000330  1.000000  0.999977  0.006787  0.000852  -0.006787  0.999977  -0.000284  -0.000854  0.000278  1.000000  1.000000  0.000085  0.000011  -0.000085  1.000000  -0.000004  -0.000011  0.000004  1.000000  0.999958  0.009173  0.000137  -0.009173  0.999958  0.000328  -0.000134  -0.000330  1.000000  0.000093  0.006846  
133.379408 0.001061  0.089860  -0.023956  0.996856  0.078438  -0.011177  -0.078351  0.996893  0.008057  0.011774  -0.007156  0.999905  -0.000179  -0.007031  0.001031  -0.003766  -0.024900  0.356699  2.000000  0.999956  0.009424  0.000169  -0.009425  0.999956  0.000317  -0.000166  -0.000319  1.000000  0.999977  0.006787  0.000852  -0.006787  0.999977  -0.000284  -0.000854  0.000278  1.000000  1.000000  0.000085  0.000011  -0.000085  1.000000  -0.000004  -0.000011  0.000004  1.000000  0.999956  0.009424  0.000169  -0.009425  0.999956  0.000317  -0.000166  -0.000319  1.000000  0.000091  0.006846  
133.380657 0.001059  0.089852  -0.023955  0.996842  0.078641  -0.011051  -0.078556  0.996878  0.007928  0.011640  -0.007035  0.999908  -0.000375  -0.007010  0.001076  -0.011959  -0.029308  0.349778  2.000000  0.999952  0.009823  0.000227  -0.009823  0.999952  0.000294  -0.000224  -0.000297  1.000000  0.999980  0.006169  0.000980  -0.006168  0.999981  -0.000535  -0.000984  0.000529  0.999999  1.000000  0.000077  0.000012  -0.000077  1.000000  -0.000007  -0.000012  0.000007  1.000000  0.999952  0.009823  0.000227  -0.009823  0.999952  0.000294  -0.000224  -0.000297  1.000000  0.000088  0.006269  
133.381903 0.001057  0.089843  -0.023953  0.996826  0.078847  -0.011050  -0.078762  0.996862  0.007930  0.011640  -0.007035  0.999908  -0.000656  -0.007006  0.001122  -0.012126  -0.029211  0.336091  2.000000  0.999948  0.010193  0.000285  -0.010193  0.999948  0.000260  -0.000282  -0.000263  1.000000  0.999983  0.005758  0.000844  -0.005758  0.999983  -0.000540  -0.000847  0.000535  0.999999  1.000000  0.000072  0.000011  -0.000072  1.000000  -0.000007  -0.000011  0.000007  1.000000  0.999948  0.010193  0.000285  -0.010193  0.999948  0.000260  -0.000282  -0.000263  1.000000  0.000086  0.005844  
133.382905 0.001055  0.089836  -0.023952  0.996811  0.079050  -0.010924  -0.078967  0.996847  0.007801  0.011506  -0.006913  0.999910  -0.000850  -0.007005  0.001180  -0.016273  -0.033598  0.329158  2.000000  0.999945  0.010471  0.000332  -0.010471  0.999945  0.000230  -0.000329  -0.000233  1.000000  0.999985  0.005346  0.000974  -0.005345  0.999985  -0.000666  -0.000977  0.000661  0.999999  1.000000  0.000067  0.000012  -0.000067  1.000000  -0.000008  -0.000012  0.000008  1.000000  0.999945  0.010471  0.000332  -0.010471  0.999945  0.000230  -0.000329  -0.000233  1.000000  0.000082  0.005474  
133.384160 0.001052  0.089828  -0.023951  0.996812  0.079049  -0.010791  -0.078967  0.996847  0.007790  0.011373  -0.006913  0.999911  -0.001144  -0.006980  0.001150  -0.016761  -0.038177  0.304204  2.000000  0.999942  0.010735  0.000382  -0.010735  0.999942  0.000196  -0.000380  -0.000200  1.000000  0.999987  0.004933  0.001105  -0.004932  0.999988  -0.000672  -0.001108  0.000666  0.999999  1.000000  0.000000  0.000000  0.000000  1.000000  0.000000  0.000000  0.000000  1.000000  0.999942  0.010735  0.000382  -0.010735  0.999942  0.000196  -0.000380  -0.000200  1.000000  0.000078  0.000000  
133.385423 0.001049  0.089819  -0.023952  0.996798  0.079252  -0.010665  -0.079172  0.996831  0.007661  0.011239  -0.006792  0.999914  -0.001381  -0.006979  0.001000  -0.021010  -0.042532  0.290167  2.000000  0.999942  0.010735  0.000382  -0.010735  0.999942  0.000196  -0.000380  -0.000200  1.000000  0.999988  0.004727  0.001103  -0.004726  0.999989  -0.000795  -0.001106  0.000790  0.999999  1.000000  0.000000  0.000000  0.000000  1.000000  0.000000  0.000000  0.000000  1.000000  0.999942  0.010735  0.000382  -0.010735  0.999942  0.000196  -0.000380  -0.000200  1.000000  0.000075  0.000000  
133.386656 0.001045  0.089810  -0.023952  0.996781  0.079456  -0.010674  -0.079378  0.996816  0.007542  0.011239  -0.006671  0.999915  -0.001578  -0.006939  0.000898  -0.024954  -0.046598  0.281033  2.000000  0.999942  0.010735  0.000382  -0.010735  0.999942  0.000196  -0.000380  -0.000200  1.000000  0.999989  0.004521  0.001234  -0.004520  0.999989  -0.000920  -0.001239  0.000914  0.999999  1.000000  0.000000  0.000000  0.000000  1.000000  0.000000  0.000000  0.000000  1.000000  0.999942  0.010735  0.000382  -0.010735  0.999942  0.000196  -0.000380  -0.000200  1.000000  0.000073  0.000000  
133.387656 0.001043  0.089804  -0.023952  0.996766  0.079660  -0.010539  -0.079583  0.996800  0.007534  0.011105  -0.006671  0.999916  -0.001743  -0.006921  0.000794  -0.025053  -0.051006  0.274125  2.000000  0.999942  0.010735  0.000382  -0.010735  0.999942  0.000196  -0.000380  -0.000200  1.000000  0.999990  0.004315  0.001233  -0.004314  0.999990  -0.000922  -0.001237  0.000917  0.999999  1.000000  0.000000  0.000000  0.000000  1.000000  0.000000  0.000000  0.000000  1.000000  0.999942  0.010735  0.000382  -0.010735  0.999942  0.000196  -0.000380  -0.000200  1.000000  0.000070  0.000000  
133.388909 0.001039  0.089795  -0.023953  0.996750  0.079865  -0.010537  -0.079788  0.996783  0.007536  0.011105  -0.006671  0.999916  -0.001899  -0.006900  0.000651  -0.025220  -0.050918  0.260449  2.000000  0.999942  0.010735  0.000382  -0.010735  0.999942  0.000196  -0.000380  -0.000200  1.000000  0.999991  0.004109  0.001232  -0.004108  0.999991  -0.000925  -0.001236  0.000920  0.999999  1.000000  0.000000  0.000000  0.000000  1.000000  0.000000  0.000000  0.000000  1.000000  0.999942  0.010735  0.000382  -0.010735  0.999942  0.000196  -0.000380  -0.000200  1.000000  0.000067  0.000000  
133.389910 0.001037  0.089789  -0.023953  0.996751  0.079863  -0.010413  -0.079788  0.996784  0.007405  0.010971  -0.006550  0.999918  -0.002021  -0.006832  0.000501  -0.033840  -0.055681  0.241772  2.000000  0.999942  0.010735  0.000382  -0.010735  0.999942  0.000196  -0.000380  -0.000200  1.000000  0.999992  0.003697  0.001229  -0.003696  0.999993  -0.000929  -0.001232  0.000925  0.999999  1.000000  0.000000  0.000000  0.000000  1.000000  0.000000  0.000000  0.000000  1.000000  0.999942  0.010735  0.000382  -0.010735  0.999942  0.000196  -0.000380  -0.000200  1.000000  0.000064  0.000000  
133.391154 0.001033  0.089780  -0.023954  0.996735  0.080068  -0.010412  -0.079993  0.996768  0.007407  0.010971  -0.006550  0.999918  -0.002157  -0.006767  0.000366  -0.033659  -0.050716  0.232961  2.000000  0.999942  0.010735  0.000382  -0.010735  0.999942  0.000196  -0.000380  -0.000200  1.000000  0.999993  0.003492  0.001227  -0.003490  0.999993  -0.000932  -0.001230  0.000928  0.999999  1.000000  0.000000  0.000000  0.000000  1.000000  0.000000  0.000000  0.000000  1.000000  0.999942  0.010735  0.000382  -0.010735  0.999942  0.000196  -0.000380  -0.000200  1.000000  0.000061  0.000000  
133.392160 0.001030  0.089774  -0.023955  0.996720  0.080273  -0.010277  -0.080199  0.996751  0.007398  0.010837  -0.006550  0.999920  -0.002253  -0.006696  0.000255  -0.034116  -0.055537  0.221029  2.000000  0.999942  0.010735  0.000382  -0.010735  0.999942  0.000196  -0.000380  -0.000200  1.000000  0.999993  0.003491  0.001361  -0.003489  0.999993  -0.000932  -0.001364  0.000928  0.999999  1.000000  0.000000  0.000000  0.000000  1.000000  0.000000  0.000000  0.000000  1.000000  0.999942  0.010735  0.000382  -0.010735  0.999942  0.000196  -0.000380  -0.000200  1.000000  0.000059  0.000000  
133.393402 0.001027  0.089767  -0.023956  0.996703  0.080478  -0.010275  -0.080404  0.996735  0.007400  0.010837  -0.006550  0.999920  -0.002355  -0.006615  0.000122  -0.033919  -0.055037  0.212371  2.000000  0.999942  0.010735  0.000382  -0.010735  0.999942  0.000196  -0.000380  -0.000200  1.000000  0.999995  0.003080  0.001224  -0.003079  0.999995  -0.000816  -0.001227  0.000812  0.999999  1.000000  0.000000  0.000000  0.000000  1.000000  0.000000  0.000000  0.000000  1.000000  0.999942  0.010735  0.000382  -0.010735  0.999942  0.000196  -0.000380  -0.000200  1.000000  0.000054  0.000000  
133.394405 0.001025  0.089762  -0.023955  0.996705  0.080477  -0.010142  -0.080404  0.996735  0.007389  0.010704  -0.006550  0.999921  -0.002420  -0.006546  0.000077  -0.034088  -0.059394  0.198594  2.000000  0.999942  0.010735  0.000382  -0.010735  0.999942  0.000196  -0.000380  -0.000200  1.000000  0.999994  0.003079  0.001358  -0.003078  0.999995  -0.000816  -0.001361  0.000812  0.999999  1.000000  0.000000  0.000000  0.000000  1.000000  0.000000  0.000000  0.000000  1.000000  0.999942  0.010735  0.000382  -0.010735  0.999942  0.000196  -0.000380  -0.000200  1.000000  0.000054  0.000000  
133.395654 0.001022  0.089755  -0.023955  0.996688  0.080681  -0.010150  -0.080609  0.996719  0.007271  0.010704  -0.006428  0.999922  -0.002492  -0.006432  -0.000022  -0.038219  -0.059346  0.191773  2.000000  0.999942  0.010735  0.000382  -0.010735  0.999942  0.000196  -0.000380  -0.000200  1.000000  0.999995  0.003080  0.001224  -0.003079  0.999995  -0.000816  -0.001227  0.000812  0.999999  1.000000  0.000000  0.000000  0.000000  1.000000  0.000000  0.000000  0.000000  1.000000  0.999942  0.010735  0.000382  -0.010735  0.999942  0.000196  -0.000380  -0.000200  1.000000  0.000053  0.000000  
133.396906 0.001020  0.089749  -0.023955  0.996690  0.080680  -0.010017  -0.080609  0.996719  0.007260  0.010570  -0.006428  0.999923  -0.002500  -0.006260  -0.000113  -0.038381  -0.063695  0.177972  2.000000  0.999942  0.010735  0.000382  -0.010735  0.999942  0.000196  -0.000380  -0.000200  1.000000  0.999995  0.002873  0.001357  -0.002872  0.999996  -0.000819  -0.001359  0.000815  0.999999  1.000000  0.000000  0.000000  0.000000  1.000000  0.000000  0.000000  0.000000  1.000000  0.999942  0.010735  0.000382  -0.010735  0.999942  0.000196  -0.000380  -0.000200  1.000000  0.000050  0.000000  
133.398156 0.001017  0.089743  -0.023955  0.996673  0.080885  -0.010016  -0.080815  0.996703  0.007262  0.010570  -0.006428  0.999923  -0.002505  -0.006111  -0.000188  -0.038474  -0.059191  0.171154  2.000000  0.999942  0.010735  0.000382  -0.010735  0.999942  0.000196  -0.000380  -0.000200  1.000000  0.999995  0.002874  0.001223  -0.002873  0.999996  -0.000819  -0.001225  0.000815  0.999999  1.000000  0.000000  0.000000  0.000000  1.000000  0.000000  0.000000  0.000000  1.000000  0.999942  0.010735  0.000382  -0.010735  0.999942  0.000196  -0.000380  -0.000200  1.000000  0.000047  0.000000  
133.399406 0.001015  0.089737  -0.023954  0.996675  0.080883  -0.009892  -0.080815  0.996704  0.007130  0.010436  -0.006307  0.999926  -0.002465  -0.005904  -0.000179  0.000000  0.000000  0.000000  2.000000  0.999942  0.010735  0.000382  -0.010735  0.999942  0.000196  -0.000380  -0.000200  1.000000  0.999996  0.002668  0.001355  -0.002667  0.999996  -0.000821  -0.001357  0.000818  0.999999  1.000000  0.000000  0.000000  0.000000  1.000000  0.000000  0.000000  0.000000  1.000000  0.999942  0.010735  0.000382  -0.010735  0.999942  0.000196  -0.000380  -0.000200  1.000000  0.000000  0.000000  
133.400408 0.001013  0.089733  -0.023954  0.996659  0.081087  -0.009757  -0.081020  0.996687  0.007121  0.010302  -0.006307  0.999927  -0.002391  -0.005766  -0.000187  0.000000  0.000000  0.000000  2.000000  0.999942  0.010735  0.000382  -0.010735  0.999942  0.000196  -0.000380  -0.000200  1.000000  0.999996  0.002668  0.001221  -0.002667  0.999996  -0.000821  -0.001223  0.000818  0.999999  1.000000  0.000000  0.000000  0.000000  1.000000  0.000000  0.000000  0.000000  1.000000  0.999942  0.010735  0.000382  -0.010735  0.999942  0.000196  -0.000380  -0.000200  1.000000  0.000000  0.000000  
133.401657 0.001011  0.089727  -0.023954  0.996643  0.081293  -0.009756  -0.081225  0.996670  0.007123  0.010302  -0.006307  0.999927  -0.002270  -0.005502  -0.000164  0.000000  0.000000  0.000000  2.000000  0.999942  0.010735  0.000382  -0.010735  0.999942  0.000196  -0.000380  -0.000200  1.000000  0.999996  0.002462  0.001354  -0.002461  0.999997  -0.000702  -0.001355  0.000699  0.999999  1.000000  0.000000  0.000000  0.000000  1.000000  0.000000  0.000000  0.000000  1.000000  0.999942  0.010735  0.000382  -0.010735  0.999942  0.000196  -0.000380  -0.000200  1.000000  0.000000  0.000000  
133.402664 0.001010  0.089723  -0.023953  0.996644  0.081292  -0.009622  -0.081225  0.996670  0.007113  0.010169  -0.006307  0.999928  -0.002149  -0.005306  -0.000059  0.000000  0.000000  0.000000  2.000000  0.999942  0.010735  0.000382  -0.010735  0.999942  0.000196  -0.000380  -0.000200  1.000000  0.999996  0.002461  0.001487  -0.002460  0.999997  -0.000703  -0.001489  0.000699  0.999999  1.000000  0.000000  0.000000  0.000000  1.000000  0.000000  0.000000  0.000000  1.000000  0.999942  0.010735  0.000382  -0.010735  0.999942  0.000196  -0.000380  -0.000200  1.000000  0.000000  0.000000  
133.403909 0.001009  0.089719  -0.023952  0.996644  0.081291  -0.009632  -0.081225  0.996671  0.006992  0.010169  -0.006186  0.999929  -0.002006  -0.005066  0.000056  0.000000  0.000000  0.000000  2.000000  0.999942  0.010735  0.000382  -0.010735  0.999942  0.000196  -0.000380  -0.000200  1.000000  0.999997  0.002256  0.001352  -0.002255  0.999997  -0.000705  -0.001354  0.000702  0.999999  1.000000  0.000000  0.000000  0.000000  1.000000  0.000000  0.000000  0.000000  1.000000  0.999942  0.010735  0.000382  -0.010735  0.999942  0.000196  -0.000380  -0.000200  1.000000  0.000000  0.000000  
133.405162 0.001009  0.089714  -0.023951  0.996628  0.081495  -0.009497  -0.081431  0.996655  0.006983  0.010035  -0.006186  0.999931  -0.001817  -0.004853  0.000204  0.000000  0.000000  0.000000  2.000000  0.999942  0.010735  0.000382  -0.010735  0.999942  0.000196  -0.000380  -0.000200  1.000000  0.999997  0.002256  0.001352  -0.002255  0.999997  -0.000584  -0.001353  0.000581  0.999999  1.000000  0.000000  0.000000  0.000000  1.000000  0.000000  0.000000  0.000000  1.000000  0.999942  0.010735  0.000382  -0.010735  0.999942  0.000196  -0.000380  -0.000200  1.000000  0.000000  0.000000  
133.406407 0.001008  0.089710  -0.023950  0.996630  0.081494  -0.009364  -0.081431  0.996655  0.006972  0.009901  -0.006186  0.999932  -0.001623  -0.004588  0.000259  0.000000  0.000000  0.000000  2.000000  0.999942  0.010735  0.000382  -0.010735  0.999942  0.000196  -0.000380  -0.000200  1.000000  0.999997  0.002050  0.001351  -0.002049  0.999998  -0.000586  -0.001352  0.000583  0.999999  1.000000  0.000000  0.000000  0.000000  1.000000  0.000000  0.000000  0.000000  1.000000  0.999942  0.010735  0.000382  -0.010735  0.999942  0.000196  -0.000380  -0.000200  1.000000  0.000000  0.000000  
133.407677 0.001007  0.089705  -0.023950  0.996613  0.081700  -0.009353  -0.081636  0.996637  0.007095  0.009901  -0.006307  0.999931  -0.001410  -0.004367  0.000327  0.000000  0.000000  0.000000  2.000000  0.999942  0.010735  0.000382  -0.010735  0.999942  0.000196  -0.000380  -0.000200  1.000000  0.999997  0.002050  0.001351  -0.002050  0.999998  -0.000344  -0.001352  0.000341  0.999999  1.000000  0.000000  0.000000  0.000000  1.000000  0.000000  0.000000  0.000000  1.000000  0.999942  0.010735  0.000382  -0.010735  0.999942  0.000196  -0.000380  -0.000200  1.000000  0.000000  0.000000  
133.408908 0.001008  0.089702  -0.023949  0.996614  0.081700  -0.009219  -0.081636  0.996637  0.007084  0.009767  -0.006307  0.999932  -0.001211  -0.004156  0.000436  0.000000  0.000000  0.000000  2.000000  0.999942  0.010735  0.000382  -0.010735  0.999942  0.000196  -0.000380  -0.000200  1.000000  0.999997  0.002050  0.001351  -0.002050  0.999998  -0.000344  -0.001352  0.000341  0.999999  1.000000  0.000000  0.000000  0.000000  1.000000  0.000000  0.000000  0.000000  1.000000  0.999942  0.010735  0.000382  -0.010735  0.999942  0.000196  -0.000380  -0.000200  1.000000  0.000000  0.000000  
133.410156 0.001008  0.089698  -0.023949  0.996599  0.081904  -0.009085  -0.081841  0.996620  0.007075  0.009633  -0.006307  0.999934  -0.001011  -0.003995  0.000445  0.000000  0.000000  0.000000  2.000000  0.999942  0.010735  0.000382  -0.010735  0.999942  0.000196  -0.000380  -0.000200  1.000000  0.999997  0.002049  0.001485  -0.002049  0.999998  -0.000223  -0.001485  0.000220  0.999999  1.000000  0.000000  0.000000  0.000000  1.000000  0.000000  0.000000  0.000000  1.000000  0.999942  0.010735  0.000382  -0.010735  0.999942  0.000196  -0.000380  -0.000200  1.000000  0.000000  0.000000  
133.411407 0.001008  0.089694  -0.023947  0.996599  0.081905  -0.009075  -0.081841  0.996619  0.007196  0.009633  -0.006428  0.999933  -0.000836  -0.003810  0.000496  0.000000  0.000000  0.000000  2.000000  0.999942  0.010735  0.000382  -0.010735  0.999942  0.000196  -0.000380  -0.000200  1.000000  0.999997  0.001844  0.001350  -0.001844  0.999998  -0.000103  -0.001350  0.000101  0.999999  1.000000  0.000000  0.000000  0.000000  1.000000  0.000000  0.000000  0.000000  1.000000  0.999942  0.010735  0.000382  -0.010735  0.999942  0.000196  -0.000380  -0.000200  1.000000  0.000000  0.000000  
133.412653 0.001009  0.089691  -0.023946  0.996600  0.081904  -0.008941  -0.081841  0.996619  0.007185  0.009500  -0.006428  0.999934  -0.000581  -0.003620  0.000596  0.000000  0.000000  0.000000  2.000000  0.999942  0.010735  0.000382  -0.010735  0.999942  0.000196  -0.000380  -0.000200  1.000000  0.999998  0.001638  0.001349  -0.001638  0.999999  -0.000106  -0.001349  0.000103  0.999999  1.000000  0.000000  0.000000  0.000000  1.000000  0.000000  0.000000  0.000000  1.000000  0.999942  0.010735  0.000382  -0.010735  0.999942  0.000196  -0.000380  -0.000200  1.000000  0.000000  0.000000  
133.413906 0.001010  0.089688  -0.023944  0.996584  0.082109  -0.008807  -0.082047  0.996603  0.007175  0.009366  -0.006428  0.999935  -0.000374  -0.003408  0.000663  0.000000  0.000000  0.000000  2.000000  0.999942  0.010735  0.000382  -0.010735  0.999942  0.000196  -0.000380  -0.000200  1.000000  0.999997  0.001843  0.001484  -0.001843  0.999998  -0.000104  -0.001484  0.000101  0.999999  1.000000  0.000000  0.000000  0.000000  1.000000  0.000000  0.000000  0.000000  1.000000  0.999942  0.010735  0.000382  -0.010735  0.999942  0.000196  -0.000380  -0.000200  1.000000  0.000000  0.000000  
133.415155 0.001011  0.089686  -0.023942  0.996586  0.082108  -0.008673  -0.082047  0.996603  0.007164  0.009232  -0.006428  0.999937  -0.000137  -0.003196  0.000794  0.000000  0.000000  0.000000  2.000000  0.999942  0.010735  0.000382  -0.010735  0.999942  0.000196  -0.000380  -0.000200  1.000000  0.999998  0.001637  0.001482  -0.001637  0.999999  -0.000106  -0.001483  0.000104  0.999999  1.000000  0.000000  0.000000  0.000000  1.000000  0.000000  0.000000  0.000000  1.000000  0.999942  0.010735  0.000382  -0.010735  0.999942  0.000196  -0.000380  -0.000200  1.000000  0.000000  0.000000  
