1-Time 2-Px 3-Py 4-Pz 5-R11 6-R21 7-R31 8-R12 9-R22 10-R32 11-R13 12-R23 13-R33 14-Vx 15-Vy 16-Vz 17-Wx 18-Wy 19-Wz 20-state 21-PR11 22-PR21 23-PR31 24-PR12 25-PR22 26-PR32 27-PR13 28-PR23 29-PR33 
32.240441 0.001751  0.091113  -0.011175  0.997016  0.075110  -0.017797  -0.075266  0.997129  -0.008266  0.017125  0.009581  0.999807  0.000149  0.000115  -0.000038  0.000000  0.000000  0.000000  2.000000  1.000000  0.000000  0.000000  0.000000  1.000000  0.000000  0.000000  0.000000  1.000000  1.000000  0.000207  0.000132  -0.000207  1.000000  0.000004  -0.000132  -0.000004  1.000000  1.000000  0.000000  0.000000  0.000000  1.000000  0.000000  0.000000  0.000000  1.000000  0.666491  0.451518  0.593230  -0.554377  0.832198  -0.010561  -0.498453  -0.321834  0.804964  0.000000  0.000000  
32.241446 0.001751  0.091113  -0.011175  0.997016  0.075110  -0.017797  -0.075266  0.997129  -0.008266  0.017125  0.009581  0.999807  0.000120  0.000092  -0.000058  0.000000  0.000000  0.000000  2.000000  1.000000  0.000000  0.000000  0.000000  1.000000  0.000000  0.000000  0.000000  1.000000  1.000000  0.000207  0.000132  -0.000207  1.000000  0.000004  -0.000132  -0.000004  1.000000  1.000000  0.000000  0.000000  0.000000  1.000000  0.000000  0.000000  0.000000  1.000000  1.000000  0.000000  0.000000  0.000000  1.000000  0.000000  0.000000  0.000000  1.000000  0.000000  0.000000  
32.242453 0.001751  0.091112  -0.011176  0.996985  0.075521  -0.017801  -0.075677  0.997098  -0.008259  0.017125  0.009581  0.999807  0.000075  -0.000006  -0.000078  0.000000  0.000000  0.000000  2.000000  1.000000  0.000000  0.000000  0.000000  1.000000  0.000000  0.000000  0.000000  1.000000  1.000000  0.000413  0.000130  -0.000413  1.000000  0.000007  -0.000130  -0.000007  1.000000  1.000000  0.000000  0.000000  0.000000  1.000000  0.000000  0.000000  0.000000  1.000000  1.000000  0.000000  0.000000  0.000000  1.000000  0.000000  0.000000  0.000000  1.000000  0.000000  0.000000  
32.243702 0.001750  0.091110  -0.011176  0.996954  0.075932  -0.017804  -0.076087  0.997067  -0.008251  0.017125  0.009581  0.999807  0.000044  -0.000149  -0.000079  0.000000  0.000000  0.000000  2.000000  1.000000  0.000000  0.000000  0.000000  1.000000  0.000000  0.000000  0.000000  1.000000  0.999999  0.001030  0.000124  -0.001030  0.999999  0.000018  -0.000124  -0.000018  1.000000  1.000000  0.000000  0.000000  0.000000  1.000000  0.000000  0.000000  0.000000  1.000000  1.000000  0.000000  0.000000  0.000000  1.000000  0.000000  0.000000  0.000000  1.000000  0.000000  0.000000  
32.244949 0.001750  0.091107  -0.011177  0.996923  0.076342  -0.017808  -0.076498  0.997036  -0.008244  0.017125  0.009581  0.999807  0.000011  -0.000366  -0.000117  0.000000  0.000000  0.000000  2.000000  1.000000  0.000000  0.000000  0.000000  1.000000  0.000000  0.000000  0.000000  1.000000  0.999999  0.001442  0.000120  -0.001442  0.999999  0.000025  -0.000120  -0.000025  1.000000  1.000000  0.000000  0.000000  0.000000  1.000000  0.000000  0.000000  0.000000  1.000000  1.000000  0.000000  0.000000  0.000000  1.000000  0.000000  0.000000  0.000000  1.000000  0.000000  0.000000  
32.246200 0.001750  0.091104  -0.011177  0.996891  0.076753  -0.017811  -0.076908  0.997004  -0.008237  0.017125  0.009581  0.999807  0.000040  -0.000533  -0.000116  0.000000  0.000000  0.000000  2.000000  1.000000  0.000000  0.000000  0.000000  1.000000  0.000000  0.000000  0.000000  1.000000  0.999999  0.001648  0.000118  -0.001648  0.999999  0.000028  -0.000118  -0.000028  1.000000  1.000000  0.000000  0.000000  0.000000  1.000000  0.000000  0.000000  0.000000  1.000000  1.000000  0.000000  0.000000  0.000000  1.000000  0.000000  0.000000  0.000000  1.000000  0.000000  0.000000  
32.247446 0.001750  0.091102  -0.011177  0.996859  0.077163  -0.017814  -0.077319  0.996972  -0.008229  0.017125  0.009581  0.999807  0.000006  -0.000750  -0.000154  0.000000  0.000000  0.000000  2.000000  1.000000  0.000000  0.000000  0.000000  1.000000  0.000000  0.000000  0.000000  1.000000  0.999998  0.002060  0.000114  -0.002060  0.999998  0.000035  -0.000114  -0.000036  1.000000  1.000000  0.000000  0.000000  0.000000  1.000000  0.000000  0.000000  0.000000  1.000000  1.000000  0.000000  0.000000  0.000000  1.000000  0.000000  0.000000  0.000000  1.000000  0.000000  0.000000  
32.248448 0.001751  0.091100  -0.011176  0.996825  0.077572  -0.017951  -0.077729  0.996941  -0.008212  0.017259  0.009581  0.999805  0.000026  -0.000839  -0.000082  0.000000  0.000000  0.000000  2.000000  1.000000  0.000000  0.000000  0.000000  1.000000  0.000000  0.000000  0.000000  1.000000  0.999996  0.002676  -0.000026  -0.002676  0.999996  0.000046  0.000026  -0.000046  1.000000  1.000000  0.000000  0.000000  0.000000  1.000000  0.000000  0.000000  0.000000  1.000000  1.000000  0.000000  0.000000  0.000000  1.000000  0.000000  0.000000  0.000000  1.000000  0.000000  0.000000  
32.249697 0.001751  0.091098  -0.011177  0.996758  0.078392  -0.018091  -0.078550  0.996877  -0.008186  0.017393  0.009581  0.999803  0.000039  -0.000960  -0.000100  0.000000  0.000000  0.000000  2.000000  1.000000  0.000000  0.000000  0.000000  1.000000  0.000000  0.000000  0.000000  1.000000  0.999995  0.003291  -0.000299  -0.003291  0.999995  0.000057  0.000299  -0.000056  1.000000  1.000000  0.000000  0.000000  0.000000  1.000000  0.000000  0.000000  0.000000  1.000000  1.000000  0.000000  0.000000  0.000000  1.000000  0.000000  0.000000  0.000000  1.000000  0.000000  0.000000  
32.250944 0.001751  0.091096  -0.011178  0.996707  0.079006  -0.018230  -0.079165  0.996828  -0.008165  0.017527  0.009581  0.999800  0.000032  -0.001110  -0.000172  0.000000  0.000000  0.000000  2.000000  1.000000  0.000000  0.000000  0.000000  1.000000  0.000000  0.000000  0.000000  1.000000  0.999992  0.003907  -0.000439  -0.003907  0.999992  0.000069  0.000439  -0.000067  1.000000  1.000000  0.000000  0.000000  0.000000  1.000000  0.000000  0.000000  0.000000  1.000000  1.000000  0.000000  0.000000  0.000000  1.000000  0.000000  0.000000  0.000000  1.000000  0.000000  0.000000  
32.251946 0.001751  0.091095  -0.011179  0.996675  0.079417  -0.018233  -0.079576  0.996795  -0.008157  0.017527  0.009581  0.999800  0.000023  -0.001215  -0.000297  0.000000  0.000000  0.000000  2.000000  1.000000  0.000000  0.000000  0.000000  1.000000  0.000000  0.000000  0.000000  1.000000  0.999990  0.004524  -0.000445  -0.004524  0.999990  0.000079  0.000445  -0.000077  1.000000  1.000000  0.000000  0.000000  0.000000  1.000000  0.000000  0.000000  0.000000  1.000000  1.000000  0.000000  0.000000  0.000000  1.000000  0.000000  0.000000  0.000000  1.000000  0.000000  0.000000  
32.252946 0.001751  0.091094  -0.011181  0.996625  0.080030  -0.018248  -0.080191  0.996745  -0.008267  0.017527  0.009702  0.999799  0.000001  -0.001296  -0.000381  -0.001068  0.010665  0.172920  2.000000  1.000000  0.000000  0.000000  0.000000  1.000000  0.000000  0.000000  0.000000  1.000000  0.999988  0.004936  -0.000449  -0.004936  0.999988  -0.000035  0.000449  0.000037  1.000000  1.000000  0.000000  0.000000  0.000000  1.000000  0.000000  0.000000  0.000000  1.000000  1.000000  0.000000  0.000000  0.000000  1.000000  0.000000  0.000000  0.000000  1.000000  0.000000  0.000000  
32.253946 0.001751  0.091092  -0.011181  0.996576  0.080646  -0.018253  -0.080807  0.996696  -0.008255  0.017527  0.009702  0.999799  0.000024  -0.001392  -0.000361  -0.000707  0.010861  0.193607  2.000000  1.000000  0.000267  -0.000023  -0.000267  1.000000  -0.000001  0.000023  0.000001  1.000000  0.999984  0.005554  -0.000455  -0.005554  0.999985  -0.000024  0.000455  0.000026  1.000000  1.000000  0.000069  -0.000006  -0.000069  1.000000  -0.000000  0.000006  0.000000  1.000000  1.000000  0.000267  -0.000023  -0.000267  1.000000  -0.000001  0.000023  0.000001  1.000000  0.000047  0.005572  
32.254950 0.001751  0.091091  -0.011181  0.996542  0.081056  -0.018256  -0.081217  0.996662  -0.008248  0.017527  0.009702  0.999799  -0.000002  -0.001509  -0.000406  -0.000466  0.010993  0.207425  2.000000  1.000000  0.000563  -0.000046  -0.000563  1.000000  -0.000002  0.000046  0.000002  1.000000  0.999981  0.006171  -0.000461  -0.006171  0.999981  -0.000013  0.000461  0.000016  1.000000  1.000000  0.000077  -0.000006  -0.000077  1.000000  -0.000000  0.000006  0.000000  1.000000  1.000000  0.000563  -0.000046  -0.000563  1.000000  -0.000002  0.000046  0.000002  1.000000  0.000052  0.006188  
32.256200 0.001751  0.091088  -0.011182  0.996475  0.081877  -0.018263  -0.082038  0.996595  -0.008233  0.017527  0.009702  0.999799  -0.000030  -0.001680  -0.000480  0.000015  0.011261  0.235105  2.000000  1.000000  0.000884  -0.000069  -0.000884  1.000000  -0.000003  0.000069  0.000003  1.000000  0.999978  0.006583  -0.000465  -0.006583  0.999978  -0.000006  0.000465  0.000009  1.000000  1.000000  0.000082  -0.000006  -0.000082  1.000000  -0.000000  0.000006  0.000000  1.000000  1.000000  0.000884  -0.000069  -0.000884  1.000000  -0.000003  0.000069  0.000003  1.000000  0.000057  0.006599  
32.257205 0.001750  0.091085  -0.011184  0.996424  0.082490  -0.018278  -0.082653  0.996543  -0.008342  0.017527  0.009823  0.999798  -0.000014  -0.001808  -0.000550  -0.003699  0.011472  0.255766  2.000000  0.999999  0.001234  -0.000092  -0.001234  0.999999  -0.000003  0.000092  0.000003  1.000000  0.999974  0.007200  -0.000471  -0.007200  0.999974  0.000005  0.000471  -0.000002  1.000000  1.000000  0.000090  -0.000006  -0.000090  1.000000  0.000000  0.000006  -0.000000  1.000000  0.999999  0.001234  -0.000092  -0.001234  0.999999  -0.000003  0.000092  0.000003  1.000000  0.000062  0.007216  
32.258447 0.001750  0.091082  -0.011184  0.996373  0.083106  -0.018283  -0.083268  0.996492  -0.008331  0.017527  0.009823  0.999798  -0.000013  -0.001894  -0.000524  -0.003339  0.011677  0.276577  2.000000  0.999999  0.001710  -0.000122  -0.001710  0.999999  -0.000010  0.000122  0.000010  1.000000  0.999969  0.007818  -0.000478  -0.007818  0.999969  -0.000105  0.000477  0.000109  1.000000  1.000000  0.000098  -0.000006  -0.000098  1.000000  -0.000001  0.000006  0.000001  1.000000  0.999999  0.001710  -0.000122  -0.001710  0.999999  -0.000010  0.000122  0.000010  1.000000  0.000067  0.007833  
32.259451 0.001750  0.091078  -0.011184  0.996339  0.083516  -0.018287  -0.083679  0.996458  -0.008324  0.017527  0.009823  0.999798  0.000002  -0.001972  -0.000514  -0.003117  0.016304  0.290323  2.000000  0.999998  0.002119  -0.000146  -0.002119  0.999998  -0.000015  0.000146  0.000015  1.000000  0.999964  0.008435  -0.000484  -0.008435  0.999964  -0.000094  0.000483  0.000098  1.000000  1.000000  0.000105  -0.000006  -0.000105  1.000000  -0.000001  0.000006  0.000001  1.000000  0.999998  0.002119  -0.000146  -0.002119  0.999998  -0.000015  0.000146  0.000015  1.000000  0.000073  0.008450  
32.260698 0.001750  0.091074  -0.011184  0.996287  0.084129  -0.018302  -0.084294  0.996405  -0.008433  0.017527  0.009945  0.999797  -0.000001  -0.002075  -0.000445  -0.006834  0.016526  0.311104  2.000000  0.999996  0.002664  -0.000176  -0.002664  0.999996  -0.000023  0.000176  0.000024  1.000000  0.999959  0.009052  -0.000491  -0.009053  0.999959  -0.000205  0.000489  0.000209  1.000000  1.000000  0.000113  -0.000006  -0.000113  1.000000  -0.000003  0.000006  0.000003  1.000000  0.999996  0.002664  -0.000176  -0.002664  0.999996  -0.000023  0.000176  0.000024  1.000000  0.000078  0.009068  
32.261951 0.001751  0.091069  -0.011183  0.996217  0.084950  -0.018309  -0.085114  0.996336  -0.008418  0.017527  0.009945  0.999797  0.000045  -0.002212  -0.000392  -0.006354  0.016795  0.338745  2.000000  0.999995  0.003250  -0.000207  -0.003250  0.999995  -0.000036  0.000207  0.000036  1.000000  0.999953  0.009670  -0.000497  -0.009670  0.999953  -0.000194  0.000495  0.000199  1.000000  1.000000  0.000121  -0.000006  -0.000121  1.000000  -0.000002  0.000006  0.000002  1.000000  0.999995  0.003250  -0.000207  -0.003250  0.999995  -0.000036  0.000207  0.000036  1.000000  0.000083  0.009685  
32.263198 0.001752  0.091065  -0.011182  0.996164  0.085563  -0.018325  -0.085730  0.996282  -0.008528  0.017527  0.010066  0.999796  0.000131  -0.002400  -0.000390  -0.010070  0.017020  0.359507  2.000000  0.999993  0.003865  -0.000238  -0.003865  0.999993  -0.000048  0.000238  0.000049  1.000000  0.999951  0.009876  -0.000499  -0.009876  0.999951  -0.000190  0.000497  0.000195  1.000000  1.000000  0.000123  -0.000006  -0.000123  1.000000  -0.000002  0.000006  0.000002  1.000000  0.999993  0.003865  -0.000238  -0.003865  0.999993  -0.000048  0.000238  0.000049  1.000000  0.000088  0.009890  
32.264448 0.001754  0.091060  -0.011181  0.996111  0.086178  -0.018330  -0.086345  0.996229  -0.008516  0.017527  0.010066  0.999796  0.000196  -0.002621  -0.000323  -0.009712  0.017226  0.380288  2.000000  0.999990  0.004367  -0.000263  -0.004367  0.999990  -0.000063  0.000263  0.000064  1.000000  0.999949  0.010081  -0.000502  -0.010082  0.999949  -0.000308  0.000499  0.000313  1.000000  1.000000  0.000126  -0.000006  -0.000126  1.000000  -0.000004  0.000006  0.000004  1.000000  0.999990  0.004367  -0.000263  -0.004367  0.999990  -0.000063  0.000263  0.000064  1.000000  0.000094  0.010099  
32.265697 0.001755  0.091055  -0.011182  0.996075  0.086586  -0.018344  -0.086755  0.996192  -0.008630  0.017527  0.010187  0.999794  0.000309  -0.002805  -0.000257  -0.013667  0.017317  0.387194  2.000000  0.999987  0.005002  -0.000295  -0.005002  0.999987  -0.000087  0.000294  0.000088  1.000000  0.999947  0.010287  -0.000505  -0.010287  0.999947  -0.000426  0.000501  0.000431  1.000000  1.000000  0.000129  -0.000006  -0.000129  1.000000  -0.000005  0.000006  0.000005  1.000000  0.999987  0.005002  -0.000295  -0.005002  0.999987  -0.000087  0.000294  0.000088  1.000000  0.000097  0.010309  
32.266944 0.001756  0.091050  -0.011182  0.996040  0.086994  -0.018358  -0.087165  0.996156  -0.008743  0.017527  0.010308  0.999793  0.000359  -0.003033  -0.000173  -0.017507  0.017481  0.401114  2.000000  0.999984  0.005642  -0.000326  -0.005642  0.999984  -0.000115  0.000326  0.000117  1.000000  0.999947  0.010287  -0.000507  -0.010287  0.999947  -0.000547  0.000501  0.000552  1.000000  1.000000  0.000129  -0.000006  -0.000129  1.000000  -0.000007  0.000006  0.000007  1.000000  0.999984  0.005642  -0.000326  -0.005642  0.999984  -0.000115  0.000326  0.000117  1.000000  0.000100  0.010314  
32.267946 0.001757  0.091046  -0.011182  0.996006  0.087405  -0.018228  -0.087575  0.996119  -0.008747  0.017393  0.010309  0.999796  0.000451  -0.003188  -0.000083  -0.017153  0.013014  0.411574  2.000000  0.999981  0.006157  -0.000347  -0.006157  0.999981  -0.000143  0.000346  0.000145  1.000000  0.999947  0.010289  -0.000373  -0.010289  0.999947  -0.000548  0.000367  0.000552  1.000000  1.000000  0.000129  -0.000005  -0.000129  1.000000  -0.000007  0.000005  0.000007  1.000000  0.999981  0.006157  -0.000347  -0.006157  0.999981  -0.000143  0.000346  0.000145  1.000000  0.000102  0.010310  
32.268946 0.001758  0.091041  -0.011182  0.995970  0.087813  -0.018242  -0.087986  0.996082  -0.008860  0.017393  0.010430  0.999794  0.000464  -0.003422  -0.000084  -0.021174  0.013311  0.429655  2.000000  0.999978  0.006663  -0.000360  -0.006663  0.999978  -0.000175  0.000359  0.000177  1.000000  0.999949  0.010084  -0.000238  -0.010084  0.999949  -0.000673  0.000231  0.000675  1.000000  1.000000  0.000126  -0.000003  -0.000126  1.000000  -0.000008  0.000003  0.000008  1.000000  0.999978  0.006663  -0.000360  -0.006663  0.999978  -0.000175  0.000359  0.000177  1.000000  0.000106  0.010110  
32.269949 0.001758  0.091037  -0.011181  0.995952  0.088016  -0.018255  -0.088191  0.996063  -0.008977  0.017393  0.010551  0.999793  0.000468  -0.003581  -0.000014  -0.025085  0.013378  0.435649  2.000000  0.999974  0.007162  -0.000366  -0.007163  0.999974  -0.000211  0.000364  0.000214  1.000000  0.999951  0.009880  -0.000103  -0.009880  0.999951  -0.000798  0.000096  0.000799  1.000000  1.000000  0.000123  -0.000001  -0.000123  1.000000  -0.000010  0.000001  0.000010  1.000000  0.999974  0.007162  -0.000366  -0.007163  0.999974  -0.000211  0.000364  0.000214  1.000000  0.000108  0.009913  
32.271204 0.001758  0.091032  -0.011181  0.995918  0.088426  -0.018136  -0.088601  0.996026  -0.009103  0.017259  0.010672  0.999794  0.000499  -0.003775  0.000111  -0.028953  0.009050  0.449539  2.000000  0.999970  0.007772  -0.000364  -0.007772  0.999970  -0.000264  0.000362  0.000267  1.000000  0.999953  0.009677  0.000165  -0.009676  0.999953  -0.000924  -0.000174  0.000923  1.000000  1.000000  0.000121  0.000002  -0.000121  1.000000  -0.000012  -0.000002  0.000012  1.000000  0.999970  0.007772  -0.000364  -0.007772  0.999970  -0.000264  0.000362  0.000267  1.000000  0.000113  0.009722  
32.272451 0.001757  0.091026  -0.011181  0.995883  0.088835  -0.018017  -0.089011  0.995988  -0.009228  0.017125  0.010794  0.999795  0.000476  -0.003885  0.000199  -0.032794  0.004544  0.445986  2.000000  0.999966  0.008246  -0.000352  -0.008246  0.999966  -0.000315  0.000350  0.000318  1.000000  0.999957  0.009266  0.000302  -0.009266  0.999957  -0.001054  -0.000312  0.001051  0.999999  1.000000  0.000116  0.000004  -0.000116  1.000000  -0.000013  -0.000004  0.000013  1.000000  0.999966  0.008246  -0.000352  -0.008246  0.999966  -0.000315  0.000350  0.000318  1.000000  0.000112  0.009331  
32.273703 0.001757  0.091021  -0.011181  0.995867  0.089037  -0.017908  -0.089216  0.995967  -0.009478  0.016992  0.011036  0.999795  0.000464  -0.003999  0.000252  -0.041489  -0.000003  0.435924  2.000000  0.999961  0.008820  -0.000332  -0.008820  0.999961  -0.000383  0.000329  0.000386  1.000000  0.999959  0.009062  0.000437  -0.009062  0.999958  -0.001059  -0.000447  0.001055  0.999999  1.000000  0.000113  0.000006  -0.000113  1.000000  -0.000013  -0.000006  0.000013  1.000000  0.999961  0.008820  -0.000332  -0.008820  0.999961  -0.000383  0.000329  0.000386  1.000000  0.000111  0.009134  
32.274946 0.001756  0.091016  -0.011180  0.995833  0.089446  -0.017789  -0.089627  0.995929  -0.009603  0.016858  0.011158  0.999796  0.000377  -0.004077  0.000253  -0.045103  -0.004366  0.439238  2.000000  0.999956  0.009368  -0.000305  -0.009368  0.999956  -0.000457  0.000301  0.000460  1.000000  0.999962  0.008651  0.000440  -0.008650  0.999962  -0.001187  -0.000451  0.001183  0.999999  1.000000  0.000108  0.000006  -0.000108  1.000000  -0.000015  -0.000006  0.000015  1.000000  0.999956  0.009368  -0.000305  -0.009368  0.999956  -0.000457  0.000301  0.000460  1.000000  0.000109  0.008743  
32.275951 0.001753  0.091011  -0.011180  0.995814  0.089649  -0.017802  -0.089832  0.995910  -0.009720  0.016858  0.011279  0.999794  0.000224  -0.004149  0.000239  -0.049671  -0.004447  0.435956  2.000000  0.999952  0.009788  -0.000277  -0.009788  0.999952  -0.000523  0.000271  0.000526  1.000000  0.999968  0.008035  0.000580  -0.008034  0.999967  -0.001320  -0.000590  0.001315  0.999999  1.000000  0.000100  0.000007  -0.000100  1.000000  -0.000016  -0.000007  0.000016  1.000000  0.999952  0.009788  -0.000277  -0.009788  0.999952  -0.000523  0.000271  0.000526  1.000000  0.000109  0.008163  
32.277198 0.001751  0.091006  -0.011179  0.995798  0.089854  -0.017682  -0.090037  0.995890  -0.009849  0.016724  0.011400  0.999795  0.000037  -0.004152  0.000233  -0.053892  -0.008990  0.429064  2.000000  0.999947  0.010282  -0.000239  -0.010282  0.999947  -0.000615  0.000233  0.000617  1.000000  0.999969  0.007830  0.000714  -0.007829  0.999968  -0.001567  -0.000726  0.001561  0.999999  1.000000  0.000098  0.000009  -0.000098  1.000000  -0.000020  -0.000009  0.000020  1.000000  0.999947  0.010282  -0.000239  -0.010282  0.999947  -0.000615  0.000233  0.000617  1.000000  0.000109  0.008017  
32.278450 0.001749  0.091000  -0.011180  0.995779  0.090057  -0.017695  -0.090242  0.995870  -0.009967  0.016724  0.011521  0.999794  -0.000269  -0.004236  0.000147  -0.058148  -0.018104  0.415327  2.000000  0.999942  0.010746  -0.000195  -0.010746  0.999942  -0.000711  0.000187  0.000713  1.000000  0.999974  0.007213  0.000720  -0.007212  0.999973  -0.001577  -0.000732  0.001572  0.999998  1.000000  0.000090  0.000009  -0.000090  1.000000  -0.000020  -0.000009  0.000020  1.000000  0.999942  0.010746  -0.000195  -0.010746  0.999942  -0.000711  0.000187  0.000713  1.000000  0.000106  0.007418  
32.279697 0.001746  0.090995  -0.011180  0.995763  0.090259  -0.017585  -0.090447  0.995849  -0.010217  0.016590  0.011764  0.999793  -0.000539  -0.004283  0.000135  -0.066015  -0.022510  0.398224  2.000000  0.999938  0.011101  -0.000160  -0.011101  0.999938  -0.000794  0.000151  0.000796  1.000000  0.999975  0.007007  0.000722  -0.007006  0.999974  -0.001702  -0.000734  0.001697  0.999998  1.000000  0.000088  0.000009  -0.000088  1.000000  -0.000021  -0.000009  0.000021  1.000000  0.999938  0.011101  -0.000160  -0.011101  0.999938  -0.000794  0.000151  0.000796  1.000000  0.000102  0.007247  
32.280946 0.001743  0.090990  -0.011179  0.995744  0.090462  -0.017598  -0.090652  0.995829  -0.010334  0.016590  0.011885  0.999792  -0.000789  -0.004282  0.000171  -0.070853  -0.027320  0.387770  2.000000  0.999934  0.011519  -0.000107  -0.011519  0.999933  -0.000909  0.000096  0.000910  1.000000  0.999978  0.006597  0.000859  -0.006596  0.999977  -0.001831  -0.000871  0.001825  0.999998  1.000000  0.000082  0.000011  -0.000082  1.000000  -0.000023  -0.000011  0.000023  1.000000  0.999934  0.011519  -0.000107  -0.011519  0.999933  -0.000909  0.000096  0.000910  1.000000  0.000099  0.006900  
32.281947 0.001740  0.090985  -0.011179  0.995726  0.090665  -0.017612  -0.090857  0.995809  -0.010451  0.016590  0.012006  0.999790  -0.001123  -0.004313  0.000199  -0.075176  -0.027449  0.373983  2.000000  0.999930  0.011833  -0.000065  -0.011833  0.999929  -0.001004  0.000053  0.001005  0.999999  0.999980  0.006186  0.000863  -0.006184  0.999979  -0.001959  -0.000875  0.001954  0.999998  1.000000  0.000077  0.000011  -0.000077  1.000000  -0.000024  -0.000011  0.000024  1.000000  0.999930  0.011833  -0.000065  -0.011833  0.999929  -0.001004  0.000053  0.001005  0.999999  0.000097  0.006545  
32.283197 0.001737  0.090980  -0.011178  0.995709  0.090867  -0.017503  -0.091062  0.995788  -0.010701  0.016456  0.012249  0.999790  -0.001417  -0.004305  0.000237  -0.078845  -0.031761  0.357169  2.000000  0.999926  0.012202  -0.000010  -0.012202  0.999925  -0.001135  -0.000004  0.001135  0.999999  0.999983  0.005776  0.001000  -0.005774  0.999981  -0.002210  -0.001013  0.002204  0.999997  1.000000  0.000072  0.000013  -0.000072  1.000000  -0.000028  -0.000013  0.000028  1.000000  0.999926  0.012202  -0.000010  -0.012202  0.999925  -0.001135  -0.000004  0.001135  0.999999  0.000093  0.006264  
32.284199 0.001733  0.090975  -0.011179  0.995709  0.090865  -0.017514  -0.091062  0.995786  -0.010822  0.016456  0.012370  0.999788  -0.001717  -0.004362  0.000170  -0.083938  -0.032235  0.339415  2.000000  0.999922  0.012472  0.000039  -0.012472  0.999921  -0.001247  -0.000055  0.001246  0.999999  0.999986  0.005159  0.001007  -0.005157  0.999984  -0.002220  -0.001018  0.002215  0.999997  1.000000  0.000064  0.000013  -0.000064  1.000000  -0.000028  -0.000013  0.000028  1.000000  0.999922  0.012472  0.000039  -0.012472  0.999921  -0.001247  -0.000055  0.001246  0.999999  0.000089  0.005705  
32.285446 0.001728  0.090969  -0.011181  0.995693  0.091067  -0.017405  -0.091267  0.995765  -0.011072  0.016323  0.012613  0.999787  -0.002042  -0.004401  0.000026  -0.091598  -0.036546  0.322982  2.000000  0.999921  0.012537  0.000051  -0.012537  0.999921  -0.001276  -0.000067  0.001275  0.999999  0.999988  0.004749  0.001145  -0.004746  0.999986  -0.002349  -0.001156  0.002343  0.999997  1.000000  0.000000  0.000000  0.000000  1.000000  0.000000  0.000000  0.000000  1.000000  0.999921  0.012537  0.000051  -0.012537  0.999921  -0.001276  -0.000067  0.001275  0.999999  0.000085  0.000000  
32.286697 0.001723  0.090963  -0.011182  0.995674  0.091268  -0.017429  -0.091472  0.995743  -0.011310  0.016323  0.012855  0.999784  -0.002357  -0.004436  -0.000083  -0.099934  -0.036668  0.309312  2.000000  0.999921  0.012537  0.000051  -0.012537  0.999921  -0.001276  -0.000067  0.001275  0.999999  0.999989  0.004543  0.001147  -0.004541  0.999987  -0.002473  -0.001158  0.002468  0.999996  1.000000  0.000000  0.000000  0.000000  1.000000  0.000000  0.000000  0.000000  1.000000  0.999921  0.012537  0.000051  -0.012537  0.999921  -0.001276  -0.000067  0.001275  0.999999  0.000082  0.000000  
32.287954 0.001718  0.090957  -0.011185  0.995657  0.091473  -0.017309  -0.091678  0.995723  -0.011440  0.016189  0.012977  0.999785  -0.002686  -0.004501  -0.000254  -0.101097  -0.041654  0.291066  2.000000  0.999921  0.012537  0.000051  -0.012537  0.999921  -0.001276  -0.000067  0.001275  0.999999  0.999989  0.004544  0.001145  -0.004541  0.999986  -0.002595  -0.001157  0.002590  0.999996  1.000000  0.000000  0.000000  0.000000  1.000000  0.000000  0.000000  0.000000  1.000000  0.999921  0.012537  0.000051  -0.012537  0.999921  -0.001276  -0.000067  0.001275  0.999999  0.000079  0.000000  
32.289202 0.001712  0.090952  -0.011186  0.995638  0.091673  -0.017334  -0.091882  0.995701  -0.011678  0.016189  0.013219  0.999782  -0.002975  -0.004493  -0.000424  -0.109491  -0.041780  0.277251  2.000000  0.999921  0.012537  0.000051  -0.012537  0.999921  -0.001276  -0.000067  0.001275  0.999999  0.999991  0.004132  0.001150  -0.004129  0.999988  -0.002723  -0.001161  0.002718  0.999996  1.000000  0.000000  0.000000  0.000000  1.000000  0.000000  0.000000  0.000000  1.000000  0.999921  0.012537  0.000051  -0.012537  0.999921  -0.001276  -0.000067  0.001275  0.999999  0.000076  0.000000  
32.290458 0.001706  0.090947  -0.011190  0.995619  0.091876  -0.017348  -0.092087  0.995681  -0.011795  0.016189  0.013341  0.999780  -0.003237  -0.004469  -0.000708  -0.109691  -0.041895  0.263341  2.000000  0.999921  0.012537  0.000051  -0.012537  0.999921  -0.001276  -0.000067  0.001275  0.999999  0.999992  0.003721  0.001155  -0.003718  0.999989  -0.002730  -0.001165  0.002725  0.999996  1.000000  0.000000  0.000000  0.000000  1.000000  0.000000  0.000000  0.000000  1.000000  0.999921  0.012537  0.000051  -0.012537  0.999921  -0.001276  -0.000067  0.001275  0.999999  0.000071  0.000000  
32.291701 0.001700  0.090941  -0.011193  0.995619  0.091872  -0.017370  -0.092087  0.995678  -0.012036  0.016189  0.013583  0.999777  -0.003486  -0.004441  -0.000895  -0.118348  -0.042203  0.235758  2.000000  0.999921  0.012537  0.000051  -0.012537  0.999921  -0.001276  -0.000067  0.001275  0.999999  0.999993  0.003513  0.001023  -0.003511  0.999990  -0.002733  -0.001033  0.002729  0.999996  1.000000  0.000000  0.000000  0.000000  1.000000  0.000000  0.000000  0.000000  1.000000  0.999921  0.012537  0.000051  -0.012537  0.999921  -0.001276  -0.000067  0.001275  0.999999  0.000069  0.000000  
32.292950 0.001695  0.090936  -0.011196  0.995602  0.092077  -0.017250  -0.092293  0.995658  -0.012166  0.016055  0.013704  0.999777  -0.003663  -0.004414  -0.001133  -0.118590  -0.046833  0.221968  2.000000  0.999921  0.012537  0.000051  -0.012537  0.999921  -0.001276  -0.000067  0.001275  0.999999  0.999994  0.003308  0.001026  -0.003305  0.999991  -0.002737  -0.001035  0.002733  0.999996  1.000000  0.000000  0.000000  0.000000  1.000000  0.000000  0.000000  0.000000  1.000000  0.999921  0.012537  0.000051  -0.012537  0.999921  -0.001276  -0.000067  0.001275  0.999999  0.000065  0.000000  
32.294196 0.001689  0.090932  -0.011199  0.995583  0.092280  -0.017264  -0.092498  0.995637  -0.012283  0.016055  0.013826  0.999776  -0.003878  -0.004361  -0.001298  -0.121772  -0.046516  0.213282  2.000000  0.999921  0.012537  0.000051  -0.012537  0.999921  -0.001276  -0.000067  0.001275  0.999999  0.999994  0.003306  0.000891  -0.003304  0.999991  -0.002737  -0.000900  0.002734  0.999996  1.000000  0.000000  0.000000  0.000000  1.000000  0.000000  0.000000  0.000000  1.000000  0.999921  0.012537  0.000051  -0.012537  0.999921  -0.001276  -0.000067  0.001275  0.999999  0.000063  0.000000  
32.295196 0.001685  0.090928  -0.011201  0.995564  0.092483  -0.017278  -0.092703  0.995617  -0.012400  0.016055  0.013947  0.999774  -0.004043  -0.004306  -0.001500  -0.121884  -0.046572  0.206421  2.000000  0.999921  0.012537  0.000051  -0.012537  0.999921  -0.001276  -0.000067  0.001275  0.999999  0.999995  0.003100  0.000894  -0.003098  0.999991  -0.002861  -0.000902  0.002859  0.999996  1.000000  0.000000  0.000000  0.000000  1.000000  0.000000  0.000000  0.000000  1.000000  0.999921  0.012537  0.000051  -0.012537  0.999921  -0.001276  -0.000067  0.001275  0.999999  0.000060  0.000000  
32.296201 0.001680  0.090925  -0.011203  0.995564  0.092480  -0.017289  -0.092703  0.995615  -0.012521  0.016055  0.014068  0.999772  -0.004160  -0.004268  -0.001636  -0.127218  -0.047119  0.194322  2.000000  0.999921  0.012537  0.000051  -0.012537  0.999921  -0.001276  -0.000067  0.001275  0.999999  0.999995  0.003099  0.000759  -0.003096  0.999991  -0.002861  -0.000768  0.002859  0.999996  1.000000  0.000000  0.000000  0.000000  1.000000  0.000000  0.000000  0.000000  1.000000  0.999921  0.012537  0.000051  -0.012537  0.999921  -0.001276  -0.000067  0.001275  0.999999  0.000060  0.000000  
32.297447 0.001675  0.090921  -0.011206  0.995545  0.092683  -0.017303  -0.092908  0.995595  -0.012638  0.016055  0.014189  0.999770  -0.004246  -0.004148  -0.001817  -0.127344  -0.042682  0.187349  2.000000  0.999921  0.012537  0.000051  -0.012537  0.999921  -0.001276  -0.000067  0.001275  0.999999  0.999996  0.002891  0.000628  -0.002889  0.999992  -0.002743  -0.000636  0.002742  0.999996  1.000000  0.000000  0.000000  0.000000  1.000000  0.000000  0.000000  0.000000  1.000000  0.999921  0.012537  0.000051  -0.012537  0.999921  -0.001276  -0.000067  0.001275  0.999999  0.000059  0.000000  
32.298451 0.001671  0.090918  -0.011208  0.995545  0.092681  -0.017314  -0.092908  0.995593  -0.012759  0.016055  0.014311  0.999769  -0.004272  -0.004012  -0.001978  -0.127561  -0.042825  0.173498  2.000000  0.999921  0.012537  0.000051  -0.012537  0.999921  -0.001276  -0.000067  0.001275  0.999999  0.999996  0.002685  0.000631  -0.002684  0.999993  -0.002747  -0.000638  0.002745  0.999996  1.000000  0.000000  0.000000  0.000000  1.000000  0.000000  0.000000  0.000000  1.000000  0.999921  0.012537  0.000051  -0.012537  0.999921  -0.001276  -0.000067  0.001275  0.999999  0.000056  0.000000  
32.299698 0.001666  0.090914  -0.011211  0.995528  0.092886  -0.017195  -0.093113  0.995572  -0.012889  0.015921  0.014432  0.999769  -0.004327  -0.003905  -0.002122  0.000000  0.000000  0.000000  2.000000  0.999921  0.012537  0.000051  -0.012537  0.999921  -0.001276  -0.000067  0.001275  0.999999  0.999996  0.002685  0.000630  -0.002684  0.999993  -0.002747  -0.000638  0.002745  0.999996  1.000000  0.000000  0.000000  0.000000  1.000000  0.000000  0.000000  0.000000  1.000000  0.999921  0.012537  0.000051  -0.012537  0.999921  -0.001276  -0.000067  0.001275  0.999999  0.000000  0.000000  
32.300946 0.001661  0.090910  -0.011214  0.995509  0.093087  -0.017220  -0.093318  0.995550  -0.013127  0.015921  0.014675  0.999766  -0.004293  -0.003781  -0.002210  0.000000  0.000000  0.000000  2.000000  0.999921  0.012537  0.000051  -0.012537  0.999921  -0.001276  -0.000067  0.001275  0.999999  0.999996  0.002685  0.000630  -0.002684  0.999993  -0.002626  -0.000637  0.002624  0.999996  1.000000  0.000000  0.000000  0.000000  1.000000  0.000000  0.000000  0.000000  1.000000  0.999921  0.012537  0.000051  -0.012537  0.999921  -0.001276  -0.000067  0.001275  0.999999  0.000000  0.000000  
32.302196 0.001657  0.090906  -0.011218  0.995490  0.093290  -0.017234  -0.093523  0.995529  -0.013244  0.015921  0.014796  0.999764  -0.004236  -0.003625  -0.002321  0.000000  0.000000  0.000000  2.000000  0.999921  0.012537  0.000051  -0.012537  0.999921  -0.001276  -0.000067  0.001275  0.999999  0.999997  0.002480  0.000632  -0.002478  0.999993  -0.002750  -0.000639  0.002749  0.999996  1.000000  0.000000  0.000000  0.000000  1.000000  0.000000  0.000000  0.000000  1.000000  0.999921  0.012537  0.000051  -0.012537  0.999921  -0.001276  -0.000067  0.001275  0.999999  0.000000  0.000000  
32.303199 0.001654  0.090904  -0.011220  0.995490  0.093288  -0.017245  -0.093523  0.995527  -0.013365  0.015921  0.014917  0.999762  -0.004150  -0.003508  -0.002319  0.000000  0.000000  0.000000  2.000000  0.999921  0.012537  0.000051  -0.012537  0.999921  -0.001276  -0.000067  0.001275  0.999999  0.999997  0.002478  0.000498  -0.002477  0.999993  -0.002629  -0.000505  0.002628  0.999996  1.000000  0.000000  0.000000  0.000000  1.000000  0.000000  0.000000  0.000000  1.000000  0.999921  0.012537  0.000051  -0.012537  0.999921  -0.001276  -0.000067  0.001275  0.999999  0.000000  0.000000  
32.304449 0.001651  0.090901  -0.011222  0.995471  0.093490  -0.017259  -0.093728  0.995507  -0.013482  0.015921  0.015038  0.999760  -0.004005  -0.003325  -0.002324  0.000000  0.000000  0.000000  2.000000  0.999921  0.012537  0.000051  -0.012537  0.999921  -0.001276  -0.000067  0.001275  0.999999  0.999996  0.002684  0.000495  -0.002682  0.999993  -0.002626  -0.000502  0.002625  0.999996  1.000000  0.000000  0.000000  0.000000  1.000000  0.000000  0.000000  0.000000  1.000000  0.999921  0.012537  0.000051  -0.012537  0.999921  -0.001276  -0.000067  0.001275  0.999999  0.000000  0.000000  
32.305700 0.001648  0.090898  -0.011225  0.995471  0.093488  -0.017271  -0.093728  0.995505  -0.013602  0.015921  0.015160  0.999758  -0.003854  -0.003153  -0.002283  0.000000  0.000000  0.000000  2.000000  0.999921  0.012537  0.000051  -0.012537  0.999921  -0.001276  -0.000067  0.001275  0.999999  0.999997  0.002476  0.000364  -0.002475  0.999994  -0.002508  -0.000370  0.002507  0.999997  1.000000  0.000000  0.000000  0.000000  1.000000  0.000000  0.000000  0.000000  1.000000  0.999921  0.012537  0.000051  -0.012537  0.999921  -0.001276  -0.000067  0.001275  0.999999  0.000000  0.000000  
32.306945 0.001645  0.090896  -0.011227  0.995453  0.093693  -0.017152  -0.093933  0.995484  -0.013732  0.015788  0.015281  0.999759  -0.003622  -0.002957  -0.002229  0.000000  0.000000  0.000000  2.000000  0.999921  0.012537  0.000051  -0.012537  0.999921  -0.001276  -0.000067  0.001275  0.999999  0.999997  0.002476  0.000364  -0.002475  0.999994  -0.002387  -0.000370  0.002386  0.999997  1.000000  0.000000  0.000000  0.000000  1.000000  0.000000  0.000000  0.000000  1.000000  0.999921  0.012537  0.000051  -0.012537  0.999921  -0.001276  -0.000067  0.001275  0.999999  0.000000  0.000000  
32.307948 0.001644  0.090894  -0.011229  0.995453  0.093691  -0.017163  -0.093933  0.995482  -0.013853  0.015788  0.015402  0.999757  -0.003416  -0.002810  -0.002187  0.000000  0.000000  0.000000  2.000000  0.999921  0.012537  0.000051  -0.012537  0.999921  -0.001276  -0.000067  0.001275  0.999999  0.999997  0.002270  0.000367  -0.002269  0.999995  -0.002390  -0.000372  0.002389  0.999997  1.000000  0.000000  0.000000  0.000000  1.000000  0.000000  0.000000  0.000000  1.000000  0.999921  0.012537  0.000051  -0.012537  0.999921  -0.001276  -0.000067  0.001275  0.999999  0.000000  0.000000  
32.309200 0.001642  0.090892  -0.011231  0.995434  0.093894  -0.017177  -0.094138  0.995461  -0.013970  0.015788  0.015523  0.999755  -0.003129  -0.002609  -0.002140  0.000000  0.000000  0.000000  2.000000  0.999921  0.012537  0.000051  -0.012537  0.999921  -0.001276  -0.000067  0.001275  0.999999  0.999997  0.002270  0.000367  -0.002269  0.999995  -0.002148  -0.000371  0.002147  0.999998  1.000000  0.000000  0.000000  0.000000  1.000000  0.000000  0.000000  0.000000  1.000000  0.999921  0.012537  0.000051  -0.012537  0.999921  -0.001276  -0.000067  0.001275  0.999999  0.000000  0.000000  
32.310446 0.001640  0.090890  -0.011233  0.995434  0.093894  -0.017177  -0.094138  0.995461  -0.013970  0.015788  0.015523  0.999755  -0.002933  -0.002471  -0.002099  0.000000  0.000000  0.000000  2.000000  0.999921  0.012537  0.000051  -0.012537  0.999921  -0.001276  -0.000067  0.001275  0.999999  0.999998  0.002064  0.000369  -0.002064  0.999996  -0.002151  -0.000374  0.002150  0.999998  1.000000  0.000000  0.000000  0.000000  1.000000  0.000000  0.000000  0.000000  1.000000  0.999921  0.012537  0.000051  -0.012537  0.999921  -0.001276  -0.000067  0.001275  0.999999  0.000000  0.000000  
32.311700 0.001639  0.090889  -0.011235  0.995417  0.094099  -0.017058  -0.094343  0.995440  -0.014100  0.015654  0.015645  0.999755  -0.002637  -0.002264  -0.002051  0.000000  0.000000  0.000000  2.000000  0.999921  0.012537  0.000051  -0.012537  0.999921  -0.001276  -0.000067  0.001275  0.999999  0.999997  0.002270  0.000366  -0.002270  0.999995  -0.002026  -0.000371  0.002025  0.999998  1.000000  0.000000  0.000000  0.000000  1.000000  0.000000  0.000000  0.000000  1.000000  0.999921  0.012537  0.000051  -0.012537  0.999921  -0.001276  -0.000067  0.001275  0.999999  0.000000  0.000000  
32.312701 0.001638  0.090888  -0.011236  0.995417  0.094099  -0.017058  -0.094343  0.995440  -0.014100  0.015654  0.015645  0.999755  -0.002383  -0.002137  -0.001971  0.000000  0.000000  0.000000  2.000000  0.999921  0.012537  0.000051  -0.012537  0.999921  -0.001276  -0.000067  0.001275  0.999999  0.999998  0.002064  0.000369  -0.002064  0.999996  -0.002030  -0.000373  0.002029  0.999998  1.000000  0.000000  0.000000  0.000000  1.000000  0.000000  0.000000  0.000000  1.000000  0.999921  0.012537  0.000051  -0.012537  0.999921  -0.001276  -0.000067  0.001275  0.999999  0.000000  0.000000  
32.313947 0.001637  0.090887  -0.011237  0.995397  0.094302  -0.017073  -0.094548  0.995419  -0.014217  0.015654  0.015766  0.999753  -0.002161  -0.001950  -0.001827  0.000000  0.000000  0.000000  2.000000  0.999921  0.012537  0.000051  -0.012537  0.999921  -0.001276  -0.000067  0.001275  0.999999  0.999998  0.002065  0.000369  -0.002064  0.999996  -0.001908  -0.000373  0.001908  0.999998  1.000000  0.000000  0.000000  0.000000  1.000000  0.000000  0.000000  0.000000  1.000000  0.999921  0.012537  0.000051  -0.012537  0.999921  -0.001276  -0.000067  0.001275  0.999999  0.000000  0.000000  
32.315198 0.001636  0.090887  -0.011237  0.995378  0.094507  -0.017076  -0.094753  0.995399  -0.014214  0.015654  0.015766  0.999753  -0.001820  -0.001698  -0.001622  0.000000  0.000000  0.000000  2.000000  0.999921  0.012537  0.000051  -0.012537  0.999921  -0.001276  -0.000067  0.001275  0.999999  0.999998  0.002065  0.000369  -0.002064  0.999996  -0.001787  -0.000373  0.001786  0.999998  1.000000  0.000000  0.000000  0.000000  1.000000  0.000000  0.000000  0.000000  1.000000  0.999921  0.012537  0.000051  -0.012537  0.999921  -0.001276  -0.000067  0.001275  0.999999  0.000000  0.000000  
32.316446 0.001636  0.090886  -0.011238  0.995380  0.094507  -0.016954  -0.094753  0.995397  -0.014347  0.015520  0.015887  0.999753  -0.001589  -0.001490  -0.001431  0.000000  0.000000  0.000000  2.000000  0.999921  0.012537  0.000051  -0.012537  0.999921  -0.001276  -0.000067  0.001275  0.999999  0.999998  0.002067  0.000502  -0.002066  0.999996  -0.001787  -0.000506  0.001786  0.999998  1.000000  0.000000  0.000000  0.000000  1.000000  0.000000  0.000000  0.000000  1.000000  0.999921  0.012537  0.000051  -0.012537  0.999921  -0.001276  -0.000067  0.001275  0.999999  0.000000  0.000000  
