1-Time 2-Px 3-Py 4-Pz 5-R11 6-R21 7-R31 8-R12 9-R22 10-R32 11-R13 12-R23 13-R33 14-Vx 15-Vy 16-Vz 17-Wx 18-Wy 19-Wz 20-state 21-PR11 22-PR21 23-PR31 24-PR12 25-PR22 26-PR32 27-PR13 28-PR23 29-PR33 
87.128911 0.003092  0.092212  -0.020704  0.998028  0.061057  -0.014594  -0.061306  0.997971  -0.017210  0.013513  0.018071  0.999745  -0.000534  0.000710  0.005784  0.081139  -0.365759  0.233496  2.000000  1.000000  0.000000  0.000000  0.000000  1.000000  0.000000  0.000000  0.000000  1.000000  0.999962  0.004663  0.007410  -0.004675  0.999988  0.001638  -0.007402  -0.001673  0.999971  1.000000  0.000058  0.000093  -0.000058  1.000000  0.000021  -0.000093  -0.000021  1.000000  0.722310  0.325744  0.610049  -0.412751  0.910841  0.002350  -0.554892  -0.253496  0.792360  0.000111  0.008910  
87.129915 0.003091  0.092214  -0.020698  0.998020  0.061270  -0.014197  -0.061511  0.997958  -0.017232  0.013112  0.018071  0.999751  -0.000531  0.000784  0.005824  0.081228  -0.370250  0.240550  2.000000  1.000000  0.000236  0.000369  -0.000236  1.000000  0.000081  -0.000369  -0.000081  1.000000  0.999962  0.004663  0.007410  -0.004674  0.999988  0.001515  -0.007403  -0.001550  0.999971  1.000000  0.000058  0.000093  -0.000058  1.000000  0.000019  -0.000093  -0.000019  1.000000  1.000000  0.000236  0.000369  -0.000236  1.000000  0.000081  -0.000369  -0.000081  1.000000  0.000111  0.008888  
87.131168 0.003090  0.092213  -0.020690  0.997978  0.062106  -0.013536  -0.062334  0.997908  -0.017141  0.012443  0.017950  0.999761  -0.000564  0.000715  0.005897  0.081973  -0.377409  0.256310  2.000000  1.000000  0.000541  0.000838  -0.000541  1.000000  0.000181  -0.000838  -0.000182  1.000000  0.999959  0.005076  0.007537  -0.005088  0.999986  0.001639  -0.007528  -0.001677  0.999970  1.000000  0.000064  0.000094  -0.000064  1.000000  0.000021  -0.000094  -0.000021  1.000000  1.000000  0.000541  0.000838  -0.000541  1.000000  0.000181  -0.000838  -0.000182  1.000000  0.000115  0.009237  
87.132171 0.003089  0.092213  -0.020684  0.997947  0.062734  -0.012879  -0.062951  0.997869  -0.017174  0.011774  0.017950  0.999770  -0.000618  0.000619  0.005913  0.082072  -0.386086  0.270282  2.000000  0.999999  0.000810  0.001226  -0.000811  1.000000  0.000258  -0.001226  -0.000259  0.999999  0.999953  0.005495  0.007931  -0.005507  0.999984  0.001519  -0.007922  -0.001563  0.999967  1.000000  0.000069  0.000099  -0.000069  1.000000  0.000019  -0.000099  -0.000019  1.000000  0.999999  0.000810  0.001226  -0.000811  1.000000  0.000258  -0.001226  -0.000259  0.999999  0.000119  0.009771  
87.133420 0.003088  0.092212  -0.020677  0.997904  0.063571  -0.012084  -0.063773  0.997818  -0.017094  0.010971  0.017829  0.999781  -0.000593  0.000527  0.005983  0.082270  -0.399230  0.291257  2.000000  0.999998  0.001180  0.001730  -0.001180  0.999999  0.000354  -0.001729  -0.000356  0.999998  0.999948  0.006116  0.008188  -0.006129  0.999980  0.001522  -0.008178  -0.001572  0.999965  1.000000  0.000077  0.000102  -0.000077  1.000000  0.000019  -0.000102  -0.000019  1.000000  0.999998  0.001180  0.001730  -0.001180  0.999999  0.000354  -0.001729  -0.000356  0.999998  0.000123  0.010336  
87.134421 0.003088  0.092211  -0.020671  0.997870  0.064197  -0.011561  -0.064390  0.997778  -0.017121  0.010436  0.017829  0.999787  -0.000597  0.000432  0.005986  0.078275  -0.403404  0.305094  2.000000  0.999997  0.001494  0.002147  -0.001495  0.999999  0.000430  -0.002146  -0.000433  0.999998  0.999944  0.006327  0.008452  -0.006339  0.999979  0.001399  -0.008443  -0.001453  0.999963  1.000000  0.000079  0.000106  -0.000079  1.000000  0.000018  -0.000106  -0.000018  1.000000  0.999997  0.001494  0.002147  -0.001495  0.999999  0.000430  -0.002146  -0.000433  0.999998  0.000127  0.010653  
87.135673 0.003087  0.092211  -0.020663  0.997836  0.064824  -0.011030  -0.065006  0.997740  -0.017027  0.009901  0.017708  0.999794  -0.000570  0.000361  0.006006  0.078242  -0.407784  0.312031  2.000000  0.999995  0.001828  0.002576  -0.001830  0.999998  0.000503  -0.002575  -0.000508  0.999997  0.999938  0.006948  0.008709  -0.006961  0.999975  0.001523  -0.008698  -0.001583  0.999961  1.000000  0.000087  0.000109  -0.000087  1.000000  0.000019  -0.000109  -0.000019  1.000000  0.999995  0.001828  0.002576  -0.001830  0.999998  0.000503  -0.002575  -0.000508  0.999997  0.000131  0.011249  
87.136917 0.003087  0.092211  -0.020655  0.997773  0.065861  -0.010513  -0.066034  0.997672  -0.017051  0.009366  0.017708  0.999799  -0.000553  0.000315  0.006024  0.074454  -0.407396  0.339762  2.000000  0.999993  0.002194  0.003013  -0.002196  0.999997  0.000576  -0.003011  -0.000582  0.999995  0.999934  0.007565  0.008698  -0.007578  0.999970  0.001404  -0.008687  -0.001470  0.999961  1.000000  0.000095  0.000109  -0.000095  1.000000  0.000018  -0.000109  -0.000018  1.000000  0.999993  0.002194  0.003013  -0.002196  0.999997  0.000576  -0.003011  -0.000582  0.999995  0.000133  0.011617  
87.137921 0.003087  0.092211  -0.020649  0.997736  0.066485  -0.010115  -0.066650  0.997632  -0.016951  0.008964  0.017586  0.999805  -0.000535  0.000268  0.006038  0.078612  -0.411562  0.353578  2.000000  0.999991  0.002588  0.003452  -0.002590  0.999996  0.000648  -0.003450  -0.000657  0.999994  0.999929  0.007978  0.008826  -0.007991  0.999967  0.001405  -0.008814  -0.001476  0.999960  1.000000  0.000100  0.000110  -0.000100  1.000000  0.000018  -0.000110  -0.000018  1.000000  0.999991  0.002588  0.003452  -0.002590  0.999996  0.000648  -0.003450  -0.000657  0.999994  0.000135  0.011984  
87.139173 0.003087  0.092212  -0.020642  0.997672  0.067523  -0.009591  -0.067677  0.997565  -0.016855  0.008429  0.017465  0.999812  -0.000447  0.000219  0.005962  0.078727  -0.411200  0.374260  2.000000  0.999987  0.003112  0.004002  -0.003115  0.999995  0.000738  -0.003999  -0.000751  0.999992  0.999924  0.008595  0.008816  -0.008608  0.999962  0.001528  -0.008802  -0.001604  0.999960  1.000000  0.000108  0.000110  -0.000108  1.000000  0.000020  -0.000110  -0.000020  1.000000  0.999987  0.003112  0.004002  -0.003115  0.999995  0.000738  -0.003999  -0.000751  0.999992  0.000140  0.012412  
87.140418 0.003088  0.092212  -0.020636  0.997608  0.068564  -0.008799  -0.068705  0.997496  -0.016780  0.007626  0.017344  0.999820  -0.000351  0.000146  0.005898  0.078910  -0.424299  0.402199  2.000000  0.999983  0.003680  0.004564  -0.003684  0.999993  0.000830  -0.004560  -0.000847  0.999989  0.999914  0.009421  0.009070  -0.009436  0.999954  0.001529  -0.009055  -0.001614  0.999958  1.000000  0.000118  0.000113  -0.000118  1.000000  0.000020  -0.000113  -0.000020  1.000000  0.999983  0.003680  0.004564  -0.003684  0.999993  0.000830  -0.004560  -0.000847  0.999989  0.000146  0.013172  
87.141668 0.003089  0.092212  -0.020629  0.997528  0.069810  -0.008019  -0.069937  0.997409  -0.016825  0.006824  0.017344  0.999826  -0.000243  0.000124  0.005881  0.074945  -0.432832  0.430036  2.000000  0.999978  0.004300  0.005147  -0.004305  0.999990  0.000921  -0.005143  -0.000944  0.999986  0.999901  0.010458  0.009454  -0.010471  0.999944  0.001406  -0.009439  -0.001505  0.999954  1.000000  0.000131  0.000118  -0.000131  1.000000  0.000018  -0.000118  -0.000018  1.000000  0.999978  0.004300  0.005147  -0.004305  0.999990  0.000921  -0.005143  -0.000944  0.999986  0.000154  0.014173  
87.142914 0.003090  0.092212  -0.020620  0.997446  0.071057  -0.007231  -0.071170  0.997324  -0.016751  0.006021  0.017223  0.999834  -0.000167  0.000033  0.005939  0.075134  -0.445750  0.464829  2.000000  0.999971  0.004975  0.005750  -0.004981  0.999987  0.001013  -0.005745  -0.001041  0.999983  0.999890  0.011081  0.009846  -0.011095  0.999937  0.001402  -0.009830  -0.001511  0.999951  1.000000  0.000139  0.000123  -0.000139  1.000000  0.000018  -0.000123  -0.000018  1.000000  0.999971  0.004975  0.005750  -0.004981  0.999987  0.001013  -0.005745  -0.001041  0.999983  0.000160  0.014895  
87.143919 0.003090  0.092211  -0.020613  0.997376  0.072095  -0.006581  -0.072197  0.997249  -0.016792  0.005352  0.017223  0.999837  -0.000074  -0.000105  0.006011  0.075215  -0.454158  0.492581  2.000000  0.999965  0.005560  0.006246  -0.005566  0.999984  0.001083  -0.006239  -0.001118  0.999980  0.999879  0.011906  0.009965  -0.011921  0.999928  0.001400  -0.009948  -0.001519  0.999949  1.000000  0.000149  0.000124  -0.000149  1.000000  0.000018  -0.000124  -0.000018  1.000000  0.999965  0.005560  0.006246  -0.005566  0.999984  0.001083  -0.006239  -0.001118  0.999980  0.000165  0.015595  
87.145169 0.003090  0.092210  -0.020604  0.997289  0.073339  -0.005925  -0.073429  0.997160  -0.016712  0.004683  0.017102  0.999843  -0.000031  -0.000243  0.006096  0.075284  -0.462731  0.520387  2.000000  0.999958  0.006196  0.006758  -0.006204  0.999980  0.001147  -0.006751  -0.001189  0.999977  0.999860  0.013148  0.010345  -0.013162  0.999913  0.001276  -0.010328  -0.001412  0.999946  1.000000  0.000164  0.000129  -0.000164  1.000000  0.000017  -0.000129  -0.000017  1.000000  0.999958  0.006196  0.006758  -0.006204  0.999980  0.001147  -0.006751  -0.001189  0.999977  0.000174  0.016785  
87.146482 0.003090  0.092208  -0.020596  0.997201  0.074582  -0.005279  -0.074661  0.997068  -0.016755  0.004014  0.017102  0.999846  0.000045  -0.000333  0.006127  0.071200  -0.470329  0.554167  2.000000  0.999948  0.007049  0.007409  -0.007058  0.999974  0.001231  -0.007400  -0.001284  0.999972  0.999845  0.014178  0.010463  -0.014192  0.999898  0.001272  -0.010444  -0.001420  0.999944  1.000000  0.000177  0.000131  -0.000177  1.000000  0.000017  -0.000131  -0.000017  1.000000  0.999948  0.007049  0.007409  -0.007058  0.999974  0.001231  -0.007400  -0.001284  0.999972  0.000181  0.017673  
87.147668 0.003089  0.092206  -0.020589  0.997126  0.075619  -0.004638  -0.075688  0.996988  -0.016921  0.003345  0.017223  0.999846  0.000038  -0.000465  0.006147  0.063068  -0.475317  0.576028  2.000000  0.999938  0.007781  0.007942  -0.007791  0.999969  0.001290  -0.007932  -0.001352  0.999968  0.999830  0.015007  0.010715  -0.015021  0.999887  0.001144  -0.010696  -0.001305  0.999942  1.000000  0.000188  0.000134  -0.000188  1.000000  0.000015  -0.000134  -0.000015  1.000000  0.999938  0.007781  0.007942  -0.007791  0.999969  0.001290  -0.007932  -0.001352  0.999968  0.000187  0.018482  
87.148917 0.003089  0.092203  -0.020582  0.997050  0.076657  -0.003989  -0.076714  0.996909  -0.016967  0.002676  0.017223  0.999848  0.000061  -0.000607  0.006130  0.058967  -0.483851  0.603843  2.000000  0.999925  0.008742  0.008618  -0.008754  0.999961  0.001353  -0.008606  -0.001429  0.999962  0.999819  0.015627  0.010838  -0.015639  0.999877  0.001015  -0.010821  -0.001184  0.999941  1.000000  0.000195  0.000135  -0.000195  1.000000  0.000014  -0.000135  -0.000014  1.000000  0.999925  0.008742  0.008618  -0.008754  0.999961  0.001353  -0.008606  -0.001429  0.999962  0.000193  0.019050  
87.149922 0.003090  0.092200  -0.020577  0.996972  0.077695  -0.003340  -0.077741  0.996828  -0.017015  0.002007  0.017223  0.999850  0.000148  -0.000719  0.006070  0.058899  -0.492240  0.631549  2.000000  0.999912  0.009554  0.009166  -0.009567  0.999953  0.001400  -0.009152  -0.001488  0.999957  0.999805  0.016453  0.010957  -0.016463  0.999864  0.000887  -0.010941  -0.001067  0.999940  1.000000  0.000206  0.000137  -0.000206  1.000000  0.000012  -0.000137  -0.000012  1.000000  0.999912  0.009554  0.009166  -0.009567  0.999953  0.001400  -0.009152  -0.001488  0.999957  0.000199  0.019793  
87.151173 0.003091  0.092197  -0.020571  0.996876  0.078940  -0.002560  -0.078972  0.996731  -0.017074  0.001204  0.017223  0.999851  0.000256  -0.000986  0.005933  0.054685  -0.505186  0.659326  2.000000  0.999895  0.010626  0.009869  -0.010641  0.999942  0.001454  -0.009853  -0.001559  0.999950  0.999783  0.017489  0.011341  -0.017500  0.999846  0.000874  -0.011324  -0.001072  0.999935  1.000000  0.000219  0.000142  -0.000219  1.000000  0.000012  -0.000142  -0.000012  1.000000  0.999895  0.010626  0.009869  -0.010641  0.999942  0.001454  -0.009853  -0.001559  0.999950  0.000208  0.020868  
87.152419 0.003093  0.092193  -0.020565  0.996778  0.080187  -0.001658  -0.080203  0.996629  -0.017267  0.000268  0.017345  0.999850  0.000408  -0.001203  0.005826  0.046356  -0.518240  0.694409  2.000000  0.999875  0.011729  0.010582  -0.011746  0.999930  0.001498  -0.010564  -0.001622  0.999943  0.999778  0.017698  0.011469  -0.017707  0.999843  0.000617  -0.011456  -0.000820  0.999934  1.000000  0.000221  0.000143  -0.000221  1.000000  0.000009  -0.000143  -0.000009  1.000000  0.999875  0.011729  0.010582  -0.011746  0.999930  0.001498  -0.010564  -0.001622  0.999943  0.000215  0.021103  
87.153668 0.003095  0.092190  -0.020560  0.996678  0.081434  -0.000746  -0.081435  0.996528  -0.017341  -0.000669  0.017345  0.999849  0.000515  -0.001467  0.005697  0.042025  -0.531053  0.729081  2.000000  0.999858  0.012640  0.011165  -0.012658  0.999919  0.001525  -0.011145  -0.001666  0.999937  0.999763  0.018321  0.011726  -0.018327  0.999832  0.000480  -0.011715  -0.000694  0.999931  1.000000  0.000229  0.000147  -0.000229  1.000000  0.000007  -0.000147  -0.000007  1.000000  0.999858  0.012640  0.011165  -0.012658  0.999919  0.001525  -0.011145  -0.001666  0.999937  0.000224  0.021761  
87.154672 0.003097  0.092186  -0.020555  0.996627  0.082061  -0.000090  -0.082050  0.996476  -0.017396  -0.001338  0.017345  0.999849  0.000624  -0.001678  0.005648  0.041683  -0.539859  0.736080  2.000000  0.999839  0.013561  0.011755  -0.013580  0.999907  0.001546  -0.011733  -0.001705  0.999930  0.999758  0.018529  0.011856  -0.018536  0.999828  0.000465  -0.011845  -0.000684  0.999930  1.000000  0.000232  0.000148  -0.000232  1.000000  0.000007  -0.000148  -0.000007  1.000000  0.999839  0.013561  0.011755  -0.013580  0.999907  0.001546  -0.011733  -0.001705  0.999930  0.000230  0.022006  
87.155919 0.003099  0.092181  -0.020550  0.996541  0.083098  0.000549  -0.083076  0.996388  -0.017572  -0.002007  0.017466  0.999845  0.000728  -0.002100  0.005521  0.033322  -0.548406  0.763983  2.000000  0.999814  0.014719  0.012496  -0.014739  0.999890  0.001568  -0.012472  -0.001752  0.999921  0.999754  0.018736  0.011850  -0.018741  0.999824  0.000331  -0.011841  -0.000553  0.999930  1.000000  0.000234  0.000148  -0.000234  1.000000  0.000006  -0.000148  -0.000006  1.000000  0.999814  0.014719  0.012496  -0.014739  0.999890  0.001568  -0.012472  -0.001752  0.999921  0.000233  0.022175  
87.156925 0.003100  0.092176  -0.020547  0.996471  0.083928  0.001067  -0.083896  0.996319  -0.017618  -0.002542  0.017466  0.999844  0.000765  -0.002394  0.005339  0.029009  -0.552455  0.784611  2.000000  0.999792  0.015647  0.013084  -0.015669  0.999876  0.001574  -0.013057  -0.001779  0.999913  0.999760  0.018528  0.011719  -0.018532  0.999828  0.000200  -0.011714  -0.000417  0.999931  1.000000  0.000232  0.000146  -0.000232  1.000000  0.000004  -0.000146  -0.000004  1.000000  0.999792  0.015647  0.013084  -0.015669  0.999876  0.001574  -0.013057  -0.001779  0.999913  0.000238  0.021927  
87.158171 0.003101  0.092170  -0.020541  0.996400  0.084760  0.001719  -0.084717  0.996248  -0.017675  -0.003211  0.017466  0.999842  0.000764  -0.002810  0.005117  0.028656  -0.556653  0.805548  2.000000  0.999763  0.016800  0.013825  -0.016824  0.999857  0.001580  -0.013796  -0.001812  0.999903  0.999760  0.018327  0.011990  -0.018329  0.999832  0.000067  -0.011987  -0.000287  0.999928  1.000000  0.000229  0.000150  -0.000229  1.000000  0.000002  -0.000150  -0.000002  1.000000  0.999763  0.016800  0.013825  -0.016824  0.999857  0.001580  -0.013796  -0.001812  0.999903  0.000244  0.021903  
87.159419 0.003101  0.092163  -0.020537  0.996309  0.085800  0.002491  -0.085742  0.996157  -0.017867  -0.004014  0.017587  0.999837  0.000753  -0.003213  0.004808  0.020111  -0.565418  0.833777  2.000000  0.999732  0.017958  0.014585  -0.017983  0.999837  0.001573  -0.014555  -0.001834  0.999892  0.999753  0.018539  0.012252  -0.018540  0.999828  -0.000069  -0.012251  -0.000158  0.999925  1.000000  0.000232  0.000153  -0.000232  1.000000  0.000001  -0.000153  -0.000001  1.000000  0.999732  0.017958  0.014585  -0.017983  0.999837  0.001573  -0.014555  -0.001834  0.999892  0.000250  0.022224  
87.160667 0.003101  0.092155  -0.020532  0.996235  0.086635  0.003265  -0.086562  0.996083  -0.018059  -0.004817  0.017708  0.999832  0.000732  -0.003589  0.004623  0.011338  -0.569555  0.833930  2.000000  0.999700  0.019109  0.015353  -0.019135  0.999816  0.001550  -0.015320  -0.001843  0.999881  0.999755  0.018337  0.012387  -0.018335  0.999832  -0.000326  -0.012391  0.000099  0.999923  1.000000  0.000229  0.000155  -0.000229  1.000000  -0.000003  -0.000155  0.000003  1.000000  0.999700  0.019109  0.015353  -0.019135  0.999816  0.001550  -0.015320  -0.001843  0.999881  0.000253  0.022132  
87.161668 0.003101  0.092149  -0.020530  0.996196  0.087057  0.003913  -0.086972  0.996044  -0.018239  -0.005486  0.017829  0.999826  0.000773  -0.003932  0.004336  0.006720  -0.569537  0.826971  2.000000  0.999679  0.019797  0.015818  -0.019824  0.999802  0.001527  -0.015785  -0.001840  0.999874  0.999753  0.018341  0.012518  -0.018335  0.999832  -0.000581  -0.012527  0.000351  0.999921  1.000000  0.000229  0.000157  -0.000229  1.000000  -0.000006  -0.000157  0.000006  1.000000  0.999679  0.019797  0.015818  -0.019824  0.999802  0.001527  -0.015785  -0.001840  0.999874  0.000253  0.022213  
87.162917 0.003101  0.092141  -0.020526  0.996118  0.087894  0.004820  -0.087792  0.995968  -0.018445  -0.006422  0.017951  0.999818  0.000787  -0.004329  0.004060  -0.002093  -0.574276  0.820416  2.000000  0.999643  0.020923  0.016604  -0.020950  0.999779  0.001476  -0.016569  -0.001824  0.999861  0.999759  0.017934  0.012657  -0.017925  0.999839  -0.000838  -0.012670  0.000611  0.999920  1.000000  0.000224  0.000158  -0.000224  1.000000  -0.000009  -0.000158  0.000009  1.000000  0.999643  0.020923  0.016604  -0.020950  0.999779  0.001476  -0.016569  -0.001824  0.999861  0.000252  0.021964  
87.163918 0.003100  0.092135  -0.020523  0.996041  0.088727  0.005461  -0.088612  0.995892  -0.018629  -0.007091  0.018072  0.999812  0.000778  -0.004551  0.003935  -0.006600  -0.578364  0.834150  2.000000  0.999614  0.021807  0.017236  -0.021835  0.999761  0.001423  -0.017201  -0.001799  0.999850  0.999766  0.017524  0.012662  -0.017513  0.999846  -0.000968  -0.012677  0.000746  0.999919  1.000000  0.000219  0.000158  -0.000219  1.000000  -0.000011  -0.000158  0.000011  1.000000  0.999614  0.021807  0.017236  -0.021835  0.999761  0.001423  -0.017201  -0.001799  0.999850  0.000254  0.021639  
87.165168 0.003100  0.092128  -0.020519  0.995961  0.089565  0.006367  -0.089431  0.995815  -0.018838  -0.008028  0.018193  0.999802  0.000695  -0.004767  0.003757  -0.015348  -0.587270  0.834292  2.000000  0.999575  0.022890  0.018027  -0.022918  0.999736  0.001347  -0.017991  -0.001759  0.999837  0.999778  0.016905  0.012538  -0.016893  0.999857  -0.001099  -0.012555  0.000887  0.999921  1.000000  0.000211  0.000157  -0.000211  1.000000  -0.000012  -0.000157  0.000012  1.000000  0.999575  0.022890  0.018027  -0.022918  0.999736  0.001347  -0.017991  -0.001759  0.999837  0.000255  0.021072  
87.166169 0.003100  0.092123  -0.020516  0.995901  0.090190  0.006878  -0.090046  0.995756  -0.019011  -0.008563  0.018314  0.999796  0.000609  -0.004939  0.003670  -0.019775  -0.591626  0.834334  2.000000  0.999544  0.023723  0.018659  -0.023751  0.999717  0.001275  -0.018624  -0.001717  0.999825  0.999784  0.016498  0.012677  -0.016482  0.999863  -0.001349  -0.012697  0.001140  0.999919  1.000000  0.000206  0.000159  -0.000206  1.000000  -0.000016  -0.000159  0.000016  1.000000  0.999544  0.023723  0.018659  -0.023751  0.999717  0.001275  -0.018624  -0.001717  0.999825  0.000256  0.020845  
87.167172 0.003100  0.092117  -0.020513  0.995858  0.090614  0.007525  -0.090456  0.995715  -0.019195  -0.009232  0.018435  0.999787  0.000464  -0.005179  0.003505  -0.028539  -0.605944  0.820719  2.000000  0.999513  0.024535  0.019294  -0.024563  0.999698  0.001192  -0.019259  -0.001666  0.999813  0.999788  0.016090  0.012816  -0.016073  0.999870  -0.001478  -0.012838  0.001271  0.999917  1.000000  0.000201  0.000160  -0.000201  1.000000  -0.000017  -0.000160  0.000017  1.000000  0.999513  0.024535  0.019294  -0.024563  0.999698  0.001192  -0.019259  -0.001666  0.999813  0.000256  0.020618  
87.168419 0.003100  0.092111  -0.020510  0.995795  0.091243  0.008157  -0.091070  0.995654  -0.019503  -0.009901  0.018678  0.999777  0.000339  -0.005312  0.003387  -0.037185  -0.610615  0.814152  2.000000  0.999481  0.025320  0.019932  -0.025347  0.999678  0.001109  -0.019897  -0.001613  0.999801  0.999795  0.015680  0.012822  -0.015663  0.999876  -0.001484  -0.012844  0.001283  0.999917  1.000000  0.000196  0.000160  -0.000196  1.000000  -0.000017  -0.000160  0.000017  1.000000  0.999481  0.025320  0.019932  -0.025347  0.999678  0.001109  -0.019897  -0.001613  0.999801  0.000256  0.020304  
87.169422 0.003100  0.092106  -0.020506  0.995733  0.091869  0.008667  -0.091685  0.995594  -0.019677  -0.010436  0.018799  0.999769  0.000248  -0.005388  0.003333  -0.045751  -0.610575  0.807011  2.000000  0.999448  0.026089  0.020571  -0.026116  0.999658  0.001015  -0.020538  -0.001552  0.999788  0.999801  0.015272  0.012826  -0.015251  0.999882  -0.001731  -0.012851  0.001535  0.999916  1.000000  0.000191  0.000160  -0.000191  1.000000  -0.000020  -0.000160  0.000020  1.000000  0.999448  0.026089  0.020571  -0.026116  0.999658  0.001015  -0.020538  -0.001552  0.999788  0.000253  0.020011  
87.170669 0.003099  0.092100  -0.020503  0.995668  0.092500  0.009442  -0.092299  0.995533  -0.019878  -0.011239  0.018920  0.999758  0.000047  -0.005514  0.003254  -0.054025  -0.610093  0.793534  2.000000  0.999406  0.027027  0.021376  -0.027052  0.999634  0.000888  -0.021344  -0.001466  0.999771  0.999807  0.014862  0.012832  -0.014839  0.999888  -0.001860  -0.012858  0.001669  0.999916  1.000000  0.000186  0.000161  -0.000186  1.000000  -0.000022  -0.000161  0.000022  1.000000  0.999406  0.027027  0.021376  -0.027052  0.999634  0.000888  -0.021344  -0.001466  0.999771  0.000252  0.019715  
87.171670 0.003098  0.092093  -0.020501  0.995603  0.093128  0.010085  -0.092913  0.995472  -0.020066  -0.011908  0.019041  0.999748  -0.000123  -0.005647  0.003110  -0.063156  -0.611066  0.779318  2.000000  0.999372  0.027748  0.022019  -0.027772  0.999614  0.000779  -0.021989  -0.001390  0.999757  0.999816  0.014246  0.012842  -0.014222  0.999897  -0.001984  -0.012869  0.001801  0.999916  1.000000  0.000178  0.000161  -0.000178  1.000000  -0.000024  -0.000161  0.000024  1.000000  0.999372  0.027748  0.022019  -0.027772  0.999614  0.000779  -0.021989  -0.001390  0.999757  0.000248  0.019274  
87.172671 0.003097  0.092086  -0.020499  0.995536  0.093760  0.010860  -0.093527  0.995410  -0.020268  -0.012711  0.019162  0.999736  -0.000288  -0.005802  0.002921  -0.067739  -0.615648  0.765449  2.000000  0.999338  0.028451  0.022660  -0.028473  0.999594  0.000662  -0.022632  -0.001307  0.999743  0.999822  0.013836  0.012848  -0.013810  0.999902  -0.002109  -0.012876  0.001932  0.999915  1.000000  0.000173  0.000161  -0.000173  1.000000  -0.000025  -0.000161  0.000025  1.000000  0.999338  0.028451  0.022660  -0.028473  0.999594  0.000662  -0.022632  -0.001307  0.999743  0.000248  0.018990  
87.173923 0.003094  0.092077  -0.020498  0.995467  0.094393  0.011624  -0.094141  0.995346  -0.020592  -0.013513  0.019405  0.999720  -0.000462  -0.005913  0.002680  -0.077075  -0.616730  0.743995  2.000000  0.999296  0.029294  0.023454  -0.029314  0.999570  0.000512  -0.023429  -0.001199  0.999725  0.999832  0.013219  0.012723  -0.013192  0.999910  -0.002235  -0.012751  0.002067  0.999917  1.000000  0.000165  0.000159  -0.000165  1.000000  -0.000027  -0.000159  0.000027  1.000000  0.999296  0.029294  0.023454  -0.029314  0.999570  0.000512  -0.023429  -0.001199  0.999725  0.000244  0.018474  
87.175240 0.003091  0.092068  -0.020497  0.995378  0.095229  0.012394  -0.094959  0.995264  -0.020799  -0.014316  0.019526  0.999707  -0.000663  -0.006023  0.002409  -0.084840  -0.619266  0.729340  2.000000  0.999253  0.030104  0.024239  -0.030122  0.999546  0.000351  -0.024217  -0.001081  0.999706  0.999836  0.013012  0.012591  -0.012983  0.999913  -0.002364  -0.012621  0.002200  0.999918  1.000000  0.000162  0.000158  -0.000162  1.000000  -0.000029  -0.000158  0.000029  1.000000  0.999253  0.030104  0.024239  -0.030122  0.999546  0.000351  -0.024217  -0.001081  0.999706  0.000241  0.018251  
87.176414 0.003088  0.092059  -0.020497  0.995308  0.095861  0.013168  -0.095573  0.995201  -0.021004  -0.015119  0.019647  0.999693  -0.000850  -0.006154  0.002224  -0.088990  -0.626196  0.713174  2.000000  0.999218  0.030752  0.024874  -0.030766  0.999527  0.000216  -0.024855  -0.000981  0.999691  0.999835  0.012813  0.012861  -0.012783  0.999915  -0.002371  -0.012891  0.002207  0.999914  1.000000  0.000160  0.000161  -0.000160  1.000000  -0.000029  -0.000161  0.000029  1.000000  0.999218  0.030752  0.024874  -0.030766  0.999527  0.000216  -0.024855  -0.000981  0.999691  0.000238  0.018299  
87.177419 0.003086  0.092051  -0.020495  0.995260  0.096283  0.013681  -0.095982  0.995158  -0.021181  -0.015654  0.019768  0.999682  -0.001012  -0.006208  0.002175  -0.089830  -0.625814  0.696755  2.000000  0.999182  0.031386  0.025513  -0.031398  0.999507  0.000077  -0.025498  -0.000878  0.999674  0.999838  0.012609  0.012864  -0.012578  0.999918  -0.002496  -0.012894  0.002334  0.999914  1.000000  0.000157  0.000161  -0.000157  1.000000  -0.000030  -0.000161  0.000030  1.000000  0.999182  0.031386  0.025513  -0.031398  0.999507  0.000077  -0.025498  -0.000878  0.999674  0.000237  0.018175  
87.178419 0.003084  0.092045  -0.020494  0.995192  0.096910  0.014188  -0.096596  0.995094  -0.021362  -0.016189  0.019889  0.999671  -0.001121  -0.006201  0.002043  -0.094224  -0.625882  0.689851  2.000000  0.999145  0.032008  0.026153  -0.032018  0.999487  -0.000068  -0.026142  -0.000770  0.999658  0.999840  0.012404  0.012867  -0.012372  0.999920  -0.002621  -0.012898  0.002461  0.999914  1.000000  0.000155  0.000161  -0.000155  1.000000  -0.000032  -0.000161  0.000032  1.000000  0.999145  0.032008  0.026153  -0.032018  0.999487  -0.000068  -0.026142  -0.000770  0.999658  0.000234  0.018053  
87.179473 0.003082  0.092040  -0.020493  0.995143  0.097332  0.014700  -0.097005  0.995051  -0.021540  -0.016724  0.020010  0.999660  -0.001225  -0.006165  0.001873  -0.098374  -0.625336  0.668179  2.000000  0.999109  0.032623  0.026787  -0.032629  0.999468  -0.000217  -0.026780  -0.000657  0.999641  0.999845  0.012197  0.012735  -0.012165  0.999923  -0.002624  -0.012766  0.002469  0.999915  1.000000  0.000152  0.000159  -0.000152  1.000000  -0.000032  -0.000159  0.000032  1.000000  0.999109  0.032623  0.026787  -0.032629  0.999468  -0.000217  -0.026780  -0.000657  0.999641  0.000232  0.017818  
87.180668 0.003080  0.092032  -0.020491  0.995072  0.097962  0.015341  -0.097618  0.994987  -0.021736  -0.017393  0.020131  0.999646  -0.001360  -0.006224  0.001706  -0.102079  -0.621317  0.649964  2.000000  0.999072  0.033225  0.027425  -0.033227  0.999448  -0.000369  -0.027422  -0.000543  0.999624  0.999845  0.011996  0.012872  -0.011961  0.999925  -0.002750  -0.012904  0.002595  0.999913  1.000000  0.000150  0.000161  -0.000150  1.000000  -0.000033  -0.000161  0.000033  1.000000  0.999072  0.033225  0.027425  -0.033227  0.999448  -0.000369  -0.027422  -0.000543  0.999624  0.000228  0.017798  
87.181917 0.003078  0.092025  -0.020490  0.994979  0.098796  0.015976  -0.098436  0.994902  -0.021935  -0.018062  0.020252  0.999632  -0.001489  -0.006226  0.001542  -0.106526  -0.612679  0.636171  2.000000  0.999024  0.033975  0.028218  -0.033973  0.999423  -0.000560  -0.028221  -0.000399  0.999602  0.999851  0.011786  0.012607  -0.011752  0.999927  -0.002754  -0.012639  0.002605  0.999917  1.000000  0.000147  0.000158  -0.000147  1.000000  -0.000034  -0.000158  0.000033  1.000000  0.999024  0.033975  0.028218  -0.033973  0.999423  -0.000560  -0.028221  -0.000399  0.999602  0.000222  0.017466  
87.182918 0.003077  0.092020  -0.020489  0.994906  0.099426  0.016616  -0.099050  0.994836  -0.022131  -0.018731  0.020373  0.999617  -0.001557  -0.006232  0.001453  -0.106837  -0.608290  0.622318  2.000000  0.998986  0.034569  0.028839  -0.034563  0.999402  -0.000712  -0.028846  -0.000285  0.999584  0.999853  0.011785  0.012472  -0.011751  0.999927  -0.002762  -0.012503  0.002615  0.999918  1.000000  0.000147  0.000156  -0.000147  1.000000  -0.000034  -0.000156  0.000034  1.000000  0.998986  0.034569  0.028839  -0.034563  0.999402  -0.000712  -0.028846  -0.000285  0.999584  0.000219  0.017369  
87.183923 0.003075  0.092015  -0.020488  0.994832  0.100056  0.017256  -0.099663  0.994771  -0.022329  -0.019400  0.020494  0.999602  -0.001660  -0.006274  0.001287  -0.112131  -0.609166  0.613695  2.000000  0.998957  0.035015  0.029307  -0.035006  0.999387  -0.000827  -0.029318  -0.000200  0.999570  0.999849  0.011995  0.012600  -0.011961  0.999925  -0.002773  -0.012632  0.002622  0.999917  1.000000  0.000150  0.000158  -0.000150  1.000000  -0.000034  -0.000158  0.000034  1.000000  0.998957  0.035015  0.029307  -0.035006  0.999387  -0.000827  -0.029318  -0.000200  0.999570  0.000218  0.017605  
87.184928 0.003074  0.092010  -0.020486  0.994781  0.100479  0.017767  -0.100071  0.994726  -0.022510  -0.019935  0.020615  0.999589  -0.001717  -0.006227  0.001245  -0.116460  -0.604577  0.606537  2.000000  0.998918  0.035610  0.029927  -0.035596  0.999366  -0.000981  -0.029943  -0.000086  0.999552  0.999853  0.011788  0.012469  -0.011754  0.999927  -0.002776  -0.012501  0.002629  0.999918  1.000000  0.000147  0.000156  -0.000147  1.000000  -0.000034  -0.000156  0.000034  1.000000  0.998918  0.035610  0.029927  -0.035596  0.999366  -0.000981  -0.029943  -0.000086  0.999552  0.000218  0.017371  
87.186172 0.003072  0.092004  -0.020483  0.994705  0.101109  0.018406  -0.100684  0.994659  -0.022709  -0.020604  0.020736  0.999573  -0.001773  -0.006111  0.001245  -0.115804  -0.604250  0.594969  2.000000  0.998878  0.036194  0.030546  -0.036176  0.999345  -0.001137  -0.030567  0.000030  0.999533  0.999855  0.011583  0.012472  -0.011550  0.999929  -0.002779  -0.012503  0.002635  0.999918  1.000000  0.000145  0.000156  -0.000145  1.000000  -0.000034  -0.000156  0.000034  1.000000  0.998878  0.036194  0.030546  -0.036176  0.999345  -0.001137  -0.030567  0.000030  0.999533  0.000214  0.017236  
87.187425 0.003070  0.091999  -0.020481  0.994626  0.101742  0.019178  -0.101297  0.994592  -0.022923  -0.021406  0.020857  0.999553  -0.001784  -0.005894  0.001267  -0.121127  -0.609398  0.586009  2.000000  0.998828  0.036916  0.031313  -0.036893  0.999318  -0.001333  -0.031341  0.000176  0.999509  0.999857  0.011379  0.012475  -0.011345  0.999932  -0.002784  -0.012505  0.002642  0.999918  1.000000  0.000142  0.000156  -0.000142  1.000000  -0.000034  -0.000156  0.000034  1.000000  0.998828  0.036916  0.031313  -0.036893  0.999318  -0.001333  -0.031341  0.000176  0.999509  0.000213  0.017102  
87.188669 0.003068  0.091994  -0.020477  0.994549  0.102375  0.019804  -0.101910  0.994522  -0.023244  -0.022075  0.021099  0.999534  -0.001761  -0.005692  0.001456  -0.125471  -0.605178  0.572301  2.000000  0.998777  0.037633  0.032080  -0.037604  0.999292  -0.001528  -0.032114  0.000320  0.999484  0.999861  0.011375  0.012206  -0.011343  0.999932  -0.002670  -0.012235  0.002531  0.999922  1.000000  0.000142  0.000153  -0.000142  1.000000  -0.000033  -0.000153  0.000032  1.000000  0.998777  0.037633  0.032080  -0.037604  0.999292  -0.001528  -0.032114  0.000320  0.999484  0.000211  0.016887  
87.189925 0.003066  0.091988  -0.020474  0.994471  0.103006  0.020442  -0.102523  0.994454  -0.023445  -0.022744  0.021220  0.999516  -0.001714  -0.005445  0.001606  -0.125705  -0.605020  0.565242  2.000000  0.998725  0.038343  0.032836  -0.038307  0.999265  -0.001725  -0.032878  0.000465  0.999459  0.999861  0.011378  0.012203  -0.011344  0.999932  -0.002799  -0.012234  0.002660  0.999922  1.000000  0.000142  0.000153  -0.000142  1.000000  -0.000034  -0.000153  0.000034  1.000000  0.998725  0.038343  0.032836  -0.038307  0.999265  -0.001725  -0.032878  0.000465  0.999459  0.000210  0.016907  
87.191173 0.003065  0.091983  -0.020471  0.994392  0.103637  0.021080  -0.103135  0.994386  -0.023648  -0.023413  0.021341  0.999498  -0.001585  -0.005145  0.001747  -0.126076  -0.596222  0.558334  2.000000  0.998673  0.039050  0.033588  -0.039007  0.999237  -0.001917  -0.033637  0.000604  0.999434  0.999865  0.011171  0.012072  -0.011139  0.999934  -0.002680  -0.012101  0.002545  0.999924  1.000000  0.000139  0.000151  -0.000139  1.000000  -0.000033  -0.000151  0.000033  1.000000  0.998673  0.039050  0.033588  -0.039007  0.999237  -0.001917  -0.033637  0.000604  0.999434  0.000208  0.016654  
87.192414 0.003064  0.091978  -0.020468  0.994312  0.104268  0.021718  -0.103748  0.994318  -0.023851  -0.024081  0.021462  0.999480  -0.001427  -0.004913  0.001840  -0.125690  -0.592608  0.555078  2.000000  0.998630  0.039616  0.034188  -0.039569  0.999215  -0.002070  -0.034243  0.000715  0.999413  0.999865  0.011170  0.012072  -0.011140  0.999935  -0.002566  -0.012100  0.002431  0.999924  1.000000  0.000139  0.000151  -0.000139  1.000000  -0.000031  -0.000151  0.000031  1.000000  0.998630  0.039616  0.034188  -0.039569  0.999215  -0.002070  -0.034243  0.000715  0.999413  0.000205  0.016637  
87.193419 0.003064  0.091974  -0.020465  0.994256  0.104689  0.022240  -0.104156  0.994273  -0.023915  -0.024616  0.021461  0.999467  -0.001341  -0.004740  0.001928  -0.122568  -0.582994  0.544410  2.000000  0.998587  0.040183  0.034782  -0.040130  0.999192  -0.002222  -0.034844  0.000823  0.999392  0.999866  0.011169  0.011937  -0.011139  0.999935  -0.002572  -0.011965  0.002439  0.999925  1.000000  0.000139  0.000149  -0.000139  1.000000  -0.000031  -0.000149  0.000031  1.000000  0.998587  0.040183  0.034782  -0.040130  0.999192  -0.002222  -0.034844  0.000823  0.999392  0.000204  0.016539  
87.194419 0.003064  0.091971  -0.020463  0.994179  0.105317  0.022745  -0.104768  0.994204  -0.024106  -0.025151  0.021582  0.999451  -0.001211  -0.004585  0.002011  -0.122882  -0.578403  0.544359  2.000000  0.998543  0.040744  0.035369  -0.040686  0.999169  -0.002369  -0.035436  0.000926  0.999372  0.999868  0.011166  0.011803  -0.011138  0.999935  -0.002456  -0.011830  0.002325  0.999927  1.000000  0.000139  0.000148  -0.000139  1.000000  -0.000030  -0.000148  0.000030  1.000000  0.998543  0.040744  0.035369  -0.040686  0.999169  -0.002369  -0.035436  0.000926  0.999372  0.000200  0.016423  
87.195419 0.003065  0.091968  -0.020460  0.994122  0.105738  0.023267  -0.105176  0.994160  -0.024171  -0.025687  0.021582  0.999437  -0.001024  -0.004324  0.002146  -0.119009  -0.574012  0.537382  2.000000  0.998500  0.041305  0.035949  -0.041241  0.999146  -0.002514  -0.036022  0.001027  0.999350  0.999870  0.011164  0.011668  -0.011136  0.999935  -0.002462  -0.011695  0.002332  0.999929  1.000000  0.000139  0.000146  -0.000139  1.000000  -0.000030  -0.000146  0.000030  1.000000  0.998500  0.041305  0.035949  -0.041241  0.999146  -0.002514  -0.036022  0.001027  0.999350  0.000199  0.016327  
87.196434 0.003065  0.091966  -0.020458  0.994046  0.106360  0.023651  -0.105789  0.994093  -0.024228  -0.026088  0.021582  0.999427  -0.000855  -0.004099  0.002193  -0.115140  -0.569294  0.537143  2.000000  0.998456  0.041863  0.036519  -0.041794  0.999123  -0.002653  -0.036598  0.001123  0.999329  0.999875  0.010953  0.011405  -0.010927  0.999938  -0.002340  -0.011430  0.002215  0.999932  1.000000  0.000137  0.000143  -0.000137  1.000000  -0.000028  -0.000143  0.000028  1.000000  0.998456  0.041863  0.036519  -0.041794  0.999123  -0.002653  -0.036598  0.001123  0.999329  0.000197  0.015976  
87.197668 0.003066  0.091962  -0.020455  0.993963  0.106989  0.024300  -0.106401  0.994026  -0.024314  -0.026757  0.021581  0.999409  -0.000691  -0.003931  0.002296  -0.110665  -0.564648  0.539810  2.000000  0.998401  0.042550  0.037211  -0.042475  0.999094  -0.002816  -0.037297  0.001231  0.999303  0.999878  0.010947  0.011137  -0.010924  0.999938  -0.002104  -0.011160  0.001983  0.999936  1.000000  0.000137  0.000139  -0.000137  1.000000  -0.000026  -0.000139  0.000026  1.000000  0.998401  0.042550  0.037211  -0.042475  0.999094  -0.002816  -0.037297  0.001231  0.999303  0.000197  0.015750  
87.198669 0.003068  0.091960  -0.020452  0.993909  0.107407  0.024689  -0.106809  0.993981  -0.024367  -0.027158  0.021581  0.999398  -0.000522  -0.003726  0.002434  -0.106751  -0.560343  0.532935  2.000000  0.998357  0.043095  0.037758  -0.043015  0.999070  -0.002942  -0.037850  0.001313  0.999283  0.999882  0.010738  0.011008  -0.010716  0.999940  -0.002103  -0.011030  0.001985  0.999937  1.000000  0.000134  0.000138  -0.000134  1.000000  -0.000026  -0.000138  0.000026  1.000000  0.998357  0.043095  0.037758  -0.043015  0.999070  -0.002942  -0.037850  0.001313  0.999283  0.000195  0.015514  
87.199673 0.003069  0.091957  -0.020449  0.993850  0.107830  0.025198  -0.107217  0.993932  -0.024555  -0.027693  0.021702  0.999381  -0.000357  -0.003601  0.002488  -0.107836  -0.555977  0.530225  2.000000  0.998324  0.043505  0.038171  -0.043420  0.999052  -0.003035  -0.038267  0.001372  0.999267  0.999878  0.010948  0.011136  -0.010925  0.999938  -0.002114  -0.011158  0.001993  0.999936  1.000000  0.000137  0.000139  -0.000137  1.000000  -0.000026  -0.000139  0.000026  1.000000  0.998324  0.043505  0.038171  -0.043420  0.999052  -0.003035  -0.038267  0.001372  0.999267  0.000194  0.015751  
87.200710 0.003070  0.091955  -0.020446  0.993795  0.108248  0.025587  -0.107625  0.993887  -0.024608  -0.028094  0.021702  0.999370  -0.000180  -0.003413  0.002583  -0.103781  -0.546464  0.522552  2.000000  0.998290  0.043917  0.038586  -0.043829  0.999034  -0.003127  -0.038686  0.001431  0.999250  0.999878  0.010948  0.011136  -0.010926  0.999938  -0.001997  -0.011157  0.001876  0.999936  1.000000  0.000137  0.000139  -0.000137  1.000000  -0.000024  -0.000139  0.000024  1.000000  0.998290  0.043917  0.038586  -0.043829  0.999034  -0.003127  -0.038686  0.001431  0.999250  0.000192  0.015737  
87.201919 0.003072  0.091952  -0.020441  0.993687  0.109081  0.026231  -0.108441  0.993796  -0.024702  -0.028763  0.021701  0.999351  0.000071  -0.003284  0.002705  -0.096151  -0.542690  0.523270  2.000000  0.998244  0.044469  0.039139  -0.044376  0.999010  -0.003246  -0.039244  0.001503  0.999229  0.999878  0.010948  0.011136  -0.010928  0.999939  -0.001883  -0.011156  0.001761  0.999936  1.000000  0.000137  0.000139  -0.000137  1.000000  -0.000023  -0.000139  0.000023  1.000000  0.998244  0.044469  0.039139  -0.044376  0.999010  -0.003246  -0.039244  0.001503  0.999229  0.000190  0.015723  
87.203169 0.003075  0.091950  -0.020436  0.993600  0.109713  0.026867  -0.109053  0.993724  -0.024912  -0.029431  0.021822  0.999329  0.000402  -0.003066  0.002813  -0.096529  -0.538133  0.523239  2.000000  0.998186  0.045156  0.039829  -0.045057  0.998979  -0.003388  -0.039941  0.001587  0.999201  0.999878  0.010948  0.011136  -0.010929  0.999939  -0.001769  -0.011155  0.001647  0.999936  1.000000  0.000137  0.000139  -0.000137  1.000000  -0.000021  -0.000139  0.000021  1.000000  0.998186  0.045156  0.039829  -0.045057  0.998979  -0.003388  -0.039941  0.001587  0.999201  0.000188  0.015710  
