1-Time 2-Px 3-Py 4-Pz 5-R11 6-R21 7-R31 8-R12 9-R22 10-R32 11-R13 12-R23 13-R33 14-Vx 15-Vy 16-Vz 17-Wx 18-Wy 19-Wz 20-state 21-PR11 22-PR21 23-PR31 24-PR12 25-PR22 26-PR32 27-PR13 28-PR23 29-PR33 
28.542872 0.004527  0.091307  -0.005130  0.997744  0.023391  0.062932  -0.023626  0.999716  0.002999  -0.062844  -0.004479  0.998013  0.002047  0.001876  0.001511  0.000000  0.000000  0.000000  2.000000  1.000000  0.000000  0.000000  0.000000  1.000000  0.000000  0.000000  0.000000  1.000000  1.000000  -0.000614  -0.000538  0.000614  1.000000  0.000039  0.000538  -0.000039  1.000000  1.000000  0.000000  0.000000  0.000000  1.000000  0.000000  0.000000  0.000000  1.000000  0.598672  0.635273  -0.487874  -0.675755  0.727589  0.118191  0.430055  0.258926  0.864876  0.000000  0.000000  
28.543881 0.004529  0.091308  -0.005129  0.997752  0.023391  0.062798  -0.023626  0.999716  0.003002  -0.062710  -0.004479  0.998022  0.002030  0.001800  0.001510  0.000000  0.000000  0.000000  2.000000  1.000000  0.000000  0.000000  0.000000  1.000000  0.000000  0.000000  0.000000  1.000000  1.000000  -0.000613  -0.000672  0.000613  1.000000  0.000039  0.000672  -0.000039  1.000000  1.000000  0.000000  0.000000  0.000000  1.000000  0.000000  0.000000  0.000000  1.000000  1.000000  0.000000  0.000000  0.000000  1.000000  0.000000  0.000000  0.000000  1.000000  0.000000  0.000000  
28.545132 0.004532  0.091309  -0.005129  0.997739  0.023597  0.062933  -0.023832  0.999712  0.002986  -0.062844  -0.004479  0.998013  0.002077  0.001686  0.001385  0.000000  0.000000  0.000000  2.000000  1.000000  0.000000  0.000000  0.000000  1.000000  0.000000  0.000000  0.000000  1.000000  1.000000  -0.000409  -0.000403  0.000409  1.000000  0.000026  0.000403  -0.000026  1.000000  1.000000  0.000000  0.000000  0.000000  1.000000  0.000000  0.000000  0.000000  1.000000  1.000000  0.000000  0.000000  0.000000  1.000000  0.000000  0.000000  0.000000  1.000000  0.000000  0.000000  
28.546378 0.004534  0.091308  -0.005131  0.997722  0.023595  0.063200  -0.023831  0.999712  0.002980  -0.063111  -0.004479  0.997996  0.002057  0.001482  0.001130  0.000000  0.000000  0.000000  2.000000  1.000000  0.000000  0.000000  0.000000  1.000000  0.000000  0.000000  0.000000  1.000000  1.000000  -0.000205  -0.000135  0.000205  1.000000  0.000013  0.000135  -0.000013  1.000000  1.000000  0.000000  0.000000  0.000000  1.000000  0.000000  0.000000  0.000000  1.000000  1.000000  0.000000  0.000000  0.000000  1.000000  0.000000  0.000000  0.000000  1.000000  0.000000  0.000000  
28.547380 0.004537  0.091308  -0.005131  0.997700  0.023800  0.063467  -0.024036  0.999707  0.002960  -0.063378  -0.004479  0.997980  0.002079  0.001316  0.000995  0.000000  0.000000  0.000000  2.000000  1.000000  0.000000  0.000000  0.000000  1.000000  0.000000  0.000000  0.000000  1.000000  1.000000  -0.000000  -0.000000  0.000000  1.000000  -0.000000  0.000000  0.000000  1.000000  1.000000  0.000000  0.000000  0.000000  1.000000  0.000000  0.000000  0.000000  1.000000  1.000000  0.000000  0.000000  0.000000  1.000000  0.000000  0.000000  0.000000  1.000000  0.000000  0.000000  
28.548625 0.004540  0.091307  -0.005132  0.997692  0.023799  0.063601  -0.024036  0.999707  0.002957  -0.063512  -0.004479  0.997971  0.002146  0.001095  0.000812  0.000000  0.000000  0.000000  2.000000  1.000000  0.000000  0.000000  0.000000  1.000000  0.000000  0.000000  0.000000  1.000000  1.000000  -0.000001  0.000268  0.000001  1.000000  0.000000  -0.000268  0.000000  1.000000  1.000000  0.000000  0.000000  0.000000  1.000000  0.000000  0.000000  0.000000  1.000000  1.000000  0.000000  0.000000  0.000000  1.000000  0.000000  0.000000  0.000000  1.000000  0.000000  0.000000  
28.549626 0.004543  0.091307  -0.005133  0.997692  0.023799  0.063601  -0.024036  0.999707  0.002957  -0.063512  -0.004479  0.997971  0.002227  0.000949  0.000629  0.000000  0.000000  0.000000  2.000000  1.000000  0.000000  0.000000  0.000000  1.000000  0.000000  0.000000  0.000000  1.000000  1.000000  -0.000001  0.000268  0.000001  1.000000  0.000000  -0.000268  0.000000  1.000000  1.000000  0.000000  0.000000  0.000000  1.000000  0.000000  0.000000  0.000000  1.000000  1.000000  0.000000  0.000000  0.000000  1.000000  0.000000  0.000000  0.000000  1.000000  0.000000  0.000000  
28.550627 0.004546  0.091306  -0.005134  0.997692  0.023792  0.063604  -0.024036  0.999706  0.003078  -0.063512  -0.004600  0.997970  0.002271  0.000755  0.000470  0.000000  0.000000  0.000000  2.000000  1.000000  0.000000  0.000000  0.000000  1.000000  0.000000  0.000000  0.000000  1.000000  1.000000  -0.000002  0.000401  0.000002  1.000000  0.000121  -0.000401  -0.000121  1.000000  1.000000  0.000000  0.000000  0.000000  1.000000  0.000000  0.000000  0.000000  1.000000  1.000000  0.000000  0.000000  0.000000  1.000000  0.000000  0.000000  0.000000  1.000000  0.000000  0.000000  
28.551628 0.004550  0.091305  -0.005135  0.997683  0.023791  0.063737  -0.024036  0.999706  0.003075  -0.063645  -0.004600  0.997962  0.002390  0.000611  0.000317  0.000000  0.000000  0.000000  2.000000  1.000000  0.000000  0.000000  0.000000  1.000000  0.000000  0.000000  0.000000  1.000000  1.000000  -0.000002  0.000535  0.000002  1.000000  0.000121  -0.000535  -0.000121  1.000000  1.000000  0.000000  0.000000  0.000000  1.000000  0.000000  0.000000  0.000000  1.000000  1.000000  0.000000  0.000000  0.000000  1.000000  0.000000  0.000000  0.000000  1.000000  0.000000  0.000000  
28.552877 0.004554  0.091304  -0.005137  0.997670  0.023996  0.063871  -0.024241  0.999701  0.003059  -0.063779  -0.004600  0.997953  0.002535  0.000381  0.000063  0.000000  0.000000  0.000000  2.000000  1.000000  0.000000  0.000000  0.000000  1.000000  0.000000  0.000000  0.000000  1.000000  1.000000  -0.000002  0.000535  0.000002  1.000000  0.000121  -0.000535  -0.000121  1.000000  1.000000  0.000000  0.000000  0.000000  1.000000  0.000000  0.000000  0.000000  1.000000  1.000000  0.000000  0.000000  0.000000  1.000000  0.000000  0.000000  0.000000  1.000000  0.000000  0.000000  
28.554128 0.004559  0.091302  -0.005138  0.997661  0.023996  0.064005  -0.024241  0.999701  0.003055  -0.063912  -0.004600  0.997945  0.002635  0.000127  -0.000178  0.000000  0.000000  0.000000  2.000000  1.000000  0.000000  0.000000  0.000000  1.000000  0.000000  0.000000  0.000000  1.000000  1.000000  0.000407  0.000805  -0.000407  1.000000  0.000095  -0.000805  -0.000095  1.000000  1.000000  0.000000  0.000000  0.000000  1.000000  0.000000  0.000000  0.000000  1.000000  1.000000  0.000000  0.000000  0.000000  1.000000  0.000000  0.000000  0.000000  1.000000  0.000000  0.000000  
28.555485 0.004564  0.091301  -0.005140  0.997639  0.024200  0.064272  -0.024446  0.999697  0.003036  -0.064179  -0.004600  0.997928  0.002806  -0.000123  -0.000388  0.000000  0.000000  0.000000  2.000000  1.000000  0.000000  0.000000  0.000000  1.000000  0.000000  0.000000  0.000000  1.000000  0.999999  0.000611  0.001207  -0.000611  1.000000  0.000082  -0.001207  -0.000082  0.999999  1.000000  0.000000  0.000000  0.000000  1.000000  0.000000  0.000000  0.000000  1.000000  1.000000  0.000000  0.000000  0.000000  1.000000  0.000000  0.000000  0.000000  1.000000  0.000000  0.000000  
28.556630 0.004570  0.091299  -0.005140  0.997613  0.024206  0.064670  -0.024445  0.999697  0.002905  -0.064580  -0.004479  0.997902  0.003034  -0.000424  -0.000583  0.000000  0.000000  0.000000  2.000000  1.000000  0.000000  0.000000  0.000000  1.000000  0.000000  0.000000  0.000000  1.000000  0.999999  0.000610  0.001475  -0.000610  1.000000  -0.000040  -0.001475  0.000039  0.999999  1.000000  0.000000  0.000000  0.000000  1.000000  0.000000  0.000000  0.000000  1.000000  1.000000  0.000000  0.000000  0.000000  1.000000  0.000000  0.000000  0.000000  1.000000  0.000000  0.000000  
28.557881 0.004574  0.091296  -0.005142  0.997599  0.024411  0.064804  -0.024650  0.999692  0.002888  -0.064713  -0.004479  0.997894  0.003170  -0.000775  -0.000782  0.000000  0.000000  0.000000  2.000000  1.000000  0.000000  0.000000  0.000000  1.000000  0.000000  0.000000  0.000000  1.000000  0.999998  0.000814  0.001743  -0.000814  1.000000  -0.000053  -0.001743  0.000052  0.999998  1.000000  0.000000  0.000000  0.000000  1.000000  0.000000  0.000000  0.000000  1.000000  1.000000  0.000000  0.000000  0.000000  1.000000  0.000000  0.000000  0.000000  1.000000  0.000000  0.000000  
28.558881 0.004578  0.091293  -0.005143  0.997591  0.024419  0.064934  -0.024650  0.999692  0.002764  -0.064847  -0.004357  0.997886  0.003250  -0.001045  -0.000944  0.000000  0.000000  0.000000  2.000000  1.000000  0.000000  0.000000  0.000000  1.000000  0.000000  0.000000  0.000000  1.000000  0.999998  0.000814  0.001877  -0.000813  1.000000  -0.000175  -0.001877  0.000173  0.999998  1.000000  0.000000  0.000000  0.000000  1.000000  0.000000  0.000000  0.000000  1.000000  1.000000  0.000000  0.000000  0.000000  1.000000  0.000000  0.000000  0.000000  1.000000  0.000000  0.000000  
28.559886 0.004581  0.091290  -0.005145  0.997577  0.024624  0.065068  -0.024855  0.999687  0.002747  -0.064980  -0.004357  0.997877  0.003296  -0.001283  -0.001048  0.000000  0.000000  0.000000  2.000000  1.000000  0.000000  0.000000  0.000000  1.000000  0.000000  0.000000  0.000000  1.000000  0.999997  0.001018  0.002145  -0.001018  0.999999  -0.000188  -0.002145  0.000186  0.999998  1.000000  0.000000  0.000000  0.000000  1.000000  0.000000  0.000000  0.000000  1.000000  1.000000  0.000000  0.000000  0.000000  1.000000  0.000000  0.000000  0.000000  1.000000  0.000000  0.000000  
28.561132 0.004584  0.091285  -0.005148  0.997568  0.024631  0.065199  -0.024855  0.999688  0.002622  -0.065114  -0.004236  0.997869  0.003403  -0.001547  -0.001144  0.000000  0.000000  0.000000  2.000000  1.000000  0.000000  0.000000  0.000000  1.000000  0.000000  0.000000  0.000000  1.000000  0.999997  0.001018  0.002279  -0.001017  0.999999  -0.000310  -0.002279  0.000307  0.999997  1.000000  0.000000  0.000000  0.000000  1.000000  0.000000  0.000000  0.000000  1.000000  1.000000  0.000000  0.000000  0.000000  1.000000  0.000000  0.000000  0.000000  1.000000  0.000000  0.000000  
28.562386 0.004588  0.091280  -0.005151  0.997560  0.024631  0.065332  -0.024855  0.999688  0.002619  -0.065247  -0.004236  0.997860  0.003401  -0.001843  -0.001323  0.000000  0.000000  0.000000  2.000000  1.000000  0.000000  0.000000  0.000000  1.000000  0.000000  0.000000  0.000000  1.000000  0.999996  0.001223  0.002414  -0.001222  0.999999  -0.000323  -0.002414  0.000320  0.999997  1.000000  0.000000  0.000000  0.000000  1.000000  0.000000  0.000000  0.000000  1.000000  1.000000  0.000000  0.000000  0.000000  1.000000  0.000000  0.000000  0.000000  1.000000  0.000000  0.000000  
28.563625 0.004592  0.091275  -0.005155  0.997537  0.024835  0.065600  -0.025060  0.999683  0.002599  -0.065514  -0.004236  0.997843  0.003485  -0.002115  -0.001486  0.000000  0.000000  0.000000  2.000000  1.000000  0.000000  0.000000  0.000000  1.000000  0.000000  0.000000  0.000000  1.000000  0.999996  0.001427  0.002548  -0.001427  0.999999  -0.000337  -0.002549  0.000333  0.999997  1.000000  0.000000  0.000000  0.000000  1.000000  0.000000  0.000000  0.000000  1.000000  1.000000  0.000000  0.000000  0.000000  1.000000  0.000000  0.000000  0.000000  1.000000  0.000000  0.000000  
28.564630 0.004596  0.091271  -0.005158  0.997528  0.024835  0.065733  -0.025059  0.999683  0.002595  -0.065648  -0.004236  0.997834  0.003503  -0.002456  -0.001725  0.000000  0.000000  0.000000  2.000000  1.000000  0.000000  0.000000  0.000000  1.000000  0.000000  0.000000  0.000000  1.000000  0.999995  0.001426  0.002950  -0.001425  0.999999  -0.000337  -0.002950  0.000333  0.999996  1.000000  0.000000  0.000000  0.000000  1.000000  0.000000  0.000000  0.000000  1.000000  1.000000  0.000000  0.000000  0.000000  1.000000  0.000000  0.000000  0.000000  1.000000  0.000000  0.000000  
28.565881 0.004600  0.091265  -0.005164  0.997505  0.025039  0.066001  -0.025264  0.999677  0.002575  -0.065915  -0.004236  0.997816  0.003503  -0.002750  -0.002001  0.000000  0.000000  0.000000  2.000000  1.000000  0.000000  0.000000  0.000000  1.000000  0.000000  0.000000  0.000000  1.000000  0.999994  0.001425  0.003083  -0.001424  0.999999  -0.000338  -0.003084  0.000333  0.999995  1.000000  0.000000  0.000000  0.000000  1.000000  0.000000  0.000000  0.000000  1.000000  1.000000  0.000000  0.000000  0.000000  1.000000  0.000000  0.000000  0.000000  1.000000  0.000000  0.000000  
28.567128 0.004604  0.091259  -0.005171  0.997488  0.025038  0.066268  -0.025264  0.999678  0.002568  -0.066182  -0.004236  0.997799  0.003480  -0.003113  -0.002324  0.000000  0.000000  0.000000  2.000000  1.000000  0.000000  0.000000  0.000000  1.000000  0.000000  0.000000  0.000000  1.000000  0.999994  0.001425  0.003083  -0.001424  0.999999  -0.000338  -0.003084  0.000334  0.999995  1.000000  0.000000  0.000000  0.000000  1.000000  0.000000  0.000000  0.000000  1.000000  1.000000  0.000000  0.000000  0.000000  1.000000  0.000000  0.000000  0.000000  1.000000  0.000000  0.000000  
28.568134 0.004607  0.091254  -0.005177  0.997474  0.025244  0.066402  -0.025469  0.999672  0.002551  -0.066315  -0.004236  0.997790  0.003431  -0.003402  -0.002677  0.000000  0.000000  0.000000  2.000000  1.000000  0.000000  0.000000  0.000000  1.000000  0.000000  0.000000  0.000000  1.000000  0.999995  0.001426  0.002950  -0.001425  0.999999  -0.000338  -0.002950  0.000334  0.999996  1.000000  0.000000  0.000000  0.000000  1.000000  0.000000  0.000000  0.000000  1.000000  1.000000  0.000000  0.000000  0.000000  1.000000  0.000000  0.000000  0.000000  1.000000  0.000000  0.000000  
28.569377 0.004611  0.091247  -0.005184  0.997465  0.025243  0.066535  -0.025469  0.999672  0.002548  -0.066449  -0.004236  0.997781  0.003407  -0.003722  -0.003056  0.000000  0.000000  0.000000  2.000000  1.000000  0.000000  0.000000  0.000000  1.000000  0.000000  0.000000  0.000000  1.000000  0.999995  0.001426  0.002950  -0.001425  0.999999  -0.000338  -0.002950  0.000334  0.999996  1.000000  0.000000  0.000000  0.000000  1.000000  0.000000  0.000000  0.000000  1.000000  1.000000  0.000000  0.000000  0.000000  1.000000  0.000000  0.000000  0.000000  1.000000  0.000000  0.000000  
28.570384 0.004614  0.091241  -0.005189  0.997456  0.025242  0.066669  -0.025469  0.999672  0.002544  -0.066582  -0.004236  0.997772  0.003328  -0.004016  -0.003322  0.000000  0.000000  0.000000  2.000000  1.000000  0.000000  0.000000  0.000000  1.000000  0.000000  0.000000  0.000000  1.000000  0.999994  0.001425  0.003083  -0.001424  0.999999  -0.000339  -0.003084  0.000334  0.999995  1.000000  0.000000  0.000000  0.000000  1.000000  0.000000  0.000000  0.000000  1.000000  1.000000  0.000000  0.000000  0.000000  1.000000  0.000000  0.000000  0.000000  1.000000  0.000000  0.000000  
28.571386 0.004617  0.091236  -0.005194  0.997442  0.025448  0.066802  -0.025674  0.999667  0.002527  -0.066716  -0.004236  0.997763  0.003218  -0.004288  -0.003657  0.000000  0.000000  0.000000  2.000000  1.000000  0.000000  0.000000  0.000000  1.000000  0.000000  0.000000  0.000000  1.000000  0.999994  0.001631  0.003084  -0.001629  0.999999  -0.000474  -0.003085  0.000469  0.999995  1.000000  0.000000  0.000000  0.000000  1.000000  0.000000  0.000000  0.000000  1.000000  1.000000  0.000000  0.000000  0.000000  1.000000  0.000000  0.000000  0.000000  1.000000  0.000000  0.000000  
28.572625 0.004620  0.091227  -0.005201  0.997442  0.025448  0.066802  -0.025674  0.999667  0.002527  -0.066716  -0.004236  0.997763  0.003082  -0.004629  -0.003956  0.000000  0.000000  0.000000  2.000000  1.000000  0.000000  0.000000  0.000000  1.000000  0.000000  0.000000  0.000000  1.000000  0.999994  0.001631  0.003084  -0.001629  0.999999  -0.000474  -0.003085  0.000469  0.999995  1.000000  0.000000  0.000000  0.000000  1.000000  0.000000  0.000000  0.000000  1.000000  1.000000  0.000000  0.000000  0.000000  1.000000  0.000000  0.000000  0.000000  1.000000  0.000000  0.000000  
28.573626 0.004622  0.091221  -0.005205  0.997433  0.025447  0.066936  -0.025673  0.999667  0.002524  -0.066849  -0.004236  0.997754  0.003006  -0.004849  -0.004161  0.000000  0.000000  0.000000  2.000000  1.000000  0.000000  0.000000  0.000000  1.000000  0.000000  0.000000  0.000000  1.000000  0.999994  0.001425  0.003083  -0.001424  0.999999  -0.000460  -0.003084  0.000456  0.999995  1.000000  0.000000  0.000000  0.000000  1.000000  0.000000  0.000000  0.000000  1.000000  1.000000  0.000000  0.000000  0.000000  1.000000  0.000000  0.000000  0.000000  1.000000  0.000000  0.000000  
28.574630 0.004625  0.091214  -0.005210  0.997418  0.025652  0.067070  -0.025879  0.999662  0.002507  -0.066983  -0.004236  0.997745  0.002988  -0.005094  -0.004357  0.000000  0.000000  0.000000  2.000000  1.000000  0.000000  0.000000  0.000000  1.000000  0.000000  0.000000  0.000000  1.000000  0.999994  0.001425  0.003083  -0.001424  0.999999  -0.000460  -0.003084  0.000456  0.999995  1.000000  0.000000  0.000000  0.000000  1.000000  0.000000  0.000000  0.000000  1.000000  1.000000  0.000000  0.000000  0.000000  1.000000  0.000000  0.000000  0.000000  1.000000  0.000000  0.000000  
28.575881 0.004628  0.091206  -0.005215  0.997401  0.025659  0.067334  -0.025878  0.999662  0.002378  -0.067250  -0.004115  0.997728  0.002971  -0.005349  -0.004595  0.000000  0.000000  0.000000  2.000000  1.000000  0.000000  0.000000  0.000000  1.000000  0.000000  0.000000  0.000000  1.000000  0.999995  0.001426  0.002949  -0.001424  0.999999  -0.000582  -0.002950  0.000578  0.999995  1.000000  0.000000  0.000000  0.000000  1.000000  0.000000  0.000000  0.000000  1.000000  1.000000  0.000000  0.000000  0.000000  1.000000  0.000000  0.000000  0.000000  1.000000  0.000000  0.000000  
28.577130 0.004632  0.091198  -0.005221  0.997386  0.025865  0.067468  -0.026083  0.999657  0.002361  -0.067383  -0.004115  0.997719  0.002980  -0.005594  -0.004732  0.000000  0.000000  0.000000  2.000000  1.000000  0.000000  0.000000  0.000000  1.000000  0.000000  0.000000  0.000000  1.000000  0.999995  0.001426  0.002816  -0.001425  0.999999  -0.000461  -0.002816  0.000457  0.999996  1.000000  0.000000  0.000000  0.000000  1.000000  0.000000  0.000000  0.000000  1.000000  1.000000  0.000000  0.000000  0.000000  1.000000  0.000000  0.000000  0.000000  1.000000  0.000000  0.000000  
28.578130 0.004634  0.091191  -0.005225  0.997377  0.025864  0.067601  -0.026083  0.999657  0.002358  -0.067517  -0.004115  0.997710  0.002919  -0.005785  -0.004883  0.000000  0.000000  0.000000  2.000000  1.000000  0.000000  0.000000  0.000000  1.000000  0.000000  0.000000  0.000000  1.000000  0.999995  0.001427  0.002682  -0.001426  0.999999  -0.000461  -0.002682  0.000457  0.999996  1.000000  0.000000  0.000000  0.000000  1.000000  0.000000  0.000000  0.000000  1.000000  1.000000  0.000000  0.000000  0.000000  1.000000  0.000000  0.000000  0.000000  1.000000  0.000000  0.000000  
28.579131 0.004637  0.091184  -0.005231  0.997377  0.025864  0.067601  -0.026083  0.999657  0.002358  -0.067517  -0.004115  0.997710  0.002883  -0.005906  -0.004979  0.000000  0.000000  0.000000  2.000000  1.000000  0.000000  0.000000  0.000000  1.000000  0.000000  0.000000  0.000000  1.000000  0.999995  0.001427  0.002682  -0.001426  0.999999  -0.000340  -0.002682  0.000336  0.999996  1.000000  0.000000  0.000000  0.000000  1.000000  0.000000  0.000000  0.000000  1.000000  1.000000  0.000000  0.000000  0.000000  1.000000  0.000000  0.000000  0.000000  1.000000  0.000000  0.000000  
28.580132 0.004640  0.091178  -0.005236  0.997377  0.025872  0.067598  -0.026083  0.999657  0.002236  -0.067517  -0.003994  0.997710  0.002825  -0.006082  -0.005089  0.000000  0.000000  0.000000  2.000000  1.000000  0.000000  0.000000  0.000000  1.000000  0.000000  0.000000  0.000000  1.000000  0.999996  0.001222  0.002547  -0.001221  0.999999  -0.000447  -0.002548  0.000444  0.999997  1.000000  0.000000  0.000000  0.000000  1.000000  0.000000  0.000000  0.000000  1.000000  1.000000  0.000000  0.000000  0.000000  1.000000  0.000000  0.000000  0.000000  1.000000  0.000000  0.000000  
28.581381 0.004644  0.091170  -0.005243  0.997368  0.025872  0.067731  -0.026083  0.999657  0.002233  -0.067650  -0.003994  0.997701  0.002800  -0.006215  -0.005134  0.000000  0.000000  0.000000  2.000000  1.000000  0.000000  0.000000  0.000000  1.000000  0.000000  0.000000  0.000000  1.000000  0.999996  0.001222  0.002547  -0.001222  0.999999  -0.000326  -0.002547  0.000323  0.999997  1.000000  0.000000  0.000000  0.000000  1.000000  0.000000  0.000000  0.000000  1.000000  1.000000  0.000000  0.000000  0.000000  1.000000  0.000000  0.000000  0.000000  1.000000  0.000000  0.000000  
28.582630 0.004647  0.091162  -0.005250  0.997363  0.026069  0.067735  -0.026288  0.999652  0.002340  -0.067650  -0.004115  0.997701  0.002794  -0.006316  -0.005124  0.000000  0.000000  0.000000  2.000000  1.000000  0.000000  0.000000  0.000000  1.000000  0.000000  0.000000  0.000000  1.000000  0.999996  0.001428  0.002414  -0.001428  0.999999  -0.000219  -0.002415  0.000215  0.999997  1.000000  0.000000  0.000000  0.000000  1.000000  0.000000  0.000000  0.000000  1.000000  1.000000  0.000000  0.000000  0.000000  1.000000  0.000000  0.000000  0.000000  1.000000  0.000000  0.000000  
28.583877 0.004652  0.091154  -0.005258  0.997354  0.026069  0.067868  -0.026288  0.999652  0.002337  -0.067784  -0.004115  0.997692  0.002793  -0.006398  -0.005159  0.000000  0.000000  0.000000  2.000000  1.000000  0.000000  0.000000  0.000000  1.000000  0.000000  0.000000  0.000000  1.000000  0.999997  0.001223  0.002280  -0.001223  0.999999  -0.000205  -0.002280  0.000202  0.999997  1.000000  0.000000  0.000000  0.000000  1.000000  0.000000  0.000000  0.000000  1.000000  1.000000  0.000000  0.000000  0.000000  1.000000  0.000000  0.000000  0.000000  1.000000  0.000000  0.000000  
28.584878 0.004655  0.091147  -0.005264  0.997345  0.026068  0.068002  -0.026288  0.999652  0.002333  -0.067917  -0.004115  0.997682  0.002790  -0.006477  -0.005193  0.000000  0.000000  0.000000  2.000000  1.000000  0.000000  0.000000  0.000000  1.000000  0.000000  0.000000  0.000000  1.000000  0.999997  0.001223  0.002280  -0.001223  0.999999  -0.000205  -0.002280  0.000202  0.999997  1.000000  0.000000  0.000000  0.000000  1.000000  0.000000  0.000000  0.000000  1.000000  1.000000  0.000000  0.000000  0.000000  1.000000  0.000000  0.000000  0.000000  1.000000  0.000000  0.000000  
28.586126 0.004659  0.091139  -0.005273  0.997330  0.026273  0.068136  -0.026493  0.999646  0.002316  -0.068051  -0.004115  0.997673  0.002817  -0.006570  -0.005300  0.000000  0.000000  0.000000  2.000000  1.000000  0.000000  0.000000  0.000000  1.000000  0.000000  0.000000  0.000000  1.000000  0.999997  0.001224  0.002146  -0.001223  0.999999  -0.000205  -0.002146  0.000203  0.999998  1.000000  0.000000  0.000000  0.000000  1.000000  0.000000  0.000000  0.000000  1.000000  1.000000  0.000000  0.000000  0.000000  1.000000  0.000000  0.000000  0.000000  1.000000  0.000000  0.000000  
28.587155 0.004661  0.091131  -0.005280  0.997321  0.026273  0.068269  -0.026492  0.999646  0.002312  -0.068184  -0.004114  0.997664  0.002817  -0.006670  -0.005442  0.000000  0.000000  0.000000  2.000000  1.000000  0.000000  0.000000  0.000000  1.000000  0.000000  0.000000  0.000000  1.000000  0.999997  0.001224  0.002012  -0.001224  0.999999  -0.000206  -0.002012  0.000203  0.999998  1.000000  0.000000  0.000000  0.000000  1.000000  0.000000  0.000000  0.000000  1.000000  1.000000  0.000000  0.000000  0.000000  1.000000  0.000000  0.000000  0.000000  1.000000  0.000000  0.000000  
28.588484 0.004665  0.091122  -0.005289  0.997297  0.026469  0.068540  -0.026697  0.999641  0.002412  -0.068451  -0.004235  0.997645  0.002859  -0.006711  -0.005629  0.000000  0.000000  0.000000  2.000000  1.000000  0.000000  0.000000  0.000000  1.000000  0.000000  0.000000  0.000000  1.000000  0.999997  0.001224  0.002012  -0.001224  0.999999  -0.000206  -0.002012  0.000203  0.999998  1.000000  0.000000  0.000000  0.000000  1.000000  0.000000  0.000000  0.000000  1.000000  1.000000  0.000000  0.000000  0.000000  1.000000  0.000000  0.000000  0.000000  1.000000  0.000000  0.000000  
28.589626 0.004668  0.091112  -0.005298  0.997297  0.026469  0.068540  -0.026697  0.999641  0.002412  -0.068451  -0.004235  0.997645  0.002908  -0.006830  -0.005846  0.000000  0.000000  0.000000  2.000000  1.000000  0.000000  0.000000  0.000000  1.000000  0.000000  0.000000  0.000000  1.000000  0.999997  0.001224  0.002012  -0.001224  0.999999  -0.000085  -0.002012  0.000082  0.999998  1.000000  0.000000  0.000000  0.000000  1.000000  0.000000  0.000000  0.000000  1.000000  1.000000  0.000000  0.000000  0.000000  1.000000  0.000000  0.000000  0.000000  1.000000  0.000000  0.000000  
28.590626 0.004671  0.091104  -0.005305  0.997288  0.026469  0.068673  -0.026697  0.999641  0.002409  -0.068585  -0.004235  0.997636  0.002929  -0.006909  -0.006067  0.000000  0.000000  0.000000  2.000000  1.000000  0.000000  0.000000  0.000000  1.000000  0.000000  0.000000  0.000000  1.000000  0.999997  0.001224  0.002012  -0.001224  0.999999  -0.000085  -0.002012  0.000082  0.999998  1.000000  0.000000  0.000000  0.000000  1.000000  0.000000  0.000000  0.000000  1.000000  1.000000  0.000000  0.000000  0.000000  1.000000  0.000000  0.000000  0.000000  1.000000  0.000000  0.000000  
28.591630 0.004675  0.091097  -0.005312  0.997282  0.026675  0.068674  -0.026902  0.999635  0.002394  -0.068585  -0.004235  0.997636  0.002979  -0.006923  -0.006225  0.000000  0.000000  0.000000  2.000000  1.000000  0.000000  0.000000  0.000000  1.000000  0.000000  0.000000  0.000000  1.000000  0.999997  0.001224  0.002012  -0.001224  0.999999  -0.000085  -0.002012  0.000082  0.999998  1.000000  0.000000  0.000000  0.000000  1.000000  0.000000  0.000000  0.000000  1.000000  1.000000  0.000000  0.000000  0.000000  1.000000  0.000000  0.000000  0.000000  1.000000  0.000000  0.000000  
28.592882 0.004679  0.091089  -0.005319  0.997273  0.026674  0.068807  -0.026902  0.999635  0.002391  -0.068718  -0.004235  0.997627  0.003049  -0.006943  -0.006375  0.000000  0.000000  0.000000  2.000000  1.000000  0.000000  0.000000  0.000000  1.000000  0.000000  0.000000  0.000000  1.000000  0.999997  0.001224  0.002012  -0.001224  0.999999  -0.000085  -0.002012  0.000082  0.999998  1.000000  0.000000  0.000000  0.000000  1.000000  0.000000  0.000000  0.000000  1.000000  1.000000  0.000000  0.000000  0.000000  1.000000  0.000000  0.000000  0.000000  1.000000  0.000000  0.000000  
28.594130 0.004684  0.091080  -0.005328  0.997273  0.026674  0.068807  -0.026902  0.999635  0.002391  -0.068718  -0.004235  0.997627  0.003129  -0.006976  -0.006455  0.000000  0.000000  0.000000  2.000000  1.000000  0.000000  0.000000  0.000000  1.000000  0.000000  0.000000  0.000000  1.000000  0.999997  0.001224  0.001878  -0.001224  0.999999  -0.000085  -0.001878  0.000083  0.999998  1.000000  0.000000  0.000000  0.000000  1.000000  0.000000  0.000000  0.000000  1.000000  1.000000  0.000000  0.000000  0.000000  1.000000  0.000000  0.000000  0.000000  1.000000  0.000000  0.000000  
28.595378 0.004688  0.091071  -0.005335  0.997259  0.026871  0.068944  -0.027107  0.999629  0.002494  -0.068852  -0.004356  0.997617  0.003207  -0.006985  -0.006526  0.000000  0.000000  0.000000  2.000000  1.000000  0.000000  0.000000  0.000000  1.000000  0.000000  0.000000  0.000000  1.000000  0.999998  0.001019  0.001744  -0.001020  0.999999  0.000172  -0.001744  -0.000174  0.999998  1.000000  0.000000  0.000000  0.000000  1.000000  0.000000  0.000000  0.000000  1.000000  1.000000  0.000000  0.000000  0.000000  1.000000  0.000000  0.000000  0.000000  1.000000  0.000000  0.000000  
28.596382 0.004693  0.091065  -0.005341  0.997249  0.026870  0.069078  -0.027107  0.999629  0.002491  -0.068985  -0.004356  0.997608  0.003290  -0.007021  -0.006541  0.000000  0.000000  0.000000  2.000000  1.000000  0.000000  0.000000  0.000000  1.000000  0.000000  0.000000  0.000000  1.000000  0.999998  0.001225  0.001745  -0.001225  0.999999  0.000157  -0.001745  -0.000160  0.999998  1.000000  0.000000  0.000000  0.000000  1.000000  0.000000  0.000000  0.000000  1.000000  1.000000  0.000000  0.000000  0.000000  1.000000  0.000000  0.000000  0.000000  1.000000  0.000000  0.000000  
28.597631 0.004698  0.091057  -0.005348  0.997240  0.026870  0.069211  -0.027107  0.999629  0.002487  -0.069119  -0.004356  0.997599  0.003375  -0.007039  -0.006467  0.000000  0.000000  0.000000  2.000000  1.000000  0.000000  0.000000  0.000000  1.000000  0.000000  0.000000  0.000000  1.000000  0.999998  0.001019  0.001744  -0.001020  0.999999  0.000171  -0.001744  -0.000173  0.999998  1.000000  0.000000  0.000000  0.000000  1.000000  0.000000  0.000000  0.000000  1.000000  1.000000  0.000000  0.000000  0.000000  1.000000  0.000000  0.000000  0.000000  1.000000  0.000000  0.000000  
28.598880 0.004703  0.091049  -0.005354  0.997231  0.026869  0.069345  -0.027106  0.999629  0.002483  -0.069252  -0.004356  0.997590  0.003413  -0.007036  -0.006436  0.000000  0.000000  0.000000  2.000000  1.000000  0.000000  0.000000  0.000000  1.000000  0.000000  0.000000  0.000000  1.000000  0.999998  0.001020  0.001610  -0.001020  0.999999  0.000171  -0.001610  -0.000173  0.999999  1.000000  0.000000  0.000000  0.000000  1.000000  0.000000  0.000000  0.000000  1.000000  1.000000  0.000000  0.000000  0.000000  1.000000  0.000000  0.000000  0.000000  1.000000  0.000000  0.000000  
28.600146 0.004708  0.091041  -0.005361  0.997225  0.027083  0.069342  -0.027312  0.999624  0.002348  -0.069252  -0.004235  0.997590  0.003490  -0.006945  -0.006335  0.000000  0.000000  0.000000  2.000000  1.000000  0.000000  0.000000  0.000000  1.000000  0.000000  0.000000  0.000000  1.000000  0.999998  0.001225  0.001745  -0.001225  0.999999  0.000157  -0.001744  -0.000159  0.999998  1.000000  0.000000  0.000000  0.000000  1.000000  0.000000  0.000000  0.000000  1.000000  1.000000  0.000000  0.000000  0.000000  1.000000  0.000000  0.000000  0.000000  1.000000  0.000000  0.000000  
28.601382 0.004712  0.091033  -0.005369  0.997225  0.027083  0.069342  -0.027312  0.999624  0.002348  -0.069252  -0.004235  0.997590  0.003542  -0.006895  -0.006266  0.000000  0.000000  0.000000  2.000000  1.000000  0.000000  0.000000  0.000000  1.000000  0.000000  0.000000  0.000000  1.000000  0.999998  0.001226  0.001611  -0.001226  0.999999  0.000157  -0.001611  -0.000159  0.999999  1.000000  0.000000  0.000000  0.000000  1.000000  0.000000  0.000000  0.000000  1.000000  1.000000  0.000000  0.000000  0.000000  1.000000  0.000000  0.000000  0.000000  1.000000  0.000000  0.000000  
28.602623 0.004717  0.091025  -0.005377  0.997216  0.027083  0.069475  -0.027311  0.999624  0.002344  -0.069386  -0.004235  0.997581  0.003654  -0.006795  -0.006213  0.000000  0.000000  0.000000  2.000000  1.000000  0.000000  0.000000  0.000000  1.000000  0.000000  0.000000  0.000000  1.000000  0.999998  0.001020  0.001744  -0.001020  0.999999  0.000050  -0.001744  -0.000052  0.999998  1.000000  0.000000  0.000000  0.000000  1.000000  0.000000  0.000000  0.000000  1.000000  1.000000  0.000000  0.000000  0.000000  1.000000  0.000000  0.000000  0.000000  1.000000  0.000000  0.000000  
28.603626 0.004721  0.091018  -0.005384  0.997207  0.027082  0.069609  -0.027311  0.999624  0.002341  -0.069519  -0.004235  0.997572  0.003693  -0.006744  -0.006182  0.000000  0.000000  0.000000  2.000000  1.000000  0.000000  0.000000  0.000000  1.000000  0.000000  0.000000  0.000000  1.000000  0.999998  0.001019  0.001877  -0.001019  0.999999  0.000050  -0.001877  -0.000052  0.999998  1.000000  0.000000  0.000000  0.000000  1.000000  0.000000  0.000000  0.000000  1.000000  1.000000  0.000000  0.000000  0.000000  1.000000  0.000000  0.000000  0.000000  1.000000  0.000000  0.000000  
28.604626 0.004724  0.091012  -0.005390  0.997197  0.027082  0.069742  -0.027311  0.999624  0.002337  -0.069653  -0.004235  0.997562  0.003758  -0.006686  -0.006170  0.000000  0.000000  0.000000  2.000000  1.000000  0.000000  0.000000  0.000000  1.000000  0.000000  0.000000  0.000000  1.000000  0.999998  0.001020  0.001744  -0.001020  0.999999  0.000050  -0.001744  -0.000052  0.999998  1.000000  0.000000  0.000000  0.000000  1.000000  0.000000  0.000000  0.000000  1.000000  1.000000  0.000000  0.000000  0.000000  1.000000  0.000000  0.000000  0.000000  1.000000  0.000000  0.000000  
28.605877 0.004729  0.091004  -0.005398  0.997182  0.027278  0.069879  -0.027516  0.999618  0.002440  -0.069786  -0.004356  0.997552  0.003803  -0.006593  -0.006126  0.000000  0.000000  0.000000  2.000000  1.000000  0.000000  0.000000  0.000000  1.000000  0.000000  0.000000  0.000000  1.000000  0.999998  0.001020  0.001610  -0.001020  0.999999  0.000171  -0.001610  -0.000173  0.999999  1.000000  0.000000  0.000000  0.000000  1.000000  0.000000  0.000000  0.000000  1.000000  1.000000  0.000000  0.000000  0.000000  1.000000  0.000000  0.000000  0.000000  1.000000  0.000000  0.000000  
28.606896 0.004734  0.090998  -0.005405  0.997173  0.027278  0.070013  -0.027516  0.999618  0.002436  -0.069920  -0.004356  0.997543  0.003857  -0.006525  -0.006073  0.000000  0.000000  0.000000  2.000000  1.000000  0.000000  0.000000  0.000000  1.000000  0.000000  0.000000  0.000000  1.000000  0.999998  0.001020  0.001610  -0.001020  0.999999  0.000171  -0.001610  -0.000172  0.999999  1.000000  0.000000  0.000000  0.000000  1.000000  0.000000  0.000000  0.000000  1.000000  1.000000  0.000000  0.000000  0.000000  1.000000  0.000000  0.000000  0.000000  1.000000  0.000000  0.000000  
28.608130 0.004739  0.090990  -0.005412  0.997173  0.027278  0.070013  -0.027516  0.999618  0.002436  -0.069920  -0.004356  0.997543  0.003949  -0.006466  -0.006079  0.000000  0.000000  0.000000  2.000000  1.000000  0.000000  0.000000  0.000000  1.000000  0.000000  0.000000  0.000000  1.000000  0.999998  0.000815  0.001609  -0.000815  1.000000  0.000185  -0.001609  -0.000186  0.999999  1.000000  0.000000  0.000000  0.000000  1.000000  0.000000  0.000000  0.000000  1.000000  1.000000  0.000000  0.000000  0.000000  1.000000  0.000000  0.000000  0.000000  1.000000  0.000000  0.000000  
28.609142 0.004744  0.090984  -0.005418  0.997164  0.027277  0.070146  -0.027515  0.999618  0.002433  -0.070053  -0.004356  0.997534  0.004020  -0.006377  -0.006021  0.000000  0.000000  0.000000  2.000000  1.000000  0.000000  0.000000  0.000000  1.000000  0.000000  0.000000  0.000000  1.000000  0.999998  0.000815  0.001609  -0.000815  1.000000  0.000064  -0.001609  -0.000065  0.999999  1.000000  0.000000  0.000000  0.000000  1.000000  0.000000  0.000000  0.000000  1.000000  1.000000  0.000000  0.000000  0.000000  1.000000  0.000000  0.000000  0.000000  1.000000  0.000000  0.000000  
28.610382 0.004750  0.090976  -0.005426  0.997164  0.027277  0.070146  -0.027515  0.999618  0.002433  -0.070053  -0.004356  0.997534  0.004065  -0.006344  -0.006059  0.000000  0.000000  0.000000  2.000000  1.000000  0.000000  0.000000  0.000000  1.000000  0.000000  0.000000  0.000000  1.000000  0.999999  0.000815  0.001475  -0.000815  1.000000  0.000064  -0.001475  -0.000065  0.999999  1.000000  0.000000  0.000000  0.000000  1.000000  0.000000  0.000000  0.000000  1.000000  1.000000  0.000000  0.000000  0.000000  1.000000  0.000000  0.000000  0.000000  1.000000  0.000000  0.000000  
28.611627 0.004755  0.090968  -0.005433  0.997154  0.027268  0.070283  -0.027515  0.999618  0.002550  -0.070187  -0.004477  0.997524  0.004069  -0.006320  -0.006057  0.000000  0.000000  0.000000  2.000000  1.000000  0.000000  0.000000  0.000000  1.000000  0.000000  0.000000  0.000000  1.000000  0.999999  0.000609  0.001608  -0.000609  1.000000  0.000199  -0.001608  -0.000200  0.999999  1.000000  0.000000  0.000000  0.000000  1.000000  0.000000  0.000000  0.000000  1.000000  1.000000  0.000000  0.000000  0.000000  1.000000  0.000000  0.000000  0.000000  1.000000  0.000000  0.000000  
28.612628 0.004759  0.090962  -0.005439  0.997154  0.027268  0.070283  -0.027515  0.999618  0.002550  -0.070187  -0.004477  0.997524  0.004083  -0.006325  -0.006091  0.000000  0.000000  0.000000  2.000000  1.000000  0.000000  0.000000  0.000000  1.000000  0.000000  0.000000  0.000000  1.000000  0.999999  0.000609  0.001608  -0.000609  1.000000  0.000199  -0.001608  -0.000200  0.999999  1.000000  0.000000  0.000000  0.000000  1.000000  0.000000  0.000000  0.000000  1.000000  1.000000  0.000000  0.000000  0.000000  1.000000  0.000000  0.000000  0.000000  1.000000  0.000000  0.000000  
28.613630 0.004764  0.090955  -0.005444  0.997154  0.027268  0.070283  -0.027515  0.999618  0.002550  -0.070187  -0.004477  0.997524  0.004126  -0.006344  -0.006092  0.000000  0.000000  0.000000  2.000000  1.000000  0.000000  0.000000  0.000000  1.000000  0.000000  0.000000  0.000000  1.000000  0.999999  0.000610  0.001475  -0.000610  1.000000  0.000199  -0.001474  -0.000200  0.999999  1.000000  0.000000  0.000000  0.000000  1.000000  0.000000  0.000000  0.000000  1.000000  1.000000  0.000000  0.000000  0.000000  1.000000  0.000000  0.000000  0.000000  1.000000  0.000000  0.000000  
28.614632 0.004768  0.090949  -0.005449  0.997139  0.027473  0.070417  -0.027720  0.999613  0.002532  -0.070320  -0.004477  0.997514  0.004133  -0.006368  -0.006080  0.000000  0.000000  0.000000  2.000000  1.000000  0.000000  0.000000  0.000000  1.000000  0.000000  0.000000  0.000000  1.000000  0.999998  0.000814  0.001609  -0.000815  1.000000  0.000185  -0.001609  -0.000186  0.999999  1.000000  0.000000  0.000000  0.000000  1.000000  0.000000  0.000000  0.000000  1.000000  1.000000  0.000000  0.000000  0.000000  1.000000  0.000000  0.000000  0.000000  1.000000  0.000000  0.000000  
28.615876 0.004774  0.090941  -0.005455  0.997139  0.027473  0.070417  -0.027720  0.999613  0.002532  -0.070320  -0.004477  0.997514  0.004200  -0.006364  -0.005947  0.000000  0.000000  0.000000  2.000000  1.000000  0.000000  0.000000  0.000000  1.000000  0.000000  0.000000  0.000000  1.000000  0.999999  0.000610  0.001475  -0.000610  1.000000  0.000078  -0.001474  -0.000079  0.999999  1.000000  0.000000  0.000000  0.000000  1.000000  0.000000  0.000000  0.000000  1.000000  1.000000  0.000000  0.000000  0.000000  1.000000  0.000000  0.000000  0.000000  1.000000  0.000000  0.000000  
28.617125 0.004779  0.090934  -0.005461  0.997130  0.027481  0.070547  -0.027720  0.999613  0.002407  -0.070453  -0.004356  0.997506  0.004244  -0.006329  -0.005830  0.000000  0.000000  0.000000  2.000000  1.000000  0.000000  0.000000  0.000000  1.000000  0.000000  0.000000  0.000000  1.000000  0.999999  0.000610  0.001474  -0.000610  1.000000  -0.000044  -0.001474  0.000043  0.999999  1.000000  0.000000  0.000000  0.000000  1.000000  0.000000  0.000000  0.000000  1.000000  1.000000  0.000000  0.000000  0.000000  1.000000  0.000000  0.000000  0.000000  1.000000  0.000000  0.000000  
28.618130 0.004783  0.090928  -0.005466  0.997130  0.027481  0.070547  -0.027720  0.999613  0.002407  -0.070453  -0.004356  0.997506  0.004304  -0.006258  -0.005692  0.000000  0.000000  0.000000  2.000000  1.000000  0.000000  0.000000  0.000000  1.000000  0.000000  0.000000  0.000000  1.000000  0.999999  0.000610  0.001341  -0.000610  1.000000  -0.000044  -0.001341  0.000043  0.999999  1.000000  0.000000  0.000000  0.000000  1.000000  0.000000  0.000000  0.000000  1.000000  1.000000  0.000000  0.000000  0.000000  1.000000  0.000000  0.000000  0.000000  1.000000  0.000000  0.000000  
