1-Time 2-Px 3-Py 4-Pz 5-R11 6-R21 7-R31 8-R12 9-R22 10-R32 11-R13 12-R23 13-R33 14-Vx 15-Vy 16-Vz 17-Wx 18-Wy 19-Wz 20-state 21-PR11 22-PR21 23-PR31 24-PR12 25-PR22 26-PR32 27-PR13 28-PR23 29-PR33 
49.807117 0.003915  0.089446  -0.008260  0.999811  0.012604  -0.014768  -0.012968  0.999608  -0.024795  0.014450  0.024982  0.999583  -0.000123  0.000085  0.000579  0.000000  0.000000  0.000000  2.000000  1.000000  0.000000  0.000000  0.000000  1.000000  0.000000  0.000000  0.000000  1.000000  1.000000  -0.000226  -0.000797  0.000226  1.000000  0.000118  0.000797  -0.000118  1.000000  1.000000  0.000000  0.000000  0.000000  1.000000  0.000000  0.000000  0.000000  1.000000  0.655794  0.548683  -0.518537  -0.592522  0.799712  0.096841  0.467816  0.243737  0.849553  0.000000  0.000000  
49.808127 0.003915  0.089447  -0.008259  0.999810  0.012601  -0.014902  -0.012968  0.999608  -0.024793  0.014584  0.024982  0.999582  -0.000110  0.000081  0.000543  0.000000  0.000000  0.000000  2.000000  1.000000  0.000000  0.000000  0.000000  1.000000  0.000000  0.000000  0.000000  1.000000  1.000000  -0.000229  -0.000931  0.000229  1.000000  0.000118  0.000931  -0.000118  1.000000  1.000000  0.000000  0.000000  0.000000  1.000000  0.000000  0.000000  0.000000  1.000000  1.000000  0.000000  0.000000  0.000000  1.000000  0.000000  0.000000  0.000000  1.000000  0.000000  0.000000  
49.809377 0.003914  0.089443  -0.008263  0.999810  0.012601  -0.014902  -0.012968  0.999608  -0.024793  0.014584  0.024982  0.999582  -0.000197  -0.000172  0.000243  0.000000  0.000000  0.000000  2.000000  1.000000  0.000000  0.000000  0.000000  1.000000  0.000000  0.000000  0.000000  1.000000  1.000000  -0.000226  -0.000797  0.000226  1.000000  0.000118  0.000797  -0.000118  1.000000  1.000000  0.000000  0.000000  0.000000  1.000000  0.000000  0.000000  0.000000  1.000000  1.000000  0.000000  0.000000  0.000000  1.000000  0.000000  0.000000  0.000000  1.000000  0.000000  0.000000  
49.810626 0.003913  0.089440  -0.008267  0.999805  0.012802  -0.015042  -0.013174  0.999603  -0.024910  0.014717  0.025103  0.999577  -0.000219  -0.000432  -0.000098  0.000000  0.000000  0.000000  2.000000  1.000000  0.000000  0.000000  0.000000  1.000000  0.000000  0.000000  0.000000  1.000000  1.000000  -0.000024  -0.000936  0.000024  1.000000  -0.000000  0.000936  -0.000000  1.000000  1.000000  0.000000  0.000000  0.000000  1.000000  0.000000  0.000000  0.000000  1.000000  1.000000  0.000000  0.000000  0.000000  1.000000  0.000000  0.000000  0.000000  1.000000  0.000000  0.000000  
49.811626 0.003913  0.089436  -0.008271  0.999803  0.012798  -0.015176  -0.013174  0.999603  -0.024908  0.014851  0.025103  0.999575  -0.000222  -0.000661  -0.000383  0.000000  0.000000  0.000000  2.000000  1.000000  0.000000  0.000000  0.000000  1.000000  0.000000  0.000000  0.000000  1.000000  0.999999  -0.000027  -0.001070  0.000027  1.000000  -0.000000  0.001070  -0.000000  0.999999  1.000000  0.000000  0.000000  0.000000  1.000000  0.000000  0.000000  0.000000  1.000000  1.000000  0.000000  0.000000  0.000000  1.000000  0.000000  0.000000  0.000000  1.000000  0.000000  0.000000  
49.812874 0.003914  0.089433  -0.008275  0.999801  0.012795  -0.015310  -0.013174  0.999603  -0.024906  0.014985  0.025103  0.999573  -0.000168  -0.000872  -0.000719  0.000000  0.000000  0.000000  2.000000  1.000000  0.000000  0.000000  0.000000  1.000000  0.000000  0.000000  0.000000  1.000000  1.000000  -0.000024  -0.000936  0.000024  1.000000  -0.000000  0.000936  -0.000000  1.000000  1.000000  0.000000  0.000000  0.000000  1.000000  0.000000  0.000000  0.000000  1.000000  1.000000  0.000000  0.000000  0.000000  1.000000  0.000000  0.000000  0.000000  1.000000  0.000000  0.000000  
49.813875 0.003914  0.089430  -0.008278  0.999801  0.012795  -0.015310  -0.013174  0.999603  -0.024906  0.014985  0.025103  0.999573  -0.000101  -0.001074  -0.000955  0.000000  0.000000  0.000000  2.000000  1.000000  0.000000  0.000000  0.000000  1.000000  0.000000  0.000000  0.000000  1.000000  0.999999  -0.000027  -0.001070  0.000027  1.000000  -0.000000  0.001070  -0.000000  0.999999  1.000000  0.000000  0.000000  0.000000  1.000000  0.000000  0.000000  0.000000  1.000000  1.000000  0.000000  0.000000  0.000000  1.000000  0.000000  0.000000  0.000000  1.000000  0.000000  0.000000  
49.815125 0.003915  0.089426  -0.008282  0.999796  0.012996  -0.015450  -0.013380  0.999597  -0.025023  0.015119  0.025224  0.999567  0.000003  -0.001367  -0.001331  0.000000  0.000000  0.000000  2.000000  1.000000  0.000000  0.000000  0.000000  1.000000  0.000000  0.000000  0.000000  1.000000  0.999999  0.000381  -0.001214  -0.000381  1.000000  -0.000115  0.001214  0.000116  0.999999  1.000000  0.000000  0.000000  0.000000  1.000000  0.000000  0.000000  0.000000  1.000000  1.000000  0.000000  0.000000  0.000000  1.000000  0.000000  0.000000  0.000000  1.000000  0.000000  0.000000  
49.816369 0.003917  0.089422  -0.008288  0.999794  0.012992  -0.015584  -0.013380  0.999597  -0.025021  0.015252  0.025224  0.999565  0.000091  -0.001611  -0.001728  0.000000  0.000000  0.000000  2.000000  1.000000  0.000000  0.000000  0.000000  1.000000  0.000000  0.000000  0.000000  1.000000  0.999999  0.000381  -0.001214  -0.000381  1.000000  -0.000236  0.001214  0.000237  0.999999  1.000000  0.000000  0.000000  0.000000  1.000000  0.000000  0.000000  0.000000  1.000000  1.000000  0.000000  0.000000  0.000000  1.000000  0.000000  0.000000  0.000000  1.000000  0.000000  0.000000  
49.817622 0.003918  0.089418  -0.008294  0.999789  0.013193  -0.015724  -0.013585  0.999592  -0.025137  0.015386  0.025345  0.999560  0.000137  -0.001934  -0.002189  0.000000  0.000000  0.000000  2.000000  1.000000  0.000000  0.000000  0.000000  1.000000  0.000000  0.000000  0.000000  1.000000  0.999999  0.000378  -0.001348  -0.000378  1.000000  -0.000358  0.001348  0.000358  0.999999  1.000000  0.000000  0.000000  0.000000  1.000000  0.000000  0.000000  0.000000  1.000000  1.000000  0.000000  0.000000  0.000000  1.000000  0.000000  0.000000  0.000000  1.000000  0.000000  0.000000  
49.818869 0.003918  0.089413  -0.008301  0.999785  0.013186  -0.015992  -0.013585  0.999592  -0.025133  0.015654  0.025345  0.999556  0.000156  -0.002264  -0.002716  0.000000  0.000000  0.000000  2.000000  1.000000  0.000000  0.000000  0.000000  1.000000  0.000000  0.000000  0.000000  1.000000  0.999999  0.000583  -0.001353  -0.000584  1.000000  -0.000354  0.001353  0.000355  0.999999  1.000000  0.000000  0.000000  0.000000  1.000000  0.000000  0.000000  0.000000  1.000000  1.000000  0.000000  0.000000  0.000000  1.000000  0.000000  0.000000  0.000000  1.000000  0.000000  0.000000  
49.819870 0.003918  0.089409  -0.008307  0.999783  0.013181  -0.016127  -0.013585  0.999589  -0.025253  0.015788  0.025466  0.999551  0.000218  -0.002513  -0.003179  0.000000  0.000000  0.000000  2.000000  1.000000  0.000000  0.000000  0.000000  1.000000  0.000000  0.000000  0.000000  1.000000  0.999999  0.000580  -0.001487  -0.000581  1.000000  -0.000476  0.001487  0.000476  0.999999  1.000000  0.000000  0.000000  0.000000  1.000000  0.000000  0.000000  0.000000  1.000000  1.000000  0.000000  0.000000  0.000000  1.000000  0.000000  0.000000  0.000000  1.000000  0.000000  0.000000  
49.820872 0.003919  0.089406  -0.008313  0.999778  0.013381  -0.016268  -0.013791  0.999583  -0.025369  0.015921  0.025588  0.999546  0.000279  -0.002761  -0.003639  0.000000  0.000000  0.000000  2.000000  1.000000  0.000000  0.000000  0.000000  1.000000  0.000000  0.000000  0.000000  1.000000  0.999998  0.000782  -0.001626  -0.000783  1.000000  -0.000472  0.001626  0.000473  0.999999  1.000000  0.000000  0.000000  0.000000  1.000000  0.000000  0.000000  0.000000  1.000000  1.000000  0.000000  0.000000  0.000000  1.000000  0.000000  0.000000  0.000000  1.000000  0.000000  0.000000  
49.822120 0.003919  0.089400  -0.008323  0.999776  0.013376  -0.016403  -0.013791  0.999580  -0.025488  0.016055  0.025709  0.999541  0.000275  -0.003157  -0.004316  0.000000  0.000000  0.000000  2.000000  1.000000  0.000000  0.000000  0.000000  1.000000  0.000000  0.000000  0.000000  1.000000  0.999998  0.000779  -0.001760  -0.000780  1.000000  -0.000593  0.001759  0.000595  0.999998  1.000000  0.000000  0.000000  0.000000  1.000000  0.000000  0.000000  0.000000  1.000000  1.000000  0.000000  0.000000  0.000000  1.000000  0.000000  0.000000  0.000000  1.000000  0.000000  0.000000  
49.823372 0.003918  0.089393  -0.008332  0.999771  0.013576  -0.016544  -0.013997  0.999574  -0.025604  0.016189  0.025830  0.999535  0.000243  -0.003528  -0.004781  0.000000  0.000000  0.000000  2.000000  1.000000  0.000000  0.000000  0.000000  1.000000  0.000000  0.000000  0.000000  1.000000  0.999998  0.000981  -0.001899  -0.000982  0.999999  -0.000832  0.001898  0.000834  0.999998  1.000000  0.000000  0.000000  0.000000  1.000000  0.000000  0.000000  0.000000  1.000000  1.000000  0.000000  0.000000  0.000000  1.000000  0.000000  0.000000  0.000000  1.000000  0.000000  0.000000  
49.824382 0.003917  0.089388  -0.008340  0.999764  0.013773  -0.016818  -0.014203  0.999568  -0.025718  0.016456  0.025951  0.999528  0.000251  -0.003715  -0.005155  0.000000  0.000000  0.000000  2.000000  1.000000  0.000000  0.000000  0.000000  1.000000  0.000000  0.000000  0.000000  1.000000  0.999997  0.001183  -0.002038  -0.001185  0.999999  -0.000829  0.002037  0.000831  0.999998  1.000000  0.000000  0.000000  0.000000  1.000000  0.000000  0.000000  0.000000  1.000000  1.000000  0.000000  0.000000  0.000000  1.000000  0.000000  0.000000  0.000000  1.000000  0.000000  0.000000  
49.825625 0.003917  0.089381  -0.008348  0.999761  0.013767  -0.016953  -0.014203  0.999565  -0.025838  0.016590  0.026072  0.999522  0.000269  -0.003888  -0.005423  0.000000  0.000000  0.000000  2.000000  1.000000  0.000000  0.000000  0.000000  1.000000  0.000000  0.000000  0.000000  1.000000  0.999997  0.001182  -0.002038  -0.001185  0.999999  -0.001071  0.002037  0.001074  0.999997  1.000000  0.000000  0.000000  0.000000  1.000000  0.000000  0.000000  0.000000  1.000000  1.000000  0.000000  0.000000  0.000000  1.000000  0.000000  0.000000  0.000000  1.000000  0.000000  0.000000  
49.826874 0.003917  0.089374  -0.008356  0.999756  0.013967  -0.017094  -0.014408  0.999559  -0.025954  0.016724  0.026193  0.999517  0.000240  -0.004107  -0.005634  0.000000  0.000000  0.000000  2.000000  1.000000  0.000000  0.000000  0.000000  1.000000  0.000000  0.000000  0.000000  1.000000  0.999997  0.001384  -0.002178  -0.001387  0.999998  -0.001189  0.002176  0.001192  0.999997  1.000000  0.000000  0.000000  0.000000  1.000000  0.000000  0.000000  0.000000  1.000000  1.000000  0.000000  0.000000  0.000000  1.000000  0.000000  0.000000  0.000000  1.000000  0.000000  0.000000  
49.828127 0.003917  0.089367  -0.008364  0.999751  0.014168  -0.017235  -0.014614  0.999553  -0.026069  0.016858  0.026315  0.999512  0.000186  -0.004344  -0.005929  0.000000  0.000000  0.000000  2.000000  1.000000  0.000000  0.000000  0.000000  1.000000  0.000000  0.000000  0.000000  1.000000  0.999996  0.001586  -0.002317  -0.001589  0.999998  -0.001307  0.002315  0.001310  0.999996  1.000000  0.000000  0.000000  0.000000  1.000000  0.000000  0.000000  0.000000  1.000000  1.000000  0.000000  0.000000  0.000000  1.000000  0.000000  0.000000  0.000000  1.000000  0.000000  0.000000  
49.829127 0.003917  0.089362  -0.008370  0.999746  0.014370  -0.017374  -0.014820  0.999550  -0.026064  0.016992  0.026315  0.999509  0.000172  -0.004493  -0.006147  0.000000  0.000000  0.000000  2.000000  1.000000  0.000000  0.000000  0.000000  1.000000  0.000000  0.000000  0.000000  1.000000  0.999995  0.001789  -0.002456  -0.001792  0.999998  -0.001303  0.002454  0.001307  0.999996  1.000000  0.000000  0.000000  0.000000  1.000000  0.000000  0.000000  0.000000  1.000000  1.000000  0.000000  0.000000  0.000000  1.000000  0.000000  0.000000  0.000000  1.000000  0.000000  0.000000  
49.830131 0.003917  0.089356  -0.008378  0.999740  0.014570  -0.017515  -0.015026  0.999544  -0.026179  0.017125  0.026436  0.999504  0.000116  -0.004718  -0.006425  0.000000  0.000000  0.000000  2.000000  1.000000  0.000000  0.000000  0.000000  1.000000  0.000000  0.000000  0.000000  1.000000  0.999996  0.001583  -0.002451  -0.001586  0.999998  -0.001427  0.002449  0.001431  0.999996  1.000000  0.000000  0.000000  0.000000  1.000000  0.000000  0.000000  0.000000  1.000000  1.000000  0.000000  0.000000  0.000000  1.000000  0.000000  0.000000  0.000000  1.000000  0.000000  0.000000  
49.831375 0.003917  0.089348  -0.008389  0.999738  0.014564  -0.017650  -0.015026  0.999541  -0.026299  0.017259  0.026557  0.999498  0.000034  -0.004959  -0.006783  0.000000  0.000000  0.000000  2.000000  1.000000  0.000000  0.000000  0.000000  1.000000  0.000000  0.000000  0.000000  1.000000  0.999995  0.001784  -0.002590  -0.001788  0.999997  -0.001424  0.002588  0.001428  0.999996  1.000000  0.000000  0.000000  0.000000  1.000000  0.000000  0.000000  0.000000  1.000000  1.000000  0.000000  0.000000  0.000000  1.000000  0.000000  0.000000  0.000000  1.000000  0.000000  0.000000  
49.832628 0.003918  0.089340  -0.008400  0.999733  0.014764  -0.017791  -0.015232  0.999535  -0.026414  0.017393  0.026678  0.999493  -0.000001  -0.005206  -0.007077  0.000000  0.000000  0.000000  2.000000  1.000000  0.000000  0.000000  0.000000  1.000000  0.000000  0.000000  0.000000  1.000000  0.999995  0.001990  -0.002596  -0.001994  0.999997  -0.001541  0.002593  0.001546  0.999995  1.000000  0.000000  0.000000  0.000000  1.000000  0.000000  0.000000  0.000000  1.000000  1.000000  0.000000  0.000000  0.000000  1.000000  0.000000  0.000000  0.000000  1.000000  0.000000  0.000000  
49.833872 0.003918  0.089332  -0.008411  0.999727  0.014967  -0.017930  -0.015437  0.999532  -0.026408  0.017527  0.026678  0.999490  -0.000018  -0.005434  -0.007331  0.000000  0.000000  0.000000  2.000000  1.000000  0.000000  0.000000  0.000000  1.000000  0.000000  0.000000  0.000000  1.000000  0.999994  0.002196  -0.002602  -0.002200  0.999996  -0.001537  0.002598  0.001543  0.999995  1.000000  0.000000  0.000000  0.000000  1.000000  0.000000  0.000000  0.000000  1.000000  1.000000  0.000000  0.000000  0.000000  1.000000  0.000000  0.000000  0.000000  1.000000  0.000000  0.000000  
49.834872 0.003918  0.089325  -0.008419  0.999722  0.015167  -0.018071  -0.015643  0.999526  -0.026524  0.017661  0.026799  0.999485  -0.000041  -0.005622  -0.007456  0.000000  0.000000  0.000000  2.000000  1.000000  0.000000  0.000000  0.000000  1.000000  0.000000  0.000000  0.000000  1.000000  0.999994  0.002401  -0.002607  -0.002405  0.999996  -0.001655  0.002603  0.001661  0.999995  1.000000  0.000000  0.000000  0.000000  1.000000  0.000000  0.000000  0.000000  1.000000  1.000000  0.000000  0.000000  0.000000  1.000000  0.000000  0.000000  0.000000  1.000000  0.000000  0.000000  
49.836121 0.003918  0.089317  -0.008429  0.999716  0.015367  -0.018212  -0.015849  0.999519  -0.026639  0.017794  0.026920  0.999479  -0.000093  -0.005801  -0.007559  0.000000  0.000000  0.000000  2.000000  1.000000  0.000000  0.000000  0.000000  1.000000  0.000000  0.000000  0.000000  1.000000  0.999994  0.002404  -0.002474  -0.002409  0.999996  -0.001655  0.002470  0.001660  0.999996  1.000000  0.000000  0.000000  0.000000  1.000000  0.000000  0.000000  0.000000  1.000000  1.000000  0.000000  0.000000  0.000000  1.000000  0.000000  0.000000  0.000000  1.000000  0.000000  0.000000  
49.837121 0.003918  0.089311  -0.008436  0.999713  0.015570  -0.018220  -0.016055  0.999513  -0.026757  0.017794  0.027042  0.999476  -0.000069  -0.005988  -0.007623  0.000000  0.000000  0.000000  2.000000  1.000000  0.000000  0.000000  0.000000  1.000000  0.000000  0.000000  0.000000  1.000000  0.999994  0.002610  -0.002480  -0.002614  0.999995  -0.001772  0.002475  0.001778  0.999995  1.000000  0.000000  0.000000  0.000000  1.000000  0.000000  0.000000  0.000000  1.000000  1.000000  0.000000  0.000000  0.000000  1.000000  0.000000  0.000000  0.000000  1.000000  0.000000  0.000000  
49.838123 0.003918  0.089305  -0.008443  0.999709  0.015774  -0.018227  -0.016261  0.999507  -0.026874  0.017794  0.027163  0.999473  -0.000050  -0.005985  -0.007542  0.000000  0.000000  0.000000  2.000000  1.000000  0.000000  0.000000  0.000000  1.000000  0.000000  0.000000  0.000000  1.000000  0.999994  0.002408  -0.002340  -0.002412  0.999996  -0.001654  0.002337  0.001660  0.999996  1.000000  0.000000  0.000000  0.000000  1.000000  0.000000  0.000000  0.000000  1.000000  1.000000  0.000000  0.000000  0.000000  1.000000  0.000000  0.000000  0.000000  1.000000  0.000000  0.000000  
49.839124 0.003917  0.089299  -0.008449  0.999707  0.015768  -0.018363  -0.016260  0.999503  -0.026993  0.017928  0.027284  0.999467  -0.000036  -0.006014  -0.007434  0.000000  0.000000  0.000000  2.000000  1.000000  0.000000  0.000000  0.000000  1.000000  0.000000  0.000000  0.000000  1.000000  0.999994  0.002610  -0.002480  -0.002614  0.999995  -0.001771  0.002475  0.001778  0.999995  1.000000  0.000000  0.000000  0.000000  1.000000  0.000000  0.000000  0.000000  1.000000  1.000000  0.000000  0.000000  0.000000  1.000000  0.000000  0.000000  0.000000  1.000000  0.000000  0.000000  
49.840371 0.003917  0.089291  -0.008456  0.999704  0.015971  -0.018370  -0.016466  0.999497  -0.027111  0.017928  0.027405  0.999464  -0.000038  -0.006078  -0.007333  0.000000  0.000000  0.000000  2.000000  1.000000  0.000000  0.000000  0.000000  1.000000  0.000000  0.000000  0.000000  1.000000  0.999994  0.002822  -0.002219  -0.002826  0.999994  -0.001768  0.002214  0.001774  0.999996  1.000000  0.000000  0.000000  0.000000  1.000000  0.000000  0.000000  0.000000  1.000000  1.000000  0.000000  0.000000  0.000000  1.000000  0.000000  0.000000  0.000000  1.000000  0.000000  0.000000  
49.841373 0.003917  0.089286  -0.008462  0.999700  0.016177  -0.018376  -0.016672  0.999493  -0.027107  0.017928  0.027405  0.999464  -0.000025  -0.006072  -0.007238  0.000000  0.000000  0.000000  2.000000  1.000000  0.000000  0.000000  0.000000  1.000000  0.000000  0.000000  0.000000  1.000000  0.999994  0.002826  -0.002085  -0.002829  0.999994  -0.001768  0.002080  0.001774  0.999996  1.000000  0.000000  0.000000  0.000000  1.000000  0.000000  0.000000  0.000000  1.000000  1.000000  0.000000  0.000000  0.000000  1.000000  0.000000  0.000000  0.000000  1.000000  0.000000  0.000000  
49.842380 0.003916  0.089280  -0.008468  0.999697  0.016381  -0.018383  -0.016878  0.999487  -0.027224  0.017928  0.027527  0.999460  -0.000041  -0.006109  -0.007240  0.000000  0.000000  0.000000  2.000000  1.000000  0.000000  0.000000  0.000000  1.000000  0.000000  0.000000  0.000000  1.000000  0.999993  0.003035  -0.001957  -0.003039  0.999994  -0.001885  0.001952  0.001891  0.999996  1.000000  0.000000  0.000000  0.000000  1.000000  0.000000  0.000000  0.000000  1.000000  1.000000  0.000000  0.000000  0.000000  1.000000  0.000000  0.000000  0.000000  1.000000  0.000000  0.000000  
49.843625 0.003915  0.089273  -0.008476  0.999693  0.016584  -0.018391  -0.017084  0.999480  -0.027342  0.017928  0.027648  0.999457  -0.000080  -0.006146  -0.007266  0.000000  0.000000  0.000000  2.000000  1.000000  0.000000  0.000000  0.000000  1.000000  0.000000  0.000000  0.000000  1.000000  0.999994  0.003038  -0.001824  -0.003042  0.999994  -0.001764  0.001819  0.001770  0.999997  1.000000  0.000000  0.000000  0.000000  1.000000  0.000000  0.000000  0.000000  1.000000  1.000000  0.000000  0.000000  0.000000  1.000000  0.000000  0.000000  0.000000  1.000000  0.000000  0.000000  
49.844872 0.003915  0.089266  -0.008484  0.999690  0.016788  -0.018399  -0.017290  0.999473  -0.027459  0.017928  0.027769  0.999454  -0.000165  -0.006112  -0.007201  0.000000  0.000000  0.000000  2.000000  1.000000  0.000000  0.000000  0.000000  1.000000  0.000000  0.000000  0.000000  1.000000  0.999995  0.002840  -0.001551  -0.002843  0.999994  -0.001768  0.001546  0.001772  0.999997  1.000000  0.000000  0.000000  0.000000  1.000000  0.000000  0.000000  0.000000  1.000000  1.000000  0.000000  0.000000  0.000000  1.000000  0.000000  0.000000  0.000000  1.000000  0.000000  0.000000  
49.846126 0.003914  0.089259  -0.008492  0.999687  0.016780  -0.018537  -0.017289  0.999467  -0.027700  0.018062  0.028011  0.999444  -0.000240  -0.006032  -0.007041  0.000000  0.000000  0.000000  2.000000  1.000000  0.000000  0.000000  0.000000  1.000000  0.000000  0.000000  0.000000  1.000000  0.999995  0.002840  -0.001552  -0.002842  0.999994  -0.001767  0.001546  0.001772  0.999997  1.000000  0.000000  0.000000  0.000000  1.000000  0.000000  0.000000  0.000000  1.000000  1.000000  0.000000  0.000000  0.000000  1.000000  0.000000  0.000000  0.000000  1.000000  0.000000  0.000000  
49.847374 0.003914  0.089253  -0.008500  0.999684  0.016985  -0.018542  -0.017495  0.999463  -0.027696  0.018062  0.028011  0.999444  -0.000276  -0.005931  -0.006767  0.000000  0.000000  0.000000  2.000000  1.000000  0.000000  0.000000  0.000000  1.000000  0.000000  0.000000  0.000000  1.000000  0.999994  0.003049  -0.001424  -0.003051  0.999994  -0.001764  0.001418  0.001768  0.999997  1.000000  0.000000  0.000000  0.000000  1.000000  0.000000  0.000000  0.000000  1.000000  1.000000  0.000000  0.000000  0.000000  1.000000  0.000000  0.000000  0.000000  1.000000  0.000000  0.000000  
49.848375 0.003913  0.089248  -0.008505  0.999683  0.017193  -0.018416  -0.017701  0.999456  -0.027816  0.017928  0.028133  0.999443  -0.000312  -0.005826  -0.006489  0.000000  0.000000  0.000000  2.000000  1.000000  0.000000  0.000000  0.000000  1.000000  0.000000  0.000000  0.000000  1.000000  0.999995  0.003056  -0.001157  -0.003058  0.999994  -0.001764  0.001151  0.001768  0.999998  1.000000  0.000000  0.000000  0.000000  1.000000  0.000000  0.000000  0.000000  1.000000  1.000000  0.000000  0.000000  0.000000  1.000000  0.000000  0.000000  0.000000  1.000000  0.000000  0.000000  
49.849621 0.003912  0.089241  -0.008511  0.999679  0.017396  -0.018424  -0.017907  0.999449  -0.027933  0.017928  0.028254  0.999440  -0.000397  -0.005717  -0.006274  0.000000  0.000000  0.000000  2.000000  1.000000  0.000000  0.000000  0.000000  1.000000  0.000000  0.000000  0.000000  1.000000  0.999995  0.003060  -0.001023  -0.003062  0.999994  -0.001764  0.001018  0.001767  0.999998  1.000000  0.000000  0.000000  0.000000  1.000000  0.000000  0.000000  0.000000  1.000000  1.000000  0.000000  0.000000  0.000000  1.000000  0.000000  0.000000  0.000000  1.000000  0.000000  0.000000  
49.850872 0.003911  0.089235  -0.008517  0.999675  0.017600  -0.018432  -0.018113  0.999442  -0.028050  0.017928  0.028375  0.999437  -0.000462  -0.005621  -0.005995  0.000000  0.000000  0.000000  2.000000  1.000000  0.000000  0.000000  0.000000  1.000000  0.000000  0.000000  0.000000  1.000000  0.999995  0.003064  -0.000890  -0.003065  0.999994  -0.001643  0.000885  0.001645  0.999998  1.000000  0.000000  0.000000  0.000000  1.000000  0.000000  0.000000  0.000000  1.000000  1.000000  0.000000  0.000000  0.000000  1.000000  0.000000  0.000000  0.000000  1.000000  0.000000  0.000000  
49.851874 0.003909  0.089229  -0.008523  0.999674  0.017809  -0.018304  -0.018319  0.999439  -0.028049  0.017794  0.028375  0.999439  -0.000569  -0.005557  -0.005904  0.000000  0.000000  0.000000  2.000000  1.000000  0.000000  0.000000  0.000000  1.000000  0.000000  0.000000  0.000000  1.000000  0.999996  0.002865  -0.000617  -0.002867  0.999994  -0.001768  0.000612  0.001770  0.999998  1.000000  0.000000  0.000000  0.000000  1.000000  0.000000  0.000000  0.000000  1.000000  1.000000  0.000000  0.000000  0.000000  1.000000  0.000000  0.000000  0.000000  1.000000  0.000000  0.000000  
49.853121 0.003907  0.089221  -0.008531  0.999674  0.017807  -0.018306  -0.018319  0.999435  -0.028170  0.017794  0.028496  0.999435  -0.000684  -0.005569  -0.005886  0.000000  0.000000  0.000000  2.000000  1.000000  0.000000  0.000000  0.000000  1.000000  0.000000  0.000000  0.000000  1.000000  0.999996  0.002869  -0.000483  -0.002870  0.999994  -0.001768  0.000478  0.001769  0.999998  1.000000  0.000000  0.000000  0.000000  1.000000  0.000000  0.000000  0.000000  1.000000  1.000000  0.000000  0.000000  0.000000  1.000000  0.000000  0.000000  0.000000  1.000000  0.000000  0.000000  
49.854124 0.003905  0.089215  -0.008538  0.999670  0.018013  -0.018312  -0.018524  0.999432  -0.028166  0.017794  0.028496  0.999435  -0.000837  -0.005578  -0.005968  0.000000  0.000000  0.000000  2.000000  1.000000  0.000000  0.000000  0.000000  1.000000  0.000000  0.000000  0.000000  1.000000  0.999995  0.003079  -0.000355  -0.003079  0.999994  -0.001764  0.000350  0.001765  0.999998  1.000000  0.000000  0.000000  0.000000  1.000000  0.000000  0.000000  0.000000  1.000000  1.000000  0.000000  0.000000  0.000000  1.000000  0.000000  0.000000  0.000000  1.000000  0.000000  0.000000  
49.855371 0.003902  0.089207  -0.008547  0.999669  0.018220  -0.018186  -0.018730  0.999424  -0.028286  0.017661  0.028618  0.999434  -0.001019  -0.005636  -0.006101  0.000000  0.000000  0.000000  2.000000  1.000000  0.000000  0.000000  0.000000  1.000000  0.000000  0.000000  0.000000  1.000000  0.999995  0.003086  -0.000088  -0.003086  0.999994  -0.001765  0.000083  0.001765  0.999998  1.000000  0.000000  0.000000  0.000000  1.000000  0.000000  0.000000  0.000000  1.000000  1.000000  0.000000  0.000000  0.000000  1.000000  0.000000  0.000000  0.000000  1.000000  0.000000  0.000000  
49.856621 0.003899  0.089200  -0.008556  0.999665  0.018424  -0.018194  -0.018936  0.999417  -0.028404  0.017661  0.028739  0.999431  -0.001178  -0.005655  -0.006207  0.000000  0.000000  0.000000  2.000000  1.000000  0.000000  0.000000  0.000000  1.000000  0.000000  0.000000  0.000000  1.000000  0.999995  0.003090  0.000045  -0.003090  0.999994  -0.001765  -0.000051  0.001765  0.999998  1.000000  0.000000  0.000000  0.000000  1.000000  0.000000  0.000000  0.000000  1.000000  1.000000  0.000000  0.000000  0.000000  1.000000  0.000000  0.000000  0.000000  1.000000  0.000000  0.000000  
49.857624 0.003896  0.089194  -0.008563  0.999661  0.018629  -0.018200  -0.019142  0.999413  -0.028400  0.017661  0.028739  0.999431  -0.001338  -0.005680  -0.006280  0.000000  0.000000  0.000000  2.000000  1.000000  0.000000  0.000000  0.000000  1.000000  0.000000  0.000000  0.000000  1.000000  0.999996  0.002884  0.000051  -0.002884  0.999994  -0.001647  -0.000056  0.001647  0.999999  1.000000  0.000000  0.000000  0.000000  1.000000  0.000000  0.000000  0.000000  1.000000  1.000000  0.000000  0.000000  0.000000  1.000000  0.000000  0.000000  0.000000  1.000000  0.000000  0.000000  
49.858876 0.003893  0.089187  -0.008572  0.999657  0.018833  -0.018208  -0.019348  0.999406  -0.028518  0.017661  0.028860  0.999427  -0.001545  -0.005637  -0.006321  0.000000  0.000000  0.000000  2.000000  1.000000  0.000000  0.000000  0.000000  1.000000  0.000000  0.000000  0.000000  1.000000  0.999996  0.002888  0.000184  -0.002888  0.999994  -0.001647  -0.000189  0.001647  0.999999  1.000000  0.000000  0.000000  0.000000  1.000000  0.000000  0.000000  0.000000  1.000000  1.000000  0.000000  0.000000  0.000000  1.000000  0.000000  0.000000  0.000000  1.000000  0.000000  0.000000  
49.860129 0.003889  0.089180  -0.008580  0.999657  0.018831  -0.018211  -0.019348  0.999403  -0.028639  0.017661  0.028981  0.999424  -0.001730  -0.005572  -0.006286  0.000000  0.000000  0.000000  2.000000  1.000000  0.000000  0.000000  0.000000  1.000000  0.000000  0.000000  0.000000  1.000000  0.999996  0.002888  0.000184  -0.002888  0.999995  -0.001526  -0.000189  0.001525  0.999999  1.000000  0.000000  0.000000  0.000000  1.000000  0.000000  0.000000  0.000000  1.000000  1.000000  0.000000  0.000000  0.000000  1.000000  0.000000  0.000000  0.000000  1.000000  0.000000  0.000000  
49.861370 0.003885  0.089174  -0.008587  0.999653  0.019036  -0.018217  -0.019553  0.999399  -0.028635  0.017661  0.028981  0.999424  -0.001938  -0.005558  -0.006265  0.000000  0.000000  0.000000  2.000000  1.000000  0.000000  0.000000  0.000000  1.000000  0.000000  0.000000  0.000000  1.000000  0.999996  0.002888  0.000184  -0.002888  0.999995  -0.001526  -0.000188  0.001525  0.999999  1.000000  0.000000  0.000000  0.000000  1.000000  0.000000  0.000000  0.000000  1.000000  1.000000  0.000000  0.000000  0.000000  1.000000  0.000000  0.000000  0.000000  1.000000  0.000000  0.000000  
49.862375 0.003882  0.089170  -0.008592  0.999649  0.019240  -0.018225  -0.019759  0.999391  -0.028753  0.017661  0.029103  0.999420  -0.002171  -0.005526  -0.006221  0.000000  0.000000  0.000000  2.000000  1.000000  0.000000  0.000000  0.000000  1.000000  0.000000  0.000000  0.000000  1.000000  0.999996  0.002888  0.000184  -0.002888  0.999995  -0.001526  -0.000188  0.001525  0.999999  1.000000  0.000000  0.000000  0.000000  1.000000  0.000000  0.000000  0.000000  1.000000  1.000000  0.000000  0.000000  0.000000  1.000000  0.000000  0.000000  0.000000  1.000000  0.000000  0.000000  
49.863627 0.003877  0.089164  -0.008600  0.999649  0.019238  -0.018227  -0.019759  0.999388  -0.028874  0.017661  0.029224  0.999417  -0.002462  -0.005471  -0.006314  0.000000  0.000000  0.000000  2.000000  1.000000  0.000000  0.000000  0.000000  1.000000  0.000000  0.000000  0.000000  1.000000  0.999996  0.002683  0.000189  -0.002682  0.999995  -0.001529  -0.000193  0.001529  0.999999  1.000000  0.000000  0.000000  0.000000  1.000000  0.000000  0.000000  0.000000  1.000000  1.000000  0.000000  0.000000  0.000000  1.000000  0.000000  0.000000  0.000000  1.000000  0.000000  0.000000  
49.864874 0.003871  0.089158  -0.008609  0.999645  0.019441  -0.018235  -0.019965  0.999380  -0.028991  0.017661  0.029345  0.999413  -0.002751  -0.005477  -0.006490  0.000000  0.000000  0.000000  2.000000  1.000000  0.000000  0.000000  0.000000  1.000000  0.000000  0.000000  0.000000  1.000000  0.999996  0.002683  0.000189  -0.002682  0.999995  -0.001529  -0.000193  0.001529  0.999999  1.000000  0.000000  0.000000  0.000000  1.000000  0.000000  0.000000  0.000000  1.000000  1.000000  0.000000  0.000000  0.000000  1.000000  0.000000  0.000000  0.000000  1.000000  0.000000  0.000000  
49.866149 0.003865  0.089152  -0.008618  0.999641  0.019645  -0.018244  -0.020171  0.999373  -0.029109  0.017661  0.029466  0.999410  -0.003012  -0.005422  -0.006644  0.000000  0.000000  0.000000  2.000000  1.000000  0.000000  0.000000  0.000000  1.000000  0.000000  0.000000  0.000000  1.000000  0.999996  0.002892  0.000317  -0.002892  0.999995  -0.001283  -0.000320  0.001282  0.999999  1.000000  0.000000  0.000000  0.000000  1.000000  0.000000  0.000000  0.000000  1.000000  1.000000  0.000000  0.000000  0.000000  1.000000  0.000000  0.000000  0.000000  1.000000  0.000000  0.000000  
49.867372 0.003859  0.089145  -0.008628  0.999636  0.019851  -0.018250  -0.020377  0.999369  -0.029105  0.017661  0.029466  0.999410  -0.003341  -0.005405  -0.006772  0.000000  0.000000  0.000000  2.000000  1.000000  0.000000  0.000000  0.000000  1.000000  0.000000  0.000000  0.000000  1.000000  0.999996  0.002687  0.000322  -0.002686  0.999995  -0.001408  -0.000326  0.001407  0.999999  1.000000  0.000000  0.000000  0.000000  1.000000  0.000000  0.000000  0.000000  1.000000  1.000000  0.000000  0.000000  0.000000  1.000000  0.000000  0.000000  0.000000  1.000000  0.000000  0.000000  
49.868622 0.003852  0.089137  -0.008639  0.999636  0.019848  -0.018252  -0.020377  0.999365  -0.029226  0.017661  0.029588  0.999406  -0.003599  -0.005383  -0.006926  0.000000  0.000000  0.000000  2.000000  1.000000  0.000000  0.000000  0.000000  1.000000  0.000000  0.000000  0.000000  1.000000  0.999996  0.002683  0.000188  -0.002682  0.999995  -0.001408  -0.000192  0.001408  0.999999  1.000000  0.000000  0.000000  0.000000  1.000000  0.000000  0.000000  0.000000  1.000000  1.000000  0.000000  0.000000  0.000000  1.000000  0.000000  0.000000  0.000000  1.000000  0.000000  0.000000  
49.869870 0.003845  0.089130  -0.008649  0.999632  0.020052  -0.018261  -0.020582  0.999357  -0.029344  0.017661  0.029709  0.999403  -0.003856  -0.005325  -0.007004  0.000000  0.000000  0.000000  2.000000  1.000000  0.000000  0.000000  0.000000  1.000000  0.000000  0.000000  0.000000  1.000000  0.999996  0.002683  0.000188  -0.002682  0.999995  -0.001408  -0.000192  0.001408  0.999999  1.000000  0.000000  0.000000  0.000000  1.000000  0.000000  0.000000  0.000000  1.000000  1.000000  0.000000  0.000000  0.000000  1.000000  0.000000  0.000000  0.000000  1.000000  0.000000  0.000000  
49.870871 0.003840  0.089125  -0.008656  0.999632  0.020052  -0.018261  -0.020582  0.999357  -0.029344  0.017661  0.029709  0.999403  -0.004012  -0.005271  -0.007041  0.000000  0.000000  0.000000  2.000000  1.000000  0.000000  0.000000  0.000000  1.000000  0.000000  0.000000  0.000000  1.000000  0.999997  0.002477  0.000194  -0.002477  0.999996  -0.001291  -0.000197  0.001290  0.999999  1.000000  0.000000  0.000000  0.000000  1.000000  0.000000  0.000000  0.000000  1.000000  1.000000  0.000000  0.000000  0.000000  1.000000  0.000000  0.000000  0.000000  1.000000  0.000000  0.000000  
49.871871 0.003834  0.089119  -0.008665  0.999626  0.020251  -0.018403  -0.020788  0.999350  -0.029458  0.017794  0.029830  0.999397  -0.004232  -0.005270  -0.007120  0.000000  0.000000  0.000000  2.000000  1.000000  0.000000  0.000000  0.000000  1.000000  0.000000  0.000000  0.000000  1.000000  0.999997  0.002469  -0.000073  -0.002469  0.999996  -0.001290  0.000070  0.001290  0.999999  1.000000  0.000000  0.000000  0.000000  1.000000  0.000000  0.000000  0.000000  1.000000  1.000000  0.000000  0.000000  0.000000  1.000000  0.000000  0.000000  0.000000  1.000000  0.000000  0.000000  
49.872876 0.003829  0.089113  -0.008672  0.999626  0.020251  -0.018403  -0.020788  0.999350  -0.029458  0.017794  0.029830  0.999397  -0.004471  -0.005266  -0.007153  0.000000  0.000000  0.000000  2.000000  1.000000  0.000000  0.000000  0.000000  1.000000  0.000000  0.000000  0.000000  1.000000  0.999997  0.002469  -0.000074  -0.002469  0.999996  -0.001290  0.000070  0.001290  0.999999  1.000000  0.000000  0.000000  0.000000  1.000000  0.000000  0.000000  0.000000  1.000000  1.000000  0.000000  0.000000  0.000000  1.000000  0.000000  0.000000  0.000000  1.000000  0.000000  0.000000  
49.874124 0.003822  0.089106  -0.008683  0.999626  0.020251  -0.018403  -0.020788  0.999350  -0.029458  0.017794  0.029830  0.999397  -0.004651  -0.005294  -0.007300  0.000000  0.000000  0.000000  2.000000  1.000000  0.000000  0.000000  0.000000  1.000000  0.000000  0.000000  0.000000  1.000000  0.999997  0.002263  -0.000068  -0.002263  0.999997  -0.001294  0.000065  0.001294  0.999999  1.000000  0.000000  0.000000  0.000000  1.000000  0.000000  0.000000  0.000000  1.000000  1.000000  0.000000  0.000000  0.000000  1.000000  0.000000  0.000000  0.000000  1.000000  0.000000  0.000000  
49.875374 0.003815  0.089099  -0.008694  0.999621  0.020455  -0.018411  -0.020994  0.999342  -0.029576  0.017794  0.029951  0.999393  -0.004921  -0.005354  -0.007481  0.000000  0.000000  0.000000  2.000000  1.000000  0.000000  0.000000  0.000000  1.000000  0.000000  0.000000  0.000000  1.000000  0.999997  0.002259  -0.000201  -0.002259  0.999997  -0.001173  0.000199  0.001173  0.999999  1.000000  0.000000  0.000000  0.000000  1.000000  0.000000  0.000000  0.000000  1.000000  1.000000  0.000000  0.000000  0.000000  1.000000  0.000000  0.000000  0.000000  1.000000  0.000000  0.000000  
49.876626 0.003808  0.089091  -0.008705  0.999621  0.020455  -0.018411  -0.020994  0.999342  -0.029576  0.017794  0.029951  0.999393  -0.005107  -0.005502  -0.007783  0.000000  0.000000  0.000000  2.000000  1.000000  0.000000  0.000000  0.000000  1.000000  0.000000  0.000000  0.000000  1.000000  0.999998  0.002053  -0.000195  -0.002054  0.999997  -0.001176  0.000193  0.001177  0.999999  1.000000  0.000000  0.000000  0.000000  1.000000  0.000000  0.000000  0.000000  1.000000  1.000000  0.000000  0.000000  0.000000  1.000000  0.000000  0.000000  0.000000  1.000000  0.000000  0.000000  
49.877878 0.003800  0.089083  -0.008716  0.999615  0.020657  -0.018551  -0.021200  0.999338  -0.029569  0.017928  0.029951  0.999391  -0.005322  -0.005674  -0.008102  0.000000  0.000000  0.000000  2.000000  1.000000  0.000000  0.000000  0.000000  1.000000  0.000000  0.000000  0.000000  1.000000  0.999998  0.001848  -0.000189  -0.001848  0.999998  -0.001180  0.000187  0.001180  0.999999  1.000000  0.000000  0.000000  0.000000  1.000000  0.000000  0.000000  0.000000  1.000000  1.000000  0.000000  0.000000  0.000000  1.000000  0.000000  0.000000  0.000000  1.000000  0.000000  0.000000  
49.878880 0.003795  0.089077  -0.008726  0.999615  0.020654  -0.018554  -0.021200  0.999334  -0.029690  0.017928  0.030072  0.999387  -0.005440  -0.005813  -0.008305  0.000000  0.000000  0.000000  2.000000  1.000000  0.000000  0.000000  0.000000  1.000000  0.000000  0.000000  0.000000  1.000000  0.999998  0.002049  -0.000329  -0.002050  0.999997  -0.001176  0.000327  0.001177  0.999999  1.000000  0.000000  0.000000  0.000000  1.000000  0.000000  0.000000  0.000000  1.000000  1.000000  0.000000  0.000000  0.000000  1.000000  0.000000  0.000000  0.000000  1.000000  0.000000  0.000000  
49.880125 0.003787  0.089068  -0.008738  0.999615  0.020654  -0.018554  -0.021200  0.999334  -0.029690  0.017928  0.030072  0.999387  -0.005538  -0.005943  -0.008503  0.000000  0.000000  0.000000  2.000000  1.000000  0.000000  0.000000  0.000000  1.000000  0.000000  0.000000  0.000000  1.000000  0.999998  0.001844  -0.000323  -0.001844  0.999998  -0.001180  0.000321  0.001180  0.999999  1.000000  0.000000  0.000000  0.000000  1.000000  0.000000  0.000000  0.000000  1.000000  1.000000  0.000000  0.000000  0.000000  1.000000  0.000000  0.000000  0.000000  1.000000  0.000000  0.000000  
49.881125 0.003781  0.089061  -0.008747  0.999615  0.020652  -0.018556  -0.021200  0.999331  -0.029812  0.017928  0.030194  0.999383  -0.005638  -0.006026  -0.008572  0.000000  0.000000  0.000000  2.000000  1.000000  0.000000  0.000000  0.000000  1.000000  0.000000  0.000000  0.000000  1.000000  0.999999  0.001638  -0.000317  -0.001638  0.999998  -0.001183  0.000315  0.001184  0.999999  1.000000  0.000000  0.000000  0.000000  1.000000  0.000000  0.000000  0.000000  1.000000  1.000000  0.000000  0.000000  0.000000  1.000000  0.000000  0.000000  0.000000  1.000000  0.000000  0.000000  
49.882382 0.003774  0.089053  -0.008757  0.999615  0.020652  -0.018556  -0.021200  0.999331  -0.029812  0.017928  0.030194  0.999383  -0.005663  -0.006082  -0.008612  0.000000  0.000000  0.000000  2.000000  1.000000  0.000000  0.000000  0.000000  1.000000  0.000000  0.000000  0.000000  1.000000  0.999999  0.001432  -0.000311  -0.001432  0.999998  -0.001066  0.000309  0.001066  0.999999  1.000000  0.000000  0.000000  0.000000  1.000000  0.000000  0.000000  0.000000  1.000000  1.000000  0.000000  0.000000  0.000000  1.000000  0.000000  0.000000  0.000000  1.000000  0.000000  0.000000  
49.883626 0.003767  0.089046  -0.008767  0.999610  0.020856  -0.018565  -0.021406  0.999323  -0.029929  0.017928  0.030315  0.999380  -0.005670  -0.006104  -0.008568  0.000000  0.000000  0.000000  2.000000  1.000000  0.000000  0.000000  0.000000  1.000000  0.000000  0.000000  0.000000  1.000000  0.999999  0.001638  -0.000317  -0.001638  0.999998  -0.001062  0.000316  0.001063  0.999999  1.000000  0.000000  0.000000  0.000000  1.000000  0.000000  0.000000  0.000000  1.000000  1.000000  0.000000  0.000000  0.000000  1.000000  0.000000  0.000000  0.000000  1.000000  0.000000  0.000000  
