1-Time 2-Px 3-Py 4-Pz 5-R11 6-R21 7-R31 8-R12 9-R22 10-R32 11-R13 12-R23 13-R33 14-Vx 15-Vy 16-Vz 17-Wx 18-Wy 19-Wz 20-state 21-PR11 22-PR21 23-PR31 24-PR12 25-PR22 26-PR32 27-PR13 28-PR23 29-PR33 
80.049857 0.005158  0.089929  -0.009296  0.998486  0.040941  0.036737  -0.041135  0.999143  0.004556  -0.036519  -0.006061  0.999315  0.000015  0.000075  -0.000000  0.000000  0.000000  0.000000  2.000000  1.000000  0.000000  0.000000  0.000000  1.000000  0.000000  0.000000  0.000000  1.000000  0.999997  -0.000603  -0.002278  0.000603  1.000000  0.000023  0.002278  -0.000024  0.999997  1.000000  0.000000  0.000000  0.000000  1.000000  0.000000  0.000000  0.000000  1.000000  0.612657  0.625218  -0.483480  -0.641122  0.750875  0.158584  0.462183  0.212812  0.860870  0.000000  0.000000  
80.050863 0.005158  0.089929  -0.009297  0.998491  0.040941  0.036603  -0.041135  0.999143  0.004562  -0.036385  -0.006061  0.999319  0.000019  0.000098  -0.000046  0.000000  0.000000  0.000000  2.000000  1.000000  0.000000  0.000000  0.000000  1.000000  0.000000  0.000000  0.000000  1.000000  0.999997  -0.000398  -0.002277  0.000398  1.000000  0.000015  0.002277  -0.000016  0.999997  1.000000  0.000000  0.000000  0.000000  1.000000  0.000000  0.000000  0.000000  1.000000  1.000000  0.000000  0.000000  0.000000  1.000000  0.000000  0.000000  0.000000  1.000000  0.000000  0.000000  
80.052110 0.005158  0.089926  -0.009301  0.998487  0.041148  0.036471  -0.041341  0.999135  0.004560  -0.036251  -0.006061  0.999324  -0.000005  -0.000106  -0.000312  0.000000  0.000000  0.000000  2.000000  1.000000  0.000000  0.000000  0.000000  1.000000  0.000000  0.000000  0.000000  1.000000  0.999997  -0.000192  -0.002276  0.000192  1.000000  0.000007  0.002276  -0.000008  0.999997  1.000000  0.000000  0.000000  0.000000  1.000000  0.000000  0.000000  0.000000  1.000000  1.000000  0.000000  0.000000  0.000000  1.000000  0.000000  0.000000  0.000000  1.000000  0.000000  0.000000  
80.053113 0.005158  0.089923  -0.009305  0.998474  0.041353  0.036605  -0.041546  0.999126  0.004547  -0.036385  -0.006061  0.999319  -0.000008  -0.000338  -0.000603  0.000000  0.000000  0.000000  2.000000  1.000000  0.000000  0.000000  0.000000  1.000000  0.000000  0.000000  0.000000  1.000000  0.999998  0.000013  -0.002141  -0.000013  1.000000  0.000000  0.002141  0.000000  0.999998  1.000000  0.000000  0.000000  0.000000  1.000000  0.000000  0.000000  0.000000  1.000000  1.000000  0.000000  0.000000  0.000000  1.000000  0.000000  0.000000  0.000000  1.000000  0.000000  0.000000  
80.054113 0.005158  0.089919  -0.009309  0.998465  0.041558  0.036606  -0.041752  0.999118  0.004539  -0.036385  -0.006061  0.999319  -0.000042  -0.000587  -0.000899  0.000000  0.000000  0.000000  2.000000  1.000000  0.000000  0.000000  0.000000  1.000000  0.000000  0.000000  0.000000  1.000000  0.999998  0.000218  -0.002006  -0.000218  1.000000  -0.000007  0.002006  0.000008  0.999998  1.000000  0.000000  0.000000  0.000000  1.000000  0.000000  0.000000  0.000000  1.000000  1.000000  0.000000  0.000000  0.000000  1.000000  0.000000  0.000000  0.000000  1.000000  0.000000  0.000000  
80.055116 0.005158  0.089916  -0.009314  0.998465  0.041558  0.036606  -0.041752  0.999118  0.004539  -0.036385  -0.006061  0.999319  -0.000010  -0.000781  -0.001232  0.000000  0.000000  0.000000  2.000000  1.000000  0.000000  0.000000  0.000000  1.000000  0.000000  0.000000  0.000000  1.000000  0.999998  0.000217  -0.001872  -0.000217  1.000000  -0.000007  0.001872  0.000008  0.999998  1.000000  0.000000  0.000000  0.000000  1.000000  0.000000  0.000000  0.000000  1.000000  1.000000  0.000000  0.000000  0.000000  1.000000  0.000000  0.000000  0.000000  1.000000  0.000000  0.000000  
80.056364 0.005160  0.089913  -0.009320  0.998462  0.041765  0.036473  -0.041958  0.999109  0.004537  -0.036251  -0.006061  0.999324  0.000118  -0.001025  -0.001606  0.000000  0.000000  0.000000  2.000000  1.000000  0.000000  0.000000  0.000000  1.000000  0.000000  0.000000  0.000000  1.000000  0.999998  0.000423  -0.001871  -0.000423  1.000000  -0.000015  0.001871  0.000016  0.999998  1.000000  0.000000  0.000000  0.000000  1.000000  0.000000  0.000000  0.000000  1.000000  1.000000  0.000000  0.000000  0.000000  1.000000  0.000000  0.000000  0.000000  1.000000  0.000000  0.000000  
80.057366 0.005162  0.089911  -0.009324  0.998462  0.041765  0.036473  -0.041958  0.999109  0.004537  -0.036251  -0.006061  0.999324  0.000235  -0.001184  -0.001908  0.000000  0.000000  0.000000  2.000000  1.000000  0.000000  0.000000  0.000000  1.000000  0.000000  0.000000  0.000000  1.000000  0.999998  0.000422  -0.001737  -0.000422  1.000000  -0.000015  0.001737  0.000016  0.999998  1.000000  0.000000  0.000000  0.000000  1.000000  0.000000  0.000000  0.000000  1.000000  1.000000  0.000000  0.000000  0.000000  1.000000  0.000000  0.000000  0.000000  1.000000  0.000000  0.000000  
80.058367 0.005164  0.089908  -0.009329  0.998458  0.041971  0.036341  -0.042164  0.999100  0.004536  -0.036118  -0.006061  0.999329  0.000364  -0.001348  -0.002246  0.000000  0.000000  0.000000  2.000000  1.000000  0.000000  0.000000  0.000000  1.000000  0.000000  0.000000  0.000000  1.000000  0.999998  0.000833  -0.001734  -0.000833  1.000000  -0.000030  0.001734  0.000031  0.999998  1.000000  0.000000  0.000000  0.000000  1.000000  0.000000  0.000000  0.000000  1.000000  1.000000  0.000000  0.000000  0.000000  1.000000  0.000000  0.000000  0.000000  1.000000  0.000000  0.000000  
80.059617 0.005167  0.089905  -0.009336  0.998454  0.042178  0.036208  -0.042369  0.999092  0.004534  -0.035984  -0.006061  0.999334  0.000549  -0.001574  -0.002672  0.000000  0.000000  0.000000  2.000000  1.000000  0.000000  0.000000  0.000000  1.000000  0.000000  0.000000  0.000000  1.000000  0.999998  0.001039  -0.001733  -0.001039  0.999999  -0.000037  0.001733  0.000039  0.999998  1.000000  0.000000  0.000000  0.000000  1.000000  0.000000  0.000000  0.000000  1.000000  1.000000  0.000000  0.000000  0.000000  1.000000  0.000000  0.000000  0.000000  1.000000  0.000000  0.000000  
80.060870 0.005169  0.089901  -0.009343  0.998436  0.042589  0.036210  -0.042780  0.999074  0.004519  -0.035984  -0.006061  0.999334  0.000715  -0.001829  -0.003154  0.000000  0.000000  0.000000  2.000000  1.000000  0.000000  0.000000  0.000000  1.000000  0.000000  0.000000  0.000000  1.000000  0.999998  0.001450  -0.001597  -0.001450  0.999999  -0.000052  0.001597  0.000054  0.999999  1.000000  0.000000  0.000000  0.000000  1.000000  0.000000  0.000000  0.000000  1.000000  1.000000  0.000000  0.000000  0.000000  1.000000  0.000000  0.000000  0.000000  1.000000  0.000000  0.000000  
80.062113 0.005172  0.089898  -0.009351  0.998414  0.043000  0.036345  -0.043191  0.999057  0.004498  -0.036118  -0.006061  0.999329  0.000947  -0.002090  -0.003678  0.000000  0.000000  0.000000  2.000000  1.000000  0.000000  0.000000  0.000000  1.000000  0.000000  0.000000  0.000000  1.000000  0.999998  0.001654  -0.001328  -0.001654  0.999999  -0.000059  0.001328  0.000062  0.999999  1.000000  0.000000  0.000000  0.000000  1.000000  0.000000  0.000000  0.000000  1.000000  1.000000  0.000000  0.000000  0.000000  1.000000  0.000000  0.000000  0.000000  1.000000  0.000000  0.000000  
80.063366 0.005176  0.089894  -0.009358  0.998405  0.043210  0.036341  -0.043397  0.999048  0.004370  -0.036118  -0.005940  0.999330  0.001218  -0.002350  -0.004171  0.000000  0.000000  0.000000  2.000000  1.000000  0.000000  0.000000  0.000000  1.000000  0.000000  0.000000  0.000000  1.000000  0.999997  0.002064  -0.001192  -0.002065  0.999998  -0.000196  0.001192  0.000198  0.999999  1.000000  0.000000  0.000000  0.000000  1.000000  0.000000  0.000000  0.000000  1.000000  1.000000  0.000000  0.000000  0.000000  1.000000  0.000000  0.000000  0.000000  1.000000  0.000000  0.000000  
80.064616 0.005180  0.089890  -0.009365  0.998387  0.043626  0.036338  -0.043808  0.999031  0.004233  -0.036118  -0.005818  0.999331  0.001457  -0.002637  -0.004685  0.000000  0.000000  0.000000  2.000000  1.000000  0.000000  0.000000  0.000000  1.000000  0.000000  0.000000  0.000000  1.000000  0.999997  0.002269  -0.001057  -0.002270  0.999997  -0.000203  0.001057  0.000205  0.999999  1.000000  0.000000  0.000000  0.000000  1.000000  0.000000  0.000000  0.000000  1.000000  1.000000  0.000000  0.000000  0.000000  1.000000  0.000000  0.000000  0.000000  1.000000  0.000000  0.000000  
80.065863 0.005183  0.089884  -0.009374  0.998378  0.043831  0.036339  -0.044013  0.999022  0.004226  -0.036118  -0.005818  0.999331  0.001631  -0.002999  -0.005196  0.000000  0.000000  0.000000  2.000000  1.000000  0.000000  0.000000  0.000000  1.000000  0.000000  0.000000  0.000000  1.000000  0.999996  0.002680  -0.000921  -0.002680  0.999996  -0.000339  0.000920  0.000342  1.000000  1.000000  0.000000  0.000000  0.000000  1.000000  0.000000  0.000000  0.000000  1.000000  1.000000  0.000000  0.000000  0.000000  1.000000  0.000000  0.000000  0.000000  1.000000  0.000000  0.000000  
80.066863 0.005185  0.089880  -0.009382  0.998360  0.044247  0.036335  -0.044424  0.999004  0.004090  -0.036118  -0.005697  0.999331  0.001831  -0.003135  -0.005484  0.000000  0.000000  0.000000  2.000000  1.000000  0.000000  0.000000  0.000000  1.000000  0.000000  0.000000  0.000000  1.000000  0.999995  0.003090  -0.000785  -0.003091  0.999995  -0.000475  0.000784  0.000478  1.000000  1.000000  0.000000  0.000000  0.000000  1.000000  0.000000  0.000000  0.000000  1.000000  1.000000  0.000000  0.000000  0.000000  1.000000  0.000000  0.000000  0.000000  1.000000  0.000000  0.000000  
80.067864 0.005187  0.089875  -0.009389  0.998350  0.044453  0.036336  -0.044630  0.998995  0.004082  -0.036118  -0.005697  0.999331  0.001986  -0.003235  -0.005676  0.000000  0.000000  0.000000  2.000000  1.000000  0.000000  0.000000  0.000000  1.000000  0.000000  0.000000  0.000000  1.000000  0.999994  0.003295  -0.000650  -0.003296  0.999994  -0.000483  0.000649  0.000485  1.000000  1.000000  0.000000  0.000000  0.000000  1.000000  0.000000  0.000000  0.000000  1.000000  1.000000  0.000000  0.000000  0.000000  1.000000  0.000000  0.000000  0.000000  1.000000  0.000000  0.000000  
80.068864 0.005190  0.089871  -0.009396  0.998341  0.044663  0.036331  -0.044836  0.998987  0.003954  -0.036118  -0.005576  0.999332  0.002163  -0.003283  -0.005857  0.000000  0.000000  0.000000  2.000000  1.000000  0.000000  0.000000  0.000000  1.000000  0.000000  0.000000  0.000000  1.000000  0.999994  0.003500  -0.000516  -0.003501  0.999994  -0.000612  0.000514  0.000613  1.000000  1.000000  0.000000  0.000000  0.000000  1.000000  0.000000  0.000000  0.000000  1.000000  1.000000  0.000000  0.000000  0.000000  1.000000  0.000000  0.000000  0.000000  1.000000  0.000000  0.000000  
80.070112 0.005193  0.089864  -0.009406  0.998332  0.044868  0.036332  -0.045041  0.998977  0.003946  -0.036118  -0.005576  0.999332  0.002314  -0.003497  -0.006126  0.000000  0.000000  0.000000  2.000000  1.000000  0.000000  0.000000  0.000000  1.000000  0.000000  0.000000  0.000000  1.000000  0.999992  0.003911  -0.000380  -0.003911  0.999992  -0.000627  0.000377  0.000628  1.000000  1.000000  0.000000  0.000000  0.000000  1.000000  0.000000  0.000000  0.000000  1.000000  1.000000  0.000000  0.000000  0.000000  1.000000  0.000000  0.000000  0.000000  1.000000  0.000000  0.000000  
80.071113 0.005196  0.089859  -0.009414  0.998309  0.045279  0.036467  -0.045452  0.998959  0.003925  -0.036251  -0.005576  0.999327  0.002467  -0.003653  -0.006394  0.000000  0.000000  0.000000  2.000000  1.000000  0.000000  0.000000  0.000000  1.000000  0.000000  0.000000  0.000000  1.000000  0.999991  0.004322  -0.000244  -0.004322  0.999990  -0.000641  0.000241  0.000642  1.000000  1.000000  0.000000  0.000000  0.000000  1.000000  0.000000  0.000000  0.000000  1.000000  1.000000  0.000000  0.000000  0.000000  1.000000  0.000000  0.000000  0.000000  1.000000  0.000000  0.000000  
80.072114 0.005200  0.089854  -0.009424  0.998299  0.045489  0.036462  -0.045657  0.998950  0.003796  -0.036251  -0.005455  0.999328  0.002596  -0.003816  -0.006730  0.000000  0.000000  0.000000  2.000000  1.000000  0.000000  0.000000  0.000000  1.000000  0.000000  0.000000  0.000000  1.000000  0.999991  0.004321  -0.000110  -0.004321  0.999990  -0.000642  0.000107  0.000642  1.000000  1.000000  0.000000  0.000000  0.000000  1.000000  0.000000  0.000000  0.000000  1.000000  1.000000  0.000000  0.000000  0.000000  1.000000  0.000000  0.000000  0.000000  1.000000  0.000000  0.000000  
80.073363 0.005204  0.089848  -0.009437  0.998275  0.045900  0.036598  -0.046068  0.998931  0.003775  -0.036385  -0.005455  0.999323  0.002707  -0.004065  -0.007199  0.000000  0.000000  0.000000  2.000000  1.000000  0.000000  0.000000  0.000000  1.000000  0.000000  0.000000  0.000000  1.000000  0.999990  0.004526  0.000024  -0.004526  0.999989  -0.000771  -0.000028  0.000771  1.000000  1.000000  0.000000  0.000000  0.000000  1.000000  0.000000  0.000000  0.000000  1.000000  1.000000  0.000000  0.000000  0.000000  1.000000  0.000000  0.000000  0.000000  1.000000  0.000000  0.000000  
80.074373 0.005208  0.089842  -0.009449  0.998266  0.046105  0.036598  -0.046274  0.998922  0.003768  -0.036385  -0.005455  0.999323  0.002801  -0.004298  -0.007716  0.000000  0.000000  0.000000  2.000000  1.000000  0.000000  0.000000  0.000000  1.000000  0.000000  0.000000  0.000000  1.000000  0.999990  0.004526  0.000024  -0.004526  0.999989  -0.000771  -0.000028  0.000771  1.000000  1.000000  0.000000  0.000000  0.000000  1.000000  0.000000  0.000000  0.000000  1.000000  1.000000  0.000000  0.000000  0.000000  1.000000  0.000000  0.000000  0.000000  1.000000  0.000000  0.000000  
80.075615 0.005212  0.089834  -0.009466  0.998256  0.046311  0.036599  -0.046479  0.998912  0.003760  -0.036385  -0.005455  0.999323  0.002914  -0.004568  -0.008339  -0.026733  0.021487  0.172978  2.000000  1.000000  0.000000  0.000000  0.000000  1.000000  0.000000  0.000000  0.000000  1.000000  0.999989  0.004732  0.000025  -0.004732  0.999989  -0.000779  -0.000029  0.000779  1.000000  1.000000  0.000000  0.000000  0.000000  1.000000  0.000000  0.000000  0.000000  1.000000  1.000000  0.000000  0.000000  0.000000  1.000000  0.000000  0.000000  0.000000  1.000000  0.000044  0.000000  
80.076867 0.005216  0.089826  -0.009481  0.998237  0.046722  0.036601  -0.046890  0.998893  0.003745  -0.036385  -0.005455  0.999323  0.002952  -0.004804  -0.008815  -0.027463  0.012371  0.193621  2.000000  1.000000  0.000000  0.000000  0.000000  1.000000  0.000000  0.000000  0.000000  1.000000  0.999989  0.004731  0.000159  -0.004731  0.999989  -0.000779  -0.000163  0.000778  1.000000  1.000000  0.000000  0.000000  0.000000  1.000000  0.000000  0.000000  0.000000  1.000000  1.000000  0.000000  0.000000  0.000000  1.000000  0.000000  0.000000  0.000000  1.000000  0.000047  0.000000  
80.078112 0.005220  0.089819  -0.009497  0.998227  0.046928  0.036601  -0.047096  0.998883  0.003738  -0.036385  -0.005455  0.999323  0.003005  -0.005084  -0.009369  -0.027708  0.007837  0.200544  2.000000  1.000000  0.000000  0.000000  0.000000  1.000000  0.000000  0.000000  0.000000  1.000000  0.999988  0.004936  0.000294  -0.004936  0.999988  -0.000786  -0.000298  0.000785  1.000000  1.000000  0.000000  0.000000  0.000000  1.000000  0.000000  0.000000  0.000000  1.000000  1.000000  0.000000  0.000000  0.000000  1.000000  0.000000  0.000000  0.000000  1.000000  0.000051  0.000000  
80.079117 0.005223  0.089812  -0.009508  0.998218  0.047134  0.036602  -0.047301  0.998874  0.003730  -0.036385  -0.005455  0.999323  0.002980  -0.005297  -0.009768  -0.027941  0.003301  0.207395  2.000000  1.000000  0.000029  0.000058  -0.000029  1.000000  -0.000010  -0.000058  0.000010  1.000000  0.999988  0.004936  0.000294  -0.004936  0.999988  -0.000786  -0.000298  0.000785  1.000000  1.000000  0.000000  0.000000  0.000000  1.000000  0.000000  0.000000  0.000000  1.000000  1.000000  0.000029  0.000058  -0.000029  1.000000  -0.000010  -0.000058  0.000010  1.000000  0.000052  0.000000  
80.080363 0.005227  0.089804  -0.009522  0.998198  0.047549  0.036598  -0.047712  0.998855  0.003594  -0.036385  -0.005334  0.999324  0.003006  -0.005542  -0.010143  -0.032519  -0.001262  0.221279  2.000000  1.000000  0.000084  0.000174  -0.000084  1.000000  -0.000030  -0.000174  0.000030  1.000000  0.999988  0.004935  0.000428  -0.004935  0.999988  -0.000786  -0.000432  0.000784  1.000000  1.000000  0.000000  0.000000  0.000000  1.000000  0.000000  0.000000  0.000000  1.000000  1.000000  0.000084  0.000174  -0.000084  1.000000  -0.000030  -0.000174  0.000030  1.000000  0.000054  0.000000  
80.081363 0.005229  0.089798  -0.009533  0.998193  0.047549  0.036732  -0.047712  0.998855  0.003587  -0.036519  -0.005333  0.999319  0.003032  -0.005659  -0.010363  -0.032282  -0.005719  0.214344  2.000000  1.000000  0.000111  0.000233  -0.000111  1.000000  -0.000041  -0.000233  0.000041  1.000000  0.999988  0.004935  0.000427  -0.004935  0.999987  -0.000908  -0.000432  0.000906  0.999999  1.000000  0.000000  0.000000  0.000000  1.000000  0.000000  0.000000  0.000000  1.000000  1.000000  0.000111  0.000233  -0.000111  1.000000  -0.000041  -0.000233  0.000041  1.000000  0.000056  0.000000  
80.082614 0.005232  0.089790  -0.009545  0.998174  0.047964  0.036727  -0.048123  0.998835  0.003451  -0.036519  -0.005212  0.999319  0.003063  -0.005783  -0.010592  -0.036593  -0.010242  0.221216  2.000000  1.000000  0.000111  0.000233  -0.000111  1.000000  -0.000041  -0.000233  0.000041  1.000000  0.999989  0.004730  0.000426  -0.004729  0.999988  -0.000901  -0.000430  0.000899  1.000000  1.000000  0.000000  0.000000  0.000000  1.000000  0.000000  0.000000  0.000000  1.000000  1.000000  0.000111  0.000233  -0.000111  1.000000  -0.000041  -0.000233  0.000041  1.000000  0.000054  0.000000  
80.083615 0.005234  0.089783  -0.009556  0.998164  0.048170  0.036728  -0.048329  0.998826  0.003444  -0.036519  -0.005212  0.999319  0.003017  -0.005959  -0.010834  -0.036609  -0.005745  0.221246  2.000000  1.000000  0.000111  0.000233  -0.000111  1.000000  -0.000041  -0.000233  0.000041  1.000000  0.999988  0.004936  0.000427  -0.004935  0.999987  -0.000908  -0.000431  0.000906  0.999999  1.000000  0.000000  0.000000  0.000000  1.000000  0.000000  0.000000  0.000000  1.000000  1.000000  0.000111  0.000233  -0.000111  1.000000  -0.000041  -0.000233  0.000041  1.000000  0.000058  0.000000  
80.084864 0.005237  0.089774  -0.009569  0.998154  0.048380  0.036723  -0.048534  0.998816  0.003315  -0.036519  -0.005091  0.999320  0.002981  -0.006079  -0.011030  -0.040944  -0.005771  0.228194  2.000000  1.000000  0.000111  0.000233  -0.000111  1.000000  -0.000041  -0.000233  0.000041  1.000000  0.999988  0.004936  0.000426  -0.004935  0.999987  -0.001030  -0.000431  0.001027  0.999999  1.000000  0.000000  0.000000  0.000000  1.000000  0.000000  0.000000  0.000000  1.000000  1.000000  0.000111  0.000233  -0.000111  1.000000  -0.000041  -0.000233  0.000041  1.000000  0.000058  0.000000  
80.086113 0.005239  0.089766  -0.009584  0.998144  0.048586  0.036723  -0.048740  0.998806  0.003307  -0.036519  -0.005091  0.999320  0.002859  -0.006168  -0.011287  -0.040589  -0.010183  0.226273  2.000000  1.000000  0.000111  0.000233  -0.000111  1.000000  -0.000041  -0.000233  0.000041  1.000000  0.999989  0.004730  0.000425  -0.004729  0.999988  -0.000901  -0.000429  0.000899  1.000000  1.000000  0.000000  0.000000  0.000000  1.000000  0.000000  0.000000  0.000000  1.000000  1.000000  0.000111  0.000233  -0.000111  1.000000  -0.000041  -0.000233  0.000041  1.000000  0.000058  0.000000  
80.087113 0.005241  0.089760  -0.009597  0.998134  0.048796  0.036718  -0.048945  0.998796  0.003179  -0.036519  -0.004970  0.999321  0.002702  -0.006312  -0.011525  -0.044893  -0.010210  0.233189  2.000000  1.000000  0.000111  0.000233  -0.000111  1.000000  -0.000041  -0.000233  0.000041  1.000000  0.999991  0.004318  0.000423  -0.004318  0.999990  -0.000886  -0.000426  0.000884  1.000000  1.000000  0.000000  0.000000  0.000000  1.000000  0.000000  0.000000  0.000000  1.000000  1.000000  0.000111  0.000233  -0.000111  1.000000  -0.000041  -0.000233  0.000041  1.000000  0.000058  0.000000  
80.088113 0.005242  0.089753  -0.009610  0.998139  0.048796  0.036585  -0.048945  0.998796  0.003185  -0.036385  -0.004970  0.999325  0.002536  -0.006409  -0.011698  -0.044606  -0.010171  0.226297  2.000000  1.000000  0.000111  0.000233  -0.000111  1.000000  -0.000041  -0.000233  0.000041  1.000000  0.999991  0.004319  0.000289  -0.004319  0.999990  -0.000885  -0.000293  0.000884  1.000000  1.000000  0.000000  0.000000  0.000000  1.000000  0.000000  0.000000  0.000000  1.000000  1.000000  0.000111  0.000233  -0.000111  1.000000  -0.000041  -0.000233  0.000041  1.000000  0.000058  0.000000  
80.089119 0.005243  0.089747  -0.009623  0.998128  0.049006  0.036579  -0.049151  0.998787  0.003056  -0.036385  -0.004849  0.999326  0.002416  -0.006415  -0.011793  -0.048642  -0.010155  0.226260  2.000000  1.000000  0.000111  0.000233  -0.000111  1.000000  -0.000041  -0.000233  0.000041  1.000000  0.999991  0.004319  0.000288  -0.004319  0.999990  -0.000885  -0.000292  0.000884  1.000000  1.000000  0.000000  0.000000  0.000000  1.000000  0.000000  0.000000  0.000000  1.000000  1.000000  0.000111  0.000233  -0.000111  1.000000  -0.000041  -0.000233  0.000041  1.000000  0.000058  0.000000  
80.090368 0.005246  0.089740  -0.009639  0.998113  0.049211  0.036714  -0.049356  0.998777  0.003042  -0.036519  -0.004849  0.999321  0.002288  -0.006379  -0.011753  -0.048790  -0.019193  0.221150  2.000000  1.000000  0.000111  0.000233  -0.000111  1.000000  -0.000041  -0.000233  0.000041  1.000000  0.999991  0.004319  0.000288  -0.004319  0.999990  -0.000885  -0.000292  0.000884  1.000000  1.000000  0.000000  0.000000  0.000000  1.000000  0.000000  0.000000  0.000000  1.000000  1.000000  0.000111  0.000233  -0.000111  1.000000  -0.000041  -0.000233  0.000041  1.000000  0.000058  0.000000  
80.091614 0.005247  0.089733  -0.009655  0.998103  0.049417  0.036714  -0.049561  0.998766  0.003035  -0.036519  -0.004849  0.999321  0.002135  -0.006353  -0.011789  -0.048825  -0.014703  0.221265  2.000000  1.000000  0.000111  0.000233  -0.000111  1.000000  -0.000041  -0.000233  0.000041  1.000000  0.999991  0.004113  0.000287  -0.004113  0.999991  -0.000878  -0.000291  0.000877  1.000000  1.000000  0.000000  0.000000  0.000000  1.000000  0.000000  0.000000  0.000000  1.000000  1.000000  0.000111  0.000233  -0.000111  1.000000  -0.000041  -0.000233  0.000041  1.000000  0.000056  0.000000  
80.092618 0.005248  0.089726  -0.009669  0.998093  0.049627  0.036709  -0.049767  0.998757  0.002906  -0.036519  -0.004727  0.999322  0.001930  -0.006380  -0.011893  -0.048815  -0.014673  0.221221  2.000000  1.000000  0.000111  0.000233  -0.000111  1.000000  -0.000041  -0.000233  0.000041  1.000000  0.999993  0.003702  0.000285  -0.003702  0.999993  -0.000742  -0.000288  0.000741  1.000000  1.000000  0.000000  0.000000  0.000000  1.000000  0.000000  0.000000  0.000000  1.000000  1.000000  0.000111  0.000233  -0.000111  1.000000  -0.000041  -0.000233  0.000041  1.000000  0.000055  0.000000  
80.093863 0.005248  0.089717  -0.009687  0.998088  0.049626  0.036842  -0.049767  0.998757  0.002899  -0.036653  -0.004727  0.999317  0.001687  -0.006427  -0.012063  -0.048332  -0.019099  0.207393  2.000000  1.000000  0.000111  0.000233  -0.000111  1.000000  -0.000041  -0.000233  0.000041  1.000000  0.999993  0.003702  0.000285  -0.003702  0.999993  -0.000864  -0.000288  0.000863  1.000000  1.000000  0.000000  0.000000  0.000000  1.000000  0.000000  0.000000  0.000000  1.000000  1.000000  0.000111  0.000233  -0.000111  1.000000  -0.000041  -0.000233  0.000041  1.000000  0.000053  0.000000  
80.094865 0.005248  0.089710  -0.009702  0.998078  0.049832  0.036843  -0.049972  0.998746  0.002892  -0.036653  -0.004727  0.999317  0.001473  -0.006486  -0.012371  -0.044255  -0.019087  0.207398  2.000000  1.000000  0.000111  0.000233  -0.000111  1.000000  -0.000041  -0.000233  0.000041  1.000000  0.999993  0.003702  0.000285  -0.003702  0.999993  -0.000864  -0.000288  0.000863  1.000000  1.000000  0.000000  0.000000  0.000000  1.000000  0.000000  0.000000  0.000000  1.000000  1.000000  0.000111  0.000233  -0.000111  1.000000  -0.000041  -0.000233  0.000041  1.000000  0.000054  0.000000  
80.095867 0.005247  0.089702  -0.009718  0.998068  0.050038  0.036844  -0.050178  0.998736  0.002884  -0.036653  -0.004727  0.999317  0.001265  -0.006595  -0.012683  -0.043991  -0.019045  0.200424  2.000000  1.000000  0.000111  0.000233  -0.000111  1.000000  -0.000041  -0.000233  0.000041  1.000000  0.999993  0.003702  0.000285  -0.003702  0.999993  -0.000864  -0.000288  0.000863  1.000000  1.000000  0.000000  0.000000  0.000000  1.000000  0.000000  0.000000  0.000000  1.000000  1.000000  0.000111  0.000233  -0.000111  1.000000  -0.000041  -0.000233  0.000041  1.000000  0.000053  0.000000  
80.097116 0.005246  0.089691  -0.009738  0.998057  0.050243  0.036844  -0.050383  0.998726  0.002877  -0.036653  -0.004727  0.999317  0.001009  -0.006783  -0.013171  -0.039916  -0.019034  0.200436  2.000000  1.000000  0.000111  0.000233  -0.000111  1.000000  -0.000041  -0.000233  0.000041  1.000000  0.999995  0.003290  0.000283  -0.003290  0.999994  -0.000849  -0.000286  0.000848  1.000000  1.000000  0.000000  0.000000  0.000000  1.000000  0.000000  0.000000  0.000000  1.000000  1.000000  0.000111  0.000233  -0.000111  1.000000  -0.000041  -0.000233  0.000041  1.000000  0.000049  0.000000  
80.098117 0.005245  0.089683  -0.009754  0.998057  0.050243  0.036844  -0.050383  0.998726  0.002877  -0.036653  -0.004727  0.999317  0.000749  -0.006883  -0.013649  -0.035587  -0.018986  0.193517  2.000000  1.000000  0.000111  0.000233  -0.000111  1.000000  -0.000041  -0.000233  0.000041  1.000000  0.999995  0.003290  0.000283  -0.003290  0.999994  -0.000849  -0.000286  0.000848  1.000000  1.000000  0.000000  0.000000  0.000000  1.000000  0.000000  0.000000  0.000000  1.000000  1.000000  0.000111  0.000233  -0.000111  1.000000  -0.000041  -0.000233  0.000041  1.000000  0.000049  0.000000  
80.099216 0.005244  0.089675  -0.009770  0.998042  0.050448  0.036978  -0.050588  0.998715  0.002862  -0.036786  -0.004727  0.999312  0.000554  -0.006940  -0.013920  -0.035480  -0.023404  0.192845  2.000000  1.000000  0.000111  0.000233  -0.000111  1.000000  -0.000041  -0.000233  0.000041  1.000000  0.999995  0.003290  0.000417  -0.003289  0.999994  -0.000849  -0.000420  0.000848  1.000000  1.000000  0.000000  0.000000  0.000000  1.000000  0.000000  0.000000  0.000000  1.000000  1.000000  0.000111  0.000233  -0.000111  1.000000  -0.000041  -0.000233  0.000041  1.000000  0.000049  0.000000  
80.100368 0.005243  0.089665  -0.009789  0.998042  0.050448  0.036978  -0.050588  0.998715  0.002862  -0.036786  -0.004727  0.999312  0.000305  -0.007072  -0.014325  -0.035093  -0.023410  0.179653  2.000000  1.000000  0.000111  0.000233  -0.000111  1.000000  -0.000041  -0.000233  0.000041  1.000000  0.999995  0.003084  0.000416  -0.003084  0.999995  -0.000841  -0.000418  0.000840  1.000000  1.000000  0.000000  0.000000  0.000000  1.000000  0.000000  0.000000  0.000000  1.000000  1.000000  0.000111  0.000233  -0.000111  1.000000  -0.000041  -0.000233  0.000041  1.000000  0.000046  0.000000  
80.101614 0.005241  0.089656  -0.009809  0.998031  0.050654  0.036979  -0.050794  0.998705  0.002855  -0.036786  -0.004727  0.999312  0.000083  -0.007133  -0.014605  -0.034858  -0.018881  0.172789  2.000000  1.000000  0.000111  0.000233  -0.000111  1.000000  -0.000041  -0.000233  0.000041  1.000000  0.999995  0.003085  0.000282  -0.003084  0.999995  -0.000720  -0.000284  0.000719  1.000000  1.000000  0.000000  0.000000  0.000000  1.000000  0.000000  0.000000  0.000000  1.000000  1.000000  0.000111  0.000233  -0.000111  1.000000  -0.000041  -0.000233  0.000041  1.000000  0.000044  0.000000  
80.102863 0.005240  0.089647  -0.009828  0.998021  0.050864  0.036973  -0.050999  0.998695  0.002726  -0.036786  -0.004606  0.999313  -0.000126  -0.007162  -0.014794  0.000000  0.000000  0.000000  2.000000  1.000000  0.000111  0.000233  -0.000111  1.000000  -0.000041  -0.000233  0.000041  1.000000  0.999996  0.002879  0.000281  -0.002879  0.999996  -0.000591  -0.000283  0.000590  1.000000  1.000000  0.000000  0.000000  0.000000  1.000000  0.000000  0.000000  0.000000  1.000000  1.000000  0.000111  0.000233  -0.000111  1.000000  -0.000041  -0.000233  0.000041  1.000000  0.000044  0.000000  
80.104113 0.005238  0.089639  -0.009846  0.998010  0.051070  0.036974  -0.051205  0.998684  0.002718  -0.036786  -0.004606  0.999313  -0.000340  -0.007219  -0.014876  0.000000  0.000000  0.000000  2.000000  1.000000  0.000111  0.000233  -0.000111  1.000000  -0.000041  -0.000233  0.000041  1.000000  0.999996  0.002673  0.000280  -0.002673  0.999996  -0.000705  -0.000282  0.000704  1.000000  1.000000  0.000000  0.000000  0.000000  1.000000  0.000000  0.000000  0.000000  1.000000  1.000000  0.000111  0.000233  -0.000111  1.000000  -0.000041  -0.000233  0.000041  1.000000  0.000000  0.000000  
80.105363 0.005237  0.089632  -0.009864  0.998010  0.051070  0.036974  -0.051205  0.998684  0.002718  -0.036786  -0.004606  0.999313  -0.000589  -0.007222  -0.015020  0.000000  0.000000  0.000000  2.000000  1.000000  0.000111  0.000233  -0.000111  1.000000  -0.000041  -0.000233  0.000041  1.000000  0.999996  0.002673  0.000280  -0.002673  0.999996  -0.000584  -0.000281  0.000583  1.000000  1.000000  0.000000  0.000000  0.000000  1.000000  0.000000  0.000000  0.000000  1.000000  1.000000  0.000111  0.000233  -0.000111  1.000000  -0.000041  -0.000233  0.000041  1.000000  0.000000  0.000000  
80.106368 0.005236  0.089626  -0.009879  0.998010  0.051074  0.036968  -0.051205  0.998685  0.002597  -0.036786  -0.004485  0.999313  -0.000790  -0.007219  -0.015152  0.000000  0.000000  0.000000  2.000000  1.000000  0.000111  0.000233  -0.000111  1.000000  -0.000041  -0.000233  0.000041  1.000000  0.999997  0.002468  0.000279  -0.002467  0.999997  -0.000697  -0.000280  0.000697  1.000000  1.000000  0.000000  0.000000  0.000000  1.000000  0.000000  0.000000  0.000000  1.000000  1.000000  0.000111  0.000233  -0.000111  1.000000  -0.000041  -0.000233  0.000041  1.000000  0.000000  0.000000  
80.107627 0.005233  0.089618  -0.009899  0.998000  0.051280  0.036968  -0.051410  0.998674  0.002590  -0.036786  -0.004485  0.999313  -0.001030  -0.007221  -0.015326  0.000000  0.000000  0.000000  2.000000  1.000000  0.000111  0.000233  -0.000111  1.000000  -0.000041  -0.000233  0.000041  1.000000  0.999997  0.002468  0.000279  -0.002467  0.999997  -0.000576  -0.000280  0.000575  1.000000  1.000000  0.000000  0.000000  0.000000  1.000000  0.000000  0.000000  0.000000  1.000000  1.000000  0.000111  0.000233  -0.000111  1.000000  -0.000041  -0.000233  0.000041  1.000000  0.000000  0.000000  
80.108864 0.005230  0.089610  -0.009920  0.997984  0.051489  0.037096  -0.051615  0.998664  0.002454  -0.036920  -0.004364  0.999309  -0.001245  -0.007162  -0.015561  0.000000  0.000000  0.000000  2.000000  1.000000  0.000111  0.000233  -0.000111  1.000000  -0.000041  -0.000233  0.000041  1.000000  0.999997  0.002466  0.000546  -0.002466  0.999997  -0.000698  -0.000548  0.000696  1.000000  1.000000  0.000000  0.000000  0.000000  1.000000  0.000000  0.000000  0.000000  1.000000  1.000000  0.000111  0.000233  -0.000111  1.000000  -0.000041  -0.000233  0.000041  1.000000  0.000000  0.000000  
80.109869 0.005227  0.089603  -0.009938  0.997984  0.051489  0.037096  -0.051615  0.998664  0.002454  -0.036920  -0.004364  0.999309  -0.001378  -0.007091  -0.015714  0.000000  0.000000  0.000000  2.000000  1.000000  0.000111  0.000233  -0.000111  1.000000  -0.000041  -0.000233  0.000041  1.000000  0.999997  0.002466  0.000546  -0.002466  0.999997  -0.000576  -0.000547  0.000575  1.000000  1.000000  0.000000  0.000000  0.000000  1.000000  0.000000  0.000000  0.000000  1.000000  1.000000  0.000111  0.000233  -0.000111  1.000000  -0.000041  -0.000233  0.000041  1.000000  0.000000  0.000000  
80.110875 0.005225  0.089596  -0.009956  0.997974  0.051699  0.037090  -0.051821  0.998654  0.002325  -0.036920  -0.004242  0.999309  -0.001479  -0.006994  -0.015847  0.000000  0.000000  0.000000  2.000000  1.000000  0.000111  0.000233  -0.000111  1.000000  -0.000041  -0.000233  0.000041  1.000000  0.999997  0.002467  0.000412  -0.002467  0.999997  -0.000698  -0.000413  0.000697  1.000000  1.000000  0.000000  0.000000  0.000000  1.000000  0.000000  0.000000  0.000000  1.000000  1.000000  0.000111  0.000233  -0.000111  1.000000  -0.000041  -0.000233  0.000041  1.000000  0.000000  0.000000  
80.112115 0.005222  0.089587  -0.009977  0.997969  0.051699  0.037224  -0.051821  0.998654  0.002318  -0.037054  -0.004242  0.999304  -0.001622  -0.006931  -0.015941  0.000000  0.000000  0.000000  2.000000  1.000000  0.000111  0.000233  -0.000111  1.000000  -0.000041  -0.000233  0.000041  1.000000  0.999997  0.002261  0.000545  -0.002260  0.999997  -0.000690  -0.000546  0.000689  1.000000  1.000000  0.000000  0.000000  0.000000  1.000000  0.000000  0.000000  0.000000  1.000000  1.000000  0.000111  0.000233  -0.000111  1.000000  -0.000041  -0.000233  0.000041  1.000000  0.000000  0.000000  
80.113117 0.005220  0.089581  -0.009994  0.997958  0.051904  0.037224  -0.052026  0.998643  0.002311  -0.037054  -0.004242  0.999304  -0.001695  -0.006832  -0.016011  0.000000  0.000000  0.000000  2.000000  1.000000  0.000111  0.000233  -0.000111  1.000000  -0.000041  -0.000233  0.000041  1.000000  0.999997  0.002261  0.000545  -0.002260  0.999997  -0.000569  -0.000546  0.000568  1.000000  1.000000  0.000000  0.000000  0.000000  1.000000  0.000000  0.000000  0.000000  1.000000  1.000000  0.000111  0.000233  -0.000111  1.000000  -0.000041  -0.000233  0.000041  1.000000  0.000000  0.000000  
80.114363 0.005218  0.089572  -0.010016  0.997953  0.051904  0.037358  -0.052026  0.998643  0.002304  -0.037187  -0.004242  0.999299  -0.001785  -0.006699  -0.016134  0.000000  0.000000  0.000000  2.000000  1.000000  0.000111  0.000233  -0.000111  1.000000  -0.000041  -0.000233  0.000041  1.000000  0.999997  0.002261  0.000545  -0.002260  0.999997  -0.000569  -0.000546  0.000568  1.000000  1.000000  0.000000  0.000000  0.000000  1.000000  0.000000  0.000000  0.000000  1.000000  1.000000  0.000111  0.000233  -0.000111  1.000000  -0.000041  -0.000233  0.000041  1.000000  0.000000  0.000000  
80.115367 0.005216  0.089566  -0.010033  0.997942  0.052109  0.037358  -0.052231  0.998632  0.002296  -0.037187  -0.004242  0.999299  -0.001817  -0.006643  -0.016224  0.000000  0.000000  0.000000  2.000000  1.000000  0.000111  0.000233  -0.000111  1.000000  -0.000041  -0.000233  0.000041  1.000000  0.999997  0.002261  0.000545  -0.002260  0.999997  -0.000569  -0.000546  0.000568  1.000000  1.000000  0.000000  0.000000  0.000000  1.000000  0.000000  0.000000  0.000000  1.000000  1.000000  0.000111  0.000233  -0.000111  1.000000  -0.000041  -0.000233  0.000041  1.000000  0.000000  0.000000  
80.116614 0.005213  0.089556  -0.010055  0.997932  0.052315  0.037359  -0.052437  0.998622  0.002288  -0.037187  -0.004242  0.999299  -0.001890  -0.006614  -0.016409  0.000000  0.000000  0.000000  2.000000  1.000000  0.000111  0.000233  -0.000111  1.000000  -0.000041  -0.000233  0.000041  1.000000  0.999998  0.002055  0.000544  -0.002055  0.999998  -0.000562  -0.000545  0.000561  1.000000  1.000000  0.000000  0.000000  0.000000  1.000000  0.000000  0.000000  0.000000  1.000000  1.000000  0.000111  0.000233  -0.000111  1.000000  -0.000041  -0.000233  0.000041  1.000000  0.000000  0.000000  
80.117615 0.005212  0.089550  -0.010073  0.997932  0.052315  0.037359  -0.052437  0.998622  0.002288  -0.037187  -0.004242  0.999299  -0.001920  -0.006631  -0.016618  0.000000  0.000000  0.000000  2.000000  1.000000  0.000111  0.000233  -0.000111  1.000000  -0.000041  -0.000233  0.000041  1.000000  0.999998  0.002055  0.000544  -0.002055  0.999998  -0.000562  -0.000545  0.000561  1.000000  1.000000  0.000000  0.000000  0.000000  1.000000  0.000000  0.000000  0.000000  1.000000  1.000000  0.000111  0.000233  -0.000111  1.000000  -0.000041  -0.000233  0.000041  1.000000  0.000000  0.000000  
80.118862 0.005209  0.089541  -0.010096  0.997916  0.052515  0.037499  -0.052642  0.998611  0.002395  -0.037321  -0.004364  0.999294  -0.001968  -0.006664  -0.016839  0.000000  0.000000  0.000000  2.000000  1.000000  0.000111  0.000233  -0.000111  1.000000  -0.000041  -0.000233  0.000041  1.000000  0.999998  0.002054  0.000678  -0.002054  0.999998  -0.000441  -0.000679  0.000439  1.000000  1.000000  0.000000  0.000000  0.000000  1.000000  0.000000  0.000000  0.000000  1.000000  1.000000  0.000111  0.000233  -0.000111  1.000000  -0.000041  -0.000233  0.000041  1.000000  0.000000  0.000000  
80.119863 0.005208  0.089533  -0.010114  0.997916  0.052515  0.037499  -0.052642  0.998611  0.002395  -0.037321  -0.004364  0.999294  -0.001983  -0.006742  -0.017159  0.000000  0.000000  0.000000  2.000000  1.000000  0.000111  0.000233  -0.000111  1.000000  -0.000041  -0.000233  0.000041  1.000000  0.999998  0.002055  0.000544  -0.002055  0.999998  -0.000441  -0.000545  0.000440  1.000000  1.000000  0.000000  0.000000  0.000000  1.000000  0.000000  0.000000  0.000000  1.000000  1.000000  0.000111  0.000233  -0.000111  1.000000  -0.000041  -0.000233  0.000041  1.000000  0.000000  0.000000  
80.120863 0.005206  0.089527  -0.010132  0.997916  0.052515  0.037499  -0.052642  0.998611  0.002395  -0.037321  -0.004364  0.999294  -0.002031  -0.006852  -0.017417  0.000000  0.000000  0.000000  2.000000  1.000000  0.000111  0.000233  -0.000111  1.000000  -0.000041  -0.000233  0.000041  1.000000  0.999998  0.002055  0.000544  -0.002055  0.999998  -0.000441  -0.000545  0.000440  1.000000  1.000000  0.000000  0.000000  0.000000  1.000000  0.000000  0.000000  0.000000  1.000000  1.000000  0.000111  0.000233  -0.000111  1.000000  -0.000041  -0.000233  0.000041  1.000000  0.000000  0.000000  
80.121868 0.005204  0.089519  -0.010151  0.997905  0.052725  0.037493  -0.052847  0.998600  0.002266  -0.037321  -0.004242  0.999294  -0.002020  -0.006926  -0.017677  0.000000  0.000000  0.000000  2.000000  1.000000  0.000111  0.000233  -0.000111  1.000000  -0.000041  -0.000233  0.000041  1.000000  0.999998  0.002055  0.000544  -0.002055  0.999998  -0.000562  -0.000545  0.000561  1.000000  1.000000  0.000000  0.000000  0.000000  1.000000  0.000000  0.000000  0.000000  1.000000  1.000000  0.000111  0.000233  -0.000111  1.000000  -0.000041  -0.000233  0.000041  1.000000  0.000000  0.000000  
80.123111 0.005202  0.089511  -0.010174  0.997889  0.052931  0.037627  -0.053053  0.998589  0.002251  -0.037455  -0.004242  0.999289  -0.001959  -0.006934  -0.017825  0.000000  0.000000  0.000000  2.000000  1.000000  0.000111  0.000233  -0.000111  1.000000  -0.000041  -0.000233  0.000041  1.000000  0.999998  0.001849  0.000677  -0.001848  0.999998  -0.000555  -0.000678  0.000553  1.000000  1.000000  0.000000  0.000000  0.000000  1.000000  0.000000  0.000000  0.000000  1.000000  1.000000  0.000111  0.000233  -0.000111  1.000000  -0.000041  -0.000233  0.000041  1.000000  0.000000  0.000000  
