1-Time 2-Px 3-Py 4-Pz 5-R11 6-R21 7-R31 8-R12 9-R22 10-R32 11-R13 12-R23 13-R33 14-Vx 15-Vy 16-Vz 17-Wx 18-Wy 19-Wz 20-state 21-PR11 22-PR21 23-PR31 24-PR12 25-PR22 26-PR32 27-PR13 28-PR23 29-PR33 
119.208344 0.004671  0.090579  -0.006982  0.999778  -0.020875  0.002776  0.020791  0.999410  0.027352  -0.003345  -0.027288  0.999622  -0.000221  0.000158  0.000763  0.000000  0.000000  0.000000  2.000000  1.000000  0.000000  0.000000  0.000000  1.000000  0.000000  0.000000  0.000000  1.000000  0.999999  0.000437  -0.000925  -0.000437  1.000000  -0.000123  0.000925  0.000123  1.000000  1.000000  0.000000  0.000000  0.000000  1.000000  0.000000  0.000000  0.000000  1.000000  0.648517  0.562707  -0.512627  -0.499414  0.822772  0.271351  0.574467  0.080038  0.814605  0.000000  0.000000  
119.209347 0.004670  0.090579  -0.006982  0.999778  -0.020875  0.002776  0.020791  0.999410  0.027352  -0.003345  -0.027288  0.999622  -0.000239  0.000127  0.000708  0.000000  0.000000  0.000000  2.000000  1.000000  0.000000  0.000000  0.000000  1.000000  0.000000  0.000000  0.000000  1.000000  0.999999  0.000437  -0.000925  -0.000437  1.000000  -0.000123  0.000925  0.000123  1.000000  1.000000  0.000000  0.000000  0.000000  1.000000  0.000000  0.000000  0.000000  1.000000  1.000000  0.000000  0.000000  0.000000  1.000000  0.000000  0.000000  0.000000  1.000000  0.000000  0.000000  
119.210348 0.004670  0.090577  -0.006983  0.999779  -0.020872  0.002639  0.020791  0.999406  0.027471  -0.003211  -0.027410  0.999619  -0.000246  0.000014  0.000583  0.000000  0.000000  0.000000  2.000000  1.000000  0.000000  0.000000  0.000000  1.000000  0.000000  0.000000  0.000000  1.000000  0.999999  0.000441  -0.001059  -0.000441  1.000000  -0.000123  0.001059  0.000123  0.999999  1.000000  0.000000  0.000000  0.000000  1.000000  0.000000  0.000000  0.000000  1.000000  1.000000  0.000000  0.000000  0.000000  1.000000  0.000000  0.000000  0.000000  1.000000  0.000000  0.000000  
119.211590 0.004669  0.090574  -0.006986  0.999774  -0.021077  0.002634  0.020997  0.999402  0.027471  -0.003211  -0.027410  0.999619  -0.000322  -0.000267  0.000294  0.000000  0.000000  0.000000  2.000000  1.000000  0.000000  0.000000  0.000000  1.000000  0.000000  0.000000  0.000000  1.000000  1.000000  0.000231  -0.000931  -0.000231  1.000000  -0.000001  0.000931  0.000001  1.000000  1.000000  0.000000  0.000000  0.000000  1.000000  0.000000  0.000000  0.000000  1.000000  1.000000  0.000000  0.000000  0.000000  1.000000  0.000000  0.000000  0.000000  1.000000  0.000000  0.000000  
119.212594 0.004669  0.090571  -0.006989  0.999775  -0.021074  0.002497  0.020997  0.999399  0.027589  -0.003077  -0.027531  0.999616  -0.000313  -0.000444  0.000055  0.000000  0.000000  0.000000  2.000000  1.000000  0.000000  0.000000  0.000000  1.000000  0.000000  0.000000  0.000000  1.000000  0.999999  0.000235  -0.001064  -0.000235  1.000000  -0.000001  0.001064  0.000001  0.999999  1.000000  0.000000  0.000000  0.000000  1.000000  0.000000  0.000000  0.000000  1.000000  1.000000  0.000000  0.000000  0.000000  1.000000  0.000000  0.000000  0.000000  1.000000  0.000000  0.000000  
119.213598 0.004670  0.090568  -0.006992  0.999775  -0.021074  0.002497  0.020997  0.999399  0.027589  -0.003077  -0.027531  0.999616  -0.000256  -0.000642  -0.000143  0.000000  0.000000  0.000000  2.000000  1.000000  0.000000  0.000000  0.000000  1.000000  0.000000  0.000000  0.000000  1.000000  0.999999  0.000235  -0.001064  -0.000235  1.000000  0.000242  0.001064  -0.000242  0.999999  1.000000  0.000000  0.000000  0.000000  1.000000  0.000000  0.000000  0.000000  1.000000  1.000000  0.000000  0.000000  0.000000  1.000000  0.000000  0.000000  0.000000  1.000000  0.000000  0.000000  
119.214843 0.004671  0.090564  -0.006995  0.999775  -0.021071  0.002361  0.020997  0.999396  0.027708  -0.002944  -0.027652  0.999613  -0.000181  -0.000948  -0.000400  0.000000  0.000000  0.000000  2.000000  1.000000  0.000000  0.000000  0.000000  1.000000  0.000000  0.000000  0.000000  1.000000  0.999999  0.000235  -0.001064  -0.000235  1.000000  0.000363  0.001064  -0.000363  0.999999  1.000000  0.000000  0.000000  0.000000  1.000000  0.000000  0.000000  0.000000  1.000000  1.000000  0.000000  0.000000  0.000000  1.000000  0.000000  0.000000  0.000000  1.000000  0.000000  0.000000  
119.216096 0.004672  0.090560  -0.006997  0.999771  -0.021277  0.002353  0.021203  0.999388  0.027830  -0.002944  -0.027773  0.999610  -0.000061  -0.001232  -0.000672  0.000000  0.000000  0.000000  2.000000  1.000000  0.000000  0.000000  0.000000  1.000000  0.000000  0.000000  0.000000  1.000000  0.999999  -0.000176  -0.001076  0.000177  1.000000  0.000486  0.001076  -0.000486  0.999999  1.000000  0.000000  0.000000  0.000000  1.000000  0.000000  0.000000  0.000000  1.000000  1.000000  0.000000  0.000000  0.000000  1.000000  0.000000  0.000000  0.000000  1.000000  0.000000  0.000000  
119.217340 0.004674  0.090556  -0.007000  0.999766  -0.021483  0.002345  0.021409  0.999380  0.027951  -0.002944  -0.027895  0.999607  0.000073  -0.001506  -0.000844  0.000000  0.000000  0.000000  2.000000  1.000000  0.000000  0.000000  0.000000  1.000000  0.000000  0.000000  0.000000  1.000000  1.000000  -0.000180  -0.000942  0.000180  1.000000  0.000607  0.000942  -0.000607  0.999999  1.000000  0.000000  0.000000  0.000000  1.000000  0.000000  0.000000  0.000000  1.000000  1.000000  0.000000  0.000000  0.000000  1.000000  0.000000  0.000000  0.000000  1.000000  0.000000  0.000000  
119.218347 0.004675  0.090552  -0.007002  0.999767  -0.021479  0.002211  0.021409  0.999380  0.027948  -0.002810  -0.027895  0.999607  0.000211  -0.001758  -0.001060  0.000000  0.000000  0.000000  2.000000  1.000000  0.000000  0.000000  0.000000  1.000000  0.000000  0.000000  0.000000  1.000000  0.999999  -0.000382  -0.001081  0.000382  1.000000  0.000608  0.001081  -0.000608  0.999999  1.000000  0.000000  0.000000  0.000000  1.000000  0.000000  0.000000  0.000000  1.000000  1.000000  0.000000  0.000000  0.000000  1.000000  0.000000  0.000000  0.000000  1.000000  0.000000  0.000000  
119.219586 0.004677  0.090548  -0.007004  0.999767  -0.021479  0.002211  0.021409  0.999380  0.027948  -0.002810  -0.027895  0.999607  0.000334  -0.002088  -0.001278  0.000000  0.000000  0.000000  2.000000  1.000000  0.000000  0.000000  0.000000  1.000000  0.000000  0.000000  0.000000  1.000000  0.999999  -0.000382  -0.001081  0.000382  1.000000  0.000608  0.001081  -0.000608  0.999999  1.000000  0.000000  0.000000  0.000000  1.000000  0.000000  0.000000  0.000000  1.000000  1.000000  0.000000  0.000000  0.000000  1.000000  0.000000  0.000000  0.000000  1.000000  0.000000  0.000000  
119.220838 0.004678  0.090543  -0.007007  0.999763  -0.021681  0.002071  0.021615  0.999376  0.027946  -0.002676  -0.027895  0.999607  0.000470  -0.002420  -0.001529  0.000000  0.000000  0.000000  2.000000  1.000000  0.000000  0.000000  0.000000  1.000000  0.000000  0.000000  0.000000  1.000000  0.999999  -0.000588  -0.001087  0.000588  1.000000  0.000608  0.001087  -0.000609  0.999999  1.000000  0.000000  0.000000  0.000000  1.000000  0.000000  0.000000  0.000000  1.000000  1.000000  0.000000  0.000000  0.000000  1.000000  0.000000  0.000000  0.000000  1.000000  0.000000  0.000000  
119.221841 0.004681  0.090540  -0.007010  0.999758  -0.021887  0.002066  0.021821  0.999371  0.027946  -0.002676  -0.027895  0.999607  0.000666  -0.002654  -0.001795  0.000000  0.000000  0.000000  2.000000  1.000000  0.000000  0.000000  0.000000  1.000000  0.000000  0.000000  0.000000  1.000000  0.999999  -0.000793  -0.001093  0.000794  0.999999  0.000609  0.001092  -0.000610  0.999999  1.000000  0.000000  0.000000  0.000000  1.000000  0.000000  0.000000  0.000000  1.000000  1.000000  0.000000  0.000000  0.000000  1.000000  0.000000  0.000000  0.000000  1.000000  0.000000  0.000000  
119.222842 0.004683  0.090536  -0.007012  0.999759  -0.021883  0.001932  0.021821  0.999371  0.027944  -0.002542  -0.027895  0.999608  0.000773  -0.002934  -0.002032  0.000000  0.000000  0.000000  2.000000  1.000000  0.000000  0.000000  0.000000  1.000000  0.000000  0.000000  0.000000  1.000000  0.999999  -0.000793  -0.001093  0.000794  0.999999  0.000609  0.001092  -0.000609  0.999999  1.000000  0.000000  0.000000  0.000000  1.000000  0.000000  0.000000  0.000000  1.000000  1.000000  0.000000  0.000000  0.000000  1.000000  0.000000  0.000000  0.000000  1.000000  0.000000  0.000000  
119.224102 0.004684  0.090530  -0.007016  0.999754  -0.022085  0.001792  0.022026  0.999367  0.027941  -0.002408  -0.027895  0.999608  0.000930  -0.003296  -0.002309  0.000000  0.000000  0.000000  2.000000  1.000000  0.000000  0.000000  0.000000  1.000000  0.000000  0.000000  0.000000  1.000000  0.999999  -0.000999  -0.001099  0.001000  0.999999  0.000609  0.001098  -0.000610  0.999999  1.000000  0.000000  0.000000  0.000000  1.000000  0.000000  0.000000  0.000000  1.000000  1.000000  0.000000  0.000000  0.000000  1.000000  0.000000  0.000000  0.000000  1.000000  0.000000  0.000000  
119.225352 0.004686  0.090525  -0.007019  0.999750  -0.022291  0.001784  0.022232  0.999359  0.028063  -0.002408  -0.028016  0.999605  0.001074  -0.003514  -0.002435  0.000000  0.000000  0.000000  2.000000  1.000000  0.000000  0.000000  0.000000  1.000000  0.000000  0.000000  0.000000  1.000000  0.999998  -0.001411  -0.001110  0.001411  0.999999  0.000731  0.001109  -0.000733  0.999999  1.000000  0.000000  0.000000  0.000000  1.000000  0.000000  0.000000  0.000000  1.000000  1.000000  0.000000  0.000000  0.000000  1.000000  0.000000  0.000000  0.000000  1.000000  0.000000  0.000000  
119.226594 0.004688  0.090518  -0.007023  0.999750  -0.022287  0.001650  0.022232  0.999359  0.028060  -0.002275  -0.028016  0.999605  0.001262  -0.003698  -0.002443  0.000000  0.000000  0.000000  2.000000  1.000000  0.000000  0.000000  0.000000  1.000000  0.000000  0.000000  0.000000  1.000000  0.999998  -0.001407  -0.001244  0.001408  0.999999  0.000731  0.001243  -0.000733  0.999999  1.000000  0.000000  0.000000  0.000000  1.000000  0.000000  0.000000  0.000000  1.000000  1.000000  0.000000  0.000000  0.000000  1.000000  0.000000  0.000000  0.000000  1.000000  0.000000  0.000000  
119.227595 0.004689  0.090514  -0.007026  0.999746  -0.022493  0.001642  0.022438  0.999351  0.028181  -0.002275  -0.028137  0.999601  0.001328  -0.003828  -0.002461  0.000000  0.000000  0.000000  2.000000  1.000000  0.000000  0.000000  0.000000  1.000000  0.000000  0.000000  0.000000  1.000000  0.999998  -0.001612  -0.001250  0.001613  0.999998  0.000853  0.001249  -0.000855  0.999999  1.000000  0.000000  0.000000  0.000000  1.000000  0.000000  0.000000  0.000000  1.000000  1.000000  0.000000  0.000000  0.000000  1.000000  0.000000  0.000000  0.000000  1.000000  0.000000  0.000000  
119.228846 0.004691  0.090507  -0.007029  0.999746  -0.022493  0.001639  0.022438  0.999348  0.028302  -0.002275  -0.028258  0.999598  0.001432  -0.004035  -0.002482  0.000000  0.000000  0.000000  2.000000  1.000000  0.000000  0.000000  0.000000  1.000000  0.000000  0.000000  0.000000  1.000000  0.999998  -0.001616  -0.001117  0.001617  0.999998  0.000974  0.001115  -0.000976  0.999999  1.000000  0.000000  0.000000  0.000000  1.000000  0.000000  0.000000  0.000000  1.000000  1.000000  0.000000  0.000000  0.000000  1.000000  0.000000  0.000000  0.000000  1.000000  0.000000  0.000000  
119.230094 0.004693  0.090500  -0.007033  0.999741  -0.022696  0.001497  0.022644  0.999340  0.028421  -0.002141  -0.028380  0.999595  0.001476  -0.004219  -0.002512  0.000000  0.000000  0.000000  2.000000  1.000000  0.000000  0.000000  0.000000  1.000000  0.000000  0.000000  0.000000  1.000000  0.999998  -0.001818  -0.001256  0.001819  0.999998  0.001096  0.001254  -0.001098  0.999999  1.000000  0.000000  0.000000  0.000000  1.000000  0.000000  0.000000  0.000000  1.000000  1.000000  0.000000  0.000000  0.000000  1.000000  0.000000  0.000000  0.000000  1.000000  0.000000  0.000000  
119.231096 0.004694  0.090494  -0.007037  0.999741  -0.022696  0.001494  0.022644  0.999336  0.028542  -0.002141  -0.028501  0.999591  0.001479  -0.004415  -0.002630  0.000000  0.000000  0.000000  2.000000  1.000000  0.000000  0.000000  0.000000  1.000000  0.000000  0.000000  0.000000  1.000000  0.999998  -0.001822  -0.001123  0.001823  0.999998  0.001096  0.001121  -0.001098  0.999999  1.000000  0.000000  0.000000  0.000000  1.000000  0.000000  0.000000  0.000000  1.000000  1.000000  0.000000  0.000000  0.000000  1.000000  0.000000  0.000000  0.000000  1.000000  0.000000  0.000000  
119.232344 0.004696  0.090485  -0.007043  0.999737  -0.022902  0.001483  0.022850  0.999324  0.028785  -0.002141  -0.028743  0.999585  0.001437  -0.004715  -0.002919  0.000000  0.000000  0.000000  2.000000  1.000000  0.000000  0.000000  0.000000  1.000000  0.000000  0.000000  0.000000  1.000000  0.999998  -0.001821  -0.001123  0.001823  0.999998  0.001217  0.001121  -0.001219  0.999999  1.000000  0.000000  0.000000  0.000000  1.000000  0.000000  0.000000  0.000000  1.000000  1.000000  0.000000  0.000000  0.000000  1.000000  0.000000  0.000000  0.000000  1.000000  0.000000  0.000000  
119.233590 0.004698  0.090477  -0.007051  0.999737  -0.022898  0.001346  0.022850  0.999321  0.028903  -0.002007  -0.028865  0.999581  0.001445  -0.004976  -0.003244  0.000000  0.000000  0.000000  2.000000  1.000000  0.000000  0.000000  0.000000  1.000000  0.000000  0.000000  0.000000  1.000000  0.999998  -0.001821  -0.001123  0.001823  0.999997  0.001338  0.001121  -0.001340  0.999998  1.000000  0.000000  0.000000  0.000000  1.000000  0.000000  0.000000  0.000000  1.000000  1.000000  0.000000  0.000000  0.000000  1.000000  0.000000  0.000000  0.000000  1.000000  0.000000  0.000000  
119.234842 0.004699  0.090468  -0.007058  0.999737  -0.022898  0.001341  0.022850  0.999314  0.029145  -0.002007  -0.029107  0.999574  0.001513  -0.005269  -0.003598  0.000000  0.000000  0.000000  2.000000  1.000000  0.000000  0.000000  0.000000  1.000000  0.000000  0.000000  0.000000  1.000000  0.999998  -0.001825  -0.000990  0.001826  0.999997  0.001459  0.000987  -0.001461  0.999998  1.000000  0.000000  0.000000  0.000000  1.000000  0.000000  0.000000  0.000000  1.000000  1.000000  0.000000  0.000000  0.000000  1.000000  0.000000  0.000000  0.000000  1.000000  0.000000  0.000000  
119.236090 0.004701  0.090460  -0.007065  0.999732  -0.023104  0.001332  0.023055  0.999306  0.029267  -0.002007  -0.029228  0.999571  0.001482  -0.005516  -0.003812  0.000000  0.000000  0.000000  2.000000  1.000000  0.000000  0.000000  0.000000  1.000000  0.000000  0.000000  0.000000  1.000000  0.999998  -0.001825  -0.000990  0.001826  0.999997  0.001459  0.000988  -0.001461  0.999998  1.000000  0.000000  0.000000  0.000000  1.000000  0.000000  0.000000  0.000000  1.000000  1.000000  0.000000  0.000000  0.000000  1.000000  0.000000  0.000000  0.000000  1.000000  0.000000  0.000000  
119.237090 0.004703  0.090453  -0.007069  0.999732  -0.023104  0.001329  0.023055  0.999302  0.029388  -0.002007  -0.029350  0.999567  0.001440  -0.005736  -0.003947  0.000000  0.000000  0.000000  2.000000  1.000000  0.000000  0.000000  0.000000  1.000000  0.000000  0.000000  0.000000  1.000000  0.999998  -0.001825  -0.000991  0.001826  0.999997  0.001581  0.000988  -0.001582  0.999998  1.000000  0.000000  0.000000  0.000000  1.000000  0.000000  0.000000  0.000000  1.000000  1.000000  0.000000  0.000000  0.000000  1.000000  0.000000  0.000000  0.000000  1.000000  0.000000  0.000000  
119.238090 0.004705  0.090447  -0.007074  0.999732  -0.023105  0.001326  0.023055  0.999299  0.029509  -0.002007  -0.029471  0.999564  0.001454  -0.005878  -0.004096  0.000000  0.000000  0.000000  2.000000  1.000000  0.000000  0.000000  0.000000  1.000000  0.000000  0.000000  0.000000  1.000000  0.999998  -0.001623  -0.000851  0.001624  0.999997  0.001580  0.000848  -0.001582  0.999998  1.000000  0.000000  0.000000  0.000000  1.000000  0.000000  0.000000  0.000000  1.000000  1.000000  0.000000  0.000000  0.000000  1.000000  0.000000  0.000000  0.000000  1.000000  0.000000  0.000000  
119.239091 0.004707  0.090441  -0.007077  0.999732  -0.023105  0.001323  0.023055  0.999295  0.029631  -0.002007  -0.029592  0.999560  0.001500  -0.005972  -0.004128  0.000000  0.000000  0.000000  2.000000  1.000000  0.000000  0.000000  0.000000  1.000000  0.000000  0.000000  0.000000  1.000000  0.999998  -0.001622  -0.000851  0.001624  0.999997  0.001701  0.000848  -0.001703  0.999998  1.000000  0.000000  0.000000  0.000000  1.000000  0.000000  0.000000  0.000000  1.000000  1.000000  0.000000  0.000000  0.000000  1.000000  0.000000  0.000000  0.000000  1.000000  0.000000  0.000000  
119.240341 0.004709  0.090434  -0.007080  0.999728  -0.023307  0.001178  0.023261  0.999283  0.029870  -0.001873  -0.029835  0.999553  0.001570  -0.006066  -0.004057  0.000000  0.000000  0.000000  2.000000  1.000000  0.000000  0.000000  0.000000  1.000000  0.000000  0.000000  0.000000  1.000000  0.999998  -0.001618  -0.000985  0.001620  0.999997  0.001823  0.000982  -0.001824  0.999998  1.000000  0.000000  0.000000  0.000000  1.000000  0.000000  0.000000  0.000000  1.000000  1.000000  0.000000  0.000000  0.000000  1.000000  0.000000  0.000000  0.000000  1.000000  0.000000  0.000000  
119.241359 0.004711  0.090428  -0.007083  0.999728  -0.023307  0.001178  0.023261  0.999283  0.029870  -0.001873  -0.029835  0.999553  0.001591  -0.006100  -0.004039  0.000000  0.000000  0.000000  2.000000  1.000000  0.000000  0.000000  0.000000  1.000000  0.000000  0.000000  0.000000  1.000000  0.999998  -0.001622  -0.000852  0.001624  0.999997  0.001944  0.000848  -0.001945  0.999998  1.000000  0.000000  0.000000  0.000000  1.000000  0.000000  0.000000  0.000000  1.000000  1.000000  0.000000  0.000000  0.000000  1.000000  0.000000  0.000000  0.000000  1.000000  0.000000  0.000000  
119.242594 0.004714  0.090422  -0.007085  0.999728  -0.023307  0.001172  0.023261  0.999276  0.030113  -0.001873  -0.030077  0.999546  0.001666  -0.006152  -0.003920  0.000000  0.000000  0.000000  2.000000  1.000000  0.000000  0.000000  0.000000  1.000000  0.000000  0.000000  0.000000  1.000000  0.999999  -0.001416  -0.000846  0.001418  0.999997  0.002065  0.000843  -0.002066  0.999998  1.000000  0.000000  0.000000  0.000000  1.000000  0.000000  0.000000  0.000000  1.000000  1.000000  0.000000  0.000000  0.000000  1.000000  0.000000  0.000000  0.000000  1.000000  0.000000  0.000000  
119.243844 0.004717  0.090414  -0.007088  0.999723  -0.023513  0.001163  0.023467  0.999267  0.030234  -0.001873  -0.030198  0.999542  0.001681  -0.006201  -0.003900  0.000000  0.000000  0.000000  2.000000  1.000000  0.000000  0.000000  0.000000  1.000000  0.000000  0.000000  0.000000  1.000000  0.999999  -0.001420  -0.000712  0.001422  0.999997  0.002186  0.000709  -0.002187  0.999997  1.000000  0.000000  0.000000  0.000000  1.000000  0.000000  0.000000  0.000000  1.000000  1.000000  0.000000  0.000000  0.000000  1.000000  0.000000  0.000000  0.000000  1.000000  0.000000  0.000000  
119.245094 0.004719  0.090407  -0.007091  0.999723  -0.023513  0.001160  0.023467  0.999264  0.030355  -0.001873  -0.030320  0.999539  0.001728  -0.006224  -0.003859  0.000000  0.000000  0.000000  2.000000  1.000000  0.000000  0.000000  0.000000  1.000000  0.000000  0.000000  0.000000  1.000000  0.999999  -0.001424  -0.000579  0.001426  0.999996  0.002429  0.000575  -0.002429  0.999997  1.000000  0.000000  0.000000  0.000000  1.000000  0.000000  0.000000  0.000000  1.000000  1.000000  0.000000  0.000000  0.000000  1.000000  0.000000  0.000000  0.000000  1.000000  0.000000  0.000000  
119.246095 0.004720  0.090401  -0.007094  0.999723  -0.023513  0.001157  0.023467  0.999260  0.030476  -0.001873  -0.030441  0.999535  0.001746  -0.006195  -0.003805  0.000000  0.000000  0.000000  2.000000  1.000000  0.000000  0.000000  0.000000  1.000000  0.000000  0.000000  0.000000  1.000000  0.999999  -0.001218  -0.000573  0.001220  0.999996  0.002428  0.000570  -0.002429  0.999997  1.000000  0.000000  0.000000  0.000000  1.000000  0.000000  0.000000  0.000000  1.000000  1.000000  0.000000  0.000000  0.000000  1.000000  0.000000  0.000000  0.000000  1.000000  0.000000  0.000000  
119.247340 0.004722  0.090393  -0.007098  0.999723  -0.023514  0.001152  0.023467  0.999253  0.030719  -0.001873  -0.030683  0.999527  0.001777  -0.006157  -0.003653  0.000000  0.000000  0.000000  2.000000  1.000000  0.000000  0.000000  0.000000  1.000000  0.000000  0.000000  0.000000  1.000000  0.999999  -0.001222  -0.000439  0.001223  0.999996  0.002550  0.000436  -0.002550  0.999997  1.000000  0.000000  0.000000  0.000000  1.000000  0.000000  0.000000  0.000000  1.000000  1.000000  0.000000  0.000000  0.000000  1.000000  0.000000  0.000000  0.000000  1.000000  0.000000  0.000000  
119.248341 0.004724  0.090387  -0.007101  0.999718  -0.023719  0.001143  0.023673  0.999244  0.030840  -0.001873  -0.030805  0.999524  0.001817  -0.006063  -0.003456  0.000000  0.000000  0.000000  2.000000  1.000000  0.000000  0.000000  0.000000  1.000000  0.000000  0.000000  0.000000  1.000000  0.999999  -0.001222  -0.000439  0.001223  0.999996  0.002671  0.000436  -0.002671  0.999996  1.000000  0.000000  0.000000  0.000000  1.000000  0.000000  0.000000  0.000000  1.000000  1.000000  0.000000  0.000000  0.000000  1.000000  0.000000  0.000000  0.000000  1.000000  0.000000  0.000000  
119.249343 0.004726  0.090382  -0.007104  0.999718  -0.023720  0.001137  0.023673  0.999236  0.031083  -0.001873  -0.031047  0.999516  0.001858  -0.005971  -0.003259  0.000000  0.000000  0.000000  2.000000  1.000000  0.000000  0.000000  0.000000  1.000000  0.000000  0.000000  0.000000  1.000000  0.999999  -0.001222  -0.000439  0.001223  0.999996  0.002671  0.000436  -0.002671  0.999996  1.000000  0.000000  0.000000  0.000000  1.000000  0.000000  0.000000  0.000000  1.000000  1.000000  0.000000  0.000000  0.000000  1.000000  0.000000  0.000000  0.000000  1.000000  0.000000  0.000000  
119.250345 0.004728  0.090376  -0.007106  0.999718  -0.023720  0.001134  0.023673  0.999233  0.031204  -0.001873  -0.031168  0.999512  0.001906  -0.005901  -0.003051  0.000000  0.000000  0.000000  2.000000  1.000000  0.000000  0.000000  0.000000  1.000000  0.000000  0.000000  0.000000  1.000000  0.999999  -0.001021  -0.000300  0.001021  0.999996  0.002792  0.000297  -0.002792  0.999996  1.000000  0.000000  0.000000  0.000000  1.000000  0.000000  0.000000  0.000000  1.000000  1.000000  0.000000  0.000000  0.000000  1.000000  0.000000  0.000000  0.000000  1.000000  0.000000  0.000000  
119.251594 0.004731  0.090369  -0.007109  0.999718  -0.023720  0.001128  0.023673  0.999225  0.031446  -0.001873  -0.031411  0.999505  0.001903  -0.005815  -0.002792  0.000000  0.000000  0.000000  2.000000  1.000000  0.000000  0.000000  0.000000  1.000000  0.000000  0.000000  0.000000  1.000000  0.999999  -0.001020  -0.000300  0.001021  0.999995  0.002913  0.000297  -0.002913  0.999996  1.000000  0.000000  0.000000  0.000000  1.000000  0.000000  0.000000  0.000000  1.000000  1.000000  0.000000  0.000000  0.000000  1.000000  0.000000  0.000000  0.000000  1.000000  0.000000  0.000000  
119.252841 0.004733  0.090362  -0.007114  0.999713  -0.023926  0.001116  0.023879  0.999212  0.031689  -0.001873  -0.031653  0.999497  0.001908  -0.005783  -0.002703  0.000000  0.000000  0.000000  2.000000  1.000000  0.000000  0.000000  0.000000  1.000000  0.000000  0.000000  0.000000  1.000000  0.999999  -0.001020  -0.000300  0.001021  0.999995  0.002913  0.000297  -0.002913  0.999996  1.000000  0.000000  0.000000  0.000000  1.000000  0.000000  0.000000  0.000000  1.000000  1.000000  0.000000  0.000000  0.000000  1.000000  0.000000  0.000000  0.000000  1.000000  0.000000  0.000000  
119.254091 0.004735  0.090354  -0.007118  0.999713  -0.023926  0.001110  0.023879  0.999205  0.031931  -0.001873  -0.031896  0.999489  0.001878  -0.005766  -0.002739  0.000000  0.000000  0.000000  2.000000  1.000000  0.000000  0.000000  0.000000  1.000000  0.000000  0.000000  0.000000  1.000000  0.999999  -0.001025  -0.000167  0.001025  0.999995  0.003034  0.000163  -0.003035  0.999995  1.000000  0.000000  0.000000  0.000000  1.000000  0.000000  0.000000  0.000000  1.000000  1.000000  0.000000  0.000000  0.000000  1.000000  0.000000  0.000000  0.000000  1.000000  0.000000  0.000000  
119.255340 0.004738  0.090347  -0.007123  0.999713  -0.023927  0.001104  0.023879  0.999197  0.032174  -0.001873  -0.032138  0.999482  0.001888  -0.005784  -0.002861  0.000000  0.000000  0.000000  2.000000  1.000000  0.000000  0.000000  0.000000  1.000000  0.000000  0.000000  0.000000  1.000000  0.999999  -0.001025  -0.000167  0.001025  0.999995  0.003034  0.000164  -0.003035  0.999995  1.000000  0.000000  0.000000  0.000000  1.000000  0.000000  0.000000  0.000000  1.000000  1.000000  0.000000  0.000000  0.000000  1.000000  0.000000  0.000000  0.000000  1.000000  0.000000  0.000000  
119.256343 0.004739  0.090341  -0.007127  0.999713  -0.023931  0.001232  0.023879  0.999189  0.032419  -0.002007  -0.032381  0.999474  0.001854  -0.005851  -0.002972  0.000000  0.000000  0.000000  2.000000  1.000000  0.000000  0.000000  0.000000  1.000000  0.000000  0.000000  0.000000  1.000000  1.000000  -0.000823  -0.000027  0.000823  0.999995  0.003155  0.000024  -0.003155  0.999995  1.000000  0.000000  0.000000  0.000000  1.000000  0.000000  0.000000  0.000000  1.000000  1.000000  0.000000  0.000000  0.000000  1.000000  0.000000  0.000000  0.000000  1.000000  0.000000  0.000000  
119.257593 0.004741  0.090333  -0.007132  0.999708  -0.024137  0.001220  0.024085  0.999176  0.032662  -0.002007  -0.032623  0.999466  0.001791  -0.005912  -0.003143  0.000000  0.000000  0.000000  2.000000  1.000000  0.000000  0.000000  0.000000  1.000000  0.000000  0.000000  0.000000  1.000000  1.000000  -0.000823  -0.000027  0.000823  0.999995  0.003155  0.000024  -0.003155  0.999995  1.000000  0.000000  0.000000  0.000000  1.000000  0.000000  0.000000  0.000000  1.000000  1.000000  0.000000  0.000000  0.000000  1.000000  0.000000  0.000000  0.000000  1.000000  0.000000  0.000000  
119.258842 0.004743  0.090326  -0.007136  0.999708  -0.024133  0.001080  0.024085  0.999168  0.032901  -0.001873  -0.032866  0.999458  0.001796  -0.005893  -0.003188  0.000000  0.000000  0.000000  2.000000  1.000000  0.000000  0.000000  0.000000  1.000000  0.000000  0.000000  0.000000  1.000000  0.999999  -0.001024  -0.000167  0.001025  0.999994  0.003156  0.000164  -0.003156  0.999995  1.000000  0.000000  0.000000  0.000000  1.000000  0.000000  0.000000  0.000000  1.000000  1.000000  0.000000  0.000000  0.000000  1.000000  0.000000  0.000000  0.000000  1.000000  0.000000  0.000000  
119.260090 0.004745  0.090318  -0.007140  0.999708  -0.024133  0.001077  0.024085  0.999164  0.033022  -0.001873  -0.032987  0.999454  0.001770  -0.005900  -0.003253  0.000000  0.000000  0.000000  2.000000  1.000000  0.000000  0.000000  0.000000  1.000000  0.000000  0.000000  0.000000  1.000000  1.000000  -0.000823  -0.000027  0.000823  0.999994  0.003277  0.000024  -0.003277  0.999995  1.000000  0.000000  0.000000  0.000000  1.000000  0.000000  0.000000  0.000000  1.000000  1.000000  0.000000  0.000000  0.000000  1.000000  0.000000  0.000000  0.000000  1.000000  0.000000  0.000000  
119.261094 0.004747  0.090313  -0.007141  0.999708  -0.024134  0.001071  0.024085  0.999156  0.033265  -0.001873  -0.033229  0.999446  0.001775  -0.005866  -0.003164  0.000000  0.000000  0.000000  2.000000  1.000000  0.000000  0.000000  0.000000  1.000000  0.000000  0.000000  0.000000  1.000000  1.000000  -0.000823  -0.000027  0.000823  0.999994  0.003277  0.000025  -0.003277  0.999995  1.000000  0.000000  0.000000  0.000000  1.000000  0.000000  0.000000  0.000000  1.000000  1.000000  0.000000  0.000000  0.000000  1.000000  0.000000  0.000000  0.000000  1.000000  0.000000  0.000000  
119.262342 0.004748  0.090306  -0.007143  0.999708  -0.024134  0.001068  0.024085  0.999152  0.033386  -0.001873  -0.033350  0.999442  0.001756  -0.005792  -0.003009  0.000000  0.000000  0.000000  2.000000  1.000000  0.000000  0.000000  0.000000  1.000000  0.000000  0.000000  0.000000  1.000000  1.000000  -0.000823  -0.000027  0.000823  0.999994  0.003398  0.000025  -0.003398  0.999994  1.000000  0.000000  0.000000  0.000000  1.000000  0.000000  0.000000  0.000000  1.000000  1.000000  0.000000  0.000000  0.000000  1.000000  0.000000  0.000000  0.000000  1.000000  0.000000  0.000000  
119.263593 0.004750  0.090300  -0.007145  0.999708  -0.024134  0.001063  0.024085  0.999144  0.033628  -0.001873  -0.033593  0.999434  0.001674  -0.005723  -0.002854  0.000000  0.000000  0.000000  2.000000  1.000000  0.000000  0.000000  0.000000  1.000000  0.000000  0.000000  0.000000  1.000000  1.000000  -0.000617  -0.000021  0.000617  0.999994  0.003519  0.000019  -0.003519  0.999994  1.000000  0.000000  0.000000  0.000000  1.000000  0.000000  0.000000  0.000000  1.000000  1.000000  0.000000  0.000000  0.000000  1.000000  0.000000  0.000000  0.000000  1.000000  0.000000  0.000000  
119.264843 0.004752  0.090294  -0.007146  0.999703  -0.024335  0.000916  0.024290  0.999131  0.033868  -0.001739  -0.033835  0.999426  0.001615  -0.005642  -0.002715  0.000000  0.000000  0.000000  2.000000  1.000000  0.000000  0.000000  0.000000  1.000000  0.000000  0.000000  0.000000  1.000000  1.000000  -0.000617  -0.000021  0.000617  0.999994  0.003397  0.000019  -0.003397  0.999994  1.000000  0.000000  0.000000  0.000000  1.000000  0.000000  0.000000  0.000000  1.000000  1.000000  0.000000  0.000000  0.000000  1.000000  0.000000  0.000000  0.000000  1.000000  0.000000  0.000000  
119.266092 0.004752  0.090288  -0.007148  0.999703  -0.024335  0.000913  0.024290  0.999127  0.033989  -0.001739  -0.033957  0.999422  0.001515  -0.005561  -0.002651  0.000000  0.000000  0.000000  2.000000  1.000000  0.000000  0.000000  0.000000  1.000000  0.000000  0.000000  0.000000  1.000000  1.000000  -0.000818  -0.000162  0.000819  0.999993  0.003519  0.000159  -0.003519  0.999994  1.000000  0.000000  0.000000  0.000000  1.000000  0.000000  0.000000  0.000000  1.000000  1.000000  0.000000  0.000000  0.000000  1.000000  0.000000  0.000000  0.000000  1.000000  0.000000  0.000000  
119.267215 0.004753  0.090283  -0.007151  0.999703  -0.024336  0.000907  0.024290  0.999119  0.034231  -0.001739  -0.034199  0.999414  0.001435  -0.005470  -0.002585  0.000000  0.000000  0.000000  2.000000  1.000000  0.000000  0.000000  0.000000  1.000000  0.000000  0.000000  0.000000  1.000000  1.000000  -0.000818  -0.000162  0.000819  0.999993  0.003519  0.000159  -0.003519  0.999994  1.000000  0.000000  0.000000  0.000000  1.000000  0.000000  0.000000  0.000000  1.000000  1.000000  0.000000  0.000000  0.000000  1.000000  0.000000  0.000000  0.000000  1.000000  0.000000  0.000000  
119.268340 0.004753  0.090276  -0.007155  0.999703  -0.024336  0.000904  0.024290  0.999115  0.034352  -0.001739  -0.034320  0.999409  0.001323  -0.005479  -0.002634  0.000000  0.000000  0.000000  2.000000  1.000000  0.000000  0.000000  0.000000  1.000000  0.000000  0.000000  0.000000  1.000000  1.000000  -0.000613  -0.000155  0.000613  0.999994  0.003519  0.000153  -0.003519  0.999994  1.000000  0.000000  0.000000  0.000000  1.000000  0.000000  0.000000  0.000000  1.000000  1.000000  0.000000  0.000000  0.000000  1.000000  0.000000  0.000000  0.000000  1.000000  0.000000  0.000000  
119.269588 0.004753  0.090270  -0.007159  0.999703  -0.024336  0.000898  0.024290  0.999106  0.034595  -0.001739  -0.034563  0.999401  0.001147  -0.005447  -0.002597  0.000000  0.000000  0.000000  2.000000  1.000000  0.000000  0.000000  0.000000  1.000000  0.000000  0.000000  0.000000  1.000000  1.000000  -0.000613  -0.000155  0.000613  0.999994  0.003519  0.000153  -0.003519  0.999994  1.000000  0.000000  0.000000  0.000000  1.000000  0.000000  0.000000  0.000000  1.000000  1.000000  0.000000  0.000000  0.000000  1.000000  0.000000  0.000000  0.000000  1.000000  0.000000  0.000000  
119.270591 0.004753  0.090265  -0.007163  0.999703  -0.024336  0.000892  0.024290  0.999098  0.034837  -0.001739  -0.034805  0.999393  0.001013  -0.005374  -0.002558  0.000000  0.000000  0.000000  2.000000  1.000000  0.000000  0.000000  0.000000  1.000000  0.000000  0.000000  0.000000  1.000000  1.000000  -0.000613  -0.000155  0.000613  0.999994  0.003519  0.000153  -0.003519  0.999994  1.000000  0.000000  0.000000  0.000000  1.000000  0.000000  0.000000  0.000000  1.000000  1.000000  0.000000  0.000000  0.000000  1.000000  0.000000  0.000000  0.000000  1.000000  0.000000  0.000000  
119.271841 0.004753  0.090258  -0.007168  0.999698  -0.024542  0.000882  0.024496  0.999089  0.034959  -0.001739  -0.034926  0.999388  0.000870  -0.005293  -0.002546  0.000000  0.000000  0.000000  2.000000  1.000000  0.000000  0.000000  0.000000  1.000000  0.000000  0.000000  0.000000  1.000000  1.000000  -0.000818  -0.000162  0.000819  0.999993  0.003519  0.000160  -0.003519  0.999994  1.000000  0.000000  0.000000  0.000000  1.000000  0.000000  0.000000  0.000000  1.000000  1.000000  0.000000  0.000000  0.000000  1.000000  0.000000  0.000000  0.000000  1.000000  0.000000  0.000000  
119.273093 0.004754  0.090251  -0.007172  0.999698  -0.024542  0.000876  0.024496  0.999080  0.035201  -0.001739  -0.035169  0.999380  0.000749  -0.005242  -0.002558  0.171326  0.005850  -0.041353  2.000000  1.000000  0.000000  0.000000  0.000000  1.000000  0.000000  0.000000  0.000000  1.000000  1.000000  -0.000613  -0.000155  0.000613  0.999994  0.003519  0.000153  -0.003519  0.999994  1.000000  0.000000  0.000000  0.000000  1.000000  0.000000  0.000000  0.000000  1.000000  1.000000  0.000000  0.000000  0.000000  1.000000  0.000000  0.000000  0.000000  1.000000  0.000044  0.000000  
119.274106 0.004754  0.090246  -0.007176  0.999698  -0.024542  0.000870  0.024496  0.999071  0.035443  -0.001739  -0.035411  0.999371  0.000640  -0.005187  -0.002603  0.175297  0.005627  -0.034417  2.000000  1.000000  0.000000  0.000000  0.000000  1.000000  0.000000  0.000000  0.000000  1.000000  1.000000  -0.000613  -0.000156  0.000613  0.999994  0.003397  0.000153  -0.003397  0.999994  1.000000  0.000000  0.000000  0.000000  1.000000  0.000000  0.000000  0.000000  1.000000  1.000000  0.000000  0.000000  0.000000  1.000000  0.000000  0.000000  0.000000  1.000000  0.000043  0.000000  
119.275346 0.004753  0.090239  -0.007180  0.999698  -0.024543  0.000864  0.024496  0.999063  0.035686  -0.001739  -0.035654  0.999363  0.000470  -0.005195  -0.002692  0.175344  0.005637  -0.034425  2.000000  1.000000  0.000000  0.000000  0.000000  1.000000  0.000000  0.000000  0.000000  1.000000  1.000000  -0.000612  -0.000156  0.000613  0.999994  0.003397  0.000154  -0.003397  0.999994  1.000000  0.000000  0.000000  0.000000  1.000000  0.000000  0.000000  0.000000  1.000000  1.000000  0.000000  0.000000  0.000000  1.000000  0.000000  0.000000  0.000000  1.000000  0.000044  0.000000  
119.276596 0.004753  0.090232  -0.007185  0.999698  -0.024543  0.000858  0.024496  0.999054  0.035928  -0.001739  -0.035896  0.999354  0.000333  -0.005231  -0.002838  0.179449  0.005644  -0.034430  2.000000  1.000000  0.000000  0.000000  0.000000  1.000000  0.000000  0.000000  0.000000  1.000000  1.000000  -0.000608  -0.000290  0.000609  0.999994  0.003397  0.000287  -0.003398  0.999994  1.000000  0.000000  0.000000  0.000000  1.000000  0.000000  0.000000  0.000000  1.000000  1.000000  0.000000  0.000000  0.000000  1.000000  0.000000  0.000000  0.000000  1.000000  0.000045  0.000000  
119.277844 0.004752  0.090224  -0.007190  0.999698  -0.024543  0.000855  0.024496  0.999050  0.036049  -0.001739  -0.036017  0.999350  0.000160  -0.005331  -0.003097  0.175372  0.005420  -0.027515  2.000000  1.000000  0.000000  0.000000  0.000000  1.000000  0.000000  0.000000  0.000000  1.000000  1.000000  -0.000608  -0.000290  0.000609  0.999994  0.003519  0.000288  -0.003519  0.999994  1.000000  0.000000  0.000000  0.000000  1.000000  0.000000  0.000000  0.000000  1.000000  1.000000  0.000000  0.000000  0.000000  1.000000  0.000000  0.000000  0.000000  1.000000  0.000045  0.000000  
119.278846 0.004752  0.090218  -0.007194  0.999698  -0.024543  0.000849  0.024496  0.999041  0.036292  -0.001739  -0.036260  0.999341  0.000035  -0.005451  -0.003314  0.179409  0.005424  -0.027508  2.000000  1.000000  0.000000  0.000000  0.000000  1.000000  0.000000  0.000000  0.000000  1.000000  1.000000  -0.000407  -0.000149  0.000407  0.999994  0.003397  0.000147  -0.003397  0.999994  1.000000  0.000000  0.000000  0.000000  1.000000  0.000000  0.000000  0.000000  1.000000  1.000000  0.000000  0.000000  0.000000  1.000000  0.000000  0.000000  0.000000  1.000000  0.000044  0.000000  
119.280094 0.004751  0.090210  -0.007199  0.999699  -0.024538  0.000713  0.024496  0.999037  0.036409  -0.001606  -0.036381  0.999337  -0.000122  -0.005597  -0.003550  0.175372  0.009925  -0.027361  2.000000  1.000000  0.000000  0.000000  0.000000  1.000000  0.000000  0.000000  0.000000  1.000000  1.000000  -0.000402  -0.000282  0.000403  0.999994  0.003397  0.000281  -0.003397  0.999994  1.000000  0.000000  0.000000  0.000000  1.000000  0.000000  0.000000  0.000000  1.000000  1.000000  0.000000  0.000000  0.000000  1.000000  0.000000  0.000000  0.000000  1.000000  0.000045  0.000000  
119.281341 0.004749  0.090202  -0.007204  0.999694  -0.024744  0.000699  0.024702  0.999023  0.036652  -0.001606  -0.036623  0.999328  -0.000258  -0.005702  -0.003707  0.175396  0.010168  -0.034277  2.000000  1.000000  0.000000  0.000000  0.000000  1.000000  0.000000  0.000000  0.000000  1.000000  1.000000  -0.000607  -0.000290  0.000608  0.999994  0.003519  0.000288  -0.003519  0.999994  1.000000  0.000000  0.000000  0.000000  1.000000  0.000000  0.000000  0.000000  1.000000  1.000000  0.000000  0.000000  0.000000  1.000000  0.000000  0.000000  0.000000  1.000000  0.000045  0.000000  
119.282594 0.004748  0.090194  -0.007209  0.999694  -0.024744  0.000696  0.024702  0.999018  0.036773  -0.001606  -0.036745  0.999323  -0.000315  -0.005732  -0.003790  0.171269  0.009935  -0.027353  2.000000  1.000000  0.000000  0.000000  0.000000  1.000000  0.000000  0.000000  0.000000  1.000000  1.000000  -0.000607  -0.000290  0.000608  0.999994  0.003397  0.000288  -0.003397  0.999994  1.000000  0.000000  0.000000  0.000000  1.000000  0.000000  0.000000  0.000000  1.000000  1.000000  0.000000  0.000000  0.000000  1.000000  0.000000  0.000000  0.000000  1.000000  0.000044  0.000000  
119.283841 0.004747  0.090187  -0.007214  0.999694  -0.024740  0.000557  0.024702  0.999009  0.037012  -0.001472  -0.036987  0.999315  -0.000441  -0.005779  -0.003791  0.171294  0.014438  -0.027200  2.000000  1.000000  0.000000  0.000000  0.000000  1.000000  0.000000  0.000000  0.000000  1.000000  1.000000  -0.000607  -0.000290  0.000608  0.999994  0.003397  0.000288  -0.003397  0.999994  1.000000  0.000000  0.000000  0.000000  1.000000  0.000000  0.000000  0.000000  1.000000  1.000000  0.000000  0.000000  0.000000  1.000000  0.000000  0.000000  0.000000  1.000000  0.000000  0.000000  
119.285091 0.004746  0.090180  -0.007218  0.999694  -0.024740  0.000554  0.024702  0.999005  0.037133  -0.001472  -0.037108  0.999310  -0.000491  -0.005819  -0.003806  0.000000  0.000000  0.000000  2.000000  1.000000  0.000000  0.000000  0.000000  1.000000  0.000000  0.000000  0.000000  1.000000  1.000000  -0.000602  -0.000424  0.000604  0.999994  0.003397  0.000422  -0.003397  0.999994  1.000000  0.000000  0.000000  0.000000  1.000000  0.000000  0.000000  0.000000  1.000000  1.000000  0.000000  0.000000  0.000000  1.000000  0.000000  0.000000  0.000000  1.000000  0.000000  0.000000  
