1-Time 2-Px 3-Py 4-Pz 5-R11 6-R21 7-R31 8-R12 9-R22 10-R32 11-R13 12-R23 13-R33 14-Vx 15-Vy 16-Vz 17-Wx 18-Wy 19-Wz 20-state 21-PR11 22-PR21 23-PR31 24-PR12 25-PR22 26-PR32 27-PR13 28-PR23 29-PR33 
154.429118 0.004864  0.090997  -0.011794  0.999480  0.031733  -0.005699  -0.031698  0.999479  0.006006  0.005887  -0.005822  0.999966  0.000108  0.000164  -0.000124  0.000000  0.000000  0.000000  2.000000  1.000000  0.000000  0.000000  0.000000  1.000000  0.000000  0.000000  0.000000  1.000000  1.000000  -0.000824  0.000129  0.000824  1.000000  0.000116  -0.000129  -0.000116  1.000000  1.000000  0.000000  0.000000  0.000000  1.000000  0.000000  0.000000  0.000000  1.000000  0.624823  0.600501  -0.498994  -0.506660  0.798115  0.326049  0.594047  0.049097  0.802931  0.000000  0.000000  
154.430124 0.004865  0.090996  -0.011794  0.999480  0.031733  -0.005699  -0.031698  0.999479  0.006006  0.005887  -0.005822  0.999966  0.000094  0.000089  -0.000125  0.000000  0.000000  0.000000  2.000000  1.000000  0.000000  0.000000  0.000000  1.000000  0.000000  0.000000  0.000000  1.000000  1.000000  -0.000824  0.000129  0.000824  1.000000  0.000116  -0.000129  -0.000116  1.000000  1.000000  0.000000  0.000000  0.000000  1.000000  0.000000  0.000000  0.000000  1.000000  1.000000  0.000000  0.000000  0.000000  1.000000  0.000000  0.000000  0.000000  1.000000  0.000000  0.000000  
154.431372 0.004865  0.090995  -0.011795  0.999474  0.031939  -0.005694  -0.031904  0.999472  0.006128  0.005887  -0.005943  0.999965  0.000101  -0.000014  -0.000153  0.000000  0.000000  0.000000  2.000000  1.000000  0.000000  0.000000  0.000000  1.000000  0.000000  0.000000  0.000000  1.000000  1.000000  -0.000824  0.000129  0.000824  1.000000  0.000238  -0.000129  -0.000238  1.000000  1.000000  0.000000  0.000000  0.000000  1.000000  0.000000  0.000000  0.000000  1.000000  1.000000  0.000000  0.000000  0.000000  1.000000  0.000000  0.000000  0.000000  1.000000  0.000000  0.000000  
154.432372 0.004865  0.090993  -0.011795  0.999474  0.031939  -0.005694  -0.031904  0.999472  0.006128  0.005887  -0.005943  0.999965  0.000112  -0.000163  -0.000125  0.000000  0.000000  0.000000  2.000000  1.000000  0.000000  0.000000  0.000000  1.000000  0.000000  0.000000  0.000000  1.000000  1.000000  -0.000412  -0.000002  0.000412  1.000000  0.000119  0.000002  -0.000119  1.000000  1.000000  0.000000  0.000000  0.000000  1.000000  0.000000  0.000000  0.000000  1.000000  1.000000  0.000000  0.000000  0.000000  1.000000  0.000000  0.000000  0.000000  1.000000  0.000000  0.000000  
154.433373 0.004866  0.090990  -0.011796  0.999474  0.031939  -0.005694  -0.031904  0.999472  0.006128  0.005887  -0.005943  0.999965  0.000157  -0.000342  -0.000160  0.000000  0.000000  0.000000  2.000000  1.000000  0.000000  0.000000  0.000000  1.000000  0.000000  0.000000  0.000000  1.000000  1.000000  -0.000412  -0.000002  0.000412  1.000000  0.000119  0.000002  -0.000119  1.000000  1.000000  0.000000  0.000000  0.000000  1.000000  0.000000  0.000000  0.000000  1.000000  1.000000  0.000000  0.000000  0.000000  1.000000  0.000000  0.000000  0.000000  1.000000  0.000000  0.000000  
154.434376 0.004867  0.090988  -0.011796  0.999474  0.031939  -0.005694  -0.031904  0.999472  0.006128  0.005887  -0.005943  0.999965  0.000220  -0.000492  -0.000140  0.000000  0.000000  0.000000  2.000000  1.000000  0.000000  0.000000  0.000000  1.000000  0.000000  0.000000  0.000000  1.000000  1.000000  -0.000412  -0.000002  0.000412  1.000000  0.000119  0.000002  -0.000119  1.000000  1.000000  0.000000  0.000000  0.000000  1.000000  0.000000  0.000000  0.000000  1.000000  1.000000  0.000000  0.000000  0.000000  1.000000  0.000000  0.000000  0.000000  1.000000  0.000000  0.000000  
154.435622 0.004868  0.090985  -0.011796  0.999473  0.031941  -0.005824  -0.031904  0.999471  0.006254  0.006021  -0.006065  0.999963  0.000322  -0.000718  -0.000127  0.000000  0.000000  0.000000  2.000000  1.000000  0.000000  0.000000  0.000000  1.000000  0.000000  0.000000  0.000000  1.000000  1.000000  -0.000411  -0.000136  0.000411  1.000000  0.000240  0.000136  -0.000240  1.000000  1.000000  0.000000  0.000000  0.000000  1.000000  0.000000  0.000000  0.000000  1.000000  1.000000  0.000000  0.000000  0.000000  1.000000  0.000000  0.000000  0.000000  1.000000  0.000000  0.000000  
154.436623 0.004870  0.090983  -0.011796  0.999466  0.032146  -0.005823  -0.032110  0.999465  0.006255  0.006021  -0.006065  0.999963  0.000397  -0.000872  -0.000143  0.000000  0.000000  0.000000  2.000000  1.000000  0.000000  0.000000  0.000000  1.000000  0.000000  0.000000  0.000000  1.000000  1.000000  -0.000205  -0.000135  0.000205  1.000000  0.000241  0.000135  -0.000241  1.000000  1.000000  0.000000  0.000000  0.000000  1.000000  0.000000  0.000000  0.000000  1.000000  1.000000  0.000000  0.000000  0.000000  1.000000  0.000000  0.000000  0.000000  1.000000  0.000000  0.000000  
154.437872 0.004872  0.090980  -0.011796  0.999459  0.032354  -0.005951  -0.032316  0.999457  0.006382  0.006155  -0.006186  0.999962  0.000542  -0.001075  -0.000147  0.000000  0.000000  0.000000  2.000000  1.000000  0.000000  0.000000  0.000000  1.000000  0.000000  0.000000  0.000000  1.000000  1.000000  -0.000205  -0.000135  0.000205  1.000000  0.000363  0.000135  -0.000363  1.000000  1.000000  0.000000  0.000000  0.000000  1.000000  0.000000  0.000000  0.000000  1.000000  1.000000  0.000000  0.000000  0.000000  1.000000  0.000000  0.000000  0.000000  1.000000  0.000000  0.000000  
154.438873 0.004873  0.090977  -0.011796  0.999459  0.032354  -0.005951  -0.032316  0.999457  0.006382  0.006155  -0.006186  0.999962  0.000615  -0.001250  -0.000117  0.000000  0.000000  0.000000  2.000000  1.000000  0.000000  0.000000  0.000000  1.000000  0.000000  0.000000  0.000000  1.000000  1.000000  0.000002  -0.000268  -0.000002  1.000000  0.000364  0.000268  -0.000364  1.000000  1.000000  0.000000  0.000000  0.000000  1.000000  0.000000  0.000000  0.000000  1.000000  1.000000  0.000000  0.000000  0.000000  1.000000  0.000000  0.000000  0.000000  1.000000  0.000000  0.000000  
154.439876 0.004875  0.090975  -0.011796  0.999452  0.032559  -0.005950  -0.032521  0.999451  0.006383  0.006155  -0.006186  0.999962  0.000733  -0.001379  -0.000149  0.000000  0.000000  0.000000  2.000000  1.000000  0.000000  0.000000  0.000000  1.000000  0.000000  0.000000  0.000000  1.000000  1.000000  0.000208  -0.000266  -0.000207  1.000000  0.000365  0.000266  -0.000365  1.000000  1.000000  0.000000  0.000000  0.000000  1.000000  0.000000  0.000000  0.000000  1.000000  1.000000  0.000000  0.000000  0.000000  1.000000  0.000000  0.000000  0.000000  1.000000  0.000000  0.000000  
154.440877 0.004876  0.090973  -0.011797  0.999445  0.032765  -0.005949  -0.032727  0.999444  0.006384  0.006155  -0.006186  0.999962  0.000821  -0.001535  -0.000201  0.000000  0.000000  0.000000  2.000000  1.000000  0.000000  0.000000  0.000000  1.000000  0.000000  0.000000  0.000000  1.000000  1.000000  0.000413  -0.000265  -0.000413  1.000000  0.000366  0.000265  -0.000366  1.000000  1.000000  0.000000  0.000000  0.000000  1.000000  0.000000  0.000000  0.000000  1.000000  1.000000  0.000000  0.000000  0.000000  1.000000  0.000000  0.000000  0.000000  1.000000  0.000000  0.000000  
154.442123 0.004878  0.090970  -0.011797  0.999445  0.032765  -0.005949  -0.032727  0.999444  0.006384  0.006155  -0.006186  0.999962  0.000966  -0.001739  -0.000205  0.000000  0.000000  0.000000  2.000000  1.000000  0.000000  0.000000  0.000000  1.000000  0.000000  0.000000  0.000000  1.000000  1.000000  0.000619  -0.000264  -0.000619  1.000000  0.000368  0.000264  -0.000368  1.000000  1.000000  0.000000  0.000000  0.000000  1.000000  0.000000  0.000000  0.000000  1.000000  1.000000  0.000000  0.000000  0.000000  1.000000  0.000000  0.000000  0.000000  1.000000  0.000000  0.000000  
154.443379 0.004880  0.090967  -0.011797  0.999439  0.032972  -0.005944  -0.032933  0.999436  0.006507  0.006155  -0.006307  0.999961  0.001111  -0.001941  -0.000208  0.000000  0.000000  0.000000  2.000000  1.000000  0.000000  0.000000  0.000000  1.000000  0.000000  0.000000  0.000000  1.000000  1.000000  0.000825  -0.000262  -0.000825  1.000000  0.000490  0.000263  -0.000490  1.000000  1.000000  0.000000  0.000000  0.000000  1.000000  0.000000  0.000000  0.000000  1.000000  1.000000  0.000000  0.000000  0.000000  1.000000  0.000000  0.000000  0.000000  1.000000  0.000000  0.000000  
154.444627 0.004882  0.090964  -0.011798  0.999432  0.033177  -0.005942  -0.033139  0.999430  0.006508  0.006155  -0.006307  0.999961  0.001202  -0.002223  -0.000243  0.000000  0.000000  0.000000  2.000000  1.000000  0.000000  0.000000  0.000000  1.000000  0.000000  0.000000  0.000000  1.000000  0.999999  0.001031  -0.000261  -0.001031  0.999999  0.000492  0.000262  -0.000491  1.000000  1.000000  0.000000  0.000000  0.000000  1.000000  0.000000  0.000000  0.000000  1.000000  1.000000  0.000000  0.000000  0.000000  1.000000  0.000000  0.000000  0.000000  1.000000  0.000000  0.000000  
154.445876 0.004883  0.090959  -0.011797  0.999425  0.033383  -0.005941  -0.033344  0.999423  0.006509  0.006155  -0.006307  0.999961  0.001271  -0.002419  -0.000166  0.000000  0.000000  0.000000  2.000000  1.000000  0.000000  0.000000  0.000000  1.000000  0.000000  0.000000  0.000000  1.000000  0.999999  0.001443  -0.000258  -0.001443  0.999999  0.000494  0.000259  -0.000494  1.000000  1.000000  0.000000  0.000000  0.000000  1.000000  0.000000  0.000000  0.000000  1.000000  1.000000  0.000000  0.000000  0.000000  1.000000  0.000000  0.000000  0.000000  1.000000  0.000000  0.000000  
154.446877 0.004884  0.090955  -0.011797  0.999418  0.033589  -0.005939  -0.033550  0.999416  0.006510  0.006155  -0.006307  0.999961  0.001334  -0.002569  -0.000146  0.000000  0.000000  0.000000  2.000000  1.000000  0.000000  0.000000  0.000000  1.000000  0.000000  0.000000  0.000000  1.000000  0.999999  0.001649  -0.000257  -0.001648  0.999999  0.000495  0.000258  -0.000495  1.000000  1.000000  0.000000  0.000000  0.000000  1.000000  0.000000  0.000000  0.000000  1.000000  1.000000  0.000000  0.000000  0.000000  1.000000  0.000000  0.000000  0.000000  1.000000  0.000000  0.000000  
154.448127 0.004886  0.090950  -0.011797  0.999418  0.033589  -0.005939  -0.033550  0.999416  0.006510  0.006155  -0.006307  0.999961  0.001377  -0.002692  -0.000098  0.000000  0.000000  0.000000  2.000000  1.000000  0.000000  0.000000  0.000000  1.000000  0.000000  0.000000  0.000000  1.000000  0.999999  0.001649  -0.000257  -0.001648  0.999999  0.000495  0.000258  -0.000495  1.000000  1.000000  0.000000  0.000000  0.000000  1.000000  0.000000  0.000000  0.000000  1.000000  1.000000  0.000000  0.000000  0.000000  1.000000  0.000000  0.000000  0.000000  1.000000  0.000000  0.000000  
154.449370 0.004887  0.090944  -0.011796  0.999411  0.033795  -0.005934  -0.033756  0.999408  0.006633  0.006155  -0.006429  0.999960  0.001358  -0.002914  -0.000015  0.000000  0.000000  0.000000  2.000000  1.000000  0.000000  0.000000  0.000000  1.000000  0.000000  0.000000  0.000000  1.000000  0.999998  0.002060  -0.000254  -0.002060  0.999998  0.000619  0.000256  -0.000619  1.000000  1.000000  0.000000  0.000000  0.000000  1.000000  0.000000  0.000000  0.000000  1.000000  1.000000  0.000000  0.000000  0.000000  1.000000  0.000000  0.000000  0.000000  1.000000  0.000000  0.000000  
154.450377 0.004888  0.090939  -0.011796  0.999403  0.034002  -0.006066  -0.033962  0.999401  0.006639  0.006288  -0.006429  0.999960  0.001383  -0.003086  0.000003  0.000000  0.000000  0.000000  2.000000  1.000000  0.000000  0.000000  0.000000  1.000000  0.000000  0.000000  0.000000  1.000000  0.999997  0.002267  -0.000387  -0.002267  0.999997  0.000621  0.000388  -0.000620  1.000000  1.000000  0.000000  0.000000  0.000000  1.000000  0.000000  0.000000  0.000000  1.000000  1.000000  0.000000  0.000000  0.000000  1.000000  0.000000  0.000000  0.000000  1.000000  0.000000  0.000000  
154.451622 0.004891  0.090933  -0.011795  0.999396  0.034208  -0.006061  -0.034167  0.999393  0.006761  0.006288  -0.006550  0.999959  0.001426  -0.003306  0.000041  0.000000  0.000000  0.000000  2.000000  1.000000  0.000000  0.000000  0.000000  1.000000  0.000000  0.000000  0.000000  1.000000  0.999997  0.002473  -0.000385  -0.002473  0.999997  0.000622  0.000387  -0.000621  1.000000  1.000000  0.000000  0.000000  0.000000  1.000000  0.000000  0.000000  0.000000  1.000000  1.000000  0.000000  0.000000  0.000000  1.000000  0.000000  0.000000  0.000000  1.000000  0.000000  0.000000  
154.452624 0.004893  0.090928  -0.011795  0.999389  0.034414  -0.006059  -0.034373  0.999386  0.006762  0.006288  -0.006550  0.999959  0.001409  -0.003509  0.000077  0.000000  0.000000  0.000000  2.000000  1.000000  0.000000  0.000000  0.000000  1.000000  0.000000  0.000000  0.000000  1.000000  0.999997  0.002473  -0.000385  -0.002473  0.999997  0.000622  0.000387  -0.000621  1.000000  1.000000  0.000000  0.000000  0.000000  1.000000  0.000000  0.000000  0.000000  1.000000  1.000000  0.000000  0.000000  0.000000  1.000000  0.000000  0.000000  0.000000  1.000000  0.000000  0.000000  
154.453872 0.004894  0.090921  -0.011795  0.999389  0.034415  -0.006055  -0.034373  0.999385  0.006883  0.006288  -0.006671  0.999958  0.001424  -0.003727  0.000049  0.000000  0.000000  0.000000  2.000000  1.000000  0.000000  0.000000  0.000000  1.000000  0.000000  0.000000  0.000000  1.000000  0.999997  0.002473  -0.000385  -0.002473  0.999997  0.000622  0.000387  -0.000621  1.000000  1.000000  0.000000  0.000000  0.000000  1.000000  0.000000  0.000000  0.000000  1.000000  1.000000  0.000000  0.000000  0.000000  1.000000  0.000000  0.000000  0.000000  1.000000  0.000000  0.000000  
154.454872 0.004896  0.090916  -0.011795  0.999382  0.034621  -0.006054  -0.034579  0.999378  0.006885  0.006288  -0.006671  0.999958  0.001422  -0.003948  0.000076  0.000000  0.000000  0.000000  2.000000  1.000000  0.000000  0.000000  0.000000  1.000000  0.000000  0.000000  0.000000  1.000000  0.999996  0.002679  -0.000384  -0.002679  0.999996  0.000745  0.000386  -0.000744  1.000000  1.000000  0.000000  0.000000  0.000000  1.000000  0.000000  0.000000  0.000000  1.000000  1.000000  0.000000  0.000000  0.000000  1.000000  0.000000  0.000000  0.000000  1.000000  0.000000  0.000000  
154.456124 0.004898  0.090909  -0.011796  0.999374  0.034827  -0.006186  -0.034784  0.999371  0.006891  0.006422  -0.006671  0.999957  0.001398  -0.004220  0.000092  0.000000  0.000000  0.000000  2.000000  1.000000  0.000000  0.000000  0.000000  1.000000  0.000000  0.000000  0.000000  1.000000  0.999996  0.002885  -0.000382  -0.002885  0.999996  0.000625  0.000384  -0.000624  1.000000  1.000000  0.000000  0.000000  0.000000  1.000000  0.000000  0.000000  0.000000  1.000000  1.000000  0.000000  0.000000  0.000000  1.000000  0.000000  0.000000  0.000000  1.000000  0.000000  0.000000  
154.457128 0.004900  0.090904  -0.011796  0.999367  0.035033  -0.006185  -0.034990  0.999364  0.006892  0.006422  -0.006671  0.999957  0.001444  -0.004442  0.000085  0.000000  0.000000  0.000000  2.000000  1.000000  0.000000  0.000000  0.000000  1.000000  0.000000  0.000000  0.000000  1.000000  0.999996  0.002679  -0.000384  -0.002679  0.999996  0.000624  0.000385  -0.000623  1.000000  1.000000  0.000000  0.000000  0.000000  1.000000  0.000000  0.000000  0.000000  1.000000  1.000000  0.000000  0.000000  0.000000  1.000000  0.000000  0.000000  0.000000  1.000000  0.000000  0.000000  
154.458381 0.004902  0.090897  -0.011797  0.999367  0.035034  -0.006181  -0.034990  0.999363  0.007013  0.006422  -0.006792  0.999956  0.001441  -0.004759  0.000047  0.000000  0.000000  0.000000  2.000000  1.000000  0.000000  0.000000  0.000000  1.000000  0.000000  0.000000  0.000000  1.000000  0.999996  0.002678  -0.000250  -0.002678  0.999996  0.000502  0.000251  -0.000502  1.000000  1.000000  0.000000  0.000000  0.000000  1.000000  0.000000  0.000000  0.000000  1.000000  1.000000  0.000000  0.000000  0.000000  1.000000  0.000000  0.000000  0.000000  1.000000  0.000000  0.000000  
154.459626 0.004904  0.090891  -0.011796  0.999360  0.035239  -0.006179  -0.035196  0.999356  0.007014  0.006422  -0.006792  0.999956  0.001444  -0.004862  0.000120  0.000000  0.000000  0.000000  2.000000  1.000000  0.000000  0.000000  0.000000  1.000000  0.000000  0.000000  0.000000  1.000000  0.999996  0.002678  -0.000249  -0.002678  0.999996  0.000624  0.000251  -0.000623  1.000000  1.000000  0.000000  0.000000  0.000000  1.000000  0.000000  0.000000  0.000000  1.000000  1.000000  0.000000  0.000000  0.000000  1.000000  0.000000  0.000000  0.000000  1.000000  0.000000  0.000000  
154.460627 0.004905  0.090886  -0.011795  0.999360  0.035239  -0.006179  -0.035196  0.999356  0.007014  0.006422  -0.006792  0.999956  0.001486  -0.004993  0.000141  0.000000  0.000000  0.000000  2.000000  1.000000  0.000000  0.000000  0.000000  1.000000  0.000000  0.000000  0.000000  1.000000  0.999996  0.002678  -0.000249  -0.002678  0.999996  0.000624  0.000251  -0.000623  1.000000  1.000000  0.000000  0.000000  0.000000  1.000000  0.000000  0.000000  0.000000  1.000000  1.000000  0.000000  0.000000  0.000000  1.000000  0.000000  0.000000  0.000000  1.000000  0.000000  0.000000  
154.461876 0.004907  0.090879  -0.011795  0.999353  0.035445  -0.006178  -0.035402  0.999349  0.007016  0.006422  -0.006792  0.999956  0.001524  -0.005059  0.000159  0.000000  0.000000  0.000000  2.000000  1.000000  0.000000  0.000000  0.000000  1.000000  0.000000  0.000000  0.000000  1.000000  0.999996  0.002678  -0.000249  -0.002678  0.999996  0.000624  0.000251  -0.000623  1.000000  1.000000  0.000000  0.000000  0.000000  1.000000  0.000000  0.000000  0.000000  1.000000  1.000000  0.000000  0.000000  0.000000  1.000000  0.000000  0.000000  0.000000  1.000000  0.000000  0.000000  
154.463126 0.004909  0.090873  -0.011794  0.999345  0.035651  -0.006176  -0.035607  0.999341  0.007017  0.006422  -0.006792  0.999956  0.001566  -0.005180  0.000206  0.000000  0.000000  0.000000  2.000000  1.000000  0.000000  0.000000  0.000000  1.000000  0.000000  0.000000  0.000000  1.000000  0.999996  0.002678  -0.000249  -0.002678  0.999996  0.000624  0.000251  -0.000623  1.000000  1.000000  0.000000  0.000000  0.000000  1.000000  0.000000  0.000000  0.000000  1.000000  1.000000  0.000000  0.000000  0.000000  1.000000  0.000000  0.000000  0.000000  1.000000  0.000000  0.000000  
154.464126 0.004910  0.090867  -0.011794  0.999345  0.035651  -0.006176  -0.035607  0.999341  0.007017  0.006422  -0.006792  0.999956  0.001587  -0.005220  0.000155  0.000000  0.000000  0.000000  2.000000  1.000000  0.000000  0.000000  0.000000  1.000000  0.000000  0.000000  0.000000  1.000000  0.999997  0.002472  -0.000251  -0.002472  0.999997  0.000501  0.000252  -0.000500  1.000000  1.000000  0.000000  0.000000  0.000000  1.000000  0.000000  0.000000  0.000000  1.000000  1.000000  0.000000  0.000000  0.000000  1.000000  0.000000  0.000000  0.000000  1.000000  0.000000  0.000000  
154.465397 0.004912  0.090860  -0.011793  0.999338  0.035857  -0.006175  -0.035813  0.999334  0.007018  0.006422  -0.006792  0.999956  0.001590  -0.005260  0.000210  0.000000  0.000000  0.000000  2.000000  1.000000  0.000000  0.000000  0.000000  1.000000  0.000000  0.000000  0.000000  1.000000  0.999997  0.002472  -0.000251  -0.002472  0.999997  0.000501  0.000252  -0.000500  1.000000  1.000000  0.000000  0.000000  0.000000  1.000000  0.000000  0.000000  0.000000  1.000000  1.000000  0.000000  0.000000  0.000000  1.000000  0.000000  0.000000  0.000000  1.000000  0.000000  0.000000  
154.466620 0.004914  0.090853  -0.011792  0.999338  0.035857  -0.006175  -0.035813  0.999334  0.007018  0.006422  -0.006792  0.999956  0.001547  -0.005355  0.000215  0.000000  0.000000  0.000000  2.000000  1.000000  0.000000  0.000000  0.000000  1.000000  0.000000  0.000000  0.000000  1.000000  0.999997  0.002472  -0.000251  -0.002472  0.999997  0.000501  0.000252  -0.000500  1.000000  1.000000  0.000000  0.000000  0.000000  1.000000  0.000000  0.000000  0.000000  1.000000  1.000000  0.000000  0.000000  0.000000  1.000000  0.000000  0.000000  0.000000  1.000000  0.000000  0.000000  
154.467623 0.004915  0.090847  -0.011792  0.999330  0.036062  -0.006173  -0.036019  0.999326  0.007019  0.006422  -0.006792  0.999956  0.001524  -0.005405  0.000205  0.000000  0.000000  0.000000  2.000000  1.000000  0.000000  0.000000  0.000000  1.000000  0.000000  0.000000  0.000000  1.000000  0.999997  0.002472  -0.000251  -0.002472  0.999997  0.000501  0.000252  -0.000500  1.000000  1.000000  0.000000  0.000000  0.000000  1.000000  0.000000  0.000000  0.000000  1.000000  1.000000  0.000000  0.000000  0.000000  1.000000  0.000000  0.000000  0.000000  1.000000  0.000000  0.000000  
154.468872 0.004917  0.090841  -0.011790  0.999330  0.036062  -0.006173  -0.036019  0.999326  0.007019  0.006422  -0.006792  0.999956  0.001527  -0.005394  0.000341  0.000000  0.000000  0.000000  2.000000  1.000000  0.000000  0.000000  0.000000  1.000000  0.000000  0.000000  0.000000  1.000000  0.999997  0.002266  -0.000252  -0.002266  0.999997  0.000378  0.000253  -0.000378  1.000000  1.000000  0.000000  0.000000  0.000000  1.000000  0.000000  0.000000  0.000000  1.000000  1.000000  0.000000  0.000000  0.000000  1.000000  0.000000  0.000000  0.000000  1.000000  0.000000  0.000000  
154.469873 0.004919  0.090835  -0.011789  0.999330  0.036062  -0.006173  -0.036019  0.999326  0.007019  0.006422  -0.006792  0.999956  0.001531  -0.005400  0.000457  0.000000  0.000000  0.000000  2.000000  1.000000  0.000000  0.000000  0.000000  1.000000  0.000000  0.000000  0.000000  1.000000  0.999997  0.002266  -0.000252  -0.002266  0.999997  0.000378  0.000253  -0.000378  1.000000  1.000000  0.000000  0.000000  0.000000  1.000000  0.000000  0.000000  0.000000  1.000000  1.000000  0.000000  0.000000  0.000000  1.000000  0.000000  0.000000  0.000000  1.000000  0.000000  0.000000  
154.471124 0.004921  0.090828  -0.011788  0.999322  0.036268  -0.006310  -0.036225  0.999320  0.006904  0.006556  -0.006671  0.999956  0.001536  -0.005429  0.000533  0.000000  0.000000  0.000000  2.000000  1.000000  0.000000  0.000000  0.000000  1.000000  0.000000  0.000000  0.000000  1.000000  0.999997  0.002266  -0.000252  -0.002266  0.999997  0.000257  0.000253  -0.000257  1.000000  1.000000  0.000000  0.000000  0.000000  1.000000  0.000000  0.000000  0.000000  1.000000  1.000000  0.000000  0.000000  0.000000  1.000000  0.000000  0.000000  0.000000  1.000000  0.000000  0.000000  
154.472378 0.004923  0.090821  -0.011787  0.999322  0.036268  -0.006310  -0.036225  0.999320  0.006904  0.006556  -0.006671  0.999956  0.001487  -0.005433  0.000659  0.000000  0.000000  0.000000  2.000000  1.000000  0.000000  0.000000  0.000000  1.000000  0.000000  0.000000  0.000000  1.000000  0.999998  0.002060  -0.000254  -0.002060  0.999998  0.000135  0.000254  -0.000134  1.000000  1.000000  0.000000  0.000000  0.000000  1.000000  0.000000  0.000000  0.000000  1.000000  1.000000  0.000000  0.000000  0.000000  1.000000  0.000000  0.000000  0.000000  1.000000  0.000000  0.000000  
154.473629 0.004924  0.090814  -0.011787  0.999315  0.036474  -0.006309  -0.036430  0.999312  0.006906  0.006556  -0.006671  0.999956  0.001434  -0.005494  0.000647  0.000000  0.000000  0.000000  2.000000  1.000000  0.000000  0.000000  0.000000  1.000000  0.000000  0.000000  0.000000  1.000000  0.999998  0.002060  -0.000254  -0.002060  0.999998  0.000135  0.000254  -0.000134  1.000000  1.000000  0.000000  0.000000  0.000000  1.000000  0.000000  0.000000  0.000000  1.000000  1.000000  0.000000  0.000000  0.000000  1.000000  0.000000  0.000000  0.000000  1.000000  0.000000  0.000000  
154.474872 0.004925  0.090807  -0.011786  0.999315  0.036474  -0.006309  -0.036430  0.999312  0.006906  0.006556  -0.006671  0.999956  0.001446  -0.005555  0.000641  0.000000  0.000000  0.000000  2.000000  1.000000  0.000000  0.000000  0.000000  1.000000  0.000000  0.000000  0.000000  1.000000  0.999998  0.001855  -0.000255  -0.001855  0.999998  0.000012  0.000255  -0.000012  1.000000  1.000000  0.000000  0.000000  0.000000  1.000000  0.000000  0.000000  0.000000  1.000000  1.000000  0.000000  0.000000  0.000000  1.000000  0.000000  0.000000  0.000000  1.000000  0.000000  0.000000  
154.476127 0.004927  0.090799  -0.011787  0.999307  0.036680  -0.006307  -0.036636  0.999305  0.006907  0.006556  -0.006671  0.999956  0.001379  -0.005592  0.000600  0.000000  0.000000  0.000000  2.000000  1.000000  0.000000  0.000000  0.000000  1.000000  0.000000  0.000000  0.000000  1.000000  0.999998  0.001854  -0.000121  -0.001854  0.999998  0.000012  0.000121  -0.000012  1.000000  1.000000  0.000000  0.000000  0.000000  1.000000  0.000000  0.000000  0.000000  1.000000  1.000000  0.000000  0.000000  0.000000  1.000000  0.000000  0.000000  0.000000  1.000000  0.000000  0.000000  
154.477374 0.004928  0.090792  -0.011787  0.999307  0.036680  -0.006307  -0.036636  0.999305  0.006907  0.006556  -0.006671  0.999956  0.001329  -0.005650  0.000524  0.000000  0.000000  0.000000  2.000000  1.000000  0.000000  0.000000  0.000000  1.000000  0.000000  0.000000  0.000000  1.000000  0.999998  0.001854  -0.000121  -0.001854  0.999998  0.000012  0.000121  -0.000012  1.000000  1.000000  0.000000  0.000000  0.000000  1.000000  0.000000  0.000000  0.000000  1.000000  1.000000  0.000000  0.000000  0.000000  1.000000  0.000000  0.000000  0.000000  1.000000  0.000000  0.000000  
154.478375 0.004929  0.090787  -0.011787  0.999307  0.036680  -0.006307  -0.036636  0.999305  0.006907  0.006556  -0.006671  0.999956  0.001280  -0.005627  0.000485  0.000000  0.000000  0.000000  2.000000  1.000000  0.000000  0.000000  0.000000  1.000000  0.000000  0.000000  0.000000  1.000000  0.999999  0.001648  -0.000123  -0.001648  0.999999  0.000011  0.000123  -0.000011  1.000000  1.000000  0.000000  0.000000  0.000000  1.000000  0.000000  0.000000  0.000000  1.000000  1.000000  0.000000  0.000000  0.000000  1.000000  0.000000  0.000000  0.000000  1.000000  0.000000  0.000000  
154.479377 0.004929  0.090781  -0.011787  0.999307  0.036680  -0.006307  -0.036636  0.999305  0.006907  0.006556  -0.006671  0.999956  0.001229  -0.005683  0.000409  0.000000  0.000000  0.000000  2.000000  1.000000  0.000000  0.000000  0.000000  1.000000  0.000000  0.000000  0.000000  1.000000  0.999999  0.001648  -0.000123  -0.001648  0.999999  -0.000111  0.000123  0.000111  1.000000  1.000000  0.000000  0.000000  0.000000  1.000000  0.000000  0.000000  0.000000  1.000000  1.000000  0.000000  0.000000  0.000000  1.000000  0.000000  0.000000  0.000000  1.000000  0.000000  0.000000  
154.480625 0.004930  0.090774  -0.011787  0.999300  0.036885  -0.006310  -0.036842  0.999298  0.006787  0.006556  -0.006550  0.999957  0.001193  -0.005664  0.000334  0.000000  0.000000  0.000000  2.000000  1.000000  0.000000  0.000000  0.000000  1.000000  0.000000  0.000000  0.000000  1.000000  0.999999  0.001648  -0.000123  -0.001648  0.999999  -0.000232  0.000123  0.000232  1.000000  1.000000  0.000000  0.000000  0.000000  1.000000  0.000000  0.000000  0.000000  1.000000  1.000000  0.000000  0.000000  0.000000  1.000000  0.000000  0.000000  0.000000  1.000000  0.000000  0.000000  
154.481873 0.004931  0.090767  -0.011787  0.999300  0.036885  -0.006310  -0.036842  0.999298  0.006787  0.006556  -0.006550  0.999957  0.001112  -0.005613  0.000359  0.000000  0.000000  0.000000  2.000000  1.000000  0.000000  0.000000  0.000000  1.000000  0.000000  0.000000  0.000000  1.000000  0.999999  0.001442  -0.000124  -0.001442  0.999999  -0.000233  0.000124  0.000233  1.000000  1.000000  0.000000  0.000000  0.000000  1.000000  0.000000  0.000000  0.000000  1.000000  1.000000  0.000000  0.000000  0.000000  1.000000  0.000000  0.000000  0.000000  1.000000  0.000000  0.000000  
154.483124 0.004932  0.090760  -0.011786  0.999300  0.036885  -0.006310  -0.036842  0.999298  0.006787  0.006556  -0.006550  0.999957  0.001049  -0.005626  0.000333  0.000000  0.000000  0.000000  2.000000  1.000000  0.000000  0.000000  0.000000  1.000000  0.000000  0.000000  0.000000  1.000000  0.999999  0.001442  -0.000124  -0.001442  0.999999  -0.000233  0.000124  0.000233  1.000000  1.000000  0.000000  0.000000  0.000000  1.000000  0.000000  0.000000  0.000000  1.000000  1.000000  0.000000  0.000000  0.000000  1.000000  0.000000  0.000000  0.000000  1.000000  0.000000  0.000000  
154.484373 0.004933  0.090754  -0.011785  0.999300  0.036885  -0.006310  -0.036842  0.999298  0.006787  0.006556  -0.006550  0.999957  0.000994  -0.005541  0.000308  0.000000  0.000000  0.000000  2.000000  1.000000  0.000000  0.000000  0.000000  1.000000  0.000000  0.000000  0.000000  1.000000  0.999999  0.001236  -0.000126  -0.001236  0.999999  -0.000235  0.000125  0.000235  1.000000  1.000000  0.000000  0.000000  0.000000  1.000000  0.000000  0.000000  0.000000  1.000000  1.000000  0.000000  0.000000  0.000000  1.000000  0.000000  0.000000  0.000000  1.000000  0.000000  0.000000  
154.485622 0.004934  0.090748  -0.011784  0.999292  0.037090  -0.006309  -0.037048  0.999290  0.006788  0.006556  -0.006550  0.999957  0.000912  -0.005521  0.000309  0.000000  0.000000  0.000000  2.000000  1.000000  0.000000  0.000000  0.000000  1.000000  0.000000  0.000000  0.000000  1.000000  0.999999  0.001236  -0.000126  -0.001236  0.999999  -0.000235  0.000125  0.000235  1.000000  1.000000  0.000000  0.000000  0.000000  1.000000  0.000000  0.000000  0.000000  1.000000  1.000000  0.000000  0.000000  0.000000  1.000000  0.000000  0.000000  0.000000  1.000000  0.000000  0.000000  
154.486622 0.004934  0.090743  -0.011783  0.999292  0.037090  -0.006309  -0.037048  0.999290  0.006788  0.006556  -0.006550  0.999957  0.000844  -0.005472  0.000298  0.000000  0.000000  0.000000  2.000000  1.000000  0.000000  0.000000  0.000000  1.000000  0.000000  0.000000  0.000000  1.000000  0.999999  0.001236  -0.000126  -0.001236  0.999999  -0.000235  0.000125  0.000235  1.000000  1.000000  0.000000  0.000000  0.000000  1.000000  0.000000  0.000000  0.000000  1.000000  1.000000  0.000000  0.000000  0.000000  1.000000  0.000000  0.000000  0.000000  1.000000  0.000000  0.000000  
154.487622 0.004935  0.090738  -0.011783  0.999292  0.037090  -0.006309  -0.037048  0.999290  0.006788  0.006556  -0.006550  0.999957  0.000827  -0.005424  0.000279  0.000000  0.000000  0.000000  2.000000  1.000000  0.000000  0.000000  0.000000  1.000000  0.000000  0.000000  0.000000  1.000000  0.999999  0.001236  -0.000126  -0.001236  0.999999  -0.000235  0.000125  0.000235  1.000000  1.000000  0.000000  0.000000  0.000000  1.000000  0.000000  0.000000  0.000000  1.000000  1.000000  0.000000  0.000000  0.000000  1.000000  0.000000  0.000000  0.000000  1.000000  0.000000  0.000000  
154.488873 0.004936  0.090732  -0.011782  0.999292  0.037090  -0.006313  -0.037048  0.999291  0.006667  0.006556  -0.006429  0.999958  0.000790  -0.005350  0.000287  0.000000  0.000000  0.000000  2.000000  1.000000  0.000000  0.000000  0.000000  1.000000  0.000000  0.000000  0.000000  1.000000  0.999999  0.001030  -0.000127  -0.001030  0.999999  -0.000236  0.000127  0.000236  1.000000  1.000000  0.000000  0.000000  0.000000  1.000000  0.000000  0.000000  0.000000  1.000000  1.000000  0.000000  0.000000  0.000000  1.000000  0.000000  0.000000  0.000000  1.000000  0.000000  0.000000  
154.489876 0.004937  0.090727  -0.011782  0.999284  0.037295  -0.006312  -0.037253  0.999284  0.006668  0.006556  -0.006429  0.999958  0.000767  -0.005284  0.000337  0.000000  0.000000  0.000000  2.000000  1.000000  0.000000  0.000000  0.000000  1.000000  0.000000  0.000000  0.000000  1.000000  0.999999  0.001236  -0.000126  -0.001236  0.999999  -0.000356  0.000125  0.000356  1.000000  1.000000  0.000000  0.000000  0.000000  1.000000  0.000000  0.000000  0.000000  1.000000  1.000000  0.000000  0.000000  0.000000  1.000000  0.000000  0.000000  0.000000  1.000000  0.000000  0.000000  
154.490877 0.004938  0.090722  -0.011781  0.999284  0.037295  -0.006312  -0.037253  0.999284  0.006668  0.006556  -0.006429  0.999958  0.000737  -0.005232  0.000355  0.000000  0.000000  0.000000  2.000000  1.000000  0.000000  0.000000  0.000000  1.000000  0.000000  0.000000  0.000000  1.000000  0.999999  0.001029  0.000007  -0.001029  0.999999  -0.000357  -0.000007  0.000357  1.000000  1.000000  0.000000  0.000000  0.000000  1.000000  0.000000  0.000000  0.000000  1.000000  1.000000  0.000000  0.000000  0.000000  1.000000  0.000000  0.000000  0.000000  1.000000  0.000000  0.000000  
154.492123 0.004939  0.090716  -0.011781  0.999284  0.037295  -0.006312  -0.037253  0.999284  0.006668  0.006556  -0.006429  0.999958  0.000722  -0.005168  0.000394  0.000000  0.000000  0.000000  2.000000  1.000000  0.000000  0.000000  0.000000  1.000000  0.000000  0.000000  0.000000  1.000000  0.999999  0.001029  0.000007  -0.001029  0.999999  -0.000236  -0.000007  0.000236  1.000000  1.000000  0.000000  0.000000  0.000000  1.000000  0.000000  0.000000  0.000000  1.000000  1.000000  0.000000  0.000000  0.000000  1.000000  0.000000  0.000000  0.000000  1.000000  0.000000  0.000000  
154.493382 0.004940  0.090710  -0.011781  0.999284  0.037295  -0.006312  -0.037253  0.999284  0.006668  0.006556  -0.006429  0.999958  0.000750  -0.005098  0.000439  0.000000  0.000000  0.000000  2.000000  1.000000  0.000000  0.000000  0.000000  1.000000  0.000000  0.000000  0.000000  1.000000  1.000000  0.000823  0.000005  -0.000823  1.000000  -0.000237  -0.000005  0.000237  1.000000  1.000000  0.000000  0.000000  0.000000  1.000000  0.000000  0.000000  0.000000  1.000000  1.000000  0.000000  0.000000  0.000000  1.000000  0.000000  0.000000  0.000000  1.000000  0.000000  0.000000  
154.494632 0.004941  0.090704  -0.011780  0.999284  0.037295  -0.006312  -0.037253  0.999284  0.006668  0.006556  -0.006429  0.999958  0.000764  -0.005022  0.000439  0.000000  0.000000  0.000000  2.000000  1.000000  0.000000  0.000000  0.000000  1.000000  0.000000  0.000000  0.000000  1.000000  1.000000  0.000823  0.000005  -0.000823  1.000000  -0.000237  -0.000005  0.000237  1.000000  1.000000  0.000000  0.000000  0.000000  1.000000  0.000000  0.000000  0.000000  1.000000  1.000000  0.000000  0.000000  0.000000  1.000000  0.000000  0.000000  0.000000  1.000000  0.000000  0.000000  
154.495876 0.004942  0.090698  -0.011780  0.999284  0.037295  -0.006312  -0.037253  0.999284  0.006668  0.006556  -0.006429  0.999958  0.000787  -0.004974  0.000450  0.000000  0.000000  0.000000  2.000000  1.000000  0.000000  0.000000  0.000000  1.000000  0.000000  0.000000  0.000000  1.000000  1.000000  0.000823  0.000005  -0.000823  1.000000  -0.000237  -0.000005  0.000237  1.000000  1.000000  0.000000  0.000000  0.000000  1.000000  0.000000  0.000000  0.000000  1.000000  1.000000  0.000000  0.000000  0.000000  1.000000  0.000000  0.000000  0.000000  1.000000  0.000000  0.000000  
154.496876 0.004943  0.090693  -0.011780  0.999277  0.037501  -0.006311  -0.037459  0.999276  0.006670  0.006556  -0.006429  0.999958  0.000809  -0.004923  0.000460  0.000000  0.000000  0.000000  2.000000  1.000000  0.000000  0.000000  0.000000  1.000000  0.000000  0.000000  0.000000  1.000000  1.000000  0.000823  0.000005  -0.000823  1.000000  -0.000237  -0.000005  0.000237  1.000000  1.000000  0.000000  0.000000  0.000000  1.000000  0.000000  0.000000  0.000000  1.000000  1.000000  0.000000  0.000000  0.000000  1.000000  0.000000  0.000000  0.000000  1.000000  0.000000  0.000000  
154.498125 0.004944  0.090688  -0.011780  0.999277  0.037501  -0.006311  -0.037459  0.999276  0.006670  0.006556  -0.006429  0.999958  0.000804  -0.004878  0.000405  0.000000  0.000000  0.000000  2.000000  1.000000  0.000000  0.000000  0.000000  1.000000  0.000000  0.000000  0.000000  1.000000  1.000000  0.000823  0.000005  -0.000823  1.000000  -0.000237  -0.000005  0.000237  1.000000  1.000000  0.000000  0.000000  0.000000  1.000000  0.000000  0.000000  0.000000  1.000000  1.000000  0.000000  0.000000  0.000000  1.000000  0.000000  0.000000  0.000000  1.000000  0.000000  0.000000  
154.499372 0.004946  0.090682  -0.011779  0.999277  0.037501  -0.006311  -0.037459  0.999276  0.006670  0.006556  -0.006429  0.999958  0.000863  -0.004827  0.000365  0.000000  0.000000  0.000000  2.000000  1.000000  0.000000  0.000000  0.000000  1.000000  0.000000  0.000000  0.000000  1.000000  1.000000  0.000823  0.000005  -0.000823  1.000000  -0.000237  -0.000005  0.000237  1.000000  1.000000  0.000000  0.000000  0.000000  1.000000  0.000000  0.000000  0.000000  1.000000  1.000000  0.000000  0.000000  0.000000  1.000000  0.000000  0.000000  0.000000  1.000000  0.000000  0.000000  
154.500622 0.004947  0.090676  -0.011779  0.999277  0.037501  -0.006311  -0.037459  0.999276  0.006670  0.006556  -0.006429  0.999958  0.000909  -0.004784  0.000304  0.000000  0.000000  0.000000  2.000000  1.000000  0.000000  0.000000  0.000000  1.000000  0.000000  0.000000  0.000000  1.000000  1.000000  0.000618  0.000004  -0.000618  1.000000  -0.000117  -0.000004  0.000117  1.000000  1.000000  0.000000  0.000000  0.000000  1.000000  0.000000  0.000000  0.000000  1.000000  1.000000  0.000000  0.000000  0.000000  1.000000  0.000000  0.000000  0.000000  1.000000  0.000000  0.000000  
154.501622 0.004948  0.090672  -0.011779  0.999276  0.037503  -0.006440  -0.037459  0.999275  0.006796  0.006690  -0.006550  0.999956  0.000943  -0.004737  0.000278  0.000000  0.000000  0.000000  2.000000  1.000000  0.000000  0.000000  0.000000  1.000000  0.000000  0.000000  0.000000  1.000000  1.000000  0.000618  -0.000130  -0.000618  1.000000  0.000004  0.000130  -0.000004  1.000000  1.000000  0.000000  0.000000  0.000000  1.000000  0.000000  0.000000  0.000000  1.000000  1.000000  0.000000  0.000000  0.000000  1.000000  0.000000  0.000000  0.000000  1.000000  0.000000  0.000000  
154.502622 0.004950  0.090668  -0.011778  0.999276  0.037503  -0.006440  -0.037459  0.999275  0.006796  0.006690  -0.006550  0.999956  0.000997  -0.004661  0.000308  0.000000  0.000000  0.000000  2.000000  1.000000  0.000000  0.000000  0.000000  1.000000  0.000000  0.000000  0.000000  1.000000  1.000000  0.000618  -0.000130  -0.000618  1.000000  0.000004  0.000130  -0.000004  1.000000  1.000000  0.000000  0.000000  0.000000  1.000000  0.000000  0.000000  0.000000  1.000000  1.000000  0.000000  0.000000  0.000000  1.000000  0.000000  0.000000  0.000000  1.000000  0.000000  0.000000  
154.503872 0.004951  0.090663  -0.011777  0.999276  0.037503  -0.006440  -0.037459  0.999275  0.006796  0.006690  -0.006550  0.999956  0.001007  -0.004608  0.000354  0.000000  0.000000  0.000000  2.000000  1.000000  0.000000  0.000000  0.000000  1.000000  0.000000  0.000000  0.000000  1.000000  1.000000  0.000618  -0.000130  -0.000618  1.000000  0.000004  0.000130  -0.000004  1.000000  1.000000  0.000000  0.000000  0.000000  1.000000  0.000000  0.000000  0.000000  1.000000  1.000000  0.000000  0.000000  0.000000  1.000000  0.000000  0.000000  0.000000  1.000000  0.000000  0.000000  
154.505124 0.004953  0.090658  -0.011776  0.999276  0.037503  -0.006440  -0.037459  0.999275  0.006796  0.006690  -0.006550  0.999956  0.001091  -0.004508  0.000403  0.000000  0.000000  0.000000  2.000000  1.000000  0.000000  0.000000  0.000000  1.000000  0.000000  0.000000  0.000000  1.000000  1.000000  0.000413  -0.000131  -0.000413  1.000000  0.000003  0.000131  -0.000003  1.000000  1.000000  0.000000  0.000000  0.000000  1.000000  0.000000  0.000000  0.000000  1.000000  1.000000  0.000000  0.000000  0.000000  1.000000  0.000000  0.000000  0.000000  1.000000  0.000000  0.000000  
