1-Time 2-Px 3-Py 4-Pz 5-R11 6-R21 7-R31 8-R12 9-R22 10-R32 11-R13 12-R23 13-R33 14-Vx 15-Vy 16-Vz 17-Wx 18-Wy 19-Wz 20-state 21-PR11 22-PR21 23-PR31 24-PR12 25-PR22 26-PR32 27-PR13 28-PR23 29-PR33 
18.700860 0.001647  0.090756  -0.004148  0.998878  0.007642  0.046729  -0.006169  0.999482  -0.031579  -0.046946  0.031255  0.998408  -0.000217  -0.000231  -0.000352  0.000000  0.000000  0.000000  2.000000  1.000000  0.000000  0.000000  0.000000  1.000000  0.000000  0.000000  0.000000  1.000000  0.999999  0.001024  -0.000166  -0.001024  0.999999  -0.000048  0.000166  0.000048  1.000000  1.000000  0.000000  0.000000  0.000000  1.000000  0.000000  0.000000  0.000000  1.000000  0.648027  0.616090  -0.447765  -0.632238  0.762962  0.134771  0.424659  0.195759  0.883936  0.000000  0.000000  
18.701867 0.001647  0.090756  -0.004149  0.998878  0.007642  0.046729  -0.006169  0.999482  -0.031579  -0.046946  0.031255  0.998408  -0.000235  -0.000261  -0.000405  0.000000  0.000000  0.000000  2.000000  1.000000  0.000000  0.000000  0.000000  1.000000  0.000000  0.000000  0.000000  1.000000  1.000000  0.000818  -0.000159  -0.000818  1.000000  -0.000039  0.000159  0.000039  1.000000  1.000000  0.000000  0.000000  0.000000  1.000000  0.000000  0.000000  0.000000  1.000000  1.000000  0.000000  0.000000  0.000000  1.000000  0.000000  0.000000  0.000000  1.000000  0.000000  0.000000  
18.703117 0.001645  0.090753  -0.004151  0.998871  0.007858  0.046855  -0.006375  0.999477  -0.031710  -0.047080  0.031376  0.998398  -0.000296  -0.000446  -0.000552  0.000000  0.000000  0.000000  2.000000  1.000000  0.000000  0.000000  0.000000  1.000000  0.000000  0.000000  0.000000  1.000000  1.000000  0.000818  -0.000159  -0.000818  1.000000  -0.000039  0.000159  0.000039  1.000000  1.000000  0.000000  0.000000  0.000000  1.000000  0.000000  0.000000  0.000000  1.000000  1.000000  0.000000  0.000000  0.000000  1.000000  0.000000  0.000000  0.000000  1.000000  0.000000  0.000000  
18.704366 0.001644  0.090750  -0.004154  0.998864  0.007862  0.046989  -0.006375  0.999477  -0.031711  -0.047213  0.031376  0.998392  -0.000344  -0.000635  -0.000731  0.000000  0.000000  0.000000  2.000000  1.000000  0.000000  0.000000  0.000000  1.000000  0.000000  0.000000  0.000000  1.000000  0.999999  0.001032  0.000101  -0.001032  0.999999  -0.000170  -0.000102  0.000170  1.000000  1.000000  0.000000  0.000000  0.000000  1.000000  0.000000  0.000000  0.000000  1.000000  1.000000  0.000000  0.000000  0.000000  1.000000  0.000000  0.000000  0.000000  1.000000  0.000000  0.000000  
18.705367 0.001644  0.090747  -0.004157  0.998857  0.008077  0.047115  -0.006580  0.999471  -0.031843  -0.047347  0.031497  0.998382  -0.000361  -0.000797  -0.000892  0.000000  0.000000  0.000000  2.000000  1.000000  0.000000  0.000000  0.000000  1.000000  0.000000  0.000000  0.000000  1.000000  0.999999  0.001242  0.000229  -0.001242  0.999999  -0.000180  -0.000229  0.000179  1.000000  1.000000  0.000000  0.000000  0.000000  1.000000  0.000000  0.000000  0.000000  1.000000  1.000000  0.000000  0.000000  0.000000  1.000000  0.000000  0.000000  0.000000  1.000000  0.000000  0.000000  
18.706372 0.001644  0.090744  -0.004159  0.998850  0.008082  0.047248  -0.006580  0.999471  -0.031844  -0.047481  0.031496  0.998375  -0.000341  -0.000956  -0.001022  0.000000  0.000000  0.000000  2.000000  1.000000  0.000000  0.000000  0.000000  1.000000  0.000000  0.000000  0.000000  1.000000  0.999999  0.001040  0.000369  -0.001040  0.999999  -0.000291  -0.000369  0.000291  1.000000  1.000000  0.000000  0.000000  0.000000  1.000000  0.000000  0.000000  0.000000  1.000000  1.000000  0.000000  0.000000  0.000000  1.000000  0.000000  0.000000  0.000000  1.000000  0.000000  0.000000  
18.707618 0.001643  0.090741  -0.004162  0.998844  0.008092  0.047381  -0.006580  0.999467  -0.031966  -0.047614  0.031617  0.998365  -0.000348  -0.001199  -0.001247  0.000000  0.000000  0.000000  2.000000  1.000000  0.000000  0.000000  0.000000  1.000000  0.000000  0.000000  0.000000  1.000000  0.999999  0.001045  0.000502  -0.001044  0.999999  -0.000413  -0.000503  0.000412  1.000000  1.000000  0.000000  0.000000  0.000000  1.000000  0.000000  0.000000  0.000000  1.000000  1.000000  0.000000  0.000000  0.000000  1.000000  0.000000  0.000000  0.000000  1.000000  0.000000  0.000000  
18.708866 0.001644  0.090738  -0.004165  0.998843  0.008297  0.047374  -0.006786  0.999466  -0.031976  -0.047614  0.031617  0.998365  -0.000283  -0.001336  -0.001392  0.000000  0.000000  0.000000  2.000000  1.000000  0.000000  0.000000  0.000000  1.000000  0.000000  0.000000  0.000000  1.000000  0.999999  0.001045  0.000502  -0.001044  0.999999  -0.000413  -0.000503  0.000412  1.000000  1.000000  0.000000  0.000000  0.000000  1.000000  0.000000  0.000000  0.000000  1.000000  1.000000  0.000000  0.000000  0.000000  1.000000  0.000000  0.000000  0.000000  1.000000  0.000000  0.000000  
18.709869 0.001644  0.090736  -0.004168  0.998836  0.008307  0.047507  -0.006786  0.999462  -0.032098  -0.047748  0.031738  0.998355  -0.000219  -0.001472  -0.001534  0.000000  0.000000  0.000000  2.000000  1.000000  0.000000  0.000000  0.000000  1.000000  0.000000  0.000000  0.000000  1.000000  0.999999  0.001259  0.000763  -0.001258  0.999999  -0.000544  -0.000764  0.000543  1.000000  1.000000  0.000000  0.000000  0.000000  1.000000  0.000000  0.000000  0.000000  1.000000  1.000000  0.000000  0.000000  0.000000  1.000000  0.000000  0.000000  0.000000  1.000000  0.000000  0.000000  
18.711119 0.001645  0.090733  -0.004173  0.998830  0.008312  0.047640  -0.006786  0.999462  -0.032099  -0.047882  0.031738  0.998349  -0.000124  -0.001673  -0.001820  0.000000  0.000000  0.000000  2.000000  1.000000  0.000000  0.000000  0.000000  1.000000  0.000000  0.000000  0.000000  1.000000  0.999999  0.001259  0.000763  -0.001258  0.999999  -0.000544  -0.000764  0.000543  1.000000  1.000000  0.000000  0.000000  0.000000  1.000000  0.000000  0.000000  0.000000  1.000000  1.000000  0.000000  0.000000  0.000000  1.000000  0.000000  0.000000  0.000000  1.000000  0.000000  0.000000  
18.712367 0.001646  0.090729  -0.004177  0.998822  0.008527  0.047766  -0.006991  0.999456  -0.032231  -0.048015  0.031859  0.998338  -0.000073  -0.001876  -0.002069  0.000000  0.000000  0.000000  2.000000  1.000000  0.000000  0.000000  0.000000  1.000000  0.000000  0.000000  0.000000  1.000000  0.999999  0.001267  0.001030  -0.001267  0.999999  -0.000666  -0.001031  0.000664  0.999999  1.000000  0.000000  0.000000  0.000000  1.000000  0.000000  0.000000  0.000000  1.000000  1.000000  0.000000  0.000000  0.000000  1.000000  0.000000  0.000000  0.000000  1.000000  0.000000  0.000000  
18.713368 0.001647  0.090726  -0.004181  0.998816  0.008538  0.047899  -0.006991  0.999452  -0.032353  -0.048149  0.031980  0.998328  -0.000007  -0.002057  -0.002273  0.000000  0.000000  0.000000  2.000000  1.000000  0.000000  0.000000  0.000000  1.000000  0.000000  0.000000  0.000000  1.000000  0.999999  0.001272  0.001164  -0.001271  0.999999  -0.000666  -0.001165  0.000664  0.999999  1.000000  0.000000  0.000000  0.000000  1.000000  0.000000  0.000000  0.000000  1.000000  1.000000  0.000000  0.000000  0.000000  1.000000  0.000000  0.000000  0.000000  1.000000  0.000000  0.000000  
18.714373 0.001648  0.090723  -0.004185  0.998801  0.008752  0.048159  -0.007197  0.999450  -0.032365  -0.048416  0.031979  0.998315  0.000061  -0.002283  -0.002529  0.000000  0.000000  0.000000  2.000000  1.000000  0.000000  0.000000  0.000000  1.000000  0.000000  0.000000  0.000000  1.000000  0.999998  0.001486  0.001425  -0.001485  0.999999  -0.000798  -0.001426  0.000795  0.999999  1.000000  0.000000  0.000000  0.000000  1.000000  0.000000  0.000000  0.000000  1.000000  1.000000  0.000000  0.000000  0.000000  1.000000  0.000000  0.000000  0.000000  1.000000  0.000000  0.000000  
18.715619 0.001648  0.090718  -0.004190  0.998788  0.008766  0.048425  -0.007197  0.999446  -0.032488  -0.048683  0.032100  0.998298  0.000064  -0.002605  -0.002820  0.000000  0.000000  0.000000  2.000000  1.000000  0.000000  0.000000  0.000000  1.000000  0.000000  0.000000  0.000000  1.000000  0.999998  0.001285  0.001565  -0.001283  0.999999  -0.000909  -0.001566  0.000907  0.999998  1.000000  0.000000  0.000000  0.000000  1.000000  0.000000  0.000000  0.000000  1.000000  1.000000  0.000000  0.000000  0.000000  1.000000  0.000000  0.000000  0.000000  1.000000  0.000000  0.000000  
18.716626 0.001647  0.090713  -0.004194  0.998780  0.008982  0.048551  -0.007402  0.999440  -0.032620  -0.048817  0.032221  0.998288  0.000047  -0.002901  -0.003088  0.000000  0.000000  0.000000  2.000000  1.000000  0.000000  0.000000  0.000000  1.000000  0.000000  0.000000  0.000000  1.000000  0.999997  0.001495  0.001692  -0.001493  0.999998  -0.001041  -0.001694  0.001038  0.999998  1.000000  0.000000  0.000000  0.000000  1.000000  0.000000  0.000000  0.000000  1.000000  1.000000  0.000000  0.000000  0.000000  1.000000  0.000000  0.000000  0.000000  1.000000  0.000000  0.000000  
18.717871 0.001646  0.090706  -0.004200  0.998774  0.008998  0.048683  -0.007402  0.999432  -0.032864  -0.048951  0.032463  0.998274  0.000040  -0.003144  -0.003314  0.000000  0.000000  0.000000  2.000000  1.000000  0.000000  0.000000  0.000000  1.000000  0.000000  0.000000  0.000000  1.000000  0.999997  0.001504  0.001959  -0.001501  0.999998  -0.001284  -0.001961  0.001281  0.999997  1.000000  0.000000  0.000000  0.000000  1.000000  0.000000  0.000000  0.000000  1.000000  1.000000  0.000000  0.000000  0.000000  1.000000  0.000000  0.000000  0.000000  1.000000  0.000000  0.000000  
18.719224 0.001644  0.090700  -0.004206  0.998766  0.009214  0.048808  -0.007608  0.999427  -0.032996  -0.049084  0.032584  0.998263  0.000019  -0.003359  -0.003482  0.000000  0.000000  0.000000  2.000000  1.000000  0.000000  0.000000  0.000000  1.000000  0.000000  0.000000  0.000000  1.000000  0.999996  0.001714  0.002086  -0.001711  0.999998  -0.001415  -0.002088  0.001412  0.999997  1.000000  0.000000  0.000000  0.000000  1.000000  0.000000  0.000000  0.000000  1.000000  1.000000  0.000000  0.000000  0.000000  1.000000  0.000000  0.000000  0.000000  1.000000  0.000000  0.000000  
18.720374 0.001644  0.090694  -0.004212  0.998759  0.009231  0.048940  -0.007608  0.999418  -0.033239  -0.049218  0.032826  0.998248  0.000015  -0.003548  -0.003699  0.000000  0.000000  0.000000  2.000000  1.000000  0.000000  0.000000  0.000000  1.000000  0.000000  0.000000  0.000000  1.000000  0.999996  0.001719  0.002219  -0.001715  0.999997  -0.001658  -0.002222  0.001654  0.999996  1.000000  0.000000  0.000000  0.000000  1.000000  0.000000  0.000000  0.000000  1.000000  1.000000  0.000000  0.000000  0.000000  1.000000  0.000000  0.000000  0.000000  1.000000  0.000000  0.000000  
18.721618 0.001643  0.090688  -0.004218  0.998744  0.009457  0.049198  -0.007813  0.999408  -0.033494  -0.049485  0.033067  0.998227  0.000011  -0.003716  -0.003894  0.000000  0.000000  0.000000  2.000000  1.000000  0.000000  0.000000  0.000000  1.000000  0.000000  0.000000  0.000000  1.000000  0.999996  0.001724  0.002353  -0.001720  0.999997  -0.001779  -0.002356  0.001775  0.999996  1.000000  0.000000  0.000000  0.000000  1.000000  0.000000  0.000000  0.000000  1.000000  1.000000  0.000000  0.000000  0.000000  1.000000  0.000000  0.000000  0.000000  1.000000  0.000000  0.000000  
18.722864 0.001643  0.090683  -0.004224  0.998736  0.009673  0.049323  -0.008019  0.999402  -0.033626  -0.049619  0.033188  0.998217  -0.000018  -0.003891  -0.004153  0.000000  0.000000  0.000000  2.000000  1.000000  0.000000  0.000000  0.000000  1.000000  0.000000  0.000000  0.000000  1.000000  0.999995  0.001939  0.002613  -0.001933  0.999996  -0.002033  -0.002617  0.002028  0.999995  1.000000  0.000000  0.000000  0.000000  1.000000  0.000000  0.000000  0.000000  1.000000  1.000000  0.000000  0.000000  0.000000  1.000000  0.000000  0.000000  0.000000  1.000000  0.000000  0.000000  
18.723867 0.001644  0.090678  -0.004230  0.998721  0.009900  0.049581  -0.008224  0.999392  -0.033881  -0.049886  0.033430  0.998195  0.000015  -0.004010  -0.004368  0.000000  0.000000  0.000000  2.000000  1.000000  0.000000  0.000000  0.000000  1.000000  0.000000  0.000000  0.000000  1.000000  0.999994  0.001943  0.002746  -0.001938  0.999996  -0.002033  -0.002750  0.002028  0.999994  1.000000  0.000000  0.000000  0.000000  1.000000  0.000000  0.000000  0.000000  1.000000  1.000000  0.000000  0.000000  0.000000  1.000000  0.000000  0.000000  0.000000  1.000000  0.000000  0.000000  
18.724872 0.001644  0.090674  -0.004237  0.998713  0.010116  0.049706  -0.008430  0.999386  -0.034014  -0.050020  0.033551  0.998185  -0.000017  -0.004124  -0.004547  0.000000  0.000000  0.000000  2.000000  1.000000  0.000000  0.000000  0.000000  1.000000  0.000000  0.000000  0.000000  1.000000  0.999994  0.001944  0.002746  -0.001938  0.999996  -0.002276  -0.002750  0.002271  0.999994  1.000000  0.000000  0.000000  0.000000  1.000000  0.000000  0.000000  0.000000  1.000000  1.000000  0.000000  0.000000  0.000000  1.000000  0.000000  0.000000  0.000000  1.000000  0.000000  0.000000  
18.726125 0.001645  0.090669  -0.004245  0.998704  0.010338  0.049830  -0.008636  0.999375  -0.034268  -0.050153  0.033793  0.998170  -0.000027  -0.004282  -0.004880  0.000000  0.000000  0.000000  2.000000  1.000000  0.000000  0.000000  0.000000  1.000000  0.000000  0.000000  0.000000  1.000000  0.999994  0.001944  0.002746  -0.001938  0.999996  -0.002276  -0.002750  0.002271  0.999994  1.000000  0.000000  0.000000  0.000000  1.000000  0.000000  0.000000  0.000000  1.000000  1.000000  0.000000  0.000000  0.000000  1.000000  0.000000  0.000000  0.000000  1.000000  0.000000  0.000000  
18.727365 0.001645  0.090663  -0.004254  0.998696  0.010555  0.049956  -0.008841  0.999369  -0.034400  -0.050287  0.033914  0.998159  -0.000072  -0.004413  -0.005107  0.000000  0.000000  0.000000  2.000000  1.000000  0.000000  0.000000  0.000000  1.000000  0.000000  0.000000  0.000000  1.000000  0.999994  0.002151  0.002738  -0.002144  0.999995  -0.002530  -0.002744  0.002524  0.999993  1.000000  0.000000  0.000000  0.000000  1.000000  0.000000  0.000000  0.000000  1.000000  1.000000  0.000000  0.000000  0.000000  1.000000  0.000000  0.000000  0.000000  1.000000  0.000000  0.000000  
18.728370 0.001645  0.090658  -0.004261  0.998689  0.010571  0.050086  -0.008841  0.999361  -0.034644  -0.050421  0.034156  0.998144  -0.000133  -0.004553  -0.005359  0.000000  0.000000  0.000000  2.000000  1.000000  0.000000  0.000000  0.000000  1.000000  0.000000  0.000000  0.000000  1.000000  0.999993  0.002356  0.002731  -0.002350  0.999994  -0.002540  -0.002737  0.002534  0.999993  1.000000  0.000000  0.000000  0.000000  1.000000  0.000000  0.000000  0.000000  1.000000  1.000000  0.000000  0.000000  0.000000  1.000000  0.000000  0.000000  0.000000  1.000000  0.000000  0.000000  
18.729621 0.001644  0.090652  -0.004270  0.998680  0.010788  0.050212  -0.009047  0.999354  -0.034777  -0.050554  0.034276  0.998133  -0.000240  -0.004676  -0.005602  0.000000  0.000000  0.000000  2.000000  1.000000  0.000000  0.000000  0.000000  1.000000  0.000000  0.000000  0.000000  1.000000  0.999993  0.002362  0.002864  -0.002354  0.999993  -0.002783  -0.002871  0.002776  0.999992  1.000000  0.000000  0.000000  0.000000  1.000000  0.000000  0.000000  0.000000  1.000000  1.000000  0.000000  0.000000  0.000000  1.000000  0.000000  0.000000  0.000000  1.000000  0.000000  0.000000  
18.730621 0.001643  0.090646  -0.004276  0.998672  0.011010  0.050335  -0.009252  0.999343  -0.035031  -0.050688  0.034518  0.998118  -0.000288  -0.004793  -0.005815  0.000000  0.000000  0.000000  2.000000  1.000000  0.000000  0.000000  0.000000  1.000000  0.000000  0.000000  0.000000  1.000000  0.999993  0.002563  0.002723  -0.002555  0.999993  -0.002793  -0.002730  0.002786  0.999992  1.000000  0.000000  0.000000  0.000000  1.000000  0.000000  0.000000  0.000000  1.000000  1.000000  0.000000  0.000000  0.000000  1.000000  0.000000  0.000000  0.000000  1.000000  0.000000  0.000000  
18.731867 0.001642  0.090639  -0.004284  0.998663  0.011233  0.050459  -0.009458  0.999333  -0.035285  -0.050822  0.034760  0.998103  -0.000312  -0.004888  -0.005977  0.000000  0.000000  0.000000  2.000000  1.000000  0.000000  0.000000  0.000000  1.000000  0.000000  0.000000  0.000000  1.000000  0.999992  0.002769  0.002715  -0.002761  0.999992  -0.003047  -0.002724  0.003039  0.999992  1.000000  0.000000  0.000000  0.000000  1.000000  0.000000  0.000000  0.000000  1.000000  1.000000  0.000000  0.000000  0.000000  1.000000  0.000000  0.000000  0.000000  1.000000  0.000000  0.000000  
18.732868 0.001641  0.090633  -0.004291  0.998654  0.011449  0.050584  -0.009663  0.999326  -0.035418  -0.050955  0.034881  0.998092  -0.000308  -0.004895  -0.006036  0.000000  0.000000  0.000000  2.000000  1.000000  0.000000  0.000000  0.000000  1.000000  0.000000  0.000000  0.000000  1.000000  0.999992  0.002770  0.002715  -0.002761  0.999991  -0.003168  -0.002723  0.003161  0.999991  1.000000  0.000000  0.000000  0.000000  1.000000  0.000000  0.000000  0.000000  1.000000  1.000000  0.000000  0.000000  0.000000  1.000000  0.000000  0.000000  0.000000  1.000000  0.000000  0.000000  
18.734119 0.001640  0.090626  -0.004299  0.998645  0.011678  0.050706  -0.009869  0.999311  -0.035793  -0.051089  0.035244  0.998072  -0.000288  -0.004969  -0.006228  0.000000  0.000000  0.000000  2.000000  1.000000  0.000000  0.000000  0.000000  1.000000  0.000000  0.000000  0.000000  1.000000  0.999992  0.002981  0.002840  -0.002971  0.999990  -0.003301  -0.002850  0.003292  0.999991  1.000000  0.000000  0.000000  0.000000  1.000000  0.000000  0.000000  0.000000  1.000000  1.000000  0.000000  0.000000  0.000000  1.000000  0.000000  0.000000  0.000000  1.000000  0.000000  0.000000  
18.735367 0.001639  0.090619  -0.004306  0.998627  0.012105  0.050957  -0.010280  0.999301  -0.035938  -0.051356  0.035365  0.998054  -0.000300  -0.005022  -0.006314  0.000000  0.000000  0.000000  2.000000  1.000000  0.000000  0.000000  0.000000  1.000000  0.000000  0.000000  0.000000  1.000000  0.999992  0.002976  0.002706  -0.002967  0.999989  -0.003544  -0.002716  0.003536  0.999990  1.000000  0.000000  0.000000  0.000000  1.000000  0.000000  0.000000  0.000000  1.000000  1.000000  0.000000  0.000000  0.000000  1.000000  0.000000  0.000000  0.000000  1.000000  0.000000  0.000000  
18.736369 0.001638  0.090613  -0.004313  0.998625  0.012323  0.050946  -0.010485  0.999290  -0.036191  -0.051356  0.035607  0.998045  -0.000337  -0.005088  -0.006491  0.000000  0.000000  0.000000  2.000000  1.000000  0.000000  0.000000  0.000000  1.000000  0.000000  0.000000  0.000000  1.000000  0.999991  0.003383  0.002557  -0.003374  0.999988  -0.003687  -0.002569  0.003678  0.999990  1.000000  0.000000  0.000000  0.000000  1.000000  0.000000  0.000000  0.000000  1.000000  1.000000  0.000000  0.000000  0.000000  1.000000  0.000000  0.000000  0.000000  1.000000  0.000000  0.000000  
18.737636 0.001638  0.090607  -0.004323  0.998616  0.012546  0.051069  -0.010691  0.999278  -0.036445  -0.051490  0.035849  0.998030  -0.000373  -0.005098  -0.006642  0.000000  0.000000  0.000000  2.000000  1.000000  0.000000  0.000000  0.000000  1.000000  0.000000  0.000000  0.000000  1.000000  0.999991  0.003384  0.002556  -0.003374  0.999988  -0.003687  -0.002568  0.003678  0.999990  1.000000  0.000000  0.000000  0.000000  1.000000  0.000000  0.000000  0.000000  1.000000  1.000000  0.000000  0.000000  0.000000  1.000000  0.000000  0.000000  0.000000  1.000000  0.000000  0.000000  
18.738867 0.001637  0.090601  -0.004332  0.998614  0.012764  0.051059  -0.010896  0.999267  -0.036698  -0.051490  0.036091  0.998021  -0.000423  -0.005142  -0.006781  0.000000  0.000000  0.000000  2.000000  1.000000  0.000000  0.000000  0.000000  1.000000  0.000000  0.000000  0.000000  1.000000  0.999991  0.003585  0.002414  -0.003576  0.999986  -0.003819  -0.002428  0.003810  0.999990  1.000000  0.000000  0.000000  0.000000  1.000000  0.000000  0.000000  0.000000  1.000000  1.000000  0.000000  0.000000  0.000000  1.000000  0.000000  0.000000  0.000000  1.000000  0.000000  0.000000  
18.740116 0.001638  0.090596  -0.004341  0.998610  0.013188  0.051040  -0.011308  0.999253  -0.036961  -0.051490  0.036333  0.998012  -0.000479  -0.005152  -0.006861  0.000000  0.000000  0.000000  2.000000  1.000000  0.000000  0.000000  0.000000  1.000000  0.000000  0.000000  0.000000  1.000000  0.999991  0.003576  0.002146  -0.003568  0.999986  -0.003819  -0.002159  0.003811  0.999990  1.000000  0.000000  0.000000  0.000000  1.000000  0.000000  0.000000  0.000000  1.000000  1.000000  0.000000  0.000000  0.000000  1.000000  0.000000  0.000000  0.000000  1.000000  0.000000  0.000000  
18.741117 0.001638  0.090593  -0.004349  0.998600  0.013411  0.051163  -0.011513  0.999241  -0.037216  -0.051623  0.036575  0.997997  -0.000456  -0.005087  -0.006911  0.000000  0.000000  0.000000  2.000000  1.000000  0.000000  0.000000  0.000000  1.000000  0.000000  0.000000  0.000000  1.000000  0.999991  0.003782  0.002138  -0.003774  0.999986  -0.003709  -0.002152  0.003701  0.999991  1.000000  0.000000  0.000000  0.000000  1.000000  0.000000  0.000000  0.000000  1.000000  1.000000  0.000000  0.000000  0.000000  1.000000  0.000000  0.000000  0.000000  1.000000  0.000000  0.000000  
18.742367 0.001639  0.090588  -0.004357  0.998591  0.013634  0.051286  -0.011719  0.999229  -0.037470  -0.051757  0.036817  0.997981  -0.000457  -0.005062  -0.006908  -0.173650  -0.119388  0.161842  2.000000  1.000000  0.000000  0.000000  0.000000  1.000000  0.000000  0.000000  0.000000  1.000000  0.999991  0.003777  0.002003  -0.003770  0.999986  -0.003830  -0.002017  0.003822  0.999991  1.000000  0.000000  0.000000  0.000000  1.000000  0.000000  0.000000  0.000000  1.000000  1.000000  0.000000  0.000000  0.000000  1.000000  0.000000  0.000000  0.000000  1.000000  0.000000  0.000000  
18.743624 0.001638  0.090582  -0.004366  0.998579  0.014063  0.051400  -0.012130  0.999214  -0.037735  -0.051891  0.037058  0.997965  -0.000464  -0.005036  -0.006916  -0.179872  -0.115363  0.176843  2.000000  1.000000  0.000000  0.000000  0.000000  1.000000  0.000000  0.000000  0.000000  1.000000  0.999990  0.004184  0.001853  -0.004177  0.999983  -0.003973  -0.001869  0.003965  0.999990  1.000000  0.000000  0.000000  0.000000  1.000000  0.000000  0.000000  0.000000  1.000000  1.000000  0.000000  0.000000  0.000000  1.000000  0.000000  0.000000  0.000000  1.000000  0.000069  0.000000  
18.744871 0.001637  0.090575  -0.004375  0.998567  0.014492  0.051515  -0.012541  0.999199  -0.038001  -0.052024  0.037300  0.997949  -0.000459  -0.005019  -0.006963  -0.184328  -0.110596  0.183609  2.000000  1.000000  0.000000  0.000000  0.000000  1.000000  0.000000  0.000000  0.000000  1.000000  0.999990  0.004184  0.001852  -0.004177  0.999983  -0.003974  -0.001868  0.003966  0.999990  1.000000  0.000000  0.000000  0.000000  1.000000  0.000000  0.000000  0.000000  1.000000  1.000000  0.000000  0.000000  0.000000  1.000000  0.000000  0.000000  0.000000  1.000000  0.000070  0.000000  
18.745872 0.001636  0.090569  -0.004384  0.998564  0.014710  0.051503  -0.012746  0.999187  -0.038254  -0.052024  0.037542  0.997940  -0.000478  -0.005005  -0.007068  -0.188776  -0.105833  0.190388  2.000000  1.000000  0.000000  0.000000  0.000000  1.000000  0.000000  0.000000  0.000000  1.000000  0.999989  0.004385  0.001709  -0.004378  0.999982  -0.004106  -0.001727  0.004099  0.999990  1.000000  0.000000  0.000000  0.000000  1.000000  0.000000  0.000000  0.000000  1.000000  1.000000  0.000000  0.000000  0.000000  1.000000  0.000000  0.000000  0.000000  1.000000  0.000072  0.000000  
18.747121 0.001634  0.090562  -0.004393  0.998555  0.014933  0.051625  -0.012952  0.999174  -0.038508  -0.052158  0.037784  0.997924  -0.000490  -0.005023  -0.007176  -0.191301  -0.104934  0.188850  2.000000  1.000000  0.000000  0.000000  0.000000  1.000000  0.000000  0.000000  0.000000  1.000000  0.999989  0.004386  0.001708  -0.004379  0.999982  -0.004107  -0.001726  0.004099  0.999990  1.000000  0.000000  0.000000  0.000000  1.000000  0.000000  0.000000  0.000000  1.000000  1.000000  0.000000  0.000000  0.000000  1.000000  0.000000  0.000000  0.000000  1.000000  0.000073  0.000000  
18.748374 0.001634  0.090555  -0.004403  0.998542  0.015362  0.051739  -0.013363  0.999159  -0.038774  -0.052291  0.038026  0.997908  -0.000451  -0.004983  -0.007317  -0.193261  -0.105513  0.197345  2.000000  1.000000  0.000000  0.000000  0.000000  1.000000  0.000000  0.000000  0.000000  1.000000  0.999988  0.004586  0.001565  -0.004580  0.999981  -0.004239  -0.001585  0.004231  0.999990  1.000000  0.000000  0.000000  0.000000  1.000000  0.000000  0.000000  0.000000  1.000000  1.000000  0.000000  0.000000  0.000000  1.000000  0.000000  0.000000  0.000000  1.000000  0.000075  0.000000  
18.749625 0.001632  0.090548  -0.004413  0.998540  0.015581  0.051728  -0.013568  0.999146  -0.039027  -0.052291  0.038268  0.997898  -0.000470  -0.004970  -0.007424  -0.197651  -0.096213  0.203884  2.000000  1.000000  0.000000  0.000000  0.000000  1.000000  0.000000  0.000000  0.000000  1.000000  0.999988  0.004587  0.001564  -0.004580  0.999981  -0.004239  -0.001584  0.004232  0.999990  1.000000  0.000000  0.000000  0.000000  1.000000  0.000000  0.000000  0.000000  1.000000  1.000000  0.000000  0.000000  0.000000  1.000000  0.000000  0.000000  0.000000  1.000000  0.000075  0.000000  
18.750875 0.001632  0.090541  -0.004423  0.998534  0.016005  0.051708  -0.013980  0.999130  -0.039291  -0.052291  0.038510  0.997889  -0.000481  -0.004980  -0.007519  -0.198054  -0.091441  0.210689  2.000000  1.000000  0.000000  0.000000  0.000000  1.000000  0.000000  0.000000  0.000000  1.000000  0.999988  0.004582  0.001429  -0.004576  0.999981  -0.004239  -0.001449  0.004233  0.999990  1.000000  0.000000  0.000000  0.000000  1.000000  0.000000  0.000000  0.000000  1.000000  1.000000  0.000000  0.000000  0.000000  1.000000  0.000000  0.000000  0.000000  1.000000  0.000075  0.000000  
18.752119 0.001631  0.090535  -0.004433  0.998531  0.016229  0.051694  -0.014185  0.999112  -0.039665  -0.052291  0.038873  0.997875  -0.000455  -0.004988  -0.007588  -0.202216  -0.082414  0.210452  2.000000  1.000000  0.000000  0.000000  0.000000  1.000000  0.000000  0.000000  0.000000  1.000000  0.999988  0.004782  0.001287  -0.004777  0.999980  -0.004250  -0.001307  0.004244  0.999990  1.000000  0.000000  0.000000  0.000000  1.000000  0.000000  0.000000  0.000000  1.000000  1.000000  0.000000  0.000000  0.000000  1.000000  0.000000  0.000000  0.000000  1.000000  0.000076  0.000000  
18.753364 0.001631  0.090529  -0.004442  0.998518  0.016658  0.051807  -0.014596  0.999096  -0.039930  -0.052425  0.039115  0.997859  -0.000432  -0.004968  -0.007574  -0.205322  -0.081200  0.222431  2.000000  1.000000  0.000000  0.000000  0.000000  1.000000  0.000000  0.000000  0.000000  1.000000  0.999989  0.004577  0.001294  -0.004572  0.999981  -0.004240  -0.001313  0.004234  0.999990  1.000000  0.000000  0.000000  0.000000  1.000000  0.000000  0.000000  0.000000  1.000000  1.000000  0.000000  0.000000  0.000000  1.000000  0.000000  0.000000  0.000000  1.000000  0.000077  0.000000  
18.754371 0.001631  0.090525  -0.004449  0.998515  0.016870  0.051796  -0.014802  0.999088  -0.040062  -0.052425  0.039236  0.997854  -0.000431  -0.004981  -0.007525  -0.202955  -0.072835  0.223936  2.000000  1.000000  0.000000  0.000000  0.000000  1.000000  0.000000  0.000000  0.000000  1.000000  0.999988  0.004772  0.001017  -0.004768  0.999980  -0.004251  -0.001037  0.004246  0.999990  1.000000  0.000000  0.000000  0.000000  1.000000  0.000000  0.000000  0.000000  1.000000  1.000000  0.000000  0.000000  0.000000  1.000000  0.000000  0.000000  0.000000  1.000000  0.000078  0.000000  
18.755617 0.001632  0.090520  -0.004457  0.998505  0.017100  0.051915  -0.015007  0.999069  -0.040438  -0.052559  0.039599  0.997832  -0.000489  -0.005001  -0.007481  -0.209396  -0.072180  0.222105  2.000000  1.000000  0.000000  0.000000  0.000000  1.000000  0.000000  0.000000  0.000000  1.000000  0.999988  0.004773  0.001016  -0.004768  0.999980  -0.004251  -0.001036  0.004246  0.999990  1.000000  0.000000  0.000000  0.000000  1.000000  0.000000  0.000000  0.000000  1.000000  1.000000  0.000000  0.000000  0.000000  1.000000  0.000000  0.000000  0.000000  1.000000  0.000078  0.000000  
18.756867 0.001632  0.090515  -0.004465  0.998499  0.017524  0.051895  -0.015418  0.999052  -0.040702  -0.052559  0.039841  0.997823  -0.000440  -0.004972  -0.007405  -0.209780  -0.067421  0.228823  2.000000  1.000000  0.000000  0.000000  0.000000  1.000000  0.000000  0.000000  0.000000  1.000000  0.999988  0.004768  0.000880  -0.004764  0.999979  -0.004373  -0.000901  0.004368  0.999990  1.000000  0.000000  0.000000  0.000000  1.000000  0.000000  0.000000  0.000000  1.000000  1.000000  0.000000  0.000000  0.000000  1.000000  0.000000  0.000000  0.000000  1.000000  0.000079  0.000000  
18.757867 0.001632  0.090511  -0.004471  0.998496  0.017742  0.051882  -0.015624  0.999039  -0.040955  -0.052559  0.040083  0.997813  -0.000441  -0.004971  -0.007403  -0.213852  -0.062927  0.228683  2.000000  1.000000  0.000000  0.000000  0.000000  1.000000  0.000000  0.000000  0.000000  1.000000  0.999988  0.004768  0.000879  -0.004764  0.999979  -0.004494  -0.000901  0.004490  0.999990  1.000000  0.000000  0.000000  0.000000  1.000000  0.000000  0.000000  0.000000  1.000000  1.000000  0.000000  0.000000  0.000000  1.000000  0.000000  0.000000  0.000000  1.000000  0.000079  0.000000  
18.758873 0.001631  0.090506  -0.004478  0.998492  0.017961  0.051869  -0.015829  0.999025  -0.041208  -0.052559  0.040325  0.997803  -0.000423  -0.004914  -0.007357  -0.215566  -0.063375  0.230532  2.000000  1.000000  0.000000  0.000000  0.000000  1.000000  0.000000  0.000000  0.000000  1.000000  0.999988  0.004768  0.000878  -0.004764  0.999979  -0.004494  -0.000899  0.004490  0.999990  1.000000  0.000000  0.000000  0.000000  1.000000  0.000000  0.000000  0.000000  1.000000  1.000000  0.000000  0.000000  0.000000  1.000000  0.000000  0.000000  0.000000  1.000000  0.000081  0.000000  
18.760124 0.001631  0.090500  -0.004487  0.998482  0.018191  0.051987  -0.016035  0.999006  -0.041585  -0.052692  0.040688  0.997782  -0.000413  -0.004861  -0.007314  -0.223752  -0.063320  0.230549  2.000000  1.000000  0.000000  0.000000  0.000000  1.000000  0.000000  0.000000  0.000000  1.000000  0.999988  0.004774  0.001011  -0.004769  0.999979  -0.004494  -0.001032  0.004490  0.999989  1.000000  0.000000  0.000000  0.000000  1.000000  0.000000  0.000000  0.000000  1.000000  1.000000  0.000000  0.000000  0.000000  1.000000  0.000000  0.000000  0.000000  1.000000  0.000082  0.000000  
18.761367 0.001630  0.090494  -0.004496  0.998479  0.018415  0.051972  -0.016241  0.998987  -0.041959  -0.052692  0.041051  0.997767  -0.000394  -0.004788  -0.007233  -0.227928  -0.058779  0.230482  2.000000  1.000000  0.000000  0.000000  0.000000  1.000000  0.000000  0.000000  0.000000  1.000000  0.999988  0.004769  0.000875  -0.004764  0.999978  -0.004616  -0.000897  0.004612  0.999989  1.000000  0.000000  0.000000  0.000000  1.000000  0.000000  0.000000  0.000000  1.000000  1.000000  0.000000  0.000000  0.000000  1.000000  0.000000  0.000000  0.000000  1.000000  0.000082  0.000000  
18.762375 0.001629  0.090489  -0.004502  0.998468  0.018639  0.052093  -0.016446  0.998973  -0.042214  -0.052826  0.041293  0.997750  -0.000338  -0.004724  -0.007150  -0.226161  -0.058260  0.228677  2.000000  1.000000  0.000000  0.000000  0.000000  1.000000  0.000000  0.000000  0.000000  1.000000  0.999988  0.004763  0.000740  -0.004760  0.999978  -0.004616  -0.000762  0.004612  0.999989  1.000000  0.000000  0.000000  0.000000  1.000000  0.000000  0.000000  0.000000  1.000000  1.000000  0.000000  0.000000  0.000000  1.000000  0.000000  0.000000  0.000000  1.000000  0.000081  0.000000  
18.763387 0.001629  0.090485  -0.004509  0.998461  0.019063  0.052071  -0.016857  0.998955  -0.042478  -0.052826  0.041535  0.997740  -0.000310  -0.004635  -0.007047  -0.228198  -0.049380  0.236913  2.000000  1.000000  0.000000  0.000000  0.000000  1.000000  0.000000  0.000000  0.000000  1.000000  0.999989  0.004564  0.000881  -0.004559  0.999979  -0.004606  -0.000902  0.004601  0.999989  1.000000  0.000000  0.000000  0.000000  1.000000  0.000000  0.000000  0.000000  1.000000  1.000000  0.000000  0.000000  0.000000  1.000000  0.000000  0.000000  0.000000  1.000000  0.000083  0.000000  
18.764617 0.001628  0.090479  -0.004517  0.998458  0.019287  0.052055  -0.017063  0.998936  -0.042852  -0.052826  0.041898  0.997724  -0.000278  -0.004614  -0.006953  -0.232436  -0.044845  0.236903  2.000000  1.000000  0.000000  0.000000  0.000000  1.000000  0.000000  0.000000  0.000000  1.000000  0.999988  0.004758  0.000604  -0.004755  0.999977  -0.004738  -0.000626  0.004735  0.999989  1.000000  0.000000  0.000000  0.000000  1.000000  0.000000  0.000000  0.000000  1.000000  1.000000  0.000000  0.000000  0.000000  1.000000  0.000000  0.000000  0.000000  1.000000  0.000084  0.000000  
18.765870 0.001628  0.090473  -0.004524  0.998447  0.019511  0.052175  -0.017268  0.998921  -0.043107  -0.052959  0.042140  0.997707  -0.000240  -0.004522  -0.006764  -0.232066  -0.045048  0.229966  2.000000  1.000000  0.000000  0.000000  0.000000  1.000000  0.000000  0.000000  0.000000  1.000000  0.999989  0.004558  0.000744  -0.004555  0.999978  -0.004849  -0.000766  0.004845  0.999988  1.000000  0.000000  0.000000  0.000000  1.000000  0.000000  0.000000  0.000000  1.000000  1.000000  0.000000  0.000000  0.000000  1.000000  0.000000  0.000000  0.000000  1.000000  0.000084  0.000000  
18.767121 0.001629  0.090469  -0.004532  0.998444  0.019730  0.052161  -0.017474  0.998907  -0.043361  -0.052959  0.042382  0.997697  -0.000164  -0.004423  -0.006621  -0.232070  -0.040497  0.229789  2.000000  1.000000  0.000000  0.000000  0.000000  1.000000  0.000000  0.000000  0.000000  1.000000  0.999989  0.004553  0.000610  -0.004550  0.999978  -0.004849  -0.000632  0.004846  0.999988  1.000000  0.000000  0.000000  0.000000  1.000000  0.000000  0.000000  0.000000  1.000000  1.000000  0.000000  0.000000  0.000000  1.000000  0.000000  0.000000  0.000000  1.000000  0.000083  0.000000  
18.768481 0.001629  0.090463  -0.004540  0.998440  0.019954  0.052145  -0.017679  0.998887  -0.043735  -0.052959  0.042745  0.997681  -0.000151  -0.004380  -0.006477  -0.235256  -0.040275  0.228934  2.000000  1.000000  0.000000  0.000000  0.000000  1.000000  0.000000  0.000000  0.000000  1.000000  0.999990  0.004348  0.000617  -0.004345  0.999979  -0.004838  -0.000638  0.004835  0.999988  1.000000  0.000000  0.000000  0.000000  1.000000  0.000000  0.000000  0.000000  1.000000  1.000000  0.000000  0.000000  0.000000  1.000000  0.000000  0.000000  0.000000  1.000000  0.000082  0.000000  
18.769621 0.001629  0.090458  -0.004548  0.998436  0.020173  0.052131  -0.017885  0.998872  -0.043988  -0.052959  0.042987  0.997671  -0.000172  -0.004429  -0.006449  -0.236138  -0.040370  0.229802  2.000000  1.000000  0.000000  0.000000  0.000000  1.000000  0.000000  0.000000  0.000000  1.000000  0.999990  0.004342  0.000483  -0.004340  0.999978  -0.004959  -0.000504  0.004957  0.999988  1.000000  0.000000  0.000000  0.000000  1.000000  0.000000  0.000000  0.000000  1.000000  1.000000  0.000000  0.000000  0.000000  1.000000  0.000000  0.000000  0.000000  1.000000  0.000082  0.000000  
18.770866 0.001629  0.090452  -0.004555  0.998429  0.020597  0.052108  -0.018296  0.998853  -0.044252  -0.052959  0.043229  0.997661  -0.000209  -0.004476  -0.006428  -0.238266  -0.035542  0.227752  2.000000  1.000000  0.000000  0.000000  0.000000  1.000000  0.000000  0.000000  0.000000  1.000000  0.999990  0.004342  0.000481  -0.004340  0.999978  -0.004959  -0.000502  0.004957  0.999988  1.000000  0.000000  0.000000  0.000000  1.000000  0.000000  0.000000  0.000000  1.000000  1.000000  0.000000  0.000000  0.000000  1.000000  0.000000  0.000000  0.000000  1.000000  0.000083  0.000000  
18.771866 0.001629  0.090448  -0.004561  0.998425  0.020815  0.052094  -0.018501  0.998838  -0.044505  -0.052959  0.043471  0.997650  -0.000226  -0.004505  -0.006405  -0.238306  -0.035493  0.227799  2.000000  1.000000  0.000044  0.000100  -0.000044  1.000000  -0.000127  -0.000100  0.000127  1.000000  0.999990  0.004342  0.000480  -0.004340  0.999978  -0.005080  -0.000502  0.005078  0.999987  1.000000  0.000022  0.000050  -0.000022  1.000000  -0.000063  -0.000050  0.000063  1.000000  1.000000  0.000044  0.000100  -0.000044  1.000000  -0.000127  -0.000100  0.000127  1.000000  0.000083  0.006700  
18.773115 0.001628  0.090442  -0.004569  0.998421  0.021039  0.052077  -0.018707  0.998817  -0.044879  -0.052959  0.043834  0.997634  -0.000232  -0.004525  -0.006363  -0.242370  -0.030967  0.227633  2.000000  1.000000  0.000109  0.000250  -0.000109  1.000000  -0.000317  -0.000250  0.000317  1.000000  0.999990  0.004342  0.000479  -0.004340  0.999978  -0.005080  -0.000501  0.005078  0.999987  1.000000  0.000022  0.000050  -0.000022  1.000000  -0.000063  -0.000050  0.000063  1.000000  1.000000  0.000109  0.000250  -0.000109  1.000000  -0.000317  -0.000250  0.000317  1.000000  0.000082  0.006700  
18.774367 0.001628  0.090436  -0.004576  0.998410  0.021270  0.052193  -0.018912  0.998796  -0.045256  -0.053093  0.044197  0.997611  -0.000195  -0.004523  -0.006335  -0.246034  -0.031171  0.220747  2.000000  1.000000  0.000219  0.000497  -0.000218  1.000000  -0.000639  -0.000498  0.000639  1.000000  0.999990  0.004343  0.000477  -0.004340  0.999977  -0.005202  -0.000500  0.005200  0.999986  1.000000  0.000022  0.000050  -0.000022  1.000000  -0.000065  -0.000050  0.000065  1.000000  1.000000  0.000219  0.000497  -0.000218  1.000000  -0.000639  -0.000498  0.000639  1.000000  0.000082  0.006793  
18.775624 0.001628  0.090430  -0.004584  0.998407  0.021494  0.052176  -0.019118  0.998775  -0.045630  -0.053093  0.044560  0.997595  -0.000172  -0.004499  -0.006213  -0.247729  -0.027140  0.215503  2.000000  1.000000  0.000325  0.000743  -0.000325  0.999999  -0.000967  -0.000744  0.000967  0.999999  0.999990  0.004343  0.000476  -0.004340  0.999976  -0.005324  -0.000499  0.005321  0.999986  1.000000  0.000022  0.000050  -0.000022  1.000000  -0.000067  -0.000050  0.000067  1.000000  1.000000  0.000325  0.000743  -0.000325  0.999999  -0.000967  -0.000744  0.000967  0.999999  0.000083  0.006886  
18.776871 0.001627  0.090425  -0.004590  0.998403  0.021713  0.052162  -0.019323  0.998760  -0.045883  -0.053093  0.044802  0.997584  -0.000138  -0.004443  -0.006041  -0.247764  -0.022597  0.215341  2.000000  0.999999  0.000435  0.000978  -0.000434  0.999999  -0.001299  -0.000979  0.001299  0.999999  0.999991  0.004132  0.000350  -0.004130  0.999977  -0.005313  -0.000372  0.005311  0.999986  1.000000  0.000022  0.000047  -0.000022  1.000000  -0.000066  -0.000047  0.000066  1.000000  0.999999  0.000435  0.000978  -0.000434  0.999999  -0.001299  -0.000979  0.001299  0.999999  0.000082  0.006739  
18.778122 0.001627  0.090420  -0.004597  0.998399  0.021937  0.052144  -0.019529  0.998739  -0.046257  -0.053093  0.045165  0.997568  -0.000122  -0.004402  -0.005935  -0.251515  -0.018327  0.208275  2.000000  0.999999  0.000545  0.001213  -0.000543  0.999999  -0.001635  -0.001214  0.001634  0.999998  0.999991  0.004132  0.000348  -0.004130  0.999977  -0.005434  -0.000371  0.005432  0.999985  1.000000  0.000022  0.000047  -0.000022  1.000000  -0.000068  -0.000047  0.000068  1.000000  0.999999  0.000545  0.001213  -0.000543  0.999999  -0.001635  -0.001214  0.001634  0.999998  0.000083  0.006835  
