1-Time 2-Px 3-Py 4-Pz 5-R11 6-R21 7-R31 8-R12 9-R22 10-R32 11-R13 12-R23 13-R33 14-Vx 15-Vy 16-Vz 17-Wx 18-Wy 19-Wz 20-state 21-PR11 22-PR21 23-PR31 24-PR12 25-PR22 26-PR32 27-PR13 28-PR23 29-PR33 
132.290916 0.011699  0.100004  -0.017313  0.993531  0.076801  -0.083658  -0.075620  0.996988  0.017194  0.084727  -0.010756  0.996346  -0.000504  0.000069  0.001955  0.000000  0.000000  0.000000  2.000000  1.000000  0.000000  0.000000  0.000000  1.000000  0.000000  0.000000  0.000000  1.000000  1.000000  -0.000001  0.000134  0.000001  1.000000  0.000000  -0.000134  0.000000  1.000000  1.000000  0.000000  0.000000  0.000000  1.000000  0.000000  0.000000  0.000000  1.000000  0.702818  0.491615  0.514161  -0.514635  0.850373  -0.109619  -0.491119  -0.187563  0.850660  0.000000  0.000000  
132.291921 0.011698  0.100004  -0.017310  0.993531  0.076801  -0.083658  -0.075620  0.996988  0.017194  0.084727  -0.010756  0.996346  -0.000503  0.000047  0.002002  0.000000  0.000000  0.000000  2.000000  1.000000  0.000000  0.000000  0.000000  1.000000  0.000000  0.000000  0.000000  1.000000  1.000000  -0.000001  0.000134  0.000001  1.000000  0.000000  -0.000134  0.000000  1.000000  1.000000  0.000000  0.000000  0.000000  1.000000  0.000000  0.000000  0.000000  1.000000  1.000000  0.000000  0.000000  0.000000  1.000000  0.000000  0.000000  0.000000  1.000000  0.000000  0.000000  
132.293170 0.011701  0.100006  -0.017307  0.993477  0.077214  -0.083917  -0.076028  0.996956  0.017249  0.084993  -0.010756  0.996323  -0.000281  0.000196  0.002024  0.000000  0.000000  0.000000  2.000000  1.000000  0.000000  0.000000  0.000000  1.000000  0.000000  0.000000  0.000000  1.000000  1.000000  0.000412  -0.000129  -0.000412  1.000000  0.000035  0.000129  -0.000035  1.000000  1.000000  0.000000  0.000000  0.000000  1.000000  0.000000  0.000000  0.000000  1.000000  1.000000  0.000000  0.000000  0.000000  1.000000  0.000000  0.000000  0.000000  1.000000  0.000000  0.000000  
132.294420 0.011703  0.100008  -0.017304  0.993407  0.077843  -0.084163  -0.076640  0.996906  0.017442  0.085260  -0.010877  0.996299  -0.000046  0.000299  0.002100  0.000000  0.000000  0.000000  2.000000  1.000000  0.000000  0.000000  0.000000  1.000000  0.000000  0.000000  0.000000  1.000000  1.000000  0.000825  -0.000392  -0.000825  1.000000  0.000192  0.000393  -0.000191  1.000000  1.000000  0.000000  0.000000  0.000000  1.000000  0.000000  0.000000  0.000000  1.000000  1.000000  0.000000  0.000000  0.000000  1.000000  0.000000  0.000000  0.000000  1.000000  0.000000  0.000000  
132.295420 0.011706  0.100008  -0.017302  0.993368  0.078051  -0.084425  -0.076842  0.996890  0.017480  0.085527  -0.010877  0.996277  0.000139  0.000340  0.002095  0.000000  0.000000  0.000000  2.000000  1.000000  0.000000  0.000000  0.000000  1.000000  0.000000  0.000000  0.000000  1.000000  0.999999  0.001237  -0.000522  -0.001236  0.999999  0.000227  0.000522  -0.000226  1.000000  1.000000  0.000000  0.000000  0.000000  1.000000  0.000000  0.000000  0.000000  1.000000  1.000000  0.000000  0.000000  0.000000  1.000000  0.000000  0.000000  0.000000  1.000000  0.000000  0.000000  
132.296670 0.011710  0.100010  -0.017300  0.993330  0.078270  -0.084677  -0.077045  0.996872  0.017639  0.085793  -0.010997  0.996252  0.000467  0.000416  0.002055  0.000000  0.000000  0.000000  2.000000  1.000000  0.000000  0.000000  0.000000  1.000000  0.000000  0.000000  0.000000  1.000000  0.999999  0.001445  -0.000787  -0.001444  0.999999  0.000366  0.000787  -0.000365  1.000000  1.000000  0.000000  0.000000  0.000000  1.000000  0.000000  0.000000  0.000000  1.000000  1.000000  0.000000  0.000000  0.000000  1.000000  0.000000  0.000000  0.000000  1.000000  0.000000  0.000000  
132.297920 0.011715  0.100011  -0.017297  0.993259  0.078888  -0.084932  -0.077657  0.996823  0.017712  0.086060  -0.010997  0.996229  0.000866  0.000528  0.002067  0.000000  0.000000  0.000000  2.000000  1.000000  0.000000  0.000000  0.000000  1.000000  0.000000  0.000000  0.000000  1.000000  0.999998  0.001858  -0.001050  -0.001857  0.999998  0.000402  0.001051  -0.000400  0.999999  1.000000  0.000000  0.000000  0.000000  1.000000  0.000000  0.000000  0.000000  1.000000  1.000000  0.000000  0.000000  0.000000  1.000000  0.000000  0.000000  0.000000  1.000000  0.000000  0.000000  
132.298920 0.011720  0.100013  -0.017295  0.993188  0.079517  -0.085178  -0.078268  0.996771  0.017906  0.086326  -0.011117  0.996205  0.001225  0.000635  0.002048  0.000000  0.000000  0.000000  2.000000  1.000000  0.000000  0.000000  0.000000  1.000000  0.000000  0.000000  0.000000  1.000000  0.999996  0.002476  -0.001310  -0.002476  0.999997  0.000456  0.001312  -0.000452  0.999999  1.000000  0.000000  0.000000  0.000000  1.000000  0.000000  0.000000  0.000000  1.000000  1.000000  0.000000  0.000000  0.000000  1.000000  0.000000  0.000000  0.000000  1.000000  0.000000  0.000000  
132.300170 0.011725  0.100014  -0.017293  0.993100  0.080341  -0.085428  -0.079084  0.996705  0.017997  0.086593  -0.011117  0.996182  0.001605  0.000692  0.002047  0.000000  0.000000  0.000000  2.000000  1.000000  0.000000  0.000000  0.000000  1.000000  0.000000  0.000000  0.000000  1.000000  0.999993  0.003301  -0.001702  -0.003300  0.999994  0.000649  0.001704  -0.000643  0.999998  1.000000  0.000000  0.000000  0.000000  1.000000  0.000000  0.000000  0.000000  1.000000  1.000000  0.000000  0.000000  0.000000  1.000000  0.000000  0.000000  0.000000  1.000000  0.000000  0.000000  
132.301425 0.011730  0.100016  -0.017291  0.993016  0.080961  -0.085816  -0.079695  0.996655  0.018082  0.086993  -0.011117  0.996147  0.002016  0.000803  0.002020  0.000000  0.000000  0.000000  2.000000  1.000000  0.000000  0.000000  0.000000  1.000000  0.000000  0.000000  0.000000  1.000000  0.999990  0.004125  -0.001960  -0.004123  0.999991  0.000721  0.001963  -0.000713  0.999998  1.000000  0.000000  0.000000  0.000000  1.000000  0.000000  0.000000  0.000000  1.000000  1.000000  0.000000  0.000000  0.000000  1.000000  0.000000  0.000000  0.000000  1.000000  0.000000  0.000000  
132.302673 0.011737  0.100019  -0.017290  0.992915  0.081786  -0.086200  -0.080510  0.996588  0.018185  0.087393  -0.011116  0.996112  0.002485  0.001018  0.001942  0.000000  0.000000  0.000000  2.000000  1.000000  0.000000  0.000000  0.000000  1.000000  0.000000  0.000000  0.000000  1.000000  0.999986  0.004745  -0.002355  -0.004743  0.999988  0.000777  0.002358  -0.000766  0.999997  1.000000  0.000000  0.000000  0.000000  1.000000  0.000000  0.000000  0.000000  1.000000  1.000000  0.000000  0.000000  0.000000  1.000000  0.000000  0.000000  0.000000  1.000000  0.000000  0.000000  
132.303924 0.011743  0.100023  -0.017289  0.992819  0.082408  -0.086720  -0.081119  0.996537  0.018282  0.087926  -0.011116  0.996065  0.002975  0.001258  0.001784  0.028363  0.101355  0.187201  2.000000  1.000000  0.000199  -0.000103  -0.000199  1.000000  0.000031  0.000103  -0.000031  1.000000  0.999981  0.005366  -0.002883  -0.005363  0.999985  0.000834  0.002887  -0.000818  0.999995  1.000000  0.000067  -0.000036  -0.000067  1.000000  0.000010  0.000036  -0.000010  1.000000  1.000000  0.000199  -0.000103  -0.000199  1.000000  0.000031  0.000103  -0.000031  1.000000  0.000051  0.006147  
132.305174 0.011750  0.100027  -0.017288  0.992733  0.083038  -0.087097  -0.081730  0.996483  0.018489  0.088326  -0.011236  0.996028  0.003501  0.001525  0.001702  0.034271  0.114594  0.208011  2.000000  1.000000  0.000565  -0.000302  -0.000565  1.000000  0.000087  0.000302  -0.000087  1.000000  0.999975  0.006193  -0.003407  -0.006189  0.999980  0.001031  0.003414  -0.001009  0.999994  1.000000  0.000077  -0.000043  -0.000077  1.000000  0.000013  0.000043  -0.000013  1.000000  1.000000  0.000565  -0.000302  -0.000565  1.000000  0.000087  0.000302  -0.000087  1.000000  0.000060  0.007141  
132.306179 0.011756  0.100030  -0.017287  0.992630  0.083863  -0.087480  -0.082544  0.996414  0.018594  0.088725  -0.011236  0.995993  0.003946  0.001765  0.001653  0.036704  0.127741  0.235656  2.000000  0.999999  0.000890  -0.000482  -0.000890  1.000000  0.000139  0.000482  -0.000139  1.000000  0.999970  0.006813  -0.003802  -0.006808  0.999976  0.001088  0.003809  -0.001062  0.999992  1.000000  0.000085  -0.000048  -0.000085  1.000000  0.000013  0.000048  -0.000013  1.000000  0.999999  0.000890  -0.000482  -0.000890  1.000000  0.000139  0.000482  -0.000139  1.000000  0.000066  0.007875  
132.307424 0.011766  0.100036  -0.017286  0.992514  0.084700  -0.087985  -0.083357  0.996342  0.018831  0.089259  -0.011356  0.995944  0.004539  0.002065  0.001525  0.043261  0.145437  0.263483  2.000000  0.999999  0.001256  -0.000685  -0.001256  0.999999  0.000195  0.000685  -0.000195  1.000000  0.999962  0.007637  -0.004193  -0.007633  0.999970  0.001164  0.004202  -0.001132  0.999991  1.000000  0.000095  -0.000052  -0.000095  1.000000  0.000014  0.000052  -0.000014  1.000000  0.999999  0.001256  -0.000685  -0.001256  0.999999  0.000195  0.000685  -0.000195  1.000000  0.000074  0.008788  
132.308673 0.011777  0.100042  -0.017285  0.992415  0.085322  -0.088505  -0.083966  0.996289  0.018931  0.089792  -0.011356  0.995896  0.005040  0.002356  0.001374  0.045154  0.163226  0.284414  2.000000  0.999998  0.001762  -0.000969  -0.001762  0.999998  0.000278  0.000969  -0.000276  0.999999  0.999953  0.008465  -0.004717  -0.008458  0.999963  0.001363  0.004729  -0.001323  0.999988  1.000000  0.000106  -0.000059  -0.000106  1.000000  0.000017  0.000059  -0.000017  1.000000  0.999998  0.001762  -0.000969  -0.001762  0.999998  0.000278  0.000969  -0.000276  0.999999  0.000082  0.009783  
132.309924 0.011787  0.100047  -0.017282  0.992297  0.086159  -0.089010  -0.084780  0.996215  0.019170  0.090325  -0.011476  0.995846  0.005544  0.002655  0.001369  0.051718  0.180846  0.312115  2.000000  0.999996  0.002312  -0.001289  -0.002311  0.999997  0.000364  0.001290  -0.000361  0.999999  0.999944  0.009088  -0.005379  -0.009080  0.999958  0.001423  0.005391  -0.001374  0.999985  1.000000  0.000114  -0.000067  -0.000114  1.000000  0.000017  0.000067  -0.000017  1.000000  0.999996  0.002312  -0.001289  -0.002311  0.999997  0.000364  0.001290  -0.000361  0.999999  0.000089  0.010652  
132.311174 0.011797  0.100052  -0.017279  0.992209  0.086779  -0.089396  -0.085389  0.996162  0.019259  0.090724  -0.011475  0.995810  0.005961  0.002902  0.001438  0.053602  0.194101  0.332930  2.000000  0.999994  0.002905  -0.001643  -0.002905  0.999996  0.000462  0.001644  -0.000458  0.999999  0.999935  0.009710  -0.005905  -0.009700  0.999952  0.001605  0.005920  -0.001548  0.999981  1.000000  0.000121  -0.000074  -0.000121  1.000000  0.000020  0.000074  -0.000020  1.000000  0.999994  0.002905  -0.001643  -0.002905  0.999996  0.000462  0.001644  -0.000458  0.999999  0.000096  0.011473  
132.312420 0.011808  0.100056  -0.017274  0.992107  0.087400  -0.089915  -0.085998  0.996107  0.019360  0.091257  -0.011475  0.995761  0.006351  0.003052  0.001628  0.055529  0.211894  0.353864  2.000000  0.999992  0.003543  -0.002029  -0.003542  0.999994  0.000565  0.002031  -0.000558  0.999998  0.999924  0.010536  -0.006430  -0.010526  0.999943  0.001686  0.006447  -0.001618  0.999978  1.000000  0.000132  -0.000080  -0.000132  1.000000  0.000021  0.000080  -0.000021  1.000000  0.999992  0.003543  -0.002029  -0.003542  0.999994  0.000565  0.002031  -0.000558  0.999998  0.000104  0.012454  
132.313423 0.011817  0.100059  -0.017270  0.992005  0.088032  -0.090424  -0.086606  0.996050  0.019583  0.091790  -0.011595  0.995711  0.006621  0.003095  0.001737  0.061522  0.229584  0.374678  2.000000  0.999989  0.004072  -0.002352  -0.004071  0.999992  0.000654  0.002355  -0.000644  0.999997  0.999923  0.010538  -0.006563  -0.010527  0.999943  0.001811  0.006581  -0.001742  0.999977  1.000000  0.000132  -0.000082  -0.000132  1.000000  0.000022  0.000082  -0.000022  1.000000  0.999989  0.004072  -0.002352  -0.004071  0.999992  0.000654  0.002355  -0.000644  0.999997  0.000109  0.012541  
132.314425 0.011825  0.100061  -0.017266  0.991932  0.088447  -0.090814  -0.087011  0.996013  0.019655  0.092190  -0.011595  0.995674  0.006905  0.003166  0.001847  0.062818  0.242904  0.388584  2.000000  0.999986  0.004610  -0.002692  -0.004608  0.999989  0.000740  0.002695  -0.000728  0.999996  0.999919  0.010746  -0.006828  -0.010735  0.999941  0.001713  0.006846  -0.001639  0.999975  1.000000  0.000134  -0.000085  -0.000134  1.000000  0.000021  0.000085  -0.000021  1.000000  0.999986  0.004610  -0.002692  -0.004608  0.999989  0.000740  0.002695  -0.000728  0.999996  0.000115  0.012842  
132.315668 0.011835  0.100062  -0.017261  0.991829  0.089068  -0.091332  -0.087620  0.995958  0.019758  0.092723  -0.011594  0.995624  0.007158  0.003164  0.002084  0.064784  0.260731  0.409567  2.000000  0.999982  0.005152  -0.003045  -0.005150  0.999986  0.000827  0.003049  -0.000811  0.999995  0.999914  0.010956  -0.007226  -0.010944  0.999939  0.001739  0.007245  -0.001660  0.999972  1.000000  0.000137  -0.000090  -0.000137  1.000000  0.000021  0.000090  -0.000021  1.000000  0.999982  0.005152  -0.003045  -0.005150  0.999986  0.000827  0.003049  -0.000811  0.999995  0.000121  0.013234  
132.316670 0.011842  0.100063  -0.017256  0.991774  0.089267  -0.091737  -0.087821  0.995942  0.019691  0.093123  -0.011473  0.995589  0.007405  0.003167  0.002352  0.061414  0.274211  0.416650  2.000000  0.999978  0.005703  -0.003409  -0.005699  0.999983  0.000909  0.003415  -0.000890  0.999994  0.999913  0.010956  -0.007361  -0.010946  0.999939  0.001501  0.007377  -0.001420  0.999972  1.000000  0.000137  -0.000092  -0.000137  1.000000  0.000018  0.000092  -0.000018  1.000000  0.999978  0.005703  -0.003409  -0.005699  0.999983  0.000909  0.003415  -0.000890  0.999994  0.000126  0.013281  
132.317670 0.011850  0.100065  -0.017252  0.991700  0.089682  -0.092127  -0.088226  0.995904  0.019764  0.093522  -0.011472  0.995551  0.007571  0.003052  0.002524  0.062733  0.287554  0.430587  2.000000  0.999973  0.006258  -0.003782  -0.006254  0.999980  0.000985  0.003788  -0.000962  0.999992  0.999910  0.011163  -0.007493  -0.011152  0.999937  0.001523  0.007509  -0.001439  0.999971  1.000000  0.000139  -0.000094  -0.000139  1.000000  0.000019  0.000094  -0.000019  1.000000  0.999973  0.006258  -0.003782  -0.006254  0.999980  0.000985  0.003788  -0.000962  0.999992  0.000130  0.013526  
132.318670 0.011859  0.100067  -0.017248  0.991627  0.090096  -0.092517  -0.088631  0.995867  0.019838  0.093922  -0.011472  0.995513  0.007806  0.002986  0.002743  0.063550  0.298516  0.441004  2.000000  0.999968  0.006811  -0.004162  -0.006807  0.999976  0.001062  0.004169  -0.001033  0.999991  0.999911  0.010959  -0.007629  -0.010948  0.999939  0.001508  0.007645  -0.001424  0.999970  1.000000  0.000137  -0.000095  -0.000137  1.000000  0.000018  0.000095  -0.000018  1.000000  0.999968  0.006811  -0.004162  -0.006807  0.999976  0.001062  0.004169  -0.001033  0.999991  0.000133  0.013434  
132.319673 0.011867  0.100068  -0.017245  0.991565  0.090509  -0.092774  -0.089037  0.995830  0.019900  0.094188  -0.011472  0.995488  0.008005  0.002893  0.002981  0.065306  0.314148  0.458328  2.000000  0.999963  0.007351  -0.004545  -0.007346  0.999972  0.001134  0.004553  -0.001101  0.999989  0.999912  0.010755  -0.007765  -0.010745  0.999941  0.001372  0.007780  -0.001288  0.999969  1.000000  0.000134  -0.000097  -0.000134  1.000000  0.000017  0.000097  -0.000017  1.000000  0.999963  0.007351  -0.004545  -0.007346  0.999972  0.001134  0.004553  -0.001101  0.999989  0.000138  0.013332  
132.320675 0.011875  0.100071  -0.017241  0.991509  0.090719  -0.093168  -0.089237  0.995810  0.019955  0.094588  -0.011471  0.995450  0.008177  0.002802  0.003199  0.066013  0.327536  0.465328  2.000000  0.999957  0.007879  -0.004932  -0.007873  0.999968  0.001203  0.004941  -0.001164  0.999987  0.999916  0.010345  -0.007770  -0.010335  0.999946  0.001336  0.007784  -0.001255  0.999969  1.000000  0.000129  -0.000097  -0.000129  1.000000  0.000016  0.000097  -0.000016  1.000000  0.999957  0.007879  -0.004932  -0.007873  0.999968  0.001203  0.004941  -0.001164  0.999987  0.000143  0.013003  
132.321675 0.011884  0.100074  -0.017236  0.991447  0.091132  -0.093425  -0.089643  0.995773  0.020017  0.094854  -0.011471  0.995425  0.008250  0.002725  0.003487  0.067328  0.336426  0.479276  2.000000  0.999951  0.008389  -0.005323  -0.008382  0.999964  0.001270  0.005334  -0.001225  0.999985  0.999919  0.009936  -0.007909  -0.009926  0.999950  0.001301  0.007922  -0.001222  0.999968  1.000000  0.000124  -0.000099  -0.000124  1.000000  0.000016  0.000099  -0.000016  1.000000  0.999951  0.008389  -0.005323  -0.008382  0.999964  0.001270  0.005334  -0.001225  0.999985  0.000146  0.012763  
132.322929 0.011894  0.100078  -0.017230  0.991409  0.091137  -0.093823  -0.089640  0.995772  0.020053  0.095254  -0.011471  0.995387  0.008253  0.002590  0.003772  0.066227  0.341011  0.465442  2.000000  0.999944  0.008883  -0.005719  -0.008875  0.999960  0.001336  0.005730  -0.001286  0.999983  0.999921  0.009731  -0.007912  -0.009721  0.999952  0.001285  0.007924  -0.001208  0.999968  1.000000  0.000122  -0.000099  -0.000122  1.000000  0.000016  0.000099  -0.000016  1.000000  0.999944  0.008883  -0.005719  -0.008875  0.999960  0.001336  0.005730  -0.001286  0.999983  0.000145  0.012603  
132.324174 0.011904  0.100081  -0.017224  0.991339  0.091348  -0.094349  -0.089839  0.995753  0.020121  0.095787  -0.011470  0.995336  0.008190  0.002421  0.004006  0.061096  0.350201  0.451861  2.000000  0.999936  0.009468  -0.006213  -0.009460  0.999954  0.001417  0.006226  -0.001358  0.999980  0.999927  0.009115  -0.007919  -0.009106  0.999958  0.001230  0.007930  -0.001158  0.999968  1.000000  0.000114  -0.000099  -0.000114  1.000000  0.000015  0.000099  -0.000015  1.000000  0.999936  0.009468  -0.006213  -0.009460  0.999954  0.001417  0.006226  -0.001358  0.999980  0.000144  0.012134  
132.325174 0.011911  0.100084  -0.017219  0.991314  0.091339  -0.094626  -0.089837  0.995755  0.020024  0.096053  -0.011349  0.995312  0.008148  0.002382  0.004192  0.056511  0.350302  0.444934  2.000000  0.999929  0.009911  -0.006606  -0.009902  0.999950  0.001476  0.006620  -0.001411  0.999977  0.999932  0.008702  -0.007792  -0.008694  0.999962  0.001072  0.007801  -0.001004  0.999969  1.000000  0.000109  -0.000097  -0.000109  1.000000  0.000013  0.000097  -0.000013  1.000000  0.999929  0.009911  -0.006606  -0.009902  0.999950  0.001476  0.006620  -0.001411  0.999977  0.000142  0.011727  
132.326425 0.011919  0.100087  -0.017212  0.991257  0.091549  -0.095019  -0.090038  0.995736  0.020079  0.096452  -0.011349  0.995273  0.008016  0.002262  0.004434  0.052581  0.354765  0.444984  2.000000  0.999920  0.010435  -0.007091  -0.010424  0.999944  0.001538  0.007106  -0.001464  0.999974  0.999938  0.008085  -0.007665  -0.008079  0.999967  0.000895  0.007672  -0.000833  0.999970  1.000000  0.000101  -0.000096  -0.000101  1.000000  0.000011  0.000096  -0.000011  1.000000  0.999920  0.010435  -0.007091  -0.010424  0.999944  0.001538  0.007106  -0.001464  0.999974  0.000143  0.011175  
132.327675 0.011926  0.100089  -0.017204  0.991231  0.091552  -0.095285  -0.090035  0.995736  0.020103  0.096719  -0.011348  0.995247  0.007735  0.002141  0.004609  0.050802  0.354995  0.424301  2.000000  0.999912  0.010902  -0.007567  -0.010890  0.999939  0.001594  0.007584  -0.001511  0.999970  0.999947  0.007058  -0.007544  -0.007052  0.999975  0.000798  0.007550  -0.000745  0.999971  1.000000  0.000088  -0.000094  -0.000088  1.000000  0.000010  0.000094  -0.000010  1.000000  0.999912  0.010902  -0.007567  -0.010890  0.999939  0.001594  0.007584  -0.001511  0.999970  0.000141  0.010360  
132.328922 0.011933  0.100090  -0.017196  0.991192  0.091545  -0.095694  -0.090032  0.995738  0.020019  0.097118  -0.011227  0.995210  0.007459  0.001985  0.004793  0.040889  0.359755  0.403706  2.000000  0.999904  0.011315  -0.008027  -0.011302  0.999935  0.001631  0.008044  -0.001540  0.999966  0.999954  0.006234  -0.007287  -0.006231  0.999980  0.000478  0.007290  -0.000432  0.999973  1.000000  0.000078  -0.000091  -0.000078  1.000000  0.000006  0.000091  -0.000006  1.000000  0.999904  0.011315  -0.008027  -0.011302  0.999935  0.001631  0.008044  -0.001540  0.999966  0.000136  0.009601  
132.330170 0.011938  0.100090  -0.017188  0.991179  0.091535  -0.095837  -0.090031  0.995740  0.019910  0.097251  -0.011106  0.995198  0.007169  0.001873  0.004994  0.034373  0.351098  0.376018  2.000000  0.999896  0.011684  -0.008474  -0.011670  0.999931  0.001660  0.008492  -0.001561  0.999963  0.999960  0.005615  -0.007028  -0.005613  0.999984  0.000298  0.007029  -0.000259  0.999975  1.000000  0.000070  -0.000088  -0.000070  1.000000  0.000003  0.000088  -0.000003  1.000000  0.999896  0.011684  -0.008474  -0.011670  0.999931  0.001660  0.008492  -0.001561  0.999963  0.000130  0.008999  
132.331420 0.011943  0.100090  -0.017180  0.991153  0.091526  -0.096114  -0.090028  0.995742  0.019813  0.097518  -0.010985  0.995173  0.006855  0.001809  0.005178  0.028250  0.348501  0.352436  2.000000  0.999890  0.011946  -0.008820  -0.011932  0.999927  0.001667  0.008839  -0.001562  0.999960  0.999964  0.004997  -0.006902  -0.004997  0.999988  -0.000003  0.006901  0.000038  0.999976  1.000000  0.000062  -0.000086  -0.000062  1.000000  -0.000000  0.000086  0.000000  1.000000  0.999890  0.011946  -0.008820  -0.011932  0.999927  0.001667  0.008839  -0.001562  0.999960  0.000125  0.008521  
132.332421 0.011947  0.100091  -0.017173  0.991127  0.091517  -0.096390  -0.090026  0.995744  0.019717  0.097784  -0.010864  0.995148  0.006528  0.001757  0.005362  0.021961  0.347223  0.327719  2.000000  0.999884  0.012183  -0.009159  -0.012168  0.999925  0.001669  0.009178  -0.001557  0.999957  0.999967  0.004584  -0.006639  -0.004584  0.999989  -0.000043  0.006638  0.000073  0.999978  1.000000  0.000057  -0.000083  -0.000057  1.000000  -0.000001  0.000083  0.000001  1.000000  0.999884  0.012183  -0.009159  -0.012168  0.999925  0.001669  0.009178  -0.001557  0.999957  0.000121  0.008068  
132.333670 0.011952  0.100092  -0.017164  0.991101  0.091508  -0.096666  -0.090024  0.995746  0.019620  0.098050  -0.010743  0.995123  0.006168  0.001679  0.005593  0.016566  0.340026  0.311230  2.000000  0.999877  0.012439  -0.009569  -0.012423  0.999921  0.001657  0.009589  -0.001538  0.999953  0.999972  0.003761  -0.006515  -0.003764  0.999993  -0.000364  0.006513  0.000389  0.999979  1.000000  0.000047  -0.000081  -0.000047  1.000000  -0.000005  0.000081  0.000005  1.000000  0.999877  0.012439  -0.009569  -0.012423  0.999921  0.001657  0.009589  -0.001538  0.999953  0.000116  0.007532  
132.334922 0.011956  0.100094  -0.017156  0.991094  0.091306  -0.096935  -0.089817  0.995765  0.019624  0.098317  -0.010743  0.995097  0.005738  0.001594  0.005811  0.009524  0.334263  0.279318  2.000000  0.999870  0.012645  -0.009960  -0.012630  0.999919  0.001628  0.009980  -0.001502  0.999949  0.999976  0.002938  -0.006257  -0.002941  0.999996  -0.000566  0.006255  0.000584  0.999980  1.000000  0.000037  -0.000078  -0.000037  1.000000  -0.000007  0.000078  0.000007  1.000000  0.999870  0.012645  -0.009960  -0.012630  0.999919  0.001628  0.009980  -0.001502  0.999949  0.000110  0.006936  
132.335923 0.011960  0.100095  -0.017149  0.991086  0.091092  -0.097216  -0.089611  0.995786  0.019507  0.098583  -0.010622  0.995072  0.005480  0.001571  0.005961  0.002922  0.327378  0.249616  2.000000  0.999866  0.012779  -0.010257  -0.012763  0.999917  0.001597  0.010276  -0.001466  0.999946  0.999980  0.002521  -0.005726  -0.002525  0.999997  -0.000727  0.005725  0.000741  0.999983  1.000000  0.000032  -0.000072  -0.000032  1.000000  -0.000009  0.000072  0.000009  1.000000  0.999866  0.012779  -0.010257  -0.012763  0.999917  0.001597  0.010276  -0.001466  0.999946  0.000105  0.006300  
132.336930 0.011963  0.100096  -0.017144  0.991073  0.091082  -0.097359  -0.089610  0.995788  0.019399  0.098716  -0.010501  0.995060  0.005091  0.001430  0.006084  -0.003663  0.321274  0.223905  2.000000  0.999861  0.012879  -0.010542  -0.012863  0.999916  0.001562  0.010561  -0.001426  0.999943  0.999983  0.001904  -0.005600  -0.001908  0.999998  -0.000787  0.005598  0.000798  0.999984  1.000000  0.000024  -0.000070  -0.000024  1.000000  -0.000010  0.000070  0.000010  1.000000  0.999861  0.012879  -0.010542  -0.012863  0.999916  0.001562  0.010561  -0.001426  0.999943  0.000100  0.005967  
132.338171 0.011967  0.100098  -0.017137  0.991060  0.091071  -0.097503  -0.089608  0.995790  0.019290  0.098849  -0.010380  0.995048  0.004771  0.001349  0.006142  -0.013603  0.310046  0.201541  2.000000  0.999857  0.012963  -0.010818  -0.012948  0.999915  0.001525  0.010837  -0.001384  0.999940  0.999984  0.001493  -0.005470  -0.001497  0.999999  -0.000828  0.005469  0.000836  0.999985  1.000000  0.000019  -0.000068  -0.000019  1.000000  -0.000010  0.000068  0.000010  1.000000  0.999857  0.012963  -0.010818  -0.012948  0.999915  0.001525  0.010837  -0.001384  0.999940  0.000093  0.005731  
132.339208 0.011970  0.100100  -0.017131  0.991065  0.090868  -0.097640  -0.089403  0.995809  0.019282  0.098982  -0.010380  0.995035  0.004344  0.001219  0.006186  -0.016246  0.299084  0.175303  2.000000  0.999854  0.013027  -0.011084  -0.013012  0.999914  0.001480  0.011102  -0.001335  0.999937  0.999986  0.001079  -0.005207  -0.001084  0.999999  -0.000990  0.005206  0.000995  0.999986  1.000000  0.000014  -0.000065  -0.000014  1.000000  -0.000012  0.000065  0.000012  1.000000  0.999854  0.013027  -0.011084  -0.013012  0.999914  0.001480  0.011102  -0.001335  0.999937  0.000088  0.005410  
132.340420 0.011973  0.100102  -0.017126  0.991052  0.090857  -0.097783  -0.089402  0.995811  0.019173  0.099116  -0.010259  0.995023  0.004016  0.001207  0.006133  -0.026123  0.288251  0.153455  2.000000  0.999851  0.013057  -0.011276  -0.013042  0.999914  0.001442  0.011294  -0.001295  0.999935  0.999988  0.000666  -0.004944  -0.000672  0.999999  -0.001152  0.004943  0.001155  0.999987  1.000000  0.000000  0.000000  0.000000  1.000000  0.000000  0.000000  0.000000  1.000000  0.999851  0.013057  -0.011276  -0.013042  0.999914  0.001442  0.011294  -0.001295  0.999935  0.000084  0.000000  
132.341423 0.011974  0.100103  -0.017121  0.991057  0.090642  -0.097931  -0.089197  0.995832  0.019044  0.099249  -0.010138  0.995011  0.003693  0.001097  0.006034  -0.032734  0.279629  0.126008  2.000000  0.999851  0.013057  -0.011276  -0.013042  0.999914  0.001442  0.011294  -0.001295  0.999935  0.999988  0.000050  -0.004816  -0.000056  0.999999  -0.001213  0.004816  0.001213  0.999988  1.000000  0.000000  0.000000  0.000000  1.000000  0.000000  0.000000  0.000000  1.000000  0.999851  0.013057  -0.011276  -0.013042  0.999914  0.001442  0.011294  -0.001295  0.999935  0.000079  0.000000  
132.342424 0.011975  0.100104  -0.017116  0.991044  0.090643  -0.098063  -0.089196  0.995832  0.019056  0.099382  -0.010138  0.994998  0.003311  0.001065  0.005952  -0.039022  0.268679  0.106258  2.000000  0.999851  0.013057  -0.011276  -0.013042  0.999914  0.001442  0.011294  -0.001295  0.999935  0.999990  -0.000160  -0.004417  0.000154  0.999999  -0.001355  0.004417  0.001354  0.999989  1.000000  0.000000  0.000000  0.000000  1.000000  0.000000  0.000000  0.000000  1.000000  0.999851  0.013057  -0.011276  -0.013042  0.999914  0.001442  0.011294  -0.001295  0.999935  0.000073  0.000000  
132.343429 0.011976  0.100105  -0.017112  0.991062  0.090426  -0.098078  -0.088992  0.995853  0.018915  0.099382  -0.010018  0.994999  0.002999  0.001051  0.005768  -0.045715  0.250978  0.078489  2.000000  0.999851  0.013057  -0.011276  -0.013042  0.999914  0.001442  0.011294  -0.001295  0.999935  0.999991  -0.000573  -0.004154  0.000567  0.999999  -0.001517  0.004155  0.001514  0.999990  1.000000  0.000000  0.000000  0.000000  1.000000  0.000000  0.000000  0.000000  1.000000  0.999851  0.013057  -0.011276  -0.013042  0.999914  0.001442  0.011294  -0.001295  0.999935  0.000069  0.000000  
132.344675 0.011977  0.100106  -0.017107  0.991049  0.090416  -0.098222  -0.088990  0.995855  0.018806  0.099515  -0.009897  0.994987  0.002707  0.001115  0.005555  -0.051161  0.237950  0.064636  2.000000  0.999851  0.013057  -0.011276  -0.013042  0.999914  0.001442  0.011294  -0.001295  0.999935  0.999992  -0.000781  -0.003888  0.000775  0.999999  -0.001537  0.003889  0.001534  0.999991  1.000000  0.000000  0.000000  0.000000  1.000000  0.000000  0.000000  0.000000  1.000000  0.999851  0.013057  -0.011276  -0.013042  0.999914  0.001442  0.011294  -0.001295  0.999935  0.000065  0.000000  
132.345922 0.011978  0.100108  -0.017102  0.991054  0.090212  -0.098358  -0.088785  0.995873  0.018798  0.099648  -0.009897  0.994974  0.002423  0.001235  0.005392  -0.053747  0.224482  0.036864  2.000000  0.999851  0.013057  -0.011276  -0.013042  0.999914  0.001442  0.011294  -0.001295  0.999935  0.999992  -0.000987  -0.003756  0.000981  0.999998  -0.001558  0.003758  0.001554  0.999992  1.000000  0.000000  0.000000  0.000000  1.000000  0.000000  0.000000  0.000000  1.000000  0.999851  0.013057  -0.011276  -0.013042  0.999914  0.001442  0.011294  -0.001295  0.999935  0.000060  0.000000  
132.347172 0.011979  0.100110  -0.017097  0.991040  0.090201  -0.098502  -0.088784  0.995876  0.018689  0.099781  -0.009776  0.994961  0.002223  0.001331  0.005153  -0.055072  0.215628  0.022964  2.000000  0.999851  0.013057  -0.011276  -0.013042  0.999914  0.001442  0.011294  -0.001295  0.999935  0.999993  -0.001195  -0.003491  0.001189  0.999998  -0.001700  0.003493  0.001696  0.999992  1.000000  0.000000  0.000000  0.000000  1.000000  0.000000  0.000000  0.000000  1.000000  0.999851  0.013057  -0.011276  -0.013042  0.999914  0.001442  0.011294  -0.001295  0.999935  0.000057  0.000000  
132.348418 0.011981  0.100114  -0.017091  0.991045  0.089986  -0.098649  -0.088579  0.995896  0.018559  0.099914  -0.009655  0.994949  0.002058  0.001474  0.005018  -0.059990  0.205096  0.009008  2.000000  0.999851  0.013057  -0.011276  -0.013042  0.999914  0.001442  0.011294  -0.001295  0.999935  0.999994  -0.001403  -0.003225  0.001397  0.999997  -0.001842  0.003227  0.001838  0.999993  1.000000  0.000000  0.000000  0.000000  1.000000  0.000000  0.000000  0.000000  1.000000  0.999851  0.013057  -0.011276  -0.013042  0.999914  0.001442  0.011294  -0.001295  0.999935  0.000055  0.000000  
132.349420 0.011984  0.100117  -0.017086  0.991045  0.089974  -0.098660  -0.088579  0.995899  0.018439  0.099914  -0.009534  0.994950  0.001952  0.001612  0.004938  -0.065367  0.191868  -0.004807  2.000000  0.999851  0.013057  -0.011276  -0.013042  0.999914  0.001442  0.011294  -0.001295  0.999935  0.999995  -0.001406  -0.002957  0.001401  0.999998  -0.001721  0.002960  0.001717  0.999994  1.000000  0.000000  0.000000  0.000000  1.000000  0.000000  0.000000  0.000000  1.000000  0.999851  0.013057  -0.011276  -0.013042  0.999914  0.001442  0.011294  -0.001295  0.999935  0.000051  0.000000  
132.350420 0.011986  0.100120  -0.017081  0.991050  0.089770  -0.098796  -0.088373  0.995917  0.018430  0.100048  -0.009534  0.994937  0.001876  0.001722  0.004791  -0.067940  0.184704  -0.025605  2.000000  0.999851  0.013057  -0.011276  -0.013042  0.999914  0.001442  0.011294  -0.001295  0.999935  0.999994  -0.001611  -0.002959  0.001605  0.999997  -0.001863  0.002962  0.001858  0.999994  1.000000  0.000000  0.000000  0.000000  1.000000  0.000000  0.000000  0.000000  1.000000  0.999851  0.013057  -0.011276  -0.013042  0.999914  0.001442  0.011294  -0.001295  0.999935  0.000050  0.000000  
132.351424 0.011989  0.100123  -0.017076  0.991037  0.089759  -0.098940  -0.088372  0.995919  0.018321  0.100181  -0.009413  0.994925  0.001781  0.001837  0.004720  -0.073364  0.180327  -0.039434  2.000000  0.999851  0.013057  -0.011276  -0.013042  0.999914  0.001442  0.011294  -0.001295  0.999935  0.999995  -0.001612  -0.002825  0.001607  0.999997  -0.001863  0.002828  0.001859  0.999994  1.000000  0.000000  0.000000  0.000000  1.000000  0.000000  0.000000  0.000000  1.000000  0.999851  0.013057  -0.011276  -0.013042  0.999914  0.001442  0.011294  -0.001295  0.999935  0.000050  0.000000  
132.352673 0.011992  0.100128  -0.017070  0.991024  0.089760  -0.099073  -0.088371  0.995919  0.018333  0.100314  -0.009413  0.994911  0.001765  0.002007  0.004616  -0.073388  0.171364  -0.039534  2.000000  0.999851  0.013057  -0.011276  -0.013042  0.999914  0.001442  0.011294  -0.001295  0.999935  0.999995  -0.001615  -0.002557  0.001611  0.999997  -0.001742  0.002560  0.001738  0.999995  1.000000  0.000000  0.000000  0.000000  1.000000  0.000000  0.000000  0.000000  1.000000  0.999851  0.013057  -0.011276  -0.013042  0.999914  0.001442  0.011294  -0.001295  0.999935  0.000047  0.000000  
132.353923 0.011997  0.100133  -0.017065  0.991042  0.089543  -0.099087  -0.088167  0.995940  0.018192  0.100314  -0.009293  0.994912  0.001830  0.002210  0.004524  0.000000  0.000000  0.000000  2.000000  0.999851  0.013057  -0.011276  -0.013042  0.999914  0.001442  0.011294  -0.001295  0.999935  0.999996  -0.001616  -0.002423  0.001612  0.999997  -0.001742  0.002426  0.001738  0.999996  1.000000  0.000000  0.000000  0.000000  1.000000  0.000000  0.000000  0.000000  1.000000  0.999851  0.013057  -0.011276  -0.013042  0.999914  0.001442  0.011294  -0.001295  0.999935  0.000000  0.000000  
132.355169 0.012001  0.100137  -0.017060  0.991028  0.089533  -0.099231  -0.088166  0.995942  0.018083  0.100447  -0.009172  0.994900  0.001865  0.002361  0.004457  0.000000  0.000000  0.000000  2.000000  0.999851  0.013057  -0.011276  -0.013042  0.999914  0.001442  0.011294  -0.001295  0.999935  0.999996  -0.001618  -0.002289  0.001614  0.999997  -0.001742  0.002292  0.001739  0.999996  1.000000  0.000000  0.000000  0.000000  1.000000  0.000000  0.000000  0.000000  1.000000  0.999851  0.013057  -0.011276  -0.013042  0.999914  0.001442  0.011294  -0.001295  0.999935  0.000000  0.000000  
132.356199 0.012004  0.100141  -0.017055  0.991015  0.089534  -0.099363  -0.088165  0.995942  0.018095  0.100580  -0.009172  0.994887  0.002022  0.002559  0.004477  0.000000  0.000000  0.000000  2.000000  0.999851  0.013057  -0.011276  -0.013042  0.999914  0.001442  0.011294  -0.001295  0.999935  0.999996  -0.001619  -0.002156  0.001616  0.999997  -0.001621  0.002158  0.001618  0.999996  1.000000  0.000000  0.000000  0.000000  1.000000  0.000000  0.000000  0.000000  1.000000  0.999851  0.013057  -0.011276  -0.013042  0.999914  0.001442  0.011294  -0.001295  0.999935  0.000000  0.000000  
132.357423 0.012009  0.100145  -0.017050  0.991015  0.089522  -0.099374  -0.088165  0.995944  0.017974  0.100580  -0.009051  0.994888  0.002229  0.002722  0.004445  0.000000  0.000000  0.000000  2.000000  0.999851  0.013057  -0.011276  -0.013042  0.999914  0.001442  0.011294  -0.001295  0.999935  0.999997  -0.001416  -0.002020  0.001412  0.999998  -0.001722  0.002022  0.001719  0.999996  1.000000  0.000000  0.000000  0.000000  1.000000  0.000000  0.000000  0.000000  1.000000  0.999851  0.013057  -0.011276  -0.013042  0.999914  0.001442  0.011294  -0.001295  0.999935  0.000000  0.000000  
132.358424 0.012013  0.100149  -0.017046  0.991015  0.089522  -0.099374  -0.088165  0.995944  0.017974  0.100580  -0.009051  0.994888  0.002438  0.002916  0.004413  0.000000  0.000000  0.000000  2.000000  0.999851  0.013057  -0.011276  -0.013042  0.999914  0.001442  0.011294  -0.001295  0.999935  0.999997  -0.001418  -0.001752  0.001415  0.999998  -0.001601  0.001755  0.001598  0.999997  1.000000  0.000000  0.000000  0.000000  1.000000  0.000000  0.000000  0.000000  1.000000  0.999851  0.013057  -0.011276  -0.013042  0.999914  0.001442  0.011294  -0.001295  0.999935  0.000000  0.000000  
132.359670 0.012018  0.100154  -0.017042  0.991033  0.089317  -0.099378  -0.087961  0.995962  0.017953  0.100580  -0.009051  0.994888  0.002715  0.003167  0.004385  0.000000  0.000000  0.000000  2.000000  0.999851  0.013057  -0.011276  -0.013042  0.999914  0.001442  0.011294  -0.001295  0.999935  0.999998  -0.001419  -0.001618  0.001417  0.999998  -0.001479  0.001621  0.001477  0.999998  1.000000  0.000000  0.000000  0.000000  1.000000  0.000000  0.000000  0.000000  1.000000  0.999851  0.013057  -0.011276  -0.013042  0.999914  0.001442  0.011294  -0.001295  0.999935  0.000000  0.000000  
132.360670 0.012022  0.100158  -0.017039  0.991020  0.089306  -0.099521  -0.087959  0.995964  0.017844  0.100713  -0.008930  0.994875  0.003024  0.003384  0.004277  0.000000  0.000000  0.000000  2.000000  0.999851  0.013057  -0.011276  -0.013042  0.999914  0.001442  0.011294  -0.001295  0.999935  0.999998  -0.001420  -0.001618  0.001417  0.999998  -0.001479  0.001620  0.001477  0.999998  1.000000  0.000000  0.000000  0.000000  1.000000  0.000000  0.000000  0.000000  1.000000  0.999851  0.013057  -0.011276  -0.013042  0.999914  0.001442  0.011294  -0.001295  0.999935  0.000000  0.000000  
132.361921 0.012028  0.100164  -0.017035  0.991020  0.089306  -0.099521  -0.087959  0.995964  0.017844  0.100713  -0.008930  0.994875  0.003326  0.003613  0.004218  0.000000  0.000000  0.000000  2.000000  0.999851  0.013057  -0.011276  -0.013042  0.999914  0.001442  0.011294  -0.001295  0.999935  0.999998  -0.001216  -0.001483  0.001214  0.999998  -0.001459  0.001484  0.001457  0.999998  1.000000  0.000000  0.000000  0.000000  1.000000  0.000000  0.000000  0.000000  1.000000  0.999851  0.013057  -0.011276  -0.013042  0.999914  0.001442  0.011294  -0.001295  0.999935  0.000000  0.000000  
132.362923 0.012034  0.100169  -0.017031  0.991020  0.089306  -0.099521  -0.087959  0.995964  0.017844  0.100713  -0.008930  0.994875  0.003559  0.003780  0.004127  0.000000  0.000000  0.000000  2.000000  0.999851  0.013057  -0.011276  -0.013042  0.999914  0.001442  0.011294  -0.001295  0.999935  0.999998  -0.001216  -0.001483  0.001214  0.999998  -0.001337  0.001484  0.001336  0.999998  1.000000  0.000000  0.000000  0.000000  1.000000  0.000000  0.000000  0.000000  1.000000  0.999851  0.013057  -0.011276  -0.013042  0.999914  0.001442  0.011294  -0.001295  0.999935  0.000000  0.000000  
132.364170 0.012041  0.100176  -0.017027  0.991020  0.089306  -0.099521  -0.087959  0.995964  0.017844  0.100713  -0.008930  0.994875  0.003877  0.004001  0.003993  0.000000  0.000000  0.000000  2.000000  0.999851  0.013057  -0.011276  -0.013042  0.999914  0.001442  0.011294  -0.001295  0.999935  0.999999  -0.001012  -0.001347  0.001011  0.999999  -0.001195  0.001348  0.001194  0.999998  1.000000  0.000000  0.000000  0.000000  1.000000  0.000000  0.000000  0.000000  1.000000  0.999851  0.013057  -0.011276  -0.013042  0.999914  0.001442  0.011294  -0.001295  0.999935  0.000000  0.000000  
132.365170 0.012048  0.100182  -0.017024  0.991006  0.089319  -0.099643  -0.087958  0.995962  0.017977  0.100846  -0.009051  0.994861  0.004145  0.004218  0.003867  0.000000  0.000000  0.000000  2.000000  0.999851  0.013057  -0.011276  -0.013042  0.999914  0.001442  0.011294  -0.001295  0.999935  0.999999  -0.001012  -0.001347  0.001011  0.999999  -0.001074  0.001348  0.001073  0.999999  1.000000  0.000000  0.000000  0.000000  1.000000  0.000000  0.000000  0.000000  1.000000  0.999851  0.013057  -0.011276  -0.013042  0.999914  0.001442  0.011294  -0.001295  0.999935  0.000000  0.000000  
