1-Time 2-Px 3-Py 4-Pz 5-R11 6-R21 7-R31 8-R12 9-R22 10-R32 11-R13 12-R23 13-R33 14-Vx 15-Vy 16-Vz 17-Wx 18-Wy 19-Wz 20-state 21-PR11 22-PR21 23-PR31 24-PR12 25-PR22 26-PR32 27-PR13 28-PR23 29-PR33 
33.956150 0.003728  0.090246  -0.007091  0.999572  0.029257  -0.000748  -0.029229  0.999266  0.024775  0.001472  -0.024742  0.999693  -0.000224  -0.000095  -0.000250  0.000000  0.000000  0.000000  2.000000  1.000000  0.000000  0.000000  0.000000  1.000000  0.000000  0.000000  0.000000  1.000000  1.000000  -0.000199  -0.000273  0.000199  1.000000  -0.000000  0.000273  0.000000  1.000000  1.000000  0.000000  0.000000  0.000000  1.000000  0.000000  0.000000  0.000000  1.000000  0.624693  0.582149  -0.520443  -0.492829  0.810910  0.315507  0.605705  0.059394  0.793470  0.000000  0.000000  
33.957154 0.003727  0.090246  -0.007092  0.999571  0.029260  -0.000881  -0.029229  0.999266  0.024778  0.001606  -0.024742  0.999693  -0.000247  -0.000146  -0.000260  0.000000  0.000000  0.000000  2.000000  1.000000  0.000000  0.000000  0.000000  1.000000  0.000000  0.000000  0.000000  1.000000  1.000000  -0.000199  -0.000273  0.000199  1.000000  -0.000000  0.000273  0.000000  1.000000  1.000000  0.000000  0.000000  0.000000  1.000000  0.000000  0.000000  0.000000  1.000000  1.000000  0.000000  0.000000  0.000000  1.000000  0.000000  0.000000  0.000000  1.000000  0.000000  0.000000  
33.958155 0.003727  0.090244  -0.007093  0.999565  0.029466  -0.000873  -0.029435  0.999257  0.024900  0.001606  -0.024863  0.999690  -0.000241  -0.000249  -0.000284  0.000000  0.000000  0.000000  2.000000  1.000000  0.000000  0.000000  0.000000  1.000000  0.000000  0.000000  0.000000  1.000000  1.000000  0.000010  -0.000401  -0.000010  1.000000  0.000000  0.000401  0.000000  1.000000  1.000000  0.000000  0.000000  0.000000  1.000000  0.000000  0.000000  0.000000  1.000000  1.000000  0.000000  0.000000  0.000000  1.000000  0.000000  0.000000  0.000000  1.000000  0.000000  0.000000  
33.959161 0.003726  0.090241  -0.007093  0.999565  0.029466  -0.000873  -0.029435  0.999257  0.024900  0.001606  -0.024863  0.999690  -0.000290  -0.000428  -0.000337  0.000000  0.000000  0.000000  2.000000  1.000000  0.000000  0.000000  0.000000  1.000000  0.000000  0.000000  0.000000  1.000000  1.000000  0.000010  -0.000401  -0.000010  1.000000  0.000121  0.000401  -0.000121  1.000000  1.000000  0.000000  0.000000  0.000000  1.000000  0.000000  0.000000  0.000000  1.000000  1.000000  0.000000  0.000000  0.000000  1.000000  0.000000  0.000000  0.000000  1.000000  0.000000  0.000000  
33.960408 0.003725  0.090237  -0.007095  0.999559  0.029672  -0.000864  -0.029641  0.999247  0.025021  0.001606  -0.024985  0.999687  -0.000303  -0.000684  -0.000395  0.000000  0.000000  0.000000  2.000000  1.000000  0.000000  0.000000  0.000000  1.000000  0.000000  0.000000  0.000000  1.000000  1.000000  0.000216  -0.000396  -0.000216  1.000000  0.000122  0.000396  -0.000122  1.000000  1.000000  0.000000  0.000000  0.000000  1.000000  0.000000  0.000000  0.000000  1.000000  1.000000  0.000000  0.000000  0.000000  1.000000  0.000000  0.000000  0.000000  1.000000  0.000000  0.000000  
33.961658 0.003725  0.090233  -0.007095  0.999559  0.029672  -0.000864  -0.029641  0.999247  0.025021  0.001606  -0.024985  0.999687  -0.000307  -0.000964  -0.000442  0.000000  0.000000  0.000000  2.000000  1.000000  0.000000  0.000000  0.000000  1.000000  0.000000  0.000000  0.000000  1.000000  1.000000  0.000216  -0.000396  -0.000216  1.000000  0.000243  0.000396  -0.000243  1.000000  1.000000  0.000000  0.000000  0.000000  1.000000  0.000000  0.000000  0.000000  1.000000  1.000000  0.000000  0.000000  0.000000  1.000000  0.000000  0.000000  0.000000  1.000000  0.000000  0.000000  
33.962661 0.003725  0.090229  -0.007096  0.999553  0.029881  -0.000989  -0.029847  0.999238  0.025147  0.001739  -0.025106  0.999683  -0.000288  -0.001193  -0.000480  0.000000  0.000000  0.000000  2.000000  1.000000  0.000000  0.000000  0.000000  1.000000  0.000000  0.000000  0.000000  1.000000  1.000000  0.000213  -0.000262  -0.000212  1.000000  0.000364  0.000262  -0.000364  1.000000  1.000000  0.000000  0.000000  0.000000  1.000000  0.000000  0.000000  0.000000  1.000000  1.000000  0.000000  0.000000  0.000000  1.000000  0.000000  0.000000  0.000000  1.000000  0.000000  0.000000  
33.963909 0.003725  0.090226  -0.007097  0.999553  0.029881  -0.000985  -0.029847  0.999235  0.025268  0.001739  -0.025227  0.999680  -0.000293  -0.001473  -0.000527  0.000000  0.000000  0.000000  2.000000  1.000000  0.000000  0.000000  0.000000  1.000000  0.000000  0.000000  0.000000  1.000000  1.000000  0.000422  -0.000391  -0.000422  1.000000  0.000486  0.000391  -0.000486  1.000000  1.000000  0.000000  0.000000  0.000000  1.000000  0.000000  0.000000  0.000000  1.000000  1.000000  0.000000  0.000000  0.000000  1.000000  0.000000  0.000000  0.000000  1.000000  0.000000  0.000000  
33.965154 0.003725  0.090222  -0.007097  0.999547  0.030090  -0.001114  -0.030053  0.999229  0.025272  0.001873  -0.025227  0.999680  -0.000248  -0.001698  -0.000500  0.000000  0.000000  0.000000  2.000000  1.000000  0.000000  0.000000  0.000000  1.000000  0.000000  0.000000  0.000000  1.000000  1.000000  0.000631  -0.000519  -0.000631  1.000000  0.000486  0.000520  -0.000486  1.000000  1.000000  0.000000  0.000000  0.000000  1.000000  0.000000  0.000000  0.000000  1.000000  1.000000  0.000000  0.000000  0.000000  1.000000  0.000000  0.000000  0.000000  1.000000  0.000000  0.000000  
33.966159 0.003725  0.090219  -0.007097  0.999540  0.030296  -0.001105  -0.030258  0.999219  0.025393  0.001873  -0.025348  0.999677  -0.000242  -0.001922  -0.000503  0.000000  0.000000  0.000000  2.000000  1.000000  0.000000  0.000000  0.000000  1.000000  0.000000  0.000000  0.000000  1.000000  1.000000  0.000837  -0.000514  -0.000836  0.999999  0.000608  0.000515  -0.000608  1.000000  1.000000  0.000000  0.000000  0.000000  1.000000  0.000000  0.000000  0.000000  1.000000  1.000000  0.000000  0.000000  0.000000  1.000000  0.000000  0.000000  0.000000  1.000000  0.000000  0.000000  
33.967405 0.003725  0.090215  -0.007099  0.999534  0.030502  -0.001099  -0.030464  0.999213  0.025394  0.001873  -0.025348  0.999677  -0.000211  -0.002156  -0.000576  0.000000  0.000000  0.000000  2.000000  1.000000  0.000000  0.000000  0.000000  1.000000  0.000000  0.000000  0.000000  1.000000  0.999999  0.001043  -0.000509  -0.001042  0.999999  0.000608  0.000510  -0.000608  1.000000  1.000000  0.000000  0.000000  0.000000  1.000000  0.000000  0.000000  0.000000  1.000000  1.000000  0.000000  0.000000  0.000000  1.000000  0.000000  0.000000  0.000000  1.000000  0.000000  0.000000  
33.968659 0.003725  0.090211  -0.007099  0.999528  0.030708  -0.001094  -0.030670  0.999207  0.025394  0.001873  -0.025348  0.999677  -0.000205  -0.002381  -0.000579  0.000000  0.000000  0.000000  2.000000  1.000000  0.000000  0.000000  0.000000  1.000000  0.000000  0.000000  0.000000  1.000000  0.999999  0.001248  -0.000504  -0.001248  0.999999  0.000609  0.000504  -0.000608  1.000000  1.000000  0.000000  0.000000  0.000000  1.000000  0.000000  0.000000  0.000000  1.000000  1.000000  0.000000  0.000000  0.000000  1.000000  0.000000  0.000000  0.000000  1.000000  0.000000  0.000000  
33.969902 0.003725  0.090208  -0.007099  0.999521  0.030913  -0.001085  -0.030876  0.999198  0.025515  0.001873  -0.025470  0.999674  -0.000168  -0.002582  -0.000562  0.000000  0.000000  0.000000  2.000000  1.000000  0.000000  0.000000  0.000000  1.000000  0.000000  0.000000  0.000000  1.000000  0.999999  0.001454  -0.000498  -0.001454  0.999999  0.000609  0.000499  -0.000608  1.000000  1.000000  0.000000  0.000000  0.000000  1.000000  0.000000  0.000000  0.000000  1.000000  1.000000  0.000000  0.000000  0.000000  1.000000  0.000000  0.000000  0.000000  1.000000  0.000000  0.000000  
33.971153 0.003725  0.090204  -0.007099  0.999515  0.031123  -0.001214  -0.031081  0.999191  0.025520  0.002007  -0.025470  0.999674  -0.000178  -0.002885  -0.000565  0.000000  0.000000  0.000000  2.000000  1.000000  0.000000  0.000000  0.000000  1.000000  0.000000  0.000000  0.000000  1.000000  0.999998  0.001866  -0.000488  -0.001866  0.999998  0.000731  0.000489  -0.000731  1.000000  1.000000  0.000000  0.000000  0.000000  1.000000  0.000000  0.000000  0.000000  1.000000  1.000000  0.000000  0.000000  0.000000  1.000000  0.000000  0.000000  0.000000  1.000000  0.000000  0.000000  
33.972154 0.003724  0.090200  -0.007100  0.999508  0.031328  -0.001208  -0.031287  0.999185  0.025520  0.002007  -0.025470  0.999674  -0.000206  -0.003078  -0.000508  0.000000  0.000000  0.000000  2.000000  1.000000  0.000000  0.000000  0.000000  1.000000  0.000000  0.000000  0.000000  1.000000  0.999998  0.002072  -0.000483  -0.002071  0.999998  0.000732  0.000484  -0.000731  1.000000  1.000000  0.000000  0.000000  0.000000  1.000000  0.000000  0.000000  0.000000  1.000000  1.000000  0.000000  0.000000  0.000000  1.000000  0.000000  0.000000  0.000000  1.000000  0.000000  0.000000  
33.973404 0.003723  0.090194  -0.007100  0.999502  0.031534  -0.001203  -0.031493  0.999178  0.025520  0.002007  -0.025470  0.999674  -0.000213  -0.003301  -0.000477  0.000000  0.000000  0.000000  2.000000  1.000000  0.000000  0.000000  0.000000  1.000000  0.000000  0.000000  0.000000  1.000000  0.999997  0.002277  -0.000477  -0.002277  0.999997  0.000732  0.000479  -0.000731  1.000000  1.000000  0.000000  0.000000  0.000000  1.000000  0.000000  0.000000  0.000000  1.000000  1.000000  0.000000  0.000000  0.000000  1.000000  0.000000  0.000000  0.000000  1.000000  0.000000  0.000000  
33.974656 0.003722  0.090188  -0.007100  0.999495  0.031743  -0.001328  -0.031699  0.999168  0.025646  0.002141  -0.025591  0.999670  -0.000224  -0.003465  -0.000366  0.000000  0.000000  0.000000  2.000000  1.000000  0.000000  0.000000  0.000000  1.000000  0.000000  0.000000  0.000000  1.000000  0.999997  0.002487  -0.000606  -0.002486  0.999997  0.000854  0.000608  -0.000853  0.999999  1.000000  0.000000  0.000000  0.000000  1.000000  0.000000  0.000000  0.000000  1.000000  1.000000  0.000000  0.000000  0.000000  1.000000  0.000000  0.000000  0.000000  1.000000  0.000000  0.000000  
33.975917 0.003720  0.090180  -0.007099  0.999489  0.031949  -0.001319  -0.031905  0.999159  0.025767  0.002141  -0.025712  0.999667  -0.000348  -0.003678  -0.000290  0.000000  0.000000  0.000000  2.000000  1.000000  0.000000  0.000000  0.000000  1.000000  0.000000  0.000000  0.000000  1.000000  0.999996  0.002693  -0.000600  -0.002692  0.999996  0.000976  0.000603  -0.000974  0.999999  1.000000  0.000000  0.000000  0.000000  1.000000  0.000000  0.000000  0.000000  1.000000  1.000000  0.000000  0.000000  0.000000  1.000000  0.000000  0.000000  0.000000  1.000000  0.000000  0.000000  
33.977158 0.003719  0.090173  -0.007099  0.999482  0.032158  -0.001443  -0.032110  0.999149  0.025893  0.002275  -0.025833  0.999664  -0.000409  -0.003934  -0.000239  0.000000  0.000000  0.000000  2.000000  1.000000  0.000000  0.000000  0.000000  1.000000  0.000000  0.000000  0.000000  1.000000  0.999996  0.002902  -0.000728  -0.002901  0.999995  0.001098  0.000731  -0.001096  0.999999  1.000000  0.000000  0.000000  0.000000  1.000000  0.000000  0.000000  0.000000  1.000000  1.000000  0.000000  0.000000  0.000000  1.000000  0.000000  0.000000  0.000000  1.000000  0.000000  0.000000  
33.978411 0.003719  0.090165  -0.007099  0.999475  0.032364  -0.001434  -0.032316  0.999139  0.026015  0.002275  -0.025955  0.999661  -0.000451  -0.004168  -0.000197  0.000000  0.000000  0.000000  2.000000  1.000000  0.000000  0.000000  0.000000  1.000000  0.000000  0.000000  0.000000  1.000000  0.999996  0.002899  -0.000594  -0.002898  0.999995  0.001219  0.000597  -0.001218  0.999999  1.000000  0.000000  0.000000  0.000000  1.000000  0.000000  0.000000  0.000000  1.000000  1.000000  0.000000  0.000000  0.000000  1.000000  0.000000  0.000000  0.000000  1.000000  0.000000  0.000000  
33.979657 0.003718  0.090157  -0.007100  0.999468  0.032570  -0.001425  -0.032522  0.999129  0.026136  0.002275  -0.026076  0.999657  -0.000490  -0.004419  -0.000185  0.000000  0.000000  0.000000  2.000000  1.000000  0.000000  0.000000  0.000000  1.000000  0.000000  0.000000  0.000000  1.000000  0.999995  0.003104  -0.000588  -0.003104  0.999994  0.001220  0.000592  -0.001218  0.999999  1.000000  0.000000  0.000000  0.000000  1.000000  0.000000  0.000000  0.000000  1.000000  1.000000  0.000000  0.000000  0.000000  1.000000  0.000000  0.000000  0.000000  1.000000  0.000000  0.000000  
33.980905 0.003717  0.090149  -0.007100  0.999461  0.032779  -0.001549  -0.032728  0.999119  0.026262  0.002408  -0.026197  0.999654  -0.000584  -0.004746  -0.000203  0.000000  0.000000  0.000000  2.000000  1.000000  0.000000  0.000000  0.000000  1.000000  0.000000  0.000000  0.000000  1.000000  0.999995  0.003108  -0.000722  -0.003107  0.999994  0.001220  0.000725  -0.001218  0.999999  1.000000  0.000000  0.000000  0.000000  1.000000  0.000000  0.000000  0.000000  1.000000  1.000000  0.000000  0.000000  0.000000  1.000000  0.000000  0.000000  0.000000  1.000000  0.000000  0.000000  
33.981906 0.003717  0.090142  -0.007101  0.999461  0.032780  -0.001545  -0.032728  0.999116  0.026383  0.002408  -0.026318  0.999651  -0.000583  -0.004962  -0.000202  0.000000  0.000000  0.000000  2.000000  1.000000  0.000000  0.000000  0.000000  1.000000  0.000000  0.000000  0.000000  1.000000  0.999995  0.003108  -0.000722  -0.003107  0.999994  0.001220  0.000725  -0.001218  0.999999  1.000000  0.000000  0.000000  0.000000  1.000000  0.000000  0.000000  0.000000  1.000000  1.000000  0.000000  0.000000  0.000000  1.000000  0.000000  0.000000  0.000000  1.000000  0.000000  0.000000  
33.983156 0.003716  0.090134  -0.007103  0.999455  0.032986  -0.001535  -0.032933  0.999106  0.026505  0.002408  -0.026440  0.999648  -0.000606  -0.005301  -0.000263  0.000000  0.000000  0.000000  2.000000  1.000000  0.000000  0.000000  0.000000  1.000000  0.000000  0.000000  0.000000  1.000000  0.999995  0.003105  -0.000587  -0.003104  0.999994  0.001220  0.000591  -0.001218  0.999999  1.000000  0.000000  0.000000  0.000000  1.000000  0.000000  0.000000  0.000000  1.000000  1.000000  0.000000  0.000000  0.000000  1.000000  0.000000  0.000000  0.000000  1.000000  0.000000  0.000000  
33.984156 0.003716  0.090127  -0.007104  0.999448  0.033191  -0.001530  -0.033139  0.999099  0.026505  0.002408  -0.026440  0.999648  -0.000623  -0.005577  -0.000276  0.000000  0.000000  0.000000  2.000000  1.000000  0.000000  0.000000  0.000000  1.000000  0.000000  0.000000  0.000000  1.000000  0.999994  0.003310  -0.000582  -0.003310  0.999994  0.001221  0.000586  -0.001219  0.999999  1.000000  0.000000  0.000000  0.000000  1.000000  0.000000  0.000000  0.000000  1.000000  1.000000  0.000000  0.000000  0.000000  1.000000  0.000000  0.000000  0.000000  1.000000  0.000000  0.000000  
33.985403 0.003716  0.090119  -0.007104  0.999441  0.033401  -0.001654  -0.033345  0.999089  0.026631  0.002542  -0.026561  0.999644  -0.000641  -0.005814  -0.000327  0.000000  0.000000  0.000000  2.000000  1.000000  0.000000  0.000000  0.000000  1.000000  0.000000  0.000000  0.000000  1.000000  0.999994  0.003311  -0.000581  -0.003310  0.999994  0.001343  0.000586  -0.001341  0.999999  1.000000  0.000000  0.000000  0.000000  1.000000  0.000000  0.000000  0.000000  1.000000  1.000000  0.000000  0.000000  0.000000  1.000000  0.000000  0.000000  0.000000  1.000000  0.000000  0.000000  
33.986413 0.003715  0.090113  -0.007105  0.999441  0.033401  -0.001654  -0.033345  0.999089  0.026631  0.002542  -0.026561  0.999644  -0.000638  -0.006032  -0.000346  0.000000  0.000000  0.000000  2.000000  1.000000  0.000000  0.000000  0.000000  1.000000  0.000000  0.000000  0.000000  1.000000  0.999995  0.003105  -0.000587  -0.003104  0.999994  0.001221  0.000591  -0.001219  0.999999  1.000000  0.000000  0.000000  0.000000  1.000000  0.000000  0.000000  0.000000  1.000000  1.000000  0.000000  0.000000  0.000000  1.000000  0.000000  0.000000  0.000000  1.000000  0.000000  0.000000  
33.987655 0.003714  0.090105  -0.007104  0.999434  0.033606  -0.001649  -0.033551  0.999082  0.026631  0.002542  -0.026561  0.999644  -0.000622  -0.006207  -0.000304  0.000000  0.000000  0.000000  2.000000  1.000000  0.000000  0.000000  0.000000  1.000000  0.000000  0.000000  0.000000  1.000000  0.999995  0.003105  -0.000587  -0.003104  0.999994  0.001221  0.000591  -0.001219  0.999999  1.000000  0.000000  0.000000  0.000000  1.000000  0.000000  0.000000  0.000000  1.000000  1.000000  0.000000  0.000000  0.000000  1.000000  0.000000  0.000000  0.000000  1.000000  0.000000  0.000000  
33.988910 0.003714  0.090097  -0.007104  0.999434  0.033603  -0.001511  -0.033551  0.999079  0.026748  0.002408  -0.026682  0.999641  -0.000570  -0.006332  -0.000288  0.000000  0.000000  0.000000  2.000000  1.000000  0.000000  0.000000  0.000000  1.000000  0.000000  0.000000  0.000000  1.000000  0.999996  0.002895  -0.000458  -0.002895  0.999995  0.001341  0.000462  -0.001340  0.999999  1.000000  0.000000  0.000000  0.000000  1.000000  0.000000  0.000000  0.000000  1.000000  1.000000  0.000000  0.000000  0.000000  1.000000  0.000000  0.000000  0.000000  1.000000  0.000000  0.000000  
33.990154 0.003713  0.090088  -0.007103  0.999427  0.033809  -0.001505  -0.033756  0.999072  0.026748  0.002408  -0.026682  0.999641  -0.000525  -0.006427  -0.000266  0.000000  0.000000  0.000000  2.000000  1.000000  0.000000  0.000000  0.000000  1.000000  0.000000  0.000000  0.000000  1.000000  0.999996  0.002895  -0.000458  -0.002895  0.999995  0.001341  0.000462  -0.001340  0.999999  1.000000  0.000000  0.000000  0.000000  1.000000  0.000000  0.000000  0.000000  1.000000  1.000000  0.000000  0.000000  0.000000  1.000000  0.000000  0.000000  0.000000  1.000000  0.000000  0.000000  
33.991404 0.003713  0.090080  -0.007102  0.999427  0.033809  -0.001505  -0.033756  0.999072  0.026748  0.002408  -0.026682  0.999641  -0.000472  -0.006484  -0.000231  0.000000  0.000000  0.000000  2.000000  1.000000  0.000000  0.000000  0.000000  1.000000  0.000000  0.000000  0.000000  1.000000  0.999996  0.002686  -0.000330  -0.002686  0.999996  0.001219  0.000333  -0.001218  0.999999  1.000000  0.000000  0.000000  0.000000  1.000000  0.000000  0.000000  0.000000  1.000000  1.000000  0.000000  0.000000  0.000000  1.000000  0.000000  0.000000  0.000000  1.000000  0.000000  0.000000  
33.992408 0.003712  0.090074  -0.007102  0.999420  0.034015  -0.001496  -0.033962  0.999062  0.026870  0.002408  -0.026803  0.999638  -0.000477  -0.006493  -0.000172  0.000000  0.000000  0.000000  2.000000  1.000000  0.000000  0.000000  0.000000  1.000000  0.000000  0.000000  0.000000  1.000000  0.999996  0.002686  -0.000330  -0.002686  0.999995  0.001341  0.000333  -0.001340  0.999999  1.000000  0.000000  0.000000  0.000000  1.000000  0.000000  0.000000  0.000000  1.000000  1.000000  0.000000  0.000000  0.000000  1.000000  0.000000  0.000000  0.000000  1.000000  0.000000  0.000000  
33.993658 0.003711  0.090065  -0.007102  0.999420  0.034018  -0.001629  -0.033962  0.999062  0.026874  0.002542  -0.026803  0.999637  -0.000498  -0.006598  -0.000140  0.000000  0.000000  0.000000  2.000000  1.000000  0.000000  0.000000  0.000000  1.000000  0.000000  0.000000  0.000000  1.000000  0.999997  0.002484  -0.000469  -0.002483  0.999996  0.001340  0.000472  -0.001339  0.999999  1.000000  0.000000  0.000000  0.000000  1.000000  0.000000  0.000000  0.000000  1.000000  1.000000  0.000000  0.000000  0.000000  1.000000  0.000000  0.000000  0.000000  1.000000  0.000000  0.000000  
33.994908 0.003710  0.090056  -0.007101  0.999413  0.034224  -0.001620  -0.034168  0.999051  0.026996  0.002542  -0.026925  0.999634  -0.000472  -0.006593  -0.000075  0.000000  0.000000  0.000000  2.000000  1.000000  0.000000  0.000000  0.000000  1.000000  0.000000  0.000000  0.000000  1.000000  0.999997  0.002275  -0.000340  -0.002274  0.999997  0.001340  0.000343  -0.001339  0.999999  1.000000  0.000000  0.000000  0.000000  1.000000  0.000000  0.000000  0.000000  1.000000  1.000000  0.000000  0.000000  0.000000  1.000000  0.000000  0.000000  0.000000  1.000000  0.000000  0.000000  
33.995909 0.003710  0.090050  -0.007100  0.999413  0.034224  -0.001620  -0.034168  0.999051  0.026996  0.002542  -0.026925  0.999634  -0.000451  -0.006605  0.000035  0.000000  0.000000  0.000000  2.000000  1.000000  0.000000  0.000000  0.000000  1.000000  0.000000  0.000000  0.000000  1.000000  0.999997  0.002275  -0.000340  -0.002274  0.999997  0.001219  0.000343  -0.001218  0.999999  1.000000  0.000000  0.000000  0.000000  1.000000  0.000000  0.000000  0.000000  1.000000  1.000000  0.000000  0.000000  0.000000  1.000000  0.000000  0.000000  0.000000  1.000000  0.000000  0.000000  
33.997348 0.003710  0.090041  -0.007099  0.999413  0.034224  -0.001616  -0.034168  0.999048  0.027117  0.002542  -0.027046  0.999631  -0.000439  -0.006536  0.000178  0.000000  0.000000  0.000000  2.000000  1.000000  0.000000  0.000000  0.000000  1.000000  0.000000  0.000000  0.000000  1.000000  0.999997  0.002271  -0.000206  -0.002271  0.999997  0.001340  0.000209  -0.001339  0.999999  1.000000  0.000000  0.000000  0.000000  1.000000  0.000000  0.000000  0.000000  1.000000  1.000000  0.000000  0.000000  0.000000  1.000000  0.000000  0.000000  0.000000  1.000000  0.000000  0.000000  
33.998407 0.003709  0.090032  -0.007100  0.999406  0.034430  -0.001606  -0.034374  0.999038  0.027238  0.002542  -0.027167  0.999628  -0.000486  -0.006688  0.000251  0.000000  0.000000  0.000000  2.000000  1.000000  0.000000  0.000000  0.000000  1.000000  0.000000  0.000000  0.000000  1.000000  0.999997  0.002271  -0.000206  -0.002271  0.999997  0.001340  0.000209  -0.001339  0.999999  1.000000  0.000000  0.000000  0.000000  1.000000  0.000000  0.000000  0.000000  1.000000  1.000000  0.000000  0.000000  0.000000  1.000000  0.000000  0.000000  0.000000  1.000000  0.000000  0.000000  
33.999658 0.003708  0.090023  -0.007100  0.999406  0.034430  -0.001606  -0.034374  0.999038  0.027238  0.002542  -0.027167  0.999628  -0.000501  -0.006749  0.000258  0.000000  0.000000  0.000000  2.000000  1.000000  0.000000  0.000000  0.000000  1.000000  0.000000  0.000000  0.000000  1.000000  0.999998  0.002065  -0.000212  -0.002065  0.999997  0.001218  0.000214  -0.001218  0.999999  1.000000  0.000000  0.000000  0.000000  1.000000  0.000000  0.000000  0.000000  1.000000  1.000000  0.000000  0.000000  0.000000  1.000000  0.000000  0.000000  0.000000  1.000000  0.000000  0.000000  
34.000949 0.003707  0.090013  -0.007101  0.999406  0.034427  -0.001468  -0.034374  0.999035  0.027355  0.002408  -0.027288  0.999625  -0.000560  -0.006839  0.000266  0.000000  0.000000  0.000000  2.000000  1.000000  0.000000  0.000000  0.000000  1.000000  0.000000  0.000000  0.000000  1.000000  0.999998  0.001852  0.000051  -0.001852  0.999998  0.001217  -0.000048  -0.001217  0.999999  1.000000  0.000000  0.000000  0.000000  1.000000  0.000000  0.000000  0.000000  1.000000  1.000000  0.000000  0.000000  0.000000  1.000000  0.000000  0.000000  0.000000  1.000000  0.000000  0.000000  
34.002156 0.003706  0.090004  -0.007102  0.999399  0.034632  -0.001462  -0.034579  0.999028  0.027355  0.002408  -0.027288  0.999625  -0.000559  -0.006919  0.000188  0.000000  0.000000  0.000000  2.000000  1.000000  0.000000  0.000000  0.000000  1.000000  0.000000  0.000000  0.000000  1.000000  0.999998  0.001852  0.000051  -0.001852  0.999998  0.001096  -0.000049  -0.001096  0.999999  1.000000  0.000000  0.000000  0.000000  1.000000  0.000000  0.000000  0.000000  1.000000  1.000000  0.000000  0.000000  0.000000  1.000000  0.000000  0.000000  0.000000  1.000000  0.000000  0.000000  
34.003404 0.003705  0.089995  -0.007103  0.999399  0.034632  -0.001458  -0.034579  0.999024  0.027477  0.002408  -0.027410  0.999621  -0.000630  -0.007018  0.000113  0.000000  0.000000  0.000000  2.000000  1.000000  0.000000  0.000000  0.000000  1.000000  0.000000  0.000000  0.000000  1.000000  0.999999  0.001646  0.000045  -0.001646  0.999998  0.001096  -0.000043  -0.001096  0.999999  1.000000  0.000000  0.000000  0.000000  1.000000  0.000000  0.000000  0.000000  1.000000  1.000000  0.000000  0.000000  0.000000  1.000000  0.000000  0.000000  0.000000  1.000000  0.000000  0.000000  
34.004652 0.003704  0.089986  -0.007104  0.999392  0.034838  -0.001453  -0.034785  0.999017  0.027477  0.002408  -0.027410  0.999621  -0.000653  -0.007072  -0.000029  0.000000  0.000000  0.000000  2.000000  1.000000  0.000000  0.000000  0.000000  1.000000  0.000000  0.000000  0.000000  1.000000  0.999999  0.001646  0.000045  -0.001646  0.999998  0.000974  -0.000044  -0.000974  1.000000  1.000000  0.000000  0.000000  0.000000  1.000000  0.000000  0.000000  0.000000  1.000000  1.000000  0.000000  0.000000  0.000000  1.000000  0.000000  0.000000  0.000000  1.000000  0.000000  0.000000  
34.005659 0.003703  0.089979  -0.007105  0.999392  0.034838  -0.001453  -0.034785  0.999017  0.027477  0.002408  -0.027410  0.999621  -0.000656  -0.007102  -0.000174  0.000000  0.000000  0.000000  2.000000  1.000000  0.000000  0.000000  0.000000  1.000000  0.000000  0.000000  0.000000  1.000000  0.999999  0.001643  0.000179  -0.001643  0.999998  0.000974  -0.000177  -0.000975  1.000000  1.000000  0.000000  0.000000  0.000000  1.000000  0.000000  0.000000  0.000000  1.000000  1.000000  0.000000  0.000000  0.000000  1.000000  0.000000  0.000000  0.000000  1.000000  0.000000  0.000000  
34.006900 0.003702  0.089970  -0.007106  0.999385  0.035040  -0.001309  -0.034991  0.999007  0.027594  0.002275  -0.027531  0.999618  -0.000689  -0.007148  -0.000268  0.000000  0.000000  0.000000  2.000000  1.000000  0.000000  0.000000  0.000000  1.000000  0.000000  0.000000  0.000000  1.000000  0.999999  0.001639  0.000313  -0.001639  0.999998  0.000974  -0.000311  -0.000975  0.999999  1.000000  0.000000  0.000000  0.000000  1.000000  0.000000  0.000000  0.000000  1.000000  1.000000  0.000000  0.000000  0.000000  1.000000  0.000000  0.000000  0.000000  1.000000  0.000000  0.000000  
34.007902 0.003701  0.089963  -0.007107  0.999385  0.035040  -0.001309  -0.034991  0.999007  0.027594  0.002275  -0.027531  0.999618  -0.000702  -0.007155  -0.000366  0.000000  0.000000  0.000000  2.000000  1.000000  0.000000  0.000000  0.000000  1.000000  0.000000  0.000000  0.000000  1.000000  0.999999  0.001639  0.000313  -0.001639  0.999998  0.000974  -0.000311  -0.000975  0.999999  1.000000  0.000000  0.000000  0.000000  1.000000  0.000000  0.000000  0.000000  1.000000  1.000000  0.000000  0.000000  0.000000  1.000000  0.000000  0.000000  0.000000  1.000000  0.000000  0.000000  
34.008913 0.003700  0.089956  -0.007107  0.999385  0.035040  -0.001309  -0.034991  0.999007  0.027594  0.002275  -0.027531  0.999618  -0.000722  -0.007125  -0.000403  0.000000  0.000000  0.000000  2.000000  1.000000  0.000000  0.000000  0.000000  1.000000  0.000000  0.000000  0.000000  1.000000  0.999999  0.001437  0.000173  -0.001437  0.999999  0.000852  -0.000172  -0.000853  1.000000  1.000000  0.000000  0.000000  0.000000  1.000000  0.000000  0.000000  0.000000  1.000000  1.000000  0.000000  0.000000  0.000000  1.000000  0.000000  0.000000  0.000000  1.000000  0.000000  0.000000  
34.010155 0.003699  0.089947  -0.007107  0.999378  0.035246  -0.001299  -0.035197  0.998996  0.027715  0.002275  -0.027652  0.999615  -0.000735  -0.007137  -0.000439  0.000000  0.000000  0.000000  2.000000  1.000000  0.000000  0.000000  0.000000  1.000000  0.000000  0.000000  0.000000  1.000000  0.999999  0.001643  0.000179  -0.001643  0.999998  0.000974  -0.000178  -0.000974  1.000000  1.000000  0.000000  0.000000  0.000000  1.000000  0.000000  0.000000  0.000000  1.000000  1.000000  0.000000  0.000000  0.000000  1.000000  0.000000  0.000000  0.000000  1.000000  0.000000  0.000000  
34.011408 0.003698  0.089939  -0.007106  0.999378  0.035246  -0.001299  -0.035197  0.998996  0.027715  0.002275  -0.027652  0.999615  -0.000758  -0.007129  -0.000416  0.000000  0.000000  0.000000  2.000000  1.000000  0.000000  0.000000  0.000000  1.000000  0.000000  0.000000  0.000000  1.000000  0.999999  0.001437  0.000174  -0.001437  0.999998  0.000974  -0.000172  -0.000974  1.000000  1.000000  0.000000  0.000000  0.000000  1.000000  0.000000  0.000000  0.000000  1.000000  1.000000  0.000000  0.000000  0.000000  1.000000  0.000000  0.000000  0.000000  1.000000  0.000000  0.000000  
34.012659 0.003697  0.089931  -0.007107  0.999370  0.035455  -0.001427  -0.035402  0.998989  0.027720  0.002408  -0.027652  0.999615  -0.000824  -0.007061  -0.000494  0.000000  0.000000  0.000000  2.000000  1.000000  0.000000  0.000000  0.000000  1.000000  0.000000  0.000000  0.000000  1.000000  0.999999  0.001441  0.000040  -0.001441  0.999999  0.000853  -0.000039  -0.000853  1.000000  1.000000  0.000000  0.000000  0.000000  1.000000  0.000000  0.000000  0.000000  1.000000  1.000000  0.000000  0.000000  0.000000  1.000000  0.000000  0.000000  0.000000  1.000000  0.000000  0.000000  
34.013908 0.003696  0.089923  -0.007106  0.999370  0.035456  -0.001423  -0.035402  0.998985  0.027841  0.002408  -0.027773  0.999611  -0.000859  -0.007029  -0.000434  0.000000  0.000000  0.000000  2.000000  1.000000  0.000000  0.000000  0.000000  1.000000  0.000000  0.000000  0.000000  1.000000  0.999999  0.001441  0.000040  -0.001441  0.999998  0.000974  -0.000039  -0.000974  1.000000  1.000000  0.000000  0.000000  0.000000  1.000000  0.000000  0.000000  0.000000  1.000000  1.000000  0.000000  0.000000  0.000000  1.000000  0.000000  0.000000  0.000000  1.000000  0.000000  0.000000  
34.014909 0.003695  0.089916  -0.007107  0.999363  0.035661  -0.001417  -0.035608  0.998978  0.027842  0.002408  -0.027773  0.999611  -0.000866  -0.007003  -0.000444  0.000000  0.000000  0.000000  2.000000  1.000000  0.000000  0.000000  0.000000  1.000000  0.000000  0.000000  0.000000  1.000000  0.999999  0.001437  0.000174  -0.001437  0.999999  0.000853  -0.000173  -0.000853  1.000000  1.000000  0.000000  0.000000  0.000000  1.000000  0.000000  0.000000  0.000000  1.000000  1.000000  0.000000  0.000000  0.000000  1.000000  0.000000  0.000000  0.000000  1.000000  0.000000  0.000000  
34.016158 0.003694  0.089907  -0.007108  0.999363  0.035661  -0.001417  -0.035608  0.998978  0.027842  0.002408  -0.027773  0.999611  -0.000859  -0.006905  -0.000455  0.000000  0.000000  0.000000  2.000000  1.000000  0.000000  0.000000  0.000000  1.000000  0.000000  0.000000  0.000000  1.000000  0.999999  0.001437  0.000174  -0.001437  0.999999  0.000853  -0.000173  -0.000853  1.000000  1.000000  0.000000  0.000000  0.000000  1.000000  0.000000  0.000000  0.000000  1.000000  1.000000  0.000000  0.000000  0.000000  1.000000  0.000000  0.000000  0.000000  1.000000  0.000000  0.000000  
34.017160 0.003693  0.089901  -0.007109  0.999363  0.035661  -0.001417  -0.035608  0.998978  0.027842  0.002408  -0.027773  0.999611  -0.000836  -0.006853  -0.000445  0.000000  0.000000  0.000000  2.000000  1.000000  0.000000  0.000000  0.000000  1.000000  0.000000  0.000000  0.000000  1.000000  0.999999  0.001437  0.000174  -0.001437  0.999999  0.000731  -0.000173  -0.000731  1.000000  1.000000  0.000000  0.000000  0.000000  1.000000  0.000000  0.000000  0.000000  1.000000  1.000000  0.000000  0.000000  0.000000  1.000000  0.000000  0.000000  0.000000  1.000000  0.000000  0.000000  
34.018407 0.003692  0.089892  -0.007110  0.999356  0.035867  -0.001407  -0.035814  0.998967  0.027963  0.002408  -0.027895  0.999608  -0.000844  -0.006831  -0.000455  0.000000  0.000000  0.000000  2.000000  1.000000  0.000000  0.000000  0.000000  1.000000  0.000000  0.000000  0.000000  1.000000  0.999999  0.001437  0.000174  -0.001437  0.999999  0.000731  -0.000173  -0.000731  1.000000  1.000000  0.000000  0.000000  0.000000  1.000000  0.000000  0.000000  0.000000  1.000000  1.000000  0.000000  0.000000  0.000000  1.000000  0.000000  0.000000  0.000000  1.000000  0.000000  0.000000  
34.019655 0.003692  0.089884  -0.007111  0.999356  0.035867  -0.001407  -0.035814  0.998967  0.027963  0.002408  -0.027895  0.999608  -0.000819  -0.006760  -0.000420  0.000000  0.000000  0.000000  2.000000  1.000000  0.000000  0.000000  0.000000  1.000000  0.000000  0.000000  0.000000  1.000000  0.999999  0.001437  0.000174  -0.001437  0.999999  0.000731  -0.000173  -0.000731  1.000000  1.000000  0.000000  0.000000  0.000000  1.000000  0.000000  0.000000  0.000000  1.000000  1.000000  0.000000  0.000000  0.000000  1.000000  0.000000  0.000000  0.000000  1.000000  0.000000  0.000000  
34.020655 0.003692  0.089878  -0.007112  0.999348  0.036073  -0.001401  -0.036020  0.998960  0.027963  0.002408  -0.027895  0.999608  -0.000779  -0.006722  -0.000452  0.000000  0.000000  0.000000  2.000000  1.000000  0.000000  0.000000  0.000000  1.000000  0.000000  0.000000  0.000000  1.000000  0.999999  0.001441  0.000040  -0.001441  0.999999  0.000610  -0.000039  -0.000610  1.000000  1.000000  0.000000  0.000000  0.000000  1.000000  0.000000  0.000000  0.000000  1.000000  1.000000  0.000000  0.000000  0.000000  1.000000  0.000000  0.000000  0.000000  1.000000  0.000000  0.000000  
34.021905 0.003692  0.089870  -0.007113  0.999348  0.036073  -0.001401  -0.036020  0.998960  0.027963  0.002408  -0.027895  0.999608  -0.000700  -0.006641  -0.000421  0.000000  0.000000  0.000000  2.000000  1.000000  0.000000  0.000000  0.000000  1.000000  0.000000  0.000000  0.000000  1.000000  0.999999  0.001441  0.000040  -0.001441  0.999999  0.000610  -0.000039  -0.000610  1.000000  1.000000  0.000000  0.000000  0.000000  1.000000  0.000000  0.000000  0.000000  1.000000  1.000000  0.000000  0.000000  0.000000  1.000000  0.000000  0.000000  0.000000  1.000000  0.000000  0.000000  
34.022909 0.003692  0.089863  -0.007114  0.999348  0.036073  -0.001397  -0.036020  0.998956  0.028084  0.002408  -0.028016  0.999605  -0.000643  -0.006621  -0.000470  0.000000  0.000000  0.000000  2.000000  1.000000  0.000000  0.000000  0.000000  1.000000  0.000000  0.000000  0.000000  1.000000  0.999999  0.001441  0.000040  -0.001441  0.999999  0.000731  -0.000039  -0.000731  1.000000  1.000000  0.000000  0.000000  0.000000  1.000000  0.000000  0.000000  0.000000  1.000000  1.000000  0.000000  0.000000  0.000000  1.000000  0.000000  0.000000  0.000000  1.000000  0.000000  0.000000  
34.024156 0.003692  0.089856  -0.007115  0.999341  0.036275  -0.001257  -0.036225  0.998949  0.028080  0.002275  -0.028016  0.999605  -0.000552  -0.006560  -0.000481  0.000000  0.000000  0.000000  2.000000  1.000000  0.000000  0.000000  0.000000  1.000000  0.000000  0.000000  0.000000  1.000000  0.999999  0.001441  0.000040  -0.001441  0.999999  0.000610  -0.000039  -0.000610  1.000000  1.000000  0.000000  0.000000  0.000000  1.000000  0.000000  0.000000  0.000000  1.000000  1.000000  0.000000  0.000000  0.000000  1.000000  0.000000  0.000000  0.000000  1.000000  0.000000  0.000000  
34.025158 0.003692  0.089849  -0.007115  0.999341  0.036275  -0.001257  -0.036225  0.998949  0.028080  0.002275  -0.028016  0.999605  -0.000483  -0.006556  -0.000584  0.000000  0.000000  0.000000  2.000000  1.000000  0.000000  0.000000  0.000000  1.000000  0.000000  0.000000  0.000000  1.000000  0.999999  0.001437  0.000174  -0.001437  0.999999  0.000610  -0.000173  -0.000610  1.000000  1.000000  0.000000  0.000000  0.000000  1.000000  0.000000  0.000000  0.000000  1.000000  1.000000  0.000000  0.000000  0.000000  1.000000  0.000000  0.000000  0.000000  1.000000  0.000000  0.000000  
34.026158 0.003692  0.089842  -0.007116  0.999341  0.036275  -0.001253  -0.036225  0.998946  0.028201  0.002275  -0.028137  0.999601  -0.000444  -0.006568  -0.000688  0.000000  0.000000  0.000000  2.000000  1.000000  0.000000  0.000000  0.000000  1.000000  0.000000  0.000000  0.000000  1.000000  0.999999  0.001437  0.000174  -0.001437  0.999999  0.000610  -0.000173  -0.000610  1.000000  1.000000  0.000000  0.000000  0.000000  1.000000  0.000000  0.000000  0.000000  1.000000  1.000000  0.000000  0.000000  0.000000  1.000000  0.000000  0.000000  0.000000  1.000000  0.000000  0.000000  
34.027158 0.003692  0.089836  -0.007117  0.999341  0.036275  -0.001253  -0.036225  0.998946  0.028201  0.002275  -0.028137  0.999601  -0.000385  -0.006583  -0.000660  0.000000  0.000000  0.000000  2.000000  1.000000  0.000000  0.000000  0.000000  1.000000  0.000000  0.000000  0.000000  1.000000  0.999999  0.001235  0.000035  -0.001235  0.999999  0.000609  -0.000034  -0.000609  1.000000  1.000000  0.000000  0.000000  0.000000  1.000000  0.000000  0.000000  0.000000  1.000000  1.000000  0.000000  0.000000  0.000000  1.000000  0.000000  0.000000  0.000000  1.000000  0.000000  0.000000  
34.028159 0.003692  0.089829  -0.007117  0.999334  0.036481  -0.001247  -0.036431  0.998938  0.028201  0.002275  -0.028137  0.999601  -0.000283  -0.006554  -0.000746  0.000000  0.000000  0.000000  2.000000  1.000000  0.000000  0.000000  0.000000  1.000000  0.000000  0.000000  0.000000  1.000000  0.999999  0.001441  0.000041  -0.001441  0.999999  0.000610  -0.000040  -0.000610  1.000000  1.000000  0.000000  0.000000  0.000000  1.000000  0.000000  0.000000  0.000000  1.000000  1.000000  0.000000  0.000000  0.000000  1.000000  0.000000  0.000000  0.000000  1.000000  0.000000  0.000000  
34.029407 0.003693  0.089822  -0.007117  0.999333  0.036484  -0.001381  -0.036431  0.998938  0.028206  0.002408  -0.028137  0.999601  -0.000173  -0.006494  -0.000688  0.000000  0.000000  0.000000  2.000000  1.000000  0.000000  0.000000  0.000000  1.000000  0.000000  0.000000  0.000000  1.000000  0.999999  0.001238  -0.000099  -0.001238  0.999999  0.000488  0.000100  -0.000488  1.000000  1.000000  0.000000  0.000000  0.000000  1.000000  0.000000  0.000000  0.000000  1.000000  1.000000  0.000000  0.000000  0.000000  1.000000  0.000000  0.000000  0.000000  1.000000  0.000000  0.000000  
34.030657 0.003693  0.089814  -0.007117  0.999333  0.036485  -0.001376  -0.036431  0.998935  0.028327  0.002408  -0.028258  0.999598  -0.000060  -0.006445  -0.000653  0.000000  0.000000  0.000000  2.000000  1.000000  0.000000  0.000000  0.000000  1.000000  0.000000  0.000000  0.000000  1.000000  0.999999  0.001239  -0.000099  -0.001238  0.999999  0.000609  0.000100  -0.000609  1.000000  1.000000  0.000000  0.000000  0.000000  1.000000  0.000000  0.000000  0.000000  1.000000  1.000000  0.000000  0.000000  0.000000  1.000000  0.000000  0.000000  0.000000  1.000000  0.000000  0.000000  
34.031908 0.003694  0.089807  -0.007117  0.999333  0.036485  -0.001376  -0.036431  0.998935  0.028327  0.002408  -0.028258  0.999598  0.000070  -0.006365  -0.000564  0.000000  0.000000  0.000000  2.000000  1.000000  0.000000  0.000000  0.000000  1.000000  0.000000  0.000000  0.000000  1.000000  0.999999  0.001235  0.000035  -0.001235  0.999999  0.000609  -0.000034  -0.000609  1.000000  1.000000  0.000000  0.000000  0.000000  1.000000  0.000000  0.000000  0.000000  1.000000  1.000000  0.000000  0.000000  0.000000  1.000000  0.000000  0.000000  0.000000  1.000000  0.000000  0.000000  
34.033159 0.003695  0.089800  -0.007116  0.999326  0.036690  -0.001370  -0.036637  0.998927  0.028328  0.002408  -0.028258  0.999598  0.000170  -0.006236  -0.000445  0.000000  0.000000  0.000000  2.000000  1.000000  0.000000  0.000000  0.000000  1.000000  0.000000  0.000000  0.000000  1.000000  0.999999  0.001235  0.000035  -0.001235  0.999999  0.000488  -0.000034  -0.000488  1.000000  1.000000  0.000000  0.000000  0.000000  1.000000  0.000000  0.000000  0.000000  1.000000  1.000000  0.000000  0.000000  0.000000  1.000000  0.000000  0.000000  0.000000  1.000000  0.000000  0.000000  
