1-Time 2-Px 3-Py 4-Pz 5-R11 6-R21 7-R31 8-R12 9-R22 10-R32 11-R13 12-R23 13-R33 14-Vx 15-Vy 16-Vz 17-Wx 18-Wy 19-Wz 20-state 21-PR11 22-PR21 23-PR31 24-PR12 25-PR22 26-PR32 27-PR13 28-PR23 29-PR33 
49.169990 0.001083  0.090394  -0.009602  0.994401  0.059009  -0.087664  -0.056358  0.997884  0.032422  0.089392  -0.027300  0.995622  0.000153  0.000182  0.000173  0.000000  0.000000  0.000000  2.000000  1.000000  0.000000  0.000000  0.000000  1.000000  0.000000  0.000000  0.000000  1.000000  0.999999  0.001021  0.000162  -0.001021  0.999999  0.000092  -0.000162  -0.000092  1.000000  1.000000  0.000000  0.000000  0.000000  1.000000  0.000000  0.000000  0.000000  1.000000  0.731753  0.500459  0.462686  -0.540041  0.839882  -0.054357  -0.415805  -0.210094  0.884854  0.000000  0.000000  
49.170997 0.001083  0.090394  -0.009602  0.994401  0.059009  -0.087664  -0.056358  0.997884  0.032422  0.089392  -0.027300  0.995622  0.000153  0.000182  0.000173  0.000000  0.000000  0.000000  2.000000  1.000000  0.000000  0.000000  0.000000  1.000000  0.000000  0.000000  0.000000  1.000000  0.999999  0.001021  0.000162  -0.001021  0.999999  0.000092  -0.000162  -0.000092  1.000000  1.000000  0.000000  0.000000  0.000000  1.000000  0.000000  0.000000  0.000000  1.000000  1.000000  0.000000  0.000000  0.000000  1.000000  0.000000  0.000000  0.000000  1.000000  0.000000  0.000000  
49.171997 0.001083  0.090393  -0.009602  0.994354  0.059438  -0.087910  -0.056766  0.997855  0.032594  0.089658  -0.027420  0.995595  0.000075  0.000060  0.000135  0.000000  0.000000  0.000000  2.000000  1.000000  0.000000  0.000000  0.000000  1.000000  0.000000  0.000000  0.000000  1.000000  0.999999  0.001025  0.000028  -0.001025  0.999999  0.000213  -0.000028  -0.000213  1.000000  1.000000  0.000000  0.000000  0.000000  1.000000  0.000000  0.000000  0.000000  1.000000  1.000000  0.000000  0.000000  0.000000  1.000000  0.000000  0.000000  0.000000  1.000000  0.000000  0.000000  
49.172997 0.001082  0.090390  -0.009603  0.994318  0.059651  -0.088169  -0.056969  0.997843  0.032628  0.089925  -0.027419  0.995571  0.000018  -0.000089  0.000072  0.000000  0.000000  0.000000  2.000000  1.000000  0.000000  0.000000  0.000000  1.000000  0.000000  0.000000  0.000000  1.000000  0.999999  0.001442  -0.000228  -0.001442  0.999999  0.000251  0.000228  -0.000250  1.000000  1.000000  0.000000  0.000000  0.000000  1.000000  0.000000  0.000000  0.000000  1.000000  1.000000  0.000000  0.000000  0.000000  1.000000  0.000000  0.000000  0.000000  1.000000  0.000000  0.000000  
49.174247 0.001081  0.090387  -0.009604  0.994270  0.060080  -0.088414  -0.057377  0.997814  0.032800  0.090191  -0.027539  0.995544  -0.000025  -0.000283  0.000027  0.000000  0.000000  0.000000  2.000000  1.000000  0.000000  0.000000  0.000000  1.000000  0.000000  0.000000  0.000000  1.000000  0.999998  0.001658  -0.000623  -0.001658  0.999999  0.000391  0.000624  -0.000390  1.000000  1.000000  0.000000  0.000000  0.000000  1.000000  0.000000  0.000000  0.000000  1.000000  1.000000  0.000000  0.000000  0.000000  1.000000  0.000000  0.000000  0.000000  1.000000  0.000000  0.000000  
49.175248 0.001081  0.090384  -0.009604  0.994246  0.060109  -0.088665  -0.057376  0.997805  0.033058  0.090458  -0.027780  0.995513  -0.000047  -0.000503  -0.000042  0.000000  0.000000  0.000000  2.000000  1.000000  0.000000  0.000000  0.000000  1.000000  0.000000  0.000000  0.000000  1.000000  0.999998  0.001874  -0.001019  -0.001874  0.999998  0.000531  0.001020  -0.000530  0.999999  1.000000  0.000000  0.000000  0.000000  1.000000  0.000000  0.000000  0.000000  1.000000  1.000000  0.000000  0.000000  0.000000  1.000000  0.000000  0.000000  0.000000  1.000000  0.000000  0.000000  
49.176504 0.001081  0.090381  -0.009604  0.994198  0.060538  -0.088910  -0.057784  0.997776  0.033231  0.090724  -0.027900  0.995485  -0.000044  -0.000718  -0.000049  0.000000  0.000000  0.000000  2.000000  1.000000  0.000000  0.000000  0.000000  1.000000  0.000000  0.000000  0.000000  1.000000  0.999997  0.002087  -0.001280  -0.002086  0.999998  0.000793  0.001281  -0.000791  0.999999  1.000000  0.000000  0.000000  0.000000  1.000000  0.000000  0.000000  0.000000  1.000000  1.000000  0.000000  0.000000  0.000000  1.000000  0.000000  0.000000  0.000000  1.000000  0.000000  0.000000  
49.177505 0.001081  0.090378  -0.009604  0.994150  0.060967  -0.089155  -0.058192  0.997746  0.033404  0.090991  -0.028020  0.995457  -0.000083  -0.000954  -0.000041  0.000000  0.000000  0.000000  2.000000  1.000000  0.000000  0.000000  0.000000  1.000000  0.000000  0.000000  0.000000  1.000000  0.999996  0.002505  -0.001535  -0.002503  0.999996  0.000953  0.001538  -0.000949  0.999998  1.000000  0.000000  0.000000  0.000000  1.000000  0.000000  0.000000  0.000000  1.000000  1.000000  0.000000  0.000000  0.000000  1.000000  0.000000  0.000000  0.000000  1.000000  0.000000  0.000000  
49.178746 0.001081  0.090376  -0.009603  0.994065  0.061810  -0.089519  -0.059008  0.997691  0.033622  0.091391  -0.028140  0.995417  -0.000112  -0.001140  0.000012  0.000000  0.000000  0.000000  2.000000  1.000000  0.000000  0.000000  0.000000  1.000000  0.000000  0.000000  0.000000  1.000000  0.999994  0.003127  -0.001785  -0.003125  0.999994  0.001131  0.001789  -0.001125  0.999998  1.000000  0.000000  0.000000  0.000000  1.000000  0.000000  0.000000  0.000000  1.000000  1.000000  0.000000  0.000000  0.000000  1.000000  0.000000  0.000000  0.000000  1.000000  0.000000  0.000000  
49.179751 0.001080  0.090373  -0.009603  0.994016  0.062229  -0.089771  -0.059416  0.997665  0.033675  0.091657  -0.028139  0.995393  -0.000166  -0.001331  0.000002  0.000000  0.000000  0.000000  2.000000  1.000000  0.000000  0.000000  0.000000  1.000000  0.000000  0.000000  0.000000  1.000000  0.999992  0.003545  -0.002041  -0.003542  0.999993  0.001169  0.002045  -0.001162  0.999997  1.000000  0.000000  0.000000  0.000000  1.000000  0.000000  0.000000  0.000000  1.000000  1.000000  0.000000  0.000000  0.000000  1.000000  0.000000  0.000000  0.000000  1.000000  0.000000  0.000000  
49.181001 0.001079  0.090371  -0.009604  0.993943  0.062867  -0.090141  -0.060028  0.997622  0.033875  0.092057  -0.028259  0.995353  -0.000255  -0.001507  -0.000080  0.000000  0.000000  0.000000  2.000000  1.000000  0.000000  0.000000  0.000000  1.000000  0.000000  0.000000  0.000000  1.000000  0.999989  0.003966  -0.002430  -0.003963  0.999991  0.001330  0.002435  -0.001320  0.999996  1.000000  0.000000  0.000000  0.000000  1.000000  0.000000  0.000000  0.000000  1.000000  1.000000  0.000000  0.000000  0.000000  1.000000  0.000000  0.000000  0.000000  1.000000  0.000000  0.000000  
49.182251 0.001078  0.090369  -0.009605  0.993881  0.063300  -0.090519  -0.060435  0.997591  0.034058  0.092456  -0.028379  0.995312  -0.000346  -0.001636  -0.000215  0.051785  0.094242  0.168024  2.000000  1.000000  0.000000  0.000000  0.000000  1.000000  0.000000  0.000000  0.000000  1.000000  0.999985  0.004593  -0.002813  -0.004589  0.999989  0.001388  0.002820  -0.001375  0.999995  1.000000  0.000000  0.000000  0.000000  1.000000  0.000000  0.000000  0.000000  1.000000  1.000000  0.000000  0.000000  0.000000  1.000000  0.000000  0.000000  0.000000  1.000000  0.000049  0.000000  
49.183501 0.001077  0.090368  -0.009607  0.993794  0.063931  -0.091029  -0.061045  0.997551  0.034146  0.092989  -0.028377  0.995263  -0.000387  -0.001712  -0.000278  0.053721  0.111636  0.189173  2.000000  1.000000  0.000128  -0.000082  -0.000128  1.000000  0.000039  0.000082  -0.000039  1.000000  0.999981  0.005223  -0.003330  -0.005218  0.999985  0.001569  0.003338  -0.001552  0.999993  1.000000  0.000065  -0.000042  -0.000065  1.000000  0.000020  0.000042  -0.000020  1.000000  1.000000  0.000128  -0.000082  -0.000128  1.000000  0.000039  0.000082  -0.000039  1.000000  0.000056  0.006388  
49.184508 0.001077  0.090368  -0.009607  0.993731  0.064354  -0.091414  -0.061452  0.997524  0.034208  0.093389  -0.028376  0.995225  -0.000441  -0.001785  -0.000306  0.055013  0.124707  0.203277  2.000000  1.000000  0.000392  -0.000265  -0.000392  1.000000  0.000117  0.000265  -0.000117  1.000000  0.999978  0.005443  -0.003859  -0.005437  0.999984  0.001591  0.003868  -0.001570  0.999991  1.000000  0.000068  -0.000048  -0.000068  1.000000  0.000020  0.000048  -0.000020  1.000000  1.000000  0.000392  -0.000265  -0.000392  1.000000  0.000117  0.000265  -0.000117  1.000000  0.000061  0.006857  
49.185747 0.001076  0.090365  -0.009608  0.993643  0.064996  -0.091916  -0.062063  0.997479  0.034419  0.093922  -0.028496  0.995172  -0.000479  -0.001907  -0.000398  0.060417  0.146826  0.217757  2.000000  1.000000  0.000682  -0.000473  -0.000682  1.000000  0.000203  0.000473  -0.000202  1.000000  0.999972  0.006074  -0.004375  -0.006066  0.999980  0.001773  0.004386  -0.001747  0.999989  1.000000  0.000076  -0.000055  -0.000076  1.000000  0.000022  0.000055  -0.000022  1.000000  1.000000  0.000682  -0.000473  -0.000682  1.000000  0.000203  0.000473  -0.000202  1.000000  0.000067  0.007690  
49.186997 0.001076  0.090363  -0.009609  0.993554  0.065638  -0.092419  -0.062673  0.997433  0.034630  0.094455  -0.028615  0.995118  -0.000436  -0.001940  -0.000411  0.066468  0.164234  0.238959  2.000000  0.999999  0.001083  -0.000761  -0.001083  0.999999  0.000315  0.000761  -0.000314  1.000000  0.999966  0.006700  -0.004759  -0.006692  0.999976  0.001834  0.004771  -0.001802  0.999987  1.000000  0.000084  -0.000060  -0.000084  1.000000  0.000023  0.000060  -0.000023  1.000000  0.999999  0.001083  -0.000761  -0.001083  0.999999  0.000315  0.000761  -0.000314  1.000000  0.000073  0.008417  
49.188247 0.001077  0.090361  -0.009608  0.993465  0.066270  -0.092929  -0.063284  0.997391  0.034721  0.094987  -0.028613  0.995067  -0.000346  -0.001925  -0.000340  0.068443  0.181631  0.260115  2.000000  0.999998  0.001522  -0.001080  -0.001522  0.999999  0.000438  0.001080  -0.000437  0.999999  0.999959  0.007331  -0.005275  -0.007321  0.999971  0.002017  0.005289  -0.001979  0.999984  1.000000  0.000092  -0.000066  -0.000092  1.000000  0.000025  0.000066  -0.000025  1.000000  0.999998  0.001522  -0.001080  -0.001522  0.999999  0.000438  0.001080  -0.000437  0.999999  0.000080  0.009250  
49.189256 0.001078  0.090359  -0.009607  0.993388  0.066909  -0.093298  -0.063895  0.997345  0.034925  0.095387  -0.028733  0.995025  -0.000272  -0.001880  -0.000254  0.074462  0.194449  0.281060  2.000000  0.999997  0.001889  -0.001355  -0.001889  0.999998  0.000543  0.001356  -0.000541  0.999999  0.999955  0.007548  -0.005669  -0.007536  0.999969  0.002161  0.005685  -0.002118  0.999982  1.000000  0.000094  -0.000071  -0.000094  1.000000  0.000027  0.000071  -0.000027  1.000000  0.999997  0.001889  -0.001355  -0.001889  0.999998  0.000543  0.001356  -0.000541  0.999999  0.000085  0.009680  
49.190496 0.001078  0.090355  -0.009605  0.993310  0.067357  -0.093799  -0.064301  0.997308  0.035240  0.095920  -0.028973  0.994967  -0.000229  -0.001948  -0.000074  0.083355  0.212266  0.288568  2.000000  0.999996  0.002385  -0.001729  -0.002383  0.999997  0.000686  0.001731  -0.000682  0.999998  0.999947  0.008179  -0.006185  -0.008165  0.999964  0.002346  0.006204  -0.002295  0.999978  1.000000  0.000102  -0.000077  -0.000102  1.000000  0.000029  0.000077  -0.000029  1.000000  0.999996  0.002385  -0.001729  -0.002383  0.999997  0.000686  0.001731  -0.000682  0.999998  0.000091  0.010514  
49.191745 0.001078  0.090350  -0.009603  0.993206  0.068004  -0.094433  -0.064910  0.997261  0.035462  0.096586  -0.029092  0.994899  -0.000197  -0.002043  0.000051  0.088746  0.232278  0.307406  2.000000  0.999993  0.002909  -0.002139  -0.002907  0.999995  0.000843  0.002141  -0.000836  0.999997  0.999942  0.008401  -0.006712  -0.008385  0.999962  0.002492  0.006732  -0.002436  0.999974  1.000000  0.000105  -0.000084  -0.000105  1.000000  0.000031  0.000084  -0.000031  1.000000  0.999993  0.002909  -0.002139  -0.002907  0.999995  0.000843  0.002141  -0.000836  0.999997  0.000098  0.011032  
49.192746 0.001080  0.090346  -0.009601  0.993127  0.068442  -0.094941  -0.065315  0.997227  0.035657  0.097118  -0.029211  0.994844  -0.000085  -0.002136  0.000195  0.094900  0.251697  0.324143  2.000000  0.999991  0.003345  -0.002488  -0.003342  0.999994  0.000971  0.002491  -0.000963  0.999996  0.999936  0.008824  -0.007099  -0.008805  0.999958  0.002658  0.007122  -0.002595  0.999971  1.000000  0.000110  -0.000089  -0.000110  1.000000  0.000033  0.000089  -0.000033  1.000000  0.999991  0.003345  -0.002488  -0.003342  0.999994  0.000971  0.002491  -0.000963  0.999996  0.000105  0.011626  
49.193750 0.001081  0.090342  -0.009600  0.993048  0.068879  -0.095449  -0.065721  0.997194  0.035852  0.097651  -0.029330  0.994788  0.000017  -0.002215  0.000238  0.099697  0.269431  0.331511  2.000000  0.999989  0.003676  -0.002761  -0.003673  0.999993  0.001074  0.002764  -0.001064  0.999996  0.999932  0.009037  -0.007360  -0.009017  0.999955  0.002804  0.007385  -0.002737  0.999969  1.000000  0.000113  -0.000092  -0.000113  1.000000  0.000035  0.000092  -0.000035  1.000000  0.999989  0.003676  -0.002761  -0.003673  0.999993  0.001074  0.002764  -0.001064  0.999996  0.000109  0.011980  
49.194750 0.001082  0.090337  -0.009598  0.992969  0.069317  -0.095957  -0.066126  0.997160  0.036048  0.098184  -0.029449  0.994732  0.000084  -0.002382  0.000317  0.105150  0.286975  0.345777  2.000000  0.999987  0.004123  -0.003139  -0.004119  0.999991  0.001212  0.003144  -0.001199  0.999994  0.999930  0.009046  -0.007626  -0.009025  0.999955  0.002808  0.007651  -0.002739  0.999967  1.000000  0.000113  -0.000095  -0.000113  1.000000  0.000035  0.000095  -0.000035  1.000000  0.999987  0.004123  -0.003139  -0.004119  0.999991  0.001212  0.003144  -0.001199  0.999994  0.000113  0.012153  
49.196000 0.001083  0.090332  -0.009597  0.992903  0.069550  -0.096473  -0.066327  0.997140  0.036224  0.098716  -0.029568  0.994676  0.000264  -0.002578  0.000483  0.110050  0.304965  0.353452  2.000000  0.999982  0.004693  -0.003625  -0.004688  0.999988  0.001387  0.003632  -0.001370  0.999992  0.999926  0.009259  -0.007886  -0.009238  0.999954  0.002712  0.007911  -0.002639  0.999965  1.000000  0.000116  -0.000099  -0.000116  1.000000  0.000033  0.000099  -0.000033  1.000000  0.999982  0.004693  -0.003625  -0.004688  0.999988  0.001387  0.003632  -0.001370  0.999992  0.000119  0.012454  
49.197250 0.001085  0.090327  -0.009596  0.992836  0.069984  -0.096848  -0.066733  0.997106  0.036412  0.099116  -0.029688  0.994633  0.000451  -0.002796  0.000659  0.115417  0.317803  0.367355  2.000000  0.999978  0.005267  -0.004121  -0.005261  0.999985  0.001559  0.004130  -0.001537  0.999990  0.999925  0.009264  -0.008019  -0.009243  0.999954  0.002716  0.008043  -0.002641  0.999964  1.000000  0.000116  -0.000100  -0.000116  1.000000  0.000033  0.000100  -0.000033  1.000000  0.999978  0.005267  -0.004121  -0.005261  0.999985  0.001559  0.004130  -0.001537  0.999990  0.000124  0.012542  
49.198499 0.001087  0.090323  -0.009594  0.992768  0.070418  -0.097222  -0.067139  0.997072  0.036599  0.099515  -0.029807  0.994590  0.000658  -0.003041  0.000809  0.120219  0.331069  0.374643  2.000000  0.999972  0.005831  -0.004623  -0.005823  0.999982  0.001726  0.004633  -0.001700  0.999988  0.999929  0.008855  -0.008030  -0.008834  0.999957  0.002679  0.008053  -0.002607  0.999964  1.000000  0.000111  -0.000101  -0.000111  1.000000  0.000033  0.000101  -0.000033  1.000000  0.999972  0.005831  -0.004623  -0.005823  0.999982  0.001726  0.004633  -0.001700  0.999988  0.000128  0.012243  
49.199501 0.001089  0.090320  -0.009593  0.992714  0.070837  -0.097473  -0.067546  0.997042  0.036657  0.099781  -0.029806  0.994563  0.000798  -0.003198  0.000896  0.121568  0.339639  0.388638  2.000000  0.999968  0.006271  -0.005024  -0.006262  0.999979  0.001856  0.005036  -0.001825  0.999986  0.999929  0.008855  -0.008030  -0.008835  0.999958  0.002560  0.008052  -0.002488  0.999964  1.000000  0.000111  -0.000101  -0.000111  1.000000  0.000032  0.000101  -0.000032  1.000000  0.999968  0.006271  -0.005024  -0.006262  0.999979  0.001856  0.005036  -0.001825  0.999986  0.000132  0.012218  
49.200750 0.001091  0.090317  -0.009591  0.992660  0.071054  -0.097864  -0.067748  0.997027  0.036705  0.100181  -0.029805  0.994523  0.000986  -0.003256  0.001130  0.122338  0.353033  0.396024  2.000000  0.999962  0.006807  -0.005530  -0.006796  0.999975  0.002013  0.005543  -0.001975  0.999983  0.999932  0.008445  -0.008043  -0.008426  0.999962  0.002401  0.008063  -0.002333  0.999965  1.000000  0.000105  -0.000101  -0.000105  1.000000  0.000030  0.000101  -0.000030  1.000000  0.999962  0.006807  -0.005530  -0.006796  0.999975  0.002013  0.005543  -0.001975  0.999983  0.000135  0.011900  
49.202000 0.001093  0.090314  -0.009588  0.992619  0.071267  -0.098122  -0.067951  0.997012  0.036743  0.100447  -0.029804  0.994496  0.001105  -0.003279  0.001400  0.117705  0.353200  0.389143  2.000000  0.999956  0.007222  -0.005935  -0.007209  0.999972  0.002133  0.005950  -0.002090  0.999980  0.999934  0.008240  -0.008049  -0.008221  0.999963  0.002382  0.008068  -0.002316  0.999965  1.000000  0.000103  -0.000101  -0.000103  1.000000  0.000029  0.000101  -0.000029  1.000000  0.999956  0.007222  -0.005935  -0.007209  0.999972  0.002133  0.005950  -0.002090  0.999980  0.000135  0.011756  
49.203245 0.001095  0.090313  -0.009585  0.992551  0.071690  -0.098505  -0.068357  0.996982  0.036811  0.100846  -0.029803  0.994456  0.001183  -0.003234  0.001538  0.112839  0.354792  0.386147  2.000000  0.999949  0.007724  -0.006436  -0.007710  0.999968  0.002280  0.006454  -0.002230  0.999977  0.999938  0.007825  -0.007928  -0.007808  0.999967  0.002223  0.007945  -0.002161  0.999966  1.000000  0.000098  -0.000099  -0.000098  1.000000  0.000027  0.000099  -0.000027  1.000000  0.999949  0.007724  -0.006436  -0.007710  0.999968  0.002280  0.006454  -0.002230  0.999977  0.000134  0.011353  
49.204246 0.001095  0.090311  -0.009582  0.992524  0.071698  -0.098770  -0.068355  0.996981  0.036829  0.101113  -0.029802  0.994429  0.001178  -0.003202  0.001660  0.112268  0.354942  0.379258  2.000000  0.999944  0.008113  -0.006831  -0.008097  0.999964  0.002392  0.006850  -0.002337  0.999974  0.999941  0.007616  -0.007800  -0.007599  0.999969  0.002204  0.007817  -0.002145  0.999967  1.000000  0.000095  -0.000098  -0.000095  1.000000  0.000027  0.000098  -0.000027  1.000000  0.999944  0.008113  -0.006831  -0.008097  0.999964  0.002392  0.006850  -0.002337  0.999974  0.000133  0.011117  
49.205254 0.001095  0.090308  -0.009579  0.992483  0.071911  -0.099028  -0.068557  0.996966  0.036868  0.101379  -0.029802  0.994401  0.001180  -0.003152  0.001746  0.105149  0.353273  0.382227  2.000000  0.999938  0.008486  -0.007215  -0.008469  0.999961  0.002504  0.007236  -0.002442  0.999971  0.999943  0.007407  -0.007673  -0.007391  0.999970  0.002185  0.007689  -0.002128  0.999968  1.000000  0.000092  -0.000096  -0.000092  1.000000  0.000027  0.000096  -0.000027  1.000000  0.999938  0.008486  -0.007215  -0.008469  0.999961  0.002504  0.007236  -0.002442  0.999971  0.000134  0.010881  
49.206268 0.001095  0.090305  -0.009577  0.992442  0.072124  -0.099286  -0.068760  0.996950  0.036907  0.101645  -0.029801  0.994374  0.001096  -0.003119  0.001811  0.101132  0.357689  0.382312  2.000000  0.999932  0.008839  -0.007587  -0.008819  0.999958  0.002607  0.007610  -0.002540  0.999968  0.999948  0.006989  -0.007418  -0.006974  0.999974  0.002024  0.007432  -0.001972  0.999970  1.000000  0.000087  -0.000093  -0.000087  1.000000  0.000025  0.000093  -0.000025  1.000000  0.999932  0.008839  -0.007587  -0.008819  0.999958  0.002607  0.007610  -0.002540  0.999968  0.000133  0.010386  
49.207497 0.001094  0.090301  -0.009574  0.992414  0.072345  -0.099402  -0.068963  0.996931  0.037057  0.101778  -0.029921  0.994357  0.000949  -0.003048  0.001868  0.099775  0.350661  0.372480  2.000000  0.999926  0.009171  -0.007953  -0.009149  0.999954  0.002708  0.007978  -0.002635  0.999965  0.999952  0.006575  -0.007297  -0.006561  0.999977  0.001984  0.007310  -0.001936  0.999971  1.000000  0.000082  -0.000091  -0.000082  1.000000  0.000025  0.000091  -0.000024  1.000000  0.999926  0.009171  -0.007953  -0.009149  0.999954  0.002708  0.007978  -0.002635  0.999965  0.000130  0.010016  
49.208500 0.001092  0.090297  -0.009571  0.992400  0.072349  -0.099535  -0.068962  0.996930  0.037066  0.101911  -0.029921  0.994343  0.000784  -0.003043  0.001922  0.093803  0.346735  0.351833  2.000000  0.999920  0.009487  -0.008308  -0.009464  0.999951  0.002809  0.008334  -0.002730  0.999962  0.999956  0.006158  -0.007041  -0.006144  0.999979  0.001943  0.007053  -0.001900  0.999973  1.000000  0.000077  -0.000088  -0.000077  1.000000  0.000024  0.000088  -0.000024  1.000000  0.999920  0.009487  -0.008308  -0.009464  0.999951  0.002809  0.008334  -0.002730  0.999962  0.000127  0.009550  
49.209769 0.001091  0.090293  -0.009568  0.992359  0.072563  -0.099793  -0.069164  0.996915  0.037105  0.102177  -0.029920  0.994316  0.000633  -0.002910  0.002053  0.088545  0.345457  0.333742  2.000000  0.999915  0.009787  -0.008653  -0.009762  0.999948  0.002904  0.008681  -0.002819  0.999958  0.999958  0.005949  -0.006914  -0.005937  0.999981  0.001802  0.006924  -0.001761  0.999974  1.000000  0.000074  -0.000086  -0.000074  1.000000  0.000022  0.000086  -0.000022  1.000000  0.999915  0.009787  -0.008653  -0.009762  0.999948  0.002904  0.008681  -0.002819  0.999958  0.000124  0.009293  
49.211000 0.001090  0.090289  -0.009563  0.992331  0.072772  -0.099918  -0.069368  0.996900  0.037135  0.102310  -0.029919  0.994302  0.000463  -0.002847  0.002203  0.087285  0.334095  0.324089  2.000000  0.999909  0.010072  -0.008986  -0.010045  0.999945  0.002992  0.009016  -0.002902  0.999955  0.999963  0.005531  -0.006659  -0.005520  0.999983  0.001640  0.006668  -0.001603  0.999976  1.000000  0.000069  -0.000083  -0.000069  1.000000  0.000020  0.000083  -0.000020  1.000000  0.999909  0.010072  -0.008986  -0.010045  0.999945  0.002992  0.009016  -0.002902  0.999955  0.000119  0.008807  
49.212249 0.001088  0.090285  -0.009559  0.992289  0.072985  -0.100176  -0.069570  0.996884  0.037174  0.102577  -0.029918  0.994275  0.000226  -0.002782  0.002408  0.082679  0.329822  0.317146  2.000000  0.999902  0.010412  -0.009382  -0.010384  0.999941  0.003093  0.009414  -0.002995  0.999951  0.999967  0.005310  -0.006130  -0.005301  0.999985  0.001498  0.006138  -0.001465  0.999980  1.000000  0.000066  -0.000077  -0.000066  1.000000  0.000019  0.000077  -0.000019  1.000000  0.999902  0.010412  -0.009382  -0.010384  0.999941  0.003093  0.009414  -0.002995  0.999951  0.000116  0.008244  
49.213500 0.001086  0.090281  -0.009556  0.992261  0.073182  -0.100310  -0.069773  0.996873  0.037083  0.102710  -0.029797  0.994265  -0.000115  -0.002773  0.002538  0.077395  0.316863  0.303068  2.000000  0.999895  0.010724  -0.009750  -0.010693  0.999938  0.003177  0.009784  -0.003072  0.999947  0.999972  0.004887  -0.005742  -0.004881  0.999987  0.001093  0.005747  -0.001065  0.999983  1.000000  0.000061  -0.000072  -0.000061  1.000000  0.000013  0.000072  -0.000013  1.000000  0.999895  0.010724  -0.009750  -0.010693  0.999938  0.003177  0.009784  -0.003072  0.999947  0.000112  0.007617  
49.214501 0.001084  0.090278  -0.009555  0.992248  0.073186  -0.100442  -0.069772  0.996873  0.037093  0.102843  -0.029797  0.994251  -0.000305  -0.002748  0.002530  0.076141  0.308404  0.289200  2.000000  0.999890  0.010950  -0.010019  -0.010918  0.999935  0.003229  0.010054  -0.003119  0.999945  0.999977  0.004256  -0.005226  -0.004252  0.999991  0.000909  0.005230  -0.000887  0.999986  1.000000  0.000053  -0.000065  -0.000053  1.000000  0.000011  0.000065  -0.000011  1.000000  0.999890  0.010950  -0.010019  -0.010918  0.999935  0.003229  0.010054  -0.003119  0.999945  0.000107  0.006799  
49.215749 0.001082  0.090275  -0.009554  0.992219  0.073395  -0.100567  -0.069976  0.996858  0.037123  0.102976  -0.029797  0.994237  -0.000565  -0.002795  0.002518  0.070760  0.293554  0.270415  2.000000  0.999889  0.011003  -0.010082  -0.010971  0.999935  0.003241  0.010117  -0.003130  0.999944  0.999981  0.004031  -0.004563  -0.004028  0.999992  0.000766  0.004566  -0.000748  0.999989  1.000000  0.000000  0.000000  0.000000  1.000000  0.000000  0.000000  0.000000  1.000000  0.999889  0.011003  -0.010082  -0.010971  0.999935  0.003241  0.010117  -0.003130  0.999944  0.000102  0.000000  
49.217001 0.001080  0.090272  -0.009553  0.992205  0.073588  -0.100569  -0.070180  0.996847  0.037023  0.102976  -0.029676  0.994241  -0.000895  -0.002860  0.002369  0.061297  0.275927  0.256070  2.000000  0.999889  0.011003  -0.010082  -0.010971  0.999935  0.003241  0.010117  -0.003130  0.999944  0.999983  0.003818  -0.004303  -0.003816  0.999993  0.000503  0.004305  -0.000487  0.999991  1.000000  0.000000  0.000000  0.000000  1.000000  0.000000  0.000000  0.000000  1.000000  0.999889  0.011003  -0.010082  -0.010971  0.999935  0.003241  0.010117  -0.003130  0.999944  0.000096  0.000000  
49.218256 0.001077  0.090268  -0.009553  0.992205  0.073576  -0.100577  -0.070180  0.996852  0.036902  0.102976  -0.029555  0.994245  -0.001209  -0.002972  0.002151  0.051130  0.263002  0.234982  2.000000  0.999889  0.011003  -0.010082  -0.010971  0.999935  0.003241  0.010117  -0.003130  0.999944  0.999986  0.003601  -0.003908  -0.003599  0.999993  0.000360  0.003909  -0.000346  0.999992  1.000000  0.000000  0.000000  0.000000  1.000000  0.000000  0.000000  0.000000  1.000000  0.999889  0.011003  -0.010082  -0.010971  0.999935  0.003241  0.010117  -0.003130  0.999944  0.000091  0.000000  
49.219497 0.001074  0.090265  -0.009553  0.992191  0.073781  -0.100570  -0.070384  0.996836  0.036922  0.102976  -0.029555  0.994245  -0.001427  -0.002989  0.001906  0.045747  0.245446  0.220730  2.000000  0.999889  0.011003  -0.010082  -0.010971  0.999935  0.003241  0.010117  -0.003130  0.999944  0.999988  0.003384  -0.003513  -0.003383  0.999994  0.000097  0.003513  -0.000085  0.999994  1.000000  0.000000  0.000000  0.000000  1.000000  0.000000  0.000000  0.000000  1.000000  0.999889  0.011003  -0.010082  -0.010971  0.999935  0.003241  0.010117  -0.003130  0.999944  0.000085  0.000000  
49.220502 0.001072  0.090263  -0.009554  0.992176  0.073974  -0.100571  -0.070589  0.996826  0.036822  0.102976  -0.029435  0.994248  -0.001592  -0.002946  0.001639  0.036959  0.227644  0.213291  2.000000  0.999889  0.011003  -0.010082  -0.010971  0.999935  0.003241  0.010117  -0.003130  0.999944  0.999990  0.002966  -0.003258  -0.002966  0.999996  -0.000067  0.003258  0.000077  0.999995  1.000000  0.000000  0.000000  0.000000  1.000000  0.000000  0.000000  0.000000  1.000000  0.999889  0.011003  -0.010082  -0.010971  0.999935  0.003241  0.010117  -0.003130  0.999944  0.000079  0.000000  
49.221747 0.001068  0.090260  -0.009555  0.992176  0.073974  -0.100571  -0.070589  0.996826  0.036822  0.102976  -0.029435  0.994248  -0.001786  -0.002877  0.001360  0.030881  0.205779  0.192006  2.000000  0.999889  0.011003  -0.010082  -0.010971  0.999935  0.003241  0.010117  -0.003130  0.999944  0.999992  0.002954  -0.002857  -0.002954  0.999996  -0.000067  0.002857  0.000076  0.999996  1.000000  0.000000  0.000000  0.000000  1.000000  0.000000  0.000000  0.000000  1.000000  0.999889  0.011003  -0.010082  -0.010971  0.999935  0.003241  0.010117  -0.003130  0.999944  0.000073  0.000000  
49.222997 0.001063  0.090257  -0.009556  0.992161  0.074167  -0.100573  -0.070793  0.996815  0.036722  0.102976  -0.029314  0.994252  -0.001991  -0.002758  0.001090  0.018039  0.183682  0.184654  2.000000  0.999889  0.011003  -0.010082  -0.010971  0.999935  0.003241  0.010117  -0.003130  0.999944  0.999993  0.002941  -0.002456  -0.002942  0.999996  -0.000188  0.002456  0.000196  0.999997  1.000000  0.000000  0.000000  0.000000  1.000000  0.000000  0.000000  0.000000  1.000000  0.999889  0.011003  -0.010082  -0.010971  0.999935  0.003241  0.010117  -0.003130  0.999944  0.000066  0.000000  
49.223998 0.001060  0.090256  -0.009556  0.992161  0.074167  -0.100573  -0.070793  0.996815  0.036722  0.102976  -0.029314  0.994252  -0.002112  -0.002680  0.000909  0.012608  0.165986  0.170255  2.000000  0.999889  0.011003  -0.010082  -0.010971  0.999935  0.003241  0.010117  -0.003130  0.999944  0.999994  0.002729  -0.002195  -0.002729  0.999996  -0.000210  0.002194  0.000216  0.999998  1.000000  0.000000  0.000000  0.000000  1.000000  0.000000  0.000000  0.000000  1.000000  0.999889  0.011003  -0.010082  -0.010971  0.999935  0.003241  0.010117  -0.003130  0.999944  0.000062  0.000000  
49.225249 0.001056  0.090253  -0.009556  0.992147  0.074360  -0.100574  -0.070997  0.996804  0.036622  0.102976  -0.029194  0.994255  -0.002304  -0.002535  0.000699  0.000000  0.000000  0.000000  2.000000  0.999889  0.011003  -0.010082  -0.010971  0.999935  0.003241  0.010117  -0.003130  0.999944  0.999994  0.002720  -0.001928  -0.002721  0.999996  -0.000331  0.001927  0.000336  0.999998  1.000000  0.000000  0.000000  0.000000  1.000000  0.000000  0.000000  0.000000  1.000000  0.999889  0.011003  -0.010082  -0.010971  0.999935  0.003241  0.010117  -0.003130  0.999944  0.000000  0.000000  
49.226272 0.001053  0.090252  -0.009556  0.992147  0.074360  -0.100574  -0.070997  0.996804  0.036622  0.102976  -0.029194  0.994255  -0.002463  -0.002408  0.000411  0.000000  0.000000  0.000000  2.000000  0.999889  0.011003  -0.010082  -0.010971  0.999935  0.003241  0.010117  -0.003130  0.999944  0.999995  0.002508  -0.001666  -0.002508  0.999997  -0.000352  0.001665  0.000356  0.999999  1.000000  0.000000  0.000000  0.000000  1.000000  0.000000  0.000000  0.000000  1.000000  0.999889  0.011003  -0.010082  -0.010971  0.999935  0.003241  0.010117  -0.003130  0.999944  0.000000  0.000000  
49.227499 0.001049  0.090250  -0.009556  0.992146  0.074550  -0.100443  -0.071202  0.996793  0.036512  0.102843  -0.029073  0.994273  -0.002598  -0.002268  0.000158  0.000000  0.000000  0.000000  2.000000  0.999889  0.011003  -0.010082  -0.010971  0.999935  0.003241  0.010117  -0.003130  0.999944  0.999996  0.002500  -0.001399  -0.002500  0.999997  -0.000473  0.001398  0.000477  0.999999  1.000000  0.000000  0.000000  0.000000  1.000000  0.000000  0.000000  0.000000  1.000000  0.999889  0.011003  -0.010082  -0.010971  0.999935  0.003241  0.010117  -0.003130  0.999944  0.000000  0.000000  
49.228500 0.001046  0.090248  -0.009557  0.992131  0.074755  -0.100435  -0.071407  0.996778  0.036533  0.102843  -0.029073  0.994273  -0.002699  -0.002216  -0.000059  0.000000  0.000000  0.000000  2.000000  0.999889  0.011003  -0.010082  -0.010971  0.999935  0.003241  0.010117  -0.003130  0.999944  0.999997  0.002283  -0.001004  -0.002284  0.999997  -0.000495  0.001003  0.000497  0.999999  1.000000  0.000000  0.000000  0.000000  1.000000  0.000000  0.000000  0.000000  1.000000  0.999889  0.011003  -0.010082  -0.010971  0.999935  0.003241  0.010117  -0.003130  0.999944  0.000000  0.000000  
49.229751 0.001042  0.090246  -0.009559  0.992131  0.074743  -0.100444  -0.071407  0.996782  0.036412  0.102843  -0.028953  0.994276  -0.002823  -0.002095  -0.000304  0.000000  0.000000  0.000000  2.000000  0.999889  0.011003  -0.010082  -0.010971  0.999935  0.003241  0.010117  -0.003130  0.999944  0.999997  0.002484  -0.000864  -0.002484  0.999997  -0.000716  0.000863  0.000719  0.999999  1.000000  0.000000  0.000000  0.000000  1.000000  0.000000  0.000000  0.000000  1.000000  0.999889  0.011003  -0.010082  -0.010971  0.999935  0.003241  0.010117  -0.003130  0.999944  0.000000  0.000000  
49.231001 0.001039  0.090245  -0.009560  0.992117  0.074948  -0.100437  -0.071611  0.996767  0.036432  0.102843  -0.028953  0.994276  -0.002881  -0.001965  -0.000458  0.000000  0.000000  0.000000  2.000000  0.999889  0.011003  -0.010082  -0.010971  0.999935  0.003241  0.010117  -0.003130  0.999944  0.999997  0.002271  -0.000603  -0.002272  0.999997  -0.000738  0.000601  0.000739  1.000000  1.000000  0.000000  0.000000  0.000000  1.000000  0.000000  0.000000  0.000000  1.000000  0.999889  0.011003  -0.010082  -0.010971  0.999935  0.003241  0.010117  -0.003130  0.999944  0.000000  0.000000  
49.232251 0.001036  0.090243  -0.009562  0.992102  0.075141  -0.100439  -0.071815  0.996756  0.036332  0.102843  -0.028832  0.994280  -0.002889  -0.001836  -0.000618  0.000000  0.000000  0.000000  2.000000  0.999889  0.011003  -0.010082  -0.010971  0.999935  0.003241  0.010117  -0.003130  0.999944  0.999998  0.002059  -0.000342  -0.002059  0.999997  -0.000880  0.000340  0.000881  1.000000  1.000000  0.000000  0.000000  0.000000  1.000000  0.000000  0.000000  0.000000  1.000000  0.999889  0.011003  -0.010082  -0.010971  0.999935  0.003241  0.010117  -0.003130  0.999944  0.000000  0.000000  
49.233501 0.001033  0.090242  -0.009564  0.992102  0.075129  -0.100448  -0.071815  0.996760  0.036211  0.102843  -0.028712  0.994283  -0.002877  -0.001746  -0.000731  0.000000  0.000000  0.000000  2.000000  0.999889  0.011003  -0.010082  -0.010971  0.999935  0.003241  0.010117  -0.003130  0.999944  0.999997  0.002259  -0.000202  -0.002260  0.999997  -0.000859  0.000200  0.000859  1.000000  1.000000  0.000000  0.000000  0.000000  1.000000  0.000000  0.000000  0.000000  1.000000  0.999889  0.011003  -0.010082  -0.010971  0.999935  0.003241  0.010117  -0.003130  0.999944  0.000000  0.000000  
49.234749 0.001031  0.090240  -0.009565  0.992087  0.075334  -0.100440  -0.072019  0.996745  0.036232  0.102843  -0.028712  0.994283  -0.002800  -0.001611  -0.000765  0.000000  0.000000  0.000000  2.000000  0.999889  0.011003  -0.010082  -0.010971  0.999935  0.003241  0.010117  -0.003130  0.999944  0.999998  0.002051  -0.000074  -0.002051  0.999998  -0.000880  0.000073  0.000880  1.000000  1.000000  0.000000  0.000000  0.000000  1.000000  0.000000  0.000000  0.000000  1.000000  0.999889  0.011003  -0.010082  -0.010971  0.999935  0.003241  0.010117  -0.003130  0.999944  0.000000  0.000000  
49.235996 0.001029  0.090239  -0.009568  0.992087  0.075322  -0.100449  -0.072019  0.996749  0.036111  0.102843  -0.028591  0.994287  -0.002720  -0.001552  -0.000907  0.000000  0.000000  0.000000  2.000000  0.999889  0.011003  -0.010082  -0.010971  0.999935  0.003241  0.010117  -0.003130  0.999944  0.999998  0.002047  0.000059  -0.002047  0.999998  -0.000880  -0.000061  0.000880  1.000000  1.000000  0.000000  0.000000  0.000000  1.000000  0.000000  0.000000  0.000000  1.000000  0.999889  0.011003  -0.010082  -0.010971  0.999935  0.003241  0.010117  -0.003130  0.999944  0.000000  0.000000  
49.236997 0.001028  0.090238  -0.009570  0.992086  0.075523  -0.100309  -0.072225  0.996734  0.036122  0.102710  -0.028591  0.994300  -0.002569  -0.001440  -0.000975  0.000000  0.000000  0.000000  2.000000  0.999889  0.011003  -0.010082  -0.010971  0.999935  0.003241  0.010117  -0.003130  0.999944  0.999997  0.002244  0.000332  -0.002244  0.999997  -0.000859  -0.000334  0.000858  1.000000  1.000000  0.000000  0.000000  0.000000  1.000000  0.000000  0.000000  0.000000  1.000000  0.999889  0.011003  -0.010082  -0.010971  0.999935  0.003241  0.010117  -0.003130  0.999944  0.000000  0.000000  
49.237997 0.001027  0.090237  -0.009572  0.992086  0.075523  -0.100309  -0.072225  0.996734  0.036122  0.102710  -0.028591  0.994300  -0.002384  -0.001353  -0.001073  0.000000  0.000000  0.000000  2.000000  0.999889  0.011003  -0.010082  -0.010971  0.999935  0.003241  0.010117  -0.003130  0.999944  0.999998  0.002039  0.000327  -0.002039  0.999998  -0.000880  -0.000328  0.000880  1.000000  1.000000  0.000000  0.000000  0.000000  1.000000  0.000000  0.000000  0.000000  1.000000  0.999889  0.011003  -0.010082  -0.010971  0.999935  0.003241  0.010117  -0.003130  0.999944  0.000000  0.000000  
49.239247 0.001025  0.090235  -0.009575  0.992071  0.075728  -0.100302  -0.072429  0.996719  0.036143  0.102710  -0.028591  0.994300  -0.002247  -0.001303  -0.001289  0.000000  0.000000  0.000000  2.000000  0.999889  0.011003  -0.010082  -0.010971  0.999935  0.003241  0.010117  -0.003130  0.999944  0.999998  0.002039  0.000327  -0.002039  0.999998  -0.000759  -0.000328  0.000758  1.000000  1.000000  0.000000  0.000000  0.000000  1.000000  0.000000  0.000000  0.000000  1.000000  0.999889  0.011003  -0.010082  -0.010971  0.999935  0.003241  0.010117  -0.003130  0.999944  0.000000  0.000000  
49.240497 0.001024  0.090234  -0.009577  0.992085  0.075724  -0.100169  -0.072430  0.996719  0.036133  0.102577  -0.028592  0.994314  -0.002081  -0.001318  -0.001472  0.000000  0.000000  0.000000  2.000000  0.999889  0.011003  -0.010082  -0.010971  0.999935  0.003241  0.010117  -0.003130  0.999944  0.999998  0.002035  0.000460  -0.002035  0.999998  -0.000759  -0.000462  0.000758  1.000000  1.000000  0.000000  0.000000  0.000000  1.000000  0.000000  0.000000  0.000000  1.000000  0.999889  0.011003  -0.010082  -0.010971  0.999935  0.003241  0.010117  -0.003130  0.999944  0.000000  0.000000  
49.241497 0.001023  0.090232  -0.009580  0.992085  0.075724  -0.100169  -0.072430  0.996719  0.036133  0.102577  -0.028592  0.994314  -0.001895  -0.001287  -0.001649  0.000000  0.000000  0.000000  2.000000  0.999889  0.011003  -0.010082  -0.010971  0.999935  0.003241  0.010117  -0.003130  0.999944  0.999998  0.001831  0.000454  -0.001830  0.999998  -0.000659  -0.000456  0.000658  1.000000  1.000000  0.000000  0.000000  0.000000  1.000000  0.000000  0.000000  0.000000  1.000000  0.999889  0.011003  -0.010082  -0.010971  0.999935  0.003241  0.010117  -0.003130  0.999944  0.000000  0.000000  
49.242745 0.001022  0.090231  -0.009583  0.992070  0.075930  -0.100162  -0.072634  0.996703  0.036154  0.102577  -0.028592  0.994314  -0.001730  -0.001234  -0.001789  0.000000  0.000000  0.000000  2.000000  0.999889  0.011003  -0.010082  -0.010971  0.999935  0.003241  0.010117  -0.003130  0.999944  0.999998  0.002035  0.000460  -0.002035  0.999998  -0.000517  -0.000461  0.000516  1.000000  1.000000  0.000000  0.000000  0.000000  1.000000  0.000000  0.000000  0.000000  1.000000  0.999889  0.011003  -0.010082  -0.010971  0.999935  0.003241  0.010117  -0.003130  0.999944  0.000000  0.000000  
49.243750 0.001021  0.090230  -0.009585  0.992070  0.075930  -0.100162  -0.072634  0.996703  0.036154  0.102577  -0.028592  0.994314  -0.001594  -0.001190  -0.001825  0.000000  0.000000  0.000000  2.000000  0.999889  0.011003  -0.010082  -0.010971  0.999935  0.003241  0.010117  -0.003130  0.999944  0.999998  0.001831  0.000454  -0.001830  0.999998  -0.000538  -0.000455  0.000537  1.000000  1.000000  0.000000  0.000000  0.000000  1.000000  0.000000  0.000000  0.000000  1.000000  0.999889  0.011003  -0.010082  -0.010971  0.999935  0.003241  0.010117  -0.003130  0.999944  0.000000  0.000000  
49.244753 0.001021  0.090230  -0.009586  0.992070  0.075930  -0.100162  -0.072634  0.996703  0.036154  0.102577  -0.028592  0.994314  -0.001384  -0.001113  -0.001828  0.000000  0.000000  0.000000  2.000000  0.999889  0.011003  -0.010082  -0.010971  0.999935  0.003241  0.010117  -0.003130  0.999944  0.999999  0.001626  0.000448  -0.001626  0.999999  -0.000559  -0.000449  0.000558  1.000000  1.000000  0.000000  0.000000  0.000000  1.000000  0.000000  0.000000  0.000000  1.000000  0.999889  0.011003  -0.010082  -0.010971  0.999935  0.003241  0.010117  -0.003130  0.999944  0.000000  0.000000  
