1-Time 2-Px 3-Py 4-Pz 5-R11 6-R21 7-R31 8-R12 9-R22 10-R32 11-R13 12-R23 13-R33 14-Vx 15-Vy 16-Vz 17-Wx 18-Wy 19-Wz 20-state 21-PR11 22-PR21 23-PR31 24-PR12 25-PR22 26-PR32 27-PR13 28-PR23 29-PR33 
153.791660 0.015867  0.099131  -0.017544  0.994079  0.065687  -0.086561  -0.065995  0.997820  -0.000696  0.086326  0.006405  0.996246  0.000010  -0.000017  -0.000230  0.000000  0.000000  0.000000  2.000000  1.000000  0.000000  0.000000  0.000000  1.000000  0.000000  0.000000  0.000000  1.000000  1.000000  0.000206  0.000132  -0.000206  1.000000  0.000018  -0.000132  -0.000018  1.000000  1.000000  0.000000  0.000000  0.000000  1.000000  0.000000  0.000000  0.000000  1.000000  0.754500  0.438656  0.488171  -0.481006  0.875642  -0.043400  -0.446501  -0.202068  0.871668  0.000000  0.000000  
153.792664 0.015867  0.099131  -0.017544  0.994079  0.065687  -0.086561  -0.065995  0.997820  -0.000696  0.086326  0.006405  0.996246  -0.000000  -0.000015  -0.000194  0.000000  0.000000  0.000000  2.000000  1.000000  0.000000  0.000000  0.000000  1.000000  0.000000  0.000000  0.000000  1.000000  1.000000  0.000206  0.000132  -0.000206  1.000000  0.000018  -0.000132  -0.000018  1.000000  1.000000  0.000000  0.000000  0.000000  1.000000  0.000000  0.000000  0.000000  1.000000  1.000000  0.000000  0.000000  0.000000  1.000000  0.000000  0.000000  0.000000  1.000000  0.000000  0.000000  
153.793664 0.015870  0.099132  -0.017544  0.994054  0.065891  -0.086694  -0.066199  0.997806  -0.000670  0.086460  0.006405  0.996235  0.000168  0.000049  -0.000164  0.000000  0.000000  0.000000  2.000000  1.000000  0.000000  0.000000  0.000000  1.000000  0.000000  0.000000  0.000000  1.000000  1.000000  0.000410  -0.000003  -0.000410  1.000000  0.000036  0.000003  -0.000036  1.000000  1.000000  0.000000  0.000000  0.000000  1.000000  0.000000  0.000000  0.000000  1.000000  1.000000  0.000000  0.000000  0.000000  1.000000  0.000000  0.000000  0.000000  1.000000  0.000000  0.000000  
153.794912 0.015875  0.099134  -0.017543  0.994003  0.066301  -0.086960  -0.066606  0.997779  -0.000616  0.086726  0.006404  0.996212  0.000494  0.000181  -0.000065  0.000000  0.000000  0.000000  2.000000  1.000000  0.000000  0.000000  0.000000  1.000000  0.000000  0.000000  0.000000  1.000000  1.000000  0.000819  -0.000273  -0.000819  1.000000  0.000071  0.000273  -0.000071  1.000000  1.000000  0.000000  0.000000  0.000000  1.000000  0.000000  0.000000  0.000000  1.000000  1.000000  0.000000  0.000000  0.000000  1.000000  0.000000  0.000000  0.000000  1.000000  0.000000  0.000000  
153.795914 0.015879  0.099135  -0.017542  0.993966  0.066504  -0.087226  -0.066809  0.997766  -0.000580  0.086993  0.006404  0.996188  0.000832  0.000286  0.000044  0.000000  0.000000  0.000000  2.000000  1.000000  0.000000  0.000000  0.000000  1.000000  0.000000  0.000000  0.000000  1.000000  0.999999  0.001022  -0.000542  -0.001022  0.999999  0.000090  0.000542  -0.000089  1.000000  1.000000  0.000000  0.000000  0.000000  1.000000  0.000000  0.000000  0.000000  1.000000  1.000000  0.000000  0.000000  0.000000  1.000000  0.000000  0.000000  0.000000  1.000000  0.000000  0.000000  
153.797164 0.015885  0.099135  -0.017541  0.993929  0.066719  -0.087484  -0.067012  0.997752  -0.000423  0.087259  0.006283  0.996166  0.001197  0.000275  0.000076  0.000000  0.000000  0.000000  2.000000  1.000000  0.000000  0.000000  0.000000  1.000000  0.000000  0.000000  0.000000  1.000000  0.999999  0.001226  -0.000810  -0.001225  0.999999  0.000229  0.000811  -0.000228  1.000000  1.000000  0.000000  0.000000  0.000000  1.000000  0.000000  0.000000  0.000000  1.000000  1.000000  0.000000  0.000000  0.000000  1.000000  0.000000  0.000000  0.000000  1.000000  0.000000  0.000000  
153.798164 0.015890  0.099136  -0.017541  0.993892  0.066922  -0.087750  -0.067215  0.997738  -0.000387  0.087526  0.006283  0.996142  0.001580  0.000322  0.000122  0.000000  0.000000  0.000000  2.000000  1.000000  0.000000  0.000000  0.000000  1.000000  0.000000  0.000000  0.000000  1.000000  0.999999  0.001430  -0.000946  -0.001430  0.999999  0.000247  0.000946  -0.000246  1.000000  1.000000  0.000000  0.000000  0.000000  1.000000  0.000000  0.000000  0.000000  1.000000  1.000000  0.000000  0.000000  0.000000  1.000000  0.000000  0.000000  0.000000  1.000000  0.000000  0.000000  
153.799412 0.015898  0.099137  -0.017541  0.993827  0.067537  -0.088017  -0.067828  0.997697  -0.000315  0.087793  0.006283  0.996119  0.002100  0.000426  0.000125  0.000000  0.000000  0.000000  2.000000  1.000000  0.000000  0.000000  0.000000  1.000000  0.000000  0.000000  0.000000  1.000000  0.999998  0.001632  -0.001348  -0.001632  0.999999  0.000266  0.001349  -0.000264  0.999999  1.000000  0.000000  0.000000  0.000000  1.000000  0.000000  0.000000  0.000000  1.000000  1.000000  0.000000  0.000000  0.000000  1.000000  0.000000  0.000000  0.000000  1.000000  0.000000  0.000000  
153.800415 0.015905  0.099138  -0.017541  0.993761  0.068151  -0.088283  -0.068440  0.997655  -0.000242  0.088059  0.006283  0.996095  0.002548  0.000471  0.000122  0.000000  0.000000  0.000000  2.000000  1.000000  0.000000  0.000000  0.000000  1.000000  0.000000  0.000000  0.000000  1.000000  0.999996  0.002246  -0.001620  -0.002245  0.999997  0.000321  0.001620  -0.000317  0.999999  1.000000  0.000000  0.000000  0.000000  1.000000  0.000000  0.000000  0.000000  1.000000  1.000000  0.000000  0.000000  0.000000  1.000000  0.000000  0.000000  0.000000  1.000000  0.000000  0.000000  
153.801666 0.015912  0.099138  -0.017541  0.993684  0.068754  -0.088690  -0.069051  0.997613  -0.000281  0.088459  0.006403  0.996059  0.003062  0.000468  0.000170  0.000000  0.000000  0.000000  2.000000  1.000000  0.000000  0.000000  0.000000  1.000000  0.000000  0.000000  0.000000  1.000000  0.999994  0.002859  -0.001891  -0.002859  0.999996  0.000255  0.001892  -0.000249  0.999998  1.000000  0.000000  0.000000  0.000000  1.000000  0.000000  0.000000  0.000000  1.000000  1.000000  0.000000  0.000000  0.000000  1.000000  0.000000  0.000000  0.000000  1.000000  0.000000  0.000000  
153.802668 0.015919  0.099138  -0.017542  0.993631  0.069163  -0.088956  -0.069459  0.997585  -0.000226  0.088725  0.006403  0.996036  0.003489  0.000480  0.000103  0.000000  0.000000  0.000000  2.000000  1.000000  0.000000  0.000000  0.000000  1.000000  0.000000  0.000000  0.000000  1.000000  0.999992  0.003268  -0.002161  -0.003267  0.999995  0.000292  0.002162  -0.000285  0.999998  1.000000  0.000000  0.000000  0.000000  1.000000  0.000000  0.000000  0.000000  1.000000  1.000000  0.000000  0.000000  0.000000  1.000000  0.000000  0.000000  0.000000  1.000000  0.000000  0.000000  
153.803917 0.015928  0.099140  -0.017544  0.993553  0.069777  -0.089355  -0.070070  0.997542  -0.000143  0.089125  0.006403  0.996000  0.004036  0.000650  -0.000018  0.000000  0.000000  0.000000  2.000000  1.000000  0.000000  0.000000  0.000000  1.000000  0.000000  0.000000  0.000000  1.000000  0.999989  0.003880  -0.002566  -0.003880  0.999992  0.000348  0.002568  -0.000338  0.999997  1.000000  0.000000  0.000000  0.000000  1.000000  0.000000  0.000000  0.000000  1.000000  1.000000  0.000000  0.000000  0.000000  1.000000  0.000000  0.000000  0.000000  1.000000  0.000000  0.000000  
153.804918 0.015935  0.099143  -0.017546  0.993500  0.070186  -0.089621  -0.070477  0.997513  -0.000087  0.089392  0.006403  0.995976  0.004574  0.000808  -0.000146  0.000000  0.000000  0.000000  2.000000  1.000000  0.000000  0.000000  0.000000  1.000000  0.000000  0.000000  0.000000  1.000000  0.999986  0.004288  -0.002970  -0.004287  0.999991  0.000386  0.002972  -0.000374  0.999996  1.000000  0.000000  0.000000  0.000000  1.000000  0.000000  0.000000  0.000000  1.000000  1.000000  0.000000  0.000000  0.000000  1.000000  0.000000  0.000000  0.000000  1.000000  0.000000  0.000000  
153.805925 0.015942  0.099144  -0.017549  0.993435  0.070594  -0.090020  -0.070884  0.997485  -0.000022  0.089792  0.006403  0.995940  0.005067  0.000926  -0.000305  0.015237  0.113478  0.171506  2.000000  1.000000  0.000000  0.000000  0.000000  1.000000  0.000000  0.000000  0.000000  1.000000  0.999984  0.004697  -0.003240  -0.004695  0.999989  0.000425  0.003242  -0.000409  0.999995  1.000000  0.000000  0.000000  0.000000  1.000000  0.000000  0.000000  0.000000  1.000000  1.000000  0.000000  0.000000  0.000000  1.000000  0.000000  0.000000  0.000000  1.000000  0.000000  0.000000  
153.807168 0.015953  0.099148  -0.017551  0.993355  0.071218  -0.090410  -0.071495  0.997441  0.000183  0.090191  0.006282  0.995905  0.005674  0.001145  -0.000454  0.021182  0.127100  0.192116  2.000000  1.000000  0.000199  -0.000135  -0.000199  1.000000  0.000018  0.000135  -0.000018  1.000000  0.999978  0.005514  -0.003647  -0.005513  0.999985  0.000501  0.003649  -0.000481  0.999993  1.000000  0.000069  -0.000046  -0.000069  1.000000  0.000006  0.000046  -0.000006  1.000000  1.000000  0.000199  -0.000135  -0.000199  1.000000  0.000018  0.000135  -0.000018  1.000000  0.000057  0.006629  
153.808417 0.015965  0.099152  -0.017554  0.993260  0.072037  -0.090808  -0.072310  0.997382  0.000287  0.090591  0.006281  0.995868  0.006443  0.001368  -0.000681  0.023675  0.140787  0.219626  2.000000  1.000000  0.000564  -0.000383  -0.000564  1.000000  0.000058  0.000383  -0.000058  1.000000  0.999972  0.006127  -0.004185  -0.006124  0.999981  0.000681  0.004189  -0.000655  0.999991  1.000000  0.000077  -0.000052  -0.000077  1.000000  0.000008  0.000052  -0.000008  1.000000  1.000000  0.000564  -0.000383  -0.000564  1.000000  0.000058  0.000383  -0.000058  1.000000  0.000064  0.007450  
153.809668 0.015978  0.099157  -0.017556  0.993166  0.072650  -0.091340  -0.072920  0.997338  0.000382  0.091124  0.006281  0.995820  0.007009  0.001568  -0.000884  0.024958  0.158835  0.233251  2.000000  0.999999  0.000972  -0.000667  -0.000972  1.000000  0.000102  0.000667  -0.000102  1.000000  0.999966  0.006739  -0.004723  -0.006735  0.999977  0.000740  0.004728  -0.000708  0.999989  1.000000  0.000084  -0.000059  -0.000084  1.000000  0.000009  0.000059  -0.000009  1.000000  0.999999  0.000972  -0.000667  -0.000972  1.000000  0.000102  0.000667  -0.000102  1.000000  0.000069  0.008261  
153.810914 0.015992  0.099161  -0.017556  0.993084  0.073263  -0.091738  -0.073531  0.997293  0.000468  0.091524  0.006281  0.995783  0.007485  0.001747  -0.000997  0.026855  0.172473  0.253860  2.000000  0.999999  0.001419  -0.000979  -0.001419  0.999999  0.000150  0.000979  -0.000149  1.000000  0.999960  0.007351  -0.005128  -0.007347  0.999973  0.000799  0.005134  -0.000761  0.999987  1.000000  0.000092  -0.000064  -0.000092  1.000000  0.000010  0.000064  -0.000010  1.000000  0.999999  0.001419  -0.000979  -0.001419  0.999999  0.000150  0.000979  -0.000149  1.000000  0.000075  0.008997  
153.811914 0.016002  0.099163  -0.017556  0.993017  0.073660  -0.092145  -0.073937  0.997263  0.000414  0.091924  0.006401  0.995745  0.007960  0.001903  -0.000995  0.024064  0.186064  0.267537  2.000000  0.999998  0.001802  -0.001249  -0.001802  0.999998  0.000189  0.001249  -0.000187  0.999999  0.999955  0.007758  -0.005533  -0.007755  0.999970  0.000718  0.005538  -0.000675  0.999984  1.000000  0.000097  -0.000069  -0.000097  1.000000  0.000009  0.000069  -0.000009  1.000000  0.999998  0.001802  -0.001249  -0.001802  0.999998  0.000189  0.001249  -0.000187  0.999999  0.000080  0.009555  
153.812917 0.016013  0.099165  -0.017556  0.992950  0.074068  -0.092544  -0.074343  0.997233  0.000482  0.092323  0.006401  0.995709  0.008287  0.001971  -0.000990  0.025353  0.199623  0.281202  2.000000  0.999996  0.002205  -0.001539  -0.002205  0.999998  0.000226  0.001540  -0.000223  0.999999  0.999949  0.008166  -0.005937  -0.008162  0.999966  0.000759  0.005943  -0.000711  0.999982  1.000000  0.000102  -0.000074  -0.000102  1.000000  0.000009  0.000074  -0.000009  1.000000  0.999996  0.002205  -0.001539  -0.002205  0.999998  0.000226  0.001540  -0.000223  0.999999  0.000084  0.010123  
153.814164 0.016027  0.099166  -0.017554  0.992854  0.074681  -0.093075  -0.074952  0.997187  0.000579  0.092856  0.006401  0.995659  0.008727  0.001995  -0.000902  0.027293  0.217774  0.301797  2.000000  0.999994  0.002736  -0.001924  -0.002735  0.999996  0.000275  0.001925  -0.000270  0.999998  0.999943  0.008574  -0.006340  -0.008569  0.999963  0.000802  0.006347  -0.000747  0.999980  1.000000  0.000107  -0.000079  -0.000107  1.000000  0.000010  0.000079  -0.000010  1.000000  0.999994  0.002736  -0.001924  -0.002735  0.999996  0.000275  0.001925  -0.000270  0.999998  0.000091  0.010692  
153.815412 0.016040  0.099167  -0.017552  0.992758  0.075282  -0.093615  -0.075562  0.997141  0.000556  0.093389  0.006521  0.995608  0.009030  0.001937  -0.000744  0.025167  0.235931  0.322358  2.000000  0.999992  0.003175  -0.002249  -0.003174  0.999995  0.000311  0.002250  -0.000304  0.999997  0.999940  0.008776  -0.006610  -0.008771  0.999961  0.000704  0.006616  -0.000646  0.999978  1.000000  0.000110  -0.000083  -0.000110  1.000000  0.000008  0.000083  -0.000008  1.000000  0.999992  0.003175  -0.002249  -0.003174  0.999995  0.000311  0.002250  -0.000304  0.999997  0.000098  0.011008  
153.816414 0.016050  0.099166  -0.017550  0.992705  0.075473  -0.094022  -0.075763  0.997126  0.000485  0.093789  0.006642  0.995570  0.009274  0.001902  -0.000607  0.021777  0.249469  0.329118  2.000000  0.999990  0.003621  -0.002587  -0.003620  0.999993  0.000344  0.002588  -0.000335  0.999997  0.999937  0.008979  -0.006746  -0.008975  0.999960  0.000606  0.006751  -0.000545  0.999977  1.000000  0.000112  -0.000084  -0.000112  1.000000  0.000007  0.000084  -0.000007  1.000000  0.999990  0.003621  -0.002587  -0.003620  0.999993  0.000344  0.002588  -0.000335  0.999997  0.000103  0.011246  
153.817414 0.016060  0.099165  -0.017548  0.992636  0.075870  -0.094430  -0.076169  0.997095  0.000433  0.094188  0.006762  0.995531  0.009547  0.001816  -0.000453  0.019018  0.263080  0.342802  2.000000  0.999987  0.004072  -0.002934  -0.004071  0.999992  0.000370  0.002935  -0.000358  0.999996  0.999935  0.008976  -0.007015  -0.008974  0.999960  0.000367  0.007018  -0.000304  0.999975  1.000000  0.000112  -0.000088  -0.000112  1.000000  0.000004  0.000088  -0.000004  1.000000  0.999987  0.004072  -0.002934  -0.004071  0.999992  0.000370  0.002935  -0.000358  0.999996  0.000106  0.011397  
153.818419 0.016070  0.099164  -0.017547  0.992595  0.076073  -0.094695  -0.076371  0.997079  0.000473  0.094455  0.006762  0.995506  0.009743  0.001647  -0.000255  0.019663  0.276560  0.349532  2.000000  0.999984  0.004531  -0.003290  -0.004530  0.999990  0.000389  0.003292  -0.000374  0.999995  0.999932  0.009180  -0.007150  -0.009178  0.999958  0.000390  0.007153  -0.000324  0.999974  1.000000  0.000115  -0.000089  -0.000115  1.000000  0.000004  0.000089  -0.000004  1.000000  0.999984  0.004531  -0.003290  -0.004530  0.999990  0.000389  0.003292  -0.000374  0.999995  0.000112  0.011642  
153.819666 0.016084  0.099164  -0.017545  0.992526  0.076469  -0.095103  -0.076777  0.997048  0.000422  0.094854  0.006883  0.995467  0.010105  0.001459  0.000081  0.016911  0.290166  0.363205  2.000000  0.999980  0.005103  -0.003737  -0.005101  0.999987  0.000408  0.003739  -0.000388  0.999993  0.999932  0.009179  -0.007151  -0.009177  0.999958  0.000272  0.007153  -0.000207  0.999974  1.000000  0.000115  -0.000089  -0.000115  1.000000  0.000003  0.000089  -0.000003  1.000000  0.999980  0.005103  -0.003737  -0.005101  0.999987  0.000408  0.003739  -0.000388  0.999993  0.000116  0.011638  
153.820669 0.016095  0.099164  -0.017544  0.992456  0.076865  -0.095510  -0.077183  0.997017  0.000371  0.095254  0.007003  0.995428  0.010330  0.001346  0.000296  0.014163  0.303737  0.376830  2.000000  0.999976  0.005546  -0.004094  -0.005544  0.999985  0.000417  0.004096  -0.000394  0.999992  0.999936  0.008768  -0.007149  -0.008767  0.999962  0.000114  0.007150  -0.000052  0.999974  1.000000  0.000110  -0.000089  -0.000110  1.000000  0.000001  0.000089  -0.000001  1.000000  0.999976  0.005546  -0.004094  -0.005544  0.999985  0.000417  0.004096  -0.000394  0.999992  0.000119  0.011314  
153.821917 0.016108  0.099165  -0.017542  0.992415  0.077069  -0.095776  -0.077385  0.997001  0.000412  0.095520  0.007003  0.995403  0.010520  0.001154  0.000587  0.014851  0.312940  0.383857  2.000000  0.999971  0.006086  -0.004546  -0.006084  0.999981  0.000427  0.004549  -0.000400  0.999990  0.999937  0.008562  -0.007282  -0.008560  0.999963  0.000220  0.007284  -0.000157  0.999973  1.000000  0.000107  -0.000091  -0.000107  1.000000  0.000002  0.000091  -0.000002  1.000000  0.999971  0.006086  -0.004546  -0.006084  0.999981  0.000427  0.004549  -0.000400  0.999990  0.000125  0.011241  
153.822988 0.016118  0.099166  -0.017541  0.992389  0.077055  -0.096051  -0.077383  0.997001  0.000312  0.095787  0.007124  0.995376  0.010497  0.001000  0.000800  0.010194  0.316594  0.375934  2.000000  0.999968  0.006397  -0.004817  -0.006395  0.999979  0.000432  0.004820  -0.000401  0.999988  0.999940  0.008150  -0.007280  -0.008150  0.999967  0.000061  0.007281  -0.000002  0.999973  1.000000  0.000102  -0.000091  -0.000102  1.000000  0.000000  0.000091  -0.000000  1.000000  0.999968  0.006397  -0.004817  -0.006395  0.999979  0.000432  0.004820  -0.000401  0.999988  0.000125  0.010929  
153.824164 0.016130  0.099167  -0.017539  0.992335  0.077258  -0.096449  -0.077585  0.996986  0.000362  0.096186  0.007123  0.995338  0.010492  0.000850  0.001067  0.010235  0.323661  0.373665  2.000000  0.999963  0.006800  -0.005186  -0.006797  0.999977  0.000436  0.005189  -0.000400  0.999986  0.999941  0.007944  -0.007413  -0.007944  0.999968  0.000045  0.007413  0.000014  0.999973  1.000000  0.000099  -0.000093  -0.000099  1.000000  0.000000  0.000093  -0.000000  1.000000  0.999963  0.006800  -0.005186  -0.006797  0.999977  0.000436  0.005189  -0.000400  0.999986  0.000125  0.010866  
153.825164 0.016140  0.099168  -0.017537  0.992296  0.077243  -0.096856  -0.077582  0.996986  0.000273  0.096586  0.007244  0.995298  0.010437  0.000672  0.001266  0.005101  0.330805  0.362959  2.000000  0.999959  0.007181  -0.005555  -0.007179  0.999974  0.000436  0.005558  -0.000396  0.999984  0.999944  0.007533  -0.007411  -0.007534  0.999972  -0.000114  0.007410  0.000170  0.999973  1.000000  0.000094  -0.000093  -0.000094  1.000000  -0.000002  0.000093  0.000002  1.000000  0.999959  0.007181  -0.005555  -0.007179  0.999974  0.000436  0.005558  -0.000396  0.999984  0.000123  0.010569  
153.826422 0.016152  0.099169  -0.017534  0.992255  0.077446  -0.097122  -0.077784  0.996970  0.000313  0.096852  0.007244  0.995272  0.010341  0.000493  0.001474  0.001121  0.330736  0.362919  2.000000  0.999953  0.007629  -0.006013  -0.007627  0.999971  0.000429  0.006016  -0.000383  0.999982  0.999950  0.006919  -0.007273  -0.006920  0.999976  -0.000171  0.007272  0.000221  0.999974  1.000000  0.000086  -0.000091  -0.000086  1.000000  -0.000002  0.000091  0.000002  1.000000  0.999953  0.007629  -0.006013  -0.007627  0.999971  0.000429  0.006016  -0.000383  0.999982  0.000122  0.010040  
153.827661 0.016162  0.099169  -0.017531  0.992229  0.077433  -0.097397  -0.077782  0.996970  0.000213  0.097118  0.007364  0.995246  0.010133  0.000307  0.001656  -0.003468  0.328056  0.353142  2.000000  0.999947  0.008049  -0.006461  -0.008046  0.999968  0.000414  0.006464  -0.000362  0.999979  0.999955  0.006303  -0.007136  -0.006306  0.999980  -0.000351  0.007134  0.000396  0.999974  1.000000  0.000079  -0.000089  -0.000079  1.000000  -0.000005  0.000089  0.000005  1.000000  0.999947  0.008049  -0.006461  -0.008046  0.999968  0.000414  0.006464  -0.000362  0.999979  0.000123  0.009529  
153.828666 0.016170  0.099168  -0.017526  0.992203  0.077419  -0.097672  -0.077780  0.996971  0.000113  0.097385  0.007485  0.995219  0.009899  0.000154  0.001910  -0.008051  0.327988  0.346236  2.000000  0.999942  0.008351  -0.006810  -0.008348  0.999965  0.000390  0.006813  -0.000333  0.999977  0.999959  0.005894  -0.006866  -0.005899  0.999982  -0.000632  0.006863  0.000673  0.999976  1.000000  0.000074  -0.000086  -0.000074  1.000000  -0.000008  0.000086  0.000008  1.000000  0.999942  0.008351  -0.006810  -0.008348  0.999965  0.000390  0.006813  -0.000333  0.999977  0.000120  0.009073  
153.829914 0.016179  0.099167  -0.017520  0.992190  0.077406  -0.097814  -0.077779  0.996971  0.000003  0.097518  0.007605  0.995205  0.009593  0.000027  0.002204  -0.013933  0.323398  0.325733  2.000000  0.999936  0.008688  -0.007232  -0.008686  0.999962  0.000347  0.007235  -0.000284  0.999974  0.999964  0.005074  -0.006728  -0.005080  0.999987  -0.000832  0.006723  0.000867  0.999977  1.000000  0.000063  -0.000084  -0.000063  1.000000  -0.000011  0.000084  0.000011  1.000000  0.999936  0.008688  -0.007232  -0.008686  0.999962  0.000347  0.007235  -0.000284  0.999974  0.000116  0.008469  
153.830914 0.016185  0.099164  -0.017515  0.992193  0.077188  -0.097956  -0.077573  0.996987  -0.000128  0.097651  0.007726  0.995191  0.009328  -0.000157  0.002435  -0.016536  0.316984  0.300943  2.000000  0.999933  0.008868  -0.007478  -0.008866  0.999961  0.000314  0.007480  -0.000248  0.999972  0.999967  0.004664  -0.006591  -0.004671  0.999989  -0.000993  0.006587  0.001024  0.999978  1.000000  0.000058  -0.000082  -0.000058  1.000000  -0.000013  0.000082  0.000013  1.000000  0.999933  0.008868  -0.007478  -0.008866  0.999961  0.000314  0.007480  -0.000248  0.999972  0.000110  0.008138  
153.831914 0.016192  0.099162  -0.017510  0.992180  0.077175  -0.098098  -0.077572  0.996987  -0.000239  0.097784  0.007846  0.995177  0.009092  -0.000189  0.002665  -0.022494  0.312449  0.280363  2.000000  0.999928  0.009081  -0.007796  -0.009079  0.999959  0.000262  0.007798  -0.000191  0.999970  0.999972  0.004050  -0.006320  -0.004058  0.999991  -0.001174  0.006315  0.001200  0.999979  1.000000  0.000051  -0.000079  -0.000051  1.000000  -0.000015  0.000079  0.000015  1.000000  0.999928  0.009081  -0.007796  -0.009079  0.999959  0.000262  0.007798  -0.000191  0.999970  0.000106  0.007600  
153.833164 0.016199  0.099159  -0.017502  0.992167  0.077162  -0.098240  -0.077571  0.996987  -0.000349  0.097917  0.007967  0.995163  0.008719  -0.000341  0.003062  -0.027568  0.305197  0.264273  2.000000  0.999923  0.009318  -0.008176  -0.009317  0.999957  0.000191  0.008178  -0.000115  0.999967  0.999976  0.003643  -0.005916  -0.003650  0.999993  -0.001214  0.005911  0.001236  0.999982  1.000000  0.000046  -0.000074  -0.000046  1.000000  -0.000015  0.000074  0.000015  1.000000  0.999923  0.009318  -0.008176  -0.009317  0.999957  0.000191  0.008178  -0.000115  0.999967  0.000103  0.007055  
153.834166 0.016205  0.099158  -0.017495  0.992141  0.077148  -0.098515  -0.077569  0.996987  -0.000449  0.098184  0.008088  0.995135  0.008432  -0.000422  0.003382  -0.032829  0.305150  0.250614  2.000000  0.999919  0.009482  -0.008469  -0.009481  0.999955  0.000128  0.008470  -0.000048  0.999964  0.999979  0.003028  -0.005778  -0.003036  0.999994  -0.001395  0.005773  0.001413  0.999982  1.000000  0.000038  -0.000072  -0.000038  1.000000  -0.000018  0.000072  0.000018  1.000000  0.999919  0.009482  -0.008469  -0.009481  0.999955  0.000128  0.008470  -0.000048  0.999964  0.000098  0.006673  
153.835414 0.016212  0.099156  -0.017487  0.992143  0.076930  -0.098657  -0.077364  0.997003  -0.000580  0.098317  0.008208  0.995121  0.008017  -0.000513  0.003833  -0.039370  0.291593  0.223362  2.000000  0.999915  0.009648  -0.008817  -0.009648  0.999953  0.000038  0.008817  0.000047  0.999961  0.999983  0.002211  -0.005370  -0.002219  0.999996  -0.001476  0.005367  0.001487  0.999984  1.000000  0.000028  -0.000067  -0.000028  1.000000  -0.000019  0.000067  0.000019  1.000000  0.999915  0.009648  -0.008817  -0.009648  0.999953  0.000038  0.008817  0.000047  0.999961  0.000094  0.005993  
153.836421 0.016217  0.099155  -0.017480  0.992146  0.076711  -0.098799  -0.077159  0.997019  -0.000711  0.098450  0.008329  0.995107  0.007621  -0.000655  0.004226  -0.045314  0.287033  0.202901  2.000000  0.999912  0.009720  -0.009013  -0.009721  0.999953  -0.000019  0.009012  0.000107  0.999959  0.999986  0.001803  -0.004966  -0.001811  0.999997  -0.001637  0.004963  0.001646  0.999986  1.000000  0.000000  0.000000  0.000000  1.000000  0.000000  0.000000  0.000000  1.000000  0.999912  0.009720  -0.009013  -0.009721  0.999953  -0.000019  0.009012  0.000107  0.999959  0.000090  0.000000  
153.837671 0.016224  0.099153  -0.017473  0.992120  0.076697  -0.099074  -0.077157  0.997019  -0.000811  0.098716  0.008449  0.995080  0.007240  -0.000839  0.004663  -0.056373  0.280166  0.177052  2.000000  0.999912  0.009720  -0.009013  -0.009721  0.999953  -0.000019  0.009012  0.000107  0.999959  0.999988  0.001190  -0.004693  -0.001198  0.999998  -0.001698  0.004691  0.001703  0.999988  1.000000  0.000000  0.000000  0.000000  1.000000  0.000000  0.000000  0.000000  1.000000  0.999912  0.009720  -0.009013  -0.009721  0.999953  -0.000019  0.009012  0.000107  0.999959  0.000084  0.000000  
153.838926 0.016230  0.099153  -0.017464  0.992136  0.076480  -0.099083  -0.076953  0.997034  -0.000953  0.098716  0.008570  0.995079  0.006772  -0.000986  0.005042  -0.063674  0.266344  0.142643  2.000000  0.999912  0.009720  -0.009013  -0.009721  0.999953  -0.000019  0.009012  0.000107  0.999959  0.999990  0.000782  -0.004422  -0.000789  0.999998  -0.001738  0.004421  0.001742  0.999989  1.000000  0.000000  0.000000  0.000000  1.000000  0.000000  0.000000  0.000000  1.000000  0.999912  0.009720  -0.009013  -0.009721  0.999953  -0.000019  0.009012  0.000107  0.999959  0.000079  0.000000  
153.840164 0.016236  0.099152  -0.017458  0.992123  0.076467  -0.099225  -0.076952  0.997034  -0.001063  0.098849  0.008691  0.995064  0.006328  -0.001149  0.005339  -0.068471  0.255187  0.127880  2.000000  0.999912  0.009720  -0.009013  -0.009721  0.999953  -0.000019  0.009012  0.000107  0.999959  0.999991  0.000374  -0.004151  -0.000381  0.999998  -0.001779  0.004150  0.001780  0.999990  1.000000  0.000000  0.000000  0.000000  1.000000  0.000000  0.000000  0.000000  1.000000  0.999912  0.009720  -0.009013  -0.009721  0.999953  -0.000019  0.009012  0.000107  0.999959  0.000075  0.000000  
153.841417 0.016241  0.099150  -0.017452  0.992138  0.076249  -0.099234  -0.076747  0.997050  -0.001205  0.098849  0.008811  0.995063  0.005978  -0.001258  0.005495  -0.075150  0.241761  0.100703  2.000000  0.999912  0.009720  -0.009013  -0.009721  0.999953  -0.000019  0.009012  0.000107  0.999959  0.999993  -0.000238  -0.003744  0.000231  0.999998  -0.001840  0.003745  0.001839  0.999991  1.000000  0.000000  0.000000  0.000000  1.000000  0.000000  0.000000  0.000000  1.000000  0.999912  0.009720  -0.009013  -0.009721  0.999953  -0.000019  0.009012  0.000107  0.999959  0.000069  0.000000  
153.842668 0.016245  0.099148  -0.017447  0.992154  0.076032  -0.099243  -0.076543  0.997065  -0.001346  0.098849  0.008932  0.995062  0.005506  -0.001385  0.005595  -0.078342  0.220944  0.074070  2.000000  0.999912  0.009720  -0.009013  -0.009721  0.999953  -0.000019  0.009012  0.000107  0.999959  0.999994  -0.000850  -0.003337  0.000843  0.999998  -0.002022  0.003339  0.002019  0.999992  1.000000  0.000000  0.000000  0.000000  1.000000  0.000000  0.000000  0.000000  1.000000  0.999912  0.009720  -0.009013  -0.009721  0.999953  -0.000019  0.009012  0.000107  0.999959  0.000063  0.000000  
153.843670 0.016247  0.099146  -0.017443  0.992154  0.076020  -0.099252  -0.076543  0.997065  -0.001467  0.098849  0.009053  0.995061  0.005141  -0.001483  0.005562  -0.083721  0.207328  0.060378  2.000000  0.999912  0.009720  -0.009013  -0.009721  0.999953  -0.000019  0.009012  0.000107  0.999959  0.999995  -0.000848  -0.003070  0.000841  0.999998  -0.002022  0.003071  0.002020  0.999993  1.000000  0.000000  0.000000  0.000000  1.000000  0.000000  0.000000  0.000000  1.000000  0.999912  0.009720  -0.009013  -0.009721  0.999953  -0.000019  0.009012  0.000107  0.999959  0.000059  0.000000  
153.844912 0.016251  0.099144  -0.017438  0.992157  0.075801  -0.099394  -0.076338  0.997081  -0.001598  0.098982  0.009173  0.995047  0.004787  -0.001526  0.005458  -0.085671  0.196537  0.032611  2.000000  0.999912  0.009720  -0.009013  -0.009721  0.999953  -0.000019  0.009012  0.000107  0.999959  0.999996  -0.001254  -0.002665  0.001248  0.999997  -0.002063  0.002667  0.002060  0.999994  1.000000  0.000000  0.000000  0.000000  1.000000  0.000000  0.000000  0.000000  1.000000  0.999912  0.009720  -0.009013  -0.009721  0.999953  -0.000019  0.009012  0.000107  0.999959  0.000055  0.000000  
153.846162 0.016255  0.099142  -0.017433  0.992157  0.075801  -0.099394  -0.076338  0.997081  -0.001598  0.098982  0.009173  0.995047  0.004510  -0.001483  0.005442  -0.082929  0.178565  0.019074  2.000000  0.999912  0.009720  -0.009013  -0.009721  0.999953  -0.000019  0.009012  0.000107  0.999959  0.999997  -0.001250  -0.002263  0.001246  0.999997  -0.002063  0.002266  0.002060  0.999995  1.000000  0.000000  0.000000  0.000000  1.000000  0.000000  0.000000  0.000000  1.000000  0.999912  0.009720  -0.009013  -0.009721  0.999953  -0.000019  0.009012  0.000107  0.999959  0.000051  0.000000  
153.847414 0.016258  0.099139  -0.017427  0.992172  0.075584  -0.099403  -0.076133  0.997096  -0.001740  0.098982  0.009294  0.995046  0.004171  -0.001406  0.005270  0.000000  0.000000  0.000000  2.000000  0.999912  0.009720  -0.009013  -0.009721  0.999953  -0.000019  0.009012  0.000107  0.999959  0.999997  -0.001658  -0.001991  0.001654  0.999996  -0.002104  0.001995  0.002100  0.999996  1.000000  0.000000  0.000000  0.000000  1.000000  0.000000  0.000000  0.000000  1.000000  0.999912  0.009720  -0.009013  -0.009721  0.999953  -0.000019  0.009012  0.000107  0.999959  0.000046  0.000000  
153.848666 0.016262  0.099138  -0.017421  0.992188  0.075367  -0.099411  -0.075929  0.997111  -0.001881  0.098982  0.009415  0.995045  0.003975  -0.001369  0.005123  0.000000  0.000000  0.000000  2.000000  0.999912  0.009720  -0.009013  -0.009721  0.999953  -0.000019  0.009012  0.000107  0.999959  0.999997  -0.001860  -0.001722  0.001857  0.999996  -0.002245  0.001726  0.002242  0.999996  1.000000  0.000000  0.000000  0.000000  1.000000  0.000000  0.000000  0.000000  1.000000  0.999912  0.009720  -0.009013  -0.009721  0.999953  -0.000019  0.009012  0.000107  0.999959  0.000000  0.000000  
153.849914 0.016267  0.099137  -0.017415  0.992188  0.075355  -0.099421  -0.075929  0.997111  -0.002002  0.098982  0.009535  0.995043  0.003833  -0.001332  0.004968  0.000000  0.000000  0.000000  2.000000  0.999912  0.009720  -0.009013  -0.009721  0.999953  -0.000019  0.009012  0.000107  0.999959  0.999997  -0.001859  -0.001588  0.001856  0.999996  -0.002124  0.001592  0.002121  0.999996  1.000000  0.000000  0.000000  0.000000  1.000000  0.000000  0.000000  0.000000  1.000000  0.999912  0.009720  -0.009013  -0.009721  0.999953  -0.000019  0.009012  0.000107  0.999959  0.000000  0.000000  
153.851166 0.016273  0.099136  -0.017408  0.992190  0.075136  -0.099562  -0.075724  0.997127  -0.002133  0.099116  0.009656  0.995029  0.003767  -0.001283  0.004920  0.000000  0.000000  0.000000  2.000000  0.999912  0.009720  -0.009013  -0.009721  0.999953  -0.000019  0.009012  0.000107  0.999959  0.999997  -0.001858  -0.001454  0.001855  0.999996  -0.002124  0.001458  0.002122  0.999997  1.000000  0.000000  0.000000  0.000000  1.000000  0.000000  0.000000  0.000000  1.000000  0.999912  0.009720  -0.009013  -0.009721  0.999953  -0.000019  0.009012  0.000107  0.999959  0.000000  0.000000  
153.852168 0.016278  0.099136  -0.017403  0.992190  0.075124  -0.099571  -0.075724  0.997126  -0.002254  0.099116  0.009777  0.995028  0.003787  -0.001230  0.004852  0.000000  0.000000  0.000000  2.000000  0.999912  0.009720  -0.009013  -0.009721  0.999953  -0.000019  0.009012  0.000107  0.999959  0.999997  -0.001857  -0.001320  0.001854  0.999996  -0.002124  0.001324  0.002122  0.999997  1.000000  0.000000  0.000000  0.000000  1.000000  0.000000  0.000000  0.000000  1.000000  0.999912  0.009720  -0.009013  -0.009721  0.999953  -0.000019  0.009012  0.000107  0.999959  0.000000  0.000000  
153.853170 0.016284  0.099136  -0.017397  0.992177  0.075111  -0.099713  -0.075723  0.997126  -0.002365  0.099249  0.009897  0.995013  0.003779  -0.001154  0.004784  0.000000  0.000000  0.000000  2.000000  0.999912  0.009720  -0.009013  -0.009721  0.999953  -0.000019  0.009012  0.000107  0.999959  0.999997  -0.001857  -0.001319  0.001854  0.999996  -0.002125  0.001323  0.002122  0.999997  1.000000  0.000000  0.000000  0.000000  1.000000  0.000000  0.000000  0.000000  1.000000  0.999912  0.009720  -0.009013  -0.009721  0.999953  -0.000019  0.009012  0.000107  0.999959  0.000000  0.000000  
153.854423 0.016291  0.099137  -0.017391  0.992193  0.074893  -0.099722  -0.075519  0.997141  -0.002507  0.099249  0.010018  0.995012  0.003878  -0.001016  0.004712  0.000000  0.000000  0.000000  2.000000  0.999912  0.009720  -0.009013  -0.009721  0.999953  -0.000019  0.009012  0.000107  0.999959  0.999997  -0.002061  -0.001183  0.002058  0.999996  -0.002145  0.001188  0.002143  0.999997  1.000000  0.000000  0.000000  0.000000  1.000000  0.000000  0.000000  0.000000  1.000000  0.999912  0.009720  -0.009013  -0.009721  0.999953  -0.000019  0.009012  0.000107  0.999959  0.000000  0.000000  
153.855670 0.016298  0.099138  -0.017384  0.992180  0.074880  -0.099863  -0.075518  0.997141  -0.002617  0.099382  0.010138  0.994998  0.004006  -0.000904  0.004734  0.000000  0.000000  0.000000  2.000000  0.999912  0.009720  -0.009013  -0.009721  0.999953  -0.000019  0.009012  0.000107  0.999959  0.999998  -0.001855  -0.001051  0.001852  0.999996  -0.002125  0.001055  0.002123  0.999997  1.000000  0.000000  0.000000  0.000000  1.000000  0.000000  0.000000  0.000000  1.000000  0.999912  0.009720  -0.009013  -0.009721  0.999953  -0.000019  0.009012  0.000107  0.999959  0.000000  0.000000  
153.856919 0.016306  0.099138  -0.017379  0.992180  0.074868  -0.099872  -0.075518  0.997141  -0.002738  0.099382  0.010259  0.994996  0.004235  -0.000807  0.004740  0.000000  0.000000  0.000000  2.000000  0.999912  0.009720  -0.009013  -0.009721  0.999953  -0.000019  0.009012  0.000107  0.999959  0.999998  -0.001853  -0.000917  0.001851  0.999996  -0.002125  0.000921  0.002123  0.999997  1.000000  0.000000  0.000000  0.000000  1.000000  0.000000  0.000000  0.000000  1.000000  0.999912  0.009720  -0.009013  -0.009721  0.999953  -0.000019  0.009012  0.000107  0.999959  0.000000  0.000000  
153.858168 0.016313  0.099138  -0.017374  0.992180  0.074843  -0.099891  -0.075518  0.997140  -0.002980  0.099382  0.010500  0.994994  0.004445  -0.000668  0.004730  0.000000  0.000000  0.000000  2.000000  0.999912  0.009720  -0.009013  -0.009721  0.999953  -0.000019  0.009012  0.000107  0.999959  0.999998  -0.001646  -0.000652  0.001644  0.999996  -0.002104  0.000655  0.002103  0.999998  1.000000  0.000000  0.000000  0.000000  1.000000  0.000000  0.000000  0.000000  1.000000  0.999912  0.009720  -0.009013  -0.009721  0.999953  -0.000019  0.009012  0.000107  0.999959  0.000000  0.000000  
153.859418 0.016321  0.099138  -0.017370  0.992180  0.074831  -0.099900  -0.075518  0.997140  -0.003101  0.099382  0.010621  0.994993  0.004789  -0.000448  0.004662  0.000000  0.000000  0.000000  2.000000  0.999912  0.009720  -0.009013  -0.009721  0.999953  -0.000019  0.009012  0.000107  0.999959  0.999999  -0.001441  -0.000654  0.001440  0.999997  -0.002084  0.000657  0.002083  0.999998  1.000000  0.000000  0.000000  0.000000  1.000000  0.000000  0.000000  0.000000  1.000000  0.999912  0.009720  -0.009013  -0.009721  0.999953  -0.000019  0.009012  0.000107  0.999959  0.000000  0.000000  
153.860667 0.016329  0.099139  -0.017367  0.992180  0.074831  -0.099900  -0.075518  0.997140  -0.003101  0.099382  0.010621  0.994993  0.005099  -0.000251  0.004508  0.000000  0.000000  0.000000  2.000000  0.999912  0.009720  -0.009013  -0.009721  0.999953  -0.000019  0.009012  0.000107  0.999959  0.999999  -0.001440  -0.000520  0.001439  0.999997  -0.002084  0.000523  0.002083  0.999998  1.000000  0.000000  0.000000  0.000000  1.000000  0.000000  0.000000  0.000000  1.000000  0.999912  0.009720  -0.009013  -0.009721  0.999953  -0.000019  0.009012  0.000107  0.999959  0.000000  0.000000  
153.861914 0.016338  0.099140  -0.017364  0.992180  0.074819  -0.099909  -0.075518  0.997139  -0.003222  0.099382  0.010742  0.994991  0.005459  0.000015  0.004354  0.000000  0.000000  0.000000  2.000000  0.999912  0.009720  -0.009013  -0.009721  0.999953  -0.000019  0.009012  0.000107  0.999959  0.999999  -0.001235  -0.000522  0.001234  0.999997  -0.002064  0.000524  0.002063  0.999998  1.000000  0.000000  0.000000  0.000000  1.000000  0.000000  0.000000  0.000000  1.000000  0.999912  0.009720  -0.009013  -0.009721  0.999953  -0.000019  0.009012  0.000107  0.999959  0.000000  0.000000  
153.863164 0.016347  0.099142  -0.017361  0.992180  0.074819  -0.099909  -0.075518  0.997139  -0.003222  0.099382  0.010742  0.994991  0.005749  0.000213  0.004188  0.000000  0.000000  0.000000  2.000000  0.999912  0.009720  -0.009013  -0.009721  0.999953  -0.000019  0.009012  0.000107  0.999959  0.999999  -0.001030  -0.000524  0.001029  0.999998  -0.001922  0.000526  0.001921  0.999998  1.000000  0.000000  0.000000  0.000000  1.000000  0.000000  0.000000  0.000000  1.000000  0.999912  0.009720  -0.009013  -0.009721  0.999953  -0.000019  0.009012  0.000107  0.999959  0.000000  0.000000  
153.864164 0.016355  0.099143  -0.017359  0.992180  0.074807  -0.099918  -0.075518  0.997139  -0.003343  0.099382  0.010862  0.994990  0.006061  0.000426  0.003984  0.000000  0.000000  0.000000  2.000000  0.999912  0.009720  -0.009013  -0.009721  0.999953  -0.000019  0.009012  0.000107  0.999959  0.999999  -0.001030  -0.000524  0.001029  0.999998  -0.001922  0.000526  0.001921  0.999998  1.000000  0.000000  0.000000  0.000000  1.000000  0.000000  0.000000  0.000000  1.000000  0.999912  0.009720  -0.009013  -0.009721  0.999953  -0.000019  0.009012  0.000107  0.999959  0.000000  0.000000  
153.865165 0.016363  0.099146  -0.017355  0.992180  0.074807  -0.099918  -0.075518  0.997139  -0.003343  0.099382  0.010862  0.994990  0.006309  0.000618  0.003832  0.000000  0.000000  0.000000  2.000000  0.999912  0.009720  -0.009013  -0.009721  0.999953  -0.000019  0.009012  0.000107  0.999959  1.000000  -0.000824  -0.000392  0.000823  0.999998  -0.001901  0.000394  0.001901  0.999998  1.000000  0.000000  0.000000  0.000000  1.000000  0.000000  0.000000  0.000000  1.000000  0.999912  0.009720  -0.009013  -0.009721  0.999953  -0.000019  0.009012  0.000107  0.999959  0.000000  0.000000  
153.866418 0.016374  0.099149  -0.017351  0.992180  0.074807  -0.099918  -0.075518  0.997139  -0.003343  0.099382  0.010862  0.994990  0.006655  0.000923  0.003656  0.000000  0.000000  0.000000  2.000000  0.999912  0.009720  -0.009013  -0.009721  0.999953  -0.000019  0.009012  0.000107  0.999959  1.000000  -0.000824  -0.000392  0.000823  0.999998  -0.001780  0.000394  0.001780  0.999998  1.000000  0.000000  0.000000  0.000000  1.000000  0.000000  0.000000  0.000000  1.000000  0.999912  0.009720  -0.009013  -0.009721  0.999953  -0.000019  0.009012  0.000107  0.999959  0.000000  0.000000  
