1-Time 2-Px 3-Py 4-Pz 5-R11 6-R21 7-R31 8-R12 9-R22 10-R32 11-R13 12-R23 13-R33 14-Vx 15-Vy 16-Vz 17-Wx 18-Wy 19-Wz 20-state 21-PR11 22-PR21 23-PR31 24-PR12 25-PR22 26-PR32 27-PR13 28-PR23 29-PR33 
47.838938 0.004506  0.093396  -0.018649  0.995117  0.067440  -0.072075  -0.066887  0.997710  0.010072  0.072589  -0.005202  0.997348  -0.000015  -0.000084  0.000222  0.000000  0.000000  0.000000  2.000000  1.000000  0.000000  0.000000  0.000000  1.000000  0.000000  0.000000  0.000000  1.000000  1.000000  -0.000001  0.000134  0.000001  1.000000  0.000000  -0.000134  0.000000  1.000000  1.000000  0.000000  0.000000  0.000000  1.000000  0.000000  0.000000  0.000000  1.000000  0.661378  0.491284  0.566761  -0.530980  0.840367  -0.108829  -0.529753  -0.228962  0.816663  0.000000  0.000000  
47.839942 0.004506  0.093397  -0.018648  0.995103  0.067646  -0.072073  -0.067092  0.997696  0.010087  0.072589  -0.005202  0.997348  -0.000015  -0.000084  0.000222  0.000000  0.000000  0.000000  2.000000  1.000000  0.000000  0.000000  0.000000  1.000000  0.000000  0.000000  0.000000  1.000000  1.000000  -0.000001  0.000134  0.000001  1.000000  0.000000  -0.000134  0.000000  1.000000  1.000000  0.000000  0.000000  0.000000  1.000000  0.000000  0.000000  0.000000  1.000000  1.000000  0.000000  0.000000  0.000000  1.000000  0.000000  0.000000  0.000000  1.000000  0.000000  0.000000  
47.840947 0.004506  0.093395  -0.018649  0.995079  0.067852  -0.072204  -0.067296  0.997682  0.010111  0.072722  -0.005202  0.997339  -0.000026  -0.000136  0.000173  0.000000  0.000000  0.000000  2.000000  1.000000  0.000000  0.000000  0.000000  1.000000  0.000000  0.000000  0.000000  1.000000  1.000000  0.000411  0.000002  -0.000411  1.000000  0.000030  -0.000002  -0.000030  1.000000  1.000000  0.000000  0.000000  0.000000  1.000000  0.000000  0.000000  0.000000  1.000000  1.000000  0.000000  0.000000  0.000000  1.000000  0.000000  0.000000  0.000000  1.000000  0.000000  0.000000  
47.842196 0.004506  0.093394  -0.018649  0.995032  0.068273  -0.072457  -0.067704  0.997652  0.010280  0.072989  -0.005323  0.997319  0.000021  -0.000232  0.000167  0.000000  0.000000  0.000000  2.000000  1.000000  0.000000  0.000000  0.000000  1.000000  0.000000  0.000000  0.000000  1.000000  1.000000  0.000617  -0.000130  -0.000617  1.000000  0.000166  0.000131  -0.000166  1.000000  1.000000  0.000000  0.000000  0.000000  1.000000  0.000000  0.000000  0.000000  1.000000  1.000000  0.000000  0.000000  0.000000  1.000000  0.000000  0.000000  0.000000  1.000000  0.000000  0.000000  
47.843447 0.004507  0.093392  -0.018649  0.995008  0.068479  -0.072588  -0.067908  0.997638  0.010304  0.073123  -0.005323  0.997309  0.000055  -0.000401  0.000158  0.000000  0.000000  0.000000  2.000000  1.000000  0.000000  0.000000  0.000000  1.000000  0.000000  0.000000  0.000000  1.000000  0.999999  0.001029  -0.000396  -0.001029  0.999999  0.000197  0.000396  -0.000196  1.000000  1.000000  0.000000  0.000000  0.000000  1.000000  0.000000  0.000000  0.000000  1.000000  1.000000  0.000000  0.000000  0.000000  1.000000  0.000000  0.000000  0.000000  1.000000  0.000000  0.000000  
47.844447 0.004508  0.093390  -0.018649  0.994975  0.068686  -0.072853  -0.068112  0.997624  0.010337  0.073389  -0.005323  0.997289  0.000113  -0.000498  0.000114  0.000000  0.000000  0.000000  2.000000  1.000000  0.000000  0.000000  0.000000  1.000000  0.000000  0.000000  0.000000  1.000000  0.999999  0.001235  -0.000529  -0.001235  0.999999  0.000212  0.000529  -0.000211  1.000000  1.000000  0.000000  0.000000  0.000000  1.000000  0.000000  0.000000  0.000000  1.000000  1.000000  0.000000  0.000000  0.000000  1.000000  0.000000  0.000000  0.000000  1.000000  0.000000  0.000000  
47.845692 0.004509  0.093388  -0.018649  0.994937  0.069106  -0.072973  -0.068521  0.997594  0.010497  0.073523  -0.005444  0.997279  0.000229  -0.000640  0.000113  0.000000  0.000000  0.000000  2.000000  1.000000  0.000000  0.000000  0.000000  1.000000  0.000000  0.000000  0.000000  1.000000  0.999999  0.001442  -0.000795  -0.001441  0.999999  0.000349  0.000795  -0.000347  1.000000  1.000000  0.000000  0.000000  0.000000  1.000000  0.000000  0.000000  0.000000  1.000000  1.000000  0.000000  0.000000  0.000000  1.000000  0.000000  0.000000  0.000000  1.000000  0.000000  0.000000  
47.846979 0.004511  0.093386  -0.018649  0.994889  0.069518  -0.073235  -0.068929  0.997566  0.010545  0.073790  -0.005443  0.997259  0.000335  -0.000756  0.000104  0.000000  0.000000  0.000000  2.000000  1.000000  0.000000  0.000000  0.000000  1.000000  0.000000  0.000000  0.000000  1.000000  0.999998  0.001853  -0.000926  -0.001853  0.999998  0.000379  0.000927  -0.000377  0.999999  1.000000  0.000000  0.000000  0.000000  1.000000  0.000000  0.000000  0.000000  1.000000  1.000000  0.000000  0.000000  0.000000  1.000000  0.000000  0.000000  0.000000  1.000000  0.000000  0.000000  
47.848192 0.004512  0.093384  -0.018648  0.994816  0.070137  -0.073628  -0.069541  0.997523  0.010619  0.074190  -0.005443  0.997229  0.000441  -0.000898  0.000141  0.000000  0.000000  0.000000  2.000000  1.000000  0.000000  0.000000  0.000000  1.000000  0.000000  0.000000  0.000000  1.000000  0.999996  0.002676  -0.001323  -0.002676  0.999996  0.000441  0.001324  -0.000437  0.999999  1.000000  0.000000  0.000000  0.000000  1.000000  0.000000  0.000000  0.000000  1.000000  1.000000  0.000000  0.000000  0.000000  1.000000  0.000000  0.000000  0.000000  1.000000  0.000000  0.000000  
47.849444 0.004514  0.093382  -0.018649  0.994753  0.070754  -0.073887  -0.070154  0.997479  0.010683  0.074457  -0.005443  0.997209  0.000519  -0.001000  0.000021  0.000000  0.000000  0.000000  2.000000  1.000000  0.000000  0.000000  0.000000  1.000000  0.000000  0.000000  0.000000  1.000000  0.999993  0.003295  -0.001721  -0.003294  0.999994  0.000488  0.001723  -0.000482  0.999998  1.000000  0.000000  0.000000  0.000000  1.000000  0.000000  0.000000  0.000000  1.000000  1.000000  0.000000  0.000000  0.000000  1.000000  0.000000  0.000000  0.000000  1.000000  0.000000  0.000000  
47.850450 0.004514  0.093381  -0.018651  0.994695  0.071167  -0.074282  -0.070562  0.997450  0.010742  0.074857  -0.005443  0.997179  0.000547  -0.001101  -0.000088  0.000000  0.000000  0.000000  2.000000  1.000000  0.000000  0.000000  0.000000  1.000000  0.000000  0.000000  0.000000  1.000000  0.999991  0.003708  -0.002120  -0.003706  0.999993  0.000519  0.002122  -0.000512  0.999998  1.000000  0.000000  0.000000  0.000000  1.000000  0.000000  0.000000  0.000000  1.000000  1.000000  0.000000  0.000000  0.000000  1.000000  0.000000  0.000000  0.000000  1.000000  0.000000  0.000000  
47.851692 0.004515  0.093379  -0.018653  0.994621  0.071785  -0.074675  -0.071174  0.997405  0.010816  0.075257  -0.005443  0.997149  0.000627  -0.001182  -0.000254  0.000000  0.000000  0.000000  2.000000  1.000000  0.000000  0.000000  0.000000  1.000000  0.000000  0.000000  0.000000  1.000000  0.999988  0.004120  -0.002519  -0.004119  0.999991  0.000552  0.002521  -0.000541  0.999997  1.000000  0.000000  0.000000  0.000000  1.000000  0.000000  0.000000  0.000000  1.000000  1.000000  0.000000  0.000000  0.000000  1.000000  0.000000  0.000000  0.000000  1.000000  0.000000  0.000000  
47.852710 0.004516  0.093379  -0.018654  0.994571  0.072197  -0.074936  -0.071582  0.997376  0.010866  0.075524  -0.005443  0.997129  0.000707  -0.001208  -0.000333  0.000000  0.000000  0.000000  2.000000  1.000000  0.000000  0.000000  0.000000  1.000000  0.000000  0.000000  0.000000  1.000000  0.999985  0.004533  -0.002918  -0.004532  0.999990  0.000585  0.002921  -0.000571  0.999996  1.000000  0.000000  0.000000  0.000000  1.000000  0.000000  0.000000  0.000000  1.000000  1.000000  0.000000  0.000000  0.000000  1.000000  0.000000  0.000000  0.000000  1.000000  0.000000  0.000000  
47.853942 0.004517  0.093377  -0.018655  0.994486  0.072816  -0.075462  -0.072193  0.997331  0.010951  0.076058  -0.005443  0.997089  0.000776  -0.001309  -0.000416  0.021535  0.111455  0.179986  2.000000  1.000000  0.000129  -0.000081  -0.000129  1.000000  0.000016  0.000081  -0.000016  1.000000  0.999981  0.005151  -0.003316  -0.005149  0.999987  0.000633  0.003319  -0.000616  0.999994  1.000000  0.000064  -0.000041  -0.000064  1.000000  0.000008  0.000041  -0.000008  1.000000  1.000000  0.000129  -0.000081  -0.000129  1.000000  0.000016  0.000081  -0.000016  1.000000  0.000051  0.006158  
47.854950 0.004519  0.093376  -0.018656  0.994421  0.073434  -0.075721  -0.072806  0.997285  0.011017  0.076325  -0.005442  0.997068  0.000884  -0.001383  -0.000516  0.023098  0.120297  0.200663  2.000000  1.000000  0.000337  -0.000216  -0.000337  1.000000  0.000040  0.000216  -0.000040  1.000000  0.999976  0.005770  -0.003714  -0.005767  0.999983  0.000683  0.003718  -0.000661  0.999993  1.000000  0.000072  -0.000046  -0.000072  1.000000  0.000008  0.000046  -0.000008  1.000000  1.000000  0.000337  -0.000216  -0.000337  1.000000  0.000040  0.000216  -0.000040  1.000000  0.000057  0.006894  
47.856199 0.004521  0.093374  -0.018658  0.994346  0.074052  -0.076114  -0.073418  0.997240  0.011093  0.076725  -0.005442  0.997037  0.001000  -0.001388  -0.000597  0.024697  0.133717  0.221497  2.000000  1.000000  0.000721  -0.000459  -0.000721  1.000000  0.000084  0.000459  -0.000084  1.000000  0.999971  0.006388  -0.004111  -0.006385  0.999979  0.000732  0.004116  -0.000706  0.999991  1.000000  0.000080  -0.000051  -0.000080  1.000000  0.000009  0.000051  -0.000009  1.000000  1.000000  0.000721  -0.000459  -0.000721  1.000000  0.000084  0.000459  -0.000084  1.000000  0.000064  0.007630  
47.857445 0.004523  0.093372  -0.018658  0.994269  0.074670  -0.076506  -0.074030  0.997193  0.011170  0.077125  -0.005442  0.997007  0.001077  -0.001433  -0.000629  0.026292  0.147070  0.242221  2.000000  0.999999  0.001143  -0.000730  -0.001143  0.999999  0.000131  0.000730  -0.000130  1.000000  0.999965  0.007006  -0.004509  -0.007002  0.999975  0.000782  0.004514  -0.000751  0.999990  1.000000  0.000088  -0.000056  -0.000088  1.000000  0.000010  0.000056  -0.000010  1.000000  0.999999  0.001143  -0.000730  -0.001143  0.999999  0.000131  0.000730  -0.000130  1.000000  0.000070  0.008367  
47.858451 0.004524  0.093369  -0.018658  0.994223  0.074877  -0.076903  -0.074232  0.997178  0.011215  0.077525  -0.005442  0.996976  0.001143  -0.001477  -0.000604  0.026854  0.160486  0.249134  2.000000  0.999998  0.001509  -0.000964  -0.001509  0.999999  0.000171  0.000964  -0.000169  1.000000  0.999961  0.007418  -0.004774  -0.007414  0.999972  0.000816  0.004780  -0.000781  0.999988  1.000000  0.000093  -0.000060  -0.000093  1.000000  0.000010  0.000060  -0.000010  1.000000  0.999998  0.001509  -0.000964  -0.001509  0.999999  0.000171  0.000964  -0.000169  1.000000  0.000074  0.008858  
47.859696 0.004526  0.093366  -0.018657  0.994146  0.075495  -0.077295  -0.074844  0.997131  0.011293  0.077926  -0.005442  0.996944  0.001170  -0.001570  -0.000534  0.028453  0.178384  0.269962  2.000000  0.999997  0.001988  -0.001282  -0.001988  0.999998  0.000223  0.001282  -0.000220  0.999999  0.999955  0.007831  -0.005307  -0.007827  0.999969  0.000852  0.005313  -0.000811  0.999986  1.000000  0.000098  -0.000066  -0.000098  1.000000  0.000010  0.000066  -0.000010  1.000000  0.999997  0.001988  -0.001282  -0.001988  0.999998  0.000223  0.001282  -0.000220  0.999999  0.000079  0.009497  
47.860698 0.004528  0.093362  -0.018656  0.994084  0.075908  -0.077689  -0.075251  0.997100  0.011355  0.078326  -0.005442  0.996913  0.001227  -0.001692  -0.000511  0.029550  0.191787  0.283809  2.000000  0.999996  0.002395  -0.001557  -0.002395  0.999997  0.000266  0.001558  -0.000262  0.999999  0.999950  0.008244  -0.005706  -0.008239  0.999966  0.000887  0.005713  -0.000840  0.999983  1.000000  0.000103  -0.000071  -0.000103  1.000000  0.000011  0.000071  -0.000011  1.000000  0.999996  0.002395  -0.001557  -0.002395  0.999997  0.000266  0.001558  -0.000262  0.999999  0.000086  0.010063  
47.861946 0.004530  0.093357  -0.018655  0.993995  0.076527  -0.078214  -0.075862  0.997053  0.011444  0.078859  -0.005441  0.996871  0.001298  -0.001918  -0.000400  0.031198  0.209668  0.304606  2.000000  0.999994  0.002918  -0.001924  -0.002917  0.999996  0.000322  0.001925  -0.000316  0.999998  0.999946  0.008451  -0.005972  -0.008446  0.999964  0.000907  0.005980  -0.000857  0.999982  1.000000  0.000106  -0.000075  -0.000106  1.000000  0.000011  0.000075  -0.000011  1.000000  0.999994  0.002918  -0.001924  -0.002917  0.999996  0.000322  0.001925  -0.000316  0.999998  0.000091  0.010386  
47.862946 0.004532  0.093353  -0.018654  0.993932  0.076939  -0.078608  -0.076269  0.997021  0.011506  0.079259  -0.005441  0.996839  0.001332  -0.002090  -0.000385  0.032309  0.223079  0.318465  2.000000  0.999992  0.003240  -0.002155  -0.003239  0.999995  0.000353  0.002156  -0.000346  0.999998  0.999943  0.008658  -0.006238  -0.008653  0.999962  0.000805  0.006245  -0.000751  0.999980  1.000000  0.000108  -0.000078  -0.000108  1.000000  0.000010  0.000078  -0.000010  1.000000  0.999992  0.003240  -0.002155  -0.003239  0.999995  0.000353  0.002156  -0.000346  0.999998  0.000096  0.010700  
47.864192 0.004534  0.093347  -0.018652  0.993869  0.077352  -0.079002  -0.076675  0.996989  0.011569  0.079660  -0.005441  0.996807  0.001402  -0.002343  -0.000182  0.033439  0.236587  0.332460  2.000000  0.999990  0.003781  -0.002553  -0.003780  0.999993  0.000403  0.002555  -0.000393  0.999997  0.999941  0.008659  -0.006506  -0.008654  0.999962  0.000810  0.006513  -0.000754  0.999979  1.000000  0.000108  -0.000081  -0.000108  1.000000  0.000010  0.000081  -0.000010  1.000000  0.999990  0.003781  -0.002553  -0.003780  0.999993  0.000403  0.002555  -0.000393  0.999997  0.000101  0.010859  
47.865193 0.004536  0.093343  -0.018651  0.993821  0.077550  -0.079408  -0.076877  0.996974  0.011496  0.080060  -0.005320  0.996776  0.001514  -0.002573  0.000001  0.029948  0.249985  0.339307  2.000000  0.999987  0.004222  -0.002882  -0.004221  0.999991  0.000444  0.002883  -0.000432  0.999996  0.999940  0.008660  -0.006640  -0.008654  0.999962  0.000812  0.006647  -0.000755  0.999978  1.000000  0.000108  -0.000083  -0.000108  1.000000  0.000010  0.000083  -0.000010  1.000000  0.999987  0.004222  -0.002882  -0.004221  0.999991  0.000444  0.002883  -0.000432  0.999996  0.000104  0.010940  
47.866446 0.004539  0.093336  -0.018650  0.993768  0.077962  -0.079670  -0.077285  0.996942  0.011549  0.080326  -0.005320  0.996754  0.001640  -0.002922  0.000160  0.031048  0.258881  0.353114  2.000000  0.999983  0.004776  -0.003300  -0.004774  0.999988  0.000482  0.003302  -0.000467  0.999994  0.999938  0.008865  -0.006773  -0.008861  0.999961  0.000590  0.006778  -0.000530  0.999977  1.000000  0.000111  -0.000085  -0.000111  1.000000  0.000007  0.000085  -0.000007  1.000000  0.999983  0.004776  -0.003300  -0.004774  0.999988  0.000482  0.003302  -0.000467  0.999994  0.000108  0.011170  
47.867693 0.004542  0.093331  -0.018649  0.993731  0.078159  -0.079943  -0.077488  0.996927  0.011465  0.080593  -0.005199  0.996734  0.001731  -0.003220  0.000351  0.027564  0.268000  0.360231  2.000000  0.999979  0.005317  -0.003722  -0.005315  0.999986  0.000519  0.003724  -0.000499  0.999993  0.999942  0.008453  -0.006642  -0.008450  0.999964  0.000559  0.006646  -0.000503  0.999978  1.000000  0.000106  -0.000083  -0.000106  1.000000  0.000007  0.000083  -0.000007  1.000000  0.999979  0.005317  -0.003722  -0.005315  0.999986  0.000519  0.003724  -0.000499  0.999993  0.000112  0.010764  
47.868943 0.004545  0.093325  -0.018647  0.993666  0.078571  -0.080337  -0.077894  0.996895  0.011529  0.080993  -0.005199  0.996701  0.001809  -0.003589  0.000580  0.028701  0.281436  0.374115  2.000000  0.999974  0.005838  -0.004137  -0.005835  0.999983  0.000546  0.004140  -0.000522  0.999991  0.999944  0.008247  -0.006644  -0.008244  0.999966  0.000423  0.006647  -0.000368  0.999978  1.000000  0.000103  -0.000083  -0.000103  1.000000  0.000005  0.000083  -0.000005  1.000000  0.999974  0.005838  -0.004137  -0.005835  0.999983  0.000546  0.004140  -0.000522  0.999991  0.000117  0.010598  
47.870192 0.004547  0.093319  -0.018645  0.993629  0.078768  -0.080610  -0.078097  0.996880  0.011446  0.081260  -0.005078  0.996680  0.001885  -0.003762  0.000765  0.024465  0.288010  0.370992  2.000000  0.999970  0.006338  -0.004549  -0.006335  0.999980  0.000571  0.004552  -0.000542  0.999989  0.999948  0.007835  -0.006514  -0.007833  0.999969  0.000271  0.006516  -0.000220  0.999979  1.000000  0.000098  -0.000081  -0.000098  1.000000  0.000003  0.000081  -0.000003  1.000000  0.999970  0.006338  -0.004549  -0.006335  0.999980  0.000571  0.004552  -0.000542  0.999989  0.000117  0.010192  
47.871199 0.004550  0.093315  -0.018643  0.993618  0.078769  -0.080743  -0.078096  0.996880  0.011456  0.081393  -0.005078  0.996669  0.001916  -0.003939  0.000978  0.024002  0.288239  0.364391  2.000000  0.999967  0.006626  -0.004795  -0.006624  0.999978  0.000581  0.004799  -0.000549  0.999988  0.999950  0.007629  -0.006515  -0.007628  0.999971  0.000256  0.006517  -0.000206  0.999979  1.000000  0.000095  -0.000081  -0.000095  1.000000  0.000003  0.000081  -0.000003  1.000000  0.999967  0.006626  -0.004795  -0.006624  0.999978  0.000581  0.004799  -0.000549  0.999988  0.000117  0.010035  
47.872444 0.004552  0.093310  -0.018641  0.993580  0.078966  -0.081016  -0.078299  0.996865  0.011373  0.081660  -0.004957  0.996648  0.001936  -0.004168  0.001143  0.015468  0.288143  0.357373  2.000000  0.999961  0.007090  -0.005197  -0.007087  0.999975  0.000594  0.005201  -0.000557  0.999986  0.999954  0.007217  -0.006384  -0.007216  0.999974  0.000103  0.006385  -0.000057  0.999980  1.000000  0.000090  -0.000080  -0.000090  1.000000  0.000001  0.000080  -0.000001  1.000000  0.999961  0.007090  -0.005197  -0.007087  0.999975  0.000594  0.005201  -0.000557  0.999986  0.000116  0.009636  
47.873445 0.004553  0.093305  -0.018639  0.993553  0.079171  -0.081146  -0.078503  0.996849  0.011400  0.081793  -0.004956  0.996637  0.001951  -0.004280  0.001295  0.015512  0.288076  0.357286  2.000000  0.999957  0.007441  -0.005510  -0.007438  0.999972  0.000600  0.005514  -0.000559  0.999985  0.999957  0.006805  -0.006253  -0.006805  0.999977  0.000070  0.006253  -0.000028  0.999980  1.000000  0.000085  -0.000078  -0.000085  1.000000  0.000001  0.000078  -0.000001  1.000000  0.999957  0.007441  -0.005510  -0.007438  0.999972  0.000600  0.005514  -0.000559  0.999985  0.000115  0.009242  
47.874696 0.004554  0.093299  -0.018635  0.993531  0.079163  -0.081422  -0.078501  0.996850  0.011300  0.082060  -0.004835  0.996616  0.001908  -0.004466  0.001455  0.007045  0.290478  0.353315  2.000000  0.999952  0.007858  -0.005885  -0.007855  0.999969  0.000601  0.005890  -0.000554  0.999983  0.999962  0.006392  -0.005854  -0.006393  0.999980  -0.000084  0.005854  0.000121  0.999983  1.000000  0.000080  -0.000073  -0.000080  1.000000  -0.000001  0.000073  0.000001  1.000000  0.999952  0.007858  -0.005885  -0.007855  0.999969  0.000601  0.005890  -0.000554  0.999983  0.000113  0.008669  
47.875946 0.004555  0.093292  -0.018632  0.993515  0.079358  -0.081429  -0.078706  0.996835  0.011196  0.082060  -0.004715  0.996616  0.001799  -0.004602  0.001572  0.001938  0.281601  0.339481  2.000000  0.999947  0.008232  -0.006241  -0.008228  0.999966  0.000592  0.006246  -0.000541  0.999980  0.999968  0.005774  -0.005591  -0.005776  0.999983  -0.000255  0.005589  0.000287  0.999984  1.000000  0.000072  -0.000070  -0.000072  1.000000  -0.000003  0.000070  0.000003  1.000000  0.999947  0.008232  -0.006241  -0.008228  0.999966  0.000592  0.006246  -0.000541  0.999980  0.000111  0.008042  
47.877194 0.004556  0.093285  -0.018629  0.993504  0.079349  -0.081572  -0.078705  0.996836  0.011086  0.082193  -0.004594  0.996606  0.001689  -0.004736  0.001689  -0.003152  0.277211  0.325660  2.000000  0.999942  0.008572  -0.006578  -0.008569  0.999963  0.000575  0.006582  -0.000519  0.999978  0.999973  0.005155  -0.005193  -0.005158  0.999987  -0.000426  0.005191  0.000453  0.999986  1.000000  0.000064  -0.000065  -0.000064  1.000000  -0.000005  0.000065  0.000005  1.000000  0.999942  0.008572  -0.006578  -0.008569  0.999963  0.000575  0.006582  -0.000519  0.999978  0.000108  0.007331  
47.878445 0.004557  0.093279  -0.018625  0.993493  0.079340  -0.081714  -0.078704  0.996838  0.010975  0.082327  -0.004473  0.996595  0.001581  -0.004795  0.001846  -0.008768  0.268303  0.304853  2.000000  0.999938  0.008817  -0.006834  -0.008813  0.999961  0.000553  0.006839  -0.000492  0.999976  0.999978  0.004538  -0.004929  -0.004541  0.999990  -0.000597  0.004927  0.000620  0.999988  1.000000  0.000000  0.000000  0.000000  1.000000  0.000000  0.000000  0.000000  1.000000  0.999938  0.008817  -0.006834  -0.008813  0.999961  0.000553  0.006839  -0.000492  0.999976  0.000103  0.000000  
47.879692 0.004558  0.093273  -0.018620  0.993466  0.079536  -0.081855  -0.078908  0.996823  0.010882  0.082460  -0.004352  0.996585  0.001489  -0.004822  0.002092  -0.013872  0.263929  0.291055  2.000000  0.999938  0.008817  -0.006834  -0.008813  0.999961  0.000553  0.006839  -0.000492  0.999976  0.999979  0.004536  -0.004662  -0.004539  0.999989  -0.000719  0.004659  0.000740  0.999989  1.000000  0.000000  0.000000  0.000000  1.000000  0.000000  0.000000  0.000000  1.000000  0.999938  0.008817  -0.006834  -0.008813  0.999961  0.000553  0.006839  -0.000492  0.999976  0.000099  0.000000  
47.880947 0.004558  0.093266  -0.018616  0.993466  0.079526  -0.081864  -0.078908  0.996824  0.010761  0.082460  -0.004231  0.996585  0.001342  -0.004847  0.002323  -0.019504  0.246007  0.270194  2.000000  0.999938  0.008817  -0.006834  -0.008813  0.999961  0.000553  0.006839  -0.000492  0.999976  0.999983  0.003918  -0.004264  -0.003922  0.999992  -0.000890  0.004261  0.000907  0.999991  1.000000  0.000000  0.000000  0.000000  1.000000  0.000000  0.000000  0.000000  1.000000  0.999938  0.008817  -0.006834  -0.008813  0.999961  0.000553  0.006839  -0.000492  0.999976  0.000094  0.000000  
47.882192 0.004559  0.093260  -0.018612  0.993455  0.079506  -0.082016  -0.078907  0.996826  0.010530  0.082593  -0.003989  0.996575  0.001199  -0.004866  0.002544  -0.028684  0.237154  0.256366  2.000000  0.999938  0.008817  -0.006834  -0.008813  0.999961  0.000553  0.006839  -0.000492  0.999976  0.999987  0.003300  -0.003866  -0.003304  0.999994  -0.001062  0.003863  0.001075  0.999992  1.000000  0.000000  0.000000  0.000000  1.000000  0.000000  0.000000  0.000000  1.000000  0.999938  0.008817  -0.006834  -0.008813  0.999961  0.000553  0.006839  -0.000492  0.999976  0.000088  0.000000  
47.883193 0.004560  0.093255  -0.018609  0.993455  0.079496  -0.082026  -0.078907  0.996828  0.010409  0.082593  -0.003868  0.996576  0.001127  -0.004884  0.002678  -0.034370  0.228268  0.235609  2.000000  0.999938  0.008817  -0.006834  -0.008813  0.999961  0.000553  0.006839  -0.000492  0.999976  0.999990  0.002887  -0.003467  -0.002891  0.999995  -0.001217  0.003463  0.001228  0.999993  1.000000  0.000000  0.000000  0.000000  1.000000  0.000000  0.000000  0.000000  1.000000  0.999938  0.008817  -0.006834  -0.008813  0.999961  0.000553  0.006839  -0.000492  0.999976  0.000085  0.000000  
47.884443 0.004561  0.093249  -0.018606  0.993444  0.079487  -0.082169  -0.078906  0.996829  0.010298  0.082727  -0.003747  0.996565  0.001004  -0.004937  0.002689  -0.039168  0.217592  0.219974  2.000000  0.999938  0.008817  -0.006834  -0.008813  0.999961  0.000553  0.006839  -0.000492  0.999976  0.999992  0.002474  -0.003068  -0.002479  0.999996  -0.001494  0.003064  0.001501  0.999994  1.000000  0.000000  0.000000  0.000000  1.000000  0.000000  0.000000  0.000000  1.000000  0.999938  0.008817  -0.006834  -0.008813  0.999961  0.000553  0.006839  -0.000492  0.999976  0.000079  0.000000  
47.885692 0.004562  0.093243  -0.018604  0.993427  0.079672  -0.082186  -0.079111  0.996815  0.010074  0.082727  -0.003506  0.996566  0.000896  -0.004985  0.002684  -0.048296  0.204254  0.206156  2.000000  0.999938  0.008817  -0.006834  -0.008813  0.999961  0.000553  0.006839  -0.000492  0.999976  0.999994  0.002267  -0.002668  -0.002271  0.999996  -0.001511  0.002664  0.001517  0.999995  1.000000  0.000000  0.000000  0.000000  1.000000  0.000000  0.000000  0.000000  1.000000  0.999938  0.008817  -0.006834  -0.008813  0.999961  0.000553  0.006839  -0.000492  0.999976  0.000074  0.000000  
47.886942 0.004563  0.093237  -0.018602  0.993438  0.079662  -0.082063  -0.079111  0.996816  0.009942  0.082593  -0.003385  0.996578  0.000760  -0.005021  0.002666  -0.053958  0.186525  0.185548  2.000000  0.999938  0.008817  -0.006834  -0.008813  0.999961  0.000553  0.006839  -0.000492  0.999976  0.999996  0.001855  -0.002268  -0.001859  0.999997  -0.001788  0.002265  0.001792  0.999996  1.000000  0.000000  0.000000  0.000000  1.000000  0.000000  0.000000  0.000000  1.000000  0.999938  0.008817  -0.006834  -0.008813  0.999961  0.000553  0.006839  -0.000492  0.999976  0.000067  0.000000  
47.887946 0.004563  0.093232  -0.018601  0.993422  0.079857  -0.082070  -0.079316  0.996801  0.009838  0.082593  -0.003264  0.996578  0.000689  -0.005050  0.002619  -0.059057  0.173198  0.171776  2.000000  0.999938  0.008817  -0.006834  -0.008813  0.999961  0.000553  0.006839  -0.000492  0.999976  0.999996  0.001853  -0.002001  -0.001857  0.999996  -0.001909  0.001997  0.001913  0.999996  1.000000  0.000000  0.000000  0.000000  1.000000  0.000000  0.000000  0.000000  1.000000  0.999938  0.008817  -0.006834  -0.008813  0.999961  0.000553  0.006839  -0.000492  0.999976  0.000065  0.000000  
47.889195 0.004564  0.093226  -0.018600  0.993422  0.079847  -0.082080  -0.079316  0.996802  0.009717  0.082593  -0.003143  0.996578  0.000677  -0.005019  0.002490  0.000000  0.000000  0.000000  2.000000  0.999938  0.008817  -0.006834  -0.008813  0.999961  0.000553  0.006839  -0.000492  0.999976  0.999997  0.001442  -0.001735  -0.001445  0.999997  -0.001943  0.001732  0.001946  0.999997  1.000000  0.000000  0.000000  0.000000  1.000000  0.000000  0.000000  0.000000  1.000000  0.999938  0.008817  -0.006834  -0.008813  0.999961  0.000553  0.006839  -0.000492  0.999976  0.000000  0.000000  
47.890443 0.004565  0.093220  -0.018599  0.993422  0.079827  -0.082099  -0.079316  0.996804  0.009475  0.082593  -0.002901  0.996579  0.000660  -0.004984  0.002298  0.000000  0.000000  0.000000  2.000000  0.999938  0.008817  -0.006834  -0.008813  0.999961  0.000553  0.006839  -0.000492  0.999976  0.999998  0.001236  -0.001468  -0.001238  0.999997  -0.001960  0.001466  0.001962  0.999997  1.000000  0.000000  0.000000  0.000000  1.000000  0.000000  0.000000  0.000000  1.000000  0.999938  0.008817  -0.006834  -0.008813  0.999961  0.000553  0.006839  -0.000492  0.999976  0.000000  0.000000  
47.891446 0.004565  0.093215  -0.018599  0.993406  0.080022  -0.082107  -0.079520  0.996789  0.009371  0.082593  -0.002780  0.996579  0.000618  -0.004937  0.002109  0.000000  0.000000  0.000000  2.000000  0.999938  0.008817  -0.006834  -0.008813  0.999961  0.000553  0.006839  -0.000492  0.999976  0.999999  0.001235  -0.001201  -0.001237  0.999997  -0.002081  0.001198  0.002083  0.999997  1.000000  0.000000  0.000000  0.000000  1.000000  0.000000  0.000000  0.000000  1.000000  0.999938  0.008817  -0.006834  -0.008813  0.999961  0.000553  0.006839  -0.000492  0.999976  0.000000  0.000000  
47.892447 0.004565  0.093211  -0.018599  0.993406  0.080012  -0.082117  -0.079520  0.996790  0.009250  0.082593  -0.002659  0.996580  0.000631  -0.004872  0.001932  0.000000  0.000000  0.000000  2.000000  0.999938  0.008817  -0.006834  -0.008813  0.999961  0.000553  0.006839  -0.000492  0.999976  0.999999  0.001234  -0.000933  -0.001236  0.999997  -0.002081  0.000931  0.002082  0.999997  1.000000  0.000000  0.000000  0.000000  1.000000  0.000000  0.000000  0.000000  1.000000  0.999938  0.008817  -0.006834  -0.008813  0.999961  0.000553  0.006839  -0.000492  0.999976  0.000000  0.000000  
47.893697 0.004566  0.093205  -0.018598  0.993417  0.080002  -0.081994  -0.079521  0.996791  0.009119  0.082460  -0.002539  0.996591  0.000598  -0.004802  0.001725  0.000000  0.000000  0.000000  2.000000  0.999938  0.008817  -0.006834  -0.008813  0.999961  0.000553  0.006839  -0.000492  0.999976  0.999999  0.001028  -0.000800  -0.001030  0.999997  -0.002341  0.000798  0.002342  0.999997  1.000000  0.000000  0.000000  0.000000  1.000000  0.000000  0.000000  0.000000  1.000000  0.999938  0.008817  -0.006834  -0.008813  0.999961  0.000553  0.006839  -0.000492  0.999976  0.000000  0.000000  
47.894945 0.004567  0.093201  -0.018598  0.993400  0.080197  -0.082001  -0.079726  0.996776  0.009015  0.082460  -0.002418  0.996591  0.000624  -0.004688  0.001415  0.000000  0.000000  0.000000  2.000000  0.999938  0.008817  -0.006834  -0.008813  0.999961  0.000553  0.006839  -0.000492  0.999976  0.999999  0.001232  -0.000398  -0.001233  0.999997  -0.002324  0.000395  0.002325  0.999997  1.000000  0.000000  0.000000  0.000000  1.000000  0.000000  0.000000  0.000000  1.000000  0.999938  0.008817  -0.006834  -0.008813  0.999961  0.000553  0.006839  -0.000492  0.999976  0.000000  0.000000  
47.896198 0.004568  0.093197  -0.018598  0.993400  0.080178  -0.082021  -0.079726  0.996778  0.008773  0.082460  -0.002176  0.996592  0.000641  -0.004559  0.001099  0.000000  0.000000  0.000000  2.000000  0.999938  0.008817  -0.006834  -0.008813  0.999961  0.000553  0.006839  -0.000492  0.999976  0.999999  0.001027  -0.000399  -0.001028  0.999997  -0.002341  0.000397  0.002341  0.999997  1.000000  0.000000  0.000000  0.000000  1.000000  0.000000  0.000000  0.000000  1.000000  0.999938  0.008817  -0.006834  -0.008813  0.999961  0.000553  0.006839  -0.000492  0.999976  0.000000  0.000000  
47.897444 0.004570  0.093192  -0.018598  0.993384  0.080373  -0.082029  -0.079930  0.996763  0.008669  0.082460  -0.002055  0.996592  0.000714  -0.004449  0.000868  0.000000  0.000000  0.000000  2.000000  0.999938  0.008817  -0.006834  -0.008813  0.999961  0.000553  0.006839  -0.000492  0.999976  0.999999  0.001232  -0.000265  -0.001232  0.999996  -0.002445  0.000262  0.002446  0.999997  1.000000  0.000000  0.000000  0.000000  1.000000  0.000000  0.000000  0.000000  1.000000  0.999938  0.008817  -0.006834  -0.008813  0.999961  0.000553  0.006839  -0.000492  0.999976  0.000000  0.000000  
47.898447 0.004572  0.093189  -0.018598  0.993384  0.080363  -0.082039  -0.079930  0.996764  0.008548  0.082460  -0.001934  0.996592  0.000766  -0.004289  0.000666  0.000000  0.000000  0.000000  2.000000  0.999938  0.008817  -0.006834  -0.008813  0.999961  0.000553  0.006839  -0.000492  0.999976  0.999999  0.001231  -0.000131  -0.001232  0.999996  -0.002445  0.000128  0.002446  0.999997  1.000000  0.000000  0.000000  0.000000  1.000000  0.000000  0.000000  0.000000  1.000000  0.999938  0.008817  -0.006834  -0.008813  0.999961  0.000553  0.006839  -0.000492  0.999976  0.000000  0.000000  
47.899693 0.004574  0.093186  -0.018598  0.993367  0.080548  -0.082056  -0.080135  0.996749  0.008323  0.082460  -0.001692  0.996593  0.000823  -0.004128  0.000511  0.000000  0.000000  0.000000  2.000000  0.999938  0.008817  -0.006834  -0.008813  0.999961  0.000553  0.006839  -0.000492  0.999976  0.999999  0.001231  0.000002  -0.001231  0.999996  -0.002567  -0.000005  0.002567  0.999997  1.000000  0.000000  0.000000  0.000000  1.000000  0.000000  0.000000  0.000000  1.000000  0.999938  0.008817  -0.006834  -0.008813  0.999961  0.000553  0.006839  -0.000492  0.999976  0.000000  0.000000  
47.900942 0.004575  0.093182  -0.018599  0.993351  0.080733  -0.082074  -0.080339  0.996735  0.008098  0.082460  -0.001451  0.996593  0.000903  -0.003971  0.000337  0.000000  0.000000  0.000000  2.000000  0.999938  0.008817  -0.006834  -0.008813  0.999961  0.000553  0.006839  -0.000492  0.999976  0.999999  0.001436  0.000002  -0.001436  0.999996  -0.002550  -0.000006  0.002550  0.999997  1.000000  0.000000  0.000000  0.000000  1.000000  0.000000  0.000000  0.000000  1.000000  0.999938  0.008817  -0.006834  -0.008813  0.999961  0.000553  0.006839  -0.000492  0.999976  0.000000  0.000000  
47.901942 0.004577  0.093180  -0.018599  0.993351  0.080723  -0.082084  -0.080339  0.996736  0.007977  0.082460  -0.001330  0.996593  0.000989  -0.003807  0.000250  0.000000  0.000000  0.000000  2.000000  0.999938  0.008817  -0.006834  -0.008813  0.999961  0.000553  0.006839  -0.000492  0.999976  0.999999  0.001436  0.000136  -0.001436  0.999995  -0.002671  -0.000140  0.002671  0.999996  1.000000  0.000000  0.000000  0.000000  1.000000  0.000000  0.000000  0.000000  1.000000  0.999938  0.008817  -0.006834  -0.008813  0.999961  0.000553  0.006839  -0.000492  0.999976  0.000000  0.000000  
47.902945 0.004580  0.093177  -0.018598  0.993351  0.080704  -0.082104  -0.080339  0.996738  0.007736  0.082460  -0.001088  0.996594  0.001105  -0.003617  0.000181  0.000000  0.000000  0.000000  2.000000  0.999938  0.008817  -0.006834  -0.008813  0.999961  0.000553  0.006839  -0.000492  0.999976  0.999999  0.001436  0.000136  -0.001436  0.999995  -0.002671  -0.000139  0.002671  0.999996  1.000000  0.000000  0.000000  0.000000  1.000000  0.000000  0.000000  0.000000  1.000000  0.999938  0.008817  -0.006834  -0.008813  0.999961  0.000553  0.006839  -0.000492  0.999976  0.000000  0.000000  
47.904195 0.004582  0.093174  -0.018598  0.993334  0.080899  -0.082112  -0.080544  0.996722  0.007632  0.082460  -0.000967  0.996594  0.001215  -0.003417  0.000090  0.000000  0.000000  0.000000  2.000000  0.999938  0.008817  -0.006834  -0.008813  0.999961  0.000553  0.006839  -0.000492  0.999976  0.999999  0.001641  0.000269  -0.001640  0.999995  -0.002654  -0.000274  0.002654  0.999996  1.000000  0.000000  0.000000  0.000000  1.000000  0.000000  0.000000  0.000000  1.000000  0.999938  0.008817  -0.006834  -0.008813  0.999961  0.000553  0.006839  -0.000492  0.999976  0.000000  0.000000  
47.905198 0.004584  0.093172  -0.018599  0.993318  0.081094  -0.082120  -0.080748  0.996706  0.007528  0.082460  -0.000846  0.996594  0.001341  -0.003243  0.000028  0.000000  0.000000  0.000000  2.000000  0.999938  0.008817  -0.006834  -0.008813  0.999961  0.000553  0.006839  -0.000492  0.999976  0.999999  0.001641  0.000269  -0.001640  0.999995  -0.002654  -0.000273  0.002654  0.999996  1.000000  0.000000  0.000000  0.000000  1.000000  0.000000  0.000000  0.000000  1.000000  0.999938  0.008817  -0.006834  -0.008813  0.999961  0.000553  0.006839  -0.000492  0.999976  0.000000  0.000000  
47.906202 0.004586  0.093170  -0.018599  0.993318  0.081074  -0.082140  -0.080748  0.996708  0.007286  0.082460  -0.000604  0.996594  0.001467  -0.003094  0.000012  0.000000  0.000000  0.000000  2.000000  0.999938  0.008817  -0.006834  -0.008813  0.999961  0.000553  0.006839  -0.000492  0.999976  0.999999  0.001641  0.000269  -0.001640  0.999995  -0.002654  -0.000273  0.002654  0.999996  1.000000  0.000000  0.000000  0.000000  1.000000  0.000000  0.000000  0.000000  1.000000  0.999938  0.008817  -0.006834  -0.008813  0.999961  0.000553  0.006839  -0.000492  0.999976  0.000000  0.000000  
47.907441 0.004589  0.093167  -0.018600  0.993301  0.081269  -0.082148  -0.080953  0.996692  0.007182  0.082460  -0.000484  0.996594  0.001547  -0.002927  -0.000060  0.000000  0.000000  0.000000  2.000000  0.999938  0.008817  -0.006834  -0.008813  0.999961  0.000553  0.006839  -0.000492  0.999976  0.999999  0.001641  0.000135  -0.001641  0.999995  -0.002775  -0.000139  0.002775  0.999996  1.000000  0.000000  0.000000  0.000000  1.000000  0.000000  0.000000  0.000000  1.000000  0.999938  0.008817  -0.006834  -0.008813  0.999961  0.000553  0.006839  -0.000492  0.999976  0.000000  0.000000  
47.908445 0.004591  0.093164  -0.018601  0.993301  0.081259  -0.082158  -0.080953  0.996693  0.007061  0.082460  -0.000363  0.996594  0.001702  -0.002784  -0.000169  0.000000  0.000000  0.000000  2.000000  0.999938  0.008817  -0.006834  -0.008813  0.999961  0.000553  0.006839  -0.000492  0.999976  0.999999  0.001641  0.000135  -0.001641  0.999995  -0.002775  -0.000139  0.002775  0.999996  1.000000  0.000000  0.000000  0.000000  1.000000  0.000000  0.000000  0.000000  1.000000  0.999938  0.008817  -0.006834  -0.008813  0.999961  0.000553  0.006839  -0.000492  0.999976  0.000000  0.000000  
47.909695 0.004593  0.093161  -0.018602  0.993284  0.081455  -0.082166  -0.081157  0.996677  0.006957  0.082460  -0.000242  0.996594  0.001767  -0.002667  -0.000270  0.000000  0.000000  0.000000  2.000000  0.999938  0.008817  -0.006834  -0.008813  0.999961  0.000553  0.006839  -0.000492  0.999976  0.999998  0.001846  0.000134  -0.001846  0.999995  -0.002637  -0.000139  0.002637  0.999997  1.000000  0.000000  0.000000  0.000000  1.000000  0.000000  0.000000  0.000000  1.000000  0.999938  0.008817  -0.006834  -0.008813  0.999961  0.000553  0.006839  -0.000492  0.999976  0.000000  0.000000  
47.910716 0.004595  0.093159  -0.018603  0.993257  0.081650  -0.082308  -0.081361  0.996661  0.006864  0.082593  -0.000121  0.996583  0.001838  -0.002568  -0.000361  0.000000  0.000000  0.000000  2.000000  0.999938  0.008817  -0.006834  -0.008813  0.999961  0.000553  0.006839  -0.000492  0.999976  0.999998  0.001847  0.000000  -0.001847  0.999994  -0.002758  -0.000005  0.002758  0.999996  1.000000  0.000000  0.000000  0.000000  1.000000  0.000000  0.000000  0.000000  1.000000  0.999938  0.008817  -0.006834  -0.008813  0.999961  0.000553  0.006839  -0.000492  0.999976  0.000000  0.000000  
47.911946 0.004597  0.093156  -0.018604  0.993257  0.081640  -0.082318  -0.081361  0.996662  0.006743  0.082593  0.000000  0.996583  0.001865  -0.002479  -0.000443  0.000000  0.000000  0.000000  2.000000  0.999938  0.008817  -0.006834  -0.008813  0.999961  0.000553  0.006839  -0.000492  0.999976  0.999998  0.001847  0.000000  -0.001847  0.999995  -0.002637  -0.000005  0.002637  0.999997  1.000000  0.000000  0.000000  0.000000  1.000000  0.000000  0.000000  0.000000  1.000000  0.999938  0.008817  -0.006834  -0.008813  0.999961  0.000553  0.006839  -0.000492  0.999976  0.000000  0.000000  
47.913208 0.004600  0.093154  -0.018604  0.993240  0.081835  -0.082326  -0.081565  0.996646  0.006639  0.082593  0.000121  0.996583  0.001899  -0.002355  -0.000429  0.000000  0.000000  0.000000  2.000000  0.999938  0.008817  -0.006834  -0.008813  0.999961  0.000553  0.006839  -0.000492  0.999976  0.999998  0.002052  -0.000000  -0.002052  0.999994  -0.002620  -0.000005  0.002620  0.999997  1.000000  0.000000  0.000000  0.000000  1.000000  0.000000  0.000000  0.000000  1.000000  0.999938  0.008817  -0.006834  -0.008813  0.999961  0.000553  0.006839  -0.000492  0.999976  0.000000  0.000000  
47.914439 0.004602  0.093152  -0.018604  0.993223  0.082020  -0.082345  -0.081770  0.996631  0.006414  0.082593  0.000363  0.996583  0.001949  -0.002291  -0.000414  0.000000  0.000000  0.000000  2.000000  0.999938  0.008817  -0.006834  -0.008813  0.999961  0.000553  0.006839  -0.000492  0.999976  0.999998  0.001846  -0.000134  -0.001847  0.999995  -0.002637  0.000129  0.002637  0.999997  1.000000  0.000000  0.000000  0.000000  1.000000  0.000000  0.000000  0.000000  1.000000  0.999938  0.008817  -0.006834  -0.008813  0.999961  0.000553  0.006839  -0.000492  0.999976  0.000000  0.000000  
