1-Time 2-Px 3-Py 4-Pz 5-R11 6-R21 7-R31 8-R12 9-R22 10-R32 11-R13 12-R23 13-R33 14-Vx 15-Vy 16-Vz 17-Wx 18-Wy 19-Wz 20-state 21-PR11 22-PR21 23-PR31 24-PR12 25-PR22 26-PR32 27-PR13 28-PR23 29-PR33 
25.983941 0.001486  0.090811  -0.009939  0.997459  0.063842  -0.031634  -0.063538  0.997924  0.010523  0.032240  -0.008486  0.999444  0.000299  0.000569  0.000223  0.000000  0.000000  0.000000  2.000000  1.000000  0.000000  0.000000  0.000000  1.000000  0.000000  0.000000  0.000000  1.000000  1.000000  -0.000001  0.000134  0.000001  1.000000  0.000000  -0.000134  0.000000  1.000000  1.000000  0.000000  0.000000  0.000000  1.000000  0.000000  0.000000  0.000000  1.000000  0.697723  0.459777  0.549352  -0.502936  0.860482  -0.081405  -0.510135  -0.219491  0.831616  0.000000  0.000000  
25.984950 0.001486  0.090812  -0.009939  0.997459  0.063842  -0.031634  -0.063538  0.997924  0.010523  0.032240  -0.008486  0.999444  0.000299  0.000569  0.000223  0.000000  0.000000  0.000000  2.000000  1.000000  0.000000  0.000000  0.000000  1.000000  0.000000  0.000000  0.000000  1.000000  1.000000  -0.000001  0.000134  0.000001  1.000000  0.000000  -0.000134  0.000000  1.000000  1.000000  0.000000  0.000000  0.000000  1.000000  0.000000  0.000000  0.000000  1.000000  1.000000  0.000000  0.000000  0.000000  1.000000  0.000000  0.000000  0.000000  1.000000  0.000000  0.000000  
25.986203 0.001486  0.090811  -0.009939  0.997441  0.064049  -0.031765  -0.063743  0.997911  0.010538  0.032374  -0.008486  0.999440  0.000229  0.000423  0.000194  0.000000  0.000000  0.000000  2.000000  1.000000  0.000000  0.000000  0.000000  1.000000  0.000000  0.000000  0.000000  1.000000  1.000000  0.000206  0.000002  -0.000206  1.000000  0.000007  -0.000002  -0.000007  1.000000  1.000000  0.000000  0.000000  0.000000  1.000000  0.000000  0.000000  0.000000  1.000000  1.000000  0.000000  0.000000  0.000000  1.000000  0.000000  0.000000  0.000000  1.000000  0.000000  0.000000  
25.987448 0.001485  0.090809  -0.009940  0.997410  0.064461  -0.031894  -0.064154  0.997884  0.010560  0.032507  -0.008486  0.999435  0.000185  0.000225  0.000147  0.000000  0.000000  0.000000  2.000000  1.000000  0.000000  0.000000  0.000000  1.000000  0.000000  0.000000  0.000000  1.000000  1.000000  0.000618  -0.000129  -0.000618  1.000000  0.000020  0.000129  -0.000020  1.000000  1.000000  0.000000  0.000000  0.000000  1.000000  0.000000  0.000000  0.000000  1.000000  1.000000  0.000000  0.000000  0.000000  1.000000  0.000000  0.000000  0.000000  1.000000  0.000000  0.000000  
25.988461 0.001485  0.090807  -0.009940  0.997397  0.064670  -0.031884  -0.064359  0.997870  0.010687  0.032507  -0.008607  0.999434  0.000181  0.000079  0.000079  0.000000  0.000000  0.000000  2.000000  1.000000  0.000000  0.000000  0.000000  1.000000  0.000000  0.000000  0.000000  1.000000  1.000000  0.000824  -0.000127  -0.000824  1.000000  0.000148  0.000127  -0.000148  1.000000  1.000000  0.000000  0.000000  0.000000  1.000000  0.000000  0.000000  0.000000  1.000000  1.000000  0.000000  0.000000  0.000000  1.000000  0.000000  0.000000  0.000000  1.000000  0.000000  0.000000  
25.989704 0.001485  0.090804  -0.009940  0.997384  0.064875  -0.031882  -0.064564  0.997856  0.010694  0.032507  -0.008607  0.999434  0.000143  -0.000158  0.000087  0.000000  0.000000  0.000000  2.000000  1.000000  0.000000  0.000000  0.000000  1.000000  0.000000  0.000000  0.000000  1.000000  0.999999  0.001030  -0.000125  -0.001030  0.999999  0.000155  0.000125  -0.000155  1.000000  1.000000  0.000000  0.000000  0.000000  1.000000  0.000000  0.000000  0.000000  1.000000  1.000000  0.000000  0.000000  0.000000  1.000000  0.000000  0.000000  0.000000  1.000000  0.000000  0.000000  
25.990951 0.001485  0.090801  -0.009940  0.997353  0.065291  -0.032003  -0.064975  0.997828  0.010837  0.032641  -0.008729  0.999429  0.000117  -0.000399  0.000060  0.000000  0.000000  0.000000  2.000000  1.000000  0.000000  0.000000  0.000000  1.000000  0.000000  0.000000  0.000000  1.000000  0.999999  0.001443  -0.000255  -0.001443  0.999999  0.000290  0.000255  -0.000289  1.000000  1.000000  0.000000  0.000000  0.000000  1.000000  0.000000  0.000000  0.000000  1.000000  1.000000  0.000000  0.000000  0.000000  1.000000  0.000000  0.000000  0.000000  1.000000  0.000000  0.000000  
25.991954 0.001486  0.090800  -0.009939  0.997317  0.065705  -0.032265  -0.065385  0.997801  0.010867  0.032909  -0.008729  0.999420  0.000124  -0.000539  0.000087  0.000000  0.000000  0.000000  2.000000  1.000000  0.000000  0.000000  0.000000  1.000000  0.000000  0.000000  0.000000  1.000000  0.999999  0.001650  -0.000387  -0.001649  0.999999  0.000297  0.000387  -0.000296  1.000000  1.000000  0.000000  0.000000  0.000000  1.000000  0.000000  0.000000  0.000000  1.000000  1.000000  0.000000  0.000000  0.000000  1.000000  0.000000  0.000000  0.000000  1.000000  0.000000  0.000000  
25.993201 0.001486  0.090798  -0.009939  0.997286  0.066117  -0.032394  -0.065795  0.997774  0.010889  0.033042  -0.008729  0.999416  0.000109  -0.000728  0.000105  0.000000  0.000000  0.000000  2.000000  1.000000  0.000000  0.000000  0.000000  1.000000  0.000000  0.000000  0.000000  1.000000  0.999997  0.002269  -0.000649  -0.002269  0.999997  0.000317  0.000650  -0.000316  1.000000  1.000000  0.000000  0.000000  0.000000  1.000000  0.000000  0.000000  0.000000  1.000000  1.000000  0.000000  0.000000  0.000000  1.000000  0.000000  0.000000  0.000000  1.000000  0.000000  0.000000  
25.994203 0.001485  0.090796  -0.009940  0.997254  0.066529  -0.032523  -0.066205  0.997746  0.010912  0.033176  -0.008728  0.999411  0.000064  -0.000880  0.000007  0.000000  0.000000  0.000000  2.000000  1.000000  0.000000  0.000000  0.000000  1.000000  0.000000  0.000000  0.000000  1.000000  0.999996  0.002682  -0.000779  -0.002682  0.999996  0.000331  0.000780  -0.000329  1.000000  1.000000  0.000000  0.000000  0.000000  1.000000  0.000000  0.000000  0.000000  1.000000  1.000000  0.000000  0.000000  0.000000  1.000000  0.000000  0.000000  0.000000  1.000000  0.000000  0.000000  
25.995451 0.001485  0.090794  -0.009942  0.997223  0.066940  -0.032652  -0.066616  0.997719  0.010934  0.033310  -0.008728  0.999407  0.000031  -0.001035  -0.000127  0.000000  0.000000  0.000000  2.000000  1.000000  0.000000  0.000000  0.000000  1.000000  0.000000  0.000000  0.000000  1.000000  0.999995  0.003095  -0.000909  -0.003094  0.999995  0.000345  0.000911  -0.000343  1.000000  1.000000  0.000000  0.000000  0.000000  1.000000  0.000000  0.000000  0.000000  1.000000  1.000000  0.000000  0.000000  0.000000  1.000000  0.000000  0.000000  0.000000  1.000000  0.000000  0.000000  
25.996452 0.001485  0.090793  -0.009943  0.997191  0.067352  -0.032781  -0.067026  0.997691  0.010956  0.033443  -0.008728  0.999402  -0.000013  -0.001186  -0.000225  0.000000  0.000000  0.000000  2.000000  1.000000  0.000000  0.000000  0.000000  1.000000  0.000000  0.000000  0.000000  1.000000  0.999993  0.003507  -0.001040  -0.003507  0.999994  0.000360  0.001041  -0.000356  0.999999  1.000000  0.000000  0.000000  0.000000  1.000000  0.000000  0.000000  0.000000  1.000000  1.000000  0.000000  0.000000  0.000000  1.000000  0.000000  0.000000  0.000000  1.000000  0.000000  0.000000  
25.997697 0.001485  0.090792  -0.009943  0.997145  0.067974  -0.032900  -0.067642  0.997648  0.011107  0.033577  -0.008850  0.999397  -0.000060  -0.001284  -0.000245  0.000000  0.000000  0.000000  2.000000  1.000000  0.000000  0.000000  0.000000  1.000000  0.000000  0.000000  0.000000  1.000000  0.999992  0.003920  -0.001169  -0.003919  0.999992  0.000495  0.001171  -0.000491  0.999999  1.000000  0.000000  0.000000  0.000000  1.000000  0.000000  0.000000  0.000000  1.000000  1.000000  0.000000  0.000000  0.000000  1.000000  0.000000  0.000000  0.000000  1.000000  0.000000  0.000000  
25.998698 0.001484  0.090791  -0.009944  0.997112  0.068386  -0.033028  -0.068052  0.997620  0.011129  0.033711  -0.008850  0.999392  -0.000094  -0.001384  -0.000299  0.000000  0.000000  0.000000  2.000000  1.000000  0.000000  0.000000  0.000000  1.000000  0.000000  0.000000  0.000000  1.000000  0.999990  0.004332  -0.001166  -0.004331  0.999990  0.000509  0.001168  -0.000504  0.999999  1.000000  0.000000  0.000000  0.000000  1.000000  0.000000  0.000000  0.000000  1.000000  1.000000  0.000000  0.000000  0.000000  1.000000  0.000000  0.000000  0.000000  1.000000  0.000000  0.000000  
25.999948 0.001484  0.090789  -0.009944  0.997079  0.068794  -0.033166  -0.068462  0.997593  0.011031  0.033845  -0.008728  0.999389  -0.000175  -0.001576  -0.000323  0.000000  0.000000  0.000000  2.000000  1.000000  0.000000  0.000000  0.000000  1.000000  0.000000  0.000000  0.000000  1.000000  0.999987  0.004951  -0.001428  -0.004950  0.999988  0.000410  0.001430  -0.000403  0.999999  1.000000  0.000000  0.000000  0.000000  1.000000  0.000000  0.000000  0.000000  1.000000  1.000000  0.000000  0.000000  0.000000  1.000000  0.000000  0.000000  0.000000  1.000000  0.000000  0.000000  
26.000949 0.001482  0.090786  -0.009945  0.997047  0.069206  -0.033294  -0.068872  0.997564  0.011054  0.033978  -0.008728  0.999384  -0.000212  -0.001703  -0.000383  0.014018  0.052026  0.178930  2.000000  1.000000  0.000196  -0.000055  -0.000196  1.000000  0.000016  0.000055  -0.000016  1.000000  0.999984  0.005364  -0.001558  -0.005363  0.999986  0.000424  0.001561  -0.000416  0.999999  1.000000  0.000067  -0.000019  -0.000067  1.000000  0.000005  0.000019  -0.000005  1.000000  1.000000  0.000196  -0.000055  -0.000196  1.000000  0.000016  0.000055  -0.000016  1.000000  0.000047  0.005601  
26.002199 0.001482  0.090782  -0.009945  0.997014  0.069617  -0.033423  -0.069283  0.997536  0.011077  0.034112  -0.008728  0.999380  -0.000240  -0.001771  -0.000348  0.014599  0.056811  0.194199  2.000000  1.000000  0.000544  -0.000156  -0.000544  1.000000  0.000042  0.000156  -0.000042  1.000000  0.999982  0.005776  -0.001688  -0.005776  0.999983  0.000439  0.001691  -0.000429  0.999998  1.000000  0.000072  -0.000021  -0.000072  1.000000  0.000005  0.000021  -0.000005  1.000000  1.000000  0.000544  -0.000156  -0.000544  1.000000  0.000042  0.000156  -0.000042  1.000000  0.000051  0.006034  
26.003449 0.001481  0.090779  -0.009944  0.996976  0.070031  -0.033685  -0.069692  0.997507  0.011109  0.034379  -0.008728  0.999371  -0.000298  -0.001856  -0.000284  0.015080  0.065655  0.208006  2.000000  1.000000  0.000918  -0.000268  -0.000918  1.000000  0.000070  0.000268  -0.000070  1.000000  0.999979  0.006189  -0.001819  -0.006188  0.999981  0.000454  0.001821  -0.000443  0.999998  1.000000  0.000077  -0.000023  -0.000077  1.000000  0.000006  0.000023  -0.000006  1.000000  1.000000  0.000918  -0.000268  -0.000918  1.000000  0.000070  0.000268  -0.000070  1.000000  0.000054  0.006466  
26.004456 0.001480  0.090776  -0.009944  0.996943  0.070442  -0.033814  -0.070103  0.997478  0.011133  0.034513  -0.008728  0.999366  -0.000338  -0.001931  -0.000263  0.015553  0.070019  0.221831  2.000000  0.999999  0.001235  -0.000372  -0.001235  0.999999  0.000093  0.000372  -0.000092  1.000000  0.999977  0.006398  -0.002218  -0.006397  0.999979  0.000463  0.002221  -0.000448  0.999997  1.000000  0.000080  -0.000028  -0.000080  1.000000  0.000006  0.000028  -0.000006  1.000000  0.999999  0.001235  -0.000372  -0.001235  0.999999  0.000093  0.000372  -0.000092  1.000000  0.000057  0.006787  
26.005705 0.001480  0.090771  -0.009942  0.996909  0.070858  -0.033934  -0.070513  0.997447  0.011277  0.034647  -0.008849  0.999360  -0.000325  -0.002039  -0.000147  0.020108  0.074385  0.235712  2.000000  0.999999  0.001576  -0.000486  -0.001576  0.999999  0.000121  0.000487  -0.000120  1.000000  0.999973  0.007017  -0.002345  -0.007016  0.999975  0.000606  0.002350  -0.000590  0.999997  1.000000  0.000088  -0.000029  -0.000088  1.000000  0.000007  0.000029  -0.000007  1.000000  0.999999  0.001576  -0.000486  -0.001576  0.999999  0.000121  0.000487  -0.000120  1.000000  0.000062  0.007423  
26.006953 0.001481  0.090766  -0.009942  0.996871  0.071271  -0.034197  -0.070923  0.997418  0.011310  0.034914  -0.008849  0.999351  -0.000307  -0.002240  -0.000143  0.020608  0.083267  0.249649  2.000000  0.999998  0.002019  -0.000631  -0.002019  0.999998  0.000159  0.000632  -0.000158  1.000000  0.999971  0.007223  -0.002344  -0.007221  0.999974  0.000614  0.002348  -0.000597  0.999997  1.000000  0.000090  -0.000029  -0.000090  1.000000  0.000008  0.000029  -0.000008  1.000000  0.999998  0.002019  -0.000631  -0.002019  0.999998  0.000159  0.000632  -0.000158  1.000000  0.000066  0.007618  
26.008203 0.001482  0.090762  -0.009941  0.996837  0.071683  -0.034325  -0.071333  0.997388  0.011333  0.035048  -0.008849  0.999346  -0.000231  -0.002370  -0.000115  0.021092  0.087647  0.263526  2.000000  0.999997  0.002381  -0.000755  -0.002380  0.999997  0.000189  0.000756  -0.000188  1.000000  0.999971  0.007224  -0.002477  -0.007222  0.999974  0.000615  0.002482  -0.000597  0.999997  1.000000  0.000090  -0.000031  -0.000090  1.000000  0.000008  0.000031  -0.000008  1.000000  0.999997  0.002381  -0.000755  -0.002380  0.999997  0.000189  0.000756  -0.000188  1.000000  0.000069  0.007661  
26.009452 0.001483  0.090757  -0.009940  0.996817  0.071886  -0.034465  -0.071538  0.997375  0.011229  0.035182  -0.008728  0.999343  -0.000202  -0.002558  -0.000015  0.017263  0.092082  0.270421  2.000000  0.999996  0.002830  -0.000912  -0.002829  0.999996  0.000222  0.000912  -0.000219  1.000000  0.999970  0.007225  -0.002612  -0.007224  0.999974  0.000375  0.002615  -0.000356  0.999997  1.000000  0.000090  -0.000033  -0.000090  1.000000  0.000005  0.000033  -0.000005  1.000000  0.999996  0.002830  -0.000912  -0.002829  0.999996  0.000222  0.000912  -0.000219  1.000000  0.000072  0.007691  
26.010701 0.001484  0.090753  -0.009940  0.996783  0.072297  -0.034594  -0.071948  0.997345  0.011253  0.035316  -0.008728  0.999338  -0.000079  -0.002776  0.000150  0.017750  0.096461  0.284293  2.000000  0.999994  0.003278  -0.001075  -0.003278  0.999995  0.000245  0.001076  -0.000241  0.999999  0.999970  0.007225  -0.002612  -0.007224  0.999974  0.000375  0.002615  -0.000356  0.999997  1.000000  0.000090  -0.000033  -0.000090  1.000000  0.000005  0.000033  -0.000005  1.000000  0.999994  0.003278  -0.001075  -0.003278  0.999995  0.000245  0.001076  -0.000241  0.999999  0.000073  0.007691  
26.011702 0.001485  0.090749  -0.009939  0.996768  0.072503  -0.034591  -0.072153  0.997330  0.011260  0.035316  -0.008728  0.999338  -0.000010  -0.002993  0.000235  0.017984  0.096399  0.291200  2.000000  0.999993  0.003637  -0.001206  -0.003637  0.999993  0.000262  0.001207  -0.000258  0.999999  0.999972  0.007019  -0.002614  -0.007018  0.999975  0.000247  0.002616  -0.000229  0.999997  1.000000  0.000088  -0.000033  -0.000088  1.000000  0.000003  0.000033  -0.000003  1.000000  0.999993  0.003637  -0.001206  -0.003637  0.999993  0.000262  0.001207  -0.000258  0.999999  0.000075  0.007494  
26.012951 0.001486  0.090744  -0.009939  0.996749  0.072705  -0.034731  -0.072358  0.997316  0.011156  0.035449  -0.008607  0.999334  0.000092  -0.003218  0.000257  0.014142  0.105349  0.298185  2.000000  0.999991  0.004078  -0.001359  -0.004078  0.999992  0.000278  0.001360  -0.000272  0.999999  0.999973  0.007017  -0.002346  -0.007016  0.999975  0.000247  0.002348  -0.000231  0.999997  1.000000  0.000088  -0.000029  -0.000088  1.000000  0.000003  0.000029  -0.000003  1.000000  0.999991  0.004078  -0.001359  -0.004078  0.999992  0.000278  0.001360  -0.000272  0.999999  0.000079  0.007402  
26.014197 0.001487  0.090740  -0.009938  0.996734  0.072910  -0.034729  -0.072563  0.997301  0.011163  0.035449  -0.008607  0.999334  0.000176  -0.003345  0.000389  0.014264  0.104463  0.302702  2.000000  0.999989  0.004501  -0.001509  -0.004501  0.999990  0.000285  0.001511  -0.000278  0.999999  0.999975  0.006605  -0.002351  -0.006604  0.999978  0.000112  0.002352  -0.000097  0.999997  1.000000  0.000083  -0.000029  -0.000083  1.000000  0.000001  0.000029  -0.000001  1.000000  0.999989  0.004501  -0.001509  -0.004501  0.999990  0.000285  0.001511  -0.000278  0.999999  0.000081  0.007011  
26.015200 0.001487  0.090736  -0.009937  0.996719  0.073116  -0.034727  -0.072768  0.997286  0.011170  0.035449  -0.008607  0.999334  0.000298  -0.003431  0.000533  0.014643  0.100812  0.312209  2.000000  0.999987  0.004826  -0.001622  -0.004826  0.999988  0.000291  0.001623  -0.000283  0.999999  0.999977  0.006398  -0.002219  -0.006398  0.999980  0.000105  0.002219  -0.000091  0.999998  1.000000  0.000080  -0.000028  -0.000080  1.000000  0.000001  0.000028  -0.000001  1.000000  0.999987  0.004826  -0.001622  -0.004826  0.999988  0.000291  0.001623  -0.000283  0.999999  0.000082  0.006772  
26.016449 0.001488  0.090732  -0.009936  0.996719  0.073111  -0.034736  -0.072768  0.997288  0.011049  0.035449  -0.008485  0.999335  0.000436  -0.003492  0.000646  0.010008  0.100087  0.295821  2.000000  0.999985  0.005139  -0.001728  -0.005138  0.999987  0.000291  0.001729  -0.000282  0.999998  0.999979  0.006191  -0.002088  -0.006191  0.999981  -0.000024  0.002087  0.000037  0.999998  1.000000  0.000077  -0.000026  -0.000077  1.000000  -0.000000  0.000026  0.000000  1.000000  0.999985  0.005139  -0.001728  -0.005138  0.999987  0.000291  0.001729  -0.000282  0.999998  0.000080  0.006533  
26.017468 0.001489  0.090729  -0.009935  0.996704  0.073313  -0.034742  -0.072973  0.997274  0.010935  0.035449  -0.008364  0.999336  0.000489  -0.003530  0.000692  0.001720  0.096402  0.291090  2.000000  0.999984  0.005435  -0.001829  -0.005435  0.999985  0.000290  0.001831  -0.000280  0.999998  0.999980  0.005984  -0.001956  -0.005984  0.999982  -0.000031  0.001955  0.000043  0.999998  1.000000  0.000075  -0.000024  -0.000075  1.000000  -0.000000  0.000024  0.000000  1.000000  0.999984  0.005435  -0.001829  -0.005435  0.999985  0.000290  0.001831  -0.000280  0.999998  0.000078  0.006295  
26.018694 0.001489  0.090724  -0.009933  0.996704  0.073313  -0.034742  -0.072973  0.997274  0.010935  0.035449  -0.008364  0.999336  0.000562  -0.003569  0.000712  0.001487  0.096564  0.284482  2.000000  0.999982  0.005719  -0.001925  -0.005718  0.999984  0.000277  0.001927  -0.000266  0.999998  0.999983  0.005571  -0.001826  -0.005571  0.999984  -0.000288  0.001824  0.000298  0.999998  1.000000  0.000070  -0.000023  -0.000070  1.000000  -0.000004  0.000023  0.000004  1.000000  0.999982  0.005719  -0.001925  -0.005718  0.999984  0.000277  0.001927  -0.000266  0.999998  0.000076  0.005870  
26.019697 0.001489  0.090721  -0.009932  0.996689  0.073514  -0.034749  -0.073178  0.997260  0.010822  0.035449  -0.008243  0.999337  0.000583  -0.003580  0.000769  -0.002337  0.095709  0.288937  2.000000  0.999980  0.005990  -0.002017  -0.005989  0.999982  0.000263  0.002018  -0.000251  0.999998  0.999984  0.005365  -0.001828  -0.005366  0.999986  -0.000296  0.001826  0.000305  0.999998  1.000000  0.000067  -0.000023  -0.000067  1.000000  -0.000004  0.000023  0.000004  1.000000  0.999980  0.005990  -0.002017  -0.005989  0.999982  0.000263  0.002018  -0.000251  0.999998  0.000076  0.005676  
26.020698 0.001489  0.090717  -0.009930  0.996689  0.073514  -0.034749  -0.073178  0.997260  0.010822  0.035449  -0.008243  0.999337  0.000545  -0.003586  0.000790  -0.006886  0.092103  0.277462  2.000000  0.999980  0.006054  -0.002038  -0.006054  0.999982  0.000258  0.002039  -0.000245  0.999998  0.999988  0.004745  -0.001566  -0.004746  0.999989  -0.000317  0.001565  0.000325  0.999999  1.000000  0.000000  0.000000  0.000000  1.000000  0.000000  0.000000  0.000000  1.000000  0.999980  0.006054  -0.002038  -0.006054  0.999982  0.000258  0.002039  -0.000245  0.999998  0.000074  0.000000  
26.021705 0.001488  0.090714  -0.009930  0.996693  0.073513  -0.034616  -0.073179  0.997260  0.010812  0.035316  -0.008243  0.999342  0.000468  -0.003573  0.000816  -0.007338  0.078718  0.263482  2.000000  0.999980  0.006054  -0.002038  -0.006054  0.999982  0.000258  0.002039  -0.000245  0.999998  0.999990  0.004332  -0.001302  -0.004332  0.999991  -0.000333  0.001301  0.000338  0.999999  1.000000  0.000000  0.000000  0.000000  1.000000  0.000000  0.000000  0.000000  1.000000  0.999980  0.006054  -0.002038  -0.006054  0.999982  0.000258  0.002039  -0.000245  0.999998  0.000071  0.000000  
26.022953 0.001487  0.090709  -0.009928  0.996693  0.073508  -0.034624  -0.073179  0.997262  0.010691  0.035316  -0.008122  0.999343  0.000362  -0.003593  0.000873  -0.011871  0.074350  0.249597  2.000000  0.999980  0.006054  -0.002038  -0.006054  0.999982  0.000258  0.002039  -0.000245  0.999998  0.999992  0.003919  -0.001172  -0.003919  0.999992  -0.000468  0.001170  0.000473  0.999999  1.000000  0.000000  0.000000  0.000000  1.000000  0.000000  0.000000  0.000000  1.000000  0.999980  0.006054  -0.002038  -0.006054  0.999982  0.000258  0.002039  -0.000245  0.999998  0.000067  0.000000  
26.024197 0.001487  0.090705  -0.009926  0.996678  0.073709  -0.034631  -0.073384  0.997248  0.010577  0.035316  -0.008001  0.999344  0.000298  -0.003536  0.000994  -0.016037  0.069361  0.240677  2.000000  0.999980  0.006054  -0.002038  -0.006054  0.999982  0.000258  0.002039  -0.000245  0.999998  0.999993  0.003712  -0.001040  -0.003713  0.999993  -0.000476  0.001038  0.000480  0.999999  1.000000  0.000000  0.000000  0.000000  1.000000  0.000000  0.000000  0.000000  1.000000  0.999980  0.006054  -0.002038  -0.006054  0.999982  0.000258  0.002039  -0.000245  0.999998  0.000062  0.000000  
26.025200 0.001486  0.090702  -0.009924  0.996678  0.073709  -0.034631  -0.073384  0.997248  0.010577  0.035316  -0.008001  0.999344  0.000222  -0.003513  0.001105  -0.016628  0.065552  0.228794  2.000000  0.999980  0.006054  -0.002038  -0.006054  0.999982  0.000258  0.002039  -0.000245  0.999998  0.999993  0.003505  -0.000908  -0.003506  0.999994  -0.000604  0.000906  0.000607  0.999999  1.000000  0.000000  0.000000  0.000000  1.000000  0.000000  0.000000  0.000000  1.000000  0.999980  0.006054  -0.002038  -0.006054  0.999982  0.000258  0.002039  -0.000245  0.999998  0.000060  0.000000  
26.026456 0.001486  0.090697  -0.009922  0.996678  0.073705  -0.034640  -0.073384  0.997249  0.010456  0.035316  -0.007879  0.999345  0.000064  -0.003492  0.001213  -0.021396  0.061218  0.207927  2.000000  0.999980  0.006054  -0.002038  -0.006054  0.999982  0.000258  0.002039  -0.000245  0.999998  0.999996  0.002886  -0.000646  -0.002886  0.999995  -0.000869  0.000644  0.000870  0.999999  1.000000  0.000000  0.000000  0.000000  1.000000  0.000000  0.000000  0.000000  1.000000  0.999980  0.006054  -0.002038  -0.006054  0.999982  0.000258  0.002039  -0.000245  0.999998  0.000056  0.000000  
26.027697 0.001484  0.090692  -0.009921  0.996678  0.073705  -0.034640  -0.073384  0.997249  0.010456  0.035316  -0.007879  0.999345  -0.000111  -0.003542  0.001224  -0.025942  0.056842  0.194122  2.000000  0.999980  0.006054  -0.002038  -0.006054  0.999982  0.000258  0.002039  -0.000245  0.999998  0.999997  0.002473  -0.000516  -0.002474  0.999997  -0.000883  0.000513  0.000884  0.999999  1.000000  0.000000  0.000000  0.000000  1.000000  0.000000  0.000000  0.000000  1.000000  0.999980  0.006054  -0.002038  -0.006054  0.999982  0.000258  0.002039  -0.000245  0.999998  0.000051  0.000000  
26.028698 0.001483  0.090688  -0.009921  0.996678  0.073701  -0.034649  -0.073384  0.997250  0.010335  0.035316  -0.007758  0.999346  -0.000239  -0.003546  0.001173  -0.030232  0.052037  0.178756  2.000000  0.999980  0.006054  -0.002038  -0.006054  0.999982  0.000258  0.002039  -0.000245  0.999998  0.999998  0.002061  -0.000385  -0.002061  0.999997  -0.001019  0.000383  0.001020  0.999999  1.000000  0.000000  0.000000  0.000000  1.000000  0.000000  0.000000  0.000000  1.000000  0.999980  0.006054  -0.002038  -0.006054  0.999982  0.000258  0.002039  -0.000245  0.999998  0.000048  0.000000  
26.029702 0.001482  0.090684  -0.009921  0.996683  0.073696  -0.034525  -0.073384  0.997252  0.010204  0.035182  -0.007637  0.999352  -0.000385  -0.003579  0.001070  0.000000  0.000000  0.000000  2.000000  0.999980  0.006054  -0.002038  -0.006054  0.999982  0.000258  0.002039  -0.000245  0.999998  0.999998  0.001853  -0.000119  -0.001853  0.999998  -0.001027  0.000117  0.001027  0.999999  1.000000  0.000000  0.000000  0.000000  1.000000  0.000000  0.000000  0.000000  1.000000  0.999980  0.006054  -0.002038  -0.006054  0.999982  0.000258  0.002039  -0.000245  0.999998  0.000045  0.000000  
26.030948 0.001480  0.090679  -0.009922  0.996668  0.073901  -0.034523  -0.073590  0.997236  0.010211  0.035182  -0.007637  0.999352  -0.000563  -0.003639  0.000947  0.000000  0.000000  0.000000  2.000000  0.999980  0.006054  -0.002038  -0.006054  0.999982  0.000258  0.002039  -0.000245  0.999998  0.999999  0.001646  0.000013  -0.001646  0.999998  -0.001034  -0.000014  0.001034  0.999999  1.000000  0.000000  0.000000  0.000000  1.000000  0.000000  0.000000  0.000000  1.000000  0.999980  0.006054  -0.002038  -0.006054  0.999982  0.000258  0.002039  -0.000245  0.999998  0.000000  0.000000  
26.031950 0.001478  0.090675  -0.009922  0.996668  0.073897  -0.034532  -0.073590  0.997238  0.010090  0.035182  -0.007516  0.999353  -0.000709  -0.003672  0.000843  0.000000  0.000000  0.000000  2.000000  0.999980  0.006054  -0.002038  -0.006054  0.999982  0.000258  0.002039  -0.000245  0.999998  0.999999  0.001645  0.000146  -0.001645  0.999998  -0.001155  -0.000148  0.001155  0.999999  1.000000  0.000000  0.000000  0.000000  1.000000  0.000000  0.000000  0.000000  1.000000  0.999980  0.006054  -0.002038  -0.006054  0.999982  0.000258  0.002039  -0.000245  0.999998  0.000000  0.000000  
26.033198 0.001476  0.090671  -0.009924  0.996668  0.073897  -0.034532  -0.073590  0.997238  0.010090  0.035182  -0.007516  0.999353  -0.000831  -0.003714  0.000670  0.000000  0.000000  0.000000  2.000000  0.999980  0.006054  -0.002038  -0.006054  0.999982  0.000258  0.002039  -0.000245  0.999998  0.999999  0.001439  0.000145  -0.001439  0.999998  -0.001162  -0.000146  0.001162  0.999999  1.000000  0.000000  0.000000  0.000000  1.000000  0.000000  0.000000  0.000000  1.000000  0.999980  0.006054  -0.002038  -0.006054  0.999982  0.000258  0.002039  -0.000245  0.999998  0.000000  0.000000  
26.034452 0.001475  0.090666  -0.009925  0.996668  0.073893  -0.034540  -0.073590  0.997239  0.009970  0.035182  -0.007394  0.999354  -0.000955  -0.003708  0.000443  0.000000  0.000000  0.000000  2.000000  0.999980  0.006054  -0.002038  -0.006054  0.999982  0.000258  0.002039  -0.000245  0.999998  0.999999  0.001027  0.000275  -0.001026  0.999999  -0.001177  -0.000276  0.001176  0.999999  1.000000  0.000000  0.000000  0.000000  1.000000  0.000000  0.000000  0.000000  1.000000  0.999980  0.006054  -0.002038  -0.006054  0.999982  0.000258  0.002039  -0.000245  0.999998  0.000000  0.000000  
26.035698 0.001472  0.090662  -0.009927  0.996668  0.073893  -0.034540  -0.073590  0.997239  0.009970  0.035182  -0.007394  0.999354  -0.001100  -0.003679  0.000242  0.000000  0.000000  0.000000  2.000000  0.999980  0.006054  -0.002038  -0.006054  0.999982  0.000258  0.002039  -0.000245  0.999998  1.000000  0.000821  0.000274  -0.000821  0.999999  -0.001184  -0.000275  0.001184  0.999999  1.000000  0.000000  0.000000  0.000000  1.000000  0.000000  0.000000  0.000000  1.000000  0.999980  0.006054  -0.002038  -0.006054  0.999982  0.000258  0.002039  -0.000245  0.999998  0.000000  0.000000  
26.036700 0.001470  0.090658  -0.009928  0.996668  0.073893  -0.034540  -0.073590  0.997239  0.009970  0.035182  -0.007394  0.999354  -0.001195  -0.003681  0.000077  0.000000  0.000000  0.000000  2.000000  0.999980  0.006054  -0.002038  -0.006054  0.999982  0.000258  0.002039  -0.000245  0.999998  1.000000  0.000821  0.000274  -0.000821  0.999999  -0.001063  -0.000275  0.001062  0.999999  1.000000  0.000000  0.000000  0.000000  1.000000  0.000000  0.000000  0.000000  1.000000  0.999980  0.006054  -0.002038  -0.006054  0.999982  0.000258  0.002039  -0.000245  0.999998  0.000000  0.000000  
26.037955 0.001468  0.090654  -0.009930  0.996668  0.073893  -0.034540  -0.073590  0.997239  0.009970  0.035182  -0.007394  0.999354  -0.001319  -0.003660  -0.000186  0.000000  0.000000  0.000000  2.000000  0.999980  0.006054  -0.002038  -0.006054  0.999982  0.000258  0.002039  -0.000245  0.999998  1.000000  0.000615  0.000272  -0.000615  0.999999  -0.001070  -0.000273  0.001070  0.999999  1.000000  0.000000  0.000000  0.000000  1.000000  0.000000  0.000000  0.000000  1.000000  0.999980  0.006054  -0.002038  -0.006054  0.999982  0.000258  0.002039  -0.000245  0.999998  0.000000  0.000000  
26.039197 0.001466  0.090650  -0.009931  0.996668  0.073889  -0.034549  -0.073590  0.997240  0.009849  0.035182  -0.007273  0.999354  -0.001410  -0.003648  -0.000351  0.000000  0.000000  0.000000  2.000000  0.999980  0.006054  -0.002038  -0.006054  0.999982  0.000258  0.002039  -0.000245  0.999998  1.000000  0.000615  0.000272  -0.000615  0.999999  -0.001070  -0.000273  0.001070  0.999999  1.000000  0.000000  0.000000  0.000000  1.000000  0.000000  0.000000  0.000000  1.000000  0.999980  0.006054  -0.002038  -0.006054  0.999982  0.000258  0.002039  -0.000245  0.999998  0.000000  0.000000  
26.040198 0.001464  0.090648  -0.009932  0.996668  0.073889  -0.034549  -0.073590  0.997240  0.009849  0.035182  -0.007273  0.999354  -0.001472  -0.003595  -0.000537  0.000000  0.000000  0.000000  2.000000  0.999980  0.006054  -0.002038  -0.006054  0.999982  0.000258  0.002039  -0.000245  0.999998  1.000000  0.000410  0.000271  -0.000409  0.999999  -0.001077  -0.000271  0.001077  0.999999  1.000000  0.000000  0.000000  0.000000  1.000000  0.000000  0.000000  0.000000  1.000000  0.999980  0.006054  -0.002038  -0.006054  0.999982  0.000258  0.002039  -0.000245  0.999998  0.000000  0.000000  
26.041453 0.001462  0.090644  -0.009933  0.996663  0.073890  -0.034683  -0.073589  0.997240  0.009858  0.035316  -0.007273  0.999350  -0.001560  -0.003547  -0.000784  0.000000  0.000000  0.000000  2.000000  0.999980  0.006054  -0.002038  -0.006054  0.999982  0.000258  0.002039  -0.000245  0.999998  1.000000  0.000410  0.000137  -0.000410  0.999999  -0.000956  -0.000137  0.000956  1.000000  1.000000  0.000000  0.000000  0.000000  1.000000  0.000000  0.000000  0.000000  1.000000  0.999980  0.006054  -0.002038  -0.006054  0.999982  0.000258  0.002039  -0.000245  0.999998  0.000000  0.000000  
26.042457 0.001461  0.090641  -0.009935  0.996663  0.073885  -0.034692  -0.073589  0.997241  0.009737  0.035316  -0.007152  0.999351  -0.001607  -0.003472  -0.000922  0.000000  0.000000  0.000000  2.000000  0.999980  0.006054  -0.002038  -0.006054  0.999982  0.000258  0.002039  -0.000245  0.999998  1.000000  0.000411  0.000003  -0.000411  0.999999  -0.001077  -0.000003  0.001077  0.999999  1.000000  0.000000  0.000000  0.000000  1.000000  0.000000  0.000000  0.000000  1.000000  0.999980  0.006054  -0.002038  -0.006054  0.999982  0.000258  0.002039  -0.000245  0.999998  0.000000  0.000000  
26.043698 0.001459  0.090637  -0.009937  0.996663  0.073885  -0.034692  -0.073589  0.997241  0.009737  0.035316  -0.007152  0.999351  -0.001598  -0.003383  -0.001056  0.000000  0.000000  0.000000  2.000000  0.999980  0.006054  -0.002038  -0.006054  0.999982  0.000258  0.002039  -0.000245  0.999998  1.000000  0.000411  0.000003  -0.000411  0.999999  -0.000956  -0.000003  0.000956  1.000000  1.000000  0.000000  0.000000  0.000000  1.000000  0.000000  0.000000  0.000000  1.000000  0.999980  0.006054  -0.002038  -0.006054  0.999982  0.000258  0.002039  -0.000245  0.999998  0.000000  0.000000  
26.044698 0.001457  0.090635  -0.009938  0.996663  0.073885  -0.034692  -0.073589  0.997241  0.009737  0.035316  -0.007152  0.999351  -0.001609  -0.003319  -0.001118  0.000000  0.000000  0.000000  2.000000  0.999980  0.006054  -0.002038  -0.006054  0.999982  0.000258  0.002039  -0.000245  0.999998  1.000000  0.000206  0.000001  -0.000206  1.000000  -0.000842  -0.000002  0.000842  1.000000  1.000000  0.000000  0.000000  0.000000  1.000000  0.000000  0.000000  0.000000  1.000000  0.999980  0.006054  -0.002038  -0.006054  0.999982  0.000258  0.002039  -0.000245  0.999998  0.000000  0.000000  
26.045951 0.001456  0.090631  -0.009939  0.996663  0.073885  -0.034692  -0.073589  0.997241  0.009737  0.035316  -0.007152  0.999351  -0.001609  -0.003188  -0.001190  0.000000  0.000000  0.000000  2.000000  0.999980  0.006054  -0.002038  -0.006054  0.999982  0.000258  0.002039  -0.000245  0.999998  1.000000  0.000206  0.000001  -0.000206  1.000000  -0.000842  -0.000002  0.000842  1.000000  1.000000  0.000000  0.000000  0.000000  1.000000  0.000000  0.000000  0.000000  1.000000  0.999980  0.006054  -0.002038  -0.006054  0.999982  0.000258  0.002039  -0.000245  0.999998  0.000000  0.000000  
26.047199 0.001455  0.090629  -0.009940  0.996663  0.073881  -0.034701  -0.073589  0.997242  0.009616  0.035316  -0.007031  0.999351  -0.001524  -0.003042  -0.001185  0.000000  0.000000  0.000000  2.000000  0.999980  0.006054  -0.002038  -0.006054  0.999982  0.000258  0.002039  -0.000245  0.999998  1.000000  0.000206  0.000001  -0.000206  1.000000  -0.000842  -0.000002  0.000842  1.000000  1.000000  0.000000  0.000000  0.000000  1.000000  0.000000  0.000000  0.000000  1.000000  0.999980  0.006054  -0.002038  -0.006054  0.999982  0.000258  0.002039  -0.000245  0.999998  0.000000  0.000000  
26.048449 0.001454  0.090626  -0.009941  0.996663  0.073881  -0.034701  -0.073589  0.997242  0.009616  0.035316  -0.007031  0.999351  -0.001436  -0.002924  -0.001182  0.000000  0.000000  0.000000  2.000000  0.999980  0.006054  -0.002038  -0.006054  0.999982  0.000258  0.002039  -0.000245  0.999998  1.000000  0.000206  0.000001  -0.000206  1.000000  -0.000721  -0.000002  0.000721  1.000000  1.000000  0.000000  0.000000  0.000000  1.000000  0.000000  0.000000  0.000000  1.000000  0.999980  0.006054  -0.002038  -0.006054  0.999982  0.000258  0.002039  -0.000245  0.999998  0.000000  0.000000  
26.049698 0.001454  0.090624  -0.009942  0.996663  0.073881  -0.034701  -0.073589  0.997242  0.009616  0.035316  -0.007031  0.999351  -0.001362  -0.002807  -0.001145  0.000000  0.000000  0.000000  2.000000  0.999980  0.006054  -0.002038  -0.006054  0.999982  0.000258  0.002039  -0.000245  0.999998  1.000000  0.000207  -0.000132  -0.000207  1.000000  -0.000721  0.000132  0.000721  1.000000  1.000000  0.000000  0.000000  0.000000  1.000000  0.000000  0.000000  0.000000  1.000000  0.999980  0.006054  -0.002038  -0.006054  0.999982  0.000258  0.002039  -0.000245  0.999998  0.000000  0.000000  
26.050946 0.001453  0.090621  -0.009944  0.996663  0.073885  -0.034692  -0.073589  0.997241  0.009737  0.035316  -0.007152  0.999351  -0.001212  -0.002636  -0.001103  0.000000  0.000000  0.000000  2.000000  0.999980  0.006054  -0.002038  -0.006054  0.999982  0.000258  0.002039  -0.000245  0.999998  1.000000  0.000207  -0.000132  -0.000207  1.000000  -0.000599  0.000132  0.000599  1.000000  1.000000  0.000000  0.000000  0.000000  1.000000  0.000000  0.000000  0.000000  1.000000  0.999980  0.006054  -0.002038  -0.006054  0.999982  0.000258  0.002039  -0.000245  0.999998  0.000000  0.000000  
26.051947 0.001453  0.090620  -0.009945  0.996663  0.073885  -0.034692  -0.073589  0.997241  0.009737  0.035316  -0.007152  0.999351  -0.001079  -0.002538  -0.001063  0.000000  0.000000  0.000000  2.000000  0.999980  0.006054  -0.002038  -0.006054  0.999982  0.000258  0.002039  -0.000245  0.999998  1.000000  0.000001  -0.000134  -0.000001  1.000000  -0.000364  0.000134  0.000364  1.000000  1.000000  0.000000  0.000000  0.000000  1.000000  0.000000  0.000000  0.000000  1.000000  0.999980  0.006054  -0.002038  -0.006054  0.999982  0.000258  0.002039  -0.000245  0.999998  0.000000  0.000000  
26.052947 0.001453  0.090618  -0.009945  0.996678  0.073680  -0.034694  -0.073384  0.997256  0.009730  0.035316  -0.007152  0.999351  -0.000996  -0.002440  -0.001016  0.000000  0.000000  0.000000  2.000000  0.999980  0.006054  -0.002038  -0.006054  0.999982  0.000258  0.002039  -0.000245  0.999998  1.000000  0.000001  -0.000134  -0.000001  1.000000  -0.000364  0.000134  0.000364  1.000000  1.000000  0.000000  0.000000  0.000000  1.000000  0.000000  0.000000  0.000000  1.000000  0.999980  0.006054  -0.002038  -0.006054  0.999982  0.000258  0.002039  -0.000245  0.999998  0.000000  0.000000  
26.053948 0.001453  0.090616  -0.009946  0.996678  0.073680  -0.034694  -0.073384  0.997256  0.009730  0.035316  -0.007152  0.999351  -0.000888  -0.002348  -0.001038  0.000000  0.000000  0.000000  2.000000  0.999980  0.006054  -0.002038  -0.006054  0.999982  0.000258  0.002039  -0.000245  0.999998  1.000000  -0.000205  -0.000135  0.000205  1.000000  -0.000371  0.000135  0.000371  1.000000  1.000000  0.000000  0.000000  0.000000  1.000000  0.000000  0.000000  0.000000  1.000000  0.999980  0.006054  -0.002038  -0.006054  0.999982  0.000258  0.002039  -0.000245  0.999998  0.000000  0.000000  
26.054953 0.001453  0.090614  -0.009947  0.996678  0.073684  -0.034685  -0.073384  0.997255  0.009851  0.035316  -0.007273  0.999350  -0.000775  -0.002263  -0.001023  0.000000  0.000000  0.000000  2.000000  0.999980  0.006054  -0.002038  -0.006054  0.999982  0.000258  0.002039  -0.000245  0.999998  1.000000  -0.000205  -0.000135  0.000205  1.000000  -0.000129  0.000135  0.000129  1.000000  1.000000  0.000000  0.000000  0.000000  1.000000  0.000000  0.000000  0.000000  1.000000  0.999980  0.006054  -0.002038  -0.006054  0.999982  0.000258  0.002039  -0.000245  0.999998  0.000000  0.000000  
26.056198 0.001453  0.090613  -0.009947  0.996678  0.073684  -0.034685  -0.073384  0.997255  0.009851  0.035316  -0.007273  0.999350  -0.000621  -0.002137  -0.000929  0.000000  0.000000  0.000000  2.000000  0.999980  0.006054  -0.002038  -0.006054  0.999982  0.000258  0.002039  -0.000245  0.999998  1.000000  -0.000205  -0.000135  0.000205  1.000000  -0.000129  0.000135  0.000129  1.000000  1.000000  0.000000  0.000000  0.000000  1.000000  0.000000  0.000000  0.000000  1.000000  0.999980  0.006054  -0.002038  -0.006054  0.999982  0.000258  0.002039  -0.000245  0.999998  0.000000  0.000000  
26.057199 0.001453  0.090611  -0.009947  0.996678  0.073684  -0.034685  -0.073384  0.997255  0.009851  0.035316  -0.007273  0.999350  -0.000506  -0.002012  -0.000862  0.000000  0.000000  0.000000  2.000000  0.999980  0.006054  -0.002038  -0.006054  0.999982  0.000258  0.002039  -0.000245  0.999998  1.000000  -0.000205  -0.000135  0.000205  1.000000  -0.000129  0.000135  0.000129  1.000000  1.000000  0.000000  0.000000  0.000000  1.000000  0.000000  0.000000  0.000000  1.000000  0.999980  0.006054  -0.002038  -0.006054  0.999982  0.000258  0.002039  -0.000245  0.999998  0.000000  0.000000  
26.058200 0.001453  0.090610  -0.009947  0.996678  0.073688  -0.034676  -0.073384  0.997254  0.009972  0.035316  -0.007394  0.999349  -0.000402  -0.001882  -0.000761  0.000000  0.000000  0.000000  2.000000  0.999980  0.006054  -0.002038  -0.006054  0.999982  0.000258  0.002039  -0.000245  0.999998  1.000000  -0.000205  -0.000135  0.000205  1.000000  -0.000007  0.000135  0.000007  1.000000  1.000000  0.000000  0.000000  0.000000  1.000000  0.000000  0.000000  0.000000  1.000000  0.999980  0.006054  -0.002038  -0.006054  0.999982  0.000258  0.002039  -0.000245  0.999998  0.000000  0.000000  
