1-Time 2-Px 3-Py 4-Pz 5-R11 6-R21 7-R31 8-R12 9-R22 10-R32 11-R13 12-R23 13-R33 14-Vx 15-Vy 16-Vz 17-Wx 18-Wy 19-Wz 20-state 21-PR11 22-PR21 23-PR31 24-PR12 25-PR22 26-PR32 27-PR13 28-PR23 29-PR33 
151.629826 0.004130  0.089966  -0.012129  0.998239  0.020879  0.055529  -0.021993  0.999568  0.019522  -0.055097  -0.020709  0.998266  0.000158  0.000063  0.000199  0.000000  0.000000  0.000000  2.000000  1.000000  0.000000  0.000000  0.000000  1.000000  0.000000  0.000000  0.000000  1.000000  1.000000  0.000000  0.000000  0.000000  1.000000  0.000121  0.000000  -0.000121  1.000000  1.000000  0.000000  0.000000  0.000000  1.000000  0.000000  0.000000  0.000000  1.000000  0.637018  0.587456  -0.499103  -0.565971  0.796015  0.214565  0.523341  0.145796  0.839558  0.000000  0.000000  
151.630833 0.004130  0.089965  -0.012130  0.998239  0.020879  0.055529  -0.021993  0.999568  0.019522  -0.055097  -0.020709  0.998266  0.000178  0.000035  0.000172  0.000000  0.000000  0.000000  2.000000  1.000000  0.000000  0.000000  0.000000  1.000000  0.000000  0.000000  0.000000  1.000000  1.000000  0.000000  0.000000  0.000000  1.000000  0.000121  0.000000  -0.000121  1.000000  1.000000  0.000000  0.000000  0.000000  1.000000  0.000000  0.000000  0.000000  1.000000  1.000000  0.000000  0.000000  0.000000  1.000000  0.000000  0.000000  0.000000  1.000000  0.000000  0.000000  
151.632082 0.004129  0.089962  -0.012135  0.998227  0.021082  0.055666  -0.022198  0.999563  0.019508  -0.055231  -0.020709  0.998259  0.000123  -0.000167  -0.000162  0.000000  0.000000  0.000000  2.000000  1.000000  0.000000  0.000000  0.000000  1.000000  0.000000  0.000000  0.000000  1.000000  1.000000  0.000206  0.000004  -0.000206  1.000000  0.000110  -0.000004  -0.000110  1.000000  1.000000  0.000000  0.000000  0.000000  1.000000  0.000000  0.000000  0.000000  1.000000  1.000000  0.000000  0.000000  0.000000  1.000000  0.000000  0.000000  0.000000  1.000000  0.000000  0.000000  
151.633084 0.004129  0.089959  -0.012141  0.998219  0.021073  0.055802  -0.022198  0.999561  0.019626  -0.055364  -0.020830  0.998249  0.000061  -0.000401  -0.000588  0.000000  0.000000  0.000000  2.000000  1.000000  0.000000  0.000000  0.000000  1.000000  0.000000  0.000000  0.000000  1.000000  1.000000  0.000200  0.000272  -0.000200  1.000000  0.000110  -0.000272  -0.000110  1.000000  1.000000  0.000000  0.000000  0.000000  1.000000  0.000000  0.000000  0.000000  1.000000  1.000000  0.000000  0.000000  0.000000  1.000000  0.000000  0.000000  0.000000  1.000000  0.000000  0.000000  
151.634336 0.004129  0.089955  -0.012147  0.998200  0.021273  0.056073  -0.022403  0.999557  0.019608  -0.055632  -0.020829  0.998234  0.000059  -0.000662  -0.001011  0.000000  0.000000  0.000000  2.000000  1.000000  0.000000  0.000000  0.000000  1.000000  0.000000  0.000000  0.000000  1.000000  1.000000  0.000400  0.000544  -0.000400  1.000000  0.000220  -0.000544  -0.000220  1.000000  1.000000  0.000000  0.000000  0.000000  1.000000  0.000000  0.000000  0.000000  1.000000  1.000000  0.000000  0.000000  0.000000  1.000000  0.000000  0.000000  0.000000  1.000000  0.000000  0.000000  
151.635582 0.004130  0.089952  -0.012153  0.998193  0.021263  0.056210  -0.022403  0.999554  0.019727  -0.055765  -0.020950  0.998224  0.000152  -0.000902  -0.001460  0.000000  0.000000  0.000000  2.000000  1.000000  0.000000  0.000000  0.000000  1.000000  0.000000  0.000000  0.000000  1.000000  1.000000  0.000397  0.000677  -0.000397  1.000000  0.000341  -0.000677  -0.000341  1.000000  1.000000  0.000000  0.000000  0.000000  1.000000  0.000000  0.000000  0.000000  1.000000  1.000000  0.000000  0.000000  0.000000  1.000000  0.000000  0.000000  0.000000  1.000000  0.000000  0.000000  
151.636832 0.004132  0.089948  -0.012160  0.998188  0.021469  0.056214  -0.022609  0.999550  0.019715  -0.055765  -0.020950  0.998224  0.000226  -0.001171  -0.001964  0.000000  0.000000  0.000000  2.000000  1.000000  0.000000  0.000000  0.000000  1.000000  0.000000  0.000000  0.000000  1.000000  1.000000  0.000603  0.000682  -0.000603  1.000000  0.000329  -0.000682  -0.000330  1.000000  1.000000  0.000000  0.000000  0.000000  1.000000  0.000000  0.000000  0.000000  1.000000  1.000000  0.000000  0.000000  0.000000  1.000000  0.000000  0.000000  0.000000  1.000000  0.000000  0.000000  
151.637834 0.004133  0.089945  -0.012166  0.998180  0.021459  0.056350  -0.022608  0.999548  0.019833  -0.055899  -0.021071  0.998214  0.000330  -0.001357  -0.002366  0.000000  0.000000  0.000000  2.000000  1.000000  0.000000  0.000000  0.000000  1.000000  0.000000  0.000000  0.000000  1.000000  1.000000  0.000602  0.000682  -0.000603  1.000000  0.000451  -0.000682  -0.000451  1.000000  1.000000  0.000000  0.000000  0.000000  1.000000  0.000000  0.000000  0.000000  1.000000  1.000000  0.000000  0.000000  0.000000  1.000000  0.000000  0.000000  0.000000  1.000000  0.000000  0.000000  
151.639084 0.004136  0.089941  -0.012174  0.998180  0.021459  0.056350  -0.022608  0.999548  0.019833  -0.055899  -0.021071  0.998214  0.000469  -0.001633  -0.002915  0.000000  0.000000  0.000000  2.000000  1.000000  0.000000  0.000000  0.000000  1.000000  0.000000  0.000000  0.000000  1.000000  0.999999  0.000600  0.000816  -0.000600  1.000000  0.000451  -0.000815  -0.000451  1.000000  1.000000  0.000000  0.000000  0.000000  1.000000  0.000000  0.000000  0.000000  1.000000  1.000000  0.000000  0.000000  0.000000  1.000000  0.000000  0.000000  0.000000  1.000000  0.000000  0.000000  
151.640335 0.004139  0.089937  -0.012182  0.998168  0.021656  0.056490  -0.022814  0.999541  0.019940  -0.056032  -0.021192  0.998204  0.000650  -0.001884  -0.003480  0.000000  0.000000  0.000000  2.000000  1.000000  0.000000  0.000000  0.000000  1.000000  0.000000  0.000000  0.000000  1.000000  0.999999  0.000802  0.000954  -0.000803  1.000000  0.000439  -0.000953  -0.000440  0.999999  1.000000  0.000000  0.000000  0.000000  1.000000  0.000000  0.000000  0.000000  1.000000  1.000000  0.000000  0.000000  0.000000  1.000000  0.000000  0.000000  0.000000  1.000000  0.000000  0.000000  
151.641584 0.004141  0.089933  -0.012190  0.998149  0.021856  0.056761  -0.023019  0.999537  0.019922  -0.056299  -0.021192  0.998189  0.000817  -0.002211  -0.004045  0.000000  0.000000  0.000000  2.000000  1.000000  0.000000  0.000000  0.000000  1.000000  0.000000  0.000000  0.000000  1.000000  0.999999  0.001005  0.001092  -0.001005  0.999999  0.000427  -0.001092  -0.000428  0.999999  1.000000  0.000000  0.000000  0.000000  1.000000  0.000000  0.000000  0.000000  1.000000  1.000000  0.000000  0.000000  0.000000  1.000000  0.000000  0.000000  0.000000  1.000000  0.000000  0.000000  
151.642837 0.004146  0.089929  -0.012198  0.998129  0.022056  0.057032  -0.023224  0.999532  0.019904  -0.056567  -0.021191  0.998174  0.001098  -0.002487  -0.004578  0.000000  0.000000  0.000000  2.000000  1.000000  0.000000  0.000000  0.000000  1.000000  0.000000  0.000000  0.000000  1.000000  0.999998  0.001205  0.001364  -0.001205  0.999999  0.000415  -0.001363  -0.000417  0.999999  1.000000  0.000000  0.000000  0.000000  1.000000  0.000000  0.000000  0.000000  1.000000  1.000000  0.000000  0.000000  0.000000  1.000000  0.000000  0.000000  0.000000  1.000000  0.000000  0.000000  
151.644086 0.004150  0.089924  -0.012206  0.998116  0.022266  0.057167  -0.023429  0.999530  0.019768  -0.056700  -0.021070  0.998169  0.001374  -0.002798  -0.005206  0.000000  0.000000  0.000000  2.000000  1.000000  0.000000  0.000000  0.000000  1.000000  0.000000  0.000000  0.000000  1.000000  0.999998  0.001405  0.001636  -0.001405  0.999999  0.000282  -0.001635  -0.000284  0.999999  1.000000  0.000000  0.000000  0.000000  1.000000  0.000000  0.000000  0.000000  1.000000  1.000000  0.000000  0.000000  0.000000  1.000000  0.000000  0.000000  0.000000  1.000000  0.000000  0.000000  
151.645087 0.004153  0.089920  -0.012213  0.998104  0.022469  0.057305  -0.023635  0.999525  0.019753  -0.056834  -0.021070  0.998161  0.001548  -0.003093  -0.005681  0.000000  0.000000  0.000000  2.000000  1.000000  0.000000  0.000000  0.000000  1.000000  0.000000  0.000000  0.000000  1.000000  0.999997  0.001402  0.001769  -0.001402  0.999999  0.000282  -0.001769  -0.000284  0.999998  1.000000  0.000000  0.000000  0.000000  1.000000  0.000000  0.000000  0.000000  1.000000  1.000000  0.000000  0.000000  0.000000  1.000000  0.000000  0.000000  0.000000  1.000000  0.000000  0.000000  
151.646343 0.004155  0.089914  -0.012223  0.998104  0.022476  0.057302  -0.023635  0.999528  0.019632  -0.056834  -0.020949  0.998164  0.001713  -0.003361  -0.006162  0.000000  0.000000  0.000000  2.000000  1.000000  0.000000  0.000000  0.000000  1.000000  0.000000  0.000000  0.000000  1.000000  0.999997  0.001608  0.001773  -0.001608  0.999999  0.000149  -0.001773  -0.000152  0.999998  1.000000  0.000000  0.000000  0.000000  1.000000  0.000000  0.000000  0.000000  1.000000  1.000000  0.000000  0.000000  0.000000  1.000000  0.000000  0.000000  0.000000  1.000000  0.000000  0.000000  
151.647580 0.004158  0.089908  -0.012234  0.998091  0.022679  0.057440  -0.023840  0.999523  0.019617  -0.056967  -0.020949  0.998156  0.001930  -0.003494  -0.006446  0.000000  0.000000  0.000000  2.000000  1.000000  0.000000  0.000000  0.000000  1.000000  0.000000  0.000000  0.000000  1.000000  0.999997  0.001810  0.001911  -0.001811  0.999998  0.000137  -0.001911  -0.000141  0.999998  1.000000  0.000000  0.000000  0.000000  1.000000  0.000000  0.000000  0.000000  1.000000  1.000000  0.000000  0.000000  0.000000  1.000000  0.000000  0.000000  0.000000  1.000000  0.000000  0.000000  
151.648585 0.004161  0.089903  -0.012243  0.998091  0.022679  0.057440  -0.023840  0.999523  0.019617  -0.056967  -0.020949  0.998156  0.002170  -0.003617  -0.006666  0.000000  0.000000  0.000000  2.000000  1.000000  0.000000  0.000000  0.000000  1.000000  0.000000  0.000000  0.000000  1.000000  0.999997  0.001810  0.001911  -0.001811  0.999998  0.000137  -0.001911  -0.000141  0.999998  1.000000  0.000000  0.000000  0.000000  1.000000  0.000000  0.000000  0.000000  1.000000  1.000000  0.000000  0.000000  0.000000  1.000000  0.000000  0.000000  0.000000  1.000000  0.000000  0.000000  
151.649832 0.004165  0.089897  -0.012253  0.998071  0.022879  0.057711  -0.024045  0.999519  0.019599  -0.057235  -0.020948  0.998141  0.002336  -0.003766  -0.006923  0.000000  0.000000  0.000000  2.000000  1.000000  0.000000  0.000000  0.000000  1.000000  0.000000  0.000000  0.000000  1.000000  0.999996  0.002013  0.002050  -0.002013  0.999998  0.000125  -0.002049  -0.000129  0.999998  1.000000  0.000000  0.000000  0.000000  1.000000  0.000000  0.000000  0.000000  1.000000  1.000000  0.000000  0.000000  0.000000  1.000000  0.000000  0.000000  0.000000  1.000000  0.000000  0.000000  
151.650838 0.004167  0.089892  -0.012263  0.998059  0.023082  0.057848  -0.024250  0.999514  0.019583  -0.057368  -0.020948  0.998133  0.002512  -0.003921  -0.007199  0.000000  0.000000  0.000000  2.000000  1.000000  0.000000  0.000000  0.000000  1.000000  0.000000  0.000000  0.000000  1.000000  0.999995  0.002216  0.002188  -0.002216  0.999998  0.000113  -0.002187  -0.000118  0.999998  1.000000  0.000000  0.000000  0.000000  1.000000  0.000000  0.000000  0.000000  1.000000  1.000000  0.000000  0.000000  0.000000  1.000000  0.000000  0.000000  0.000000  1.000000  0.000000  0.000000  
151.652082 0.004172  0.089885  -0.012277  0.998046  0.023278  0.057989  -0.024456  0.999507  0.019690  -0.057502  -0.021069  0.998123  0.002671  -0.004169  -0.007698  0.000000  0.000000  0.000000  2.000000  1.000000  0.000000  0.000000  0.000000  1.000000  0.000000  0.000000  0.000000  1.000000  0.999995  0.002210  0.002455  -0.002210  0.999998  0.000112  -0.002455  -0.000118  0.999997  1.000000  0.000000  0.000000  0.000000  1.000000  0.000000  0.000000  0.000000  1.000000  1.000000  0.000000  0.000000  0.000000  1.000000  0.000000  0.000000  0.000000  1.000000  0.000000  0.000000  
151.653332 0.004176  0.089878  -0.012293  0.998025  0.023478  0.058260  -0.024661  0.999502  0.019671  -0.057769  -0.021069  0.998108  0.002791  -0.004394  -0.008265  0.000000  0.000000  0.000000  2.000000  1.000000  0.000000  0.000000  0.000000  1.000000  0.000000  0.000000  0.000000  1.000000  0.999994  0.002415  0.002460  -0.002416  0.999997  0.000221  -0.002459  -0.000227  0.999997  1.000000  0.000000  0.000000  0.000000  1.000000  0.000000  0.000000  0.000000  1.000000  1.000000  0.000000  0.000000  0.000000  1.000000  0.000000  0.000000  0.000000  1.000000  0.000000  0.000000  
151.654336 0.004179  0.089871  -0.012307  0.998005  0.023671  0.058534  -0.024866  0.999495  0.019774  -0.058036  -0.021190  0.998090  0.002856  -0.004638  -0.008778  0.000000  0.000000  0.000000  2.000000  1.000000  0.000000  0.000000  0.000000  1.000000  0.000000  0.000000  0.000000  1.000000  0.999994  0.002415  0.002460  -0.002416  0.999997  0.000221  -0.002459  -0.000227  0.999997  1.000000  0.000000  0.000000  0.000000  1.000000  0.000000  0.000000  0.000000  1.000000  1.000000  0.000000  0.000000  0.000000  1.000000  0.000000  0.000000  0.000000  1.000000  0.000000  0.000000  
151.655583 0.004184  0.089863  -0.012325  0.997997  0.023661  0.058670  -0.024866  0.999493  0.019891  -0.058170  -0.021311  0.998079  0.002950  -0.004859  -0.009487  0.000000  0.000000  0.000000  2.000000  1.000000  0.000000  0.000000  0.000000  1.000000  0.000000  0.000000  0.000000  1.000000  0.999994  0.002415  0.002460  -0.002415  0.999997  0.000099  -0.002460  -0.000105  0.999997  1.000000  0.000000  0.000000  0.000000  1.000000  0.000000  0.000000  0.000000  1.000000  1.000000  0.000000  0.000000  0.000000  1.000000  0.000000  0.000000  0.000000  1.000000  0.000000  0.000000  
151.656830 0.004188  0.089855  -0.012344  0.997984  0.023864  0.058808  -0.025071  0.999488  0.019876  -0.058303  -0.021310  0.998071  0.003032  -0.005140  -0.010159  0.000000  0.000000  0.000000  2.000000  1.000000  0.000000  0.000000  0.000000  1.000000  0.000000  0.000000  0.000000  1.000000  0.999994  0.002412  0.002594  -0.002412  0.999997  0.000220  -0.002594  -0.000226  0.999997  1.000000  0.000000  0.000000  0.000000  1.000000  0.000000  0.000000  0.000000  1.000000  1.000000  0.000000  0.000000  0.000000  1.000000  0.000000  0.000000  0.000000  1.000000  0.000000  0.000000  
151.657832 0.004191  0.089848  -0.012358  0.997979  0.024062  0.058815  -0.025276  0.999481  0.019985  -0.058303  -0.021431  0.998069  0.003036  -0.005355  -0.010669  0.000000  0.000000  0.000000  2.000000  1.000000  0.000000  0.000000  0.000000  1.000000  0.000000  0.000000  0.000000  1.000000  0.999993  0.002617  0.002599  -0.002618  0.999997  0.000208  -0.002598  -0.000215  0.999997  1.000000  0.000000  0.000000  0.000000  1.000000  0.000000  0.000000  0.000000  1.000000  1.000000  0.000000  0.000000  0.000000  1.000000  0.000000  0.000000  0.000000  1.000000  0.000000  0.000000  
151.659087 0.004195  0.089840  -0.012375  0.997971  0.024052  0.058951  -0.025276  0.999478  0.020103  -0.058437  -0.021552  0.998058  0.003014  -0.005653  -0.011281  0.000000  0.000000  0.000000  2.000000  1.000000  0.000000  0.000000  0.000000  1.000000  0.000000  0.000000  0.000000  1.000000  0.999993  0.002617  0.002599  -0.002617  0.999997  0.000329  -0.002598  -0.000336  0.999997  1.000000  0.000000  0.000000  0.000000  1.000000  0.000000  0.000000  0.000000  1.000000  1.000000  0.000000  0.000000  0.000000  1.000000  0.000000  0.000000  0.000000  1.000000  0.000000  0.000000  
151.660333 0.004199  0.089831  -0.012391  0.997950  0.024252  0.059222  -0.025481  0.999474  0.020084  -0.058704  -0.021552  0.998043  0.003077  -0.005914  -0.011798  0.000000  0.000000  0.000000  2.000000  1.000000  0.000000  0.000000  0.000000  1.000000  0.000000  0.000000  0.000000  1.000000  0.999993  0.002617  0.002599  -0.002617  0.999997  0.000207  -0.002599  -0.000214  0.999997  1.000000  0.000000  0.000000  0.000000  1.000000  0.000000  0.000000  0.000000  1.000000  1.000000  0.000000  0.000000  0.000000  1.000000  0.000000  0.000000  0.000000  1.000000  0.000000  0.000000  
151.661335 0.004202  0.089825  -0.012403  0.997942  0.024249  0.059356  -0.025481  0.999474  0.020081  -0.058837  -0.021552  0.998035  0.003152  -0.005961  -0.011953  0.000000  0.000000  0.000000  2.000000  1.000000  0.000000  0.000000  0.000000  1.000000  0.000000  0.000000  0.000000  1.000000  0.999994  0.002411  0.002595  -0.002412  0.999997  0.000219  -0.002594  -0.000225  0.999997  1.000000  0.000000  0.000000  0.000000  1.000000  0.000000  0.000000  0.000000  1.000000  1.000000  0.000000  0.000000  0.000000  1.000000  0.000000  0.000000  0.000000  1.000000  0.000000  0.000000  
151.662585 0.004206  0.089817  -0.012416  0.997929  0.024452  0.059493  -0.025686  0.999469  0.020065  -0.058971  -0.021552  0.998027  0.003244  -0.006115  -0.012205  0.000000  0.000000  0.000000  2.000000  1.000000  0.000000  0.000000  0.000000  1.000000  0.000000  0.000000  0.000000  1.000000  0.999993  0.002617  0.002599  -0.002617  0.999997  0.000206  -0.002599  -0.000213  0.999997  1.000000  0.000000  0.000000  0.000000  1.000000  0.000000  0.000000  0.000000  1.000000  1.000000  0.000000  0.000000  0.000000  1.000000  0.000000  0.000000  0.000000  1.000000  0.000000  0.000000  
151.663835 0.004210  0.089809  -0.012430  0.997908  0.024652  0.059764  -0.025891  0.999464  0.020046  -0.059238  -0.021551  0.998011  0.003258  -0.006232  -0.012409  0.000000  0.000000  0.000000  2.000000  1.000000  0.000000  0.000000  0.000000  1.000000  0.000000  0.000000  0.000000  1.000000  0.999993  0.002614  0.002733  -0.002615  0.999997  0.000327  -0.002732  -0.000334  0.999996  1.000000  0.000000  0.000000  0.000000  1.000000  0.000000  0.000000  0.000000  1.000000  1.000000  0.000000  0.000000  0.000000  1.000000  0.000000  0.000000  0.000000  1.000000  0.000000  0.000000  
151.665084 0.004214  0.089801  -0.012445  0.997895  0.024855  0.059902  -0.026097  0.999459  0.020030  -0.059372  -0.021551  0.998003  0.003276  -0.006331  -0.012663  0.000000  0.000000  0.000000  2.000000  1.000000  0.000000  0.000000  0.000000  1.000000  0.000000  0.000000  0.000000  1.000000  0.999993  0.002616  0.002599  -0.002617  0.999997  0.000326  -0.002598  -0.000333  0.999997  1.000000  0.000000  0.000000  0.000000  1.000000  0.000000  0.000000  0.000000  1.000000  1.000000  0.000000  0.000000  0.000000  1.000000  0.000000  0.000000  0.000000  1.000000  0.000000  0.000000  
151.666339 0.004217  0.089793  -0.012461  0.997887  0.024852  0.060035  -0.026096  0.999459  0.020027  -0.059505  -0.021551  0.997995  0.003208  -0.006447  -0.012916  0.000000  0.000000  0.000000  2.000000  1.000000  0.000000  0.000000  0.000000  1.000000  0.000000  0.000000  0.000000  1.000000  0.999993  0.002408  0.002728  -0.002409  0.999997  0.000459  -0.002727  -0.000466  0.999996  1.000000  0.000000  0.000000  0.000000  1.000000  0.000000  0.000000  0.000000  1.000000  1.000000  0.000000  0.000000  0.000000  1.000000  0.000000  0.000000  0.000000  1.000000  0.000000  0.000000  
151.667580 0.004220  0.089785  -0.012478  0.997873  0.025055  0.060173  -0.026302  0.999454  0.020011  -0.059639  -0.021551  0.997987  0.003116  -0.006470  -0.013043  0.000000  0.000000  0.000000  2.000000  1.000000  0.000000  0.000000  0.000000  1.000000  0.000000  0.000000  0.000000  1.000000  0.999994  0.002203  0.002724  -0.002204  0.999997  0.000471  -0.002723  -0.000477  0.999996  1.000000  0.000000  0.000000  0.000000  1.000000  0.000000  0.000000  0.000000  1.000000  1.000000  0.000000  0.000000  0.000000  1.000000  0.000000  0.000000  0.000000  1.000000  0.000000  0.000000  
151.668580 0.004222  0.089779  -0.012492  0.997873  0.025048  0.060176  -0.026302  0.999451  0.020132  -0.059639  -0.021672  0.997985  0.003002  -0.006519  -0.013075  0.000000  0.000000  0.000000  2.000000  1.000000  0.000000  0.000000  0.000000  1.000000  0.000000  0.000000  0.000000  1.000000  0.999993  0.002408  0.002729  -0.002409  0.999997  0.000580  -0.002727  -0.000587  0.999996  1.000000  0.000000  0.000000  0.000000  1.000000  0.000000  0.000000  0.000000  1.000000  1.000000  0.000000  0.000000  0.000000  1.000000  0.000000  0.000000  0.000000  1.000000  0.000000  0.000000  
151.669581 0.004225  0.089773  -0.012507  0.997865  0.025045  0.060310  -0.026301  0.999451  0.020128  -0.059772  -0.021672  0.997977  0.002945  -0.006455  -0.013036  0.000000  0.000000  0.000000  2.000000  1.000000  0.000000  0.000000  0.000000  1.000000  0.000000  0.000000  0.000000  1.000000  0.999994  0.002202  0.002724  -0.002204  0.999997  0.000592  -0.002723  -0.000598  0.999996  1.000000  0.000000  0.000000  0.000000  1.000000  0.000000  0.000000  0.000000  1.000000  1.000000  0.000000  0.000000  0.000000  1.000000  0.000000  0.000000  0.000000  1.000000  0.000000  0.000000  
151.670583 0.004227  0.089768  -0.012520  0.997852  0.025248  0.060447  -0.026507  0.999446  0.020112  -0.059906  -0.021671  0.997969  0.002912  -0.006385  -0.012982  0.000000  0.000000  0.000000  2.000000  1.000000  0.000000  0.000000  0.000000  1.000000  0.000000  0.000000  0.000000  1.000000  0.999994  0.002202  0.002724  -0.002204  0.999997  0.000592  -0.002723  -0.000598  0.999996  1.000000  0.000000  0.000000  0.000000  1.000000  0.000000  0.000000  0.000000  1.000000  1.000000  0.000000  0.000000  0.000000  1.000000  0.000000  0.000000  0.000000  1.000000  0.000000  0.000000  
151.671832 0.004230  0.089761  -0.012538  0.997836  0.025235  0.060717  -0.026506  0.999444  0.020227  -0.060173  -0.021792  0.997950  0.002779  -0.006286  -0.012901  0.000000  0.000000  0.000000  2.000000  1.000000  0.000000  0.000000  0.000000  1.000000  0.000000  0.000000  0.000000  1.000000  0.999993  0.002199  0.002858  -0.002201  0.999997  0.000713  -0.002857  -0.000719  0.999996  1.000000  0.000000  0.000000  0.000000  1.000000  0.000000  0.000000  0.000000  1.000000  1.000000  0.000000  0.000000  0.000000  1.000000  0.000000  0.000000  0.000000  1.000000  0.000000  0.000000  
151.672833 0.004231  0.089754  -0.012553  0.997814  0.025435  0.060988  -0.026711  0.999439  0.020207  -0.060440  -0.021792  0.997934  0.002640  -0.006266  -0.012970  0.000000  0.000000  0.000000  2.000000  1.000000  0.000000  0.000000  0.000000  1.000000  0.000000  0.000000  0.000000  1.000000  0.999994  0.001996  0.002720  -0.001998  0.999998  0.000604  -0.002719  -0.000609  0.999996  1.000000  0.000000  0.000000  0.000000  1.000000  0.000000  0.000000  0.000000  1.000000  1.000000  0.000000  0.000000  0.000000  1.000000  0.000000  0.000000  0.000000  1.000000  0.000000  0.000000  
151.673835 0.004232  0.089747  -0.012568  0.997806  0.025424  0.061125  -0.026711  0.999437  0.020325  -0.060574  -0.021913  0.997923  0.002543  -0.006276  -0.013132  0.000000  0.000000  0.000000  2.000000  1.000000  0.000000  0.000000  0.000000  1.000000  0.000000  0.000000  0.000000  1.000000  0.999994  0.001993  0.002854  -0.001995  0.999998  0.000724  -0.002853  -0.000730  0.999996  1.000000  0.000000  0.000000  0.000000  1.000000  0.000000  0.000000  0.000000  1.000000  1.000000  0.000000  0.000000  0.000000  1.000000  0.000000  0.000000  0.000000  1.000000  0.000000  0.000000  
151.674843 0.004233  0.089740  -0.012585  0.997785  0.025617  0.061399  -0.026916  0.999429  0.020426  -0.060841  -0.022033  0.997904  0.002334  -0.006310  -0.013362  0.000000  0.000000  0.000000  2.000000  1.000000  0.000000  0.000000  0.000000  1.000000  0.000000  0.000000  0.000000  1.000000  0.999994  0.001993  0.002854  -0.001995  0.999998  0.000603  -0.002853  -0.000608  0.999996  1.000000  0.000000  0.000000  0.000000  1.000000  0.000000  0.000000  0.000000  1.000000  1.000000  0.000000  0.000000  0.000000  1.000000  0.000000  0.000000  0.000000  1.000000  0.000000  0.000000  
151.676084 0.004234  0.089730  -0.012607  0.997768  0.025611  0.061666  -0.026915  0.999429  0.020419  -0.061108  -0.022033  0.997888  0.002147  -0.006408  -0.013820  0.000000  0.000000  0.000000  2.000000  1.000000  0.000000  0.000000  0.000000  1.000000  0.000000  0.000000  0.000000  1.000000  0.999994  0.001993  0.002854  -0.001994  0.999998  0.000602  -0.002853  -0.000608  0.999996  1.000000  0.000000  0.000000  0.000000  1.000000  0.000000  0.000000  0.000000  1.000000  1.000000  0.000000  0.000000  0.000000  1.000000  0.000000  0.000000  0.000000  1.000000  0.000000  0.000000  
151.677084 0.004234  0.089723  -0.012624  0.997754  0.025806  0.061807  -0.027121  0.999421  0.020524  -0.061241  -0.022154  0.997877  0.001972  -0.006488  -0.014256  0.000000  0.000000  0.000000  2.000000  1.000000  0.000000  0.000000  0.000000  1.000000  0.000000  0.000000  0.000000  1.000000  0.999994  0.001989  0.002988  -0.001992  0.999998  0.000723  -0.002987  -0.000729  0.999995  1.000000  0.000000  0.000000  0.000000  1.000000  0.000000  0.000000  0.000000  1.000000  1.000000  0.000000  0.000000  0.000000  1.000000  0.000000  0.000000  0.000000  1.000000  0.000000  0.000000  
151.678335 0.004235  0.089714  -0.012646  0.997746  0.025796  0.061943  -0.027120  0.999419  0.020641  -0.061375  -0.022275  0.997866  0.001709  -0.006547  -0.014758  0.000000  0.000000  0.000000  2.000000  1.000000  0.000000  0.000000  0.000000  1.000000  0.000000  0.000000  0.000000  1.000000  0.999994  0.001781  0.003118  -0.001783  0.999998  0.000735  -0.003116  -0.000741  0.999995  1.000000  0.000000  0.000000  0.000000  1.000000  0.000000  0.000000  0.000000  1.000000  1.000000  0.000000  0.000000  0.000000  1.000000  0.000000  0.000000  0.000000  1.000000  0.000000  0.000000  
151.679586 0.004235  0.089705  -0.012667  0.997738  0.025793  0.062077  -0.027120  0.999419  0.020638  -0.061509  -0.022275  0.997858  0.001421  -0.006643  -0.015284  0.000000  0.000000  0.000000  2.000000  1.000000  0.000000  0.000000  0.000000  1.000000  0.000000  0.000000  0.000000  1.000000  0.999994  0.001781  0.003118  -0.001782  0.999998  0.000614  -0.003117  -0.000619  0.999995  1.000000  0.000000  0.000000  0.000000  1.000000  0.000000  0.000000  0.000000  1.000000  1.000000  0.000000  0.000000  0.000000  1.000000  0.000000  0.000000  0.000000  1.000000  0.000000  0.000000  
151.680836 0.004235  0.089696  -0.012687  0.997724  0.025988  0.062218  -0.027325  0.999411  0.020742  -0.061642  -0.022395  0.997847  0.001193  -0.006711  -0.015579  0.000000  0.000000  0.000000  2.000000  1.000000  0.000000  0.000000  0.000000  1.000000  0.000000  0.000000  0.000000  1.000000  0.999994  0.001783  0.002984  -0.001785  0.999998  0.000735  -0.002983  -0.000740  0.999995  1.000000  0.000000  0.000000  0.000000  1.000000  0.000000  0.000000  0.000000  1.000000  1.000000  0.000000  0.000000  0.000000  1.000000  0.000000  0.000000  0.000000  1.000000  0.000000  0.000000  
151.681839 0.004234  0.089689  -0.012703  0.997716  0.025985  0.062351  -0.027325  0.999411  0.020739  -0.061776  -0.022395  0.997839  0.001060  -0.006769  -0.015809  0.000000  0.000000  0.000000  2.000000  1.000000  0.000000  0.000000  0.000000  1.000000  0.000000  0.000000  0.000000  1.000000  0.999994  0.001783  0.002984  -0.001785  0.999998  0.000735  -0.002983  -0.000740  0.999995  1.000000  0.000000  0.000000  0.000000  1.000000  0.000000  0.000000  0.000000  1.000000  1.000000  0.000000  0.000000  0.000000  1.000000  0.000000  0.000000  0.000000  1.000000  0.000000  0.000000  
151.683082 0.004234  0.089680  -0.012723  0.997694  0.026177  0.062626  -0.027530  0.999404  0.020840  -0.062043  -0.022516  0.997819  0.000896  -0.006735  -0.015836  0.000000  0.000000  0.000000  2.000000  1.000000  0.000000  0.000000  0.000000  1.000000  0.000000  0.000000  0.000000  1.000000  0.999994  0.001786  0.002851  -0.001788  0.999998  0.000856  -0.002849  -0.000861  0.999996  1.000000  0.000000  0.000000  0.000000  1.000000  0.000000  0.000000  0.000000  1.000000  1.000000  0.000000  0.000000  0.000000  1.000000  0.000000  0.000000  0.000000  1.000000  0.000000  0.000000  
151.684082 0.004235  0.089675  -0.012737  0.997680  0.026380  0.062763  -0.027735  0.999398  0.020823  -0.062176  -0.022516  0.997811  0.000716  -0.006773  -0.015884  0.000000  0.000000  0.000000  2.000000  1.000000  0.000000  0.000000  0.000000  1.000000  0.000000  0.000000  0.000000  1.000000  0.999994  0.001783  0.002984  -0.001785  0.999998  0.000855  -0.002983  -0.000861  0.999995  1.000000  0.000000  0.000000  0.000000  1.000000  0.000000  0.000000  0.000000  1.000000  1.000000  0.000000  0.000000  0.000000  1.000000  0.000000  0.000000  0.000000  1.000000  0.000000  0.000000  
151.685331 0.004235  0.089668  -0.012755  0.997671  0.026377  0.062897  -0.027735  0.999398  0.020820  -0.062310  -0.022515  0.997803  0.000563  -0.006704  -0.015901  0.000000  0.000000  0.000000  2.000000  1.000000  0.000000  0.000000  0.000000  1.000000  0.000000  0.000000  0.000000  1.000000  0.999994  0.001577  0.002980  -0.001580  0.999998  0.000868  -0.002978  -0.000873  0.999995  1.000000  0.000000  0.000000  0.000000  1.000000  0.000000  0.000000  0.000000  1.000000  1.000000  0.000000  0.000000  0.000000  1.000000  0.000000  0.000000  0.000000  1.000000  0.000000  0.000000  
151.686331 0.004234  0.089663  -0.012770  0.997663  0.026374  0.063030  -0.027735  0.999399  0.020816  -0.062443  -0.022515  0.997795  0.000373  -0.006677  -0.015954  0.000000  0.000000  0.000000  2.000000  1.000000  0.000000  0.000000  0.000000  1.000000  0.000000  0.000000  0.000000  1.000000  0.999994  0.001577  0.002980  -0.001580  0.999998  0.000868  -0.002978  -0.000872  0.999995  1.000000  0.000000  0.000000  0.000000  1.000000  0.000000  0.000000  0.000000  1.000000  1.000000  0.000000  0.000000  0.000000  1.000000  0.000000  0.000000  0.000000  1.000000  0.000000  0.000000  
151.687332 0.004233  0.089658  -0.012786  0.997655  0.026371  0.063164  -0.027735  0.999399  0.020812  -0.062577  -0.022515  0.997786  0.000143  -0.006652  -0.016037  0.000000  0.000000  0.000000  2.000000  1.000000  0.000000  0.000000  0.000000  1.000000  0.000000  0.000000  0.000000  1.000000  0.999994  0.001577  0.002980  -0.001580  0.999998  0.000867  -0.002978  -0.000872  0.999995  1.000000  0.000000  0.000000  0.000000  1.000000  0.000000  0.000000  0.000000  1.000000  1.000000  0.000000  0.000000  0.000000  1.000000  0.000000  0.000000  0.000000  1.000000  0.000000  0.000000  
151.688332 0.004231  0.089652  -0.012803  0.997641  0.026574  0.063301  -0.027940  0.999393  0.020795  -0.062710  -0.022515  0.997778  -0.000036  -0.006550  -0.016202  0.000000  0.000000  0.000000  2.000000  1.000000  0.000000  0.000000  0.000000  1.000000  0.000000  0.000000  0.000000  1.000000  0.999994  0.001577  0.002980  -0.001579  0.999998  0.000746  -0.002979  -0.000751  0.999995  1.000000  0.000000  0.000000  0.000000  1.000000  0.000000  0.000000  0.000000  1.000000  1.000000  0.000000  0.000000  0.000000  1.000000  0.000000  0.000000  0.000000  1.000000  0.000000  0.000000  
151.689580 0.004229  0.089645  -0.012826  0.997632  0.026571  0.063435  -0.027939  0.999393  0.020792  -0.062844  -0.022515  0.997769  -0.000283  -0.006489  -0.016331  0.000000  0.000000  0.000000  2.000000  1.000000  0.000000  0.000000  0.000000  1.000000  0.000000  0.000000  0.000000  1.000000  0.999994  0.001577  0.002980  -0.001579  0.999998  0.000746  -0.002979  -0.000751  0.999995  1.000000  0.000000  0.000000  0.000000  1.000000  0.000000  0.000000  0.000000  1.000000  1.000000  0.000000  0.000000  0.000000  1.000000  0.000000  0.000000  0.000000  1.000000  0.000000  0.000000  
151.690584 0.004227  0.089639  -0.012844  0.997632  0.026571  0.063435  -0.027939  0.999393  0.020792  -0.062844  -0.022515  0.997769  -0.000447  -0.006393  -0.016424  0.000000  0.000000  0.000000  2.000000  1.000000  0.000000  0.000000  0.000000  1.000000  0.000000  0.000000  0.000000  1.000000  0.999995  0.001372  0.002975  -0.001374  0.999999  0.000759  -0.002974  -0.000763  0.999995  1.000000  0.000000  0.000000  0.000000  1.000000  0.000000  0.000000  0.000000  1.000000  1.000000  0.000000  0.000000  0.000000  1.000000  0.000000  0.000000  0.000000  1.000000  0.000000  0.000000  
151.691835 0.004225  0.089631  -0.012867  0.997610  0.026763  0.063709  -0.028144  0.999386  0.020892  -0.063111  -0.022635  0.997750  -0.000640  -0.006241  -0.016491  0.000000  0.000000  0.000000  2.000000  1.000000  0.000000  0.000000  0.000000  1.000000  0.000000  0.000000  0.000000  1.000000  0.999995  0.001580  0.002846  -0.001582  0.999998  0.000745  -0.002845  -0.000750  0.999996  1.000000  0.000000  0.000000  0.000000  1.000000  0.000000  0.000000  0.000000  1.000000  1.000000  0.000000  0.000000  0.000000  1.000000  0.000000  0.000000  0.000000  1.000000  0.000000  0.000000  
151.692836 0.004223  0.089625  -0.012885  0.997601  0.026759  0.063843  -0.028144  0.999386  0.020889  -0.063245  -0.022635  0.997741  -0.000773  -0.006117  -0.016558  0.000000  0.000000  0.000000  2.000000  1.000000  0.000000  0.000000  0.000000  1.000000  0.000000  0.000000  0.000000  1.000000  0.999995  0.001374  0.002842  -0.001377  0.999999  0.000758  -0.002841  -0.000762  0.999996  1.000000  0.000000  0.000000  0.000000  1.000000  0.000000  0.000000  0.000000  1.000000  1.000000  0.000000  0.000000  0.000000  1.000000  0.000000  0.000000  0.000000  1.000000  0.000000  0.000000  
151.693842 0.004221  0.089619  -0.012903  0.997593  0.026749  0.063979  -0.028144  0.999383  0.021006  -0.063378  -0.022756  0.997730  -0.000903  -0.006014  -0.016571  0.000000  0.000000  0.000000  2.000000  1.000000  0.000000  0.000000  0.000000  1.000000  0.000000  0.000000  0.000000  1.000000  0.999995  0.001374  0.002842  -0.001376  0.999999  0.000637  -0.002841  -0.000640  0.999996  1.000000  0.000000  0.000000  0.000000  1.000000  0.000000  0.000000  0.000000  1.000000  1.000000  0.000000  0.000000  0.000000  1.000000  0.000000  0.000000  0.000000  1.000000  0.000000  0.000000  
151.695082 0.004220  0.089612  -0.012926  0.997578  0.026951  0.064117  -0.028349  0.999378  0.020989  -0.063512  -0.022756  0.997722  -0.001031  -0.005952  -0.016774  0.000000  0.000000  0.000000  2.000000  1.000000  0.000000  0.000000  0.000000  1.000000  0.000000  0.000000  0.000000  1.000000  0.999995  0.001377  0.002708  -0.001379  0.999999  0.000636  -0.002707  -0.000640  0.999996  1.000000  0.000000  0.000000  0.000000  1.000000  0.000000  0.000000  0.000000  1.000000  1.000000  0.000000  0.000000  0.000000  1.000000  0.000000  0.000000  0.000000  1.000000  0.000000  0.000000  
151.696086 0.004218  0.089606  -0.012944  0.997570  0.026941  0.064254  -0.028349  0.999375  0.021106  -0.063645  -0.022877  0.997710  -0.001133  -0.005881  -0.016863  0.000000  0.000000  0.000000  2.000000  1.000000  0.000000  0.000000  0.000000  1.000000  0.000000  0.000000  0.000000  1.000000  0.999996  0.001380  0.002574  -0.001382  0.999999  0.000757  -0.002573  -0.000761  0.999996  1.000000  0.000000  0.000000  0.000000  1.000000  0.000000  0.000000  0.000000  1.000000  1.000000  0.000000  0.000000  0.000000  1.000000  0.000000  0.000000  0.000000  1.000000  0.000000  0.000000  
151.697335 0.004216  0.089597  -0.012968  0.997561  0.026930  0.064391  -0.028349  0.999373  0.021224  -0.063779  -0.022997  0.997699  -0.001228  -0.005867  -0.017063  0.000000  0.000000  0.000000  2.000000  1.000000  0.000000  0.000000  0.000000  1.000000  0.000000  0.000000  0.000000  1.000000  0.999996  0.001174  0.002570  -0.001176  0.999999  0.000649  -0.002569  -0.000652  0.999996  1.000000  0.000000  0.000000  0.000000  1.000000  0.000000  0.000000  0.000000  1.000000  1.000000  0.000000  0.000000  0.000000  1.000000  0.000000  0.000000  0.000000  1.000000  0.000000  0.000000  
151.698342 0.004215  0.089590  -0.012987  0.997553  0.026927  0.064524  -0.028348  0.999373  0.021220  -0.063912  -0.022997  0.997691  -0.001350  -0.005935  -0.017371  0.000000  0.000000  0.000000  2.000000  1.000000  0.000000  0.000000  0.000000  1.000000  0.000000  0.000000  0.000000  1.000000  0.999996  0.001174  0.002570  -0.001176  0.999999  0.000649  -0.002569  -0.000652  0.999996  1.000000  0.000000  0.000000  0.000000  1.000000  0.000000  0.000000  0.000000  1.000000  1.000000  0.000000  0.000000  0.000000  1.000000  0.000000  0.000000  0.000000  1.000000  0.000000  0.000000  
151.699581 0.004213  0.089582  -0.013010  0.997547  0.027125  0.064532  -0.028554  0.999365  0.021328  -0.063912  -0.023118  0.997688  -0.001409  -0.006010  -0.017719  0.000000  0.000000  0.000000  2.000000  1.000000  0.000000  0.000000  0.000000  1.000000  0.000000  0.000000  0.000000  1.000000  0.999996  0.001382  0.002441  -0.001384  0.999999  0.000757  -0.002440  -0.000760  0.999997  1.000000  0.000000  0.000000  0.000000  1.000000  0.000000  0.000000  0.000000  1.000000  1.000000  0.000000  0.000000  0.000000  1.000000  0.000000  0.000000  0.000000  1.000000  0.000000  0.000000  
151.700585 0.004212  0.089575  -0.013030  0.997538  0.027121  0.064665  -0.028553  0.999365  0.021324  -0.064046  -0.023118  0.997679  -0.001537  -0.006163  -0.018086  0.000000  0.000000  0.000000  2.000000  1.000000  0.000000  0.000000  0.000000  1.000000  0.000000  0.000000  0.000000  1.000000  0.999996  0.001177  0.002436  -0.001178  0.999999  0.000649  -0.002435  -0.000652  0.999997  1.000000  0.000000  0.000000  0.000000  1.000000  0.000000  0.000000  0.000000  1.000000  1.000000  0.000000  0.000000  0.000000  1.000000  0.000000  0.000000  0.000000  1.000000  0.000000  0.000000  
151.701832 0.004210  0.089566  -0.013053  0.997530  0.027110  0.064802  -0.028553  0.999362  0.021442  -0.064179  -0.023239  0.997668  -0.001549  -0.006276  -0.018330  0.000000  0.000000  0.000000  2.000000  1.000000  0.000000  0.000000  0.000000  1.000000  0.000000  0.000000  0.000000  1.000000  0.999997  0.001180  0.002303  -0.001181  0.999999  0.000770  -0.002302  -0.000773  0.999997  1.000000  0.000000  0.000000  0.000000  1.000000  0.000000  0.000000  0.000000  1.000000  1.000000  0.000000  0.000000  0.000000  1.000000  0.000000  0.000000  0.000000  1.000000  0.000000  0.000000  
151.702833 0.004209  0.089559  -0.013072  0.997530  0.027110  0.064802  -0.028553  0.999362  0.021442  -0.064179  -0.023239  0.997668  -0.001553  -0.006397  -0.018529  0.000000  0.000000  0.000000  2.000000  1.000000  0.000000  0.000000  0.000000  1.000000  0.000000  0.000000  0.000000  1.000000  0.999997  0.000974  0.002298  -0.000976  0.999999  0.000662  -0.002297  -0.000664  0.999997  1.000000  0.000000  0.000000  0.000000  1.000000  0.000000  0.000000  0.000000  1.000000  1.000000  0.000000  0.000000  0.000000  1.000000  0.000000  0.000000  0.000000  1.000000  0.000000  0.000000  
151.704082 0.004207  0.089552  -0.013094  0.997521  0.027107  0.064935  -0.028553  0.999362  0.021438  -0.064313  -0.023239  0.997659  -0.001531  -0.006414  -0.018529  0.000000  0.000000  0.000000  2.000000  1.000000  0.000000  0.000000  0.000000  1.000000  0.000000  0.000000  0.000000  1.000000  0.999997  0.000772  0.002159  -0.000773  0.999999  0.000675  -0.002159  -0.000677  0.999997  1.000000  0.000000  0.000000  0.000000  1.000000  0.000000  0.000000  0.000000  1.000000  1.000000  0.000000  0.000000  0.000000  1.000000  0.000000  0.000000  0.000000  1.000000  0.000000  0.000000  
151.705082 0.004206  0.089545  -0.013112  0.997507  0.027310  0.065073  -0.028758  0.999357  0.021421  -0.064446  -0.023239  0.997651  -0.001469  -0.006421  -0.018477  0.000000  0.000000  0.000000  2.000000  1.000000  0.000000  0.000000  0.000000  1.000000  0.000000  0.000000  0.000000  1.000000  0.999997  0.000980  0.002030  -0.000982  0.999999  0.000662  -0.002030  -0.000664  0.999998  1.000000  0.000000  0.000000  0.000000  1.000000  0.000000  0.000000  0.000000  1.000000  1.000000  0.000000  0.000000  0.000000  1.000000  0.000000  0.000000  0.000000  1.000000  0.000000  0.000000  
