1-Time 2-Px 3-Py 4-Pz 5-R11 6-R21 7-R31 8-R12 9-R22 10-R32 11-R13 12-R23 13-R33 14-Vx 15-Vy 16-Vz 17-Wx 18-Wy 19-Wz 20-state 21-PR11 22-PR21 23-PR31 24-PR12 25-PR22 26-PR32 27-PR13 28-PR23 29-PR33 
39.889243 0.003019  0.092897  -0.008289  0.995910  0.055481  -0.071311  -0.055209  0.998458  0.005775  0.071521  -0.001815  0.997437  -0.000032  0.000218  0.000075  0.000000  0.000000  0.000000  2.000000  1.000000  0.000000  0.000000  0.000000  1.000000  0.000000  0.000000  0.000000  1.000000  1.000000  -0.000000  0.000268  0.000000  1.000000  0.000000  -0.000268  0.000000  1.000000  1.000000  0.000000  0.000000  0.000000  1.000000  0.000000  0.000000  0.000000  1.000000  0.715760  0.540827  0.441808  -0.572980  0.816472  -0.071193  -0.399226  -0.202190  0.894281  0.000000  0.000000  
39.890254 0.003019  0.092897  -0.008289  0.995910  0.055481  -0.071311  -0.055209  0.998458  0.005775  0.071521  -0.001815  0.997437  -0.000024  0.000199  0.000086  0.000000  0.000000  0.000000  2.000000  1.000000  0.000000  0.000000  0.000000  1.000000  0.000000  0.000000  0.000000  1.000000  1.000000  -0.000001  0.000401  0.000001  1.000000  0.000000  -0.000401  0.000000  1.000000  1.000000  0.000000  0.000000  0.000000  1.000000  0.000000  0.000000  0.000000  1.000000  1.000000  0.000000  0.000000  0.000000  1.000000  0.000000  0.000000  0.000000  1.000000  0.000000  0.000000  
39.891499 0.003019  0.092896  -0.008289  0.995889  0.055687  -0.071443  -0.055414  0.998447  0.005798  0.071655  -0.001815  0.997428  -0.000038  0.000125  0.000084  0.000000  0.000000  0.000000  2.000000  1.000000  0.000000  0.000000  0.000000  1.000000  0.000000  0.000000  0.000000  1.000000  1.000000  0.000205  0.000268  -0.000205  1.000000  0.000015  -0.000268  -0.000015  1.000000  1.000000  0.000000  0.000000  0.000000  1.000000  0.000000  0.000000  0.000000  1.000000  1.000000  0.000000  0.000000  0.000000  1.000000  0.000000  0.000000  0.000000  1.000000  0.000000  0.000000  
39.892749 0.003019  0.092895  -0.008289  0.995857  0.056107  -0.071567  -0.055823  0.998423  0.005956  0.071788  -0.001936  0.997418  -0.000017  -0.000017  0.000077  0.000000  0.000000  0.000000  2.000000  1.000000  0.000000  0.000000  0.000000  1.000000  0.000000  0.000000  0.000000  1.000000  1.000000  0.000411  -0.000133  -0.000411  1.000000  0.000030  0.000133  -0.000030  1.000000  1.000000  0.000000  0.000000  0.000000  1.000000  0.000000  0.000000  0.000000  1.000000  1.000000  0.000000  0.000000  0.000000  1.000000  0.000000  0.000000  0.000000  1.000000  0.000000  0.000000  
39.893752 0.003019  0.092893  -0.008289  0.995837  0.056107  -0.071833  -0.055822  0.998423  0.005970  0.072055  -0.001936  0.997399  -0.000003  -0.000138  0.000062  0.000000  0.000000  0.000000  2.000000  1.000000  0.000000  0.000000  0.000000  1.000000  0.000000  0.000000  0.000000  1.000000  1.000000  0.000617  -0.000266  -0.000616  1.000000  0.000166  0.000266  -0.000166  1.000000  1.000000  0.000000  0.000000  0.000000  1.000000  0.000000  0.000000  0.000000  1.000000  1.000000  0.000000  0.000000  0.000000  1.000000  0.000000  0.000000  0.000000  1.000000  0.000000  0.000000  
39.894755 0.003019  0.092891  -0.008289  0.995816  0.056313  -0.071965  -0.056027  0.998411  0.005993  0.072188  -0.001936  0.997389  0.000006  -0.000278  0.000090  0.000000  0.000000  0.000000  2.000000  1.000000  0.000000  0.000000  0.000000  1.000000  0.000000  0.000000  0.000000  1.000000  1.000000  0.000822  -0.000534  -0.000822  1.000000  0.000181  0.000534  -0.000180  1.000000  1.000000  0.000000  0.000000  0.000000  1.000000  0.000000  0.000000  0.000000  1.000000  1.000000  0.000000  0.000000  0.000000  1.000000  0.000000  0.000000  0.000000  1.000000  0.000000  0.000000  
39.895757 0.003020  0.092889  -0.008289  0.995795  0.056519  -0.072097  -0.056231  0.998400  0.006015  0.072322  -0.001936  0.997379  0.000028  -0.000422  0.000083  0.000000  0.000000  0.000000  2.000000  1.000000  0.000000  0.000000  0.000000  1.000000  0.000000  0.000000  0.000000  1.000000  0.999999  0.001028  -0.000667  -0.001028  0.999999  0.000196  0.000667  -0.000195  1.000000  1.000000  0.000000  0.000000  0.000000  1.000000  0.000000  0.000000  0.000000  1.000000  1.000000  0.000000  0.000000  0.000000  1.000000  0.000000  0.000000  0.000000  1.000000  0.000000  0.000000  
39.897000 0.003021  0.092887  -0.008288  0.995752  0.056939  -0.072354  -0.056640  0.998376  0.006181  0.072589  -0.002057  0.997360  0.000084  -0.000581  0.000150  0.000000  0.000000  0.000000  2.000000  1.000000  0.000000  0.000000  0.000000  1.000000  0.000000  0.000000  0.000000  1.000000  0.999999  0.001439  -0.000800  -0.001439  0.999999  0.000347  0.000800  -0.000346  1.000000  1.000000  0.000000  0.000000  0.000000  1.000000  0.000000  0.000000  0.000000  1.000000  1.000000  0.000000  0.000000  0.000000  1.000000  0.000000  0.000000  0.000000  1.000000  0.000000  0.000000  
39.898258 0.003021  0.092886  -0.008287  0.995707  0.057556  -0.072484  -0.057254  0.998340  0.006233  0.072722  -0.002057  0.997350  0.000136  -0.000697  0.000162  0.000000  0.000000  0.000000  2.000000  1.000000  0.000000  0.000000  0.000000  1.000000  0.000000  0.000000  0.000000  1.000000  0.999998  0.001850  -0.001066  -0.001850  0.999998  0.000377  0.001067  -0.000375  0.999999  1.000000  0.000000  0.000000  0.000000  1.000000  0.000000  0.000000  0.000000  1.000000  1.000000  0.000000  0.000000  0.000000  1.000000  0.000000  0.000000  0.000000  1.000000  0.000000  0.000000  
39.899504 0.003021  0.092883  -0.008288  0.995664  0.057968  -0.072748  -0.057663  0.998316  0.006279  0.072989  -0.002057  0.997331  0.000148  -0.000893  0.000111  0.000000  0.000000  0.000000  2.000000  1.000000  0.000000  0.000000  0.000000  1.000000  0.000000  0.000000  0.000000  1.000000  0.999996  0.002467  -0.001333  -0.002466  0.999997  0.000423  0.001334  -0.000420  0.999999  1.000000  0.000000  0.000000  0.000000  1.000000  0.000000  0.000000  0.000000  1.000000  1.000000  0.000000  0.000000  0.000000  1.000000  0.000000  0.000000  0.000000  1.000000  0.000000  0.000000  
39.900751 0.003022  0.092882  -0.008289  0.995621  0.058379  -0.073011  -0.058072  0.998292  0.006324  0.073256  -0.002057  0.997311  0.000158  -0.000972  0.000042  0.000000  0.000000  0.000000  2.000000  1.000000  0.000000  0.000000  0.000000  1.000000  0.000000  0.000000  0.000000  1.000000  0.999995  0.002878  -0.001599  -0.002877  0.999996  0.000454  0.001601  -0.000449  0.999999  1.000000  0.000000  0.000000  0.000000  1.000000  0.000000  0.000000  0.000000  1.000000  1.000000  0.000000  0.000000  0.000000  1.000000  0.000000  0.000000  0.000000  1.000000  0.000000  0.000000  
39.901758 0.003022  0.092881  -0.008291  0.995577  0.058791  -0.073275  -0.058481  0.998268  0.006370  0.073523  -0.002056  0.997291  0.000163  -0.001082  -0.000116  0.000000  0.000000  0.000000  2.000000  1.000000  0.000000  0.000000  0.000000  1.000000  0.000000  0.000000  0.000000  1.000000  0.999993  0.003289  -0.001866  -0.003288  0.999994  0.000485  0.001868  -0.000479  0.999998  1.000000  0.000000  0.000000  0.000000  1.000000  0.000000  0.000000  0.000000  1.000000  1.000000  0.000000  0.000000  0.000000  1.000000  0.000000  0.000000  0.000000  1.000000  0.000000  0.000000  
39.903000 0.003022  0.092880  -0.008292  0.995524  0.059203  -0.073672  -0.058889  0.998244  0.006424  0.073923  -0.002056  0.997262  0.000165  -0.001138  -0.000195  0.000000  0.000000  0.000000  2.000000  1.000000  0.000000  0.000000  0.000000  1.000000  0.000000  0.000000  0.000000  1.000000  0.999991  0.003701  -0.002266  -0.003700  0.999993  0.000516  0.002268  -0.000508  0.999997  1.000000  0.000000  0.000000  0.000000  1.000000  0.000000  0.000000  0.000000  1.000000  1.000000  0.000000  0.000000  0.000000  1.000000  0.000000  0.000000  0.000000  1.000000  0.000000  0.000000  
39.904249 0.003022  0.092879  -0.008294  0.995480  0.059614  -0.073936  -0.059298  0.998219  0.006470  0.074190  -0.002056  0.997242  0.000209  -0.001245  -0.000324  0.000000  0.000000  0.000000  2.000000  1.000000  0.000000  0.000000  0.000000  1.000000  0.000000  0.000000  0.000000  1.000000  0.999988  0.004112  -0.002667  -0.004111  0.999991  0.000548  0.002669  -0.000537  0.999996  1.000000  0.000000  0.000000  0.000000  1.000000  0.000000  0.000000  0.000000  1.000000  1.000000  0.000000  0.000000  0.000000  1.000000  0.000000  0.000000  0.000000  1.000000  0.000000  0.000000  
39.905250 0.003023  0.092877  -0.008295  0.995423  0.060231  -0.074198  -0.059911  0.998182  0.006532  0.074457  -0.002056  0.997222  0.000235  -0.001327  -0.000412  0.000000  0.000000  0.000000  2.000000  1.000000  0.000000  0.000000  0.000000  1.000000  0.000000  0.000000  0.000000  1.000000  0.999985  0.004524  -0.002933  -0.004522  0.999990  0.000580  0.002936  -0.000567  0.999996  1.000000  0.000000  0.000000  0.000000  1.000000  0.000000  0.000000  0.000000  1.000000  1.000000  0.000000  0.000000  0.000000  1.000000  0.000000  0.000000  0.000000  1.000000  0.000000  0.000000  
39.906254 0.003023  0.092876  -0.008297  0.995378  0.060634  -0.074469  -0.060320  0.998158  0.006457  0.074724  -0.001935  0.997202  0.000297  -0.001383  -0.000547  0.016741  0.103129  0.172753  2.000000  1.000000  0.000000  0.000000  0.000000  1.000000  0.000000  0.000000  0.000000  1.000000  0.999983  0.004934  -0.003201  -0.004933  0.999988  0.000490  0.003203  -0.000475  0.999995  1.000000  0.000000  0.000000  0.000000  1.000000  0.000000  0.000000  0.000000  1.000000  1.000000  0.000000  0.000000  0.000000  1.000000  0.000000  0.000000  0.000000  1.000000  0.000000  0.000000  
39.907500 0.003024  0.092874  -0.008298  0.995323  0.061046  -0.074866  -0.060728  0.998133  0.006512  0.075124  -0.001935  0.997172  0.000330  -0.001412  -0.000606  0.017789  0.116582  0.186555  2.000000  1.000000  0.000329  -0.000210  -0.000329  1.000000  0.000032  0.000210  -0.000032  1.000000  0.999980  0.005346  -0.003467  -0.005344  0.999986  0.000523  0.003470  -0.000504  0.999994  1.000000  0.000067  -0.000043  -0.000067  1.000000  0.000006  0.000043  -0.000006  1.000000  1.000000  0.000329  -0.000210  -0.000329  1.000000  0.000032  0.000210  -0.000032  1.000000  0.000054  0.006392  
39.908501 0.003025  0.092872  -0.008297  0.995278  0.061457  -0.075130  -0.061137  0.998108  0.006559  0.075391  -0.001935  0.997152  0.000366  -0.001427  -0.000515  0.018830  0.125540  0.200357  2.000000  1.000000  0.000612  -0.000394  -0.000612  1.000000  0.000059  0.000394  -0.000058  1.000000  0.999976  0.005757  -0.003734  -0.005755  0.999983  0.000555  0.003737  -0.000534  0.999993  1.000000  0.000072  -0.000047  -0.000072  1.000000  0.000007  0.000047  -0.000007  1.000000  1.000000  0.000612  -0.000394  -0.000612  1.000000  0.000059  0.000394  -0.000058  1.000000  0.000058  0.006883  
39.909749 0.003026  0.092869  -0.008296  0.995245  0.061663  -0.075395  -0.061340  0.998095  0.006591  0.075658  -0.001935  0.997132  0.000439  -0.001494  -0.000493  0.019369  0.134536  0.207295  2.000000  0.999999  0.000989  -0.000642  -0.000989  1.000000  0.000094  0.000642  -0.000094  1.000000  0.999972  0.006168  -0.004134  -0.006166  0.999981  0.000589  0.004138  -0.000563  0.999991  1.000000  0.000077  -0.000052  -0.000077  1.000000  0.000007  0.000052  -0.000007  1.000000  0.999999  0.000989  -0.000642  -0.000989  1.000000  0.000094  0.000642  -0.000094  1.000000  0.000062  0.007448  
39.910755 0.003027  0.092866  -0.008295  0.995190  0.062075  -0.075792  -0.061748  0.998070  0.006647  0.076058  -0.001935  0.997102  0.000458  -0.001580  -0.000421  0.020427  0.147962  0.221059  2.000000  0.999999  0.001308  -0.000857  -0.001308  0.999999  0.000124  0.000857  -0.000123  1.000000  0.999969  0.006580  -0.004401  -0.006577  0.999978  0.000621  0.004405  -0.000592  0.999990  1.000000  0.000082  -0.000055  -0.000082  1.000000  0.000008  0.000055  -0.000008  1.000000  0.999999  0.001308  -0.000857  -0.001308  0.999999  0.000124  0.000857  -0.000123  1.000000  0.000066  0.007939  
39.912008 0.003029  0.092861  -0.008294  0.995134  0.062486  -0.076188  -0.062156  0.998044  0.006703  0.076458  -0.001935  0.997071  0.000518  -0.001723  -0.000415  0.021480  0.165921  0.234889  2.000000  0.999998  0.001724  -0.001146  -0.001724  0.999999  0.000163  0.001146  -0.000161  0.999999  0.999966  0.006785  -0.004668  -0.006782  0.999977  0.000640  0.004672  -0.000608  0.999989  1.000000  0.000085  -0.000058  -0.000085  1.000000  0.000008  0.000058  -0.000008  1.000000  0.999998  0.001724  -0.001146  -0.001724  0.999999  0.000163  0.001146  -0.000161  0.999999  0.000072  0.008260  
39.913250 0.003030  0.092857  -0.008293  0.995087  0.062898  -0.076452  -0.062564  0.998018  0.006751  0.076725  -0.001935  0.997050  0.000593  -0.001901  -0.000359  0.022539  0.174898  0.248717  2.000000  0.999997  0.002061  -0.001389  -0.002061  0.999998  0.000194  0.001390  -0.000192  0.999999  0.999965  0.006786  -0.004936  -0.006783  0.999977  0.000643  0.004940  -0.000609  0.999988  1.000000  0.000085  -0.000062  -0.000085  1.000000  0.000008  0.000062  -0.000008  1.000000  0.999997  0.002061  -0.001389  -0.002061  0.999998  0.000194  0.001390  -0.000192  0.999999  0.000075  0.008414  
39.914251 0.003032  0.092853  -0.008292  0.995054  0.063104  -0.076717  -0.062768  0.998005  0.006784  0.076992  -0.001935  0.997030  0.000678  -0.002031  -0.000274  0.023082  0.183854  0.255598  2.000000  0.999996  0.002403  -0.001638  -0.002402  0.999997  0.000220  0.001638  -0.000216  0.999999  0.999963  0.006991  -0.005069  -0.006989  0.999975  0.000539  0.005073  -0.000503  0.999987  1.000000  0.000087  -0.000063  -0.000087  1.000000  0.000007  0.000063  -0.000007  1.000000  0.999996  0.002403  -0.001638  -0.002402  0.999997  0.000220  0.001638  -0.000216  0.999999  0.000079  0.008651  
39.915503 0.003034  0.092849  -0.008290  0.995020  0.063301  -0.076989  -0.062972  0.997993  0.006695  0.077259  -0.001814  0.997009  0.000844  -0.002229  -0.000047  0.019554  0.192833  0.262479  2.000000  0.999994  0.002840  -0.001953  -0.002839  0.999996  0.000251  0.001953  -0.000245  0.999998  0.999963  0.006991  -0.005070  -0.006988  0.999975  0.000419  0.005073  -0.000384  0.999987  1.000000  0.000087  -0.000063  -0.000087  1.000000  0.000005  0.000063  -0.000005  1.000000  0.999994  0.002840  -0.001953  -0.002839  0.999996  0.000251  0.001953  -0.000245  0.999998  0.000082  0.008645  
39.916751 0.003037  0.092845  -0.008289  0.994974  0.063712  -0.077253  -0.063380  0.997967  0.006744  0.077525  -0.001814  0.996989  0.001022  -0.002406  0.000133  0.020622  0.201818  0.276314  2.000000  0.999992  0.003274  -0.002270  -0.003273  0.999995  0.000275  0.002271  -0.000268  0.999997  0.999964  0.006785  -0.005070  -0.006784  0.999977  0.000284  0.005072  -0.000250  0.999987  1.000000  0.000085  -0.000063  -0.000085  1.000000  0.000003  0.000063  -0.000003  1.000000  0.999992  0.003274  -0.002270  -0.003273  0.999995  0.000275  0.002271  -0.000268  0.999997  0.000085  0.008475  
39.918006 0.003040  0.092840  -0.008288  0.994950  0.063908  -0.077392  -0.063584  0.997954  0.006648  0.077659  -0.001693  0.996979  0.001212  -0.002711  0.000307  0.017077  0.206280  0.283154  2.000000  0.999990  0.003701  -0.002585  -0.003700  0.999993  0.000292  0.002586  -0.000282  0.999997  0.999964  0.006784  -0.005071  -0.006784  0.999977  0.000164  0.005072  -0.000129  0.999987  1.000000  0.000085  -0.000063  -0.000085  1.000000  0.000002  0.000063  -0.000002  1.000000  0.999990  0.003701  -0.002585  -0.003700  0.999993  0.000292  0.002586  -0.000282  0.999997  0.000088  0.008472  
39.919249 0.003042  0.092837  -0.008286  0.994927  0.064114  -0.077524  -0.063788  0.997941  0.006672  0.077792  -0.001693  0.996968  0.001344  -0.002829  0.000530  0.017622  0.210878  0.290216  2.000000  0.999987  0.004109  -0.002895  -0.004108  0.999992  0.000301  0.002896  -0.000289  0.999996  0.999967  0.006373  -0.004938  -0.006373  0.999980  0.000133  0.004939  -0.000101  0.999988  1.000000  0.000080  -0.000062  -0.000080  1.000000  0.000001  0.000062  -0.000001  1.000000  0.999987  0.004109  -0.002895  -0.004108  0.999992  0.000301  0.002896  -0.000289  0.999996  0.000090  0.008064  
39.920253 0.003044  0.092834  -0.008285  0.994903  0.064310  -0.077664  -0.063992  0.997929  0.006575  0.077926  -0.001572  0.996958  0.001476  -0.002946  0.000767  0.013964  0.213580  0.294625  2.000000  0.999985  0.004423  -0.003142  -0.004422  0.999990  0.000303  0.003143  -0.000289  0.999995  0.999969  0.006167  -0.004939  -0.006168  0.999981  -0.000004  0.004939  0.000034  0.999988  1.000000  0.000077  -0.000062  -0.000077  1.000000  -0.000000  0.000062  0.000000  1.000000  0.999985  0.004423  -0.003142  -0.004422  0.999990  0.000303  0.003143  -0.000289  0.999995  0.000092  0.007902  
39.921501 0.003046  0.092830  -0.008282  0.994893  0.064301  -0.077804  -0.063992  0.997929  0.006463  0.078059  -0.001451  0.996948  0.001544  -0.003042  0.001010  0.009006  0.215394  0.283255  2.000000  0.999983  0.004723  -0.003384  -0.004722  0.999989  0.000303  0.003385  -0.000287  0.999994  0.999971  0.005962  -0.004806  -0.005962  0.999982  -0.000019  0.004806  0.000048  0.999988  1.000000  0.000075  -0.000060  -0.000075  1.000000  -0.000000  0.000060  0.000000  1.000000  0.999983  0.004723  -0.003384  -0.004722  0.999989  0.000303  0.003385  -0.000287  0.999994  0.000091  0.007658  
39.922747 0.003048  0.092827  -0.008280  0.994869  0.064507  -0.077936  -0.064196  0.997916  0.006488  0.078192  -0.001451  0.996937  0.001617  -0.003113  0.001175  0.004927  0.213618  0.280952  2.000000  0.999980  0.005083  -0.003676  -0.005082  0.999987  0.000293  0.003678  -0.000275  0.999993  0.999973  0.005755  -0.004539  -0.005756  0.999983  -0.000156  0.004538  0.000182  0.999990  1.000000  0.000072  -0.000057  -0.000072  1.000000  -0.000002  0.000057  0.000002  1.000000  0.999980  0.005083  -0.003676  -0.005082  0.999987  0.000293  0.003678  -0.000275  0.999993  0.000090  0.007332  
39.923749 0.003049  0.092823  -0.008278  0.994846  0.064703  -0.078076  -0.064400  0.997904  0.006391  0.078326  -0.001330  0.996927  0.001623  -0.003197  0.001280  0.001456  0.209164  0.287772  2.000000  0.999978  0.005356  -0.003900  -0.005354  0.999986  0.000284  0.003901  -0.000263  0.999992  0.999976  0.005344  -0.004407  -0.005345  0.999986  -0.000309  0.004405  0.000332  0.999990  1.000000  0.000067  -0.000055  -0.000067  1.000000  -0.000004  0.000055  0.000004  1.000000  0.999978  0.005356  -0.003900  -0.005354  0.999986  0.000284  0.003901  -0.000263  0.999992  0.000089  0.006934  
39.924749 0.003050  0.092820  -0.008277  0.994846  0.064703  -0.078076  -0.064400  0.997904  0.006391  0.078326  -0.001330  0.996927  0.001608  -0.003276  0.001317  0.000958  0.204734  0.280946  2.000000  0.999976  0.005620  -0.004114  -0.005619  0.999984  0.000268  0.004115  -0.000245  0.999992  0.999978  0.005138  -0.004140  -0.005139  0.999987  -0.000325  0.004138  0.000346  0.999991  1.000000  0.000064  -0.000052  -0.000064  1.000000  -0.000004  0.000052  0.000004  1.000000  0.999976  0.005620  -0.004114  -0.005619  0.999984  0.000268  0.004115  -0.000245  0.999992  0.000088  0.006607  
39.926000 0.003050  0.092815  -0.008275  0.994835  0.064693  -0.078217  -0.064399  0.997904  0.006279  0.078459  -0.001209  0.996917  0.001521  -0.003337  0.001353  -0.008177  0.201982  0.269496  2.000000  0.999975  0.005684  -0.004165  -0.005683  0.999984  0.000265  0.004167  -0.000241  0.999991  0.999982  0.004521  -0.003874  -0.004523  0.999990  -0.000494  0.003872  0.000511  0.999992  1.000000  0.000000  0.000000  0.000000  1.000000  0.000000  0.000000  0.000000  1.000000  0.999975  0.005684  -0.004165  -0.005683  0.999984  0.000265  0.004167  -0.000241  0.999991  0.000086  0.000000  
39.927020 0.003051  0.092811  -0.008273  0.994822  0.064889  -0.078223  -0.064604  0.997892  0.006174  0.078459  -0.001088  0.996917  0.001478  -0.003361  0.001403  -0.012750  0.197360  0.262373  2.000000  0.999975  0.005684  -0.004165  -0.005683  0.999984  0.000265  0.004167  -0.000241  0.999991  0.999985  0.004110  -0.003607  -0.004112  0.999991  -0.000526  0.003605  0.000541  0.999993  1.000000  0.000000  0.000000  0.000000  1.000000  0.000000  0.000000  0.000000  1.000000  0.999975  0.005684  -0.004165  -0.005683  0.999984  0.000265  0.004167  -0.000241  0.999991  0.000083  0.000000  
39.928253 0.003050  0.092805  -0.008271  0.994822  0.064889  -0.078223  -0.064604  0.997892  0.006174  0.078459  -0.001088  0.996917  0.001346  -0.003440  0.001451  -0.013674  0.191421  0.246683  2.000000  0.999975  0.005684  -0.004165  -0.005683  0.999984  0.000265  0.004167  -0.000241  0.999991  0.999987  0.003904  -0.003340  -0.003906  0.999992  -0.000542  0.003338  0.000555  0.999994  1.000000  0.000000  0.000000  0.000000  1.000000  0.000000  0.000000  0.000000  1.000000  0.999975  0.005684  -0.004165  -0.005683  0.999984  0.000265  0.004167  -0.000241  0.999991  0.000080  0.000000  
39.929504 0.003050  0.092801  -0.008268  0.994822  0.064880  -0.078231  -0.064604  0.997893  0.006053  0.078459  -0.000967  0.996917  0.001222  -0.003445  0.001533  -0.019402  0.184045  0.227981  2.000000  0.999975  0.005684  -0.004165  -0.005683  0.999984  0.000265  0.004167  -0.000241  0.999991  0.999989  0.003493  -0.003073  -0.003495  0.999994  -0.000696  0.003071  0.000707  0.999995  1.000000  0.000000  0.000000  0.000000  1.000000  0.000000  0.000000  0.000000  1.000000  0.999975  0.005684  -0.004165  -0.005683  0.999984  0.000265  0.004167  -0.000241  0.999991  0.000075  0.000000  
39.930753 0.003051  0.092796  -0.008265  0.994809  0.065076  -0.078238  -0.064809  0.997880  0.005948  0.078459  -0.000846  0.996917  0.001081  -0.003459  0.001689  -0.023958  0.170573  0.221042  2.000000  0.999975  0.005684  -0.004165  -0.005683  0.999984  0.000265  0.004167  -0.000241  0.999991  0.999990  0.003492  -0.002806  -0.003494  0.999994  -0.000817  0.002803  0.000827  0.999996  1.000000  0.000000  0.000000  0.000000  1.000000  0.000000  0.000000  0.000000  1.000000  0.999975  0.005684  -0.004165  -0.005683  0.999984  0.000265  0.004167  -0.000241  0.999991  0.000072  0.000000  
39.931753 0.003051  0.092792  -0.008262  0.994809  0.065066  -0.078246  -0.064809  0.997881  0.005827  0.078459  -0.000726  0.996917  0.000901  -0.003489  0.001828  -0.028314  0.164748  0.212383  2.000000  0.999975  0.005684  -0.004165  -0.005683  0.999984  0.000265  0.004167  -0.000241  0.999991  0.999992  0.003081  -0.002406  -0.003083  0.999995  -0.000971  0.002403  0.000978  0.999997  1.000000  0.000000  0.000000  0.000000  1.000000  0.000000  0.000000  0.000000  1.000000  0.999975  0.005684  -0.004165  -0.005683  0.999984  0.000265  0.004167  -0.000241  0.999991  0.000068  0.000000  
39.932756 0.003050  0.092788  -0.008259  0.994809  0.065057  -0.078254  -0.064809  0.997881  0.005706  0.078459  -0.000605  0.996917  0.000731  -0.003508  0.001922  -0.033629  0.152614  0.200261  2.000000  0.999975  0.005684  -0.004165  -0.005683  0.999984  0.000265  0.004167  -0.000241  0.999991  0.999994  0.002670  -0.002139  -0.002672  0.999996  -0.001003  0.002136  0.001009  0.999997  1.000000  0.000000  0.000000  0.000000  1.000000  0.000000  0.000000  0.000000  1.000000  0.999975  0.005684  -0.004165  -0.005683  0.999984  0.000265  0.004167  -0.000241  0.999991  0.000065  0.000000  
39.934004 0.003050  0.092784  -0.008257  0.994809  0.065057  -0.078254  -0.064809  0.997881  0.005706  0.078459  -0.000605  0.996917  0.000551  -0.003579  0.001972  -0.034660  0.143646  0.186459  2.000000  0.999975  0.005684  -0.004165  -0.005683  0.999984  0.000265  0.004167  -0.000241  0.999991  0.999996  0.002259  -0.001738  -0.002261  0.999997  -0.001157  0.001735  0.001161  0.999998  1.000000  0.000000  0.000000  0.000000  1.000000  0.000000  0.000000  0.000000  1.000000  0.999975  0.005684  -0.004165  -0.005683  0.999984  0.000265  0.004167  -0.000241  0.999991  0.000061  0.000000  
39.935249 0.003050  0.092779  -0.008255  0.994809  0.065038  -0.078269  -0.064809  0.997883  0.005464  0.078459  -0.000363  0.996917  0.000393  -0.003641  0.001974  0.000000  0.000000  0.000000  2.000000  0.999975  0.005684  -0.004165  -0.005683  0.999984  0.000265  0.004167  -0.000241  0.999991  0.999997  0.002053  -0.001337  -0.002055  0.999997  -0.001294  0.001334  0.001297  0.999998  1.000000  0.000000  0.000000  0.000000  1.000000  0.000000  0.000000  0.000000  1.000000  0.999975  0.005684  -0.004165  -0.005683  0.999984  0.000265  0.004167  -0.000241  0.999991  0.000056  0.000000  
39.936499 0.003050  0.092774  -0.008254  0.994795  0.065234  -0.078276  -0.065014  0.997870  0.005359  0.078459  -0.000242  0.996917  0.000223  -0.003747  0.001903  0.000000  0.000000  0.000000  2.000000  0.999975  0.005684  -0.004165  -0.005683  0.999984  0.000265  0.004167  -0.000241  0.999991  0.999998  0.001848  -0.001070  -0.001849  0.999997  -0.001310  0.001067  0.001312  0.999999  1.000000  0.000000  0.000000  0.000000  1.000000  0.000000  0.000000  0.000000  1.000000  0.999975  0.005684  -0.004165  -0.005683  0.999984  0.000265  0.004167  -0.000241  0.999991  0.000000  0.000000  
39.937499 0.003049  0.092770  -0.008253  0.994806  0.065224  -0.078151  -0.065014  0.997871  0.005229  0.078326  -0.000121  0.996928  0.000030  -0.003849  0.001833  0.000000  0.000000  0.000000  2.000000  0.999975  0.005684  -0.004165  -0.005683  0.999984  0.000265  0.004167  -0.000241  0.999991  0.999998  0.001642  -0.000802  -0.001643  0.999998  -0.001448  0.000800  0.001449  0.999999  1.000000  0.000000  0.000000  0.000000  1.000000  0.000000  0.000000  0.000000  1.000000  0.999975  0.005684  -0.004165  -0.005683  0.999984  0.000265  0.004167  -0.000241  0.999991  0.000000  0.000000  
39.938747 0.003048  0.092765  -0.008253  0.994806  0.065215  -0.078159  -0.065014  0.997871  0.005108  0.078326  0.000000  0.996928  -0.000099  -0.003869  0.001717  0.000000  0.000000  0.000000  2.000000  0.999975  0.005684  -0.004165  -0.005683  0.999984  0.000265  0.004167  -0.000241  0.999991  0.999999  0.001437  -0.000669  -0.001438  0.999998  -0.001464  0.000667  0.001465  0.999999  1.000000  0.000000  0.000000  0.000000  1.000000  0.000000  0.000000  0.000000  1.000000  0.999975  0.005684  -0.004165  -0.005683  0.999984  0.000265  0.004167  -0.000241  0.999991  0.000000  0.000000  
39.939749 0.003047  0.092761  -0.008253  0.994806  0.065205  -0.078167  -0.065014  0.997872  0.004987  0.078326  0.000121  0.996928  -0.000200  -0.003883  0.001597  0.000000  0.000000  0.000000  2.000000  0.999975  0.005684  -0.004165  -0.005683  0.999984  0.000265  0.004167  -0.000241  0.999991  0.999999  0.001231  -0.000535  -0.001232  0.999998  -0.001601  0.000533  0.001602  0.999999  1.000000  0.000000  0.000000  0.000000  1.000000  0.000000  0.000000  0.000000  1.000000  0.999975  0.005684  -0.004165  -0.005683  0.999984  0.000265  0.004167  -0.000241  0.999991  0.000000  0.000000  
39.940999 0.003045  0.092757  -0.008253  0.994816  0.065196  -0.078042  -0.065015  0.997872  0.004857  0.078192  0.000242  0.996938  -0.000298  -0.003878  0.001435  0.000000  0.000000  0.000000  2.000000  0.999975  0.005684  -0.004165  -0.005683  0.999984  0.000265  0.004167  -0.000241  0.999991  0.999999  0.001026  -0.000268  -0.001027  0.999998  -0.001618  0.000266  0.001618  0.999999  1.000000  0.000000  0.000000  0.000000  1.000000  0.000000  0.000000  0.000000  1.000000  0.999975  0.005684  -0.004165  -0.005683  0.999984  0.000265  0.004167  -0.000241  0.999991  0.000000  0.000000  
39.942004 0.003044  0.092753  -0.008253  0.994803  0.065401  -0.078041  -0.065220  0.997859  0.004873  0.078192  0.000242  0.996938  -0.000415  -0.003852  0.001298  0.000000  0.000000  0.000000  2.000000  0.999975  0.005684  -0.004165  -0.005683  0.999984  0.000265  0.004167  -0.000241  0.999991  0.999999  0.001231  -0.000134  -0.001232  0.999998  -0.001602  0.000132  0.001602  0.999999  1.000000  0.000000  0.000000  0.000000  1.000000  0.000000  0.000000  0.000000  1.000000  0.999975  0.005684  -0.004165  -0.005683  0.999984  0.000265  0.004167  -0.000241  0.999991  0.000000  0.000000  
39.943254 0.003043  0.092749  -0.008254  0.994803  0.065392  -0.078049  -0.065220  0.997860  0.004752  0.078192  0.000363  0.996938  -0.000512  -0.003762  0.001110  0.000000  0.000000  0.000000  2.000000  0.999975  0.005684  -0.004165  -0.005683  0.999984  0.000265  0.004167  -0.000241  0.999991  0.999999  0.001026  -0.000000  -0.001026  0.999998  -0.001739  -0.000001  0.001739  0.999998  1.000000  0.000000  0.000000  0.000000  1.000000  0.000000  0.000000  0.000000  1.000000  0.999975  0.005684  -0.004165  -0.005683  0.999984  0.000265  0.004167  -0.000241  0.999991  0.000000  0.000000  
39.944257 0.003042  0.092746  -0.008254  0.994803  0.065382  -0.078057  -0.065220  0.997860  0.004631  0.078192  0.000484  0.996938  -0.000555  -0.003710  0.000964  0.000000  0.000000  0.000000  2.000000  0.999975  0.005684  -0.004165  -0.005683  0.999984  0.000265  0.004167  -0.000241  0.999991  1.000000  0.000821  0.000133  -0.000821  0.999998  -0.001755  -0.000135  0.001755  0.999998  1.000000  0.000000  0.000000  0.000000  1.000000  0.000000  0.000000  0.000000  1.000000  0.999975  0.005684  -0.004165  -0.005683  0.999984  0.000265  0.004167  -0.000241  0.999991  0.000000  0.000000  
39.945504 0.003041  0.092742  -0.008255  0.994789  0.065578  -0.078064  -0.065425  0.997847  0.004526  0.078192  0.000605  0.996938  -0.000640  -0.003646  0.000667  0.000000  0.000000  0.000000  2.000000  0.999975  0.005684  -0.004165  -0.005683  0.999984  0.000265  0.004167  -0.000241  0.999991  0.999999  0.001026  0.000133  -0.001026  0.999998  -0.001860  -0.000135  0.001860  0.999998  1.000000  0.000000  0.000000  0.000000  1.000000  0.000000  0.000000  0.000000  1.000000  0.999975  0.005684  -0.004165  -0.005683  0.999984  0.000265  0.004167  -0.000241  0.999991  0.000000  0.000000  
39.946756 0.003041  0.092739  -0.008255  0.994789  0.065569  -0.078072  -0.065425  0.997848  0.004405  0.078192  0.000726  0.996938  -0.000652  -0.003530  0.000374  0.000000  0.000000  0.000000  2.000000  0.999975  0.005684  -0.004165  -0.005683  0.999984  0.000265  0.004167  -0.000241  0.999991  0.999999  0.001026  0.000267  -0.001026  0.999998  -0.001860  -0.000269  0.001860  0.999998  1.000000  0.000000  0.000000  0.000000  1.000000  0.000000  0.000000  0.000000  1.000000  0.999975  0.005684  -0.004165  -0.005683  0.999984  0.000265  0.004167  -0.000241  0.999991  0.000000  0.000000  
39.947999 0.003040  0.092736  -0.008257  0.994776  0.065765  -0.078079  -0.065630  0.997835  0.004300  0.078192  0.000846  0.996938  -0.000722  -0.003452  0.000128  0.000000  0.000000  0.000000  2.000000  0.999975  0.005684  -0.004165  -0.005683  0.999984  0.000265  0.004167  -0.000241  0.999991  1.000000  0.000821  0.000267  -0.000821  0.999998  -0.001876  -0.000268  0.001876  0.999998  1.000000  0.000000  0.000000  0.000000  1.000000  0.000000  0.000000  0.000000  1.000000  0.999975  0.005684  -0.004165  -0.005683  0.999984  0.000265  0.004167  -0.000241  0.999991  0.000000  0.000000  
39.949000 0.003039  0.092733  -0.008258  0.994776  0.065755  -0.078087  -0.065630  0.997835  0.004179  0.078192  0.000967  0.996938  -0.000730  -0.003380  -0.000108  0.000000  0.000000  0.000000  2.000000  0.999975  0.005684  -0.004165  -0.005683  0.999984  0.000265  0.004167  -0.000241  0.999991  0.999999  0.001026  0.000267  -0.001026  0.999998  -0.001860  -0.000269  0.001860  0.999998  1.000000  0.000000  0.000000  0.000000  1.000000  0.000000  0.000000  0.000000  1.000000  0.999975  0.005684  -0.004165  -0.005683  0.999984  0.000265  0.004167  -0.000241  0.999991  0.000000  0.000000  
39.950006 0.003040  0.092731  -0.008260  0.994765  0.065746  -0.078228  -0.065629  0.997836  0.004067  0.078326  0.001088  0.996927  -0.000705  -0.003263  -0.000328  0.000000  0.000000  0.000000  2.000000  0.999975  0.005684  -0.004165  -0.005683  0.999984  0.000265  0.004167  -0.000241  0.999991  0.999999  0.001026  0.000267  -0.001026  0.999998  -0.001860  -0.000268  0.001860  0.999998  1.000000  0.000000  0.000000  0.000000  1.000000  0.000000  0.000000  0.000000  1.000000  0.999975  0.005684  -0.004165  -0.005683  0.999984  0.000265  0.004167  -0.000241  0.999991  0.000000  0.000000  
39.951254 0.003039  0.092727  -0.008261  0.994752  0.065942  -0.078235  -0.065834  0.997823  0.003962  0.078326  0.001209  0.996927  -0.000746  -0.003163  -0.000508  0.000000  0.000000  0.000000  2.000000  0.999975  0.005684  -0.004165  -0.005683  0.999984  0.000265  0.004167  -0.000241  0.999991  0.999999  0.001026  0.000133  -0.001026  0.999998  -0.001981  -0.000135  0.001981  0.999998  1.000000  0.000000  0.000000  0.000000  1.000000  0.000000  0.000000  0.000000  1.000000  0.999975  0.005684  -0.004165  -0.005683  0.999984  0.000265  0.004167  -0.000241  0.999991  0.000000  0.000000  
39.952499 0.003039  0.092725  -0.008262  0.994752  0.065932  -0.078243  -0.065834  0.997823  0.003841  0.078326  0.001330  0.996927  -0.000661  -0.003000  -0.000591  0.000000  0.000000  0.000000  2.000000  0.999975  0.005684  -0.004165  -0.005683  0.999984  0.000265  0.004167  -0.000241  0.999991  0.999999  0.001026  0.000132  -0.001026  0.999998  -0.001981  -0.000135  0.001981  0.999998  1.000000  0.000000  0.000000  0.000000  1.000000  0.000000  0.000000  0.000000  1.000000  0.999975  0.005684  -0.004165  -0.005683  0.999984  0.000265  0.004167  -0.000241  0.999991  0.000000  0.000000  
39.953501 0.003039  0.092723  -0.008263  0.994738  0.066128  -0.078250  -0.066038  0.997810  0.003736  0.078326  0.001451  0.996927  -0.000626  -0.002888  -0.000678  0.000000  0.000000  0.000000  2.000000  0.999975  0.005684  -0.004165  -0.005683  0.999984  0.000265  0.004167  -0.000241  0.999991  0.999999  0.001026  0.000132  -0.001026  0.999998  -0.001981  -0.000134  0.001981  0.999998  1.000000  0.000000  0.000000  0.000000  1.000000  0.000000  0.000000  0.000000  1.000000  0.999975  0.005684  -0.004165  -0.005683  0.999984  0.000265  0.004167  -0.000241  0.999991  0.000000  0.000000  
39.954747 0.003039  0.092721  -0.008263  0.994738  0.066119  -0.078258  -0.066038  0.997811  0.003615  0.078326  0.001572  0.996927  -0.000524  -0.002701  -0.000705  0.000000  0.000000  0.000000  2.000000  0.999975  0.005684  -0.004165  -0.005683  0.999984  0.000265  0.004167  -0.000241  0.999991  0.999999  0.001232  0.000132  -0.001231  0.999997  -0.001965  -0.000134  0.001965  0.999998  1.000000  0.000000  0.000000  0.000000  1.000000  0.000000  0.000000  0.000000  1.000000  0.999975  0.005684  -0.004165  -0.005683  0.999984  0.000265  0.004167  -0.000241  0.999991  0.000000  0.000000  
39.955749 0.003039  0.092719  -0.008264  0.994725  0.066315  -0.078265  -0.066243  0.997797  0.003510  0.078326  0.001693  0.996926  -0.000449  -0.002581  -0.000766  0.000000  0.000000  0.000000  2.000000  0.999975  0.005684  -0.004165  -0.005683  0.999984  0.000265  0.004167  -0.000241  0.999991  0.999999  0.001232  0.000132  -0.001231  0.999997  -0.001965  -0.000134  0.001965  0.999998  1.000000  0.000000  0.000000  0.000000  1.000000  0.000000  0.000000  0.000000  1.000000  0.999975  0.005684  -0.004165  -0.005683  0.999984  0.000265  0.004167  -0.000241  0.999991  0.000000  0.000000  
39.956753 0.003039  0.092717  -0.008265  0.994725  0.066305  -0.078273  -0.066243  0.997798  0.003389  0.078326  0.001814  0.996926  -0.000356  -0.002438  -0.000804  0.000000  0.000000  0.000000  2.000000  0.999975  0.005684  -0.004165  -0.005683  0.999984  0.000265  0.004167  -0.000241  0.999991  0.999999  0.001231  -0.000002  -0.001231  0.999998  -0.001844  -0.000000  0.001844  0.999998  1.000000  0.000000  0.000000  0.000000  1.000000  0.000000  0.000000  0.000000  1.000000  0.999975  0.005684  -0.004165  -0.005683  0.999984  0.000265  0.004167  -0.000241  0.999991  0.000000  0.000000  
39.958000 0.003040  0.092715  -0.008267  0.994714  0.066305  -0.078406  -0.066243  0.997798  0.003398  0.078459  0.001814  0.996916  -0.000221  -0.002272  -0.000858  0.000000  0.000000  0.000000  2.000000  0.999975  0.005684  -0.004165  -0.005683  0.999984  0.000265  0.004167  -0.000241  0.999991  0.999999  0.001231  -0.000136  -0.001231  0.999998  -0.001844  0.000134  0.001844  0.999998  1.000000  0.000000  0.000000  0.000000  1.000000  0.000000  0.000000  0.000000  1.000000  0.999975  0.005684  -0.004165  -0.005683  0.999984  0.000265  0.004167  -0.000241  0.999991  0.000000  0.000000  
39.959001 0.003040  0.092715  -0.008267  0.994700  0.066501  -0.078414  -0.066447  0.997785  0.003293  0.078459  0.001935  0.996915  -0.000148  -0.002143  -0.000892  0.000000  0.000000  0.000000  2.000000  0.999975  0.005684  -0.004165  -0.005683  0.999984  0.000265  0.004167  -0.000241  0.999991  0.999999  0.001231  -0.000136  -0.001231  0.999998  -0.001844  0.000134  0.001844  0.999998  1.000000  0.000000  0.000000  0.000000  1.000000  0.000000  0.000000  0.000000  1.000000  0.999975  0.005684  -0.004165  -0.005683  0.999984  0.000265  0.004167  -0.000241  0.999991  0.000000  0.000000  
39.960005 0.003041  0.092713  -0.008269  0.994700  0.066501  -0.078414  -0.066447  0.997785  0.003293  0.078459  0.001935  0.996915  -0.000087  -0.002028  -0.000949  0.000000  0.000000  0.000000  2.000000  0.999975  0.005684  -0.004165  -0.005683  0.999984  0.000265  0.004167  -0.000241  0.999991  0.999999  0.001436  -0.000270  -0.001437  0.999998  -0.001706  0.000268  0.001707  0.999999  1.000000  0.000000  0.000000  0.000000  1.000000  0.000000  0.000000  0.000000  1.000000  0.999975  0.005684  -0.004165  -0.005683  0.999984  0.000265  0.004167  -0.000241  0.999991  0.000000  0.000000  
39.961008 0.003041  0.092712  -0.008269  0.994700  0.066491  -0.078422  -0.066447  0.997785  0.003172  0.078459  0.002056  0.996915  0.000030  -0.001912  -0.000940  0.000000  0.000000  0.000000  2.000000  0.999975  0.005684  -0.004165  -0.005683  0.999984  0.000265  0.004167  -0.000241  0.999991  0.999999  0.001436  -0.000270  -0.001437  0.999998  -0.001706  0.000268  0.001707  0.999999  1.000000  0.000000  0.000000  0.000000  1.000000  0.000000  0.000000  0.000000  1.000000  0.999975  0.005684  -0.004165  -0.005683  0.999984  0.000265  0.004167  -0.000241  0.999991  0.000000  0.000000  
39.962008 0.003042  0.092712  -0.008271  0.994687  0.066697  -0.078421  -0.066652  0.997771  0.003188  0.078459  0.002056  0.996915  0.000115  -0.001747  -0.000988  0.000000  0.000000  0.000000  2.000000  0.999975  0.005684  -0.004165  -0.005683  0.999984  0.000265  0.004167  -0.000241  0.999991  0.999999  0.001436  -0.000270  -0.001437  0.999998  -0.001706  0.000268  0.001707  0.999999  1.000000  0.000000  0.000000  0.000000  1.000000  0.000000  0.000000  0.000000  1.000000  0.999975  0.005684  -0.004165  -0.005683  0.999984  0.000265  0.004167  -0.000241  0.999991  0.000000  0.000000  
39.963254 0.003043  0.092711  -0.008271  0.994687  0.066687  -0.078429  -0.066652  0.997772  0.003067  0.078459  0.002177  0.996915  0.000195  -0.001617  -0.000924  0.000000  0.000000  0.000000  2.000000  0.999975  0.005684  -0.004165  -0.005683  0.999984  0.000265  0.004167  -0.000241  0.999991  0.999999  0.001436  -0.000270  -0.001437  0.999998  -0.001585  0.000268  0.001585  0.999999  1.000000  0.000000  0.000000  0.000000  1.000000  0.000000  0.000000  0.000000  1.000000  0.999975  0.005684  -0.004165  -0.005683  0.999984  0.000265  0.004167  -0.000241  0.999991  0.000000  0.000000  
