1-Time 2-Px 3-Py 4-Pz 5-R11 6-R21 7-R31 8-R12 9-R22 10-R32 11-R13 12-R23 13-R33 14-Vx 15-Vy 16-Vz 17-Wx 18-Wy 19-Wz 20-state 21-PR11 22-PR21 23-PR31 24-PR12 25-PR22 26-PR32 27-PR13 28-PR23 29-PR33 
176.050647 0.002807  0.091611  -0.023911  0.996524  0.025935  -0.079168  -0.025240  0.999634  0.009771  0.079393  -0.007738  0.996813  -0.000914  0.000231  0.004313  0.000000  0.000000  0.000000  2.000000  1.000000  0.000000  0.000000  0.000000  1.000000  0.000000  0.000000  0.000000  1.000000  0.999997  0.000392  0.002411  -0.000392  1.000000  0.000275  -0.002411  -0.000276  0.999997  1.000000  0.000000  0.000000  0.000000  1.000000  0.000000  0.000000  0.000000  1.000000  0.712046  0.370209  0.596603  -0.431724  0.900942  -0.043797  -0.553719  -0.226382  0.801341  0.000000  0.000000  
176.051650 0.002807  0.091611  -0.023906  0.996534  0.025934  -0.079035  -0.025240  0.999634  0.009767  0.079259  -0.007739  0.996824  -0.000923  0.000232  0.004352  0.000000  0.000000  0.000000  2.000000  1.000000  0.000000  0.000000  0.000000  1.000000  0.000000  0.000000  0.000000  1.000000  0.999997  0.000392  0.002411  -0.000392  1.000000  0.000275  -0.002411  -0.000276  0.999997  1.000000  0.000000  0.000000  0.000000  1.000000  0.000000  0.000000  0.000000  1.000000  1.000000  0.000000  0.000000  0.000000  1.000000  0.000000  0.000000  0.000000  1.000000  0.000000  0.000000  
176.052901 0.002805  0.091609  -0.023901  0.996519  0.026150  -0.079163  -0.025445  0.999627  0.009908  0.079393  -0.007859  0.996812  -0.000967  0.000113  0.004376  0.000000  0.000000  0.000000  2.000000  1.000000  0.000000  0.000000  0.000000  1.000000  0.000000  0.000000  0.000000  1.000000  0.999997  0.000598  0.002279  -0.000599  1.000000  0.000413  -0.002279  -0.000414  0.999997  1.000000  0.000000  0.000000  0.000000  1.000000  0.000000  0.000000  0.000000  1.000000  1.000000  0.000000  0.000000  0.000000  1.000000  0.000000  0.000000  0.000000  1.000000  0.000000  0.000000  
176.054144 0.002803  0.091608  -0.023896  0.996508  0.026151  -0.079297  -0.025444  0.999627  0.009912  0.079526  -0.007859  0.996802  -0.000993  -0.000032  0.004370  0.000000  0.000000  0.000000  2.000000  1.000000  0.000000  0.000000  0.000000  1.000000  0.000000  0.000000  0.000000  1.000000  0.999998  0.000396  0.001876  -0.000396  1.000000  0.000397  -0.001876  -0.000397  0.999998  1.000000  0.000000  0.000000  0.000000  1.000000  0.000000  0.000000  0.000000  1.000000  1.000000  0.000000  0.000000  0.000000  1.000000  0.000000  0.000000  0.000000  1.000000  0.000000  0.000000  
176.055151 0.002803  0.091606  -0.023891  0.996497  0.026162  -0.079427  -0.025444  0.999626  0.010036  0.079660  -0.007980  0.996790  -0.000983  -0.000169  0.004400  0.000000  0.000000  0.000000  2.000000  1.000000  0.000000  0.000000  0.000000  1.000000  0.000000  0.000000  0.000000  1.000000  0.999999  0.000398  0.001609  -0.000398  1.000000  0.000518  -0.001609  -0.000519  0.999999  1.000000  0.000000  0.000000  0.000000  1.000000  0.000000  0.000000  0.000000  1.000000  1.000000  0.000000  0.000000  0.000000  1.000000  0.000000  0.000000  0.000000  1.000000  0.000000  0.000000  
176.056394 0.002802  0.091603  -0.023885  0.996481  0.026378  -0.079555  -0.025649  0.999619  0.010177  0.079793  -0.008101  0.996779  -0.000960  -0.000355  0.004469  0.000000  0.000000  0.000000  2.000000  1.000000  0.000000  0.000000  0.000000  1.000000  0.000000  0.000000  0.000000  1.000000  0.999999  0.000605  0.001343  -0.000605  1.000000  0.000534  -0.001343  -0.000535  0.999999  1.000000  0.000000  0.000000  0.000000  1.000000  0.000000  0.000000  0.000000  1.000000  1.000000  0.000000  0.000000  0.000000  1.000000  0.000000  0.000000  0.000000  1.000000  0.000000  0.000000  
176.057395 0.002801  0.091601  -0.023881  0.996465  0.026585  -0.079686  -0.025854  0.999614  0.010197  0.079926  -0.008101  0.996768  -0.000933  -0.000531  0.004488  0.000000  0.000000  0.000000  2.000000  1.000000  0.000000  0.000000  0.000000  1.000000  0.000000  0.000000  0.000000  1.000000  0.999999  0.000607  0.001075  -0.000607  1.000000  0.000535  -0.001075  -0.000535  0.999999  1.000000  0.000000  0.000000  0.000000  1.000000  0.000000  0.000000  0.000000  1.000000  1.000000  0.000000  0.000000  0.000000  1.000000  0.000000  0.000000  0.000000  1.000000  0.000000  0.000000  
176.058644 0.002801  0.091598  -0.023874  0.996449  0.026802  -0.079814  -0.026059  0.999607  0.010338  0.080060  -0.008222  0.996756  -0.000860  -0.000719  0.004544  0.000000  0.000000  0.000000  2.000000  1.000000  0.000000  0.000000  0.000000  1.000000  0.000000  0.000000  0.000000  1.000000  0.999999  0.001019  0.000811  -0.001020  0.999999  0.000689  -0.000811  -0.000690  0.999999  1.000000  0.000000  0.000000  0.000000  1.000000  0.000000  0.000000  0.000000  1.000000  1.000000  0.000000  0.000000  0.000000  1.000000  0.000000  0.000000  0.000000  1.000000  0.000000  0.000000  
176.059645 0.002801  0.091596  -0.023869  0.996439  0.027213  -0.079810  -0.026469  0.999596  0.010371  0.080060  -0.008222  0.996756  -0.000827  -0.000909  0.004576  0.000000  0.000000  0.000000  2.000000  1.000000  0.000000  0.000000  0.000000  1.000000  0.000000  0.000000  0.000000  1.000000  0.999999  0.001226  0.000679  -0.001226  0.999999  0.000705  -0.000678  -0.000706  1.000000  1.000000  0.000000  0.000000  0.000000  1.000000  0.000000  0.000000  0.000000  1.000000  1.000000  0.000000  0.000000  0.000000  1.000000  0.000000  0.000000  0.000000  1.000000  0.000000  0.000000  
176.060894 0.002800  0.091593  -0.023864  0.996422  0.027430  -0.079938  -0.026674  0.999589  0.010512  0.080193  -0.008342  0.996744  -0.000768  -0.001126  0.004538  0.000000  0.000000  0.000000  2.000000  1.000000  0.000000  0.000000  0.000000  1.000000  0.000000  0.000000  0.000000  1.000000  0.999999  0.001638  0.000415  -0.001639  0.999998  0.000860  -0.000414  -0.000861  1.000000  1.000000  0.000000  0.000000  0.000000  1.000000  0.000000  0.000000  0.000000  1.000000  1.000000  0.000000  0.000000  0.000000  1.000000  0.000000  0.000000  0.000000  1.000000  0.000000  0.000000  
176.061894 0.002800  0.091591  -0.023860  0.996395  0.027638  -0.080202  -0.026878  0.999583  0.010536  0.080460  -0.008342  0.996723  -0.000744  -0.001271  0.004516  0.000000  0.000000  0.000000  2.000000  1.000000  0.000000  0.000000  0.000000  1.000000  0.000000  0.000000  0.000000  1.000000  0.999998  0.001846  0.000149  -0.001846  0.999998  0.000877  -0.000148  -0.000877  1.000000  1.000000  0.000000  0.000000  0.000000  1.000000  0.000000  0.000000  0.000000  1.000000  1.000000  0.000000  0.000000  0.000000  1.000000  0.000000  0.000000  0.000000  1.000000  0.000000  0.000000  
176.062895 0.002799  0.091589  -0.023856  0.996379  0.027845  -0.080333  -0.027083  0.999577  0.010556  0.080593  -0.008342  0.996712  -0.000721  -0.001394  0.004453  0.000000  0.000000  0.000000  2.000000  1.000000  0.000000  0.000000  0.000000  1.000000  0.000000  0.000000  0.000000  1.000000  0.999998  0.002054  -0.000250  -0.002054  0.999997  0.000894  0.000252  -0.000893  1.000000  1.000000  0.000000  0.000000  0.000000  1.000000  0.000000  0.000000  0.000000  1.000000  1.000000  0.000000  0.000000  0.000000  1.000000  0.000000  0.000000  0.000000  1.000000  0.000000  0.000000  
176.064147 0.002799  0.091588  -0.023852  0.996341  0.028064  -0.080727  -0.027287  0.999570  0.010705  0.080993  -0.008463  0.996679  -0.000687  -0.001539  0.004387  0.000000  0.000000  0.000000  2.000000  1.000000  0.000000  0.000000  0.000000  1.000000  0.000000  0.000000  0.000000  1.000000  0.999997  0.002263  -0.000650  -0.002262  0.999997  0.001032  0.000652  -0.001031  0.999999  1.000000  0.000000  0.000000  0.000000  1.000000  0.000000  0.000000  0.000000  1.000000  1.000000  0.000000  0.000000  0.000000  1.000000  0.000000  0.000000  0.000000  1.000000  0.000000  0.000000  
176.065399 0.002798  0.091585  -0.023848  0.996314  0.028272  -0.080992  -0.027492  0.999564  0.010729  0.081260  -0.008463  0.996657  -0.000626  -0.001712  0.004257  0.000000  0.000000  0.000000  2.000000  1.000000  0.000000  0.000000  0.000000  1.000000  0.000000  0.000000  0.000000  1.000000  0.999996  0.002472  -0.001049  -0.002471  0.999997  0.000928  0.001051  -0.000926  0.999999  1.000000  0.000000  0.000000  0.000000  1.000000  0.000000  0.000000  0.000000  1.000000  1.000000  0.000000  0.000000  0.000000  1.000000  0.000000  0.000000  0.000000  1.000000  0.000000  0.000000  
176.066657 0.002798  0.091583  -0.023843  0.996281  0.028696  -0.081251  -0.027902  0.999551  0.010891  0.081527  -0.008583  0.996634  -0.000526  -0.001905  0.004195  0.000000  0.000000  0.000000  2.000000  1.000000  0.000000  0.000000  0.000000  1.000000  0.000000  0.000000  0.000000  1.000000  0.999995  0.002886  -0.001447  -0.002884  0.999995  0.001084  0.001450  -0.001079  0.999998  1.000000  0.000000  0.000000  0.000000  1.000000  0.000000  0.000000  0.000000  1.000000  1.000000  0.000000  0.000000  0.000000  1.000000  0.000000  0.000000  0.000000  1.000000  0.000000  0.000000  
176.067898 0.002799  0.091579  -0.023839  0.996264  0.028903  -0.081382  -0.028106  0.999545  0.010911  0.081660  -0.008583  0.996623  -0.000415  -0.002013  0.004157  0.000000  0.000000  0.000000  2.000000  1.000000  0.000000  0.000000  0.000000  1.000000  0.000000  0.000000  0.000000  1.000000  0.999994  0.002889  -0.001848  -0.002887  0.999995  0.001084  0.001851  -0.001079  0.999998  1.000000  0.000000  0.000000  0.000000  1.000000  0.000000  0.000000  0.000000  1.000000  1.000000  0.000000  0.000000  0.000000  1.000000  0.000000  0.000000  0.000000  1.000000  0.000000  0.000000  
176.068901 0.002799  0.091577  -0.023833  0.996241  0.029325  -0.081507  -0.028516  0.999532  0.011070  0.081793  -0.008704  0.996611  -0.000265  -0.002092  0.004237  0.000000  0.000000  0.000000  2.000000  1.000000  0.000000  0.000000  0.000000  1.000000  0.000000  0.000000  0.000000  1.000000  0.999993  0.003096  -0.001980  -0.003093  0.999994  0.001223  0.001983  -0.001216  0.999997  1.000000  0.000000  0.000000  0.000000  1.000000  0.000000  0.000000  0.000000  1.000000  1.000000  0.000000  0.000000  0.000000  1.000000  0.000000  0.000000  0.000000  1.000000  0.000000  0.000000  
176.070145 0.002800  0.091573  -0.023826  0.996224  0.029542  -0.081634  -0.028721  0.999525  0.011212  0.081927  -0.008825  0.996599  -0.000156  -0.002191  0.004379  0.000000  0.000000  0.000000  2.000000  1.000000  0.000000  0.000000  0.000000  1.000000  0.000000  0.000000  0.000000  1.000000  0.999991  0.003510  -0.002377  -0.003507  0.999993  0.001378  0.002382  -0.001370  0.999996  1.000000  0.000000  0.000000  0.000000  1.000000  0.000000  0.000000  0.000000  1.000000  1.000000  0.000000  0.000000  0.000000  1.000000  0.000000  0.000000  0.000000  1.000000  0.000000  0.000000  
176.071150 0.002801  0.091569  -0.023820  0.996208  0.029749  -0.081765  -0.028926  0.999518  0.011232  0.082060  -0.008825  0.996588  -0.000032  -0.002297  0.004443  0.000000  0.000000  0.000000  2.000000  1.000000  0.000000  0.000000  0.000000  1.000000  0.000000  0.000000  0.000000  1.000000  0.999990  0.003718  -0.002643  -0.003714  0.999992  0.001396  0.002648  -0.001386  0.999996  1.000000  0.000000  0.000000  0.000000  1.000000  0.000000  0.000000  0.000000  1.000000  1.000000  0.000000  0.000000  0.000000  1.000000  0.000000  0.000000  0.000000  1.000000  0.000000  0.000000  
176.072399 0.002802  0.091564  -0.023811  0.996180  0.029967  -0.082026  -0.029130  0.999511  0.011378  0.082327  -0.008945  0.996565  0.000104  -0.002478  0.004615  0.000000  0.000000  0.000000  2.000000  1.000000  0.000000  0.000000  0.000000  1.000000  0.000000  0.000000  0.000000  1.000000  0.999988  0.003927  -0.003042  -0.003922  0.999991  0.001535  0.003048  -0.001523  0.999994  1.000000  0.000000  0.000000  0.000000  1.000000  0.000000  0.000000  0.000000  1.000000  1.000000  0.000000  0.000000  0.000000  1.000000  0.000000  0.000000  0.000000  1.000000  0.000000  0.000000  
176.073409 0.002804  0.091559  -0.023805  0.996151  0.030185  -0.082286  -0.029335  0.999503  0.011524  0.082593  -0.009066  0.996542  0.000205  -0.002642  0.004704  0.000000  0.000000  0.000000  2.000000  1.000000  0.000000  0.000000  0.000000  1.000000  0.000000  0.000000  0.000000  1.000000  0.999987  0.003928  -0.003175  -0.003923  0.999991  0.001536  0.003181  -0.001524  0.999994  1.000000  0.000000  0.000000  0.000000  1.000000  0.000000  0.000000  0.000000  1.000000  1.000000  0.000000  0.000000  0.000000  1.000000  0.000000  0.000000  0.000000  1.000000  0.000000  0.000000  
176.074651 0.002805  0.091553  -0.023796  0.996112  0.030405  -0.082680  -0.029539  0.999495  0.011674  0.082993  -0.009187  0.996508  0.000308  -0.002852  0.004876  0.000000  0.000000  0.000000  2.000000  1.000000  0.000000  0.000000  0.000000  1.000000  0.000000  0.000000  0.000000  1.000000  0.999986  0.004135  -0.003306  -0.004130  0.999990  0.001675  0.003313  -0.001662  0.999993  1.000000  0.000000  0.000000  0.000000  1.000000  0.000000  0.000000  0.000000  1.000000  1.000000  0.000000  0.000000  0.000000  1.000000  0.000000  0.000000  0.000000  1.000000  0.000000  0.000000  
176.075894 0.002807  0.091547  -0.023788  0.996095  0.030622  -0.082807  -0.029744  0.999488  0.011817  0.083127  -0.009307  0.996496  0.000451  -0.003060  0.005073  0.000000  0.000000  0.000000  2.000000  1.000000  0.000000  0.000000  0.000000  1.000000  0.000000  0.000000  0.000000  1.000000  0.999985  0.004340  -0.003304  -0.004335  0.999989  0.001572  0.003311  -0.001558  0.999993  1.000000  0.000000  0.000000  0.000000  1.000000  0.000000  0.000000  0.000000  1.000000  1.000000  0.000000  0.000000  0.000000  1.000000  0.000000  0.000000  0.000000  1.000000  0.000000  0.000000  
176.077144 0.002810  0.091541  -0.023779  0.996078  0.030829  -0.082938  -0.029948  0.999481  0.011838  0.083260  -0.009307  0.996484  0.000724  -0.003288  0.005355  0.000000  0.000000  0.000000  2.000000  1.000000  0.000000  0.000000  0.000000  1.000000  0.000000  0.000000  0.000000  1.000000  0.999985  0.004340  -0.003304  -0.004335  0.999989  0.001573  0.003311  -0.001559  0.999993  1.000000  0.000000  0.000000  0.000000  1.000000  0.000000  0.000000  0.000000  1.000000  1.000000  0.000000  0.000000  0.000000  1.000000  0.000000  0.000000  0.000000  1.000000  0.000053  0.000000  
176.078394 0.002813  0.091536  -0.023771  0.996065  0.031250  -0.082929  -0.030358  0.999467  0.011993  0.083260  -0.009428  0.996483  0.000928  -0.003549  0.005556  0.071165  0.119927  0.173446  2.000000  1.000000  0.000000  0.000000  0.000000  1.000000  0.000000  0.000000  0.000000  1.000000  0.999986  0.004134  -0.003171  -0.004129  0.999990  0.001556  0.003178  -0.001543  0.999994  1.000000  0.000000  0.000000  0.000000  1.000000  0.000000  0.000000  0.000000  1.000000  1.000000  0.000000  0.000000  0.000000  1.000000  0.000000  0.000000  0.000000  1.000000  0.000054  0.000000  
176.079444 0.002814  0.091531  -0.023765  0.996059  0.031456  -0.082927  -0.030563  0.999461  0.012010  0.083260  -0.009428  0.996483  0.001105  -0.003733  0.005790  0.071593  0.124150  0.180070  2.000000  1.000000  0.000000  0.000000  0.000000  1.000000  0.000000  0.000000  0.000000  1.000000  0.999986  0.004134  -0.003171  -0.004129  0.999990  0.001556  0.003178  -0.001543  0.999994  1.000000  0.000000  0.000000  0.000000  1.000000  0.000000  0.000000  0.000000  1.000000  1.000000  0.000000  0.000000  0.000000  1.000000  0.000000  0.000000  0.000000  1.000000  0.000056  0.000000  
176.080644 0.002817  0.091526  -0.023757  0.996059  0.031456  -0.082927  -0.030563  0.999461  0.012010  0.083260  -0.009428  0.996483  0.001303  -0.003980  0.006046  0.071123  0.127816  0.178957  2.000000  1.000000  0.000000  0.000000  0.000000  1.000000  0.000000  0.000000  0.000000  1.000000  0.999987  0.004133  -0.003038  -0.004129  0.999990  0.001434  0.003044  -0.001422  0.999994  1.000000  0.000000  0.000000  0.000000  1.000000  0.000000  0.000000  0.000000  1.000000  1.000000  0.000000  0.000000  0.000000  1.000000  0.000000  0.000000  0.000000  1.000000  0.000058  0.000000  
176.081647 0.002820  0.091522  -0.023750  0.996053  0.031672  -0.082921  -0.030769  0.999453  0.012148  0.083260  -0.009549  0.996482  0.001455  -0.004039  0.006239  0.075712  0.132205  0.185843  2.000000  1.000000  0.000000  0.000000  0.000000  1.000000  0.000000  0.000000  0.000000  1.000000  0.999987  0.004132  -0.002904  -0.004128  0.999990  0.001434  0.002910  -0.001422  0.999995  1.000000  0.000000  0.000000  0.000000  1.000000  0.000000  0.000000  0.000000  1.000000  1.000000  0.000000  0.000000  0.000000  1.000000  0.000000  0.000000  0.000000  1.000000  0.000060  0.000000  
176.082894 0.002823  0.091518  -0.023740  0.996053  0.031672  -0.082921  -0.030769  0.999453  0.012148  0.083260  -0.009549  0.996482  0.001650  -0.004118  0.006546  0.071133  0.127811  0.178996  2.000000  1.000000  0.000000  0.000000  0.000000  1.000000  0.000000  0.000000  0.000000  1.000000  0.999988  0.003926  -0.002772  -0.003921  0.999991  0.001539  0.002778  -0.001528  0.999995  1.000000  0.000000  0.000000  0.000000  1.000000  0.000000  0.000000  0.000000  1.000000  1.000000  0.000000  0.000000  0.000000  1.000000  0.000000  0.000000  0.000000  1.000000  0.000058  0.000000  
176.083899 0.002826  0.091514  -0.023733  0.996046  0.031878  -0.082918  -0.030974  0.999446  0.012165  0.083260  -0.009549  0.996482  0.001746  -0.004205  0.006702  0.072278  0.124280  0.187288  2.000000  1.000000  0.000000  0.000000  0.000000  1.000000  0.000000  0.000000  0.000000  1.000000  0.999989  0.003923  -0.002504  -0.003919  0.999991  0.001417  0.002510  -0.001407  0.999996  1.000000  0.000000  0.000000  0.000000  1.000000  0.000000  0.000000  0.000000  1.000000  1.000000  0.000000  0.000000  0.000000  1.000000  0.000000  0.000000  0.000000  1.000000  0.000059  0.000000  
176.085150 0.002829  0.091509  -0.023722  0.996040  0.032093  -0.082912  -0.031179  0.999438  0.012304  0.083260  -0.009670  0.996481  0.001916  -0.004243  0.006946  0.072260  0.118723  0.192574  2.000000  1.000000  0.000000  0.000000  0.000000  1.000000  0.000000  0.000000  0.000000  1.000000  0.999991  0.003715  -0.002238  -0.003712  0.999992  0.001521  0.002244  -0.001513  0.999996  1.000000  0.000000  0.000000  0.000000  1.000000  0.000000  0.000000  0.000000  1.000000  1.000000  0.000000  0.000000  0.000000  1.000000  0.000000  0.000000  0.000000  1.000000  0.000058  0.000000  
176.086399 0.002831  0.091504  -0.023711  0.996040  0.032093  -0.082912  -0.031179  0.999438  0.012304  0.083260  -0.009670  0.996481  0.001986  -0.004284  0.007130  0.068231  0.110742  0.187164  2.000000  1.000000  0.000000  0.000000  0.000000  1.000000  0.000000  0.000000  0.000000  1.000000  0.999992  0.003506  -0.001839  -0.003504  0.999993  0.001383  0.001844  -0.001377  0.999997  1.000000  0.000000  0.000000  0.000000  1.000000  0.000000  0.000000  0.000000  1.000000  1.000000  0.000000  0.000000  0.000000  1.000000  0.000000  0.000000  0.000000  1.000000  0.000057  0.000000  
176.087646 0.002833  0.091498  -0.023701  0.996051  0.032102  -0.082775  -0.031179  0.999437  0.012421  0.083127  -0.009791  0.996491  0.002040  -0.004322  0.007255  0.067664  0.106301  0.180269  2.000000  1.000000  0.000000  0.000000  0.000000  1.000000  0.000000  0.000000  0.000000  1.000000  0.999994  0.003093  -0.001575  -0.003091  0.999994  0.001348  0.001579  -0.001343  0.999998  1.000000  0.000000  0.000000  0.000000  1.000000  0.000000  0.000000  0.000000  1.000000  1.000000  0.000000  0.000000  0.000000  1.000000  0.000000  0.000000  0.000000  1.000000  0.000055  0.000000  
176.088901 0.002836  0.091491  -0.023690  0.996045  0.032308  -0.082772  -0.031384  0.999430  0.012438  0.083127  -0.009791  0.996491  0.002079  -0.004387  0.007420  0.067094  0.101840  0.173287  2.000000  1.000000  0.000000  0.000000  0.000000  1.000000  0.000000  0.000000  0.000000  1.000000  0.999994  0.003092  -0.001441  -0.003090  0.999994  0.001348  0.001445  -0.001344  0.999998  1.000000  0.000000  0.000000  0.000000  1.000000  0.000000  0.000000  0.000000  1.000000  1.000000  0.000000  0.000000  0.000000  1.000000  0.000000  0.000000  0.000000  1.000000  0.000053  0.000000  
176.090146 0.002838  0.091485  -0.023678  0.996056  0.032307  -0.082639  -0.031384  0.999430  0.012434  0.082993  -0.009791  0.996502  0.002116  -0.004409  0.007633  0.000000  0.000000  0.000000  2.000000  1.000000  0.000000  0.000000  0.000000  1.000000  0.000000  0.000000  0.000000  1.000000  0.999996  0.002679  -0.001178  -0.002678  0.999996  0.001314  0.001181  -0.001311  0.999998  1.000000  0.000000  0.000000  0.000000  1.000000  0.000000  0.000000  0.000000  1.000000  1.000000  0.000000  0.000000  0.000000  1.000000  0.000000  0.000000  0.000000  1.000000  0.000050  0.000000  
176.091396 0.002840  0.091478  -0.023666  0.996060  0.032521  -0.082499  -0.031590  0.999422  0.012568  0.082860  -0.009912  0.996512  0.002108  -0.004422  0.007903  0.000000  0.000000  0.000000  2.000000  1.000000  0.000000  0.000000  0.000000  1.000000  0.000000  0.000000  0.000000  1.000000  0.999996  0.002675  -0.000776  -0.002674  0.999996  0.001192  0.000779  -0.001190  0.999999  1.000000  0.000000  0.000000  0.000000  1.000000  0.000000  0.000000  0.000000  1.000000  1.000000  0.000000  0.000000  0.000000  1.000000  0.000000  0.000000  0.000000  1.000000  0.000000  0.000000  
176.092640 0.002842  0.091472  -0.023652  0.996060  0.032521  -0.082499  -0.031590  0.999422  0.012568  0.082860  -0.009912  0.996512  0.002047  -0.004448  0.008301  0.000000  0.000000  0.000000  2.000000  1.000000  0.000000  0.000000  0.000000  1.000000  0.000000  0.000000  0.000000  1.000000  0.999997  0.002467  -0.000510  -0.002467  0.999996  0.001175  0.000513  -0.001174  0.999999  1.000000  0.000000  0.000000  0.000000  1.000000  0.000000  0.000000  0.000000  1.000000  1.000000  0.000000  0.000000  0.000000  1.000000  0.000000  0.000000  0.000000  1.000000  0.000000  0.000000  
176.093643 0.002843  0.091468  -0.023642  0.996060  0.032521  -0.082499  -0.031590  0.999422  0.012568  0.082860  -0.009912  0.996512  0.002030  -0.004437  0.008557  0.000000  0.000000  0.000000  2.000000  1.000000  0.000000  0.000000  0.000000  1.000000  0.000000  0.000000  0.000000  1.000000  0.999997  0.002259  -0.000245  -0.002259  0.999997  0.001037  0.000247  -0.001036  0.999999  1.000000  0.000000  0.000000  0.000000  1.000000  0.000000  0.000000  0.000000  1.000000  1.000000  0.000000  0.000000  0.000000  1.000000  0.000000  0.000000  0.000000  1.000000  0.000000  0.000000  
176.094644 0.002845  0.091464  -0.023631  0.996065  0.032725  -0.082363  -0.031795  0.999415  0.012580  0.082727  -0.009912  0.996523  0.001999  -0.004435  0.008836  0.000000  0.000000  0.000000  2.000000  1.000000  0.000000  0.000000  0.000000  1.000000  0.000000  0.000000  0.000000  1.000000  0.999998  0.002052  0.000021  -0.002052  0.999997  0.000898  -0.000019  -0.000898  1.000000  1.000000  0.000000  0.000000  0.000000  1.000000  0.000000  0.000000  0.000000  1.000000  1.000000  0.000000  0.000000  0.000000  1.000000  0.000000  0.000000  0.000000  1.000000  0.000000  0.000000  
176.095893 0.002847  0.091458  -0.023619  0.996065  0.032725  -0.082363  -0.031795  0.999415  0.012580  0.082727  -0.009912  0.996523  0.001902  -0.004451  0.009097  0.000000  0.000000  0.000000  2.000000  1.000000  0.000000  0.000000  0.000000  1.000000  0.000000  0.000000  0.000000  1.000000  0.999998  0.002047  0.000422  -0.002048  0.999997  0.000898  -0.000420  -0.000899  1.000000  1.000000  0.000000  0.000000  0.000000  1.000000  0.000000  0.000000  0.000000  1.000000  1.000000  0.000000  0.000000  0.000000  1.000000  0.000000  0.000000  0.000000  1.000000  0.000000  0.000000  
176.096914 0.002848  0.091454  -0.023609  0.996076  0.032724  -0.082230  -0.031796  0.999415  0.012576  0.082593  -0.009912  0.996534  0.001839  -0.004510  0.009278  0.000000  0.000000  0.000000  2.000000  1.000000  0.000000  0.000000  0.000000  1.000000  0.000000  0.000000  0.000000  1.000000  0.999998  0.001840  0.000687  -0.001840  0.999998  0.000760  -0.000686  -0.000761  0.999999  1.000000  0.000000  0.000000  0.000000  1.000000  0.000000  0.000000  0.000000  1.000000  1.000000  0.000000  0.000000  0.000000  1.000000  0.000000  0.000000  0.000000  1.000000  0.000000  0.000000  
176.098151 0.002849  0.091448  -0.023599  0.996080  0.032929  -0.082094  -0.032001  0.999409  0.012589  0.082460  -0.009912  0.996545  0.001678  -0.004586  0.009325  0.000000  0.000000  0.000000  2.000000  1.000000  0.000000  0.000000  0.000000  1.000000  0.000000  0.000000  0.000000  1.000000  0.999998  0.001838  0.000821  -0.001839  0.999998  0.000759  -0.000820  -0.000761  0.999999  1.000000  0.000000  0.000000  0.000000  1.000000  0.000000  0.000000  0.000000  1.000000  1.000000  0.000000  0.000000  0.000000  1.000000  0.000000  0.000000  0.000000  1.000000  0.000000  0.000000  
176.099396 0.002849  0.091442  -0.023589  0.996091  0.032927  -0.081961  -0.032001  0.999409  0.012584  0.082327  -0.009912  0.996556  0.001495  -0.004688  0.009311  0.000000  0.000000  0.000000  2.000000  1.000000  0.000000  0.000000  0.000000  1.000000  0.000000  0.000000  0.000000  1.000000  0.999998  0.001632  0.000953  -0.001632  0.999998  0.000621  -0.000952  -0.000622  0.999999  1.000000  0.000000  0.000000  0.000000  1.000000  0.000000  0.000000  0.000000  1.000000  1.000000  0.000000  0.000000  0.000000  1.000000  0.000000  0.000000  0.000000  1.000000  0.000000  0.000000  
176.100396 0.002850  0.091438  -0.023581  0.996102  0.032926  -0.081828  -0.032002  0.999409  0.012580  0.082193  -0.009913  0.996567  0.001411  -0.004652  0.009300  0.000000  0.000000  0.000000  2.000000  1.000000  0.000000  0.000000  0.000000  1.000000  0.000000  0.000000  0.000000  1.000000  0.999998  0.001425  0.001085  -0.001426  0.999999  0.000604  -0.001084  -0.000605  0.999999  1.000000  0.000000  0.000000  0.000000  1.000000  0.000000  0.000000  0.000000  1.000000  1.000000  0.000000  0.000000  0.000000  1.000000  0.000000  0.000000  0.000000  1.000000  0.000000  0.000000  
176.101646 0.002850  0.091432  -0.023571  0.996107  0.033130  -0.081692  -0.032207  0.999402  0.012593  0.082060  -0.009913  0.996578  0.001240  -0.004729  0.009197  0.000000  0.000000  0.000000  2.000000  1.000000  0.000000  0.000000  0.000000  1.000000  0.000000  0.000000  0.000000  1.000000  0.999998  0.001425  0.001085  -0.001426  0.999999  0.000604  -0.001084  -0.000605  0.999999  1.000000  0.000000  0.000000  0.000000  1.000000  0.000000  0.000000  0.000000  1.000000  1.000000  0.000000  0.000000  0.000000  1.000000  0.000000  0.000000  0.000000  1.000000  0.000000  0.000000  
176.102896 0.002850  0.091426  -0.023561  0.996107  0.033140  -0.081688  -0.032207  0.999400  0.012714  0.082060  -0.010034  0.996577  0.001085  -0.004684  0.009186  0.000000  0.000000  0.000000  2.000000  1.000000  0.000000  0.000000  0.000000  1.000000  0.000000  0.000000  0.000000  1.000000  0.999998  0.001424  0.001219  -0.001425  0.999999  0.000603  -0.001218  -0.000605  0.999999  1.000000  0.000000  0.000000  0.000000  1.000000  0.000000  0.000000  0.000000  1.000000  1.000000  0.000000  0.000000  0.000000  1.000000  0.000000  0.000000  0.000000  1.000000  0.000000  0.000000  
176.104150 0.002850  0.091420  -0.023551  0.996100  0.033346  -0.081685  -0.032412  0.999394  0.012731  0.082060  -0.010034  0.996577  0.000905  -0.004628  0.009113  0.000000  0.000000  0.000000  2.000000  1.000000  0.000000  0.000000  0.000000  1.000000  0.000000  0.000000  0.000000  1.000000  0.999998  0.001424  0.001219  -0.001425  0.999999  0.000603  -0.001218  -0.000605  0.999999  1.000000  0.000000  0.000000  0.000000  1.000000  0.000000  0.000000  0.000000  1.000000  1.000000  0.000000  0.000000  0.000000  1.000000  0.000000  0.000000  0.000000  1.000000  0.000000  0.000000  
176.105151 0.002849  0.091416  -0.023541  0.996111  0.033345  -0.081552  -0.032413  0.999394  0.012726  0.081927  -0.010034  0.996588  0.000756  -0.004603  0.009104  0.000000  0.000000  0.000000  2.000000  1.000000  0.000000  0.000000  0.000000  1.000000  0.000000  0.000000  0.000000  1.000000  0.999998  0.001217  0.001350  -0.001218  0.999999  0.000465  -0.001350  -0.000467  0.999999  1.000000  0.000000  0.000000  0.000000  1.000000  0.000000  0.000000  0.000000  1.000000  1.000000  0.000000  0.000000  0.000000  1.000000  0.000000  0.000000  0.000000  1.000000  0.000000  0.000000  
176.106395 0.002849  0.091410  -0.023531  0.996111  0.033345  -0.081552  -0.032413  0.999394  0.012726  0.081927  -0.010034  0.996588  0.000606  -0.004552  0.009007  0.000000  0.000000  0.000000  2.000000  1.000000  0.000000  0.000000  0.000000  1.000000  0.000000  0.000000  0.000000  1.000000  0.999998  0.001217  0.001350  -0.001218  0.999999  0.000465  -0.001350  -0.000467  0.999999  1.000000  0.000000  0.000000  0.000000  1.000000  0.000000  0.000000  0.000000  1.000000  1.000000  0.000000  0.000000  0.000000  1.000000  0.000000  0.000000  0.000000  1.000000  0.000000  0.000000  
176.107396 0.002849  0.091406  -0.023521  0.996104  0.033550  -0.081549  -0.032618  0.999387  0.012743  0.081927  -0.010034  0.996588  0.000478  -0.004496  0.008877  0.000000  0.000000  0.000000  2.000000  1.000000  0.000000  0.000000  0.000000  1.000000  0.000000  0.000000  0.000000  1.000000  0.999998  0.001424  0.001219  -0.001425  0.999999  0.000482  -0.001218  -0.000484  0.999999  1.000000  0.000000  0.000000  0.000000  1.000000  0.000000  0.000000  0.000000  1.000000  1.000000  0.000000  0.000000  0.000000  1.000000  0.000000  0.000000  0.000000  1.000000  0.000000  0.000000  
176.108642 0.002848  0.091400  -0.023510  0.996115  0.033559  -0.081412  -0.032618  0.999385  0.012860  0.081793  -0.010155  0.996598  0.000319  -0.004517  0.008778  0.000000  0.000000  0.000000  2.000000  1.000000  0.000000  0.000000  0.000000  1.000000  0.000000  0.000000  0.000000  1.000000  0.999998  0.001217  0.001351  -0.001218  0.999999  0.000465  -0.001350  -0.000467  0.999999  1.000000  0.000000  0.000000  0.000000  1.000000  0.000000  0.000000  0.000000  1.000000  1.000000  0.000000  0.000000  0.000000  1.000000  0.000000  0.000000  0.000000  1.000000  0.000000  0.000000  
176.109895 0.002848  0.091395  -0.023499  0.996109  0.033765  -0.081409  -0.032823  0.999378  0.012877  0.081793  -0.010155  0.996598  0.000174  -0.004511  0.008598  0.000000  0.000000  0.000000  2.000000  1.000000  0.000000  0.000000  0.000000  1.000000  0.000000  0.000000  0.000000  1.000000  0.999998  0.001424  0.001219  -0.001424  0.999999  0.000482  -0.001218  -0.000483  0.999999  1.000000  0.000000  0.000000  0.000000  1.000000  0.000000  0.000000  0.000000  1.000000  1.000000  0.000000  0.000000  0.000000  1.000000  0.000000  0.000000  0.000000  1.000000  0.000000  0.000000  
176.111144 0.002848  0.091389  -0.023489  0.996109  0.033755  -0.081413  -0.032823  0.999380  0.012756  0.081793  -0.010034  0.996599  0.000022  -0.004529  0.008476  0.000000  0.000000  0.000000  2.000000  1.000000  0.000000  0.000000  0.000000  1.000000  0.000000  0.000000  0.000000  1.000000  0.999999  0.001220  0.001083  -0.001221  0.999999  0.000344  -0.001082  -0.000345  0.999999  1.000000  0.000000  0.000000  0.000000  1.000000  0.000000  0.000000  0.000000  1.000000  1.000000  0.000000  0.000000  0.000000  1.000000  0.000000  0.000000  0.000000  1.000000  0.000000  0.000000  
176.112146 0.002848  0.091385  -0.023481  0.996102  0.033960  -0.081411  -0.033028  0.999373  0.012772  0.081793  -0.010034  0.996599  -0.000046  -0.004470  0.008455  0.000000  0.000000  0.000000  2.000000  1.000000  0.000000  0.000000  0.000000  1.000000  0.000000  0.000000  0.000000  1.000000  0.999998  0.001425  0.001085  -0.001426  0.999999  0.000239  -0.001085  -0.000241  0.999999  1.000000  0.000000  0.000000  0.000000  1.000000  0.000000  0.000000  0.000000  1.000000  1.000000  0.000000  0.000000  0.000000  1.000000  0.000000  0.000000  0.000000  1.000000  0.000000  0.000000  
176.113394 0.002848  0.091381  -0.023470  0.996102  0.033960  -0.081411  -0.033028  0.999373  0.012772  0.081793  -0.010034  0.996599  -0.000092  -0.004368  0.008464  0.000000  0.000000  0.000000  2.000000  1.000000  0.000000  0.000000  0.000000  1.000000  0.000000  0.000000  0.000000  1.000000  0.999998  0.001425  0.001085  -0.001426  0.999999  0.000239  -0.001085  -0.000241  0.999999  1.000000  0.000000  0.000000  0.000000  1.000000  0.000000  0.000000  0.000000  1.000000  1.000000  0.000000  0.000000  0.000000  1.000000  0.000000  0.000000  0.000000  1.000000  0.000000  0.000000  
176.114396 0.002848  0.091377  -0.023461  0.996102  0.033960  -0.081411  -0.033028  0.999373  0.012772  0.081793  -0.010034  0.996599  -0.000120  -0.004319  0.008487  0.000000  0.000000  0.000000  2.000000  1.000000  0.000000  0.000000  0.000000  1.000000  0.000000  0.000000  0.000000  1.000000  0.999998  0.001425  0.001085  -0.001426  0.999999  0.000239  -0.001085  -0.000241  0.999999  1.000000  0.000000  0.000000  0.000000  1.000000  0.000000  0.000000  0.000000  1.000000  1.000000  0.000000  0.000000  0.000000  1.000000  0.000000  0.000000  0.000000  1.000000  0.000000  0.000000  
176.115396 0.002848  0.091374  -0.023454  0.996095  0.034166  -0.081408  -0.033233  0.999366  0.012789  0.081793  -0.010034  0.996599  -0.000149  -0.004255  0.008469  0.000000  0.000000  0.000000  2.000000  1.000000  0.000000  0.000000  0.000000  1.000000  0.000000  0.000000  0.000000  1.000000  0.999999  0.001427  0.000951  -0.001427  0.999999  0.000239  -0.000951  -0.000241  1.000000  1.000000  0.000000  0.000000  0.000000  1.000000  0.000000  0.000000  0.000000  1.000000  1.000000  0.000000  0.000000  0.000000  1.000000  0.000000  0.000000  0.000000  1.000000  0.000000  0.000000  
176.116654 0.002848  0.091370  -0.023443  0.996095  0.034156  -0.081412  -0.033233  0.999367  0.012668  0.081793  -0.009913  0.996600  -0.000133  -0.004128  0.008557  0.000000  0.000000  0.000000  2.000000  1.000000  0.000000  0.000000  0.000000  1.000000  0.000000  0.000000  0.000000  1.000000  0.999999  0.001428  0.000817  -0.001428  0.999999  0.000118  -0.000817  -0.000119  1.000000  1.000000  0.000000  0.000000  0.000000  1.000000  0.000000  0.000000  0.000000  1.000000  1.000000  0.000000  0.000000  0.000000  1.000000  0.000000  0.000000  0.000000  1.000000  0.000000  0.000000  
176.117900 0.002848  0.091365  -0.023434  0.996099  0.034361  -0.081276  -0.033439  0.999360  0.012680  0.081660  -0.009913  0.996611  -0.000133  -0.004084  0.008465  0.000000  0.000000  0.000000  2.000000  1.000000  0.000000  0.000000  0.000000  1.000000  0.000000  0.000000  0.000000  1.000000  0.999999  0.001428  0.000817  -0.001428  0.999999  0.000118  -0.000817  -0.000119  1.000000  1.000000  0.000000  0.000000  0.000000  1.000000  0.000000  0.000000  0.000000  1.000000  1.000000  0.000000  0.000000  0.000000  1.000000  0.000000  0.000000  0.000000  1.000000  0.000000  0.000000  
176.119144 0.002849  0.091361  -0.023425  0.996092  0.034567  -0.081274  -0.033644  0.999353  0.012697  0.081660  -0.009913  0.996611  -0.000071  -0.003969  0.008366  0.000000  0.000000  0.000000  2.000000  1.000000  0.000000  0.000000  0.000000  1.000000  0.000000  0.000000  0.000000  1.000000  0.999999  0.001429  0.000683  -0.001430  0.999999  0.000118  -0.000683  -0.000119  1.000000  1.000000  0.000000  0.000000  0.000000  1.000000  0.000000  0.000000  0.000000  1.000000  1.000000  0.000000  0.000000  0.000000  1.000000  0.000000  0.000000  0.000000  1.000000  0.000000  0.000000  
176.120400 0.002849  0.091356  -0.023417  0.996092  0.034576  -0.081269  -0.033644  0.999352  0.012818  0.081660  -0.010034  0.996610  -0.000011  -0.003902  0.008168  0.000000  0.000000  0.000000  2.000000  1.000000  0.000000  0.000000  0.000000  1.000000  0.000000  0.000000  0.000000  1.000000  0.999999  0.001636  0.000552  -0.001636  0.999999  0.000256  -0.000551  -0.000257  1.000000  1.000000  0.000000  0.000000  0.000000  1.000000  0.000000  0.000000  0.000000  1.000000  1.000000  0.000000  0.000000  0.000000  1.000000  0.000000  0.000000  0.000000  1.000000  0.000000  0.000000  
176.121646 0.002849  0.091352  -0.023409  0.996085  0.034782  -0.081267  -0.033849  0.999345  0.012835  0.081660  -0.010034  0.996610  0.000038  -0.003796  0.007931  0.000000  0.000000  0.000000  2.000000  1.000000  0.000000  0.000000  0.000000  1.000000  0.000000  0.000000  0.000000  1.000000  0.999999  0.001431  0.000550  -0.001431  0.999999  0.000239  -0.000549  -0.000240  1.000000  1.000000  0.000000  0.000000  0.000000  1.000000  0.000000  0.000000  0.000000  1.000000  1.000000  0.000000  0.000000  0.000000  1.000000  0.000000  0.000000  0.000000  1.000000  0.000000  0.000000  
176.122647 0.002850  0.091348  -0.023402  0.996085  0.034782  -0.081267  -0.033849  0.999345  0.012835  0.081660  -0.010034  0.996610  0.000099  -0.003750  0.007775  0.000000  0.000000  0.000000  2.000000  1.000000  0.000000  0.000000  0.000000  1.000000  0.000000  0.000000  0.000000  1.000000  0.999999  0.001637  0.000418  -0.001637  0.999999  0.000256  -0.000418  -0.000256  1.000000  1.000000  0.000000  0.000000  0.000000  1.000000  0.000000  0.000000  0.000000  1.000000  1.000000  0.000000  0.000000  0.000000  1.000000  0.000000  0.000000  0.000000  1.000000  0.000000  0.000000  
176.123893 0.002850  0.091344  -0.023395  0.996078  0.034988  -0.081264  -0.034054  0.999337  0.012852  0.081660  -0.010034  0.996610  0.000110  -0.003664  0.007551  0.000000  0.000000  0.000000  2.000000  1.000000  0.000000  0.000000  0.000000  1.000000  0.000000  0.000000  0.000000  1.000000  0.999999  0.001432  0.000416  -0.001432  0.999999  0.000118  -0.000416  -0.000118  1.000000  1.000000  0.000000  0.000000  0.000000  1.000000  0.000000  0.000000  0.000000  1.000000  1.000000  0.000000  0.000000  0.000000  1.000000  0.000000  0.000000  0.000000  1.000000  0.000000  0.000000  
176.125144 0.002851  0.091339  -0.023385  0.996089  0.034996  -0.081127  -0.034054  0.999336  0.012968  0.081527  -0.010155  0.996619  0.000191  -0.003594  0.007461  0.000000  0.000000  0.000000  2.000000  1.000000  0.000000  0.000000  0.000000  1.000000  0.000000  0.000000  0.000000  1.000000  0.999999  0.001637  0.000418  -0.001637  0.999999  0.000256  -0.000418  -0.000256  1.000000  1.000000  0.000000  0.000000  0.000000  1.000000  0.000000  0.000000  0.000000  1.000000  1.000000  0.000000  0.000000  0.000000  1.000000  0.000000  0.000000  0.000000  1.000000  0.000000  0.000000  
176.126394 0.002852  0.091336  -0.023375  0.996082  0.035202  -0.081124  -0.034259  0.999329  0.012985  0.081527  -0.010155  0.996619  0.000293  -0.003497  0.007427  0.000000  0.000000  0.000000  2.000000  1.000000  0.000000  0.000000  0.000000  1.000000  0.000000  0.000000  0.000000  1.000000  0.999998  0.001842  0.000420  -0.001843  0.999998  0.000272  -0.000420  -0.000273  1.000000  1.000000  0.000000  0.000000  0.000000  1.000000  0.000000  0.000000  0.000000  1.000000  1.000000  0.000000  0.000000  0.000000  1.000000  0.000000  0.000000  0.000000  1.000000  0.000000  0.000000  
176.127395 0.002853  0.091332  -0.023367  0.996082  0.035202  -0.081124  -0.034259  0.999329  0.012985  0.081527  -0.010155  0.996619  0.000374  -0.003451  0.007387  0.000000  0.000000  0.000000  2.000000  1.000000  0.000000  0.000000  0.000000  1.000000  0.000000  0.000000  0.000000  1.000000  0.999999  0.001637  0.000418  -0.001637  0.999999  0.000256  -0.000418  -0.000256  1.000000  1.000000  0.000000  0.000000  0.000000  1.000000  0.000000  0.000000  0.000000  1.000000  1.000000  0.000000  0.000000  0.000000  1.000000  0.000000  0.000000  0.000000  1.000000  0.000000  0.000000  
