1-Time 2-Px 3-Py 4-Pz 5-R11 6-R21 7-R31 8-R12 9-R22 10-R32 11-R13 12-R23 13-R33 14-Vx 15-Vy 16-Vz 17-Wx 18-Wy 19-Wz 20-state 21-PR11 22-PR21 23-PR31 24-PR12 25-PR22 26-PR32 27-PR13 28-PR23 29-PR33 
186.262686 0.003386  0.091125  -0.007171  0.995772  0.065542  -0.064367  -0.064666  0.997785  0.015606  0.065247  -0.011377  0.997804  0.001078  -0.000342  -0.003119  0.000000  0.000000  0.000000  2.000000  1.000000  0.000000  0.000000  0.000000  1.000000  0.000000  0.000000  0.000000  1.000000  0.999999  0.000012  -0.001070  -0.000012  1.000000  0.000000  0.001070  0.000000  0.999999  1.000000  0.000000  0.000000  0.000000  1.000000  0.000000  0.000000  0.000000  1.000000  0.631600  0.696976  -0.339568  -0.686645  0.706248  0.172432  0.360000  0.124255  0.924641  0.000000  0.000000  
186.263691 0.003386  0.091124  -0.007174  0.995772  0.065542  -0.064367  -0.064666  0.997785  0.015606  0.065247  -0.011377  0.997804  0.001047  -0.000368  -0.003137  0.000000  0.000000  0.000000  2.000000  1.000000  0.000000  0.000000  0.000000  1.000000  0.000000  0.000000  0.000000  1.000000  0.999999  0.000012  -0.001070  -0.000012  1.000000  0.000000  0.001070  0.000000  0.999999  1.000000  0.000000  0.000000  0.000000  1.000000  0.000000  0.000000  0.000000  1.000000  1.000000  0.000000  0.000000  0.000000  1.000000  0.000000  0.000000  0.000000  1.000000  0.000000  0.000000  
186.264695 0.003387  0.091122  -0.007180  0.995727  0.065956  -0.064627  -0.065075  0.997758  0.015650  0.065514  -0.011377  0.997787  0.001013  -0.000485  -0.003325  0.000000  0.000000  0.000000  2.000000  1.000000  0.000000  0.000000  0.000000  1.000000  0.000000  0.000000  0.000000  1.000000  0.999999  0.000218  -0.001068  -0.000218  1.000000  0.000013  0.001068  -0.000013  0.999999  1.000000  0.000000  0.000000  0.000000  1.000000  0.000000  0.000000  0.000000  1.000000  1.000000  0.000000  0.000000  0.000000  1.000000  0.000000  0.000000  0.000000  1.000000  0.000000  0.000000  
186.265697 0.003387  0.091119  -0.007187  0.995705  0.066171  -0.064749  -0.065279  0.997742  0.015793  0.065648  -0.011498  0.997777  0.000938  -0.000682  -0.003574  0.000000  0.000000  0.000000  2.000000  1.000000  0.000000  0.000000  0.000000  1.000000  0.000000  0.000000  0.000000  1.000000  0.999999  0.000632  -0.001331  -0.000631  1.000000  0.000162  0.001331  -0.000161  0.999999  1.000000  0.000000  0.000000  0.000000  1.000000  0.000000  0.000000  0.000000  1.000000  1.000000  0.000000  0.000000  0.000000  1.000000  0.000000  0.000000  0.000000  1.000000  0.000000  0.000000  
186.266945 0.003388  0.091115  -0.007196  0.995665  0.066389  -0.065137  -0.065482  0.997726  0.015953  0.066048  -0.011619  0.997749  0.000906  -0.000934  -0.003876  0.000000  0.000000  0.000000  2.000000  1.000000  0.000000  0.000000  0.000000  1.000000  0.000000  0.000000  0.000000  1.000000  0.999999  0.000839  -0.001462  -0.000838  1.000000  0.000176  0.001462  -0.000174  0.999999  1.000000  0.000000  0.000000  0.000000  1.000000  0.000000  0.000000  0.000000  1.000000  1.000000  0.000000  0.000000  0.000000  1.000000  0.000000  0.000000  0.000000  1.000000  0.000000  0.000000  
186.267950 0.003389  0.091112  -0.007203  0.995643  0.066596  -0.065267  -0.065687  0.997712  0.015976  0.066182  -0.011619  0.997740  0.000913  -0.001105  -0.004111  0.000000  0.000000  0.000000  2.000000  1.000000  0.000000  0.000000  0.000000  1.000000  0.000000  0.000000  0.000000  1.000000  0.999998  0.001047  -0.001727  -0.001047  0.999999  0.000311  0.001728  -0.000309  0.999998  1.000000  0.000000  0.000000  0.000000  1.000000  0.000000  0.000000  0.000000  1.000000  1.000000  0.000000  0.000000  0.000000  1.000000  0.000000  0.000000  0.000000  1.000000  0.000000  0.000000  
186.269195 0.003391  0.091108  -0.007212  0.995603  0.066814  -0.065656  -0.065890  0.997696  0.016136  0.066582  -0.011739  0.997712  0.000958  -0.001364  -0.004486  0.000000  0.000000  0.000000  2.000000  1.000000  0.000000  0.000000  0.000000  1.000000  0.000000  0.000000  0.000000  1.000000  0.999997  0.001255  -0.001858  -0.001254  0.999999  0.000446  0.001859  -0.000444  0.999998  1.000000  0.000000  0.000000  0.000000  1.000000  0.000000  0.000000  0.000000  1.000000  1.000000  0.000000  0.000000  0.000000  1.000000  0.000000  0.000000  0.000000  1.000000  0.000000  0.000000  
186.270198 0.003393  0.091105  -0.007219  0.995558  0.067236  -0.065907  -0.066299  0.997667  0.016302  0.066849  -0.011860  0.997693  0.001030  -0.001539  -0.004760  0.000000  0.000000  0.000000  2.000000  1.000000  0.000000  0.000000  0.000000  1.000000  0.000000  0.000000  0.000000  1.000000  0.999996  0.001670  -0.002255  -0.001669  0.999998  0.000474  0.002256  -0.000470  0.999997  1.000000  0.000000  0.000000  0.000000  1.000000  0.000000  0.000000  0.000000  1.000000  1.000000  0.000000  0.000000  0.000000  1.000000  0.000000  0.000000  0.000000  1.000000  0.000000  0.000000  
186.271443 0.003395  0.091101  -0.007228  0.995490  0.067856  -0.066297  -0.066912  0.997625  0.016370  0.067250  -0.011860  0.997666  0.001054  -0.001772  -0.005112  0.000000  0.000000  0.000000  2.000000  1.000000  0.000000  0.000000  0.000000  1.000000  0.000000  0.000000  0.000000  1.000000  0.999994  0.002290  -0.002515  -0.002288  0.999997  0.000637  0.002516  -0.000632  0.999997  1.000000  0.000000  0.000000  0.000000  1.000000  0.000000  0.000000  0.000000  1.000000  1.000000  0.000000  0.000000  0.000000  1.000000  0.000000  0.000000  0.000000  1.000000  0.000000  0.000000  
186.272446 0.003397  0.091098  -0.007236  0.995430  0.068476  -0.066553  -0.067525  0.997582  0.016429  0.067517  -0.011860  0.997648  0.001108  -0.001977  -0.005441  0.000000  0.000000  0.000000  2.000000  1.000000  0.000000  0.000000  0.000000  1.000000  0.000000  0.000000  0.000000  1.000000  0.999992  0.002704  -0.002778  -0.002702  0.999996  0.000666  0.002779  -0.000658  0.999996  1.000000  0.000000  0.000000  0.000000  1.000000  0.000000  0.000000  0.000000  1.000000  1.000000  0.000000  0.000000  0.000000  1.000000  0.000000  0.000000  0.000000  1.000000  0.000000  0.000000  
186.273696 0.003398  0.091093  -0.007248  0.995352  0.069098  -0.067075  -0.068138  0.997539  0.016506  0.068051  -0.011859  0.997611  0.001150  -0.002206  -0.006003  0.000000  0.000000  0.000000  2.000000  1.000000  0.000000  0.000000  0.000000  1.000000  0.000000  0.000000  0.000000  1.000000  0.999990  0.003323  -0.003038  -0.003321  0.999994  0.000709  0.003040  -0.000699  0.999995  1.000000  0.000000  0.000000  0.000000  1.000000  0.000000  0.000000  0.000000  1.000000  1.000000  0.000000  0.000000  0.000000  1.000000  0.000000  0.000000  0.000000  1.000000  0.000000  0.000000  
186.274944 0.003400  0.091090  -0.007262  0.995297  0.069514  -0.067468  -0.068546  0.997511  0.016561  0.068451  -0.011859  0.997584  0.001165  -0.002442  -0.006632  0.000000  0.000000  0.000000  2.000000  1.000000  0.000000  0.000000  0.000000  1.000000  0.000000  0.000000  0.000000  1.000000  0.999986  0.003944  -0.003432  -0.003942  0.999992  0.000752  0.003435  -0.000739  0.999994  1.000000  0.000000  0.000000  0.000000  1.000000  0.000000  0.000000  0.000000  1.000000  1.000000  0.000000  0.000000  0.000000  1.000000  0.000000  0.000000  0.000000  1.000000  0.000000  0.000000  
186.275945 0.003402  0.091087  -0.007272  0.995227  0.070134  -0.067857  -0.069158  0.997467  0.016631  0.068852  -0.011859  0.997556  0.001229  -0.002620  -0.007182  0.000000  0.000000  0.000000  2.000000  1.000000  0.000000  0.000000  0.000000  1.000000  0.000000  0.000000  0.000000  1.000000  0.999983  0.004360  -0.003828  -0.004357  0.999990  0.000783  0.003831  -0.000766  0.999992  1.000000  0.000000  0.000000  0.000000  1.000000  0.000000  0.000000  0.000000  1.000000  1.000000  0.000000  0.000000  0.000000  1.000000  0.000000  0.000000  0.000000  1.000000  0.000000  0.000000  
186.277196 0.003404  0.091083  -0.007286  0.995138  0.070750  -0.068521  -0.069770  0.997425  0.016598  0.069519  -0.011737  0.997512  0.001278  -0.002885  -0.007868  0.023810  0.168823  0.174510  2.000000  1.000000  0.000000  0.000000  0.000000  1.000000  0.000000  0.000000  0.000000  1.000000  0.999978  0.004983  -0.004356  -0.004979  0.999987  0.000828  0.004360  -0.000806  0.999990  1.000000  0.000000  0.000000  0.000000  1.000000  0.000000  0.000000  0.000000  1.000000  1.000000  0.000000  0.000000  0.000000  1.000000  0.000000  0.000000  0.000000  1.000000  0.000000  0.000000  
186.278442 0.003406  0.091078  -0.007302  0.995048  0.071374  -0.069177  -0.070381  0.997381  0.016688  0.070187  -0.011737  0.997465  0.001359  -0.003140  -0.008673  0.025280  0.186585  0.195439  2.000000  1.000000  0.000343  0.000116  -0.000343  1.000000  0.000036  -0.000116  -0.000036  1.000000  0.999972  0.005606  -0.005018  -0.005602  0.999984  0.000753  0.005022  -0.000725  0.999987  1.000000  0.000089  0.000029  -0.000089  1.000000  0.000009  -0.000029  -0.000009  1.000000  1.000000  0.000343  0.000116  -0.000343  1.000000  0.000036  -0.000116  -0.000036  1.000000  0.000066  0.007560  
186.279442 0.003408  0.091074  -0.007315  0.994976  0.071995  -0.069566  -0.070994  0.997336  0.016759  0.070587  -0.011736  0.997437  0.001432  -0.003294  -0.009132  0.026726  0.199863  0.216330  2.000000  1.000000  0.000718  0.000247  -0.000718  1.000000  0.000075  -0.000247  -0.000075  1.000000  0.999967  0.006226  -0.005278  -0.006221  0.999980  0.000799  0.005283  -0.000766  0.999986  1.000000  0.000096  0.000034  -0.000096  1.000000  0.000010  -0.000034  -0.000010  1.000000  1.000000  0.000718  0.000247  -0.000718  1.000000  0.000075  -0.000247  -0.000075  1.000000  0.000072  0.008199  
186.280690 0.003411  0.091068  -0.007331  0.994885  0.072618  -0.070221  -0.071605  0.997291  0.016850  0.071254  -0.011736  0.997389  0.001638  -0.003393  -0.009627  0.028223  0.217605  0.237237  2.000000  0.999999  0.001233  0.000429  -0.001233  0.999999  0.000125  -0.000429  -0.000126  1.000000  0.999959  0.006850  -0.005939  -0.006845  0.999976  0.000847  0.005945  -0.000806  0.999982  1.000000  0.000107  0.000037  -0.000107  1.000000  0.000010  -0.000037  -0.000010  1.000000  0.999999  0.001233  0.000429  -0.001233  0.999999  0.000125  -0.000429  -0.000126  1.000000  0.000079  0.009104  
186.281940 0.003415  0.091063  -0.007347  0.994802  0.073241  -0.070743  -0.072216  0.997245  0.016932  0.071788  -0.011735  0.997351  0.001780  -0.003487  -0.010078  0.029705  0.235374  0.258173  2.000000  0.999998  0.001801  0.000631  -0.001801  0.999998  0.000179  -0.000631  -0.000180  1.000000  0.999950  0.007678  -0.006464  -0.007672  0.999970  0.000910  0.006471  -0.000860  0.999979  1.000000  0.000118  0.000043  -0.000118  1.000000  0.000011  -0.000043  -0.000011  1.000000  0.999998  0.001801  0.000631  -0.001801  0.999998  0.000179  -0.000631  -0.000180  1.000000  0.000087  0.010076  
186.282951 0.003417  0.091058  -0.007358  0.994719  0.073863  -0.071265  -0.072828  0.997199  0.017015  0.072322  -0.011735  0.997312  0.001857  -0.003635  -0.010415  0.031201  0.248521  0.278917  2.000000  0.999997  0.002288  0.000808  -0.002288  0.999997  0.000224  -0.000808  -0.000226  1.000000  0.999944  0.008093  -0.006860  -0.008087  0.999967  0.000943  0.006868  -0.000888  0.999976  1.000000  0.000125  0.000045  -0.000125  1.000000  0.000011  -0.000045  -0.000011  1.000000  0.999997  0.002288  0.000808  -0.002288  0.999997  0.000224  -0.000808  -0.000226  1.000000  0.000093  0.010649  
186.284193 0.003422  0.091050  -0.007373  0.994625  0.074486  -0.071920  -0.073439  0.997153  0.017108  0.072989  -0.011734  0.997264  0.002041  -0.003818  -0.010709  0.032729  0.270805  0.299924  2.000000  0.999996  0.002819  0.000999  -0.002819  0.999996  0.000271  -0.000998  -0.000274  0.999999  0.999932  0.008923  -0.007519  -0.008915  0.999960  0.001009  0.007528  -0.000942  0.999971  1.000000  0.000137  0.000050  -0.000137  1.000000  0.000012  -0.000050  -0.000012  1.000000  0.999996  0.002819  0.000999  -0.002819  0.999996  0.000271  -0.000998  -0.000274  0.999999  0.000101  0.011709  
186.285446 0.003426  0.091043  -0.007388  0.994515  0.075315  -0.072571  -0.074254  0.997091  0.017217  0.073656  -0.011734  0.997215  0.002168  -0.004103  -0.011140  0.034764  0.288444  0.327701  2.000000  0.999993  0.003523  0.001245  -0.003524  0.999994  0.000332  -0.001244  -0.000336  0.999999  0.999927  0.009133  -0.007918  -0.009125  0.999958  0.001030  0.007927  -0.000957  0.999968  1.000000  0.000143  0.000049  -0.000143  1.000000  0.000012  -0.000049  -0.000012  1.000000  0.999993  0.003523  0.001245  -0.003524  0.999994  0.000332  -0.001244  -0.000336  0.999999  0.000109  0.012128  
186.286696 0.003430  0.091034  -0.007405  0.994420  0.075939  -0.073225  -0.074865  0.997043  0.017312  0.074323  -0.011733  0.997165  0.002282  -0.004463  -0.011764  0.036316  0.310669  0.348641  2.000000  0.999990  0.004119  0.001449  -0.004120  0.999991  0.000376  -0.001448  -0.000382  0.999999  0.999919  0.009550  -0.008448  -0.009542  0.999954  0.000945  0.008457  -0.000864  0.999964  1.000000  0.000151  0.000051  -0.000151  1.000000  0.000011  -0.000051  -0.000011  1.000000  0.999990  0.004119  0.001449  -0.004120  0.999991  0.000376  -0.001448  -0.000382  0.999999  0.000116  0.012782  
186.287697 0.003433  0.091026  -0.007420  0.994339  0.076357  -0.073883  -0.075270  0.997011  0.017392  0.074991  -0.011732  0.997115  0.002408  -0.004697  -0.012125  0.037399  0.332976  0.362683  2.000000  0.999987  0.004737  0.001659  -0.004738  0.999989  0.000421  -0.001657  -0.000429  0.999999  0.999911  0.009965  -0.008844  -0.009957  0.999950  0.000982  0.008853  -0.000894  0.999960  1.000000  0.000158  0.000053  -0.000158  1.000000  0.000012  -0.000053  -0.000012  1.000000  0.999987  0.004737  0.001659  -0.004738  0.999989  0.000421  -0.001657  -0.000429  0.999999  0.000123  0.013357  
186.288946 0.003437  0.091016  -0.007438  0.994242  0.076981  -0.074538  -0.075881  0.996964  0.017488  0.075658  -0.011732  0.997065  0.002570  -0.005085  -0.012531  0.039005  0.350730  0.383595  2.000000  0.999983  0.005543  0.001922  -0.005544  0.999985  0.000472  -0.001919  -0.000482  0.999998  0.999906  0.010175  -0.009243  -0.010167  0.999948  0.000883  0.009251  -0.000789  0.999957  1.000000  0.000164  0.000052  -0.000164  1.000000  0.000010  -0.000052  -0.000010  1.000000  0.999983  0.005543  0.001922  -0.005544  0.999985  0.000472  -0.001919  -0.000482  0.999998  0.000129  0.013772  
186.289947 0.003441  0.091009  -0.007454  0.994171  0.077389  -0.075072  -0.076287  0.996933  0.017439  0.076191  -0.011610  0.997026  0.002718  -0.005386  -0.012853  0.036012  0.368608  0.397608  2.000000  0.999978  0.006210  0.002139  -0.006211  0.999981  0.000509  -0.002136  -0.000522  0.999998  0.999899  0.010589  -0.009505  -0.010581  0.999944  0.000798  0.009513  -0.000698  0.999955  1.000000  0.000169  0.000055  -0.000169  1.000000  0.000009  -0.000055  -0.000009  1.000000  0.999978  0.006210  0.002139  -0.006211  0.999981  0.000509  -0.002136  -0.000522  0.999998  0.000136  0.014249  
186.290948 0.003445  0.091001  -0.007469  0.994093  0.078009  -0.075460  -0.076898  0.996885  0.017516  0.076592  -0.011610  0.996995  0.002883  -0.005738  -0.013164  0.037555  0.381789  0.418385  2.000000  0.999974  0.006885  0.002361  -0.006886  0.999976  0.000537  -0.002357  -0.000553  0.999997  0.999899  0.010587  -0.009507  -0.010582  0.999944  0.000560  0.009512  -0.000459  0.999955  1.000000  0.000169  0.000055  -0.000169  1.000000  0.000006  -0.000055  -0.000006  1.000000  0.999974  0.006885  0.002361  -0.006886  0.999976  0.000537  -0.002357  -0.000553  0.999997  0.000141  0.014239  
186.292194 0.003451  0.090993  -0.007487  0.994004  0.078622  -0.075991  -0.077509  0.996838  0.017483  0.077125  -0.011489  0.996955  0.003102  -0.006008  -0.013401  0.035101  0.395129  0.439278  2.000000  0.999967  0.007737  0.002636  -0.007739  0.999970  0.000567  -0.002631  -0.000588  0.999996  0.999897  0.010588  -0.009640  -0.010583  0.999944  0.000566  0.009646  -0.000464  0.999953  1.000000  0.000171  0.000054  -0.000171  1.000000  0.000006  -0.000054  -0.000006  1.000000  0.999967  0.007737  0.002636  -0.007739  0.999970  0.000567  -0.002631  -0.000588  0.999996  0.000147  0.014329  
186.293197 0.003455  0.090986  -0.007501  0.993941  0.079037  -0.076383  -0.077916  0.996806  0.017546  0.077525  -0.011488  0.996924  0.003272  -0.006265  -0.013461  0.035887  0.405190  0.449600  2.000000  0.999960  0.008425  0.002850  -0.008427  0.999964  0.000586  -0.002845  -0.000610  0.999996  0.999895  0.010590  -0.009909  -0.010586  0.999944  0.000450  0.009913  -0.000345  0.999951  1.000000  0.000173  0.000053  -0.000173  1.000000  0.000005  -0.000053  -0.000005  1.000000  0.999960  0.008425  0.002850  -0.008427  0.999964  0.000586  -0.002845  -0.000610  0.999996  0.000153  0.014509  
186.294439 0.003459  0.090977  -0.007518  0.993867  0.079444  -0.076917  -0.078322  0.996775  0.017498  0.078059  -0.011367  0.996884  0.003415  -0.006409  -0.013498  0.032489  0.418574  0.456623  2.000000  0.999954  0.009119  0.003060  -0.009121  0.999958  0.000599  -0.003055  -0.000627  0.999995  0.999895  0.010589  -0.009910  -0.010586  0.999944  0.000333  0.009913  -0.000228  0.999951  1.000000  0.000173  0.000053  -0.000173  1.000000  0.000004  -0.000053  -0.000004  1.000000  0.999954  0.009119  0.003060  -0.009121  0.999958  0.000599  -0.003055  -0.000627  0.999995  0.000157  0.014506  
186.295440 0.003464  0.090972  -0.007530  0.993804  0.079849  -0.077318  -0.078729  0.996743  0.017441  0.078459  -0.011246  0.996854  0.003553  -0.006542  -0.013478  0.024550  0.422995  0.456620  2.000000  0.999947  0.009812  0.003263  -0.009814  0.999952  0.000608  -0.003257  -0.000640  0.999994  0.999897  0.010382  -0.009914  -0.010380  0.999946  0.000200  0.009916  -0.000097  0.999951  1.000000  0.000172  0.000050  -0.000172  1.000000  0.000002  -0.000050  -0.000002  1.000000  0.999947  0.009812  0.003263  -0.009814  0.999952  0.000608  -0.003257  -0.000640  0.999994  0.000157  0.014356  
186.296690 0.003469  0.090964  -0.007545  0.993729  0.080256  -0.077853  -0.079135  0.996712  0.017394  0.078993  -0.011124  0.996813  0.003716  -0.006690  -0.013465  0.021186  0.431873  0.463536  2.000000  0.999937  0.010677  0.003513  -0.010680  0.999943  0.000613  -0.003506  -0.000651  0.999994  0.999897  0.010380  -0.009915  -0.010380  0.999946  0.000084  0.009916  0.000019  0.999951  1.000000  0.000172  0.000050  -0.000172  1.000000  0.000000  -0.000050  -0.000000  1.000000  0.999937  0.010677  0.003513  -0.010680  0.999943  0.000613  -0.003506  -0.000651  0.999994  0.000159  0.014355  
186.297693 0.003473  0.090957  -0.007557  0.993676  0.080660  -0.078121  -0.079542  0.996681  0.017327  0.079259  -0.011003  0.996793  0.003741  -0.006800  -0.013498  0.013721  0.431807  0.470384  2.000000  0.999929  0.011365  0.003709  -0.011367  0.999935  0.000612  -0.003702  -0.000654  0.999993  0.999897  0.010380  -0.009915  -0.010380  0.999946  0.000088  0.009916  0.000015  0.999951  1.000000  0.000172  0.000050  -0.000172  1.000000  0.000000  -0.000050  -0.000000  1.000000  0.999929  0.011365  0.003709  -0.011367  0.999935  0.000612  -0.003702  -0.000654  0.999993  0.000161  0.014355  
186.298940 0.003476  0.090948  -0.007573  0.993611  0.081066  -0.078523  -0.079949  0.996649  0.017270  0.079660  -0.010882  0.996763  0.003724  -0.006951  -0.013537  0.006292  0.436244  0.477328  2.000000  0.999918  0.012199  0.003946  -0.012201  0.999925  0.000609  -0.003939  -0.000657  0.999992  0.999905  0.009963  -0.009520  -0.009963  0.999950  0.000059  0.009520  0.000035  0.999955  1.000000  0.000165  0.000048  -0.000165  1.000000  0.000000  -0.000048  -0.000000  1.000000  0.999918  0.012199  0.003946  -0.012201  0.999925  0.000609  -0.003939  -0.000657  0.999992  0.000163  0.013781  
186.299945 0.003479  0.090940  -0.007585  0.993546  0.081480  -0.078914  -0.080355  0.996616  0.017335  0.080060  -0.010881  0.996731  0.003677  -0.007048  -0.013554  0.002458  0.439832  0.481298  2.000000  0.999911  0.012691  0.004085  -0.012694  0.999919  0.000602  -0.004077  -0.000654  0.999991  0.999907  0.009756  -0.009524  -0.009758  0.999952  -0.000076  0.009522  0.000169  0.999955  1.000000  0.000164  0.000046  -0.000164  1.000000  -0.000002  -0.000046  0.000002  1.000000  0.999911  0.012691  0.004085  -0.012694  0.999919  0.000602  -0.004077  -0.000654  0.999991  0.000163  0.013635  
186.300946 0.003481  0.090931  -0.007598  0.993508  0.081679  -0.079186  -0.080558  0.996601  0.017251  0.080326  -0.010760  0.996711  0.003562  -0.007205  -0.013597  -0.002482  0.435474  0.467355  2.000000  0.999902  0.013338  0.004265  -0.013340  0.999911  0.000589  -0.004257  -0.000646  0.999991  0.999912  0.009547  -0.009260  -0.009549  0.999954  -0.000211  0.009257  0.000299  0.999957  1.000000  0.000160  0.000045  -0.000160  1.000000  -0.000003  -0.000045  0.000003  1.000000  0.999902  0.013338  0.004265  -0.013340  0.999911  0.000589  -0.004257  -0.000646  0.999991  0.000163  0.013302  
186.301947 0.003483  0.090923  -0.007611  0.993453  0.082082  -0.079455  -0.080965  0.996569  0.017185  0.080593  -0.010639  0.996690  0.003461  -0.007283  -0.013468  -0.006434  0.435428  0.467240  2.000000  0.999895  0.013815  0.004397  -0.013818  0.999904  0.000574  -0.004389  -0.000635  0.999990  0.999913  0.009340  -0.009263  -0.009344  0.999956  -0.000345  0.009260  0.000432  0.999957  1.000000  0.000159  0.000043  -0.000159  1.000000  -0.000005  -0.000043  0.000005  1.000000  0.999895  0.013815  0.004397  -0.013818  0.999904  0.000574  -0.004389  -0.000635  0.999990  0.000160  0.013161  
186.303196 0.003486  0.090913  -0.007625  0.993398  0.082486  -0.079724  -0.081373  0.996537  0.017118  0.080860  -0.010518  0.996670  0.003432  -0.007278  -0.013153  -0.010303  0.431940  0.463432  2.000000  0.999883  0.014596  0.004614  -0.014598  0.999893  0.000542  -0.004606  -0.000609  0.999989  0.999918  0.009130  -0.008999  -0.009135  0.999958  -0.000480  0.008994  0.000563  0.999959  1.000000  0.000154  0.000043  -0.000154  1.000000  -0.000007  -0.000043  0.000007  1.000000  0.999883  0.014596  0.004614  -0.014598  0.999893  0.000542  -0.004606  -0.000609  0.999989  0.000158  0.012831  
186.304446 0.003488  0.090903  -0.007638  0.993343  0.082889  -0.079993  -0.081780  0.996505  0.017052  0.081127  -0.010397  0.996650  0.003294  -0.007289  -0.012799  -0.015311  0.426643  0.453262  2.000000  0.999871  0.015347  0.004827  -0.015350  0.999882  0.000501  -0.004819  -0.000575  0.999988  0.999926  0.008712  -0.008470  -0.008718  0.999962  -0.000633  0.008464  0.000707  0.999964  1.000000  0.000146  0.000041  -0.000146  1.000000  -0.000008  -0.000041  0.000008  1.000000  0.999871  0.015347  0.004827  -0.015350  0.999882  0.000501  -0.004819  -0.000575  0.999988  0.000156  0.012170  
186.305695 0.003490  0.090894  -0.007652  0.993288  0.083292  -0.080262  -0.082187  0.996472  0.016986  0.081393  -0.010276  0.996629  0.003101  -0.007327  -0.012456  -0.019731  0.417820  0.446292  2.000000  0.999858  0.016058  0.005033  -0.016061  0.999871  0.000449  -0.005025  -0.000530  0.999987  0.999933  0.008296  -0.008074  -0.008303  0.999965  -0.000785  0.008067  0.000852  0.999967  1.000000  0.000139  0.000039  -0.000139  1.000000  -0.000010  -0.000039  0.000010  1.000000  0.999858  0.016058  0.005033  -0.016061  0.999871  0.000449  -0.005025  -0.000530  0.999987  0.000155  0.011606  
186.306697 0.003491  0.090885  -0.007663  0.993260  0.083489  -0.080401  -0.082391  0.996457  0.016893  0.081527  -0.010155  0.996619  0.002856  -0.007395  -0.012136  -0.024179  0.404375  0.439145  2.000000  0.999849  0.016602  0.005197  -0.016605  0.999862  0.000401  -0.005189  -0.000487  0.999986  0.999939  0.008084  -0.007542  -0.008091  0.999967  -0.000922  0.007534  0.000983  0.999971  1.000000  0.000132  0.000040  -0.000132  1.000000  -0.000012  -0.000040  0.000012  1.000000  0.999849  0.016602  0.005197  -0.016605  0.999862  0.000401  -0.005189  -0.000487  0.999986  0.000152  0.011097  
186.307942 0.003493  0.090875  -0.007677  0.993215  0.083881  -0.080547  -0.082799  0.996426  0.016695  0.081660  -0.009913  0.996611  0.002586  -0.007501  -0.011933  -0.028612  0.386631  0.432061  2.000000  0.999837  0.017239  0.005396  -0.017241  0.999851  0.000331  -0.005390  -0.000424  0.999985  0.999944  0.007872  -0.007010  -0.007880  0.999968  -0.001059  0.007001  0.001115  0.999975  1.000000  0.000125  0.000041  -0.000125  1.000000  -0.000014  -0.000041  0.000014  1.000000  0.999837  0.017239  0.005396  -0.017241  0.999851  0.000331  -0.005390  -0.000424  0.999985  0.000148  0.010597  
186.309198 0.003493  0.090865  -0.007692  0.993170  0.084283  -0.080684  -0.083207  0.996394  0.016619  0.081793  -0.009792  0.996601  0.002264  -0.007652  -0.011786  -0.033593  0.373221  0.417976  2.000000  0.999828  0.017720  0.005563  -0.017722  0.999843  0.000266  -0.005558  -0.000364  0.999984  0.999950  0.007660  -0.006479  -0.007668  0.999970  -0.001318  0.006468  0.001367  0.999978  1.000000  0.000118  0.000043  -0.000118  1.000000  -0.000017  -0.000043  0.000017  1.000000  0.999828  0.017720  0.005563  -0.017722  0.999843  0.000266  -0.005558  -0.000364  0.999984  0.000143  0.010122  
186.310441 0.003492  0.090854  -0.007707  0.993125  0.084685  -0.080820  -0.083615  0.996361  0.016542  0.081927  -0.009671  0.996591  0.001857  -0.007874  -0.011762  -0.038039  0.355389  0.410911  2.000000  0.999816  0.018294  0.005783  -0.018296  0.999833  0.000175  -0.005779  -0.000281  0.999983  0.999953  0.007653  -0.005945  -0.007662  0.999970  -0.001438  0.005933  0.001484  0.999981  1.000000  0.000112  0.000046  -0.000112  1.000000  -0.000018  -0.000046  0.000018  1.000000  0.999816  0.018294  0.005783  -0.018296  0.999833  0.000175  -0.005779  -0.000281  0.999983  0.000139  0.009800  
186.311690 0.003492  0.090843  -0.007723  0.993090  0.085085  -0.080823  -0.084024  0.996328  0.016455  0.081927  -0.009550  0.996593  0.001484  -0.008061  -0.011869  -0.042212  0.339159  0.400490  2.000000  0.999805  0.018830  0.006010  -0.018831  0.999823  0.000080  -0.006007  -0.000193  0.999982  0.999958  0.007442  -0.005412  -0.007450  0.999971  -0.001455  0.005401  0.001495  0.999984  1.000000  0.000105  0.000047  -0.000105  1.000000  -0.000018  -0.000047  0.000018  1.000000  0.999805  0.018830  0.006010  -0.018831  0.999823  0.000080  -0.006007  -0.000193  0.999982  0.000134  0.009319  
186.312692 0.003490  0.090834  -0.007736  0.993045  0.085477  -0.080970  -0.084432  0.996297  0.016258  0.082060  -0.009308  0.996584  0.001166  -0.008185  -0.011920  -0.050172  0.325868  0.400345  2.000000  0.999796  0.019233  0.006191  -0.019233  0.999815  -0.000003  -0.006190  -0.000117  0.999981  0.999963  0.007027  -0.005016  -0.007035  0.999974  -0.001609  0.005005  0.001644  0.999986  1.000000  0.000098  0.000045  -0.000098  1.000000  -0.000020  -0.000045  0.000020  1.000000  0.999796  0.019233  0.006191  -0.019233  0.999815  -0.000003  -0.006190  -0.000117  0.999981  0.000130  0.008785  
186.313693 0.003489  0.090825  -0.007749  0.993027  0.085672  -0.080977  -0.084636  0.996281  0.016154  0.082060  -0.009187  0.996585  0.000836  -0.008307  -0.011987  -0.056147  0.306364  0.382748  2.000000  0.999787  0.019618  0.006373  -0.019617  0.999808  -0.000089  -0.006374  -0.000036  0.999980  0.999965  0.007022  -0.004616  -0.007029  0.999974  -0.001609  0.004604  0.001641  0.999988  1.000000  0.000094  0.000047  -0.000094  1.000000  -0.000020  -0.000047  0.000020  1.000000  0.999787  0.019618  0.006373  -0.019617  0.999808  -0.000089  -0.006374  -0.000036  0.999980  0.000127  0.008559  
186.314696 0.003486  0.090816  -0.007762  0.993010  0.085868  -0.080984  -0.084840  0.996265  0.016049  0.082060  -0.009066  0.996586  0.000531  -0.008357  -0.011987  -0.060653  0.288433  0.375588  2.000000  0.999779  0.019975  0.006559  -0.019974  0.999800  -0.000178  -0.006561  0.000047  0.999978  0.999968  0.006811  -0.004083  -0.006818  0.999975  -0.001626  0.004072  0.001654  0.999990  1.000000  0.000087  0.000048  -0.000087  1.000000  -0.000021  -0.000048  0.000020  1.000000  0.999779  0.019975  0.006559  -0.019974  0.999800  -0.000178  -0.006561  0.000047  0.999978  0.000122  0.008109  
186.315698 0.003484  0.090808  -0.007774  0.992975  0.086268  -0.080988  -0.085249  0.996232  0.015962  0.082060  -0.008946  0.996587  0.000198  -0.008370  -0.011932  -0.065208  0.270694  0.368689  2.000000  0.999771  0.020311  0.006751  -0.020310  0.999794  -0.000269  -0.006755  0.000131  0.999977  0.999970  0.006807  -0.003683  -0.006813  0.999975  -0.001626  0.003672  0.001651  0.999992  1.000000  0.000082  0.000051  -0.000082  1.000000  -0.000020  -0.000051  0.000020  1.000000  0.999771  0.020311  0.006751  -0.020310  0.999794  -0.000269  -0.006755  0.000131  0.999977  0.000118  0.007911  
186.316947 0.003480  0.090797  -0.007789  0.992939  0.086668  -0.080992  -0.085658  0.996198  0.015874  0.082060  -0.008825  0.996588  -0.000211  -0.008413  -0.011887  -0.069117  0.250558  0.358386  2.000000  0.999763  0.020633  0.006957  -0.020631  0.999787  -0.000362  -0.006963  0.000219  0.999976  0.999971  0.006802  -0.003283  -0.006808  0.999975  -0.001869  0.003270  0.001891  0.999993  1.000000  0.000078  0.000053  -0.000078  1.000000  -0.000023  -0.000053  0.000023  1.000000  0.999763  0.020633  0.006957  -0.020631  0.999787  -0.000362  -0.006963  0.000219  0.999976  0.000113  0.007783  
186.317948 0.003477  0.090789  -0.007800  0.992904  0.087069  -0.080996  -0.086067  0.996164  0.015787  0.082060  -0.008704  0.996589  -0.000572  -0.008380  -0.011850  -0.073038  0.228269  0.358118  2.000000  0.999755  0.020937  0.007170  -0.020934  0.999781  -0.000458  -0.007178  0.000308  0.999974  0.999974  0.006594  -0.003018  -0.006600  0.999976  -0.001885  0.003006  0.001905  0.999994  1.000000  0.000074  0.000053  -0.000074  1.000000  -0.000024  -0.000053  0.000024  1.000000  0.999755  0.020937  0.007170  -0.020934  0.999781  -0.000458  -0.007178  0.000308  0.999974  0.000109  0.007495  
186.319196 0.003473  0.090779  -0.007814  0.992897  0.087263  -0.080871  -0.086272  0.996148  0.015671  0.081927  -0.008583  0.996601  -0.001055  -0.008460  -0.011943  -0.078700  0.198864  0.346978  2.000000  0.999746  0.021292  0.007444  -0.021288  0.999773  -0.000580  -0.007455  0.000421  0.999972  0.999975  0.006589  -0.002484  -0.006593  0.999976  -0.001885  0.002471  0.001902  0.999995  1.000000  0.000068  0.000056  -0.000068  1.000000  -0.000024  -0.000056  0.000024  1.000000  0.999746  0.021292  0.007444  -0.021288  0.999773  -0.000580  -0.007455  0.000421  0.999972  0.000105  0.007291  
186.320197 0.003469  0.090771  -0.007826  0.992880  0.087458  -0.080878  -0.086477  0.996132  0.015567  0.081927  -0.008462  0.996602  -0.001431  -0.008459  -0.012005  -0.079715  0.185526  0.332968  2.000000  0.999738  0.021549  0.007668  -0.021544  0.999768  -0.000682  -0.007681  0.000516  0.999970  0.999978  0.006378  -0.001951  -0.006382  0.999978  -0.001903  0.001939  0.001916  0.999996  1.000000  0.000061  0.000057  -0.000061  1.000000  -0.000024  -0.000057  0.000024  1.000000  0.999738  0.021549  0.007668  -0.021544  0.999768  -0.000682  -0.007681  0.000516  0.999970  0.000100  0.006938  
186.321448 0.003464  0.090760  -0.007842  0.992844  0.087849  -0.080893  -0.086885  0.996100  0.015359  0.081927  -0.008220  0.996604  -0.001878  -0.008493  -0.012123  -0.088304  0.163147  0.325805  2.000000  0.999730  0.021846  0.007955  -0.021840  0.999761  -0.000810  -0.007971  0.000636  0.999968  0.999978  0.006376  -0.001685  -0.006379  0.999978  -0.002025  0.001672  0.002035  0.999997  1.000000  0.000058  0.000059  -0.000058  1.000000  -0.000025  -0.000059  0.000025  1.000000  0.999730  0.021846  0.007955  -0.021840  0.999761  -0.000810  -0.007971  0.000636  0.999968  0.000096  0.006900  
186.322697 0.003458  0.090749  -0.007859  0.992808  0.088239  -0.080908  -0.087294  0.996067  0.015150  0.081927  -0.007979  0.996606  -0.002329  -0.008555  -0.012324  -0.092841  0.145281  0.318681  2.000000  0.999721  0.022117  0.008250  -0.022110  0.999755  -0.000942  -0.008269  0.000760  0.999966  0.999979  0.006372  -0.001285  -0.006374  0.999978  -0.002025  0.001272  0.002033  0.999997  1.000000  0.000054  0.000061  -0.000054  1.000000  -0.000025  -0.000061  0.000025  1.000000  0.999721  0.022117  0.008250  -0.022110  0.999755  -0.000942  -0.008269  0.000760  0.999966  0.000092  0.006809  
186.323698 0.003454  0.090740  -0.007873  0.992801  0.088433  -0.080783  -0.087500  0.996051  0.015035  0.081793  -0.007858  0.996618  -0.002659  -0.008590  -0.012482  -0.092796  0.127330  0.318476  2.000000  0.999715  0.022320  0.008490  -0.022312  0.999751  -0.001051  -0.008512  0.000862  0.999963  0.999980  0.006164  -0.001020  -0.006166  0.999979  -0.002163  0.001007  0.002169  0.999997  1.000000  0.000050  0.000060  -0.000050  1.000000  -0.000027  -0.000060  0.000027  1.000000  0.999715  0.022320  0.008490  -0.022312  0.999751  -0.001051  -0.008512  0.000862  0.999963  0.000090  0.006613  
186.324709 0.003449  0.090731  -0.007887  0.992765  0.088824  -0.080798  -0.087908  0.996018  0.014826  0.081793  -0.007616  0.996620  -0.002995  -0.008598  -0.012644  -0.096777  0.113862  0.318216  2.000000  0.999710  0.022460  0.008675  -0.022451  0.999747  -0.001137  -0.008698  0.000942  0.999962  0.999981  0.006162  -0.000753  -0.006163  0.999979  -0.002164  0.000740  0.002168  0.999997  1.000000  0.000047  0.000062  -0.000047  1.000000  -0.000027  -0.000062  0.000027  1.000000  0.999710  0.022460  0.008675  -0.022451  0.999747  -0.001137  -0.008698  0.000942  0.999962  0.000087  0.006575  
186.325945 0.003443  0.090721  -0.007906  0.992747  0.089019  -0.080806  -0.088113  0.996002  0.014722  0.081793  -0.007495  0.996621  -0.003389  -0.008619  -0.012823  -0.101395  0.100513  0.311342  2.000000  0.999702  0.022684  0.008990  -0.022673  0.999742  -0.001285  -0.009017  0.001081  0.999959  0.999981  0.006160  -0.000487  -0.006161  0.999978  -0.002285  0.000473  0.002288  0.999997  1.000000  0.000044  0.000064  -0.000044  1.000000  -0.000029  -0.000064  0.000029  1.000000  0.999702  0.022684  0.008990  -0.022673  0.999742  -0.001285  -0.009017  0.001081  0.999959  0.000087  0.006588  
186.326945 0.003438  0.090712  -0.007920  0.992710  0.089410  -0.080821  -0.088522  0.995969  0.014514  0.081793  -0.007253  0.996623  -0.003625  -0.008573  -0.012920  -0.105411  0.087080  0.311198  2.000000  0.999696  0.022851  0.009244  -0.022839  0.999738  -0.001408  -0.009274  0.001197  0.999956  0.999982  0.005952  -0.000223  -0.005953  0.999979  -0.002423  0.000208  0.002424  0.999997  1.000000  0.000040  0.000063  -0.000040  1.000000  -0.000030  -0.000063  0.000030  1.000000  0.999696  0.022851  0.009244  -0.022839  0.999738  -0.001408  -0.009274  0.001197  0.999956  0.000084  0.006431  
186.328192 0.003432  0.090702  -0.007938  0.992703  0.089594  -0.080707  -0.088727  0.995954  0.014277  0.081660  -0.007012  0.996636  -0.003850  -0.008534  -0.013044  -0.110003  0.069210  0.304116  2.000000  0.999688  0.023053  0.009567  -0.023039  0.999733  -0.001568  -0.009600  0.001347  0.999953  0.999981  0.006156  -0.000089  -0.006156  0.999978  -0.002527  0.000073  0.002528  0.999997  1.000000  0.000039  0.000066  -0.000039  1.000000  -0.000032  -0.000066  0.000032  1.000000  0.999688  0.023053  0.009567  -0.023039  0.999733  -0.001568  -0.009600  0.001347  0.999953  0.000084  0.006656  
186.329440 0.003426  0.090691  -0.007958  0.992666  0.089985  -0.080723  -0.089136  0.995920  0.014068  0.081660  -0.006770  0.996637  -0.004067  -0.008457  -0.013286  -0.113125  0.055337  0.301595  2.000000  0.999681  0.023235  0.009893  -0.023219  0.999729  -0.001731  -0.009931  0.001501  0.999950  0.999981  0.006154  0.000178  -0.006154  0.999978  -0.002407  -0.000193  0.002406  0.999997  1.000000  0.000036  0.000068  -0.000036  1.000000  -0.000030  -0.000068  0.000030  1.000000  0.999681  0.023235  0.009893  -0.023219  0.999729  -0.001731  -0.009931  0.001501  0.999950  0.000082  0.006610  
186.330443 0.003421  0.090683  -0.007974  0.992648  0.090180  -0.080731  -0.089340  0.995903  0.013964  0.081660  -0.006649  0.996638  -0.004237  -0.008475  -0.013505  -0.113047  0.046434  0.301406  2.000000  0.999675  0.023373  0.010155  -0.023355  0.999725  -0.001866  -0.010196  0.001628  0.999947  0.999982  0.005948  0.000309  -0.005947  0.999979  -0.002545  -0.000324  0.002543  0.999997  1.000000  0.000034  0.000066  -0.000034  1.000000  -0.000032  -0.000066  0.000032  1.000000  0.999675  0.023373  0.010155  -0.023355  0.999725  -0.001866  -0.010196  0.001628  0.999947  0.000082  0.006477  
186.331443 0.003416  0.090674  -0.007990  0.992622  0.090570  -0.080615  -0.089750  0.995870  0.013744  0.081527  -0.006407  0.996651  -0.004341  -0.008474  -0.013748  -0.117080  0.033111  0.301307  2.000000  0.999669  0.023507  0.010413  -0.023487  0.999722  -0.002003  -0.010457  0.001757  0.999944  0.999982  0.005948  0.000308  -0.005947  0.999979  -0.002545  -0.000323  0.002543  0.999997  1.000000  0.000034  0.000066  -0.000034  1.000000  -0.000032  -0.000066  0.000032  1.000000  0.999669  0.023507  0.010413  -0.023487  0.999722  -0.002003  -0.010457  0.001757  0.999944  0.000082  0.006477  
186.332448 0.003411  0.090666  -0.008007  0.992603  0.090765  -0.080623  -0.089954  0.995853  0.013640  0.081527  -0.006286  0.996651  -0.004501  -0.008485  -0.014199  -0.118555  0.024482  0.296782  2.000000  0.999665  0.023604  0.010610  -0.023582  0.999720  -0.002107  -0.010656  0.001857  0.999941  0.999982  0.005947  0.000441  -0.005946  0.999979  -0.002667  -0.000457  0.002664  0.999996  1.000000  0.000032  0.000067  -0.000032  1.000000  -0.000033  -0.000067  0.000033  1.000000  0.999665  0.023604  0.010610  -0.023582  0.999720  -0.002107  -0.010656  0.001857  0.999941  0.000081  0.006532  
186.333696 0.003405  0.090654  -0.008029  0.992585  0.090960  -0.080631  -0.090158  0.995835  0.013535  0.081527  -0.006166  0.996652  -0.004640  -0.008560  -0.014748  -0.119086  0.015582  0.289824  2.000000  0.999658  0.023755  0.010934  -0.023731  0.999716  -0.002283  -0.010985  0.002023  0.999938  0.999983  0.005741  0.000572  -0.005740  0.999980  -0.002684  -0.000587  0.002681  0.999996  1.000000  0.000030  0.000066  -0.000030  1.000000  -0.000034  -0.000066  0.000034  1.000000  0.999658  0.023755  0.010934  -0.023731  0.999716  -0.002283  -0.010985  0.002023  0.999938  0.000080  0.006363  
186.334946 0.003398  0.090643  -0.008052  0.992548  0.091350  -0.080648  -0.090567  0.995801  0.013327  0.081527  -0.005924  0.996654  -0.004797  -0.008666  -0.015351  -0.123124  0.006640  0.289746  2.000000  0.999651  0.023905  0.011258  -0.023878  0.999712  -0.002461  -0.011314  0.002192  0.999934  0.999983  0.005742  0.000571  -0.005740  0.999980  -0.002805  -0.000587  0.002802  0.999996  1.000000  0.000030  0.000066  -0.000030  1.000000  -0.000035  -0.000066  0.000035  1.000000  0.999651  0.023905  0.011258  -0.023878  0.999712  -0.002461  -0.011314  0.002192  0.999934  0.000080  0.006415  
186.335946 0.003394  0.090634  -0.008071  0.992529  0.091546  -0.080656  -0.090771  0.995784  0.013223  0.081527  -0.005803  0.996654  -0.004791  -0.008675  -0.015705  -0.122095  0.002160  0.287330  2.000000  0.999645  0.024023  0.011516  -0.023995  0.999709  -0.002605  -0.011575  0.002328  0.999930  0.999983  0.005742  0.000570  -0.005740  0.999980  -0.002805  -0.000586  0.002802  0.999996  1.000000  0.000030  0.000066  -0.000030  1.000000  -0.000035  -0.000066  0.000035  1.000000  0.999645  0.024023  0.011516  -0.023995  0.999709  -0.002605  -0.011575  0.002328  0.999930  0.000079  0.006415  
