1-Time 2-Px 3-Py 4-Pz 5-R11 6-R21 7-R31 8-R12 9-R22 10-R32 11-R13 12-R23 13-R33 14-Vx 15-Vy 16-Vz 17-Wx 18-Wy 19-Wz 20-state 21-PR11 22-PR21 23-PR31 24-PR12 25-PR22 26-PR32 27-PR13 28-PR23 29-PR33 
52.861128 0.003100  0.089432  -0.007209  0.999927  0.010661  0.005729  -0.010499  0.999564  -0.027593  -0.006021  0.027530  0.999603  0.000086  0.000115  0.000183  0.000000  0.000000  0.000000  2.000000  1.000000  0.000000  0.000000  0.000000  1.000000  0.000000  0.000000  0.000000  1.000000  1.000000  -0.000015  -0.000535  0.000015  1.000000  -0.000000  0.000535  -0.000000  1.000000  1.000000  0.000000  0.000000  0.000000  1.000000  0.000000  0.000000  0.000000  1.000000  0.656344  0.619667  -0.430379  -0.630331  0.763864  0.138545  0.414602  0.180348  0.891953  0.000000  0.000000  
52.862128 0.003100  0.089432  -0.007209  0.999927  0.010661  0.005729  -0.010499  0.999564  -0.027593  -0.006021  0.027530  0.999603  0.000099  0.000112  0.000148  0.000000  0.000000  0.000000  2.000000  1.000000  0.000000  0.000000  0.000000  1.000000  0.000000  0.000000  0.000000  1.000000  1.000000  -0.000015  -0.000535  0.000015  1.000000  -0.000000  0.000535  -0.000000  1.000000  1.000000  0.000000  0.000000  0.000000  1.000000  0.000000  0.000000  0.000000  1.000000  1.000000  0.000000  0.000000  0.000000  1.000000  0.000000  0.000000  0.000000  1.000000  0.000000  0.000000  
52.863138 0.003100  0.089431  -0.007211  0.999927  0.010661  0.005729  -0.010499  0.999564  -0.027593  -0.006021  0.027530  0.999603  0.000060  -0.000026  0.000006  0.000000  0.000000  0.000000  2.000000  1.000000  0.000000  0.000000  0.000000  1.000000  0.000000  0.000000  0.000000  1.000000  1.000000  -0.000015  -0.000535  0.000015  1.000000  -0.000000  0.000535  -0.000000  1.000000  1.000000  0.000000  0.000000  0.000000  1.000000  0.000000  0.000000  0.000000  1.000000  1.000000  0.000000  0.000000  0.000000  1.000000  0.000000  0.000000  0.000000  1.000000  0.000000  0.000000  
52.864374 0.003099  0.089427  -0.007215  0.999925  0.010867  0.005722  -0.010705  0.999559  -0.027715  -0.006021  0.027652  0.999599  0.000013  -0.000276  -0.000260  0.000000  0.000000  0.000000  2.000000  1.000000  0.000000  0.000000  0.000000  1.000000  0.000000  0.000000  0.000000  1.000000  1.000000  0.000195  -0.000407  -0.000195  1.000000  -0.000123  0.000407  0.000123  1.000000  1.000000  0.000000  0.000000  0.000000  1.000000  0.000000  0.000000  0.000000  1.000000  1.000000  0.000000  0.000000  0.000000  1.000000  0.000000  0.000000  0.000000  1.000000  0.000000  0.000000  
52.865627 0.003099  0.089423  -0.007219  0.999925  0.010867  0.005722  -0.010705  0.999559  -0.027715  -0.006021  0.027652  0.999599  -0.000027  -0.000550  -0.000516  0.000000  0.000000  0.000000  2.000000  1.000000  0.000000  0.000000  0.000000  1.000000  0.000000  0.000000  0.000000  1.000000  1.000000  0.000195  -0.000407  -0.000195  1.000000  -0.000123  0.000407  0.000123  1.000000  1.000000  0.000000  0.000000  0.000000  1.000000  0.000000  0.000000  0.000000  1.000000  1.000000  0.000000  0.000000  0.000000  1.000000  0.000000  0.000000  0.000000  1.000000  0.000000  0.000000  
52.866889 0.003099  0.089419  -0.007222  0.999925  0.010867  0.005722  -0.010705  0.999559  -0.027715  -0.006021  0.027652  0.999599  0.000017  -0.000800  -0.000756  0.000000  0.000000  0.000000  2.000000  1.000000  0.000000  0.000000  0.000000  1.000000  0.000000  0.000000  0.000000  1.000000  1.000000  0.000195  -0.000407  -0.000195  1.000000  -0.000123  0.000407  0.000123  1.000000  1.000000  0.000000  0.000000  0.000000  1.000000  0.000000  0.000000  0.000000  1.000000  1.000000  0.000000  0.000000  0.000000  1.000000  0.000000  0.000000  0.000000  1.000000  0.000000  0.000000  
52.867899 0.003100  0.089417  -0.007225  0.999925  0.010868  0.005721  -0.010705  0.999555  -0.027836  -0.006021  0.027773  0.999596  0.000045  -0.001001  -0.001016  0.000000  0.000000  0.000000  2.000000  1.000000  0.000000  0.000000  0.000000  1.000000  0.000000  0.000000  0.000000  1.000000  1.000000  0.000195  -0.000407  -0.000195  1.000000  -0.000244  0.000407  0.000244  1.000000  1.000000  0.000000  0.000000  0.000000  1.000000  0.000000  0.000000  0.000000  1.000000  1.000000  0.000000  0.000000  0.000000  1.000000  0.000000  0.000000  0.000000  1.000000  0.000000  0.000000  
52.869119 0.003101  0.089413  -0.007229  0.999925  0.010868  0.005721  -0.010705  0.999555  -0.027836  -0.006021  0.027773  0.999596  0.000094  -0.001233  -0.001303  0.000000  0.000000  0.000000  2.000000  1.000000  0.000000  0.000000  0.000000  1.000000  0.000000  0.000000  0.000000  1.000000  1.000000  0.000198  -0.000273  -0.000198  1.000000  -0.000244  0.000273  0.000244  1.000000  1.000000  0.000000  0.000000  0.000000  1.000000  0.000000  0.000000  0.000000  1.000000  1.000000  0.000000  0.000000  0.000000  1.000000  0.000000  0.000000  0.000000  1.000000  0.000000  0.000000  
52.870120 0.003102  0.089410  -0.007233  0.999925  0.010869  0.005720  -0.010705  0.999552  -0.027958  -0.006021  0.027894  0.999593  0.000175  -0.001437  -0.001569  0.000000  0.000000  0.000000  2.000000  1.000000  0.000000  0.000000  0.000000  1.000000  0.000000  0.000000  0.000000  1.000000  1.000000  0.000198  -0.000273  -0.000198  1.000000  -0.000244  0.000273  0.000244  1.000000  1.000000  0.000000  0.000000  0.000000  1.000000  0.000000  0.000000  0.000000  1.000000  1.000000  0.000000  0.000000  0.000000  1.000000  0.000000  0.000000  0.000000  1.000000  0.000000  0.000000  
52.871376 0.003103  0.089406  -0.007238  0.999922  0.011075  0.005714  -0.010911  0.999550  -0.027959  -0.006021  0.027894  0.999593  0.000226  -0.001724  -0.001933  0.000000  0.000000  0.000000  2.000000  1.000000  0.000000  0.000000  0.000000  1.000000  0.000000  0.000000  0.000000  1.000000  1.000000  0.000404  -0.000279  -0.000404  1.000000  -0.000366  0.000279  0.000366  1.000000  1.000000  0.000000  0.000000  0.000000  1.000000  0.000000  0.000000  0.000000  1.000000  1.000000  0.000000  0.000000  0.000000  1.000000  0.000000  0.000000  0.000000  1.000000  0.000000  0.000000  
52.872619 0.003104  0.089402  -0.007244  0.999922  0.011075  0.005713  -0.010911  0.999546  -0.028080  -0.006021  0.028015  0.999589  0.000286  -0.001984  -0.002295  0.000000  0.000000  0.000000  2.000000  1.000000  0.000000  0.000000  0.000000  1.000000  0.000000  0.000000  0.000000  1.000000  1.000000  0.000404  -0.000279  -0.000404  1.000000  -0.000488  0.000279  0.000488  1.000000  1.000000  0.000000  0.000000  0.000000  1.000000  0.000000  0.000000  0.000000  1.000000  1.000000  0.000000  0.000000  0.000000  1.000000  0.000000  0.000000  0.000000  1.000000  0.000000  0.000000  
52.873623 0.003105  0.089398  -0.007249  0.999920  0.011281  0.005707  -0.011117  0.999544  -0.028081  -0.006021  0.028015  0.999589  0.000335  -0.002279  -0.002707  0.000000  0.000000  0.000000  2.000000  1.000000  0.000000  0.000000  0.000000  1.000000  0.000000  0.000000  0.000000  1.000000  1.000000  0.000408  -0.000145  -0.000408  1.000000  -0.000488  0.000145  0.000488  1.000000  1.000000  0.000000  0.000000  0.000000  1.000000  0.000000  0.000000  0.000000  1.000000  1.000000  0.000000  0.000000  0.000000  1.000000  0.000000  0.000000  0.000000  1.000000  0.000000  0.000000  
52.874628 0.003106  0.089395  -0.007254  0.999920  0.011282  0.005705  -0.011117  0.999540  -0.028202  -0.006021  0.028137  0.999586  0.000410  -0.002517  -0.003061  0.000000  0.000000  0.000000  2.000000  1.000000  0.000000  0.000000  0.000000  1.000000  0.000000  0.000000  0.000000  1.000000  1.000000  0.000614  -0.000151  -0.000614  1.000000  -0.000610  0.000151  0.000610  1.000000  1.000000  0.000000  0.000000  0.000000  1.000000  0.000000  0.000000  0.000000  1.000000  1.000000  0.000000  0.000000  0.000000  1.000000  0.000000  0.000000  0.000000  1.000000  0.000000  0.000000  
52.875878 0.003106  0.089390  -0.007262  0.999920  0.011283  0.005704  -0.011117  0.999537  -0.028324  -0.006021  0.028258  0.999583  0.000407  -0.002896  -0.003591  0.000000  0.000000  0.000000  2.000000  1.000000  0.000000  0.000000  0.000000  1.000000  0.000000  0.000000  0.000000  1.000000  1.000000  0.000614  -0.000151  -0.000614  1.000000  -0.000731  0.000151  0.000732  1.000000  1.000000  0.000000  0.000000  0.000000  1.000000  0.000000  0.000000  0.000000  1.000000  1.000000  0.000000  0.000000  0.000000  1.000000  0.000000  0.000000  0.000000  1.000000  0.000000  0.000000  
52.877121 0.003106  0.089383  -0.007270  0.999920  0.011283  0.005703  -0.011117  0.999534  -0.028445  -0.006021  0.028379  0.999579  0.000387  -0.003274  -0.004096  0.000000  0.000000  0.000000  2.000000  1.000000  0.000000  0.000000  0.000000  1.000000  0.000000  0.000000  0.000000  1.000000  1.000000  0.000614  -0.000151  -0.000614  0.999999  -0.000853  0.000151  0.000853  1.000000  1.000000  0.000000  0.000000  0.000000  1.000000  0.000000  0.000000  0.000000  1.000000  1.000000  0.000000  0.000000  0.000000  1.000000  0.000000  0.000000  0.000000  1.000000  0.000000  0.000000  
52.878123 0.003105  0.089378  -0.007277  0.999918  0.011490  0.005695  -0.011322  0.999528  -0.028567  -0.006021  0.028500  0.999576  0.000367  -0.003529  -0.004428  0.000000  0.000000  0.000000  2.000000  1.000000  0.000000  0.000000  0.000000  1.000000  0.000000  0.000000  0.000000  1.000000  1.000000  0.000819  -0.000157  -0.000819  0.999999  -0.000975  0.000156  0.000975  1.000000  1.000000  0.000000  0.000000  0.000000  1.000000  0.000000  0.000000  0.000000  1.000000  1.000000  0.000000  0.000000  0.000000  1.000000  0.000000  0.000000  0.000000  1.000000  0.000000  0.000000  
52.879125 0.003105  0.089372  -0.007284  0.999918  0.011490  0.005694  -0.011322  0.999524  -0.028688  -0.006021  0.028622  0.999572  0.000391  -0.003705  -0.004692  0.000000  0.000000  0.000000  2.000000  1.000000  0.000000  0.000000  0.000000  1.000000  0.000000  0.000000  0.000000  1.000000  1.000000  0.000819  -0.000157  -0.000819  0.999999  -0.001097  0.000156  0.001097  0.999999  1.000000  0.000000  0.000000  0.000000  1.000000  0.000000  0.000000  0.000000  1.000000  1.000000  0.000000  0.000000  0.000000  1.000000  0.000000  0.000000  0.000000  1.000000  0.000000  0.000000  
52.880125 0.003105  0.089367  -0.007290  0.999918  0.011491  0.005693  -0.011322  0.999521  -0.028810  -0.006021  0.028743  0.999569  0.000416  -0.003848  -0.004874  0.000000  0.000000  0.000000  2.000000  1.000000  0.000000  0.000000  0.000000  1.000000  0.000000  0.000000  0.000000  1.000000  1.000000  0.000823  -0.000024  -0.000823  0.999999  -0.001218  0.000023  0.001218  0.999999  1.000000  0.000000  0.000000  0.000000  1.000000  0.000000  0.000000  0.000000  1.000000  1.000000  0.000000  0.000000  0.000000  1.000000  0.000000  0.000000  0.000000  1.000000  0.000000  0.000000  
52.881374 0.003105  0.089360  -0.007297  0.999915  0.011698  0.005685  -0.011528  0.999515  -0.028932  -0.006021  0.028864  0.999565  0.000427  -0.004039  -0.005096  0.000000  0.000000  0.000000  2.000000  1.000000  0.000000  0.000000  0.000000  1.000000  0.000000  0.000000  0.000000  1.000000  0.999999  0.001029  -0.000030  -0.001029  0.999999  -0.001340  0.000028  0.001340  0.999999  1.000000  0.000000  0.000000  0.000000  1.000000  0.000000  0.000000  0.000000  1.000000  1.000000  0.000000  0.000000  0.000000  1.000000  0.000000  0.000000  0.000000  1.000000  0.000000  0.000000  
52.882374 0.003105  0.089355  -0.007303  0.999912  0.011908  0.005812  -0.011734  0.999509  -0.029056  -0.006155  0.028985  0.999561  0.000371  -0.004209  -0.005297  0.000000  0.000000  0.000000  2.000000  1.000000  0.000000  0.000000  0.000000  1.000000  0.000000  0.000000  0.000000  1.000000  0.999999  0.001033  0.000104  -0.001033  0.999998  -0.001462  -0.000105  0.001462  0.999999  1.000000  0.000000  0.000000  0.000000  1.000000  0.000000  0.000000  0.000000  1.000000  1.000000  0.000000  0.000000  0.000000  1.000000  0.000000  0.000000  0.000000  1.000000  0.000000  0.000000  
52.883378 0.003106  0.089350  -0.007309  0.999912  0.011909  0.005810  -0.011734  0.999505  -0.029177  -0.006155  0.029107  0.999557  0.000390  -0.004420  -0.005534  0.000000  0.000000  0.000000  2.000000  1.000000  0.000000  0.000000  0.000000  1.000000  0.000000  0.000000  0.000000  1.000000  0.999999  0.001239  0.000098  -0.001238  0.999998  -0.001584  -0.000100  0.001584  0.999999  1.000000  0.000000  0.000000  0.000000  1.000000  0.000000  0.000000  0.000000  1.000000  1.000000  0.000000  0.000000  0.000000  1.000000  0.000000  0.000000  0.000000  1.000000  0.000000  0.000000  
52.884391 0.003107  0.089344  -0.007316  0.999910  0.012115  0.005803  -0.011940  0.999499  -0.029300  -0.006155  0.029228  0.999554  0.000372  -0.004632  -0.005765  0.000000  0.000000  0.000000  2.000000  1.000000  0.000000  0.000000  0.000000  1.000000  0.000000  0.000000  0.000000  1.000000  0.999999  0.001444  0.000092  -0.001444  0.999998  -0.001707  -0.000094  0.001707  0.999999  1.000000  0.000000  0.000000  0.000000  1.000000  0.000000  0.000000  0.000000  1.000000  1.000000  0.000000  0.000000  0.000000  1.000000  0.000000  0.000000  0.000000  1.000000  0.000000  0.000000  
52.885619 0.003107  0.089337  -0.007327  0.999910  0.012116  0.005801  -0.011940  0.999496  -0.029421  -0.006155  0.029349  0.999550  0.000333  -0.004825  -0.006107  0.000000  0.000000  0.000000  2.000000  1.000000  0.000000  0.000000  0.000000  1.000000  0.000000  0.000000  0.000000  1.000000  0.999999  0.001239  0.000097  -0.001238  0.999998  -0.001706  -0.000100  0.001706  0.999999  1.000000  0.000000  0.000000  0.000000  1.000000  0.000000  0.000000  0.000000  1.000000  1.000000  0.000000  0.000000  0.000000  1.000000  0.000000  0.000000  0.000000  1.000000  0.000000  0.000000  
52.886620 0.003108  0.089331  -0.007335  0.999907  0.012322  0.005794  -0.012146  0.999490  -0.029543  -0.006155  0.029470  0.999547  0.000318  -0.005028  -0.006433  0.000000  0.000000  0.000000  2.000000  1.000000  0.000000  0.000000  0.000000  1.000000  0.000000  0.000000  0.000000  1.000000  0.999999  0.001444  0.000091  -0.001444  0.999997  -0.001828  -0.000094  0.001828  0.999998  1.000000  0.000000  0.000000  0.000000  1.000000  0.000000  0.000000  0.000000  1.000000  1.000000  0.000000  0.000000  0.000000  1.000000  0.000000  0.000000  0.000000  1.000000  0.000000  0.000000  
52.887873 0.003109  0.089323  -0.007346  0.999905  0.012529  0.005786  -0.012352  0.999484  -0.029666  -0.006155  0.029592  0.999543  0.000346  -0.005229  -0.006694  0.000000  0.000000  0.000000  2.000000  1.000000  0.000000  0.000000  0.000000  1.000000  0.000000  0.000000  0.000000  1.000000  0.999999  0.001650  0.000085  -0.001650  0.999997  -0.001830  -0.000088  0.001829  0.999998  1.000000  0.000000  0.000000  0.000000  1.000000  0.000000  0.000000  0.000000  1.000000  1.000000  0.000000  0.000000  0.000000  1.000000  0.000000  0.000000  0.000000  1.000000  0.000000  0.000000  
52.889120 0.003110  0.089315  -0.007356  0.999902  0.012734  0.005780  -0.012558  0.999481  -0.029667  -0.006155  0.029592  0.999543  0.000296  -0.005449  -0.006927  0.000000  0.000000  0.000000  2.000000  1.000000  0.000000  0.000000  0.000000  1.000000  0.000000  0.000000  0.000000  1.000000  0.999998  0.001856  0.000079  -0.001856  0.999997  -0.001831  -0.000082  0.001831  0.999998  1.000000  0.000000  0.000000  0.000000  1.000000  0.000000  0.000000  0.000000  1.000000  1.000000  0.000000  0.000000  0.000000  1.000000  0.000000  0.000000  0.000000  1.000000  0.000000  0.000000  
52.890123 0.003110  0.089309  -0.007364  0.999902  0.012735  0.005778  -0.012558  0.999477  -0.029788  -0.006155  0.029713  0.999540  0.000264  -0.005605  -0.007053  0.000000  0.000000  0.000000  2.000000  1.000000  0.000000  0.000000  0.000000  1.000000  0.000000  0.000000  0.000000  1.000000  0.999998  0.001856  0.000079  -0.001856  0.999996  -0.001952  -0.000082  0.001952  0.999998  1.000000  0.000000  0.000000  0.000000  1.000000  0.000000  0.000000  0.000000  1.000000  1.000000  0.000000  0.000000  0.000000  1.000000  0.000000  0.000000  0.000000  1.000000  0.000000  0.000000  
52.891128 0.003110  0.089303  -0.007371  0.999900  0.012942  0.005771  -0.012763  0.999471  -0.029911  -0.006155  0.029834  0.999536  0.000277  -0.005729  -0.007169  0.000000  0.000000  0.000000  2.000000  1.000000  0.000000  0.000000  0.000000  1.000000  0.000000  0.000000  0.000000  1.000000  0.999998  0.001856  0.000078  -0.001856  0.999996  -0.001952  -0.000082  0.001952  0.999998  1.000000  0.000000  0.000000  0.000000  1.000000  0.000000  0.000000  0.000000  1.000000  1.000000  0.000000  0.000000  0.000000  1.000000  0.000000  0.000000  0.000000  1.000000  0.000000  0.000000  
52.892129 0.003111  0.089296  -0.007378  0.999897  0.013148  0.005763  -0.012969  0.999465  -0.030033  -0.006155  0.029955  0.999532  0.000325  -0.005803  -0.007200  0.000000  0.000000  0.000000  2.000000  1.000000  0.000000  0.000000  0.000000  1.000000  0.000000  0.000000  0.000000  1.000000  0.999998  0.002062  0.000072  -0.002062  0.999996  -0.002075  -0.000076  0.002075  0.999998  1.000000  0.000000  0.000000  0.000000  1.000000  0.000000  0.000000  0.000000  1.000000  1.000000  0.000000  0.000000  0.000000  1.000000  0.000000  0.000000  0.000000  1.000000  0.000000  0.000000  
52.893383 0.003110  0.089288  -0.007387  0.999894  0.013355  0.005755  -0.013175  0.999458  -0.030156  -0.006155  0.030077  0.999529  0.000327  -0.005868  -0.007186  0.000000  0.000000  0.000000  2.000000  1.000000  0.000000  0.000000  0.000000  1.000000  0.000000  0.000000  0.000000  1.000000  0.999997  0.002268  0.000066  -0.002267  0.999995  -0.002076  -0.000070  0.002076  0.999998  1.000000  0.000000  0.000000  0.000000  1.000000  0.000000  0.000000  0.000000  1.000000  1.000000  0.000000  0.000000  0.000000  1.000000  0.000000  0.000000  0.000000  1.000000  0.000000  0.000000  
52.894383 0.003110  0.089282  -0.007392  0.999893  0.013359  0.005887  -0.013175  0.999455  -0.030279  -0.006288  0.030198  0.999524  0.000356  -0.005900  -0.007159  0.000000  0.000000  0.000000  2.000000  1.000000  0.000000  0.000000  0.000000  1.000000  0.000000  0.000000  0.000000  1.000000  0.999998  0.002066  0.000205  -0.002065  0.999995  -0.002196  -0.000210  0.002196  0.999998  1.000000  0.000000  0.000000  0.000000  1.000000  0.000000  0.000000  0.000000  1.000000  1.000000  0.000000  0.000000  0.000000  1.000000  0.000000  0.000000  0.000000  1.000000  0.000000  0.000000  
52.895624 0.003110  0.089275  -0.007400  0.999891  0.013566  0.005879  -0.013381  0.999448  -0.030401  -0.006288  0.030319  0.999520  0.000370  -0.005967  -0.007179  0.000000  0.000000  0.000000  2.000000  1.000000  0.000000  0.000000  0.000000  1.000000  0.000000  0.000000  0.000000  1.000000  0.999997  0.002272  0.000199  -0.002271  0.999995  -0.002198  -0.000204  0.002197  0.999998  1.000000  0.000000  0.000000  0.000000  1.000000  0.000000  0.000000  0.000000  1.000000  1.000000  0.000000  0.000000  0.000000  1.000000  0.000000  0.000000  0.000000  1.000000  0.000000  0.000000  
52.896876 0.003110  0.089268  -0.007409  0.999888  0.013772  0.005871  -0.013587  0.999442  -0.030523  -0.006288  0.030440  0.999517  0.000347  -0.006017  -0.007289  0.000000  0.000000  0.000000  2.000000  1.000000  0.000000  0.000000  0.000000  1.000000  0.000000  0.000000  0.000000  1.000000  0.999997  0.002477  0.000192  -0.002477  0.999995  -0.002077  -0.000197  0.002077  0.999998  1.000000  0.000000  0.000000  0.000000  1.000000  0.000000  0.000000  0.000000  1.000000  1.000000  0.000000  0.000000  0.000000  1.000000  0.000000  0.000000  0.000000  1.000000  0.000000  0.000000  
52.897879 0.003110  0.089262  -0.007416  0.999885  0.013979  0.005863  -0.013793  0.999435  -0.030646  -0.006288  0.030561  0.999513  0.000308  -0.006014  -0.007314  0.000000  0.000000  0.000000  2.000000  1.000000  0.000000  0.000000  0.000000  1.000000  0.000000  0.000000  0.000000  1.000000  0.999997  0.002477  0.000192  -0.002477  0.999995  -0.002077  -0.000197  0.002077  0.999998  1.000000  0.000000  0.000000  0.000000  1.000000  0.000000  0.000000  0.000000  1.000000  1.000000  0.000000  0.000000  0.000000  1.000000  0.000000  0.000000  0.000000  1.000000  0.000000  0.000000  
52.899123 0.003110  0.089255  -0.007425  0.999882  0.014185  0.005855  -0.013998  0.999429  -0.030768  -0.006288  0.030683  0.999509  0.000249  -0.006012  -0.007366  0.000000  0.000000  0.000000  2.000000  1.000000  0.000000  0.000000  0.000000  1.000000  0.000000  0.000000  0.000000  1.000000  0.999996  0.002683  0.000186  -0.002683  0.999994  -0.001957  -0.000191  0.001957  0.999998  1.000000  0.000000  0.000000  0.000000  1.000000  0.000000  0.000000  0.000000  1.000000  1.000000  0.000000  0.000000  0.000000  1.000000  0.000000  0.000000  0.000000  1.000000  0.000000  0.000000  
52.900124 0.003110  0.089250  -0.007432  0.999879  0.014391  0.005849  -0.014204  0.999426  -0.030770  -0.006288  0.030683  0.999509  0.000182  -0.005986  -0.007286  0.000000  0.000000  0.000000  2.000000  1.000000  0.000000  0.000000  0.000000  1.000000  0.000000  0.000000  0.000000  1.000000  0.999996  0.002889  0.000179  -0.002889  0.999994  -0.001959  -0.000185  0.001958  0.999998  1.000000  0.000000  0.000000  0.000000  1.000000  0.000000  0.000000  0.000000  1.000000  1.000000  0.000000  0.000000  0.000000  1.000000  0.000000  0.000000  0.000000  1.000000  0.000000  0.000000  
52.901375 0.003111  0.089244  -0.007440  0.999876  0.014597  0.005841  -0.014410  0.999419  -0.030892  -0.006288  0.030804  0.999506  0.000154  -0.005917  -0.007135  0.000000  0.000000  0.000000  2.000000  1.000000  0.000000  0.000000  0.000000  1.000000  0.000000  0.000000  0.000000  1.000000  0.999996  0.002889  0.000179  -0.002889  0.999994  -0.001959  -0.000184  0.001958  0.999998  1.000000  0.000000  0.000000  0.000000  1.000000  0.000000  0.000000  0.000000  1.000000  1.000000  0.000000  0.000000  0.000000  1.000000  0.000000  0.000000  0.000000  1.000000  0.000000  0.000000  
52.902620 0.003111  0.089237  -0.007447  0.999873  0.014804  0.005833  -0.014616  0.999412  -0.031014  -0.006288  0.030925  0.999502  0.000086  -0.005843  -0.006886  0.000000  0.000000  0.000000  2.000000  1.000000  0.000000  0.000000  0.000000  1.000000  0.000000  0.000000  0.000000  1.000000  0.999995  0.003091  0.000038  -0.003091  0.999993  -0.001960  -0.000044  0.001960  0.999998  1.000000  0.000000  0.000000  0.000000  1.000000  0.000000  0.000000  0.000000  1.000000  1.000000  0.000000  0.000000  0.000000  1.000000  0.000000  0.000000  0.000000  1.000000  0.000000  0.000000  
52.903870 0.003110  0.089230  -0.007455  0.999867  0.015216  0.005818  -0.015028  0.999402  -0.031138  -0.006288  0.031046  0.999498  0.000040  -0.005767  -0.006756  0.000000  0.000000  0.000000  2.000000  1.000000  0.000000  0.000000  0.000000  1.000000  0.000000  0.000000  0.000000  1.000000  0.999995  0.003091  0.000038  -0.003091  0.999994  -0.001839  -0.000044  0.001839  0.999998  1.000000  0.000000  0.000000  0.000000  1.000000  0.000000  0.000000  0.000000  1.000000  1.000000  0.000000  0.000000  0.000000  1.000000  0.000000  0.000000  0.000000  1.000000  0.000000  0.000000  
52.905120 0.003109  0.089223  -0.007463  0.999864  0.015422  0.005812  -0.015234  0.999399  -0.031139  -0.006288  0.031046  0.999498  -0.000070  -0.005727  -0.006626  0.000000  0.000000  0.000000  2.000000  1.000000  0.000000  0.000000  0.000000  1.000000  0.000000  0.000000  0.000000  1.000000  0.999995  0.003296  0.000031  -0.003296  0.999993  -0.001719  -0.000037  0.001719  0.999999  1.000000  0.000000  0.000000  0.000000  1.000000  0.000000  0.000000  0.000000  1.000000  1.000000  0.000000  0.000000  0.000000  1.000000  0.000000  0.000000  0.000000  1.000000  0.000000  0.000000  
52.906125 0.003108  0.089217  -0.007469  0.999861  0.015628  0.005803  -0.015439  0.999392  -0.031262  -0.006288  0.031168  0.999494  -0.000147  -0.005717  -0.006554  0.000000  0.000000  0.000000  2.000000  1.000000  0.000000  0.000000  0.000000  1.000000  0.000000  0.000000  0.000000  1.000000  0.999995  0.003091  0.000038  -0.003091  0.999994  -0.001717  -0.000043  0.001717  0.999999  1.000000  0.000000  0.000000  0.000000  1.000000  0.000000  0.000000  0.000000  1.000000  1.000000  0.000000  0.000000  0.000000  1.000000  0.000000  0.000000  0.000000  1.000000  0.000000  0.000000  
52.907385 0.003107  0.089209  -0.007479  0.999857  0.015838  0.005931  -0.015645  0.999389  -0.031265  -0.006422  0.031168  0.999494  -0.000246  -0.005724  -0.006626  0.000000  0.000000  0.000000  2.000000  1.000000  0.000000  0.000000  0.000000  1.000000  0.000000  0.000000  0.000000  1.000000  0.999994  0.003506  0.000158  -0.003506  0.999992  -0.001720  -0.000164  0.001720  0.999999  1.000000  0.000000  0.000000  0.000000  1.000000  0.000000  0.000000  0.000000  1.000000  1.000000  0.000000  0.000000  0.000000  1.000000  0.000000  0.000000  0.000000  1.000000  0.000000  0.000000  
52.908387 0.003105  0.089202  -0.007486  0.999854  0.016044  0.005924  -0.015851  0.999385  -0.031266  -0.006422  0.031168  0.999494  -0.000382  -0.005728  -0.006673  0.000000  0.000000  0.000000  2.000000  1.000000  0.000000  0.000000  0.000000  1.000000  0.000000  0.000000  0.000000  1.000000  0.999994  0.003506  0.000158  -0.003506  0.999993  -0.001599  -0.000164  0.001599  0.999999  1.000000  0.000000  0.000000  0.000000  1.000000  0.000000  0.000000  0.000000  1.000000  1.000000  0.000000  0.000000  0.000000  1.000000  0.000000  0.000000  0.000000  1.000000  0.000000  0.000000  
52.909422 0.003103  0.089196  -0.007493  0.999850  0.016250  0.005916  -0.016057  0.999378  -0.031389  -0.006422  0.031289  0.999490  -0.000503  -0.005737  -0.006699  0.000000  0.000000  0.000000  2.000000  1.000000  0.000000  0.000000  0.000000  1.000000  0.000000  0.000000  0.000000  1.000000  0.999994  0.003506  0.000158  -0.003506  0.999992  -0.001720  -0.000164  0.001720  0.999999  1.000000  0.000000  0.000000  0.000000  1.000000  0.000000  0.000000  0.000000  1.000000  1.000000  0.000000  0.000000  0.000000  1.000000  0.000000  0.000000  0.000000  1.000000  0.000000  0.000000  
52.910624 0.003101  0.089188  -0.007503  0.999847  0.016456  0.005909  -0.016263  0.999375  -0.031390  -0.006422  0.031289  0.999490  -0.000640  -0.005790  -0.006866  0.000000  0.000000  0.000000  2.000000  1.000000  0.000000  0.000000  0.000000  1.000000  0.000000  0.000000  0.000000  1.000000  0.999993  0.003712  0.000151  -0.003712  0.999992  -0.001600  -0.000157  0.001600  0.999999  1.000000  0.000000  0.000000  0.000000  1.000000  0.000000  0.000000  0.000000  1.000000  1.000000  0.000000  0.000000  0.000000  1.000000  0.000000  0.000000  0.000000  1.000000  0.000000  0.000000  
52.911625 0.003099  0.089182  -0.007511  0.999844  0.016662  0.005903  -0.016469  0.999371  -0.031391  -0.006422  0.031289  0.999490  -0.000795  -0.005842  -0.006932  0.000000  0.000000  0.000000  2.000000  1.000000  0.000000  0.000000  0.000000  1.000000  0.000000  0.000000  0.000000  1.000000  0.999993  0.003712  0.000151  -0.003712  0.999992  -0.001479  -0.000157  0.001479  0.999999  1.000000  0.000000  0.000000  0.000000  1.000000  0.000000  0.000000  0.000000  1.000000  1.000000  0.000000  0.000000  0.000000  1.000000  0.000000  0.000000  0.000000  1.000000  0.000000  0.000000  
52.912629 0.003097  0.089176  -0.007518  0.999840  0.016868  0.005894  -0.016674  0.999364  -0.031513  -0.006422  0.031410  0.999486  -0.000886  -0.005841  -0.006957  0.000000  0.000000  0.000000  2.000000  1.000000  0.000000  0.000000  0.000000  1.000000  0.000000  0.000000  0.000000  1.000000  0.999993  0.003712  0.000151  -0.003712  0.999992  -0.001479  -0.000157  0.001479  0.999999  1.000000  0.000000  0.000000  0.000000  1.000000  0.000000  0.000000  0.000000  1.000000  1.000000  0.000000  0.000000  0.000000  1.000000  0.000000  0.000000  0.000000  1.000000  0.000000  0.000000  
52.913869 0.003095  0.089169  -0.007527  0.999837  0.017074  0.005888  -0.016880  0.999361  -0.031515  -0.006422  0.031410  0.999486  -0.001033  -0.005848  -0.006950  -0.073884  -0.003716  0.171810  2.000000  1.000000  0.000000  0.000000  0.000000  1.000000  0.000000  0.000000  0.000000  1.000000  0.999993  0.003712  0.000151  -0.003712  0.999992  -0.001358  -0.000156  0.001357  0.999999  1.000000  0.000000  0.000000  0.000000  1.000000  0.000000  0.000000  0.000000  1.000000  1.000000  0.000000  0.000000  0.000000  1.000000  0.000000  0.000000  0.000000  1.000000  0.000047  0.000000  
52.914876 0.003092  0.089163  -0.007533  0.999834  0.017276  0.005748  -0.017086  0.999357  -0.031514  -0.006288  0.031410  0.999487  -0.001204  -0.005847  -0.006883  -0.070380  0.000760  0.173032  2.000000  1.000000  0.000000  0.000000  0.000000  1.000000  0.000000  0.000000  0.000000  1.000000  0.999992  0.003910  -0.000123  -0.003910  0.999992  -0.001237  0.000118  0.001238  0.999999  1.000000  0.000000  0.000000  0.000000  1.000000  0.000000  0.000000  0.000000  1.000000  1.000000  0.000000  0.000000  0.000000  1.000000  0.000000  0.000000  0.000000  1.000000  0.000047  0.000000  
52.916120 0.003090  0.089158  -0.007541  0.999831  0.017482  0.005739  -0.017292  0.999350  -0.031636  -0.006288  0.031531  0.999483  -0.001349  -0.005797  -0.006799  -0.073857  0.000765  0.171639  2.000000  1.000000  0.000000  0.000000  0.000000  1.000000  0.000000  0.000000  0.000000  1.000000  0.999992  0.003910  -0.000123  -0.003910  0.999992  -0.001116  0.000119  0.001117  0.999999  1.000000  0.000000  0.000000  0.000000  1.000000  0.000000  0.000000  0.000000  1.000000  1.000000  0.000000  0.000000  0.000000  1.000000  0.000000  0.000000  0.000000  1.000000  0.000047  0.000000  
52.917369 0.003087  0.089152  -0.007548  0.999824  0.017893  0.005726  -0.017704  0.999343  -0.031638  -0.006288  0.031531  0.999483  -0.001562  -0.005764  -0.006791  -0.069853  0.000984  0.178491  2.000000  1.000000  0.000000  0.000000  0.000000  1.000000  0.000000  0.000000  0.000000  1.000000  0.999992  0.003910  -0.000123  -0.003910  0.999992  -0.001116  0.000119  0.001117  0.999999  1.000000  0.000000  0.000000  0.000000  1.000000  0.000000  0.000000  0.000000  1.000000  1.000000  0.000000  0.000000  0.000000  1.000000  0.000000  0.000000  0.000000  1.000000  0.000048  0.000000  
52.918370 0.003084  0.089146  -0.007555  0.999820  0.018099  0.005720  -0.017909  0.999339  -0.031640  -0.006288  0.031531  0.999483  -0.001817  -0.005823  -0.006862  -0.065851  0.001205  0.185349  2.000000  1.000000  0.000000  0.000000  0.000000  1.000000  0.000000  0.000000  0.000000  1.000000  0.999992  0.003910  -0.000123  -0.003910  0.999992  -0.000995  0.000119  0.000995  0.999999  1.000000  0.000000  0.000000  0.000000  1.000000  0.000000  0.000000  0.000000  1.000000  1.000000  0.000000  0.000000  0.000000  1.000000  0.000000  0.000000  0.000000  1.000000  0.000048  0.000000  
52.919619 0.003080  0.089139  -0.007563  0.999816  0.018306  0.005711  -0.018115  0.999331  -0.031762  -0.006288  0.031653  0.999479  -0.002003  -0.005783  -0.006905  -0.065854  0.001227  0.185356  2.000000  1.000000  0.000000  0.000000  0.000000  1.000000  0.000000  0.000000  0.000000  1.000000  0.999992  0.004115  -0.000130  -0.004115  0.999991  -0.000996  0.000126  0.000997  0.999999  1.000000  0.000000  0.000000  0.000000  1.000000  0.000000  0.000000  0.000000  1.000000  1.000000  0.000000  0.000000  0.000000  1.000000  0.000000  0.000000  0.000000  1.000000  0.000050  0.000000  
52.920619 0.003076  0.089133  -0.007571  0.999812  0.018511  0.005704  -0.018321  0.999327  -0.031763  -0.006288  0.031653  0.999479  -0.002163  -0.005812  -0.006982  -0.061842  0.001239  0.185453  2.000000  1.000000  0.000000  0.000000  0.000000  1.000000  0.000000  0.000000  0.000000  1.000000  0.999992  0.003910  -0.000124  -0.003910  0.999992  -0.000995  0.000120  0.000995  0.999999  1.000000  0.000000  0.000000  0.000000  1.000000  0.000000  0.000000  0.000000  1.000000  1.000000  0.000000  0.000000  0.000000  1.000000  0.000000  0.000000  0.000000  1.000000  0.000048  0.000000  
52.921868 0.003071  0.089126  -0.007580  0.999809  0.018718  0.005696  -0.018527  0.999320  -0.031885  -0.006288  0.031774  0.999475  -0.002377  -0.005732  -0.007025  -0.061822  0.001261  0.185393  2.000000  1.000000  0.000000  0.000000  0.000000  1.000000  0.000000  0.000000  0.000000  1.000000  0.999992  0.004115  -0.000131  -0.004115  0.999991  -0.000996  0.000127  0.000997  0.999999  1.000000  0.000000  0.000000  0.000000  1.000000  0.000000  0.000000  0.000000  1.000000  1.000000  0.000000  0.000000  0.000000  1.000000  0.000000  0.000000  0.000000  1.000000  0.000051  0.000000  
52.922870 0.003067  0.089120  -0.007588  0.999805  0.018923  0.005689  -0.018733  0.999316  -0.031887  -0.006288  0.031774  0.999475  -0.002564  -0.005753  -0.007034  -0.057811  0.001485  0.192225  2.000000  1.000000  0.000000  0.000000  0.000000  1.000000  0.000000  0.000000  0.000000  1.000000  0.999992  0.004115  -0.000131  -0.004115  0.999991  -0.000875  0.000127  0.000875  1.000000  1.000000  0.000000  0.000000  0.000000  1.000000  0.000000  0.000000  0.000000  1.000000  1.000000  0.000000  0.000000  0.000000  1.000000  0.000000  0.000000  0.000000  1.000000  0.000051  0.000000  
52.923870 0.003063  0.089113  -0.007595  0.999801  0.019129  0.005682  -0.018939  0.999312  -0.031888  -0.006288  0.031774  0.999475  -0.002725  -0.005720  -0.007028  -0.057810  0.001485  0.192221  2.000000  1.000000  0.000000  0.000000  0.000000  1.000000  0.000000  0.000000  0.000000  1.000000  0.999992  0.004115  -0.000131  -0.004115  0.999991  -0.000875  0.000127  0.000875  1.000000  1.000000  0.000000  0.000000  0.000000  1.000000  0.000000  0.000000  0.000000  1.000000  1.000000  0.000000  0.000000  0.000000  1.000000  0.000000  0.000000  0.000000  1.000000  0.000050  0.000000  
52.924887 0.003058  0.089107  -0.007602  0.999797  0.019335  0.005676  -0.019144  0.999308  -0.031889  -0.006288  0.031774  0.999475  -0.002918  -0.005696  -0.007006  -0.054201  0.006002  0.193589  2.000000  1.000000  0.000000  0.000000  0.000000  1.000000  0.000000  0.000000  0.000000  1.000000  0.999992  0.004115  -0.000131  -0.004115  0.999991  -0.000875  0.000127  0.000875  1.000000  1.000000  0.000000  0.000000  0.000000  1.000000  0.000000  0.000000  0.000000  1.000000  1.000000  0.000000  0.000000  0.000000  1.000000  0.000000  0.000000  0.000000  1.000000  0.000048  0.000000  
52.926125 0.003053  0.089100  -0.007611  0.999794  0.019537  0.005533  -0.019350  0.999300  -0.032009  -0.006155  0.031895  0.999472  -0.003095  -0.005624  -0.006929  -0.054210  0.010523  0.193526  2.000000  1.000000  0.000000  0.000000  0.000000  1.000000  0.000000  0.000000  0.000000  1.000000  0.999992  0.004111  -0.000265  -0.004111  0.999991  -0.000874  0.000262  0.000875  1.000000  1.000000  0.000000  0.000000  0.000000  1.000000  0.000000  0.000000  0.000000  1.000000  1.000000  0.000000  0.000000  0.000000  1.000000  0.000000  0.000000  0.000000  1.000000  0.000049  0.000000  
52.927370 0.003049  0.089093  -0.007620  0.999790  0.019743  0.005527  -0.019556  0.999296  -0.032010  -0.006155  0.031895  0.999472  -0.003255  -0.005589  -0.006921  -0.049721  0.010448  0.191935  2.000000  1.000000  0.000000  0.000000  0.000000  1.000000  0.000000  0.000000  0.000000  1.000000  0.999992  0.004111  -0.000265  -0.004111  0.999991  -0.000874  0.000262  0.000875  1.000000  1.000000  0.000000  0.000000  0.000000  1.000000  0.000000  0.000000  0.000000  1.000000  1.000000  0.000000  0.000000  0.000000  1.000000  0.000000  0.000000  0.000000  1.000000  0.000048  0.000000  
52.928373 0.003044  0.089087  -0.007628  0.999790  0.019743  0.005527  -0.019556  0.999296  -0.032010  -0.006155  0.031895  0.999472  -0.003388  -0.005610  -0.006930  -0.045642  0.010247  0.185107  2.000000  1.000000  0.000000  0.000000  0.000000  1.000000  0.000000  0.000000  0.000000  1.000000  0.999992  0.004111  -0.000265  -0.004111  0.999991  -0.000753  0.000262  0.000754  1.000000  1.000000  0.000000  0.000000  0.000000  1.000000  0.000000  0.000000  0.000000  1.000000  1.000000  0.000000  0.000000  0.000000  1.000000  0.000000  0.000000  0.000000  1.000000  0.000048  0.000000  
52.929628 0.003039  0.089080  -0.007637  0.999786  0.019949  0.005520  -0.019762  0.999292  -0.032011  -0.006155  0.031895  0.999472  -0.003622  -0.005667  -0.007007  -0.041924  0.010339  0.186559  2.000000  1.000000  0.000000  0.000000  0.000000  1.000000  0.000000  0.000000  0.000000  1.000000  0.999992  0.003901  -0.000392  -0.003901  0.999992  -0.000752  0.000389  0.000753  1.000000  1.000000  0.000000  0.000000  0.000000  1.000000  0.000000  0.000000  0.000000  1.000000  1.000000  0.000000  0.000000  0.000000  1.000000  0.000000  0.000000  0.000000  1.000000  0.000049  0.000000  
52.930873 0.003033  0.089072  -0.007647  0.999782  0.020154  0.005513  -0.019968  0.999288  -0.032012  -0.006155  0.031895  0.999472  -0.003817  -0.005766  -0.007190  -0.037854  0.010352  0.186586  2.000000  1.000000  0.000000  0.000000  0.000000  1.000000  0.000000  0.000000  0.000000  1.000000  0.999992  0.003901  -0.000392  -0.003901  0.999992  -0.000630  0.000390  0.000632  1.000000  1.000000  0.000000  0.000000  0.000000  1.000000  0.000000  0.000000  0.000000  1.000000  1.000000  0.000000  0.000000  0.000000  1.000000  0.000000  0.000000  0.000000  1.000000  0.000048  0.000000  
52.932127 0.003028  0.089065  -0.007657  0.999778  0.020360  0.005507  -0.020174  0.999284  -0.032013  -0.006155  0.031895  0.999472  -0.004034  -0.005911  -0.007372  -0.033773  0.010362  0.186568  2.000000  1.000000  0.000000  0.000000  0.000000  1.000000  0.000000  0.000000  0.000000  1.000000  0.999992  0.003901  -0.000392  -0.003901  0.999992  -0.000630  0.000390  0.000632  1.000000  1.000000  0.000000  0.000000  0.000000  1.000000  0.000000  0.000000  0.000000  1.000000  1.000000  0.000000  0.000000  0.000000  1.000000  0.000000  0.000000  0.000000  1.000000  0.000047  0.000000  
52.933367 0.003021  0.089057  -0.007668  0.999773  0.020566  0.005500  -0.020379  0.999280  -0.032014  -0.006155  0.031895  0.999472  -0.004150  -0.005961  -0.007547  -0.033502  0.010279  0.185067  2.000000  1.000000  0.000000  0.000000  0.000000  1.000000  0.000000  0.000000  0.000000  1.000000  0.999993  0.003695  -0.000386  -0.003695  0.999993  -0.000508  0.000384  0.000509  1.000000  1.000000  0.000000  0.000000  0.000000  1.000000  0.000000  0.000000  0.000000  1.000000  1.000000  0.000000  0.000000  0.000000  1.000000  0.000000  0.000000  0.000000  1.000000  0.000046  0.000000  
52.934370 0.003016  0.089050  -0.007677  0.999773  0.020566  0.005500  -0.020379  0.999280  -0.032014  -0.006155  0.031895  0.999472  -0.004310  -0.006059  -0.007697  -0.029414  0.010073  0.178196  2.000000  1.000000  0.000000  0.000000  0.000000  1.000000  0.000000  0.000000  0.000000  1.000000  0.999994  0.003489  -0.000379  -0.003490  0.999994  -0.000507  0.000377  0.000508  1.000000  1.000000  0.000000  0.000000  0.000000  1.000000  0.000000  0.000000  0.000000  1.000000  1.000000  0.000000  0.000000  0.000000  1.000000  0.000000  0.000000  0.000000  1.000000  0.000046  0.000000  
52.935371 0.003011  0.089044  -0.007685  0.999770  0.020767  0.005360  -0.020585  0.999275  -0.032013  -0.006021  0.031895  0.999473  -0.004402  -0.006057  -0.007722  -0.029402  0.014531  0.178057  2.000000  1.000000  0.000000  0.000000  0.000000  1.000000  0.000000  0.000000  0.000000  1.000000  0.999994  0.003485  -0.000513  -0.003485  0.999994  -0.000506  0.000511  0.000508  1.000000  1.000000  0.000000  0.000000  0.000000  1.000000  0.000000  0.000000  0.000000  1.000000  1.000000  0.000000  0.000000  0.000000  1.000000  0.000000  0.000000  0.000000  1.000000  0.000046  0.000000  
