1-Time 2-Px 3-Py 4-Pz 5-R11 6-R21 7-R31 8-R12 9-R22 10-R32 11-R13 12-R23 13-R33 14-Vx 15-Vy 16-Vz 17-Wx 18-Wy 19-Wz 20-state 21-PR11 22-PR21 23-PR31 24-PR12 25-PR22 26-PR32 27-PR13 28-PR23 29-PR33 
82.834238 0.003579  0.093160  -0.013963  0.995089  0.072066  -0.067852  -0.070590  0.997219  0.023904  0.069386  -0.018997  0.997409  -0.000147  0.000177  -0.000124  0.000000  0.000000  0.000000  2.000000  1.000000  0.000000  0.000000  0.000000  1.000000  0.000000  0.000000  0.000000  1.000000  1.000000  -0.000003  0.000134  0.000003  1.000000  0.000000  -0.000134  0.000000  1.000000  1.000000  0.000000  0.000000  0.000000  1.000000  0.000000  0.000000  0.000000  1.000000  0.819043  0.397570  0.413650  -0.436109  0.899893  -0.001397  -0.372796  -0.179252  0.910435  0.000000  0.000000  
82.835488 0.003579  0.093161  -0.013964  0.995065  0.072273  -0.067980  -0.070794  0.997204  0.023927  0.069519  -0.018996  0.997400  -0.000147  0.000177  -0.000124  0.000000  0.000000  0.000000  2.000000  1.000000  0.000000  0.000000  0.000000  1.000000  0.000000  0.000000  0.000000  1.000000  1.000000  0.000205  0.000004  -0.000205  1.000000  0.000014  -0.000004  -0.000014  1.000000  1.000000  0.000000  0.000000  0.000000  1.000000  0.000000  0.000000  0.000000  1.000000  1.000000  0.000000  0.000000  0.000000  1.000000  0.000000  0.000000  0.000000  1.000000  0.000000  0.000000  
82.836488 0.003579  0.093160  -0.013964  0.995027  0.072687  -0.068103  -0.071203  0.997174  0.023965  0.069653  -0.018996  0.997390  -0.000160  0.000104  -0.000126  0.000000  0.000000  0.000000  2.000000  1.000000  0.000000  0.000000  0.000000  1.000000  0.000000  0.000000  0.000000  1.000000  1.000000  0.000413  -0.000126  -0.000413  1.000000  0.000029  0.000126  -0.000029  1.000000  1.000000  0.000000  0.000000  0.000000  1.000000  0.000000  0.000000  0.000000  1.000000  1.000000  0.000000  0.000000  0.000000  1.000000  0.000000  0.000000  0.000000  1.000000  0.000000  0.000000  
82.837738 0.003578  0.093158  -0.013964  0.994994  0.072905  -0.068356  -0.071407  0.997156  0.024119  0.069920  -0.019117  0.997369  -0.000176  -0.000043  -0.000167  0.000000  0.000000  0.000000  2.000000  1.000000  0.000000  0.000000  0.000000  1.000000  0.000000  0.000000  0.000000  1.000000  1.000000  0.000826  -0.000252  -0.000826  1.000000  0.000057  0.000252  -0.000057  1.000000  1.000000  0.000000  0.000000  0.000000  1.000000  0.000000  0.000000  0.000000  1.000000  1.000000  0.000000  0.000000  0.000000  1.000000  0.000000  0.000000  0.000000  1.000000  0.000000  0.000000  
82.838988 0.003579  0.093156  -0.013965  0.994955  0.073318  -0.068479  -0.071816  0.997125  0.024156  0.070053  -0.019117  0.997360  -0.000132  -0.000212  -0.000207  0.000000  0.000000  0.000000  2.000000  1.000000  0.000000  0.000000  0.000000  1.000000  0.000000  0.000000  0.000000  1.000000  0.999999  0.001037  -0.000515  -0.001037  0.999999  0.000193  0.000516  -0.000193  1.000000  1.000000  0.000000  0.000000  0.000000  1.000000  0.000000  0.000000  0.000000  1.000000  1.000000  0.000000  0.000000  0.000000  1.000000  0.000000  0.000000  0.000000  1.000000  0.000000  0.000000  
82.839990 0.003579  0.093154  -0.013965  0.994931  0.073534  -0.068598  -0.072020  0.997107  0.024301  0.070187  -0.019237  0.997348  -0.000070  -0.000352  -0.000191  0.000000  0.000000  0.000000  2.000000  1.000000  0.000000  0.000000  0.000000  1.000000  0.000000  0.000000  0.000000  1.000000  0.999999  0.001245  -0.000645  -0.001245  0.999999  0.000329  0.000645  -0.000328  1.000000  1.000000  0.000000  0.000000  0.000000  1.000000  0.000000  0.000000  0.000000  1.000000  1.000000  0.000000  0.000000  0.000000  1.000000  0.000000  0.000000  0.000000  1.000000  0.000000  0.000000  
82.841242 0.003580  0.093152  -0.013965  0.994882  0.073958  -0.068845  -0.072428  0.997073  0.024470  0.070453  -0.019358  0.997327  0.000002  -0.000507  -0.000165  0.000000  0.000000  0.000000  2.000000  1.000000  0.000000  0.000000  0.000000  1.000000  0.000000  0.000000  0.000000  1.000000  0.999998  0.001661  -0.000904  -0.001660  0.999999  0.000480  0.000905  -0.000478  0.999999  1.000000  0.000000  0.000000  0.000000  1.000000  0.000000  0.000000  0.000000  1.000000  1.000000  0.000000  0.000000  0.000000  1.000000  0.000000  0.000000  0.000000  1.000000  0.000000  0.000000  
82.842243 0.003581  0.093150  -0.013965  0.994833  0.074374  -0.069101  -0.072836  0.997043  0.024517  0.070720  -0.019358  0.997308  0.000047  -0.000609  -0.000169  0.000000  0.000000  0.000000  2.000000  1.000000  0.000000  0.000000  0.000000  1.000000  0.000000  0.000000  0.000000  1.000000  0.999997  0.002279  -0.001026  -0.002279  0.999997  0.000524  0.001027  -0.000521  0.999999  1.000000  0.000000  0.000000  0.000000  1.000000  0.000000  0.000000  0.000000  1.000000  1.000000  0.000000  0.000000  0.000000  1.000000  0.000000  0.000000  0.000000  1.000000  0.000000  0.000000  
82.843246 0.003581  0.093149  -0.013964  0.994779  0.075001  -0.069210  -0.073450  0.996993  0.024691  0.070854  -0.019478  0.997297  0.000089  -0.000713  -0.000124  0.000000  0.000000  0.000000  2.000000  1.000000  0.000000  0.000000  0.000000  1.000000  0.000000  0.000000  0.000000  1.000000  0.999996  0.002695  -0.001286  -0.002695  0.999996  0.000553  0.001287  -0.000550  0.999999  1.000000  0.000000  0.000000  0.000000  1.000000  0.000000  0.000000  0.000000  1.000000  1.000000  0.000000  0.000000  0.000000  1.000000  0.000000  0.000000  0.000000  1.000000  0.000000  0.000000  
82.844361 0.003582  0.093147  -0.013965  0.994730  0.075417  -0.069466  -0.073858  0.996962  0.024739  0.071121  -0.019478  0.997278  0.000124  -0.000864  -0.000174  0.000000  0.000000  0.000000  2.000000  1.000000  0.000000  0.000000  0.000000  1.000000  0.000000  0.000000  0.000000  1.000000  0.999994  0.003314  -0.001407  -0.003313  0.999994  0.000719  0.001409  -0.000714  0.999999  1.000000  0.000000  0.000000  0.000000  1.000000  0.000000  0.000000  0.000000  1.000000  1.000000  0.000000  0.000000  0.000000  1.000000  0.000000  0.000000  0.000000  1.000000  0.000000  0.000000  
82.845488 0.003581  0.093145  -0.013967  0.994665  0.076038  -0.069717  -0.074471  0.996915  0.024802  0.071388  -0.019478  0.997258  0.000121  -0.001020  -0.000252  0.000000  0.000000  0.000000  2.000000  1.000000  0.000000  0.000000  0.000000  1.000000  0.000000  0.000000  0.000000  1.000000  0.999991  0.003938  -0.001796  -0.003937  0.999992  0.000764  0.001799  -0.000757  0.999998  1.000000  0.000000  0.000000  0.000000  1.000000  0.000000  0.000000  0.000000  1.000000  1.000000  0.000000  0.000000  0.000000  1.000000  0.000000  0.000000  0.000000  1.000000  0.000000  0.000000  
82.846491 0.003582  0.093145  -0.013968  0.994615  0.076453  -0.069973  -0.074879  0.996883  0.024851  0.071655  -0.019477  0.997239  0.000172  -0.001073  -0.000343  0.000000  0.000000  0.000000  2.000000  1.000000  0.000000  0.000000  0.000000  1.000000  0.000000  0.000000  0.000000  1.000000  0.999988  0.004354  -0.002055  -0.004352  0.999990  0.000795  0.002059  -0.000786  0.999998  1.000000  0.000000  0.000000  0.000000  1.000000  0.000000  0.000000  0.000000  1.000000  1.000000  0.000000  0.000000  0.000000  1.000000  0.000000  0.000000  0.000000  1.000000  0.000000  0.000000  
82.847743 0.003583  0.093144  -0.013969  0.994524  0.077290  -0.070342  -0.075696  0.996816  0.025060  0.072055  -0.019598  0.997208  0.000234  -0.001074  -0.000388  0.032619  0.082064  0.174119  2.000000  1.000000  0.000000  0.000000  0.000000  1.000000  0.000000  0.000000  0.000000  1.000000  0.999985  0.004975  -0.002310  -0.004973  0.999987  0.000962  0.002315  -0.000950  0.999997  1.000000  0.000000  0.000000  0.000000  1.000000  0.000000  0.000000  0.000000  1.000000  1.000000  0.000000  0.000000  0.000000  1.000000  0.000000  0.000000  0.000000  1.000000  0.000000  0.000000  
82.848993 0.003583  0.093144  -0.013970  0.994458  0.077911  -0.070593  -0.076309  0.996768  0.025123  0.072322  -0.019597  0.997189  0.000283  -0.001148  -0.000435  0.034113  0.090650  0.194980  2.000000  1.000000  0.000337  -0.000159  -0.000337  1.000000  0.000062  0.000159  -0.000062  1.000000  0.999981  0.005599  -0.002699  -0.005596  0.999984  0.001008  0.002705  -0.000993  0.999996  1.000000  0.000070  -0.000034  -0.000070  1.000000  0.000013  0.000034  -0.000013  1.000000  1.000000  0.000337  -0.000159  -0.000337  1.000000  0.000062  0.000159  -0.000062  1.000000  0.000053  0.006296  
82.850241 0.003584  0.093142  -0.013971  0.994382  0.078535  -0.070976  -0.076921  0.996719  0.025198  0.072722  -0.019597  0.997160  0.000351  -0.001247  -0.000510  0.035630  0.103741  0.215948  2.000000  1.000000  0.000643  -0.000305  -0.000643  1.000000  0.000114  0.000305  -0.000113  1.000000  0.999975  0.006428  -0.003084  -0.006425  0.999979  0.001070  0.003091  -0.001050  0.999995  1.000000  0.000080  -0.000039  -0.000080  1.000000  0.000013  0.000039  -0.000013  1.000000  1.000000  0.000643  -0.000305  -0.000643  1.000000  0.000114  0.000305  -0.000113  1.000000  0.000061  0.007208  
82.851592 0.003585  0.093141  -0.013972  0.994289  0.079363  -0.071354  -0.077737  0.996653  0.025288  0.073123  -0.019596  0.997130  0.000421  -0.001242  -0.000587  0.037518  0.116293  0.242967  2.000000  0.999999  0.001065  -0.000508  -0.001065  0.999999  0.000182  0.000508  -0.000181  1.000000  0.999970  0.007050  -0.003339  -0.007046  0.999975  0.001117  0.003347  -0.001093  0.999994  1.000000  0.000088  -0.000042  -0.000088  1.000000  0.000014  0.000042  -0.000014  1.000000  0.999999  0.001065  -0.000508  -0.001065  0.999999  0.000182  0.000508  -0.000181  1.000000  0.000066  0.007878  
82.852741 0.003586  0.093139  -0.013972  0.994221  0.079993  -0.071595  -0.078350  0.996600  0.025473  0.073389  -0.019717  0.997108  0.000480  -0.001239  -0.000463  0.043236  0.125262  0.264669  2.000000  0.999999  0.001441  -0.000688  -0.001441  0.999999  0.000242  0.000688  -0.000241  1.000000  0.999964  0.007674  -0.003727  -0.007669  0.999970  0.001286  0.003737  -0.001258  0.999992  1.000000  0.000096  -0.000047  -0.000096  1.000000  0.000016  0.000047  -0.000016  1.000000  0.999999  0.001441  -0.000688  -0.001441  0.999999  0.000242  0.000688  -0.000241  1.000000  0.000072  0.008626  
82.853988 0.003587  0.093137  -0.013970  0.994159  0.080411  -0.071984  -0.078757  0.996567  0.025535  0.073790  -0.019716  0.997079  0.000514  -0.001277  -0.000345  0.044284  0.138492  0.278750  2.000000  0.999998  0.001944  -0.000937  -0.001944  0.999998  0.000323  0.000938  -0.000322  1.000000  0.999957  0.008298  -0.004116  -0.008292  0.999965  0.001334  0.004127  -0.001300  0.999991  1.000000  0.000104  -0.000052  -0.000104  1.000000  0.000016  0.000052  -0.000016  1.000000  0.999998  0.001944  -0.000937  -0.001944  0.999998  0.000323  0.000938  -0.000322  1.000000  0.000078  0.009356  
82.854988 0.003587  0.093134  -0.013969  0.994091  0.081041  -0.072224  -0.079369  0.996513  0.025721  0.074057  -0.019837  0.997057  0.000517  -0.001342  -0.000234  0.049887  0.147063  0.299629  2.000000  0.999997  0.002369  -0.001156  -0.002369  0.999997  0.000390  0.001157  -0.000388  0.999999  0.999952  0.008716  -0.004509  -0.008710  0.999961  0.001368  0.004520  -0.001328  0.999989  1.000000  0.000109  -0.000056  -0.000109  1.000000  0.000017  0.000056  -0.000017  1.000000  0.999997  0.002369  -0.001156  -0.002369  0.999997  0.000390  0.001157  -0.000388  0.999999  0.000083  0.009906  
82.855989 0.003588  0.093130  -0.013967  0.994028  0.081459  -0.072612  -0.079776  0.996479  0.025783  0.074457  -0.019836  0.997027  0.000549  -0.001455  -0.000167  0.050549  0.159040  0.311257  2.000000  0.999995  0.002821  -0.001390  -0.002820  0.999996  0.000466  0.001391  -0.000462  0.999999  0.999947  0.009133  -0.004767  -0.009126  0.999957  0.001522  0.004780  -0.001478  0.999987  1.000000  0.000114  -0.000060  -0.000114  1.000000  0.000019  0.000060  -0.000019  1.000000  0.999995  0.002821  -0.001390  -0.002820  0.999996  0.000466  0.001391  -0.000462  0.999999  0.000087  0.010411  
82.857238 0.003590  0.093126  -0.013965  0.993949  0.082082  -0.072995  -0.080388  0.996428  0.025860  0.074857  -0.019836  0.996997  0.000593  -0.001630  -0.000017  0.052512  0.173390  0.334691  2.000000  0.999993  0.003399  -0.001696  -0.003398  0.999994  0.000561  0.001698  -0.000555  0.999998  0.999944  0.009343  -0.005030  -0.009336  0.999955  0.001542  0.005044  -0.001495  0.999986  1.000000  0.000117  -0.000063  -0.000117  1.000000  0.000019  0.000063  -0.000019  1.000000  0.999993  0.003399  -0.001696  -0.003398  0.999994  0.000561  0.001698  -0.000555  0.999998  0.000093  0.010720  
82.858243 0.003590  0.093122  -0.013964  0.993902  0.082295  -0.073389  -0.080590  0.996411  0.025907  0.075257  -0.019835  0.996967  0.000603  -0.001790  0.000051  0.052664  0.185284  0.339176  2.000000  0.999991  0.003755  -0.001892  -0.003754  0.999993  0.000619  0.001894  -0.000612  0.999998  0.999940  0.009554  -0.005293  -0.009546  0.999953  0.001560  0.005308  -0.001509  0.999985  1.000000  0.000119  -0.000066  -0.000119  1.000000  0.000019  0.000066  -0.000019  1.000000  0.999991  0.003755  -0.001892  -0.003754  0.999993  0.000619  0.001894  -0.000612  0.999998  0.000098  0.011030  
82.859246 0.003591  0.093118  -0.013962  0.993849  0.082720  -0.073634  -0.080997  0.996373  0.026080  0.075524  -0.019956  0.996944  0.000642  -0.001978  0.000228  0.058189  0.195394  0.355738  2.000000  0.999989  0.004230  -0.002160  -0.004228  0.999991  0.000697  0.002163  -0.000688  0.999997  0.999940  0.009557  -0.005426  -0.009549  0.999953  0.001564  0.005441  -0.001512  0.999984  1.000000  0.000119  -0.000068  -0.000119  1.000000  0.000019  0.000068  -0.000019  1.000000  0.999989  0.004230  -0.002160  -0.004228  0.999991  0.000697  0.002163  -0.000688  0.999997  0.000103  0.011097  
82.860488 0.003592  0.093112  -0.013961  0.993785  0.083138  -0.074022  -0.081404  0.996338  0.026143  0.075925  -0.019955  0.996914  0.000718  -0.002210  0.000355  0.059273  0.208632  0.369834  2.000000  0.999985  0.004830  -0.002505  -0.004828  0.999988  0.000793  0.002509  -0.000781  0.999997  0.999939  0.009560  -0.005560  -0.009552  0.999953  0.001445  0.005573  -0.001392  0.999984  1.000000  0.000119  -0.000070  -0.000119  1.000000  0.000018  0.000070  -0.000018  1.000000  0.999985  0.004830  -0.002505  -0.004828  0.999988  0.000793  0.002509  -0.000781  0.999997  0.000105  0.011150  
82.861491 0.003594  0.093108  -0.013960  0.993758  0.083337  -0.074160  -0.081608  0.996324  0.026048  0.076058  -0.019834  0.996906  0.000789  -0.002455  0.000520  0.055720  0.213000  0.376778  2.000000  0.999982  0.005316  -0.002785  -0.005313  0.999986  0.000862  0.002789  -0.000847  0.999996  0.999937  0.009764  -0.005557  -0.009757  0.999951  0.001342  0.005569  -0.001287  0.999984  1.000000  0.000122  -0.000070  -0.000122  1.000000  0.000016  0.000070  -0.000016  1.000000  0.999982  0.005316  -0.002785  -0.005313  0.999986  0.000862  0.002789  -0.000847  0.999996  0.000109  0.011312  
82.862745 0.003596  0.093103  -0.013959  0.993704  0.083752  -0.074415  -0.082015  0.996289  0.026101  0.076325  -0.019833  0.996886  0.000942  -0.002789  0.000705  0.056746  0.226186  0.390782  2.000000  0.999978  0.005918  -0.003134  -0.005915  0.999982  0.000941  0.003139  -0.000922  0.999995  0.999939  0.009559  -0.005561  -0.009552  0.999954  0.001207  0.005572  -0.001154  0.999984  1.000000  0.000119  -0.000070  -0.000119  1.000000  0.000015  0.000070  -0.000015  1.000000  0.999978  0.005918  -0.003134  -0.005915  0.999982  0.000941  0.003139  -0.000922  0.999995  0.000114  0.011122  
82.863993 0.003598  0.093098  -0.013957  0.993650  0.084168  -0.074670  -0.082423  0.996254  0.026154  0.076592  -0.019833  0.996865  0.001020  -0.003089  0.000925  0.057826  0.234984  0.404882  2.000000  0.999973  0.006500  -0.003478  -0.006497  0.999978  0.001016  0.003485  -0.000993  0.999993  0.999943  0.009145  -0.005436  -0.009139  0.999958  0.001177  0.005446  -0.001127  0.999985  1.000000  0.000114  -0.000068  -0.000114  1.000000  0.000014  0.000068  -0.000014  1.000000  0.999973  0.006500  -0.003478  -0.006497  0.999978  0.001016  0.003485  -0.000993  0.999993  0.000116  0.010701  
82.865243 0.003600  0.093094  -0.013954  0.993623  0.084366  -0.074808  -0.082627  0.996240  0.026059  0.076725  -0.019712  0.996857  0.001063  -0.003283  0.001113  0.053803  0.235009  0.404865  2.000000  0.999968  0.007062  -0.003820  -0.007057  0.999975  0.001079  0.003827  -0.001052  0.999992  0.999945  0.008939  -0.005441  -0.008934  0.999960  0.000921  0.005449  -0.000873  0.999985  1.000000  0.000112  -0.000068  -0.000112  1.000000  0.000011  0.000068  -0.000011  1.000000  0.999968  0.007062  -0.003820  -0.007057  0.999975  0.001079  0.003827  -0.001052  0.999992  0.000119  0.010503  
82.866492 0.003602  0.093090  -0.013952  0.993612  0.084369  -0.074941  -0.082626  0.996240  0.026070  0.076858  -0.019712  0.996847  0.001123  -0.003443  0.001350  0.052841  0.235269  0.391048  2.000000  0.999964  0.007483  -0.004086  -0.007478  0.999971  0.001124  0.004094  -0.001093  0.999991  0.999951  0.008321  -0.005320  -0.008316  0.999965  0.000875  0.005327  -0.000831  0.999985  1.000000  0.000104  -0.000067  -0.000104  1.000000  0.000011  0.000067  -0.000011  1.000000  0.999964  0.007483  -0.004086  -0.007478  0.999971  0.001124  0.004094  -0.001093  0.999991  0.000115  0.009913  
82.867492 0.003603  0.093086  -0.013950  0.993585  0.084568  -0.075078  -0.082829  0.996225  0.025976  0.076992  -0.019591  0.996839  0.001174  -0.003613  0.001452  0.044769  0.230786  0.390978  2.000000  0.999959  0.007891  -0.004345  -0.007886  0.999968  0.001165  0.004354  -0.001130  0.999990  0.999954  0.008112  -0.005191  -0.008108  0.999967  0.000739  0.005197  -0.000697  0.999986  1.000000  0.000101  -0.000065  -0.000101  1.000000  0.000009  0.000065  -0.000009  1.000000  0.999959  0.007891  -0.004345  -0.007886  0.999968  0.001165  0.004354  -0.001130  0.999990  0.000115  0.009657  
82.868738 0.003604  0.093081  -0.013948  0.993558  0.084775  -0.075206  -0.083033  0.996207  0.026002  0.077125  -0.019590  0.996829  0.001172  -0.003736  0.001504  0.044317  0.230949  0.384122  2.000000  0.999954  0.008375  -0.004660  -0.008369  0.999964  0.001204  0.004670  -0.001165  0.999988  0.999960  0.007490  -0.004936  -0.007488  0.999972  0.000571  0.004940  -0.000534  0.999988  1.000000  0.000094  -0.000062  -0.000094  1.000000  0.000007  0.000062  -0.000007  1.000000  0.999954  0.008375  -0.004660  -0.008369  0.999964  0.001204  0.004670  -0.001165  0.999988  0.000114  0.008988  
82.869988 0.003604  0.093075  -0.013945  0.993530  0.084974  -0.075344  -0.083237  0.996193  0.025908  0.077259  -0.019469  0.996821  0.001162  -0.003871  0.001599  0.035913  0.229035  0.380936  2.000000  0.999949  0.008827  -0.004963  -0.008821  0.999960  0.001236  0.004974  -0.001192  0.999987  0.999963  0.007077  -0.004811  -0.007075  0.999975  0.000419  0.004814  -0.000385  0.999988  1.000000  0.000088  -0.000060  -0.000088  1.000000  0.000005  0.000060  -0.000005  1.000000  0.999949  0.008827  -0.004963  -0.008821  0.999960  0.001236  0.004974  -0.001192  0.999987  0.000113  0.008567  
82.871238 0.003604  0.093070  -0.013942  0.993520  0.084967  -0.075487  -0.083236  0.996196  0.025799  0.077392  -0.019348  0.996813  0.001047  -0.003965  0.001659  0.026890  0.224861  0.367189  2.000000  0.999944  0.009236  -0.005241  -0.009229  0.999957  0.001261  0.005253  -0.001213  0.999985  0.999971  0.006245  -0.004293  -0.006243  0.999980  0.000356  0.004295  -0.000329  0.999991  1.000000  0.000078  -0.000054  -0.000078  1.000000  0.000004  0.000054  -0.000004  1.000000  0.999944  0.009236  -0.005241  -0.009229  0.999957  0.001261  0.005253  -0.001213  0.999985  0.000109  0.007586  
82.872238 0.003604  0.093065  -0.013940  0.993503  0.085172  -0.075482  -0.083441  0.996178  0.025814  0.077392  -0.019348  0.996813  0.001005  -0.004064  0.001749  0.026431  0.216083  0.360183  2.000000  0.999940  0.009535  -0.005456  -0.009528  0.999954  0.001273  0.005468  -0.001221  0.999984  0.999974  0.005831  -0.004168  -0.005830  0.999983  0.000203  0.004169  -0.000179  0.999991  1.000000  0.000073  -0.000052  -0.000073  1.000000  0.000002  0.000052  -0.000002  1.000000  0.999940  0.009535  -0.005456  -0.009528  0.999954  0.001273  0.005468  -0.001221  0.999984  0.000106  0.007170  
82.873488 0.003604  0.093058  -0.013937  0.993503  0.085163  -0.075492  -0.083441  0.996181  0.025693  0.077392  -0.019227  0.996815  0.000894  -0.004150  0.001801  0.016863  0.207557  0.339469  2.000000  0.999935  0.009871  -0.005702  -0.009864  0.999951  0.001276  0.005714  -0.001220  0.999983  0.999979  0.005207  -0.003779  -0.005207  0.999986  -0.000087  0.003779  0.000107  0.999993  1.000000  0.000065  -0.000047  -0.000065  1.000000  -0.000001  0.000047  0.000001  1.000000  0.999935  0.009871  -0.005702  -0.009864  0.999951  0.001276  0.005714  -0.001220  0.999983  0.000100  0.006435  
82.874738 0.003604  0.093053  -0.013933  0.993486  0.085359  -0.075497  -0.083645  0.996167  0.025588  0.077392  -0.019106  0.996818  0.000838  -0.004191  0.001931  0.011336  0.199091  0.318807  2.000000  0.999934  0.009934  -0.005749  -0.009927  0.999950  0.001276  0.005762  -0.001218  0.999983  0.999981  0.004996  -0.003516  -0.004997  0.999988  -0.000103  0.003515  0.000120  0.999994  1.000000  0.000000  0.000000  0.000000  1.000000  0.000000  0.000000  0.000000  1.000000  0.999934  0.009934  -0.005749  -0.009927  0.999950  0.001276  0.005762  -0.001218  0.999983  0.000095  0.000000  
82.875741 0.003604  0.093048  -0.013930  0.993475  0.085362  -0.075630  -0.083644  0.996167  0.025599  0.077525  -0.019106  0.996807  0.000763  -0.004207  0.002054  0.010372  0.194835  0.304932  2.000000  0.999934  0.009934  -0.005749  -0.009927  0.999950  0.001276  0.005762  -0.001218  0.999983  0.999985  0.004377  -0.003395  -0.004379  0.999990  -0.000393  0.003393  0.000408  0.999994  1.000000  0.000000  0.000000  0.000000  1.000000  0.000000  0.000000  0.000000  1.000000  0.999934  0.009934  -0.005749  -0.009927  0.999950  0.001276  0.005762  -0.001218  0.999983  0.000091  0.000000  
82.876744 0.003604  0.093044  -0.013927  0.993475  0.085353  -0.075640  -0.083644  0.996170  0.025478  0.077525  -0.018985  0.996810  0.000623  -0.004225  0.002197  0.005348  0.186315  0.291242  2.000000  0.999934  0.009934  -0.005749  -0.009927  0.999950  0.001276  0.005762  -0.001218  0.999983  0.999988  0.003959  -0.003002  -0.003960  0.999992  -0.000546  0.003000  0.000558  0.999995  1.000000  0.000000  0.000000  0.000000  1.000000  0.000000  0.000000  0.000000  1.000000  0.999934  0.009934  -0.005749  -0.009927  0.999950  0.001276  0.005762  -0.001218  0.999983  0.000087  0.000000  
82.877996 0.003604  0.093037  -0.013924  0.993458  0.085548  -0.075646  -0.083849  0.996155  0.025373  0.077525  -0.018864  0.996812  0.000455  -0.004321  0.002266  -0.004259  0.174631  0.272478  2.000000  0.999934  0.009934  -0.005749  -0.009927  0.999950  0.001276  0.005762  -0.001218  0.999983  0.999990  0.003540  -0.002609  -0.003542  0.999993  -0.000699  0.002606  0.000708  0.999996  1.000000  0.000000  0.000000  0.000000  1.000000  0.000000  0.000000  0.000000  1.000000  0.999934  0.009934  -0.005749  -0.009927  0.999950  0.001276  0.005762  -0.001218  0.999983  0.000082  0.000000  
82.879251 0.003604  0.093032  -0.013922  0.993458  0.085539  -0.075656  -0.083849  0.996158  0.025252  0.077525  -0.018743  0.996814  0.000320  -0.004369  0.002308  -0.009839  0.161551  0.251499  2.000000  0.999934  0.009934  -0.005749  -0.009927  0.999950  0.001276  0.005762  -0.001218  0.999983  0.999993  0.003119  -0.002082  -0.003121  0.999995  -0.000974  0.002079  0.000980  0.999997  1.000000  0.000000  0.000000  0.000000  1.000000  0.000000  0.000000  0.000000  1.000000  0.999934  0.009934  -0.005749  -0.009927  0.999950  0.001276  0.005762  -0.001218  0.999983  0.000077  0.000000  
82.880492 0.003603  0.093026  -0.013920  0.993441  0.085735  -0.075661  -0.084053  0.996144  0.025147  0.077525  -0.018622  0.996816  0.000195  -0.004500  0.002278  -0.014802  0.151612  0.235611  2.000000  0.999934  0.009934  -0.005749  -0.009927  0.999950  0.001276  0.005762  -0.001218  0.999983  0.999995  0.002701  -0.001689  -0.002703  0.999996  -0.001127  0.001686  0.001131  0.999998  1.000000  0.000000  0.000000  0.000000  1.000000  0.000000  0.000000  0.000000  1.000000  0.999934  0.009934  -0.005749  -0.009927  0.999950  0.001276  0.005762  -0.001218  0.999983  0.000069  0.000000  
82.881496 0.003603  0.093021  -0.013920  0.993441  0.085726  -0.075672  -0.084053  0.996147  0.025026  0.077525  -0.018502  0.996819  0.000044  -0.004612  0.002138  -0.020430  0.143559  0.215593  2.000000  0.999934  0.009934  -0.005749  -0.009927  0.999950  0.001276  0.005762  -0.001218  0.999983  0.999995  0.002698  -0.001555  -0.002700  0.999996  -0.001006  0.001552  0.001010  0.999998  1.000000  0.000000  0.000000  0.000000  1.000000  0.000000  0.000000  0.000000  1.000000  0.999934  0.009934  -0.005749  -0.009927  0.999950  0.001276  0.005762  -0.001218  0.999983  0.000065  0.000000  
82.882741 0.003602  0.093015  -0.013919  0.993434  0.085919  -0.075544  -0.084259  0.996133  0.024910  0.077392  -0.018381  0.996831  -0.000079  -0.004749  0.002075  -0.029707  0.126581  0.202568  2.000000  0.999934  0.009934  -0.005749  -0.009927  0.999950  0.001276  0.005762  -0.001218  0.999983  0.999996  0.002485  -0.001158  -0.002487  0.999996  -0.001143  0.001155  0.001146  0.999999  1.000000  0.000000  0.000000  0.000000  1.000000  0.000000  0.000000  0.000000  1.000000  0.999934  0.009934  -0.005749  -0.009927  0.999950  0.001276  0.005762  -0.001218  0.999983  0.000061  0.000000  
82.884008 0.003602  0.093009  -0.013919  0.993434  0.085919  -0.075544  -0.084259  0.996133  0.024910  0.077392  -0.018381  0.996831  -0.000151  -0.004733  0.001830  -0.031219  0.113419  0.181501  2.000000  0.999934  0.009934  -0.005749  -0.009927  0.999950  0.001276  0.005762  -0.001218  0.999983  0.999997  0.002070  -0.000898  -0.002071  0.999997  -0.001296  0.000896  0.001298  0.999999  1.000000  0.000000  0.000000  0.000000  1.000000  0.000000  0.000000  0.000000  1.000000  0.999934  0.009934  -0.005749  -0.009927  0.999950  0.001276  0.005762  -0.001218  0.999983  0.000056  0.000000  
82.885238 0.003601  0.093003  -0.013919  0.993434  0.085910  -0.075554  -0.084259  0.996136  0.024789  0.077392  -0.018260  0.996834  -0.000217  -0.004742  0.001674  0.000000  0.000000  0.000000  2.000000  0.999934  0.009934  -0.005749  -0.009927  0.999950  0.001276  0.005762  -0.001218  0.999983  0.999998  0.001862  -0.000769  -0.001863  0.999997  -0.001433  0.000766  0.001435  0.999999  1.000000  0.000000  0.000000  0.000000  1.000000  0.000000  0.000000  0.000000  1.000000  0.999934  0.009934  -0.005749  -0.009927  0.999950  0.001276  0.005762  -0.001218  0.999983  0.000000  0.000000  
82.886488 0.003600  0.092998  -0.013919  0.993417  0.086106  -0.075560  -0.084463  0.996121  0.024683  0.077392  -0.018139  0.996836  -0.000286  -0.004688  0.001486  0.000000  0.000000  0.000000  2.000000  0.999934  0.009934  -0.005749  -0.009927  0.999950  0.001276  0.005762  -0.001218  0.999983  0.999998  0.001857  -0.000501  -0.001858  0.999997  -0.001433  0.000499  0.001434  0.999999  1.000000  0.000000  0.000000  0.000000  1.000000  0.000000  0.000000  0.000000  1.000000  0.999934  0.009934  -0.005749  -0.009927  0.999950  0.001276  0.005762  -0.001218  0.999983  0.000000  0.000000  
82.887739 0.003598  0.092992  -0.013920  0.993399  0.086302  -0.075565  -0.084668  0.996106  0.024578  0.077392  -0.018018  0.996838  -0.000375  -0.004645  0.001259  0.000000  0.000000  0.000000  2.000000  0.999934  0.009934  -0.005749  -0.009927  0.999950  0.001276  0.005762  -0.001218  0.999983  0.999999  0.001649  -0.000372  -0.001650  0.999998  -0.001449  0.000369  0.001450  0.999999  1.000000  0.000000  0.000000  0.000000  1.000000  0.000000  0.000000  0.000000  1.000000  0.999934  0.009934  -0.005749  -0.009927  0.999950  0.001276  0.005762  -0.001218  0.999983  0.000000  0.000000  
82.888988 0.003598  0.092987  -0.013919  0.993399  0.086293  -0.075576  -0.084668  0.996109  0.024457  0.077392  -0.017897  0.996840  -0.000404  -0.004604  0.001084  0.000000  0.000000  0.000000  2.000000  0.999934  0.009934  -0.005749  -0.009927  0.999950  0.001276  0.005762  -0.001218  0.999983  0.999999  0.001647  -0.000238  -0.001647  0.999998  -0.001449  0.000235  0.001450  0.999999  1.000000  0.000000  0.000000  0.000000  1.000000  0.000000  0.000000  0.000000  1.000000  0.999934  0.009934  -0.005749  -0.009927  0.999950  0.001276  0.005762  -0.001218  0.999983  0.000000  0.000000  
82.890243 0.003597  0.092983  -0.013919  0.993382  0.086498  -0.075570  -0.084872  0.996091  0.024473  0.077392  -0.017897  0.996840  -0.000448  -0.004494  0.000743  0.000000  0.000000  0.000000  2.000000  0.999934  0.009934  -0.005749  -0.009927  0.999950  0.001276  0.005762  -0.001218  0.999983  0.999999  0.001644  -0.000104  -0.001644  0.999998  -0.001449  0.000102  0.001450  0.999999  1.000000  0.000000  0.000000  0.000000  1.000000  0.000000  0.000000  0.000000  1.000000  0.999934  0.009934  -0.005749  -0.009927  0.999950  0.001276  0.005762  -0.001218  0.999983  0.000000  0.000000  
82.891490 0.003597  0.092978  -0.013919  0.993382  0.086489  -0.075581  -0.084872  0.996094  0.024352  0.077392  -0.017776  0.996842  -0.000493  -0.004412  0.000560  0.000000  0.000000  0.000000  2.000000  0.999934  0.009934  -0.005749  -0.009927  0.999950  0.001276  0.005762  -0.001218  0.999983  0.999999  0.001644  -0.000104  -0.001644  0.999997  -0.001571  0.000102  0.001571  0.999999  1.000000  0.000000  0.000000  0.000000  1.000000  0.000000  0.000000  0.000000  1.000000  0.999934  0.009934  -0.005749  -0.009927  0.999950  0.001276  0.005762  -0.001218  0.999983  0.000000  0.000000  
82.892492 0.003596  0.092975  -0.013920  0.993364  0.086685  -0.075586  -0.085077  0.996079  0.024247  0.077392  -0.017655  0.996844  -0.000521  -0.004334  0.000356  0.000000  0.000000  0.000000  2.000000  0.999934  0.009934  -0.005749  -0.009927  0.999950  0.001276  0.005762  -0.001218  0.999983  0.999999  0.001642  0.000029  -0.001642  0.999997  -0.001571  -0.000032  0.001571  0.999999  1.000000  0.000000  0.000000  0.000000  1.000000  0.000000  0.000000  0.000000  1.000000  0.999934  0.009934  -0.005749  -0.009927  0.999950  0.001276  0.005762  -0.001218  0.999983  0.000000  0.000000  
82.893742 0.003597  0.092971  -0.013920  0.993347  0.086881  -0.075592  -0.085281  0.996064  0.024142  0.077392  -0.017534  0.996847  -0.000469  -0.004183  0.000113  0.000000  0.000000  0.000000  2.000000  0.999934  0.009934  -0.005749  -0.009927  0.999950  0.001276  0.005762  -0.001218  0.999983  0.999999  0.001642  0.000029  -0.001642  0.999998  -0.001449  -0.000032  0.001449  0.999999  1.000000  0.000000  0.000000  0.000000  1.000000  0.000000  0.000000  0.000000  1.000000  0.999934  0.009934  -0.005749  -0.009927  0.999950  0.001276  0.005762  -0.001218  0.999983  0.000000  0.000000  
82.894994 0.003597  0.092967  -0.013921  0.993347  0.086881  -0.075592  -0.085281  0.996064  0.024142  0.077392  -0.017534  0.996847  -0.000423  -0.004028  -0.000003  0.000000  0.000000  0.000000  2.000000  0.999934  0.009934  -0.005749  -0.009927  0.999950  0.001276  0.005762  -0.001218  0.999983  0.999999  0.001642  0.000029  -0.001642  0.999998  -0.001449  -0.000031  0.001449  0.999999  1.000000  0.000000  0.000000  0.000000  1.000000  0.000000  0.000000  0.000000  1.000000  0.999934  0.009934  -0.005749  -0.009927  0.999950  0.001276  0.005762  -0.001218  0.999983  0.000000  0.000000  
82.895995 0.003597  0.092964  -0.013922  0.993319  0.087079  -0.075730  -0.085485  0.996049  0.024048  0.077525  -0.017413  0.996838  -0.000386  -0.003910  -0.000125  0.000000  0.000000  0.000000  2.000000  0.999934  0.009934  -0.005749  -0.009927  0.999950  0.001276  0.005762  -0.001218  0.999983  0.999998  0.001847  0.000032  -0.001847  0.999997  -0.001555  -0.000035  0.001554  0.999999  1.000000  0.000000  0.000000  0.000000  1.000000  0.000000  0.000000  0.000000  1.000000  0.999934  0.009934  -0.005749  -0.009927  0.999950  0.001276  0.005762  -0.001218  0.999983  0.000000  0.000000  
82.896996 0.003598  0.092962  -0.013923  0.993319  0.087070  -0.075741  -0.085485  0.996052  0.023927  0.077525  -0.017292  0.996840  -0.000325  -0.003772  -0.000231  0.000000  0.000000  0.000000  2.000000  0.999934  0.009934  -0.005749  -0.009927  0.999950  0.001276  0.005762  -0.001218  0.999983  0.999998  0.001847  0.000032  -0.001847  0.999997  -0.001555  -0.000035  0.001554  0.999999  1.000000  0.000000  0.000000  0.000000  1.000000  0.000000  0.000000  0.000000  1.000000  0.999934  0.009934  -0.005749  -0.009927  0.999950  0.001276  0.005762  -0.001218  0.999983  0.000000  0.000000  
82.898247 0.003599  0.092958  -0.013922  0.993301  0.087265  -0.075747  -0.085689  0.996037  0.023822  0.077525  -0.017171  0.996842  -0.000175  -0.003575  -0.000233  0.000000  0.000000  0.000000  2.000000  0.999934  0.009934  -0.005749  -0.009927  0.999950  0.001276  0.005762  -0.001218  0.999983  0.999998  0.001847  0.000032  -0.001847  0.999997  -0.001433  -0.000035  0.001433  0.999999  1.000000  0.000000  0.000000  0.000000  1.000000  0.000000  0.000000  0.000000  1.000000  0.999934  0.009934  -0.005749  -0.009927  0.999950  0.001276  0.005762  -0.001218  0.999983  0.000000  0.000000  
82.899488 0.003601  0.092956  -0.013923  0.993301  0.087265  -0.075747  -0.085689  0.996037  0.023822  0.077525  -0.017171  0.996842  -0.000024  -0.003380  -0.000236  0.000000  0.000000  0.000000  2.000000  0.999934  0.009934  -0.005749  -0.009927  0.999950  0.001276  0.005762  -0.001218  0.999983  0.999998  0.001847  0.000032  -0.001847  0.999997  -0.001433  -0.000035  0.001433  0.999999  1.000000  0.000000  0.000000  0.000000  1.000000  0.000000  0.000000  0.000000  1.000000  0.999934  0.009934  -0.005749  -0.009927  0.999950  0.001276  0.005762  -0.001218  0.999983  0.000000  0.000000  
82.900488 0.003602  0.092953  -0.013923  0.993283  0.087461  -0.075752  -0.085894  0.996022  0.023717  0.077525  -0.017051  0.996845  0.000097  -0.003273  -0.000239  0.000000  0.000000  0.000000  2.000000  0.999934  0.009934  -0.005749  -0.009927  0.999950  0.001276  0.005762  -0.001218  0.999983  0.999998  0.002052  0.000035  -0.002052  0.999997  -0.001417  -0.000038  0.001417  0.999999  1.000000  0.000000  0.000000  0.000000  1.000000  0.000000  0.000000  0.000000  1.000000  0.999934  0.009934  -0.005749  -0.009927  0.999950  0.001276  0.005762  -0.001218  0.999983  0.000000  0.000000  
82.901738 0.003604  0.092950  -0.013923  0.993266  0.087666  -0.075748  -0.086098  0.996004  0.023732  0.077525  -0.017051  0.996845  0.000295  -0.003079  -0.000250  0.000000  0.000000  0.000000  2.000000  0.999934  0.009934  -0.005749  -0.009927  0.999950  0.001276  0.005762  -0.001218  0.999983  0.999998  0.002052  0.000035  -0.002052  0.999997  -0.001296  -0.000038  0.001296  0.999999  1.000000  0.000000  0.000000  0.000000  1.000000  0.000000  0.000000  0.000000  1.000000  0.999934  0.009934  -0.005749  -0.009927  0.999950  0.001276  0.005762  -0.001218  0.999983  0.000000  0.000000  
82.902740 0.003605  0.092948  -0.013924  0.993266  0.087657  -0.075758  -0.086098  0.996007  0.023611  0.077525  -0.016930  0.996847  0.000462  -0.002937  -0.000293  0.000000  0.000000  0.000000  2.000000  0.999934  0.009934  -0.005749  -0.009927  0.999950  0.001276  0.005762  -0.001218  0.999983  0.999998  0.001849  -0.000102  -0.001849  0.999997  -0.001312  0.000100  0.001312  0.999999  1.000000  0.000000  0.000000  0.000000  1.000000  0.000000  0.000000  0.000000  1.000000  0.999934  0.009934  -0.005749  -0.009927  0.999950  0.001276  0.005762  -0.001218  0.999983  0.000000  0.000000  
82.903988 0.003607  0.092945  -0.013925  0.993248  0.087862  -0.075753  -0.086303  0.995989  0.023627  0.077525  -0.016930  0.996847  0.000589  -0.002819  -0.000375  0.000000  0.000000  0.000000  2.000000  0.999934  0.009934  -0.005749  -0.009927  0.999950  0.001276  0.005762  -0.001218  0.999983  0.999998  0.001849  -0.000102  -0.001849  0.999997  -0.001312  0.000100  0.001312  0.999999  1.000000  0.000000  0.000000  0.000000  1.000000  0.000000  0.000000  0.000000  1.000000  0.999934  0.009934  -0.005749  -0.009927  0.999950  0.001276  0.005762  -0.001218  0.999983  0.000000  0.000000  
82.904988 0.003608  0.092943  -0.013925  0.993248  0.087862  -0.075753  -0.086303  0.995989  0.023627  0.077525  -0.016930  0.996847  0.000758  -0.002695  -0.000375  0.000000  0.000000  0.000000  2.000000  0.999934  0.009934  -0.005749  -0.009927  0.999950  0.001276  0.005762  -0.001218  0.999983  0.999998  0.002055  -0.000099  -0.002055  0.999997  -0.001175  0.000096  0.001175  0.999999  1.000000  0.000000  0.000000  0.000000  1.000000  0.000000  0.000000  0.000000  1.000000  0.999934  0.009934  -0.005749  -0.009927  0.999950  0.001276  0.005762  -0.001218  0.999983  0.000000  0.000000  
82.906242 0.003610  0.092941  -0.013925  0.993248  0.087862  -0.075753  -0.086303  0.995989  0.023627  0.077525  -0.016930  0.996847  0.000898  -0.002549  -0.000424  0.000000  0.000000  0.000000  2.000000  0.999934  0.009934  -0.005749  -0.009927  0.999950  0.001276  0.005762  -0.001218  0.999983  0.999998  0.001849  -0.000102  -0.001849  0.999998  -0.001069  0.000100  0.001070  0.999999  1.000000  0.000000  0.000000  0.000000  1.000000  0.000000  0.000000  0.000000  1.000000  0.999934  0.009934  -0.005749  -0.009927  0.999950  0.001276  0.005762  -0.001218  0.999983  0.000000  0.000000  
82.907488 0.003613  0.092939  -0.013925  0.993220  0.088070  -0.075881  -0.086506  0.995970  0.023654  0.077659  -0.016929  0.996836  0.001092  -0.002399  -0.000323  0.000000  0.000000  0.000000  2.000000  0.999934  0.009934  -0.005749  -0.009927  0.999950  0.001276  0.005762  -0.001218  0.999983  0.999998  0.002057  -0.000233  -0.002057  0.999997  -0.000932  0.000231  0.000932  1.000000  1.000000  0.000000  0.000000  0.000000  1.000000  0.000000  0.000000  0.000000  1.000000  0.999934  0.009934  -0.005749  -0.009927  0.999950  0.001276  0.005762  -0.001218  0.999983  0.000000  0.000000  
82.908488 0.003615  0.092938  -0.013924  0.993220  0.088060  -0.075892  -0.086506  0.995973  0.023533  0.077659  -0.016809  0.996838  0.001196  -0.002263  -0.000241  0.000000  0.000000  0.000000  2.000000  0.999934  0.009934  -0.005749  -0.009927  0.999950  0.001276  0.005762  -0.001218  0.999983  0.999998  0.001852  -0.000236  -0.001852  0.999998  -0.001069  0.000234  0.001070  0.999999  1.000000  0.000000  0.000000  0.000000  1.000000  0.000000  0.000000  0.000000  1.000000  0.999934  0.009934  -0.005749  -0.009927  0.999950  0.001276  0.005762  -0.001218  0.999983  0.000000  0.000000  
82.909492 0.003617  0.092937  -0.013922  0.993212  0.088263  -0.075754  -0.086712  0.995955  0.023537  0.077525  -0.016809  0.996849  0.001324  -0.002115  -0.000099  0.000000  0.000000  0.000000  2.000000  0.999934  0.009934  -0.005749  -0.009927  0.999950  0.001276  0.005762  -0.001218  0.999983  0.999998  0.001852  -0.000236  -0.001852  0.999998  -0.000948  0.000235  0.000948  1.000000  1.000000  0.000000  0.000000  0.000000  1.000000  0.000000  0.000000  0.000000  1.000000  0.999934  0.009934  -0.005749  -0.009927  0.999950  0.001276  0.005762  -0.001218  0.999983  0.000000  0.000000  
