1-Time 2-Px 3-Py 4-Pz 5-R11 6-R21 7-R31 8-R12 9-R22 10-R32 11-R13 12-R23 13-R33 14-Vx 15-Vy 16-Vz 17-Wx 18-Wy 19-Wz 20-state 21-PR11 22-PR21 23-PR31 24-PR12 25-PR22 26-PR32 27-PR13 28-PR23 29-PR33 
50.958986 0.000050  0.088420  0.000923  0.975785  0.217806  0.020083  -0.218705  0.972954  0.074355  -0.003345  -0.076947  0.997030  0.000162  0.000098  0.000248  0.000000  0.000000  0.000000  2.000000  
50.959990 0.000051  0.088420  0.000923  0.975740  0.218006  0.020098  -0.218905  0.972909  0.074351  -0.003345  -0.076947  0.997030  0.000168  0.000074  0.000259  0.000000  0.000000  0.000000  2.000000  
50.961241 0.000049  0.088417  0.000923  0.975469  0.219206  0.020217  -0.220111  0.972630  0.074444  -0.003345  -0.077068  0.997020  0.000082  -0.000125  0.000190  0.000000  0.000000  0.000000  2.000000  
50.962251 0.000048  0.088413  0.000921  0.975196  0.220392  0.020492  -0.221315  0.972343  0.074626  -0.003479  -0.077310  0.997001  -0.000042  -0.000406  0.000068  0.000000  0.000000  0.000000  2.000000  
50.963487 0.000046  0.088408  0.000921  0.974967  0.221378  0.020753  -0.222319  0.972100  0.074811  -0.003613  -0.077552  0.996982  -0.000133  -0.000727  0.000028  0.000000  0.000000  0.000000  2.000000  
50.964488 0.000046  0.088404  0.000920  0.974829  0.221965  0.020956  -0.222921  0.971956  0.074886  -0.003746  -0.077673  0.996972  -0.000164  -0.001030  -0.000055  0.000000  0.000000  0.000000  2.000000  
50.965737 0.000045  0.088400  0.000921  0.974554  0.223178  0.020870  -0.224125  0.971649  0.075273  -0.003479  -0.078035  0.996945  -0.000258  -0.001292  -0.000024  0.036144  -0.019008  0.186377  2.000000  
50.966739 0.000043  0.088397  0.000922  0.974277  0.224394  0.020757  -0.225329  0.971350  0.075543  -0.003211  -0.078277  0.996926  -0.000378  -0.001502  0.000016  0.044088  -0.013236  0.227957  2.000000  
50.967750 0.000043  0.088395  0.000923  0.973953  0.225809  0.020661  -0.226733  0.971002  0.075809  -0.002944  -0.078519  0.996908  -0.000429  -0.001641  0.000053  0.052099  -0.008060  0.276828  2.000000  
50.968989 0.000041  0.088392  0.000923  0.973484  0.227823  0.020613  -0.228738  0.970512  0.076063  -0.002676  -0.078761  0.996890  -0.000574  -0.001860  0.000030  0.060101  -0.004518  0.346612  2.000000  
50.970252 0.000040  0.088389  0.000921  0.973011  0.229815  0.020825  -0.230741  0.970022  0.076256  -0.002676  -0.079003  0.996871  -0.000643  -0.002062  -0.000067  0.068009  -0.009949  0.415366  2.000000  
50.971496 0.000040  0.088388  0.000922  0.972534  0.231806  0.021038  -0.232744  0.969529  0.076448  -0.002676  -0.079245  0.996852  -0.000649  -0.002182  -0.000042  0.075969  -0.015404  0.484435  2.000000  
50.972737 0.000042  0.088388  0.000925  0.972053  0.233797  0.021252  -0.234746  0.969031  0.076640  -0.002676  -0.079487  0.996832  -0.000543  -0.002161  0.000178  0.083255  -0.020710  0.549064  2.000000  
50.973987 0.000043  0.088386  0.000929  0.971519  0.235985  0.021483  -0.236946  0.968480  0.076826  -0.002676  -0.079728  0.996813  -0.000526  -0.002283  0.000403  0.091875  -0.026913  0.629534  2.000000  
50.974989 0.000043  0.088384  0.000930  0.971177  0.237386  0.021522  -0.238346  0.968118  0.077062  -0.002542  -0.079970  0.996794  -0.000474  -0.002405  0.000474  0.099922  -0.026305  0.678126  2.000000  
50.975994 0.000044  0.088380  0.000930  0.970783  0.238985  0.021577  -0.239945  0.967705  0.077293  -0.002408  -0.080212  0.996775  -0.000361  -0.002520  0.000516  0.107961  -0.026254  0.733663  2.000000  
50.977240 0.000045  0.088375  0.000932  0.970388  0.240594  0.021504  -0.241544  0.967286  0.077556  -0.002141  -0.080454  0.996756  -0.000162  -0.002557  0.000737  0.116056  -0.021734  0.789525  2.000000  
50.978251 0.000047  0.088370  0.000935  0.970089  0.241794  0.021529  -0.242743  0.966966  0.077797  -0.002007  -0.080696  0.996737  0.000038  -0.002555  0.000956  0.124092  -0.020610  0.830874  2.000000  
50.979489 0.000050  0.088362  0.000937  0.969637  0.243575  0.021791  -0.244540  0.966479  0.078226  -0.002007  -0.081179  0.996697  0.000264  -0.002788  0.001165  0.140267  -0.025741  0.893203  2.000000  
50.980491 0.000053  0.088354  0.000938  0.969284  0.244959  0.021993  -0.245937  0.966098  0.078546  -0.002007  -0.081542  0.996668  0.000562  -0.003141  0.001198  0.152348  -0.029738  0.941372  2.000000  
50.981738 0.000058  0.088343  0.000939  0.968928  0.246343  0.022196  -0.247333  0.965716  0.078865  -0.002007  -0.081905  0.996638  0.000996  -0.003620  0.001167  0.164464  -0.033760  0.989759  2.000000  
50.982987 0.000064  0.088331  0.000939  0.968571  0.247724  0.022430  -0.248729  0.965321  0.079302  -0.002007  -0.082388  0.996598  0.001464  -0.004237  0.001066  0.180654  -0.037862  1.038126  2.000000  
50.984234 0.000069  0.088318  0.000938  0.968314  0.248707  0.022632  -0.249726  0.965027  0.079747  -0.002007  -0.082872  0.996558  0.001879  -0.004892  0.001018  0.195303  -0.040554  1.064090  2.000000  
50.985238 0.000072  0.088306  0.000936  0.968108  0.249493  0.022789  -0.250523  0.964793  0.080079  -0.002007  -0.083234  0.996528  0.002174  -0.005518  0.000990  0.209002  -0.043287  1.100088  2.000000  
50.986249 0.000077  0.088294  0.000934  0.967902  0.250282  0.022915  -0.251321  0.964568  0.080294  -0.002007  -0.083476  0.996508  0.002464  -0.006353  0.000834  0.217000  -0.045624  1.127262  2.000000  
50.987491 0.000082  0.088279  0.000932  0.967590  0.251451  0.023265  -0.252516  0.964222  0.080700  -0.002141  -0.083960  0.996467  0.002730  -0.007277  0.000467  0.233145  -0.053725  1.168439  2.000000  
50.988511 0.000086  0.088266  0.000930  0.967382  0.252239  0.023393  -0.253313  0.963995  0.080915  -0.002141  -0.084201  0.996446  0.002963  -0.008177  0.000127  0.241090  -0.056066  1.195380  2.000000  
50.989745 0.000090  0.088250  0.000928  0.967225  0.252818  0.023633  -0.253910  0.963822  0.081100  -0.002275  -0.084443  0.996426  0.003133  -0.009073  -0.000175  0.249314  -0.061854  1.209751  2.000000  
50.990995 0.000092  0.088233  0.000925  0.967120  0.253198  0.023857  -0.254308  0.963701  0.081291  -0.002408  -0.084685  0.996405  0.003261  -0.009867  -0.000354  0.253393  -0.064318  1.181803  2.000000  
50.992002 0.000094  0.088220  0.000923  0.967015  0.253578  0.024081  -0.254706  0.963580  0.081481  -0.002542  -0.084927  0.996384  0.003337  -0.010468  -0.000625  0.253351  -0.062367  1.154346  2.000000  
50.993243 0.000096  0.088203  0.000922  0.966910  0.253961  0.024274  -0.255104  0.963468  0.081554  -0.002676  -0.085047  0.996373  0.003276  -0.011142  -0.000892  0.249146  -0.060880  1.133464  2.000000  
50.994254 0.000096  0.088189  0.000920  0.966804  0.254341  0.024498  -0.255502  0.963347  0.081743  -0.002810  -0.085289  0.996352  0.003126  -0.011736  -0.001193  0.253005  -0.060501  1.126164  2.000000  
50.995493 0.000094  0.088169  0.000917  0.966751  0.254514  0.024804  -0.255701  0.963290  0.081787  -0.003077  -0.085410  0.996341  0.002711  -0.012353  -0.001484  0.245046  -0.075890  1.090551  2.000000  
50.996741 0.000091  0.088149  0.000913  0.966698  0.254695  0.025011  -0.255900  0.963221  0.081981  -0.003211  -0.085651  0.996320  0.002161  -0.012986  -0.001794  0.245370  -0.090117  1.040895  2.000000  
50.997990 0.000087  0.088129  0.000908  0.966645  0.254890  0.025059  -0.256099  0.963158  0.082093  -0.003211  -0.085772  0.996310  0.001495  -0.013569  -0.002128  0.239590  -0.095077  0.990619  2.000000  
50.998990 0.000082  0.088112  0.000904  0.966592  0.255071  0.025267  -0.256298  0.963089  0.082287  -0.003345  -0.086014  0.996288  0.000882  -0.013971  -0.002277  0.237680  -0.099993  0.935961  2.000000  
51.000253 0.000075  0.088091  0.000899  0.966539  0.255263  0.025346  -0.256497  0.963016  0.082516  -0.003345  -0.086256  0.996267  0.000105  -0.014421  -0.002466  0.237750  -0.095023  0.873436  2.000000  
51.001492 0.000067  0.088068  0.000893  0.966539  0.255246  0.025536  -0.256497  0.962999  0.082715  -0.003479  -0.086497  0.996246  -0.000844  -0.014908  -0.002709  0.240105  -0.094355  0.811715  2.000000  
51.002493 0.000059  0.088049  0.000887  0.966486  0.255430  0.025713  -0.256696  0.962940  0.082792  -0.003613  -0.086618  0.996235  -0.001667  -0.015369  -0.003024  0.238102  -0.094573  0.755800  2.000000  
51.003495 0.000049  0.088028  0.000879  0.966485  0.255416  0.025873  -0.256695  0.962933  0.082875  -0.003746  -0.086739  0.996224  -0.002527  -0.015878  -0.003413  0.234139  -0.093993  0.693245  2.000000  
51.004495 0.000038  0.088008  0.000871  0.966431  0.255588  0.026179  -0.256894  0.962876  0.082918  -0.004014  -0.086860  0.996212  -0.003507  -0.016401  -0.003842  0.230230  -0.104132  0.650959  2.000000  
51.005742 0.000023  0.087982  0.000860  0.966325  0.255967  0.026404  -0.257292  0.962753  0.083106  -0.004148  -0.087101  0.996191  -0.004668  -0.017034  -0.004404  0.232579  -0.108869  0.603972  2.000000  
51.006742 0.000013  0.087962  0.000851  0.966324  0.255953  0.026564  -0.257292  0.962746  0.083189  -0.004282  -0.087222  0.996180  -0.005427  -0.017420  -0.004828  0.230529  -0.114168  0.552828  2.000000  
51.007992 -0.000002  0.087938  0.000840  0.966271  0.256136  0.026741  -0.257491  0.962687  0.083266  -0.004415  -0.087343  0.996169  -0.006661  -0.017984  -0.005547  0.220703  -0.123816  0.512960  2.000000  
51.008992 -0.000015  0.087919  0.000831  0.966271  0.256136  0.026741  -0.257491  0.962687  0.083266  -0.004415  -0.087343  0.996169  -0.007382  -0.018239  -0.005977  0.210534  -0.119711  0.455203  2.000000  
51.010255 -0.000032  0.087894  0.000819  0.966217  0.256320  0.026918  -0.257689  0.962627  0.083343  -0.004549  -0.087464  0.996157  -0.008552  -0.018621  -0.006633  0.198355  -0.119593  0.399424  2.000000  
51.011493 -0.000050  0.087870  0.000807  0.966163  0.256492  0.027223  -0.257888  0.962570  0.083385  -0.004817  -0.087584  0.996145  -0.009561  -0.018943  -0.007189  0.190342  -0.125165  0.357375  2.000000  
51.012741 -0.000067  0.087846  0.000795  0.966056  0.256874  0.027418  -0.258286  0.962457  0.083456  -0.004951  -0.087705  0.996134  -0.010430  -0.019200  -0.007638  0.178216  -0.126817  0.322499  2.000000  
51.013741 -0.000081  0.087826  0.000787  0.966002  0.257061  0.027564  -0.258484  0.962407  0.083416  -0.005084  -0.087705  0.996134  -0.011033  -0.019356  -0.007976  0.166036  -0.129586  0.301407  2.000000  
51.014741 -0.000095  0.087808  0.000779  0.966001  0.257046  0.027724  -0.258484  0.962400  0.083499  -0.005218  -0.087826  0.996122  -0.011624  -0.019455  -0.008272  0.157970  -0.131780  0.273431  2.000000  
51.015991 -0.000113  0.087785  0.000769  0.966001  0.257035  0.027852  -0.258484  0.962403  0.083464  -0.005352  -0.087826  0.996121  -0.012326  -0.019495  -0.008499  0.145897  -0.133392  0.238631  2.000000  
51.017243 -0.000131  0.087762  0.000760  0.965947  0.257218  0.028029  -0.258683  0.962343  0.083541  -0.005486  -0.087947  0.996110  -0.012802  -0.019465  -0.008597  0.133721  -0.130450  0.204049  2.000000  
51.018260 -0.000145  0.087744  0.000752  0.965894  0.257416  0.028047  -0.258881  0.962290  0.083535  -0.005486  -0.087947  0.996110  -0.013119  -0.019265  -0.008597  0.125661  -0.128704  0.183373  2.000000  
51.019500 -0.000162  0.087721  0.000742  0.965893  0.257401  0.028207  -0.258881  0.962283  0.083617  -0.005620  -0.088067  0.996099  -0.013358  -0.019132  -0.008563  0.121608  -0.126912  0.162623  2.000000  
51.020744 -0.000178  0.087698  0.000732  0.965838  0.257573  0.028512  -0.259080  0.962226  0.083659  -0.005887  -0.088188  0.996086  -0.013474  -0.018898  -0.008539  0.000000  0.000000  0.000000  2.000000  
51.021991 -0.000193  0.087676  0.000722  0.965836  0.257547  0.028801  -0.259079  0.962222  0.083707  -0.006155  -0.088309  0.996074  -0.013572  -0.018765  -0.008472  0.000000  0.000000  0.000000  2.000000  
51.023244 -0.000207  0.087654  0.000712  0.965836  0.257532  0.028961  -0.259079  0.962215  0.083789  -0.006288  -0.088429  0.996063  -0.013487  -0.018597  -0.008348  0.000000  0.000000  0.000000  2.000000  
51.024248 -0.000217  0.087638  0.000705  0.965835  0.257517  0.029121  -0.259079  0.962208  0.083871  -0.006422  -0.088550  0.996051  -0.013215  -0.018412  -0.008205  0.000000  0.000000  0.000000  2.000000  
51.025495 -0.000228  0.087618  0.000696  0.965780  0.257689  0.029427  -0.259277  0.962151  0.083913  -0.006690  -0.088671  0.996039  -0.012791  -0.018094  -0.008010  0.000000  0.000000  0.000000  2.000000  
51.026740 -0.000238  0.087598  0.000687  0.965779  0.257674  0.029587  -0.259277  0.962144  0.083995  -0.006824  -0.088792  0.996027  -0.012385  -0.017896  -0.007866  0.000000  0.000000  0.000000  2.000000  
51.027988 -0.000247  0.087579  0.000679  0.965830  0.257449  0.029858  -0.259078  0.962193  0.084048  -0.007091  -0.088912  0.996014  -0.011796  -0.017482  -0.007591  0.000000  0.000000  0.000000  2.000000  
51.028990 -0.000254  0.087564  0.000673  0.965830  0.257434  0.030018  -0.259077  0.962185  0.084131  -0.007225  -0.089033  0.996002  -0.011229  -0.017174  -0.007443  0.000000  0.000000  0.000000  2.000000  
51.030252 -0.000261  0.087545  0.000666  0.965774  0.257602  0.030355  -0.259276  0.962118  0.084289  -0.007493  -0.089274  0.995979  -0.010507  -0.016873  -0.007258  0.000000  0.000000  0.000000  2.000000  
51.031487 -0.000268  0.087526  0.000660  0.965773  0.257586  0.030515  -0.259275  0.962111  0.084371  -0.007626  -0.089395  0.995967  -0.009814  -0.016597  -0.007002  0.000000  0.000000  0.000000  2.000000  
51.032489 -0.000272  0.087512  0.000657  0.965771  0.257560  0.030804  -0.259275  0.962107  0.084419  -0.007894  -0.089516  0.995954  -0.009069  -0.016313  -0.006756  0.000000  0.000000  0.000000  2.000000  
51.033491 -0.000276  0.087499  0.000654  0.965770  0.257544  0.030964  -0.259275  0.962100  0.084501  -0.008028  -0.089636  0.995942  -0.008487  -0.015990  -0.006420  0.000000  0.000000  0.000000  2.000000  
51.034521 -0.000279  0.087486  0.000652  0.965769  0.257529  0.031124  -0.259274  0.962093  0.084583  -0.008162  -0.089757  0.995930  -0.007695  -0.015521  -0.005959  0.000000  0.000000  0.000000  2.000000  
51.035738 -0.000283  0.087470  0.000650  0.965768  0.257513  0.031284  -0.259274  0.962086  0.084665  -0.008295  -0.089878  0.995918  -0.007024  -0.015177  -0.005425  0.000000  0.000000  0.000000  2.000000  
51.036984 -0.000286  0.087456  0.000650  0.965714  0.257692  0.031493  -0.259473  0.962015  0.084857  -0.008429  -0.090119  0.995895  -0.006209  -0.014663  -0.004818  0.000000  0.000000  0.000000  2.000000  
51.037986 -0.000288  0.087445  0.000650  0.965659  0.257875  0.031670  -0.259671  0.961955  0.084933  -0.008563  -0.090240  0.995883  -0.005551  -0.014249  -0.004320  0.000000  0.000000  0.000000  2.000000  
51.038988 -0.000289  0.087434  0.000650  0.965658  0.257859  0.031830  -0.259671  0.961948  0.085015  -0.008697  -0.090361  0.995871  -0.004983  -0.013876  -0.003799  0.000000  0.000000  0.000000  2.000000  
51.039989 -0.000290  0.087423  0.000650  0.965657  0.257844  0.031990  -0.259671  0.961941  0.085097  -0.008831  -0.090481  0.995859  -0.004421  -0.013481  -0.003289  0.000000  0.000000  0.000000  2.000000  
51.041235 -0.000292  0.087411  0.000651  0.965601  0.258011  0.032327  -0.259869  0.961873  0.085255  -0.009098  -0.090723  0.995835  -0.003820  -0.012988  -0.002642  0.104682  -0.152755  0.055243  2.000000  
51.042254 -0.000292  0.087401  0.000651  0.965548  0.258205  0.032376  -0.260067  0.961810  0.085365  -0.009098  -0.090844  0.995824  -0.003287  -0.012575  -0.002068  0.000000  0.000000  0.000000  2.000000  
51.043490 -0.000293  0.087388  0.000652  0.965492  0.258371  0.032714  -0.260266  0.961742  0.085522  -0.009366  -0.091085  0.995799  -0.002822  -0.012175  -0.001559  0.112718  -0.148287  0.055590  2.000000  
51.044736 -0.000294  0.087376  0.000651  0.965437  0.258554  0.032891  -0.260464  0.961682  0.085597  -0.009500  -0.091206  0.995787  -0.002370  -0.011785  -0.001142  0.112724  -0.148313  0.055580  2.000000  
51.045751 -0.000295  0.087365  0.000651  0.965382  0.258732  0.033100  -0.260662  0.961611  0.085789  -0.009633  -0.091447  0.995763  -0.001999  -0.011431  -0.000774  0.121703  -0.150109  0.062889  2.000000  
51.046989 -0.000297  0.087352  0.000649  0.965327  0.258910  0.033309  -0.260861  0.961540  0.085981  -0.009767  -0.091688  0.995740  -0.001777  -0.011153  -0.000524  0.124770  -0.148928  0.062363  2.000000  
51.047992 -0.000299  0.087340  0.000649  0.965273  0.259104  0.033359  -0.261060  0.961476  0.086090  -0.009767  -0.091809  0.995729  -0.001657  -0.010994  -0.000372  0.128757  -0.149544  0.069186  2.000000  
51.049241 -0.000302  0.087326  0.000648  0.965164  0.259475  0.033617  -0.261457  0.961341  0.086392  -0.009901  -0.092171  0.995694  -0.001539  -0.010880  -0.000270  0.136791  -0.150192  0.075990  2.000000  
51.050256 -0.000303  0.087315  0.000648  0.965109  0.259657  0.033795  -0.261655  0.961281  0.086466  -0.010035  -0.092292  0.995681  -0.001398  -0.010730  -0.000173  0.136719  -0.150815  0.082804  2.000000  
51.051487 -0.000306  0.087301  0.000648  0.965055  0.259843  0.033907  -0.261854  0.961196  0.086809  -0.010035  -0.092654  0.995648  -0.001344  -0.010667  -0.000144  0.144819  -0.141976  0.083589  2.000000  
51.052487 -0.000308  0.087290  0.000648  0.965001  0.260037  0.033957  -0.262052  0.961131  0.086919  -0.010035  -0.092775  0.995637  -0.001378  -0.010707  -0.000132  0.000000  0.000000  0.000000  2.000000  
51.053488 -0.000311  0.087278  0.000647  0.964948  0.260226  0.034038  -0.262251  0.961057  0.087145  -0.010035  -0.093017  0.995614  -0.001498  -0.010758  -0.000159  0.000000  0.000000  0.000000  2.000000  
51.054734 -0.000315  0.087263  0.000647  0.964839  0.260610  0.034168  -0.262648  0.960918  0.087481  -0.010035  -0.093379  0.995580  -0.001672  -0.010869  -0.000206  0.000000  0.000000  0.000000  2.000000  
51.055736 -0.000318  0.087251  0.000646  0.964785  0.260803  0.034218  -0.262847  0.960854  0.087590  -0.010035  -0.093500  0.995569  -0.001803  -0.011006  -0.000263  0.000000  0.000000  0.000000  2.000000  
51.056736 -0.000321  0.087239  0.000646  0.964731  0.260993  0.034299  -0.263046  0.960779  0.087816  -0.010035  -0.093741  0.995546  -0.001914  -0.011117  -0.000373  0.000000  0.000000  0.000000  2.000000  
51.057738 -0.000324  0.087227  0.000645  0.964733  0.261001  0.034203  -0.263046  0.960765  0.087968  -0.009901  -0.093862  0.995536  -0.002105  -0.011265  -0.000424  0.000000  0.000000  0.000000  2.000000  
51.058991 -0.000328  0.087213  0.000644  0.964678  0.261190  0.034284  -0.263245  0.960689  0.088194  -0.009901  -0.094104  0.995513  -0.002345  -0.011398  -0.000484  0.000000  0.000000  0.000000  2.000000  
51.060252 -0.000334  0.087197  0.000643  0.964680  0.261194  0.034219  -0.263245  0.960665  0.088462  -0.009767  -0.094345  0.995492  -0.002682  -0.011599  -0.000536  0.000000  0.000000  0.000000  2.000000  
51.061492 -0.000340  0.087181  0.000640  0.964625  0.261383  0.034300  -0.263443  0.960589  0.088688  -0.009767  -0.094587  0.995469  -0.002891  -0.011727  -0.000635  0.000000  0.000000  0.000000  2.000000  
51.062739 -0.000346  0.087164  0.000637  0.964627  0.261392  0.034204  -0.263444  0.960575  0.088839  -0.009633  -0.094708  0.995459  -0.003120  -0.011900  -0.000763  0.000000  0.000000  0.000000  2.000000  
51.063988 -0.000352  0.087148  0.000634  0.964627  0.261383  0.034267  -0.263444  0.960554  0.089073  -0.009633  -0.094949  0.995436  -0.003358  -0.012080  -0.000961  0.000000  0.000000  0.000000  2.000000  
51.064992 -0.000357  0.087134  0.000631  0.964627  0.261375  0.034331  -0.263444  0.960532  0.089306  -0.009633  -0.095191  0.995412  -0.003628  -0.012309  -0.001197  0.000000  0.000000  0.000000  2.000000  
51.066250 -0.000364  0.087116  0.000626  0.964682  0.261181  0.034247  -0.263246  0.960561  0.089581  -0.009500  -0.095432  0.995391  -0.003911  -0.012525  -0.001466  0.000000  0.000000  0.000000  2.000000  
51.067489 -0.000370  0.087099  0.000621  0.964683  0.261185  0.034182  -0.263246  0.960536  0.089849  -0.009366  -0.095674  0.995369  -0.004143  -0.012756  -0.001783  0.182293  -0.039089  0.128396  2.000000  
51.068736 -0.000376  0.087081  0.000616  0.964737  0.260979  0.034227  -0.263047  0.960568  0.090089  -0.009366  -0.095915  0.995345  -0.004330  -0.012964  -0.002111  0.186503  -0.033349  0.115039  2.000000  
51.069989 -0.000383  0.087062  0.000611  0.964739  0.260983  0.034162  -0.263048  0.960542  0.090357  -0.009232  -0.096157  0.995323  -0.004502  -0.013211  -0.002414  0.188979  -0.024208  0.114899  2.000000  
51.071239 -0.000390  0.087043  0.000605  0.964794  0.260790  0.034078  -0.262849  0.960571  0.090632  -0.009098  -0.096398  0.995301  -0.004711  -0.013461  -0.002750  0.190664  -0.009711  0.103330  2.000000  
51.072486 -0.000397  0.087024  0.000600  0.964848  0.260584  0.034122  -0.262651  0.960602  0.090872  -0.009098  -0.096640  0.995278  -0.004899  -0.013745  -0.002972  0.193284  -0.003923  0.089245  2.000000  
51.073488 -0.000402  0.087009  0.000597  0.964903  0.260390  0.034038  -0.262452  0.960631  0.091147  -0.008964  -0.096882  0.995256  -0.005042  -0.013973  -0.003252  0.193396  0.006227  0.076411  2.000000  
51.074734 -0.000409  0.086991  0.000592  0.964958  0.260201  0.033923  -0.262254  0.960670  0.091305  -0.008831  -0.097002  0.995245  -0.005114  -0.014104  -0.003411  0.193523  0.016390  0.063588  2.000000  
51.075742 -0.000414  0.086977  0.000589  0.964958  0.260192  0.033986  -0.262254  0.960647  0.091539  -0.008831  -0.097244  0.995221  -0.005158  -0.014213  -0.003550  0.193630  0.021468  0.057195  2.000000  
51.076989 -0.000419  0.086961  0.000585  0.965068  0.259805  0.033851  -0.261857  0.960740  0.091704  -0.008697  -0.097365  0.995211  -0.005156  -0.014272  -0.003620  0.189716  0.032277  0.037530  2.000000  
51.078244 -0.000426  0.086944  0.000580  0.965068  0.259801  0.033882  -0.261857  0.960729  0.091820  -0.008697  -0.097485  0.995199  -0.005157  -0.014299  -0.003751  0.185803  0.038011  0.024296  2.000000  
51.079506 -0.000431  0.086928  0.000576  0.965121  0.259599  0.033895  -0.261658  0.960771  0.091944  -0.008697  -0.097606  0.995187  -0.005105  -0.014192  -0.003732  0.179304  0.040273  0.003841  2.000000  
51.080742 -0.000436  0.086912  0.000572  0.965176  0.259410  0.033779  -0.261460  0.960810  0.092102  -0.008563  -0.097727  0.995176  -0.005052  -0.014087  -0.003761  0.175420  0.050556  -0.009069  2.000000  
51.081990 -0.000441  0.086897  0.000568  0.965230  0.259208  0.033792  -0.261261  0.960852  0.092226  -0.008563  -0.097848  0.995165  -0.004916  -0.013891  -0.003696  0.171477  0.051878  -0.022834  2.000000  
51.082994 -0.000444  0.086886  0.000565  0.965230  0.259204  0.033823  -0.261261  0.960841  0.092342  -0.008563  -0.097968  0.995153  -0.004792  -0.013684  -0.003598  0.167460  0.052541  -0.029711  2.000000  
51.084243 -0.000449  0.086872  0.000562  0.965284  0.259002  0.033835  -0.261062  0.960883  0.092466  -0.008563  -0.098089  0.995141  -0.004628  -0.013402  -0.003441  0.163502  0.053867  -0.043473  2.000000  
51.085486 -0.000452  0.086858  0.000559  0.965285  0.259007  0.033770  -0.261063  0.960857  0.092734  -0.008429  -0.098331  0.995118  -0.004462  -0.013113  -0.003326  0.163662  0.059693  -0.056813  2.000000  
51.086488 -0.000455  0.086847  0.000556  0.965285  0.259003  0.033801  -0.261063  0.960846  0.092850  -0.008429  -0.098451  0.995106  -0.004247  -0.012805  -0.003184  0.162300  0.059204  -0.056333  2.000000  
51.087492 -0.000458  0.086836  0.000554  0.965285  0.258998  0.033833  -0.261063  0.960835  0.092967  -0.008429  -0.098572  0.995094  -0.004047  -0.012556  -0.003078  0.000000  0.000000  0.000000  2.000000  
51.088736 -0.000460  0.086822  0.000550  0.965285  0.258994  0.033864  -0.261063  0.960823  0.093083  -0.008429  -0.098693  0.995082  -0.003812  -0.012293  -0.003032  0.000000  0.000000  0.000000  2.000000  
51.089988 -0.000463  0.086808  0.000547  0.965285  0.258986  0.033927  -0.261063  0.960801  0.093316  -0.008429  -0.098934  0.995058  -0.003534  -0.011939  -0.002941  0.000000  0.000000  0.000000  2.000000  
51.091236 -0.000465  0.086796  0.000544  0.965284  0.258969  0.034087  -0.261062  0.960793  0.093398  -0.008563  -0.099055  0.995045  -0.003268  -0.011680  -0.002864  0.000000  0.000000  0.000000  2.000000  
51.092244 -0.000466  0.086786  0.000542  0.965284  0.258965  0.034118  -0.261062  0.960782  0.093515  -0.008563  -0.099175  0.995033  -0.002951  -0.011359  -0.002777  0.000000  0.000000  0.000000  2.000000  
51.093490 -0.000465  0.086775  0.000540  0.965230  0.259155  0.034200  -0.261261  0.960706  0.093741  -0.008563  -0.099417  0.995009  -0.002568  -0.011037  -0.002615  0.000000  0.000000  0.000000  2.000000  
51.094500 -0.000465  0.086767  0.000539  0.965230  0.259150  0.034232  -0.261261  0.960694  0.093857  -0.008563  -0.099537  0.994997  -0.002252  -0.010732  -0.002516  0.000000  0.000000  0.000000  2.000000  
51.095751 -0.000464  0.086757  0.000537  0.965230  0.259146  0.034263  -0.261261  0.960683  0.093974  -0.008563  -0.099658  0.994985  -0.001832  -0.010335  -0.002319  0.000000  0.000000  0.000000  2.000000  
51.096988 -0.000463  0.086748  0.000536  0.965176  0.259340  0.034314  -0.261460  0.960618  0.094083  -0.008563  -0.099779  0.994973  -0.001462  -0.009959  -0.002138  0.000000  0.000000  0.000000  2.000000  
51.097988 -0.000462  0.086741  0.000535  0.965123  0.259533  0.034365  -0.261659  0.960553  0.094193  -0.008563  -0.099899  0.994961  -0.001140  -0.009678  -0.002028  0.000000  0.000000  0.000000  2.000000  
51.098988 -0.000460  0.086734  0.000534  0.965123  0.259529  0.034396  -0.261659  0.960542  0.094309  -0.008563  -0.100020  0.994949  -0.000792  -0.009344  -0.001909  0.000000  0.000000  0.000000  2.000000  
51.100251 -0.000457  0.086726  0.000534  0.965069  0.259723  0.034447  -0.261857  0.960477  0.094419  -0.008563  -0.100141  0.994936  -0.000318  -0.008900  -0.001682  0.000000  0.000000  0.000000  2.000000  
51.101486 -0.000454  0.086719  0.000533  0.965069  0.259719  0.034479  -0.261857  0.960465  0.094535  -0.008563  -0.100261  0.994924  0.000072  -0.008530  -0.001523  0.000000  0.000000  0.000000  2.000000  
51.102490 -0.000452  0.086713  0.000533  0.965015  0.259912  0.034530  -0.262056  0.960400  0.094645  -0.008563  -0.100382  0.994912  0.000400  -0.008171  -0.001385  0.000000  0.000000  0.000000  2.000000  
51.103734 -0.000449  0.086706  0.000532  0.964960  0.260093  0.034709  -0.262254  0.960339  0.094719  -0.008697  -0.100503  0.994899  0.000783  -0.007739  -0.001219  0.000000  0.000000  0.000000  2.000000  
51.104734 -0.000446  0.086700  0.000532  0.964906  0.260286  0.034760  -0.262453  0.960274  0.094828  -0.008697  -0.100623  0.994887  0.001072  -0.007422  -0.001058  0.000000  0.000000  0.000000  2.000000  
51.105988 -0.000442  0.086693  0.000531  0.964906  0.260278  0.034823  -0.262453  0.960251  0.095061  -0.008697  -0.100865  0.994862  0.001523  -0.006986  -0.000902  0.000000  0.000000  0.000000  2.000000  
51.106988 -0.000439  0.086687  0.000530  0.964852  0.260471  0.034875  -0.262652  0.960186  0.095171  -0.008697  -0.100985  0.994850  0.001731  -0.006765  -0.000852  0.000000  0.000000  0.000000  2.000000  
51.108240 -0.000435  0.086680  0.000528  0.964799  0.260674  0.034829  -0.262851  0.960105  0.095431  -0.008563  -0.101227  0.994827  0.002025  -0.006462  -0.000814  0.000000  0.000000  0.000000  2.000000  
51.109245 -0.000432  0.086675  0.000527  0.964799  0.260669  0.034861  -0.262851  0.960094  0.095548  -0.008563  -0.101348  0.994814  0.002220  -0.006255  -0.000794  0.000000  0.000000  0.000000  2.000000  
51.110254 -0.000428  0.086670  0.000526  0.964744  0.260863  0.034912  -0.263049  0.960029  0.095657  -0.008563  -0.101468  0.994802  0.002452  -0.006044  -0.000768  0.000000  0.000000  0.000000  2.000000  
51.111495 -0.000424  0.086663  0.000524  0.964690  0.261056  0.034963  -0.263248  0.959963  0.095766  -0.008563  -0.101589  0.994790  0.002673  -0.005819  -0.000822  0.000000  0.000000  0.000000  2.000000  
51.112739 -0.000420  0.086657  0.000521  0.964636  0.261245  0.035046  -0.263446  0.959886  0.095992  -0.008563  -0.101830  0.994765  0.002827  -0.005711  -0.000956  0.000000  0.000000  0.000000  2.000000  
51.113988 -0.000415  0.086651  0.000519  0.964636  0.261241  0.035078  -0.263446  0.959875  0.096108  -0.008563  -0.101951  0.994753  0.002974  -0.005557  -0.001005  0.000000  0.000000  0.000000  2.000000  
51.115242 -0.000411  0.086645  0.000517  0.964582  0.261434  0.035130  -0.263645  0.959809  0.096218  -0.008563  -0.102072  0.994740  0.003064  -0.005414  -0.001147  0.000000  0.000000  0.000000  2.000000  
51.116488 -0.000407  0.086639  0.000514  0.964527  0.261628  0.035181  -0.263844  0.959744  0.096327  -0.008563  -0.102192  0.994728  0.003131  -0.005319  -0.001290  0.000000  0.000000  0.000000  2.000000  
51.117492 -0.000405  0.086634  0.000512  0.964527  0.261623  0.035213  -0.263844  0.959732  0.096443  -0.008563  -0.102313  0.994715  0.003155  -0.005262  -0.001419  0.000000  0.000000  0.000000  2.000000  
51.118736 -0.000401  0.086629  0.000510  0.964527  0.261623  0.035213  -0.263844  0.959732  0.096443  -0.008563  -0.102313  0.994715  0.003186  -0.005130  -0.001520  0.000000  0.000000  0.000000  2.000000  
51.119989 -0.000398  0.086623  0.000508  0.964474  0.261830  0.035136  -0.264042  0.959663  0.096588  -0.008429  -0.102434  0.994704  0.003170  -0.005017  -0.001610  0.000000  0.000000  0.000000  2.000000  
51.121238 -0.000395  0.086617  0.000505  0.964474  0.261826  0.035168  -0.264042  0.959651  0.096704  -0.008429  -0.102554  0.994692  0.003111  -0.004948  -0.001677  0.000000  0.000000  0.000000  2.000000  
51.122487 -0.000392  0.086611  0.000503  0.964474  0.261821  0.035200  -0.264042  0.959639  0.096820  -0.008429  -0.102675  0.994679  0.003011  -0.004897  -0.001730  0.000000  0.000000  0.000000  2.000000  
51.123487 -0.000390  0.086606  0.000501  0.964474  0.261821  0.035200  -0.264042  0.959639  0.096820  -0.008429  -0.102675  0.994679  0.002962  -0.004851  -0.001783  0.000000  0.000000  0.000000  2.000000  
51.124510 -0.000388  0.086602  0.000499  0.964474  0.261817  0.035231  -0.264042  0.959627  0.096937  -0.008429  -0.102796  0.994667  0.002840  -0.004766  -0.001816  0.000000  0.000000  0.000000  2.000000  
51.125744 -0.000386  0.086596  0.000496  0.964474  0.261817  0.035231  -0.264042  0.959627  0.096937  -0.008429  -0.102796  0.994667  0.002710  -0.004746  -0.001892  0.000000  0.000000  0.000000  2.000000  
51.126989 -0.000384  0.086590  0.000493  0.964474  0.261813  0.035263  -0.264042  0.959616  0.097053  -0.008429  -0.102916  0.994654  0.002572  -0.004778  -0.002002  0.000000  0.000000  0.000000  2.000000  
51.128240 -0.000381  0.086583  0.000489  0.964474  0.261809  0.035295  -0.264042  0.959604  0.097170  -0.008429  -0.103037  0.994642  0.002404  -0.004776  -0.002101  0.000000  0.000000  0.000000  2.000000  
51.129241 -0.000380  0.086578  0.000486  0.964474  0.261809  0.035295  -0.264042  0.959604  0.097170  -0.008429  -0.103037  0.994642  0.002280  -0.004798  -0.002115  0.000000  0.000000  0.000000  2.000000  
51.130255 -0.000379  0.086573  0.000484  0.964474  0.261809  0.035295  -0.264042  0.959604  0.097170  -0.008429  -0.103037  0.994642  0.002117  -0.004838  -0.002189  0.000000  0.000000  0.000000  2.000000  
51.131487 -0.000377  0.086566  0.000480  0.964474  0.261804  0.035327  -0.264042  0.959592  0.097286  -0.008429  -0.103158  0.994629  0.002040  -0.004875  -0.002296  0.000000  0.000000  0.000000  2.000000  
51.132490 -0.000375  0.086561  0.000476  0.964529  0.261607  0.035307  -0.263844  0.959646  0.097293  -0.008429  -0.103158  0.994629  0.001936  -0.004903  -0.002377  0.000000  0.000000  0.000000  2.000000  
51.133490 -0.000375  0.086555  0.000473  0.964529  0.261607  0.035307  -0.263844  0.959646  0.097293  -0.008429  -0.103158  0.994629  0.001790  -0.004978  -0.002479  0.000000  0.000000  0.000000  2.000000  
51.134492 -0.000374  0.086550  0.000470  0.964529  0.261607  0.035307  -0.263844  0.959646  0.097293  -0.008429  -0.103158  0.994629  0.001684  -0.005005  -0.002561  0.000000  0.000000  0.000000  2.000000  
51.135738 -0.000372  0.086544  0.000466  0.964529  0.261607  0.035307  -0.263844  0.959646  0.097293  -0.008429  -0.103158  0.994629  0.001601  -0.005021  -0.002720  0.000000  0.000000  0.000000  2.000000  
51.136740 -0.000371  0.086538  0.000463  0.964529  0.261602  0.035338  -0.263844  0.959634  0.097410  -0.008429  -0.103278  0.994617  0.001501  -0.005072  -0.002791  0.000000  0.000000  0.000000  2.000000  
51.137984 -0.000370  0.086532  0.000459  0.964583  0.261405  0.035318  -0.263645  0.959688  0.097417  -0.008429  -0.103278  0.994617  0.001439  -0.005126  -0.002875  0.000000  0.000000  0.000000  2.000000  
51.138988 -0.000368  0.086527  0.000456  0.964583  0.261405  0.035318  -0.263645  0.959688  0.097417  -0.008429  -0.103278  0.994617  0.001379  -0.005132  -0.002967  0.000000  0.000000  0.000000  2.000000  
51.139988 -0.000367  0.086522  0.000453  0.964583  0.261405  0.035318  -0.263645  0.959688  0.097417  -0.008429  -0.103278  0.994617  0.001322  -0.005105  -0.002979  0.000000  0.000000  0.000000  2.000000  
51.140989 -0.000367  0.086517  0.000451  0.964583  0.261405  0.035318  -0.263645  0.959688  0.097417  -0.008429  -0.103278  0.994617  0.001241  -0.005127  -0.002999  0.000000  0.000000  0.000000  2.000000  
51.141990 -0.000365  0.086513  0.000449  0.964583  0.261405  0.035318  -0.263645  0.959688  0.097417  -0.008429  -0.103278  0.994617  0.001226  -0.005078  -0.002980  0.000000  0.000000  0.000000  2.000000  
51.143241 -0.000364  0.086508  0.000446  0.964637  0.261207  0.035298  -0.263447  0.959742  0.097424  -0.008429  -0.103278  0.994617  0.001165  -0.004993  -0.002921  0.000000  0.000000  0.000000  2.000000  
51.144244 -0.000363  0.086503  0.000443  0.964637  0.261212  0.035266  -0.263447  0.959754  0.097308  -0.008429  -0.103158  0.994629  0.001175  -0.004936  -0.002880  0.000000  0.000000  0.000000  2.000000  
51.145495 -0.000362  0.086497  0.000440  0.964637  0.261212  0.035266  -0.263447  0.959754  0.097308  -0.008429  -0.103158  0.994629  0.001088  -0.004897  -0.002827  0.000000  0.000000  0.000000  2.000000  
51.146739 -0.000361  0.086492  0.000437  0.964637  0.261212  0.035266  -0.263447  0.959754  0.097308  -0.008429  -0.103158  0.994629  0.001079  -0.004817  -0.002769  0.000000  0.000000  0.000000  2.000000  
51.147740 -0.000360  0.086488  0.000435  0.964637  0.261212  0.035266  -0.263447  0.959754  0.097308  -0.008429  -0.103158  0.994629  0.001037  -0.004786  -0.002731  0.000000  0.000000  0.000000  2.000000  
51.148988 -0.000358  0.086483  0.000431  0.964637  0.261212  0.035266  -0.263447  0.959754  0.097308  -0.008429  -0.103158  0.994629  0.001074  -0.004656  -0.002680  0.000000  0.000000  0.000000  2.000000  
51.149989 -0.000357  0.086479  0.000429  0.964637  0.261212  0.035266  -0.263447  0.959754  0.097308  -0.008429  -0.103158  0.994629  0.001110  -0.004553  -0.002632  0.000000  0.000000  0.000000  2.000000  
51.151243 -0.000355  0.086474  0.000425  0.964637  0.261212  0.035266  -0.263447  0.959754  0.097308  -0.008429  -0.103158  0.994629  0.001094  -0.004445  -0.002583  0.000000  0.000000  0.000000  2.000000  
51.152489 -0.000354  0.086469  0.000423  0.964637  0.261216  0.035235  -0.263447  0.959765  0.097191  -0.008429  -0.103037  0.994642  0.001113  -0.004374  -0.002511  0.000000  0.000000  0.000000  2.000000  
51.153491 -0.000352  0.086465  0.000421  0.964637  0.261216  0.035235  -0.263447  0.959765  0.097191  -0.008429  -0.103037  0.994642  0.001127  -0.004284  -0.002463  0.000000  0.000000  0.000000  2.000000  
51.154500 -0.000350  0.086462  0.000418  0.964637  0.261216  0.035235  -0.263447  0.959765  0.097191  -0.008429  -0.103037  0.994642  0.001177  -0.004186  -0.002447  0.000000  0.000000  0.000000  2.000000  
51.155739 -0.000348  0.086457  0.000416  0.964637  0.261216  0.035235  -0.263447  0.959765  0.097191  -0.008429  -0.103037  0.994642  0.001246  -0.004123  -0.002377  0.000000  0.000000  0.000000  2.000000  
51.156985 -0.000346  0.086453  0.000414  0.964583  0.261413  0.035255  -0.263645  0.959712  0.097184  -0.008429  -0.103037  0.994642  0.001268  -0.004018  -0.002299  0.000000  0.000000  0.000000  2.000000  
51.157987 -0.000345  0.086449  0.000412  0.964583  0.261413  0.035255  -0.263645  0.959712  0.097184  -0.008429  -0.103037  0.994642  0.001315  -0.003963  -0.002228  0.000000  0.000000  0.000000  2.000000  
51.158994 -0.000343  0.086446  0.000411  0.964583  0.261413  0.035255  -0.263645  0.959712  0.097184  -0.008429  -0.103037  0.994642  0.001338  -0.003893  -0.002166  0.000000  0.000000  0.000000  2.000000  
51.160252 -0.000341  0.086442  0.000410  0.964583  0.261418  0.035223  -0.263645  0.959723  0.097068  -0.008429  -0.102916  0.994654  0.001428  -0.003758  -0.002034  0.000000  0.000000  0.000000  2.000000  
51.161491 -0.000339  0.086438  0.000409  0.964583  0.261418  0.035223  -0.263645  0.959723  0.097068  -0.008429  -0.102916  0.994654  0.001493  -0.003674  -0.001912  0.000000  0.000000  0.000000  2.000000  
51.162492 -0.000337  0.086435  0.000408  0.964583  0.261418  0.035223  -0.263645  0.959723  0.097068  -0.008429  -0.102916  0.994654  0.001522  -0.003584  -0.001799  0.000000  0.000000  0.000000  2.000000  
51.163739 -0.000335  0.086432  0.000407  0.964583  0.261418  0.035223  -0.263645  0.959723  0.097068  -0.008429  -0.102916  0.994654  0.001583  -0.003447  -0.001626  0.000000  0.000000  0.000000  2.000000  
51.164986 -0.000332  0.086429  0.000407  0.964583  0.261422  0.035191  -0.263645  0.959735  0.096951  -0.008429  -0.102796  0.994667  0.001627  -0.003331  -0.001467  0.000000  0.000000  0.000000  2.000000  
51.165989 -0.000331  0.086426  0.000406  0.964583  0.261422  0.035191  -0.263645  0.959735  0.096951  -0.008429  -0.102796  0.994667  0.001665  -0.003240  -0.001297  0.000000  0.000000  0.000000  2.000000  
51.167241 -0.000328  0.086423  0.000406  0.964583  0.261422  0.035191  -0.263645  0.959735  0.096951  -0.008429  -0.102796  0.994667  0.001676  -0.003150  -0.001163  0.000000  0.000000  0.000000  2.000000  
51.168488 -0.000326  0.086420  0.000406  0.964529  0.261620  0.035211  -0.263844  0.959681  0.096944  -0.008429  -0.102796  0.994667  0.001700  -0.003010  -0.001003  0.000000  0.000000  0.000000  2.000000  
51.169498 -0.000324  0.086418  0.000405  0.964529  0.261620  0.035211  -0.263844  0.959681  0.096944  -0.008429  -0.102796  0.994667  0.001720  -0.002947  -0.000870  0.000000  0.000000  0.000000  2.000000  
51.170737 -0.000323  0.086414  0.000405  0.964529  0.261620  0.035211  -0.263844  0.959681  0.096944  -0.008429  -0.102796  0.994667  0.001688  -0.002879  -0.000737  0.000000  0.000000  0.000000  2.000000  
51.171990 -0.000321  0.086411  0.000404  0.964529  0.261624  0.035180  -0.263844  0.959693  0.096828  -0.008429  -0.102675  0.994679  0.001651  -0.002781  -0.000618  0.000000  0.000000  0.000000  2.000000  
51.173240 -0.000320  0.086408  0.000404  0.964530  0.261637  0.035051  -0.263844  0.959689  0.096863  -0.008295  -0.102675  0.994680  0.001641  -0.002706  -0.000557  0.000000  0.000000  0.000000  2.000000  
51.174244 -0.000318  0.086405  0.000404  0.964530  0.261637  0.035051  -0.263844  0.959689  0.096863  -0.008295  -0.102675  0.994680  0.001593  -0.002659  -0.000474  0.000000  0.000000  0.000000  2.000000  
51.175489 -0.000317  0.086402  0.000403  0.964530  0.261637  0.035051  -0.263844  0.959689  0.096863  -0.008295  -0.102675  0.994680  0.001572  -0.002639  -0.000455  0.000000  0.000000  0.000000  2.000000  
51.176491 -0.000316  0.086399  0.000403  0.964530  0.261637  0.035051  -0.263844  0.959689  0.096863  -0.008295  -0.102675  0.994680  0.001487  -0.002602  -0.000403  0.000000  0.000000  0.000000  2.000000  
