1-Time 2-Px 3-Py 4-Pz 5-R11 6-R21 7-R31 8-R12 9-R22 10-R32 11-R13 12-R23 13-R33 14-Vx 15-Vy 16-Vz 17-Wx 18-Wy 19-Wz 20-state 21-PR11 22-PR21 23-PR31 24-PR12 25-PR22 26-PR32 27-PR13 28-PR23 29-PR33 
147.947404 0.003892  0.094410  -0.006793  0.986254  0.163807  0.021697  -0.164126  0.986342  0.013849  -0.019132  -0.017220  0.999669  -0.000157  -0.000184  -0.000319  0.000000  0.000000  0.000000  2.000000  
147.948406 0.003892  0.094410  -0.006794  0.986220  0.164010  0.021700  -0.164329  0.986308  0.013845  -0.019132  -0.017220  0.999669  -0.000174  -0.000215  -0.000373  0.000000  0.000000  0.000000  2.000000  
147.949408 0.003892  0.094409  -0.006794  0.986118  0.164619  0.021708  -0.164938  0.986207  0.013832  -0.019132  -0.017220  0.999669  -0.000158  -0.000260  -0.000354  0.000000  0.000000  0.000000  2.000000  
147.950411 0.003892  0.094408  -0.006795  0.985943  0.165627  0.022007  -0.165953  0.986036  0.013884  -0.019400  -0.017341  0.999661  -0.000127  -0.000303  -0.000363  0.000000  0.000000  0.000000  2.000000  
147.951653 0.003893  0.094406  -0.006796  0.985801  0.166434  0.022282  -0.166764  0.985900  0.013822  -0.019667  -0.017341  0.999656  -0.000097  -0.000466  -0.000359  0.000000  0.000000  0.000000  2.000000  
147.952656 0.003893  0.094404  -0.006796  0.985729  0.166838  0.022419  -0.167169  0.985832  0.013790  -0.019801  -0.017341  0.999654  -0.000041  -0.000569  -0.000395  0.000000  0.000000  0.000000  2.000000  
147.953656 0.003894  0.094403  -0.006797  0.985626  0.167447  0.022428  -0.167778  0.985729  0.013776  -0.019801  -0.017341  0.999654  0.000069  -0.000588  -0.000394  0.000000  0.000000  0.000000  2.000000  
147.954663 0.003895  0.094402  -0.006796  0.985455  0.168461  0.022331  -0.168793  0.985554  0.013895  -0.019667  -0.017463  0.999654  0.000124  -0.000628  -0.000345  0.000000  0.000000  0.000000  2.000000  
147.955908 0.003897  0.094402  -0.006796  0.985216  0.169886  0.022087  -0.170214  0.985309  0.013909  -0.019400  -0.017463  0.999659  0.000259  -0.000638  -0.000281  0.004288  -0.012472  0.200435  2.000000  
147.956908 0.003898  0.094401  -0.006796  0.985008  0.171102  0.021993  -0.171431  0.985096  0.014024  -0.019266  -0.017584  0.999660  0.000296  -0.000709  -0.000286  0.007580  -0.008710  0.241996  2.000000  
147.957908 0.003899  0.094400  -0.006797  0.984795  0.172319  0.022010  -0.172647  0.984884  0.013997  -0.019266  -0.017584  0.999660  0.000440  -0.000756  -0.000344  0.006783  -0.009431  0.283469  2.000000  
147.959159 0.003902  0.094398  -0.006799  0.984540  0.173731  0.022315  -0.174065  0.984634  0.014038  -0.019533  -0.017705  0.999652  0.000616  -0.000831  -0.000460  0.009885  -0.019286  0.331739  2.000000  
147.960406 0.003905  0.094399  -0.006799  0.984214  0.175550  0.022494  -0.175889  0.984309  0.014092  -0.019667  -0.017826  0.999648  0.000824  -0.000780  -0.000417  0.012630  -0.024695  0.390774  2.000000  
147.961414 0.003908  0.094399  -0.006798  0.983956  0.176966  0.022646  -0.177307  0.984056  0.014036  -0.019801  -0.017826  0.999645  0.001041  -0.000770  -0.000310  0.011759  -0.030231  0.442148  2.000000  
147.962421 0.003910  0.094397  -0.006797  0.983700  0.178384  0.022666  -0.178724  0.983800  0.014003  -0.019801  -0.017826  0.999645  0.001214  -0.000851  -0.000251  0.010814  -0.031072  0.490434  2.000000  
147.963657 0.003913  0.094395  -0.006798  0.983367  0.180203  0.022714  -0.180547  0.983466  0.014081  -0.019801  -0.017947  0.999643  0.001413  -0.000939  -0.000261  0.013683  -0.032211  0.552900  2.000000  
147.964657 0.003915  0.094393  -0.006799  0.983108  0.181623  0.022603  -0.181964  0.983204  0.014072  -0.019667  -0.017948  0.999645  0.001564  -0.001008  -0.000309  0.012780  -0.028566  0.601375  2.000000  
147.965658 0.003918  0.094391  -0.006799  0.982883  0.182837  0.022620  -0.183178  0.982979  0.014044  -0.019667  -0.017948  0.999645  0.001688  -0.001047  -0.000222  0.011974  -0.029295  0.642856  2.000000  
147.966904 0.003920  0.094388  -0.006798  0.982580  0.184456  0.022643  -0.184797  0.982677  0.014007  -0.019667  -0.017948  0.999645  0.001816  -0.001151  -0.000150  0.010902  -0.030273  0.698293  2.000000  
147.967906 0.003922  0.094383  -0.006799  0.982310  0.185869  0.022795  -0.186212  0.982411  0.013950  -0.019801  -0.017947  0.999643  0.001944  -0.001379  -0.000134  0.009913  -0.035623  0.746686  2.000000  
147.969157 0.003927  0.094378  -0.006800  0.981963  0.187689  0.022820  -0.188032  0.982064  0.013907  -0.019801  -0.017947  0.999643  0.002150  -0.001642  -0.000203  0.008700  -0.036715  0.808880  2.000000  
147.970418 0.003931  0.094372  -0.006801  0.981650  0.189304  0.022975  -0.189648  0.981754  0.013844  -0.019935  -0.017947  0.999640  0.002340  -0.001992  -0.000316  0.007561  -0.042162  0.863677  2.000000  
147.971667 0.003935  0.094366  -0.006803  0.981375  0.190722  0.022971  -0.191063  0.981482  0.013692  -0.019935  -0.017826  0.999642  0.002549  -0.002388  -0.000444  0.002541  -0.042961  0.912145  2.000000  
147.972911 0.003939  0.094357  -0.006805  0.981136  0.191932  0.023120  -0.192274  0.981246  0.013638  -0.020068  -0.017826  0.999640  0.002651  -0.002847  -0.000520  0.001667  -0.048195  0.953801  2.000000  
147.974158 0.003943  0.094348  -0.006809  0.980858  0.193348  0.023116  -0.193688  0.980970  0.013486  -0.020068  -0.017705  0.999642  0.002728  -0.003351  -0.000645  -0.003359  -0.048988  1.002318  2.000000  
147.975159 0.003946  0.094341  -0.006811  0.980658  0.194358  0.023130  -0.194698  0.980771  0.013462  -0.020068  -0.017705  0.999642  0.002777  -0.003925  -0.000801  -0.004038  -0.049607  1.037227  2.000000  
147.976413 0.003949  0.094331  -0.006814  0.980376  0.195771  0.023149  -0.196111  0.980490  0.013429  -0.020068  -0.017705  0.999642  0.002749  -0.004503  -0.001076  -0.004985  -0.050424  1.085036  2.000000  
147.977659 0.003951  0.094321  -0.006817  0.980174  0.196783  0.023139  -0.197120  0.980289  0.013286  -0.020068  -0.017584  0.999644  0.002661  -0.005163  -0.001338  -0.009877  -0.051098  1.126913  2.000000  
147.978908 0.003952  0.094309  -0.006820  0.979968  0.197792  0.023260  -0.198128  0.980088  0.013117  -0.020202  -0.017462  0.999643  0.002568  -0.005782  -0.001499  -0.014303  -0.055772  1.140805  2.000000  
147.980157 0.003954  0.094298  -0.006824  0.979804  0.198605  0.023222  -0.198935  0.979928  0.012860  -0.020202  -0.017220  0.999648  0.002499  -0.006301  -0.001672  -0.026415  -0.046475  1.127235  2.000000  
147.981159 0.003954  0.094289  -0.006827  0.979638  0.199413  0.023340  -0.199741  0.979766  0.012695  -0.020336  -0.017099  0.999647  0.002343  -0.006797  -0.001890  -0.030775  -0.046517  1.133936  2.000000  
147.982406 0.003953  0.094277  -0.006829  0.979470  0.200220  0.023457  -0.200547  0.979604  0.012530  -0.020470  -0.016977  0.999646  0.002113  -0.007272  -0.002065  -0.035072  -0.041849  1.138581  2.000000  
147.983407 0.003952  0.094267  -0.006832  0.979346  0.200828  0.023440  -0.201152  0.979482  0.012397  -0.020470  -0.016856  0.999648  0.001816  -0.007648  -0.002226  -0.039115  -0.041779  1.138564  2.000000  
147.984413 0.003951  0.094258  -0.006835  0.979260  0.201235  0.023528  -0.201555  0.979402  0.012123  -0.020604  -0.016613  0.999650  0.001487  -0.007993  -0.002392  -0.050976  -0.050403  1.124850  2.000000  
147.985419 0.003949  0.094248  -0.006839  0.979177  0.201641  0.023508  -0.201958  0.979321  0.011994  -0.020604  -0.016492  0.999652  0.001106  -0.008334  -0.002552  -0.054385  -0.054319  1.097137  2.000000  
147.986659 0.003945  0.094236  -0.006843  0.979094  0.202050  0.023464  -0.202361  0.979240  0.011747  -0.020604  -0.016250  0.999656  0.000671  -0.008648  -0.002692  -0.065678  -0.062585  1.062581  2.000000  
147.987907 0.003941  0.094224  -0.006847  0.979008  0.202456  0.023551  -0.202764  0.979160  0.011473  -0.020737  -0.016007  0.999657  0.000173  -0.008911  -0.002740  -0.073014  -0.066226  1.021382  2.000000  
147.988908 0.003938  0.094214  -0.006849  0.978924  0.202862  0.023531  -0.203167  0.979078  0.011344  -0.020737  -0.015886  0.999659  -0.000244  -0.009071  -0.002739  -0.081221  -0.057206  0.995493  2.000000  
147.989912 0.003934  0.094204  -0.006852  0.978880  0.203068  0.023615  -0.203368  0.979040  0.011075  -0.020871  -0.015643  0.999660  -0.000826  -0.009274  -0.002789  -0.092722  -0.056438  0.953759  2.000000  
147.991158 0.003927  0.094190  -0.006857  0.978835  0.203273  0.023699  -0.203569  0.979001  0.010805  -0.021005  -0.015401  0.999661  -0.001457  -0.009540  -0.002938  -0.099281  -0.059640  0.904786  2.000000  
147.992410 0.003919  0.094176  -0.006863  0.978791  0.203478  0.023783  -0.203770  0.978962  0.010535  -0.021139  -0.015158  0.999662  -0.002123  -0.009816  -0.003151  -0.106403  -0.058646  0.850213  2.000000  
147.993418 0.003911  0.094164  -0.006869  0.978746  0.203681  0.023891  -0.203971  0.978922  0.010384  -0.021272  -0.015037  0.999661  -0.002674  -0.009979  -0.003343  -0.114289  -0.062677  0.801320  2.000000  
147.994658 0.003902  0.094150  -0.006875  0.978701  0.203886  0.023975  -0.204172  0.978883  0.010115  -0.021406  -0.014794  0.999661  -0.003503  -0.010218  -0.003517  -0.121487  -0.070801  0.753029  2.000000  
147.995661 0.003894  0.094139  -0.006880  0.978659  0.204093  0.023927  -0.204373  0.978843  0.009872  -0.021406  -0.014552  0.999665  -0.004065  -0.010325  -0.003633  -0.128791  -0.070037  0.711548  2.000000  
147.996911 0.003883  0.094126  -0.006886  0.978656  0.204097  0.024009  -0.204372  0.978846  0.009608  -0.021540  -0.014309  0.999666  -0.004730  -0.010375  -0.003837  -0.136987  -0.074133  0.655330  2.000000  
147.998157 0.003872  0.094113  -0.006893  0.978611  0.204300  0.024117  -0.204573  0.978806  0.009457  -0.021674  -0.014188  0.999664  -0.005423  -0.010438  -0.004107  -0.139009  -0.072734  0.607703  2.000000  
147.999408 0.003860  0.094100  -0.006900  0.978566  0.204505  0.024200  -0.204774  0.978766  0.009187  -0.021807  -0.013945  0.999665  -0.006084  -0.010492  -0.004291  -0.146109  -0.071788  0.552447  2.000000  
148.000410 0.003849  0.094090  -0.006906  0.978561  0.204508  0.024412  -0.204773  0.978769  0.008895  -0.022075  -0.013703  0.999662  -0.006645  -0.010560  -0.004459  -0.152365  -0.079517  0.513520  2.000000  
148.001656 0.003836  0.094078  -0.006912  0.978515  0.204713  0.024495  -0.204974  0.978729  0.008625  -0.022209  -0.013460  0.999663  -0.007286  -0.010552  -0.004615  -0.155588  -0.083246  0.472326  2.000000  
148.002663 0.003826  0.094069  -0.006918  0.978470  0.204916  0.024603  -0.205175  0.978689  0.008473  -0.022343  -0.013339  0.999661  -0.007827  -0.010492  -0.004832  -0.160234  -0.083341  0.441504  2.000000  
148.003906 0.003813  0.094058  -0.006924  0.978467  0.204920  0.024684  -0.205174  0.978691  0.008209  -0.022476  -0.013096  0.999662  -0.008364  -0.010424  -0.004998  -0.166315  -0.086538  0.403543  2.000000  
148.004912 0.003803  0.094050  -0.006929  0.978464  0.204924  0.024766  -0.205173  0.978693  0.007944  -0.022610  -0.012854  0.999662  -0.008818  -0.010255  -0.005110  -0.170744  -0.090927  0.358367  2.000000  
148.006161 0.003789  0.094039  -0.006935  0.978419  0.205130  0.024848  -0.205374  0.978653  0.007674  -0.022744  -0.012611  0.999662  -0.009296  -0.010119  -0.005238  -0.178065  -0.094768  0.316866  2.000000  
148.007412 0.003775  0.094027  -0.006943  0.978374  0.205336  0.024931  -0.205575  0.978613  0.007404  -0.022878  -0.012369  0.999662  -0.009612  -0.009865  -0.005254  -0.181540  -0.098777  0.289096  2.000000  
148.008414 0.003764  0.094018  -0.006948  0.978371  0.205338  0.025037  -0.205574  0.978615  0.007257  -0.023011  -0.012247  0.999660  -0.009798  -0.009734  -0.005301  -0.179654  -0.102101  0.266129  2.000000  
148.009660 0.003752  0.094007  -0.006955  0.978326  0.205544  0.025120  -0.205775  0.978574  0.006987  -0.023145  -0.012005  0.999660  -0.010028  -0.009461  -0.005370  -0.184473  -0.102372  0.233720  2.000000  
148.010908 0.003741  0.093998  -0.006962  0.978277  0.205745  0.025358  -0.205975  0.978533  0.006808  -0.023413  -0.011884  0.999655  -0.010084  -0.009226  -0.005402  -0.180014  -0.106540  0.212951  2.000000  
148.012160 0.003731  0.093988  -0.006969  0.978274  0.205750  0.025439  -0.205975  0.978535  0.006543  -0.023546  -0.011641  0.999655  -0.010031  -0.009010  -0.005433  -0.183483  -0.106089  0.185271  2.000000  
148.013410 0.003721  0.093979  -0.006975  0.978225  0.205951  0.025677  -0.206175  0.978494  0.006364  -0.023814  -0.011520  0.999650  -0.009910  -0.008778  -0.005370  -0.178985  -0.114763  0.164424  2.000000  
148.014412 0.003714  0.093971  -0.006981  0.978222  0.205953  0.025783  -0.206174  0.978496  0.006218  -0.023948  -0.011398  0.999648  -0.009712  -0.008551  -0.005379  -0.177380  -0.113702  0.156223  2.000000  
148.015420 0.003707  0.093964  -0.006986  0.978177  0.206153  0.025915  -0.206375  0.978453  0.006185  -0.024081  -0.011398  0.999645  -0.009465  -0.008340  -0.005348  -0.174580  -0.119001  0.150502  2.000000  
148.016657 0.003699  0.093955  -0.006994  0.978170  0.206153  0.026152  -0.206374  0.978455  0.006011  -0.024349  -0.011277  0.999640  -0.009145  -0.008149  -0.005433  -0.168867  -0.126763  0.135488  2.000000  
148.017904 0.003692  0.093947  -0.007001  0.978125  0.206353  0.026284  -0.206574  0.978413  0.005978  -0.024483  -0.011277  0.999637  -0.008741  -0.007942  -0.005459  -0.160649  -0.126658  0.128648  2.000000  
148.018908 0.003687  0.093941  -0.007006  0.978076  0.206554  0.026522  -0.206774  0.978372  0.005799  -0.024750  -0.011156  0.999631  -0.008373  -0.007755  -0.005458  -0.161836  -0.136588  0.122687  2.000000  
148.019917 0.003682  0.093936  -0.007010  0.978072  0.206553  0.026652  -0.206774  0.978372  0.005771  -0.024884  -0.011156  0.999628  -0.007968  -0.007564  -0.005432  -0.153531  -0.136472  0.115778  2.000000  
148.021160 0.003677  0.093929  -0.007015  0.978023  0.206755  0.026890  -0.206973  0.978331  0.005592  -0.025151  -0.011034  0.999623  -0.007434  -0.007278  -0.005311  -0.149496  -0.140965  0.115757  2.000000  
148.022413 0.003672  0.093923  -0.007019  0.978017  0.206752  0.027152  -0.206972  0.978331  0.005536  -0.025419  -0.011034  0.999616  -0.006825  -0.006928  -0.005113  0.000000  0.000000  0.000000  2.000000  
148.023414 0.003668  0.093918  -0.007022  0.977967  0.206954  0.027390  -0.207172  0.978290  0.005357  -0.025687  -0.010913  0.999610  -0.006377  -0.006626  -0.004936  0.000000  0.000000  0.000000  2.000000  
148.024659 0.003664  0.093913  -0.007026  0.977960  0.206951  0.027651  -0.207171  0.978290  0.005301  -0.025954  -0.010913  0.999604  -0.005855  -0.006271  -0.004694  0.000000  0.000000  0.000000  2.000000  
148.025660 0.003662  0.093910  -0.007028  0.977914  0.207151  0.027783  -0.207371  0.978248  0.005268  -0.026088  -0.010913  0.999600  -0.005358  -0.005958  -0.004454  0.000000  0.000000  0.000000  2.000000  
148.026908 0.003659  0.093905  -0.007029  0.977865  0.207349  0.028046  -0.207571  0.978206  0.005206  -0.026355  -0.010913  0.999593  -0.004850  -0.005590  -0.004108  0.000000  0.000000  0.000000  2.000000  
148.028160 0.003657  0.093902  -0.007030  0.977858  0.207343  0.028333  -0.207570  0.978206  0.005270  -0.026623  -0.011034  0.999585  -0.004353  -0.005217  -0.003727  0.000000  0.000000  0.000000  2.000000  
148.029170 0.003655  0.093899  -0.007031  0.977812  0.207543  0.028465  -0.207770  0.978164  0.005236  -0.026757  -0.011034  0.999581  -0.003996  -0.004926  -0.003399  0.000000  0.000000  0.000000  2.000000  
148.030405 0.003653  0.093895  -0.007031  0.977805  0.207540  0.028726  -0.207769  0.978164  0.005180  -0.027024  -0.011034  0.999574  -0.003621  -0.004614  -0.003004  0.000000  0.000000  0.000000  2.000000  
148.031410 0.003651  0.093893  -0.007032  0.977755  0.207735  0.029014  -0.207968  0.978122  0.005237  -0.027292  -0.011155  0.999565  -0.003289  -0.004300  -0.002656  0.000000  0.000000  0.000000  2.000000  
148.032413 0.003649  0.093890  -0.007033  0.977708  0.207935  0.029146  -0.208169  0.978079  0.005204  -0.027425  -0.011155  0.999562  -0.002961  -0.004000  -0.002276  0.000000  0.000000  0.000000  2.000000  
148.033656 0.003647  0.093886  -0.007033  0.977701  0.207929  0.029433  -0.208167  0.978079  0.005266  -0.027693  -0.011276  0.999553  -0.002706  -0.003760  -0.001889  0.000000  0.000000  0.000000  2.000000  
148.034903 0.003644  0.093882  -0.007034  0.977651  0.208123  0.029721  -0.208367  0.978036  0.005323  -0.027960  -0.011397  0.999544  -0.002518  -0.003571  -0.001588  0.000000  0.000000  0.000000  2.000000  
148.035906 0.003642  0.093879  -0.007035  0.977604  0.208320  0.029878  -0.208568  0.977993  0.005408  -0.028094  -0.011518  0.999539  -0.002366  -0.003421  -0.001360  -0.039175  -0.184179  0.107553  2.000000  
148.036908 0.003640  0.093877  -0.007035  0.977597  0.208313  0.030165  -0.208566  0.977993  0.005471  -0.028362  -0.011640  0.999530  -0.002275  -0.003254  -0.001138  -0.027301  -0.185720  0.108468  2.000000  
148.038165 0.003637  0.093874  -0.007035  0.977547  0.208507  0.030453  -0.208766  0.977950  0.005527  -0.028629  -0.011761  0.999521  -0.002085  -0.003030  -0.000885  -0.019167  -0.190202  0.108404  2.000000  
148.039410 0.003634  0.093871  -0.007035  0.977500  0.208704  0.030610  -0.208966  0.977907  0.005612  -0.028763  -0.011882  0.999516  -0.002049  -0.002892  -0.000707  -0.006893  -0.188622  0.107518  2.000000  
148.040414 0.003632  0.093868  -0.007036  0.977496  0.208698  0.030766  -0.208965  0.977906  0.005702  -0.028896  -0.012003  0.999510  -0.002015  -0.002834  -0.000601  0.001179  -0.188654  0.107537  2.000000  
148.041659 0.003628  0.093865  -0.007037  0.977445  0.208893  0.031054  -0.209165  0.977863  0.005759  -0.029164  -0.012124  0.999501  -0.002075  -0.002757  -0.000528  0.013391  -0.190192  0.108428  2.000000  
148.042662 0.003625  0.093862  -0.007038  0.977442  0.208887  0.031210  -0.209164  0.977863  0.005849  -0.029298  -0.012245  0.999496  -0.002146  -0.002732  -0.000532  0.021710  -0.190082  0.101496  2.000000  
148.043909 0.003621  0.093859  -0.007039  0.977395  0.209083  0.031368  -0.209365  0.977820  0.005933  -0.029431  -0.012367  0.999490  -0.002266  -0.002693  -0.000542  0.029662  -0.185692  0.108478  2.000000  
148.045158 0.003617  0.093856  -0.007040  0.977391  0.209078  0.031524  -0.209364  0.977819  0.006024  -0.029565  -0.012488  0.999485  -0.002400  -0.002678  -0.000605  0.033924  -0.185695  0.101594  2.000000  
148.046159 0.003614  0.093853  -0.007041  0.977344  0.209277  0.031656  -0.209564  0.977777  0.005990  -0.029699  -0.012488  0.999481  -0.002514  -0.002714  -0.000616  0.037475  -0.184161  0.107583  2.000000  
148.047404 0.003610  0.093849  -0.007043  0.977340  0.209272  0.031812  -0.209563  0.977776  0.006080  -0.029833  -0.012609  0.999475  -0.002660  -0.002700  -0.000645  0.041687  -0.179643  0.100775  2.000000  
148.048410 0.003606  0.093846  -0.007044  0.977340  0.209268  0.031837  -0.209563  0.977775  0.006199  -0.029833  -0.012730  0.999474  -0.002792  -0.002687  -0.000708  0.050161  -0.172095  0.101692  2.000000  
148.049656 0.003600  0.093841  -0.007047  0.977336  0.209263  0.031994  -0.209562  0.977775  0.006289  -0.029966  -0.012851  0.999468  -0.002987  -0.002803  -0.000844  0.053978  -0.170643  0.094008  2.000000  
148.050656 0.003595  0.093837  -0.007050  0.977332  0.209261  0.032124  -0.209562  0.977775  0.006261  -0.030100  -0.012851  0.999464  -0.003178  -0.002900  -0.001023  0.058487  -0.167567  0.094858  2.000000  
148.051904 0.003589  0.093832  -0.007054  0.977332  0.209257  0.032150  -0.209562  0.977775  0.006380  -0.030100  -0.012973  0.999463  -0.003394  -0.003005  -0.001264  0.062241  -0.161670  0.087270  2.000000  
148.052906 0.003584  0.093827  -0.007058  0.977332  0.209253  0.032175  -0.209562  0.977774  0.006498  -0.030100  -0.013094  0.999461  -0.003594  -0.003153  -0.001486  0.000000  0.000000  0.000000  2.000000  
148.053907 0.003579  0.093823  -0.007062  0.977332  0.209253  0.032175  -0.209562  0.977774  0.006498  -0.030100  -0.013094  0.999461  -0.003739  -0.003280  -0.001756  0.000000  0.000000  0.000000  2.000000  
148.054912 0.003574  0.093819  -0.007065  0.977332  0.209249  0.032200  -0.209562  0.977773  0.006617  -0.030100  -0.013215  0.999460  -0.003952  -0.003408  -0.001981  0.000000  0.000000  0.000000  2.000000  
148.056159 0.003568  0.093813  -0.007070  0.977375  0.209044  0.032224  -0.209360  0.977815  0.006742  -0.030100  -0.013336  0.999458  -0.004143  -0.003536  -0.002253  0.000000  0.000000  0.000000  2.000000  
148.057415 0.003561  0.093807  -0.007076  0.977375  0.209040  0.032250  -0.209360  0.977814  0.006861  -0.030100  -0.013457  0.999456  -0.004350  -0.003719  -0.002563  0.000000  0.000000  0.000000  2.000000  
148.058420 0.003555  0.093801  -0.007081  0.977375  0.209040  0.032250  -0.209360  0.977814  0.006861  -0.030100  -0.013457  0.999456  -0.004562  -0.003949  -0.002824  0.000000  0.000000  0.000000  2.000000  
148.059658 0.003548  0.093795  -0.007087  0.977375  0.209036  0.032275  -0.209360  0.977814  0.006979  -0.030100  -0.013579  0.999455  -0.004783  -0.004188  -0.003184  0.000000  0.000000  0.000000  2.000000  
148.060658 0.003542  0.093789  -0.007091  0.977418  0.208835  0.032274  -0.209159  0.977857  0.006986  -0.030100  -0.013579  0.999455  -0.004956  -0.004343  -0.003383  0.000000  0.000000  0.000000  2.000000  
148.061909 0.003534  0.093783  -0.007097  0.977422  0.208833  0.032168  -0.209160  0.977855  0.007133  -0.029966  -0.013700  0.999457  -0.005178  -0.004567  -0.003704  0.000000  0.000000  0.000000  2.000000  
148.063157 0.003526  0.093776  -0.007102  0.977465  0.208631  0.032167  -0.208959  0.977898  0.007139  -0.029966  -0.013700  0.999457  -0.005338  -0.004739  -0.003886  0.000000  0.000000  0.000000  2.000000  
148.064159 0.003521  0.093771  -0.007106  0.977465  0.208631  0.032167  -0.208959  0.977898  0.007139  -0.029966  -0.013700  0.999457  -0.005452  -0.004826  -0.004006  0.000000  0.000000  0.000000  2.000000  
148.065420 0.003513  0.093764  -0.007111  0.977465  0.208627  0.032192  -0.208959  0.977898  0.007258  -0.029966  -0.013821  0.999455  -0.005557  -0.004932  -0.004123  0.000000  0.000000  0.000000  2.000000  
148.066656 0.003505  0.093757  -0.007116  0.977469  0.208629  0.032061  -0.208960  0.977897  0.007286  -0.029833  -0.013821  0.999459  -0.005675  -0.005066  -0.004195  0.000000  0.000000  0.000000  2.000000  
148.067658 0.003500  0.093751  -0.007119  0.977512  0.208428  0.032060  -0.208758  0.977940  0.007292  -0.029833  -0.013821  0.999459  -0.005719  -0.005107  -0.004128  0.000000  0.000000  0.000000  2.000000  
148.068904 0.003492  0.093745  -0.007123  0.977512  0.208428  0.032060  -0.208758  0.977940  0.007292  -0.029833  -0.013821  0.999459  -0.005787  -0.005198  -0.004081  0.000000  0.000000  0.000000  2.000000  
148.069909 0.003487  0.093740  -0.007126  0.977512  0.208428  0.032060  -0.208758  0.977940  0.007292  -0.029833  -0.013821  0.999459  -0.005802  -0.005269  -0.004081  0.000000  0.000000  0.000000  2.000000  
148.071166 0.003481  0.093734  -0.007129  0.977512  0.208428  0.032060  -0.208758  0.977940  0.007292  -0.029833  -0.013821  0.999459  -0.005809  -0.005279  -0.003912  0.000000  0.000000  0.000000  2.000000  
148.072411 0.003474  0.093728  -0.007133  0.977555  0.208223  0.032084  -0.208557  0.977982  0.007418  -0.029833  -0.013942  0.999458  -0.005785  -0.005286  -0.003802  0.000000  0.000000  0.000000  2.000000  
148.073412 0.003469  0.093723  -0.007135  0.977555  0.208223  0.032084  -0.208557  0.977982  0.007418  -0.029833  -0.013942  0.999458  -0.005706  -0.005245  -0.003658  0.000000  0.000000  0.000000  2.000000  
148.074421 0.003465  0.093718  -0.007138  0.977555  0.208223  0.032084  -0.208557  0.977982  0.007418  -0.029833  -0.013942  0.999458  -0.005626  -0.005222  -0.003465  0.000000  0.000000  0.000000  2.000000  
148.075422 0.003460  0.093713  -0.007140  0.977512  0.208424  0.032085  -0.208758  0.977939  0.007411  -0.029833  -0.013942  0.999458  -0.005501  -0.005155  -0.003332  0.000000  0.000000  0.000000  2.000000  
148.076658 0.003455  0.093707  -0.007143  0.977512  0.208424  0.032085  -0.208758  0.977939  0.007411  -0.029833  -0.013942  0.999458  -0.005408  -0.005157  -0.003175  0.000000  0.000000  0.000000  2.000000  
148.077659 0.003450  0.093702  -0.007145  0.977508  0.208422  0.032216  -0.208758  0.977940  0.007383  -0.029966  -0.013942  0.999454  -0.005278  -0.005113  -0.003035  0.000000  0.000000  0.000000  2.000000  
148.078908 0.003446  0.093696  -0.007147  0.977508  0.208422  0.032216  -0.208758  0.977940  0.007383  -0.029966  -0.013942  0.999454  -0.005075  -0.005042  -0.002835  0.000000  0.000000  0.000000  2.000000  
148.080163 0.003442  0.093690  -0.007150  0.977508  0.208422  0.032216  -0.208758  0.977940  0.007383  -0.029966  -0.013942  0.999454  -0.004824  -0.004967  -0.002649  0.000000  0.000000  0.000000  2.000000  
148.081410 0.003438  0.093685  -0.007152  0.977465  0.208624  0.032217  -0.208959  0.977897  0.007377  -0.029966  -0.013942  0.999454  -0.004635  -0.004890  -0.002476  0.000000  0.000000  0.000000  2.000000  
148.082419 0.003435  0.093681  -0.007153  0.977465  0.208624  0.032217  -0.208959  0.977897  0.007377  -0.029966  -0.013942  0.999454  -0.004338  -0.004738  -0.002302  0.000000  0.000000  0.000000  2.000000  
148.083655 0.003433  0.093676  -0.007154  0.977418  0.208827  0.032324  -0.209159  0.977855  0.007223  -0.030100  -0.013821  0.999451  -0.004080  -0.004640  -0.002121  0.000000  0.000000  0.000000  2.000000  
148.084656 0.003431  0.093673  -0.007155  0.977418  0.208827  0.032324  -0.209159  0.977855  0.007223  -0.030100  -0.013821  0.999451  -0.003828  -0.004546  -0.001981  0.000000  0.000000  0.000000  2.000000  
148.085909 0.003429  0.093668  -0.007157  0.977375  0.209028  0.032326  -0.209360  0.977812  0.007217  -0.030100  -0.013821  0.999451  -0.003490  -0.004424  -0.001861  0.000000  0.000000  0.000000  2.000000  
148.086910 0.003427  0.093665  -0.007158  0.977375  0.209028  0.032326  -0.209360  0.977812  0.007217  -0.030100  -0.013821  0.999451  -0.003306  -0.004338  -0.001776  0.000000  0.000000  0.000000  2.000000  
148.087912 0.003426  0.093662  -0.007159  0.977332  0.209230  0.032327  -0.209562  0.977769  0.007210  -0.030100  -0.013821  0.999451  -0.003000  -0.004234  -0.001637  0.000000  0.000000  0.000000  2.000000  
148.089160 0.003425  0.093658  -0.007160  0.977289  0.209435  0.032303  -0.209763  0.977727  0.007085  -0.030100  -0.013700  0.999453  -0.002680  -0.004068  -0.001500  0.000000  0.000000  0.000000  2.000000  
148.090161 0.003424  0.093655  -0.007161  0.977285  0.209433  0.032434  -0.209762  0.977727  0.007057  -0.030234  -0.013700  0.999449  -0.002469  -0.003953  -0.001396  0.000000  0.000000  0.000000  2.000000  
148.091164 0.003424  0.093652  -0.007162  0.977242  0.209634  0.032436  -0.209963  0.977684  0.007050  -0.030234  -0.013700  0.999449  -0.002163  -0.003809  -0.001310  0.000000  0.000000  0.000000  2.000000  
148.092411 0.003422  0.093648  -0.007164  0.977198  0.209836  0.032437  -0.210164  0.977641  0.007043  -0.030234  -0.013700  0.999449  -0.001897  -0.003672  -0.001255  0.000000  0.000000  0.000000  2.000000  
148.093412 0.003422  0.093645  -0.007165  0.977155  0.210037  0.032439  -0.210365  0.977597  0.007037  -0.030234  -0.013700  0.999449  -0.001710  -0.003575  -0.001162  0.000000  0.000000  0.000000  2.000000  
148.094414 0.003421  0.093642  -0.007166  0.977108  0.210236  0.032571  -0.210566  0.977555  0.007002  -0.030368  -0.013700  0.999445  -0.001458  -0.003425  -0.001125  0.000000  0.000000  0.000000  2.000000  
148.095422 0.003421  0.093639  -0.007166  0.977108  0.210236  0.032571  -0.210566  0.977555  0.007002  -0.030368  -0.013700  0.999445  -0.001294  -0.003366  -0.001094  0.000000  0.000000  0.000000  2.000000  
148.096657 0.003421  0.093636  -0.007168  0.977021  0.210639  0.032574  -0.210968  0.977468  0.006988  -0.030368  -0.013700  0.999445  -0.001076  -0.003215  -0.001079  0.000000  0.000000  0.000000  2.000000  
148.097905 0.003420  0.093633  -0.007169  0.976978  0.210840  0.032575  -0.211169  0.977425  0.006982  -0.030368  -0.013700  0.999445  -0.000936  -0.003110  -0.001061  0.000000  0.000000  0.000000  2.000000  
148.099160 0.003420  0.093629  -0.007170  0.976934  0.211041  0.032576  -0.211370  0.977381  0.006975  -0.030368  -0.013700  0.999445  -0.000784  -0.003031  -0.001040  0.000000  0.000000  0.000000  2.000000  
148.100409 0.003419  0.093626  -0.007171  0.976891  0.211242  0.032578  -0.211571  0.977338  0.006968  -0.030368  -0.013700  0.999445  -0.000699  -0.002968  -0.000988  0.000000  0.000000  0.000000  2.000000  
148.101655 0.003418  0.093622  -0.007172  0.976847  0.211444  0.032579  -0.211773  0.977294  0.006962  -0.030368  -0.013700  0.999445  -0.000635  -0.002899  -0.000943  0.000000  0.000000  0.000000  2.000000  
148.102909 0.003417  0.093619  -0.007173  0.976803  0.211645  0.032581  -0.211974  0.977251  0.006955  -0.030368  -0.013700  0.999445  -0.000613  -0.002849  -0.000933  0.000000  0.000000  0.000000  2.000000  
148.104159 0.003416  0.093616  -0.007174  0.976760  0.211850  0.032557  -0.212175  0.977208  0.006830  -0.030368  -0.013579  0.999447  -0.000591  -0.002800  -0.000923  0.000000  0.000000  0.000000  2.000000  
148.105161 0.003415  0.093613  -0.007174  0.976760  0.211850  0.032557  -0.212175  0.977208  0.006830  -0.030368  -0.013579  0.999447  -0.000574  -0.002770  -0.000870  0.000000  0.000000  0.000000  2.000000  
148.106422 0.003414  0.093610  -0.007175  0.976716  0.212051  0.032558  -0.212376  0.977164  0.006823  -0.030368  -0.013579  0.999447  -0.000632  -0.002740  -0.000844  0.000000  0.000000  0.000000  2.000000  
148.107659 0.003412  0.093606  -0.007176  0.976672  0.212252  0.032559  -0.212577  0.977121  0.006816  -0.030368  -0.013579  0.999447  -0.000677  -0.002719  -0.000784  0.000000  0.000000  0.000000  2.000000  
148.108908 0.003410  0.093603  -0.007177  0.976668  0.212251  0.032690  -0.212576  0.977121  0.006788  -0.030501  -0.013579  0.999442  -0.000768  -0.002718  -0.000777  0.000000  0.000000  0.000000  2.000000  
148.110159 0.003408  0.093599  -0.007177  0.976625  0.212452  0.032691  -0.212777  0.977077  0.006781  -0.030501  -0.013579  0.999442  -0.000852  -0.002693  -0.000714  0.000000  0.000000  0.000000  2.000000  
148.111162 0.003406  0.093596  -0.007178  0.976625  0.212452  0.032691  -0.212777  0.977077  0.006781  -0.030501  -0.013579  0.999442  -0.000946  -0.002717  -0.000695  0.000000  0.000000  0.000000  2.000000  
148.112410 0.003405  0.093593  -0.007179  0.976585  0.212655  0.032562  -0.212979  0.977033  0.006803  -0.030368  -0.013579  0.999447  -0.001047  -0.002719  -0.000685  0.000000  0.000000  0.000000  2.000000  
148.113662 0.003403  0.093590  -0.007179  0.976585  0.212655  0.032562  -0.212979  0.977033  0.006803  -0.030368  -0.013579  0.999447  -0.001162  -0.002718  -0.000641  0.000000  0.000000  0.000000  2.000000  
148.114909 0.003401  0.093586  -0.007180  0.976585  0.212655  0.032562  -0.212979  0.977033  0.006803  -0.030368  -0.013579  0.999447  -0.001256  -0.002744  -0.000622  0.000000  0.000000  0.000000  2.000000  
148.116159 0.003399  0.093582  -0.007181  0.976585  0.212655  0.032562  -0.212979  0.977033  0.006803  -0.030368  -0.013579  0.999447  -0.001350  -0.002774  -0.000603  0.000000  0.000000  0.000000  2.000000  
148.117408 0.003397  0.093578  -0.007182  0.976585  0.212655  0.032562  -0.212979  0.977033  0.006803  -0.030368  -0.013579  0.999447  -0.001428  -0.002836  -0.000611  0.000000  0.000000  0.000000  2.000000  
148.118411 0.003395  0.093575  -0.007182  0.976585  0.212655  0.032562  -0.212979  0.977033  0.006803  -0.030368  -0.013579  0.999447  -0.001466  -0.002845  -0.000594  0.000000  0.000000  0.000000  2.000000  
148.119661 0.003393  0.093572  -0.007183  0.976629  0.212453  0.032561  -0.212778  0.977077  0.006810  -0.030368  -0.013579  0.999447  -0.001514  -0.002849  -0.000589  0.000000  0.000000  0.000000  2.000000  
148.120906 0.003391  0.093567  -0.007184  0.976629  0.212453  0.032561  -0.212778  0.977077  0.006810  -0.030368  -0.013579  0.999447  -0.001574  -0.002903  -0.000628  0.000000  0.000000  0.000000  2.000000  
148.121912 0.003389  0.093564  -0.007185  0.976629  0.212453  0.032561  -0.212778  0.977077  0.006810  -0.030368  -0.013579  0.999447  -0.001608  -0.002928  -0.000648  0.000000  0.000000  0.000000  2.000000  
148.123163 0.003387  0.093560  -0.007186  0.976672  0.212252  0.032559  -0.212577  0.977121  0.006816  -0.030368  -0.013579  0.999447  -0.001601  -0.002951  -0.000639  0.000000  0.000000  0.000000  2.000000  
148.124416 0.003386  0.093557  -0.007186  0.976672  0.212252  0.032559  -0.212577  0.977121  0.006816  -0.030368  -0.013579  0.999447  -0.001600  -0.002950  -0.000638  0.000000  0.000000  0.000000  2.000000  
148.125422 0.003384  0.093554  -0.007187  0.976716  0.212051  0.032558  -0.212376  0.977164  0.006823  -0.030368  -0.013579  0.999447  -0.001579  -0.002974  -0.000663  0.000000  0.000000  0.000000  2.000000  
148.126658 0.003383  0.093550  -0.007188  0.976716  0.212051  0.032558  -0.212376  0.977164  0.006823  -0.030368  -0.013579  0.999447  -0.001529  -0.002975  -0.000668  0.000000  0.000000  0.000000  2.000000  
148.127659 0.003381  0.093548  -0.007189  0.976760  0.211850  0.032557  -0.212175  0.977208  0.006830  -0.030368  -0.013579  0.999447  -0.001526  -0.002975  -0.000667  0.000000  0.000000  0.000000  2.000000  
148.128909 0.003380  0.093545  -0.007190  0.976760  0.211850  0.032557  -0.212175  0.977208  0.006830  -0.030368  -0.013579  0.999447  -0.001471  -0.002954  -0.000714  0.000000  0.000000  0.000000  2.000000  
148.130167 0.003379  0.093542  -0.007191  0.976803  0.211653  0.032529  -0.211974  0.977252  0.006718  -0.030368  -0.013457  0.999448  -0.001439  -0.002908  -0.000740  0.000000  0.000000  0.000000  2.000000  
148.131409 0.003378  0.093538  -0.007192  0.976803  0.211653  0.032529  -0.211974  0.977252  0.006718  -0.030368  -0.013457  0.999448  -0.001345  -0.002881  -0.000759  0.000000  0.000000  0.000000  2.000000  
148.132654 0.003377  0.093535  -0.007193  0.976847  0.211452  0.032528  -0.211773  0.977296  0.006724  -0.030368  -0.013457  0.999448  -0.001281  -0.002810  -0.000761  0.000000  0.000000  0.000000  2.000000  
148.133656 0.003376  0.093533  -0.007194  0.976847  0.211452  0.032528  -0.211773  0.977296  0.006724  -0.030368  -0.013457  0.999448  -0.001229  -0.002734  -0.000731  0.000000  0.000000  0.000000  2.000000  
148.134656 0.003375  0.093531  -0.007195  0.976847  0.211452  0.032528  -0.211773  0.977296  0.006724  -0.030368  -0.013457  0.999448  -0.001175  -0.002714  -0.000779  0.000000  0.000000  0.000000  2.000000  
148.135660 0.003375  0.093529  -0.007195  0.976891  0.211250  0.032527  -0.211571  0.977339  0.006731  -0.030368  -0.013457  0.999448  -0.001076  -0.002608  -0.000766  0.000000  0.000000  0.000000  2.000000  
148.136907 0.003374  0.093526  -0.007196  0.976891  0.211250  0.032527  -0.211571  0.977339  0.006731  -0.030368  -0.013457  0.999448  -0.000986  -0.002515  -0.000749  0.000000  0.000000  0.000000  2.000000  
148.137930 0.003374  0.093525  -0.007196  0.976891  0.211250  0.032527  -0.211571  0.977339  0.006731  -0.030368  -0.013457  0.999448  -0.000935  -0.002405  -0.000730  0.000000  0.000000  0.000000  2.000000  
148.139160 0.003373  0.093523  -0.007197  0.976934  0.211049  0.032525  -0.211370  0.977383  0.006738  -0.030368  -0.013457  0.999448  -0.000856  -0.002295  -0.000723  0.000000  0.000000  0.000000  2.000000  
148.140413 0.003373  0.093522  -0.007197  0.976934  0.211049  0.032525  -0.211370  0.977383  0.006738  -0.030368  -0.013457  0.999448  -0.000740  -0.002148  -0.000698  0.000000  0.000000  0.000000  2.000000  
148.141659 0.003373  0.093520  -0.007198  0.976934  0.211049  0.032525  -0.211370  0.977383  0.006738  -0.030368  -0.013457  0.999448  -0.000647  -0.002029  -0.000649  0.000000  0.000000  0.000000  2.000000  
148.142908 0.003373  0.093519  -0.007199  0.976934  0.211049  0.032525  -0.211370  0.977383  0.006738  -0.030368  -0.013457  0.999448  -0.000580  -0.001881  -0.000619  0.000000  0.000000  0.000000  2.000000  
148.143909 0.003373  0.093518  -0.007198  0.976934  0.211049  0.032525  -0.211370  0.977383  0.006738  -0.030368  -0.013457  0.999448  -0.000466  -0.001749  -0.000550  0.000000  0.000000  0.000000  2.000000  
148.145158 0.003373  0.093517  -0.007199  0.976978  0.210848  0.032524  -0.211169  0.977426  0.006745  -0.030368  -0.013457  0.999448  -0.000414  -0.001623  -0.000521  0.000000  0.000000  0.000000  2.000000  
148.146419 0.003373  0.093517  -0.007199  0.976978  0.210848  0.032524  -0.211169  0.977426  0.006745  -0.030368  -0.013457  0.999448  -0.000293  -0.001445  -0.000459  0.000000  0.000000  0.000000  2.000000  
148.147656 0.003373  0.093516  -0.007200  0.976978  0.210848  0.032524  -0.211169  0.977426  0.006745  -0.030368  -0.013457  0.999448  -0.000226  -0.001297  -0.000429  0.000000  0.000000  0.000000  2.000000  
148.148657 0.003373  0.093515  -0.007200  0.976978  0.210848  0.032524  -0.211169  0.977426  0.006745  -0.030368  -0.013457  0.999448  -0.000172  -0.001145  -0.000364  0.000000  0.000000  0.000000  2.000000  
148.149659 0.003374  0.093516  -0.007200  0.976978  0.210848  0.032524  -0.211169  0.977426  0.006745  -0.030368  -0.013457  0.999448  -0.000092  -0.000998  -0.000368  0.000000  0.000000  0.000000  2.000000  
148.150903 0.003374  0.093516  -0.007200  0.976978  0.210848  0.032524  -0.211169  0.977426  0.006745  -0.030368  -0.013457  0.999448  -0.000007  -0.000806  -0.000279  0.000000  0.000000  0.000000  2.000000  
148.151909 0.003374  0.093516  -0.007200  0.976934  0.211049  0.032525  -0.211370  0.977383  0.006738  -0.030368  -0.013457  0.999448  0.000017  -0.000694  -0.000239  0.000000  0.000000  0.000000  2.000000  
148.153156 0.003375  0.093517  -0.007199  0.976934  0.211049  0.032525  -0.211370  0.977383  0.006738  -0.030368  -0.013457  0.999448  0.000083  -0.000536  -0.000205  0.000000  0.000000  0.000000  2.000000  
148.154161 0.003375  0.093517  -0.007199  0.976934  0.211049  0.032525  -0.211370  0.977383  0.006738  -0.030368  -0.013457  0.999448  0.000139  -0.000392  -0.000144  0.000000  0.000000  0.000000  2.000000  
148.155161 0.003376  0.093518  -0.007199  0.976934  0.211049  0.032525  -0.211370  0.977383  0.006738  -0.030368  -0.013457  0.999448  0.000163  -0.000267  -0.000099  0.000000  0.000000  0.000000  2.000000  
148.156411 0.003377  0.093518  -0.007198  0.976934  0.211049  0.032525  -0.211370  0.977383  0.006738  -0.030368  -0.013457  0.999448  0.000222  -0.000135  -0.000024  0.000000  0.000000  0.000000  2.000000  
148.157417 0.003377  0.093519  -0.007198  0.976934  0.211049  0.032525  -0.211370  0.977383  0.006738  -0.030368  -0.013457  0.999448  0.000255  0.000007  -0.000024  0.000000  0.000000  0.000000  2.000000  
148.158658 0.003377  0.093520  -0.007198  0.976934  0.211049  0.032525  -0.211370  0.977383  0.006738  -0.030368  -0.013457  0.999448  0.000282  0.000108  0.000030  0.000000  0.000000  0.000000  2.000000  
148.159659 0.003377  0.093520  -0.007198  0.976934  0.211049  0.032525  -0.211370  0.977383  0.006738  -0.030368  -0.013457  0.999448  0.000276  0.000204  0.000055  0.000000  0.000000  0.000000  2.000000  
148.160659 0.003377  0.093521  -0.007198  0.976934  0.211049  0.032525  -0.211370  0.977383  0.006738  -0.030368  -0.013457  0.999448  0.000258  0.000304  0.000113  0.000000  0.000000  0.000000  2.000000  
148.161909 0.003378  0.093522  -0.007198  0.976938  0.211051  0.032395  -0.211371  0.977382  0.006766  -0.030234  -0.013457  0.999452  0.000286  0.000434  0.000160  0.000000  0.000000  0.000000  2.000000  
148.163160 0.003378  0.093523  -0.007197  0.976938  0.211051  0.032395  -0.211371  0.977382  0.006766  -0.030234  -0.013457  0.999452  0.000283  0.000501  0.000191  0.000000  0.000000  0.000000  2.000000  
