1-Time 2-Px 3-Py 4-Pz 5-R11 6-R21 7-R31 8-R12 9-R22 10-R32 11-R13 12-R23 13-R33 14-Vx 15-Vy 16-Vz 17-Wx 18-Wy 19-Wz 20-state 21-PR11 22-PR21 23-PR31 24-PR12 25-PR22 26-PR32 27-PR13 28-PR23 29-PR33 
166.302848 0.006025  0.092615  -0.003898  0.986223  0.152692  0.063630  -0.153290  0.988171  0.004594  -0.062176  -0.014285  0.997963  0.000170  0.000186  0.000293  0.000000  0.000000  0.000000  2.000000  
166.304098 0.006026  0.092614  -0.003898  0.986192  0.152895  0.063631  -0.153493  0.988139  0.004581  -0.062176  -0.014285  0.997963  0.000189  0.000156  0.000266  0.000000  0.000000  0.000000  2.000000  
166.305102 0.006027  0.092614  -0.003898  0.986048  0.153705  0.063899  -0.154302  0.988013  0.004487  -0.062443  -0.014285  0.997946  0.000254  0.000152  0.000230  0.000000  0.000000  0.000000  2.000000  
166.306361 0.006028  0.092612  -0.003899  0.985864  0.154717  0.064299  -0.155313  0.987856  0.004359  -0.062844  -0.014284  0.997921  0.000322  -0.000011  0.000130  0.000000  0.000000  0.000000  2.000000  
166.307362 0.006029  0.092610  -0.003899  0.985775  0.155110  0.064716  -0.155715  0.987792  0.004390  -0.063245  -0.014405  0.997894  0.000403  -0.000143  0.000081  0.000000  0.000000  0.000000  2.000000  
166.308606 0.006031  0.092609  -0.003899  0.985654  0.155714  0.065114  -0.156320  0.987697  0.004287  -0.063645  -0.014405  0.997869  0.000547  -0.000221  0.000075  0.000000  0.000000  0.000000  2.000000  
166.309852 0.006034  0.092609  -0.003899  0.985516  0.156526  0.065249  -0.157131  0.987569  0.004213  -0.063779  -0.014404  0.997860  0.000685  -0.000273  0.000023  0.000000  0.000000  0.000000  2.000000  
166.310936 0.006036  0.092609  -0.003898  0.985395  0.157341  0.065121  -0.157943  0.987439  0.004180  -0.063645  -0.014405  0.997869  0.000822  -0.000269  0.000083  0.000000  0.000000  0.000000  2.000000  
166.312102 0.006039  0.092609  -0.003897  0.985199  0.158552  0.065145  -0.159160  0.987244  0.004220  -0.063645  -0.014526  0.997867  0.000993  -0.000296  0.000087  -0.004458  -0.056861  0.199507  2.000000  
166.313355 0.006042  0.092608  -0.003898  0.984985  0.159760  0.065433  -0.160375  0.987047  0.004216  -0.063912  -0.014646  0.997848  0.001183  -0.000371  0.000043  -0.003021  -0.066440  0.240708  2.000000  
166.314603 0.006046  0.092607  -0.003898  0.984761  0.160973  0.065834  -0.161587  0.986850  0.004070  -0.064313  -0.014646  0.997822  0.001456  -0.000435  -0.000013  -0.005692  -0.080531  0.281942  2.000000  
166.315850 0.006050  0.092608  -0.003896  0.984493  0.162379  0.066386  -0.163000  0.986618  0.004008  -0.064847  -0.014767  0.997786  0.001726  -0.000445  0.000120  -0.004764  -0.099243  0.330024  2.000000  
166.316852 0.006054  0.092608  -0.003893  0.984265  0.163592  0.066786  -0.164212  0.986418  0.003860  -0.065247  -0.014766  0.997760  0.001999  -0.000420  0.000341  -0.007413  -0.112427  0.368279  2.000000  
166.317854 0.006058  0.092607  -0.003890  0.984035  0.164796  0.067206  -0.165423  0.986215  0.003831  -0.065648  -0.014887  0.997732  0.002189  -0.000503  0.000511  -0.006122  -0.127443  0.412441  2.000000  
166.319098 0.006061  0.092604  -0.003888  0.983744  0.166417  0.067475  -0.167041  0.985943  0.003675  -0.065915  -0.014887  0.997714  0.002417  -0.000662  0.000679  -0.009640  -0.136133  0.463758  2.000000  
166.320102 0.006064  0.092602  -0.003887  0.983528  0.167632  0.067611  -0.168254  0.985737  0.003569  -0.066048  -0.014886  0.997705  0.002554  -0.000760  0.000718  -0.012318  -0.141308  0.505189  2.000000  
166.321103 0.006067  0.092600  -0.003886  0.983381  0.168442  0.067746  -0.169063  0.985599  0.003491  -0.066182  -0.014886  0.997697  0.002684  -0.000819  0.000879  -0.014219  -0.147266  0.536523  2.000000  
166.322364 0.006071  0.092596  -0.003883  0.983119  0.169858  0.068014  -0.170477  0.985356  0.003348  -0.066449  -0.014886  0.997679  0.002840  -0.000929  0.001028  -0.017393  -0.156872  0.584372  2.000000  
166.323608 0.006076  0.092591  -0.003882  0.982881  0.171069  0.068412  -0.171686  0.985147  0.003195  -0.066849  -0.014886  0.997652  0.002983  -0.001196  0.001144  -0.020188  -0.170990  0.625687  2.000000  
166.324854 0.006082  0.092585  -0.003882  0.982606  0.172483  0.068811  -0.173098  0.984900  0.003027  -0.067250  -0.014885  0.997625  0.003202  -0.001588  0.001067  -0.023260  -0.183724  0.668497  2.000000  
166.326102 0.006089  0.092581  -0.003882  0.982320  0.173894  0.069341  -0.174507  0.984652  0.002834  -0.067784  -0.014885  0.997589  0.003463  -0.001889  0.001045  -0.026780  -0.203949  0.722132  2.000000  
166.327103 0.006094  0.092575  -0.003882  0.982149  0.174699  0.069738  -0.175311  0.984509  0.002707  -0.068184  -0.014884  0.997562  0.003658  -0.002261  0.001001  -0.028774  -0.213317  0.749507  2.000000  
166.328105 0.006098  0.092569  -0.003883  0.981977  0.175504  0.070134  -0.176115  0.984366  0.002579  -0.068585  -0.014884  0.997534  0.003795  -0.002644  0.000994  -0.030742  -0.227262  0.777101  2.000000  
166.329361 0.006103  0.092560  -0.003885  0.981768  0.176511  0.070531  -0.177121  0.984186  0.002435  -0.068985  -0.014883  0.997507  0.003885  -0.003211  0.000933  -0.033149  -0.241115  0.810941  2.000000  
166.330368 0.006108  0.092553  -0.003886  0.981613  0.177320  0.070664  -0.177928  0.984041  0.002354  -0.069119  -0.014883  0.997497  0.003939  -0.003716  0.000740  -0.035009  -0.245941  0.838232  2.000000  
166.331621 0.006114  0.092544  -0.003887  0.981411  0.178337  0.070907  -0.178935  0.983859  0.002114  -0.069386  -0.014762  0.997481  0.003998  -0.004363  0.000436  -0.041473  -0.255393  0.872655  2.000000  
166.332851 0.006117  0.092533  -0.003887  0.981208  0.179346  0.071172  -0.179942  0.983675  0.001992  -0.069653  -0.014762  0.997462  0.003985  -0.004975  0.000219  -0.043905  -0.265101  0.907768  2.000000  
166.333852 0.006120  0.092522  -0.003888  0.981079  0.179958  0.071414  -0.180544  0.983565  0.001781  -0.069920  -0.014640  0.997445  0.003975  -0.005571  -0.000031  -0.049008  -0.274177  0.921245  2.000000  
166.335100 0.006124  0.092510  -0.003890  0.980930  0.180558  0.071940  -0.181143  0.983455  0.001640  -0.070453  -0.014640  0.997408  0.003940  -0.006175  -0.000164  -0.048522  -0.280771  0.906767  2.000000  
166.336104 0.006127  0.092500  -0.003891  0.980790  0.181168  0.072312  -0.181744  0.983345  0.001403  -0.070854  -0.014519  0.997381  0.003952  -0.006739  -0.000409  -0.052461  -0.282930  0.900744  2.000000  
166.337354 0.006129  0.092486  -0.003892  0.980612  0.181981  0.072685  -0.182546  0.983197  0.001151  -0.071254  -0.014397  0.997354  0.003843  -0.007336  -0.000599  -0.061396  -0.280774  0.906925  2.000000  
166.338362 0.006130  0.092475  -0.003893  0.980518  0.182400  0.072904  -0.182946  0.983123  0.000834  -0.071521  -0.014155  0.997339  0.003689  -0.007855  -0.000766  -0.069875  -0.278296  0.907294  2.000000  
166.339600 0.006132  0.092462  -0.003895  0.980386  0.183012  0.073144  -0.183549  0.983010  0.000620  -0.071788  -0.014034  0.997321  0.003445  -0.008320  -0.000855  -0.073536  -0.280456  0.899918  2.000000  
166.340610 0.006134  0.092452  -0.003897  0.980291  0.183422  0.073385  -0.183949  0.982936  0.000422  -0.072055  -0.013912  0.997304  0.003150  -0.008803  -0.001009  -0.077074  -0.296691  0.888793  2.000000  
166.341858 0.006135  0.092439  -0.003899  0.980206  0.183843  0.073471  -0.184350  0.982861  0.000128  -0.072188  -0.013670  0.997297  0.002794  -0.009254  -0.001137  -0.087270  -0.299925  0.858681  2.000000  
166.343103 0.006135  0.092426  -0.003901  0.980120  0.184255  0.073580  -0.184752  0.982785  -0.000046  -0.072322  -0.013549  0.997289  0.002510  -0.009492  -0.001207  -0.093735  -0.295118  0.831346  2.000000  
166.344356 0.006136  0.092413  -0.003904  0.980025  0.184674  0.073798  -0.185152  0.982710  -0.000364  -0.072589  -0.013307  0.997273  0.002161  -0.009778  -0.001267  -0.100256  -0.290080  0.803662  2.000000  
166.345359 0.006135  0.092402  -0.003907  0.979930  0.185093  0.074015  -0.185552  0.982634  -0.000682  -0.072856  -0.013065  0.997257  0.001823  -0.010025  -0.001417  -0.110836  -0.285109  0.776003  2.000000  
166.346368 0.006135  0.092391  -0.003910  0.979825  0.185501  0.074385  -0.185950  0.982559  -0.000907  -0.073256  -0.012944  0.997229  0.001431  -0.010365  -0.001622  -0.113324  -0.284713  0.748483  2.000000  
166.347606 0.006132  0.092374  -0.003917  0.979719  0.185919  0.074733  -0.186348  0.982483  -0.001250  -0.073656  -0.012701  0.997203  0.000978  -0.010738  -0.002025  -0.123044  -0.282255  0.715723  2.000000  
166.348853 0.006128  0.092358  -0.003923  0.979584  0.186540  0.074949  -0.186949  0.982368  -0.001585  -0.073923  -0.012459  0.997186  0.000508  -0.010978  -0.002283  -0.129422  -0.279135  0.679541  2.000000  
166.349853 0.006125  0.092345  -0.003927  0.979488  0.186951  0.075188  -0.187349  0.982292  -0.001785  -0.074190  -0.012338  0.997168  0.000113  -0.011155  -0.002532  -0.131710  -0.283246  0.651955  2.000000  
166.351100 0.006122  0.092331  -0.003932  0.979401  0.187372  0.075273  -0.187750  0.982215  -0.002079  -0.074323  -0.012096  0.997161  -0.000314  -0.011280  -0.002746  -0.137844  -0.280670  0.632968  2.000000  
166.352409 0.006118  0.092316  -0.003937  0.979314  0.187793  0.075357  -0.188152  0.982137  -0.002374  -0.074457  -0.011854  0.997154  -0.000786  -0.011290  -0.002960  -0.144092  -0.272815  0.595730  2.000000  
166.353601 0.006113  0.092302  -0.003942  0.979226  0.188205  0.075464  -0.188553  0.982060  -0.002549  -0.074590  -0.011733  0.997145  -0.001195  -0.011368  -0.003255  -0.145924  -0.266387  0.571638  2.000000  
166.354635 0.006110  0.092291  -0.003946  0.979168  0.188422  0.075680  -0.188751  0.982021  -0.002854  -0.074857  -0.011491  0.997128  -0.001524  -0.011385  -0.003421  -0.152356  -0.263175  0.534418  2.000000  
166.355851 0.006107  0.092278  -0.003951  0.979031  0.189044  0.075894  -0.189352  0.981904  -0.003189  -0.075124  -0.011249  0.997111  -0.001806  -0.011419  -0.003545  -0.158537  -0.256565  0.516933  2.000000  
166.356852 0.006103  0.092268  -0.003955  0.978973  0.189253  0.076133  -0.189549  0.981865  -0.003375  -0.075391  -0.011127  0.997092  -0.002098  -0.011417  -0.003741  -0.160778  -0.251704  0.489591  2.000000  
166.357853 0.006100  0.092258  -0.003959  0.978875  0.189672  0.076347  -0.189949  0.981787  -0.003695  -0.075658  -0.010885  0.997074  -0.002374  -0.011442  -0.003937  -0.167578  -0.246967  0.469224  2.000000  
166.358856 0.006097  0.092249  -0.003962  0.978786  0.190094  0.076431  -0.190350  0.981708  -0.003990  -0.075791  -0.010643  0.997067  -0.002604  -0.011343  -0.004003  -0.176213  -0.239736  0.459351  2.000000  
166.360103 0.006094  0.092237  -0.003966  0.978737  0.190313  0.076515  -0.190549  0.981668  -0.004269  -0.075925  -0.010401  0.997059  -0.002805  -0.011223  -0.004038  -0.182561  -0.234974  0.432086  2.000000  
166.361105 0.006091  0.092229  -0.003970  0.978649  0.190744  0.076574  -0.190950  0.981589  -0.004684  -0.076058  -0.010038  0.997053  -0.002975  -0.011001  -0.004047  -0.193787  -0.230116  0.418172  2.000000  
166.362107 0.006088  0.092220  -0.003973  0.978609  0.190955  0.076550  -0.191152  0.981549  -0.004818  -0.076058  -0.009917  0.997054  -0.003045  -0.010720  -0.003916  -0.192326  -0.220809  0.397593  2.000000  
166.363356 0.006084  0.092208  -0.003977  0.978511  0.191385  0.076740  -0.191551  0.981469  -0.005258  -0.076325  -0.009554  0.997037  -0.003049  -0.010370  -0.003792  -0.203627  -0.220540  0.383774  2.000000  
166.364603 0.006081  0.092197  -0.003981  0.978422  0.191806  0.076823  -0.191952  0.981389  -0.005554  -0.076458  -0.009312  0.997029  -0.003002  -0.010027  -0.003672  -0.207303  -0.211398  0.377021  2.000000  
166.365849 0.006079  0.092187  -0.003985  0.978322  0.192226  0.077036  -0.192351  0.981309  -0.005875  -0.076725  -0.009070  0.997011  -0.002914  -0.009779  -0.003547  -0.210570  -0.202231  0.363457  2.000000  
166.367104 0.006078  0.092176  -0.003987  0.978263  0.192435  0.077273  -0.192548  0.981269  -0.006061  -0.076992  -0.008949  0.996992  -0.002704  -0.009498  -0.003431  -0.209118  -0.197413  0.342763  2.000000  
166.368350 0.006077  0.092167  -0.003990  0.978163  0.192856  0.077485  -0.192947  0.981188  -0.006383  -0.077259  -0.008707  0.996973  -0.002476  -0.009197  -0.003281  -0.207549  -0.195762  0.340081  2.000000  
166.369353 0.006078  0.092160  -0.003992  0.978113  0.193066  0.077591  -0.193146  0.981148  -0.006544  -0.077392  -0.008586  0.996964  -0.002228  -0.008940  -0.003130  -0.206515  -0.191031  0.326334  2.000000  
166.370437 0.006078  0.092153  -0.003995  0.978063  0.193276  0.077697  -0.193346  0.981108  -0.006704  -0.077525  -0.008465  0.996954  -0.001977  -0.008604  -0.002997  -0.207256  -0.187531  0.321403  2.000000  
166.371604 0.006080  0.092144  -0.003998  0.978063  0.193286  0.077674  -0.193346  0.981107  -0.006823  -0.077525  -0.008344  0.996955  -0.001607  -0.008360  -0.002887  -0.205605  -0.181907  0.312832  2.000000  
166.372848 0.006081  0.092136  -0.004000  0.978013  0.193487  0.077803  -0.193545  0.981067  -0.006865  -0.077659  -0.008344  0.996945  -0.001279  -0.008110  -0.002700  -0.196532  -0.181721  0.299166  2.000000  
166.373857 0.006083  0.092130  -0.004001  0.977963  0.193697  0.077909  -0.193744  0.981027  -0.007026  -0.077792  -0.008223  0.996936  -0.000923  -0.007889  -0.002538  -0.193585  -0.178564  0.294764  2.000000  
166.375102 0.006086  0.092122  -0.004002  0.977903  0.193916  0.078123  -0.193941  0.980986  -0.007332  -0.078059  -0.007981  0.996917  -0.000494  -0.007672  -0.002351  -0.195656  -0.177023  0.285610  2.000000  
166.376103 0.006089  0.092117  -0.004001  0.977892  0.193924  0.078230  -0.193939  0.980985  -0.007477  -0.078192  -0.007860  0.996907  -0.000127  -0.007468  -0.002082  -0.190591  -0.172332  0.271939  2.000000  
166.377103 0.006092  0.092111  -0.004000  0.977882  0.193933  0.078337  -0.193937  0.980984  -0.007622  -0.078326  -0.007739  0.996898  0.000263  -0.007214  -0.001804  -0.190152  -0.163315  0.265215  2.000000  
166.378105 0.006095  0.092106  -0.003998  0.977832  0.194143  0.078443  -0.194137  0.980944  -0.007783  -0.078459  -0.007618  0.996888  0.000757  -0.006912  -0.001454  -0.186631  -0.159966  0.253658  2.000000  
166.379358 0.006099  0.092100  -0.003997  0.977822  0.194161  0.078527  -0.194135  0.980942  -0.008047  -0.078592  -0.007376  0.996880  0.001232  -0.006563  -0.001073  -0.185590  -0.155242  0.239894  2.000000  
166.380366 0.006103  0.092096  -0.003995  0.977811  0.194160  0.078657  -0.194133  0.980942  -0.008073  -0.078726  -0.007376  0.996869  0.001597  -0.006247  -0.000776  -0.180483  -0.155087  0.226099  2.000000  
166.381605 0.006108  0.092092  -0.003993  0.977801  0.194178  0.078741  -0.194130  0.980940  -0.008337  -0.078859  -0.007134  0.996860  0.002004  -0.005855  -0.000416  -0.179491  -0.154932  0.212384  2.000000  
166.382856 0.006112  0.092087  -0.003990  0.977801  0.194188  0.078718  -0.194130  0.980939  -0.008456  -0.078859  -0.007013  0.996861  0.002365  -0.005564  -0.000074  -0.177910  -0.149449  0.204323  2.000000  
166.384101 0.006117  0.092083  -0.003987  0.977801  0.194188  0.078718  -0.194130  0.980939  -0.008456  -0.078859  -0.007013  0.996861  0.002632  -0.005231  0.000320  -0.169659  -0.136951  0.185419  2.000000  
166.385354 0.006122  0.092079  -0.003984  0.977791  0.194197  0.078825  -0.194128  0.980938  -0.008601  -0.078993  -0.006892  0.996851  0.002916  -0.004938  0.000719  -0.164178  -0.131992  0.171275  2.000000  
166.386600 0.006125  0.092075  -0.003980  0.977780  0.194205  0.078932  -0.194126  0.980938  -0.008746  -0.079126  -0.006771  0.996842  0.003047  -0.004608  0.001193  -0.157758  -0.126292  0.156244  2.000000  
166.387601 0.006128  0.092072  -0.003978  0.977780  0.194205  0.078932  -0.194126  0.980938  -0.008746  -0.079126  -0.006771  0.996842  0.003199  -0.004368  0.001521  0.000000  0.000000  0.000000  2.000000  
166.388848 0.006131  0.092067  -0.003974  0.977770  0.194204  0.079063  -0.194124  0.980938  -0.008772  -0.079259  -0.006771  0.996831  0.003168  -0.004218  0.001772  0.000000  0.000000  0.000000  2.000000  
166.389850 0.006132  0.092062  -0.003972  0.977770  0.194204  0.079063  -0.194124  0.980938  -0.008772  -0.079259  -0.006771  0.996831  0.003092  -0.004093  0.001962  0.000000  0.000000  0.000000  2.000000  
166.390856 0.006133  0.092058  -0.003970  0.977770  0.194204  0.079063  -0.194124  0.980938  -0.008772  -0.079259  -0.006771  0.996831  0.002983  -0.003938  0.002148  0.000000  0.000000  0.000000  2.000000  
166.391859 0.006133  0.092054  -0.003968  0.977770  0.194204  0.079063  -0.194124  0.980938  -0.008772  -0.079259  -0.006771  0.996831  0.002812  -0.003889  0.002196  0.000000  0.000000  0.000000  2.000000  
166.393107 0.006134  0.092050  -0.003965  0.977770  0.194214  0.079039  -0.194124  0.980937  -0.008891  -0.079259  -0.006650  0.996832  0.002580  -0.003740  0.002291  0.000000  0.000000  0.000000  2.000000  
166.394364 0.006134  0.092045  -0.003963  0.977770  0.194214  0.079039  -0.194124  0.980937  -0.008891  -0.079259  -0.006650  0.996832  0.002285  -0.003681  0.002314  0.000000  0.000000  0.000000  2.000000  
166.395603 0.006134  0.092041  -0.003959  0.977770  0.194214  0.079039  -0.194124  0.980937  -0.008891  -0.079259  -0.006650  0.996832  0.001971  -0.003599  0.002365  0.000000  0.000000  0.000000  2.000000  
166.396604 0.006133  0.092038  -0.003958  0.977770  0.194214  0.079039  -0.194124  0.980937  -0.008891  -0.079259  -0.006650  0.996832  0.001716  -0.003612  0.002336  0.000000  0.000000  0.000000  2.000000  
166.397606 0.006133  0.092034  -0.003955  0.977770  0.194214  0.079039  -0.194124  0.980937  -0.008891  -0.079259  -0.006650  0.996832  0.001395  -0.003571  0.002347  0.000000  0.000000  0.000000  2.000000  
166.398853 0.006132  0.092030  -0.003953  0.977770  0.194214  0.079039  -0.194124  0.980937  -0.008891  -0.079259  -0.006650  0.996832  0.001008  -0.003597  0.002309  0.000000  0.000000  0.000000  2.000000  
166.400098 0.006131  0.092026  -0.003950  0.977770  0.194214  0.079039  -0.194124  0.980937  -0.008891  -0.079259  -0.006650  0.996832  0.000671  -0.003589  0.002242  0.000000  0.000000  0.000000  2.000000  
166.401099 0.006129  0.092023  -0.003948  0.977820  0.194013  0.078910  -0.193925  0.980976  -0.008849  -0.079126  -0.006650  0.996842  0.000342  -0.003616  0.002203  0.000000  0.000000  0.000000  2.000000  
166.402100 0.006128  0.092020  -0.003946  0.977830  0.194014  0.078780  -0.193927  0.980976  -0.008823  -0.078993  -0.006650  0.996853  0.000036  -0.003591  0.002173  0.000000  0.000000  0.000000  2.000000  
166.403103 0.006126  0.092016  -0.003944  0.977830  0.194014  0.078780  -0.193927  0.980976  -0.008823  -0.078993  -0.006650  0.996853  -0.000239  -0.003578  0.002156  0.000000  0.000000  0.000000  2.000000  
166.404352 0.006124  0.092011  -0.003942  0.977870  0.193812  0.078781  -0.193726  0.981016  -0.008806  -0.078993  -0.006650  0.996853  -0.000470  -0.003562  0.002055  0.000000  0.000000  0.000000  2.000000  
166.405354 0.006123  0.092007  -0.003941  0.977870  0.193812  0.078781  -0.193726  0.981016  -0.008806  -0.078993  -0.006650  0.996853  -0.000628  -0.003559  0.001986  0.000000  0.000000  0.000000  2.000000  
166.406356 0.006122  0.092003  -0.003940  0.977881  0.193803  0.078674  -0.193728  0.981017  -0.008662  -0.078859  -0.006771  0.996863  -0.000780  -0.003552  0.001890  0.000000  0.000000  0.000000  2.000000  
166.407361 0.006121  0.091999  -0.003941  0.977921  0.193601  0.078676  -0.193527  0.981057  -0.008645  -0.078859  -0.006771  0.996863  -0.000871  -0.003569  0.001725  0.000000  0.000000  0.000000  2.000000  
166.408602 0.006119  0.091994  -0.003940  0.977921  0.193601  0.078676  -0.193527  0.981057  -0.008645  -0.078859  -0.006771  0.996863  -0.000973  -0.003600  0.001571  0.000000  0.000000  0.000000  2.000000  
166.409605 0.006118  0.091991  -0.003940  0.977971  0.193391  0.078570  -0.193327  0.981098  -0.008484  -0.078726  -0.006892  0.996872  -0.001029  -0.003554  0.001409  0.000000  0.000000  0.000000  2.000000  
166.410608 0.006118  0.091988  -0.003941  0.978011  0.193189  0.078572  -0.193126  0.981137  -0.008468  -0.078726  -0.006892  0.996872  -0.001035  -0.003543  0.001263  0.000000  0.000000  0.000000  2.000000  
166.411853 0.006119  0.091985  -0.003940  0.978021  0.193189  0.078441  -0.193128  0.981137  -0.008442  -0.078592  -0.006892  0.996883  -0.000974  -0.003459  0.001114  0.000000  0.000000  0.000000  2.000000  
166.413103 0.006119  0.091982  -0.003940  0.978061  0.192978  0.078466  -0.192927  0.981178  -0.008307  -0.078592  -0.007013  0.996882  -0.000913  -0.003394  0.000951  0.000000  0.000000  0.000000  2.000000  
166.414358 0.006119  0.091978  -0.003940  0.978100  0.192776  0.078468  -0.192725  0.981218  -0.008291  -0.078592  -0.007013  0.996882  -0.000809  -0.003345  0.000770  0.000000  0.000000  0.000000  2.000000  
166.415600 0.006119  0.091975  -0.003940  0.978150  0.192575  0.078339  -0.192526  0.981257  -0.008249  -0.078459  -0.007013  0.996893  -0.000720  -0.003335  0.000600  0.000000  0.000000  0.000000  2.000000  
166.416602 0.006120  0.091973  -0.003940  0.978150  0.192565  0.078362  -0.192526  0.981258  -0.008130  -0.078459  -0.007134  0.996892  -0.000608  -0.003251  0.000452  0.000000  0.000000  0.000000  2.000000  
166.417604 0.006120  0.091970  -0.003939  0.978190  0.192363  0.078364  -0.192325  0.981298  -0.008114  -0.078459  -0.007134  0.996892  -0.000443  -0.003165  0.000350  0.000000  0.000000  0.000000  2.000000  
166.418848 0.006121  0.091968  -0.003939  0.978229  0.192161  0.078366  -0.192123  0.981337  -0.008098  -0.078459  -0.007134  0.996892  -0.000275  -0.003003  0.000230  0.000000  0.000000  0.000000  2.000000  
166.419854 0.006121  0.091966  -0.003939  0.978279  0.191960  0.078236  -0.191924  0.981377  -0.008056  -0.078326  -0.007134  0.996902  -0.000135  -0.002830  0.000178  0.000000  0.000000  0.000000  2.000000  
166.421103 0.006122  0.091965  -0.003938  0.978279  0.191960  0.078236  -0.191924  0.981377  -0.008056  -0.078326  -0.007134  0.996902  0.000006  -0.002577  0.000160  0.000000  0.000000  0.000000  2.000000  
166.422359 0.006122  0.091963  -0.003937  0.978319  0.191758  0.078238  -0.191722  0.981416  -0.008040  -0.078326  -0.007134  0.996902  0.000112  -0.002377  0.000219  0.000000  0.000000  0.000000  2.000000  
166.423605 0.006123  0.091962  -0.003936  0.978358  0.191556  0.078240  -0.191521  0.981456  -0.008024  -0.078326  -0.007134  0.996902  0.000304  -0.002105  0.000281  0.000000  0.000000  0.000000  2.000000  
166.424854 0.006124  0.091962  -0.003935  0.978368  0.191557  0.078109  -0.191523  0.981456  -0.007998  -0.078192  -0.007135  0.996913  0.000389  -0.001863  0.000315  0.000000  0.000000  0.000000  2.000000  
166.425856 0.006125  0.091963  -0.003935  0.978408  0.191346  0.078134  -0.191322  0.981496  -0.007863  -0.078192  -0.007255  0.996912  0.000458  -0.001634  0.000379  0.000000  0.000000  0.000000  2.000000  
166.427103 0.006127  0.091964  -0.003933  0.978408  0.191346  0.078134  -0.191322  0.981496  -0.007863  -0.078192  -0.007255  0.996912  0.000556  -0.001369  0.000461  0.000000  0.000000  0.000000  2.000000  
166.428109 0.006127  0.091964  -0.003933  0.978447  0.191144  0.078135  -0.191120  0.981535  -0.007847  -0.078192  -0.007255  0.996912  0.000556  -0.001160  0.000469  0.000000  0.000000  0.000000  2.000000  
166.429357 0.006128  0.091965  -0.003933  0.978447  0.191144  0.078135  -0.191120  0.981535  -0.007847  -0.078192  -0.007255  0.996912  0.000569  -0.000886  0.000482  0.000000  0.000000  0.000000  2.000000  
166.430367 0.006128  0.091966  -0.003933  0.978447  0.191144  0.078135  -0.191120  0.981535  -0.007847  -0.078192  -0.007255  0.996912  0.000623  -0.000589  0.000521  0.000000  0.000000  0.000000  2.000000  
166.431605 0.006129  0.091967  -0.003932  0.978447  0.191144  0.078135  -0.191120  0.981535  -0.007847  -0.078192  -0.007255  0.996912  0.000606  -0.000334  0.000510  0.000000  0.000000  0.000000  2.000000  
166.432850 0.006128  0.091967  -0.003932  0.978447  0.191144  0.078135  -0.191120  0.981535  -0.007847  -0.078192  -0.007255  0.996912  0.000565  -0.000152  0.000492  0.000000  0.000000  0.000000  2.000000  
166.433853 0.006129  0.091968  -0.003932  0.978447  0.191144  0.078135  -0.191120  0.981535  -0.007847  -0.078192  -0.007255  0.996912  0.000513  0.000077  0.000503  0.000000  0.000000  0.000000  2.000000  
166.434853 0.006128  0.091969  -0.003931  0.978447  0.191144  0.078135  -0.191120  0.981535  -0.007847  -0.078192  -0.007255  0.996912  0.000459  0.000176  0.000485  0.000000  0.000000  0.000000  2.000000  
166.436103 0.006129  0.091971  -0.003931  0.978447  0.191144  0.078135  -0.191120  0.981535  -0.007847  -0.078192  -0.007255  0.996912  0.000450  0.000404  0.000485  0.000000  0.000000  0.000000  2.000000  
166.437104 0.006129  0.091972  -0.003931  0.978447  0.191144  0.078135  -0.191120  0.981535  -0.007847  -0.078192  -0.007255  0.996912  0.000440  0.000586  0.000450  0.000000  0.000000  0.000000  2.000000  
166.438111 0.006129  0.091974  -0.003930  0.978447  0.191144  0.078135  -0.191120  0.981535  -0.007847  -0.078192  -0.007255  0.996912  0.000377  0.000737  0.000418  0.000000  0.000000  0.000000  2.000000  
166.439353 0.006129  0.091975  -0.003930  0.978447  0.191144  0.078135  -0.191120  0.981535  -0.007847  -0.078192  -0.007255  0.996912  0.000361  0.000873  0.000379  0.000000  0.000000  0.000000  2.000000  
166.440368 0.006129  0.091977  -0.003930  0.978458  0.191144  0.078004  -0.191122  0.981535  -0.007821  -0.078059  -0.007256  0.996922  0.000264  0.000954  0.000289  0.000000  0.000000  0.000000  2.000000  
166.441605 0.006129  0.091979  -0.003931  0.978458  0.191144  0.078004  -0.191122  0.981535  -0.007821  -0.078059  -0.007256  0.996922  0.000197  0.001009  0.000221  0.000000  0.000000  0.000000  2.000000  
166.442852 0.006129  0.091980  -0.003931  0.978458  0.191144  0.078004  -0.191122  0.981535  -0.007821  -0.078059  -0.007256  0.996922  0.000104  0.001051  0.000137  0.000000  0.000000  0.000000  2.000000  
166.443853 0.006129  0.091981  -0.003932  0.978458  0.191154  0.077981  -0.191122  0.981534  -0.007940  -0.078059  -0.007135  0.996923  0.000072  0.001086  0.000062  0.000000  0.000000  0.000000  2.000000  
166.444868 0.006129  0.091982  -0.003932  0.978458  0.191154  0.077981  -0.191122  0.981534  -0.007940  -0.078059  -0.007135  0.996923  0.000056  0.001133  0.000040  0.000000  0.000000  0.000000  2.000000  
166.446102 0.006129  0.091983  -0.003933  0.978458  0.191154  0.077981  -0.191122  0.981534  -0.007940  -0.078059  -0.007135  0.996923  0.000022  0.001152  -0.000036  0.000000  0.000000  0.000000  2.000000  
166.447103 0.006129  0.091984  -0.003934  0.978458  0.191154  0.077981  -0.191122  0.981534  -0.007940  -0.078059  -0.007135  0.996923  0.000018  0.001116  -0.000126  0.000000  0.000000  0.000000  2.000000  
166.448105 0.006128  0.091984  -0.003936  0.978458  0.191154  0.077981  -0.191122  0.981534  -0.007940  -0.078059  -0.007135  0.996923  0.000007  0.001104  -0.000226  0.000000  0.000000  0.000000  2.000000  
166.449357 0.006129  0.091985  -0.003937  0.978418  0.191356  0.077979  -0.191324  0.981495  -0.007956  -0.078059  -0.007135  0.996923  0.000016  0.001064  -0.000350  0.000000  0.000000  0.000000  2.000000  
166.450367 0.006128  0.091984  -0.003938  0.978418  0.191356  0.077979  -0.191324  0.981495  -0.007956  -0.078059  -0.007135  0.996923  -0.000010  0.000976  -0.000449  0.000000  0.000000  0.000000  2.000000  
166.451615 0.006129  0.091985  -0.003940  0.978418  0.191356  0.077979  -0.191324  0.981495  -0.007956  -0.078059  -0.007135  0.996923  -0.000017  0.000892  -0.000619  0.000000  0.000000  0.000000  2.000000  
166.452850 0.006129  0.091985  -0.003941  0.978418  0.191356  0.077979  -0.191324  0.981495  -0.007956  -0.078059  -0.007135  0.996923  0.000009  0.000803  -0.000718  0.000000  0.000000  0.000000  2.000000  
166.454104 0.006129  0.091985  -0.003942  0.978418  0.191356  0.077979  -0.191324  0.981495  -0.007956  -0.078059  -0.007135  0.996923  -0.000032  0.000651  -0.000829  0.000000  0.000000  0.000000  2.000000  
166.455353 0.006129  0.091985  -0.003944  0.978418  0.191365  0.077956  -0.191324  0.981494  -0.008075  -0.078059  -0.007014  0.996924  -0.000050  0.000530  -0.000903  0.000000  0.000000  0.000000  2.000000  
166.456605 0.006128  0.091985  -0.003945  0.978418  0.191365  0.077956  -0.191324  0.981494  -0.008075  -0.078059  -0.007014  0.996924  -0.000060  0.000395  -0.000979  0.000000  0.000000  0.000000  2.000000  
166.457664 0.006128  0.091984  -0.003946  0.978418  0.191365  0.077956  -0.191324  0.981494  -0.008075  -0.078059  -0.007014  0.996924  -0.000054  0.000295  -0.001014  0.000000  0.000000  0.000000  2.000000  
166.458857 0.006127  0.091983  -0.003947  0.978418  0.191365  0.077956  -0.191324  0.981494  -0.008075  -0.078059  -0.007014  0.996924  -0.000097  0.000146  -0.000982  0.000000  0.000000  0.000000  2.000000  
166.460103 0.006127  0.091983  -0.003947  0.978418  0.191365  0.077956  -0.191324  0.981494  -0.008075  -0.078059  -0.007014  0.996924  -0.000154  0.000045  -0.000952  0.000000  0.000000  0.000000  2.000000  
166.461105 0.006126  0.091982  -0.003947  0.978418  0.191365  0.077956  -0.191324  0.981494  -0.008075  -0.078059  -0.007014  0.996924  -0.000168  -0.000076  -0.000912  0.000000  0.000000  0.000000  2.000000  
166.462362 0.006125  0.091981  -0.003948  0.978418  0.191365  0.077956  -0.191324  0.981494  -0.008075  -0.078059  -0.007014  0.996924  -0.000227  -0.000177  -0.000897  0.000000  0.000000  0.000000  2.000000  
166.463603 0.006125  0.091980  -0.003949  0.978418  0.191365  0.077956  -0.191324  0.981494  -0.008075  -0.078059  -0.007014  0.996924  -0.000230  -0.000273  -0.000871  0.000000  0.000000  0.000000  2.000000  
166.464604 0.006124  0.091980  -0.003949  0.978418  0.191365  0.077956  -0.191324  0.981494  -0.008075  -0.078059  -0.007014  0.996924  -0.000276  -0.000347  -0.000816  0.000000  0.000000  0.000000  2.000000  
166.465850 0.006124  0.091979  -0.003949  0.978418  0.191365  0.077956  -0.191324  0.981494  -0.008075  -0.078059  -0.007014  0.996924  -0.000282  -0.000381  -0.000714  0.000000  0.000000  0.000000  2.000000  
166.466852 0.006124  0.091979  -0.003950  0.978418  0.191365  0.077956  -0.191324  0.981494  -0.008075  -0.078059  -0.007014  0.996924  -0.000331  -0.000425  -0.000656  0.000000  0.000000  0.000000  2.000000  
166.467852 0.006123  0.091978  -0.003950  0.978418  0.191365  0.077956  -0.191324  0.981494  -0.008075  -0.078059  -0.007014  0.996924  -0.000353  -0.000493  -0.000532  0.000000  0.000000  0.000000  2.000000  
166.469103 0.006123  0.091977  -0.003950  0.978418  0.191365  0.077956  -0.191324  0.981494  -0.008075  -0.078059  -0.007014  0.996924  -0.000383  -0.000533  -0.000499  0.000000  0.000000  0.000000  2.000000  
166.470103 0.006123  0.091977  -0.003950  0.978379  0.191567  0.077955  -0.191525  0.981454  -0.008091  -0.078059  -0.007014  0.996924  -0.000370  -0.000555  -0.000397  0.000000  0.000000  0.000000  2.000000  
166.471353 0.006123  0.091976  -0.003950  0.978379  0.191567  0.077955  -0.191525  0.981454  -0.008091  -0.078059  -0.007014  0.996924  -0.000381  -0.000596  -0.000307  0.000000  0.000000  0.000000  2.000000  
166.472355 0.006122  0.091975  -0.003949  0.978379  0.191567  0.077955  -0.191525  0.981454  -0.008091  -0.078059  -0.007014  0.996924  -0.000385  -0.000627  -0.000213  0.000000  0.000000  0.000000  2.000000  
166.473355 0.006122  0.091974  -0.003949  0.978379  0.191567  0.077955  -0.191525  0.981454  -0.008091  -0.078059  -0.007014  0.996924  -0.000377  -0.000651  -0.000202  0.000000  0.000000  0.000000  2.000000  
166.474368 0.006122  0.091974  -0.003949  0.978379  0.191567  0.077955  -0.191525  0.981454  -0.008091  -0.078059  -0.007014  0.996924  -0.000313  -0.000630  -0.000152  0.000000  0.000000  0.000000  2.000000  
166.475604 0.006122  0.091973  -0.003949  0.978379  0.191567  0.077955  -0.191525  0.981454  -0.008091  -0.078059  -0.007014  0.996924  -0.000292  -0.000669  -0.000129  0.000000  0.000000  0.000000  2.000000  
166.476605 0.006122  0.091973  -0.003949  0.978379  0.191567  0.077955  -0.191525  0.981454  -0.008091  -0.078059  -0.007014  0.996924  -0.000274  -0.000627  -0.000121  0.000000  0.000000  0.000000  2.000000  
166.477609 0.006122  0.091972  -0.003949  0.978379  0.191567  0.077955  -0.191525  0.981454  -0.008091  -0.078059  -0.007014  0.996924  -0.000204  -0.000598  -0.000068  0.000000  0.000000  0.000000  2.000000  
166.478852 0.006123  0.091972  -0.003949  0.978379  0.191567  0.077955  -0.191525  0.981454  -0.008091  -0.078059  -0.007014  0.996924  -0.000139  -0.000532  -0.000026  0.000000  0.000000  0.000000  2.000000  
166.479856 0.006123  0.091972  -0.003949  0.978379  0.191567  0.077955  -0.191525  0.981454  -0.008091  -0.078059  -0.007014  0.996924  -0.000111  -0.000513  -0.000005  0.000000  0.000000  0.000000  2.000000  
166.481104 0.006123  0.091972  -0.003949  0.978379  0.191567  0.077955  -0.191525  0.981454  -0.008091  -0.078059  -0.007014  0.996924  -0.000049  -0.000458  0.000037  0.000000  0.000000  0.000000  2.000000  
166.482108 0.006124  0.091972  -0.003949  0.978379  0.191567  0.077955  -0.191525  0.981454  -0.008091  -0.078059  -0.007014  0.996924  -0.000004  -0.000427  0.000023  0.000000  0.000000  0.000000  2.000000  
166.483356 0.006124  0.091972  -0.003949  0.978379  0.191567  0.077955  -0.191525  0.981454  -0.008091  -0.078059  -0.007014  0.996924  0.000019  -0.000382  0.000033  0.000000  0.000000  0.000000  2.000000  
166.484356 0.006124  0.091972  -0.003950  0.978379  0.191567  0.077955  -0.191525  0.981454  -0.008091  -0.078059  -0.007014  0.996924  0.000055  -0.000333  0.000009  0.000000  0.000000  0.000000  2.000000  
166.485358 0.006124  0.091973  -0.003950  0.978418  0.191365  0.077956  -0.191324  0.981494  -0.008075  -0.078059  -0.007014  0.996924  0.000090  -0.000281  -0.000015  0.000000  0.000000  0.000000  2.000000  
166.486361 0.006124  0.091973  -0.003950  0.978418  0.191365  0.077956  -0.191324  0.981494  -0.008075  -0.078059  -0.007014  0.996924  0.000112  -0.000188  -0.000061  0.000000  0.000000  0.000000  2.000000  
166.487605 0.006125  0.091973  -0.003951  0.978418  0.191365  0.077956  -0.191324  0.981494  -0.008075  -0.078059  -0.007014  0.996924  0.000162  -0.000144  -0.000119  0.000000  0.000000  0.000000  2.000000  
166.488848 0.006125  0.091973  -0.003952  0.978418  0.191365  0.077956  -0.191324  0.981494  -0.008075  -0.078059  -0.007014  0.996924  0.000187  -0.000070  -0.000152  0.000000  0.000000  0.000000  2.000000  
166.489855 0.006125  0.091973  -0.003952  0.978418  0.191365  0.077956  -0.191324  0.981494  -0.008075  -0.078059  -0.007014  0.996924  0.000205  0.000006  -0.000155  0.000000  0.000000  0.000000  2.000000  
166.490857 0.006125  0.091973  -0.003952  0.978418  0.191365  0.077956  -0.191324  0.981494  -0.008075  -0.078059  -0.007014  0.996924  0.000202  0.000051  -0.000211  0.000000  0.000000  0.000000  2.000000  
166.492103 0.006126  0.091974  -0.003953  0.978418  0.191365  0.077956  -0.191324  0.981494  -0.008075  -0.078059  -0.007014  0.996924  0.000239  0.000099  -0.000235  0.000000  0.000000  0.000000  2.000000  
166.493385 0.006126  0.091974  -0.003953  0.978468  0.191164  0.077827  -0.191124  0.981533  -0.008034  -0.077926  -0.007014  0.996935  0.000253  0.000176  -0.000236  0.000000  0.000000  0.000000  2.000000  
166.494607 0.006126  0.091975  -0.003954  0.978468  0.191164  0.077827  -0.191124  0.981533  -0.008034  -0.077926  -0.007014  0.996935  0.000228  0.000169  -0.000302  0.000000  0.000000  0.000000  2.000000  
166.495853 0.006127  0.091975  -0.003954  0.978468  0.191164  0.077827  -0.191124  0.981533  -0.008034  -0.077926  -0.007014  0.996935  0.000208  0.000214  -0.000319  0.000000  0.000000  0.000000  2.000000  
166.496859 0.006127  0.091976  -0.003954  0.978468  0.191164  0.077827  -0.191124  0.981533  -0.008034  -0.077926  -0.007014  0.996935  0.000234  0.000270  -0.000314  0.000000  0.000000  0.000000  2.000000  
166.497865 0.006127  0.091976  -0.003954  0.978507  0.190962  0.077829  -0.190923  0.981572  -0.008018  -0.077926  -0.007014  0.996935  0.000234  0.000270  -0.000314  0.000000  0.000000  0.000000  2.000000  
166.499100 0.006127  0.091976  -0.003954  0.978507  0.190962  0.077829  -0.190923  0.981572  -0.008018  -0.077926  -0.007014  0.996935  0.000217  0.000270  -0.000275  0.000000  0.000000  0.000000  2.000000  
166.500364 0.006127  0.091977  -0.003954  0.978546  0.190760  0.077830  -0.190721  0.981612  -0.008002  -0.077926  -0.007014  0.996935  0.000207  0.000278  -0.000245  0.000000  0.000000  0.000000  2.000000  
166.501602 0.006127  0.091977  -0.003954  0.978546  0.190760  0.077830  -0.190721  0.981612  -0.008002  -0.077926  -0.007014  0.996935  0.000198  0.000253  -0.000197  0.000000  0.000000  0.000000  2.000000  
166.502848 0.006128  0.091977  -0.003953  0.978586  0.190558  0.077832  -0.190520  0.981651  -0.007986  -0.077926  -0.007014  0.996935  0.000202  0.000289  -0.000109  0.000000  0.000000  0.000000  2.000000  
166.503850 0.006128  0.091977  -0.003952  0.978586  0.190558  0.077832  -0.190520  0.981651  -0.007986  -0.077926  -0.007014  0.996935  0.000239  0.000276  -0.000034  0.000000  0.000000  0.000000  2.000000  
166.505102 0.006129  0.091977  -0.003951  0.978625  0.190356  0.077834  -0.190318  0.981690  -0.007970  -0.077926  -0.007014  0.996935  0.000247  0.000283  0.000065  0.000000  0.000000  0.000000  2.000000  
166.506362 0.006129  0.091978  -0.003950  0.978635  0.190357  0.077703  -0.190320  0.981690  -0.007944  -0.077792  -0.007014  0.996945  0.000232  0.000271  0.000146  0.000000  0.000000  0.000000  2.000000  
166.507608 0.006129  0.091978  -0.003950  0.978674  0.190155  0.077704  -0.190119  0.981729  -0.007928  -0.077792  -0.007014  0.996945  0.000252  0.000258  0.000257  0.000000  0.000000  0.000000  2.000000  
166.508857 0.006130  0.091978  -0.003948  0.978674  0.190155  0.077704  -0.190119  0.981729  -0.007928  -0.077792  -0.007014  0.996945  0.000249  0.000192  0.000358  0.000000  0.000000  0.000000  2.000000  
166.510103 0.006130  0.091978  -0.003947  0.978713  0.189953  0.077706  -0.189917  0.981768  -0.007912  -0.077792  -0.007014  0.996945  0.000234  0.000149  0.000441  0.000000  0.000000  0.000000  2.000000  
166.511355 0.006130  0.091977  -0.003946  0.978724  0.189954  0.077575  -0.189919  0.981768  -0.007887  -0.077659  -0.007014  0.996955  0.000185  0.000105  0.000498  0.000000  0.000000  0.000000  2.000000  
166.512355 0.006130  0.091977  -0.003945  0.978763  0.189751  0.077577  -0.189718  0.981807  -0.007871  -0.077659  -0.007014  0.996955  0.000226  0.000064  0.000585  0.000000  0.000000  0.000000  2.000000  
166.513358 0.006130  0.091977  -0.003944  0.978763  0.189751  0.077577  -0.189718  0.981807  -0.007871  -0.077659  -0.007014  0.996955  0.000207  0.000048  0.000663  0.000000  0.000000  0.000000  2.000000  
166.514365 0.006130  0.091977  -0.003943  0.978802  0.189549  0.077578  -0.189516  0.981846  -0.007855  -0.077659  -0.007014  0.996955  0.000174  0.000000  0.000698  0.000000  0.000000  0.000000  2.000000  
166.515603 0.006130  0.091977  -0.003942  0.978841  0.189347  0.077580  -0.189315  0.981885  -0.007839  -0.077659  -0.007014  0.996955  0.000186  0.000012  0.000798  0.000000  0.000000  0.000000  2.000000  
166.516850 0.006130  0.091977  -0.003940  0.978851  0.189348  0.077449  -0.189317  0.981885  -0.007814  -0.077525  -0.007014  0.996966  0.000195  0.000023  0.000884  0.000000  0.000000  0.000000  2.000000  
166.517854 0.006130  0.091977  -0.003939  0.978890  0.189146  0.077450  -0.189115  0.981924  -0.007798  -0.077525  -0.007014  0.996966  0.000162  -0.000025  0.000923  0.000000  0.000000  0.000000  2.000000  
