1-Time 2-Px 3-Py 4-Pz 5-R11 6-R21 7-R31 8-R12 9-R22 10-R32 11-R13 12-R23 13-R33 14-Vx 15-Vy 16-Vz 17-Wx 18-Wy 19-Wz 20-state 21-PR11 22-PR21 23-PR31 24-PR12 25-PR22 26-PR32 27-PR13 28-PR23 29-PR33 
27.907573 0.004649  0.090219  -0.001320  0.990347  0.137527  -0.017317  -0.137267  0.990415  0.015380  0.019266  -0.012855  0.999732  0.000100  0.000109  0.000293  0.000000  0.000000  0.000000  2.000000  
27.908578 0.004649  0.090219  -0.001320  0.990347  0.137527  -0.017317  -0.137267  0.990415  0.015380  0.019266  -0.012855  0.999732  0.000047  0.000111  0.000294  0.000000  0.000000  0.000000  2.000000  
27.909823 0.004649  0.090217  -0.001320  0.990233  0.138342  -0.017304  -0.138083  0.990301  0.015394  0.019266  -0.012855  0.999732  0.000074  -0.000023  0.000252  0.000000  0.000000  0.000000  2.000000  
27.910825 0.004649  0.090215  -0.001320  0.990148  0.138954  -0.017294  -0.138694  0.990215  0.015405  0.019266  -0.012855  0.999732  0.000025  -0.000208  0.000202  0.000000  0.000000  0.000000  2.000000  
27.911825 0.004649  0.090213  -0.001320  0.990062  0.139568  -0.017268  -0.139306  0.990128  0.015536  0.019266  -0.012976  0.999730  0.000038  -0.000338  0.000194  0.000000  0.000000  0.000000  2.000000  
27.913072 0.004650  0.090209  -0.001320  0.990005  0.139975  -0.017262  -0.139713  0.990070  0.015543  0.019266  -0.012976  0.999730  0.000064  -0.000599  0.000177  0.000000  0.000000  0.000000  2.000000  
27.914078 0.004650  0.090207  -0.001320  0.989944  0.140387  -0.017371  -0.140121  0.990010  0.015689  0.019400  -0.013097  0.999726  0.000130  -0.000730  0.000167  0.000000  0.000000  0.000000  2.000000  
27.915081 0.004652  0.090206  -0.001319  0.989826  0.141204  -0.017490  -0.140935  0.989894  0.015722  0.019533  -0.013097  0.999723  0.000212  -0.000830  0.000211  0.000000  0.000000  0.000000  2.000000  
27.916330 0.004653  0.090204  -0.001319  0.989646  0.142430  -0.017735  -0.142157  0.989718  0.015782  0.019801  -0.013097  0.999718  0.000278  -0.000963  0.000202  0.000000  0.000000  0.000000  2.000000  
27.917330 0.004654  0.090202  -0.001319  0.989526  0.143249  -0.017837  -0.142972  0.989598  0.015936  0.019935  -0.013218  0.999714  0.000351  -0.001119  0.000203  0.011800  0.024527  0.187084  2.000000  
27.918333 0.004655  0.090200  -0.001320  0.989376  0.144269  -0.017953  -0.143990  0.989450  0.015973  0.020068  -0.013218  0.999711  0.000438  -0.001236  0.000116  0.012490  0.028567  0.221702  2.000000  
27.919584 0.004657  0.090198  -0.001322  0.989227  0.145289  -0.017919  -0.145008  0.989299  0.016112  0.020068  -0.013340  0.999710  0.000529  -0.001413  -0.000047  0.017241  0.028096  0.256253  2.000000  
27.920828 0.004659  0.090197  -0.001321  0.989047  0.146511  -0.017899  -0.146230  0.989119  0.016134  0.020068  -0.013340  0.999710  0.000704  -0.001471  -0.000028  0.018194  0.027464  0.304718  2.000000  
27.922077 0.004661  0.090196  -0.001320  0.988863  0.147735  -0.018012  -0.147451  0.988937  0.016176  0.020202  -0.013340  0.999707  0.000824  -0.001567  0.000049  0.019032  0.031416  0.346299  2.000000  
27.923340 0.004663  0.090193  -0.001320  0.988677  0.148960  -0.018106  -0.148672  0.988752  0.016338  0.020336  -0.013461  0.999703  0.000948  -0.001806  0.000018  0.023938  0.035324  0.387662  2.000000  
27.924573 0.004665  0.090188  -0.001321  0.988521  0.149980  -0.018221  -0.149689  0.988597  0.016376  0.020470  -0.013461  0.999700  0.001054  -0.001970  -0.000067  0.024662  0.039382  0.422512  2.000000  
27.925575 0.004666  0.090184  -0.001320  0.988395  0.150796  -0.018340  -0.150503  0.988473  0.016411  0.020604  -0.013461  0.999697  0.001174  -0.002067  0.000009  0.025239  0.043511  0.450225  2.000000  
27.926576 0.004667  0.090180  -0.001319  0.988299  0.151410  -0.018444  -0.151113  0.988378  0.016563  0.020737  -0.013582  0.999693  0.001262  -0.002197  0.000087  0.029761  0.047707  0.471065  2.000000  
27.927822 0.004669  0.090173  -0.001317  0.988140  0.152429  -0.018559  -0.152130  0.988221  0.016602  0.020871  -0.013582  0.999690  0.001316  -0.002447  0.000252  0.034563  0.051777  0.505731  2.000000  
27.928826 0.004672  0.090167  -0.001316  0.988015  0.153245  -0.018527  -0.152943  0.988093  0.016737  0.020871  -0.013703  0.999688  0.001434  -0.002720  0.000293  0.039193  0.051379  0.533410  2.000000  
27.930077 0.004676  0.090159  -0.001315  0.987888  0.154059  -0.018513  -0.153757  0.987967  0.016753  0.020871  -0.013703  0.999688  0.001605  -0.003110  0.000315  0.039743  0.051006  0.561019  2.000000  
27.931328 0.004680  0.090151  -0.001313  0.987759  0.154876  -0.018613  -0.154570  0.987837  0.016908  0.021005  -0.013824  0.999684  0.001793  -0.003563  0.000386  0.044408  0.055095  0.588702  2.000000  
27.932577 0.004683  0.090141  -0.001312  0.987663  0.155486  -0.018602  -0.155180  0.987741  0.016920  0.021005  -0.013824  0.999684  0.001895  -0.004077  0.000500  0.044867  0.050323  0.609406  2.000000  
27.933577 0.004685  0.090133  -0.001312  0.987567  0.156096  -0.018592  -0.155790  0.987645  0.016931  0.021005  -0.013824  0.999684  0.001959  -0.004506  0.000596  0.045284  0.050046  0.630152  2.000000  
27.934827 0.004688  0.090122  -0.001311  0.987470  0.156706  -0.018581  -0.156400  0.987548  0.016943  0.021005  -0.013824  0.999684  0.002053  -0.005064  0.000640  0.045703  0.049770  0.650914  2.000000  
27.936076 0.004691  0.090112  -0.001311  0.987403  0.157113  -0.018725  -0.156806  0.987486  0.016852  0.021139  -0.013703  0.999683  0.002131  -0.005772  0.000630  0.041635  0.053715  0.659803  2.000000  
27.937079 0.004693  0.090103  -0.001310  0.987341  0.157517  -0.018586  -0.157213  0.987421  0.016838  0.021005  -0.013703  0.999685  0.002147  -0.006260  0.000651  0.042183  0.049440  0.678554  2.000000  
27.938338 0.004694  0.090092  -0.001309  0.987309  0.157721  -0.018583  -0.157416  0.987389  0.016842  0.021005  -0.013703  0.999685  0.002105  -0.006732  0.000707  0.042320  0.049346  0.685431  2.000000  
27.939574 0.004695  0.090080  -0.001308  0.987279  0.157920  -0.018466  -0.157620  0.987359  0.016705  0.020871  -0.013582  0.999690  0.002063  -0.007238  0.000873  0.037618  0.044715  0.666172  2.000000  
27.940578 0.004697  0.090072  -0.001306  0.987250  0.158121  -0.018331  -0.157824  0.987326  0.016688  0.020737  -0.013582  0.999693  0.002043  -0.007565  0.000924  0.037168  0.040534  0.645644  2.000000  
27.941826 0.004696  0.090060  -0.001305  0.987220  0.158321  -0.018215  -0.158027  0.987296  0.016551  0.020604  -0.013461  0.999697  0.001900  -0.008004  0.000893  0.028955  0.041047  0.637065  2.000000  
27.943078 0.004696  0.090047  -0.001303  0.987190  0.158522  -0.018079  -0.158231  0.987264  0.016533  0.020470  -0.013461  0.999700  0.001735  -0.008375  0.000962  0.028829  0.032159  0.630285  2.000000  
27.944328 0.004695  0.090034  -0.001301  0.987190  0.158520  -0.018098  -0.158231  0.987266  0.016413  0.020470  -0.013339  0.999701  0.001377  -0.008698  0.000963  0.020130  0.027701  0.604359  2.000000  
27.945575 0.004693  0.090021  -0.001300  0.987193  0.158516  -0.017986  -0.158231  0.987268  0.016273  0.020336  -0.013218  0.999706  0.001043  -0.008978  0.000952  0.015439  0.014807  0.569846  2.000000  
27.946822 0.004690  0.090008  -0.001298  0.987193  0.158516  -0.017986  -0.158231  0.987268  0.016273  0.020336  -0.013218  0.999706  0.000615  -0.009273  0.000969  0.010641  0.006395  0.528504  2.000000  
27.947823 0.004687  0.089998  -0.001297  0.987193  0.158514  -0.018005  -0.158231  0.987270  0.016153  0.020336  -0.013097  0.999707  0.000308  -0.009400  0.001010  0.006078  0.002328  0.500995  2.000000  
27.948831 0.004685  0.089987  -0.001295  0.987163  0.158713  -0.017889  -0.158435  0.987239  0.016016  0.020202  -0.012976  0.999712  -0.000071  -0.009582  0.001123  0.001320  -0.001666  0.470388  2.000000  
27.950077 0.004681  0.089973  -0.001294  0.987163  0.158713  -0.017889  -0.158435  0.987239  0.016016  0.020202  -0.012976  0.999712  -0.000499  -0.009839  0.001145  -0.003287  -0.001319  0.439157  2.000000  
27.951078 0.004678  0.089962  -0.001294  0.987165  0.158709  -0.017776  -0.158436  0.987242  0.015875  0.020068  -0.012855  0.999716  -0.000941  -0.010044  0.001130  -0.008226  -0.009753  0.401150  2.000000  
27.952329 0.004673  0.089947  -0.001294  0.987168  0.158705  -0.017663  -0.158436  0.987244  0.015734  0.019935  -0.012733  0.999720  -0.001363  -0.010295  0.001056  -0.017241  -0.013706  0.359600  2.000000  
27.953339 0.004669  0.089934  -0.001295  0.987168  0.158703  -0.017682  -0.158436  0.987246  0.015614  0.019935  -0.012612  0.999722  -0.001746  -0.010488  0.000957  -0.021670  -0.017673  0.329129  2.000000  
27.954340 0.004664  0.089923  -0.001296  0.987171  0.158702  -0.017550  -0.158436  0.987246  0.015593  0.019801  -0.012612  0.999724  -0.002109  -0.010677  0.000782  -0.022536  -0.026349  0.297016  2.000000  
27.955575 0.004660  0.089909  -0.001297  0.987171  0.158699  -0.017569  -0.158436  0.987248  0.015473  0.019801  -0.012491  0.999726  -0.002466  -0.010848  0.000600  -0.026939  -0.030230  0.267208  2.000000  
27.956578 0.004655  0.089898  -0.001299  0.987171  0.158697  -0.017589  -0.158436  0.987250  0.015353  0.019801  -0.012370  0.999727  -0.002756  -0.010958  0.000424  -0.035856  -0.034616  0.241679  2.000000  
27.957830 0.004649  0.089883  -0.001301  0.987171  0.158697  -0.017589  -0.158436  0.987250  0.015353  0.019801  -0.012370  0.999727  -0.003166  -0.011115  0.000119  -0.041168  -0.038971  0.202115  2.000000  
27.959078 0.004643  0.089869  -0.001303  0.987173  0.158693  -0.017476  -0.158437  0.987252  0.015212  0.019667  -0.012248  0.999732  -0.003501  -0.011187  -0.000148  -0.045419  -0.042717  0.172421  2.000000  
27.960327 0.004637  0.089855  -0.001305  0.987173  0.158693  -0.017476  -0.158437  0.987252  0.015212  0.019667  -0.012248  0.999732  -0.003788  -0.011279  -0.000372  0.000000  0.000000  0.000000  2.000000  
27.961328 0.004632  0.089843  -0.001307  0.987173  0.158691  -0.017495  -0.158437  0.987254  0.015093  0.019667  -0.012127  0.999733  -0.003945  -0.011365  -0.000540  0.000000  0.000000  0.000000  2.000000  
27.962337 0.004627  0.089832  -0.001308  0.987173  0.158691  -0.017495  -0.158437  0.987254  0.015093  0.019667  -0.012127  0.999733  -0.004131  -0.011354  -0.000737  0.000000  0.000000  0.000000  2.000000  
27.963338 0.004623  0.089821  -0.001309  0.987173  0.158689  -0.017514  -0.158437  0.987256  0.014973  0.019667  -0.012006  0.999734  -0.004251  -0.011401  -0.000921  0.000000  0.000000  0.000000  2.000000  
27.964577 0.004618  0.089809  -0.001309  0.987173  0.158689  -0.017514  -0.158437  0.987256  0.014973  0.019667  -0.012006  0.999734  -0.004393  -0.011339  -0.001052  0.000000  0.000000  0.000000  2.000000  
27.965580 0.004614  0.089798  -0.001311  0.987206  0.158484  -0.017537  -0.158234  0.987290  0.014849  0.019667  -0.011885  0.999736  -0.004430  -0.011262  -0.001149  0.000000  0.000000  0.000000  2.000000  
27.966846 0.004609  0.089785  -0.001311  0.987206  0.158484  -0.017537  -0.158234  0.987290  0.014849  0.019667  -0.011885  0.999736  -0.004389  -0.011109  -0.001187  0.000000  0.000000  0.000000  2.000000  
27.968106 0.004605  0.089772  -0.001314  0.987206  0.158482  -0.017556  -0.158234  0.987292  0.014730  0.019667  -0.011763  0.999737  -0.004315  -0.010971  -0.001290  0.000000  0.000000  0.000000  2.000000  
27.969329 0.004602  0.089760  -0.001315  0.987206  0.158482  -0.017556  -0.158234  0.987292  0.014730  0.019667  -0.011763  0.999737  -0.004141  -0.010837  -0.001261  0.000000  0.000000  0.000000  2.000000  
27.970338 0.004601  0.089751  -0.001316  0.987206  0.158482  -0.017556  -0.158234  0.987292  0.014730  0.019667  -0.011763  0.999737  -0.003981  -0.010705  -0.001292  0.000000  0.000000  0.000000  2.000000  
27.971580 0.004599  0.089740  -0.001317  0.987203  0.158481  -0.017707  -0.158233  0.987293  0.014631  0.019801  -0.011642  0.999736  -0.003693  -0.010511  -0.001225  0.000000  0.000000  0.000000  2.000000  
27.972827 0.004598  0.089729  -0.001319  0.987203  0.158481  -0.017707  -0.158233  0.987293  0.014631  0.019801  -0.011642  0.999736  -0.003394  -0.010321  -0.001188  0.000000  0.000000  0.000000  2.000000  
27.973829 0.004598  0.089720  -0.001319  0.987203  0.158481  -0.017707  -0.158233  0.987293  0.014631  0.019801  -0.011642  0.999736  -0.003048  -0.010133  -0.001080  0.000000  0.000000  0.000000  2.000000  
27.975075 0.004599  0.089709  -0.001320  0.987203  0.158481  -0.017707  -0.158233  0.987293  0.014631  0.019801  -0.011642  0.999736  -0.002608  -0.009897  -0.000974  0.000000  0.000000  0.000000  2.000000  
27.976328 0.004599  0.089698  -0.001320  0.987236  0.158280  -0.017691  -0.158030  0.987324  0.014747  0.019801  -0.011763  0.999735  -0.002192  -0.009694  -0.000845  0.000000  0.000000  0.000000  2.000000  
27.977574 0.004600  0.089687  -0.001319  0.987236  0.158280  -0.017691  -0.158030  0.987324  0.014747  0.019801  -0.011763  0.999735  -0.001736  -0.009500  -0.000701  0.000000  0.000000  0.000000  2.000000  
27.978575 0.004601  0.089679  -0.001318  0.987206  0.158484  -0.017537  -0.158234  0.987290  0.014849  0.019667  -0.011885  0.999736  -0.001330  -0.009327  -0.000624  0.000000  0.000000  0.000000  2.000000  
27.979575 0.004602  0.089671  -0.001317  0.987206  0.158484  -0.017537  -0.158234  0.987290  0.014849  0.019667  -0.011885  0.999736  -0.001031  -0.009197  -0.000510  0.000000  0.000000  0.000000  2.000000  
27.980598 0.004604  0.089663  -0.001316  0.987203  0.158485  -0.017669  -0.158233  0.987290  0.014871  0.019801  -0.011884  0.999733  -0.000567  -0.008976  -0.000326  0.000000  0.000000  0.000000  2.000000  
27.981849 0.004607  0.089654  -0.001313  0.987203  0.158488  -0.017649  -0.158233  0.987288  0.014990  0.019801  -0.012006  0.999732  -0.000111  -0.008723  -0.000087  0.000000  0.000000  0.000000  2.000000  
27.983077 0.004610  0.089646  -0.001310  0.987203  0.158488  -0.017649  -0.158233  0.987288  0.014990  0.019801  -0.012006  0.999732  0.000305  -0.008465  0.000284  0.000000  0.000000  0.000000  2.000000  
27.984078 0.004612  0.089639  -0.001307  0.987206  0.158488  -0.017498  -0.158234  0.987286  0.015089  0.019667  -0.012127  0.999733  0.000694  -0.008213  0.000582  0.000000  0.000000  0.000000  2.000000  
27.985082 0.004615  0.089633  -0.001303  0.987206  0.158488  -0.017498  -0.158234  0.987286  0.015089  0.019667  -0.012127  0.999733  0.000993  -0.007986  0.000880  0.000000  0.000000  0.000000  2.000000  
27.986339 0.004620  0.089626  -0.001299  0.987173  0.158693  -0.017476  -0.158437  0.987252  0.015212  0.019667  -0.012248  0.999732  0.001361  -0.007720  0.001231  0.000000  0.000000  0.000000  2.000000  
27.987578 0.004623  0.089619  -0.001295  0.987173  0.158693  -0.017476  -0.158437  0.987252  0.015212  0.019667  -0.012248  0.999732  0.001677  -0.007463  0.001584  0.000000  0.000000  0.000000  2.000000  
27.988826 0.004627  0.089611  -0.001291  0.987173  0.158693  -0.017476  -0.158437  0.987252  0.015212  0.019667  -0.012248  0.999732  0.001898  -0.007262  0.001889  0.000000  0.000000  0.000000  2.000000  
27.989868 0.004629  0.089605  -0.001288  0.987141  0.158899  -0.017453  -0.158640  0.987217  0.015336  0.019667  -0.012370  0.999730  0.002034  -0.007028  0.002170  0.000000  0.000000  0.000000  2.000000  
27.991078 0.004632  0.089597  -0.001283  0.987141  0.158901  -0.017434  -0.158640  0.987216  0.015455  0.019667  -0.012491  0.999729  0.002247  -0.006820  0.002444  0.000000  0.000000  0.000000  2.000000  
27.992079 0.004635  0.089591  -0.001280  0.987108  0.159104  -0.017431  -0.158843  0.987183  0.015459  0.019667  -0.012491  0.999729  0.002392  -0.006644  0.002669  0.000000  0.000000  0.000000  2.000000  
27.993080 0.004637  0.089585  -0.001278  0.987110  0.159105  -0.017280  -0.158844  0.987181  0.015557  0.019533  -0.012612  0.999730  0.002504  -0.006535  0.002787  0.000000  0.000000  0.000000  2.000000  
27.994336 0.004639  0.089576  -0.001274  0.987078  0.159310  -0.017257  -0.159047  0.987146  0.015681  0.019533  -0.012733  0.999728  0.002513  -0.006436  0.002915  0.000000  0.000000  0.000000  2.000000  
27.995585 0.004641  0.089566  -0.001271  0.987078  0.159312  -0.017238  -0.159047  0.987145  0.015800  0.019533  -0.012855  0.999727  0.002432  -0.006451  0.002995  0.000000  0.000000  0.000000  2.000000  
27.996823 0.004643  0.089558  -0.001267  0.987042  0.159519  -0.017347  -0.159250  0.987110  0.015945  0.019667  -0.012976  0.999722  0.002406  -0.006449  0.003064  0.000000  0.000000  0.000000  2.000000  
27.997827 0.004644  0.089551  -0.001265  0.987042  0.159519  -0.017347  -0.159250  0.987110  0.015945  0.019667  -0.012976  0.999722  0.002342  -0.006412  0.003049  0.000000  0.000000  0.000000  2.000000  
27.998832 0.004646  0.089544  -0.001261  0.987042  0.159521  -0.017328  -0.159250  0.987108  0.016065  0.019667  -0.013097  0.999721  0.002253  -0.006440  0.003067  0.000000  0.000000  0.000000  2.000000  
28.000076 0.004647  0.089535  -0.001258  0.987010  0.159727  -0.017305  -0.159453  0.987073  0.016188  0.019667  -0.013218  0.999719  0.002095  -0.006533  0.003048  0.000000  0.000000  0.000000  2.000000  
28.001330 0.004648  0.089526  -0.001255  0.987010  0.159729  -0.017286  -0.159453  0.987071  0.016308  0.019667  -0.013340  0.999718  0.001889  -0.006666  0.002947  0.000000  0.000000  0.000000  2.000000  
28.002403 0.004648  0.089519  -0.001253  0.987010  0.159729  -0.017286  -0.159453  0.987071  0.016308  0.019667  -0.013340  0.999718  0.001703  -0.006748  0.002853  0.000000  0.000000  0.000000  2.000000  
28.003579 0.004648  0.089509  -0.001251  0.986977  0.159934  -0.017263  -0.159656  0.987036  0.016431  0.019667  -0.013461  0.999716  0.001477  -0.006921  0.002699  0.000000  0.000000  0.000000  2.000000  
28.004827 0.004648  0.089500  -0.001248  0.986974  0.159936  -0.017395  -0.159656  0.987036  0.016452  0.019801  -0.013461  0.999713  0.001310  -0.007028  0.002626  0.000000  0.000000  0.000000  2.000000  
28.006074 0.004649  0.089491  -0.001245  0.986974  0.159936  -0.017395  -0.159656  0.987036  0.016452  0.019801  -0.013461  0.999713  0.001079  -0.007113  0.002540  0.000000  0.000000  0.000000  2.000000  
28.007077 0.004648  0.089483  -0.001244  0.986974  0.159938  -0.017376  -0.159656  0.987034  0.016572  0.019801  -0.013582  0.999712  0.000879  -0.007224  0.002394  0.000000  0.000000  0.000000  2.000000  
28.008077 0.004648  0.089475  -0.001243  0.986974  0.159938  -0.017376  -0.159656  0.987034  0.016572  0.019801  -0.013582  0.999712  0.000704  -0.007329  0.002314  0.000000  0.000000  0.000000  2.000000  
28.009080 0.004647  0.089467  -0.001241  0.986974  0.159938  -0.017376  -0.159656  0.987034  0.016572  0.019801  -0.013582  0.999712  0.000524  -0.007384  0.002223  0.000000  0.000000  0.000000  2.000000  
28.010336 0.004646  0.089456  -0.001240  0.986974  0.159940  -0.017356  -0.159656  0.987032  0.016692  0.019801  -0.013703  0.999710  0.000352  -0.007467  0.002095  0.000000  0.000000  0.000000  2.000000  
28.011575 0.004645  0.089446  -0.001239  0.987007  0.159737  -0.017360  -0.159452  0.987065  0.016688  0.019801  -0.013703  0.999710  0.000163  -0.007584  0.001914  0.000000  0.000000  0.000000  2.000000  
28.012823 0.004644  0.089436  -0.001238  0.987004  0.159739  -0.017492  -0.159452  0.987064  0.016710  0.019935  -0.013703  0.999707  0.000011  -0.007699  0.001761  0.000000  0.000000  0.000000  2.000000  
28.014079 0.004643  0.089424  -0.001238  0.987037  0.159537  -0.017476  -0.159249  0.987095  0.016826  0.019935  -0.013825  0.999706  -0.000179  -0.007858  0.001497  0.000000  0.000000  0.000000  2.000000  
28.015081 0.004643  0.089416  -0.001238  0.987037  0.159537  -0.017476  -0.159249  0.987095  0.016826  0.019935  -0.013825  0.999706  -0.000322  -0.007949  0.001303  0.000000  0.000000  0.000000  2.000000  
28.016082 0.004641  0.089407  -0.001238  0.987037  0.159537  -0.017476  -0.159249  0.987095  0.016826  0.019935  -0.013825  0.999706  -0.000440  -0.008037  0.001175  0.000000  0.000000  0.000000  2.000000  
28.017329 0.004640  0.089397  -0.001237  0.987037  0.159537  -0.017476  -0.159249  0.987095  0.016826  0.019935  -0.013825  0.999706  -0.000554  -0.008156  0.001059  0.000000  0.000000  0.000000  2.000000  
28.018339 0.004639  0.089389  -0.001237  0.987070  0.159334  -0.017479  -0.159046  0.987128  0.016822  0.019935  -0.013825  0.999706  -0.000614  -0.008126  0.000958  0.000000  0.000000  0.000000  2.000000  
28.019575 0.004637  0.089378  -0.001237  0.987067  0.159336  -0.017611  -0.159045  0.987128  0.016843  0.020068  -0.013825  0.999703  -0.000741  -0.008269  0.000790  0.000000  0.000000  0.000000  2.000000  
28.020580 0.004636  0.089370  -0.001236  0.987067  0.159336  -0.017611  -0.159045  0.987128  0.016843  0.020068  -0.013825  0.999703  -0.000829  -0.008283  0.000714  0.000000  0.000000  0.000000  2.000000  
28.021580 0.004635  0.089362  -0.001236  0.987067  0.159336  -0.017611  -0.159045  0.987128  0.016843  0.020068  -0.013825  0.999703  -0.000893  -0.008293  0.000616  0.000000  0.000000  0.000000  2.000000  
28.022826 0.004633  0.089353  -0.001235  0.987100  0.159133  -0.017615  -0.158842  0.987160  0.016840  0.020068  -0.013825  0.999703  -0.000978  -0.008276  0.000540  0.000000  0.000000  0.000000  2.000000  
28.023827 0.004632  0.089345  -0.001234  0.987100  0.159131  -0.017634  -0.158842  0.987162  0.016720  0.020068  -0.013703  0.999705  -0.001011  -0.008259  0.000463  0.000000  0.000000  0.000000  2.000000  
28.025072 0.004631  0.089336  -0.001234  0.987100  0.159131  -0.017634  -0.158842  0.987162  0.016720  0.020068  -0.013703  0.999705  -0.001056  -0.008174  0.000415  0.000000  0.000000  0.000000  2.000000  
28.026073 0.004630  0.089329  -0.001233  0.987100  0.159131  -0.017634  -0.158842  0.987162  0.016720  0.020068  -0.013703  0.999705  -0.001061  -0.008071  0.000434  0.000000  0.000000  0.000000  2.000000  
28.027075 0.004628  0.089322  -0.001232  0.987100  0.159131  -0.017634  -0.158842  0.987162  0.016720  0.020068  -0.013703  0.999705  -0.001128  -0.008019  0.000413  0.000000  0.000000  0.000000  2.000000  
28.028077 0.004627  0.089315  -0.001232  0.987100  0.159131  -0.017634  -0.158842  0.987162  0.016720  0.020068  -0.013703  0.999705  -0.001135  -0.007850  0.000413  0.000000  0.000000  0.000000  2.000000  
28.029077 0.004627  0.089308  -0.001231  0.987100  0.159131  -0.017634  -0.158842  0.987162  0.016720  0.020068  -0.013703  0.999705  -0.001123  -0.007734  0.000450  0.000000  0.000000  0.000000  2.000000  
28.030330 0.004626  0.089301  -0.001230  0.987133  0.158927  -0.017638  -0.158639  0.987195  0.016716  0.020068  -0.013703  0.999705  -0.001074  -0.007556  0.000499  0.000000  0.000000  0.000000  2.000000  
28.031585 0.004625  0.089293  -0.001229  0.987133  0.158927  -0.017638  -0.158639  0.987195  0.016716  0.020068  -0.013703  0.999705  -0.001076  -0.007330  0.000587  0.000000  0.000000  0.000000  2.000000  
28.032828 0.004624  0.089286  -0.001228  0.987133  0.158925  -0.017657  -0.158639  0.987197  0.016597  0.020068  -0.013582  0.999706  -0.001011  -0.007155  0.000652  0.000000  0.000000  0.000000  2.000000  
28.033840 0.004624  0.089280  -0.001227  0.987100  0.159129  -0.017653  -0.158842  0.987164  0.016600  0.020068  -0.013582  0.999706  -0.000976  -0.006956  0.000687  0.000000  0.000000  0.000000  2.000000  
28.035077 0.004623  0.089272  -0.001226  0.987100  0.159129  -0.017653  -0.158842  0.987164  0.016600  0.020068  -0.013582  0.999706  -0.000907  -0.006770  0.000706  0.000000  0.000000  0.000000  2.000000  
28.036078 0.004624  0.089267  -0.001225  0.987100  0.159129  -0.017653  -0.158842  0.987164  0.016600  0.020068  -0.013582  0.999706  -0.000772  -0.006554  0.000730  0.000000  0.000000  0.000000  2.000000  
28.037325 0.004624  0.089261  -0.001224  0.987100  0.159129  -0.017653  -0.158842  0.987164  0.016600  0.020068  -0.013582  0.999706  -0.000674  -0.006344  0.000768  0.000000  0.000000  0.000000  2.000000  
28.038333 0.004624  0.089256  -0.001222  0.987100  0.159129  -0.017653  -0.158842  0.987164  0.016600  0.020068  -0.013582  0.999706  -0.000573  -0.006164  0.000817  0.000000  0.000000  0.000000  2.000000  
28.039577 0.004625  0.089251  -0.001221  0.987067  0.159330  -0.017669  -0.159045  0.987134  0.016484  0.020068  -0.013461  0.999708  -0.000410  -0.005886  0.000850  0.000000  0.000000  0.000000  2.000000  
28.040823 0.004626  0.089246  -0.001219  0.987067  0.159330  -0.017669  -0.159045  0.987134  0.016484  0.020068  -0.013461  0.999708  -0.000254  -0.005628  0.000928  0.000000  0.000000  0.000000  2.000000  
28.041825 0.004627  0.089243  -0.001218  0.987067  0.159330  -0.017669  -0.159045  0.987134  0.016484  0.020068  -0.013461  0.999708  -0.000084  -0.005340  0.000964  0.000000  0.000000  0.000000  2.000000  
28.043079 0.004629  0.089239  -0.001216  0.987035  0.159533  -0.017666  -0.159248  0.987101  0.016488  0.020068  -0.013461  0.999708  0.000106  -0.005052  0.001064  0.000000  0.000000  0.000000  2.000000  
28.044329 0.004630  0.089235  -0.001214  0.987035  0.159533  -0.017666  -0.159248  0.987101  0.016488  0.020068  -0.013461  0.999708  0.000278  -0.004794  0.001110  0.000000  0.000000  0.000000  2.000000  
28.045581 0.004632  0.089231  -0.001213  0.987035  0.159531  -0.017685  -0.159248  0.987103  0.016368  0.020068  -0.013340  0.999710  0.000391  -0.004509  0.001145  0.000000  0.000000  0.000000  2.000000  
28.046630 0.004633  0.089229  -0.001211  0.987035  0.159531  -0.017685  -0.159248  0.987103  0.016368  0.020068  -0.013340  0.999710  0.000523  -0.004245  0.001156  0.000000  0.000000  0.000000  2.000000  
28.047826 0.004634  0.089225  -0.001210  0.987002  0.159734  -0.017682  -0.159452  0.987070  0.016372  0.020068  -0.013340  0.999710  0.000632  -0.004011  0.001155  0.000000  0.000000  0.000000  2.000000  
28.048835 0.004635  0.089223  -0.001209  0.987002  0.159734  -0.017682  -0.159452  0.987070  0.016372  0.020068  -0.013340  0.999710  0.000750  -0.003757  0.001201  0.000000  0.000000  0.000000  2.000000  
28.049847 0.004637  0.089221  -0.001208  0.987002  0.159734  -0.017682  -0.159452  0.987070  0.016372  0.020068  -0.013340  0.999710  0.000912  -0.003483  0.001231  0.000000  0.000000  0.000000  2.000000  
28.051078 0.004638  0.089219  -0.001207  0.986969  0.159937  -0.017679  -0.159655  0.987037  0.016375  0.020068  -0.013340  0.999710  0.000954  -0.003228  0.001217  0.000000  0.000000  0.000000  2.000000  
28.052078 0.004639  0.089217  -0.001206  0.986969  0.159937  -0.017679  -0.159655  0.987037  0.016375  0.020068  -0.013340  0.999710  0.001050  -0.002979  0.001195  0.000000  0.000000  0.000000  2.000000  
28.053343 0.004641  0.089216  -0.001205  0.986969  0.159937  -0.017679  -0.159655  0.987037  0.016375  0.020068  -0.013340  0.999710  0.001123  -0.002694  0.001196  0.000000  0.000000  0.000000  2.000000  
28.054578 0.004642  0.089214  -0.001204  0.986969  0.159937  -0.017679  -0.159655  0.987037  0.016375  0.020068  -0.013340  0.999710  0.001135  -0.002468  0.001159  0.000000  0.000000  0.000000  2.000000  
28.055827 0.004644  0.089213  -0.001203  0.986969  0.159937  -0.017679  -0.159655  0.987037  0.016375  0.020068  -0.013340  0.999710  0.001192  -0.002218  0.001107  0.000000  0.000000  0.000000  2.000000  
28.057075 0.004645  0.089212  -0.001202  0.986933  0.160140  -0.017827  -0.159858  0.987006  0.016281  0.020202  -0.013218  0.999709  0.001164  -0.001991  0.001036  0.000000  0.000000  0.000000  2.000000  
28.058075 0.004645  0.089211  -0.001202  0.986933  0.160140  -0.017827  -0.159858  0.987006  0.016281  0.020202  -0.013218  0.999709  0.001085  -0.001886  0.000953  0.000000  0.000000  0.000000  2.000000  
28.059329 0.004646  0.089209  -0.001202  0.986933  0.160140  -0.017827  -0.159858  0.987006  0.016281  0.020202  -0.013218  0.999709  0.001029  -0.001667  0.000853  0.000000  0.000000  0.000000  2.000000  
28.060580 0.004646  0.089208  -0.001201  0.986933  0.160140  -0.017827  -0.159858  0.987006  0.016281  0.020202  -0.013218  0.999709  0.000976  -0.001517  0.000782  0.000000  0.000000  0.000000  2.000000  
28.061583 0.004646  0.089207  -0.001201  0.986933  0.160140  -0.017827  -0.159858  0.987006  0.016281  0.020202  -0.013218  0.999709  0.000880  -0.001452  0.000686  0.000000  0.000000  0.000000  2.000000  
28.062826 0.004646  0.089206  -0.001201  0.986933  0.160140  -0.017827  -0.159858  0.987006  0.016281  0.020202  -0.013218  0.999709  0.000749  -0.001295  0.000583  0.000000  0.000000  0.000000  2.000000  
28.064079 0.004645  0.089205  -0.001201  0.986933  0.160140  -0.017827  -0.159858  0.987006  0.016281  0.020202  -0.013218  0.999709  0.000648  -0.001148  0.000518  0.000000  0.000000  0.000000  2.000000  
28.065097 0.004645  0.089204  -0.001201  0.986933  0.160140  -0.017827  -0.159858  0.987006  0.016281  0.020202  -0.013218  0.999709  0.000498  -0.001067  0.000416  0.000000  0.000000  0.000000  2.000000  
28.066363 0.004644  0.089204  -0.001202  0.986933  0.160140  -0.017827  -0.159858  0.987006  0.016281  0.020202  -0.013218  0.999709  0.000383  -0.000945  0.000293  0.000000  0.000000  0.000000  2.000000  
28.067577 0.004644  0.089204  -0.001202  0.986933  0.160140  -0.017827  -0.159858  0.987006  0.016281  0.020202  -0.013218  0.999709  0.000263  -0.000847  0.000216  0.000000  0.000000  0.000000  2.000000  
28.068577 0.004643  0.089203  -0.001202  0.986933  0.160140  -0.017827  -0.159858  0.987006  0.016281  0.020202  -0.013218  0.999709  0.000116  -0.000829  0.000182  0.000000  0.000000  0.000000  2.000000  
28.069578 0.004642  0.089203  -0.001202  0.986933  0.160140  -0.017827  -0.159858  0.987006  0.016281  0.020202  -0.013218  0.999709  -0.000035  -0.000769  0.000086  0.000000  0.000000  0.000000  2.000000  
28.070580 0.004642  0.089203  -0.001203  0.986931  0.160142  -0.017959  -0.159857  0.987006  0.016302  0.020336  -0.013218  0.999706  -0.000135  -0.000697  -0.000013  0.000000  0.000000  0.000000  2.000000  
28.071828 0.004641  0.089202  -0.001204  0.986931  0.160142  -0.017959  -0.159857  0.987006  0.016302  0.020336  -0.013218  0.999706  -0.000266  -0.000653  -0.000134  0.000000  0.000000  0.000000  2.000000  
28.072884 0.004640  0.089201  -0.001205  0.986931  0.160142  -0.017959  -0.159857  0.987006  0.016302  0.020336  -0.013218  0.999706  -0.000350  -0.000629  -0.000209  0.000000  0.000000  0.000000  2.000000  
28.074078 0.004639  0.089201  -0.001205  0.986964  0.159938  -0.017962  -0.159654  0.987038  0.016298  0.020336  -0.013218  0.999706  -0.000458  -0.000581  -0.000265  0.000000  0.000000  0.000000  2.000000  
28.075327 0.004638  0.089200  -0.001206  0.986964  0.159938  -0.017962  -0.159654  0.987038  0.016298  0.020336  -0.013218  0.999706  -0.000550  -0.000535  -0.000353  0.000000  0.000000  0.000000  2.000000  
28.076328 0.004637  0.089200  -0.001207  0.986964  0.159938  -0.017962  -0.159654  0.987038  0.016298  0.020336  -0.013218  0.999706  -0.000617  -0.000530  -0.000411  0.000000  0.000000  0.000000  2.000000  
28.077328 0.004637  0.089199  -0.001207  0.986964  0.159938  -0.017962  -0.159654  0.987038  0.016298  0.020336  -0.013218  0.999706  -0.000642  -0.000488  -0.000441  0.000000  0.000000  0.000000  2.000000  
28.078330 0.004636  0.089199  -0.001208  0.986964  0.159938  -0.017962  -0.159654  0.987038  0.016298  0.020336  -0.013218  0.999706  -0.000670  -0.000483  -0.000466  0.000000  0.000000  0.000000  2.000000  
28.079575 0.004635  0.089198  -0.001209  0.986964  0.159938  -0.017962  -0.159654  0.987038  0.016298  0.020336  -0.013218  0.999706  -0.000651  -0.000419  -0.000509  0.000000  0.000000  0.000000  2.000000  
28.080579 0.004634  0.089198  -0.001210  0.986964  0.159938  -0.017962  -0.159654  0.987038  0.016298  0.020336  -0.013218  0.999706  -0.000709  -0.000440  -0.000553  0.000000  0.000000  0.000000  2.000000  
28.081583 0.004634  0.089198  -0.001210  0.986996  0.159737  -0.017946  -0.159451  0.987069  0.016414  0.020336  -0.013340  0.999704  -0.000720  -0.000447  -0.000562  0.000000  0.000000  0.000000  2.000000  
28.082829 0.004633  0.089197  -0.001211  0.986996  0.159737  -0.017946  -0.159451  0.987069  0.016414  0.020336  -0.013340  0.999704  -0.000688  -0.000424  -0.000630  0.000000  0.000000  0.000000  2.000000  
28.084078 0.004632  0.089197  -0.001212  0.986996  0.159737  -0.017946  -0.159451  0.987069  0.016414  0.020336  -0.013340  0.999704  -0.000675  -0.000380  -0.000631  0.000000  0.000000  0.000000  2.000000  
28.085078 0.004632  0.089197  -0.001212  0.986996  0.159737  -0.017946  -0.159451  0.987069  0.016414  0.020336  -0.013340  0.999704  -0.000668  -0.000405  -0.000620  0.000000  0.000000  0.000000  2.000000  
28.086078 0.004632  0.089196  -0.001213  0.986996  0.159737  -0.017946  -0.159451  0.987069  0.016414  0.020336  -0.013340  0.999704  -0.000661  -0.000384  -0.000665  0.000000  0.000000  0.000000  2.000000  
28.087331 0.004631  0.089196  -0.001213  0.986996  0.159737  -0.017946  -0.159451  0.987069  0.016414  0.020336  -0.013340  0.999704  -0.000612  -0.000326  -0.000589  0.000000  0.000000  0.000000  2.000000  
28.088578 0.004631  0.089196  -0.001214  0.986996  0.159737  -0.017946  -0.159451  0.987069  0.016414  0.020336  -0.013340  0.999704  -0.000574  -0.000324  -0.000557  0.000000  0.000000  0.000000  2.000000  
28.089578 0.004630  0.089196  -0.001214  0.986996  0.159737  -0.017946  -0.159451  0.987069  0.016414  0.020336  -0.013340  0.999704  -0.000581  -0.000299  -0.000569  0.000000  0.000000  0.000000  2.000000  
28.090580 0.004630  0.089196  -0.001214  0.986996  0.159737  -0.017946  -0.159451  0.987069  0.016414  0.020336  -0.013340  0.999704  -0.000542  -0.000297  -0.000536  0.000000  0.000000  0.000000  2.000000  
28.091825 0.004629  0.089195  -0.001215  0.986996  0.159737  -0.017946  -0.159451  0.987069  0.016414  0.020336  -0.013340  0.999704  -0.000497  -0.000275  -0.000549  0.000000  0.000000  0.000000  2.000000  
28.093078 0.004629  0.089195  -0.001216  0.986996  0.159737  -0.017946  -0.159451  0.987069  0.016414  0.020336  -0.013340  0.999704  -0.000458  -0.000273  -0.000516  0.000000  0.000000  0.000000  2.000000  
28.094324 0.004629  0.089195  -0.001216  0.986996  0.159737  -0.017946  -0.159451  0.987069  0.016414  0.020336  -0.013340  0.999704  -0.000434  -0.000237  -0.000454  0.000000  0.000000  0.000000  2.000000  
28.095327 0.004629  0.089194  -0.001216  0.986996  0.159737  -0.017946  -0.159451  0.987069  0.016414  0.020336  -0.013340  0.999704  -0.000419  -0.000242  -0.000487  0.000000  0.000000  0.000000  2.000000  
28.096328 0.004629  0.089194  -0.001216  0.986994  0.159739  -0.018078  -0.159450  0.987069  0.016436  0.020470  -0.013339  0.999701  -0.000350  -0.000213  -0.000435  0.000000  0.000000  0.000000  2.000000  
28.097329 0.004628  0.089194  -0.001217  0.986994  0.159739  -0.018078  -0.159450  0.987069  0.016436  0.020470  -0.013339  0.999701  -0.000343  -0.000238  -0.000424  0.000000  0.000000  0.000000  2.000000  
28.098336 0.004628  0.089194  -0.001217  0.986994  0.159739  -0.018078  -0.159450  0.987069  0.016436  0.020470  -0.013339  0.999701  -0.000312  -0.000212  -0.000403  0.000000  0.000000  0.000000  2.000000  
28.099578 0.004628  0.089194  -0.001217  0.986994  0.159739  -0.018078  -0.159450  0.987069  0.016436  0.020470  -0.013339  0.999701  -0.000255  -0.000161  -0.000368  0.000000  0.000000  0.000000  2.000000  
28.100579 0.004628  0.089194  -0.001218  0.986994  0.159739  -0.018078  -0.159450  0.987069  0.016436  0.020470  -0.013339  0.999701  -0.000247  -0.000186  -0.000356  0.000000  0.000000  0.000000  2.000000  
28.101833 0.004628  0.089194  -0.001218  0.986994  0.159739  -0.018078  -0.159450  0.987069  0.016436  0.020470  -0.013339  0.999701  -0.000209  -0.000184  -0.000324  0.000000  0.000000  0.000000  2.000000  
28.103079 0.004628  0.089193  -0.001218  0.986994  0.159739  -0.018078  -0.159450  0.987069  0.016436  0.020470  -0.013339  0.999701  -0.000209  -0.000184  -0.000324  0.000000  0.000000  0.000000  2.000000  
28.104326 0.004628  0.089193  -0.001218  0.986961  0.159942  -0.018075  -0.159654  0.987036  0.016440  0.020470  -0.013339  0.999701  -0.000170  -0.000183  -0.000291  0.000000  0.000000  0.000000  2.000000  
28.105327 0.004628  0.089193  -0.001218  0.986961  0.159942  -0.018075  -0.159654  0.987036  0.016440  0.020470  -0.013339  0.999701  -0.000136  -0.000153  -0.000266  0.000000  0.000000  0.000000  2.000000  
28.106338 0.004627  0.089194  -0.001219  0.986961  0.159942  -0.018075  -0.159654  0.987036  0.016440  0.020470  -0.013339  0.999701  -0.000114  -0.000104  -0.000261  0.000000  0.000000  0.000000  2.000000  
28.107578 0.004627  0.089194  -0.001218  0.986961  0.159942  -0.018075  -0.159654  0.987036  0.016440  0.020470  -0.013339  0.999701  -0.000143  -0.000094  -0.000194  0.000000  0.000000  0.000000  2.000000  
28.108825 0.004627  0.089194  -0.001218  0.986961  0.159942  -0.018075  -0.159654  0.987036  0.016440  0.020470  -0.013339  0.999701  -0.000110  -0.000066  -0.000171  0.000000  0.000000  0.000000  2.000000  
28.110078 0.004627  0.089194  -0.001218  0.986961  0.159942  -0.018075  -0.159654  0.987036  0.016440  0.020470  -0.013339  0.999701  -0.000100  -0.000010  -0.000129  0.000000  0.000000  0.000000  2.000000  
28.111328 0.004627  0.089194  -0.001218  0.986958  0.159944  -0.018207  -0.159653  0.987036  0.016461  0.020604  -0.013339  0.999699  -0.000116  -0.000006  -0.000097  0.000000  0.000000  0.000000  2.000000  
28.112328 0.004627  0.089195  -0.001218  0.986958  0.159944  -0.018207  -0.159653  0.987036  0.016461  0.020604  -0.013339  0.999699  -0.000091  0.000045  -0.000087  0.000000  0.000000  0.000000  2.000000  
28.113339 0.004627  0.089195  -0.001217  0.986958  0.159944  -0.018207  -0.159653  0.987036  0.016461  0.020604  -0.013339  0.999699  -0.000090  0.000083  -0.000000  0.000000  0.000000  0.000000  2.000000  
28.114577 0.004627  0.089195  -0.001217  0.986958  0.159944  -0.018207  -0.159653  0.987036  0.016461  0.020604  -0.013339  0.999699  -0.000081  0.000057  0.000011  0.000000  0.000000  0.000000  2.000000  
28.115582 0.004627  0.089195  -0.001217  0.986958  0.159944  -0.018207  -0.159653  0.987036  0.016461  0.020604  -0.013339  0.999699  -0.000073  0.000114  0.000054  0.000000  0.000000  0.000000  2.000000  
28.116827 0.004627  0.089196  -0.001217  0.986955  0.159946  -0.018339  -0.159653  0.987036  0.016482  0.020737  -0.013339  0.999696  -0.000055  0.000144  0.000106  0.000000  0.000000  0.000000  2.000000  
28.117832 0.004627  0.089196  -0.001216  0.986955  0.159946  -0.018339  -0.159653  0.987036  0.016482  0.020737  -0.013339  0.999696  -0.000046  0.000203  0.000151  0.000000  0.000000  0.000000  2.000000  
28.119077 0.004627  0.089197  -0.001216  0.986955  0.159946  -0.018339  -0.159653  0.987036  0.016482  0.020737  -0.013339  0.999696  -0.000014  0.000230  0.000172  0.000000  0.000000  0.000000  2.000000  
28.120077 0.004627  0.089197  -0.001216  0.986955  0.159946  -0.018339  -0.159653  0.987036  0.016482  0.020737  -0.013339  0.999696  -0.000036  0.000259  0.000194  0.000000  0.000000  0.000000  2.000000  
28.121330 0.004627  0.089198  -0.001215  0.986955  0.159946  -0.018339  -0.159653  0.987036  0.016482  0.020737  -0.013339  0.999696  0.000003  0.000257  0.000222  0.000000  0.000000  0.000000  2.000000  
28.122339 0.004628  0.089198  -0.001215  0.986953  0.159948  -0.018471  -0.159652  0.987035  0.016504  0.020871  -0.013339  0.999693  0.000027  0.000313  0.000235  0.000000  0.000000  0.000000  2.000000  
28.123341 0.004628  0.089198  -0.001215  0.986953  0.159948  -0.018471  -0.159652  0.987035  0.016504  0.020871  -0.013339  0.999693  0.000027  0.000313  0.000235  0.000000  0.000000  0.000000  2.000000  
28.124578 0.004628  0.089199  -0.001214  0.986953  0.159948  -0.018471  -0.159652  0.987035  0.016504  0.020871  -0.013339  0.999693  0.000051  0.000320  0.000301  0.000000  0.000000  0.000000  2.000000  
