1-Time 2-Px 3-Py 4-Pz 5-R11 6-R21 7-R31 8-R12 9-R22 10-R32 11-R13 12-R23 13-R33 14-Vx 15-Vy 16-Vz 17-Wx 18-Wy 19-Wz 20-state 21-PR11 22-PR21 23-PR31 24-PR12 25-PR22 26-PR32 27-PR13 28-PR23 29-PR33 
89.193880 0.003149  0.091762  0.005938  0.985194  0.170764  0.015233  -0.171254  0.984382  0.040799  -0.008028  -0.042803  0.999051  -0.000014  0.000042  0.000112  0.000000  0.000000  0.000000  2.000000  
89.194886 0.003149  0.091763  0.005938  0.985194  0.170764  0.015233  -0.171254  0.984382  0.040799  -0.008028  -0.042803  0.999051  0.000016  0.000070  0.000133  0.000000  0.000000  0.000000  2.000000  
89.195887 0.003149  0.091761  0.005938  0.985053  0.171573  0.015287  -0.172066  0.984236  0.040906  -0.008028  -0.042925  0.999046  -0.000025  -0.000056  0.000128  0.000000  0.000000  0.000000  2.000000  
89.196887 0.003149  0.091759  0.005938  0.984910  0.172378  0.015452  -0.172876  0.984095  0.040870  -0.008162  -0.042925  0.999045  -0.000021  -0.000156  0.000111  0.000000  0.000000  0.000000  2.000000  
89.197888 0.003149  0.091757  0.005937  0.984766  0.173181  0.015639  -0.173687  0.983949  0.040953  -0.008295  -0.043046  0.999039  -0.000004  -0.000346  0.000040  0.000000  0.000000  0.000000  2.000000  
89.199135 0.003149  0.091754  0.005937  0.984693  0.173576  0.015829  -0.174093  0.983869  0.041162  -0.008429  -0.043288  0.999027  0.000004  -0.000552  0.000010  0.000000  0.000000  0.000000  2.000000  
89.200390 0.003150  0.091752  0.005937  0.984550  0.174384  0.015884  -0.174903  0.983720  0.041269  -0.008429  -0.043409  0.999022  0.000058  -0.000698  0.000053  0.000000  0.000000  0.000000  2.000000  
89.201636 0.003150  0.091750  0.005938  0.984335  0.175609  0.015694  -0.176120  0.983497  0.041415  -0.008162  -0.043530  0.999019  0.000114  -0.000801  0.000042  0.000000  0.000000  0.000000  2.000000  
89.202636 0.003150  0.091749  0.005939  0.984119  0.176833  0.015503  -0.177336  0.983272  0.041563  -0.007894  -0.043652  0.999016  0.000119  -0.000867  0.000109  0.022916  -0.003894  0.193731  2.000000  
89.203637 0.003151  0.091748  0.005939  0.983899  0.178046  0.015576  -0.178551  0.983048  0.041663  -0.007894  -0.043773  0.999010  0.000108  -0.000965  0.000124  0.026606  -0.006005  0.242106  2.000000  
89.204638 0.003151  0.091747  0.005938  0.983715  0.179054  0.015662  -0.179564  0.982854  0.041885  -0.007894  -0.044015  0.999000  0.000173  -0.001050  0.000070  0.034481  -0.007537  0.276646  2.000000  
89.205884 0.003153  0.091745  0.005937  0.983418  0.180670  0.015753  -0.181184  0.982553  0.041978  -0.007894  -0.044136  0.998994  0.000267  -0.001144  -0.000045  0.037811  -0.009883  0.329281  2.000000  
89.206886 0.003155  0.091746  0.005938  0.983229  0.181674  0.015950  -0.182196  0.982362  0.042057  -0.008028  -0.044258  0.998988  0.000417  -0.001085  0.000034  0.041895  -0.015984  0.366321  2.000000  
89.208132 0.003156  0.091747  0.005942  0.982927  0.183284  0.016173  -0.183815  0.982058  0.042125  -0.008162  -0.044379  0.998981  0.000520  -0.001054  0.000259  0.045522  -0.022926  0.421634  2.000000  
89.209138 0.003157  0.091746  0.005943  0.982699  0.184495  0.016247  -0.185029  0.981826  0.042224  -0.008162  -0.044500  0.998976  0.000562  -0.001115  0.000359  0.049239  -0.024754  0.462885  2.000000  
89.210385 0.003159  0.091744  0.005944  0.982433  0.185911  0.016222  -0.186445  0.981547  0.042464  -0.008028  -0.044742  0.998966  0.000702  -0.001217  0.000389  0.057036  -0.022443  0.511488  2.000000  
89.211389 0.003161  0.091741  0.005944  0.982241  0.186926  0.016157  -0.187456  0.981349  0.042591  -0.007894  -0.044863  0.998962  0.000780  -0.001269  0.000387  0.060875  -0.019501  0.546272  2.000000  
89.212635 0.003162  0.091738  0.005945  0.982010  0.188140  0.016124  -0.188670  0.981106  0.042834  -0.007760  -0.045106  0.998952  0.000939  -0.001298  0.000542  0.068742  -0.016903  0.587989  2.000000  
89.213635 0.003164  0.091735  0.005948  0.981854  0.188945  0.016182  -0.189478  0.980946  0.042940  -0.007760  -0.045227  0.998947  0.001001  -0.001349  0.000704  0.072534  -0.018461  0.622456  2.000000  
89.214649 0.003166  0.091730  0.005950  0.981659  0.189951  0.016272  -0.190489  0.980740  0.043161  -0.007760  -0.045469  0.998936  0.001130  -0.001503  0.000855  0.080375  -0.020056  0.656699  2.000000  
89.215889 0.003169  0.091723  0.005951  0.981422  0.191153  0.016503  -0.191701  0.980495  0.043353  -0.007894  -0.045712  0.998923  0.001277  -0.001829  0.000894  0.088182  -0.026474  0.698203  2.000000  
89.217136 0.003173  0.091717  0.005951  0.981224  0.192158  0.016594  -0.192711  0.980288  0.043574  -0.007894  -0.045954  0.998912  0.001548  -0.002222  0.000838  0.100143  -0.028054  0.732825  2.000000  
89.218137 0.003176  0.091711  0.005951  0.981105  0.192761  0.016645  -0.193317  0.980163  0.043683  -0.007894  -0.046075  0.998907  0.001723  -0.002557  0.000815  0.104051  -0.029020  0.753540  2.000000  
89.219138 0.003178  0.091704  0.005950  0.980985  0.193362  0.016718  -0.193923  0.980034  0.043910  -0.007894  -0.046317  0.998896  0.001820  -0.002940  0.000779  0.112032  -0.030035  0.774229  2.000000  
89.220386 0.003180  0.091695  0.005948  0.980865  0.193966  0.016769  -0.194529  0.979909  0.044019  -0.007894  -0.046439  0.998890  0.001869  -0.003423  0.000708  0.115979  -0.031018  0.795214  2.000000  
89.221394 0.003183  0.091687  0.005947  0.980745  0.194569  0.016820  -0.195135  0.979783  0.044127  -0.007894  -0.046560  0.998884  0.001941  -0.004023  0.000627  0.119825  -0.031976  0.815505  2.000000  
89.222394 0.003186  0.091680  0.005947  0.980664  0.194970  0.016862  -0.195539  0.979698  0.044239  -0.007894  -0.046681  0.998879  0.002016  -0.004534  0.000419  0.123789  -0.032644  0.829316  2.000000  
89.223399 0.003188  0.091673  0.005946  0.980583  0.195365  0.017035  -0.195942  0.979613  0.044325  -0.008028  -0.046802  0.998872  0.002052  -0.005047  0.000178  0.127670  -0.037797  0.842752  2.000000  
89.224638 0.003189  0.091663  0.005944  0.980502  0.195766  0.017077  -0.196346  0.979527  0.044437  -0.008028  -0.046923  0.998866  0.002059  -0.005602  0.000052  0.131721  -0.038494  0.857139  2.000000  
89.225639 0.003189  0.091655  0.005943  0.980460  0.195962  0.017217  -0.196547  0.979488  0.044407  -0.008162  -0.046923  0.998865  0.001991  -0.005916  -0.000010  0.127754  -0.042106  0.836191  2.000000  
89.226895 0.003190  0.091645  0.005942  0.980459  0.195954  0.017372  -0.196547  0.979484  0.044499  -0.008295  -0.047044  0.998858  0.001907  -0.006409  -0.000152  0.127885  -0.040635  0.801360  2.000000  
89.228133 0.003190  0.091635  0.005942  0.980419  0.196155  0.017381  -0.196749  0.979444  0.044496  -0.008295  -0.047044  0.998858  0.001818  -0.006800  -0.000301  0.122901  -0.035290  0.781568  2.000000  
89.229137 0.003189  0.091626  0.005942  0.980377  0.196351  0.017521  -0.196951  0.979405  0.044466  -0.008429  -0.047044  0.998857  0.001633  -0.007123  -0.000479  0.119853  -0.035005  0.774213  2.000000  
89.230165 0.003188  0.091616  0.005941  0.980377  0.196351  0.017521  -0.196951  0.979405  0.044466  -0.008429  -0.047044  0.998857  0.001393  -0.007425  -0.000638  0.115854  -0.034085  0.752840  2.000000  
89.231396 0.003186  0.091604  0.005939  0.980417  0.196141  0.017667  -0.196749  0.979441  0.044562  -0.008563  -0.047165  0.998850  0.000986  -0.007781  -0.000780  0.116369  -0.045471  0.704238  2.000000  
89.232641 0.003183  0.091592  0.005937  0.980457  0.195939  0.017657  -0.196547  0.979481  0.044566  -0.008563  -0.047165  0.998850  0.000520  -0.008119  -0.000915  0.112878  -0.051999  0.648743  2.000000  
89.233887 0.003179  0.091581  0.005935  0.980497  0.195738  0.017648  -0.196345  0.979521  0.044569  -0.008563  -0.047165  0.998850  0.000135  -0.008313  -0.000986  0.104252  -0.049459  0.595374  2.000000  
89.234889 0.003176  0.091571  0.005934  0.980497  0.195738  0.017648  -0.196345  0.979521  0.044569  -0.008563  -0.047165  0.998850  -0.000266  -0.008495  -0.001003  0.101445  -0.047700  0.551958  2.000000  
89.236139 0.003171  0.091559  0.005932  0.980537  0.195528  0.017794  -0.196143  0.979558  0.044666  -0.008697  -0.047286  0.998844  -0.000793  -0.008696  -0.001034  0.097773  -0.045274  0.496729  2.000000  
89.237394 0.003165  0.091545  0.005928  0.980576  0.195320  0.017916  -0.195941  0.979599  0.044643  -0.008831  -0.047286  0.998842  -0.001403  -0.008988  -0.001252  0.094152  -0.046925  0.434137  2.000000  
89.238643 0.003159  0.091532  0.005923  0.980616  0.195118  0.017907  -0.195739  0.979639  0.044647  -0.008831  -0.047286  0.998842  -0.002005  -0.009268  -0.001513  0.090591  -0.039609  0.372205  2.000000  
89.239883 0.003150  0.091518  0.005918  0.980655  0.194910  0.018028  -0.195537  0.979681  0.044624  -0.008964  -0.047286  0.998841  -0.002555  -0.009519  -0.001749  0.086166  -0.046331  0.327655  2.000000  
89.240886 0.003144  0.091507  0.005913  0.980654  0.194904  0.018160  -0.195537  0.979682  0.044598  -0.009098  -0.047286  0.998840  -0.003059  -0.009729  -0.002012  0.079127  -0.053502  0.281521  2.000000  
89.242133 0.003137  0.091495  0.005908  0.980694  0.194702  0.018150  -0.195335  0.979722  0.044602  -0.009098  -0.047286  0.998840  -0.003535  -0.009847  -0.002263  0.074806  -0.055640  0.237890  2.000000  
89.243137 0.003131  0.091486  0.005905  0.980735  0.194501  0.018141  -0.195133  0.979762  0.044606  -0.009098  -0.047286  0.998840  -0.003999  -0.009943  -0.002560  0.067646  -0.054229  0.198452  2.000000  
89.244137 0.003125  0.091477  0.005901  0.980775  0.194299  0.018132  -0.194931  0.979802  0.044609  -0.009098  -0.047286  0.998840  -0.004339  -0.009920  -0.002792  0.000000  0.000000  0.000000  2.000000  
89.245388 0.003116  0.091465  0.005894  0.980814  0.194091  0.018254  -0.194729  0.979843  0.044587  -0.009232  -0.047286  0.998839  -0.004835  -0.009930  -0.003114  0.000000  0.000000  0.000000  2.000000  
89.246634 0.003107  0.091454  0.005889  0.980812  0.194085  0.018385  -0.194728  0.979844  0.044561  -0.009366  -0.047286  0.998837  -0.005213  -0.009898  -0.003321  0.000000  0.000000  0.000000  2.000000  
89.247641 0.003101  0.091445  0.005885  0.980812  0.194085  0.018385  -0.194728  0.979844  0.044561  -0.009366  -0.047286  0.998837  -0.005501  -0.009854  -0.003526  0.000000  0.000000  0.000000  2.000000  
89.248641 0.003095  0.091437  0.005882  0.980853  0.193883  0.018376  -0.194526  0.979884  0.044565  -0.009366  -0.047286  0.998837  -0.005687  -0.009728  -0.003594  0.000000  0.000000  0.000000  2.000000  
89.249889 0.003088  0.091428  0.005880  0.980891  0.193675  0.018498  -0.194324  0.979926  0.044543  -0.009500  -0.047286  0.998836  -0.005827  -0.009551  -0.003622  0.000000  0.000000  0.000000  2.000000  
89.251141 0.003081  0.091419  0.005877  0.980933  0.193479  0.018357  -0.194123  0.979964  0.044572  -0.009366  -0.047286  0.998837  -0.006038  -0.009278  -0.003672  0.000000  0.000000  0.000000  2.000000  
89.252390 0.003075  0.091410  0.005874  0.980933  0.193479  0.018357  -0.194123  0.979964  0.044572  -0.009366  -0.047286  0.998837  -0.006055  -0.009041  -0.003562  0.000000  0.000000  0.000000  2.000000  
89.253401 0.003071  0.091403  0.005872  0.980971  0.193272  0.018479  -0.193920  0.980005  0.044550  -0.009500  -0.047286  0.998836  -0.005951  -0.008682  -0.003425  0.000000  0.000000  0.000000  2.000000  
89.254641 0.003066  0.091394  0.005869  0.980971  0.193272  0.018479  -0.193920  0.980005  0.044550  -0.009500  -0.047286  0.998836  -0.005741  -0.008342  -0.003317  0.000000  0.000000  0.000000  2.000000  
89.255893 0.003062  0.091386  0.005865  0.980970  0.193265  0.018610  -0.193920  0.980006  0.044524  -0.009633  -0.047286  0.998835  -0.005480  -0.008005  -0.003206  0.000000  0.000000  0.000000  2.000000  
89.257138 0.003059  0.091379  0.005863  0.981010  0.193064  0.018601  -0.193718  0.980046  0.044528  -0.009633  -0.047286  0.998835  -0.005217  -0.007738  -0.003029  0.000000  0.000000  0.000000  2.000000  
89.258398 0.003057  0.091372  0.005861  0.981010  0.193064  0.018601  -0.193718  0.980046  0.044528  -0.009633  -0.047286  0.998835  -0.004830  -0.007446  -0.002875  0.000000  0.000000  0.000000  2.000000  
89.259633 0.003057  0.091367  0.005859  0.981010  0.193061  0.018625  -0.193718  0.980041  0.044647  -0.009633  -0.047407  0.998829  -0.004285  -0.007053  -0.002649  0.000000  0.000000  0.000000  2.000000  
89.260641 0.003057  0.091362  0.005857  0.981010  0.193061  0.018625  -0.193718  0.980041  0.044647  -0.009633  -0.047407  0.998829  -0.003754  -0.006629  -0.002362  0.000000  0.000000  0.000000  2.000000  
89.261883 0.003057  0.091357  0.005855  0.981049  0.192853  0.018747  -0.193516  0.980082  0.044625  -0.009767  -0.047407  0.998828  -0.003254  -0.006281  -0.002156  0.000000  0.000000  0.000000  2.000000  
89.262883 0.003058  0.091354  0.005854  0.981049  0.192851  0.018770  -0.193516  0.980076  0.044744  -0.009767  -0.047528  0.998822  -0.002806  -0.005949  -0.002005  0.000000  0.000000  0.000000  2.000000  
89.263884 0.003060  0.091351  0.005854  0.981009  0.193053  0.018779  -0.193718  0.980037  0.044740  -0.009767  -0.047528  0.998822  -0.002287  -0.005647  -0.001870  0.000000  0.000000  0.000000  2.000000  
89.264890 0.003061  0.091348  0.005854  0.981007  0.193047  0.018910  -0.193718  0.980038  0.044714  -0.009901  -0.047528  0.998821  -0.001729  -0.005288  -0.001690  0.000000  0.000000  0.000000  2.000000  
89.266139 0.003063  0.091345  0.005855  0.981007  0.193044  0.018934  -0.193718  0.980032  0.044833  -0.009901  -0.047649  0.998815  -0.001166  -0.004941  -0.001501  0.000000  0.000000  0.000000  2.000000  
89.267390 0.003066  0.091342  0.005856  0.980967  0.193246  0.018943  -0.193920  0.979993  0.044829  -0.009901  -0.047649  0.998815  -0.000500  -0.004494  -0.001253  0.000000  0.000000  0.000000  2.000000  
89.268390 0.003070  0.091341  0.005857  0.980967  0.193246  0.018943  -0.193920  0.979993  0.044829  -0.009901  -0.047649  0.998815  -0.000083  -0.004175  -0.001006  0.000000  0.000000  0.000000  2.000000  
89.269637 0.003073  0.091339  0.005860  0.980967  0.193244  0.018966  -0.193920  0.979987  0.044948  -0.009901  -0.047770  0.998809  0.000470  -0.003729  -0.000606  0.000000  0.000000  0.000000  2.000000  
89.270641 0.003075  0.091337  0.005862  0.980967  0.193244  0.018966  -0.193920  0.979987  0.044948  -0.009901  -0.047770  0.998809  0.000884  -0.003338  -0.000219  0.000000  0.000000  0.000000  2.000000  
89.271888 0.003078  0.091335  0.005865  0.980928  0.193445  0.018976  -0.194122  0.979947  0.044944  -0.009901  -0.047770  0.998809  0.001302  -0.002969  0.000121  0.000000  0.000000  0.000000  2.000000  
89.273134 0.003082  0.091334  0.005868  0.980888  0.193645  0.019008  -0.194324  0.979902  0.045059  -0.009901  -0.047892  0.998803  0.001662  -0.002620  0.000501  0.000000  0.000000  0.000000  2.000000  
89.274136 0.003085  0.091333  0.005871  0.980847  0.193847  0.019018  -0.194525  0.979862  0.045055  -0.009901  -0.047892  0.998803  0.001897  -0.002377  0.000795  0.000000  0.000000  0.000000  2.000000  
89.275385 0.003087  0.091331  0.005873  0.980847  0.193844  0.019041  -0.194525  0.979857  0.045174  -0.009901  -0.048013  0.998798  0.002082  -0.002138  0.001087  0.000000  0.000000  0.000000  2.000000  
89.276388 0.003089  0.091329  0.005875  0.980807  0.194046  0.019051  -0.194727  0.979817  0.045170  -0.009901  -0.048013  0.998798  0.002165  -0.001997  0.001286  0.000000  0.000000  0.000000  2.000000  
89.277637 0.003091  0.091327  0.005878  0.980807  0.194044  0.019074  -0.194727  0.979811  0.045289  -0.009901  -0.048134  0.998792  0.002251  -0.001816  0.001572  0.000000  0.000000  0.000000  2.000000  
89.278638 0.003093  0.091326  0.005879  0.980766  0.194239  0.019214  -0.194929  0.979773  0.045259  -0.010035  -0.048134  0.998790  0.002291  -0.001694  0.001714  0.000000  0.000000  0.000000  2.000000  
89.279885 0.003095  0.091324  0.005881  0.980726  0.194439  0.019247  -0.195131  0.979727  0.045374  -0.010035  -0.048255  0.998785  0.002240  -0.001626  0.001798  0.000000  0.000000  0.000000  2.000000  
89.280892 0.003094  0.091321  0.005882  0.980686  0.194640  0.019257  -0.195333  0.979687  0.045370  -0.010035  -0.048255  0.998785  0.002099  -0.001622  0.001836  0.000000  0.000000  0.000000  2.000000  
89.282142 0.003094  0.091317  0.005883  0.980686  0.194638  0.019280  -0.195333  0.979682  0.045489  -0.010035  -0.048376  0.998779  0.001859  -0.001689  0.001858  0.000000  0.000000  0.000000  2.000000  
89.283401 0.003093  0.091313  0.005884  0.980645  0.194840  0.019290  -0.195535  0.979641  0.045485  -0.010035  -0.048376  0.998779  0.001571  -0.001815  0.001805  0.000000  0.000000  0.000000  2.000000  
89.284638 0.003093  0.091310  0.005886  0.980605  0.195039  0.019323  -0.195737  0.979596  0.045600  -0.010035  -0.048497  0.998773  0.001340  -0.001864  0.001785  0.000000  0.000000  0.000000  2.000000  
89.285639 0.003092  0.091307  0.005887  0.980605  0.195039  0.019323  -0.195737  0.979596  0.045600  -0.010035  -0.048497  0.998773  0.001108  -0.001988  0.001690  0.000000  0.000000  0.000000  2.000000  
89.286640 0.003090  0.091304  0.005889  0.980605  0.195037  0.019346  -0.195737  0.979590  0.045718  -0.010035  -0.048618  0.998767  0.000842  -0.002106  0.001612  0.000000  0.000000  0.000000  2.000000  
89.287887 0.003088  0.091299  0.005890  0.980605  0.195037  0.019346  -0.195737  0.979590  0.045718  -0.010035  -0.048618  0.998767  0.000402  -0.002371  0.001454  0.000000  0.000000  0.000000  2.000000  
89.288888 0.003086  0.091294  0.005890  0.980565  0.195236  0.019379  -0.195939  0.979544  0.045833  -0.010035  -0.048740  0.998761  0.000096  -0.002568  0.001302  0.000000  0.000000  0.000000  2.000000  
89.290139 0.003084  0.091289  0.005890  0.980566  0.195242  0.019248  -0.195939  0.979543  0.045859  -0.009901  -0.048740  0.998762  -0.000251  -0.002830  0.001148  0.000000  0.000000  0.000000  2.000000  
89.291386 0.003082  0.091284  0.005891  0.980566  0.195242  0.019248  -0.195939  0.979543  0.045859  -0.009901  -0.048740  0.998762  -0.000480  -0.002989  0.001055  0.000000  0.000000  0.000000  2.000000  
89.292390 0.003080  0.091280  0.005891  0.980566  0.195240  0.019272  -0.195939  0.979538  0.045978  -0.009901  -0.048861  0.998757  -0.000730  -0.003180  0.000930  0.000000  0.000000  0.000000  2.000000  
89.293399 0.003079  0.091277  0.005892  0.980606  0.195038  0.019263  -0.195737  0.979578  0.045982  -0.009901  -0.048861  0.998757  -0.000949  -0.003311  0.000851  0.000000  0.000000  0.000000  2.000000  
89.294638 0.003077  0.091272  0.005892  0.980606  0.195038  0.019263  -0.195737  0.979578  0.045982  -0.009901  -0.048861  0.998757  -0.001164  -0.003507  0.000703  0.000000  0.000000  0.000000  2.000000  
89.295883 0.003075  0.091266  0.005891  0.980606  0.195038  0.019263  -0.195737  0.979578  0.045982  -0.009901  -0.048861  0.998757  -0.001276  -0.003657  0.000623  0.000000  0.000000  0.000000  2.000000  
89.296883 0.003074  0.091261  0.005890  0.980647  0.194837  0.019253  -0.195535  0.979618  0.045986  -0.009901  -0.048861  0.998757  -0.001351  -0.003743  0.000531  0.000000  0.000000  0.000000  2.000000  
89.297898 0.003072  0.091257  0.005889  0.980647  0.194837  0.019253  -0.195535  0.979618  0.045986  -0.009901  -0.048861  0.998757  -0.001426  -0.003877  0.000372  0.000000  0.000000  0.000000  2.000000  
89.299135 0.003071  0.091252  0.005888  0.980687  0.194633  0.019267  -0.195333  0.979652  0.046109  -0.009901  -0.048982  0.998751  -0.001415  -0.003986  0.000220  0.000000  0.000000  0.000000  2.000000  
89.300138 0.003071  0.091248  0.005887  0.980687  0.194633  0.019267  -0.195333  0.979652  0.046109  -0.009901  -0.048982  0.998751  -0.001460  -0.004057  0.000023  0.000000  0.000000  0.000000  2.000000  
89.301150 0.003069  0.091243  0.005887  0.980727  0.194431  0.019258  -0.195131  0.979693  0.046113  -0.009901  -0.048982  0.998751  -0.001454  -0.004154  -0.000128  0.000000  0.000000  0.000000  2.000000  
89.302165 0.003069  0.091239  0.005886  0.980727  0.194431  0.019258  -0.195131  0.979693  0.046113  -0.009901  -0.048982  0.998751  -0.001361  -0.004141  -0.000228  0.000000  0.000000  0.000000  2.000000  
89.303403 0.003068  0.091235  0.005885  0.980767  0.194229  0.019248  -0.194929  0.979733  0.046117  -0.009901  -0.048982  0.998751  -0.001226  -0.004112  -0.000338  0.000000  0.000000  0.000000  2.000000  
89.304638 0.003068  0.091231  0.005884  0.980767  0.194227  0.019272  -0.194929  0.979727  0.046236  -0.009901  -0.049103  0.998745  -0.001082  -0.004029  -0.000408  0.000000  0.000000  0.000000  2.000000  
89.305888 0.003068  0.091227  0.005884  0.980807  0.194025  0.019262  -0.194727  0.979767  0.046240  -0.009901  -0.049103  0.998745  -0.000961  -0.003994  -0.000487  0.000000  0.000000  0.000000  2.000000  
89.306889 0.003067  0.091224  0.005883  0.980807  0.194025  0.019262  -0.194727  0.979767  0.046240  -0.009901  -0.049103  0.998745  -0.000914  -0.003928  -0.000551  0.000000  0.000000  0.000000  2.000000  
89.308135 0.003067  0.091221  0.005884  0.980807  0.194025  0.019262  -0.194727  0.979767  0.046240  -0.009901  -0.049103  0.998745  -0.000824  -0.003815  -0.000530  0.000000  0.000000  0.000000  2.000000  
89.309139 0.003068  0.091220  0.005884  0.980807  0.194027  0.019239  -0.194727  0.979772  0.046121  -0.009901  -0.048982  0.998751  -0.000672  -0.003599  -0.000503  0.000000  0.000000  0.000000  2.000000  
89.310159 0.003068  0.091218  0.005885  0.980807  0.194027  0.019239  -0.194727  0.979772  0.046121  -0.009901  -0.048982  0.998751  -0.000532  -0.003409  -0.000421  0.000000  0.000000  0.000000  2.000000  
89.311160 0.003069  0.091217  0.005885  0.980807  0.194027  0.019239  -0.194727  0.979772  0.046121  -0.009901  -0.048982  0.998751  -0.000360  -0.003154  -0.000374  0.000000  0.000000  0.000000  2.000000  
89.312384 0.003069  0.091216  0.005886  0.980846  0.193819  0.019360  -0.194525  0.979814  0.046099  -0.010035  -0.048982  0.998749  -0.000238  -0.002896  -0.000270  0.000000  0.000000  0.000000  2.000000  
89.313399 0.003070  0.091215  0.005887  0.980806  0.194021  0.019370  -0.194727  0.979774  0.046095  -0.010035  -0.048982  0.998749  -0.000143  -0.002658  -0.000154  0.000000  0.000000  0.000000  2.000000  
89.314646 0.003071  0.091215  0.005888  0.980806  0.194021  0.019370  -0.194727  0.979774  0.046095  -0.010035  -0.048982  0.998749  0.000017  -0.002280  -0.000024  0.000000  0.000000  0.000000  2.000000  
89.315887 0.003072  0.091215  0.005888  0.980806  0.194021  0.019370  -0.194727  0.979774  0.046095  -0.010035  -0.048982  0.998749  0.000187  -0.001955  0.000104  0.000000  0.000000  0.000000  2.000000  
89.316888 0.003073  0.091215  0.005889  0.980806  0.194021  0.019370  -0.194727  0.979774  0.046095  -0.010035  -0.048982  0.998749  0.000329  -0.001622  0.000230  0.000000  0.000000  0.000000  2.000000  
89.318144 0.003075  0.091216  0.005891  0.980806  0.194021  0.019370  -0.194727  0.979774  0.046095  -0.010035  -0.048982  0.998749  0.000437  -0.001241  0.000414  0.000000  0.000000  0.000000  2.000000  
89.319395 0.003076  0.091218  0.005892  0.980766  0.194223  0.019379  -0.194929  0.979734  0.046091  -0.010035  -0.048982  0.998749  0.000574  -0.000871  0.000537  0.000000  0.000000  0.000000  2.000000  
89.320640 0.003078  0.091219  0.005893  0.980766  0.194223  0.019379  -0.194929  0.979734  0.046091  -0.010035  -0.048982  0.998749  0.000713  -0.000502  0.000660  0.000000  0.000000  0.000000  2.000000  
89.321658 0.003080  0.091220  0.005894  0.980725  0.194416  0.019543  -0.195131  0.979689  0.046180  -0.010169  -0.049103  0.998742  0.000848  -0.000213  0.000756  0.000000  0.000000  0.000000  2.000000  
89.322887 0.003081  0.091222  0.005896  0.980725  0.194416  0.019543  -0.195131  0.979689  0.046180  -0.010169  -0.049103  0.998742  0.000963  0.000067  0.000789  0.000000  0.000000  0.000000  2.000000  
89.324133 0.003083  0.091224  0.005897  0.980684  0.194617  0.019553  -0.195333  0.979649  0.046176  -0.010169  -0.049103  0.998742  0.000999  0.000324  0.000847  0.000000  0.000000  0.000000  2.000000  
89.325135 0.003084  0.091226  0.005898  0.980684  0.194617  0.019553  -0.195333  0.979649  0.046176  -0.010169  -0.049103  0.998742  0.001059  0.000523  0.000851  0.000000  0.000000  0.000000  2.000000  
89.326138 0.003085  0.091228  0.005899  0.980644  0.194819  0.019563  -0.195535  0.979609  0.046172  -0.010169  -0.049103  0.998742  0.001117  0.000758  0.000934  0.000000  0.000000  0.000000  2.000000  
89.327389 0.003087  0.091231  0.005901  0.980644  0.194821  0.019539  -0.195535  0.979615  0.046053  -0.010169  -0.048982  0.998748  0.001151  0.001028  0.000986  0.000000  0.000000  0.000000  2.000000  
89.328637 0.003089  0.091235  0.005903  0.980604  0.195023  0.019548  -0.195736  0.979575  0.046049  -0.010169  -0.048982  0.998748  0.001250  0.001314  0.001050  0.000000  0.000000  0.000000  2.000000  
89.329638 0.003091  0.091237  0.005904  0.980604  0.195023  0.019548  -0.195736  0.979575  0.046049  -0.010169  -0.048982  0.998748  0.001316  0.001476  0.001110  0.000000  0.000000  0.000000  2.000000  
89.330889 0.003092  0.091240  0.005906  0.980604  0.195023  0.019548  -0.195736  0.979575  0.046049  -0.010169  -0.048982  0.998748  0.001360  0.001735  0.001179  0.000000  0.000000  0.000000  2.000000  
89.332140 0.003093  0.091243  0.005907  0.980564  0.195225  0.019558  -0.195938  0.979535  0.046045  -0.010169  -0.048982  0.998748  0.001319  0.001834  0.001160  0.000000  0.000000  0.000000  2.000000  
89.333401 0.003095  0.091246  0.005908  0.980564  0.195225  0.019558  -0.195938  0.979535  0.046045  -0.010169  -0.048982  0.998748  0.001322  0.001955  0.001131  0.000000  0.000000  0.000000  2.000000  
89.334638 0.003097  0.091249  0.005909  0.980523  0.195426  0.019567  -0.196140  0.979494  0.046041  -0.010169  -0.048982  0.998748  0.001358  0.002107  0.001126  0.000000  0.000000  0.000000  2.000000  
89.335886 0.003098  0.091251  0.005910  0.980523  0.195426  0.019567  -0.196140  0.979494  0.046041  -0.010169  -0.048982  0.998748  0.001309  0.002124  0.001113  0.000000  0.000000  0.000000  2.000000  
89.337141 0.003100  0.091253  0.005911  0.980523  0.195426  0.019567  -0.196140  0.979494  0.046041  -0.010169  -0.048982  0.998748  0.001294  0.002157  0.001099  0.000000  0.000000  0.000000  2.000000  
89.338399 0.003101  0.091255  0.005912  0.980523  0.195426  0.019567  -0.196140  0.979494  0.046041  -0.010169  -0.048982  0.998748  0.001267  0.002144  0.001068  0.000000  0.000000  0.000000  2.000000  
89.339635 0.003102  0.091256  0.005913  0.980523  0.195426  0.019567  -0.196140  0.979494  0.046041  -0.010169  -0.048982  0.998748  0.001227  0.002060  0.001008  0.000000  0.000000  0.000000  2.000000  
89.340883 0.003104  0.091257  0.005913  0.980523  0.195426  0.019567  -0.196140  0.979494  0.046041  -0.010169  -0.048982  0.998748  0.001239  0.001977  0.000952  0.000000  0.000000  0.000000  2.000000  
89.341885 0.003105  0.091258  0.005914  0.980523  0.195426  0.019567  -0.196140  0.979494  0.046041  -0.010169  -0.048982  0.998748  0.001233  0.001879  0.000932  0.000000  0.000000  0.000000  2.000000  
89.342887 0.003106  0.091259  0.005915  0.980523  0.195426  0.019567  -0.196140  0.979494  0.046041  -0.010169  -0.048982  0.998748  0.001215  0.001766  0.000853  0.000000  0.000000  0.000000  2.000000  
89.344137 0.003107  0.091260  0.005916  0.980523  0.195426  0.019567  -0.196140  0.979494  0.046041  -0.010169  -0.048982  0.998748  0.001164  0.001584  0.000808  0.000000  0.000000  0.000000  2.000000  
89.345138 0.003108  0.091261  0.005917  0.980523  0.195426  0.019567  -0.196140  0.979494  0.046041  -0.010169  -0.048982  0.998748  0.001121  0.001507  0.000786  0.000000  0.000000  0.000000  2.000000  
89.346400 0.003110  0.091262  0.005917  0.980523  0.195426  0.019567  -0.196140  0.979494  0.046041  -0.010169  -0.048982  0.998748  0.001163  0.001320  0.000739  0.000000  0.000000  0.000000  2.000000  
89.347640 0.003111  0.091262  0.005918  0.980523  0.195426  0.019567  -0.196140  0.979494  0.046041  -0.010169  -0.048982  0.998748  0.001160  0.001162  0.000686  0.000000  0.000000  0.000000  2.000000  
89.348644 0.003112  0.091262  0.005918  0.980523  0.195426  0.019567  -0.196140  0.979494  0.046041  -0.010169  -0.048982  0.998748  0.001086  0.001006  0.000658  0.000000  0.000000  0.000000  2.000000  
89.349888 0.003113  0.091262  0.005920  0.980523  0.195426  0.019567  -0.196140  0.979494  0.046041  -0.010169  -0.048982  0.998748  0.001019  0.000847  0.000684  0.000000  0.000000  0.000000  2.000000  
89.350888 0.003113  0.091262  0.005920  0.980523  0.195426  0.019567  -0.196140  0.979494  0.046041  -0.010169  -0.048982  0.998748  0.000985  0.000679  0.000650  0.000000  0.000000  0.000000  2.000000  
89.352138 0.003113  0.091261  0.005920  0.980564  0.195227  0.019534  -0.195938  0.979540  0.045926  -0.010169  -0.048861  0.998754  0.000898  0.000516  0.000613  0.000000  0.000000  0.000000  2.000000  
89.353138 0.003114  0.091261  0.005921  0.980564  0.195227  0.019534  -0.195938  0.979540  0.045926  -0.010169  -0.048861  0.998754  0.000872  0.000399  0.000618  0.000000  0.000000  0.000000  2.000000  
89.354400 0.003114  0.091260  0.005921  0.980564  0.195227  0.019534  -0.195938  0.979540  0.045926  -0.010169  -0.048861  0.998754  0.000799  0.000245  0.000590  0.000000  0.000000  0.000000  2.000000  
89.355636 0.003114  0.091259  0.005922  0.980564  0.195225  0.019558  -0.195938  0.979535  0.046045  -0.010169  -0.048982  0.998748  0.000691  0.000124  0.000612  0.000000  0.000000  0.000000  2.000000  
89.356636 0.003114  0.091259  0.005923  0.980564  0.195225  0.019558  -0.195938  0.979535  0.046045  -0.010169  -0.048982  0.998748  0.000643  0.000022  0.000595  0.000000  0.000000  0.000000  2.000000  
89.357637 0.003114  0.091258  0.005923  0.980564  0.195225  0.019558  -0.195938  0.979535  0.046045  -0.010169  -0.048982  0.998748  0.000558  -0.000085  0.000543  0.000000  0.000000  0.000000  2.000000  
89.358884 0.003114  0.091258  0.005923  0.980604  0.195023  0.019548  -0.195736  0.979575  0.046049  -0.010169  -0.048982  0.998748  0.000466  -0.000168  0.000480  0.000000  0.000000  0.000000  2.000000  
89.360162 0.003115  0.091257  0.005923  0.980604  0.195023  0.019548  -0.195736  0.979575  0.046049  -0.010169  -0.048982  0.998748  0.000380  -0.000275  0.000427  0.000000  0.000000  0.000000  2.000000  
89.361388 0.003114  0.091256  0.005923  0.980604  0.195023  0.019548  -0.195736  0.979575  0.046049  -0.010169  -0.048982  0.998748  0.000285  -0.000352  0.000358  0.000000  0.000000  0.000000  2.000000  
89.362397 0.003114  0.091256  0.005923  0.980604  0.195023  0.019548  -0.195736  0.979575  0.046049  -0.010169  -0.048982  0.998748  0.000183  -0.000436  0.000331  0.000000  0.000000  0.000000  2.000000  
89.363399 0.003114  0.091255  0.005923  0.980604  0.195023  0.019548  -0.195736  0.979575  0.046049  -0.010169  -0.048982  0.998748  0.000152  -0.000464  0.000310  0.000000  0.000000  0.000000  2.000000  
89.364645 0.003114  0.091254  0.005923  0.980604  0.195023  0.019548  -0.195736  0.979575  0.046049  -0.010169  -0.048982  0.998748  0.000069  -0.000528  0.000203  0.000000  0.000000  0.000000  2.000000  
89.365889 0.003113  0.091254  0.005923  0.980604  0.195023  0.019548  -0.195736  0.979575  0.046049  -0.010169  -0.048982  0.998748  0.000032  -0.000533  0.000170  0.000000  0.000000  0.000000  2.000000  
89.367138 0.003113  0.091253  0.005922  0.980644  0.194821  0.019539  -0.195535  0.979615  0.046053  -0.010169  -0.048982  0.998748  -0.000012  -0.000513  0.000124  0.000000  0.000000  0.000000  2.000000  
89.368139 0.003112  0.091253  0.005922  0.980644  0.194821  0.019539  -0.195535  0.979615  0.046053  -0.010169  -0.048982  0.998748  -0.000086  -0.000521  0.000057  0.000000  0.000000  0.000000  2.000000  
89.369140 0.003112  0.091252  0.005921  0.980644  0.194821  0.019539  -0.195535  0.979615  0.046053  -0.010169  -0.048982  0.998748  -0.000114  -0.000507  -0.000019  0.000000  0.000000  0.000000  2.000000  
89.370143 0.003112  0.091252  0.005921  0.980644  0.194821  0.019539  -0.195535  0.979615  0.046053  -0.010169  -0.048982  0.998748  -0.000149  -0.000468  -0.000108  0.000000  0.000000  0.000000  2.000000  
89.371394 0.003112  0.091252  0.005920  0.980644  0.194821  0.019539  -0.195535  0.979615  0.046053  -0.010169  -0.048982  0.998748  -0.000147  -0.000425  -0.000163  0.000000  0.000000  0.000000  2.000000  
89.372638 0.003112  0.091252  0.005919  0.980644  0.194821  0.019539  -0.195535  0.979615  0.046053  -0.010169  -0.048982  0.998748  -0.000130  -0.000388  -0.000248  0.000000  0.000000  0.000000  2.000000  
89.373885 0.003112  0.091252  0.005918  0.980644  0.194821  0.019539  -0.195535  0.979615  0.046053  -0.010169  -0.048982  0.998748  -0.000165  -0.000350  -0.000337  0.000000  0.000000  0.000000  2.000000  
89.374889 0.003112  0.091253  0.005917  0.980644  0.194821  0.019539  -0.195535  0.979615  0.046053  -0.010169  -0.048982  0.998748  -0.000185  -0.000279  -0.000374  0.000000  0.000000  0.000000  2.000000  
89.376138 0.003112  0.091253  0.005917  0.980644  0.194821  0.019539  -0.195535  0.979615  0.046053  -0.010169  -0.048982  0.998748  -0.000164  -0.000201  -0.000371  0.000000  0.000000  0.000000  2.000000  
89.377389 0.003112  0.091254  0.005917  0.980644  0.194821  0.019539  -0.195535  0.979615  0.046053  -0.010169  -0.048982  0.998748  -0.000132  -0.000132  -0.000404  0.000000  0.000000  0.000000  2.000000  
89.378634 0.003112  0.091254  0.005916  0.980644  0.194821  0.019539  -0.195535  0.979615  0.046053  -0.010169  -0.048982  0.998748  -0.000109  -0.000040  -0.000457  0.000000  0.000000  0.000000  2.000000  
89.379639 0.003112  0.091254  0.005916  0.980644  0.194821  0.019539  -0.195535  0.979615  0.046053  -0.010169  -0.048982  0.998748  -0.000113  -0.000016  -0.000461  0.000000  0.000000  0.000000  2.000000  
89.380889 0.003112  0.091254  0.005915  0.980644  0.194821  0.019539  -0.195535  0.979615  0.046053  -0.010169  -0.048982  0.998748  -0.000119  0.000050  -0.000536  0.000000  0.000000  0.000000  2.000000  
89.381910 0.003112  0.091255  0.005914  0.980644  0.194821  0.019539  -0.195535  0.979615  0.046053  -0.010169  -0.048982  0.998748  -0.000095  0.000101  -0.000527  0.000000  0.000000  0.000000  2.000000  
89.383140 0.003111  0.091255  0.005914  0.980644  0.194821  0.019539  -0.195535  0.979615  0.046053  -0.010169  -0.048982  0.998748  -0.000056  0.000147  -0.000549  0.000000  0.000000  0.000000  2.000000  
89.384391 0.003111  0.091255  0.005913  0.980644  0.194821  0.019539  -0.195535  0.979615  0.046053  -0.010169  -0.048982  0.998748  -0.000062  0.000168  -0.000552  0.000000  0.000000  0.000000  2.000000  
89.385638 0.003111  0.091255  0.005913  0.980644  0.194821  0.019539  -0.195535  0.979615  0.046053  -0.010169  -0.048982  0.998748  -0.000047  0.000204  -0.000509  0.000000  0.000000  0.000000  2.000000  
89.386639 0.003111  0.091256  0.005913  0.980644  0.194821  0.019539  -0.195535  0.979615  0.046053  -0.010169  -0.048982  0.998748  -0.000069  0.000232  -0.000492  0.000000  0.000000  0.000000  2.000000  
89.387888 0.003111  0.091256  0.005912  0.980604  0.195021  0.019572  -0.195736  0.979569  0.046168  -0.010169  -0.049103  0.998742  -0.000108  0.000186  -0.000470  0.000000  0.000000  0.000000  2.000000  
89.389138 0.003110  0.091256  0.005912  0.980604  0.195021  0.019572  -0.195736  0.979569  0.046168  -0.010169  -0.049103  0.998742  -0.000092  0.000218  -0.000418  0.000000  0.000000  0.000000  2.000000  
89.390140 0.003110  0.091256  0.005912  0.980604  0.195021  0.019572  -0.195736  0.979569  0.046168  -0.010169  -0.049103  0.998742  -0.000107  0.000223  -0.000388  0.000000  0.000000  0.000000  2.000000  
89.391150 0.003110  0.091256  0.005911  0.980604  0.195021  0.019572  -0.195736  0.979569  0.046168  -0.010169  -0.049103  0.998742  -0.000140  0.000153  -0.000354  0.000000  0.000000  0.000000  2.000000  
89.392388 0.003109  0.091256  0.005911  0.980604  0.195021  0.019572  -0.195736  0.979569  0.046168  -0.010169  -0.049103  0.998742  -0.000174  0.000147  -0.000381  0.000000  0.000000  0.000000  2.000000  
89.393399 0.003109  0.091255  0.005911  0.980604  0.195021  0.019572  -0.195736  0.979569  0.046168  -0.010169  -0.049103  0.998742  -0.000209  0.000079  -0.000353  0.000000  0.000000  0.000000  2.000000  
89.394635 0.003108  0.091255  0.005910  0.980604  0.195021  0.019572  -0.195736  0.979569  0.046168  -0.010169  -0.049103  0.998742  -0.000266  0.000023  -0.000390  0.000000  0.000000  0.000000  2.000000  
89.395636 0.003108  0.091254  0.005910  0.980564  0.195222  0.019582  -0.195938  0.979529  0.046163  -0.010169  -0.049103  0.998742  -0.000268  -0.000018  -0.000336  0.000000  0.000000  0.000000  2.000000  
89.396636 0.003108  0.091254  0.005910  0.980564  0.195222  0.019582  -0.195938  0.979529  0.046163  -0.010169  -0.049103  0.998742  -0.000262  -0.000042  -0.000324  0.000000  0.000000  0.000000  2.000000  
89.397641 0.003107  0.091253  0.005910  0.980564  0.195222  0.019582  -0.195938  0.979529  0.046163  -0.010169  -0.049103  0.998742  -0.000262  -0.000108  -0.000262  0.000000  0.000000  0.000000  2.000000  
89.398642 0.003107  0.091253  0.005910  0.980564  0.195222  0.019582  -0.195938  0.979529  0.046163  -0.010169  -0.049103  0.998742  -0.000301  -0.000155  -0.000240  0.000000  0.000000  0.000000  2.000000  
89.399643 0.003106  0.091252  0.005910  0.980564  0.195222  0.019582  -0.195938  0.979529  0.046163  -0.010169  -0.049103  0.998742  -0.000333  -0.000225  -0.000207  0.000000  0.000000  0.000000  2.000000  
89.400888 0.003106  0.091251  0.005910  0.980564  0.195222  0.019582  -0.195938  0.979529  0.046163  -0.010169  -0.049103  0.998742  -0.000351  -0.000300  -0.000203  0.000000  0.000000  0.000000  2.000000  
89.402140 0.003105  0.091250  0.005909  0.980564  0.195222  0.019582  -0.195938  0.979529  0.046163  -0.010169  -0.049103  0.998742  -0.000399  -0.000402  -0.000221  0.000000  0.000000  0.000000  2.000000  
89.403404 0.003105  0.091249  0.005908  0.980564  0.195222  0.019582  -0.195938  0.979529  0.046163  -0.010169  -0.049103  0.998742  -0.000371  -0.000454  -0.000227  0.000000  0.000000  0.000000  2.000000  
89.404636 0.003104  0.091248  0.005908  0.980564  0.195222  0.019582  -0.195938  0.979529  0.046163  -0.010169  -0.049103  0.998742  -0.000419  -0.000557  -0.000245  0.000000  0.000000  0.000000  2.000000  
89.405636 0.003104  0.091247  0.005908  0.980564  0.195222  0.019582  -0.195938  0.979529  0.046163  -0.010169  -0.049103  0.998742  -0.000413  -0.000581  -0.000233  0.000000  0.000000  0.000000  2.000000  
89.406890 0.003104  0.091246  0.005907  0.980522  0.195418  0.019722  -0.196140  0.979490  0.046133  -0.010302  -0.049103  0.998741  -0.000385  -0.000633  -0.000238  0.000000  0.000000  0.000000  2.000000  
89.408135 0.003103  0.091246  0.005907  0.980522  0.195418  0.019722  -0.196140  0.979490  0.046133  -0.010302  -0.049103  0.998741  -0.000378  -0.000623  -0.000234  0.000000  0.000000  0.000000  2.000000  
89.409140 0.003103  0.091245  0.005907  0.980522  0.195418  0.019722  -0.196140  0.979490  0.046133  -0.010302  -0.049103  0.998741  -0.000378  -0.000657  -0.000226  0.000000  0.000000  0.000000  2.000000  
89.410148 0.003103  0.091245  0.005906  0.980522  0.195418  0.019722  -0.196140  0.979490  0.046133  -0.010302  -0.049103  0.998741  -0.000369  -0.000638  -0.000269  0.000000  0.000000  0.000000  2.000000  
89.411391 0.003103  0.091244  0.005906  0.980522  0.195418  0.019722  -0.196140  0.979490  0.046133  -0.010302  -0.049103  0.998741  -0.000317  -0.000639  -0.000266  0.000000  0.000000  0.000000  2.000000  
89.412392 0.003103  0.091244  0.005906  0.980522  0.195418  0.019722  -0.196140  0.979490  0.046133  -0.010302  -0.049103  0.998741  -0.000293  -0.000588  -0.000257  0.000000  0.000000  0.000000  2.000000  
