1-Time 2-Px 3-Py 4-Pz 5-R11 6-R21 7-R31 8-R12 9-R22 10-R32 11-R13 12-R23 13-R33 14-Vx 15-Vy 16-Vz 17-Wx 18-Wy 19-Wz 20-state 21-PR11 22-PR21 23-PR31 24-PR12 25-PR22 26-PR32 27-PR13 28-PR23 29-PR33 
91.386631 0.007464  0.092492  0.007333  0.980126  0.189201  0.059638  -0.191029  0.981225  0.026554  -0.053494  -0.037418  0.997867  0.000163  0.000091  0.000276  0.000000  0.000000  0.000000  2.000000  
91.387636 0.007464  0.092492  0.007334  0.980126  0.189201  0.059638  -0.191029  0.981225  0.026554  -0.053494  -0.037418  0.997867  0.000196  0.000122  0.000303  0.000000  0.000000  0.000000  2.000000  
91.388636 0.007465  0.092491  0.007334  0.979961  0.190004  0.059790  -0.191835  0.981070  0.026479  -0.053628  -0.037418  0.997860  0.000196  0.000037  0.000275  0.000000  0.000000  0.000000  2.000000  
91.389639 0.007466  0.092490  0.007334  0.979749  0.191004  0.060080  -0.192841  0.980876  0.026366  -0.053895  -0.037418  0.997845  0.000249  -0.000049  0.000252  0.000000  0.000000  0.000000  2.000000  
91.390886 0.007467  0.092487  0.007334  0.979529  0.191992  0.060523  -0.193845  0.980678  0.026345  -0.054296  -0.037538  0.997819  0.000347  -0.000240  0.000250  0.000000  0.000000  0.000000  2.000000  
91.391890 0.007469  0.092485  0.007333  0.979394  0.192580  0.060824  -0.194447  0.980558  0.026375  -0.054563  -0.037658  0.997800  0.000430  -0.000381  0.000220  0.000000  0.000000  0.000000  2.000000  
91.393134 0.007471  0.092484  0.007334  0.979234  0.193380  0.060870  -0.195253  0.980396  0.026443  -0.054563  -0.037779  0.997795  0.000575  -0.000464  0.000237  0.000000  0.000000  0.000000  2.000000  
91.394134 0.007474  0.092484  0.007335  0.978999  0.194588  0.060795  -0.196464  0.980152  0.026513  -0.054429  -0.037901  0.997798  0.000714  -0.000478  0.000289  0.010219  -0.038166  0.183720  2.000000  
91.395135 0.007476  0.092484  0.007336  0.978763  0.195804  0.060697  -0.197675  0.979910  0.026465  -0.054296  -0.037901  0.997805  0.000825  -0.000508  0.000346  0.008077  -0.035547  0.226822  2.000000  
91.396143 0.007478  0.092484  0.007336  0.978484  0.197206  0.060652  -0.199086  0.979620  0.026641  -0.054162  -0.038143  0.997803  0.000994  -0.000491  0.000315  0.013637  -0.032903  0.275280  2.000000  
91.397393 0.007481  0.092482  0.007335  0.978141  0.198802  0.060981  -0.200695  0.979292  0.026607  -0.054429  -0.038264  0.997784  0.001161  -0.000644  0.000228  0.014688  -0.043992  0.330123  2.000000  
91.398636 0.007485  0.092482  0.007335  0.977794  0.200397  0.061311  -0.202303  0.978963  0.026571  -0.054696  -0.038384  0.997765  0.001461  -0.000660  0.000186  0.015729  -0.055103  0.385085  2.000000  
91.399640 0.007489  0.092482  0.007336  0.977488  0.201790  0.061635  -0.203708  0.978672  0.026547  -0.054964  -0.038505  0.997746  0.001712  -0.000660  0.000239  0.017124  -0.065936  0.432977  2.000000  
91.400886 0.007494  0.092482  0.007340  0.977087  0.203580  0.062101  -0.205515  0.978296  0.026469  -0.055364  -0.038625  0.997719  0.002040  -0.000611  0.000447  0.017726  -0.081815  0.494654  2.000000  
91.401889 0.007498  0.092482  0.007342  0.976740  0.205179  0.062300  -0.207122  0.977957  0.026457  -0.055498  -0.038745  0.997707  0.002291  -0.000655  0.000557  0.018751  -0.088433  0.549644  2.000000  
91.402889 0.007502  0.092480  0.007342  0.976433  0.206575  0.062493  -0.208528  0.977658  0.026458  -0.055632  -0.038866  0.997695  0.002527  -0.000774  0.000528  0.020147  -0.094804  0.597788  2.000000  
91.404134 0.007506  0.092477  0.007342  0.976131  0.207976  0.062557  -0.209935  0.977357  0.026487  -0.055632  -0.038987  0.997690  0.002749  -0.000895  0.000569  0.021587  -0.096716  0.646298  2.000000  
91.405135 0.007510  0.092474  0.007343  0.975864  0.209171  0.062745  -0.211139  0.977097  0.026500  -0.055765  -0.039108  0.997678  0.002942  -0.000977  0.000589  0.023349  -0.102821  0.687452  2.000000  
91.406138 0.007514  0.092470  0.007343  0.975559  0.210571  0.062809  -0.212545  0.976791  0.026528  -0.055765  -0.039229  0.997673  0.003091  -0.001100  0.000624  0.024593  -0.103927  0.730230  2.000000  
91.407389 0.007519  0.092463  0.007344  0.975237  0.211961  0.063133  -0.213947  0.976486  0.026498  -0.056032  -0.039349  0.997653  0.003292  -0.001401  0.000653  0.026104  -0.115602  0.783735  2.000000  
91.408393 0.007525  0.092458  0.007343  0.974913  0.213350  0.063458  -0.215349  0.976178  0.026468  -0.056299  -0.039470  0.997633  0.003551  -0.001743  0.000557  0.027410  -0.126465  0.831509  2.000000  
91.409408 0.007531  0.092452  0.007340  0.974639  0.214542  0.063647  -0.216552  0.975912  0.026479  -0.056433  -0.039591  0.997621  0.003822  -0.002191  0.000310  0.025057  -0.132577  0.872213  2.000000  
91.410646 0.007538  0.092443  0.007337  0.974303  0.215925  0.064102  -0.217951  0.975602  0.026418  -0.056834  -0.039711  0.997594  0.004148  -0.002751  0.000084  0.026301  -0.148058  0.920546  2.000000  
91.411892 0.007544  0.092433  0.007333  0.974026  0.217117  0.064291  -0.219153  0.975333  0.026428  -0.056967  -0.039831  0.997581  0.004381  -0.003335  -0.000169  0.028020  -0.154198  0.961708  2.000000  
91.413141 0.007550  0.092421  0.007328  0.973793  0.218108  0.064475  -0.220154  0.975107  0.026451  -0.057101  -0.039952  0.997569  0.004507  -0.004047  -0.000401  0.030119  -0.160093  0.996072  2.000000  
91.414143 0.007556  0.092412  0.007325  0.973603  0.218898  0.064654  -0.220954  0.974925  0.026486  -0.057235  -0.040073  0.997556  0.004594  -0.004699  -0.000739  0.032597  -0.165726  1.023550  2.000000  
91.415392 0.007562  0.092400  0.007320  0.973368  0.219888  0.064838  -0.221954  0.974697  0.026508  -0.057368  -0.040193  0.997544  0.004657  -0.005587  -0.001270  0.034686  -0.171623  1.057876  2.000000  
91.416641 0.007567  0.092387  0.007315  0.973177  0.220685  0.064990  -0.222754  0.974517  0.026425  -0.057502  -0.040193  0.997536  0.004718  -0.006456  -0.001815  0.033082  -0.177207  1.085420  2.000000  
91.417890 0.007571  0.092372  0.007309  0.973025  0.221277  0.065266  -0.223351  0.974382  0.026325  -0.057769  -0.040192  0.997521  0.004616  -0.007327  -0.002231  0.032550  -0.186454  1.091925  2.000000  
91.419140 0.007575  0.092357  0.007303  0.972879  0.221873  0.065412  -0.223951  0.974247  0.026255  -0.057902  -0.040192  0.997513  0.004560  -0.008087  -0.002628  0.033505  -0.181247  1.071923  2.000000  
91.420392 0.007579  0.092343  0.007298  0.972718  0.222459  0.065819  -0.224546  0.974113  0.026125  -0.058303  -0.040191  0.997490  0.004527  -0.008746  -0.003071  0.029761  -0.180698  1.057635  2.000000  
91.421395 0.007581  0.092330  0.007294  0.972618  0.222863  0.065932  -0.224945  0.974026  0.025949  -0.058437  -0.040070  0.997487  0.004404  -0.009332  -0.003386  0.021781  -0.175905  1.050708  2.000000  
91.422398 0.007582  0.092316  0.007289  0.972510  0.223254  0.066203  -0.225342  0.973936  0.025862  -0.058704  -0.040069  0.997471  0.004148  -0.009880  -0.003689  0.021959  -0.180108  1.043504  2.000000  
91.423636 0.007583  0.092299  0.007282  0.972409  0.223658  0.066317  -0.225740  0.973849  0.025686  -0.058837  -0.039948  0.997468  0.003793  -0.010521  -0.004046  0.014866  -0.186804  1.014404  2.000000  
91.424886 0.007584  0.092282  0.007275  0.972355  0.223861  0.066425  -0.225939  0.973807  0.025524  -0.058971  -0.039827  0.997465  0.003317  -0.011141  -0.004360  0.009112  -0.194109  0.972939  2.000000  
91.425887 0.007584  0.092268  0.007268  0.972355  0.223861  0.066425  -0.225939  0.973807  0.025524  -0.058971  -0.039827  0.997465  0.002976  -0.011564  -0.004588  0.007855  -0.196846  0.925256  2.000000  
91.427134 0.007583  0.092250  0.007261  0.972254  0.224265  0.066538  -0.226337  0.973719  0.025349  -0.059105  -0.039705  0.997462  0.002476  -0.012029  -0.004772  -0.002067  -0.195238  0.883873  2.000000  
91.428139 0.007581  0.092235  0.007255  0.972200  0.224460  0.066673  -0.226536  0.973674  0.025305  -0.059238  -0.039705  0.997454  0.002036  -0.012431  -0.004910  -0.003191  -0.190234  0.836029  2.000000  
91.429144 0.007579  0.092220  0.007248  0.972184  0.224458  0.066906  -0.226532  0.973680  0.025126  -0.059505  -0.039583  0.997443  0.001494  -0.012886  -0.005152  -0.008857  -0.183910  0.788127  2.000000  
91.430394 0.007576  0.092200  0.007238  0.972122  0.224656  0.067144  -0.226729  0.973639  0.024934  -0.059772  -0.039462  0.997432  0.000902  -0.013379  -0.005507  -0.014432  -0.181925  0.739398  2.000000  
91.431639 0.007571  0.092178  0.007225  0.972060  0.224854  0.067382  -0.226925  0.973598  0.024741  -0.060039  -0.039340  0.997420  0.000238  -0.013890  -0.005964  -0.019191  -0.179535  0.677425  2.000000  
91.432889 0.007565  0.092157  0.007213  0.971997  0.225053  0.067619  -0.227122  0.973557  0.024548  -0.060307  -0.039219  0.997409  -0.000396  -0.014330  -0.006374  -0.024676  -0.182154  0.628973  2.000000  
91.434137 0.007558  0.092137  0.007202  0.971990  0.225056  0.067722  -0.227120  0.973561  0.024400  -0.060440  -0.039097  0.997406  -0.001090  -0.014707  -0.006719  -0.029700  -0.179997  0.573754  2.000000  
91.435140 0.007553  0.092122  0.007194  0.971935  0.225259  0.067830  -0.227318  0.973519  0.024237  -0.060574  -0.038976  0.997402  -0.001655  -0.014944  -0.007016  -0.035875  -0.183113  0.538976  2.000000  
91.436386 0.007547  0.092103  0.007182  0.971974  0.225054  0.067955  -0.227116  0.973566  0.024221  -0.060707  -0.038976  0.997394  -0.002288  -0.015181  -0.007433  -0.036405  -0.180763  0.476975  2.000000  
91.437638 0.007539  0.092083  0.007171  0.971966  0.225065  0.068030  -0.227114  0.973573  0.023954  -0.060841  -0.038733  0.997396  -0.002921  -0.015364  -0.007759  -0.045882  -0.177586  0.431843  2.000000  
91.438887 0.007530  0.092063  0.007159  0.971911  0.225269  0.068137  -0.227312  0.973531  0.023792  -0.060974  -0.038612  0.997392  -0.003554  -0.015554  -0.008089  -0.055316  -0.166840  0.384298  2.000000  
91.440137 0.007523  0.092044  0.007149  0.971840  0.225463  0.068505  -0.227507  0.973491  0.023569  -0.061375  -0.038490  0.997372  -0.004096  -0.015611  -0.008265  -0.061103  -0.169688  0.343041  2.000000  
91.441138 0.007517  0.092030  0.007141  0.971786  0.225666  0.068612  -0.227705  0.973449  0.023406  -0.061509  -0.038369  0.997369  -0.004467  -0.015644  -0.008379  -0.067610  -0.168607  0.315640  2.000000  
91.442142 0.007511  0.092015  0.007133  0.971777  0.225670  0.068715  -0.227703  0.973453  0.023257  -0.061642  -0.038248  0.997365  -0.004845  -0.015684  -0.008575  -0.069863  -0.163905  0.277082  2.000000  
91.443384 0.007502  0.091997  0.007125  0.971769  0.225673  0.068817  -0.227701  0.973457  0.023109  -0.061776  -0.038126  0.997362  -0.005228  -0.015671  -0.008584  -0.075769  -0.161460  0.247373  2.000000  
91.444391 0.007496  0.091983  0.007117  0.971769  0.225681  0.068790  -0.227701  0.973460  0.022991  -0.061776  -0.038005  0.997366  -0.005498  -0.015594  -0.008584  -0.082499  -0.156937  0.215062  2.000000  
91.445405 0.007490  0.091969  0.007110  0.971714  0.225885  0.068897  -0.227900  0.973417  0.022828  -0.061909  -0.037884  0.997363  -0.005762  -0.015408  -0.008508  -0.089381  -0.160533  0.194073  2.000000  
91.446641 0.007483  0.091950  0.007099  0.971659  0.226089  0.069004  -0.228098  0.973374  0.022665  -0.062043  -0.037763  0.997359  -0.005883  -0.015181  -0.008396  -0.092703  -0.160063  0.180377  2.000000  
91.447642 0.007477  0.091936  0.007092  0.971651  0.226084  0.069134  -0.228096  0.973376  0.022635  -0.062176  -0.037762  0.997351  -0.005939  -0.014972  -0.008261  -0.091500  -0.154768  0.159853  2.000000  
91.448889 0.007470  0.091918  0.007082  0.971596  0.226288  0.069241  -0.228294  0.973333  0.022472  -0.062310  -0.037641  0.997347  -0.005986  -0.014825  -0.008197  0.000000  0.000000  0.000000  2.000000  
91.450138 0.007465  0.091901  0.007072  0.971580  0.226278  0.069501  -0.228290  0.973335  0.022411  -0.062577  -0.037641  0.997330  -0.005919  -0.014693  -0.008111  0.000000  0.000000  0.000000  2.000000  
91.451139 0.007461  0.091889  0.007065  0.971525  0.226482  0.069608  -0.228488  0.973292  0.022248  -0.062710  -0.037519  0.997326  -0.005811  -0.014496  -0.007961  0.000000  0.000000  0.000000  2.000000  
91.452391 0.007457  0.091873  0.007056  0.971470  0.226678  0.069743  -0.228686  0.973247  0.022203  -0.062844  -0.037519  0.997318  -0.005527  -0.014212  -0.007803  0.000000  0.000000  0.000000  2.000000  
91.453639 0.007453  0.091857  0.007046  0.971461  0.226673  0.069873  -0.228684  0.973248  0.022173  -0.062977  -0.037519  0.997309  -0.005251  -0.013903  -0.007658  0.000000  0.000000  0.000000  2.000000  
91.454639 0.007450  0.091845  0.007039  0.971461  0.226673  0.069873  -0.228684  0.973248  0.022173  -0.062977  -0.037519  0.997309  -0.005043  -0.013712  -0.007599  0.000000  0.000000  0.000000  2.000000  
91.455888 0.007447  0.091831  0.007030  0.971406  0.226868  0.070007  -0.228882  0.973203  0.022128  -0.063111  -0.037518  0.997301  -0.004759  -0.013471  -0.007528  0.000000  0.000000  0.000000  2.000000  
91.457134 0.007444  0.091816  0.007023  0.971351  0.227055  0.070169  -0.229080  0.973154  0.022201  -0.063245  -0.037639  0.997288  -0.004442  -0.013230  -0.007368  0.000000  0.000000  0.000000  2.000000  
91.458135 0.007442  0.091805  0.007017  0.971295  0.227251  0.070303  -0.229278  0.973109  0.022156  -0.063378  -0.037639  0.997280  -0.004145  -0.013033  -0.007267  0.000000  0.000000  0.000000  2.000000  
91.459141 0.007441  0.091794  0.007012  0.971240  0.227446  0.070438  -0.229476  0.973063  0.022110  -0.063512  -0.037638  0.997271  -0.003784  -0.012799  -0.007133  0.000000  0.000000  0.000000  2.000000  
91.460389 0.007439  0.091781  0.007007  0.971232  0.227441  0.070568  -0.229474  0.973064  0.022080  -0.063645  -0.037638  0.997263  -0.003402  -0.012510  -0.006874  0.000000  0.000000  0.000000  2.000000  
91.461391 0.007439  0.091771  0.007003  0.971184  0.227641  0.070572  -0.229674  0.973017  0.022065  -0.063645  -0.037638  0.997263  -0.003059  -0.012207  -0.006612  0.000000  0.000000  0.000000  2.000000  
91.462643 0.007438  0.091759  0.007000  0.971129  0.227837  0.070707  -0.229872  0.972972  0.022020  -0.063779  -0.037638  0.997254  -0.002550  -0.011740  -0.006104  0.000000  0.000000  0.000000  2.000000  
91.463891 0.007437  0.091748  0.006996  0.971073  0.228032  0.070841  -0.230070  0.972926  0.021975  -0.063912  -0.037637  0.997246  -0.002176  -0.011337  -0.005652  0.000000  0.000000  0.000000  2.000000  
91.465138 0.007436  0.091736  0.006993  0.970978  0.228424  0.070878  -0.230470  0.972829  0.022063  -0.063912  -0.037758  0.997241  -0.001901  -0.011009  -0.005269  0.000000  0.000000  0.000000  2.000000  
91.466400 0.007436  0.091726  0.006989  0.970922  0.228620  0.071012  -0.230668  0.972783  0.022018  -0.064046  -0.037758  0.997232  -0.001571  -0.010648  -0.004900  0.000000  0.000000  0.000000  2.000000  
91.467637 0.007436  0.091714  0.006986  0.970875  0.228811  0.071044  -0.230868  0.972734  0.022121  -0.064046  -0.037879  0.997228  -0.001282  -0.010363  -0.004505  0.000000  0.000000  0.000000  2.000000  
91.468638 0.007435  0.091705  0.006983  0.970819  0.229006  0.071179  -0.231066  0.972688  0.022076  -0.064179  -0.037879  0.997219  -0.001150  -0.010139  -0.004241  0.000000  0.000000  0.000000  2.000000  
91.469642 0.007435  0.091697  0.006980  0.970763  0.229193  0.071341  -0.231264  0.972639  0.022148  -0.064313  -0.037999  0.997206  -0.001008  -0.009895  -0.003874  0.000000  0.000000  0.000000  2.000000  
91.470885 0.007434  0.091686  0.006976  0.970668  0.229585  0.071378  -0.231663  0.972542  0.022237  -0.064313  -0.038120  0.997201  -0.000844  -0.009681  -0.003588  0.000000  0.000000  0.000000  2.000000  
91.471887 0.007434  0.091677  0.006973  0.970612  0.229780  0.071512  -0.231861  0.972496  0.022191  -0.064446  -0.038120  0.997193  -0.000719  -0.009479  -0.003363  0.000000  0.000000  0.000000  2.000000  
91.473134 0.007431  0.091664  0.006969  0.970508  0.230167  0.071679  -0.232259  0.972400  0.022249  -0.064580  -0.038240  0.997180  -0.000695  -0.009419  -0.003225  0.000000  0.000000  0.000000  2.000000  
91.474134 0.007429  0.091653  0.006965  0.970460  0.230358  0.071712  -0.232459  0.972349  0.022352  -0.064580  -0.038361  0.997175  -0.000742  -0.009407  -0.003133  0.000000  0.000000  0.000000  2.000000  
91.475139 0.007428  0.091643  0.006961  0.970404  0.230545  0.071874  -0.232656  0.972300  0.022424  -0.064713  -0.038482  0.997162  -0.000787  -0.009342  -0.003096  0.000000  0.000000  0.000000  2.000000  
91.476139 0.007426  0.091633  0.006959  0.970356  0.230736  0.071906  -0.232856  0.972250  0.022527  -0.064713  -0.038603  0.997157  -0.000877  -0.009344  -0.003021  0.013400  -0.100165  0.167524  2.000000  
91.477389 0.007424  0.091621  0.006955  0.970299  0.230923  0.072069  -0.233054  0.972201  0.022599  -0.064847  -0.038724  0.997144  -0.000947  -0.009383  -0.003051  0.021464  -0.100165  0.167522  2.000000  
91.478642 0.007422  0.091608  0.006952  0.970251  0.231114  0.072102  -0.233254  0.972151  0.022702  -0.064847  -0.038845  0.997139  -0.001025  -0.009474  -0.003034  0.029769  -0.091993  0.169229  2.000000  
91.479644 0.007419  0.091597  0.006949  0.970203  0.231306  0.072134  -0.233453  0.972101  0.022805  -0.064847  -0.038966  0.997134  -0.001158  -0.009569  -0.002993  0.033380  -0.083276  0.176455  2.000000  
91.480892 0.007416  0.091583  0.006945  0.970147  0.231501  0.072269  -0.233651  0.972054  0.022759  -0.064980  -0.038965  0.997126  -0.001383  -0.009793  -0.003106  0.037435  -0.083272  0.176473  2.000000  
91.482140 0.007412  0.091569  0.006941  0.970099  0.231692  0.072301  -0.233851  0.972004  0.022862  -0.064980  -0.039086  0.997121  -0.001647  -0.010027  -0.003111  0.041506  -0.078799  0.176664  2.000000  
91.483392 0.007408  0.091554  0.006937  0.970090  0.231678  0.072459  -0.233849  0.972002  0.022949  -0.065114  -0.039207  0.997107  -0.001866  -0.010236  -0.003125  0.045552  -0.078799  0.176632  2.000000  
91.484392 0.007404  0.091542  0.006933  0.970042  0.231869  0.072492  -0.234048  0.971952  0.023052  -0.065114  -0.039328  0.997103  -0.002059  -0.010423  -0.003157  0.049186  -0.079075  0.183528  2.000000  
91.485639 0.007399  0.091528  0.006929  0.970042  0.231869  0.072492  -0.234048  0.971952  0.023052  -0.065114  -0.039328  0.997103  -0.002364  -0.010712  -0.003197  0.049620  -0.074321  0.176812  2.000000  
91.486888 0.007394  0.091512  0.006925  0.970042  0.231861  0.072520  -0.234048  0.971949  0.023169  -0.065114  -0.039449  0.997098  -0.002645  -0.010984  -0.003257  0.050047  -0.069574  0.170057  2.000000  
91.487893 0.007389  0.091498  0.006920  0.970042  0.231861  0.072520  -0.234048  0.971949  0.023169  -0.065114  -0.039449  0.997098  -0.002845  -0.011190  -0.003300  0.000000  0.000000  0.000000  2.000000  
91.489139 0.007383  0.091481  0.006914  0.970042  0.231852  0.072548  -0.234048  0.971946  0.023287  -0.065114  -0.039570  0.997093  -0.003152  -0.011481  -0.003430  0.000000  0.000000  0.000000  2.000000  
91.490397 0.007376  0.091464  0.006907  0.970034  0.231838  0.072706  -0.234046  0.971944  0.023374  -0.065247  -0.039690  0.997079  -0.003452  -0.011829  -0.003579  0.000000  0.000000  0.000000  2.000000  
91.491636 0.007370  0.091446  0.006900  0.970034  0.231829  0.072734  -0.234046  0.971942  0.023492  -0.065247  -0.039811  0.997075  -0.003725  -0.012165  -0.003856  0.000000  0.000000  0.000000  2.000000  
91.492886 0.007363  0.091428  0.006892  0.970082  0.231620  0.072758  -0.233847  0.971986  0.023625  -0.065247  -0.039932  0.997070  -0.004008  -0.012507  -0.004130  0.000000  0.000000  0.000000  2.000000  
91.493886 0.007357  0.091413  0.006885  0.970082  0.231611  0.072786  -0.233847  0.971984  0.023743  -0.065247  -0.040053  0.997065  -0.004281  -0.012802  -0.004412  0.000000  0.000000  0.000000  2.000000  
91.494888 0.007351  0.091399  0.006878  0.970130  0.231411  0.072781  -0.233647  0.972031  0.023758  -0.065247  -0.040053  0.997065  -0.004508  -0.013035  -0.004619  0.000000  0.000000  0.000000  2.000000  
91.495892 0.007345  0.091384  0.006871  0.970130  0.231402  0.072809  -0.233647  0.972028  0.023876  -0.065247  -0.040174  0.997060  -0.004728  -0.013249  -0.004870  0.000000  0.000000  0.000000  2.000000  
91.496892 0.007339  0.091370  0.006865  0.970130  0.231402  0.072809  -0.233647  0.972028  0.023876  -0.065247  -0.040174  0.997060  -0.004929  -0.013497  -0.005156  0.000000  0.000000  0.000000  2.000000  
91.498139 0.007332  0.091351  0.006856  0.970178  0.231193  0.072832  -0.233447  0.972073  0.024008  -0.065247  -0.040295  0.997055  -0.005156  -0.013805  -0.005441  0.000000  0.000000  0.000000  2.000000  
91.499402 0.007324  0.091332  0.006848  0.970178  0.231193  0.072832  -0.233447  0.972073  0.024008  -0.065247  -0.040295  0.997055  -0.005397  -0.014060  -0.005699  0.000000  0.000000  0.000000  2.000000  
91.500636 0.007316  0.091314  0.006841  0.970226  0.230984  0.072855  -0.233248  0.972118  0.024141  -0.065247  -0.040416  0.997050  -0.005574  -0.014273  -0.005895  0.000000  0.000000  0.000000  2.000000  
91.501639 0.007310  0.091299  0.006834  0.970226  0.230984  0.072855  -0.233248  0.972118  0.024141  -0.065247  -0.040416  0.997050  -0.005743  -0.014473  -0.006121  0.000000  0.000000  0.000000  2.000000  
91.502891 0.007302  0.091281  0.006827  0.970226  0.230984  0.072855  -0.233248  0.972118  0.024141  -0.065247  -0.040416  0.997050  -0.005817  -0.014495  -0.006211  0.000000  0.000000  0.000000  2.000000  
91.503892 0.007297  0.091267  0.006821  0.970274  0.230784  0.072850  -0.233048  0.972165  0.024156  -0.065247  -0.040416  0.997050  -0.005836  -0.014511  -0.006245  0.000000  0.000000  0.000000  2.000000  
91.505141 0.007289  0.091250  0.006814  0.970274  0.230784  0.072850  -0.233048  0.972165  0.024156  -0.065247  -0.040416  0.997050  -0.005871  -0.014503  -0.006328  0.000000  0.000000  0.000000  2.000000  
91.506144 0.007284  0.091236  0.006808  0.970274  0.230784  0.072850  -0.233048  0.972165  0.024156  -0.065247  -0.040416  0.997050  -0.005890  -0.014460  -0.006305  0.000000  0.000000  0.000000  2.000000  
91.507388 0.007278  0.091220  0.006799  0.970274  0.230784  0.072850  -0.233048  0.972165  0.024156  -0.065247  -0.040416  0.997050  -0.005858  -0.014409  -0.006359  0.000000  0.000000  0.000000  2.000000  
91.508641 0.007271  0.091203  0.006792  0.970274  0.230775  0.072878  -0.233048  0.972162  0.024274  -0.065247  -0.040537  0.997045  -0.005782  -0.014247  -0.006298  0.000000  0.000000  0.000000  2.000000  
91.509884 0.007266  0.091187  0.006784  0.970274  0.230775  0.072878  -0.233048  0.972162  0.024274  -0.065247  -0.040537  0.997045  -0.005691  -0.014141  -0.006308  0.000000  0.000000  0.000000  2.000000  
91.510886 0.007262  0.091175  0.006778  0.970274  0.230775  0.072878  -0.233048  0.972162  0.024274  -0.065247  -0.040537  0.997045  -0.005555  -0.013949  -0.006224  0.000000  0.000000  0.000000  2.000000  
91.512144 0.007257  0.091160  0.006770  0.970265  0.230770  0.073008  -0.233046  0.972164  0.024243  -0.065381  -0.040536  0.997037  -0.005389  -0.013709  -0.006193  0.000000  0.000000  0.000000  2.000000  
91.513390 0.007253  0.091146  0.006763  0.970217  0.230970  0.073013  -0.233246  0.972116  0.024228  -0.065381  -0.040536  0.997037  -0.005144  -0.013451  -0.006140  0.000000  0.000000  0.000000  2.000000  
91.514402 0.007250  0.091134  0.006757  0.970217  0.230970  0.073013  -0.233246  0.972116  0.024228  -0.065381  -0.040536  0.997037  -0.004887  -0.013136  -0.006088  0.000000  0.000000  0.000000  2.000000  
91.515638 0.007247  0.091120  0.006749  0.970169  0.231162  0.073046  -0.233445  0.972065  0.024331  -0.065381  -0.040657  0.997032  -0.004581  -0.012892  -0.006098  0.000000  0.000000  0.000000  2.000000  
91.516639 0.007244  0.091109  0.006743  0.970161  0.231156  0.073175  -0.233443  0.972067  0.024300  -0.065514  -0.040657  0.997023  -0.004361  -0.012674  -0.006095  0.000000  0.000000  0.000000  2.000000  
91.517640 0.007242  0.091098  0.006737  0.970113  0.231356  0.073180  -0.233643  0.972019  0.024285  -0.065514  -0.040657  0.997023  -0.004070  -0.012425  -0.006058  0.000000  0.000000  0.000000  2.000000  
91.518889 0.007241  0.091085  0.006731  0.970065  0.231556  0.073185  -0.233843  0.971972  0.024270  -0.065514  -0.040657  0.997023  -0.003751  -0.012135  -0.006021  0.000000  0.000000  0.000000  2.000000  
91.519892 0.007240  0.091076  0.006727  0.970056  0.231551  0.073315  -0.233841  0.971973  0.024238  -0.065648  -0.040657  0.997014  -0.003371  -0.011780  -0.005882  0.000000  0.000000  0.000000  2.000000  
91.521141 0.007240  0.091065  0.006721  0.970008  0.231751  0.073320  -0.234040  0.971925  0.024223  -0.065648  -0.040657  0.997014  -0.002936  -0.011414  -0.005748  0.000000  0.000000  0.000000  2.000000  
91.522144 0.007240  0.091057  0.006717  0.969960  0.231960  0.073297  -0.234240  0.971880  0.024090  -0.065648  -0.040536  0.997019  -0.002556  -0.011038  -0.005572  0.000000  0.000000  0.000000  2.000000  
91.523391 0.007241  0.091047  0.006712  0.969855  0.232355  0.073437  -0.234637  0.971786  0.024029  -0.065781  -0.040535  0.997010  -0.002076  -0.010609  -0.005413  0.000000  0.000000  0.000000  2.000000  
91.524636 0.007242  0.091038  0.006707  0.969806  0.232555  0.073441  -0.234837  0.971738  0.024014  -0.065781  -0.040535  0.997010  -0.001669  -0.010194  -0.005214  0.000000  0.000000  0.000000  2.000000  
91.525638 0.007243  0.091030  0.006702  0.969749  0.232750  0.073576  -0.235034  0.971692  0.023967  -0.065915  -0.040535  0.997002  -0.001300  -0.009873  -0.005139  0.000000  0.000000  0.000000  2.000000  
91.526884 0.007245  0.091021  0.006697  0.969701  0.232950  0.073581  -0.235234  0.971644  0.023952  -0.065915  -0.040535  0.997002  -0.000866  -0.009471  -0.004973  0.000000  0.000000  0.000000  2.000000  
91.527888 0.007246  0.091014  0.006693  0.969653  0.233150  0.073586  -0.235434  0.971596  0.023937  -0.065915  -0.040535  0.997002  -0.000554  -0.009162  -0.004877  0.000000  0.000000  0.000000  2.000000  
91.528892 0.007249  0.091008  0.006689  0.969596  0.233345  0.073720  -0.235631  0.971549  0.023890  -0.066048  -0.040535  0.996993  -0.000172  -0.008781  -0.004700  0.000000  0.000000  0.000000  2.000000  
91.530139 0.007251  0.091000  0.006683  0.969490  0.233740  0.073860  -0.236028  0.971454  0.023828  -0.066182  -0.040534  0.996984  0.000211  -0.008356  -0.004581  0.000000  0.000000  0.000000  2.000000  
91.531139 0.007253  0.090993  0.006679  0.969441  0.233940  0.073865  -0.236228  0.971406  0.023813  -0.066182  -0.040534  0.996984  0.000495  -0.008035  -0.004483  0.000000  0.000000  0.000000  2.000000  
91.532392 0.007256  0.090986  0.006674  0.969335  0.234334  0.074004  -0.236625  0.971311  0.023751  -0.066315  -0.040534  0.996975  0.000924  -0.007584  -0.004301  0.000000  0.000000  0.000000  2.000000  
91.533393 0.007259  0.090980  0.006670  0.969287  0.234534  0.074009  -0.236825  0.971262  0.023736  -0.066315  -0.040534  0.996975  0.001184  -0.007322  -0.004286  0.000000  0.000000  0.000000  2.000000  
91.534394 0.007261  0.090975  0.006665  0.969229  0.234729  0.074144  -0.237022  0.971215  0.023689  -0.066449  -0.040534  0.996966  0.001377  -0.007089  -0.004256  0.000000  0.000000  0.000000  2.000000  
91.535639 0.007265  0.090968  0.006660  0.969180  0.234929  0.074148  -0.237222  0.971167  0.023674  -0.066449  -0.040534  0.996966  0.001675  -0.006746  -0.004226  0.000000  0.000000  0.000000  2.000000  
91.536888 0.007268  0.090962  0.006655  0.969074  0.235323  0.074288  -0.237618  0.971072  0.023611  -0.066582  -0.040533  0.996957  0.001904  -0.006436  -0.004232  0.000000  0.000000  0.000000  2.000000  
91.537891 0.007271  0.090957  0.006650  0.969025  0.235523  0.074293  -0.237818  0.971023  0.023596  -0.066582  -0.040533  0.996957  0.002036  -0.006250  -0.004241  0.000000  0.000000  0.000000  2.000000  
91.539141 0.007274  0.090951  0.006645  0.968967  0.235718  0.074427  -0.238015  0.970976  0.023549  -0.066716  -0.040533  0.996948  0.002225  -0.005988  -0.004224  -0.011418  -0.056457  0.170514  2.000000  
91.540385 0.007278  0.090945  0.006640  0.968869  0.236127  0.074408  -0.238414  0.970882  0.023400  -0.066716  -0.040412  0.996953  0.002384  -0.005756  -0.004230  -0.016272  -0.056531  0.182778  2.000000  
91.541639 0.007281  0.090939  0.006635  0.968811  0.236321  0.074542  -0.238612  0.970834  0.023353  -0.066849  -0.040412  0.996944  0.002478  -0.005535  -0.004191  -0.016872  -0.061756  0.190956  2.000000  
91.542886 0.007284  0.090933  0.006630  0.968762  0.236521  0.074547  -0.238811  0.970786  0.023338  -0.066849  -0.040412  0.996944  0.002554  -0.005387  -0.004217  -0.016751  -0.056808  0.189619  2.000000  
91.543886 0.007287  0.090929  0.006626  0.968713  0.236721  0.074552  -0.239010  0.970737  0.023323  -0.066849  -0.040412  0.996944  0.002548  -0.005279  -0.004204  -0.017205  -0.057089  0.196471  2.000000  
91.545139 0.007289  0.090923  0.006621  0.968655  0.236925  0.074658  -0.239208  0.970692  0.023157  -0.066983  -0.040290  0.996940  0.002573  -0.005084  -0.004176  -0.025302  -0.061533  0.196247  2.000000  
91.546142 0.007291  0.090918  0.006616  0.968606  0.237125  0.074662  -0.239407  0.970643  0.023142  -0.066983  -0.040290  0.996940  0.002556  -0.005029  -0.004199  -0.025985  -0.057833  0.204966  2.000000  
91.547395 0.007294  0.090912  0.006611  0.968557  0.237324  0.074667  -0.239607  0.970595  0.023127  -0.066983  -0.040290  0.996940  0.002573  -0.004863  -0.004174  -0.025981  -0.057825  0.204937  2.000000  
91.548640 0.007297  0.090906  0.006606  0.968548  0.237319  0.074797  -0.239604  0.970596  0.023095  -0.067116  -0.040290  0.996931  0.002513  -0.004837  -0.004193  -0.025540  -0.062046  0.197883  2.000000  
91.549641 0.007298  0.090902  0.006601  0.968499  0.237519  0.074801  -0.239804  0.970547  0.023079  -0.067116  -0.040290  0.996931  0.002422  -0.004752  -0.004204  -0.026013  -0.057835  0.204972  2.000000  
91.550887 0.007300  0.090896  0.006595  0.968499  0.237519  0.074801  -0.239804  0.970547  0.023079  -0.067116  -0.040290  0.996931  0.002345  -0.004719  -0.004256  -0.025343  -0.057080  0.196439  2.000000  
91.551890 0.007302  0.090891  0.006590  0.968449  0.237719  0.074806  -0.240003  0.970498  0.023064  -0.067116  -0.040290  0.996931  0.002261  -0.004701  -0.004274  -0.021479  -0.057548  0.198095  2.000000  
91.553139 0.007304  0.090885  0.006584  0.968440  0.237713  0.074936  -0.240001  0.970499  0.023032  -0.067250  -0.040290  0.996922  0.002126  -0.004684  -0.004366  -0.020584  -0.056986  0.184284  2.000000  
91.554388 0.007305  0.090879  0.006578  0.968440  0.237723  0.074907  -0.240001  0.970502  0.022914  -0.067250  -0.040169  0.996927  0.001993  -0.004707  -0.004458  -0.024455  -0.056498  0.182744  2.000000  
91.555390 0.007306  0.090874  0.006573  0.968440  0.237723  0.074907  -0.240001  0.970502  0.022914  -0.067250  -0.040169  0.996927  0.001871  -0.004715  -0.004500  -0.023749  -0.051915  0.170645  2.000000  
91.556637 0.007307  0.090868  0.006567  0.968440  0.237723  0.074907  -0.240001  0.970502  0.022914  -0.067250  -0.040169  0.996927  0.001727  -0.004733  -0.004559  0.000000  0.000000  0.000000  2.000000  
91.557885 0.007308  0.090862  0.006562  0.968440  0.237723  0.074907  -0.240001  0.970502  0.022914  -0.067250  -0.040169  0.996927  0.001575  -0.004751  -0.004558  0.000000  0.000000  0.000000  2.000000  
91.558887 0.007309  0.090857  0.006557  0.968440  0.237723  0.074907  -0.240001  0.970502  0.022914  -0.067250  -0.040169  0.996927  0.001464  -0.004772  -0.004638  0.000000  0.000000  0.000000  2.000000  
91.560134 0.007309  0.090851  0.006552  0.968490  0.237532  0.074873  -0.239802  0.970554  0.022812  -0.067250  -0.040048  0.996932  0.001333  -0.004773  -0.004597  0.000000  0.000000  0.000000  2.000000  
91.561137 0.007309  0.090847  0.006547  0.968490  0.237532  0.074873  -0.239802  0.970554  0.022812  -0.067250  -0.040048  0.996932  0.001204  -0.004738  -0.004587  0.000000  0.000000  0.000000  2.000000  
91.562142 0.007310  0.090842  0.006543  0.968481  0.237527  0.075003  -0.239799  0.970555  0.022780  -0.067383  -0.040047  0.996923  0.001055  -0.004746  -0.004603  0.000000  0.000000  0.000000  2.000000  
91.563391 0.007311  0.090837  0.006538  0.968481  0.237527  0.075003  -0.239799  0.970555  0.022780  -0.067383  -0.040047  0.996923  0.000992  -0.004729  -0.004601  0.000000  0.000000  0.000000  2.000000  
91.564392 0.007311  0.090832  0.006534  0.968530  0.237327  0.074998  -0.239600  0.970604  0.022795  -0.067383  -0.040047  0.996923  0.000886  -0.004688  -0.004527  0.000000  0.000000  0.000000  2.000000  
91.565639 0.007312  0.090827  0.006529  0.968530  0.237327  0.074998  -0.239600  0.970604  0.022795  -0.067383  -0.040047  0.996923  0.000785  -0.004653  -0.004450  0.000000  0.000000  0.000000  2.000000  
91.566888 0.007312  0.090822  0.006524  0.968580  0.237136  0.074965  -0.239401  0.970656  0.022693  -0.067383  -0.039926  0.996928  0.000673  -0.004637  -0.004456  0.000000  0.000000  0.000000  2.000000  
91.567891 0.007313  0.090818  0.006520  0.968580  0.237136  0.074965  -0.239401  0.970656  0.022693  -0.067383  -0.039926  0.996928  0.000630  -0.004546  -0.004335  0.000000  0.000000  0.000000  2.000000  
91.569138 0.007313  0.090813  0.006516  0.968580  0.237136  0.074965  -0.239401  0.970656  0.022693  -0.067383  -0.039926  0.996928  0.000538  -0.004468  -0.004204  0.000000  0.000000  0.000000  2.000000  
91.570401 0.007314  0.090809  0.006511  0.968629  0.236936  0.074960  -0.239201  0.970704  0.022708  -0.067383  -0.039926  0.996928  0.000537  -0.004338  -0.004086  0.000000  0.000000  0.000000  2.000000  
91.571636 0.007315  0.090804  0.006507  0.968629  0.236936  0.074960  -0.239201  0.970704  0.022708  -0.067383  -0.039926  0.996928  0.000514  -0.004265  -0.003991  0.000000  0.000000  0.000000  2.000000  
91.572636 0.007315  0.090801  0.006503  0.968629  0.236936  0.074960  -0.239201  0.970704  0.022708  -0.067383  -0.039926  0.996928  0.000492  -0.004150  -0.003946  0.000000  0.000000  0.000000  2.000000  
91.573884 0.007317  0.090797  0.006499  0.968629  0.236927  0.074989  -0.239201  0.970702  0.022826  -0.067383  -0.040047  0.996923  0.000539  -0.004004  -0.003844  0.000000  0.000000  0.000000  2.000000  
91.574884 0.007317  0.090794  0.006497  0.968678  0.236727  0.074984  -0.239002  0.970750  0.022841  -0.067383  -0.040047  0.996923  0.000561  -0.003910  -0.003750  0.000000  0.000000  0.000000  2.000000  
91.575887 0.007319  0.090791  0.006494  0.968670  0.236722  0.075113  -0.239000  0.970752  0.022809  -0.067517  -0.040047  0.996914  0.000623  -0.003769  -0.003679  0.000000  0.000000  0.000000  2.000000  
91.577139 0.007321  0.090789  0.006490  0.968670  0.236722  0.075113  -0.239000  0.970752  0.022809  -0.067517  -0.040047  0.996914  0.000731  -0.003567  -0.003533  0.000000  0.000000  0.000000  2.000000  
91.578386 0.007323  0.090786  0.006488  0.968670  0.236722  0.075113  -0.239000  0.970752  0.022809  -0.067517  -0.040047  0.996914  0.000823  -0.003358  -0.003355  0.000000  0.000000  0.000000  2.000000  
91.579405 0.007325  0.090784  0.006486  0.968670  0.236722  0.075113  -0.239000  0.970752  0.022809  -0.067517  -0.040047  0.996914  0.000914  -0.003193  -0.003196  0.000000  0.000000  0.000000  2.000000  
91.580639 0.007328  0.090782  0.006483  0.968670  0.236713  0.075142  -0.239000  0.970749  0.022927  -0.067517  -0.040168  0.996909  0.001078  -0.002992  -0.003046  0.000000  0.000000  0.000000  2.000000  
91.581642 0.007330  0.090781  0.006481  0.968670  0.236713  0.075142  -0.239000  0.970749  0.022927  -0.067517  -0.040168  0.996909  0.001218  -0.002755  -0.002874  0.000000  0.000000  0.000000  2.000000  
91.582890 0.007333  0.090779  0.006479  0.968670  0.236713  0.075142  -0.239000  0.970749  0.022927  -0.067517  -0.040168  0.996909  0.001327  -0.002622  -0.002726  0.000000  0.000000  0.000000  2.000000  
91.583893 0.007335  0.090778  0.006478  0.968670  0.236713  0.075142  -0.239000  0.970749  0.022927  -0.067517  -0.040168  0.996909  0.001520  -0.002400  -0.002577  0.000000  0.000000  0.000000  2.000000  
91.585139 0.007339  0.090777  0.006476  0.968670  0.236713  0.075142  -0.239000  0.970749  0.022927  -0.067517  -0.040168  0.996909  0.001717  -0.002170  -0.002405  0.000000  0.000000  0.000000  2.000000  
91.586139 0.007342  0.090776  0.006474  0.968670  0.236713  0.075142  -0.239000  0.970749  0.022927  -0.067517  -0.040168  0.996909  0.001848  -0.001992  -0.002272  0.000000  0.000000  0.000000  2.000000  
91.587388 0.007345  0.090775  0.006473  0.968670  0.236704  0.075171  -0.239000  0.970746  0.023045  -0.067517  -0.040289  0.996904  0.001993  -0.001764  -0.002115  0.000000  0.000000  0.000000  2.000000  
91.588638 0.007349  0.090774  0.006471  0.968670  0.236704  0.075171  -0.239000  0.970746  0.023045  -0.067517  -0.040289  0.996904  0.002182  -0.001523  -0.001925  0.000000  0.000000  0.000000  2.000000  
91.589886 0.007352  0.090774  0.006469  0.968612  0.236899  0.075305  -0.239197  0.970699  0.022998  -0.067650  -0.040288  0.996895  0.002323  -0.001328  -0.001839  0.000000  0.000000  0.000000  2.000000  
91.591138 0.007356  0.090773  0.006467  0.968612  0.236889  0.075334  -0.239197  0.970696  0.023115  -0.067650  -0.040409  0.996890  0.002494  -0.001149  -0.001674  0.000000  0.000000  0.000000  2.000000  
91.592389 0.007360  0.090773  0.006465  0.968612  0.236889  0.075334  -0.239197  0.970696  0.023115  -0.067650  -0.040409  0.996890  0.002566  -0.000986  -0.001646  0.000000  0.000000  0.000000  2.000000  
91.593390 0.007363  0.090773  0.006464  0.968612  0.236889  0.075334  -0.239197  0.970696  0.023115  -0.067650  -0.040409  0.996890  0.002620  -0.000862  -0.001528  0.000000  0.000000  0.000000  2.000000  
91.594398 0.007365  0.090773  0.006462  0.968612  0.236880  0.075363  -0.239197  0.970693  0.023233  -0.067650  -0.040530  0.996886  0.002655  -0.000752  -0.001548  0.000000  0.000000  0.000000  2.000000  
91.595407 0.007368  0.090773  0.006461  0.968612  0.236880  0.075363  -0.239197  0.970693  0.023233  -0.067650  -0.040530  0.996886  0.002705  -0.000618  -0.001503  0.000000  0.000000  0.000000  2.000000  
91.596638 0.007370  0.090773  0.006459  0.968612  0.236880  0.075363  -0.239197  0.970693  0.023233  -0.067650  -0.040530  0.996886  0.002687  -0.000555  -0.001471  0.000000  0.000000  0.000000  2.000000  
91.597641 0.007373  0.090773  0.006458  0.968562  0.237080  0.075367  -0.239396  0.970644  0.023218  -0.067650  -0.040530  0.996886  0.002703  -0.000422  -0.001462  0.000000  0.000000  0.000000  2.000000  
91.598891 0.007375  0.090772  0.006456  0.968571  0.237085  0.075238  -0.239399  0.970643  0.023250  -0.067517  -0.040531  0.996895  0.002645  -0.000364  -0.001464  0.000000  0.000000  0.000000  2.000000  
91.599892 0.007376  0.090772  0.006454  0.968571  0.237085  0.075238  -0.239399  0.970643  0.023250  -0.067517  -0.040531  0.996895  0.002562  -0.000306  -0.001462  0.000000  0.000000  0.000000  2.000000  
91.601138 0.007378  0.090772  0.006453  0.968571  0.237085  0.075238  -0.239399  0.970643  0.023250  -0.067517  -0.040531  0.996895  0.002433  -0.000271  -0.001451  0.000000  0.000000  0.000000  2.000000  
91.602389 0.007380  0.090772  0.006451  0.968571  0.237085  0.075238  -0.239399  0.970643  0.023250  -0.067517  -0.040531  0.996895  0.002313  -0.000183  -0.001459  0.000000  0.000000  0.000000  2.000000  
91.603391 0.007381  0.090772  0.006449  0.968571  0.237085  0.075238  -0.239399  0.970643  0.023250  -0.067517  -0.040531  0.996895  0.002167  -0.000181  -0.001502  0.000000  0.000000  0.000000  2.000000  
91.604636 0.007382  0.090771  0.006447  0.968571  0.237085  0.075238  -0.239399  0.970643  0.023250  -0.067517  -0.040531  0.996895  0.001988  -0.000177  -0.001520  0.000000  0.000000  0.000000  2.000000  
