1-Time 2-Px 3-Py 4-Pz 5-R11 6-R21 7-R31 8-R12 9-R22 10-R32 11-R13 12-R23 13-R33 14-Vx 15-Vy 16-Vz 17-Wx 18-Wy 19-Wz 20-state 21-PR11 22-PR21 23-PR31 24-PR12 25-PR22 26-PR32 27-PR13 28-PR23 29-PR33 
71.684359 0.006718  0.090831  0.004984  0.987306  0.151108  0.048923  -0.153250  0.987232  0.043448  -0.041733  -0.050394  0.997857  0.000520  0.000432  0.000191  0.000000  0.000000  0.000000  2.000000  
71.685372 0.006718  0.090831  0.004984  0.987306  0.151102  0.048941  -0.153250  0.987227  0.043568  -0.041733  -0.050515  0.997851  0.000526  0.000406  0.000203  0.000000  0.000000  0.000000  2.000000  
71.686611 0.006719  0.090830  0.004984  0.987168  0.151902  0.049241  -0.154061  0.987104  0.043487  -0.042000  -0.050515  0.997840  0.000579  0.000320  0.000178  0.000000  0.000000  0.000000  2.000000  
71.687861 0.006721  0.090827  0.004984  0.986960  0.153095  0.049709  -0.155278  0.986913  0.043483  -0.042401  -0.050635  0.997817  0.000627  0.000121  0.000134  0.000000  0.000000  0.000000  2.000000  
71.688868 0.006723  0.090825  0.004984  0.986853  0.153679  0.050037  -0.155886  0.986810  0.043650  -0.042669  -0.050876  0.997793  0.000734  -0.000070  0.000129  0.000000  0.000000  0.000000  2.000000  
71.690111 0.006726  0.090822  0.004984  0.986772  0.154059  0.050469  -0.156289  0.986745  0.043687  -0.043070  -0.050996  0.997770  0.000870  -0.000260  0.000157  0.000000  0.000000  0.000000  2.000000  
71.691114 0.006728  0.090821  0.004984  0.986675  0.154662  0.050515  -0.156899  0.986644  0.043775  -0.043070  -0.051118  0.997763  0.000983  -0.000374  0.000147  0.000000  0.000000  0.000000  2.000000  
71.692364 0.006731  0.090820  0.004985  0.986486  0.155876  0.050475  -0.158118  0.986441  0.043973  -0.042936  -0.051360  0.997757  0.001141  -0.000510  0.000184  0.029412  -0.071634  0.169328  2.000000  
71.693368 0.006734  0.090820  0.004986  0.986361  0.156682  0.050417  -0.158931  0.986300  0.044192  -0.042802  -0.051602  0.997750  0.001301  -0.000561  0.000250  0.036412  -0.068572  0.197145  2.000000  
71.694607 0.006738  0.090819  0.004986  0.986126  0.158084  0.050651  -0.160352  0.986064  0.044337  -0.042936  -0.051844  0.997732  0.001523  -0.000680  0.000246  0.042512  -0.071091  0.245522  2.000000  
71.695611 0.006741  0.090818  0.004986  0.985949  0.159080  0.050979  -0.161365  0.985897  0.044361  -0.043204  -0.051964  0.997714  0.001751  -0.000779  0.000197  0.045112  -0.081884  0.279672  2.000000  
71.696867 0.006747  0.090817  0.004987  0.985698  0.160467  0.051477  -0.162783  0.985660  0.044462  -0.043605  -0.052206  0.997684  0.002080  -0.000817  0.000227  0.051126  -0.097820  0.327118  2.000000  
71.698105 0.006753  0.090818  0.004991  0.985451  0.161861  0.051844  -0.164201  0.985419  0.044583  -0.043872  -0.052447  0.997660  0.002462  -0.000763  0.000459  0.057206  -0.109387  0.375168  2.000000  
71.699111 0.006758  0.090818  0.004994  0.985236  0.163058  0.052182  -0.165416  0.985215  0.044594  -0.044139  -0.052567  0.997641  0.002754  -0.000832  0.000714  0.059736  -0.120134  0.409089  2.000000  
71.700124 0.006764  0.090818  0.004997  0.985025  0.164261  0.052389  -0.166632  0.985009  0.044627  -0.044273  -0.052688  0.997629  0.003091  -0.000857  0.000842  0.061750  -0.121842  0.448827  2.000000  
71.701367 0.006770  0.090815  0.004999  0.984778  0.165661  0.052625  -0.168051  0.984761  0.044768  -0.044407  -0.052930  0.997610  0.003393  -0.000941  0.000993  0.068005  -0.129300  0.498419  2.000000  
71.702605 0.006777  0.090813  0.005001  0.984569  0.166865  0.052720  -0.169267  0.984545  0.044941  -0.044407  -0.053172  0.997598  0.003724  -0.001010  0.001176  0.070354  -0.131640  0.540212  2.000000  
71.703611 0.006782  0.090810  0.005004  0.984395  0.167872  0.052787  -0.170280  0.984367  0.045006  -0.044407  -0.053293  0.997591  0.003965  -0.001080  0.001323  0.072908  -0.133393  0.574417  2.000000  
71.704611 0.006788  0.090806  0.005006  0.984213  0.168865  0.053006  -0.171292  0.984184  0.045168  -0.044540  -0.053534  0.997572  0.004225  -0.001179  0.001449  0.079499  -0.135268  0.608945  2.000000  
71.705863 0.006796  0.090799  0.005007  0.983995  0.170060  0.053234  -0.172507  0.983965  0.045318  -0.044674  -0.053776  0.997553  0.004631  -0.001478  0.001517  0.085810  -0.141974  0.650018  2.000000  
71.707111 0.006805  0.090793  0.005006  0.983769  0.171242  0.053615  -0.173720  0.983740  0.045564  -0.044941  -0.054138  0.997522  0.005025  -0.001863  0.001404  0.096164  -0.153254  0.690994  2.000000  
71.708116 0.006812  0.090787  0.005005  0.983614  0.172031  0.053937  -0.174528  0.983596  0.045592  -0.045209  -0.054259  0.997503  0.005312  -0.002244  0.001285  0.098882  -0.159207  0.718233  2.000000  
71.709361 0.006821  0.090778  0.005003  0.983464  0.172814  0.054168  -0.175337  0.983439  0.045882  -0.045342  -0.054621  0.997477  0.005581  -0.002698  0.001102  0.108992  -0.163978  0.739701  2.000000  
71.710364 0.006827  0.090770  0.005001  0.983349  0.173408  0.054349  -0.175943  0.983328  0.045945  -0.045476  -0.054742  0.997464  0.005764  -0.003177  0.000964  0.113009  -0.170952  0.766238  2.000000  
71.711618 0.006835  0.090760  0.004997  0.983198  0.174197  0.054561  -0.176752  0.983175  0.046115  -0.045610  -0.054984  0.997445  0.005973  -0.003872  0.000667  0.119878  -0.176957  0.793429  2.000000  
71.712879 0.006844  0.090751  0.004993  0.983052  0.174993  0.054641  -0.177562  0.983020  0.046308  -0.045610  -0.055226  0.997432  0.006093  -0.004592  0.000150  0.126717  -0.173957  0.820927  2.000000  
71.714105 0.006850  0.090739  0.004989  0.982936  0.175580  0.054844  -0.178168  0.982901  0.046489  -0.045743  -0.055467  0.997412  0.006139  -0.005265  -0.000348  0.134027  -0.179809  0.842144  2.000000  
71.715106 0.006855  0.090730  0.004986  0.982863  0.175978  0.054884  -0.178572  0.982823  0.046586  -0.045743  -0.055588  0.997405  0.006069  -0.005880  -0.000742  0.136334  -0.179063  0.848693  2.000000  
71.716126 0.006859  0.090720  0.004982  0.982820  0.176166  0.055046  -0.178774  0.982783  0.046670  -0.045877  -0.055709  0.997393  0.006055  -0.006447  -0.001119  0.137932  -0.179885  0.841750  2.000000  
71.717364 0.006864  0.090708  0.004978  0.982740  0.176557  0.055218  -0.179177  0.982706  0.046743  -0.046010  -0.055830  0.997380  0.005957  -0.007077  -0.001586  0.138943  -0.169555  0.814687  2.000000  
71.718365 0.006868  0.090698  0.004975  0.982654  0.176940  0.055521  -0.179580  0.982630  0.046791  -0.046278  -0.055950  0.997361  0.005838  -0.007553  -0.001921  0.137613  -0.168296  0.808138  2.000000  
71.719604 0.006871  0.090684  0.004971  0.982574  0.177337  0.055672  -0.179983  0.982558  0.046744  -0.046411  -0.055950  0.997354  0.005557  -0.008098  -0.002331  0.129624  -0.159130  0.801799  2.000000  
71.720856 0.006873  0.090670  0.004967  0.982531  0.177525  0.055834  -0.180184  0.982518  0.046828  -0.046545  -0.056070  0.997341  0.005157  -0.008632  -0.002670  0.130412  -0.158092  0.781074  2.000000  
71.721858 0.006875  0.090658  0.004962  0.982531  0.177519  0.055856  -0.180184  0.982512  0.046947  -0.046545  -0.056191  0.997335  0.004764  -0.009104  -0.002967  0.127342  -0.161579  0.760262  2.000000  
71.723108 0.006876  0.090643  0.004956  0.982494  0.177714  0.055887  -0.180386  0.982470  0.047055  -0.046545  -0.056312  0.997328  0.004270  -0.009580  -0.003273  0.128891  -0.159839  0.726090  2.000000  
71.724360 0.006877  0.090628  0.004950  0.982494  0.177707  0.055909  -0.180386  0.982464  0.047174  -0.046545  -0.056433  0.997321  0.003765  -0.009984  -0.003504  0.126704  -0.157762  0.685055  2.000000  
71.725370 0.006877  0.090616  0.004946  0.982494  0.177701  0.055930  -0.180386  0.982458  0.047293  -0.046545  -0.056554  0.997314  0.003288  -0.010300  -0.003649  0.124127  -0.151539  0.650898  2.000000  
71.726604 0.006876  0.090600  0.004938  0.982451  0.177889  0.056093  -0.180588  0.982417  0.047376  -0.046679  -0.056675  0.997301  0.002730  -0.010713  -0.003880  0.121767  -0.140512  0.610289  2.000000  
71.727608 0.006875  0.090586  0.004932  0.982475  0.177665  0.056367  -0.180383  0.982451  0.047459  -0.046946  -0.056795  0.997282  0.002186  -0.011114  -0.004144  0.123785  -0.137970  0.562364  2.000000  
71.728853 0.006872  0.090567  0.004921  0.982469  0.177650  0.056520  -0.180382  0.982446  0.047554  -0.047080  -0.056916  0.997268  0.001523  -0.011683  -0.004585  0.122095  -0.126160  0.508059  2.000000  
71.730106 0.006867  0.090546  0.004910  0.982457  0.177628  0.056804  -0.180380  0.982443  0.047625  -0.047347  -0.057036  0.997249  0.000827  -0.012264  -0.005042  0.124634  -0.128495  0.461508  2.000000  
71.731356 0.006863  0.090527  0.004899  0.982451  0.177607  0.056978  -0.180378  0.982433  0.047839  -0.047481  -0.057277  0.997229  0.000186  -0.012729  -0.005528  0.126370  -0.125536  0.412024  2.000000  
71.732357 0.006860  0.090512  0.004891  0.982444  0.177593  0.057131  -0.180377  0.982429  0.047934  -0.047614  -0.057398  0.997215  -0.000318  -0.013095  -0.005819  0.127905  -0.128128  0.377475  2.000000  
71.733608 0.006856  0.090494  0.004880  0.982475  0.177376  0.057274  -0.180174  0.982461  0.048041  -0.047748  -0.057519  0.997202  -0.000916  -0.013443  -0.006291  0.126030  -0.129969  0.329229  2.000000  
71.734857 0.006851  0.090476  0.004870  0.982469  0.177361  0.057427  -0.180173  0.982456  0.048136  -0.047882  -0.057639  0.997189  -0.001426  -0.013717  -0.006699  0.121130  -0.128448  0.283649  2.000000  
71.735858 0.006847  0.090461  0.004862  0.982500  0.177145  0.057569  -0.179969  0.982488  0.048243  -0.048015  -0.057760  0.997175  -0.001829  -0.013956  -0.007014  0.121679  -0.125505  0.247056  2.000000  
71.737109 0.006843  0.090443  0.004852  0.982450  0.177325  0.057863  -0.180169  0.982449  0.048302  -0.048283  -0.057880  0.997155  -0.002219  -0.014179  -0.007285  0.115113  -0.123632  0.212778  2.000000  
71.738109 0.006840  0.090428  0.004846  0.982444  0.177310  0.058016  -0.180168  0.982444  0.048398  -0.048416  -0.058000  0.997142  -0.002489  -0.014363  -0.007436  0.116371  -0.117681  0.185659  2.000000  
71.739357 0.006836  0.090411  0.004838  0.982468  0.177092  0.058269  -0.179964  0.982484  0.048361  -0.048683  -0.058000  0.997129  -0.002764  -0.014514  -0.007517  0.000000  0.000000  0.000000  2.000000  
71.740358 0.006832  0.090397  0.004832  0.982461  0.177078  0.058421  -0.179962  0.982479  0.048457  -0.048817  -0.058120  0.997115  -0.002958  -0.014628  -0.007580  0.000000  0.000000  0.000000  2.000000  
71.741603 0.006828  0.090380  0.004825  0.982455  0.177070  0.058552  -0.179961  0.982481  0.048432  -0.048951  -0.058120  0.997109  -0.003169  -0.014653  -0.007529  0.000000  0.000000  0.000000  2.000000  
71.742855 0.006825  0.090363  0.004819  0.982486  0.176853  0.058695  -0.179758  0.982513  0.048540  -0.049084  -0.058240  0.997095  -0.003299  -0.014625  -0.007374  0.000000  0.000000  0.000000  2.000000  
71.743857 0.006822  0.090349  0.004813  0.982479  0.176838  0.058848  -0.179757  0.982508  0.048635  -0.049218  -0.058361  0.997082  -0.003318  -0.014459  -0.007126  0.000000  0.000000  0.000000  2.000000  
71.744864 0.006819  0.090335  0.004808  0.982473  0.176831  0.058979  -0.179755  0.982510  0.048611  -0.049352  -0.058361  0.997075  -0.003257  -0.014326  -0.006911  0.000000  0.000000  0.000000  2.000000  
71.746103 0.006816  0.090317  0.004801  0.982466  0.176816  0.059132  -0.179754  0.982505  0.048706  -0.049485  -0.058481  0.997061  -0.003167  -0.014218  -0.006619  0.000000  0.000000  0.000000  2.000000  
71.747105 0.006814  0.090303  0.004796  0.982453  0.176793  0.059416  -0.179752  0.982502  0.048777  -0.049753  -0.058601  0.997041  -0.003076  -0.014138  -0.006409  0.000000  0.000000  0.000000  2.000000  
71.748355 0.006813  0.090286  0.004790  0.982403  0.176965  0.059731  -0.179952  0.982457  0.048955  -0.050020  -0.058842  0.997013  -0.002900  -0.014080  -0.006116  0.000000  0.000000  0.000000  2.000000  
71.749355 0.006813  0.090273  0.004785  0.982396  0.176950  0.059884  -0.179950  0.982452  0.049050  -0.050153  -0.058963  0.996999  -0.002675  -0.013981  -0.005915  0.000000  0.000000  0.000000  2.000000  
71.750375 0.006813  0.090260  0.004780  0.982383  0.176928  0.060168  -0.179948  0.982449  0.049121  -0.050421  -0.059083  0.996979  -0.002381  -0.013815  -0.005688  0.000000  0.000000  0.000000  2.000000  
71.751608 0.006813  0.090244  0.004773  0.982376  0.176913  0.060320  -0.179947  0.982444  0.049217  -0.050554  -0.059204  0.996965  -0.002037  -0.013710  -0.005494  0.000000  0.000000  0.000000  2.000000  
71.752860 0.006815  0.090228  0.004767  0.982370  0.176890  0.060494  -0.179946  0.982434  0.049431  -0.050688  -0.059445  0.996944  -0.001691  -0.013596  -0.005297  0.000000  0.000000  0.000000  2.000000  
71.754106 0.006816  0.090211  0.004761  0.982319  0.177062  0.060810  -0.180145  0.982388  0.049609  -0.050955  -0.059686  0.996916  -0.001345  -0.013521  -0.005185  0.000000  0.000000  0.000000  2.000000  
71.755372 0.006818  0.090195  0.004756  0.982269  0.177234  0.061126  -0.180345  0.982343  0.049786  -0.051222  -0.059927  0.996888  -0.000944  -0.013432  -0.005065  0.114441  -0.152171  -0.015808  2.000000  
71.756604 0.006820  0.090180  0.004752  0.982225  0.177413  0.061310  -0.180546  0.982295  0.049988  -0.051356  -0.060169  0.996866  -0.000483  -0.013360  -0.004853  0.118234  -0.152645  -0.008944  2.000000  
71.757605 0.006822  0.090167  0.004750  0.982218  0.177398  0.061463  -0.180545  0.982291  0.050083  -0.051490  -0.060289  0.996852  -0.000160  -0.013299  -0.004664  0.116925  -0.151792  -0.002046  2.000000  
71.758606 0.006825  0.090155  0.004749  0.982167  0.177577  0.061757  -0.180745  0.982251  0.050141  -0.051757  -0.060409  0.996831  0.000202  -0.013200  -0.004355  0.117541  -0.157932  0.004553  2.000000  
71.759859 0.006828  0.090140  0.004749  0.982160  0.177554  0.061931  -0.180743  0.982240  0.050355  -0.051891  -0.060651  0.996809  0.000605  -0.013009  -0.003945  0.121618  -0.153447  0.004790  2.000000  
71.761105 0.006832  0.090125  0.004749  0.982116  0.177740  0.062094  -0.180944  0.982199  0.050437  -0.052024  -0.060771  0.996795  0.001105  -0.012808  -0.003470  0.117209  -0.153875  0.011662  2.000000  
71.762353 0.006835  0.090110  0.004749  0.982035  0.178122  0.062289  -0.181347  0.982115  0.050626  -0.052158  -0.061012  0.996773  0.001498  -0.012632  -0.003050  0.119600  -0.153422  0.025223  2.000000  
71.763362 0.006839  0.090098  0.004748  0.981991  0.178308  0.062453  -0.181548  0.982074  0.050708  -0.052291  -0.061133  0.996759  0.001751  -0.012511  -0.002742  0.119876  -0.155495  0.039206  2.000000  
71.764608 0.006844  0.090084  0.004749  0.981946  0.178487  0.062637  -0.181749  0.982026  0.050909  -0.052425  -0.061374  0.996737  0.002105  -0.012393  -0.002300  0.123613  -0.155931  0.046080  2.000000  
71.765612 0.006847  0.090072  0.004748  0.981909  0.178674  0.062691  -0.181951  0.981977  0.051134  -0.052425  -0.061616  0.996722  0.002314  -0.012313  -0.001986  0.126976  -0.152257  0.060110  2.000000  
71.766884 0.006852  0.090058  0.004748  0.981865  0.178853  0.062876  -0.182152  0.981929  0.051335  -0.052559  -0.061857  0.996700  0.002586  -0.012134  -0.001524  0.000000  0.000000  0.000000  2.000000  
71.768110 0.006857  0.090043  0.004748  0.981783  0.179234  0.063072  -0.182555  0.981845  0.051523  -0.052692  -0.062099  0.996678  0.002828  -0.012085  -0.001131  0.000000  0.000000  0.000000  2.000000  
71.769111 0.006860  0.090031  0.004747  0.981738  0.179412  0.063257  -0.182756  0.981797  0.051724  -0.052826  -0.062340  0.996656  0.003000  -0.012013  -0.000851  0.000000  0.000000  0.000000  2.000000  
71.770371 0.006864  0.090014  0.004746  0.981663  0.179794  0.063344  -0.183160  0.981704  0.052055  -0.052826  -0.062703  0.996633  0.003111  -0.012063  -0.000673  0.000000  0.000000  0.000000  2.000000  
71.771609 0.006867  0.089997  0.004744  0.981618  0.179972  0.063529  -0.183361  0.981656  0.052256  -0.052959  -0.062944  0.996611  0.003157  -0.012169  -0.000524  0.000000  0.000000  0.000000  2.000000  
71.772862 0.006870  0.089979  0.004743  0.981543  0.180353  0.063617  -0.183765  0.981563  0.052587  -0.052959  -0.063307  0.996588  0.003115  -0.012301  -0.000529  0.000000  0.000000  0.000000  2.000000  
71.773862 0.006872  0.089965  0.004741  0.981498  0.180531  0.063802  -0.183966  0.981514  0.052787  -0.053093  -0.063548  0.996565  0.003095  -0.012465  -0.000553  0.000000  0.000000  0.000000  2.000000  
71.774865 0.006874  0.089951  0.004740  0.981460  0.180718  0.063857  -0.184168  0.981464  0.053012  -0.053093  -0.063790  0.996550  0.003061  -0.012574  -0.000603  0.000000  0.000000  0.000000  2.000000  
71.776109 0.006877  0.089932  0.004739  0.981384  0.181099  0.063945  -0.184572  0.981370  0.053343  -0.053093  -0.064153  0.996527  0.003021  -0.012807  -0.000638  0.000000  0.000000  0.000000  2.000000  
71.777109 0.006879  0.089918  0.004739  0.981346  0.181285  0.064000  -0.184774  0.981320  0.053568  -0.053093  -0.064394  0.996511  0.002924  -0.013022  -0.000674  0.000000  0.000000  0.000000  2.000000  
71.778366 0.006881  0.089899  0.004737  0.981308  0.181464  0.064077  -0.184976  0.981263  0.053912  -0.053093  -0.064757  0.996488  0.002765  -0.013296  -0.000755  0.190777  -0.113882  0.165964  2.000000  
71.779604 0.006882  0.089880  0.004737  0.981277  0.181659  0.064001  -0.185179  0.981211  0.054162  -0.052959  -0.064999  0.996479  0.002553  -0.013591  -0.000777  0.194564  -0.100923  0.173745  2.000000  
71.780605 0.006884  0.089866  0.004736  0.981239  0.181845  0.064056  -0.185381  0.981160  0.054386  -0.052959  -0.065241  0.996463  0.002436  -0.013778  -0.000794  0.196653  -0.096105  0.179427  2.000000  
71.781607 0.006885  0.089851  0.004736  0.981200  0.182032  0.064112  -0.185583  0.981110  0.054611  -0.052959  -0.065483  0.996447  0.002233  -0.014028  -0.000778  0.200309  -0.092105  0.186509  2.000000  
71.782858 0.006885  0.089832  0.004737  0.981169  0.182227  0.064036  -0.185787  0.981057  0.054861  -0.052826  -0.065725  0.996438  0.001978  -0.014282  -0.000765  0.199963  -0.083680  0.193894  2.000000  
71.783858 0.006886  0.089817  0.004737  0.981131  0.182413  0.064092  -0.185989  0.981007  0.055086  -0.052826  -0.065966  0.996423  0.001754  -0.014508  -0.000730  0.201587  -0.075442  0.196039  2.000000  
71.785106 0.006885  0.089797  0.004736  0.981138  0.182407  0.064005  -0.185990  0.980991  0.055348  -0.052692  -0.066209  0.996414  0.001430  -0.014749  -0.000688  0.202055  -0.061626  0.190091  2.000000  
71.786368 0.006884  0.089776  0.004734  0.981099  0.182593  0.064061  -0.186192  0.980940  0.055573  -0.052692  -0.066450  0.996397  0.001167  -0.014972  -0.000680  0.201845  -0.057126  0.190175  2.000000  
71.787608 0.006882  0.089755  0.004732  0.981099  0.182577  0.064105  -0.186192  0.980927  0.055811  -0.052692  -0.066692  0.996381  0.000897  -0.015177  -0.000699  0.205987  -0.048209  0.190820  2.000000  
71.788609 0.006881  0.089738  0.004730  0.981068  0.182773  0.064030  -0.186395  0.980874  0.056061  -0.052559  -0.066934  0.996372  0.000657  -0.015388  -0.000775  0.210038  -0.039262  0.191361  2.000000  
71.789854 0.006879  0.089716  0.004728  0.981068  0.182757  0.064074  -0.186395  0.980860  0.056299  -0.052559  -0.067176  0.996356  0.000326  -0.015656  -0.000831  0.208330  -0.034540  0.190092  2.000000  
71.790857 0.006877  0.089699  0.004725  0.981068  0.182741  0.064118  -0.186395  0.980847  0.056537  -0.052559  -0.067418  0.996340  0.000048  -0.015865  -0.000941  0.214462  -0.029926  0.185035  2.000000  
71.792102 0.006875  0.089677  0.004722  0.981075  0.182735  0.064032  -0.186397  0.980831  0.056800  -0.052425  -0.067660  0.996330  -0.000252  -0.016090  -0.001117  0.217108  -0.020371  0.177248  2.000000  
71.793107 0.006873  0.089660  0.004720  0.981075  0.182712  0.064098  -0.186397  0.980811  0.057156  -0.052425  -0.068022  0.996305  -0.000502  -0.016252  -0.001198  0.221498  -0.015531  0.170690  2.000000  
71.794355 0.006871  0.089638  0.004718  0.981082  0.182705  0.064012  -0.186398  0.980795  0.057419  -0.052291  -0.068265  0.996296  -0.000722  -0.016405  -0.001284  0.222265  -0.010233  0.157325  2.000000  
71.795366 0.006870  0.089620  0.004715  0.981082  0.182689  0.064056  -0.186398  0.980781  0.057657  -0.052291  -0.068506  0.996279  -0.000972  -0.016620  -0.001440  0.226291  -0.005810  0.157608  2.000000  
71.796604 0.006867  0.089598  0.004713  0.981120  0.182472  0.064088  -0.186196  0.980805  0.057908  -0.052291  -0.068748  0.996263  -0.001194  -0.016848  -0.001564  0.227350  -0.000054  0.137372  2.000000  
71.797852 0.006864  0.089576  0.004712  0.981120  0.182456  0.064133  -0.186196  0.980791  0.058146  -0.052291  -0.068990  0.996246  -0.001420  -0.017069  -0.001671  0.223694  0.004807  0.130846  2.000000  
71.799109 0.006862  0.089555  0.004710  0.981127  0.182450  0.064046  -0.186197  0.980775  0.058409  -0.052158  -0.069232  0.996236  -0.001621  -0.017252  -0.001791  0.224354  0.014578  0.117723  2.000000  
71.800371 0.006859  0.089534  0.004709  0.981127  0.182442  0.064068  -0.186197  0.980768  0.058528  -0.052158  -0.069353  0.996228  -0.001722  -0.017259  -0.001781  0.218690  0.015577  0.104866  2.000000  
71.801605 0.006857  0.089513  0.004708  0.981165  0.182232  0.064078  -0.185995  0.980798  0.058660  -0.052158  -0.069474  0.996219  -0.001787  -0.017291  -0.001739  0.213676  0.020797  0.090679  2.000000  
71.802606 0.006855  0.089496  0.004707  0.981165  0.182225  0.064100  -0.185995  0.980791  0.058779  -0.052158  -0.069594  0.996211  -0.001823  -0.017235  -0.001666  0.210347  0.021691  0.077003  2.000000  
71.803859 0.006853  0.089476  0.004706  0.981165  0.182209  0.064144  -0.185995  0.980777  0.059017  -0.052158  -0.069836  0.996194  -0.001856  -0.017160  -0.001576  0.206657  0.026576  0.070468  2.000000  
71.805105 0.006851  0.089457  0.004706  0.981165  0.182201  0.064166  -0.185995  0.980769  0.059136  -0.052158  -0.069957  0.996186  -0.001826  -0.016968  -0.001367  0.199287  0.027477  0.056796  2.000000  
71.806105 0.006851  0.089442  0.004705  0.981165  0.182194  0.064189  -0.185995  0.980762  0.059255  -0.052158  -0.070078  0.996177  -0.001747  -0.016793  -0.001239  0.195613  0.027928  0.049966  2.000000  
71.807354 0.006850  0.089424  0.004704  0.981165  0.182178  0.064233  -0.185995  0.980748  0.059493  -0.052158  -0.070319  0.996160  -0.001645  -0.016597  -0.001177  0.191961  0.028380  0.043143  2.000000  
71.808360 0.006850  0.089409  0.004704  0.981165  0.182170  0.064255  -0.185995  0.980741  0.059612  -0.052158  -0.070440  0.996151  -0.001557  -0.016371  -0.001019  0.188266  0.028835  0.036307  2.000000  
71.809601 0.006849  0.089391  0.004703  0.981165  0.182162  0.064277  -0.185995  0.980733  0.059731  -0.052158  -0.070561  0.996143  -0.001450  -0.016126  -0.000920  0.184561  0.024840  0.029167  2.000000  
71.810605 0.006849  0.089376  0.004702  0.981165  0.182147  0.064321  -0.185995  0.980719  0.059969  -0.052158  -0.070803  0.996126  -0.001359  -0.015930  -0.000844  0.186836  0.025982  0.015628  2.000000  
71.811854 0.006849  0.089358  0.004700  0.981165  0.182139  0.064343  -0.185995  0.980712  0.060088  -0.052158  -0.070924  0.996117  -0.001139  -0.015645  -0.000805  0.179032  0.026449  0.008739  2.000000  
71.813111 0.006849  0.089340  0.004699  0.981165  0.182123  0.064387  -0.185995  0.980697  0.060326  -0.052158  -0.071165  0.996100  -0.000934  -0.015385  -0.000819  0.179015  0.021958  0.008436  2.000000  
71.814358 0.006850  0.089322  0.004697  0.981127  0.182317  0.064422  -0.186197  0.980652  0.060431  -0.052158  -0.071286  0.996091  -0.000716  -0.015207  -0.000835  0.177568  0.021779  0.008370  2.000000  
71.815367 0.006851  0.089308  0.004696  0.981127  0.182310  0.064444  -0.186197  0.980645  0.060550  -0.052158  -0.071407  0.996083  -0.000569  -0.015041  -0.000881  0.173517  0.017327  0.008067  2.000000  
71.816606 0.006853  0.089291  0.004694  0.981120  0.182292  0.064597  -0.186196  0.980639  0.060644  -0.052291  -0.071527  0.996067  -0.000259  -0.014739  -0.000878  0.000000  0.000000  0.000000  2.000000  
71.817610 0.006854  0.089278  0.004694  0.981082  0.182486  0.064632  -0.186398  0.980594  0.060750  -0.052291  -0.071648  0.996058  -0.000047  -0.014515  -0.000881  0.000000  0.000000  0.000000  2.000000  
71.818861 0.006857  0.089263  0.004694  0.981082  0.182479  0.064654  -0.186398  0.980587  0.060869  -0.052291  -0.071769  0.996050  0.000322  -0.014179  -0.000859  0.000000  0.000000  0.000000  2.000000  
71.820106 0.006861  0.089248  0.004693  0.981043  0.182673  0.064689  -0.186600  0.980542  0.060975  -0.052291  -0.071890  0.996041  0.000613  -0.013917  -0.000850  0.000000  0.000000  0.000000  2.000000  
71.821107 0.006863  0.089237  0.004693  0.981043  0.182673  0.064689  -0.186600  0.980542  0.060975  -0.052291  -0.071890  0.996041  0.000857  -0.013657  -0.000831  0.000000  0.000000  0.000000  2.000000  
71.822362 0.006867  0.089223  0.004692  0.981005  0.182867  0.064723  -0.186802  0.980497  0.061080  -0.052291  -0.072010  0.996032  0.001156  -0.013347  -0.000866  0.000000  0.000000  0.000000  2.000000  
71.823606 0.006871  0.089209  0.004691  0.980966  0.183061  0.064758  -0.187004  0.980452  0.061186  -0.052291  -0.072131  0.996023  0.001456  -0.013050  -0.000902  0.000000  0.000000  0.000000  2.000000  
71.824607 0.006874  0.089199  0.004689  0.980966  0.183061  0.064758  -0.187004  0.980452  0.061186  -0.052291  -0.072131  0.996023  0.001716  -0.012799  -0.000915  0.000000  0.000000  0.000000  2.000000  
71.825858 0.006878  0.089186  0.004688  0.980935  0.183264  0.064662  -0.187207  0.980405  0.061316  -0.052158  -0.072253  0.996022  0.001977  -0.012466  -0.000899  0.000000  0.000000  0.000000  2.000000  
71.827109 0.006882  0.089173  0.004686  0.980935  0.183264  0.064662  -0.187207  0.980405  0.061316  -0.052158  -0.072253  0.996022  0.002270  -0.012101  -0.000861  0.000000  0.000000  0.000000  2.000000  
71.828352 0.006887  0.089159  0.004684  0.980889  0.183449  0.064828  -0.187408  0.980362  0.061397  -0.052291  -0.072373  0.996006  0.002456  -0.011858  -0.000939  0.000000  0.000000  0.000000  2.000000  
71.829359 0.006891  0.089148  0.004683  0.980851  0.183643  0.064863  -0.187610  0.980316  0.061503  -0.052291  -0.072494  0.995997  0.002721  -0.011542  -0.000916  0.000000  0.000000  0.000000  2.000000  
71.830605 0.006895  0.089135  0.004680  0.980851  0.183643  0.064863  -0.187610  0.980316  0.061503  -0.052291  -0.072494  0.995997  0.002969  -0.011288  -0.001043  0.000000  0.000000  0.000000  2.000000  
71.831851 0.006900  0.089121  0.004676  0.980812  0.183837  0.064898  -0.187812  0.980271  0.061608  -0.052291  -0.072614  0.995988  0.003130  -0.011099  -0.001171  0.000000  0.000000  0.000000  2.000000  
71.832854 0.006904  0.089111  0.004674  0.980812  0.183829  0.064920  -0.187812  0.980264  0.061727  -0.052291  -0.072735  0.995980  0.003282  -0.010933  -0.001346  0.000000  0.000000  0.000000  2.000000  
71.833857 0.006908  0.089101  0.004671  0.980780  0.184040  0.064802  -0.188015  0.980224  0.061739  -0.052158  -0.072736  0.995986  0.003400  -0.010832  -0.001500  0.000000  0.000000  0.000000  2.000000  
71.834858 0.006912  0.089090  0.004668  0.980780  0.184032  0.064824  -0.188015  0.980216  0.061858  -0.052158  -0.072857  0.995978  0.003494  -0.010716  -0.001708  0.000000  0.000000  0.000000  2.000000  
71.836106 0.006918  0.089078  0.004664  0.980742  0.184234  0.064837  -0.188217  0.980178  0.061844  -0.052158  -0.072857  0.995978  0.003657  -0.010613  -0.001884  0.000000  0.000000  0.000000  2.000000  
71.837360 0.006923  0.089065  0.004660  0.980696  0.184418  0.065003  -0.188417  0.980135  0.061925  -0.052291  -0.072977  0.995962  0.003760  -0.010547  -0.002092  0.000000  0.000000  0.000000  2.000000  
71.838364 0.006927  0.089055  0.004657  0.980696  0.184418  0.065003  -0.188417  0.980135  0.061925  -0.052291  -0.072977  0.995962  0.003857  -0.010467  -0.002250  0.000000  0.000000  0.000000  2.000000  
71.839604 0.006932  0.089043  0.004653  0.980696  0.184418  0.065003  -0.188417  0.980135  0.061925  -0.052291  -0.072977  0.995962  0.003871  -0.010415  -0.002402  0.000000  0.000000  0.000000  2.000000  
71.840604 0.006936  0.089032  0.004650  0.980664  0.184630  0.064885  -0.188620  0.980095  0.061936  -0.052158  -0.072977  0.995969  0.003925  -0.010414  -0.002542  0.000000  0.000000  0.000000  2.000000  
71.841859 0.006941  0.089020  0.004647  0.980664  0.184630  0.064885  -0.188620  0.980095  0.061936  -0.052158  -0.072977  0.995969  0.003958  -0.010329  -0.002680  0.000000  0.000000  0.000000  2.000000  
71.843102 0.006945  0.089008  0.004643  0.980664  0.184630  0.064885  -0.188620  0.980095  0.061936  -0.052158  -0.072977  0.995969  0.003953  -0.010268  -0.002791  0.000000  0.000000  0.000000  2.000000  
71.844103 0.006949  0.088997  0.004639  0.980657  0.184620  0.065015  -0.188619  0.980097  0.061911  -0.052291  -0.072977  0.995962  0.003970  -0.010232  -0.002881  0.000000  0.000000  0.000000  2.000000  
71.845367 0.006953  0.088985  0.004636  0.980657  0.184620  0.065015  -0.188619  0.980097  0.061911  -0.052291  -0.072977  0.995962  0.003938  -0.010151  -0.002979  0.000000  0.000000  0.000000  2.000000  
71.846607 0.006958  0.088972  0.004632  0.980657  0.184620  0.065015  -0.188619  0.980097  0.061911  -0.052291  -0.072977  0.995962  0.003941  -0.010112  -0.003039  0.000000  0.000000  0.000000  2.000000  
71.847856 0.006962  0.088959  0.004627  0.980657  0.184620  0.065015  -0.188619  0.980097  0.061911  -0.052291  -0.072977  0.995962  0.003857  -0.010094  -0.003123  0.000000  0.000000  0.000000  2.000000  
71.849104 0.006966  0.088946  0.004622  0.980657  0.184620  0.065015  -0.188619  0.980097  0.061911  -0.052291  -0.072977  0.995962  0.003792  -0.010141  -0.003215  0.000000  0.000000  0.000000  2.000000  
71.850368 0.006970  0.088933  0.004617  0.980657  0.184620  0.065015  -0.188619  0.980097  0.061911  -0.052291  -0.072977  0.995962  0.003715  -0.010146  -0.003284  0.000000  0.000000  0.000000  2.000000  
71.851611 0.006974  0.088920  0.004612  0.980657  0.184620  0.065015  -0.188619  0.980097  0.061911  -0.052291  -0.072977  0.995962  0.003625  -0.010202  -0.003365  0.000000  0.000000  0.000000  2.000000  
71.852856 0.006978  0.088906  0.004607  0.980657  0.184620  0.065015  -0.188619  0.980097  0.061911  -0.052291  -0.072977  0.995962  0.003523  -0.010292  -0.003428  0.000000  0.000000  0.000000  2.000000  
71.853857 0.006981  0.088895  0.004604  0.980657  0.184620  0.065015  -0.188619  0.980097  0.061911  -0.052291  -0.072977  0.995962  0.003452  -0.010340  -0.003443  0.000000  0.000000  0.000000  2.000000  
71.854862 0.006984  0.088884  0.004600  0.980657  0.184628  0.064993  -0.188619  0.980104  0.061792  -0.052291  -0.072856  0.995971  0.003356  -0.010422  -0.003508  0.000000  0.000000  0.000000  2.000000  
71.856106 0.006988  0.088870  0.004595  0.980696  0.184426  0.064980  -0.188417  0.980142  0.061806  -0.052291  -0.072856  0.995971  0.003317  -0.010517  -0.003574  0.000000  0.000000  0.000000  2.000000  
71.857358 0.006991  0.088856  0.004591  0.980696  0.184426  0.064980  -0.188417  0.980142  0.061806  -0.052291  -0.072856  0.995971  0.003259  -0.010605  -0.003602  0.000000  0.000000  0.000000  2.000000  
71.858368 0.006994  0.088844  0.004587  0.980696  0.184426  0.064980  -0.188417  0.980142  0.061806  -0.052291  -0.072856  0.995971  0.003172  -0.010706  -0.003657  0.000000  0.000000  0.000000  2.000000  
71.859603 0.006997  0.088830  0.004583  0.980696  0.184426  0.064980  -0.188417  0.980142  0.061806  -0.052291  -0.072856  0.995971  0.003102  -0.010789  -0.003652  0.000000  0.000000  0.000000  2.000000  
71.860608 0.007000  0.088820  0.004580  0.980696  0.184434  0.064958  -0.188417  0.980150  0.061687  -0.052291  -0.072735  0.995980  0.003079  -0.010852  -0.003669  0.000000  0.000000  0.000000  2.000000  
71.861608 0.007003  0.088809  0.004577  0.980696  0.184434  0.064958  -0.188417  0.980150  0.061687  -0.052291  -0.072735  0.995980  0.002991  -0.010922  -0.003635  0.000000  0.000000  0.000000  2.000000  
71.862856 0.007006  0.088795  0.004574  0.980696  0.184434  0.064958  -0.188417  0.980150  0.061687  -0.052291  -0.072735  0.995980  0.002952  -0.010933  -0.003525  0.000000  0.000000  0.000000  2.000000  
71.863875 0.007009  0.088785  0.004572  0.980696  0.184434  0.064958  -0.188417  0.980150  0.061687  -0.052291  -0.072735  0.995980  0.002908  -0.010930  -0.003410  0.000000  0.000000  0.000000  2.000000  
71.865104 0.007012  0.088771  0.004569  0.980696  0.184434  0.064958  -0.188417  0.980150  0.061687  -0.052291  -0.072735  0.995980  0.002867  -0.010988  -0.003262  0.000000  0.000000  0.000000  2.000000  
71.866354 0.007015  0.088757  0.004566  0.980696  0.184434  0.064958  -0.188417  0.980150  0.061687  -0.052291  -0.072735  0.995980  0.002774  -0.011026  -0.003097  0.000000  0.000000  0.000000  2.000000  
71.867365 0.007018  0.088746  0.004564  0.980696  0.184442  0.064936  -0.188417  0.980157  0.061568  -0.052291  -0.072614  0.995988  0.002759  -0.011007  -0.002959  0.000000  0.000000  0.000000  2.000000  
71.868607 0.007021  0.088732  0.004562  0.980696  0.184442  0.064936  -0.188417  0.980157  0.061568  -0.052291  -0.072614  0.995988  0.002706  -0.011019  -0.002818  0.000000  0.000000  0.000000  2.000000  
71.869856 0.007025  0.088719  0.004560  0.980696  0.184442  0.064936  -0.188417  0.980157  0.061568  -0.052291  -0.072614  0.995988  0.002711  -0.011022  -0.002682  0.000000  0.000000  0.000000  2.000000  
71.871106 0.007028  0.088705  0.004558  0.980696  0.184442  0.064936  -0.188417  0.980157  0.061568  -0.052291  -0.072614  0.995988  0.002686  -0.010996  -0.002519  0.000000  0.000000  0.000000  2.000000  
71.872106 0.007031  0.088694  0.004556  0.980696  0.184442  0.064936  -0.188417  0.980157  0.061568  -0.052291  -0.072614  0.995988  0.002657  -0.010984  -0.002342  0.000000  0.000000  0.000000  2.000000  
71.873106 0.007033  0.088683  0.004554  0.980696  0.184442  0.064936  -0.188417  0.980157  0.061568  -0.052291  -0.072614  0.995988  0.002697  -0.010951  -0.002221  0.000000  0.000000  0.000000  2.000000  
71.874368 0.007037  0.088669  0.004553  0.980657  0.184644  0.064948  -0.188619  0.980119  0.061555  -0.052291  -0.072614  0.995988  0.002723  -0.010912  -0.002049  0.000000  0.000000  0.000000  2.000000  
71.875370 0.007040  0.088659  0.004552  0.980657  0.184644  0.064948  -0.188619  0.980119  0.061555  -0.052291  -0.072614  0.995988  0.002700  -0.010891  -0.001885  0.000000  0.000000  0.000000  2.000000  
71.876604 0.007044  0.088646  0.004551  0.980657  0.184644  0.064948  -0.188619  0.980119  0.061555  -0.052291  -0.072614  0.995988  0.002731  -0.010851  -0.001756  0.000000  0.000000  0.000000  2.000000  
71.877604 0.007047  0.088635  0.004550  0.980657  0.184644  0.064948  -0.188619  0.980119  0.061555  -0.052291  -0.072614  0.995988  0.002744  -0.010864  -0.001645  0.000000  0.000000  0.000000  2.000000  
71.878607 0.007050  0.088625  0.004550  0.980618  0.184845  0.064961  -0.188821  0.980081  0.061541  -0.052291  -0.072614  0.995988  0.002782  -0.010843  -0.001497  0.000000  0.000000  0.000000  2.000000  
71.879852 0.007053  0.088612  0.004549  0.980618  0.184845  0.064961  -0.188821  0.980081  0.061541  -0.052291  -0.072614  0.995988  0.002754  -0.010783  -0.001375  0.000000  0.000000  0.000000  2.000000  
71.880854 0.007056  0.088601  0.004549  0.980618  0.184853  0.064939  -0.188821  0.980089  0.061422  -0.052291  -0.072494  0.995997  0.002744  -0.010761  -0.001244  0.000000  0.000000  0.000000  2.000000  
71.882105 0.007059  0.088589  0.004548  0.980618  0.184853  0.064939  -0.188821  0.980089  0.061422  -0.052291  -0.072494  0.995997  0.002807  -0.010669  -0.001114  0.000000  0.000000  0.000000  2.000000  
71.883106 0.007062  0.088579  0.004548  0.980579  0.185055  0.064951  -0.189023  0.980051  0.061409  -0.052291  -0.072494  0.995997  0.002799  -0.010604  -0.001041  0.000000  0.000000  0.000000  2.000000  
71.884111 0.007064  0.088569  0.004548  0.980579  0.185055  0.064951  -0.189023  0.980051  0.061409  -0.052291  -0.072494  0.995997  0.002757  -0.010528  -0.000864  0.000000  0.000000  0.000000  2.000000  
71.885369 0.007067  0.088557  0.004548  0.980579  0.185055  0.064951  -0.189023  0.980051  0.061409  -0.052291  -0.072494  0.995997  0.002748  -0.010416  -0.000701  0.000000  0.000000  0.000000  2.000000  
71.886606 0.007071  0.088545  0.004548  0.980540  0.185257  0.064964  -0.189225  0.980013  0.061396  -0.052291  -0.072494  0.995997  0.002748  -0.010324  -0.000585  0.000000  0.000000  0.000000  2.000000  
71.887607 0.007073  0.088535  0.004549  0.980540  0.185257  0.064964  -0.189225  0.980013  0.061396  -0.052291  -0.072494  0.995997  0.002724  -0.010168  -0.000405  0.000000  0.000000  0.000000  2.000000  
71.888860 0.007076  0.088524  0.004550  0.980540  0.185257  0.064964  -0.189225  0.980013  0.061396  -0.052291  -0.072494  0.995997  0.002740  -0.010004  -0.000233  0.000000  0.000000  0.000000  2.000000  
71.890106 0.007079  0.088513  0.004550  0.980501  0.185459  0.064976  -0.189427  0.979974  0.061382  -0.052291  -0.072494  0.995997  0.002659  -0.009916  -0.000142  0.000000  0.000000  0.000000  2.000000  
71.891358 0.007082  0.088502  0.004551  0.980508  0.185468  0.064846  -0.189428  0.979973  0.061408  -0.052158  -0.072494  0.996004  0.002635  -0.009747  -0.000006  0.000000  0.000000  0.000000  2.000000  
71.892609 0.007085  0.088491  0.004551  0.980508  0.185468  0.064846  -0.189428  0.979973  0.061408  -0.052158  -0.072494  0.996004  0.002544  -0.009621  0.000072  0.000000  0.000000  0.000000  2.000000  
71.893856 0.007087  0.088479  0.004551  0.980469  0.185670  0.064858  -0.189630  0.979934  0.061394  -0.052158  -0.072494  0.996004  0.002454  -0.009534  0.000139  0.000000  0.000000  0.000000  2.000000  
71.895101 0.007090  0.088469  0.004552  0.980469  0.185670  0.064858  -0.189630  0.979934  0.061394  -0.052158  -0.072494  0.996004  0.002396  -0.009381  0.000238  0.000000  0.000000  0.000000  2.000000  
71.896140 0.007091  0.088460  0.004553  0.980469  0.185670  0.064858  -0.189630  0.979934  0.061394  -0.052158  -0.072494  0.996004  0.002289  -0.009255  0.000287  0.000000  0.000000  0.000000  2.000000  
71.897352 0.007093  0.088449  0.004553  0.980469  0.185670  0.064858  -0.189630  0.979934  0.061394  -0.052158  -0.072494  0.996004  0.002187  -0.009168  0.000371  0.000000  0.000000  0.000000  2.000000  
71.898366 0.007094  0.088440  0.004554  0.980430  0.185872  0.064871  -0.189832  0.979896  0.061381  -0.052158  -0.072494  0.996004  0.002062  -0.009077  0.000368  0.000000  0.000000  0.000000  2.000000  
71.899604 0.007095  0.088429  0.004555  0.980430  0.185872  0.064871  -0.189832  0.979896  0.061381  -0.052158  -0.072494  0.996004  0.001959  -0.008970  0.000449  0.000000  0.000000  0.000000  2.000000  
71.900614 0.007096  0.088422  0.004555  0.980430  0.185872  0.064871  -0.189832  0.979896  0.061381  -0.052158  -0.072494  0.996004  0.001857  -0.008831  0.000457  0.000000  0.000000  0.000000  2.000000  
71.901858 0.007097  0.088412  0.004556  0.980430  0.185872  0.064871  -0.189832  0.979896  0.061381  -0.052158  -0.072494  0.996004  0.001719  -0.008727  0.000502  0.000000  0.000000  0.000000  2.000000  
71.903106 0.007098  0.088402  0.004558  0.980430  0.185872  0.064871  -0.189832  0.979896  0.061381  -0.052158  -0.072494  0.996004  0.001576  -0.008599  0.000577  0.000000  0.000000  0.000000  2.000000  
71.904359 0.007099  0.088393  0.004559  0.980430  0.185872  0.064871  -0.189832  0.979896  0.061381  -0.052158  -0.072494  0.996004  0.001430  -0.008418  0.000638  0.000000  0.000000  0.000000  2.000000  
