1-Time 2-Px 3-Py 4-Pz 5-R11 6-R21 7-R31 8-R12 9-R22 10-R32 11-R13 12-R23 13-R33 14-Vx 15-Vy 16-Vz 17-Wx 18-Wy 19-Wz 20-state 21-PR11 22-PR21 23-PR31 24-PR12 25-PR22 26-PR32 27-PR13 28-PR23 29-PR33 
76.598872 0.007880  0.092278  -0.000055  0.987354  0.154099  -0.037229  -0.153049  0.987776  0.029581  0.041332  -0.023509  0.998869  -0.000010  0.000081  0.000212  0.000000  0.000000  0.000000  2.000000  
76.599878 0.007880  0.092278  -0.000054  0.987322  0.154302  -0.037223  -0.153253  0.987744  0.029589  0.041332  -0.023509  0.998869  0.000021  0.000109  0.000233  0.000000  0.000000  0.000000  2.000000  
76.601128 0.007882  0.092277  -0.000054  0.987190  0.155119  -0.037330  -0.154065  0.987616  0.029640  0.041466  -0.023509  0.998863  0.000121  0.000003  0.000247  0.000000  0.000000  0.000000  2.000000  
76.602388 0.007883  0.092275  -0.000053  0.987063  0.155936  -0.037287  -0.154878  0.987484  0.029791  0.041466  -0.023630  0.998860  0.000230  -0.000129  0.000272  0.000000  0.000000  0.000000  2.000000  
76.603389 0.007885  0.092273  -0.000053  0.986999  0.156343  -0.037275  -0.155284  0.987420  0.029806  0.041466  -0.023630  0.998860  0.000361  -0.000290  0.000275  0.000000  0.000000  0.000000  2.000000  
76.604625 0.007888  0.092271  -0.000053  0.986898  0.156960  -0.037369  -0.155893  0.987319  0.029970  0.041599  -0.023751  0.998852  0.000546  -0.000453  0.000279  0.000000  0.000000  0.000000  2.000000  
76.605875 0.007891  0.092270  -0.000052  0.986758  0.157784  -0.037589  -0.156704  0.987185  0.030162  0.041867  -0.023872  0.998838  0.000771  -0.000529  0.000348  0.000000  0.000000  0.000000  2.000000  
76.606943 0.007894  0.092269  -0.000051  0.986612  0.158607  -0.037960  -0.157513  0.987053  0.030256  0.042268  -0.023872  0.998821  0.000968  -0.000572  0.000436  0.000000  0.000000  0.000000  2.000000  
76.608130 0.007897  0.092268  -0.000049  0.986373  0.160040  -0.038161  -0.158933  0.986819  0.030473  0.042535  -0.023993  0.998807  0.001189  -0.000625  0.000496  0.023852  0.036190  0.180662  2.000000  
76.609376 0.007900  0.092266  -0.000049  0.986159  0.161273  -0.038500  -0.160149  0.986615  0.030704  0.042936  -0.024114  0.998787  0.001313  -0.000779  0.000458  0.029704  0.048661  0.222377  2.000000  
76.610387 0.007902  0.092265  -0.000051  0.986021  0.162088  -0.038606  -0.160960  0.986482  0.030757  0.043070  -0.024113  0.998781  0.001529  -0.000867  0.000320  0.030879  0.052483  0.250058  2.000000  
76.611624 0.007906  0.092266  -0.000050  0.985776  0.163521  -0.038806  -0.162379  0.986242  0.030976  0.043337  -0.024234  0.998767  0.001776  -0.000843  0.000342  0.037056  0.060331  0.298785  2.000000  
76.612871 0.007910  0.092266  -0.000048  0.985536  0.164950  -0.038873  -0.163798  0.986001  0.031173  0.043471  -0.024355  0.998758  0.002056  -0.000837  0.000443  0.043210  0.063655  0.347304  2.000000  
76.613871 0.007913  0.092266  -0.000047  0.985321  0.166174  -0.039098  -0.165014  0.985796  0.031266  0.043738  -0.024355  0.998746  0.002234  -0.000790  0.000524  0.045311  0.071480  0.395855  2.000000  
76.614880 0.007917  0.092265  -0.000047  0.985139  0.167200  -0.039309  -0.166026  0.985619  0.031470  0.044006  -0.024476  0.998731  0.002440  -0.000916  0.000512  0.050901  0.079592  0.430497  2.000000  
76.615883 0.007920  0.092263  -0.000046  0.984916  0.168427  -0.039665  -0.167240  0.985410  0.031585  0.044407  -0.024475  0.998714  0.002632  -0.000975  0.000502  0.052761  0.092070  0.472223  2.000000  
76.617125 0.007925  0.092261  -0.000045  0.984725  0.169456  -0.040007  -0.168250  0.985231  0.031813  0.044808  -0.024596  0.998693  0.002802  -0.001009  0.000550  0.058440  0.104726  0.507261  2.000000  
76.618126 0.007929  0.092258  -0.000043  0.984534  0.170480  -0.040370  -0.169261  0.985054  0.031922  0.045209  -0.024596  0.998675  0.002948  -0.001032  0.000740  0.060036  0.117376  0.542121  2.000000  
76.619382 0.007933  0.092253  -0.000040  0.984341  0.171508  -0.040711  -0.170271  0.984873  0.032152  0.045610  -0.024716  0.998654  0.003088  -0.001226  0.000900  0.065707  0.129959  0.576842  2.000000  
76.620625 0.007939  0.092246  -0.000038  0.984118  0.172736  -0.040914  -0.171485  0.984655  0.032367  0.045877  -0.024837  0.998638  0.003247  -0.001594  0.000965  0.071986  0.137771  0.625561  2.000000  
76.621626 0.007945  0.092241  -0.000036  0.983964  0.173558  -0.041129  -0.172293  0.984507  0.032566  0.046144  -0.024958  0.998623  0.003450  -0.001895  0.000998  0.077354  0.146049  0.653409  2.000000  
76.622872 0.007950  0.092233  -0.000033  0.983768  0.174587  -0.041469  -0.173302  0.984322  0.032798  0.046545  -0.025079  0.998601  0.003595  -0.002385  0.001084  0.083095  0.158683  0.688419  2.000000  
76.623873 0.007954  0.092226  -0.000032  0.983684  0.174999  -0.041719  -0.173705  0.984249  0.032861  0.046812  -0.025078  0.998589  0.003736  -0.002747  0.001181  0.083788  0.167320  0.702379  2.000000  
76.625126 0.007959  0.092216  -0.000031  0.983529  0.175816  -0.041955  -0.174513  0.984104  0.032942  0.047080  -0.025078  0.998576  0.003848  -0.003337  0.001386  0.085100  0.175627  0.730194  2.000000  
76.626385 0.007965  0.092207  -0.000029  0.983408  0.176430  -0.042198  -0.175118  0.983994  0.033015  0.047347  -0.025078  0.998564  0.003956  -0.004021  0.001422  0.086094  0.184064  0.750939  2.000000  
76.627623 0.007970  0.092197  -0.000027  0.983251  0.177252  -0.042412  -0.175926  0.983843  0.033216  0.047614  -0.025198  0.998548  0.004011  -0.004615  0.001392  0.091846  0.192244  0.786036  2.000000  
76.628871 0.007974  0.092187  -0.000026  0.983166  0.177664  -0.042661  -0.176328  0.983769  0.033281  0.047882  -0.025198  0.998535  0.004023  -0.005270  0.001384  0.091811  0.199255  0.793529  2.000000  
76.629873 0.007976  0.092178  -0.000025  0.983123  0.177864  -0.042807  -0.176530  0.983735  0.033194  0.048015  -0.025077  0.998532  0.003971  -0.005758  0.001473  0.087831  0.203787  0.793721  2.000000  
76.631136 0.007979  0.092169  -0.000023  0.983044  0.178273  -0.042925  -0.176933  0.983662  0.033235  0.048149  -0.025077  0.998525  0.003857  -0.006335  0.001620  0.087707  0.205914  0.779307  2.000000  
76.632378 0.007982  0.092158  -0.000020  0.983002  0.178478  -0.043050  -0.177135  0.983624  0.033268  0.048283  -0.025077  0.998519  0.003746  -0.006781  0.001606  0.082416  0.209062  0.759658  2.000000  
76.633391 0.007983  0.092150  -0.000018  0.982965  0.178676  -0.043065  -0.177337  0.983591  0.033157  0.048283  -0.024955  0.998522  0.003601  -0.007207  0.001606  0.074264  0.210965  0.751535  2.000000  
76.634391 0.007983  0.092139  -0.000016  0.982922  0.178881  -0.043189  -0.177538  0.983554  0.033190  0.048416  -0.024955  0.998515  0.003283  -0.007628  0.001595  0.074056  0.211144  0.744659  2.000000  
76.635627 0.007983  0.092126  -0.000013  0.982879  0.179082  -0.043336  -0.177739  0.983521  0.033103  0.048550  -0.024834  0.998512  0.002868  -0.008040  0.001683  0.065148  0.207255  0.724166  2.000000  
76.636627 0.007982  0.092116  -0.000011  0.982879  0.179082  -0.043336  -0.177739  0.983521  0.033103  0.048550  -0.024834  0.998512  0.002424  -0.008407  0.001646  0.064181  0.194885  0.697772  2.000000  
76.637881 0.007980  0.092103  -0.000008  0.982873  0.179080  -0.043489  -0.177738  0.983524  0.033008  0.048683  -0.024713  0.998508  0.001958  -0.008743  0.001632  0.053813  0.191133  0.647719  2.000000  
76.638914 0.007978  0.092092  -0.000006  0.982873  0.179075  -0.043511  -0.177738  0.983528  0.032888  0.048683  -0.024592  0.998511  0.001598  -0.008942  0.001735  0.044418  0.182566  0.619005  2.000000  
76.640126 0.007976  0.092078  -0.000002  0.982830  0.179275  -0.043657  -0.177939  0.983495  0.032802  0.048817  -0.024470  0.998508  0.001123  -0.009202  0.001896  0.038929  0.177548  0.587181  2.000000  
76.641381 0.007974  0.092065  0.000001  0.982830  0.179270  -0.043679  -0.177939  0.983499  0.032683  0.048817  -0.024349  0.998511  0.000591  -0.009468  0.001992  0.028622  0.171348  0.536463  2.000000  
76.642386 0.007972  0.092053  0.000002  0.982836  0.179261  -0.043569  -0.177941  0.983503  0.032539  0.048683  -0.024228  0.998520  0.000148  -0.009746  0.001982  0.022948  0.163201  0.501605  2.000000  
76.643623 0.007969  0.092038  0.000002  0.982873  0.179054  -0.043598  -0.177738  0.983544  0.032411  0.048683  -0.024107  0.998523  -0.000358  -0.010095  0.001936  0.012526  0.154159  0.449451  2.000000  
76.644624 0.007965  0.092026  0.000002  0.982843  0.179248  -0.043481  -0.177942  0.983512  0.032277  0.048550  -0.023986  0.998533  -0.000743  -0.010313  0.001829  0.006926  0.141663  0.414918  2.000000  
76.645876 0.007961  0.092012  0.000003  0.982843  0.179242  -0.043503  -0.177942  0.983515  0.032158  0.048550  -0.023865  0.998536  -0.001244  -0.010642  0.001737  -0.003312  0.129458  0.366642  2.000000  
76.647123 0.007957  0.091998  0.000003  0.982849  0.179234  -0.043393  -0.177943  0.983520  0.032015  0.048416  -0.023744  0.998545  -0.001616  -0.010836  0.001572  -0.012949  0.112427  0.331871  2.000000  
76.648135 0.007955  0.091988  0.000003  0.982886  0.179026  -0.043421  -0.177740  0.983561  0.031886  0.048416  -0.023623  0.998548  -0.001919  -0.010960  0.001395  -0.023405  0.101016  0.285847  2.000000  
76.649379 0.007950  0.091974  0.000002  0.982892  0.179018  -0.043312  -0.177742  0.983565  0.031743  0.048283  -0.023502  0.998557  -0.002163  -0.011037  0.001180  -0.028515  0.083060  0.255734  2.000000  
76.650387 0.007946  0.091962  0.000001  0.982892  0.179013  -0.043333  -0.177742  0.983569  0.031624  0.048283  -0.023381  0.998560  -0.002459  -0.011105  0.000904  -0.038811  0.075727  0.216085  2.000000  
76.651625 0.007942  0.091949  -0.000000  0.982898  0.179004  -0.043224  -0.177743  0.983573  0.031481  0.048149  -0.023260  0.998569  -0.002628  -0.011107  0.000695  -0.047870  0.062414  0.186641  2.000000  
76.652875 0.007938  0.091936  -0.000001  0.982905  0.178996  -0.043114  -0.177744  0.983578  0.031338  0.048015  -0.023139  0.998579  -0.002794  -0.011136  0.000464  0.000000  0.000000  0.000000  2.000000  
76.653876 0.007936  0.091925  -0.000002  0.982911  0.178988  -0.043004  -0.177745  0.983582  0.031195  0.047882  -0.023018  0.998588  -0.002859  -0.011106  0.000264  0.000000  0.000000  0.000000  2.000000  
76.655125 0.007932  0.091913  -0.000003  0.982911  0.178982  -0.043026  -0.177745  0.983586  0.031076  0.047882  -0.022897  0.998591  -0.002929  -0.011011  -0.000047  0.000000  0.000000  0.000000  2.000000  
76.656128 0.007930  0.091904  -0.000003  0.982948  0.178775  -0.043054  -0.177543  0.983626  0.030947  0.047882  -0.022776  0.998593  -0.002955  -0.010904  -0.000223  0.000000  0.000000  0.000000  2.000000  
76.657376 0.007928  0.091892  -0.000003  0.982948  0.178770  -0.043076  -0.177543  0.983630  0.030828  0.047882  -0.022655  0.998596  -0.002887  -0.010713  -0.000297  0.000000  0.000000  0.000000  2.000000  
76.658384 0.007927  0.091883  -0.000004  0.982948  0.178770  -0.043076  -0.177543  0.983630  0.030828  0.047882  -0.022655  0.998596  -0.002822  -0.010539  -0.000411  0.000000  0.000000  0.000000  2.000000  
76.659623 0.007926  0.091872  -0.000005  0.982954  0.178761  -0.042966  -0.177544  0.983634  0.030685  0.047748  -0.022534  0.998605  -0.002600  -0.010294  -0.000494  0.000000  0.000000  0.000000  2.000000  
76.660876 0.007926  0.091861  -0.000006  0.982954  0.178756  -0.042988  -0.177544  0.983638  0.030566  0.047748  -0.022412  0.998608  -0.002343  -0.010035  -0.000602  0.000000  0.000000  0.000000  2.000000  
76.662121 0.007926  0.091851  -0.000007  0.982954  0.178751  -0.043009  -0.177544  0.983642  0.030446  0.047748  -0.022291  0.998611  -0.002095  -0.009832  -0.000648  0.000000  0.000000  0.000000  2.000000  
76.663126 0.007927  0.091843  -0.000007  0.982960  0.178748  -0.042878  -0.177545  0.983642  0.030423  0.047614  -0.022291  0.998617  -0.001856  -0.009686  -0.000651  0.000000  0.000000  0.000000  2.000000  
76.664394 0.007929  0.091833  -0.000008  0.982960  0.178743  -0.042899  -0.177545  0.983646  0.030303  0.047614  -0.022170  0.998620  -0.001388  -0.009338  -0.000650  0.000000  0.000000  0.000000  2.000000  
76.665625 0.007931  0.091824  -0.000008  0.982997  0.178540  -0.042906  -0.177343  0.983683  0.030294  0.047614  -0.022170  0.998620  -0.000899  -0.009007  -0.000568  0.000000  0.000000  0.000000  2.000000  
76.666875 0.007934  0.091815  -0.000009  0.982997  0.178540  -0.042906  -0.177343  0.983683  0.030294  0.047614  -0.022170  0.998620  -0.000456  -0.008726  -0.000563  0.000000  0.000000  0.000000  2.000000  
76.668126 0.007937  0.091806  -0.000010  0.982997  0.178540  -0.042906  -0.177343  0.983683  0.030294  0.047614  -0.022170  0.998620  0.000019  -0.008426  -0.000537  0.000000  0.000000  0.000000  2.000000  
76.669127 0.007940  0.091800  -0.000010  0.982997  0.178540  -0.042906  -0.177343  0.983683  0.030294  0.047614  -0.022170  0.998620  0.000410  -0.008183  -0.000475  0.000000  0.000000  0.000000  2.000000  
76.670128 0.007943  0.091793  -0.000010  0.982997  0.178540  -0.042906  -0.177343  0.983683  0.030294  0.047614  -0.022170  0.998620  0.000777  -0.007953  -0.000480  0.000000  0.000000  0.000000  2.000000  
76.671378 0.007948  0.091786  -0.000008  0.982997  0.178540  -0.042906  -0.177343  0.983683  0.030294  0.047614  -0.022170  0.998620  0.001226  -0.007665  -0.000375  0.000000  0.000000  0.000000  2.000000  
76.672378 0.007952  0.091781  -0.000007  0.982990  0.178543  -0.043037  -0.177341  0.983682  0.030318  0.047748  -0.022170  0.998613  0.001600  -0.007391  -0.000290  0.000000  0.000000  0.000000  2.000000  
76.673389 0.007956  0.091776  -0.000005  0.982990  0.178548  -0.043015  -0.177341  0.983679  0.030437  0.047748  -0.022291  0.998611  0.001985  -0.007132  -0.000093  0.000000  0.000000  0.000000  2.000000  
76.674632 0.007962  0.091770  -0.000003  0.982954  0.178751  -0.043009  -0.177544  0.983642  0.030446  0.047748  -0.022291  0.998611  0.002436  -0.006741  0.000180  0.000000  0.000000  0.000000  2.000000  
76.675872 0.007967  0.091765  0.000000  0.982954  0.178751  -0.043009  -0.177544  0.983642  0.030446  0.047748  -0.022291  0.998611  0.002780  -0.006431  0.000427  0.000000  0.000000  0.000000  2.000000  
76.677126 0.007973  0.091759  0.000003  0.982954  0.178751  -0.043009  -0.177544  0.983642  0.030446  0.047748  -0.022291  0.998611  0.003154  -0.006091  0.000683  0.000000  0.000000  0.000000  2.000000  
76.678378 0.007979  0.091754  0.000007  0.982917  0.178959  -0.042981  -0.177746  0.983601  0.030575  0.047748  -0.022412  0.998608  0.003395  -0.005835  0.000946  0.000000  0.000000  0.000000  2.000000  
76.679623 0.007984  0.091748  0.000011  0.982911  0.178962  -0.043113  -0.177745  0.983601  0.030598  0.047882  -0.022412  0.998602  0.003688  -0.005511  0.001282  0.000000  0.000000  0.000000  2.000000  
76.680626 0.007988  0.091744  0.000014  0.982911  0.178962  -0.043113  -0.177745  0.983601  0.030598  0.047882  -0.022412  0.998602  0.003870  -0.005259  0.001533  0.000000  0.000000  0.000000  2.000000  
76.681627 0.007993  0.091740  0.000017  0.982911  0.178962  -0.043113  -0.177745  0.983601  0.030598  0.047882  -0.022412  0.998602  0.003966  -0.005096  0.001776  0.000000  0.000000  0.000000  2.000000  
76.682876 0.007998  0.091736  0.000021  0.982874  0.179169  -0.043085  -0.177947  0.983560  0.030726  0.047882  -0.022533  0.998599  0.004126  -0.004794  0.002097  0.000000  0.000000  0.000000  2.000000  
76.684125 0.008003  0.091730  0.000025  0.982874  0.179175  -0.043063  -0.177947  0.983556  0.030846  0.047882  -0.022655  0.998596  0.004214  -0.004666  0.002283  0.000000  0.000000  0.000000  2.000000  
76.685125 0.008006  0.091725  0.000028  0.982838  0.179377  -0.043057  -0.178150  0.983520  0.030855  0.047882  -0.022655  0.998596  0.004227  -0.004534  0.002502  0.000000  0.000000  0.000000  2.000000  
76.686126 0.008009  0.091720  0.000031  0.982838  0.179382  -0.043035  -0.178150  0.983516  0.030974  0.047882  -0.022776  0.998593  0.004162  -0.004491  0.002623  0.000000  0.000000  0.000000  2.000000  
76.687377 0.008012  0.091714  0.000034  0.982838  0.179387  -0.043013  -0.178150  0.983512  0.031093  0.047882  -0.022897  0.998591  0.004043  -0.004446  0.002744  0.000000  0.000000  0.000000  2.000000  
76.688380 0.008015  0.091709  0.000036  0.982801  0.179590  -0.043007  -0.178352  0.983475  0.031102  0.047882  -0.022897  0.998591  0.003917  -0.004417  0.002768  0.000000  0.000000  0.000000  2.000000  
76.689625 0.008017  0.091703  0.000040  0.982801  0.179595  -0.042985  -0.178352  0.983471  0.031221  0.047882  -0.023018  0.998588  0.003707  -0.004456  0.002824  0.000000  0.000000  0.000000  2.000000  
76.690870 0.008020  0.091696  0.000043  0.982801  0.179600  -0.042963  -0.178352  0.983467  0.031341  0.047882  -0.023139  0.998585  0.003487  -0.004552  0.002837  0.000000  0.000000  0.000000  2.000000  
76.691873 0.008021  0.091691  0.000046  0.982801  0.179606  -0.042941  -0.178352  0.983464  0.031460  0.047882  -0.023260  0.998582  0.003270  -0.004597  0.002874  0.000000  0.000000  0.000000  2.000000  
76.693125 0.008022  0.091683  0.000048  0.982801  0.179606  -0.042941  -0.178352  0.983464  0.031460  0.047882  -0.023260  0.998582  0.002973  -0.004753  0.002798  0.000000  0.000000  0.000000  2.000000  
76.694371 0.008023  0.091676  0.000051  0.982801  0.179611  -0.042920  -0.178352  0.983460  0.031579  0.047882  -0.023381  0.998579  0.002617  -0.004915  0.002703  0.000000  0.000000  0.000000  2.000000  
76.695371 0.008023  0.091670  0.000053  0.982801  0.179611  -0.042920  -0.178352  0.983460  0.031579  0.047882  -0.023381  0.998579  0.002380  -0.004998  0.002605  0.000000  0.000000  0.000000  2.000000  
76.696371 0.008024  0.091665  0.000055  0.982801  0.179616  -0.042898  -0.178352  0.983456  0.031699  0.047882  -0.023502  0.998576  0.002139  -0.005106  0.002554  0.000000  0.000000  0.000000  2.000000  
76.697375 0.008024  0.091659  0.000057  0.982801  0.179616  -0.042898  -0.178352  0.983456  0.031699  0.047882  -0.023502  0.998576  0.001927  -0.005184  0.002523  0.000000  0.000000  0.000000  2.000000  
76.698379 0.008025  0.091654  0.000060  0.982801  0.179616  -0.042898  -0.178352  0.983456  0.031699  0.047882  -0.023502  0.998576  0.001684  -0.005288  0.002470  0.000000  0.000000  0.000000  2.000000  
76.699625 0.008026  0.091646  0.000062  0.982801  0.179621  -0.042876  -0.178352  0.983452  0.031818  0.047882  -0.023624  0.998574  0.001454  -0.005395  0.002383  0.000000  0.000000  0.000000  2.000000  
76.700875 0.008026  0.091639  0.000064  0.982801  0.179621  -0.042876  -0.178352  0.983452  0.031818  0.047882  -0.023624  0.998574  0.001173  -0.005503  0.002297  0.000000  0.000000  0.000000  2.000000  
76.701876 0.008026  0.091632  0.000065  0.982831  0.179427  -0.042992  -0.178149  0.983485  0.031952  0.048015  -0.023745  0.998564  0.000990  -0.005633  0.002212  0.000000  0.000000  0.000000  2.000000  
76.703129 0.008026  0.091624  0.000066  0.982831  0.179427  -0.042992  -0.178149  0.983485  0.031952  0.048015  -0.023745  0.998564  0.000797  -0.005734  0.002059  0.000000  0.000000  0.000000  2.000000  
76.704384 0.008027  0.091617  0.000068  0.982831  0.179427  -0.042992  -0.178149  0.983485  0.031952  0.048015  -0.023745  0.998564  0.000668  -0.005845  0.001924  0.000000  0.000000  0.000000  2.000000  
76.705625 0.008028  0.091609  0.000068  0.982868  0.179230  -0.042977  -0.177946  0.983518  0.032063  0.048015  -0.023866  0.998561  0.000556  -0.005920  0.001746  0.000000  0.000000  0.000000  2.000000  
76.706876 0.008028  0.091601  0.000069  0.982868  0.179230  -0.042977  -0.177946  0.983518  0.032063  0.048015  -0.023866  0.998561  0.000467  -0.006025  0.001546  0.000000  0.000000  0.000000  2.000000  
76.707879 0.008030  0.091595  0.000070  0.982862  0.179233  -0.043109  -0.177945  0.983517  0.032086  0.048149  -0.023866  0.998555  0.000527  -0.006006  0.001500  0.000000  0.000000  0.000000  2.000000  
76.709125 0.008031  0.091588  0.000072  0.982862  0.179238  -0.043087  -0.177945  0.983513  0.032206  0.048149  -0.023987  0.998552  0.000594  -0.005967  0.001409  0.000000  0.000000  0.000000  2.000000  
76.710128 0.008033  0.091582  0.000072  0.982898  0.179036  -0.043093  -0.177743  0.983550  0.032197  0.048149  -0.023987  0.998552  0.000660  -0.006011  0.001287  0.000000  0.000000  0.000000  2.000000  
76.711376 0.008035  0.091575  0.000073  0.982898  0.179036  -0.043093  -0.177743  0.983550  0.032197  0.048149  -0.023987  0.998552  0.000773  -0.005950  0.001184  0.000000  0.000000  0.000000  2.000000  
76.712623 0.008038  0.091569  0.000074  0.982898  0.179036  -0.043093  -0.177743  0.983550  0.032197  0.048149  -0.023987  0.998552  0.000880  -0.005944  0.001101  0.000000  0.000000  0.000000  2.000000  
76.713871 0.008041  0.091563  0.000076  0.982898  0.179036  -0.043093  -0.177743  0.983550  0.032197  0.048149  -0.023987  0.998552  0.001067  -0.005832  0.001010  0.000000  0.000000  0.000000  2.000000  
76.714879 0.008044  0.091559  0.000077  0.982892  0.179039  -0.043225  -0.177742  0.983550  0.032221  0.048283  -0.023986  0.998546  0.001220  -0.005728  0.000965  0.000000  0.000000  0.000000  2.000000  
76.715879 0.008046  0.091555  0.000078  0.982892  0.179039  -0.043225  -0.177742  0.983550  0.032221  0.048283  -0.023986  0.998546  0.001387  -0.005582  0.000894  0.000000  0.000000  0.000000  2.000000  
76.717127 0.008050  0.091549  0.000079  0.982892  0.179039  -0.043225  -0.177742  0.983550  0.032221  0.048283  -0.023986  0.998546  0.001593  -0.005435  0.000858  0.000000  0.000000  0.000000  2.000000  
76.718129 0.008053  0.091546  0.000080  0.982892  0.179039  -0.043225  -0.177742  0.983550  0.032221  0.048283  -0.023986  0.998546  0.001771  -0.005280  0.000888  0.000000  0.000000  0.000000  2.000000  
76.719130 0.008056  0.091542  0.000081  0.982892  0.179039  -0.043225  -0.177742  0.983550  0.032221  0.048283  -0.023986  0.998546  0.001931  -0.005068  0.000894  0.000000  0.000000  0.000000  2.000000  
76.720378 0.008059  0.091537  0.000082  0.982892  0.179039  -0.043225  -0.177742  0.983550  0.032221  0.048283  -0.023986  0.998546  0.002138  -0.004879  0.000946  0.000000  0.000000  0.000000  2.000000  
76.721625 0.008064  0.091533  0.000084  0.982892  0.179039  -0.043225  -0.177742  0.983550  0.032221  0.048283  -0.023986  0.998546  0.002393  -0.004585  0.001018  0.000000  0.000000  0.000000  2.000000  
76.722626 0.008066  0.091530  0.000085  0.982855  0.179241  -0.043218  -0.177944  0.983513  0.032229  0.048283  -0.023986  0.998546  0.002474  -0.004435  0.001000  0.000000  0.000000  0.000000  2.000000  
76.723876 0.008070  0.091526  0.000086  0.982855  0.179241  -0.043218  -0.177944  0.983513  0.032229  0.048283  -0.023986  0.998546  0.002644  -0.004198  0.000975  0.000000  0.000000  0.000000  2.000000  
76.725121 0.008074  0.091522  0.000087  0.982849  0.179244  -0.043350  -0.177943  0.983512  0.032253  0.048416  -0.023986  0.998539  0.002753  -0.003945  0.001011  0.000000  0.000000  0.000000  2.000000  
76.726121 0.008078  0.091520  0.000087  0.982812  0.179447  -0.043343  -0.178145  0.983475  0.032262  0.048416  -0.023986  0.998539  0.002874  -0.003782  0.000955  0.000000  0.000000  0.000000  2.000000  
76.727129 0.008081  0.091517  0.000088  0.982812  0.179447  -0.043343  -0.178145  0.983475  0.032262  0.048416  -0.023986  0.998539  0.002963  -0.003602  0.000905  0.000000  0.000000  0.000000  2.000000  
76.728376 0.008085  0.091514  0.000088  0.982776  0.179649  -0.043336  -0.178347  0.983438  0.032271  0.048416  -0.023986  0.998539  0.003021  -0.003421  0.000866  0.000000  0.000000  0.000000  2.000000  
76.729625 0.008088  0.091511  0.000089  0.982776  0.179644  -0.043358  -0.178347  0.983442  0.032152  0.048416  -0.023865  0.998542  0.003010  -0.003266  0.000828  0.000000  0.000000  0.000000  2.000000  
76.730876 0.008091  0.091508  0.000089  0.982739  0.179847  -0.043352  -0.178550  0.983405  0.032161  0.048416  -0.023865  0.998542  0.003008  -0.003092  0.000746  0.000000  0.000000  0.000000  2.000000  
76.731880 0.008094  0.091506  0.000089  0.982739  0.179847  -0.043352  -0.178550  0.983405  0.032161  0.048416  -0.023865  0.998542  0.002986  -0.002961  0.000709  0.000000  0.000000  0.000000  2.000000  
76.732883 0.008096  0.091504  0.000090  0.982739  0.179847  -0.043352  -0.178550  0.983405  0.032161  0.048416  -0.023865  0.998542  0.002946  -0.002833  0.000649  0.000000  0.000000  0.000000  2.000000  
76.734126 0.008099  0.091501  0.000090  0.982702  0.180044  -0.043367  -0.178752  0.983372  0.032050  0.048416  -0.023744  0.998545  0.002874  -0.002712  0.000604  0.000000  0.000000  0.000000  2.000000  
76.735378 0.008101  0.091499  0.000090  0.982665  0.180246  -0.043360  -0.178954  0.983335  0.032059  0.048416  -0.023744  0.998545  0.002750  -0.002549  0.000518  0.000000  0.000000  0.000000  2.000000  
76.736379 0.008103  0.091497  0.000090  0.982659  0.180249  -0.043492  -0.178953  0.983334  0.032083  0.048550  -0.023744  0.998539  0.002638  -0.002453  0.000403  0.000000  0.000000  0.000000  2.000000  
76.737626 0.008104  0.091494  0.000090  0.982659  0.180249  -0.043492  -0.178953  0.983334  0.032083  0.048550  -0.023744  0.998539  0.002474  -0.002356  0.000287  0.000000  0.000000  0.000000  2.000000  
76.738876 0.008106  0.091492  0.000090  0.982622  0.180447  -0.043507  -0.179156  0.983301  0.031973  0.048550  -0.023623  0.998541  0.002356  -0.002240  0.000247  0.000000  0.000000  0.000000  2.000000  
76.739877 0.008107  0.091490  0.000089  0.982622  0.180447  -0.043507  -0.179156  0.983301  0.031973  0.048550  -0.023623  0.998541  0.002215  -0.002174  0.000169  0.000000  0.000000  0.000000  2.000000  
76.741132 0.008108  0.091488  0.000089  0.982622  0.180447  -0.043507  -0.179156  0.983301  0.031973  0.048550  -0.023623  0.998541  0.001991  -0.002095  0.000100  0.000000  0.000000  0.000000  2.000000  
76.742373 0.008109  0.091487  0.000089  0.982585  0.180649  -0.043500  -0.179358  0.983264  0.031982  0.048550  -0.023623  0.998541  0.001828  -0.001982  0.000062  0.000000  0.000000  0.000000  2.000000  
76.743386 0.008110  0.091485  0.000088  0.982579  0.180652  -0.043632  -0.179357  0.983263  0.032006  0.048683  -0.023623  0.998535  0.001663  -0.001906  0.000015  0.000000  0.000000  0.000000  2.000000  
76.744626 0.008110  0.091483  0.000088  0.982579  0.180647  -0.043654  -0.179357  0.983267  0.031887  0.048683  -0.023502  0.998538  0.001462  -0.001859  -0.000076  0.000000  0.000000  0.000000  2.000000  
76.745873 0.008111  0.091481  0.000087  0.982579  0.180647  -0.043654  -0.179357  0.983267  0.031887  0.048683  -0.023502  0.998538  0.001294  -0.001828  -0.000109  0.000000  0.000000  0.000000  2.000000  
76.747125 0.008112  0.091479  0.000087  0.982579  0.180647  -0.043654  -0.179357  0.983267  0.031887  0.048683  -0.023502  0.998538  0.001156  -0.001723  -0.000156  0.000000  0.000000  0.000000  2.000000  
76.748129 0.008112  0.091478  0.000086  0.982579  0.180647  -0.043654  -0.179357  0.983267  0.031887  0.048683  -0.023502  0.998538  0.001004  -0.001676  -0.000228  0.000000  0.000000  0.000000  2.000000  
76.749379 0.008112  0.091476  0.000086  0.982579  0.180641  -0.043676  -0.179357  0.983271  0.031767  0.048683  -0.023380  0.998541  0.000835  -0.001622  -0.000270  0.000000  0.000000  0.000000  2.000000  
76.750381 0.008112  0.091475  0.000086  0.982572  0.180645  -0.043807  -0.179356  0.983271  0.031791  0.048817  -0.023380  0.998534  0.000710  -0.001589  -0.000265  0.000000  0.000000  0.000000  2.000000  
76.751625 0.008112  0.091473  0.000086  0.982572  0.180645  -0.043807  -0.179356  0.983271  0.031791  0.048817  -0.023380  0.998534  0.000617  -0.001506  -0.000267  0.000000  0.000000  0.000000  2.000000  
76.752626 0.008112  0.091472  0.000086  0.982572  0.180645  -0.043807  -0.179356  0.983271  0.031791  0.048817  -0.023380  0.998534  0.000501  -0.001476  -0.000279  0.000000  0.000000  0.000000  2.000000  
76.753627 0.008113  0.091471  0.000086  0.982572  0.180645  -0.043807  -0.179356  0.983271  0.031791  0.048817  -0.023380  0.998534  0.000470  -0.001420  -0.000269  0.000000  0.000000  0.000000  2.000000  
76.754876 0.008113  0.091470  0.000086  0.982572  0.180645  -0.043807  -0.179356  0.983271  0.031791  0.048817  -0.023380  0.998534  0.000379  -0.001340  -0.000255  0.000000  0.000000  0.000000  2.000000  
76.756126 0.008113  0.091469  0.000086  0.982572  0.180645  -0.043807  -0.179356  0.983271  0.031791  0.048817  -0.023380  0.998534  0.000320  -0.001276  -0.000179  0.000000  0.000000  0.000000  2.000000  
76.757128 0.008113  0.091469  0.000086  0.982566  0.180642  -0.043960  -0.179354  0.983274  0.031696  0.048951  -0.023259  0.998530  0.000272  -0.001210  -0.000150  0.000000  0.000000  0.000000  2.000000  
76.758129 0.008113  0.091468  0.000087  0.982566  0.180642  -0.043960  -0.179354  0.983274  0.031696  0.048951  -0.023259  0.998530  0.000212  -0.001145  -0.000073  0.000000  0.000000  0.000000  2.000000  
76.759378 0.008113  0.091467  0.000087  0.982603  0.180440  -0.043967  -0.179152  0.983311  0.031687  0.048951  -0.023259  0.998530  0.000158  -0.001058  -0.000041  0.000000  0.000000  0.000000  2.000000  
76.760626 0.008113  0.091466  0.000087  0.982603  0.180440  -0.043967  -0.179152  0.983311  0.031687  0.048951  -0.023259  0.998530  0.000164  -0.000982  0.000003  0.000000  0.000000  0.000000  2.000000  
76.761871 0.008113  0.091466  0.000088  0.982603  0.180440  -0.043967  -0.179152  0.983311  0.031687  0.048951  -0.023259  0.998530  0.000098  -0.000908  0.000068  0.000000  0.000000  0.000000  2.000000  
76.763125 0.008113  0.091466  0.000088  0.982603  0.180440  -0.043967  -0.179152  0.983311  0.031687  0.048951  -0.023259  0.998530  0.000083  -0.000805  0.000131  0.000000  0.000000  0.000000  2.000000  
76.764394 0.008113  0.091465  0.000088  0.982603  0.180440  -0.043967  -0.179152  0.983311  0.031687  0.048951  -0.023259  0.998530  0.000076  -0.000707  0.000153  0.000000  0.000000  0.000000  2.000000  
76.765397 0.008113  0.091465  0.000088  0.982603  0.180440  -0.043967  -0.179152  0.983311  0.031687  0.048951  -0.023259  0.998530  0.000068  -0.000597  0.000173  0.000000  0.000000  0.000000  2.000000  
76.766624 0.008113  0.091465  0.000089  0.982596  0.180443  -0.044098  -0.179151  0.983310  0.031711  0.049084  -0.023259  0.998524  0.000059  -0.000563  0.000159  0.000000  0.000000  0.000000  2.000000  
76.767627 0.008113  0.091465  0.000089  0.982596  0.180443  -0.044098  -0.179151  0.983310  0.031711  0.049084  -0.023259  0.998524  0.000038  -0.000457  0.000215  0.000000  0.000000  0.000000  2.000000  
76.768875 0.008113  0.091465  0.000089  0.982596  0.180443  -0.044098  -0.179151  0.983310  0.031711  0.049084  -0.023259  0.998524  0.000015  -0.000420  0.000233  0.000000  0.000000  0.000000  2.000000  
76.769876 0.008114  0.091465  0.000090  0.982596  0.180448  -0.044076  -0.179151  0.983307  0.031830  0.049084  -0.023380  0.998521  0.000068  -0.000338  0.000264  0.000000  0.000000  0.000000  2.000000  
76.771129 0.008113  0.091465  0.000090  0.982596  0.180448  -0.044076  -0.179151  0.983307  0.031830  0.049084  -0.023380  0.998521  0.000031  -0.000262  0.000267  0.000000  0.000000  0.000000  2.000000  
76.772378 0.008113  0.091465  0.000090  0.982596  0.180448  -0.044076  -0.179151  0.983307  0.031830  0.049084  -0.023380  0.998521  0.000014  -0.000211  0.000243  0.000000  0.000000  0.000000  2.000000  
76.773391 0.008113  0.091466  0.000090  0.982596  0.180448  -0.044076  -0.179151  0.983307  0.031830  0.049084  -0.023380  0.998521  0.000013  -0.000164  0.000185  0.000000  0.000000  0.000000  2.000000  
76.774625 0.008113  0.091465  0.000090  0.982596  0.180448  -0.044076  -0.179151  0.983307  0.031830  0.049084  -0.023380  0.998521  -0.000003  -0.000113  0.000161  0.000000  0.000000  0.000000  2.000000  
76.775626 0.008113  0.091466  0.000089  0.982596  0.180448  -0.044076  -0.179151  0.983307  0.031830  0.049084  -0.023380  0.998521  -0.000020  -0.000062  0.000137  0.000000  0.000000  0.000000  2.000000  
76.776871 0.008112  0.091466  0.000089  0.982596  0.180448  -0.044076  -0.179151  0.983307  0.031830  0.049084  -0.023380  0.998521  -0.000067  -0.000040  0.000091  0.000000  0.000000  0.000000  2.000000  
76.777873 0.008112  0.091466  0.000089  0.982596  0.180448  -0.044076  -0.179151  0.983307  0.031830  0.049084  -0.023380  0.998521  -0.000075  -0.000014  0.000079  0.000000  0.000000  0.000000  2.000000  
76.779128 0.008112  0.091466  0.000089  0.982590  0.180451  -0.044208  -0.179150  0.983306  0.031854  0.049218  -0.023380  0.998514  -0.000091  0.000037  0.000056  0.000000  0.000000  0.000000  2.000000  
76.780372 0.008111  0.091466  0.000089  0.982590  0.180451  -0.044208  -0.179150  0.983306  0.031854  0.049218  -0.023380  0.998514  -0.000129  0.000034  0.000021  0.000000  0.000000  0.000000  2.000000  
76.781385 0.008111  0.091466  0.000089  0.982590  0.180451  -0.044208  -0.179150  0.983306  0.031854  0.049218  -0.023380  0.998514  -0.000139  0.000060  0.000010  0.000000  0.000000  0.000000  2.000000  
76.782625 0.008111  0.091466  0.000088  0.982590  0.180451  -0.044208  -0.179150  0.983306  0.031854  0.049218  -0.023380  0.998514  -0.000146  0.000046  -0.000090  0.000000  0.000000  0.000000  2.000000  
76.783628 0.008111  0.091466  0.000088  0.982553  0.180654  -0.044201  -0.179352  0.983269  0.031863  0.049218  -0.023380  0.998514  -0.000157  0.000073  -0.000104  0.000000  0.000000  0.000000  2.000000  
76.784632 0.008110  0.091465  0.000087  0.982553  0.180654  -0.044201  -0.179352  0.983269  0.031863  0.049218  -0.023380  0.998514  -0.000219  0.000016  -0.000147  0.000000  0.000000  0.000000  2.000000  
76.785879 0.008110  0.091465  0.000087  0.982553  0.180654  -0.044201  -0.179352  0.983269  0.031863  0.049218  -0.023380  0.998514  -0.000236  -0.000018  -0.000203  0.000000  0.000000  0.000000  2.000000  
76.787129 0.008110  0.091464  0.000086  0.982553  0.180654  -0.044201  -0.179352  0.983269  0.031863  0.049218  -0.023380  0.998514  -0.000252  -0.000051  -0.000259  0.000000  0.000000  0.000000  2.000000  
76.788130 0.008109  0.091464  0.000086  0.982553  0.180654  -0.044201  -0.179352  0.983269  0.031863  0.049218  -0.023380  0.998514  -0.000276  -0.000106  -0.000269  0.000000  0.000000  0.000000  2.000000  
76.789383 0.008109  0.091464  0.000086  0.982553  0.180654  -0.044201  -0.179352  0.983269  0.031863  0.049218  -0.023380  0.998514  -0.000244  -0.000077  -0.000247  0.000000  0.000000  0.000000  2.000000  
76.790627 0.008109  0.091464  0.000086  0.982553  0.180654  -0.044201  -0.179352  0.983269  0.031863  0.049218  -0.023380  0.998514  -0.000221  -0.000107  -0.000269  0.000000  0.000000  0.000000  2.000000  
76.791873 0.008108  0.091463  0.000086  0.982553  0.180654  -0.044201  -0.179352  0.983269  0.031863  0.049218  -0.023380  0.998514  -0.000236  -0.000187  -0.000267  0.000000  0.000000  0.000000  2.000000  
76.793121 0.008108  0.091462  0.000085  0.982553  0.180654  -0.044201  -0.179352  0.983269  0.031863  0.049218  -0.023380  0.998514  -0.000263  -0.000212  -0.000284  0.000000  0.000000  0.000000  2.000000  
76.794125 0.008107  0.091462  0.000085  0.982553  0.180654  -0.044201  -0.179352  0.983269  0.031863  0.049218  -0.023380  0.998514  -0.000300  -0.000261  -0.000261  0.000000  0.000000  0.000000  2.000000  
76.795129 0.008107  0.091462  0.000086  0.982547  0.180657  -0.044333  -0.179351  0.983268  0.031887  0.049352  -0.023380  0.998508  -0.000258  -0.000288  -0.000219  0.000000  0.000000  0.000000  2.000000  
76.796377 0.008107  0.091461  0.000085  0.982547  0.180657  -0.044333  -0.179351  0.983268  0.031887  0.049352  -0.023380  0.998508  -0.000285  -0.000311  -0.000237  0.000000  0.000000  0.000000  2.000000  
76.797625 0.008106  0.091461  0.000085  0.982547  0.180657  -0.044333  -0.179351  0.983268  0.031887  0.049352  -0.023380  0.998508  -0.000291  -0.000331  -0.000192  0.000000  0.000000  0.000000  2.000000  
76.798628 0.008106  0.091461  0.000086  0.982547  0.180657  -0.044333  -0.179351  0.983268  0.031887  0.049352  -0.023380  0.998508  -0.000271  -0.000329  -0.000128  0.000000  0.000000  0.000000  2.000000  
76.799878 0.008106  0.091460  0.000085  0.982547  0.180657  -0.044333  -0.179351  0.983268  0.031887  0.049352  -0.023380  0.998508  -0.000263  -0.000355  -0.000116  0.000000  0.000000  0.000000  2.000000  
76.801129 0.008105  0.091459  0.000086  0.982547  0.180657  -0.044333  -0.179351  0.983268  0.031887  0.049352  -0.023380  0.998508  -0.000309  -0.000379  -0.000104  0.000000  0.000000  0.000000  2.000000  
76.802386 0.008105  0.091459  0.000086  0.982547  0.180657  -0.044333  -0.179351  0.983268  0.031887  0.049352  -0.023380  0.998508  -0.000295  -0.000361  -0.000002  0.000000  0.000000  0.000000  2.000000  
76.803388 0.008105  0.091459  0.000086  0.982547  0.180657  -0.044333  -0.179351  0.983268  0.031887  0.049352  -0.023380  0.998508  -0.000259  -0.000363  0.000031  0.000000  0.000000  0.000000  2.000000  
76.804625 0.008105  0.091459  0.000087  0.982547  0.180657  -0.044333  -0.179351  0.983268  0.031887  0.049352  -0.023380  0.998508  -0.000239  -0.000324  0.000086  0.000000  0.000000  0.000000  2.000000  
76.805626 0.008105  0.091458  0.000087  0.982510  0.180859  -0.044326  -0.179553  0.983231  0.031896  0.049352  -0.023380  0.998508  -0.000231  -0.000349  0.000097  0.000000  0.000000  0.000000  2.000000  
76.806871 0.008105  0.091458  0.000088  0.982510  0.180859  -0.044326  -0.179553  0.983231  0.031896  0.049352  -0.023380  0.998508  -0.000223  -0.000291  0.000140  0.000000  0.000000  0.000000  2.000000  
76.807873 0.008106  0.091458  0.000088  0.982510  0.180859  -0.044326  -0.179553  0.983231  0.031896  0.049352  -0.023380  0.998508  -0.000156  -0.000264  0.000199  0.000000  0.000000  0.000000  2.000000  
76.808875 0.008106  0.091458  0.000088  0.982503  0.180862  -0.044458  -0.179552  0.983230  0.031920  0.049485  -0.023380  0.998501  -0.000110  -0.000241  0.000187  0.000000  0.000000  0.000000  2.000000  
76.810127 0.008106  0.091458  0.000088  0.982503  0.180862  -0.044458  -0.179552  0.983230  0.031920  0.049485  -0.023380  0.998501  -0.000116  -0.000211  0.000172  0.000000  0.000000  0.000000  2.000000  
76.811128 0.008106  0.091459  0.000088  0.982503  0.180862  -0.044458  -0.179552  0.983230  0.031920  0.049485  -0.023380  0.998501  -0.000056  -0.000158  0.000219  0.000000  0.000000  0.000000  2.000000  
76.812128 0.008107  0.091459  0.000089  0.982503  0.180862  -0.044458  -0.179552  0.983230  0.031920  0.049485  -0.023380  0.998501  -0.000025  -0.000129  0.000241  0.000000  0.000000  0.000000  2.000000  
76.813129 0.008107  0.091460  0.000089  0.982503  0.180862  -0.044458  -0.179552  0.983230  0.031920  0.049485  -0.023380  0.998501  0.000044  -0.000051  0.000235  0.000000  0.000000  0.000000  2.000000  
76.814393 0.008107  0.091460  0.000089  0.982497  0.180865  -0.044589  -0.179551  0.983230  0.031944  0.049619  -0.023379  0.998495  0.000107  0.000006  0.000282  0.000000  0.000000  0.000000  2.000000  
76.815628 0.008108  0.091461  0.000090  0.982460  0.181068  -0.044582  -0.179753  0.983193  0.031954  0.049619  -0.023379  0.998495  0.000144  0.000055  0.000259  0.000000  0.000000  0.000000  2.000000  
76.816875 0.008109  0.091461  0.000090  0.982460  0.181068  -0.044582  -0.179753  0.983193  0.031954  0.049619  -0.023379  0.998495  0.000210  0.000131  0.000253  0.000000  0.000000  0.000000  2.000000  
76.818125 0.008109  0.091461  0.000090  0.982460  0.181068  -0.044582  -0.179753  0.983193  0.031954  0.049619  -0.023379  0.998495  0.000251  0.000182  0.000233  0.000000  0.000000  0.000000  2.000000  
76.819129 0.008110  0.091462  0.000090  0.982460  0.181068  -0.044582  -0.179753  0.983193  0.031954  0.049619  -0.023379  0.998495  0.000312  0.000201  0.000187  0.000000  0.000000  0.000000  2.000000  
