1-Time 2-Px 3-Py 4-Pz 5-R11 6-R21 7-R31 8-R12 9-R22 10-R32 11-R13 12-R23 13-R33 14-Vx 15-Vy 16-Vz 17-Wx 18-Wy 19-Wz 20-state 21-PR11 22-PR21 23-PR31 24-PR12 25-PR22 26-PR32 27-PR13 28-PR23 29-PR33 
127.911767 0.008054  0.093238  -0.008713  0.990709  0.133954  0.023495  -0.134408  0.990744  0.018967  -0.020737  -0.021948  0.999544  -0.000454  -0.000264  0.000233  0.000000  0.000000  0.000000  2.000000  
127.913006 0.008054  0.093237  -0.008712  0.990681  0.134158  0.023499  -0.134612  0.990717  0.018962  -0.020737  -0.021948  0.999544  -0.000414  -0.000261  0.000264  0.000000  0.000000  0.000000  2.000000  
127.914006 0.008054  0.093236  -0.008712  0.990595  0.134767  0.023644  -0.135224  0.990634  0.018929  -0.020871  -0.021948  0.999541  -0.000392  -0.000371  0.000202  0.000000  0.000000  0.000000  2.000000  
127.915007 0.008055  0.093235  -0.008713  0.990481  0.135579  0.023792  -0.136039  0.990523  0.018891  -0.021005  -0.021948  0.999538  -0.000296  -0.000428  0.000145  0.000000  0.000000  0.000000  2.000000  
127.916007 0.008055  0.093233  -0.008713  0.990391  0.136182  0.024085  -0.136650  0.990438  0.018960  -0.021272  -0.022069  0.999530  -0.000225  -0.000559  0.000123  0.000000  0.000000  0.000000  2.000000  
127.917260 0.008057  0.093230  -0.008713  0.990329  0.136584  0.024357  -0.137057  0.990383  0.018914  -0.021540  -0.022069  0.999524  -0.000044  -0.000670  0.000046  0.000000  0.000000  0.000000  2.000000  
127.918508 0.008060  0.093229  -0.008713  0.990219  0.137403  0.024241  -0.137873  0.990269  0.018912  -0.021406  -0.022069  0.999527  0.000155  -0.000750  0.000025  0.000000  0.000000  0.000000  2.000000  
127.919760 0.008062  0.093228  -0.008712  0.990050  0.138626  0.024148  -0.139096  0.990096  0.019021  -0.021272  -0.022191  0.999527  0.000363  -0.000772  0.000052  0.004386  -0.026444  0.179287  2.000000  
127.921008 0.008065  0.093228  -0.008713  0.989881  0.139849  0.024056  -0.140320  0.989921  0.019130  -0.021139  -0.022312  0.999528  0.000544  -0.000802  0.000011  0.007608  -0.022880  0.220885  2.000000  
127.922010 0.008067  0.093227  -0.008713  0.989736  0.140868  0.024076  -0.141338  0.989777  0.019105  -0.021139  -0.022312  0.999528  0.000720  -0.000853  0.000017  0.006888  -0.023652  0.255536  2.000000  
127.923014 0.008069  0.093226  -0.008714  0.989557  0.142084  0.024249  -0.142560  0.989600  0.019176  -0.021272  -0.022433  0.999522  0.000917  -0.000864  -0.000106  0.010220  -0.028923  0.289922  2.000000  
127.924262 0.008073  0.093227  -0.008714  0.989345  0.143504  0.024542  -0.143986  0.989395  0.019103  -0.021540  -0.022433  0.999516  0.001204  -0.000813  -0.000120  0.009161  -0.038987  0.338121  2.000000  
127.925508 0.008076  0.093228  -0.008712  0.989131  0.144921  0.024851  -0.145410  0.989186  0.019148  -0.021807  -0.022554  0.999508  0.001484  -0.000723  -0.000005  0.012167  -0.049086  0.386410  2.000000  
127.926510 0.008078  0.093228  -0.008711  0.988918  0.146340  0.025029  -0.146835  0.988974  0.019213  -0.021941  -0.022675  0.999502  0.001677  -0.000683  0.000141  0.015185  -0.054677  0.434648  2.000000  
127.927756 0.008081  0.093227  -0.008710  0.988644  0.148173  0.025064  -0.148667  0.988702  0.019167  -0.021941  -0.022675  0.999502  0.001823  -0.000722  0.000144  0.013829  -0.051575  0.497030  2.000000  
127.928761 0.008083  0.093225  -0.008710  0.988457  0.149391  0.025220  -0.149888  0.988518  0.019116  -0.022075  -0.022675  0.999499  0.001990  -0.000706  0.000158  0.012904  -0.056985  0.538315  2.000000  
127.929761 0.008085  0.093224  -0.008709  0.988274  0.150612  0.025130  -0.151109  0.988330  0.019224  -0.021941  -0.022796  0.999499  0.002046  -0.000713  0.000227  0.016278  -0.053298  0.572996  2.000000  
127.930768 0.008087  0.093223  -0.008708  0.988086  0.151832  0.025154  -0.152330  0.988143  0.019193  -0.021941  -0.022796  0.999499  0.002124  -0.000686  0.000355  0.015390  -0.054217  0.614377  2.000000  
127.931770 0.008088  0.093220  -0.008707  0.987894  0.153047  0.025328  -0.153550  0.987953  0.019262  -0.022075  -0.022918  0.999494  0.002129  -0.000733  0.000411  0.018532  -0.059670  0.655646  2.000000  
127.933008 0.008092  0.093216  -0.008706  0.987637  0.154671  0.025492  -0.155176  0.987700  0.019199  -0.022209  -0.022917  0.999491  0.002186  -0.000883  0.000473  0.017308  -0.065434  0.711167  2.000000  
127.934254 0.008096  0.093212  -0.008706  0.987345  0.156497  0.025659  -0.157005  0.987412  0.019131  -0.022343  -0.022917  0.999488  0.002311  -0.001076  0.000434  0.015922  -0.071340  0.773458  2.000000  
127.935257 0.008099  0.093209  -0.008706  0.987180  0.157511  0.025811  -0.158021  0.987251  0.019083  -0.022476  -0.022917  0.999485  0.002369  -0.001283  0.000412  0.015121  -0.076606  0.807877  2.000000  
127.936514 0.008102  0.093204  -0.008706  0.986948  0.158930  0.025971  -0.159443  0.987024  0.019025  -0.022610  -0.022917  0.999482  0.002443  -0.001508  0.000469  0.014017  -0.082189  0.856203  2.000000  
127.937755 0.008105  0.093198  -0.008707  0.986750  0.160149  0.025994  -0.160662  0.986827  0.018993  -0.022610  -0.022917  0.999482  0.002467  -0.001897  0.000423  0.013264  -0.082948  0.890601  2.000000  
127.938775 0.008108  0.093193  -0.008709  0.986551  0.161368  0.026018  -0.161881  0.986628  0.018961  -0.022610  -0.022917  0.999482  0.002455  -0.002297  0.000343  0.012358  -0.083831  0.931564  2.000000  
127.940009 0.008112  0.093186  -0.008711  0.986314  0.162787  0.026177  -0.163302  0.986395  0.018901  -0.022744  -0.022917  0.999479  0.002495  -0.002737  0.000182  0.011250  -0.089468  0.980481  2.000000  
127.941013 0.008114  0.093180  -0.008712  0.986145  0.163802  0.026196  -0.164317  0.986227  0.018874  -0.022744  -0.022917  0.999479  0.002465  -0.003222  -0.000051  0.010497  -0.090233  1.014945  2.000000  
127.942259 0.008116  0.093172  -0.008713  0.985939  0.165020  0.026331  -0.165534  0.986027  0.018700  -0.022878  -0.022796  0.999478  0.002452  -0.003708  -0.000236  0.005448  -0.095608  1.056490  2.000000  
127.943510 0.008119  0.093164  -0.008714  0.985768  0.166035  0.026351  -0.166549  0.985856  0.018673  -0.022878  -0.022796  0.999478  0.002453  -0.004113  -0.000282  0.005075  -0.091431  1.070521  2.000000  
127.944761 0.008122  0.093155  -0.008716  0.985593  0.167050  0.026481  -0.167563  0.985688  0.018504  -0.023011  -0.022675  0.999478  0.002449  -0.004615  -0.000454  0.000697  -0.090785  1.068782  2.000000  
127.946007 0.008123  0.093145  -0.008718  0.985417  0.168065  0.026612  -0.168577  0.985518  0.018335  -0.023145  -0.022553  0.999478  0.002389  -0.005163  -0.000719  -0.007894  -0.082684  1.084557  2.000000  
127.947011 0.008124  0.093138  -0.008719  0.985274  0.168877  0.026738  -0.169388  0.985382  0.018170  -0.023279  -0.022432  0.999477  0.002348  -0.005523  -0.000853  -0.012426  -0.082927  1.098406  2.000000  
127.948258 0.008126  0.093128  -0.008720  0.985167  0.169485  0.026861  -0.169996  0.985280  0.018012  -0.023413  -0.022311  0.999477  0.002212  -0.005915  -0.000953  -0.016348  -0.091699  1.091310  2.000000  
127.949506 0.008127  0.093118  -0.008721  0.985061  0.170097  0.026851  -0.170605  0.985177  0.017876  -0.023413  -0.022189  0.999480  0.002011  -0.006259  -0.001013  -0.023968  -0.095750  1.070632  2.000000  
127.950761 0.008128  0.093108  -0.008723  0.984956  0.170712  0.026821  -0.171213  0.985076  0.017620  -0.023413  -0.021947  0.999485  0.001864  -0.006604  -0.001133  -0.035659  -0.099701  1.049557  2.000000  
127.951771 0.008129  0.093101  -0.008723  0.984882  0.171118  0.026939  -0.171618  0.985009  0.017467  -0.023546  -0.021826  0.999484  0.001784  -0.006811  -0.001131  -0.039331  -0.103646  1.028427  2.000000  
127.953007 0.008130  0.093091  -0.008725  0.984776  0.171730  0.026929  -0.172226  0.984905  0.017330  -0.023546  -0.021704  0.999487  0.001601  -0.007013  -0.001107  -0.046721  -0.097929  0.999977  2.000000  
127.954010 0.008131  0.093084  -0.008726  0.984737  0.171936  0.027023  -0.172428  0.984874  0.017063  -0.023680  -0.021462  0.999489  0.001481  -0.007191  -0.001088  -0.054524  -0.093206  0.966816  2.000000  
127.955255 0.008131  0.093073  -0.008729  0.984663  0.172342  0.027140  -0.172833  0.984806  0.016909  -0.023814  -0.021341  0.999489  0.001232  -0.007435  -0.001209  -0.061727  -0.087374  0.931474  2.000000  
127.956262 0.008131  0.093064  -0.008732  0.984624  0.172549  0.027234  -0.173035  0.984775  0.016642  -0.023948  -0.021098  0.999491  0.001053  -0.007642  -0.001282  -0.073478  -0.086973  0.890699  2.000000  
127.957511 0.008129  0.093052  -0.008735  0.984550  0.172955  0.027351  -0.173440  0.984706  0.016488  -0.024081  -0.020977  0.999490  0.000826  -0.007896  -0.001476  -0.076492  -0.090349  0.842108  2.000000  
127.958512 0.008129  0.093044  -0.008738  0.984514  0.173161  0.027334  -0.173643  0.984673  0.016363  -0.024081  -0.020856  0.999492  0.000617  -0.008036  -0.001576  -0.079493  -0.084655  0.814766  2.000000  
127.959762 0.008127  0.093033  -0.008742  0.984475  0.173367  0.027427  -0.173845  0.984641  0.016095  -0.024215  -0.020613  0.999494  0.000372  -0.008159  -0.001754  -0.091097  -0.093090  0.765937  2.000000  
127.961006 0.008126  0.093023  -0.008746  0.984439  0.173573  0.027409  -0.174048  0.984608  0.015970  -0.024215  -0.020492  0.999497  0.000186  -0.008171  -0.001895  -0.094138  -0.087532  0.717890  2.000000  
127.962011 0.008124  0.093014  -0.008749  0.984404  0.173783  0.027370  -0.174250  0.984576  0.015725  -0.024215  -0.020249  0.999502  -0.000022  -0.008216  -0.002056  -0.105647  -0.086804  0.683803  2.000000  
127.963259 0.008122  0.093004  -0.008753  0.984365  0.173986  0.027484  -0.174452  0.984542  0.015577  -0.024349  -0.020128  0.999501  -0.000273  -0.008214  -0.002255  -0.108441  -0.085500  0.627907  2.000000  
127.964505 0.008120  0.092994  -0.008758  0.984325  0.174193  0.027577  -0.174654  0.984511  0.015309  -0.024483  -0.019885  0.999502  -0.000466  -0.008252  -0.002443  -0.114903  -0.083977  0.588381  2.000000  
127.965512 0.008118  0.092987  -0.008761  0.984286  0.174396  0.027690  -0.174857  0.984477  0.015161  -0.024616  -0.019764  0.999502  -0.000716  -0.008246  -0.002598  -0.119035  -0.083751  0.551762  2.000000  
127.966764 0.008115  0.092978  -0.008765  0.984250  0.174602  0.027672  -0.175059  0.984443  0.015035  -0.024616  -0.019643  0.999504  -0.000933  -0.008236  -0.002766  -0.122299  -0.078464  0.517140  2.000000  
127.968008 0.008113  0.092970  -0.008768  0.984211  0.174809  0.027765  -0.175261  0.984411  0.014767  -0.024750  -0.019400  0.999505  -0.001155  -0.008096  -0.002914  -0.129528  -0.082035  0.475662  2.000000  
127.969257 0.008111  0.092963  -0.008771  0.984175  0.175018  0.027725  -0.175464  0.984379  0.014523  -0.024750  -0.019158  0.999510  -0.001387  -0.007893  -0.002980  -0.135795  -0.076138  0.437651  2.000000  
127.970504 0.008108  0.092955  -0.008774  0.984139  0.175228  0.027686  -0.175666  0.984346  0.014278  -0.024750  -0.018915  0.999515  -0.001539  -0.007713  -0.002937  -0.142899  -0.075221  0.396481  2.000000  
127.971506 0.008105  0.092949  -0.008776  0.984099  0.175431  0.027799  -0.175868  0.984312  0.014130  -0.024884  -0.018794  0.999514  -0.001680  -0.007534  -0.002931  -0.146473  -0.079223  0.375794  2.000000  
127.972512 0.008102  0.092943  -0.008779  0.984063  0.175641  0.027759  -0.176071  0.984280  0.013885  -0.024884  -0.018552  0.999518  -0.001806  -0.007287  -0.002915  -0.150940  -0.074588  0.344379  2.000000  
127.973761 0.008100  0.092936  -0.008782  0.984023  0.175844  0.027872  -0.176273  0.984245  0.013737  -0.025018  -0.018430  0.999517  -0.001931  -0.006992  -0.002815  -0.150323  -0.073978  0.316729  2.000000  
127.974764 0.008098  0.092931  -0.008784  0.983987  0.176054  0.027832  -0.176476  0.984213  0.013492  -0.025018  -0.018188  0.999522  -0.001988  -0.006779  -0.002792  -0.157984  -0.069014  0.296056  2.000000  
127.976008 0.008096  0.092924  -0.008786  0.983947  0.176257  0.027946  -0.176678  0.984178  0.013343  -0.025151  -0.018067  0.999520  -0.002011  -0.006509  -0.002657  -0.157406  -0.068439  0.268493  2.000000  
127.977009 0.008093  0.092919  -0.008789  0.983908  0.176461  0.028058  -0.176880  0.984144  0.013195  -0.025285  -0.017945  0.999519  -0.002048  -0.006351  -0.002628  -0.155771  -0.072014  0.252440  2.000000  
127.978259 0.008092  0.092914  -0.008792  0.983871  0.176667  0.028040  -0.177082  0.984109  0.013069  -0.025285  -0.017824  0.999521  -0.002036  -0.006005  -0.002550  -0.156604  -0.067681  0.233929  2.000000  
127.979260 0.008090  0.092910  -0.008793  0.983835  0.176873  0.028021  -0.177285  0.984074  0.012944  -0.025285  -0.017703  0.999524  -0.002003  -0.005727  -0.002417  -0.156396  -0.067497  0.226962  2.000000  
127.980509 0.008089  0.092905  -0.008797  0.983795  0.177077  0.028134  -0.177487  0.984040  0.012795  -0.025419  -0.017581  0.999522  -0.001945  -0.005481  -0.002377  -0.152024  -0.071691  0.213092  2.000000  
127.981770 0.008087  0.092899  -0.008800  0.983758  0.177279  0.028136  -0.177689  0.984004  0.012790  -0.025419  -0.017581  0.999522  -0.001866  -0.005220  -0.002323  -0.146558  -0.066486  0.204546  2.000000  
127.983008 0.008086  0.092894  -0.008802  0.983718  0.177483  0.028249  -0.177891  0.983969  0.012641  -0.025553  -0.017460  0.999521  -0.001784  -0.005059  -0.002255  -0.143383  -0.071232  0.192350  2.000000  
127.984254 0.008086  0.092890  -0.008803  0.983642  0.177889  0.028364  -0.178295  0.983898  0.012486  -0.025687  -0.017339  0.999520  -0.001631  -0.004841  -0.002116  -0.142223  -0.070620  0.190768  2.000000  
127.985257 0.008086  0.092887  -0.008803  0.983642  0.177889  0.028364  -0.178295  0.983898  0.012486  -0.025687  -0.017339  0.999520  -0.001468  -0.004568  -0.001997  -0.135097  -0.066555  0.185537  2.000000  
127.986511 0.008086  0.092883  -0.008803  0.983602  0.178093  0.028477  -0.178497  0.983863  0.012337  -0.025820  -0.017218  0.999518  -0.001264  -0.004372  -0.001815  -0.135127  -0.066535  0.185552  2.000000  
127.987756 0.008086  0.092880  -0.008803  0.983561  0.178293  0.028611  -0.178699  0.983827  0.012307  -0.025954  -0.017218  0.999515  -0.001053  -0.004099  -0.001569  -0.129811  -0.065839  0.177151  2.000000  
127.988763 0.008086  0.092878  -0.008802  0.983561  0.178297  0.028589  -0.178699  0.983828  0.012188  -0.025954  -0.017096  0.999517  -0.000878  -0.003879  -0.001337  -0.126455  -0.066086  0.164787  2.000000  
127.990013 0.008087  0.092875  -0.008801  0.983521  0.178497  0.028723  -0.178901  0.983792  0.012158  -0.026088  -0.017096  0.999513  -0.000645  -0.003591  -0.001049  -0.118315  -0.066061  0.164783  2.000000  
127.991017 0.008088  0.092873  -0.008799  0.983484  0.178699  0.028726  -0.179104  0.983755  0.012152  -0.026088  -0.017096  0.999513  -0.000465  -0.003384  -0.000793  -0.114404  -0.066176  0.171689  2.000000  
127.992258 0.008089  0.092871  -0.008797  0.983481  0.178697  0.028858  -0.179103  0.983756  0.012128  -0.026222  -0.017096  0.999510  -0.000259  -0.003154  -0.000554  -0.110201  -0.066051  0.164815  2.000000  
127.993260 0.008091  0.092870  -0.008795  0.983481  0.178701  0.028836  -0.179103  0.983757  0.012009  -0.026222  -0.016975  0.999512  -0.000053  -0.002892  -0.000250  0.000000  0.000000  0.000000  2.000000  
127.994509 0.008092  0.092869  -0.008793  0.983440  0.178901  0.028970  -0.179305  0.983721  0.011979  -0.026355  -0.016975  0.999509  0.000160  -0.002642  0.000167  0.000000  0.000000  0.000000  2.000000  
127.995761 0.008094  0.092867  -0.008790  0.983440  0.178901  0.028970  -0.179305  0.983721  0.011979  -0.026355  -0.016975  0.999509  0.000386  -0.002398  0.000548  0.000000  0.000000  0.000000  2.000000  
127.996762 0.008095  0.092865  -0.008788  0.983437  0.178899  0.029101  -0.179304  0.983721  0.011955  -0.026489  -0.016975  0.999505  0.000504  -0.002235  0.000760  0.000000  0.000000  0.000000  2.000000  
127.998008 0.008096  0.092863  -0.008786  0.983397  0.179095  0.029257  -0.179506  0.983683  0.012044  -0.026623  -0.017096  0.999499  0.000626  -0.002060  0.001069  0.000000  0.000000  0.000000  2.000000  
127.999008 0.008097  0.092862  -0.008784  0.983397  0.179095  0.029257  -0.179506  0.983683  0.012044  -0.026623  -0.017096  0.999499  0.000703  -0.001912  0.001252  0.000000  0.000000  0.000000  2.000000  
128.000254 0.008097  0.092860  -0.008782  0.983393  0.179093  0.029389  -0.179505  0.983684  0.012020  -0.026757  -0.017096  0.999496  0.000725  -0.001840  0.001390  0.000000  0.000000  0.000000  2.000000  
128.001255 0.008097  0.092858  -0.008780  0.983390  0.179087  0.029542  -0.179505  0.983683  0.012115  -0.026890  -0.017217  0.999490  0.000770  -0.001722  0.001548  0.000000  0.000000  0.000000  2.000000  
128.002257 0.008098  0.092856  -0.008779  0.983390  0.179087  0.029542  -0.179505  0.983683  0.012115  -0.026890  -0.017217  0.999490  0.000766  -0.001663  0.001631  0.000000  0.000000  0.000000  2.000000  
128.003261 0.008099  0.092855  -0.008777  0.983390  0.179087  0.029542  -0.179505  0.983683  0.012115  -0.026890  -0.017217  0.999490  0.000810  -0.001581  0.001716  0.000000  0.000000  0.000000  2.000000  
128.004506 0.008099  0.092853  -0.008775  0.983386  0.179085  0.029674  -0.179504  0.983683  0.012091  -0.027024  -0.017217  0.999487  0.000803  -0.001521  0.001780  0.000000  0.000000  0.000000  2.000000  
128.005512 0.008099  0.092852  -0.008773  0.983382  0.179079  0.029827  -0.179503  0.983682  0.012187  -0.027158  -0.017338  0.999481  0.000741  -0.001495  0.001774  0.000000  0.000000  0.000000  2.000000  
128.006765 0.008099  0.092849  -0.008772  0.983382  0.179079  0.029827  -0.179503  0.983682  0.012187  -0.027158  -0.017338  0.999481  0.000659  -0.001523  0.001759  0.000000  0.000000  0.000000  2.000000  
128.008009 0.008098  0.092848  -0.008770  0.983379  0.179077  0.029958  -0.179503  0.983682  0.012163  -0.027292  -0.017338  0.999477  0.000558  -0.001500  0.001723  0.000000  0.000000  0.000000  2.000000  
128.009009 0.008099  0.092846  -0.008768  0.983379  0.179073  0.029980  -0.179503  0.983681  0.012282  -0.027292  -0.017459  0.999475  0.000475  -0.001527  0.001707  0.000000  0.000000  0.000000  2.000000  
128.010009 0.008098  0.092845  -0.008766  0.983379  0.179073  0.029980  -0.179503  0.983681  0.012282  -0.027292  -0.017459  0.999475  0.000340  -0.001532  0.001668  0.000000  0.000000  0.000000  2.000000  
128.011011 0.008097  0.092843  -0.008766  0.983375  0.179071  0.030112  -0.179502  0.983681  0.012258  -0.027425  -0.017459  0.999471  0.000221  -0.001562  0.001604  0.000000  0.000000  0.000000  2.000000  
128.012258 0.008096  0.092841  -0.008764  0.983412  0.178868  0.030109  -0.179300  0.983718  0.012264  -0.027425  -0.017459  0.999471  0.000046  -0.001591  0.001562  0.000000  0.000000  0.000000  2.000000  
128.013511 0.008095  0.092838  -0.008763  0.983412  0.178868  0.030109  -0.179300  0.983718  0.012264  -0.027425  -0.017459  0.999471  -0.000114  -0.001629  0.001464  0.000000  0.000000  0.000000  2.000000  
128.014762 0.008093  0.092835  -0.008762  0.983409  0.178863  0.030262  -0.179299  0.983717  0.012360  -0.027559  -0.017580  0.999466  -0.000257  -0.001691  0.001358  0.000000  0.000000  0.000000  2.000000  
128.016007 0.008091  0.092833  -0.008763  0.983409  0.178863  0.030262  -0.179299  0.983717  0.012360  -0.027559  -0.017580  0.999466  -0.000396  -0.001731  0.001208  0.000000  0.000000  0.000000  2.000000  
128.017260 0.008089  0.092829  -0.008763  0.983405  0.178860  0.030394  -0.179298  0.983717  0.012336  -0.027693  -0.017580  0.999462  -0.000557  -0.001824  0.001046  0.000000  0.000000  0.000000  2.000000  
128.018513 0.008088  0.092827  -0.008764  0.983405  0.178857  0.030416  -0.179298  0.983716  0.012455  -0.027693  -0.017702  0.999460  -0.000724  -0.001871  0.000827  0.000000  0.000000  0.000000  2.000000  
128.019755 0.008086  0.092824  -0.008765  0.983405  0.178857  0.030416  -0.179298  0.983716  0.012455  -0.027693  -0.017702  0.999460  -0.000819  -0.001934  0.000650  0.000000  0.000000  0.000000  2.000000  
128.020755 0.008085  0.092822  -0.008766  0.983405  0.178857  0.030416  -0.179298  0.983716  0.012455  -0.027693  -0.017702  0.999460  -0.000904  -0.001975  0.000496  0.000000  0.000000  0.000000  2.000000  
128.021770 0.008083  0.092819  -0.008767  0.983405  0.178853  0.030437  -0.179298  0.983714  0.012574  -0.027693  -0.017823  0.999458  -0.001044  -0.002049  0.000317  0.000000  0.000000  0.000000  2.000000  
128.023017 0.008081  0.092816  -0.008768  0.983401  0.178850  0.030569  -0.179298  0.983715  0.012550  -0.027827  -0.017823  0.999454  -0.001158  -0.002097  0.000094  0.000000  0.000000  0.000000  2.000000  
128.024263 0.008080  0.092813  -0.008770  0.983401  0.178850  0.030569  -0.179298  0.983715  0.012550  -0.027827  -0.017823  0.999454  -0.001250  -0.002174  -0.000156  0.000000  0.000000  0.000000  2.000000  
128.025509 0.008078  0.092811  -0.008771  0.983401  0.178847  0.030591  -0.179298  0.983713  0.012670  -0.027827  -0.017944  0.999452  -0.001344  -0.002253  -0.000405  0.000000  0.000000  0.000000  2.000000  
128.026511 0.008076  0.092808  -0.008772  0.983401  0.178847  0.030591  -0.179298  0.983713  0.012670  -0.027827  -0.017944  0.999452  -0.001389  -0.002291  -0.000530  0.000000  0.000000  0.000000  2.000000  
128.027762 0.008074  0.092805  -0.008774  0.983401  0.178847  0.030591  -0.179298  0.983713  0.012670  -0.027827  -0.017944  0.999452  -0.001450  -0.002291  -0.000674  0.000000  0.000000  0.000000  2.000000  
128.028763 0.008073  0.092804  -0.008774  0.983401  0.178847  0.030591  -0.179298  0.983713  0.012670  -0.027827  -0.017944  0.999452  -0.001463  -0.002264  -0.000825  0.000000  0.000000  0.000000  2.000000  
128.030008 0.008071  0.092801  -0.008775  0.983438  0.178644  0.030588  -0.179095  0.983750  0.012676  -0.027827  -0.017944  0.999452  -0.001479  -0.002231  -0.000842  0.000000  0.000000  0.000000  2.000000  
128.031262 0.008068  0.092799  -0.008776  0.983438  0.178644  0.030588  -0.179095  0.983750  0.012676  -0.027827  -0.017944  0.999452  -0.001518  -0.002196  -0.000923  0.000000  0.000000  0.000000  2.000000  
128.032264 0.008067  0.092797  -0.008777  0.983401  0.178847  0.030591  -0.179298  0.983713  0.012670  -0.027827  -0.017944  0.999452  -0.001496  -0.002142  -0.000912  0.000000  0.000000  0.000000  2.000000  
128.033511 0.008065  0.092795  -0.008778  0.983401  0.178843  0.030612  -0.179298  0.983712  0.012789  -0.027827  -0.018065  0.999450  -0.001520  -0.002086  -0.000938  0.000000  0.000000  0.000000  2.000000  
128.034768 0.008064  0.092794  -0.008779  0.983401  0.178843  0.030612  -0.179298  0.983712  0.012789  -0.027827  -0.018065  0.999450  -0.001509  -0.001988  -0.000941  0.000000  0.000000  0.000000  2.000000  
128.036004 0.008062  0.092793  -0.008779  0.983398  0.178841  0.030744  -0.179297  0.983712  0.012765  -0.027960  -0.018065  0.999446  -0.001486  -0.001876  -0.000891  0.000000  0.000000  0.000000  2.000000  
128.037011 0.008061  0.092792  -0.008780  0.983398  0.178841  0.030744  -0.179297  0.983712  0.012765  -0.027960  -0.018065  0.999446  -0.001444  -0.001748  -0.000873  0.000000  0.000000  0.000000  2.000000  
128.038260 0.008060  0.092792  -0.008781  0.983398  0.178841  0.030744  -0.179297  0.983712  0.012765  -0.027960  -0.018065  0.999446  -0.001400  -0.001589  -0.000813  0.000000  0.000000  0.000000  2.000000  
128.039266 0.008059  0.092791  -0.008782  0.983398  0.178841  0.030744  -0.179297  0.983712  0.012765  -0.027960  -0.018065  0.999446  -0.001346  -0.001478  -0.000782  0.000000  0.000000  0.000000  2.000000  
128.040512 0.008059  0.092790  -0.008782  0.983398  0.178841  0.030744  -0.179297  0.983712  0.012765  -0.027960  -0.018065  0.999446  -0.001271  -0.001345  -0.000740  0.000000  0.000000  0.000000  2.000000  
128.041772 0.008058  0.092790  -0.008784  0.983398  0.178841  0.030744  -0.179297  0.983712  0.012765  -0.027960  -0.018065  0.999446  -0.001191  -0.001188  -0.000743  0.000000  0.000000  0.000000  2.000000  
128.043009 0.008057  0.092789  -0.008784  0.983398  0.178841  0.030744  -0.179297  0.983712  0.012765  -0.027960  -0.018065  0.999446  -0.001120  -0.001090  -0.000700  0.000000  0.000000  0.000000  2.000000  
128.044009 0.008057  0.092789  -0.008784  0.983357  0.179041  0.030878  -0.179499  0.983676  0.012735  -0.028094  -0.018065  0.999442  -0.001037  -0.000982  -0.000648  0.000000  0.000000  0.000000  2.000000  
128.045259 0.008057  0.092789  -0.008785  0.983357  0.179041  0.030878  -0.179499  0.983676  0.012735  -0.028094  -0.018065  0.999442  -0.000882  -0.000759  -0.000599  0.000000  0.000000  0.000000  2.000000  
128.046511 0.008056  0.092789  -0.008785  0.983357  0.179041  0.030878  -0.179499  0.983676  0.012735  -0.028094  -0.018065  0.999442  -0.000763  -0.000601  -0.000572  0.000000  0.000000  0.000000  2.000000  
128.047756 0.008057  0.092790  -0.008785  0.983357  0.179041  0.030878  -0.179499  0.983676  0.012735  -0.028094  -0.018065  0.999442  -0.000615  -0.000403  -0.000479  0.000000  0.000000  0.000000  2.000000  
128.048759 0.008057  0.092791  -0.008784  0.983320  0.179243  0.030881  -0.179701  0.983639  0.012728  -0.028094  -0.018065  0.999442  -0.000500  -0.000298  -0.000403  0.000000  0.000000  0.000000  2.000000  
128.050008 0.008058  0.092792  -0.008784  0.983320  0.179243  0.030881  -0.179701  0.983639  0.012728  -0.028094  -0.018065  0.999442  -0.000363  -0.000108  -0.000318  0.000000  0.000000  0.000000  2.000000  
128.051255 0.008058  0.092793  -0.008784  0.983279  0.179443  0.031015  -0.179903  0.983602  0.012698  -0.028228  -0.018065  0.999438  -0.000248  -0.000006  -0.000332  0.000000  0.000000  0.000000  2.000000  
128.052257 0.008059  0.092794  -0.008784  0.983279  0.179447  0.030993  -0.179903  0.983604  0.012578  -0.028228  -0.017944  0.999440  -0.000135  0.000129  -0.000259  0.000000  0.000000  0.000000  2.000000  
128.053260 0.008059  0.092795  -0.008784  0.983279  0.179447  0.030993  -0.179903  0.983604  0.012578  -0.028228  -0.017944  0.999440  -0.000034  0.000272  -0.000154  0.000000  0.000000  0.000000  2.000000  
128.054507 0.008061  0.092797  -0.008783  0.983242  0.179650  0.030996  -0.180105  0.983567  0.012572  -0.028228  -0.017944  0.999440  0.000111  0.000430  -0.000058  0.000000  0.000000  0.000000  2.000000  
128.055513 0.008061  0.092798  -0.008783  0.983238  0.179647  0.031127  -0.180105  0.983567  0.012548  -0.028362  -0.017944  0.999437  0.000219  0.000517  -0.000032  0.000000  0.000000  0.000000  2.000000  
128.056761 0.008061  0.092799  -0.008783  0.983201  0.179850  0.031130  -0.180307  0.983530  0.012542  -0.028362  -0.017944  0.999437  0.000246  0.000617  0.000026  0.000000  0.000000  0.000000  2.000000  
128.057762 0.008062  0.092799  -0.008784  0.983201  0.179850  0.031130  -0.180307  0.983530  0.012542  -0.028362  -0.017944  0.999437  0.000347  0.000733  0.000043  0.000000  0.000000  0.000000  2.000000  
128.058771 0.008063  0.092801  -0.008783  0.983164  0.180052  0.031132  -0.180509  0.983493  0.012535  -0.028362  -0.017944  0.999437  0.000400  0.000813  0.000075  0.000000  0.000000  0.000000  2.000000  
128.060009 0.008064  0.092802  -0.008783  0.983161  0.180050  0.031264  -0.180509  0.983494  0.012511  -0.028495  -0.017944  0.999433  0.000476  0.000866  0.000081  0.000000  0.000000  0.000000  2.000000  
128.061260 0.008064  0.092803  -0.008784  0.983123  0.180252  0.031266  -0.180711  0.983457  0.012505  -0.028495  -0.017944  0.999433  0.000520  0.000891  0.000065  0.000000  0.000000  0.000000  2.000000  
128.062510 0.008064  0.092803  -0.008784  0.983123  0.180252  0.031266  -0.180711  0.983457  0.012505  -0.028495  -0.017944  0.999433  0.000520  0.000890  0.000065  0.000000  0.000000  0.000000  2.000000  
128.063512 0.008065  0.092804  -0.008784  0.983086  0.180455  0.031269  -0.180914  0.983420  0.012498  -0.028495  -0.017944  0.999433  0.000533  0.000887  0.000029  0.000000  0.000000  0.000000  2.000000  
128.064764 0.008066  0.092805  -0.008783  0.983086  0.180455  0.031269  -0.180914  0.983420  0.012498  -0.028495  -0.017944  0.999433  0.000542  0.000862  0.000039  0.000000  0.000000  0.000000  2.000000  
128.066007 0.008066  0.092805  -0.008783  0.983045  0.180655  0.031403  -0.181115  0.983383  0.012467  -0.028629  -0.017944  0.999429  0.000507  0.000812  0.000065  0.000000  0.000000  0.000000  2.000000  
128.067260 0.008066  0.092805  -0.008783  0.983045  0.180655  0.031403  -0.181115  0.983383  0.012467  -0.028629  -0.017944  0.999429  0.000463  0.000706  0.000043  0.000000  0.000000  0.000000  2.000000  
128.068513 0.008066  0.092805  -0.008783  0.983008  0.180857  0.031406  -0.181318  0.983346  0.012461  -0.028629  -0.017944  0.999429  0.000409  0.000625  0.000011  0.000000  0.000000  0.000000  2.000000  
128.069759 0.008066  0.092805  -0.008783  0.983008  0.180857  0.031406  -0.181318  0.983346  0.012461  -0.028629  -0.017944  0.999429  0.000338  0.000539  0.000015  0.000000  0.000000  0.000000  2.000000  
128.071007 0.008065  0.092804  -0.008784  0.982970  0.181060  0.031408  -0.181520  0.983308  0.012455  -0.028629  -0.017944  0.999429  0.000294  0.000434  -0.000006  0.000000  0.000000  0.000000  2.000000  
128.072009 0.008065  0.092804  -0.008784  0.982970  0.181060  0.031408  -0.181520  0.983308  0.012455  -0.028629  -0.017944  0.999429  0.000224  0.000307  -0.000049  0.000000  0.000000  0.000000  2.000000  
128.073013 0.008065  0.092804  -0.008784  0.982933  0.181262  0.031411  -0.181722  0.983271  0.012448  -0.028629  -0.017944  0.999429  0.000189  0.000258  -0.000023  0.000000  0.000000  0.000000  2.000000  
128.074262 0.008064  0.092803  -0.008784  0.982933  0.181262  0.031411  -0.181722  0.983271  0.012448  -0.028629  -0.017944  0.999429  0.000070  0.000099  -0.000051  0.000000  0.000000  0.000000  2.000000  
128.075513 0.008064  0.092802  -0.008785  0.982933  0.181262  0.031411  -0.181722  0.983271  0.012448  -0.028629  -0.017944  0.999429  0.000038  -0.000011  -0.000109  0.000000  0.000000  0.000000  2.000000  
128.076785 0.008064  0.092801  -0.008785  0.982896  0.181465  0.031413  -0.181925  0.983234  0.012442  -0.028629  -0.017944  0.999429  -0.000041  -0.000166  -0.000105  0.000000  0.000000  0.000000  2.000000  
128.078009 0.008064  0.092800  -0.008786  0.982896  0.181465  0.031413  -0.181925  0.983234  0.012442  -0.028629  -0.017944  0.999429  -0.000085  -0.000273  -0.000127  0.000000  0.000000  0.000000  2.000000  
128.079009 0.008064  0.092799  -0.008786  0.982896  0.181465  0.031413  -0.181925  0.983234  0.012442  -0.028629  -0.017944  0.999429  -0.000138  -0.000354  -0.000158  0.000000  0.000000  0.000000  2.000000  
128.080259 0.008063  0.092797  -0.008787  0.982896  0.181465  0.031413  -0.181925  0.983234  0.012442  -0.028629  -0.017944  0.999429  -0.000192  -0.000517  -0.000227  0.000000  0.000000  0.000000  2.000000  
128.081262 0.008063  0.092796  -0.008787  0.982896  0.181465  0.031413  -0.181925  0.983234  0.012442  -0.028629  -0.017944  0.999429  -0.000204  -0.000595  -0.000228  0.000000  0.000000  0.000000  2.000000  
128.082510 0.008063  0.092795  -0.008787  0.982896  0.181465  0.031413  -0.181925  0.983234  0.012442  -0.028629  -0.017944  0.999429  -0.000205  -0.000677  -0.000265  0.000000  0.000000  0.000000  2.000000  
128.083755 0.008062  0.092793  -0.008788  0.982896  0.181465  0.031413  -0.181925  0.983234  0.012442  -0.028629  -0.017944  0.999429  -0.000232  -0.000774  -0.000317  0.000000  0.000000  0.000000  2.000000  
128.085010 0.008062  0.092792  -0.008788  0.982896  0.181465  0.031413  -0.181925  0.983234  0.012442  -0.028629  -0.017944  0.999429  -0.000249  -0.000865  -0.000323  0.000000  0.000000  0.000000  2.000000  
128.086255 0.008062  0.092791  -0.008789  0.982896  0.181465  0.031413  -0.181925  0.983234  0.012442  -0.028629  -0.017944  0.999429  -0.000232  -0.000854  -0.000353  0.000000  0.000000  0.000000  2.000000  
128.087255 0.008062  0.092791  -0.008789  0.982896  0.181465  0.031413  -0.181925  0.983234  0.012442  -0.028629  -0.017944  0.999429  -0.000180  -0.000855  -0.000358  0.000000  0.000000  0.000000  2.000000  
128.088259 0.008063  0.092790  -0.008789  0.982896  0.181465  0.031413  -0.181925  0.983234  0.012442  -0.028629  -0.017944  0.999429  -0.000130  -0.000870  -0.000369  0.000000  0.000000  0.000000  2.000000  
128.089263 0.008062  0.092790  -0.008790  0.982896  0.181465  0.031413  -0.181925  0.983234  0.012442  -0.028629  -0.017944  0.999429  -0.000143  -0.000866  -0.000333  0.000000  0.000000  0.000000  2.000000  
128.090511 0.008063  0.092789  -0.008791  0.982933  0.181262  0.031411  -0.181722  0.983271  0.012448  -0.028629  -0.017944  0.999429  -0.000085  -0.000832  -0.000378  0.000000  0.000000  0.000000  2.000000  
128.091512 0.008063  0.092789  -0.008790  0.982933  0.181262  0.031411  -0.181722  0.983271  0.012448  -0.028629  -0.017944  0.999429  -0.000064  -0.000794  -0.000374  0.000000  0.000000  0.000000  2.000000  
128.092763 0.008063  0.092789  -0.008791  0.982933  0.181262  0.031411  -0.181722  0.983271  0.012448  -0.028629  -0.017944  0.999429  -0.000042  -0.000739  -0.000363  0.000000  0.000000  0.000000  2.000000  
128.094010 0.008063  0.092789  -0.008792  0.982933  0.181262  0.031411  -0.181722  0.983271  0.012448  -0.028629  -0.017944  0.999429  0.000015  -0.000637  -0.000377  0.000000  0.000000  0.000000  2.000000  
128.095259 0.008064  0.092789  -0.008792  0.982970  0.181060  0.031408  -0.181520  0.983308  0.012455  -0.028629  -0.017944  0.999429  0.000067  -0.000546  -0.000340  0.000000  0.000000  0.000000  2.000000  
128.096510 0.008064  0.092789  -0.008792  0.982970  0.181060  0.031408  -0.181520  0.983308  0.012455  -0.028629  -0.017944  0.999429  0.000103  -0.000424  -0.000334  0.000000  0.000000  0.000000  2.000000  
128.097756 0.008064  0.092789  -0.008793  0.982970  0.181060  0.031408  -0.181520  0.983308  0.012455  -0.028629  -0.017944  0.999429  0.000127  -0.000344  -0.000364  0.000000  0.000000  0.000000  2.000000  
128.098768 0.008065  0.092790  -0.008793  0.982970  0.181060  0.031408  -0.181520  0.983308  0.012455  -0.028629  -0.017944  0.999429  0.000173  -0.000243  -0.000348  0.000000  0.000000  0.000000  2.000000  
128.100008 0.008065  0.092790  -0.008794  0.983008  0.180857  0.031406  -0.181318  0.983346  0.012461  -0.028629  -0.017944  0.999429  0.000187  -0.000141  -0.000387  0.000000  0.000000  0.000000  2.000000  
128.101255 0.008065  0.092791  -0.008794  0.983012  0.180860  0.031274  -0.181318  0.983345  0.012485  -0.028495  -0.017944  0.999433  0.000212  -0.000009  -0.000346  0.000000  0.000000  0.000000  2.000000  
128.102256 0.008066  0.092792  -0.008794  0.983012  0.180860  0.031274  -0.181318  0.983345  0.012485  -0.028495  -0.017944  0.999433  0.000225  0.000070  -0.000345  0.000000  0.000000  0.000000  2.000000  
128.103505 0.008066  0.092793  -0.008794  0.983012  0.180860  0.031274  -0.181318  0.983345  0.012485  -0.028495  -0.017944  0.999433  0.000213  0.000174  -0.000314  0.000000  0.000000  0.000000  2.000000  
128.104507 0.008067  0.092793  -0.008794  0.983012  0.180860  0.031274  -0.181318  0.983345  0.012485  -0.028495  -0.017944  0.999433  0.000256  0.000278  -0.000292  0.000000  0.000000  0.000000  2.000000  
128.105508 0.008066  0.092794  -0.008795  0.983012  0.180860  0.031274  -0.181318  0.983345  0.012485  -0.028495  -0.017944  0.999433  0.000235  0.000306  -0.000267  0.000000  0.000000  0.000000  2.000000  
128.106513 0.008066  0.092795  -0.008795  0.983049  0.180657  0.031272  -0.181116  0.983382  0.012492  -0.028495  -0.017944  0.999433  0.000199  0.000391  -0.000266  0.000000  0.000000  0.000000  2.000000  
128.107762 0.008067  0.092795  -0.008795  0.983049  0.180657  0.031272  -0.181116  0.983382  0.012492  -0.028495  -0.017944  0.999433  0.000229  0.000433  -0.000286  0.000000  0.000000  0.000000  2.000000  
128.109010 0.008066  0.092796  -0.008796  0.983049  0.180657  0.031272  -0.181116  0.983382  0.012492  -0.028495  -0.017944  0.999433  0.000199  0.000485  -0.000271  0.000000  0.000000  0.000000  2.000000  
128.110260 0.008067  0.092797  -0.008795  0.983049  0.180657  0.031272  -0.181116  0.983382  0.012492  -0.028495  -0.017944  0.999433  0.000180  0.000522  -0.000249  0.000000  0.000000  0.000000  2.000000  
128.111510 0.008067  0.092797  -0.008796  0.983049  0.180657  0.031272  -0.181116  0.983382  0.012492  -0.028495  -0.017944  0.999433  0.000159  0.000551  -0.000223  0.000000  0.000000  0.000000  2.000000  
128.112762 0.008067  0.092797  -0.008796  0.983049  0.180657  0.031272  -0.181116  0.983382  0.012492  -0.028495  -0.017944  0.999433  0.000158  0.000551  -0.000223  0.000000  0.000000  0.000000  2.000000  
128.114009 0.008067  0.092797  -0.008796  0.983086  0.180455  0.031269  -0.180914  0.983420  0.012498  -0.028495  -0.017944  0.999433  0.000124  0.000502  -0.000198  0.000000  0.000000  0.000000  2.000000  
128.115254 0.008067  0.092798  -0.008796  0.983086  0.180455  0.031269  -0.180914  0.983420  0.012498  -0.028495  -0.017944  0.999433  0.000069  0.000494  -0.000190  0.000000  0.000000  0.000000  2.000000  
128.116261 0.008067  0.092798  -0.008796  0.983086  0.180455  0.031269  -0.180914  0.983420  0.012498  -0.028495  -0.017944  0.999433  0.000089  0.000452  -0.000172  0.000000  0.000000  0.000000  2.000000  
128.117505 0.008067  0.092798  -0.008796  0.983086  0.180455  0.031269  -0.180914  0.983420  0.012498  -0.028495  -0.017944  0.999433  0.000053  0.000396  -0.000145  0.000000  0.000000  0.000000  2.000000  
128.118517 0.008067  0.092798  -0.008796  0.983086  0.180455  0.031269  -0.180914  0.983420  0.012498  -0.028495  -0.017944  0.999433  0.000032  0.000349  -0.000158  0.000000  0.000000  0.000000  2.000000  
128.119755 0.008066  0.092797  -0.008797  0.983086  0.180455  0.031269  -0.180914  0.983420  0.012498  -0.028495  -0.017944  0.999433  -0.000016  0.000218  -0.000131  0.000000  0.000000  0.000000  2.000000  
128.120756 0.008066  0.092797  -0.008796  0.983086  0.180455  0.031269  -0.180914  0.983420  0.012498  -0.028495  -0.017944  0.999433  0.000002  0.000169  -0.000111  0.000000  0.000000  0.000000  2.000000  
128.121770 0.008066  0.092796  -0.008797  0.983086  0.180455  0.031269  -0.180914  0.983420  0.012498  -0.028495  -0.017944  0.999433  -0.000050  0.000089  -0.000142  0.000000  0.000000  0.000000  2.000000  
128.122779 0.008066  0.092796  -0.008797  0.983086  0.180455  0.031269  -0.180914  0.983420  0.012498  -0.028495  -0.017944  0.999433  -0.000037  0.000019  -0.000078  0.000000  0.000000  0.000000  2.000000  
128.124011 0.008065  0.092795  -0.008796  0.983086  0.180455  0.031269  -0.180914  0.983420  0.012498  -0.028495  -0.017944  0.999433  -0.000062  -0.000056  -0.000042  0.000000  0.000000  0.000000  2.000000  
128.125260 0.008065  0.092794  -0.008796  0.983086  0.180455  0.031269  -0.180914  0.983420  0.012498  -0.028495  -0.017944  0.999433  -0.000105  -0.000160  -0.000063  0.000000  0.000000  0.000000  2.000000  
128.126261 0.008065  0.092794  -0.008797  0.983086  0.180459  0.031247  -0.180914  0.983421  0.012379  -0.028495  -0.017822  0.999435  -0.000119  -0.000240  -0.000064  0.000000  0.000000  0.000000  2.000000  
128.127512 0.008065  0.092792  -0.008797  0.983123  0.180256  0.031245  -0.180711  0.983458  0.012385  -0.028495  -0.017822  0.999435  -0.000136  -0.000340  -0.000019  0.000000  0.000000  0.000000  2.000000  
128.128762 0.008064  0.092792  -0.008797  0.983123  0.180256  0.031245  -0.180711  0.983458  0.012385  -0.028495  -0.017822  0.999435  -0.000158  -0.000393  -0.000029  0.000000  0.000000  0.000000  2.000000  
128.130009 0.008064  0.092791  -0.008797  0.983086  0.180459  0.031247  -0.180914  0.983421  0.012379  -0.028495  -0.017822  0.999435  -0.000140  -0.000443  -0.000009  0.000000  0.000000  0.000000  2.000000  
