1-Time 2-Px 3-Py 4-Pz 5-R11 6-R21 7-R31 8-R12 9-R22 10-R32 11-R13 12-R23 13-R33 14-Vx 15-Vy 16-Vz 17-Wx 18-Wy 19-Wz 20-state 21-PR11 22-PR21 23-PR31 24-PR12 25-PR22 26-PR32 27-PR13 28-PR23 29-PR33 
74.804832 0.002552  0.090385  -0.008740  0.989155  0.146856  0.002341  -0.146870  0.989119  0.008481  -0.001070  -0.008733  0.999961  -0.000178  -0.000053  0.000182  0.000000  0.000000  0.000000  2.000000  
74.805839 0.002552  0.090385  -0.008740  0.989125  0.147059  0.002343  -0.147074  0.989089  0.008481  -0.001070  -0.008733  0.999961  -0.000169  -0.000058  0.000151  0.000000  0.000000  0.000000  2.000000  
74.807086 0.002552  0.090383  -0.008740  0.989003  0.147872  0.002500  -0.147888  0.988967  0.008579  -0.001204  -0.008855  0.999960  -0.000213  -0.000213  0.000052  0.000000  0.000000  0.000000  2.000000  
74.808090 0.002551  0.090380  -0.008741  0.988912  0.148483  0.002506  -0.148499  0.988875  0.008578  -0.001204  -0.008855  0.999960  -0.000262  -0.000388  -0.000002  0.000000  0.000000  0.000000  2.000000  
74.809337 0.002551  0.090377  -0.008741  0.988820  0.149091  0.002776  -0.149110  0.988784  0.008536  -0.001472  -0.008855  0.999960  -0.000218  -0.000554  -0.000032  0.000000  0.000000  0.000000  2.000000  
74.810347 0.002551  0.090375  -0.008742  0.988758  0.149498  0.002797  -0.149517  0.988721  0.008655  -0.001472  -0.008976  0.999959  -0.000232  -0.000736  -0.000058  0.000000  0.000000  0.000000  2.000000  
74.811588 0.002550  0.090372  -0.008742  0.988635  0.150313  0.002672  -0.150331  0.988598  0.008673  -0.001338  -0.008976  0.999959  -0.000243  -0.000909  -0.000083  0.000000  0.000000  0.000000  2.000000  
74.812835 0.002551  0.090371  -0.008741  0.988449  0.151537  0.002418  -0.151552  0.988411  0.008710  -0.001070  -0.008976  0.999959  -0.000173  -0.001002  -0.000015  0.000000  0.000000  0.000000  2.000000  
74.813835 0.002551  0.090369  -0.008741  0.988292  0.152555  0.002314  -0.152570  0.988253  0.008848  -0.000937  -0.009097  0.999958  -0.000168  -0.001102  -0.000040  0.012035  0.002769  0.193759  2.000000  
74.815081 0.002551  0.090367  -0.008743  0.988103  0.153776  0.002324  -0.153790  0.988064  0.008845  -0.000937  -0.009097  0.999958  -0.000148  -0.001262  -0.000179  0.011896  0.002380  0.233353  2.000000  
74.816088 0.002552  0.090366  -0.008745  0.987912  0.154996  0.002354  -0.155011  0.987872  0.008962  -0.000937  -0.009218  0.999957  -0.000113  -0.001348  -0.000318  0.016032  0.002013  0.276847  2.000000  
74.817332 0.002552  0.090365  -0.008746  0.987688  0.156419  0.002367  -0.156434  0.987648  0.008958  -0.000937  -0.009218  0.999957  -0.000046  -0.001387  -0.000431  0.015849  0.001565  0.322560  2.000000  
74.818345 0.002553  0.090364  -0.008746  0.987526  0.157434  0.002528  -0.157451  0.987485  0.009055  -0.001070  -0.009340  0.999956  0.000030  -0.001404  -0.000379  0.019990  -0.003250  0.359636  2.000000  
74.819583 0.002554  0.090363  -0.008745  0.987266  0.159060  0.002542  -0.159077  0.987225  0.009051  -0.001070  -0.009340  0.999956  0.000105  -0.001477  -0.000356  0.019941  -0.003752  0.415185  2.000000  
74.820586 0.002554  0.090361  -0.008746  0.987068  0.160281  0.002422  -0.160297  0.987027  0.009069  -0.000937  -0.009340  0.999956  0.000107  -0.001654  -0.000416  0.019922  0.000370  0.456611  2.000000  
74.821831 0.002554  0.090357  -0.008747  0.986837  0.161704  0.002303  -0.161719  0.986795  0.009087  -0.000803  -0.009340  0.999956  0.000131  -0.001752  -0.000459  0.019911  0.004429  0.505172  2.000000  
74.822839 0.002554  0.090354  -0.008747  0.986636  0.162924  0.002202  -0.162938  0.986593  0.009226  -0.000669  -0.009461  0.999955  0.000241  -0.001751  -0.000388  0.023980  0.008516  0.546619  2.000000  
74.824087 0.002555  0.090351  -0.008745  0.986400  0.164346  0.002215  -0.164359  0.986357  0.009222  -0.000669  -0.009461  0.999955  0.000278  -0.001813  -0.000260  0.023947  0.008078  0.595259  2.000000  
74.825349 0.002556  0.090345  -0.008745  0.986162  0.165767  0.002228  -0.165781  0.986120  0.009219  -0.000669  -0.009461  0.999955  0.000384  -0.001977  -0.000198  0.023886  0.007631  0.643210  2.000000  
74.826586 0.002559  0.090339  -0.008744  0.985888  0.167391  0.002264  -0.167405  0.985844  0.009335  -0.000669  -0.009582  0.999954  0.000588  -0.002211  -0.000169  0.027925  0.007089  0.698851  2.000000  
74.827836 0.002563  0.090333  -0.008744  0.985611  0.169013  0.002411  -0.169028  0.985567  0.009309  -0.000803  -0.009582  0.999954  0.000824  -0.002521  -0.000180  0.027826  0.002086  0.754147  2.000000  
74.829086 0.002566  0.090327  -0.008744  0.985401  0.170231  0.002291  -0.170246  0.985358  0.009329  -0.000669  -0.009582  0.999954  0.000998  -0.002793  -0.000161  0.027840  0.006202  0.795704  2.000000  
74.830341 0.002569  0.090320  -0.008744  0.985190  0.171448  0.002302  -0.171463  0.985146  0.009326  -0.000669  -0.009582  0.999954  0.001214  -0.003145  -0.000028  0.027801  0.005821  0.837103  2.000000  
74.831585 0.002573  0.090311  -0.008745  0.985013  0.172462  0.002312  -0.172477  0.984969  0.009323  -0.000669  -0.009582  0.999954  0.001440  -0.003574  0.000036  0.027774  0.005505  0.871794  2.000000  
74.832587 0.002577  0.090304  -0.008746  0.984871  0.173273  0.002319  -0.173288  0.984827  0.009321  -0.000669  -0.009582  0.999954  0.001597  -0.004104  -0.000011  0.027748  0.005251  0.899406  2.000000  
74.833833 0.002580  0.090295  -0.008746  0.984656  0.174489  0.002441  -0.174504  0.984614  0.009176  -0.000803  -0.009461  0.999955  0.001750  -0.004578  -0.000097  0.023577  0.000432  0.941038  2.000000  
74.835088 0.002583  0.090286  -0.008746  0.984476  0.175502  0.002451  -0.175518  0.984434  0.009173  -0.000803  -0.009461  0.999955  0.001969  -0.005093  -0.000062  0.023554  0.000118  0.976045  2.000000  
74.836337 0.002585  0.090276  -0.008747  0.984367  0.176109  0.002567  -0.176126  0.984326  0.009029  -0.000937  -0.009340  0.999956  0.002078  -0.005559  -0.000040  0.019243  -0.004347  0.974742  2.000000  
74.837586 0.002587  0.090266  -0.008748  0.984222  0.176919  0.002706  -0.176936  0.984181  0.009003  -0.001070  -0.009340  0.999956  0.002170  -0.005951  -0.000042  0.015072  -0.004343  0.967629  2.000000  
74.838833 0.002588  0.090255  -0.008748  0.984112  0.177526  0.002822  -0.177544  0.984073  0.008858  -0.001204  -0.009218  0.999957  0.002225  -0.006421  -0.000145  0.010900  -0.004285  0.967688  2.000000  
74.839838 0.002588  0.090246  -0.008748  0.984002  0.178134  0.002806  -0.178152  0.983964  0.008737  -0.001204  -0.009097  0.999958  0.002179  -0.006807  -0.000256  0.002771  0.000177  0.975648  2.000000  
74.841091 0.002589  0.090235  -0.008749  0.983892  0.178740  0.002943  -0.178759  0.983854  0.008711  -0.001338  -0.009097  0.999958  0.002082  -0.007068  -0.000286  0.002674  -0.004347  0.974657  2.000000  
74.842349 0.002588  0.090224  -0.008749  0.983818  0.179144  0.003056  -0.179164  0.983782  0.008567  -0.001472  -0.008976  0.999959  0.001780  -0.007470  -0.000360  -0.001268  -0.017496  0.947540  2.000000  
74.843586 0.002587  0.090213  -0.008751  0.983707  0.179752  0.003040  -0.179772  0.983672  0.008446  -0.001472  -0.008855  0.999960  0.001438  -0.007826  -0.000475  -0.009270  -0.026311  0.927076  2.000000  
74.844836 0.002584  0.090202  -0.008751  0.983633  0.180158  0.003021  -0.180177  0.983599  0.008325  -0.001472  -0.008733  0.999961  0.001059  -0.008058  -0.000501  -0.013312  -0.026004  0.899269  2.000000  
74.846085 0.002581  0.090190  -0.008751  0.983559  0.180562  0.003134  -0.180582  0.983526  0.008180  -0.001606  -0.008612  0.999962  0.000646  -0.008267  -0.000428  -0.021316  -0.030009  0.864508  2.000000  
74.847338 0.002577  0.090178  -0.008752  0.983484  0.180967  0.003116  -0.180987  0.983452  0.008060  -0.001606  -0.008491  0.999963  0.000026  -0.008520  -0.000446  -0.025513  -0.029833  0.830024  2.000000  
74.848583 0.002572  0.090166  -0.008754  0.983409  0.181371  0.003229  -0.181392  0.983379  0.007915  -0.001739  -0.008369  0.999963  -0.000526  -0.008771  -0.000573  -0.033737  -0.029534  0.795645  2.000000  
74.849585 0.002566  0.090155  -0.008757  0.983372  0.181573  0.003340  -0.181594  0.983343  0.007771  -0.001873  -0.008248  0.999964  -0.001105  -0.008993  -0.000688  -0.037764  -0.038175  0.760925  2.000000  
74.850831 0.002557  0.090141  -0.008761  0.983297  0.181978  0.003430  -0.181999  0.983270  0.007507  -0.002007  -0.008006  0.999966  -0.001779  -0.009250  -0.000960  -0.045547  -0.041988  0.727120  2.000000  
74.851831 0.002551  0.090131  -0.008763  0.983222  0.182383  0.003411  -0.182404  0.983196  0.007386  -0.002007  -0.007884  0.999967  -0.002356  -0.009399  -0.001065  -0.053985  -0.046537  0.698562  2.000000  
74.852833 0.002543  0.090120  -0.008767  0.983184  0.182586  0.003391  -0.182606  0.983159  0.007266  -0.002007  -0.007763  0.999968  -0.002976  -0.009561  -0.001252  -0.057505  -0.050339  0.665371  2.000000  
74.854084 0.002533  0.090108  -0.008771  0.983109  0.182990  0.003503  -0.183011  0.983085  0.007121  -0.002141  -0.007642  0.999969  -0.003653  -0.009661  -0.001476  -0.061540  -0.054460  0.630956  2.000000  
74.855086 0.002525  0.090098  -0.008775  0.983071  0.183193  0.003482  -0.183213  0.983048  0.007001  -0.002141  -0.007520  0.999969  -0.004209  -0.009724  -0.001755  -0.066098  -0.054545  0.594937  2.000000  
74.856091 0.002516  0.090088  -0.008779  0.983033  0.183396  0.003462  -0.183416  0.983011  0.006881  -0.002141  -0.007399  0.999970  -0.004909  -0.009825  -0.002047  -0.069567  -0.053834  0.562629  2.000000  
74.857339 0.002504  0.090075  -0.008785  0.982919  0.184002  0.003575  -0.184023  0.982899  0.006735  -0.002275  -0.007278  0.999971  -0.005610  -0.009937  -0.002385  -0.077642  -0.053517  0.528029  2.000000  
74.858347 0.002494  0.090065  -0.008790  0.982881  0.184204  0.003685  -0.184225  0.982862  0.006590  -0.002408  -0.007156  0.999971  -0.006257  -0.010003  -0.002636  -0.082293  -0.058052  0.490626  2.000000  
74.859586 0.002482  0.090053  -0.008795  0.982805  0.184609  0.003666  -0.184630  0.982787  0.006470  -0.002408  -0.007035  0.999972  -0.006927  -0.010054  -0.002955  -0.086343  -0.062373  0.470057  2.000000  
74.860836 0.002469  0.090041  -0.008801  0.982767  0.184811  0.003776  -0.184832  0.982750  0.006325  -0.002542  -0.006914  0.999973  -0.007605  -0.010106  -0.003372  -0.090413  -0.066568  0.435502  2.000000  
74.862086 0.002456  0.090030  -0.008806  0.982691  0.185217  0.003734  -0.185237  0.982675  0.006085  -0.002542  -0.006671  0.999975  -0.008187  -0.010050  -0.003641  -0.098524  -0.066339  0.414699  2.000000  
74.863090 0.002446  0.090021  -0.008811  0.982652  0.185419  0.003713  -0.185439  0.982638  0.005965  -0.002542  -0.006550  0.999975  -0.008590  -0.009963  -0.003871  -0.102563  -0.061581  0.386983  2.000000  
74.864339 0.002433  0.090010  -0.008817  0.982576  0.185824  0.003801  -0.185844  0.982563  0.005700  -0.002676  -0.006307  0.999977  -0.009004  -0.009853  -0.004111  -0.105788  -0.065371  0.370134  2.000000  
74.865346 0.002422  0.090001  -0.008823  0.982537  0.186027  0.003780  -0.186046  0.982525  0.005580  -0.002676  -0.006186  0.999977  -0.009283  -0.009737  -0.004297  -0.109794  -0.065233  0.356366  2.000000  
74.866347 0.002412  0.089991  -0.008829  0.982499  0.186229  0.003890  -0.186248  0.982488  0.005435  -0.002810  -0.006065  0.999978  -0.009504  -0.009631  -0.004526  -0.110661  -0.065539  0.338409  2.000000  
74.867586 0.002400  0.089981  -0.008836  0.982460  0.186431  0.003977  -0.186450  0.982451  0.005171  -0.002944  -0.005822  0.999979  -0.009660  -0.009494  -0.004683  -0.117901  -0.064883  0.322052  2.000000  
74.868586 0.002391  0.089973  -0.008842  0.982421  0.186633  0.004087  -0.186652  0.982413  0.005026  -0.003077  -0.005701  0.999979  -0.009781  -0.009343  -0.004869  -0.118891  -0.065277  0.310886  2.000000  
74.869833 0.002380  0.089963  -0.008848  0.982382  0.186835  0.004197  -0.186855  0.982375  0.004881  -0.003211  -0.005580  0.999979  -0.009819  -0.009206  -0.004964  -0.117926  -0.069075  0.294636  2.000000  
74.871087 0.002370  0.089953  -0.008855  0.982344  0.187038  0.004175  -0.187057  0.982338  0.004761  -0.003211  -0.005458  0.999980  -0.009707  -0.008999  -0.005104  -0.121955  -0.064495  0.280937  2.000000  
74.872088 0.002363  0.089946  -0.008862  0.982305  0.187240  0.004285  -0.187259  0.982300  0.004616  -0.003345  -0.005337  0.999980  -0.009585  -0.008787  -0.005212  -0.123027  -0.064967  0.276444  2.000000  
74.873090 0.002355  0.089938  -0.008868  0.982304  0.187239  0.004417  -0.187259  0.982300  0.004591  -0.003479  -0.005337  0.999980  -0.009438  -0.008628  -0.005305  -0.118885  -0.069323  0.262467  2.000000  
74.874355 0.002346  0.089928  -0.008876  0.982265  0.187441  0.004526  -0.187461  0.982262  0.004446  -0.003613  -0.005216  0.999980  -0.009224  -0.008485  -0.005480  -0.118811  -0.073694  0.255363  2.000000  
74.875611 0.002337  0.089919  -0.008883  0.982265  0.187440  0.004658  -0.187461  0.982262  0.004421  -0.003746  -0.005216  0.999979  -0.008936  -0.008296  -0.005560  -0.114693  -0.073521  0.234576  2.000000  
74.876836 0.002329  0.089910  -0.008890  0.982225  0.187642  0.004899  -0.187663  0.982224  0.004251  -0.004014  -0.005094  0.999979  -0.008614  -0.008126  -0.005657  -0.114799  -0.082500  0.227797  2.000000  
74.877836 0.002323  0.089904  -0.008895  0.982225  0.187641  0.005030  -0.187663  0.982224  0.004226  -0.004148  -0.005094  0.999978  -0.008340  -0.007984  -0.005652  -0.109817  -0.081758  0.219056  2.000000  
74.878837 0.002317  0.089897  -0.008899  0.982224  0.187641  0.005161  -0.187663  0.982225  0.004200  -0.004282  -0.005094  0.999978  -0.008032  -0.007812  -0.005625  -0.106646  -0.082337  0.207056  2.000000  
74.880086 0.002310  0.089889  -0.008904  0.982223  0.187640  0.005402  -0.187662  0.982225  0.004031  -0.004549  -0.004973  0.999977  -0.007676  -0.007584  -0.005467  -0.106687  -0.091291  0.200153  2.000000  
74.881086 0.002304  0.089883  -0.008908  0.982222  0.187639  0.005533  -0.187662  0.982225  0.004006  -0.004683  -0.004973  0.999977  -0.007318  -0.007334  -0.005340  -0.102555  -0.091159  0.186253  2.000000  
74.882350 0.002298  0.089876  -0.008912  0.982221  0.187638  0.005796  -0.187662  0.982226  0.003956  -0.004951  -0.004973  0.999975  -0.006944  -0.007065  -0.005143  -0.098410  -0.100008  0.172283  2.000000  
74.883585 0.002292  0.089870  -0.008916  0.982221  0.187638  0.005904  -0.187662  0.982226  0.003812  -0.005084  -0.004852  0.999975  -0.006594  -0.006826  -0.004943  0.000000  0.000000  0.000000  2.000000  
74.884586 0.002287  0.089865  -0.008918  0.982219  0.187637  0.006167  -0.187662  0.982227  0.003761  -0.005352  -0.004852  0.999974  -0.006312  -0.006600  -0.004739  0.000000  0.000000  0.000000  2.000000  
74.885589 0.002283  0.089861  -0.008920  0.982218  0.187636  0.006299  -0.187662  0.982227  0.003736  -0.005486  -0.004852  0.999973  -0.006069  -0.006356  -0.004458  0.000000  0.000000  0.000000  2.000000  
74.886833 0.002278  0.089856  -0.008922  0.982256  0.187433  0.006561  -0.187459  0.982265  0.003687  -0.005753  -0.004852  0.999972  -0.005782  -0.006063  -0.004109  0.000000  0.000000  0.000000  2.000000  
74.887833 0.002273  0.089852  -0.008924  0.982254  0.187431  0.006824  -0.187459  0.982266  0.003637  -0.006021  -0.004852  0.999970  -0.005621  -0.005824  -0.003836  0.000000  0.000000  0.000000  2.000000  
74.889092 0.002267  0.089847  -0.008927  0.982252  0.187429  0.007109  -0.187458  0.982266  0.003706  -0.006288  -0.004973  0.999968  -0.005331  -0.005473  -0.003457  0.000000  0.000000  0.000000  2.000000  
74.890349 0.002261  0.089842  -0.008929  0.982251  0.187428  0.007372  -0.187458  0.982266  0.003656  -0.006556  -0.004973  0.999966  -0.005165  -0.005262  -0.003183  0.000000  0.000000  0.000000  2.000000  
74.891586 0.002254  0.089836  -0.008932  0.982210  0.187629  0.007636  -0.187660  0.982227  0.003604  -0.006824  -0.004973  0.999964  -0.005079  -0.005019  -0.002891  0.000000  0.000000  0.000000  2.000000  
74.892586 0.002249  0.089832  -0.008934  0.982209  0.187627  0.007921  -0.187660  0.982227  0.003673  -0.007091  -0.005094  0.999962  -0.005033  -0.004835  -0.002660  0.000000  0.000000  0.000000  2.000000  
74.893836 0.002242  0.089827  -0.008937  0.982207  0.187625  0.008184  -0.187659  0.982227  0.003623  -0.007359  -0.005094  0.999960  -0.004984  -0.004668  -0.002478  0.000000  0.000000  0.000000  2.000000  
74.894836 0.002236  0.089823  -0.008938  0.982206  0.187623  0.008338  -0.187659  0.982227  0.003717  -0.007493  -0.005216  0.999958  -0.005003  -0.004510  -0.002341  0.000000  0.000000  0.000000  2.000000  
74.896086 0.002230  0.089819  -0.008941  0.982204  0.187622  0.008601  -0.187659  0.982227  0.003667  -0.007760  -0.005216  0.999956  -0.004960  -0.004301  -0.002165  0.000000  0.000000  0.000000  2.000000  
74.897338 0.002223  0.089814  -0.008943  0.982202  0.187620  0.008887  -0.187658  0.982227  0.003736  -0.008028  -0.005337  0.999954  -0.005001  -0.004175  -0.002083  0.000000  0.000000  0.000000  2.000000  
74.898345 0.002217  0.089810  -0.008946  0.982200  0.187618  0.009041  -0.187658  0.982227  0.003830  -0.008162  -0.005458  0.999952  -0.005104  -0.004112  -0.002065  0.000000  0.000000  0.000000  2.000000  
74.899584 0.002209  0.089805  -0.008950  0.982198  0.187616  0.009304  -0.187658  0.982227  0.003780  -0.008429  -0.005458  0.999950  -0.005234  -0.004030  -0.002150  -0.004201  -0.178554  0.026465  2.000000  
74.900584 0.002203  0.089801  -0.008953  0.982197  0.187615  0.009458  -0.187658  0.982227  0.003874  -0.008563  -0.005579  0.999948  -0.005342  -0.004059  -0.002227  0.003955  -0.180008  0.019766  2.000000  
74.901586 0.002196  0.089797  -0.008956  0.982157  0.187816  0.009590  -0.187860  0.982188  0.003846  -0.008697  -0.005579  0.999947  -0.005512  -0.004029  -0.002296  0.008028  -0.179978  0.019774  2.000000  
74.902833 0.002188  0.089791  -0.008961  0.982156  0.187814  0.009744  -0.187859  0.982188  0.003940  -0.008831  -0.005701  0.999945  -0.005615  -0.004047  -0.002435  0.012005  -0.178546  0.019606  2.000000  
74.904084 0.002180  0.089786  -0.008965  0.982155  0.187813  0.009876  -0.187859  0.982188  0.003915  -0.008964  -0.005701  0.999944  -0.005813  -0.004078  -0.002535  0.016089  -0.178493  0.012752  2.000000  
74.905086 0.002173  0.089781  -0.008969  0.982193  0.187610  0.010006  -0.187657  0.982227  0.003892  -0.009098  -0.005701  0.999942  -0.005945  -0.004112  -0.002673  0.016130  -0.178448  0.005889  2.000000  
74.906090 0.002166  0.089776  -0.008973  0.982191  0.187608  0.010160  -0.187656  0.982227  0.003986  -0.009232  -0.005822  0.999940  -0.006064  -0.004148  -0.002846  0.020388  -0.179909  -0.000993  2.000000  
74.907093 0.002159  0.089771  -0.008978  0.982190  0.187608  0.010292  -0.187656  0.982227  0.003961  -0.009366  -0.005822  0.999939  -0.006209  -0.004250  -0.003010  0.024459  -0.179862  -0.000982  2.000000  
74.908340 0.002150  0.089763  -0.008984  0.982189  0.187606  0.010446  -0.187656  0.982226  0.004055  -0.009500  -0.005943  0.999937  -0.006360  -0.004370  -0.003284  0.028303  -0.178397  -0.000985  2.000000  
74.909586 0.002140  0.089756  -0.008991  0.982189  0.187606  0.010446  -0.187656  0.982226  0.004055  -0.009500  -0.005943  0.999937  -0.006517  -0.004568  -0.003594  0.032618  -0.170900  -0.000933  2.000000  
74.910837 0.002131  0.089748  -0.008998  0.982188  0.187604  0.010600  -0.187656  0.982226  0.004149  -0.009633  -0.006065  0.999935  -0.006671  -0.004764  -0.003903  0.036694  -0.166401  -0.000918  2.000000  
74.912086 0.002122  0.089741  -0.009006  0.982226  0.187401  0.010599  -0.187454  0.982265  0.004151  -0.009633  -0.006065  0.999935  -0.006815  -0.004964  -0.004248  0.000000  0.000000  0.000000  2.000000  
74.913088 0.002114  0.089734  -0.009012  0.982226  0.187400  0.010622  -0.187454  0.982264  0.004271  -0.009633  -0.006186  0.999934  -0.006935  -0.005103  -0.004450  0.000000  0.000000  0.000000  2.000000  
74.914346 0.002105  0.089726  -0.009019  0.982226  0.187400  0.010622  -0.187454  0.982264  0.004271  -0.009633  -0.006186  0.999934  -0.006995  -0.005313  -0.004685  0.000000  0.000000  0.000000  2.000000  
74.915346 0.002098  0.089719  -0.009026  0.982264  0.187196  0.010775  -0.187251  0.982302  0.004367  -0.009767  -0.006307  0.999932  -0.007136  -0.005499  -0.004895  0.000000  0.000000  0.000000  2.000000  
74.916583 0.002088  0.089711  -0.009034  0.982264  0.187196  0.010775  -0.187251  0.982302  0.004367  -0.009767  -0.006307  0.999932  -0.007246  -0.005752  -0.005150  0.000000  0.000000  0.000000  2.000000  
74.917834 0.002078  0.089702  -0.009041  0.982302  0.186994  0.010774  -0.187049  0.982341  0.004369  -0.009767  -0.006307  0.999932  -0.007382  -0.006034  -0.005396  0.000000  0.000000  0.000000  2.000000  
74.919089 0.002068  0.089693  -0.009048  0.982303  0.186993  0.010666  -0.187049  0.982340  0.004513  -0.009633  -0.006428  0.999933  -0.007502  -0.006264  -0.005582  0.000000  0.000000  0.000000  2.000000  
74.920337 0.002058  0.089684  -0.009055  0.982342  0.186791  0.010665  -0.186847  0.982379  0.004515  -0.009633  -0.006428  0.999933  -0.007552  -0.006419  -0.005667  0.000000  0.000000  0.000000  2.000000  
74.921337 0.002050  0.089677  -0.009060  0.982342  0.186791  0.010665  -0.186847  0.982379  0.004515  -0.009633  -0.006428  0.999933  -0.007612  -0.006539  -0.005735  0.000000  0.000000  0.000000  2.000000  
74.922349 0.002042  0.089670  -0.009065  0.982342  0.186791  0.010665  -0.186847  0.982379  0.004515  -0.009633  -0.006428  0.999933  -0.007655  -0.006638  -0.005767  0.000000  0.000000  0.000000  2.000000  
74.923585 0.002031  0.089661  -0.009072  0.982382  0.186589  0.010532  -0.186645  0.982417  0.004543  -0.009500  -0.006428  0.999934  -0.007758  -0.006784  -0.005731  0.000000  0.000000  0.000000  2.000000  
74.924587 0.002024  0.089654  -0.009076  0.982382  0.186589  0.010532  -0.186645  0.982417  0.004543  -0.009500  -0.006428  0.999934  -0.007767  -0.006822  -0.005640  0.000000  0.000000  0.000000  2.000000  
74.925590 0.002016  0.089647  -0.009080  0.982420  0.186387  0.010531  -0.186443  0.982455  0.004545  -0.009500  -0.006428  0.999934  -0.007816  -0.006864  -0.005579  0.000000  0.000000  0.000000  2.000000  
74.926836 0.002006  0.089639  -0.009085  0.982420  0.186387  0.010531  -0.186443  0.982455  0.004545  -0.009500  -0.006428  0.999934  -0.007866  -0.006894  -0.005386  0.000000  0.000000  0.000000  2.000000  
74.928084 0.001997  0.089631  -0.009090  0.982458  0.186185  0.010530  -0.186240  0.982494  0.004547  -0.009500  -0.006428  0.999934  -0.007863  -0.006889  -0.005198  0.000000  0.000000  0.000000  2.000000  
74.929088 0.001989  0.089625  -0.009093  0.982460  0.186186  0.010399  -0.186241  0.982494  0.004572  -0.009366  -0.006428  0.999935  -0.007867  -0.006859  -0.004986  0.000000  0.000000  0.000000  2.000000  
74.930349 0.001980  0.089618  -0.009097  0.982498  0.185983  0.010398  -0.186038  0.982532  0.004574  -0.009366  -0.006428  0.999935  -0.007824  -0.006752  -0.004745  0.000000  0.000000  0.000000  2.000000  
74.931584 0.001972  0.089611  -0.009101  0.982498  0.185983  0.010398  -0.186038  0.982532  0.004574  -0.009366  -0.006428  0.999935  -0.007713  -0.006664  -0.004495  0.000000  0.000000  0.000000  2.000000  
74.932585 0.001965  0.089605  -0.009104  0.982498  0.185983  0.010398  -0.186038  0.982532  0.004574  -0.009366  -0.006428  0.999935  -0.007669  -0.006572  -0.004297  0.000000  0.000000  0.000000  2.000000  
74.933585 0.001958  0.089599  -0.009107  0.982498  0.185983  0.010398  -0.186038  0.982532  0.004574  -0.009366  -0.006428  0.999935  -0.007550  -0.006432  -0.004094  0.000000  0.000000  0.000000  2.000000  
74.934601 0.001952  0.089594  -0.009110  0.982536  0.185781  0.010397  -0.185836  0.982570  0.004576  -0.009366  -0.006428  0.999935  -0.007455  -0.006312  -0.003908  0.000000  0.000000  0.000000  2.000000  
74.935831 0.001945  0.089588  -0.009113  0.982536  0.185781  0.010397  -0.185836  0.982570  0.004576  -0.009366  -0.006428  0.999935  -0.007288  -0.006130  -0.003689  0.000000  0.000000  0.000000  2.000000  
74.936838 0.001940  0.089584  -0.009115  0.982536  0.185781  0.010397  -0.185836  0.982570  0.004576  -0.009366  -0.006428  0.999935  -0.007061  -0.005917  -0.003449  0.000000  0.000000  0.000000  2.000000  
74.938084 0.001933  0.089579  -0.009118  0.982536  0.185781  0.010397  -0.185836  0.982570  0.004576  -0.009366  -0.006428  0.999935  -0.006819  -0.005688  -0.003229  0.000000  0.000000  0.000000  2.000000  
74.939088 0.001928  0.089575  -0.009119  0.982536  0.185781  0.010397  -0.185836  0.982570  0.004576  -0.009366  -0.006428  0.999935  -0.006591  -0.005457  -0.003051  0.000000  0.000000  0.000000  2.000000  
74.940338 0.001924  0.089571  -0.009122  0.982535  0.185782  0.010506  -0.185836  0.982571  0.004432  -0.009500  -0.006307  0.999935  -0.006279  -0.005156  -0.002820  0.000000  0.000000  0.000000  2.000000  
74.941339 0.001920  0.089568  -0.009124  0.982535  0.185782  0.010506  -0.185836  0.982571  0.004432  -0.009500  -0.006307  0.999935  -0.005969  -0.004885  -0.002659  0.000000  0.000000  0.000000  2.000000  
74.942583 0.001916  0.089565  -0.009126  0.982535  0.185782  0.010506  -0.185836  0.982571  0.004432  -0.009500  -0.006307  0.999935  -0.005646  -0.004633  -0.002517  0.000000  0.000000  0.000000  2.000000  
74.943586 0.001913  0.089563  -0.009128  0.982535  0.185782  0.010506  -0.185836  0.982571  0.004432  -0.009500  -0.006307  0.999935  -0.005353  -0.004390  -0.002425  0.000000  0.000000  0.000000  2.000000  
74.944587 0.001910  0.089561  -0.009129  0.982535  0.185782  0.010506  -0.185836  0.982571  0.004432  -0.009500  -0.006307  0.999935  -0.005028  -0.004090  -0.002304  0.000000  0.000000  0.000000  2.000000  
74.945588 0.001908  0.089559  -0.009131  0.982535  0.185782  0.010506  -0.185836  0.982571  0.004432  -0.009500  -0.006307  0.999935  -0.004685  -0.003819  -0.002225  0.000000  0.000000  0.000000  2.000000  
74.946835 0.001905  0.089557  -0.009134  0.982535  0.185783  0.010484  -0.185836  0.982571  0.004313  -0.009500  -0.006186  0.999936  -0.004324  -0.003491  -0.002107  0.000000  0.000000  0.000000  2.000000  
74.947937 0.001904  0.089556  -0.009135  0.982535  0.185783  0.010484  -0.185836  0.982571  0.004313  -0.009500  -0.006186  0.999936  -0.003868  -0.003111  -0.001999  0.000000  0.000000  0.000000  2.000000  
74.949090 0.001902  0.089554  -0.009138  0.982535  0.185783  0.010484  -0.185836  0.982571  0.004313  -0.009500  -0.006186  0.999936  -0.003517  -0.002818  -0.001959  0.000000  0.000000  0.000000  2.000000  
74.950333 0.001901  0.089553  -0.009140  0.982497  0.185985  0.010484  -0.186038  0.982533  0.004311  -0.009500  -0.006186  0.999936  -0.003135  -0.002486  -0.001862  0.000000  0.000000  0.000000  2.000000  
74.951582 0.001900  0.089552  -0.009142  0.982497  0.185986  0.010462  -0.186038  0.982534  0.004192  -0.009500  -0.006065  0.999936  -0.002689  -0.002142  -0.001852  0.000000  0.000000  0.000000  2.000000  
74.952837 0.001899  0.089552  -0.009145  0.982497  0.185986  0.010462  -0.186038  0.982534  0.004192  -0.009500  -0.006065  0.999936  -0.002305  -0.001806  -0.001842  0.000000  0.000000  0.000000  2.000000  
74.954085 0.001900  0.089552  -0.009147  0.982460  0.186189  0.010331  -0.186241  0.982495  0.004214  -0.009366  -0.006065  0.999938  -0.001925  -0.001547  -0.001857  0.000000  0.000000  0.000000  2.000000  
74.955086 0.001900  0.089552  -0.009149  0.982460  0.186189  0.010331  -0.186241  0.982495  0.004214  -0.009366  -0.006065  0.999938  -0.001604  -0.001308  -0.001846  0.000000  0.000000  0.000000  2.000000  
74.956090 0.001901  0.089552  -0.009150  0.982460  0.186189  0.010331  -0.186241  0.982495  0.004214  -0.009366  -0.006065  0.999938  -0.001356  -0.001145  -0.001804  0.000000  0.000000  0.000000  2.000000  
74.957340 0.001901  0.089552  -0.009152  0.982460  0.186189  0.010331  -0.186241  0.982495  0.004214  -0.009366  -0.006065  0.999938  -0.000994  -0.000873  -0.001772  0.000000  0.000000  0.000000  2.000000  
74.958345 0.001901  0.089552  -0.009154  0.982421  0.186392  0.010332  -0.186443  0.982457  0.004212  -0.009366  -0.006065  0.999938  -0.000808  -0.000732  -0.001790  0.000000  0.000000  0.000000  2.000000  
74.959586 0.001901  0.089552  -0.009156  0.982421  0.186392  0.010332  -0.186443  0.982457  0.004212  -0.009366  -0.006065  0.999938  -0.000574  -0.000580  -0.001750  0.000000  0.000000  0.000000  2.000000  
74.960833 0.001902  0.089552  -0.009157  0.982421  0.186392  0.010332  -0.186443  0.982457  0.004212  -0.009366  -0.006065  0.999938  -0.000373  -0.000413  -0.001715  0.000000  0.000000  0.000000  2.000000  
74.961835 0.001902  0.089552  -0.009158  0.982421  0.186392  0.010332  -0.186443  0.982457  0.004212  -0.009366  -0.006065  0.999938  -0.000173  -0.000294  -0.001654  0.000000  0.000000  0.000000  2.000000  
74.962836 0.001903  0.089552  -0.009159  0.982422  0.186393  0.010201  -0.186443  0.982457  0.004237  -0.009232  -0.006065  0.999939  -0.000089  -0.000267  -0.001624  0.000000  0.000000  0.000000  2.000000  
74.964088 0.001903  0.089552  -0.009160  0.982384  0.186595  0.010202  -0.186645  0.982418  0.004235  -0.009232  -0.006065  0.999939  0.000052  -0.000137  -0.001485  0.000000  0.000000  0.000000  2.000000  
74.965348 0.001903  0.089552  -0.009161  0.982384  0.186595  0.010202  -0.186645  0.982418  0.004235  -0.009232  -0.006065  0.999939  0.000141  -0.000082  -0.001406  0.000000  0.000000  0.000000  2.000000  
74.966582 0.001903  0.089552  -0.009162  0.982384  0.186595  0.010202  -0.186645  0.982418  0.004235  -0.009232  -0.006065  0.999939  0.000200  -0.000031  -0.001346  0.000000  0.000000  0.000000  2.000000  
74.967583 0.001903  0.089551  -0.009163  0.982384  0.186595  0.010202  -0.186645  0.982418  0.004235  -0.009232  -0.006065  0.999939  0.000232  -0.000070  -0.001251  0.000000  0.000000  0.000000  2.000000  
74.968586 0.001903  0.089551  -0.009164  0.982384  0.186595  0.010202  -0.186645  0.982418  0.004235  -0.009232  -0.006065  0.999939  0.000207  -0.000063  -0.001181  0.000000  0.000000  0.000000  2.000000  
74.969587 0.001903  0.089551  -0.009164  0.982384  0.186595  0.010202  -0.186645  0.982418  0.004235  -0.009232  -0.006065  0.999939  0.000221  -0.000054  -0.001082  0.000000  0.000000  0.000000  2.000000  
74.970834 0.001903  0.089550  -0.009165  0.982385  0.186596  0.010070  -0.186646  0.982418  0.004260  -0.009098  -0.006065  0.999940  0.000177  -0.000118  -0.000996  0.000000  0.000000  0.000000  2.000000  
74.972087 0.001903  0.089549  -0.009165  0.982385  0.186596  0.010070  -0.186646  0.982418  0.004260  -0.009098  -0.006065  0.999940  0.000126  -0.000183  -0.000908  0.000000  0.000000  0.000000  2.000000  
74.973093 0.001903  0.089549  -0.009166  0.982385  0.186596  0.010070  -0.186646  0.982418  0.004260  -0.009098  -0.006065  0.999940  0.000104  -0.000220  -0.000784  0.000000  0.000000  0.000000  2.000000  
74.974357 0.001901  0.089547  -0.009167  0.982424  0.186393  0.010069  -0.186443  0.982456  0.004262  -0.009098  -0.006065  0.999940  0.000000  -0.000337  -0.000751  0.000000  0.000000  0.000000  2.000000  
74.975588 0.001901  0.089546  -0.009167  0.982424  0.186393  0.010069  -0.186443  0.982456  0.004262  -0.009098  -0.006065  0.999940  -0.000077  -0.000449  -0.000657  0.000000  0.000000  0.000000  2.000000  
74.976837 0.001900  0.089544  -0.009168  0.982424  0.186393  0.010069  -0.186443  0.982456  0.004262  -0.009098  -0.006065  0.999940  -0.000167  -0.000569  -0.000660  0.000000  0.000000  0.000000  2.000000  
74.978088 0.001898  0.089542  -0.009169  0.982424  0.186393  0.010069  -0.186443  0.982456  0.004262  -0.009098  -0.006065  0.999940  -0.000274  -0.000652  -0.000628  0.000000  0.000000  0.000000  2.000000  
74.979090 0.001897  0.089541  -0.009170  0.982463  0.186193  0.009914  -0.186241  0.982495  0.004170  -0.008964  -0.005943  0.999942  -0.000369  -0.000783  -0.000642  0.000000  0.000000  0.000000  2.000000  
74.980337 0.001896  0.089539  -0.009171  0.982463  0.186193  0.009914  -0.186241  0.982495  0.004170  -0.008964  -0.005943  0.999942  -0.000429  -0.000841  -0.000626  0.000000  0.000000  0.000000  2.000000  
74.981338 0.001895  0.089538  -0.009172  0.982463  0.186193  0.009914  -0.186241  0.982495  0.004170  -0.008964  -0.005943  0.999942  -0.000534  -0.000951  -0.000649  0.000000  0.000000  0.000000  2.000000  
74.982341 0.001894  0.089536  -0.009173  0.982501  0.185991  0.009913  -0.186039  0.982534  0.004172  -0.008964  -0.005943  0.999942  -0.000597  -0.001002  -0.000687  0.000000  0.000000  0.000000  2.000000  
74.983585 0.001893  0.089535  -0.009174  0.982501  0.185991  0.009913  -0.186039  0.982534  0.004172  -0.008964  -0.005943  0.999942  -0.000684  -0.001081  -0.000689  0.000000  0.000000  0.000000  2.000000  
74.984831 0.001891  0.089533  -0.009175  0.982501  0.185991  0.009913  -0.186039  0.982534  0.004172  -0.008964  -0.005943  0.999942  -0.000799  -0.001205  -0.000755  0.000000  0.000000  0.000000  2.000000  
74.985833 0.001890  0.089532  -0.009177  0.982541  0.185789  0.009781  -0.185837  0.982572  0.004199  -0.008831  -0.005943  0.999943  -0.000867  -0.001232  -0.000802  0.000000  0.000000  0.000000  2.000000  
74.987085 0.001888  0.089530  -0.009178  0.982541  0.185789  0.009781  -0.185837  0.982572  0.004199  -0.008831  -0.005943  0.999943  -0.000972  -0.001303  -0.000825  0.000000  0.000000  0.000000  2.000000  
74.988087 0.001887  0.089528  -0.009179  0.982579  0.185587  0.009780  -0.185635  0.982610  0.004201  -0.008831  -0.005943  0.999943  -0.001059  -0.001359  -0.000925  0.000000  0.000000  0.000000  2.000000  
74.989090 0.001885  0.089527  -0.009181  0.982579  0.185587  0.009780  -0.185635  0.982610  0.004201  -0.008831  -0.005943  0.999943  -0.001097  -0.001361  -0.000953  0.000000  0.000000  0.000000  2.000000  
74.990342 0.001884  0.089525  -0.009182  0.982579  0.185588  0.009758  -0.185635  0.982610  0.004082  -0.008831  -0.005822  0.999944  -0.001130  -0.001343  -0.001026  0.000000  0.000000  0.000000  2.000000  
74.991586 0.001882  0.089523  -0.009184  0.982617  0.185386  0.009757  -0.185432  0.982649  0.004084  -0.008831  -0.005822  0.999944  -0.001191  -0.001393  -0.001063  0.000000  0.000000  0.000000  2.000000  
74.992836 0.001881  0.089522  -0.009186  0.982619  0.185387  0.009625  -0.185433  0.982648  0.004109  -0.008697  -0.005822  0.999945  -0.001194  -0.001349  -0.001117  0.000000  0.000000  0.000000  2.000000  
74.994088 0.001879  0.089520  -0.009187  0.982657  0.185184  0.009625  -0.185230  0.982687  0.004111  -0.008697  -0.005822  0.999945  -0.001232  -0.001351  -0.001145  0.000000  0.000000  0.000000  2.000000  
74.995350 0.001878  0.089520  -0.009189  0.982657  0.185186  0.009602  -0.185230  0.982687  0.003991  -0.008697  -0.005701  0.999946  -0.001231  -0.001280  -0.001208  0.000000  0.000000  0.000000  2.000000  
74.996586 0.001877  0.089518  -0.009191  0.982657  0.185186  0.009602  -0.185230  0.982687  0.003991  -0.008697  -0.005701  0.999946  -0.001227  -0.001260  -0.001254  0.000000  0.000000  0.000000  2.000000  
74.997832 0.001876  0.089518  -0.009192  0.982695  0.184983  0.009601  -0.185028  0.982725  0.003993  -0.008697  -0.005701  0.999946  -0.001168  -0.001166  -0.001270  0.000000  0.000000  0.000000  2.000000  
74.999087 0.001875  0.089517  -0.009194  0.982695  0.184983  0.009601  -0.185028  0.982725  0.003993  -0.008697  -0.005701  0.999946  -0.001136  -0.001150  -0.001283  0.000000  0.000000  0.000000  2.000000  
75.000338 0.001874  0.089516  -0.009196  0.982695  0.184983  0.009601  -0.185028  0.982725  0.003993  -0.008697  -0.005701  0.999946  -0.001108  -0.001082  -0.001318  0.000000  0.000000  0.000000  2.000000  
75.001583 0.001874  0.089516  -0.009197  0.982733  0.184782  0.009578  -0.184826  0.982764  0.003876  -0.008697  -0.005579  0.999947  -0.000997  -0.000977  -0.001307  0.000000  0.000000  0.000000  2.000000  
75.002586 0.001874  0.089516  -0.009198  0.982733  0.184782  0.009578  -0.184826  0.982764  0.003876  -0.008697  -0.005579  0.999947  -0.000898  -0.000880  -0.001294  0.000000  0.000000  0.000000  2.000000  
75.003831 0.001874  0.089515  -0.009199  0.982733  0.184782  0.009578  -0.184826  0.982764  0.003876  -0.008697  -0.005579  0.999947  -0.000823  -0.000816  -0.001235  0.000000  0.000000  0.000000  2.000000  
75.004834 0.001873  0.089515  -0.009200  0.982733  0.184782  0.009578  -0.184826  0.982764  0.003876  -0.008697  -0.005579  0.999947  -0.000738  -0.000717  -0.001188  0.000000  0.000000  0.000000  2.000000  
75.005839 0.001873  0.089515  -0.009201  0.982771  0.184581  0.009555  -0.184623  0.982802  0.003759  -0.008697  -0.005458  0.999947  -0.000641  -0.000622  -0.001175  0.000000  0.000000  0.000000  2.000000  
75.007085 0.001874  0.089516  -0.009201  0.982771  0.184581  0.009555  -0.184623  0.982802  0.003759  -0.008697  -0.005458  0.999947  -0.000496  -0.000473  -0.001090  0.000000  0.000000  0.000000  2.000000  
75.008092 0.001875  0.089516  -0.009202  0.982771  0.184581  0.009555  -0.184623  0.982802  0.003759  -0.008697  -0.005458  0.999947  -0.000349  -0.000353  -0.001012  0.000000  0.000000  0.000000  2.000000  
75.009338 0.001875  0.089516  -0.009202  0.982771  0.184581  0.009555  -0.184623  0.982802  0.003759  -0.008697  -0.005458  0.999947  -0.000220  -0.000247  -0.000921  0.000000  0.000000  0.000000  2.000000  
75.010348 0.001876  0.089517  -0.009202  0.982771  0.184581  0.009555  -0.184623  0.982802  0.003759  -0.008697  -0.005458  0.999947  -0.000129  -0.000172  -0.000864  0.000000  0.000000  0.000000  2.000000  
75.011586 0.001877  0.089518  -0.009202  0.982771  0.184581  0.009555  -0.184623  0.982802  0.003759  -0.008697  -0.005458  0.999947  0.000025  -0.000047  -0.000769  0.000000  0.000000  0.000000  2.000000  
75.012586 0.001878  0.089519  -0.009202  0.982809  0.184380  0.009532  -0.184421  0.982841  0.003642  -0.008697  -0.005337  0.999948  0.000137  0.000058  -0.000670  0.000000  0.000000  0.000000  2.000000  
75.013586 0.001879  0.089519  -0.009202  0.982809  0.184380  0.009532  -0.184421  0.982841  0.003642  -0.008697  -0.005337  0.999948  0.000261  0.000160  -0.000593  0.000000  0.000000  0.000000  2.000000  
75.014832 0.001880  0.089520  -0.009202  0.982809  0.184380  0.009532  -0.184421  0.982841  0.003642  -0.008697  -0.005337  0.999948  0.000375  0.000238  -0.000464  0.000000  0.000000  0.000000  2.000000  
75.015835 0.001881  0.089521  -0.009202  0.982809  0.184380  0.009532  -0.184421  0.982841  0.003642  -0.008697  -0.005337  0.999948  0.000506  0.000344  -0.000396  0.000000  0.000000  0.000000  2.000000  
75.016837 0.001882  0.089522  -0.009202  0.982809  0.184380  0.009532  -0.184421  0.982841  0.003642  -0.008697  -0.005337  0.999948  0.000543  0.000402  -0.000287  0.000000  0.000000  0.000000  2.000000  
75.018082 0.001883  0.089522  -0.009202  0.982809  0.184380  0.009532  -0.184421  0.982841  0.003642  -0.008697  -0.005337  0.999948  0.000627  0.000472  -0.000227  0.000000  0.000000  0.000000  2.000000  
75.019091 0.001884  0.089523  -0.009201  0.982809  0.184380  0.009532  -0.184421  0.982841  0.003642  -0.008697  -0.005337  0.999948  0.000680  0.000512  -0.000112  0.000000  0.000000  0.000000  2.000000  
75.020337 0.001885  0.089524  -0.009201  0.982809  0.184380  0.009532  -0.184421  0.982841  0.003642  -0.008697  -0.005337  0.999948  0.000754  0.000603  -0.000063  0.000000  0.000000  0.000000  2.000000  
75.021584 0.001885  0.089524  -0.009201  0.982809  0.184380  0.009532  -0.184421  0.982841  0.003642  -0.008697  -0.005337  0.999948  0.000742  0.000606  -0.000028  0.000000  0.000000  0.000000  2.000000  
75.022591 0.001886  0.089526  -0.009201  0.982809  0.184380  0.009532  -0.184421  0.982841  0.003642  -0.008697  -0.005337  0.999948  0.000773  0.000645  0.000025  0.000000  0.000000  0.000000  2.000000  
