1-Time 2-Px 3-Py 4-Pz 5-R11 6-R21 7-R31 8-R12 9-R22 10-R32 11-R13 12-R23 13-R33 14-Vx 15-Vy 16-Vz 17-Wx 18-Wy 19-Wz 20-state 21-PR11 22-PR21 23-PR31 24-PR12 25-PR22 26-PR32 27-PR13 28-PR23 29-PR33 
130.430429 0.002746  0.089294  -0.000624  0.986598  0.163064  -0.005814  -0.162723  0.985913  0.038692  0.012042  -0.037227  0.999234  0.000592  0.000634  0.000633  0.000000  0.000000  0.000000  2.000000  
130.431435 0.002747  0.089294  -0.000623  0.986632  0.162861  -0.005822  -0.162520  0.985946  0.038690  0.012042  -0.037227  0.999234  0.000547  0.000611  0.000645  0.000000  0.000000  0.000000  2.000000  
130.432680 0.002747  0.089293  -0.000623  0.986464  0.163877  -0.005763  -0.163535  0.985774  0.038816  0.012042  -0.037348  0.999230  0.000512  0.000462  0.000650  0.000000  0.000000  0.000000  2.000000  
130.433931 0.002747  0.089290  -0.000623  0.986329  0.164689  -0.005711  -0.164348  0.985634  0.038940  0.012042  -0.037469  0.999225  0.000437  0.000231  0.000592  0.000000  0.000000  0.000000  2.000000  
130.435179 0.002747  0.089286  -0.000622  0.986263  0.165091  -0.005543  -0.164754  0.985562  0.039040  0.011908  -0.037591  0.999222  0.000369  -0.000068  0.000602  0.000000  0.000000  0.000000  2.000000  
130.436435 0.002748  0.089283  -0.000621  0.986159  0.165705  -0.005630  -0.165363  0.985454  0.039185  0.012042  -0.037712  0.999216  0.000376  -0.000319  0.000619  0.000000  0.000000  0.000000  2.000000  
130.437678 0.002749  0.089281  -0.000620  0.986020  0.166527  -0.005842  -0.166174  0.985311  0.039354  0.012309  -0.037833  0.999208  0.000356  -0.000517  0.000646  0.000000  0.000000  0.000000  2.000000  
130.438678 0.002749  0.089280  -0.000618  0.985843  0.167557  -0.006176  -0.167188  0.985132  0.039546  0.012711  -0.037954  0.999199  0.000377  -0.000633  0.000736  0.000000  0.000000  0.000000  2.000000  
130.439924 0.002750  0.089278  -0.000617  0.985598  0.168987  -0.006362  -0.168608  0.984883  0.039720  0.012978  -0.038075  0.999191  0.000350  -0.000807  0.000752  0.000000  0.000000  0.000000  2.000000  
130.440927 0.002750  0.089276  -0.000618  0.985420  0.170012  -0.006564  -0.169622  0.984702  0.039891  0.013246  -0.038196  0.999182  0.000341  -0.001045  0.000661  0.034946  0.042380  0.188514  2.000000  
130.442179 0.002751  0.089274  -0.000618  0.985210  0.171229  -0.006494  -0.170839  0.984486  0.040018  0.013246  -0.038317  0.999178  0.000380  -0.001182  0.000588  0.039546  0.040805  0.230016  2.000000  
130.443440 0.002753  0.089274  -0.000616  0.984961  0.172652  -0.006568  -0.172258  0.984237  0.040051  0.013379  -0.038317  0.999176  0.000460  -0.001280  0.000632  0.040241  0.043190  0.285381  2.000000  
130.444679 0.002755  0.089273  -0.000613  0.984746  0.173874  -0.006629  -0.173475  0.984017  0.040201  0.013513  -0.038438  0.999170  0.000550  -0.001369  0.000775  0.044510  0.045736  0.324471  2.000000  
130.445682 0.002756  0.089271  -0.000612  0.984529  0.175095  -0.006690  -0.174691  0.983796  0.040352  0.013647  -0.038559  0.999163  0.000614  -0.001544  0.000822  0.049490  0.049001  0.368705  2.000000  
130.446927 0.002757  0.089267  -0.000611  0.984271  0.176529  -0.007005  -0.176108  0.983535  0.040552  0.014048  -0.038680  0.999153  0.000670  -0.001748  0.000782  0.054277  0.060631  0.417695  2.000000  
130.447929 0.002758  0.089264  -0.000610  0.984121  0.177350  -0.007213  -0.176918  0.983383  0.040724  0.014316  -0.038801  0.999144  0.000754  -0.001852  0.000828  0.058854  0.068270  0.452560  2.000000  
130.448936 0.002759  0.089260  -0.000609  0.983972  0.178171  -0.007421  -0.177728  0.983230  0.040897  0.014584  -0.038922  0.999136  0.000844  -0.001939  0.000970  0.063379  0.071673  0.480324  2.000000  
130.450179 0.002761  0.089254  -0.000605  0.983784  0.179194  -0.007621  -0.178740  0.983039  0.041072  0.014851  -0.039043  0.999127  0.000910  -0.002123  0.001158  0.068101  0.079078  0.522354  2.000000  
130.451434 0.002763  0.089247  -0.000603  0.983559  0.180420  -0.007789  -0.179954  0.982805  0.041367  0.015119  -0.039286  0.999114  0.000988  -0.002456  0.001211  0.076849  0.086373  0.563928  2.000000  
130.452677 0.002766  0.089239  -0.000602  0.983334  0.181640  -0.007847  -0.181168  0.982575  0.041520  0.015252  -0.039407  0.999107  0.001198  -0.002833  0.001250  0.081639  0.088997  0.612631  2.000000  
130.453681 0.002769  0.089232  -0.000600  0.983182  0.182455  -0.007923  -0.181978  0.982419  0.041670  0.015386  -0.039528  0.999100  0.001363  -0.003249  0.001203  0.086125  0.092380  0.640392  2.000000  
130.454928 0.002772  0.089223  -0.000599  0.983030  0.183271  -0.007975  -0.182787  0.982258  0.041940  0.015520  -0.039770  0.999088  0.001508  -0.003706  0.001246  0.094800  0.095471  0.675191  2.000000  
130.456178 0.002774  0.089212  -0.000598  0.982915  0.183884  -0.008058  -0.183394  0.982138  0.042088  0.015654  -0.039891  0.999081  0.001608  -0.004211  0.001324  0.099244  0.099159  0.696364  2.000000  
130.457425 0.002777  0.089202  -0.000597  0.982797  0.184502  -0.008273  -0.184000  0.982017  0.042261  0.015921  -0.040012  0.999072  0.001686  -0.004834  0.001351  0.103771  0.107008  0.724184  2.000000  
130.458438 0.002779  0.089194  -0.000596  0.982681  0.185115  -0.008356  -0.184607  0.981897  0.042410  0.016055  -0.040133  0.999065  0.001729  -0.005338  0.001322  0.108138  0.110605  0.744773  2.000000  
130.459678 0.002780  0.089183  -0.000595  0.982565  0.185728  -0.008438  -0.185213  0.981776  0.042559  0.016189  -0.040254  0.999058  0.001684  -0.006022  0.001214  0.112689  0.114018  0.772861  2.000000  
130.460925 0.002780  0.089172  -0.000594  0.982487  0.186137  -0.008552  -0.185617  0.981699  0.042588  0.016323  -0.040254  0.999056  0.001583  -0.006661  0.001154  0.112201  0.112328  0.787387  2.000000  
130.461926 0.002780  0.089163  -0.000593  0.982448  0.186339  -0.008543  -0.185819  0.981660  0.042589  0.016323  -0.040254  0.999056  0.001509  -0.006959  0.001232  0.112094  0.112584  0.780458  2.000000  
130.463174 0.002779  0.089152  -0.000591  0.982410  0.186542  -0.008512  -0.186022  0.981617  0.042710  0.016323  -0.040376  0.999051  0.001387  -0.007377  0.001267  0.111800  0.113288  0.759886  2.000000  
130.464180 0.002778  0.089144  -0.000589  0.982372  0.186744  -0.008503  -0.186224  0.981578  0.042712  0.016323  -0.040376  0.999051  0.001237  -0.007692  0.001257  0.107454  0.114032  0.739246  2.000000  
130.465180 0.002776  0.089135  -0.000587  0.982333  0.186946  -0.008494  -0.186426  0.981540  0.042714  0.016323  -0.040376  0.999051  0.001018  -0.008024  0.001212  0.104127  0.119702  0.738685  2.000000  
130.466440 0.002773  0.089122  -0.000585  0.982295  0.187149  -0.008486  -0.186628  0.981502  0.042715  0.016323  -0.040376  0.999051  0.000602  -0.008345  0.001234  0.099857  0.115652  0.724359  2.000000  
130.467680 0.002769  0.089109  -0.000583  0.982295  0.187149  -0.008486  -0.186628  0.981502  0.042715  0.016323  -0.040376  0.999051  0.000123  -0.008641  0.001233  0.095565  0.103254  0.696455  2.000000  
130.468927 0.002764  0.089097  -0.000582  0.982295  0.187149  -0.008486  -0.186628  0.981502  0.042715  0.016323  -0.040376  0.999051  -0.000400  -0.008898  0.001222  0.090920  0.091628  0.647529  2.000000  
130.469932 0.002759  0.089086  -0.000581  0.982295  0.187149  -0.008486  -0.186628  0.981502  0.042715  0.016323  -0.040376  0.999051  -0.000912  -0.009134  0.001199  0.086407  0.083946  0.612521  2.000000  
130.471179 0.002752  0.089072  -0.000579  0.982295  0.187149  -0.008486  -0.186628  0.981502  0.042715  0.016323  -0.040376  0.999051  -0.001510  -0.009351  0.001290  0.081199  0.080123  0.573117  2.000000  
130.472428 0.002747  0.089058  -0.000578  0.982295  0.187149  -0.008486  -0.186628  0.981502  0.042715  0.016323  -0.040376  0.999051  -0.002095  -0.009606  0.001264  0.077009  0.078434  0.522371  2.000000  
130.473439 0.002741  0.089046  -0.000579  0.982297  0.187143  -0.008354  -0.186629  0.981503  0.042691  0.016189  -0.040376  0.999053  -0.002591  -0.009845  0.001126  0.075937  0.074414  0.490485  2.000000  
130.474677 0.002732  0.089031  -0.000581  0.982338  0.186936  -0.008232  -0.186427  0.981542  0.042664  0.016055  -0.040376  0.999056  -0.003217  -0.010158  0.000919  0.071189  0.067369  0.442172  2.000000  
130.475924 0.002722  0.089015  -0.000584  0.982340  0.186931  -0.008100  -0.186427  0.981543  0.042639  0.015921  -0.040376  0.999058  -0.003843  -0.010458  0.000682  0.066818  0.056888  0.383152  2.000000  
130.476926 0.002714  0.089002  -0.000587  0.982342  0.186924  -0.007992  -0.186428  0.981549  0.042495  0.015788  -0.040255  0.999065  -0.004359  -0.010743  0.000400  0.057785  0.044123  0.351972  2.000000  
130.477926 0.002707  0.088990  -0.000590  0.982342  0.186924  -0.007992  -0.186428  0.981549  0.042495  0.015788  -0.040255  0.999065  -0.004890  -0.010992  0.000081  0.053378  0.036275  0.324210  2.000000  
130.479180 0.002698  0.088976  -0.000593  0.982344  0.186919  -0.007860  -0.186428  0.981550  0.042470  0.015654  -0.040255  0.999067  -0.005411  -0.011224  -0.000305  0.048833  0.024242  0.289377  2.000000  
130.480435 0.002687  0.088962  -0.000597  0.982382  0.186716  -0.007892  -0.186226  0.981594  0.042349  0.015654  -0.040134  0.999072  -0.005939  -0.011353  -0.000769  0.036216  0.013138  0.235920  2.000000  
130.481441 0.002678  0.088951  -0.000602  0.982384  0.186711  -0.007760  -0.186226  0.981595  0.042324  0.015520  -0.040134  0.999074  -0.006350  -0.011426  -0.001192  0.031764  0.005834  0.195693  2.000000  
130.482444 0.002670  0.088940  -0.000605  0.982386  0.186705  -0.007629  -0.186227  0.981596  0.042300  0.015386  -0.040134  0.999076  -0.006702  -0.011498  -0.001520  0.027098  -0.002385  0.172923  2.000000  
130.483680 0.002659  0.088925  -0.000611  0.982388  0.186700  -0.007498  -0.186227  0.981597  0.042275  0.015252  -0.040134  0.999078  -0.007096  -0.011642  -0.001954  0.000000  0.000000  0.000000  2.000000  
130.484927 0.002648  0.088911  -0.000615  0.982429  0.186492  -0.007398  -0.186025  0.981641  0.042129  0.015119  -0.040013  0.999085  -0.007387  -0.011681  -0.002304  0.000000  0.000000  0.000000  2.000000  
130.485928 0.002639  0.088900  -0.000619  0.982429  0.186492  -0.007398  -0.186025  0.981641  0.042129  0.015119  -0.040013  0.999085  -0.007651  -0.011683  -0.002660  0.000000  0.000000  0.000000  2.000000  
130.486930 0.002631  0.088889  -0.000622  0.982429  0.186491  -0.007420  -0.186025  0.981646  0.042010  0.015119  -0.039892  0.999090  -0.007903  -0.011622  -0.002958  0.000000  0.000000  0.000000  2.000000  
130.488180 0.002621  0.088876  -0.000627  0.982467  0.186289  -0.007429  -0.185823  0.981685  0.042009  0.015119  -0.039892  0.999090  -0.008108  -0.011530  -0.003242  0.000000  0.000000  0.000000  2.000000  
130.489434 0.002612  0.088863  -0.000632  0.982469  0.186284  -0.007298  -0.185823  0.981686  0.041984  0.014985  -0.039892  0.999092  -0.008154  -0.011401  -0.003416  0.000000  0.000000  0.000000  2.000000  
130.490441 0.002604  0.088852  -0.000637  0.982469  0.186284  -0.007298  -0.185823  0.981686  0.041984  0.014985  -0.039892  0.999092  -0.008132  -0.011246  -0.003599  0.000000  0.000000  0.000000  2.000000  
130.491674 0.002595  0.088838  -0.000643  0.982469  0.186284  -0.007298  -0.185823  0.981686  0.041984  0.014985  -0.039892  0.999092  -0.008044  -0.011125  -0.003786  0.000000  0.000000  0.000000  2.000000  
130.492677 0.002589  0.088829  -0.000647  0.982471  0.186278  -0.007166  -0.185824  0.981687  0.041959  0.014851  -0.039892  0.999094  -0.007929  -0.010986  -0.003854  0.000000  0.000000  0.000000  2.000000  
130.493678 0.002584  0.088818  -0.000651  0.982471  0.186278  -0.007166  -0.185824  0.981687  0.041959  0.014851  -0.039892  0.999094  -0.007853  -0.010906  -0.003983  0.000000  0.000000  0.000000  2.000000  
130.494924 0.002578  0.088806  -0.000657  0.982471  0.186278  -0.007166  -0.185824  0.981687  0.041959  0.014851  -0.039892  0.999094  -0.007598  -0.010779  -0.004068  0.000000  0.000000  0.000000  2.000000  
130.495926 0.002573  0.088797  -0.000661  0.982471  0.186278  -0.007166  -0.185824  0.981687  0.041959  0.014851  -0.039892  0.999094  -0.007318  -0.010699  -0.004117  0.000000  0.000000  0.000000  2.000000  
130.496927 0.002570  0.088788  -0.000665  0.982471  0.186278  -0.007166  -0.185824  0.981687  0.041959  0.014851  -0.039892  0.999094  -0.006970  -0.010484  -0.004095  0.000000  0.000000  0.000000  2.000000  
130.497930 0.002566  0.088779  -0.000669  0.982471  0.186279  -0.007144  -0.185824  0.981682  0.042078  0.014851  -0.040013  0.999089  -0.006626  -0.010293  -0.004084  0.000000  0.000000  0.000000  2.000000  
130.498933 0.002562  0.088770  -0.000672  0.982471  0.186279  -0.007144  -0.185824  0.981682  0.042078  0.014851  -0.040013  0.999089  -0.006241  -0.010092  -0.003985  0.000000  0.000000  0.000000  2.000000  
130.499956 0.002559  0.088762  -0.000675  0.982471  0.186279  -0.007144  -0.185824  0.981682  0.042078  0.014851  -0.040013  0.999089  -0.005905  -0.009913  -0.003967  0.000000  0.000000  0.000000  2.000000  
130.501178 0.002555  0.088751  -0.000677  0.982471  0.186280  -0.007121  -0.185824  0.981677  0.042197  0.014851  -0.040134  0.999084  -0.005430  -0.009712  -0.003796  0.000000  0.000000  0.000000  2.000000  
130.502179 0.002552  0.088744  -0.000679  0.982433  0.186482  -0.007112  -0.186026  0.981638  0.042199  0.014851  -0.040134  0.999084  -0.005044  -0.009508  -0.003697  0.000000  0.000000  0.000000  2.000000  
130.503183 0.002551  0.088737  -0.000679  0.982433  0.186483  -0.007090  -0.186026  0.981633  0.042318  0.014851  -0.040255  0.999079  -0.004641  -0.009243  -0.003461  0.000000  0.000000  0.000000  2.000000  
130.504428 0.002549  0.088728  -0.000680  0.982433  0.186483  -0.007090  -0.186026  0.981633  0.042318  0.014851  -0.040255  0.999079  -0.004205  -0.008984  -0.003169  0.000000  0.000000  0.000000  2.000000  
130.505431 0.002547  0.088722  -0.000679  0.982433  0.186484  -0.007067  -0.186026  0.981628  0.042437  0.014851  -0.040376  0.999074  -0.003792  -0.008663  -0.002802  0.000000  0.000000  0.000000  2.000000  
130.506438 0.002546  0.088716  -0.000678  0.982433  0.186484  -0.007067  -0.186026  0.981628  0.042437  0.014851  -0.040376  0.999074  -0.003353  -0.008279  -0.002359  0.000000  0.000000  0.000000  2.000000  
130.507675 0.002545  0.088709  -0.000675  0.982394  0.186687  -0.007036  -0.186228  0.981584  0.042557  0.014851  -0.040498  0.999069  -0.002954  -0.007941  -0.001897  0.000000  0.000000  0.000000  2.000000  
130.508676 0.002545  0.088704  -0.000674  0.982394  0.186687  -0.007036  -0.186228  0.981584  0.042557  0.014851  -0.040498  0.999069  -0.002612  -0.007586  -0.001508  0.000000  0.000000  0.000000  2.000000  
130.509924 0.002545  0.088698  -0.000671  0.982356  0.186890  -0.007004  -0.186430  0.981541  0.042678  0.014851  -0.040619  0.999064  -0.002170  -0.007221  -0.000993  0.000000  0.000000  0.000000  2.000000  
130.510924 0.002545  0.088693  -0.000670  0.982356  0.186891  -0.006982  -0.186430  0.981536  0.042797  0.014851  -0.040740  0.999059  -0.001896  -0.006938  -0.000600  0.000000  0.000000  0.000000  2.000000  
130.511926 0.002545  0.088688  -0.000668  0.982318  0.187093  -0.006973  -0.186633  0.981497  0.042798  0.014851  -0.040740  0.999059  -0.001646  -0.006704  -0.000217  0.000000  0.000000  0.000000  2.000000  
130.513178 0.002545  0.088681  -0.000665  0.982279  0.187296  -0.006941  -0.186835  0.981453  0.042919  0.014851  -0.040861  0.999054  -0.001338  -0.006360  0.000280  0.000000  0.000000  0.000000  2.000000  
130.514181 0.002545  0.088676  -0.000663  0.982279  0.187296  -0.006919  -0.186835  0.981448  0.043038  0.014851  -0.040982  0.999049  -0.001041  -0.006056  0.000690  0.000000  0.000000  0.000000  2.000000  
130.515431 0.002546  0.088670  -0.000661  0.982241  0.187499  -0.006887  -0.187037  0.981404  0.043158  0.014851  -0.041104  0.999045  -0.000740  -0.005795  0.001068  0.000000  0.000000  0.000000  2.000000  
130.516676 0.002546  0.088663  -0.000659  0.982204  0.187697  -0.006724  -0.187240  0.981362  0.043254  0.014717  -0.041225  0.999041  -0.000507  -0.005586  0.001256  0.000000  0.000000  0.000000  2.000000  
130.517679 0.002546  0.088658  -0.000657  0.982165  0.187900  -0.006692  -0.187442  0.981318  0.043374  0.014717  -0.041346  0.999036  -0.000413  -0.005517  0.001455  0.000000  0.000000  0.000000  2.000000  
130.518929 0.002545  0.088651  -0.000655  0.982127  0.188103  -0.006638  -0.187644  0.981268  0.043613  0.014717  -0.041588  0.999026  -0.000296  -0.005364  0.001666  0.000000  0.000000  0.000000  2.000000  
130.519934 0.002545  0.088646  -0.000653  0.982127  0.188104  -0.006615  -0.187644  0.981263  0.043732  0.014717  -0.041710  0.999021  -0.000178  -0.005235  0.001736  0.000000  0.000000  0.000000  2.000000  
130.521180 0.002545  0.088640  -0.000651  0.982088  0.188307  -0.006583  -0.187846  0.981219  0.043853  0.014717  -0.041831  0.999016  -0.000092  -0.005181  0.001843  0.000000  0.000000  0.000000  2.000000  
130.522427 0.002545  0.088634  -0.000648  0.982048  0.188515  -0.006683  -0.188048  0.981174  0.043998  0.014851  -0.041952  0.999009  -0.000037  -0.005101  0.001871  0.000000  0.000000  0.000000  2.000000  
130.523439 0.002544  0.088629  -0.000646  0.982009  0.188718  -0.006651  -0.188250  0.981130  0.044119  0.014851  -0.042073  0.999004  -0.000051  -0.005092  0.001903  0.000000  0.000000  0.000000  2.000000  
130.524679 0.002543  0.088623  -0.000644  0.982009  0.188719  -0.006628  -0.188250  0.981124  0.044238  0.014851  -0.042194  0.998999  -0.000135  -0.005075  0.001829  0.000000  0.000000  0.000000  2.000000  
130.525926 0.002541  0.088616  -0.000643  0.981970  0.188922  -0.006596  -0.188452  0.981080  0.044358  0.014851  -0.042315  0.998994  -0.000257  -0.005102  0.001778  0.000000  0.000000  0.000000  2.000000  
130.527178 0.002540  0.088610  -0.000642  0.981931  0.189124  -0.006564  -0.188655  0.981036  0.044478  0.014851  -0.042437  0.998989  -0.000357  -0.005115  0.001651  0.000000  0.000000  0.000000  2.000000  
130.528178 0.002538  0.088605  -0.000642  0.981931  0.189125  -0.006541  -0.188655  0.981030  0.044597  0.014851  -0.042558  0.998984  -0.000413  -0.005080  0.001583  0.000000  0.000000  0.000000  2.000000  
130.529180 0.002537  0.088599  -0.000642  0.981931  0.189126  -0.006518  -0.188655  0.981025  0.044716  0.014851  -0.042679  0.998978  -0.000573  -0.005142  0.001417  0.000000  0.000000  0.000000  2.000000  
130.530181 0.002535  0.088594  -0.000642  0.981890  0.189334  -0.006617  -0.188856  0.980979  0.044862  0.014985  -0.042800  0.998971  -0.000710  -0.005142  0.001267  0.000000  0.000000  0.000000  2.000000  
130.531436 0.002532  0.088586  -0.000642  0.981890  0.189335  -0.006594  -0.188856  0.980974  0.044981  0.014985  -0.042921  0.998966  -0.000932  -0.005218  0.001143  0.000000  0.000000  0.000000  2.000000  
130.532679 0.002529  0.088579  -0.000643  0.981890  0.189336  -0.006571  -0.188856  0.980969  0.045100  0.014985  -0.043042  0.998961  -0.001087  -0.005251  0.000918  0.000000  0.000000  0.000000  2.000000  
130.533682 0.002527  0.088573  -0.000645  0.981890  0.189337  -0.006548  -0.188856  0.980963  0.045219  0.014985  -0.043163  0.998956  -0.001229  -0.005312  0.000685  0.000000  0.000000  0.000000  2.000000  
130.534929 0.002524  0.088565  -0.000647  0.981890  0.189338  -0.006525  -0.188856  0.980958  0.045338  0.014985  -0.043285  0.998950  -0.001414  -0.005447  0.000417  0.000000  0.000000  0.000000  2.000000  
130.536176 0.002520  0.088556  -0.000650  0.981888  0.189344  -0.006633  -0.188856  0.980951  0.045482  0.015119  -0.043406  0.998943  -0.001668  -0.005578  0.000052  0.000000  0.000000  0.000000  2.000000  
130.537179 0.002516  0.088549  -0.000652  0.981888  0.189345  -0.006610  -0.188856  0.980945  0.045601  0.015119  -0.043527  0.998938  -0.001923  -0.005777  -0.000297  0.000000  0.000000  0.000000  2.000000  
130.538428 0.002512  0.088541  -0.000655  0.981888  0.189346  -0.006587  -0.188856  0.980940  0.045720  0.015119  -0.043648  0.998933  -0.002121  -0.005913  -0.000613  0.000000  0.000000  0.000000  2.000000  
130.539432 0.002509  0.088534  -0.000657  0.981888  0.189346  -0.006564  -0.188856  0.980934  0.045839  0.015119  -0.043769  0.998927  -0.002348  -0.006052  -0.000867  0.000000  0.000000  0.000000  2.000000  
130.540677 0.002503  0.088525  -0.000661  0.981927  0.189145  -0.006551  -0.188654  0.980968  0.045957  0.015119  -0.043890  0.998922  -0.002537  -0.006180  -0.001173  0.000000  0.000000  0.000000  2.000000  
130.541924 0.002498  0.088516  -0.000664  0.981927  0.189146  -0.006528  -0.188654  0.980962  0.046076  0.015119  -0.044012  0.998917  -0.002827  -0.006327  -0.001437  0.000000  0.000000  0.000000  2.000000  
130.542926 0.002494  0.088510  -0.000666  0.981925  0.189152  -0.006659  -0.188653  0.980961  0.046101  0.015252  -0.044011  0.998915  -0.003045  -0.006466  -0.001635  0.000000  0.000000  0.000000  2.000000  
130.544178 0.002488  0.088502  -0.000668  0.981964  0.188951  -0.006646  -0.188451  0.980994  0.046219  0.015252  -0.044133  0.998909  -0.003216  -0.006514  -0.001759  0.000000  0.000000  0.000000  2.000000  
130.545178 0.002484  0.088495  -0.000671  0.981964  0.188951  -0.006646  -0.188451  0.980994  0.046219  0.015252  -0.044133  0.998909  -0.003421  -0.006597  -0.001913  0.000000  0.000000  0.000000  2.000000  
130.546438 0.002478  0.088488  -0.000673  0.982003  0.188750  -0.006632  -0.188249  0.981028  0.046336  0.015252  -0.044254  0.998904  -0.003627  -0.006590  -0.002097  0.000000  0.000000  0.000000  2.000000  
130.547682 0.002473  0.088481  -0.000676  0.982003  0.188750  -0.006632  -0.188249  0.981028  0.046336  0.015252  -0.044254  0.998904  -0.003771  -0.006543  -0.002183  0.000000  0.000000  0.000000  2.000000  
130.548685 0.002468  0.088475  -0.000678  0.982042  0.188548  -0.006619  -0.188047  0.981061  0.046454  0.015252  -0.044375  0.998899  -0.003934  -0.006508  -0.002192  0.000000  0.000000  0.000000  2.000000  
130.549929 0.002463  0.088469  -0.000681  0.982042  0.188548  -0.006619  -0.188047  0.981061  0.046454  0.015252  -0.044375  0.998899  -0.004036  -0.006379  -0.002216  0.000000  0.000000  0.000000  2.000000  
130.550930 0.002458  0.088463  -0.000683  0.982042  0.188549  -0.006596  -0.188047  0.981055  0.046573  0.015252  -0.044496  0.998893  -0.004154  -0.006323  -0.002236  0.000000  0.000000  0.000000  2.000000  
130.552180 0.002453  0.088456  -0.000685  0.982080  0.188347  -0.006606  -0.187845  0.981094  0.046572  0.015252  -0.044496  0.998893  -0.004219  -0.006193  -0.002229  0.000000  0.000000  0.000000  2.000000  
130.553182 0.002449  0.088451  -0.000688  0.982080  0.188348  -0.006583  -0.187845  0.981088  0.046691  0.015252  -0.044617  0.998888  -0.004273  -0.006083  -0.002208  0.000000  0.000000  0.000000  2.000000  
130.554441 0.002444  0.088445  -0.000690  0.982119  0.188146  -0.006592  -0.187643  0.981127  0.046689  0.015252  -0.044617  0.998888  -0.004310  -0.005897  -0.002190  0.000000  0.000000  0.000000  2.000000  
130.555674 0.002439  0.088438  -0.000693  0.982119  0.188147  -0.006570  -0.187643  0.981121  0.046808  0.015252  -0.044738  0.998882  -0.004315  -0.005773  -0.002134  0.000000  0.000000  0.000000  2.000000  
130.556676 0.002435  0.088434  -0.000695  0.982160  0.187939  -0.006448  -0.187441  0.981161  0.046782  0.015119  -0.044739  0.998884  -0.004272  -0.005592  -0.002136  0.000000  0.000000  0.000000  2.000000  
130.557677 0.002432  0.088429  -0.000697  0.982160  0.187940  -0.006425  -0.187441  0.981156  0.046901  0.015119  -0.044860  0.998879  -0.004209  -0.005476  -0.002112  0.000000  0.000000  0.000000  2.000000  
130.558924 0.002427  0.088424  -0.000699  0.982160  0.187940  -0.006402  -0.187441  0.981150  0.047020  0.015119  -0.044981  0.998873  -0.004112  -0.005276  -0.002077  0.000000  0.000000  0.000000  2.000000  
130.559924 0.002424  0.088421  -0.000701  0.982160  0.187940  -0.006402  -0.187441  0.981150  0.047020  0.015119  -0.044981  0.998873  -0.004017  -0.005076  -0.002041  0.000000  0.000000  0.000000  2.000000  
130.560924 0.002422  0.088417  -0.000703  0.982160  0.187940  -0.006402  -0.187441  0.981150  0.047020  0.015119  -0.044981  0.998873  -0.003893  -0.004887  -0.002070  0.000000  0.000000  0.000000  2.000000  
130.562178 0.002419  0.088414  -0.000705  0.982198  0.187739  -0.006389  -0.187239  0.981183  0.047137  0.015119  -0.045102  0.998868  -0.003767  -0.004663  -0.002015  0.000000  0.000000  0.000000  2.000000  
130.563179 0.002416  0.088412  -0.000706  0.982198  0.187739  -0.006389  -0.187239  0.981183  0.047137  0.015119  -0.045102  0.998868  -0.003608  -0.004391  -0.001988  0.000000  0.000000  0.000000  2.000000  
130.564181 0.002415  0.088410  -0.000707  0.982198  0.187739  -0.006389  -0.187239  0.981183  0.047137  0.015119  -0.045102  0.998868  -0.003409  -0.004133  -0.001879  0.000000  0.000000  0.000000  2.000000  
130.565435 0.002413  0.088409  -0.000709  0.982160  0.187941  -0.006380  -0.187441  0.981144  0.047139  0.015119  -0.045102  0.998868  -0.003132  -0.003783  -0.001817  0.000000  0.000000  0.000000  2.000000  
130.566679 0.002411  0.088407  -0.000710  0.982162  0.187936  -0.006226  -0.187441  0.981140  0.047233  0.014985  -0.045223  0.998865  -0.002900  -0.003378  -0.001715  0.000000  0.000000  0.000000  2.000000  
130.567929 0.002410  0.088407  -0.000712  0.982162  0.187936  -0.006226  -0.187441  0.981140  0.047233  0.014985  -0.045223  0.998865  -0.002646  -0.003001  -0.001633  0.000000  0.000000  0.000000  2.000000  
130.568929 0.002409  0.088407  -0.000713  0.982162  0.187936  -0.006226  -0.187441  0.981140  0.047233  0.014985  -0.045223  0.998865  -0.002467  -0.002706  -0.001593  0.000000  0.000000  0.000000  2.000000  
130.569931 0.002409  0.088406  -0.000714  0.982123  0.188138  -0.006216  -0.187643  0.981101  0.047234  0.014985  -0.045223  0.998865  -0.002185  -0.002346  -0.001486  0.000000  0.000000  0.000000  2.000000  
130.570932 0.002408  0.088406  -0.000715  0.982123  0.188138  -0.006216  -0.187643  0.981101  0.047234  0.014985  -0.045223  0.998865  -0.002017  -0.002066  -0.001451  0.000000  0.000000  0.000000  2.000000  
130.572179 0.002408  0.088407  -0.000716  0.982123  0.188139  -0.006193  -0.187643  0.981095  0.047353  0.014985  -0.045344  0.998859  -0.001703  -0.001642  -0.001329  0.000000  0.000000  0.000000  2.000000  
130.573179 0.002408  0.088407  -0.000717  0.982123  0.188139  -0.006193  -0.187643  0.981095  0.047353  0.014985  -0.045344  0.998859  -0.001440  -0.001291  -0.001238  0.000000  0.000000  0.000000  2.000000  
130.574433 0.002408  0.088408  -0.000718  0.982084  0.188342  -0.006160  -0.187846  0.981051  0.047473  0.014985  -0.045466  0.998854  -0.001177  -0.000893  -0.001199  0.000000  0.000000  0.000000  2.000000  
130.575674 0.002408  0.088409  -0.000719  0.982084  0.188342  -0.006160  -0.187846  0.981051  0.047473  0.014985  -0.045466  0.998854  -0.000970  -0.000603  -0.001085  0.000000  0.000000  0.000000  2.000000  
130.576676 0.002409  0.088410  -0.000720  0.982046  0.188544  -0.006151  -0.188048  0.981012  0.047475  0.014985  -0.045466  0.998854  -0.000747  -0.000360  -0.001042  0.000000  0.000000  0.000000  2.000000  
130.577677 0.002410  0.088411  -0.000720  0.982046  0.188544  -0.006128  -0.188048  0.981006  0.047594  0.014985  -0.045587  0.998848  -0.000484  -0.000062  -0.000943  0.000000  0.000000  0.000000  2.000000  
130.578924 0.002411  0.088413  -0.000721  0.982007  0.188746  -0.006118  -0.188250  0.980967  0.047595  0.014985  -0.045587  0.998848  -0.000260  0.000206  -0.000897  0.000000  0.000000  0.000000  2.000000  
130.579926 0.002412  0.088415  -0.000720  0.982007  0.188746  -0.006118  -0.188250  0.980967  0.047595  0.014985  -0.045587  0.998848  -0.000133  0.000387  -0.000787  0.000000  0.000000  0.000000  2.000000  
130.580933 0.002413  0.088416  -0.000721  0.982007  0.188747  -0.006095  -0.188250  0.980961  0.047714  0.014985  -0.045708  0.998842  0.000028  0.000535  -0.000730  0.000000  0.000000  0.000000  2.000000  
130.582180 0.002414  0.088418  -0.000720  0.981968  0.188949  -0.006085  -0.188452  0.980923  0.047715  0.014985  -0.045708  0.998842  0.000191  0.000718  -0.000589  0.000000  0.000000  0.000000  2.000000  
130.583443 0.002415  0.088420  -0.000720  0.981968  0.188949  -0.006085  -0.188452  0.980923  0.047715  0.014985  -0.045708  0.998842  0.000389  0.000906  -0.000521  0.000000  0.000000  0.000000  2.000000  
130.584512 0.002416  0.088421  -0.000720  0.981968  0.188949  -0.006085  -0.188452  0.980923  0.047715  0.014985  -0.045708  0.998842  0.000466  0.000984  -0.000425  0.000000  0.000000  0.000000  2.000000  
130.585681 0.002417  0.088423  -0.000719  0.981929  0.189151  -0.006075  -0.188654  0.980884  0.047716  0.014985  -0.045708  0.998842  0.000597  0.001130  -0.000261  0.000000  0.000000  0.000000  2.000000  
130.586687 0.002417  0.088424  -0.000719  0.981929  0.189151  -0.006075  -0.188654  0.980884  0.047716  0.014985  -0.045708  0.998842  0.000638  0.001210  -0.000199  0.000000  0.000000  0.000000  2.000000  
130.587929 0.002418  0.088426  -0.000717  0.981929  0.189152  -0.006053  -0.188654  0.980878  0.047835  0.014985  -0.045829  0.998837  0.000665  0.001253  -0.000049  0.000000  0.000000  0.000000  2.000000  
130.589179 0.002419  0.088427  -0.000716  0.981929  0.189152  -0.006053  -0.188654  0.980878  0.047835  0.014985  -0.045829  0.998837  0.000725  0.001295  0.000088  0.000000  0.000000  0.000000  2.000000  
130.590436 0.002419  0.088429  -0.000715  0.981929  0.189152  -0.006053  -0.188654  0.980878  0.047835  0.014985  -0.045829  0.998837  0.000770  0.001333  0.000250  0.000000  0.000000  0.000000  2.000000  
130.591678 0.002419  0.088429  -0.000714  0.981929  0.189152  -0.006053  -0.188654  0.980878  0.047835  0.014985  -0.045829  0.998837  0.000696  0.001278  0.000384  0.000000  0.000000  0.000000  2.000000  
130.592924 0.002420  0.088429  -0.000713  0.981929  0.189152  -0.006053  -0.188654  0.980878  0.047835  0.014985  -0.045829  0.998837  0.000670  0.001219  0.000464  0.000000  0.000000  0.000000  2.000000  
130.594180 0.002419  0.088429  -0.000712  0.981929  0.189152  -0.006053  -0.188654  0.980878  0.047835  0.014985  -0.045829  0.998837  0.000548  0.001026  0.000545  0.000000  0.000000  0.000000  2.000000  
130.595180 0.002419  0.088429  -0.000712  0.981929  0.189152  -0.006053  -0.188654  0.980878  0.047835  0.014985  -0.045829  0.998837  0.000471  0.000935  0.000593  0.000000  0.000000  0.000000  2.000000  
130.596430 0.002419  0.088428  -0.000711  0.981929  0.189152  -0.006053  -0.188654  0.980878  0.047835  0.014985  -0.045829  0.998837  0.000384  0.000752  0.000600  0.000000  0.000000  0.000000  2.000000  
130.597436 0.002418  0.088428  -0.000711  0.981929  0.189152  -0.006053  -0.188654  0.980878  0.047835  0.014985  -0.045829  0.998837  0.000257  0.000595  0.000628  0.000000  0.000000  0.000000  2.000000  
130.598437 0.002418  0.088427  -0.000711  0.981929  0.189152  -0.006053  -0.188654  0.980878  0.047835  0.014985  -0.045829  0.998837  0.000160  0.000465  0.000613  0.000000  0.000000  0.000000  2.000000  
130.599679 0.002417  0.088425  -0.000710  0.981968  0.188950  -0.006062  -0.188452  0.980917  0.047834  0.014985  -0.045829  0.998837  0.000064  0.000227  0.000643  0.000000  0.000000  0.000000  2.000000  
130.600681 0.002417  0.088425  -0.000710  0.981968  0.188950  -0.006062  -0.188452  0.980917  0.047834  0.014985  -0.045829  0.998837  -0.000016  0.000099  0.000604  0.000000  0.000000  0.000000  2.000000  
130.601928 0.002416  0.088423  -0.000709  0.981968  0.188950  -0.006062  -0.188452  0.980917  0.047834  0.014985  -0.045829  0.998837  -0.000074  -0.000099  0.000590  0.000000  0.000000  0.000000  2.000000  
130.602928 0.002416  0.088422  -0.000708  0.981968  0.188950  -0.006062  -0.188452  0.980917  0.047834  0.014985  -0.045829  0.998837  -0.000115  -0.000223  0.000584  0.000000  0.000000  0.000000  2.000000  
130.603929 0.002416  0.088421  -0.000708  0.981968  0.188950  -0.006062  -0.188452  0.980917  0.047834  0.014985  -0.045829  0.998837  -0.000207  -0.000409  0.000514  0.000000  0.000000  0.000000  2.000000  
130.605178 0.002415  0.088420  -0.000709  0.982005  0.188753  -0.006226  -0.188250  0.980960  0.047739  0.015119  -0.045708  0.998840  -0.000298  -0.000592  0.000435  0.000000  0.000000  0.000000  2.000000  
130.606180 0.002415  0.088419  -0.000709  0.982005  0.188753  -0.006226  -0.188250  0.980960  0.047739  0.015119  -0.045708  0.998840  -0.000318  -0.000702  0.000352  0.000000  0.000000  0.000000  2.000000  
130.607180 0.002414  0.088418  -0.000709  0.982005  0.188753  -0.006226  -0.188250  0.980960  0.047739  0.015119  -0.045708  0.998840  -0.000321  -0.000782  0.000321  0.000000  0.000000  0.000000  2.000000  
130.608429 0.002414  0.088416  -0.000709  0.982005  0.188753  -0.006226  -0.188250  0.980960  0.047739  0.015119  -0.045708  0.998840  -0.000350  -0.000874  0.000267  0.000000  0.000000  0.000000  2.000000  
130.609678 0.002414  0.088415  -0.000709  0.982007  0.188747  -0.006095  -0.188250  0.980961  0.047714  0.014985  -0.045708  0.998842  -0.000366  -0.000943  0.000229  0.000000  0.000000  0.000000  2.000000  
130.610925 0.002414  0.088414  -0.000709  0.982046  0.188545  -0.006105  -0.188048  0.981000  0.047713  0.014985  -0.045708  0.998842  -0.000339  -0.000956  0.000205  0.000000  0.000000  0.000000  2.000000  
130.611928 0.002414  0.088413  -0.000709  0.982046  0.188544  -0.006128  -0.188048  0.981006  0.047594  0.014985  -0.045587  0.998848  -0.000335  -0.001015  0.000132  0.000000  0.000000  0.000000  2.000000  
130.613178 0.002413  0.088412  -0.000710  0.982046  0.188544  -0.006128  -0.188048  0.981006  0.047594  0.014985  -0.045587  0.998848  -0.000314  -0.001000  0.000056  0.000000  0.000000  0.000000  2.000000  
130.614182 0.002414  0.088412  -0.000709  0.982046  0.188544  -0.006128  -0.188048  0.981006  0.047594  0.014985  -0.045587  0.998848  -0.000242  -0.000970  0.000065  0.000000  0.000000  0.000000  2.000000  
130.615433 0.002414  0.088411  -0.000710  0.982046  0.188544  -0.006128  -0.188048  0.981006  0.047594  0.014985  -0.045587  0.998848  -0.000189  -0.000928  0.000009  0.000000  0.000000  0.000000  2.000000  
130.616433 0.002415  0.088411  -0.000710  0.982046  0.188544  -0.006128  -0.188048  0.981006  0.047594  0.014985  -0.045587  0.998848  -0.000103  -0.000847  -0.000026  0.000000  0.000000  0.000000  2.000000  
130.617679 0.002415  0.088411  -0.000710  0.982046  0.188544  -0.006128  -0.188048  0.981006  0.047594  0.014985  -0.045587  0.998848  -0.000079  -0.000754  -0.000072  0.000000  0.000000  0.000000  2.000000  
130.618679 0.002416  0.088411  -0.000710  0.982046  0.188544  -0.006128  -0.188048  0.981006  0.047594  0.014985  -0.045587  0.998848  0.000011  -0.000712  -0.000096  0.000000  0.000000  0.000000  2.000000  
130.619932 0.002416  0.088411  -0.000710  0.982007  0.188745  -0.006141  -0.188250  0.980973  0.047476  0.014985  -0.045466  0.998854  0.000098  -0.000577  -0.000104  0.000000  0.000000  0.000000  2.000000  
130.621179 0.002417  0.088412  -0.000710  0.982007  0.188745  -0.006141  -0.188250  0.980973  0.047476  0.014985  -0.045466  0.998854  0.000175  -0.000442  -0.000065  0.000000  0.000000  0.000000  2.000000  
130.622425 0.002418  0.088412  -0.000709  0.982007  0.188745  -0.006141  -0.188250  0.980973  0.047476  0.014985  -0.045466  0.998854  0.000223  -0.000343  -0.000047  0.000000  0.000000  0.000000  2.000000  
130.623440 0.002418  0.088413  -0.000709  0.982007  0.188745  -0.006141  -0.188250  0.980973  0.047476  0.014985  -0.045466  0.998854  0.000269  -0.000223  -0.000041  0.000000  0.000000  0.000000  2.000000  
130.624676 0.002418  0.088414  -0.000709  0.982007  0.188746  -0.006118  -0.188250  0.980967  0.047595  0.014985  -0.045587  0.998848  0.000306  -0.000096  -0.000034  0.000000  0.000000  0.000000  2.000000  
130.625924 0.002419  0.088415  -0.000708  0.982007  0.188746  -0.006118  -0.188250  0.980967  0.047595  0.014985  -0.045587  0.998848  0.000364  0.000058  0.000024  0.000000  0.000000  0.000000  2.000000  
130.626925 0.002419  0.088416  -0.000708  0.982007  0.188746  -0.006118  -0.188250  0.980967  0.047595  0.014985  -0.045587  0.998848  0.000391  0.000186  0.000062  0.000000  0.000000  0.000000  2.000000  
130.628178 0.002420  0.088417  -0.000707  0.982007  0.188746  -0.006118  -0.188250  0.980967  0.047595  0.014985  -0.045587  0.998848  0.000411  0.000295  0.000144  0.000000  0.000000  0.000000  2.000000  
130.629431 0.002420  0.088418  -0.000707  0.982007  0.188746  -0.006118  -0.188250  0.980967  0.047595  0.014985  -0.045587  0.998848  0.000418  0.000452  0.000203  0.000000  0.000000  0.000000  2.000000  
130.630437 0.002420  0.088419  -0.000706  0.982007  0.188746  -0.006118  -0.188250  0.980967  0.047595  0.014985  -0.045587  0.998848  0.000414  0.000543  0.000269  0.000000  0.000000  0.000000  2.000000  
130.631439 0.002420  0.088420  -0.000706  0.982007  0.188746  -0.006118  -0.188250  0.980967  0.047595  0.014985  -0.045587  0.998848  0.000364  0.000626  0.000300  0.000000  0.000000  0.000000  2.000000  
130.632680 0.002420  0.088421  -0.000705  0.982007  0.188746  -0.006118  -0.188250  0.980967  0.047595  0.014985  -0.045587  0.998848  0.000343  0.000655  0.000321  0.000000  0.000000  0.000000  2.000000  
130.633686 0.002421  0.088422  -0.000704  0.982007  0.188747  -0.006095  -0.188250  0.980961  0.047714  0.014985  -0.045708  0.998842  0.000332  0.000739  0.000384  0.000000  0.000000  0.000000  2.000000  
130.634931 0.002421  0.088423  -0.000703  0.982007  0.188747  -0.006095  -0.188250  0.980961  0.047714  0.014985  -0.045708  0.998842  0.000309  0.000791  0.000483  0.000000  0.000000  0.000000  2.000000  
130.635932 0.002421  0.088424  -0.000702  0.982007  0.188747  -0.006095  -0.188250  0.980961  0.047714  0.014985  -0.045708  0.998842  0.000262  0.000807  0.000492  0.000000  0.000000  0.000000  2.000000  
130.637181 0.002421  0.088424  -0.000701  0.982007  0.188747  -0.006095  -0.188250  0.980961  0.047714  0.014985  -0.045708  0.998842  0.000202  0.000790  0.000536  0.000000  0.000000  0.000000  2.000000  
130.638436 0.002421  0.088425  -0.000701  0.982007  0.188747  -0.006095  -0.188250  0.980961  0.047714  0.014985  -0.045708  0.998842  0.000185  0.000782  0.000560  0.000000  0.000000  0.000000  2.000000  
130.639681 0.002421  0.088425  -0.000700  0.982007  0.188747  -0.006095  -0.188250  0.980961  0.047714  0.014985  -0.045708  0.998842  0.000118  0.000723  0.000572  0.000000  0.000000  0.000000  2.000000  
130.640932 0.002421  0.088426  -0.000699  0.982007  0.188747  -0.006095  -0.188250  0.980961  0.047714  0.014985  -0.045708  0.998842  0.000110  0.000703  0.000616  0.000000  0.000000  0.000000  2.000000  
130.642179 0.002421  0.088426  -0.000699  0.982007  0.188747  -0.006095  -0.188250  0.980961  0.047714  0.014985  -0.045708  0.998842  0.000086  0.000653  0.000608  0.000000  0.000000  0.000000  2.000000  
130.643440 0.002420  0.088426  -0.000698  0.982007  0.188747  -0.006095  -0.188250  0.980961  0.047714  0.014985  -0.045708  0.998842  0.000037  0.000552  0.000590  0.000000  0.000000  0.000000  2.000000  
130.644678 0.002420  0.088426  -0.000698  0.982007  0.188747  -0.006095  -0.188250  0.980961  0.047714  0.014985  -0.045708  0.998842  0.000034  0.000473  0.000560  0.000000  0.000000  0.000000  2.000000  
130.645680 0.002420  0.088426  -0.000698  0.982007  0.188747  -0.006095  -0.188250  0.980961  0.047714  0.014985  -0.045708  0.998842  0.000009  0.000422  0.000551  0.000000  0.000000  0.000000  2.000000  
130.646927 0.002421  0.088426  -0.000697  0.982007  0.188747  -0.006095  -0.188250  0.980961  0.047714  0.014985  -0.045708  0.998842  -0.000001  0.000367  0.000509  0.000000  0.000000  0.000000  2.000000  
