1-Time 2-Px 3-Py 4-Pz 5-R11 6-R21 7-R31 8-R12 9-R22 10-R32 11-R13 12-R23 13-R33 14-Vx 15-Vy 16-Vz 17-Wx 18-Wy 19-Wz 20-state 21-PR11 22-PR21 23-PR31 24-PR12 25-PR22 26-PR32 27-PR13 28-PR23 29-PR33 
134.324109 0.000653  0.087843  -0.012704  0.984435  0.171407  -0.038811  -0.170914  0.985161  0.015725  0.040931  -0.008847  0.999123  -0.000346  0.000365  -0.000485  0.000000  0.000000  0.000000  2.000000  
134.325111 0.000653  0.087843  -0.012704  0.984435  0.171407  -0.038811  -0.170914  0.985161  0.015725  0.040931  -0.008847  0.999123  -0.000377  0.000341  -0.000503  0.000000  0.000000  0.000000  2.000000  
134.326118 0.000652  0.087841  -0.012705  0.984294  0.172219  -0.038798  -0.171724  0.985019  0.015757  0.040931  -0.008847  0.999123  -0.000417  0.000220  -0.000512  0.000000  0.000000  0.000000  2.000000  
134.327369 0.000650  0.087838  -0.012707  0.984117  0.173232  -0.038782  -0.172737  0.984841  0.015797  0.040931  -0.008847  0.999123  -0.000563  -0.000025  -0.000622  0.000000  0.000000  0.000000  2.000000  
134.328377 0.000648  0.087835  -0.012708  0.984010  0.173845  -0.038751  -0.173345  0.984732  0.015941  0.040931  -0.008968  0.999122  -0.000603  -0.000266  -0.000613  0.000000  0.000000  0.000000  2.000000  
134.329616 0.000647  0.087831  -0.012709  0.983903  0.174453  -0.038742  -0.173953  0.984625  0.015965  0.040931  -0.008968  0.999122  -0.000696  -0.000559  -0.000678  0.000000  0.000000  0.000000  2.000000  
134.330862 0.000646  0.087828  -0.012710  0.983713  0.175474  -0.038967  -0.174964  0.984442  0.016171  0.041198  -0.009089  0.999110  -0.000737  -0.000799  -0.000669  0.000000  0.000000  0.000000  2.000000  
134.331864 0.000645  0.087826  -0.012709  0.983485  0.176692  -0.039210  -0.176177  0.984224  0.016266  0.041466  -0.009089  0.999099  -0.000742  -0.000940  -0.000605  0.019785  0.011734  0.185327  2.000000  
134.333117 0.000644  0.087824  -0.012709  0.983177  0.178321  -0.039556  -0.177793  0.983929  0.016521  0.041867  -0.009210  0.999081  -0.000804  -0.001154  -0.000570  0.026348  0.024808  0.242191  2.000000  
134.334136 0.000642  0.087821  -0.012711  0.982951  0.179538  -0.039667  -0.179006  0.983708  0.016594  0.042000  -0.009210  0.999075  -0.000862  -0.001300  -0.000633  0.028069  0.028912  0.283513  2.000000  
134.335371 0.000641  0.087819  -0.012714  0.982612  0.181366  -0.039746  -0.180826  0.983371  0.016811  0.042134  -0.009331  0.999068  -0.000933  -0.001555  -0.000823  0.034768  0.032843  0.345898  2.000000  
134.336616 0.000640  0.087817  -0.012717  0.982307  0.182987  -0.039850  -0.182443  0.983071  0.016901  0.042268  -0.009331  0.999063  -0.000933  -0.001666  -0.000986  0.037104  0.036846  0.401310  2.000000  
134.337617 0.000641  0.087817  -0.012717  0.982038  0.184409  -0.039934  -0.183858  0.982804  0.017102  0.042401  -0.009453  0.999056  -0.000906  -0.001717  -0.001003  0.043222  0.040872  0.449670  2.000000  
134.338618 0.000640  0.087816  -0.012717  0.981728  0.186029  -0.040038  -0.185474  0.982499  0.017193  0.042535  -0.009452  0.999050  -0.000900  -0.001805  -0.000894  0.045564  0.044863  0.504986  2.000000  
134.339864 0.000639  0.087812  -0.012718  0.981333  0.188054  -0.040265  -0.187492  0.982113  0.017325  0.042802  -0.009452  0.999039  -0.000976  -0.002065  -0.000943  0.048538  0.053231  0.574248  2.000000  
134.340866 0.000638  0.087808  -0.012720  0.981017  0.189672  -0.040367  -0.189107  0.981802  0.017417  0.042936  -0.009452  0.999033  -0.000950  -0.002253  -0.001039  0.050897  0.057220  0.629541  2.000000  
134.342112 0.000637  0.087805  -0.012721  0.980688  0.191298  -0.040709  -0.190719  0.981485  0.017679  0.043337  -0.009573  0.999015  -0.000831  -0.002265  -0.000985  0.057442  0.070172  0.685044  2.000000  
134.343116 0.000637  0.087800  -0.012720  0.980400  0.192714  -0.040946  -0.192130  0.981208  0.017789  0.043605  -0.009573  0.999003  -0.000787  -0.002352  -0.000851  0.059578  0.078713  0.733431  2.000000  
134.344117 0.000637  0.087796  -0.012719  0.980117  0.194129  -0.041051  -0.193542  0.980929  0.017874  0.043738  -0.009573  0.998997  -0.000692  -0.002430  -0.000691  0.057567  0.087237  0.782109  2.000000  
134.345367 0.000638  0.087788  -0.012717  0.979705  0.196156  -0.041253  -0.195557  0.980525  0.018129  0.044006  -0.009694  0.998984  -0.000574  -0.002765  -0.000500  0.064668  0.095513  0.851083  2.000000  
134.346612 0.000641  0.087780  -0.012716  0.979294  0.198176  -0.041346  -0.197572  0.980119  0.018241  0.044139  -0.009694  0.998978  -0.000241  -0.003036  -0.000441  0.067389  0.099455  0.913544  2.000000  
134.347614 0.000644  0.087775  -0.012715  0.978956  0.199792  -0.041578  -0.199182  0.979790  0.018362  0.044407  -0.009694  0.998967  0.000015  -0.003364  -0.000443  0.069860  0.107913  0.968735  2.000000  
134.348863 0.000648  0.087766  -0.012714  0.978579  0.201608  -0.041675  -0.200995  0.979418  0.018466  0.044540  -0.009694  0.998961  0.000318  -0.003715  -0.000243  0.072589  0.111837  1.031036  2.000000  
134.349865 0.000650  0.087758  -0.012713  0.978324  0.202819  -0.041783  -0.202202  0.979168  0.018545  0.044674  -0.009694  0.998955  0.000556  -0.004068  -0.000061  0.074423  0.115929  1.072382  2.000000  
134.350867 0.000654  0.087750  -0.012714  0.978062  0.204031  -0.042022  -0.203408  0.978916  0.018651  0.044941  -0.009694  0.998943  0.000836  -0.004520  0.000123  0.076352  0.124540  1.113977  2.000000  
134.351871 0.000657  0.087742  -0.012714  0.977762  0.205443  -0.042126  -0.204816  0.978621  0.018738  0.045075  -0.009694  0.998937  0.001115  -0.005083  0.000257  0.078494  0.128562  1.162184  2.000000  
134.353117 0.000662  0.087732  -0.012714  0.977417  0.207056  -0.042226  -0.206425  0.978281  0.018835  0.045209  -0.009694  0.998931  0.001392  -0.005660  0.000215  0.080976  0.132578  1.217826  2.000000  
134.354117 0.000664  0.087723  -0.012713  0.977199  0.208064  -0.042337  -0.207430  0.978067  0.018907  0.045342  -0.009694  0.998924  0.001670  -0.006175  0.000287  0.082563  0.136773  1.252622  2.000000  
134.355121 0.000666  0.087714  -0.012713  0.976985  0.209065  -0.042343  -0.208435  0.977855  0.018832  0.045342  -0.009572  0.998926  0.001857  -0.006530  0.000376  0.079657  0.136553  1.279887  2.000000  
134.356373 0.000670  0.087702  -0.012713  0.976764  0.210073  -0.042454  -0.209440  0.977639  0.018903  0.045476  -0.009572  0.998920  0.002188  -0.007025  0.000569  0.079745  0.141054  1.279976  2.000000  
134.357615 0.000673  0.087690  -0.012712  0.976504  0.211275  -0.042456  -0.210646  0.977381  0.018837  0.045476  -0.009451  0.998921  0.002408  -0.007547  0.000584  0.075983  0.141095  1.287125  2.000000  
134.358616 0.000674  0.087680  -0.012712  0.976287  0.212276  -0.042463  -0.211651  0.977165  0.018762  0.045476  -0.009330  0.998922  0.002542  -0.007923  0.000515  0.068737  0.140924  1.308039  2.000000  
134.359864 0.000676  0.087667  -0.012710  0.976068  0.213282  -0.042443  -0.212656  0.976946  0.018806  0.045476  -0.009330  0.998922  0.002578  -0.008341  0.000518  0.068756  0.139622  1.310837  2.000000  
134.361117 0.000678  0.087654  -0.012709  0.975887  0.214082  -0.042584  -0.213458  0.976772  0.018751  0.045610  -0.009209  0.998917  0.002527  -0.008680  0.000536  0.060620  0.131968  1.300774  2.000000  
134.362375 0.000679  0.087641  -0.012708  0.975749  0.214682  -0.042729  -0.214060  0.976642  0.018687  0.045743  -0.009088  0.998912  0.002323  -0.009060  0.000498  0.055669  0.123281  1.272743  2.000000  
134.363616 0.000679  0.087627  -0.012707  0.975566  0.215482  -0.042871  -0.214862  0.976467  0.018633  0.045877  -0.008966  0.998907  0.002102  -0.009424  0.000487  0.046420  0.122524  1.242411  2.000000  
134.364862 0.000678  0.087613  -0.012704  0.975383  0.216282  -0.043012  -0.215664  0.976291  0.018579  0.046010  -0.008845  0.998902  0.001843  -0.009708  0.000611  0.037366  0.118297  1.214760  2.000000  
134.365866 0.000677  0.087602  -0.012702  0.975294  0.216679  -0.043031  -0.216065  0.976204  0.018478  0.046010  -0.008724  0.998903  0.001597  -0.009901  0.000776  0.031888  0.114218  1.180388  2.000000  
134.366869 0.000676  0.087590  -0.012701  0.975205  0.217075  -0.043049  -0.216467  0.976117  0.018377  0.046010  -0.008603  0.998904  0.001293  -0.010123  0.000861  0.026405  0.110129  1.145961  2.000000  
134.368115 0.000674  0.087575  -0.012701  0.975110  0.217468  -0.043225  -0.216867  0.976032  0.018187  0.046144  -0.008360  0.998900  0.000828  -0.010441  0.000846  0.012299  0.110631  1.098003  2.000000  
134.369115 0.000670  0.087562  -0.012701  0.975027  0.217863  -0.043114  -0.217270  0.975945  0.018058  0.046010  -0.008239  0.998907  0.000440  -0.010694  0.000787  0.005870  0.103116  1.051745  2.000000  
134.370115 0.000666  0.087549  -0.012702  0.974982  0.218059  -0.043136  -0.217471  0.975902  0.017948  0.046010  -0.008118  0.998908  -0.000021  -0.010994  0.000728  0.000324  0.098184  1.008874  2.000000  
134.371366 0.000661  0.087533  -0.012704  0.974841  0.218652  -0.043309  -0.218071  0.975771  0.017767  0.046144  -0.007876  0.998904  -0.000603  -0.011314  0.000630  -0.010029  0.090599  0.961744  2.000000  
134.372369 0.000656  0.087520  -0.012705  0.974796  0.218848  -0.043332  -0.218272  0.975728  0.017658  0.046144  -0.007755  0.998905  -0.001070  -0.011520  0.000463  -0.019197  0.085626  0.926307  2.000000  
134.373617 0.000650  0.087505  -0.012707  0.974745  0.219039  -0.043511  -0.218471  0.975687  0.017459  0.046278  -0.007512  0.998900  -0.001651  -0.011680  0.000245  -0.030060  0.077981  0.871582  2.000000  
134.374863 0.000643  0.087490  -0.012711  0.974700  0.219235  -0.043534  -0.218672  0.975644  0.017350  0.046278  -0.007391  0.998901  -0.002192  -0.011801  -0.000069  -0.035967  0.073348  0.816474  2.000000  
134.376117 0.000635  0.087474  -0.012714  0.974655  0.219430  -0.043557  -0.218873  0.975601  0.017240  0.046278  -0.007270  0.998902  -0.002895  -0.012018  -0.000361  -0.047748  0.065607  0.747099  2.000000  
134.377361 0.000626  0.087458  -0.012718  0.974565  0.219827  -0.043577  -0.219274  0.975513  0.017140  0.046278  -0.007149  0.998903  -0.003484  -0.012208  -0.000658  -0.053223  0.061010  0.699904  2.000000  
134.378380 0.000619  0.087445  -0.012721  0.974520  0.220022  -0.043600  -0.219475  0.975470  0.017031  0.046278  -0.007028  0.998904  -0.004000  -0.012320  -0.000964  -0.060126  0.052996  0.649930  2.000000  
134.379614 0.000611  0.087430  -0.012723  0.974475  0.220212  -0.043650  -0.219675  0.975428  0.016803  0.046278  -0.006785  0.998906  -0.004548  -0.012381  -0.001298  -0.070481  0.049012  0.601926  2.000000  
134.380617 0.000603  0.087418  -0.012726  0.974475  0.220207  -0.043677  -0.219675  0.975430  0.016685  0.046278  -0.006664  0.998906  -0.005053  -0.012431  -0.001604  -0.075465  0.044463  0.562620  2.000000  
134.381862 0.000594  0.087404  -0.012728  0.974469  0.220197  -0.043861  -0.219674  0.975434  0.016477  0.046411  -0.006422  0.998902  -0.005466  -0.012442  -0.001808  -0.085963  0.040518  0.507785  2.000000  
134.382867 0.000587  0.087392  -0.012730  0.974424  0.220393  -0.043884  -0.219875  0.975391  0.016368  0.046411  -0.006301  0.998903  -0.005845  -0.012429  -0.001946  -0.091518  0.036351  0.473314  2.000000  
134.383870 0.000579  0.087380  -0.012732  0.974424  0.220388  -0.043911  -0.219875  0.975393  0.016250  0.046411  -0.006179  0.998903  -0.006167  -0.012365  -0.002091  -0.098545  0.032570  0.428824  2.000000  
134.385120 0.000571  0.087365  -0.012735  0.974378  0.220578  -0.043961  -0.220075  0.975351  0.016022  0.046411  -0.005937  0.998905  -0.006381  -0.012217  -0.002221  -0.103037  0.032592  0.397869  2.000000  
134.386122 0.000564  0.087354  -0.012738  0.974378  0.220567  -0.044014  -0.220075  0.975355  0.015786  0.046411  -0.005695  0.998906  -0.006529  -0.012121  -0.002341  -0.113621  0.028682  0.366611  2.000000  
134.387369 0.000557  0.087341  -0.012741  0.974378  0.220562  -0.044041  -0.220075  0.975357  0.015667  0.046411  -0.005574  0.998907  -0.006613  -0.011969  -0.002385  -0.114257  0.028746  0.329296  2.000000  
134.388383 0.000551  0.087330  -0.012744  0.974378  0.220556  -0.044068  -0.220075  0.975359  0.015549  0.046411  -0.005452  0.998908  -0.006692  -0.011869  -0.002450  -0.117051  0.029316  0.290396  2.000000  
134.389618 0.000545  0.087317  -0.012747  0.974378  0.220546  -0.044121  -0.220075  0.975363  0.015312  0.046411  -0.005210  0.998909  -0.006614  -0.011735  -0.002459  -0.126846  0.029616  0.255963  2.000000  
134.390866 0.000540  0.087305  -0.012750  0.974378  0.220540  -0.044148  -0.220075  0.975365  0.015194  0.046411  -0.005089  0.998909  -0.006442  -0.011479  -0.002467  -0.128123  0.025352  0.228316  2.000000  
134.392113 0.000535  0.087292  -0.012754  0.974424  0.220334  -0.044178  -0.219875  0.975412  0.015067  0.046411  -0.004968  0.998910  -0.006212  -0.011246  -0.002432  -0.128312  0.020903  0.198969  2.000000  
134.393118 0.000531  0.087283  -0.012757  0.974424  0.220334  -0.044178  -0.219875  0.975412  0.015067  0.046411  -0.004968  0.998910  -0.005992  -0.011017  -0.002443  -0.126217  0.016732  0.179811  2.000000  
134.394377 0.000526  0.087270  -0.012760  0.974430  0.220334  -0.044048  -0.219876  0.975412  0.015037  0.046278  -0.004968  0.998916  -0.005711  -0.010821  -0.002498  0.000000  0.000000  0.000000  2.000000  
134.395616 0.000522  0.087258  -0.012763  0.974430  0.220334  -0.044048  -0.219876  0.975412  0.015037  0.046278  -0.004968  0.998916  -0.005401  -0.010689  -0.002516  0.000000  0.000000  0.000000  2.000000  
134.396862 0.000519  0.087247  -0.012766  0.974475  0.220127  -0.044077  -0.219675  0.975459  0.014910  0.046278  -0.004847  0.998917  -0.005012  -0.010454  -0.002552  0.000000  0.000000  0.000000  2.000000  
134.398116 0.000516  0.087235  -0.012768  0.974475  0.220127  -0.044077  -0.219675  0.975459  0.014910  0.046278  -0.004847  0.998917  -0.004659  -0.010268  -0.002496  0.000000  0.000000  0.000000  2.000000  
134.399368 0.000513  0.087225  -0.012769  0.974520  0.219927  -0.044080  -0.219475  0.975504  0.014901  0.046278  -0.004847  0.998917  -0.004165  -0.009915  -0.002349  0.000000  0.000000  0.000000  2.000000  
134.400373 0.000511  0.087216  -0.012769  0.974565  0.219726  -0.044084  -0.219274  0.975550  0.014892  0.046278  -0.004847  0.998917  -0.003849  -0.009670  -0.002163  0.000000  0.000000  0.000000  2.000000  
134.401374 0.000509  0.087209  -0.012768  0.974565  0.219726  -0.044084  -0.219274  0.975550  0.014892  0.046278  -0.004847  0.998917  -0.003534  -0.009425  -0.001978  0.000000  0.000000  0.000000  2.000000  
134.402379 0.000508  0.087202  -0.012768  0.974565  0.219731  -0.044057  -0.219274  0.975548  0.015010  0.046278  -0.004968  0.998916  -0.003219  -0.009178  -0.001792  0.000000  0.000000  0.000000  2.000000  
134.403617 0.000507  0.087194  -0.012767  0.974565  0.219731  -0.044057  -0.219274  0.975548  0.015010  0.046278  -0.004968  0.998916  -0.002861  -0.008916  -0.001564  0.000000  0.000000  0.000000  2.000000  
134.404870 0.000507  0.087187  -0.012765  0.974610  0.219530  -0.044060  -0.219073  0.975593  0.015001  0.046278  -0.004968  0.998916  -0.002405  -0.008446  -0.001150  0.000000  0.000000  0.000000  2.000000  
134.406117 0.000507  0.087180  -0.012763  0.974610  0.219530  -0.044060  -0.219073  0.975593  0.015001  0.046278  -0.004968  0.998916  -0.002169  -0.008123  -0.000799  0.000000  0.000000  0.000000  2.000000  
134.407119 0.000507  0.087175  -0.012761  0.974610  0.219536  -0.044033  -0.219073  0.975591  0.015119  0.046278  -0.005089  0.998916  -0.001819  -0.007761  -0.000438  0.000000  0.000000  0.000000  2.000000  
134.408382 0.000507  0.087168  -0.012760  0.974616  0.219535  -0.043903  -0.219075  0.975591  0.015090  0.046144  -0.005089  0.998922  -0.001503  -0.007400  -0.000090  0.000000  0.000000  0.000000  2.000000  
134.409614 0.000506  0.087161  -0.012757  0.974661  0.219339  -0.043879  -0.218874  0.975635  0.015199  0.046144  -0.005210  0.998921  -0.001242  -0.007054  0.000265  0.000000  0.000000  0.000000  2.000000  
134.410615 0.000506  0.087156  -0.012756  0.974661  0.219345  -0.043853  -0.218874  0.975633  0.015318  0.046144  -0.005331  0.998921  -0.001064  -0.006807  0.000485  0.000000  0.000000  0.000000  2.000000  
134.411617 0.000505  0.087150  -0.012755  0.974661  0.219350  -0.043826  -0.218874  0.975631  0.015436  0.046144  -0.005453  0.998920  -0.000899  -0.006519  0.000738  0.000000  0.000000  0.000000  2.000000  
134.412862 0.000505  0.087144  -0.012753  0.974661  0.219355  -0.043800  -0.218874  0.975629  0.015554  0.046144  -0.005574  0.998919  -0.000734  -0.006195  0.000984  0.000000  0.000000  0.000000  2.000000  
134.414116 0.000504  0.087136  -0.012751  0.974661  0.219366  -0.043746  -0.218874  0.975625  0.015791  0.046144  -0.005816  0.998918  -0.000596  -0.005990  0.001185  0.000000  0.000000  0.000000  2.000000  
134.415117 0.000503  0.087131  -0.012749  0.974661  0.219371  -0.043720  -0.218874  0.975623  0.015909  0.046144  -0.005937  0.998917  -0.000510  -0.005836  0.001300  0.000000  0.000000  0.000000  2.000000  
134.416366 0.000503  0.087125  -0.012747  0.974661  0.219382  -0.043667  -0.218874  0.975620  0.016146  0.046144  -0.006180  0.998916  -0.000439  -0.005642  0.001407  0.000000  0.000000  0.000000  2.000000  
134.417373 0.000502  0.087120  -0.012746  0.974661  0.219387  -0.043640  -0.218874  0.975618  0.016264  0.046144  -0.006301  0.998915  -0.000392  -0.005492  0.001505  0.000000  0.000000  0.000000  2.000000  
134.418387 0.000502  0.087115  -0.012744  0.974661  0.219398  -0.043587  -0.218874  0.975614  0.016501  0.046144  -0.006543  0.998913  -0.000369  -0.005331  0.001555  0.000000  0.000000  0.000000  2.000000  
134.419617 0.000501  0.087109  -0.012743  0.974661  0.219408  -0.043534  -0.218874  0.975610  0.016738  0.046144  -0.006785  0.998912  -0.000443  -0.005320  0.001457  0.000000  0.000000  0.000000  2.000000  
134.420867 0.000500  0.087102  -0.012742  0.974610  0.219621  -0.043607  -0.219073  0.975560  0.017013  0.046278  -0.007028  0.998904  -0.000489  -0.005295  0.001419  0.000000  0.000000  0.000000  2.000000  
134.422117 0.000499  0.087097  -0.012741  0.974610  0.219626  -0.043581  -0.219073  0.975558  0.017131  0.046278  -0.007149  0.998903  -0.000551  -0.005232  0.001351  0.000000  0.000000  0.000000  2.000000  
134.423117 0.000498  0.087092  -0.012740  0.974610  0.219631  -0.043554  -0.219073  0.975556  0.017249  0.046278  -0.007270  0.998902  -0.000618  -0.005176  0.001355  0.000000  0.000000  0.000000  2.000000  
134.424118 0.000497  0.087088  -0.012739  0.974655  0.219436  -0.043531  -0.218873  0.975599  0.017359  0.046278  -0.007391  0.998901  -0.000645  -0.005086  0.001304  0.000000  0.000000  0.000000  2.000000  
134.425364 0.000495  0.087082  -0.012738  0.974655  0.219446  -0.043478  -0.218873  0.975595  0.017595  0.046278  -0.007633  0.998899  -0.000738  -0.005043  0.001232  0.000000  0.000000  0.000000  2.000000  
134.426376 0.000493  0.087077  -0.012737  0.974610  0.219652  -0.043447  -0.219073  0.975547  0.017723  0.046278  -0.007755  0.998899  -0.000838  -0.004997  0.001213  0.000000  0.000000  0.000000  2.000000  
134.427614 0.000490  0.087070  -0.012737  0.974610  0.219658  -0.043421  -0.219073  0.975545  0.017841  0.046278  -0.007876  0.998898  -0.000968  -0.005040  0.001068  0.000000  0.000000  0.000000  2.000000  
134.428614 0.000488  0.087064  -0.012737  0.974610  0.219668  -0.043367  -0.219073  0.975541  0.018078  0.046278  -0.008118  0.998896  -0.001059  -0.004992  0.000995  0.000000  0.000000  0.000000  2.000000  
134.429618 0.000486  0.087059  -0.012738  0.974655  0.219472  -0.043345  -0.218873  0.975584  0.018187  0.046278  -0.008239  0.998895  -0.001200  -0.004986  0.000819  0.000000  0.000000  0.000000  2.000000  
134.430862 0.000483  0.087052  -0.012739  0.974655  0.219483  -0.043291  -0.218873  0.975579  0.018424  0.046278  -0.008482  0.998893  -0.001345  -0.005048  0.000592  0.000000  0.000000  0.000000  2.000000  
134.431864 0.000480  0.087046  -0.012739  0.974655  0.219488  -0.043265  -0.218873  0.975577  0.018542  0.046278  -0.008603  0.998892  -0.001454  -0.005037  0.000500  0.000000  0.000000  0.000000  2.000000  
134.432864 0.000478  0.087041  -0.012740  0.974655  0.219499  -0.043211  -0.218873  0.975573  0.018779  0.046278  -0.008845  0.998889  -0.001574  -0.005083  0.000299  0.000000  0.000000  0.000000  2.000000  
134.433870 0.000476  0.087035  -0.012742  0.974655  0.219504  -0.043185  -0.218873  0.975570  0.018897  0.046278  -0.008966  0.998888  -0.001722  -0.005161  0.000116  0.000000  0.000000  0.000000  2.000000  
134.435120 0.000472  0.087028  -0.012744  0.974700  0.219314  -0.043135  -0.218672  0.975611  0.019125  0.046278  -0.009209  0.998886  -0.001918  -0.005217  -0.000104  0.000000  0.000000  0.000000  2.000000  
134.436369 0.000468  0.087021  -0.012746  0.974700  0.219324  -0.043082  -0.218672  0.975606  0.019362  0.046278  -0.009451  0.998884  -0.002125  -0.005324  -0.000369  0.000000  0.000000  0.000000  2.000000  
134.437616 0.000464  0.087013  -0.012748  0.974700  0.219335  -0.043029  -0.218672  0.975602  0.019598  0.046278  -0.009693  0.998882  -0.002295  -0.005406  -0.000525  0.000000  0.000000  0.000000  2.000000  
134.438619 0.000460  0.087008  -0.012750  0.974700  0.219340  -0.043002  -0.218672  0.975599  0.019717  0.046278  -0.009814  0.998880  -0.002497  -0.005528  -0.000735  0.000000  0.000000  0.000000  2.000000  
134.439866 0.000455  0.087001  -0.012752  0.974745  0.219144  -0.042980  -0.218471  0.975642  0.019826  0.046278  -0.009936  0.998879  -0.002683  -0.005535  -0.000913  0.000000  0.000000  0.000000  2.000000  
134.441116 0.000451  0.086994  -0.012754  0.974745  0.219149  -0.042953  -0.218471  0.975640  0.019944  0.046278  -0.010057  0.998878  -0.002806  -0.005566  -0.001084  0.000000  0.000000  0.000000  2.000000  
134.442380 0.000447  0.086988  -0.012755  0.974790  0.218959  -0.042904  -0.218271  0.975680  0.020172  0.046278  -0.010299  0.998876  -0.002954  -0.005537  -0.001239  0.000000  0.000000  0.000000  2.000000  
134.443613 0.000442  0.086981  -0.012757  0.974790  0.218964  -0.042878  -0.218271  0.975677  0.020291  0.046278  -0.010420  0.998874  -0.003116  -0.005522  -0.001356  0.000000  0.000000  0.000000  2.000000  
134.444614 0.000438  0.086976  -0.012759  0.974790  0.218969  -0.042851  -0.218271  0.975675  0.020409  0.046278  -0.010541  0.998873  -0.003213  -0.005496  -0.001384  0.000000  0.000000  0.000000  2.000000  
134.445862 0.000434  0.086971  -0.012761  0.974790  0.218980  -0.042798  -0.218271  0.975670  0.020646  0.046278  -0.010784  0.998870  -0.003287  -0.005375  -0.001457  0.000000  0.000000  0.000000  2.000000  
134.446862 0.000430  0.086966  -0.012762  0.974835  0.218784  -0.042776  -0.218070  0.975712  0.020755  0.046278  -0.010905  0.998869  -0.003372  -0.005352  -0.001521  0.000000  0.000000  0.000000  2.000000  
134.448116 0.000425  0.086961  -0.012763  0.974835  0.218789  -0.042749  -0.218070  0.975710  0.020874  0.046278  -0.011026  0.998868  -0.003483  -0.005224  -0.001488  0.000000  0.000000  0.000000  2.000000  
134.449121 0.000422  0.086957  -0.012764  0.974835  0.218794  -0.042723  -0.218070  0.975707  0.020992  0.046278  -0.011147  0.998866  -0.003518  -0.005089  -0.001442  0.000000  0.000000  0.000000  2.000000  
134.450382 0.000418  0.086952  -0.012765  0.974880  0.218604  -0.042674  -0.217869  0.975747  0.021220  0.046278  -0.011389  0.998864  -0.003551  -0.004906  -0.001405  0.000000  0.000000  0.000000  2.000000  
134.451617 0.000414  0.086947  -0.012768  0.974880  0.218609  -0.042648  -0.217869  0.975745  0.021338  0.046278  -0.011511  0.998862  -0.003560  -0.004778  -0.001393  0.000000  0.000000  0.000000  2.000000  
134.452867 0.000410  0.086943  -0.012769  0.974880  0.218614  -0.042621  -0.217869  0.975742  0.021457  0.046278  -0.011632  0.998861  -0.003519  -0.004587  -0.001344  0.000000  0.000000  0.000000  2.000000  
134.454116 0.000406  0.086939  -0.012771  0.974880  0.218625  -0.042568  -0.217869  0.975737  0.021693  0.046278  -0.011874  0.998858  -0.003459  -0.004393  -0.001340  0.000000  0.000000  0.000000  2.000000  
134.455369 0.000403  0.086935  -0.012773  0.974880  0.218630  -0.042541  -0.217869  0.975734  0.021812  0.046278  -0.011995  0.998857  -0.003400  -0.004179  -0.001371  0.000000  0.000000  0.000000  2.000000  
134.456617 0.000400  0.086932  -0.012775  0.974880  0.218635  -0.042515  -0.217869  0.975732  0.021930  0.046278  -0.012116  0.998855  -0.003300  -0.003966  -0.001380  0.000000  0.000000  0.000000  2.000000  
134.457621 0.000398  0.086930  -0.012776  0.974880  0.218640  -0.042488  -0.217869  0.975729  0.022048  0.046278  -0.012238  0.998854  -0.003151  -0.003774  -0.001350  0.000000  0.000000  0.000000  2.000000  
134.458875 0.000396  0.086927  -0.012778  0.974880  0.218645  -0.042462  -0.217869  0.975726  0.022167  0.046278  -0.012359  0.998852  -0.002986  -0.003510  -0.001321  0.000000  0.000000  0.000000  2.000000  
134.460120 0.000394  0.086926  -0.012779  0.974886  0.218649  -0.042305  -0.217871  0.975724  0.022256  0.046144  -0.012480  0.998857  -0.002792  -0.003225  -0.001275  0.000000  0.000000  0.000000  2.000000  
134.461370 0.000393  0.086925  -0.012779  0.974886  0.218654  -0.042278  -0.217871  0.975721  0.022374  0.046144  -0.012601  0.998855  -0.002565  -0.002913  -0.001210  0.000000  0.000000  0.000000  2.000000  
134.462372 0.000392  0.086924  -0.012780  0.974886  0.218654  -0.042278  -0.217871  0.975721  0.022374  0.046144  -0.012601  0.998855  -0.002393  -0.002675  -0.001172  0.000000  0.000000  0.000000  2.000000  
134.463619 0.000391  0.086923  -0.012780  0.974880  0.218661  -0.042382  -0.217869  0.975718  0.022522  0.046278  -0.012722  0.998848  -0.002178  -0.002416  -0.001152  0.000000  0.000000  0.000000  2.000000  
134.464864 0.000390  0.086922  -0.012781  0.974880  0.218666  -0.042356  -0.217869  0.975715  0.022640  0.046278  -0.012843  0.998846  -0.001974  -0.002143  -0.001096  0.000000  0.000000  0.000000  2.000000  
134.466117 0.000389  0.086922  -0.012782  0.974880  0.218671  -0.042329  -0.217869  0.975713  0.022758  0.046278  -0.012965  0.998844  -0.001751  -0.001837  -0.001032  0.000000  0.000000  0.000000  2.000000  
134.467119 0.000389  0.086922  -0.012782  0.974880  0.218676  -0.042303  -0.217869  0.975710  0.022877  0.046278  -0.013086  0.998843  -0.001514  -0.001557  -0.000956  0.000000  0.000000  0.000000  2.000000  
134.468384 0.000389  0.086922  -0.012783  0.974835  0.218882  -0.042271  -0.218070  0.975662  0.023004  0.046278  -0.013207  0.998841  -0.001293  -0.001221  -0.000899  0.000000  0.000000  0.000000  2.000000  
134.469616 0.000388  0.086923  -0.012784  0.974835  0.218887  -0.042245  -0.218070  0.975659  0.023122  0.046278  -0.013328  0.998840  -0.001128  -0.000961  -0.000778  0.000000  0.000000  0.000000  2.000000  
134.470617 0.000388  0.086923  -0.012785  0.974835  0.218887  -0.042245  -0.218070  0.975659  0.023122  0.046278  -0.013328  0.998840  -0.000952  -0.000750  -0.000732  0.000000  0.000000  0.000000  2.000000  
134.471866 0.000388  0.086924  -0.012786  0.974835  0.218892  -0.042218  -0.218070  0.975656  0.023241  0.046278  -0.013449  0.998838  -0.000741  -0.000495  -0.000712  0.000000  0.000000  0.000000  2.000000  
134.472868 0.000389  0.086925  -0.012786  0.974835  0.218897  -0.042192  -0.218070  0.975654  0.023359  0.046278  -0.013570  0.998836  -0.000587  -0.000286  -0.000641  0.000000  0.000000  0.000000  2.000000  
134.474120 0.000388  0.086926  -0.012787  0.974835  0.218902  -0.042165  -0.218070  0.975651  0.023477  0.046278  -0.013691  0.998835  -0.000446  -0.000072  -0.000622  0.000000  0.000000  0.000000  2.000000  
134.475363 0.000389  0.086927  -0.012788  0.974790  0.219108  -0.042134  -0.218271  0.975603  0.023604  0.046278  -0.013813  0.998833  -0.000325  0.000092  -0.000602  0.000000  0.000000  0.000000  2.000000  
134.476368 0.000390  0.086928  -0.012788  0.974796  0.219107  -0.042003  -0.218272  0.975603  0.023575  0.046144  -0.013813  0.998839  -0.000197  0.000208  -0.000573  0.000000  0.000000  0.000000  2.000000  
134.477613 0.000390  0.086929  -0.012789  0.974796  0.219112  -0.041977  -0.218272  0.975600  0.023693  0.046144  -0.013934  0.998838  -0.000114  0.000347  -0.000582  0.000000  0.000000  0.000000  2.000000  
134.478614 0.000390  0.086929  -0.012789  0.974790  0.219119  -0.042081  -0.218271  0.975597  0.023841  0.046278  -0.014055  0.998830  -0.000047  0.000415  -0.000590  0.000000  0.000000  0.000000  2.000000  
134.479614 0.000391  0.086930  -0.012789  0.974790  0.219124  -0.042054  -0.218271  0.975594  0.023959  0.046278  -0.014176  0.998828  0.000046  0.000486  -0.000536  0.000000  0.000000  0.000000  2.000000  
134.480616 0.000391  0.086930  -0.012789  0.974790  0.219124  -0.042054  -0.218271  0.975594  0.023959  0.046278  -0.014176  0.998828  0.000071  0.000542  -0.000535  0.000000  0.000000  0.000000  2.000000  
134.481862 0.000390  0.086930  -0.012789  0.974790  0.219129  -0.042028  -0.218271  0.975591  0.024078  0.046278  -0.014297  0.998826  0.000089  0.000561  -0.000473  0.000000  0.000000  0.000000  2.000000  
134.482866 0.000390  0.086931  -0.012790  0.974790  0.219129  -0.042028  -0.218271  0.975591  0.024078  0.046278  -0.014297  0.998826  0.000117  0.000574  -0.000417  0.000000  0.000000  0.000000  2.000000  
134.483871 0.000390  0.086931  -0.012789  0.974790  0.219134  -0.042001  -0.218271  0.975588  0.024196  0.046278  -0.014418  0.998825  0.000144  0.000577  -0.000353  0.000000  0.000000  0.000000  2.000000  
134.485121 0.000390  0.086931  -0.012789  0.974790  0.219139  -0.041974  -0.218271  0.975585  0.024314  0.046278  -0.014540  0.998823  0.000128  0.000560  -0.000272  0.000000  0.000000  0.000000  2.000000  
134.486372 0.000389  0.086931  -0.012788  0.974790  0.219139  -0.041974  -0.218271  0.975585  0.024314  0.046278  -0.014540  0.998823  0.000079  0.000518  -0.000210  0.000000  0.000000  0.000000  2.000000  
134.487616 0.000389  0.086931  -0.012789  0.974790  0.219144  -0.041948  -0.218271  0.975582  0.024433  0.046278  -0.014661  0.998821  0.000050  0.000442  -0.000171  0.000000  0.000000  0.000000  2.000000  
134.488619 0.000389  0.086931  -0.012789  0.974790  0.219144  -0.041948  -0.218271  0.975582  0.024433  0.046278  -0.014661  0.998821  0.000002  0.000407  -0.000111  0.000000  0.000000  0.000000  2.000000  
134.489867 0.000388  0.086931  -0.012789  0.974790  0.219149  -0.041921  -0.218271  0.975579  0.024551  0.046278  -0.014782  0.998819  -0.000063  0.000293  -0.000048  0.000000  0.000000  0.000000  2.000000  
134.491121 0.000387  0.086931  -0.012789  0.974790  0.219149  -0.041921  -0.218271  0.975579  0.024551  0.046278  -0.014782  0.998819  -0.000162  0.000200  -0.000058  0.000000  0.000000  0.000000  2.000000  
134.492371 0.000387  0.086930  -0.012789  0.974790  0.219154  -0.041895  -0.218271  0.975576  0.024669  0.046278  -0.014903  0.998817  -0.000246  0.000059  -0.000049  0.000000  0.000000  0.000000  2.000000  
134.493612 0.000386  0.086928  -0.012790  0.974790  0.219154  -0.041895  -0.218271  0.975576  0.024669  0.046278  -0.014903  0.998817  -0.000294  -0.000058  -0.000022  0.000000  0.000000  0.000000  2.000000  
134.494615 0.000386  0.086927  -0.012790  0.974790  0.219154  -0.041895  -0.218271  0.975576  0.024669  0.046278  -0.014903  0.998817  -0.000340  -0.000180  -0.000032  0.000000  0.000000  0.000000  2.000000  
134.495862 0.000385  0.086926  -0.012789  0.974790  0.219159  -0.041868  -0.218271  0.975573  0.024788  0.046278  -0.015024  0.998816  -0.000379  -0.000316  0.000005  0.000000  0.000000  0.000000  2.000000  
134.496863 0.000384  0.086924  -0.012790  0.974790  0.219159  -0.041868  -0.218271  0.975573  0.024788  0.046278  -0.015024  0.998816  -0.000433  -0.000418  -0.000014  0.000000  0.000000  0.000000  2.000000  
134.498116 0.000383  0.086923  -0.012790  0.974835  0.218959  -0.041873  -0.218070  0.975618  0.024779  0.046278  -0.015024  0.998816  -0.000462  -0.000542  -0.000059  0.000000  0.000000  0.000000  2.000000  
134.499362 0.000383  0.086921  -0.012790  0.974835  0.218959  -0.041873  -0.218070  0.975618  0.024779  0.046278  -0.015024  0.998816  -0.000487  -0.000676  -0.000057  0.000000  0.000000  0.000000  2.000000  
134.500373 0.000382  0.086920  -0.012791  0.974835  0.218959  -0.041873  -0.218070  0.975618  0.024779  0.046278  -0.015024  0.998816  -0.000495  -0.000742  -0.000139  0.000000  0.000000  0.000000  2.000000  
134.501374 0.000382  0.086919  -0.012792  0.974835  0.218959  -0.041873  -0.218070  0.975618  0.024779  0.046278  -0.015024  0.998816  -0.000511  -0.000869  -0.000220  0.000000  0.000000  0.000000  2.000000  
134.502617 0.000381  0.086917  -0.012792  0.974835  0.218959  -0.041873  -0.218070  0.975618  0.024779  0.046278  -0.015024  0.998816  -0.000536  -0.000918  -0.000229  0.000000  0.000000  0.000000  2.000000  
134.503617 0.000381  0.086917  -0.012793  0.974835  0.218959  -0.041873  -0.218070  0.975618  0.024779  0.046278  -0.015024  0.998816  -0.000531  -0.000978  -0.000261  0.000000  0.000000  0.000000  2.000000  
134.504866 0.000380  0.086916  -0.012793  0.974835  0.218959  -0.041873  -0.218070  0.975618  0.024779  0.046278  -0.015024  0.998816  -0.000550  -0.001005  -0.000314  0.000000  0.000000  0.000000  2.000000  
134.505867 0.000379  0.086915  -0.012794  0.974835  0.218959  -0.041873  -0.218070  0.975618  0.024779  0.046278  -0.015024  0.998816  -0.000540  -0.001050  -0.000346  0.000000  0.000000  0.000000  2.000000  
134.507118 0.000379  0.086915  -0.012795  0.974880  0.218753  -0.041905  -0.217869  0.975667  0.024652  0.046278  -0.014903  0.998817  -0.000548  -0.001025  -0.000356  0.000000  0.000000  0.000000  2.000000  
134.508119 0.000378  0.086914  -0.012795  0.974880  0.218753  -0.041905  -0.217869  0.975667  0.024652  0.046278  -0.014903  0.998817  -0.000586  -0.001025  -0.000383  0.000000  0.000000  0.000000  2.000000  
134.509363 0.000377  0.086913  -0.012796  0.974880  0.218753  -0.041905  -0.217869  0.975667  0.024652  0.046278  -0.014903  0.998817  -0.000549  -0.000941  -0.000413  0.000000  0.000000  0.000000  2.000000  
134.510370 0.000377  0.086913  -0.012796  0.974880  0.218753  -0.041905  -0.217869  0.975667  0.024652  0.046278  -0.014903  0.998817  -0.000529  -0.000887  -0.000455  0.000000  0.000000  0.000000  2.000000  
134.511617 0.000376  0.086912  -0.012797  0.974880  0.218747  -0.041931  -0.217869  0.975670  0.024534  0.046278  -0.014782  0.998819  -0.000539  -0.000818  -0.000519  0.000000  0.000000  0.000000  2.000000  
134.512862 0.000376  0.086912  -0.012798  0.974880  0.218747  -0.041931  -0.217869  0.975670  0.024534  0.046278  -0.014782  0.998819  -0.000523  -0.000745  -0.000520  0.000000  0.000000  0.000000  2.000000  
134.513864 0.000375  0.086912  -0.012798  0.974880  0.218747  -0.041931  -0.217869  0.975670  0.024534  0.046278  -0.014782  0.998819  -0.000486  -0.000665  -0.000546  0.000000  0.000000  0.000000  2.000000  
134.514867 0.000375  0.086912  -0.012798  0.974880  0.218742  -0.041958  -0.217869  0.975672  0.024415  0.046278  -0.014661  0.998821  -0.000474  -0.000614  -0.000502  0.000000  0.000000  0.000000  2.000000  
134.516117 0.000375  0.086912  -0.012798  0.974880  0.218742  -0.041958  -0.217869  0.975672  0.024415  0.046278  -0.014661  0.998821  -0.000403  -0.000472  -0.000475  0.000000  0.000000  0.000000  2.000000  
134.517120 0.000375  0.086912  -0.012799  0.974880  0.218742  -0.041958  -0.217869  0.975672  0.024415  0.046278  -0.014661  0.998821  -0.000406  -0.000373  -0.000449  0.000000  0.000000  0.000000  2.000000  
134.518383 0.000375  0.086913  -0.012799  0.974925  0.218536  -0.041989  -0.217669  0.975720  0.024288  0.046278  -0.014540  0.998823  -0.000376  -0.000279  -0.000402  0.000000  0.000000  0.000000  2.000000  
134.519617 0.000375  0.086913  -0.012799  0.974925  0.218536  -0.041989  -0.217669  0.975720  0.024288  0.046278  -0.014540  0.998823  -0.000285  -0.000180  -0.000350  0.000000  0.000000  0.000000  2.000000  
134.520617 0.000376  0.086914  -0.012798  0.974925  0.218536  -0.041989  -0.217669  0.975720  0.024288  0.046278  -0.014540  0.998823  -0.000253  -0.000083  -0.000302  0.000000  0.000000  0.000000  2.000000  
134.521617 0.000376  0.086915  -0.012798  0.974925  0.218531  -0.042016  -0.217669  0.975723  0.024170  0.046278  -0.014418  0.998825  -0.000166  0.000014  -0.000256  0.000000  0.000000  0.000000  2.000000  
134.522867 0.000376  0.086915  -0.012798  0.974925  0.218531  -0.042016  -0.217669  0.975723  0.024170  0.046278  -0.014418  0.998825  -0.000079  0.000111  -0.000210  0.000000  0.000000  0.000000  2.000000  
134.524118 0.000377  0.086916  -0.012798  0.974925  0.218531  -0.042016  -0.217669  0.975723  0.024170  0.046278  -0.014418  0.998825  -0.000048  0.000190  -0.000110  0.000000  0.000000  0.000000  2.000000  
134.525368 0.000377  0.086917  -0.012797  0.974925  0.218531  -0.042016  -0.217669  0.975723  0.024170  0.046278  -0.014418  0.998825  0.000039  0.000282  -0.000063  0.000000  0.000000  0.000000  2.000000  
134.526370 0.000378  0.086918  -0.012796  0.974925  0.218531  -0.042016  -0.217669  0.975723  0.024170  0.046278  -0.014418  0.998825  0.000103  0.000390  0.000054  0.000000  0.000000  0.000000  2.000000  
134.527614 0.000378  0.086918  -0.012796  0.974925  0.218526  -0.042042  -0.217669  0.975726  0.024052  0.046278  -0.014297  0.998826  0.000154  0.000442  0.000127  0.000000  0.000000  0.000000  2.000000  
134.528614 0.000379  0.086919  -0.012795  0.974925  0.218526  -0.042042  -0.217669  0.975726  0.024052  0.046278  -0.014297  0.998826  0.000225  0.000533  0.000205  0.000000  0.000000  0.000000  2.000000  
134.529616 0.000379  0.086920  -0.012794  0.974925  0.218526  -0.042042  -0.217669  0.975726  0.024052  0.046278  -0.014297  0.998826  0.000248  0.000569  0.000263  0.000000  0.000000  0.000000  2.000000  
134.530862 0.000380  0.086921  -0.012794  0.974925  0.218526  -0.042042  -0.217669  0.975726  0.024052  0.046278  -0.014297  0.998826  0.000299  0.000621  0.000336  0.000000  0.000000  0.000000  2.000000  
134.531864 0.000380  0.086921  -0.012793  0.974925  0.218526  -0.042042  -0.217669  0.975726  0.024052  0.046278  -0.014297  0.998826  0.000314  0.000638  0.000384  0.000000  0.000000  0.000000  2.000000  
134.532867 0.000380  0.086922  -0.012792  0.974925  0.218526  -0.042042  -0.217669  0.975726  0.024052  0.046278  -0.014297  0.998826  0.000340  0.000641  0.000446  0.000000  0.000000  0.000000  2.000000  
134.533871 0.000380  0.086923  -0.012791  0.974925  0.218526  -0.042042  -0.217669  0.975726  0.024052  0.046278  -0.014297  0.998826  0.000333  0.000655  0.000490  0.000000  0.000000  0.000000  2.000000  
134.535120 0.000381  0.086923  -0.012790  0.974925  0.218526  -0.042042  -0.217669  0.975726  0.024052  0.046278  -0.014297  0.998826  0.000329  0.000635  0.000535  0.000000  0.000000  0.000000  2.000000  
134.536369 0.000381  0.086924  -0.012790  0.974925  0.218526  -0.042042  -0.217669  0.975726  0.024052  0.046278  -0.014297  0.998826  0.000319  0.000604  0.000571  0.000000  0.000000  0.000000  2.000000  
134.537616 0.000381  0.086924  -0.012789  0.974925  0.218521  -0.042069  -0.217669  0.975729  0.023933  0.046278  -0.014176  0.998828  0.000283  0.000560  0.000597  0.000000  0.000000  0.000000  2.000000  
134.538619 0.000381  0.086924  -0.012788  0.974925  0.218521  -0.042069  -0.217669  0.975729  0.023933  0.046278  -0.014176  0.998828  0.000283  0.000548  0.000652  0.000000  0.000000  0.000000  2.000000  
134.539619 0.000381  0.086924  -0.012788  0.974925  0.218521  -0.042069  -0.217669  0.975729  0.023933  0.046278  -0.014176  0.998828  0.000259  0.000500  0.000643  0.000000  0.000000  0.000000  2.000000  
134.540867 0.000380  0.086924  -0.012787  0.974925  0.218521  -0.042069  -0.217669  0.975729  0.023933  0.046278  -0.014176  0.998828  0.000223  0.000455  0.000670  0.000000  0.000000  0.000000  2.000000  
