1-Time 2-Px 3-Py 4-Pz 5-R11 6-R21 7-R31 8-R12 9-R22 10-R32 11-R13 12-R23 13-R33 14-Vx 15-Vy 16-Vz 17-Wx 18-Wy 19-Wz 20-state 21-PR11 22-PR21 23-PR31 24-PR12 25-PR22 26-PR32 27-PR13 28-PR23 29-PR33 
57.406289 0.003693  0.090396  -0.011664  0.992721  0.120377  -0.003743  -0.120139  0.991984  0.039175  0.008429  -0.038440  0.999225  0.000230  0.000245  -0.000000  0.000000  0.000000  0.000000  2.000000  
57.407293 0.003693  0.090396  -0.011664  0.992696  0.120581  -0.003735  -0.120344  0.991959  0.039176  0.008429  -0.038440  0.999225  0.000211  0.000216  -0.000056  0.000000  0.000000  0.000000  2.000000  
57.408301 0.003693  0.090395  -0.011665  0.992647  0.120990  -0.003705  -0.120752  0.991904  0.039298  0.008429  -0.038562  0.999221  0.000205  0.000117  -0.000047  0.000000  0.000000  0.000000  2.000000  
57.409535 0.003693  0.090392  -0.011665  0.992547  0.121806  -0.003672  -0.121570  0.991805  0.039301  0.008429  -0.038562  0.999221  0.000173  -0.000109  -0.000085  0.000000  0.000000  0.000000  2.000000  
57.410538 0.003693  0.090390  -0.011666  0.992498  0.122210  -0.003509  -0.121979  0.991750  0.039406  0.008295  -0.038683  0.999217  0.000145  -0.000314  -0.000168  0.000000  0.000000  0.000000  2.000000  
57.411541 0.003694  0.090387  -0.011666  0.992473  0.122415  -0.003486  -0.122183  0.991720  0.039527  0.008295  -0.038804  0.999212  0.000165  -0.000541  -0.000213  0.000000  0.000000  0.000000  2.000000  
57.412786 0.003694  0.090383  -0.011667  0.992395  0.123038  -0.003712  -0.122796  0.991638  0.039683  0.008563  -0.038925  0.999205  0.000181  -0.000790  -0.000213  0.000000  0.000000  0.000000  2.000000  
57.413787 0.003695  0.090382  -0.011666  0.992292  0.123861  -0.003782  -0.123613  0.991526  0.039943  0.008697  -0.039167  0.999195  0.000191  -0.000937  -0.000185  0.000000  0.000000  0.000000  2.000000  
57.415041 0.003696  0.090379  -0.011666  0.992162  0.124892  -0.003991  -0.124634  0.991392  0.040100  0.008964  -0.039289  0.999188  0.000261  -0.001109  -0.000155  0.000000  0.000000  0.000000  2.000000  
57.416291 0.003696  0.090376  -0.011666  0.992032  0.125918  -0.004067  -0.125655  0.991258  0.040241  0.009098  -0.039410  0.999182  0.000248  -0.001307  -0.000137  0.033977  0.015074  0.186046  2.000000  
57.417538 0.003697  0.090374  -0.011667  0.991902  0.126939  -0.004010  -0.126676  0.991123  0.040366  0.009098  -0.039531  0.999177  0.000311  -0.001511  -0.000199  0.038631  0.013835  0.222114  2.000000  
57.418549 0.003698  0.090373  -0.011667  0.991772  0.127960  -0.003953  -0.127697  0.990986  0.040490  0.009098  -0.039652  0.999172  0.000368  -0.001613  -0.000233  0.042991  0.012465  0.256564  2.000000  
57.419793 0.003700  0.090372  -0.011666  0.991613  0.129184  -0.003887  -0.128922  0.990823  0.040615  0.009098  -0.039773  0.999167  0.000464  -0.001658  -0.000157  0.047451  0.010832  0.298167  2.000000  
57.421041 0.003701  0.090370  -0.011664  0.991425  0.130617  -0.003945  -0.130351  0.990630  0.040758  0.009232  -0.039894  0.999161  0.000572  -0.001773  -0.000016  0.051971  0.013409  0.346712  2.000000  
57.422296 0.003702  0.090367  -0.011662  0.991235  0.132051  -0.004003  -0.131779  0.990435  0.040902  0.009366  -0.040016  0.999155  0.000606  -0.001935  0.000123  0.056488  0.015977  0.395184  2.000000  
57.423543 0.003703  0.090364  -0.011661  0.991043  0.133484  -0.004060  -0.133207  0.990238  0.041045  0.009500  -0.040137  0.999149  0.000718  -0.002029  0.000218  0.061027  0.018544  0.443766  2.000000  
57.424790 0.003705  0.090360  -0.011660  0.990876  0.134713  -0.004109  -0.134431  0.990062  0.041308  0.009633  -0.040379  0.999138  0.000837  -0.002090  0.000406  0.069590  0.021349  0.485466  2.000000  
57.426040 0.003707  0.090355  -0.011657  0.990680  0.136146  -0.004166  -0.135859  0.989861  0.041452  0.009767  -0.040500  0.999132  0.000921  -0.002197  0.000619  0.074142  0.023901  0.534059  2.000000  
57.427043 0.003708  0.090350  -0.011655  0.990512  0.137369  -0.004081  -0.137082  0.989682  0.041698  0.009767  -0.040743  0.999122  0.000963  -0.002385  0.000767  0.082664  0.022191  0.575484  2.000000  
57.428283 0.003711  0.090342  -0.011654  0.990312  0.138802  -0.004120  -0.138509  0.989472  0.041962  0.009901  -0.040985  0.999111  0.001116  -0.002660  0.000833  0.090602  0.024502  0.619294  2.000000  
57.429294 0.003715  0.090337  -0.011653  0.990169  0.139821  -0.004043  -0.139529  0.989318  0.042206  0.009901  -0.041227  0.999101  0.001316  -0.002903  0.000871  0.099766  0.023237  0.658617  2.000000  
57.430541 0.003717  0.090329  -0.011652  0.989994  0.141049  -0.004089  -0.140751  0.989134  0.042470  0.010035  -0.041470  0.999089  0.001464  -0.003273  0.000941  0.108355  0.025993  0.700335  2.000000  
57.431786 0.003720  0.090320  -0.011652  0.989849  0.142068  -0.004028  -0.141770  0.988983  0.042594  0.010035  -0.041591  0.999084  0.001592  -0.003683  0.000967  0.111858  0.024372  0.729088  2.000000  
57.432788 0.003722  0.090312  -0.011651  0.989701  0.143093  -0.004082  -0.142789  0.988825  0.042857  0.010169  -0.041833  0.999073  0.001686  -0.004073  0.001090  0.121291  0.027585  0.769767  2.000000  
57.434040 0.003726  0.090303  -0.011652  0.989524  0.144314  -0.004011  -0.144011  0.988642  0.042982  0.010169  -0.041954  0.999068  0.001838  -0.004642  0.000968  0.125734  0.025865  0.811126  2.000000  
57.435046 0.003729  0.090296  -0.011652  0.989403  0.145134  -0.004090  -0.144826  0.988517  0.043125  0.010302  -0.042075  0.999061  0.001935  -0.005134  0.000906  0.130099  0.029189  0.838800  2.000000  
57.436295 0.003732  0.090286  -0.011652  0.989254  0.146153  -0.004011  -0.145844  0.988356  0.043369  0.010302  -0.042318  0.999051  0.002072  -0.005662  0.000764  0.138605  0.027697  0.873566  2.000000  
57.437540 0.003735  0.090276  -0.011652  0.989133  0.146967  -0.003957  -0.146659  0.988231  0.043492  0.010302  -0.042439  0.999046  0.002194  -0.006094  0.000686  0.142825  0.027087  0.887480  2.000000  
57.438542 0.003738  0.090269  -0.011651  0.989044  0.147572  -0.003798  -0.147270  0.988140  0.043475  0.010169  -0.042439  0.999047  0.002316  -0.006361  0.000708  0.138693  0.022540  0.887323  2.000000  
57.439787 0.003741  0.090259  -0.011650  0.988892  0.148589  -0.003735  -0.148288  0.987983  0.043598  0.010169  -0.042560  0.999042  0.002378  -0.006762  0.000630  0.138828  0.021872  0.901199  2.000000  
57.440790 0.003743  0.090250  -0.011650  0.988800  0.149200  -0.003708  -0.148899  0.987891  0.043601  0.010169  -0.042560  0.999042  0.002414  -0.007089  0.000524  0.134809  0.025745  0.915147  2.000000  
57.441790 0.003744  0.090242  -0.011649  0.988739  0.149607  -0.003672  -0.149306  0.987824  0.043722  0.010169  -0.042681  0.999037  0.002434  -0.007319  0.000441  0.134868  0.021141  0.914954  2.000000  
57.442790 0.003746  0.090233  -0.011648  0.988677  0.150013  -0.003654  -0.149713  0.987762  0.043724  0.010169  -0.042681  0.999037  0.002377  -0.007497  0.000461  0.130783  0.016875  0.907824  2.000000  
57.444041 0.003748  0.090222  -0.011647  0.988585  0.150624  -0.003609  -0.150324  0.987664  0.043846  0.010169  -0.042803  0.999032  0.002263  -0.007793  0.000426  0.130767  0.008346  0.893588  2.000000  
57.445291 0.003749  0.090211  -0.011646  0.988523  0.151031  -0.003572  -0.150731  0.987597  0.043967  0.010169  -0.042924  0.999027  0.002178  -0.008017  0.000396  0.130634  0.004598  0.872698  2.000000  
57.446293 0.003750  0.090202  -0.011645  0.988460  0.151438  -0.003554  -0.151138  0.987534  0.043968  0.010169  -0.042924  0.999027  0.002033  -0.008158  0.000445  0.126476  0.000622  0.858646  2.000000  
57.447538 0.003751  0.090189  -0.011645  0.988398  0.151845  -0.003518  -0.151545  0.987467  0.044090  0.010169  -0.043045  0.999021  0.001942  -0.008322  0.000436  0.125314  0.001081  0.837936  2.000000  
57.448538 0.003752  0.090180  -0.011645  0.988336  0.152251  -0.003500  -0.151952  0.987404  0.044091  0.010169  -0.043045  0.999021  0.001799  -0.008462  0.000485  0.121120  0.001882  0.817686  2.000000  
57.449538 0.003753  0.090170  -0.011645  0.988304  0.152455  -0.003491  -0.152155  0.987373  0.044092  0.010169  -0.043045  0.999021  0.001641  -0.008613  0.000435  0.116773  0.002969  0.789992  2.000000  
57.450786 0.003752  0.090157  -0.011647  0.988274  0.152653  -0.003331  -0.152359  0.987337  0.044192  0.010035  -0.043166  0.999018  0.001442  -0.008843  0.000320  0.116338  0.000127  0.748743  2.000000  
57.451797 0.003753  0.090147  -0.011649  0.988243  0.152856  -0.003322  -0.152562  0.987305  0.044193  0.010035  -0.043166  0.999018  0.001276  -0.009019  0.000190  0.112844  -0.002684  0.713071  2.000000  
57.453042 0.003752  0.090134  -0.011652  0.988180  0.153262  -0.003304  -0.152969  0.987242  0.044194  0.010035  -0.043166  0.999018  0.001011  -0.009249  -0.000067  0.108563  -0.010274  0.678370  2.000000  
57.454295 0.003752  0.090122  -0.011655  0.988149  0.153466  -0.003295  -0.153173  0.987211  0.044195  0.010035  -0.043166  0.999018  0.000799  -0.009378  -0.000294  0.104162  -0.013362  0.643434  2.000000  
57.455540 0.003752  0.090111  -0.011658  0.988149  0.153466  -0.003295  -0.153173  0.987211  0.044195  0.010035  -0.043166  0.999018  0.000658  -0.009429  -0.000574  0.095588  -0.015909  0.594943  2.000000  
57.456543 0.003752  0.090102  -0.011660  0.988117  0.153669  -0.003285  -0.153376  0.987179  0.044195  0.010035  -0.043166  0.999018  0.000552  -0.009494  -0.000779  0.087138  -0.014816  0.567146  2.000000  
57.457544 0.003751  0.090092  -0.011663  0.988117  0.153669  -0.003285  -0.153376  0.987179  0.044195  0.010035  -0.043166  0.999018  0.000399  -0.009536  -0.001022  0.082751  -0.017612  0.525897  2.000000  
57.458794 0.003751  0.090081  -0.011666  0.988087  0.153866  -0.003144  -0.153580  0.987148  0.044175  0.009901  -0.043166  0.999019  0.000218  -0.009586  -0.001331  0.074087  -0.020405  0.483817  2.000000  
57.460041 0.003751  0.090069  -0.011668  0.988055  0.154069  -0.003135  -0.153783  0.987117  0.044176  0.009901  -0.043166  0.999019  0.000084  -0.009602  -0.001519  0.065629  -0.023497  0.449107  2.000000  
57.461041 0.003750  0.090061  -0.011670  0.988022  0.154278  -0.003258  -0.153986  0.987084  0.044197  0.010035  -0.043166  0.999018  0.000008  -0.009520  -0.001723  0.057307  -0.018182  0.428622  2.000000  
57.462042 0.003749  0.090053  -0.011672  0.988022  0.154278  -0.003258  -0.153986  0.987084  0.044197  0.010035  -0.043166  0.999018  -0.000092  -0.009430  -0.001855  0.052901  -0.021229  0.393802  2.000000  
57.463287 0.003749  0.090043  -0.011674  0.988022  0.154278  -0.003277  -0.153986  0.987089  0.044078  0.010035  -0.043045  0.999023  -0.000188  -0.009313  -0.001937  0.044116  -0.019896  0.363250  2.000000  
57.464536 0.003749  0.090034  -0.011675  0.988022  0.154278  -0.003277  -0.153986  0.987089  0.044078  0.010035  -0.043045  0.999023  -0.000214  -0.009115  -0.001982  0.035632  -0.022643  0.321904  2.000000  
57.465560 0.003749  0.090026  -0.011676  0.987990  0.154481  -0.003268  -0.154190  0.987058  0.044078  0.010035  -0.043045  0.999023  -0.000247  -0.008878  -0.001995  0.031546  -0.021655  0.296707  2.000000  
57.466788 0.003748  0.090016  -0.011679  0.987990  0.154481  -0.003268  -0.154190  0.987058  0.044078  0.010035  -0.043045  0.999023  -0.000291  -0.008728  -0.002004  0.027052  -0.020629  0.273865  2.000000  
57.467789 0.003749  0.090009  -0.011681  0.987990  0.154481  -0.003268  -0.154190  0.987058  0.044078  0.010035  -0.043045  0.999023  -0.000221  -0.008499  -0.001937  0.022832  -0.014845  0.241769  2.000000  
57.468795 0.003749  0.090002  -0.011683  0.987990  0.154481  -0.003268  -0.154190  0.987058  0.044078  0.010035  -0.043045  0.999023  -0.000206  -0.008287  -0.001913  0.022617  -0.013955  0.220980  2.000000  
57.470044 0.003750  0.089995  -0.011685  0.987959  0.154684  -0.003259  -0.154393  0.987026  0.044079  0.010035  -0.043045  0.999023  -0.000112  -0.008011  -0.001837  0.018253  -0.013268  0.205481  2.000000  
57.471300 0.003752  0.089987  -0.011687  0.987959  0.154684  -0.003259  -0.154393  0.987026  0.044079  0.010035  -0.043045  0.999023  -0.000028  -0.007783  -0.001806  0.013974  -0.011904  0.172574  2.000000  
57.472544 0.003754  0.089979  -0.011689  0.987959  0.154684  -0.003259  -0.154393  0.987026  0.044079  0.010035  -0.043045  0.999023  0.000150  -0.007538  -0.001752  0.000000  0.000000  0.000000  2.000000  
57.473791 0.003756  0.089972  -0.011691  0.987959  0.154684  -0.003259  -0.154393  0.987026  0.044079  0.010035  -0.043045  0.999023  0.000325  -0.007242  -0.001665  0.000000  0.000000  0.000000  2.000000  
57.475040 0.003758  0.089965  -0.011693  0.987959  0.154684  -0.003259  -0.154393  0.987026  0.044079  0.010035  -0.043045  0.999023  0.000516  -0.006926  -0.001657  0.000000  0.000000  0.000000  2.000000  
57.476041 0.003761  0.089960  -0.011695  0.987927  0.154888  -0.003250  -0.154596  0.986994  0.044080  0.010035  -0.043045  0.999023  0.000717  -0.006756  -0.001623  0.000000  0.000000  0.000000  2.000000  
57.477041 0.003763  0.089955  -0.011695  0.987927  0.154888  -0.003250  -0.154596  0.986994  0.044080  0.010035  -0.043045  0.999023  0.000908  -0.006506  -0.001516  0.000000  0.000000  0.000000  2.000000  
57.478302 0.003766  0.089949  -0.011695  0.987927  0.154888  -0.003231  -0.154596  0.986989  0.044199  0.010035  -0.043166  0.999018  0.001175  -0.006259  -0.001448  0.000000  0.000000  0.000000  2.000000  
57.479538 0.003770  0.089944  -0.011695  0.987927  0.154888  -0.003231  -0.154596  0.986989  0.044199  0.010035  -0.043166  0.999018  0.001446  -0.005964  -0.001339  0.000000  0.000000  0.000000  2.000000  
57.480786 0.003774  0.089938  -0.011694  0.987927  0.154888  -0.003231  -0.154596  0.986989  0.044199  0.010035  -0.043166  0.999018  0.001673  -0.005707  -0.001109  0.000000  0.000000  0.000000  2.000000  
57.481791 0.003777  0.089935  -0.011693  0.987927  0.154888  -0.003231  -0.154596  0.986989  0.044199  0.010035  -0.043166  0.999018  0.001897  -0.005414  -0.000901  0.000000  0.000000  0.000000  2.000000  
57.482791 0.003780  0.089932  -0.011691  0.987895  0.155091  -0.003222  -0.154800  0.986957  0.044200  0.010035  -0.043166  0.999018  0.002123  -0.005145  -0.000590  0.000000  0.000000  0.000000  2.000000  
57.484036 0.003784  0.089928  -0.011689  0.987895  0.155091  -0.003222  -0.154800  0.986957  0.044200  0.010035  -0.043166  0.999018  0.002330  -0.004877  -0.000382  0.000000  0.000000  0.000000  2.000000  
57.485042 0.003788  0.089925  -0.011687  0.987895  0.155092  -0.003203  -0.154800  0.986951  0.044320  0.010035  -0.043287  0.999012  0.002482  -0.004638  -0.000123  0.000000  0.000000  0.000000  2.000000  
57.486308 0.003792  0.089922  -0.011684  0.987895  0.155092  -0.003203  -0.154800  0.986951  0.044320  0.010035  -0.043287  0.999012  0.002703  -0.004262  0.000220  0.000000  0.000000  0.000000  2.000000  
57.487540 0.003796  0.089919  -0.011682  0.987895  0.155092  -0.003203  -0.154800  0.986951  0.044320  0.010035  -0.043287  0.999012  0.002821  -0.003982  0.000484  0.000000  0.000000  0.000000  2.000000  
57.488543 0.003799  0.089917  -0.011681  0.987895  0.155092  -0.003203  -0.154800  0.986951  0.044320  0.010035  -0.043287  0.999012  0.002914  -0.003756  0.000714  0.000000  0.000000  0.000000  2.000000  
57.489791 0.003802  0.089914  -0.011678  0.987895  0.155092  -0.003184  -0.154800  0.986946  0.044439  0.010035  -0.043408  0.999007  0.002996  -0.003484  0.001010  0.000000  0.000000  0.000000  2.000000  
57.490795 0.003805  0.089912  -0.011677  0.987863  0.155295  -0.003175  -0.155003  0.986914  0.044440  0.010035  -0.043408  0.999007  0.002988  -0.003268  0.001202  0.000000  0.000000  0.000000  2.000000  
57.492041 0.003807  0.089908  -0.011675  0.987863  0.155295  -0.003175  -0.155003  0.986914  0.044440  0.010035  -0.043408  0.999007  0.002936  -0.003103  0.001344  0.000000  0.000000  0.000000  2.000000  
57.493287 0.003809  0.089905  -0.011673  0.987863  0.155296  -0.003156  -0.155003  0.986909  0.044560  0.010035  -0.043530  0.999002  0.002861  -0.002921  0.001487  0.000000  0.000000  0.000000  2.000000  
57.494537 0.003811  0.089902  -0.011671  0.987863  0.155296  -0.003156  -0.155003  0.986909  0.044560  0.010035  -0.043530  0.999002  0.002707  -0.002780  0.001624  0.000000  0.000000  0.000000  2.000000  
57.495786 0.003812  0.089899  -0.011668  0.987863  0.155296  -0.003137  -0.155003  0.986903  0.044679  0.010035  -0.043651  0.998996  0.002534  -0.002616  0.001735  0.000000  0.000000  0.000000  2.000000  
57.497043 0.003813  0.089896  -0.011665  0.987831  0.155499  -0.003128  -0.155207  0.986871  0.044680  0.010035  -0.043651  0.998996  0.002328  -0.002530  0.001799  0.000000  0.000000  0.000000  2.000000  
57.498303 0.003813  0.089892  -0.011662  0.987831  0.155499  -0.003109  -0.155207  0.986866  0.044800  0.010035  -0.043772  0.998991  0.002087  -0.002490  0.001890  0.000000  0.000000  0.000000  2.000000  
57.499538 0.003814  0.089890  -0.011659  0.987831  0.155499  -0.003109  -0.155207  0.986866  0.044800  0.010035  -0.043772  0.998991  0.001858  -0.002469  0.001898  0.000000  0.000000  0.000000  2.000000  
57.500791 0.003814  0.089886  -0.011657  0.987831  0.155499  -0.003109  -0.155207  0.986866  0.044800  0.010035  -0.043772  0.998991  0.001522  -0.002452  0.001925  0.000000  0.000000  0.000000  2.000000  
57.501801 0.003813  0.089884  -0.011655  0.987831  0.155499  -0.003109  -0.155207  0.986866  0.044800  0.010035  -0.043772  0.998991  0.001274  -0.002445  0.001923  0.000000  0.000000  0.000000  2.000000  
57.503042 0.003813  0.089881  -0.011652  0.987831  0.155499  -0.003109  -0.155207  0.986866  0.044800  0.010035  -0.043772  0.998991  0.000962  -0.002516  0.001933  0.000000  0.000000  0.000000  2.000000  
57.504295 0.003812  0.089878  -0.011650  0.987831  0.155499  -0.003109  -0.155207  0.986866  0.044800  0.010035  -0.043772  0.998991  0.000717  -0.002458  0.001998  0.000000  0.000000  0.000000  2.000000  
57.505540 0.003811  0.089876  -0.011648  0.987830  0.155505  -0.003241  -0.155206  0.986865  0.044821  0.010169  -0.043772  0.998990  0.000466  -0.002430  0.001989  0.000000  0.000000  0.000000  2.000000  
57.506542 0.003810  0.089873  -0.011646  0.987830  0.155505  -0.003241  -0.155206  0.986865  0.044821  0.010169  -0.043772  0.998990  0.000274  -0.002428  0.001984  0.000000  0.000000  0.000000  2.000000  
57.507789 0.003809  0.089871  -0.011645  0.987830  0.155505  -0.003241  -0.155206  0.986865  0.044821  0.010169  -0.043772  0.998990  0.000078  -0.002376  0.001919  0.000000  0.000000  0.000000  2.000000  
57.508790 0.003808  0.089868  -0.011644  0.987831  0.155499  -0.003109  -0.155207  0.986866  0.044800  0.010035  -0.043772  0.998991  -0.000140  -0.002396  0.001833  0.000000  0.000000  0.000000  2.000000  
57.510042 0.003807  0.089865  -0.011644  0.987831  0.155500  -0.003090  -0.155207  0.986860  0.044919  0.010035  -0.043893  0.998986  -0.000306  -0.002377  0.001707  0.000000  0.000000  0.000000  2.000000  
57.511296 0.003806  0.089862  -0.011644  0.987831  0.155500  -0.003090  -0.155207  0.986860  0.044919  0.010035  -0.043893  0.998986  -0.000405  -0.002342  0.001492  0.000000  0.000000  0.000000  2.000000  
57.512540 0.003806  0.089859  -0.011645  0.987831  0.155500  -0.003090  -0.155207  0.986860  0.044919  0.010035  -0.043893  0.998986  -0.000484  -0.002336  0.001251  0.000000  0.000000  0.000000  2.000000  
57.513540 0.003805  0.089857  -0.011645  0.987831  0.155500  -0.003090  -0.155207  0.986860  0.044919  0.010035  -0.043893  0.998986  -0.000555  -0.002297  0.001101  0.000000  0.000000  0.000000  2.000000  
57.514790 0.003805  0.089855  -0.011645  0.987831  0.155500  -0.003090  -0.155207  0.986860  0.044919  0.010035  -0.043893  0.998986  -0.000606  -0.002286  0.000925  0.000000  0.000000  0.000000  2.000000  
57.516036 0.003805  0.089853  -0.011645  0.987831  0.155500  -0.003090  -0.155207  0.986860  0.044919  0.010035  -0.043893  0.998986  -0.000564  -0.002214  0.000749  0.000000  0.000000  0.000000  2.000000  
57.517291 0.003805  0.089850  -0.011645  0.987831  0.155499  -0.003109  -0.155207  0.986866  0.044800  0.010035  -0.043772  0.998991  -0.000541  -0.002155  0.000578  0.000000  0.000000  0.000000  2.000000  
57.518313 0.003805  0.089849  -0.011645  0.987863  0.155296  -0.003118  -0.155003  0.986898  0.044799  0.010035  -0.043772  0.998991  -0.000462  -0.002075  0.000453  0.000000  0.000000  0.000000  2.000000  
57.519540 0.003806  0.089848  -0.011645  0.987863  0.155296  -0.003118  -0.155003  0.986898  0.044799  0.010035  -0.043772  0.998991  -0.000393  -0.001984  0.000304  0.000000  0.000000  0.000000  2.000000  
57.520790 0.003806  0.089847  -0.011645  0.987863  0.155296  -0.003118  -0.155003  0.986898  0.044799  0.010035  -0.043772  0.998991  -0.000285  -0.001834  0.000139  0.000000  0.000000  0.000000  2.000000  
57.522040 0.003807  0.089847  -0.011646  0.987863  0.155296  -0.003137  -0.155003  0.986903  0.044679  0.010035  -0.043651  0.998996  -0.000144  -0.001696  -0.000002  0.000000  0.000000  0.000000  2.000000  
57.523040 0.003808  0.089847  -0.011646  0.987863  0.155296  -0.003137  -0.155003  0.986903  0.044679  0.010035  -0.043651  0.998996  -0.000048  -0.001533  -0.000089  0.000000  0.000000  0.000000  2.000000  
57.524293 0.003809  0.089847  -0.011647  0.987863  0.155296  -0.003137  -0.155003  0.986903  0.044679  0.010035  -0.043651  0.998996  0.000095  -0.001292  -0.000159  0.000000  0.000000  0.000000  2.000000  
57.525293 0.003810  0.089848  -0.011647  0.987863  0.155296  -0.003137  -0.155003  0.986903  0.044679  0.010035  -0.043651  0.998996  0.000212  -0.001098  -0.000191  0.000000  0.000000  0.000000  2.000000  
57.526538 0.003811  0.089849  -0.011647  0.987863  0.155296  -0.003137  -0.155003  0.986903  0.044679  0.010035  -0.043651  0.998996  0.000304  -0.000861  -0.000194  0.000000  0.000000  0.000000  2.000000  
57.527792 0.003812  0.089850  -0.011648  0.987863  0.155296  -0.003137  -0.155003  0.986903  0.044679  0.010035  -0.043651  0.998996  0.000428  -0.000602  -0.000193  0.000000  0.000000  0.000000  2.000000  
57.529037 0.003813  0.089851  -0.011648  0.987831  0.155499  -0.003147  -0.155207  0.986877  0.044560  0.010035  -0.043530  0.999002  0.000539  -0.000324  -0.000186  0.000000  0.000000  0.000000  2.000000  
57.530043 0.003814  0.089853  -0.011647  0.987831  0.155499  -0.003147  -0.155207  0.986877  0.044560  0.010035  -0.043530  0.999002  0.000592  -0.000105  -0.000187  0.000000  0.000000  0.000000  2.000000  
57.531290 0.003815  0.089854  -0.011647  0.987831  0.155499  -0.003147  -0.155207  0.986877  0.044560  0.010035  -0.043530  0.999002  0.000692  0.000195  -0.000157  0.000000  0.000000  0.000000  2.000000  
57.532538 0.003816  0.089856  -0.011646  0.987831  0.155499  -0.003147  -0.155207  0.986877  0.044560  0.010035  -0.043530  0.999002  0.000751  0.000417  -0.000089  0.000000  0.000000  0.000000  2.000000  
57.533538 0.003817  0.089858  -0.011646  0.987831  0.155499  -0.003147  -0.155207  0.986877  0.044560  0.010035  -0.043530  0.999002  0.000760  0.000592  -0.000062  0.000000  0.000000  0.000000  2.000000  
57.534541 0.003818  0.089859  -0.011646  0.987830  0.155504  -0.003279  -0.155206  0.986876  0.044581  0.010169  -0.043530  0.999000  0.000782  0.000779  -0.000035  0.000000  0.000000  0.000000  2.000000  
57.535543 0.003818  0.089861  -0.011646  0.987830  0.155504  -0.003279  -0.155206  0.986876  0.044581  0.010169  -0.043530  0.999000  0.000812  0.000928  -0.000034  0.000000  0.000000  0.000000  2.000000  
57.536545 0.003819  0.089863  -0.011645  0.987830  0.155504  -0.003279  -0.155206  0.986876  0.044581  0.010169  -0.043530  0.999000  0.000798  0.001055  -0.000017  0.000000  0.000000  0.000000  2.000000  
57.537790 0.003820  0.089864  -0.011645  0.987830  0.155504  -0.003279  -0.155206  0.986876  0.044581  0.010169  -0.043530  0.999000  0.000806  0.001144  0.000074  0.000000  0.000000  0.000000  2.000000  
57.538791 0.003821  0.089866  -0.011645  0.987830  0.155504  -0.003279  -0.155206  0.986876  0.044581  0.010169  -0.043530  0.999000  0.000795  0.001273  0.000092  0.000000  0.000000  0.000000  2.000000  
57.540044 0.003822  0.089869  -0.011644  0.987798  0.155708  -0.003270  -0.155410  0.986844  0.044582  0.010169  -0.043530  0.999000  0.000776  0.001399  0.000193  0.000000  0.000000  0.000000  2.000000  
57.541289 0.003822  0.089870  -0.011643  0.987798  0.155708  -0.003270  -0.155410  0.986844  0.044582  0.010169  -0.043530  0.999000  0.000774  0.001429  0.000235  0.000000  0.000000  0.000000  2.000000  
57.542296 0.003823  0.089872  -0.011643  0.987798  0.155708  -0.003270  -0.155410  0.986844  0.044582  0.010169  -0.043530  0.999000  0.000745  0.001507  0.000292  0.000000  0.000000  0.000000  2.000000  
57.543544 0.003823  0.089873  -0.011642  0.987830  0.155504  -0.003279  -0.155206  0.986876  0.044581  0.010169  -0.043530  0.999000  0.000689  0.001489  0.000345  0.000000  0.000000  0.000000  2.000000  
57.544788 0.003824  0.089875  -0.011642  0.987830  0.155505  -0.003260  -0.155206  0.986870  0.044701  0.010169  -0.043651  0.998995  0.000669  0.001518  0.000372  0.000000  0.000000  0.000000  2.000000  
57.545791 0.003825  0.089876  -0.011641  0.987830  0.155505  -0.003260  -0.155206  0.986870  0.044701  0.010169  -0.043651  0.998995  0.000665  0.001496  0.000418  0.000000  0.000000  0.000000  2.000000  
57.547041 0.003825  0.089877  -0.011641  0.987830  0.155505  -0.003260  -0.155206  0.986870  0.044701  0.010169  -0.043651  0.998995  0.000602  0.001444  0.000378  0.000000  0.000000  0.000000  2.000000  
57.548301 0.003826  0.089878  -0.011641  0.987830  0.155505  -0.003260  -0.155206  0.986870  0.044701  0.010169  -0.043651  0.998995  0.000579  0.001393  0.000368  0.000000  0.000000  0.000000  2.000000  
57.549538 0.003827  0.089879  -0.011640  0.987830  0.155505  -0.003260  -0.155206  0.986870  0.044701  0.010169  -0.043651  0.998995  0.000586  0.001323  0.000381  0.000000  0.000000  0.000000  2.000000  
57.550786 0.003827  0.089880  -0.011640  0.987830  0.155505  -0.003260  -0.155206  0.986870  0.044701  0.010169  -0.043651  0.998995  0.000540  0.001224  0.000362  0.000000  0.000000  0.000000  2.000000  
57.551797 0.003828  0.089881  -0.011639  0.987830  0.155505  -0.003260  -0.155206  0.986870  0.044701  0.010169  -0.043651  0.998995  0.000574  0.001170  0.000396  0.000000  0.000000  0.000000  2.000000  
57.553042 0.003828  0.089881  -0.011639  0.987830  0.155505  -0.003260  -0.155206  0.986870  0.044701  0.010169  -0.043651  0.998995  0.000537  0.001047  0.000386  0.000000  0.000000  0.000000  2.000000  
57.554304 0.003829  0.089881  -0.011639  0.987830  0.155505  -0.003260  -0.155206  0.986870  0.044701  0.010169  -0.043651  0.998995  0.000506  0.000895  0.000385  0.000000  0.000000  0.000000  2.000000  
57.555540 0.003830  0.089881  -0.011639  0.987830  0.155505  -0.003260  -0.155206  0.986870  0.044701  0.010169  -0.043651  0.998995  0.000516  0.000815  0.000312  0.000000  0.000000  0.000000  2.000000  
57.556789 0.003830  0.089881  -0.011639  0.987830  0.155505  -0.003260  -0.155206  0.986870  0.044701  0.010169  -0.043651  0.998995  0.000478  0.000654  0.000306  0.000000  0.000000  0.000000  2.000000  
57.557790 0.003830  0.089881  -0.011639  0.987828  0.155511  -0.003373  -0.155206  0.986864  0.044841  0.010302  -0.043772  0.998988  0.000504  0.000559  0.000248  0.000000  0.000000  0.000000  2.000000  
57.559041 0.003831  0.089881  -0.011639  0.987828  0.155511  -0.003373  -0.155206  0.986864  0.044841  0.010302  -0.043772  0.998988  0.000447  0.000405  0.000182  0.000000  0.000000  0.000000  2.000000  
57.560074 0.003831  0.089880  -0.011640  0.987828  0.155511  -0.003373  -0.155206  0.986864  0.044841  0.010302  -0.043772  0.998988  0.000456  0.000323  0.000109  0.000000  0.000000  0.000000  2.000000  
57.561293 0.003831  0.089880  -0.011640  0.987828  0.155511  -0.003373  -0.155206  0.986864  0.044841  0.010302  -0.043772  0.998988  0.000423  0.000219  0.000053  0.000000  0.000000  0.000000  2.000000  
57.562301 0.003831  0.089880  -0.011640  0.987828  0.155511  -0.003373  -0.155206  0.986864  0.044841  0.010302  -0.043772  0.998988  0.000408  0.000145  0.000052  0.000000  0.000000  0.000000  2.000000  
57.563540 0.003832  0.089879  -0.011640  0.987828  0.155511  -0.003373  -0.155206  0.986864  0.044841  0.010302  -0.043772  0.998988  0.000401  0.000066  0.000016  0.000000  0.000000  0.000000  2.000000  
57.564541 0.003832  0.089879  -0.011641  0.987828  0.155511  -0.003373  -0.155206  0.986864  0.044841  0.010302  -0.043772  0.998988  0.000363  -0.000013  -0.000050  0.000000  0.000000  0.000000  2.000000  
57.565786 0.003832  0.089879  -0.011641  0.987828  0.155511  -0.003373  -0.155206  0.986864  0.044841  0.010302  -0.043772  0.998988  0.000343  -0.000086  -0.000049  0.000000  0.000000  0.000000  2.000000  
57.566786 0.003832  0.089878  -0.011641  0.987828  0.155511  -0.003373  -0.155206  0.986864  0.044841  0.010302  -0.043772  0.998988  0.000301  -0.000165  -0.000114  0.000000  0.000000  0.000000  2.000000  
57.567794 0.003832  0.089878  -0.011641  0.987828  0.155511  -0.003373  -0.155206  0.986864  0.044841  0.010302  -0.043772  0.998988  0.000283  -0.000218  -0.000126  0.000000  0.000000  0.000000  2.000000  
57.569041 0.003832  0.089877  -0.011642  0.987828  0.155511  -0.003373  -0.155206  0.986864  0.044841  0.010302  -0.043772  0.998988  0.000233  -0.000273  -0.000201  0.000000  0.000000  0.000000  2.000000  
57.570043 0.003833  0.089877  -0.011642  0.987828  0.155511  -0.003373  -0.155206  0.986864  0.044841  0.010302  -0.043772  0.998988  0.000209  -0.000323  -0.000211  0.000000  0.000000  0.000000  2.000000  
57.571297 0.003833  0.089876  -0.011642  0.987828  0.155511  -0.003373  -0.155206  0.986864  0.044841  0.010302  -0.043772  0.998988  0.000209  -0.000323  -0.000211  0.000000  0.000000  0.000000  2.000000  
57.572541 0.003833  0.089875  -0.011642  0.987828  0.155511  -0.003373  -0.155206  0.986864  0.044841  0.010302  -0.043772  0.998988  0.000186  -0.000374  -0.000221  0.000000  0.000000  0.000000  2.000000  
57.573793 0.003833  0.089875  -0.011642  0.987828  0.155511  -0.003373  -0.155206  0.986864  0.044841  0.010302  -0.043772  0.998988  0.000143  -0.000396  -0.000205  0.000000  0.000000  0.000000  2.000000  
57.575040 0.003833  0.089874  -0.011643  0.987796  0.155714  -0.003364  -0.155409  0.986832  0.044842  0.010302  -0.043772  0.998988  0.000141  -0.000390  -0.000202  0.000000  0.000000  0.000000  2.000000  
57.576292 0.003833  0.089874  -0.011643  0.987796  0.155714  -0.003364  -0.155409  0.986832  0.044842  0.010302  -0.043772  0.998988  0.000105  -0.000436  -0.000175  0.000000  0.000000  0.000000  2.000000  
57.577538 0.003833  0.089873  -0.011643  0.987796  0.155714  -0.003364  -0.155409  0.986832  0.044842  0.010302  -0.043772  0.998988  0.000099  -0.000419  -0.000188  0.000000  0.000000  0.000000  2.000000  
57.578541 0.003833  0.089873  -0.011643  0.987828  0.155511  -0.003373  -0.155206  0.986864  0.044841  0.010302  -0.043772  0.998988  0.000099  -0.000419  -0.000188  0.000000  0.000000  0.000000  2.000000  
57.579791 0.003833  0.089873  -0.011644  0.987828  0.155511  -0.003373  -0.155206  0.986864  0.044841  0.010302  -0.043772  0.998988  0.000091  -0.000394  -0.000197  0.000000  0.000000  0.000000  2.000000  
57.581039 0.003833  0.089872  -0.011644  0.987828  0.155511  -0.003373  -0.155206  0.986864  0.044841  0.010302  -0.043772  0.998988  0.000051  -0.000396  -0.000226  0.000000  0.000000  0.000000  2.000000  
57.582041 0.003833  0.089872  -0.011644  0.987828  0.155511  -0.003373  -0.155206  0.986864  0.044841  0.010302  -0.043772  0.998988  0.000043  -0.000371  -0.000236  0.000000  0.000000  0.000000  2.000000  
57.583292 0.003833  0.089872  -0.011645  0.987828  0.155511  -0.003373  -0.155206  0.986864  0.044841  0.010302  -0.043772  0.998988  0.000073  -0.000340  -0.000213  0.000000  0.000000  0.000000  2.000000  
57.584544 0.003833  0.089872  -0.011645  0.987828  0.155511  -0.003373  -0.155206  0.986864  0.044841  0.010302  -0.043772  0.998988  0.000026  -0.000322  -0.000255  0.000000  0.000000  0.000000  2.000000  
57.585791 0.003833  0.089872  -0.011646  0.987828  0.155511  -0.003373  -0.155206  0.986864  0.044841  0.010302  -0.043772  0.998988  0.000018  -0.000298  -0.000265  0.000000  0.000000  0.000000  2.000000  
57.587041 0.003833  0.089872  -0.011646  0.987828  0.155511  -0.003373  -0.155206  0.986864  0.044841  0.010302  -0.043772  0.998988  0.000010  -0.000269  -0.000270  0.000000  0.000000  0.000000  2.000000  
57.588043 0.003833  0.089872  -0.011646  0.987828  0.155511  -0.003373  -0.155206  0.986864  0.044841  0.010302  -0.043772  0.998988  0.000012  -0.000195  -0.000238  0.000000  0.000000  0.000000  2.000000  
57.589046 0.003833  0.089872  -0.011646  0.987828  0.155511  -0.003373  -0.155206  0.986864  0.044841  0.010302  -0.043772  0.998988  0.000004  -0.000171  -0.000247  0.000000  0.000000  0.000000  2.000000  
57.590297 0.003832  0.089872  -0.011646  0.987828  0.155511  -0.003373  -0.155206  0.986864  0.044841  0.010302  -0.043772  0.998988  -0.000056  -0.000145  -0.000249  0.000000  0.000000  0.000000  2.000000  
57.591541 0.003832  0.089872  -0.011647  0.987828  0.155511  -0.003373  -0.155206  0.986864  0.044841  0.010302  -0.043772  0.998988  -0.000041  -0.000069  -0.000245  0.000000  0.000000  0.000000  2.000000  
57.592790 0.003832  0.089872  -0.011647  0.987860  0.155308  -0.003383  -0.155003  0.986896  0.044841  0.010302  -0.043772  0.998988  -0.000089  -0.000047  -0.000288  0.000000  0.000000  0.000000  2.000000  
57.594036 0.003832  0.089873  -0.011648  0.987860  0.155308  -0.003383  -0.155003  0.986896  0.044841  0.010302  -0.043772  0.998988  -0.000096  -0.000022  -0.000292  0.000000  0.000000  0.000000  2.000000  
57.595038 0.003832  0.089873  -0.011648  0.987860  0.155308  -0.003383  -0.155003  0.986896  0.044841  0.010302  -0.043772  0.998988  -0.000104  0.000002  -0.000302  0.000000  0.000000  0.000000  2.000000  
57.596286 0.003832  0.089873  -0.011648  0.987860  0.155308  -0.003383  -0.155003  0.986896  0.044841  0.010302  -0.043772  0.998988  -0.000101  0.000079  -0.000266  0.000000  0.000000  0.000000  2.000000  
57.597291 0.003832  0.089873  -0.011649  0.987860  0.155308  -0.003383  -0.155003  0.986896  0.044841  0.010302  -0.043772  0.998988  -0.000089  0.000075  -0.000301  0.000000  0.000000  0.000000  2.000000  
57.598302 0.003832  0.089874  -0.011649  0.987860  0.155308  -0.003383  -0.155003  0.986896  0.044841  0.010302  -0.043772  0.998988  -0.000080  0.000130  -0.000260  0.000000  0.000000  0.000000  2.000000  
57.599536 0.003831  0.089874  -0.011650  0.987860  0.155308  -0.003383  -0.155003  0.986896  0.044841  0.010302  -0.043772  0.998988  -0.000118  0.000127  -0.000285  0.000000  0.000000  0.000000  2.000000  
57.600538 0.003831  0.089874  -0.011650  0.987859  0.155314  -0.003515  -0.155003  0.986895  0.044861  0.010436  -0.043772  0.998987  -0.000118  0.000127  -0.000285  0.000000  0.000000  0.000000  2.000000  
57.601547 0.003831  0.089874  -0.011650  0.987859  0.155314  -0.003515  -0.155003  0.986895  0.044861  0.010436  -0.043772  0.998987  -0.000120  0.000129  -0.000289  0.000000  0.000000  0.000000  2.000000  
57.602791 0.003832  0.089874  -0.011650  0.987859  0.155314  -0.003515  -0.155003  0.986895  0.044861  0.010436  -0.043772  0.998987  -0.000068  0.000127  -0.000296  0.000000  0.000000  0.000000  2.000000  
57.604040 0.003832  0.089874  -0.011650  0.987859  0.155314  -0.003515  -0.155003  0.986895  0.044861  0.010436  -0.043772  0.998987  -0.000067  0.000125  -0.000292  0.000000  0.000000  0.000000  2.000000  
57.605044 0.003832  0.089874  -0.011650  0.987859  0.155314  -0.003515  -0.155003  0.986895  0.044861  0.010436  -0.043772  0.998987  -0.000028  0.000129  -0.000267  0.000000  0.000000  0.000000  2.000000  
57.606297 0.003832  0.089874  -0.011650  0.987859  0.155314  -0.003515  -0.155003  0.986895  0.044861  0.010436  -0.043772  0.998987  -0.000032  0.000107  -0.000222  0.000000  0.000000  0.000000  2.000000  
57.607540 0.003832  0.089874  -0.011650  0.987891  0.155110  -0.003524  -0.154799  0.986927  0.044861  0.010436  -0.043772  0.998987  0.000007  0.000107  -0.000189  0.000000  0.000000  0.000000  2.000000  
57.608543 0.003832  0.089874  -0.011650  0.987891  0.155110  -0.003524  -0.154799  0.986927  0.044861  0.010436  -0.043772  0.998987  0.000035  0.000114  -0.000127  0.000000  0.000000  0.000000  2.000000  
57.609788 0.003833  0.089874  -0.011650  0.987891  0.155110  -0.003524  -0.154799  0.986927  0.044861  0.010436  -0.043772  0.998987  0.000094  0.000086  -0.000123  0.000000  0.000000  0.000000  2.000000  
57.610788 0.003833  0.089874  -0.011650  0.987891  0.155110  -0.003524  -0.154799  0.986927  0.044861  0.010436  -0.043772  0.998987  0.000112  0.000038  -0.000106  0.000000  0.000000  0.000000  2.000000  
57.612036 0.003833  0.089873  -0.011650  0.987891  0.155110  -0.003524  -0.154799  0.986927  0.044861  0.010436  -0.043772  0.998987  0.000114  -0.000007  -0.000050  0.000000  0.000000  0.000000  2.000000  
57.613041 0.003834  0.089874  -0.011649  0.987889  0.155116  -0.003656  -0.154799  0.986926  0.044881  0.010570  -0.043772  0.998986  0.000156  -0.000006  -0.000021  0.000000  0.000000  0.000000  2.000000  
57.614293 0.003834  0.089873  -0.011649  0.987889  0.155116  -0.003656  -0.154799  0.986926  0.044881  0.010570  -0.043772  0.998986  0.000203  -0.000029  0.000017  0.000000  0.000000  0.000000  2.000000  
57.615541 0.003834  0.089873  -0.011649  0.987921  0.154913  -0.003665  -0.154596  0.986958  0.044880  0.010570  -0.043772  0.998986  0.000200  -0.000050  0.000063  0.000000  0.000000  0.000000  2.000000  
57.616542 0.003834  0.089873  -0.011648  0.987921  0.154913  -0.003665  -0.154596  0.986958  0.044880  0.010570  -0.043772  0.998986  0.000215  -0.000020  0.000117  0.000000  0.000000  0.000000  2.000000  
57.617793 0.003835  0.089873  -0.011648  0.987921  0.154913  -0.003665  -0.154596  0.986958  0.044880  0.010570  -0.043772  0.998986  0.000183  -0.000067  0.000145  0.000000  0.000000  0.000000  2.000000  
57.619040 0.003835  0.089873  -0.011648  0.987921  0.154913  -0.003665  -0.154596  0.986958  0.044880  0.010570  -0.043772  0.998986  0.000189  -0.000090  0.000152  0.000000  0.000000  0.000000  2.000000  
57.620043 0.003835  0.089873  -0.011648  0.987952  0.154716  -0.003806  -0.154392  0.986989  0.044900  0.010704  -0.043772  0.998984  0.000189  -0.000090  0.000152  0.000000  0.000000  0.000000  2.000000  
57.621049 0.003835  0.089873  -0.011648  0.987952  0.154716  -0.003806  -0.154392  0.986989  0.044900  0.010704  -0.043772  0.998984  0.000179  -0.000089  0.000191  0.000000  0.000000  0.000000  2.000000  
57.622295 0.003835  0.089873  -0.011647  0.987952  0.154716  -0.003806  -0.154392  0.986989  0.044900  0.010704  -0.043772  0.998984  0.000179  -0.000089  0.000191  0.000000  0.000000  0.000000  2.000000  
57.623540 0.003835  0.089873  -0.011647  0.987950  0.154721  -0.003938  -0.154392  0.986988  0.044921  0.010837  -0.043772  0.998983  0.000177  -0.000087  0.000188  0.000000  0.000000  0.000000  2.000000  
57.624541 0.003835  0.089873  -0.011647  0.987950  0.154721  -0.003957  -0.154392  0.986993  0.044801  0.010837  -0.043650  0.998988  0.000115  -0.000083  0.000234  0.000000  0.000000  0.000000  2.000000  
57.625791 0.003835  0.089873  -0.011647  0.987982  0.154518  -0.003966  -0.154188  0.987025  0.044800  0.010837  -0.043650  0.998988  0.000107  -0.000059  0.000224  0.000000  0.000000  0.000000  2.000000  
57.627043 0.003835  0.089873  -0.011646  0.987981  0.154524  -0.004099  -0.154188  0.987024  0.044821  0.010971  -0.043650  0.998987  0.000087  -0.000031  0.000251  0.000000  0.000000  0.000000  2.000000  
