1-Time 2-Px 3-Py 4-Pz 5-R11 6-R21 7-R31 8-R12 9-R22 10-R32 11-R13 12-R23 13-R33 14-Vx 15-Vy 16-Vz 17-Wx 18-Wy 19-Wz 20-state 21-PR11 22-PR21 23-PR31 24-PR12 25-PR22 26-PR32 27-PR13 28-PR23 29-PR33 
95.740392 0.003308  0.091323  0.004357  0.989717  0.142936  -0.005351  -0.142583  0.988868  0.042548  0.011373  -0.041348  0.999080  0.003398  0.004782  0.006247  0.000000  0.000000  0.000000  2.000000  
95.741395 0.003311  0.091328  0.004363  0.989717  0.142937  -0.005333  -0.142583  0.988863  0.042668  0.011373  -0.041469  0.999075  0.003434  0.004785  0.006278  0.000000  0.000000  0.000000  2.000000  
95.742397 0.003315  0.091331  0.004368  0.989628  0.143553  -0.005439  -0.143195  0.988773  0.042691  0.011506  -0.041469  0.999074  0.003415  0.004673  0.006198  0.000000  0.000000  0.000000  2.000000  
95.743464 0.003318  0.091334  0.004374  0.989541  0.144159  -0.005263  -0.143806  0.988680  0.042795  0.011373  -0.041590  0.999070  0.003419  0.004545  0.006124  0.000000  0.000000  0.000000  2.000000  
95.744641 0.003323  0.091337  0.004381  0.989481  0.144567  -0.005228  -0.144213  0.988616  0.042917  0.011373  -0.041711  0.999065  0.003479  0.004358  0.006069  0.000000  0.000000  0.000000  2.000000  
95.745642 0.003327  0.091339  0.004387  0.989422  0.144974  -0.005193  -0.144621  0.988551  0.043039  0.011373  -0.041833  0.999060  0.003532  0.004173  0.006026  0.000000  0.000000  0.000000  2.000000  
95.746642 0.003332  0.091342  0.004392  0.989362  0.145382  -0.005157  -0.145028  0.988486  0.043161  0.011373  -0.041954  0.999055  0.003620  0.004031  0.005955  0.000000  0.000000  0.000000  2.000000  
95.747647 0.003336  0.091345  0.004397  0.989269  0.146004  -0.005377  -0.145639  0.988389  0.043323  0.011640  -0.042075  0.999047  0.003691  0.003922  0.005910  0.000000  0.000000  0.000000  2.000000  
95.748894 0.003341  0.091349  0.004405  0.989086  0.147237  -0.005553  -0.146860  0.988196  0.043608  0.011908  -0.042317  0.999033  0.003739  0.003792  0.005885  0.000000  0.000000  0.000000  2.000000  
95.750144 0.003347  0.091353  0.004411  0.988932  0.148261  -0.005604  -0.147878  0.988032  0.043874  0.012042  -0.042559  0.999021  0.003833  0.003660  0.005827  0.000000  0.000000  0.000000  2.000000  
95.751397 0.003353  0.091356  0.004416  0.988747  0.149488  -0.005664  -0.149099  0.987842  0.044020  0.012175  -0.042680  0.999015  0.003929  0.003469  0.005602  0.047032  0.019104  0.187727  2.000000  
95.752417 0.003358  0.091360  0.004421  0.988624  0.150302  -0.005609  -0.149913  0.987713  0.044145  0.012175  -0.042802  0.999009  0.004018  0.003371  0.005478  0.051395  0.017915  0.215214  2.000000  
95.753649 0.003365  0.091366  0.004428  0.988469  0.151320  -0.005545  -0.150931  0.987553  0.044270  0.012175  -0.042923  0.999004  0.004261  0.003362  0.005431  0.055915  0.016457  0.249922  2.000000  
95.754895 0.003373  0.091371  0.004435  0.988281  0.152546  -0.005604  -0.152151  0.987359  0.044417  0.012309  -0.043044  0.998997  0.004492  0.003332  0.005423  0.060593  0.018894  0.298548  2.000000  
95.756142 0.003380  0.091375  0.004442  0.988090  0.153772  -0.005644  -0.153372  0.987158  0.044684  0.012443  -0.043286  0.998985  0.004653  0.003225  0.005339  0.069270  0.021597  0.340266  2.000000  
95.757390 0.003388  0.091378  0.004447  0.987928  0.154800  -0.005844  -0.154388  0.986992  0.044851  0.012711  -0.043407  0.998977  0.004901  0.003131  0.005231  0.073801  0.029094  0.375174  2.000000  
95.758391 0.003395  0.091380  0.004451  0.987831  0.155416  -0.005929  -0.154998  0.986890  0.044995  0.012844  -0.043528  0.998970  0.005104  0.003054  0.005173  0.078237  0.032389  0.403013  2.000000  
95.759395 0.003401  0.091381  0.004457  0.987700  0.156242  -0.006118  -0.155811  0.986748  0.045281  0.013112  -0.043770  0.998956  0.005247  0.002991  0.005178  0.086777  0.040145  0.431017  2.000000  
95.760644 0.003409  0.091382  0.004464  0.987569  0.157062  -0.006175  -0.156624  0.986608  0.045546  0.013246  -0.044013  0.998943  0.005486  0.002879  0.005216  0.095351  0.043427  0.459111  2.000000  
95.761645 0.003417  0.091382  0.004469  0.987438  0.157882  -0.006231  -0.157437  0.986466  0.045811  0.013379  -0.044255  0.998931  0.005688  0.002637  0.005142  0.103818  0.046653  0.486679  2.000000  
95.762896 0.003427  0.091380  0.004475  0.987308  0.158695  -0.006155  -0.158250  0.986324  0.046056  0.013379  -0.044497  0.998920  0.005968  0.002320  0.005109  0.112398  0.045109  0.521241  2.000000  
95.764153 0.003437  0.091379  0.004481  0.987209  0.159312  -0.006220  -0.158860  0.986214  0.046320  0.013513  -0.044740  0.998907  0.006307  0.001942  0.004969  0.120837  0.048642  0.542144  2.000000  
95.765398 0.003446  0.091376  0.004486  0.987141  0.159725  -0.006294  -0.159266  0.986136  0.046583  0.013647  -0.044982  0.998895  0.006517  0.001503  0.004871  0.129285  0.052172  0.563081  2.000000  
95.766644 0.003454  0.091372  0.004490  0.987074  0.160139  -0.006368  -0.159672  0.986058  0.046846  0.013781  -0.045224  0.998882  0.006692  0.000954  0.004837  0.137656  0.056000  0.577139  2.000000  
95.767646 0.003461  0.091369  0.004494  0.987008  0.160546  -0.006309  -0.160078  0.985981  0.047088  0.013781  -0.045466  0.998871  0.006789  0.000487  0.004768  0.145969  0.055324  0.590914  2.000000  
95.768894 0.003471  0.091367  0.004498  0.986940  0.160959  -0.006402  -0.160484  0.985908  0.047232  0.013915  -0.045587  0.998863  0.006945  -0.000080  0.004549  0.150361  0.058883  0.611904  2.000000  
95.769901 0.003477  0.091364  0.004502  0.986907  0.161164  -0.006354  -0.160687  0.985863  0.047472  0.013915  -0.045830  0.998852  0.006996  -0.000527  0.004434  0.158563  0.058494  0.618675  2.000000  
95.771146 0.003484  0.091360  0.004506  0.986907  0.161164  -0.006334  -0.160687  0.985857  0.047592  0.013915  -0.045951  0.998847  0.006932  -0.001048  0.004322  0.158630  0.058444  0.618946  2.000000  
95.772147 0.003489  0.091357  0.004511  0.986907  0.161165  -0.006315  -0.160687  0.985851  0.047711  0.013915  -0.046072  0.998841  0.006837  -0.001400  0.004324  0.162494  0.054825  0.598047  2.000000  
95.773407 0.003495  0.091354  0.004516  0.986907  0.161166  -0.006295  -0.160687  0.985846  0.047831  0.013915  -0.046193  0.998836  0.006696  -0.001811  0.004252  0.161152  0.059771  0.573810  2.000000  
95.774647 0.003500  0.091350  0.004521  0.986876  0.161364  -0.006134  -0.160891  0.985808  0.047930  0.013781  -0.046314  0.998832  0.006500  -0.002178  0.004161  0.161946  0.056191  0.563382  2.000000  
95.775890 0.003504  0.091344  0.004527  0.986909  0.161161  -0.006124  -0.160688  0.985835  0.048049  0.013781  -0.046436  0.998826  0.006159  -0.002511  0.004104  0.160464  0.056275  0.545122  2.000000  
95.776890 0.003505  0.091339  0.004531  0.986909  0.161162  -0.006104  -0.160688  0.985829  0.048168  0.013781  -0.046557  0.998821  0.005730  -0.002845  0.004031  0.156197  0.052633  0.524369  2.000000  
95.777892 0.003506  0.091334  0.004535  0.986942  0.160959  -0.006114  -0.160485  0.985862  0.048167  0.013781  -0.046557  0.998821  0.005286  -0.003080  0.003989  0.151871  0.049374  0.496852  2.000000  
95.779144 0.003507  0.091328  0.004540  0.987008  0.160555  -0.006095  -0.160078  0.985917  0.048404  0.013781  -0.046799  0.998809  0.004684  -0.003420  0.003971  0.155241  0.042807  0.441508  2.000000  
95.780391 0.003506  0.091320  0.004545  0.987008  0.160555  -0.006076  -0.160078  0.985911  0.048523  0.013781  -0.046920  0.998804  0.004051  -0.003707  0.003958  0.150831  0.039819  0.407168  2.000000  
95.781401 0.003506  0.091315  0.004549  0.987041  0.160352  -0.006086  -0.159875  0.985944  0.048522  0.013781  -0.046920  0.998804  0.003493  -0.003903  0.004033  0.147337  0.037785  0.361785  2.000000  
95.782403 0.003505  0.091309  0.004553  0.987074  0.160150  -0.006076  -0.159672  0.985971  0.048640  0.013781  -0.047041  0.998798  0.002965  -0.004098  0.004010  0.145860  0.038687  0.331604  2.000000  
95.783407 0.003504  0.091302  0.004555  0.987109  0.159942  -0.005935  -0.159469  0.985999  0.048737  0.013647  -0.047163  0.998794  0.002462  -0.004351  0.003923  0.145326  0.035719  0.296977  2.000000  
95.784648 0.003501  0.091295  0.004558  0.987143  0.159733  -0.005794  -0.159266  0.986027  0.048834  0.013513  -0.047284  0.998790  0.001628  -0.004715  0.003763  0.145810  0.029493  0.243731  2.000000  
95.785898 0.003499  0.091286  0.004559  0.987176  0.159531  -0.005784  -0.159063  0.986054  0.048953  0.013513  -0.047405  0.998784  0.001000  -0.005005  0.003580  0.141110  0.027150  0.195136  2.000000  
95.787148 0.003496  0.091279  0.004560  0.987209  0.159328  -0.005795  -0.158860  0.986087  0.048952  0.013513  -0.047405  0.998784  0.000395  -0.005280  0.003323  0.000000  0.000000  0.000000  2.000000  
95.788148 0.003495  0.091273  0.004562  0.987243  0.159119  -0.005653  -0.158657  0.986115  0.049049  0.013379  -0.047526  0.998780  -0.000020  -0.005457  0.003125  0.000000  0.000000  0.000000  2.000000  
95.789151 0.003494  0.091269  0.004563  0.987276  0.158917  -0.005644  -0.158453  0.986142  0.049167  0.013379  -0.047647  0.998775  -0.000365  -0.005549  0.002922  0.000000  0.000000  0.000000  2.000000  
95.790400 0.003492  0.091263  0.004564  0.987308  0.158714  -0.005654  -0.158250  0.986174  0.049166  0.013379  -0.047647  0.998775  -0.000747  -0.005607  0.002632  0.000000  0.000000  0.000000  2.000000  
95.791641 0.003490  0.091256  0.004564  0.987343  0.158505  -0.005513  -0.158047  0.986202  0.049264  0.013246  -0.047769  0.998771  -0.001017  -0.005631  0.002270  0.000000  0.000000  0.000000  2.000000  
95.792641 0.003488  0.091251  0.004565  0.987343  0.158505  -0.005513  -0.158047  0.986202  0.049264  0.013246  -0.047769  0.998771  -0.001193  -0.005633  0.002065  0.000000  0.000000  0.000000  2.000000  
95.793642 0.003488  0.091246  0.004566  0.987343  0.158506  -0.005494  -0.158047  0.986196  0.049383  0.013246  -0.047890  0.998765  -0.001279  -0.005587  0.001840  0.000000  0.000000  0.000000  2.000000  
95.794889 0.003487  0.091241  0.004567  0.987375  0.158303  -0.005504  -0.157844  0.986229  0.049382  0.013246  -0.047890  0.998765  -0.001291  -0.005497  0.001627  0.000000  0.000000  0.000000  2.000000  
95.795895 0.003487  0.091237  0.004568  0.987408  0.158101  -0.005495  -0.157641  0.986255  0.049501  0.013246  -0.048011  0.998759  -0.001258  -0.005379  0.001403  0.000000  0.000000  0.000000  2.000000  
95.797142 0.003488  0.091232  0.004571  0.987408  0.158101  -0.005476  -0.157641  0.986249  0.049620  0.013246  -0.048132  0.998753  -0.001179  -0.005204  0.001252  0.000000  0.000000  0.000000  2.000000  
95.798151 0.003489  0.091230  0.004572  0.987440  0.157898  -0.005486  -0.157437  0.986282  0.049619  0.013246  -0.048132  0.998753  -0.001002  -0.004936  0.001137  0.000000  0.000000  0.000000  2.000000  
95.799402 0.003492  0.091226  0.004574  0.987440  0.157899  -0.005467  -0.157437  0.986276  0.049739  0.013246  -0.048253  0.998747  -0.000701  -0.004686  0.001112  0.000000  0.000000  0.000000  2.000000  
95.800645 0.003495  0.091223  0.004575  0.987440  0.157900  -0.005448  -0.157437  0.986270  0.049858  0.013246  -0.048374  0.998741  -0.000279  -0.004332  0.001050  0.000000  0.000000  0.000000  2.000000  
95.801897 0.003499  0.091219  0.004576  0.987440  0.157900  -0.005429  -0.157437  0.986264  0.049978  0.013246  -0.048496  0.998736  0.000170  -0.004070  0.001036  0.000000  0.000000  0.000000  2.000000  
95.803146 0.003504  0.091217  0.004577  0.987440  0.157901  -0.005410  -0.157437  0.986257  0.050098  0.013246  -0.048617  0.998730  0.000620  -0.003731  0.001049  0.000000  0.000000  0.000000  2.000000  
95.804399 0.003509  0.091215  0.004578  0.987440  0.157901  -0.005410  -0.157437  0.986257  0.050098  0.013246  -0.048617  0.998730  0.001103  -0.003490  0.000966  0.000000  0.000000  0.000000  2.000000  
95.805644 0.003515  0.091213  0.004580  0.987440  0.157901  -0.005390  -0.157437  0.986251  0.050217  0.013246  -0.048738  0.998724  0.001628  -0.003156  0.001090  0.000000  0.000000  0.000000  2.000000  
95.806893 0.003521  0.091212  0.004581  0.987440  0.157902  -0.005371  -0.157437  0.986245  0.050337  0.013246  -0.048859  0.998718  0.002160  -0.002841  0.001087  0.000000  0.000000  0.000000  2.000000  
95.808140 0.003526  0.091210  0.004583  0.987408  0.158105  -0.005361  -0.157641  0.986213  0.050338  0.013246  -0.048859  0.998718  0.002573  -0.002539  0.001191  0.000000  0.000000  0.000000  2.000000  
95.809140 0.003530  0.091210  0.004585  0.987408  0.158106  -0.005342  -0.157641  0.986207  0.050458  0.013246  -0.048980  0.998712  0.002882  -0.002285  0.001275  0.000000  0.000000  0.000000  2.000000  
95.810144 0.003535  0.091209  0.004587  0.987408  0.158106  -0.005323  -0.157641  0.986200  0.050577  0.013246  -0.049101  0.998706  0.003214  -0.002050  0.001306  0.000000  0.000000  0.000000  2.000000  
95.811145 0.003539  0.091208  0.004590  0.987375  0.158309  -0.005312  -0.157844  0.986168  0.050578  0.013246  -0.049101  0.998706  0.003481  -0.001814  0.001401  0.000000  0.000000  0.000000  2.000000  
95.812390 0.003544  0.091208  0.004594  0.987343  0.158513  -0.005283  -0.158047  0.986129  0.050699  0.013246  -0.049222  0.998700  0.003755  -0.001602  0.001500  0.000000  0.000000  0.000000  2.000000  
95.813405 0.003548  0.091208  0.004597  0.987343  0.158514  -0.005263  -0.158047  0.986123  0.050819  0.013246  -0.049344  0.998694  0.003926  -0.001389  0.001612  0.000000  0.000000  0.000000  2.000000  
95.814650 0.003553  0.091208  0.004601  0.987310  0.158717  -0.005234  -0.158250  0.986084  0.050939  0.013246  -0.049465  0.998688  0.004084  -0.001134  0.001830  0.000000  0.000000  0.000000  2.000000  
95.815894 0.003558  0.091208  0.004606  0.987310  0.158717  -0.005234  -0.158250  0.986084  0.050939  0.013246  -0.049465  0.998688  0.004125  -0.000929  0.002077  0.000000  0.000000  0.000000  2.000000  
95.817144 0.003562  0.091208  0.004612  0.987276  0.158928  -0.005336  -0.158453  0.986044  0.051081  0.013379  -0.049586  0.998680  0.004139  -0.000685  0.002390  0.000000  0.000000  0.000000  2.000000  
95.818144 0.003565  0.091208  0.004616  0.987245  0.159125  -0.005174  -0.158657  0.986006  0.051181  0.013246  -0.049707  0.998676  0.004074  -0.000606  0.002581  0.000000  0.000000  0.000000  2.000000  
95.819145 0.003568  0.091208  0.004620  0.987212  0.159328  -0.005163  -0.158860  0.985974  0.051182  0.013246  -0.049707  0.998676  0.003976  -0.000453  0.002843  0.000000  0.000000  0.000000  2.000000  
95.820397 0.003571  0.091208  0.004625  0.987180  0.159531  -0.005134  -0.159063  0.985935  0.051302  0.013246  -0.049828  0.998670  0.003820  -0.000376  0.003002  0.000000  0.000000  0.000000  2.000000  
95.821644 0.003574  0.091207  0.004629  0.987180  0.159531  -0.005134  -0.159063  0.985935  0.051302  0.013246  -0.049828  0.998670  0.003596  -0.000335  0.003245  0.000000  0.000000  0.000000  2.000000  
95.822892 0.003576  0.091206  0.004633  0.987147  0.159735  -0.005104  -0.159267  0.985895  0.051423  0.013246  -0.049949  0.998664  0.003428  -0.000273  0.003393  0.000000  0.000000  0.000000  2.000000  
95.823892 0.003577  0.091206  0.004637  0.987114  0.159938  -0.005093  -0.159470  0.985863  0.051424  0.013246  -0.049949  0.998664  0.003194  -0.000263  0.003500  0.000000  0.000000  0.000000  2.000000  
95.825144 0.003580  0.091204  0.004641  0.987081  0.160141  -0.005063  -0.159673  0.985823  0.051545  0.013246  -0.050070  0.998658  0.003002  -0.000269  0.003601  0.000000  0.000000  0.000000  2.000000  
95.826404 0.003581  0.091202  0.004644  0.987083  0.160135  -0.004931  -0.159673  0.985824  0.051523  0.013112  -0.050070  0.998660  0.002740  -0.000368  0.003568  0.000000  0.000000  0.000000  2.000000  
95.827644 0.003582  0.091199  0.004646  0.987050  0.160338  -0.004901  -0.159876  0.985785  0.051644  0.013112  -0.050192  0.998654  0.002410  -0.000556  0.003450  0.000000  0.000000  0.000000  2.000000  
95.828890 0.003582  0.091197  0.004648  0.987050  0.160339  -0.004882  -0.159876  0.985779  0.051763  0.013112  -0.050313  0.998647  0.002092  -0.000731  0.003275  0.000000  0.000000  0.000000  2.000000  
95.830144 0.003582  0.091194  0.004650  0.987017  0.160542  -0.004871  -0.160080  0.985746  0.051764  0.013112  -0.050313  0.998647  0.001778  -0.000920  0.003124  0.000000  0.000000  0.000000  2.000000  
95.831147 0.003582  0.091192  0.004652  0.987017  0.160542  -0.004851  -0.160080  0.985740  0.051884  0.013112  -0.050434  0.998641  0.001536  -0.001062  0.002959  0.000000  0.000000  0.000000  2.000000  
95.832401 0.003582  0.091189  0.004654  0.987017  0.160542  -0.004851  -0.160080  0.985740  0.051884  0.013112  -0.050434  0.998641  0.001244  -0.001343  0.002715  0.000000  0.000000  0.000000  2.000000  
95.833408 0.003581  0.091186  0.004655  0.987015  0.160550  -0.004964  -0.160079  0.985732  0.052025  0.013246  -0.050555  0.998633  0.001006  -0.001544  0.002501  0.000000  0.000000  0.000000  2.000000  
95.834408 0.003580  0.091182  0.004656  0.987015  0.160550  -0.004964  -0.160079  0.985732  0.052025  0.013246  -0.050555  0.998633  0.000702  -0.001741  0.002316  0.000000  0.000000  0.000000  2.000000  
95.835644 0.003579  0.091178  0.004657  0.987015  0.160550  -0.004964  -0.160079  0.985732  0.052025  0.013246  -0.050555  0.998633  0.000457  -0.001955  0.002125  0.000000  0.000000  0.000000  2.000000  
95.836644 0.003578  0.091174  0.004657  0.987015  0.160550  -0.004964  -0.160079  0.985732  0.052025  0.013246  -0.050555  0.998633  0.000253  -0.002163  0.001855  0.000000  0.000000  0.000000  2.000000  
95.837644 0.003577  0.091172  0.004658  0.987015  0.160550  -0.004964  -0.160079  0.985732  0.052025  0.013246  -0.050555  0.998633  0.000052  -0.002332  0.001640  0.000000  0.000000  0.000000  2.000000  
95.838895 0.003576  0.091169  0.004658  0.987015  0.160550  -0.004964  -0.160079  0.985732  0.052025  0.013246  -0.050555  0.998633  -0.000131  -0.002492  0.001374  0.000000  0.000000  0.000000  2.000000  
95.839896 0.003575  0.091166  0.004658  0.987015  0.160550  -0.004964  -0.160079  0.985732  0.052025  0.013246  -0.050555  0.998633  -0.000299  -0.002621  0.001161  0.000000  0.000000  0.000000  2.000000  
95.841142 0.003575  0.091161  0.004657  0.987048  0.160347  -0.004975  -0.159876  0.985765  0.052024  0.013246  -0.050555  0.998633  -0.000400  -0.002728  0.000946  0.000000  0.000000  0.000000  2.000000  
95.842145 0.003574  0.091158  0.004656  0.987048  0.160347  -0.004975  -0.159876  0.985765  0.052024  0.013246  -0.050555  0.998633  -0.000505  -0.002827  0.000748  0.000000  0.000000  0.000000  2.000000  
95.843405 0.003573  0.091154  0.004655  0.987048  0.160347  -0.004975  -0.159876  0.985765  0.052024  0.013246  -0.050555  0.998633  -0.000566  -0.002913  0.000484  0.000000  0.000000  0.000000  2.000000  
95.844644 0.003573  0.091151  0.004654  0.987048  0.160347  -0.004975  -0.159876  0.985765  0.052024  0.013246  -0.050555  0.998633  -0.000589  -0.002968  0.000292  0.000000  0.000000  0.000000  2.000000  
95.845645 0.003573  0.091148  0.004653  0.987048  0.160347  -0.004975  -0.159876  0.985765  0.052024  0.013246  -0.050555  0.998633  -0.000652  -0.003051  0.000073  0.000000  0.000000  0.000000  2.000000  
95.846693 0.003573  0.091145  0.004652  0.987081  0.160144  -0.004985  -0.159673  0.985798  0.052023  0.013246  -0.050555  0.998633  -0.000658  -0.003091  -0.000105  0.000000  0.000000  0.000000  2.000000  
95.847898 0.003571  0.091140  0.004650  0.987081  0.160144  -0.004985  -0.159673  0.985798  0.052023  0.013246  -0.050555  0.998633  -0.000699  -0.003178  -0.000305  0.000000  0.000000  0.000000  2.000000  
95.849147 0.003571  0.091136  0.004650  0.987081  0.160144  -0.004985  -0.159673  0.985798  0.052023  0.013246  -0.050555  0.998633  -0.000623  -0.003125  -0.000432  0.000000  0.000000  0.000000  2.000000  
95.850406 0.003571  0.091133  0.004649  0.987083  0.160137  -0.004853  -0.159673  0.985799  0.052002  0.013112  -0.050555  0.998635  -0.000500  -0.003042  -0.000568  0.000000  0.000000  0.000000  2.000000  
95.851647 0.003571  0.091131  0.004648  0.987083  0.160137  -0.004853  -0.159673  0.985799  0.052002  0.013112  -0.050555  0.998635  -0.000408  -0.002955  -0.000643  0.000000  0.000000  0.000000  2.000000  
95.852895 0.003572  0.091128  0.004648  0.987083  0.160137  -0.004873  -0.159673  0.985806  0.051882  0.013112  -0.050434  0.998641  -0.000314  -0.002830  -0.000634  0.000000  0.000000  0.000000  2.000000  
95.854144 0.003572  0.091127  0.004648  0.987083  0.160137  -0.004873  -0.159673  0.985806  0.051882  0.013112  -0.050434  0.998641  -0.000251  -0.002732  -0.000647  0.000000  0.000000  0.000000  2.000000  
95.855396 0.003573  0.091126  0.004649  0.987050  0.160340  -0.004862  -0.159876  0.985773  0.051883  0.013112  -0.050434  0.998641  -0.000112  -0.002546  -0.000565  0.000000  0.000000  0.000000  2.000000  
95.856420 0.003575  0.091126  0.004650  0.987050  0.160340  -0.004862  -0.159876  0.985773  0.051883  0.013112  -0.050434  0.998641  0.000007  -0.002327  -0.000464  0.000000  0.000000  0.000000  2.000000  
95.857646 0.003576  0.091126  0.004651  0.987050  0.160340  -0.004862  -0.159876  0.985773  0.051883  0.013112  -0.050434  0.998641  0.000165  -0.002032  -0.000303  0.000000  0.000000  0.000000  2.000000  
95.858890 0.003577  0.091126  0.004651  0.987050  0.160339  -0.004882  -0.159876  0.985779  0.051763  0.013112  -0.050313  0.998647  0.000233  -0.001810  -0.000190  0.000000  0.000000  0.000000  2.000000  
95.860143 0.003578  0.091126  0.004652  0.987050  0.160339  -0.004882  -0.159876  0.985779  0.051763  0.013112  -0.050313  0.998647  0.000336  -0.001516  -0.000045  0.000000  0.000000  0.000000  2.000000  
95.861395 0.003579  0.091126  0.004653  0.987017  0.160542  -0.004871  -0.160080  0.985746  0.051764  0.013112  -0.050313  0.998647  0.000432  -0.001276  0.000085  0.000000  0.000000  0.000000  2.000000  
95.862397 0.003580  0.091126  0.004654  0.987017  0.160542  -0.004871  -0.160080  0.985746  0.051764  0.013112  -0.050313  0.998647  0.000527  -0.001036  0.000202  0.000000  0.000000  0.000000  2.000000  
95.863405 0.003580  0.091127  0.004655  0.987017  0.160542  -0.004871  -0.160080  0.985746  0.051764  0.013112  -0.050313  0.998647  0.000641  -0.000753  0.000365  0.000000  0.000000  0.000000  2.000000  
95.864648 0.003581  0.091128  0.004657  0.987017  0.160542  -0.004871  -0.160080  0.985746  0.051764  0.013112  -0.050313  0.998647  0.000690  -0.000468  0.000525  0.000000  0.000000  0.000000  2.000000  
95.865895 0.003582  0.091129  0.004658  0.987017  0.160542  -0.004871  -0.160080  0.985746  0.051764  0.013112  -0.050313  0.998647  0.000713  -0.000200  0.000659  0.000000  0.000000  0.000000  2.000000  
95.867144 0.003583  0.091130  0.004660  0.986984  0.160745  -0.004860  -0.160283  0.985713  0.051765  0.013112  -0.050313  0.998647  0.000801  0.000064  0.000764  0.000000  0.000000  0.000000  2.000000  
95.868145 0.003584  0.091131  0.004661  0.986984  0.160745  -0.004841  -0.160283  0.985707  0.051885  0.013112  -0.050434  0.998641  0.000798  0.000254  0.000852  0.000000  0.000000  0.000000  2.000000  
95.869146 0.003585  0.091133  0.004662  0.986984  0.160745  -0.004841  -0.160283  0.985707  0.051885  0.013112  -0.050434  0.998641  0.000848  0.000437  0.000898  0.000000  0.000000  0.000000  2.000000  
95.870403 0.003586  0.091135  0.004663  0.986984  0.160745  -0.004841  -0.160283  0.985707  0.051885  0.013112  -0.050434  0.998641  0.000814  0.000594  0.000920  0.000000  0.000000  0.000000  2.000000  
95.871645 0.003586  0.091137  0.004664  0.986949  0.160955  -0.004962  -0.160486  0.985672  0.051907  0.013246  -0.050434  0.998640  0.000736  0.000728  0.000952  0.000000  0.000000  0.000000  2.000000  
95.872896 0.003586  0.091138  0.004665  0.986949  0.160955  -0.004962  -0.160486  0.985672  0.051907  0.013246  -0.050434  0.998640  0.000679  0.000833  0.000965  0.000000  0.000000  0.000000  2.000000  
95.874146 0.003587  0.091140  0.004666  0.986949  0.160954  -0.004982  -0.160486  0.985679  0.051788  0.013246  -0.050313  0.998646  0.000668  0.000961  0.000969  0.000000  0.000000  0.000000  2.000000  
95.875396 0.003588  0.091142  0.004667  0.986949  0.160954  -0.004982  -0.160486  0.985679  0.051788  0.013246  -0.050313  0.998646  0.000602  0.001049  0.000966  0.000000  0.000000  0.000000  2.000000  
95.876644 0.003587  0.091143  0.004668  0.986949  0.160954  -0.004982  -0.160486  0.985679  0.051788  0.013246  -0.050313  0.998646  0.000531  0.001120  0.000986  0.000000  0.000000  0.000000  2.000000  
95.877890 0.003587  0.091144  0.004668  0.986949  0.160954  -0.004982  -0.160486  0.985679  0.051788  0.013246  -0.050313  0.998646  0.000472  0.001145  0.000914  0.000000  0.000000  0.000000  2.000000  
95.878890 0.003587  0.091145  0.004669  0.986949  0.160954  -0.004982  -0.160486  0.985679  0.051788  0.013246  -0.050313  0.998646  0.000392  0.001161  0.000836  0.000000  0.000000  0.000000  2.000000  
95.879893 0.003586  0.091145  0.004668  0.986949  0.160954  -0.004982  -0.160486  0.985679  0.051788  0.013246  -0.050313  0.998646  0.000340  0.001125  0.000752  0.000000  0.000000  0.000000  2.000000  
95.880895 0.003587  0.091146  0.004669  0.986949  0.160955  -0.004962  -0.160486  0.985672  0.051907  0.013246  -0.050434  0.998640  0.000296  0.001145  0.000707  0.000000  0.000000  0.000000  2.000000  
95.881897 0.003586  0.091147  0.004669  0.986949  0.160955  -0.004962  -0.160486  0.985672  0.051907  0.013246  -0.050434  0.998640  0.000218  0.001100  0.000612  0.000000  0.000000  0.000000  2.000000  
95.882897 0.003587  0.091147  0.004668  0.986949  0.160955  -0.004962  -0.160486  0.985672  0.051907  0.013246  -0.050434  0.998640  0.000186  0.001035  0.000508  0.000000  0.000000  0.000000  2.000000  
95.884142 0.003587  0.091147  0.004668  0.986949  0.160955  -0.004962  -0.160486  0.985672  0.051907  0.013246  -0.050434  0.998640  0.000137  0.000959  0.000427  0.000000  0.000000  0.000000  2.000000  
95.885145 0.003587  0.091147  0.004668  0.986949  0.160955  -0.004962  -0.160486  0.985672  0.051907  0.013246  -0.050434  0.998640  0.000045  0.000812  0.000343  0.000000  0.000000  0.000000  2.000000  
95.886400 0.003587  0.091147  0.004667  0.986949  0.160955  -0.004962  -0.160486  0.985672  0.051907  0.013246  -0.050434  0.998640  0.000042  0.000694  0.000232  0.000000  0.000000  0.000000  2.000000  
95.887645 0.003586  0.091146  0.004667  0.986949  0.160955  -0.004962  -0.160486  0.985672  0.051907  0.013246  -0.050434  0.998640  0.000000  0.000530  0.000143  0.000000  0.000000  0.000000  2.000000  
95.888894 0.003586  0.091145  0.004667  0.986982  0.160752  -0.004973  -0.160283  0.985705  0.051906  0.013246  -0.050434  0.998640  -0.000072  0.000337  0.000033  0.000000  0.000000  0.000000  2.000000  
95.889895 0.003586  0.091145  0.004667  0.986982  0.160752  -0.004973  -0.160283  0.985705  0.051906  0.013246  -0.050434  0.998640  -0.000053  0.000228  -0.000014  0.000000  0.000000  0.000000  2.000000  
95.890896 0.003586  0.091144  0.004666  0.986984  0.160745  -0.004841  -0.160283  0.985707  0.051885  0.013112  -0.050434  0.998641  -0.000117  0.000093  -0.000084  0.000000  0.000000  0.000000  2.000000  
95.892141 0.003585  0.091143  0.004667  0.986984  0.160745  -0.004841  -0.160283  0.985707  0.051885  0.013112  -0.050434  0.998641  -0.000129  -0.000087  -0.000097  0.000000  0.000000  0.000000  2.000000  
95.893405 0.003585  0.091141  0.004666  0.986984  0.160745  -0.004841  -0.160283  0.985707  0.051885  0.013112  -0.050434  0.998641  -0.000088  -0.000224  -0.000162  0.000000  0.000000  0.000000  2.000000  
95.894644 0.003585  0.091140  0.004666  0.986984  0.160745  -0.004841  -0.160283  0.985707  0.051885  0.013112  -0.050434  0.998641  -0.000083  -0.000323  -0.000175  0.000000  0.000000  0.000000  2.000000  
95.895890 0.003585  0.091139  0.004666  0.986984  0.160745  -0.004841  -0.160283  0.985707  0.051885  0.013112  -0.050434  0.998641  -0.000108  -0.000453  -0.000212  0.000000  0.000000  0.000000  2.000000  
95.896890 0.003585  0.091138  0.004665  0.986984  0.160745  -0.004841  -0.160283  0.985707  0.051885  0.013112  -0.050434  0.998641  -0.000104  -0.000556  -0.000227  0.000000  0.000000  0.000000  2.000000  
95.897898 0.003584  0.091137  0.004665  0.986984  0.160745  -0.004841  -0.160283  0.985707  0.051885  0.013112  -0.050434  0.998641  -0.000175  -0.000639  -0.000230  0.000000  0.000000  0.000000  2.000000  
95.898898 0.003584  0.091136  0.004664  0.986984  0.160746  -0.004821  -0.160283  0.985700  0.052005  0.013112  -0.050555  0.998635  -0.000208  -0.000747  -0.000279  0.000000  0.000000  0.000000  2.000000  
95.900144 0.003584  0.091135  0.004664  0.986984  0.160746  -0.004821  -0.160283  0.985700  0.052005  0.013112  -0.050555  0.998635  -0.000192  -0.000782  -0.000251  0.000000  0.000000  0.000000  2.000000  
95.901147 0.003583  0.091134  0.004664  0.986984  0.160746  -0.004821  -0.160283  0.985700  0.052005  0.013112  -0.050555  0.998635  -0.000234  -0.000842  -0.000233  0.000000  0.000000  0.000000  2.000000  
95.902399 0.003583  0.091133  0.004664  0.986984  0.160746  -0.004821  -0.160283  0.985700  0.052005  0.013112  -0.050555  0.998635  -0.000264  -0.000869  -0.000254  0.000000  0.000000  0.000000  2.000000  
95.903408 0.003582  0.091132  0.004663  0.986984  0.160746  -0.004821  -0.160283  0.985700  0.052005  0.013112  -0.050555  0.998635  -0.000303  -0.000915  -0.000232  0.000000  0.000000  0.000000  2.000000  
95.904644 0.003582  0.091132  0.004663  0.986984  0.160746  -0.004821  -0.160283  0.985700  0.052005  0.013112  -0.050555  0.998635  -0.000310  -0.000892  -0.000245  0.000000  0.000000  0.000000  2.000000  
95.905644 0.003581  0.091131  0.004663  0.986984  0.160746  -0.004821  -0.160283  0.985700  0.052005  0.013112  -0.050555  0.998635  -0.000286  -0.000841  -0.000236  0.000000  0.000000  0.000000  2.000000  
95.906890 0.003581  0.091131  0.004663  0.986984  0.160746  -0.004821  -0.160283  0.985700  0.052005  0.013112  -0.050555  0.998635  -0.000258  -0.000776  -0.000223  0.000000  0.000000  0.000000  2.000000  
95.907895 0.003581  0.091131  0.004663  0.986951  0.160949  -0.004811  -0.160486  0.985667  0.052006  0.013112  -0.050555  0.998635  -0.000284  -0.000760  -0.000208  0.000000  0.000000  0.000000  2.000000  
95.909144 0.003581  0.091131  0.004663  0.986953  0.160942  -0.004679  -0.160486  0.985668  0.051984  0.012978  -0.050555  0.998637  -0.000281  -0.000680  -0.000180  0.000000  0.000000  0.000000  2.000000  
95.910390 0.003581  0.091131  0.004663  0.986953  0.160942  -0.004679  -0.160486  0.985668  0.051984  0.012978  -0.050555  0.998637  -0.000281  -0.000566  -0.000161  0.000000  0.000000  0.000000  2.000000  
95.911390 0.003581  0.091131  0.004663  0.986953  0.160942  -0.004679  -0.160486  0.985668  0.051984  0.012978  -0.050555  0.998637  -0.000264  -0.000492  -0.000164  0.000000  0.000000  0.000000  2.000000  
95.912645 0.003580  0.091132  0.004663  0.986953  0.160942  -0.004679  -0.160486  0.985668  0.051984  0.012978  -0.050555  0.998637  -0.000269  -0.000390  -0.000149  0.000000  0.000000  0.000000  2.000000  
95.913890 0.003580  0.091132  0.004663  0.986953  0.160942  -0.004679  -0.160486  0.985668  0.051984  0.012978  -0.050555  0.998637  -0.000251  -0.000279  -0.000070  0.000000  0.000000  0.000000  2.000000  
95.914900 0.003580  0.091132  0.004663  0.986953  0.160942  -0.004679  -0.160486  0.985668  0.051984  0.012978  -0.050555  0.998637  -0.000244  -0.000184  -0.000087  0.000000  0.000000  0.000000  2.000000  
95.916150 0.003579  0.091133  0.004663  0.986953  0.160942  -0.004679  -0.160486  0.985668  0.051984  0.012978  -0.050555  0.998637  -0.000249  -0.000080  -0.000071  0.000000  0.000000  0.000000  2.000000  
95.917397 0.003579  0.091133  0.004663  0.986953  0.160942  -0.004679  -0.160486  0.985668  0.051984  0.012978  -0.050555  0.998637  -0.000228  -0.000004  -0.000073  0.000000  0.000000  0.000000  2.000000  
95.918400 0.003579  0.091134  0.004662  0.986954  0.160936  -0.004547  -0.160487  0.985669  0.051963  0.012844  -0.050555  0.998639  -0.000218  0.000093  -0.000088  0.000000  0.000000  0.000000  2.000000  
95.919642 0.003579  0.091135  0.004662  0.986921  0.161138  -0.004536  -0.160690  0.985636  0.051964  0.012844  -0.050555  0.998639  -0.000177  0.000218  -0.000082  0.000000  0.000000  0.000000  2.000000  
95.920645 0.003579  0.091135  0.004662  0.986921  0.161138  -0.004536  -0.160690  0.985636  0.051964  0.012844  -0.050555  0.998639  -0.000163  0.000297  -0.000086  0.000000  0.000000  0.000000  2.000000  
95.921897 0.003579  0.091136  0.004662  0.986921  0.161138  -0.004536  -0.160690  0.985636  0.051964  0.012844  -0.050555  0.998639  -0.000191  0.000350  -0.000080  0.000000  0.000000  0.000000  2.000000  
95.923141 0.003579  0.091137  0.004662  0.986921  0.161138  -0.004536  -0.160690  0.985636  0.051964  0.012844  -0.050555  0.998639  -0.000143  0.000453  -0.000062  0.000000  0.000000  0.000000  2.000000  
95.924146 0.003579  0.091138  0.004662  0.986921  0.161138  -0.004536  -0.160690  0.985636  0.051964  0.012844  -0.050555  0.998639  -0.000165  0.000482  -0.000043  0.000000  0.000000  0.000000  2.000000  
95.925392 0.003579  0.091138  0.004662  0.986923  0.161132  -0.004404  -0.160690  0.985637  0.051942  0.012711  -0.050555  0.998640  -0.000119  0.000504  -0.000052  0.000000  0.000000  0.000000  2.000000  
95.926644 0.003579  0.091139  0.004663  0.986923  0.161132  -0.004404  -0.160690  0.985637  0.051942  0.012711  -0.050555  0.998640  -0.000134  0.000509  -0.000021  0.000000  0.000000  0.000000  2.000000  
95.927890 0.003578  0.091139  0.004663  0.986890  0.161334  -0.004413  -0.160893  0.985610  0.051824  0.012711  -0.050434  0.998647  -0.000162  0.000474  -0.000042  0.000000  0.000000  0.000000  2.000000  
95.929144 0.003578  0.091139  0.004663  0.986890  0.161334  -0.004413  -0.160893  0.985610  0.051824  0.012711  -0.050434  0.998647  -0.000166  0.000439  0.000013  0.000000  0.000000  0.000000  2.000000  
95.930179 0.003577  0.091139  0.004663  0.986890  0.161334  -0.004413  -0.160893  0.985610  0.051824  0.012711  -0.050434  0.998647  -0.000135  0.000466  0.000034  0.000000  0.000000  0.000000  2.000000  
95.931400 0.003577  0.091139  0.004664  0.986892  0.161328  -0.004281  -0.160894  0.985611  0.051802  0.012577  -0.050434  0.998648  -0.000168  0.000396  0.000068  0.000000  0.000000  0.000000  2.000000  
95.932645 0.003576  0.091138  0.004664  0.986892  0.161328  -0.004281  -0.160894  0.985611  0.051802  0.012577  -0.050434  0.998648  -0.000197  0.000320  0.000100  0.000000  0.000000  0.000000  2.000000  
95.933646 0.003576  0.091138  0.004664  0.986858  0.161530  -0.004271  -0.161097  0.985578  0.051803  0.012577  -0.050434  0.998648  -0.000201  0.000283  0.000157  0.000000  0.000000  0.000000  2.000000  
95.934894 0.003575  0.091138  0.004665  0.986858  0.161530  -0.004271  -0.161097  0.985578  0.051803  0.012577  -0.050434  0.998648  -0.000258  0.000160  0.000182  0.000000  0.000000  0.000000  2.000000  
95.936144 0.003575  0.091138  0.004665  0.986860  0.161524  -0.004139  -0.161097  0.985579  0.051781  0.012443  -0.050434  0.998650  -0.000247  0.000134  0.000191  0.000000  0.000000  0.000000  2.000000  
95.937146 0.003574  0.091137  0.004665  0.986860  0.161524  -0.004139  -0.161097  0.985579  0.051781  0.012443  -0.050434  0.998650  -0.000276  0.000042  0.000241  0.000000  0.000000  0.000000  2.000000  
95.938406 0.003574  0.091136  0.004666  0.986827  0.161727  -0.004128  -0.161300  0.985546  0.051782  0.012443  -0.050434  0.998650  -0.000327  -0.000079  0.000261  0.000000  0.000000  0.000000  2.000000  
95.939645 0.003574  0.091135  0.004666  0.986827  0.161727  -0.004128  -0.161300  0.985546  0.051782  0.012443  -0.050434  0.998650  -0.000361  -0.000227  0.000267  0.000000  0.000000  0.000000  2.000000  
95.940898 0.003573  0.091134  0.004667  0.986827  0.161727  -0.004128  -0.161300  0.985546  0.051782  0.012443  -0.050434  0.998650  -0.000377  -0.000330  0.000287  0.000000  0.000000  0.000000  2.000000  
95.942142 0.003573  0.091133  0.004667  0.986827  0.161727  -0.004128  -0.161300  0.985546  0.051782  0.012443  -0.050434  0.998650  -0.000396  -0.000417  0.000327  0.000000  0.000000  0.000000  2.000000  
95.943144 0.003572  0.091132  0.004668  0.986795  0.161923  -0.003986  -0.161504  0.985514  0.051761  0.012309  -0.050434  0.998652  -0.000389  -0.000472  0.000357  0.000000  0.000000  0.000000  2.000000  
95.944144 0.003572  0.091131  0.004668  0.986795  0.161923  -0.003986  -0.161504  0.985514  0.051761  0.012309  -0.050434  0.998652  -0.000407  -0.000547  0.000360  0.000000  0.000000  0.000000  2.000000  
95.945394 0.003571  0.091129  0.004669  0.986795  0.161923  -0.003986  -0.161504  0.985514  0.051761  0.012309  -0.050434  0.998652  -0.000441  -0.000698  0.000366  0.000000  0.000000  0.000000  2.000000  
95.946405 0.003570  0.091128  0.004669  0.986795  0.161923  -0.003986  -0.161504  0.985514  0.051761  0.012309  -0.050434  0.998652  -0.000427  -0.000745  0.000390  0.000000  0.000000  0.000000  2.000000  
95.947646 0.003570  0.091127  0.004670  0.986795  0.161923  -0.003986  -0.161504  0.985514  0.051761  0.012309  -0.050434  0.998652  -0.000421  -0.000770  0.000403  0.000000  0.000000  0.000000  2.000000  
95.948898 0.003569  0.091126  0.004670  0.986762  0.162126  -0.003975  -0.161707  0.985480  0.051762  0.012309  -0.050434  0.998652  -0.000438  -0.000845  0.000406  0.000000  0.000000  0.000000  2.000000  
95.950144 0.003569  0.091125  0.004671  0.986762  0.162126  -0.003975  -0.161707  0.985480  0.051762  0.012309  -0.050434  0.998652  -0.000386  -0.000846  0.000408  0.000000  0.000000  0.000000  2.000000  
95.951145 0.003569  0.091125  0.004671  0.986764  0.162119  -0.003843  -0.161707  0.985481  0.051741  0.012175  -0.050434  0.998653  -0.000431  -0.000869  0.000418  0.000000  0.000000  0.000000  2.000000  
95.952397 0.003568  0.091124  0.004671  0.986764  0.162120  -0.003823  -0.161707  0.985475  0.051860  0.012175  -0.050556  0.998647  -0.000410  -0.000859  0.000381  0.000000  0.000000  0.000000  2.000000  
95.953408 0.003568  0.091124  0.004672  0.986764  0.162120  -0.003823  -0.161707  0.985475  0.051860  0.012175  -0.050556  0.998647  -0.000385  -0.000845  0.000408  0.000000  0.000000  0.000000  2.000000  
95.954644 0.003568  0.091123  0.004672  0.986764  0.162120  -0.003823  -0.161707  0.985475  0.051860  0.012175  -0.050556  0.998647  -0.000379  -0.000832  0.000402  0.000000  0.000000  0.000000  2.000000  
95.955673 0.003568  0.091122  0.004673  0.986730  0.162322  -0.003813  -0.161910  0.985442  0.051861  0.012175  -0.050556  0.998647  -0.000346  -0.000798  0.000386  0.000000  0.000000  0.000000  2.000000  
95.956890 0.003567  0.091121  0.004673  0.986730  0.162322  -0.003813  -0.161910  0.985442  0.051861  0.012175  -0.050556  0.998647  -0.000341  -0.000787  0.000380  0.000000  0.000000  0.000000  2.000000  
95.957894 0.003567  0.091120  0.004673  0.986730  0.162322  -0.003813  -0.161910  0.985442  0.051861  0.012175  -0.050556  0.998647  -0.000339  -0.000781  0.000343  0.000000  0.000000  0.000000  2.000000  
95.959140 0.003567  0.091120  0.004674  0.986732  0.162316  -0.003681  -0.161910  0.985443  0.051839  0.012042  -0.050556  0.998649  -0.000310  -0.000717  0.000347  0.000000  0.000000  0.000000  2.000000  
95.960145 0.003567  0.091119  0.004674  0.986732  0.162316  -0.003681  -0.161910  0.985443  0.051839  0.012042  -0.050556  0.998649  -0.000245  -0.000655  0.000352  0.000000  0.000000  0.000000  2.000000  
95.961396 0.003567  0.091120  0.004675  0.986732  0.162316  -0.003681  -0.161910  0.985443  0.051839  0.012042  -0.050556  0.998649  -0.000188  -0.000566  0.000376  0.000000  0.000000  0.000000  2.000000  
