1-Time 2-Px 3-Py 4-Pz 5-R11 6-R21 7-R31 8-R12 9-R22 10-R32 11-R13 12-R23 13-R33 14-Vx 15-Vy 16-Vz 17-Wx 18-Wy 19-Wz 20-state 21-PR11 22-PR21 23-PR31 24-PR12 25-PR22 26-PR32 27-PR13 28-PR23 29-PR33 
219.172945 0.003464  0.088255  -0.012609  0.992734  0.120241  -0.004542  -0.120141  0.992591  0.018143  0.006690  -0.017465  0.999825  0.000255  0.000077  0.000174  0.000000  0.000000  0.000000  2.000000  
219.173946 0.003464  0.088255  -0.012609  0.992734  0.120241  -0.004542  -0.120141  0.992591  0.018143  0.006690  -0.017465  0.999825  0.000246  0.000102  0.000164  0.000000  0.000000  0.000000  2.000000  
219.175200 0.003464  0.088252  -0.012609  0.992635  0.121059  -0.004527  -0.120958  0.992492  0.018147  0.006690  -0.017465  0.999825  0.000204  -0.000102  0.000117  0.000000  0.000000  0.000000  2.000000  
219.176200 0.003463  0.088249  -0.012610  0.992585  0.121467  -0.004520  -0.121367  0.992442  0.018149  0.006690  -0.017465  0.999825  0.000130  -0.000331  0.000051  0.000000  0.000000  0.000000  2.000000  
219.177204 0.003464  0.088246  -0.012611  0.992536  0.121874  -0.004365  -0.121776  0.992390  0.018255  0.006556  -0.017587  0.999824  0.000140  -0.000539  -0.000003  0.000000  0.000000  0.000000  2.000000  
219.178463 0.003464  0.088242  -0.012611  0.992461  0.122487  -0.004353  -0.122389  0.992314  0.018257  0.006556  -0.017587  0.999824  0.000123  -0.000817  -0.000021  0.000000  0.000000  0.000000  2.000000  
219.179701 0.003465  0.088238  -0.012611  0.992384  0.123103  -0.004460  -0.123002  0.992236  0.018397  0.006690  -0.017708  0.999821  0.000168  -0.001046  -0.000000  0.000000  0.000000  0.000000  2.000000  
219.180703 0.003465  0.088236  -0.012611  0.992307  0.123718  -0.004566  -0.123614  0.992157  0.018536  0.006824  -0.017829  0.999818  0.000166  -0.001250  -0.000018  0.000000  0.000000  0.000000  2.000000  
219.181951 0.003466  0.088233  -0.012611  0.992178  0.124742  -0.004680  -0.124636  0.992029  0.018558  0.006957  -0.017829  0.999817  0.000256  -0.001457  -0.000015  0.000000  0.000000  0.000000  2.000000  
219.183201 0.003467  0.088229  -0.012611  0.992048  0.125766  -0.004778  -0.125657  0.991898  0.018700  0.007091  -0.017951  0.999814  0.000286  -0.001695  -0.000096  0.017593  0.010179  0.187007  2.000000  
219.184201 0.003468  0.088227  -0.012613  0.991919  0.126788  -0.004744  -0.126678  0.991765  0.018825  0.007091  -0.018072  0.999812  0.000312  -0.001883  -0.000233  0.021916  0.009557  0.221687  2.000000  
219.185202 0.003470  0.088225  -0.012615  0.991815  0.127602  -0.004595  -0.127495  0.991661  0.018812  0.006957  -0.018072  0.999812  0.000414  -0.002025  -0.000368  0.022078  0.004565  0.249142  2.000000  
219.186451 0.003472  0.088223  -0.012615  0.991657  0.128827  -0.004557  -0.128720  0.991500  0.018938  0.006957  -0.018193  0.999810  0.000562  -0.002125  -0.000366  0.026437  0.003810  0.290641  2.000000  
219.187453 0.003473  0.088220  -0.012614  0.991524  0.129848  -0.004537  -0.129741  0.991367  0.018942  0.006957  -0.018193  0.999810  0.000601  -0.002338  -0.000371  0.026670  0.003193  0.325195  2.000000  
219.188462 0.003474  0.088216  -0.012614  0.991362  0.131075  -0.004630  -0.130965  0.991203  0.019086  0.007091  -0.018314  0.999807  0.000666  -0.002594  -0.000377  0.031045  0.006924  0.366677  2.000000  
219.189702 0.003475  0.088211  -0.012616  0.991199  0.132299  -0.004607  -0.132190  0.991041  0.019091  0.007091  -0.018314  0.999807  0.000749  -0.002835  -0.000466  0.031345  0.006184  0.408333  2.000000  
219.190967 0.003477  0.088205  -0.012616  0.991007  0.133731  -0.004696  -0.133618  0.990846  0.019236  0.007225  -0.018436  0.999804  0.000933  -0.002964  -0.000404  0.035764  0.009780  0.456572  2.000000  
219.192196 0.003480  0.088199  -0.012615  0.990840  0.134957  -0.004804  -0.134842  0.990680  0.019260  0.007359  -0.018436  0.999803  0.001070  -0.003140  -0.000256  0.036125  0.013543  0.498671  2.000000  
219.193199 0.003482  0.088192  -0.012614  0.990701  0.135977  -0.004768  -0.135861  0.990538  0.019385  0.007359  -0.018557  0.999801  0.001166  -0.003367  -0.000243  0.040430  0.012884  0.533053  2.000000  
219.194458 0.003485  0.088184  -0.012614  0.990504  0.137405  -0.004723  -0.137289  0.990339  0.019512  0.007359  -0.018678  0.999798  0.001383  -0.003683  -0.000203  0.044831  0.011972  0.581277  2.000000  
219.195697 0.003490  0.088175  -0.012614  0.990333  0.138629  -0.004683  -0.138512  0.990166  0.019638  0.007359  -0.018799  0.999796  0.001671  -0.004014  -0.000189  0.049222  0.011190  0.623081  2.000000  
219.196697 0.003494  0.088168  -0.012614  0.990190  0.139648  -0.004662  -0.139532  0.990023  0.019643  0.007359  -0.018799  0.999796  0.001867  -0.004325  -0.000227  0.049458  0.010561  0.657587  2.000000  
219.197950 0.003498  0.088159  -0.012615  0.990045  0.140670  -0.004757  -0.140551  0.989876  0.019786  0.007493  -0.018921  0.999793  0.002101  -0.004763  -0.000214  0.053829  0.014389  0.692321  2.000000  
219.198956 0.003503  0.088150  -0.012616  0.989929  0.141485  -0.004741  -0.141366  0.989760  0.019790  0.007493  -0.018921  0.999793  0.002320  -0.005175  -0.000178  0.054006  0.013880  0.719742  2.000000  
219.200200 0.003508  0.088140  -0.012618  0.989783  0.142504  -0.004704  -0.142385  0.989611  0.019915  0.007493  -0.019042  0.999791  0.002586  -0.005636  -0.000236  0.058334  0.013207  0.754419  2.000000  
219.201204 0.003513  0.088131  -0.012620  0.989636  0.143523  -0.004666  -0.143404  0.989461  0.020040  0.007493  -0.019163  0.999788  0.002761  -0.006178  -0.000355  0.062670  0.012530  0.789192  2.000000  
219.202450 0.003518  0.088120  -0.012621  0.989517  0.144338  -0.004649  -0.144219  0.989343  0.020044  0.007493  -0.019163  0.999788  0.002989  -0.006647  -0.000429  0.062857  0.012022  0.816750  2.000000  
219.203697 0.003522  0.088109  -0.012623  0.989398  0.145153  -0.004633  -0.145033  0.989224  0.020048  0.007493  -0.019163  0.999788  0.003179  -0.007117  -0.000540  0.062540  0.011421  0.837552  2.000000  
219.204699 0.003526  0.088099  -0.012623  0.989310  0.145761  -0.004488  -0.145645  0.989134  0.020031  0.007359  -0.019163  0.999789  0.003350  -0.007423  -0.000506  0.063001  0.007020  0.844403  2.000000  
219.205700 0.003530  0.088090  -0.012625  0.989219  0.146372  -0.004476  -0.146256  0.989044  0.020034  0.007359  -0.019163  0.999789  0.003554  -0.007826  -0.000602  0.063000  0.007019  0.844378  2.000000  
219.206951 0.003533  0.088077  -0.012626  0.989100  0.147184  -0.004327  -0.147070  0.988923  0.020018  0.007225  -0.019163  0.999790  0.003632  -0.008239  -0.000754  0.058920  0.006716  0.858422  2.000000  
219.208196 0.003537  0.088064  -0.012626  0.989009  0.147795  -0.004314  -0.147681  0.988832  0.020020  0.007225  -0.019163  0.999790  0.003692  -0.008544  -0.000818  0.058477  0.006534  0.858147  2.000000  
219.209196 0.003540  0.088053  -0.012627  0.988917  0.148405  -0.004320  -0.148292  0.988743  0.019903  0.007225  -0.019042  0.999793  0.003686  -0.008824  -0.000871  0.050434  0.006407  0.864951  2.000000  
219.210203 0.003543  0.088043  -0.012628  0.988887  0.148609  -0.004316  -0.148496  0.988713  0.019904  0.007225  -0.019042  0.999793  0.003652  -0.009048  -0.000944  0.050815  -0.002150  0.851059  2.000000  
219.211447 0.003546  0.088030  -0.012629  0.988824  0.149018  -0.004440  -0.148903  0.988651  0.019926  0.007359  -0.019042  0.999792  0.003538  -0.009359  -0.001037  0.046719  -0.001820  0.830572  2.000000  
219.212700 0.003549  0.088017  -0.012630  0.988732  0.149629  -0.004428  -0.149513  0.988559  0.019929  0.007359  -0.019042  0.999792  0.003454  -0.009637  -0.001048  0.042290  -0.006187  0.816675  2.000000  
219.213700 0.003552  0.088006  -0.012631  0.988702  0.149832  -0.004442  -0.149717  0.988530  0.019810  0.007359  -0.018921  0.999794  0.003336  -0.009777  -0.001031  0.038319  -0.005551  0.788959  2.000000  
219.214946 0.003555  0.087993  -0.012632  0.988640  0.150239  -0.004434  -0.150124  0.988469  0.019811  0.007359  -0.018921  0.999794  0.003152  -0.009985  -0.000908  0.033857  -0.005298  0.768658  2.000000  
219.215955 0.003557  0.087981  -0.012633  0.988609  0.150442  -0.004448  -0.150327  0.988440  0.019692  0.007359  -0.018799  0.999796  0.002973  -0.010192  -0.000902  0.029579  -0.000286  0.741633  2.000000  
219.217205 0.003558  0.087966  -0.012636  0.988579  0.150642  -0.004330  -0.150531  0.988412  0.019553  0.007225  -0.018678  0.999799  0.002734  -0.010443  -0.001037  0.021312  -0.004019  0.705805  2.000000  
219.218473 0.003558  0.087950  -0.012640  0.988517  0.151049  -0.004322  -0.150938  0.988350  0.019555  0.007225  -0.018678  0.999799  0.002461  -0.010709  -0.001190  0.017024  -0.007913  0.670708  2.000000  
219.219700 0.003559  0.087935  -0.012645  0.988486  0.151252  -0.004336  -0.151142  0.988321  0.019436  0.007225  -0.018557  0.999802  0.002167  -0.011012  -0.001413  0.012655  -0.007307  0.638198  2.000000  
219.220950 0.003559  0.087919  -0.012650  0.988454  0.151457  -0.004483  -0.151345  0.988292  0.019337  0.007359  -0.018436  0.999803  0.001897  -0.011224  -0.001670  0.004356  -0.006551  0.597331  2.000000  
219.222201 0.003559  0.087905  -0.012654  0.988422  0.151661  -0.004479  -0.151548  0.988261  0.019338  0.007359  -0.018436  0.999803  0.001715  -0.011324  -0.001846  0.000048  -0.010366  0.560301  2.000000  
219.223452 0.003559  0.087890  -0.012658  0.988422  0.151660  -0.004497  -0.151548  0.988263  0.019218  0.007359  -0.018314  0.999805  0.001477  -0.011467  -0.002136  -0.004388  -0.009445  0.512249  2.000000  
219.224701 0.003559  0.087875  -0.012663  0.988392  0.151861  -0.004361  -0.151752  0.988232  0.019199  0.007225  -0.018314  0.999806  0.001120  -0.011626  -0.002404  -0.008799  -0.013199  0.470336  2.000000  
219.225947 0.003559  0.087860  -0.012667  0.988361  0.152064  -0.004375  -0.151956  0.988203  0.019080  0.007225  -0.018193  0.999808  0.000912  -0.011723  -0.002597  -0.017014  -0.012583  0.439036  2.000000  
219.226950 0.003558  0.087848  -0.012671  0.988329  0.152270  -0.004504  -0.152159  0.988171  0.019101  0.007359  -0.018193  0.999807  0.000680  -0.011827  -0.002795  -0.021406  -0.007704  0.415097  2.000000  
219.228196 0.003557  0.087833  -0.012675  0.988329  0.152270  -0.004522  -0.152159  0.988174  0.018981  0.007359  -0.018072  0.999810  0.000421  -0.011880  -0.002975  -0.025730  -0.011543  0.380679  2.000000  
219.229197 0.003556  0.087822  -0.012677  0.988329  0.152269  -0.004541  -0.152159  0.988176  0.018862  0.007359  -0.017951  0.999812  0.000186  -0.011905  -0.003137  -0.033754  -0.011064  0.356846  2.000000  
219.230203 0.003556  0.087811  -0.012680  0.988297  0.152472  -0.004537  -0.152362  0.988145  0.018862  0.007359  -0.017951  0.999812  -0.000027  -0.011901  -0.003245  -0.034274  -0.010511  0.325041  2.000000  
219.231451 0.003555  0.087797  -0.012684  0.988296  0.152474  -0.004687  -0.152362  0.988147  0.018763  0.007493  -0.017829  0.999813  -0.000167  -0.011877  -0.003266  -0.042269  -0.005458  0.295053  2.000000  
219.232456 0.003553  0.087785  -0.012687  0.988266  0.152675  -0.004570  -0.152566  0.988118  0.018624  0.007359  -0.017708  0.999816  -0.000329  -0.011811  -0.003335  -0.046864  -0.009598  0.276626  2.000000  
219.233698 0.003552  0.087772  -0.012692  0.988266  0.152674  -0.004588  -0.152566  0.988120  0.018504  0.007359  -0.017587  0.999818  -0.000437  -0.011727  -0.003394  -0.051172  -0.004578  0.249083  2.000000  
219.234702 0.003551  0.087761  -0.012695  0.988266  0.152674  -0.004588  -0.152566  0.988120  0.018504  0.007359  -0.017587  0.999818  -0.000520  -0.011586  -0.003372  -0.051320  -0.004196  0.228302  2.000000  
219.235951 0.003551  0.087747  -0.012700  0.988266  0.152674  -0.004607  -0.152566  0.988122  0.018384  0.007359  -0.017465  0.999820  -0.000586  -0.011448  -0.003345  -0.055604  -0.003675  0.200641  2.000000  
219.236952 0.003550  0.087737  -0.012703  0.988266  0.152674  -0.004607  -0.152566  0.988122  0.018384  0.007359  -0.017465  0.999820  -0.000635  -0.011367  -0.003301  -0.055770  0.001202  0.179973  2.000000  
219.238200 0.003550  0.087724  -0.012707  0.988234  0.152876  -0.004622  -0.152769  0.988093  0.018265  0.007359  -0.017344  0.999822  -0.000585  -0.011237  -0.003299  0.000000  0.000000  0.000000  2.000000  
219.239200 0.003551  0.087714  -0.012710  0.988234  0.152876  -0.004622  -0.152769  0.988093  0.018265  0.007359  -0.017344  0.999822  -0.000566  -0.011091  -0.003290  0.000000  0.000000  0.000000  2.000000  
219.240207 0.003551  0.087704  -0.012714  0.988234  0.152876  -0.004622  -0.152769  0.988093  0.018265  0.007359  -0.017344  0.999822  -0.000495  -0.010940  -0.003261  0.000000  0.000000  0.000000  2.000000  
219.241451 0.003552  0.087691  -0.012718  0.988234  0.152876  -0.004622  -0.152769  0.988093  0.018265  0.007359  -0.017344  0.999822  -0.000404  -0.010819  -0.003258  0.000000  0.000000  0.000000  2.000000  
219.242464 0.003552  0.087681  -0.012722  0.988235  0.152874  -0.004489  -0.152769  0.988093  0.018245  0.007225  -0.017344  0.999823  -0.000345  -0.010715  -0.003273  0.000000  0.000000  0.000000  2.000000  
219.243700 0.003553  0.087668  -0.012725  0.988235  0.152875  -0.004471  -0.152769  0.988091  0.018364  0.007225  -0.017465  0.999821  -0.000226  -0.010658  -0.003292  0.000000  0.000000  0.000000  2.000000  
219.244700 0.003554  0.087658  -0.012729  0.988235  0.152875  -0.004471  -0.152769  0.988091  0.018364  0.007225  -0.017465  0.999821  -0.000094  -0.010593  -0.003343  0.000000  0.000000  0.000000  2.000000  
219.245946 0.003556  0.087646  -0.012732  0.988235  0.152875  -0.004471  -0.152769  0.988091  0.018364  0.007225  -0.017465  0.999821  0.000077  -0.010482  -0.003292  0.000000  0.000000  0.000000  2.000000  
219.246948 0.003557  0.087636  -0.012734  0.988235  0.152875  -0.004471  -0.152769  0.988091  0.018364  0.007225  -0.017465  0.999821  0.000194  -0.010358  -0.003225  0.000000  0.000000  0.000000  2.000000  
219.247951 0.003558  0.087627  -0.012735  0.988235  0.152875  -0.004471  -0.152769  0.988091  0.018364  0.007225  -0.017465  0.999821  0.000395  -0.010223  -0.003089  0.000000  0.000000  0.000000  2.000000  
219.248954 0.003560  0.087618  -0.012737  0.988235  0.152875  -0.004471  -0.152769  0.988091  0.018364  0.007225  -0.017465  0.999821  0.000558  -0.010061  -0.002960  0.000000  0.000000  0.000000  2.000000  
219.250205 0.003563  0.087608  -0.012738  0.988235  0.152875  -0.004471  -0.152769  0.988091  0.018364  0.007225  -0.017465  0.999821  0.000848  -0.009844  -0.002726  0.000000  0.000000  0.000000  2.000000  
219.251461 0.003566  0.087598  -0.012739  0.988204  0.153078  -0.004467  -0.152973  0.988060  0.018365  0.007225  -0.017465  0.999821  0.001057  -0.009599  -0.002467  0.000000  0.000000  0.000000  2.000000  
219.252701 0.003570  0.087588  -0.012739  0.988205  0.153076  -0.004335  -0.152973  0.988060  0.018345  0.007091  -0.017465  0.999822  0.001300  -0.009401  -0.002277  0.000000  0.000000  0.000000  2.000000  
219.253952 0.003573  0.087579  -0.012740  0.988204  0.153079  -0.004448  -0.152973  0.988057  0.018485  0.007225  -0.017587  0.999819  0.001490  -0.009136  -0.001994  0.000000  0.000000  0.000000  2.000000  
219.255201 0.003576  0.087570  -0.012740  0.988204  0.153079  -0.004448  -0.152973  0.988057  0.018485  0.007225  -0.017587  0.999819  0.001654  -0.008908  -0.001746  0.000000  0.000000  0.000000  2.000000  
219.256201 0.003579  0.087563  -0.012740  0.988204  0.153079  -0.004448  -0.152973  0.988057  0.018485  0.007225  -0.017587  0.999819  0.001786  -0.008686  -0.001523  0.000000  0.000000  0.000000  2.000000  
219.257202 0.003581  0.087555  -0.012741  0.988204  0.153079  -0.004430  -0.152973  0.988055  0.018605  0.007225  -0.017708  0.999817  0.001941  -0.008541  -0.001318  0.000000  0.000000  0.000000  2.000000  
219.258463 0.003585  0.087546  -0.012741  0.988205  0.153077  -0.004298  -0.152973  0.988056  0.018585  0.007091  -0.017708  0.999818  0.002140  -0.008256  -0.001048  0.000000  0.000000  0.000000  2.000000  
219.259700 0.003588  0.087536  -0.012741  0.988205  0.153077  -0.004279  -0.152973  0.988053  0.018704  0.007091  -0.017829  0.999816  0.002244  -0.008098  -0.000814  0.000000  0.000000  0.000000  2.000000  
219.260946 0.003590  0.087526  -0.012742  0.988205  0.153078  -0.004261  -0.152973  0.988051  0.018824  0.007091  -0.017951  0.999814  0.002287  -0.007964  -0.000665  0.000000  0.000000  0.000000  2.000000  
219.261948 0.003592  0.087519  -0.012742  0.988173  0.153282  -0.004238  -0.153176  0.988017  0.018945  0.007091  -0.018072  0.999812  0.002355  -0.007829  -0.000532  0.000000  0.000000  0.000000  2.000000  
219.263200 0.003595  0.087509  -0.012742  0.988173  0.153282  -0.004220  -0.153176  0.988015  0.019065  0.007091  -0.018193  0.999809  0.002459  -0.007680  -0.000355  0.000000  0.000000  0.000000  2.000000  
219.264452 0.003598  0.087500  -0.012741  0.988173  0.153282  -0.004220  -0.153176  0.988015  0.019065  0.007091  -0.018193  0.999809  0.002482  -0.007543  -0.000255  0.000000  0.000000  0.000000  2.000000  
219.265458 0.003600  0.087493  -0.012741  0.988173  0.153283  -0.004201  -0.153176  0.988013  0.019185  0.007091  -0.018314  0.999807  0.002477  -0.007506  -0.000177  0.000000  0.000000  0.000000  2.000000  
219.266463 0.003603  0.087486  -0.012740  0.988173  0.153283  -0.004182  -0.153176  0.988010  0.019305  0.007091  -0.018436  0.999805  0.002511  -0.007397  -0.000121  0.000000  0.000000  0.000000  2.000000  
219.267700 0.003606  0.087478  -0.012740  0.988142  0.153487  -0.004178  -0.153380  0.987979  0.019305  0.007091  -0.018436  0.999805  0.002444  -0.007354  -0.000082  0.000000  0.000000  0.000000  2.000000  
219.268953 0.003609  0.087469  -0.012740  0.988141  0.153490  -0.004292  -0.153380  0.987976  0.019446  0.007225  -0.018557  0.999802  0.002400  -0.007318  -0.000031  0.000000  0.000000  0.000000  2.000000  
219.270205 0.003611  0.087461  -0.012739  0.988141  0.153490  -0.004292  -0.153380  0.987976  0.019446  0.007225  -0.018557  0.999802  0.002315  -0.007281  0.000041  0.000000  0.000000  0.000000  2.000000  
219.271455 0.003614  0.087453  -0.012738  0.988109  0.153694  -0.004269  -0.153583  0.987942  0.019567  0.007225  -0.018678  0.999799  0.002249  -0.007215  0.000169  0.000000  0.000000  0.000000  2.000000  
219.272701 0.003616  0.087444  -0.012737  0.988109  0.153694  -0.004269  -0.153583  0.987942  0.019567  0.007225  -0.018678  0.999799  0.002188  -0.007130  0.000251  0.000000  0.000000  0.000000  2.000000  
219.273701 0.003616  0.087437  -0.012737  0.988109  0.153694  -0.004251  -0.153583  0.987940  0.019686  0.007225  -0.018799  0.999797  0.002063  -0.007096  0.000294  0.000000  0.000000  0.000000  2.000000  
219.274948 0.003618  0.087428  -0.012737  0.988109  0.153694  -0.004251  -0.153583  0.987940  0.019686  0.007225  -0.018799  0.999797  0.001991  -0.007067  0.000329  0.000000  0.000000  0.000000  2.000000  
219.275953 0.003619  0.087420  -0.012737  0.988109  0.153695  -0.004232  -0.153583  0.987937  0.019806  0.007225  -0.018921  0.999795  0.001885  -0.007057  0.000345  0.000000  0.000000  0.000000  2.000000  
219.277196 0.003620  0.087411  -0.012737  0.988109  0.153695  -0.004232  -0.153583  0.987937  0.019806  0.007225  -0.018921  0.999795  0.001799  -0.007016  0.000311  0.000000  0.000000  0.000000  2.000000  
219.278201 0.003620  0.087404  -0.012737  0.988109  0.153695  -0.004213  -0.153583  0.987935  0.019926  0.007225  -0.019042  0.999793  0.001652  -0.007025  0.000264  0.000000  0.000000  0.000000  2.000000  
219.279452 0.003622  0.087395  -0.012739  0.988109  0.153696  -0.004195  -0.153583  0.987932  0.020046  0.007225  -0.019163  0.999790  0.001559  -0.007038  0.000185  0.000000  0.000000  0.000000  2.000000  
219.280698 0.003622  0.087385  -0.012740  0.988109  0.153696  -0.004195  -0.153583  0.987932  0.020046  0.007225  -0.019163  0.999790  0.001422  -0.007069  0.000044  0.000000  0.000000  0.000000  2.000000  
219.281949 0.003624  0.087377  -0.012741  0.988109  0.153696  -0.004176  -0.153583  0.987930  0.020166  0.007225  -0.019285  0.999788  0.001303  -0.007068  -0.000042  0.000000  0.000000  0.000000  2.000000  
219.282950 0.003624  0.087369  -0.012742  0.988109  0.153696  -0.004176  -0.153583  0.987930  0.020166  0.007225  -0.019285  0.999788  0.001176  -0.007134  -0.000112  0.000000  0.000000  0.000000  2.000000  
219.283955 0.003625  0.087362  -0.012744  0.988109  0.153697  -0.004157  -0.153583  0.987927  0.020286  0.007225  -0.019406  0.999786  0.001044  -0.007186  -0.000246  0.000000  0.000000  0.000000  2.000000  
219.285204 0.003625  0.087352  -0.012745  0.988109  0.153697  -0.004157  -0.153583  0.987927  0.020286  0.007225  -0.019406  0.999786  0.000910  -0.007250  -0.000390  0.000000  0.000000  0.000000  2.000000  
219.286456 0.003625  0.087343  -0.012747  0.988109  0.153697  -0.004157  -0.153583  0.987927  0.020286  0.007225  -0.019406  0.999786  0.000720  -0.007321  -0.000598  0.000000  0.000000  0.000000  2.000000  
219.287700 0.003625  0.087334  -0.012748  0.988109  0.153697  -0.004139  -0.153583  0.987925  0.020405  0.007225  -0.019527  0.999783  0.000623  -0.007360  -0.000718  0.000000  0.000000  0.000000  2.000000  
219.288702 0.003625  0.087327  -0.012750  0.988109  0.153697  -0.004139  -0.153583  0.987925  0.020405  0.007225  -0.019527  0.999783  0.000524  -0.007359  -0.000874  0.000000  0.000000  0.000000  2.000000  
219.289950 0.003625  0.087318  -0.012751  0.988109  0.153697  -0.004139  -0.153583  0.987925  0.020405  0.007225  -0.019527  0.999783  0.000448  -0.007338  -0.000979  0.000000  0.000000  0.000000  2.000000  
219.290953 0.003625  0.087311  -0.012752  0.988141  0.153494  -0.004143  -0.153380  0.987957  0.020404  0.007225  -0.019527  0.999783  0.000372  -0.007319  -0.001084  0.000000  0.000000  0.000000  2.000000  
219.292199 0.003624  0.087302  -0.012755  0.988141  0.153494  -0.004143  -0.153380  0.987957  0.020404  0.007225  -0.019527  0.999783  0.000288  -0.007272  -0.001198  0.000000  0.000000  0.000000  2.000000  
219.293201 0.003624  0.087296  -0.012756  0.988140  0.153496  -0.004275  -0.153380  0.987956  0.020425  0.007359  -0.019527  0.999782  0.000232  -0.007204  -0.001252  0.000000  0.000000  0.000000  2.000000  
219.294454 0.003624  0.087288  -0.012758  0.988140  0.153496  -0.004275  -0.153380  0.987956  0.020425  0.007359  -0.019527  0.999782  0.000146  -0.007114  -0.001277  0.000000  0.000000  0.000000  2.000000  
219.295698 0.003625  0.087281  -0.012760  0.988140  0.153496  -0.004275  -0.153380  0.987956  0.020425  0.007359  -0.019527  0.999782  0.000148  -0.006977  -0.001302  0.000000  0.000000  0.000000  2.000000  
219.296698 0.003625  0.087275  -0.012761  0.988140  0.153496  -0.004275  -0.153380  0.987956  0.020425  0.007359  -0.019527  0.999782  0.000060  -0.006885  -0.001328  0.000000  0.000000  0.000000  2.000000  
219.297946 0.003625  0.087268  -0.012763  0.988140  0.153496  -0.004275  -0.153380  0.987956  0.020425  0.007359  -0.019527  0.999782  0.000024  -0.006751  -0.001381  0.000000  0.000000  0.000000  2.000000  
219.298954 0.003625  0.087263  -0.012764  0.988140  0.153496  -0.004275  -0.153380  0.987956  0.020425  0.007359  -0.019527  0.999782  0.000003  -0.006597  -0.001373  0.000000  0.000000  0.000000  2.000000  
219.300204 0.003625  0.087256  -0.012767  0.988140  0.153496  -0.004294  -0.153380  0.987959  0.020305  0.007359  -0.019406  0.999785  -0.000002  -0.006411  -0.001492  0.000000  0.000000  0.000000  2.000000  
219.301205 0.003625  0.087250  -0.012769  0.988140  0.153496  -0.004294  -0.153380  0.987959  0.020305  0.007359  -0.019406  0.999785  -0.000003  -0.006282  -0.001511  0.000000  0.000000  0.000000  2.000000  
219.302455 0.003625  0.087244  -0.012771  0.988140  0.153496  -0.004294  -0.153380  0.987959  0.020305  0.007359  -0.019406  0.999785  0.000024  -0.006080  -0.001567  0.000000  0.000000  0.000000  2.000000  
219.303701 0.003625  0.087238  -0.012774  0.988140  0.153496  -0.004294  -0.153380  0.987959  0.020305  0.007359  -0.019406  0.999785  0.000024  -0.005915  -0.001643  0.000000  0.000000  0.000000  2.000000  
219.304950 0.003626  0.087232  -0.012776  0.988140  0.153495  -0.004312  -0.153380  0.987961  0.020185  0.007359  -0.019285  0.999787  0.000082  -0.005694  -0.001679  0.000000  0.000000  0.000000  2.000000  
219.306201 0.003627  0.087227  -0.012779  0.988140  0.153495  -0.004312  -0.153380  0.987961  0.020185  0.007359  -0.019285  0.999787  0.000170  -0.005437  -0.001699  0.000000  0.000000  0.000000  2.000000  
219.307201 0.003628  0.087223  -0.012780  0.988140  0.153495  -0.004312  -0.153380  0.987961  0.020185  0.007359  -0.019285  0.999787  0.000225  -0.005234  -0.001689  0.000000  0.000000  0.000000  2.000000  
219.308461 0.003629  0.087219  -0.012782  0.988108  0.153699  -0.004308  -0.153583  0.987930  0.020186  0.007359  -0.019285  0.999787  0.000356  -0.004981  -0.001676  0.000000  0.000000  0.000000  2.000000  
219.309700 0.003631  0.087215  -0.012784  0.988108  0.153698  -0.004327  -0.153583  0.987932  0.020066  0.007359  -0.019163  0.999789  0.000437  -0.004736  -0.001703  0.000000  0.000000  0.000000  2.000000  
219.310946 0.003632  0.087212  -0.012785  0.988108  0.153698  -0.004327  -0.153583  0.987932  0.020066  0.007359  -0.019163  0.999789  0.000515  -0.004487  -0.001685  0.000000  0.000000  0.000000  2.000000  
219.311948 0.003634  0.087210  -0.012786  0.988108  0.153698  -0.004327  -0.153583  0.987932  0.020066  0.007359  -0.019163  0.999789  0.000614  -0.004256  -0.001647  0.000000  0.000000  0.000000  2.000000  
219.312948 0.003635  0.087207  -0.012787  0.988108  0.153698  -0.004327  -0.153583  0.987932  0.020066  0.007359  -0.019163  0.999789  0.000701  -0.004028  -0.001618  0.000000  0.000000  0.000000  2.000000  
219.314201 0.003637  0.087205  -0.012789  0.988108  0.153698  -0.004346  -0.153583  0.987934  0.019947  0.007359  -0.019042  0.999792  0.000808  -0.003770  -0.001626  0.000000  0.000000  0.000000  2.000000  
219.315204 0.003638  0.087203  -0.012791  0.988077  0.153901  -0.004341  -0.153786  0.987903  0.019947  0.007359  -0.019042  0.999792  0.000882  -0.003543  -0.001561  0.000000  0.000000  0.000000  2.000000  
219.316453 0.003639  0.087201  -0.012793  0.988077  0.153901  -0.004341  -0.153786  0.987903  0.019947  0.007359  -0.019042  0.999792  0.000975  -0.003219  -0.001543  0.000000  0.000000  0.000000  2.000000  
219.317454 0.003640  0.087200  -0.012795  0.988077  0.153901  -0.004360  -0.153786  0.987905  0.019828  0.007359  -0.018921  0.999794  0.001013  -0.002970  -0.001553  0.000000  0.000000  0.000000  2.000000  
219.318465 0.003642  0.087199  -0.012796  0.988077  0.153901  -0.004360  -0.153786  0.987905  0.019828  0.007359  -0.018921  0.999794  0.001119  -0.002652  -0.001428  0.000000  0.000000  0.000000  2.000000  
219.319702 0.003643  0.087198  -0.012798  0.988045  0.154104  -0.004356  -0.153990  0.987873  0.019829  0.007359  -0.018921  0.999794  0.001175  -0.002325  -0.001440  0.000000  0.000000  0.000000  2.000000  
219.320951 0.003645  0.087197  -0.012800  0.988045  0.154104  -0.004356  -0.153990  0.987873  0.019829  0.007359  -0.018921  0.999794  0.001206  -0.002046  -0.001460  0.000000  0.000000  0.000000  2.000000  
219.322201 0.003646  0.087196  -0.012802  0.988045  0.154103  -0.004375  -0.153990  0.987876  0.019709  0.007359  -0.018799  0.999796  0.001224  -0.001764  -0.001443  0.000000  0.000000  0.000000  2.000000  
219.323452 0.003647  0.087196  -0.012804  0.988045  0.154103  -0.004375  -0.153990  0.987876  0.019709  0.007359  -0.018799  0.999796  0.001184  -0.001514  -0.001514  0.000000  0.000000  0.000000  2.000000  
219.324701 0.003648  0.087196  -0.012807  0.988013  0.154307  -0.004371  -0.154193  0.987844  0.019710  0.007359  -0.018799  0.999796  0.001174  -0.001230  -0.001560  0.000000  0.000000  0.000000  2.000000  
219.325947 0.003649  0.087197  -0.012810  0.988013  0.154307  -0.004371  -0.154193  0.987844  0.019710  0.007359  -0.018799  0.999796  0.001105  -0.000979  -0.001695  0.000000  0.000000  0.000000  2.000000  
219.326950 0.003649  0.087197  -0.012812  0.988013  0.154307  -0.004371  -0.154193  0.987844  0.019710  0.007359  -0.018799  0.999796  0.001032  -0.000819  -0.001679  0.000000  0.000000  0.000000  2.000000  
219.328196 0.003649  0.087197  -0.012814  0.987982  0.154510  -0.004367  -0.154397  0.987812  0.019710  0.007359  -0.018799  0.999796  0.000931  -0.000633  -0.001784  0.000000  0.000000  0.000000  2.000000  
219.329205 0.003649  0.087197  -0.012816  0.987982  0.154510  -0.004367  -0.154397  0.987812  0.019710  0.007359  -0.018799  0.999796  0.000821  -0.000480  -0.001792  0.000000  0.000000  0.000000  2.000000  
219.330460 0.003649  0.087198  -0.012819  0.987982  0.154510  -0.004367  -0.154397  0.987812  0.019710  0.007359  -0.018799  0.999796  0.000703  -0.000271  -0.001861  0.000000  0.000000  0.000000  2.000000  
219.331701 0.003648  0.087199  -0.012821  0.987950  0.154714  -0.004363  -0.154600  0.987780  0.019711  0.007359  -0.018799  0.999796  0.000580  -0.000109  -0.001844  0.000000  0.000000  0.000000  2.000000  
219.332704 0.003648  0.087200  -0.012823  0.987950  0.154714  -0.004363  -0.154600  0.987780  0.019711  0.007359  -0.018799  0.999796  0.000453  -0.000000  -0.001898  0.000000  0.000000  0.000000  2.000000  
219.333955 0.003648  0.087201  -0.012825  0.987950  0.154714  -0.004363  -0.154600  0.987780  0.019711  0.007359  -0.018799  0.999796  0.000339  0.000160  -0.001913  0.000000  0.000000  0.000000  2.000000  
219.335204 0.003647  0.087201  -0.012827  0.987950  0.154714  -0.004363  -0.154600  0.987780  0.019711  0.007359  -0.018799  0.999796  0.000190  0.000274  -0.001899  0.000000  0.000000  0.000000  2.000000  
219.336453 0.003646  0.087202  -0.012829  0.987918  0.154917  -0.004358  -0.154803  0.987749  0.019712  0.007359  -0.018799  0.999796  0.000059  0.000353  -0.001882  0.000000  0.000000  0.000000  2.000000  
219.337456 0.003646  0.087203  -0.012831  0.987918  0.154917  -0.004358  -0.154803  0.987749  0.019712  0.007359  -0.018799  0.999796  0.000015  0.000457  -0.001885  0.000000  0.000000  0.000000  2.000000  
219.338467 0.003646  0.087204  -0.012832  0.987918  0.154917  -0.004358  -0.154803  0.987749  0.019712  0.007359  -0.018799  0.999796  -0.000102  0.000476  -0.001861  0.000000  0.000000  0.000000  2.000000  
219.339699 0.003646  0.087204  -0.012834  0.987918  0.154917  -0.004358  -0.154803  0.987749  0.019712  0.007359  -0.018799  0.999796  -0.000172  0.000502  -0.001798  0.000000  0.000000  0.000000  2.000000  
219.340700 0.003645  0.087204  -0.012836  0.987918  0.154917  -0.004358  -0.154803  0.987749  0.019712  0.007359  -0.018799  0.999796  -0.000275  0.000471  -0.001756  0.000000  0.000000  0.000000  2.000000  
219.341701 0.003645  0.087204  -0.012837  0.987918  0.154917  -0.004358  -0.154803  0.987749  0.019712  0.007359  -0.018799  0.999796  -0.000332  0.000453  -0.001702  0.000000  0.000000  0.000000  2.000000  
219.342946 0.003644  0.087204  -0.012838  0.987918  0.154917  -0.004358  -0.154803  0.987749  0.019712  0.007359  -0.018799  0.999796  -0.000331  0.000424  -0.001628  0.000000  0.000000  0.000000  2.000000  
219.343948 0.003644  0.087203  -0.012839  0.987918  0.154917  -0.004358  -0.154803  0.987749  0.019712  0.007359  -0.018799  0.999796  -0.000345  0.000388  -0.001562  0.000000  0.000000  0.000000  2.000000  
219.344948 0.003643  0.087203  -0.012840  0.987918  0.154917  -0.004340  -0.154803  0.987746  0.019832  0.007359  -0.018921  0.999794  -0.000385  0.000320  -0.001488  0.000000  0.000000  0.000000  2.000000  
219.346196 0.003643  0.087202  -0.012841  0.987918  0.154917  -0.004340  -0.154803  0.987746  0.019832  0.007359  -0.018921  0.999794  -0.000406  0.000243  -0.001427  0.000000  0.000000  0.000000  2.000000  
219.347202 0.003643  0.087201  -0.012842  0.987918  0.154917  -0.004340  -0.154803  0.987746  0.019832  0.007359  -0.018921  0.999794  -0.000386  0.000147  -0.001352  0.000000  0.000000  0.000000  2.000000  
219.348464 0.003642  0.087201  -0.012844  0.987919  0.154915  -0.004208  -0.154804  0.987747  0.019811  0.007225  -0.018921  0.999795  -0.000396  0.000000  -0.001307  0.000000  0.000000  0.000000  2.000000  
219.349700 0.003642  0.087200  -0.012844  0.987951  0.154712  -0.004212  -0.154600  0.987778  0.019811  0.007225  -0.018921  0.999795  -0.000370  -0.000096  -0.001212  0.000000  0.000000  0.000000  2.000000  
219.350704 0.003642  0.087199  -0.012845  0.987951  0.154712  -0.004212  -0.154600  0.987778  0.019811  0.007225  -0.018921  0.999795  -0.000348  -0.000222  -0.001147  0.000000  0.000000  0.000000  2.000000  
219.351951 0.003642  0.087198  -0.012846  0.987951  0.154712  -0.004193  -0.154600  0.987776  0.019930  0.007225  -0.019042  0.999793  -0.000340  -0.000316  -0.001034  0.000000  0.000000  0.000000  2.000000  
219.353200 0.003641  0.087197  -0.012846  0.987950  0.154715  -0.004325  -0.154600  0.987776  0.019951  0.007359  -0.019042  0.999792  -0.000324  -0.000436  -0.000912  0.000000  0.000000  0.000000  2.000000  
219.354201 0.003641  0.087196  -0.012846  0.987950  0.154715  -0.004325  -0.154600  0.987776  0.019951  0.007359  -0.019042  0.999792  -0.000356  -0.000530  -0.000828  0.000000  0.000000  0.000000  2.000000  
219.355455 0.003640  0.087194  -0.012846  0.987950  0.154715  -0.004325  -0.154600  0.987776  0.019951  0.007359  -0.019042  0.999792  -0.000348  -0.000624  -0.000715  0.000000  0.000000  0.000000  2.000000  
219.356701 0.003639  0.087193  -0.012847  0.987950  0.154715  -0.004325  -0.154600  0.987776  0.019951  0.007359  -0.019042  0.999792  -0.000361  -0.000710  -0.000657  0.000000  0.000000  0.000000  2.000000  
219.357946 0.003638  0.087191  -0.012847  0.987950  0.154715  -0.004325  -0.154600  0.987776  0.019951  0.007359  -0.019042  0.999792  -0.000393  -0.000803  -0.000575  0.000000  0.000000  0.000000  2.000000  
219.358948 0.003638  0.087190  -0.012847  0.987950  0.154715  -0.004325  -0.154600  0.987776  0.019951  0.007359  -0.019042  0.999792  -0.000396  -0.000863  -0.000528  0.000000  0.000000  0.000000  2.000000  
219.360196 0.003637  0.087189  -0.012848  0.987950  0.154715  -0.004325  -0.154600  0.987776  0.019951  0.007359  -0.019042  0.999792  -0.000417  -0.000920  -0.000483  0.000000  0.000000  0.000000  2.000000  
219.361451 0.003636  0.087188  -0.012848  0.987950  0.154715  -0.004325  -0.154600  0.987776  0.019951  0.007359  -0.019042  0.999792  -0.000440  -0.000953  -0.000407  0.000000  0.000000  0.000000  2.000000  
219.362460 0.003636  0.087187  -0.012848  0.987950  0.154715  -0.004325  -0.154600  0.987776  0.019951  0.007359  -0.019042  0.999792  -0.000452  -0.000949  -0.000370  0.000000  0.000000  0.000000  2.000000  
219.363698 0.003635  0.087186  -0.012849  0.987950  0.154715  -0.004325  -0.154600  0.987776  0.019951  0.007359  -0.019042  0.999792  -0.000489  -0.000956  -0.000347  0.000000  0.000000  0.000000  2.000000  
219.364698 0.003634  0.087186  -0.012848  0.987950  0.154715  -0.004325  -0.154600  0.987776  0.019951  0.007359  -0.019042  0.999792  -0.000513  -0.000948  -0.000274  0.000000  0.000000  0.000000  2.000000  
219.365704 0.003633  0.087185  -0.012849  0.987950  0.154715  -0.004306  -0.154600  0.987773  0.020071  0.007359  -0.019163  0.999789  -0.000574  -0.000960  -0.000271  0.000000  0.000000  0.000000  2.000000  
219.366951 0.003633  0.087184  -0.012849  0.987950  0.154715  -0.004306  -0.154600  0.987773  0.020071  0.007359  -0.019163  0.999789  -0.000588  -0.000937  -0.000194  0.000000  0.000000  0.000000  2.000000  
219.367951 0.003632  0.087183  -0.012849  0.987950  0.154715  -0.004306  -0.154600  0.987773  0.020071  0.007359  -0.019163  0.999789  -0.000646  -0.000926  -0.000236  0.000000  0.000000  0.000000  2.000000  
219.369201 0.003631  0.087183  -0.012849  0.987918  0.154918  -0.004302  -0.154803  0.987741  0.020072  0.007359  -0.019163  0.999789  -0.000644  -0.000847  -0.000199  0.000000  0.000000  0.000000  2.000000  
219.370203 0.003630  0.087182  -0.012849  0.987918  0.154918  -0.004302  -0.154803  0.987741  0.020072  0.007359  -0.019163  0.999789  -0.000655  -0.000843  -0.000162  0.000000  0.000000  0.000000  2.000000  
219.371452 0.003630  0.087182  -0.012849  0.987918  0.154918  -0.004302  -0.154803  0.987741  0.020072  0.007359  -0.019163  0.999789  -0.000640  -0.000767  -0.000162  0.000000  0.000000  0.000000  2.000000  
219.372454 0.003629  0.087181  -0.012849  0.987918  0.154918  -0.004302  -0.154803  0.987741  0.020072  0.007359  -0.019163  0.999789  -0.000668  -0.000712  -0.000145  0.000000  0.000000  0.000000  2.000000  
219.373701 0.003628  0.087181  -0.012849  0.987918  0.154918  -0.004302  -0.154803  0.987741  0.020072  0.007359  -0.019163  0.999789  -0.000654  -0.000622  -0.000106  0.000000  0.000000  0.000000  2.000000  
219.374946 0.003628  0.087181  -0.012849  0.987918  0.154918  -0.004321  -0.154803  0.987744  0.019952  0.007359  -0.019042  0.999792  -0.000617  -0.000531  -0.000089  0.000000  0.000000  0.000000  2.000000  
219.375947 0.003627  0.087181  -0.012849  0.987918  0.154918  -0.004321  -0.154803  0.987744  0.019952  0.007359  -0.019042  0.999792  -0.000646  -0.000476  -0.000071  0.000000  0.000000  0.000000  2.000000  
219.377196 0.003627  0.087181  -0.012848  0.987918  0.154918  -0.004321  -0.154803  0.987744  0.019952  0.007359  -0.019042  0.999792  -0.000603  -0.000397  -0.000005  0.000000  0.000000  0.000000  2.000000  
219.378198 0.003627  0.087182  -0.012848  0.987918  0.154918  -0.004321  -0.154803  0.987744  0.019952  0.007359  -0.019042  0.999792  -0.000569  -0.000341  0.000004  0.000000  0.000000  0.000000  2.000000  
219.379204 0.003626  0.087182  -0.012848  0.987918  0.154918  -0.004321  -0.154803  0.987744  0.019952  0.007359  -0.019042  0.999792  -0.000530  -0.000245  0.000024  0.000000  0.000000  0.000000  2.000000  
219.380447 0.003626  0.087182  -0.012848  0.987918  0.154918  -0.004321  -0.154803  0.987744  0.019952  0.007359  -0.019042  0.999792  -0.000498  -0.000192  0.000033  0.000000  0.000000  0.000000  2.000000  
219.381451 0.003626  0.087183  -0.012848  0.987919  0.154915  -0.004189  -0.154804  0.987744  0.019931  0.007225  -0.019042  0.999793  -0.000451  -0.000092  0.000052  0.000000  0.000000  0.000000  2.000000  
219.382459 0.003626  0.087183  -0.012848  0.987919  0.154915  -0.004189  -0.154804  0.987744  0.019931  0.007225  -0.019042  0.999793  -0.000427  -0.000068  0.000072  0.000000  0.000000  0.000000  2.000000  
219.383700 0.003626  0.087183  -0.012847  0.987919  0.154915  -0.004189  -0.154804  0.987744  0.019931  0.007225  -0.019042  0.999793  -0.000365  0.000007  0.000099  0.000000  0.000000  0.000000  2.000000  
219.384952 0.003626  0.087184  -0.012847  0.987919  0.154915  -0.004189  -0.154804  0.987744  0.019931  0.007225  -0.019042  0.999793  -0.000279  0.000130  0.000103  0.000000  0.000000  0.000000  2.000000  
219.386200 0.003626  0.087184  -0.012846  0.987919  0.154915  -0.004189  -0.154804  0.987744  0.019931  0.007225  -0.019042  0.999793  -0.000275  0.000185  0.000183  0.000000  0.000000  0.000000  2.000000  
219.387203 0.003626  0.087184  -0.012846  0.987919  0.154915  -0.004189  -0.154804  0.987744  0.019931  0.007225  -0.019042  0.999793  -0.000235  0.000209  0.000169  0.000000  0.000000  0.000000  2.000000  
219.388463 0.003626  0.087185  -0.012845  0.987919  0.154915  -0.004189  -0.154804  0.987744  0.019931  0.007225  -0.019042  0.999793  -0.000184  0.000263  0.000244  0.000000  0.000000  0.000000  2.000000  
219.389700 0.003626  0.087186  -0.012844  0.987919  0.154915  -0.004189  -0.154804  0.987744  0.019931  0.007225  -0.019042  0.999793  -0.000132  0.000317  0.000320  0.000000  0.000000  0.000000  2.000000  
219.390954 0.003625  0.087186  -0.012843  0.987887  0.155119  -0.004185  -0.155007  0.987712  0.019932  0.007225  -0.019042  0.999793  -0.000112  0.000346  0.000377  0.000000  0.000000  0.000000  2.000000  
