1-Time 2-Px 3-Py 4-Pz 5-R11 6-R21 7-R31 8-R12 9-R22 10-R32 11-R13 12-R23 13-R33 14-Vx 15-Vy 16-Vz 17-Wx 18-Wy 19-Wz 20-state 21-PR11 22-PR21 23-PR31 24-PR12 25-PR22 26-PR32 27-PR13 28-PR23 29-PR33 
18.665559 0.008540  0.092193  0.002887  0.982352  0.184862  -0.028473  -0.184335  0.982657  0.020152  0.031705  -0.014548  0.999391  -0.000361  0.000340  0.000223  0.000000  0.000000  0.000000  2.000000  
18.666569 0.008539  0.092193  0.002887  0.982314  0.185064  -0.028469  -0.184538  0.982619  0.020158  0.031705  -0.014548  0.999391  -0.000353  0.000314  0.000235  0.000000  0.000000  0.000000  2.000000  
18.667816 0.008540  0.092192  0.002888  0.982119  0.186078  -0.028580  -0.185548  0.982427  0.020212  0.031839  -0.014548  0.999387  -0.000282  0.000216  0.000319  0.000000  0.000000  0.000000  2.000000  
18.668817 0.008541  0.092190  0.002888  0.981966  0.186887  -0.028563  -0.186356  0.982274  0.020236  0.031839  -0.014548  0.999387  -0.000198  0.000073  0.000282  0.000000  0.000000  0.000000  2.000000  
18.670064 0.008543  0.092188  0.002889  0.981817  0.187697  -0.028392  -0.187166  0.982117  0.020353  0.031705  -0.014669  0.999390  -0.000035  -0.000063  0.000315  0.000000  0.000000  0.000000  2.000000  
18.671066 0.008545  0.092186  0.002888  0.981701  0.188303  -0.028380  -0.187772  0.982001  0.020371  0.031705  -0.014669  0.999390  0.000097  -0.000228  0.000325  0.000000  0.000000  0.000000  2.000000  
18.672317 0.008548  0.092186  0.002889  0.981499  0.189321  -0.028599  -0.188781  0.981804  0.020570  0.031972  -0.014790  0.999379  0.000336  -0.000310  0.000369  0.000000  0.000000  0.000000  2.000000  
18.673319 0.008550  0.092186  0.002891  0.981295  0.190336  -0.028840  -0.189790  0.981608  0.020650  0.032240  -0.014790  0.999371  0.000530  -0.000331  0.000455  0.013901  0.015342  0.180002  2.000000  
18.674326 0.008552  0.092186  0.002892  0.981047  0.191554  -0.029208  -0.190999  0.981371  0.020762  0.032641  -0.014790  0.999358  0.000684  -0.000355  0.000505  0.015271  0.028216  0.221656  2.000000  
18.675571 0.008555  0.092185  0.002892  0.980727  0.193176  -0.029282  -0.192614  0.981051  0.020955  0.032775  -0.014911  0.999352  0.000869  -0.000476  0.000459  0.021001  0.031665  0.275131  2.000000  
18.676816 0.008558  0.092183  0.002889  0.980404  0.194793  -0.029378  -0.194228  0.980731  0.021029  0.032909  -0.014911  0.999347  0.001138  -0.000562  0.000292  0.022961  0.035578  0.332530  2.000000  
18.678066 0.008561  0.092184  0.002889  0.980079  0.196414  -0.029451  -0.195841  0.980406  0.021223  0.033042  -0.015032  0.999341  0.001415  -0.000503  0.000197  0.028848  0.039230  0.387865  2.000000  
18.679330 0.008565  0.092187  0.002890  0.979714  0.198230  -0.029412  -0.197657  0.980040  0.021277  0.033042  -0.015032  0.999341  0.001721  -0.000375  0.000213  0.030849  0.038289  0.449865  2.000000  
18.680569 0.008568  0.092187  0.002890  0.979301  0.200249  -0.029499  -0.199673  0.979630  0.021364  0.033176  -0.015032  0.999336  0.001947  -0.000407  0.000233  0.033133  0.041774  0.519216  2.000000  
18.681821 0.008572  0.092186  0.002889  0.978920  0.202071  -0.029696  -0.201485  0.979254  0.021592  0.033443  -0.015153  0.999326  0.002191  -0.000462  0.000085  0.039303  0.049805  0.581529  2.000000  
18.683067 0.008576  0.092184  0.002887  0.978579  0.203688  -0.029923  -0.203095  0.978919  0.021695  0.033711  -0.015153  0.999317  0.002374  -0.000479  -0.000041  0.041198  0.057983  0.637072  2.000000  
18.684315 0.008581  0.092183  0.002888  0.978276  0.205102  -0.030153  -0.204503  0.978623  0.021793  0.033978  -0.015153  0.999308  0.002607  -0.000452  0.000021  0.042873  0.066254  0.685590  2.000000  
18.685320 0.008583  0.092180  0.002889  0.978018  0.206317  -0.030232  -0.205711  0.978366  0.021976  0.034112  -0.015274  0.999301  0.002679  -0.000528  0.000059  0.048630  0.065480  0.733878  2.000000  
18.686323 0.008587  0.092176  0.002891  0.977759  0.207527  -0.030336  -0.206918  0.978110  0.022041  0.034246  -0.015274  0.999297  0.002786  -0.000695  0.000102  0.050051  0.069356  0.775427  2.000000  
18.687573 0.008594  0.092171  0.002892  0.977412  0.209139  -0.030430  -0.208527  0.977767  0.022119  0.034379  -0.015274  0.999292  0.003064  -0.001030  0.000089  0.051931  0.073020  0.830732  2.000000  
18.688871 0.008601  0.092164  0.002893  0.977106  0.210550  -0.030529  -0.209934  0.977464  0.022191  0.034513  -0.015274  0.999288  0.003287  -0.001470  0.000057  0.053503  0.076664  0.877714  2.000000  
18.690068 0.008606  0.092156  0.002893  0.976885  0.211555  -0.030662  -0.210939  0.977249  0.022132  0.034647  -0.015152  0.999285  0.003523  -0.001939  0.000070  0.050740  0.080849  0.914061  2.000000  
18.691315 0.008611  0.092146  0.002893  0.976667  0.212560  -0.030640  -0.211944  0.977030  0.022163  0.034647  -0.015152  0.999285  0.003659  -0.002485  0.000174  0.051890  0.080335  0.948632  2.000000  
18.692320 0.008616  0.092139  0.002892  0.976488  0.213363  -0.030778  -0.212747  0.976857  0.022099  0.034781  -0.015031  0.999282  0.003838  -0.003034  0.000244  0.048790  0.084463  0.976167  2.000000  
18.693324 0.008621  0.092131  0.002892  0.976312  0.214168  -0.030760  -0.213551  0.976681  0.022124  0.034781  -0.015031  0.999282  0.003932  -0.003636  0.000213  0.049710  0.084050  1.003778  2.000000  
18.694564 0.008627  0.092122  0.002891  0.976132  0.214970  -0.030898  -0.214354  0.976507  0.022060  0.034914  -0.014910  0.999279  0.004064  -0.004428  0.000056  0.046561  0.092703  1.031673  2.000000  
18.695564 0.008630  0.092113  0.002890  0.975999  0.215569  -0.030911  -0.214957  0.976377  0.021960  0.034914  -0.014789  0.999281  0.004092  -0.004922  -0.000020  0.043198  0.092504  1.052907  2.000000  
18.696569 0.008632  0.092104  0.002889  0.975915  0.215966  -0.030797  -0.215360  0.976291  0.021826  0.034781  -0.014668  0.999287  0.004078  -0.005513  0.000007  0.039272  0.087953  1.059551  2.000000  
18.697572 0.008635  0.092096  0.002888  0.975871  0.216163  -0.030819  -0.215561  0.976249  0.021714  0.034781  -0.014546  0.999289  0.004055  -0.005999  -0.000009  0.034338  0.083909  1.031636  2.000000  
18.698816 0.008637  0.092085  0.002887  0.975786  0.216555  -0.030732  -0.215964  0.976166  0.021461  0.034647  -0.014304  0.999297  0.003900  -0.006544  -0.000053  0.025450  0.079093  1.009505  2.000000  
18.699816 0.008639  0.092077  0.002887  0.975747  0.216751  -0.030623  -0.216166  0.976124  0.021320  0.034513  -0.014183  0.999304  0.003787  -0.006983  -0.000162  0.016684  0.080048  0.997121  2.000000  
18.700817 0.008639  0.092067  0.002886  0.975706  0.216946  -0.030515  -0.216367  0.976082  0.021179  0.034379  -0.014062  0.999310  0.003558  -0.007491  -0.000305  0.012084  0.075816  0.983284  2.000000  
18.702064 0.008638  0.092054  0.002885  0.975666  0.217142  -0.030406  -0.216569  0.976041  0.021037  0.034246  -0.013941  0.999316  0.003081  -0.007978  -0.000403  0.003080  0.062732  0.955548  2.000000  
18.703065 0.008637  0.092043  0.002885  0.975666  0.217134  -0.030459  -0.216569  0.976046  0.020801  0.034246  -0.013698  0.999320  0.002651  -0.008322  -0.000456  -0.006098  0.054348  0.920845  2.000000  
18.704067 0.008636  0.092033  0.002885  0.975666  0.217131  -0.030485  -0.216569  0.976048  0.020682  0.034246  -0.013577  0.999321  0.002196  -0.008707  -0.000538  -0.011113  0.045514  0.878675  2.000000  
18.705322 0.008633  0.092020  0.002885  0.975671  0.217121  -0.030407  -0.216570  0.976054  0.020417  0.034112  -0.013335  0.999329  0.001630  -0.008953  -0.000567  -0.025461  0.033338  0.823574  2.000000  
18.706564 0.008629  0.092006  0.002885  0.975631  0.217313  -0.030325  -0.216772  0.976014  0.020157  0.033978  -0.013092  0.999337  0.001075  -0.009186  -0.000494  -0.034486  0.024723  0.782369  2.000000  
18.707814 0.008624  0.091993  0.002885  0.975635  0.217304  -0.030247  -0.216773  0.976019  0.019891  0.033845  -0.012850  0.999344  0.000415  -0.009479  -0.000470  -0.049322  0.016949  0.719636  2.000000  
18.708817 0.008621  0.091982  0.002885  0.975680  0.217096  -0.030304  -0.216572  0.976069  0.019648  0.033845  -0.012607  0.999348  -0.000249  -0.009721  -0.000451  -0.059316  0.017798  0.664172  2.000000  
18.710067 0.008615  0.091967  0.002882  0.975684  0.217083  -0.030253  -0.216573  0.976076  0.019264  0.033711  -0.012244  0.999357  -0.000936  -0.010012  -0.000540  -0.072802  0.009603  0.603786  2.000000  
18.711311 0.008608  0.091953  0.002879  0.975689  0.217071  -0.030201  -0.216574  0.976084  0.018880  0.033577  -0.011880  0.999366  -0.001597  -0.010216  -0.000649  -0.091062  0.001592  0.542061  2.000000  
18.712316 0.008602  0.091942  0.002877  0.975648  0.217267  -0.030093  -0.216776  0.976041  0.018739  0.033443  -0.011759  0.999371  -0.002176  -0.010395  -0.000715  -0.096429  -0.011201  0.500605  2.000000  
18.713322 0.008596  0.091932  0.002876  0.975648  0.217259  -0.030146  -0.216776  0.976046  0.018502  0.033443  -0.011517  0.999374  -0.002790  -0.010548  -0.000778  -0.107161  -0.019485  0.449242  2.000000  
18.714330 0.008591  0.091922  0.002873  0.975653  0.217250  -0.030068  -0.216777  0.976051  0.018236  0.033310  -0.011274  0.999381  -0.003245  -0.010622  -0.000890  -0.116445  -0.027958  0.414437  2.000000  
18.715340 0.008584  0.091912  0.002871  0.975697  0.217042  -0.030124  -0.216576  0.976100  0.017993  0.033310  -0.011032  0.999384  -0.003723  -0.010620  -0.001038  -0.130211  -0.036275  0.365822  2.000000  
18.716567 0.008575  0.091900  0.002867  0.975697  0.217035  -0.030177  -0.216576  0.976104  0.017756  0.033310  -0.010789  0.999387  -0.004303  -0.010594  -0.001283  -0.140304  -0.040031  0.310701  2.000000  
18.717817 0.008565  0.091886  0.002862  0.975702  0.217026  -0.030099  -0.216577  0.976109  0.017491  0.033176  -0.010547  0.999394  -0.004878  -0.010639  -0.001557  -0.150373  -0.043782  0.255369  2.000000  
18.719066 0.008556  0.091875  0.002859  0.975661  0.217218  -0.030018  -0.216779  0.976069  0.017231  0.033042  -0.010304  0.999401  -0.005308  -0.010554  -0.001742  -0.159749  -0.052321  0.220752  2.000000  
18.720321 0.008547  0.091863  0.002855  0.975666  0.217210  -0.029940  -0.216780  0.976073  0.016965  0.032909  -0.010062  0.999408  -0.005691  -0.010465  -0.001967  -0.164891  -0.060803  0.185937  2.000000  
18.721566 0.008538  0.091852  0.002852  0.975666  0.217203  -0.029993  -0.216780  0.976077  0.016728  0.032909  -0.009820  0.999410  -0.006078  -0.010312  -0.002234  -0.168555  -0.059946  0.157037  2.000000  
18.722815 0.008529  0.091841  0.002850  0.975666  0.217195  -0.030045  -0.216780  0.976081  0.016492  0.032909  -0.009577  0.999412  -0.006396  -0.010101  -0.002375  -0.177765  -0.063955  0.122674  2.000000  
18.724067 0.008522  0.091831  0.002847  0.975666  0.217188  -0.030098  -0.216780  0.976085  0.016255  0.032909  -0.009335  0.999415  -0.006551  -0.009846  -0.002469  -0.184544  -0.068563  0.089105  2.000000  
18.725317 0.008516  0.091822  0.002845  0.975666  0.217181  -0.030151  -0.216780  0.976089  0.016018  0.032909  -0.009092  0.999417  -0.006560  -0.009480  -0.002458  -0.187727  -0.067722  0.067788  2.000000  
18.726320 0.008510  0.091814  0.002842  0.975621  0.217378  -0.030174  -0.216981  0.976046  0.015906  0.032909  -0.008971  0.999418  -0.006492  -0.009269  -0.002486  -0.187947  -0.063167  0.060985  2.000000  
18.727321 0.008506  0.091806  0.002840  0.975621  0.217371  -0.030226  -0.216981  0.976050  0.015669  0.032909  -0.008729  0.999420  -0.006362  -0.009000  -0.002469  -0.192503  -0.063012  0.047292  2.000000  
18.728562 0.008502  0.091798  0.002838  0.975621  0.217363  -0.030279  -0.216981  0.976054  0.015432  0.032909  -0.008486  0.999422  -0.006209  -0.008812  -0.002485  -0.196772  -0.058461  0.040493  2.000000  
18.729564 0.008500  0.091792  0.002836  0.975621  0.217360  -0.030306  -0.216981  0.976056  0.015314  0.032909  -0.008365  0.999423  -0.005928  -0.008526  -0.002475  -0.197215  -0.053833  0.026828  2.000000  
18.730567 0.008498  0.091786  0.002834  0.975621  0.217356  -0.030332  -0.216981  0.976058  0.015196  0.032909  -0.008244  0.999424  -0.005579  -0.008259  -0.002383  -0.197442  -0.049291  0.020025  2.000000  
18.731821 0.008496  0.091778  0.002832  0.975617  0.217353  -0.030489  -0.216980  0.976059  0.015106  0.033042  -0.008122  0.999421  -0.005053  -0.007879  -0.002268  -0.195197  -0.040618  0.013382  2.000000  
18.733067 0.008495  0.091771  0.002829  0.975617  0.217350  -0.030515  -0.216980  0.976061  0.014988  0.033042  -0.008001  0.999422  -0.004468  -0.007532  -0.002140  -0.191182  -0.040629  0.013393  2.000000  
18.734322 0.008495  0.091763  0.002827  0.975617  0.217346  -0.030542  -0.216980  0.976063  0.014869  0.033042  -0.007880  0.999423  -0.003971  -0.007257  -0.002032  -0.187045  -0.036117  0.013444  2.000000  
18.735567 0.008495  0.091756  0.002826  0.975617  0.217342  -0.030568  -0.216980  0.976065  0.014751  0.033042  -0.007759  0.999424  -0.003271  -0.006950  -0.001934  -0.182975  -0.036116  0.013451  2.000000  
18.736567 0.008495  0.091750  0.002825  0.975617  0.217342  -0.030568  -0.216980  0.976065  0.014751  0.033042  -0.007759  0.999424  -0.002776  -0.006735  -0.001815  -0.179160  -0.031552  0.006587  2.000000  
18.737817 0.008497  0.091744  0.002825  0.975576  0.217542  -0.030434  -0.217182  0.976020  0.014728  0.032909  -0.007759  0.999428  -0.002097  -0.006471  -0.001681  -0.166689  -0.031619  0.013508  2.000000  
18.739069 0.008499  0.091738  0.002825  0.975572  0.217539  -0.030591  -0.217181  0.976022  0.014639  0.033042  -0.007637  0.999425  -0.001486  -0.006199  -0.001515  0.000000  0.000000  0.000000  2.000000  
18.740320 0.008502  0.091733  0.002827  0.975572  0.217539  -0.030591  -0.217181  0.976022  0.014639  0.033042  -0.007637  0.999425  -0.000865  -0.005875  -0.001161  0.000000  0.000000  0.000000  2.000000  
18.741571 0.008504  0.091728  0.002830  0.975572  0.217539  -0.030591  -0.217181  0.976022  0.014639  0.033042  -0.007637  0.999425  -0.000260  -0.005544  -0.000773  0.000000  0.000000  0.000000  2.000000  
18.742812 0.008507  0.091724  0.002832  0.975572  0.217539  -0.030591  -0.217181  0.976022  0.014639  0.033042  -0.007637  0.999425  0.000180  -0.005294  -0.000444  0.000000  0.000000  0.000000  2.000000  
18.743812 0.008510  0.091721  0.002836  0.975527  0.217740  -0.030588  -0.217382  0.975977  0.014645  0.033042  -0.007637  0.999425  0.000585  -0.004993  -0.000089  0.000000  0.000000  0.000000  2.000000  
18.744814 0.008513  0.091718  0.002839  0.975532  0.217739  -0.030458  -0.217382  0.975977  0.014616  0.032909  -0.007637  0.999429  0.000946  -0.004801  0.000246  0.000000  0.000000  0.000000  2.000000  
18.746062 0.008517  0.091715  0.002844  0.975532  0.217739  -0.030458  -0.217382  0.975977  0.014616  0.032909  -0.007637  0.999429  0.001337  -0.004541  0.000690  0.000000  0.000000  0.000000  2.000000  
18.747070 0.008520  0.091712  0.002848  0.975532  0.217739  -0.030458  -0.217382  0.975977  0.014616  0.032909  -0.007637  0.999429  0.001619  -0.004294  0.001159  0.000000  0.000000  0.000000  2.000000  
18.748320 0.008522  0.091707  0.002853  0.975487  0.217940  -0.030455  -0.217583  0.975932  0.014622  0.032909  -0.007637  0.999429  0.001839  -0.004063  0.001695  0.000000  0.000000  0.000000  2.000000  
18.749329 0.008524  0.091704  0.002857  0.975442  0.218141  -0.030452  -0.217784  0.975887  0.014629  0.032909  -0.007637  0.999429  0.002002  -0.003907  0.002052  0.000000  0.000000  0.000000  2.000000  
18.750566 0.008527  0.091699  0.002862  0.975442  0.218145  -0.030425  -0.217784  0.975886  0.014747  0.032909  -0.007759  0.999428  0.002142  -0.003768  0.002442  0.000000  0.000000  0.000000  2.000000  
18.751566 0.008529  0.091695  0.002865  0.975397  0.218346  -0.030422  -0.217985  0.975841  0.014753  0.032909  -0.007759  0.999428  0.002259  -0.003681  0.002719  0.000000  0.000000  0.000000  2.000000  
18.752817 0.008530  0.091688  0.002870  0.975397  0.218349  -0.030396  -0.217985  0.975839  0.014872  0.032909  -0.007880  0.999427  0.002215  -0.003700  0.003065  0.000000  0.000000  0.000000  2.000000  
18.753818 0.008531  0.091684  0.002873  0.975352  0.218554  -0.030366  -0.218186  0.975792  0.014996  0.032909  -0.008001  0.999426  0.002178  -0.003671  0.003265  0.000000  0.000000  0.000000  2.000000  
18.755067 0.008532  0.091677  0.002877  0.975307  0.218759  -0.030337  -0.218387  0.975745  0.015121  0.032909  -0.008122  0.999425  0.002060  -0.003773  0.003359  0.000000  0.000000  0.000000  2.000000  
18.756325 0.008533  0.091671  0.002880  0.975307  0.218762  -0.030310  -0.218387  0.975743  0.015239  0.032909  -0.008244  0.999424  0.001948  -0.003882  0.003434  0.000000  0.000000  0.000000  2.000000  
18.757562 0.008534  0.091664  0.002884  0.975262  0.218967  -0.030280  -0.218587  0.975696  0.015364  0.032909  -0.008365  0.999423  0.001818  -0.004016  0.003472  0.000000  0.000000  0.000000  2.000000  
18.758664 0.008534  0.091658  0.002886  0.975258  0.218972  -0.030384  -0.218586  0.975694  0.015511  0.033042  -0.008486  0.999418  0.001582  -0.004222  0.003404  0.000000  0.000000  0.000000  2.000000  
18.759812 0.008534  0.091651  0.002889  0.975258  0.218975  -0.030358  -0.218586  0.975692  0.015630  0.033042  -0.008607  0.999417  0.001362  -0.004497  0.003345  0.000000  0.000000  0.000000  2.000000  
18.760813 0.008533  0.091644  0.002891  0.975213  0.219176  -0.030354  -0.218787  0.975647  0.015636  0.033042  -0.008607  0.999417  0.001110  -0.004746  0.003214  0.000000  0.000000  0.000000  2.000000  
18.762067 0.008533  0.091636  0.002893  0.975213  0.219180  -0.030328  -0.218787  0.975645  0.015754  0.033042  -0.008729  0.999416  0.000857  -0.005035  0.002997  0.000000  0.000000  0.000000  2.000000  
18.763069 0.008532  0.091630  0.002895  0.975213  0.219184  -0.030301  -0.218787  0.975644  0.015873  0.033042  -0.008850  0.999415  0.000700  -0.005253  0.002823  0.000000  0.000000  0.000000  2.000000  
18.764071 0.008532  0.091623  0.002896  0.975213  0.219184  -0.030301  -0.218787  0.975644  0.015873  0.033042  -0.008850  0.999415  0.000505  -0.005490  0.002647  0.000000  0.000000  0.000000  2.000000  
18.765323 0.008532  0.091615  0.002898  0.975209  0.219185  -0.030432  -0.218786  0.975643  0.015902  0.033176  -0.008850  0.999410  0.000317  -0.005699  0.002423  0.000000  0.000000  0.000000  2.000000  
18.766334 0.008532  0.091608  0.002899  0.975254  0.218988  -0.030408  -0.218585  0.975686  0.016014  0.033176  -0.008971  0.999409  0.000185  -0.005871  0.002289  0.000000  0.000000  0.000000  2.000000  
18.767567 0.008531  0.091599  0.002900  0.975254  0.218988  -0.030408  -0.218585  0.975686  0.016014  0.033176  -0.008971  0.999409  0.000059  -0.006073  0.002026  0.000000  0.000000  0.000000  2.000000  
18.768567 0.008531  0.091591  0.002900  0.975254  0.218991  -0.030382  -0.218585  0.975684  0.016132  0.033176  -0.009092  0.999408  -0.000028  -0.006266  0.001795  0.000000  0.000000  0.000000  2.000000  
18.769570 0.008531  0.091584  0.002900  0.975254  0.218991  -0.030382  -0.218585  0.975684  0.016132  0.033176  -0.009092  0.999408  -0.000061  -0.006418  0.001654  0.000000  0.000000  0.000000  2.000000  
18.770817 0.008531  0.091574  0.002899  0.975294  0.218795  -0.030489  -0.218384  0.975727  0.016274  0.033310  -0.009213  0.999403  -0.000118  -0.006620  0.001357  0.000000  0.000000  0.000000  2.000000  
18.772062 0.008531  0.091564  0.002898  0.975294  0.218799  -0.030463  -0.218384  0.975725  0.016392  0.033310  -0.009335  0.999401  -0.000171  -0.006843  0.001070  0.000000  0.000000  0.000000  2.000000  
18.773069 0.008530  0.091556  0.002897  0.975339  0.218598  -0.030466  -0.218183  0.975770  0.016386  0.033310  -0.009335  0.999401  -0.000224  -0.007056  0.000775  0.000000  0.000000  0.000000  2.000000  
18.774321 0.008531  0.091546  0.002896  0.975339  0.218602  -0.030439  -0.218183  0.975768  0.016504  0.033310  -0.009456  0.999400  -0.000184  -0.007183  0.000563  0.000000  0.000000  0.000000  2.000000  
18.775322 0.008531  0.091538  0.002896  0.975339  0.218605  -0.030413  -0.218183  0.975766  0.016623  0.033310  -0.009577  0.999399  -0.000166  -0.007277  0.000348  0.000000  0.000000  0.000000  2.000000  
18.776565 0.008531  0.091528  0.002894  0.975384  0.218405  -0.030416  -0.217982  0.975811  0.016616  0.033310  -0.009577  0.999399  -0.000122  -0.007419  0.000130  0.000000  0.000000  0.000000  2.000000  
18.777565 0.008531  0.091521  0.002894  0.975384  0.218408  -0.030390  -0.217982  0.975809  0.016735  0.033310  -0.009698  0.999398  -0.000124  -0.007499  -0.000047  0.000000  0.000000  0.000000  2.000000  
18.778571 0.008530  0.091513  0.002893  0.975425  0.218209  -0.030524  -0.217780  0.975854  0.016757  0.033443  -0.009698  0.999394  -0.000118  -0.007606  -0.000211  0.000000  0.000000  0.000000  2.000000  
18.779817 0.008531  0.091504  0.002892  0.975425  0.218209  -0.030524  -0.217780  0.975854  0.016757  0.033443  -0.009698  0.999394  -0.000094  -0.007633  -0.000344  0.000000  0.000000  0.000000  2.000000  
18.780820 0.008531  0.091497  0.002892  0.975425  0.218212  -0.030497  -0.217780  0.975852  0.016876  0.033443  -0.009819  0.999392  -0.000066  -0.007640  -0.000444  0.000000  0.000000  0.000000  2.000000  
18.781823 0.008532  0.091491  0.002892  0.975469  0.218011  -0.030501  -0.217579  0.975897  0.016870  0.033443  -0.009819  0.999392  0.000033  -0.007571  -0.000510  0.000000  0.000000  0.000000  2.000000  
18.783066 0.008532  0.091484  0.002893  0.975469  0.218011  -0.030501  -0.217579  0.975897  0.016870  0.033443  -0.009819  0.999392  0.000063  -0.007420  -0.000480  0.000000  0.000000  0.000000  2.000000  
18.784067 0.008533  0.091478  0.002894  0.975469  0.218011  -0.030501  -0.217579  0.975897  0.016870  0.033443  -0.009819  0.999392  0.000126  -0.007276  -0.000441  0.000000  0.000000  0.000000  2.000000  
18.785318 0.008533  0.091471  0.002894  0.975469  0.218011  -0.030501  -0.217579  0.975897  0.016870  0.033443  -0.009819  0.999392  0.000178  -0.007117  -0.000345  0.000000  0.000000  0.000000  2.000000  
18.786331 0.008534  0.091466  0.002895  0.975469  0.218011  -0.030501  -0.217579  0.975897  0.016870  0.033443  -0.009819  0.999392  0.000212  -0.006941  -0.000236  0.000000  0.000000  0.000000  2.000000  
18.787564 0.008535  0.091459  0.002897  0.975469  0.218011  -0.030501  -0.217579  0.975897  0.016870  0.033443  -0.009819  0.999392  0.000291  -0.006683  -0.000076  0.000000  0.000000  0.000000  2.000000  
18.788813 0.008536  0.091453  0.002899  0.975514  0.217810  -0.030504  -0.217379  0.975942  0.016863  0.033443  -0.009819  0.999392  0.000349  -0.006439  0.000144  0.000000  0.000000  0.000000  2.000000  
18.790071 0.008537  0.091447  0.002901  0.975514  0.217814  -0.030478  -0.217379  0.975940  0.016982  0.033443  -0.009941  0.999391  0.000433  -0.006199  0.000337  0.000000  0.000000  0.000000  2.000000  
18.791320 0.008538  0.091441  0.002903  0.975469  0.218015  -0.030474  -0.217579  0.975895  0.016988  0.033443  -0.009941  0.999391  0.000481  -0.005923  0.000564  0.000000  0.000000  0.000000  2.000000  
18.792564 0.008539  0.091435  0.002904  0.975469  0.218015  -0.030474  -0.217579  0.975895  0.016988  0.033443  -0.009941  0.999391  0.000573  -0.005728  0.000721  0.000000  0.000000  0.000000  2.000000  
18.793564 0.008541  0.091431  0.002906  0.975469  0.218015  -0.030474  -0.217579  0.975895  0.016988  0.033443  -0.009941  0.999391  0.000696  -0.005447  0.000869  0.000000  0.000000  0.000000  2.000000  
18.794812 0.008543  0.091427  0.002908  0.975469  0.218019  -0.030448  -0.217579  0.975893  0.017106  0.033443  -0.010062  0.999390  0.000812  -0.005184  0.001061  0.000000  0.000000  0.000000  2.000000  
18.795814 0.008544  0.091422  0.002910  0.975425  0.218220  -0.030444  -0.217780  0.975848  0.017113  0.033443  -0.010062  0.999390  0.000889  -0.005010  0.001190  0.000000  0.000000  0.000000  2.000000  
18.796822 0.008546  0.091419  0.002912  0.975425  0.218220  -0.030444  -0.217780  0.975848  0.017113  0.033443  -0.010062  0.999390  0.000935  -0.004778  0.001326  0.000000  0.000000  0.000000  2.000000  
18.798066 0.008548  0.091416  0.002914  0.975425  0.218220  -0.030444  -0.217780  0.975848  0.017113  0.033443  -0.010062  0.999390  0.001084  -0.004552  0.001453  0.000000  0.000000  0.000000  2.000000  
18.799066 0.008550  0.091413  0.002917  0.975425  0.218220  -0.030444  -0.217780  0.975848  0.017113  0.033443  -0.010062  0.999390  0.001173  -0.004356  0.001549  0.000000  0.000000  0.000000  2.000000  
18.800067 0.008552  0.091410  0.002919  0.975380  0.218424  -0.030414  -0.217981  0.975801  0.017237  0.033443  -0.010183  0.999389  0.001271  -0.004120  0.001678  0.000000  0.000000  0.000000  2.000000  
18.801067 0.008555  0.091408  0.002922  0.975380  0.218424  -0.030414  -0.217981  0.975801  0.017237  0.033443  -0.010183  0.999389  0.001389  -0.003896  0.001787  0.000000  0.000000  0.000000  2.000000  
18.802073 0.008556  0.091406  0.002925  0.975339  0.218624  -0.030280  -0.218183  0.975756  0.017214  0.033310  -0.010183  0.999393  0.001465  -0.003713  0.001915  0.000000  0.000000  0.000000  2.000000  
18.803322 0.008558  0.091402  0.002927  0.975339  0.218624  -0.030280  -0.218183  0.975756  0.017214  0.033310  -0.010183  0.999393  0.001519  -0.003497  0.001919  0.000000  0.000000  0.000000  2.000000  
18.804326 0.008559  0.091400  0.002929  0.975335  0.218625  -0.030411  -0.218182  0.975756  0.017243  0.033443  -0.010183  0.999389  0.001541  -0.003379  0.001965  0.000000  0.000000  0.000000  2.000000  
18.805569 0.008561  0.091397  0.002932  0.975290  0.218826  -0.030407  -0.218383  0.975711  0.017250  0.033443  -0.010183  0.999389  0.001567  -0.003131  0.002030  0.000000  0.000000  0.000000  2.000000  
18.806571 0.008562  0.091395  0.002935  0.975290  0.218826  -0.030407  -0.218383  0.975711  0.017250  0.033443  -0.010183  0.999389  0.001622  -0.002963  0.002094  0.000000  0.000000  0.000000  2.000000  
18.807572 0.008563  0.091393  0.002937  0.975290  0.218826  -0.030407  -0.218383  0.975711  0.017250  0.033443  -0.010183  0.999389  0.001621  -0.002790  0.002154  0.000000  0.000000  0.000000  2.000000  
18.808826 0.008565  0.091391  0.002939  0.975245  0.219027  -0.030404  -0.218583  0.975666  0.017256  0.033443  -0.010183  0.999389  0.001574  -0.002595  0.002166  0.000000  0.000000  0.000000  2.000000  
18.810079 0.008566  0.091388  0.002941  0.975245  0.219027  -0.030404  -0.218583  0.975666  0.017256  0.033443  -0.010183  0.999389  0.001505  -0.002457  0.002171  0.000000  0.000000  0.000000  2.000000  
18.811320 0.008566  0.091385  0.002943  0.975200  0.219228  -0.030400  -0.218784  0.975621  0.017262  0.033443  -0.010183  0.999389  0.001420  -0.002352  0.002119  0.000000  0.000000  0.000000  2.000000  
18.812321 0.008567  0.091384  0.002944  0.975200  0.219228  -0.030400  -0.218784  0.975621  0.017262  0.033443  -0.010183  0.999389  0.001336  -0.002287  0.002071  0.000000  0.000000  0.000000  2.000000  
18.813322 0.008567  0.091381  0.002945  0.975155  0.219429  -0.030397  -0.218985  0.975575  0.017269  0.033443  -0.010183  0.999389  0.001210  -0.002231  0.001951  0.000000  0.000000  0.000000  2.000000  
18.814324 0.008568  0.091379  0.002945  0.975155  0.219429  -0.030397  -0.218985  0.975575  0.017269  0.033443  -0.010183  0.999389  0.001152  -0.002198  0.001885  0.000000  0.000000  0.000000  2.000000  
18.815324 0.008568  0.091377  0.002946  0.975155  0.219429  -0.030397  -0.218985  0.975575  0.017269  0.033443  -0.010183  0.999389  0.000959  -0.002197  0.001716  0.000000  0.000000  0.000000  2.000000  
18.816325 0.008568  0.091375  0.002947  0.975110  0.219626  -0.030420  -0.219186  0.975532  0.017156  0.033443  -0.010062  0.999390  0.000828  -0.002204  0.001646  0.000000  0.000000  0.000000  2.000000  
18.817572 0.008567  0.091372  0.002947  0.975110  0.219626  -0.030420  -0.219186  0.975532  0.017156  0.033443  -0.010062  0.999390  0.000640  -0.002198  0.001425  0.000000  0.000000  0.000000  2.000000  
18.818578 0.008567  0.091369  0.002948  0.975065  0.219827  -0.030416  -0.219386  0.975487  0.017163  0.033443  -0.010062  0.999390  0.000569  -0.002183  0.001310  0.000000  0.000000  0.000000  2.000000  
18.819829 0.008566  0.091366  0.002948  0.975065  0.219827  -0.030416  -0.219386  0.975487  0.017163  0.033443  -0.010062  0.999390  0.000405  -0.002170  0.001158  0.000000  0.000000  0.000000  2.000000  
18.821068 0.008566  0.091363  0.002949  0.975019  0.220024  -0.030439  -0.219587  0.975444  0.017051  0.033443  -0.009941  0.999391  0.000284  -0.002231  0.001007  0.000000  0.000000  0.000000  2.000000  
18.822070 0.008565  0.091361  0.002949  0.975019  0.220024  -0.030439  -0.219587  0.975444  0.017051  0.033443  -0.009941  0.999391  0.000124  -0.002254  0.000872  0.000000  0.000000  0.000000  2.000000  
18.823324 0.008564  0.091357  0.002949  0.975019  0.220024  -0.030439  -0.219587  0.975444  0.017051  0.033443  -0.009941  0.999391  -0.000016  -0.002271  0.000699  0.000000  0.000000  0.000000  2.000000  
18.824572 0.008564  0.091354  0.002950  0.975019  0.220020  -0.030466  -0.219587  0.975446  0.016932  0.033443  -0.009819  0.999392  -0.000110  -0.002313  0.000574  0.000000  0.000000  0.000000  2.000000  
18.825579 0.008564  0.091352  0.002950  0.974974  0.220221  -0.030463  -0.219788  0.975401  0.016939  0.033443  -0.009819  0.999392  -0.000180  -0.002343  0.000516  0.000000  0.000000  0.000000  2.000000  
18.826818 0.008563  0.091349  0.002950  0.974974  0.220221  -0.030463  -0.219788  0.975401  0.016939  0.033443  -0.009819  0.999392  -0.000224  -0.002368  0.000432  0.000000  0.000000  0.000000  2.000000  
18.827824 0.008563  0.091346  0.002950  0.974979  0.220220  -0.030332  -0.219789  0.975401  0.016909  0.033310  -0.009819  0.999397  -0.000306  -0.002415  0.000369  0.000000  0.000000  0.000000  2.000000  
18.829071 0.008562  0.091343  0.002950  0.974979  0.220216  -0.030359  -0.219789  0.975403  0.016791  0.033310  -0.009698  0.999398  -0.000376  -0.002447  0.000312  0.000000  0.000000  0.000000  2.000000  
18.830081 0.008562  0.091341  0.002950  0.974979  0.220216  -0.030359  -0.219789  0.975403  0.016791  0.033310  -0.009698  0.999398  -0.000400  -0.002454  0.000244  0.000000  0.000000  0.000000  2.000000  
18.831324 0.008562  0.091338  0.002950  0.974979  0.220216  -0.030359  -0.219789  0.975403  0.016791  0.033310  -0.009698  0.999398  -0.000386  -0.002479  0.000165  0.000000  0.000000  0.000000  2.000000  
18.832578 0.008561  0.091334  0.002949  0.974979  0.220212  -0.030386  -0.219789  0.975405  0.016673  0.033310  -0.009577  0.999399  -0.000393  -0.002473  0.000110  0.000000  0.000000  0.000000  2.000000  
18.833818 0.008561  0.091331  0.002950  0.974979  0.220212  -0.030386  -0.219789  0.975405  0.016673  0.033310  -0.009577  0.999399  -0.000357  -0.002490  0.000100  0.000000  0.000000  0.000000  2.000000  
18.835075 0.008561  0.091328  0.002949  0.974979  0.220212  -0.030386  -0.219789  0.975405  0.016673  0.033310  -0.009577  0.999399  -0.000334  -0.002520  0.000080  0.000000  0.000000  0.000000  2.000000  
18.836078 0.008561  0.091325  0.002950  0.974979  0.220212  -0.030386  -0.219789  0.975405  0.016673  0.033310  -0.009577  0.999399  -0.000347  -0.002535  0.000069  0.000000  0.000000  0.000000  2.000000  
18.837328 0.008561  0.091322  0.002950  0.974979  0.220209  -0.030412  -0.219789  0.975407  0.016554  0.033310  -0.009456  0.999400  -0.000247  -0.002514  0.000060  0.000000  0.000000  0.000000  2.000000  
18.838565 0.008561  0.091320  0.002950  0.974979  0.220209  -0.030412  -0.219789  0.975407  0.016554  0.033310  -0.009456  0.999400  -0.000212  -0.002445  0.000081  0.000000  0.000000  0.000000  2.000000  
18.839571 0.008561  0.091317  0.002950  0.974979  0.220209  -0.030412  -0.219789  0.975407  0.016554  0.033310  -0.009456  0.999400  -0.000220  -0.002504  0.000039  0.000000  0.000000  0.000000  2.000000  
18.840827 0.008561  0.091314  0.002951  0.974979  0.220209  -0.030412  -0.219789  0.975407  0.016554  0.033310  -0.009456  0.999400  -0.000200  -0.002490  0.000049  0.000000  0.000000  0.000000  2.000000  
18.842069 0.008560  0.091311  0.002951  0.974979  0.220209  -0.030412  -0.219789  0.975407  0.016554  0.033310  -0.009456  0.999400  -0.000190  -0.002476  0.000061  0.000000  0.000000  0.000000  2.000000  
18.843325 0.008560  0.091308  0.002951  0.974979  0.220209  -0.030412  -0.219789  0.975407  0.016554  0.033310  -0.009456  0.999400  -0.000138  -0.002433  0.000094  0.000000  0.000000  0.000000  2.000000  
18.844570 0.008560  0.091306  0.002952  0.974933  0.220409  -0.030409  -0.219990  0.975362  0.016561  0.033310  -0.009456  0.999400  -0.000154  -0.002429  0.000127  0.000000  0.000000  0.000000  2.000000  
18.845816 0.008560  0.091304  0.002953  0.974933  0.220406  -0.030436  -0.219990  0.975364  0.016442  0.033310  -0.009335  0.999401  -0.000150  -0.002350  0.000212  0.000000  0.000000  0.000000  2.000000  
18.846821 0.008559  0.091302  0.002953  0.974933  0.220406  -0.030436  -0.219990  0.975364  0.016442  0.033310  -0.009335  0.999401  -0.000173  -0.002320  0.000232  0.000000  0.000000  0.000000  2.000000  
18.847822 0.008559  0.091300  0.002954  0.974929  0.220407  -0.030566  -0.219989  0.975363  0.016472  0.033443  -0.009335  0.999397  -0.000188  -0.002230  0.000295  0.000000  0.000000  0.000000  2.000000  
18.849072 0.008558  0.091298  0.002954  0.974929  0.220407  -0.030566  -0.219989  0.975363  0.016472  0.033443  -0.009335  0.999397  -0.000180  -0.002170  0.000337  0.000000  0.000000  0.000000  2.000000  
18.850339 0.008558  0.091296  0.002955  0.974929  0.220407  -0.030566  -0.219989  0.975363  0.016472  0.033443  -0.009335  0.999397  -0.000190  -0.002091  0.000360  0.000000  0.000000  0.000000  2.000000  
18.851570 0.008558  0.091294  0.002956  0.974929  0.220407  -0.030566  -0.219989  0.975363  0.016472  0.033443  -0.009335  0.999397  -0.000225  -0.002026  0.000407  0.000000  0.000000  0.000000  2.000000  
18.852570 0.008558  0.091292  0.002956  0.974929  0.220407  -0.030566  -0.219989  0.975363  0.016472  0.033443  -0.009335  0.999397  -0.000210  -0.001945  0.000404  0.000000  0.000000  0.000000  2.000000  
18.853576 0.008557  0.091291  0.002957  0.974929  0.220407  -0.030566  -0.219989  0.975363  0.016472  0.033443  -0.009335  0.999397  -0.000236  -0.001860  0.000462  0.000000  0.000000  0.000000  2.000000  
18.854820 0.008557  0.091289  0.002958  0.974929  0.220407  -0.030566  -0.219989  0.975363  0.016472  0.033443  -0.009335  0.999397  -0.000228  -0.001800  0.000505  0.000000  0.000000  0.000000  2.000000  
18.855823 0.008557  0.091288  0.002958  0.974929  0.220407  -0.030566  -0.219989  0.975363  0.016472  0.033443  -0.009335  0.999397  -0.000240  -0.001720  0.000472  0.000000  0.000000  0.000000  2.000000  
18.857070 0.008557  0.091286  0.002959  0.974929  0.220407  -0.030566  -0.219989  0.975363  0.016472  0.033443  -0.009335  0.999397  -0.000244  -0.001667  0.000512  0.000000  0.000000  0.000000  2.000000  
18.858070 0.008556  0.091284  0.002959  0.974929  0.220407  -0.030566  -0.219989  0.975363  0.016472  0.033443  -0.009335  0.999397  -0.000267  -0.001632  0.000531  0.000000  0.000000  0.000000  2.000000  
18.859073 0.008556  0.091283  0.002960  0.974929  0.220407  -0.030566  -0.219989  0.975363  0.016472  0.033443  -0.009335  0.999397  -0.000270  -0.001579  0.000510  0.000000  0.000000  0.000000  2.000000  
18.860075 0.008556  0.091282  0.002960  0.974884  0.220608  -0.030563  -0.220189  0.975318  0.016478  0.033443  -0.009335  0.999397  -0.000228  -0.001496  0.000538  0.000000  0.000000  0.000000  2.000000  
18.861077 0.008556  0.091281  0.002961  0.974884  0.220608  -0.030563  -0.220189  0.975318  0.016478  0.033443  -0.009335  0.999397  -0.000236  -0.001470  0.000525  0.000000  0.000000  0.000000  2.000000  
18.862092 0.008556  0.091280  0.002962  0.974884  0.220608  -0.030563  -0.220189  0.975318  0.016478  0.033443  -0.009335  0.999397  -0.000220  -0.001387  0.000522  0.000000  0.000000  0.000000  2.000000  
18.863320 0.008556  0.091280  0.002962  0.974884  0.220608  -0.030563  -0.220189  0.975318  0.016478  0.033443  -0.009335  0.999397  -0.000163  -0.001285  0.000546  0.000000  0.000000  0.000000  2.000000  
18.864322 0.008555  0.091279  0.002962  0.974884  0.220608  -0.030563  -0.220189  0.975318  0.016478  0.033443  -0.009335  0.999397  -0.000179  -0.001235  0.000521  0.000000  0.000000  0.000000  2.000000  
18.865326 0.008556  0.091278  0.002963  0.974884  0.220608  -0.030563  -0.220189  0.975318  0.016478  0.033443  -0.009335  0.999397  -0.000163  -0.001155  0.000518  0.000000  0.000000  0.000000  2.000000  
18.866340 0.008555  0.091278  0.002963  0.974884  0.220608  -0.030563  -0.220189  0.975318  0.016478  0.033443  -0.009335  0.999397  -0.000158  -0.001065  0.000511  0.000000  0.000000  0.000000  2.000000  
18.867566 0.008556  0.091277  0.002964  0.974884  0.220608  -0.030563  -0.220189  0.975318  0.016478  0.033443  -0.009335  0.999397  -0.000133  -0.000995  0.000513  0.000000  0.000000  0.000000  2.000000  
18.868571 0.008556  0.091277  0.002964  0.974884  0.220608  -0.030563  -0.220189  0.975318  0.016478  0.033443  -0.009335  0.999397  -0.000103  -0.000921  0.000477  0.000000  0.000000  0.000000  2.000000  
18.869840 0.008556  0.091277  0.002965  0.974929  0.220407  -0.030566  -0.219989  0.975363  0.016472  0.033443  -0.009335  0.999397  -0.000097  -0.000829  0.000469  0.000000  0.000000  0.000000  2.000000  
18.871072 0.008556  0.091276  0.002965  0.974929  0.220407  -0.030566  -0.219989  0.975363  0.016472  0.033443  -0.009335  0.999397  -0.000089  -0.000724  0.000455  0.000000  0.000000  0.000000  2.000000  
18.872331 0.008556  0.091276  0.002966  0.974929  0.220407  -0.030566  -0.219989  0.975363  0.016472  0.033443  -0.009335  0.999397  -0.000043  -0.000613  0.000474  0.000000  0.000000  0.000000  2.000000  
18.873577 0.008555  0.091276  0.002967  0.974929  0.220407  -0.030566  -0.219989  0.975363  0.016472  0.033443  -0.009335  0.999397  -0.000072  -0.000548  0.000474  0.000000  0.000000  0.000000  2.000000  
18.874838 0.008556  0.091275  0.002967  0.974929  0.220407  -0.030566  -0.219989  0.975363  0.016472  0.033443  -0.009335  0.999397  -0.000051  -0.000455  0.000433  0.000000  0.000000  0.000000  2.000000  
18.876087 0.008555  0.091275  0.002967  0.974929  0.220407  -0.030566  -0.219989  0.975363  0.016472  0.033443  -0.009335  0.999397  -0.000027  -0.000400  0.000443  0.000000  0.000000  0.000000  2.000000  
18.877321 0.008555  0.091275  0.002968  0.974929  0.220407  -0.030566  -0.219989  0.975363  0.016472  0.033443  -0.009335  0.999397  -0.000035  -0.000369  0.000424  0.000000  0.000000  0.000000  2.000000  
18.878331 0.008555  0.091275  0.002968  0.974929  0.220407  -0.030566  -0.219989  0.975363  0.016472  0.033443  -0.009335  0.999397  -0.000020  -0.000294  0.000428  0.000000  0.000000  0.000000  2.000000  
18.879570 0.008555  0.091275  0.002969  0.974929  0.220407  -0.030566  -0.219989  0.975363  0.016472  0.033443  -0.009335  0.999397  -0.000027  -0.000264  0.000409  0.000000  0.000000  0.000000  2.000000  
18.880817 0.008555  0.091275  0.002970  0.974929  0.220407  -0.030566  -0.219989  0.975363  0.016472  0.033443  -0.009335  0.999397  -0.000019  -0.000205  0.000451  0.000000  0.000000  0.000000  2.000000  
18.881824 0.008555  0.091275  0.002970  0.974929  0.220407  -0.030566  -0.219989  0.975363  0.016472  0.033443  -0.009335  0.999397  -0.000027  -0.000182  0.000446  0.000000  0.000000  0.000000  2.000000  
18.883073 0.008555  0.091275  0.002971  0.974929  0.220407  -0.030566  -0.219989  0.975363  0.016472  0.033443  -0.009335  0.999397  -0.000050  -0.000151  0.000466  0.000000  0.000000  0.000000  2.000000  
18.884322 0.008555  0.091275  0.002971  0.974929  0.220407  -0.030566  -0.219989  0.975363  0.016472  0.033443  -0.009335  0.999397  -0.000042  -0.000128  0.000414  0.000000  0.000000  0.000000  2.000000  
