1-Time 2-Px 3-Py 4-Pz 5-R11 6-R21 7-R31 8-R12 9-R22 10-R32 11-R13 12-R23 13-R33 14-Vx 15-Vy 16-Vz 17-Wx 18-Wy 19-Wz 20-state 21-PR11 22-PR21 23-PR31 24-PR12 25-PR22 26-PR32 27-PR13 28-PR23 29-PR33 
120.374622 0.002794  0.092758  -0.008432  0.986963  0.159358  0.022569  -0.159445  0.987204  0.002129  -0.021941  -0.005700  0.999743  -0.000123  -0.000191  -0.000241  0.000000  0.000000  0.000000  2.000000  
120.375633 0.002794  0.092758  -0.008432  0.986930  0.159561  0.022570  -0.159649  0.987172  0.002124  -0.021941  -0.005700  0.999743  -0.000130  -0.000214  -0.000201  0.000000  0.000000  0.000000  2.000000  
120.376881 0.002793  0.092757  -0.008432  0.986795  0.160373  0.022703  -0.160461  0.987040  0.002084  -0.022075  -0.005700  0.999740  -0.000133  -0.000290  -0.000237  0.000000  0.000000  0.000000  2.000000  
120.378133 0.002793  0.092754  -0.008433  0.986624  0.161387  0.022970  -0.161475  0.986875  0.002017  -0.022343  -0.005700  0.999734  -0.000180  -0.000463  -0.000291  0.000000  0.000000  0.000000  2.000000  
120.379134 0.002793  0.092752  -0.008433  0.986551  0.161789  0.023254  -0.161881  0.986808  0.002084  -0.022610  -0.005821  0.999727  -0.000135  -0.000556  -0.000288  0.000000  0.000000  0.000000  2.000000  
120.380376 0.002793  0.092750  -0.008434  0.986451  0.162399  0.023255  -0.162490  0.986708  0.002070  -0.022610  -0.005821  0.999727  -0.000104  -0.000711  -0.000281  0.000000  0.000000  0.000000  2.000000  
120.381381 0.002794  0.092748  -0.008434  0.986317  0.163211  0.023257  -0.163302  0.986574  0.002051  -0.022610  -0.005821  0.999727  -0.000039  -0.000766  -0.000272  0.000000  0.000000  0.000000  2.000000  
120.382629 0.002795  0.092747  -0.008433  0.986120  0.164431  0.022996  -0.164521  0.986371  0.002066  -0.022343  -0.005821  0.999733  -0.000007  -0.000858  -0.000234  0.000000  0.000000  0.000000  2.000000  
120.383632 0.002795  0.092746  -0.008433  0.985922  0.165648  0.022754  -0.165740  0.986167  0.002202  -0.022075  -0.005942  0.999739  0.000055  -0.000922  -0.000177  -0.000533  0.007772  0.207563  2.000000  
120.384876 0.002796  0.092743  -0.008434  0.985648  0.167272  0.022758  -0.167364  0.985893  0.002164  -0.022075  -0.005942  0.999739  0.000095  -0.001073  -0.000206  -0.001749  0.007391  0.260916  2.000000  
120.385878 0.002797  0.092741  -0.008435  0.985438  0.168489  0.022893  -0.168581  0.985686  0.002114  -0.022209  -0.005942  0.999736  0.000216  -0.001189  -0.000280  -0.002685  -0.001791  0.304360  2.000000  
120.387134 0.002799  0.092740  -0.008436  0.985156  0.170109  0.023048  -0.170203  0.985407  0.002173  -0.022343  -0.006063  0.999732  0.000367  -0.001262  -0.000332  0.000139  -0.006634  0.359634  2.000000  
120.388386 0.002802  0.092739  -0.008434  0.984871  0.171731  0.023184  -0.171825  0.985125  0.002112  -0.022476  -0.006063  0.999729  0.000544  -0.001314  -0.000188  -0.001276  -0.011498  0.421763  2.000000  
120.389387 0.002803  0.092737  -0.008433  0.984619  0.173149  0.023319  -0.173243  0.984877  0.002055  -0.022610  -0.006063  0.999726  0.000660  -0.001419  -0.000083  -0.002390  -0.016282  0.470182  2.000000  
120.390391 0.002805  0.092735  -0.008433  0.984372  0.174569  0.023190  -0.174663  0.984626  0.002045  -0.022476  -0.006063  0.999729  0.000729  -0.001559  -0.000084  -0.003440  -0.012073  0.518570  2.000000  
120.391631 0.002806  0.092731  -0.008434  0.984046  0.176393  0.023194  -0.176486  0.984301  0.002002  -0.022476  -0.006063  0.999729  0.000875  -0.001704  -0.000170  -0.004831  -0.012444  0.580871  2.000000  
120.392880 0.002808  0.092726  -0.008435  0.983794  0.177813  0.023065  -0.177905  0.984046  0.001992  -0.022343  -0.006063  0.999732  0.001026  -0.001865  -0.000092  -0.005830  -0.012734  0.629415  2.000000  
120.393881 0.002809  0.092723  -0.008434  0.983537  0.179230  0.023068  -0.179322  0.983788  0.001959  -0.022343  -0.006063  0.999732  0.001102  -0.001986  0.000002  -0.006906  -0.013021  0.677790  2.000000  
120.394881 0.002811  0.092718  -0.008433  0.983277  0.180648  0.023070  -0.180739  0.983529  0.001926  -0.022343  -0.006063  0.999732  0.001176  -0.002179  0.000069  -0.007981  -0.013308  0.726146  2.000000  
120.396133 0.002814  0.092711  -0.008433  0.982975  0.182267  0.023205  -0.182358  0.983230  0.001863  -0.022476  -0.006063  0.999729  0.001349  -0.002512  0.000029  -0.005187  -0.018087  0.781509  2.000000  
120.397383 0.002819  0.092705  -0.008434  0.982671  0.183885  0.023340  -0.183976  0.982929  0.001801  -0.022610  -0.006063  0.999726  0.001631  -0.002866  -0.000013  -0.006475  -0.022905  0.836711  2.000000  
120.398386 0.002822  0.092699  -0.008434  0.982443  0.185099  0.023342  -0.185190  0.982701  0.001772  -0.022610  -0.006063  0.999726  0.001832  -0.003130  -0.000087  -0.007402  -0.023149  0.878188  2.000000  
120.399627 0.002825  0.092691  -0.008435  0.982175  0.186518  0.023322  -0.186606  0.982434  0.001619  -0.022610  -0.005942  0.999727  0.001986  -0.003526  -0.000141  -0.012564  -0.023386  0.926924  2.000000  
120.400628 0.002828  0.092683  -0.008436  0.981982  0.187529  0.023323  -0.187616  0.982241  0.001595  -0.022610  -0.005942  0.999727  0.002067  -0.003920  -0.000108  -0.013335  -0.023584  0.961401  2.000000  
120.401628 0.002831  0.092676  -0.008438  0.981791  0.188541  0.023194  -0.188628  0.982047  0.001596  -0.022476  -0.005942  0.999730  0.002185  -0.004323  -0.000176  -0.013927  -0.019131  0.987845  2.000000  
120.402876 0.002835  0.092665  -0.008439  0.981558  0.189757  0.023173  -0.189840  0.981814  0.001448  -0.022476  -0.005821  0.999730  0.002285  -0.004946  -0.000314  -0.019046  -0.019471  1.037688  2.000000  
120.403879 0.002838  0.092657  -0.008440  0.981362  0.190767  0.023174  -0.190851  0.981618  0.001425  -0.022476  -0.005821  0.999730  0.002334  -0.005455  -0.000464  -0.019742  -0.024163  1.072086  2.000000  
120.404884 0.002839  0.092648  -0.008441  0.981201  0.191577  0.023283  -0.191658  0.981461  0.001261  -0.022610  -0.005699  0.999728  0.002383  -0.005933  -0.000540  -0.024507  -0.028753  1.099767  2.000000  
120.406134 0.002841  0.092637  -0.008442  0.981043  0.192388  0.023261  -0.192466  0.981303  0.001123  -0.022610  -0.005578  0.999729  0.002420  -0.006434  -0.000526  -0.028731  -0.024071  1.104565  2.000000  
120.407134 0.002843  0.092628  -0.008444  0.980881  0.193199  0.023370  -0.193273  0.981145  0.000959  -0.022744  -0.005457  0.999726  0.002431  -0.006823  -0.000593  -0.033038  -0.024163  1.106764  2.000000  
120.408383 0.002844  0.092616  -0.008445  0.980722  0.194012  0.023323  -0.194081  0.980985  0.000701  -0.022744  -0.005214  0.999728  0.002370  -0.007318  -0.000745  -0.045135  -0.019480  1.104805  2.000000  
120.409384 0.002844  0.092606  -0.008446  0.980602  0.194621  0.023300  -0.194687  0.980865  0.000568  -0.022744  -0.005093  0.999728  0.002252  -0.007663  -0.000857  -0.049313  -0.010489  1.104550  2.000000  
120.410631 0.002844  0.092594  -0.008447  0.980438  0.195431  0.023408  -0.195493  0.980705  0.000404  -0.022878  -0.004972  0.999726  0.002074  -0.008039  -0.000910  -0.053878  -0.015006  1.113788  2.000000  
120.411631 0.002844  0.092585  -0.008448  0.980358  0.195837  0.023385  -0.195897  0.980624  0.000275  -0.022878  -0.004851  0.999727  0.001841  -0.008317  -0.001002  -0.057565  -0.019361  1.099889  2.000000  
120.412632 0.002844  0.092576  -0.008450  0.980277  0.196247  0.023337  -0.196301  0.980544  0.000028  -0.022878  -0.004608  0.999728  0.001580  -0.008547  -0.001079  -0.064944  -0.028076  1.072126  2.000000  
120.413889 0.002842  0.092564  -0.008452  0.980155  0.196855  0.023313  -0.196906  0.980422  -0.000106  -0.022878  -0.004487  0.999728  0.001240  -0.008845  -0.001117  -0.072394  -0.032424  1.044296  2.000000  
120.415131 0.002840  0.092552  -0.008453  0.980074  0.197264  0.023265  -0.197310  0.980341  -0.000353  -0.022878  -0.004244  0.999729  0.000906  -0.009002  -0.001085  -0.079730  -0.027607  1.003445  2.000000  
120.416131 0.002838  0.092543  -0.008453  0.979993  0.197674  0.023217  -0.197713  0.980260  -0.000601  -0.022878  -0.004002  0.999730  0.000551  -0.009126  -0.001028  -0.091398  -0.022906  0.975681  2.000000  
120.417381 0.002835  0.092531  -0.008455  0.979952  0.197881  0.023169  -0.197915  0.980219  -0.000843  -0.022878  -0.003759  0.999731  0.000120  -0.009281  -0.001071  -0.098475  -0.018043  0.926826  2.000000  
120.418391 0.002832  0.092520  -0.008457  0.979868  0.198290  0.023252  -0.198318  0.980137  -0.001117  -0.023011  -0.003517  0.999729  -0.000358  -0.009420  -0.001145  -0.105891  -0.022258  0.892115  2.000000  
120.419629 0.002826  0.092506  -0.008461  0.979827  0.198497  0.023203  -0.198520  0.980096  -0.001360  -0.023011  -0.003274  0.999730  -0.000931  -0.009637  -0.001376  -0.112250  -0.017321  0.843828  2.000000  
120.420629 0.002820  0.092495  -0.008464  0.979786  0.198702  0.023179  -0.198721  0.980055  -0.001483  -0.023011  -0.003153  0.999730  -0.001351  -0.009785  -0.001510  -0.115301  -0.021540  0.802650  2.000000  
120.421632 0.002815  0.092484  -0.008467  0.979745  0.198909  0.023130  -0.198923  0.980014  -0.001726  -0.023011  -0.002910  0.999731  -0.001877  -0.009874  -0.001620  -0.123255  -0.025899  0.760841  2.000000  
120.422882 0.002808  0.092472  -0.008471  0.979704  0.199117  0.023082  -0.199125  0.979972  -0.001968  -0.023011  -0.002668  0.999732  -0.002437  -0.009952  -0.001771  -0.130317  -0.025597  0.712457  2.000000  
120.423882 0.002802  0.092462  -0.008474  0.979663  0.199321  0.023057  -0.199326  0.979931  -0.002092  -0.023011  -0.002547  0.999732  -0.002849  -0.009927  -0.001911  -0.133604  -0.025404  0.677839  2.000000  
120.425130 0.002794  0.092450  -0.008478  0.979663  0.199327  0.023009  -0.199326  0.979930  -0.002330  -0.023011  -0.002304  0.999733  -0.003378  -0.009916  -0.002140  -0.140473  -0.020577  0.615975  2.000000  
120.426131 0.002787  0.092441  -0.008482  0.979619  0.199534  0.023091  -0.199527  0.979889  -0.002599  -0.023145  -0.002061  0.999730  -0.003766  -0.009921  -0.002288  -0.146741  -0.024671  0.583101  2.000000  
120.427383 0.002779  0.092430  -0.008486  0.979578  0.199741  0.023042  -0.199729  0.979847  -0.002841  -0.023145  -0.001819  0.999730  -0.004318  -0.009880  -0.002453  -0.153757  -0.019949  0.535056  2.000000  
120.428630 0.002769  0.092419  -0.008490  0.979537  0.199948  0.022993  -0.199931  0.979805  -0.003084  -0.023145  -0.001576  0.999731  -0.004946  -0.009840  -0.002639  -0.161927  -0.019839  0.484176  2.000000  
120.429881 0.002760  0.092409  -0.008494  0.979537  0.199954  0.022944  -0.199931  0.979804  -0.003321  -0.023145  -0.001334  0.999731  -0.005389  -0.009696  -0.002731  -0.165044  -0.019598  0.442646  2.000000  
120.431131 0.002751  0.092400  -0.008497  0.979495  0.200161  0.022895  -0.200132  0.979762  -0.003564  -0.023145  -0.001091  0.999732  -0.005849  -0.009515  -0.002935  -0.172245  -0.023899  0.401183  2.000000  
120.432378 0.002741  0.092391  -0.008501  0.979495  0.200167  0.022847  -0.200132  0.979761  -0.003801  -0.023145  -0.000849  0.999732  -0.006263  -0.009279  -0.003067  -0.178185  -0.023544  0.363686  2.000000  
120.433381 0.002734  0.092384  -0.008504  0.979495  0.200172  0.022798  -0.200132  0.979761  -0.004039  -0.023145  -0.000606  0.999732  -0.006537  -0.009083  -0.003130  -0.181374  -0.023358  0.329239  2.000000  
120.434627 0.002723  0.092375  -0.008509  0.979451  0.200379  0.022880  -0.200333  0.979718  -0.004308  -0.023279  -0.000364  0.999729  -0.006818  -0.008759  -0.003174  -0.186269  -0.023395  0.297487  2.000000  
120.435880 0.002713  0.092366  -0.008514  0.979410  0.200587  0.022830  -0.200535  0.979676  -0.004551  -0.023279  -0.000121  0.999729  -0.007027  -0.008443  -0.003292  -0.188419  -0.023104  0.281248  2.000000  
120.437131 0.002705  0.092357  -0.008518  0.979410  0.200589  0.022806  -0.200535  0.979675  -0.004669  -0.023279  0.000000  0.999729  -0.007176  -0.008122  -0.003321  -0.187648  -0.018516  0.246955  2.000000  
120.438132 0.002698  0.092352  -0.008522  0.979366  0.200797  0.022887  -0.200736  0.979633  -0.004939  -0.023413  0.000243  0.999726  -0.007256  -0.007821  -0.003366  -0.191377  -0.022894  0.233207  2.000000  
120.439133 0.002692  0.092347  -0.008525  0.979366  0.200799  0.022863  -0.200736  0.979632  -0.005058  -0.023413  0.000364  0.999726  -0.007234  -0.007557  -0.003361  -0.188273  -0.022979  0.207501  2.000000  
120.440133 0.002686  0.092341  -0.008528  0.979366  0.200802  0.022838  -0.200736  0.979632  -0.005176  -0.023413  0.000485  0.999726  -0.007208  -0.007245  -0.003324  -0.187785  -0.018407  0.186737  2.000000  
120.441134 0.002681  0.092337  -0.008531  0.979366  0.200805  0.022814  -0.200736  0.979631  -0.005295  -0.023413  0.000606  0.999726  -0.007117  -0.006927  -0.003302  -0.187306  -0.018341  0.165987  2.000000  
120.442393 0.002675  0.092331  -0.008537  0.979324  0.201009  0.022789  -0.200938  0.979589  -0.005419  -0.023413  0.000728  0.999726  -0.006919  -0.006557  -0.003339  -0.183012  -0.018292  0.159024  2.000000  
120.443630 0.002669  0.092325  -0.008542  0.979321  0.201015  0.022871  -0.200937  0.979588  -0.005683  -0.023546  0.000970  0.999722  -0.006718  -0.006252  -0.003421  -0.186743  -0.022737  0.138365  2.000000  
120.444630 0.002664  0.092322  -0.008545  0.979321  0.201015  0.022871  -0.200937  0.979588  -0.005683  -0.023546  0.000970  0.999722  -0.006481  -0.005943  -0.003493  -0.178378  -0.022703  0.131413  2.000000  
120.445633 0.002660  0.092318  -0.008548  0.979321  0.201018  0.022846  -0.200937  0.979587  -0.005802  -0.023546  0.001091  0.999722  -0.006295  -0.005719  -0.003473  -0.173934  -0.022653  0.117550  2.000000  
120.446876 0.002655  0.092314  -0.008552  0.979277  0.201222  0.022952  -0.201138  0.979545  -0.005952  -0.023680  0.001213  0.999719  -0.005995  -0.005392  -0.003475  -0.172383  -0.026908  0.109739  2.000000  
120.447877 0.002653  0.092312  -0.008554  0.979277  0.201225  0.022927  -0.201138  0.979544  -0.006071  -0.023680  0.001334  0.999719  -0.005638  -0.005048  -0.003427  -0.169621  -0.027110  0.103765  2.000000  
120.448877 0.002649  0.092309  -0.008556  0.979277  0.201228  0.022903  -0.201138  0.979543  -0.006190  -0.023680  0.001455  0.999719  -0.005336  -0.004725  -0.003331  -0.168041  -0.022402  0.096039  2.000000  
120.449878 0.002646  0.092307  -0.008557  0.979274  0.201231  0.023010  -0.201137  0.979543  -0.006336  -0.023814  0.001576  0.999715  -0.004948  -0.004315  -0.003139  0.000000  0.000000  0.000000  2.000000  
120.451128 0.002643  0.092305  -0.008559  0.979274  0.201234  0.022985  -0.201137  0.979542  -0.006455  -0.023814  0.001698  0.999715  -0.004501  -0.003852  -0.002911  0.000000  0.000000  0.000000  2.000000  
120.452133 0.002642  0.092304  -0.008559  0.979270  0.201234  0.023116  -0.201137  0.979542  -0.006482  -0.023948  0.001698  0.999712  -0.004149  -0.003487  -0.002695  0.000000  0.000000  0.000000  2.000000  
120.453381 0.002640  0.092304  -0.008560  0.979270  0.201237  0.023092  -0.201137  0.979541  -0.006600  -0.023948  0.001819  0.999712  -0.003765  -0.003098  -0.002459  0.000000  0.000000  0.000000  2.000000  
120.454384 0.002640  0.092304  -0.008560  0.979267  0.201237  0.023223  -0.201136  0.979541  -0.006627  -0.024081  0.001819  0.999708  -0.003396  -0.002747  -0.002317  0.000000  0.000000  0.000000  2.000000  
120.455396 0.002639  0.092304  -0.008560  0.979267  0.201240  0.023198  -0.201136  0.979540  -0.006746  -0.024081  0.001940  0.999708  -0.003053  -0.002390  -0.002021  0.000000  0.000000  0.000000  2.000000  
120.456631 0.002638  0.092304  -0.008559  0.979264  0.201240  0.023330  -0.201135  0.979540  -0.006773  -0.024215  0.001940  0.999705  -0.002685  -0.001989  -0.001711  0.000000  0.000000  0.000000  2.000000  
120.457881 0.002638  0.092305  -0.008559  0.979264  0.201240  0.023330  -0.201135  0.979540  -0.006773  -0.024215  0.001940  0.999705  -0.002255  -0.001541  -0.001316  0.000000  0.000000  0.000000  2.000000  
120.459132 0.002638  0.092305  -0.008558  0.979264  0.201240  0.023330  -0.201135  0.979540  -0.006773  -0.024215  0.001940  0.999705  -0.001903  -0.001245  -0.001007  0.000000  0.000000  0.000000  2.000000  
120.460383 0.002637  0.092304  -0.008558  0.979261  0.201240  0.023461  -0.201135  0.979540  -0.006800  -0.024349  0.001940  0.999702  -0.001568  -0.000928  -0.000710  0.000000  0.000000  0.000000  2.000000  
120.461384 0.002637  0.092305  -0.008558  0.979219  0.201442  0.023459  -0.201336  0.979499  -0.006805  -0.024349  0.001940  0.999702  -0.001304  -0.000695  -0.000449  0.000000  0.000000  0.000000  2.000000  
120.462386 0.002637  0.092305  -0.008557  0.979216  0.201439  0.023615  -0.201336  0.979499  -0.006713  -0.024483  0.001819  0.999699  -0.001114  -0.000503  -0.000244  0.000000  0.000000  0.000000  2.000000  
120.463630 0.002636  0.092305  -0.008556  0.979213  0.201440  0.023746  -0.201335  0.979499  -0.006740  -0.024616  0.001819  0.999695  -0.000887  -0.000308  -0.000010  0.000000  0.000000  0.000000  2.000000  
120.464878 0.002636  0.092305  -0.008555  0.979213  0.201440  0.023746  -0.201335  0.979499  -0.006740  -0.024616  0.001819  0.999695  -0.000696  -0.000167  0.000148  0.000000  0.000000  0.000000  2.000000  
120.465879 0.002635  0.092305  -0.008554  0.979213  0.201437  0.023770  -0.201335  0.979500  -0.006621  -0.024616  0.001698  0.999696  -0.000537  -0.000008  0.000301  0.000000  0.000000  0.000000  2.000000  
120.466880 0.002636  0.092306  -0.008553  0.979210  0.201437  0.023901  -0.201334  0.979500  -0.006648  -0.024750  0.001698  0.999692  -0.000407  0.000075  0.000389  0.000000  0.000000  0.000000  2.000000  
120.468132 0.002635  0.092306  -0.008553  0.979210  0.201437  0.023901  -0.201334  0.979500  -0.006648  -0.024750  0.001698  0.999692  -0.000327  0.000158  0.000481  0.000000  0.000000  0.000000  2.000000  
120.469385 0.002635  0.092306  -0.008552  0.979210  0.201434  0.023925  -0.201334  0.979501  -0.006529  -0.024750  0.001576  0.999692  -0.000301  0.000164  0.000544  0.000000  0.000000  0.000000  2.000000  
120.470626 0.002634  0.092306  -0.008551  0.979210  0.201431  0.023950  -0.201334  0.979502  -0.006410  -0.024750  0.001455  0.999693  -0.000309  0.000165  0.000570  0.000000  0.000000  0.000000  2.000000  
120.471632 0.002633  0.092306  -0.008550  0.979210  0.201431  0.023950  -0.201334  0.979502  -0.006410  -0.024750  0.001455  0.999693  -0.000349  0.000121  0.000604  0.000000  0.000000  0.000000  2.000000  
120.472883 0.002632  0.092306  -0.008549  0.979210  0.201428  0.023974  -0.201334  0.979502  -0.006292  -0.024750  0.001334  0.999693  -0.000404  0.000100  0.000653  0.000000  0.000000  0.000000  2.000000  
120.474134 0.002630  0.092305  -0.008549  0.979210  0.201428  0.023974  -0.201334  0.979502  -0.006292  -0.024750  0.001334  0.999693  -0.000521  0.000027  0.000664  0.000000  0.000000  0.000000  2.000000  
120.475394 0.002628  0.092304  -0.008548  0.979210  0.201425  0.023999  -0.201334  0.979503  -0.006173  -0.024750  0.001213  0.999693  -0.000607  -0.000020  0.000694  0.000000  0.000000  0.000000  2.000000  
120.476631 0.002625  0.092302  -0.008548  0.979210  0.201425  0.023999  -0.201334  0.979503  -0.006173  -0.024750  0.001213  0.999693  -0.000772  -0.000149  0.000631  0.000000  0.000000  0.000000  2.000000  
120.477881 0.002622  0.092300  -0.008549  0.979210  0.201422  0.024023  -0.201334  0.979504  -0.006054  -0.024750  0.001091  0.999693  -0.000999  -0.000332  0.000530  0.000000  0.000000  0.000000  2.000000  
120.478882 0.002619  0.092298  -0.008551  0.979251  0.201221  0.024024  -0.201133  0.979545  -0.006049  -0.024750  0.001091  0.999693  -0.001178  -0.000471  0.000370  0.000000  0.000000  0.000000  2.000000  
120.479882 0.002616  0.092295  -0.008552  0.979251  0.201218  0.024049  -0.201133  0.979546  -0.005930  -0.024750  0.000970  0.999693  -0.001341  -0.000655  0.000228  0.000000  0.000000  0.000000  2.000000  
120.481130 0.002612  0.092293  -0.008554  0.979254  0.201215  0.023942  -0.201133  0.979547  -0.005784  -0.024616  0.000849  0.999697  -0.001587  -0.000879  -0.000060  0.000000  0.000000  0.000000  2.000000  
120.482380 0.002609  0.092290  -0.008556  0.979254  0.201215  0.023942  -0.201133  0.979547  -0.005784  -0.024616  0.000849  0.999697  -0.001801  -0.001073  -0.000211  0.000000  0.000000  0.000000  2.000000  
120.483382 0.002605  0.092287  -0.008558  0.979296  0.201010  0.023968  -0.200932  0.979589  -0.005661  -0.024616  0.000728  0.999697  -0.002021  -0.001282  -0.000420  0.000000  0.000000  0.000000  2.000000  
120.484382 0.002602  0.092284  -0.008561  0.979296  0.201007  0.023992  -0.200932  0.979590  -0.005542  -0.024616  0.000606  0.999697  -0.002216  -0.001472  -0.000599  0.000000  0.000000  0.000000  2.000000  
120.485394 0.002598  0.092281  -0.008563  0.979296  0.201007  0.023992  -0.200932  0.979590  -0.005542  -0.024616  0.000606  0.999697  -0.002432  -0.001709  -0.000804  0.000000  0.000000  0.000000  2.000000  
120.486630 0.002593  0.092277  -0.008565  0.979296  0.201004  0.024017  -0.200932  0.979590  -0.005423  -0.024616  0.000485  0.999697  -0.002675  -0.001968  -0.001007  0.000000  0.000000  0.000000  2.000000  
120.487883 0.002587  0.092272  -0.008569  0.979340  0.200803  0.023887  -0.200731  0.979632  -0.005391  -0.024483  0.000485  0.999700  -0.002969  -0.002301  -0.001347  0.000000  0.000000  0.000000  2.000000  
120.488891 0.002583  0.092269  -0.008571  0.979340  0.200803  0.023887  -0.200731  0.979632  -0.005391  -0.024483  0.000485  0.999700  -0.003169  -0.002487  -0.001516  0.000000  0.000000  0.000000  2.000000  
120.490135 0.002578  0.092264  -0.008574  0.979340  0.200800  0.023911  -0.200731  0.979632  -0.005272  -0.024483  0.000364  0.999700  -0.003423  -0.002734  -0.001761  0.000000  0.000000  0.000000  2.000000  
120.491384 0.002572  0.092259  -0.008577  0.979382  0.200598  0.023912  -0.200529  0.979674  -0.005267  -0.024483  0.000364  0.999700  -0.003585  -0.002920  -0.001908  0.000000  0.000000  0.000000  2.000000  
120.492631 0.002566  0.092254  -0.008580  0.979382  0.200598  0.023912  -0.200529  0.979674  -0.005267  -0.024483  0.000364  0.999700  -0.003745  -0.003101  -0.002047  0.000000  0.000000  0.000000  2.000000  
120.493631 0.002562  0.092249  -0.008583  0.979382  0.200595  0.023936  -0.200529  0.979674  -0.005149  -0.024483  0.000243  0.999700  -0.003873  -0.003282  -0.002155  0.000000  0.000000  0.000000  2.000000  
120.494879 0.002556  0.092244  -0.008586  0.979426  0.200394  0.023806  -0.200328  0.979715  -0.005117  -0.024349  0.000243  0.999703  -0.004007  -0.003412  -0.002287  0.000000  0.000000  0.000000  2.000000  
120.495881 0.002551  0.092240  -0.008588  0.979426  0.200394  0.023806  -0.200328  0.979715  -0.005117  -0.024349  0.000243  0.999703  -0.004132  -0.003565  -0.002311  0.000000  0.000000  0.000000  2.000000  
120.497130 0.002546  0.092235  -0.008592  0.979426  0.200394  0.023806  -0.200328  0.979715  -0.005117  -0.024349  0.000243  0.999703  -0.004242  -0.003673  -0.002423  0.000000  0.000000  0.000000  2.000000  
120.498131 0.002542  0.092232  -0.008594  0.979426  0.200394  0.023806  -0.200328  0.979715  -0.005117  -0.024349  0.000243  0.999703  -0.004288  -0.003772  -0.002443  0.000000  0.000000  0.000000  2.000000  
120.499382 0.002537  0.092227  -0.008597  0.979467  0.200192  0.023808  -0.200127  0.979757  -0.005112  -0.024349  0.000243  0.999703  -0.004306  -0.003786  -0.002459  0.000000  0.000000  0.000000  2.000000  
120.500628 0.002532  0.092222  -0.008601  0.979464  0.200192  0.023939  -0.200126  0.979757  -0.005139  -0.024483  0.000243  0.999700  -0.004372  -0.003873  -0.002491  0.000000  0.000000  0.000000  2.000000  
120.501629 0.002528  0.092219  -0.008604  0.979464  0.200189  0.023963  -0.200126  0.979757  -0.005020  -0.024483  0.000121  0.999700  -0.004335  -0.003866  -0.002555  0.000000  0.000000  0.000000  2.000000  
120.502631 0.002524  0.092215  -0.008607  0.979464  0.200189  0.023963  -0.200126  0.979757  -0.005020  -0.024483  0.000121  0.999700  -0.004296  -0.003878  -0.002565  0.000000  0.000000  0.000000  2.000000  
120.503883 0.002519  0.092210  -0.008611  0.979464  0.200189  0.023963  -0.200126  0.979757  -0.005020  -0.024483  0.000121  0.999700  -0.004285  -0.003921  -0.002639  0.000000  0.000000  0.000000  2.000000  
120.504899 0.002515  0.092206  -0.008613  0.979464  0.200189  0.023963  -0.200126  0.979757  -0.005020  -0.024483  0.000121  0.999700  -0.004239  -0.003928  -0.002646  0.000000  0.000000  0.000000  2.000000  
120.506131 0.002511  0.092202  -0.008616  0.979464  0.200192  0.023939  -0.200126  0.979757  -0.005139  -0.024483  0.000243  0.999700  -0.004158  -0.003885  -0.002679  0.000000  0.000000  0.000000  2.000000  
120.507134 0.002507  0.092198  -0.008618  0.979423  0.200394  0.023938  -0.200328  0.979715  -0.005144  -0.024483  0.000243  0.999700  -0.004096  -0.003831  -0.002640  0.000000  0.000000  0.000000  2.000000  
120.508386 0.002503  0.092195  -0.008621  0.979420  0.200394  0.024069  -0.200327  0.979715  -0.005171  -0.024616  0.000243  0.999697  -0.003968  -0.003704  -0.002605  0.000000  0.000000  0.000000  2.000000  
120.509633 0.002500  0.092191  -0.008624  0.979420  0.200394  0.024069  -0.200327  0.979715  -0.005171  -0.024616  0.000243  0.999697  -0.003795  -0.003598  -0.002533  0.000000  0.000000  0.000000  2.000000  
120.510882 0.002497  0.092188  -0.008625  0.979379  0.200595  0.024067  -0.200529  0.979674  -0.005175  -0.024616  0.000243  0.999697  -0.003630  -0.003469  -0.002471  0.000000  0.000000  0.000000  2.000000  
120.512132 0.002494  0.092185  -0.008627  0.979379  0.200595  0.024067  -0.200529  0.979674  -0.005175  -0.024616  0.000243  0.999697  -0.003486  -0.003315  -0.002384  0.000000  0.000000  0.000000  2.000000  
120.513383 0.002491  0.092183  -0.008630  0.979337  0.200797  0.024066  -0.200730  0.979633  -0.005180  -0.024616  0.000243  0.999697  -0.003358  -0.003212  -0.002341  0.000000  0.000000  0.000000  2.000000  
120.514626 0.002488  0.092181  -0.008632  0.979296  0.200999  0.024065  -0.200932  0.979591  -0.005185  -0.024616  0.000243  0.999697  -0.003201  -0.003060  -0.002288  0.000000  0.000000  0.000000  2.000000  
120.515630 0.002486  0.092179  -0.008634  0.979296  0.200999  0.024065  -0.200932  0.979591  -0.005185  -0.024616  0.000243  0.999697  -0.003035  -0.002907  -0.002234  0.000000  0.000000  0.000000  2.000000  
120.516631 0.002484  0.092177  -0.008636  0.979254  0.201200  0.024064  -0.201133  0.979550  -0.005190  -0.024616  0.000243  0.999697  -0.002892  -0.002753  -0.002148  0.000000  0.000000  0.000000  2.000000  
120.517880 0.002482  0.092175  -0.008639  0.979251  0.201200  0.024195  -0.201133  0.979550  -0.005217  -0.024750  0.000243  0.999694  -0.002693  -0.002562  -0.002063  0.000000  0.000000  0.000000  2.000000  
120.518904 0.002481  0.092174  -0.008640  0.979210  0.201405  0.024170  -0.201334  0.979508  -0.005341  -0.024750  0.000364  0.999694  -0.002523  -0.002389  -0.001965  0.000000  0.000000  0.000000  2.000000  
120.520129 0.002479  0.092172  -0.008642  0.979168  0.201607  0.024169  -0.201536  0.979467  -0.005346  -0.024750  0.000364  0.999694  -0.002360  -0.002229  -0.001902  0.000000  0.000000  0.000000  2.000000  
120.521387 0.002477  0.092170  -0.008644  0.979127  0.201805  0.024192  -0.201738  0.979426  -0.005232  -0.024750  0.000243  0.999694  -0.002150  -0.002035  -0.001822  0.000000  0.000000  0.000000  2.000000  
120.522398 0.002476  0.092169  -0.008646  0.979127  0.201805  0.024192  -0.201738  0.979426  -0.005232  -0.024750  0.000243  0.999694  -0.002021  -0.001908  -0.001787  0.000000  0.000000  0.000000  2.000000  
120.523637 0.002475  0.092168  -0.008647  0.979085  0.202007  0.024191  -0.201939  0.979384  -0.005237  -0.024750  0.000243  0.999694  -0.001835  -0.001731  -0.001716  0.000000  0.000000  0.000000  2.000000  
120.524885 0.002474  0.092166  -0.008649  0.979044  0.202209  0.024190  -0.202141  0.979342  -0.005242  -0.024750  0.000243  0.999694  -0.001670  -0.001602  -0.001654  0.000000  0.000000  0.000000  2.000000  
120.526131 0.002473  0.092165  -0.008650  0.979002  0.202410  0.024189  -0.202342  0.979301  -0.005247  -0.024750  0.000243  0.999694  -0.001500  -0.001454  -0.001636  0.000000  0.000000  0.000000  2.000000  
120.527131 0.002473  0.092165  -0.008652  0.978999  0.202410  0.024320  -0.202342  0.979301  -0.005274  -0.024884  0.000243  0.999690  -0.001403  -0.001380  -0.001605  0.000000  0.000000  0.000000  2.000000  
120.528386 0.002472  0.092163  -0.008653  0.978957  0.202612  0.024319  -0.202543  0.979259  -0.005279  -0.024884  0.000243  0.999690  -0.001261  -0.001274  -0.001569  0.000000  0.000000  0.000000  2.000000  
120.529631 0.002471  0.092163  -0.008654  0.978915  0.202813  0.024318  -0.202745  0.979217  -0.005284  -0.024884  0.000243  0.999690  -0.001131  -0.001192  -0.001482  0.000000  0.000000  0.000000  2.000000  
120.530884 0.002470  0.092162  -0.008656  0.978874  0.203015  0.024317  -0.202946  0.979176  -0.005289  -0.024884  0.000243  0.999690  -0.001021  -0.001083  -0.001370  0.000000  0.000000  0.000000  2.000000  
120.531887 0.002469  0.092161  -0.008656  0.978874  0.203015  0.024317  -0.202946  0.979176  -0.005289  -0.024884  0.000243  0.999690  -0.000964  -0.001050  -0.001288  0.000000  0.000000  0.000000  2.000000  
120.532888 0.002469  0.092160  -0.008657  0.978832  0.203217  0.024315  -0.203148  0.979134  -0.005294  -0.024884  0.000243  0.999690  -0.000903  -0.000997  -0.001249  0.000000  0.000000  0.000000  2.000000  
120.534129 0.002468  0.092159  -0.008658  0.978832  0.203217  0.024315  -0.203148  0.979134  -0.005294  -0.024884  0.000243  0.999690  -0.000841  -0.000927  -0.001157  0.000000  0.000000  0.000000  2.000000  
120.535130 0.002467  0.092158  -0.008659  0.978790  0.203418  0.024314  -0.203349  0.979092  -0.005299  -0.024884  0.000243  0.999690  -0.000755  -0.000886  -0.001109  0.000000  0.000000  0.000000  2.000000  
120.536377 0.002466  0.092157  -0.008661  0.978790  0.203418  0.024314  -0.203349  0.979092  -0.005299  -0.024884  0.000243  0.999690  -0.000743  -0.000871  -0.001090  0.000000  0.000000  0.000000  2.000000  
120.537381 0.002465  0.092156  -0.008662  0.978790  0.203418  0.024314  -0.203349  0.979092  -0.005299  -0.024884  0.000243  0.999690  -0.000713  -0.000846  -0.001072  0.000000  0.000000  0.000000  2.000000  
120.538397 0.002465  0.092155  -0.008663  0.978748  0.203617  0.024338  -0.203551  0.979051  -0.005185  -0.024884  0.000121  0.999690  -0.000693  -0.000832  -0.001069  0.000000  0.000000  0.000000  2.000000  
120.539631 0.002464  0.092154  -0.008664  0.978748  0.203617  0.024338  -0.203551  0.979051  -0.005185  -0.024884  0.000121  0.999690  -0.000656  -0.000812  -0.000989  0.000000  0.000000  0.000000  2.000000  
120.540631 0.002463  0.092153  -0.008665  0.978748  0.203617  0.024338  -0.203551  0.979051  -0.005185  -0.024884  0.000121  0.999690  -0.000687  -0.000838  -0.001009  0.000000  0.000000  0.000000  2.000000  
120.541631 0.002462  0.092152  -0.008666  0.978745  0.203617  0.024469  -0.203550  0.979051  -0.005213  -0.025018  0.000121  0.999687  -0.000709  -0.000887  -0.001018  0.000000  0.000000  0.000000  2.000000  
120.542883 0.002462  0.092151  -0.008667  0.978745  0.203617  0.024469  -0.203550  0.979051  -0.005213  -0.025018  0.000121  0.999687  -0.000695  -0.000895  -0.000972  0.000000  0.000000  0.000000  2.000000  
120.544131 0.002460  0.092148  -0.008668  0.978745  0.203617  0.024469  -0.203550  0.979051  -0.005213  -0.025018  0.000121  0.999687  -0.000728  -0.000977  -0.000975  0.000000  0.000000  0.000000  2.000000  
120.545393 0.002459  0.092147  -0.008670  0.978745  0.203617  0.024469  -0.203550  0.979051  -0.005213  -0.025018  0.000121  0.999687  -0.000732  -0.001015  -0.000982  0.000000  0.000000  0.000000  2.000000  
120.546633 0.002458  0.092145  -0.008670  0.978787  0.203415  0.024470  -0.203349  0.979093  -0.005208  -0.025018  0.000121  0.999687  -0.000768  -0.001063  -0.000958  0.000000  0.000000  0.000000  2.000000  
120.547883 0.002457  0.092144  -0.008671  0.978787  0.203415  0.024470  -0.203349  0.979093  -0.005208  -0.025018  0.000121  0.999687  -0.000778  -0.001094  -0.000952  0.000000  0.000000  0.000000  2.000000  
120.548885 0.002456  0.092142  -0.008672  0.978787  0.203415  0.024470  -0.203349  0.979093  -0.005208  -0.025018  0.000121  0.999687  -0.000813  -0.001160  -0.000977  0.000000  0.000000  0.000000  2.000000  
120.550130 0.002455  0.092141  -0.008673  0.978829  0.203214  0.024471  -0.203147  0.979134  -0.005203  -0.025018  0.000121  0.999687  -0.000842  -0.001165  -0.000947  0.000000  0.000000  0.000000  2.000000  
120.551131 0.002453  0.092139  -0.008674  0.978829  0.203217  0.024446  -0.203147  0.979134  -0.005321  -0.025018  0.000243  0.999687  -0.000861  -0.001204  -0.000918  0.000000  0.000000  0.000000  2.000000  
120.552237 0.002453  0.092138  -0.008675  0.978829  0.203217  0.024446  -0.203147  0.979134  -0.005321  -0.025018  0.000243  0.999687  -0.000859  -0.001215  -0.000869  0.000000  0.000000  0.000000  2.000000  
120.553377 0.002451  0.092136  -0.008676  0.978874  0.203015  0.024317  -0.202946  0.979176  -0.005289  -0.024884  0.000243  0.999690  -0.000917  -0.001277  -0.000856  0.000000  0.000000  0.000000  2.000000  
120.554392 0.002450  0.092135  -0.008676  0.978874  0.203015  0.024317  -0.202946  0.979176  -0.005289  -0.024884  0.000243  0.999690  -0.000951  -0.001270  -0.000844  0.000000  0.000000  0.000000  2.000000  
120.555394 0.002449  0.092134  -0.008677  0.978915  0.202813  0.024318  -0.202745  0.979217  -0.005284  -0.024884  0.000243  0.999690  -0.000924  -0.001263  -0.000780  0.000000  0.000000  0.000000  2.000000  
120.556631 0.002448  0.092133  -0.008677  0.978915  0.202813  0.024318  -0.202745  0.979217  -0.005284  -0.024884  0.000243  0.999690  -0.000952  -0.001266  -0.000753  0.000000  0.000000  0.000000  2.000000  
120.557631 0.002447  0.092132  -0.008678  0.978957  0.202612  0.024319  -0.202543  0.979259  -0.005279  -0.024884  0.000243  0.999690  -0.000981  -0.001285  -0.000732  0.000000  0.000000  0.000000  2.000000  
120.558631 0.002446  0.092130  -0.008678  0.978957  0.202612  0.024319  -0.202543  0.979259  -0.005279  -0.024884  0.000243  0.999690  -0.001007  -0.001286  -0.000705  0.000000  0.000000  0.000000  2.000000  
120.559880 0.002445  0.092129  -0.008679  0.978957  0.202612  0.024319  -0.202543  0.979259  -0.005279  -0.024884  0.000243  0.999690  -0.000947  -0.001234  -0.000666  0.000000  0.000000  0.000000  2.000000  
120.560884 0.002444  0.092128  -0.008679  0.978999  0.202410  0.024320  -0.202342  0.979301  -0.005274  -0.024884  0.000243  0.999690  -0.000952  -0.001203  -0.000633  0.000000  0.000000  0.000000  2.000000  
120.562132 0.002444  0.092127  -0.008680  0.978999  0.202410  0.024320  -0.202342  0.979301  -0.005274  -0.024884  0.000243  0.999690  -0.000921  -0.001176  -0.000614  0.000000  0.000000  0.000000  2.000000  
120.563383 0.002443  0.092125  -0.008680  0.979040  0.202209  0.024321  -0.202140  0.979342  -0.005269  -0.024884  0.000243  0.999690  -0.000895  -0.001170  -0.000550  0.000000  0.000000  0.000000  2.000000  
120.564629 0.002443  0.092125  -0.008680  0.979040  0.202209  0.024321  -0.202140  0.979342  -0.005269  -0.024884  0.000243  0.999690  -0.000821  -0.001099  -0.000503  0.000000  0.000000  0.000000  2.000000  
120.565634 0.002443  0.092124  -0.008680  0.979082  0.202007  0.024322  -0.201938  0.979384  -0.005264  -0.024884  0.000243  0.999690  -0.000747  -0.001058  -0.000410  0.000000  0.000000  0.000000  2.000000  
120.566877 0.002442  0.092123  -0.008680  0.979082  0.202007  0.024322  -0.201938  0.979384  -0.005264  -0.024884  0.000243  0.999690  -0.000687  -0.000986  -0.000331  0.000000  0.000000  0.000000  2.000000  
120.567878 0.002443  0.092123  -0.008679  0.979082  0.202007  0.024322  -0.201938  0.979384  -0.005264  -0.024884  0.000243  0.999690  -0.000612  -0.000980  -0.000275  0.000000  0.000000  0.000000  2.000000  
120.568879 0.002443  0.092122  -0.008679  0.979124  0.201805  0.024323  -0.201737  0.979426  -0.005259  -0.024884  0.000243  0.999690  -0.000533  -0.000898  -0.000183  0.000000  0.000000  0.000000  2.000000  
120.570131 0.002443  0.092122  -0.008678  0.979124  0.201805  0.024323  -0.201737  0.979426  -0.005259  -0.024884  0.000243  0.999690  -0.000413  -0.000794  -0.000107  0.000000  0.000000  0.000000  2.000000  
120.571377 0.002443  0.092122  -0.008678  0.979124  0.201805  0.024323  -0.201737  0.979426  -0.005259  -0.024884  0.000243  0.999690  -0.000345  -0.000765  -0.000060  0.000000  0.000000  0.000000  2.000000  
120.572388 0.002444  0.092122  -0.008677  0.979124  0.201805  0.024323  -0.201737  0.979426  -0.005259  -0.024884  0.000243  0.999690  -0.000228  -0.000672  0.000017  0.000000  0.000000  0.000000  2.000000  
120.573635 0.002444  0.092121  -0.008677  0.979165  0.201604  0.024324  -0.201535  0.979467  -0.005254  -0.024884  0.000243  0.999690  -0.000136  -0.000593  0.000075  0.000000  0.000000  0.000000  2.000000  
120.574880 0.002444  0.092122  -0.008676  0.979165  0.201604  0.024324  -0.201535  0.979467  -0.005254  -0.024884  0.000243  0.999690  -0.000026  -0.000485  0.000186  0.000000  0.000000  0.000000  2.000000  
120.575883 0.002445  0.092122  -0.008676  0.979165  0.201604  0.024324  -0.201535  0.979467  -0.005254  -0.024884  0.000243  0.999690  0.000065  -0.000399  0.000240  0.000000  0.000000  0.000000  2.000000  
120.577131 0.002446  0.092122  -0.008675  0.979165  0.201604  0.024324  -0.201535  0.979467  -0.005254  -0.024884  0.000243  0.999690  0.000155  -0.000321  0.000298  0.000000  0.000000  0.000000  2.000000  
120.578131 0.002447  0.092122  -0.008675  0.979165  0.201604  0.024324  -0.201535  0.979467  -0.005254  -0.024884  0.000243  0.999690  0.000272  -0.000198  0.000371  0.000000  0.000000  0.000000  2.000000  
120.579382 0.002447  0.092123  -0.008674  0.979165  0.201604  0.024324  -0.201535  0.979467  -0.005254  -0.024884  0.000243  0.999690  0.000321  -0.000142  0.000444  0.000000  0.000000  0.000000  2.000000  
120.580632 0.002448  0.092123  -0.008673  0.979165  0.201604  0.024324  -0.201535  0.979467  -0.005254  -0.024884  0.000243  0.999690  0.000360  -0.000043  0.000456  0.000000  0.000000  0.000000  2.000000  
120.581632 0.002449  0.092124  -0.008673  0.979165  0.201604  0.024324  -0.201535  0.979467  -0.005254  -0.024884  0.000243  0.999690  0.000432  0.000029  0.000458  0.000000  0.000000  0.000000  2.000000  
120.582883 0.002449  0.092124  -0.008673  0.979165  0.201604  0.024324  -0.201535  0.979467  -0.005254  -0.024884  0.000243  0.999690  0.000447  0.000101  0.000459  0.000000  0.000000  0.000000  2.000000  
120.584127 0.002450  0.092125  -0.008672  0.979165  0.201604  0.024324  -0.201535  0.979467  -0.005254  -0.024884  0.000243  0.999690  0.000477  0.000145  0.000430  0.000000  0.000000  0.000000  2.000000  
120.585129 0.002450  0.092125  -0.008672  0.979165  0.201604  0.024324  -0.201535  0.979467  -0.005254  -0.024884  0.000243  0.999690  0.000459  0.000189  0.000409  0.000000  0.000000  0.000000  2.000000  
120.586390 0.002450  0.092125  -0.008672  0.979165  0.201604  0.024324  -0.201535  0.979467  -0.005254  -0.024884  0.000243  0.999690  0.000451  0.000238  0.000397  0.000000  0.000000  0.000000  2.000000  
120.587629 0.002450  0.092126  -0.008671  0.979165  0.201604  0.024324  -0.201535  0.979467  -0.005254  -0.024884  0.000243  0.999690  0.000416  0.000282  0.000405  0.000000  0.000000  0.000000  2.000000  
120.588637 0.002450  0.092126  -0.008672  0.979124  0.201805  0.024323  -0.201737  0.979426  -0.005259  -0.024884  0.000243  0.999690  0.000368  0.000329  0.000364  0.000000  0.000000  0.000000  2.000000  
120.589882 0.002450  0.092127  -0.008672  0.979124  0.201805  0.024323  -0.201737  0.979426  -0.005259  -0.024884  0.000243  0.999690  0.000335  0.000345  0.000292  0.000000  0.000000  0.000000  2.000000  
