1-Time 2-Px 3-Py 4-Pz 5-R11 6-R21 7-R31 8-R12 9-R22 10-R32 11-R13 12-R23 13-R33 14-Vx 15-Vy 16-Vz 17-Wx 18-Wy 19-Wz 20-state 21-PR11 22-PR21 23-PR31 24-PR12 25-PR22 26-PR32 27-PR13 28-PR23 29-PR33 
174.490928 0.003760  0.094305  -0.005889  0.981220  0.185140  0.054125  -0.185169  0.982696  -0.004536  -0.054028  -0.005571  0.998524  -0.000126  -0.000144  -0.000167  0.000000  0.000000  0.000000  2.000000  
174.491934 0.003760  0.094305  -0.005889  0.981182  0.185343  0.054124  -0.185371  0.982658  -0.004547  -0.054028  -0.005571  0.998524  -0.000126  -0.000143  -0.000167  0.000000  0.000000  0.000000  2.000000  
174.492934 0.003760  0.094304  -0.005889  0.981022  0.186151  0.054252  -0.186177  0.982505  -0.004617  -0.054162  -0.005571  0.998517  -0.000148  -0.000193  -0.000177  0.000000  0.000000  0.000000  2.000000  
174.494184 0.003759  0.094302  -0.005890  0.980770  0.187362  0.054640  -0.187385  0.982275  -0.004759  -0.054563  -0.005571  0.998495  -0.000172  -0.000319  -0.000222  0.000000  0.000000  0.000000  2.000000  
174.495448 0.003760  0.094300  -0.005891  0.980587  0.188168  0.055160  -0.188187  0.982121  -0.004905  -0.055097  -0.005571  0.998465  -0.000157  -0.000439  -0.000236  0.000000  0.000000  0.000000  2.000000  
174.496683 0.003760  0.094298  -0.005891  0.980417  0.188976  0.055419  -0.188992  0.981966  -0.005001  -0.055364  -0.005571  0.998451  -0.000104  -0.000555  -0.000221  0.000000  0.000000  0.000000  2.000000  
174.497687 0.003761  0.094298  -0.005891  0.980261  0.189784  0.055415  -0.189799  0.981810  -0.005046  -0.055364  -0.005571  0.998451  -0.000045  -0.000576  -0.000216  0.000000  0.000000  0.000000  2.000000  
174.498935 0.003762  0.094298  -0.005889  0.980033  0.190991  0.055300  -0.191011  0.981575  -0.004970  -0.055231  -0.005692  0.998457  -0.000012  -0.000590  -0.000142  -0.006885  -0.041599  0.200115  2.000000  
174.500180 0.003763  0.094297  -0.005889  0.979724  0.192608  0.055161  -0.192626  0.981259  -0.005035  -0.055097  -0.005692  0.998465  0.000042  -0.000620  -0.000092  -0.009893  -0.037421  0.255457  2.000000  
174.501184 0.003764  0.094296  -0.005890  0.979478  0.193812  0.055309  -0.193835  0.981021  -0.005010  -0.055231  -0.005813  0.998457  0.000143  -0.000702  -0.000135  -0.008101  -0.042169  0.296877  2.000000  
174.502187 0.003765  0.094294  -0.005891  0.979183  0.195224  0.055564  -0.195243  0.980741  -0.005142  -0.055498  -0.005813  0.998442  0.000243  -0.000773  -0.000178  -0.011169  -0.051464  0.352000  2.000000  
174.503437 0.003768  0.094294  -0.005891  0.978757  0.197234  0.055970  -0.197254  0.980338  -0.005217  -0.055899  -0.005934  0.998419  0.000485  -0.000760  -0.000164  -0.014925  -0.064885  0.417693  2.000000  
174.504692 0.003771  0.094294  -0.005888  0.978327  0.199249  0.056352  -0.199264  0.979931  -0.005412  -0.056299  -0.005934  0.998396  0.000740  -0.000722  0.000078  -0.018939  -0.079267  0.489853  2.000000  
174.505934 0.003774  0.094293  -0.005885  0.977851  0.201459  0.056757  -0.201475  0.979478  -0.005502  -0.056700  -0.006055  0.998373  0.000951  -0.000786  0.000300  -0.019181  -0.093260  0.565922  2.000000  
174.506941 0.003775  0.094290  -0.005884  0.977511  0.203071  0.056878  -0.203083  0.979145  -0.005622  -0.056834  -0.006055  0.998365  0.001070  -0.000944  0.000330  -0.022281  -0.098056  0.621000  2.000000  
174.508185 0.003778  0.094287  -0.005884  0.977125  0.204884  0.056998  -0.204893  0.978768  -0.005755  -0.056967  -0.006055  0.998358  0.001201  -0.001058  0.000375  -0.025786  -0.102947  0.683331  2.000000  
174.509437 0.003780  0.094284  -0.005883  0.976736  0.206696  0.057118  -0.206701  0.978386  -0.005889  -0.057101  -0.006055  0.998350  0.001323  -0.001181  0.000491  -0.029285  -0.107786  0.745320  2.000000  
174.510439 0.003781  0.094280  -0.005882  0.976430  0.208112  0.057215  -0.208107  0.978087  -0.006117  -0.057235  -0.005934  0.998343  0.001416  -0.001332  0.000588  -0.035713  -0.112456  0.786590  2.000000  
174.511684 0.003784  0.094275  -0.005881  0.976028  0.209923  0.057465  -0.209913  0.977700  -0.006279  -0.057502  -0.005934  0.998328  0.001583  -0.001581  0.000657  -0.035225  -0.121788  0.848921  2.000000  
174.512933 0.003788  0.094269  -0.005882  0.975571  0.211933  0.057843  -0.211917  0.977266  -0.006483  -0.057902  -0.005934  0.998305  0.001805  -0.001884  0.000545  -0.039273  -0.135694  0.918048  2.000000  
174.514187 0.003793  0.094264  -0.005883  0.975117  0.213943  0.058091  -0.213921  0.976828  -0.006659  -0.058170  -0.005933  0.998289  0.002078  -0.002302  0.000407  -0.043270  -0.145059  0.986903  2.000000  
174.515446 0.003796  0.094256  -0.005885  0.974741  0.215556  0.058445  -0.215522  0.976474  -0.006960  -0.058570  -0.005812  0.998266  0.002264  -0.002711  0.000307  -0.050640  -0.158737  1.041670  2.000000  
174.516685 0.003799  0.094247  -0.005887  0.974406  0.216968  0.058800  -0.216921  0.976162  -0.007249  -0.058971  -0.005691  0.998243  0.002374  -0.003203  0.000228  -0.057686  -0.172509  1.090441  2.000000  
174.517932 0.003804  0.094238  -0.005890  0.974085  0.218373  0.058920  -0.218323  0.975849  -0.007363  -0.059105  -0.005691  0.998236  0.002445  -0.003746  0.000069  -0.060513  -0.177318  1.139028  2.000000  
174.519183 0.003807  0.094228  -0.005892  0.973709  0.219986  0.059141  -0.219924  0.975487  -0.007638  -0.059372  -0.005570  0.998220  0.002484  -0.004455  -0.000173  -0.067876  -0.186534  1.194151  2.000000  
174.520431 0.003809  0.094217  -0.005894  0.973428  0.221190  0.059262  -0.221125  0.975215  -0.007740  -0.059505  -0.005570  0.998212  0.002362  -0.005144  -0.000576  -0.070306  -0.191244  1.235464  2.000000  
174.521441 0.003810  0.094207  -0.005896  0.973185  0.222200  0.059487  -0.222123  0.974986  -0.007979  -0.059772  -0.005449  0.998197  0.002330  -0.005637  -0.000787  -0.076511  -0.200336  1.269866  2.000000  
174.522449 0.003810  0.094197  -0.005898  0.973040  0.222808  0.059586  -0.222722  0.974848  -0.008164  -0.059906  -0.005327  0.998190  0.002251  -0.006204  -0.000953  -0.080734  -0.200201  1.269501  2.000000  
174.523685 0.003812  0.094184  -0.005902  0.972786  0.223824  0.059913  -0.223718  0.974616  -0.008551  -0.060307  -0.005085  0.998167  0.002218  -0.006863  -0.001237  -0.088556  -0.204566  1.256262  2.000000  
174.524686 0.003811  0.094173  -0.005904  0.972532  0.224832  0.060268  -0.224714  0.974385  -0.008821  -0.060707  -0.004964  0.998143  0.002110  -0.007378  -0.001511  -0.093531  -0.204512  1.263073  2.000000  
174.525686 0.003811  0.094163  -0.005907  0.972331  0.225648  0.060466  -0.225511  0.974197  -0.009168  -0.060974  -0.004722  0.998128  0.001940  -0.007816  -0.001714  -0.102897  -0.199907  1.276745  2.000000  
174.526936 0.003809  0.094149  -0.005910  0.972121  0.226463  0.060794  -0.226306  0.974009  -0.009545  -0.061375  -0.004480  0.998105  0.001672  -0.008359  -0.001949  -0.111399  -0.208759  1.276798  2.000000  
174.528186 0.003808  0.094136  -0.005915  0.971973  0.227079  0.060863  -0.226905  0.973867  -0.009849  -0.061509  -0.004237  0.998098  0.001210  -0.008885  -0.002180  -0.118340  -0.217495  1.256054  2.000000  
174.529194 0.003807  0.094126  -0.005918  0.971863  0.227494  0.061063  -0.227301  0.973771  -0.010171  -0.061776  -0.003995  0.998082  0.000880  -0.009226  -0.002346  -0.129078  -0.226210  1.228014  2.000000  
174.530444 0.003803  0.094113  -0.005923  0.971714  0.228109  0.061132  -0.227900  0.973628  -0.010475  -0.061909  -0.003753  0.998075  0.000438  -0.009571  -0.002531  -0.135290  -0.230402  1.193535  2.000000  
174.531680 0.003799  0.094099  -0.005927  0.971565  0.228732  0.061172  -0.228498  0.973483  -0.010898  -0.062043  -0.003390  0.998068  -0.000023  -0.009848  -0.002684  -0.149290  -0.228849  1.159440  2.000000  
174.532682 0.003796  0.094089  -0.005931  0.971455  0.229147  0.061372  -0.228894  0.973387  -0.011220  -0.062310  -0.003148  0.998052  -0.000487  -0.010064  -0.002758  -0.155330  -0.228046  1.122603  2.000000  
174.533682 0.003791  0.094077  -0.005936  0.971345  0.229562  0.061572  -0.229290  0.973290  -0.011543  -0.062577  -0.002905  0.998036  -0.001025  -0.010371  -0.002983  -0.166292  -0.225599  1.078913  2.000000  
174.534930 0.003784  0.094062  -0.005943  0.971226  0.229977  0.061901  -0.229684  0.973193  -0.011897  -0.062977  -0.002663  0.998011  -0.001598  -0.010649  -0.003337  -0.170676  -0.223020  1.026927  2.000000  
174.535934 0.003777  0.094049  -0.005950  0.971162  0.230191  0.062102  -0.229880  0.973142  -0.012207  -0.063245  -0.002421  0.997995  -0.002164  -0.010900  -0.003663  -0.180471  -0.224540  0.966451  2.000000  
174.536937 0.003769  0.094036  -0.005957  0.971051  0.230607  0.062301  -0.230276  0.973045  -0.012530  -0.063512  -0.002179  0.997979  -0.002787  -0.011135  -0.004004  -0.185557  -0.226852  0.930784  2.000000  
174.537939 0.003761  0.094023  -0.005963  0.970987  0.230821  0.062503  -0.230472  0.972994  -0.012841  -0.063779  -0.001937  0.997962  -0.003401  -0.011259  -0.004252  -0.192068  -0.232863  0.883111  2.000000  
174.539186 0.003750  0.094009  -0.005972  0.970883  0.231237  0.062571  -0.230870  0.972896  -0.013134  -0.063912  -0.001695  0.997954  -0.004183  -0.011403  -0.004587  -0.197440  -0.232605  0.834916  2.000000  
174.540437 0.003738  0.093994  -0.005980  0.970875  0.231260  0.062617  -0.230868  0.972891  -0.013518  -0.064046  -0.001332  0.997946  -0.004823  -0.011435  -0.004912  -0.201091  -0.230306  0.780103  2.000000  
174.541684 0.003726  0.093981  -0.005988  0.970819  0.231475  0.062688  -0.231066  0.972840  -0.013798  -0.064179  -0.001089  0.997938  -0.005647  -0.011445  -0.005300  -0.208130  -0.225068  0.710780  2.000000  
174.542685 0.003716  0.093970  -0.005995  0.970755  0.231690  0.062889  -0.231262  0.972789  -0.014109  -0.064446  -0.000847  0.997921  -0.006183  -0.011458  -0.005551  -0.212282  -0.222623  0.669180  2.000000  
174.543935 0.003703  0.093956  -0.006004  0.970643  0.232113  0.063058  -0.231657  0.972689  -0.014551  -0.064713  -0.000484  0.997904  -0.007008  -0.011516  -0.005839  -0.221326  -0.222360  0.614056  2.000000  
174.545186 0.003690  0.093944  -0.006013  0.970570  0.232329  0.063388  -0.231851  0.972637  -0.014893  -0.065114  -0.000242  0.997878  -0.007662  -0.011449  -0.006101  -0.222712  -0.222159  0.565874  2.000000  
174.546445 0.003676  0.093932  -0.006021  0.970505  0.232552  0.063560  -0.232047  0.972584  -0.015322  -0.065381  0.000121  0.997860  -0.008310  -0.011342  -0.006363  -0.228324  -0.217263  0.524125  2.000000  
174.547682 0.003662  0.093921  -0.006029  0.970488  0.232568  0.063764  -0.232043  0.972580  -0.015620  -0.065648  0.000363  0.997843  -0.008897  -0.011225  -0.006561  -0.232143  -0.219834  0.478892  2.000000  
174.548683 0.003651  0.093912  -0.006036  0.970431  0.232791  0.063806  -0.232241  0.972526  -0.016018  -0.065781  0.000726  0.997834  -0.009418  -0.011048  -0.006710  -0.243775  -0.216948  0.441427  2.000000  
174.549930 0.003637  0.093900  -0.006045  0.970423  0.232807  0.063879  -0.232239  0.972523  -0.016285  -0.065915  0.000968  0.997825  -0.009828  -0.010790  -0.006797  -0.243317  -0.215014  0.396783  2.000000  
174.550932 0.003625  0.093890  -0.006052  0.970366  0.233030  0.063921  -0.232436  0.972469  -0.016683  -0.066048  0.001331  0.997816  -0.010135  -0.010567  -0.006811  -0.249775  -0.214898  0.369497  2.000000  
174.552187 0.003610  0.093878  -0.006062  0.970301  0.233246  0.064120  -0.232632  0.972416  -0.016995  -0.066315  0.001573  0.997797  -0.010505  -0.010267  -0.006888  -0.254336  -0.216610  0.345044  2.000000  
174.553431 0.003597  0.093867  -0.006070  0.970284  0.233262  0.064323  -0.232628  0.972412  -0.017293  -0.066582  0.001815  0.997779  -0.010661  -0.010041  -0.006955  -0.250546  -0.210180  0.314762  2.000000  
174.554455 0.003587  0.093858  -0.006077  0.970219  0.233479  0.064523  -0.232823  0.972360  -0.017604  -0.066849  0.002057  0.997761  -0.010752  -0.009785  -0.006932  -0.254408  -0.207160  0.282662  2.000000  
174.555686 0.003575  0.093847  -0.006085  0.970201  0.233487  0.064754  -0.232819  0.972357  -0.017784  -0.067116  0.002178  0.997743  -0.010751  -0.009602  -0.006956  -0.246727  -0.205483  0.253129  2.000000  
174.556935 0.003564  0.093837  -0.006093  0.970184  0.233504  0.064957  -0.232815  0.972353  -0.018083  -0.067383  0.002420  0.997724  -0.010638  -0.009382  -0.006900  -0.245050  -0.200937  0.225790  2.000000  
174.558185 0.003554  0.093827  -0.006102  0.970118  0.233712  0.065184  -0.233010  0.972302  -0.018276  -0.067650  0.002541  0.997706  -0.010467  -0.009136  -0.006886  -0.240168  -0.205347  0.212125  2.000000  
174.559437 0.003545  0.093818  -0.006111  0.970110  0.233721  0.065286  -0.233008  0.972300  -0.018425  -0.067784  0.002662  0.997696  -0.010211  -0.008896  -0.006894  -0.232683  -0.202470  0.193201  2.000000  
174.560684 0.003536  0.093808  -0.006119  0.970092  0.233721  0.065546  -0.233004  0.972300  -0.018488  -0.068051  0.002662  0.997678  -0.009920  -0.008752  -0.006855  -0.223276  -0.206984  0.172551  2.000000  
174.561685 0.003529  0.093801  -0.006124  0.970083  0.233730  0.065647  -0.233002  0.972298  -0.018637  -0.068184  0.002783  0.997669  -0.009638  -0.008596  -0.006792  -0.218297  -0.202420  0.158751  2.000000  
174.562931 0.003521  0.093792  -0.006131  0.970056  0.233739  0.066008  -0.232996  0.972295  -0.018848  -0.068585  0.002904  0.997641  -0.009183  -0.008391  -0.006638  -0.211603  -0.209646  0.143783  2.000000  
174.564186 0.003515  0.093784  -0.006136  0.970038  0.233747  0.066239  -0.232991  0.972293  -0.019029  -0.068852  0.003025  0.997622  -0.008660  -0.008154  -0.006434  -0.203916  -0.202378  0.124320  2.000000  
174.565445 0.003509  0.093777  -0.006140  0.970011  0.233757  0.066600  -0.232985  0.972290  -0.019240  -0.069252  0.003146  0.997594  -0.008058  -0.007848  -0.006090  -0.197769  -0.205141  0.116477  2.000000  
174.566682 0.003503  0.093770  -0.006144  0.969993  0.233766  0.066831  -0.232980  0.972287  -0.019420  -0.069519  0.003267  0.997575  -0.007543  -0.007563  -0.005752  -0.188809  -0.200660  0.102827  2.000000  
174.567685 0.003499  0.093765  -0.006147  0.969975  0.233766  0.067091  -0.232976  0.972287  -0.019483  -0.069786  0.003267  0.997557  -0.006989  -0.007209  -0.005425  -0.179822  -0.205112  0.089155  2.000000  
174.568930 0.003494  0.093759  -0.006151  0.969957  0.233767  0.067351  -0.232972  0.972287  -0.019545  -0.070053  0.003267  0.997538  -0.006474  -0.006861  -0.005096  -0.171305  -0.209580  0.082340  2.000000  
174.569932 0.003491  0.093755  -0.006153  0.969939  0.233768  0.067610  -0.232967  0.972287  -0.019607  -0.070320  0.003267  0.997519  -0.006058  -0.006558  -0.004855  -0.162815  -0.214092  0.075540  2.000000  
174.570938 0.003488  0.093752  -0.006155  0.969930  0.233769  0.067740  -0.232965  0.972287  -0.019638  -0.070453  0.003267  0.997510  -0.005570  -0.006211  -0.004493  -0.155507  -0.211298  0.069258  2.000000  
174.572183 0.003485  0.093747  -0.006157  0.969911  0.233769  0.067999  -0.232961  0.972287  -0.019701  -0.070720  0.003267  0.997491  -0.005146  -0.005897  -0.004099  -0.146164  -0.214025  0.068722  2.000000  
174.573189 0.003482  0.093744  -0.006158  0.969893  0.233770  0.068259  -0.232956  0.972286  -0.019763  -0.070987  0.003267  0.997472  -0.004719  -0.005535  -0.003653  -0.134217  -0.215794  0.055519  2.000000  
174.574441 0.003480  0.093739  -0.006160  0.969874  0.233771  0.068519  -0.232952  0.972286  -0.019825  -0.071254  0.003267  0.997453  -0.004261  -0.005153  -0.003170  -0.125586  -0.211259  0.048624  2.000000  
174.575449 0.003478  0.093736  -0.006161  0.969808  0.233964  0.068802  -0.233147  0.972240  -0.019784  -0.071521  0.003146  0.997434  -0.003936  -0.004889  -0.002863  -0.113350  -0.211219  0.048627  2.000000  
174.576685 0.003474  0.093730  -0.006162  0.969789  0.233965  0.069062  -0.233143  0.972240  -0.019846  -0.071788  0.003146  0.997415  -0.003634  -0.004700  -0.002513  -0.100703  -0.211310  0.041781  2.000000  
174.577932 0.003470  0.093725  -0.006164  0.969770  0.233957  0.069350  -0.233138  0.972242  -0.019791  -0.072055  0.003025  0.997396  -0.003371  -0.004443  -0.002216  -0.084400  -0.215793  0.041813  2.000000  
174.578934 0.003468  0.093721  -0.006165  0.969704  0.234149  0.069634  -0.233333  0.972196  -0.019750  -0.072322  0.002904  0.997377  -0.003219  -0.004293  -0.001985  -0.075625  -0.218475  0.041476  2.000000  
174.579937 0.003465  0.093717  -0.006166  0.969694  0.234150  0.069763  -0.233331  0.972196  -0.019781  -0.072455  0.002903  0.997367  -0.003092  -0.004148  -0.001817  -0.064023  -0.220267  0.041857  2.000000  
174.581187 0.003461  0.093713  -0.006168  0.969685  0.234142  0.069921  -0.233329  0.972198  -0.019694  -0.072589  0.002782  0.997358  -0.002902  -0.003933  -0.001655  -0.047248  -0.215797  0.034974  2.000000  
174.582430 0.003458  0.093709  -0.006169  0.969666  0.234134  0.070209  -0.233324  0.972201  -0.019639  -0.072856  0.002661  0.997339  -0.002789  -0.003788  -0.001454  -0.038353  -0.218785  0.027886  2.000000  
174.583435 0.003455  0.093706  -0.006170  0.969608  0.234326  0.070363  -0.233521  0.972155  -0.019566  -0.072989  0.002540  0.997330  -0.002729  -0.003713  -0.001334  -0.026877  -0.215791  0.034985  2.000000  
174.584436 0.003453  0.093703  -0.006171  0.969589  0.234327  0.070623  -0.233517  0.972155  -0.019629  -0.073256  0.002540  0.997310  -0.002677  -0.003637  -0.001304  -0.018108  -0.214153  0.027893  2.000000  
174.585446 0.003449  0.093699  -0.006172  0.969580  0.234318  0.070781  -0.233515  0.972157  -0.019542  -0.073389  0.002419  0.997300  -0.002698  -0.003618  -0.001229  -0.010016  -0.209586  0.027869  2.000000  
174.586684 0.003445  0.093696  -0.006174  0.969513  0.234510  0.071065  -0.233710  0.972111  -0.019501  -0.073656  0.002298  0.997281  -0.002738  -0.003561  -0.001233  -0.002420  -0.209545  0.034711  2.000000  
174.587686 0.003442  0.093692  -0.006176  0.969503  0.234502  0.071223  -0.233707  0.972113  -0.019415  -0.073790  0.002177  0.997271  -0.002835  -0.003548  -0.001216  0.010275  -0.211299  0.028109  2.000000  
174.588935 0.003437  0.093688  -0.006178  0.969493  0.234494  0.071381  -0.233705  0.972115  -0.019328  -0.073923  0.002056  0.997262  -0.002952  -0.003505  -0.001227  0.014347  -0.206805  0.028086  2.000000  
174.590188 0.003431  0.093683  -0.006180  0.969484  0.234485  0.071539  -0.233703  0.972118  -0.019242  -0.074057  0.001935  0.997252  -0.003125  -0.003542  -0.001268  0.022497  -0.206809  0.028086  2.000000  
174.591436 0.003426  0.093678  -0.006182  0.969474  0.234477  0.071698  -0.233700  0.972120  -0.019155  -0.074190  0.001814  0.997242  -0.003276  -0.003519  -0.001316  0.030394  -0.200646  0.027844  2.000000  
174.592436 0.003421  0.093673  -0.006184  0.969474  0.234468  0.071726  -0.233700  0.972122  -0.019037  -0.074190  0.001693  0.997243  -0.003408  -0.003587  -0.001397  0.038792  -0.193298  0.028051  2.000000  
174.593437 0.003416  0.093668  -0.006187  0.969464  0.234460  0.071884  -0.233698  0.972125  -0.018950  -0.074323  0.001572  0.997233  -0.003578  -0.003673  -0.001531  0.046939  -0.188798  0.028040  2.000000  
174.594445 0.003410  0.093663  -0.006191  0.969455  0.234460  0.072014  -0.233696  0.972125  -0.018982  -0.074457  0.001572  0.997223  -0.003749  -0.003743  -0.001643  0.046917  -0.184237  0.028020  2.000000  
174.595449 0.003405  0.093658  -0.006195  0.969445  0.234451  0.072172  -0.233693  0.972127  -0.018895  -0.074590  0.001452  0.997213  -0.003920  -0.003867  -0.001849  0.055055  -0.179720  0.028005  2.000000  
174.596683 0.003397  0.093650  -0.006200  0.969445  0.234434  0.072229  -0.233693  0.972131  -0.018659  -0.074590  0.001210  0.997214  -0.004176  -0.004080  -0.002151  0.067320  -0.166352  0.027983  2.000000  
174.597686 0.003392  0.093645  -0.006204  0.969435  0.234425  0.072387  -0.233691  0.972134  -0.018572  -0.074724  0.001089  0.997204  -0.004376  -0.004228  -0.002375  0.071374  -0.161817  0.027956  2.000000  
174.598930 0.003385  0.093639  -0.006210  0.969435  0.234416  0.072415  -0.233691  0.972136  -0.018455  -0.074724  0.000968  0.997204  -0.004594  -0.004389  -0.002618  0.000000  0.000000  0.000000  2.000000  
174.599933 0.003379  0.093633  -0.006214  0.969435  0.234408  0.072444  -0.233691  0.972138  -0.018337  -0.074724  0.000847  0.997204  -0.004781  -0.004540  -0.002873  0.000000  0.000000  0.000000  2.000000  
174.601184 0.003372  0.093626  -0.006221  0.969435  0.234399  0.072472  -0.233691  0.972140  -0.018219  -0.074724  0.000726  0.997204  -0.005034  -0.004766  -0.003125  0.000000  0.000000  0.000000  2.000000  
174.602188 0.003365  0.093620  -0.006226  0.969435  0.234399  0.072472  -0.233691  0.972140  -0.018219  -0.074724  0.000726  0.997204  -0.005237  -0.004965  -0.003386  0.000000  0.000000  0.000000  2.000000  
174.603435 0.003357  0.093612  -0.006232  0.969483  0.234190  0.072505  -0.233491  0.972191  -0.018086  -0.074724  0.000605  0.997204  -0.005452  -0.005166  -0.003656  0.000000  0.000000  0.000000  2.000000  
174.604443 0.003350  0.093606  -0.006237  0.969483  0.234181  0.072533  -0.233491  0.972193  -0.017968  -0.074724  0.000484  0.997204  -0.005691  -0.005399  -0.003944  0.000000  0.000000  0.000000  2.000000  
174.605448 0.003343  0.093599  -0.006242  0.969483  0.234181  0.072533  -0.233491  0.972193  -0.017968  -0.074724  0.000484  0.997204  -0.005871  -0.005572  -0.004192  0.000000  0.000000  0.000000  2.000000  
174.606685 0.003334  0.093591  -0.006248  0.969483  0.234172  0.072561  -0.233491  0.972195  -0.017850  -0.074724  0.000363  0.997204  -0.006053  -0.005720  -0.004358  0.000000  0.000000  0.000000  2.000000  
174.607685 0.003327  0.093585  -0.006253  0.969493  0.234172  0.072432  -0.233494  0.972195  -0.017819  -0.074590  0.000363  0.997214  -0.006200  -0.005835  -0.004500  0.000000  0.000000  0.000000  2.000000  
174.608686 0.003320  0.093578  -0.006257  0.969541  0.233963  0.072464  -0.233294  0.972245  -0.017686  -0.074590  0.000242  0.997214  -0.006316  -0.005923  -0.004622  0.000000  0.000000  0.000000  2.000000  
174.609935 0.003311  0.093570  -0.006263  0.969541  0.233963  0.072464  -0.233294  0.972245  -0.017686  -0.074590  0.000242  0.997214  -0.006452  -0.006030  -0.004668  0.000000  0.000000  0.000000  2.000000  
174.610936 0.003304  0.093564  -0.006267  0.969541  0.233955  0.072492  -0.233294  0.972248  -0.017568  -0.074590  0.000121  0.997214  -0.006546  -0.006055  -0.004650  0.000000  0.000000  0.000000  2.000000  
174.612188 0.003296  0.093556  -0.006272  0.969541  0.233955  0.072492  -0.233294  0.972248  -0.017568  -0.074590  0.000121  0.997214  -0.006618  -0.006103  -0.004654  0.000000  0.000000  0.000000  2.000000  
174.613437 0.003287  0.093549  -0.006278  0.969551  0.233946  0.072391  -0.233296  0.972250  -0.017419  -0.074457  0.000000  0.997224  -0.006701  -0.006160  -0.004661  0.000000  0.000000  0.000000  2.000000  
174.614440 0.003281  0.093543  -0.006281  0.969551  0.233946  0.072391  -0.233296  0.972250  -0.017419  -0.074457  0.000000  0.997224  -0.006726  -0.006199  -0.004634  0.000000  0.000000  0.000000  2.000000  
174.615446 0.003276  0.093538  -0.006285  0.969551  0.233946  0.072391  -0.233296  0.972250  -0.017419  -0.074457  0.000000  0.997224  -0.006711  -0.006185  -0.004535  0.000000  0.000000  0.000000  2.000000  
174.616680 0.003268  0.093530  -0.006291  0.969551  0.233937  0.072419  -0.233296  0.972252  -0.017301  -0.074457  -0.000121  0.997224  -0.006687  -0.006189  -0.004512  0.000000  0.000000  0.000000  2.000000  
174.617682 0.003262  0.093524  -0.006295  0.969551  0.233937  0.072419  -0.233296  0.972252  -0.017301  -0.074457  -0.000121  0.997224  -0.006632  -0.006154  -0.004429  0.000000  0.000000  0.000000  2.000000  
174.618935 0.003255  0.093517  -0.006300  0.969493  0.234137  0.072545  -0.233494  0.972204  -0.017347  -0.074590  -0.000121  0.997214  -0.006560  -0.006137  -0.004332  0.000000  0.000000  0.000000  2.000000  
174.620182 0.003248  0.093509  -0.006304  0.969493  0.234137  0.072545  -0.233494  0.972204  -0.017347  -0.074590  -0.000121  0.997214  -0.006416  -0.006104  -0.004264  0.000000  0.000000  0.000000  2.000000  
174.621190 0.003243  0.093504  -0.006307  0.969445  0.234337  0.072542  -0.233693  0.972155  -0.017362  -0.074590  -0.000121  0.997214  -0.006268  -0.006052  -0.004113  0.000000  0.000000  0.000000  2.000000  
174.622440 0.003237  0.093496  -0.006311  0.969445  0.234337  0.072542  -0.233693  0.972155  -0.017362  -0.074590  -0.000121  0.997214  -0.006083  -0.006004  -0.003973  0.000000  0.000000  0.000000  2.000000  
174.623685 0.003232  0.093490  -0.006315  0.969435  0.234337  0.072671  -0.233691  0.972155  -0.017393  -0.074724  -0.000121  0.997204  -0.005872  -0.005892  -0.003821  0.000000  0.000000  0.000000  2.000000  
174.624935 0.003227  0.093484  -0.006317  0.969387  0.234537  0.072668  -0.233890  0.972107  -0.017408  -0.074724  -0.000121  0.997204  -0.005613  -0.005760  -0.003637  0.000000  0.000000  0.000000  2.000000  
174.626184 0.003222  0.093478  -0.006320  0.969339  0.234738  0.072664  -0.234090  0.972059  -0.017423  -0.074724  -0.000121  0.997204  -0.005359  -0.005651  -0.003495  0.000000  0.000000  0.000000  2.000000  
174.627185 0.003219  0.093473  -0.006323  0.969281  0.234938  0.072790  -0.234287  0.972010  -0.017470  -0.074857  -0.000121  0.997194  -0.005114  -0.005532  -0.003362  0.000000  0.000000  0.000000  2.000000  
174.628436 0.003215  0.093468  -0.006326  0.969233  0.235138  0.072787  -0.234487  0.971962  -0.017485  -0.074857  -0.000121  0.997194  -0.004838  -0.005387  -0.003210  0.000000  0.000000  0.000000  2.000000  
174.629683 0.003212  0.093463  -0.006329  0.969175  0.235338  0.072913  -0.234684  0.971914  -0.017531  -0.074991  -0.000121  0.997184  -0.004538  -0.005254  -0.003085  0.000000  0.000000  0.000000  2.000000  
174.630931 0.003209  0.093458  -0.006332  0.969126  0.235538  0.072909  -0.234883  0.971865  -0.017546  -0.074991  -0.000121  0.997184  -0.004278  -0.005103  -0.002941  0.000000  0.000000  0.000000  2.000000  
174.631932 0.003206  0.093454  -0.006334  0.969068  0.235747  0.073007  -0.235081  0.971815  -0.017710  -0.075124  0.000000  0.997174  -0.004017  -0.004964  -0.002806  0.000000  0.000000  0.000000  2.000000  
174.632933 0.003204  0.093451  -0.006336  0.969020  0.235947  0.073003  -0.235280  0.971766  -0.017725  -0.075124  0.000000  0.997174  -0.003753  -0.004772  -0.002671  0.000000  0.000000  0.000000  2.000000  
174.634186 0.003201  0.093446  -0.006339  0.968962  0.236147  0.073129  -0.235477  0.971717  -0.017772  -0.075257  0.000000  0.997164  -0.003507  -0.004631  -0.002535  0.000000  0.000000  0.000000  2.000000  
174.635189 0.003199  0.093442  -0.006341  0.968903  0.236347  0.073255  -0.235674  0.971669  -0.017818  -0.075391  0.000000  0.997154  -0.003236  -0.004441  -0.002446  0.000000  0.000000  0.000000  2.000000  
174.636435 0.003197  0.093438  -0.006344  0.968806  0.236747  0.073248  -0.236073  0.971571  -0.017849  -0.075391  0.000000  0.997154  -0.002981  -0.004288  -0.002389  0.000000  0.000000  0.000000  2.000000  
174.637689 0.003195  0.093433  -0.006347  0.968699  0.237147  0.073370  -0.236470  0.971474  -0.017910  -0.075524  0.000000  0.997144  -0.002689  -0.004098  -0.002332  0.000000  0.000000  0.000000  2.000000  
174.638935 0.003193  0.093429  -0.006350  0.968641  0.237347  0.073496  -0.236667  0.971425  -0.017957  -0.075658  0.000000  0.997134  -0.002449  -0.003971  -0.002339  0.000000  0.000000  0.000000  2.000000  
174.640186 0.003192  0.093425  -0.006353  0.968543  0.237747  0.073488  -0.237066  0.971327  -0.017987  -0.075658  0.000000  0.997134  -0.002218  -0.003823  -0.002357  0.000000  0.000000  0.000000  2.000000  
174.641438 0.003191  0.093421  -0.006356  0.968436  0.238156  0.073582  -0.237462  0.971227  -0.018167  -0.075791  0.000121  0.997124  -0.002038  -0.003732  -0.002340  0.000000  0.000000  0.000000  2.000000  
174.642448 0.003190  0.093418  -0.006359  0.968377  0.238356  0.073707  -0.237659  0.971178  -0.018214  -0.075925  0.000121  0.997114  -0.001862  -0.003633  -0.002325  0.000000  0.000000  0.000000  2.000000  
174.643684 0.003188  0.093414  -0.006362  0.968279  0.238756  0.073700  -0.238058  0.971080  -0.018245  -0.075925  0.000121  0.997114  -0.001728  -0.003554  -0.002340  0.000000  0.000000  0.000000  2.000000  
174.644685 0.003188  0.093411  -0.006364  0.968171  0.239155  0.073822  -0.238454  0.970981  -0.018307  -0.076058  0.000121  0.997103  -0.001579  -0.003484  -0.002347  -0.017617  -0.053957  0.179411  2.000000  
174.645688 0.003187  0.093407  -0.006367  0.968063  0.239555  0.073944  -0.238850  0.970883  -0.018369  -0.076191  0.000121  0.997093  -0.001493  -0.003435  -0.002375  -0.018670  -0.058449  0.193196  2.000000  
174.646930 0.003185  0.093403  -0.006369  0.968014  0.239755  0.073940  -0.239049  0.970833  -0.018384  -0.076191  0.000121  0.997093  -0.001398  -0.003403  -0.002364  -0.023078  -0.057982  0.198451  2.000000  
174.647930 0.003184  0.093400  -0.006372  0.967905  0.240155  0.074062  -0.239445  0.970735  -0.018447  -0.076325  0.000121  0.997083  -0.001344  -0.003383  -0.002412  -0.023622  -0.057981  0.205291  2.000000  
174.648930 0.003183  0.093397  -0.006375  0.967846  0.240364  0.074159  -0.239642  0.970683  -0.018612  -0.076458  0.000242  0.997073  -0.001248  -0.003290  -0.002427  -0.028201  -0.062436  0.212162  2.000000  
174.649932 0.003181  0.093393  -0.006377  0.967747  0.240763  0.074151  -0.240041  0.970584  -0.018642  -0.076458  0.000242  0.997073  -0.001228  -0.003316  -0.002451  -0.029477  -0.062948  0.227704  2.000000  
174.651183 0.003180  0.093390  -0.006381  0.967688  0.240963  0.074277  -0.240237  0.970534  -0.018690  -0.076592  0.000242  0.997063  -0.001190  -0.003243  -0.002486  -0.029255  -0.066902  0.225870  2.000000  
174.652188 0.003178  0.093386  -0.006384  0.967579  0.241363  0.074398  -0.240633  0.970435  -0.018753  -0.076725  0.000242  0.997052  -0.001166  -0.003273  -0.002541  -0.030558  -0.071950  0.241530  2.000000  
174.653431 0.003177  0.093382  -0.006389  0.967519  0.241563  0.074524  -0.240830  0.970385  -0.018800  -0.076858  0.000242  0.997042  -0.001148  -0.003235  -0.002630  -0.030860  -0.071359  0.246392  2.000000  
174.654445 0.003175  0.093378  -0.006392  0.967470  0.241762  0.074520  -0.241029  0.970335  -0.018815  -0.076858  0.000242  0.997042  -0.001166  -0.003285  -0.002671  -0.031101  -0.071917  0.248319  2.000000  
174.655448 0.003174  0.093374  -0.006395  0.967410  0.241971  0.074616  -0.241226  0.970283  -0.018981  -0.076992  0.000363  0.997032  -0.001191  -0.003292  -0.002734  -0.035193  -0.076396  0.248315  2.000000  
174.656684 0.003172  0.093370  -0.006400  0.967360  0.242171  0.074612  -0.241425  0.970234  -0.018996  -0.076992  0.000363  0.997032  -0.001223  -0.003335  -0.002887  -0.035454  -0.071334  0.253204  2.000000  
174.657685 0.003171  0.093366  -0.006403  0.967301  0.242371  0.074738  -0.241622  0.970184  -0.019044  -0.077125  0.000363  0.997021  -0.001271  -0.003392  -0.002960  -0.035766  -0.076425  0.255310  2.000000  
174.658685 0.003169  0.093362  -0.006407  0.967241  0.242571  0.074863  -0.241818  0.970134  -0.019092  -0.077259  0.000363  0.997011  -0.001319  -0.003449  -0.003033  -0.035486  -0.080252  0.253195  2.000000  
174.659934 0.003166  0.093357  -0.006411  0.967191  0.242770  0.074859  -0.242017  0.970084  -0.019107  -0.077259  0.000363  0.997011  -0.001385  -0.003528  -0.003119  -0.035795  -0.076414  0.255271  2.000000  
174.660935 0.003164  0.093352  -0.006416  0.967131  0.242970  0.074985  -0.242214  0.970034  -0.019155  -0.077392  0.000363  0.997001  -0.001471  -0.003662  -0.003253  -0.035813  -0.080913  0.255276  2.000000  
174.662184 0.003162  0.093346  -0.006421  0.967121  0.242970  0.075114  -0.242212  0.970034  -0.019187  -0.077525  0.000363  0.996990  -0.001544  -0.003780  -0.003381  -0.031242  -0.080898  0.248378  2.000000  
174.663187 0.003160  0.093341  -0.006424  0.967071  0.243179  0.075081  -0.242411  0.969981  -0.019320  -0.077525  0.000484  0.996990  -0.001614  -0.003887  -0.003464  -0.035321  -0.080888  0.248398  2.000000  
174.664187 0.003157  0.093337  -0.006428  0.967061  0.243179  0.075210  -0.242408  0.969981  -0.019353  -0.077659  0.000484  0.996980  -0.001697  -0.003989  -0.003512  -0.034835  -0.080913  0.241567  2.000000  
174.665446 0.003154  0.093331  -0.006433  0.967061  0.243179  0.075210  -0.242408  0.969981  -0.019353  -0.077659  0.000484  0.996980  -0.001754  -0.004097  -0.003628  -0.033768  -0.076365  0.227603  2.000000  
174.666680 0.003151  0.093325  -0.006438  0.967051  0.243188  0.075310  -0.242406  0.969979  -0.019503  -0.077792  0.000605  0.996969  -0.001848  -0.004214  -0.003683  -0.037055  -0.075764  0.219006  2.000000  
174.667685 0.003149  0.093320  -0.006442  0.967051  0.243188  0.075310  -0.242406  0.969979  -0.019503  -0.077792  0.000605  0.996969  -0.001940  -0.004338  -0.003784  -0.036003  -0.075767  0.205316  2.000000  
174.668685 0.003146  0.093315  -0.006446  0.967041  0.243188  0.075440  -0.242403  0.969979  -0.019535  -0.077926  0.000605  0.996959  -0.002007  -0.004414  -0.003782  -0.035796  -0.076394  0.200107  2.000000  
174.669934 0.003143  0.093309  -0.006451  0.967031  0.243188  0.075569  -0.242401  0.969979  -0.019568  -0.078059  0.000605  0.996949  -0.002065  -0.004494  -0.003810  -0.034457  -0.080224  0.184762  2.000000  
174.670940 0.003141  0.093304  -0.006455  0.967081  0.242989  0.075573  -0.242201  0.970029  -0.019552  -0.078059  0.000605  0.996949  -0.002186  -0.004616  -0.003845  -0.029612  -0.076380  0.172486  2.000000  
174.672185 0.003138  0.093298  -0.006460  0.967081  0.242998  0.075544  -0.242201  0.970027  -0.019670  -0.078059  0.000726  0.996948  -0.002243  -0.004652  -0.003930  0.000000  0.000000  0.000000  2.000000  
174.673185 0.003135  0.093293  -0.006464  0.967120  0.242798  0.075677  -0.242000  0.970077  -0.019687  -0.078192  0.000726  0.996938  -0.002340  -0.004755  -0.003947  0.000000  0.000000  0.000000  2.000000  
174.674448 0.003132  0.093287  -0.006469  0.967120  0.242798  0.075677  -0.242000  0.970077  -0.019687  -0.078192  0.000726  0.996938  -0.002397  -0.004801  -0.003980  0.000000  0.000000  0.000000  2.000000  
174.675686 0.003128  0.093280  -0.006475  0.967160  0.242599  0.075810  -0.241798  0.970126  -0.019703  -0.078326  0.000726  0.996928  -0.002472  -0.004855  -0.003989  0.000000  0.000000  0.000000  2.000000  
174.676935 0.003124  0.093274  -0.006480  0.967160  0.242599  0.075810  -0.241798  0.970126  -0.019703  -0.078326  0.000726  0.996928  -0.002546  -0.004906  -0.003995  0.000000  0.000000  0.000000  2.000000  
174.677935 0.003121  0.093269  -0.006484  0.967200  0.242399  0.075944  -0.241597  0.970176  -0.019720  -0.078459  0.000726  0.996917  -0.002581  -0.004908  -0.004020  0.000000  0.000000  0.000000  2.000000  
174.679184 0.003118  0.093262  -0.006488  0.967200  0.242399  0.075944  -0.241597  0.970176  -0.019720  -0.078459  0.000726  0.996917  -0.002617  -0.004954  -0.003997  0.000000  0.000000  0.000000  2.000000  
174.680435 0.003115  0.093256  -0.006493  0.967249  0.242199  0.075948  -0.241397  0.970226  -0.019705  -0.078459  0.000726  0.996917  -0.002661  -0.004980  -0.003986  0.000000  0.000000  0.000000  2.000000  
174.681435 0.003112  0.093251  -0.006497  0.967249  0.242199  0.075948  -0.241397  0.970226  -0.019705  -0.078459  0.000726  0.996917  -0.002663  -0.004979  -0.003985  0.000000  0.000000  0.000000  2.000000  
174.682445 0.003109  0.093247  -0.006500  0.967289  0.242000  0.076081  -0.241196  0.970276  -0.019721  -0.078592  0.000726  0.996907  -0.002665  -0.004921  -0.003906  0.000000  0.000000  0.000000  2.000000  
174.683680 0.003106  0.093241  -0.006504  0.967289  0.242000  0.076081  -0.241196  0.970276  -0.019721  -0.078592  0.000726  0.996907  -0.002675  -0.004919  -0.003874  0.000000  0.000000  0.000000  2.000000  
174.684682 0.003104  0.093237  -0.006508  0.967339  0.241800  0.076085  -0.240997  0.970326  -0.019705  -0.078592  0.000726  0.996907  -0.002645  -0.004892  -0.003854  0.000000  0.000000  0.000000  2.000000  
174.685684 0.003102  0.093233  -0.006511  0.967339  0.241800  0.076085  -0.240997  0.970326  -0.019705  -0.078592  0.000726  0.996907  -0.002605  -0.004812  -0.003791  0.000000  0.000000  0.000000  2.000000  
174.686933 0.003099  0.093228  -0.006515  0.967378  0.241600  0.076219  -0.240795  0.970376  -0.019722  -0.078726  0.000726  0.996896  -0.002609  -0.004758  -0.003715  0.000000  0.000000  0.000000  2.000000  
174.687945 0.003097  0.093223  -0.006518  0.967378  0.241600  0.076219  -0.240795  0.970376  -0.019722  -0.078726  0.000726  0.996896  -0.002555  -0.004720  -0.003628  0.000000  0.000000  0.000000  2.000000  
174.689185 0.003095  0.093219  -0.006522  0.967378  0.241591  0.076248  -0.240795  0.970378  -0.019604  -0.078726  0.000605  0.996896  -0.002484  -0.004618  -0.003550  0.000000  0.000000  0.000000  2.000000  
174.690189 0.003093  0.093215  -0.006524  0.967427  0.241391  0.076252  -0.240596  0.970428  -0.019589  -0.078726  0.000605  0.996896  -0.002386  -0.004485  -0.003446  0.000000  0.000000  0.000000  2.000000  
174.691437 0.003090  0.093211  -0.006528  0.967427  0.241391  0.076252  -0.240596  0.970428  -0.019589  -0.078726  0.000605  0.996896  -0.002327  -0.004371  -0.003326  0.000000  0.000000  0.000000  2.000000  
174.692685 0.003089  0.093207  -0.006530  0.967427  0.241391  0.076252  -0.240596  0.970428  -0.019589  -0.078726  0.000605  0.996896  -0.002209  -0.004208  -0.003170  0.000000  0.000000  0.000000  2.000000  
174.693934 0.003087  0.093203  -0.006534  0.967417  0.241391  0.076382  -0.240593  0.970428  -0.019621  -0.078859  0.000605  0.996886  -0.002098  -0.004014  -0.003078  0.000000  0.000000  0.000000  2.000000  
174.694935 0.003086  0.093200  -0.006536  0.967417  0.241391  0.076382  -0.240593  0.970428  -0.019621  -0.078859  0.000605  0.996886  -0.001986  -0.003886  -0.003010  0.000000  0.000000  0.000000  2.000000  
174.696182 0.003085  0.093197  -0.006539  0.967417  0.241382  0.076411  -0.240593  0.970430  -0.019503  -0.078859  0.000484  0.996886  -0.001869  -0.003685  -0.002850  0.000000  0.000000  0.000000  2.000000  
174.697185 0.003084  0.093194  -0.006541  0.967417  0.241382  0.076411  -0.240593  0.970430  -0.019503  -0.078859  0.000484  0.996886  -0.001748  -0.003579  -0.002773  0.000000  0.000000  0.000000  2.000000  
174.698185 0.003082  0.093192  -0.006543  0.967417  0.241382  0.076411  -0.240593  0.970430  -0.019503  -0.078859  0.000484  0.996886  -0.001666  -0.003416  -0.002643  0.000000  0.000000  0.000000  2.000000  
174.699435 0.003082  0.093189  -0.006546  0.967417  0.241382  0.076411  -0.240593  0.970430  -0.019503  -0.078859  0.000484  0.996886  -0.001530  -0.003236  -0.002564  0.000000  0.000000  0.000000  2.000000  
174.700436 0.003081  0.093187  -0.006547  0.967417  0.241373  0.076440  -0.240593  0.970432  -0.019385  -0.078859  0.000363  0.996886  -0.001429  -0.003102  -0.002432  0.000000  0.000000  0.000000  2.000000  
174.701680 0.003080  0.093185  -0.006550  0.967417  0.241373  0.076440  -0.240593  0.970432  -0.019385  -0.078859  0.000363  0.996886  -0.001282  -0.002926  -0.002386  0.000000  0.000000  0.000000  2.000000  
174.702682 0.003080  0.093183  -0.006552  0.967417  0.241373  0.076440  -0.240593  0.970432  -0.019385  -0.078859  0.000363  0.996886  -0.001220  -0.002799  -0.002313  0.000000  0.000000  0.000000  2.000000  
174.703932 0.003079  0.093181  -0.006553  0.967417  0.241373  0.076440  -0.240593  0.970432  -0.019385  -0.078859  0.000363  0.996886  -0.001111  -0.002616  -0.002169  0.000000  0.000000  0.000000  2.000000  
174.704934 0.003078  0.093180  -0.006555  0.967368  0.241572  0.076436  -0.240792  0.970383  -0.019401  -0.078859  0.000363  0.996886  -0.000989  -0.002435  -0.002058  0.000000  0.000000  0.000000  2.000000  
