1-Time 2-Px 3-Py 4-Pz 5-R11 6-R21 7-R31 8-R12 9-R22 10-R32 11-R13 12-R23 13-R33 14-Vx 15-Vy 16-Vz 17-Wx 18-Wy 19-Wz 20-state 21-PR11 22-PR21 23-PR31 24-PR12 25-PR22 26-PR32 27-PR13 28-PR23 29-PR33 
177.370718 0.004102  0.089878  -0.001134  0.983921  0.171557  -0.049682  -0.170616  0.985077  0.022649  0.052826  -0.013808  0.998508  -0.000019  0.000250  0.000576  0.000000  0.000000  0.000000  2.000000  
177.371723 0.004102  0.089878  -0.001133  0.983921  0.171557  -0.049682  -0.170616  0.985077  0.022649  0.052826  -0.013808  0.998508  -0.000035  0.000174  0.000578  0.000000  0.000000  0.000000  2.000000  
177.372724 0.004102  0.089876  -0.001134  0.983780  0.172369  -0.049663  -0.171426  0.984936  0.022690  0.052826  -0.013808  0.998508  -0.000016  0.000064  0.000525  0.000000  0.000000  0.000000  2.000000  
177.373971 0.004102  0.089874  -0.001134  0.983596  0.173384  -0.049771  -0.172437  0.984757  0.022764  0.052959  -0.013808  0.998501  -0.000045  -0.000148  0.000454  0.000000  0.000000  0.000000  2.000000  
177.374973 0.004102  0.089871  -0.001134  0.983489  0.173998  -0.049736  -0.173045  0.984647  0.022914  0.052959  -0.013929  0.998500  -0.000003  -0.000331  0.000435  0.000000  0.000000  0.000000  2.000000  
177.376225 0.004103  0.089868  -0.001134  0.983411  0.174406  -0.049858  -0.173448  0.984575  0.022958  0.053093  -0.013929  0.998492  0.000081  -0.000573  0.000373  0.000000  0.000000  0.000000  2.000000  
177.377474 0.004104  0.089865  -0.001133  0.983218  0.175423  -0.050098  -0.174458  0.984395  0.023056  0.053360  -0.013929  0.998478  0.000135  -0.000792  0.000371  0.000000  0.000000  0.000000  2.000000  
177.378720 0.004105  0.089863  -0.001132  0.982937  0.176855  -0.050569  -0.175870  0.984137  0.023341  0.053895  -0.014050  0.998448  0.000226  -0.000930  0.000434  0.013677  0.033458  0.180145  2.000000  
177.379727 0.004106  0.089861  -0.001131  0.982705  0.178074  -0.050803  -0.177081  0.983917  0.023451  0.054162  -0.014049  0.998433  0.000260  -0.001088  0.000404  0.015919  0.041863  0.221683  2.000000  
177.380975 0.004106  0.089859  -0.001132  0.982427  0.179497  -0.051163  -0.178493  0.983658  0.023596  0.054563  -0.014049  0.998412  0.000322  -0.001256  0.000307  0.018566  0.054678  0.270248  2.000000  
177.381976 0.004107  0.089857  -0.001134  0.982192  0.180722  -0.051375  -0.179704  0.983432  0.023827  0.054830  -0.014170  0.998395  0.000391  -0.001359  0.000111  0.024910  0.063063  0.311787  2.000000  
177.382976 0.004108  0.089856  -0.001136  0.981962  0.181938  -0.051477  -0.180916  0.983208  0.023914  0.054964  -0.014170  0.998388  0.000445  -0.001458  -0.000052  0.027166  0.066972  0.353275  2.000000  
177.384225 0.004110  0.089856  -0.001135  0.981685  0.183359  -0.051705  -0.182328  0.982944  0.024037  0.055231  -0.014170  0.998373  0.000589  -0.001460  -0.000022  0.029842  0.075312  0.401906  2.000000  
177.385472 0.004112  0.089855  -0.001135  0.981362  0.184983  -0.052059  -0.183940  0.982640  0.024196  0.055632  -0.014169  0.998351  0.000658  -0.001571  -0.000063  0.032917  0.088006  0.457270  2.000000  
177.386508 0.004113  0.089852  -0.001136  0.981081  0.186403  -0.052287  -0.185352  0.982371  0.024321  0.055899  -0.014169  0.998336  0.000775  -0.001738  -0.000172  0.035569  0.096203  0.505146  2.000000  
177.387726 0.004115  0.089848  -0.001138  0.980791  0.187830  -0.052623  -0.186761  0.982098  0.024590  0.056299  -0.014290  0.998312  0.000853  -0.001914  -0.000302  0.042424  0.109074  0.554202  2.000000  
177.388974 0.004116  0.089843  -0.001138  0.980491  0.189253  -0.053112  -0.188169  0.981824  0.024767  0.056834  -0.014289  0.998281  0.000963  -0.002024  -0.000323  0.045229  0.126378  0.602826  2.000000  
177.390224 0.004118  0.089838  -0.001136  0.980228  0.190473  -0.053606  -0.189374  0.981588  0.024934  0.057368  -0.014289  0.998251  0.001071  -0.002163  -0.000158  0.047682  0.143789  0.644579  2.000000  
177.391230 0.004120  0.089833  -0.001134  0.980056  0.191291  -0.053824  -0.190178  0.981428  0.025148  0.057635  -0.014410  0.998234  0.001121  -0.002334  -0.000078  0.053365  0.152327  0.672240  2.000000  
177.392471 0.004123  0.089824  -0.001133  0.979759  0.192711  -0.054181  -0.191586  0.981150  0.025302  0.058036  -0.014410  0.998210  0.001289  -0.002749  -0.000005  0.055746  0.163841  0.715158  2.000000  
177.393485 0.004127  0.089817  -0.001132  0.979546  0.193725  -0.054417  -0.192591  0.980950  0.025409  0.058303  -0.014409  0.998195  0.001476  -0.003134  -0.000022  0.058184  0.173573  0.755193  2.000000  
177.394548 0.004130  0.089810  -0.001131  0.979371  0.194536  -0.054658  -0.193395  0.980789  0.025506  0.058570  -0.014409  0.998179  0.001660  -0.003456  0.000026  0.063768  0.181842  0.781313  2.000000  
177.395722 0.004134  0.089801  -0.001129  0.979196  0.195348  -0.054899  -0.194198  0.980628  0.025603  0.058837  -0.014409  0.998164  0.001865  -0.003910  0.000184  0.065578  0.190899  0.811023  2.000000  
177.396728 0.004137  0.089793  -0.001128  0.979061  0.195957  -0.055146  -0.194800  0.980507  0.025689  0.059105  -0.014409  0.998148  0.002037  -0.004361  0.000434  0.066834  0.199557  0.831698  2.000000  
177.397733 0.004141  0.089785  -0.001127  0.978884  0.196768  -0.055386  -0.195603  0.980344  0.025787  0.059372  -0.014408  0.998132  0.002212  -0.004860  0.000596  0.068490  0.208134  0.859350  2.000000  
177.398975 0.004145  0.089774  -0.001126  0.978707  0.197573  -0.055651  -0.196406  0.980184  0.025766  0.059639  -0.014287  0.998118  0.002343  -0.005608  0.000633  0.066101  0.216837  0.887287  2.000000  
177.399977 0.004148  0.089764  -0.001126  0.978570  0.198182  -0.055897  -0.197007  0.980061  0.025853  0.059906  -0.014287  0.998102  0.002438  -0.006148  0.000644  0.067390  0.225541  0.908148  2.000000  
177.400978 0.004149  0.089755  -0.001125  0.978473  0.198582  -0.056172  -0.197407  0.979982  0.025810  0.060173  -0.014166  0.998087  0.002484  -0.006653  0.000743  0.064164  0.238920  0.922251  2.000000  
177.402227 0.004151  0.089743  -0.001124  0.978425  0.198779  -0.056322  -0.197606  0.979944  0.025729  0.060307  -0.014044  0.998081  0.002464  -0.007133  0.000873  0.059419  0.239136  0.908290  2.000000  
177.403228 0.004152  0.089734  -0.001123  0.978335  0.199184  -0.056442  -0.198008  0.979861  0.025779  0.060440  -0.014044  0.998073  0.002474  -0.007541  0.001060  0.058786  0.239451  0.894924  2.000000  
177.404481 0.004153  0.089722  -0.001121  0.978287  0.199381  -0.056592  -0.198207  0.979823  0.025698  0.060574  -0.013923  0.998067  0.002441  -0.008003  0.001039  0.049488  0.244128  0.873856  2.000000  
177.405724 0.004153  0.089709  -0.001119  0.978205  0.199777  -0.056605  -0.198610  0.979744  0.025602  0.060574  -0.013802  0.998068  0.002283  -0.008437  0.001042  0.045079  0.239794  0.866915  2.000000  
177.406972 0.004152  0.089696  -0.001118  0.978156  0.199974  -0.056755  -0.198810  0.979706  0.025522  0.060707  -0.013681  0.998062  0.002020  -0.008794  0.001030  0.040000  0.235685  0.846274  2.000000  
177.408227 0.004150  0.089682  -0.001117  0.978156  0.199960  -0.056804  -0.198810  0.979712  0.025284  0.060707  -0.013439  0.998065  0.001580  -0.009194  0.000975  0.025555  0.222770  0.804443  2.000000  
177.409472 0.004147  0.089668  -0.001117  0.978148  0.199955  -0.056959  -0.198808  0.979715  0.025192  0.060841  -0.013318  0.998059  0.001133  -0.009552  0.000929  0.019164  0.212821  0.757250  2.000000  
177.410484 0.004144  0.089657  -0.001116  0.978148  0.199948  -0.056983  -0.198808  0.979718  0.025073  0.060841  -0.013196  0.998060  0.000697  -0.009772  0.000907  0.012185  0.201672  0.707262  2.000000  
177.411725 0.004141  0.089643  -0.001113  0.978099  0.200145  -0.057133  -0.199008  0.979679  0.024993  0.060974  -0.013075  0.998054  0.000241  -0.010023  0.000965  0.006154  0.200585  0.667392  2.000000  
177.412745 0.004138  0.089631  -0.001112  0.978099  0.200138  -0.057157  -0.199008  0.979682  0.024874  0.060974  -0.012954  0.998055  -0.000284  -0.010279  0.001015  -0.004664  0.193788  0.624044  2.000000  
177.413975 0.004134  0.089616  -0.001111  0.978099  0.200124  -0.057206  -0.199008  0.979688  0.024636  0.060974  -0.012712  0.998058  -0.000834  -0.010556  0.001023  -0.015553  0.185646  0.575939  2.000000  
177.414979 0.004129  0.089604  -0.001111  0.978148  0.199907  -0.057129  -0.198808  0.979736  0.024360  0.060841  -0.012470  0.998070  -0.001306  -0.010719  0.000981  -0.026883  0.172925  0.520360  2.000000  
177.416228 0.004122  0.089587  -0.001112  0.978156  0.199898  -0.057022  -0.198810  0.979739  0.024215  0.060707  -0.012349  0.998079  -0.001929  -0.011049  0.000847  -0.034160  0.155902  0.465436  2.000000  
177.417476 0.004114  0.089571  -0.001113  0.978115  0.200086  -0.057066  -0.199011  0.979704  0.023989  0.060707  -0.012107  0.998082  -0.002468  -0.011354  0.000728  -0.043444  0.141493  0.433516  2.000000  
177.418488 0.004108  0.089559  -0.001114  0.978115  0.200079  -0.057090  -0.199011  0.979706  0.023870  0.060707  -0.011986  0.998084  -0.002926  -0.011508  0.000599  -0.054692  0.129760  0.388420  2.000000  
177.419726 0.004101  0.089543  -0.001115  0.978164  0.199862  -0.057012  -0.198812  0.979754  0.023594  0.060574  -0.011744  0.998095  -0.003572  -0.011804  0.000404  -0.064721  0.111485  0.344017  2.000000  
177.420975 0.004093  0.089529  -0.001117  0.978205  0.199646  -0.057066  -0.198610  0.979800  0.023344  0.060574  -0.011502  0.998097  -0.004079  -0.011893  0.000086  -0.079618  0.098749  0.295882  2.000000  
177.421985 0.004086  0.089516  -0.001120  0.978205  0.199640  -0.057090  -0.198610  0.979803  0.023226  0.060574  -0.011381  0.998099  -0.004463  -0.012001  -0.000123  -0.086719  0.086596  0.256606  2.000000  
177.423225 0.004077  0.089501  -0.001123  0.978172  0.199833  -0.056979  -0.198813  0.979765  0.023092  0.060440  -0.011260  0.998108  -0.004887  -0.012050  -0.000397  -0.093303  0.069223  0.215124  2.000000  
177.424227 0.004070  0.089489  -0.001127  0.978180  0.199824  -0.056872  -0.198815  0.979768  0.022946  0.060307  -0.011139  0.998118  -0.005236  -0.012138  -0.000653  -0.099215  0.056209  0.187690  2.000000  
177.425254 0.004064  0.089477  -0.001129  0.978180  0.199818  -0.056896  -0.198815  0.979771  0.022828  0.060307  -0.011018  0.998119  -0.005466  -0.012176  -0.000931  0.000000  0.000000  0.000000  2.000000  
177.426511 0.004055  0.089462  -0.001133  0.978229  0.199601  -0.056818  -0.198615  0.979818  0.022552  0.060173  -0.010776  0.998130  -0.005810  -0.012218  -0.001305  0.000000  0.000000  0.000000  2.000000  
177.427725 0.004048  0.089448  -0.001136  0.978229  0.199587  -0.056867  -0.198615  0.979824  0.022314  0.060173  -0.010534  0.998132  -0.006007  -0.012190  -0.001626  0.000000  0.000000  0.000000  2.000000  
177.428971 0.004041  0.089434  -0.001140  0.978229  0.199580  -0.056891  -0.198615  0.979826  0.022195  0.060173  -0.010412  0.998134  -0.006178  -0.012104  -0.001924  0.000000  0.000000  0.000000  2.000000  
177.429979 0.004035  0.089423  -0.001143  0.978229  0.199573  -0.056915  -0.198615  0.979829  0.022076  0.060173  -0.010291  0.998135  -0.006219  -0.012050  -0.002151  0.000000  0.000000  0.000000  2.000000  
177.431239 0.004030  0.089409  -0.001147  0.978237  0.199558  -0.056833  -0.198617  0.979834  0.021812  0.060039  -0.010049  0.998145  -0.006134  -0.011812  -0.002396  0.000000  0.000000  0.000000  2.000000  
177.432478 0.004024  0.089395  -0.001152  0.978237  0.199551  -0.056857  -0.198617  0.979837  0.021693  0.060039  -0.009928  0.998147  -0.006007  -0.011701  -0.002633  0.000000  0.000000  0.000000  2.000000  
177.433489 0.004021  0.089385  -0.001155  0.978244  0.199543  -0.056750  -0.198618  0.979840  0.021548  0.059906  -0.009807  0.998156  -0.005846  -0.011565  -0.002801  0.000000  0.000000  0.000000  2.000000  
177.434726 0.004017  0.089371  -0.001158  0.978244  0.199529  -0.056799  -0.198618  0.979845  0.021310  0.059906  -0.009565  0.998158  -0.005567  -0.011460  -0.002899  0.000000  0.000000  0.000000  2.000000  
177.435726 0.004015  0.089362  -0.001161  0.978244  0.199522  -0.056823  -0.198618  0.979848  0.021191  0.059906  -0.009444  0.998159  -0.005240  -0.011317  -0.002986  0.000000  0.000000  0.000000  2.000000  
177.436975 0.004013  0.089349  -0.001165  0.978244  0.199515  -0.056847  -0.198618  0.979850  0.021072  0.059906  -0.009323  0.998160  -0.004839  -0.011131  -0.002988  0.000000  0.000000  0.000000  2.000000  
177.438223 0.004012  0.089337  -0.001167  0.978244  0.199508  -0.056871  -0.198618  0.979853  0.020953  0.059906  -0.009202  0.998162  -0.004349  -0.010913  -0.002935  0.000000  0.000000  0.000000  2.000000  
177.439476 0.004011  0.089325  -0.001171  0.978244  0.199508  -0.056871  -0.198618  0.979853  0.020953  0.059906  -0.009202  0.998162  -0.003800  -0.010652  -0.002876  0.000000  0.000000  0.000000  2.000000  
177.440721 0.004010  0.089315  -0.001173  0.978244  0.199501  -0.056896  -0.198618  0.979855  0.020835  0.059906  -0.009081  0.998163  -0.003312  -0.010441  -0.002844  0.000000  0.000000  0.000000  2.000000  
177.441722 0.004010  0.089305  -0.001175  0.978244  0.199501  -0.056896  -0.198618  0.979855  0.020835  0.059906  -0.009081  0.998163  -0.002892  -0.010253  -0.002795  0.000000  0.000000  0.000000  2.000000  
177.442723 0.004011  0.089297  -0.001178  0.978244  0.199495  -0.056920  -0.198618  0.979858  0.020716  0.059906  -0.008960  0.998164  -0.002435  -0.010070  -0.002765  0.000000  0.000000  0.000000  2.000000  
177.443723 0.004012  0.089289  -0.001179  0.978203  0.199696  -0.056915  -0.198820  0.979817  0.020727  0.059906  -0.008960  0.998164  -0.001974  -0.009861  -0.002698  0.000000  0.000000  0.000000  2.000000  
177.444723 0.004013  0.089282  -0.001181  0.978203  0.199696  -0.056915  -0.198820  0.979817  0.020727  0.059906  -0.008960  0.998164  -0.001553  -0.009634  -0.002567  0.000000  0.000000  0.000000  2.000000  
177.445971 0.004015  0.089273  -0.001181  0.978203  0.199696  -0.056915  -0.198820  0.979817  0.020727  0.059906  -0.008960  0.998164  -0.001005  -0.009274  -0.002315  0.000000  0.000000  0.000000  2.000000  
177.446979 0.004017  0.089266  -0.001181  0.978203  0.199689  -0.056940  -0.198820  0.979819  0.020609  0.059906  -0.008839  0.998165  -0.000557  -0.008920  -0.002023  0.000000  0.000000  0.000000  2.000000  
177.448231 0.004020  0.089258  -0.001181  0.978163  0.199891  -0.056935  -0.199021  0.979778  0.020620  0.059906  -0.008839  0.998165  -0.000031  -0.008588  -0.001790  0.000000  0.000000  0.000000  2.000000  
177.449477 0.004024  0.089251  -0.001181  0.978163  0.199891  -0.056935  -0.199021  0.979778  0.020620  0.059906  -0.008839  0.998165  0.000452  -0.008187  -0.001511  0.000000  0.000000  0.000000  2.000000  
177.450487 0.004027  0.089244  -0.001180  0.978122  0.200093  -0.056931  -0.199222  0.979737  0.020632  0.059906  -0.008839  0.998165  0.000810  -0.007937  -0.001259  0.000000  0.000000  0.000000  2.000000  
177.451725 0.004030  0.089237  -0.001179  0.978080  0.200295  -0.056927  -0.199424  0.979696  0.020644  0.059906  -0.008839  0.998165  0.001172  -0.007619  -0.000978  0.000000  0.000000  0.000000  2.000000  
177.452974 0.004035  0.089230  -0.001177  0.978080  0.200295  -0.056927  -0.199424  0.979696  0.020644  0.059906  -0.008839  0.998165  0.001519  -0.007301  -0.000693  0.000000  0.000000  0.000000  2.000000  
177.453975 0.004038  0.089225  -0.001176  0.978039  0.200496  -0.056923  -0.199625  0.979655  0.020655  0.059906  -0.008839  0.998165  0.001848  -0.006989  -0.000402  0.000000  0.000000  0.000000  2.000000  
177.455222 0.004042  0.089218  -0.001175  0.977998  0.200698  -0.056918  -0.199826  0.979613  0.020667  0.059906  -0.008839  0.998165  0.002124  -0.006736  -0.000167  0.000000  0.000000  0.000000  2.000000  
177.456225 0.004045  0.089212  -0.001174  0.977957  0.200900  -0.056914  -0.200028  0.979572  0.020679  0.059906  -0.008839  0.998165  0.002356  -0.006523  0.000029  0.000000  0.000000  0.000000  2.000000  
177.457471 0.004049  0.089204  -0.001173  0.977916  0.201108  -0.056886  -0.200229  0.979528  0.020809  0.059906  -0.008960  0.998164  0.002531  -0.006330  0.000270  0.000000  0.000000  0.000000  2.000000  
177.458485 0.004051  0.089198  -0.001172  0.977875  0.201310  -0.056881  -0.200430  0.979487  0.020821  0.059906  -0.008960  0.998164  0.002655  -0.006185  0.000437  0.000000  0.000000  0.000000  2.000000  
177.459723 0.004054  0.089191  -0.001172  0.977833  0.201518  -0.056853  -0.200632  0.979443  0.020952  0.059906  -0.009081  0.998163  0.002691  -0.006044  0.000573  0.000000  0.000000  0.000000  2.000000  
177.460973 0.004056  0.089184  -0.001171  0.977792  0.201720  -0.056848  -0.200833  0.979401  0.020963  0.059906  -0.009081  0.998163  0.002744  -0.005905  0.000676  0.000000  0.000000  0.000000  2.000000  
177.462225 0.004059  0.089177  -0.001171  0.977751  0.201928  -0.056819  -0.201034  0.979357  0.021094  0.059906  -0.009202  0.998162  0.002736  -0.005806  0.000697  0.000000  0.000000  0.000000  2.000000  
177.463229 0.004060  0.089172  -0.001171  0.977709  0.202130  -0.056815  -0.201236  0.979315  0.021106  0.059906  -0.009202  0.998162  0.002656  -0.005751  0.000708  0.000000  0.000000  0.000000  2.000000  
177.464485 0.004062  0.089165  -0.001171  0.977668  0.202339  -0.056786  -0.201437  0.979271  0.021236  0.059906  -0.009323  0.998160  0.002518  -0.005717  0.000632  0.000000  0.000000  0.000000  2.000000  
177.465725 0.004063  0.089158  -0.001172  0.977626  0.202547  -0.056757  -0.201638  0.979227  0.021367  0.059906  -0.009444  0.998159  0.002337  -0.005675  0.000514  0.000000  0.000000  0.000000  2.000000  
177.466727 0.004063  0.089151  -0.001173  0.977585  0.202749  -0.056753  -0.201839  0.979185  0.021378  0.059906  -0.009444  0.998159  0.002151  -0.005711  0.000365  0.000000  0.000000  0.000000  2.000000  
177.467975 0.004064  0.089144  -0.001174  0.977543  0.202957  -0.056724  -0.202041  0.979141  0.021509  0.059906  -0.009565  0.998158  0.001951  -0.005697  0.000193  0.000000  0.000000  0.000000  2.000000  
177.468978 0.004064  0.089139  -0.001175  0.977543  0.202957  -0.056724  -0.202041  0.979141  0.021509  0.059906  -0.009565  0.998158  0.001744  -0.005704  0.000065  0.000000  0.000000  0.000000  2.000000  
177.470228 0.004065  0.089132  -0.001177  0.977543  0.202964  -0.056699  -0.202041  0.979138  0.021627  0.059906  -0.009686  0.998157  0.001467  -0.005738  -0.000116  0.000000  0.000000  0.000000  2.000000  
177.471476 0.004064  0.089124  -0.001178  0.977502  0.203166  -0.056695  -0.202242  0.979096  0.021639  0.059906  -0.009686  0.998157  0.001212  -0.005780  -0.000279  0.000000  0.000000  0.000000  2.000000  
177.472724 0.004063  0.089116  -0.001179  0.977502  0.203172  -0.056670  -0.202242  0.979094  0.021758  0.059906  -0.009807  0.998156  0.000883  -0.005797  -0.000411  0.000000  0.000000  0.000000  2.000000  
177.473725 0.004062  0.089109  -0.001181  0.977460  0.203374  -0.056666  -0.202443  0.979052  0.021770  0.059906  -0.009807  0.998156  0.000743  -0.005843  -0.000571  0.000000  0.000000  0.000000  2.000000  
177.474971 0.004061  0.089100  -0.001183  0.977460  0.203381  -0.056641  -0.202443  0.979049  0.021888  0.059906  -0.009928  0.998155  0.000454  -0.005952  -0.000747  0.000000  0.000000  0.000000  2.000000  
177.476225 0.004060  0.089093  -0.001186  0.977460  0.203381  -0.056641  -0.202443  0.979049  0.021888  0.059906  -0.009928  0.998155  0.000209  -0.005995  -0.000990  0.000000  0.000000  0.000000  2.000000  
177.477225 0.004058  0.089085  -0.001189  0.977460  0.203388  -0.056616  -0.202443  0.979047  0.022007  0.059906  -0.010049  0.998153  -0.000038  -0.006162  -0.001208  0.000000  0.000000  0.000000  2.000000  
177.478227 0.004057  0.089079  -0.001192  0.977460  0.203388  -0.056616  -0.202443  0.979047  0.022007  0.059906  -0.010049  0.998153  -0.000207  -0.006202  -0.001388  0.000000  0.000000  0.000000  2.000000  
177.479478 0.004055  0.089071  -0.001195  0.977502  0.203193  -0.056596  -0.202242  0.979086  0.022114  0.059906  -0.010170  0.998152  -0.000458  -0.006266  -0.001587  0.000000  0.000000  0.000000  2.000000  
177.480726 0.004054  0.089063  -0.001199  0.977502  0.203193  -0.056596  -0.202242  0.979086  0.022114  0.059906  -0.010170  0.998152  -0.000620  -0.006282  -0.001810  0.000000  0.000000  0.000000  2.000000  
177.481729 0.004052  0.089057  -0.001202  0.977502  0.203200  -0.056571  -0.202242  0.979083  0.022233  0.059906  -0.010292  0.998151  -0.000783  -0.006315  -0.001939  0.000000  0.000000  0.000000  2.000000  
177.482979 0.004050  0.089050  -0.001206  0.977543  0.202998  -0.056576  -0.202041  0.979125  0.022221  0.059906  -0.010292  0.998151  -0.000969  -0.006349  -0.002088  0.000000  0.000000  0.000000  2.000000  
177.484225 0.004048  0.089042  -0.001209  0.977543  0.202998  -0.056576  -0.202041  0.979125  0.022221  0.059906  -0.010292  0.998151  -0.001131  -0.006339  -0.002275  0.000000  0.000000  0.000000  2.000000  
177.485226 0.004046  0.089037  -0.001212  0.977585  0.202797  -0.056581  -0.201839  0.979167  0.022210  0.059906  -0.010292  0.998151  -0.001253  -0.006321  -0.002382  0.000000  0.000000  0.000000  2.000000  
177.486230 0.004044  0.089031  -0.001215  0.977585  0.202797  -0.056581  -0.201839  0.979167  0.022210  0.059906  -0.010292  0.998151  -0.001370  -0.006274  -0.002489  0.000000  0.000000  0.000000  2.000000  
177.487480 0.004042  0.089025  -0.001218  0.977626  0.202595  -0.056585  -0.201638  0.979208  0.022198  0.059906  -0.010292  0.998151  -0.001416  -0.006161  -0.002645  0.000000  0.000000  0.000000  2.000000  
177.488723 0.004040  0.089018  -0.001221  0.977626  0.202595  -0.056585  -0.201638  0.979208  0.022198  0.059906  -0.010292  0.998151  -0.001477  -0.006040  -0.002677  0.000000  0.000000  0.000000  2.000000  
177.489972 0.004038  0.089012  -0.001224  0.977668  0.202394  -0.056590  -0.201437  0.979250  0.022186  0.059906  -0.010292  0.998151  -0.001543  -0.005911  -0.002760  0.000000  0.000000  0.000000  2.000000  
177.491227 0.004036  0.089007  -0.001227  0.977668  0.202394  -0.056590  -0.201437  0.979250  0.022186  0.059906  -0.010292  0.998151  -0.001552  -0.005700  -0.002721  0.000000  0.000000  0.000000  2.000000  
177.492479 0.004035  0.089001  -0.001229  0.977668  0.202394  -0.056590  -0.201437  0.979250  0.022186  0.059906  -0.010292  0.998151  -0.001523  -0.005484  -0.002649  0.000000  0.000000  0.000000  2.000000  
177.493486 0.004035  0.088997  -0.001231  0.977709  0.202192  -0.056594  -0.201236  0.979292  0.022175  0.059906  -0.010292  0.998151  -0.001441  -0.005271  -0.002578  0.000000  0.000000  0.000000  2.000000  
177.494721 0.004033  0.088993  -0.001233  0.977709  0.202192  -0.056594  -0.201236  0.979292  0.022175  0.059906  -0.010292  0.998151  -0.001407  -0.005056  -0.002467  0.000000  0.000000  0.000000  2.000000  
177.495722 0.004033  0.088990  -0.001235  0.977751  0.201990  -0.056599  -0.201034  0.979333  0.022163  0.059906  -0.010292  0.998151  -0.001363  -0.004892  -0.002373  0.000000  0.000000  0.000000  2.000000  
177.496729 0.004033  0.088987  -0.001236  0.977751  0.201990  -0.056599  -0.201034  0.979333  0.022163  0.059906  -0.010292  0.998151  -0.001266  -0.004653  -0.002250  0.000000  0.000000  0.000000  2.000000  
177.497975 0.004033  0.088984  -0.001238  0.977751  0.201990  -0.056599  -0.201034  0.979333  0.022163  0.059906  -0.010292  0.998151  -0.001138  -0.004345  -0.002164  0.000000  0.000000  0.000000  2.000000  
177.498996 0.004033  0.088982  -0.001240  0.977751  0.201990  -0.056599  -0.201034  0.979333  0.022163  0.059906  -0.010292  0.998151  -0.001008  -0.004067  -0.002055  0.000000  0.000000  0.000000  2.000000  
177.500229 0.004033  0.088980  -0.001242  0.977751  0.201990  -0.056599  -0.201034  0.979333  0.022163  0.059906  -0.010292  0.998151  -0.000841  -0.003756  -0.001937  0.000000  0.000000  0.000000  2.000000  
177.501477 0.004033  0.088978  -0.001244  0.977751  0.201990  -0.056599  -0.201034  0.979333  0.022163  0.059906  -0.010292  0.998151  -0.000696  -0.003446  -0.001881  0.000000  0.000000  0.000000  2.000000  
177.502493 0.004033  0.088977  -0.001245  0.977751  0.201990  -0.056599  -0.201034  0.979333  0.022163  0.059906  -0.010292  0.998151  -0.000559  -0.003158  -0.001782  0.000000  0.000000  0.000000  2.000000  
177.503726 0.004034  0.088976  -0.001246  0.977751  0.201990  -0.056599  -0.201034  0.979333  0.022163  0.059906  -0.010292  0.998151  -0.000366  -0.002790  -0.001651  0.000000  0.000000  0.000000  2.000000  
177.504971 0.004036  0.088976  -0.001247  0.977717  0.202191  -0.056464  -0.201237  0.979292  0.022148  0.059772  -0.010292  0.998159  -0.000163  -0.002407  -0.001485  0.000000  0.000000  0.000000  2.000000  
177.505971 0.004037  0.088976  -0.001247  0.977717  0.202191  -0.056464  -0.201237  0.979292  0.022148  0.059772  -0.010292  0.998159  0.000073  -0.002059  -0.001393  0.000000  0.000000  0.000000  2.000000  
177.506972 0.004039  0.088976  -0.001247  0.977717  0.202191  -0.056464  -0.201237  0.979292  0.022148  0.059772  -0.010292  0.998159  0.000242  -0.001743  -0.001272  0.000000  0.000000  0.000000  2.000000  
177.508224 0.004040  0.088977  -0.001248  0.977676  0.202392  -0.056459  -0.201439  0.979250  0.022159  0.059772  -0.010292  0.998159  0.000382  -0.001373  -0.001142  0.000000  0.000000  0.000000  2.000000  
177.509224 0.004042  0.088978  -0.001247  0.977676  0.202392  -0.056459  -0.201439  0.979250  0.022159  0.059772  -0.010292  0.998159  0.000544  -0.001076  -0.000975  0.000000  0.000000  0.000000  2.000000  
177.510227 0.004043  0.088979  -0.001248  0.977668  0.202394  -0.056590  -0.201437  0.979250  0.022186  0.059906  -0.010292  0.998151  0.000664  -0.000819  -0.000929  0.000000  0.000000  0.000000  2.000000  
177.511227 0.004045  0.088980  -0.001248  0.977626  0.202595  -0.056585  -0.201638  0.979208  0.022198  0.059906  -0.010292  0.998151  0.000810  -0.000550  -0.000837  0.000000  0.000000  0.000000  2.000000  
177.512476 0.004046  0.088982  -0.001248  0.977626  0.202595  -0.056585  -0.201638  0.979208  0.022198  0.059906  -0.010292  0.998151  0.000924  -0.000236  -0.000717  0.000000  0.000000  0.000000  2.000000  
177.513488 0.004048  0.088983  -0.001248  0.977585  0.202797  -0.056581  -0.201839  0.979167  0.022210  0.059906  -0.010292  0.998151  0.001014  0.000026  -0.000607  0.000000  0.000000  0.000000  2.000000  
177.514491 0.004049  0.088985  -0.001248  0.977585  0.202797  -0.056581  -0.201839  0.979167  0.022210  0.059906  -0.010292  0.998151  0.001091  0.000267  -0.000524  0.000000  0.000000  0.000000  2.000000  
177.515726 0.004050  0.088987  -0.001249  0.977543  0.202998  -0.056576  -0.202041  0.979125  0.022221  0.059906  -0.010292  0.998151  0.001140  0.000519  -0.000470  0.000000  0.000000  0.000000  2.000000  
177.516976 0.004051  0.088988  -0.001250  0.977543  0.202998  -0.056576  -0.202041  0.979125  0.022221  0.059906  -0.010292  0.998151  0.001169  0.000730  -0.000400  0.000000  0.000000  0.000000  2.000000  
177.518092 0.004052  0.088990  -0.001251  0.977543  0.202998  -0.056576  -0.202041  0.979125  0.022221  0.059906  -0.010292  0.998151  0.001208  0.000948  -0.000333  0.000000  0.000000  0.000000  2.000000  
177.519387 0.004053  0.088992  -0.001251  0.977502  0.203200  -0.056571  -0.202242  0.979083  0.022233  0.059906  -0.010292  0.998151  0.001172  0.001104  -0.000303  0.000000  0.000000  0.000000  2.000000  
177.520487 0.004053  0.088994  -0.001251  0.977502  0.203200  -0.056571  -0.202242  0.979083  0.022233  0.059906  -0.010292  0.998151  0.001118  0.001249  -0.000297  0.000000  0.000000  0.000000  2.000000  
177.521489 0.004053  0.088996  -0.001252  0.977502  0.203200  -0.056571  -0.202242  0.979083  0.022233  0.059906  -0.010292  0.998151  0.001029  0.001331  -0.000297  0.000000  0.000000  0.000000  2.000000  
177.522490 0.004053  0.088996  -0.001252  0.977460  0.203401  -0.056567  -0.202443  0.979041  0.022245  0.059906  -0.010292  0.998151  0.000923  0.001337  -0.000295  0.000000  0.000000  0.000000  2.000000  
177.523507 0.004054  0.088998  -0.001253  0.977460  0.203401  -0.056567  -0.202443  0.979041  0.022245  0.059906  -0.010292  0.998151  0.000855  0.001387  -0.000317  0.000000  0.000000  0.000000  2.000000  
177.524729 0.004053  0.088999  -0.001253  0.977460  0.203401  -0.056567  -0.202443  0.979041  0.022245  0.059906  -0.010292  0.998151  0.000681  0.001367  -0.000368  0.000000  0.000000  0.000000  2.000000  
177.525982 0.004053  0.088999  -0.001254  0.977460  0.203401  -0.056567  -0.202443  0.979041  0.022245  0.059906  -0.010292  0.998151  0.000520  0.001295  -0.000396  0.000000  0.000000  0.000000  2.000000  
177.527237 0.004052  0.089000  -0.001255  0.977418  0.203603  -0.056562  -0.202644  0.978999  0.022256  0.059906  -0.010292  0.998151  0.000366  0.001197  -0.000412  0.000000  0.000000  0.000000  2.000000  
177.528285 0.004051  0.089000  -0.001255  0.977418  0.203603  -0.056562  -0.202644  0.978999  0.022256  0.059906  -0.010292  0.998151  0.000204  0.001122  -0.000439  0.000000  0.000000  0.000000  2.000000  
177.529488 0.004050  0.089000  -0.001255  0.977418  0.203603  -0.056562  -0.202644  0.978999  0.022256  0.059906  -0.010292  0.998151  0.000057  0.000987  -0.000438  0.000000  0.000000  0.000000  2.000000  
177.530751 0.004049  0.089000  -0.001255  0.977418  0.203603  -0.056562  -0.202644  0.978999  0.022256  0.059906  -0.010292  0.998151  -0.000081  0.000855  -0.000438  0.000000  0.000000  0.000000  2.000000  
177.531981 0.004048  0.088999  -0.001256  0.977418  0.203603  -0.056562  -0.202644  0.978999  0.022256  0.059906  -0.010292  0.998151  -0.000221  0.000665  -0.000376  0.000000  0.000000  0.000000  2.000000  
177.533229 0.004047  0.088999  -0.001256  0.977418  0.203596  -0.056587  -0.202644  0.979002  0.022137  0.059906  -0.010170  0.998152  -0.000346  0.000513  -0.000403  0.000000  0.000000  0.000000  2.000000  
177.534484 0.004045  0.088997  -0.001257  0.977460  0.203395  -0.056592  -0.202443  0.979044  0.022126  0.059906  -0.010170  0.998152  -0.000502  0.000289  -0.000394  0.000000  0.000000  0.000000  2.000000  
177.535485 0.004045  0.088997  -0.001257  0.977460  0.203395  -0.056592  -0.202443  0.979044  0.022126  0.059906  -0.010170  0.998152  -0.000548  0.000163  -0.000361  0.000000  0.000000  0.000000  2.000000  
177.536728 0.004044  0.088995  -0.001258  0.977460  0.203395  -0.056592  -0.202443  0.979044  0.022126  0.059906  -0.010170  0.998152  -0.000643  -0.000040  -0.000398  0.000000  0.000000  0.000000  2.000000  
177.537990 0.004043  0.088994  -0.001259  0.977460  0.203395  -0.056592  -0.202443  0.979044  0.022126  0.059906  -0.010170  0.998152  -0.000655  -0.000219  -0.000415  0.000000  0.000000  0.000000  2.000000  
177.539231 0.004042  0.088992  -0.001259  0.977460  0.203395  -0.056592  -0.202443  0.979044  0.022126  0.059906  -0.010170  0.998152  -0.000757  -0.000442  -0.000407  0.000000  0.000000  0.000000  2.000000  
177.540236 0.004041  0.088991  -0.001259  0.977460  0.203395  -0.056592  -0.202443  0.979044  0.022126  0.059906  -0.010170  0.998152  -0.000789  -0.000592  -0.000402  0.000000  0.000000  0.000000  2.000000  
177.541239 0.004041  0.088989  -0.001259  0.977502  0.203193  -0.056596  -0.202242  0.979086  0.022114  0.059906  -0.010170  0.998152  -0.000766  -0.000726  -0.000351  0.000000  0.000000  0.000000  2.000000  
177.542492 0.004040  0.088987  -0.001259  0.977502  0.203193  -0.056596  -0.202242  0.979086  0.022114  0.059906  -0.010170  0.998152  -0.000722  -0.000829  -0.000338  0.000000  0.000000  0.000000  2.000000  
177.543495 0.004040  0.088986  -0.001259  0.977502  0.203193  -0.056596  -0.202242  0.979086  0.022114  0.059906  -0.010170  0.998152  -0.000693  -0.000929  -0.000293  0.000000  0.000000  0.000000  2.000000  
177.544743 0.004040  0.088985  -0.001259  0.977502  0.203193  -0.056596  -0.202242  0.979086  0.022114  0.059906  -0.010170  0.998152  -0.000658  -0.001009  -0.000291  0.000000  0.000000  0.000000  2.000000  
177.545988 0.004040  0.088984  -0.001260  0.977502  0.203193  -0.056596  -0.202242  0.979086  0.022114  0.059906  -0.010170  0.998152  -0.000576  -0.001066  -0.000303  0.000000  0.000000  0.000000  2.000000  
177.547234 0.004040  0.088983  -0.001260  0.977502  0.203193  -0.056596  -0.202242  0.979086  0.022114  0.059906  -0.010170  0.998152  -0.000470  -0.001074  -0.000256  0.000000  0.000000  0.000000  2.000000  
177.548488 0.004041  0.088982  -0.001260  0.977502  0.203193  -0.056596  -0.202242  0.979086  0.022114  0.059906  -0.010170  0.998152  -0.000379  -0.001075  -0.000225  0.000000  0.000000  0.000000  2.000000  
177.549728 0.004041  0.088982  -0.001260  0.977502  0.203193  -0.056596  -0.202242  0.979086  0.022114  0.059906  -0.010170  0.998152  -0.000297  -0.001052  -0.000206  0.000000  0.000000  0.000000  2.000000  
177.550981 0.004042  0.088982  -0.001260  0.977502  0.203193  -0.056596  -0.202242  0.979086  0.022114  0.059906  -0.010170  0.998152  -0.000190  -0.000978  -0.000177  0.000000  0.000000  0.000000  2.000000  
177.552236 0.004042  0.088982  -0.001260  0.977502  0.203193  -0.056596  -0.202242  0.979086  0.022114  0.059906  -0.010170  0.998152  -0.000106  -0.000889  -0.000130  0.000000  0.000000  0.000000  2.000000  
177.553491 0.004043  0.088982  -0.001260  0.977502  0.203193  -0.056596  -0.202242  0.979086  0.022114  0.059906  -0.010170  0.998152  -0.000019  -0.000772  -0.000078  0.000000  0.000000  0.000000  2.000000  
177.554737 0.004043  0.088982  -0.001260  0.977502  0.203193  -0.056596  -0.202242  0.979086  0.022114  0.059906  -0.010170  0.998152  0.000098  -0.000607  -0.000064  0.000000  0.000000  0.000000  2.000000  
177.555788 0.004044  0.088982  -0.001260  0.977502  0.203193  -0.056596  -0.202242  0.979086  0.022114  0.059906  -0.010170  0.998152  0.000191  -0.000481  -0.000058  0.000000  0.000000  0.000000  2.000000  
177.556976 0.004044  0.088983  -0.001261  0.977502  0.203193  -0.056596  -0.202242  0.979086  0.022114  0.059906  -0.010170  0.998152  0.000244  -0.000355  -0.000083  0.000000  0.000000  0.000000  2.000000  
177.558224 0.004045  0.088984  -0.001261  0.977502  0.203200  -0.056571  -0.202242  0.979083  0.022233  0.059906  -0.010292  0.998151  0.000352  -0.000155  -0.000079  0.000000  0.000000  0.000000  2.000000  
177.559229 0.004046  0.088985  -0.001261  0.977502  0.203200  -0.056571  -0.202242  0.979083  0.022233  0.059906  -0.010292  0.998151  0.000406  -0.000010  -0.000118  0.000000  0.000000  0.000000  2.000000  
177.560232 0.004047  0.088985  -0.001261  0.977502  0.203200  -0.056571  -0.202242  0.979083  0.022233  0.059906  -0.010292  0.998151  0.000468  0.000089  -0.000133  0.000000  0.000000  0.000000  2.000000  
177.561242 0.004048  0.088987  -0.001261  0.977502  0.203200  -0.056571  -0.202242  0.979083  0.022233  0.059906  -0.010292  0.998151  0.000540  0.000243  -0.000105  0.000000  0.000000  0.000000  2.000000  
177.562477 0.004049  0.088988  -0.001262  0.977502  0.203200  -0.056571  -0.202242  0.979083  0.022233  0.059906  -0.010292  0.998151  0.000586  0.000361  -0.000130  0.000000  0.000000  0.000000  2.000000  
177.563494 0.004050  0.088989  -0.001261  0.977502  0.203200  -0.056571  -0.202242  0.979083  0.022233  0.059906  -0.010292  0.998151  0.000622  0.000499  -0.000091  0.000000  0.000000  0.000000  2.000000  
177.564729 0.004051  0.088991  -0.001262  0.977502  0.203200  -0.056571  -0.202242  0.979083  0.022233  0.059906  -0.010292  0.998151  0.000678  0.000623  -0.000118  0.000000  0.000000  0.000000  2.000000  
177.565983 0.004052  0.088992  -0.001262  0.977502  0.203200  -0.056571  -0.202242  0.979083  0.022233  0.059906  -0.010292  0.998151  0.000694  0.000699  -0.000120  0.000000  0.000000  0.000000  2.000000  
177.567236 0.004053  0.088993  -0.001262  0.977502  0.203200  -0.056571  -0.202242  0.979083  0.022233  0.059906  -0.010292  0.998151  0.000742  0.000802  -0.000102  0.000000  0.000000  0.000000  2.000000  
177.568241 0.004053  0.088994  -0.001262  0.977502  0.203200  -0.056571  -0.202242  0.979083  0.022233  0.059906  -0.010292  0.998151  0.000735  0.000872  -0.000169  0.000000  0.000000  0.000000  2.000000  
177.569484 0.004054  0.088996  -0.001262  0.977502  0.203200  -0.056571  -0.202242  0.979083  0.022233  0.059906  -0.010292  0.998151  0.000726  0.000938  -0.000136  0.000000  0.000000  0.000000  2.000000  
177.570728 0.004055  0.088997  -0.001262  0.977502  0.203200  -0.056571  -0.202242  0.979083  0.022233  0.059906  -0.010292  0.998151  0.000721  0.000966  -0.000148  0.000000  0.000000  0.000000  2.000000  
177.571728 0.004055  0.088997  -0.001262  0.977543  0.202998  -0.056576  -0.202041  0.979125  0.022221  0.059906  -0.010292  0.998151  0.000716  0.000983  -0.000117  0.000000  0.000000  0.000000  2.000000  
177.572731 0.004055  0.088998  -0.001262  0.977543  0.202998  -0.056576  -0.202041  0.979125  0.022221  0.059906  -0.010292  0.998151  0.000653  0.000971  -0.000114  0.000000  0.000000  0.000000  2.000000  
177.573732 0.004055  0.088999  -0.001263  0.977543  0.202998  -0.056576  -0.202041  0.979125  0.022221  0.059906  -0.010292  0.998151  0.000652  0.000970  -0.000114  0.000000  0.000000  0.000000  2.000000  
177.574738 0.004056  0.088999  -0.001263  0.977543  0.202998  -0.056576  -0.202041  0.979125  0.022221  0.059906  -0.010292  0.998151  0.000593  0.000912  -0.000112  0.000000  0.000000  0.000000  2.000000  
177.575738 0.004056  0.089000  -0.001262  0.977543  0.202998  -0.056576  -0.202041  0.979125  0.022221  0.059906  -0.010292  0.998151  0.000579  0.000916  -0.000079  0.000000  0.000000  0.000000  2.000000  
177.576743 0.004056  0.089000  -0.001262  0.977543  0.202998  -0.056576  -0.202041  0.979125  0.022221  0.059906  -0.010292  0.998151  0.000509  0.000843  -0.000076  0.000000  0.000000  0.000000  2.000000  
177.577746 0.004056  0.089000  -0.001262  0.977543  0.202998  -0.056576  -0.202041  0.979125  0.022221  0.059906  -0.010292  0.998151  0.000432  0.000749  -0.000028  0.000000  0.000000  0.000000  2.000000  
177.578984 0.004056  0.089000  -0.001262  0.977543  0.202998  -0.056576  -0.202041  0.979125  0.022221  0.059906  -0.010292  0.998151  0.000370  0.000651  -0.000013  0.000000  0.000000  0.000000  2.000000  
177.580230 0.004056  0.088999  -0.001262  0.977543  0.202991  -0.056601  -0.202041  0.979128  0.022102  0.059906  -0.010170  0.998152  0.000315  0.000529  0.000013  0.000000  0.000000  0.000000  2.000000  
177.581238 0.004056  0.088999  -0.001261  0.977543  0.202991  -0.056601  -0.202041  0.979128  0.022102  0.059906  -0.010170  0.998152  0.000245  0.000454  0.000017  0.000000  0.000000  0.000000  2.000000  
177.582495 0.004056  0.088999  -0.001261  0.977543  0.202991  -0.056601  -0.202041  0.979128  0.022102  0.059906  -0.010170  0.998152  0.000190  0.000331  0.000043  0.000000  0.000000  0.000000  2.000000  
177.583738 0.004055  0.088998  -0.001261  0.977535  0.202993  -0.056731  -0.202039  0.979127  0.022129  0.060039  -0.010170  0.998144  0.000089  0.000186  0.000082  0.000000  0.000000  0.000000  2.000000  
177.584980 0.004055  0.088997  -0.001261  0.977577  0.202791  -0.056736  -0.201838  0.979169  0.022118  0.060039  -0.010170  0.998144  0.000048  0.000057  0.000073  0.000000  0.000000  0.000000  2.000000  
177.585981 0.004054  0.088996  -0.001261  0.977577  0.202791  -0.056736  -0.201838  0.979169  0.022118  0.060039  -0.010170  0.998144  -0.000021  -0.000060  0.000134  0.000000  0.000000  0.000000  2.000000  
177.586981 0.004054  0.088995  -0.001261  0.977577  0.202791  -0.056736  -0.201838  0.979169  0.022118  0.060039  -0.010170  0.998144  -0.000069  -0.000163  0.000116  0.000000  0.000000  0.000000  2.000000  
177.588239 0.004053  0.088994  -0.001260  0.977577  0.202791  -0.056736  -0.201838  0.979169  0.022118  0.060039  -0.010170  0.998144  -0.000139  -0.000282  0.000175  0.000000  0.000000  0.000000  2.000000  
