1-Time 2-Px 3-Py 4-Pz 5-R11 6-R21 7-R31 8-R12 9-R22 10-R32 11-R13 12-R23 13-R33 14-Vx 15-Vy 16-Vz 17-Wx 18-Wy 19-Wz 20-state 21-PR11 22-PR21 23-PR31 24-PR12 25-PR22 26-PR32 27-PR13 28-PR23 29-PR33 
53.491095 0.004770  0.090209  0.002332  0.981586  0.185676  0.044882  -0.186703  0.982216  0.019858  -0.040396  -0.027872  0.998795  -0.000242  -0.000245  -0.000158  0.000000  0.000000  0.000000  2.000000  
53.492099 0.004770  0.090208  0.002332  0.981586  0.185676  0.044882  -0.186703  0.982216  0.019858  -0.040396  -0.027872  0.998795  -0.000203  -0.000242  -0.000125  0.000000  0.000000  0.000000  2.000000  
53.493102 0.004770  0.090206  0.002331  0.981426  0.186481  0.045029  -0.187510  0.982063  0.019796  -0.040530  -0.027872  0.998790  -0.000236  -0.000352  -0.000176  0.000000  0.000000  0.000000  2.000000  
53.494353 0.004770  0.090203  0.002331  0.981144  0.187883  0.045343  -0.188922  0.981792  0.019800  -0.040797  -0.027993  0.998775  -0.000253  -0.000583  -0.000228  0.000000  0.000000  0.000000  2.000000  
53.495601 0.004770  0.090199  0.002329  0.981011  0.188473  0.045772  -0.189525  0.981676  0.019815  -0.041198  -0.028113  0.998755  -0.000225  -0.000835  -0.000286  0.000000  0.000000  0.000000  2.000000  
53.496610 0.004770  0.090196  0.002329  0.980883  0.189072  0.046046  -0.190129  0.981561  0.019736  -0.041466  -0.028113  0.998744  -0.000145  -0.001017  -0.000266  0.000000  0.000000  0.000000  2.000000  
53.497851 0.004772  0.090193  0.002330  0.980732  0.189878  0.045954  -0.190938  0.981402  0.019842  -0.041332  -0.028234  0.998746  -0.000073  -0.001176  -0.000258  0.000000  0.000000  0.000000  2.000000  
53.499100 0.004773  0.090192  0.002330  0.980466  0.191294  0.045744  -0.192353  0.981123  0.019946  -0.041065  -0.028356  0.998754  0.000039  -0.001250  -0.000187  0.004354  -0.032447  0.192848  2.000000  
53.500101 0.004774  0.090191  0.002331  0.980233  0.192510  0.045637  -0.193565  0.980885  0.019916  -0.040931  -0.028356  0.998760  0.000145  -0.001298  -0.000129  0.002679  -0.029102  0.234318  2.000000  
53.501348 0.004775  0.090188  0.002330  0.979908  0.194110  0.045848  -0.195178  0.980563  0.020052  -0.041065  -0.028598  0.998747  0.000254  -0.001491  -0.000173  0.008568  -0.035199  0.289536  2.000000  
53.502600 0.004778  0.090185  0.002329  0.979580  0.195715  0.046036  -0.196790  0.980240  0.020069  -0.041198  -0.028719  0.998738  0.000440  -0.001634  -0.000207  0.014445  -0.041253  0.344627  2.000000  
53.503600 0.004780  0.090184  0.002330  0.979284  0.197120  0.046327  -0.198200  0.979959  0.019950  -0.041466  -0.028719  0.998727  0.000651  -0.001687  -0.000146  0.012420  -0.051613  0.392750  2.000000  
53.504846 0.004784  0.090183  0.002334  0.978863  0.199124  0.046654  -0.200213  0.979550  0.019920  -0.041733  -0.028840  0.998712  0.000894  -0.001764  0.000134  0.013608  -0.062596  0.461643  2.000000  
53.505848 0.004786  0.090181  0.002337  0.978563  0.200522  0.046968  -0.201621  0.979261  0.019917  -0.042000  -0.028960  0.998698  0.001083  -0.001876  0.000328  0.015630  -0.072985  0.509723  2.000000  
53.506849 0.004788  0.090178  0.002338  0.978271  0.201928  0.047022  -0.203031  0.978969  0.019969  -0.042000  -0.029081  0.998694  0.001173  -0.002043  0.000419  0.017431  -0.074597  0.565043  2.000000  
53.508099 0.004790  0.090171  0.002338  0.977930  0.203536  0.047185  -0.204641  0.978636  0.019864  -0.042134  -0.029081  0.998689  0.001346  -0.002327  0.000455  0.015114  -0.080683  0.620309  2.000000  
53.509361 0.004792  0.090165  0.002340  0.977597  0.205145  0.047112  -0.206253  0.978296  0.019932  -0.042000  -0.029203  0.998691  0.001548  -0.002496  0.000701  0.016768  -0.072691  0.670168  2.000000  
53.510598 0.004795  0.090158  0.002344  0.977299  0.206549  0.047166  -0.207661  0.977997  0.019983  -0.042000  -0.029324  0.998687  0.001699  -0.002712  0.000950  0.018987  -0.074713  0.724033  2.000000  
53.511600 0.004798  0.090151  0.002346  0.976993  0.207949  0.047350  -0.209068  0.977696  0.020006  -0.042134  -0.029445  0.998678  0.001829  -0.002983  0.001083  0.021015  -0.080637  0.772246  2.000000  
53.512600 0.004801  0.090143  0.002347  0.976723  0.209149  0.047636  -0.210272  0.977440  0.019891  -0.042401  -0.029444  0.998667  0.001978  -0.003362  0.001166  0.019192  -0.090813  0.813424  2.000000  
53.513605 0.004805  0.090135  0.002347  0.976413  0.210547  0.047821  -0.211679  0.977136  0.019912  -0.042535  -0.029565  0.998657  0.002242  -0.003852  0.001120  0.021485  -0.096516  0.854465  2.000000  
53.514854 0.004810  0.090125  0.002348  0.976096  0.211942  0.048136  -0.213083  0.976831  0.019905  -0.042802  -0.029686  0.998642  0.002479  -0.004485  0.001152  0.023435  -0.106967  0.902714  2.000000  
53.516102 0.004815  0.090113  0.002347  0.975827  0.213144  0.048291  -0.214287  0.976570  0.019817  -0.042936  -0.029686  0.998637  0.002655  -0.005090  0.001169  0.021650  -0.112680  0.944253  2.000000  
53.517353 0.004819  0.090100  0.002347  0.975600  0.214146  0.048442  -0.215290  0.976351  0.019738  -0.043070  -0.029686  0.998631  0.002784  -0.005801  0.001169  0.020139  -0.118152  0.978518  2.000000  
53.518597 0.004823  0.090086  0.002346  0.975333  0.215346  0.048493  -0.216495  0.976083  0.019797  -0.043070  -0.029807  0.998627  0.002854  -0.006542  0.001080  0.022485  -0.119422  1.020090  2.000000  
53.519603 0.004827  0.090075  0.002346  0.975155  0.216149  0.048509  -0.217298  0.975905  0.019757  -0.043070  -0.029807  0.998627  0.002921  -0.007340  0.000811  0.021326  -0.120195  1.047515  2.000000  
53.520851 0.004830  0.090059  0.002346  0.974925  0.217150  0.048660  -0.218301  0.975683  0.019678  -0.043204  -0.029807  0.998622  0.002893  -0.008228  0.000618  0.019812  -0.125704  1.082085  2.000000  
53.521854 0.004831  0.090046  0.002346  0.974784  0.217754  0.048776  -0.218902  0.975552  0.019500  -0.043337  -0.029685  0.998619  0.002856  -0.008862  0.000546  0.014675  -0.129671  1.093761  2.000000  
53.523099 0.004832  0.090029  0.002346  0.974643  0.218359  0.048892  -0.219502  0.975421  0.019322  -0.043471  -0.029564  0.998617  0.002815  -0.009489  0.000538  0.010774  -0.129418  1.086996  2.000000  
53.524100 0.004834  0.090016  0.002347  0.974502  0.218963  0.049007  -0.220103  0.975289  0.019144  -0.043605  -0.029443  0.998615  0.002822  -0.010141  0.000436  0.003658  -0.125215  1.068604  2.000000  
53.525350 0.004835  0.089998  0.002348  0.974309  0.219765  0.049257  -0.220903  0.975112  0.018927  -0.043872  -0.029321  0.998607  0.002682  -0.010826  0.000288  -0.001063  -0.119838  1.066609  2.000000  
53.526354 0.004834  0.089983  0.002349  0.974172  0.220373  0.049242  -0.221505  0.974979  0.018778  -0.043872  -0.029200  0.998610  0.002449  -0.011375  0.000208  -0.009516  -0.115608  1.073884  2.000000  
53.527600 0.004833  0.089964  0.002349  0.974075  0.220777  0.049353  -0.221904  0.974891  0.018610  -0.044006  -0.029079  0.998608  0.002101  -0.012028  0.000142  -0.017089  -0.119660  1.059912  2.000000  
53.528847 0.004831  0.089944  0.002348  0.973983  0.221190  0.049307  -0.222305  0.974804  0.018353  -0.044006  -0.028837  0.998615  0.001645  -0.012594  0.000035  -0.027977  -0.123259  1.032293  2.000000  
53.529855 0.004829  0.089929  0.002347  0.973938  0.221397  0.049284  -0.222506  0.974761  0.018225  -0.044006  -0.028716  0.998619  0.001224  -0.013108  -0.000059  -0.030084  -0.131810  0.992099  2.000000  
53.531101 0.004825  0.089909  0.002346  0.973846  0.221804  0.049265  -0.222907  0.974672  0.018086  -0.044006  -0.028594  0.998622  0.000718  -0.013574  -0.000103  -0.040616  -0.126193  0.950792  2.000000  
53.532353 0.004821  0.089889  0.002346  0.973748  0.222213  0.049349  -0.223307  0.974586  0.017799  -0.044139  -0.028352  0.998623  0.000101  -0.014081  -0.000039  -0.051202  -0.124951  0.909326  2.000000  
53.533600 0.004816  0.089869  0.002344  0.973651  0.222617  0.049459  -0.223706  0.974497  0.017631  -0.044273  -0.028231  0.998621  -0.000572  -0.014566  -0.000152  -0.053535  -0.118435  0.867720  2.000000  
53.534848 0.004809  0.089846  0.002341  0.973599  0.222826  0.049539  -0.223905  0.974456  0.017354  -0.044407  -0.027988  0.998621  -0.001300  -0.015088  -0.000352  -0.063172  -0.108232  0.799303  2.000000  
53.535851 0.004802  0.089828  0.002338  0.973547  0.223035  0.049619  -0.224104  0.974416  0.017078  -0.044540  -0.027746  0.998622  -0.001839  -0.015426  -0.000568  -0.073700  -0.106984  0.757676  2.000000  
53.537101 0.004792  0.089804  0.002334  0.973449  0.223445  0.049702  -0.224504  0.974329  0.016791  -0.044674  -0.027503  0.998623  -0.002693  -0.015936  -0.000878  -0.084232  -0.105766  0.716235  2.000000  
53.538349 0.004782  0.089781  0.002330  0.973397  0.223654  0.049781  -0.224703  0.974287  0.016514  -0.044808  -0.027261  0.998624  -0.003419  -0.016329  -0.001118  -0.089842  -0.112572  0.669015  2.000000  
53.539362 0.004774  0.089764  0.002327  0.973350  0.223860  0.049757  -0.224903  0.974243  0.016386  -0.044808  -0.027140  0.998627  -0.004107  -0.016616  -0.001365  -0.096890  -0.112279  0.632779  2.000000  
53.540599 0.004763  0.089742  0.002324  0.973350  0.223878  0.049676  -0.224903  0.974249  0.016031  -0.044808  -0.026777  0.998637  -0.004746  -0.016830  -0.001627  -0.110879  -0.106207  0.577931  2.000000  
53.541603 0.004754  0.089724  0.002320  0.973298  0.224081  0.049782  -0.225102  0.974206  0.015873  -0.044941  -0.026655  0.998634  -0.005410  -0.017064  -0.001950  -0.118167  -0.105896  0.534847  2.000000  
53.542848 0.004741  0.089701  0.002316  0.973246  0.224291  0.049861  -0.225301  0.974164  0.015596  -0.045075  -0.026413  0.998634  -0.006173  -0.017254  -0.002209  -0.127052  -0.103200  0.497855  2.000000  
53.544100 0.004730  0.089679  0.002312  0.973147  0.224706  0.049916  -0.225701  0.974078  0.015191  -0.045209  -0.026049  0.998638  -0.006807  -0.017442  -0.002400  -0.138308  -0.098119  0.453736  2.000000  
53.545351 0.004718  0.089658  0.002309  0.973095  0.224916  0.049995  -0.225900  0.974036  0.014914  -0.045342  -0.025807  0.998638  -0.007305  -0.017579  -0.002525  -0.149101  -0.092634  0.419300  2.000000  
53.546368 0.004709  0.089641  0.002307  0.973089  0.224924  0.050070  -0.225898  0.974041  0.014648  -0.045476  -0.025564  0.998638  -0.007740  -0.017635  -0.002665  -0.155663  -0.096067  0.384408  2.000000  
53.547604 0.004698  0.089620  0.002304  0.973042  0.225137  0.050019  -0.226099  0.973998  0.014401  -0.045476  -0.025322  0.998644  -0.008212  -0.017745  -0.002823  -0.162693  -0.090810  0.357088  2.000000  
53.548851 0.004687  0.089599  0.002301  0.973036  0.225152  0.050067  -0.226097  0.974004  0.014017  -0.045610  -0.024959  0.998648  -0.008550  -0.017701  -0.002861  -0.177203  -0.094136  0.315550  2.000000  
53.549851 0.004678  0.089583  0.002297  0.972990  0.225365  0.050015  -0.226297  0.973961  0.013770  -0.045610  -0.024716  0.998654  -0.008785  -0.017597  -0.002893  -0.184475  -0.089045  0.294979  2.000000  
53.551100 0.004667  0.089561  0.002293  0.972937  0.225574  0.050093  -0.226496  0.973919  0.013493  -0.045743  -0.024474  0.998653  -0.008842  -0.017466  -0.002939  -0.187606  -0.092904  0.274076  2.000000  
53.552100 0.004659  0.089544  0.002289  0.972931  0.225583  0.050169  -0.226495  0.973923  0.013227  -0.045877  -0.024231  0.998653  -0.008825  -0.017341  -0.002996  -0.194956  -0.092352  0.253468  2.000000  
53.553101 0.004652  0.089528  0.002285  0.972925  0.225592  0.050244  -0.226494  0.973926  0.012960  -0.046010  -0.023989  0.998653  -0.008775  -0.017193  -0.003016  -0.198078  -0.091721  0.232672  2.000000  
53.554102 0.004646  0.089511  0.002282  0.972873  0.225796  0.050350  -0.226693  0.973882  0.012801  -0.046144  -0.023868  0.998650  -0.008699  -0.017137  -0.003052  -0.197487  -0.091323  0.218859  2.000000  
53.555103 0.004640  0.089495  0.002279  0.972867  0.225805  0.050425  -0.226691  0.973886  0.012535  -0.046278  -0.023625  0.998649  -0.008531  -0.017003  -0.003072  -0.200655  -0.086230  0.198243  2.000000  
53.556103 0.004635  0.089481  0.002277  0.972861  0.225814  0.050500  -0.226690  0.973890  0.012268  -0.046411  -0.023383  0.998649  -0.008238  -0.016796  -0.002998  -0.203831  -0.090154  0.177430  2.000000  
53.557347 0.004629  0.089462  0.002273  0.972808  0.226018  0.050606  -0.226889  0.973845  0.012109  -0.046545  -0.023262  0.998645  -0.007810  -0.016573  -0.002995  -0.201884  -0.089218  0.169140  2.000000  
53.558605 0.004624  0.089444  0.002270  0.972802  0.226027  0.050681  -0.226887  0.973849  0.011843  -0.046679  -0.023019  0.998645  -0.007322  -0.016249  -0.002913  -0.202866  -0.094019  0.156566  2.000000  
53.559846 0.004620  0.089426  0.002268  0.972796  0.226030  0.050784  -0.226886  0.973851  0.011694  -0.046812  -0.022898  0.998641  -0.006902  -0.016026  -0.002815  -0.200991  -0.097553  0.148392  2.000000  
53.560848 0.004616  0.089412  0.002266  0.972790  0.226039  0.050859  -0.226884  0.973855  0.011427  -0.046946  -0.022656  0.998640  -0.006500  -0.015796  -0.002798  -0.204686  -0.101787  0.141407  2.000000  
53.561849 0.004613  0.089399  0.002265  0.972737  0.226243  0.050964  -0.227083  0.973810  0.011268  -0.047080  -0.022534  0.998637  -0.006101  -0.015561  -0.002668  -0.204406  -0.101602  0.134574  2.000000  
53.562857 0.004611  0.089386  0.002265  0.972731  0.226246  0.051067  -0.227082  0.973812  0.011120  -0.047213  -0.022413  0.998633  -0.005603  -0.015305  -0.002579  -0.201351  -0.102039  0.121851  2.000000  
53.564101 0.004608  0.089370  0.002265  0.972671  0.226447  0.051302  -0.227279  0.973768  0.010931  -0.047481  -0.022292  0.998623  -0.005055  -0.015001  -0.002326  -0.197338  -0.106533  0.121779  2.000000  
53.565101 0.004607  0.089358  0.002267  0.972665  0.226457  0.051377  -0.227278  0.973772  0.010664  -0.047614  -0.022049  0.998622  -0.004606  -0.014699  -0.001997  -0.201138  -0.106351  0.114902  2.000000  
53.566356 0.004605  0.089344  0.002268  0.972659  0.226460  0.051479  -0.227276  0.973774  0.010515  -0.047748  -0.021928  0.998619  -0.003946  -0.014152  -0.001513  -0.196386  -0.105960  0.101072  2.000000  
53.567601 0.004603  0.089330  0.002271  0.972647  0.226461  0.051712  -0.227273  0.973776  0.010336  -0.048015  -0.021807  0.998609  -0.003465  -0.013735  -0.001069  -0.190452  -0.109372  0.093308  2.000000  
53.568849 0.004602  0.089317  0.002274  0.972594  0.226665  0.051817  -0.227472  0.973731  0.010177  -0.048149  -0.021685  0.998605  -0.003010  -0.013234  -0.000597  -0.187639  -0.114588  0.087081  2.000000  
53.569851 0.004602  0.089307  0.002277  0.972540  0.226869  0.051922  -0.227671  0.973687  0.010018  -0.048283  -0.021564  0.998601  -0.002548  -0.012800  -0.000166  -0.183908  -0.119247  0.093911  2.000000  
53.570851 0.004602  0.089297  0.002279  0.972487  0.227073  0.052026  -0.227870  0.973642  0.009859  -0.048416  -0.021443  0.998597  -0.002225  -0.012458  0.000148  -0.183881  -0.123710  0.093800  2.000000  
53.572100 0.004602  0.089285  0.002283  0.972434  0.227270  0.052158  -0.228068  0.973596  0.009818  -0.048550  -0.021443  0.998591  -0.001869  -0.012056  0.000601  -0.171715  -0.123729  0.093850  2.000000  
53.573352 0.004603  0.089273  0.002286  0.972421  0.227271  0.052391  -0.228065  0.973598  0.009638  -0.048817  -0.021321  0.998580  -0.001471  -0.011591  0.001115  -0.169963  -0.126969  0.086112  2.000000  
53.574602 0.004603  0.089261  0.002291  0.972321  0.227669  0.052525  -0.228464  0.973505  0.009586  -0.048951  -0.021321  0.998574  -0.001147  -0.011180  0.001541  -0.162211  -0.127120  0.092980  2.000000  
53.575605 0.004603  0.089252  0.002294  0.972267  0.227867  0.052657  -0.228663  0.973459  0.009545  -0.049084  -0.021321  0.998567  -0.000894  -0.010887  0.001883  -0.151306  -0.128130  0.093753  2.000000  
53.576609 0.004603  0.089242  0.002297  0.972214  0.228064  0.052789  -0.228861  0.973413  0.009503  -0.049218  -0.021321  0.998560  -0.000690  -0.010651  0.002150  0.000000  0.000000  0.000000  2.000000  
53.577846 0.004602  0.089229  0.002300  0.972154  0.228259  0.053051  -0.229059  0.973367  0.009431  -0.049485  -0.021321  0.998547  -0.000536  -0.010463  0.002378  0.000000  0.000000  0.000000  2.000000  
53.578849 0.004601  0.089218  0.002303  0.972100  0.228457  0.053183  -0.229257  0.973321  0.009390  -0.049619  -0.021320  0.998541  -0.000473  -0.010368  0.002504  0.000000  0.000000  0.000000  2.000000  
53.579860 0.004601  0.089208  0.002306  0.972053  0.228657  0.053185  -0.229457  0.973274  0.009379  -0.049619  -0.021320  0.998541  -0.000388  -0.010183  0.002684  0.000000  0.000000  0.000000  2.000000  
53.581101 0.004601  0.089196  0.002312  0.971999  0.228855  0.053317  -0.229656  0.973227  0.009337  -0.049753  -0.021320  0.998534  -0.000292  -0.010037  0.002923  0.000000  0.000000  0.000000  2.000000  
53.582102 0.004601  0.089186  0.002315  0.971946  0.229052  0.053449  -0.229854  0.973181  0.009295  -0.049886  -0.021320  0.998527  -0.000183  -0.009918  0.003040  0.000000  0.000000  0.000000  2.000000  
53.583349 0.004601  0.089174  0.002320  0.971892  0.229243  0.053609  -0.230053  0.973133  0.009372  -0.050020  -0.021441  0.998518  -0.000113  -0.009854  0.003182  0.000000  0.000000  0.000000  2.000000  
53.584353 0.004600  0.089164  0.002323  0.971838  0.229441  0.053740  -0.230252  0.973086  0.009330  -0.050153  -0.021441  0.998511  -0.000138  -0.009875  0.003150  0.000000  0.000000  0.000000  2.000000  
53.585354 0.004600  0.089153  0.002325  0.971790  0.229641  0.053742  -0.230452  0.973039  0.009319  -0.050153  -0.021441  0.998511  -0.000191  -0.009903  0.003172  0.000000  0.000000  0.000000  2.000000  
53.586364 0.004599  0.089143  0.002328  0.971736  0.229839  0.053874  -0.230650  0.972993  0.009277  -0.050287  -0.021441  0.998505  -0.000245  -0.009894  0.003169  0.000000  0.000000  0.000000  2.000000  
53.587601 0.004597  0.089130  0.002330  0.971689  0.230039  0.053876  -0.230850  0.972945  0.009266  -0.050287  -0.021441  0.998505  -0.000339  -0.010028  0.003056  0.000000  0.000000  0.000000  2.000000  
53.588850 0.004597  0.089117  0.002333  0.971635  0.230230  0.054036  -0.231049  0.972897  0.009342  -0.050421  -0.021562  0.998495  -0.000387  -0.010088  0.002983  0.000000  0.000000  0.000000  2.000000  
53.590101 0.004595  0.089103  0.002335  0.971635  0.230230  0.054036  -0.231049  0.972897  0.009342  -0.050421  -0.021562  0.998495  -0.000493  -0.010226  0.002845  0.000000  0.000000  0.000000  2.000000  
53.591350 0.004594  0.089089  0.002337  0.971587  0.230424  0.054066  -0.231249  0.972849  0.009449  -0.050421  -0.021683  0.998493  -0.000621  -0.010381  0.002677  0.000000  0.000000  0.000000  2.000000  
53.592602 0.004591  0.089073  0.002337  0.971587  0.230424  0.054066  -0.231249  0.972849  0.009449  -0.050421  -0.021683  0.998493  -0.000779  -0.010546  0.002482  0.000000  0.000000  0.000000  2.000000  
53.593846 0.004588  0.089057  0.002337  0.971540  0.230617  0.054096  -0.231449  0.972800  0.009556  -0.050421  -0.021804  0.998490  -0.000904  -0.010703  0.002261  0.000000  0.000000  0.000000  2.000000  
53.594849 0.004586  0.089044  0.002337  0.971540  0.230617  0.054096  -0.231449  0.972800  0.009556  -0.050421  -0.021804  0.998490  -0.001018  -0.010941  0.002035  0.000000  0.000000  0.000000  2.000000  
53.595870 0.004583  0.089031  0.002336  0.971540  0.230611  0.054124  -0.231449  0.972799  0.009674  -0.050421  -0.021925  0.998487  -0.001173  -0.011148  0.001671  0.000000  0.000000  0.000000  2.000000  
53.597101 0.004580  0.089013  0.002335  0.971540  0.230604  0.054152  -0.231449  0.972798  0.009792  -0.050421  -0.022046  0.998485  -0.001404  -0.011499  0.001320  0.000000  0.000000  0.000000  2.000000  
53.598106 0.004577  0.089000  0.002334  0.971546  0.230607  0.054022  -0.231450  0.972797  0.009822  -0.050287  -0.022046  0.998491  -0.001599  -0.011760  0.000927  0.000000  0.000000  0.000000  2.000000  
53.599364 0.004573  0.088983  0.002332  0.971546  0.230601  0.054050  -0.231450  0.972796  0.009940  -0.050287  -0.022167  0.998489  -0.001815  -0.012052  0.000619  0.000000  0.000000  0.000000  2.000000  
53.600601 0.004569  0.088967  0.002332  0.971553  0.230603  0.053920  -0.231452  0.972795  0.009971  -0.050153  -0.022168  0.998495  -0.001986  -0.012240  0.000386  0.000000  0.000000  0.000000  2.000000  
53.601602 0.004566  0.088954  0.002330  0.971553  0.230597  0.053948  -0.231452  0.972794  0.010089  -0.050153  -0.022289  0.998493  -0.002173  -0.012444  0.000116  0.000000  0.000000  0.000000  2.000000  
53.602852 0.004561  0.088937  0.002329  0.971600  0.230397  0.053946  -0.231252  0.972842  0.010101  -0.050153  -0.022289  0.998493  -0.002413  -0.012669  -0.000119  0.000000  0.000000  0.000000  2.000000  
53.604101 0.004556  0.088920  0.002328  0.971607  0.230400  0.053816  -0.231253  0.972841  0.010131  -0.050020  -0.022289  0.998499  -0.002728  -0.012993  -0.000384  0.000000  0.000000  0.000000  2.000000  
53.605103 0.004552  0.088906  0.002328  0.971607  0.230400  0.053816  -0.231253  0.972841  0.010131  -0.050020  -0.022289  0.998499  -0.002929  -0.013142  -0.000478  0.000000  0.000000  0.000000  2.000000  
53.606354 0.004547  0.088890  0.002328  0.971607  0.230400  0.053816  -0.231253  0.972841  0.010131  -0.050020  -0.022289  0.998499  -0.003139  -0.013271  -0.000585  0.000000  0.000000  0.000000  2.000000  
53.607599 0.004542  0.088873  0.002327  0.971661  0.230196  0.053712  -0.231055  0.972886  0.010291  -0.049886  -0.022410  0.998503  -0.003292  -0.013338  -0.000641  0.000000  0.000000  0.000000  2.000000  
53.608602 0.004537  0.088860  0.002327  0.971661  0.230196  0.053712  -0.231055  0.972886  0.010291  -0.049886  -0.022410  0.998503  -0.003441  -0.013365  -0.000640  0.000000  0.000000  0.000000  2.000000  
53.609849 0.004531  0.088843  0.002327  0.971661  0.230196  0.053712  -0.231055  0.972886  0.010291  -0.049886  -0.022410  0.998503  -0.003634  -0.013387  -0.000664  0.000000  0.000000  0.000000  2.000000  
53.611096 0.004525  0.088826  0.002327  0.971661  0.230196  0.053712  -0.231055  0.972886  0.010291  -0.049886  -0.022410  0.998503  -0.003824  -0.013436  -0.000624  0.000000  0.000000  0.000000  2.000000  
53.612096 0.004521  0.088812  0.002327  0.971661  0.230189  0.053739  -0.231055  0.972885  0.010409  -0.049886  -0.022531  0.998501  -0.003906  -0.013422  -0.000560  0.000000  0.000000  0.000000  2.000000  
53.613108 0.004517  0.088799  0.002327  0.971667  0.230192  0.053610  -0.231056  0.972884  0.010440  -0.049753  -0.022531  0.998507  -0.004009  -0.013412  -0.000470  0.000000  0.000000  0.000000  2.000000  
53.614357 0.004512  0.088783  0.002327  0.971667  0.230192  0.053610  -0.231056  0.972884  0.010440  -0.049753  -0.022531  0.998507  -0.004078  -0.013337  -0.000362  0.000000  0.000000  0.000000  2.000000  
53.615601 0.004508  0.088768  0.002328  0.971667  0.230186  0.053637  -0.231056  0.972883  0.010558  -0.049753  -0.022653  0.998505  -0.004131  -0.013296  -0.000181  0.000000  0.000000  0.000000  2.000000  
53.616604 0.004504  0.088755  0.002329  0.971667  0.230186  0.053637  -0.231056  0.972883  0.010558  -0.049753  -0.022653  0.998505  -0.004151  -0.013223  -0.000075  0.000000  0.000000  0.000000  2.000000  
53.617850 0.004500  0.088740  0.002329  0.971661  0.230183  0.053767  -0.231055  0.972884  0.010527  -0.049886  -0.022652  0.998498  -0.004111  -0.013150  0.000030  0.000000  0.000000  0.000000  2.000000  
53.618851 0.004497  0.088728  0.002330  0.971661  0.230183  0.053767  -0.231055  0.972884  0.010527  -0.049886  -0.022652  0.998498  -0.004033  -0.013020  0.000069  0.000000  0.000000  0.000000  2.000000  
53.620099 0.004493  0.088713  0.002330  0.971613  0.230383  0.053770  -0.231255  0.972836  0.010516  -0.049886  -0.022652  0.998498  -0.003919  -0.012892  0.000142  0.000000  0.000000  0.000000  2.000000  
53.621102 0.004490  0.088701  0.002330  0.971613  0.230383  0.053770  -0.231255  0.972836  0.010516  -0.049886  -0.022652  0.998498  -0.003824  -0.012800  0.000167  0.000000  0.000000  0.000000  2.000000  
53.622347 0.004487  0.088687  0.002332  0.971613  0.230383  0.053770  -0.231255  0.972836  0.010516  -0.049886  -0.022652  0.998498  -0.003688  -0.012629  0.000286  0.000000  0.000000  0.000000  2.000000  
53.623352 0.004485  0.088676  0.002333  0.971566  0.230583  0.053772  -0.231455  0.972789  0.010505  -0.049886  -0.022652  0.998498  -0.003548  -0.012447  0.000376  0.000000  0.000000  0.000000  2.000000  
53.624603 0.004483  0.088663  0.002334  0.971566  0.230583  0.053772  -0.231455  0.972789  0.010505  -0.049886  -0.022652  0.998498  -0.003290  -0.012207  0.000502  0.000000  0.000000  0.000000  2.000000  
53.625849 0.004481  0.088651  0.002336  0.971512  0.230781  0.053904  -0.231653  0.972742  0.010463  -0.050020  -0.022652  0.998491  -0.002983  -0.011867  0.000646  0.000000  0.000000  0.000000  2.000000  
53.627102 0.004480  0.088638  0.002338  0.971464  0.230981  0.053906  -0.231853  0.972695  0.010452  -0.050020  -0.022652  0.998491  -0.002702  -0.011581  0.000782  0.000000  0.000000  0.000000  2.000000  
53.628104 0.004479  0.088628  0.002339  0.971464  0.230981  0.053906  -0.231853  0.972695  0.010452  -0.050020  -0.022652  0.998491  -0.002509  -0.011420  0.000817  0.000000  0.000000  0.000000  2.000000  
53.629364 0.004478  0.088616  0.002340  0.971416  0.231181  0.053908  -0.232053  0.972647  0.010441  -0.050020  -0.022652  0.998491  -0.002237  -0.011086  0.000889  0.000000  0.000000  0.000000  2.000000  
53.630600 0.004477  0.088604  0.002341  0.971368  0.231381  0.053910  -0.232253  0.972599  0.010430  -0.050020  -0.022652  0.998491  -0.002031  -0.010929  0.000847  0.000000  0.000000  0.000000  2.000000  
53.631604 0.004477  0.088595  0.002342  0.971320  0.231581  0.053912  -0.232453  0.972552  0.010419  -0.050020  -0.022652  0.998491  -0.001763  -0.010656  0.000880  0.000000  0.000000  0.000000  2.000000  
53.632850 0.004477  0.088584  0.002343  0.971273  0.231782  0.053915  -0.232653  0.972504  0.010408  -0.050020  -0.022652  0.998491  -0.001489  -0.010382  0.000917  0.000000  0.000000  0.000000  2.000000  
53.633851 0.004477  0.088575  0.002343  0.971225  0.231982  0.053917  -0.232853  0.972456  0.010397  -0.050020  -0.022652  0.998491  -0.001270  -0.010183  0.000923  0.000000  0.000000  0.000000  2.000000  
53.635101 0.004477  0.088563  0.002343  0.971177  0.232182  0.053919  -0.233053  0.972409  0.010386  -0.050020  -0.022652  0.998491  -0.001066  -0.009939  0.000905  0.000000  0.000000  0.000000  2.000000  
53.636101 0.004477  0.088555  0.002344  0.971129  0.232382  0.053921  -0.233253  0.972361  0.010374  -0.050020  -0.022652  0.998491  -0.000913  -0.009753  0.000913  0.000000  0.000000  0.000000  2.000000  
53.637355 0.004477  0.088544  0.002345  0.971033  0.232783  0.053925  -0.233653  0.972265  0.010352  -0.050020  -0.022652  0.998491  -0.000680  -0.009492  0.000859  0.000000  0.000000  0.000000  2.000000  
53.638596 0.004477  0.088534  0.002345  0.970984  0.232989  0.053899  -0.233853  0.972218  0.010223  -0.050020  -0.022531  0.998494  -0.000518  -0.009282  0.000781  0.000000  0.000000  0.000000  2.000000  
53.639598 0.004477  0.088527  0.002346  0.970936  0.233189  0.053901  -0.234053  0.972170  0.010212  -0.050020  -0.022531  0.998494  -0.000393  -0.009088  0.000753  0.000000  0.000000  0.000000  2.000000  
53.640599 0.004477  0.088519  0.002346  0.970895  0.233393  0.053773  -0.234254  0.972122  0.010232  -0.049886  -0.022531  0.998501  -0.000322  -0.008969  0.000696  0.000000  0.000000  0.000000  2.000000  
53.641600 0.004477  0.088511  0.002347  0.970846  0.233593  0.053776  -0.234454  0.972073  0.010221  -0.049886  -0.022531  0.998501  -0.000266  -0.008821  0.000596  0.000000  0.000000  0.000000  2.000000  
53.642846 0.004476  0.088501  0.002347  0.970798  0.233793  0.053778  -0.234654  0.972025  0.010210  -0.049886  -0.022531  0.998501  -0.000224  -0.008631  0.000564  0.000000  0.000000  0.000000  2.000000  
53.643851 0.004476  0.088493  0.002347  0.970750  0.233993  0.053780  -0.234854  0.971977  0.010199  -0.049886  -0.022531  0.998501  -0.000181  -0.008472  0.000494  0.000000  0.000000  0.000000  2.000000  
53.645096 0.004476  0.088484  0.002348  0.970701  0.234193  0.053782  -0.235054  0.971929  0.010188  -0.049886  -0.022531  0.998501  -0.000102  -0.008291  0.000497  0.000000  0.000000  0.000000  2.000000  
53.646108 0.004475  0.088476  0.002348  0.970653  0.234393  0.053784  -0.235253  0.971881  0.010177  -0.049886  -0.022531  0.998501  -0.000135  -0.008173  0.000416  0.000000  0.000000  0.000000  2.000000  
53.647445 0.004474  0.088467  0.002349  0.970605  0.234593  0.053786  -0.235453  0.971832  0.010166  -0.049886  -0.022531  0.998501  -0.000223  -0.008039  0.000408  0.000000  0.000000  0.000000  2.000000  
53.648645 0.004473  0.088457  0.002349  0.970556  0.234793  0.053788  -0.235653  0.971784  0.010155  -0.049886  -0.022531  0.998501  -0.000288  -0.007930  0.000413  0.000000  0.000000  0.000000  2.000000  
53.649854 0.004472  0.088448  0.002350  0.970507  0.234993  0.053790  -0.235853  0.971736  0.010144  -0.049886  -0.022531  0.998501  -0.000347  -0.007841  0.000430  0.000000  0.000000  0.000000  2.000000  
53.650854 0.004470  0.088440  0.002350  0.970459  0.235200  0.053764  -0.236053  0.971689  0.010015  -0.049886  -0.022410  0.998503  -0.000415  -0.007788  0.000404  0.000000  0.000000  0.000000  2.000000  
53.652103 0.004469  0.088430  0.002350  0.970410  0.235400  0.053766  -0.236252  0.971640  0.010004  -0.049886  -0.022410  0.998503  -0.000529  -0.007759  0.000390  -0.016781  -0.003897  0.172706  2.000000  
53.653354 0.004468  0.088421  0.002350  0.970410  0.235400  0.053766  -0.236252  0.971640  0.010004  -0.049886  -0.022410  0.998503  -0.000603  -0.007675  0.000352  0.000000  0.000000  0.000000  2.000000  
53.654358 0.004466  0.088413  0.002350  0.970362  0.235600  0.053768  -0.236452  0.971592  0.009993  -0.049886  -0.022410  0.998503  -0.000719  -0.007712  0.000319  -0.016782  -0.003897  0.172711  2.000000  
53.655599 0.004464  0.088404  0.002350  0.970362  0.235600  0.053768  -0.236452  0.971592  0.009993  -0.049886  -0.022410  0.998503  -0.000853  -0.007679  0.000240  0.000000  0.000000  0.000000  2.000000  
53.656599 0.004463  0.088396  0.002349  0.970313  0.235806  0.053741  -0.236652  0.971544  0.009864  -0.049886  -0.022289  0.998506  -0.000905  -0.007631  0.000183  0.000000  0.000000  0.000000  2.000000  
53.657599 0.004461  0.088389  0.002349  0.970313  0.235806  0.053741  -0.236652  0.971544  0.009864  -0.049886  -0.022289  0.998506  -0.000995  -0.007630  0.000149  0.000000  0.000000  0.000000  2.000000  
53.658606 0.004459  0.088380  0.002349  0.970313  0.235806  0.053741  -0.236652  0.971544  0.009864  -0.049886  -0.022289  0.998506  -0.001124  -0.007679  0.000080  0.000000  0.000000  0.000000  2.000000  
53.659846 0.004457  0.088371  0.002349  0.970313  0.235806  0.053741  -0.236652  0.971544  0.009864  -0.049886  -0.022289  0.998506  -0.001284  -0.007703  0.000050  0.000000  0.000000  0.000000  2.000000  
53.660847 0.004455  0.088363  0.002349  0.970264  0.236013  0.053715  -0.236852  0.971497  0.009735  -0.049886  -0.022168  0.998509  -0.001405  -0.007727  -0.000005  0.000000  0.000000  0.000000  2.000000  
53.661848 0.004452  0.088354  0.002349  0.970264  0.236013  0.053715  -0.236852  0.971497  0.009735  -0.049886  -0.022168  0.998509  -0.001482  -0.007778  -0.000014  0.000000  0.000000  0.000000  2.000000  
53.662855 0.004450  0.088346  0.002348  0.970264  0.236013  0.053715  -0.236852  0.971497  0.009735  -0.049886  -0.022168  0.998509  -0.001574  -0.007782  -0.000049  0.000000  0.000000  0.000000  2.000000  
53.664101 0.004447  0.088336  0.002348  0.970313  0.235819  0.053684  -0.236652  0.971547  0.009628  -0.049886  -0.022047  0.998512  -0.001679  -0.007804  -0.000135  0.000000  0.000000  0.000000  2.000000  
53.665101 0.004445  0.088328  0.002348  0.970313  0.235819  0.053684  -0.236652  0.971547  0.009628  -0.049886  -0.022047  0.998512  -0.001763  -0.007828  -0.000157  0.000000  0.000000  0.000000  2.000000  
53.666353 0.004441  0.088318  0.002346  0.970313  0.235819  0.053684  -0.236652  0.971547  0.009628  -0.049886  -0.022047  0.998512  -0.001915  -0.007880  -0.000233  0.000000  0.000000  0.000000  2.000000  
53.667387 0.004439  0.088310  0.002346  0.970313  0.235826  0.053656  -0.236652  0.971548  0.009510  -0.049886  -0.021926  0.998514  -0.002024  -0.007891  -0.000286  0.000000  0.000000  0.000000  2.000000  
53.668604 0.004435  0.088300  0.002345  0.970313  0.235826  0.053656  -0.236652  0.971548  0.009510  -0.049886  -0.021926  0.998514  -0.002112  -0.007908  -0.000354  0.000000  0.000000  0.000000  2.000000  
53.669850 0.004433  0.088291  0.002344  0.970362  0.235626  0.053654  -0.236452  0.971596  0.009521  -0.049886  -0.021926  0.998514  -0.002222  -0.007963  -0.000397  0.000000  0.000000  0.000000  2.000000  
53.671101 0.004429  0.088281  0.002344  0.970362  0.235632  0.053625  -0.236452  0.971598  0.009403  -0.049886  -0.021805  0.998517  -0.002287  -0.007931  -0.000409  0.000000  0.000000  0.000000  2.000000  
53.672351 0.004426  0.088271  0.002342  0.970362  0.235632  0.053625  -0.236452  0.971598  0.009403  -0.049886  -0.021805  0.998517  -0.002378  -0.007929  -0.000443  0.000000  0.000000  0.000000  2.000000  
53.673599 0.004422  0.088262  0.002341  0.970362  0.235632  0.053625  -0.236452  0.971598  0.009403  -0.049886  -0.021805  0.998517  -0.002476  -0.007904  -0.000490  0.000000  0.000000  0.000000  2.000000  
53.674600 0.004420  0.088254  0.002341  0.970362  0.235639  0.053596  -0.236452  0.971599  0.009286  -0.049886  -0.021683  0.998520  -0.002512  -0.007904  -0.000525  0.000000  0.000000  0.000000  2.000000  
53.675608 0.004417  0.088247  0.002340  0.970410  0.235439  0.053595  -0.236252  0.971647  0.009297  -0.049886  -0.021683  0.998520  -0.002510  -0.007855  -0.000582  0.000000  0.000000  0.000000  2.000000  
53.676847 0.004414  0.088237  0.002339  0.970410  0.235439  0.053595  -0.236252  0.971647  0.009297  -0.049886  -0.021683  0.998520  -0.002549  -0.007816  -0.000667  0.000000  0.000000  0.000000  2.000000  
53.678100 0.004411  0.088228  0.002338  0.970410  0.235439  0.053595  -0.236252  0.971647  0.009297  -0.049886  -0.021683  0.998520  -0.002563  -0.007767  -0.000691  0.000000  0.000000  0.000000  2.000000  
53.679100 0.004408  0.088220  0.002337  0.970410  0.235445  0.053566  -0.236252  0.971648  0.009179  -0.049886  -0.021562  0.998522  -0.002591  -0.007711  -0.000683  0.000000  0.000000  0.000000  2.000000  
53.680106 0.004406  0.088213  0.002336  0.970417  0.235448  0.053436  -0.236254  0.971648  0.009210  -0.049753  -0.021562  0.998529  -0.002592  -0.007665  -0.000746  0.000000  0.000000  0.000000  2.000000  
53.681360 0.004403  0.088205  0.002336  0.970417  0.235448  0.053436  -0.236254  0.971648  0.009210  -0.049753  -0.021562  0.998529  -0.002557  -0.007552  -0.000695  0.000000  0.000000  0.000000  2.000000  
53.682366 0.004401  0.088198  0.002335  0.970417  0.235448  0.053436  -0.236254  0.971648  0.009210  -0.049753  -0.021562  0.998529  -0.002498  -0.007471  -0.000705  0.000000  0.000000  0.000000  2.000000  
53.683599 0.004399  0.088190  0.002335  0.970417  0.235448  0.053436  -0.236254  0.971648  0.009210  -0.049753  -0.021562  0.998529  -0.002447  -0.007360  -0.000686  0.000000  0.000000  0.000000  2.000000  
53.684601 0.004397  0.088184  0.002334  0.970417  0.235448  0.053436  -0.236254  0.971648  0.009210  -0.049753  -0.021562  0.998529  -0.002413  -0.007250  -0.000636  0.000000  0.000000  0.000000  2.000000  
53.685850 0.004395  0.088176  0.002334  0.970417  0.235448  0.053436  -0.236254  0.971648  0.009210  -0.049753  -0.021562  0.998529  -0.002317  -0.007116  -0.000635  0.000000  0.000000  0.000000  2.000000  
53.686851 0.004394  0.088170  0.002333  0.970368  0.235648  0.053438  -0.236454  0.971599  0.009199  -0.049753  -0.021562  0.998529  -0.002220  -0.007027  -0.000611  0.000000  0.000000  0.000000  2.000000  
53.687854 0.004393  0.088164  0.002333  0.970368  0.235648  0.053438  -0.236454  0.971599  0.009199  -0.049753  -0.021562  0.998529  -0.002112  -0.006912  -0.000596  0.000000  0.000000  0.000000  2.000000  
53.689095 0.004392  0.088157  0.002333  0.970368  0.235648  0.053438  -0.236454  0.971599  0.009199  -0.049753  -0.021562  0.998529  -0.001970  -0.006725  -0.000555  0.000000  0.000000  0.000000  2.000000  
53.690102 0.004390  0.088151  0.002333  0.970368  0.235648  0.053438  -0.236454  0.971599  0.009199  -0.049753  -0.021562  0.998529  -0.001874  -0.006602  -0.000508  0.000000  0.000000  0.000000  2.000000  
53.691352 0.004389  0.088144  0.002332  0.970368  0.235648  0.053438  -0.236454  0.971599  0.009199  -0.049753  -0.021562  0.998529  -0.001700  -0.006426  -0.000490  0.000000  0.000000  0.000000  2.000000  
53.692602 0.004389  0.088137  0.002332  0.970368  0.235648  0.053438  -0.236454  0.971599  0.009199  -0.049753  -0.021562  0.998529  -0.001542  -0.006245  -0.000441  0.000000  0.000000  0.000000  2.000000  
53.693848 0.004388  0.088131  0.002331  0.970368  0.235648  0.053438  -0.236454  0.971599  0.009199  -0.049753  -0.021562  0.998529  -0.001338  -0.006047  -0.000403  0.000000  0.000000  0.000000  2.000000  
53.694848 0.004388  0.088127  0.002332  0.970319  0.235848  0.053440  -0.236654  0.971551  0.009188  -0.049753  -0.021562  0.998529  -0.001216  -0.005893  -0.000321  0.000000  0.000000  0.000000  2.000000  
53.696108 0.004388  0.088121  0.002332  0.970319  0.235848  0.053440  -0.236654  0.971551  0.009188  -0.049753  -0.021562  0.998529  -0.000982  -0.005685  -0.000271  0.000000  0.000000  0.000000  2.000000  
53.697355 0.004389  0.088115  0.002332  0.970319  0.235848  0.053440  -0.236654  0.971551  0.009188  -0.049753  -0.021562  0.998529  -0.000846  -0.005569  -0.000211  0.000000  0.000000  0.000000  2.000000  
53.698367 0.004389  0.088111  0.002332  0.970319  0.235848  0.053440  -0.236654  0.971551  0.009188  -0.049753  -0.021562  0.998529  -0.000658  -0.005343  -0.000160  0.000000  0.000000  0.000000  2.000000  
53.699603 0.004390  0.088106  0.002333  0.970319  0.235848  0.053440  -0.236654  0.971551  0.009188  -0.049753  -0.021562  0.998529  -0.000493  -0.005194  -0.000098  0.000000  0.000000  0.000000  2.000000  
53.700852 0.004391  0.088101  0.002333  0.970271  0.236048  0.053442  -0.236853  0.971502  0.009177  -0.049753  -0.021562  0.998529  -0.000272  -0.004960  -0.000006  0.000000  0.000000  0.000000  2.000000  
53.702101 0.004392  0.088096  0.002333  0.970271  0.236048  0.053442  -0.236853  0.971502  0.009177  -0.049753  -0.021562  0.998529  -0.000145  -0.004812  -0.000007  0.000000  0.000000  0.000000  2.000000  
53.703101 0.004392  0.088093  0.002334  0.970271  0.236048  0.053442  -0.236853  0.971502  0.009177  -0.049753  -0.021562  0.998529  0.000014  -0.004632  0.000071  0.000000  0.000000  0.000000  2.000000  
53.704101 0.004393  0.088089  0.002334  0.970271  0.236042  0.053470  -0.236853  0.971501  0.009295  -0.049753  -0.021684  0.998526  0.000095  -0.004499  0.000110  0.000000  0.000000  0.000000  2.000000  
53.705353 0.004394  0.088084  0.002334  0.970271  0.236042  0.053470  -0.236853  0.971501  0.009295  -0.049753  -0.021684  0.998526  0.000207  -0.004374  0.000151  0.000000  0.000000  0.000000  2.000000  
53.706370 0.004395  0.088082  0.002335  0.970271  0.236042  0.053470  -0.236853  0.971501  0.009295  -0.049753  -0.021684  0.998526  0.000380  -0.004163  0.000187  0.000000  0.000000  0.000000  2.000000  
53.707599 0.004396  0.088078  0.002335  0.970228  0.236245  0.053343  -0.237055  0.971452  0.009316  -0.049619  -0.021684  0.998533  0.000475  -0.003996  0.000203  0.000000  0.000000  0.000000  2.000000  
53.708606 0.004396  0.088074  0.002335  0.970228  0.236245  0.053343  -0.237055  0.971452  0.009316  -0.049619  -0.021684  0.998533  0.000542  -0.003853  0.000208  0.000000  0.000000  0.000000  2.000000  
