1-Time 2-Px 3-Py 4-Pz 5-R11 6-R21 7-R31 8-R12 9-R22 10-R32 11-R13 12-R23 13-R33 14-Vx 15-Vy 16-Vz 17-Wx 18-Wy 19-Wz 20-state 21-PR11 22-PR21 23-PR31 24-PR12 25-PR22 26-PR32 27-PR13 28-PR23 29-PR33 
39.411582 0.009001  0.091276  0.000098  0.985173  0.169001  0.029553  -0.169997  0.984813  0.035263  -0.023145  -0.039764  0.998941  -0.000841  0.000634  0.002351  0.000000  0.000000  0.000000  2.000000  
39.412589 0.008999  0.091277  0.000101  0.985138  0.169200  0.029581  -0.170200  0.984774  0.035376  -0.023145  -0.039885  0.998936  -0.000847  0.000618  0.002401  0.000000  0.000000  0.000000  2.000000  
39.413592 0.009000  0.091276  0.000103  0.984997  0.170011  0.029610  -0.171011  0.984635  0.035352  -0.023145  -0.039885  0.998936  -0.000793  0.000530  0.002369  0.000000  0.000000  0.000000  2.000000  
39.414837 0.009000  0.091274  0.000105  0.984815  0.171010  0.029931  -0.172024  0.984457  0.035395  -0.023413  -0.040006  0.998925  -0.000668  0.000388  0.002362  0.000000  0.000000  0.000000  2.000000  
39.415840 0.009001  0.091273  0.000108  0.984705  0.171609  0.030105  -0.172632  0.984348  0.035473  -0.023546  -0.040127  0.998917  -0.000535  0.000219  0.002367  0.000000  0.000000  0.000000  2.000000  
39.417087 0.009002  0.091270  0.000110  0.984595  0.172205  0.030300  -0.173239  0.984234  0.035670  -0.023680  -0.040370  0.998904  -0.000379  0.000020  0.002352  0.000000  0.000000  0.000000  2.000000  
39.418348 0.009005  0.091269  0.000113  0.984455  0.173017  0.030219  -0.174050  0.984086  0.035788  -0.023546  -0.040491  0.998902  -0.000137  -0.000153  0.002353  0.000000  0.000000  0.000000  2.000000  
39.419351 0.009007  0.091269  0.000116  0.984282  0.174033  0.030035  -0.175065  0.983897  0.036042  -0.023279  -0.040733  0.998899  0.000074  -0.000183  0.002400  0.000000  0.000000  0.000000  2.000000  
39.420584 0.009010  0.091268  0.000119  0.983998  0.175660  0.029853  -0.176687  0.983603  0.036159  -0.023011  -0.040855  0.998900  0.000331  -0.000276  0.002406  0.035640  0.000075  0.221524  2.000000  
39.421837 0.009013  0.091266  0.000121  0.983742  0.177070  0.029948  -0.178105  0.983340  0.036354  -0.023011  -0.041097  0.998890  0.000585  -0.000493  0.002286  0.042345  -0.001893  0.267834  2.000000  
39.423084 0.009017  0.091265  0.000123  0.983482  0.178475  0.030175  -0.179522  0.983076  0.036526  -0.023145  -0.041339  0.998877  0.000972  -0.000573  0.002209  0.049689  -0.008395  0.318140  2.000000  
39.424087 0.009021  0.091265  0.000125  0.983259  0.179685  0.030242  -0.180736  0.982850  0.036608  -0.023145  -0.041461  0.998872  0.001283  -0.000668  0.002214  0.052810  -0.010100  0.359668  2.000000  
39.425337 0.009027  0.091266  0.000131  0.982957  0.181291  0.030477  -0.182355  0.982545  0.036772  -0.023279  -0.041703  0.998859  0.001717  -0.000591  0.002424  0.059638  -0.016885  0.414686  2.000000  
39.426347 0.009032  0.091266  0.000136  0.982690  0.182697  0.030684  -0.183771  0.982279  0.036822  -0.023413  -0.041824  0.998851  0.002111  -0.000658  0.002556  0.062536  -0.023369  0.462733  2.000000  
39.427584 0.009038  0.091265  0.000141  0.982428  0.184111  0.030650  -0.185187  0.982005  0.037041  -0.023279  -0.042066  0.998844  0.002549  -0.000756  0.002667  0.069612  -0.020918  0.511446  2.000000  
39.428584 0.009043  0.091264  0.000143  0.982201  0.185325  0.030587  -0.186401  0.981771  0.037147  -0.023145  -0.042188  0.998842  0.002900  -0.000826  0.002659  0.072595  -0.018437  0.559981  2.000000  
39.429606 0.009049  0.091262  0.000147  0.981973  0.186540  0.030524  -0.187615  0.981536  0.037254  -0.023011  -0.042309  0.998840  0.003280  -0.000839  0.002803  0.075699  -0.015669  0.601246  2.000000  
39.430839 0.009056  0.091258  0.000152  0.981741  0.187745  0.030616  -0.188828  0.981296  0.037454  -0.023011  -0.042551  0.998829  0.003639  -0.000953  0.002956  0.078852  -0.017495  0.643004  2.000000  
39.432087 0.009064  0.091253  0.000157  0.981467  0.189151  0.030716  -0.190242  0.981015  0.037648  -0.023011  -0.042793  0.998819  0.004080  -0.001136  0.003142  0.085926  -0.019582  0.691725  2.000000  
39.433336 0.009072  0.091247  0.000161  0.981189  0.190552  0.030947  -0.191656  0.980733  0.037816  -0.023145  -0.043036  0.998805  0.004492  -0.001471  0.003188  0.092869  -0.026154  0.739602  2.000000  
39.434349 0.009080  0.091241  0.000164  0.980991  0.191553  0.031033  -0.192666  0.980528  0.038022  -0.023145  -0.043278  0.998795  0.004866  -0.001833  0.003208  0.100183  -0.027671  0.773886  2.000000  
39.435590 0.009089  0.091234  0.000168  0.980753  0.192757  0.031126  -0.193877  0.980281  0.038221  -0.023145  -0.043520  0.998784  0.005362  -0.002289  0.003275  0.107456  -0.033993  0.815393  2.000000  
39.436841 0.009097  0.091224  0.000170  0.980553  0.193758  0.031213  -0.194887  0.980073  0.038427  -0.023145  -0.043763  0.998774  0.005670  -0.002844  0.003313  0.114790  -0.035532  0.849823  2.000000  
39.438088 0.009105  0.091213  0.000172  0.980352  0.194759  0.031299  -0.195896  0.979863  0.038632  -0.023145  -0.044005  0.998763  0.005894  -0.003512  0.003299  0.122158  -0.037089  0.884495  2.000000  
39.439348 0.009114  0.091203  0.000174  0.980149  0.195760  0.031387  -0.196905  0.979653  0.038838  -0.023145  -0.044247  0.998752  0.006093  -0.004249  0.003134  0.129458  -0.038634  0.918682  2.000000  
39.440584 0.009122  0.091192  0.000176  0.979946  0.196761  0.031474  -0.197914  0.979442  0.039043  -0.023145  -0.044489  0.998742  0.006221  -0.004942  0.002904  0.136872  -0.040222  0.953682  2.000000  
39.441587 0.009127  0.091183  0.000178  0.979783  0.197564  0.031530  -0.198721  0.979274  0.039136  -0.023145  -0.044611  0.998736  0.006294  -0.005657  0.002707  0.136253  -0.041514  0.981482  2.000000  
39.442855 0.009132  0.091170  0.000180  0.979657  0.198155  0.031734  -0.199325  0.979144  0.039327  -0.023279  -0.044853  0.998722  0.006210  -0.006398  0.002586  0.142846  -0.046332  0.986997  2.000000  
39.444087 0.009137  0.091158  0.000183  0.979534  0.198756  0.031782  -0.199930  0.979017  0.039427  -0.023279  -0.044974  0.998717  0.006104  -0.007102  0.002519  0.144626  -0.041172  0.967831  2.000000  
39.445087 0.009141  0.091148  0.000184  0.979451  0.199159  0.031798  -0.200333  0.978935  0.039413  -0.023279  -0.044974  0.998717  0.005969  -0.007506  0.002402  0.143507  -0.036078  0.953036  2.000000  
39.446140 0.009143  0.091137  0.000187  0.979324  0.199754  0.031978  -0.200938  0.978808  0.039486  -0.023413  -0.045095  0.998708  0.005732  -0.008021  0.002238  0.140250  -0.036489  0.959279  2.000000  
39.447339 0.009144  0.091122  0.000190  0.979200  0.200354  0.032026  -0.201542  0.978680  0.039585  -0.023413  -0.045216  0.998703  0.005249  -0.008674  0.002112  0.139260  -0.031908  0.953123  2.000000  
39.448344 0.009145  0.091111  0.000193  0.979158  0.200556  0.032035  -0.201744  0.978638  0.039578  -0.023413  -0.045216  0.998703  0.004745  -0.009125  0.002043  0.135620  -0.035838  0.939339  2.000000  
39.449350 0.009145  0.091099  0.000195  0.979117  0.200757  0.032043  -0.201946  0.978597  0.039571  -0.023413  -0.045216  0.998703  0.004250  -0.009558  0.002075  0.128290  -0.043681  0.911466  2.000000  
39.450590 0.009144  0.091084  0.000198  0.979075  0.200959  0.032051  -0.202147  0.978556  0.039565  -0.023413  -0.045216  0.998703  0.003652  -0.009988  0.001967  0.122608  -0.050754  0.863328  2.000000  
39.451835 0.009143  0.091069  0.000200  0.978992  0.201358  0.032092  -0.202550  0.978468  0.039670  -0.023413  -0.045337  0.998697  0.003022  -0.010339  0.001998  0.122239  -0.049255  0.828819  2.000000  
39.452837 0.009140  0.091055  0.000202  0.978950  0.201559  0.032100  -0.202752  0.978427  0.039664  -0.023413  -0.045337  0.998697  0.002475  -0.010657  0.002050  0.116005  -0.043471  0.794374  2.000000  
39.454087 0.009137  0.091039  0.000204  0.978908  0.201761  0.032108  -0.202953  0.978385  0.039657  -0.023413  -0.045337  0.998697  0.001563  -0.011140  0.002022  0.111806  -0.041671  0.753560  2.000000  
39.455092 0.009134  0.091024  0.000204  0.978867  0.201962  0.032116  -0.203155  0.978343  0.039651  -0.023413  -0.045337  0.998697  0.000893  -0.011526  0.001892  0.105654  -0.035507  0.711581  2.000000  
39.456340 0.009128  0.091006  0.000202  0.978864  0.201956  0.032247  -0.203154  0.978345  0.039623  -0.023546  -0.045337  0.998694  0.000082  -0.011988  0.001651  0.101805  -0.033173  0.657933  2.000000  
39.457588 0.009122  0.090987  0.000200  0.978780  0.202359  0.032263  -0.203557  0.978261  0.039610  -0.023546  -0.045337  0.998694  -0.000715  -0.012471  0.001377  0.095653  -0.035898  0.614673  2.000000  
39.458846 0.009115  0.090967  0.000198  0.978738  0.202560  0.032271  -0.203759  0.978220  0.039603  -0.023546  -0.045337  0.998694  -0.001494  -0.012920  0.001065  0.088477  -0.038631  0.572794  2.000000  
39.460082 0.009109  0.090950  0.000197  0.978738  0.202560  0.032271  -0.203759  0.978220  0.039603  -0.023546  -0.045337  0.998694  -0.002092  -0.013228  0.000836  0.084633  -0.041340  0.534188  2.000000  
39.461088 0.009104  0.090935  0.000196  0.978738  0.202560  0.032271  -0.203759  0.978220  0.039603  -0.023546  -0.045337  0.998694  -0.002617  -0.013524  0.000573  0.078262  -0.039594  0.489940  2.000000  
39.462340 0.009097  0.090917  0.000193  0.978735  0.202554  0.032402  -0.203758  0.978221  0.039576  -0.023680  -0.045337  0.998691  -0.003230  -0.013761  0.000180  0.071200  -0.042005  0.441312  2.000000  
39.463344 0.009091  0.090901  0.000192  0.978693  0.202760  0.032386  -0.203960  0.978184  0.039451  -0.023680  -0.045216  0.998697  -0.003607  -0.013973  -0.000070  0.059582  -0.036313  0.413829  2.000000  
39.464589 0.009084  0.090883  0.000190  0.978648  0.202955  0.032525  -0.204160  0.978144  0.039417  -0.023814  -0.045216  0.998693  -0.004066  -0.014234  -0.000415  0.052378  -0.039018  0.372178  2.000000  
39.465590 0.009080  0.090869  0.000189  0.978648  0.202955  0.032525  -0.204160  0.978144  0.039417  -0.023814  -0.045216  0.998693  -0.004350  -0.014357  -0.000640  0.048388  -0.037806  0.348552  2.000000  
39.466835 0.009073  0.090851  0.000188  0.978648  0.202959  0.032500  -0.204160  0.978148  0.039298  -0.023814  -0.045094  0.998699  -0.004630  -0.014517  -0.000854  0.037071  -0.036310  0.314344  2.000000  
39.467837 0.009069  0.090838  0.000188  0.978651  0.202965  0.032369  -0.204161  0.978147  0.039326  -0.023680  -0.045095  0.998702  -0.004781  -0.014552  -0.000979  0.033687  -0.030647  0.287087  2.000000  
39.469087 0.009064  0.090821  0.000189  0.978651  0.202969  0.032345  -0.204161  0.978152  0.039207  -0.023680  -0.044973  0.998707  -0.004886  -0.014529  -0.001025  0.018637  -0.029096  0.248092  2.000000  
39.470342 0.009060  0.090805  0.000189  0.978609  0.203174  0.032328  -0.204363  0.978115  0.039082  -0.023680  -0.044852  0.998713  -0.004852  -0.014405  -0.000970  0.007045  -0.027857  0.220300  2.000000  
39.471584 0.009057  0.090788  0.000188  0.978606  0.203168  0.032459  -0.204362  0.978116  0.039054  -0.023814  -0.044852  0.998710  -0.004689  -0.014275  -0.000905  0.003575  -0.030875  0.190919  2.000000  
39.472586 0.009054  0.090774  0.000188  0.978564  0.203374  0.032442  -0.204563  0.978079  0.038929  -0.023814  -0.044731  0.998715  -0.004505  -0.014192  -0.000805  -0.008319  -0.026047  0.178998  2.000000  
39.473589 0.009053  0.090760  0.000188  0.978564  0.203374  0.032442  -0.204563  0.978079  0.038929  -0.023814  -0.044731  0.998715  -0.004242  -0.014028  -0.000691  0.000000  0.000000  0.000000  2.000000  
39.474832 0.009052  0.090744  0.000189  0.978560  0.203368  0.032573  -0.204563  0.978080  0.038902  -0.023948  -0.044731  0.998712  -0.003931  -0.013923  -0.000583  0.000000  0.000000  0.000000  2.000000  
39.475837 0.009052  0.090732  0.000189  0.978560  0.203368  0.032573  -0.204563  0.978080  0.038902  -0.023948  -0.044731  0.998712  -0.003548  -0.013754  -0.000465  0.000000  0.000000  0.000000  2.000000  
39.477083 0.009053  0.090717  0.000190  0.978560  0.203368  0.032573  -0.204563  0.978080  0.038902  -0.023948  -0.044731  0.998712  -0.002974  -0.013532  -0.000286  0.000000  0.000000  0.000000  2.000000  
39.478087 0.009055  0.090705  0.000190  0.978560  0.203368  0.032573  -0.204563  0.978080  0.038902  -0.023948  -0.044731  0.998712  -0.002507  -0.013379  -0.000186  0.000000  0.000000  0.000000  2.000000  
39.479347 0.009057  0.090690  0.000191  0.978560  0.203368  0.032573  -0.204563  0.978080  0.038902  -0.023948  -0.044731  0.998712  -0.001824  -0.013080  0.000063  0.000000  0.000000  0.000000  2.000000  
39.480587 0.009061  0.090675  0.000192  0.978515  0.203563  0.032712  -0.204764  0.978039  0.038868  -0.024081  -0.044731  0.998709  -0.001249  -0.012933  0.000224  0.000000  0.000000  0.000000  2.000000  
39.481590 0.009064  0.090663  0.000194  0.978515  0.203559  0.032736  -0.204764  0.978035  0.038986  -0.024081  -0.044852  0.998703  -0.000616  -0.012748  0.000391  0.000000  0.000000  0.000000  2.000000  
39.482837 0.009069  0.090649  0.000197  0.978470  0.203755  0.032875  -0.204964  0.977994  0.038952  -0.024215  -0.044852  0.998700  0.000033  -0.012603  0.000580  0.000000  0.000000  0.000000  2.000000  
39.484087 0.009075  0.090635  0.000201  0.978470  0.203751  0.032900  -0.204964  0.977989  0.039071  -0.024215  -0.044973  0.998695  0.000740  -0.012419  0.000838  0.000000  0.000000  0.000000  2.000000  
39.485338 0.009082  0.090621  0.000207  0.978428  0.203952  0.032908  -0.205166  0.977947  0.039064  -0.024215  -0.044973  0.998695  0.001443  -0.012220  0.001230  0.000000  0.000000  0.000000  2.000000  
39.486348 0.009088  0.090611  0.000212  0.978428  0.203952  0.032908  -0.205166  0.977947  0.039064  -0.024215  -0.044973  0.998695  0.002085  -0.011987  0.001618  0.000000  0.000000  0.000000  2.000000  
39.487592 0.009095  0.090597  0.000219  0.978428  0.203952  0.032908  -0.205166  0.977947  0.039064  -0.024215  -0.044973  0.998695  0.002786  -0.011699  0.002084  0.000000  0.000000  0.000000  2.000000  
39.488834 0.009102  0.090584  0.000226  0.978385  0.204153  0.032916  -0.205367  0.977905  0.039057  -0.024215  -0.044973  0.998695  0.003309  -0.011509  0.002503  0.000000  0.000000  0.000000  2.000000  
39.490086 0.009110  0.090571  0.000233  0.978343  0.204351  0.032949  -0.205569  0.977859  0.039169  -0.024215  -0.045094  0.998689  0.003971  -0.011319  0.003007  0.000000  0.000000  0.000000  2.000000  
39.491087 0.009116  0.090561  0.000239  0.978301  0.204552  0.032957  -0.205770  0.977816  0.039162  -0.024215  -0.045094  0.998689  0.004327  -0.011213  0.003350  0.000000  0.000000  0.000000  2.000000  
39.492333 0.009124  0.090548  0.000247  0.978255  0.204743  0.033121  -0.205971  0.977771  0.039246  -0.024349  -0.045215  0.998680  0.004728  -0.011099  0.003819  0.000000  0.000000  0.000000  2.000000  
39.493338 0.009130  0.090537  0.000253  0.978255  0.204743  0.033121  -0.205971  0.977771  0.039246  -0.024349  -0.045215  0.998680  0.005062  -0.010982  0.004244  0.000000  0.000000  0.000000  2.000000  
39.494591 0.009138  0.090523  0.000261  0.978213  0.204941  0.033154  -0.206172  0.977724  0.039358  -0.024349  -0.045336  0.998675  0.005374  -0.010860  0.004689  0.000000  0.000000  0.000000  2.000000  
39.495834 0.009145  0.090510  0.000268  0.978128  0.205339  0.033195  -0.206575  0.977635  0.039463  -0.024349  -0.045457  0.998669  0.005563  -0.010809  0.005024  0.000000  0.000000  0.000000  2.000000  
39.496841 0.009151  0.090498  0.000274  0.978128  0.205335  0.033220  -0.206575  0.977630  0.039582  -0.024349  -0.045578  0.998664  0.005691  -0.010838  0.005286  0.000000  0.000000  0.000000  2.000000  
39.498085 0.009158  0.090482  0.000281  0.978085  0.205536  0.033228  -0.206776  0.977588  0.039575  -0.024349  -0.045578  0.998664  0.005805  -0.010951  0.005551  0.000000  0.000000  0.000000  2.000000  
39.499086 0.009162  0.090468  0.000287  0.978043  0.205734  0.033261  -0.206978  0.977540  0.039687  -0.024349  -0.045699  0.998658  0.005770  -0.011095  0.005692  0.000000  0.000000  0.000000  2.000000  
39.500088 0.009166  0.090455  0.000292  0.978000  0.205931  0.033294  -0.207179  0.977493  0.039798  -0.024349  -0.045821  0.998653  0.005718  -0.011283  0.005755  0.000000  0.000000  0.000000  2.000000  
39.501339 0.009172  0.090439  0.000300  0.977915  0.206329  0.033335  -0.207582  0.977404  0.039903  -0.024349  -0.045942  0.998647  0.005639  -0.011488  0.005845  0.000000  0.000000  0.000000  2.000000  
39.502342 0.009176  0.090425  0.000306  0.977915  0.206329  0.033335  -0.207582  0.977404  0.039903  -0.024349  -0.045942  0.998647  0.005536  -0.011699  0.005919  0.000000  0.000000  0.000000  2.000000  
39.503587 0.009181  0.090407  0.000314  0.977875  0.206532  0.033238  -0.207784  0.977355  0.040043  -0.024215  -0.046063  0.998645  0.005357  -0.011998  0.005983  0.000000  0.000000  0.000000  2.000000  
39.504590 0.009185  0.090392  0.000320  0.977832  0.206730  0.033271  -0.207985  0.977307  0.040154  -0.024215  -0.046184  0.998639  0.005195  -0.012302  0.006028  0.000000  0.000000  0.000000  2.000000  
39.505834 0.009188  0.090373  0.000327  0.977789  0.206931  0.033280  -0.208186  0.977265  0.040148  -0.024215  -0.046184  0.998639  0.004888  -0.012744  0.005988  0.000000  0.000000  0.000000  2.000000  
39.506835 0.009191  0.090358  0.000333  0.977747  0.207132  0.033288  -0.208388  0.977222  0.040141  -0.024215  -0.046184  0.998639  0.004656  -0.013032  0.005949  0.000000  0.000000  0.000000  2.000000  
39.508083 0.009194  0.090338  0.000340  0.977747  0.207128  0.033313  -0.208388  0.977217  0.040259  -0.024215  -0.046305  0.998634  0.004365  -0.013466  0.005873  0.000000  0.000000  0.000000  2.000000  
39.509087 0.009196  0.090322  0.000345  0.977704  0.207329  0.033321  -0.208589  0.977175  0.040252  -0.024215  -0.046305  0.998634  0.004083  -0.013854  0.005837  0.000000  0.000000  0.000000  2.000000  
39.510343 0.009200  0.090303  0.000352  0.977704  0.207325  0.033346  -0.208589  0.977170  0.040371  -0.024215  -0.046426  0.998628  0.003795  -0.014231  0.005803  0.000000  0.000000  0.000000  2.000000  
39.511584 0.009203  0.090282  0.000360  0.977707  0.207331  0.033216  -0.208589  0.977169  0.040399  -0.024081  -0.046427  0.998631  0.003555  -0.014584  0.005808  0.000000  0.000000  0.000000  2.000000  
39.512586 0.009205  0.090265  0.000364  0.977707  0.207331  0.033216  -0.208589  0.977169  0.040399  -0.024081  -0.046427  0.998631  0.003322  -0.014908  0.005716  0.000000  0.000000  0.000000  2.000000  
39.513590 0.009207  0.090248  0.000369  0.977664  0.207532  0.033224  -0.208791  0.977126  0.040392  -0.024081  -0.046427  0.998631  0.003148  -0.015159  0.005708  0.000000  0.000000  0.000000  2.000000  
39.514837 0.009210  0.090226  0.000374  0.977661  0.207522  0.033380  -0.208790  0.977122  0.040483  -0.024215  -0.046548  0.998623  0.002974  -0.015509  0.005577  0.000000  0.000000  0.000000  2.000000  
39.516087 0.009212  0.090204  0.000379  0.977661  0.207522  0.033380  -0.208790  0.977122  0.040483  -0.024215  -0.046548  0.998623  0.002714  -0.015911  0.005379  0.000000  0.000000  0.000000  2.000000  
39.517088 0.009214  0.090186  0.000383  0.977661  0.207522  0.033380  -0.208790  0.977122  0.040483  -0.024215  -0.046548  0.998623  0.002587  -0.016205  0.005229  0.000000  0.000000  0.000000  2.000000  
39.518343 0.009217  0.090163  0.000388  0.977661  0.207518  0.033405  -0.208790  0.977117  0.040601  -0.024215  -0.046669  0.998617  0.002425  -0.016516  0.005053  0.000000  0.000000  0.000000  2.000000  
39.519350 0.009219  0.090145  0.000393  0.977704  0.207317  0.033397  -0.208589  0.977160  0.040608  -0.024215  -0.046669  0.998617  0.002320  -0.016749  0.004911  0.000000  0.000000  0.000000  2.000000  
39.520587 0.009222  0.090122  0.000398  0.977704  0.207317  0.033397  -0.208589  0.977160  0.040608  -0.024215  -0.046669  0.998617  0.002306  -0.016952  0.004803  0.000000  0.000000  0.000000  2.000000  
39.521837 0.009225  0.090100  0.000403  0.977704  0.207317  0.033397  -0.208589  0.977160  0.040608  -0.024215  -0.046669  0.998617  0.002298  -0.017185  0.004643  0.000000  0.000000  0.000000  2.000000  
39.523087 0.009228  0.090077  0.000408  0.977704  0.207317  0.033397  -0.208589  0.977160  0.040608  -0.024215  -0.046669  0.998617  0.002272  -0.017376  0.004514  0.000000  0.000000  0.000000  2.000000  
39.524098 0.009231  0.090059  0.000411  0.977704  0.207317  0.033397  -0.208589  0.977160  0.040608  -0.024215  -0.046669  0.998617  0.002260  -0.017566  0.004349  0.000000  0.000000  0.000000  2.000000  
39.525336 0.009234  0.090037  0.000416  0.977704  0.207317  0.033397  -0.208589  0.977160  0.040608  -0.024215  -0.046669  0.998617  0.002269  -0.017700  0.004260  0.000000  0.000000  0.000000  2.000000  
39.526589 0.009238  0.090016  0.000421  0.977704  0.207317  0.033397  -0.208589  0.977160  0.040608  -0.024215  -0.046669  0.998617  0.002291  -0.017774  0.004083  0.000000  0.000000  0.000000  2.000000  
39.527835 0.009241  0.089995  0.000427  0.977704  0.207317  0.033397  -0.208589  0.977160  0.040608  -0.024215  -0.046669  0.998617  0.002396  -0.017759  0.004102  0.000000  0.000000  0.000000  2.000000  
39.529087 0.009245  0.089974  0.000432  0.977704  0.207317  0.033397  -0.208589  0.977160  0.040608  -0.024215  -0.046669  0.998617  0.002498  -0.017640  0.004051  0.000000  0.000000  0.000000  2.000000  
39.530094 0.009248  0.089958  0.000437  0.977704  0.207317  0.033397  -0.208589  0.977160  0.040608  -0.024215  -0.046669  0.998617  0.002551  -0.017555  0.004084  0.000000  0.000000  0.000000  2.000000  
39.531339 0.009253  0.089938  0.000442  0.977704  0.207321  0.033372  -0.208589  0.977165  0.040489  -0.024215  -0.046548  0.998623  0.002664  -0.017438  0.004094  0.000000  0.000000  0.000000  2.000000  
39.532339 0.009256  0.089922  0.000446  0.977661  0.207522  0.033380  -0.208790  0.977122  0.040483  -0.024215  -0.046548  0.998623  0.002778  -0.017256  0.004113  0.000000  0.000000  0.000000  2.000000  
39.533339 0.009260  0.089906  0.000451  0.977661  0.207522  0.033380  -0.208790  0.977122  0.040483  -0.024215  -0.046548  0.998623  0.002900  -0.017103  0.004145  0.000000  0.000000  0.000000  2.000000  
39.534342 0.009264  0.089891  0.000455  0.977661  0.207522  0.033380  -0.208790  0.977122  0.040483  -0.024215  -0.046548  0.998623  0.002984  -0.016955  0.004144  0.000000  0.000000  0.000000  2.000000  
39.535592 0.009269  0.089872  0.000461  0.977618  0.207723  0.033388  -0.208991  0.977079  0.040476  -0.024215  -0.046548  0.998623  0.003122  -0.016654  0.004230  0.000000  0.000000  0.000000  2.000000  
39.536836 0.009275  0.089853  0.000467  0.977618  0.207723  0.033388  -0.208991  0.977079  0.040476  -0.024215  -0.046548  0.998623  0.003273  -0.016446  0.004257  0.000000  0.000000  0.000000  2.000000  
39.537838 0.009279  0.089839  0.000471  0.977575  0.207925  0.033397  -0.209193  0.977037  0.040469  -0.024215  -0.046548  0.998623  0.003457  -0.016184  0.004291  0.000000  0.000000  0.000000  2.000000  
39.539087 0.009286  0.089821  0.000476  0.977575  0.207925  0.033397  -0.209193  0.977037  0.040469  -0.024215  -0.046548  0.998623  0.003658  -0.015905  0.004350  0.000000  0.000000  0.000000  2.000000  
39.540088 0.009291  0.089807  0.000481  0.977531  0.208126  0.033405  -0.209394  0.976994  0.040462  -0.024215  -0.046548  0.998623  0.003886  -0.015623  0.004418  0.000000  0.000000  0.000000  2.000000  
39.541337 0.009299  0.089790  0.000488  0.977488  0.208327  0.033413  -0.209595  0.976951  0.040455  -0.024215  -0.046548  0.998623  0.004145  -0.015334  0.004493  0.000000  0.000000  0.000000  2.000000  
39.542340 0.009304  0.089777  0.000493  0.977445  0.208528  0.033422  -0.209796  0.976908  0.040448  -0.024215  -0.046548  0.998623  0.004323  -0.015085  0.004556  0.000000  0.000000  0.000000  2.000000  
39.543584 0.009312  0.089760  0.000499  0.977402  0.208729  0.033430  -0.209998  0.976865  0.040441  -0.024215  -0.046548  0.998623  0.004523  -0.014868  0.004633  0.000000  0.000000  0.000000  2.000000  
39.544588 0.009318  0.089747  0.000505  0.977402  0.208729  0.033430  -0.209998  0.976865  0.040441  -0.024215  -0.046548  0.998623  0.004760  -0.014652  0.004702  0.000000  0.000000  0.000000  2.000000  
39.545589 0.009324  0.089734  0.000511  0.977359  0.208930  0.033438  -0.210199  0.976822  0.040434  -0.024215  -0.046548  0.998623  0.004997  -0.014363  0.004819  0.000000  0.000000  0.000000  2.000000  
39.546594 0.009331  0.089722  0.000516  0.977315  0.209131  0.033446  -0.210400  0.976779  0.040427  -0.024215  -0.046548  0.998623  0.005176  -0.014116  0.004882  0.000000  0.000000  0.000000  2.000000  
39.547837 0.009339  0.089706  0.000523  0.977229  0.209533  0.033463  -0.210802  0.976693  0.040414  -0.024215  -0.046548  0.998623  0.005386  -0.013862  0.004964  0.000000  0.000000  0.000000  2.000000  
39.548837 0.009345  0.089694  0.000528  0.977185  0.209734  0.033471  -0.211004  0.976650  0.040407  -0.024215  -0.046548  0.998623  0.005572  -0.013650  0.005040  0.000000  0.000000  0.000000  2.000000  
39.550088 0.009353  0.089679  0.000535  0.977142  0.209935  0.033480  -0.211205  0.976607  0.040400  -0.024215  -0.046548  0.998623  0.005750  -0.013369  0.005100  0.000000  0.000000  0.000000  2.000000  
39.551339 0.009361  0.089664  0.000541  0.977098  0.210137  0.033488  -0.211406  0.976563  0.040393  -0.024215  -0.046548  0.998623  0.005921  -0.013096  0.005150  0.000000  0.000000  0.000000  2.000000  
39.552340 0.009367  0.089652  0.000547  0.977055  0.210338  0.033496  -0.211607  0.976520  0.040386  -0.024215  -0.046548  0.998623  0.005969  -0.012905  0.005205  0.000000  0.000000  0.000000  2.000000  
39.553587 0.009374  0.089637  0.000554  0.976968  0.210740  0.033513  -0.212009  0.976433  0.040372  -0.024215  -0.046548  0.998623  0.006086  -0.012677  0.005313  0.000000  0.000000  0.000000  2.000000  
39.554834 0.009381  0.089623  0.000561  0.976924  0.210937  0.033547  -0.212210  0.976385  0.040484  -0.024215  -0.046669  0.998617  0.006082  -0.012487  0.005370  0.000000  0.000000  0.000000  2.000000  
39.555839 0.009387  0.089611  0.000566  0.976880  0.211138  0.033555  -0.212412  0.976342  0.040477  -0.024215  -0.046669  0.998617  0.006064  -0.012346  0.005377  0.000000  0.000000  0.000000  2.000000  
39.557087 0.009394  0.089597  0.000573  0.976793  0.211540  0.033572  -0.212814  0.976255  0.040463  -0.024215  -0.046669  0.998617  0.006050  -0.012212  0.005387  0.000000  0.000000  0.000000  2.000000  
39.558340 0.009400  0.089582  0.000579  0.976749  0.211741  0.033580  -0.213015  0.976211  0.040456  -0.024215  -0.046669  0.998617  0.005976  -0.012065  0.005392  0.000000  0.000000  0.000000  2.000000  
39.559348 0.009405  0.089570  0.000584  0.976705  0.211946  0.033563  -0.213216  0.976172  0.040331  -0.024215  -0.046548  0.998623  0.005880  -0.011976  0.005389  0.000000  0.000000  0.000000  2.000000  
39.560585 0.009411  0.089555  0.000591  0.976664  0.212153  0.033441  -0.213418  0.976127  0.040353  -0.024081  -0.046548  0.998626  0.005773  -0.011919  0.005367  0.000000  0.000000  0.000000  2.000000  
39.561834 0.009416  0.089541  0.000597  0.976620  0.212354  0.033449  -0.213619  0.976084  0.040346  -0.024081  -0.046548  0.998626  0.005594  -0.011859  0.005342  0.000000  0.000000  0.000000  2.000000  
39.562839 0.009420  0.089528  0.000603  0.976576  0.212555  0.033457  -0.213820  0.976040  0.040339  -0.024081  -0.046548  0.998626  0.005411  -0.011858  0.005344  -0.004177  -0.003560  0.172961  2.000000  
39.564087 0.009425  0.089513  0.000609  0.976529  0.212749  0.033596  -0.214020  0.975997  0.040303  -0.024215  -0.046548  0.998623  0.005238  -0.011871  0.005320  -0.004321  -0.008305  0.178181  2.000000  
39.565089 0.009429  0.089500  0.000615  0.976485  0.212950  0.033604  -0.214221  0.975954  0.040296  -0.024215  -0.046548  0.998623  0.005091  -0.011874  0.005359  -0.004357  -0.008375  0.179675  2.000000  
39.566341 0.009434  0.089485  0.000621  0.976485  0.212950  0.033604  -0.214221  0.975954  0.040296  -0.024215  -0.046548  0.998623  0.004860  -0.011918  0.005312  -0.004356  -0.008373  0.179641  2.000000  
39.567590 0.009437  0.089469  0.000627  0.976444  0.213157  0.033482  -0.214423  0.975908  0.040318  -0.024081  -0.046548  0.998626  0.004600  -0.011996  0.005245  -0.004345  -0.003882  0.179873  2.000000  
39.568835 0.009441  0.089453  0.000633  0.976400  0.213358  0.033490  -0.214624  0.975865  0.040311  -0.024081  -0.046548  0.998626  0.004387  -0.012092  0.005193  -0.004512  -0.004205  0.186811  2.000000  
39.569837 0.009444  0.089440  0.000638  0.976400  0.213358  0.033490  -0.214624  0.975865  0.040311  -0.024081  -0.046548  0.998626  0.004128  -0.012177  0.005159  -0.004345  -0.003882  0.179883  2.000000  
39.571086 0.009447  0.089425  0.000644  0.976356  0.213559  0.033499  -0.214825  0.975821  0.040304  -0.024081  -0.046548  0.998626  0.003910  -0.012262  0.005130  -0.004309  -0.003850  0.178391  2.000000  
39.572088 0.009450  0.089412  0.000649  0.976352  0.213553  0.033629  -0.214824  0.975822  0.040276  -0.024215  -0.046548  0.998623  0.003727  -0.012329  0.005130  -0.004190  -0.008053  0.172776  2.000000  
39.573333 0.009453  0.089396  0.000656  0.976352  0.213553  0.033629  -0.214824  0.975822  0.040276  -0.024215  -0.046548  0.998623  0.003514  -0.012416  0.005114  -0.004155  -0.007987  0.171355  2.000000  
39.574590 0.009455  0.089379  0.000661  0.976308  0.213758  0.033612  -0.215025  0.975783  0.040150  -0.024215  -0.046426  0.998628  0.003229  -0.012560  0.005032  0.000000  0.000000  0.000000  2.000000  
39.575834 0.009458  0.089363  0.000668  0.976308  0.213758  0.033612  -0.215025  0.975783  0.040150  -0.024215  -0.046426  0.998628  0.003018  -0.012667  0.005014  0.000000  0.000000  0.000000  2.000000  
39.576836 0.009461  0.089350  0.000673  0.976308  0.213758  0.033612  -0.215025  0.975783  0.040150  -0.024215  -0.046426  0.998628  0.002930  -0.012693  0.004992  0.000000  0.000000  0.000000  2.000000  
39.578083 0.009463  0.089333  0.000679  0.976308  0.213758  0.033612  -0.215025  0.975783  0.040150  -0.024215  -0.046426  0.998628  0.002783  -0.012779  0.004979  0.000000  0.000000  0.000000  2.000000  
39.579083 0.009466  0.089320  0.000684  0.976311  0.213764  0.033481  -0.215026  0.975781  0.040179  -0.024081  -0.046427  0.998631  0.002690  -0.012825  0.005003  0.000000  0.000000  0.000000  2.000000  
39.580092 0.009468  0.089307  0.000690  0.976308  0.213758  0.033612  -0.215025  0.975783  0.040150  -0.024215  -0.046426  0.998628  0.002575  -0.012868  0.005010  0.000000  0.000000  0.000000  2.000000  
39.581340 0.009472  0.089291  0.000696  0.976264  0.213959  0.033620  -0.215226  0.975739  0.040143  -0.024215  -0.046426  0.998628  0.002533  -0.012930  0.004985  0.000000  0.000000  0.000000  2.000000  
39.582341 0.009474  0.089278  0.000701  0.976264  0.213959  0.033620  -0.215226  0.975739  0.040143  -0.024215  -0.046426  0.998628  0.002488  -0.012950  0.005051  0.000000  0.000000  0.000000  2.000000  
39.583586 0.009477  0.089261  0.000707  0.976267  0.213965  0.033489  -0.215227  0.975737  0.040172  -0.024081  -0.046427  0.998631  0.002479  -0.013014  0.005009  0.000000  0.000000  0.000000  2.000000  
39.584590 0.009480  0.089248  0.000712  0.976267  0.213965  0.033489  -0.215227  0.975737  0.040172  -0.024081  -0.046427  0.998631  0.002470  -0.013043  0.005005  0.000000  0.000000  0.000000  2.000000  
39.585590 0.009483  0.089235  0.000717  0.976267  0.213965  0.033489  -0.215227  0.975737  0.040172  -0.024081  -0.046427  0.998631  0.002485  -0.013044  0.005023  0.000000  0.000000  0.000000  2.000000  
39.586591 0.009486  0.089222  0.000722  0.976267  0.213965  0.033489  -0.215227  0.975737  0.040172  -0.024081  -0.046427  0.998631  0.002507  -0.013076  0.005002  0.000000  0.000000  0.000000  2.000000  
39.587837 0.009490  0.089206  0.000727  0.976267  0.213965  0.033489  -0.215227  0.975737  0.040172  -0.024081  -0.046427  0.998631  0.002562  -0.013088  0.005006  0.000000  0.000000  0.000000  2.000000  
39.589085 0.009494  0.089189  0.000734  0.976267  0.213965  0.033489  -0.215227  0.975737  0.040172  -0.024081  -0.046427  0.998631  0.002631  -0.013101  0.004974  0.000000  0.000000  0.000000  2.000000  
39.590341 0.009498  0.089174  0.000740  0.976223  0.214166  0.033498  -0.215428  0.975693  0.040165  -0.024081  -0.046427  0.998631  0.002732  -0.013086  0.004964  0.000000  0.000000  0.000000  2.000000  
39.591589 0.009502  0.089158  0.000747  0.976223  0.214166  0.033498  -0.215428  0.975693  0.040165  -0.024081  -0.046427  0.998631  0.002794  -0.013031  0.005011  0.000000  0.000000  0.000000  2.000000  
39.592834 0.009506  0.089143  0.000753  0.976223  0.214166  0.033498  -0.215428  0.975693  0.040165  -0.024081  -0.046427  0.998631  0.002895  -0.012960  0.004993  0.000000  0.000000  0.000000  2.000000  
39.594087 0.009510  0.089127  0.000759  0.976223  0.214166  0.033498  -0.215428  0.975693  0.040165  -0.024081  -0.046427  0.998631  0.003007  -0.012902  0.004981  0.000000  0.000000  0.000000  2.000000  
39.595333 0.009515  0.089112  0.000765  0.976178  0.214367  0.033506  -0.215629  0.975649  0.040158  -0.024081  -0.046427  0.998631  0.003088  -0.012821  0.004995  0.000000  0.000000  0.000000  2.000000  
39.596340 0.009518  0.089099  0.000771  0.976178  0.214367  0.033506  -0.215629  0.975649  0.040158  -0.024081  -0.046427  0.998631  0.003117  -0.012791  0.005016  0.000000  0.000000  0.000000  2.000000  
39.597589 0.009523  0.089084  0.000777  0.976134  0.214568  0.033514  -0.215830  0.975605  0.040151  -0.024081  -0.046427  0.998631  0.003230  -0.012718  0.005000  0.000000  0.000000  0.000000  2.000000  
39.598837 0.009528  0.089068  0.000784  0.976134  0.214568  0.033514  -0.215830  0.975605  0.040151  -0.024081  -0.046427  0.998631  0.003317  -0.012611  0.005057  0.000000  0.000000  0.000000  2.000000  
39.600087 0.009532  0.089053  0.000791  0.976090  0.214768  0.033522  -0.216031  0.975561  0.040145  -0.024081  -0.046427  0.998631  0.003340  -0.012536  0.005071  0.000000  0.000000  0.000000  2.000000  
39.601088 0.009536  0.089041  0.000796  0.976093  0.214774  0.033392  -0.216031  0.975560  0.040173  -0.023948  -0.046427  0.998635  0.003405  -0.012514  0.005119  0.000000  0.000000  0.000000  2.000000  
39.602349 0.009540  0.089026  0.000803  0.976048  0.214975  0.033400  -0.216232  0.975515  0.040167  -0.023948  -0.046427  0.998635  0.003432  -0.012383  0.005167  0.000000  0.000000  0.000000  2.000000  
39.603590 0.009545  0.089011  0.000809  0.976048  0.214975  0.033400  -0.216232  0.975515  0.040167  -0.023948  -0.046427  0.998635  0.003495  -0.012330  0.005214  0.000000  0.000000  0.000000  2.000000  
39.604834 0.009549  0.088996  0.000816  0.976004  0.215172  0.033435  -0.216433  0.975466  0.040278  -0.023948  -0.046548  0.998629  0.003548  -0.012326  0.005220  0.000000  0.000000  0.000000  2.000000  
39.605835 0.009553  0.088984  0.000821  0.976004  0.215172  0.033435  -0.216433  0.975466  0.040278  -0.023948  -0.046548  0.998629  0.003563  -0.012248  0.005219  0.000000  0.000000  0.000000  2.000000  
39.606835 0.009557  0.088972  0.000826  0.975959  0.215373  0.033443  -0.216634  0.975422  0.040271  -0.023948  -0.046548  0.998629  0.003574  -0.012204  0.005263  0.000000  0.000000  0.000000  2.000000  
39.608086 0.009561  0.088957  0.000833  0.975918  0.215580  0.033321  -0.216836  0.975376  0.040293  -0.023814  -0.046548  0.998632  0.003622  -0.012189  0.005255  0.000000  0.000000  0.000000  2.000000  
39.609348 0.009566  0.088942  0.000839  0.975918  0.215580  0.033321  -0.216836  0.975376  0.040293  -0.023814  -0.046548  0.998632  0.003641  -0.012125  0.005261  0.000000  0.000000  0.000000  2.000000  
39.610585 0.009571  0.088927  0.000847  0.975873  0.215781  0.033329  -0.217037  0.975332  0.040286  -0.023814  -0.046548  0.998632  0.003653  -0.012080  0.005313  0.000000  0.000000  0.000000  2.000000  
39.611834 0.009575  0.088912  0.000854  0.975873  0.215781  0.033329  -0.217037  0.975332  0.040286  -0.023814  -0.046548  0.998632  0.003672  -0.012063  0.005382  0.000000  0.000000  0.000000  2.000000  
39.612837 0.009579  0.088900  0.000859  0.975831  0.215987  0.033207  -0.217238  0.975286  0.040309  -0.023680  -0.046548  0.998635  0.003667  -0.012047  0.005371  0.000000  0.000000  0.000000  2.000000  
39.613838 0.009583  0.088888  0.000865  0.975831  0.215991  0.033181  -0.217238  0.975291  0.040190  -0.023680  -0.046427  0.998641  0.003684  -0.012017  0.005430  0.000000  0.000000  0.000000  2.000000  
39.615089 0.009587  0.088874  0.000872  0.975787  0.216192  0.033189  -0.217439  0.975246  0.040183  -0.023680  -0.046427  0.998641  0.003707  -0.011966  0.005442  0.000000  0.000000  0.000000  2.000000  
39.616338 0.009592  0.088859  0.000880  0.975745  0.216399  0.033067  -0.217641  0.975200  0.040206  -0.023546  -0.046427  0.998644  0.003709  -0.011943  0.005542  0.000000  0.000000  0.000000  2.000000  
39.617340 0.009596  0.088847  0.000886  0.975745  0.216399  0.033067  -0.217641  0.975200  0.040206  -0.023546  -0.046427  0.998644  0.003710  -0.011951  0.005546  0.000000  0.000000  0.000000  2.000000  
39.618348 0.009599  0.088836  0.000892  0.975700  0.216600  0.033075  -0.217842  0.975156  0.040199  -0.023546  -0.046427  0.998644  0.003698  -0.011860  0.005613  0.000000  0.000000  0.000000  2.000000  
39.619350 0.009603  0.088824  0.000898  0.975700  0.216600  0.033075  -0.217842  0.975156  0.040199  -0.023546  -0.046427  0.998644  0.003681  -0.011854  0.005648  0.000000  0.000000  0.000000  2.000000  
39.620588 0.009607  0.088809  0.000905  0.975658  0.216807  0.032953  -0.218043  0.975110  0.040221  -0.023413  -0.046427  0.998647  0.003652  -0.011852  0.005721  0.000000  0.000000  0.000000  2.000000  
39.621596 0.009610  0.088797  0.000911  0.975658  0.216807  0.032953  -0.218043  0.975110  0.040221  -0.023413  -0.046427  0.998647  0.003649  -0.011848  0.005720  0.000000  0.000000  0.000000  2.000000  
39.622831 0.009615  0.088783  0.000918  0.975658  0.216807  0.032953  -0.218043  0.975110  0.040221  -0.023413  -0.046427  0.998647  0.003608  -0.011812  0.005773  0.000000  0.000000  0.000000  2.000000  
39.623834 0.009618  0.088771  0.000924  0.975613  0.217007  0.032961  -0.218244  0.975065  0.040214  -0.023413  -0.046427  0.998647  0.003593  -0.011809  0.005808  0.000000  0.000000  0.000000  2.000000  
39.624834 0.009622  0.088759  0.000931  0.975616  0.217013  0.032831  -0.218245  0.975064  0.040244  -0.023279  -0.046427  0.998650  0.003586  -0.011746  0.005888  0.000000  0.000000  0.000000  2.000000  
39.625835 0.009625  0.088748  0.000937  0.975571  0.217214  0.032839  -0.218446  0.975019  0.040237  -0.023279  -0.046427  0.998650  0.003535  -0.011754  0.005900  0.000000  0.000000  0.000000  2.000000  
39.627085 0.009629  0.088734  0.000944  0.975571  0.217218  0.032813  -0.218446  0.975024  0.040119  -0.023279  -0.046306  0.998656  0.003535  -0.011669  0.005933  0.000000  0.000000  0.000000  2.000000  
39.628087 0.009633  0.088722  0.000950  0.975571  0.217218  0.032813  -0.218446  0.975024  0.040119  -0.023279  -0.046306  0.998656  0.003524  -0.011686  0.005970  0.000000  0.000000  0.000000  2.000000  
39.629347 0.009637  0.088708  0.000958  0.975526  0.217419  0.032821  -0.218646  0.974979  0.040112  -0.023279  -0.046306  0.998656  0.003461  -0.011656  0.005966  0.000000  0.000000  0.000000  2.000000  
39.630347 0.009640  0.088696  0.000964  0.975529  0.217425  0.032691  -0.218647  0.974978  0.040141  -0.023145  -0.046306  0.998659  0.003404  -0.011652  0.005965  0.000000  0.000000  0.000000  2.000000  
39.631595 0.009644  0.088682  0.000972  0.975484  0.217626  0.032699  -0.218848  0.974933  0.040134  -0.023145  -0.046306  0.998659  0.003405  -0.011567  0.005999  0.000000  0.000000  0.000000  2.000000  
