1-Time 2-Px 3-Py 4-Pz 5-R11 6-R21 7-R31 8-R12 9-R22 10-R32 11-R13 12-R23 13-R33 14-Vx 15-Vy 16-Vz 17-Wx 18-Wy 19-Wz 20-state 21-PR11 22-PR21 23-PR31 24-PR12 25-PR22 26-PR32 27-PR13 28-PR23 29-PR33 
83.709313 0.004500  0.092754  -0.005626  0.988690  0.146921  0.030097  -0.148258  0.987761  0.048449  -0.022610  -0.052363  0.998372  0.000139  0.000214  0.000167  0.000000  0.000000  0.000000  2.000000  
83.710320 0.004500  0.092754  -0.005626  0.988690  0.146921  0.030097  -0.148258  0.987761  0.048449  -0.022610  -0.052363  0.998372  0.000163  0.000191  0.000145  0.000000  0.000000  0.000000  2.000000  
83.711564 0.004500  0.092753  -0.005626  0.988568  0.147731  0.030154  -0.149072  0.987634  0.048544  -0.022610  -0.052484  0.998366  0.000183  0.000086  0.000088  0.000000  0.000000  0.000000  2.000000  
83.712812 0.004501  0.092751  -0.005627  0.988408  0.148730  0.030486  -0.150089  0.987478  0.048592  -0.022878  -0.052605  0.998353  0.000241  -0.000015  0.000060  0.000000  0.000000  0.000000  2.000000  
83.713816 0.004502  0.092749  -0.005627  0.988312  0.149329  0.030667  -0.150699  0.987381  0.048673  -0.023011  -0.052726  0.998344  0.000277  -0.000167  0.000023  0.000000  0.000000  0.000000  2.000000  
83.715067 0.004503  0.092746  -0.005628  0.988247  0.149721  0.030855  -0.151105  0.987308  0.048880  -0.023145  -0.052968  0.998328  0.000350  -0.000392  -0.000019  0.000000  0.000000  0.000000  2.000000  
83.716318 0.004505  0.092745  -0.005628  0.988094  0.150741  0.030792  -0.152123  0.987147  0.048988  -0.023011  -0.053089  0.998325  0.000455  -0.000513  -0.000005  0.000000  0.000000  0.000000  2.000000  
83.717327 0.004506  0.092744  -0.005626  0.987971  0.151557  0.030718  -0.152937  0.987015  0.049103  -0.022878  -0.053210  0.998321  0.000517  -0.000579  0.000056  0.000000  0.000000  0.000000  2.000000  
83.718333 0.004507  0.092743  -0.005626  0.987784  0.152775  0.030684  -0.154157  0.986814  0.049325  -0.022744  -0.053453  0.998311  0.000598  -0.000629  0.000038  0.028056  -0.019595  0.199702  2.000000  
83.719569 0.004508  0.092742  -0.005626  0.987561  0.154194  0.030774  -0.155581  0.986587  0.049400  -0.022744  -0.053574  0.998305  0.000657  -0.000731  0.000011  0.031052  -0.022185  0.248146  2.000000  
83.720816 0.004510  0.092741  -0.005627  0.987333  0.155601  0.031015  -0.157003  0.986353  0.049574  -0.022878  -0.053816  0.998289  0.000790  -0.000781  -0.000010  0.038098  -0.029286  0.296320  2.000000  
83.721817 0.004513  0.092742  -0.005626  0.987165  0.156598  0.031348  -0.158019  0.986189  0.049620  -0.023145  -0.053937  0.998276  0.000902  -0.000804  -0.000007  0.041337  -0.040118  0.330312  2.000000  
83.723067 0.004516  0.092743  -0.005623  0.986900  0.158211  0.031581  -0.159644  0.985925  0.049666  -0.023279  -0.054057  0.998266  0.001144  -0.000727  0.000220  0.044128  -0.047579  0.385346  2.000000  
83.724319 0.004519  0.092743  -0.005619  0.986636  0.159831  0.031682  -0.161269  0.985657  0.049734  -0.023279  -0.054179  0.998260  0.001313  -0.000702  0.000441  0.046899  -0.046055  0.440754  2.000000  
83.725566 0.004522  0.092743  -0.005617  0.986366  0.161439  0.031935  -0.162893  0.985381  0.049899  -0.023413  -0.054421  0.998244  0.001500  -0.000702  0.000637  0.053755  -0.053564  0.495831  2.000000  
83.726570 0.004524  0.092742  -0.005616  0.986167  0.162659  0.031885  -0.164112  0.985174  0.050001  -0.023279  -0.054542  0.998240  0.001616  -0.000690  0.000728  0.056908  -0.051322  0.537468  2.000000  
83.727823 0.004528  0.092741  -0.005614  0.985895  0.164278  0.031987  -0.165736  0.984898  0.050068  -0.023279  -0.054663  0.998233  0.001826  -0.000640  0.000934  0.059701  -0.054308  0.592590  2.000000  
83.729066 0.004531  0.092738  -0.005611  0.985621  0.165892  0.032110  -0.167359  0.984614  0.050254  -0.023279  -0.054905  0.998220  0.001940  -0.000655  0.001127  0.066602  -0.057369  0.648022  2.000000  
83.730325 0.004536  0.092734  -0.005609  0.985341  0.167502  0.032344  -0.168982  0.984335  0.050298  -0.023413  -0.055026  0.998210  0.002158  -0.000744  0.001307  0.069349  -0.064862  0.702909  2.000000  
83.731564 0.004541  0.092729  -0.005608  0.985026  0.169318  0.032478  -0.170807  0.984011  0.050476  -0.023413  -0.055268  0.998197  0.002373  -0.001023  0.001266  0.075469  -0.067764  0.759041  2.000000  
83.732815 0.004547  0.092725  -0.005608  0.984776  0.170720  0.032724  -0.172226  0.983755  0.050645  -0.023546  -0.055510  0.998180  0.002708  -0.001268  0.001218  0.087145  -0.075466  0.813339  2.000000  
83.734066 0.004552  0.092718  -0.005609  0.984562  0.171927  0.032828  -0.173442  0.983531  0.050843  -0.023546  -0.055752  0.998167  0.002904  -0.001635  0.001167  0.094344  -0.077813  0.854821  2.000000  
83.735071 0.004556  0.092713  -0.005610  0.984383  0.172936  0.032902  -0.174456  0.983347  0.050929  -0.023546  -0.055873  0.998160  0.003158  -0.001939  0.001124  0.097587  -0.079709  0.889040  2.000000  
83.736071 0.004561  0.092707  -0.005611  0.984200  0.173932  0.033128  -0.175468  0.983157  0.051110  -0.023680  -0.056115  0.998143  0.003354  -0.002275  0.001051  0.105275  -0.086509  0.926819  2.000000  
83.737319 0.004568  0.092699  -0.005613  0.983983  0.175139  0.033233  -0.176684  0.982929  0.051307  -0.023680  -0.056357  0.998130  0.003598  -0.002912  0.000772  0.112073  -0.088554  0.964787  2.000000  
83.738333 0.004573  0.092693  -0.005615  0.983837  0.175944  0.033297  -0.177494  0.982779  0.051399  -0.023680  -0.056478  0.998123  0.003785  -0.003366  0.000410  0.115453  -0.090077  0.991940  2.000000  
83.739567 0.004579  0.092685  -0.005617  0.983654  0.176947  0.033393  -0.178507  0.982585  0.051603  -0.023680  -0.056721  0.998109  0.003973  -0.003925  0.000059  0.121974  -0.091463  1.019539  2.000000  
83.740568 0.004583  0.092679  -0.005619  0.983503  0.177745  0.033588  -0.179316  0.982434  0.051671  -0.023814  -0.056841  0.998099  0.004144  -0.004343  -0.000145  0.122503  -0.097524  1.040781  2.000000  
83.741816 0.004589  0.092670  -0.005621  0.983352  0.178542  0.033784  -0.180125  0.982282  0.051738  -0.023948  -0.056962  0.998089  0.004273  -0.004841  -0.000415  0.126433  -0.097582  1.040723  2.000000  
83.743062 0.004594  0.092661  -0.005624  0.983241  0.179145  0.033837  -0.180733  0.982165  0.051837  -0.023948  -0.057083  0.998082  0.004363  -0.005282  -0.000730  0.125491  -0.092080  1.025594  2.000000  
83.744068 0.004597  0.092653  -0.005626  0.983126  0.179740  0.034023  -0.181339  0.982050  0.051911  -0.024081  -0.057204  0.998072  0.004425  -0.005730  -0.001099  0.122288  -0.088571  1.034668  2.000000  
83.745317 0.004601  0.092643  -0.005628  0.983013  0.180346  0.034055  -0.181947  0.981938  0.051890  -0.024081  -0.057204  0.998072  0.004352  -0.006081  -0.001326  0.118166  -0.088601  1.034284  2.000000  
83.746564 0.004605  0.092633  -0.005632  0.982901  0.180949  0.034109  -0.182554  0.981820  0.051988  -0.024081  -0.057325  0.998065  0.004243  -0.006401  -0.001583  0.117429  -0.092074  1.018707  2.000000  
83.747812 0.004607  0.092623  -0.005636  0.982863  0.181146  0.034141  -0.182756  0.981777  0.052100  -0.024081  -0.057446  0.998058  0.004033  -0.006802  -0.001867  0.114293  -0.094839  0.984470  2.000000  
83.748814 0.004609  0.092614  -0.005639  0.982788  0.181551  0.034163  -0.183161  0.981702  0.052086  -0.024081  -0.057446  0.998058  0.003875  -0.007047  -0.002087  0.110934  -0.097809  0.956600  2.000000  
83.749814 0.004610  0.092605  -0.005643  0.982712  0.181951  0.034206  -0.183565  0.981621  0.052191  -0.024081  -0.057568  0.998051  0.003717  -0.007240  -0.002231  0.107369  -0.096834  0.935996  2.000000  
83.750817 0.004612  0.092597  -0.005646  0.982675  0.182153  0.034217  -0.183768  0.981584  0.052184  -0.024081  -0.057568  0.998051  0.003454  -0.007453  -0.002380  0.105060  -0.086423  0.903026  2.000000  
83.751819 0.004613  0.092589  -0.005651  0.982634  0.182343  0.034381  -0.183969  0.981541  0.052271  -0.024215  -0.057688  0.998041  0.003170  -0.007595  -0.002537  0.105719  -0.084570  0.868149  2.000000  
83.753069 0.004613  0.092577  -0.005657  0.982596  0.182545  0.034392  -0.184172  0.981504  0.052264  -0.024215  -0.057688  0.998041  0.002749  -0.007890  -0.002835  0.102576  -0.077817  0.826994  2.000000  
83.754069 0.004613  0.092567  -0.005664  0.982555  0.182736  0.034556  -0.184373  0.981461  0.052351  -0.024349  -0.057809  0.998031  0.002385  -0.008128  -0.003220  0.103526  -0.080095  0.785418  2.000000  
83.755321 0.004612  0.092554  -0.005673  0.982517  0.182938  0.034567  -0.184576  0.981423  0.052344  -0.024349  -0.057809  0.998031  0.001931  -0.008454  -0.003667  0.096460  -0.072970  0.737182  2.000000  
83.756321 0.004611  0.092544  -0.005680  0.982479  0.183140  0.034578  -0.184778  0.981386  0.052337  -0.024349  -0.057809  0.998031  0.001556  -0.008694  -0.004020  0.096379  -0.075290  0.703545  2.000000  
83.757322 0.004610  0.092534  -0.005687  0.982441  0.183342  0.034588  -0.184980  0.981348  0.052330  -0.024349  -0.057809  0.998031  0.001174  -0.008833  -0.004349  0.089989  -0.073645  0.667747  2.000000  
83.758331 0.004608  0.092525  -0.005694  0.982437  0.183330  0.034742  -0.184980  0.981343  0.052424  -0.024483  -0.057930  0.998020  0.000823  -0.008938  -0.004654  0.091079  -0.075468  0.619000  2.000000  
83.759590 0.004606  0.092514  -0.005703  0.982399  0.183532  0.034753  -0.185182  0.981305  0.052417  -0.024483  -0.057930  0.998020  0.000418  -0.009018  -0.005145  0.084054  -0.072781  0.570453  2.000000  
83.760819 0.004604  0.092504  -0.005712  0.982396  0.183524  0.034884  -0.185181  0.981307  0.052392  -0.024616  -0.057930  0.998017  0.000048  -0.009050  -0.005535  0.081302  -0.069748  0.515683  2.000000  
83.762062 0.004601  0.092493  -0.005721  0.982358  0.183730  0.034872  -0.185383  0.981275  0.052266  -0.024616  -0.057809  0.998024  -0.000366  -0.009101  -0.005909  0.069471  -0.062431  0.470658  2.000000  
83.763067 0.004599  0.092485  -0.005728  0.982316  0.183925  0.035014  -0.185585  0.981239  0.052234  -0.024750  -0.057809  0.998021  -0.000585  -0.009052  -0.006095  0.062693  -0.065530  0.439735  2.000000  
83.764316 0.004597  0.092476  -0.005736  0.982278  0.184127  0.035025  -0.185787  0.981201  0.052227  -0.024750  -0.057809  0.998021  -0.000849  -0.008912  -0.006341  0.058813  -0.063477  0.408831  2.000000  
83.765318 0.004595  0.092470  -0.005743  0.982275  0.184119  0.035156  -0.185787  0.981202  0.052202  -0.024884  -0.057808  0.998018  -0.001091  -0.008788  -0.006630  0.052083  -0.061673  0.370656  2.000000  
83.766562 0.004594  0.092462  -0.005750  0.982275  0.184119  0.035156  -0.185787  0.981202  0.052202  -0.024884  -0.057808  0.998018  -0.001296  -0.008569  -0.006712  0.044401  -0.059254  0.333355  2.000000  
83.767578 0.004592  0.092457  -0.005756  0.982237  0.184321  0.035167  -0.185989  0.981165  0.052195  -0.024884  -0.057808  0.998018  -0.001451  -0.008332  -0.006804  0.037441  -0.057787  0.301461  2.000000  
83.768817 0.004591  0.092450  -0.005763  0.982198  0.184528  0.035155  -0.186191  0.981133  0.052069  -0.024884  -0.057687  0.998025  -0.001505  -0.008012  -0.006745  0.029973  -0.056228  0.273953  2.000000  
83.769819 0.004589  0.092444  -0.005770  0.982195  0.184520  0.035287  -0.186190  0.981134  0.052044  -0.025018  -0.057687  0.998021  -0.001538  -0.007629  -0.006673  0.022454  -0.054668  0.246281  2.000000  
83.770821 0.004589  0.092439  -0.005776  0.982153  0.184714  0.035428  -0.186392  0.981098  0.052012  -0.025151  -0.057687  0.998018  -0.001509  -0.007363  -0.006627  0.018699  -0.058375  0.232194  2.000000  
83.771821 0.004589  0.092434  -0.005782  0.982153  0.184714  0.035428  -0.186392  0.981098  0.052012  -0.025151  -0.057687  0.998018  -0.001438  -0.006972  -0.006564  0.019196  -0.052704  0.211770  2.000000  
83.773068 0.004589  0.092429  -0.005789  0.982150  0.184707  0.035560  -0.186391  0.981099  0.051987  -0.025285  -0.057687  0.998014  -0.001284  -0.006562  -0.006420  0.015785  -0.055616  0.183876  2.000000  
83.774069 0.004591  0.092425  -0.005794  0.982108  0.184901  0.035702  -0.186593  0.981063  0.051955  -0.025419  -0.057687  0.998011  -0.001078  -0.006221  -0.006304  0.012025  -0.054830  0.170051  2.000000  
83.775069 0.004592  0.092421  -0.005799  0.982105  0.184894  0.035833  -0.186592  0.981064  0.051930  -0.025553  -0.057686  0.998008  -0.000877  -0.005906  -0.006151  0.000000  0.000000  0.000000  2.000000  
83.776313 0.004595  0.092417  -0.005806  0.982063  0.185088  0.035975  -0.186794  0.981027  0.051897  -0.025687  -0.057686  0.998004  -0.000520  -0.005488  -0.006049  0.000000  0.000000  0.000000  2.000000  
83.777317 0.004597  0.092414  -0.005812  0.982060  0.185076  0.036128  -0.186793  0.981023  0.051991  -0.025820  -0.057807  0.997994  -0.000228  -0.005154  -0.005913  0.000000  0.000000  0.000000  2.000000  
83.778330 0.004601  0.092411  -0.005818  0.982060  0.185076  0.036128  -0.186793  0.981023  0.051991  -0.025820  -0.057807  0.997994  0.000171  -0.004736  -0.005805  0.000000  0.000000  0.000000  2.000000  
83.779570 0.004605  0.092408  -0.005823  0.982053  0.185056  0.036413  -0.186792  0.981019  0.052060  -0.026088  -0.057928  0.997980  0.000654  -0.004372  -0.005663  0.000000  0.000000  0.000000  2.000000  
83.780812 0.004611  0.092406  -0.005828  0.982011  0.185251  0.036555  -0.186993  0.980982  0.052028  -0.026222  -0.057928  0.997976  0.001130  -0.004021  -0.005495  0.000000  0.000000  0.000000  2.000000  
83.781813 0.004616  0.092405  -0.005832  0.982008  0.185243  0.036686  -0.186993  0.980984  0.052003  -0.026355  -0.057927  0.997973  0.001554  -0.003714  -0.005368  0.000000  0.000000  0.000000  2.000000  
83.782817 0.004621  0.092403  -0.005836  0.982004  0.185236  0.036817  -0.186992  0.980985  0.051978  -0.026489  -0.057927  0.997969  0.001920  -0.003473  -0.005220  0.000000  0.000000  0.000000  2.000000  
83.784069 0.004627  0.092402  -0.005839  0.982001  0.185223  0.036971  -0.186991  0.980980  0.052072  -0.026623  -0.058048  0.997959  0.002506  -0.003040  -0.004941  0.000000  0.000000  0.000000  2.000000  
83.785069 0.004632  0.092401  -0.005842  0.981997  0.185216  0.037102  -0.186991  0.980982  0.052047  -0.026757  -0.058048  0.997955  0.002894  -0.002763  -0.004682  0.000000  0.000000  0.000000  2.000000  
83.786074 0.004637  0.092400  -0.005844  0.981994  0.185208  0.037233  -0.186990  0.980983  0.052022  -0.026890  -0.058048  0.997952  0.003230  -0.002500  -0.004424  0.000000  0.000000  0.000000  2.000000  
83.787321 0.004643  0.092399  -0.005846  0.981990  0.185196  0.037387  -0.186989  0.980979  0.052116  -0.027024  -0.058168  0.997941  0.003614  -0.002169  -0.004115  0.000000  0.000000  0.000000  2.000000  
83.788331 0.004648  0.092399  -0.005848  0.981987  0.185188  0.037518  -0.186989  0.980980  0.052091  -0.027158  -0.058168  0.997937  0.003964  -0.001870  -0.003867  0.000000  0.000000  0.000000  2.000000  
83.789567 0.004654  0.092399  -0.005850  0.981983  0.185176  0.037672  -0.186988  0.980975  0.052185  -0.027292  -0.058289  0.997927  0.004199  -0.001593  -0.003563  0.000000  0.000000  0.000000  2.000000  
83.790571 0.004659  0.092399  -0.005852  0.982018  0.184967  0.037792  -0.186785  0.981015  0.052168  -0.027425  -0.058289  0.997923  0.004428  -0.001356  -0.003264  0.000000  0.000000  0.000000  2.000000  
83.791819 0.004665  0.092399  -0.005854  0.982014  0.184959  0.037923  -0.186785  0.981016  0.052143  -0.027559  -0.058289  0.997919  0.004607  -0.000999  -0.002951  0.000000  0.000000  0.000000  2.000000  
83.792819 0.004670  0.092400  -0.005856  0.982014  0.184954  0.037946  -0.186785  0.981010  0.052262  -0.027559  -0.058410  0.997912  0.004725  -0.000774  -0.002714  0.000000  0.000000  0.000000  2.000000  
83.794065 0.004675  0.092401  -0.005859  0.982011  0.184947  0.038077  -0.186784  0.981011  0.052237  -0.027693  -0.058409  0.997909  0.004750  -0.000553  -0.002502  0.000000  0.000000  0.000000  2.000000  
83.795067 0.004678  0.092401  -0.005861  0.982007  0.184934  0.038230  -0.186783  0.981006  0.052331  -0.027827  -0.058530  0.997898  0.004684  -0.000413  -0.002352  0.000000  0.000000  0.000000  2.000000  
83.796317 0.004681  0.092401  -0.005864  0.981965  0.185129  0.038372  -0.186985  0.980970  0.052298  -0.027960  -0.058530  0.997894  0.004513  -0.000273  -0.002194  0.000000  0.000000  0.000000  2.000000  
83.797318 0.004684  0.092401  -0.005866  0.981965  0.185129  0.038372  -0.186985  0.980970  0.052298  -0.027960  -0.058530  0.997894  0.004345  -0.000192  -0.002115  0.000000  0.000000  0.000000  2.000000  
83.798328 0.004685  0.092400  -0.005868  0.981961  0.185116  0.038526  -0.186984  0.980965  0.052392  -0.028094  -0.058651  0.997883  0.004104  -0.000141  -0.002084  0.000000  0.000000  0.000000  2.000000  
83.799569 0.004687  0.092400  -0.005871  0.981961  0.185116  0.038526  -0.186984  0.980965  0.052392  -0.028094  -0.058651  0.997883  0.003872  -0.000092  -0.002061  0.000000  0.000000  0.000000  2.000000  
83.800571 0.004688  0.092399  -0.005873  0.981957  0.185104  0.038680  -0.186983  0.980960  0.052486  -0.028228  -0.058772  0.997872  0.003559  -0.000090  -0.002035  0.000000  0.000000  0.000000  2.000000  
83.801819 0.004688  0.092397  -0.005875  0.981919  0.185306  0.038690  -0.187185  0.980922  0.052478  -0.028228  -0.058772  0.997872  0.003121  -0.000141  -0.002015  0.000000  0.000000  0.000000  2.000000  
83.803068 0.004688  0.092396  -0.005878  0.981919  0.185306  0.038690  -0.187185  0.980922  0.052478  -0.028228  -0.058772  0.997872  0.002723  -0.000219  -0.002023  0.000000  0.000000  0.000000  2.000000  
83.804069 0.004687  0.092395  -0.005880  0.981915  0.185293  0.038844  -0.187185  0.980917  0.052572  -0.028362  -0.058893  0.997861  0.002278  -0.000274  -0.002034  0.000000  0.000000  0.000000  2.000000  
83.805069 0.004686  0.092394  -0.005882  0.981915  0.185293  0.038844  -0.187185  0.980917  0.052572  -0.028362  -0.058893  0.997861  0.001875  -0.000356  -0.002073  0.000000  0.000000  0.000000  2.000000  
83.806324 0.004684  0.092392  -0.005884  0.981915  0.185293  0.038844  -0.187185  0.980917  0.052572  -0.028362  -0.058893  0.997861  0.001360  -0.000457  -0.002058  0.000000  0.000000  0.000000  2.000000  
83.807569 0.004682  0.092391  -0.005886  0.981915  0.185289  0.038867  -0.187185  0.980911  0.052691  -0.028362  -0.059014  0.997854  0.000843  -0.000579  -0.002000  0.000000  0.000000  0.000000  2.000000  
83.808571 0.004681  0.092391  -0.005887  0.981915  0.185289  0.038867  -0.187185  0.980911  0.052691  -0.028362  -0.059014  0.997854  0.000495  -0.000626  -0.001952  0.000000  0.000000  0.000000  2.000000  
83.809815 0.004679  0.092390  -0.005888  0.981919  0.185296  0.038735  -0.187185  0.980909  0.052716  -0.028228  -0.059014  0.997858  0.000077  -0.000691  -0.001824  0.000000  0.000000  0.000000  2.000000  
83.810816 0.004676  0.092389  -0.005890  0.981919  0.185296  0.038735  -0.187185  0.980909  0.052716  -0.028228  -0.059014  0.997858  -0.000324  -0.000816  -0.001807  0.000000  0.000000  0.000000  2.000000  
83.812063 0.004674  0.092387  -0.005891  0.981919  0.185296  0.038735  -0.187185  0.980909  0.052716  -0.028228  -0.059014  0.997858  -0.000669  -0.000908  -0.001706  0.000000  0.000000  0.000000  2.000000  
83.813317 0.004671  0.092385  -0.005894  0.981915  0.185289  0.038867  -0.187185  0.980911  0.052691  -0.028362  -0.059014  0.997854  -0.000981  -0.001044  -0.001690  0.000000  0.000000  0.000000  2.000000  
83.814320 0.004668  0.092383  -0.005895  0.981915  0.185289  0.038867  -0.187185  0.980911  0.052691  -0.028362  -0.059014  0.997854  -0.001298  -0.001128  -0.001630  0.000000  0.000000  0.000000  2.000000  
83.815567 0.004666  0.092381  -0.005897  0.981915  0.185289  0.038867  -0.187185  0.980911  0.052691  -0.028362  -0.059014  0.997854  -0.001487  -0.001206  -0.001578  0.000000  0.000000  0.000000  2.000000  
83.816814 0.004663  0.092378  -0.005898  0.981919  0.185296  0.038735  -0.187185  0.980909  0.052716  -0.028228  -0.059014  0.997858  -0.001617  -0.001276  -0.001537  0.000000  0.000000  0.000000  2.000000  
83.817818 0.004662  0.092377  -0.005900  0.981919  0.185296  0.038735  -0.187185  0.980909  0.052716  -0.028228  -0.059014  0.997858  -0.001724  -0.001296  -0.001485  0.000000  0.000000  0.000000  2.000000  
83.819066 0.004660  0.092374  -0.005901  0.981957  0.185090  0.038747  -0.186983  0.980941  0.052843  -0.028228  -0.059135  0.997851  -0.001802  -0.001366  -0.001447  0.000000  0.000000  0.000000  2.000000  
83.820070 0.004658  0.092372  -0.005903  0.981957  0.185090  0.038747  -0.186983  0.980941  0.052843  -0.028228  -0.059135  0.997851  -0.001843  -0.001429  -0.001383  0.000000  0.000000  0.000000  2.000000  
83.821322 0.004656  0.092370  -0.005904  0.981957  0.185090  0.038747  -0.186983  0.980941  0.052843  -0.028228  -0.059135  0.997851  -0.001826  -0.001479  -0.001359  0.000000  0.000000  0.000000  2.000000  
83.822323 0.004656  0.092369  -0.005905  0.981957  0.185090  0.038747  -0.186983  0.980941  0.052843  -0.028228  -0.059135  0.997851  -0.001784  -0.001516  -0.001276  0.000000  0.000000  0.000000  2.000000  
83.823569 0.004654  0.092368  -0.005905  0.981996  0.184888  0.038736  -0.186781  0.980979  0.052851  -0.028228  -0.059135  0.997851  -0.001761  -0.001589  -0.001245  0.000000  0.000000  0.000000  2.000000  
83.824571 0.004653  0.092367  -0.005905  0.981996  0.184883  0.038759  -0.186781  0.980972  0.052970  -0.028228  -0.059256  0.997844  -0.001725  -0.001604  -0.001170  0.000000  0.000000  0.000000  2.000000  
83.825819 0.004653  0.092366  -0.005906  0.981996  0.184883  0.038759  -0.186781  0.980972  0.052970  -0.028228  -0.059256  0.997844  -0.001564  -0.001492  -0.001059  0.000000  0.000000  0.000000  2.000000  
83.827062 0.004652  0.092366  -0.005906  0.981996  0.184888  0.038736  -0.186781  0.980979  0.052851  -0.028228  -0.059135  0.997851  -0.001483  -0.001434  -0.000958  0.000000  0.000000  0.000000  2.000000  
83.828064 0.004651  0.092365  -0.005906  0.981996  0.184888  0.038736  -0.186781  0.980979  0.052851  -0.028228  -0.059135  0.997851  -0.001315  -0.001318  -0.000842  0.000000  0.000000  0.000000  2.000000  
83.829317 0.004651  0.092365  -0.005906  0.981996  0.184888  0.038736  -0.186781  0.980979  0.052851  -0.028228  -0.059135  0.997851  -0.001177  -0.001209  -0.000704  0.000000  0.000000  0.000000  2.000000  
83.830319 0.004650  0.092365  -0.005906  0.981996  0.184888  0.038736  -0.186781  0.980979  0.052851  -0.028228  -0.059135  0.997851  -0.001055  -0.001089  -0.000580  0.000000  0.000000  0.000000  2.000000  
83.831564 0.004650  0.092365  -0.005905  0.981996  0.184888  0.038736  -0.186781  0.980979  0.052851  -0.028228  -0.059135  0.997851  -0.000895  -0.000914  -0.000481  0.000000  0.000000  0.000000  2.000000  
83.832815 0.004651  0.092366  -0.005905  0.981996  0.184892  0.038714  -0.186781  0.980985  0.052732  -0.028228  -0.059014  0.997858  -0.000742  -0.000703  -0.000348  0.000000  0.000000  0.000000  2.000000  
83.834069 0.004651  0.092368  -0.005905  0.981996  0.184892  0.038714  -0.186781  0.980985  0.052732  -0.028228  -0.059014  0.997858  -0.000545  -0.000422  -0.000187  0.000000  0.000000  0.000000  2.000000  
83.835319 0.004652  0.092369  -0.005904  0.981996  0.184892  0.038714  -0.186781  0.980985  0.052732  -0.028228  -0.059014  0.997858  -0.000377  -0.000211  -0.000086  0.000000  0.000000  0.000000  2.000000  
83.836569 0.004653  0.092370  -0.005904  0.981957  0.185094  0.038725  -0.186983  0.980947  0.052724  -0.028228  -0.059014  0.997858  -0.000216  0.000024  0.000005  0.000000  0.000000  0.000000  2.000000  
83.837570 0.004654  0.092371  -0.005904  0.981957  0.185094  0.038725  -0.186983  0.980947  0.052724  -0.028228  -0.059014  0.997858  -0.000088  0.000153  0.000042  0.000000  0.000000  0.000000  2.000000  
83.838816 0.004655  0.092372  -0.005904  0.981919  0.185296  0.038735  -0.187185  0.980909  0.052716  -0.028228  -0.059014  0.997858  0.000032  0.000301  0.000067  0.000000  0.000000  0.000000  2.000000  
83.839816 0.004656  0.092373  -0.005904  0.981919  0.185296  0.038735  -0.187185  0.980909  0.052716  -0.028228  -0.059014  0.997858  0.000171  0.000425  0.000069  0.000000  0.000000  0.000000  2.000000  
83.840817 0.004656  0.092374  -0.005904  0.981919  0.185296  0.038735  -0.187185  0.980909  0.052716  -0.028228  -0.059014  0.997858  0.000223  0.000501  0.000099  0.000000  0.000000  0.000000  2.000000  
83.842066 0.004658  0.092376  -0.005904  0.981880  0.185498  0.038746  -0.187388  0.980871  0.052708  -0.028228  -0.059014  0.997858  0.000391  0.000687  0.000113  0.000000  0.000000  0.000000  2.000000  
83.843312 0.004659  0.092377  -0.005904  0.981880  0.185498  0.038746  -0.187388  0.980871  0.052708  -0.028228  -0.059014  0.997858  0.000481  0.000776  0.000127  0.000000  0.000000  0.000000  2.000000  
83.844319 0.004660  0.092378  -0.005903  0.981880  0.185498  0.038746  -0.187388  0.980871  0.052708  -0.028228  -0.059014  0.997858  0.000617  0.000918  0.000166  0.000000  0.000000  0.000000  2.000000  
83.845564 0.004661  0.092380  -0.005903  0.981842  0.185700  0.038757  -0.187590  0.980833  0.052700  -0.028228  -0.059014  0.997858  0.000745  0.001026  0.000166  0.000000  0.000000  0.000000  2.000000  
83.846565 0.004662  0.092381  -0.005903  0.981842  0.185705  0.038735  -0.187590  0.980839  0.052581  -0.028228  -0.058893  0.997865  0.000794  0.001091  0.000144  0.000000  0.000000  0.000000  2.000000  
83.847812 0.004663  0.092383  -0.005903  0.981803  0.185907  0.038745  -0.187792  0.980801  0.052573  -0.028228  -0.058893  0.997865  0.000846  0.001146  0.000138  0.000000  0.000000  0.000000  2.000000  
83.848814 0.004664  0.092384  -0.005903  0.981803  0.185907  0.038745  -0.187792  0.980801  0.052573  -0.028228  -0.058893  0.997865  0.000882  0.001139  0.000116  0.000000  0.000000  0.000000  2.000000  
83.849814 0.004665  0.092386  -0.005902  0.981803  0.185907  0.038745  -0.187792  0.980801  0.052573  -0.028228  -0.058893  0.997865  0.000890  0.001170  0.000124  0.000000  0.000000  0.000000  2.000000  
83.850826 0.004666  0.092387  -0.005902  0.981764  0.186109  0.038756  -0.187994  0.980763  0.052565  -0.028228  -0.058893  0.997865  0.000899  0.001168  0.000171  0.000000  0.000000  0.000000  2.000000  
83.852067 0.004667  0.092388  -0.005902  0.981764  0.186109  0.038756  -0.187994  0.980763  0.052565  -0.028228  -0.058893  0.997865  0.000899  0.001169  0.000171  0.000000  0.000000  0.000000  2.000000  
83.853067 0.004668  0.092389  -0.005901  0.981764  0.186109  0.038756  -0.187994  0.980763  0.052565  -0.028228  -0.058893  0.997865  0.000895  0.001150  0.000215  0.000000  0.000000  0.000000  2.000000  
83.854070 0.004668  0.092389  -0.005902  0.981726  0.186311  0.038767  -0.188196  0.980724  0.052557  -0.028228  -0.058893  0.997865  0.000884  0.001094  0.000171  0.000000  0.000000  0.000000  2.000000  
83.855319 0.004668  0.092389  -0.005902  0.981726  0.186311  0.038767  -0.188196  0.980724  0.052557  -0.028228  -0.058893  0.997865  0.000835  0.001030  0.000192  0.000000  0.000000  0.000000  2.000000  
83.856570 0.004669  0.092389  -0.005902  0.981726  0.186311  0.038767  -0.188196  0.980724  0.052557  -0.028228  -0.058893  0.997865  0.000772  0.000917  0.000155  0.000000  0.000000  0.000000  2.000000  
83.857572 0.004669  0.092389  -0.005902  0.981726  0.186311  0.038767  -0.188196  0.980724  0.052557  -0.028228  -0.058893  0.997865  0.000758  0.000843  0.000155  0.000000  0.000000  0.000000  2.000000  
83.858817 0.004669  0.092389  -0.005902  0.981726  0.186311  0.038767  -0.188196  0.980724  0.052557  -0.028228  -0.058893  0.997865  0.000682  0.000714  0.000114  0.000000  0.000000  0.000000  2.000000  
83.860062 0.004670  0.092388  -0.005902  0.981687  0.186513  0.038778  -0.188398  0.980686  0.052549  -0.028228  -0.058893  0.997865  0.000627  0.000557  0.000050  0.000000  0.000000  0.000000  2.000000  
83.861064 0.004670  0.092388  -0.005903  0.981687  0.186513  0.038778  -0.188398  0.980686  0.052549  -0.028228  -0.058893  0.997865  0.000551  0.000428  0.000010  0.000000  0.000000  0.000000  2.000000  
83.862312 0.004671  0.092388  -0.005903  0.981687  0.186513  0.038778  -0.188398  0.980686  0.052549  -0.028228  -0.058893  0.997865  0.000527  0.000347  0.000010  0.000000  0.000000  0.000000  2.000000  
83.863562 0.004671  0.092387  -0.005903  0.981687  0.186513  0.038778  -0.188398  0.980686  0.052549  -0.028228  -0.058893  0.997865  0.000473  0.000193  -0.000054  0.000000  0.000000  0.000000  2.000000  
83.864564 0.004671  0.092387  -0.005903  0.981687  0.186513  0.038778  -0.188398  0.980686  0.052549  -0.028228  -0.058893  0.997865  0.000415  0.000097  -0.000040  0.000000  0.000000  0.000000  2.000000  
83.865565 0.004671  0.092386  -0.005903  0.981687  0.186513  0.038778  -0.188398  0.980686  0.052549  -0.028228  -0.058893  0.997865  0.000355  -0.000055  -0.000071  0.000000  0.000000  0.000000  2.000000  
83.866812 0.004671  0.092386  -0.005903  0.981687  0.186513  0.038778  -0.188398  0.980686  0.052549  -0.028228  -0.058893  0.997865  0.000291  -0.000151  -0.000056  0.000000  0.000000  0.000000  2.000000  
83.867820 0.004671  0.092385  -0.005903  0.981687  0.186513  0.038778  -0.188398  0.980686  0.052549  -0.028228  -0.058893  0.997865  0.000211  -0.000259  -0.000107  0.000000  0.000000  0.000000  2.000000  
83.869066 0.004671  0.092384  -0.005903  0.981687  0.186517  0.038755  -0.188398  0.980692  0.052430  -0.028228  -0.058772  0.997872  0.000150  -0.000351  -0.000092  0.000000  0.000000  0.000000  2.000000  
83.870067 0.004670  0.092383  -0.005903  0.981687  0.186517  0.038755  -0.188398  0.980692  0.052430  -0.028228  -0.058772  0.997872  0.000138  -0.000432  -0.000093  0.000000  0.000000  0.000000  2.000000  
83.871319 0.004670  0.092382  -0.005903  0.981687  0.186517  0.038755  -0.188398  0.980692  0.052430  -0.028228  -0.058772  0.997872  0.000125  -0.000428  -0.000059  0.000000  0.000000  0.000000  2.000000  
83.872570 0.004670  0.092381  -0.005903  0.981687  0.186517  0.038755  -0.188398  0.980692  0.052430  -0.028228  -0.058772  0.997872  0.000083  -0.000502  -0.000121  0.000000  0.000000  0.000000  2.000000  
83.873572 0.004670  0.092381  -0.005903  0.981687  0.186513  0.038778  -0.188398  0.980686  0.052549  -0.028228  -0.058893  0.997865  0.000072  -0.000506  -0.000089  0.000000  0.000000  0.000000  2.000000  
83.874815 0.004670  0.092380  -0.005904  0.981687  0.186513  0.038778  -0.188398  0.980686  0.052549  -0.028228  -0.058893  0.997865  0.000041  -0.000534  -0.000109  0.000000  0.000000  0.000000  2.000000  
83.875817 0.004670  0.092380  -0.005904  0.981687  0.186513  0.038778  -0.188398  0.980686  0.052549  -0.028228  -0.058893  0.997865  0.000033  -0.000510  -0.000120  0.000000  0.000000  0.000000  2.000000  
83.877067 0.004671  0.092380  -0.005904  0.981726  0.186311  0.038767  -0.188196  0.980724  0.052557  -0.028228  -0.058893  0.997865  0.000020  -0.000506  -0.000085  0.000000  0.000000  0.000000  2.000000  
83.878068 0.004671  0.092380  -0.005905  0.981726  0.186311  0.038767  -0.188196  0.980724  0.052557  -0.028228  -0.058893  0.997865  0.000025  -0.000486  -0.000130  0.000000  0.000000  0.000000  2.000000  
83.879318 0.004671  0.092380  -0.005905  0.981726  0.186311  0.038767  -0.188196  0.980724  0.052557  -0.028228  -0.058893  0.997865  0.000004  -0.000459  -0.000106  0.000000  0.000000  0.000000  2.000000  
83.880566 0.004672  0.092380  -0.005905  0.981726  0.186311  0.038767  -0.188196  0.980724  0.052557  -0.028228  -0.058893  0.997865  0.000039  -0.000412  -0.000130  0.000000  0.000000  0.000000  2.000000  
83.881812 0.004672  0.092380  -0.005905  0.981726  0.186311  0.038767  -0.188196  0.980724  0.052557  -0.028228  -0.058893  0.997865  0.000044  -0.000385  -0.000172  0.000000  0.000000  0.000000  2.000000  
83.882816 0.004672  0.092380  -0.005905  0.981726  0.186311  0.038767  -0.188196  0.980724  0.052557  -0.028228  -0.058893  0.997865  0.000066  -0.000335  -0.000162  0.000000  0.000000  0.000000  2.000000  
83.884067 0.004672  0.092380  -0.005906  0.981726  0.186311  0.038767  -0.188196  0.980724  0.052557  -0.028228  -0.058893  0.997865  0.000087  -0.000246  -0.000209  0.000000  0.000000  0.000000  2.000000  
83.885319 0.004672  0.092380  -0.005906  0.981726  0.186311  0.038767  -0.188196  0.980724  0.052557  -0.028228  -0.058893  0.997865  0.000121  -0.000195  -0.000230  0.000000  0.000000  0.000000  2.000000  
83.886326 0.004672  0.092380  -0.005906  0.981726  0.186311  0.038767  -0.188196  0.980724  0.052557  -0.028228  -0.058893  0.997865  0.000132  -0.000143  -0.000189  0.000000  0.000000  0.000000  2.000000  
83.887569 0.004673  0.092380  -0.005907  0.981726  0.186311  0.038767  -0.188196  0.980724  0.052557  -0.028228  -0.058893  0.997865  0.000157  -0.000071  -0.000220  0.000000  0.000000  0.000000  2.000000  
83.888569 0.004673  0.092380  -0.005907  0.981726  0.186311  0.038767  -0.188196  0.980724  0.052557  -0.028228  -0.058893  0.997865  0.000162  -0.000051  -0.000264  0.000000  0.000000  0.000000  2.000000  
83.889816 0.004673  0.092381  -0.005907  0.981726  0.186311  0.038767  -0.188196  0.980724  0.052557  -0.028228  -0.058893  0.997865  0.000197  0.000053  -0.000214  0.000000  0.000000  0.000000  2.000000  
83.890817 0.004674  0.092382  -0.005907  0.981726  0.186311  0.038767  -0.188196  0.980724  0.052557  -0.028228  -0.058893  0.997865  0.000220  0.000104  -0.000204  0.000000  0.000000  0.000000  2.000000  
83.892066 0.004674  0.092382  -0.005908  0.981726  0.186311  0.038767  -0.188196  0.980724  0.052557  -0.028228  -0.058893  0.997865  0.000183  0.000119  -0.000274  0.000000  0.000000  0.000000  2.000000  
83.893318 0.004674  0.092383  -0.005908  0.981726  0.186311  0.038767  -0.188196  0.980724  0.052557  -0.028228  -0.058893  0.997865  0.000205  0.000169  -0.000264  0.000000  0.000000  0.000000  2.000000  
83.894562 0.004675  0.092383  -0.005910  0.981726  0.186306  0.038790  -0.188196  0.980718  0.052676  -0.028228  -0.059014  0.997858  0.000210  0.000189  -0.000308  0.000000  0.000000  0.000000  2.000000  
83.895564 0.004675  0.092383  -0.005910  0.981726  0.186306  0.038790  -0.188196  0.980718  0.052676  -0.028228  -0.059014  0.997858  0.000207  0.000232  -0.000362  0.000000  0.000000  0.000000  2.000000  
83.896564 0.004675  0.092383  -0.005910  0.981726  0.186306  0.038790  -0.188196  0.980718  0.052676  -0.028228  -0.059014  0.997858  0.000197  0.000240  -0.000334  0.000000  0.000000  0.000000  2.000000  
83.897812 0.004675  0.092384  -0.005911  0.981726  0.186306  0.038790  -0.188196  0.980718  0.052676  -0.028228  -0.059014  0.997858  0.000212  0.000252  -0.000406  0.000000  0.000000  0.000000  2.000000  
83.898814 0.004675  0.092383  -0.005912  0.981726  0.186306  0.038790  -0.188196  0.980718  0.052676  -0.028228  -0.059014  0.997858  0.000212  0.000252  -0.000406  0.000000  0.000000  0.000000  2.000000  
83.900066 0.004675  0.092383  -0.005913  0.981726  0.186306  0.038790  -0.188196  0.980718  0.052676  -0.028228  -0.059014  0.997858  0.000174  0.000249  -0.000436  0.000000  0.000000  0.000000  2.000000  
83.901073 0.004675  0.092383  -0.005913  0.981726  0.186306  0.038790  -0.188196  0.980718  0.052676  -0.028228  -0.059014  0.997858  0.000187  0.000245  -0.000469  0.000000  0.000000  0.000000  2.000000  
83.902328 0.004675  0.092383  -0.005914  0.981726  0.186306  0.038790  -0.188196  0.980718  0.052676  -0.028228  -0.059014  0.997858  0.000167  0.000198  -0.000487  0.000000  0.000000  0.000000  2.000000  
83.903569 0.004676  0.092383  -0.005915  0.981726  0.186306  0.038790  -0.188196  0.980718  0.052676  -0.028228  -0.059014  0.997858  0.000177  0.000192  -0.000513  0.000000  0.000000  0.000000  2.000000  
83.904569 0.004675  0.092383  -0.005916  0.981726  0.186306  0.038790  -0.188196  0.980718  0.052676  -0.028228  -0.059014  0.997858  0.000140  0.000113  -0.000586  0.000000  0.000000  0.000000  2.000000  
83.905570 0.004675  0.092383  -0.005917  0.981726  0.186306  0.038790  -0.188196  0.980718  0.052676  -0.028228  -0.059014  0.997858  0.000078  0.000059  -0.000627  0.000000  0.000000  0.000000  2.000000  
83.906571 0.004675  0.092383  -0.005917  0.981726  0.186306  0.038790  -0.188196  0.980718  0.052676  -0.028228  -0.059014  0.997858  0.000086  0.000035  -0.000617  0.000000  0.000000  0.000000  2.000000  
83.907820 0.004675  0.092382  -0.005918  0.981726  0.186306  0.038790  -0.188196  0.980718  0.052676  -0.028228  -0.059014  0.997858  0.000033  -0.000043  -0.000647  0.000000  0.000000  0.000000  2.000000  
83.909068 0.004675  0.092381  -0.005919  0.981726  0.186306  0.038790  -0.188196  0.980718  0.052676  -0.028228  -0.059014  0.997858  0.000018  -0.000118  -0.000647  0.000000  0.000000  0.000000  2.000000  
83.910325 0.004674  0.092380  -0.005920  0.981726  0.186306  0.038790  -0.188196  0.980718  0.052676  -0.028228  -0.059014  0.997858  -0.000048  -0.000193  -0.000643  0.000000  0.000000  0.000000  2.000000  
83.911564 0.004674  0.092380  -0.005921  0.981726  0.186306  0.038790  -0.188196  0.980718  0.052676  -0.028228  -0.059014  0.997858  -0.000065  -0.000220  -0.000686  0.000000  0.000000  0.000000  2.000000  
83.912817 0.004674  0.092380  -0.005921  0.981726  0.186306  0.038790  -0.188196  0.980718  0.052676  -0.028228  -0.059014  0.997858  -0.000063  -0.000268  -0.000643  0.000000  0.000000  0.000000  2.000000  
83.913818 0.004674  0.092379  -0.005921  0.981726  0.186306  0.038790  -0.188196  0.980718  0.052676  -0.028228  -0.059014  0.997858  -0.000107  -0.000291  -0.000629  0.000000  0.000000  0.000000  2.000000  
83.915063 0.004673  0.092378  -0.005922  0.981726  0.186306  0.038790  -0.188196  0.980718  0.052676  -0.028228  -0.059014  0.997858  -0.000089  -0.000333  -0.000598  0.000000  0.000000  0.000000  2.000000  
83.916064 0.004674  0.092378  -0.005922  0.981726  0.186306  0.038790  -0.188196  0.980718  0.052676  -0.028228  -0.059014  0.997858  -0.000089  -0.000333  -0.000599  0.000000  0.000000  0.000000  2.000000  
83.917322 0.004673  0.092378  -0.005923  0.981726  0.186306  0.038790  -0.188196  0.980718  0.052676  -0.028228  -0.059014  0.997858  -0.000125  -0.000380  -0.000575  0.000000  0.000000  0.000000  2.000000  
83.918420 0.004673  0.092378  -0.005923  0.981687  0.186508  0.038800  -0.188398  0.980679  0.052668  -0.028228  -0.059014  0.997858  -0.000139  -0.000380  -0.000546  0.000000  0.000000  0.000000  2.000000  
83.919567 0.004673  0.092377  -0.005923  0.981687  0.186513  0.038778  -0.188398  0.980686  0.052549  -0.028228  -0.058893  0.997865  -0.000142  -0.000396  -0.000497  0.000000  0.000000  0.000000  2.000000  
83.920567 0.004673  0.092377  -0.005923  0.981687  0.186513  0.038778  -0.188398  0.980686  0.052549  -0.028228  -0.058893  0.997865  -0.000117  -0.000389  -0.000433  0.000000  0.000000  0.000000  2.000000  
83.921568 0.004673  0.092376  -0.005923  0.981687  0.186513  0.038778  -0.188398  0.980686  0.052549  -0.028228  -0.058893  0.997865  -0.000122  -0.000409  -0.000389  0.000000  0.000000  0.000000  2.000000  
83.922569 0.004673  0.092376  -0.005923  0.981687  0.186513  0.038778  -0.188398  0.980686  0.052549  -0.028228  -0.058893  0.997865  -0.000106  -0.000385  -0.000341  0.000000  0.000000  0.000000  2.000000  
83.923816 0.004673  0.092376  -0.005923  0.981687  0.186513  0.038778  -0.188398  0.980686  0.052549  -0.028228  -0.058893  0.997865  -0.000117  -0.000375  -0.000302  0.000000  0.000000  0.000000  2.000000  
83.924817 0.004673  0.092376  -0.005923  0.981687  0.186513  0.038778  -0.188398  0.980686  0.052549  -0.028228  -0.058893  0.997865  -0.000100  -0.000345  -0.000248  0.000000  0.000000  0.000000  2.000000  
83.926064 0.004673  0.092376  -0.005923  0.981687  0.186513  0.038778  -0.188398  0.980686  0.052549  -0.028228  -0.058893  0.997865  -0.000084  -0.000320  -0.000198  0.000000  0.000000  0.000000  2.000000  
