1-Time 2-Px 3-Py 4-Pz 5-R11 6-R21 7-R31 8-R12 9-R22 10-R32 11-R13 12-R23 13-R33 14-Vx 15-Vy 16-Vz 17-Wx 18-Wy 19-Wz 20-state 21-PR11 22-PR21 23-PR31 24-PR12 25-PR22 26-PR32 27-PR13 28-PR23 29-PR33 
206.934935 0.007617  0.092115  -0.013692  0.991614  0.128488  0.013855  -0.128922  0.990961  0.037086  -0.008964  -0.038561  0.999216  -0.000135  0.000251  -0.000124  0.000000  0.000000  0.000000  2.000000  
206.935938 0.007617  0.092115  -0.013692  0.991614  0.128488  0.013855  -0.128922  0.990961  0.037086  -0.008964  -0.038561  0.999216  -0.000166  0.000223  -0.000145  0.000000  0.000000  0.000000  2.000000  
206.936940 0.007617  0.092114  -0.013693  0.991561  0.128896  0.013870  -0.129330  0.990908  0.037080  -0.008964  -0.038561  0.999216  -0.000105  0.000116  -0.000182  0.000000  0.000000  0.000000  2.000000  
206.938188 0.007618  0.092112  -0.013694  0.991426  0.129910  0.014057  -0.130351  0.990771  0.037169  -0.009098  -0.038682  0.999210  -0.000023  -0.000020  -0.000248  0.000000  0.000000  0.000000  2.000000  
206.939188 0.007620  0.092110  -0.013694  0.991371  0.130311  0.014220  -0.130759  0.990714  0.037266  -0.009232  -0.038804  0.999204  0.000098  -0.000176  -0.000237  0.000000  0.000000  0.000000  2.000000  
206.940188 0.007621  0.092108  -0.013694  0.991343  0.130508  0.014376  -0.130963  0.990683  0.037366  -0.009366  -0.038925  0.999198  0.000178  -0.000333  -0.000255  0.000000  0.000000  0.000000  2.000000  
206.941435 0.007624  0.092106  -0.013695  0.991263  0.131123  0.014283  -0.131575  0.990597  0.037494  -0.009232  -0.039046  0.999195  0.000358  -0.000486  -0.000285  0.000000  0.000000  0.000000  2.000000  
206.942446 0.007626  0.092104  -0.013694  0.991156  0.131942  0.014197  -0.132391  0.990483  0.037620  -0.009098  -0.039167  0.999191  0.000516  -0.000622  -0.000258  0.000000  0.000000  0.000000  2.000000  
206.943685 0.007629  0.092104  -0.013694  0.990994  0.133174  0.013995  -0.133616  0.990314  0.037759  -0.008831  -0.039289  0.999189  0.000774  -0.000672  -0.000202  0.000000  0.000000  0.000000  2.000000  
206.944701 0.007631  0.092102  -0.013694  0.990856  0.134194  0.014034  -0.134636  0.990176  0.037744  -0.008831  -0.039289  0.999189  0.000926  -0.000800  -0.000170  0.022723  -0.003046  0.193647  2.000000  
206.945934 0.007634  0.092101  -0.013694  0.990689  0.135415  0.014097  -0.135860  0.990005  0.037847  -0.008831  -0.039410  0.999184  0.001134  -0.000908  -0.000193  0.026447  -0.004679  0.235265  2.000000  
206.946936 0.007637  0.092101  -0.013695  0.990547  0.136427  0.014284  -0.136879  0.989861  0.037934  -0.008964  -0.039531  0.999178  0.001354  -0.000939  -0.000215  0.030193  -0.010536  0.269619  2.000000  
206.948189 0.007642  0.092101  -0.013693  0.990349  0.137851  0.014356  -0.138307  0.989659  0.038034  -0.008964  -0.039652  0.999173  0.001666  -0.000909  -0.000128  0.033849  -0.012451  0.318139  2.000000  
206.949192 0.007645  0.092102  -0.013691  0.990205  0.138863  0.014544  -0.139326  0.989513  0.038120  -0.009098  -0.039773  0.999167  0.001910  -0.000896  0.000052  0.037574  -0.018312  0.352361  2.000000  
206.950444 0.007650  0.092102  -0.013688  0.990004  0.140292  0.014484  -0.140753  0.989306  0.038238  -0.008964  -0.039895  0.999164  0.002210  -0.000891  0.000296  0.041232  -0.015737  0.400854  2.000000  
206.951445 0.007653  0.092101  -0.013687  0.989830  0.141513  0.014548  -0.141976  0.989127  0.038340  -0.008964  -0.040016  0.999159  0.002422  -0.000901  0.000383  0.044958  -0.017401  0.442546  2.000000  
206.952688 0.007658  0.092100  -0.013684  0.989626  0.142947  0.014356  -0.143402  0.988916  0.038477  -0.008697  -0.040137  0.999156  0.002678  -0.000834  0.000612  0.048651  -0.010343  0.491145  2.000000  
206.953689 0.007662  0.092099  -0.013683  0.989478  0.143963  0.014413  -0.144421  0.988764  0.038583  -0.008697  -0.040258  0.999151  0.002873  -0.000799  0.000752  0.052440  -0.011740  0.525894  2.000000  
206.954938 0.007666  0.092095  -0.013680  0.989299  0.145181  0.014496  -0.145643  0.988576  0.038805  -0.008697  -0.040501  0.999142  0.002999  -0.000872  0.000969  0.060207  -0.013440  0.567186  2.000000  
206.955940 0.007670  0.092092  -0.013678  0.989118  0.146400  0.014562  -0.146865  0.988391  0.038907  -0.008697  -0.040622  0.999137  0.003188  -0.000953  0.001141  0.063912  -0.015117  0.608620  2.000000  
206.957187 0.007677  0.092088  -0.013676  0.988875  0.148024  0.014662  -0.148494  0.988139  0.039122  -0.008697  -0.040864  0.999127  0.003436  -0.001134  0.001271  0.071588  -0.017392  0.664039  2.000000  
206.958450 0.007684  0.092084  -0.013674  0.988691  0.149241  0.014746  -0.149715  0.987946  0.039344  -0.008697  -0.041107  0.999117  0.003713  -0.001332  0.001334  0.079331  -0.019116  0.705133  2.000000  
206.959686 0.007690  0.092078  -0.013673  0.988505  0.150459  0.014813  -0.150936  0.987756  0.039445  -0.008697  -0.041228  0.999112  0.003928  -0.001593  0.001357  0.083081  -0.020825  0.746971  2.000000  
206.960689 0.007695  0.092073  -0.013672  0.988381  0.151271  0.014864  -0.151750  0.987627  0.039553  -0.008697  -0.041349  0.999107  0.004145  -0.001898  0.001474  0.086909  -0.021975  0.774588  2.000000  
206.961934 0.007703  0.092067  -0.013673  0.988224  0.152284  0.014942  -0.152768  0.987461  0.039777  -0.008697  -0.041591  0.999097  0.004365  -0.002278  0.001473  0.094774  -0.023460  0.809309  2.000000  
206.962938 0.007709  0.092062  -0.013672  0.988066  0.153298  0.015001  -0.153785  0.987299  0.039881  -0.008697  -0.041712  0.999092  0.004577  -0.002685  0.001450  0.098526  -0.024893  0.843711  2.000000  
206.964206 0.007717  0.092055  -0.013672  0.987907  0.154313  0.015061  -0.154802  0.987136  0.039986  -0.008697  -0.041834  0.999087  0.004819  -0.003172  0.001213  0.102223  -0.026316  0.877645  2.000000  
206.965442 0.007724  0.092049  -0.013671  0.987746  0.155321  0.015253  -0.155818  0.986973  0.040069  -0.008831  -0.041955  0.999080  0.004965  -0.003518  0.001075  0.105150  -0.032013  0.905294  2.000000  
206.966444 0.007730  0.092043  -0.013671  0.987682  0.155726  0.015288  -0.156225  0.986904  0.040183  -0.008831  -0.042076  0.999075  0.005163  -0.003828  0.001068  0.110087  -0.032330  0.912706  2.000000  
206.967446 0.007736  0.092038  -0.013670  0.987585  0.156333  0.015332  -0.156835  0.986803  0.040293  -0.008831  -0.042197  0.999070  0.005326  -0.004212  0.000989  0.110009  -0.027944  0.912740  2.000000  
206.968456 0.007742  0.092032  -0.013669  0.987488  0.156943  0.015357  -0.157445  0.986706  0.040283  -0.008831  -0.042197  0.999070  0.005433  -0.004503  0.000912  0.109006  -0.023542  0.912474  2.000000  
206.969688 0.007748  0.092024  -0.013668  0.987391  0.157550  0.015401  -0.158055  0.986604  0.040394  -0.008831  -0.042318  0.999065  0.005508  -0.004804  0.000777  0.108945  -0.019196  0.912655  2.000000  
206.970691 0.007752  0.092018  -0.013667  0.987326  0.157957  0.015418  -0.158461  0.986539  0.040387  -0.008831  -0.042318  0.999065  0.005566  -0.005013  0.000748  0.105756  -0.019408  0.920076  2.000000  
206.971938 0.007758  0.092010  -0.013666  0.987260  0.158361  0.015453  -0.158868  0.986469  0.040500  -0.008831  -0.042440  0.999060  0.005449  -0.005314  0.000627  0.105088  -0.027996  0.905450  2.000000  
206.972938 0.007762  0.092003  -0.013666  0.987195  0.158767  0.015470  -0.159274  0.986404  0.040494  -0.008831  -0.042440  0.999060  0.005395  -0.005487  0.000577  0.102121  -0.031927  0.891967  2.000000  
206.974190 0.007767  0.091995  -0.013665  0.987162  0.158970  0.015478  -0.159478  0.986371  0.040491  -0.008831  -0.042440  0.999060  0.005294  -0.005708  0.000598  0.098480  -0.034780  0.850372  2.000000  
206.975443 0.007771  0.091987  -0.013665  0.987096  0.159374  0.015514  -0.159884  0.986300  0.040604  -0.008831  -0.042561  0.999055  0.005123  -0.005841  0.000533  0.098707  -0.033743  0.822570  2.000000  
206.976687 0.007775  0.091978  -0.013665  0.987030  0.159780  0.015531  -0.160290  0.986235  0.040598  -0.008831  -0.042561  0.999055  0.004868  -0.006025  0.000503  0.094007  -0.028222  0.795635  2.000000  
206.977934 0.007778  0.091969  -0.013666  0.987030  0.159780  0.015531  -0.160290  0.986235  0.040598  -0.008831  -0.042561  0.999055  0.004592  -0.006166  0.000373  0.090318  -0.026574  0.754384  2.000000  
206.978936 0.007780  0.091962  -0.013668  0.986997  0.159983  0.015539  -0.160494  0.986202  0.040595  -0.008831  -0.042561  0.999055  0.004278  -0.006334  0.000279  0.086543  -0.020754  0.720370  2.000000  
206.979938 0.007782  0.091954  -0.013671  0.986997  0.159983  0.015539  -0.160494  0.986202  0.040595  -0.008831  -0.042561  0.999055  0.003981  -0.006524  0.000038  0.082906  -0.023554  0.678972  2.000000  
206.981183 0.007784  0.091944  -0.013674  0.986964  0.160186  0.015548  -0.160697  0.986169  0.040591  -0.008831  -0.042561  0.999055  0.003641  -0.006721  -0.000229  0.079256  -0.021902  0.638051  2.000000  
206.982193 0.007785  0.091936  -0.013678  0.986931  0.160389  0.015556  -0.160900  0.986136  0.040588  -0.008831  -0.042561  0.999055  0.003323  -0.006907  -0.000552  0.076211  -0.024889  0.601388  2.000000  
206.983443 0.007787  0.091927  -0.013682  0.986931  0.160389  0.015556  -0.160900  0.986136  0.040588  -0.008831  -0.042561  0.999055  0.002996  -0.006995  -0.000818  0.071888  -0.027758  0.562027  2.000000  
206.984688 0.007788  0.091919  -0.013686  0.986931  0.160389  0.015556  -0.160900  0.986136  0.040588  -0.008831  -0.042561  0.999055  0.002663  -0.007033  -0.001215  0.064164  -0.026117  0.520897  2.000000  
206.985689 0.007789  0.091912  -0.013689  0.986964  0.160186  0.015548  -0.160697  0.986169  0.040591  -0.008831  -0.042561  0.999055  0.002418  -0.007063  -0.001466  0.060551  -0.024154  0.472971  2.000000  
206.986941 0.007790  0.091903  -0.013692  0.986931  0.160391  0.015537  -0.160900  0.986141  0.040469  -0.008831  -0.042440  0.999060  0.002104  -0.007122  -0.001759  0.049296  -0.022072  0.421484  2.000000  
206.988188 0.007791  0.091895  -0.013695  0.986931  0.160391  0.015537  -0.160900  0.986141  0.040469  -0.008831  -0.042440  0.999060  0.001829  -0.007139  -0.002007  0.041530  -0.020400  0.380216  2.000000  
206.989188 0.007792  0.091889  -0.013697  0.986931  0.160391  0.015537  -0.160900  0.986141  0.040469  -0.008831  -0.042440  0.999060  0.001680  -0.007085  -0.002148  0.037365  -0.019097  0.349474  2.000000  
206.990188 0.007793  0.091883  -0.013699  0.986964  0.160190  0.015509  -0.160697  0.986179  0.040352  -0.008831  -0.042318  0.999065  0.001510  -0.007010  -0.002351  0.029885  -0.017518  0.310889  2.000000  
206.991191 0.007794  0.091878  -0.013700  0.986965  0.160196  0.015377  -0.160697  0.986178  0.040374  -0.008697  -0.042318  0.999066  0.001400  -0.006854  -0.002399  0.026070  -0.011885  0.283435  2.000000  
206.992438 0.007796  0.091872  -0.013702  0.986965  0.160196  0.015377  -0.160697  0.986178  0.040374  -0.008697  -0.042318  0.999066  0.001278  -0.006695  -0.002437  0.018277  -0.010175  0.241938  2.000000  
206.993439 0.007799  0.091868  -0.013703  0.986965  0.160198  0.015358  -0.160697  0.986183  0.040254  -0.008697  -0.042197  0.999071  0.001274  -0.006495  -0.002418  0.010365  -0.009012  0.214299  2.000000  
206.994448 0.007800  0.091863  -0.013704  0.986965  0.160198  0.015358  -0.160697  0.986183  0.040254  -0.008697  -0.042197  0.999071  0.001287  -0.006243  -0.002307  0.006417  -0.008087  0.192018  2.000000  
206.995689 0.007803  0.091859  -0.013706  0.986964  0.160192  0.015490  -0.160697  0.986183  0.040233  -0.008831  -0.042197  0.999070  0.001323  -0.005896  -0.002131  0.000000  0.000000  0.000000  2.000000  
206.996689 0.007806  0.091855  -0.013707  0.986997  0.159991  0.015462  -0.160494  0.986221  0.040116  -0.008831  -0.042076  0.999075  0.001412  -0.005604  -0.002047  0.000000  0.000000  0.000000  2.000000  
206.997691 0.007809  0.091853  -0.013709  0.986997  0.159991  0.015462  -0.160494  0.986221  0.040116  -0.008831  -0.042076  0.999075  0.001537  -0.005333  -0.001969  0.000000  0.000000  0.000000  2.000000  
206.998691 0.007812  0.091849  -0.013710  0.986997  0.159991  0.015462  -0.160494  0.986221  0.040116  -0.008831  -0.042076  0.999075  0.001681  -0.005043  -0.001811  0.000000  0.000000  0.000000  2.000000  
206.999939 0.007816  0.091846  -0.013711  0.986997  0.159991  0.015462  -0.160494  0.986221  0.040116  -0.008831  -0.042076  0.999075  0.001884  -0.004723  -0.001648  0.000000  0.000000  0.000000  2.000000  
207.001192 0.007821  0.091842  -0.013713  0.986997  0.159991  0.015462  -0.160494  0.986221  0.040116  -0.008831  -0.042076  0.999075  0.002175  -0.004354  -0.001519  0.000000  0.000000  0.000000  2.000000  
207.002450 0.007827  0.091840  -0.013714  0.986996  0.159984  0.015613  -0.160493  0.986217  0.040214  -0.008964  -0.042197  0.999069  0.002439  -0.003949  -0.001359  0.000000  0.000000  0.000000  2.000000  
207.003686 0.007832  0.091836  -0.013716  0.986996  0.159984  0.015613  -0.160493  0.986217  0.040214  -0.008964  -0.042197  0.999069  0.002696  -0.003686  -0.001325  0.000000  0.000000  0.000000  2.000000  
207.004688 0.007836  0.091834  -0.013717  0.986996  0.159984  0.015613  -0.160493  0.986217  0.040214  -0.008964  -0.042197  0.999069  0.002906  -0.003452  -0.001240  0.000000  0.000000  0.000000  2.000000  
207.005689 0.007840  0.091831  -0.013719  0.986995  0.159976  0.015765  -0.160493  0.986213  0.040312  -0.009098  -0.042318  0.999063  0.003139  -0.003276  -0.001241  0.000000  0.000000  0.000000  2.000000  
207.006939 0.007846  0.091828  -0.013719  0.986995  0.159976  0.015765  -0.160493  0.986213  0.040312  -0.009098  -0.042318  0.999063  0.003384  -0.003093  -0.001173  0.000000  0.000000  0.000000  2.000000  
207.008187 0.007851  0.091826  -0.013718  0.986995  0.159976  0.015765  -0.160493  0.986213  0.040312  -0.009098  -0.042318  0.999063  0.003574  -0.002849  -0.001010  0.000000  0.000000  0.000000  2.000000  
207.009190 0.007856  0.091825  -0.013718  0.986995  0.159976  0.015765  -0.160493  0.986213  0.040312  -0.009098  -0.042318  0.999063  0.003746  -0.002636  -0.000907  0.000000  0.000000  0.000000  2.000000  
207.010436 0.007860  0.091823  -0.013717  0.986995  0.159974  0.015784  -0.160493  0.986208  0.040432  -0.009098  -0.042439  0.999058  0.003904  -0.002418  -0.000764  0.000000  0.000000  0.000000  2.000000  
207.011438 0.007864  0.091822  -0.013716  0.986995  0.159974  0.015784  -0.160493  0.986208  0.040432  -0.009098  -0.042439  0.999058  0.003984  -0.002274  -0.000578  0.000000  0.000000  0.000000  2.000000  
207.012689 0.007870  0.091821  -0.013715  0.986962  0.160177  0.015792  -0.160696  0.986176  0.040429  -0.009098  -0.042439  0.999058  0.004050  -0.002096  -0.000393  0.000000  0.000000  0.000000  2.000000  
207.013936 0.007874  0.091821  -0.013713  0.986962  0.160177  0.015792  -0.160696  0.986176  0.040429  -0.009098  -0.042439  0.999058  0.004122  -0.001850  -0.000181  0.000000  0.000000  0.000000  2.000000  
207.015188 0.007879  0.091820  -0.013711  0.986961  0.160172  0.015924  -0.160696  0.986176  0.040407  -0.009232  -0.042439  0.999056  0.004065  -0.001674  0.000083  0.000000  0.000000  0.000000  2.000000  
207.016193 0.007882  0.091820  -0.013709  0.986962  0.160177  0.015792  -0.160696  0.986176  0.040429  -0.009098  -0.042439  0.999058  0.004029  -0.001478  0.000265  0.000000  0.000000  0.000000  2.000000  
207.017444 0.007886  0.091820  -0.013707  0.986962  0.160175  0.015812  -0.160696  0.986171  0.040548  -0.009098  -0.042561  0.999052  0.003938  -0.001309  0.000459  0.000000  0.000000  0.000000  2.000000  
207.018462 0.007888  0.091819  -0.013706  0.986962  0.160175  0.015812  -0.160696  0.986171  0.040548  -0.009098  -0.042561  0.999052  0.003802  -0.001174  0.000728  0.000000  0.000000  0.000000  2.000000  
207.019688 0.007891  0.091817  -0.013704  0.986962  0.160175  0.015812  -0.160696  0.986171  0.040548  -0.009098  -0.042561  0.999052  0.003628  -0.001093  0.000854  0.000000  0.000000  0.000000  2.000000  
207.020689 0.007892  0.091816  -0.013702  0.986962  0.160173  0.015831  -0.160696  0.986166  0.040668  -0.009098  -0.042682  0.999047  0.003454  -0.000959  0.001101  0.000000  0.000000  0.000000  2.000000  
207.021939 0.007894  0.091814  -0.013700  0.986961  0.160168  0.015963  -0.160696  0.986167  0.040647  -0.009232  -0.042682  0.999046  0.003186  -0.000915  0.001274  0.000000  0.000000  0.000000  2.000000  
207.023188 0.007896  0.091812  -0.013698  0.986961  0.160168  0.015963  -0.160696  0.986167  0.040647  -0.009232  -0.042682  0.999046  0.002962  -0.000929  0.001391  0.000000  0.000000  0.000000  2.000000  
207.024435 0.007897  0.091809  -0.013696  0.986961  0.160166  0.015982  -0.160696  0.986162  0.040766  -0.009232  -0.042803  0.999041  0.002680  -0.000981  0.001433  0.000000  0.000000  0.000000  2.000000  
207.025442 0.007897  0.091808  -0.013694  0.986962  0.160171  0.015851  -0.160696  0.986161  0.040788  -0.009098  -0.042803  0.999042  0.002447  -0.000986  0.001533  0.000000  0.000000  0.000000  2.000000  
207.026448 0.007898  0.091806  -0.013693  0.986929  0.160374  0.015859  -0.160900  0.986128  0.040784  -0.009098  -0.042803  0.999042  0.002181  -0.001060  0.001531  0.000000  0.000000  0.000000  2.000000  
207.027689 0.007898  0.091805  -0.013691  0.986929  0.160372  0.015878  -0.160900  0.986123  0.040904  -0.009098  -0.042924  0.999037  0.001894  -0.001129  0.001607  0.000000  0.000000  0.000000  2.000000  
207.028936 0.007898  0.091802  -0.013688  0.986929  0.160372  0.015878  -0.160900  0.986123  0.040904  -0.009098  -0.042924  0.999037  0.001575  -0.001224  0.001663  0.000000  0.000000  0.000000  2.000000  
207.030188 0.007898  0.091801  -0.013686  0.986929  0.160372  0.015878  -0.160900  0.986123  0.040904  -0.009098  -0.042924  0.999037  0.001297  -0.001302  0.001643  0.000000  0.000000  0.000000  2.000000  
207.031440 0.007898  0.091799  -0.013684  0.986929  0.160372  0.015878  -0.160900  0.986123  0.040904  -0.009098  -0.042924  0.999037  0.000972  -0.001450  0.001649  0.000000  0.000000  0.000000  2.000000  
207.032444 0.007897  0.091798  -0.013682  0.986929  0.160372  0.015878  -0.160900  0.986123  0.040904  -0.009098  -0.042924  0.999037  0.000730  -0.001493  0.001705  0.000000  0.000000  0.000000  2.000000  
207.033688 0.007896  0.091796  -0.013679  0.986929  0.160372  0.015878  -0.160900  0.986123  0.040904  -0.009098  -0.042924  0.999037  0.000480  -0.001511  0.001753  0.000000  0.000000  0.000000  2.000000  
207.034691 0.007895  0.091794  -0.013677  0.986929  0.160372  0.015878  -0.160900  0.986123  0.040904  -0.009098  -0.042924  0.999037  0.000245  -0.001558  0.001792  0.000000  0.000000  0.000000  2.000000  
207.035938 0.007894  0.091792  -0.013676  0.986929  0.160372  0.015878  -0.160900  0.986123  0.040904  -0.009098  -0.042924  0.999037  0.000044  -0.001610  0.001717  0.000000  0.000000  0.000000  2.000000  
207.036941 0.007892  0.091790  -0.013675  0.986929  0.160372  0.015878  -0.160900  0.986123  0.040904  -0.009098  -0.042924  0.999037  -0.000152  -0.001612  0.001691  0.000000  0.000000  0.000000  2.000000  
207.038188 0.007891  0.091788  -0.013673  0.986929  0.160372  0.015878  -0.160900  0.986123  0.040904  -0.009098  -0.042924  0.999037  -0.000316  -0.001636  0.001638  0.000000  0.000000  0.000000  2.000000  
207.039189 0.007890  0.091786  -0.013672  0.986929  0.160372  0.015878  -0.160900  0.986123  0.040904  -0.009098  -0.042924  0.999037  -0.000434  -0.001612  0.001624  0.000000  0.000000  0.000000  2.000000  
207.040193 0.007890  0.091785  -0.013671  0.986962  0.160169  0.015870  -0.160696  0.986156  0.040907  -0.009098  -0.042924  0.999037  -0.000525  -0.001591  0.001554  0.000000  0.000000  0.000000  2.000000  
207.041440 0.007889  0.091782  -0.013671  0.986962  0.160169  0.015870  -0.160696  0.986156  0.040907  -0.009098  -0.042924  0.999037  -0.000588  -0.001594  0.001479  0.000000  0.000000  0.000000  2.000000  
207.042449 0.007888  0.091781  -0.013670  0.986962  0.160169  0.015870  -0.160696  0.986156  0.040907  -0.009098  -0.042924  0.999037  -0.000665  -0.001603  0.001357  0.000000  0.000000  0.000000  2.000000  
207.043686 0.007888  0.091779  -0.013670  0.986962  0.160169  0.015870  -0.160696  0.986156  0.040907  -0.009098  -0.042924  0.999037  -0.000683  -0.001582  0.001269  0.000000  0.000000  0.000000  2.000000  
207.044686 0.007888  0.091778  -0.013670  0.986962  0.160171  0.015851  -0.160696  0.986161  0.040788  -0.009098  -0.042803  0.999042  -0.000709  -0.001566  0.001156  0.000000  0.000000  0.000000  2.000000  
207.045686 0.007888  0.091776  -0.013670  0.986962  0.160171  0.015851  -0.160696  0.986161  0.040788  -0.009098  -0.042803  0.999042  -0.000703  -0.001610  0.000956  0.000000  0.000000  0.000000  2.000000  
207.046934 0.007888  0.091774  -0.013671  0.986962  0.160171  0.015851  -0.160696  0.986161  0.040788  -0.009098  -0.042803  0.999042  -0.000653  -0.001602  0.000758  0.000000  0.000000  0.000000  2.000000  
207.047934 0.007888  0.091774  -0.013671  0.986962  0.160171  0.015851  -0.160696  0.986161  0.040788  -0.009098  -0.042803  0.999042  -0.000588  -0.001554  0.000691  0.000000  0.000000  0.000000  2.000000  
207.048942 0.007888  0.091772  -0.013671  0.986929  0.160374  0.015859  -0.160900  0.986128  0.040784  -0.009098  -0.042803  0.999042  -0.000504  -0.001546  0.000487  0.000000  0.000000  0.000000  2.000000  
207.050191 0.007889  0.091771  -0.013672  0.986929  0.160374  0.015859  -0.160900  0.986128  0.040784  -0.009098  -0.042803  0.999042  -0.000357  -0.001433  0.000303  0.000000  0.000000  0.000000  2.000000  
207.051196 0.007889  0.091771  -0.013672  0.986929  0.160376  0.015840  -0.160900  0.986133  0.040665  -0.009098  -0.042682  0.999047  -0.000265  -0.001340  0.000173  0.000000  0.000000  0.000000  2.000000  
207.052441 0.007890  0.091771  -0.013673  0.986929  0.160376  0.015840  -0.160900  0.986133  0.040665  -0.009098  -0.042682  0.999047  -0.000151  -0.001197  0.000101  0.000000  0.000000  0.000000  2.000000  
207.053441 0.007891  0.091771  -0.013673  0.986929  0.160376  0.015840  -0.160900  0.986133  0.040665  -0.009098  -0.042682  0.999047  -0.000030  -0.001080  -0.000006  0.000000  0.000000  0.000000  2.000000  
207.054445 0.007891  0.091771  -0.013674  0.986929  0.160376  0.015840  -0.160900  0.986133  0.040665  -0.009098  -0.042682  0.999047  0.000069  -0.001013  -0.000123  0.000000  0.000000  0.000000  2.000000  
207.055689 0.007892  0.091771  -0.013674  0.986929  0.160376  0.015840  -0.160900  0.986133  0.040665  -0.009098  -0.042682  0.999047  0.000206  -0.000832  -0.000233  0.000000  0.000000  0.000000  2.000000  
207.056939 0.007893  0.091772  -0.013674  0.986929  0.160376  0.015840  -0.160900  0.986133  0.040665  -0.009098  -0.042682  0.999047  0.000319  -0.000628  -0.000264  0.000000  0.000000  0.000000  2.000000  
207.058189 0.007895  0.091773  -0.013675  0.986896  0.160579  0.015848  -0.161103  0.986100  0.040662  -0.009098  -0.042682  0.999047  0.000443  -0.000426  -0.000333  0.000000  0.000000  0.000000  2.000000  
207.059440 0.007895  0.091774  -0.013675  0.986896  0.160579  0.015848  -0.161103  0.986100  0.040662  -0.009098  -0.042682  0.999047  0.000480  -0.000273  -0.000368  0.000000  0.000000  0.000000  2.000000  
207.060684 0.007896  0.091775  -0.013675  0.986896  0.160579  0.015848  -0.161103  0.986100  0.040662  -0.009098  -0.042682  0.999047  0.000550  -0.000036  -0.000328  0.000000  0.000000  0.000000  2.000000  
207.061686 0.007896  0.091776  -0.013676  0.986896  0.160579  0.015848  -0.161103  0.986100  0.040662  -0.009098  -0.042682  0.999047  0.000584  0.000120  -0.000331  0.000000  0.000000  0.000000  2.000000  
207.062934 0.007897  0.091777  -0.013676  0.986861  0.160777  0.015988  -0.161306  0.986068  0.040637  -0.009232  -0.042682  0.999046  0.000589  0.000217  -0.000370  0.000000  0.000000  0.000000  2.000000  
207.063936 0.007897  0.091778  -0.013677  0.986861  0.160777  0.015988  -0.161306  0.986068  0.040637  -0.009232  -0.042682  0.999046  0.000615  0.000371  -0.000368  0.000000  0.000000  0.000000  2.000000  
207.065189 0.007898  0.091779  -0.013677  0.986861  0.160777  0.015988  -0.161306  0.986068  0.040637  -0.009232  -0.042682  0.999046  0.000597  0.000502  -0.000348  0.000000  0.000000  0.000000  2.000000  
207.066191 0.007898  0.091780  -0.013677  0.986861  0.160777  0.015988  -0.161306  0.986068  0.040637  -0.009232  -0.042682  0.999046  0.000598  0.000582  -0.000309  0.000000  0.000000  0.000000  2.000000  
207.067445 0.007898  0.091781  -0.013677  0.986828  0.160980  0.015997  -0.161509  0.986034  0.040633  -0.009232  -0.042682  0.999046  0.000546  0.000700  -0.000277  0.000000  0.000000  0.000000  2.000000  
207.068456 0.007899  0.091782  -0.013678  0.986828  0.160980  0.015997  -0.161509  0.986034  0.040633  -0.009232  -0.042682  0.999046  0.000527  0.000751  -0.000296  0.000000  0.000000  0.000000  2.000000  
207.069688 0.007899  0.091783  -0.013678  0.986795  0.161183  0.016005  -0.161712  0.986001  0.040630  -0.009232  -0.042682  0.999046  0.000475  0.000834  -0.000249  0.000000  0.000000  0.000000  2.000000  
207.070689 0.007899  0.091784  -0.013677  0.986795  0.161183  0.016005  -0.161712  0.986001  0.040630  -0.009232  -0.042682  0.999046  0.000425  0.000877  -0.000189  0.000000  0.000000  0.000000  2.000000  
207.071689 0.007899  0.091785  -0.013677  0.986795  0.161183  0.016005  -0.161712  0.986001  0.040630  -0.009232  -0.042682  0.999046  0.000348  0.000866  -0.000205  0.000000  0.000000  0.000000  2.000000  
207.072938 0.007899  0.091786  -0.013677  0.986795  0.161183  0.016005  -0.161712  0.986001  0.040630  -0.009232  -0.042682  0.999046  0.000283  0.000871  -0.000160  0.000000  0.000000  0.000000  2.000000  
207.074186 0.007898  0.091787  -0.013677  0.986761  0.161386  0.016013  -0.161915  0.985968  0.040627  -0.009232  -0.042682  0.999046  0.000215  0.000861  -0.000113  0.000000  0.000000  0.000000  2.000000  
207.075188 0.007898  0.091787  -0.013676  0.986761  0.161386  0.016013  -0.161915  0.985968  0.040627  -0.009232  -0.042682  0.999046  0.000132  0.000827  -0.000080  0.000000  0.000000  0.000000  2.000000  
207.076441 0.007898  0.091788  -0.013675  0.986761  0.161386  0.016013  -0.161915  0.985968  0.040627  -0.009232  -0.042682  0.999046  0.000074  0.000784  0.000022  0.000000  0.000000  0.000000  2.000000  
207.077443 0.007897  0.091788  -0.013676  0.986761  0.161384  0.016033  -0.161915  0.985963  0.040746  -0.009232  -0.042803  0.999041  0.000030  0.000748  0.000039  0.000000  0.000000  0.000000  2.000000  
207.078450 0.007897  0.091788  -0.013675  0.986728  0.161587  0.016041  -0.162118  0.985930  0.040743  -0.009232  -0.042803  0.999041  -0.000015  0.000714  0.000104  0.000000  0.000000  0.000000  2.000000  
207.079685 0.007897  0.091788  -0.013675  0.986728  0.161587  0.016041  -0.162118  0.985930  0.040743  -0.009232  -0.042803  0.999041  -0.000068  0.000624  0.000071  0.000000  0.000000  0.000000  2.000000  
207.080686 0.007896  0.091788  -0.013675  0.986728  0.161587  0.016041  -0.162118  0.985930  0.040743  -0.009232  -0.042803  0.999041  -0.000104  0.000553  0.000144  0.000000  0.000000  0.000000  2.000000  
207.081934 0.007896  0.091788  -0.013675  0.986728  0.161587  0.016041  -0.162118  0.985930  0.040743  -0.009232  -0.042803  0.999041  -0.000116  0.000476  0.000143  0.000000  0.000000  0.000000  2.000000  
207.082942 0.007897  0.091788  -0.013675  0.986728  0.161587  0.016041  -0.162118  0.985930  0.040743  -0.009232  -0.042803  0.999041  -0.000121  0.000380  0.000153  0.000000  0.000000  0.000000  2.000000  
207.084191 0.007897  0.091787  -0.013675  0.986728  0.161587  0.016041  -0.162118  0.985930  0.040743  -0.009232  -0.042803  0.999041  -0.000125  0.000276  0.000161  0.000000  0.000000  0.000000  2.000000  
207.085193 0.007897  0.091786  -0.013676  0.986695  0.161790  0.016050  -0.162321  0.985897  0.040740  -0.009232  -0.042803  0.999041  -0.000136  0.000139  0.000073  0.000000  0.000000  0.000000  2.000000  
207.086443 0.007897  0.091786  -0.013676  0.986695  0.161790  0.016050  -0.162321  0.985897  0.040740  -0.009232  -0.042803  0.999041  -0.000107  0.000062  0.000102  0.000000  0.000000  0.000000  2.000000  
207.087688 0.007897  0.091785  -0.013676  0.986695  0.161790  0.016050  -0.162321  0.985897  0.040740  -0.009232  -0.042803  0.999041  -0.000130  -0.000072  0.000052  0.000000  0.000000  0.000000  2.000000  
207.088692 0.007897  0.091784  -0.013676  0.986695  0.161790  0.016050  -0.162321  0.985897  0.040740  -0.009232  -0.042803  0.999041  -0.000122  -0.000179  0.000022  0.000000  0.000000  0.000000  2.000000  
207.089692 0.007897  0.091783  -0.013677  0.986695  0.161790  0.016050  -0.162321  0.985897  0.040740  -0.009232  -0.042803  0.999041  -0.000060  -0.000288  -0.000015  0.000000  0.000000  0.000000  2.000000  
207.090935 0.007897  0.091782  -0.013677  0.986695  0.161790  0.016050  -0.162321  0.985897  0.040740  -0.009232  -0.042803  0.999041  -0.000048  -0.000366  -0.000091  0.000000  0.000000  0.000000  2.000000  
207.092193 0.007897  0.091781  -0.013677  0.986694  0.161784  0.016182  -0.162321  0.985897  0.040718  -0.009366  -0.042803  0.999040  -0.000040  -0.000480  -0.000122  0.000000  0.000000  0.000000  2.000000  
207.093435 0.007897  0.091780  -0.013678  0.986694  0.161784  0.016182  -0.162321  0.985897  0.040718  -0.009366  -0.042803  0.999040  0.000002  -0.000529  -0.000176  0.000000  0.000000  0.000000  2.000000  
207.094689 0.007897  0.091779  -0.013678  0.986660  0.161987  0.016190  -0.162524  0.985864  0.040715  -0.009366  -0.042803  0.999040  0.000033  -0.000591  -0.000197  0.000000  0.000000  0.000000  2.000000  
207.095689 0.007897  0.091779  -0.013678  0.986660  0.161987  0.016190  -0.162524  0.985864  0.040715  -0.009366  -0.042803  0.999040  0.000054  -0.000620  -0.000226  0.000000  0.000000  0.000000  2.000000  
207.096689 0.007898  0.091779  -0.013679  0.986660  0.161987  0.016190  -0.162524  0.985864  0.040715  -0.009366  -0.042803  0.999040  0.000076  -0.000649  -0.000254  0.000000  0.000000  0.000000  2.000000  
207.097691 0.007898  0.091778  -0.013678  0.986660  0.161987  0.016190  -0.162524  0.985864  0.040715  -0.009366  -0.042803  0.999040  0.000063  -0.000635  -0.000213  0.000000  0.000000  0.000000  2.000000  
207.098942 0.007898  0.091778  -0.013678  0.986660  0.161987  0.016190  -0.162524  0.985864  0.040715  -0.009366  -0.042803  0.999040  0.000064  -0.000646  -0.000216  0.000000  0.000000  0.000000  2.000000  
207.100192 0.007898  0.091777  -0.013678  0.986660  0.161989  0.016170  -0.162524  0.985869  0.040595  -0.009366  -0.042682  0.999045  0.000082  -0.000605  -0.000155  0.000000  0.000000  0.000000  2.000000  
207.101445 0.007898  0.091777  -0.013678  0.986659  0.161983  0.016302  -0.162524  0.985870  0.040573  -0.009500  -0.042682  0.999044  0.000105  -0.000562  -0.000147  0.000000  0.000000  0.000000  2.000000  
207.102689 0.007898  0.091777  -0.013678  0.986659  0.161983  0.016302  -0.162524  0.985870  0.040573  -0.009500  -0.042682  0.999044  0.000075  -0.000508  -0.000128  0.000000  0.000000  0.000000  2.000000  
207.103939 0.007898  0.091777  -0.013678  0.986625  0.162186  0.016310  -0.162727  0.985837  0.040570  -0.009500  -0.042682  0.999044  0.000085  -0.000452  -0.000079  0.000000  0.000000  0.000000  2.000000  
207.105189 0.007898  0.091776  -0.013678  0.986625  0.162186  0.016310  -0.162727  0.985837  0.040570  -0.009500  -0.042682  0.999044  0.000115  -0.000418  -0.000058  0.000000  0.000000  0.000000  2.000000  
207.106450 0.007899  0.091777  -0.013677  0.986625  0.162186  0.016310  -0.162727  0.985837  0.040570  -0.009500  -0.042682  0.999044  0.000139  -0.000290  -0.000008  0.000000  0.000000  0.000000  2.000000  
207.107686 0.007899  0.091777  -0.013677  0.986625  0.162186  0.016310  -0.162727  0.985837  0.040570  -0.009500  -0.042682  0.999044  0.000150  -0.000235  0.000040  0.000000  0.000000  0.000000  2.000000  
207.108688 0.007900  0.091777  -0.013677  0.986624  0.162181  0.016442  -0.162727  0.985838  0.040548  -0.009633  -0.042682  0.999042  0.000194  -0.000129  0.000063  0.000000  0.000000  0.000000  2.000000  
207.109935 0.007900  0.091778  -0.013676  0.986624  0.162181  0.016442  -0.162727  0.985838  0.040548  -0.009633  -0.042682  0.999042  0.000189  -0.000068  0.000147  0.000000  0.000000  0.000000  2.000000  
207.110936 0.007901  0.091779  -0.013675  0.986624  0.162181  0.016442  -0.162727  0.985838  0.040548  -0.009633  -0.042682  0.999042  0.000242  0.000010  0.000178  0.000000  0.000000  0.000000  2.000000  
207.111936 0.007901  0.091779  -0.013675  0.986624  0.162181  0.016442  -0.162727  0.985838  0.040548  -0.009633  -0.042682  0.999042  0.000256  0.000066  0.000230  0.000000  0.000000  0.000000  2.000000  
207.112936 0.007902  0.091780  -0.013674  0.986591  0.162382  0.016470  -0.162930  0.985799  0.040665  -0.009633  -0.042803  0.999037  0.000271  0.000095  0.000283  0.000000  0.000000  0.000000  2.000000  
207.114187 0.007903  0.091780  -0.013674  0.986591  0.162382  0.016470  -0.162930  0.985799  0.040665  -0.009633  -0.042803  0.999037  0.000324  0.000174  0.000314  0.000000  0.000000  0.000000  2.000000  
207.115442 0.007903  0.091781  -0.013673  0.986589  0.162376  0.016602  -0.162930  0.985800  0.040643  -0.009767  -0.042803  0.999036  0.000325  0.000254  0.000353  0.000000  0.000000  0.000000  2.000000  
207.116688 0.007904  0.091782  -0.013672  0.986589  0.162376  0.016602  -0.162930  0.985800  0.040643  -0.009767  -0.042803  0.999036  0.000372  0.000342  0.000428  0.000000  0.000000  0.000000  2.000000  
207.117689 0.007904  0.091783  -0.013672  0.986589  0.162376  0.016602  -0.162930  0.985800  0.040643  -0.009767  -0.042803  0.999036  0.000387  0.000388  0.000432  0.000000  0.000000  0.000000  2.000000  
207.118692 0.007904  0.091783  -0.013671  0.986589  0.162376  0.016602  -0.162930  0.985800  0.040643  -0.009767  -0.042803  0.999036  0.000404  0.000451  0.000488  0.000000  0.000000  0.000000  2.000000  
207.119939 0.007905  0.091784  -0.013671  0.986589  0.162376  0.016602  -0.162930  0.985800  0.040643  -0.009767  -0.042803  0.999036  0.000417  0.000529  0.000490  0.000000  0.000000  0.000000  2.000000  
207.121189 0.007905  0.091785  -0.013670  0.986589  0.162376  0.016602  -0.162930  0.985800  0.040643  -0.009767  -0.042803  0.999036  0.000396  0.000558  0.000518  0.000000  0.000000  0.000000  2.000000  
207.122189 0.007905  0.091786  -0.013669  0.986589  0.162376  0.016602  -0.162930  0.985800  0.040643  -0.009767  -0.042803  0.999036  0.000408  0.000579  0.000567  0.000000  0.000000  0.000000  2.000000  
207.123440 0.007906  0.091787  -0.013668  0.986588  0.162370  0.016734  -0.162930  0.985801  0.040621  -0.009901  -0.042803  0.999034  0.000399  0.000604  0.000558  0.000000  0.000000  0.000000  2.000000  
207.124442 0.007906  0.091787  -0.013668  0.986588  0.162370  0.016734  -0.162930  0.985801  0.040621  -0.009901  -0.042803  0.999034  0.000406  0.000614  0.000566  0.000000  0.000000  0.000000  2.000000  
207.125442 0.007907  0.091788  -0.013667  0.986588  0.162370  0.016734  -0.162930  0.985801  0.040621  -0.009901  -0.042803  0.999034  0.000428  0.000666  0.000578  0.000000  0.000000  0.000000  2.000000  
207.126687 0.007907  0.091789  -0.013667  0.986588  0.162370  0.016734  -0.162930  0.985801  0.040621  -0.009901  -0.042803  0.999034  0.000380  0.000654  0.000539  0.000000  0.000000  0.000000  2.000000  
207.127934 0.007908  0.091789  -0.013667  0.986588  0.162370  0.016734  -0.162930  0.985801  0.040621  -0.009901  -0.042803  0.999034  0.000392  0.000651  0.000501  0.000000  0.000000  0.000000  2.000000  
207.128934 0.007908  0.091790  -0.013666  0.986588  0.162370  0.016734  -0.162930  0.985801  0.040621  -0.009901  -0.042803  0.999034  0.000380  0.000654  0.000539  0.000000  0.000000  0.000000  2.000000  
207.129936 0.007908  0.091790  -0.013666  0.986588  0.162370  0.016734  -0.162930  0.985801  0.040621  -0.009901  -0.042803  0.999034  0.000377  0.000609  0.000499  0.000000  0.000000  0.000000  2.000000  
207.130940 0.007909  0.091791  -0.013665  0.986553  0.162568  0.016874  -0.163133  0.985769  0.040596  -0.010035  -0.042803  0.999033  0.000382  0.000596  0.000453  0.000000  0.000000  0.000000  2.000000  
207.132193 0.007909  0.091791  -0.013664  0.986553  0.162568  0.016874  -0.163133  0.985769  0.040596  -0.010035  -0.042803  0.999033  0.000386  0.000583  0.000508  0.000000  0.000000  0.000000  2.000000  
207.133441 0.007910  0.091791  -0.013664  0.986553  0.162568  0.016874  -0.163133  0.985769  0.040596  -0.010035  -0.042803  0.999033  0.000392  0.000571  0.000463  0.000000  0.000000  0.000000  2.000000  
207.134444 0.007909  0.091791  -0.013664  0.986553  0.162568  0.016874  -0.163133  0.985769  0.040596  -0.010035  -0.042803  0.999033  0.000332  0.000503  0.000477  0.000000  0.000000  0.000000  2.000000  
207.135445 0.007910  0.091792  -0.013663  0.986553  0.162568  0.016874  -0.163133  0.985769  0.040596  -0.010035  -0.042803  0.999033  0.000344  0.000500  0.000439  0.000000  0.000000  0.000000  2.000000  
207.136689 0.007910  0.091792  -0.013663  0.986552  0.162562  0.017006  -0.163132  0.985770  0.040574  -0.010169  -0.042803  0.999032  0.000363  0.000449  0.000458  0.000000  0.000000  0.000000  2.000000  
207.137938 0.007911  0.091792  -0.013662  0.986552  0.162562  0.017006  -0.163132  0.985770  0.040574  -0.010169  -0.042803  0.999032  0.000326  0.000415  0.000430  0.000000  0.000000  0.000000  2.000000  
207.139188 0.007911  0.091793  -0.013662  0.986518  0.162765  0.017015  -0.163336  0.985736  0.040570  -0.010169  -0.042803  0.999032  0.000341  0.000396  0.000447  0.000000  0.000000  0.000000  2.000000  
207.140191 0.007912  0.091793  -0.013661  0.986518  0.162765  0.017015  -0.163336  0.985736  0.040570  -0.010169  -0.042803  0.999032  0.000340  0.000315  0.000408  0.000000  0.000000  0.000000  2.000000  
207.141438 0.007912  0.091793  -0.013660  0.986517  0.162759  0.017147  -0.163335  0.985737  0.040549  -0.010302  -0.042802  0.999030  0.000323  0.000313  0.000438  0.000000  0.000000  0.000000  2.000000  
207.142442 0.007913  0.091793  -0.013659  0.986517  0.162759  0.017147  -0.163335  0.985737  0.040549  -0.010302  -0.042802  0.999030  0.000335  0.000270  0.000502  0.000000  0.000000  0.000000  2.000000  
207.143686 0.007913  0.091793  -0.013659  0.986483  0.162962  0.017155  -0.163538  0.985703  0.040545  -0.010302  -0.042802  0.999030  0.000357  0.000241  0.000474  0.000000  0.000000  0.000000  2.000000  
207.144689 0.007913  0.091793  -0.013658  0.986482  0.162957  0.017287  -0.163538  0.985704  0.040523  -0.010436  -0.042802  0.999029  0.000308  0.000214  0.000483  0.000000  0.000000  0.000000  2.000000  
207.145689 0.007913  0.091793  -0.013657  0.986482  0.162957  0.017287  -0.163538  0.985704  0.040523  -0.010436  -0.042802  0.999029  0.000311  0.000195  0.000539  0.000000  0.000000  0.000000  2.000000  
207.146940 0.007913  0.091793  -0.013657  0.986448  0.163159  0.017295  -0.163741  0.985671  0.040520  -0.010436  -0.042802  0.999029  0.000289  0.000142  0.000528  0.000000  0.000000  0.000000  2.000000  
207.148184 0.007914  0.091794  -0.013656  0.986447  0.163154  0.017427  -0.163741  0.985672  0.040498  -0.010570  -0.042802  0.999028  0.000303  0.000170  0.000577  0.000000  0.000000  0.000000  2.000000  
207.149194 0.007914  0.091794  -0.013655  0.986413  0.163357  0.017435  -0.163944  0.985638  0.040494  -0.010570  -0.042802  0.999028  0.000318  0.000147  0.000596  0.000000  0.000000  0.000000  2.000000  
207.150446 0.007914  0.091794  -0.013654  0.986413  0.163357  0.017435  -0.163944  0.985638  0.040494  -0.010570  -0.042802  0.999028  0.000262  0.000126  0.000650  0.000000  0.000000  0.000000  2.000000  
