1-Time 2-Px 3-Py 4-Pz 5-R11 6-R21 7-R31 8-R12 9-R22 10-R32 11-R13 12-R23 13-R33 14-Vx 15-Vy 16-Vz 17-Wx 18-Wy 19-Wz 20-state 21-PR11 22-PR21 23-PR31 24-PR12 25-PR22 26-PR32 27-PR13 28-PR23 29-PR33 
20.367013 0.006209  0.096296  -0.008507  0.988059  0.153513  -0.013144  -0.152117  0.985505  0.075105  0.024483  -0.072208  0.997089  -0.000283  -0.000253  -0.000149  0.000000  0.000000  0.000000  2.000000  
20.368021 0.006208  0.096296  -0.008508  0.988059  0.153513  -0.013144  -0.152117  0.985505  0.075105  0.024483  -0.072208  0.997089  -0.000271  -0.000255  -0.000184  0.000000  0.000000  0.000000  2.000000  
20.369026 0.006209  0.096295  -0.008508  0.987899  0.154539  -0.013179  -0.153134  0.985336  0.075258  0.024616  -0.072329  0.997077  -0.000220  -0.000253  -0.000189  0.000000  0.000000  0.000000  2.000000  
20.370280 0.006210  0.096295  -0.008509  0.987645  0.156165  -0.013018  -0.154761  0.985061  0.075519  0.024616  -0.072571  0.997059  -0.000108  -0.000270  -0.000190  0.000000  0.000000  0.000000  2.000000  
20.371518 0.006211  0.096293  -0.008509  0.987453  0.157386  -0.012867  -0.155980  0.984840  0.075893  0.024616  -0.072934  0.997033  0.000011  -0.000387  -0.000218  0.000000  0.000000  0.000000  2.000000  
20.372522 0.006212  0.096290  -0.008510  0.987321  0.158210  -0.012898  -0.156793  0.984690  0.076163  0.024750  -0.073175  0.997012  0.000071  -0.000560  -0.000287  0.000000  0.000000  0.000000  2.000000  
20.373770 0.006214  0.096289  -0.008510  0.987117  0.159460  -0.013141  -0.158011  0.984462  0.076601  0.025151  -0.073538  0.996975  0.000264  -0.000623  -0.000309  0.049906  0.034203  0.210544  2.000000  
20.375021 0.006217  0.096289  -0.008508  0.986806  0.161339  -0.013579  -0.159837  0.984119  0.077209  0.025820  -0.074020  0.996922  0.000458  -0.000595  -0.000160  0.067842  0.052037  0.274357  2.000000  
20.376272 0.006218  0.096289  -0.008507  0.986461  0.163408  -0.013887  -0.161866  0.983751  0.077681  0.026355  -0.074382  0.996882  0.000563  -0.000576  -0.000035  0.081860  0.060342  0.344181  2.000000  
20.377519 0.006219  0.096288  -0.008507  0.986078  0.165680  -0.014177  -0.164097  0.983343  0.078158  0.026890  -0.074743  0.996840  0.000641  -0.000642  -0.000012  0.096119  0.072631  0.421427  2.000000  
20.378766 0.006221  0.096288  -0.008507  0.985696  0.167932  -0.014202  -0.166328  0.982933  0.078592  0.027158  -0.075106  0.996806  0.000828  -0.000584  -0.000052  0.110391  0.071444  0.497714  2.000000  
20.380015 0.006226  0.096292  -0.008505  0.985237  0.170597  -0.014324  -0.168964  0.982447  0.079055  0.027559  -0.075467  0.996767  0.001143  -0.000303  0.000118  0.125061  0.078181  0.588516  2.000000  
20.381018 0.006229  0.096295  -0.008501  0.984880  0.172642  -0.014382  -0.170991  0.982071  0.079368  0.027827  -0.075709  0.996742  0.001395  -0.000085  0.000426  0.135067  0.081950  0.658098  2.000000  
20.382019 0.006233  0.096297  -0.008497  0.984479  0.174901  -0.014533  -0.173219  0.981643  0.079827  0.028228  -0.076071  0.996703  0.001638  0.000078  0.000688  0.149412  0.089640  0.734986  2.000000  
20.383269 0.006238  0.096301  -0.008494  0.984037  0.177363  -0.014643  -0.175648  0.981164  0.080409  0.028629  -0.076553  0.996654  0.002002  0.000322  0.000955  0.168073  0.092238  0.818317  2.000000  
20.384274 0.006243  0.096303  -0.008492  0.983654  0.179438  -0.015069  -0.177670  0.980758  0.080914  0.029298  -0.076914  0.996607  0.002279  0.000498  0.001053  0.180938  0.108462  0.881762  2.000000  
20.385287 0.006247  0.096304  -0.008490  0.983307  0.181301  -0.015377  -0.179490  0.980387  0.081395  0.029833  -0.077276  0.996563  0.002519  0.000661  0.001314  0.196451  0.122400  0.951885  2.000000  
20.386520 0.006252  0.096303  -0.008486  0.982837  0.183793  -0.015851  -0.181914  0.979875  0.082172  0.030635  -0.077878  0.996492  0.002780  0.000760  0.001641  0.219661  0.138367  1.036908  2.000000  
20.387768 0.006258  0.096299  -0.008482  0.982402  0.186073  -0.016208  -0.184135  0.979397  0.082925  0.031304  -0.078481  0.996424  0.002987  0.000598  0.001872  0.242479  0.154725  1.114429  2.000000  
20.388788 0.006263  0.096295  -0.008480  0.982005  0.188140  -0.016447  -0.186154  0.978953  0.083651  0.031839  -0.079084  0.996359  0.003252  0.000411  0.002003  0.264928  0.166981  1.184068  2.000000  
20.390024 0.006271  0.096290  -0.008478  0.981520  0.190622  -0.016756  -0.188576  0.978414  0.084529  0.032507  -0.079807  0.996280  0.003650  0.000103  0.002078  0.292281  0.178217  1.268571  2.000000  
20.391026 0.006276  0.096283  -0.008476  0.981191  0.192285  -0.017024  -0.190189  0.978039  0.085251  0.033042  -0.080410  0.996214  0.003929  -0.000343  0.002076  0.314604  0.191551  1.325264  2.000000  
20.392272 0.006281  0.096273  -0.008475  0.980820  0.194152  -0.017247  -0.192003  0.977610  0.086097  0.033577  -0.081134  0.996137  0.004230  -0.000975  0.002156  0.341215  0.204227  1.388799  2.000000  
20.393518 0.006288  0.096261  -0.008475  0.980440  0.196029  -0.017599  -0.193815  0.977176  0.086969  0.034246  -0.081857  0.996056  0.004495  -0.001830  0.002231  0.368013  0.221374  1.452920  2.000000  
20.394764 0.006296  0.096249  -0.008474  0.980057  0.197906  -0.017947  -0.195627  0.976736  0.087843  0.034914  -0.082580  0.995973  0.004755  -0.002796  0.002122  0.394938  0.233983  1.516629  2.000000  
20.395765 0.006302  0.096240  -0.008474  0.979710  0.199580  -0.018335  -0.197236  0.976345  0.088596  0.035583  -0.083182  0.995899  0.004940  -0.003748  0.001844  0.417287  0.252181  1.566771  2.000000  
20.397018 0.006309  0.096228  -0.008473  0.979360  0.201256  -0.018695  -0.198845  0.975939  0.089469  0.036251  -0.083905  0.995814  0.005050  -0.004629  0.001625  0.443983  0.269728  1.623938  2.000000  
20.398271 0.006315  0.096215  -0.008471  0.979049  0.202731  -0.019071  -0.200251  0.975571  0.090339  0.036920  -0.084627  0.995728  0.005131  -0.005798  0.001499  0.466411  0.285941  1.653561  2.000000  
20.399519 0.006323  0.096204  -0.008469  0.978776  0.204003  -0.019489  -0.201455  0.975253  0.091088  0.037589  -0.085229  0.995652  0.005283  -0.006791  0.001502  0.478676  0.304052  1.641080  2.000000  
20.400766 0.006330  0.096190  -0.008467  0.978465  0.205465  -0.019754  -0.202861  0.974893  0.091816  0.038123  -0.085831  0.995580  0.005348  -0.007599  0.001385  0.491217  0.321126  1.642552  2.000000  
20.401767 0.006333  0.096178  -0.008465  0.978241  0.206512  -0.019951  -0.203865  0.974630  0.092391  0.038524  -0.086313  0.995523  0.005352  -0.008379  0.001279  0.495817  0.333229  1.650643  2.000000  
20.402772 0.006336  0.096166  -0.008463  0.978015  0.207559  -0.020146  -0.204869  0.974364  0.092966  0.038926  -0.086795  0.995465  0.005205  -0.009046  0.001262  0.504780  0.341123  1.659050  2.000000  
20.404017 0.006337  0.096149  -0.008460  0.977825  0.208422  -0.020439  -0.205670  0.974116  0.093801  0.039460  -0.087517  0.995381  0.004836  -0.009687  0.001304  0.516920  0.341751  1.638061  2.000000  
20.405020 0.006338  0.096135  -0.008458  0.977677  0.209079  -0.020801  -0.206270  0.973931  0.094396  0.039995  -0.087998  0.995317  0.004496  -0.010312  0.001327  0.520868  0.343249  1.610664  2.000000  
20.406021 0.006338  0.096120  -0.008456  0.977529  0.209739  -0.021137  -0.206869  0.973735  0.095110  0.040530  -0.088600  0.995242  0.004129  -0.010869  0.001322  0.532647  0.349309  1.576123  2.000000  
20.407022 0.006336  0.096105  -0.008454  0.977380  0.210398  -0.021497  -0.207468  0.973549  0.095706  0.041065  -0.089081  0.995178  0.003695  -0.011398  0.001394  0.539972  0.356526  1.534818  2.000000  
20.408272 0.006334  0.096087  -0.008452  0.977138  0.211474  -0.021896  -0.208468  0.973249  0.096575  0.041733  -0.089803  0.995085  0.003142  -0.011810  0.001548  0.547591  0.368480  1.496619  2.000000  
20.409518 0.006332  0.096069  -0.008449  0.976982  0.212147  -0.022358  -0.209066  0.973047  0.097318  0.042401  -0.090404  0.995002  0.002440  -0.012212  0.001673  0.558325  0.386018  1.433855  2.000000  
20.410770 0.006328  0.096050  -0.008450  0.976836  0.212800  -0.022534  -0.209666  0.972837  0.098124  0.042802  -0.091126  0.994919  0.001687  -0.012690  0.001587  0.568695  0.391029  1.365177  2.000000  
20.412017 0.006323  0.096030  -0.008452  0.976640  0.213666  -0.022818  -0.210465  0.972580  0.098962  0.043337  -0.091848  0.994830  0.000968  -0.013171  0.001362  0.575045  0.395556  1.306667  2.000000  
20.413269 0.006317  0.096010  -0.008455  0.976450  0.214516  -0.022997  -0.211266  0.972335  0.099655  0.043738  -0.092450  0.994756  0.000118  -0.013690  0.001065  0.581771  0.400100  1.241594  2.000000  
20.414518 0.006311  0.095991  -0.008458  0.976252  0.215380  -0.023304  -0.212065  0.972087  0.100377  0.044273  -0.093051  0.994677  -0.000796  -0.014145  0.000711  0.580473  0.395061  1.185788  2.000000  
20.415764 0.006304  0.095973  -0.008461  0.976098  0.216043  -0.023631  -0.212662  0.971882  0.101094  0.044808  -0.093652  0.994596  -0.001711  -0.014448  0.000428  0.583137  0.390468  1.135230  2.000000  
20.417019 0.006295  0.095955  -0.008464  0.975943  0.216707  -0.023958  -0.213260  0.971676  0.101811  0.045342  -0.094253  0.994515  -0.002558  -0.014637  0.000054  0.581890  0.389885  1.074991  2.000000  
20.418284 0.006286  0.095938  -0.008468  0.975743  0.217568  -0.024288  -0.214058  0.971437  0.102416  0.045877  -0.094733  0.994445  -0.003469  -0.014748  -0.000457  0.572055  0.390241  1.012997  2.000000  
20.419519 0.006275  0.095920  -0.008473  0.975542  0.218432  -0.024591  -0.214857  0.971184  0.103140  0.046411  -0.095334  0.994363  -0.004179  -0.014807  -0.000925  0.566346  0.389307  0.970415  2.000000  
20.420769 0.006265  0.095902  -0.008477  0.975347  0.219284  -0.024763  -0.215656  0.970933  0.103835  0.046812  -0.095935  0.994286  -0.004951  -0.014826  -0.001377  0.561147  0.384001  0.915832  2.000000  
20.422018 0.006253  0.095884  -0.008481  0.975157  0.220124  -0.024804  -0.216456  0.970683  0.104502  0.047080  -0.096537  0.994215  -0.005519  -0.014712  -0.001802  0.555861  0.377588  0.887411  2.000000  
20.423022 0.006245  0.095872  -0.008484  0.975004  0.220770  -0.025048  -0.217054  0.970501  0.104957  0.047481  -0.096897  0.994161  -0.006054  -0.014556  -0.002221  0.546991  0.374973  0.852808  2.000000  
20.424270 0.006235  0.095858  -0.008488  0.974851  0.221423  -0.025239  -0.217652  0.970292  0.105648  0.047882  -0.097498  0.994083  -0.006502  -0.014288  -0.002569  0.541840  0.369474  0.818436  2.000000  
20.425283 0.006228  0.095848  -0.008491  0.974659  0.222257  -0.025330  -0.218452  0.970065  0.106080  0.048149  -0.097858  0.994035  -0.006882  -0.013959  -0.002796  0.532396  0.357665  0.781881  2.000000  
20.426520 0.006219  0.095834  -0.008495  0.974499  0.222922  -0.025649  -0.219048  0.969851  0.106800  0.048683  -0.098459  0.993950  -0.007190  -0.013566  -0.002988  0.527509  0.355959  0.747572  2.000000  
20.427523 0.006211  0.095824  -0.008499  0.974350  0.223560  -0.025734  -0.219647  0.969656  0.107345  0.048951  -0.098939  0.993889  -0.007335  -0.013136  -0.003058  0.522770  0.348459  0.726193  2.000000  
20.428766 0.006204  0.095812  -0.008505  0.974150  0.224409  -0.025925  -0.220445  0.969410  0.107925  0.049352  -0.099420  0.993821  -0.007414  -0.012673  -0.003277  0.518645  0.341537  0.713344  2.000000  
20.430019 0.006196  0.095801  -0.008512  0.974001  0.225050  -0.025982  -0.221044  0.969200  0.108587  0.049619  -0.100021  0.993747  -0.007488  -0.012175  -0.003549  0.517682  0.333672  0.683809  2.000000  
20.431268 0.006190  0.095789  -0.008519  0.973812  0.225877  -0.025885  -0.221844  0.968945  0.109226  0.049753  -0.100623  0.993680  -0.007348  -0.011821  -0.003760  0.517112  0.318538  0.663495  2.000000  
20.432270 0.006186  0.095780  -0.008525  0.973662  0.226511  -0.025994  -0.222443  0.968760  0.109654  0.050020  -0.100983  0.993630  -0.007149  -0.011453  -0.003992  0.512826  0.315200  0.649747  2.000000  
20.433516 0.006182  0.095769  -0.008532  0.973518  0.227138  -0.025918  -0.223043  0.968550  0.110287  0.050153  -0.101585  0.993562  -0.006779  -0.011014  -0.004198  0.508457  0.301957  0.641572  2.000000  
20.434518 0.006180  0.095761  -0.008538  0.973419  0.227563  -0.025892  -0.223442  0.968400  0.110797  0.050287  -0.102067  0.993506  -0.006371  -0.010615  -0.004366  0.508027  0.294084  0.627243  2.000000  
20.435525 0.006178  0.095752  -0.008545  0.973367  0.227788  -0.025888  -0.223641  0.968296  0.111302  0.050421  -0.102548  0.993449  -0.005896  -0.010133  -0.004597  0.503627  0.279516  0.617042  2.000000  
20.436769 0.006176  0.095743  -0.008553  0.973268  0.228216  -0.025834  -0.224040  0.968131  0.111930  0.050554  -0.103150  0.993380  -0.005223  -0.009607  -0.004850  0.503383  0.262650  0.601893  2.000000  
20.438018 0.006175  0.095733  -0.008560  0.973169  0.228643  -0.025778  -0.224439  0.967966  0.112557  0.050688  -0.103752  0.993311  -0.004633  -0.009279  -0.005058  0.498581  0.246354  0.579675  2.000000  
20.439024 0.006176  0.095727  -0.008566  0.973070  0.229071  -0.025723  -0.224838  0.967800  0.113185  0.050822  -0.104353  0.993241  -0.003972  -0.008909  -0.005254  0.502412  0.233232  0.571481  2.000000  
20.440273 0.006178  0.095719  -0.008572  0.973017  0.229299  -0.025690  -0.225037  0.967681  0.113807  0.050955  -0.104955  0.993171  -0.003298  -0.008561  -0.005380  0.498176  0.222798  0.559298  2.000000  
20.441275 0.006181  0.095714  -0.008576  0.972971  0.229511  -0.025555  -0.225238  0.967578  0.114282  0.050955  -0.105437  0.993120  -0.002650  -0.008214  -0.005443  0.497541  0.207723  0.548320  2.000000  
20.442518 0.006184  0.095708  -0.008580  0.972971  0.229527  -0.025416  -0.225238  0.967509  0.114868  0.050955  -0.106039  0.993056  -0.001795  -0.007751  -0.005403  0.492392  0.196732  0.519747  2.000000  
20.443518 0.006187  0.095704  -0.008583  0.972917  0.229752  -0.025410  -0.225436  0.967402  0.115373  0.051089  -0.106520  0.992997  -0.001085  -0.007350  -0.005289  0.491898  0.188921  0.505215  2.000000  
20.444519 0.006191  0.095700  -0.008587  0.972917  0.229764  -0.025298  -0.225436  0.967346  0.115842  0.051089  -0.107002  0.992945  -0.000480  -0.007008  -0.005169  0.491011  0.177333  0.483324  2.000000  
20.445771 0.006195  0.095695  -0.008591  0.972878  0.229968  -0.024978  -0.225638  0.967218  0.116522  0.050955  -0.107725  0.992874  0.000229  -0.006510  -0.004988  0.494141  0.156716  0.460495  2.000000  
20.447021 0.006200  0.095691  -0.008595  0.972878  0.229983  -0.024838  -0.225638  0.967147  0.117108  0.050955  -0.108327  0.992809  0.000904  -0.005982  -0.004746  0.493194  0.140627  0.438074  2.000000  
20.448269 0.006204  0.095689  -0.008598  0.972924  0.229799  -0.024723  -0.225438  0.967123  0.117690  0.050955  -0.108929  0.992743  0.001434  -0.005476  -0.004509  0.496286  0.128827  0.406151  2.000000  
20.449518 0.006209  0.095686  -0.008601  0.972924  0.229814  -0.024584  -0.225438  0.967051  0.118276  0.050955  -0.109532  0.992676  0.001923  -0.004958  -0.004186  0.494814  0.113584  0.376923  2.000000  
20.450769 0.006214  0.095684  -0.008604  0.972931  0.229814  -0.024315  -0.225439  0.966983  0.118833  0.050822  -0.110134  0.992617  0.002391  -0.004416  -0.003839  0.493219  0.099952  0.343906  2.000000  
20.451771 0.006217  0.095683  -0.008607  0.972931  0.229826  -0.024203  -0.225439  0.966925  0.119302  0.050822  -0.110616  0.992563  0.002828  -0.003871  -0.003572  0.492142  0.092969  0.322328  2.000000  
20.452773 0.006221  0.095682  -0.008610  0.972984  0.229624  -0.023987  -0.225241  0.966918  0.119736  0.050688  -0.111098  0.992516  0.003065  -0.003447  -0.003389  0.494977  0.077836  0.293048  2.000000  
20.454019 0.006223  0.095680  -0.008614  0.972984  0.229639  -0.023848  -0.225241  0.966845  0.120322  0.050688  -0.111700  0.992448  0.003131  -0.003087  -0.003236  0.494086  0.066423  0.271101  2.000000  
20.455022 0.006225  0.095679  -0.008618  0.973030  0.229451  -0.023761  -0.225040  0.966834  0.120787  0.050688  -0.112182  0.992394  0.003176  -0.002729  -0.003118  0.496819  0.059792  0.240702  2.000000  
20.456023 0.006227  0.095678  -0.008621  0.973030  0.229465  -0.023622  -0.225040  0.966760  0.121373  0.050688  -0.112784  0.992326  0.003111  -0.002434  -0.003067  0.499702  0.049655  0.213851  2.000000  
20.457271 0.006227  0.095677  -0.008626  0.973030  0.229480  -0.023483  -0.225040  0.966687  0.121959  0.050688  -0.113385  0.992257  0.002906  -0.002127  -0.003079  0.498616  0.038303  0.191785  2.000000  
20.458280 0.006227  0.095675  -0.008629  0.973076  0.229292  -0.023397  -0.224840  0.966674  0.122423  0.050688  -0.113867  0.992202  0.002659  -0.001922  -0.003112  0.501080  0.032211  0.163266  2.000000  
20.459516 0.006225  0.095674  -0.008633  0.973076  0.229309  -0.023230  -0.224840  0.966585  0.123127  0.050688  -0.114589  0.992119  0.002312  -0.001691  -0.003058  0.504218  0.025198  0.140600  2.000000  
20.460517 0.006223  0.095673  -0.008636  0.973076  0.229320  -0.023119  -0.224840  0.966525  0.123596  0.050688  -0.115070  0.992063  0.001917  -0.001495  -0.003068  0.502927  0.019369  0.113321  2.000000  
20.461771 0.006220  0.095671  -0.008640  0.973123  0.229135  -0.023005  -0.224640  0.966497  0.124177  0.050688  -0.115672  0.991993  0.001413  -0.001380  -0.003113  0.505550  0.017831  0.085352  2.000000  
20.463015 0.006216  0.095669  -0.008645  0.973123  0.229149  -0.022866  -0.224640  0.966422  0.124763  0.050688  -0.116273  0.991923  0.000807  -0.001347  -0.003185  0.504712  0.011104  0.063802  2.000000  
20.464018 0.006212  0.095668  -0.008648  0.973123  0.229160  -0.022755  -0.224640  0.966361  0.125232  0.050688  -0.116755  0.991866  0.000285  -0.001263  -0.003285  0.503835  0.012484  0.049645  2.000000  
20.465019 0.006208  0.095668  -0.008651  0.973123  0.229171  -0.022644  -0.224640  0.966300  0.125701  0.050688  -0.117236  0.991810  -0.000265  -0.001194  -0.003271  0.503503  0.005143  0.035354  2.000000  
20.466278 0.006203  0.095667  -0.008654  0.973162  0.229001  -0.022660  -0.224438  0.966267  0.126312  0.050822  -0.117837  0.991732  -0.000926  -0.001106  -0.003254  0.502023  0.007409  0.014727  2.000000  
20.467516 0.006197  0.095666  -0.008658  0.973208  0.228816  -0.022547  -0.224237  0.966238  0.126894  0.050822  -0.118438  0.991660  -0.001500  -0.001079  -0.003264  0.501438  0.004433  0.000496  2.000000  
20.468525 0.006192  0.095665  -0.008661  0.973202  0.228843  -0.022566  -0.224236  0.966173  0.127392  0.050955  -0.118918  0.991596  -0.002071  -0.001091  -0.003204  0.496250  0.006784  -0.020097  2.000000  
20.469771 0.006186  0.095663  -0.008664  0.973202  0.228856  -0.022427  -0.224236  0.966095  0.127978  0.050955  -0.119520  0.991523  -0.002647  -0.001094  -0.003158  0.495949  0.007510  -0.026742  2.000000  
20.471023 0.006179  0.095660  -0.008668  0.973248  0.228671  -0.022315  -0.224036  0.966064  0.128560  0.050955  -0.120121  0.991451  -0.003263  -0.001199  -0.003130  0.495346  0.004683  -0.041205  2.000000  
20.472271 0.006171  0.095657  -0.008673  0.973294  0.228488  -0.022175  -0.223835  0.966018  0.129258  0.050955  -0.120843  0.991363  -0.003722  -0.001311  -0.003153  0.498983  0.005495  -0.048060  2.000000  
20.473301 0.006166  0.095654  -0.008677  0.973340  0.228300  -0.022091  -0.223635  0.966002  0.129722  0.050955  -0.121324  0.991304  -0.004118  -0.001393  -0.003143  0.497779  0.002624  -0.062239  2.000000  
20.474518 0.006158  0.095650  -0.008681  0.973380  0.228133  -0.022081  -0.223433  0.965951  0.130450  0.051089  -0.122044  0.991209  -0.004540  -0.001647  -0.003219  0.501922  0.007860  -0.068086  2.000000  
20.475520 0.006152  0.095647  -0.008684  0.973380  0.228147  -0.021942  -0.223433  0.965871  0.131036  0.051089  -0.122645  0.991135  -0.004787  -0.001758  -0.003218  0.501699  0.013236  -0.074997  2.000000  
20.476772 0.006145  0.095641  -0.008689  0.973465  0.227781  -0.021960  -0.223031  0.965866  0.131760  0.051222  -0.123366  0.991038  -0.005099  -0.002023  -0.003251  0.505047  0.019356  -0.088192  2.000000  
20.478016 0.006137  0.095636  -0.008693  0.973511  0.227598  -0.021821  -0.222830  0.965817  0.132458  0.051222  -0.124087  0.990948  -0.005297  -0.002275  -0.003197  0.509187  0.019417  -0.088190  2.000000  
20.479018 0.006131  0.095631  -0.008697  0.973557  0.227410  -0.021738  -0.222630  0.965799  0.132922  0.051222  -0.124568  0.990888  -0.005416  -0.002529  -0.003216  0.508714  0.020265  -0.095023  2.000000  
20.480264 0.006124  0.095624  -0.008701  0.973648  0.227028  -0.021628  -0.222229  0.965796  0.133616  0.051222  -0.125289  0.990797  -0.005518  -0.002848  -0.003270  0.511950  0.021771  -0.107848  2.000000  
20.481265 0.006120  0.095619  -0.008704  0.973694  0.226839  -0.021545  -0.222028  0.965777  0.134080  0.051222  -0.125770  0.990736  -0.005545  -0.003165  -0.003300  0.511718  0.027068  -0.114141  2.000000  
20.482282 0.006115  0.095615  -0.008707  0.973733  0.226670  -0.021564  -0.221826  0.965739  0.134691  0.051356  -0.126370  0.990653  -0.005570  -0.003472  -0.003274  0.515680  0.031812  -0.114475  2.000000  
20.483516 0.006109  0.095609  -0.008709  0.973824  0.226286  -0.021483  -0.221425  0.965750  0.135268  0.051356  -0.126970  0.990576  -0.005548  -0.003709  -0.003196  0.515200  0.038011  -0.127691  2.000000  
20.484516 0.006106  0.095605  -0.008710  0.973908  0.225918  -0.021531  -0.221023  0.965757  0.135874  0.051490  -0.127570  0.990492  -0.005438  -0.003885  -0.003091  0.518307  0.043830  -0.139689  2.000000  
20.485526 0.006102  0.095601  -0.008712  0.973954  0.225729  -0.021449  -0.220822  0.965738  0.136338  0.051490  -0.128051  0.990430  -0.005334  -0.004096  -0.003019  0.518392  0.044258  -0.140786  2.000000  
20.486770 0.006097  0.095595  -0.008714  0.974090  0.225148  -0.021369  -0.220221  0.965777  0.137028  0.051490  -0.128772  0.990337  -0.005118  -0.004239  -0.002834  0.517445  0.046883  -0.161364  2.000000  
20.488019 0.006093  0.095589  -0.008715  0.974129  0.224979  -0.021390  -0.220019  0.965737  0.137638  0.051623  -0.129371  0.990252  -0.004968  -0.004372  -0.002669  0.517667  0.051468  -0.160860  2.000000  
20.489023 0.006089  0.095585  -0.008718  0.974219  0.224592  -0.021338  -0.219618  0.965762  0.138098  0.051623  -0.129852  0.990189  -0.004780  -0.004488  -0.002542  0.516651  0.053205  -0.174455  2.000000  
20.490269 0.006085  0.095580  -0.008719  0.974310  0.224210  -0.021232  -0.219217  0.965754  0.138792  0.051623  -0.130572  0.990094  -0.004543  -0.004513  -0.002365  0.516007  0.055038  -0.188154  2.000000  
20.491270 0.006082  0.095575  -0.008721  0.974393  0.223840  -0.021310  -0.218814  0.965775  0.139281  0.051757  -0.131052  0.990024  -0.004356  -0.004537  -0.002261  0.515570  0.060437  -0.194403  2.000000  
20.492516 0.006079  0.095571  -0.008723  0.974483  0.223455  -0.021231  -0.218413  0.965782  0.139858  0.051757  -0.131652  0.989944  -0.004084  -0.004482  -0.002099  0.514744  0.061754  -0.206401  2.000000  
20.493516 0.006077  0.095567  -0.008724  0.974528  0.223266  -0.021152  -0.218212  0.965760  0.140322  0.051757  -0.132132  0.989880  -0.003850  -0.004432  -0.001967  0.514574  0.063239  -0.214932  2.000000  
20.494519 0.006074  0.095564  -0.008726  0.974566  0.223098  -0.021175  -0.218010  0.965717  0.140933  0.051891  -0.132732  0.989793  -0.003625  -0.004300  -0.001797  0.518234  0.068676  -0.221170  2.000000  
20.495769 0.006072  0.095560  -0.008728  0.974611  0.222912  -0.021069  -0.217809  0.965677  0.141514  0.051891  -0.133332  0.989712  -0.003365  -0.004162  -0.001708  0.518220  0.064350  -0.221694  2.000000  
20.497016 0.006069  0.095556  -0.008731  0.974694  0.222544  -0.021121  -0.217406  0.965679  0.142120  0.052024  -0.133931  0.989624  -0.003113  -0.004000  -0.001662  0.517386  0.070109  -0.232916  2.000000  
20.498278 0.006067  0.095552  -0.008732  0.974739  0.222361  -0.020989  -0.217206  0.965621  0.142818  0.052024  -0.134652  0.989526  -0.002844  -0.003841  -0.001601  0.521599  0.066392  -0.235338  2.000000  
20.499518 0.006066  0.095550  -0.008734  0.974776  0.222192  -0.021012  -0.217004  0.965576  0.143428  0.052158  -0.135251  0.989438  -0.002624  -0.003663  -0.001630  0.521009  0.071274  -0.239607  2.000000  
20.500518 0.006065  0.095548  -0.008736  0.974814  0.222022  -0.021063  -0.216801  0.965548  0.143921  0.052291  -0.135730  0.989365  -0.002430  -0.003520  -0.001583  0.521260  0.076461  -0.240989  2.000000  
20.501797 0.006064  0.095546  -0.008738  0.974859  0.221835  -0.020959  -0.216601  0.965507  0.144503  0.052291  -0.136330  0.989282  -0.002200  -0.003287  -0.001611  0.516638  0.076541  -0.240684  2.000000  
20.503027 0.006064  0.095544  -0.008738  0.974897  0.221667  -0.020983  -0.216398  0.965461  0.145112  0.052425  -0.136929  0.989193  -0.001925  -0.002999  -0.001520  0.517561  0.081290  -0.240493  2.000000  
20.504273 0.006063  0.095543  -0.008739  0.974890  0.221698  -0.020978  -0.216397  0.965368  0.145727  0.052559  -0.137528  0.989102  -0.001654  -0.002681  -0.001435  0.512957  0.080716  -0.238318  2.000000  
20.505284 0.006063  0.095542  -0.008740  0.974934  0.221509  -0.020900  -0.216196  0.965343  0.146191  0.052559  -0.138008  0.989036  -0.001489  -0.002464  -0.001330  0.508727  0.081479  -0.240090  2.000000  
20.506521 0.006062  0.095541  -0.008741  0.974927  0.221540  -0.020895  -0.216195  0.965250  0.146805  0.052692  -0.138607  0.988945  -0.001277  -0.002185  -0.001332  0.505593  0.079867  -0.226453  2.000000  
20.507770 0.006062  0.095541  -0.008742  0.974920  0.221571  -0.020890  -0.216193  0.965157  0.147419  0.052826  -0.139205  0.988854  -0.001049  -0.001894  -0.001233  0.501777  0.083551  -0.218919  2.000000  
20.508777 0.006062  0.095541  -0.008742  0.974958  0.221401  -0.020942  -0.215991  0.965127  0.147911  0.052959  -0.139684  0.988779  -0.000897  -0.001658  -0.001175  0.501682  0.088101  -0.218248  2.000000  
20.510019 0.006062  0.095542  -0.008743  0.974951  0.221432  -0.020937  -0.215989  0.965033  0.148525  0.053093  -0.140283  0.988687  -0.000714  -0.001346  -0.001079  0.498377  0.090877  -0.203922  2.000000  
20.511264 0.006063  0.095543  -0.008744  0.974944  0.221463  -0.020932  -0.215988  0.964939  0.149139  0.053227  -0.140881  0.988595  -0.000516  -0.001041  -0.000993  0.498696  0.093750  -0.194820  2.000000  
20.512268 0.006064  0.095543  -0.008745  0.974937  0.221494  -0.020927  -0.215986  0.964844  0.149753  0.053360  -0.141480  0.988502  -0.000351  -0.000809  -0.000934  0.499254  0.092991  -0.188056  2.000000  
20.513269 0.006064  0.095544  -0.008746  0.974937  0.221504  -0.020819  -0.215986  0.964771  0.150221  0.053360  -0.141959  0.988433  -0.000204  -0.000532  -0.000896  0.499771  0.091200  -0.174353  2.000000  
20.514278 0.006065  0.095545  -0.008747  0.974930  0.221533  -0.020841  -0.215985  0.964694  0.150718  0.053494  -0.142438  0.988357  -0.000082  -0.000331  -0.000836  0.496295  0.090164  -0.161993  2.000000  
20.515279 0.006065  0.095546  -0.008748  0.974923  0.221564  -0.020836  -0.215983  0.964598  0.151331  0.053628  -0.143036  0.988263  0.000016  -0.000129  -0.000828  0.500875  0.093030  -0.153294  2.000000  
20.516519 0.006066  0.095547  -0.008749  0.974916  0.221595  -0.020830  -0.215982  0.964502  0.151945  0.053761  -0.143635  0.988169  0.000141  0.000082  -0.000756  0.497949  0.095541  -0.133342  2.000000  
20.517787 0.006067  0.095547  -0.008750  0.974909  0.221627  -0.020825  -0.215980  0.964406  0.152559  0.053895  -0.144233  0.988075  0.000239  0.000207  -0.000782  0.497948  0.094609  -0.126350  2.000000  
20.519030 0.006068  0.095547  -0.008751  0.974895  0.221677  -0.020949  -0.215977  0.964305  0.153201  0.054162  -0.144830  0.987973  0.000333  0.000311  -0.000766  0.498772  0.101711  -0.111399  2.000000  
20.520273 0.006069  0.095547  -0.008751  0.974888  0.221709  -0.020943  -0.215975  0.964207  0.153814  0.054296  -0.145428  0.987878  0.000412  0.000357  -0.000783  0.495508  0.104346  -0.097044  2.000000  
20.521276 0.006069  0.095547  -0.008752  0.974881  0.221740  -0.020938  -0.215974  0.964110  0.154427  0.054429  -0.146026  0.987782  0.000462  0.000359  -0.000788  0.500260  0.102472  -0.083295  2.000000  
20.522282 0.006070  0.095547  -0.008752  0.974874  0.221770  -0.020959  -0.215972  0.964030  0.154924  0.054563  -0.146504  0.987704  0.000530  0.000421  -0.000760  0.500891  0.105020  -0.068924  2.000000  
20.523522 0.006070  0.095547  -0.008753  0.974867  0.221804  -0.020927  -0.215971  0.963913  0.155654  0.054696  -0.147222  0.987590  0.000548  0.000375  -0.000742  0.505698  0.108629  -0.061431  2.000000  
20.524773 0.006071  0.095546  -0.008754  0.974904  0.221638  -0.020954  -0.215768  0.963860  0.156263  0.054830  -0.147820  0.987493  0.000578  0.000326  -0.000758  0.501760  0.107651  -0.054491  2.000000  
20.526020 0.006071  0.095546  -0.008755  0.974890  0.221689  -0.021077  -0.215765  0.963756  0.156904  0.055097  -0.148417  0.987389  0.000553  0.000254  -0.000724  0.502244  0.115640  -0.046328  2.000000  
20.527020 0.006071  0.095546  -0.008756  0.974882  0.221719  -0.021098  -0.215764  0.963676  0.157400  0.055231  -0.148895  0.987309  0.000493  0.000172  -0.000743  0.502581  0.114677  -0.039429  2.000000  
20.528268 0.006071  0.095545  -0.008756  0.974868  0.221771  -0.021222  -0.215760  0.963572  0.158042  0.055498  -0.149491  0.987204  0.000427  0.000076  -0.000695  0.498946  0.121646  -0.030991  2.000000  
20.529514 0.006070  0.095545  -0.008757  0.974861  0.221803  -0.021216  -0.215759  0.963471  0.158655  0.055632  -0.150089  0.987106  0.000360  -0.000019  -0.000647  0.499205  0.120660  -0.024127  2.000000  
20.530515 0.006069  0.095544  -0.008757  0.974898  0.221635  -0.021270  -0.215556  0.963435  0.159146  0.055765  -0.150567  0.987026  0.000247  -0.000119  -0.000605  0.499184  0.120668  -0.024068  2.000000  
20.531519 0.006069  0.095543  -0.008758  0.974890  0.221665  -0.021292  -0.215555  0.963354  0.159642  0.055899  -0.151044  0.986945  0.000163  -0.000223  -0.000645  0.500149  0.125271  -0.016733  2.000000  
20.532786 0.006067  0.095542  -0.008759  0.974876  0.221717  -0.021415  -0.215552  0.963248  0.160284  0.056166  -0.151641  0.986839  -0.000001  -0.000303  -0.000631  0.499817  0.128556  -0.009149  2.000000  
20.534019 0.006066  0.095541  -0.008760  0.974913  0.221549  -0.021470  -0.215349  0.963211  0.160775  0.056299  -0.152118  0.986758  -0.000157  -0.000405  -0.000608  0.495501  0.128541  -0.015795  2.000000  
20.535021 0.006065  0.095540  -0.008760  0.974898  0.221599  -0.021620  -0.215346  0.963124  0.161299  0.056567  -0.152595  0.986669  -0.000279  -0.000460  -0.000608  0.495834  0.136368  -0.007655  2.000000  
20.536025 0.006063  0.095539  -0.008761  0.974891  0.221630  -0.021641  -0.215344  0.963042  0.161795  0.056700  -0.153072  0.986587  -0.000381  -0.000540  -0.000634  0.496015  0.137544  -0.007645  2.000000  
20.537276 0.006062  0.095538  -0.008763  0.974876  0.221683  -0.021765  -0.215341  0.962934  0.162436  0.056967  -0.153668  0.986479  -0.000521  -0.000626  -0.000689  0.495776  0.141932  -0.006899  2.000000  
20.538281 0.006061  0.095536  -0.008763  0.974905  0.221533  -0.021975  -0.215137  0.962912  0.162839  0.057235  -0.154025  0.986408  -0.000644  -0.000715  -0.000691  0.491641  0.146367  -0.006176  2.000000  
20.539519 0.006059  0.095535  -0.008765  0.974898  0.221566  -0.021970  -0.215135  0.962809  0.163451  0.057368  -0.154622  0.986307  -0.000800  -0.000800  -0.000712  0.491829  0.146427  -0.006090  2.000000  
20.540771 0.006057  0.095533  -0.008766  0.974883  0.221618  -0.022120  -0.215132  0.962720  0.163975  0.057635  -0.155098  0.986216  -0.000924  -0.000932  -0.000749  0.487819  0.149650  -0.005309  2.000000  
20.542016 0.006056  0.095531  -0.008766  0.974868  0.221669  -0.022270  -0.215129  0.962632  0.164499  0.057902  -0.155574  0.986126  -0.001014  -0.001017  -0.000718  0.479700  0.158467  -0.003891  2.000000  
20.543019 0.006054  0.095529  -0.008767  0.974897  0.221522  -0.022454  -0.214925  0.962588  0.165018  0.058170  -0.156050  0.986035  -0.001103  -0.001088  -0.000735  0.479286  0.163893  -0.009924  2.000000  
20.544265 0.006052  0.095527  -0.008769  0.974881  0.221574  -0.022605  -0.214921  0.962499  0.165542  0.058437  -0.156526  0.985944  -0.001196  -0.001203  -0.000794  0.475388  0.168362  -0.009169  2.000000  
20.545279 0.006050  0.095525  -0.008770  0.974874  0.221606  -0.022626  -0.214920  0.962414  0.166038  0.058570  -0.157003  0.985860  -0.001275  -0.001279  -0.000848  0.470766  0.169619  -0.009134  2.000000  
20.546514 0.006049  0.095524  -0.008771  0.974859  0.221658  -0.022776  -0.214916  0.962324  0.166561  0.058837  -0.157479  0.985768  -0.001327  -0.001312  -0.000840  0.467156  0.172735  -0.008310  2.000000  
20.547773 0.006046  0.095522  -0.008772  0.974887  0.221512  -0.022960  -0.214712  0.962280  0.167080  0.059105  -0.157955  0.985676  -0.001379  -0.001391  -0.000871  0.462877  0.178247  -0.014318  2.000000  
20.549018 0.006044  0.095520  -0.008774  0.974872  0.221567  -0.023084  -0.214709  0.962169  0.167721  0.059372  -0.158550  0.985564  -0.001404  -0.001397  -0.000934  0.462817  0.178237  -0.014208  2.000000  
20.550019 0.006043  0.095519  -0.008775  0.974864  0.221596  -0.023132  -0.214707  0.962104  0.168099  0.059505  -0.158907  0.985499  -0.001443  -0.001402  -0.000964  0.458623  0.178187  -0.014128  2.000000  
20.551268 0.006042  0.095519  -0.008776  0.974848  0.221649  -0.023282  -0.214704  0.962013  0.168623  0.059772  -0.159383  0.985406  -0.001453  -0.001381  -0.000974  0.450607  0.182635  -0.013339  2.000000  
20.552274 0.006040  0.095517  -0.008777  0.974833  0.221699  -0.023459  -0.214700  0.961942  0.169029  0.060039  -0.159739  0.985332  -0.001464  -0.001376  -0.000939  0.446556  0.187050  -0.012577  2.000000  
20.553532 0.006039  0.095516  -0.008778  0.974817  0.221753  -0.023608  -0.214697  0.961851  0.169553  0.060307  -0.160214  0.985238  -0.001444  -0.001296  -0.000931  0.437746  0.192934  -0.011855  2.000000  
20.554769 0.006037  0.095515  -0.008779  0.974809  0.221785  -0.023630  -0.214695  0.961764  0.170048  0.060440  -0.160691  0.985152  -0.001421  -0.001276  -0.000917  0.434756  0.190391  -0.004900  2.000000  
20.556022 0.006036  0.095514  -0.008780  0.974793  0.221839  -0.023779  -0.214692  0.961672  0.170571  0.060707  -0.161166  0.985058  -0.001411  -0.001248  -0.000956  0.430141  0.191948  -0.004823  2.000000  
20.557267 0.006035  0.095513  -0.008780  0.974822  0.221692  -0.023991  -0.214487  0.961646  0.170973  0.060974  -0.161522  0.984984  -0.001329  -0.001173  -0.000901  0.422147  0.195839  -0.010776  2.000000  
20.558276 0.006035  0.095512  -0.008781  0.974806  0.221743  -0.024168  -0.214484  0.961575  0.171379  0.061241  -0.161878  0.984909  -0.001256  -0.001086  -0.000899  0.417466  0.197460  -0.010769  2.000000  
20.559519 0.006034  0.095511  -0.008782  0.974790  0.221794  -0.024345  -0.214480  0.961503  0.171786  0.061509  -0.162234  0.984833  -0.001144  -0.001028  -0.000864  0.409791  0.200866  -0.003147  2.000000  
20.560771 0.006034  0.095510  -0.008783  0.974782  0.221824  -0.024393  -0.214479  0.961436  0.172164  0.061642  -0.162591  0.984766  -0.001032  -0.000970  -0.000828  0.401540  0.196382  -0.003755  2.000000  
20.562016 0.006034  0.095509  -0.008784  0.974765  0.221878  -0.024542  -0.214475  0.961343  0.172687  0.061909  -0.163066  0.984671  -0.000944  -0.000901  -0.000809  0.398287  0.199200  -0.002927  2.000000  
20.563018 0.006033  0.095509  -0.008784  0.974749  0.221927  -0.024746  -0.214471  0.961291  0.172977  0.062176  -0.163302  0.984615  -0.000839  -0.000881  -0.000778  0.390165  0.203591  -0.002150  2.000000  
20.564264 0.006033  0.095508  -0.008786  0.974733  0.221982  -0.024896  -0.214468  0.961198  0.173500  0.062443  -0.163777  0.984519  -0.000712  -0.000789  -0.000774  0.390606  0.202530  0.004714  2.000000  
20.565279 0.006034  0.095508  -0.008787  0.974725  0.222009  -0.024970  -0.214466  0.961151  0.173761  0.062577  -0.164014  0.984471  -0.000590  -0.000769  -0.000777  0.382524  0.202533  0.004788  2.000000  
20.566514 0.006034  0.095508  -0.008788  0.974708  0.222064  -0.025120  -0.214462  0.961057  0.174284  0.062844  -0.164489  0.984375  -0.000458  -0.000702  -0.000764  0.378453  0.202519  0.004899  2.000000  
20.567523 0.006034  0.095507  -0.008789  0.974700  0.222092  -0.025195  -0.214461  0.961010  0.174546  0.062977  -0.164727  0.984327  -0.000381  -0.000663  -0.000806  0.373376  0.199727  0.004296  2.000000  
20.568772 0.006034  0.095507  -0.008790  0.974684  0.222144  -0.025371  -0.214457  0.960937  0.174952  0.063245  -0.165082  0.984250  -0.000265  -0.000584  -0.000816  0.365685  0.198648  0.011212  2.000000  
20.570021 0.006035  0.095507  -0.008792  0.974675  0.222175  -0.025419  -0.214455  0.960869  0.175330  0.063378  -0.165439  0.984182  -0.000138  -0.000508  -0.000861  0.361620  0.198651  0.011297  2.000000  
20.571023 0.006035  0.095508  -0.008792  0.974659  0.222228  -0.025595  -0.214452  0.960795  0.175736  0.063645  -0.165794  0.984104  -0.000043  -0.000403  -0.000843  0.357465  0.198606  0.011379  2.000000  
20.572267 0.006036  0.095508  -0.008794  0.974650  0.222259  -0.025643  -0.214450  0.960726  0.176114  0.063779  -0.166151  0.984036  0.000044  -0.000326  -0.000903  0.355076  0.195940  0.018124  2.000000  
20.573291 0.006037  0.095508  -0.008794  0.974642  0.222286  -0.025718  -0.214448  0.960679  0.176376  0.063912  -0.166388  0.983987  0.000136  -0.000247  -0.000855  0.345415  0.192912  0.017612  2.000000  
20.574519 0.006037  0.095509  -0.008795  0.974625  0.222336  -0.025921  -0.214444  0.960626  0.176665  0.064179  -0.166624  0.983930  0.000222  -0.000119  -0.000850  0.337514  0.193048  0.017696  2.000000  
20.575520 0.006038  0.095509  -0.008795  0.974617  0.222364  -0.025995  -0.214442  0.960579  0.176927  0.064313  -0.166861  0.983881  0.000286  -0.000043  -0.000854  0.333481  0.188632  0.017027  2.000000  
20.576771 0.006039  0.095510  -0.008796  0.974653  0.222198  -0.026079  -0.214240  0.960555  0.177299  0.064446  -0.167218  0.983811  0.000350  0.000034  -0.000857  0.326415  0.188271  0.010212  2.000000  
20.578014 0.006040  0.095510  -0.008797  0.974636  0.222248  -0.026283  -0.214236  0.960503  0.177589  0.064713  -0.167453  0.983754  0.000407  0.000109  -0.000847  0.318566  0.187046  0.017033  2.000000  
20.579269 0.006040  0.095511  -0.008798  0.974627  0.222276  -0.026357  -0.214234  0.960455  0.177850  0.064847  -0.167691  0.983705  0.000453  0.000193  -0.000795  0.308967  0.179713  0.015784  2.000000  
20.580516 0.006041  0.095512  -0.008799  0.974619  0.222305  -0.026432  -0.214232  0.960407  0.178111  0.064980  -0.167928  0.983655  0.000469  0.000287  -0.000838  0.298368  0.178247  0.015720  2.000000  
20.581516 0.006041  0.095512  -0.008801  0.974610  0.222333  -0.026507  -0.214231  0.960359  0.178372  0.065114  -0.168165  0.983606  0.000503  0.000336  -0.000863  0.296822  0.175319  0.015170  2.000000  
20.582516 0.006042  0.095513  -0.008801  0.974602  0.222361  -0.026581  -0.214229  0.960310  0.178634  0.065247  -0.168402  0.983557  0.000504  0.000384  -0.000803  0.290257  0.173826  0.015094  2.000000  
20.583518 0.006042  0.095513  -0.008802  0.974593  0.222387  -0.026683  -0.214227  0.960284  0.178778  0.065381  -0.168520  0.983528  0.000513  0.000361  -0.000794  0.282304  0.169505  0.014409  2.000000  
20.584776 0.006042  0.095513  -0.008804  0.974585  0.222415  -0.026757  -0.214225  0.960236  0.179039  0.065514  -0.168757  0.983478  0.000503  0.000413  -0.000826  0.272222  0.166355  0.013849  2.000000  
20.586023 0.006043  0.095514  -0.008806  0.974612  0.222268  -0.026997  -0.214021  0.960228  0.179323  0.065781  -0.168993  0.983420  0.000489  0.000373  -0.000901  0.267733  0.167510  0.007091  2.000000  
