1-Time 2-Px 3-Py 4-Pz 5-R11 6-R21 7-R31 8-R12 9-R22 10-R32 11-R13 12-R23 13-R33 14-Vx 15-Vy 16-Vz 17-Wx 18-Wy 19-Wz 20-state 21-PR11 22-PR21 23-PR31 24-PR12 25-PR22 26-PR32 27-PR13 28-PR23 29-PR33 
142.285437 0.001828  0.092056  -0.004575  0.974972  0.215812  -0.053435  -0.211786  0.974649  0.072145  0.067650  -0.059023  0.995962  0.000761  0.000413  -0.002764  0.000000  0.000000  0.000000  2.000000  
142.286444 0.001829  0.092056  -0.004577  0.974919  0.216027  -0.053524  -0.211985  0.974595  0.072303  0.067784  -0.059143  0.995945  0.000766  0.000415  -0.002637  0.000000  0.000000  0.000000  2.000000  
142.287689 0.001829  0.092054  -0.004580  0.974463  0.218055  -0.053609  -0.213988  0.974136  0.072588  0.068051  -0.059263  0.995920  0.000708  0.000278  -0.002571  0.000000  0.000000  0.000000  2.000000  
142.288690 0.001829  0.092053  -0.004583  0.974056  0.219873  -0.053578  -0.215791  0.973719  0.072834  0.068184  -0.059383  0.995904  0.000639  0.000131  -0.002601  0.000000  0.000000  0.000000  2.000000  
142.289941 0.001829  0.092049  -0.004587  0.973601  0.221905  -0.053477  -0.217794  0.973236  0.073328  0.068318  -0.059745  0.995873  0.000614  -0.000152  -0.002569  0.039053  0.005218  0.214668  2.000000  
142.291195 0.001830  0.092045  -0.004590  0.973313  0.223142  -0.053566  -0.218992  0.972931  0.073806  0.068585  -0.060106  0.995833  0.000596  -0.000457  -0.002527  0.054135  0.011681  0.256515  2.000000  
142.292195 0.001831  0.092043  -0.004591  0.972915  0.224788  -0.053909  -0.220587  0.972537  0.074248  0.069119  -0.060346  0.995782  0.000596  -0.000615  -0.002453  0.066150  0.026302  0.312737  2.000000  
142.293455 0.001832  0.092043  -0.004591  0.972267  0.227457  -0.054407  -0.223177  0.971894  0.074925  0.069920  -0.060705  0.995704  0.000584  -0.000681  -0.002184  0.084652  0.047766  0.403705  2.000000  
142.294694 0.001831  0.092042  -0.004592  0.971406  0.230941  -0.055098  -0.226562  0.971050  0.075710  0.070987  -0.061062  0.995606  0.000491  -0.000733  -0.001987  0.105304  0.076565  0.523219  2.000000  
142.295944 0.001831  0.092042  -0.004594  0.970505  0.234599  -0.055538  -0.230147  0.970158  0.076334  0.071788  -0.061300  0.995534  0.000432  -0.000828  -0.001973  0.122328  0.095918  0.648708  2.000000  
142.297191 0.001831  0.092042  -0.004599  0.969598  0.238252  -0.055815  -0.233730  0.969244  0.077048  0.072455  -0.061660  0.995464  0.000382  -0.000843  -0.002100  0.143529  0.110745  0.774210  2.000000  
142.298191 0.001832  0.092044  -0.004601  0.968834  0.241290  -0.056036  -0.236714  0.968477  0.077581  0.072989  -0.061899  0.995410  0.000398  -0.000771  -0.002101  0.159190  0.122328  0.878636  2.000000  
142.299192 0.001835  0.092047  -0.004601  0.968051  0.244333  -0.056383  -0.239693  0.967698  0.078149  0.073656  -0.062137  0.995346  0.000502  -0.000563  -0.001966  0.174960  0.138364  0.983261  2.000000  
142.300442 0.001839  0.092050  -0.004601  0.966957  0.248569  -0.056630  -0.243864  0.966604  0.078789  0.074323  -0.062375  0.995282  0.000714  -0.000364  -0.001700  0.193236  0.152257  1.122206  2.000000  
142.301697 0.001844  0.092052  -0.004602  0.965816  0.252824  -0.057260  -0.248022  0.965484  0.079532  0.075391  -0.062612  0.995186  0.001011  -0.000207  -0.001622  0.212354  0.179158  1.268859  2.000000  
142.302937 0.001850  0.092054  -0.004605  0.964708  0.256876  -0.057900  -0.251976  0.964399  0.080270  0.076458  -0.062848  0.995090  0.001417  -0.000030  -0.001595  0.231239  0.206540  1.409296  2.000000  
142.304189 0.001855  0.092053  -0.004605  0.963678  0.260543  -0.058665  -0.255525  0.963391  0.081142  0.077659  -0.063204  0.994975  0.001762  0.000092  -0.001381  0.253435  0.239128  1.536191  2.000000  
142.305189 0.001860  0.092051  -0.004605  0.962867  0.263397  -0.059236  -0.258283  0.962591  0.081903  0.078592  -0.063562  0.994878  0.002061  0.000196  -0.001165  0.273367  0.264232  1.633987  2.000000  
142.306439 0.001867  0.092045  -0.004605  0.961660  0.267643  -0.059811  -0.262421  0.961396  0.082788  0.079660  -0.063918  0.994771  0.002473  -0.000018  -0.001008  0.297188  0.290913  1.780958  2.000000  
142.307444 0.001874  0.092038  -0.004606  0.960608  0.271291  -0.060270  -0.265963  0.960341  0.083724  0.080593  -0.064396  0.994665  0.002943  -0.000316  -0.000982  0.323484  0.314132  1.906500  2.000000  
142.308697 0.001885  0.092030  -0.004608  0.959321  0.275725  -0.060653  -0.270290  0.959045  0.084714  0.081527  -0.064874  0.994558  0.003610  -0.000869  -0.001137  0.352011  0.335622  2.059903  2.000000  
142.309943 0.001894  0.092020  -0.004610  0.958070  0.279950  -0.061080  -0.274414  0.957796  0.085580  0.082460  -0.065231  0.994457  0.004261  -0.001556  -0.001197  0.376112  0.357623  2.206557  2.000000  
142.311191 0.001903  0.092007  -0.004613  0.956914  0.283783  -0.061501  -0.278137  0.956635  0.086543  0.083393  -0.065708  0.994348  0.004885  -0.002353  -0.001171  0.403225  0.384779  2.339778  2.000000  
142.312195 0.001911  0.091995  -0.004617  0.955986  0.286801  -0.061930  -0.281072  0.955718  0.087189  0.084193  -0.065945  0.994265  0.005383  -0.003201  -0.001147  0.420249  0.404983  2.445167  2.000000  
142.313454 0.001922  0.091980  -0.004622  0.954804  0.290619  -0.062375  -0.284787  0.954539  0.088044  0.085127  -0.066301  0.994162  0.006003  -0.004413  -0.001402  0.443327  0.427383  2.576170  2.000000  
142.314697 0.001932  0.091965  -0.004627  0.953665  0.294229  -0.062868  -0.288300  0.953416  0.088775  0.086060  -0.066537  0.994066  0.006452  -0.005709  -0.001774  0.462341  0.450734  2.702697  2.000000  
142.315940 0.001942  0.091950  -0.004632  0.952584  0.297630  -0.063248  -0.291615  0.952343  0.089460  0.086860  -0.066774  0.993980  0.006817  -0.006883  -0.002066  0.476727  0.469884  2.822409  2.000000  
142.317187 0.001951  0.091935  -0.004638  0.951551  0.300832  -0.063642  -0.294731  0.951320  0.090134  0.087659  -0.067010  0.993894  0.006985  -0.007877  -0.002303  0.487746  0.479180  2.868830  2.000000  
142.318451 0.001959  0.091919  -0.004644  0.950496  0.304032  -0.064196  -0.297839  0.950294  0.090737  0.088592  -0.067125  0.993804  0.007168  -0.009107  -0.002610  0.490340  0.504001  2.906716  2.000000  
142.319695 0.001966  0.091902  -0.004649  0.949515  0.307016  -0.064512  -0.300755  0.949326  0.091251  0.089259  -0.067242  0.993736  0.007282  -0.010132  -0.002960  0.486193  0.519165  2.943066  2.000000  
142.320939 0.001972  0.091884  -0.004652  0.948463  0.310192  -0.064807  -0.303862  0.948285  0.091781  0.089925  -0.067358  0.993668  0.007191  -0.011003  -0.003229  0.485302  0.527356  2.995243  2.000000  
142.321942 0.001975  0.091868  -0.004656  0.947726  0.312381  -0.065067  -0.305995  0.947558  0.092205  0.090458  -0.067475  0.993612  0.007001  -0.011580  -0.003343  0.481003  0.524890  3.022642  2.000000  
142.323187 0.001978  0.091849  -0.004661  0.946858  0.314950  -0.065326  -0.308515  0.946707  0.092544  0.090991  -0.067472  0.993563  0.006501  -0.012318  -0.003582  0.475508  0.515239  3.029050  2.000000  
142.324192 0.001979  0.091831  -0.004666  0.946174  0.316940  -0.065602  -0.310448  0.946034  0.092959  0.091524  -0.067589  0.993506  0.006014  -0.012990  -0.003808  0.471743  0.507069  3.007565  2.000000  
142.325193 0.001978  0.091813  -0.004671  0.945486  0.318922  -0.065915  -0.312380  0.945368  0.093260  0.092057  -0.067586  0.993457  0.005450  -0.013674  -0.004057  0.461643  0.500374  2.983138  2.000000  
142.326447 0.001977  0.091791  -0.004677  0.944576  0.321502  -0.066422  -0.314886  0.944494  0.093689  0.092856  -0.067581  0.993383  0.004720  -0.014254  -0.004184  0.448215  0.507076  2.942382  2.000000  
142.327692 0.001974  0.091768  -0.004684  0.943671  0.324080  -0.066761  -0.317393  0.943605  0.094192  0.093522  -0.067697  0.993313  0.003930  -0.014740  -0.004337  0.441670  0.507299  2.911713  2.000000  
142.328693 0.001972  0.091750  -0.004690  0.943100  0.325668  -0.067110  -0.318931  0.943058  0.094473  0.094055  -0.067694  0.993263  0.003166  -0.015127  -0.004449  0.431255  0.510256  2.864838  2.000000  
142.329697 0.001968  0.091732  -0.004698  0.942471  0.327432  -0.067352  -0.320665  0.942456  0.094611  0.094455  -0.067571  0.993233  0.002260  -0.015602  -0.004758  0.417676  0.505546  2.810324  2.000000  
142.330942 0.001961  0.091708  -0.004709  0.941574  0.329979  -0.067475  -0.323174  0.941567  0.094920  0.094854  -0.067568  0.993195  0.001175  -0.016223  -0.005124  0.406151  0.491408  2.747493  2.000000  
142.332192 0.001952  0.091684  -0.004721  0.940614  0.332700  -0.067493  -0.325878  0.940618  0.095087  0.095121  -0.067446  0.993178  0.000005  -0.016814  -0.005555  0.392238  0.467112  2.704662  2.000000  
142.333454 0.001943  0.091660  -0.004734  0.939635  0.335427  -0.067636  -0.328575  0.939658  0.095299  0.095520  -0.067323  0.993148  -0.001193  -0.017298  -0.006020  0.374873  0.441889  2.666807  2.000000  
142.334690 0.001933  0.091638  -0.004747  0.938772  0.337765  -0.067983  -0.330879  0.938837  0.095415  0.096053  -0.067078  0.993113  -0.002226  -0.017586  -0.006538  0.354017  0.421870  2.632526  2.000000  
142.335939 0.001921  0.091618  -0.004761  0.937915  0.340100  -0.068164  -0.333184  0.938003  0.095602  0.096452  -0.066955  0.993083  -0.003375  -0.017745  -0.007253  0.330620  0.402531  2.575436  2.000000  
142.337192 0.001908  0.091597  -0.004776  0.937053  0.342425  -0.068386  -0.335487  0.937174  0.095677  0.096852  -0.066712  0.993061  -0.004651  -0.017842  -0.008032  0.305557  0.388424  2.512265  2.000000  
142.338450 0.001894  0.091576  -0.004792  0.936115  0.344941  -0.068588  -0.337980  0.936268  0.095768  0.097251  -0.066468  0.993038  -0.005673  -0.017884  -0.008675  0.272921  0.370670  2.434965  2.000000  
142.339688 0.001879  0.091555  -0.004809  0.935113  0.347638  -0.068646  -0.340668  0.935287  0.095829  0.097518  -0.066226  0.993028  -0.006660  -0.017803  -0.009348  0.249959  0.351137  2.393825  2.000000  
142.340690 0.001866  0.091539  -0.004821  0.934397  0.349554  -0.068658  -0.342588  0.934590  0.095790  0.097651  -0.065984  0.993031  -0.007482  -0.017682  -0.009854  0.231608  0.335561  2.358139  2.000000  
142.341693 0.001853  0.091524  -0.004833  0.933748  0.351277  -0.068691  -0.344314  0.933961  0.095736  0.097784  -0.065742  0.993034  -0.008341  -0.017498  -0.010425  0.208744  0.315887  2.315603  2.000000  
142.342947 0.001837  0.091505  -0.004849  0.932811  0.353767  -0.068644  -0.346807  0.933037  0.095739  0.097917  -0.065500  0.993037  -0.009236  -0.017198  -0.010969  0.185114  0.291463  2.263260  2.000000  
142.344192 0.001822  0.091489  -0.004863  0.931987  0.355879  -0.068930  -0.348905  0.932259  0.095695  0.098317  -0.065136  0.993021  -0.010001  -0.016825  -0.011342  0.157168  0.277361  2.208344  2.000000  
142.345443 0.001807  0.091472  -0.004878  0.931109  0.358164  -0.068948  -0.351202  0.931409  0.095573  0.098450  -0.064774  0.993032  -0.010576  -0.016352  -0.011619  0.139236  0.258332  2.174239  2.000000  
142.346453 0.001795  0.091459  -0.004891  0.930360  0.360080  -0.069087  -0.353109  0.930687  0.095583  0.098716  -0.064532  0.993021  -0.010883  -0.015894  -0.011898  0.121515  0.240754  2.149125  2.000000  
142.347698 0.001780  0.091442  -0.004909  0.929411  0.362544  -0.068963  -0.355597  0.929755  0.095430  0.098716  -0.064170  0.993044  -0.011316  -0.015403  -0.012199  0.100045  0.215326  2.126452  2.000000  
142.348941 0.001767  0.091427  -0.004927  0.928456  0.365006  -0.068840  -0.358083  0.928816  0.095276  0.098716  -0.063809  0.993068  -0.011516  -0.014948  -0.012577  0.083309  0.189623  2.111216  2.000000  
142.349942 0.001758  0.091414  -0.004942  0.927717  0.366893  -0.068777  -0.359994  0.928097  0.095080  0.098716  -0.063448  0.993091  -0.011491  -0.014667  -0.012764  0.070348  0.172994  2.096439  2.000000  
142.351189 0.001748  0.091400  -0.004961  0.926763  0.369342  -0.068533  -0.362480  0.927149  0.094878  0.098583  -0.063087  0.993127  -0.011372  -0.014275  -0.013088  0.054012  0.149572  2.077579  2.000000  
142.352438 0.001740  0.091385  -0.004980  0.925789  0.371798  -0.068415  -0.364959  0.926192  0.094724  0.098583  -0.062726  0.993150  -0.011022  -0.013796  -0.013402  0.038393  0.132024  2.076238  2.000000  
142.353452 0.001734  0.091374  -0.004997  0.925112  0.373488  -0.068375  -0.366674  0.925536  0.094513  0.098583  -0.062364  0.993173  -0.010615  -0.013396  -0.013629  0.025517  0.115501  2.061364  2.000000  
142.354687 0.001727  0.091361  -0.005018  0.924279  0.375558  -0.068297  -0.368768  0.924722  0.094332  0.098583  -0.062003  0.993195  -0.010112  -0.012981  -0.013967  0.009381  0.093965  2.053235  2.000000  
142.355942 0.001721  0.091347  -0.005040  0.923454  0.377619  -0.068098  -0.370865  0.923907  0.094100  0.098450  -0.061642  0.993231  -0.009379  -0.012536  -0.014396  -0.004590  0.061023  2.040313  2.000000  
142.356945 0.001717  0.091335  -0.005057  0.922777  0.379306  -0.067892  -0.372581  0.923232  0.093953  0.098317  -0.061402  0.993259  -0.008750  -0.012257  -0.014743  -0.013660  0.039732  2.024987  2.000000  
142.358192 0.001714  0.091322  -0.005078  0.921943  0.381364  -0.067695  -0.374674  0.922408  0.093720  0.098184  -0.061041  0.993294  -0.007970  -0.011995  -0.015133  -0.029426  0.013063  2.023383  2.000000  
142.359195 0.001713  0.091312  -0.005095  0.921259  0.383048  -0.067491  -0.376387  0.921725  0.093572  0.098050  -0.060801  0.993322  -0.007196  -0.011722  -0.015503  -0.033230  -0.004514  2.022058  2.000000  
142.360447 0.001711  0.091300  -0.005115  0.920585  0.384716  -0.067211  -0.378103  0.921054  0.093260  0.097784  -0.060441  0.993371  -0.006261  -0.011447  -0.015878  -0.047318  -0.025247  1.999785  2.000000  
142.361695 0.001709  0.091288  -0.005136  0.919973  0.386200  -0.067075  -0.379624  0.920456  0.092985  0.097651  -0.060081  0.993406  -0.005378  -0.011118  -0.016107  -0.059204  -0.040056  1.957290  2.000000  
142.362941 0.001708  0.091277  -0.005157  0.919280  0.387874  -0.066921  -0.381333  0.919776  0.092724  0.097518  -0.059720  0.993440  -0.004485  -0.010732  -0.016357  -0.068002  -0.051735  1.926873  2.000000  
142.364191 0.001709  0.091268  -0.005177  0.918663  0.389356  -0.066788  -0.382851  0.919173  0.092448  0.097385  -0.059359  0.993475  -0.003642  -0.010326  -0.016466  -0.079814  -0.066464  1.884952  2.000000  
142.365446 0.001709  0.091260  -0.005197  0.917964  0.391027  -0.066636  -0.384558  0.918486  0.092186  0.097251  -0.058998  0.993510  -0.002908  -0.009895  -0.016573  -0.086835  -0.087112  1.871278  2.000000  
142.366449 0.001710  0.091253  -0.005214  0.917421  0.392319  -0.066523  -0.385885  0.917958  0.091897  0.097118  -0.058638  0.993544  -0.002388  -0.009568  -0.016668  -0.096735  -0.103286  1.849282  2.000000  
142.367690 0.001710  0.091246  -0.005235  0.916808  0.393792  -0.066270  -0.387406  0.917350  0.091569  0.096852  -0.058278  0.993591  -0.001825  -0.009086  -0.016669  -0.103396  -0.123455  1.820827  2.000000  
142.368939 0.001710  0.091239  -0.005255  0.916260  0.395074  -0.066207  -0.388732  0.916829  0.091168  0.096719  -0.057796  0.993632  -0.001356  -0.008622  -0.016645  -0.116153  -0.133273  1.772252  2.000000  
142.370187 0.001710  0.091233  -0.005276  0.915619  0.396559  -0.066201  -0.390240  0.916211  0.090943  0.096719  -0.057435  0.993653  -0.001003  -0.008153  -0.016649  -0.121112  -0.134809  1.736798  2.000000  
142.371191 0.001709  0.091227  -0.005294  0.915148  0.397660  -0.066112  -0.391376  0.915756  0.090639  0.096586  -0.057074  0.993687  -0.000691  -0.007726  -0.016634  -0.130219  -0.141810  1.709327  2.000000  
142.372437 0.001706  0.091219  -0.005316  0.914583  0.398955  -0.066126  -0.392694  0.915215  0.090401  0.096586  -0.056712  0.993708  -0.000676  -0.007396  -0.016663  -0.135016  -0.147825  1.674899  2.000000  
142.373452 0.001703  0.091213  -0.005333  0.914178  0.399873  -0.066178  -0.393636  0.914837  0.090137  0.096586  -0.056351  0.993728  -0.000702  -0.007117  -0.016696  -0.141578  -0.150051  1.646865  2.000000  
142.374690 0.001699  0.091204  -0.005355  0.913703  0.400971  -0.066091  -0.394770  0.914378  0.089833  0.096452  -0.055990  0.993762  -0.000878  -0.006847  -0.016837  -0.145476  -0.160309  1.605141  2.000000  
142.375691 0.001693  0.091196  -0.005374  0.913297  0.401896  -0.066096  -0.395710  0.913987  0.089679  0.096452  -0.055749  0.993775  -0.001161  -0.006708  -0.016982  -0.148002  -0.167238  1.578022  2.000000  
142.376942 0.001686  0.091187  -0.005396  0.912807  0.403001  -0.066132  -0.396838  0.913522  0.089428  0.096452  -0.055387  0.993795  -0.001566  -0.006641  -0.017115  -0.151748  -0.168234  1.521554  2.000000  
142.378191 0.001677  0.091177  -0.005418  0.912234  0.404301  -0.066101  -0.398153  0.912962  0.089302  0.096452  -0.055146  0.993809  -0.002129  -0.006543  -0.017175  -0.152495  -0.165241  1.488477  2.000000  
142.379195 0.001670  0.091170  -0.005435  0.911824  0.405225  -0.066107  -0.399092  0.912567  0.089149  0.096452  -0.054905  0.993822  -0.002650  -0.006543  -0.017213  -0.155077  -0.162862  1.445770  2.000000  
142.380444 0.001659  0.091160  -0.005457  0.911401  0.406146  -0.066285  -0.400025  0.912179  0.088938  0.096586  -0.054543  0.993829  -0.003376  -0.006619  -0.017293  -0.156297  -0.154487  1.390966  2.000000  
142.381694 0.001646  0.091151  -0.005479  0.910906  0.407257  -0.066274  -0.401150  0.911698  0.088799  0.096586  -0.054301  0.993842  -0.004325  -0.006758  -0.017392  -0.157810  -0.146846  1.352793  2.000000  
142.382941 0.001632  0.091141  -0.005500  0.910410  0.408359  -0.066313  -0.402275  0.911227  0.088549  0.096586  -0.053940  0.993862  -0.005290  -0.006909  -0.017423  -0.161125  -0.143863  1.302224  2.000000  
142.384192 0.001617  0.091133  -0.005521  0.909912  0.409460  -0.066352  -0.403399  0.910754  0.088299  0.096586  -0.053578  0.993882  -0.006229  -0.006996  -0.017433  -0.164500  -0.141385  1.267877  2.000000  
142.385438 0.001601  0.091124  -0.005541  0.909485  0.410379  -0.066532  -0.404331  0.910361  0.088090  0.096719  -0.053216  0.993888  -0.007271  -0.007138  -0.017370  -0.168560  -0.129565  1.227249  2.000000  
142.386451 0.001587  0.091118  -0.005557  0.909235  0.410925  -0.066578  -0.404892  0.910129  0.087911  0.096719  -0.052975  0.993901  -0.008183  -0.007185  -0.017260  -0.172584  -0.126869  1.185823  2.000000  
142.387690 0.001568  0.091109  -0.005576  0.908817  0.411838  -0.066637  -0.405828  0.909737  0.087648  0.096719  -0.052613  0.993920  -0.009127  -0.007225  -0.017067  -0.176812  -0.115114  1.145292  2.000000  
142.388939 0.001549  0.091100  -0.005594  0.908399  0.412742  -0.066747  -0.406763  0.909355  0.087275  0.096719  -0.052131  0.993946  -0.010196  -0.007318  -0.016804  -0.181542  -0.108106  1.116088  2.000000  
142.390191 0.001528  0.091089  -0.005612  0.908064  0.413466  -0.066825  -0.407511  0.909047  0.087000  0.096719  -0.051769  0.993965  -0.011253  -0.007456  -0.016522  -0.185570  -0.100905  1.075134  2.000000  
142.391441 0.001505  0.091077  -0.005629  0.907728  0.414198  -0.066854  -0.408259  0.908727  0.086834  0.096719  -0.051528  0.993977  -0.012258  -0.007580  -0.016115  -0.185026  -0.089769  1.041683  2.000000  
142.392449 0.001486  0.091067  -0.005643  0.907476  0.414743  -0.066901  -0.408819  0.908492  0.086655  0.096719  -0.051287  0.993990  -0.013218  -0.007765  -0.015813  -0.187108  -0.083925  1.021562  2.000000  
142.393455 0.001468  0.091056  -0.005655  0.907307  0.415101  -0.066966  -0.409193  0.908342  0.086462  0.096719  -0.051046  0.994002  -0.013980  -0.007963  -0.015442  -0.189265  -0.077105  0.981711  2.000000  
142.394694 0.001443  0.091042  -0.005671  0.906958  0.415839  -0.067117  -0.409935  0.908018  0.086352  0.096852  -0.050804  0.994001  -0.014970  -0.008355  -0.015101  -0.188605  -0.065950  0.948148  2.000000  
142.395695 0.001424  0.091030  -0.005682  0.906705  0.416383  -0.067165  -0.410495  0.907782  0.086173  0.096852  -0.050563  0.994014  -0.015591  -0.008584  -0.014693  -0.187272  -0.059658  0.920888  2.000000  
142.396941 0.001400  0.091014  -0.005698  0.906439  0.416934  -0.067334  -0.411049  0.907543  0.086049  0.096985  -0.050321  0.994013  -0.016334  -0.008995  -0.014271  -0.186585  -0.048527  0.887175  2.000000  
142.398192 0.001374  0.090998  -0.005712  0.906185  0.417478  -0.067382  -0.411609  0.907306  0.085871  0.096985  -0.050080  0.994025  -0.017088  -0.009455  -0.013805  -0.185278  -0.042278  0.860054  2.000000  
142.399444 0.001349  0.090982  -0.005726  0.906004  0.417849  -0.067518  -0.411977  0.907142  0.085843  0.097118  -0.049959  0.994018  -0.017744  -0.009999  -0.013374  -0.177023  -0.030793  0.819061  2.000000  
142.400690 0.001324  0.090965  -0.005739  0.905834  0.418206  -0.067584  -0.412350  0.906990  0.085651  0.097118  -0.049717  0.994030  -0.018324  -0.010591  -0.012877  -0.176296  -0.028695  0.784662  2.000000  
142.401938 0.001299  0.090949  -0.005752  0.905664  0.418563  -0.067651  -0.412723  0.906839  0.085459  0.097118  -0.049476  0.994042  -0.018817  -0.011121  -0.012454  -0.173529  -0.022312  0.751243  2.000000  
142.402940 0.001278  0.090935  -0.005762  0.905483  0.418934  -0.067787  -0.413090  0.906674  0.085432  0.097251  -0.049355  0.994035  -0.019103  -0.011487  -0.012136  -0.170105  -0.015991  0.723271  2.000000  
142.404192 0.001253  0.090919  -0.005773  0.905312  0.419291  -0.067854  -0.413463  0.906522  0.085240  0.097251  -0.049114  0.994047  -0.019446  -0.011904  -0.011672  -0.168793  -0.009827  0.696155  2.000000  
142.405441 0.001227  0.090902  -0.005784  0.905227  0.419461  -0.067938  -0.413649  0.906457  0.085034  0.097251  -0.048873  0.994059  -0.019785  -0.012334  -0.011206  -0.166037  -0.008101  0.663211  2.000000  
142.406691 0.001202  0.090886  -0.005794  0.905142  0.419640  -0.067971  -0.413836  0.906381  0.084938  0.097251  -0.048752  0.994065  -0.019927  -0.012574  -0.010742  -0.163251  -0.005843  0.627319  2.000000  
142.407692 0.001181  0.090872  -0.005802  0.905057  0.419810  -0.068056  -0.414022  0.906315  0.084732  0.097251  -0.048511  0.994077  -0.020079  -0.012798  -0.010423  -0.167941  -0.004613  0.601676  2.000000  
142.408697 0.001161  0.090859  -0.005809  0.904972  0.419988  -0.068089  -0.414208  0.906239  0.084636  0.097251  -0.048390  0.994083  -0.020134  -0.012959  -0.009984  -0.165171  -0.002359  0.565295  2.000000  
142.409942 0.001136  0.090843  -0.005817  0.904886  0.420158  -0.068174  -0.414394  0.906173  0.084431  0.097251  -0.048149  0.994094  -0.020222  -0.013101  -0.009535  -0.165967  -0.005605  0.540593  2.000000  
142.410942 0.001116  0.090830  -0.005824  0.904801  0.420337  -0.068207  -0.414581  0.906096  0.084335  0.097251  -0.048029  0.994100  -0.020225  -0.013123  -0.009203  -0.164409  -0.004095  0.512736  2.000000  
142.411947 0.001097  0.090817  -0.005830  0.904801  0.420328  -0.068258  -0.414581  0.906106  0.084225  0.097251  -0.047908  0.994106  -0.020174  -0.013197  -0.008764  -0.165032  -0.002269  0.482547  2.000000  
142.413191 0.001073  0.090801  -0.005837  0.904704  0.420512  -0.068413  -0.414762  0.906027  0.084184  0.097385  -0.047787  0.994099  -0.020060  -0.013159  -0.008318  -0.160307  0.004099  0.448681  2.000000  
142.414192 0.001055  0.090788  -0.005842  0.904618  0.420691  -0.068447  -0.414948  0.905951  0.084089  0.097385  -0.047666  0.994105  -0.019893  -0.013121  -0.007837  -0.156853  0.005187  0.424277  2.000000  
142.415444 0.001033  0.090772  -0.005849  0.904533  0.420869  -0.068480  -0.415134  0.905875  0.083993  0.097385  -0.047546  0.994110  -0.019677  -0.013093  -0.007448  -0.153327  0.002585  0.393168  2.000000  
142.416693 0.001012  0.090756  -0.005856  0.904448  0.421047  -0.068514  -0.415320  0.905798  0.083897  0.097385  -0.047425  0.994116  -0.019416  -0.013069  -0.007066  -0.147175  0.003721  0.372500  2.000000  
142.417939 0.000992  0.090739  -0.005864  0.904436  0.421044  -0.068686  -0.415315  0.905806  0.083843  0.097518  -0.047304  0.994109  -0.019091  -0.013072  -0.006813  -0.140549  0.009606  0.342444  2.000000  
142.418939 0.000976  0.090726  -0.005870  0.904350  0.421223  -0.068720  -0.415501  0.905729  0.083747  0.097518  -0.047183  0.994115  -0.018784  -0.013086  -0.006599  -0.135590  0.010801  0.324678  2.000000  
142.420187 0.000957  0.090710  -0.005878  0.904253  0.421415  -0.068824  -0.415682  0.905640  0.083817  0.097651  -0.047183  0.994102  -0.018385  -0.013090  -0.006420  -0.124316  0.016244  0.301742  2.000000  
142.421189 0.000943  0.090697  -0.005884  0.904167  0.421593  -0.068857  -0.415868  0.905563  0.083721  0.097651  -0.047062  0.994107  -0.017899  -0.013007  -0.006220  -0.121594  0.016974  0.288064  2.000000  
142.422189 0.000929  0.090685  -0.005890  0.904081  0.421771  -0.068891  -0.416054  0.905487  0.083625  0.097651  -0.046942  0.994113  -0.017474  -0.012962  -0.006153  -0.118904  0.017704  0.274461  2.000000  
142.423452 0.000913  0.090670  -0.005899  0.904070  0.421777  -0.069012  -0.416049  0.905484  0.083681  0.097784  -0.046941  0.994100  -0.016835  -0.012801  -0.006070  -0.112787  0.023199  0.254178  2.000000  
142.424694 0.000898  0.090656  -0.005907  0.903984  0.421955  -0.069046  -0.416235  0.905407  0.083585  0.097784  -0.046820  0.994106  -0.016120  -0.012686  -0.006064  -0.108227  0.020307  0.228506  2.000000  
142.425696 0.000886  0.090644  -0.005913  0.903898  0.422141  -0.069029  -0.416421  0.905320  0.083600  0.097784  -0.046820  0.994106  -0.015600  -0.012632  -0.006060  -0.105510  0.020998  0.214775  2.000000  
142.426941 0.000872  0.090630  -0.005921  0.903801  0.422333  -0.069133  -0.416601  0.905231  0.083669  0.097917  -0.046820  0.994093  -0.014974  -0.012435  -0.006055  -0.098676  0.021696  0.201013  2.000000  
142.428191 0.000860  0.090618  -0.005928  0.903703  0.422517  -0.069287  -0.416782  0.905151  0.083630  0.098050  -0.046699  0.994085  -0.014173  -0.012211  -0.006112  -0.094473  0.026340  0.192740  2.000000  
142.429193 0.000850  0.090608  -0.005934  0.903617  0.422703  -0.069270  -0.416968  0.905064  0.083644  0.098050  -0.046699  0.994085  -0.013606  -0.012003  -0.006104  -0.091853  0.022415  0.187261  2.000000  
142.430194 0.000841  0.090598  -0.005939  0.903519  0.422895  -0.069374  -0.417148  0.904975  0.083714  0.098184  -0.046698  0.994072  -0.013020  -0.011808  -0.006075  -0.084358  0.027263  0.180588  2.000000  
142.431443 0.000831  0.090586  -0.005945  0.903421  0.423087  -0.069477  -0.417329  0.904885  0.083784  0.098317  -0.046697  0.994059  -0.012369  -0.011567  -0.006029  0.000000  0.000000  0.000000  2.000000  
142.432693 0.000822  0.090574  -0.005952  0.903324  0.423279  -0.069581  -0.417509  0.904795  0.083854  0.098450  -0.046697  0.994046  -0.011544  -0.011217  -0.005992  0.000000  0.000000  0.000000  2.000000  
142.434028 0.000813  0.090561  -0.005959  0.903214  0.423477  -0.069805  -0.417684  0.904703  0.083980  0.098716  -0.046696  0.994019  -0.010740  -0.010886  -0.005909  0.000000  0.000000  0.000000  2.000000  
142.435193 0.000805  0.090549  -0.005966  0.903202  0.423482  -0.069926  -0.417679  0.904700  0.084036  0.098849  -0.046695  0.994006  -0.010063  -0.010697  -0.005850  0.000000  0.000000  0.000000  2.000000  
142.436442 0.000798  0.090538  -0.005972  0.903104  0.423674  -0.070029  -0.417859  0.904610  0.084106  0.098982  -0.046694  0.993993  -0.009340  -0.010402  -0.005777  0.000000  0.000000  0.000000  2.000000  
142.437689 0.000791  0.090525  -0.005979  0.902994  0.423872  -0.070253  -0.418034  0.904518  0.084232  0.099249  -0.046693  0.993967  -0.008737  -0.010232  -0.005719  0.000000  0.000000  0.000000  2.000000  
142.438937 0.000786  0.090514  -0.005985  0.902981  0.423886  -0.070322  -0.418028  0.904505  0.084398  0.099382  -0.046813  0.993948  -0.008061  -0.010029  -0.005572  0.000000  0.000000  0.000000  2.000000  
142.439939 0.000782  0.090504  -0.005991  0.902957  0.423897  -0.070564  -0.418017  0.904500  0.084510  0.099648  -0.046812  0.993921  -0.007524  -0.009858  -0.005530  0.000000  0.000000  0.000000  2.000000  
142.440946 0.000778  0.090495  -0.005996  0.902859  0.424098  -0.070615  -0.418197  0.904400  0.084690  0.099781  -0.046932  0.993902  -0.006950  -0.009718  -0.005481  0.000000  0.000000  0.000000  2.000000  
142.442191 0.000773  0.090484  -0.006003  0.902835  0.424109  -0.070857  -0.418186  0.904394  0.084801  0.100048  -0.046930  0.993875  -0.006426  -0.009610  -0.005408  0.000000  0.000000  0.000000  2.000000  
142.443454 0.000769  0.090472  -0.006010  0.902823  0.424123  -0.070926  -0.418181  0.904381  0.084967  0.100181  -0.047050  0.993856  -0.005832  -0.009534  -0.005386  0.000000  0.000000  0.000000  2.000000  
142.444691 0.000764  0.090460  -0.006017  0.902798  0.424143  -0.071116  -0.418169  0.904366  0.085189  0.100447  -0.047170  0.993824  -0.005438  -0.009483  -0.005350  0.000000  0.000000  0.000000  2.000000  
142.445692 0.000760  0.090451  -0.006022  0.902860  0.423969  -0.071375  -0.417972  0.904448  0.085286  0.100713  -0.047168  0.993797  -0.005061  -0.009463  -0.005326  0.000000  0.000000  0.000000  2.000000  
142.446693 0.000757  0.090442  -0.006026  0.902848  0.423983  -0.071444  -0.417966  0.904435  0.085451  0.100846  -0.047288  0.993778  -0.004760  -0.009411  -0.005276  0.000000  0.000000  0.000000  2.000000  
142.447696 0.000753  0.090433  -0.006030  0.902823  0.424003  -0.071634  -0.417955  0.904419  0.085673  0.101113  -0.047407  0.993745  -0.004512  -0.009371  -0.005175  0.000000  0.000000  0.000000  2.000000  
142.448942 0.000748  0.090421  -0.006035  0.902885  0.423837  -0.071841  -0.417758  0.904491  0.085879  0.101379  -0.047527  0.993712  -0.004372  -0.009407  -0.005065  0.000000  0.000000  0.000000  2.000000  
142.449943 0.000743  0.090412  -0.006039  0.902946  0.423671  -0.072049  -0.417561  0.904562  0.086086  0.101645  -0.047646  0.993679  -0.004181  -0.009324  -0.004924  0.000000  0.000000  0.000000  2.000000  
142.451191 0.000738  0.090400  -0.006043  0.902995  0.423511  -0.072377  -0.417358  0.904631  0.086348  0.102044  -0.047765  0.993632  -0.004087  -0.009331  -0.004760  0.000000  0.000000  0.000000  2.000000  
142.452192 0.000733  0.090391  -0.006045  0.902970  0.423532  -0.072567  -0.417346  0.904615  0.086569  0.102310  -0.047884  0.993599  -0.004018  -0.009285  -0.004581  0.000000  0.000000  0.000000  2.000000  
142.453452 0.000728  0.090380  -0.006048  0.903117  0.423180  -0.072793  -0.416963  0.904773  0.086761  0.102577  -0.048003  0.993566  -0.004046  -0.009204  -0.004306  0.000000  0.000000  0.000000  2.000000  
142.454689 0.000722  0.090369  -0.006050  0.903165  0.423020  -0.073122  -0.416759  0.904842  0.087022  0.102976  -0.048121  0.993519  -0.004041  -0.009179  -0.004044  0.000000  0.000000  0.000000  2.000000  
142.455691 0.000717  0.090360  -0.006053  0.903226  0.422845  -0.073381  -0.416562  0.904923  0.087119  0.103242  -0.048120  0.993492  -0.004089  -0.009137  -0.003830  0.000000  0.000000  0.000000  2.000000  
142.456941 0.000711  0.090349  -0.006055  0.903274  0.422685  -0.073710  -0.416359  0.904992  0.087380  0.103641  -0.048239  0.993444  -0.004215  -0.009106  -0.003531  0.000000  0.000000  0.000000  2.000000  
142.458187 0.000705  0.090338  -0.006058  0.903408  0.422339  -0.074057  -0.415969  0.905147  0.087627  0.104041  -0.048357  0.993397  -0.004318  -0.009072  -0.003237  0.000000  0.000000  0.000000  2.000000  
142.459194 0.000699  0.090329  -0.006060  0.903468  0.422174  -0.074265  -0.415772  0.905218  0.087832  0.104307  -0.048476  0.993363  -0.004438  -0.009004  -0.003016  0.000000  0.000000  0.000000  2.000000  
142.460448 0.000693  0.090318  -0.006062  0.903601  0.421828  -0.074613  -0.415382  0.905373  0.088078  0.104706  -0.048595  0.993315  -0.004571  -0.008999  -0.002766  0.059119  0.216451  -0.044300  2.000000  
142.461691 0.000686  0.090307  -0.006065  0.903733  0.421482  -0.074960  -0.414992  0.905528  0.088323  0.105105  -0.048713  0.993267  -0.004718  -0.008981  -0.002609  0.061054  0.226351  -0.064317  2.000000  
142.462694 0.000680  0.090298  -0.006067  0.903780  0.421322  -0.075289  -0.414789  0.905595  0.088584  0.105504  -0.048831  0.993219  -0.004869  -0.008966  -0.002469  0.064201  0.237862  -0.078148  2.000000  
142.463706 0.000674  0.090289  -0.006070  0.903840  0.421157  -0.075498  -0.414591  0.905666  0.088789  0.105770  -0.048951  0.993185  -0.004965  -0.008951  -0.002375  0.067016  0.243642  -0.091900  2.000000  
142.464942 0.000667  0.090277  -0.006073  0.903959  0.420817  -0.075967  -0.414195  0.905818  0.089090  0.106303  -0.049068  0.993122  -0.005083  -0.008946  -0.002291  0.069479  0.257207  -0.104765  2.000000  
142.465944 0.000661  0.090268  -0.006075  0.904019  0.420652  -0.076176  -0.413997  0.905888  0.089294  0.106569  -0.049187  0.993088  -0.005195  -0.008915  -0.002206  0.072097  0.262320  -0.118260  2.000000  
142.466945 0.000655  0.090259  -0.006078  0.904150  0.420306  -0.076524  -0.413607  0.906042  0.089539  0.106968  -0.049306  0.993039  -0.005297  -0.008914  -0.002197  0.074708  0.271958  -0.131547  2.000000  
142.468190 0.000648  0.090248  -0.006080  0.904268  0.419966  -0.076993  -0.413211  0.906193  0.089838  0.107500  -0.049423  0.992976  -0.005384  -0.008947  -0.002214  0.072532  0.282068  -0.151754  2.000000  
142.469443 0.000642  0.090238  -0.006083  0.904386  0.419626  -0.077463  -0.412815  0.906344  0.090137  0.108032  -0.049541  0.992912  -0.005438  -0.008886  -0.002185  0.075095  0.296131  -0.164778  2.000000  
142.470447 0.000636  0.090230  -0.006085  0.904431  0.419467  -0.077793  -0.412610  0.906411  0.090396  0.108431  -0.049659  0.992863  -0.005515  -0.008862  -0.002198  0.077684  0.301349  -0.178312  2.000000  
142.471690 0.000630  0.090220  -0.006087  0.904561  0.419122  -0.078142  -0.412220  0.906565  0.090640  0.108830  -0.049777  0.992813  -0.005471  -0.008769  -0.002180  0.075563  0.308474  -0.190011  2.000000  
142.472939 0.000625  0.090211  -0.006089  0.904593  0.418959  -0.078644  -0.412009  0.906640  0.090844  0.109362  -0.049774  0.992755  -0.005380  -0.008621  -0.002143  0.070711  0.317700  -0.196350  2.000000  
142.473939 0.000621  0.090204  -0.006091  0.904722  0.418614  -0.078994  -0.411619  0.906793  0.091086  0.109761  -0.049893  0.992705  -0.005335  -0.008528  -0.002125  0.073254  0.327276  -0.209517  2.000000  
142.475190 0.000617  0.090196  -0.006093  0.904754  0.418451  -0.079496  -0.411408  0.906868  0.091290  0.110293  -0.049890  0.992646  -0.005155  -0.008333  -0.002064  0.068395  0.336523  -0.215863  2.000000  
142.476192 0.000613  0.090188  -0.006094  0.904869  0.418112  -0.079967  -0.411011  0.907018  0.091587  0.110825  -0.050007  0.992581  -0.005005  -0.008204  -0.002008  0.068153  0.348748  -0.224092  2.000000  
142.477197 0.000610  0.090182  -0.006096  0.904913  0.417943  -0.080348  -0.410806  0.907096  0.091735  0.111224  -0.050005  0.992537  -0.004853  -0.008032  -0.001965  0.063242  0.353490  -0.230650  2.000000  
142.478447 0.000607  0.090174  -0.006098  0.905041  0.417588  -0.080749  -0.410415  0.907260  0.091867  0.111623  -0.050003  0.992492  -0.004578  -0.007808  -0.001927  0.058342  0.358311  -0.237256  2.000000  
142.479694 0.000604  0.090167  -0.006100  0.905071  0.417436  -0.081201  -0.410204  0.907323  0.092179  0.112154  -0.050120  0.992426  -0.004281  -0.007543  -0.001875  0.057764  0.364325  -0.234828  2.000000  
142.480941 0.000602  0.090159  -0.006103  0.905185  0.417086  -0.081723  -0.409807  0.907484  0.092365  0.112686  -0.050117  0.992366  -0.003942  -0.007260  -0.001837  0.053309  0.372220  -0.243410  2.000000  
142.482191 0.000600  0.090152  -0.006105  0.905215  0.416934  -0.082175  -0.409595  0.907548  0.092677  0.113218  -0.050234  0.992299  -0.003598  -0.006986  -0.001844  0.052024  0.378418  -0.247716  2.000000  
142.483192 0.000598  0.090147  -0.006107  0.905257  0.416765  -0.082557  -0.409390  0.907625  0.092824  0.113617  -0.050232  0.992254  -0.003267  -0.006736  -0.001764  0.049058  0.385884  -0.242746  2.000000  
142.484194 0.000597  0.090142  -0.006109  0.905300  0.416607  -0.082889  -0.409185  0.907691  0.093081  0.114016  -0.050350  0.992202  -0.003013  -0.006520  -0.001782  0.048956  0.390295  -0.242398  2.000000  
142.485442 0.000596  0.090136  -0.006111  0.905328  0.416445  -0.083392  -0.408973  0.907766  0.093283  0.114547  -0.050347  0.992141  -0.002664  -0.006248  -0.001723  0.048827  0.394735  -0.242130  2.000000  
142.486689 0.000595  0.090131  -0.006113  0.905357  0.416293  -0.083844  -0.408762  0.907829  0.093594  0.115079  -0.050464  0.992074  -0.002339  -0.005919  -0.001705  0.048713  0.399319  -0.241884  2.000000  
142.487691 0.000595  0.090127  -0.006114  0.905399  0.416124  -0.084226  -0.408556  0.907907  0.093741  0.115478  -0.050462  0.992027  -0.002061  -0.005681  -0.001681  0.045298  0.403405  -0.234710  2.000000  
142.488937 0.000595  0.090123  -0.006116  0.905412  0.415968  -0.084851  -0.408338  0.907978  0.093996  0.116142  -0.050458  0.991950  -0.001741  -0.005378  -0.001644  0.040757  0.409106  -0.232352  2.000000  
142.489938 0.000595  0.090120  -0.006117  0.905454  0.415810  -0.085183  -0.408132  0.908044  0.094253  0.116541  -0.050576  0.991897  -0.001520  -0.005122  -0.001650  0.044711  0.413522  -0.232065  2.000000  
142.490939 0.000595  0.090118  -0.006118  0.905495  0.415641  -0.085565  -0.407927  0.908121  0.094399  0.116939  -0.050573  0.991851  -0.001311  -0.004865  -0.001623  0.041325  0.413173  -0.225205  2.000000  
142.491943 0.000595  0.090115  -0.006119  0.905452  0.415660  -0.085928  -0.407908  0.908113  0.094562  0.117338  -0.050571  0.991804  -0.001070  -0.004511  -0.001571  0.037965  0.417325  -0.218149  2.000000  
142.493191 0.000595  0.090113  -0.006120  0.905479  0.415498  -0.086431  -0.407695  0.908188  0.094763  0.117870  -0.050568  0.991741  -0.000869  -0.004169  -0.001452  0.034864  0.420641  -0.213144  2.000000  
142.494193 0.000595  0.090112  -0.006120  0.905421  0.415522  -0.086915  -0.407669  0.908176  0.094980  0.118401  -0.050565  0.991678  -0.000664  -0.003827  -0.001383  0.031459  0.429177  -0.205729  2.000000  
142.495442 0.000596  0.090111  -0.006121  0.905447  0.415360  -0.087419  -0.407457  0.908251  0.095180  0.118932  -0.050561  0.991614  -0.000466  -0.003424  -0.001235  0.027818  0.429684  -0.196923  2.000000  
142.496444 0.000596  0.090110  -0.006121  0.905403  0.415368  -0.087832  -0.407437  0.908254  0.095233  0.119331  -0.050439  0.991573  -0.000316  -0.003087  -0.001138  0.020425  0.429460  -0.190155  2.000000  
142.497692 0.000596  0.090110  -0.006121  0.905345  0.415392  -0.088316  -0.407411  0.908243  0.095451  0.119862  -0.050435  0.991509  -0.000175  -0.002674  -0.000977  0.017835  0.433111  -0.176217  2.000000  
142.498941 0.000597  0.090109  -0.006121  0.905355  0.415236  -0.088941  -0.407192  0.908315  0.095705  0.120526  -0.050431  0.991428  -0.000039  -0.002201  -0.000806  0.010486  0.436395  -0.170751  2.000000  
142.500191 0.000597  0.090109  -0.006121  0.905296  0.415261  -0.089425  -0.407165  0.908304  0.095923  0.121058  -0.050428  0.991364  0.000048  -0.001812  -0.000723  0.007896  0.435803  -0.157014  2.000000  
142.501438 0.000597  0.090109  -0.006121  0.905237  0.415285  -0.089909  -0.407138  0.908293  0.096140  0.121589  -0.050425  0.991299  0.000081  -0.001514  -0.000605  0.005329  0.439549  -0.142997  2.000000  
142.502447 0.000597  0.090110  -0.006122  0.905262  0.415123  -0.090412  -0.406925  0.908367  0.096339  0.122120  -0.050421  0.991234  0.000139  -0.001175  -0.000552  0.005249  0.443884  -0.142711  2.000000  
142.503452 0.000597  0.090110  -0.006122  0.905217  0.415142  -0.090775  -0.406905  0.908359  0.096503  0.122519  -0.050419  0.991185  0.000143  -0.000928  -0.000463  0.001901  0.439318  -0.136121  2.000000  
