1-Time 2-Px 3-Py 4-Pz 5-R11 6-R21 7-R31 8-R12 9-R22 10-R32 11-R13 12-R23 13-R33 14-Vx 15-Vy 16-Vz 17-Wx 18-Wy 19-Wz 20-state 21-PR11 22-PR21 23-PR31 24-PR12 25-PR22 26-PR32 27-PR13 28-PR23 29-PR33 
111.857513 0.003205  0.092655  -0.012978  0.984748  0.139261  0.104294  -0.145594  0.987772  0.055761  -0.095254  -0.070095  0.992982  0.000068  -0.000015  -0.000213  0.000000  0.000000  0.000000  2.000000  
111.858530 0.003205  0.092655  -0.012978  0.984718  0.139465  0.104306  -0.145797  0.987743  0.055739  -0.095254  -0.070095  0.992982  0.000069  -0.000015  -0.000216  0.000000  0.000000  0.000000  2.000000  
111.859532 0.003205  0.092654  -0.012979  0.984542  0.140450  0.104643  -0.146807  0.987595  0.055713  -0.095520  -0.070214  0.992948  0.000067  -0.000090  -0.000253  0.000000  0.000000  0.000000  2.000000  
111.860769 0.003205  0.092652  -0.012980  0.984223  0.141995  0.105557  -0.148417  0.987357  0.055661  -0.096319  -0.070449  0.992854  0.000043  -0.000214  -0.000301  0.000000  0.000000  0.000000  2.000000  
111.862016 0.003206  0.092649  -0.012981  0.983962  0.143133  0.106449  -0.149621  0.987176  0.055650  -0.097118  -0.070684  0.992760  0.000066  -0.000412  -0.000395  0.000000  0.000000  0.000000  2.000000  
111.863263 0.003206  0.092646  -0.012982  0.983761  0.143851  0.107335  -0.150419  0.987046  0.055801  -0.097917  -0.071040  0.992656  0.000075  -0.000628  -0.000408  0.000000  0.000000  0.000000  2.000000  
111.864264 0.003207  0.092644  -0.012983  0.983593  0.144831  0.107558  -0.151430  0.986886  0.055910  -0.098050  -0.071280  0.992625  0.000132  -0.000726  -0.000445  0.030838  -0.093956  0.179796  2.000000  
111.865268 0.003207  0.092643  -0.012982  0.983437  0.145808  0.107669  -0.152442  0.986716  0.056158  -0.098050  -0.071641  0.992599  0.000135  -0.000757  -0.000385  0.035625  -0.096403  0.214028  2.000000  
111.866515 0.003207  0.092643  -0.012981  0.983152  0.147583  0.107845  -0.154264  0.986416  0.056437  -0.098050  -0.072123  0.992565  0.000173  -0.000786  -0.000319  0.045907  -0.100897  0.275868  2.000000  
111.867780 0.003208  0.092642  -0.012980  0.982826  0.149330  0.108415  -0.156079  0.986119  0.056653  -0.098450  -0.072602  0.992490  0.000226  -0.000848  -0.000228  0.056075  -0.118778  0.336463  2.000000  
111.869013 0.003211  0.092642  -0.012979  0.982483  0.151065  0.109117  -0.157892  0.985819  0.056846  -0.098982  -0.073079  0.992402  0.000399  -0.000882  -0.000099  0.066273  -0.141347  0.397213  2.000000  
111.870267 0.003214  0.092642  -0.012974  0.982097  0.152784  0.110195  -0.159697  0.985528  0.056853  -0.099914  -0.073433  0.992283  0.000626  -0.000849  0.000241  0.072245  -0.181744  0.456339  2.000000  
111.871269 0.003218  0.092644  -0.012968  0.981733  0.154521  0.111012  -0.161505  0.985230  0.056900  -0.100580  -0.073790  0.992189  0.000883  -0.000735  0.000682  0.077522  -0.209193  0.523270  2.000000  
111.872520 0.003223  0.092645  -0.012958  0.981251  0.156855  0.111995  -0.163917  0.984835  0.056853  -0.101379  -0.074145  0.992081  0.001186  -0.000672  0.001386  0.080717  -0.240258  0.598879  2.000000  
111.873766 0.003226  0.092645  -0.012950  0.980810  0.158995  0.112835  -0.166127  0.984464  0.056846  -0.102044  -0.074500  0.991986  0.001399  -0.000660  0.001883  0.085872  -0.270229  0.677563  2.000000  
111.874767 0.003229  0.092645  -0.012944  0.980508  0.160569  0.113230  -0.167738  0.984191  0.056854  -0.102310  -0.074739  0.991941  0.001637  -0.000581  0.002373  0.088449  -0.283264  0.731750  2.000000  
111.875771 0.003232  0.092643  -0.012939  0.980204  0.162129  0.113644  -0.169348  0.983908  0.056981  -0.102577  -0.075098  0.991886  0.001821  -0.000517  0.002811  0.095086  -0.296354  0.785898  2.000000  
111.877016 0.003235  0.092640  -0.012934  0.979826  0.164079  0.114102  -0.171360  0.983548  0.057178  -0.102843  -0.075577  0.991822  0.001983  -0.000503  0.003240  0.104427  -0.310570  0.853883  2.000000  
111.878018 0.003238  0.092636  -0.012932  0.979537  0.165410  0.114656  -0.172765  0.983288  0.057421  -0.103242  -0.076055  0.991744  0.002159  -0.000654  0.003385  0.115735  -0.327746  0.900815  2.000000  
111.879329 0.003243  0.092630  -0.012932  0.979075  0.167517  0.115541  -0.174971  0.982885  0.057641  -0.103907  -0.076651  0.991629  0.002456  -0.000904  0.003401  0.128070  -0.359901  0.972614  2.000000  
111.880521 0.003250  0.092624  -0.012934  0.978594  0.169611  0.116557  -0.177172  0.982479  0.057833  -0.104706  -0.077246  0.991499  0.002938  -0.001269  0.003218  0.136560  -0.393329  1.047504  2.000000  
111.881768 0.003256  0.092617  -0.012937  0.978181  0.171299  0.117551  -0.178970  0.982139  0.058070  -0.105504  -0.077841  0.991368  0.003230  -0.001728  0.002941  0.150273  -0.425210  1.107282  2.000000  
111.882769 0.003261  0.092609  -0.012940  0.977867  0.172615  0.118240  -0.180369  0.981871  0.058280  -0.106036  -0.078317  0.991273  0.003524  -0.002210  0.002727  0.161374  -0.446951  1.153727  2.000000  
111.884014 0.003267  0.092598  -0.012944  0.977512  0.174105  0.118984  -0.181969  0.981550  0.058703  -0.106569  -0.079034  0.991159  0.003768  -0.002953  0.002274  0.179269  -0.470069  1.214290  2.000000  
111.885015 0.003273  0.092588  -0.012948  0.977245  0.175228  0.119533  -0.183169  0.981312  0.058959  -0.106968  -0.079512  0.991078  0.003966  -0.003661  0.001740  0.191094  -0.486846  1.254145  2.000000  
111.886017 0.003278  0.092578  -0.012953  0.976990  0.176361  0.119952  -0.184370  0.981070  0.059238  -0.107234  -0.079990  0.991011  0.004007  -0.004354  0.001086  0.203010  -0.499212  1.294471  2.000000  
111.887271 0.003282  0.092564  -0.012959  0.976709  0.177676  0.120296  -0.185775  0.980774  0.059754  -0.107367  -0.080710  0.990938  0.004009  -0.005529  -0.000065  0.222541  -0.512264  1.341566  2.000000  
111.888521 0.003286  0.092548  -0.012965  0.976475  0.178581  0.120857  -0.186773  0.980560  0.060150  -0.107766  -0.081308  0.990846  0.004039  -0.006540  -0.001041  0.237965  -0.524102  1.357172  2.000000  
111.889531 0.003290  0.092535  -0.012972  0.976253  0.179510  0.121266  -0.187772  0.980351  0.060451  -0.108032  -0.081786  0.990778  0.004089  -0.007390  -0.001841  0.249651  -0.524357  1.356577  2.000000  
111.890769 0.003295  0.092519  -0.012980  0.975978  0.180629  0.121819  -0.188970  0.980105  0.060701  -0.108431  -0.082263  0.990694  0.004221  -0.008262  -0.002699  0.261080  -0.509714  1.348419  2.000000  
111.892017 0.003300  0.092503  -0.012988  0.975740  0.181561  0.122338  -0.189966  0.979903  0.060856  -0.108830  -0.082620  0.990621  0.004332  -0.009246  -0.003691  0.260855  -0.491707  1.342590  2.000000  
111.893266 0.003304  0.092486  -0.012996  0.975516  0.182488  0.122749  -0.190965  0.979690  0.061155  -0.109096  -0.083098  0.990552  0.004388  -0.010001  -0.004350  0.267741  -0.483763  1.349926  2.000000  
111.894267 0.003307  0.092474  -0.013003  0.975369  0.183027  0.123113  -0.191561  0.979559  0.061384  -0.109362  -0.083456  0.990492  0.004275  -0.010498  -0.004723  0.268938  -0.487734  1.335837  2.000000  
111.895268 0.003310  0.092461  -0.013011  0.975290  0.183385  0.123205  -0.191963  0.979461  0.061690  -0.109362  -0.083817  0.990462  0.004074  -0.011084  -0.005187  0.272153  -0.482985  1.310895  2.000000  
111.896520 0.003313  0.092444  -0.013021  0.975171  0.183916  0.123355  -0.192565  0.979310  0.062208  -0.109362  -0.084417  0.990411  0.003831  -0.011705  -0.005690  0.279358  -0.479532  1.273827  2.000000  
111.897769 0.003315  0.092427  -0.013032  0.975052  0.184460  0.123483  -0.193167  0.979166  0.062607  -0.109362  -0.084898  0.990370  0.003535  -0.012209  -0.006202  0.284593  -0.464687  1.230227  2.000000  
111.899018 0.003316  0.092410  -0.013045  0.974932  0.185005  0.123611  -0.193770  0.979022  0.063006  -0.109362  -0.085378  0.990328  0.003230  -0.012580  -0.006743  0.291411  -0.438265  1.193894  2.000000  
111.900269 0.003317  0.092391  -0.013061  0.974784  0.185527  0.124000  -0.194366  0.978881  0.063352  -0.109628  -0.085856  0.990258  0.002838  -0.013034  -0.007509  0.296661  -0.416637  1.140552  2.000000  
111.901514 0.003316  0.092369  -0.013081  0.974649  0.186060  0.124260  -0.194965  0.978738  0.063725  -0.109761  -0.086336  0.990201  0.002416  -0.013536  -0.008419  0.306095  -0.392423  1.091268  2.000000  
111.902524 0.003314  0.092352  -0.013099  0.974540  0.186395  0.124613  -0.195361  0.978642  0.063978  -0.110027  -0.086693  0.990141  0.002077  -0.013950  -0.009304  0.314536  -0.373035  1.039551  2.000000  
111.903771 0.003311  0.092328  -0.013121  0.974364  0.187114  0.124909  -0.196160  0.978452  0.064442  -0.110160  -0.087293  0.990073  0.001559  -0.014496  -0.010326  0.327546  -0.356258  0.992658  2.000000  
111.905018 0.003308  0.092306  -0.013144  0.974243  0.187658  0.125040  -0.196762  0.978305  0.064840  -0.110160  -0.087773  0.990031  0.001085  -0.014883  -0.011252  0.332424  -0.342082  0.951098  2.000000  
111.906018 0.003306  0.092289  -0.013163  0.974176  0.188011  0.125028  -0.197166  0.978194  0.065289  -0.110027  -0.088255  0.990003  0.000683  -0.015152  -0.012088  0.344988  -0.322845  0.905363  2.000000  
111.907265 0.003303  0.092269  -0.013185  0.974110  0.188365  0.125017  -0.197570  0.978082  0.065739  -0.109894  -0.088736  0.989974  0.000159  -0.015384  -0.013058  0.345782  -0.304505  0.864956  2.000000  
111.908268 0.003300  0.092254  -0.013202  0.973987  0.188908  0.125149  -0.198172  0.977934  0.066136  -0.109894  -0.089216  0.989931  -0.000278  -0.015560  -0.013921  0.350766  -0.285422  0.819798  2.000000  
111.909531 0.003298  0.092235  -0.013225  0.973824  0.189653  0.125296  -0.198974  0.977746  0.066507  -0.109894  -0.089697  0.989888  -0.000764  -0.015749  -0.014777  0.350795  -0.257991  0.779622  2.000000  
111.910766 0.003294  0.092216  -0.013247  0.973645  0.190400  0.125549  -0.199772  0.977567  0.066733  -0.110027  -0.090056  0.989840  -0.001126  -0.015868  -0.015479  0.346931  -0.228981  0.733177  2.000000  
111.911770 0.003292  0.092201  -0.013265  0.973480  0.191160  0.125674  -0.200574  0.977386  0.066985  -0.110027  -0.090416  0.989808  -0.001489  -0.016014  -0.016270  0.344906  -0.209628  0.714043  2.000000  
111.912771 0.003289  0.092187  -0.013284  0.973342  0.191721  0.125891  -0.201172  0.977254  0.067118  -0.110160  -0.090655  0.989771  -0.001777  -0.016061  -0.016869  0.338677  -0.194643  0.694366  2.000000  
111.914016 0.003285  0.092170  -0.013306  0.973217  0.192279  0.126003  -0.201774  0.977111  0.067396  -0.110160  -0.091015  0.989738  -0.002108  -0.015970  -0.017414  0.330108  -0.174210  0.661710  2.000000  
111.915020 0.003282  0.092158  -0.013323  0.973107  0.192863  0.125961  -0.202378  0.976973  0.067582  -0.110027  -0.091256  0.989730  -0.002390  -0.015790  -0.017759  0.324849  -0.158612  0.635259  2.000000  
111.916269 0.003278  0.092143  -0.013344  0.972913  0.193835  0.125972  -0.203382  0.976747  0.067835  -0.109894  -0.091618  0.989712  -0.002567  -0.015363  -0.017844  0.314154  -0.144363  0.622779  2.000000  
111.917514 0.003273  0.092127  -0.013366  0.972745  0.194593  0.126099  -0.204183  0.976562  0.068086  -0.109894  -0.091978  0.989678  -0.002718  -0.014980  -0.017809  0.308198  -0.133961  0.611583  2.000000  
111.918514 0.003271  0.092116  -0.013382  0.972604  0.195139  0.126341  -0.204781  0.976419  0.068336  -0.110027  -0.092337  0.989630  -0.002733  -0.014467  -0.017737  0.304788  -0.129184  0.605127  2.000000  
111.919528 0.003268  0.092105  -0.013399  0.972421  0.195900  0.126574  -0.205579  0.976244  0.068442  -0.110160  -0.092575  0.989593  -0.002737  -0.013921  -0.017596  0.297285  -0.124344  0.598579  2.000000  
111.920779 0.003266  0.092091  -0.013420  0.972237  0.196645  0.126832  -0.206376  0.976060  0.068665  -0.110293  -0.092934  0.989545  -0.002695  -0.013377  -0.017451  0.297715  -0.114827  0.583581  2.000000  
111.922018 0.003265  0.092079  -0.013442  0.972009  0.197576  0.127128  -0.207374  0.975827  0.068981  -0.110426  -0.093413  0.989485  -0.002574  -0.012870  -0.017388  0.297630  -0.106177  0.584448  2.000000  
111.923268 0.003265  0.092066  -0.013463  0.971781  0.198522  0.127400  -0.208371  0.975600  0.069177  -0.110559  -0.093771  0.989436  -0.002381  -0.012489  -0.017413  0.293403  -0.097467  0.585202  2.000000  
111.924516 0.003266  0.092055  -0.013487  0.971595  0.199251  0.127684  -0.209168  0.975406  0.069517  -0.110692  -0.094250  0.989376  -0.002125  -0.011981  -0.017527  0.293472  -0.098141  0.593986  2.000000  
111.925522 0.003267  0.092046  -0.013506  0.971407  0.199995  0.127943  -0.209965  0.975218  0.069739  -0.110825  -0.094609  0.989327  -0.001853  -0.011516  -0.017567  0.292601  -0.103386  0.600186  2.000000  
111.926770 0.003269  0.092035  -0.013530  0.971205  0.200711  0.128356  -0.210759  0.975025  0.070051  -0.111091  -0.095086  0.989251  -0.001483  -0.011032  -0.017630  0.290124  -0.114158  0.611172  2.000000  
111.928015 0.003272  0.092024  -0.013552  0.970973  0.201640  0.128656  -0.211755  0.974786  0.070363  -0.111224  -0.095564  0.989190  -0.001021  -0.010614  -0.017581  0.289362  -0.119575  0.617644  2.000000  
111.929270 0.003277  0.092014  -0.013573  0.970711  0.202543  0.129214  -0.212745  0.974552  0.070619  -0.111623  -0.096040  0.989099  -0.000481  -0.010189  -0.017475  0.287716  -0.130111  0.630559  2.000000  
111.930536 0.003282  0.092005  -0.013591  0.970506  0.203273  0.129605  -0.213538  0.974365  0.070810  -0.111889  -0.096397  0.989034  0.000190  -0.009734  -0.017281  0.281679  -0.135976  0.643101  2.000000  
111.931768 0.003288  0.091995  -0.013609  0.970286  0.203991  0.130125  -0.214327  0.974180  0.070972  -0.112287  -0.096753  0.988954  0.000773  -0.009389  -0.017061  0.272747  -0.141500  0.649921  2.000000  
111.933016 0.003295  0.091988  -0.013625  0.970080  0.204720  0.130516  -0.215120  0.973992  0.071162  -0.112553  -0.097109  0.988889  0.001518  -0.008926  -0.016761  0.269608  -0.145642  0.650889  2.000000  
111.934269 0.003303  0.091980  -0.013642  0.969858  0.205452  0.131012  -0.215909  0.973814  0.071204  -0.112952  -0.097345  0.988820  0.002339  -0.008444  -0.016469  0.260579  -0.155393  0.656779  2.000000  
111.935518 0.003312  0.091975  -0.013659  0.969651  0.206181  0.131404  -0.216701  0.973624  0.071393  -0.113218  -0.097702  0.988755  0.003041  -0.007954  -0.016183  0.251621  -0.165219  0.662611  2.000000  
111.936519 0.003320  0.091971  -0.013672  0.969532  0.206508  0.131767  -0.217093  0.973519  0.071636  -0.113484  -0.098059  0.988689  0.003637  -0.007545  -0.015935  0.251658  -0.178839  0.661507  2.000000  
111.937526 0.003328  0.091967  -0.013684  0.969353  0.207039  0.132248  -0.217682  0.973382  0.071703  -0.113883  -0.098294  0.988620  0.004253  -0.007078  -0.015551  0.240520  -0.199063  0.671709  2.000000  
111.938530 0.003336  0.091964  -0.013697  0.969234  0.207382  0.132586  -0.218074  0.973285  0.071827  -0.114149  -0.098531  0.988566  0.004791  -0.006679  -0.015205  0.237091  -0.207536  0.663844  2.000000  
111.939530 0.003344  0.091961  -0.013710  0.969099  0.207712  0.133053  -0.218463  0.973191  0.071921  -0.114547  -0.098766  0.988496  0.005289  -0.006251  -0.014766  0.231810  -0.218769  0.650467  2.000000  
111.940768 0.003355  0.091957  -0.013726  0.968919  0.208226  0.133560  -0.219052  0.973045  0.072106  -0.114946  -0.099121  0.988414  0.005910  -0.005745  -0.014216  0.231052  -0.228522  0.641255  2.000000  
111.942018 0.003365  0.091952  -0.013742  0.968723  0.208726  0.134197  -0.219636  0.972902  0.072260  -0.115478  -0.099475  0.988317  0.006417  -0.005341  -0.013769  0.231627  -0.245972  0.632509  2.000000  
111.943268 0.003374  0.091947  -0.013759  0.968572  0.209026  0.134818  -0.220022  0.972801  0.072442  -0.116009  -0.099828  0.988219  0.006774  -0.004972  -0.013424  0.233003  -0.258341  0.617492  2.000000  
111.944517 0.003382  0.091941  -0.013777  0.968376  0.209525  0.135455  -0.220606  0.972658  0.072595  -0.116541  -0.100181  0.988120  0.007010  -0.004733  -0.013344  0.235069  -0.278677  0.610346  2.000000  
111.945520 0.003388  0.091936  -0.013791  0.968284  0.209637  0.135933  -0.220795  0.972597  0.072833  -0.116939  -0.100536  0.988037  0.007088  -0.004591  -0.013354  0.239140  -0.292519  0.593187  2.000000  
111.946527 0.003394  0.091931  -0.013807  0.968148  0.209948  0.136426  -0.221183  0.972493  0.073042  -0.117338  -0.100891  0.987954  0.007226  -0.004386  -0.013438  0.243890  -0.309895  0.584431  2.000000  
111.947767 0.003401  0.091924  -0.013827  0.968010  0.210259  0.136919  -0.221571  0.972389  0.073251  -0.117737  -0.101246  0.987870  0.007222  -0.004336  -0.013685  0.246173  -0.317156  0.563092  2.000000  
111.948768 0.003406  0.091918  -0.013844  0.967934  0.210400  0.137243  -0.221763  0.972334  0.073400  -0.118002  -0.101482  0.987814  0.007129  -0.004329  -0.013889  0.243588  -0.324927  0.548410  2.000000  
111.950014 0.003412  0.091912  -0.013864  0.967842  0.210510  0.137721  -0.221952  0.972273  0.073637  -0.118401  -0.101837  0.987730  0.006937  -0.004341  -0.014108  0.243783  -0.329323  0.522530  2.000000  
111.951021 0.003416  0.091907  -0.013880  0.967750  0.210637  0.138174  -0.222141  0.972221  0.073756  -0.118800  -0.102071  0.987658  0.006708  -0.004396  -0.014363  0.243895  -0.334625  0.505721  2.000000  
111.952267 0.003421  0.091900  -0.013899  0.967642  0.210733  0.138781  -0.222326  0.972163  0.073963  -0.119331  -0.102424  0.987557  0.006370  -0.004504  -0.014548  0.246951  -0.345595  0.476991  2.000000  
111.953268 0.003424  0.091896  -0.013914  0.967550  0.210860  0.139233  -0.222514  0.972111  0.074081  -0.119729  -0.102659  0.987485  0.006053  -0.004566  -0.014679  0.245082  -0.352581  0.455368  2.000000  
111.954271 0.003427  0.091891  -0.013930  0.967457  0.210986  0.139686  -0.222702  0.972059  0.074199  -0.120128  -0.102893  0.987412  0.005639  -0.004701  -0.014902  0.242478  -0.364739  0.440185  2.000000  
111.955520 0.003430  0.091886  -0.013948  0.967364  0.211094  0.140164  -0.222891  0.971997  0.074435  -0.120526  -0.103248  0.987326  0.005090  -0.004790  -0.015049  0.242770  -0.368782  0.415236  2.000000  
111.956521 0.003431  0.091882  -0.013962  0.967287  0.211251  0.140463  -0.223083  0.971951  0.074465  -0.120792  -0.103364  0.987282  0.004638  -0.004804  -0.015147  0.234845  -0.369916  0.398047  2.000000  
111.957767 0.003431  0.091876  -0.013981  0.967239  0.211176  0.140900  -0.223072  0.971942  0.074612  -0.121191  -0.103598  0.987208  0.004061  -0.004878  -0.015244  0.230587  -0.375548  0.362791  2.000000  
111.958770 0.003430  0.091870  -0.013997  0.967162  0.211315  0.141224  -0.223264  0.971887  0.074759  -0.121456  -0.103834  0.987151  0.003509  -0.004938  -0.015410  0.228800  -0.373549  0.342119  2.000000  
111.960018 0.003428  0.091863  -0.014018  0.967068  0.211457  0.141651  -0.223452  0.971844  0.074759  -0.121855  -0.103949  0.987090  0.002775  -0.005013  -0.015616  0.222926  -0.371560  0.321508  2.000000  
111.961267 0.003425  0.091856  -0.014040  0.967020  0.211382  0.142089  -0.223441  0.971835  0.074905  -0.122253  -0.104183  0.987016  0.002070  -0.005085  -0.015768  0.221981  -0.373363  0.293592  2.000000  
111.962529 0.003421  0.091848  -0.014062  0.966973  0.211307  0.142526  -0.223430  0.971826  0.075052  -0.122651  -0.104418  0.986942  0.001344  -0.005099  -0.015903  0.220955  -0.370543  0.266033  2.000000  
111.963767 0.003417  0.091842  -0.014084  0.966924  0.211214  0.142989  -0.223418  0.971808  0.075316  -0.123050  -0.104772  0.986854  0.000707  -0.005103  -0.016040  0.224204  -0.372459  0.238188  2.000000  
111.964770 0.003414  0.091836  -0.014101  0.966892  0.211152  0.143297  -0.223411  0.971796  0.075493  -0.123315  -0.105007  0.986796  0.000095  -0.005130  -0.016084  0.226561  -0.370375  0.217560  2.000000  
111.966016 0.003409  0.091829  -0.014122  0.966814  0.211290  0.143621  -0.223603  0.971741  0.075639  -0.123581  -0.105243  0.986738  -0.000498  -0.005148  -0.016109  0.222235  -0.366035  0.202115  2.000000  
111.967019 0.003405  0.091823  -0.014139  0.966782  0.211210  0.143955  -0.223595  0.971720  0.075934  -0.123846  -0.105599  0.986667  -0.001118  -0.005233  -0.016274  0.228650  -0.363983  0.181654  2.000000  
111.968269 0.003399  0.091815  -0.014161  0.966779  0.210916  0.144402  -0.223385  0.971745  0.076228  -0.124245  -0.105953  0.986579  -0.001819  -0.005401  -0.016445  0.233850  -0.359930  0.156216  2.000000  
111.969270 0.003393  0.091808  -0.014178  0.966747  0.210853  0.144711  -0.223377  0.971733  0.076404  -0.124510  -0.106188  0.986520  -0.002273  -0.005562  -0.016579  0.235440  -0.354072  0.142912  2.000000  
111.970533 0.003387  0.091798  -0.014199  0.966714  0.210790  0.145019  -0.223370  0.971721  0.076580  -0.124776  -0.106424  0.986461  -0.002980  -0.005876  -0.016848  0.233594  -0.347212  0.122652  2.000000  
111.971766 0.003379  0.091789  -0.014220  0.966666  0.210696  0.145482  -0.223359  0.971703  0.076845  -0.125174  -0.106778  0.986372  -0.003550  -0.006162  -0.016966  0.233360  -0.343132  0.108011  2.000000  
111.972769 0.003373  0.091781  -0.014236  0.966633  0.210633  0.145790  -0.223351  0.971690  0.077021  -0.125439  -0.107013  0.986313  -0.003944  -0.006339  -0.017005  0.233670  -0.334925  0.089238  2.000000  
111.974015 0.003365  0.091771  -0.014254  0.966646  0.210369  0.146082  -0.223145  0.971721  0.077227  -0.125705  -0.107249  0.986253  -0.004325  -0.006511  -0.016874  0.234206  -0.325631  0.068561  2.000000  
111.975016 0.003359  0.091764  -0.014267  0.966613  0.210306  0.146390  -0.223137  0.971709  0.077404  -0.125970  -0.107485  0.986194  -0.004588  -0.006593  -0.016656  0.231781  -0.319772  0.055372  2.000000  
111.976018 0.003353  0.091757  -0.014280  0.966597  0.210256  0.146570  -0.223133  0.971694  0.077610  -0.126103  -0.107722  0.986151  -0.004895  -0.006705  -0.016289  0.231264  -0.307558  0.043483  2.000000  
111.977271 0.003345  0.091749  -0.014294  0.966610  0.209992  0.146862  -0.222927  0.971724  0.077816  -0.126369  -0.107958  0.986091  -0.005167  -0.006768  -0.015762  0.228873  -0.301683  0.030205  2.000000  
111.978529 0.003337  0.091741  -0.014308  0.966577  0.209929  0.147170  -0.222919  0.971712  0.077993  -0.126634  -0.108193  0.986031  -0.005392  -0.006836  -0.015132  0.226388  -0.295664  0.016921  2.000000  
111.979531 0.003331  0.091734  -0.014319  0.966544  0.209865  0.147478  -0.222911  0.971700  0.078169  -0.126899  -0.108429  0.985971  -0.005584  -0.006880  -0.014725  0.227189  -0.290430  0.010495  2.000000  
111.980768 0.003324  0.091727  -0.014331  0.966557  0.209583  0.147795  -0.222705  0.971721  0.078494  -0.127165  -0.108784  0.985898  -0.005702  -0.006895  -0.014224  0.227092  -0.286720  -0.003237  2.000000  
111.981770 0.003319  0.091722  -0.014341  0.966523  0.209536  0.148078  -0.222697  0.971718  0.078553  -0.127430  -0.108899  0.985851  -0.005834  -0.006880  -0.013693  0.225711  -0.279387  -0.009187  2.000000  
111.983013 0.003311  0.091714  -0.014354  0.966490  0.209454  0.148411  -0.222689  0.971696  0.078847  -0.127696  -0.109254  0.985777  -0.005913  -0.006865  -0.013181  0.224724  -0.271958  -0.015509  2.000000  
111.984022 0.003306  0.091708  -0.014364  0.966503  0.209189  0.148703  -0.222483  0.971726  0.079054  -0.127961  -0.109490  0.985717  -0.005947  -0.006795  -0.012565  0.228317  -0.263819  -0.028397  2.000000  
111.985268 0.003298  0.091699  -0.014376  0.966469  0.209106  0.149036  -0.222475  0.971704  0.079349  -0.128227  -0.109845  0.985643  -0.006005  -0.006734  -0.011992  0.231316  -0.260887  -0.035011  2.000000  
111.986527 0.003290  0.091690  -0.014387  0.966436  0.209023  0.149369  -0.222467  0.971682  0.079643  -0.128492  -0.110200  0.985569  -0.006006  -0.006651  -0.011356  0.234030  -0.253281  -0.041241  2.000000  
111.987771 0.003283  0.091681  -0.014397  0.966402  0.208940  0.149702  -0.222460  0.971659  0.079937  -0.128757  -0.110554  0.985494  -0.005974  -0.006606  -0.010712  0.243150  -0.252635  -0.048145  2.000000  
111.988772 0.003278  0.091674  -0.014405  0.966385  0.208889  0.149881  -0.222456  0.971643  0.080144  -0.128890  -0.110792  0.985450  -0.005929  -0.006567  -0.010231  0.243101  -0.243627  -0.047222  2.000000  
111.990017 0.003271  0.091665  -0.014413  0.966352  0.208806  0.150214  -0.222448  0.971621  0.080438  -0.129155  -0.111146  0.985376  -0.005844  -0.006574  -0.009676  0.250093  -0.240911  -0.053667  2.000000  
111.991265 0.003265  0.091657  -0.014421  0.966318  0.208722  0.150547  -0.222440  0.971598  0.080732  -0.129421  -0.111501  0.985301  -0.005743  -0.006540  -0.009238  0.254149  -0.236465  -0.053255  2.000000  
111.992266 0.003260  0.091651  -0.014427  0.966284  0.208657  0.150855  -0.222433  0.971585  0.080909  -0.129686  -0.111736  0.985239  -0.005659  -0.006535  -0.008869  0.256396  -0.234061  -0.053290  2.000000  
111.993267 0.003256  0.091645  -0.014434  0.966267  0.208605  0.151034  -0.222429  0.971569  0.081115  -0.129819  -0.111973  0.985195  -0.005529  -0.006485  -0.008558  0.256299  -0.229484  -0.052834  2.000000  
111.994268 0.003252  0.091639  -0.014439  0.966250  0.208536  0.151238  -0.222425  0.971543  0.081439  -0.129951  -0.112330  0.985137  -0.005398  -0.006462  -0.008201  0.260331  -0.224953  -0.052400  2.000000  
111.995268 0.003247  0.091634  -0.014445  0.966188  0.208684  0.151434  -0.222620  0.971483  0.081614  -0.130084  -0.112567  0.985092  -0.005323  -0.006458  -0.007917  0.260379  -0.220507  -0.051969  2.000000  
111.996519 0.003242  0.091627  -0.014452  0.966154  0.208600  0.151767  -0.222612  0.971460  0.081908  -0.130349  -0.112921  0.985017  -0.005185  -0.006378  -0.007513  0.260377  -0.216009  -0.051550  2.000000  
111.997770 0.003237  0.091622  -0.014458  0.966137  0.208548  0.151946  -0.222608  0.971444  0.082114  -0.130482  -0.113158  0.984972  -0.005032  -0.006242  -0.007057  0.255373  -0.212238  -0.044288  2.000000  
111.999020 0.003231  0.091617  -0.014462  0.966074  0.208678  0.152167  -0.222803  0.971374  0.082407  -0.130615  -0.113514  0.984913  -0.004941  -0.006068  -0.006590  0.254550  -0.204088  -0.036556  2.000000  
112.000269 0.003226  0.091612  -0.014467  0.966040  0.208593  0.152500  -0.222795  0.971351  0.082701  -0.130880  -0.113869  0.984837  -0.004760  -0.005800  -0.006013  0.258752  -0.204172  -0.036635  2.000000  
112.001514 0.003221  0.091607  -0.014471  0.965960  0.208708  0.152850  -0.222986  0.971285  0.082964  -0.131145  -0.114223  0.984761  -0.004619  -0.005539  -0.005580  0.255617  -0.203135  -0.029624  2.000000  
112.002531 0.003217  0.091603  -0.014474  0.965943  0.208656  0.153029  -0.222982  0.971268  0.083170  -0.131278  -0.114460  0.984716  -0.004489  -0.005297  -0.005200  0.257640  -0.195799  -0.028904  2.000000  
112.003770 0.003212  0.091598  -0.014478  0.965880  0.208785  0.153250  -0.223177  0.971198  0.083462  -0.131411  -0.114816  0.984657  -0.004408  -0.005054  -0.004906  0.260009  -0.192911  -0.014831  2.000000  
112.005018 0.003207  0.091594  -0.014484  0.965862  0.208714  0.153454  -0.223173  0.971171  0.083786  -0.131543  -0.115173  0.984597  -0.004278  -0.004704  -0.004713  0.260042  -0.188462  -0.014398  2.000000  
112.006020 0.003203  0.091590  -0.014489  0.965799  0.208862  0.153651  -0.223368  0.971111  0.083960  -0.131676  -0.115409  0.984552  -0.004233  -0.004549  -0.004607  0.263220  -0.184759  -0.007108  2.000000  
112.007268 0.003198  0.091585  -0.014495  0.965799  0.208806  0.153727  -0.223368  0.971081  0.084314  -0.131676  -0.115768  0.984510  -0.004137  -0.004322  -0.004476  0.264225  -0.179582  0.000160  2.000000  
112.008268 0.003195  0.091582  -0.014501  0.965736  0.208953  0.153923  -0.223563  0.971021  0.084488  -0.131808  -0.116004  0.984464  -0.004078  -0.004149  -0.004453  0.263310  -0.175904  0.007381  2.000000  
112.009531 0.003191  0.091578  -0.014507  0.965736  0.208897  0.153999  -0.223563  0.970990  0.084841  -0.131808  -0.116363  0.984422  -0.003948  -0.003965  -0.004334  0.264503  -0.169148  0.015209  2.000000  
112.010768 0.003187  0.091574  -0.014513  0.965673  0.209026  0.154221  -0.223758  0.970920  0.085133  -0.131941  -0.116719  0.984362  -0.003891  -0.003859  -0.004318  0.265562  -0.164160  0.022305  2.000000  
112.012017 0.003183  0.091569  -0.014519  0.965627  0.209170  0.154315  -0.223956  0.970846  0.085455  -0.131941  -0.117077  0.984319  -0.003805  -0.003738  -0.004315  0.266853  -0.152906  0.030783  2.000000  
112.013266 0.003180  0.091565  -0.014525  0.965610  0.209098  0.154519  -0.223952  0.970818  0.085778  -0.132074  -0.117433  0.984259  -0.003681  -0.003669  -0.004367  0.268704  -0.151663  0.030484  2.000000  
112.014554 0.003176  0.091561  -0.014532  0.965563  0.209242  0.154613  -0.224151  0.970744  0.086100  -0.132074  -0.117791  0.984216  -0.003572  -0.003604  -0.004508  0.268799  -0.140935  0.045803  2.000000  
112.015771 0.003171  0.091556  -0.014538  0.965563  0.209186  0.154689  -0.224151  0.970712  0.086453  -0.132074  -0.118149  0.984173  -0.003534  -0.003602  -0.004712  0.269107  -0.132183  0.046840  2.000000  
112.017021 0.003167  0.091552  -0.014545  0.965517  0.209348  0.154757  -0.224350  0.970648  0.086656  -0.132074  -0.118388  0.984145  -0.003453  -0.003564  -0.004883  0.264144  -0.124066  0.054656  2.000000  
112.018267 0.003163  0.091548  -0.014553  0.965517  0.209292  0.154834  -0.224350  0.970617  0.087010  -0.132074  -0.118746  0.984102  -0.003413  -0.003529  -0.005083  0.268214  -0.115149  0.055658  2.000000  
112.019270 0.003159  0.091544  -0.014558  0.965471  0.209454  0.154902  -0.224549  0.970552  0.087213  -0.132074  -0.118985  0.984073  -0.003351  -0.003484  -0.005171  0.265091  -0.110567  0.062444  2.000000  
112.020525 0.003155  0.091540  -0.014566  0.965488  0.209413  0.154850  -0.224553  0.970517  0.087596  -0.131941  -0.119345  0.984047  -0.003301  -0.003446  -0.005283  0.263157  -0.098092  0.064471  2.000000  
112.021768 0.003152  0.091537  -0.014572  0.965488  0.209375  0.154901  -0.224553  0.970496  0.087832  -0.131941  -0.119584  0.984018  -0.003245  -0.003350  -0.005300  0.259135  -0.089203  0.065505  2.000000  
112.022768 0.003148  0.091535  -0.014577  0.965442  0.209538  0.154970  -0.224752  0.970431  0.088035  -0.131941  -0.119823  0.983989  -0.003191  -0.003274  -0.005270  0.260125  -0.084840  0.072223  2.000000  
112.024016 0.003145  0.091531  -0.014583  0.965459  0.209497  0.154918  -0.224756  0.970395  0.088418  -0.131808  -0.120183  0.983963  -0.003197  -0.003250  -0.005265  0.260142  -0.071584  0.073766  2.000000  
112.025018 0.003142  0.091528  -0.014588  0.965459  0.209459  0.154969  -0.224756  0.970374  0.088654  -0.131808  -0.120422  0.983934  -0.003163  -0.003203  -0.005290  0.261013  -0.066368  0.067509  2.000000  
112.026268 0.003138  0.091523  -0.014595  0.965476  0.209437  0.154891  -0.224760  0.970349  0.088919  -0.131676  -0.120662  0.983922  -0.003198  -0.003229  -0.005324  0.255052  -0.053553  0.069642  2.000000  
112.027520 0.003134  0.091519  -0.014602  0.965476  0.209381  0.154968  -0.224760  0.970316  0.089272  -0.131676  -0.121020  0.983878  -0.003217  -0.003256  -0.005379  0.259117  -0.049107  0.070155  2.000000  
112.028766 0.003129  0.091513  -0.014610  0.965494  0.209359  0.154890  -0.224764  0.970291  0.089537  -0.131543  -0.121261  0.983866  -0.003241  -0.003315  -0.005510  0.253841  -0.039060  0.063863  2.000000  
112.029768 0.003125  0.091509  -0.014617  0.965494  0.209322  0.154941  -0.224764  0.970269  0.089773  -0.131543  -0.121500  0.983836  -0.003286  -0.003377  -0.005630  0.255901  -0.030464  0.065440  2.000000  
112.031018 0.003121  0.091503  -0.014625  0.965511  0.209300  0.154864  -0.224768  0.970244  0.090038  -0.131411  -0.121741  0.983824  -0.003318  -0.003473  -0.005696  0.249793  -0.021380  0.065964  2.000000  
112.032021 0.003117  0.091498  -0.014632  0.965511  0.209262  0.154914  -0.224768  0.970222  0.090273  -0.131411  -0.121979  0.983795  -0.003308  -0.003549  -0.005767  0.252727  -0.016287  0.060220  2.000000  
112.033269 0.003112  0.091492  -0.014640  0.965528  0.209241  0.154837  -0.224771  0.970196  0.090538  -0.131278  -0.122220  0.983783  -0.003387  -0.003677  -0.005812  0.249550  -0.002092  0.055016  2.000000  
112.034515 0.003107  0.091487  -0.014647  0.965528  0.209203  0.154888  -0.224771  0.970174  0.090774  -0.131278  -0.122459  0.983753  -0.003415  -0.003770  -0.005848  0.247582  0.002340  0.055116  2.000000  
112.035519 0.003104  0.091482  -0.014653  0.965545  0.209181  0.154810  -0.224775  0.970148  0.091039  -0.131145  -0.122700  0.983741  -0.003449  -0.003888  -0.005856  0.244391  0.007568  0.048886  2.000000  
112.036767 0.003099  0.091477  -0.014660  0.965545  0.209144  0.154861  -0.224775  0.970126  0.091274  -0.131145  -0.122938  0.983711  -0.003523  -0.004008  -0.005893  0.244370  0.011983  0.049421  2.000000  
112.037772 0.003095  0.091473  -0.014666  0.965562  0.209141  0.154758  -0.224779  0.970111  0.091422  -0.131013  -0.123060  0.983713  -0.003576  -0.004119  -0.005936  0.239143  0.021824  0.044106  2.000000  
112.039018 0.003090  0.091468  -0.014673  0.965562  0.209104  0.154809  -0.224779  0.970089  0.091657  -0.131013  -0.123298  0.983683  -0.003662  -0.004221  -0.005987  0.233145  0.021633  0.043752  2.000000  
112.040268 0.003084  0.091462  -0.014679  0.965562  0.209066  0.154860  -0.224779  0.970067  0.091892  -0.131013  -0.123537  0.983654  -0.003776  -0.004326  -0.005991  0.232021  0.027107  0.037876  2.000000  
112.041268 0.003080  0.091458  -0.014685  0.965579  0.209063  0.154757  -0.224783  0.970052  0.092040  -0.130880  -0.123659  0.983656  -0.003862  -0.004376  -0.006068  0.223793  0.031553  0.038416  2.000000  
112.042268 0.003075  0.091453  -0.014691  0.965579  0.209045  0.154782  -0.224783  0.970041  0.092158  -0.130880  -0.123778  0.983641  -0.003956  -0.004417  -0.005992  0.220574  0.036836  0.032151  2.000000  
112.043520 0.003069  0.091448  -0.014697  0.965596  0.209042  0.154679  -0.224787  0.970026  0.092305  -0.130747  -0.123899  0.983643  -0.004062  -0.004456  -0.005881  0.213366  0.042134  0.025904  2.000000  
112.044766 0.003063  0.091442  -0.014703  0.965596  0.209004  0.154730  -0.224787  0.970004  0.092540  -0.130747  -0.124138  0.983613  -0.004171  -0.004452  -0.005724  0.207791  0.041824  0.025732  2.000000  
112.045769 0.003058  0.091437  -0.014708  0.965596  0.208986  0.154755  -0.224787  0.969992  0.092658  -0.130747  -0.124257  0.983598  -0.004275  -0.004464  -0.005626  0.203511  0.041772  0.025710  2.000000  
112.047019 0.003051  0.091432  -0.014713  0.965596  0.208967  0.154781  -0.224787  0.969981  0.092776  -0.130747  -0.124377  0.983583  -0.004391  -0.004456  -0.005436  0.200375  0.042602  0.018966  2.000000  
112.048265 0.003045  0.091426  -0.014719  0.965613  0.208964  0.154678  -0.224791  0.969966  0.092923  -0.130615  -0.124498  0.983585  -0.004487  -0.004446  -0.005283  0.192289  0.047024  0.019524  2.000000  
112.049529 0.003039  0.091421  -0.014725  0.965613  0.208927  0.154729  -0.224791  0.969943  0.093159  -0.130615  -0.124737  0.983555  -0.004589  -0.004378  -0.005135  0.190635  0.043770  0.012334  2.000000  
112.050768 0.003032  0.091415  -0.014731  0.965613  0.208908  0.154754  -0.224791  0.969932  0.093276  -0.130615  -0.124856  0.983540  -0.004700  -0.004407  -0.005083  0.185102  0.043425  0.012245  2.000000  
112.051769 0.003027  0.091411  -0.014736  0.965613  0.208889  0.154779  -0.224791  0.969921  0.093394  -0.130615  -0.124975  0.983525  -0.004790  -0.004424  -0.005047  0.179374  0.044625  0.005549  2.000000  
112.053018 0.003021  0.091405  -0.014742  0.965613  0.208870  0.154805  -0.224791  0.969910  0.093511  -0.130615  -0.125095  0.983510  -0.004884  -0.004446  -0.005020  0.175304  0.040163  0.005002  2.000000  
112.054021 0.003016  0.091401  -0.014747  0.965630  0.208868  0.154702  -0.224795  0.969894  0.093659  -0.130482  -0.125216  0.983512  -0.004939  -0.004468  -0.004967  0.171226  0.044624  0.005566  2.000000  
112.055268 0.003009  0.091395  -0.014754  0.965630  0.208849  0.154727  -0.224795  0.969883  0.093777  -0.130482  -0.125335  0.983497  -0.005055  -0.004540  -0.004951  0.165779  0.044257  0.005528  2.000000  
112.056271 0.003004  0.091390  -0.014758  0.965630  0.208830  0.154752  -0.224795  0.969872  0.093894  -0.130482  -0.125455  0.983481  -0.005088  -0.004531  -0.004839  0.000000  0.000000  0.000000  2.000000  
112.057521 0.002997  0.091384  -0.014764  0.965584  0.209011  0.154797  -0.224994  0.969817  0.093980  -0.130482  -0.125574  0.983466  -0.005159  -0.004531  -0.004772  0.000000  0.000000  0.000000  2.000000  
112.058530 0.002991  0.091380  -0.014767  0.965584  0.208993  0.154822  -0.224994  0.969806  0.094098  -0.130482  -0.125693  0.983451  -0.005191  -0.004512  -0.004641  0.000000  0.000000  0.000000  2.000000  
112.059531 0.002986  0.091375  -0.014771  0.965584  0.208993  0.154822  -0.224994  0.969806  0.094098  -0.130482  -0.125693  0.983451  -0.005193  -0.004532  -0.004595  0.000000  0.000000  0.000000  2.000000  
112.060772 0.002980  0.091370  -0.014775  0.965584  0.208974  0.154848  -0.224994  0.969794  0.094215  -0.130482  -0.125813  0.983436  -0.005190  -0.004505  -0.004507  0.000000  0.000000  0.000000  2.000000  
112.062017 0.002973  0.091364  -0.014780  0.965584  0.208955  0.154873  -0.224994  0.969783  0.094333  -0.130482  -0.125932  0.983420  -0.005207  -0.004504  -0.004452  0.000000  0.000000  0.000000  2.000000  
112.063263 0.002966  0.091359  -0.014785  0.965584  0.208955  0.154873  -0.224994  0.969783  0.094333  -0.130482  -0.125932  0.983420  -0.005238  -0.004475  -0.004388  0.000000  0.000000  0.000000  2.000000  
112.064269 0.002961  0.091355  -0.014789  0.965584  0.208955  0.154873  -0.224994  0.969783  0.094333  -0.130482  -0.125932  0.983420  -0.005248  -0.004473  -0.004371  0.000000  0.000000  0.000000  2.000000  
112.065514 0.002955  0.091350  -0.014794  0.965584  0.208936  0.154898  -0.224994  0.969771  0.094451  -0.130482  -0.126051  0.983405  -0.005223  -0.004450  -0.004336  0.000000  0.000000  0.000000  2.000000  
112.066528 0.002950  0.091346  -0.014798  0.965601  0.208953  0.154770  -0.224998  0.969768  0.094480  -0.130349  -0.126053  0.983422  -0.005214  -0.004407  -0.004217  0.000000  0.000000  0.000000  2.000000  
112.067769 0.002945  0.091341  -0.014803  0.965601  0.208934  0.154796  -0.224998  0.969756  0.094598  -0.130349  -0.126173  0.983407  -0.005178  -0.004353  -0.004108  0.000000  0.000000  0.000000  2.000000  
112.069013 0.002939  0.091337  -0.014807  0.965601  0.208934  0.154796  -0.224998  0.969756  0.094598  -0.130349  -0.126173  0.983407  -0.005156  -0.004279  -0.003996  0.000000  0.000000  0.000000  2.000000  
112.070014 0.002934  0.091332  -0.014811  0.965601  0.208934  0.154796  -0.224998  0.969756  0.094598  -0.130349  -0.126173  0.983407  -0.005096  -0.004248  -0.003913  0.000000  0.000000  0.000000  2.000000  
112.071021 0.002929  0.091328  -0.014815  0.965601  0.208934  0.154796  -0.224998  0.969756  0.094598  -0.130349  -0.126173  0.983407  -0.005089  -0.004186  -0.003838  0.000000  0.000000  0.000000  2.000000  
112.072266 0.002923  0.091323  -0.014819  0.965601  0.208934  0.154796  -0.224998  0.969756  0.094598  -0.130349  -0.126173  0.983407  -0.005057  -0.004190  -0.003802  0.000000  0.000000  0.000000  2.000000  
112.073268 0.002918  0.091319  -0.014823  0.965601  0.208934  0.154796  -0.224998  0.969756  0.094598  -0.130349  -0.126173  0.983407  -0.004980  -0.004137  -0.003811  0.000000  0.000000  0.000000  2.000000  
112.074530 0.002912  0.091313  -0.014828  0.965601  0.208934  0.154796  -0.224998  0.969756  0.094598  -0.130349  -0.126173  0.983407  -0.004943  -0.004118  -0.003818  0.000000  0.000000  0.000000  2.000000  
112.075769 0.002906  0.091308  -0.014834  0.965601  0.208915  0.154821  -0.224998  0.969745  0.094716  -0.130349  -0.126292  0.983392  -0.004930  -0.004100  -0.003899  0.000000  0.000000  0.000000  2.000000  
