1-Time 2-Px 3-Py 4-Pz 5-R11 6-R21 7-R31 8-R12 9-R22 10-R32 11-R13 12-R23 13-R33 14-Vx 15-Vy 16-Vz 17-Wx 18-Wy 19-Wz 20-state 21-PR11 22-PR21 23-PR31 24-PR12 25-PR22 26-PR32 27-PR13 28-PR23 29-PR33 
199.286496 0.006773  0.096338  -0.021116  0.979772  0.195264  -0.043802  -0.193055  0.979911  0.050035  0.052692  -0.040567  0.997786  -0.001046  -0.000910  -0.000676  0.000000  0.000000  0.000000  2.000000  
199.287500 0.006773  0.096337  -0.021116  0.979725  0.195471  -0.043923  -0.193255  0.979870  0.050070  0.052826  -0.040567  0.997779  -0.001015  -0.000882  -0.000656  0.000000  0.000000  0.000000  2.000000  
199.288745 0.006773  0.096336  -0.021117  0.979359  0.197302  -0.043913  -0.195069  0.979493  0.050415  0.052959  -0.040808  0.997762  -0.000915  -0.000899  -0.000633  0.000000  0.000000  0.000000  2.000000  
199.289747 0.006773  0.096335  -0.021117  0.978989  0.199127  -0.043926  -0.196881  0.979119  0.050641  0.053093  -0.040929  0.997750  -0.000814  -0.000916  -0.000610  0.000000  0.000000  0.000000  2.000000  
199.290750 0.006773  0.096332  -0.021118  0.978704  0.200549  -0.043805  -0.198292  0.978818  0.050942  0.053093  -0.041171  0.997740  -0.000725  -0.000986  -0.000639  0.030640  0.001068  0.193648  2.000000  
199.291999 0.006774  0.096331  -0.021120  0.978451  0.201768  -0.043848  -0.199499  0.978562  0.051142  0.053227  -0.041292  0.997728  -0.000564  -0.001001  -0.000666  0.036566  0.004134  0.228364  2.000000  
199.293250 0.006775  0.096331  -0.021120  0.978052  0.203613  -0.044227  -0.201306  0.978170  0.051568  0.053761  -0.041533  0.997690  -0.000413  -0.000918  -0.000659  0.048111  0.019526  0.291301  2.000000  
199.294251 0.006776  0.096332  -0.021120  0.977600  0.205665  -0.044724  -0.203312  0.977731  0.052032  0.054429  -0.041773  0.997643  -0.000270  -0.000757  -0.000568  0.060043  0.039091  0.361087  2.000000  
199.295501 0.006776  0.096335  -0.021119  0.976924  0.208727  -0.045296  -0.206321  0.977071  0.052572  0.055231  -0.042013  0.997589  -0.000158  -0.000525  -0.000500  0.073950  0.061718  0.465756  2.000000  
199.296750 0.006776  0.096336  -0.021120  0.976196  0.211988  -0.045854  -0.209528  0.976358  0.053126  0.056032  -0.042254  0.997534  -0.000087  -0.000374  -0.000503  0.088312  0.084030  0.577299  2.000000  
199.297998 0.006776  0.096337  -0.021124  0.975515  0.215036  -0.046159  -0.212535  0.975681  0.053618  0.056567  -0.042494  0.997494  -0.000019  -0.000232  -0.000689  0.102300  0.097626  0.681629  2.000000  
199.298998 0.006779  0.096340  -0.021125  0.974920  0.217668  -0.046380  -0.215140  0.975092  0.053946  0.056967  -0.042614  0.997466  0.000193  0.000048  -0.000738  0.111452  0.107322  0.771932  2.000000  
199.300249 0.006783  0.096344  -0.021124  0.974131  0.221113  -0.046659  -0.218544  0.974306  0.054461  0.057502  -0.042855  0.997425  0.000578  0.000375  -0.000580  0.126276  0.120271  0.889876  2.000000  
199.301249 0.006787  0.096345  -0.021121  0.973422  0.224155  -0.046956  -0.221545  0.973600  0.054959  0.058036  -0.043096  0.997384  0.000933  0.000532  -0.000346  0.140430  0.133802  0.994255  2.000000  
199.302253 0.006793  0.096347  -0.021119  0.972749  0.226988  -0.047290  -0.224342  0.972938  0.055332  0.058570  -0.043215  0.997347  0.001357  0.000689  -0.000202  0.150124  0.147611  1.091336  2.000000  
199.303507 0.006800  0.096350  -0.021120  0.971865  0.230643  -0.047780  -0.227935  0.972062  0.056044  0.059372  -0.043576  0.997284  0.001860  0.000942  -0.000189  0.169749  0.169099  1.216549  2.000000  
199.304744 0.006808  0.096353  -0.021118  0.970959  0.234295  -0.048424  -0.231522  0.971178  0.056673  0.060307  -0.043816  0.997218  0.002328  0.001229  -0.000085  0.185615  0.195244  1.342857  2.000000  
199.305747 0.006814  0.096354  -0.021118  0.970248  0.237134  -0.048852  -0.234310  0.970478  0.057204  0.060974  -0.044056  0.997167  0.002725  0.001430  0.000042  0.199729  0.213447  1.440477  2.000000  
199.306992 0.006822  0.096353  -0.021116  0.969366  0.240587  -0.049471  -0.237690  0.969611  0.057950  0.061909  -0.044416  0.997093  0.003203  0.001446  0.000229  0.217153  0.237924  1.539327  2.000000  
199.308000 0.006831  0.096351  -0.021115  0.968587  0.243627  -0.049850  -0.240672  0.968835  0.058616  0.062577  -0.044777  0.997035  0.003770  0.001362  0.000356  0.237621  0.257574  1.656166  2.000000  
199.309002 0.006840  0.096349  -0.021115  0.967807  0.246653  -0.050126  -0.243654  0.968058  0.059135  0.063111  -0.045017  0.996991  0.004322  0.001150  0.000325  0.252197  0.270861  1.760266  2.000000  
199.310251 0.006851  0.096347  -0.021113  0.966856  0.250292  -0.050432  -0.247228  0.967101  0.059954  0.063779  -0.045499  0.996926  0.005057  0.000810  0.000422  0.276379  0.287565  1.885762  2.000000  
199.311500 0.006861  0.096341  -0.021111  0.966046  0.253319  -0.050831  -0.250202  0.966301  0.060511  0.064446  -0.045739  0.996872  0.005783  0.000328  0.000654  0.291219  0.305285  1.990122  2.000000  
199.312503 0.006870  0.096333  -0.021109  0.965444  0.255543  -0.051148  -0.252380  0.965704  0.060996  0.064980  -0.045979  0.996827  0.006346  -0.000258  0.000964  0.304332  0.319659  2.066508  2.000000  
199.313510 0.006880  0.096326  -0.021108  0.964775  0.257964  -0.051610  -0.254753  0.965054  0.061409  0.065648  -0.046098  0.996777  0.006927  -0.000922  0.001152  0.313928  0.338295  2.149728  2.000000  
199.314749 0.006893  0.096315  -0.021106  0.963986  0.260793  -0.052143  -0.257519  0.964282  0.061998  0.066449  -0.046337  0.996713  0.007502  -0.001890  0.001206  0.328801  0.360860  2.248151  2.000000  
199.315997 0.006904  0.096304  -0.021104  0.963125  0.263824  -0.052788  -0.260479  0.963446  0.062636  0.067383  -0.046576  0.996639  0.007873  -0.002747  0.001190  0.344133  0.392044  2.353638  2.000000  
199.317250 0.006915  0.096292  -0.021102  0.962372  0.266451  -0.053327  -0.263041  0.962711  0.063222  0.068184  -0.046816  0.996574  0.008187  -0.003647  0.001164  0.355332  0.411702  2.417883  2.000000  
199.318494 0.006928  0.096280  -0.021099  0.961621  0.269069  -0.053735  -0.265603  0.961971  0.063775  0.068852  -0.047055  0.996517  0.008541  -0.004633  0.001388  0.363033  0.422849  2.459752  2.000000  
199.319505 0.006938  0.096270  -0.021097  0.961027  0.271086  -0.054213  -0.267570  0.961398  0.064181  0.069519  -0.047174  0.996465  0.008831  -0.005604  0.001410  0.362436  0.444061  2.473413  2.000000  
199.320750 0.006949  0.096257  -0.021095  0.960327  0.273491  -0.054535  -0.269933  0.960711  0.064576  0.070053  -0.047293  0.996422  0.009053  -0.006571  0.001501  0.360817  0.460468  2.502527  2.000000  
199.321751 0.006956  0.096245  -0.021093  0.959677  0.275697  -0.054868  -0.272097  0.960075  0.064961  0.070587  -0.047412  0.996378  0.009102  -0.007279  0.001559  0.364187  0.471754  2.544345  2.000000  
199.323005 0.006965  0.096230  -0.021090  0.958966  0.278099  -0.055186  -0.274457  0.959376  0.065359  0.071121  -0.047531  0.996335  0.008924  -0.008149  0.001695  0.362715  0.470312  2.564751  2.000000  
199.324252 0.006972  0.096215  -0.021089  0.958362  0.280098  -0.055564  -0.276420  0.958794  0.065620  0.071655  -0.047529  0.996296  0.008612  -0.009083  0.001697  0.354942  0.461937  2.543492  2.000000  
199.325502 0.006975  0.096197  -0.021089  0.957754  0.282103  -0.055907  -0.278382  0.958200  0.066000  0.072188  -0.047648  0.996252  0.008114  -0.009983  0.001575  0.350354  0.454063  2.508610  2.000000  
199.326505 0.006977  0.096184  -0.021088  0.957199  0.283902  -0.056296  -0.280145  0.957669  0.066253  0.072722  -0.047646  0.996213  0.007708  -0.010503  0.001502  0.341935  0.450540  2.480868  2.000000  
199.327505 0.006978  0.096170  -0.021087  0.956699  0.285503  -0.056698  -0.281710  0.957193  0.066496  0.073256  -0.047644  0.996174  0.007143  -0.010914  0.001455  0.337195  0.456102  2.453261  2.000000  
199.328749 0.006978  0.096154  -0.021085  0.956079  0.287498  -0.057072  -0.283668  0.956596  0.066764  0.073790  -0.047643  0.996135  0.006330  -0.011342  0.001467  0.326173  0.457511  2.413099  2.000000  
199.329999 0.006977  0.096138  -0.021084  0.955514  0.289287  -0.057494  -0.285427  0.956062  0.066907  0.074323  -0.047520  0.996101  0.005403  -0.011725  0.001447  0.313116  0.460165  2.357163  2.000000  
199.331000 0.006975  0.096124  -0.021084  0.955132  0.290486  -0.057795  -0.286599  0.955699  0.067093  0.074724  -0.047518  0.996071  0.004694  -0.011998  0.001299  0.301921  0.458215  2.294816  2.000000  
199.332000 0.006973  0.096111  -0.021085  0.954640  0.292065  -0.057975  -0.288166  0.955223  0.067149  0.074991  -0.047397  0.996057  0.003895  -0.012280  0.001135  0.291949  0.451183  2.253250  2.000000  
199.333250 0.006969  0.096094  -0.021086  0.954075  0.293845  -0.058268  -0.289925  0.954683  0.067257  0.075391  -0.047274  0.996033  0.002751  -0.012606  0.000877  0.272834  0.440346  2.190849  2.000000  
199.334250 0.006964  0.096081  -0.021087  0.953567  0.295435  -0.058540  -0.291487  0.954192  0.067469  0.075791  -0.047273  0.996002  0.001871  -0.012779  0.000716  0.262937  0.432858  2.148326  2.000000  
199.335257 0.006958  0.096068  -0.021088  0.953047  0.297024  -0.058974  -0.293045  0.953705  0.067607  0.076325  -0.047150  0.995968  0.000770  -0.012972  0.000511  0.248705  0.425782  2.098661  2.000000  
199.336504 0.006950  0.096053  -0.021089  0.952463  0.298800  -0.059430  -0.294798  0.953162  0.067642  0.076858  -0.046907  0.995938  -0.000453  -0.013058  0.000283  0.229949  0.419284  2.054726  2.000000  
199.337751 0.006941  0.096038  -0.021090  0.951876  0.300575  -0.059887  -0.296550  0.952616  0.067680  0.077392  -0.046663  0.995908  -0.001618  -0.013052  -0.000000  0.206779  0.413074  1.992644  2.000000  
199.338752 0.006933  0.096026  -0.021093  0.951428  0.301952  -0.060080  -0.297916  0.952186  0.067730  0.077659  -0.046541  0.995893  -0.002498  -0.013038  -0.000229  0.187420  0.402126  1.925664  2.000000  
199.339754 0.006924  0.096012  -0.021096  0.950865  0.303707  -0.060155  -0.299675  0.951640  0.067650  0.077792  -0.046299  0.995894  -0.003388  -0.013002  -0.000466  0.164706  0.390361  1.883238  2.000000  
199.341002 0.006912  0.095997  -0.021101  0.950226  0.305663  -0.060344  -0.301626  0.951025  0.067624  0.078059  -0.046057  0.995884  -0.004351  -0.012880  -0.000799  0.142752  0.378401  1.848259  2.000000  
199.342010 0.006902  0.095986  -0.021105  0.949780  0.307024  -0.060448  -0.302991  0.950598  0.067521  0.078192  -0.045815  0.995885  -0.005119  -0.012715  -0.001187  0.129132  0.366243  1.819641  2.000000  
199.343250 0.006890  0.095972  -0.021111  0.949197  0.308782  -0.060651  -0.304744  0.950040  0.067484  0.078459  -0.045572  0.995875  -0.005868  -0.012539  -0.001682  0.110884  0.350438  1.778633  2.000000  
199.344251 0.006881  0.095963  -0.021117  0.948747  0.310134  -0.060794  -0.306109  0.949617  0.067266  0.078592  -0.045209  0.995881  -0.006538  -0.012293  -0.002156  0.089191  0.333828  1.750052  2.000000  
199.345251 0.006873  0.095954  -0.021122  0.948221  0.311695  -0.061012  -0.307664  0.949118  0.067218  0.078859  -0.044967  0.995871  -0.007040  -0.011980  -0.002597  0.076484  0.322462  1.727644  2.000000  
199.346512 0.006862  0.095945  -0.021129  0.947620  0.313448  -0.061381  -0.309411  0.948557  0.067110  0.079259  -0.044603  0.995856  -0.007567  -0.011493  -0.002971  0.049724  0.309573  1.685165  2.000000  
199.347751 0.006852  0.095937  -0.021136  0.947035  0.315188  -0.061498  -0.311163  0.947998  0.066920  0.079393  -0.044240  0.995861  -0.007990  -0.010934  -0.003457  0.032174  0.288705  1.657099  2.000000  
199.348999 0.006843  0.095928  -0.021145  0.946446  0.316927  -0.061616  -0.312914  0.947434  0.066731  0.079526  -0.043877  0.995867  -0.008170  -0.010406  -0.003847  0.011022  0.267392  1.635886  2.000000  
199.350254 0.006835  0.095920  -0.021154  0.945920  0.318470  -0.061748  -0.314469  0.946934  0.066530  0.079660  -0.043514  0.995872  -0.008206  -0.009881  -0.004429  -0.007332  0.255649  1.600477  2.000000  
199.351503 0.006828  0.095911  -0.021162  0.945335  0.320202  -0.061742  -0.316221  0.946366  0.066300  0.079660  -0.043152  0.995888  -0.008099  -0.009410  -0.004867  -0.025185  0.234617  1.571652  2.000000  
199.352747 0.006822  0.095904  -0.021169  0.944748  0.321932  -0.061736  -0.317972  0.945795  0.066070  0.079660  -0.042790  0.995903  -0.007924  -0.008934  -0.005215  -0.037314  0.219928  1.551293  2.000000  
199.353994 0.006817  0.095897  -0.021177  0.944278  0.323270  -0.061924  -0.319329  0.945361  0.065743  0.079793  -0.042306  0.995913  -0.007559  -0.008372  -0.005527  -0.058582  0.207811  1.530383  2.000000  
199.354996 0.006814  0.095891  -0.021183  0.943883  0.324423  -0.061921  -0.320496  0.944976  0.065590  0.079793  -0.042064  0.995924  -0.007172  -0.007876  -0.005778  -0.067300  0.190776  1.515729  2.000000  
199.355996 0.006812  0.095886  -0.021190  0.943553  0.325373  -0.061972  -0.321467  0.944666  0.065310  0.079793  -0.041702  0.995939  -0.006638  -0.007420  -0.005973  -0.084739  0.178514  1.494558  2.000000  
199.357247 0.006810  0.095879  -0.021199  0.943012  0.326911  -0.062109  -0.323017  0.944151  0.065112  0.079926  -0.041339  0.995943  -0.005933  -0.006883  -0.006236  -0.097839  0.161866  1.473026  2.000000  
199.358252 0.006810  0.095875  -0.021206  0.942622  0.328057  -0.061982  -0.324185  0.943764  0.064916  0.079793  -0.041098  0.995964  -0.005287  -0.006443  -0.006361  -0.108538  0.137671  1.456464  2.000000  
199.359500 0.006811  0.095871  -0.021216  0.942154  0.329394  -0.062009  -0.325543  0.943314  0.064662  0.079793  -0.040735  0.995979  -0.004467  -0.005934  -0.006555  -0.115448  0.123530  1.443896  2.000000  
199.360505 0.006813  0.095869  -0.021224  0.941829  0.330344  -0.061896  -0.326516  0.942991  0.064454  0.079660  -0.040494  0.995999  -0.003709  -0.005527  -0.006697  -0.124510  0.110955  1.429758  2.000000  
199.361748 0.006817  0.095867  -0.021234  0.941425  0.331486  -0.061937  -0.327679  0.942606  0.064187  0.079660  -0.040132  0.996014  -0.002877  -0.005096  -0.006934  -0.133877  0.098817  1.408334  2.000000  
199.362750 0.006820  0.095865  -0.021242  0.941165  0.332242  -0.061839  -0.328458  0.942350  0.063966  0.079526  -0.039891  0.996034  -0.002113  -0.004745  -0.007062  -0.145547  0.078865  1.384625  2.000000  
199.363998 0.006824  0.095864  -0.021253  0.940826  0.333190  -0.061894  -0.329427  0.942031  0.063686  0.079526  -0.039528  0.996049  -0.001220  -0.004244  -0.007243  -0.153760  0.066077  1.352094  2.000000  
199.365248 0.006829  0.095864  -0.021266  0.940496  0.334139  -0.061784  -0.330398  0.941705  0.063477  0.079393  -0.039287  0.996069  -0.000397  -0.003700  -0.007429  -0.160243  0.045540  1.317218  2.000000  
199.366493 0.006834  0.095865  -0.021277  0.940166  0.335081  -0.061715  -0.331370  0.941385  0.063154  0.079259  -0.038925  0.996094  0.000377  -0.003113  -0.007696  -0.166175  0.024837  1.288921  2.000000  
199.367501 0.006838  0.095866  -0.021287  0.939971  0.335643  -0.061632  -0.331954  0.941195  0.062920  0.079126  -0.038684  0.996114  0.001099  -0.002566  -0.007998  -0.172147  0.008416  1.260431  2.000000  
199.368746 0.006844  0.095867  -0.021298  0.939707  0.336398  -0.061536  -0.332732  0.940935  0.062698  0.078993  -0.038442  0.996134  0.001775  -0.001973  -0.008206  -0.174687  -0.007643  1.225612  2.000000  
199.369993 0.006849  0.095870  -0.021310  0.939512  0.336952  -0.061494  -0.333315  0.940752  0.062349  0.078859  -0.038080  0.996158  0.002300  -0.001444  -0.008437  -0.182961  -0.018324  1.170382  2.000000  
199.370993 0.006853  0.095872  -0.021320  0.939306  0.337518  -0.061538  -0.333896  0.940558  0.062158  0.078859  -0.037839  0.996167  0.002716  -0.000924  -0.008671  -0.185593  -0.021058  1.136108  2.000000  
199.371993 0.006856  0.095874  -0.021331  0.939109  0.338079  -0.061456  -0.334479  0.940366  0.061924  0.078726  -0.037597  0.996187  0.003042  -0.000409  -0.008919  -0.187803  -0.028560  1.108715  2.000000  
199.372997 0.006860  0.095878  -0.021340  0.938902  0.338645  -0.061500  -0.335059  0.940173  0.061733  0.078726  -0.037356  0.996196  0.003382  0.000113  -0.009030  -0.189789  -0.031593  1.080615  2.000000  
199.374263 0.006865  0.095883  -0.021352  0.938695  0.339203  -0.061585  -0.335639  0.939986  0.061429  0.078726  -0.036993  0.996210  0.003638  0.000790  -0.009194  -0.195411  -0.042642  1.033377  2.000000  
199.375500 0.006870  0.095888  -0.021364  0.938567  0.339570  -0.061516  -0.336029  0.939862  0.061182  0.078592  -0.036752  0.996229  0.003760  0.001307  -0.009312  -0.195720  -0.053569  0.978176  2.000000  
199.376749 0.006874  0.095894  -0.021376  0.938349  0.340133  -0.061728  -0.336605  0.939673  0.060923  0.078726  -0.036389  0.996232  0.003833  0.001896  -0.009479  -0.198985  -0.056077  0.937490  2.000000  
199.377998 0.006877  0.095900  -0.021387  0.938141  0.340698  -0.061773  -0.337184  0.939478  0.060733  0.078726  -0.036147  0.996241  0.003743  0.002405  -0.009559  -0.197915  -0.063071  0.895050  2.000000  
199.379248 0.006879  0.095907  -0.021399  0.937992  0.341074  -0.061956  -0.337567  0.939350  0.060576  0.078859  -0.035905  0.996239  0.003591  0.002812  -0.009567  -0.194867  -0.056448  0.853538  2.000000  
199.380250 0.006880  0.095911  -0.021410  0.937853  0.341446  -0.062014  -0.337953  0.939224  0.060373  0.078859  -0.035664  0.996248  0.003390  0.003145  -0.009638  -0.197004  -0.059616  0.826105  2.000000  
199.381500 0.006881  0.095917  -0.021423  0.937704  0.341822  -0.062197  -0.338336  0.939097  0.060216  0.078993  -0.035422  0.996246  0.003128  0.003499  -0.009692  -0.196720  -0.053022  0.778449  2.000000  
199.382505 0.006881  0.095920  -0.021433  0.937565  0.342194  -0.062256  -0.338722  0.938971  0.060014  0.078993  -0.035180  0.996254  0.002814  0.003673  -0.009769  -0.198063  -0.051321  0.736467  2.000000  
199.383508 0.006880  0.095925  -0.021444  0.937425  0.342565  -0.062314  -0.339108  0.938844  0.059812  0.078993  -0.034938  0.996263  0.002489  0.003894  -0.009900  -0.197557  -0.050199  0.716875  2.000000  
199.384745 0.006879  0.095931  -0.021457  0.937206  0.343142  -0.062444  -0.339683  0.938638  0.059782  0.079126  -0.034817  0.996256  0.002046  0.004139  -0.009986  -0.187514  -0.048926  0.689542  2.000000  
199.385998 0.006877  0.095937  -0.021470  0.937056  0.343518  -0.062628  -0.340065  0.938510  0.059626  0.079259  -0.034575  0.996254  0.001551  0.004335  -0.009958  -0.188837  -0.042789  0.647328  2.000000  
199.387250 0.006874  0.095942  -0.021481  0.936976  0.343700  -0.062824  -0.340255  0.938452  0.059456  0.079393  -0.034333  0.996252  0.001068  0.004486  -0.009878  -0.188026  -0.041031  0.606114  2.000000  
199.388498 0.006872  0.095948  -0.021492  0.936826  0.344083  -0.062967  -0.340637  0.938316  0.059414  0.079526  -0.034212  0.996246  0.000663  0.004559  -0.009808  -0.182567  -0.030582  0.571798  2.000000  
199.389499 0.006869  0.095953  -0.021500  0.936745  0.344265  -0.063163  -0.340826  0.938258  0.059245  0.079660  -0.033970  0.996243  0.000151  0.004592  -0.009723  -0.183200  -0.024708  0.539873  2.000000  
199.390501 0.006867  0.095958  -0.021507  0.936605  0.344644  -0.063181  -0.341212  0.938123  0.059157  0.079660  -0.033849  0.996247  -0.000251  0.004626  -0.009531  -0.180851  -0.019389  0.519588  2.000000  
199.391501 0.006864  0.095962  -0.021514  0.936525  0.344833  -0.063336  -0.341401  0.938058  0.059102  0.079793  -0.033728  0.996241  -0.000664  0.004611  -0.009398  -0.176896  -0.013649  0.489532  2.000000  
199.392751 0.006860  0.095968  -0.021523  0.936454  0.345011  -0.063407  -0.341594  0.938001  0.058887  0.079793  -0.033486  0.996249  -0.001136  0.004571  -0.009164  -0.175047  -0.007992  0.462107  2.000000  
199.393998 0.006856  0.095973  -0.021530  0.936374  0.345201  -0.063562  -0.341783  0.937936  0.058832  0.079926  -0.033365  0.996242  -0.001576  0.004516  -0.008819  -0.173761  0.002340  0.428058  2.000000  
199.395248 0.006853  0.095979  -0.021535  0.936294  0.345390  -0.063717  -0.341972  0.937870  0.058777  0.080060  -0.033243  0.996236  -0.001844  0.004512  -0.008378  -0.169333  0.007353  0.410973  2.000000  
199.396254 0.006850  0.095983  -0.021539  0.936283  0.345387  -0.063884  -0.341968  0.937876  0.058709  0.080193  -0.033122  0.996229  -0.002139  0.004530  -0.007867  -0.165303  0.017744  0.380149  2.000000  
199.397503 0.006846  0.095989  -0.021543  0.936213  0.345564  -0.063956  -0.342161  0.937819  0.058495  0.080193  -0.032881  0.996237  -0.002347  0.004561  -0.007320  -0.167011  0.023076  0.359697  2.000000  
199.398506 0.006843  0.095993  -0.021546  0.936203  0.345561  -0.064123  -0.342157  0.937824  0.058427  0.080326  -0.032759  0.996230  -0.002499  0.004530  -0.006790  -0.164563  0.032863  0.339285  2.000000  
199.399746 0.006839  0.095997  -0.021549  0.936203  0.345553  -0.064165  -0.342157  0.937831  0.058313  0.080326  -0.032639  0.996234  -0.002653  0.004445  -0.006057  -0.158120  0.038181  0.318833  2.000000  
199.400995 0.006836  0.096002  -0.021551  0.936203  0.345545  -0.064207  -0.342157  0.937839  0.058200  0.080326  -0.032518  0.996238  -0.002721  0.004366  -0.005447  -0.152179  0.039232  0.291270  2.000000  
199.401997 0.006834  0.096006  -0.021553  0.936193  0.345549  -0.064332  -0.342154  0.937837  0.058245  0.080460  -0.032517  0.996227  -0.002750  0.004302  -0.004881  -0.145698  0.048990  0.270938  2.000000  
199.403250 0.006831  0.096010  -0.021554  0.936193  0.345541  -0.064374  -0.342154  0.937844  0.058132  0.080460  -0.032396  0.996231  -0.002751  0.004209  -0.004236  -0.143301  0.049772  0.250295  2.000000  
199.404499 0.006829  0.096016  -0.021554  0.936183  0.345545  -0.064499  -0.342150  0.937843  0.058177  0.080593  -0.032396  0.996220  -0.002659  0.004192  -0.003641  -0.132691  0.059516  0.229863  2.000000  
199.405745 0.006827  0.096019  -0.021555  0.936253  0.345345  -0.064553  -0.341957  0.937921  0.058050  0.080593  -0.032275  0.996224  -0.002573  0.004056  -0.003083  -0.129172  0.059767  0.207411  2.000000  
199.406746 0.006826  0.096023  -0.021555  0.936253  0.345345  -0.064553  -0.341957  0.937921  0.058050  0.080593  -0.032275  0.996224  -0.002478  0.003964  -0.002533  -0.122176  0.055811  0.193593  2.000000  
199.407751 0.006825  0.096025  -0.021555  0.936313  0.345156  -0.064690  -0.341761  0.937990  0.058083  0.080726  -0.032275  0.996214  -0.002361  0.003820  -0.002083  0.000000  0.000000  0.000000  2.000000  
199.409001 0.006823  0.096029  -0.021553  0.936313  0.345156  -0.064690  -0.341761  0.937990  0.058083  0.080726  -0.032275  0.996214  -0.002223  0.003661  -0.001481  0.000000  0.000000  0.000000  2.000000  
199.410251 0.006821  0.096032  -0.021551  0.936384  0.344962  -0.064702  -0.341568  0.938061  0.058069  0.080726  -0.032275  0.996214  -0.002116  0.003518  -0.000992  0.000000  0.000000  0.000000  2.000000  
199.411501 0.006820  0.096035  -0.021549  0.936444  0.344773  -0.064839  -0.341371  0.938131  0.058102  0.080860  -0.032275  0.996203  -0.001889  0.003356  -0.000560  0.000000  0.000000  0.000000  2.000000  
199.412501 0.006819  0.096038  -0.021546  0.936514  0.344572  -0.064893  -0.341179  0.938209  0.057975  0.080860  -0.032154  0.996207  -0.001775  0.003274  -0.000223  0.000000  0.000000  0.000000  2.000000  
199.413511 0.006819  0.096041  -0.021544  0.936574  0.344383  -0.065030  -0.340982  0.938278  0.058007  0.080993  -0.032153  0.996196  -0.001556  0.003237  0.000171  0.000000  0.000000  0.000000  2.000000  
199.414746 0.006818  0.096045  -0.021541  0.936564  0.344387  -0.065156  -0.340978  0.938277  0.058052  0.081127  -0.032153  0.996185  -0.001402  0.003123  0.000601  0.000000  0.000000  0.000000  2.000000  
199.415748 0.006818  0.096048  -0.021539  0.936634  0.344194  -0.065168  -0.340786  0.938348  0.058039  0.081127  -0.032153  0.996185  -0.001247  0.003094  0.000842  0.000000  0.000000  0.000000  2.000000  
199.416995 0.006817  0.096051  -0.021536  0.936694  0.344005  -0.065305  -0.340589  0.938417  0.058071  0.081260  -0.032153  0.996174  -0.001134  0.003014  0.001117  0.000000  0.000000  0.000000  2.000000  
199.417995 0.006817  0.096054  -0.021534  0.936764  0.343812  -0.065317  -0.340396  0.938488  0.058058  0.081260  -0.032153  0.996174  -0.000969  0.002989  0.001354  0.000000  0.000000  0.000000  2.000000  
199.419243 0.006817  0.096058  -0.021533  0.936824  0.343630  -0.065412  -0.340200  0.938550  0.058204  0.081393  -0.032273  0.996159  -0.000832  0.002927  0.001457  0.000000  0.000000  0.000000  2.000000  
199.420246 0.006817  0.096061  -0.021531  0.936884  0.343441  -0.065550  -0.340003  0.938619  0.058236  0.081527  -0.032273  0.996149  -0.000741  0.002868  0.001611  0.000000  0.000000  0.000000  2.000000  
199.421249 0.006817  0.096064  -0.021529  0.936944  0.343252  -0.065687  -0.339806  0.938689  0.058267  0.081660  -0.032272  0.996138  -0.000631  0.002883  0.001813  0.000000  0.000000  0.000000  2.000000  
199.422494 0.006817  0.096067  -0.021527  0.937003  0.343063  -0.065824  -0.339610  0.938758  0.058299  0.081793  -0.032272  0.996127  -0.000550  0.002847  0.001878  0.000000  0.000000  0.000000  2.000000  
199.423508 0.006817  0.096070  -0.021526  0.937073  0.342870  -0.065836  -0.339417  0.938828  0.058286  0.081793  -0.032272  0.996127  -0.000428  0.002845  0.001857  0.000000  0.000000  0.000000  2.000000  
199.424749 0.006817  0.096072  -0.021526  0.937063  0.342882  -0.065920  -0.339413  0.938820  0.058445  0.081927  -0.032393  0.996112  -0.000320  0.002774  0.001751  0.000000  0.000000  0.000000  2.000000  
199.426000 0.006817  0.096074  -0.021525  0.937122  0.342693  -0.066057  -0.339217  0.938889  0.058477  0.082060  -0.032392  0.996101  -0.000241  0.002651  0.001671  0.000000  0.000000  0.000000  2.000000  
199.427251 0.006817  0.096075  -0.021525  0.937182  0.342511  -0.066153  -0.339020  0.938951  0.058622  0.082193  -0.032513  0.996086  -0.000123  0.002523  0.001434  0.000000  0.000000  0.000000  2.000000  
199.428499 0.006818  0.096076  -0.021525  0.937161  0.342520  -0.066404  -0.339012  0.938948  0.058713  0.082460  -0.032512  0.996064  -0.000055  0.002333  0.001236  0.000000  0.000000  0.000000  2.000000  
199.429748 0.006819  0.096077  -0.021526  0.937220  0.342330  -0.066541  -0.338816  0.939017  0.058745  0.082593  -0.032512  0.996053  0.000080  0.002142  0.000943  0.000000  0.000000  0.000000  2.000000  
199.430998 0.006821  0.096077  -0.021526  0.937200  0.342347  -0.066750  -0.338808  0.939007  0.058949  0.082860  -0.032632  0.996027  0.000226  0.001964  0.000806  0.000000  0.000000  0.000000  2.000000  
199.432252 0.006822  0.096078  -0.021527  0.937259  0.342157  -0.066888  -0.338611  0.939076  0.058981  0.082993  -0.032631  0.996016  0.000355  0.001670  0.000549  0.000000  0.000000  0.000000  2.000000  
199.433508 0.006824  0.096078  -0.021527  0.937238  0.342174  -0.067097  -0.338604  0.939066  0.059185  0.083260  -0.032751  0.995990  0.000513  0.001425  0.000389  0.000000  0.000000  0.000000  2.000000  
199.434745 0.006826  0.096077  -0.021528  0.937228  0.342186  -0.067181  -0.338600  0.939057  0.059345  0.083393  -0.032872  0.995974  0.000611  0.001160  0.000238  0.000000  0.000000  0.000000  2.000000  
199.435993 0.006828  0.096077  -0.021527  0.937276  0.342001  -0.067444  -0.338400  0.939125  0.059421  0.083660  -0.032871  0.995952  0.000758  0.000921  0.000119  0.000000  0.000000  0.000000  2.000000  
199.436993 0.006830  0.096077  -0.021527  0.937255  0.342017  -0.067653  -0.338392  0.939114  0.059626  0.083927  -0.032991  0.995926  0.000894  0.000683  0.000039  0.000000  0.000000  0.000000  2.000000  
199.437993 0.006832  0.096076  -0.021527  0.937245  0.342022  -0.067778  -0.338388  0.939113  0.059671  0.084060  -0.032991  0.995914  0.001012  0.000492  -0.000056  0.000000  0.000000  0.000000  2.000000  
199.438998 0.006833  0.096076  -0.021527  0.937223  0.342030  -0.068029  -0.338380  0.939110  0.059761  0.084327  -0.032990  0.995892  0.001119  0.000332  -0.000083  0.000000  0.000000  0.000000  2.000000  
199.440245 0.006835  0.096075  -0.021527  0.937282  0.341849  -0.068125  -0.338184  0.939171  0.059906  0.084460  -0.033111  0.995877  0.001227  0.000187  -0.000126  0.000000  0.000000  0.000000  2.000000  
199.441261 0.006836  0.096075  -0.021526  0.937261  0.341857  -0.068376  -0.338176  0.939168  0.059997  0.084727  -0.033110  0.995854  0.001307  0.000048  -0.000082  0.000000  0.000000  0.000000  2.000000  
199.442512 0.006838  0.096075  -0.021525  0.937250  0.341870  -0.068460  -0.338172  0.939160  0.060156  0.084860  -0.033230  0.995839  0.001389  -0.000065  0.000022  0.000000  0.000000  0.000000  2.000000  
199.443512 0.006840  0.096075  -0.021524  0.937229  0.341878  -0.068710  -0.338164  0.939157  0.060247  0.085127  -0.033229  0.995816  0.001471  -0.000079  0.000123  0.000000  0.000000  0.000000  2.000000  
199.444749 0.006842  0.096075  -0.021522  0.937208  0.341895  -0.068919  -0.338157  0.939146  0.060451  0.085393  -0.033349  0.995789  0.001524  -0.000144  0.000252  0.000000  0.000000  0.000000  2.000000  
199.445997 0.006844  0.096075  -0.021520  0.937186  0.341903  -0.069170  -0.338149  0.939143  0.060541  0.085660  -0.033349  0.995766  0.001530  -0.000180  0.000405  0.000000  0.000000  0.000000  2.000000  
199.446998 0.006845  0.096074  -0.021519  0.937175  0.341916  -0.069254  -0.338145  0.939134  0.060700  0.085793  -0.033469  0.995751  0.001538  -0.000225  0.000585  0.000000  0.000000  0.000000  2.000000  
199.448250 0.006847  0.096074  -0.021516  0.937223  0.341731  -0.069517  -0.337944  0.939202  0.060777  0.086060  -0.033468  0.995728  0.001521  -0.000266  0.000757  0.000000  0.000000  0.000000  2.000000  
199.449502 0.006849  0.096072  -0.021514  0.937202  0.341748  -0.069726  -0.337936  0.939191  0.060981  0.086326  -0.033588  0.995701  0.001497  -0.000327  0.000883  0.000000  0.000000  0.000000  2.000000  
199.450507 0.006850  0.096072  -0.021513  0.937180  0.341765  -0.069935  -0.337929  0.939181  0.061185  0.086593  -0.033708  0.995673  0.001502  -0.000352  0.001022  0.000000  0.000000  0.000000  2.000000  
199.451746 0.006851  0.096070  -0.021511  0.937158  0.341773  -0.070186  -0.337921  0.939178  0.061276  0.086860  -0.033708  0.995650  0.001423  -0.000426  0.001109  0.000000  0.000000  0.000000  2.000000  
199.452993 0.006852  0.096069  -0.021509  0.937136  0.341790  -0.070395  -0.337913  0.939167  0.061480  0.087126  -0.033828  0.995623  0.001391  -0.000462  0.001221  0.000000  0.000000  0.000000  2.000000  
199.453995 0.006853  0.096068  -0.021507  0.937114  0.341799  -0.070646  -0.337905  0.939164  0.061570  0.087393  -0.033827  0.995599  0.001353  -0.000531  0.001333  0.000000  0.000000  0.000000  2.000000  
199.455248 0.006855  0.096067  -0.021505  0.937092  0.341816  -0.070855  -0.337897  0.939154  0.061774  0.087659  -0.033947  0.995572  0.001307  -0.000562  0.001493  0.000000  0.000000  0.000000  2.000000  
199.456252 0.006855  0.096067  -0.021503  0.937081  0.341820  -0.070980  -0.337893  0.939152  0.061820  0.087793  -0.033946  0.995560  0.001287  -0.000574  0.001515  0.000000  0.000000  0.000000  2.000000  
199.457525 0.006857  0.096066  -0.021501  0.937048  0.341842  -0.071315  -0.337881  0.939140  0.062069  0.088192  -0.034066  0.995521  0.001216  -0.000611  0.001569  0.050004  0.198732  -0.027816  2.000000  
199.458748 0.006857  0.096065  -0.021499  0.937026  0.341850  -0.071565  -0.337873  0.939137  0.062160  0.088459  -0.034065  0.995497  0.001127  -0.000640  0.001603  0.049633  0.201741  -0.027463  2.000000  
199.459995 0.006858  0.096065  -0.021498  0.937003  0.341859  -0.071816  -0.337865  0.939134  0.062250  0.088725  -0.034064  0.995473  0.001039  -0.000683  0.001577  0.050217  0.205985  -0.020482  2.000000  
199.460997 0.006859  0.096065  -0.021497  0.936981  0.341876  -0.072025  -0.337857  0.939123  0.062454  0.088992  -0.034184  0.995446  0.000989  -0.000663  0.001542  0.050205  0.205965  -0.020454  2.000000  
199.462246 0.006859  0.096065  -0.021496  0.937028  0.341691  -0.072289  -0.337656  0.939190  0.062530  0.089259  -0.034183  0.995422  0.000908  -0.000648  0.001443  0.050207  0.210456  -0.020307  2.000000  
199.463250 0.006860  0.096065  -0.021495  0.937005  0.341700  -0.072539  -0.337648  0.939187  0.062620  0.089525  -0.034183  0.995398  0.000853  -0.000592  0.001417  0.046547  0.212243  -0.020466  2.000000  
199.464499 0.006860  0.096064  -0.021494  0.936983  0.341709  -0.072790  -0.337640  0.939184  0.062710  0.089792  -0.034182  0.995374  0.000749  -0.000567  0.001333  0.042111  0.214942  -0.020133  2.000000  
199.465746 0.006860  0.096064  -0.021494  0.936960  0.341717  -0.073040  -0.337632  0.939181  0.062801  0.090058  -0.034181  0.995350  0.000649  -0.000490  0.001231  0.043041  0.216424  -0.013403  2.000000  
199.466995 0.006860  0.096063  -0.021494  0.936938  0.341726  -0.073291  -0.337623  0.939178  0.062891  0.090325  -0.034180  0.995326  0.000538  -0.000518  0.001099  0.038966  0.216469  -0.013392  2.000000  
199.468247 0.006859  0.096062  -0.021494  0.936915  0.341743  -0.073500  -0.337615  0.939167  0.063095  0.090591  -0.034300  0.995297  0.000447  -0.000459  0.000946  0.043030  0.216428  -0.013376  2.000000  
199.469251 0.006859  0.096061  -0.021495  0.936903  0.341748  -0.073625  -0.337611  0.939166  0.063140  0.090724  -0.034300  0.995285  0.000361  -0.000482  0.000763  0.039551  0.216167  -0.006473  2.000000  
199.470494 0.006859  0.096060  -0.021495  0.936880  0.341756  -0.073876  -0.337603  0.939163  0.063230  0.090991  -0.034299  0.995261  0.000275  -0.000459  0.000650  0.039233  0.214447  -0.006421  2.000000  
199.471743 0.006859  0.096059  -0.021496  0.936858  0.341765  -0.074126  -0.337595  0.939159  0.063321  0.091257  -0.034298  0.995237  0.000155  -0.000488  0.000395  0.039234  0.218926  -0.006271  2.000000  
199.472745 0.006859  0.096058  -0.021498  0.936835  0.341774  -0.074377  -0.337586  0.939156  0.063411  0.091524  -0.034297  0.995212  0.000120  -0.000516  0.000188  0.035188  0.218938  -0.006258  2.000000  
199.473746 0.006858  0.096057  -0.021499  0.936823  0.341778  -0.074502  -0.337582  0.939155  0.063456  0.091657  -0.034297  0.995200  0.000048  -0.000578  0.000006  0.035178  0.218890  -0.006256  2.000000  
199.474751 0.006858  0.096056  -0.021501  0.936800  0.341786  -0.074753  -0.337574  0.939152  0.063546  0.091924  -0.034296  0.995175  -0.000035  -0.000626  -0.000185  0.031390  0.220715  -0.006294  2.000000  
199.475999 0.006857  0.096055  -0.021503  0.936777  0.341795  -0.075003  -0.337565  0.939149  0.063637  0.092190  -0.034295  0.995151  -0.000099  -0.000668  -0.000456  0.031384  0.220695  -0.006294  2.000000  
199.477250 0.006856  0.096053  -0.021506  0.936753  0.341804  -0.075254  -0.337557  0.939145  0.063727  0.092456  -0.034294  0.995126  -0.000183  -0.000784  -0.000692  0.027306  0.220717  -0.006280  2.000000  
199.478502 0.006856  0.096052  -0.021508  0.936730  0.341812  -0.075504  -0.337549  0.939142  0.063817  0.092723  -0.034293  0.995101  -0.000262  -0.000809  -0.000870  0.023841  0.220454  0.000622  2.000000  
199.479748 0.006855  0.096051  -0.021509  0.936718  0.341817  -0.075630  -0.337544  0.939141  0.063862  0.092856  -0.034293  0.995089  -0.000309  -0.000858  -0.001048  0.023844  0.215994  0.000468  2.000000  
199.480997 0.006854  0.096051  -0.021511  0.936695  0.341825  -0.075880  -0.337536  0.939138  0.063953  0.093123  -0.034292  0.995064  -0.000381  -0.000845  -0.001189  0.019764  0.215986  0.000482  2.000000  
199.482250 0.006854  0.096050  -0.021513  0.936672  0.341834  -0.076131  -0.337528  0.939135  0.064043  0.093389  -0.034291  0.995039  -0.000372  -0.000824  -0.001275  0.015684  0.215972  0.000495  2.000000  
199.483508 0.006854  0.096050  -0.021514  0.936648  0.341843  -0.076381  -0.337519  0.939131  0.064133  0.093655  -0.034290  0.995014  -0.000373  -0.000779  -0.001369  0.015553  0.214193  0.000491  2.000000  
199.484746 0.006853  0.096049  -0.021516  0.936636  0.341847  -0.076506  -0.337515  0.939130  0.064178  0.093789  -0.034290  0.995001  -0.000424  -0.000760  -0.001404  0.011603  0.211467  0.000354  2.000000  
199.485995 0.006852  0.096049  -0.021516  0.936613  0.341856  -0.076757  -0.337506  0.939127  0.064269  0.094055  -0.034289  0.994976  -0.000427  -0.000724  -0.001388  0.011605  0.211544  0.000355  2.000000  
199.486998 0.006852  0.096049  -0.021517  0.936589  0.341864  -0.077007  -0.337498  0.939124  0.064359  0.094321  -0.034288  0.994951  -0.000403  -0.000633  -0.001348  0.011504  0.209730  0.000352  2.000000  
199.488246 0.006852  0.096049  -0.021517  0.936577  0.341868  -0.077133  -0.337493  0.939122  0.064404  0.094455  -0.034288  0.994939  -0.000385  -0.000592  -0.001229  0.007460  0.205296  0.000211  2.000000  
199.489246 0.006853  0.096049  -0.021518  0.936553  0.341877  -0.077383  -0.337485  0.939119  0.064494  0.094721  -0.034287  0.994913  -0.000344  -0.000514  -0.001160  0.007520  0.206991  0.000213  2.000000  
199.490248 0.006853  0.096049  -0.021518  0.936541  0.341881  -0.077508  -0.337481  0.939117  0.064539  0.094854  -0.034286  0.994901  -0.000312  -0.000434  -0.001051  0.007457  0.205277  0.000212  2.000000  
199.491260 0.006853  0.096049  -0.021518  0.936529  0.341886  -0.077634  -0.337476  0.939116  0.064585  0.094987  -0.034286  0.994888  -0.000275  -0.000383  -0.000950  0.003438  0.197896  -0.000083  2.000000  
199.492501 0.006853  0.096049  -0.021518  0.936505  0.341894  -0.077884  -0.337468  0.939113  0.064675  0.095254  -0.034285  0.994862  -0.000213  -0.000297  -0.000774  0.004044  0.200593  0.006901  2.000000  
199.493511 0.006853  0.096049  -0.021518  0.936493  0.341899  -0.078009  -0.337463  0.939111  0.064720  0.095387  -0.034284  0.994850  -0.000170  -0.000240  -0.000655  0.004075  0.197685  0.006801  2.000000  
199.494748 0.006853  0.096048  -0.021518  0.936481  0.341903  -0.078134  -0.337459  0.939110  0.064765  0.095520  -0.034284  0.994837  -0.000118  -0.000206  -0.000530  0.004077  0.188756  0.006493  2.000000  
199.495997 0.006854  0.096049  -0.021517  0.936469  0.341907  -0.078260  -0.337455  0.939108  0.064810  0.095653  -0.034284  0.994824  -0.000026  -0.000143  -0.000418  0.004077  0.188765  0.006494  2.000000  
199.496999 0.006854  0.096049  -0.021517  0.936457  0.341912  -0.078385  -0.337450  0.939107  0.064855  0.095787  -0.034283  0.994811  0.000016  -0.000088  -0.000307  0.000000  0.184283  0.006351  2.000000  
199.498250 0.006855  0.096050  -0.021516  0.936433  0.341920  -0.078635  -0.337442  0.939103  0.064946  0.096053  -0.034282  0.994786  0.000069  0.000022  -0.000138  -0.000000  0.184238  0.006349  2.000000  
199.499498 0.006855  0.096050  -0.021516  0.936421  0.341925  -0.078761  -0.337437  0.939102  0.064991  0.096186  -0.034282  0.994773  0.000161  0.000082  -0.000032  0.000000  0.179774  0.006195  2.000000  
199.500745 0.006856  0.096051  -0.021515  0.936409  0.341929  -0.078886  -0.337433  0.939100  0.065036  0.096319  -0.034281  0.994760  0.000220  0.000187  0.000097  0.000000  0.000000  0.000000  2.000000  
199.501746 0.006856  0.096052  -0.021514  0.936397  0.341933  -0.079011  -0.337428  0.939099  0.065081  0.096452  -0.034281  0.994747  0.000225  0.000244  0.000189  0.000000  0.000000  0.000000  2.000000  
199.502995 0.006856  0.096053  -0.021513  0.936372  0.341942  -0.079261  -0.337420  0.939096  0.065171  0.096719  -0.034280  0.994721  0.000257  0.000325  0.000299  0.000000  0.000000  0.000000  2.000000  
199.504243 0.006856  0.096054  -0.021512  0.936360  0.341946  -0.079387  -0.337415  0.939094  0.065216  0.096852  -0.034280  0.994708  0.000254  0.000373  0.000384  0.000000  0.000000  0.000000  2.000000  
199.505246 0.006857  0.096055  -0.021510  0.936348  0.341950  -0.079512  -0.337411  0.939093  0.065261  0.096985  -0.034279  0.994695  0.000285  0.000453  0.000492  0.000000  0.000000  0.000000  2.000000  
