1-Time 2-Px 3-Py 4-Pz 5-R11 6-R21 7-R31 8-R12 9-R22 10-R32 11-R13 12-R23 13-R33 14-Vx 15-Vy 16-Vz 17-Wx 18-Wy 19-Wz 20-state 21-PR11 22-PR21 23-PR31 24-PR12 25-PR22 26-PR32 27-PR13 28-PR23 29-PR33 
21.408340 0.000078  0.089307  -0.008653  0.985866  0.159742  -0.050508  -0.156562  0.985741  0.061667  0.059639  -0.052888  0.996818  -0.000019  0.000038  0.000155  0.000000  0.000000  0.000000  2.000000  
21.409346 0.000079  0.089307  -0.008653  0.985834  0.159944  -0.050496  -0.156765  0.985708  0.061677  0.059639  -0.052888  0.996818  0.000000  0.000012  0.000131  0.000000  0.000000  0.000000  2.000000  
21.410592 0.000077  0.089304  -0.008654  0.985591  0.161391  -0.050631  -0.158183  0.985459  0.062031  0.059906  -0.053129  0.996789  -0.000101  -0.000157  0.000084  0.000000  0.000000  0.000000  2.000000  
21.411592 0.000076  0.089302  -0.008655  0.985387  0.162621  -0.050666  -0.159399  0.985251  0.062235  0.060039  -0.053249  0.996775  -0.000184  -0.000352  0.000013  0.000000  0.000000  0.000000  2.000000  
21.412592 0.000075  0.089298  -0.008656  0.985214  0.163655  -0.050694  -0.160412  0.985066  0.062547  0.060173  -0.053490  0.996754  -0.000232  -0.000619  -0.000063  0.000000  0.000000  0.000000  2.000000  
21.413845 0.000074  0.089293  -0.008656  0.985066  0.164499  -0.050846  -0.161221  0.984906  0.062990  0.060440  -0.053852  0.996718  -0.000340  -0.000980  -0.000124  0.000000  0.000000  0.000000  2.000000  
21.414847 0.000073  0.089289  -0.008656  0.984875  0.165546  -0.051135  -0.162230  0.984717  0.063347  0.060841  -0.054093  0.996681  -0.000382  -0.001215  -0.000114  0.052429  0.030046  0.195243  2.000000  
21.415854 0.000072  0.089287  -0.008655  0.984575  0.167209  -0.051517  -0.163847  0.984423  0.063757  0.061375  -0.054333  0.996635  -0.000464  -0.001397  -0.000054  0.063972  0.045007  0.251337  2.000000  
21.417089 0.000070  0.089285  -0.008653  0.984110  0.169703  -0.052238  -0.166269  0.983983  0.064278  0.062310  -0.054571  0.996564  -0.000585  -0.001529  0.000055  0.076698  0.071379  0.333142  2.000000  
21.418102 0.000068  0.089283  -0.008653  0.983698  0.171966  -0.052597  -0.168492  0.983584  0.064606  0.062844  -0.054690  0.996524  -0.000719  -0.001667  0.000067  0.086179  0.085837  0.412828  2.000000  
21.419104 0.000066  0.089280  -0.008655  0.983280  0.174235  -0.052934  -0.170713  0.983171  0.065055  0.063378  -0.054930  0.996477  -0.000841  -0.001821  -0.000085  0.099048  0.099570  0.489295  2.000000  
21.420348 0.000064  0.089279  -0.008658  0.982814  0.176712  -0.053387  -0.173134  0.982715  0.065539  0.064046  -0.055170  0.996421  -0.000985  -0.001908  -0.000266  0.112515  0.117492  0.573347  2.000000  
21.421597 0.000063  0.089281  -0.008657  0.982268  0.179593  -0.053810  -0.175959  0.982179  0.066049  0.064713  -0.055409  0.996364  -0.001039  -0.001809  -0.000236  0.126887  0.134634  0.671143  2.000000  
21.422844 0.000064  0.089282  -0.008655  0.981677  0.182675  -0.054218  -0.178983  0.981597  0.066572  0.065381  -0.055648  0.996307  -0.000991  -0.001702  -0.000087  0.141765  0.151387  0.775884  2.000000  
21.424097 0.000064  0.089282  -0.008655  0.981030  0.185964  -0.054739  -0.182206  0.980966  0.067134  0.066182  -0.055887  0.996241  -0.000956  -0.001701  -0.000110  0.155915  0.170814  0.880483  2.000000  
21.425098 0.000065  0.089281  -0.008656  0.980572  0.188236  -0.055196  -0.184419  0.980519  0.067619  0.066849  -0.056126  0.996183  -0.000858  -0.001662  -0.000174  0.170415  0.190364  0.964566  2.000000  
21.426107 0.000066  0.089280  -0.008656  0.980051  0.190723  -0.055899  -0.186829  0.980024  0.068168  0.067784  -0.056364  0.996107  -0.000674  -0.001541  -0.000098  0.184221  0.217041  1.048560  2.000000  
21.427345 0.000068  0.089277  -0.008654  0.979446  0.193619  -0.056548  -0.189641  0.979436  0.068862  0.068718  -0.056723  0.996022  -0.000469  -0.001406  0.000120  0.203240  0.243071  1.147332  2.000000  
21.428594 0.000070  0.089272  -0.008651  0.978862  0.196327  -0.057314  -0.192247  0.978869  0.069694  0.069786  -0.057202  0.995921  -0.000239  -0.001436  0.000343  0.225972  0.273757  1.238978  2.000000  
21.429596 0.000073  0.089266  -0.008650  0.978369  0.198609  -0.057868  -0.194453  0.978387  0.070335  0.070587  -0.057561  0.995843  0.000014  -0.001602  0.000386  0.243654  0.296273  1.316376  2.000000  
21.430860 0.000079  0.089258  -0.008649  0.977658  0.201912  -0.058453  -0.197661  0.977682  0.071185  0.071521  -0.058041  0.995749  0.000506  -0.001940  0.000375  0.267687  0.321070  1.427735  2.000000  
21.432098 0.000085  0.089249  -0.008647  0.976935  0.205213  -0.059032  -0.200867  0.976966  0.072039  0.072455  -0.058520  0.995653  0.001066  -0.002372  0.000432  0.292057  0.346092  1.540353  2.000000  
21.433345 0.000090  0.089239  -0.008645  0.976327  0.207903  -0.059676  -0.203467  0.976376  0.072742  0.073389  -0.058878  0.995564  0.001592  -0.002891  0.000566  0.311005  0.372238  1.631907  2.000000  
21.434594 0.000096  0.089226  -0.008646  0.975754  0.210397  -0.060306  -0.205864  0.975812  0.073555  0.074323  -0.059357  0.995466  0.002149  -0.003598  0.000714  0.333631  0.398611  1.716496  2.000000  
21.435844 0.000104  0.089213  -0.008647  0.975121  0.213092  -0.061074  -0.208458  0.975206  0.074294  0.075391  -0.059714  0.995364  0.002707  -0.004533  0.000726  0.352858  0.429169  1.808285  2.000000  
21.436847 0.000110  0.089203  -0.008647  0.974631  0.215169  -0.061623  -0.210452  0.974727  0.074943  0.076191  -0.060073  0.995282  0.003119  -0.005284  0.000640  0.370413  0.451757  1.878353  2.000000  
21.438100 0.000116  0.089191  -0.008646  0.973994  0.217855  -0.062254  -0.213044  0.974109  0.075661  0.077125  -0.060431  0.995188  0.003528  -0.006151  0.000573  0.389638  0.477710  1.969699  2.000000  
21.439109 0.000121  0.089181  -0.008647  0.973547  0.219714  -0.062710  -0.214837  0.973676  0.076156  0.077792  -0.060669  0.995122  0.003850  -0.006769  0.000576  0.402190  0.496704  2.025892  2.000000  
21.440342 0.000128  0.089169  -0.008647  0.973086  0.221588  -0.063268  -0.216627  0.973229  0.076800  0.078592  -0.061027  0.995037  0.004154  -0.007413  0.000626  0.409973  0.513049  2.038824  2.000000  
21.441411 0.000132  0.089159  -0.008647  0.972676  0.223246  -0.063737  -0.218218  0.972835  0.077286  0.079259  -0.061265  0.994970  0.004396  -0.008105  0.000577  0.413362  0.529050  2.051815  2.000000  
21.442595 0.000137  0.089145  -0.008645  0.972162  0.225320  -0.064275  -0.220206  0.972334  0.077947  0.080060  -0.061624  0.994883  0.004623  -0.008795  0.000542  0.417772  0.545412  2.091902  2.000000  
21.443595 0.000140  0.089133  -0.008644  0.971757  0.226968  -0.064610  -0.221797  0.971935  0.078407  0.080593  -0.061862  0.994826  0.004706  -0.009348  0.000488  0.420455  0.556825  2.120566  2.000000  
21.444842 0.000143  0.089117  -0.008642  0.971337  0.228633  -0.065047  -0.223385  0.971522  0.079016  0.081260  -0.062221  0.994749  0.004536  -0.009779  0.000511  0.423626  0.559338  2.124331  2.000000  
21.445861 0.000144  0.089104  -0.008641  0.971007  0.229889  -0.065542  -0.224572  0.971210  0.079482  0.081927  -0.062459  0.994679  0.004295  -0.010217  0.000540  0.426391  0.560187  2.112599  2.000000  
21.447098 0.000144  0.089087  -0.008640  0.970629  0.231345  -0.066019  -0.225959  0.970849  0.079963  0.082593  -0.062697  0.994609  0.003862  -0.010870  0.000391  0.425107  0.557892  2.071995  2.000000  
21.448347 0.000142  0.089069  -0.008638  0.970191  0.233017  -0.066580  -0.227542  0.970426  0.080607  0.083393  -0.063054  0.994520  0.003411  -0.011337  0.000489  0.427826  0.559792  2.030957  2.000000  
21.449595 0.000140  0.089051  -0.008636  0.969807  0.234473  -0.067054  -0.228927  0.970060  0.081091  0.084060  -0.063292  0.994449  0.002880  -0.011695  0.000685  0.426432  0.565793  1.996643  2.000000  
21.450844 0.000138  0.089033  -0.008634  0.969374  0.236128  -0.067510  -0.230511  0.969643  0.081590  0.084727  -0.063530  0.994377  0.002210  -0.012053  0.000866  0.425223  0.567453  1.962511  2.000000  
21.452090 0.000134  0.089016  -0.008634  0.968986  0.237583  -0.067982  -0.231895  0.969272  0.082078  0.085393  -0.063767  0.994305  0.001549  -0.012385  0.000870  0.420354  0.568900  1.912789  2.000000  
21.453091 0.000130  0.089000  -0.008635  0.968713  0.238613  -0.068257  -0.232884  0.969011  0.082358  0.085793  -0.063886  0.994263  0.000900  -0.012764  0.000756  0.417621  0.567128  1.864789  2.000000  
21.454103 0.000124  0.088985  -0.008637  0.968402  0.239843  -0.068355  -0.234075  0.968691  0.082740  0.086060  -0.064125  0.994224  0.000194  -0.013113  0.000637  0.416598  0.557317  1.809464  2.000000  
21.455343 0.000117  0.088966  -0.008640  0.967970  0.241480  -0.068707  -0.235658  0.968277  0.083096  0.086593  -0.064243  0.994170  -0.000809  -0.013622  0.000432  0.406830  0.541647  1.767749  2.000000  
21.456345 0.000111  0.088951  -0.008644  0.967705  0.242493  -0.068879  -0.236649  0.968024  0.083230  0.086860  -0.064242  0.994147  -0.001430  -0.013909  0.000210  0.396362  0.525962  1.725216  2.000000  
21.457345 0.000105  0.088938  -0.008647  0.967378  0.243722  -0.069134  -0.237836  0.967707  0.083527  0.087259  -0.064360  0.994104  -0.002138  -0.014031  -0.000119  0.388231  0.518114  1.690259  2.000000  
21.458597 0.000095  0.088921  -0.008651  0.967038  0.244959  -0.069518  -0.239020  0.967387  0.083858  0.087793  -0.064477  0.994050  -0.003057  -0.014149  -0.000539  0.373015  0.500292  1.627271  2.000000  
21.459844 0.000085  0.088904  -0.008657  0.966708  0.246179  -0.069802  -0.240205  0.967077  0.084040  0.088192  -0.064475  0.994015  -0.003972  -0.014226  -0.001034  0.353668  0.488341  1.578981  2.000000  
21.460857 0.000075  0.088890  -0.008661  0.966376  0.247399  -0.070085  -0.241391  0.966766  0.084223  0.088592  -0.064473  0.993979  -0.004567  -0.014269  -0.001375  0.339210  0.477279  1.537354  2.000000  
21.462104 0.000063  0.088873  -0.008667  0.966004  0.248817  -0.070191  -0.242777  0.966394  0.084506  0.088859  -0.064592  0.993948  -0.005432  -0.014212  -0.001864  0.320524  0.453730  1.471763  2.000000  
21.463344 0.000050  0.088857  -0.008673  0.965568  0.250433  -0.070439  -0.244359  0.965977  0.084719  0.089259  -0.064590  0.993912  -0.006114  -0.014138  -0.002339  0.309017  0.442370  1.439178  2.000000  
21.464595 0.000037  0.088841  -0.008679  0.965192  0.251842  -0.070574  -0.245744  0.965611  0.084886  0.089525  -0.064588  0.993888  -0.006859  -0.013982  -0.002881  0.291803  0.417747  1.394225  2.000000  
21.465849 0.000025  0.088826  -0.008683  0.964864  0.253051  -0.070727  -0.246931  0.965295  0.085039  0.089792  -0.064586  0.993864  -0.007595  -0.013792  -0.003382  0.272294  0.397958  1.344560  2.000000  
21.467090 0.000013  0.088813  -0.008689  0.964484  0.254459  -0.070862  -0.248315  0.964925  0.085207  0.090058  -0.064585  0.993840  -0.008072  -0.013538  -0.003695  0.256963  0.378002  1.312172  2.000000  
21.468095 0.000004  0.088802  -0.008694  0.964204  0.255469  -0.071032  -0.249301  0.964658  0.085347  0.090325  -0.064583  0.993816  -0.008448  -0.013210  -0.003948  0.246684  0.362177  1.276871  2.000000  
21.469106 -0.000006  0.088791  -0.008699  0.963924  0.256478  -0.071201  -0.250288  0.964390  0.085487  0.090591  -0.064582  0.993792  -0.008697  -0.012896  -0.004146  0.236860  0.350374  1.248654  2.000000  
21.470346 -0.000017  0.088778  -0.008707  0.963550  0.257867  -0.071238  -0.251673  0.964028  0.085506  0.090724  -0.064460  0.993788  -0.008946  -0.012478  -0.004451  0.216829  0.323367  1.229453  2.000000  
21.471595 -0.000026  0.088766  -0.008715  0.963175  0.259256  -0.071275  -0.253059  0.963663  0.085525  0.090858  -0.064339  0.993783  -0.009048  -0.012126  -0.004676  0.202978  0.308086  1.213122  2.000000  
21.472845 -0.000034  0.088754  -0.008723  0.962862  0.260446  -0.071169  -0.254248  0.963342  0.085613  0.090858  -0.064339  0.993783  -0.009048  -0.011752  -0.004966  0.192766  0.282579  1.182598  2.000000  
21.473847 -0.000041  0.088745  -0.008730  0.962588  0.261437  -0.071241  -0.255236  0.963082  0.085604  0.090991  -0.064218  0.993779  -0.008959  -0.011519  -0.005161  0.179261  0.270460  1.161280  2.000000  
21.474847 -0.000046  0.088737  -0.008736  0.962365  0.262230  -0.071331  -0.256026  0.962874  0.085580  0.091124  -0.064096  0.993775  -0.008681  -0.011125  -0.005333  0.162596  0.251882  1.141980  2.000000  
21.475855 -0.000051  0.088728  -0.008744  0.962154  0.263014  -0.071292  -0.256818  0.962668  0.085522  0.091124  -0.063976  0.993782  -0.008394  -0.010830  -0.005548  0.149369  0.236416  1.131859  2.000000  
21.477103 -0.000056  0.088718  -0.008754  0.961825  0.264203  -0.071347  -0.258003  0.962351  0.085527  0.091257  -0.063855  0.993778  -0.007913  -0.010346  -0.005797  0.133557  0.216572  1.125489  2.000000  
21.478104 -0.000060  0.088710  -0.008764  0.961612  0.264987  -0.071309  -0.258795  0.962143  0.085469  0.091257  -0.063734  0.993786  -0.007440  -0.009973  -0.006112  0.119912  0.195427  1.103605  2.000000  
21.479110 -0.000062  0.088701  -0.008772  0.961333  0.265985  -0.071349  -0.259782  0.961868  0.085577  0.091391  -0.063733  0.993774  -0.006910  -0.009646  -0.006391  0.111483  0.182217  1.095517  2.000000  
21.480343 -0.000065  0.088692  -0.008782  0.961011  0.267164  -0.071276  -0.260969  0.961549  0.085549  0.091391  -0.063613  0.993781  -0.006266  -0.009348  -0.006762  0.099061  0.160243  1.087712  2.000000  
21.481346 -0.000066  0.088684  -0.008790  0.960742  0.268154  -0.071188  -0.261958  0.961274  0.085622  0.091391  -0.063613  0.993781  -0.005675  -0.009076  -0.007033  0.094649  0.142651  1.079531  2.000000  
21.482596 -0.000066  0.088675  -0.008800  0.960472  0.269135  -0.071132  -0.262947  0.961007  0.085579  0.091391  -0.063492  0.993789  -0.004896  -0.008708  -0.007267  0.081488  0.125531  1.064691  2.000000  
21.483843 -0.000067  0.088667  -0.008809  0.960255  0.269917  -0.071094  -0.263738  0.960796  0.085521  0.091391  -0.063372  0.993797  -0.004132  -0.008389  -0.007422  0.071740  0.112048  1.041655  2.000000  
21.484844 -0.000066  0.088661  -0.008816  0.960038  0.270700  -0.071057  -0.264528  0.960584  0.085463  0.091391  -0.063251  0.993804  -0.003535  -0.008140  -0.007502  0.062534  0.100821  1.028619  2.000000  
21.486090 -0.000066  0.088654  -0.008825  0.959765  0.271680  -0.071002  -0.265516  0.960315  0.085419  0.091391  -0.063130  0.993812  -0.002870  -0.007779  -0.007533  0.053537  0.087098  1.012697  2.000000  
21.487097 -0.000065  0.088649  -0.008831  0.959601  0.272264  -0.070982  -0.266109  0.960157  0.085347  0.091391  -0.063010  0.993820  -0.002324  -0.007489  -0.007569  0.043544  0.076099  0.992437  2.000000  
21.488097 -0.000064  0.088643  -0.008838  0.959436  0.272849  -0.070962  -0.266702  0.959999  0.085274  0.091391  -0.062889  0.993827  -0.001760  -0.007210  -0.007580  0.039045  0.063137  0.984655  2.000000  
21.489109 -0.000062  0.088640  -0.008845  0.959271  0.273433  -0.070943  -0.267294  0.959841  0.085202  0.091391  -0.062769  0.993835  -0.001276  -0.006884  -0.007583  0.029836  0.050538  0.969682  2.000000  
21.490350 -0.000060  0.088635  -0.008854  0.959106  0.274017  -0.070923  -0.267887  0.959682  0.085129  0.091391  -0.062648  0.993843  -0.000714  -0.006446  -0.007558  0.023472  0.038909  0.941532  2.000000  
21.491595 -0.000058  0.088632  -0.008862  0.958996  0.274395  -0.070955  -0.268281  0.959590  0.084925  0.091391  -0.062407  0.993858  -0.000315  -0.006028  -0.007468  0.008805  0.031495  0.906082  2.000000  
21.492873 -0.000057  0.088628  -0.008871  0.958830  0.274970  -0.070969  -0.268874  0.959441  0.084736  0.091391  -0.062166  0.993873  0.000152  -0.005553  -0.007284  -0.002838  0.021013  0.870532  2.000000  
21.494093 -0.000057  0.088624  -0.008880  0.958675  0.275546  -0.070822  -0.269469  0.959283  0.084628  0.091257  -0.062046  0.993893  0.000395  -0.005175  -0.007182  -0.009360  0.009377  0.843036  2.000000  
21.495095 -0.000056  0.088622  -0.008887  0.958564  0.275933  -0.070821  -0.269864  0.959180  0.084541  0.091257  -0.061926  0.993900  0.000570  -0.004789  -0.007070  -0.014457  0.001318  0.821912  2.000000  
21.496099 -0.000057  0.088619  -0.008893  0.958509  0.276122  -0.070837  -0.270061  0.959133  0.084439  0.091257  -0.061805  0.993908  0.000592  -0.004476  -0.006981  -0.022299  -0.004971  0.786660  2.000000  
21.497342 -0.000058  0.088615  -0.008902  0.958397  0.276508  -0.070836  -0.270456  0.959030  0.084352  0.091257  -0.061685  0.993915  0.000543  -0.004085  -0.006963  -0.027927  -0.012485  0.759328  2.000000  
21.498595 -0.000061  0.088611  -0.008911  0.958286  0.276894  -0.070834  -0.270850  0.958926  0.084265  0.091257  -0.061564  0.993923  0.000399  -0.003768  -0.006948  -0.035905  -0.018898  0.723782  2.000000  
21.499846 -0.000064  0.088607  -0.008920  0.958174  0.277280  -0.070833  -0.271245  0.958822  0.084177  0.091257  -0.061444  0.993930  0.000112  -0.003525  -0.006985  -0.038958  -0.025608  0.688839  2.000000  
21.501095 -0.000069  0.088604  -0.008929  0.958063  0.277666  -0.070832  -0.271639  0.958718  0.084090  0.091257  -0.061323  0.993937  -0.000224  -0.003324  -0.006964  -0.044512  -0.028514  0.662468  2.000000  
21.502097 -0.000073  0.088601  -0.008936  0.958007  0.277855  -0.070849  -0.271837  0.958671  0.083989  0.091257  -0.061202  0.993945  -0.000572  -0.003175  -0.006989  -0.047642  -0.026282  0.628423  2.000000  
21.503366 -0.000079  0.088596  -0.008945  0.957951  0.278044  -0.070865  -0.272034  0.958624  0.083887  0.091257  -0.061082  0.993952  -0.001107  -0.003059  -0.006956  -0.051107  -0.028720  0.598482  2.000000  
21.504594 -0.000087  0.088592  -0.008953  0.957839  0.278430  -0.070864  -0.272428  0.958520  0.083800  0.091257  -0.060961  0.993960  -0.001688  -0.003056  -0.006984  -0.052563  -0.031597  0.573263  2.000000  
21.505598 -0.000093  0.088588  -0.008960  0.957783  0.278619  -0.070881  -0.272625  0.958473  0.083698  0.091257  -0.060841  0.993967  -0.002265  -0.003070  -0.007009  -0.054435  -0.030240  0.552744  2.000000  
21.506847 -0.000101  0.088585  -0.008968  0.957715  0.278815  -0.071025  -0.272819  0.958423  0.083633  0.091391  -0.060719  0.993962  -0.002872  -0.003069  -0.006951  -0.057497  -0.028036  0.518662  2.000000  
21.508097 -0.000110  0.088581  -0.008975  0.957715  0.278807  -0.071059  -0.272819  0.958433  0.083517  0.091391  -0.060599  0.993970  -0.003599  -0.003058  -0.006832  -0.060640  -0.025844  0.484631  2.000000  
21.509108 -0.000118  0.088578  -0.008980  0.957715  0.278798  -0.071093  -0.272819  0.958444  0.083400  0.091391  -0.060478  0.993977  -0.004152  -0.003078  -0.006707  -0.067780  -0.028131  0.450187  2.000000  
21.510343 -0.000128  0.088574  -0.008987  0.957715  0.278798  -0.071093  -0.272819  0.958444  0.083400  0.091391  -0.060478  0.993977  -0.004801  -0.003127  -0.006594  -0.068703  -0.025336  0.405844  2.000000  
21.511345 -0.000137  0.088570  -0.008993  0.957658  0.278987  -0.071110  -0.273016  0.958396  0.083299  0.091391  -0.060358  0.993984  -0.005322  -0.003199  -0.006490  -0.074047  -0.023821  0.381953  2.000000  
21.512598 -0.000148  0.088565  -0.009000  0.957658  0.278978  -0.071144  -0.273016  0.958406  0.083183  0.091391  -0.060237  0.993992  -0.006032  -0.003331  -0.006339  -0.078456  -0.021404  0.343862  2.000000  
21.513841 -0.000160  0.088559  -0.009006  0.957658  0.278978  -0.071144  -0.273016  0.958406  0.083183  0.091391  -0.060237  0.993992  -0.006658  -0.003450  -0.006210  -0.075654  -0.019936  0.320591  2.000000  
21.514844 -0.000171  0.088554  -0.009012  0.957715  0.278772  -0.071195  -0.272819  0.958474  0.083052  0.091391  -0.060117  0.993999  -0.007084  -0.003561  -0.006083  -0.078785  -0.017779  0.286469  2.000000  
21.515848 -0.000181  0.088549  -0.009016  0.957715  0.278772  -0.071195  -0.272819  0.958474  0.083052  0.091391  -0.060117  0.993999  -0.007614  -0.003730  -0.005939  -0.078510  -0.015774  0.254418  2.000000  
21.517091 -0.000194  0.088541  -0.009022  0.957771  0.278575  -0.071212  -0.272622  0.958531  0.083037  0.091391  -0.060117  0.993999  -0.008100  -0.003952  -0.005766  -0.076355  -0.013944  0.225120  2.000000  
21.518093 -0.000204  0.088536  -0.009027  0.957771  0.278575  -0.071212  -0.272622  0.958531  0.083037  0.091391  -0.060117  0.993999  -0.008423  -0.004090  -0.005589  -0.074189  -0.012663  0.204643  2.000000  
21.519106 -0.000215  0.088529  -0.009032  0.957827  0.278378  -0.071229  -0.272425  0.958589  0.083022  0.091391  -0.060117  0.993999  -0.008805  -0.004318  -0.005434  -0.072652  -0.010964  0.177354  2.000000  
21.520348 -0.000228  0.088521  -0.009037  0.957827  0.278378  -0.071229  -0.272425  0.958589  0.083022  0.091391  -0.060117  0.993999  -0.009186  -0.004600  -0.005222  0.000000  0.000000  0.000000  2.000000  
21.521596 -0.000242  0.088512  -0.009043  0.957883  0.278189  -0.071212  -0.272228  0.958636  0.083124  0.091391  -0.060237  0.993992  -0.009458  -0.004882  -0.005081  0.000000  0.000000  0.000000  2.000000  
21.522844 -0.000255  0.088503  -0.009048  0.957939  0.277991  -0.071229  -0.272031  0.958693  0.083109  0.091391  -0.060237  0.993992  -0.009738  -0.005211  -0.004924  0.000000  0.000000  0.000000  2.000000  
21.523847 -0.000264  0.088497  -0.009052  0.957995  0.277794  -0.071246  -0.271833  0.958750  0.083095  0.091391  -0.060237  0.993992  -0.009952  -0.005527  -0.004868  0.000000  0.000000  0.000000  2.000000  
21.525097 -0.000276  0.088489  -0.009057  0.958051  0.277597  -0.071263  -0.271636  0.958807  0.083080  0.091391  -0.060237  0.993992  -0.010060  -0.005791  -0.004723  0.000000  0.000000  0.000000  2.000000  
21.526100 -0.000286  0.088482  -0.009061  0.958107  0.277399  -0.071280  -0.271439  0.958864  0.083065  0.091391  -0.060237  0.993992  -0.010096  -0.005994  -0.004623  0.000000  0.000000  0.000000  2.000000  
21.527342 -0.000297  0.088474  -0.009064  0.958219  0.277004  -0.071315  -0.271044  0.958979  0.083036  0.091391  -0.060237  0.993992  -0.010068  -0.006093  -0.004439  0.000000  0.000000  0.000000  2.000000  
21.528345 -0.000306  0.088468  -0.009068  0.958274  0.276807  -0.071332  -0.270847  0.959036  0.083021  0.091391  -0.060237  0.993992  -0.010042  -0.006271  -0.004264  0.000000  0.000000  0.000000  2.000000  
21.529591 -0.000317  0.088460  -0.009071  0.958330  0.276610  -0.071349  -0.270650  0.959093  0.083007  0.091391  -0.060237  0.993992  -0.009918  -0.006328  -0.004060  0.000000  0.000000  0.000000  2.000000  
21.530593 -0.000325  0.088454  -0.009074  0.958330  0.276610  -0.071349  -0.270650  0.959093  0.083007  0.091391  -0.060237  0.993992  -0.009767  -0.006413  -0.003897  0.000000  0.000000  0.000000  2.000000  
21.531841 -0.000335  0.088446  -0.009076  0.958386  0.276412  -0.071366  -0.270452  0.959150  0.082992  0.091391  -0.060237  0.993992  -0.009561  -0.006429  -0.003646  0.000000  0.000000  0.000000  2.000000  
21.532863 -0.000342  0.088441  -0.009078  0.958441  0.276215  -0.071383  -0.270255  0.959206  0.082977  0.091391  -0.060237  0.993992  -0.009355  -0.006419  -0.003458  0.000000  0.000000  0.000000  2.000000  
21.534098 -0.000352  0.088434  -0.009080  0.958497  0.276026  -0.071367  -0.270058  0.959253  0.083079  0.091391  -0.060358  0.993984  -0.009122  -0.006334  -0.003246  0.000000  0.000000  0.000000  2.000000  
21.535343 -0.000360  0.088427  -0.009083  0.958553  0.275828  -0.071384  -0.269861  0.959310  0.083064  0.091391  -0.060358  0.993984  -0.008767  -0.006206  -0.003048  0.000000  0.000000  0.000000  2.000000  
21.536345 -0.000366  0.088423  -0.009084  0.958553  0.275828  -0.071384  -0.269861  0.959310  0.083064  0.091391  -0.060358  0.993984  -0.008455  -0.006098  -0.002835  0.000000  0.000000  0.000000  2.000000  
21.537347 -0.000372  0.088418  -0.009086  0.958620  0.275632  -0.071239  -0.269666  0.959359  0.083130  0.091257  -0.060479  0.993989  -0.008097  -0.005902  -0.002608  0.000000  0.000000  0.000000  2.000000  
21.538592 -0.000378  0.088412  -0.009088  0.958620  0.275632  -0.071239  -0.269666  0.959359  0.083130  0.091257  -0.060479  0.993989  -0.007761  -0.005727  -0.002427  0.000000  0.000000  0.000000  2.000000  
21.539595 -0.000383  0.088408  -0.009090  0.958620  0.275632  -0.071239  -0.269666  0.959359  0.083130  0.091257  -0.060479  0.993989  -0.007404  -0.005534  -0.002291  0.000000  0.000000  0.000000  2.000000  
21.540597 -0.000388  0.088405  -0.009091  0.958675  0.275443  -0.071223  -0.269469  0.959405  0.083231  0.091257  -0.060600  0.993982  -0.007099  -0.005361  -0.002138  0.000000  0.000000  0.000000  2.000000  
21.541844 -0.000392  0.088400  -0.009093  0.958675  0.275443  -0.071223  -0.269469  0.959405  0.083231  0.091257  -0.060600  0.993982  -0.006623  -0.005122  -0.002004  0.000000  0.000000  0.000000  2.000000  
21.542844 -0.000396  0.088397  -0.009095  0.958675  0.275443  -0.071223  -0.269469  0.959405  0.083231  0.091257  -0.060600  0.993982  -0.006283  -0.004906  -0.001878  0.000000  0.000000  0.000000  2.000000  
21.544093 -0.000400  0.088393  -0.009097  0.958620  0.275649  -0.071173  -0.269666  0.959339  0.083363  0.091257  -0.060720  0.993974  -0.005845  -0.004668  -0.001799  0.000000  0.000000  0.000000  2.000000  
21.545097 -0.000402  0.088391  -0.009098  0.958620  0.275649  -0.071173  -0.269666  0.959339  0.083363  0.091257  -0.060720  0.993974  -0.005429  -0.004390  -0.001714  0.000000  0.000000  0.000000  2.000000  
21.546106 -0.000405  0.088389  -0.009100  0.958620  0.275649  -0.071173  -0.269666  0.959339  0.083363  0.091257  -0.060720  0.993974  -0.005015  -0.004129  -0.001651  0.000000  0.000000  0.000000  2.000000  
21.547342 -0.000408  0.088386  -0.009101  0.958553  0.275863  -0.071250  -0.269861  0.959270  0.083530  0.091391  -0.060840  0.993955  -0.004570  -0.003838  -0.001611  0.000000  0.000000  0.000000  2.000000  
21.548343 -0.000409  0.088384  -0.009103  0.958553  0.275863  -0.071250  -0.269861  0.959270  0.083530  0.091391  -0.060840  0.993955  -0.004209  -0.003589  -0.001606  0.000000  0.000000  0.000000  2.000000  
21.549345 -0.000411  0.088382  -0.009104  0.958497  0.276060  -0.071233  -0.270058  0.959213  0.083544  0.091391  -0.060840  0.993955  -0.003842  -0.003363  -0.001592  0.000000  0.000000  0.000000  2.000000  
21.550590 -0.000412  0.088381  -0.009106  0.958441  0.276267  -0.071182  -0.270255  0.959146  0.083675  0.091391  -0.060961  0.993947  -0.003392  -0.003042  -0.001532  0.000000  0.000000  0.000000  2.000000  
21.551591 -0.000413  0.088380  -0.009107  0.958441  0.276267  -0.071182  -0.270255  0.959146  0.083675  0.091391  -0.060961  0.993947  -0.003044  -0.002790  -0.001494  0.000000  0.000000  0.000000  2.000000  
21.552850 -0.000414  0.088379  -0.009108  0.958386  0.276464  -0.071165  -0.270452  0.959089  0.083690  0.091391  -0.060961  0.993947  -0.002552  -0.002415  -0.001413  0.000000  0.000000  0.000000  2.000000  
21.554110 -0.000414  0.088378  -0.009109  0.958330  0.276670  -0.071114  -0.270650  0.959022  0.083821  0.091391  -0.061081  0.993940  -0.002184  -0.002105  -0.001328  0.000000  0.000000  0.000000  2.000000  
21.555348 -0.000415  0.088378  -0.009110  0.958274  0.276868  -0.071097  -0.270847  0.958965  0.083836  0.091391  -0.061081  0.993940  -0.001809  -0.001803  -0.001281  0.000000  0.000000  0.000000  2.000000  
21.556594 -0.000415  0.088377  -0.009112  0.958274  0.276876  -0.071063  -0.270847  0.958955  0.083952  0.091391  -0.061202  0.993933  -0.001553  -0.001619  -0.001295  0.000000  0.000000  0.000000  2.000000  
21.557595 -0.000415  0.088377  -0.009114  0.958219  0.277074  -0.071046  -0.271044  0.958898  0.083966  0.091391  -0.061202  0.993933  -0.001284  -0.001365  -0.001281  0.000000  0.000000  0.000000  2.000000  
21.558842 -0.000415  0.088377  -0.009116  0.958219  0.277074  -0.071046  -0.271044  0.958898  0.083966  0.091391  -0.061202  0.993933  -0.001057  -0.001162  -0.001270  0.000000  0.000000  0.000000  2.000000  
21.559848 -0.000415  0.088376  -0.009117  0.958163  0.277271  -0.071029  -0.271242  0.958841  0.083981  0.091391  -0.061202  0.993933  -0.000877  -0.000994  -0.001267  0.000000  0.000000  0.000000  2.000000  
21.561097 -0.000415  0.088376  -0.009119  0.958107  0.277477  -0.070978  -0.271439  0.958773  0.084112  0.091391  -0.061322  0.993925  -0.000668  -0.000848  -0.001300  0.000000  0.000000  0.000000  2.000000  
21.562106 -0.000415  0.088375  -0.009121  0.958107  0.277477  -0.070978  -0.271439  0.958773  0.084112  0.091391  -0.061322  0.993925  -0.000493  -0.000725  -0.001339  0.000000  0.000000  0.000000  2.000000  
21.563342 -0.000415  0.088374  -0.009123  0.958051  0.277674  -0.070960  -0.271636  0.958716  0.084127  0.091391  -0.061322  0.993925  -0.000407  -0.000649  -0.001359  0.000000  0.000000  0.000000  2.000000  
21.564618 -0.000416  0.088374  -0.009125  0.958051  0.277683  -0.070927  -0.271636  0.958706  0.084243  0.091391  -0.061443  0.993918  -0.000271  -0.000544  -0.001383  0.000000  0.000000  0.000000  2.000000  
21.565848 -0.000416  0.088373  -0.009127  0.957995  0.277880  -0.070909  -0.271833  0.958649  0.084257  0.091391  -0.061443  0.993918  -0.000235  -0.000501  -0.001411  0.000000  0.000000  0.000000  2.000000  
21.567096 -0.000417  0.088371  -0.009129  0.957995  0.277889  -0.070876  -0.271833  0.958638  0.084374  0.091391  -0.061563  0.993910  -0.000216  -0.000527  -0.001435  0.000000  0.000000  0.000000  2.000000  
21.568097 -0.000418  0.088370  -0.009130  0.957995  0.277889  -0.070876  -0.271833  0.958638  0.084374  0.091391  -0.061563  0.993910  -0.000258  -0.000603  -0.001498  0.000000  0.000000  0.000000  2.000000  
21.569107 -0.000419  0.088369  -0.009132  0.957995  0.277889  -0.070876  -0.271833  0.958638  0.084374  0.091391  -0.061563  0.993910  -0.000315  -0.000642  -0.001509  0.000000  0.000000  0.000000  2.000000  
21.570348 -0.000421  0.088367  -0.009133  0.957939  0.278095  -0.070824  -0.272031  0.958571  0.084505  0.091391  -0.061684  0.993903  -0.000444  -0.000739  -0.001478  0.000000  0.000000  0.000000  2.000000  
21.571595 -0.000423  0.088365  -0.009135  0.957939  0.278095  -0.070824  -0.272031  0.958571  0.084505  0.091391  -0.061684  0.993903  -0.000580  -0.000834  -0.001518  0.000000  0.000000  0.000000  2.000000  
21.572847 -0.000426  0.088363  -0.009136  0.957939  0.278095  -0.070824  -0.272031  0.958571  0.084505  0.091391  -0.061684  0.993903  -0.000741  -0.000957  -0.001507  0.000000  0.000000  0.000000  2.000000  
21.574099 -0.000429  0.088360  -0.009138  0.957939  0.278103  -0.070791  -0.272031  0.958561  0.084621  0.091391  -0.061804  0.993895  -0.000955  -0.001116  -0.001507  0.000000  0.000000  0.000000  2.000000  
21.575345 -0.000432  0.088358  -0.009140  0.957939  0.278103  -0.070791  -0.272031  0.958561  0.084621  0.091391  -0.061804  0.993895  -0.001175  -0.001197  -0.001438  0.000000  0.000000  0.000000  2.000000  
21.576596 -0.000436  0.088356  -0.009141  0.957927  0.278111  -0.070919  -0.272027  0.958558  0.084657  0.091524  -0.061804  0.993883  -0.001413  -0.001323  -0.001384  0.000000  0.000000  0.000000  2.000000  
21.577844 -0.000439  0.088353  -0.009142  0.957983  0.277914  -0.070936  -0.271830  0.958616  0.084643  0.091524  -0.061804  0.993883  -0.001622  -0.001432  -0.001335  0.000000  0.000000  0.000000  2.000000  
21.579107 -0.000444  0.088350  -0.009144  0.957983  0.277914  -0.070936  -0.271830  0.958616  0.084643  0.091524  -0.061804  0.993883  -0.001919  -0.001633  -0.001305  0.000000  0.000000  0.000000  2.000000  
21.580342 -0.000447  0.088347  -0.009145  0.957983  0.277914  -0.070936  -0.271830  0.958616  0.084643  0.091524  -0.061804  0.993883  -0.002103  -0.001765  -0.001284  0.000000  0.000000  0.000000  2.000000  
21.581344 -0.000450  0.088344  -0.009147  0.957983  0.277914  -0.070936  -0.271830  0.958616  0.084643  0.091524  -0.061804  0.993883  -0.002300  -0.001883  -0.001277  0.000000  0.000000  0.000000  2.000000  
21.582590 -0.000455  0.088340  -0.009149  0.957983  0.277914  -0.070936  -0.271830  0.958616  0.084643  0.091524  -0.061804  0.993883  -0.002518  -0.002045  -0.001276  0.000000  0.000000  0.000000  2.000000  
21.583596 -0.000458  0.088337  -0.009150  0.957983  0.277914  -0.070936  -0.271830  0.958616  0.084643  0.091524  -0.061804  0.993883  -0.002653  -0.002138  -0.001315  0.000000  0.000000  0.000000  2.000000  
21.584840 -0.000463  0.088333  -0.009152  0.957971  0.277922  -0.071064  -0.271827  0.958613  0.084679  0.091657  -0.061803  0.993871  -0.002803  -0.002287  -0.001317  0.000000  0.000000  0.000000  2.000000  
21.585844 -0.000466  0.088330  -0.009154  0.957971  0.277922  -0.071064  -0.271827  0.958613  0.084679  0.091657  -0.061803  0.993871  -0.002894  -0.002402  -0.001320  0.000000  0.000000  0.000000  2.000000  
21.586851 -0.000469  0.088327  -0.009155  0.957971  0.277922  -0.071064  -0.271827  0.958613  0.084679  0.091657  -0.061803  0.993871  -0.003041  -0.002535  -0.001353  0.000000  0.000000  0.000000  2.000000  
21.588097 -0.000474  0.088322  -0.009158  0.957971  0.277922  -0.071064  -0.271827  0.958613  0.084679  0.091657  -0.061803  0.993871  -0.003129  -0.002660  -0.001403  0.000000  0.000000  0.000000  2.000000  
21.589108 -0.000477  0.088320  -0.009160  0.957960  0.277930  -0.071192  -0.271823  0.958611  0.084715  0.091790  -0.061802  0.993859  -0.003172  -0.002726  -0.001417  0.000000  0.000000  0.000000  2.000000  
21.590345 -0.000481  0.088316  -0.009162  0.957904  0.278127  -0.071175  -0.272021  0.958554  0.084730  0.091790  -0.061802  0.993859  -0.003210  -0.002850  -0.001472  0.000000  0.000000  0.000000  2.000000  
21.591594 -0.000485  0.088312  -0.009164  0.957904  0.278119  -0.071208  -0.272021  0.958564  0.084614  0.091790  -0.061682  0.993866  -0.003252  -0.002925  -0.001533  0.000000  0.000000  0.000000  2.000000  
21.592596 -0.000487  0.088309  -0.009166  0.957904  0.278119  -0.071208  -0.272021  0.958564  0.084614  0.091790  -0.061682  0.993866  -0.003256  -0.002975  -0.001565  0.000000  0.000000  0.000000  2.000000  
21.593844 -0.000491  0.088306  -0.009168  0.957892  0.278127  -0.071336  -0.272017  0.958562  0.084650  0.091924  -0.061681  0.993854  -0.003222  -0.002988  -0.001670  0.000000  0.000000  0.000000  2.000000  
21.594844 -0.000494  0.088303  -0.009170  0.957892  0.278127  -0.071336  -0.272017  0.958562  0.084650  0.091924  -0.061681  0.993854  -0.003187  -0.003015  -0.001727  0.000000  0.000000  0.000000  2.000000  
21.595849 -0.000496  0.088301  -0.009172  0.957836  0.278324  -0.071319  -0.272214  0.958505  0.084665  0.091924  -0.061681  0.993854  -0.003113  -0.002970  -0.001724  0.000000  0.000000  0.000000  2.000000  
21.596851 -0.000498  0.088299  -0.009173  0.957836  0.278315  -0.071352  -0.272214  0.958515  0.084548  0.091924  -0.061560  0.993861  -0.003037  -0.002923  -0.001721  0.000000  0.000000  0.000000  2.000000  
21.597934 -0.000500  0.088297  -0.009175  0.957824  0.278323  -0.071480  -0.272211  0.958513  0.084585  0.092057  -0.061560  0.993849  -0.002940  -0.002840  -0.001751  0.000000  0.000000  0.000000  2.000000  
21.599111 -0.000502  0.088294  -0.009177  0.957768  0.278521  -0.071463  -0.272408  0.958455  0.084599  0.092057  -0.061560  0.993849  -0.002819  -0.002794  -0.001756  0.000000  0.000000  0.000000  2.000000  
21.600347 -0.000504  0.088291  -0.009179  0.957768  0.278521  -0.071463  -0.272408  0.958455  0.084599  0.092057  -0.061560  0.993849  -0.002683  -0.002722  -0.001760  0.000000  0.000000  0.000000  2.000000  
21.601348 -0.000505  0.088289  -0.009181  0.957756  0.278520  -0.071625  -0.272405  0.958463  0.084520  0.092190  -0.061438  0.993844  -0.002522  -0.002578  -0.001710  0.000000  0.000000  0.000000  2.000000  
21.602349 -0.000507  0.088287  -0.009182  0.957700  0.278717  -0.071607  -0.272602  0.958406  0.084534  0.092190  -0.061438  0.993844  -0.002374  -0.002488  -0.001705  0.000000  0.000000  0.000000  2.000000  
21.603369 -0.000508  0.088286  -0.009183  0.957700  0.278717  -0.071607  -0.272602  0.958406  0.084534  0.092190  -0.061438  0.993844  -0.002234  -0.002389  -0.001663  0.000000  0.000000  0.000000  2.000000  
21.604597 -0.000509  0.088284  -0.009185  0.957644  0.278914  -0.071590  -0.272799  0.958349  0.084549  0.092190  -0.061438  0.993844  -0.002026  -0.002252  -0.001622  0.000000  0.000000  0.000000  2.000000  
21.605599 -0.000510  0.088283  -0.009186  0.957632  0.278922  -0.071718  -0.272796  0.958346  0.084585  0.092323  -0.061437  0.993832  -0.001896  -0.002134  -0.001592  0.000000  0.000000  0.000000  2.000000  
21.606847 -0.000510  0.088282  -0.009187  0.957576  0.279120  -0.071700  -0.272993  0.958289  0.084600  0.092323  -0.061437  0.993832  -0.001694  -0.002005  -0.001499  0.000000  0.000000  0.000000  2.000000  
21.608099 -0.000511  0.088281  -0.009188  0.957576  0.279111  -0.071734  -0.272993  0.958299  0.084484  0.092323  -0.061317  0.993839  -0.001470  -0.001798  -0.001459  0.000000  0.000000  0.000000  2.000000  
21.609110 -0.000511  0.088280  -0.009189  0.957508  0.279316  -0.071845  -0.273187  0.958239  0.084535  0.092456  -0.061316  0.993827  -0.001275  -0.001653  -0.001351  0.000000  0.000000  0.000000  2.000000  
21.610111 -0.000511  0.088280  -0.009190  0.957508  0.279316  -0.071845  -0.273187  0.958239  0.084535  0.092456  -0.061316  0.993827  -0.001120  -0.001530  -0.001258  0.000000  0.000000  0.000000  2.000000  
21.611347 -0.000511  0.088280  -0.009190  0.957451  0.279513  -0.071827  -0.273384  0.958182  0.084550  0.092456  -0.061316  0.993827  -0.000956  -0.001314  -0.001176  0.000000  0.000000  0.000000  2.000000  
21.612597 -0.000512  0.088280  -0.009191  0.957451  0.279513  -0.071827  -0.273384  0.958182  0.084550  0.092456  -0.061316  0.993827  -0.000833  -0.001149  -0.001075  0.000000  0.000000  0.000000  2.000000  
21.613599 -0.000512  0.088280  -0.009192  0.957383  0.279718  -0.071938  -0.273577  0.958122  0.084601  0.092590  -0.061315  0.993815  -0.000694  -0.000950  -0.001004  0.000000  0.000000  0.000000  2.000000  
21.614619 -0.000512  0.088280  -0.009192  0.957383  0.279718  -0.071938  -0.273577  0.958122  0.084601  0.092590  -0.061315  0.993815  -0.000565  -0.000776  -0.000895  0.000000  0.000000  0.000000  2.000000  
21.615849 -0.000512  0.088281  -0.009192  0.957327  0.279916  -0.071920  -0.273775  0.958065  0.084616  0.092590  -0.061315  0.993815  -0.000488  -0.000603  -0.000782  0.000000  0.000000  0.000000  2.000000  
21.617100 -0.000512  0.088281  -0.009192  0.957259  0.280121  -0.072031  -0.273968  0.958005  0.084668  0.092723  -0.061315  0.993802  -0.000384  -0.000448  -0.000682  0.000000  0.000000  0.000000  2.000000  
21.618110 -0.000512  0.088282  -0.009192  0.957259  0.280121  -0.072031  -0.273968  0.958005  0.084668  0.092723  -0.061315  0.993802  -0.000307  -0.000261  -0.000623  0.000000  0.000000  0.000000  2.000000  
21.619112 -0.000512  0.088283  -0.009192  0.957202  0.280318  -0.072013  -0.274165  0.957947  0.084682  0.092723  -0.061315  0.993802  -0.000221  -0.000109  -0.000498  0.000000  0.000000  0.000000  2.000000  
21.620125 -0.000512  0.088283  -0.009192  0.957146  0.280524  -0.071962  -0.274362  0.957879  0.084813  0.092723  -0.061435  0.993795  -0.000193  0.000012  -0.000455  0.000000  0.000000  0.000000  2.000000  
21.621348 -0.000512  0.088284  -0.009192  0.957134  0.280532  -0.072090  -0.274359  0.957877  0.084850  0.092856  -0.061434  0.993782  -0.000134  0.000159  -0.000394  0.000000  0.000000  0.000000  2.000000  
21.622348 -0.000512  0.088285  -0.009193  0.957077  0.280729  -0.072072  -0.274556  0.957819  0.084865  0.092856  -0.061434  0.993782  -0.000091  0.000235  -0.000332  0.000000  0.000000  0.000000  2.000000  
21.623597 -0.000513  0.088285  -0.009192  0.957077  0.280729  -0.072072  -0.274556  0.957819  0.084865  0.092856  -0.061434  0.993782  -0.000088  0.000363  -0.000221  0.000000  0.000000  0.000000  2.000000  
