1-Time 2-Px 3-Py 4-Pz 5-R11 6-R21 7-R31 8-R12 9-R22 10-R32 11-R13 12-R23 13-R33 14-Vx 15-Vy 16-Vz 17-Wx 18-Wy 19-Wz 20-state 21-PR11 22-PR21 23-PR31 24-PR12 25-PR22 26-PR32 27-PR13 28-PR23 29-PR33 
137.665129 0.002997  0.092552  -0.026359  0.976044  0.186902  -0.111383  -0.179618  0.981078  0.072275  0.122784  -0.050537  0.991146  0.000182  0.000149  0.000106  0.000000  0.000000  0.000000  2.000000  
137.666130 0.002998  0.092552  -0.026359  0.976044  0.186915  -0.111361  -0.179618  0.981069  0.072394  0.122784  -0.050658  0.991140  0.000213  0.000174  0.000124  0.000000  0.000000  0.000000  2.000000  
137.667137 0.002998  0.092551  -0.026360  0.975719  0.188369  -0.111755  -0.181012  0.980785  0.072770  0.123315  -0.050774  0.991068  0.000213  0.000103  0.000081  0.000000  0.000000  0.000000  2.000000  
137.668387 0.002998  0.092549  -0.026360  0.975301  0.190233  -0.112249  -0.182804  0.980419  0.073218  0.123979  -0.050890  0.990979  0.000194  -0.000041  0.000032  0.000000  0.000000  0.000000  2.000000  
137.669634 0.002998  0.092546  -0.026362  0.974938  0.191727  -0.112855  -0.184191  0.980110  0.073884  0.124776  -0.051246  0.990861  0.000178  -0.000260  -0.000061  0.000000  0.000000  0.000000  2.000000  
137.670635 0.002998  0.092544  -0.026362  0.974721  0.192602  -0.113245  -0.184981  0.979919  0.074433  0.125307  -0.051603  0.990775  0.000162  -0.000405  -0.000109  0.046771  0.076099  0.182665  2.000000  
137.671635 0.002998  0.092543  -0.026363  0.974430  0.193679  -0.113902  -0.185966  0.979695  0.074936  0.126103  -0.051838  0.990662  0.000159  -0.000478  -0.000154  0.059297  0.101237  0.218328  2.000000  
137.672640 0.002998  0.092543  -0.026362  0.973985  0.195562  -0.114497  -0.187752  0.979308  0.075535  0.126899  -0.052073  0.990548  0.000119  -0.000502  -0.000132  0.075359  0.125032  0.281617  2.000000  
137.673885 0.002996  0.092544  -0.026361  0.973311  0.198279  -0.115547  -0.190325  0.978749  0.076333  0.128227  -0.052304  0.990365  0.000025  -0.000431  -0.000057  0.099006  0.165193  0.372844  2.000000  
137.675132 0.002994  0.092544  -0.026362  0.972646  0.201002  -0.116439  -0.192899  0.978175  0.077230  0.129421  -0.052656  0.990191  -0.000185  -0.000438  -0.000141  0.122865  0.201001  0.464322  2.000000  
137.676394 0.002991  0.092544  -0.026367  0.971915  0.203918  -0.117465  -0.195667  0.977558  0.078064  0.130747  -0.052887  0.990004  -0.000432  -0.000454  -0.000475  0.142412  0.238840  0.557967  2.000000  
137.677632 0.002989  0.092546  -0.026370  0.971158  0.206840  -0.118617  -0.198429  0.976932  0.078931  0.132206  -0.053117  0.989798  -0.000556  -0.000370  -0.000737  0.164445  0.285024  0.660892  2.000000  
137.678632 0.002989  0.092547  -0.026371  0.970508  0.209330  -0.119563  -0.200795  0.976395  0.079583  0.133400  -0.053229  0.989632  -0.000566  -0.000324  -0.000791  0.179550  0.321089  0.745235  2.000000  
137.679880 0.002992  0.092546  -0.026371  0.969672  0.212457  -0.120820  -0.203747  0.975707  0.080516  0.134991  -0.053457  0.989404  -0.000369  -0.000366  -0.000758  0.200020  0.366464  0.843884  2.000000  
137.680880 0.002996  0.092545  -0.026370  0.968971  0.214973  -0.121993  -0.206100  0.975143  0.081353  0.136449  -0.053686  0.989191  -0.000133  -0.000472  -0.000733  0.221364  0.414756  0.936347  2.000000  
137.681885 0.003001  0.092544  -0.026371  0.968218  0.217704  -0.123118  -0.208650  0.974518  0.082341  0.137907  -0.054035  0.988970  0.000205  -0.000489  -0.000792  0.246678  0.458506  1.033969  2.000000  
137.683137 0.003007  0.092544  -0.026372  0.967315  0.220857  -0.124593  -0.211583  0.973789  0.083471  0.139762  -0.054381  0.988691  0.000638  -0.000342  -0.000774  0.277670  0.516010  1.140476  2.000000  
137.684388 0.003014  0.092543  -0.026369  0.966470  0.223615  -0.126224  -0.214110  0.973140  0.084587  0.141749  -0.054725  0.988389  0.001114  -0.000203  -0.000486  0.302723  0.578061  1.232285  2.000000  
137.685402 0.003019  0.092539  -0.026366  0.965740  0.225957  -0.127628  -0.216244  0.972579  0.085602  0.143471  -0.055071  0.988121  0.001411  -0.000333  -0.000295  0.326009  0.631951  1.310236  2.000000  
137.686637 0.003025  0.092534  -0.026364  0.964830  0.228945  -0.129175  -0.218963  0.971847  0.086998  0.145456  -0.055654  0.987798  0.001873  -0.000626  -0.000089  0.360821  0.694062  1.410397  2.000000  
137.687884 0.003033  0.092528  -0.026361  0.963870  0.231948  -0.130973  -0.221668  0.971101  0.088463  0.147706  -0.056234  0.987431  0.002368  -0.001023  0.000032  0.395867  0.764792  1.510406  2.000000  
137.688885 0.003037  0.092523  -0.026357  0.963114  0.234306  -0.132331  -0.223792  0.970508  0.089618  0.149427  -0.056698  0.987146  0.002740  -0.001431  0.000235  0.423839  0.818770  1.589029  2.000000  
137.690135 0.003041  0.092512  -0.026353  0.962318  0.236495  -0.134217  -0.225696  0.969950  0.090874  0.151675  -0.057157  0.986776  0.003274  -0.002220  0.000710  0.451350  0.890897  1.661456  2.000000  
137.691136 0.003044  0.092502  -0.026349  0.961640  0.238454  -0.135603  -0.227417  0.969443  0.091988  0.153394  -0.057621  0.986484  0.003632  -0.002913  0.001190  0.477736  0.945649  1.726585  2.000000  
137.692386 0.003049  0.092487  -0.026346  0.960821  0.240811  -0.137232  -0.229522  0.968840  0.093107  0.155377  -0.057961  0.986153  0.004029  -0.003874  0.001633  0.498073  1.000199  1.790578  2.000000  
137.693390 0.003054  0.092477  -0.026343  0.960103  0.242946  -0.138491  -0.231441  0.968286  0.094113  0.156963  -0.058305  0.985882  0.004374  -0.004759  0.001914  0.525353  1.057944  1.876254  2.000000  
137.694636 0.003059  0.092464  -0.026338  0.959248  0.245310  -0.140238  -0.233535  0.967669  0.095277  0.159077  -0.058644  0.985523  0.004538  -0.005560  0.002233  0.554376  1.125487  1.955537  2.000000  
137.695887 0.003064  0.092452  -0.026330  0.958529  0.247095  -0.142010  -0.235033  0.967187  0.096480  0.161190  -0.059102  0.985152  0.004561  -0.006238  0.002734  0.576485  1.193677  2.014323  2.000000  
137.697133 0.003071  0.092441  -0.026323  0.957852  0.248663  -0.143828  -0.236331  0.966764  0.097541  0.163302  -0.059439  0.984784  0.004609  -0.006848  0.003245  0.582571  1.237163  2.001235  2.000000  
137.698135 0.003077  0.092432  -0.026316  0.957331  0.249812  -0.145299  -0.237248  0.966447  0.098453  0.165018  -0.059780  0.984477  0.004624  -0.007471  0.003685  0.593921  1.284466  1.992551  2.000000  
137.699385 0.003082  0.092421  -0.026307  0.956621  0.251407  -0.147207  -0.238536  0.966005  0.099673  0.167261  -0.060235  0.984071  0.004529  -0.008145  0.004105  0.596815  1.325992  1.985895  2.000000  
137.700391 0.003085  0.092410  -0.026300  0.956114  0.252550  -0.148545  -0.239455  0.965686  0.100559  0.168844  -0.060576  0.983780  0.004392  -0.008590  0.004445  0.603880  1.360576  1.994717  2.000000  
137.701392 0.003085  0.092399  -0.026292  0.955580  0.253700  -0.150008  -0.240367  0.965363  0.101481  0.170558  -0.060916  0.983463  0.004056  -0.009110  0.004875  0.610324  1.398200  2.005692  2.000000  
137.702636 0.003085  0.092384  -0.026284  0.954999  0.254868  -0.151724  -0.241266  0.965034  0.102470  0.172535  -0.061253  0.983097  0.003525  -0.009736  0.005259  0.608094  1.428167  1.965011  2.000000  
137.703885 0.003083  0.092369  -0.026273  0.954412  0.256054  -0.153407  -0.242163  0.964691  0.103579  0.174512  -0.061708  0.982720  0.003046  -0.010266  0.005627  0.610930  1.452702  1.911902  2.000000  
137.705133 0.003080  0.092354  -0.026262  0.953894  0.257017  -0.155011  -0.242868  0.964413  0.104511  0.176356  -0.062045  0.982369  0.002549  -0.010538  0.006040  0.606736  1.483235  1.847797  2.000000  
137.706137 0.003076  0.092342  -0.026252  0.953491  0.257739  -0.156285  -0.243393  0.964206  0.105198  0.177805  -0.062267  0.982094  0.002061  -0.010644  0.006540  0.600288  1.499146  1.793548  2.000000  
137.707388 0.003069  0.092326  -0.026239  0.952943  0.258712  -0.158013  -0.244089  0.963924  0.106166  0.179779  -0.062601  0.981713  0.001285  -0.010761  0.007205  0.594414  1.515308  1.732420  2.000000  
137.708634 0.003062  0.092312  -0.026228  0.952441  0.259467  -0.159793  -0.244587  0.963707  0.106988  0.181753  -0.062816  0.981336  0.000416  -0.010793  0.007675  0.587285  1.537677  1.651455  2.000000  
137.709883 0.003053  0.092299  -0.026218  0.951958  0.260235  -0.161412  -0.245090  0.963478  0.107895  0.183595  -0.063151  0.980971  -0.000489  -0.010852  0.007939  0.579710  1.551430  1.563327  2.000000  
137.711135 0.003044  0.092286  -0.026210  0.951448  0.260992  -0.163188  -0.245585  0.963259  0.108720  0.185567  -0.063365  0.980586  -0.001600  -0.010970  0.007988  0.568100  1.565780  1.475563  2.000000  
137.712385 0.003033  0.092274  -0.026203  0.950907  0.261920  -0.164844  -0.246281  0.963001  0.109432  0.187408  -0.063462  0.980230  -0.002611  -0.011019  0.007896  0.548718  1.569290  1.410240  2.000000  
137.713630 0.003022  0.092263  -0.026196  0.950413  0.262671  -0.166490  -0.246780  0.962782  0.110229  0.189247  -0.063677  0.979863  -0.003752  -0.010955  0.007772  0.534693  1.568693  1.335475  2.000000  
137.714632 0.003013  0.092256  -0.026192  0.950066  0.263170  -0.167681  -0.247107  0.962639  0.110744  0.190561  -0.063779  0.979601  -0.004669  -0.010836  0.007556  0.518104  1.563016  1.274078  2.000000  
137.715632 0.003002  0.092248  -0.026189  0.949640  0.263855  -0.169008  -0.247623  0.962453  0.111211  0.192006  -0.063761  0.979320  -0.005519  -0.010628  0.007246  0.496694  1.557662  1.215418  2.000000  
137.716638 0.002989  0.092239  -0.026187  0.949289  0.264354  -0.170197  -0.247948  0.962309  0.111729  0.193318  -0.063863  0.979055  -0.006541  -0.010486  0.006876  0.474268  1.547436  1.146263  2.000000  
137.717884 0.002972  0.092228  -0.026185  0.948783  0.265288  -0.171561  -0.248651  0.962038  0.112501  0.194893  -0.064080  0.978729  -0.007582  -0.010202  0.006395  0.455822  1.532855  1.089643  2.000000  
137.718888 0.002958  0.092219  -0.026184  0.948325  0.266184  -0.172703  -0.249366  0.961783  0.113091  0.196206  -0.064181  0.978460  -0.008426  -0.009966  0.005950  0.434358  1.517647  1.035829  2.000000  
137.720134 0.002938  0.092208  -0.026184  0.947890  0.266890  -0.173993  -0.249878  0.961581  0.113682  0.197649  -0.064281  0.978163  -0.009561  -0.009688  0.005159  0.418189  1.498067  0.993099  2.000000  
137.721134 0.002921  0.092199  -0.026184  0.947505  0.267580  -0.175029  -0.250402  0.961382  0.114207  0.198829  -0.064384  0.977917  -0.010286  -0.009505  0.004517  0.400143  1.482536  0.951778  2.000000  
137.722134 0.002905  0.092191  -0.026186  0.947170  0.268072  -0.176087  -0.250731  0.961238  0.114697  0.200009  -0.064487  0.977670  -0.011018  -0.009235  0.003736  0.385679  1.471692  0.897041  2.000000  
137.723139 0.002891  0.092183  -0.026187  0.946833  0.268543  -0.177178  -0.251059  0.961108  0.115071  0.201189  -0.064471  0.977429  -0.011726  -0.008945  0.002906  0.364656  1.461460  0.841879  2.000000  
137.724383 0.002873  0.092176  -0.026188  0.946391  0.269250  -0.178464  -0.251567  0.960903  0.115666  0.202630  -0.064570  0.977124  -0.012276  -0.008596  0.002257  0.347850  1.442283  0.786247  2.000000  
137.725402 0.002859  0.092170  -0.026189  0.946050  0.269742  -0.179521  -0.251894  0.960758  0.116159  0.203809  -0.064672  0.976872  -0.012764  -0.008180  0.001628  0.334114  1.429711  0.751045  2.000000  
137.726631 0.002843  0.092165  -0.026190  0.945630  0.270441  -0.180679  -0.252407  0.960555  0.116723  0.205119  -0.064773  0.976591  -0.013080  -0.007704  0.001093  0.321968  1.406148  0.731167  2.000000  
137.727634 0.002832  0.092161  -0.026193  0.945262  0.271101  -0.181616  -0.252935  0.960370  0.117105  0.206166  -0.064758  0.976372  -0.013399  -0.007327  0.000479  0.304265  1.378898  0.707616  2.000000  
137.728880 0.002819  0.092157  -0.026196  0.944917  0.271572  -0.182704  -0.253259  0.960238  0.117484  0.207345  -0.064742  0.976123  -0.013436  -0.006990  -0.000058  0.290742  1.351005  0.680492  2.000000  
137.729880 0.002808  0.092153  -0.026198  0.944625  0.272026  -0.183538  -0.253598  0.960110  0.117797  0.208261  -0.064729  0.975929  -0.013440  -0.006697  -0.000475  0.274275  1.326065  0.652052  2.000000  
137.730880 0.002799  0.092150  -0.026200  0.944252  0.272686  -0.184474  -0.254123  0.959924  0.118181  0.209307  -0.064714  0.975706  -0.013332  -0.006376  -0.000826  0.260303  1.309017  0.637557  2.000000  
137.731885 0.002790  0.092148  -0.026203  0.943985  0.273109  -0.185215  -0.254468  0.959813  0.118345  0.210092  -0.064584  0.975546  -0.013092  -0.005956  -0.001146  0.242269  1.278938  0.622271  2.000000  
137.733137 0.002780  0.092144  -0.026208  0.943715  0.273373  -0.186198  -0.254604  0.959739  0.118655  0.211139  -0.064570  0.975321  -0.012609  -0.005440  -0.001543  0.222202  1.246414  0.590640  2.000000  
137.734394 0.002771  0.092139  -0.026214  0.943418  0.273804  -0.187065  -0.254941  0.959625  0.118853  0.212054  -0.064438  0.975131  -0.011820  -0.004949  -0.002072  0.199772  1.215292  0.574918  2.000000  
137.735400 0.002765  0.092135  -0.026221  0.943229  0.274043  -0.187670  -0.255098  0.959557  0.119062  0.212708  -0.064429  0.974989  -0.011145  -0.004613  -0.002490  0.188122  1.185038  0.552560  2.000000  
137.736691 0.002758  0.092130  -0.026229  0.942931  0.274496  -0.188502  -0.255434  0.959428  0.119378  0.213623  -0.064416  0.974790  -0.010219  -0.004217  -0.002990  0.173596  1.152743  0.536286  2.000000  
137.737883 0.002753  0.092127  -0.026238  0.942713  0.274767  -0.189199  -0.255583  0.959344  0.119738  0.214407  -0.064522  0.974611  -0.009434  -0.003910  -0.003451  0.167760  1.115326  0.521213  2.000000  
137.738885 0.002750  0.092124  -0.026245  0.942602  0.274800  -0.189703  -0.255553  0.959335  0.119875  0.214930  -0.064515  0.974496  -0.008571  -0.003581  -0.003900  0.157308  1.080069  0.505290  2.000000  
137.740134 0.002749  0.092122  -0.026253  0.942435  0.274873  -0.190424  -0.255508  0.959306  0.120196  0.215714  -0.064622  0.974316  -0.007517  -0.003292  -0.004354  0.149681  1.045561  0.482794  2.000000  
137.741135 0.002748  0.092120  -0.026258  0.942295  0.274915  -0.191053  -0.255470  0.959295  0.120366  0.216367  -0.064612  0.974172  -0.006690  -0.003137  -0.004624  0.137981  1.019928  0.464262  2.000000  
137.742392 0.002748  0.092119  -0.026266  0.942208  0.274782  -0.191674  -0.255238  0.959326  0.120614  0.217020  -0.064721  0.974019  -0.005640  -0.002863  -0.004943  0.132669  0.976407  0.430639  2.000000  
137.743633 0.002750  0.092119  -0.026274  0.942096  0.274816  -0.192177  -0.255208  0.959317  0.120750  0.217543  -0.064713  0.973903  -0.004757  -0.002580  -0.005280  0.119346  0.938103  0.401130  2.000000  
137.744880 0.002751  0.092118  -0.026284  0.942011  0.274841  -0.192554  -0.255185  0.959310  0.120852  0.217934  -0.064707  0.973816  -0.003838  -0.002317  -0.005709  0.111835  0.895691  0.382091  2.000000  
137.745880 0.002753  0.092119  -0.026289  0.942008  0.274660  -0.192831  -0.254975  0.959362  0.120881  0.218195  -0.064703  0.973758  -0.003079  -0.002097  -0.005922  0.103826  0.861402  0.359643  2.000000  
137.746880 0.002755  0.092120  -0.026295  0.941951  0.274677  -0.193082  -0.254960  0.959357  0.120949  0.218457  -0.064699  0.973699  -0.002330  -0.001855  -0.006144  0.095790  0.827166  0.337219  2.000000  
137.747882 0.002757  0.092122  -0.026301  0.941947  0.274472  -0.193392  -0.254751  0.959424  0.120861  0.218718  -0.064577  0.973649  -0.001550  -0.001538  -0.006305  0.082240  0.793224  0.307980  2.000000  
137.749134 0.002760  0.092124  -0.026309  0.941915  0.274276  -0.193827  -0.254534  0.959489  0.120806  0.219109  -0.064454  0.973569  -0.000846  -0.001129  -0.006380  0.066428  0.753118  0.266696  2.000000  
137.750140 0.002763  0.092126  -0.026315  0.941939  0.274087  -0.193978  -0.254333  0.959543  0.120800  0.219240  -0.064452  0.973540  -0.000269  -0.000696  -0.006403  0.056720  0.718957  0.237321  2.000000  
137.751393 0.002765  0.092129  -0.026323  0.941882  0.274080  -0.194263  -0.254317  0.959553  0.120752  0.219501  -0.064330  0.973489  0.000455  -0.000067  -0.006340  0.044374  0.679760  0.214320  2.000000  
137.752635 0.002767  0.092132  -0.026329  0.941878  0.273899  -0.194539  -0.254108  0.959605  0.120780  0.219762  -0.064326  0.973430  0.000946  0.000401  -0.006173  0.035784  0.640061  0.190190  2.000000  
137.753885 0.002768  0.092136  -0.026338  0.941849  0.273908  -0.194665  -0.254100  0.959603  0.120814  0.219893  -0.064324  0.973401  0.001232  0.000773  -0.006172  0.027759  0.592828  0.167964  2.000000  
137.754885 0.002770  0.092139  -0.026345  0.941821  0.273916  -0.194791  -0.254093  0.959600  0.120848  0.220023  -0.064322  0.973372  0.001452  0.001149  -0.006261  0.019364  0.562737  0.145659  2.000000  
137.756139 0.002771  0.092143  -0.026355  0.941873  0.273718  -0.194815  -0.253899  0.959657  0.120807  0.220023  -0.064322  0.973372  0.001529  0.001574  -0.006463  0.009486  0.515114  0.115412  2.000000  
137.757387 0.002771  0.092148  -0.026365  0.941845  0.273727  -0.194941  -0.253891  0.959654  0.120841  0.220154  -0.064320  0.973342  0.001480  0.001916  -0.006613  0.005121  0.476094  0.092494  2.000000  
137.758631 0.002770  0.092152  -0.026375  0.941764  0.273933  -0.195042  -0.254077  0.959596  0.120915  0.220284  -0.064318  0.973313  0.001369  0.002215  -0.006739  0.003645  0.445942  0.083273  2.000000  
137.759886 0.002768  0.092155  -0.026387  0.941764  0.273933  -0.195042  -0.254077  0.959596  0.120915  0.220284  -0.064318  0.973313  0.001160  0.002485  -0.006913  -0.000736  0.401590  0.060451  2.000000  
137.761130 0.002765  0.092159  -0.026398  0.941764  0.273933  -0.195042  -0.254077  0.959596  0.120915  0.220284  -0.064318  0.973313  0.000838  0.002663  -0.007133  0.000380  0.368079  0.044498  2.000000  
137.762135 0.002763  0.092162  -0.026407  0.941712  0.274130  -0.195017  -0.254271  0.959539  0.120956  0.220284  -0.064318  0.973313  0.000496  0.002840  -0.007385  -0.001096  0.335682  0.035748  2.000000  
137.763386 0.002760  0.092167  -0.026417  0.941659  0.274328  -0.194992  -0.254465  0.959483  0.120996  0.220284  -0.064318  0.973313  0.000051  0.002993  -0.007577  0.001481  0.306675  0.026982  2.000000  
137.764632 0.002756  0.092172  -0.026428  0.941659  0.274304  -0.195025  -0.254465  0.959498  0.120879  0.220284  -0.064200  0.973321  -0.000379  0.003115  -0.007725  -0.004044  0.275984  0.018221  2.000000  
137.765885 0.002752  0.092176  -0.026439  0.941635  0.274470  -0.194908  -0.254667  0.959458  0.120769  0.220154  -0.064084  0.973358  -0.000842  0.003226  -0.008003  -0.009654  0.233802  0.008651  2.000000  
137.766889 0.002748  0.092179  -0.026448  0.941635  0.274470  -0.194908  -0.254667  0.959458  0.120769  0.220154  -0.064084  0.973358  -0.001165  0.003251  -0.008171  -0.011156  0.216258  0.000727  2.000000  
137.768135 0.002743  0.092183  -0.026460  0.941583  0.274667  -0.194883  -0.254861  0.959402  0.120809  0.220154  -0.064084  0.973358  -0.001628  0.003304  -0.008459  -0.015113  0.192249  -0.000734  2.000000  
137.769154 0.002739  0.092186  -0.026470  0.941559  0.274856  -0.194733  -0.255062  0.959347  0.120815  0.220023  -0.064086  0.973387  -0.002081  0.003321  -0.008671  0.000000  0.000000  0.000000  2.000000  
137.770398 0.002733  0.092190  -0.026482  0.941506  0.275030  -0.194741  -0.255256  0.959305  0.120739  0.220023  -0.063968  0.973395  -0.002437  0.003276  -0.008867  0.000000  0.000000  0.000000  2.000000  
137.771633 0.002728  0.092192  -0.026496  0.941535  0.275046  -0.194582  -0.255264  0.959293  0.120821  0.219893  -0.064088  0.973417  -0.002885  0.003167  -0.009092  0.000000  0.000000  0.000000  2.000000  
137.772635 0.002723  0.092194  -0.026505  0.941535  0.275046  -0.194582  -0.255264  0.959293  0.120821  0.219893  -0.064088  0.973417  -0.003256  0.003022  -0.009251  0.000000  0.000000  0.000000  2.000000  
137.773885 0.002716  0.092196  -0.026518  0.941563  0.275037  -0.194456  -0.255271  0.959295  0.120787  0.219762  -0.064090  0.973446  -0.003607  0.002917  -0.009326  0.000000  0.000000  0.000000  2.000000  
137.775132 0.002709  0.092197  -0.026531  0.941539  0.275250  -0.194272  -0.255473  0.959226  0.120909  0.219632  -0.064210  0.973468  -0.003955  0.002718  -0.009443  0.000000  0.000000  0.000000  2.000000  
137.776390 0.002702  0.092197  -0.026544  0.941567  0.275242  -0.194147  -0.255481  0.959228  0.120875  0.219501  -0.064212  0.973497  -0.004212  0.002466  -0.009628  0.000000  0.000000  0.000000  2.000000  
137.777633 0.002695  0.092197  -0.026558  0.941596  0.275233  -0.194021  -0.255488  0.959231  0.120841  0.219370  -0.064213  0.973526  -0.004445  0.002151  -0.009824  0.000000  0.000000  0.000000  2.000000  
137.778880 0.002688  0.092197  -0.026572  0.941677  0.275051  -0.193887  -0.255302  0.959275  0.120884  0.219240  -0.064334  0.973548  -0.004674  0.001837  -0.009995  0.000000  0.000000  0.000000  2.000000  
137.779880 0.002683  0.092196  -0.026583  0.941705  0.275043  -0.193761  -0.255310  0.959277  0.120849  0.219109  -0.064335  0.973577  -0.004804  0.001617  -0.010199  0.000000  0.000000  0.000000  2.000000  
137.780881 0.002679  0.092196  -0.026594  0.941733  0.275035  -0.193635  -0.255317  0.959279  0.120815  0.218979  -0.064337  0.973606  -0.004885  0.001354  -0.010326  0.000000  0.000000  0.000000  2.000000  
137.781882 0.002674  0.092196  -0.026604  0.941814  0.274829  -0.193535  -0.255131  0.959338  0.120741  0.218848  -0.064339  0.973635  -0.004954  0.001139  -0.010404  0.000000  0.000000  0.000000  2.000000  
137.782882 0.002669  0.092196  -0.026615  0.941814  0.274852  -0.193501  -0.255131  0.959323  0.120858  0.218848  -0.064457  0.973628  -0.004963  0.000901  -0.010486  0.000000  0.000000  0.000000  2.000000  
137.783889 0.002665  0.092196  -0.026624  0.941895  0.274646  -0.193400  -0.254945  0.959382  0.120784  0.218718  -0.064459  0.973657  -0.004966  0.000639  -0.010470  0.000000  0.000000  0.000000  2.000000  
137.785140 0.002661  0.092195  -0.026635  0.941975  0.274441  -0.193299  -0.254759  0.959441  0.120710  0.218587  -0.064461  0.973686  -0.004950  0.000356  -0.010351  0.000000  0.000000  0.000000  2.000000  
137.786401 0.002656  0.092193  -0.026645  0.942004  0.274432  -0.193174  -0.254766  0.959443  0.120676  0.218457  -0.064463  0.973715  -0.004857  0.000078  -0.010131  0.000000  0.000000  0.000000  2.000000  
137.787635 0.002651  0.092192  -0.026655  0.942112  0.274242  -0.192914  -0.254588  0.959490  0.120685  0.218195  -0.064585  0.973766  -0.004769  -0.000157  -0.009956  0.000000  0.000000  0.000000  2.000000  
137.788635 0.002647  0.092190  -0.026662  0.942165  0.274044  -0.192939  -0.254394  0.959546  0.120645  0.218195  -0.064585  0.973766  -0.004662  -0.000409  -0.009814  0.000000  0.000000  0.000000  2.000000  
137.789636 0.002644  0.092188  -0.026669  0.942193  0.274059  -0.192780  -0.254401  0.959534  0.120727  0.218065  -0.064705  0.973787  -0.004501  -0.000587  -0.009524  0.000000  0.000000  0.000000  2.000000  
137.790885 0.002640  0.092185  -0.026677  0.942274  0.273853  -0.192679  -0.254215  0.959592  0.120654  0.217934  -0.064707  0.973816  -0.004291  -0.000787  -0.009202  0.000000  0.000000  0.000000  2.000000  
137.792135 0.002636  0.092183  -0.026686  0.942382  0.273662  -0.192419  -0.254036  0.959639  0.120663  0.217673  -0.064829  0.973866  -0.004060  -0.000962  -0.008825  0.000000  0.000000  0.000000  2.000000  
137.793136 0.002634  0.092181  -0.026692  0.942410  0.273654  -0.192293  -0.254044  0.959641  0.120629  0.217543  -0.064831  0.973895  -0.003862  -0.001117  -0.008563  0.000000  0.000000  0.000000  2.000000  
137.794395 0.002631  0.092178  -0.026700  0.942491  0.273471  -0.192159  -0.253857  0.959685  0.120672  0.217412  -0.064951  0.973917  -0.003612  -0.001241  -0.008122  0.000000  0.000000  0.000000  2.000000  
137.795396 0.002630  0.092177  -0.026706  0.942519  0.273463  -0.192033  -0.253865  0.959687  0.120638  0.217281  -0.064953  0.973946  -0.003377  -0.001320  -0.007746  0.000000  0.000000  0.000000  2.000000  
137.796632 0.002628  0.092175  -0.026712  0.942575  0.273469  -0.191748  -0.253880  0.959677  0.120686  0.217020  -0.065075  0.973996  -0.003089  -0.001427  -0.007383  0.000000  0.000000  0.000000  2.000000  
137.797632 0.002628  0.092173  -0.026717  0.942603  0.273484  -0.191589  -0.253887  0.959665  0.120769  0.216890  -0.065195  0.974017  -0.002849  -0.001528  -0.007008  0.000000  0.000000  0.000000  2.000000  
137.798634 0.002628  0.092173  -0.026721  0.942659  0.273467  -0.191337  -0.253902  0.959669  0.120701  0.216628  -0.065199  0.974075  -0.002597  -0.001559  -0.006628  0.000000  0.000000  0.000000  2.000000  
137.799635 0.002628  0.092172  -0.026725  0.942687  0.273482  -0.191178  -0.253910  0.959657  0.120784  0.216498  -0.065319  0.974096  -0.002306  -0.001567  -0.006272  0.000000  0.000000  0.000000  2.000000  
137.800639 0.002628  0.092170  -0.026729  0.942715  0.273474  -0.191052  -0.253918  0.959659  0.120750  0.216367  -0.065321  0.974124  -0.002006  -0.001620  -0.005936  0.000000  0.000000  0.000000  2.000000  
137.801641 0.002629  0.092169  -0.026732  0.942771  0.273480  -0.190768  -0.253933  0.959649  0.120798  0.216106  -0.065443  0.974174  -0.001692  -0.001629  -0.005653  0.000000  0.000000  0.000000  2.000000  
137.802885 0.002630  0.092167  -0.026737  0.942799  0.273494  -0.190608  -0.253940  0.959637  0.120881  0.215975  -0.065563  0.974195  -0.001340  -0.001613  -0.005361  0.000000  0.000000  0.000000  2.000000  
137.804135 0.002631  0.092165  -0.026740  0.942802  0.273698  -0.190299  -0.254149  0.959570  0.120969  0.215714  -0.065685  0.974245  -0.000923  -0.001617  -0.004956  0.000000  0.000000  0.000000  2.000000  
137.805400 0.002632  0.092163  -0.026744  0.942805  0.273879  -0.190022  -0.254358  0.959518  0.120940  0.215453  -0.065689  0.974302  -0.000595  -0.001575  -0.004614  0.000000  0.000000  0.000000  2.000000  
137.806635 0.002634  0.092161  -0.026746  0.942781  0.274091  -0.189838  -0.254560  0.959450  0.121061  0.215322  -0.065809  0.974323  -0.000207  -0.001485  -0.004246  0.000000  0.000000  0.000000  2.000000  
137.807885 0.002636  0.092160  -0.026748  0.942784  0.274294  -0.189528  -0.254769  0.959383  0.121149  0.215061  -0.065931  0.974373  0.000125  -0.001418  -0.003774  0.000000  0.000000  0.000000  2.000000  
137.809135 0.002638  0.092159  -0.026750  0.942787  0.274521  -0.189185  -0.254978  0.959302  0.121353  0.214799  -0.066172  0.974414  0.000465  -0.001329  -0.003389  0.000000  0.000000  0.000000  2.000000  
137.810137 0.002640  0.092158  -0.026751  0.942762  0.274733  -0.189001  -0.255180  0.959233  0.121474  0.214669  -0.066292  0.974435  0.000684  -0.001244  -0.003076  0.000000  0.000000  0.000000  2.000000  
137.811386 0.002642  0.092158  -0.026753  0.942737  0.274944  -0.188817  -0.255381  0.959164  0.121595  0.214538  -0.066412  0.974455  0.000933  -0.001133  -0.002743  0.000000  0.000000  0.000000  2.000000  
137.812388 0.002644  0.092158  -0.026754  0.942740  0.275148  -0.188506  -0.255590  0.959097  0.121682  0.214276  -0.066534  0.974504  0.001071  -0.001029  -0.002526  0.074273  -0.156215  -0.003779  2.000000  
137.813634 0.002646  0.092159  -0.026756  0.942715  0.275359  -0.188322  -0.255792  0.959028  0.121803  0.214146  -0.066654  0.974525  0.001228  -0.000949  -0.002344  0.077245  -0.157119  0.009574  2.000000  
137.814880 0.002648  0.092158  -0.026758  0.942665  0.275783  -0.187953  -0.256195  0.958890  0.122045  0.213884  -0.066895  0.974566  0.001321  -0.000856  -0.002150  0.088306  -0.162489  0.022629  2.000000  
137.815880 0.002650  0.092159  -0.026760  0.942640  0.275994  -0.187769  -0.256397  0.958820  0.122165  0.213754  -0.067015  0.974586  0.001387  -0.000758  -0.002025  0.095303  -0.163376  0.035990  2.000000  
137.816888 0.002651  0.092159  -0.026762  0.942615  0.276206  -0.187585  -0.256598  0.958751  0.122286  0.213623  -0.067135  0.974607  0.001452  -0.000659  -0.001899  0.099077  -0.165649  0.049754  2.000000  
137.818135 0.002653  0.092158  -0.026764  0.942589  0.276440  -0.187366  -0.256800  0.958667  0.122523  0.213492  -0.067373  0.974619  0.001477  -0.000562  -0.001799  0.107883  -0.164836  0.056044  2.000000  
137.819138 0.002653  0.092157  -0.026767  0.942564  0.276651  -0.187182  -0.257001  0.958597  0.122644  0.213362  -0.067493  0.974639  0.001479  -0.000473  -0.001711  0.111700  -0.167043  0.069947  2.000000  
137.820390 0.002655  0.092157  -0.026768  0.942566  0.276854  -0.186871  -0.257210  0.958530  0.122730  0.213100  -0.067616  0.974688  0.001499  -0.000392  -0.001616  0.117745  -0.170999  0.082421  2.000000  
137.821634 0.002656  0.092156  -0.026770  0.942488  0.277285  -0.186628  -0.257606  0.958389  0.123005  0.212969  -0.067854  0.974700  0.001463  -0.000344  -0.001549  0.131329  -0.173797  0.103307  2.000000  
137.822635 0.002657  0.092156  -0.026771  0.942515  0.277299  -0.186468  -0.257614  0.958376  0.123087  0.212839  -0.067974  0.974720  0.001451  -0.000279  -0.001555  0.131307  -0.173801  0.103284  2.000000  
137.823885 0.002658  0.092155  -0.026772  0.942490  0.277532  -0.186250  -0.257815  0.958292  0.123323  0.212708  -0.068213  0.974732  0.001354  -0.000280  -0.001524  0.138337  -0.170256  0.117047  2.000000  
137.825133 0.002659  0.092154  -0.026774  0.942437  0.277775  -0.186157  -0.258009  0.958204  0.123594  0.212708  -0.068449  0.974715  0.001292  -0.000277  -0.001523  0.148059  -0.166347  0.124152  2.000000  
137.826399 0.002660  0.092153  -0.026775  0.942411  0.278008  -0.185938  -0.258211  0.958120  0.123830  0.212577  -0.068688  0.974727  0.001184  -0.000329  -0.001487  0.153446  -0.162183  0.131052  2.000000  
137.827633 0.002660  0.092153  -0.026778  0.942385  0.278242  -0.185720  -0.258412  0.958035  0.124066  0.212446  -0.068926  0.974739  0.001066  -0.000357  -0.001515  0.159053  -0.158263  0.138143  2.000000  
137.828641 0.002660  0.092153  -0.026779  0.942385  0.278264  -0.185686  -0.258412  0.958020  0.124183  0.212446  -0.069044  0.974730  0.000936  -0.000383  -0.001501  0.163090  -0.153756  0.138419  2.000000  
137.829891 0.002660  0.092152  -0.026780  0.942359  0.278498  -0.185467  -0.258614  0.957935  0.124419  0.212316  -0.069283  0.974742  0.000778  -0.000456  -0.001459  0.168645  -0.149785  0.145471  2.000000  
137.831137 0.002660  0.092151  -0.026781  0.942359  0.278520  -0.185433  -0.258614  0.957920  0.124535  0.212316  -0.069401  0.974734  0.000632  -0.000480  -0.001366  0.168674  -0.145350  0.145799  2.000000  
137.832139 0.002659  0.092151  -0.026782  0.942333  0.278731  -0.185248  -0.258815  0.957850  0.124655  0.212185  -0.069521  0.974753  0.000521  -0.000476  -0.001282  0.172740  -0.144594  0.151250  2.000000  
137.833160 0.002659  0.092151  -0.026782  0.942333  0.278776  -0.185180  -0.258815  0.957819  0.124887  0.212185  -0.069758  0.974737  0.000393  -0.000454  -0.001149  0.176641  -0.136299  0.146275  2.000000  
137.834401 0.002658  0.092151  -0.026782  0.942333  0.278798  -0.185147  -0.258815  0.957804  0.125003  0.212185  -0.069876  0.974728  0.000229  -0.000431  -0.001068  0.176642  -0.127366  0.146905  2.000000  
137.835638 0.002656  0.092150  -0.026783  0.942361  0.278834  -0.184953  -0.258823  0.957776  0.125201  0.212054  -0.070114  0.974739  0.000081  -0.000426  -0.001006  0.179289  -0.126974  0.140202  2.000000  
137.836638 0.002655  0.092150  -0.026784  0.942361  0.278857  -0.184919  -0.258823  0.957761  0.125317  0.212054  -0.070233  0.974731  -0.000082  -0.000410  -0.000942  0.177805  -0.117557  0.134085  2.000000  
137.837886 0.002654  0.092150  -0.026785  0.942361  0.278879  -0.184886  -0.258823  0.957746  0.125433  0.212054  -0.070351  0.974722  -0.000238  -0.000388  -0.000902  0.176331  -0.112624  0.127654  2.000000  
137.838887 0.002653  0.092149  -0.026785  0.942361  0.278901  -0.184852  -0.258823  0.957731  0.125550  0.212054  -0.070469  0.974714  -0.000384  -0.000390  -0.000856  0.000000  0.000000  0.000000  2.000000  
137.840137 0.002652  0.092149  -0.026785  0.942414  0.278749  -0.184810  -0.258629  0.957758  0.125744  0.212054  -0.070706  0.974697  -0.000509  -0.000366  -0.000751  0.000000  0.000000  0.000000  2.000000  
137.841390 0.002650  0.092149  -0.026785  0.942387  0.278803  -0.184868  -0.258621  0.957725  0.126011  0.212185  -0.070940  0.974651  -0.000623  -0.000313  -0.000682  0.000000  0.000000  0.000000  2.000000  
137.842400 0.002649  0.092148  -0.026786  0.942387  0.278826  -0.184834  -0.258621  0.957709  0.126127  0.212185  -0.071058  0.974643  -0.000755  -0.000316  -0.000540  0.000000  0.000000  0.000000  2.000000  
137.843632 0.002648  0.092148  -0.026785  0.942387  0.278848  -0.184800  -0.258621  0.957694  0.126243  0.212185  -0.071176  0.974634  -0.000818  -0.000309  -0.000398  0.000000  0.000000  0.000000  2.000000  
137.844880 0.002646  0.092148  -0.026785  0.942387  0.278893  -0.184733  -0.258621  0.957663  0.126475  0.212185  -0.071413  0.974617  -0.000940  -0.000285  -0.000295  0.000000  0.000000  0.000000  2.000000  
137.845880 0.002645  0.092147  -0.026785  0.942387  0.278915  -0.184699  -0.258621  0.957648  0.126592  0.212185  -0.071531  0.974608  -0.001026  -0.000309  -0.000258  0.000000  0.000000  0.000000  2.000000  
137.847135 0.002643  0.092147  -0.026784  0.942359  0.278947  -0.184791  -0.258614  0.957630  0.126742  0.212316  -0.071647  0.974571  -0.001052  -0.000284  -0.000185  0.000000  0.000000  0.000000  2.000000  
137.848385 0.002642  0.092147  -0.026784  0.942412  0.278772  -0.184783  -0.258420  0.957672  0.126820  0.212316  -0.071765  0.974562  -0.001109  -0.000261  -0.000176  0.000000  0.000000  0.000000  2.000000  
137.849632 0.002641  0.092148  -0.026784  0.942412  0.278795  -0.184749  -0.258420  0.957657  0.126937  0.212316  -0.071884  0.974554  -0.001075  -0.000165  -0.000115  0.000000  0.000000  0.000000  2.000000  
137.850640 0.002640  0.092148  -0.026785  0.942385  0.278826  -0.184841  -0.258412  0.957639  0.127087  0.212446  -0.072000  0.974517  -0.001071  -0.000119  -0.000106  0.000000  0.000000  0.000000  2.000000  
137.851888 0.002639  0.092149  -0.026785  0.942385  0.278849  -0.184807  -0.258412  0.957623  0.127203  0.212446  -0.072118  0.974508  -0.001019  -0.000046  -0.000077  0.000000  0.000000  0.000000  2.000000  
137.853135 0.002639  0.092150  -0.026785  0.942385  0.278871  -0.184774  -0.258412  0.957608  0.127319  0.212446  -0.072236  0.974499  -0.000959  0.000028  -0.000008  0.000000  0.000000  0.000000  2.000000  
137.854391 0.002639  0.092150  -0.026785  0.942385  0.278893  -0.184740  -0.258412  0.957592  0.127436  0.212446  -0.072354  0.974490  -0.000913  0.000078  0.000028  0.000000  0.000000  0.000000  2.000000  
137.855400 0.002638  0.092151  -0.026785  0.942358  0.278925  -0.184832  -0.258405  0.957574  0.127586  0.212577  -0.072471  0.974453  -0.000860  0.000152  0.000057  0.000000  0.000000  0.000000  2.000000  
137.856635 0.002639  0.092152  -0.026785  0.942358  0.278948  -0.184798  -0.258405  0.957559  0.127702  0.212577  -0.072589  0.974444  -0.000768  0.000249  0.000064  0.000000  0.000000  0.000000  2.000000  
137.857885 0.002638  0.092152  -0.026784  0.942330  0.278979  -0.184890  -0.258397  0.957541  0.127853  0.212708  -0.072705  0.974407  -0.000687  0.000293  0.000058  0.000000  0.000000  0.000000  2.000000  
137.858887 0.002639  0.092153  -0.026785  0.942330  0.278979  -0.184890  -0.258397  0.957541  0.127853  0.212708  -0.072705  0.974407  -0.000570  0.000346  -0.000001  0.000000  0.000000  0.000000  2.000000  
137.860138 0.002639  0.092153  -0.026785  0.942330  0.279002  -0.184856  -0.258397  0.957525  0.127969  0.212708  -0.072823  0.974398  -0.000450  0.000374  0.000026  0.000000  0.000000  0.000000  2.000000  
137.861386 0.002639  0.092153  -0.026785  0.942250  0.279231  -0.184921  -0.258584  0.957450  0.128158  0.212839  -0.072939  0.974361  -0.000362  0.000420  -0.000059  0.000000  0.000000  0.000000  2.000000  
137.862388 0.002639  0.092153  -0.026786  0.942250  0.279231  -0.184921  -0.258584  0.957450  0.128158  0.212839  -0.072939  0.974361  -0.000265  0.000421  -0.000091  0.000000  0.000000  0.000000  2.000000  
137.863632 0.002640  0.092154  -0.026787  0.942250  0.279253  -0.184888  -0.258584  0.957434  0.128274  0.212839  -0.073057  0.974352  -0.000156  0.000414  -0.000159  0.000000  0.000000  0.000000  2.000000  
137.864880 0.002640  0.092154  -0.026787  0.942222  0.279285  -0.184979  -0.258576  0.957416  0.128425  0.212969  -0.073173  0.974315  -0.000020  0.000417  -0.000166  0.000000  0.000000  0.000000  2.000000  
137.865882 0.002641  0.092154  -0.026788  0.942222  0.279285  -0.184979  -0.258576  0.957416  0.128425  0.212969  -0.073173  0.974315  0.000068  0.000426  -0.000160  0.000000  0.000000  0.000000  2.000000  
137.866889 0.002641  0.092155  -0.026787  0.942222  0.279308  -0.184946  -0.258576  0.957400  0.128541  0.212969  -0.073291  0.974306  0.000126  0.000403  -0.000169  0.000000  0.000000  0.000000  2.000000  
137.867905 0.002642  0.092155  -0.026788  0.942195  0.279339  -0.185037  -0.258569  0.957382  0.128691  0.213100  -0.073407  0.974269  0.000184  0.000379  -0.000177  0.000000  0.000000  0.000000  2.000000  
137.869155 0.002643  0.092155  -0.026789  0.942195  0.279339  -0.185037  -0.258569  0.957382  0.128691  0.213100  -0.073407  0.974269  0.000260  0.000332  -0.000219  0.000000  0.000000  0.000000  2.000000  
137.870394 0.002643  0.092155  -0.026789  0.942195  0.279362  -0.185004  -0.258569  0.957367  0.128808  0.213100  -0.073526  0.974260  0.000291  0.000279  -0.000282  0.000000  0.000000  0.000000  2.000000  
137.871635 0.002644  0.092155  -0.026790  0.942167  0.279371  -0.185129  -0.258561  0.957364  0.128842  0.213231  -0.073524  0.974231  0.000336  0.000208  -0.000341  0.000000  0.000000  0.000000  2.000000  
137.872639 0.002644  0.092155  -0.026791  0.942167  0.279394  -0.185095  -0.258561  0.957348  0.128958  0.213231  -0.073642  0.974223  0.000368  0.000186  -0.000420  0.000000  0.000000  0.000000  2.000000  
137.873885 0.002644  0.092155  -0.026790  0.942114  0.279591  -0.185069  -0.258755  0.957291  0.128996  0.213231  -0.073642  0.974223  0.000341  0.000113  -0.000378  0.000000  0.000000  0.000000  2.000000  
137.875133 0.002644  0.092154  -0.026790  0.942086  0.279623  -0.185161  -0.258747  0.957273  0.129147  0.213362  -0.073758  0.974185  0.000350  0.000090  -0.000371  0.000000  0.000000  0.000000  2.000000  
137.876389 0.002645  0.092154  -0.026790  0.942086  0.279623  -0.185161  -0.258747  0.957273  0.129147  0.213362  -0.073758  0.974185  0.000388  0.000071  -0.000266  0.000000  0.000000  0.000000  2.000000  
137.877633 0.002645  0.092154  -0.026789  0.942140  0.279448  -0.185153  -0.258553  0.957314  0.129225  0.213362  -0.073876  0.974176  0.000344  0.000025  -0.000193  0.000000  0.000000  0.000000  2.000000  
137.878880 0.002644  0.092154  -0.026789  0.942112  0.279458  -0.185279  -0.258546  0.957312  0.129259  0.213492  -0.073874  0.974148  0.000327  0.000027  -0.000114  0.000000  0.000000  0.000000  2.000000  
137.879880 0.002645  0.092154  -0.026789  0.942112  0.279480  -0.185245  -0.258546  0.957296  0.129376  0.213492  -0.073992  0.974139  0.000297  -0.000020  -0.000085  0.000000  0.000000  0.000000  2.000000  
137.880880 0.002645  0.092154  -0.026788  0.942112  0.279480  -0.185245  -0.258546  0.957296  0.129376  0.213492  -0.073992  0.974139  0.000250  -0.000043  -0.000024  0.000000  0.000000  0.000000  2.000000  
137.881882 0.002645  0.092153  -0.026788  0.942084  0.279490  -0.185371  -0.258538  0.957294  0.129410  0.213623  -0.073990  0.974110  0.000229  -0.000090  -0.000035  0.000000  0.000000  0.000000  2.000000  
137.883137 0.002645  0.092153  -0.026788  0.942084  0.279490  -0.185371  -0.258538  0.957294  0.129410  0.213623  -0.073990  0.974110  0.000175  -0.000091  0.000020  0.000000  0.000000  0.000000  2.000000  
