1-Time 2-Px 3-Py 4-Pz 5-R11 6-R21 7-R31 8-R12 9-R22 10-R32 11-R13 12-R23 13-R33 14-Vx 15-Vy 16-Vz 17-Wx 18-Wy 19-Wz 20-state 21-PR11 22-PR21 23-PR31 24-PR12 25-PR22 26-PR32 27-PR13 28-PR23 29-PR33 
118.949842 -0.003073  0.085508  -0.012966  0.980332  0.196477  0.018602  -0.197152  0.979241  0.047089  -0.008964  -0.049830  0.998717  0.000205  0.000302  0.000130  0.000000  0.000000  0.000000  2.000000  
118.951097 -0.003073  0.085507  -0.012966  0.980251  0.196880  0.018622  -0.197555  0.979160  0.047081  -0.008964  -0.049830  0.998717  0.000187  0.000233  0.000131  0.000000  0.000000  0.000000  2.000000  
118.952098 -0.003075  0.085504  -0.012967  0.979924  0.198490  0.018723  -0.199169  0.978829  0.047169  -0.008964  -0.049952  0.998711  0.000038  -0.000000  0.000026  0.000000  0.000000  0.000000  2.000000  
118.953099 -0.003077  0.085500  -0.012968  0.979511  0.200496  0.018976  -0.201186  0.978414  0.047223  -0.009098  -0.050073  0.998704  -0.000098  -0.000280  -0.000060  0.000000  0.000000  0.000000  2.000000  
118.954363 -0.003079  0.085495  -0.012969  0.979133  0.202284  0.019505  -0.203000  0.978034  0.047343  -0.009500  -0.050315  0.998688  -0.000275  -0.000675  -0.000154  -0.001848  0.017535  0.187796  2.000000  
118.955597 -0.003081  0.085489  -0.012971  0.978838  0.203682  0.019753  -0.204410  0.977731  0.047525  -0.009633  -0.050557  0.998675  -0.000453  -0.001070  -0.000248  0.005808  0.010589  0.236042  2.000000  
118.956847 -0.003084  0.085485  -0.012970  0.978504  0.205307  0.019489  -0.206023  0.977378  0.047812  -0.009232  -0.050799  0.998666  -0.000623  -0.001384  -0.000176  0.017562  0.016761  0.291766  2.000000  
118.958096 -0.003086  0.085482  -0.012968  0.977997  0.207747  0.019029  -0.208441  0.976844  0.048258  -0.008563  -0.051163  0.998654  -0.000832  -0.001601  -0.000105  0.029123  0.034968  0.375990  2.000000  
118.959096 -0.003089  0.085481  -0.012968  0.977527  0.209981  0.018667  -0.210656  0.976353  0.048565  -0.008028  -0.051406  0.998646  -0.000986  -0.001706  -0.000060  0.036675  0.049009  0.452802  2.000000  
118.960343 -0.003091  0.085478  -0.012969  0.976831  0.213212  0.018487  -0.213876  0.975640  0.048825  -0.007626  -0.051648  0.998636  -0.001128  -0.001904  -0.000127  0.043618  0.051879  0.559305  2.000000  
118.961598 -0.003093  0.085475  -0.012970  0.976167  0.216226  0.018560  -0.216891  0.974964  0.049034  -0.007493  -0.051890  0.998625  -0.001302  -0.002145  -0.000242  0.051290  0.046927  0.667417  2.000000  
118.962842 -0.003092  0.085474  -0.012969  0.975447  0.219431  0.018774  -0.220106  0.974234  0.049208  -0.007493  -0.052133  0.998612  -0.001287  -0.002235  -0.000171  0.058485  0.041186  0.778053  2.000000  
118.963844 -0.003091  0.085474  -0.012965  0.974808  0.222227  0.019100  -0.222916  0.973587  0.049361  -0.007626  -0.052375  0.998598  -0.001208  -0.002270  0.000067  0.065672  0.031275  0.881424  2.000000  
118.965096 -0.003090  0.085472  -0.012961  0.973976  0.225838  0.019180  -0.226527  0.972749  0.049438  -0.007493  -0.052496  0.998593  -0.001195  -0.002400  0.000309  0.072883  0.024893  1.006030  2.000000  
118.966096 -0.003090  0.085469  -0.012959  0.973273  0.228843  0.019258  -0.229534  0.972034  0.049645  -0.007359  -0.052738  0.998581  -0.001128  -0.002576  0.000474  0.080194  0.023918  1.109643  2.000000  
118.967349 -0.003089  0.085463  -0.012957  0.972371  0.232666  0.018989  -0.233340  0.971113  0.049929  -0.006824  -0.052981  0.998572  -0.000933  -0.002738  0.000640  0.087610  0.030471  1.241315  2.000000  
118.968358 -0.003087  0.085457  -0.012956  0.971696  0.235475  0.018902  -0.236142  0.970429  0.050055  -0.006556  -0.053102  0.998568  -0.000650  -0.002805  0.000906  0.091059  0.034374  1.338389  2.000000  
118.969597 -0.003085  0.085448  -0.012952  0.970867  0.238891  0.018645  -0.239542  0.969573  0.050470  -0.006021  -0.053466  0.998552  -0.000392  -0.003054  0.001205  0.102838  0.041515  1.456863  2.000000  
118.970598 -0.003081  0.085439  -0.012950  0.970124  0.241886  0.018730  -0.242539  0.968817  0.050679  -0.005887  -0.053708  0.998539  0.000007  -0.003350  0.001421  0.110275  0.040437  1.560589  2.000000  
118.971599 -0.003076  0.085428  -0.012948  0.969371  0.244877  0.018846  -0.245534  0.968045  0.051006  -0.005753  -0.054071  0.998521  0.000513  -0.003849  0.001468  0.121815  0.039237  1.664528  2.000000  
118.972847 -0.003068  0.085415  -0.012947  0.968404  0.248662  0.019006  -0.249324  0.967060  0.051317  -0.005620  -0.054435  0.998502  0.001270  -0.004559  0.001421  0.137352  0.032172  1.795850  2.000000  
118.974096 -0.003059  0.085401  -0.012947  0.967526  0.252045  0.019148  -0.252712  0.966163  0.051636  -0.005486  -0.054798  0.998482  0.002060  -0.005385  0.001419  0.148847  0.030176  1.913901  2.000000  
118.975097 -0.003052  0.085388  -0.012947  0.966846  0.254625  0.019348  -0.255300  0.965472  0.051819  -0.005486  -0.055040  0.998469  0.002618  -0.006122  0.001460  0.156460  0.020729  2.003502  2.000000  
118.976349 -0.003043  0.085370  -0.012948  0.966161  0.257218  0.019291  -0.257887  0.964771  0.052070  -0.005218  -0.055282  0.998457  0.003343  -0.007156  0.001495  0.162833  0.024165  2.083557  2.000000  
118.977598 -0.003034  0.085350  -0.012949  0.965307  0.260394  0.019428  -0.261069  0.963897  0.052391  -0.005084  -0.055646  0.998438  0.003923  -0.008401  0.001381  0.175857  0.018128  2.210865  2.000000  
118.978845 -0.003026  0.085330  -0.012949  0.964389  0.263774  0.019450  -0.264446  0.962957  0.052744  -0.004817  -0.056009  0.998419  0.004397  -0.009780  0.001040  0.191638  0.020608  2.328958  2.000000  
118.980092 -0.003020  0.085308  -0.012950  0.963513  0.266947  0.019559  -0.267621  0.962068  0.052949  -0.004683  -0.056251  0.998406  0.004704  -0.010917  0.000748  0.197757  0.014334  2.420194  2.000000  
118.981096 -0.003016  0.085292  -0.012951  0.962905  0.269127  0.019616  -0.269803  0.961446  0.053174  -0.004549  -0.056494  0.998393  0.004949  -0.011806  0.000521  0.205542  0.015203  2.481648  2.000000  
118.982349 -0.003011  0.085269  -0.012952  0.962123  0.271887  0.019931  -0.272577  0.960662  0.053197  -0.004683  -0.056615  0.998385  0.005198  -0.012879  0.000374  0.205186  0.008986  2.508814  2.000000  
118.983596 -0.003008  0.085247  -0.012952  0.961276  0.274848  0.020161  -0.275546  0.959805  0.053368  -0.004683  -0.056857  0.998371  0.005297  -0.013888  0.000193  0.204711  0.016178  2.529916  2.000000  
118.984844 -0.003006  0.085224  -0.012951  0.960478  0.277603  0.020477  -0.278316  0.959005  0.053389  -0.004817  -0.056978  0.998364  0.005245  -0.014792  0.000071  0.199874  0.017956  2.571390  2.000000  
118.985848 -0.003006  0.085205  -0.012950  0.959787  0.279969  0.020643  -0.280688  0.958309  0.053454  -0.004817  -0.057099  0.998357  0.004967  -0.015484  -0.000100  0.197140  0.015392  2.633962  2.000000  
118.987097 -0.003007  0.085182  -0.012949  0.959091  0.282333  0.020809  -0.283058  0.957608  0.053519  -0.004817  -0.057220  0.998350  0.004332  -0.016186  -0.000102  0.193696  -0.003789  2.647135  2.000000  
118.988363 -0.003011  0.085157  -0.012949  0.958448  0.284506  0.020837  -0.285229  0.956958  0.053626  -0.004683  -0.057341  0.998344  0.003409  -0.016917  -0.000158  0.186603  -0.021623  2.631018  2.000000  
118.989596 -0.003018  0.085132  -0.012949  0.957800  0.286677  0.020865  -0.287399  0.956302  0.053733  -0.004549  -0.057463  0.998337  0.002473  -0.017503  -0.000131  0.183705  -0.033689  2.596887  2.000000  
118.990844 -0.003027  0.085106  -0.012948  0.957088  0.289051  0.020777  -0.289765  0.955580  0.053875  -0.004282  -0.057584  0.998332  0.001335  -0.018082  -0.000074  0.178835  -0.033880  2.575443  2.000000  
118.991846 -0.003035  0.085085  -0.012949  0.956550  0.290818  0.020912  -0.291538  0.955037  0.053952  -0.004282  -0.057705  0.998325  0.000220  -0.018549  -0.000039  0.176521  -0.032360  2.555776  2.000000  
118.993096 -0.003047  0.085057  -0.012951  0.955827  0.293174  0.021081  -0.293900  0.954309  0.054016  -0.004282  -0.057826  0.998318  -0.001186  -0.019030  -0.000088  0.172447  -0.026424  2.520932  2.000000  
118.994346 -0.003063  0.085028  -0.012955  0.955158  0.295327  0.021331  -0.296064  0.953645  0.053929  -0.004415  -0.057826  0.998317  -0.002633  -0.019569  -0.000331  0.164422  -0.028544  2.472294  2.000000  
118.995351 -0.003077  0.085004  -0.012960  0.954607  0.297086  0.021558  -0.297833  0.953098  0.053849  -0.004549  -0.057826  0.998316  -0.004032  -0.020058  -0.000626  0.160745  -0.039860  2.429844  2.000000  
118.996597 -0.003097  0.084973  -0.012967  0.953869  0.299440  0.021691  -0.300190  0.952361  0.053796  -0.004549  -0.057826  0.998316  -0.005713  -0.020692  -0.001054  0.153222  -0.046453  2.381238  2.000000  
118.997843 -0.003117  0.084944  -0.012974  0.953187  0.301603  0.021686  -0.302350  0.951678  0.053787  -0.004415  -0.057826  0.998317  -0.007167  -0.021098  -0.001490  0.148684  -0.053982  2.340873  2.000000  
118.999096 -0.003139  0.084916  -0.012982  0.952500  0.303758  0.021807  -0.304507  0.950993  0.053738  -0.004415  -0.057826  0.998317  -0.008967  -0.021482  -0.002141  0.137268  -0.065481  2.299299  2.000000  
119.000348 -0.003161  0.084890  -0.012991  0.951871  0.305722  0.021791  -0.306468  0.950363  0.053734  -0.004282  -0.057826  0.998318  -0.010395  -0.021677  -0.002745  0.126055  -0.071751  2.244282  2.000000  
119.001606 -0.003185  0.084864  -0.013000  0.951174  0.307869  0.022002  -0.308622  0.949677  0.053528  -0.004415  -0.057705  0.998324  -0.012115  -0.021876  -0.003404  0.111149  -0.076908  2.178070  2.000000  
119.002847 -0.003210  0.084838  -0.013009  0.950473  0.310021  0.022086  -0.310776  0.948984  0.053363  -0.004415  -0.057584  0.998331  -0.013569  -0.022000  -0.004075  0.094380  -0.079472  2.133075  2.000000  
119.004097 -0.003236  0.084812  -0.013020  0.949702  0.312360  0.022306  -0.313123  0.948224  0.053151  -0.004549  -0.057463  0.998337  -0.014892  -0.022061  -0.004798  0.079154  -0.086275  2.095326  2.000000  
119.005347 -0.003263  0.084786  -0.013031  0.948990  0.314502  0.022515  -0.315272  0.947523  0.052944  -0.004683  -0.057341  0.998344  -0.015960  -0.021976  -0.005486  0.066401  -0.094198  2.070471  2.000000  
119.006355 -0.003284  0.084768  -0.013038  0.948469  0.316065  0.022564  -0.316835  0.947010  0.052792  -0.004683  -0.057220  0.998351  -0.016990  -0.021813  -0.006115  0.050979  -0.097353  2.045285  2.000000  
119.007597 -0.003310  0.084745  -0.013048  0.947815  0.318027  0.022469  -0.318787  0.946368  0.052558  -0.004549  -0.056978  0.998365  -0.018001  -0.021547  -0.006638  0.034778  -0.095421  2.008498  2.000000  
119.008598 -0.003331  0.084727  -0.013056  0.947289  0.319590  0.022478  -0.320347  0.945856  0.052291  -0.004549  -0.056736  0.998379  -0.018629  -0.021196  -0.007001  0.015251  -0.101799  1.962420  2.000000  
119.009847 -0.003357  0.084704  -0.013067  0.946561  0.321737  0.022518  -0.322492  0.945142  0.052011  -0.004549  -0.056494  0.998393  -0.019221  -0.020718  -0.007319  -0.000760  -0.104331  1.927522  2.000000  
119.010850 -0.003377  0.084687  -0.013076  0.945962  0.323486  0.022663  -0.324245  0.944559  0.051697  -0.004683  -0.056251  0.998406  -0.019494  -0.020255  -0.007590  -0.016998  -0.112530  1.913232  2.000000  
119.012093 -0.003400  0.084666  -0.013088  0.945157  0.325817  0.022837  -0.326581  0.943772  0.051368  -0.004817  -0.056009  0.998419  -0.019629  -0.019726  -0.007855  -0.029425  -0.111674  1.900092  2.000000  
119.013094 -0.003417  0.084649  -0.013098  0.944550  0.327570  0.022853  -0.328331  0.943180  0.051097  -0.004817  -0.055767  0.998432  -0.019765  -0.019245  -0.008131  -0.041301  -0.110607  1.883898  2.000000  
119.014352 -0.003437  0.084629  -0.013111  0.943804  0.329704  0.023015  -0.330469  0.942450  0.050772  -0.004951  -0.055525  0.998445  -0.019602  -0.018729  -0.008466  -0.057990  -0.109173  1.857793  2.000000  
119.015594 -0.003455  0.084609  -0.013124  0.943121  0.331649  0.023039  -0.332412  0.941782  0.050496  -0.004951  -0.055283  0.998458  -0.019302  -0.018328  -0.008813  -0.069602  -0.107440  1.829641  2.000000  
119.016594 -0.003468  0.084594  -0.013136  0.942573  0.333205  0.023041  -0.333964  0.941246  0.050230  -0.004951  -0.055040  0.998472  -0.018878  -0.017977  -0.009121  -0.081611  -0.106145  1.808598  2.000000  
119.017594 -0.003481  0.084579  -0.013149  0.941952  0.334952  0.023094  -0.335710  0.940633  0.050073  -0.004951  -0.054919  0.998479  -0.018396  -0.017553  -0.009428  -0.089579  -0.110602  1.808439  2.000000  
119.018602 -0.003494  0.084564  -0.013162  0.941467  0.336312  0.023084  -0.337067  0.940162  0.049812  -0.004951  -0.054677  0.998492  -0.017771  -0.017065  -0.009746  -0.102311  -0.114714  1.802143  2.000000  
119.019848 -0.003508  0.084546  -0.013179  0.940771  0.338246  0.023230  -0.339005  0.939482  0.049491  -0.005084  -0.054435  0.998504  -0.016997  -0.016629  -0.010171  -0.113645  -0.122967  1.793946  2.000000  
119.021097 -0.003522  0.084528  -0.013196  0.940141  0.339985  0.023365  -0.340747  0.938868  0.049174  -0.005218  -0.054192  0.998517  -0.016196  -0.016259  -0.010657  -0.125675  -0.130612  1.772905  2.000000  
119.022355 -0.003534  0.084511  -0.013211  0.939436  0.341916  0.023509  -0.342681  0.938181  0.048853  -0.005352  -0.053950  0.998529  -0.015207  -0.015841  -0.011060  -0.138899  -0.134496  1.759295  2.000000  
119.023599 -0.003546  0.084495  -0.013227  0.938870  0.343460  0.023631  -0.344228  0.937630  0.048541  -0.005486  -0.053708  0.998542  -0.014223  -0.015422  -0.011428  -0.147233  -0.133171  1.739185  2.000000  
119.024849 -0.003557  0.084480  -0.013243  0.938301  0.345005  0.023711  -0.345774  0.937084  0.048114  -0.005620  -0.053345  0.998560  -0.013232  -0.014901  -0.011765  -0.159545  -0.131306  1.711450  2.000000  
119.025849 -0.003566  0.084469  -0.013255  0.937873  0.346168  0.023687  -0.346932  0.936668  0.047858  -0.005620  -0.053102  0.998573  -0.012600  -0.014506  -0.011964  -0.167577  -0.129935  1.690579  2.000000  
119.027095 -0.003576  0.084456  -0.013271  0.937301  0.347716  0.023681  -0.348476  0.936109  0.047592  -0.005620  -0.052860  0.998586  -0.011621  -0.013897  -0.012253  -0.175629  -0.128228  1.663336  2.000000  
119.028358 -0.003585  0.084445  -0.013286  0.936798  0.349074  0.023622  -0.349827  0.935624  0.047217  -0.005620  -0.052497  0.998605  -0.010784  -0.013300  -0.012443  -0.186130  -0.130920  1.642234  2.000000  
119.029596 -0.003593  0.084434  -0.013301  0.936292  0.350424  0.023688  -0.351176  0.935139  0.046796  -0.005753  -0.052133  0.998624  -0.010087  -0.012707  -0.012564  -0.198241  -0.133572  1.614696  2.000000  
119.030842 -0.003601  0.084424  -0.013316  0.935785  0.351780  0.023627  -0.352525  0.934650  0.046421  -0.005753  -0.051770  0.998642  -0.009522  -0.012077  -0.012595  -0.206131  -0.136517  1.594050  2.000000  
119.031845 -0.003608  0.084417  -0.013328  0.935421  0.352744  0.023672  -0.353488  0.934307  0.046010  -0.005887  -0.051406  0.998660  -0.009070  -0.011549  -0.012556  -0.218360  -0.134746  1.566850  2.000000  
119.033097 -0.003617  0.084408  -0.013342  0.934910  0.354098  0.023609  -0.354836  0.933814  0.045636  -0.005887  -0.051043  0.998679  -0.008600  -0.010838  -0.012478  -0.226330  -0.128023  1.532549  2.000000  
119.034097 -0.003625  0.084401  -0.013354  0.934545  0.355074  0.023402  -0.355798  0.933463  0.045320  -0.005753  -0.050680  0.998698  -0.008338  -0.010377  -0.012358  -0.236073  -0.121990  1.504262  2.000000  
119.035099 -0.003633  0.084394  -0.013367  0.934178  0.356043  0.023319  -0.356760  0.933114  0.044956  -0.005753  -0.050316  0.998717  -0.008073  -0.009828  -0.012291  -0.244153  -0.115630  1.476703  2.000000  
119.036351 -0.003644  0.084385  -0.013382  0.933663  0.357399  0.023211  -0.358106  0.932621  0.044470  -0.005753  -0.049832  0.998741  -0.007943  -0.009285  -0.012214  -0.254263  -0.113879  1.457882  2.000000  
119.037598 -0.003657  0.084375  -0.013399  0.933146  0.358751  0.023144  -0.359451  0.932122  0.044097  -0.005753  -0.049468  0.998759  -0.007974  -0.008814  -0.012281  -0.260130  -0.117007  1.434975  2.000000  
119.038606 -0.003668  0.084367  -0.013412  0.932851  0.359530  0.022969  -0.360219  0.931834  0.043900  -0.005620  -0.049226  0.998772  -0.008123  -0.008469  -0.012354  -0.259837  -0.110678  1.407292  2.000000  
119.039844 -0.003683  0.084357  -0.013430  0.932405  0.360689  0.022892  -0.361371  0.931405  0.043533  -0.005620  -0.048862  0.998790  -0.008400  -0.008207  -0.012461  -0.261726  -0.108297  1.375660  2.000000  
119.041095 -0.003699  0.084347  -0.013447  0.931958  0.361848  0.022814  -0.362523  0.930975  0.043166  -0.005620  -0.048499  0.998807  -0.008733  -0.007951  -0.012561  -0.267765  -0.101378  1.331964  2.000000  
119.042097 -0.003711  0.084340  -0.013460  0.931659  0.362620  0.022761  -0.363290  0.930687  0.042921  -0.005620  -0.048257  0.998819  -0.009028  -0.007726  -0.012587  -0.267671  -0.094759  1.297650  2.000000  
119.043098 -0.003725  0.084332  -0.013473  0.931360  0.363398  0.022584  -0.364058  0.930396  0.042725  -0.005486  -0.048014  0.998832  -0.009506  -0.007628  -0.012675  -0.267386  -0.088152  1.263255  2.000000  
119.044349 -0.003743  0.084323  -0.013490  0.930985  0.364364  0.022495  -0.365016  0.930037  0.042364  -0.005486  -0.047651  0.998849  -0.010150  -0.007481  -0.012783  -0.269214  -0.081190  1.225901  2.000000  
119.045350 -0.003759  0.084316  -0.013503  0.930685  0.365141  0.022317  -0.365783  0.929744  0.042168  -0.005352  -0.047409  0.998861  -0.010731  -0.007482  -0.012888  -0.271107  -0.074929  1.194661  2.000000  
119.046350 -0.003776  0.084309  -0.013517  0.930383  0.365912  0.022263  -0.366549  0.929454  0.041924  -0.005352  -0.047166  0.998873  -0.011458  -0.007458  -0.012976  -0.270958  -0.073223  1.167005  2.000000  
119.047594 -0.003797  0.084300  -0.013532  0.930081  0.366685  0.022164  -0.367315  0.929167  0.041568  -0.005352  -0.046803  0.998890  -0.012285  -0.007491  -0.013050  -0.276671  -0.070603  1.123291  2.000000  
119.048594 -0.003814  0.084292  -0.013544  0.929779  0.367461  0.021985  -0.368081  0.928873  0.041374  -0.005218  -0.046561  0.998902  -0.012895  -0.007503  -0.013062  -0.276559  -0.064850  1.103242  2.000000  
119.049842 -0.003836  0.084284  -0.013558  0.929551  0.368045  0.021832  -0.368655  0.928665  0.040909  -0.005218  -0.046076  0.998924  -0.013690  -0.007459  -0.013007  -0.284458  -0.057576  1.055435  2.000000  
119.050843 -0.003855  0.084277  -0.013569  0.929324  0.368627  0.021723  -0.369229  0.928453  0.040558  -0.005218  -0.045712  0.998941  -0.014374  -0.007445  -0.012871  -0.292451  -0.051488  1.028173  2.000000  
119.051850 -0.003873  0.084269  -0.013579  0.929172  0.369023  0.021481  -0.369612  0.928313  0.040261  -0.005084  -0.045349  0.998958  -0.015036  -0.007426  -0.012690  -0.298634  -0.039861  0.981762  2.000000  
119.053100 -0.003898  0.084258  -0.013593  0.928944  0.369609  0.021282  -0.370186  0.928110  0.039685  -0.005084  -0.044743  0.998986  -0.015760  -0.007520  -0.012461  -0.306684  -0.032855  0.940689  2.000000  
119.054355 -0.003922  0.084246  -0.013606  0.928791  0.370001  0.021119  -0.370569  0.927976  0.039226  -0.005084  -0.044258  0.999007  -0.016399  -0.007646  -0.012161  -0.314529  -0.030474  0.898966  2.000000  
119.055597 -0.003946  0.084234  -0.013619  0.928639  0.370394  0.020955  -0.370951  0.927843  0.038767  -0.005084  -0.043774  0.999029  -0.017011  -0.007813  -0.011884  -0.318588  -0.023934  0.864936  2.000000  
119.056599 -0.003965  0.084224  -0.013629  0.928486  0.370781  0.020881  -0.371333  0.927700  0.038533  -0.005084  -0.043531  0.999039  -0.017423  -0.007972  -0.011647  -0.318382  -0.022386  0.837136  2.000000  
119.057843 -0.003988  0.084211  -0.013641  0.928409  0.370979  0.020754  -0.371524  0.927637  0.038191  -0.005084  -0.043168  0.999055  -0.017808  -0.008224  -0.011405  -0.319655  -0.020309  0.796060  2.000000  
119.058846 -0.004006  0.084200  -0.013652  0.928333  0.371175  0.020672  -0.371716  0.927570  0.037962  -0.005084  -0.042925  0.999065  -0.018058  -0.008452  -0.011226  -0.319501  -0.014024  0.761948  2.000000  
119.059849 -0.004025  0.084188  -0.013662  0.928333  0.371180  0.020582  -0.371716  0.927579  0.037737  -0.005084  -0.042683  0.999076  -0.018264  -0.008768  -0.010957  -0.317820  -0.011940  0.726731  2.000000  
119.061098 -0.004047  0.084173  -0.013676  0.928256  0.371376  0.020500  -0.371907  0.927512  0.037508  -0.005084  -0.042441  0.999086  -0.018403  -0.009235  -0.010781  -0.309481  -0.005234  0.685460  2.000000  
119.062352 -0.004069  0.084156  -0.013689  0.928256  0.371381  0.020410  -0.371907  0.927521  0.037283  -0.005084  -0.042198  0.999096  -0.018467  -0.009703  -0.010641  -0.305119  -0.002765  0.637039  2.000000  
119.063594 -0.004091  0.084140  -0.013702  0.928256  0.371381  0.020444  -0.371906  0.927532  0.037008  -0.005218  -0.041956  0.999106  -0.018435  -0.010173  -0.010528  -0.298477  -0.005414  0.597439  2.000000  
119.064595 -0.004108  0.084126  -0.013712  0.928332  0.371195  0.020346  -0.371715  0.927618  0.036787  -0.005218  -0.041713  0.999116  -0.018426  -0.010674  -0.010419  -0.296590  -0.007220  0.546995  2.000000  
119.065842 -0.004128  0.084110  -0.013723  0.928332  0.371202  0.020211  -0.371715  0.927631  0.036449  -0.005218  -0.041350  0.999131  -0.018224  -0.011113  -0.010281  -0.294071  -0.005396  0.508402  2.000000  
119.066843 -0.004144  0.084097  -0.013731  0.928408  0.371011  0.020237  -0.371524  0.927718  0.036179  -0.005352  -0.041108  0.999140  -0.018051  -0.011465  -0.010134  -0.289660  -0.007514  0.459972  2.000000  
119.068096 -0.004162  0.084082  -0.013741  0.928484  0.370825  0.020140  -0.371333  0.927803  0.035958  -0.005352  -0.040865  0.999150  -0.017623  -0.011815  -0.009902  -0.283664  -0.004914  0.408575  2.000000  
119.069105 -0.004177  0.084070  -0.013747  0.928484  0.370825  0.020174  -0.371333  0.927814  0.035683  -0.005486  -0.040623  0.999159  -0.017251  -0.011967  -0.009615  -0.283334  -0.012247  0.373417  2.000000  
119.070352 -0.004194  0.084055  -0.013755  0.928637  0.370450  0.020025  -0.370950  0.927980  0.035354  -0.005486  -0.040259  0.999174  -0.016794  -0.012131  -0.009223  -0.283027  -0.009651  0.318129  2.000000  
119.071602 -0.004210  0.084041  -0.013762  0.928713  0.370266  0.019883  -0.370759  0.928069  0.035020  -0.005486  -0.039896  0.999189  -0.016329  -0.012233  -0.008838  -0.282809  -0.007706  0.276674  2.000000  
119.072846 -0.004225  0.084027  -0.013768  0.928789  0.370082  0.019741  -0.370568  0.928157  0.034687  -0.005486  -0.039532  0.999203  -0.015764  -0.012293  -0.008392  -0.284365  -0.010515  0.239969  2.000000  
119.073847 -0.004237  0.084016  -0.013772  0.928789  0.370087  0.019651  -0.370568  0.928166  0.034461  -0.005486  -0.039290  0.999213  -0.015304  -0.012276  -0.007991  -0.284370  -0.009266  0.212662  2.000000  
119.075101 -0.004250  0.084003  -0.013777  0.928865  0.369901  0.019554  -0.370377  0.928250  0.034240  -0.005486  -0.039047  0.999222  -0.014708  -0.012138  -0.007431  -0.282215  -0.011672  0.165722  2.000000  
119.076101 -0.004261  0.083993  -0.013781  0.928942  0.369714  0.019458  -0.370185  0.928335  0.034019  -0.005486  -0.038805  0.999232  -0.014173  -0.012000  -0.006957  -0.282037  -0.010145  0.131163  2.000000  
119.077349 -0.004273  0.083979  -0.013786  0.929018  0.369528  0.019361  -0.369994  0.928419  0.033798  -0.005486  -0.038562  0.999241  -0.013613  -0.011825  -0.006440  -0.277727  -0.008627  0.096583  2.000000  
119.078364 -0.004283  0.083968  -0.013789  0.929093  0.369334  0.019433  -0.369803  0.928501  0.033640  -0.005620  -0.038441  0.999245  -0.012994  -0.011606  -0.005916  -0.273333  -0.016117  0.061610  2.000000  
119.079596 -0.004294  0.083956  -0.013794  0.929093  0.369339  0.019344  -0.369803  0.928509  0.033415  -0.005620  -0.038199  0.999254  -0.012306  -0.011359  -0.005447  -0.265211  -0.015228  0.040909  2.000000  
119.080842 -0.004304  0.083942  -0.013799  0.929093  0.369341  0.019299  -0.369803  0.928513  0.033302  -0.005620  -0.038077  0.999259  -0.011623  -0.011126  -0.005023  -0.254836  -0.014231  0.020008  2.000000  
119.081842 -0.004311  0.083932  -0.013803  0.929169  0.369153  0.019247  -0.369611  0.928593  0.033193  -0.005620  -0.037956  0.999264  -0.011114  -0.010974  -0.004760  -0.246697  -0.017829  -0.000743  2.000000  
119.083098 -0.004319  0.083921  -0.013807  0.929169  0.369155  0.019203  -0.369611  0.928597  0.033081  -0.005620  -0.037835  0.999268  -0.010427  -0.010731  -0.004423  -0.230366  -0.016976  -0.021307  2.000000  
119.084099 -0.004324  0.083912  -0.013811  0.929169  0.369157  0.019158  -0.369611  0.928601  0.032968  -0.005620  -0.037714  0.999273  -0.009851  -0.010534  -0.004240  -0.222195  -0.016416  -0.035015  2.000000  
119.085110 -0.004328  0.083904  -0.013813  0.929169  0.369160  0.019113  -0.369611  0.928605  0.032855  -0.005620  -0.037593  0.999277  -0.009114  -0.010256  -0.003959  -0.211675  -0.015995  -0.049114  2.000000  
119.086352 -0.004332  0.083894  -0.013816  0.929169  0.369162  0.019068  -0.369611  0.928609  0.032743  -0.005620  -0.037471  0.999282  -0.008282  -0.009936  -0.003717  -0.205919  -0.015599  -0.055579  2.000000  
119.087596 -0.004336  0.083886  -0.013819  0.929093  0.369358  0.018985  -0.369803  0.928541  0.032514  -0.005620  -0.037229  0.999291  -0.007549  -0.009601  -0.003498  -0.199428  -0.015470  -0.062945  2.000000  
119.088602 -0.004338  0.083880  -0.013820  0.929093  0.369360  0.018941  -0.369803  0.928545  0.032401  -0.005620  -0.037108  0.999295  -0.006837  -0.009244  -0.003260  -0.195294  -0.015203  -0.069849  2.000000  
119.089847 -0.004339  0.083873  -0.013821  0.929093  0.369362  0.018896  -0.369803  0.928549  0.032288  -0.005620  -0.036987  0.999300  -0.006041  -0.008872  -0.002966  -0.189679  -0.015093  -0.069284  2.000000  
119.090847 -0.004340  0.083866  -0.013821  0.929017  0.369556  0.018858  -0.369994  0.928477  0.032172  -0.005620  -0.036865  0.999304  -0.005384  -0.008555  -0.002711  -0.187186  -0.015232  -0.069860  2.000000  
119.092101 -0.004340  0.083860  -0.013820  0.929017  0.369560  0.018768  -0.369994  0.928485  0.031947  -0.005620  -0.036623  0.999313  -0.004506  -0.008082  -0.002336  -0.187185  -0.015249  -0.069856  2.000000  
119.093102 -0.004340  0.083855  -0.013819  0.929017  0.369563  0.018723  -0.369994  0.928489  0.031834  -0.005620  -0.036502  0.999318  -0.003851  -0.007721  -0.002005  -0.183067  -0.010765  -0.069663  2.000000  
119.094104 -0.004339  0.083850  -0.013817  0.928941  0.369754  0.018730  -0.370185  0.928413  0.031830  -0.005620  -0.036502  0.999318  -0.003207  -0.007318  -0.001643  0.000000  0.000000  0.000000  2.000000  
119.095111 -0.004338  0.083845  -0.013816  0.928941  0.369756  0.018685  -0.370185  0.928416  0.031717  -0.005620  -0.036380  0.999322  -0.002597  -0.006942  -0.001300  0.000000  0.000000  0.000000  2.000000  
119.096347 -0.004336  0.083839  -0.013814  0.928941  0.369758  0.018640  -0.370185  0.928420  0.031605  -0.005620  -0.036259  0.999327  -0.001902  -0.006538  -0.000891  0.000000  0.000000  0.000000  2.000000  
119.097348 -0.004334  0.083835  -0.013813  0.928865  0.369949  0.018646  -0.370376  0.928344  0.031601  -0.005620  -0.036259  0.999327  -0.001341  -0.006216  -0.000528  0.000000  0.000000  0.000000  2.000000  
119.098360 -0.004332  0.083830  -0.013812  0.928865  0.369949  0.018646  -0.370376  0.928344  0.031601  -0.005620  -0.036259  0.999327  -0.000721  -0.005822  -0.000151  0.000000  0.000000  0.000000  2.000000  
119.099594 -0.004329  0.083824  -0.013810  0.928865  0.369952  0.018602  -0.370376  0.928348  0.031488  -0.005620  -0.036138  0.999331  -0.000144  -0.005524  0.000227  0.000000  0.000000  0.000000  2.000000  
119.100597 -0.004327  0.083820  -0.013809  0.928865  0.369952  0.018602  -0.370376  0.928348  0.031488  -0.005620  -0.036138  0.999331  0.000247  -0.005337  0.000426  0.000000  0.000000  0.000000  2.000000  
119.101598 -0.004324  0.083816  -0.013808  0.928865  0.369952  0.018602  -0.370376  0.928348  0.031488  -0.005620  -0.036138  0.999331  0.000691  -0.005116  0.000672  0.000000  0.000000  0.000000  2.000000  
119.102846 -0.004321  0.083809  -0.013807  0.928865  0.369949  0.018646  -0.370376  0.928344  0.031601  -0.005620  -0.036259  0.999327  0.001012  -0.005002  0.000839  0.000000  0.000000  0.000000  2.000000  
119.103847 -0.004319  0.083805  -0.013807  0.928865  0.369949  0.018646  -0.370376  0.928344  0.031601  -0.005620  -0.036259  0.999327  0.001318  -0.004869  0.000963  0.000000  0.000000  0.000000  2.000000  
119.105099 -0.004316  0.083799  -0.013806  0.928865  0.369949  0.018646  -0.370376  0.928344  0.031601  -0.005620  -0.036259  0.999327  0.001542  -0.004804  0.001031  0.000000  0.000000  0.000000  2.000000  
119.106350 -0.004314  0.083793  -0.013804  0.928865  0.369949  0.018646  -0.370376  0.928344  0.031601  -0.005620  -0.036259  0.999327  0.001761  -0.004732  0.001106  0.000000  0.000000  0.000000  2.000000  
119.107597 -0.004313  0.083787  -0.013802  0.928865  0.369949  0.018646  -0.370376  0.928344  0.031601  -0.005620  -0.036259  0.999327  0.001813  -0.004681  0.001148  0.000000  0.000000  0.000000  2.000000  
119.108600 -0.004312  0.083783  -0.013800  0.928941  0.369758  0.018640  -0.370185  0.928420  0.031605  -0.005620  -0.036259  0.999327  0.001868  -0.004619  0.001202  0.000000  0.000000  0.000000  2.000000  
119.109847 -0.004311  0.083777  -0.013797  0.928941  0.369758  0.018640  -0.370185  0.928420  0.031605  -0.005620  -0.036259  0.999327  0.001847  -0.004617  0.001274  0.000000  0.000000  0.000000  2.000000  
119.111098 -0.004310  0.083771  -0.013794  0.929018  0.369569  0.018554  -0.369994  0.928491  0.031771  -0.005486  -0.036381  0.999323  0.001750  -0.004593  0.001392  0.000000  0.000000  0.000000  2.000000  
119.112100 -0.004310  0.083767  -0.013791  0.929018  0.369569  0.018554  -0.369994  0.928491  0.031771  -0.005486  -0.036381  0.999323  0.001653  -0.004530  0.001488  0.000000  0.000000  0.000000  2.000000  
119.113348 -0.004311  0.083762  -0.013787  0.929094  0.369378  0.018547  -0.369803  0.928567  0.031775  -0.005486  -0.036381  0.999323  0.001430  -0.004528  0.001639  0.000000  0.000000  0.000000  2.000000  
119.114357 -0.004312  0.083758  -0.013784  0.929170  0.369187  0.018541  -0.369612  0.928643  0.031778  -0.005486  -0.036381  0.999323  0.001204  -0.004477  0.001736  0.000000  0.000000  0.000000  2.000000  
119.115594 -0.004312  0.083754  -0.013781  0.929246  0.368996  0.018534  -0.369420  0.928719  0.031782  -0.005486  -0.036381  0.999323  0.000968  -0.004424  0.001868  0.000000  0.000000  0.000000  2.000000  
119.116594 -0.004313  0.083750  -0.013778  0.929323  0.368807  0.018448  -0.369229  0.928789  0.031948  -0.005352  -0.036502  0.999319  0.000732  -0.004372  0.002000  0.000000  0.000000  0.000000  2.000000  
119.117595 -0.004314  0.083746  -0.013776  0.929323  0.368807  0.018448  -0.369229  0.928789  0.031948  -0.005352  -0.036502  0.999319  0.000476  -0.004344  0.002081  0.000000  0.000000  0.000000  2.000000  
119.118606 -0.004315  0.083742  -0.013774  0.929399  0.368616  0.018442  -0.369038  0.928865  0.031952  -0.005352  -0.036502  0.999319  0.000229  -0.004271  0.002178  0.000000  0.000000  0.000000  2.000000  
119.119606 -0.004317  0.083737  -0.013773  0.929475  0.368422  0.018480  -0.368847  0.928937  0.032068  -0.005352  -0.036623  0.999315  -0.000007  -0.004250  0.002189  0.000000  0.000000  0.000000  2.000000  
119.120847 -0.004319  0.083731  -0.013772  0.929627  0.368040  0.018467  -0.368464  0.929089  0.032076  -0.005352  -0.036623  0.999315  -0.000275  -0.004253  0.002185  0.000000  0.000000  0.000000  2.000000  
119.121848 -0.004320  0.083726  -0.013772  0.929702  0.367844  0.018584  -0.368272  0.929166  0.032031  -0.005486  -0.036623  0.999314  -0.000481  -0.004263  0.002135  0.000000  0.000000  0.000000  2.000000  
119.123094 -0.004322  0.083721  -0.013771  0.929778  0.367650  0.018622  -0.368081  0.929238  0.032147  -0.005486  -0.036744  0.999310  -0.000634  -0.004278  0.002007  0.000000  0.000000  0.000000  2.000000  
119.124100 -0.004323  0.083716  -0.013771  0.929853  0.367459  0.018616  -0.367889  0.929314  0.032151  -0.005486  -0.036744  0.999310  -0.000797  -0.004301  0.001884  0.000000  0.000000  0.000000  2.000000  
119.125102 -0.004324  0.083711  -0.013770  0.929929  0.367265  0.018654  -0.367698  0.929385  0.032267  -0.005486  -0.036865  0.999305  -0.000887  -0.004304  0.001735  0.000000  0.000000  0.000000  2.000000  
119.126110 -0.004325  0.083706  -0.013770  0.930005  0.367074  0.018647  -0.367506  0.929461  0.032271  -0.005486  -0.036865  0.999305  -0.000957  -0.004330  0.001559  0.000000  0.000000  0.000000  2.000000  
119.127352 -0.004326  0.083700  -0.013769  0.930156  0.366689  0.018678  -0.367123  0.929608  0.032392  -0.005486  -0.036987  0.999301  -0.001011  -0.004388  0.001358  0.000000  0.000000  0.000000  2.000000  
119.128358 -0.004326  0.083696  -0.013769  0.930232  0.366495  0.018716  -0.366932  0.929680  0.032508  -0.005486  -0.037108  0.999296  -0.001026  -0.004444  0.001183  0.000000  0.000000  0.000000  2.000000  
119.129596 -0.004325  0.083691  -0.013768  0.930307  0.366304  0.018709  -0.366740  0.929755  0.032512  -0.005486  -0.037108  0.999296  -0.000925  -0.004448  0.000989  0.000000  0.000000  0.000000  2.000000  
119.130842 -0.004325  0.083686  -0.013767  0.930458  0.365919  0.018740  -0.366357  0.929902  0.032633  -0.005486  -0.037229  0.999292  -0.000856  -0.004454  0.000895  0.000000  0.000000  0.000000  2.000000  
119.131845 -0.004325  0.083682  -0.013766  0.930533  0.365727  0.018734  -0.366166  0.929977  0.032637  -0.005486  -0.037229  0.999292  -0.000779  -0.004429  0.000776  0.000000  0.000000  0.000000  2.000000  
119.133092 -0.004324  0.083678  -0.013764  0.930683  0.365340  0.018845  -0.365782  0.930129  0.032595  -0.005620  -0.037229  0.999291  -0.000631  -0.004366  0.000771  0.000000  0.000000  0.000000  2.000000  
119.134094 -0.004323  0.083675  -0.013763  0.930759  0.365146  0.018882  -0.365591  0.930201  0.032712  -0.005620  -0.037350  0.999286  -0.000479  -0.004269  0.000725  0.037363  0.006316  -0.171484  2.000000  
119.135113 -0.004322  0.083673  -0.013762  0.930834  0.364955  0.018875  -0.365399  0.930276  0.032716  -0.005620  -0.037350  0.999286  -0.000300  -0.004116  0.000733  0.037686  0.006618  -0.179701  2.000000  
119.136349 -0.004321  0.083670  -0.013760  0.930984  0.364571  0.018862  -0.365016  0.930426  0.032724  -0.005620  -0.037350  0.999286  -0.000095  -0.003972  0.000756  0.037471  0.007072  -0.192023  2.000000  
119.137351 -0.004319  0.083667  -0.013759  0.931059  0.364380  0.018855  -0.364824  0.930501  0.032728  -0.005620  -0.037350  0.999286  0.000104  -0.003782  0.000811  0.037817  0.007385  -0.200515  2.000000  
119.138364 -0.004318  0.083665  -0.013759  0.931135  0.364186  0.018893  -0.364632  0.930572  0.032844  -0.005620  -0.037471  0.999282  0.000329  -0.003579  0.000792  0.041880  0.007395  -0.200445  2.000000  
119.139597 -0.004315  0.083663  -0.013758  0.931209  0.363990  0.019010  -0.364441  0.930649  0.032800  -0.005753  -0.037471  0.999281  0.000558  -0.003360  0.000820  0.041952  0.003159  -0.207620  2.000000  
119.140845 -0.004312  0.083661  -0.013758  0.931284  0.363798  0.019004  -0.364249  0.930724  0.032803  -0.005753  -0.037471  0.999281  0.000814  -0.003100  0.000814  0.037865  -0.001323  -0.207807  2.000000  
119.141846 -0.004310  0.083659  -0.013758  0.931359  0.363604  0.019041  -0.364057  0.930795  0.032920  -0.005753  -0.037593  0.999277  0.001014  -0.002890  0.000771  0.041629  -0.001046  -0.212922  2.000000  
119.142846 -0.004308  0.083657  -0.013758  0.931434  0.363413  0.019034  -0.363865  0.930870  0.032924  -0.005753  -0.037593  0.999277  0.001219  -0.002698  0.000741  0.041973  -0.001054  -0.214678  2.000000  
119.143920 -0.004305  0.083656  -0.013758  0.931434  0.363410  0.019078  -0.363865  0.930866  0.033037  -0.005753  -0.037714  0.999272  0.001380  -0.002493  0.000681  0.045907  -0.001295  -0.207297  2.000000  
119.145105 -0.004302  0.083654  -0.013757  0.931509  0.363216  0.019116  -0.363674  0.930936  0.033154  -0.005753  -0.037835  0.999267  0.001573  -0.002286  0.000681  0.050080  -0.001285  -0.207736  2.000000  
119.146344 -0.004299  0.083652  -0.013757  0.931584  0.363022  0.019153  -0.363482  0.931007  0.033271  -0.005753  -0.037956  0.999263  0.001753  -0.002097  0.000590  0.049704  -0.005451  -0.213098  2.000000  
119.147347 -0.004298  0.083651  -0.013757  0.931584  0.363022  0.019153  -0.363482  0.931007  0.033271  -0.005753  -0.037956  0.999263  0.001814  -0.001966  0.000517  0.050076  -0.005754  -0.207942  2.000000  
119.148357 -0.004296  0.083650  -0.013757  0.931658  0.362828  0.019190  -0.363290  0.931078  0.033388  -0.005753  -0.038077  0.999258  0.001873  -0.001833  0.000445  0.053716  -0.005695  -0.206268  2.000000  
119.149598 -0.004294  0.083648  -0.013756  0.931658  0.362828  0.019190  -0.363290  0.931078  0.033388  -0.005753  -0.038077  0.999258  0.001924  -0.001700  0.000408  0.049638  -0.005939  -0.199424  2.000000  
119.150846 -0.004293  0.083648  -0.013755  0.931658  0.362826  0.019234  -0.363290  0.931074  0.033501  -0.005753  -0.038199  0.999254  0.001899  -0.001558  0.000383  0.053592  -0.006439  -0.185657  2.000000  
119.151850 -0.004292  0.083647  -0.013754  0.931733  0.362634  0.019227  -0.363098  0.931148  0.033505  -0.005753  -0.038199  0.999254  0.001898  -0.001370  0.000370  0.054051  -0.001999  -0.187035  2.000000  
119.153101 -0.004291  0.083648  -0.013753  0.931733  0.362632  0.019271  -0.363098  0.931144  0.033618  -0.005753  -0.038320  0.999249  0.001814  -0.001172  0.000405  0.054018  -0.002236  -0.180139  2.000000  
119.154361 -0.004291  0.083648  -0.013752  0.931733  0.362632  0.019271  -0.363098  0.931144  0.033618  -0.005753  -0.038320  0.999249  0.001655  -0.000992  0.000396  0.049909  -0.002485  -0.173251  2.000000  
119.155595 -0.004290  0.083650  -0.013752  0.931733  0.362632  0.019271  -0.363098  0.931144  0.033618  -0.005753  -0.038320  0.999249  0.001508  -0.000742  0.000422  0.000000  0.000000  0.000000  2.000000  
119.156597 -0.004290  0.083651  -0.013751  0.931733  0.362630  0.019315  -0.363098  0.931140  0.033730  -0.005753  -0.038441  0.999244  0.001359  -0.000534  0.000501  0.000000  0.000000  0.000000  2.000000  
119.157846 -0.004291  0.083652  -0.013750  0.931809  0.362443  0.019183  -0.362907  0.931213  0.033783  -0.005620  -0.038441  0.999245  0.001086  -0.000319  0.000538  0.000000  0.000000  0.000000  2.000000  
119.158847 -0.004291  0.083653  -0.013750  0.931809  0.362443  0.019183  -0.362907  0.931213  0.033783  -0.005620  -0.038441  0.999245  0.000926  -0.000162  0.000531  0.000000  0.000000  0.000000  2.000000  
119.160098 -0.004293  0.083654  -0.013750  0.931809  0.362440  0.019227  -0.362907  0.931209  0.033896  -0.005620  -0.038562  0.999240  0.000640  0.000003  0.000522  0.000000  0.000000  0.000000  2.000000  
119.161347 -0.004294  0.083655  -0.013749  0.931809  0.362440  0.019227  -0.362907  0.931209  0.033896  -0.005620  -0.038562  0.999240  0.000327  0.000223  0.000576  0.000000  0.000000  0.000000  2.000000  
119.162593 -0.004296  0.083655  -0.013750  0.931809  0.362438  0.019271  -0.362907  0.931205  0.034009  -0.005620  -0.038683  0.999236  0.000076  0.000330  0.000508  0.000000  0.000000  0.000000  2.000000  
119.163595 -0.004298  0.083655  -0.013749  0.931809  0.362438  0.019271  -0.362907  0.931205  0.034009  -0.005620  -0.038683  0.999236  -0.000120  0.000393  0.000492  0.000000  0.000000  0.000000  2.000000  
119.164598 -0.004299  0.083655  -0.013750  0.931809  0.362436  0.019315  -0.362907  0.931201  0.034122  -0.005620  -0.038805  0.999231  -0.000348  0.000462  0.000423  0.000000  0.000000  0.000000  2.000000  
