1-Time 2-Px 3-Py 4-Pz 5-R11 6-R21 7-R31 8-R12 9-R22 10-R32 11-R13 12-R23 13-R33 14-Vx 15-Vy 16-Vz 17-Wx 18-Wy 19-Wz 20-state 21-PR11 22-PR21 23-PR31 24-PR12 25-PR22 26-PR32 27-PR13 28-PR23 29-PR33 
49.499524 -0.002007  0.089455  0.005720  0.980377  0.196489  -0.015893  -0.194432  0.977103  0.086406  0.032507  -0.081620  0.996133  0.000896  0.000473  -0.002158  0.000000  0.000000  0.000000  2.000000  
49.500526 -0.002006  0.089456  0.005718  0.980337  0.196690  -0.015876  -0.194634  0.977062  0.086409  0.032507  -0.081620  0.996133  0.000902  0.000464  -0.002154  0.000000  0.000000  0.000000  2.000000  
49.501528 -0.002007  0.089453  0.005715  0.980056  0.198102  -0.015703  -0.196047  0.976757  0.086669  0.032507  -0.081862  0.996113  0.000758  0.000251  -0.002179  0.000000  0.000000  0.000000  2.000000  
49.502785 -0.002008  0.089450  0.005711  0.979605  0.200328  -0.015589  -0.198265  0.976283  0.086967  0.032641  -0.082103  0.996089  0.000622  -0.000041  -0.002255  0.000000  0.000000  0.000000  2.000000  
49.504030 -0.002010  0.089445  0.005707  0.979281  0.201930  -0.015241  -0.199879  0.975922  0.087321  0.032507  -0.082466  0.996064  0.000474  -0.000426  -0.002320  0.034603  -0.015324  0.186053  2.000000  
49.505280 -0.002010  0.089439  0.005704  0.978988  0.203355  -0.015148  -0.201289  0.975585  0.087843  0.032641  -0.082949  0.996019  0.000316  -0.000871  -0.002370  0.052494  -0.014872  0.234644  2.000000  
49.506294 -0.002012  0.089435  0.005702  0.978684  0.204799  -0.015338  -0.202697  0.975252  0.088301  0.033042  -0.083310  0.995976  0.000164  -0.001154  -0.002338  0.066320  -0.005464  0.283832  2.000000  
49.507528 -0.002014  0.089432  0.005701  0.978154  0.207281  -0.015802  -0.205108  0.974687  0.088976  0.033845  -0.083791  0.995908  -0.000072  -0.001414  -0.002216  0.085533  0.014482  0.368923  2.000000  
49.508530 -0.002017  0.089430  0.005701  0.977665  0.209548  -0.016176  -0.207318  0.974171  0.089504  0.034513  -0.084151  0.995855  -0.000309  -0.001576  -0.002077  0.100428  0.030509  0.446554  2.000000  
49.509777 -0.002020  0.089427  0.005698  0.976954  0.212819  -0.016429  -0.210533  0.973419  0.090170  0.035182  -0.084633  0.995791  -0.000613  -0.001804  -0.002070  0.120634  0.043605  0.558709  2.000000  
49.511030 -0.002023  0.089424  0.005694  0.976285  0.215863  -0.016462  -0.213545  0.972717  0.090659  0.035583  -0.084994  0.995746  -0.000889  -0.002075  -0.002197  0.136504  0.048299  0.663185  2.000000  
49.512030 -0.002024  0.089423  0.005692  0.975696  0.218505  -0.016530  -0.216154  0.972096  0.091143  0.035984  -0.085355  0.995701  -0.001004  -0.002165  -0.002187  0.151979  0.054123  0.754068  2.000000  
49.513279 -0.002025  0.089424  0.005693  0.974964  0.221743  -0.016566  -0.219364  0.971341  0.091520  0.036385  -0.085595  0.995665  -0.001093  -0.002076  -0.001965  0.159971  0.058148  0.865214  2.000000  
49.514288 -0.002024  0.089424  0.005694  0.974268  0.224779  -0.016618  -0.222370  0.970622  0.091896  0.036786  -0.085835  0.995630  -0.001180  -0.002112  -0.001709  0.171864  0.062778  0.969553  2.000000  
49.515525 -0.002024  0.089423  0.005694  0.973413  0.228436  -0.016843  -0.225973  0.969736  0.092460  0.037455  -0.086196  0.995574  -0.001177  -0.002174  -0.001539  0.188828  0.074567  1.095806  2.000000  
49.516526 -0.002024  0.089421  0.005692  0.972733  0.231291  -0.017169  -0.228772  0.969037  0.092896  0.038123  -0.086435  0.995528  -0.001087  -0.002194  -0.001494  0.200823  0.088716  1.194523  2.000000  
49.517529 -0.002023  0.089417  0.005690  0.972040  0.234157  -0.017593  -0.231568  0.968317  0.093482  0.038926  -0.086795  0.995465  -0.000978  -0.002213  -0.001364  0.216898  0.107177  1.292748  2.000000  
49.518775 -0.002021  0.089412  0.005691  0.971193  0.237621  -0.017928  -0.234961  0.967429  0.094201  0.039728  -0.087275  0.995392  -0.000778  -0.002240  -0.001110  0.237982  0.123811  1.412301  2.000000  
49.519782 -0.002019  0.089406  0.005693  0.970485  0.240473  -0.018186  -0.237753  0.966681  0.094879  0.040396  -0.087755  0.995323  -0.000619  -0.002304  -0.000787  0.258232  0.137629  1.510393  2.000000  
49.521028 -0.002016  0.089395  0.005693  0.969566  0.244136  -0.018432  -0.241339  0.965696  0.095842  0.041198  -0.088477  0.995226  -0.000261  -0.002695  -0.000604  0.287938  0.153387  1.637118  2.000000  
49.522028 -0.002012  0.089386  0.005693  0.968845  0.246975  -0.018523  -0.244128  0.964919  0.096610  0.041733  -0.089078  0.995150  0.000089  -0.003172  -0.000591  0.316425  0.162639  1.735172  2.000000  
49.523028 -0.002007  0.089375  0.005690  0.968059  0.250023  -0.018718  -0.247111  0.964078  0.097416  0.042401  -0.089679  0.995068  0.000555  -0.003720  -0.000728  0.341151  0.175558  1.839884  2.000000  
49.524028 -0.002002  0.089364  0.005688  0.967423  0.252462  -0.018839  -0.249496  0.963386  0.098180  0.042936  -0.090281  0.994990  0.001120  -0.004379  -0.000793  0.365126  0.185766  1.924060  2.000000  
49.525030 -0.001999  0.089351  0.005684  0.966828  0.254713  -0.019107  -0.251679  0.962737  0.098974  0.043605  -0.090882  0.994907  0.001556  -0.005040  -0.000848  0.389005  0.200993  2.001693  2.000000  
49.526283 -0.001993  0.089333  0.005679  0.966012  0.257767  -0.019417  -0.254655  0.961867  0.099819  0.044407  -0.091482  0.994816  0.002060  -0.006062  -0.000906  0.414106  0.218237  2.107133  2.000000  
49.527525 -0.001986  0.089315  0.005674  0.965351  0.260216  -0.019624  -0.257033  0.961138  0.100737  0.045075  -0.092203  0.994719  0.002553  -0.007201  -0.001238  0.442613  0.232714  2.192551  2.000000  
49.528529 -0.001980  0.089300  0.005669  0.964684  0.262659  -0.019890  -0.259409  0.960427  0.101424  0.045743  -0.092683  0.994644  0.003054  -0.008371  -0.001658  0.462815  0.247295  2.276899  2.000000  
49.529530 -0.001973  0.089287  0.005665  0.964064  0.264901  -0.020206  -0.261585  0.959777  0.101993  0.046411  -0.093042  0.994580  0.003491  -0.009295  -0.002027  0.478918  0.262686  2.355294  2.000000  
49.530775 -0.001966  0.089269  0.005658  0.963330  0.267541  -0.020413  -0.264156  0.958985  0.102804  0.047080  -0.093642  0.994492  0.003935  -0.010341  -0.002398  0.494909  0.275251  2.413082  2.000000  
49.532027 -0.001959  0.089252  0.005652  0.962650  0.269965  -0.020573  -0.266528  0.958271  0.103345  0.047614  -0.094002  0.994433  0.004339  -0.011297  -0.002657  0.503870  0.290220  2.434235  2.000000  
49.533274 -0.001951  0.089234  0.005647  0.961958  0.272402  -0.020827  -0.268897  0.957534  0.104039  0.048283  -0.094481  0.994355  0.004700  -0.012076  -0.002927  0.509630  0.307457  2.437689  2.000000  
49.534281 -0.001945  0.089219  0.005643  0.961384  0.274414  -0.020930  -0.270871  0.956935  0.104422  0.048683  -0.094720  0.994313  0.005028  -0.012827  -0.003315  0.506667  0.325055  2.479292  2.000000  
49.535282 -0.001941  0.089202  0.005640  0.960805  0.276428  -0.020998  -0.272844  0.956320  0.104922  0.049084  -0.095080  0.994259  0.005106  -0.013349  -0.003542  0.508817  0.325495  2.513829  2.000000  
49.536537 -0.001937  0.089179  0.005634  0.960153  0.278664  -0.021265  -0.275010  0.955623  0.105616  0.049753  -0.095560  0.994180  0.005124  -0.014147  -0.004006  0.510525  0.328092  2.520875  2.000000  
49.537777 -0.001936  0.089155  0.005626  0.959559  0.280688  -0.021456  -0.276979  0.954994  0.106155  0.050287  -0.095919  0.994118  0.004811  -0.014889  -0.004336  0.511255  0.320870  2.493721  2.000000  
49.539029 -0.001936  0.089129  0.005618  0.958948  0.282738  -0.021867  -0.278943  0.954341  0.106885  0.051089  -0.096397  0.994031  0.004423  -0.015720  -0.004708  0.511724  0.322791  2.459272  2.000000  
49.540283 -0.001938  0.089103  0.005610  0.958339  0.284775  -0.022147  -0.280907  0.953687  0.107579  0.051757  -0.096876  0.993950  0.003976  -0.016354  -0.004881  0.511522  0.329132  2.424615  2.000000  
49.541528 -0.001940  0.089075  0.005601  0.957718  0.286823  -0.022551  -0.282867  0.953024  0.108313  0.052559  -0.097354  0.993861  0.003459  -0.016998  -0.005119  0.515573  0.344745  2.391817  2.000000  
49.542777 -0.001943  0.089046  0.005591  0.957158  0.288662  -0.022848  -0.284631  0.952419  0.109006  0.053227  -0.097833  0.993778  0.002755  -0.017653  -0.005434  0.518645  0.353336  2.337492  2.000000  
49.543778 -0.001947  0.089022  0.005581  0.956727  0.290080  -0.022967  -0.286004  0.951951  0.109500  0.053628  -0.098193  0.993721  0.001958  -0.018392  -0.005811  0.521481  0.357114  2.289474  2.000000  
49.545028 -0.001956  0.088991  0.005565  0.956167  0.291905  -0.023132  -0.287768  0.951344  0.110157  0.054162  -0.098672  0.993645  0.000881  -0.019311  -0.006490  0.527961  0.362028  2.227456  2.000000  
49.546289 -0.001966  0.088961  0.005548  0.955485  0.294118  -0.023284  -0.289924  0.950625  0.110709  0.054696  -0.099030  0.993580  -0.000284  -0.020179  -0.007185  0.526949  0.356615  2.177548  2.000000  
49.547523 -0.001976  0.088931  0.005531  0.954858  0.296137  -0.023421  -0.291882  0.949948  0.111373  0.055231  -0.099510  0.993503  -0.001348  -0.020890  -0.007913  0.527066  0.346643  2.132740  2.000000  
49.548525 -0.001984  0.088909  0.005517  0.954355  0.297745  -0.023547  -0.293447  0.949420  0.111759  0.055632  -0.099748  0.993456  -0.002299  -0.021428  -0.008618  0.522139  0.340945  2.090807  2.000000  
49.549528 -0.001993  0.088887  0.005502  0.953903  0.299169  -0.023821  -0.294814  0.948947  0.112180  0.056166  -0.099986  0.993402  -0.003413  -0.021924  -0.009445  0.512951  0.340247  2.042570  2.000000  
49.550528 -0.002004  0.088865  0.005486  0.953387  0.300789  -0.024071  -0.296375  0.948410  0.112607  0.056700  -0.100224  0.993348  -0.004405  -0.022224  -0.010261  0.500413  0.339097  2.002847  2.000000  
49.551535 -0.002017  0.088842  0.005470  0.952876  0.302392  -0.024229  -0.297938  0.947887  0.112881  0.057101  -0.100343  0.993313  -0.005310  -0.022476  -0.010883  0.481372  0.338350  1.948036  2.000000  
49.552785 -0.002033  0.088814  0.005450  0.952231  0.304400  -0.024430  -0.299890  0.947219  0.113320  0.057635  -0.100580  0.993258  -0.006611  -0.022711  -0.011812  0.463585  0.333734  1.892251  2.000000  
49.554028 -0.002050  0.088786  0.005429  0.951527  0.306588  -0.024479  -0.302039  0.946488  0.113725  0.058036  -0.100819  0.993211  -0.007587  -0.022840  -0.012547  0.448221  0.326459  1.869784  2.000000  
49.555029 -0.002063  0.088765  0.005414  0.950951  0.308373  -0.024447  -0.303796  0.945882  0.114081  0.058303  -0.101058  0.993171  -0.008512  -0.022917  -0.013275  0.436260  0.313678  1.854973  2.000000  
49.556030 -0.002077  0.088743  0.005399  0.950498  0.309765  -0.024498  -0.305162  0.945415  0.114312  0.058570  -0.101177  0.993143  -0.009325  -0.022863  -0.013810  0.421777  0.303091  1.813950  2.000000  
49.557280 -0.002095  0.088717  0.005381  0.949837  0.311765  -0.024730  -0.307108  0.944744  0.114640  0.059105  -0.101295  0.993099  -0.010254  -0.022751  -0.014271  0.401651  0.299122  1.799411  2.000000  
49.558294 -0.002110  0.088696  0.005367  0.949244  0.313556  -0.024859  -0.308860  0.944139  0.114924  0.059505  -0.101413  0.993063  -0.011073  -0.022528  -0.014654  0.389139  0.291547  1.777320  2.000000  
49.559527 -0.002127  0.088670  0.005347  0.948512  0.315751  -0.025027  -0.310999  0.943381  0.115374  0.060039  -0.101650  0.993007  -0.011677  -0.022269  -0.014972  0.383129  0.284326  1.763184  2.000000  
49.560528 -0.002141  0.088649  0.005330  0.947983  0.317333  -0.025051  -0.312556  0.942837  0.115613  0.060307  -0.101769  0.992978  -0.012126  -0.021939  -0.015268  0.368926  0.275974  1.741990  2.000000  
49.561529 -0.002154  0.088628  0.005313  0.947387  0.319109  -0.025050  -0.314307  0.942225  0.115857  0.060574  -0.101888  0.992950  -0.012480  -0.021722  -0.015523  0.360938  0.271733  1.734546  2.000000  
49.562783 -0.002170  0.088603  0.005289  0.946657  0.321274  -0.024962  -0.316446  0.941463  0.116226  0.060841  -0.102127  0.992909  -0.012840  -0.021517  -0.015948  0.357255  0.258452  1.726254  2.000000  
49.564027 -0.002183  0.088577  0.005265  0.945988  0.323240  -0.024935  -0.318389  0.940777  0.116476  0.061108  -0.102246  0.992880  -0.013056  -0.021393  -0.016312  0.347281  0.250880  1.719008  2.000000  
49.565274 -0.002196  0.088552  0.005240  0.945315  0.325202  -0.024947  -0.320331  0.940101  0.116612  0.061375  -0.102244  0.992864  -0.012975  -0.021223  -0.016730  0.334726  0.243753  1.697846  2.000000  
49.566281 -0.002204  0.088533  0.005219  0.944713  0.326956  -0.024856  -0.322079  0.939492  0.116701  0.061509  -0.102243  0.992856  -0.012723  -0.020959  -0.017015  0.321127  0.228853  1.696556  2.000000  
49.567525 -0.002215  0.088510  0.005193  0.944032  0.328919  -0.024827  -0.324018  0.938794  0.116952  0.061776  -0.102362  0.992827  -0.012305  -0.020656  -0.017386  0.311642  0.220710  1.695408  2.000000  
49.568527 -0.002222  0.088492  0.005172  0.943489  0.330477  -0.024760  -0.325570  0.938247  0.117036  0.061909  -0.102361  0.992819  -0.011908  -0.020367  -0.017716  0.297931  0.201139  1.693511  2.000000  
49.569781 -0.002231  0.088469  0.005144  0.942742  0.332617  -0.024580  -0.327703  0.937477  0.117249  0.062043  -0.102481  0.992798  -0.011367  -0.020061  -0.018261  0.286734  0.182024  1.698435  2.000000  
49.570789 -0.002237  0.088451  0.005122  0.942133  0.334354  -0.024363  -0.329449  0.936859  0.117295  0.062043  -0.102481  0.992798  -0.010802  -0.019825  -0.018787  0.275003  0.159314  1.695799  2.000000  
49.572028 -0.002243  0.088428  0.005095  0.941445  0.336294  -0.024247  -0.331385  0.936164  0.117389  0.062176  -0.102480  0.992790  -0.010104  -0.019553  -0.019329  0.262415  0.142367  1.701349  2.000000  
49.573284 -0.002249  0.088407  0.005069  0.940760  0.338221  -0.024005  -0.333322  0.935470  0.117438  0.062176  -0.102480  0.992790  -0.009303  -0.019299  -0.019895  0.244345  0.121342  1.706103  2.000000  
49.574528 -0.002254  0.088386  0.005043  0.940133  0.339967  -0.023913  -0.335062  0.934837  0.117527  0.062310  -0.102479  0.992782  -0.008374  -0.018912  -0.020332  0.231486  0.109802  1.705036  2.000000  
49.575778 -0.002259  0.088366  0.005018  0.939511  0.341695  -0.023736  -0.336803  0.934220  0.117458  0.062310  -0.102359  0.992794  -0.007664  -0.018558  -0.020563  0.212366  0.090123  1.696150  2.000000  
49.576780 -0.002263  0.088350  0.004998  0.939094  0.342849  -0.023591  -0.337964  0.933797  0.117487  0.062310  -0.102359  0.992794  -0.007065  -0.018244  -0.020674  0.203745  0.077899  1.681075  2.000000  
49.578025 -0.002268  0.088330  0.004973  0.938466  0.344576  -0.023415  -0.339703  0.933175  0.117418  0.062310  -0.102238  0.992807  -0.006346  -0.017827  -0.020704  0.186647  0.063061  1.672798  2.000000  
49.579026 -0.002271  0.088315  0.004954  0.937976  0.345920  -0.023246  -0.341055  0.932677  0.117451  0.062310  -0.102238  0.992807  -0.005846  -0.017477  -0.020746  0.179787  0.042417  1.670656  2.000000  
49.580274 -0.002275  0.088296  0.004929  0.937413  0.347453  -0.023095  -0.342600  0.932120  0.117376  0.062310  -0.102118  0.992819  -0.005256  -0.017050  -0.020728  0.166615  0.024225  1.655031  2.000000  
49.581279 -0.002278  0.088282  0.004908  0.936989  0.348601  -0.022992  -0.343757  0.931705  0.117292  0.062310  -0.101997  0.992831  -0.004894  -0.016740  -0.020755  0.154607  0.009240  1.639917  2.000000  
49.582280 -0.002282  0.088267  0.004887  0.936635  0.349557  -0.022914  -0.344722  0.931360  0.117202  0.062310  -0.101877  0.992844  -0.004585  -0.016430  -0.020746  0.141406  -0.002177  1.617311  2.000000  
49.583528 -0.002287  0.088250  0.004860  0.936066  0.351085  -0.022806  -0.346264  0.930811  0.117014  0.062310  -0.101636  0.992868  -0.004326  -0.016094  -0.020799  0.127940  -0.010239  1.596552  2.000000  
49.584775 -0.002293  0.088232  0.004831  0.935502  0.352600  -0.022574  -0.347808  0.930265  0.116780  0.062176  -0.101396  0.992901  -0.004181  -0.015841  -0.020864  0.111173  -0.026600  1.581348  2.000000  
49.585785 -0.002299  0.088217  0.004807  0.935143  0.353554  -0.022497  -0.348771  0.929915  0.116690  0.062176  -0.101276  0.992914  -0.004128  -0.015602  -0.021015  0.098061  -0.036821  1.558186  2.000000  
49.587027 -0.002306  0.088198  0.004775  0.934720  0.354685  -0.022314  -0.349928  0.929511  0.116446  0.062043  -0.101036  0.992946  -0.004187  -0.015381  -0.021347  0.084512  -0.052783  1.530080  2.000000  
49.588296 -0.002317  0.088178  0.004742  0.934287  0.355830  -0.022213  -0.351083  0.929086  0.116360  0.062043  -0.100915  0.992959  -0.004506  -0.015211  -0.021770  0.070511  -0.070732  1.491493  2.000000  
49.589527 -0.002329  0.088159  0.004710  0.933860  0.356962  -0.021989  -0.352239  0.928665  0.116228  0.061909  -0.100796  0.992979  -0.004960  -0.015158  -0.022243  0.060828  -0.085849  1.457789  2.000000  
49.590528 -0.002339  0.088143  0.004683  0.933497  0.357915  -0.021912  -0.353200  0.928311  0.116138  0.061909  -0.100675  0.992991  -0.005408  -0.015116  -0.022687  0.051679  -0.092636  1.436425  2.000000  
49.591778 -0.002353  0.088124  0.004651  0.932987  0.359247  -0.021832  -0.354545  0.927822  0.115944  0.061909  -0.100434  0.993016  -0.005957  -0.015069  -0.023169  0.034120  -0.103181  1.408019  2.000000  
49.593028 -0.002368  0.088103  0.004618  0.932548  0.360390  -0.021733  -0.355697  0.927392  0.115859  0.061909  -0.100314  0.993028  -0.006782  -0.015155  -0.023757  0.023457  -0.108057  1.370384  2.000000  
49.594290 -0.002386  0.088082  0.004586  0.932182  0.361339  -0.021701  -0.356657  0.927049  0.115656  0.061909  -0.100073  0.993052  -0.007700  -0.015249  -0.024249  0.009279  -0.113379  1.334641  2.000000  
49.595531 -0.002406  0.088061  0.004553  0.931741  0.362482  -0.021602  -0.357808  0.926616  0.115571  0.061909  -0.099952  0.993064  -0.008763  -0.015460  -0.024754  0.003590  -0.115006  1.307106  2.000000  
49.596781 -0.002427  0.088039  0.004521  0.931372  0.363430  -0.021571  -0.358767  0.926270  0.115368  0.061909  -0.099711  0.993089  -0.009876  -0.015699  -0.025195  -0.011027  -0.119670  1.264901  2.000000  
49.598023 -0.002449  0.088018  0.004488  0.930928  0.364571  -0.021473  -0.359917  0.925834  0.115282  0.061909  -0.099591  0.993101  -0.010879  -0.015934  -0.025512  -0.015748  -0.121695  1.240781  2.000000  
49.599024 -0.002467  0.088000  0.004462  0.930705  0.365138  -0.021490  -0.360492  0.925637  0.115071  0.061909  -0.099350  0.993125  -0.011783  -0.016130  -0.025745  -0.026299  -0.121819  1.199362  2.000000  
49.600279 -0.002489  0.087979  0.004430  0.930408  0.365895  -0.021484  -0.361259  0.925364  0.114864  0.061909  -0.099109  0.993149  -0.012925  -0.016355  -0.025962  -0.040917  -0.122082  1.158505  2.000000  
49.601282 -0.002508  0.087962  0.004404  0.930110  0.366651  -0.021479  -0.362025  0.925090  0.114657  0.061909  -0.098868  0.993173  -0.013951  -0.016526  -0.026007  -0.052318  -0.122495  1.119046  2.000000  
49.602524 -0.002533  0.087939  0.004372  0.929887  0.367218  -0.021497  -0.362599  0.924891  0.114446  0.061909  -0.098627  0.993197  -0.014859  -0.016725  -0.026022  -0.062111  -0.117917  1.075922  2.000000  
49.603532 -0.002554  0.087920  0.004345  0.929663  0.367784  -0.021516  -0.363173  0.924692  0.114235  0.061909  -0.098386  0.993221  -0.015758  -0.016927  -0.026044  -0.073341  -0.114568  1.043400  2.000000  
49.604789 -0.002579  0.087897  0.004311  0.929446  0.368337  -0.021411  -0.363750  0.924497  0.113976  0.061776  -0.098146  0.993253  -0.016646  -0.017203  -0.026078  -0.084476  -0.118498  0.994142  2.000000  
49.606029 -0.002606  0.087872  0.004278  0.929221  0.368903  -0.021430  -0.364324  0.924297  0.113765  0.061776  -0.097905  0.993277  -0.017566  -0.017580  -0.026179  -0.089135  -0.115328  0.965928  2.000000  
49.607281 -0.002633  0.087847  0.004243  0.928996  0.369468  -0.021449  -0.364898  0.924097  0.113554  0.061776  -0.097664  0.993300  -0.018431  -0.017968  -0.026294  -0.101455  -0.110622  0.918905  2.000000  
49.608290 -0.002655  0.087826  0.004216  0.928921  0.369656  -0.021471  -0.365090  0.924034  0.113446  0.061776  -0.097544  0.993312  -0.018999  -0.018224  -0.026401  -0.102337  -0.106873  0.884216  2.000000  
49.609528 -0.002683  0.087800  0.004182  0.928703  0.370212  -0.021322  -0.365666  0.923824  0.113299  0.061642  -0.097424  0.993332  -0.019625  -0.018593  -0.026502  -0.106247  -0.107292  0.842997  2.000000  
49.610530 -0.002705  0.087778  0.004155  0.928627  0.370400  -0.021343  -0.365857  0.923762  0.113191  0.061642  -0.097304  0.993344  -0.019962  -0.018850  -0.026559  -0.108378  -0.103728  0.808542  2.000000  
49.611776 -0.002733  0.087750  0.004121  0.928477  0.370777  -0.021342  -0.366240  0.923623  0.113088  0.061642  -0.097183  0.993356  -0.020431  -0.019297  -0.026618  -0.110532  -0.100195  0.774263  2.000000  
49.613027 -0.002762  0.087722  0.004089  0.928409  0.370953  -0.021240  -0.366434  0.923565  0.112931  0.061509  -0.097063  0.993376  -0.020938  -0.019772  -0.026678  -0.109076  -0.100402  0.732589  2.000000  
49.614027 -0.002784  0.087700  0.004063  0.928409  0.370953  -0.021240  -0.366434  0.923565  0.112931  0.061509  -0.097063  0.993376  -0.021256  -0.020112  -0.026661  -0.108063  -0.091090  0.685060  2.000000  
49.615280 -0.002812  0.087673  0.004033  0.928341  0.371128  -0.021138  -0.366628  0.923507  0.112775  0.061375  -0.096944  0.993396  -0.021576  -0.020483  -0.026507  -0.108906  -0.091966  0.651669  2.000000  
49.616527 -0.002839  0.087647  0.004004  0.928341  0.371126  -0.021183  -0.366628  0.923521  0.112663  0.061375  -0.096823  0.993407  -0.021686  -0.020709  -0.026267  -0.107837  -0.087097  0.604006  2.000000  
49.617528 -0.002859  0.087627  0.003982  0.928266  0.371313  -0.021205  -0.366819  0.923458  0.112555  0.061375  -0.096703  0.993419  -0.021738  -0.020847  -0.026000  -0.106407  -0.080500  0.582002  2.000000  
49.618775 -0.002885  0.087602  0.003955  0.928273  0.371296  -0.021171  -0.366822  0.923490  0.112282  0.061241  -0.096463  0.993451  -0.021731  -0.020897  -0.025581  -0.111725  -0.080784  0.542683  2.000000  
49.619780 -0.002905  0.087583  0.003933  0.928349  0.371103  -0.021239  -0.366631  0.923580  0.112166  0.061241  -0.096342  0.993462  -0.021712  -0.020941  -0.025241  -0.114292  -0.072219  0.502208  2.000000  
49.621028 -0.002930  0.087559  0.003906  0.928356  0.371086  -0.021206  -0.366634  0.923612  0.111893  0.061108  -0.096102  0.993494  -0.021604  -0.020863  -0.024803  -0.121317  -0.071839  0.454041  2.000000  
49.622028 -0.002949  0.087541  0.003885  0.928356  0.371084  -0.021251  -0.366634  0.923626  0.111781  0.061108  -0.095981  0.993506  -0.021401  -0.020754  -0.024320  -0.124884  -0.068305  0.416600  2.000000  
49.623028 -0.002968  0.087522  0.003864  0.928364  0.371069  -0.021172  -0.366637  0.923644  0.111620  0.060974  -0.095862  0.993525  -0.021215  -0.020611  -0.023888  -0.122962  -0.069314  0.381809  2.000000  
49.624031 -0.002986  0.087505  0.003844  0.928364  0.371064  -0.021262  -0.366637  0.923671  0.111396  0.060974  -0.095621  0.993549  -0.020941  -0.020364  -0.023392  -0.128782  -0.066558  0.354446  2.000000  
49.625280 -0.003009  0.087483  0.003819  0.928364  0.371061  -0.021307  -0.366637  0.923685  0.111284  0.060974  -0.095500  0.993560  -0.020620  -0.020051  -0.022844  -0.129795  -0.062596  0.317353  2.000000  
49.626527 -0.003031  0.087461  0.003794  0.928447  0.370857  -0.021251  -0.366449  0.923779  0.111119  0.060841  -0.095380  0.993580  -0.020216  -0.019598  -0.022211  -0.129808  -0.062817  0.271478  2.000000  
49.627528 -0.003049  0.087444  0.003775  0.928447  0.370857  -0.021251  -0.366449  0.923779  0.111119  0.060841  -0.095380  0.993580  -0.019847  -0.019225  -0.021680  -0.127825  -0.059413  0.237053  2.000000  
49.628776 -0.003071  0.087422  0.003751  0.928447  0.370857  -0.021251  -0.366449  0.923779  0.111119  0.060841  -0.095380  0.993580  -0.019458  -0.018839  -0.021193  -0.121372  -0.056691  0.209570  2.000000  
49.630024 -0.003092  0.087401  0.003727  0.928379  0.371035  -0.021105  -0.366643  0.923707  0.111074  0.060707  -0.095381  0.993588  -0.018981  -0.018411  -0.020704  -0.114534  -0.059137  0.188567  2.000000  
49.631279 -0.003113  0.087380  0.003704  0.928379  0.371035  -0.021105  -0.366643  0.923707  0.111074  0.060707  -0.095381  0.993588  -0.018614  -0.018077  -0.020334  0.000000  0.000000  0.000000  2.000000  
49.632529 -0.003134  0.087359  0.003681  0.928379  0.371035  -0.021105  -0.366643  0.923707  0.111074  0.060707  -0.095381  0.993588  -0.018270  -0.017807  -0.020014  0.000000  0.000000  0.000000  2.000000  
49.633776 -0.003154  0.087340  0.003659  0.928379  0.371035  -0.021105  -0.366643  0.923707  0.111074  0.060707  -0.095381  0.993588  -0.017915  -0.017459  -0.019665  0.000000  0.000000  0.000000  2.000000  
49.634782 -0.003170  0.087325  0.003641  0.928379  0.371035  -0.021105  -0.366643  0.923707  0.111074  0.060707  -0.095381  0.993588  -0.017599  -0.017186  -0.019369  0.000000  0.000000  0.000000  2.000000  
49.636032 -0.003188  0.087307  0.003620  0.928303  0.371225  -0.021082  -0.366834  0.923631  0.111079  0.060707  -0.095381  0.993588  -0.017189  -0.016768  -0.018993  0.000000  0.000000  0.000000  2.000000  
49.637280 -0.003206  0.087290  0.003600  0.928303  0.371223  -0.021127  -0.366834  0.923644  0.110967  0.060707  -0.095261  0.993600  -0.016753  -0.016330  -0.018604  0.000000  0.000000  0.000000  2.000000  
49.638297 -0.003220  0.087277  0.003584  0.928228  0.371413  -0.021104  -0.367025  0.923568  0.110971  0.060707  -0.095261  0.993600  -0.016461  -0.015990  -0.018257  0.000000  0.000000  0.000000  2.000000  
49.639526 -0.003238  0.087261  0.003564  0.928228  0.371413  -0.021104  -0.367025  0.923568  0.110971  0.060707  -0.095261  0.993600  -0.016167  -0.015624  -0.017970  0.000000  0.000000  0.000000  2.000000  
49.640528 -0.003251  0.087249  0.003549  0.928152  0.371600  -0.021126  -0.367216  0.923505  0.110863  0.060707  -0.095140  0.993611  -0.015803  -0.015250  -0.017590  0.000000  0.000000  0.000000  2.000000  
49.641782 -0.003268  0.087234  0.003530  0.928145  0.371612  -0.021250  -0.367213  0.923500  0.110912  0.060841  -0.095139  0.993603  -0.015413  -0.014840  -0.017275  0.000000  0.000000  0.000000  2.000000  
49.643029 -0.003283  0.087218  0.003511  0.928069  0.371802  -0.021227  -0.367404  0.923424  0.110917  0.060841  -0.095139  0.993603  -0.014975  -0.014421  -0.016930  0.000000  0.000000  0.000000  2.000000  
49.644031 -0.003296  0.087206  0.003496  0.928069  0.371802  -0.021227  -0.367404  0.923424  0.110917  0.060841  -0.095139  0.993603  -0.014660  -0.014072  -0.016656  0.000000  0.000000  0.000000  2.000000  
49.645278 -0.003312  0.087190  0.003477  0.928069  0.371802  -0.021227  -0.367404  0.923424  0.110917  0.060841  -0.095139  0.993603  -0.014373  -0.013804  -0.016436  0.000000  0.000000  0.000000  2.000000  
49.646283 -0.003324  0.087177  0.003461  0.927994  0.371995  -0.021159  -0.367595  0.923334  0.111033  0.060841  -0.095260  0.993591  -0.014007  -0.013488  -0.016201  0.000000  0.000000  0.000000  2.000000  
49.647523 -0.003339  0.087159  0.003440  0.927986  0.372009  -0.021238  -0.367592  0.923316  0.111194  0.060974  -0.095380  0.993572  -0.013707  -0.013338  -0.016066  0.000000  0.000000  0.000000  2.000000  
49.648525 -0.003352  0.087145  0.003423  0.927986  0.372012  -0.021193  -0.367592  0.923302  0.111306  0.060974  -0.095500  0.993560  -0.013400  -0.013203  -0.015964  0.000000  0.000000  0.000000  2.000000  
49.649528 -0.003364  0.087131  0.003407  0.927978  0.372026  -0.021271  -0.367589  0.923284  0.111467  0.061108  -0.095620  0.993540  -0.013166  -0.013113  -0.015914  0.000000  0.000000  0.000000  2.000000  
49.650775 -0.003379  0.087113  0.003386  0.927978  0.372029  -0.021226  -0.367589  0.923270  0.111579  0.061108  -0.095740  0.993529  -0.012914  -0.013146  -0.015897  0.000000  0.000000  0.000000  2.000000  
49.651776 -0.003390  0.087099  0.003369  0.927978  0.372032  -0.021181  -0.367589  0.923257  0.111691  0.061108  -0.095861  0.993517  -0.012776  -0.013218  -0.015951  0.000000  0.000000  0.000000  2.000000  
49.652783 -0.003401  0.087085  0.003352  0.928054  0.371844  -0.021159  -0.367398  0.923320  0.111798  0.061108  -0.095981  0.993506  -0.012498  -0.013263  -0.016004  0.000000  0.000000  0.000000  2.000000  
49.654028 -0.003415  0.087067  0.003330  0.928046  0.371859  -0.021237  -0.367395  0.923302  0.111959  0.061241  -0.096101  0.993486  -0.012235  -0.013370  -0.016174  0.000000  0.000000  0.000000  2.000000  
49.655028 -0.003426  0.087053  0.003312  0.928122  0.371671  -0.021215  -0.367204  0.923364  0.112067  0.061241  -0.096222  0.993474  -0.012081  -0.013490  -0.016305  0.000000  0.000000  0.000000  2.000000  
49.656284 -0.003440  0.087035  0.003290  0.928122  0.371671  -0.021215  -0.367204  0.923364  0.112067  0.061241  -0.096222  0.993474  -0.011905  -0.013636  -0.016531  0.000000  0.000000  0.000000  2.000000  
49.657527 -0.003453  0.087018  0.003267  0.928198  0.371484  -0.021193  -0.367013  0.923427  0.112175  0.061241  -0.096342  0.993462  -0.011750  -0.013782  -0.016742  0.000000  0.000000  0.000000  2.000000  
49.658533 -0.003465  0.087003  0.003249  0.928266  0.371308  -0.021295  -0.366819  0.923485  0.112331  0.061375  -0.096462  0.993443  -0.011688  -0.013943  -0.016983  0.000000  0.000000  0.000000  2.000000  
49.659778 -0.003479  0.086986  0.003227  0.928341  0.371118  -0.021318  -0.366628  0.923562  0.112327  0.061375  -0.096462  0.993443  -0.011592  -0.014072  -0.017207  0.000000  0.000000  0.000000  2.000000  
49.660779 -0.003491  0.086971  0.003208  0.928416  0.370930  -0.021296  -0.366437  0.923625  0.112434  0.061375  -0.096582  0.993431  -0.011474  -0.014164  -0.017373  0.000000  0.000000  0.000000  2.000000  
49.662025 -0.003506  0.086953  0.003186  0.928560  0.370565  -0.021421  -0.366052  0.923759  0.112586  0.061509  -0.096702  0.993411  -0.011466  -0.014252  -0.017490  0.000000  0.000000  0.000000  2.000000  
49.663027 -0.003517  0.086938  0.003168  0.928635  0.370374  -0.021444  -0.365860  0.923835  0.112582  0.061509  -0.096702  0.993411  -0.011441  -0.014299  -0.017614  0.000000  0.000000  0.000000  2.000000  
49.664027 -0.003530  0.086923  0.003149  0.928710  0.370187  -0.021423  -0.365669  0.923898  0.112690  0.061509  -0.096822  0.993399  -0.011480  -0.014368  -0.017742  0.000000  0.000000  0.000000  2.000000  
49.665279 -0.003545  0.086904  0.003127  0.928861  0.369809  -0.021424  -0.365287  0.924036  0.112793  0.061509  -0.096943  0.993388  -0.011496  -0.014430  -0.017841  0.000000  0.000000  0.000000  2.000000  
49.666287 -0.003558  0.086889  0.003108  0.928928  0.369633  -0.021526  -0.365093  0.924094  0.112949  0.061642  -0.097063  0.993368  -0.011573  -0.014493  -0.017945  0.000000  0.000000  0.000000  2.000000  
49.667529 -0.003573  0.086870  0.003085  0.929078  0.369256  -0.021528  -0.364710  0.924233  0.113052  0.061642  -0.097183  0.993356  -0.011685  -0.014586  -0.018109  0.000000  0.000000  0.000000  2.000000  
49.668775 -0.003589  0.086851  0.003061  0.929221  0.368890  -0.021653  -0.364324  0.924366  0.113204  0.061776  -0.097303  0.993336  -0.011814  -0.014675  -0.018200  0.000000  0.000000  0.000000  2.000000  
49.669784 -0.003602  0.086835  0.003042  0.929371  0.368509  -0.021700  -0.363942  0.924518  0.113195  0.061776  -0.097303  0.993336  -0.011953  -0.014746  -0.018321  0.000000  0.000000  0.000000  2.000000  
49.671028 -0.003618  0.086816  0.003017  0.929521  0.368131  -0.021702  -0.363559  0.924656  0.113298  0.061776  -0.097423  0.993324  -0.012095  -0.014863  -0.018503  0.000000  0.000000  0.000000  2.000000  
49.672028 -0.003631  0.086802  0.002998  0.929595  0.367943  -0.021681  -0.363368  0.924718  0.113406  0.061776  -0.097544  0.993312  -0.012190  -0.014904  -0.018566  0.000000  0.000000  0.000000  2.000000  
49.673030 -0.003643  0.086786  0.002978  0.929670  0.367753  -0.021704  -0.363176  0.924793  0.113402  0.061776  -0.097544  0.993312  -0.012264  -0.014993  -0.018695  0.000000  0.000000  0.000000  2.000000  
49.674290 -0.003658  0.086768  0.002954  0.929820  0.367375  -0.021706  -0.362794  0.924931  0.113505  0.061776  -0.097664  0.993300  -0.012333  -0.014995  -0.018773  0.000000  0.000000  0.000000  2.000000  
49.675528 -0.003674  0.086750  0.002930  0.929969  0.366994  -0.021753  -0.362411  0.925082  0.113496  0.061776  -0.097664  0.993300  -0.012409  -0.014988  -0.018890  0.070085  0.049355  -0.182564  2.000000  
49.676530 -0.003686  0.086736  0.002911  0.930044  0.366803  -0.021776  -0.362219  0.925158  0.113492  0.061776  -0.097664  0.993300  -0.012448  -0.014959  -0.018926  0.069652  0.045549  -0.189883  2.000000  
49.677777 -0.003701  0.086718  0.002888  0.930193  0.366425  -0.021779  -0.361836  0.925295  0.113595  0.061776  -0.097785  0.993288  -0.012443  -0.014937  -0.018968  0.068793  0.046902  -0.203600  2.000000  
49.679024 -0.003715  0.086700  0.002865  0.930342  0.366044  -0.021825  -0.361453  0.925446  0.113586  0.061776  -0.097785  0.993288  -0.012343  -0.014837  -0.018956  0.063877  0.048259  -0.217377  2.000000  
49.680026 -0.003727  0.086686  0.002847  0.930416  0.365854  -0.021849  -0.361262  0.925521  0.113581  0.061776  -0.097785  0.993288  -0.012314  -0.014775  -0.018986  0.059380  0.044480  -0.224758  2.000000  
49.681280 -0.003740  0.086669  0.002824  0.930565  0.365472  -0.021896  -0.360879  0.925672  0.113572  0.061776  -0.097785  0.993288  -0.012151  -0.014652  -0.018925  0.050349  0.045828  -0.238401  2.000000  
49.682524 -0.003754  0.086652  0.002802  0.930713  0.365094  -0.021898  -0.360495  0.925808  0.113676  0.061776  -0.097905  0.993277  -0.012035  -0.014526  -0.018856  0.049944  0.046546  -0.245366  2.000000  
49.683528 -0.003765  0.086639  0.002784  0.930787  0.364903  -0.021921  -0.360304  0.925883  0.113671  0.061776  -0.097905  0.993277  -0.011873  -0.014354  -0.018797  0.049097  0.046814  -0.250093  2.000000  
49.684529 -0.003774  0.086626  0.002767  0.930936  0.364522  -0.021968  -0.359920  0.926034  0.113662  0.061776  -0.097905  0.993277  -0.011665  -0.014186  -0.018670  0.044561  0.044087  -0.266368  2.000000  
49.685773 -0.003787  0.086610  0.002745  0.931010  0.364334  -0.021947  -0.359729  0.926095  0.113770  0.061776  -0.098026  0.993265  -0.011472  -0.014035  -0.018502  0.044193  0.043755  -0.264163  2.000000  
49.686780 -0.003795  0.086598  0.002727  0.931084  0.364143  -0.021971  -0.359537  0.926170  0.113765  0.061776  -0.098026  0.993265  -0.011172  -0.013781  -0.018350  0.040477  0.044129  -0.266316  2.000000  
49.688025 -0.003806  0.086583  0.002706  0.931232  0.363762  -0.022018  -0.359154  0.926320  0.113756  0.061776  -0.098026  0.993265  -0.010893  -0.013554  -0.018179  0.035662  0.040012  -0.271388  2.000000  
49.689031 -0.003815  0.086571  0.002688  0.931306  0.363571  -0.022041  -0.358962  0.926395  0.113752  0.061776  -0.098026  0.993265  -0.010603  -0.013354  -0.018073  0.035252  0.040694  -0.278304  2.000000  
49.690290 -0.003824  0.086557  0.002666  0.931387  0.363368  -0.021940  -0.358773  0.926474  0.113699  0.061642  -0.098027  0.993273  -0.010188  -0.013072  -0.017863  0.031646  0.035599  -0.271893  2.000000  
49.691527 -0.003833  0.086543  0.002644  0.931535  0.362987  -0.021987  -0.358390  0.926624  0.113690  0.061642  -0.098027  0.993273  -0.009829  -0.012862  -0.017837  0.031195  0.031817  -0.279058  2.000000  
49.692528 -0.003840  0.086532  0.002625  0.931609  0.362796  -0.022011  -0.358198  0.926698  0.113686  0.061642  -0.098027  0.993273  -0.009434  -0.012619  -0.017829  0.027376  0.032097  -0.281369  2.000000  
49.693530 -0.003846  0.086521  0.002608  0.931682  0.362605  -0.022034  -0.358006  0.926773  0.113681  0.061642  -0.098027  0.993273  -0.009070  -0.012389  -0.017751  0.023725  0.031439  -0.274484  2.000000  
49.694779 -0.003854  0.086508  0.002585  0.931756  0.362415  -0.022058  -0.357814  0.926848  0.113677  0.061642  -0.098027  0.993273  -0.008601  -0.012089  -0.017781  0.020073  0.030779  -0.267589  2.000000  
49.696028 -0.003861  0.086495  0.002562  0.931756  0.362415  -0.022058  -0.357814  0.926848  0.113677  0.061642  -0.098027  0.993273  -0.008173  -0.011833  -0.017795  0.016413  0.025658  -0.261286  2.000000  
49.697276 -0.003867  0.086482  0.002540  0.931830  0.362224  -0.022081  -0.357623  0.926922  0.113672  0.061642  -0.098027  0.993273  -0.007665  -0.011527  -0.017789  0.012759  0.024994  -0.254357  2.000000  
49.698291 -0.003872  0.086473  0.002522  0.931895  0.362048  -0.022184  -0.357428  0.926978  0.113828  0.061776  -0.098146  0.993253  -0.007274  -0.011280  -0.017773  0.016678  0.029238  -0.251782  2.000000  
49.699525 -0.003878  0.086461  0.002500  0.931895  0.362048  -0.022184  -0.357428  0.926978  0.113828  0.061776  -0.098146  0.993253  -0.006879  -0.011042  -0.017785  0.013467  0.023474  -0.238599  2.000000  
49.700525 -0.003882  0.086451  0.002482  0.931969  0.361857  -0.022208  -0.357236  0.927053  0.113823  0.061776  -0.098146  0.993253  -0.006542  -0.010824  -0.017768  0.009846  0.022816  -0.231765  2.000000  
49.701529 -0.003887  0.086442  0.002465  0.931969  0.361857  -0.022208  -0.357236  0.927053  0.113823  0.061776  -0.098146  0.993253  -0.006229  -0.010616  -0.017817  0.006227  0.022159  -0.224950  2.000000  
49.702777 -0.003892  0.086431  0.002443  0.932043  0.361666  -0.022231  -0.357044  0.927127  0.113819  0.061776  -0.098146  0.993253  -0.005829  -0.010310  -0.017822  0.006652  0.021490  -0.218158  2.000000  
49.703781 -0.003896  0.086422  0.002425  0.932035  0.361678  -0.022355  -0.357041  0.927123  0.113866  0.061909  -0.098145  0.993245  -0.005574  -0.010117  -0.017825  0.003470  0.024798  -0.205743  2.000000  
49.704784 -0.003900  0.086414  0.002408  0.932035  0.361678  -0.022355  -0.357041  0.927123  0.113866  0.061909  -0.098145  0.993245  -0.005251  -0.009842  -0.017806  0.003897  0.024119  -0.198851  2.000000  
49.706027 -0.003905  0.086404  0.002386  0.932108  0.361488  -0.022379  -0.356849  0.927197  0.113862  0.061909  -0.098145  0.993245  -0.004964  -0.009626  -0.017806  0.004291  0.023254  -0.190444  2.000000  
49.707028 -0.003908  0.086395  0.002368  0.932108  0.361488  -0.022379  -0.356849  0.927197  0.113862  0.061909  -0.098145  0.993245  -0.004766  -0.009461  -0.017793  0.000671  0.022592  -0.183621  2.000000  
49.708291 -0.003913  0.086385  0.002346  0.932101  0.361500  -0.022503  -0.356846  0.927192  0.113909  0.062043  -0.098145  0.993236  -0.004518  -0.009210  -0.017747  0.001509  0.025684  -0.169528  2.000000  
49.709528 -0.003918  0.086374  0.002324  0.932101  0.361500  -0.022503  -0.356846  0.927192  0.113909  0.062043  -0.098145  0.993236  -0.004355  -0.009072  -0.017682  0.000000  0.000000  0.000000  2.000000  
49.710528 -0.003921  0.086366  0.002305  0.932101  0.361500  -0.022503  -0.356846  0.927192  0.113909  0.062043  -0.098145  0.993236  -0.004189  -0.008915  -0.017689  0.000000  0.000000  0.000000  2.000000  
49.711774 -0.003925  0.086355  0.002283  0.932093  0.361512  -0.022627  -0.356843  0.927188  0.113957  0.062176  -0.098144  0.993228  -0.004003  -0.008789  -0.017680  0.000000  0.000000  0.000000  2.000000  
49.712777 -0.003928  0.086347  0.002266  0.932093  0.361512  -0.022627  -0.356843  0.927188  0.113957  0.062176  -0.098144  0.993228  -0.003895  -0.008715  -0.017670  0.000000  0.000000  0.000000  2.000000  
49.714025 -0.003932  0.086335  0.002244  0.932093  0.361512  -0.022627  -0.356843  0.927188  0.113957  0.062176  -0.098144  0.993228  -0.003812  -0.008681  -0.017676  0.000000  0.000000  0.000000  2.000000  
49.715028 -0.003936  0.086326  0.002226  0.932085  0.361524  -0.022751  -0.356840  0.927183  0.114004  0.062310  -0.098143  0.993220  -0.003698  -0.008630  -0.017659  0.000000  0.000000  0.000000  2.000000  
49.716278 -0.003941  0.086315  0.002204  0.932085  0.361524  -0.022751  -0.356840  0.927183  0.114004  0.062310  -0.098143  0.993220  -0.003659  -0.008670  -0.017719  0.000000  0.000000  0.000000  2.000000  
