1-Time 2-Px 3-Py 4-Pz 5-R11 6-R21 7-R31 8-R12 9-R22 10-R32 11-R13 12-R23 13-R33 14-Vx 15-Vy 16-Vz 17-Wx 18-Wy 19-Wz 20-state 21-PR11 22-PR21 23-PR31 24-PR12 25-PR22 26-PR32 27-PR13 28-PR23 29-PR33 
280.757251 0.004670  0.094124  -0.024236  0.982210  0.186000  -0.025839  -0.185984  0.982548  0.003041  0.025954  0.001819  0.999661  0.000351  0.000316  0.000304  0.000000  0.000000  0.000000  2.000000  
280.758252 0.004671  0.094125  -0.024235  0.982210  0.186000  -0.025839  -0.185984  0.982548  0.003041  0.025954  0.001819  0.999661  0.000351  0.000316  0.000304  0.000000  0.000000  0.000000  2.000000  
280.759258 0.004671  0.094124  -0.024235  0.981976  0.187213  -0.025967  -0.187196  0.982318  0.003098  0.026088  0.001819  0.999658  0.000370  0.000269  0.000318  0.000000  0.000000  0.000000  2.000000  
280.760507 0.004672  0.094123  -0.024235  0.981592  0.189235  -0.025829  -0.189218  0.981930  0.003126  0.025954  0.001819  0.999661  0.000387  0.000170  0.000241  0.000000  0.000000  0.000000  2.000000  
280.761756 0.004673  0.094122  -0.024235  0.981322  0.190650  -0.025693  -0.190633  0.981656  0.003138  0.025820  0.001819  0.999665  0.000434  0.000075  0.000230  0.000000  0.000000  0.000000  2.000000  
280.763002 0.004675  0.094122  -0.024235  0.981085  0.191863  -0.025689  -0.191845  0.981420  0.003170  0.025820  0.001819  0.999665  0.000503  0.000052  0.000184  0.000000  0.000000  0.000000  2.000000  
280.764005 0.004676  0.094124  -0.024235  0.980881  0.192872  -0.025949  -0.192854  0.981222  0.003248  0.026088  0.001819  0.999658  0.000555  0.000124  0.000172  0.005054  0.000352  0.193656  2.000000  
280.765257 0.004677  0.094127  -0.024234  0.980428  0.195093  -0.026466  -0.195072  0.980783  0.003411  0.026623  0.001819  0.999644  0.000608  0.000300  0.000242  0.007294  0.018491  0.276644  2.000000  
280.766259 0.004678  0.094129  -0.024233  0.979929  0.197514  -0.026982  -0.197490  0.980298  0.003582  0.027158  0.001819  0.999630  0.000640  0.000423  0.000258  0.009578  0.036626  0.359571  2.000000  
280.767510 0.004679  0.094130  -0.024235  0.979303  0.200540  -0.027364  -0.200513  0.979684  0.003746  0.027559  0.001819  0.999619  0.000679  0.000492  0.000143  0.012431  0.050291  0.463175  2.000000  
280.768520 0.004680  0.094131  -0.024238  0.978801  0.202959  -0.027485  -0.202931  0.979185  0.003840  0.027693  0.001819  0.999615  0.000732  0.000507  -0.000142  0.014691  0.054925  0.546019  2.000000  
280.769757 0.004683  0.094133  -0.024241  0.978170  0.205986  -0.027448  -0.205953  0.978554  0.004044  0.027693  0.001698  0.999615  0.000919  0.000604  -0.000346  0.021752  0.055115  0.656970  2.000000  
280.771006 0.004688  0.094135  -0.024240  0.977483  0.209207  -0.027566  -0.209173  0.977870  0.004162  0.027827  0.001697  0.999611  0.001230  0.000738  -0.000333  0.024778  0.059800  0.767558  2.000000  
280.772009 0.004692  0.094136  -0.024239  0.976916  0.211824  -0.027685  -0.211787  0.977306  0.004264  0.027960  0.001697  0.999608  0.001512  0.000801  -0.000246  0.027196  0.068935  0.857261  2.000000  
280.773256 0.004699  0.094137  -0.024238  0.976076  0.215641  -0.027825  -0.215606  0.976471  0.004283  0.028094  0.001819  0.999604  0.001914  0.000844  -0.000219  0.026924  0.073751  0.995788  2.000000  
280.774510 0.004706  0.094138  -0.024240  0.975305  0.219057  -0.028201  -0.219019  0.975710  0.004468  0.028495  0.001819  0.999592  0.002349  0.000976  -0.000354  0.030325  0.087451  1.113313  2.000000  
280.775758 0.004714  0.094139  -0.024240  0.974567  0.222265  -0.028605  -0.222227  0.974984  0.004532  0.028896  0.001940  0.999581  0.002809  0.001114  -0.000383  0.029506  0.101202  1.223807  2.000000  
280.776759 0.004720  0.094139  -0.024240  0.974007  0.224669  -0.028881  -0.224633  0.974433  0.004545  0.029164  0.002061  0.999573  0.003199  0.001157  -0.000317  0.028073  0.110440  1.313681  2.000000  
280.778004 0.004730  0.094136  -0.024238  0.973207  0.228074  -0.029153  -0.228038  0.973641  0.004589  0.029431  0.002182  0.999564  0.003756  0.000942  -0.000225  0.027434  0.119760  1.431412  2.000000  
280.779005 0.004740  0.094134  -0.024237  0.972451  0.231280  -0.029138  -0.231243  0.972885  0.004685  0.029431  0.002182  0.999564  0.004331  0.000701  -0.000166  0.030270  0.119074  1.530436  2.000000  
280.780257 0.004754  0.094131  -0.024236  0.971535  0.235080  -0.029278  -0.235044  0.971973  0.004712  0.029565  0.002304  0.999560  0.005191  0.000278  -0.000145  0.030370  0.124855  1.680453  2.000000  
280.781503 0.004767  0.094126  -0.024233  0.970706  0.238473  -0.029319  -0.238443  0.971146  0.004579  0.029565  0.002546  0.999560  0.005895  -0.000188  0.000024  0.025276  0.124288  1.783316  2.000000  
280.782507 0.004777  0.094120  -0.024230  0.970111  0.240867  -0.029467  -0.240839  0.970554  0.004566  0.029699  0.002667  0.999555  0.006569  -0.000651  0.000295  0.023841  0.130103  1.881032  2.000000  
280.783509 0.004788  0.094113  -0.024228  0.969513  0.243261  -0.029485  -0.243235  0.969957  0.004521  0.029699  0.002789  0.999555  0.007228  -0.001207  0.000648  0.022074  0.130393  1.963839  2.000000  
280.784513 0.004801  0.094105  -0.024226  0.968854  0.245852  -0.029632  -0.245828  0.969303  0.004515  0.029833  0.002910  0.999551  0.007857  -0.001789  0.000943  0.020665  0.134137  2.043948  2.000000  
280.785756 0.004816  0.094095  -0.024223  0.968087  0.248836  -0.029808  -0.248817  0.968540  0.004405  0.029966  0.003152  0.999546  0.008582  -0.002633  0.001173  0.015726  0.140245  2.164551  2.000000  
280.786759 0.004827  0.094086  -0.024220  0.967465  0.251224  -0.029957  -0.251207  0.967923  0.004395  0.030100  0.003274  0.999542  0.009097  -0.003387  0.001275  0.014120  0.145043  2.246974  2.000000  
280.788005 0.004841  0.094075  -0.024216  0.966737  0.254009  -0.029975  -0.253995  0.967196  0.004364  0.030100  0.003395  0.999541  0.009555  -0.004132  0.001498  0.012766  0.145468  2.344419  2.000000  
280.789007 0.004853  0.094065  -0.024214  0.966318  0.255595  -0.030030  -0.255586  0.966777  0.004179  0.030100  0.003637  0.999540  0.010050  -0.004930  0.001812  0.005162  0.141308  2.358481  2.000000  
280.790256 0.004868  0.094053  -0.024210  0.965740  0.257777  -0.029954  -0.257775  0.966197  0.003978  0.029966  0.003880  0.999543  0.010497  -0.005874  0.002046  -0.002702  0.140469  2.359350  2.000000  
280.791511 0.004880  0.094040  -0.024207  0.965054  0.260355  -0.029748  -0.260361  0.965504  0.003754  0.029699  0.004122  0.999550  0.010828  -0.006732  0.002200  -0.010582  0.137501  2.406459  2.000000  
280.792757 0.004892  0.094026  -0.024203  0.964358  0.262928  -0.029704  -0.262944  0.964805  0.003447  0.029565  0.004486  0.999553  0.010926  -0.007392  0.002373  -0.021625  0.133594  2.454867  2.000000  
280.793758 0.004900  0.094015  -0.024201  0.963818  0.264907  -0.029632  -0.264930  0.964262  0.003239  0.029431  0.004729  0.999556  0.010842  -0.008084  0.002492  -0.028649  0.120523  2.489538  2.000000  
280.795006 0.004910  0.094001  -0.024198  0.963161  0.267274  -0.029754  -0.267310  0.963606  0.002845  0.029431  0.005213  0.999553  0.010567  -0.008826  0.002572  -0.044095  0.103189  2.496872  2.000000  
280.796252 0.004917  0.093987  -0.024195  0.962612  0.269244  -0.029750  -0.269293  0.963055  0.002403  0.029298  0.005698  0.999554  0.010166  -0.009406  0.002593  -0.059796  0.080604  2.462865  2.000000  
280.797253 0.004921  0.093974  -0.024191  0.962112  0.271017  -0.029844  -0.271076  0.962556  0.002108  0.029298  0.006062  0.999552  0.009751  -0.009853  0.002703  -0.071977  0.072074  2.448942  2.000000  
280.798258 0.004925  0.093962  -0.024187  0.961552  0.272983  -0.029972  -0.273056  0.961996  0.001702  0.029298  0.006547  0.999549  0.009286  -0.010181  0.002778  -0.088402  0.063663  2.428282  2.000000  
280.799258 0.004927  0.093950  -0.024184  0.961048  0.274752  -0.029974  -0.274839  0.961490  0.001255  0.029164  0.007032  0.999550  0.008585  -0.010560  0.002876  -0.110880  0.059973  2.407398  2.000000  
280.800510 0.004929  0.093934  -0.024181  0.960484  0.276713  -0.030010  -0.276818  0.960922  0.000696  0.029030  0.007638  0.999549  0.007635  -0.010936  0.002831  -0.130568  0.051219  2.373809  2.000000  
280.801528 0.004928  0.093920  -0.024180  0.960030  0.278282  -0.030016  -0.278400  0.960465  0.000243  0.028896  0.008123  0.999549  0.006843  -0.011228  0.002747  -0.149762  0.047384  2.329306  2.000000  
280.802760 0.004926  0.093904  -0.024178  0.959401  0.280439  -0.030057  -0.280575  0.959832  -0.000309  0.028763  0.008730  0.999548  0.005773  -0.011581  0.002574  -0.167364  0.034517  2.282157  2.000000  
280.804007 0.004923  0.093887  -0.024177  0.958767  0.282595  -0.030100  -0.282748  0.959194  -0.000861  0.028629  0.009336  0.999547  0.004560  -0.011860  0.002446  -0.188848  0.016962  2.234150  2.000000  
280.805008 0.004920  0.093875  -0.024176  0.958300  0.284156  -0.030274  -0.284326  0.958727  -0.001392  0.028629  0.009942  0.999541  0.003584  -0.012046  0.002329  -0.207748  0.012955  2.202037  2.000000  
280.806257 0.004915  0.093860  -0.024176  0.957713  0.286111  -0.030451  -0.286299  0.958139  -0.001911  0.028629  0.010548  0.999534  0.002360  -0.012156  0.002096  -0.226770  -0.004458  2.164922  2.000000  
280.807510 0.004909  0.093847  -0.024177  0.957240  0.287666  -0.030663  -0.287876  0.957664  -0.002558  0.028629  0.011276  0.999527  0.001153  -0.012160  0.001778  -0.248676  -0.012946  2.102772  2.000000  
280.808518 0.004903  0.093835  -0.024178  0.956824  0.289031  -0.030807  -0.289255  0.957248  -0.002978  0.028629  0.011761  0.999521  0.000218  -0.012175  0.001543  -0.259585  -0.012400  2.058273  2.000000  
280.809756 0.004896  0.093821  -0.024180  0.956230  0.290976  -0.030932  -0.291225  0.956647  -0.003766  0.028495  0.012609  0.999514  -0.000838  -0.012175  0.001210  -0.288980  -0.021209  1.978323  2.000000  
280.811008 0.004888  0.093808  -0.024183  0.955632  0.292921  -0.031061  -0.293194  0.956042  -0.004553  0.028362  0.013458  0.999507  -0.001967  -0.012119  0.000778  -0.314973  -0.025129  1.929953  2.000000  
280.812257 0.004879  0.093795  -0.024187  0.955030  0.294860  -0.031228  -0.295162  0.955432  -0.005456  0.028228  0.014428  0.999497  -0.002958  -0.011964  0.000181  -0.337034  -0.032797  1.900449  2.000000  
280.813502 0.004870  0.093783  -0.024192  0.954424  0.296801  -0.031364  -0.297129  0.954817  -0.006242  0.028094  0.015277  0.999489  -0.003692  -0.011754  -0.000368  -0.362493  -0.036652  1.866643  2.000000  
280.814513 0.004864  0.093774  -0.024196  0.953995  0.298154  -0.031590  -0.298504  0.954384  -0.006892  0.028094  0.016004  0.999477  -0.004303  -0.011444  -0.000885  -0.383421  -0.041126  1.819586  2.000000  
280.815757 0.004858  0.093764  -0.024200  0.953506  0.299701  -0.031728  -0.300076  0.953884  -0.007690  0.027960  0.016853  0.999467  -0.004691  -0.011074  -0.001308  -0.409336  -0.049726  1.771502  2.000000  
280.816759 0.004854  0.093758  -0.024203  0.953072  0.301052  -0.031958  -0.301450  0.953446  -0.008338  0.027960  0.017580  0.999454  -0.004994  -0.010549  -0.001639  -0.426395  -0.053165  1.742980  2.000000  
280.818010 0.004849  0.093750  -0.024206  0.952512  0.302787  -0.032267  -0.303215  0.952878  -0.009203  0.027960  0.018550  0.999437  -0.005140  -0.010003  -0.001938  -0.455815  -0.053077  1.709117  2.000000  
280.819257 0.004847  0.093743  -0.024210  0.952018  0.304333  -0.032286  -0.304785  0.952368  -0.010040  0.027693  0.019399  0.999428  -0.005078  -0.009407  -0.002241  -0.476669  -0.056278  1.695178  2.000000  
280.820509 0.004846  0.093736  -0.024214  0.951582  0.305676  -0.032470  -0.306158  0.951918  -0.010958  0.027559  0.020369  0.999413  -0.004815  -0.008826  -0.002552  -0.501963  -0.055586  1.667849  2.000000  
280.821509 0.004846  0.093731  -0.024217  0.951206  0.306831  -0.032580  -0.307335  0.951530  -0.011652  0.027425  0.021096  0.999401  -0.004493  -0.008411  -0.002773  -0.519320  -0.055207  1.633513  2.000000  
280.822513 0.004848  0.093726  -0.024219  0.950766  0.308177  -0.032731  -0.308706  0.951076  -0.012454  0.027292  0.021945  0.999387  -0.004025  -0.007958  -0.002856  -0.541259  -0.055208  1.605369  2.000000  
280.823757 0.004851  0.093721  -0.024222  0.950320  0.309515  -0.033049  -0.310076  0.950618  -0.013329  0.027292  0.022915  0.999365  -0.003339  -0.007383  -0.002942  -0.561842  -0.049622  1.571816  2.000000  
280.824757 0.004855  0.093717  -0.024224  0.949940  0.310668  -0.033165  -0.311251  0.950224  -0.014021  0.027158  0.023642  0.999352  -0.002680  -0.006874  -0.002950  -0.575933  -0.054168  1.543429  2.000000  
280.826006 0.004861  0.093713  -0.024228  0.949558  0.311812  -0.033357  -0.312425  0.949825  -0.014944  0.027024  0.024612  0.999332  -0.001804  -0.006329  -0.002969  -0.593176  -0.053460  1.515678  2.000000  
280.827254 0.004867  0.093708  -0.024232  0.949239  0.312757  -0.033587  -0.313403  0.949485  -0.015988  0.026890  0.025703  0.999308  -0.000762  -0.005770  -0.002997  -0.614974  -0.057436  1.474649  2.000000  
280.828258 0.004873  0.093705  -0.024236  0.948920  0.313713  -0.033705  -0.314381  0.949150  -0.016686  0.026757  0.026430  0.999293  0.000208  -0.005271  -0.002989  -0.622607  -0.060954  1.441778  2.000000  
280.829508 0.004882  0.093702  -0.024241  0.948537  0.314859  -0.033778  -0.315556  0.948743  -0.017650  0.026489  0.027400  0.999274  0.001203  -0.004821  -0.002989  -0.636052  -0.064876  1.407768  2.000000  
280.830757 0.004893  0.093700  -0.024246  0.948219  0.315810  -0.033849  -0.316534  0.948398  -0.018620  0.026222  0.028370  0.999254  0.002447  -0.004283  -0.003061  -0.653418  -0.068925  1.373519  2.000000  
280.832004 0.004905  0.093699  -0.024250  0.947896  0.316756  -0.034048  -0.317511  0.948053  -0.019547  0.026088  0.029340  0.999229  0.003491  -0.003795  -0.003135  -0.662756  -0.063950  1.339268  2.000000  
280.833010 0.004914  0.093699  -0.024255  0.947703  0.317317  -0.034203  -0.318098  0.947839  -0.020374  0.025954  0.030188  0.999207  0.004333  -0.003366  -0.003242  -0.677984  -0.064571  1.294866  2.000000  
280.834257 0.004927  0.093700  -0.024260  0.947447  0.318072  -0.034275  -0.318880  0.947555  -0.021350  0.025687  0.031158  0.999184  0.005345  -0.002811  -0.003335  -0.691790  -0.073537  1.246851  2.000000  
280.835257 0.004938  0.093702  -0.024264  0.947253  0.318636  -0.034393  -0.319466  0.947341  -0.022061  0.025553  0.031885  0.999165  0.006207  -0.002298  -0.003378  -0.696943  -0.077935  1.212509  2.000000  
280.836512 0.004950  0.093704  -0.024269  0.946993  0.319391  -0.034556  -0.320247  0.947058  -0.022880  0.025419  0.032734  0.999141  0.007001  -0.001719  -0.003528  -0.706013  -0.082290  1.177911  2.000000  
280.837757 0.004963  0.093708  -0.024273  0.946798  0.319946  -0.034754  -0.320833  0.946836  -0.023820  0.025285  0.033703  0.999112  0.007754  -0.001089  -0.003576  -0.715385  -0.086727  1.136622  2.000000  
280.838760 0.004974  0.093711  -0.024277  0.946603  0.320510  -0.034876  -0.321419  0.946619  -0.024531  0.025151  0.034431  0.999091  0.008252  -0.000613  -0.003642  -0.720302  -0.091111  1.109153  2.000000  
280.840009 0.004987  0.093716  -0.024280  0.946411  0.321065  -0.034988  -0.322006  0.946391  -0.025629  0.024884  0.035522  0.999059  0.008804  0.000036  -0.003681  -0.729932  -0.095699  1.060887  2.000000  
280.841254 0.004999  0.093721  -0.024284  0.946215  0.321616  -0.035229  -0.322591  0.946162  -0.026683  0.024750  0.036612  0.999023  0.009143  0.000600  -0.003649  -0.739976  -0.091597  1.005836  2.000000  
280.842256 0.005008  0.093726  -0.024286  0.946085  0.321980  -0.035386  -0.322982  0.946005  -0.027515  0.024616  0.037461  0.998995  0.009450  0.001251  -0.003639  -0.742414  -0.095089  0.976937  2.000000  
280.843510 0.005018  0.093732  -0.024289  0.945822  0.322729  -0.035596  -0.323762  0.945711  -0.028447  0.024483  0.038430  0.998961  0.009566  0.001817  -0.003522  -0.750223  -0.096420  0.929892  2.000000  
280.844757 0.005028  0.093738  -0.024293  0.945688  0.323079  -0.035960  -0.324151  0.945546  -0.029464  0.024483  0.039521  0.998919  0.009550  0.002508  -0.003352  -0.755369  -0.092116  0.888276  2.000000  
280.846003 0.005037  0.093746  -0.024296  0.945491  0.323629  -0.036205  -0.324736  0.945312  -0.030518  0.024349  0.040611  0.998878  0.009422  0.003091  -0.003302  -0.762640  -0.095880  0.854401  2.000000  
280.847004 0.005044  0.093753  -0.024300  0.945357  0.323992  -0.036454  -0.325126  0.945156  -0.031191  0.024349  0.041338  0.998848  0.009274  0.003591  -0.003282  -0.763009  -0.096207  0.819589  2.000000  
280.848257 0.005052  0.093762  -0.024304  0.945159  0.324541  -0.036701  -0.325711  0.944920  -0.032243  0.024215  0.042429  0.998806  0.008986  0.004230  -0.003191  -0.771585  -0.097700  0.778977  2.000000  
280.849259 0.005057  0.093769  -0.024308  0.945025  0.324899  -0.036990  -0.326100  0.944758  -0.033030  0.024215  0.043277  0.998770  0.008640  0.004664  -0.003163  -0.775565  -0.093353  0.750381  2.000000  
280.850519 0.005063  0.093778  -0.024313  0.944894  0.325257  -0.037193  -0.326490  0.944590  -0.033975  0.024081  0.044246  0.998730  0.008143  0.005080  -0.003165  -0.776428  -0.093934  0.708706  2.000000  
280.851759 0.005067  0.093786  -0.024319  0.944759  0.325610  -0.037523  -0.326879  0.944423  -0.034876  0.024081  0.045215  0.998687  0.007561  0.005453  -0.003238  -0.777814  -0.090171  0.667412  2.000000  
280.853006 0.005071  0.093794  -0.024325  0.944628  0.325968  -0.037727  -0.327269  0.944252  -0.035821  0.023948  0.046184  0.998646  0.006964  0.005772  -0.003361  -0.783119  -0.090997  0.626078  2.000000  
280.854007 0.005074  0.093802  -0.024330  0.944493  0.326324  -0.038019  -0.327658  0.944087  -0.036607  0.023948  0.047032  0.998606  0.006423  0.005993  -0.003534  -0.785069  -0.090272  0.607243  2.000000  
280.855008 0.005076  0.093808  -0.024334  0.944358  0.326685  -0.038272  -0.328047  0.943926  -0.037278  0.023948  0.047759  0.998572  0.005944  0.006142  -0.003590  -0.784220  -0.087005  0.584577  2.000000  
280.856257 0.005078  0.093816  -0.024339  0.944290  0.326842  -0.038597  -0.328241  0.943822  -0.038186  0.023948  0.048728  0.998525  0.005216  0.006416  -0.003687  -0.781389  -0.083220  0.550165  2.000000  
280.857512 0.005079  0.093824  -0.024343  0.944223  0.326999  -0.038922  -0.328435  0.943717  -0.039094  0.023948  0.049697  0.998477  0.004629  0.006530  -0.003732  -0.781645  -0.079190  0.522089  2.000000  
280.858518 0.005080  0.093831  -0.024346  0.944155  0.327165  -0.039168  -0.328630  0.943621  -0.039773  0.023948  0.050424  0.998441  0.004062  0.006663  -0.003744  -0.779940  -0.074543  0.497193  2.000000  
280.859757 0.005081  0.093839  -0.024348  0.944091  0.327327  -0.039368  -0.328825  0.943512  -0.040724  0.023814  0.051393  0.998395  0.003546  0.006735  -0.003712  -0.779458  -0.071771  0.459784  2.000000  
280.861002 0.005081  0.093848  -0.024350  0.944023  0.327483  -0.039694  -0.329020  0.943405  -0.041632  0.023814  0.052361  0.998344  0.002979  0.006794  -0.003583  -0.781654  -0.062709  0.435105  2.000000  
280.862003 0.005082  0.093855  -0.024351  0.943955  0.327649  -0.039941  -0.329214  0.943307  -0.042310  0.023814  0.053088  0.998306  0.002529  0.006787  -0.003421  -0.782237  -0.058788  0.414424  2.000000  
280.863256 0.005082  0.093863  -0.024351  0.943955  0.327610  -0.040259  -0.329214  0.943265  -0.043225  0.023814  0.054057  0.998254  0.002031  0.006734  -0.003152  -0.781604  -0.051305  0.383046  2.000000  
280.864256 0.005082  0.093869  -0.024350  0.944023  0.327386  -0.040488  -0.329020  0.943301  -0.043920  0.023814  0.054783  0.998214  0.001712  0.006688  -0.002860  -0.779599  -0.047048  0.359100  2.000000  
280.865256 0.005082  0.093876  -0.024350  0.944023  0.327357  -0.040727  -0.329020  0.943269  -0.044607  0.023814  0.055510  0.998174  0.001374  0.006665  -0.002535  -0.780142  -0.043231  0.338382  2.000000  
280.866261 0.005082  0.093882  -0.024348  0.944091  0.327133  -0.040956  -0.328825  0.943304  -0.045302  0.023814  0.056236  0.998133  0.001035  0.006614  -0.002070  -0.783502  -0.040372  0.306506  2.000000  
280.867509 0.005081  0.093889  -0.024346  0.944091  0.327098  -0.041233  -0.328825  0.943265  -0.046103  0.023814  0.057084  0.998085  0.000732  0.006513  -0.001589  -0.781352  -0.035961  0.290066  2.000000  
280.868520 0.005080  0.093894  -0.024345  0.944161  0.326886  -0.041296  -0.328632  0.943301  -0.046727  0.023680  0.057689  0.998054  0.000461  0.006386  -0.001100  -0.774025  -0.037015  0.262697  2.000000  
280.869757 0.005078  0.093899  -0.024343  0.944296  0.326462  -0.041554  -0.328243  0.943396  -0.047545  0.023680  0.058537  0.998004  0.000216  0.006220  -0.000692  -0.770804  -0.029473  0.228032  2.000000  
280.871007 0.005077  0.093905  -0.024342  0.944434  0.326051  -0.041646  -0.327855  0.943493  -0.048293  0.023546  0.059263  0.997965  -0.000055  0.005970  -0.000178  -0.757861  -0.031471  0.188501  2.000000  
280.872260 0.005075  0.093909  -0.024340  0.944505  0.325829  -0.041786  -0.327662  0.943516  -0.049146  0.023413  0.060111  0.997917  -0.000280  0.005760  0.000236  -0.754756  -0.032664  0.160953  2.000000  
280.873505 0.005074  0.093914  -0.024338  0.944640  0.325415  -0.041963  -0.327273  0.943620  -0.049736  0.023413  0.060716  0.997880  -0.000440  0.005504  0.000494  -0.741097  -0.029517  0.125124  2.000000  
280.874507 0.005073  0.093918  -0.024336  0.944777  0.325009  -0.042014  -0.326885  0.943721  -0.050369  0.023279  0.061321  0.997847  -0.000554  0.005315  0.000788  -0.733586  -0.035257  0.097947  2.000000  
280.875759 0.005071  0.093922  -0.024334  0.944982  0.324408  -0.042053  -0.326302  0.943888  -0.051011  0.023145  0.061926  0.997812  -0.000682  0.005020  0.001105  -0.716118  -0.037578  0.057336  2.000000  
280.877006 0.005071  0.093926  -0.024331  0.945116  0.323989  -0.042268  -0.325913  0.943984  -0.051715  0.023145  0.062653  0.997767  -0.000751  0.004760  0.001346  -0.708908  -0.039339  0.022836  2.000000  
280.878252 0.005070  0.093931  -0.024327  0.945320  0.323383  -0.042345  -0.325331  0.944143  -0.052472  0.023011  0.063379  0.997724  -0.000814  0.004522  0.001598  -0.699911  -0.040816  -0.011579  2.000000  
280.879253 0.005069  0.093934  -0.024324  0.945457  0.322981  -0.042354  -0.324942  0.944248  -0.052991  0.022878  0.063863  0.997696  -0.000892  0.004311  0.001781  -0.688475  -0.046753  -0.038723  2.000000  
280.880257 0.005069  0.093937  -0.024319  0.945527  0.322769  -0.042413  -0.324749  0.944279  -0.053616  0.022744  0.064469  0.997661  -0.000929  0.004048  0.001994  -0.682623  -0.048313  -0.059750  2.000000  
280.881259 0.005068  0.093941  -0.024314  0.945663  0.322363  -0.042460  -0.324360  0.944377  -0.054249  0.022610  0.065074  0.997624  -0.000926  0.003968  0.002268  -0.674848  -0.054354  -0.087076  2.000000  
280.882522 0.005067  0.093946  -0.024307  0.945864  0.321754  -0.042621  -0.323776  0.944543  -0.054848  0.022610  0.065679  0.997585  -0.000907  0.003802  0.002655  -0.663099  -0.051840  -0.121764  2.000000  
280.883758 0.005067  0.093951  -0.024299  0.946066  0.321148  -0.042695  -0.323193  0.944698  -0.055605  0.022476  0.066405  0.997540  -0.000850  0.003701  0.003065  -0.658734  -0.057921  -0.154780  2.000000  
280.884763 0.005067  0.093955  -0.024292  0.946202  0.320741  -0.042740  -0.322804  0.944793  -0.056239  0.022343  0.067010  0.997502  -0.000772  0.003669  0.003437  -0.652485  -0.064592  -0.183356  2.000000  
280.886007 0.005067  0.093960  -0.024284  0.946338  0.320335  -0.042785  -0.322416  0.944888  -0.056873  0.022209  0.067615  0.997464  -0.000708  0.003677  0.003861  -0.640840  -0.070446  -0.203797  2.000000  
280.887258 0.005066  0.093965  -0.024275  0.946473  0.319923  -0.042868  -0.322027  0.944975  -0.057621  0.022075  0.068342  0.997418  -0.000589  0.003722  0.004296  -0.633232  -0.076344  -0.224220  2.000000  
280.888520 0.005066  0.093970  -0.024267  0.946608  0.319517  -0.042912  -0.321638  0.945069  -0.058255  0.021941  0.068947  0.997379  -0.000489  0.003755  0.004804  -0.621019  -0.082194  -0.244438  2.000000  
280.889757 0.005067  0.093975  -0.024258  0.946812  0.318930  -0.042778  -0.321055  0.945232  -0.058826  0.021674  0.069431  0.997351  -0.000369  0.003803  0.005248  -0.608689  -0.087814  -0.269617  2.000000  
280.890759 0.005067  0.093980  -0.024250  0.946881  0.318723  -0.042794  -0.320861  0.945266  -0.059336  0.021540  0.069915  0.997320  -0.000273  0.003855  0.005574  -0.597652  -0.094063  -0.285289  2.000000  
280.892002 0.005068  0.093985  -0.024243  0.947016  0.318322  -0.042798  -0.320472  0.945365  -0.059855  0.021406  0.070399  0.997289  -0.000176  0.003896  0.005906  -0.585164  -0.099195  -0.303186  2.000000  
280.893007 0.005069  0.093989  -0.024236  0.947085  0.318121  -0.042775  -0.320278  0.945406  -0.060251  0.021272  0.070762  0.997266  -0.000066  0.003946  0.006168  -0.569819  -0.105151  -0.312285  2.000000  
280.894252 0.005070  0.093994  -0.024228  0.947153  0.317915  -0.042790  -0.320084  0.945439  -0.060761  0.021139  0.071246  0.997235  0.000062  0.003969  0.006370  -0.557041  -0.108929  -0.309382  2.000000  
280.895253 0.005071  0.093997  -0.024222  0.947222  0.317714  -0.042767  -0.319890  0.945479  -0.061156  0.021005  0.071609  0.997212  0.000163  0.004002  0.006480  -0.545041  -0.113985  -0.315886  2.000000  
280.896257 0.005072  0.094001  -0.024216  0.947290  0.317518  -0.042705  -0.319696  0.945526  -0.061437  0.020871  0.071851  0.997197  0.000311  0.003961  0.006531  -0.528851  -0.118591  -0.315549  2.000000  
280.897503 0.005074  0.094005  -0.024208  0.947361  0.317321  -0.042593  -0.319503  0.945555  -0.061990  0.020604  0.072336  0.997168  0.000459  0.003925  0.006590  -0.516865  -0.128157  -0.321763  2.000000  
280.898520 0.005076  0.094008  -0.024201  0.947430  0.317125  -0.042531  -0.319309  0.945603  -0.062271  0.020470  0.072578  0.997153  0.000613  0.003889  0.006649  -0.504586  -0.128267  -0.321644  2.000000  
280.899762 0.005079  0.094013  -0.024193  0.947498  0.316919  -0.042545  -0.319114  0.945634  -0.062781  0.020336  0.073062  0.997120  0.000843  0.003864  0.006651  -0.492294  -0.129118  -0.317332  2.000000  
280.901019 0.005082  0.094017  -0.024183  0.947566  0.316718  -0.042521  -0.318920  0.945674  -0.063176  0.020202  0.073425  0.997096  0.001082  0.003786  0.006680  -0.475685  -0.133302  -0.309969  2.000000  
280.902260 0.005086  0.094022  -0.024174  0.947569  0.316712  -0.042510  -0.318921  0.945647  -0.063563  0.020068  0.073788  0.997072  0.001354  0.003777  0.006768  -0.463192  -0.132566  -0.296146  2.000000  
280.903510 0.005091  0.094026  -0.024163  0.947637  0.316511  -0.042486  -0.318727  0.945686  -0.063959  0.019935  0.074151  0.997048  0.001643  0.003738  0.006904  -0.450895  -0.132297  -0.289251  2.000000  
280.904510 0.005095  0.094030  -0.024155  0.947639  0.316505  -0.042475  -0.318728  0.945660  -0.064345  0.019801  0.074514  0.997023  0.001899  0.003748  0.006975  -0.446491  -0.136388  -0.281887  2.000000  
280.905757 0.005100  0.094035  -0.024144  0.947642  0.316504  -0.042425  -0.318729  0.945641  -0.064617  0.019667  0.074756  0.997008  0.002195  0.003667  0.007080  -0.434348  -0.133991  -0.259044  2.000000  
280.906761 0.005104  0.094038  -0.024136  0.947710  0.316303  -0.042400  -0.318534  0.945679  -0.065013  0.019533  0.075119  0.996983  0.002450  0.003640  0.007248  -0.425493  -0.139235  -0.253871  2.000000  
280.908008 0.005110  0.094043  -0.024125  0.947713  0.316303  -0.042351  -0.318535  0.945660  -0.065284  0.019400  0.075361  0.996968  0.002795  0.003636  0.007427  -0.408702  -0.137915  -0.233096  2.000000  
280.909258 0.005116  0.094048  -0.024116  0.947715  0.316302  -0.042301  -0.318536  0.945641  -0.065556  0.019266  0.075603  0.996952  0.003077  0.003603  0.007520  -0.392133  -0.137082  -0.219263  2.000000  
280.910510 0.005122  0.094052  -0.024107  0.947783  0.316107  -0.042238  -0.318342  0.945687  -0.065837  0.019132  0.075845  0.996936  0.003388  0.003592  0.007626  -0.379664  -0.136667  -0.212269  2.000000  
280.911759 0.005127  0.094056  -0.024098  0.947785  0.316106  -0.042188  -0.318342  0.945668  -0.066109  0.018998  0.076087  0.996920  0.003619  0.003580  0.007685  -0.363989  -0.134189  -0.189954  2.000000  
280.913002 0.005133  0.094060  -0.024090  0.947788  0.316111  -0.042100  -0.318343  0.945657  -0.066266  0.018864  0.076208  0.996913  0.003810  0.003536  0.007677  -0.343548  -0.133327  -0.176254  2.000000  
280.914005 0.005137  0.094063  -0.024084  0.947788  0.316105  -0.042138  -0.318343  0.945649  -0.066381  0.018864  0.076329  0.996904  0.003984  0.003492  0.007611  -0.325514  -0.128514  -0.157249  2.000000  
280.915258 0.005142  0.094066  -0.024076  0.947790  0.316110  -0.042050  -0.318344  0.945637  -0.066538  0.018731  0.076450  0.996897  0.004145  0.003449  0.007530  -0.310452  -0.130983  -0.141927  2.000000  
280.916260 0.005146  0.094068  -0.024071  0.947858  0.315920  -0.041948  -0.318150  0.945691  -0.066704  0.018597  0.076571  0.996891  0.004225  0.003376  0.007361  -0.292496  -0.131639  -0.136156  2.000000  
280.917509 0.005151  0.094072  -0.024063  0.947858  0.315915  -0.041986  -0.318150  0.945683  -0.066818  0.018597  0.076692  0.996881  0.004284  0.003295  0.007212  -0.277600  -0.125120  -0.121601  2.000000  
280.918521 0.005155  0.094074  -0.024058  0.947860  0.315920  -0.041898  -0.318151  0.945671  -0.066976  0.018463  0.076813  0.996875  0.004324  0.003189  0.007010  -0.267271  -0.120658  -0.109061  2.000000  
280.919757 0.005160  0.094077  -0.024051  0.947860  0.315914  -0.041937  -0.318151  0.945663  -0.067090  0.018463  0.076934  0.996865  0.004272  0.003063  0.006778  -0.250809  -0.115259  -0.095600  2.000000  
280.920758 0.005164  0.094079  -0.024046  0.947863  0.315924  -0.041810  -0.318151  0.945660  -0.067133  0.018329  0.076935  0.996868  0.004242  0.002901  0.006515  -0.236427  -0.113807  -0.087936  2.000000  
280.922006 0.005168  0.094082  -0.024038  0.947863  0.315919  -0.041849  -0.318151  0.945652  -0.067247  0.018329  0.077055  0.996858  0.004145  0.002793  0.006320  -0.225879  -0.109274  -0.075165  2.000000  
280.923007 0.005171  0.094084  -0.024032  0.947928  0.315724  -0.041835  -0.317956  0.945717  -0.067256  0.018329  0.077055  0.996858  0.004056  0.002698  0.006204  -0.209569  -0.104809  -0.075472  2.000000  
280.924008 0.005174  0.094086  -0.024026  0.947928  0.315719  -0.041873  -0.317956  0.945709  -0.067371  0.018329  0.077176  0.996849  0.003967  0.002583  0.006076  -0.201251  -0.099818  -0.068874  2.000000  
280.925252 0.005177  0.094088  -0.024018  0.947928  0.315719  -0.041873  -0.317956  0.945709  -0.067371  0.018329  0.077176  0.996849  0.003792  0.002465  0.005998  -0.187340  -0.094058  -0.061784  2.000000  
280.926253 0.005179  0.094090  -0.024012  0.947928  0.315714  -0.041911  -0.317956  0.945701  -0.067485  0.018329  0.077297  0.996840  0.003613  0.002362  0.005977  -0.183179  -0.089120  -0.055264  2.000000  
280.927508 0.005181  0.094093  -0.024004  0.947994  0.315520  -0.041897  -0.317761  0.945766  -0.067494  0.018329  0.077297  0.996840  0.003386  0.002287  0.005896  -0.168217  -0.080372  -0.049466  2.000000  
280.928518 0.005183  0.094095  -0.023998  0.947996  0.315529  -0.041771  -0.317762  0.945762  -0.067536  0.018196  0.077297  0.996842  0.003192  0.002204  0.005864  -0.158760  -0.079726  -0.049055  2.000000  
280.929755 0.005184  0.094097  -0.023992  0.947996  0.315524  -0.041809  -0.317762  0.945754  -0.067651  0.018196  0.077418  0.996833  0.002955  0.002141  0.005832  0.000000  0.000000  0.000000  2.000000  
280.930755 0.005185  0.094099  -0.023986  0.947996  0.315524  -0.041809  -0.317762  0.945754  -0.067651  0.018196  0.077418  0.996833  0.002709  0.002084  0.005811  0.000000  0.000000  0.000000  2.000000  
280.931755 0.005186  0.094101  -0.023981  0.948061  0.315330  -0.041795  -0.317567  0.945819  -0.067660  0.018196  0.077418  0.996833  0.002482  0.002076  0.005799  0.000000  0.000000  0.000000  2.000000  
280.932760 0.005185  0.094102  -0.023976  0.948061  0.315335  -0.041757  -0.317567  0.945827  -0.067545  0.018196  0.077297  0.996842  0.002213  0.001991  0.005721  0.000000  0.000000  0.000000  2.000000  
280.934006 0.005186  0.094104  -0.023971  0.948061  0.315335  -0.041757  -0.317567  0.945827  -0.067545  0.018196  0.077297  0.996842  0.001884  0.001928  0.005644  0.000000  0.000000  0.000000  2.000000  
280.935011 0.005185  0.094105  -0.023967  0.948127  0.315140  -0.041743  -0.317371  0.945892  -0.067554  0.018196  0.077297  0.996842  0.001589  0.001842  0.005531  0.000000  0.000000  0.000000  2.000000  
280.936257 0.005185  0.094106  -0.023962  0.948127  0.315145  -0.041705  -0.317371  0.945900  -0.067439  0.018196  0.077177  0.996851  0.001254  0.001726  0.005366  0.000000  0.000000  0.000000  2.000000  
280.937509 0.005184  0.094106  -0.023957  0.948127  0.315145  -0.041705  -0.317371  0.945900  -0.067439  0.018196  0.077177  0.996851  0.000926  0.001567  0.005268  0.000000  0.000000  0.000000  2.000000  
280.938522 0.005183  0.094106  -0.023953  0.948192  0.314955  -0.041653  -0.317176  0.945973  -0.067333  0.018196  0.077056  0.996861  0.000620  0.001397  0.005057  0.000000  0.000000  0.000000  2.000000  
280.939757 0.005181  0.094106  -0.023948  0.948192  0.314955  -0.041653  -0.317176  0.945973  -0.067333  0.018196  0.077056  0.996861  0.000330  0.001240  0.004847  0.000000  0.000000  0.000000  2.000000  
280.941002 0.005180  0.094105  -0.023943  0.948257  0.314766  -0.041601  -0.316981  0.946046  -0.067227  0.018196  0.076935  0.996870  0.000047  0.001031  0.004672  0.000000  0.000000  0.000000  2.000000  
280.942005 0.005178  0.094105  -0.023939  0.948257  0.314766  -0.041601  -0.316981  0.946046  -0.067227  0.018196  0.076935  0.996870  -0.000200  0.000883  0.004505  0.000000  0.000000  0.000000  2.000000  
280.943007 0.005176  0.094104  -0.023935  0.948257  0.314771  -0.041563  -0.316981  0.946054  -0.067112  0.018196  0.076814  0.996879  -0.000425  0.000700  0.004412  0.000000  0.000000  0.000000  2.000000  
280.944253 0.005175  0.094104  -0.023930  0.948323  0.314576  -0.041549  -0.316786  0.946119  -0.067120  0.018196  0.076814  0.996879  -0.000600  0.000512  0.004275  0.000000  0.000000  0.000000  2.000000  
280.945256 0.005173  0.094103  -0.023926  0.948323  0.314581  -0.041511  -0.316786  0.946127  -0.067006  0.018196  0.076693  0.996889  -0.000782  0.000357  0.004162  0.000000  0.000000  0.000000  2.000000  
280.946516 0.005171  0.094103  -0.023921  0.948388  0.314386  -0.041497  -0.316591  0.946192  -0.067014  0.018196  0.076693  0.996889  -0.000973  0.000129  0.004032  0.000000  0.000000  0.000000  2.000000  
280.947756 0.005170  0.094103  -0.023916  0.948388  0.314391  -0.041459  -0.316591  0.946200  -0.066899  0.018196  0.076572  0.996898  -0.001057  0.000028  0.003998  0.000000  0.000000  0.000000  2.000000  
280.949005 0.005167  0.094102  -0.023911  0.948453  0.314201  -0.041407  -0.316395  0.946273  -0.066793  0.018196  0.076451  0.996907  -0.001217  -0.000122  0.003989  0.000000  0.000000  0.000000  2.000000  
280.950006 0.005166  0.094102  -0.023908  0.948455  0.314211  -0.041280  -0.316396  0.946270  -0.066835  0.018062  0.076451  0.996910  -0.001308  -0.000199  0.003934  0.000000  0.000000  0.000000  2.000000  
280.951014 0.005164  0.094101  -0.023904  0.948455  0.314216  -0.041242  -0.316396  0.946278  -0.066721  0.018062  0.076330  0.996919  -0.001403  -0.000306  0.003908  0.000000  0.000000  0.000000  2.000000  
280.952257 0.005162  0.094101  -0.023900  0.948520  0.314026  -0.041190  -0.316201  0.946351  -0.066614  0.018062  0.076209  0.996928  -0.001436  -0.000310  0.003845  0.000000  0.000000  0.000000  2.000000  
280.953259 0.005161  0.094101  -0.023897  0.948520  0.314026  -0.041190  -0.316201  0.946351  -0.066614  0.018062  0.076209  0.996928  -0.001489  -0.000364  0.003770  0.000000  0.000000  0.000000  2.000000  
280.954518 0.005159  0.094100  -0.023894  0.948588  0.313846  -0.041012  -0.316006  0.946420  -0.066550  0.017928  0.076089  0.996940  -0.001500  -0.000392  0.003665  0.000000  0.000000  0.000000  2.000000  
280.955757 0.005158  0.094100  -0.023891  0.948588  0.313851  -0.040974  -0.316006  0.946428  -0.066435  0.017928  0.075968  0.996949  -0.001473  -0.000396  0.003547  0.000000  0.000000  0.000000  2.000000  
280.957007 0.005157  0.094099  -0.023887  0.948653  0.313661  -0.040922  -0.315811  0.946501  -0.066329  0.017928  0.075847  0.996958  -0.001405  -0.000398  0.003454  0.000000  0.000000  0.000000  2.000000  
280.958257 0.005156  0.094098  -0.023885  0.948653  0.313666  -0.040884  -0.315811  0.946509  -0.066214  0.017928  0.075726  0.996967  -0.001369  -0.000403  0.003296  0.000000  0.000000  0.000000  2.000000  
280.959504 0.005155  0.094098  -0.023882  0.948655  0.313686  -0.040681  -0.315812  0.946522  -0.066027  0.017794  0.075484  0.996988  -0.001250  -0.000350  0.003122  0.000000  0.000000  0.000000  2.000000  
280.960507 0.005155  0.094098  -0.023880  0.948655  0.313686  -0.040681  -0.315812  0.946522  -0.066027  0.017794  0.075484  0.996988  -0.001143  -0.000326  0.003009  0.000000  0.000000  0.000000  2.000000  
280.961508 0.005155  0.094097  -0.023878  0.948655  0.313691  -0.040643  -0.315812  0.946530  -0.065912  0.017794  0.075363  0.996997  -0.001058  -0.000352  0.002887  0.000000  0.000000  0.000000  2.000000  
280.962516 0.005156  0.094098  -0.023877  0.948720  0.313501  -0.040592  -0.315616  0.946602  -0.065805  0.017794  0.075242  0.997006  -0.000949  -0.000314  0.002692  0.000000  0.000000  0.000000  2.000000  
280.963763 0.005156  0.094098  -0.023874  0.948722  0.313515  -0.040427  -0.315617  0.946607  -0.065733  0.017661  0.075122  0.997018  -0.000783  -0.000268  0.002477  0.000000  0.000000  0.000000  2.000000  
280.965005 0.005156  0.094098  -0.023872  0.948722  0.313520  -0.040389  -0.315617  0.946615  -0.065618  0.017661  0.075001  0.997027  -0.000664  -0.000263  0.002372  0.000000  0.000000  0.000000  2.000000  
280.966013 0.005157  0.094099  -0.023871  0.948722  0.313525  -0.040351  -0.315617  0.946623  -0.065503  0.017661  0.074880  0.997036  -0.000497  -0.000166  0.002250  0.000000  0.000000  0.000000  2.000000  
280.967256 0.005157  0.094100  -0.023869  0.948722  0.313530  -0.040313  -0.315617  0.946631  -0.065388  0.017661  0.074759  0.997045  -0.000343  -0.000119  0.002078  0.000000  0.000000  0.000000  2.000000  
280.968258 0.005158  0.094100  -0.023868  0.948724  0.313544  -0.040149  -0.315618  0.946636  -0.065315  0.017527  0.074638  0.997057  -0.000207  -0.000048  0.001938  0.000000  0.000000  0.000000  2.000000  
280.969260 0.005158  0.094101  -0.023867  0.948724  0.313549  -0.040110  -0.315618  0.946644  -0.065201  0.017527  0.074517  0.997066  -0.000091  0.000049  0.001863  0.000000  0.000000  0.000000  2.000000  
280.970521 0.005158  0.094102  -0.023866  0.948724  0.313554  -0.040072  -0.315618  0.946652  -0.065086  0.017527  0.074396  0.997075  0.000028  0.000168  0.001703  0.000000  0.000000  0.000000  2.000000  
280.971760 0.005159  0.094104  -0.023865  0.948724  0.313564  -0.039996  -0.315618  0.946667  -0.064856  0.017527  0.074154  0.997093  0.000137  0.000312  0.001540  0.000000  0.000000  0.000000  2.000000  
280.973009 0.005159  0.094105  -0.023864  0.948727  0.313578  -0.039832  -0.315619  0.946672  -0.064783  0.017393  0.074033  0.997104  0.000246  0.000455  0.001376  0.000000  0.000000  0.000000  2.000000  
280.974009 0.005160  0.094106  -0.023863  0.948727  0.313583  -0.039794  -0.315619  0.946680  -0.064669  0.017393  0.073913  0.997113  0.000306  0.000553  0.001320  0.000000  0.000000  0.000000  2.000000  
280.975256 0.005161  0.094108  -0.023864  0.948727  0.313588  -0.039756  -0.315619  0.946688  -0.064554  0.017393  0.073792  0.997122  0.000339  0.000634  0.001139  0.000000  0.000000  0.000000  2.000000  
