1-Time 2-Px 3-Py 4-Pz 5-R11 6-R21 7-R31 8-R12 9-R22 10-R32 11-R13 12-R23 13-R33 14-Vx 15-Vy 16-Vz 17-Wx 18-Wy 19-Wz 20-state 21-PR11 22-PR21 23-PR31 24-PR12 25-PR22 26-PR32 27-PR13 28-PR23 29-PR33 
96.309394 0.002772  0.093211  -0.006617  0.982402  0.184835  0.026876  -0.186230  0.980347  0.065097  -0.014316  -0.068956  0.997517  -0.000088  -0.000123  -0.000006  0.000000  0.000000  0.000000  2.000000  
96.310401 0.002772  0.093211  -0.006617  0.982364  0.185037  0.026890  -0.186432  0.980309  0.065091  -0.014316  -0.068956  0.997517  -0.000058  -0.000096  0.000014  0.000000  0.000000  0.000000  2.000000  
96.311646 0.002772  0.093209  -0.006618  0.982016  0.186850  0.027033  -0.188252  0.979957  0.065160  -0.014316  -0.069077  0.997509  -0.000082  -0.000220  -0.000030  0.000000  0.000000  0.000000  2.000000  
96.312895 0.002771  0.093207  -0.006619  0.981584  0.189044  0.027488  -0.190474  0.979519  0.065285  -0.014584  -0.069319  0.997488  -0.000104  -0.000400  -0.000152  0.000000  0.000000  0.000000  2.000000  
96.313895 0.002771  0.093203  -0.006619  0.981344  0.190229  0.027877  -0.191686  0.979272  0.065438  -0.014851  -0.069561  0.997467  -0.000085  -0.000617  -0.000191  0.009454  -0.012959  0.186321  2.000000  
96.315145 0.002772  0.093200  -0.006619  0.981104  0.191419  0.028158  -0.192898  0.979015  0.065734  -0.014985  -0.069923  0.997440  -0.000033  -0.000850  -0.000158  0.021053  -0.020368  0.227430  2.000000  
96.316398 0.002772  0.093197  -0.006618  0.980789  0.193039  0.028075  -0.194514  0.978670  0.066095  -0.014717  -0.070287  0.997418  -0.000001  -0.001057  -0.000100  0.036563  -0.015278  0.283205  2.000000  
96.317398 0.002773  0.093195  -0.006616  0.980433  0.194873  0.027852  -0.196332  0.978289  0.066359  -0.014316  -0.070529  0.997407  0.000043  -0.001136  0.000035  0.043888  -0.010689  0.345946  2.000000  
96.318404 0.002773  0.093195  -0.006614  0.979952  0.197316  0.027565  -0.198755  0.977773  0.066752  -0.013781  -0.070892  0.997389  0.000059  -0.001167  0.000185  0.055017  0.001377  0.429938  2.000000  
96.319642 0.002773  0.093192  -0.006613  0.979337  0.200343  0.027582  -0.201781  0.977131  0.067076  -0.013513  -0.071256  0.997367  0.000093  -0.001300  0.000277  0.065857  0.002988  0.534238  2.000000  
96.320643 0.002775  0.093191  -0.006613  0.978838  0.202756  0.027691  -0.204200  0.976607  0.067390  -0.013379  -0.071619  0.997342  0.000196  -0.001415  0.000287  0.076951  0.001535  0.617332  2.000000  
96.321643 0.002777  0.093190  -0.006612  0.978330  0.205161  0.027907  -0.206618  0.976087  0.067559  -0.013379  -0.071861  0.997325  0.000359  -0.001475  0.000336  0.083930  -0.004390  0.700087  2.000000  
96.322893 0.002782  0.093191  -0.006607  0.977643  0.208355  0.028336  -0.209839  0.975383  0.067793  -0.013513  -0.072223  0.997297  0.000692  -0.001358  0.000668  0.094624  -0.021313  0.810051  2.000000  
96.324144 0.002787  0.093193  -0.006600  0.976858  0.211961  0.028638  -0.213460  0.974588  0.067924  -0.013513  -0.072465  0.997279  0.001033  -0.001250  0.001140  0.101024  -0.030226  0.934257  2.000000  
96.325391 0.002792  0.093193  -0.006595  0.976062  0.215571  0.028838  -0.217079  0.973769  0.068201  -0.013379  -0.072828  0.997255  0.001345  -0.001230  0.001467  0.111571  -0.034748  1.058780  2.000000  
96.326403 0.002796  0.093192  -0.006592  0.975480  0.218178  0.028943  -0.219691  0.973170  0.068389  -0.013246  -0.073070  0.997239  0.001663  -0.001192  0.001714  0.118485  -0.036768  1.148270  2.000000  
96.327645 0.002801  0.093188  -0.006590  0.974756  0.221397  0.028886  -0.222904  0.972406  0.068854  -0.012844  -0.073555  0.997208  0.002052  -0.001246  0.001984  0.137620  -0.031426  1.260073  2.000000  
96.328645 0.002805  0.093184  -0.006587  0.974205  0.223808  0.028877  -0.225312  0.971826  0.069196  -0.012577  -0.073918  0.997185  0.002259  -0.001359  0.002162  0.148968  -0.033101  1.343126  2.000000  
96.329646 0.002810  0.093178  -0.006583  0.973601  0.226407  0.029015  -0.227919  0.971196  0.069503  -0.012443  -0.074281  0.997160  0.002553  -0.001533  0.002421  0.160063  -0.035302  1.433058  2.000000  
96.330896 0.002817  0.093169  -0.006579  0.972751  0.230000  0.029254  -0.231526  0.970315  0.069896  -0.012309  -0.074765  0.997125  0.003047  -0.001924  0.002696  0.174784  -0.040115  1.557529  2.000000  
96.332148 0.002826  0.093159  -0.006577  0.971885  0.233566  0.029784  -0.235128  0.969415  0.070344  -0.012443  -0.075369  0.997078  0.003628  -0.002480  0.002665  0.193350  -0.054052  1.681151  2.000000  
96.333408 0.002835  0.093147  -0.006575  0.971056  0.236939  0.030174  -0.238528  0.968549  0.070827  -0.012443  -0.075974  0.997032  0.004204  -0.003224  0.002616  0.212077  -0.063067  1.797920  2.000000  
96.334643 0.002844  0.093132  -0.006575  0.970315  0.239910  0.030538  -0.241526  0.967770  0.071320  -0.012443  -0.076579  0.996986  0.004769  -0.004067  0.002616  0.231290  -0.075683  1.902015  2.000000  
96.335903 0.002853  0.093114  -0.006575  0.969665  0.242481  0.030875  -0.244122  0.967081  0.071825  -0.012443  -0.077183  0.996939  0.005214  -0.005153  0.002562  0.250383  -0.082810  1.991105  2.000000  
96.337144 0.002862  0.093095  -0.006575  0.968908  0.245461  0.031087  -0.247115  0.966290  0.072231  -0.012309  -0.077667  0.996903  0.005522  -0.006385  0.002383  0.265508  -0.086447  2.095555  2.000000  
96.338393 0.002872  0.093076  -0.006575  0.968193  0.248236  0.031316  -0.249907  0.965532  0.072760  -0.012175  -0.078272  0.996858  0.005861  -0.007714  0.001984  0.284746  -0.089737  2.192566  2.000000  
96.339641 0.002879  0.093056  -0.006574  0.967521  0.250804  0.031633  -0.252498  0.964829  0.073144  -0.012175  -0.078756  0.996820  0.005997  -0.009134  0.001577  0.301499  -0.096005  2.264062  2.000000  
96.340643 0.002885  0.093039  -0.006575  0.967051  0.252580  0.031860  -0.254290  0.964336  0.073436  -0.012175  -0.079118  0.996791  0.006127  -0.010376  0.001307  0.311649  -0.099905  2.317019  2.000000  
96.341897 0.002892  0.093019  -0.006574  0.966524  0.254543  0.032233  -0.256280  0.963790  0.073687  -0.012309  -0.079481  0.996760  0.006240  -0.011606  0.001106  0.316807  -0.105099  2.311116  2.000000  
96.342900 0.002896  0.093002  -0.006574  0.966152  0.255909  0.032561  -0.257672  0.963398  0.073957  -0.012443  -0.079843  0.996730  0.006281  -0.012527  0.000974  0.323245  -0.095640  2.303172  2.000000  
96.344145 0.002900  0.092979  -0.006573  0.965510  0.258256  0.033095  -0.260057  0.962741  0.074157  -0.012711  -0.080206  0.996697  0.006192  -0.013612  0.000721  0.322318  -0.099124  2.338874  2.000000  
96.345148 0.002902  0.092961  -0.006572  0.965024  0.260017  0.033456  -0.261845  0.962237  0.074411  -0.012844  -0.080568  0.996666  0.005983  -0.014224  0.000627  0.325660  -0.106341  2.364738  2.000000  
96.346407 0.002904  0.092938  -0.006571  0.964482  0.261970  0.033865  -0.263831  0.961666  0.074773  -0.012978  -0.081052  0.996625  0.005511  -0.015214  0.000444  0.329764  -0.126284  2.376447  2.000000  
96.347645 0.002903  0.092915  -0.006571  0.963991  0.263739  0.034099  -0.265618  0.961152  0.075060  -0.012978  -0.081415  0.996596  0.004822  -0.016102  0.000347  0.330885  -0.143013  2.348215  2.000000  
96.348895 0.002901  0.092890  -0.006571  0.963442  0.265701  0.034382  -0.267602  0.960571  0.075456  -0.012978  -0.081898  0.996556  0.004161  -0.016733  0.000289  0.332004  -0.159446  2.312473  2.000000  
96.349896 0.002898  0.092870  -0.006570  0.963056  0.267072  0.034588  -0.268990  0.960159  0.075756  -0.012978  -0.082261  0.996526  0.003455  -0.017281  0.000304  0.336740  -0.161993  2.277894  2.000000  
96.351144 0.002894  0.092844  -0.006570  0.962556  0.268838  0.034826  -0.270774  0.959635  0.076040  -0.012978  -0.082623  0.996496  0.002613  -0.017734  0.000322  0.334201  -0.159873  2.238281  2.000000  
96.352144 0.002890  0.092823  -0.006570  0.962107  0.270395  0.035178  -0.272358  0.959166  0.076296  -0.013112  -0.082986  0.996464  0.001855  -0.018089  0.000307  0.338298  -0.158418  2.210774  2.000000  
96.353146 0.002884  0.092802  -0.006572  0.961711  0.271753  0.035515  -0.273744  0.958751  0.076557  -0.013246  -0.083348  0.996432  0.000831  -0.018609  0.000184  0.342026  -0.159702  2.160596  2.000000  
96.354405 0.002875  0.092773  -0.006576  0.961201  0.273501  0.035918  -0.275525  0.958212  0.076920  -0.013379  -0.083832  0.996390  -0.000293  -0.019167  -0.000119  0.350665  -0.160001  2.096790  2.000000  
96.355643 0.002864  0.092743  -0.006582  0.960687  0.275252  0.036289  -0.277305  0.957678  0.077164  -0.013513  -0.084194  0.996358  -0.001358  -0.019743  -0.000511  0.351758  -0.164950  2.035398  2.000000  
96.356893 0.002852  0.092714  -0.006588  0.960172  0.277013  0.036532  -0.279084  0.957139  0.077445  -0.013513  -0.084556  0.996327  -0.002617  -0.020326  -0.000926  0.349483  -0.175423  1.989290  2.000000  
96.357897 0.002843  0.092692  -0.006593  0.959711  0.278580  0.036728  -0.280665  0.956662  0.077617  -0.013513  -0.084798  0.996307  -0.003532  -0.020626  -0.001290  0.349238  -0.182625  1.956872  2.000000  
96.359146 0.002831  0.092667  -0.006599  0.959247  0.280142  0.036957  -0.282245  0.956174  0.077905  -0.013513  -0.085161  0.996276  -0.004732  -0.020887  -0.001774  0.346116  -0.187992  1.900714  2.000000  
96.360146 0.002821  0.092647  -0.006604  0.958899  0.281320  0.037028  -0.283431  0.955795  0.078244  -0.013379  -0.085523  0.996246  -0.005445  -0.020963  -0.002166  0.343774  -0.180501  1.858124  2.000000  
96.361149 0.002809  0.092627  -0.006610  0.958488  0.282677  0.037337  -0.284812  0.955373  0.078385  -0.013513  -0.085765  0.996224  -0.006409  -0.021088  -0.002655  0.339345  -0.181045  1.797254  2.000000  
96.362150 0.002797  0.092607  -0.006616  0.958077  0.284044  0.037519  -0.286193  0.954946  0.078563  -0.013513  -0.086007  0.996203  -0.007215  -0.021165  -0.003095  0.331850  -0.177193  1.741661  2.000000  
96.363408 0.002782  0.092584  -0.006624  0.957543  0.285793  0.037861  -0.287967  0.954402  0.078686  -0.013647  -0.086248  0.996180  -0.008087  -0.021077  -0.003568  0.320051  -0.178432  1.692468  2.000000  
96.364646 0.002767  0.092561  -0.006631  0.957008  0.287547  0.038112  -0.289741  0.953842  0.078963  -0.013647  -0.086611  0.996149  -0.008910  -0.020908  -0.004104  0.312500  -0.176510  1.658679  2.000000  
96.365646 0.002754  0.092544  -0.006637  0.956589  0.288917  0.038261  -0.291119  0.953417  0.079024  -0.013647  -0.086731  0.996138  -0.009521  -0.020702  -0.004524  0.300711  -0.174790  1.631458  2.000000  
96.366896 0.002739  0.092525  -0.006643  0.956109  0.290477  0.038461  -0.292694  0.952921  0.079192  -0.013647  -0.086973  0.996117  -0.010197  -0.020256  -0.004944  0.293210  -0.175824  1.582263  2.000000  
96.368149 0.002724  0.092505  -0.006650  0.955566  0.292244  0.038551  -0.294466  0.952359  0.079390  -0.013513  -0.087215  0.996098  -0.010758  -0.019754  -0.005284  0.281604  -0.173611  1.547512  2.000000  
96.369397 0.002709  0.092486  -0.006658  0.955019  0.293999  0.038770  -0.296236  0.951796  0.079550  -0.013513  -0.087457  0.996077  -0.011043  -0.019166  -0.005466  0.273813  -0.171876  1.519887  2.000000  
96.370406 0.002698  0.092470  -0.006665  0.954530  0.295557  0.038972  -0.297808  0.951291  0.079717  -0.013513  -0.087698  0.996055  -0.011267  -0.018486  -0.005612  0.269761  -0.171719  1.512574  2.000000  
96.371644 0.002685  0.092452  -0.006675  0.953977  0.297309  0.039192  -0.299577  0.950723  0.079875  -0.013513  -0.087940  0.996034  -0.011370  -0.017734  -0.005853  0.265823  -0.167212  1.506845  2.000000  
96.372891 0.002674  0.092436  -0.006684  0.953480  0.298854  0.039523  -0.301147  0.950216  0.080001  -0.013647  -0.088181  0.996011  -0.011301  -0.017120  -0.006029  0.259315  -0.166875  1.501312  2.000000  
96.373893 0.002666  0.092423  -0.006691  0.953107  0.300022  0.039658  -0.302324  0.949836  0.080067  -0.013647  -0.088302  0.996000  -0.011173  -0.016544  -0.006238  0.251443  -0.160452  1.474023  2.000000  
96.374893 0.002659  0.092410  -0.006699  0.952671  0.301381  0.039847  -0.303697  0.949384  0.080240  -0.013647  -0.088544  0.995979  -0.010938  -0.016105  -0.006382  0.251556  -0.155226  1.460864  2.000000  
96.375902 0.002654  0.092398  -0.006707  0.952297  0.302560  0.039856  -0.304875  0.948997  0.080347  -0.013513  -0.088665  0.995970  -0.010548  -0.015522  -0.006573  0.241598  -0.141120  1.445997  2.000000  
96.377145 0.002647  0.092384  -0.006718  0.951793  0.304113  0.040062  -0.306443  0.948478  0.080511  -0.013513  -0.088906  0.995948  -0.009999  -0.014916  -0.006792  0.235611  -0.140420  1.434323  2.000000  
96.378147 0.002644  0.092372  -0.006728  0.951414  0.305275  0.040235  -0.307618  0.948082  0.080691  -0.013513  -0.089148  0.995927  -0.009433  -0.014380  -0.007043  0.231649  -0.140263  1.427377  2.000000  
96.379148 0.002640  0.092361  -0.006738  0.951033  0.306436  0.040409  -0.308793  0.947685  0.080871  -0.013513  -0.089390  0.995905  -0.008770  -0.013849  -0.007306  0.229790  -0.140096  1.418618  2.000000  
96.380148 0.002638  0.092350  -0.006747  0.950649  0.307585  0.040710  -0.309967  0.947290  0.081010  -0.013647  -0.089631  0.995882  -0.008133  -0.013430  -0.007583  0.225825  -0.143830  1.404537  2.000000  
96.381397 0.002636  0.092337  -0.006759  0.950200  0.308928  0.041029  -0.311336  0.946830  0.081139  -0.013781  -0.089872  0.995858  -0.007312  -0.013003  -0.007912  0.217711  -0.147590  1.389974  2.000000  
96.382642 0.002635  0.092325  -0.006770  0.949750  0.310282  0.041221  -0.312705  0.946364  0.081310  -0.013781  -0.090114  0.995836  -0.006367  -0.012513  -0.008210  0.211907  -0.141777  1.372237  2.000000  
96.383649 0.002635  0.092316  -0.006779  0.949492  0.311052  0.041363  -0.313487  0.946088  0.081505  -0.013781  -0.090356  0.995814  -0.005478  -0.012032  -0.008429  0.209818  -0.136451  1.356052  2.000000  
96.384891 0.002635  0.092306  -0.006789  0.949169  0.312015  0.041523  -0.314464  0.945748  0.081692  -0.013781  -0.090597  0.995792  -0.004551  -0.011488  -0.008522  0.204177  -0.130116  1.331775  2.000000  
96.385897 0.002636  0.092298  -0.006797  0.948910  0.312789  0.041628  -0.315246  0.945480  0.081773  -0.013781  -0.090718  0.995781  -0.003667  -0.010953  -0.008562  0.198190  -0.123405  1.301790  2.000000  
96.387145 0.002638  0.092290  -0.006806  0.948518  0.313935  0.041931  -0.316417  0.945077  0.081908  -0.013915  -0.090959  0.995757  -0.002739  -0.010329  -0.008514  0.194321  -0.126462  1.280742  2.000000  
96.388391 0.002641  0.092284  -0.006815  0.948192  0.314897  0.042092  -0.317393  0.944734  0.082094  -0.013915  -0.091201  0.995735  -0.001899  -0.009712  -0.008486  0.188920  -0.124631  1.256840  2.000000  
96.389392 0.002644  0.092279  -0.006822  0.947928  0.315659  0.042324  -0.318173  0.944468  0.082132  -0.014048  -0.091321  0.995722  -0.001199  -0.009164  -0.008414  0.184962  -0.128077  1.242616  2.000000  
96.390403 0.002648  0.092275  -0.006829  0.947732  0.316231  0.042452  -0.318759  0.944253  0.082335  -0.014048  -0.091563  0.995700  -0.000451  -0.008533  -0.008383  0.182833  -0.126410  1.217996  2.000000  
96.391410 0.002651  0.092272  -0.006835  0.947535  0.316809  0.042541  -0.319344  0.944048  0.082423  -0.014048  -0.091684  0.995689  0.000085  -0.007960  -0.008279  0.179095  -0.124144  1.190116  2.000000  
96.392647 0.002655  0.092267  -0.006845  0.947337  0.317382  0.042669  -0.319929  0.943832  0.082626  -0.014048  -0.091925  0.995667  0.000700  -0.007310  -0.008089  0.179768  -0.115697  1.142777  2.000000  
96.393648 0.002657  0.092264  -0.006852  0.947140  0.317960  0.042759  -0.320514  0.943626  0.082714  -0.014048  -0.092046  0.995656  0.001091  -0.006760  -0.007959  0.176072  -0.113434  1.115172  2.000000  
96.394896 0.002660  0.092260  -0.006862  0.946941  0.318537  0.042848  -0.321099  0.943419  0.082802  -0.014048  -0.092167  0.995644  0.001476  -0.006209  -0.007760  0.172492  -0.110555  1.080798  2.000000  
96.396153 0.002662  0.092255  -0.006872  0.946743  0.319109  0.042977  -0.321684  0.943202  0.083004  -0.014048  -0.092408  0.995622  0.001804  -0.005561  -0.007640  0.168885  -0.107772  1.046240  2.000000  
96.397397 0.002663  0.092251  -0.006882  0.946542  0.319670  0.043232  -0.322268  0.942988  0.083163  -0.014182  -0.092650  0.995598  0.001914  -0.005022  -0.007553  0.171913  -0.113487  1.009437  2.000000  
96.398402 0.002663  0.092247  -0.006890  0.946409  0.320048  0.043344  -0.322658  0.942837  0.083374  -0.014182  -0.092891  0.995575  0.001920  -0.004720  -0.007572  0.173980  -0.110291  0.969375  2.000000  
96.399646 0.002662  0.092243  -0.006900  0.946210  0.320619  0.043473  -0.323242  0.942618  0.083576  -0.014182  -0.093133  0.995553  0.001794  -0.004257  -0.007550  0.174678  -0.106166  0.921260  2.000000  
96.400896 0.002659  0.092239  -0.006911  0.946010  0.321191  0.043602  -0.323826  0.942400  0.083778  -0.014182  -0.093374  0.995530  0.001567  -0.003952  -0.007620  0.175276  -0.102642  0.880003  2.000000  
96.402144 0.002656  0.092234  -0.006921  0.945877  0.321563  0.043754  -0.324216  0.942237  0.084103  -0.014182  -0.093737  0.995496  0.001232  -0.003707  -0.007704  0.179982  -0.094034  0.832207  2.000000  
96.403144 0.002653  0.092232  -0.006929  0.945810  0.321746  0.043849  -0.324411  0.942150  0.084322  -0.014182  -0.093978  0.995473  0.000777  -0.003479  -0.007718  0.184608  -0.091066  0.798021  2.000000  
96.404392 0.002647  0.092229  -0.006938  0.945676  0.322123  0.043962  -0.324800  0.941997  0.084533  -0.014182  -0.094220  0.995450  0.000143  -0.003356  -0.007792  0.183498  -0.087341  0.756961  2.000000  
96.405641 0.002641  0.092225  -0.006948  0.945543  0.322501  0.044075  -0.325189  0.941844  0.084743  -0.014182  -0.094461  0.995428  -0.000548  -0.003261  -0.007856  0.184092  -0.088182  0.715419  2.000000  
96.406646 0.002635  0.092223  -0.006955  0.945476  0.322684  0.044171  -0.325384  0.941757  0.084963  -0.014182  -0.094703  0.995405  -0.001208  -0.003194  -0.007848  0.188625  -0.085171  0.681291  2.000000  
96.407925 0.002626  0.092220  -0.006963  0.945342  0.323061  0.044284  -0.325773  0.941604  0.085173  -0.014182  -0.094944  0.995382  -0.002035  -0.003077  -0.007748  0.186611  -0.081551  0.638095  2.000000  
96.409148 0.002617  0.092218  -0.006970  0.945274  0.323244  0.044380  -0.325968  0.941516  0.085392  -0.014182  -0.095186  0.995359  -0.002902  -0.002986  -0.007569  0.187309  -0.073468  0.597708  2.000000  
96.410407 0.002606  0.092215  -0.006976  0.945207  0.323427  0.044476  -0.326162  0.941429  0.085611  -0.014182  -0.095427  0.995335  -0.003739  -0.002851  -0.007301  0.183747  -0.069781  0.556160  2.000000  
96.411646 0.002595  0.092212  -0.006982  0.945142  0.323622  0.044446  -0.326358  0.941338  0.085874  -0.014048  -0.095669  0.995314  -0.004508  -0.002808  -0.007045  0.184477  -0.056486  0.508926  2.000000  
96.412903 0.002583  0.092208  -0.006987  0.945075  0.323805  0.044543  -0.326552  0.941250  0.086093  -0.014048  -0.095910  0.995291  -0.005449  -0.002704  -0.006706  0.184946  -0.053386  0.474434  2.000000  
96.414146 0.002570  0.092204  -0.006993  0.945075  0.323794  0.044621  -0.326552  0.941229  0.086322  -0.014048  -0.096152  0.995268  -0.006168  -0.002731  -0.006429  0.185461  -0.050282  0.440062  2.000000  
96.415150 0.002560  0.092200  -0.006998  0.945007  0.323977  0.044718  -0.326747  0.941141  0.086541  -0.014048  -0.096393  0.995244  -0.006834  -0.002699  -0.006143  0.189774  -0.048408  0.419269  2.000000  
96.416398 0.002547  0.092196  -0.007003  0.945007  0.323966  0.044796  -0.326747  0.941120  0.086769  -0.014048  -0.096634  0.995221  -0.007518  -0.002728  -0.005828  0.190285  -0.045274  0.384882  2.000000  
96.417643 0.002533  0.092191  -0.007009  0.945007  0.323950  0.044914  -0.326747  0.941089  0.087111  -0.014048  -0.096997  0.995186  -0.008104  -0.002826  -0.005606  0.193244  -0.037356  0.348014  2.000000  
96.418675 0.002523  0.092187  -0.007013  0.945007  0.323939  0.044993  -0.326747  0.941068  0.087340  -0.014048  -0.097238  0.995162  -0.008610  -0.002932  -0.005314  0.195106  -0.034449  0.316084  2.000000  
96.419903 0.002509  0.092181  -0.007018  0.945007  0.323923  0.045111  -0.326747  0.941036  0.087682  -0.014048  -0.097600  0.995127  -0.009139  -0.003128  -0.004983  0.202556  -0.027960  0.294456  2.000000  
96.421143 0.002494  0.092174  -0.007023  0.945007  0.323906  0.045228  -0.326747  0.941004  0.088025  -0.014048  -0.097962  0.995091  -0.009620  -0.003373  -0.004694  0.206526  -0.025383  0.266450  2.000000  
96.422144 0.002483  0.092168  -0.007026  0.945075  0.323696  0.045328  -0.326552  0.941038  0.088376  -0.014048  -0.098324  0.995055  -0.009938  -0.003595  -0.004461  0.216813  -0.023030  0.241133  2.000000  
96.423407 0.002468  0.092160  -0.007030  0.945075  0.323679  0.045446  -0.326552  0.941006  0.088719  -0.014048  -0.098686  0.995019  -0.010326  -0.003958  -0.004219  0.219315  -0.020944  0.218597  2.000000  
96.424646 0.002454  0.092153  -0.007032  0.945142  0.323475  0.045506  -0.326358  0.941051  0.088956  -0.014048  -0.098928  0.994995  -0.010585  -0.004265  -0.003983  0.225690  -0.017852  0.185961  2.000000  
96.425897 0.002440  0.092146  -0.007034  0.945142  0.323458  0.045624  -0.326358  0.941019  0.089299  -0.014048  -0.099290  0.994959  -0.010810  -0.004522  -0.003677  0.230111  -0.015922  0.165332  2.000000  
96.426901 0.002429  0.092141  -0.007035  0.945209  0.323248  0.045723  -0.326163  0.941053  0.089651  -0.014048  -0.099652  0.994923  -0.010927  -0.004709  -0.003450  0.234390  -0.009495  0.145043  2.000000  
96.427901 0.002419  0.092137  -0.007036  0.945274  0.323030  0.045909  -0.325968  0.941102  0.089845  -0.014182  -0.099893  0.994897  -0.010956  -0.004787  -0.003268  0.238843  -0.011331  0.117060  2.000000  
96.429145 0.002406  0.092132  -0.007035  0.945342  0.322820  0.046008  -0.325773  0.941136  0.090197  -0.014182  -0.100255  0.994861  -0.010943  -0.004811  -0.002818  0.241268  -0.009285  0.095628  2.000000  
96.430149 0.002396  0.092128  -0.007035  0.945342  0.322809  0.046086  -0.325773  0.941114  0.090425  -0.014182  -0.100496  0.994836  -0.010894  -0.004845  -0.002468  0.239464  -0.007378  0.075751  2.000000  
96.431398 0.002384  0.092123  -0.007033  0.945409  0.322598  0.046185  -0.325579  0.941147  0.090777  -0.014182  -0.100858  0.994800  -0.010815  -0.004840  -0.001970  0.243813  -0.005382  0.055085  2.000000  
96.432398 0.002375  0.092121  -0.007031  0.945476  0.322393  0.046244  -0.325384  0.941192  0.091015  -0.014182  -0.101100  0.994775  -0.010700  -0.004742  -0.001491  0.246107  -0.004012  0.040983  2.000000  
96.433410 0.002367  0.092119  -0.007028  0.945476  0.322382  0.046323  -0.325384  0.941169  0.091243  -0.014182  -0.101341  0.994751  -0.010584  -0.004625  -0.001011  0.248198  -0.002702  0.027532  2.000000  
96.434644 0.002356  0.092116  -0.007025  0.945543  0.322171  0.046421  -0.325189  0.941202  0.091595  -0.014182  -0.101703  0.994714  -0.010357  -0.004420  -0.000469  0.248494  -0.001357  0.013771  2.000000  
96.435900 0.002346  0.092112  -0.007022  0.945609  0.321961  0.046519  -0.324995  0.941235  0.091948  -0.014182  -0.102065  0.994677  -0.010057  -0.004140  0.000067  0.252833  0.000680  -0.006884  2.000000  
96.437145 0.002335  0.092109  -0.007019  0.945676  0.321744  0.046657  -0.324800  0.941257  0.092414  -0.014182  -0.102548  0.994627  -0.009795  -0.003872  0.000539  0.261316  0.002731  -0.027540  2.000000  
96.438147 0.002327  0.092106  -0.007017  0.945678  0.321746  0.046609  -0.324801  0.941230  0.092685  -0.014048  -0.102789  0.994604  -0.009556  -0.003692  0.000880  0.261385  0.007897  -0.033976  2.000000  
96.439396 0.002318  0.092103  -0.007013  0.945678  0.321723  0.046765  -0.324801  0.941185  0.093142  -0.014048  -0.103272  0.994554  -0.009250  -0.003450  0.001210  0.267454  0.008527  -0.040527  2.000000  
96.440646 0.002309  0.092099  -0.007010  0.945745  0.321507  0.046902  -0.324606  0.941206  0.093608  -0.014048  -0.103754  0.994504  -0.008876  -0.003197  0.001591  0.278116  0.005519  -0.055097  2.000000  
96.441896 0.002301  0.092096  -0.007007  0.945745  0.321484  0.047058  -0.324606  0.941160  0.094065  -0.014048  -0.104237  0.994453  -0.008547  -0.003017  0.001861  0.286330  0.006230  -0.061973  2.000000  
96.442900 0.002295  0.092093  -0.007004  0.945745  0.321467  0.047175  -0.324606  0.941126  0.094407  -0.014048  -0.104599  0.994415  -0.008249  -0.002890  0.002115  0.292106  0.006881  -0.068278  2.000000  
96.444146 0.002289  0.092091  -0.007000  0.945745  0.321444  0.047331  -0.324606  0.941080  0.094864  -0.014048  -0.105081  0.994364  -0.007783  -0.002690  0.002361  0.302772  0.007659  -0.075724  2.000000  
96.445398 0.002283  0.092090  -0.006995  0.945747  0.321440  0.047322  -0.324607  0.941041  0.095250  -0.013915  -0.105443  0.994328  -0.007332  -0.002462  0.002628  0.306805  0.012155  -0.075258  2.000000  
96.446404 0.002278  0.092088  -0.006992  0.945680  0.321611  0.047497  -0.324801  0.940928  0.095697  -0.013915  -0.105925  0.994277  -0.006997  -0.002320  0.002772  0.310736  0.011484  -0.068360  2.000000  
96.447647 0.002274  0.092089  -0.006986  0.945680  0.321588  0.047653  -0.324801  0.940882  0.096153  -0.013915  -0.106408  0.994225  -0.006568  -0.002105  0.002946  0.319035  0.011514  -0.068387  2.000000  
96.448648 0.002271  0.092089  -0.006981  0.945680  0.321570  0.047770  -0.324801  0.940847  0.096495  -0.013915  -0.106770  0.994186  -0.006204  -0.001937  0.003110  0.320668  0.011447  -0.067866  2.000000  
96.449897 0.002267  0.092088  -0.006975  0.945682  0.321566  0.047762  -0.324802  0.940807  0.096881  -0.013781  -0.107132  0.994149  -0.005786  -0.001805  0.003288  0.320433  0.015901  -0.067357  2.000000  
96.451143 0.002264  0.092088  -0.006969  0.945615  0.321737  0.047938  -0.324997  0.940694  0.097328  -0.013781  -0.107614  0.994097  -0.005293  -0.001542  0.003535  0.324323  0.015221  -0.060512  2.000000  
96.452144 0.002262  0.092089  -0.006964  0.945617  0.321733  0.047929  -0.324997  0.940654  0.097713  -0.013647  -0.107976  0.994060  -0.004911  -0.001349  0.003676  0.324224  0.018972  -0.053222  2.000000  
96.453144 0.002259  0.092089  -0.006959  0.945617  0.321716  0.048046  -0.324997  0.940618  0.098055  -0.013647  -0.108338  0.994020  -0.004533  -0.001136  0.003849  0.327084  0.019159  -0.053684  2.000000  
96.454392 0.002257  0.092090  -0.006952  0.945550  0.321886  0.048222  -0.325192  0.940504  0.098502  -0.013647  -0.108820  0.993968  -0.004057  -0.000868  0.004088  0.332204  0.017589  -0.039568  2.000000  
96.455392 0.002256  0.092090  -0.006948  0.945550  0.321868  0.048340  -0.325192  0.940468  0.098844  -0.013647  -0.109182  0.993928  -0.003599  -0.000599  0.004256  0.336207  0.017599  -0.039558  2.000000  
96.456396 0.002255  0.092090  -0.006942  0.945483  0.322044  0.048477  -0.325386  0.940366  0.099176  -0.013647  -0.109543  0.993888  -0.003301  -0.000442  0.004434  0.336133  0.016184  -0.025910  2.000000  
96.457400 0.002254  0.092091  -0.006938  0.945483  0.322021  0.048633  -0.325386  0.940318  0.099633  -0.013647  -0.110025  0.993835  -0.002936  -0.000239  0.004512  0.346804  0.015594  -0.019226  2.000000  
96.458641 0.002253  0.092091  -0.006933  0.945417  0.322205  0.048684  -0.325582  0.940198  0.100122  -0.013513  -0.110508  0.993783  -0.002513  -0.000057  0.004593  0.347973  0.023626  -0.011300  2.000000  
96.459650 0.002253  0.092091  -0.006929  0.945417  0.322187  0.048802  -0.325582  0.940161  0.100464  -0.013513  -0.110869  0.993743  -0.002136  0.000116  0.004654  0.354824  0.023093  -0.004505  2.000000  
96.460895 0.002253  0.092091  -0.006925  0.945417  0.322157  0.048997  -0.325582  0.940100  0.101034  -0.013513  -0.111472  0.993676  -0.001842  0.000168  0.004601  0.364012  0.022182  0.002366  2.000000  
96.461904 0.002253  0.092091  -0.006922  0.945352  0.322347  0.049010  -0.325777  0.939992  0.101410  -0.013379  -0.111834  0.993637  -0.001553  0.000178  0.004449  0.366776  0.026090  0.009750  2.000000  
96.462905 0.002252  0.092090  -0.006920  0.945352  0.322323  0.049166  -0.325777  0.939943  0.101866  -0.013379  -0.112316  0.993582  -0.001367  0.000117  0.004275  0.374789  0.025344  0.016636  2.000000  
96.464147 0.002253  0.092090  -0.006918  0.945285  0.322493  0.049343  -0.325972  0.939827  0.102312  -0.013379  -0.112798  0.993528  -0.001125  0.000079  0.004035  0.378902  0.023869  0.030419  2.000000  
96.465396 0.002252  0.092089  -0.006916  0.945285  0.322469  0.049500  -0.325972  0.939777  0.102768  -0.013379  -0.113280  0.993473  -0.000888  0.000059  0.003788  0.378640  0.023098  0.037295  2.000000  
96.466410 0.002252  0.092088  -0.006914  0.945287  0.322465  0.049491  -0.325972  0.939735  0.103153  -0.013246  -0.113642  0.993433  -0.000740  -0.000043  0.003505  0.382576  0.027547  0.037774  2.000000  
96.467650 0.002251  0.092087  -0.006912  0.945219  0.322635  0.049669  -0.326167  0.939618  0.103599  -0.013246  -0.114124  0.993378  -0.000572  -0.000114  0.003250  0.382530  0.026038  0.051557  2.000000  
96.468893 0.002251  0.092086  -0.006909  0.945221  0.322625  0.049700  -0.326167  0.939563  0.104098  -0.013112  -0.114606  0.993324  -0.000478  -0.000194  0.003059  0.383461  0.025804  0.051147  2.000000  
96.469894 0.002250  0.092085  -0.006907  0.945221  0.322607  0.049818  -0.326167  0.939525  0.104440  -0.013112  -0.114967  0.993283  -0.000438  -0.000298  0.002809  0.383528  0.025790  0.051165  2.000000  
96.471141 0.002249  0.092085  -0.006905  0.945156  0.322797  0.049831  -0.326362  0.939415  0.104815  -0.012978  -0.115329  0.993243  -0.000428  -0.000361  0.002558  0.379344  0.028700  0.065316  2.000000  
96.472145 0.002248  0.092085  -0.006904  0.945156  0.322779  0.049948  -0.326362  0.939377  0.105156  -0.012978  -0.115690  0.993201  -0.000404  -0.000380  0.002364  0.382604  0.028923  0.065888  2.000000  
96.473408 0.002247  0.092084  -0.006902  0.945157  0.322769  0.049979  -0.326363  0.939321  0.105656  -0.012844  -0.116173  0.993146  -0.000415  -0.000445  0.002051  0.383307  0.033075  0.065817  2.000000  
96.474667 0.002246  0.092084  -0.006901  0.945157  0.322745  0.050136  -0.326363  0.939270  0.106111  -0.012844  -0.116654  0.993090  -0.000480  -0.000470  0.001832  0.382169  0.028825  0.065840  2.000000  
96.475907 0.002245  0.092084  -0.006899  0.945159  0.322741  0.050128  -0.326364  0.939226  0.106496  -0.012711  -0.117016  0.993049  -0.000530  -0.000483  0.001703  0.379269  0.033015  0.065847  2.000000  
96.477145 0.002244  0.092084  -0.006897  0.945160  0.322732  0.050159  -0.326364  0.939169  0.106996  -0.012577  -0.117498  0.992993  -0.000575  -0.000434  0.001628  0.379953  0.038242  0.059635  2.000000  
96.478146 0.002243  0.092084  -0.006897  0.945160  0.322720  0.050237  -0.326364  0.939143  0.107223  -0.012577  -0.117739  0.992965  -0.000607  -0.000419  0.001557  0.374428  0.038485  0.060062  2.000000  
96.479399 0.002243  0.092084  -0.006897  0.945162  0.322710  0.050268  -0.326365  0.939086  0.107722  -0.012443  -0.118221  0.992909  -0.000671  -0.000397  0.001403  0.375302  0.038134  0.059569  2.000000  
96.480646 0.002242  0.092083  -0.006896  0.945164  0.322701  0.050299  -0.326365  0.939028  0.108221  -0.012309  -0.118703  0.992854  -0.000673  -0.000400  0.001285  0.375396  0.043312  0.053274  2.000000  
96.481646 0.002241  0.092082  -0.006898  0.945164  0.322688  0.050377  -0.326365  0.939002  0.108449  -0.012309  -0.118944  0.992825  -0.000705  -0.000408  0.001069  0.375424  0.043303  0.053288  2.000000  
96.482648 0.002241  0.092081  -0.006898  0.945164  0.322670  0.050495  -0.326365  0.938962  0.108791  -0.012309  -0.119305  0.992781  -0.000693  -0.000414  0.000922  0.374454  0.039170  0.053236  2.000000  
96.483895 0.002242  0.092080  -0.006899  0.945165  0.322661  0.050526  -0.326366  0.938904  0.109290  -0.012175  -0.119787  0.992725  -0.000598  -0.000426  0.000623  0.374521  0.044399  0.046892  2.000000  
96.485141 0.002242  0.092079  -0.006901  0.945165  0.322636  0.050682  -0.326366  0.938851  0.109745  -0.012175  -0.120268  0.992667  -0.000520  -0.000416  0.000403  0.374572  0.044382  0.046920  2.000000  
96.486143 0.002243  0.092079  -0.006902  0.945167  0.322633  0.050674  -0.326366  0.938806  0.110130  -0.012042  -0.120630  0.992625  -0.000405  -0.000399  0.000149  0.374703  0.049635  0.040584  2.000000  
96.487145 0.002244  0.092079  -0.006903  0.945167  0.322615  0.050792  -0.326366  0.938766  0.110472  -0.012042  -0.120991  0.992581  -0.000310  -0.000401  0.000042  0.371635  0.049213  0.040270  2.000000  
96.488391 0.002245  0.092078  -0.006903  0.945168  0.322611  0.050783  -0.326367  0.938720  0.110857  -0.011908  -0.121352  0.992538  -0.000123  -0.000409  -0.000072  0.367610  0.049982  0.033467  2.000000  
96.489397 0.002247  0.092079  -0.006903  0.945168  0.322593  0.050901  -0.326367  0.938680  0.111198  -0.011908  -0.121714  0.992494  0.000038  -0.000376  -0.000175  0.367602  0.049969  0.033484  2.000000  
96.490406 0.002248  0.092079  -0.006903  0.945170  0.322590  0.050893  -0.326367  0.938634  0.111583  -0.011774  -0.122075  0.992451  0.000244  -0.000311  -0.000290  0.362401  0.054818  0.034302  2.000000  
96.491643 0.002250  0.092080  -0.006903  0.945170  0.322571  0.051010  -0.326367  0.938593  0.111925  -0.011774  -0.122436  0.992407  0.000396  -0.000285  -0.000342  0.359612  0.050745  0.026712  2.000000  
96.492650 0.002252  0.092080  -0.006903  0.945170  0.322553  0.051128  -0.326367  0.938552  0.112266  -0.011774  -0.122797  0.992362  0.000522  -0.000272  -0.000435  0.354528  0.051165  0.026965  2.000000  
96.493896 0.002253  0.092081  -0.006903  0.945171  0.322550  0.051119  -0.326368  0.938506  0.112651  -0.011640  -0.123158  0.992319  0.000713  -0.000150  -0.000439  0.351653  0.055967  0.020469  2.000000  
96.495146 0.002255  0.092083  -0.006903  0.945171  0.322531  0.051237  -0.326368  0.938465  0.112993  -0.011640  -0.123520  0.992274  0.000889  -0.000026  -0.000436  0.347566  0.055951  0.020490  2.000000  
96.496150 0.002257  0.092084  -0.006902  0.945240  0.322335  0.051205  -0.326174  0.938485  0.113388  -0.011506  -0.123881  0.992230  0.001061  0.000125  -0.000389  0.346594  0.057250  0.013819  2.000000  
96.497398 0.002259  0.092086  -0.006902  0.945240  0.322316  0.051323  -0.326174  0.938444  0.113730  -0.011506  -0.124242  0.992185  0.001210  0.000324  -0.000287  0.343681  0.057568  0.006907  2.000000  
96.498408 0.002261  0.092088  -0.006902  0.945240  0.322304  0.051401  -0.326174  0.938416  0.113957  -0.011506  -0.124483  0.992155  0.001314  0.000473  -0.000230  0.338238  0.053556  0.006446  2.000000  
96.499647 0.002263  0.092089  -0.006902  0.945174  0.322494  0.051416  -0.326369  0.938303  0.114332  -0.011373  -0.124844  0.992111  0.001453  0.000684  -0.000131  0.334215  0.057210  0.013879  2.000000  
96.500895 0.002265  0.092091  -0.006903  0.945174  0.322475  0.051533  -0.326369  0.938261  0.114673  -0.011373  -0.125205  0.992066  0.001509  0.000835  -0.000068  0.334285  0.053570  0.006490  2.000000  
96.501896 0.002267  0.092092  -0.006904  0.945176  0.322479  0.051486  -0.326369  0.938228  0.114944  -0.011239  -0.125446  0.992037  0.001568  0.000930  -0.000082  0.330247  0.058039  0.007050  2.000000  
96.503144 0.002269  0.092094  -0.006906  0.945176  0.322454  0.051643  -0.326369  0.938172  0.115399  -0.011239  -0.125927  0.991976  0.001573  0.001067  -0.000145  0.331554  0.053128  0.006476  2.000000  
96.504392 0.002270  0.092095  -0.006906  0.945177  0.322451  0.051635  -0.326370  0.938124  0.115784  -0.011105  -0.126288  0.991931  0.001587  0.001115  -0.000210  0.326462  0.058085  0.007109  2.000000  
96.505392 0.002272  0.092096  -0.006907  0.945177  0.322432  0.051752  -0.326370  0.938082  0.116125  -0.011105  -0.126649  0.991885  0.001556  0.001131  -0.000281  0.327568  0.053132  0.006519  2.000000  
96.506405 0.002273  0.092097  -0.006908  0.945110  0.322612  0.051854  -0.326564  0.937987  0.116342  -0.011105  -0.126890  0.991855  0.001538  0.001187  -0.000368  0.326027  0.048247  0.012905  2.000000  
96.507643 0.002274  0.092098  -0.006910  0.945111  0.322603  0.051885  -0.326565  0.937925  0.116840  -0.010971  -0.127371  0.991794  0.001515  0.001155  -0.000491  0.327466  0.052283  0.013368  2.000000  
96.508645 0.002275  0.092098  -0.006912  0.945113  0.322607  0.051838  -0.326565  0.937891  0.117111  -0.010837  -0.127612  0.991765  0.001453  0.001115  -0.000601  0.323393  0.052274  0.013383  2.000000  
96.509650 0.002276  0.092098  -0.006913  0.945113  0.322588  0.051955  -0.326565  0.937849  0.117453  -0.010837  -0.127973  0.991718  0.001404  0.001058  -0.000674  0.326151  0.052715  0.013516  2.000000  
96.510896 0.002276  0.092099  -0.006914  0.945114  0.322585  0.051947  -0.326566  0.937800  0.117837  -0.010704  -0.128334  0.991673  0.001326  0.001008  -0.000744  0.323383  0.052263  0.013421  2.000000  
96.511898 0.002277  0.092099  -0.006914  0.945114  0.322573  0.052026  -0.326566  0.937772  0.118065  -0.010704  -0.128574  0.991642  0.001258  0.000979  -0.000792  0.317947  0.052697  0.013553  2.000000  
96.512898 0.002278  0.092101  -0.006915  0.945115  0.322576  0.051978  -0.326566  0.937737  0.118336  -0.010570  -0.128815  0.991612  0.001180  0.000938  -0.000873  0.313835  0.057149  0.014126  2.000000  
96.514146 0.002278  0.092102  -0.006915  0.945117  0.322574  0.051970  -0.326567  0.937688  0.118720  -0.010436  -0.129176  0.991567  0.001063  0.000866  -0.000864  0.309763  0.057144  0.014150  2.000000  
96.515398 0.002279  0.092102  -0.006917  0.945117  0.322561  0.052049  -0.326567  0.937660  0.118948  -0.010436  -0.129417  0.991535  0.000948  0.000796  -0.000917  0.305661  0.057135  0.014166  2.000000  
96.516399 0.002279  0.092103  -0.006917  0.945118  0.322559  0.052041  -0.326567  0.937611  0.119332  -0.010302  -0.129778  0.991490  0.000877  0.000762  -0.000903  0.305666  0.057131  0.014187  2.000000  
96.517399 0.002279  0.092104  -0.006919  0.945119  0.322562  0.051994  -0.326568  0.937576  0.119603  -0.010169  -0.130018  0.991459  0.000765  0.000709  -0.000938  0.301579  0.061585  0.014769  2.000000  
96.518643 0.002280  0.092105  -0.006920  0.945119  0.322550  0.052072  -0.326568  0.937547  0.119830  -0.010169  -0.130259  0.991428  0.000685  0.000668  -0.000970  0.295105  0.056659  0.014107  2.000000  
96.519644 0.002280  0.092105  -0.006921  0.945120  0.322554  0.052025  -0.326568  0.937512  0.120101  -0.010035  -0.130500  0.991398  0.000584  0.000594  -0.000998  0.293517  0.061595  0.014811  2.000000  
96.520893 0.002279  0.092104  -0.006924  0.945122  0.322551  0.052017  -0.326568  0.937463  0.120486  -0.009901  -0.130861  0.991351  0.000437  0.000526  -0.001031  0.291224  0.061108  0.014717  2.000000  
96.522144 0.002279  0.092104  -0.006926  0.945123  0.322555  0.051970  -0.326569  0.937428  0.120756  -0.009767  -0.131101  0.991321  0.000339  0.000439  -0.001071  0.285409  0.066056  0.015429  2.000000  
96.523407 0.002278  0.092103  -0.006928  0.945124  0.322553  0.051962  -0.326569  0.937378  0.121141  -0.009633  -0.131462  0.991274  0.000235  0.000350  -0.001070  0.283003  0.065494  0.015322  2.000000  
96.524647 0.002277  0.092102  -0.006930  0.945125  0.322551  0.051954  -0.326570  0.937328  0.121525  -0.009500  -0.131823  0.991228  0.000124  0.000238  -0.001163  0.282959  0.069902  0.015913  2.000000  
96.525896 0.002277  0.092101  -0.006932  0.945127  0.322555  0.051906  -0.326570  0.937293  0.121796  -0.009366  -0.132064  0.991197  0.000050  0.000117  -0.001222  0.277139  0.069605  0.022938  2.000000  
96.526898 0.002276  0.092099  -0.006934  0.945127  0.322542  0.051985  -0.326570  0.937263  0.122023  -0.009366  -0.132304  0.991165  -0.000095  -0.000038  -0.001309  0.277083  0.069585  0.022950  2.000000  
