1-Time 2-Px 3-Py 4-Pz 5-R11 6-R21 7-R31 8-R12 9-R22 10-R32 11-R13 12-R23 13-R33 14-Vx 15-Vy 16-Vz 17-Wx 18-Wy 19-Wz 20-state 21-PR11 22-PR21 23-PR31 24-PR12 25-PR22 26-PR32 27-PR13 28-PR23 29-PR33 
60.922378 -0.001581  0.086764  -0.025586  0.970673  0.225163  -0.084238  -0.221970  0.973985  0.045639  0.092323  -0.025602  0.995400  0.000844  0.001192  -0.007239  0.000000  0.000000  0.000000  2.000000  
60.923385 -0.001580  0.086764  -0.025592  0.970627  0.225363  -0.084229  -0.222170  0.973938  0.045657  0.092323  -0.025602  0.995400  0.000841  0.001148  -0.007145  0.000000  0.000000  0.000000  2.000000  
60.924386 -0.001580  0.086763  -0.025599  0.970236  0.226984  -0.084386  -0.223763  0.973559  0.045973  0.092590  -0.025722  0.995372  0.000737  0.000964  -0.007141  0.000000  0.000000  0.000000  2.000000  
60.925633 -0.001581  0.086760  -0.025609  0.969644  0.229409  -0.084633  -0.226151  0.972987  0.046390  0.092989  -0.025842  0.995332  0.000626  0.000687  -0.007137  0.000000  0.000000  0.000000  2.000000  
60.926637 -0.001582  0.086757  -0.025616  0.969199  0.231238  -0.084750  -0.227941  0.972547  0.046844  0.093256  -0.026083  0.995300  0.000501  0.000361  -0.007179  0.040922  0.025755  0.221164  2.000000  
60.927884 -0.001583  0.086752  -0.025625  0.968786  0.232871  -0.085005  -0.229528  0.972151  0.047311  0.093655  -0.026323  0.995257  0.000350  -0.000054  -0.007141  0.054290  0.037796  0.276731  2.000000  
60.928885 -0.001583  0.086749  -0.025632  0.968405  0.234295  -0.085427  -0.230913  0.971806  0.047675  0.094188  -0.026443  0.995203  0.000286  -0.000379  -0.007061  0.062954  0.054503  0.325387  2.000000  
60.930131 -0.001584  0.086746  -0.025638  0.967601  0.237340  -0.086127  -0.233881  0.971060  0.048393  0.095121  -0.026682  0.995108  0.000146  -0.000673  -0.006888  0.080965  0.083204  0.429389  2.000000  
60.931388 -0.001585  0.086744  -0.025644  0.966665  0.240790  -0.087063  -0.237239  0.970204  0.049215  0.096319  -0.026920  0.994986  0.000045  -0.000851  -0.006703  0.100462  0.120517  0.547459  2.000000  
60.932629 -0.001587  0.086742  -0.025654  0.965629  0.244632  -0.087844  -0.240993  0.969236  0.050049  0.097385  -0.027159  0.994876  -0.000208  -0.001172  -0.006781  0.121413  0.152997  0.679433  2.000000  
60.933629 -0.001589  0.086739  -0.025664  0.964804  0.247656  -0.088433  -0.243954  0.968464  0.050633  0.098184  -0.027277  0.994794  -0.000398  -0.001362  -0.006988  0.135735  0.177305  0.783929  2.000000  
60.934630 -0.001590  0.086739  -0.025674  0.964020  0.250478  -0.089030  -0.246715  0.967735  0.051203  0.098982  -0.027396  0.994712  -0.000523  -0.001500  -0.007168  0.149305  0.201556  0.880534  2.000000  
60.935889 -0.001589  0.086740  -0.025683  0.963022  0.254095  -0.089581  -0.250265  0.966788  0.051851  0.099781  -0.027514  0.994629  -0.000544  -0.001522  -0.007216  0.165683  0.225154  1.005092  2.000000  
60.937137 -0.001588  0.086740  -0.025691  0.961827  0.258311  -0.090354  -0.254399  0.965666  0.052627  0.100846  -0.027632  0.994518  -0.000463  -0.001549  -0.007143  0.183602  0.257295  1.143359  2.000000  
60.938138 -0.001587  0.086738  -0.025697  0.960905  0.261523  -0.090920  -0.257544  0.964798  0.053248  0.101645  -0.027750  0.994434  -0.000458  -0.001784  -0.007143  0.198859  0.281227  1.254124  2.000000  
60.939147 -0.001584  0.086736  -0.025705  0.959852  0.265133  -0.091589  -0.261078  0.963809  0.053946  0.102577  -0.027868  0.994335  -0.000249  -0.001863  -0.007142  0.215585  0.309184  1.378388  2.000000  
60.940381 -0.001580  0.086732  -0.025712  0.958540  0.269539  -0.092464  -0.265390  0.962583  0.054796  0.103774  -0.027985  0.994207  0.000103  -0.001943  -0.007033  0.235515  0.345625  1.531531  2.000000  
60.941388 -0.001576  0.086728  -0.025716  0.957553  0.272748  -0.093275  -0.268516  0.961675  0.055504  0.104839  -0.028103  0.994092  0.000410  -0.001996  -0.006759  0.251255  0.378418  1.642160  2.000000  
60.942634 -0.001571  0.086719  -0.025719  0.956205  0.277156  -0.094106  -0.272815  0.960407  0.056488  0.106036  -0.028340  0.993958  0.000785  -0.002279  -0.006369  0.275525  0.414619  1.794896  2.000000  
60.943635 -0.001565  0.086710  -0.025721  0.955135  0.280568  -0.094862  -0.276128  0.959409  0.057345  0.107101  -0.028578  0.993837  0.001238  -0.002634  -0.006093  0.292261  0.447014  1.912725  2.000000  
60.944881 -0.001554  0.086698  -0.025725  0.953635  0.285361  -0.095656  -0.280807  0.957987  0.058383  0.108298  -0.028815  0.993701  0.002014  -0.003255  -0.005884  0.318271  0.482782  2.079346  2.000000  
60.946131 -0.001543  0.086686  -0.025728  0.952286  0.289545  -0.096514  -0.284890  0.956727  0.059255  0.109495  -0.028932  0.993566  0.002800  -0.003997  -0.005706  0.338211  0.519057  2.224628  2.000000  
60.947163 -0.001536  0.086673  -0.025730  0.951303  0.292536  -0.097186  -0.287800  0.955813  0.059939  0.110426  -0.029050  0.993460  0.003410  -0.004641  -0.005303  0.353472  0.546954  2.326220  2.000000  
60.948389 -0.001526  0.086656  -0.025733  0.950131  0.296114  -0.097817  -0.291292  0.954707  0.060687  0.111357  -0.029167  0.993352  0.004252  -0.005661  -0.004666  0.371648  0.575355  2.453098  2.000000  
60.949632 -0.001515  0.086636  -0.025739  0.948945  0.299688  -0.098443  -0.294780  0.953588  0.061441  0.112287  -0.029285  0.993244  0.005093  -0.007017  -0.004218  0.389048  0.603643  2.571873  2.000000  
60.950884 -0.001504  0.086616  -0.025744  0.947622  0.303638  -0.099077  -0.298653  0.952338  0.062125  0.113218  -0.029281  0.993139  0.005728  -0.008308  -0.004071  0.404321  0.631046  2.709301  2.000000  
60.951885 -0.001495  0.086600  -0.025747  0.946685  0.306400  -0.099530  -0.301360  0.951453  0.062612  0.113883  -0.029279  0.993063  0.006233  -0.009373  -0.003841  0.415351  0.651055  2.807138  2.000000  
60.952888 -0.001486  0.086584  -0.025749  0.945803  0.308964  -0.099995  -0.303869  0.950623  0.063081  0.114547  -0.029277  0.992986  0.006806  -0.010466  -0.003534  0.425504  0.670900  2.896567  2.000000  
60.954147 -0.001476  0.086563  -0.025752  0.944772  0.311920  -0.100558  -0.306760  0.949657  0.063636  0.115345  -0.029274  0.992894  0.007309  -0.011629  -0.003112  0.427148  0.687324  2.937287  2.000000  
60.955386 -0.001465  0.086541  -0.025755  0.943874  0.314467  -0.101056  -0.309263  0.948821  0.063996  0.116009  -0.029151  0.992820  0.007710  -0.012886  -0.002848  0.421407  0.696317  2.945091  2.000000  
60.956392 -0.001458  0.086523  -0.025757  0.943048  0.316825  -0.101403  -0.311575  0.948036  0.064413  0.116541  -0.029150  0.992758  0.007929  -0.013817  -0.002758  0.418756  0.698526  2.955810  2.000000  
60.957634 -0.001451  0.086498  -0.025757  0.942022  0.319753  -0.101746  -0.314466  0.947056  0.064779  0.117072  -0.029027  0.992699  0.008097  -0.014937  -0.002571  0.410897  0.707376  3.014321  2.000000  
60.958634 -0.001446  0.086478  -0.025758  0.941328  0.321701  -0.102029  -0.316389  0.946400  0.065000  0.117471  -0.028906  0.992656  0.007909  -0.015442  -0.002424  0.406371  0.702348  3.034865  2.000000  
60.959883 -0.001441  0.086452  -0.025758  0.940484  0.324040  -0.102411  -0.318694  0.945605  0.065308  0.118002  -0.028783  0.992596  0.007502  -0.016506  -0.002167  0.394116  0.689208  3.013362  2.000000  
60.961132 -0.001439  0.086425  -0.025758  0.939700  0.326171  -0.102844  -0.320802  0.944880  0.065482  0.118534  -0.028541  0.992540  0.006969  -0.017503  -0.001959  0.376078  0.668123  2.972097  2.000000  
60.962147 -0.001439  0.086404  -0.025756  0.939044  0.327923  -0.103265  -0.322522  0.944277  0.065730  0.119065  -0.028419  0.992480  0.006516  -0.018001  -0.001724  0.364586  0.655515  2.921143  2.000000  
60.963382 -0.001439  0.086377  -0.025752  0.938117  0.330425  -0.103711  -0.325013  0.943415  0.065837  0.119597  -0.028056  0.992426  0.005821  -0.018601  -0.001229  0.342738  0.643467  2.887349  2.000000  
60.964634 -0.001441  0.086350  -0.025748  0.937250  0.332731  -0.104170  -0.327309  0.942615  0.065925  0.120128  -0.027693  0.992372  0.004892  -0.019149  -0.000571  0.324034  0.631567  2.845708  2.000000  
60.965882 -0.001444  0.086323  -0.025746  0.936461  0.334838  -0.104518  -0.329414  0.941879  0.065951  0.120526  -0.027330  0.992334  0.003956  -0.019554  -0.000111  0.304475  0.618457  2.801711  2.000000  
60.967135 -0.001450  0.086295  -0.025746  0.935751  0.336732  -0.104796  -0.331331  0.941218  0.065798  0.120792  -0.026848  0.992315  0.002736  -0.020119  0.000139  0.277698  0.594178  2.725041  2.000000  
60.968386 -0.001459  0.086267  -0.025748  0.934914  0.339009  -0.104923  -0.333636  0.940414  0.065645  0.120925  -0.026366  0.992311  0.001573  -0.020577  0.000125  0.247349  0.565964  2.657021  2.000000  
60.969637 -0.001469  0.086238  -0.025752  0.934072  0.341283  -0.105051  -0.335939  0.939604  0.065493  0.121058  -0.025884  0.992308  0.000048  -0.021134  0.000126  0.220958  0.532340  2.586770  2.000000  
60.970640 -0.001477  0.086217  -0.025756  0.933432  0.342976  -0.105221  -0.337664  0.939001  0.065277  0.121191  -0.025402  0.992304  -0.001066  -0.021381  0.000029  0.195877  0.502824  2.530498  2.000000  
60.971887 -0.001490  0.086191  -0.025762  0.932720  0.344860  -0.105378  -0.339579  0.938323  0.065083  0.121323  -0.024920  0.992300  -0.002311  -0.021496  -0.000322  0.168622  0.469576  2.454662  2.000000  
60.973137 -0.001503  0.086165  -0.025768  0.931988  0.346734  -0.105703  -0.341487  0.937648  0.064823  0.121589  -0.024318  0.992283  -0.003798  -0.021560  -0.000723  0.135055  0.440634  2.385456  2.000000  
60.974383 -0.001518  0.086140  -0.025774  0.931354  0.348406  -0.105795  -0.343214  0.937044  0.064450  0.121589  -0.023716  0.992297  -0.005037  -0.021544  -0.001097  0.097154  0.403455  2.288521  2.000000  
60.975384 -0.001532  0.086119  -0.025780  0.930646  0.350283  -0.105832  -0.345130  0.936356  0.064214  0.121589  -0.023235  0.992309  -0.006087  -0.021542  -0.001456  0.064518  0.369030  2.217083  2.000000  
60.976390 -0.001546  0.086098  -0.025786  0.930005  0.351966  -0.105883  -0.346854  0.935736  0.063956  0.121589  -0.022753  0.992320  -0.007270  -0.021466  -0.001942  0.042964  0.344826  2.186758  2.000000  
60.977631 -0.001564  0.086072  -0.025794  0.929376  0.353632  -0.105855  -0.348582  0.935122  0.063538  0.121456  -0.022152  0.992350  -0.008359  -0.021407  -0.002645  0.011852  0.302196  2.114977  2.000000  
60.978636 -0.001578  0.086052  -0.025800  0.928800  0.355121  -0.105922  -0.350112  0.934569  0.063259  0.121456  -0.021670  0.992360  -0.009374  -0.021284  -0.003394  -0.011432  0.275459  2.062310  2.000000  
60.979884 -0.001596  0.086028  -0.025807  0.928077  0.356967  -0.106052  -0.352024  0.933882  0.062797  0.121456  -0.020948  0.992376  -0.010419  -0.021054  -0.004083  -0.046309  0.246294  2.000249  2.000000  
60.980885 -0.001609  0.086010  -0.025813  0.927496  0.358440  -0.106165  -0.353552  0.933331  0.062406  0.121456  -0.020346  0.992388  -0.011118  -0.020839  -0.004520  -0.071704  0.225584  1.951034  2.000000  
60.982130 -0.001626  0.085987  -0.025820  0.926693  0.360476  -0.106286  -0.355651  0.932562  0.061967  0.121456  -0.019624  0.992403  -0.011701  -0.020495  -0.004944  -0.097966  0.202833  1.907156  2.000000  
60.983134 -0.001638  0.085971  -0.025826  0.926106  0.361934  -0.106447  -0.357177  0.932012  0.061464  0.121456  -0.018902  0.992417  -0.012144  -0.020069  -0.005294  -0.124823  0.181891  1.879105  2.000000  
60.984379 -0.001652  0.085951  -0.025836  0.925310  0.363951  -0.106493  -0.359279  0.931243  0.060866  0.121323  -0.018059  0.992449  -0.012385  -0.019585  -0.005661  -0.154950  0.151989  1.857950  2.000000  
60.985382 -0.001663  0.085935  -0.025844  0.924807  0.365213  -0.106548  -0.360618  0.930763  0.060294  0.121191  -0.017337  0.992478  -0.012521  -0.019184  -0.005958  -0.178046  0.131121  1.829999  2.000000  
60.986394 -0.001673  0.085919  -0.025853  0.924316  0.366472  -0.106480  -0.361962  0.930281  0.059673  0.120925  -0.016615  0.992523  -0.012533  -0.018793  -0.006224  -0.209319  0.102498  1.795817  2.000000  
60.987636 -0.001683  0.085901  -0.025864  0.923599  0.368292  -0.106423  -0.363876  0.929576  0.059006  0.120659  -0.015773  0.992569  -0.012332  -0.018316  -0.006594  -0.238485  0.077339  1.754007  2.000000  
60.988887 -0.001692  0.085883  -0.025876  0.922938  0.369908  -0.106549  -0.365593  0.928950  0.058253  0.120526  -0.014810  0.992600  -0.011979  -0.017755  -0.006997  -0.269280  0.056308  1.733733  2.000000  
60.990145 -0.001699  0.085866  -0.025891  0.922289  0.371535  -0.106509  -0.367314  0.928314  0.057564  0.120261  -0.013968  0.992644  -0.011318  -0.017111  -0.007524  -0.290866  0.030544  1.718029  2.000000  
60.991387 -0.001705  0.085848  -0.025907  0.921789  0.372766  -0.106541  -0.368655  0.927834  0.056718  0.119995  -0.013005  0.992689  -0.010592  -0.016661  -0.008075  -0.318437  0.005199  1.690194  2.000000  
60.992387 -0.001709  0.085833  -0.025920  0.921363  0.373831  -0.106497  -0.369805  0.927416  0.056076  0.119729  -0.012283  0.992731  -0.009840  -0.016166  -0.008591  -0.341925  -0.020489  1.662274  2.000000  
60.993637 -0.001713  0.085815  -0.025938  0.920858  0.375074  -0.106488  -0.371145  0.926924  0.055343  0.119464  -0.011440  0.992773  -0.008889  -0.015745  -0.009287  -0.362977  -0.045632  1.620513  2.000000  
60.994886 -0.001715  0.085797  -0.025957  0.920352  0.376316  -0.106481  -0.372483  0.926431  0.054610  0.119198  -0.010598  0.992814  -0.007882  -0.015334  -0.010041  -0.383208  -0.070958  1.585643  2.000000  
60.995890 -0.001715  0.085784  -0.025971  0.919998  0.377189  -0.106453  -0.373442  0.926083  0.053946  0.118932  -0.009876  0.992853  -0.006962  -0.014998  -0.010611  -0.398008  -0.083188  1.564756  2.000000  
60.997141 -0.001714  0.085768  -0.025987  0.919580  0.378226  -0.106385  -0.374597  0.925670  0.053028  0.118534  -0.008913  0.992910  -0.005763  -0.014586  -0.011202  -0.422581  -0.103988  1.529892  2.000000  
60.998391 -0.001711  0.085752  -0.026003  0.919223  0.379087  -0.106406  -0.375555  0.925326  0.052252  0.118268  -0.008070  0.992949  -0.004592  -0.014253  -0.011763  -0.435793  -0.115643  1.488511  2.000000  
60.999629 -0.001707  0.085738  -0.026020  0.918865  0.379934  -0.106475  -0.376513  0.924986  0.051363  0.118002  -0.007106  0.992988  -0.003506  -0.013893  -0.012098  -0.456860  -0.126581  1.442845  2.000000  
61.000633 -0.001704  0.085728  -0.026033  0.918662  0.380426  -0.106474  -0.377092  0.924789  0.050655  0.117737  -0.006384  0.993024  -0.002570  -0.013542  -0.012467  -0.469977  -0.138434  1.401859  2.000000  
61.001638 -0.001700  0.085718  -0.026047  0.918380  0.381082  -0.106557  -0.377861  0.924525  0.049744  0.117471  -0.005421  0.993062  -0.001660  -0.013146  -0.012816  -0.495140  -0.151385  1.371887  2.000000  
61.002892 -0.001694  0.085708  -0.026063  0.918190  0.381548  -0.106528  -0.378446  0.924338  0.048761  0.117072  -0.004457  0.993113  -0.000505  -0.012612  -0.013173  -0.513187  -0.172068  1.323450  2.000000  
61.004137 -0.001687  0.085698  -0.026078  0.917907  0.382179  -0.106705  -0.379214  0.924083  0.047627  0.116807  -0.003253  0.993149  0.000407  -0.012109  -0.013309  -0.537905  -0.179401  1.289240  2.000000  
61.005137 -0.001681  0.085692  -0.026090  0.917780  0.382468  -0.106765  -0.379603  0.923966  0.046784  0.116541  -0.002409  0.993183  0.001157  -0.011590  -0.013311  -0.556897  -0.186823  1.234292  2.000000  
61.006141 -0.001676  0.085686  -0.026103  0.917652  0.382757  -0.106825  -0.379993  0.923848  0.045942  0.116275  -0.001566  0.993216  0.001851  -0.011022  -0.013351  -0.575121  -0.194426  1.186371  2.000000  
61.007386 -0.001670  0.085679  -0.026119  0.917460  0.383211  -0.106847  -0.380578  0.923661  0.044847  0.115876  -0.000482  0.993264  0.002612  -0.010272  -0.013243  -0.596590  -0.201914  1.145080  2.000000  
61.008631 -0.001665  0.085672  -0.026134  0.917189  0.383868  -0.106814  -0.381351  0.923388  0.043886  0.115478  0.000482  0.993310  0.003221  -0.009513  -0.013055  -0.611468  -0.212560  1.108678  2.000000  
61.009634 -0.001661  0.085666  -0.026147  0.917075  0.384157  -0.106754  -0.381746  0.923267  0.042993  0.115079  0.001325  0.993355  0.003538  -0.008965  -0.012919  -0.627369  -0.226382  1.062919  2.000000  
61.010883 -0.001658  0.085660  -0.026163  0.916882  0.384625  -0.106733  -0.382330  0.923070  0.042010  0.114680  0.002289  0.993400  0.003810  -0.008281  -0.012835  -0.638590  -0.236755  1.020156  2.000000  
61.011888 -0.001656  0.085654  -0.026176  0.916752  0.384928  -0.106751  -0.382720  0.922942  0.041280  0.114414  0.003013  0.993429  0.003928  -0.007676  -0.012822  -0.651220  -0.246389  0.966657  2.000000  
61.013137 -0.001655  0.085648  -0.026193  0.916623  0.385218  -0.106816  -0.383109  0.922818  0.040437  0.114149  0.003856  0.993456  0.003774  -0.007176  -0.012879  -0.658706  -0.254103  0.905005  2.000000  
61.014381 -0.001655  0.085642  -0.026209  0.916414  0.385685  -0.106920  -0.383687  0.922618  0.039505  0.113883  0.004820  0.993483  0.003588  -0.006601  -0.012872  -0.668812  -0.257517  0.857325  2.000000  
61.015390 -0.001655  0.085637  -0.026224  0.916284  0.385988  -0.106939  -0.384076  0.922487  0.038775  0.113617  0.005544  0.993509  0.003300  -0.006156  -0.012891  -0.672945  -0.256631  0.822983  2.000000  
61.016638 -0.001657  0.085631  -0.026241  0.916089  0.386457  -0.106923  -0.384659  0.922285  0.037792  0.113218  0.006508  0.993549  0.002896  -0.005806  -0.012920  -0.679137  -0.262690  0.789396  2.000000  
61.017643 -0.001659  0.085627  -0.026254  0.916038  0.386557  -0.106998  -0.384860  0.922236  0.036928  0.112952  0.007352  0.993573  0.002349  -0.005500  -0.012944  -0.687917  -0.263788  0.734064  2.000000  
61.018885 -0.001663  0.085621  -0.026271  0.915841  0.387026  -0.106983  -0.385443  0.922031  0.035945  0.112553  0.008316  0.993611  0.001610  -0.005241  -0.013052  -0.693929  -0.269903  0.701177  2.000000  
61.019891 -0.001668  0.085617  -0.026282  0.915710  0.387317  -0.107052  -0.385832  0.921901  0.035103  0.112287  0.009160  0.993634  0.000931  -0.005097  -0.013011  -0.705650  -0.271480  0.659268  2.000000  
61.021135 -0.001674  0.085613  -0.026297  0.915500  0.387772  -0.107209  -0.386409  0.921699  0.034059  0.112021  0.010245  0.993653  0.000157  -0.004897  -0.012910  -0.710495  -0.268582  0.633669  2.000000  
61.022383 -0.001680  0.085609  -0.026310  0.915368  0.388037  -0.107374  -0.386797  0.921574  0.032994  0.111756  0.011330  0.993671  -0.000705  -0.004668  -0.012729  -0.722648  -0.267922  0.599793  2.000000  
61.023630 -0.001689  0.085604  -0.026322  0.915236  0.388315  -0.107492  -0.387186  0.921445  0.032040  0.111490  0.012295  0.993690  -0.001623  -0.004528  -0.012529  -0.730896  -0.267420  0.566028  2.000000  
61.024630 -0.001697  0.085600  -0.026331  0.915184  0.388403  -0.107617  -0.387386  0.921394  0.031065  0.111224  0.013259  0.993707  -0.002338  -0.004402  -0.012254  -0.743067  -0.266975  0.532163  2.000000  
61.025630 -0.001704  0.085596  -0.026339  0.915052  0.388681  -0.107737  -0.387774  0.921262  0.030111  0.110958  0.014224  0.993723  -0.003037  -0.004321  -0.011961  -0.753632  -0.266555  0.511929  2.000000  
61.026632 -0.001713  0.085592  -0.026347  0.914985  0.388794  -0.107891  -0.387968  0.921203  0.029411  0.110825  0.014948  0.993728  -0.003785  -0.004260  -0.011608  -0.756897  -0.261804  0.484855  2.000000  
61.027884 -0.001725  0.085586  -0.026357  0.914867  0.389075  -0.107890  -0.388362  0.921069  0.028406  0.110426  0.015913  0.993757  -0.004662  -0.004255  -0.011145  -0.763328  -0.265855  0.464593  2.000000  
61.029150 -0.001737  0.085579  -0.026366  0.914800  0.389162  -0.108139  -0.388557  0.921015  0.027482  0.110293  0.016877  0.993756  -0.005569  -0.004266  -0.010594  -0.769305  -0.258629  0.434123  2.000000  
61.030380 -0.001750  0.085571  -0.026374  0.914747  0.389264  -0.108219  -0.388756  0.920956  0.026619  0.110027  0.017721  0.993771  -0.006284  -0.004371  -0.010043  -0.768216  -0.258522  0.414030  2.000000  
61.031384 -0.001760  0.085565  -0.026380  0.914694  0.389379  -0.108252  -0.388956  0.920893  0.025867  0.109761  0.018445  0.993787  -0.007032  -0.004470  -0.009406  -0.763470  -0.256152  0.397135  2.000000  
61.032385 -0.001771  0.085558  -0.026386  0.914708  0.389302  -0.108413  -0.388962  0.920911  0.025145  0.109628  0.019169  0.993788  -0.007604  -0.004632  -0.008912  -0.760732  -0.253597  0.373109  2.000000  
61.033630 -0.001785  0.085550  -0.026393  0.914748  0.389231  -0.108330  -0.388979  0.920926  0.024318  0.109229  0.019893  0.993818  -0.008154  -0.004823  -0.008331  -0.753096  -0.255918  0.349933  2.000000  
61.034888 -0.001799  0.085540  -0.026400  0.914695  0.389346  -0.108363  -0.389179  0.920861  0.023566  0.108963  0.020617  0.993832  -0.008744  -0.005119  -0.007845  -0.740499  -0.253259  0.339258  2.000000  
61.036150 -0.001813  0.085531  -0.026407  0.914722  0.389259  -0.108449  -0.389190  0.920878  0.022680  0.108697  0.021461  0.993843  -0.009340  -0.005525  -0.007252  -0.734356  -0.248493  0.318654  2.000000  
61.037384 -0.001827  0.085520  -0.026413  0.914829  0.388996  -0.108492  -0.389013  0.920972  0.021884  0.108431  0.022185  0.993856  -0.009849  -0.005962  -0.006829  -0.727090  -0.246567  0.295962  2.000000  
61.038385 -0.001839  0.085512  -0.026418  0.914855  0.388936  -0.108483  -0.389025  0.920983  0.021221  0.108165  0.022789  0.993872  -0.010182  -0.006283  -0.006493  -0.723988  -0.244169  0.271031  2.000000  
61.039385 -0.001851  0.085503  -0.026421  0.914949  0.388683  -0.108601  -0.388842  0.921074  0.020588  0.108032  0.023392  0.993872  -0.010450  -0.006587  -0.006120  -0.719659  -0.237720  0.255276  2.000000  
61.040633 -0.001865  0.085493  -0.026424  0.915055  0.388421  -0.108643  -0.388665  0.921167  0.019791  0.107766  0.024116  0.993884  -0.010723  -0.006937  -0.005654  -0.713316  -0.230919  0.223151  2.000000  
61.041884 -0.001879  0.085482  -0.026427  0.915082  0.388348  -0.108681  -0.388676  0.921178  0.019017  0.107500  0.024840  0.993895  -0.010915  -0.007289  -0.005140  -0.709074  -0.229063  0.207862  2.000000  
61.043137 -0.001892  0.085472  -0.026427  0.915188  0.388085  -0.108723  -0.388499  0.921269  0.018220  0.107234  0.025564  0.993905  -0.011016  -0.007485  -0.004562  -0.705664  -0.226625  0.182178  2.000000  
61.044382 -0.001906  0.085462  -0.026428  0.915281  0.387819  -0.108886  -0.388316  0.921360  0.017475  0.107101  0.026288  0.993901  -0.011136  -0.007716  -0.003983  -0.704068  -0.222357  0.161699  2.000000  
61.045382 -0.001917  0.085454  -0.026426  0.915388  0.387583  -0.108833  -0.388139  0.921446  0.016902  0.106835  0.026771  0.993916  -0.011183  -0.007863  -0.003463  -0.696674  -0.225278  0.140132  2.000000  
61.046385 -0.001928  0.085446  -0.026425  0.915401  0.387521  -0.108946  -0.388145  0.921455  0.016291  0.106702  0.027374  0.993914  -0.011177  -0.007944  -0.002949  -0.692493  -0.218377  0.120681  2.000000  
61.047395 -0.001938  0.085439  -0.026422  0.915494  0.387281  -0.109014  -0.387962  0.921541  0.015770  0.106569  0.027856  0.993915  -0.011140  -0.007966  -0.002383  -0.681711  -0.214014  0.106979  2.000000  
61.048635 -0.001951  0.085431  -0.026420  0.915587  0.387029  -0.109130  -0.387779  0.921628  0.015136  0.106436  0.028460  0.993912  -0.011117  -0.007950  -0.001731  -0.670245  -0.208079  0.085706  2.000000  
61.049881 -0.001964  0.085423  -0.026416  0.915680  0.386777  -0.109245  -0.387596  0.921715  0.014503  0.106303  0.029063  0.993909  -0.011035  -0.007796  -0.001092  -0.661352  -0.199682  0.058439  2.000000  
61.050883 -0.001975  0.085418  -0.026414  0.915693  0.386727  -0.109310  -0.387601  0.921721  0.014004  0.106169  0.029545  0.993909  -0.010976  -0.007663  -0.000580  -0.648610  -0.197172  0.038350  2.000000  
61.051885 -0.001985  0.085412  -0.026412  0.915706  0.386691  -0.109329  -0.387607  0.921724  0.013617  0.106036  0.029908  0.993912  -0.010898  -0.007488  -0.000058  -0.633012  -0.192779  0.031497  2.000000  
61.052886 -0.001995  0.085407  -0.026409  0.915719  0.386642  -0.109394  -0.387612  0.921729  0.013118  0.105903  0.030390  0.993912  -0.010769  -0.007259  0.000499  -0.622246  -0.193037  0.017870  2.000000  
61.054141 -0.002007  0.085401  -0.026406  0.915732  0.386592  -0.109459  -0.387618  0.921734  0.012619  0.105770  0.030873  0.993911  -0.010631  -0.006959  0.000943  -0.603263  -0.188798  0.004169  2.000000  
61.055383 -0.002018  0.085396  -0.026403  0.915758  0.386534  -0.109448  -0.387629  0.921738  0.011956  0.105504  0.031477  0.993921  -0.010404  -0.006580  0.001438  -0.584483  -0.184647  -0.009516  2.000000  
61.056386 -0.002026  0.085393  -0.026399  0.915758  0.386494  -0.109589  -0.387629  0.921742  0.011621  0.105504  0.031838  0.993909  -0.010188  -0.006204  0.001826  -0.572973  -0.180310  -0.016398  2.000000  
61.057632 -0.002036  0.085388  -0.026395  0.915771  0.386445  -0.109654  -0.387634  0.921746  0.011122  0.105371  0.032321  0.993908  -0.009977  -0.005859  0.002155  -0.558282  -0.171704  -0.030246  2.000000  
61.058634 -0.002043  0.085385  -0.026391  0.915704  0.386612  -0.109623  -0.387828  0.921668  0.010869  0.105238  0.032563  0.993914  -0.009661  -0.005432  0.002467  -0.537757  -0.171678  -0.030145  2.000000  
61.059883 -0.002051  0.085382  -0.026387  0.915637  0.386752  -0.109686  -0.388022  0.921591  0.010392  0.105105  0.033045  0.993912  -0.009290  -0.005043  0.002701  -0.525660  -0.167247  -0.030154  2.000000  
61.060886 -0.002057  0.085380  -0.026383  0.915557  0.386915  -0.109778  -0.388211  0.921514  0.010191  0.105105  0.033286  0.993904  -0.008987  -0.004684  0.002844  -0.509826  -0.162918  -0.030218  2.000000  
61.062134 -0.002063  0.085376  -0.026377  0.915490  0.387069  -0.109794  -0.388405  0.921436  0.009827  0.104972  0.033648  0.993906  -0.008498  -0.004290  0.003050  -0.496262  -0.156780  -0.023157  2.000000  
61.063138 -0.002067  0.085374  -0.026372  0.915410  0.387219  -0.109933  -0.388593  0.921360  0.009514  0.104972  0.034010  0.993893  -0.008046  -0.003942  0.003269  -0.487397  -0.147679  -0.016499  2.000000  
61.064382 -0.002072  0.085372  -0.026366  0.915330  0.387369  -0.110072  -0.388782  0.921284  0.009201  0.104972  0.034372  0.993881  -0.007521  -0.003593  0.003465  -0.470316  -0.139735  -0.009908  2.000000  
61.065387 -0.002075  0.085371  -0.026360  0.915250  0.387532  -0.110164  -0.388970  0.921206  0.009000  0.104972  0.034613  0.993873  -0.006959  -0.003265  0.003705  -0.458034  -0.130735  -0.010099  2.000000  
61.066632 -0.002079  0.085369  -0.026353  0.915103  0.387875  -0.110179  -0.389353  0.921048  0.008659  0.104839  0.034975  0.993874  -0.006337  -0.002874  0.003948  -0.444113  -0.124660  0.010382  2.000000  
61.067880 -0.002081  0.085369  -0.026347  0.914943  0.388214  -0.110317  -0.389729  0.920891  0.008369  0.104839  0.035337  0.993861  -0.005720  -0.002526  0.004155  -0.430450  -0.115321  0.023831  2.000000  
61.068883 -0.002082  0.085369  -0.026341  0.914862  0.388377  -0.110410  -0.389918  0.920814  0.008168  0.104839  0.035578  0.993853  -0.005157  -0.002228  0.004410  -0.416482  -0.106931  0.037596  2.000000  
61.069887 -0.002083  0.085369  -0.026335  0.914795  0.388544  -0.110380  -0.390111  0.920734  0.007915  0.104706  0.035819  0.993858  -0.004551  -0.001903  0.004675  -0.403321  -0.106657  0.044502  2.000000  
61.071133 -0.002083  0.085370  -0.026327  0.914634  0.388896  -0.110471  -0.390488  0.920575  0.007738  0.104706  0.036061  0.993849  -0.003917  -0.001575  0.004856  -0.385706  -0.096226  0.064377  2.000000  
61.072136 -0.002082  0.085372  -0.026322  0.914554  0.389059  -0.110564  -0.390676  0.920497  0.007537  0.104706  0.036302  0.993840  -0.003236  -0.001197  0.005015  -0.372929  -0.091549  0.071117  2.000000  
61.073382 -0.002082  0.085373  -0.026315  0.914406  0.389416  -0.110533  -0.391058  0.920337  0.007307  0.104573  0.036543  0.993846  -0.002684  -0.000903  0.005112  -0.353331  -0.087097  0.092228  2.000000  
61.074385 -0.002081  0.085374  -0.026310  0.914325  0.389592  -0.110579  -0.391247  0.920258  0.007218  0.104573  0.036664  0.993841  -0.002120  -0.000601  0.005251  -0.335528  -0.077627  0.105717  2.000000  
61.075633 -0.002079  0.085375  -0.026304  0.914164  0.389944  -0.110670  -0.391623  0.920099  0.007040  0.104573  0.036905  0.993832  -0.001585  -0.000316  0.005342  -0.321215  -0.072448  0.126276  2.000000  
61.076636 -0.002078  0.085376  -0.026298  0.914083  0.390120  -0.110716  -0.391811  0.920019  0.006952  0.104573  0.037025  0.993828  -0.001098  -0.000071  0.005438  -0.304983  -0.066909  0.138753  2.000000  
61.077882 -0.002077  0.085377  -0.026292  0.913922  0.390485  -0.110761  -0.392188  0.919859  0.006886  0.104573  0.037146  0.993823  -0.000625  0.000182  0.005423  -0.287310  -0.061940  0.152246  2.000000  
61.079145 -0.002076  0.085377  -0.026285  0.913760  0.390851  -0.110805  -0.392564  0.919699  0.006820  0.104573  0.037267  0.993819  -0.000248  0.000323  0.005442  -0.268982  -0.056749  0.172588  2.000000  
61.080386 -0.002075  0.085377  -0.026280  0.913680  0.391026  -0.110851  -0.392752  0.919620  0.006731  0.104573  0.037387  0.993814  0.000016  0.000417  0.005366  -0.249355  -0.047687  0.187470  2.000000  
61.081469 -0.002074  0.085377  -0.026274  0.913599  0.391202  -0.110897  -0.392940  0.919540  0.006642  0.104573  0.037508  0.993810  0.000307  0.000517  0.005316  -0.239833  -0.042798  0.193679  2.000000  
61.082633 -0.002074  0.085376  -0.026268  0.913518  0.391378  -0.110943  -0.393128  0.919460  0.006553  0.104573  0.037628  0.993805  0.000486  0.000530  0.005314  -0.225701  -0.037819  0.199319  2.000000  
61.083880 -0.002074  0.085376  -0.026263  0.913356  0.391757  -0.110941  -0.393504  0.919299  0.006599  0.104573  0.037628  0.993805  0.000543  0.000492  0.005180  -0.204074  -0.032834  0.212839  2.000000  
61.084887 -0.002074  0.085376  -0.026258  0.913275  0.391932  -0.110987  -0.393692  0.919219  0.006511  0.104573  0.037749  0.993801  0.000585  0.000439  0.005075  -0.192816  -0.028306  0.221331  2.000000  
61.086148 -0.002075  0.085376  -0.026253  0.913194  0.392108  -0.111033  -0.393880  0.919139  0.006422  0.104573  0.037869  0.993796  0.000544  0.000349  0.004955  -0.179799  -0.023494  0.227968  2.000000  
61.087384 -0.002076  0.085375  -0.026247  0.913113  0.392297  -0.111032  -0.394068  0.919059  0.006445  0.104573  0.037869  0.993796  0.000404  0.000212  0.004845  -0.162843  -0.018709  0.234773  2.000000  
61.088386 -0.002077  0.085375  -0.026244  0.913113  0.392284  -0.111079  -0.394068  0.919059  0.006333  0.104573  0.037990  0.993791  0.000269  0.000148  0.004772  -0.158189  -0.014297  0.225860  2.000000  
61.089633 -0.002079  0.085376  -0.026238  0.913032  0.392473  -0.111078  -0.394256  0.918979  0.006356  0.104573  0.037990  0.993791  0.000055  0.000066  0.004700  -0.146064  -0.014257  0.225870  2.000000  
61.090634 -0.002082  0.085375  -0.026233  0.912950  0.392649  -0.111124  -0.394444  0.918899  0.006268  0.104573  0.038110  0.993787  -0.000169  -0.000015  0.004666  -0.137270  -0.009499  0.232530  2.000000  
61.091635 -0.002084  0.085375  -0.026229  0.912950  0.392649  -0.111124  -0.394444  0.918899  0.006268  0.104573  0.038110  0.993787  -0.000365  -0.000070  0.004610  -0.127647  -0.010033  0.220737  2.000000  
61.092881 -0.002087  0.085374  -0.026224  0.912869  0.392825  -0.111171  -0.394632  0.918818  0.006179  0.104573  0.038231  0.993782  -0.000695  -0.000189  0.004560  -0.119528  -0.005486  0.220617  2.000000  
61.093883 -0.002090  0.085373  -0.026219  0.912869  0.392825  -0.111171  -0.394632  0.918818  0.006179  0.104573  0.038231  0.993782  -0.000960  -0.000251  0.004497  -0.115186  -0.005674  0.211919  2.000000  
61.095136 -0.002094  0.085372  -0.026215  0.912869  0.392825  -0.111171  -0.394632  0.918818  0.006179  0.104573  0.038231  0.993782  -0.001294  -0.000349  0.004396  -0.100568  -0.005922  0.206820  2.000000  
61.096142 -0.002097  0.085371  -0.026210  0.912869  0.392825  -0.111171  -0.394632  0.918818  0.006179  0.104573  0.038231  0.993782  -0.001565  -0.000430  0.004362  -0.089774  -0.001896  0.192849  2.000000  
61.097385 -0.002101  0.085369  -0.026205  0.912788  0.393014  -0.111169  -0.394820  0.918738  0.006202  0.104573  0.038231  0.993782  -0.001820  -0.000506  0.004282  -0.081634  -0.001873  0.192877  2.000000  
61.098457 -0.002103  0.085368  -0.026200  0.912788  0.393014  -0.111169  -0.394820  0.918738  0.006202  0.104573  0.038231  0.993782  -0.001963  -0.000564  0.004266  -0.074741  -0.002353  0.178674  2.000000  
61.099629 -0.002106  0.085366  -0.026196  0.912788  0.393014  -0.111169  -0.394820  0.918738  0.006202  0.104573  0.038231  0.993782  -0.002158  -0.000628  0.004233  0.000000  0.000000  0.000000  2.000000  
61.100630 -0.002108  0.085365  -0.026192  0.912788  0.393014  -0.111169  -0.394820  0.918738  0.006202  0.104573  0.038231  0.993782  -0.002266  -0.000722  0.004223  0.000000  0.000000  0.000000  2.000000  
61.101631 -0.002111  0.085364  -0.026188  0.912788  0.393014  -0.111169  -0.394820  0.918738  0.006202  0.104573  0.038231  0.993782  -0.002342  -0.000813  0.004141  0.000000  0.000000  0.000000  2.000000  
61.102638 -0.002112  0.085363  -0.026185  0.912801  0.393018  -0.111047  -0.394826  0.918735  0.006149  0.104440  0.038231  0.993796  -0.002435  -0.000872  0.004136  0.000000  0.000000  0.000000  2.000000  
61.103639 -0.002114  0.085362  -0.026181  0.912882  0.392829  -0.111049  -0.394638  0.918816  0.006126  0.104440  0.038231  0.993796  -0.002441  -0.000944  0.004094  0.000000  0.000000  0.000000  2.000000  
61.104887 -0.002115  0.085361  -0.026176  0.912882  0.392829  -0.111049  -0.394638  0.918816  0.006126  0.104440  0.038231  0.993796  -0.002370  -0.000999  0.004056  0.000000  0.000000  0.000000  2.000000  
61.106162 -0.002117  0.085360  -0.026172  0.912882  0.392829  -0.111049  -0.394638  0.918816  0.006126  0.104440  0.038231  0.993796  -0.002272  -0.001054  0.003925  0.000000  0.000000  0.000000  2.000000  
61.107385 -0.002117  0.085359  -0.026168  0.912882  0.392829  -0.111049  -0.394638  0.918816  0.006126  0.104440  0.038231  0.993796  -0.002112  -0.001025  0.003851  0.000000  0.000000  0.000000  2.000000  
61.108634 -0.002118  0.085358  -0.026163  0.912882  0.392843  -0.111001  -0.394638  0.918816  0.006238  0.104440  0.038111  0.993801  -0.001910  -0.001015  0.003781  0.000000  0.000000  0.000000  2.000000  
61.109884 -0.002118  0.085359  -0.026159  0.912895  0.392847  -0.110879  -0.394643  0.918814  0.006185  0.104307  0.038111  0.993815  -0.001605  -0.000894  0.003769  0.000000  0.000000  0.000000  2.000000  
61.110884 -0.002118  0.085358  -0.026156  0.912895  0.392847  -0.110879  -0.394643  0.918814  0.006185  0.104307  0.038111  0.993815  -0.001395  -0.000839  0.003708  0.000000  0.000000  0.000000  2.000000  
61.112138 -0.002116  0.085359  -0.026151  0.912976  0.392672  -0.110832  -0.394455  0.918894  0.006274  0.104307  0.037991  0.993819  -0.001056  -0.000673  0.003662  0.000000  0.000000  0.000000  2.000000  
61.113379 -0.002115  0.085360  -0.026147  0.912976  0.392672  -0.110832  -0.394455  0.918894  0.006274  0.104307  0.037991  0.993819  -0.000781  -0.000543  0.003584  0.000000  0.000000  0.000000  2.000000  
61.114382 -0.002114  0.085361  -0.026143  0.912976  0.392672  -0.110832  -0.394455  0.918894  0.006274  0.104307  0.037991  0.993819  -0.000500  -0.000380  0.003598  0.000000  0.000000  0.000000  2.000000  
61.115635 -0.002111  0.085363  -0.026139  0.912976  0.392685  -0.110785  -0.394455  0.918893  0.006385  0.104307  0.037870  0.993824  -0.000136  -0.000146  0.003517  0.000000  0.000000  0.000000  2.000000  
61.116881 -0.002109  0.085364  -0.026135  0.912976  0.392685  -0.110785  -0.394455  0.918893  0.006385  0.104307  0.037870  0.993824  0.000187  0.000068  0.003461  0.000000  0.000000  0.000000  2.000000  
61.117883 -0.002107  0.085366  -0.026133  0.912976  0.392699  -0.110737  -0.394455  0.918892  0.006496  0.104307  0.037750  0.993828  0.000414  0.000261  0.003386  0.000000  0.000000  0.000000  2.000000  
61.119145 -0.002104  0.085368  -0.026129  0.912976  0.392699  -0.110737  -0.394455  0.918892  0.006496  0.104307  0.037750  0.993828  0.000745  0.000502  0.003335  0.000000  0.000000  0.000000  2.000000  
61.120388 -0.002102  0.085371  -0.026126  0.912976  0.392699  -0.110737  -0.394455  0.918892  0.006496  0.104307  0.037750  0.993828  0.000989  0.000720  0.003231  0.000000  0.000000  0.000000  2.000000  
61.121641 -0.002099  0.085373  -0.026124  0.912895  0.392901  -0.110688  -0.394643  0.918810  0.006631  0.104307  0.037629  0.993833  0.001243  0.000936  0.003087  0.000000  0.000000  0.000000  2.000000  
61.122885 -0.002096  0.085376  -0.026121  0.912895  0.392901  -0.110688  -0.394643  0.918810  0.006631  0.104307  0.037629  0.993833  0.001480  0.001178  0.002977  0.000000  0.000000  0.000000  2.000000  
61.124136 -0.002093  0.085379  -0.026119  0.912895  0.392915  -0.110641  -0.394643  0.918810  0.006742  0.104307  0.037509  0.993838  0.001656  0.001354  0.002849  0.000000  0.000000  0.000000  2.000000  
61.125385 -0.002089  0.085382  -0.026117  0.912895  0.392915  -0.110641  -0.394643  0.918810  0.006742  0.104307  0.037509  0.993838  0.001898  0.001616  0.002680  0.000000  0.000000  0.000000  2.000000  
61.126634 -0.002086  0.085385  -0.026115  0.912813  0.393117  -0.110591  -0.394831  0.918728  0.006876  0.104307  0.037388  0.993842  0.002057  0.001766  0.002486  0.000000  0.000000  0.000000  2.000000  
61.127635 -0.002084  0.085387  -0.026114  0.912813  0.393117  -0.110591  -0.394831  0.918728  0.006876  0.104307  0.037388  0.993842  0.002165  0.001897  0.002355  0.000000  0.000000  0.000000  2.000000  
61.128885 -0.002080  0.085390  -0.026112  0.912813  0.393117  -0.110591  -0.394831  0.918728  0.006876  0.104307  0.037388  0.993842  0.002295  0.002027  0.002147  0.000000  0.000000  0.000000  2.000000  
61.129885 -0.002077  0.085393  -0.026111  0.912719  0.393315  -0.110664  -0.395014  0.918648  0.007063  0.104440  0.037267  0.993833  0.002347  0.002089  0.001990  0.000000  0.000000  0.000000  2.000000  
61.131133 -0.002074  0.085396  -0.026110  0.912719  0.393315  -0.110664  -0.395014  0.918648  0.007063  0.104440  0.037267  0.993833  0.002422  0.002160  0.001835  0.000000  0.000000  0.000000  2.000000  
61.132138 -0.002071  0.085398  -0.026108  0.912719  0.393329  -0.110617  -0.395014  0.918647  0.007175  0.104440  0.037147  0.993837  0.002450  0.002192  0.001723  0.000000  0.000000  0.000000  2.000000  
61.133382 -0.002068  0.085401  -0.026107  0.912638  0.393518  -0.110615  -0.395201  0.918566  0.007198  0.104440  0.037147  0.993837  0.002525  0.002262  0.001573  0.000000  0.000000  0.000000  2.000000  
61.134385 -0.002065  0.085403  -0.026106  0.912638  0.393531  -0.110567  -0.395201  0.918565  0.007309  0.104440  0.037026  0.993842  0.002579  0.002321  0.001514  0.000000  0.000000  0.000000  2.000000  
61.135640 -0.002062  0.085406  -0.026104  0.912638  0.393531  -0.110567  -0.395201  0.918565  0.007309  0.104440  0.037026  0.993842  0.002596  0.002316  0.001434  0.000000  0.000000  0.000000  2.000000  
61.136642 -0.002059  0.085408  -0.026103  0.912638  0.393531  -0.110567  -0.395201  0.918565  0.007309  0.104440  0.037026  0.993842  0.002646  0.002335  0.001371  0.000000  0.000000  0.000000  2.000000  
61.137885 -0.002056  0.085411  -0.026102  0.912557  0.393734  -0.110518  -0.395389  0.918483  0.007443  0.104440  0.036905  0.993846  0.002634  0.002310  0.001276  0.000000  0.000000  0.000000  2.000000  
61.139148 -0.002053  0.085413  -0.026100  0.912557  0.393734  -0.110518  -0.395389  0.918483  0.007443  0.104440  0.036905  0.993846  0.002649  0.002282  0.001242  0.000000  0.000000  0.000000  2.000000  
