1-Time 2-Px 3-Py 4-Pz 5-R11 6-R21 7-R31 8-R12 9-R22 10-R32 11-R13 12-R23 13-R33 14-Vx 15-Vy 16-Vz 17-Wx 18-Wy 19-Wz 20-state 21-PR11 22-PR21 23-PR31 24-PR12 25-PR22 26-PR32 27-PR13 28-PR23 29-PR33 
108.832976 0.002247  0.091558  -0.017626  0.986189  0.145841  -0.078501  -0.142075  0.988509  0.051617  0.085127  -0.039751  0.995577  0.000093  0.000076  0.000055  0.000000  0.000000  0.000000  2.000000  
108.833978 0.002247  0.091558  -0.017626  0.986171  0.146039  -0.078358  -0.142280  0.988480  0.051614  0.084993  -0.039752  0.995588  0.000093  0.000076  0.000055  0.000000  0.000000  0.000000  2.000000  
108.834979 0.002246  0.091557  -0.017626  0.986012  0.147071  -0.078419  -0.143293  0.988322  0.051834  0.085127  -0.039872  0.995572  0.000048  -0.000021  0.000035  0.000000  0.000000  0.000000  2.000000  
108.836227 0.002246  0.091554  -0.017628  0.985771  0.148521  -0.078722  -0.144709  0.988100  0.052125  0.085527  -0.039991  0.995533  0.000019  -0.000217  -0.000055  0.000000  0.000000  0.000000  2.000000  
108.837229 0.002246  0.091551  -0.017628  0.985640  0.149359  -0.078774  -0.145519  0.987964  0.052449  0.085660  -0.040233  0.995512  -0.000020  -0.000411  -0.000107  0.000000  0.000000  0.000000  2.000000  
108.838232 0.002246  0.091548  -0.017628  0.985527  0.149999  -0.078969  -0.146124  0.987857  0.052776  0.085926  -0.040473  0.995479  -0.000012  -0.000625  -0.000125  0.000000  0.000000  0.000000  2.000000  
108.839483 0.002246  0.091544  -0.017629  0.985342  0.151051  -0.079273  -0.147134  0.987687  0.053156  0.086326  -0.040713  0.995435  0.000014  -0.000886  -0.000126  0.047701  -0.074329  0.169391  2.000000  
108.840726 0.002247  0.091541  -0.017626  0.984980  0.153130  -0.079785  -0.149153  0.987357  0.053658  0.086993  -0.040952  0.995367  0.000060  -0.001068  0.000013  0.061976  -0.050207  0.239392  2.000000  
108.841727 0.002247  0.091539  -0.017626  0.984687  0.154797  -0.080185  -0.150768  0.987087  0.054110  0.087526  -0.041192  0.995310  0.000060  -0.001188  0.000071  0.075013  -0.025517  0.295555  2.000000  
108.842974 0.002247  0.091536  -0.017626  0.984253  0.157282  -0.080671  -0.153191  0.986684  0.054649  0.088192  -0.041431  0.995241  -0.000003  -0.001470  0.000055  0.090562  -0.001966  0.379326  2.000000  
108.843974 0.002246  0.091534  -0.017628  0.983941  0.158944  -0.081220  -0.154803  0.986413  0.055005  0.088859  -0.041549  0.995177  -0.000038  -0.001623  -0.000088  0.099624  0.022720  0.435503  2.000000  
108.844975 0.002246  0.091532  -0.017630  0.983606  0.160813  -0.081604  -0.156618  0.986100  0.055479  0.089392  -0.041788  0.995120  -0.000050  -0.001726  -0.000220  0.112463  0.042252  0.494397  2.000000  
108.846228 0.002248  0.091533  -0.017630  0.983210  0.162886  -0.082259  -0.158631  0.985755  0.055893  0.090191  -0.041906  0.995042  0.000071  -0.001651  -0.000228  0.123731  0.075690  0.568769  2.000000  
108.847228 0.002250  0.091533  -0.017629  0.982809  0.164958  -0.082912  -0.160643  0.985405  0.056311  0.090991  -0.042024  0.994965  0.000170  -0.001698  -0.000208  0.134194  0.104307  0.639082  2.000000  
108.848233 0.002251  0.091532  -0.017629  0.982416  0.167035  -0.083412  -0.162656  0.985045  0.056829  0.091657  -0.042263  0.994893  0.000280  -0.001736  -0.000165  0.148676  0.128335  0.708945  2.000000  
108.849481 0.002255  0.091529  -0.017629  0.981858  0.169922  -0.084146  -0.165473  0.984546  0.057344  0.092590  -0.042380  0.994802  0.000530  -0.001852  -0.000204  0.161712  0.160247  0.806746  2.000000  
108.850493 0.002258  0.091528  -0.017630  0.981395  0.172211  -0.084893  -0.167681  0.984138  0.057930  0.093522  -0.042617  0.994705  0.000758  -0.001852  -0.000195  0.176922  0.192824  0.883350  2.000000  
108.851729 0.002262  0.091524  -0.017627  0.980844  0.174921  -0.085723  -0.170290  0.983644  0.058697  0.094588  -0.042975  0.994589  0.001051  -0.001898  0.000023  0.197702  0.233928  0.975022  2.000000  
108.852982 0.002265  0.091517  -0.017622  0.980307  0.177422  -0.086714  -0.172693  0.983186  0.059355  0.095787  -0.043211  0.994464  0.001319  -0.002092  0.000434  0.213928  0.275282  1.059480  2.000000  
108.854229 0.002270  0.091507  -0.017618  0.979714  0.180152  -0.087777  -0.175293  0.982668  0.060298  0.097118  -0.043688  0.994314  0.001577  -0.002521  0.000742  0.239169  0.320768  1.151362  2.000000  
108.855234 0.002274  0.091499  -0.017614  0.979212  0.182455  -0.088621  -0.177493  0.982227  0.061044  0.098184  -0.044045  0.994193  0.001858  -0.002932  0.000930  0.258856  0.357683  1.228398  2.000000  
108.856475 0.002280  0.091487  -0.017608  0.978641  0.184972  -0.089711  -0.179887  0.981740  0.061860  0.099515  -0.044401  0.994045  0.002151  -0.003522  0.001154  0.277367  0.400280  1.303020  2.000000  
108.857490 0.002284  0.091477  -0.017602  0.978187  0.186876  -0.090705  -0.181678  0.981363  0.062602  0.100713  -0.044757  0.993908  0.002499  -0.004050  0.001523  0.298149  0.445287  1.376554  2.000000  
108.858725 0.002288  0.091462  -0.017597  0.977678  0.189000  -0.091791  -0.183667  0.980935  0.063510  0.102044  -0.045233  0.993751  0.002757  -0.004797  0.001960  0.321845  0.496183  1.448553  2.000000  
108.859726 0.002292  0.091449  -0.017594  0.977266  0.190685  -0.092685  -0.185256  0.980598  0.064097  0.103109  -0.045469  0.993630  0.003050  -0.005544  0.002323  0.335879  0.534073  1.505340  2.000000  
108.860726 0.002297  0.091437  -0.017590  0.976826  0.192566  -0.093433  -0.187048  0.980219  0.064681  0.104041  -0.045706  0.993522  0.003361  -0.006336  0.002702  0.350582  0.562606  1.568458  2.000000  
108.861727 0.002302  0.091425  -0.017586  0.976381  0.194447  -0.094180  -0.188839  0.979837  0.065269  0.104972  -0.045942  0.993413  0.003565  -0.007190  0.002882  0.365293  0.595708  1.632042  2.000000  
108.862974 0.002306  0.091410  -0.017580  0.975866  0.196541  -0.095171  -0.190824  0.979408  0.065930  0.106169  -0.046178  0.993275  0.003671  -0.008152  0.003272  0.377809  0.632245  1.688892  2.000000  
108.863975 0.002310  0.091398  -0.017574  0.975517  0.197822  -0.096085  -0.192008  0.979138  0.066490  0.107234  -0.046413  0.993150  0.003781  -0.008829  0.003680  0.389997  0.670705  1.724891  2.000000  
108.864983 0.002314  0.091386  -0.017568  0.975180  0.199086  -0.096891  -0.193193  0.978877  0.066908  0.108165  -0.046529  0.993044  0.003877  -0.009614  0.004187  0.394205  0.698426  1.739916  2.000000  
108.866228 0.002318  0.091371  -0.017560  0.974732  0.200777  -0.097905  -0.194773  0.978520  0.067539  0.109362  -0.046764  0.992901  0.003862  -0.010453  0.004622  0.396330  0.729506  1.749078  2.000000  
108.867228 0.002320  0.091357  -0.017552  0.974335  0.202248  -0.098824  -0.196154  0.978212  0.068009  0.110426  -0.046879  0.992778  0.003761  -0.010987  0.004856  0.396602  0.752947  1.762539  2.000000  
108.868229 0.002321  0.091343  -0.017544  0.973950  0.203712  -0.099613  -0.197538  0.977902  0.068455  0.111357  -0.046994  0.992669  0.003671  -0.011579  0.005146  0.396344  0.773772  1.791019  2.000000  
108.869229 0.002321  0.091328  -0.017536  0.973603  0.204975  -0.100414  -0.198720  0.977633  0.068882  0.112287  -0.047110  0.992558  0.003400  -0.011948  0.005416  0.397477  0.797632  1.813807  2.000000  
108.870484 0.002321  0.091308  -0.017526  0.973182  0.206464  -0.101435  -0.200095  0.977308  0.069505  0.113484  -0.047344  0.992411  0.002975  -0.012616  0.005811  0.396902  0.815765  1.793279  2.000000  
108.871728 0.002318  0.091287  -0.017515  0.972800  0.207752  -0.102469  -0.201269  0.977024  0.070109  0.114680  -0.047578  0.992262  0.002486  -0.013262  0.006085  0.395143  0.835046  1.760161  2.000000  
108.872979 0.002315  0.091266  -0.017503  0.972373  0.209228  -0.103512  -0.202643  0.976703  0.070619  0.115876  -0.047692  0.992118  0.002010  -0.013719  0.006509  0.389822  0.853872  1.733308  2.000000  
108.874224 0.002311  0.091244  -0.017489  0.971927  0.210711  -0.104684  -0.204012  0.976379  0.071159  0.117205  -0.047805  0.991956  0.001433  -0.014116  0.007086  0.383564  0.869152  1.713273  2.000000  
108.875226 0.002308  0.091227  -0.017479  0.971609  0.211772  -0.105494  -0.204989  0.976144  0.071577  0.118135  -0.047920  0.991841  0.000793  -0.014471  0.007578  0.383975  0.882702  1.686731  2.000000  
108.876481 0.002302  0.091205  -0.017467  0.971199  0.213054  -0.106678  -0.206156  0.975859  0.072101  0.119464  -0.048032  0.991676  0.000121  -0.014856  0.008038  0.376178  0.898184  1.653085  2.000000  
108.877490 0.002297  0.091188  -0.017457  0.970919  0.213901  -0.107527  -0.206932  0.975674  0.072382  0.120394  -0.048027  0.991564  -0.000610  -0.015260  0.008359  0.369063  0.908835  1.612449  2.000000  
108.878726 0.002289  0.091166  -0.017447  0.970521  0.215163  -0.108605  -0.208101  0.975397  0.072765  0.121589  -0.048020  0.991418  -0.001354  -0.015694  0.008536  0.361626  0.919976  1.565256  2.000000  
108.879727 0.002282  0.091148  -0.017440  0.970151  0.216411  -0.109422  -0.209276  0.975121  0.073095  0.122519  -0.048014  0.991304  -0.002086  -0.016078  0.008611  0.351114  0.925664  1.531105  2.000000  
108.880728 0.002274  0.091131  -0.017434  0.969822  0.217459  -0.110254  -0.210250  0.974888  0.073405  0.123448  -0.048009  0.991189  -0.002863  -0.016416  0.008603  0.341382  0.931242  1.488653  2.000000  
108.881734 0.002266  0.091114  -0.017428  0.969492  0.218493  -0.111112  -0.211223  0.974663  0.073598  0.124377  -0.047883  0.991079  -0.003574  -0.016666  0.008545  0.326697  0.932687  1.454127  2.000000  
108.882979 0.002254  0.091094  -0.017421  0.969083  0.219753  -0.112187  -0.212388  0.974380  0.073990  0.125572  -0.047875  0.990929  -0.004428  -0.016849  0.008382  0.314412  0.935096  1.415395  2.000000  
108.884229 0.002242  0.091074  -0.017414  0.968689  0.220993  -0.113158  -0.213556  0.974106  0.074239  0.126634  -0.047749  0.990800  -0.005390  -0.016983  0.008182  0.290852  0.928175  1.358107  2.000000  
108.885477 0.002228  0.091052  -0.017407  0.968230  0.222452  -0.114215  -0.214919  0.973774  0.074660  0.127828  -0.047741  0.990647  -0.006176  -0.017068  0.007931  0.275360  0.925312  1.326129  2.000000  
108.886480 0.002216  0.091035  -0.017402  0.967847  0.223699  -0.115029  -0.216088  0.973489  0.075004  0.128757  -0.047736  0.990527  -0.006891  -0.017106  0.007712  0.258049  0.921063  1.295279  2.000000  
108.887496 0.002203  0.091018  -0.017396  0.967506  0.224730  -0.115884  -0.217058  0.973257  0.075207  0.129686  -0.047610  0.990411  -0.007651  -0.017047  0.007403  0.239741  0.912638  1.266552  2.000000  
108.888729 0.002186  0.090998  -0.017388  0.967101  0.225982  -0.116825  -0.218222  0.972968  0.075583  0.130747  -0.047603  0.990272  -0.008507  -0.016973  0.007050  0.225920  0.905329  1.239508  2.000000  
108.889974 0.002171  0.090978  -0.017380  0.966631  0.227425  -0.117906  -0.219581  0.972638  0.075898  0.131941  -0.047475  0.990120  -0.009191  -0.016834  0.006747  0.212407  0.907091  1.222891  2.000000  
108.890975 0.002158  0.090962  -0.017374  0.966284  0.228470  -0.118732  -0.220548  0.972393  0.076225  0.132869  -0.047469  0.989996  -0.009776  -0.016782  0.006493  0.198209  0.903721  1.195497  2.000000  
108.891980 0.002146  0.090947  -0.017368  0.965889  0.229699  -0.119569  -0.221713  0.972109  0.076462  0.133798  -0.047343  0.989877  -0.010314  -0.016606  0.006240  0.184694  0.903632  1.170377  2.000000  
108.893225 0.002131  0.090929  -0.017360  0.965428  0.231120  -0.120547  -0.223073  0.971785  0.076637  0.134858  -0.047096  0.989745  -0.010752  -0.016413  0.006090  0.167317  0.901076  1.154143  2.000000  
108.894226 0.002119  0.090915  -0.017355  0.965092  0.232143  -0.121270  -0.224042  0.971547  0.076822  0.135654  -0.046971  0.989642  -0.011158  -0.016136  0.005896  0.160108  0.896378  1.150054  2.000000  
108.895480 0.002106  0.090898  -0.017349  0.964609  0.233583  -0.122348  -0.225395  0.971208  0.077150  0.136847  -0.046843  0.989484  -0.011423  -0.015778  0.005766  0.148658  0.892554  1.146839  2.000000  
108.896729 0.002093  0.090882  -0.017343  0.964186  0.234801  -0.123341  -0.226553  0.970926  0.077308  0.137907  -0.046596  0.989349  -0.011493  -0.015475  0.005673  0.135237  0.889176  1.126053  2.000000  
108.898001 0.002082  0.090866  -0.017337  0.963686  0.236412  -0.124172  -0.228111  0.970547  0.077489  0.138834  -0.046350  0.989230  -0.011486  -0.015170  0.005562  0.119530  0.878477  1.119694  2.000000  
108.899229 0.002072  0.090851  -0.017332  0.963211  0.237828  -0.125148  -0.229465  0.970212  0.077678  0.139894  -0.046103  0.989093  -0.011305  -0.014842  0.005450  0.103691  0.875192  1.113586  2.000000  
108.900481 0.002063  0.090836  -0.017328  0.962704  0.239437  -0.125979  -0.231020  0.969828  0.077865  0.140822  -0.045857  0.988972  -0.010931  -0.014386  0.005249  0.094297  0.866892  1.124377  2.000000  
108.901727 0.002056  0.090821  -0.017326  0.962289  0.240646  -0.126841  -0.232178  0.969541  0.078003  0.141749  -0.045611  0.988851  -0.010437  -0.014017  0.004969  0.079278  0.857934  1.123737  2.000000  
108.902729 0.002050  0.090808  -0.017324  0.961939  0.241649  -0.127591  -0.233141  0.969303  0.078085  0.142544  -0.045366  0.988748  -0.009904  -0.013719  0.004672  0.067017  0.852343  1.118582  2.000000  
108.903732 0.002045  0.090795  -0.017323  0.961539  0.242866  -0.128295  -0.234302  0.969004  0.078313  0.143338  -0.045241  0.988639  -0.009368  -0.013442  0.004333  0.059858  0.843158  1.117753  2.000000  
108.904979 0.002040  0.090780  -0.017322  0.961118  0.244072  -0.129157  -0.235458  0.968713  0.078457  0.144265  -0.044995  0.988516  -0.008654  -0.013180  0.003853  0.048790  0.834372  1.117290  2.000000  
108.906229 0.002037  0.090765  -0.017321  0.960695  0.245294  -0.129989  -0.236612  0.968410  0.078720  0.145192  -0.044869  0.988386  -0.007923  -0.012916  0.003395  0.041870  0.821056  1.116700  2.000000  
108.907491 0.002034  0.090751  -0.017319  0.960269  0.246499  -0.130850  -0.237766  0.968115  0.078868  0.146118  -0.044623  0.988260  -0.006922  -0.012496  0.002940  0.035770  0.811396  1.122190  2.000000  
108.908725 0.002034  0.090738  -0.017317  0.959891  0.247504  -0.131726  -0.238721  0.967870  0.078991  0.147045  -0.044377  0.988134  -0.006039  -0.012240  0.002667  0.028414  0.805257  1.113270  2.000000  
108.909726 0.002034  0.090728  -0.017315  0.959598  0.248314  -0.132333  -0.239488  0.967668  0.079142  0.147706  -0.044253  0.988041  -0.005315  -0.012010  0.002519  0.023377  0.797015  1.099048  2.000000  
108.910978 0.002036  0.090717  -0.017312  0.959167  0.249517  -0.133193  -0.240639  0.967370  0.079296  0.148633  -0.044007  0.987913  -0.004255  -0.011650  0.002253  0.016427  0.788249  1.098385  2.000000  
108.912228 0.002038  0.090706  -0.017309  0.958783  0.250503  -0.134100  -0.241592  0.967132  0.079308  0.149559  -0.043641  0.987789  -0.003356  -0.011271  0.002100  0.007593  0.780245  1.084048  2.000000  
108.913229 0.002040  0.090699  -0.017307  0.958487  0.251295  -0.134736  -0.242357  0.966937  0.079345  0.150220  -0.043397  0.987700  -0.002635  -0.010927  0.001938  0.000277  0.775984  1.083720  2.000000  
108.914229 0.002044  0.090692  -0.017304  0.958189  0.252070  -0.135403  -0.243122  0.966752  0.079267  0.150882  -0.043034  0.987615  -0.001884  -0.010575  0.001838  -0.007921  0.767595  1.076133  2.000000  
108.915235 0.002047  0.090685  -0.017302  0.957891  0.252861  -0.136039  -0.243886  0.966556  0.079307  0.151543  -0.042790  0.987524  -0.001099  -0.010182  0.001736  -0.018055  0.756940  1.063281  2.000000  
108.916481 0.002052  0.090678  -0.017301  0.957552  0.253646  -0.136962  -0.244639  0.966366  0.079296  0.152469  -0.042424  0.987397  -0.000269  -0.009681  0.001665  -0.032179  0.753777  1.042529  2.000000  
108.917493 0.002055  0.090672  -0.017300  0.957301  0.254220  -0.137645  -0.245205  0.966231  0.079193  0.153130  -0.042060  0.987311  0.000330  -0.009197  0.001618  -0.040237  0.743699  1.026697  2.000000  
108.918727 0.002058  0.090665  -0.017299  0.956980  0.254998  -0.138441  -0.245963  0.966042  0.079152  0.153923  -0.041696  0.987203  0.000906  -0.008702  0.001598  -0.053390  0.735566  1.012412  2.000000  
108.919732 0.002061  0.090659  -0.017298  0.956728  0.255571  -0.139124  -0.246528  0.965906  0.079051  0.154584  -0.041332  0.987115  0.001460  -0.008171  0.001650  -0.065014  0.725016  0.992093  2.000000  
108.920981 0.002064  0.090653  -0.017297  0.956424  0.256343  -0.139792  -0.247290  0.965717  0.078980  0.155245  -0.040969  0.987026  0.001872  -0.007621  0.001648  -0.075286  0.708439  0.970773  2.000000  
108.922228 0.002067  0.090646  -0.017297  0.956150  0.256937  -0.140572  -0.247849  0.965570  0.079030  0.156038  -0.040724  0.986911  0.002149  -0.007174  0.001487  -0.081508  0.700638  0.949712  2.000000  
108.923476 0.002068  0.090640  -0.017297  0.955824  0.257712  -0.141367  -0.248605  0.965378  0.078994  0.156831  -0.040360  0.986800  0.002298  -0.006712  0.001363  -0.090127  0.691161  0.927726  2.000000  
108.924485 0.002069  0.090635  -0.017297  0.955620  0.258118  -0.142005  -0.248972  0.965275  0.079102  0.157492  -0.040236  0.986700  0.002349  -0.006331  0.001207  -0.092485  0.687697  0.906967  2.000000  
108.925728 0.002069  0.090629  -0.017297  0.955292  0.258892  -0.142800  -0.249727  0.965083  0.079068  0.158284  -0.039872  0.986588  0.002227  -0.005964  0.001039  -0.100464  0.676835  0.885897  2.000000  
108.926980 0.002068  0.090623  -0.017297  0.955014  0.259485  -0.143581  -0.250284  0.964934  0.079123  0.159077  -0.039627  0.986471  0.002002  -0.005644  0.000806  -0.103789  0.669323  0.857953  2.000000  
108.928228 0.002067  0.090617  -0.017298  0.954684  0.260275  -0.144344  -0.251038  0.964731  0.079208  0.159869  -0.039383  0.986352  0.001737  -0.005424  0.000577  -0.104334  0.664656  0.837125  2.000000  
108.929228 0.002064  0.090613  -0.017299  0.954477  0.260645  -0.145045  -0.251404  0.964646  0.079085  0.160530  -0.039020  0.986259  0.001347  -0.005273  0.000384  -0.115938  0.661498  0.809468  2.000000  
108.930494 0.002061  0.090608  -0.017299  0.954197  0.261218  -0.145856  -0.251960  0.964506  0.079025  0.161322  -0.038656  0.986144  0.000784  -0.005011  0.000223  -0.122333  0.655262  0.773885  2.000000  
108.931735 0.002057  0.090604  -0.017299  0.953936  0.261785  -0.146541  -0.252522  0.964366  0.078933  0.161982  -0.038293  0.986050  0.000242  -0.004783  0.000098  -0.130071  0.647952  0.746207  2.000000  
108.932981 0.002053  0.090602  -0.017298  0.953706  0.262158  -0.147369  -0.252881  0.964279  0.078846  0.162774  -0.037929  0.985934  -0.000320  -0.004474  0.000087  -0.139711  0.648139  0.719714  2.000000  
108.934228 0.002047  0.090598  -0.017297  0.953475  0.262513  -0.148228  -0.253240  0.964202  0.078642  0.163566  -0.037446  0.985821  -0.000845  -0.004240  0.000060  -0.154742  0.642166  0.683941  2.000000  
108.935477 0.002042  0.090596  -0.017296  0.953265  0.262880  -0.148929  -0.253605  0.964116  0.078522  0.164226  -0.037083  0.985725  -0.001392  -0.003979  0.000101  -0.164250  0.633410  0.657541  2.000000  
108.936489 0.002038  0.090594  -0.017296  0.953107  0.263048  -0.149646  -0.253772  0.964084  0.078371  0.164886  -0.036720  0.985629  -0.001915  -0.003737  0.000043  -0.174469  0.630988  0.627893  2.000000  
108.937493 0.002032  0.090591  -0.017296  0.952917  0.263427  -0.150187  -0.254142  0.963989  0.078335  0.165414  -0.036478  0.985549  -0.002392  -0.003521  0.000054  -0.180301  0.627046  0.613756  2.000000  
108.938731 0.002026  0.090588  -0.017298  0.952757  0.263594  -0.150904  -0.254310  0.963957  0.078185  0.166074  -0.036115  0.985452  -0.002897  -0.003291  -0.000045  -0.188328  0.619664  0.586105  2.000000  
108.939979 0.002020  0.090585  -0.017298  0.952545  0.263959  -0.151604  -0.254673  0.963871  0.078067  0.166734  -0.035752  0.985354  -0.003345  -0.003104  -0.000101  -0.196316  0.611978  0.558184  2.000000  
108.941237 0.002013  0.090582  -0.017299  0.952384  0.264144  -0.152289  -0.254840  0.963829  0.078034  0.167393  -0.035509  0.985251  -0.003754  -0.002934  -0.000084  -0.196199  0.608673  0.530377  2.000000  
108.942485 0.002006  0.090578  -0.017299  0.952223  0.264310  -0.153006  -0.255007  0.963797  0.077885  0.168053  -0.035147  0.985151  -0.004086  -0.002842  -0.000089  -0.204272  0.600949  0.502476  2.000000  
108.943728 0.002000  0.090574  -0.017300  0.952062  0.264494  -0.153691  -0.255174  0.963756  0.077854  0.168712  -0.034904  0.985047  -0.004373  -0.002720  -0.000078  -0.204261  0.593281  0.474644  2.000000  
108.944975 0.001994  0.090570  -0.017301  0.951922  0.264673  -0.154248  -0.255347  0.963715  0.077788  0.169240  -0.034662  0.984965  -0.004547  -0.002704  -0.000153  -0.201640  0.585089  0.450193  2.000000  
108.945975 0.001989  0.090566  -0.017302  0.951804  0.264847  -0.154678  -0.255525  0.963676  0.077689  0.169635  -0.034420  0.984906  -0.004704  -0.002731  -0.000213  -0.203577  0.576689  0.436032  2.000000  
108.946977 0.001985  0.090562  -0.017303  0.951716  0.264827  -0.155251  -0.255502  0.963690  0.077592  0.170163  -0.034178  0.984823  -0.004764  -0.002760  -0.000294  -0.202571  0.568661  0.415137  2.000000  
108.947981 0.001980  0.090559  -0.017305  0.951650  0.264803  -0.155697  -0.255484  0.963705  0.077460  0.170558  -0.033937  0.984763  -0.004833  -0.002838  -0.000421  -0.204395  0.560995  0.390501  2.000000  
108.949229 0.001975  0.090555  -0.017306  0.951562  0.264763  -0.156303  -0.255460  0.963729  0.077246  0.171085  -0.033575  0.984684  -0.004832  -0.002874  -0.000597  -0.208728  0.553388  0.362757  2.000000  
108.950229 0.001972  0.090553  -0.017307  0.951495  0.264738  -0.156749  -0.255442  0.963744  0.077115  0.171481  -0.033334  0.984623  -0.004735  -0.002881  -0.000756  -0.209224  0.549720  0.346261  2.000000  
108.951481 0.001969  0.090551  -0.017308  0.951407  0.264698  -0.157354  -0.255419  0.963767  0.076901  0.172008  -0.032973  0.984544  -0.004558  -0.002815  -0.000810  -0.213342  0.541521  0.318361  2.000000  
108.952483 0.001967  0.090550  -0.017309  0.951415  0.264451  -0.157721  -0.255211  0.963848  0.076586  0.172272  -0.032613  0.984509  -0.004377  -0.002772  -0.000868  -0.221835  0.533855  0.290866  2.000000  
108.953492 0.001965  0.090549  -0.017310  0.951370  0.264421  -0.158039  -0.255199  0.963864  0.076420  0.172535  -0.032373  0.984471  -0.004139  -0.002691  -0.000821  -0.226784  0.520748  0.271794  2.000000  
108.954495 0.001963  0.090548  -0.017310  0.951326  0.264391  -0.158358  -0.255187  0.963880  0.076255  0.172799  -0.032132  0.984433  -0.003902  -0.002592  -0.000805  -0.230079  0.508054  0.250687  2.000000  
108.955729 0.001961  0.090547  -0.017310  0.951311  0.264147  -0.158851  -0.254973  0.963959  0.075974  0.173194  -0.031772  0.984375  -0.003574  -0.002401  -0.000781  -0.239877  0.496160  0.216056  2.000000  
108.956977 0.001960  0.090547  -0.017309  0.951296  0.263922  -0.159313  -0.254759  0.964028  0.075809  0.173590  -0.031531  0.984313  -0.003250  -0.002168  -0.000697  -0.241234  0.483970  0.193540  2.000000  
108.957978 0.001960  0.090547  -0.017308  0.951251  0.263892  -0.159631  -0.254747  0.964045  0.075644  0.173853  -0.031291  0.984274  -0.002953  -0.001977  -0.000600  -0.247767  0.471049  0.167098  2.000000  
108.958981 0.001960  0.090547  -0.017307  0.951259  0.263663  -0.159965  -0.254539  0.964115  0.075445  0.174117  -0.031050  0.984235  -0.002551  -0.001709  -0.000473  -0.247074  0.458307  0.145997  2.000000  
108.960229 0.001959  0.090547  -0.017305  0.951214  0.263632  -0.160283  -0.254527  0.964131  0.075279  0.174380  -0.030810  0.984196  -0.002179  -0.001408  -0.000253  -0.246558  0.441355  0.124834  2.000000  
108.961229 0.001960  0.090547  -0.017304  0.951221  0.263402  -0.160617  -0.254319  0.964202  0.075080  0.174644  -0.030570  0.984157  -0.001817  -0.001137  -0.000125  -0.247821  0.433765  0.103187  2.000000  
108.962489 0.001961  0.090548  -0.017303  0.951198  0.263367  -0.160808  -0.254313  0.964219  0.074880  0.174775  -0.030330  0.984141  -0.001420  -0.000821  0.000095  -0.248003  0.410760  0.089302  2.000000  
108.963724 0.001962  0.090549  -0.017301  0.951153  0.263336  -0.161127  -0.254301  0.964235  0.074714  0.175039  -0.030090  0.984102  -0.001010  -0.000481  0.000249  -0.244309  0.394669  0.074494  2.000000  
108.964733 0.001964  0.090551  -0.017299  0.951131  0.263320  -0.161286  -0.254295  0.964243  0.074632  0.175171  -0.029970  0.984082  -0.000584  -0.000160  0.000519  -0.236367  0.380356  0.060726  2.000000  
108.965979 0.001967  0.090554  -0.017298  0.951108  0.263266  -0.161509  -0.254289  0.964269  0.074315  0.175302  -0.029611  0.984069  -0.000200  0.000139  0.000702  -0.238750  0.362937  0.046360  2.000000  
108.966979 0.001970  0.090557  -0.017295  0.951085  0.263250  -0.161668  -0.254283  0.964277  0.074232  0.175434  -0.029491  0.984049  0.000172  0.000441  0.000923  -0.233883  0.346788  0.038700  2.000000  
108.968229 0.001973  0.090561  -0.017294  0.951063  0.263195  -0.161891  -0.254277  0.964303  0.073915  0.175566  -0.029133  0.984037  0.000530  0.000774  0.001072  -0.236217  0.329423  0.024464  2.000000  
108.969480 0.001976  0.090565  -0.017292  0.951063  0.263155  -0.161955  -0.254277  0.964321  0.073681  0.175566  -0.028894  0.984044  0.000883  0.001138  0.001229  -0.236473  0.305656  0.010051  2.000000  
108.970491 0.001980  0.090568  -0.017290  0.951040  0.263120  -0.162146  -0.254271  0.964338  0.073481  0.175697  -0.028654  0.984027  0.001261  0.001448  0.001330  -0.237547  0.292258  0.002721  2.000000  
108.971729 0.001984  0.090573  -0.017289  0.950987  0.263279  -0.162194  -0.254467  0.964301  0.073280  0.175697  -0.028416  0.984034  0.001588  0.001740  0.001387  -0.233576  0.269911  0.001908  2.000000  
108.972730 0.001987  0.090576  -0.017288  0.950987  0.263259  -0.162226  -0.254467  0.964310  0.073163  0.175697  -0.028296  0.984037  0.001852  0.001982  0.001406  -0.230952  0.252436  -0.005539  2.000000  
108.973979 0.001991  0.090580  -0.017286  0.950935  0.263418  -0.162275  -0.254662  0.964274  0.072963  0.175697  -0.028058  0.984044  0.002104  0.002234  0.001411  -0.230680  0.234155  -0.006166  2.000000  
108.975226 0.001996  0.090584  -0.017283  0.950883  0.263578  -0.162324  -0.254858  0.964237  0.072762  0.175697  -0.027819  0.984051  0.002433  0.002498  0.001474  -0.229552  0.211522  -0.000122  2.000000  
108.976229 0.002000  0.090588  -0.017281  0.950883  0.263558  -0.162356  -0.254858  0.964246  0.072645  0.175697  -0.027699  0.984054  0.002671  0.002739  0.001566  -0.226714  0.198285  -0.007400  2.000000  
108.977229 0.002003  0.090591  -0.017279  0.950830  0.263737  -0.162373  -0.255054  0.964200  0.072562  0.175697  -0.027580  0.984058  0.002898  0.002930  0.001566  -0.221459  0.180099  -0.001184  2.000000  
108.978476 0.002008  0.090595  -0.017277  0.950830  0.263697  -0.162437  -0.255054  0.964218  0.072328  0.175697  -0.027341  0.984064  0.003064  0.003073  0.001621  -0.219584  0.165195  -0.001632  2.000000  
108.979729 0.002013  0.090599  -0.017274  0.950778  0.263876  -0.162454  -0.255250  0.964172  0.072244  0.175697  -0.027222  0.984068  0.003258  0.003220  0.001693  -0.207947  0.143857  0.004425  2.000000  
108.980730 0.002017  0.090603  -0.017272  0.950748  0.264051  -0.162344  -0.255451  0.964128  0.072127  0.175566  -0.027103  0.984095  0.003425  0.003324  0.001747  -0.202653  0.130153  0.010798  2.000000  
108.981731 0.002022  0.090606  -0.017270  0.950748  0.264032  -0.162376  -0.255451  0.964136  0.072010  0.175566  -0.026984  0.984098  0.003517  0.003346  0.001718  -0.196935  0.120164  0.010414  2.000000  
108.982977 0.002027  0.090610  -0.017269  0.950718  0.264207  -0.162266  -0.255653  0.964092  0.071892  0.175434  -0.026865  0.984125  0.003660  0.003362  0.001687  0.000000  0.000000  0.000000  2.000000  
108.983978 0.002031  0.090613  -0.017268  0.950718  0.264187  -0.162298  -0.255653  0.964100  0.071775  0.175434  -0.026746  0.984128  0.003728  0.003336  0.001648  0.000000  0.000000  0.000000  2.000000  
108.984979 0.002036  0.090616  -0.017266  0.950688  0.264363  -0.162189  -0.255855  0.964056  0.071657  0.175302  -0.026627  0.984155  0.003833  0.003292  0.001680  0.000000  0.000000  0.000000  2.000000  
108.986228 0.002041  0.090619  -0.017265  0.950635  0.264522  -0.162238  -0.256051  0.964019  0.071457  0.175302  -0.026388  0.984161  0.003927  0.003198  0.001666  0.000000  0.000000  0.000000  2.000000  
108.987231 0.002045  0.090621  -0.017264  0.950658  0.264499  -0.162143  -0.256057  0.964028  0.071306  0.175171  -0.026270  0.984188  0.003972  0.003123  0.001617  0.000000  0.000000  0.000000  2.000000  
108.988482 0.002051  0.090624  -0.017263  0.950628  0.264674  -0.162033  -0.256259  0.963983  0.071188  0.175039  -0.026151  0.984214  0.004069  0.003028  0.001592  0.000000  0.000000  0.000000  2.000000  
108.989483 0.002055  0.090626  -0.017262  0.950628  0.264655  -0.162065  -0.256259  0.963992  0.071071  0.175039  -0.026031  0.984217  0.004112  0.002956  0.001554  0.000000  0.000000  0.000000  2.000000  
108.990727 0.002060  0.090628  -0.017260  0.950650  0.264631  -0.161970  -0.256265  0.964001  0.070920  0.174907  -0.025913  0.984244  0.004143  0.002811  0.001503  0.000000  0.000000  0.000000  2.000000  
108.991727 0.002063  0.090630  -0.017258  0.950650  0.264631  -0.161970  -0.256265  0.964001  0.070920  0.174907  -0.025913  0.984244  0.004090  0.002639  0.001469  0.000000  0.000000  0.000000  2.000000  
108.992975 0.002067  0.090631  -0.017257  0.950673  0.264609  -0.161875  -0.256271  0.964011  0.070769  0.174775  -0.025794  0.984270  0.004043  0.002468  0.001410  0.000000  0.000000  0.000000  2.000000  
108.994229 0.002070  0.090632  -0.017255  0.950620  0.264807  -0.161861  -0.256467  0.963956  0.070802  0.174775  -0.025794  0.984270  0.003923  0.002269  0.001305  0.000000  0.000000  0.000000  2.000000  
108.995481 0.002073  0.090634  -0.017253  0.950620  0.264787  -0.161893  -0.256467  0.963965  0.070685  0.174775  -0.025675  0.984274  0.003774  0.002099  0.001267  0.000000  0.000000  0.000000  2.000000  
108.996729 0.002075  0.090635  -0.017251  0.950695  0.264586  -0.161780  -0.256277  0.964020  0.070617  0.174644  -0.025675  0.984297  0.003554  0.001900  0.001245  0.000000  0.000000  0.000000  2.000000  
108.997978 0.002077  0.090636  -0.017250  0.950695  0.264586  -0.161780  -0.256277  0.964020  0.070617  0.174644  -0.025675  0.984297  0.003301  0.001692  0.001258  0.000000  0.000000  0.000000  2.000000  
108.998978 0.002077  0.090637  -0.017248  0.950695  0.264566  -0.161812  -0.256277  0.964029  0.070501  0.174644  -0.025556  0.984300  0.003062  0.001573  0.001288  0.000000  0.000000  0.000000  2.000000  
108.999982 0.002078  0.090638  -0.017246  0.950718  0.264563  -0.161685  -0.256283  0.964030  0.070466  0.174512  -0.025556  0.984323  0.002770  0.001433  0.001374  0.000000  0.000000  0.000000  2.000000  
109.001229 0.002078  0.090639  -0.017243  0.950718  0.264543  -0.161717  -0.256283  0.964038  0.070349  0.174512  -0.025437  0.984326  0.002424  0.001320  0.001465  0.000000  0.000000  0.000000  2.000000  
109.002229 0.002078  0.090640  -0.017241  0.950771  0.264345  -0.161732  -0.256087  0.964093  0.070316  0.174512  -0.025437  0.984326  0.002189  0.001255  0.001534  0.000000  0.000000  0.000000  2.000000  
109.003230 0.002078  0.090641  -0.017240  0.950771  0.264345  -0.161732  -0.256087  0.964093  0.070316  0.174512  -0.025437  0.984326  0.001851  0.001178  0.001539  0.000000  0.000000  0.000000  2.000000  
109.004485 0.002077  0.090642  -0.017238  0.950793  0.264322  -0.161636  -0.256093  0.964102  0.070165  0.174380  -0.025318  0.984353  0.001432  0.001057  0.001537  0.000000  0.000000  0.000000  2.000000  
109.005729 0.002076  0.090643  -0.017236  0.950846  0.264123  -0.161651  -0.255898  0.964157  0.070132  0.174380  -0.025318  0.984353  0.001077  0.000987  0.001572  0.000000  0.000000  0.000000  2.000000  
109.006982 0.002075  0.090644  -0.017235  0.950846  0.264104  -0.161683  -0.255898  0.964165  0.070015  0.174380  -0.025199  0.984356  0.000733  0.000914  0.001570  0.000000  0.000000  0.000000  2.000000  
109.007983 0.002074  0.090644  -0.017234  0.950846  0.264104  -0.161683  -0.255898  0.964165  0.070015  0.174380  -0.025199  0.984356  0.000478  0.000842  0.001583  0.000000  0.000000  0.000000  2.000000  
109.009229 0.002073  0.090644  -0.017232  0.950899  0.263905  -0.161697  -0.255702  0.964219  0.069981  0.174380  -0.025199  0.984356  0.000164  0.000742  0.001516  0.000000  0.000000  0.000000  2.000000  
109.010493 0.002072  0.090644  -0.017231  0.950899  0.263905  -0.161697  -0.255702  0.964219  0.069981  0.174380  -0.025199  0.984356  -0.000099  0.000693  0.001519  0.000000  0.000000  0.000000  2.000000  
109.011727 0.002070  0.090643  -0.017229  0.950899  0.263905  -0.161697  -0.255702  0.964219  0.069981  0.174380  -0.025199  0.984356  -0.000291  0.000588  0.001506  0.000000  0.000000  0.000000  2.000000  
109.012975 0.002069  0.090642  -0.017227  0.950899  0.263905  -0.161697  -0.255702  0.964219  0.069981  0.174380  -0.025199  0.984356  -0.000506  0.000446  0.001508  0.000000  0.000000  0.000000  2.000000  
109.013975 0.002068  0.090642  -0.017226  0.950951  0.263707  -0.161712  -0.255506  0.964274  0.069948  0.174380  -0.025199  0.984356  -0.000598  0.000372  0.001453  0.000000  0.000000  0.000000  2.000000  
109.014982 0.002067  0.090642  -0.017225  0.950951  0.263707  -0.161712  -0.255506  0.964274  0.069948  0.174380  -0.025199  0.984356  -0.000673  0.000251  0.001415  0.000000  0.000000  0.000000  2.000000  
109.016226 0.002067  0.090642  -0.017223  0.950951  0.263707  -0.161712  -0.255506  0.964274  0.069948  0.174380  -0.025199  0.984356  -0.000715  0.000177  0.001350  0.000000  0.000000  0.000000  2.000000  
109.017229 0.002066  0.090641  -0.017222  0.950951  0.263707  -0.161712  -0.255506  0.964274  0.069948  0.174380  -0.025199  0.984356  -0.000787  0.000077  0.001267  0.000000  0.000000  0.000000  2.000000  
109.018230 0.002066  0.090641  -0.017221  0.951004  0.263508  -0.161726  -0.255310  0.964328  0.069915  0.174380  -0.025199  0.984356  -0.000804  0.000004  0.001250  0.000000  0.000000  0.000000  2.000000  
109.019482 0.002066  0.090642  -0.017220  0.951004  0.263508  -0.161726  -0.255310  0.964328  0.069915  0.174380  -0.025199  0.984356  -0.000722  -0.000022  0.001190  0.000000  0.000000  0.000000  2.000000  
109.020484 0.002066  0.090642  -0.017220  0.951004  0.263508  -0.161726  -0.255310  0.964328  0.069915  0.174380  -0.025199  0.984356  -0.000654  -0.000051  0.001132  0.000000  0.000000  0.000000  2.000000  
109.021728 0.002067  0.090643  -0.017219  0.951004  0.263508  -0.161726  -0.255310  0.964328  0.069915  0.174380  -0.025199  0.984356  -0.000585  -0.000074  0.001111  0.000000  0.000000  0.000000  2.000000  
109.022730 0.002067  0.090643  -0.017218  0.951004  0.263508  -0.161726  -0.255310  0.964328  0.069915  0.174380  -0.025199  0.984356  -0.000487  -0.000075  0.001091  0.000000  0.000000  0.000000  2.000000  
109.023978 0.002068  0.090643  -0.017217  0.951004  0.263508  -0.161726  -0.255310  0.964328  0.069915  0.174380  -0.025199  0.984356  -0.000383  -0.000079  0.001051  0.000000  0.000000  0.000000  2.000000  
109.024982 0.002068  0.090642  -0.017216  0.951026  0.263505  -0.161599  -0.255316  0.964329  0.069881  0.174248  -0.025199  0.984379  -0.000274  -0.000104  0.001038  0.000000  0.000000  0.000000  2.000000  
109.026229 0.002069  0.090643  -0.017215  0.951026  0.263505  -0.161599  -0.255316  0.964329  0.069881  0.174248  -0.025199  0.984379  -0.000090  -0.000059  0.000979  0.000000  0.000000  0.000000  2.000000  
109.027230 0.002070  0.090642  -0.017215  0.951026  0.263505  -0.161599  -0.255316  0.964329  0.069881  0.174248  -0.025199  0.984379  -0.000018  -0.000064  0.000894  0.000000  0.000000  0.000000  2.000000  
109.028230 0.002070  0.090641  -0.017214  0.951026  0.263505  -0.161599  -0.255316  0.964329  0.069881  0.174248  -0.025199  0.984379  0.000094  -0.000068  0.000835  0.000000  0.000000  0.000000  2.000000  
109.029483 0.002071  0.090640  -0.017214  0.951026  0.263524  -0.161567  -0.255316  0.964320  0.069998  0.174248  -0.025319  0.984376  0.000171  -0.000095  0.000746  0.000000  0.000000  0.000000  2.000000  
109.030486 0.002071  0.090640  -0.017214  0.951026  0.263524  -0.161567  -0.255316  0.964320  0.069998  0.174248  -0.025319  0.984376  0.000257  -0.000104  0.000636  0.000000  0.000000  0.000000  2.000000  
109.031494 0.002071  0.090640  -0.017214  0.951026  0.263524  -0.161567  -0.255316  0.964320  0.069998  0.174248  -0.025319  0.984376  0.000273  -0.000128  0.000599  0.000000  0.000000  0.000000  2.000000  
109.032729 0.002072  0.090640  -0.017214  0.951026  0.263524  -0.161567  -0.255316  0.964320  0.069998  0.174248  -0.025319  0.984376  0.000384  -0.000110  0.000495  0.000000  0.000000  0.000000  2.000000  
109.033730 0.002072  0.090640  -0.017214  0.951026  0.263524  -0.161567  -0.255316  0.964320  0.069998  0.174248  -0.025319  0.984376  0.000381  -0.000141  0.000410  0.000000  0.000000  0.000000  2.000000  
109.034731 0.002072  0.090640  -0.017214  0.951026  0.263524  -0.161567  -0.255316  0.964320  0.069998  0.174248  -0.025319  0.984376  0.000423  -0.000118  0.000391  0.000000  0.000000  0.000000  2.000000  
109.035979 0.002072  0.090640  -0.017215  0.951026  0.263524  -0.161567  -0.255316  0.964320  0.069998  0.174248  -0.025319  0.984376  0.000405  -0.000125  0.000290  0.000000  0.000000  0.000000  2.000000  
109.036982 0.002072  0.090641  -0.017215  0.951026  0.263524  -0.161567  -0.255316  0.964320  0.069998  0.174248  -0.025319  0.984376  0.000376  -0.000129  0.000226  0.000000  0.000000  0.000000  2.000000  
109.038231 0.002072  0.090641  -0.017215  0.951026  0.263524  -0.161567  -0.255316  0.964320  0.069998  0.174248  -0.025319  0.984376  0.000300  -0.000111  0.000127  0.000000  0.000000  0.000000  2.000000  
109.039484 0.002072  0.090642  -0.017215  0.950974  0.263723  -0.161553  -0.255512  0.964266  0.070031  0.174248  -0.025319  0.984376  0.000240  -0.000065  0.000082  0.000000  0.000000  0.000000  2.000000  
109.040726 0.002071  0.090642  -0.017216  0.950974  0.263723  -0.161553  -0.255512  0.964266  0.070031  0.174248  -0.025319  0.984376  0.000165  -0.000048  -0.000015  0.000000  0.000000  0.000000  2.000000  
109.041727 0.002070  0.090641  -0.017217  0.950974  0.263723  -0.161553  -0.255512  0.964266  0.070031  0.174248  -0.025319  0.984376  0.000059  -0.000055  -0.000130  0.000000  0.000000  0.000000  2.000000  
109.042729 0.002070  0.090641  -0.017217  0.950974  0.263723  -0.161553  -0.255512  0.964266  0.070031  0.174248  -0.025319  0.984376  0.000004  -0.000011  -0.000173  0.000000  0.000000  0.000000  2.000000  
109.043975 0.002069  0.090641  -0.017218  0.950974  0.263723  -0.161553  -0.255512  0.964266  0.070031  0.174248  -0.025319  0.984376  -0.000121  0.000007  -0.000260  0.000000  0.000000  0.000000  2.000000  
109.044977 0.002068  0.090640  -0.017219  0.950974  0.263723  -0.161553  -0.255512  0.964266  0.070031  0.174248  -0.025319  0.984376  -0.000187  0.000001  -0.000349  0.000000  0.000000  0.000000  2.000000  
109.046225 0.002067  0.090640  -0.017220  0.950974  0.263742  -0.161521  -0.255512  0.964258  0.070148  0.174248  -0.025438  0.984373  -0.000265  -0.000002  -0.000402  0.000000  0.000000  0.000000  2.000000  
109.047225 0.002066  0.090639  -0.017221  0.950974  0.263742  -0.161521  -0.255512  0.964258  0.070148  0.174248  -0.025438  0.984373  -0.000375  -0.000051  -0.000428  0.000000  0.000000  0.000000  2.000000  
109.048233 0.002066  0.090639  -0.017222  0.950974  0.263742  -0.161521  -0.255512  0.964258  0.070148  0.174248  -0.025438  0.984373  -0.000395  -0.000078  -0.000482  0.000000  0.000000  0.000000  2.000000  
