1-Time 2-Px 3-Py 4-Pz 5-R11 6-R21 7-R31 8-R12 9-R22 10-R32 11-R13 12-R23 13-R33 14-Vx 15-Vy 16-Vz 17-Wx 18-Wy 19-Wz 20-state 21-PR11 22-PR21 23-PR31 24-PR12 25-PR22 26-PR32 27-PR13 28-PR23 29-PR33 
146.001877 0.002520  0.092625  -0.007017  0.983830  0.170636  -0.054420  -0.167055  0.983822  0.064701  0.064580  -0.054564  0.996420  0.000353  0.000005  -0.001230  0.000000  0.000000  0.000000  2.000000  
146.002882 0.002519  0.092625  -0.007018  0.983822  0.170643  -0.054551  -0.167054  0.983821  0.064723  0.064713  -0.054563  0.996411  0.000322  -0.000022  -0.001250  0.000000  0.000000  0.000000  2.000000  
146.004149 0.002520  0.092623  -0.007021  0.983493  0.172486  -0.054673  -0.168873  0.983493  0.064989  0.064980  -0.054683  0.996387  0.000310  -0.000149  -0.001328  0.000000  0.000000  0.000000  2.000000  
146.005382 0.002520  0.092621  -0.007023  0.983127  0.174538  -0.054760  -0.170895  0.983117  0.065385  0.065247  -0.054924  0.996356  0.000313  -0.000322  -0.001386  0.000000  0.000000  0.000000  2.000000  
146.006386 0.002520  0.092618  -0.007026  0.982897  0.175780  -0.054899  -0.172106  0.982883  0.065737  0.065514  -0.055164  0.996326  0.000298  -0.000524  -0.001498  0.031592  0.035400  0.174777  2.000000  
146.007629 0.002521  0.092614  -0.007029  0.982667  0.177022  -0.055037  -0.173317  0.982646  0.066090  0.065781  -0.055405  0.996295  0.000314  -0.000817  -0.001572  0.042472  0.042084  0.216676  2.000000  
146.008878 0.002523  0.092611  -0.007030  0.982372  0.178495  -0.055533  -0.174725  0.982359  0.066643  0.066449  -0.055765  0.996230  0.000394  -0.000982  -0.001573  0.057935  0.061820  0.266173  2.000000  
146.009881 0.002523  0.092610  -0.007030  0.982003  0.180358  -0.056044  -0.176537  0.982012  0.066983  0.067116  -0.055884  0.996179  0.000400  -0.001066  -0.001466  0.066197  0.076311  0.329146  2.000000  
146.010882 0.002523  0.092609  -0.007030  0.981584  0.182437  -0.056648  -0.178549  0.981614  0.067479  0.067917  -0.056122  0.996111  0.000390  -0.001105  -0.001379  0.079050  0.099373  0.399550  2.000000  
146.012128 0.002523  0.092607  -0.007032  0.981012  0.185331  -0.057172  -0.181367  0.981052  0.068145  0.068718  -0.056482  0.996036  0.000344  -0.001204  -0.001399  0.097906  0.120892  0.497689  2.000000  
146.013383 0.002523  0.092606  -0.007036  0.980468  0.188022  -0.057707  -0.183982  0.980519  0.068802  0.069519  -0.056841  0.995960  0.000298  -0.001315  -0.001549  0.116325  0.142697  0.588681  2.000000  
146.014397 0.002524  0.092607  -0.007039  0.980003  0.190286  -0.058183  -0.186193  0.980075  0.069176  0.070187  -0.056959  0.995906  0.000376  -0.001257  -0.001717  0.125636  0.160765  0.665336  2.000000  
146.015628 0.002526  0.092609  -0.007040  0.979407  0.193169  -0.058721  -0.189006  0.979497  0.069732  0.070987  -0.057197  0.995836  0.000504  -0.001133  -0.001685  0.140690  0.182316  0.763794  2.000000  
146.016629 0.002529  0.092610  -0.007041  0.978890  0.195640  -0.059155  -0.191416  0.978992  0.070242  0.071655  -0.057436  0.995774  0.000626  -0.001027  -0.001607  0.154740  0.200023  0.847780  2.000000  
146.017876 0.002532  0.092611  -0.007041  0.978178  0.198931  -0.059945  -0.194624  0.978322  0.070763  0.072722  -0.057553  0.995690  0.000856  -0.000929  -0.001538  0.165492  0.227813  0.952254  2.000000  
146.018879 0.002536  0.092610  -0.007044  0.977596  0.201609  -0.060490  -0.197230  0.977760  0.071319  0.073523  -0.057791  0.995618  0.001090  -0.000870  -0.001584  0.181626  0.246926  1.050790  2.000000  
146.020127 0.002540  0.092609  -0.007047  0.976844  0.204919  -0.061510  -0.200429  0.977057  0.072022  0.074857  -0.058026  0.995505  0.001355  -0.000804  -0.001603  0.198235  0.285532  1.163892  2.000000  
146.021137 0.002544  0.092607  -0.007048  0.976225  0.207609  -0.062309  -0.203026  0.976475  0.072641  0.075925  -0.058263  0.995410  0.001584  -0.000726  -0.001484  0.213219  0.316089  1.254952  2.000000  
146.022407 0.002548  0.092601  -0.007047  0.975493  0.210723  -0.063311  -0.206019  0.975787  0.073463  0.077259  -0.058619  0.995286  0.001818  -0.000841  -0.001278  0.233433  0.354580  1.359755  2.000000  
146.023629 0.002554  0.092593  -0.007047  0.974708  0.214036  -0.064293  -0.209209  0.975044  0.074305  0.078592  -0.058975  0.995161  0.002099  -0.001202  -0.001140  0.254706  0.393285  1.473930  2.000000  
146.024631 0.002558  0.092586  -0.007047  0.974028  0.216923  -0.064910  -0.212001  0.974384  0.075043  0.079526  -0.059333  0.995065  0.002383  -0.001599  -0.001121  0.274556  0.418874  1.572063  2.000000  
146.025882 0.002565  0.092576  -0.007047  0.973220  0.220241  -0.065856  -0.215185  0.973610  0.076016  0.080860  -0.059809  0.994929  0.002777  -0.002245  -0.001137  0.299932  0.457038  1.684910  2.000000  
146.027129 0.002570  0.092563  -0.007048  0.972489  0.223149  -0.066854  -0.217966  0.972926  0.076851  0.082193  -0.060165  0.994799  0.003201  -0.002951  -0.001022  0.320503  0.491592  1.783797  2.000000  
146.028382 0.002573  0.092549  -0.007049  0.971805  0.225847  -0.067734  -0.220546  0.972281  0.077649  0.083393  -0.060521  0.994677  0.003395  -0.003800  -0.000888  0.340352  0.526346  1.875244  2.000000  
146.029626 0.002578  0.092534  -0.007051  0.971056  0.228752  -0.068724  -0.223320  0.971579  0.078495  0.084727  -0.060876  0.994543  0.003615  -0.004882  -0.000719  0.361133  0.565432  1.974829  2.000000  
146.030627 0.002582  0.092522  -0.007052  0.970459  0.231032  -0.069527  -0.225498  0.971025  0.079127  0.085793  -0.061112  0.994437  0.003737  -0.005801  -0.000784  0.376092  0.596765  2.052963  2.000000  
146.031627 0.002586  0.092509  -0.007053  0.969867  0.233303  -0.070197  -0.227677  0.970467  0.079733  0.086726  -0.061348  0.994341  0.003796  -0.006719  -0.000810  0.390961  0.623543  2.130684  2.000000  
146.032629 0.002588  0.092498  -0.007054  0.969305  0.235382  -0.071012  -0.229652  0.969950  0.080358  0.087793  -0.061583  0.994233  0.003766  -0.007649  -0.000855  0.405675  0.650725  2.201563  2.000000  
146.033874 0.002590  0.092484  -0.007054  0.968620  0.237875  -0.072049  -0.232018  0.969327  0.081078  0.089125  -0.061817  0.994100  0.003602  -0.008431  -0.000691  0.410552  0.682966  2.219724  2.000000  
146.034879 0.002591  0.092473  -0.007055  0.968107  0.239745  -0.072745  -0.233792  0.968851  0.081665  0.090058  -0.062053  0.994001  0.003440  -0.009253  -0.000545  0.416444  0.704435  2.227932  2.000000  
146.036131 0.002591  0.092458  -0.007055  0.967420  0.242219  -0.073677  -0.236158  0.968228  0.082246  0.091257  -0.062167  0.993885  0.003145  -0.009954  -0.000500  0.414658  0.735961  2.262141  2.000000  
146.037404 0.002589  0.092442  -0.007053  0.966775  0.244502  -0.074593  -0.238321  0.967639  0.082934  0.092456  -0.062401  0.993759  0.002782  -0.010609  -0.000373  0.418601  0.764020  2.296177  2.000000  
146.038650 0.002586  0.092425  -0.007050  0.966137  0.246766  -0.075407  -0.240486  0.967056  0.083476  0.093522  -0.062515  0.993653  0.002104  -0.011305  -0.000279  0.414657  0.775347  2.324730  2.000000  
146.039880 0.002581  0.092406  -0.007049  0.965580  0.248649  -0.076353  -0.242248  0.966559  0.084142  0.094721  -0.062749  0.993524  0.001315  -0.011951  -0.000131  0.417696  0.786912  2.308289  2.000000  
146.040882 0.002574  0.092390  -0.007047  0.965131  0.250116  -0.077232  -0.243614  0.966173  0.084629  0.095787  -0.062863  0.993415  0.000558  -0.012411  -0.000026  0.411842  0.799754  2.286108  2.000000  
146.042129 0.002565  0.092369  -0.007046  0.964489  0.252214  -0.078413  -0.245566  0.965612  0.085383  0.097251  -0.063095  0.993258  -0.000318  -0.012948  0.000115  0.408209  0.818789  2.259961  2.000000  
146.043382 0.002554  0.092348  -0.007043  0.963906  0.254094  -0.079511  -0.247320  0.965112  0.085975  0.098583  -0.063207  0.993119  -0.001339  -0.013444  0.000436  0.402279  0.838766  2.236119  2.000000  
146.044392 0.002545  0.092330  -0.007041  0.963433  0.255568  -0.080514  -0.248679  0.964715  0.086506  0.099781  -0.063320  0.992993  -0.002249  -0.013769  0.000667  0.402044  0.858081  2.210120  2.000000  
146.045630 0.002533  0.092309  -0.007040  0.962892  0.257248  -0.081626  -0.250231  0.964261  0.087089  0.101113  -0.063432  0.992851  -0.003408  -0.014202  0.000855  0.393712  0.882269  2.160283  2.000000  
146.046878 0.002519  0.092287  -0.007039  0.962347  0.258928  -0.082736  -0.251782  0.963804  0.087677  0.102444  -0.063544  0.992707  -0.004522  -0.014663  0.000957  0.392503  0.898053  2.119825  2.000000  
146.047879 0.002505  0.092268  -0.007039  0.961837  0.260583  -0.083459  -0.253342  0.963351  0.088167  0.103375  -0.063658  0.992603  -0.005622  -0.015188  0.001020  0.387142  0.904205  2.085540  2.000000  
146.049127 0.002488  0.092246  -0.007040  0.961298  0.262243  -0.084469  -0.254894  0.962900  0.088610  0.104573  -0.063650  0.992478  -0.006825  -0.015700  0.000990  0.374436  0.908143  2.028353  2.000000  
146.050130 0.002473  0.092228  -0.007041  0.960887  0.263490  -0.085258  -0.256056  0.962560  0.088954  0.105504  -0.063644  0.992380  -0.007842  -0.016087  0.000917  0.365277  0.905909  1.974797  2.000000  
146.051375 0.002454  0.092209  -0.007042  0.960341  0.265149  -0.086265  -0.257605  0.962105  0.089404  0.106702  -0.063636  0.992253  -0.009080  -0.016400  0.000834  0.353955  0.904656  1.932079  2.000000  
146.052379 0.002438  0.092194  -0.007043  0.959911  0.266392  -0.087213  -0.258761  0.961770  0.089670  0.107766  -0.063508  0.992146  -0.010088  -0.016584  0.000657  0.340251  0.907689  1.892290  2.000000  
146.053381 0.002421  0.092178  -0.007045  0.959425  0.267844  -0.088108  -0.260114  0.961368  0.090073  0.108830  -0.063501  0.992030  -0.011027  -0.016653  0.000412  0.325922  0.909057  1.849618  2.000000  
146.054395 0.002403  0.092163  -0.007047  0.958951  0.269275  -0.088907  -0.261469  0.960976  0.090328  0.109761  -0.063374  0.991936  -0.012106  -0.016717  0.000170  0.307579  0.911293  1.794830  2.000000  
146.055629 0.002378  0.092143  -0.007050  0.958228  0.271514  -0.089887  -0.263605  0.960354  0.090730  0.110958  -0.063245  0.991811  -0.013278  -0.016770  -0.000190  0.289645  0.909247  1.767333  2.000000  
146.056629 0.002359  0.092128  -0.007053  0.957706  0.273133  -0.090538  -0.265159  0.959903  0.090974  0.111756  -0.063119  0.991729  -0.014121  -0.016691  -0.000457  0.273090  0.901430  1.746312  2.000000  
146.057879 0.002334  0.092110  -0.007055  0.957098  0.274965  -0.091425  -0.266901  0.959389  0.091310  0.112819  -0.062991  0.991617  -0.014971  -0.016429  -0.000679  0.255602  0.894484  1.711642  2.000000  
146.058879 0.002314  0.092096  -0.007055  0.956610  0.276393  -0.092221  -0.268251  0.958987  0.091576  0.113750  -0.062864  0.991519  -0.015702  -0.016179  -0.000893  0.242304  0.896071  1.684239  2.000000  
146.059880 0.002295  0.092083  -0.007056  0.956134  0.277812  -0.092889  -0.269605  0.958585  0.091809  0.114547  -0.062738  0.991435  -0.016471  -0.015900  -0.001077  0.225606  0.887893  1.655710  2.000000  
146.060882 0.002275  0.092070  -0.007057  0.955529  0.279633  -0.093646  -0.271346  0.958063  0.092118  0.115478  -0.062611  0.991335  -0.017119  -0.015608  -0.001182  0.213584  0.884172  1.641574  2.000000  
146.062129 0.002251  0.092053  -0.007059  0.954834  0.281665  -0.094638  -0.273274  0.957476  0.092523  0.116674  -0.062482  0.991203  -0.017731  -0.015180  -0.001322  0.196363  0.885712  1.614013  2.000000  
146.063374 0.002227  0.092037  -0.007062  0.954191  0.283488  -0.095682  -0.275004  0.956954  0.092796  0.117870  -0.062233  0.991077  -0.018106  -0.014840  -0.001481  0.180371  0.883069  1.601164  2.000000  
146.064390 0.002208  0.092024  -0.007065  0.953645  0.285100  -0.096327  -0.276549  0.956484  0.093059  0.118667  -0.062106  0.990990  -0.018475  -0.014463  -0.001666  0.172994  0.874501  1.593457  2.000000  
146.065626 0.002186  0.092007  -0.007071  0.952951  0.287109  -0.097223  -0.278476  0.955899  0.093323  0.119729  -0.061858  0.990878  -0.018726  -0.014155  -0.002029  0.157011  0.875299  1.579539  2.000000  
146.066877 0.002166  0.091991  -0.007077  0.952253  0.289116  -0.098118  -0.280400  0.955310  0.093591  0.120792  -0.061610  0.990764  -0.018769  -0.014003  -0.002295  0.141017  0.870862  1.564177  2.000000  
146.068124 0.002147  0.091976  -0.007084  0.951564  0.291101  -0.098921  -0.282328  0.954730  0.093709  0.121722  -0.061242  0.990673  -0.018614  -0.013771  -0.002645  0.126592  0.863250  1.565048  2.000000  
146.069130 0.002132  0.091964  -0.007090  0.951004  0.292696  -0.099600  -0.283867  0.954258  0.093868  0.122519  -0.060996  0.990590  -0.018360  -0.013555  -0.002962  0.115430  0.857862  1.563151  2.000000  
146.070375 0.002115  0.091948  -0.007100  0.950409  0.294293  -0.100567  -0.285395  0.953790  0.093990  0.123581  -0.060627  0.990481  -0.017897  -0.013255  -0.003341  0.100633  0.855661  1.558262  2.000000  
146.071385 0.002103  0.091937  -0.007107  0.949918  0.295694  -0.101102  -0.286740  0.953365  0.094210  0.124245  -0.060502  0.990405  -0.017342  -0.012928  -0.003710  0.088357  0.840592  1.547386  2.000000  
146.072629 0.002088  0.091923  -0.007117  0.949273  0.297490  -0.101887  -0.288466  0.952822  0.094436  0.125174  -0.060255  0.990303  -0.016660  -0.012658  -0.004237  0.078629  0.824137  1.547683  2.000000  
146.073879 0.002075  0.091909  -0.007127  0.948564  0.299480  -0.102652  -0.290385  0.952214  0.094686  0.126103  -0.060007  0.990201  -0.015936  -0.012449  -0.004774  0.065031  0.805928  1.553188  2.000000  
146.075129 0.002063  0.091897  -0.007137  0.947928  0.301264  -0.103309  -0.292112  0.951666  0.094879  0.126899  -0.059761  0.990114  -0.015033  -0.012195  -0.005478  0.054385  0.786360  1.557551  2.000000  
146.076129 0.002055  0.091887  -0.007144  0.947364  0.302844  -0.103859  -0.293648  0.951180  0.095015  0.127563  -0.059516  0.990043  -0.014262  -0.011954  -0.005891  0.044260  0.772598  1.563430  2.000000  
146.077381 0.002045  0.091875  -0.007154  0.946704  0.304634  -0.104642  -0.295367  0.950624  0.095253  0.128492  -0.059268  0.989938  -0.013415  -0.011675  -0.006288  0.033640  0.763537  1.562249  2.000000  
146.078385 0.002037  0.091866  -0.007160  0.946240  0.305828  -0.105356  -0.296505  0.950256  0.095389  0.129288  -0.059022  0.989849  -0.012536  -0.011313  -0.006600  0.026800  0.759169  1.561562  2.000000  
146.079628 0.002028  0.091856  -0.007169  0.945589  0.307607  -0.106012  -0.298226  0.949696  0.095593  0.130084  -0.058776  0.989759  -0.011604  -0.010919  -0.006867  0.020983  0.745564  1.567485  2.000000  
146.080878 0.002020  0.091847  -0.007176  0.944919  0.309380  -0.106831  -0.299941  0.949143  0.095724  0.131013  -0.058408  0.989659  -0.010708  -0.010457  -0.006953  0.011722  0.738913  1.567952  2.000000  
146.082125 0.002012  0.091838  -0.007184  0.944306  0.310956  -0.107669  -0.301459  0.948650  0.095836  0.131941  -0.058041  0.989557  -0.009994  -0.010055  -0.007022  0.001323  0.725992  1.567077  2.000000  
146.083382 0.002004  0.091829  -0.007191  0.943645  0.312718  -0.108361  -0.303176  0.948093  0.095934  0.132737  -0.057675  0.989472  -0.009144  -0.009497  -0.007042  -0.005912  0.710145  1.570920  2.000000  
146.084390 0.001999  0.091823  -0.007197  0.943202  0.313892  -0.108823  -0.304319  0.947720  0.096000  0.133267  -0.057431  0.989415  -0.008567  -0.009097  -0.006969  -0.008063  0.695503  1.564507  2.000000  
146.085626 0.001991  0.091816  -0.007205  0.942534  0.315638  -0.109553  -0.306033  0.947169  0.095987  0.134063  -0.056944  0.989335  -0.008048  -0.008617  -0.006875  -0.020348  0.683392  1.549544  2.000000  
146.086626 0.001985  0.091811  -0.007211  0.942007  0.316999  -0.110159  -0.307363  0.946737  0.096006  0.134726  -0.056579  0.989266  -0.007629  -0.008223  -0.006788  -0.028172  0.679733  1.542163  2.000000  
146.087631 0.001979  0.091805  -0.007219  0.941494  0.318351  -0.110640  -0.308698  0.946305  0.095985  0.135256  -0.056215  0.989215  -0.007193  -0.007784  -0.006735  -0.037062  0.668602  1.539782  2.000000  
146.088878 0.001971  0.091798  -0.007229  0.940881  0.319898  -0.111391  -0.310214  0.945811  0.095957  0.136051  -0.055729  0.989133  -0.006925  -0.007435  -0.006804  -0.046735  0.658699  1.533245  2.000000  
146.089882 0.001965  0.091792  -0.007239  0.940411  0.321061  -0.112017  -0.311348  0.945439  0.095958  0.136714  -0.055364  0.989062  -0.006684  -0.007072  -0.006897  -0.056574  0.652243  1.524113  2.000000  
146.091128 0.001954  0.091784  -0.007251  0.939745  0.322820  -0.112545  -0.313060  0.944854  0.096146  0.137377  -0.055119  0.988984  -0.006708  -0.006851  -0.007121  -0.056950  0.635598  1.509273  2.000000  
146.092128 0.001946  0.091778  -0.007262  0.939206  0.324189  -0.113113  -0.314385  0.944400  0.096289  0.138039  -0.054874  0.988905  -0.006696  -0.006634  -0.007320  -0.062713  0.630106  1.503334  2.000000  
146.093129 0.001937  0.091771  -0.007272  0.938746  0.325355  -0.113574  -0.315521  0.944012  0.096368  0.138569  -0.054630  0.988845  -0.006804  -0.006522  -0.007596  -0.064611  0.614461  1.493553  2.000000  
146.094130 0.001927  0.091764  -0.007282  0.938268  0.326528  -0.114161  -0.316651  0.943622  0.096491  0.139232  -0.054385  0.988765  -0.006921  -0.006354  -0.007815  -0.069436  0.611357  1.480055  2.000000  
146.095381 0.001915  0.091756  -0.007294  0.937657  0.328075  -0.114748  -0.318166  0.943106  0.096548  0.139894  -0.054020  0.988692  -0.007217  -0.006284  -0.008053  -0.074021  0.598840  1.464459  2.000000  
146.096627 0.001902  0.091747  -0.007306  0.937091  0.329446  -0.115440  -0.319481  0.942642  0.096741  0.140689  -0.053774  0.988592  -0.007518  -0.006251  -0.008321  -0.075412  0.591528  1.443314  2.000000  
146.097877 0.001888  0.091739  -0.007317  0.936474  0.330990  -0.116026  -0.320993  0.942121  0.096802  0.141352  -0.053409  0.988518  -0.007974  -0.006258  -0.008642  -0.076096  0.583810  1.428563  2.000000  
146.099124 0.001874  0.091730  -0.007328  0.935836  0.332540  -0.116738  -0.322498  0.941596  0.096909  0.142146  -0.053043  0.988423  -0.008385  -0.006317  -0.008849  -0.078421  0.579569  1.416791  2.000000  
146.100124 0.001863  0.091723  -0.007337  0.935299  0.333880  -0.117220  -0.323821  0.941142  0.096908  0.142676  -0.052680  0.988367  -0.008771  -0.006389  -0.009047  -0.081527  0.571007  1.415749  2.000000  
146.101125 0.001852  0.091717  -0.007345  0.934759  0.335220  -0.117701  -0.325143  0.940686  0.096908  0.143206  -0.052316  0.988309  -0.009183  -0.006476  -0.009187  -0.083748  0.562278  1.422056  2.000000  
146.102172 0.001841  0.091711  -0.007352  0.934351  0.336172  -0.118223  -0.326080  0.940367  0.096861  0.143735  -0.051952  0.988252  -0.009510  -0.006469  -0.009168  -0.091075  0.554637  1.403276  2.000000  
146.103375 0.001827  0.091704  -0.007361  0.933789  0.337502  -0.118871  -0.327394  0.939917  0.096794  0.144397  -0.051468  0.988180  -0.009837  -0.006476  -0.009071  -0.098566  0.551797  1.386706  2.000000  
146.104393 0.001817  0.091697  -0.007367  0.933379  0.338437  -0.119435  -0.328330  0.939607  0.096636  0.144927  -0.050984  0.988128  -0.010123  -0.006521  -0.008881  -0.111723  0.548422  1.372318  2.000000  
146.105630 0.001803  0.091689  -0.007375  0.932813  0.339765  -0.120083  -0.329642  0.939154  0.096573  0.145589  -0.050500  0.988055  -0.010402  -0.006572  -0.008601  -0.120281  0.542024  1.348380  2.000000  
146.106630 0.001792  0.091680  -0.007382  0.932400  0.340698  -0.120648  -0.330576  0.938841  0.096418  0.146118  -0.050017  0.988002  -0.010607  -0.006738  -0.008332  -0.133530  0.534217  1.333904  2.000000  
146.107879 0.001778  0.091669  -0.007391  0.931917  0.341824  -0.121192  -0.331701  0.938458  0.096289  0.146648  -0.049533  0.987948  -0.010775  -0.006900  -0.008035  -0.143594  0.522388  1.312350  2.000000  
146.109128 0.001764  0.091657  -0.007399  0.931432  0.342949  -0.121738  -0.332826  0.938073  0.096161  0.147177  -0.049050  0.987893  -0.010890  -0.007154  -0.007806  -0.149720  0.514070  1.300897  2.000000  
146.110385 0.001751  0.091644  -0.007408  0.931015  0.343880  -0.122303  -0.333758  0.937757  0.096010  0.147706  -0.048567  0.987838  -0.010909  -0.007442  -0.007558  -0.159763  0.503063  1.269038  2.000000  
146.111631 0.001738  0.091630  -0.007417  0.930596  0.344825  -0.122827  -0.334689  0.937429  0.095973  0.148236  -0.048204  0.987777  -0.010934  -0.007856  -0.007374  -0.162835  0.496106  1.241090  2.000000  
146.112877 0.001726  0.091615  -0.007426  0.930176  0.345769  -0.123351  -0.335620  0.937099  0.095938  0.148765  -0.047840  0.987715  -0.010837  -0.008240  -0.007273  -0.161740  0.488399  1.223605  2.000000  
146.114130 0.001713  0.091600  -0.007435  0.929825  0.346519  -0.123896  -0.336359  0.936841  0.095879  0.149294  -0.047477  0.987652  -0.010753  -0.008703  -0.007134  -0.168134  0.481821  1.192197  2.000000  
146.115382 0.001700  0.091585  -0.007445  0.929491  0.347264  -0.124316  -0.337104  0.936583  0.095775  0.149691  -0.047115  0.987610  -0.010625  -0.009159  -0.007001  -0.168176  0.470404  1.156338  2.000000  
146.116626 0.001688  0.091570  -0.007453  0.929138  0.348013  -0.124860  -0.337842  0.936323  0.095717  0.150220  -0.046752  0.987547  -0.010542  -0.009600  -0.006944  -0.169076  0.463634  1.126137  2.000000  
146.117628 0.001679  0.091558  -0.007459  0.928961  0.348365  -0.125196  -0.338210  0.936210  0.095518  0.150485  -0.046390  0.987523  -0.010449  -0.010068  -0.006844  -0.173551  0.456936  1.091607  2.000000  
146.118631 0.001670  0.091548  -0.007464  0.928695  0.348915  -0.125636  -0.338763  0.936024  0.095391  0.150882  -0.046028  0.987480  -0.010322  -0.010363  -0.006783  -0.175218  0.449451  1.065393  2.000000  
146.119877 0.001659  0.091534  -0.007471  0.928448  0.349458  -0.125953  -0.339323  0.935838  0.095219  0.151146  -0.045667  0.987456  -0.010172  -0.010666  -0.006693  -0.176289  0.433898  1.035549  2.000000  
146.120887 0.001650  0.091525  -0.007474  0.928200  0.349987  -0.126312  -0.339882  0.935664  0.094933  0.151411  -0.045186  0.987438  -0.009960  -0.010821  -0.006468  -0.191350  0.426322  1.001791  2.000000  
146.122129 0.001640  0.091512  -0.007479  0.928003  0.350312  -0.126857  -0.340244  0.935571  0.094554  0.151807  -0.044584  0.987404  -0.009735  -0.010963  -0.006224  -0.205016  0.415575  0.960194  2.000000  
146.123129 0.001632  0.091502  -0.007482  0.927824  0.350647  -0.127236  -0.340612  0.935469  0.094244  0.152072  -0.044103  0.987385  -0.009510  -0.011004  -0.005954  -0.217832  0.408660  0.925364  2.000000  
146.124132 0.001625  0.091493  -0.007485  0.927646  0.350981  -0.127616  -0.340980  0.935366  0.093934  0.152336  -0.043623  0.987366  -0.009274  -0.010947  -0.005691  -0.229668  0.396993  0.897388  2.000000  
146.125381 0.001616  0.091481  -0.007488  0.927397  0.351492  -0.128019  -0.341538  0.935202  0.093536  0.152601  -0.043022  0.987351  -0.009014  -0.010876  -0.005321  -0.245403  0.385016  0.868628  2.000000  
146.126384 0.001609  0.091472  -0.007490  0.927218  0.351826  -0.128399  -0.341906  0.935098  0.093227  0.152865  -0.042541  0.987331  -0.008732  -0.010717  -0.004954  -0.257204  0.373170  0.840370  2.000000  
146.127629 0.001602  0.091460  -0.007493  0.927038  0.352159  -0.128779  -0.342274  0.934995  0.092918  0.153130  -0.042060  0.987311  -0.008387  -0.010481  -0.004548  -0.267064  0.362115  0.798658  2.000000  
146.128879 0.001595  0.091449  -0.007496  0.926859  0.352492  -0.129160  -0.342641  0.934891  0.092609  0.153394  -0.041580  0.987290  -0.007973  -0.010217  -0.004095  -0.276832  0.346419  0.756487  2.000000  
146.129879 0.001591  0.091440  -0.007499  0.926698  0.352835  -0.129374  -0.343015  0.934777  0.092368  0.153526  -0.041220  0.987284  -0.007586  -0.009986  -0.003789  -0.281711  0.334848  0.721511  2.000000  
146.131126 0.001585  0.091430  -0.007502  0.926519  0.353167  -0.129755  -0.343383  0.934673  0.092059  0.153791  -0.040739  0.987263  -0.007178  -0.009751  -0.003518  -0.291703  0.323700  0.679854  2.000000  
146.132381 0.001581  0.091419  -0.007507  0.926287  0.353702  -0.129951  -0.343948  0.934486  0.091845  0.153923  -0.040379  0.987257  -0.006653  -0.009419  -0.003250  -0.287331  0.307254  0.651301  2.000000  
146.133630 0.001577  0.091409  -0.007511  0.926126  0.354044  -0.130166  -0.344322  0.934372  0.091605  0.154055  -0.040019  0.987251  -0.006202  -0.009227  -0.003112  -0.288178  0.291155  0.616155  2.000000  
146.134649 0.001574  0.091401  -0.007515  0.925965  0.354387  -0.130381  -0.344696  0.934258  0.091364  0.154187  -0.039659  0.987245  -0.005738  -0.008989  -0.003011  -0.286882  0.278758  0.594619  2.000000  
146.135875 0.001571  0.091392  -0.007520  0.925823  0.354708  -0.130515  -0.345077  0.934156  0.090965  0.154187  -0.039180  0.987264  -0.005289  -0.008842  -0.003079  -0.291655  0.259967  0.568766  2.000000  
146.136877 0.001570  0.091385  -0.007524  0.925732  0.354858  -0.130749  -0.345261  0.934114  0.090698  0.154320  -0.038819  0.987258  -0.004823  -0.008595  -0.003065  -0.291566  0.252497  0.541079  2.000000  
146.137887 0.001569  0.091379  -0.007527  0.925590  0.355195  -0.130841  -0.345642  0.934001  0.090412  0.154320  -0.038460  0.987272  -0.004304  -0.008365  -0.003069  -0.293816  0.233513  0.516953  2.000000  
146.139130 0.001569  0.091372  -0.007530  0.925428  0.355521  -0.131100  -0.346016  0.933896  0.090059  0.154452  -0.037980  0.987270  -0.003702  -0.008014  -0.003036  -0.297961  0.221597  0.489121  2.000000  
146.140381 0.001570  0.091367  -0.007534  0.925286  0.355841  -0.131236  -0.346397  0.933794  0.089660  0.154452  -0.037501  0.987288  -0.002993  -0.007569  -0.003118  -0.301505  0.207183  0.470806  2.000000  
146.141638 0.001572  0.091362  -0.007537  0.925143  0.356162  -0.131372  -0.346778  0.933690  0.089261  0.154452  -0.037022  0.987306  -0.002284  -0.007103  -0.003091  -0.307930  0.187776  0.446119  2.000000  
146.142879 0.001575  0.091358  -0.007538  0.925000  0.356483  -0.131508  -0.347158  0.933587  0.088862  0.154452  -0.036543  0.987324  -0.001646  -0.006661  -0.002984  -0.315135  0.170927  0.424894  2.000000  
146.144128 0.001579  0.091354  -0.007540  0.924857  0.356803  -0.131644  -0.347539  0.933483  0.088463  0.154452  -0.036064  0.987342  -0.001000  -0.006163  -0.002872  -0.321589  0.156593  0.413981  2.000000  
146.145129 0.001583  0.091352  -0.007540  0.924714  0.357140  -0.131738  -0.347920  0.933368  0.088178  0.154452  -0.035705  0.987355  -0.000419  -0.005766  -0.002708  -0.326333  0.145162  0.403180  2.000000  
146.146388 0.001588  0.091348  -0.007542  0.924571  0.357460  -0.131875  -0.348301  0.933264  0.087779  0.154452  -0.035226  0.987372  0.000301  -0.005240  -0.002562  -0.332240  0.127858  0.388483  2.000000  
146.147631 0.001593  0.091346  -0.007543  0.924427  0.357796  -0.131969  -0.348681  0.933148  0.087494  0.154452  -0.034867  0.987385  0.000956  -0.004709  -0.002323  -0.329255  0.114868  0.381163  2.000000  
146.148876 0.001599  0.091343  -0.007544  0.924212  0.358325  -0.132046  -0.349252  0.932959  0.087236  0.154452  -0.034507  0.987398  0.001602  -0.004232  -0.002128  -0.330604  0.105145  0.377695  2.000000  
146.149877 0.001603  0.091340  -0.007547  0.924140  0.358469  -0.132158  -0.349443  0.932917  0.086924  0.154452  -0.034148  0.987410  0.001961  -0.003989  -0.002042  -0.331233  0.093227  0.366475  2.000000  
146.150878 0.001607  0.091337  -0.007549  0.924015  0.358816  -0.132086  -0.349830  0.932792  0.086705  0.154320  -0.033909  0.987439  0.002456  -0.003603  -0.001885  -0.324566  0.083683  0.363187  2.000000  
146.151883 0.001612  0.091334  -0.007552  0.923871  0.359152  -0.132181  -0.350211  0.932676  0.086420  0.154320  -0.033550  0.987451  0.002863  -0.003355  -0.001833  -0.318922  0.071047  0.365491  2.000000  
146.153126 0.001617  0.091331  -0.007556  0.923727  0.359488  -0.132276  -0.350591  0.932559  0.086135  0.154320  -0.033191  0.987463  0.003233  -0.003115  -0.001863  -0.312246  0.061711  0.362142  2.000000  
146.154128 0.001622  0.091329  -0.007559  0.923582  0.359840  -0.132328  -0.350971  0.932432  0.085963  0.154320  -0.032951  0.987471  0.003540  -0.002907  -0.001921  -0.304110  0.052929  0.361767  2.000000  
146.155131 0.001627  0.091326  -0.007563  0.923457  0.360188  -0.132256  -0.351359  0.932306  0.085745  0.154187  -0.032712  0.987500  0.003837  -0.002738  -0.001940  -0.295443  0.040304  0.357396  2.000000  
146.156131 0.001631  0.091324  -0.007567  0.923385  0.360348  -0.132326  -0.351549  0.932253  0.085546  0.154187  -0.032473  0.987508  0.004021  -0.002608  -0.002087  -0.288326  0.031708  0.350226  2.000000  
146.157381 0.001637  0.091323  -0.007571  0.923259  0.360679  -0.132299  -0.351937  0.932137  0.085214  0.154055  -0.032114  0.987540  0.004227  -0.002429  -0.002224  -0.284848  0.022399  0.353712  2.000000  
146.158384 0.001641  0.091321  -0.007575  0.923114  0.361031  -0.132351  -0.352317  0.932009  0.085042  0.154055  -0.031874  0.987548  0.004304  -0.002372  -0.002393  -0.280044  0.013980  0.349426  2.000000  
146.159628 0.001646  0.091319  -0.007578  0.923042  0.361175  -0.132465  -0.352507  0.931966  0.084730  0.154055  -0.031515  0.987560  0.004348  -0.002235  -0.002546  -0.279322  0.005339  0.340132  2.000000  
146.160631 0.001650  0.091318  -0.007581  0.922916  0.361522  -0.132394  -0.352894  0.931839  0.084512  0.153923  -0.031276  0.987588  0.004342  -0.002120  -0.002718  -0.272933  -0.003490  0.341950  2.000000  
146.161633 0.001653  0.091317  -0.007583  0.922843  0.361666  -0.132509  -0.353084  0.931795  0.084200  0.153923  -0.030917  0.987599  0.004250  -0.002081  -0.002795  -0.274742  -0.007817  0.339015  2.000000  
146.162877 0.001656  0.091315  -0.007587  0.922770  0.361809  -0.132623  -0.353274  0.931751  0.083888  0.153923  -0.030557  0.987610  0.004116  -0.002015  -0.002892  -0.276813  -0.011664  0.325277  2.000000  
146.163880 0.001658  0.091313  -0.007589  0.922698  0.361969  -0.132693  -0.353464  0.931697  0.083689  0.153923  -0.030318  0.987618  0.003944  -0.001936  -0.002968  -0.272002  -0.015893  0.320987  2.000000  
146.165124 0.001660  0.091311  -0.007591  0.922625  0.362113  -0.132808  -0.353654  0.931653  0.083378  0.153923  -0.029958  0.987629  0.003715  -0.001860  -0.002924  -0.270809  -0.019867  0.311426  2.000000  
146.166129 0.001661  0.091310  -0.007592  0.922552  0.362272  -0.132879  -0.353844  0.931598  0.083179  0.153923  -0.029719  0.987636  0.003479  -0.001742  -0.002874  -0.270010  -0.024192  0.307007  2.000000  
146.167380 0.001662  0.091308  -0.007594  0.922479  0.362416  -0.132993  -0.354034  0.931554  0.082867  0.153923  -0.029359  0.987647  0.003139  -0.001659  -0.002707  -0.267794  -0.023882  0.304496  2.000000  
146.168631 0.001662  0.091306  -0.007596  0.922406  0.362575  -0.133064  -0.354224  0.931500  0.082669  0.153923  -0.029120  0.987654  0.002752  -0.001555  -0.002578  -0.259892  -0.027979  0.293203  2.000000  
146.169877 0.001661  0.091305  -0.007598  0.922406  0.362543  -0.133152  -0.354224  0.931520  0.082443  0.153923  -0.028880  0.987661  0.002406  -0.001476  -0.002430  -0.254788  -0.027434  0.284044  2.000000  
146.170880 0.001661  0.091304  -0.007600  0.922314  0.362706  -0.133347  -0.354406  0.931463  0.082292  0.154055  -0.028640  0.987647  0.002036  -0.001391  -0.002274  -0.249774  -0.022832  0.279700  2.000000  
146.172129 0.001660  0.091302  -0.007603  0.922314  0.362673  -0.133435  -0.354406  0.931483  0.082066  0.154055  -0.028400  0.987654  0.001566  -0.001389  -0.002194  -0.243771  -0.022281  0.266059  2.000000  
146.173129 0.001660  0.091301  -0.007605  0.922314  0.362657  -0.133479  -0.354406  0.931493  0.081953  0.154055  -0.028281  0.987657  0.001259  -0.001334  -0.002086  -0.237740  -0.021767  0.252385  2.000000  
146.174135 0.001658  0.091300  -0.007608  0.922333  0.362621  -0.133443  -0.354414  0.931515  0.081679  0.153923  -0.028041  0.987685  0.000902  -0.001334  -0.002049  -0.235888  -0.025750  0.238657  2.000000  
146.175382 0.001657  0.091299  -0.007611  0.922333  0.362589  -0.133531  -0.354414  0.931534  0.081453  0.153923  -0.027802  0.987692  0.000496  -0.001334  -0.002008  -0.226843  -0.025226  0.229849  2.000000  
146.176631 0.001656  0.091298  -0.007613  0.922333  0.362573  -0.133575  -0.354414  0.931544  0.081340  0.153923  -0.027682  0.987695  0.000235  -0.001271  -0.002002  -0.221924  -0.024522  0.209517  2.000000  
146.177879 0.001654  0.091296  -0.007615  0.922406  0.362349  -0.133680  -0.354224  0.931639  0.081087  0.153923  -0.027442  0.987702  -0.000131  -0.001234  -0.001887  -0.218832  -0.024006  0.190782  2.000000  
146.178879 0.001654  0.091296  -0.007616  0.922406  0.362316  -0.133768  -0.354224  0.931658  0.080861  0.153923  -0.027203  0.987708  -0.000294  -0.001169  -0.001860  -0.216872  -0.023520  0.177107  2.000000  
146.180125 0.001652  0.091295  -0.007617  0.922406  0.362300  -0.133812  -0.354224  0.931668  0.080748  0.153923  -0.027083  0.987712  -0.000507  -0.001079  -0.001716  -0.209135  -0.022866  0.162115  2.000000  
146.181126 0.001652  0.091295  -0.007616  0.922479  0.362076  -0.133916  -0.354034  0.931762  0.080494  0.153923  -0.026843  0.987718  -0.000601  -0.001007  -0.001601  -0.210036  -0.017886  0.143126  2.000000  
146.182126 0.001652  0.091295  -0.007616  0.922479  0.362059  -0.133960  -0.354034  0.931772  0.080381  0.153923  -0.026724  0.987721  -0.000673  -0.000890  -0.001477  -0.210382  -0.017304  0.128367  2.000000  
146.183383 0.001652  0.091295  -0.007614  0.922552  0.361835  -0.134064  -0.353844  0.931866  0.080128  0.153923  -0.026484  0.987728  -0.000685  -0.000744  -0.001200  -0.207135  -0.016779  0.108917  2.000000  
146.184390 0.001651  0.091296  -0.007613  0.922552  0.361819  -0.134108  -0.353844  0.931876  0.080015  0.153923  -0.026364  0.987731  -0.000678  -0.000581  -0.001000  -0.206565  -0.011971  0.101416  2.000000  
146.185627 0.001652  0.091298  -0.007611  0.922625  0.361611  -0.134169  -0.353654  0.931960  0.079874  0.153923  -0.026244  0.987734  -0.000599  -0.000403  -0.000699  -0.202691  -0.011138  0.074297  2.000000  
146.186629 0.001653  0.091299  -0.007609  0.922625  0.361594  -0.134213  -0.353654  0.931969  0.079761  0.153923  -0.026125  0.987737  -0.000548  -0.000262  -0.000465  -0.198352  -0.010809  0.061247  2.000000  
146.187631 0.001654  0.091301  -0.007608  0.922698  0.361386  -0.134273  -0.353464  0.932054  0.079620  0.153923  -0.026005  0.987741  -0.000418  -0.000054  -0.000269  -0.196385  -0.005900  0.047706  2.000000  
146.188880 0.001655  0.091304  -0.007606  0.922698  0.361370  -0.134317  -0.353464  0.932063  0.079507  0.153923  -0.025885  0.987744  -0.000266  0.000214  0.000064  -0.190372  -0.005490  0.034041  2.000000  
146.189882 0.001656  0.091305  -0.007606  0.922770  0.361162  -0.134377  -0.353274  0.932147  0.079366  0.153923  -0.025765  0.987747  -0.000102  0.000432  0.000292  -0.188402  -0.005088  0.020371  2.000000  
146.191129 0.001657  0.091308  -0.007605  0.922770  0.361162  -0.134377  -0.353274  0.932147  0.079366  0.153923  -0.025765  0.987747  0.000098  0.000673  0.000539  0.000000  0.000000  0.000000  2.000000  
146.192381 0.001659  0.091311  -0.007604  0.922862  0.360950  -0.134313  -0.353092  0.932232  0.079178  0.153791  -0.025646  0.987771  0.000268  0.000892  0.000711  0.000000  0.000000  0.000000  2.000000  
146.193383 0.001661  0.091312  -0.007604  0.922862  0.360934  -0.134357  -0.353092  0.932242  0.079065  0.153791  -0.025526  0.987774  0.000447  0.001088  0.000772  0.000000  0.000000  0.000000  2.000000  
146.194395 0.001663  0.091314  -0.007604  0.922935  0.360726  -0.134417  -0.352902  0.932326  0.078925  0.153791  -0.025406  0.987777  0.000641  0.001240  0.000853  0.000000  0.000000  0.000000  2.000000  
146.195630 0.001665  0.091316  -0.007604  0.922935  0.360726  -0.134417  -0.352902  0.932326  0.078925  0.153791  -0.025406  0.987777  0.000813  0.001402  0.000827  0.000000  0.000000  0.000000  2.000000  
146.196631 0.001667  0.091318  -0.007604  0.922935  0.360710  -0.134461  -0.352902  0.932335  0.078812  0.153791  -0.025286  0.987780  0.001023  0.001565  0.000791  0.000000  0.000000  0.000000  2.000000  
146.197877 0.001670  0.091321  -0.007604  0.922935  0.360710  -0.134461  -0.352902  0.932335  0.078812  0.153791  -0.025286  0.987780  0.001219  0.001706  0.000742  0.000000  0.000000  0.000000  2.000000  
146.199125 0.001672  0.091322  -0.007603  0.922988  0.360504  -0.134644  -0.352704  0.932418  0.078718  0.153923  -0.025166  0.987762  0.001377  0.001745  0.000681  0.000000  0.000000  0.000000  2.000000  
146.200127 0.001674  0.091324  -0.007602  0.922988  0.360504  -0.134644  -0.352704  0.932418  0.078718  0.153923  -0.025166  0.987762  0.001474  0.001787  0.000619  0.000000  0.000000  0.000000  2.000000  
146.201380 0.001677  0.091326  -0.007601  0.922988  0.360504  -0.134644  -0.352704  0.932418  0.078718  0.153923  -0.025166  0.987762  0.001618  0.001811  0.000594  0.000000  0.000000  0.000000  2.000000  
146.202388 0.001679  0.091328  -0.007600  0.922988  0.360504  -0.134644  -0.352704  0.932418  0.078718  0.153923  -0.025166  0.987762  0.001707  0.001836  0.000565  0.000000  0.000000  0.000000  2.000000  
146.203625 0.001681  0.091330  -0.007599  0.922969  0.360491  -0.134812  -0.352697  0.932426  0.078652  0.154055  -0.025046  0.987745  0.001760  0.001833  0.000570  0.000000  0.000000  0.000000  2.000000  
146.204634 0.001682  0.091332  -0.007597  0.922969  0.360491  -0.134812  -0.352697  0.932426  0.078652  0.154055  -0.025046  0.987745  0.001804  0.001818  0.000598  0.000000  0.000000  0.000000  2.000000  
146.205880 0.001684  0.091334  -0.007596  0.922969  0.360491  -0.134812  -0.352697  0.932426  0.078652  0.154055  -0.025046  0.987745  0.001799  0.001798  0.000642  0.000000  0.000000  0.000000  2.000000  
146.206882 0.001685  0.091336  -0.007595  0.922969  0.360491  -0.134812  -0.352697  0.932426  0.078652  0.154055  -0.025046  0.987745  0.001799  0.001798  0.000642  0.000000  0.000000  0.000000  2.000000  
146.208128 0.001687  0.091339  -0.007593  0.922969  0.360475  -0.134855  -0.352697  0.932436  0.078539  0.154055  -0.024926  0.987748  0.001774  0.001800  0.000717  0.000000  0.000000  0.000000  2.000000  
146.209130 0.001688  0.091340  -0.007593  0.922969  0.360475  -0.134855  -0.352697  0.932436  0.078539  0.154055  -0.024926  0.987748  0.001689  0.001761  0.000740  0.000000  0.000000  0.000000  2.000000  
146.210391 0.001689  0.091343  -0.007592  0.922969  0.360475  -0.134855  -0.352697  0.932436  0.078539  0.154055  -0.024926  0.987748  0.001653  0.001787  0.000798  0.000000  0.000000  0.000000  2.000000  
146.211631 0.001691  0.091344  -0.007591  0.922969  0.360491  -0.134812  -0.352697  0.932426  0.078652  0.154055  -0.025046  0.987745  0.001602  0.001765  0.000852  0.000000  0.000000  0.000000  2.000000  
146.212874 0.001692  0.091346  -0.007591  0.922969  0.360491  -0.134812  -0.352697  0.932426  0.078652  0.154055  -0.025046  0.987745  0.001479  0.001717  0.000853  0.000000  0.000000  0.000000  2.000000  
146.213877 0.001693  0.091347  -0.007591  0.922969  0.360491  -0.134812  -0.352697  0.932426  0.078652  0.154055  -0.025046  0.987745  0.001412  0.001667  0.000809  0.000000  0.000000  0.000000  2.000000  
146.214878 0.001694  0.091348  -0.007590  0.922950  0.360494  -0.134935  -0.352689  0.932425  0.078699  0.154187  -0.025045  0.987724  0.001346  0.001618  0.000810  0.000000  0.000000  0.000000  2.000000  
146.215880 0.001695  0.091349  -0.007590  0.922950  0.360494  -0.134935  -0.352689  0.932425  0.078699  0.154187  -0.025045  0.987724  0.001233  0.001543  0.000781  0.000000  0.000000  0.000000  2.000000  
146.217124 0.001696  0.091349  -0.007589  0.922950  0.360511  -0.134891  -0.352689  0.932416  0.078812  0.154187  -0.025165  0.987721  0.001198  0.001448  0.000768  0.000000  0.000000  0.000000  2.000000  
