1-Time 2-Px 3-Py 4-Pz 5-R11 6-R21 7-R31 8-R12 9-R22 10-R32 11-R13 12-R23 13-R33 14-Vx 15-Vy 16-Vz 17-Wx 18-Wy 19-Wz 20-state 21-PR11 22-PR21 23-PR31 24-PR12 25-PR22 26-PR32 27-PR13 28-PR23 29-PR33 
17.600563 0.005765  0.098106  0.000851  0.977291  0.206067  -0.049377  -0.202408  0.976777  0.070269  0.062710  -0.058679  0.996305  0.001711  0.001833  -0.004237  0.000000  0.000000  0.000000  2.000000  
17.601565 0.005766  0.098108  0.000847  0.977250  0.206268  -0.049362  -0.202609  0.976734  0.070280  0.062710  -0.058679  0.996305  0.001695  0.001800  -0.004289  0.000000  0.000000  0.000000  2.000000  
17.602813 0.005770  0.098111  0.000842  0.976856  0.208099  -0.049468  -0.204416  0.976339  0.070544  0.062977  -0.058799  0.996281  0.001818  0.001861  -0.004280  0.000000  0.000000  0.000000  2.000000  
17.603816 0.005773  0.098113  0.000837  0.976467  0.209921  -0.049442  -0.206224  0.975941  0.070781  0.063111  -0.058920  0.996266  0.001890  0.001840  -0.004300  0.000000  0.000000  0.000000  2.000000  
17.605063 0.005776  0.098113  0.000831  0.976075  0.211755  -0.049364  -0.208031  0.975523  0.071256  0.063245  -0.059282  0.996236  0.001964  0.001726  -0.004386  0.033021  0.006121  0.200978  2.000000  
17.606068 0.005780  0.098114  0.000826  0.975844  0.212786  -0.049500  -0.209032  0.975284  0.071599  0.063512  -0.059522  0.996204  0.002137  0.001641  -0.004441  0.043378  0.013029  0.235939  2.000000  
17.607070 0.005784  0.098115  0.000822  0.975560  0.214026  -0.049750  -0.210232  0.974998  0.071981  0.063912  -0.059762  0.996164  0.002269  0.001616  -0.004415  0.054210  0.024009  0.278112  2.000000  
17.608314 0.005790  0.098119  0.000818  0.974987  0.216500  -0.050275  -0.212631  0.974430  0.072628  0.064713  -0.060122  0.996091  0.002492  0.001666  -0.004305  0.071269  0.045594  0.359549  2.000000  
17.609315 0.005794  0.098122  0.000816  0.974372  0.219158  -0.050678  -0.215230  0.973820  0.073143  0.065381  -0.060361  0.996033  0.002683  0.001759  -0.004161  0.085870  0.063002  0.453349  2.000000  
17.610329 0.005798  0.098124  0.000813  0.973795  0.221615  -0.051093  -0.217627  0.973249  0.073649  0.066048  -0.060600  0.995975  0.002793  0.001781  -0.004064  0.099473  0.080401  0.537153  2.000000  
17.611567 0.005802  0.098126  0.000806  0.973021  0.224886  -0.051548  -0.220821  0.972476  0.074348  0.066849  -0.060959  0.995899  0.002965  0.001775  -0.004225  0.119130  0.100647  0.649282  2.000000  
17.612569 0.005808  0.098130  0.000800  0.972428  0.227346  -0.051931  -0.223215  0.971881  0.074978  0.067517  -0.061319  0.995832  0.003231  0.001912  -0.004279  0.136522  0.118398  0.726407  2.000000  
17.613570 0.005815  0.098136  0.000797  0.971792  0.229991  -0.052194  -0.225808  0.971244  0.075473  0.068051  -0.061558  0.995781  0.003593  0.002192  -0.004226  0.150736  0.130846  0.817028  2.000000  
17.614817 0.005825  0.098144  0.000795  0.970895  0.233656  -0.052607  -0.229395  0.970346  0.076202  0.068852  -0.061917  0.995704  0.004129  0.002591  -0.003952  0.171497  0.150129  0.942794  2.000000  
17.615818 0.005834  0.098151  0.000794  0.970050  0.237096  -0.052800  -0.232783  0.969496  0.076746  0.069386  -0.062156  0.995652  0.004663  0.002954  -0.003762  0.187650  0.160845  1.060949  2.000000  
17.616819 0.005845  0.098157  0.000791  0.969272  0.240150  -0.053281  -0.235764  0.968729  0.077332  0.070187  -0.062394  0.995581  0.005202  0.003258  -0.003646  0.203122  0.181362  1.165961  2.000000  
17.618069 0.005859  0.098165  0.000786  0.968319  0.243822  -0.053940  -0.239336  0.967788  0.078137  0.071254  -0.062752  0.995482  0.005939  0.003646  -0.003596  0.224309  0.209490  1.292189  2.000000  
17.619413 0.005873  0.098173  0.000782  0.967391  0.247308  -0.054709  -0.242703  0.966872  0.079086  0.072455  -0.063229  0.995365  0.006649  0.004014  -0.003455  0.248523  0.241610  1.407242  2.000000  
17.620568 0.005887  0.098177  0.000779  0.966400  0.250990  -0.055455  -0.246264  0.965891  0.080053  0.073656  -0.063706  0.995247  0.007328  0.004293  -0.003265  0.274934  0.274786  1.538168  2.000000  
17.621814 0.005903  0.098179  0.000776  0.965455  0.254462  -0.056083  -0.249625  0.964951  0.080981  0.074724  -0.064184  0.995137  0.008003  0.004257  -0.003129  0.300230  0.303181  1.658085  2.000000  
17.623067 0.005921  0.098179  0.000773  0.964384  0.258344  -0.056768  -0.253376  0.963879  0.082089  0.075925  -0.064782  0.995007  0.008908  0.004118  -0.003084  0.330746  0.334986  1.791760  2.000000  
17.624086 0.005936  0.098179  0.000770  0.963633  0.261009  -0.057322  -0.255938  0.963128  0.082947  0.076858  -0.065260  0.994904  0.009571  0.003878  -0.003112  0.353810  0.360035  1.881491  2.000000  
17.625312 0.005952  0.098176  0.000767  0.962801  0.263888  -0.058112  -0.258690  0.962311  0.083890  0.078059  -0.065737  0.994779  0.010318  0.003489  -0.003109  0.375180  0.390938  1.965495  2.000000  
17.626326 0.005965  0.098172  0.000762  0.962045  0.266535  -0.058561  -0.261249  0.961556  0.084604  0.078859  -0.066094  0.994692  0.011014  0.003107  -0.002965  0.397491  0.414939  2.072159  2.000000  
17.627570 0.005982  0.098165  0.000756  0.961097  0.269797  -0.059177  -0.264394  0.960613  0.085545  0.079926  -0.066571  0.994575  0.011691  0.002327  -0.002913  0.422865  0.443478  2.185142  2.000000  
17.628818 0.006001  0.098159  0.000751  0.960138  0.273058  -0.059788  -0.267536  0.959658  0.086491  0.080993  -0.067048  0.994457  0.012382  0.001372  -0.003082  0.448274  0.471873  2.297700  2.000000  
17.630071 0.006020  0.098154  0.000746  0.959223  0.276118  -0.060411  -0.270476  0.958749  0.087429  0.082060  -0.067525  0.994337  0.012932  0.000399  -0.003282  0.473179  0.500523  2.402771  2.000000  
17.631320 0.006038  0.098148  0.000741  0.958288  0.279186  -0.061157  -0.273409  0.957826  0.088409  0.083260  -0.068000  0.994205  0.013290  -0.000419  -0.003426  0.498109  0.534315  2.502529  2.000000  
17.632567 0.006057  0.098142  0.000736  0.957523  0.281651  -0.061824  -0.275751  0.957070  0.089318  0.084327  -0.068476  0.994082  0.013595  -0.001350  -0.003446  0.513514  0.559159  2.524988  2.000000  
17.633570 0.006072  0.098138  0.000732  0.956945  0.283499  -0.062322  -0.277506  0.956499  0.090003  0.085127  -0.068833  0.993990  0.013869  -0.002164  -0.003472  0.522826  0.580979  2.526481  2.000000  
17.634818 0.006090  0.098132  0.000726  0.956122  0.286143  -0.062870  -0.280043  0.955686  0.090779  0.086060  -0.069190  0.993885  0.014090  -0.002946  -0.003642  0.526214  0.605189  2.555860  2.000000  
17.635818 0.006103  0.098126  0.000722  0.955488  0.288170  -0.063251  -0.281995  0.955059  0.091328  0.086726  -0.069427  0.993810  0.014181  -0.003495  -0.003791  0.530071  0.615890  2.591645  2.000000  
17.636820 0.006114  0.098119  0.000718  0.954967  0.289810  -0.063632  -0.283551  0.954537  0.091969  0.087393  -0.069784  0.993727  0.014024  -0.004170  -0.003932  0.536538  0.623163  2.606007  2.000000  
17.638068 0.006127  0.098108  0.000712  0.954313  0.291851  -0.064101  -0.285497  0.953888  0.092675  0.088192  -0.070141  0.993631  0.013647  -0.004853  -0.004101  0.537459  0.623041  2.591933  2.000000  
17.639313 0.006137  0.098097  0.000705  0.953751  0.293510  -0.064895  -0.287040  0.953362  0.093319  0.089259  -0.070375  0.993519  0.013180  -0.005530  -0.004312  0.532652  0.632981  2.537658  2.000000  
17.640320 0.006144  0.098087  0.000700  0.953279  0.294952  -0.065289  -0.288397  0.952890  0.093951  0.089925  -0.070732  0.993434  0.012785  -0.005996  -0.004449  0.535816  0.634636  2.504186  2.000000  
17.641322 0.006149  0.098077  0.000694  0.952793  0.296395  -0.065845  -0.289750  0.952425  0.094508  0.090724  -0.070968  0.993344  0.012297  -0.006351  -0.004514  0.533083  0.643043  2.462152  2.000000  
17.642327 0.006154  0.098067  0.000690  0.952256  0.298025  -0.066253  -0.291301  0.951899  0.095042  0.091391  -0.071205  0.993266  0.011678  -0.006665  -0.004525  0.528370  0.644078  2.434428  2.000000  
17.643332 0.006159  0.098057  0.000684  0.951825  0.299280  -0.066788  -0.292455  0.951478  0.095704  0.092190  -0.071561  0.993167  0.010924  -0.007006  -0.004598  0.530082  0.655451  2.386556  2.000000  
17.644572 0.006164  0.098045  0.000676  0.951283  0.300908  -0.067192  -0.294004  0.950947  0.096241  0.092856  -0.071798  0.993088  0.009939  -0.007416  -0.004793  0.522282  0.655071  2.318138  2.000000  
17.645821 0.006166  0.098032  0.000667  0.950726  0.302554  -0.067685  -0.295548  0.950397  0.096934  0.093655  -0.072153  0.992987  0.008929  -0.007892  -0.005125  0.520841  0.660441  2.228737  2.000000  
17.647069 0.006167  0.098020  0.000656  0.950166  0.304190  -0.068212  -0.297091  0.949857  0.097514  0.094455  -0.072389  0.992894  0.007864  -0.008305  -0.005460  0.513078  0.660130  2.160180  2.000000  
17.648070 0.006168  0.098010  0.000648  0.949688  0.305613  -0.068505  -0.298445  0.949382  0.098001  0.094987  -0.072626  0.992826  0.006766  -0.008727  -0.005717  0.505875  0.649692  2.103969  2.000000  
17.649320 0.006168  0.098001  0.000638  0.949123  0.307248  -0.069028  -0.299985  0.948836  0.098585  0.095787  -0.072861  0.992732  0.005666  -0.008932  -0.005999  0.498089  0.643596  2.058609  2.000000  
17.650329 0.006167  0.097993  0.000630  0.948740  0.308289  -0.069649  -0.300939  0.948490  0.099012  0.096586  -0.072976  0.992646  0.004607  -0.009077  -0.006307  0.482698  0.638863  1.978446  2.000000  
17.651565 0.006165  0.097984  0.000619  0.948293  0.309524  -0.070248  -0.302087  0.948078  0.099454  0.097385  -0.073091  0.992559  0.003441  -0.009120  -0.006720  0.465887  0.634746  1.902832  2.000000  
17.652566 0.006162  0.097977  0.000610  0.947857  0.310750  -0.070720  -0.303238  0.947668  0.099858  0.098050  -0.073206  0.992485  0.002550  -0.009040  -0.007028  0.449813  0.624958  1.839844  2.000000  
17.653819 0.006158  0.097968  0.000598  0.947294  0.312366  -0.071150  -0.304779  0.947128  0.100293  0.098716  -0.073322  0.992411  0.001518  -0.008899  -0.007336  0.429907  0.615601  1.778357  2.000000  
17.655064 0.006154  0.097960  0.000587  0.946740  0.313972  -0.071452  -0.306322  0.946588  0.100688  0.099249  -0.073438  0.992349  0.000728  -0.008633  -0.007606  0.417461  0.597825  1.741267  2.000000  
17.656065 0.006150  0.097954  0.000578  0.946323  0.315177  -0.071668  -0.307479  0.946178  0.101014  0.099648  -0.073556  0.992300  0.000124  -0.008332  -0.007838  0.403958  0.584932  1.686184  2.000000  
17.657068 0.006146  0.097949  0.000570  0.945955  0.316189  -0.072069  -0.308436  0.945841  0.101253  0.100181  -0.073552  0.992247  -0.000451  -0.008001  -0.008048  0.388370  0.578912  1.637003  2.000000  
17.658315 0.006144  0.097946  0.000560  0.945458  0.317597  -0.072389  -0.309782  0.945360  0.101636  0.100713  -0.073668  0.992184  -0.001004  -0.007416  -0.008288  0.374503  0.563290  1.581641  2.000000  
17.659315 0.006143  0.097944  0.000552  0.945011  0.318821  -0.072855  -0.310929  0.944939  0.102048  0.101379  -0.073784  0.992108  -0.001333  -0.006927  -0.008389  0.359258  0.557383  1.533522  2.000000  
17.660321 0.006143  0.097943  0.000545  0.944639  0.319839  -0.073216  -0.311884  0.944585  0.102404  0.101911  -0.073900  0.992045  -0.001525  -0.006347  -0.008429  0.344715  0.548328  1.475778  2.000000  
17.661568 0.006143  0.097941  0.000533  0.944123  0.321256  -0.073659  -0.313224  0.944095  0.102833  0.102577  -0.074015  0.991968  -0.001632  -0.005476  -0.008488  0.329248  0.537923  1.426860  2.000000  
17.662570 0.006144  0.097940  0.000524  0.943697  0.322459  -0.073870  -0.314377  0.943676  0.103164  0.102976  -0.074132  0.991918  -0.001587  -0.004900  -0.008584  0.319961  0.525573  1.405227  2.000000  
17.663570 0.006146  0.097940  0.000514  0.943333  0.323468  -0.074103  -0.315335  0.943322  0.103481  0.103375  -0.074250  0.991867  -0.001461  -0.004369  -0.008692  0.313449  0.514356  1.369942  2.000000  
17.664817 0.006152  0.097940  0.000502  0.942904  0.324670  -0.074313  -0.316487  0.942899  0.103813  0.103774  -0.074367  0.991817  -0.001109  -0.003771  -0.008792  0.300992  0.498460  1.330577  2.000000  
17.665818 0.006157  0.097939  0.000493  0.942551  0.325659  -0.074457  -0.317448  0.942558  0.103974  0.104041  -0.074365  0.991789  -0.000614  -0.003273  -0.008834  0.287843  0.488770  1.294533  2.000000  
17.667070 0.006165  0.097940  0.000481  0.942118  0.326861  -0.074666  -0.318599  0.942133  0.104308  0.104440  -0.074482  0.991738  0.000101  -0.002734  -0.008891  0.277318  0.476212  1.264012  2.000000  
17.668320 0.006175  0.097941  0.000469  0.941750  0.327859  -0.074936  -0.319555  0.941786  0.104513  0.104839  -0.074479  0.991696  0.001052  -0.002020  -0.008961  0.263156  0.459921  1.234879  2.000000  
17.669570 0.006186  0.097943  0.000455  0.941394  0.328856  -0.075040  -0.320515  0.941429  0.104789  0.105105  -0.074597  0.991659  0.002159  -0.001266  -0.009162  0.257149  0.439360  1.205970  2.000000  
17.670816 0.006198  0.097945  0.000440  0.941037  0.329853  -0.075143  -0.321475  0.941071  0.105067  0.105371  -0.074715  0.991622  0.003292  -0.000643  -0.009382  0.246230  0.418675  1.181181  2.000000  
17.672065 0.006213  0.097948  0.000425  0.940666  0.330859  -0.075371  -0.322430  0.940709  0.105387  0.105770  -0.074832  0.991571  0.004438  -0.000097  -0.009704  0.236236  0.402657  1.152788  2.000000  
17.673328 0.006229  0.097952  0.000410  0.940320  0.331845  -0.075348  -0.323393  0.940351  0.105622  0.105903  -0.074951  0.991548  0.005779  0.000462  -0.010074  0.226703  0.377192  1.130388  2.000000  
17.674331 0.006243  0.097958  0.000398  0.940026  0.332648  -0.075471  -0.324158  0.940059  0.105884  0.106169  -0.075069  0.991510  0.006793  0.000925  -0.010321  0.222199  0.368578  1.110956  2.000000  
17.675565 0.006262  0.097965  0.000384  0.939799  0.333257  -0.075616  -0.324729  0.939833  0.106132  0.106436  -0.075188  0.991473  0.007942  0.001487  -0.010558  0.214839  0.353633  1.080745  2.000000  
17.676818 0.006280  0.097972  0.000370  0.939585  0.333846  -0.075676  -0.325305  0.939624  0.106222  0.106569  -0.075186  0.991459  0.009273  0.002112  -0.010805  0.199736  0.333705  1.044960  2.000000  
17.677821 0.006295  0.097978  0.000357  0.939370  0.334445  -0.075695  -0.325881  0.939402  0.106426  0.106702  -0.075306  0.991435  0.010151  0.002554  -0.010946  0.193551  0.321435  1.011164  2.000000  
17.679071 0.006313  0.097985  0.000342  0.939075  0.335247  -0.075817  -0.326645  0.939106  0.106689  0.106968  -0.075424  0.991398  0.011116  0.003090  -0.011165  0.187201  0.305379  0.982395  2.000000  
17.680320 0.006333  0.097993  0.000326  0.938846  0.335855  -0.075961  -0.327215  0.938879  0.106937  0.107234  -0.075542  0.991360  0.012035  0.003642  -0.011426  0.184808  0.286042  0.959550  2.000000  
17.681321 0.006347  0.097999  0.000314  0.938697  0.336261  -0.076002  -0.327597  0.938725  0.107126  0.107367  -0.075661  0.991336  0.012478  0.003963  -0.011669  0.183884  0.267840  0.938023  2.000000  
17.682329 0.006361  0.098005  0.000301  0.938549  0.336657  -0.076083  -0.327979  0.938583  0.107201  0.107500  -0.075660  0.991322  0.013035  0.004364  -0.011895  0.177287  0.251850  0.908977  2.000000  
17.683331 0.006375  0.098011  0.000287  0.938468  0.336869  -0.076145  -0.328167  0.938497  0.107374  0.107633  -0.075779  0.991298  0.013437  0.004737  -0.012091  0.173999  0.240847  0.873565  2.000000  
17.684567 0.006393  0.098019  0.000270  0.938238  0.337467  -0.076329  -0.328737  0.938282  0.107509  0.107899  -0.075777  0.991270  0.013792  0.005063  -0.012309  0.166767  0.234525  0.838968  2.000000  
17.685815 0.006411  0.098027  0.000252  0.938088  0.337863  -0.076410  -0.329119  0.938140  0.107584  0.108032  -0.075776  0.991255  0.014184  0.005470  -0.012554  0.162099  0.221810  0.796978  2.000000  
17.687068 0.006429  0.098035  0.000233  0.937939  0.338259  -0.076491  -0.329500  0.937997  0.107660  0.108165  -0.075775  0.991241  0.014446  0.005832  -0.012793  0.155456  0.210472  0.768734  2.000000  
17.688315 0.006445  0.098043  0.000214  0.937776  0.338674  -0.076655  -0.329877  0.937838  0.107893  0.108431  -0.075893  0.991203  0.014469  0.006061  -0.013037  0.152762  0.201787  0.732940  2.000000  
17.689318 0.006458  0.098050  0.000199  0.937640  0.339069  -0.076570  -0.330263  0.937686  0.108038  0.108431  -0.076013  0.991194  0.014321  0.006134  -0.013315  0.150083  0.181337  0.703737  2.000000  
17.690327 0.006470  0.098056  0.000183  0.937559  0.339272  -0.076673  -0.330451  0.937612  0.108098  0.108564  -0.076012  0.991179  0.014122  0.006201  -0.013658  0.142576  0.170418  0.668318  2.000000  
17.691565 0.006484  0.098064  0.000162  0.937395  0.339686  -0.076837  -0.330827  0.937453  0.108332  0.108830  -0.076130  0.991141  0.013833  0.006252  -0.014082  0.139525  0.161633  0.641900  2.000000  
17.692567 0.006494  0.098070  0.000146  0.937245  0.340091  -0.076876  -0.331208  0.937296  0.108521  0.108963  -0.076249  0.991117  0.013517  0.006245  -0.014334  0.136782  0.154725  0.614001  2.000000  
17.693818 0.006505  0.098077  0.000126  0.937163  0.340303  -0.076938  -0.331396  0.937210  0.108695  0.109096  -0.076368  0.991093  0.013024  0.006259  -0.014666  0.133714  0.145618  0.576937  2.000000  
17.694818 0.006513  0.098082  0.000109  0.937081  0.340506  -0.077040  -0.331585  0.937136  0.108755  0.109229  -0.076367  0.991079  0.012515  0.006184  -0.014923  0.126787  0.143168  0.549082  2.000000  
17.695820 0.006519  0.098088  0.000093  0.936999  0.340717  -0.077102  -0.331773  0.937049  0.108929  0.109362  -0.076486  0.991055  0.011939  0.006108  -0.015146  0.123982  0.136232  0.520991  2.000000  
17.697071 0.006526  0.098093  0.000073  0.936931  0.340910  -0.077079  -0.331965  0.936979  0.108945  0.109362  -0.076486  0.991055  0.011164  0.005984  -0.015466  0.120333  0.129856  0.485922  2.000000  
17.698129 0.006530  0.098098  0.000057  0.936794  0.341305  -0.076993  -0.332351  0.936826  0.109090  0.109362  -0.076606  0.991046  0.010488  0.005844  -0.015547  0.122802  0.117211  0.470331  2.000000  
17.699321 0.006535  0.098105  0.000038  0.936712  0.341508  -0.077095  -0.332539  0.936752  0.109150  0.109495  -0.076605  0.991031  0.009640  0.005798  -0.015733  0.116089  0.115023  0.443470  2.000000  
17.700567 0.006541  0.098113  0.000020  0.936629  0.341720  -0.077156  -0.332727  0.936665  0.109324  0.109628  -0.076724  0.991007  0.008780  0.005804  -0.015734  0.113196  0.112577  0.415676  2.000000  
17.701568 0.006544  0.098119  0.000005  0.936615  0.341730  -0.077281  -0.332722  0.936661  0.109368  0.109761  -0.076723  0.990992  0.008075  0.005780  -0.015678  0.106217  0.110163  0.387883  2.000000  
17.702820 0.006548  0.098126  -0.000011  0.936615  0.341730  -0.077281  -0.332722  0.936661  0.109368  0.109761  -0.076723  0.990992  0.007196  0.005727  -0.015545  0.098450  0.103786  0.352869  2.000000  
17.703821 0.006551  0.098132  -0.000025  0.936533  0.341941  -0.077342  -0.332910  0.936574  0.109542  0.109894  -0.076842  0.990969  0.006482  0.005666  -0.015408  0.100373  0.100877  0.332014  2.000000  
17.705065 0.006553  0.098138  -0.000042  0.936533  0.341941  -0.077342  -0.332910  0.936574  0.109542  0.109894  -0.076842  0.990969  0.005736  0.005536  -0.015228  0.093303  0.097148  0.308550  2.000000  
17.706315 0.006555  0.098143  -0.000058  0.936533  0.341941  -0.077342  -0.332910  0.936574  0.109542  0.109894  -0.076842  0.990969  0.004917  0.005335  -0.014995  0.087034  0.091060  0.282950  2.000000  
17.707323 0.006557  0.098146  -0.000071  0.936533  0.341951  -0.077301  -0.332910  0.936561  0.109656  0.109894  -0.076962  0.990959  0.004256  0.005162  -0.014734  0.085550  0.087591  0.268885  2.000000  
17.708568 0.006558  0.098149  -0.000087  0.936602  0.341758  -0.077323  -0.332717  0.936631  0.109640  0.109894  -0.076962  0.990959  0.003546  0.004880  -0.014427  0.077846  0.084500  0.239127  2.000000  
17.709813 0.006559  0.098152  -0.000102  0.936588  0.341777  -0.077407  -0.332712  0.936615  0.109798  0.110027  -0.077081  0.990935  0.003045  0.004660  -0.014074  0.074924  0.082132  0.211617  2.000000  
17.710821 0.006560  0.098154  -0.000113  0.936656  0.341594  -0.077388  -0.332519  0.936672  0.109896  0.110027  -0.077201  0.990926  0.002609  0.004437  -0.013703  0.072555  0.075925  0.185228  2.000000  
17.712070 0.006560  0.098155  -0.000127  0.936739  0.341400  -0.077244  -0.332332  0.936732  0.109949  0.109894  -0.077323  0.990931  0.002308  0.004148  -0.013320  0.000000  0.000000  0.000000  2.000000  
17.713073 0.006561  0.098156  -0.000138  0.936807  0.341217  -0.077226  -0.332139  0.936789  0.110047  0.109894  -0.077443  0.990922  0.002020  0.003916  -0.013061  0.000000  0.000000  0.000000  2.000000  
17.714330 0.006562  0.098157  -0.000151  0.936875  0.341033  -0.077207  -0.331946  0.936846  0.110145  0.109894  -0.077563  0.990912  0.001689  0.003485  -0.012565  0.000000  0.000000  0.000000  2.000000  
17.715567 0.006564  0.098160  -0.000163  0.936957  0.340840  -0.077063  -0.331758  0.936906  0.110198  0.109761  -0.077685  0.990918  0.001530  0.003116  -0.012174  0.000000  0.000000  0.000000  2.000000  
17.716568 0.006566  0.098161  -0.000172  0.937026  0.340666  -0.077003  -0.331565  0.936950  0.110409  0.109761  -0.077925  0.990899  0.001417  0.002788  -0.011819  0.000000  0.000000  0.000000  2.000000  
17.717568 0.006569  0.098164  -0.000180  0.937094  0.340482  -0.076985  -0.331372  0.937006  0.110507  0.109761  -0.078045  0.990889  0.001390  0.002591  -0.011455  0.000000  0.000000  0.000000  2.000000  
17.718818 0.006572  0.098168  -0.000190  0.937244  0.340096  -0.076864  -0.330991  0.937136  0.110545  0.109628  -0.078166  0.990894  0.001444  0.002421  -0.011002  0.000000  0.000000  0.000000  2.000000  
17.720069 0.006576  0.098172  -0.000199  0.937394  0.339710  -0.076743  -0.330610  0.937266  0.110583  0.109495  -0.078288  0.990900  0.001522  0.002249  -0.010437  0.000000  0.000000  0.000000  2.000000  
17.721321 0.006580  0.098176  -0.000207  0.937530  0.339333  -0.076748  -0.330224  0.937393  0.110665  0.109495  -0.078408  0.990890  0.001632  0.002162  -0.009877  0.000000  0.000000  0.000000  2.000000  
17.722563 0.006584  0.098179  -0.000215  0.937612  0.339139  -0.076604  -0.330036  0.937453  0.110719  0.109362  -0.078529  0.990895  0.001828  0.002147  -0.009351  0.000000  0.000000  0.000000  2.000000  
17.723565 0.006587  0.098181  -0.000220  0.937680  0.338956  -0.076586  -0.329843  0.937509  0.110817  0.109362  -0.078650  0.990886  0.001990  0.002125  -0.008899  0.000000  0.000000  0.000000  2.000000  
17.724813 0.006591  0.098184  -0.000227  0.937829  0.338569  -0.076465  -0.329462  0.937639  0.110855  0.109229  -0.078771  0.990891  0.002199  0.002128  -0.008313  0.000000  0.000000  0.000000  2.000000  
17.725820 0.006595  0.098187  -0.000231  0.937965  0.338192  -0.076470  -0.329075  0.937765  0.110937  0.109229  -0.078891  0.990881  0.002365  0.002197  -0.007878  0.000000  0.000000  0.000000  2.000000  
17.727069 0.006600  0.098190  -0.000237  0.938033  0.338008  -0.076452  -0.328882  0.937821  0.111035  0.109229  -0.079011  0.990871  0.002622  0.002317  -0.007321  0.000000  0.000000  0.000000  2.000000  
17.728070 0.006603  0.098192  -0.000242  0.938100  0.337825  -0.076434  -0.328689  0.937877  0.111134  0.109229  -0.079131  0.990862  0.002853  0.002391  -0.006913  0.000000  0.000000  0.000000  2.000000  
17.729072 0.006608  0.098195  -0.000246  0.938168  0.337650  -0.076375  -0.328496  0.937919  0.111345  0.109229  -0.079372  0.990843  0.003120  0.002528  -0.006454  0.000000  0.000000  0.000000  2.000000  
17.730331 0.006613  0.098198  -0.000253  0.938236  0.337475  -0.076316  -0.328303  0.937962  0.111557  0.109229  -0.079612  0.990823  0.003320  0.002570  -0.006050  0.000000  0.000000  0.000000  2.000000  
17.731568 0.006618  0.098201  -0.000259  0.938303  0.337301  -0.076257  -0.328110  0.938004  0.111769  0.109229  -0.079853  0.990804  0.003517  0.002644  -0.005799  0.000000  0.000000  0.000000  2.000000  
17.732568 0.006623  0.098203  -0.000264  0.938371  0.337117  -0.076239  -0.327917  0.938060  0.111867  0.109229  -0.079973  0.990794  0.003612  0.002609  -0.005579  0.000000  0.000000  0.000000  2.000000  
17.733569 0.006627  0.098206  -0.000269  0.938424  0.336952  -0.076305  -0.327719  0.938099  0.112123  0.109362  -0.080212  0.990760  0.003730  0.002550  -0.005384  0.093684  -0.003262  -0.186566  2.000000  
17.734569 0.006631  0.098208  -0.000274  0.938424  0.336971  -0.076224  -0.327719  0.938071  0.112350  0.109362  -0.080452  0.990741  0.003772  0.002476  -0.005243  0.101813  -0.003238  -0.186519  2.000000  
17.735815 0.006636  0.098210  -0.000281  0.938424  0.336989  -0.076142  -0.327719  0.938044  0.112578  0.109362  -0.080693  0.990721  0.003823  0.002380  -0.005097  0.109072  -0.003189  -0.185004  2.000000  
17.737066 0.006641  0.098213  -0.000286  0.938411  0.337018  -0.076185  -0.327714  0.938013  0.112849  0.109495  -0.080932  0.990687  0.003924  0.002391  -0.004939  0.113121  0.001290  -0.184678  2.000000  
17.738317 0.006645  0.098216  -0.000293  0.938478  0.336843  -0.076127  -0.327521  0.938055  0.113061  0.109495  -0.081172  0.990667  0.003935  0.002344  -0.004912  0.122211  0.001324  -0.186205  2.000000  
17.739568 0.006650  0.098218  -0.000299  0.938411  0.337055  -0.076022  -0.327714  0.937958  0.113304  0.109495  -0.081412  0.990648  0.004011  0.002276  -0.004873  0.000000  0.000000  0.000000  2.000000  
17.740813 0.006655  0.098220  -0.000305  0.938411  0.337073  -0.075940  -0.327714  0.937931  0.113532  0.109495  -0.081653  0.990628  0.004022  0.002203  -0.004945  0.000000  0.000000  0.000000  2.000000  
17.741813 0.006659  0.098222  -0.000310  0.938397  0.337102  -0.075983  -0.327709  0.937900  0.113803  0.109628  -0.081892  0.990593  0.004014  0.002148  -0.004987  0.000000  0.000000  0.000000  2.000000  
17.742815 0.006664  0.098223  -0.000315  0.938315  0.337315  -0.076044  -0.327897  0.937813  0.113976  0.109761  -0.082011  0.990569  0.004073  0.002131  -0.004978  0.000000  0.000000  0.000000  2.000000  
17.743818 0.006668  0.098225  -0.000319  0.938315  0.337333  -0.075962  -0.327897  0.937785  0.114204  0.109761  -0.082251  0.990549  0.004096  0.002080  -0.004954  0.000000  0.000000  0.000000  2.000000  
17.744819 0.006673  0.098228  -0.000324  0.938302  0.337353  -0.076046  -0.327892  0.937768  0.114361  0.109894  -0.082370  0.990524  0.004133  0.002087  -0.004922  0.000000  0.000000  0.000000  2.000000  
17.745824 0.006678  0.098230  -0.000328  0.938220  0.337575  -0.076066  -0.328081  0.937667  0.114648  0.110027  -0.082609  0.990490  0.004199  0.002046  -0.004900  0.000000  0.000000  0.000000  2.000000  
17.747068 0.006685  0.098231  -0.000333  0.938153  0.337786  -0.075961  -0.328274  0.937569  0.114891  0.110027  -0.082849  0.990470  0.004269  0.001952  -0.004822  0.000000  0.000000  0.000000  2.000000  
17.748070 0.006690  0.098232  -0.000338  0.938139  0.337815  -0.076004  -0.328269  0.937538  0.115162  0.110160  -0.083088  0.990435  0.004367  0.001859  -0.004780  0.000000  0.000000  0.000000  2.000000  
17.749320 0.006696  0.098232  -0.000345  0.938057  0.338046  -0.075982  -0.328457  0.937423  0.115563  0.110293  -0.083448  0.990390  0.004410  0.001680  -0.004798  0.166188  0.029128  -0.080433  2.000000  
17.750326 0.006701  0.098232  -0.000350  0.937990  0.338258  -0.075876  -0.328650  0.937325  0.115806  0.110293  -0.083688  0.990370  0.004472  0.001472  -0.004798  0.172498  0.031932  -0.059478  2.000000  
17.751568 0.006706  0.098230  -0.000357  0.937976  0.338287  -0.075919  -0.328645  0.937293  0.116077  0.110426  -0.083927  0.990334  0.004465  0.001220  -0.004850  0.179975  0.035576  -0.051841  2.000000  
17.752820 0.006712  0.098228  -0.000365  0.937894  0.338518  -0.075897  -0.328834  0.937177  0.116478  0.110559  -0.084286  0.990289  0.004561  0.000921  -0.004954  0.187811  0.043157  -0.030955  2.000000  
17.753877 0.006716  0.098227  -0.000371  0.937880  0.338547  -0.075940  -0.328829  0.937145  0.116749  0.110692  -0.084525  0.990254  0.004567  0.000660  -0.005055  0.196361  0.046991  -0.023682  2.000000  
17.755067 0.006721  0.098224  -0.000380  0.937812  0.338758  -0.075834  -0.329022  0.937047  0.116992  0.110692  -0.084765  0.990233  0.004616  0.000339  -0.005249  0.203078  0.049865  -0.002785  2.000000  
17.756313 0.006727  0.098222  -0.000389  0.937798  0.338797  -0.075836  -0.329017  0.937001  0.117376  0.110825  -0.085124  0.990188  0.004653  0.000081  -0.005400  0.210257  0.053339  0.004416  2.000000  
17.757319 0.006731  0.098220  -0.000396  0.937798  0.338815  -0.075753  -0.329017  0.936972  0.117604  0.110825  -0.085365  0.990167  0.004652  -0.000183  -0.005581  0.215829  0.052215  0.018023  2.000000  
17.758323 0.006735  0.098218  -0.000403  0.937717  0.339037  -0.075772  -0.329205  0.936870  0.117891  0.110958  -0.085603  0.990132  0.004609  -0.000398  -0.005721  0.219095  0.055972  0.032259  2.000000  
17.759564 0.006739  0.098216  -0.000412  0.937717  0.339056  -0.075690  -0.329205  0.936842  0.118118  0.110958  -0.085844  0.990111  0.004480  -0.000777  -0.005955  0.218095  0.054949  0.038812  2.000000  
17.760571 0.006743  0.098215  -0.000419  0.937703  0.339085  -0.075732  -0.329200  0.936809  0.118389  0.111091  -0.086083  0.990075  0.004402  -0.001036  -0.006152  0.224708  0.059296  0.046365  2.000000  
17.761826 0.006747  0.098212  -0.000427  0.937689  0.339114  -0.075775  -0.329195  0.936777  0.118660  0.111224  -0.086321  0.990039  0.004215  -0.001346  -0.006351  0.221368  0.063179  0.053605  2.000000  
17.763068 0.006751  0.098208  -0.000435  0.937674  0.339153  -0.075777  -0.329190  0.936729  0.119045  0.111357  -0.086680  0.989993  0.004059  -0.001601  -0.006463  0.227677  0.067103  0.053563  2.000000  
17.764320 0.006754  0.098205  -0.000443  0.937660  0.339182  -0.075819  -0.329185  0.936697  0.119316  0.111490  -0.086919  0.989957  0.003821  -0.001854  -0.006588  0.228542  0.066545  0.060401  2.000000  
17.765321 0.006755  0.098201  -0.000450  0.937660  0.339191  -0.075778  -0.329185  0.936682  0.119430  0.111490  -0.087039  0.989947  0.003630  -0.002046  -0.006643  0.222185  0.067053  0.060892  2.000000  
17.766324 0.006757  0.098197  -0.000457  0.937646  0.339220  -0.075821  -0.329180  0.936649  0.119701  0.111623  -0.087278  0.989911  0.003406  -0.002250  -0.006749  0.226246  0.067036  0.060897  2.000000  
17.767568 0.006759  0.098193  -0.000464  0.937632  0.339250  -0.075864  -0.329175  0.936616  0.119972  0.111756  -0.087517  0.989874  0.003176  -0.002417  -0.006752  0.227038  0.070925  0.068153  2.000000  
17.768820 0.006760  0.098188  -0.000472  0.937618  0.339279  -0.075906  -0.329170  0.936583  0.120243  0.111889  -0.087756  0.989838  0.002968  -0.002584  -0.006780  0.227031  0.075386  0.068549  2.000000  
17.769853 0.006762  0.098184  -0.000479  0.937618  0.339298  -0.075824  -0.329170  0.936554  0.120470  0.111889  -0.087996  0.989817  0.002728  -0.002690  -0.006722  0.226038  0.075879  0.061654  2.000000  
17.771067 0.006764  0.098180  -0.000488  0.937604  0.339327  -0.075867  -0.329166  0.936521  0.120741  0.112021  -0.088235  0.989781  0.002532  -0.002832  -0.006714  0.226308  0.075953  0.061743  2.000000  
17.772314 0.006766  0.098176  -0.000497  0.937590  0.339366  -0.075868  -0.329161  0.936473  0.121126  0.112154  -0.088594  0.989734  0.002346  -0.002933  -0.006712  0.231799  0.080350  0.054845  2.000000  
17.773329 0.006768  0.098173  -0.000504  0.937576  0.339396  -0.075911  -0.329156  0.936440  0.121397  0.112287  -0.088832  0.989697  0.002175  -0.003057  -0.006719  0.233593  0.080956  0.055287  2.000000  
17.774567 0.006769  0.098169  -0.000514  0.937561  0.339425  -0.075953  -0.329151  0.936406  0.121668  0.112420  -0.089071  0.989661  0.001972  -0.003154  -0.006756  0.231788  0.080315  0.054877  2.000000  
17.775818 0.006771  0.098166  -0.000523  0.937561  0.339444  -0.075871  -0.329151  0.936377  0.121895  0.112420  -0.089311  0.989639  0.001795  -0.003255  -0.006853  0.231045  0.076454  0.047719  2.000000  
17.777069 0.006773  0.098161  -0.000533  0.937547  0.339473  -0.075914  -0.329146  0.936343  0.122166  0.112553  -0.089550  0.989602  0.001661  -0.003333  -0.006968  0.228103  0.082146  0.041674  2.000000  
17.778070 0.006774  0.098158  -0.000541  0.937465  0.339696  -0.075931  -0.329334  0.936240  0.122453  0.112686  -0.089789  0.989565  0.001547  -0.003354  -0.007062  0.231013  0.080861  0.048135  2.000000  
17.779072 0.006775  0.098154  -0.000549  0.937465  0.339714  -0.075848  -0.329334  0.936210  0.122680  0.112686  -0.090029  0.989544  0.001453  -0.003399  -0.007174  0.228093  0.077640  0.041317  2.000000  
17.780321 0.006777  0.098151  -0.000559  0.937451  0.339744  -0.075891  -0.329329  0.936176  0.122951  0.112819  -0.090267  0.989507  0.001417  -0.003345  -0.007302  0.225479  0.082041  0.034596  2.000000  
17.781322 0.006778  0.098148  -0.000566  0.937451  0.339753  -0.075850  -0.329329  0.936161  0.123064  0.112819  -0.090387  0.989496  0.001434  -0.003300  -0.007280  0.223230  0.078219  0.034497  2.000000  
17.782323 0.006779  0.098145  -0.000573  0.937437  0.339783  -0.075892  -0.329324  0.936127  0.123335  0.112952  -0.090626  0.989459  0.001397  -0.003258  -0.007378  0.223218  0.078206  0.034513  2.000000  
17.783331 0.006781  0.098143  -0.000580  0.937355  0.339997  -0.075951  -0.329512  0.936038  0.123508  0.113085  -0.090745  0.989433  0.001430  -0.003130  -0.007363  0.219073  0.082652  0.034912  2.000000  
17.784568 0.006784  0.098140  -0.000588  0.937340  0.340026  -0.075993  -0.329507  0.936004  0.123779  0.113218  -0.090983  0.989396  0.001482  -0.003017  -0.007410  0.217375  0.082001  0.034660  2.000000  
17.785568 0.006786  0.098138  -0.000595  0.937340  0.340045  -0.075910  -0.329507  0.935974  0.124006  0.113218  -0.091223  0.989374  0.001542  -0.002853  -0.007360  0.214317  0.083277  0.028123  2.000000  
17.786569 0.006788  0.098137  -0.000602  0.937258  0.340258  -0.075969  -0.329694  0.935885  0.124180  0.113351  -0.091342  0.989347  0.001576  -0.002726  -0.007350  0.211011  0.082658  0.034985  2.000000  
17.787825 0.006792  0.098137  -0.000610  0.937244  0.340288  -0.076011  -0.329689  0.935851  0.124451  0.113484  -0.091581  0.989310  0.001703  -0.002490  -0.007316  0.210981  0.087115  0.035400  2.000000  
17.789065 0.006796  0.098136  -0.000620  0.937230  0.340318  -0.076053  -0.329684  0.935817  0.124721  0.113617  -0.091819  0.989273  0.001814  -0.002335  -0.007320  0.208520  0.087016  0.028344  2.000000  
17.790066 0.006799  0.098135  -0.000627  0.937147  0.340541  -0.076070  -0.329872  0.935712  0.125008  0.113750  -0.092058  0.989235  0.001909  -0.002180  -0.007320  0.209309  0.086405  0.035159  2.000000  
17.791074 0.006801  0.098134  -0.000635  0.937147  0.340550  -0.076028  -0.329872  0.935697  0.125122  0.113750  -0.092178  0.989224  0.001985  -0.002025  -0.007317  0.202864  0.082622  0.035063  2.000000  
17.792314 0.006805  0.098133  -0.000645  0.937065  0.340773  -0.076045  -0.330060  0.935592  0.125408  0.113883  -0.092416  0.989187  0.002154  -0.001800  -0.007323  0.206173  0.085831  0.042014  2.000000  
17.793328 0.006808  0.098133  -0.000654  0.937051  0.340794  -0.076128  -0.330055  0.935573  0.125566  0.114016  -0.092535  0.989160  0.002259  -0.001617  -0.007363  0.202007  0.085771  0.042003  2.000000  
17.794333 0.006811  0.098132  -0.000662  0.936968  0.341017  -0.076145  -0.330243  0.935468  0.125852  0.114149  -0.092773  0.989122  0.002421  -0.001410  -0.007384  0.204347  0.085799  0.049191  2.000000  
17.795568 0.006815  0.098132  -0.000673  0.936968  0.341035  -0.076062  -0.330243  0.935438  0.126079  0.114149  -0.093013  0.989100  0.002560  -0.001205  -0.007453  0.204540  0.081387  0.048849  2.000000  
17.796568 0.006819  0.098131  -0.000681  0.936886  0.341249  -0.076119  -0.330431  0.935348  0.126252  0.114281  -0.093132  0.989073  0.002702  -0.001020  -0.007570  0.201204  0.085216  0.056110  2.000000  
17.797822 0.006823  0.098131  -0.000692  0.936872  0.341279  -0.076161  -0.330426  0.935313  0.126523  0.114414  -0.093370  0.989036  0.002872  -0.000829  -0.007720  0.199525  0.084488  0.055660  2.000000  
17.799068 0.006829  0.098132  -0.000703  0.936789  0.341502  -0.076177  -0.330613  0.935208  0.126810  0.114547  -0.093609  0.988998  0.003089  -0.000617  -0.007920  0.201946  0.084538  0.062981  2.000000  
17.800320 0.006834  0.098132  -0.000714  0.936775  0.341532  -0.076219  -0.330608  0.935173  0.127081  0.114680  -0.093847  0.988960  0.003261  -0.000455  -0.008056  0.197885  0.084522  0.063008  2.000000  
17.801568 0.006840  0.098133  -0.000725  0.936692  0.341755  -0.076235  -0.330796  0.935068  0.127367  0.114813  -0.094086  0.988922  0.003445  -0.000293  -0.008228  0.198712  0.083890  0.069886  2.000000  
17.802572 0.006845  0.098134  -0.000734  0.936678  0.341776  -0.076318  -0.330791  0.935048  0.127525  0.114946  -0.094204  0.988895  0.003597  -0.000189  -0.008348  0.194622  0.088348  0.070309  2.000000  
17.803820 0.006851  0.098134  -0.000744  0.936595  0.341999  -0.076334  -0.330979  0.934942  0.127811  0.115079  -0.094443  0.988857  0.003722  -0.000101  -0.008413  0.193827  0.086983  0.076547  2.000000  
17.805065 0.006856  0.098135  -0.000754  0.936566  0.342041  -0.076500  -0.330968  0.934903  0.128126  0.115345  -0.094680  0.988803  0.003841  -0.000001  -0.008458  0.195425  0.092154  0.077608  2.000000  
17.806069 0.006861  0.098136  -0.000762  0.936498  0.342252  -0.076391  -0.331161  0.934801  0.128369  0.115345  -0.094920  0.988780  0.003984  0.000110  -0.008441  0.196192  0.087008  0.084047  2.000000  
17.807072 0.006866  0.098136  -0.000770  0.936483  0.342273  -0.076474  -0.331156  0.934782  0.128526  0.115478  -0.095038  0.988753  0.004088  0.000155  -0.008459  0.192141  0.091479  0.084489  2.000000  
17.808318 0.006871  0.098136  -0.000780  0.936469  0.342295  -0.076557  -0.331151  0.934762  0.128684  0.115611  -0.095156  0.988726  0.004178  0.000225  -0.008426  0.187289  0.092106  0.077662  2.000000  
17.809320 0.006875  0.098136  -0.000788  0.936454  0.342325  -0.076599  -0.331146  0.934726  0.128955  0.115743  -0.095395  0.988688  0.004237  0.000284  -0.008388  0.187291  0.096564  0.078103  2.000000  
17.810330 0.006879  0.098137  -0.000796  0.936371  0.342539  -0.076655  -0.331333  0.934636  0.129128  0.115876  -0.095513  0.988661  0.004328  0.000335  -0.008365  0.188041  0.095886  0.084935  2.000000  
17.811568 0.006884  0.098137  -0.000807  0.936357  0.342570  -0.076697  -0.331328  0.934600  0.129399  0.116009  -0.095752  0.988622  0.004384  0.000373  -0.008352  0.188143  0.095913  0.084999  2.000000  
17.812570 0.006888  0.098137  -0.000815  0.936342  0.342591  -0.076780  -0.331323  0.934580  0.129556  0.116142  -0.095870  0.988595  0.004391  0.000395  -0.008333  0.184054  0.100367  0.085430  2.000000  
17.813570 0.006892  0.098137  -0.000824  0.936327  0.342613  -0.076863  -0.331318  0.934560  0.129714  0.116275  -0.095988  0.988568  0.004385  0.000376  -0.008289  0.183256  0.100995  0.078591  2.000000  
17.814818 0.006897  0.098137  -0.000834  0.936230  0.342848  -0.077003  -0.331500  0.934450  0.130045  0.116541  -0.096225  0.988514  0.004328  0.000350  -0.008314  0.182565  0.103952  0.085182  2.000000  
17.816068 0.006901  0.098137  -0.000846  0.936215  0.342879  -0.077044  -0.331495  0.934414  0.130315  0.116674  -0.096463  0.988475  0.004226  0.000266  -0.008344  0.182589  0.103939  0.085212  2.000000  
17.817319 0.006905  0.098136  -0.000856  0.936200  0.342910  -0.077086  -0.331490  0.934378  0.130586  0.116807  -0.096702  0.988436  0.004139  0.000195  -0.008285  0.185827  0.104554  0.078431  2.000000  
17.818330 0.006908  0.098135  -0.000864  0.936185  0.342931  -0.077169  -0.331485  0.934358  0.130744  0.116939  -0.096820  0.988408  0.003998  0.000079  -0.008261  0.183196  0.105347  0.079055  2.000000  
