1-Time 2-Px 3-Py 4-Pz 5-R11 6-R21 7-R31 8-R12 9-R22 10-R32 11-R13 12-R23 13-R33 14-Vx 15-Vy 16-Vz 17-Wx 18-Wy 19-Wz 20-state 21-PR11 22-PR21 23-PR31 24-PR12 25-PR22 26-PR32 27-PR13 28-PR23 29-PR33 
38.723608 0.000426  0.089107  -0.017204  0.978660  0.169255  -0.116520  -0.162035  0.984374  0.068943  0.126369  -0.048592  0.990793  -0.000025  -0.000016  0.000119  0.000000  0.000000  0.000000  2.000000  
38.724614 0.000426  0.089106  -0.017204  0.978660  0.169255  -0.116520  -0.162035  0.984374  0.068943  0.126369  -0.048592  0.990793  -0.000017  -0.000039  0.000127  0.000000  0.000000  0.000000  2.000000  
38.725873 0.000425  0.089104  -0.017205  0.978325  0.170930  -0.116888  -0.163635  0.984073  0.069461  0.126899  -0.048829  0.990713  -0.000110  -0.000230  0.000089  0.000000  0.000000  0.000000  2.000000  
38.727117 0.000423  0.089100  -0.017206  0.977920  0.172820  -0.117502  -0.165430  0.983731  0.070049  0.127696  -0.049064  0.990599  -0.000203  -0.000473  -0.000034  0.000000  0.000000  0.000000  2.000000  
38.728364 0.000422  0.089095  -0.017208  0.977613  0.174117  -0.118135  -0.166621  0.983484  0.070686  0.128492  -0.049419  0.990478  -0.000266  -0.000810  -0.000123  0.046495  0.063364  0.174890  2.000000  
38.729618 0.000421  0.089089  -0.017208  0.977322  0.175218  -0.118913  -0.167607  0.983271  0.071322  0.129421  -0.049774  0.990340  -0.000323  -0.001190  -0.000159  0.063218  0.093049  0.210685  2.000000  
38.730871 0.000420  0.089085  -0.017207  0.976890  0.177129  -0.119630  -0.169396  0.982910  0.072058  0.130349  -0.050128  0.990200  -0.000387  -0.001496  -0.000120  0.083672  0.121568  0.274380  2.000000  
38.732119 0.000419  0.089082  -0.017205  0.976278  0.179862  -0.120546  -0.171983  0.982396  0.072942  0.131543  -0.050480  0.990024  -0.000476  -0.001699  0.000024  0.107521  0.157273  0.365027  2.000000  
38.733365 0.000416  0.089078  -0.017205  0.975603  0.182978  -0.121318  -0.174972  0.981808  0.073740  0.132604  -0.050713  0.989871  -0.000643  -0.001902  0.000023  0.129317  0.188017  0.469649  2.000000  
38.734365 0.000413  0.089075  -0.017207  0.975118  0.185075  -0.122034  -0.176958  0.981403  0.074393  0.133532  -0.050947  0.989734  -0.000883  -0.002155  -0.000149  0.146653  0.215916  0.539658  2.000000  
38.735369 0.000410  0.089073  -0.017212  0.974574  0.187366  -0.122884  -0.179140  0.980962  0.074979  0.134593  -0.051060  0.989585  -0.001092  -0.002313  -0.000494  0.164994  0.248013  0.616698  2.000000  
38.736618 0.000408  0.089075  -0.017215  0.973913  0.190087  -0.123938  -0.181714  0.980426  0.075789  0.135919  -0.051290  0.989391  -0.001217  -0.002208  -0.000725  0.185341  0.288344  0.707973  2.000000  
38.737865 0.000408  0.089076  -0.017216  0.973131  0.193225  -0.125217  -0.184680  0.979801  0.076705  0.137509  -0.051519  0.989160  -0.001257  -0.002091  -0.000766  0.207772  0.336997  0.813519  2.000000  
38.739127 0.000408  0.089076  -0.017218  0.972357  0.196340  -0.126385  -0.187645  0.979176  0.077486  0.138967  -0.051628  0.988950  -0.001231  -0.002074  -0.000885  0.226089  0.380953  0.918238  2.000000  
38.740366 0.000409  0.089075  -0.017221  0.971534  0.199497  -0.127761  -0.190600  0.978519  0.078563  0.140689  -0.051975  0.988689  -0.001089  -0.001971  -0.001071  0.253038  0.434079  1.024226  2.000000  
38.741614 0.000412  0.089074  -0.017222  0.970699  0.202654  -0.129130  -0.193552  0.977852  0.079649  0.142411  -0.052322  0.988424  -0.000787  -0.001828  -0.001095  0.279172  0.487410  1.123106  2.000000  
38.742864 0.000415  0.089071  -0.017219  0.969853  0.205809  -0.130493  -0.196499  0.977174  0.080744  0.144133  -0.052668  0.988156  -0.000495  -0.001723  -0.000823  0.306393  0.540329  1.228769  2.000000  
38.743864 0.000418  0.089066  -0.017215  0.969136  0.208353  -0.131772  -0.198847  0.976616  0.081741  0.145721  -0.053016  0.987904  -0.000265  -0.001801  -0.000527  0.330977  0.589943  1.314050  2.000000  
38.744865 0.000421  0.089058  -0.017212  0.968390  0.211091  -0.132899  -0.201396  0.976009  0.082744  0.147177  -0.053363  0.987670  0.000040  -0.001964  -0.000266  0.356360  0.634349  1.405213  2.000000  
38.745900 0.000427  0.089051  -0.017208  0.967657  0.213634  -0.134168  -0.203739  0.975436  0.083754  0.148765  -0.053710  0.987413  0.000459  -0.002263  -0.000122  0.380762  0.683102  1.488750  2.000000  
38.747117 0.000433  0.089040  -0.017204  0.966689  0.216815  -0.136026  -0.206655  0.974715  0.084992  0.151014  -0.054051  0.987053  0.000906  -0.002763  0.000075  0.409401  0.754489  1.596703  2.000000  
38.748123 0.000437  0.089031  -0.017200  0.966004  0.218946  -0.137475  -0.208589  0.974226  0.085871  0.152733  -0.054276  0.986776  0.001389  -0.003201  0.000353  0.428528  0.809041  1.667950  2.000000  
38.749129 0.000441  0.089019  -0.017196  0.965375  0.220886  -0.138783  -0.210326  0.973769  0.086817  0.154320  -0.054621  0.986510  0.001860  -0.003776  0.000742  0.450673  0.859163  1.731840  2.000000  
38.750365 0.000447  0.089004  -0.017193  0.964589  0.223418  -0.140190  -0.212652  0.973178  0.087765  0.156038  -0.054845  0.986227  0.002446  -0.004586  0.001210  0.472080  0.913144  1.817153  2.000000  
38.751615 0.000456  0.088989  -0.017192  0.963729  0.226174  -0.141675  -0.215169  0.972522  0.088896  0.157888  -0.055188  0.985914  0.003155  -0.005697  0.001562  0.498896  0.971287  1.909905  2.000000  
38.752615 0.000463  0.088978  -0.017189  0.963077  0.228282  -0.142723  -0.217106  0.972017  0.089714  0.159209  -0.055415  0.985688  0.003723  -0.006668  0.001777  0.517099  1.012549  1.973468  2.000000  
38.753615 0.000470  0.088967  -0.017187  0.962444  0.230197  -0.143915  -0.218838  0.971552  0.090535  0.160662  -0.055641  0.985440  0.004147  -0.007300  0.001992  0.535777  1.058798  2.038242  2.000000  
38.754864 0.000478  0.088954  -0.017181  0.961763  0.232126  -0.145361  -0.220558  0.971080  0.091420  0.162378  -0.055864  0.985146  0.004707  -0.008094  0.002557  0.544100  1.100468  2.071382  2.000000  
38.756118 0.000487  0.088941  -0.017175  0.961146  0.233663  -0.146970  -0.221875  0.970699  0.092280  0.164226  -0.056086  0.984827  0.005183  -0.009057  0.003150  0.549530  1.144932  2.066697  2.000000  
38.757364 0.000496  0.088926  -0.017169  0.960478  0.235400  -0.148558  -0.223387  0.970266  0.093175  0.166074  -0.056307  0.984504  0.005493  -0.009856  0.003460  0.550843  1.186042  2.071890  2.000000  
38.758614 0.000501  0.088910  -0.017162  0.959758  0.237336  -0.150122  -0.225095  0.969781  0.094107  0.167921  -0.056528  0.984178  0.005657  -0.010543  0.003612  0.553734  1.215477  2.101022  2.000000  
38.759615 0.000505  0.088896  -0.017155  0.959237  0.238652  -0.151358  -0.226224  0.969445  0.094860  0.169371  -0.056752  0.983917  0.005696  -0.010985  0.003830  0.554239  1.234969  2.105602  2.000000  
38.760882 0.000509  0.088878  -0.017147  0.958647  0.239971  -0.153004  -0.227335  0.969114  0.095589  0.171217  -0.056853  0.983592  0.005498  -0.011499  0.004091  0.543131  1.268415  2.081776  2.000000  
38.762128 0.000510  0.088857  -0.017140  0.958121  0.241102  -0.154511  -0.228252  0.968820  0.096378  0.172931  -0.057074  0.983279  0.005153  -0.012254  0.004252  0.537749  1.289091  2.028347  2.000000  
38.763365 0.000510  0.088835  -0.017131  0.957497  0.242632  -0.155976  -0.229562  0.968425  0.097234  0.174644  -0.057295  0.982963  0.004787  -0.012863  0.004491  0.529229  1.314196  1.982716  2.000000  
38.764609 0.000509  0.088814  -0.017121  0.956916  0.243944  -0.157488  -0.230673  0.968089  0.097945  0.176356  -0.057397  0.982652  0.004429  -0.013282  0.004964  0.522116  1.331834  1.933906  2.000000  
38.765610 0.000509  0.088797  -0.017113  0.956496  0.244835  -0.158656  -0.231405  0.967858  0.098501  0.177673  -0.057502  0.982408  0.003990  -0.013579  0.005368  0.512818  1.343074  1.886955  2.000000  
38.766858 0.000508  0.088777  -0.017103  0.956003  0.245730  -0.160235  -0.232120  0.967632  0.099035  0.179384  -0.057484  0.982098  0.003379  -0.013945  0.005840  0.501870  1.359877  1.826626  2.000000  
38.767861 0.000506  0.088761  -0.017097  0.955625  0.246421  -0.161420  -0.232653  0.967450  0.099562  0.180700  -0.057589  0.981851  0.002798  -0.014249  0.006104  0.490271  1.362774  1.765356  2.000000  
38.769122 0.000504  0.088741  -0.017091  0.955198  0.247109  -0.162890  -0.233174  0.967276  0.100036  0.182279  -0.057572  0.981560  0.002074  -0.014679  0.006245  0.475605  1.371699  1.684129  2.000000  
38.770367 0.000501  0.088721  -0.017087  0.954696  0.248187  -0.164190  -0.234093  0.967001  0.100547  0.183726  -0.057556  0.981291  0.001107  -0.015295  0.006169  0.455531  1.364991  1.607610  2.000000  
38.771614 0.000496  0.088700  -0.017085  0.954216  0.249072  -0.165637  -0.234808  0.966774  0.101059  0.185304  -0.057539  0.980995  0.000244  -0.015730  0.005912  0.433422  1.364581  1.532381  2.000000  
38.772859 0.000491  0.088681  -0.017084  0.953756  0.249930  -0.166985  -0.235528  0.966561  0.101424  0.186750  -0.057404  0.980729  -0.000476  -0.015970  0.005529  0.406689  1.360881  1.466002  2.000000  
38.773861 0.000487  0.088666  -0.017084  0.953440  0.250396  -0.168090  -0.235867  0.966441  0.101776  0.187933  -0.057391  0.980504  -0.001040  -0.016082  0.005075  0.385039  1.351011  1.397524  2.000000  
38.775110 0.000479  0.088646  -0.017085  0.953001  0.251266  -0.169279  -0.236591  0.966216  0.102231  0.189247  -0.057376  0.980252  -0.001828  -0.016230  0.004478  0.356872  1.336421  1.305267  2.000000  
38.776118 0.000473  0.088630  -0.017086  0.952657  0.251922  -0.170234  -0.237131  0.966046  0.102589  0.190298  -0.057364  0.980049  -0.002493  -0.016279  0.003963  0.340516  1.324190  1.254682  2.000000  
38.777361 0.000463  0.088609  -0.017086  0.952189  0.252799  -0.171549  -0.237847  0.965818  0.103078  0.191743  -0.057348  0.979768  -0.003138  -0.016285  0.003472  0.314433  1.299707  1.184340  2.000000  
38.778363 0.000455  0.088593  -0.017086  0.951842  0.253455  -0.172502  -0.238385  0.965646  0.103439  0.192793  -0.057336  0.979563  -0.003616  -0.016164  0.003004  0.299611  1.280080  1.135777  2.000000  
38.779607 0.000447  0.088573  -0.017086  0.951444  0.254126  -0.173709  -0.238910  0.965471  0.103865  0.194106  -0.057321  0.979304  -0.004177  -0.016054  0.002349  0.278457  1.265794  1.074173  2.000000  
38.780609 0.000440  0.088559  -0.017085  0.951094  0.254761  -0.174692  -0.239446  0.965312  0.104111  0.195156  -0.057190  0.979103  -0.004571  -0.015888  0.001844  0.259120  1.254943  1.025916  2.000000  
38.781610 0.000434  0.088545  -0.017084  0.950792  0.255217  -0.175666  -0.239787  0.965192  0.104439  0.196206  -0.057177  0.978894  -0.005008  -0.015729  0.001311  0.242521  1.244567  0.971131  2.000000  
38.782857 0.000428  0.088529  -0.017083  0.950365  0.256079  -0.176722  -0.240512  0.964964  0.104873  0.197386  -0.057164  0.978658  -0.005242  -0.015488  0.000948  0.225983  1.229907  0.916196  2.000000  
38.783859 0.000424  0.088517  -0.017083  0.950036  0.256705  -0.177577  -0.241053  0.964805  0.105090  0.198304  -0.057034  0.978480  -0.005389  -0.015245  0.000598  0.207400  1.218751  0.874821  2.000000  
38.785113 0.000419  0.088503  -0.017084  0.949631  0.257537  -0.178536  -0.241783  0.964591  0.105378  0.199353  -0.056903  0.978274  -0.005486  -0.014822  0.000261  0.191450  1.193359  0.846053  2.000000  
38.786124 0.000416  0.088492  -0.017085  0.949350  0.257964  -0.179412  -0.242127  0.964485  0.105561  0.200271  -0.056774  0.978094  -0.005463  -0.014383  -0.000014  0.170185  1.173605  0.810112  2.000000  
38.787365 0.000414  0.088479  -0.017086  0.948992  0.258597  -0.180392  -0.242660  0.964323  0.105814  0.201320  -0.056642  0.977887  -0.005316  -0.013903  -0.000152  0.156812  1.148995  0.774651  2.000000  
38.788366 0.000413  0.088469  -0.017088  0.948735  0.259016  -0.181141  -0.243011  0.964218  0.105966  0.202106  -0.056514  0.977732  -0.005059  -0.013581  -0.000243  0.138996  1.128551  0.739384  2.000000  
38.789612 0.000414  0.088458  -0.017089  0.948401  0.259618  -0.182025  -0.243550  0.964071  0.106072  0.203023  -0.056266  0.977556  -0.004578  -0.013048  -0.000298  0.118654  1.102663  0.711948  2.000000  
38.790863 0.000415  0.088446  -0.017091  0.948093  0.260235  -0.182751  -0.244095  0.963912  0.106263  0.203809  -0.056138  0.977400  -0.003971  -0.012554  -0.000365  0.107636  1.068854  0.689951  2.000000  
38.792113 0.000417  0.088434  -0.017093  0.947833  0.260631  -0.183530  -0.244444  0.963819  0.106300  0.204595  -0.055892  0.977250  -0.003184  -0.011965  -0.000482  0.088347  1.038668  0.667690  2.000000  
38.793114 0.000420  0.088425  -0.017095  0.947677  0.260859  -0.184015  -0.244612  0.963758  0.106469  0.205119  -0.055886  0.977140  -0.002506  -0.011477  -0.000571  0.075579  1.012939  0.638937  2.000000  
38.794124 0.000423  0.088415  -0.017098  0.947470  0.261285  -0.184477  -0.244974  0.963643  0.106675  0.205643  -0.055879  0.977030  -0.001687  -0.010997  -0.000845  0.067487  0.982112  0.614481  2.000000  
38.795362 0.000429  0.088403  -0.017102  0.947286  0.261519  -0.185088  -0.245135  0.963580  0.106877  0.206297  -0.055872  0.976893  -0.000776  -0.010570  -0.001137  0.058202  0.953655  0.581415  2.000000  
38.796614 0.000436  0.088393  -0.017105  0.947051  0.261952  -0.185676  -0.245490  0.963463  0.107117  0.206952  -0.055864  0.976755  0.000221  -0.010092  -0.001467  0.055409  0.913233  0.562816  2.000000  
38.797862 0.000444  0.088383  -0.017108  0.946866  0.262187  -0.186287  -0.245650  0.963399  0.107319  0.207606  -0.055856  0.976616  0.001213  -0.009658  -0.001706  0.049273  0.883455  0.547934  2.000000  
38.799123 0.000454  0.088375  -0.017109  0.946731  0.262223  -0.186919  -0.245616  0.963390  0.107484  0.208261  -0.055848  0.976478  0.002166  -0.009225  -0.001786  0.044373  0.852629  0.518298  2.000000  
38.800362 0.000464  0.088366  -0.017110  0.946573  0.262473  -0.187371  -0.245782  0.963315  0.107770  0.208784  -0.055960  0.976359  0.003021  -0.008920  -0.001754  0.044432  0.824841  0.492768  2.000000  
38.801607 0.000474  0.088359  -0.017109  0.946441  0.262670  -0.187760  -0.245956  0.963269  0.107791  0.209177  -0.055837  0.976282  0.003924  -0.008490  -0.001554  0.036774  0.786021  0.470187  2.000000  
38.802608 0.000482  0.088354  -0.017108  0.946387  0.262684  -0.188013  -0.245942  0.963265  0.107856  0.209438  -0.055833  0.976227  0.004581  -0.008191  -0.001412  0.033004  0.755908  0.448101  2.000000  
38.803616 0.000491  0.088350  -0.017107  0.946282  0.262897  -0.188243  -0.246123  0.963207  0.107961  0.209700  -0.055830  0.976171  0.005303  -0.007784  -0.001249  0.034951  0.722470  0.435750  2.000000  
38.804860 0.000502  0.088345  -0.017104  0.946228  0.262889  -0.188528  -0.246109  0.963217  0.107910  0.209962  -0.055709  0.976121  0.005855  -0.007359  -0.001014  0.025670  0.688280  0.406567  2.000000  
38.805863 0.000510  0.088341  -0.017103  0.946173  0.262880  -0.188813  -0.246095  0.963226  0.107859  0.210223  -0.055587  0.976072  0.006328  -0.006983  -0.000829  0.018866  0.665734  0.388759  2.000000  
38.807111 0.000520  0.088337  -0.017103  0.946169  0.262673  -0.189120  -0.245886  0.963289  0.107768  0.210485  -0.055465  0.976022  0.006825  -0.006468  -0.000606  0.008226  0.627547  0.352740  2.000000  
38.808116 0.000527  0.088334  -0.017102  0.946142  0.262681  -0.189246  -0.245878  0.963287  0.107801  0.210616  -0.055464  0.975994  0.007238  -0.005975  -0.000445  0.004265  0.597611  0.330808  2.000000  
38.809126 0.000534  0.088330  -0.017103  0.946115  0.262665  -0.189404  -0.245871  0.963299  0.107717  0.210746  -0.055344  0.975973  0.007430  -0.005561  -0.000275  -0.003756  0.562913  0.310601  2.000000  
38.810364 0.000542  0.088327  -0.017103  0.946060  0.262679  -0.189657  -0.245857  0.963295  0.107783  0.211008  -0.055341  0.975917  0.007612  -0.005033  -0.000048  -0.005079  0.528778  0.281510  2.000000  
38.811610 0.000549  0.088323  -0.017104  0.946033  0.262686  -0.189783  -0.245850  0.963293  0.107816  0.211139  -0.055339  0.975888  0.007517  -0.004664  0.000068  -0.007684  0.494087  0.263982  2.000000  
38.812610 0.000554  0.088320  -0.017105  0.946083  0.262511  -0.189774  -0.245655  0.963334  0.107894  0.211139  -0.055457  0.975882  0.007424  -0.004300  0.000178  -0.010595  0.459720  0.230035  2.000000  
38.813858 0.000559  0.088315  -0.017106  0.946056  0.262541  -0.189868  -0.245648  0.963319  0.108043  0.211270  -0.055574  0.975847  0.007126  -0.004058  0.000212  -0.006530  0.430380  0.206461  2.000000  
38.814865 0.000561  0.088311  -0.017107  0.946056  0.262541  -0.189868  -0.245648  0.963319  0.108043  0.211270  -0.055574  0.975847  0.006765  -0.003851  0.000172  -0.008093  0.399609  0.179018  2.000000  
38.816115 0.000564  0.088307  -0.017108  0.946029  0.262572  -0.189963  -0.245641  0.963304  0.108193  0.211400  -0.055691  0.975812  0.006195  -0.003651  0.000074  -0.002683  0.370488  0.162629  2.000000  
38.817361 0.000564  0.088302  -0.017109  0.946029  0.262572  -0.189963  -0.245641  0.963304  0.108193  0.211400  -0.055691  0.975812  0.005530  -0.003523  -0.000078  -0.002812  0.335961  0.140399  2.000000  
38.818609 0.000563  0.088297  -0.017111  0.946001  0.262602  -0.190057  -0.245634  0.963289  0.108343  0.211531  -0.055808  0.975777  0.004786  -0.003509  -0.000293  0.005124  0.310386  0.118710  2.000000  
38.819609 0.000561  0.088293  -0.017113  0.946001  0.262602  -0.190057  -0.245634  0.963289  0.108343  0.211531  -0.055808  0.975777  0.004121  -0.003527  -0.000518  0.006363  0.284448  0.103746  2.000000  
38.820860 0.000559  0.088288  -0.017115  0.946001  0.262602  -0.190057  -0.245634  0.963289  0.108343  0.211531  -0.055808  0.975777  0.003284  -0.003523  -0.000818  0.006165  0.258891  0.082083  2.000000  
38.821862 0.000557  0.088285  -0.017117  0.946001  0.262602  -0.190057  -0.245634  0.963289  0.108343  0.211531  -0.055808  0.975777  0.002510  -0.003496  -0.000999  0.011519  0.234890  0.067673  2.000000  
38.823110 0.000554  0.088283  -0.017119  0.946029  0.262595  -0.189931  -0.245641  0.963291  0.108310  0.211400  -0.055809  0.975805  0.001799  -0.003382  -0.001133  0.010005  0.211070  0.059137  2.000000  
38.824359 0.000551  0.088281  -0.017120  0.946029  0.262595  -0.189931  -0.245641  0.963291  0.108310  0.211400  -0.055809  0.975805  0.001061  -0.003244  -0.001163  0.007157  0.189559  0.044455  2.000000  
38.825364 0.000548  0.088279  -0.017122  0.946029  0.262595  -0.189931  -0.245641  0.963291  0.108310  0.211400  -0.055809  0.975805  0.000407  -0.003181  -0.001214  0.000000  0.000000  0.000000  2.000000  
38.826611 0.000544  0.088277  -0.017123  0.946029  0.262595  -0.189931  -0.245641  0.963291  0.108310  0.211400  -0.055809  0.975805  -0.000436  -0.003090  -0.001244  0.000000  0.000000  0.000000  2.000000  
38.827863 0.000539  0.088274  -0.017124  0.946056  0.262610  -0.189773  -0.245648  0.963280  0.108394  0.211270  -0.055929  0.975826  -0.001127  -0.002975  -0.001276  0.000000  0.000000  0.000000  2.000000  
38.829120 0.000534  0.088271  -0.017127  0.946056  0.262610  -0.189773  -0.245648  0.963280  0.108394  0.211270  -0.055929  0.975826  -0.001788  -0.002889  -0.001374  0.000000  0.000000  0.000000  2.000000  
38.830358 0.000528  0.088267  -0.017130  0.946083  0.262626  -0.189615  -0.245655  0.963268  0.108478  0.211139  -0.056049  0.975848  -0.002267  -0.002839  -0.001518  0.000000  0.000000  0.000000  2.000000  
38.831362 0.000523  0.088263  -0.017133  0.946134  0.262451  -0.189605  -0.245461  0.963309  0.108556  0.211139  -0.056168  0.975841  -0.002768  -0.002829  -0.001639  0.000000  0.000000  0.000000  2.000000  
38.832609 0.000517  0.088258  -0.017136  0.946161  0.262466  -0.189447  -0.245468  0.963298  0.108640  0.211008  -0.056288  0.975862  -0.003148  -0.002873  -0.001754  0.000000  0.000000  0.000000  2.000000  
38.833610 0.000512  0.088254  -0.017139  0.946161  0.262489  -0.189415  -0.245468  0.963285  0.108757  0.211008  -0.056406  0.975856  -0.003420  -0.002799  -0.001858  0.000000  0.000000  0.000000  2.000000  
38.834862 0.000506  0.088249  -0.017142  0.946189  0.262505  -0.189257  -0.245475  0.963274  0.108841  0.210877  -0.056526  0.975877  -0.003664  -0.002845  -0.001929  0.000000  0.000000  0.000000  2.000000  
38.836111 0.000501  0.088245  -0.017146  0.946266  0.262322  -0.189121  -0.245287  0.963316  0.108886  0.210746  -0.056646  0.975898  -0.003805  -0.002796  -0.001986  0.000000  0.000000  0.000000  2.000000  
38.837118 0.000498  0.088242  -0.017148  0.946266  0.262345  -0.189089  -0.245287  0.963303  0.109003  0.210746  -0.056764  0.975891  -0.003957  -0.002840  -0.002034  0.000000  0.000000  0.000000  2.000000  
38.838361 0.000494  0.088239  -0.017151  0.946344  0.262163  -0.188953  -0.245099  0.963346  0.109048  0.210616  -0.056884  0.975913  -0.004020  -0.002889  -0.002071  0.000000  0.000000  0.000000  2.000000  
38.839364 0.000491  0.088237  -0.017152  0.946344  0.262163  -0.188953  -0.245099  0.963346  0.109048  0.210616  -0.056884  0.975913  -0.004010  -0.002892  -0.002108  0.000000  0.000000  0.000000  2.000000  
38.840612 0.000488  0.088236  -0.017154  0.946422  0.261957  -0.188849  -0.244911  0.963402  0.108976  0.210485  -0.056886  0.975941  -0.003958  -0.002874  -0.002165  0.000000  0.000000  0.000000  2.000000  
38.841862 0.000486  0.088235  -0.017155  0.946472  0.261781  -0.188840  -0.244717  0.963442  0.109054  0.210485  -0.057004  0.975934  -0.003808  -0.002780  -0.002166  0.000000  0.000000  0.000000  2.000000  
38.843115 0.000484  0.088233  -0.017156  0.946500  0.261774  -0.188714  -0.244724  0.963444  0.109021  0.210354  -0.057006  0.975962  -0.003644  -0.002683  -0.002067  0.000000  0.000000  0.000000  2.000000  
38.844361 0.000482  0.088232  -0.017157  0.946577  0.261568  -0.188610  -0.244536  0.963500  0.108950  0.210223  -0.057008  0.975990  -0.003431  -0.002521  -0.001945  0.000000  0.000000  0.000000  2.000000  
38.845464 0.000479  0.088231  -0.017157  0.946577  0.261568  -0.188610  -0.244536  0.963500  0.108950  0.210223  -0.057008  0.975990  -0.003199  -0.002347  -0.001721  0.000000  0.000000  0.000000  2.000000  
38.846611 0.000477  0.088229  -0.017156  0.946655  0.261363  -0.188506  -0.244348  0.963556  0.108878  0.210092  -0.057009  0.976018  -0.002941  -0.002166  -0.001525  0.000000  0.000000  0.000000  2.000000  
38.847860 0.000476  0.088229  -0.017155  0.946732  0.261180  -0.188370  -0.244160  0.963598  0.108924  0.209962  -0.057129  0.976039  -0.002618  -0.001842  -0.001169  0.000000  0.000000  0.000000  2.000000  
38.849123 0.000474  0.088228  -0.017153  0.946782  0.260981  -0.188392  -0.243965  0.963652  0.108885  0.209962  -0.057129  0.976039  -0.002304  -0.001567  -0.000858  0.000000  0.000000  0.000000  2.000000  
38.850357 0.000474  0.088228  -0.017153  0.946810  0.260997  -0.188234  -0.243972  0.963641  0.108969  0.209831  -0.057249  0.976060  -0.002024  -0.001321  -0.000576  0.000000  0.000000  0.000000  2.000000  
38.851360 0.000474  0.088228  -0.017153  0.946810  0.260997  -0.188234  -0.243972  0.963641  0.108969  0.209831  -0.057249  0.976060  -0.001726  -0.001061  -0.000408  0.000000  0.000000  0.000000  2.000000  
38.852363 0.000474  0.088228  -0.017153  0.946887  0.260814  -0.188099  -0.243784  0.963683  0.109015  0.209700  -0.057369  0.976081  -0.001482  -0.000857  -0.000215  0.000000  0.000000  0.000000  2.000000  
38.853363 0.000475  0.088229  -0.017153  0.946914  0.260829  -0.187940  -0.243791  0.963672  0.109099  0.209569  -0.057490  0.976102  -0.001228  -0.000642  -0.000116  0.000000  0.000000  0.000000  2.000000  
38.854612 0.000477  0.088231  -0.017153  0.946914  0.260829  -0.187940  -0.243791  0.963672  0.109099  0.209569  -0.057490  0.976102  -0.000893  -0.000406  -0.000010  0.000000  0.000000  0.000000  2.000000  
38.855612 0.000478  0.088232  -0.017153  0.946941  0.260844  -0.187782  -0.243798  0.963660  0.109184  0.209438  -0.057610  0.976123  -0.000651  -0.000242  0.000041  0.000000  0.000000  0.000000  2.000000  
38.856862 0.000480  0.088233  -0.017154  0.946941  0.260844  -0.187782  -0.243798  0.963660  0.109184  0.209438  -0.057610  0.976123  -0.000434  -0.000100  0.000074  0.000000  0.000000  0.000000  2.000000  
38.858125 0.000482  0.088235  -0.017153  0.946969  0.260837  -0.187656  -0.243805  0.963662  0.109151  0.209307  -0.057611  0.976151  -0.000098  0.000111  0.000189  0.000000  0.000000  0.000000  2.000000  
38.859126 0.000483  0.088236  -0.017153  0.946969  0.260837  -0.187656  -0.243805  0.963662  0.109151  0.209307  -0.057611  0.976151  0.000109  0.000229  0.000268  0.000000  0.000000  0.000000  2.000000  
38.860359 0.000485  0.088237  -0.017151  0.946945  0.261028  -0.187507  -0.244007  0.963610  0.109157  0.209177  -0.057613  0.976179  0.000367  0.000416  0.000372  0.000000  0.000000  0.000000  2.000000  
38.861362 0.000487  0.088239  -0.017149  0.946945  0.261028  -0.187507  -0.244007  0.963610  0.109157  0.209177  -0.057613  0.976179  0.000624  0.000635  0.000474  0.000000  0.000000  0.000000  2.000000  
38.862612 0.000488  0.088240  -0.017147  0.946922  0.261219  -0.187358  -0.244209  0.963559  0.109163  0.209046  -0.057615  0.976207  0.000834  0.000774  0.000507  0.000000  0.000000  0.000000  2.000000  
38.863861 0.000490  0.088242  -0.017146  0.946922  0.261219  -0.187358  -0.244209  0.963559  0.109163  0.209046  -0.057615  0.976207  0.001037  0.000939  0.000533  0.000000  0.000000  0.000000  2.000000  
38.864864 0.000491  0.088243  -0.017144  0.946872  0.261417  -0.187335  -0.244404  0.963505  0.109202  0.209046  -0.057615  0.976207  0.001193  0.001058  0.000623  0.000000  0.000000  0.000000  2.000000  
38.866110 0.000494  0.088245  -0.017142  0.946849  0.261608  -0.187186  -0.244606  0.963453  0.109208  0.208915  -0.057616  0.976235  0.001297  0.001136  0.000683  0.000000  0.000000  0.000000  2.000000  
38.867362 0.000496  0.088247  -0.017140  0.946849  0.261631  -0.187155  -0.244606  0.963440  0.109324  0.208915  -0.057735  0.976228  0.001440  0.001258  0.000808  0.000000  0.000000  0.000000  2.000000  
38.868609 0.000498  0.088249  -0.017139  0.946798  0.261829  -0.187132  -0.244801  0.963386  0.109363  0.208915  -0.057735  0.976228  0.001511  0.001335  0.000935  0.000000  0.000000  0.000000  2.000000  
38.869860 0.000499  0.088251  -0.017137  0.946748  0.262027  -0.187110  -0.244996  0.963332  0.109402  0.208915  -0.057735  0.976228  0.001447  0.001319  0.001027  0.000000  0.000000  0.000000  2.000000  
38.870865 0.000500  0.088252  -0.017137  0.946748  0.262027  -0.187110  -0.244996  0.963332  0.109402  0.208915  -0.057735  0.976228  0.001464  0.001324  0.001126  0.000000  0.000000  0.000000  2.000000  
38.872114 0.000501  0.088253  -0.017136  0.946697  0.262226  -0.187087  -0.245191  0.963278  0.109440  0.208915  -0.057735  0.976228  0.001369  0.001284  0.001200  0.000000  0.000000  0.000000  2.000000  
38.873362 0.000502  0.088253  -0.017135  0.946724  0.262218  -0.186961  -0.245198  0.963280  0.109407  0.208784  -0.057736  0.976256  0.001326  0.001236  0.001229  0.000000  0.000000  0.000000  2.000000  
38.874612 0.000502  0.088253  -0.017135  0.946674  0.262417  -0.186938  -0.245393  0.963226  0.109446  0.208784  -0.057736  0.976256  0.001231  0.001119  0.001128  0.000000  0.000000  0.000000  2.000000  
38.875613 0.000503  0.088253  -0.017134  0.946674  0.262417  -0.186938  -0.245393  0.963226  0.109446  0.208784  -0.057736  0.976256  0.001184  0.001015  0.001073  0.000000  0.000000  0.000000  2.000000  
38.876860 0.000503  0.088252  -0.017134  0.946623  0.262615  -0.186916  -0.245588  0.963172  0.109484  0.208784  -0.057736  0.976256  0.001099  0.000878  0.000982  0.000000  0.000000  0.000000  2.000000  
38.877860 0.000504  0.088252  -0.017134  0.946573  0.262813  -0.186893  -0.245782  0.963118  0.109523  0.208784  -0.057736  0.976256  0.001019  0.000746  0.000906  0.000000  0.000000  0.000000  2.000000  
38.878863 0.000504  0.088251  -0.017133  0.946573  0.262813  -0.186893  -0.245782  0.963118  0.109523  0.208784  -0.057736  0.976256  0.000932  0.000596  0.000776  0.000000  0.000000  0.000000  2.000000  
38.879868 0.000505  0.088250  -0.017133  0.946573  0.262813  -0.186893  -0.245782  0.963118  0.109523  0.208784  -0.057736  0.976256  0.000872  0.000450  0.000710  0.000000  0.000000  0.000000  2.000000  
38.881123 0.000505  0.088250  -0.017131  0.946522  0.263011  -0.186871  -0.245977  0.963064  0.109561  0.208784  -0.057736  0.976256  0.000759  0.000284  0.000700  0.000000  0.000000  0.000000  2.000000  
38.882359 0.000505  0.088249  -0.017130  0.946522  0.263011  -0.186871  -0.245977  0.963064  0.109561  0.208784  -0.057736  0.976256  0.000633  0.000096  0.000725  0.000000  0.000000  0.000000  2.000000  
38.883360 0.000505  0.088248  -0.017128  0.946472  0.263210  -0.186848  -0.246172  0.963009  0.109600  0.208784  -0.057736  0.976256  0.000500  -0.000091  0.000709  0.000000  0.000000  0.000000  2.000000  
38.884608 0.000504  0.088247  -0.017127  0.946445  0.263217  -0.186974  -0.246165  0.963007  0.109633  0.208915  -0.057735  0.976228  0.000370  -0.000250  0.000724  0.000000  0.000000  0.000000  2.000000  
38.885609 0.000503  0.088246  -0.017126  0.946445  0.263217  -0.186974  -0.246165  0.963007  0.109633  0.208915  -0.057735  0.976228  0.000241  -0.000387  0.000743  0.000000  0.000000  0.000000  2.000000  
38.886615 0.000502  0.088245  -0.017124  0.946445  0.263194  -0.187006  -0.246165  0.963021  0.109516  0.208915  -0.057616  0.976235  0.000082  -0.000556  0.000757  0.000000  0.000000  0.000000  2.000000  
38.887865 0.000500  0.088243  -0.017123  0.946445  0.263194  -0.187006  -0.246165  0.963021  0.109516  0.208915  -0.057616  0.976235  -0.000111  -0.000690  0.000824  0.000000  0.000000  0.000000  2.000000  
38.888868 0.000499  0.088242  -0.017122  0.946472  0.263187  -0.186880  -0.246172  0.963023  0.109483  0.208784  -0.057618  0.976263  -0.000259  -0.000781  0.000826  0.000000  0.000000  0.000000  2.000000  
38.889872 0.000497  0.088241  -0.017121  0.946421  0.263385  -0.186857  -0.246367  0.962969  0.109521  0.208784  -0.057618  0.976263  -0.000385  -0.000846  0.000883  0.000000  0.000000  0.000000  2.000000  
38.891119 0.000495  0.088240  -0.017120  0.946421  0.263363  -0.186889  -0.246367  0.962982  0.109405  0.208784  -0.057499  0.976270  -0.000540  -0.000861  0.000960  0.000000  0.000000  0.000000  2.000000  
38.892366 0.000493  0.088239  -0.017118  0.946421  0.263363  -0.186889  -0.246367  0.962982  0.109405  0.208784  -0.057499  0.976270  -0.000705  -0.000873  0.001075  0.000000  0.000000  0.000000  2.000000  
38.893616 0.000492  0.088238  -0.017116  0.946421  0.263363  -0.186889  -0.246367  0.962982  0.109405  0.208784  -0.057499  0.976270  -0.000828  -0.000863  0.001171  0.000000  0.000000  0.000000  2.000000  
38.894862 0.000490  0.088238  -0.017114  0.946421  0.263363  -0.186889  -0.246367  0.962982  0.109405  0.208784  -0.057499  0.976270  -0.000943  -0.000817  0.001238  0.000000  0.000000  0.000000  2.000000  
38.895885 0.000489  0.088237  -0.017112  0.946421  0.263340  -0.186921  -0.246367  0.962995  0.109288  0.208784  -0.057381  0.976277  -0.001089  -0.000849  0.001261  0.000000  0.000000  0.000000  2.000000  
38.897115 0.000488  0.088237  -0.017110  0.946421  0.263340  -0.186921  -0.246367  0.962995  0.109288  0.208784  -0.057381  0.976277  -0.001152  -0.000805  0.001317  0.000000  0.000000  0.000000  2.000000  
38.898122 0.000486  0.088236  -0.017109  0.946421  0.263340  -0.186921  -0.246367  0.962995  0.109288  0.208784  -0.057381  0.976277  -0.001267  -0.000793  0.001313  0.000000  0.000000  0.000000  2.000000  
38.899123 0.000485  0.088236  -0.017107  0.946370  0.263516  -0.186931  -0.246562  0.962954  0.109209  0.208784  -0.057263  0.976284  -0.001294  -0.000742  0.001334  0.000000  0.000000  0.000000  2.000000  
38.900362 0.000483  0.088235  -0.017105  0.946343  0.263523  -0.187057  -0.246555  0.962952  0.109242  0.208915  -0.057261  0.976256  -0.001365  -0.000750  0.001342  0.000000  0.000000  0.000000  2.000000  
38.901608 0.000481  0.088235  -0.017103  0.946343  0.263523  -0.187057  -0.246555  0.962952  0.109242  0.208915  -0.057261  0.976256  -0.001372  -0.000674  0.001417  0.000000  0.000000  0.000000  2.000000  
38.902610 0.000480  0.088234  -0.017102  0.946343  0.263523  -0.187057  -0.246555  0.962952  0.109242  0.208915  -0.057261  0.976256  -0.001395  -0.000604  0.001391  0.000000  0.000000  0.000000  2.000000  
38.903615 0.000479  0.088235  -0.017100  0.946319  0.263691  -0.186940  -0.246757  0.962913  0.109131  0.208784  -0.057144  0.976291  -0.001360  -0.000508  0.001448  0.000000  0.000000  0.000000  2.000000  
38.904863 0.000477  0.088235  -0.017099  0.946292  0.263698  -0.187067  -0.246750  0.962911  0.109164  0.208915  -0.057142  0.976263  -0.001374  -0.000409  0.001513  0.000000  0.000000  0.000000  2.000000  
38.905864 0.000476  0.088235  -0.017096  0.946292  0.263698  -0.187067  -0.246750  0.962911  0.109164  0.208915  -0.057142  0.976263  -0.001289  -0.000314  0.001558  0.000000  0.000000  0.000000  2.000000  
38.907114 0.000475  0.088236  -0.017095  0.946242  0.263874  -0.187076  -0.246944  0.962870  0.109086  0.208915  -0.057024  0.976270  -0.001259  -0.000173  0.001560  0.000000  0.000000  0.000000  2.000000  
38.908359 0.000474  0.088238  -0.017093  0.946242  0.263874  -0.187076  -0.246944  0.962870  0.109086  0.208915  -0.057024  0.976270  -0.001190  -0.000031  0.001588  0.000000  0.000000  0.000000  2.000000  
38.909365 0.000474  0.088239  -0.017092  0.946191  0.264072  -0.187054  -0.247139  0.962816  0.109124  0.208915  -0.057024  0.976270  -0.001148  0.000082  0.001551  0.000000  0.000000  0.000000  2.000000  
38.910612 0.000473  0.088240  -0.017090  0.946191  0.264072  -0.187054  -0.247139  0.962816  0.109124  0.208915  -0.057024  0.976270  -0.001058  0.000221  0.001508  0.000000  0.000000  0.000000  2.000000  
38.911858 0.000473  0.088241  -0.017089  0.946140  0.264270  -0.187031  -0.247334  0.962761  0.109163  0.208915  -0.057024  0.976270  -0.001020  0.000308  0.001437  0.000000  0.000000  0.000000  2.000000  
38.912860 0.000473  0.088242  -0.017088  0.946140  0.264270  -0.187031  -0.247334  0.962761  0.109163  0.208915  -0.057024  0.976270  -0.000919  0.000402  0.001397  0.000000  0.000000  0.000000  2.000000  
38.913863 0.000472  0.088243  -0.017087  0.946089  0.264446  -0.187041  -0.247529  0.962720  0.109085  0.208915  -0.056906  0.976277  -0.000884  0.000447  0.001369  0.000000  0.000000  0.000000  2.000000  
38.915116 0.000472  0.088243  -0.017086  0.946089  0.264446  -0.187041  -0.247529  0.962720  0.109085  0.208915  -0.056906  0.976277  -0.000764  0.000535  0.001302  0.000000  0.000000  0.000000  2.000000  
38.916359 0.000472  0.088244  -0.017085  0.946038  0.264644  -0.187018  -0.247724  0.962666  0.109123  0.208915  -0.056906  0.976277  -0.000637  0.000593  0.001260  0.000000  0.000000  0.000000  2.000000  
38.917363 0.000472  0.088244  -0.017084  0.946011  0.264652  -0.187145  -0.247716  0.962664  0.109156  0.209046  -0.056904  0.976249  -0.000546  0.000612  0.001231  0.000000  0.000000  0.000000  2.000000  
38.918366 0.000472  0.088244  -0.017083  0.945960  0.264850  -0.187122  -0.247911  0.962609  0.109195  0.209046  -0.056904  0.976249  -0.000437  0.000605  0.001174  0.000000  0.000000  0.000000  2.000000  
38.919610 0.000473  0.088244  -0.017083  0.945960  0.264850  -0.187122  -0.247911  0.962609  0.109195  0.209046  -0.056904  0.976249  -0.000323  0.000619  0.001071  0.000000  0.000000  0.000000  2.000000  
38.920616 0.000473  0.088244  -0.017082  0.945909  0.265048  -0.187100  -0.248106  0.962555  0.109233  0.209046  -0.056904  0.976249  -0.000195  0.000617  0.000956  0.000000  0.000000  0.000000  2.000000  
38.921867 0.000474  0.088245  -0.017083  0.945858  0.265246  -0.187077  -0.248301  0.962500  0.109272  0.209046  -0.056904  0.976249  -0.000085  0.000557  0.000814  0.000000  0.000000  0.000000  2.000000  
38.923114 0.000474  0.088245  -0.017083  0.945858  0.265246  -0.187077  -0.248301  0.962500  0.109272  0.209046  -0.056904  0.976249  0.000026  0.000497  0.000672  0.000000  0.000000  0.000000  2.000000  
38.924362 0.000475  0.088245  -0.017083  0.945806  0.265444  -0.187055  -0.248495  0.962445  0.109310  0.209046  -0.056904  0.976249  0.000081  0.000411  0.000576  0.000000  0.000000  0.000000  2.000000  
38.925613 0.000475  0.088245  -0.017084  0.945779  0.265452  -0.187181  -0.248488  0.962444  0.109343  0.209177  -0.056902  0.976221  0.000127  0.000288  0.000453  0.000000  0.000000  0.000000  2.000000  
38.926862 0.000475  0.088245  -0.017084  0.945728  0.265650  -0.187159  -0.248683  0.962389  0.109382  0.209177  -0.056902  0.976221  0.000145  0.000209  0.000340  0.000000  0.000000  0.000000  2.000000  
38.928115 0.000475  0.088245  -0.017083  0.945728  0.265650  -0.187159  -0.248683  0.962389  0.109382  0.209177  -0.056902  0.976221  0.000191  0.000132  0.000291  0.000000  0.000000  0.000000  2.000000  
38.929123 0.000475  0.088244  -0.017084  0.945728  0.265650  -0.187159  -0.248683  0.962389  0.109382  0.209177  -0.056902  0.976221  0.000175  0.000080  0.000241  0.000000  0.000000  0.000000  2.000000  
38.930128 0.000475  0.088243  -0.017084  0.945677  0.265848  -0.187136  -0.248878  0.962334  0.109420  0.209177  -0.056902  0.976221  0.000185  0.000005  0.000169  0.000000  0.000000  0.000000  2.000000  
38.931360 0.000474  0.088242  -0.017084  0.945677  0.265848  -0.187136  -0.248878  0.962334  0.109420  0.209177  -0.056902  0.976221  0.000160  -0.000096  0.000076  0.000000  0.000000  0.000000  2.000000  
38.932610 0.000474  0.088241  -0.017084  0.945650  0.265832  -0.187295  -0.248871  0.962346  0.109337  0.209307  -0.056782  0.976200  0.000136  -0.000197  -0.000018  0.000000  0.000000  0.000000  2.000000  
38.933614 0.000474  0.088240  -0.017084  0.945599  0.266031  -0.187272  -0.249065  0.962291  0.109376  0.209307  -0.056782  0.976200  0.000115  -0.000224  -0.000073  0.000000  0.000000  0.000000  2.000000  
38.934861 0.000474  0.088240  -0.017085  0.945599  0.266031  -0.187272  -0.249065  0.962291  0.109376  0.209307  -0.056782  0.976200  0.000081  -0.000296  -0.000172  0.000000  0.000000  0.000000  2.000000  
38.936112 0.000474  0.088238  -0.017086  0.945599  0.266053  -0.187240  -0.249065  0.962277  0.109492  0.209307  -0.056901  0.976193  0.000046  -0.000393  -0.000227  0.000000  0.000000  0.000000  2.000000  
38.937118 0.000474  0.088238  -0.017086  0.945599  0.266053  -0.187240  -0.249065  0.962277  0.109492  0.209307  -0.056901  0.976193  0.000024  -0.000448  -0.000240  0.000000  0.000000  0.000000  2.000000  
38.938124 0.000474  0.088238  -0.017086  0.945520  0.266259  -0.187344  -0.249253  0.962221  0.109564  0.209438  -0.056899  0.976165  -0.000050  -0.000493  -0.000239  0.000000  0.000000  0.000000  2.000000  
38.939125 0.000473  0.088237  -0.017087  0.945520  0.266259  -0.187344  -0.249253  0.962221  0.109564  0.209438  -0.056899  0.976165  -0.000105  -0.000565  -0.000267  0.000000  0.000000  0.000000  2.000000  
38.940361 0.000473  0.088236  -0.017087  0.945520  0.266259  -0.187344  -0.249253  0.962221  0.109564  0.209438  -0.056899  0.976165  -0.000134  -0.000580  -0.000280  0.000000  0.000000  0.000000  2.000000  
38.941609 0.000473  0.088236  -0.017087  0.945520  0.266259  -0.187344  -0.249253  0.962221  0.109564  0.209438  -0.056899  0.976165  -0.000168  -0.000624  -0.000253  0.000000  0.000000  0.000000  2.000000  
38.942611 0.000472  0.088235  -0.017088  0.945520  0.266259  -0.187344  -0.249253  0.962221  0.109564  0.209438  -0.056899  0.976165  -0.000199  -0.000648  -0.000271  0.000000  0.000000  0.000000  2.000000  
38.943612 0.000472  0.088234  -0.017088  0.945520  0.266259  -0.187344  -0.249253  0.962221  0.109564  0.209438  -0.056899  0.976165  -0.000260  -0.000696  -0.000306  0.000000  0.000000  0.000000  2.000000  
