1-Time 2-Px 3-Py 4-Pz 5-R11 6-R21 7-R31 8-R12 9-R22 10-R32 11-R13 12-R23 13-R33 14-Vx 15-Vy 16-Vz 17-Wx 18-Wy 19-Wz 20-state 21-PR11 22-PR21 23-PR31 24-PR12 25-PR22 26-PR32 27-PR13 28-PR23 29-PR33 
103.216175 0.005066  0.095048  -0.021263  0.987117  0.118334  -0.107689  -0.116163  0.992884  0.026229  0.110027  -0.013382  0.993839  0.001154  0.000355  -0.002418  0.000000  0.000000  0.000000  2.000000  
103.217176 0.005067  0.095049  -0.021266  0.987088  0.118337  -0.107954  -0.116160  0.992883  0.026260  0.110293  -0.013381  0.993809  0.001145  0.000369  -0.002463  0.000000  0.000000  0.000000  2.000000  
103.218185 0.005069  0.095049  -0.021269  0.986933  0.119162  -0.108460  -0.116966  0.992785  0.026412  0.110825  -0.013381  0.993750  0.001170  0.000278  -0.002537  -0.024451  0.166304  0.002300  2.000000  
103.219190 0.005071  0.095048  -0.021273  0.986777  0.119986  -0.108966  -0.117771  0.992685  0.026564  0.111357  -0.013380  0.993690  0.001217  0.000227  -0.002637  -0.020686  0.179265  0.036851  2.000000  
103.220425 0.005073  0.095047  -0.021277  0.986600  0.120625  -0.109859  -0.118368  0.992606  0.026863  0.112287  -0.013499  0.993584  0.001286  0.000131  -0.002726  -0.010258  0.206031  0.057865  2.000000  
103.221426 0.005075  0.095046  -0.021281  0.986477  0.121056  -0.110493  -0.118766  0.992552  0.027108  0.112952  -0.013618  0.993507  0.001354  0.000034  -0.002814  -0.004644  0.223824  0.071877  2.000000  
103.222674 0.005078  0.095045  -0.021286  0.986249  0.122104  -0.111374  -0.119768  0.992422  0.027454  0.113883  -0.013737  0.993399  0.001450  -0.000089  -0.002971  0.003287  0.245849  0.106589  2.000000  
103.223675 0.005081  0.095045  -0.021289  0.986009  0.123341  -0.112132  -0.120975  0.992269  0.027689  0.114680  -0.013736  0.993307  0.001549  -0.000084  -0.002994  0.007930  0.267743  0.148144  2.000000  
103.224676 0.005083  0.095045  -0.021292  0.985726  0.124797  -0.113000  -0.122383  0.992086  0.028085  0.115611  -0.013855  0.993198  0.001618  -0.000107  -0.003038  0.017469  0.294023  0.196645  2.000000  
103.225678 0.005085  0.095045  -0.021296  0.985416  0.126444  -0.113876  -0.123992  0.991877  0.028387  0.116541  -0.013854  0.993089  0.001666  -0.000157  -0.003139  0.027832  0.320232  0.251978  2.000000  
103.226926 0.005086  0.095044  -0.021304  0.985060  0.128296  -0.114878  -0.125802  0.991639  0.028733  0.117604  -0.013852  0.992964  0.001672  -0.000198  -0.003496  0.035000  0.346366  0.314218  2.000000  
103.227927 0.005087  0.095045  -0.021313  0.984752  0.129740  -0.115890  -0.127205  0.991451  0.029035  0.118667  -0.013850  0.992838  0.001650  -0.000170  -0.003874  0.040665  0.377215  0.362798  2.000000  
103.229187 0.005089  0.095048  -0.021323  0.984325  0.131598  -0.117417  -0.129005  0.991206  0.029457  0.120261  -0.013847  0.992646  0.001687  -0.000001  -0.004396  0.048856  0.420977  0.431875  2.000000  
103.230421 0.005092  0.095051  -0.021333  0.983848  0.133677  -0.119051  -0.131003  0.990927  0.030046  0.121987  -0.013965  0.992433  0.001789  0.000178  -0.004797  0.065386  0.474218  0.501562  2.000000  
103.231427 0.005095  0.095052  -0.021342  0.983441  0.135531  -0.120311  -0.132804  0.990675  0.030444  0.123315  -0.013963  0.992269  0.001915  0.000213  -0.005211  0.072935  0.513718  0.563822  2.000000  
103.232672 0.005101  0.095054  -0.021354  0.982896  0.138017  -0.121928  -0.135204  0.990330  0.031097  0.125041  -0.014080  0.992052  0.002204  0.000338  -0.005768  0.086551  0.557478  0.641746  2.000000  
103.233925 0.005109  0.095056  -0.021366  0.982342  0.140503  -0.123543  -0.137601  0.989979  0.031757  0.126767  -0.014197  0.991831  0.002566  0.000522  -0.006294  0.101703  0.614847  0.730233  2.000000  
103.234926 0.005115  0.095057  -0.021372  0.981928  0.142169  -0.124918  -0.139192  0.989739  0.032286  0.128227  -0.014315  0.991642  0.002919  0.000639  -0.006516  0.116972  0.658959  0.785670  2.000000  
103.235929 0.005122  0.095055  -0.021378  0.981510  0.143835  -0.126292  -0.140782  0.989496  0.032819  0.129686  -0.014432  0.991450  0.003267  0.000654  -0.006603  0.128290  0.703229  0.841390  2.000000  
103.237179 0.005132  0.095053  -0.021383  0.980900  0.146323  -0.128162  -0.143169  0.989130  0.033538  0.131676  -0.014549  0.991186  0.003712  0.000555  -0.006661  0.144065  0.760010  0.931022  2.000000  
103.238181 0.005141  0.095051  -0.021388  0.980422  0.148194  -0.129655  -0.144955  0.988850  0.034128  0.133267  -0.014666  0.990972  0.004147  0.000405  -0.006773  0.156475  0.808480  0.993433  2.000000  
103.239190 0.005151  0.095049  -0.021392  0.979939  0.150065  -0.131147  -0.146739  0.988566  0.034724  0.134858  -0.014783  0.990755  0.004629  0.000236  -0.006847  0.168951  0.856734  1.055580  2.000000  
103.240426 0.005162  0.095044  -0.021395  0.979347  0.152132  -0.133172  -0.148713  0.988250  0.035312  0.136979  -0.014778  0.990464  0.005209  -0.000016  -0.006732  0.182816  0.923674  1.125530  2.000000  
103.241674 0.005173  0.095038  -0.021400  0.978796  0.153992  -0.135071  -0.150485  0.987962  0.035861  0.138967  -0.014774  0.990187  0.005802  -0.000421  -0.006462  0.191832  0.981304  1.188082  2.000000  
103.242675 0.005182  0.095032  -0.021404  0.978357  0.155439  -0.136590  -0.151861  0.987735  0.036299  0.140557  -0.014771  0.989962  0.006465  -0.000884  -0.006176  0.198913  1.030067  1.236715  2.000000  
103.243676 0.005194  0.095027  -0.021408  0.977881  0.157089  -0.138100  -0.153437  0.987474  0.036770  0.142146  -0.014767  0.989735  0.007135  -0.001412  -0.005886  0.211878  1.078620  1.298889  2.000000  
103.244926 0.005208  0.095020  -0.021413  0.977279  0.159151  -0.139985  -0.155405  0.987144  0.037367  0.144133  -0.014763  0.989448  0.007953  -0.002052  -0.005584  0.222102  1.140884  1.368613  2.000000  
103.246178 0.005222  0.095014  -0.021417  0.976754  0.160803  -0.141753  -0.156971  0.986876  0.037891  0.145986  -0.014759  0.989177  0.008535  -0.002558  -0.005176  0.230595  1.193810  1.423814  2.000000  
103.247427 0.005237  0.095008  -0.021419  0.976255  0.162253  -0.143527  -0.158334  0.986639  0.038392  0.147839  -0.014755  0.988901  0.009250  -0.003106  -0.004400  0.236598  1.247417  1.458875  2.000000  
103.248673 0.005253  0.095002  -0.021422  0.975764  0.163501  -0.145438  -0.159492  0.986433  0.038889  0.149823  -0.014751  0.988603  0.009811  -0.003652  -0.003782  0.238386  1.281717  1.461059  2.000000  
103.249928 0.005269  0.094996  -0.021424  0.975201  0.165154  -0.147331  -0.161049  0.986158  0.039452  0.151807  -0.014746  0.988300  0.010263  -0.004069  -0.003413  0.241256  1.323389  1.493934  2.000000  
103.250929 0.005279  0.094990  -0.021425  0.974793  0.166193  -0.148856  -0.162013  0.985983  0.039864  0.153394  -0.014742  0.988055  0.010464  -0.004377  -0.003140  0.241637  1.354561  1.514917  2.000000  
103.252181 0.005292  0.094982  -0.021425  0.974274  0.167641  -0.150623  -0.163370  0.985738  0.040384  0.155245  -0.014738  0.987766  0.010684  -0.004821  -0.002789  0.242370  1.385159  1.535203  2.000000  
103.253425 0.005304  0.094972  -0.021425  0.973837  0.168680  -0.152275  -0.164327  0.985561  0.040825  0.156963  -0.014734  0.987495  0.010716  -0.005262  -0.002426  0.242578  1.412685  1.521990  2.000000  
103.254674 0.005315  0.094961  -0.021426  0.973363  0.169923  -0.153918  -0.165484  0.985347  0.041301  0.158681  -0.014730  0.987220  0.010702  -0.005760  -0.002141  0.237581  1.427773  1.502810  2.000000  
103.255677 0.005322  0.094951  -0.021425  0.972982  0.170938  -0.155198  -0.166450  0.985174  0.041563  0.160002  -0.014607  0.987009  0.010607  -0.006167  -0.001912  0.232371  1.441506  1.482255  2.000000  
103.256925 0.005331  0.094939  -0.021422  0.972500  0.172180  -0.156838  -0.167604  0.984957  0.042046  0.161718  -0.014603  0.986729  0.010363  -0.006505  -0.001462  0.231546  1.464089  1.461891  2.000000  
103.257927 0.005337  0.094930  -0.021419  0.972091  0.173195  -0.158246  -0.168564  0.984781  0.042336  0.163170  -0.014480  0.986492  0.010120  -0.006735  -0.000945  0.227406  1.477791  1.448182  2.000000  
103.259188 0.005345  0.094919  -0.021413  0.971614  0.174216  -0.160044  -0.169512  0.984603  0.042697  0.165018  -0.014356  0.986186  0.009617  -0.007035  -0.000167  0.217894  1.485442  1.417953  2.000000  
103.260425 0.005351  0.094908  -0.021407  0.971168  0.175014  -0.161871  -0.170258  0.984465  0.042909  0.166865  -0.014112  0.985879  0.009158  -0.007343  0.000548  0.205271  1.496000  1.370285  2.000000  
103.261671 0.005357  0.094898  -0.021402  0.970683  0.176034  -0.163666  -0.171203  0.984285  0.043277  0.168712  -0.013988  0.985566  0.008568  -0.007590  0.001052  0.197763  1.497554  1.331634  2.000000  
103.262674 0.005360  0.094889  -0.021398  0.970296  0.176844  -0.165080  -0.171959  0.984141  0.043545  0.170163  -0.013865  0.985318  0.007903  -0.007935  0.001496  0.185212  1.501970  1.287655  2.000000  
103.263927 0.005364  0.094878  -0.021394  0.969826  0.177841  -0.166765  -0.172906  0.983965  0.043777  0.171876  -0.013622  0.985024  0.007168  -0.008221  0.001894  0.168962  1.502526  1.246082  2.000000  
103.265181 0.005366  0.094867  -0.021390  0.969339  0.179037  -0.168311  -0.174054  0.983751  0.044024  0.173458  -0.013379  0.984750  0.006238  -0.008564  0.002327  0.154745  1.494667  1.218720  2.000000  
103.266423 0.005366  0.094855  -0.021387  0.968897  0.179849  -0.169982  -0.174799  0.983605  0.044347  0.175171  -0.013255  0.984449  0.005456  -0.008807  0.002569  0.142008  1.491418  1.174314  2.000000  
103.267676 0.005366  0.094842  -0.021385  0.968461  0.180839  -0.171405  -0.175750  0.983427  0.044542  0.176619  -0.013013  0.984193  0.004568  -0.009089  0.002706  0.124421  1.473933  1.125888  2.000000  
103.268678 0.005364  0.094831  -0.021382  0.968083  0.181624  -0.172708  -0.176505  0.983285  0.044681  0.177936  -0.012771  0.983959  0.003705  -0.009280  0.002946  0.107520  1.464418  1.086682  2.000000  
103.269924 0.005361  0.094818  -0.021379  0.967619  0.182635  -0.174238  -0.177449  0.983099  0.045025  0.179516  -0.012648  0.983674  0.002896  -0.009350  0.003126  0.095911  1.447168  1.052132  2.000000  
103.270928 0.005358  0.094808  -0.021376  0.967235  0.183419  -0.175539  -0.178202  0.982957  0.045168  0.180832  -0.012407  0.983436  0.002147  -0.009398  0.003279  0.085947  1.438307  1.030888  2.000000  
103.272172 0.005353  0.094794  -0.021372  0.966764  0.184407  -0.177090  -0.179145  0.982775  0.045398  0.182411  -0.012164  0.983147  0.001390  -0.009467  0.003337  0.076591  1.427504  1.008933  2.000000  
103.273173 0.005351  0.094785  -0.021369  0.966413  0.185008  -0.178377  -0.179697  0.982663  0.045629  0.183726  -0.012042  0.982904  0.000827  -0.009525  0.003234  0.068406  1.418801  0.974400  2.000000  
103.274174 0.005349  0.094775  -0.021366  0.966022  0.185790  -0.179677  -0.180448  0.982519  0.045779  0.185041  -0.011801  0.982660  0.000274  -0.009614  0.003141  0.057208  1.410071  0.946588  2.000000  
103.275177 0.005347  0.094766  -0.021364  0.965653  0.186591  -0.180825  -0.181202  0.982368  0.046026  0.186225  -0.011679  0.982438  -0.000231  -0.009664  0.002984  0.049313  1.399726  0.919635  2.000000  
103.276422 0.005344  0.094755  -0.021361  0.965171  0.187576  -0.182373  -0.182140  0.982184  0.046266  0.187802  -0.011437  0.982140  -0.000745  -0.009677  0.002778  0.039267  1.391564  0.898900  2.000000  
103.277425 0.005343  0.094747  -0.021359  0.964798  0.188354  -0.183542  -0.182893  0.982037  0.046398  0.188984  -0.011196  0.981916  -0.001069  -0.009556  0.002691  0.031902  1.379938  0.890972  2.000000  
103.278426 0.005343  0.094740  -0.021357  0.964461  0.188929  -0.184721  -0.183446  0.981930  0.046494  0.190167  -0.010955  0.981691  -0.001385  -0.009497  0.002528  0.021893  1.364696  0.877081  2.000000  
103.279673 0.005343  0.094730  -0.021355  0.964008  0.189687  -0.186299  -0.184182  0.981788  0.046585  0.191743  -0.010595  0.981388  -0.001555  -0.009393  0.002411  0.006462  1.352039  0.849321  2.000000  
103.280927 0.005343  0.094721  -0.021352  0.963552  0.190466  -0.187854  -0.184918  0.981639  0.046797  0.193318  -0.010354  0.981081  -0.001583  -0.009229  0.002386  -0.001544  1.340855  0.835021  2.000000  
103.282195 0.005344  0.094712  -0.021349  0.963056  0.191424  -0.189422  -0.185851  0.981457  0.046931  0.194893  -0.009993  0.980774  -0.001507  -0.008989  0.002421  -0.015819  1.329237  0.820281  2.000000  
103.283429 0.005345  0.094703  -0.021347  0.962684  0.191974  -0.190751  -0.186396  0.981353  0.046941  0.196206  -0.009634  0.980515  -0.001274  -0.008679  0.002385  -0.030538  1.321122  0.799576  2.000000  
103.284431 0.005347  0.094696  -0.021346  0.962362  0.192543  -0.191799  -0.186950  0.981243  0.047021  0.197255  -0.009394  0.980307  -0.000961  -0.008473  0.002265  -0.038926  1.307787  0.792243  2.000000  
103.285433 0.005349  0.094688  -0.021346  0.962064  0.193111  -0.192718  -0.187509  0.981134  0.047077  0.198173  -0.009154  0.980124  -0.000589  -0.008271  0.002095  -0.044599  1.294629  0.778079  2.000000  
103.286678 0.005353  0.094679  -0.021346  0.961713  0.193658  -0.193917  -0.188057  0.981030  0.047065  0.199353  -0.008796  0.979888  -0.000077  -0.008018  0.001834  -0.059461  1.277203  0.757108  2.000000  
103.287679 0.005357  0.094672  -0.021345  0.961387  0.194249  -0.194941  -0.188610  0.980914  0.047268  0.200402  -0.008675  0.979675  0.000376  -0.007786  0.001670  -0.061036  1.263986  0.743022  2.000000  
103.288679 0.005361  0.094666  -0.021346  0.961098  0.194614  -0.195998  -0.188964  0.980844  0.047312  0.201451  -0.008435  0.979462  0.000819  -0.007509  0.001453  -0.066718  1.250721  0.728816  2.000000  
103.289929 0.005368  0.094659  -0.021347  0.960716  0.195183  -0.197301  -0.189505  0.980733  0.047449  0.202761  -0.008196  0.979194  0.001423  -0.007230  0.001160  -0.070884  1.228527  0.721351  2.000000  
103.291181 0.005375  0.094652  -0.021346  0.960305  0.195753  -0.198733  -0.190041  0.980621  0.047613  0.204202  -0.007956  0.978896  0.002087  -0.006938  0.000997  -0.072314  1.219643  0.707012  2.000000  
103.292181 0.005381  0.094647  -0.021345  0.960012  0.196141  -0.199765  -0.190393  0.980544  0.047780  0.205250  -0.007835  0.978678  0.002569  -0.006800  0.000903  -0.072292  1.210164  0.694395  2.000000  
103.293182 0.005388  0.094642  -0.021344  0.959717  0.196504  -0.200820  -0.190746  0.980474  0.047828  0.206297  -0.007596  0.978460  0.003023  -0.006636  0.000879  -0.079855  1.193204  0.678847  2.000000  
103.294185 0.005393  0.094637  -0.021343  0.959449  0.196890  -0.201723  -0.191103  0.980397  0.047971  0.207214  -0.007476  0.978267  0.003379  -0.006508  0.000910  -0.078960  1.179990  0.657922  2.000000  
103.295186 0.005400  0.094632  -0.021342  0.959113  0.197454  -0.202768  -0.191652  0.980285  0.048063  0.208261  -0.007237  0.978047  0.003848  -0.006333  0.000824  -0.083582  1.171196  0.650673  2.000000  
103.296428 0.005407  0.094625  -0.021339  0.958815  0.197791  -0.203847  -0.192003  0.980220  0.047995  0.209307  -0.006879  0.977826  0.004325  -0.006099  0.000766  -0.089470  1.153590  0.636411  2.000000  
103.297674 0.005414  0.094619  -0.021336  0.958448  0.198355  -0.205019  -0.192545  0.980108  0.048115  0.210485  -0.006640  0.977575  0.004651  -0.005959  0.000792  -0.093379  1.144541  0.624229  2.000000  
103.298921 0.005420  0.094613  -0.021334  0.958080  0.198893  -0.206216  -0.193087  0.980001  0.048118  0.211662  -0.006283  0.977323  0.004952  -0.005729  0.000847  -0.099246  1.131564  0.610161  2.000000  
103.299927 0.005425  0.094609  -0.021332  0.957777  0.199228  -0.207294  -0.193436  0.979935  0.048053  0.212708  -0.005926  0.977098  0.005132  -0.005528  0.000869  -0.107358  1.118666  0.594043  2.000000  
103.301176 0.005431  0.094605  -0.021330  0.957446  0.199562  -0.208500  -0.193780  0.979869  0.048015  0.213884  -0.005569  0.976843  0.005301  -0.005159  0.001007  -0.116581  1.109798  0.575327  2.000000  
103.302429 0.005436  0.094601  -0.021328  0.957113  0.199896  -0.209705  -0.194123  0.979803  0.047978  0.215061  -0.005212  0.976587  0.005352  -0.004844  0.001158  -0.126212  1.092352  0.552164  2.000000  
103.303676 0.005440  0.094598  -0.021326  0.956738  0.200456  -0.210876  -0.194662  0.979690  0.048105  0.216236  -0.004974  0.976328  0.005272  -0.004593  0.001365  -0.126844  1.079103  0.544872  2.000000  
103.304926 0.005445  0.094595  -0.021323  0.956431  0.200788  -0.211954  -0.195010  0.979624  0.048044  0.217281  -0.004618  0.976098  0.005122  -0.004302  0.001609  -0.134410  1.061582  0.523979  2.000000  
103.306178 0.005448  0.094592  -0.021321  0.956082  0.201346  -0.212996  -0.195554  0.979510  0.048146  0.218326  -0.004380  0.975866  0.004841  -0.004049  0.001679  -0.136502  1.043600  0.509768  2.000000  
103.307424 0.005450  0.094589  -0.021319  0.955760  0.201903  -0.213911  -0.196103  0.979397  0.048224  0.219240  -0.004142  0.975662  0.004472  -0.003801  0.001734  -0.136262  1.026376  0.498475  2.000000  
103.308426 0.005450  0.094586  -0.021318  0.955478  0.202258  -0.214835  -0.196455  0.979325  0.048259  0.220154  -0.003905  0.975457  0.004091  -0.003603  0.001739  -0.137145  1.017623  0.491329  2.000000  
103.309427 0.005450  0.094583  -0.021317  0.955264  0.202410  -0.215641  -0.196616  0.979294  0.048223  0.220937  -0.003667  0.975281  0.003623  -0.003425  0.001717  -0.137901  0.999353  0.474447  2.000000  
103.310673 0.005449  0.094579  -0.021316  0.954881  0.202967  -0.216810  -0.197152  0.979180  0.048356  0.222111  -0.003430  0.975015  0.003100  -0.003347  0.001603  -0.138716  0.986270  0.467317  2.000000  
103.311676 0.005448  0.094576  -0.021316  0.954625  0.203320  -0.217606  -0.197509  0.979107  0.048366  0.222894  -0.003193  0.974838  0.002603  -0.003192  0.001481  -0.137039  0.972814  0.453199  2.000000  
103.312927 0.005446  0.094572  -0.021316  0.954339  0.203646  -0.218554  -0.197859  0.979040  0.048285  0.223807  -0.002837  0.974629  0.001992  -0.003056  0.001341  -0.140931  0.956142  0.442342  2.000000  
103.314173 0.005444  0.094569  -0.021314  0.954022  0.203999  -0.219605  -0.198204  0.978968  0.048350  0.224850  -0.002600  0.974390  0.001479  -0.002887  0.001307  -0.137845  0.947632  0.435283  2.000000  
103.315180 0.005442  0.094567  -0.021313  0.953763  0.204351  -0.220401  -0.198559  0.978895  0.048362  0.225632  -0.002363  0.974210  0.001043  -0.002738  0.001239  -0.138883  0.943024  0.428104  2.000000  
103.316424 0.005441  0.094565  -0.021312  0.953474  0.204675  -0.221348  -0.198909  0.978828  0.048283  0.226544  -0.002008  0.973999  0.000555  -0.002595  0.001180  -0.143925  0.929927  0.420985  2.000000  
103.317678 0.005439  0.094564  -0.021311  0.953154  0.205026  -0.222398  -0.199252  0.978755  0.048350  0.227587  -0.001772  0.973756  0.000125  -0.002449  0.001069  -0.146369  0.925509  0.407165  2.000000  
103.318932 0.005438  0.094563  -0.021311  0.952863  0.205350  -0.223346  -0.199600  0.978688  0.048272  0.228498  -0.001417  0.973543  -0.000274  -0.002255  0.000930  -0.148618  0.911250  0.403381  2.000000  
103.320179 0.005437  0.094563  -0.021310  0.952571  0.205700  -0.224268  -0.199949  0.978614  0.048314  0.229410  -0.001181  0.973329  -0.000622  -0.002080  0.000825  -0.149615  0.897598  0.396111  2.000000  
103.321181 0.005436  0.094562  -0.021311  0.952349  0.205847  -0.225073  -0.200107  0.978584  0.048284  0.230192  -0.000944  0.973145  -0.000832  -0.001975  0.000680  -0.154781  0.884082  0.388987  2.000000  
103.322425 0.005435  0.094561  -0.021311  0.952127  0.205967  -0.225902  -0.200265  0.978559  0.048135  0.230973  -0.000590  0.972960  -0.001022  -0.001799  0.000500  -0.158705  0.868114  0.378741  2.000000  
103.323425 0.005435  0.094561  -0.021312  0.951934  0.206114  -0.226579  -0.200429  0.978528  0.048078  0.231624  -0.000354  0.972805  -0.001063  -0.001682  0.000359  -0.165429  0.854853  0.365061  2.000000  
103.324426 0.005434  0.094560  -0.021313  0.951741  0.206261  -0.227256  -0.200593  0.978497  0.048021  0.232274  -0.000118  0.972650  -0.001101  -0.001546  0.000237  -0.166647  0.846039  0.358056  2.000000  
103.325674 0.005433  0.094559  -0.021315  0.951517  0.206407  -0.228060  -0.200750  0.978466  0.047992  0.233055  0.000118  0.972464  -0.001085  -0.001285  0.000113  -0.169342  0.832889  0.344375  2.000000  
103.326675 0.005433  0.094559  -0.021315  0.951323  0.206581  -0.228712  -0.200914  0.978430  0.048055  0.233706  0.000236  0.972307  -0.001026  -0.001121  0.000043  -0.163813  0.821952  0.340161  2.000000  
103.327926 0.005433  0.094559  -0.021317  0.951128  0.206726  -0.229388  -0.201077  0.978399  0.047999  0.234356  0.000472  0.972151  -0.000835  -0.000879  -0.000066  -0.162492  0.804049  0.326268  2.000000  
103.328929 0.005434  0.094559  -0.021317  0.950975  0.206670  -0.230075  -0.201045  0.978410  0.047896  0.235006  0.000707  0.971994  -0.000666  -0.000698  -0.000228  -0.165368  0.795380  0.312580  2.000000  
103.330188 0.005435  0.094560  -0.021319  0.950779  0.206815  -0.230751  -0.201208  0.978380  0.047841  0.235656  0.000943  0.971836  -0.000452  -0.000476  -0.000369  -0.163949  0.772365  0.298468  2.000000  
103.331428 0.005437  0.094561  -0.021320  0.950594  0.206758  -0.231565  -0.201169  0.978391  0.047765  0.236437  0.001179  0.971646  -0.000220  -0.000280  -0.000543  -0.162782  0.759404  0.284811  2.000000  
103.332671 0.005440  0.094563  -0.021321  0.950398  0.206903  -0.232241  -0.201332  0.978361  0.047710  0.237087  0.001414  0.971487  0.000024  -0.000032  -0.000655  -0.162796  0.744437  0.275574  2.000000  
103.333673 0.005442  0.094565  -0.021322  0.950273  0.206845  -0.232800  -0.201305  0.978372  0.047580  0.237606  0.001650  0.971360  0.000258  0.000142  -0.000793  -0.165689  0.731052  0.261921  2.000000  
103.334673 0.005444  0.094567  -0.021323  0.950180  0.206788  -0.233231  -0.201286  0.978384  0.047424  0.237996  0.001885  0.971264  0.000434  0.000289  -0.000847  -0.168637  0.713282  0.248306  2.000000  
103.335680 0.005446  0.094569  -0.021324  0.950086  0.206731  -0.233663  -0.201266  0.978396  0.047267  0.238386  0.002120  0.971168  0.000673  0.000446  -0.000940  -0.174575  0.701166  0.229876  2.000000  
103.336925 0.005449  0.094571  -0.021325  0.949951  0.206875  -0.234085  -0.201441  0.978365  0.047159  0.238776  0.002356  0.971072  0.000927  0.000627  -0.000962  -0.171947  0.678883  0.222909  2.000000  
103.337926 0.005451  0.094573  -0.021326  0.949857  0.206817  -0.234516  -0.201422  0.978376  0.047002  0.239166  0.002591  0.970975  0.001111  0.000809  -0.000893  -0.179081  0.665496  0.209290  2.000000  
103.338926 0.005452  0.094574  -0.021326  0.949763  0.206759  -0.234947  -0.201402  0.978388  0.046846  0.239555  0.002826  0.970879  0.001215  0.000963  -0.000832  -0.182207  0.647842  0.195702  2.000000  
103.340181 0.005453  0.094577  -0.021326  0.949669  0.206729  -0.235354  -0.201382  0.978394  0.046808  0.239945  0.002944  0.970782  0.001358  0.001141  -0.000789  -0.176984  0.624974  0.181910  2.000000  
103.341426 0.005455  0.094579  -0.021327  0.949575  0.206671  -0.235785  -0.201362  0.978405  0.046651  0.240335  0.003179  0.970685  0.001478  0.001320  -0.000781  -0.181698  0.602668  0.161570  2.000000  
103.342673 0.005456  0.094581  -0.021327  0.949481  0.206612  -0.236216  -0.201342  0.978417  0.046495  0.240724  0.003414  0.970587  0.001537  0.001520  -0.000690  -0.180751  0.584797  0.147924  2.000000  
103.343676 0.005457  0.094583  -0.021327  0.949417  0.206583  -0.236495  -0.201328  0.978423  0.046430  0.240984  0.003532  0.970523  0.001553  0.001615  -0.000701  -0.180752  0.566491  0.139918  2.000000  
103.344926 0.005458  0.094586  -0.021328  0.949281  0.206725  -0.236917  -0.201504  0.978392  0.046322  0.241374  0.003767  0.970425  0.001586  0.001811  -0.000644  -0.178212  0.544239  0.133067  2.000000  
103.346189 0.005459  0.094589  -0.021329  0.949186  0.206695  -0.237323  -0.201484  0.978398  0.046285  0.241763  0.003884  0.970328  0.001513  0.001934  -0.000633  -0.176220  0.526045  0.113803  2.000000  
103.347423 0.005461  0.094593  -0.021330  0.949123  0.206636  -0.237627  -0.201470  0.978409  0.046101  0.242023  0.004119  0.970262  0.001481  0.002022  -0.000634  -0.179514  0.499423  0.100311  2.000000  
103.348429 0.005462  0.094595  -0.021331  0.949060  0.206606  -0.237906  -0.201457  0.978415  0.046036  0.242283  0.004237  0.970196  0.001365  0.002027  -0.000600  -0.178577  0.485742  0.086740  2.000000  
103.349675 0.005463  0.094599  -0.021331  0.948996  0.206576  -0.238185  -0.201443  0.978421  0.045972  0.242542  0.004354  0.970131  0.001257  0.002124  -0.000541  -0.174848  0.464472  0.079383  2.000000  
103.350928 0.005464  0.094602  -0.021332  0.948891  0.206719  -0.238480  -0.201625  0.978390  0.045837  0.242802  0.004589  0.970065  0.001149  0.002158  -0.000504  -0.173637  0.436423  0.073147  2.000000  
103.352179 0.005465  0.094604  -0.021333  0.948860  0.206660  -0.238657  -0.201618  0.978401  0.045627  0.242932  0.004824  0.970031  0.001018  0.002190  -0.000476  -0.171129  0.413854  0.066318  2.000000  
103.353425 0.005466  0.094607  -0.021333  0.948796  0.206601  -0.238961  -0.201605  0.978412  0.045443  0.243191  0.005059  0.969965  0.000954  0.002247  -0.000459  -0.172774  0.391465  0.059555  2.000000  
103.354429 0.005467  0.094609  -0.021333  0.948754  0.206773  -0.238977  -0.201800  0.978375  0.045374  0.243191  0.005177  0.969965  0.000969  0.002285  -0.000467  -0.168628  0.373367  0.059508  2.000000  
103.355675 0.005468  0.094611  -0.021334  0.948723  0.206715  -0.239154  -0.201793  0.978386  0.045164  0.243321  0.005412  0.969931  0.000898  0.002255  -0.000513  -0.170286  0.350959  0.052767  2.000000  
103.356676 0.005469  0.094613  -0.021334  0.948691  0.206685  -0.239306  -0.201787  0.978392  0.045072  0.243451  0.005529  0.969898  0.000914  0.002266  -0.000531  -0.167834  0.332948  0.046031  2.000000  
103.357925 0.005471  0.094616  -0.021335  0.948617  0.206828  -0.239474  -0.201975  0.978360  0.044911  0.243580  0.005765  0.969864  0.000949  0.002257  -0.000525  -0.170465  0.316806  0.045627  2.000000  
103.359191 0.005473  0.094618  -0.021335  0.948585  0.206798  -0.239626  -0.201968  0.978366  0.044819  0.243710  0.005882  0.969830  0.001047  0.002236  -0.000502  -0.165280  0.292302  0.039279  2.000000  
103.360429 0.005476  0.094621  -0.021335  0.948544  0.206970  -0.239642  -0.202164  0.978329  0.044750  0.243710  0.006000  0.969830  0.001148  0.002197  -0.000434  -0.159612  0.269993  0.046041  2.000000  
103.361671 0.005479  0.094623  -0.021336  0.948512  0.206940  -0.239794  -0.202157  0.978334  0.044658  0.243840  0.006117  0.969796  0.001238  0.002142  -0.000444  -0.155888  0.249919  0.039016  2.000000  
103.362679 0.005481  0.094625  -0.021337  0.948438  0.207112  -0.239936  -0.202345  0.978297  0.044616  0.243970  0.006234  0.969763  0.001337  0.002085  -0.000393  -0.151399  0.234000  0.046070  2.000000  
103.363925 0.005485  0.094627  -0.021337  0.948438  0.207083  -0.239962  -0.202345  0.978303  0.044497  0.243970  0.006352  0.969762  0.001492  0.001987  -0.000401  -0.147362  0.216099  0.046116  2.000000  
103.365184 0.005488  0.094628  -0.021338  0.948397  0.207284  -0.239952  -0.202540  0.978260  0.044547  0.243970  0.006352  0.969762  0.001643  0.001877  -0.000452  -0.137488  0.198087  0.052867  2.000000  
103.366424 0.005492  0.094629  -0.021339  0.948397  0.207255  -0.239978  -0.202540  0.978266  0.044428  0.243970  0.006470  0.969761  0.001853  0.001765  -0.000490  -0.133976  0.183082  0.045800  2.000000  
103.367674 0.005495  0.094630  -0.021341  0.948355  0.207427  -0.239994  -0.202736  0.978228  0.044359  0.243970  0.006587  0.969760  0.001998  0.001619  -0.000584  -0.128266  0.165285  0.052508  2.000000  
103.368933 0.005499  0.094632  -0.021342  0.948355  0.207398  -0.240019  -0.202736  0.978234  0.044240  0.243970  0.006705  0.969760  0.002231  0.001556  -0.000639  -0.121186  0.153203  0.052976  2.000000  
103.370191 0.005503  0.094633  -0.021344  0.948313  0.207570  -0.240035  -0.202931  0.978196  0.044171  0.243970  0.006823  0.969759  0.002425  0.001485  -0.000730  0.000000  0.000000  0.000000  2.000000  
103.371425 0.005508  0.094635  -0.021345  0.948345  0.207542  -0.239933  -0.202938  0.978201  0.044025  0.243840  0.006940  0.969791  0.002629  0.001471  -0.000733  0.000000  0.000000  0.000000  2.000000  
103.372425 0.005511  0.094636  -0.021345  0.948303  0.207744  -0.239924  -0.203133  0.978159  0.044075  0.243840  0.006940  0.969791  0.002782  0.001431  -0.000723  0.000000  0.000000  0.000000  2.000000  
103.373426 0.005516  0.094638  -0.021346  0.948303  0.207714  -0.239949  -0.203133  0.978164  0.043956  0.243840  0.007058  0.969790  0.002948  0.001411  -0.000744  0.000000  0.000000  0.000000  2.000000  
103.374676 0.005521  0.094641  -0.021346  0.948261  0.207916  -0.239940  -0.203328  0.978121  0.044005  0.243840  0.007058  0.969790  0.003120  0.001445  -0.000723  0.000000  0.000000  0.000000  2.000000  
103.375923 0.005526  0.094643  -0.021347  0.948261  0.207887  -0.239965  -0.203328  0.978127  0.043887  0.243840  0.007176  0.969789  0.003265  0.001448  -0.000758  0.000000  0.000000  0.000000  2.000000  
103.376925 0.005529  0.094645  -0.021347  0.948220  0.208088  -0.239956  -0.203523  0.978084  0.043936  0.243840  0.007176  0.969789  0.003333  0.001429  -0.000764  0.000000  0.000000  0.000000  2.000000  
103.377929 0.005533  0.094647  -0.021347  0.948251  0.208089  -0.239829  -0.203530  0.978084  0.043909  0.243710  0.007176  0.969822  0.003450  0.001459  -0.000730  0.000000  0.000000  0.000000  2.000000  
103.378931 0.005537  0.094649  -0.021349  0.948210  0.208261  -0.239846  -0.203725  0.978046  0.043840  0.243710  0.007294  0.969821  0.003459  0.001457  -0.000768  0.000000  0.000000  0.000000  2.000000  
103.380177 0.005540  0.094650  -0.021350  0.948210  0.208261  -0.239846  -0.203725  0.978046  0.043840  0.243710  0.007294  0.969821  0.003484  0.001463  -0.000750  0.000000  0.000000  0.000000  2.000000  
103.381422 0.005544  0.094652  -0.021351  0.948168  0.208463  -0.239837  -0.203921  0.978003  0.043889  0.243710  0.007294  0.969821  0.003464  0.001509  -0.000764  0.000000  0.000000  0.000000  2.000000  
103.382422 0.005546  0.094653  -0.021351  0.948168  0.208463  -0.239837  -0.203921  0.978003  0.043889  0.243710  0.007294  0.969821  0.003435  0.001535  -0.000695  0.000000  0.000000  0.000000  2.000000  
103.383422 0.005549  0.094655  -0.021352  0.948126  0.208664  -0.239828  -0.204116  0.977960  0.043938  0.243710  0.007294  0.969821  0.003376  0.001556  -0.000690  0.000000  0.000000  0.000000  2.000000  
103.384675 0.005552  0.094657  -0.021353  0.948084  0.208865  -0.239819  -0.204311  0.977917  0.043988  0.243710  0.007294  0.969821  0.003339  0.001627  -0.000674  0.000000  0.000000  0.000000  2.000000  
103.385682 0.005554  0.094658  -0.021354  0.948115  0.208866  -0.239692  -0.204318  0.977917  0.043960  0.243580  0.007294  0.969853  0.003296  0.001652  -0.000662  0.000000  0.000000  0.000000  2.000000  
103.386926 0.005557  0.094661  -0.021355  0.948073  0.209068  -0.239683  -0.204513  0.977874  0.044010  0.243580  0.007294  0.969853  0.003166  0.001719  -0.000660  0.000000  0.000000  0.000000  2.000000  
103.387927 0.005559  0.094663  -0.021356  0.948073  0.209068  -0.239683  -0.204513  0.977874  0.044010  0.243580  0.007294  0.969853  0.003024  0.001712  -0.000662  0.000000  0.000000  0.000000  2.000000  
103.389186 0.005562  0.094666  -0.021356  0.948031  0.209269  -0.239674  -0.204708  0.977831  0.044059  0.243580  0.007294  0.969853  0.002912  0.001754  -0.000691  0.000000  0.000000  0.000000  2.000000  
103.390426 0.005565  0.094669  -0.021357  0.948031  0.209269  -0.239674  -0.204708  0.977831  0.044059  0.243580  0.007294  0.969853  0.002713  0.001770  -0.000689  0.000000  0.000000  0.000000  2.000000  
103.391676 0.005567  0.094671  -0.021358  0.947989  0.209470  -0.239664  -0.204903  0.977788  0.044108  0.243580  0.007294  0.969853  0.002564  0.001788  -0.000699  0.000000  0.000000  0.000000  2.000000  
103.392927 0.005569  0.094674  -0.021358  0.947947  0.209701  -0.239630  -0.205099  0.977739  0.044276  0.243580  0.007176  0.969854  0.002374  0.001775  -0.000698  0.000000  0.000000  0.000000  2.000000  
103.394186 0.005570  0.094676  -0.021357  0.947947  0.209701  -0.239630  -0.205099  0.977739  0.044276  0.243580  0.007176  0.969854  0.002157  0.001771  -0.000573  0.000000  0.000000  0.000000  2.000000  
103.395424 0.005571  0.094677  -0.021356  0.947905  0.209902  -0.239621  -0.205294  0.977696  0.044326  0.243580  0.007176  0.969854  0.002000  0.001746  -0.000452  0.000000  0.000000  0.000000  2.000000  
103.396426 0.005572  0.094678  -0.021356  0.947905  0.209902  -0.239621  -0.205294  0.977696  0.044326  0.243580  0.007176  0.969854  0.001873  0.001750  -0.000338  0.000000  0.000000  0.000000  2.000000  
103.397674 0.005573  0.094679  -0.021355  0.947862  0.210103  -0.239612  -0.205489  0.977653  0.044375  0.243580  0.007176  0.969854  0.001713  0.001724  -0.000215  0.000000  0.000000  0.000000  2.000000  
103.398922 0.005573  0.094681  -0.021354  0.947862  0.210103  -0.239612  -0.205489  0.977653  0.044375  0.243580  0.007176  0.969854  0.001537  0.001648  -0.000084  0.000000  0.000000  0.000000  2.000000  
103.399927 0.005574  0.094681  -0.021353  0.947820  0.210333  -0.239577  -0.205684  0.977604  0.044543  0.243580  0.007059  0.969855  0.001391  0.001576  0.000033  0.000000  0.000000  0.000000  2.000000  
103.400930 0.005574  0.094682  -0.021352  0.947820  0.210333  -0.239577  -0.205684  0.977604  0.044543  0.243580  0.007059  0.969855  0.001270  0.001504  0.000148  0.000000  0.000000  0.000000  2.000000  
103.402188 0.005575  0.094683  -0.021352  0.947820  0.210333  -0.239577  -0.205684  0.977604  0.044543  0.243580  0.007059  0.969855  0.001089  0.001402  0.000250  0.000000  0.000000  0.000000  2.000000  
103.403425 0.005575  0.094684  -0.021351  0.947778  0.210564  -0.239542  -0.205879  0.977555  0.044711  0.243580  0.006941  0.969856  0.000907  0.001252  0.000318  0.000000  0.000000  0.000000  2.000000  
103.404675 0.005575  0.094684  -0.021351  0.947778  0.210593  -0.239517  -0.205879  0.977550  0.044829  0.243580  0.006823  0.969857  0.000764  0.001104  0.000412  0.000000  0.000000  0.000000  2.000000  
103.405934 0.005575  0.094684  -0.021350  0.947735  0.210794  -0.239508  -0.206074  0.977507  0.044879  0.243580  0.006823  0.969857  0.000601  0.000905  0.000495  0.000000  0.000000  0.000000  2.000000  
103.407174 0.005574  0.094684  -0.021349  0.947735  0.210823  -0.239482  -0.206074  0.977501  0.044997  0.243580  0.006706  0.969858  0.000412  0.000742  0.000553  0.000000  0.000000  0.000000  2.000000  
103.408179 0.005574  0.094683  -0.021349  0.947735  0.210823  -0.239482  -0.206074  0.977501  0.044997  0.243580  0.006706  0.969858  0.000296  0.000603  0.000579  0.000000  0.000000  0.000000  2.000000  
103.409189 0.005573  0.094682  -0.021348  0.947693  0.211024  -0.239473  -0.206269  0.977458  0.045047  0.243580  0.006706  0.969858  0.000142  0.000425  0.000575  0.000000  0.000000  0.000000  2.000000  
103.410425 0.005572  0.094681  -0.021347  0.947693  0.211053  -0.239447  -0.206269  0.977452  0.045165  0.243580  0.006588  0.969858  -0.000002  0.000202  0.000628  0.000000  0.000000  0.000000  2.000000  
103.411671 0.005570  0.094680  -0.021346  0.947693  0.211053  -0.239447  -0.206269  0.977452  0.045165  0.243580  0.006588  0.969858  -0.000102  0.000099  0.000645  0.000000  0.000000  0.000000  2.000000  
103.412671 0.005570  0.094679  -0.021344  0.947650  0.211255  -0.239438  -0.206464  0.977409  0.045214  0.243580  0.006588  0.969858  -0.000202  -0.000021  0.000718  0.000000  0.000000  0.000000  2.000000  
103.413676 0.005569  0.094678  -0.021343  0.947650  0.211255  -0.239438  -0.206464  0.977409  0.045214  0.243580  0.006588  0.969858  -0.000318  -0.000174  0.000707  0.000000  0.000000  0.000000  2.000000  
103.414926 0.005568  0.094677  -0.021342  0.947608  0.211485  -0.239403  -0.206660  0.977360  0.045382  0.243580  0.006470  0.969859  -0.000373  -0.000267  0.000750  0.000000  0.000000  0.000000  2.000000  
103.415946 0.005567  0.094676  -0.021341  0.947608  0.211485  -0.239403  -0.206660  0.977360  0.045382  0.243580  0.006470  0.969859  -0.000462  -0.000397  0.000758  0.000000  0.000000  0.000000  2.000000  
103.417172 0.005567  0.094676  -0.021339  0.947608  0.211514  -0.239377  -0.206660  0.977354  0.045501  0.243580  0.006353  0.969860  -0.000525  -0.000486  0.000840  0.000000  0.000000  0.000000  2.000000  
103.418186 0.005566  0.094676  -0.021338  0.947565  0.211715  -0.239368  -0.206855  0.977311  0.045550  0.243580  0.006353  0.969860  -0.000564  -0.000542  0.000880  0.000000  0.000000  0.000000  2.000000  
103.419189 0.005566  0.094675  -0.021337  0.947565  0.211715  -0.239368  -0.206855  0.977311  0.045550  0.243580  0.006353  0.969860  -0.000644  -0.000614  0.000966  0.000000  0.000000  0.000000  2.000000  
103.420426 0.005565  0.094674  -0.021336  0.947523  0.211945  -0.239333  -0.207050  0.977262  0.045718  0.243580  0.006235  0.969861  -0.000706  -0.000690  0.000975  0.000000  0.000000  0.000000  2.000000  
103.421676 0.005564  0.094674  -0.021334  0.947523  0.211945  -0.239333  -0.207050  0.977262  0.045718  0.243580  0.006235  0.969861  -0.000726  -0.000687  0.001053  0.000000  0.000000  0.000000  2.000000  
103.422923 0.005563  0.094672  -0.021334  0.947480  0.212147  -0.239323  -0.207245  0.977218  0.045767  0.243580  0.006235  0.969861  -0.000747  -0.000738  0.001042  0.000000  0.000000  0.000000  2.000000  
103.423924 0.005562  0.094671  -0.021334  0.947480  0.212147  -0.239323  -0.207245  0.977218  0.045767  0.243580  0.006235  0.969861  -0.000755  -0.000753  0.000967  0.000000  0.000000  0.000000  2.000000  
103.424924 0.005561  0.094671  -0.021333  0.947437  0.212348  -0.239314  -0.207440  0.977174  0.045816  0.243580  0.006235  0.969861  -0.000725  -0.000705  0.000940  0.000000  0.000000  0.000000  2.000000  
103.425933 0.005561  0.094670  -0.021332  0.947437  0.212377  -0.239288  -0.207440  0.977169  0.045935  0.243580  0.006117  0.969861  -0.000696  -0.000692  0.000935  0.000000  0.000000  0.000000  2.000000  
103.427180 0.005561  0.094670  -0.021332  0.947394  0.212578  -0.239279  -0.207635  0.977125  0.045984  0.243580  0.006117  0.969861  -0.000625  -0.000618  0.000888  0.000000  0.000000  0.000000  2.000000  
103.428423 0.005561  0.094670  -0.021331  0.947352  0.212779  -0.239269  -0.207830  0.977081  0.046033  0.243580  0.006117  0.969861  -0.000524  -0.000517  0.000861  0.000000  0.000000  0.000000  2.000000  
103.429423 0.005561  0.094670  -0.021330  0.947309  0.212980  -0.239260  -0.208025  0.977037  0.046083  0.243580  0.006117  0.969861  -0.000475  -0.000484  0.000827  0.000000  0.000000  0.000000  2.000000  
103.430676 0.005562  0.094671  -0.021329  0.947309  0.212980  -0.239260  -0.208025  0.977037  0.046083  0.243580  0.006117  0.969861  -0.000392  -0.000368  0.000806  0.000000  0.000000  0.000000  2.000000  
103.431922 0.005562  0.094671  -0.021328  0.947266  0.213181  -0.239250  -0.208220  0.976993  0.046132  0.243580  0.006117  0.969861  -0.000320  -0.000294  0.000758  0.000000  0.000000  0.000000  2.000000  
103.433177 0.005563  0.094672  -0.021327  0.947223  0.213412  -0.239215  -0.208415  0.976944  0.046300  0.243580  0.006000  0.969862  -0.000245  -0.000238  0.000745  0.000000  0.000000  0.000000  2.000000  
103.434189 0.005563  0.094672  -0.021327  0.947223  0.213412  -0.239215  -0.208415  0.976944  0.046300  0.243580  0.006000  0.969862  -0.000165  -0.000166  0.000660  0.000000  0.000000  0.000000  2.000000  
103.435430 0.005563  0.094673  -0.021326  0.947180  0.213613  -0.239205  -0.208610  0.976900  0.046349  0.243580  0.006000  0.969862  -0.000107  -0.000072  0.000616  0.000000  0.000000  0.000000  2.000000  
