1-Time 2-Px 3-Py 4-Pz 5-R11 6-R21 7-R31 8-R12 9-R22 10-R32 11-R13 12-R23 13-R33 14-Vx 15-Vy 16-Vz 17-Wx 18-Wy 19-Wz 20-state 21-PR11 22-PR21 23-PR31 24-PR12 25-PR22 26-PR32 27-PR13 28-PR23 29-PR33 
86.988171 0.003356  0.091343  -0.036723  0.971979  0.184725  -0.145372  -0.179697  0.982594  0.047105  0.151543  -0.019662  0.988255  -0.000063  -0.000048  -0.000035  0.000000  0.000000  0.000000  2.000000  
86.989176 0.003356  0.091343  -0.036723  0.971922  0.184930  -0.145492  -0.179894  0.982555  0.047159  0.151675  -0.019661  0.988235  -0.000063  -0.000048  -0.000035  0.000000  0.000000  0.000000  2.000000  
86.990176 0.003356  0.091341  -0.036723  0.971619  0.186154  -0.145954  -0.181079  0.982324  0.047435  0.152204  -0.019660  0.988154  -0.000064  -0.000147  -0.000035  0.000000  0.000000  0.000000  2.000000  
86.991423 0.003355  0.091339  -0.036724  0.971104  0.188229  -0.146720  -0.183053  0.981924  0.048145  0.153130  -0.019896  0.988006  -0.000116  -0.000313  -0.000064  0.000000  0.000000  0.000000  2.000000  
86.992433 0.003355  0.091336  -0.036725  0.970776  0.189473  -0.147286  -0.184233  0.981682  0.048569  0.153791  -0.020014  0.987901  -0.000124  -0.000491  -0.000114  0.000000  0.000000  0.000000  2.000000  
86.993433 0.003356  0.091334  -0.036725  0.970541  0.190131  -0.147989  -0.184809  0.981550  0.049046  0.154584  -0.020251  0.987772  -0.000099  -0.000639  -0.000147  0.047914  0.095286  0.179673  2.000000  
86.994443 0.003355  0.091333  -0.036726  0.970190  0.191377  -0.148684  -0.185985  0.981305  0.049497  0.155377  -0.020369  0.987645  -0.000104  -0.000712  -0.000196  0.058421  0.121388  0.221172  2.000000  
86.995680 0.003355  0.091333  -0.036726  0.969602  0.193657  -0.149562  -0.188149  0.980853  0.050273  0.156434  -0.020605  0.987473  -0.000110  -0.000713  -0.000153  0.078434  0.155834  0.297156  2.000000  
86.996682 0.003354  0.091334  -0.036725  0.969009  0.195899  -0.150485  -0.190312  0.980408  0.050815  0.157492  -0.020601  0.987305  -0.000147  -0.000638  -0.000126  0.090343  0.190237  0.372982  2.000000  
86.997929 0.003352  0.091335  -0.036726  0.968209  0.198971  -0.151599  -0.193262  0.979786  0.051657  0.158813  -0.020717  0.987091  -0.000333  -0.000586  -0.000231  0.110782  0.233085  0.476393  2.000000  
86.998930 0.003349  0.091335  -0.036730  0.967561  0.201431  -0.152482  -0.195620  0.979281  0.052360  0.159869  -0.020833  0.986918  -0.000533  -0.000558  -0.000483  0.128038  0.267327  0.559073  2.000000  
86.999930 0.003346  0.091336  -0.036736  0.966886  0.203875  -0.153516  -0.197971  0.978775  0.052975  0.161058  -0.020829  0.986725  -0.000687  -0.000482  -0.000897  0.141351  0.306096  0.641819  2.000000  
87.001181 0.003344  0.091337  -0.036742  0.965994  0.206932  -0.155032  -0.200898  0.978134  0.053798  0.162774  -0.020823  0.986444  -0.000810  -0.000382  -0.001296  0.158230  0.362454  0.745441  2.000000  
87.002432 0.003345  0.091337  -0.036746  0.965027  0.210191  -0.156661  -0.204016  0.977439  0.054690  0.164622  -0.020816  0.986137  -0.000730  -0.000383  -0.001533  0.176409  0.423098  0.855811  2.000000  
87.003675 0.003349  0.091334  -0.036748  0.963939  0.213871  -0.158366  -0.207520  0.976638  0.055805  0.166602  -0.020929  0.985802  -0.000472  -0.000610  -0.001717  0.201185  0.488017  0.980163  2.000000  
87.004676 0.003354  0.091331  -0.036751  0.963075  0.216718  -0.159751  -0.210240  0.976010  0.056599  0.168185  -0.020923  0.985533  -0.000132  -0.000715  -0.001904  0.217452  0.539983  1.076731  2.000000  
87.005678 0.003361  0.091330  -0.036754  0.962244  0.219382  -0.161117  -0.212759  0.975412  0.057486  0.169767  -0.021037  0.985260  0.000345  -0.000650  -0.002015  0.236824  0.591984  1.166419  2.000000  
87.006924 0.003369  0.091330  -0.036753  0.961181  0.222657  -0.162957  -0.215847  0.974667  0.058597  0.171876  -0.021148  0.984891  0.000925  -0.000505  -0.001888  0.260072  0.661638  1.277104  2.000000  
87.007928 0.003376  0.091327  -0.036750  0.960352  0.225120  -0.164455  -0.218154  0.974099  0.059497  0.173590  -0.021261  0.984589  0.001392  -0.000537  -0.001675  0.278717  0.718206  1.359924  2.000000  
87.008931 0.003383  0.091322  -0.036747  0.959514  0.227562  -0.165977  -0.220458  0.973532  0.060287  0.175302  -0.021255  0.984285  0.001871  -0.000752  -0.001448  0.293438  0.774869  1.442724  2.000000  
87.010180 0.003394  0.091316  -0.036744  0.958415  0.230832  -0.167801  -0.223532  0.972759  0.061429  0.177410  -0.021366  0.983905  0.002568  -0.001068  -0.001203  0.317278  0.844472  1.553302  2.000000  
87.011435 0.003404  0.091310  -0.036739  0.957208  0.234285  -0.169890  -0.226785  0.971933  0.062562  0.179779  -0.021357  0.983475  0.003279  -0.001567  -0.000945  0.338505  0.922625  1.670077  2.000000  
87.012680 0.003412  0.091301  -0.036731  0.956151  0.237133  -0.171884  -0.229447  0.971243  0.063574  0.182016  -0.021348  0.983064  0.004124  -0.002273  -0.000330  0.356629  0.997252  1.767256  2.000000  
87.013680 0.003419  0.091292  -0.036724  0.955343  0.239171  -0.173542  -0.231335  0.970743  0.064361  0.183858  -0.021340  0.982721  0.004797  -0.002926  0.000423  0.369874  1.058739  1.836491  2.000000  
87.014930 0.003428  0.091278  -0.036716  0.954312  0.241794  -0.175569  -0.233791  0.970096  0.065239  0.186093  -0.021212  0.982303  0.005507  -0.003862  0.001322  0.383048  1.133368  1.926266  2.000000  
87.016179 0.003439  0.091263  -0.036710  0.953270  0.244393  -0.177621  -0.236241  0.969450  0.066011  0.188328  -0.020965  0.981882  0.006345  -0.004922  0.002116  0.392419  1.213244  2.017081  2.000000  
87.017180 0.003447  0.091252  -0.036705  0.952413  0.246601  -0.179158  -0.238320  0.968893  0.066710  0.190035  -0.020839  0.981556  0.006896  -0.005804  0.002778  0.402913  1.269715  2.092049  2.000000  
87.018526 0.003458  0.091236  -0.036696  0.951474  0.248816  -0.181073  -0.240376  0.968329  0.067513  0.192137  -0.020711  0.981150  0.007310  -0.006558  0.003534  0.412831  1.335973  2.161226  2.000000  
87.019681 0.003470  0.091222  -0.036685  0.950601  0.250633  -0.183141  -0.242030  0.967863  0.068281  0.194369  -0.020583  0.980713  0.007742  -0.007375  0.004527  0.417705  1.402629  2.195947  2.000000  
87.020924 0.003482  0.091207  -0.036674  0.949771  0.252227  -0.185249  -0.243485  0.967454  0.068902  0.196599  -0.020336  0.980273  0.008041  -0.008325  0.005403  0.405558  1.440623  2.178779  2.000000  
87.022177 0.003494  0.091192  -0.036663  0.948959  0.253840  -0.187198  -0.244943  0.967035  0.069614  0.198698  -0.020208  0.979852  0.008254  -0.009219  0.006045  0.396758  1.480681  2.179193  2.000000  
87.023428 0.003504  0.091176  -0.036650  0.948114  0.255431  -0.189302  -0.246391  0.966621  0.070248  0.200926  -0.019961  0.979403  0.008314  -0.009924  0.006614  0.387739  1.524984  2.199951  2.000000  
87.024678 0.003513  0.091158  -0.036637  0.947289  0.257017  -0.191276  -0.247843  0.966206  0.070856  0.203023  -0.019715  0.978975  0.008247  -0.010752  0.007183  0.380123  1.564866  2.206486  2.000000  
87.025679 0.003518  0.091142  -0.036628  0.946690  0.258021  -0.192881  -0.248728  0.965941  0.071368  0.204726  -0.019589  0.978623  0.008029  -0.011489  0.007625  0.364714  1.592212  2.172880  2.000000  
87.026681 0.003521  0.091124  -0.036618  0.946114  0.258999  -0.194389  -0.249618  0.965684  0.071733  0.206297  -0.019345  0.978298  0.007715  -0.012381  0.008022  0.352008  1.611188  2.132077  2.000000  
87.027927 0.003523  0.091103  -0.036604  0.945428  0.259961  -0.196434  -0.250478  0.965432  0.072118  0.208392  -0.018980  0.977861  0.007257  -0.013074  0.008360  0.326895  1.639638  2.064338  2.000000  
87.028930 0.003524  0.091086  -0.036591  0.944818  0.260915  -0.198098  -0.251357  0.965182  0.072406  0.210092  -0.018617  0.977504  0.006842  -0.013583  0.008770  0.304670  1.663039  2.016703  2.000000  
87.030175 0.003523  0.091065  -0.036574  0.944149  0.261847  -0.200045  -0.252220  0.964939  0.072648  0.212054  -0.018135  0.977090  0.006153  -0.014004  0.009420  0.279150  1.682827  1.948692  2.000000  
87.031177 0.003522  0.091049  -0.036560  0.943608  0.262378  -0.201895  -0.252700  0.964804  0.072777  0.213884  -0.017654  0.976699  0.005534  -0.014285  0.010005  0.254564  1.698007  1.887398  2.000000  
87.032430 0.003519  0.091030  -0.036543  0.942875  0.263286  -0.204125  -0.253544  0.964567  0.072977  0.216106  -0.017053  0.976221  0.004641  -0.014606  0.010757  0.223814  1.713394  1.812253  2.000000  
87.033675 0.003516  0.091013  -0.036528  0.942169  0.264408  -0.205928  -0.254603  0.964268  0.073238  0.217934  -0.016573  0.975823  0.003632  -0.014785  0.011155  0.191196  1.710723  1.730232  2.000000  
87.034923 0.003511  0.090996  -0.036513  0.941458  0.265503  -0.207762  -0.255659  0.963978  0.073386  0.219762  -0.015974  0.975423  0.002600  -0.014862  0.011391  0.159633  1.708444  1.655145  2.000000  
87.036177 0.003505  0.090979  -0.036499  0.940661  0.266770  -0.209738  -0.256899  0.963639  0.073500  0.221720  -0.015257  0.974991  0.001189  -0.015056  0.011573  0.121108  1.710003  1.586473  2.000000  
87.037428 0.003497  0.090963  -0.036488  0.939941  0.267860  -0.211571  -0.257950  0.963346  0.073658  0.223546  -0.014660  0.974583  -0.000087  -0.015101  0.011569  0.084652  1.703814  1.516890  2.000000  
87.038433 0.003489  0.090950  -0.036478  0.939381  0.268546  -0.213181  -0.258628  0.963164  0.073663  0.225110  -0.014063  0.974232  -0.001149  -0.015093  0.011489  0.051702  1.696283  1.461624  2.000000  
87.039676 0.003478  0.090933  -0.036468  0.938570  0.269805  -0.215155  -0.259861  0.962823  0.073791  0.227065  -0.013348  0.973788  -0.002357  -0.014972  0.011320  0.017321  1.692423  1.408372  2.000000  
87.040929 0.003464  0.090915  -0.036458  0.937754  0.271060  -0.217128  -0.261090  0.962480  0.073925  0.229020  -0.012633  0.973340  -0.003785  -0.014823  0.011210  -0.016592  1.685177  1.346582  2.000000  
87.041929 0.003451  0.090899  -0.036450  0.937105  0.272134  -0.218581  -0.262157  0.962184  0.073996  0.230452  -0.012039  0.973009  -0.004800  -0.014670  0.010970  -0.048875  1.673664  1.288445  2.000000  
87.043178 0.003433  0.090880  -0.036442  0.936363  0.273157  -0.220476  -0.263197  0.961904  0.073942  0.232274  -0.011208  0.972586  -0.006102  -0.014515  0.010527  -0.081554  1.660903  1.242995  2.000000  
87.044429 0.003415  0.090861  -0.036435  0.935562  0.274374  -0.222355  -0.264428  0.961567  0.073939  0.234096  -0.010377  0.972158  -0.007321  -0.014385  0.009894  -0.110424  1.644444  1.207952  2.000000  
87.045678 0.003397  0.090843  -0.036428  0.934702  0.275786  -0.224218  -0.265848  0.961172  0.073987  0.235917  -0.009548  0.971726  -0.008361  -0.014269  0.009275  -0.139558  1.636392  1.172775  2.000000  
87.046681 0.003383  0.090829  -0.036423  0.933983  0.277048  -0.225654  -0.267099  0.960814  0.074120  0.237347  -0.008955  0.971384  -0.009313  -0.014113  0.008596  -0.159739  1.628265  1.144781  2.000000  
87.047927 0.003367  0.090815  -0.036416  0.933199  0.278254  -0.227407  -0.268330  0.960473  0.074097  0.239036  -0.008127  0.970977  -0.010183  -0.013871  0.007971  -0.187752  1.616038  1.116636  2.000000  
87.048927 0.003355  0.090806  -0.036409  0.932534  0.279509  -0.228592  -0.269594  0.960114  0.074167  0.240205  -0.007536  0.970693  -0.010741  -0.013581  0.007562  -0.205358  1.595424  1.102694  2.000000  
87.049928 0.003345  0.090797  -0.036404  0.931947  0.280311  -0.230001  -0.270464  0.959886  0.073949  0.241504  -0.006709  0.970377  -0.011221  -0.013272  0.007152  -0.229860  1.576862  1.088983  2.000000  
87.051177 0.003332  0.090787  -0.036398  0.931096  0.281678  -0.231772  -0.271881  0.959492  0.073869  0.243191  -0.005765  0.969961  -0.011663  -0.012777  0.006729  -0.256276  1.559624  1.087501  2.000000  
87.052423 0.003320  0.090778  -0.036392  0.930327  0.282815  -0.233469  -0.273112  0.959163  0.073595  0.244748  -0.004704  0.969575  -0.011826  -0.012354  0.006365  -0.284709  1.542817  1.077035  2.000000  
87.053430 0.003311  0.090771  -0.036386  0.929706  0.283806  -0.234738  -0.274177  0.958874  0.073399  0.245916  -0.003880  0.969283  -0.011888  -0.011935  0.006141  -0.308650  1.520171  1.070596  2.000000  
87.054439 0.003302  0.090763  -0.036380  0.929050  0.284766  -0.236167  -0.275232  0.958593  0.073127  0.247212  -0.002938  0.968957  -0.011905  -0.011509  0.005955  -0.331512  1.511641  1.069076  2.000000  
87.055674 0.003292  0.090754  -0.036373  0.928359  0.285694  -0.237755  -0.276275  0.958319  0.072780  0.248638  -0.001880  0.968595  -0.011643  -0.010962  0.005761  -0.358040  1.491511  1.066032  2.000000  
87.056675 0.003286  0.090747  -0.036368  0.927787  0.286480  -0.239041  -0.277145  0.958086  0.072545  0.249804  -0.001057  0.968296  -0.011247  -0.010436  0.005657  -0.376796  1.478771  1.064771  2.000000  
87.057922 0.003278  0.090736  -0.036362  0.927180  0.287234  -0.240486  -0.278003  0.957860  0.072233  0.251100  -0.000117  0.967961  -0.010596  -0.009843  0.005416  -0.395176  1.452667  1.063049  2.000000  
87.058936 0.003273  0.090729  -0.036359  0.926668  0.288015  -0.241524  -0.278890  0.957626  0.071929  0.252006  0.000704  0.967725  -0.009825  -0.009207  0.005223  -0.410498  1.424447  1.062968  2.000000  
87.060182 0.003269  0.090719  -0.036356  0.925999  0.288932  -0.242990  -0.279936  0.957348  0.071557  0.253301  0.001760  0.967386  -0.008939  -0.008615  0.004966  -0.427592  1.398762  1.068294  2.000000  
87.061429 0.003267  0.090711  -0.036355  0.925418  0.289678  -0.244312  -0.280800  0.957120  0.071216  0.254465  0.002698  0.967078  -0.008003  -0.008110  0.004636  -0.435415  1.365619  1.071276  2.000000  
87.062433 0.003267  0.090705  -0.036354  0.924925  0.290285  -0.245454  -0.281483  0.956934  0.071022  0.255500  0.003401  0.966803  -0.007001  -0.007624  0.004298  -0.446984  1.341323  1.071648  2.000000  
87.063680 0.003270  0.090699  -0.036352  0.924456  0.290633  -0.246806  -0.281964  0.956825  0.070585  0.256664  0.004338  0.966491  -0.005788  -0.007213  0.003892  -0.462568  1.319980  1.050017  2.000000  
87.064928 0.003275  0.090694  -0.036351  0.923869  0.291342  -0.248164  -0.282825  0.956604  0.070135  0.257828  0.005391  0.966176  -0.004560  -0.006850  0.003539  -0.480585  1.298476  1.034950  2.000000  
87.066177 0.003281  0.090690  -0.036351  0.923372  0.291852  -0.249413  -0.283505  0.956442  0.069599  0.258862  0.006444  0.965893  -0.003375  -0.006451  0.003126  -0.493105  1.270899  1.018294  2.000000  
87.067428 0.003288  0.090687  -0.036352  0.922906  0.292360  -0.250540  -0.284193  0.956279  0.069027  0.259767  0.007496  0.965642  -0.001979  -0.006030  0.002620  -0.512767  1.237370  1.004765  2.000000  
87.068677 0.003295  0.090684  -0.036353  0.922531  0.292640  -0.251593  -0.284702  0.956183  0.068250  0.260542  0.008666  0.965424  -0.000739  -0.005621  0.002039  -0.528743  1.198214  0.983076  2.000000  
87.069928 0.003302  0.090681  -0.036352  0.922155  0.292917  -0.252647  -0.285210  0.956087  0.067475  0.261317  0.009835  0.965203  0.000420  -0.005256  0.001552  -0.548695  1.158594  0.961257  2.000000  
87.071176 0.003309  0.090678  -0.036352  0.921719  0.293390  -0.253687  -0.285907  0.955930  0.066753  0.262092  0.011003  0.964980  0.001511  -0.004772  0.001169  -0.570717  1.123943  0.933260  2.000000  
87.072176 0.003315  0.090677  -0.036352  0.921433  0.293498  -0.254597  -0.286234  0.955884  0.066006  0.262737  0.012054  0.964792  0.002286  -0.004297  0.000845  -0.588621  1.097309  0.910954  2.000000  
87.073178 0.003321  0.090677  -0.036352  0.921088  0.293771  -0.255528  -0.286751  0.955784  0.065195  0.263383  0.013222  0.964601  0.003042  -0.003801  0.000602  -0.611247  1.071330  0.896407  2.000000  
87.074179 0.003326  0.090677  -0.036351  0.920835  0.293878  -0.256315  -0.287088  0.955736  0.064411  0.263899  0.014273  0.964445  0.003565  -0.003313  0.000492  -0.632081  1.036184  0.869198  2.000000  
87.075427 0.003332  0.090678  -0.036350  0.920455  0.294115  -0.257407  -0.287593  0.955644  0.063525  0.264673  0.015557  0.964213  0.004363  -0.002571  0.000388  -0.656998  1.006066  0.834240  2.000000  
87.076439 0.003337  0.090680  -0.036348  0.920202  0.294218  -0.258195  -0.287930  0.955594  0.062742  0.265189  0.016607  0.964053  0.004801  -0.001963  0.000440  -0.675172  0.975480  0.806637  2.000000  
87.077677 0.003344  0.090685  -0.036347  0.919854  0.294484  -0.259129  -0.288445  0.955491  0.061936  0.265834  0.017773  0.963855  0.005149  -0.001206  0.000391  -0.698311  0.934848  0.772071  2.000000  
87.078681 0.003349  0.090689  -0.036348  0.919540  0.294813  -0.259869  -0.288970  0.955372  0.061323  0.266350  0.018705  0.963695  0.005304  -0.000591  0.000237  -0.716787  0.912694  0.744409  2.000000  
87.079924 0.003354  0.090695  -0.036349  0.919132  0.295271  -0.260791  -0.289674  0.955207  0.060572  0.266995  0.019871  0.963493  0.005298  0.000074  0.000133  -0.724121  0.883723  0.730771  2.000000  
87.080927 0.003357  0.090700  -0.036349  0.918876  0.295369  -0.261581  -0.290009  0.955154  0.059792  0.267511  0.020919  0.963328  0.005149  0.000614  0.000138  -0.743983  0.851036  0.695875  2.000000  
87.081927 0.003358  0.090704  -0.036352  0.918560  0.295694  -0.262322  -0.290534  0.955033  0.059182  0.268026  0.021851  0.963164  0.004885  0.001154  0.000034  -0.747098  0.831073  0.682690  2.000000  
87.083177 0.003358  0.090709  -0.036356  0.918183  0.296150  -0.263124  -0.291246  0.954864  0.058396  0.268542  0.023016  0.962993  0.004393  0.001663  -0.000246  -0.759768  0.795969  0.662061  2.000000  
87.084288 0.003358  0.090712  -0.036360  0.917901  0.296475  -0.263744  -0.291781  0.954740  0.057749  0.268928  0.023947  0.962862  0.003920  0.002030  -0.000493  -0.763695  0.759995  0.631459  2.000000  
87.085432 0.003355  0.090715  -0.036365  0.917497  0.297096  -0.264449  -0.292693  0.954514  0.056865  0.269315  0.025229  0.962722  0.003255  0.002434  -0.000887  -0.775375  0.727035  0.626055  2.000000  
87.086439 0.003352  0.090718  -0.036369  0.917213  0.297419  -0.265071  -0.293226  0.954389  0.056220  0.269702  0.026160  0.962589  0.002719  0.002719  -0.001141  -0.782374  0.700307  0.612117  2.000000  
87.087672 0.003349  0.090721  -0.036374  0.916807  0.298037  -0.265779  -0.294137  0.954160  0.055337  0.270088  0.027442  0.962444  0.002075  0.002961  -0.001461  -0.790218  0.673311  0.613412  2.000000  
87.088675 0.003346  0.090724  -0.036377  0.916557  0.298361  -0.266279  -0.294681  0.954031  0.054655  0.270346  0.028374  0.962345  0.001468  0.003225  -0.001705  -0.797797  0.651636  0.600028  2.000000  
87.089675 0.003343  0.090728  -0.036380  0.916245  0.298880  -0.266770  -0.295414  0.953841  0.054027  0.270603  0.029305  0.962245  0.000950  0.003487  -0.001997  -0.802889  0.625037  0.592870  2.000000  
87.090924 0.003340  0.090733  -0.036383  0.915837  0.299494  -0.267481  -0.296323  0.953608  0.053148  0.270990  0.030586  0.962096  0.000331  0.003617  -0.002303  -0.814562  0.598979  0.592493  2.000000  
87.091930 0.003338  0.090739  -0.036385  0.915489  0.300040  -0.268059  -0.297044  0.953410  0.052678  0.271376  0.031399  0.961961  -0.000234  0.003817  -0.002520  -0.818487  0.572856  0.590568  2.000000  
87.093180 0.003335  0.090745  -0.036387  0.915052  0.300884  -0.268604  -0.298152  0.953105  0.051933  0.271634  0.032563  0.961850  -0.000902  0.003858  -0.002657  -0.826704  0.537825  0.603965  2.000000  
87.094432 0.003332  0.090752  -0.036389  0.914703  0.301330  -0.269294  -0.298871  0.952923  0.051118  0.272020  0.033726  0.961700  -0.001453  0.003920  -0.002729  -0.830109  0.511426  0.603622  2.000000  
87.095677 0.003329  0.090759  -0.036389  0.914325  0.301942  -0.269889  -0.299790  0.952683  0.050205  0.272277  0.035007  0.961582  -0.001814  0.004013  -0.002623  -0.836168  0.485412  0.610246  2.000000  
87.096683 0.003325  0.090764  -0.036389  0.914044  0.302460  -0.270263  -0.300532  0.952484  0.049543  0.272406  0.035938  0.961511  -0.002240  0.004016  -0.002510  -0.837934  0.468005  0.616642  2.000000  
87.097926 0.003321  0.090770  -0.036389  0.913761  0.302912  -0.270712  -0.301273  0.952296  0.048651  0.272535  0.037103  0.961430  -0.002524  0.004106  -0.002233  -0.837215  0.447231  0.618145  2.000000  
87.098927 0.003317  0.090774  -0.036388  0.913478  0.303428  -0.271089  -0.302014  0.952095  0.047990  0.272664  0.038035  0.961357  -0.002776  0.004213  -0.001919  -0.835119  0.430147  0.624678  2.000000  
87.099927 0.003313  0.090777  -0.036388  0.913291  0.303753  -0.271354  -0.302578  0.951954  0.047234  0.272664  0.038967  0.961320  -0.002875  0.004214  -0.001642  -0.833051  0.408613  0.631359  2.000000  
87.101173 0.003308  0.090782  -0.036388  0.913042  0.304207  -0.271684  -0.303330  0.951760  0.046303  0.272664  0.040133  0.961272  -0.002992  0.004267  -0.001291  -0.832881  0.382666  0.631567  2.000000  
87.102176 0.003305  0.090785  -0.036387  0.912854  0.304531  -0.271951  -0.303894  0.951617  0.045547  0.272664  0.041066  0.961233  -0.003044  0.004339  -0.000984  -0.826698  0.361165  0.638269  2.000000  
87.103177 0.003302  0.090789  -0.036387  0.912638  0.305056  -0.272088  -0.304657  0.951408  0.044807  0.272535  0.042001  0.961229  -0.003024  0.004415  -0.000737  -0.816595  0.335299  0.645198  2.000000  
87.104429 0.003300  0.090793  -0.036387  0.912387  0.305542  -0.272384  -0.305408  0.951205  0.043993  0.272535  0.043050  0.961182  -0.002922  0.004410  -0.000493  -0.804813  0.307648  0.657550  2.000000  
87.105676 0.003300  0.090799  -0.036387  0.912233  0.305838  -0.272569  -0.305983  0.951062  0.043082  0.272406  0.044101  0.961171  -0.002701  0.004430  -0.000228  -0.796496  0.283846  0.659301  2.000000  
87.106677 0.003300  0.090803  -0.036387  0.912107  0.305965  -0.272848  -0.306359  0.950977  0.042271  0.272406  0.045034  0.961128  -0.002553  0.004353  -0.000097  -0.792333  0.264213  0.658294  2.000000  
87.107923 0.003301  0.090808  -0.036385  0.912015  0.306064  -0.273043  -0.306746  0.950895  0.041305  0.272277  0.046084  0.961115  -0.002271  0.004275  0.000085  -0.791732  0.240252  0.646837  2.000000  
87.108938 0.003303  0.090811  -0.036384  0.911860  0.306426  -0.273156  -0.307321  0.950738  0.040625  0.272149  0.046902  0.961111  -0.002024  0.004137  0.000293  -0.787313  0.215593  0.645803  2.000000  
87.110181 0.003304  0.090815  -0.036381  0.911705  0.306720  -0.273344  -0.307896  0.950591  0.039715  0.272020  0.047953  0.961096  -0.001701  0.003934  0.000523  -0.779164  0.189462  0.646596  2.000000  
87.111430 0.003305  0.090818  -0.036377  0.911647  0.306826  -0.273419  -0.308294  0.950503  0.038707  0.271762  0.049006  0.961116  -0.001408  0.003670  0.000804  -0.776879  0.158519  0.640883  2.000000  
87.112431 0.003306  0.090820  -0.036373  0.911554  0.306991  -0.273542  -0.308681  0.950407  0.037972  0.271634  0.049824  0.961110  -0.001054  0.003496  0.001076  -0.774678  0.139931  0.636322  2.000000  
87.113677 0.003307  0.090822  -0.036368  0.911496  0.307063  -0.273656  -0.309080  0.950322  0.036849  0.271376  0.050994  0.961122  -0.000719  0.003310  0.001376  -0.778270  0.114173  0.622295  2.000000  
87.114925 0.003308  0.090824  -0.036361  0.911437  0.307169  -0.273733  -0.309478  0.950231  0.035842  0.271118  0.052047  0.961138  -0.000316  0.003155  0.001788  -0.779664  0.091071  0.604798  2.000000  
87.115927 0.003309  0.090827  -0.036356  0.911378  0.307308  -0.273773  -0.309877  0.950134  0.034950  0.270861  0.052983  0.961159  0.000044  0.003075  0.002163  -0.777355  0.069133  0.598939  2.000000  
87.116931 0.003310  0.090830  -0.036350  0.911285  0.307473  -0.273898  -0.310264  0.950035  0.034214  0.270732  0.053802  0.961150  0.000321  0.003044  0.002506  -0.772927  0.051548  0.584518  2.000000  
87.118179 0.003311  0.090834  -0.036343  0.911196  0.307781  -0.273847  -0.310862  0.949874  0.033222  0.270346  0.054857  0.961199  0.000620  0.003014  0.003003  -0.771018  0.024991  0.579188  2.000000  
87.119431 0.003313  0.090840  -0.036335  0.911136  0.307921  -0.273889  -0.311260  0.949775  0.032330  0.270088  0.055794  0.961218  0.000914  0.003081  0.003541  -0.768195  0.006762  0.559779  2.000000  
87.120441 0.003316  0.090845  -0.036329  0.911076  0.308094  -0.273894  -0.311659  0.949670  0.031553  0.269830  0.056614  0.961242  0.001053  0.003151  0.003900  -0.763486  -0.015751  0.547281  2.000000  
87.121460 0.003317  0.090851  -0.036323  0.911016  0.308300  -0.273862  -0.312057  0.949561  0.030891  0.269573  0.057318  0.961273  0.001179  0.003219  0.004341  -0.762725  -0.033873  0.534517  2.000000  
87.122674 0.003320  0.090857  -0.036315  0.910926  0.308609  -0.273815  -0.312655  0.949396  0.029899  0.269186  0.058374  0.961317  0.001263  0.003391  0.004749  -0.765138  -0.055987  0.518639  2.000000  
87.123675 0.003322  0.090863  -0.036308  0.910865  0.308816  -0.273784  -0.313053  0.949285  0.029237  0.268928  0.059078  0.961347  0.001310  0.003492  0.005056  -0.758840  -0.073679  0.512894  2.000000  
87.124677 0.003323  0.090868  -0.036301  0.910804  0.309022  -0.273754  -0.313452  0.949174  0.028575  0.268671  0.059782  0.961375  0.001338  0.003611  0.005391  -0.754517  -0.091713  0.500661  2.000000  
87.125689 0.003324  0.090872  -0.036295  0.910743  0.309196  -0.273762  -0.313850  0.949065  0.027798  0.268413  0.060603  0.961396  0.001314  0.003720  0.005640  -0.749761  -0.110839  0.485639  2.000000  
87.126928 0.003325  0.090876  -0.036288  0.910586  0.309735  -0.273675  -0.314635  0.948829  0.026977  0.268026  0.061543  0.961444  0.001247  0.003799  0.005887  -0.743761  -0.128644  0.480181  2.000000  
87.128178 0.003324  0.090879  -0.036280  0.910459  0.310071  -0.273716  -0.315221  0.948658  0.026141  0.267768  0.062480  0.961455  0.001166  0.003852  0.005984  -0.737668  -0.140485  0.477054  2.000000  
87.129430 0.003324  0.090882  -0.036272  0.910301  0.310610  -0.273631  -0.316006  0.948419  0.025320  0.267382  0.063420  0.961501  0.001120  0.003901  0.006143  -0.729397  -0.159378  0.475491  2.000000  
87.130438 0.003325  0.090883  -0.036265  0.910207  0.311021  -0.273477  -0.316603  0.948237  0.024672  0.266995  0.064127  0.961562  0.001075  0.003876  0.006209  -0.722995  -0.172754  0.469591  2.000000  
87.131676 0.003325  0.090886  -0.036257  0.910013  0.311553  -0.273516  -0.317376  0.947999  0.023893  0.266737  0.065065  0.961571  0.001064  0.003841  0.006302  -0.715088  -0.181264  0.470411  2.000000  
87.132677 0.003327  0.090890  -0.036249  0.909884  0.311956  -0.273486  -0.317962  0.947818  0.023287  0.266479  0.065770  0.961594  0.001086  0.003840  0.006451  -0.707008  -0.185348  0.470828  2.000000  
87.133925 0.003329  0.090894  -0.036240  0.909723  0.312496  -0.273406  -0.318746  0.947574  0.022465  0.266092  0.066710  0.961636  0.001087  0.003793  0.006592  -0.703191  -0.198376  0.471925  2.000000  
87.134928 0.003331  0.090898  -0.036232  0.909593  0.312932  -0.273339  -0.319332  0.947388  0.021974  0.265834  0.067298  0.961667  0.001092  0.003683  0.006695  -0.689036  -0.206563  0.479187  2.000000  
87.135929 0.003334  0.090903  -0.036224  0.909429  0.313327  -0.273432  -0.319905  0.947208  0.021411  0.265705  0.068001  0.961653  0.001147  0.003632  0.006773  -0.684941  -0.206160  0.479310  2.000000  
87.137173 0.003337  0.090908  -0.036214  0.909266  0.313900  -0.273317  -0.320689  0.946958  0.020703  0.265318  0.068825  0.961701  0.001225  0.003571  0.006900  -0.673544  -0.213989  0.493640  2.000000  
87.138177 0.003341  0.090913  -0.036206  0.909201  0.314109  -0.273294  -0.321087  0.946837  0.020041  0.265060  0.069530  0.961722  0.001297  0.003507  0.007048  -0.667283  -0.218441  0.487420  2.000000  
87.139427 0.003344  0.090919  -0.036195  0.909036  0.314683  -0.273181  -0.321872  0.946586  0.019334  0.264673  0.070354  0.961768  0.001387  0.003456  0.007191  -0.658188  -0.224313  0.497340  2.000000  
87.140427 0.003346  0.090922  -0.036188  0.908904  0.315087  -0.273156  -0.322457  0.946399  0.018727  0.264415  0.071059  0.961788  0.001499  0.003421  0.007288  -0.651415  -0.230171  0.501902  2.000000  
87.141432 0.003349  0.090926  -0.036179  0.908771  0.315490  -0.273131  -0.323042  0.946211  0.018121  0.264157  0.071765  0.961806  0.001641  0.003444  0.007462  -0.645488  -0.233809  0.508973  2.000000  
87.142437 0.003351  0.090929  -0.036170  0.908638  0.315927  -0.273069  -0.323626  0.946021  0.017630  0.263899  0.072353  0.961833  0.001801  0.003470  0.007654  -0.633610  -0.232533  0.522361  2.000000  
87.143676 0.003353  0.090932  -0.036159  0.908471  0.316502  -0.272960  -0.324410  0.945765  0.016922  0.263512  0.073178  0.961877  0.001958  0.003486  0.007868  -0.621028  -0.238273  0.532257  2.000000  
87.144680 0.003356  0.090935  -0.036150  0.908404  0.316744  -0.272903  -0.324808  0.945638  0.016374  0.263254  0.073767  0.961902  0.002146  0.003564  0.008082  -0.609931  -0.239760  0.536844  2.000000  
87.145925 0.003359  0.090938  -0.036138  0.908302  0.317157  -0.272760  -0.325405  0.945444  0.015724  0.262866  0.074475  0.961954  0.002312  0.003552  0.008248  -0.595264  -0.241383  0.539657  2.000000  
87.146928 0.003363  0.090941  -0.036129  0.908167  0.317595  -0.272700  -0.325989  0.945251  0.015233  0.262608  0.075064  0.961978  0.002498  0.003583  0.008374  -0.585473  -0.245005  0.546779  2.000000  
87.148177 0.003368  0.090945  -0.036117  0.908099  0.317804  -0.272683  -0.326387  0.945124  0.014570  0.262350  0.075769  0.961994  0.002708  0.003544  0.008562  -0.575317  -0.240490  0.540119  2.000000  
87.149178 0.003372  0.090948  -0.036107  0.907963  0.318242  -0.272625  -0.326971  0.944929  0.014078  0.262092  0.076358  0.962017  0.002889  0.003501  0.008687  -0.567732  -0.239209  0.553490  2.000000  
87.150434 0.003378  0.090952  -0.036096  0.907895  0.318452  -0.272609  -0.327369  0.944801  0.013415  0.261833  0.077064  0.962031  0.003090  0.003464  0.008874  -0.557690  -0.239212  0.547264  2.000000  
87.151675 0.003384  0.090955  -0.036085  0.907791  0.318866  -0.272469  -0.327965  0.944603  0.012765  0.261446  0.077773  0.962080  0.003210  0.003291  0.008892  -0.547910  -0.238243  0.554043  2.000000  
87.152676 0.003389  0.090958  -0.036075  0.907689  0.319133  -0.272498  -0.328351  0.944475  0.012375  0.261317  0.078242  0.962077  0.003356  0.003146  0.008999  -0.538071  -0.235789  0.551849  2.000000  
87.153923 0.003394  0.090961  -0.036063  0.907619  0.319343  -0.272483  -0.328749  0.944345  0.011712  0.261058  0.078948  0.962089  0.003469  0.003019  0.009131  -0.533801  -0.233454  0.547532  2.000000  
87.154927 0.003398  0.090963  -0.036054  0.907550  0.319587  -0.272430  -0.329146  0.944213  0.011164  0.260800  0.079537  0.962111  0.003526  0.002799  0.009194  -0.527645  -0.233520  0.541111  2.000000  
87.156177 0.003402  0.090965  -0.036042  0.907480  0.319797  -0.272416  -0.329543  0.944082  0.010501  0.260542  0.080243  0.962122  0.003581  0.002651  0.009275  -0.521631  -0.229130  0.534516  2.000000  
87.157177 0.003404  0.090966  -0.036032  0.907477  0.319880  -0.272328  -0.329754  0.944014  0.010012  0.260283  0.080716  0.962153  0.003597  0.002557  0.009348  -0.515490  -0.229289  0.528085  2.000000  
87.158177 0.003406  0.090968  -0.036022  0.907475  0.319929  -0.272278  -0.329965  0.943946  0.009407  0.260025  0.081305  0.962173  0.003593  0.002436  0.009438  -0.511091  -0.229857  0.515013  2.000000  
87.159179 0.003408  0.090969  -0.036012  0.907371  0.320163  -0.272347  -0.330350  0.943816  0.008903  0.259896  0.081892  0.962158  0.003552  0.002331  0.009495  -0.506941  -0.223414  0.505573  2.000000  
87.160180 0.003409  0.090970  -0.036003  0.907369  0.320246  -0.272259  -0.330561  0.943747  0.008413  0.259637  0.082364  0.962187  0.003453  0.002234  0.009532  -0.502723  -0.219689  0.492223  2.000000  
87.161429 0.003410  0.090972  -0.035990  0.907298  0.320457  -0.272247  -0.330958  0.943614  0.007750  0.259379  0.083071  0.962196  0.003300  0.002155  0.009606  -0.496291  -0.217922  0.481598  2.000000  
87.162440 0.003411  0.090974  -0.035980  0.907262  0.320497  -0.272318  -0.331157  0.943548  0.007190  0.259250  0.083657  0.962180  0.003060  0.002070  0.009637  -0.497640  -0.216370  0.465306  2.000000  
87.163678 0.003412  0.090977  -0.035967  0.907227  0.320536  -0.272390  -0.331356  0.943483  0.006629  0.259121  0.084244  0.962164  0.002748  0.002055  0.009704  -0.491138  -0.208669  0.444983  2.000000  
87.164714 0.003412  0.090980  -0.035956  0.907191  0.320609  -0.272424  -0.331554  0.943416  0.006183  0.258991  0.084714  0.962158  0.002438  0.002008  0.009745  -0.490233  -0.204765  0.430974  2.000000  
87.165930 0.003412  0.090983  -0.035944  0.907188  0.320659  -0.272375  -0.331765  0.943346  0.005579  0.258733  0.085303  0.962175  0.002019  0.001950  0.009813  -0.488170  -0.206266  0.411657  2.000000  
87.166944 0.003411  0.090985  -0.035933  0.907152  0.320765  -0.272370  -0.331963  0.943278  0.005248  0.258604  0.085656  0.962178  0.001659  0.001907  0.009932  -0.479370  -0.202509  0.397890  2.000000  
87.168201 0.003410  0.090988  -0.035921  0.907116  0.320805  -0.272442  -0.332162  0.943211  0.004687  0.258474  0.086243  0.962161  0.001181  0.001868  0.009941  -0.475048  -0.194379  0.384119  2.000000  
87.169430 0.003408  0.090989  -0.035908  0.907012  0.321039  -0.272514  -0.332547  0.943077  0.004183  0.258345  0.086830  0.962143  0.000719  0.001782  0.010021  -0.470746  -0.190769  0.370729  2.000000  
87.170437 0.003405  0.090989  -0.035898  0.907044  0.320917  -0.272549  -0.332559  0.943075  0.003681  0.258216  0.087300  0.962135  0.000293  0.001718  0.010062  -0.467987  -0.187665  0.350450  2.000000  
87.171678 0.003401  0.090989  -0.035886  0.907008  0.320957  -0.272622  -0.332758  0.943007  0.003121  0.258087  0.087886  0.962116  -0.000147  0.001605  0.010054  -0.461436  -0.180152  0.330033  2.000000  
87.172923 0.003397  0.090989  -0.035874  0.906972  0.320997  -0.272696  -0.332957  0.942939  0.002561  0.257957  0.088473  0.962097  -0.000610  0.001443  0.010037  -0.461300  -0.175138  0.313877  2.000000  
87.174175 0.003393  0.090988  -0.035862  0.906936  0.321037  -0.272769  -0.333155  0.942870  0.002001  0.257828  0.089060  0.962077  -0.000970  0.001307  0.010033  -0.456834  -0.167121  0.300045  2.000000  
87.175178 0.003390  0.090988  -0.035852  0.906899  0.321143  -0.272765  -0.333354  0.942800  0.001670  0.257699  0.089413  0.962079  -0.001233  0.001191  0.010069  -0.452058  -0.160505  0.288560  2.000000  
87.176181 0.003388  0.090988  -0.035841  0.906831  0.321205  -0.272920  -0.333540  0.942735  0.001268  0.257699  0.089880  0.962036  -0.001527  0.001069  0.010084  -0.450031  -0.152027  0.281367  2.000000  
87.177431 0.003385  0.090987  -0.035828  0.906863  0.321084  -0.272955  -0.333552  0.942731  0.000767  0.257570  0.090350  0.962026  -0.001765  0.000888  0.010100  -0.447478  -0.147813  0.258826  2.000000  
87.178442 0.003383  0.090987  -0.035818  0.906794  0.321178  -0.273072  -0.333739  0.942665  0.000480  0.257570  0.090700  0.961994  -0.001971  0.000658  0.010063  -0.442393  -0.141028  0.246863  2.000000  
87.179677 0.003380  0.090987  -0.035806  0.906726  0.321240  -0.273228  -0.333926  0.942599  0.000079  0.257570  0.091166  0.961949  -0.002181  0.000436  0.010076  -0.440751  -0.131496  0.237633  2.000000  
87.180683 0.003378  0.090986  -0.035795  0.906758  0.321185  -0.273185  -0.333938  0.942595  -0.000195  0.257440  0.091403  0.961962  -0.002324  0.000222  0.010111  -0.431706  -0.129147  0.225958  2.000000  
87.181929 0.003375  0.090986  -0.035782  0.906758  0.321052  -0.273341  -0.333938  0.942595  -0.000652  0.257440  0.091870  0.961917  -0.002446  0.000028  0.010098  -0.429053  -0.121838  0.205326  2.000000  
87.183177 0.003372  0.090985  -0.035768  0.906689  0.321147  -0.273458  -0.334124  0.942529  -0.000939  0.257440  0.092220  0.961884  -0.002543  -0.000189  0.010192  -0.422737  -0.113374  0.197948  2.000000  
87.184431 0.003369  0.090983  -0.035755  0.906722  0.321059  -0.273454  -0.334136  0.942524  -0.001326  0.257311  0.092573  0.961884  -0.002602  -0.000414  0.010236  -0.413991  -0.105456  0.183841  2.000000  
87.185675 0.003366  0.090982  -0.035741  0.906722  0.320926  -0.273609  -0.334136  0.942523  -0.001783  0.257311  0.093040  0.961839  -0.002530  -0.000514  0.010332  -0.410186  -0.101253  0.168820  2.000000  
87.186678 0.003364  0.090980  -0.035731  0.906685  0.321066  -0.273567  -0.334335  0.942452  -0.002000  0.257182  0.093276  0.961851  -0.002489  -0.000613  0.010350  -0.399086  -0.093647  0.162804  2.000000  
87.187925 0.003361  0.090979  -0.035717  0.906685  0.320933  -0.273723  -0.334335  0.942451  -0.002457  0.257182  0.093743  0.961806  -0.002400  -0.000664  0.010497  -0.392842  -0.085219  0.155434  2.000000  
87.189173 0.003359  0.090978  -0.035703  0.906685  0.320833  -0.273839  -0.334335  0.942450  -0.002800  0.257182  0.094093  0.961771  -0.002244  -0.000702  0.010575  -0.385095  -0.081211  0.140592  2.000000  
87.190175 0.003359  0.090977  -0.035692  0.906685  0.320767  -0.273917  -0.334335  0.942450  -0.003029  0.257182  0.094326  0.961748  -0.002112  -0.000729  0.010649  -0.378773  -0.072876  0.133199  2.000000  
87.191177 0.003358  0.090977  -0.035680  0.906717  0.320712  -0.273874  -0.334347  0.942444  -0.003302  0.257052  0.094563  0.961760  -0.001949  -0.000732  0.010741  -0.368377  -0.073418  0.126613  2.000000  
87.192178 0.003359  0.090976  -0.035669  0.906717  0.320613  -0.273991  -0.334347  0.942443  -0.003645  0.257052  0.094913  0.961725  -0.001755  -0.000711  0.010848  -0.362977  -0.066271  0.113623  2.000000  
87.193179 0.003359  0.090976  -0.035658  0.906685  0.320534  -0.274190  -0.334335  0.942447  -0.003829  0.257182  0.095143  0.961668  -0.001588  -0.000728  0.010916  -0.356507  -0.057874  0.106123  2.000000  
87.194439 0.003360  0.090976  -0.035643  0.906685  0.320468  -0.274267  -0.334335  0.942446  -0.004058  0.257182  0.095376  0.961645  -0.001346  -0.000706  0.011031  -0.346317  -0.054013  0.099144  2.000000  
87.195677 0.003360  0.090976  -0.035629  0.906685  0.320368  -0.274384  -0.334335  0.942444  -0.004401  0.257182  0.095726  0.961610  -0.001182  -0.000697  0.011080  -0.340901  -0.049660  0.091248  2.000000  
87.196928 0.003360  0.090975  -0.035614  0.906616  0.320495  -0.274463  -0.334521  0.942377  -0.004573  0.257182  0.095959  0.961587  -0.001009  -0.000724  0.011172  -0.332967  -0.040762  0.090469  2.000000  
87.198177 0.003359  0.090973  -0.035600  0.906616  0.320429  -0.274540  -0.334521  0.942376  -0.004802  0.257182  0.096193  0.961564  -0.000860  -0.000765  0.011224  -0.322715  -0.036920  0.083490  2.000000  
87.199430 0.003358  0.090972  -0.035586  0.906616  0.320362  -0.274618  -0.334521  0.942375  -0.005030  0.257182  0.096426  0.961540  -0.000721  -0.000705  0.011241  -0.312342  -0.033942  0.070385  2.000000  
87.200677 0.003356  0.090971  -0.035573  0.906616  0.320295  -0.274696  -0.334521  0.942373  -0.005259  0.257182  0.096659  0.961517  -0.000587  -0.000695  0.011277  -0.301972  -0.025602  0.062904  2.000000  
87.201928 0.003356  0.090971  -0.035558  0.906616  0.320229  -0.274773  -0.334521  0.942372  -0.005487  0.257182  0.096893  0.961493  -0.000455  -0.000599  0.011300  -0.291515  -0.021738  0.055827  2.000000  
87.203178 0.003355  0.090971  -0.035544  0.906616  0.320162  -0.274851  -0.334521  0.942371  -0.005716  0.257182  0.097126  0.961470  -0.000365  -0.000502  0.011305  -0.281078  -0.017882  0.048751  2.000000  
87.204423 0.003354  0.090972  -0.035530  0.906616  0.320095  -0.274929  -0.334521  0.942369  -0.005945  0.257182  0.097359  0.961446  -0.000344  -0.000395  0.011311  -0.270719  -0.017719  0.048364  2.000000  
87.205429 0.003354  0.090972  -0.035519  0.906616  0.320062  -0.274968  -0.334521  0.942369  -0.006059  0.257182  0.097476  0.961434  -0.000333  -0.000322  0.011315  -0.264399  -0.013909  0.041335  2.000000  
