1-Time 2-Px 3-Py 4-Pz 5-R11 6-R21 7-R31 8-R12 9-R22 10-R32 11-R13 12-R23 13-R33 14-Vx 15-Vy 16-Vz 17-Wx 18-Wy 19-Wz 20-state 21-PR11 22-PR21 23-PR31 24-PR12 25-PR22 26-PR32 27-PR13 28-PR23 29-PR33 
122.447095 0.001667  0.090918  -0.030605  0.973221  0.176606  -0.147143  -0.168554  0.983507  0.065605  0.156302  -0.039047  0.986937  0.000086  0.000073  0.000093  0.000000  0.000000  0.000000  2.000000  
122.448098 0.001667  0.090917  -0.030605  0.973186  0.176827  -0.147108  -0.168754  0.983462  0.065755  0.156302  -0.039166  0.986932  0.000095  0.000049  0.000099  0.000000  0.000000  0.000000  2.000000  
122.449099 0.001666  0.090916  -0.030606  0.972895  0.178080  -0.147525  -0.169942  0.983232  0.066146  0.156831  -0.039283  0.986844  0.000051  -0.000046  0.000078  0.000000  0.000000  0.000000  2.000000  
122.450358 0.001666  0.090913  -0.030606  0.972433  0.179955  -0.148291  -0.171718  0.982886  0.066700  0.157756  -0.039397  0.986692  0.000012  -0.000238  0.000016  0.000000  0.000000  0.000000  2.000000  
122.451607 0.001665  0.090910  -0.030608  0.972053  0.181265  -0.149182  -0.172890  0.982631  0.067425  0.158813  -0.039749  0.986508  -0.000080  -0.000501  -0.000074  0.000000  0.000000  0.000000  2.000000  
122.452851 0.001664  0.090906  -0.030609  0.971707  0.182373  -0.150086  -0.173860  0.982411  0.068122  0.159869  -0.040101  0.986323  -0.000141  -0.000741  -0.000146  0.065684  0.112996  0.187645  2.000000  
122.454100 0.001663  0.090904  -0.030608  0.971229  0.184093  -0.151075  -0.175426  0.982076  0.068938  0.161058  -0.040452  0.986116  -0.000184  -0.000860  -0.000121  0.082599  0.150886  0.243453  2.000000  
122.455355 0.001662  0.090904  -0.030608  0.970543  0.186811  -0.152142  -0.177986  0.981553  0.069818  0.162378  -0.040682  0.985890  -0.000294  -0.000908  -0.000137  0.105146  0.192018  0.333530  2.000000  
122.456601 0.001659  0.090904  -0.030607  0.969775  0.189932  -0.153176  -0.180942  0.980944  0.070767  0.163698  -0.040912  0.985662  -0.000510  -0.000931  -0.000125  0.130881  0.234135  0.440106  2.000000  
122.457850 0.001654  0.090904  -0.030611  0.968995  0.193052  -0.154206  -0.183895  0.980326  0.071724  0.165018  -0.041142  0.985432  -0.000817  -0.000936  -0.000396  0.156019  0.274885  0.544350  2.000000  
122.459100 0.001650  0.090905  -0.030617  0.968216  0.195764  -0.155672  -0.186433  0.979783  0.072579  0.166734  -0.041250  0.985139  -0.001108  -0.000823  -0.000799  0.173645  0.326932  0.630138  2.000000  
122.460100 0.001648  0.090907  -0.030621  0.967611  0.197854  -0.156792  -0.188383  0.979359  0.073270  0.168053  -0.041360  0.984910  -0.001235  -0.000732  -0.001060  0.190789  0.371731  0.705336  2.000000  
122.461346 0.001648  0.090907  -0.030624  0.966691  0.200978  -0.158480  -0.191304  0.978718  0.074256  0.170031  -0.041465  0.984566  -0.001194  -0.000677  -0.001258  0.212498  0.434908  0.810335  2.000000  
122.462348 0.001651  0.090906  -0.030626  0.965884  0.203686  -0.159935  -0.193832  0.978153  0.075136  0.171745  -0.041572  0.984264  -0.001089  -0.000810  -0.001430  0.231996  0.489592  0.901221  2.000000  
122.463350 0.001654  0.090903  -0.030629  0.965028  0.206595  -0.161370  -0.196555  0.977538  0.076056  0.173458  -0.041678  0.983959  -0.000844  -0.000941  -0.001585  0.252801  0.544007  0.998951  2.000000  
122.464353 0.001659  0.090901  -0.030632  0.964160  0.209522  -0.162775  -0.199275  0.976906  0.077105  0.175171  -0.041904  0.983646  -0.000482  -0.000934  -0.001759  0.275661  0.593633  1.088065  2.000000  
122.465597 0.001667  0.090900  -0.030632  0.963194  0.212680  -0.164390  -0.202179  0.976208  0.078368  0.177146  -0.042247  0.983277  0.000100  -0.000848  -0.001668  0.305986  0.656009  1.192045  2.000000  
122.466600 0.001673  0.090897  -0.030630  0.962389  0.215203  -0.165816  -0.204493  0.975645  0.079366  0.178858  -0.042472  0.982958  0.000562  -0.000869  -0.001489  0.331529  0.716140  1.285738  2.000000  
122.467849 0.001681  0.090890  -0.030626  0.961310  0.218571  -0.167660  -0.207576  0.974881  0.080738  0.181095  -0.042812  0.982533  0.001177  -0.001099  -0.001166  0.363869  0.787750  1.397875  2.000000  
122.468854 0.001689  0.090884  -0.030622  0.960418  0.221319  -0.169160  -0.210075  0.974246  0.081934  0.182937  -0.043155  0.982177  0.001727  -0.001401  -0.000957  0.392560  0.846526  1.488742  2.000000  
122.470102 0.001698  0.090876  -0.030617  0.959239  0.224723  -0.171345  -0.213130  0.973446  0.083533  0.185567  -0.043609  0.981663  0.002472  -0.001898  -0.000642  0.429776  0.931517  1.601569  2.000000  
122.471103 0.001704  0.090868  -0.030613  0.958320  0.227260  -0.173133  -0.215412  0.972847  0.084653  0.187670  -0.043830  0.981254  0.003006  -0.002419  -0.000356  0.453885  0.999755  1.686183  2.000000  
122.472354 0.001711  0.090856  -0.030606  0.957297  0.230030  -0.175126  -0.217875  0.972181  0.085994  0.190035  -0.044166  0.980783  0.003743  -0.003244  0.000290  0.483572  1.076334  1.777630  2.000000  
122.473355 0.001716  0.090844  -0.030601  0.956448  0.232166  -0.176938  -0.219754  0.971663  0.087060  0.192137  -0.044386  0.980364  0.004214  -0.004031  0.000851  0.505643  1.145113  1.848627  2.000000  
122.474366 0.001722  0.090831  -0.030598  0.955641  0.234268  -0.178519  -0.221640  0.971154  0.087957  0.193975  -0.044488  0.979997  0.004950  -0.005084  0.001524  0.523250  1.204352  1.918157  2.000000  
122.475602 0.001730  0.090815  -0.030593  0.954566  0.237209  -0.180377  -0.224292  0.970430  0.089216  0.196206  -0.044706  0.979543  0.005540  -0.006229  0.002047  0.554963  1.277187  2.017467  2.000000  
122.476602 0.001737  0.090804  -0.030587  0.953650  0.239709  -0.181911  -0.226564  0.969810  0.090203  0.198042  -0.044808  0.979169  0.005911  -0.006986  0.002568  0.575563  1.336389  2.101478  2.000000  
122.477846 0.001746  0.090790  -0.030578  0.952673  0.242220  -0.183696  -0.228820  0.969182  0.091259  0.200140  -0.044907  0.978738  0.006293  -0.007694  0.003415  0.591925  1.393552  2.168673  2.000000  
122.478848 0.001754  0.090779  -0.030570  0.951881  0.244119  -0.185279  -0.230496  0.968700  0.092148  0.201975  -0.045008  0.978356  0.006499  -0.008166  0.004059  0.597817  1.449102  2.202056  2.000000  
122.480101 0.001764  0.090766  -0.030557  0.950929  0.246241  -0.187347  -0.232339  0.968159  0.093206  0.204333  -0.045104  0.977862  0.006687  -0.009080  0.005076  0.602777  1.498305  2.210999  2.000000  
122.481351 0.001772  0.090752  -0.030544  0.949915  0.248374  -0.189665  -0.234165  0.967609  0.094335  0.206952  -0.045198  0.977307  0.006715  -0.009672  0.005779  0.603695  1.550497  2.240125  2.000000  
122.482598 0.001779  0.090737  -0.030530  0.948917  0.250477  -0.191881  -0.235992  0.967068  0.095325  0.209438  -0.045173  0.976778  0.006625  -0.010354  0.006514  0.602943  1.592905  2.270292  2.000000  
122.483599 0.001783  0.090723  -0.030519  0.948145  0.252175  -0.193467  -0.237459  0.966622  0.096203  0.211270  -0.045273  0.976379  0.006425  -0.010812  0.006966  0.600480  1.622904  2.284856  2.000000  
122.484849 0.001785  0.090705  -0.030505  0.947228  0.253902  -0.195684  -0.238888  0.966166  0.097245  0.213754  -0.045367  0.975834  0.005894  -0.011554  0.007543  0.596857  1.663492  2.265877  2.000000  
122.485853 0.001784  0.090688  -0.030494  0.946493  0.255376  -0.197315  -0.240154  0.965778  0.097976  0.215583  -0.045348  0.975432  0.005423  -0.012246  0.008047  0.586675  1.697294  2.230510  2.000000  
122.487098 0.001781  0.090666  -0.030479  0.945619  0.257066  -0.199302  -0.241591  0.965330  0.098850  0.217804  -0.045325  0.974940  0.004743  -0.012859  0.008506  0.572126  1.724472  2.186648  2.000000  
122.488366 0.001776  0.090645  -0.030463  0.944688  0.258930  -0.201297  -0.243218  0.964839  0.099655  0.220023  -0.045184  0.974448  0.003999  -0.013217  0.009317  0.561403  1.752819  2.153530  2.000000  
122.489600 0.001770  0.090625  -0.030445  0.943849  0.260395  -0.203330  -0.244453  0.964451  0.100384  0.222241  -0.045042  0.973951  0.003071  -0.013528  0.010220  0.546328  1.774565  2.109852  2.000000  
122.490851 0.001763  0.090606  -0.030428  0.943026  0.261666  -0.205507  -0.245483  0.964114  0.101109  0.224589  -0.044899  0.973419  0.002024  -0.013821  0.010999  0.534916  1.792737  2.059293  2.000000  
122.492100 0.001755  0.090588  -0.030412  0.942094  0.263308  -0.207671  -0.246898  0.963679  0.101807  0.226935  -0.044638  0.972886  0.000984  -0.014019  0.011524  0.512802  1.806449  2.000614  2.000000  
122.493101 0.001747  0.090574  -0.030399  0.941376  0.264553  -0.209339  -0.247953  0.963344  0.102411  0.228759  -0.044501  0.972465  -0.000047  -0.014181  0.011775  0.497002  1.813461  1.946005  2.000000  
122.494103 0.001739  0.090562  -0.030389  0.940704  0.265574  -0.211059  -0.248812  0.963075  0.102858  0.230582  -0.044245  0.972046  -0.001341  -0.014416  0.011909  0.471442  1.820748  1.884629  2.000000  
122.495353 0.001727  0.090545  -0.030377  0.939835  0.267007  -0.213111  -0.250032  0.962690  0.103497  0.232795  -0.043986  0.971531  -0.002761  -0.014624  0.011821  0.443476  1.831669  1.829797  2.000000  
122.496601 0.001714  0.090530  -0.030366  0.938951  0.268226  -0.215466  -0.251039  0.962369  0.104048  0.235266  -0.043606  0.970952  -0.004158  -0.014669  0.011699  0.410290  1.848261  1.769021  2.000000  
122.497846 0.001699  0.090514  -0.030355  0.938069  0.269629  -0.217546  -0.252252  0.961994  0.104582  0.237476  -0.043228  0.970431  -0.005417  -0.014610  0.011464  0.381563  1.848405  1.714030  2.000000  
122.498847 0.001685  0.090501  -0.030347  0.937326  0.270842  -0.219237  -0.253294  0.961664  0.105091  0.239296  -0.042973  0.969995  -0.006579  -0.014605  0.011282  0.354296  1.850607  1.666733  2.000000  
122.499850 0.001669  0.090486  -0.030338  0.936609  0.272048  -0.220801  -0.254342  0.961335  0.105571  0.240984  -0.042719  0.969588  -0.007895  -0.014535  0.011169  0.326848  1.838882  1.618347  2.000000  
122.501100 0.001646  0.090467  -0.030327  0.935658  0.273671  -0.222820  -0.255739  0.960886  0.106282  0.243191  -0.042460  0.969049  -0.009270  -0.014382  0.010957  0.300115  1.827726  1.570315  2.000000  
122.502108 0.001627  0.090452  -0.030318  0.934847  0.275077  -0.224483  -0.256966  0.960495  0.106851  0.245008  -0.042205  0.968602  -0.010325  -0.014201  0.010692  0.276364  1.826427  1.541250  2.000000  
122.503353 0.001603  0.090433  -0.030307  0.933883  0.276669  -0.226531  -0.258356  0.960055  0.107459  0.247212  -0.041828  0.968058  -0.011570  -0.014141  0.010351  0.254080  1.816717  1.514682  2.000000  
122.504357 0.001584  0.090419  -0.030299  0.933116  0.277875  -0.228212  -0.259385  0.959717  0.107991  0.249027  -0.041574  0.967604  -0.012655  -0.013981  0.009878  0.238614  1.818483  1.487592  2.000000  
122.505600 0.001560  0.090403  -0.030289  0.932193  0.279265  -0.230277  -0.260576  0.959330  0.108563  0.251229  -0.041197  0.967051  -0.013798  -0.013767  0.009440  0.210789  1.820239  1.439604  2.000000  
122.506606 0.001541  0.090391  -0.030280  0.931416  0.280439  -0.231988  -0.261600  0.959003  0.108988  0.253042  -0.040825  0.966594  -0.014570  -0.013590  0.009113  0.186536  1.824128  1.395939  2.000000  
122.507849 0.001520  0.090379  -0.030270  0.930373  0.282220  -0.234003  -0.263168  0.958497  0.109668  0.255242  -0.040450  0.966031  -0.015420  -0.013258  0.008749  0.166962  1.826046  1.368496  2.000000  
122.508850 0.001503  0.090371  -0.030265  0.929565  0.283583  -0.235564  -0.264387  0.958110  0.110116  0.256923  -0.040080  0.965600  -0.015883  -0.012938  0.008449  0.151391  1.822022  1.360787  2.000000  
122.509850 0.001487  0.090362  -0.030259  0.928806  0.284747  -0.237146  -0.265411  0.957780  0.110519  0.258604  -0.039710  0.965167  -0.016328  -0.012606  0.008175  0.134188  1.818249  1.346323  2.000000  
122.511096 0.001468  0.090352  -0.030252  0.927943  0.285867  -0.239168  -0.266405  0.957471  0.110801  0.260671  -0.039102  0.964636  -0.016756  -0.012230  0.007913  0.112339  1.804099  1.320572  2.000000  
122.512096 0.001453  0.090344  -0.030245  0.927210  0.286993  -0.240658  -0.267435  0.957154  0.111062  0.262221  -0.038617  0.964235  -0.016976  -0.011969  0.007774  0.091143  1.791655  1.305853  2.000000  
122.513097 0.001439  0.090336  -0.030239  0.926440  0.288122  -0.242271  -0.268453  0.956834  0.111361  0.263899  -0.038131  0.963796  -0.017155  -0.011635  0.007643  0.069971  1.783517  1.291213  2.000000  
122.514098 0.001425  0.090328  -0.030233  0.925734  0.289239  -0.243635  -0.269488  0.956516  0.111593  0.265318  -0.037648  0.963426  -0.017031  -0.011283  0.007440  0.051662  1.768304  1.279586  2.000000  
122.515099 0.001412  0.090319  -0.030228  0.925011  0.290167  -0.245269  -0.270311  0.956254  0.111849  0.266995  -0.037163  0.962981  -0.016805  -0.010910  0.007242  0.032939  1.762771  1.268540  2.000000  
122.516351 0.001396  0.090305  -0.030222  0.924195  0.291265  -0.247038  -0.271312  0.955943  0.112080  0.268800  -0.036560  0.962502  -0.016341  -0.010446  0.006782  0.008918  1.747405  1.249590  2.000000  
122.517596 0.001381  0.090291  -0.030218  0.923340  0.292396  -0.248894  -0.272300  0.955617  0.112468  0.270732  -0.036073  0.961979  -0.015762  -0.010200  0.006339  -0.002701  1.738299  1.231851  2.000000  
122.518620 0.001370  0.090281  -0.030217  0.922676  0.293339  -0.250242  -0.273137  0.955341  0.112778  0.272149  -0.035708  0.961592  -0.015095  -0.009820  0.005844  -0.017877  1.725691  1.219141  2.000000  
122.519850 0.001357  0.090269  -0.030216  0.921848  0.294461  -0.251971  -0.274131  0.955014  0.113137  0.273951  -0.035222  0.961099  -0.014331  -0.009492  0.005152  -0.023663  1.713755  1.218103  2.000000  
122.520850 0.001349  0.090260  -0.030216  0.921164  0.295213  -0.253587  -0.274753  0.954795  0.113475  0.275623  -0.034855  0.960634  -0.013735  -0.009273  0.004644  -0.033768  1.708778  1.207652  2.000000  
122.521851 0.001342  0.090253  -0.030215  0.920548  0.295987  -0.254920  -0.275395  0.954565  0.113857  0.277038  -0.034608  0.960236  -0.012915  -0.009016  0.004126  -0.038812  1.693075  1.188723  2.000000  
122.523100 0.001335  0.090245  -0.030214  0.919786  0.296715  -0.256815  -0.275993  0.954356  0.114158  0.278965  -0.034122  0.959695  -0.012019  -0.008760  0.003686  -0.051952  1.684430  1.164721  2.000000  
122.524356 0.001329  0.090239  -0.030214  0.919092  0.297432  -0.258463  -0.276610  0.954150  0.114388  0.280635  -0.033639  0.959225  -0.010950  -0.008470  0.003139  -0.061030  1.663693  1.144555  2.000000  
122.525599 0.001324  0.090235  -0.030215  0.918411  0.298335  -0.259841  -0.277436  0.953885  0.114599  0.282048  -0.033160  0.958827  -0.009999  -0.008082  0.002627  -0.068903  1.633504  1.135839  2.000000  
122.526600 0.001321  0.090232  -0.030216  0.917784  0.299041  -0.261242  -0.278071  0.953681  0.114759  0.283459  -0.032680  0.958427  -0.009352  -0.007771  0.002181  -0.074853  1.620317  1.125366  2.000000  
122.527846 0.001316  0.090229  -0.030217  0.917154  0.299713  -0.262679  -0.278705  0.953490  0.114806  0.284870  -0.032085  0.958029  -0.008436  -0.007322  0.001618  -0.086332  1.594873  1.103102  2.000000  
122.528853 0.001313  0.090227  -0.030218  0.916726  0.300202  -0.263612  -0.279194  0.953352  0.114767  0.285768  -0.031611  0.957777  -0.007635  -0.006861  0.001021  -0.100791  1.564527  1.082708  2.000000  
122.530100 0.001308  0.090225  -0.030221  0.916056  0.300843  -0.265207  -0.279814  0.953173  0.114740  0.287306  -0.030899  0.957340  -0.006832  -0.006164  0.000360  -0.118403  1.544179  1.054112  2.000000  
122.531350 0.001304  0.090224  -0.030225  0.915288  0.301649  -0.266936  -0.280610  0.952945  0.114691  0.288972  -0.030071  0.956865  -0.006148  -0.005442  -0.000150  -0.144229  1.528366  1.025753  2.000000  
122.532597 0.001299  0.090223  -0.030228  0.914612  0.302284  -0.268530  -0.281227  0.952766  0.114669  0.290509  -0.029360  0.956422  -0.005336  -0.004452  -0.000627  -0.161152  1.507061  1.002020  2.000000  
122.533598 0.001296  0.090224  -0.030230  0.914008  0.302943  -0.269842  -0.281866  0.952574  0.114690  0.291789  -0.028768  0.956050  -0.004923  -0.003826  -0.000855  -0.176408  1.489659  0.981368  2.000000  
122.534851 0.001293  0.090225  -0.030232  0.913306  0.303766  -0.271289  -0.282679  0.952333  0.114690  0.293196  -0.028060  0.955640  -0.004210  -0.002822  -0.001096  -0.190598  1.459157  0.965549  2.000000  
122.536102 0.001290  0.090227  -0.030235  0.912564  0.304591  -0.272857  -0.283479  0.952091  0.114732  0.294731  -0.027351  0.955189  -0.003764  -0.002018  -0.001283  -0.206892  1.443059  0.944079  2.000000  
122.537353 0.001287  0.090230  -0.030239  0.911705  0.305457  -0.274754  -0.284241  0.951830  0.115006  0.296648  -0.026755  0.954612  -0.003458  -0.001289  -0.001602  -0.213358  1.435698  0.928267  2.000000  
122.538367 0.001285  0.090233  -0.030242  0.911091  0.306140  -0.276026  -0.284873  0.951624  0.115151  0.297926  -0.026281  0.954227  -0.003250  -0.000648  -0.001915  -0.227101  1.417060  0.900161  2.000000  
122.539600 0.001281  0.090237  -0.030248  0.910340  0.307026  -0.277518  -0.285668  0.951351  0.115432  0.299458  -0.025805  0.953761  -0.003106  -0.000012  -0.002272  -0.231428  1.400985  0.878959  2.000000  
122.540600 0.001278  0.090240  -0.030254  0.909760  0.307670  -0.278705  -0.286309  0.951159  0.115429  0.300607  -0.025217  0.953415  -0.003103  0.000435  -0.002611  -0.236201  1.383573  0.870501  2.000000  
122.541850 0.001272  0.090245  -0.030262  0.909042  0.308514  -0.280111  -0.287111  0.950901  0.115561  0.302010  -0.024627  0.952987  -0.003162  0.000912  -0.003104  -0.238667  1.366522  0.855344  2.000000  
122.543100 0.001265  0.090249  -0.030271  0.908321  0.309322  -0.281554  -0.287912  0.950656  0.115581  0.303413  -0.023922  0.952559  -0.003333  0.001494  -0.003618  -0.247251  1.349888  0.833611  2.000000  
122.544355 0.001258  0.090254  -0.030280  0.907577  0.310321  -0.282851  -0.288911  0.950348  0.115624  0.304687  -0.023219  0.952169  -0.003505  0.001987  -0.004059  -0.250259  1.330520  0.832109  2.000000  
122.545599 0.001250  0.090260  -0.030289  0.906929  0.311119  -0.284050  -0.289733  0.950104  0.115573  0.305834  -0.022517  0.951819  -0.003761  0.002436  -0.004458  -0.256856  1.299928  0.816488  2.000000  
122.546846 0.001241  0.090266  -0.030296  0.906279  0.311881  -0.285287  -0.290554  0.949873  0.115408  0.306980  -0.021701  0.951468  -0.004044  0.002816  -0.004695  -0.269794  1.278497  0.808081  2.000000  
122.547846 0.001235  0.090271  -0.030302  0.905765  0.312509  -0.286230  -0.291212  0.949680  0.115340  0.307872  -0.021117  0.951194  -0.004259  0.003211  -0.004927  -0.272858  1.256634  0.806409  2.000000  
122.548846 0.001229  0.090277  -0.030307  0.905211  0.313138  -0.287294  -0.291856  0.949486  0.115312  0.308890  -0.020533  0.950876  -0.004465  0.003561  -0.005107  -0.282026  1.244122  0.798719  2.000000  
122.549848 0.001222  0.090284  -0.030311  0.904695  0.313763  -0.288236  -0.292512  0.949292  0.115247  0.309780  -0.019951  0.950599  -0.004726  0.003912  -0.005230  -0.291133  1.226576  0.790568  2.000000  
122.551100 0.001214  0.090292  -0.030316  0.904017  0.314710  -0.289328  -0.293527  0.948995  0.115111  0.310798  -0.019137  0.950283  -0.005045  0.004332  -0.005434  -0.304452  1.188014  0.794597  2.000000  
122.552103 0.001208  0.090298  -0.030321  0.903498  0.315368  -0.290233  -0.294181  0.948786  0.115165  0.311688  -0.018670  0.950001  -0.005340  0.004596  -0.005564  -0.305671  1.170561  0.800175  2.000000  
122.553353 0.001201  0.090305  -0.030326  0.902837  0.316154  -0.291431  -0.294994  0.948538  0.115128  0.312832  -0.017972  0.949638  -0.005616  0.004804  -0.005609  -0.314482  1.147629  0.804671  2.000000  
122.554363 0.001194  0.090311  -0.030330  0.902416  0.316576  -0.292277  -0.295474  0.948408  0.114970  0.313594  -0.017391  0.949398  -0.005905  0.004975  -0.005542  -0.319691  1.129923  0.796457  2.000000  
122.555601 0.001185  0.090316  -0.030334  0.901792  0.317356  -0.293355  -0.296297  0.948159  0.114898  0.314611  -0.016694  0.949074  -0.006202  0.005077  -0.005399  -0.326943  1.112867  0.795288  2.000000  
122.556849 0.001176  0.090321  -0.030339  0.901267  0.317938  -0.294335  -0.296948  0.947977  0.114728  0.315500  -0.015998  0.948791  -0.006396  0.005092  -0.005126  -0.329439  1.090720  0.794057  2.000000  
122.558098 0.001166  0.090325  -0.030344  0.900781  0.318552  -0.295157  -0.297610  0.947780  0.114635  0.316261  -0.015419  0.948547  -0.006590  0.005026  -0.004875  -0.331454  1.069722  0.786032  2.000000  
122.559100 0.001159  0.090327  -0.030348  0.900437  0.318965  -0.295762  -0.298113  0.947650  0.114402  0.316769  -0.014841  0.948387  -0.006725  0.004926  -0.004642  -0.330746  1.051893  0.784518  2.000000  
122.560350 0.001149  0.090330  -0.030354  0.900051  0.319344  -0.296526  -0.298602  0.947533  0.114094  0.317403  -0.014148  0.948185  -0.006812  0.004752  -0.004451  -0.331880  1.020832  0.775905  2.000000  
122.561351 0.001142  0.090332  -0.030358  0.899705  0.319793  -0.297092  -0.299105  0.947389  0.113978  0.317911  -0.013685  0.948022  -0.006855  0.004571  -0.004289  -0.329197  0.994420  0.767899  2.000000  
122.562361 0.001135  0.090334  -0.030364  0.899461  0.320007  -0.297600  -0.299435  0.947324  0.113646  0.318291  -0.013108  0.947902  -0.006888  0.004352  -0.004298  -0.330560  0.963281  0.759571  2.000000  
122.563598 0.001127  0.090337  -0.030371  0.899114  0.320382  -0.298244  -0.299936  0.947207  0.113301  0.318799  -0.012416  0.947741  -0.006898  0.004094  -0.004335  -0.333418  0.929606  0.745631  2.000000  
122.564598 0.001121  0.090341  -0.030376  0.898869  0.320596  -0.298753  -0.300266  0.947142  0.112970  0.319179  -0.011840  0.947620  -0.006804  0.003904  -0.004406  -0.337856  0.902466  0.730616  2.000000  
122.565846 0.001115  0.090344  -0.030382  0.898583  0.320774  -0.299421  -0.300582  0.947090  0.112564  0.319686  -0.011148  0.947458  -0.006748  0.003563  -0.004454  -0.346679  0.868885  0.710153  2.000000  
122.567098 0.001109  0.090348  -0.030387  0.898440  0.320753  -0.299872  -0.300739  0.947105  0.112017  0.319940  -0.010458  0.947380  -0.006603  0.003338  -0.004398  -0.355285  0.809903  0.680872  2.000000  
122.568374 0.001104  0.090352  -0.030390  0.898194  0.320929  -0.300420  -0.301069  0.947053  0.111572  0.320320  -0.009767  0.947259  -0.006453  0.003032  -0.004257  -0.368898  0.769602  0.659123  2.000000  
122.569600 0.001098  0.090354  -0.030391  0.898092  0.320906  -0.300750  -0.301240  0.947067  0.110985  0.320447  -0.009077  0.947223  -0.006270  0.002825  -0.004046  -0.377236  0.721745  0.631716  2.000000  
122.570602 0.001094  0.090356  -0.030392  0.897886  0.321116  -0.301140  -0.301582  0.947002  0.110616  0.320700  -0.008502  0.947143  -0.006066  0.002659  -0.003832  -0.385089  0.690714  0.617344  2.000000  
122.571604 0.001089  0.090358  -0.030392  0.897845  0.320971  -0.301416  -0.301569  0.947055  0.110196  0.320827  -0.008042  0.947104  -0.005895  0.002471  -0.003587  -0.393303  0.655491  0.589953  2.000000  
122.572848 0.001083  0.090359  -0.030392  0.897783  0.320946  -0.301627  -0.301753  0.947069  0.109569  0.320827  -0.007353  0.947109  -0.005666  0.002317  -0.003265  -0.404308  0.615163  0.564507  2.000000  
122.573849 0.001078  0.090359  -0.030392  0.897680  0.320959  -0.301919  -0.301925  0.947069  0.109097  0.320954  -0.006778  0.947071  -0.005494  0.002203  -0.002980  -0.410445  0.580242  0.543980  2.000000  
122.574850 0.001074  0.090361  -0.030392  0.897680  0.320776  -0.302113  -0.301925  0.947135  0.108523  0.320954  -0.006203  0.947075  -0.005291  0.002113  -0.002678  -0.422364  0.545432  0.507832  2.000000  
122.575850 0.001070  0.090362  -0.030392  0.897618  0.320788  -0.302286  -0.302109  0.947134  0.108011  0.320954  -0.005629  0.947078  -0.004972  0.002080  -0.002345  -0.427041  0.514658  0.489869  2.000000  
122.577100 0.001066  0.090364  -0.030393  0.897556  0.320763  -0.302497  -0.302294  0.947147  0.107384  0.320954  -0.004940  0.947082  -0.004699  0.002015  -0.001999  -0.433001  0.470402  0.459900  2.000000  
122.578110 0.001063  0.090367  -0.030394  0.897597  0.320578  -0.302571  -0.302308  0.947212  0.106769  0.320827  -0.004366  0.947128  -0.004403  0.002038  -0.001692  -0.437449  0.435076  0.432772  2.000000  
122.579350 0.001060  0.090371  -0.030396  0.897575  0.320589  -0.302624  -0.302506  0.947211  0.106216  0.320700  -0.003791  0.947173  -0.004146  0.002079  -0.001424  -0.441858  0.390715  0.405562  2.000000  
122.580350 0.001059  0.090375  -0.030397  0.897656  0.320405  -0.302578  -0.302534  0.947275  0.105561  0.320447  -0.003217  0.947261  -0.003901  0.002104  -0.001147  -0.450905  0.356860  0.375611  2.000000  
122.581601 0.001058  0.090380  -0.030398  0.897635  0.320416  -0.302631  -0.302732  0.947273  0.105008  0.320320  -0.002643  0.947306  -0.003539  0.002165  -0.000874  -0.455340  0.312803  0.348755  2.000000  
122.582846 0.001058  0.090385  -0.030399  0.897654  0.320427  -0.302563  -0.302944  0.947271  0.104415  0.320067  -0.002068  0.947393  -0.003197  0.002317  -0.000702  -0.459755  0.268656  0.321917  2.000000  
122.583847 0.001058  0.090389  -0.030400  0.897672  0.320475  -0.302457  -0.303157  0.947256  0.103936  0.319813  -0.001609  0.947479  -0.002901  0.002410  -0.000623  -0.462112  0.228884  0.301791  2.000000  
122.584850 0.001057  0.090392  -0.030401  0.897691  0.320523  -0.302351  -0.303369  0.947240  0.103458  0.319559  -0.001149  0.947566  -0.002667  0.002456  -0.000579  -0.466376  0.193475  0.288288  2.000000  
122.585851 0.001058  0.090395  -0.030401  0.897709  0.320571  -0.302245  -0.303581  0.947224  0.102979  0.319306  -0.000690  0.947651  -0.002298  0.002589  -0.000626  -0.470749  0.150523  0.263864  2.000000  
122.586852 0.001057  0.090398  -0.030402  0.897728  0.320619  -0.302139  -0.303793  0.947208  0.102501  0.319052  -0.000230  0.947737  -0.002021  0.002682  -0.000652  -0.471033  0.119305  0.250385  2.000000  
122.588102 0.001058  0.090400  -0.030401  0.897787  0.320631  -0.301952  -0.304019  0.947204  0.101866  0.318672  0.000345  0.947865  -0.001615  0.002776  -0.000611  -0.477794  0.079174  0.230398  2.000000  
122.589104 0.001059  0.090403  -0.030400  0.897805  0.320643  -0.301885  -0.304231  0.947200  0.101273  0.318418  0.000920  0.947950  -0.001233  0.002891  -0.000573  -0.479668  0.052334  0.223441  2.000000  
122.590356 0.001061  0.090406  -0.030398  0.897800  0.320850  -0.301678  -0.304642  0.947129  0.100700  0.318038  0.001495  0.948077  -0.000655  0.003032  -0.000422  -0.479964  0.016598  0.210040  2.000000  
122.591601 0.001065  0.090411  -0.030396  0.897796  0.321058  -0.301471  -0.305053  0.947057  0.100128  0.317657  0.002070  0.948203  -0.000099  0.003177  -0.000150  -0.476078  -0.014631  0.208144  2.000000  
122.592849 0.001069  0.090415  -0.030394  0.897894  0.321072  -0.301165  -0.305292  0.947051  0.099452  0.317150  0.002646  0.948372  0.000403  0.003276  0.000046  -0.476383  -0.050104  0.194943  2.000000  
122.594105 0.001075  0.090421  -0.030391  0.897888  0.321317  -0.300919  -0.305703  0.946967  0.098994  0.316769  0.003106  0.948498  0.001008  0.003393  0.000348  -0.474496  -0.081185  0.188305  2.000000  
122.595350 0.001082  0.090427  -0.030389  0.897923  0.321562  -0.300554  -0.306127  0.946882  0.098495  0.316261  0.003567  0.948665  0.001552  0.003467  0.000615  -0.466424  -0.112292  0.188229  2.000000  
122.596601 0.001090  0.090433  -0.030386  0.897957  0.321772  -0.300228  -0.306551  0.946808  0.097880  0.315753  0.004143  0.948832  0.002119  0.003573  0.000808  -0.458018  -0.149036  0.189739  2.000000  
122.597846 0.001098  0.090440  -0.030384  0.897990  0.322018  -0.299863  -0.306976  0.946722  0.097380  0.315246  0.004604  0.948999  0.002669  0.003644  0.000990  -0.448105  -0.174505  0.194720  2.000000  
122.598846 0.001105  0.090444  -0.030383  0.898023  0.322265  -0.299499  -0.307400  0.946636  0.096880  0.314738  0.005066  0.949165  0.003141  0.003692  0.001173  -0.448173  -0.196724  0.194778  2.000000  
122.600100 0.001113  0.090448  -0.030381  0.898119  0.322281  -0.299194  -0.307639  0.946627  0.096203  0.314230  0.005642  0.949330  0.003682  0.003696  0.001352  -0.444175  -0.223368  0.194882  2.000000  
122.601351 0.001121  0.090452  -0.030378  0.898191  0.322530  -0.298710  -0.308077  0.946540  0.095661  0.313594  0.006104  0.949537  0.004279  0.003743  0.001563  -0.433916  -0.249994  0.201493  2.000000  
122.602364 0.001128  0.090455  -0.030375  0.898223  0.322814  -0.298308  -0.308502  0.946440  0.095274  0.313086  0.006451  0.949703  0.004733  0.003754  0.001769  -0.422940  -0.274322  0.209771  2.000000  
122.603604 0.001136  0.090458  -0.030371  0.898293  0.323063  -0.297824  -0.308940  0.946352  0.094731  0.312451  0.006913  0.949909  0.005243  0.003735  0.001975  -0.412793  -0.301267  0.216591  2.000000  
122.604605 0.001144  0.090460  -0.030367  0.898388  0.323153  -0.297442  -0.309179  0.946319  0.094283  0.311942  0.007260  0.950073  0.005644  0.003736  0.002209  -0.402501  -0.319140  0.223326  2.000000  
122.605850 0.001152  0.090463  -0.030361  0.898457  0.323403  -0.296959  -0.309617  0.946230  0.093739  0.311307  0.007723  0.950278  0.006040  0.003648  0.002489  -0.393081  -0.338710  0.228239  2.000000  
122.607101 0.001162  0.090466  -0.030355  0.898487  0.323653  -0.296596  -0.310041  0.946140  0.093236  0.310798  0.008185  0.950441  0.006341  0.003565  0.002683  -0.382070  -0.354907  0.237016  2.000000  
122.608363 0.001172  0.090470  -0.030348  0.898620  0.323745  -0.296094  -0.310294  0.946106  0.092745  0.310162  0.008533  0.950645  0.006723  0.003460  0.003034  -0.368699  -0.374110  0.241792  2.000000  
122.609603 0.001182  0.090473  -0.030341  0.898688  0.323997  -0.295612  -0.310731  0.946015  0.092200  0.309526  0.008996  0.950848  0.006928  0.003300  0.003297  -0.361478  -0.390474  0.250629  2.000000  
122.610852 0.001192  0.090478  -0.030333  0.898819  0.324090  -0.295110  -0.310984  0.945980  0.091709  0.308890  0.009344  0.951052  0.007105  0.003164  0.003636  -0.349398  -0.403863  0.250950  2.000000  
122.612101 0.001201  0.090481  -0.030326  0.898925  0.324379  -0.294468  -0.311435  0.945877  0.091236  0.308126  0.009693  0.951296  0.007137  0.003025  0.003937  -0.340462  -0.422735  0.255710  2.000000  
122.613352 0.001209  0.090485  -0.030318  0.899056  0.324438  -0.294006  -0.311688  0.945853  0.090630  0.307490  0.010157  0.951497  0.007165  0.002894  0.004365  -0.335228  -0.439545  0.258171  2.000000  
122.614596 0.001217  0.090488  -0.030309  0.899160  0.324728  -0.293365  -0.312139  0.945749  0.090156  0.306726  0.010506  0.951740  0.007138  0.002760  0.004805  -0.324293  -0.453637  0.269422  2.000000  
122.615601 0.001223  0.090491  -0.030303  0.899315  0.324662  -0.292962  -0.312192  0.945769  0.089760  0.306216  0.010738  0.951901  0.007086  0.002692  0.005110  -0.319222  -0.461873  0.258783  2.000000  
122.616846 0.001229  0.090493  -0.030295  0.899483  0.324759  -0.292340  -0.312458  0.945732  0.089225  0.305452  0.011088  0.952143  0.006992  0.002633  0.005447  -0.312725  -0.475862  0.257026  2.000000  
122.617846 0.001234  0.090495  -0.030289  0.899573  0.324853  -0.291958  -0.312697  0.945695  0.088774  0.304942  0.011436  0.952302  0.006835  0.002591  0.005672  -0.308759  -0.484637  0.257296  2.000000  
122.618854 0.001238  0.090497  -0.030282  0.899701  0.324984  -0.291417  -0.312949  0.945648  0.088395  0.304305  0.011670  0.952503  0.006670  0.002614  0.005880  -0.295144  -0.497518  0.259768  2.000000  
122.620112 0.001244  0.090499  -0.030274  0.899828  0.325080  -0.290916  -0.313201  0.945610  0.087901  0.303668  0.012019  0.952702  0.006427  0.002569  0.006059  -0.289215  -0.506322  0.253486  2.000000  
122.621348 0.001249  0.090502  -0.030266  0.899955  0.325212  -0.290374  -0.313453  0.945562  0.087522  0.303030  0.012253  0.952902  0.006196  0.002535  0.006205  -0.278963  -0.511132  0.251766  2.000000  
122.622356 0.001253  0.090504  -0.030259  0.900109  0.325148  -0.289972  -0.313506  0.945581  0.087125  0.302520  0.012486  0.953061  0.005880  0.002505  0.006294  -0.273371  -0.519713  0.240916  2.000000  
122.623601 0.001258  0.090507  -0.030250  0.900235  0.325245  -0.289470  -0.313758  0.945543  0.086631  0.301882  0.012835  0.953259  0.005563  0.002463  0.006433  -0.271601  -0.524207  0.234662  2.000000  
122.624602 0.001261  0.090509  -0.030243  0.900323  0.325376  -0.289049  -0.313997  0.945494  0.086293  0.301372  0.013069  0.953417  0.005268  0.002403  0.006524  -0.263514  -0.533061  0.234937  2.000000  
122.625852 0.001264  0.090512  -0.030233  0.900513  0.325314  -0.288526  -0.314063  0.945512  0.085854  0.300734  0.013303  0.953615  0.004847  0.002292  0.006689  -0.259792  -0.537643  0.222076  2.000000  
122.627102 0.001267  0.090515  -0.030223  0.900638  0.325413  -0.288024  -0.314315  0.945474  0.085359  0.300096  0.013653  0.953811  0.004389  0.002215  0.006858  -0.253918  -0.542132  0.215855  2.000000  
122.628362 0.001269  0.090516  -0.030214  0.900763  0.325546  -0.287483  -0.314566  0.945424  0.084978  0.299458  0.013887  0.954008  0.003972  0.002098  0.006935  -0.247919  -0.541875  0.209418  2.000000  
122.629599 0.001271  0.090518  -0.030204  0.900951  0.325451  -0.286999  -0.314632  0.945452  0.084424  0.298819  0.014237  0.954203  0.003547  0.002009  0.007063  -0.244227  -0.546615  0.196677  2.000000  
122.630601 0.001271  0.090519  -0.030196  0.901038  0.325618  -0.286539  -0.314870  0.945393  0.084200  0.298309  0.014355  0.954361  0.003173  0.001916  0.007121  -0.238281  -0.546608  0.190245  2.000000  
122.631846 0.001271  0.090520  -0.030187  0.901226  0.325523  -0.286055  -0.314936  0.945420  0.083645  0.297670  0.014706  0.954556  0.002761  0.001820  0.007203  -0.234562  -0.546743  0.182522  2.000000  
122.632846 0.001271  0.090522  -0.030179  0.901311  0.325655  -0.285634  -0.315174  0.945370  0.083306  0.297159  0.014940  0.954711  0.002455  0.001776  0.007296  -0.232661  -0.546656  0.176147  2.000000  
122.633849 0.001270  0.090523  -0.030172  0.901461  0.325594  -0.285231  -0.315227  0.945388  0.082908  0.296648  0.015174  0.954866  0.002127  0.001709  0.007334  -0.230791  -0.546662  0.169800  2.000000  
122.634854 0.001270  0.090524  -0.030165  0.901648  0.325569  -0.284667  -0.315292  0.945395  0.082582  0.296009  0.015293  0.955063  0.001756  0.001668  0.007409  -0.224770  -0.551252  0.158212  2.000000  
122.636100 0.001269  0.090525  -0.030155  0.901770  0.325704  -0.284126  -0.315543  0.945344  0.082201  0.295370  0.015528  0.955257  0.001334  0.001575  0.007481  -0.219015  -0.551246  0.157193  2.000000  
122.637104 0.001268  0.090526  -0.030148  0.901956  0.325680  -0.283562  -0.315608  0.945351  0.081875  0.294731  0.015647  0.955452  0.001077  0.001506  0.007538  -0.212880  -0.555908  0.145500  2.000000  
122.638365 0.001267  0.090527  -0.030138  0.902105  0.325619  -0.283159  -0.315660  0.945368  0.081477  0.294219  0.015881  0.955606  0.000644  0.001365  0.007585  -0.212935  -0.555711  0.132423  2.000000  
122.639600 0.001266  0.090528  -0.030128  0.902189  0.325787  -0.282699  -0.315898  0.945308  0.081251  0.293708  0.016000  0.955761  0.000369  0.001255  0.007676  -0.203278  -0.551408  0.131560  2.000000  
122.640604 0.001265  0.090529  -0.030120  0.902337  0.325761  -0.282255  -0.315950  0.945315  0.080968  0.293196  0.016119  0.955916  0.000060  0.001132  0.007671  -0.198960  -0.551515  0.126146  2.000000  
122.641850 0.001263  0.090529  -0.030109  0.902485  0.325735  -0.281812  -0.316002  0.945322  0.080684  0.292684  0.016237  0.956071  -0.000279  0.000968  0.007711  -0.195057  -0.542707  0.112991  2.000000  
122.643101 0.001261  0.090528  -0.030099  0.902632  0.325709  -0.281368  -0.316053  0.945329  0.080400  0.292173  0.016356  0.956226  -0.000577  0.000805  0.007778  -0.184970  -0.538283  0.106515  2.000000  
122.644102 0.001259  0.090528  -0.030091  0.902678  0.325876  -0.281029  -0.316278  0.945269  0.080216  0.291789  0.016474  0.956341  -0.000748  0.000686  0.007767  -0.183567  -0.534074  0.105762  2.000000  
122.645103 0.001257  0.090527  -0.030083  0.902788  0.325848  -0.280706  -0.316317  0.945277  0.079975  0.291405  0.016592  0.956456  -0.000928  0.000568  0.007801  -0.174858  -0.524698  0.099951  2.000000  
122.646346 0.001255  0.090527  -0.030072  0.902936  0.325788  -0.280302  -0.316368  0.945293  0.079576  0.290893  0.016827  0.956608  -0.001107  0.000428  0.007891  -0.175570  -0.516135  0.092684  2.000000  
122.647351 0.001253  0.090527  -0.030063  0.903082  0.325763  -0.279859  -0.316420  0.945300  0.079292  0.290381  0.016945  0.956761  -0.001165  0.000380  0.008030  -0.173592  -0.516142  0.086229  2.000000  
122.648361 0.001252  0.090527  -0.030054  0.903192  0.325735  -0.279536  -0.316458  0.945307  0.079051  0.289997  0.017064  0.956876  -0.001220  0.000290  0.008096  -0.167613  -0.511854  0.079762  2.000000  
122.649598 0.001250  0.090527  -0.030043  0.903339  0.325710  -0.279092  -0.316509  0.945314  0.078766  0.289484  0.017182  0.957029  -0.001315  0.000222  0.008282  -0.161601  -0.502983  0.073207  2.000000  
122.650600 0.001249  0.090528  -0.030034  0.903448  0.325683  -0.278769  -0.316548  0.945321  0.078525  0.289100  0.017301  0.957143  -0.001301  0.000246  0.008361  -0.160938  -0.498215  0.067166  2.000000  
122.651600 0.001248  0.090529  -0.030024  0.903521  0.325653  -0.278567  -0.316573  0.945329  0.078325  0.288844  0.017418  0.957218  -0.001377  0.000179  0.008471  -0.155610  -0.489704  0.066648  2.000000  
122.652602 0.001247  0.090530  -0.030015  0.903565  0.325855  -0.278188  -0.316798  0.945259  0.078256  0.288460  0.017420  0.957334  -0.001352  0.000181  0.008575  -0.148745  -0.484659  0.067114  2.000000  
122.653851 0.001247  0.090530  -0.030004  0.903711  0.325830  -0.277744  -0.316849  0.945266  0.077971  0.287947  0.017539  0.957486  -0.001352  0.000158  0.008625  -0.143518  -0.480687  0.066663  2.000000  
122.655102 0.001245  0.090531  -0.029993  0.903820  0.325803  -0.277421  -0.316887  0.945273  0.077730  0.287563  0.017657  0.957599  -0.001369  0.000160  0.008707  -0.137497  -0.471903  0.060094  2.000000  
122.656357 0.001243  0.090530  -0.029981  0.903929  0.325809  -0.277058  -0.316925  0.945271  0.077602  0.287178  0.017660  0.957714  -0.001374  0.000115  0.008836  -0.131471  -0.463139  0.053462  2.000000  
122.657600 0.001241  0.090530  -0.029970  0.904037  0.325816  -0.276695  -0.316963  0.945268  0.077475  0.286794  0.017662  0.957830  -0.001391  0.000117  0.008922  -0.120318  -0.453335  0.053760  2.000000  
122.658602 0.001240  0.090530  -0.029960  0.904146  0.325789  -0.276372  -0.317001  0.945275  0.077233  0.286409  0.017780  0.957942  -0.001359  0.000118  0.008985  -0.118286  -0.448928  0.047159  2.000000  
122.659851 0.001238  0.090529  -0.029949  0.904218  0.325794  -0.276130  -0.317027  0.945274  0.077149  0.286153  0.017781  0.958019  -0.001305  0.000144  0.009109  -0.110162  -0.435471  0.046997  2.000000  
122.661096 0.001236  0.090529  -0.029938  0.904291  0.325798  -0.275888  -0.317052  0.945272  0.077064  0.285896  0.017783  0.958096  -0.001307  0.000144  0.009077  -0.103202  -0.423129  0.039960  2.000000  
122.662098 0.001234  0.090529  -0.029928  0.904297  0.325997  -0.275630  -0.317263  0.945203  0.077036  0.285640  0.017784  0.958172  -0.001292  0.000169  0.009174  -0.089837  -0.413084  0.046769  2.000000  
122.663101 0.001233  0.090530  -0.029919  0.904369  0.325968  -0.275428  -0.317289  0.945211  0.076836  0.285383  0.017902  0.958246  -0.001293  0.000193  0.009164  -0.087764  -0.404075  0.040062  2.000000  
122.664103 0.001232  0.090530  -0.029910  0.904405  0.325971  -0.275307  -0.317301  0.945210  0.076794  0.285255  0.017903  0.958284  -0.001283  0.000169  0.009163  -0.083698  -0.390581  0.039856  2.000000  
