1-Time 2-Px 3-Py 4-Pz 5-R11 6-R21 7-R31 8-R12 9-R22 10-R32 11-R13 12-R23 13-R33 14-Vx 15-Vy 16-Vz 17-Wx 18-Wy 19-Wz 20-state 21-PR11 22-PR21 23-PR31 24-PR12 25-PR22 26-PR32 27-PR13 28-PR23 29-PR33 
175.473997 0.002814  0.093158  -0.004971  0.981299  0.192474  -0.002562  -0.192097  0.980055  0.050909  0.012309  -0.049465  0.998700  0.000846  0.001543  -0.001883  0.000000  0.000000  0.000000  2.000000  
175.474998 0.002815  0.093160  -0.004972  0.981299  0.192474  -0.002562  -0.192097  0.980055  0.050909  0.012309  -0.049465  0.998700  0.000883  0.001546  -0.001852  0.000000  0.000000  0.000000  2.000000  
175.476001 0.002816  0.093160  -0.004974  0.981059  0.193691  -0.002606  -0.193308  0.979809  0.051057  0.012443  -0.049586  0.998692  0.000888  0.001448  -0.001875  0.000000  0.000000  0.000000  2.000000  
175.477251 0.002817  0.093160  -0.004977  0.980621  0.195903  -0.002336  -0.195530  0.979363  0.051156  0.012309  -0.049708  0.998688  0.000922  0.001301  -0.001911  0.000000  0.000000  0.000000  2.000000  
175.478254 0.002818  0.093159  -0.004980  0.980380  0.197107  -0.002094  -0.196741  0.979109  0.051370  0.012175  -0.049950  0.998678  0.000969  0.001152  -0.001981  0.000000  0.000000  0.000000  2.000000  
175.479260 0.002820  0.093157  -0.004983  0.980177  0.198115  -0.001993  -0.197750  0.978893  0.051609  0.012175  -0.050192  0.998665  0.000987  0.000933  -0.002017  0.000000  0.000000  0.000000  2.000000  
175.480496 0.002822  0.093157  -0.004985  0.979888  0.199539  -0.002132  -0.199162  0.978591  0.051903  0.012443  -0.050434  0.998650  0.001075  0.000747  -0.002006  0.031061  0.007583  0.208182  2.000000  
175.481497 0.002824  0.093157  -0.004985  0.979512  0.201372  -0.002380  -0.200976  0.978203  0.052224  0.012844  -0.050676  0.998633  0.001153  0.000714  -0.001893  0.040026  0.017909  0.271042  2.000000  
175.482746 0.002826  0.093158  -0.004986  0.978918  0.204232  -0.002940  -0.203796  0.977591  0.052750  0.013647  -0.051039  0.998603  0.001209  0.000632  -0.001790  0.053612  0.039939  0.369209  2.000000  
175.484001 0.002827  0.093159  -0.004988  0.978277  0.207277  -0.003249  -0.206817  0.976937  0.053107  0.014182  -0.051281  0.998584  0.001202  0.000537  -0.001781  0.063293  0.052263  0.480568  2.000000  
175.485001 0.002829  0.093159  -0.004991  0.977759  0.209704  -0.003329  -0.209232  0.976406  0.053407  0.014450  -0.051523  0.998567  0.001241  0.000410  -0.001860  0.076671  0.057017  0.563874  2.000000  
175.486252 0.002833  0.093161  -0.004994  0.977105  0.212733  -0.003347  -0.212250  0.975732  0.053829  0.014717  -0.051886  0.998545  0.001419  0.000407  -0.001937  0.090349  0.060632  0.667928  2.000000  
175.487496 0.002838  0.093164  -0.004994  0.976354  0.216154  -0.003237  -0.215668  0.974967  0.054106  0.014851  -0.052128  0.998530  0.001698  0.000553  -0.001782  0.100281  0.054235  0.792422  2.000000  
175.488497 0.002843  0.093168  -0.004992  0.975726  0.218971  -0.003158  -0.218480  0.974325  0.054380  0.014985  -0.052370  0.998515  0.001946  0.000686  -0.001518  0.109791  0.053695  0.889364  2.000000  
175.489499 0.002848  0.093171  -0.004991  0.975043  0.221993  -0.003197  -0.221492  0.973628  0.054685  0.015252  -0.052612  0.998499  0.002208  0.000774  -0.001323  0.119465  0.057265  0.993366  2.000000  
175.490758 0.002855  0.093173  -0.004993  0.974207  0.225628  -0.003460  -0.225101  0.972779  0.055053  0.015788  -0.052854  0.998477  0.002618  0.000858  -0.001228  0.129570  0.068708  1.118277  2.000000  
175.491997 0.002862  0.093174  -0.004994  0.973450  0.228867  -0.003846  -0.228307  0.972002  0.055570  0.016456  -0.053217  0.998447  0.002983  0.000961  -0.001118  0.143912  0.084951  1.237480  2.000000  
175.493243 0.002870  0.093174  -0.004993  0.972637  0.232296  -0.004087  -0.231710  0.971168  0.056061  0.016992  -0.053580  0.998419  0.003408  0.001049  -0.000882  0.158265  0.092133  1.355638  2.000000  
175.494243 0.002876  0.093172  -0.004993  0.971910  0.235316  -0.004246  -0.234711  0.970428  0.056403  0.017393  -0.053822  0.998399  0.003719  0.001007  -0.000713  0.168226  0.100081  1.460043  2.000000  
175.495248 0.002884  0.093170  -0.004993  0.971173  0.238334  -0.004374  -0.237709  0.969670  0.056864  0.017794  -0.054185  0.998372  0.004123  0.000892  -0.000583  0.182255  0.107877  1.564029  2.000000  
175.496498 0.002896  0.093166  -0.004994  0.970281  0.241942  -0.004335  -0.241305  0.968756  0.057296  0.018062  -0.054548  0.998348  0.004849  0.000593  -0.000589  0.196678  0.109733  1.695821  2.000000  
175.497744 0.002908  0.093161  -0.004997  0.969376  0.245546  -0.004292  -0.244898  0.967829  0.057730  0.018329  -0.054911  0.998323  0.005502  0.000192  -0.000710  0.211067  0.111921  1.821034  2.000000  
175.498746 0.002918  0.093156  -0.004998  0.968763  0.247952  -0.004318  -0.247291  0.967194  0.058158  0.018597  -0.055274  0.998298  0.006174  -0.000189  -0.000681  0.223186  0.110857  1.889367  2.000000  
175.499749 0.002928  0.093149  -0.005001  0.968144  0.250356  -0.004372  -0.249682  0.966561  0.058470  0.018864  -0.055516  0.998280  0.006606  -0.000665  -0.000682  0.234552  0.116072  1.986906  2.000000  
175.501019 0.002941  0.093139  -0.005004  0.967413  0.253164  -0.004499  -0.252470  0.965808  0.058935  0.019266  -0.055878  0.998252  0.007335  -0.001444  -0.000682  0.248664  0.123633  2.090067  2.000000  
175.502253 0.002956  0.093130  -0.005008  0.966624  0.256162  -0.004451  -0.255455  0.964989  0.059485  0.019533  -0.056362  0.998219  0.008019  -0.002360  -0.000915  0.267021  0.126672  2.195319  2.000000  
175.503256 0.002968  0.093121  -0.005011  0.966141  0.257972  -0.004666  -0.257243  0.964493  0.059830  0.019935  -0.056604  0.998198  0.008488  -0.003195  -0.001239  0.276584  0.136551  2.258020  2.000000  
175.504498 0.002982  0.093110  -0.005014  0.965444  0.260569  -0.004669  -0.259826  0.963773  0.060263  0.020202  -0.056967  0.998172  0.008958  -0.004056  -0.001539  0.288680  0.138994  2.339067  2.000000  
175.505760 0.002996  0.093098  -0.005019  0.964794  0.262965  -0.004682  -0.262209  0.963100  0.060694  0.020470  -0.057330  0.998145  0.009489  -0.005089  -0.001754  0.299909  0.142042  2.390430  2.000000  
175.506999 0.003011  0.093086  -0.005024  0.964138  0.265360  -0.004725  -0.264590  0.962429  0.061010  0.020737  -0.057572  0.998126  0.010033  -0.005997  -0.002022  0.304378  0.154761  2.399044  2.000000  
175.508245 0.003026  0.093073  -0.005028  0.963479  0.267745  -0.004638  -0.266971  0.961754  0.061290  0.020871  -0.057814  0.998109  0.010503  -0.006836  -0.002346  0.302586  0.159611  2.421229  2.000000  
175.509261 0.003036  0.093062  -0.005032  0.962927  0.269726  -0.004447  -0.268954  0.961185  0.061533  0.020871  -0.058056  0.998095  0.010809  -0.007541  -0.002676  0.301114  0.158937  2.460080  2.000000  
175.510495 0.003048  0.093047  -0.005038  0.962368  0.271712  -0.004383  -0.270935  0.960611  0.061811  0.021005  -0.058298  0.998078  0.010805  -0.008155  -0.002954  0.303893  0.150948  2.475156  2.000000  
175.511500 0.003057  0.093035  -0.005043  0.961921  0.273295  -0.004248  -0.272519  0.960155  0.061935  0.021005  -0.058419  0.998071  0.010778  -0.008830  -0.003255  0.298440  0.135147  2.466924  2.000000  
175.512747 0.003068  0.093019  -0.005050  0.961409  0.275089  -0.004356  -0.274300  0.959635  0.062132  0.021272  -0.058540  0.998058  0.010613  -0.009561  -0.003634  0.295090  0.118651  2.431508  2.000000  
175.513995 0.003076  0.093003  -0.005058  0.960953  0.276677  -0.004349  -0.275882  0.959171  0.062293  0.021406  -0.058661  0.998048  0.010431  -0.010170  -0.003999  0.288839  0.109869  2.384130  2.000000  
175.515004 0.003082  0.092990  -0.005064  0.960552  0.278067  -0.004354  -0.277266  0.958761  0.062452  0.021540  -0.058781  0.998038  0.010129  -0.010553  -0.004206  0.282660  0.104256  2.347580  2.000000  
175.516247 0.003091  0.092974  -0.005072  0.960034  0.279852  -0.004298  -0.279044  0.958227  0.062730  0.021674  -0.059023  0.998021  0.009782  -0.010901  -0.004463  0.280332  0.103999  2.308229  2.000000  
175.517250 0.003096  0.092960  -0.005080  0.959688  0.281035  -0.004221  -0.280230  0.957881  0.062735  0.021674  -0.059023  0.998021  0.009341  -0.011288  -0.004800  0.271486  0.101926  2.259682  2.000000  
175.518262 0.003100  0.092946  -0.005089  0.959344  0.282211  -0.003981  -0.281416  0.957528  0.062819  0.021540  -0.059145  0.998017  0.008782  -0.011704  -0.005273  0.268034  0.097973  2.194087  2.000000  
175.519497 0.003104  0.092927  -0.005101  0.958879  0.283788  -0.003877  -0.282995  0.957061  0.062825  0.021540  -0.059145  0.998017  0.008137  -0.012197  -0.005793  0.257283  0.090734  2.128633  2.000000  
175.520506 0.003106  0.092911  -0.005113  0.958532  0.284962  -0.003637  -0.284180  0.956705  0.062908  0.021406  -0.059266  0.998013  0.007454  -0.012657  -0.006381  0.254261  0.073322  2.062383  2.000000  
175.521748 0.003108  0.092893  -0.005126  0.958060  0.286545  -0.003662  -0.285758  0.956232  0.062952  0.021540  -0.059266  0.998010  0.006690  -0.013032  -0.006909  0.240037  0.060913  2.010082  2.000000  
175.522997 0.003111  0.092876  -0.005140  0.957647  0.287923  -0.003571  -0.287138  0.955818  0.062957  0.021540  -0.059266  0.998010  0.005771  -0.013344  -0.007573  0.228738  0.043685  1.935595  2.000000  
175.524001 0.003112  0.092863  -0.005151  0.957348  0.288914  -0.003669  -0.288123  0.955526  0.062884  0.021674  -0.059144  0.998014  0.005135  -0.013455  -0.008079  0.215659  0.038498  1.865831  2.000000  
175.525255 0.003112  0.092847  -0.005166  0.956994  0.290086  -0.003463  -0.289306  0.955171  0.062850  0.021540  -0.059145  0.998017  0.004328  -0.013531  -0.008697  0.197979  0.024806  1.781950  2.000000  
175.526506 0.003112  0.092831  -0.005181  0.956519  0.291651  -0.003267  -0.290883  0.954702  0.062700  0.021406  -0.059024  0.998027  0.003522  -0.013646  -0.009284  0.180266  0.015452  1.704922  2.000000  
175.527509 0.003112  0.092818  -0.005194  0.956102  0.293019  -0.003085  -0.292262  0.954291  0.062550  0.021272  -0.058903  0.998037  0.002978  -0.013640  -0.009765  0.167180  0.004643  1.655637  2.000000  
175.528754 0.003110  0.092802  -0.005210  0.955622  0.294582  -0.002854  -0.293837  0.953809  0.062516  0.021139  -0.058903  0.998040  0.002309  -0.013574  -0.010274  0.154130  -0.006355  1.606772  2.000000  
175.529756 0.003109  0.092791  -0.005223  0.955261  0.295753  -0.002685  -0.295018  0.953454  0.062365  0.021005  -0.058782  0.998050  0.001823  -0.013481  -0.010776  0.137245  -0.018032  1.571421  2.000000  
175.531001 0.003108  0.092778  -0.005240  0.954835  0.297126  -0.002632  -0.296394  0.953035  0.062253  0.021005  -0.058661  0.998057  0.001209  -0.013271  -0.011349  0.123730  -0.029392  1.524903  2.000000  
175.532251 0.003109  0.092767  -0.005256  0.954407  0.298499  -0.002578  -0.297770  0.952613  0.062141  0.021005  -0.058540  0.998064  0.000808  -0.012876  -0.011787  0.102539  -0.035402  1.468736  2.000000  
175.533253 0.003110  0.092759  -0.005269  0.954038  0.299675  -0.002538  -0.298949  0.952251  0.062029  0.021005  -0.058419  0.998071  0.000640  -0.012501  -0.011971  0.090285  -0.047663  1.447423  2.000000  
175.534269 0.003111  0.092750  -0.005283  0.953609  0.301039  -0.002357  -0.300324  0.951828  0.061877  0.020871  -0.058298  0.998081  0.000454  -0.011984  -0.012289  0.073920  -0.059267  1.416170  2.000000  
175.535500 0.003113  0.092740  -0.005301  0.953178  0.302403  -0.002178  -0.301699  0.951403  0.061724  0.020737  -0.058177  0.998091  0.000450  -0.011427  -0.012522  0.057071  -0.070977  1.382396  2.000000  
175.536510 0.003115  0.092733  -0.005315  0.952810  0.303563  -0.001847  -0.302878  0.951034  0.061646  0.020470  -0.058177  0.998096  0.000464  -0.010845  -0.012799  0.048454  -0.087845  1.359672  2.000000  
175.537765 0.003120  0.092724  -0.005333  0.952375  0.304926  -0.001668  -0.304251  0.950605  0.061493  0.020336  -0.058057  0.998106  0.000628  -0.010265  -0.013072  0.035274  -0.089983  1.317569  2.000000  
175.538998 0.003126  0.092716  -0.005350  0.951938  0.306287  -0.001526  -0.305624  0.950182  0.061224  0.020202  -0.057815  0.998123  0.000954  -0.009812  -0.013268  0.018551  -0.097405  1.293304  2.000000  
175.540000 0.003132  0.092710  -0.005365  0.951625  0.307258  -0.001373  -0.306605  0.949876  0.061069  0.020068  -0.057694  0.998133  0.001378  -0.009291  -0.013464  0.009615  -0.100303  1.262410  2.000000  
175.541001 0.003139  0.092704  -0.005379  0.951246  0.308431  -0.001335  -0.307780  0.949503  0.060955  0.020068  -0.057573  0.998140  0.001844  -0.008877  -0.013591  0.001262  -0.103987  1.248288  2.000000  
175.542250 0.003150  0.092698  -0.005398  0.950868  0.309596  -0.001171  -0.308956  0.949131  0.060801  0.019935  -0.057452  0.998149  0.002537  -0.008220  -0.013806  -0.011309  -0.116304  1.226538  2.000000  
175.543255 0.003158  0.092692  -0.005413  0.950549  0.310573  -0.001146  -0.309934  0.948819  0.060687  0.019935  -0.057331  0.998156  0.003145  -0.007727  -0.013976  -0.019662  -0.119975  1.212314  2.000000  
175.544256 0.003168  0.092688  -0.005428  0.950232  0.311542  -0.000956  -0.310913  0.948501  0.060646  0.019801  -0.057331  0.998159  0.003891  -0.007228  -0.014122  -0.024023  -0.128215  1.197920  2.000000  
175.545510 0.003182  0.092682  -0.005448  0.949850  0.312706  -0.000792  -0.312088  0.948126  0.060491  0.019667  -0.057210  0.998168  0.004880  -0.006701  -0.014295  -0.032610  -0.136019  1.176978  2.000000  
175.546750 0.003196  0.092677  -0.005466  0.949468  0.313862  -0.000502  -0.313262  0.947751  0.060293  0.019400  -0.057089  0.998181  0.005822  -0.006294  -0.014449  -0.041211  -0.144213  1.162808  2.000000  
175.547753 0.003209  0.092674  -0.005481  0.949213  0.314635  -0.000326  -0.314045  0.947494  0.060252  0.019266  -0.057089  0.998183  0.006769  -0.005838  -0.014593  -0.045644  -0.147953  1.148602  2.000000  
175.548764 0.003222  0.092671  -0.005495  0.948954  0.315415  -0.000314  -0.314826  0.947242  0.060137  0.019266  -0.056968  0.998190  0.007533  -0.005510  -0.014647  -0.050078  -0.142585  1.135008  2.000000  
175.549996 0.003237  0.092667  -0.005514  0.948697  0.316188  -0.000176  -0.315609  0.946992  0.059980  0.019132  -0.056847  0.998200  0.008386  -0.005079  -0.014715  -0.058202  -0.140666  1.112374  2.000000  
175.550999 0.003251  0.092666  -0.005530  0.948504  0.316766  -0.000013  -0.316195  0.946799  0.059938  0.018998  -0.056847  0.998202  0.009157  -0.004689  -0.014780  -0.058691  -0.143919  1.091529  2.000000  
175.552001 0.003264  0.092664  -0.005546  0.948243  0.317545  0.000037  -0.316976  0.946538  0.059938  0.018998  -0.056847  0.998202  0.009819  -0.004354  -0.014882  -0.059693  -0.148065  1.073189  2.000000  
175.553006 0.003278  0.092663  -0.005561  0.948050  0.318122  0.000162  -0.317563  0.946351  0.059781  0.018864  -0.056726  0.998212  0.010467  -0.003974  -0.015005  -0.064065  -0.151548  1.058126  2.000000  
175.554272 0.003296  0.092662  -0.005581  0.947856  0.318700  0.000325  -0.318149  0.946157  0.059738  0.018731  -0.056727  0.998214  0.011219  -0.003497  -0.015143  -0.060375  -0.159168  1.036315  2.000000  
175.555511 0.003314  0.092662  -0.005601  0.947661  0.319277  0.000450  -0.318735  0.945969  0.059581  0.018597  -0.056606  0.998223  0.011922  -0.002951  -0.015267  -0.061117  -0.157565  1.009506  2.000000  
175.556761 0.003331  0.092663  -0.005620  0.947467  0.319854  0.000613  -0.319321  0.945774  0.059538  0.018463  -0.056606  0.998226  0.012376  -0.002494  -0.015326  -0.061940  -0.155560  0.974941  2.000000  
175.557764 0.003345  0.092663  -0.005637  0.947335  0.320243  0.000599  -0.319711  0.945650  0.059423  0.018463  -0.056485  0.998233  0.012811  -0.002080  -0.015433  -0.062665  -0.148887  0.940251  2.000000  
175.559004 0.003362  0.092663  -0.005657  0.947140  0.320820  0.000723  -0.320297  0.945462  0.059265  0.018329  -0.056364  0.998242  0.013142  -0.001671  -0.015515  -0.063586  -0.142411  0.906744  2.000000  
175.560009 0.003375  0.092664  -0.005673  0.947074  0.321015  0.000736  -0.320492  0.945395  0.059265  0.018329  -0.056364  0.998242  0.013288  -0.001380  -0.015543  -0.064257  -0.140395  0.872058  2.000000  
175.561013 0.003387  0.092663  -0.005689  0.946942  0.321404  0.000760  -0.320882  0.945263  0.059264  0.018329  -0.056364  0.998242  0.013370  -0.001048  -0.015615  -0.060587  -0.139147  0.851333  2.000000  
175.562274 0.003402  0.092663  -0.005709  0.946812  0.321786  0.000911  -0.321273  0.945133  0.059221  0.018196  -0.056364  0.998244  0.013259  -0.000772  -0.015720  -0.057350  -0.141122  0.809191  2.000000  
175.563499 0.003416  0.092663  -0.005729  0.946680  0.322175  0.000935  -0.321662  0.945001  0.059221  0.018196  -0.056364  0.998244  0.013137  -0.000558  -0.015842  -0.053472  -0.134000  0.776062  2.000000  
175.564500 0.003426  0.092663  -0.005745  0.946613  0.322370  0.000947  -0.321857  0.944934  0.059221  0.018196  -0.056364  0.998244  0.012968  -0.000401  -0.015890  -0.050092  -0.131970  0.741723  2.000000  
175.565508 0.003435  0.092662  -0.005761  0.946481  0.322759  0.000972  -0.322247  0.944801  0.059220  0.018196  -0.056364  0.998244  0.012719  -0.000247  -0.015920  -0.047342  -0.121674  0.707027  2.000000  
175.566757 0.003445  0.092662  -0.005781  0.946414  0.322953  0.000984  -0.322442  0.944735  0.059220  0.018196  -0.056364  0.998244  0.012272  -0.000137  -0.015948  -0.043959  -0.115102  0.672409  2.000000  
175.568000 0.003455  0.092662  -0.005801  0.946282  0.323342  0.001008  -0.322831  0.944602  0.059220  0.018196  -0.056364  0.998244  0.011796  -0.000075  -0.015982  -0.040190  -0.103688  0.640283  2.000000  
175.569001 0.003462  0.092662  -0.005817  0.946282  0.323342  0.001008  -0.322831  0.944602  0.059220  0.018196  -0.056364  0.998244  0.011276  0.000008  -0.016020  -0.037434  -0.097300  0.597784  2.000000  
175.570007 0.003468  0.092662  -0.005833  0.946215  0.323537  0.001060  -0.323026  0.944528  0.059334  0.018196  -0.056485  0.998238  0.010769  0.000019  -0.016025  -0.029919  -0.095269  0.562902  2.000000  
175.571247 0.003474  0.092662  -0.005853  0.946082  0.323925  0.001084  -0.323416  0.944395  0.059333  0.018196  -0.056485  0.998238  0.009990  0.000003  -0.016044  -0.026026  -0.093287  0.537776  2.000000  
175.572259 0.003479  0.092664  -0.005869  0.946015  0.324120  0.001097  -0.323611  0.944328  0.059333  0.018196  -0.056485  0.998238  0.009369  0.000060  -0.016059  -0.022988  -0.087156  0.500961  2.000000  
175.573501 0.003484  0.092665  -0.005889  0.946015  0.324120  0.001136  -0.323611  0.944321  0.059448  0.018196  -0.056606  0.998231  0.008573  0.000123  -0.016002  -0.015269  -0.080438  0.469786  2.000000  
175.574501 0.003487  0.092666  -0.005904  0.945949  0.324314  0.001148  -0.323805  0.944254  0.059448  0.018196  -0.056606  0.998231  0.007907  0.000138  -0.015963  -0.011743  -0.078825  0.442256  2.000000  
175.575759 0.003491  0.092666  -0.005923  0.945949  0.324314  0.001148  -0.323805  0.944254  0.059448  0.018196  -0.056606  0.998231  0.007044  0.000183  -0.015883  -0.012581  -0.067582  0.401697  2.000000  
175.576999 0.003495  0.092666  -0.005941  0.945882  0.324509  0.001160  -0.324000  0.944187  0.059447  0.018196  -0.056606  0.998231  0.006294  0.000186  -0.015753  -0.009210  -0.061161  0.367743  2.000000  
175.577999 0.003497  0.092666  -0.005955  0.945882  0.324509  0.001160  -0.324000  0.944187  0.059447  0.018196  -0.056606  0.998231  0.005775  0.000164  -0.015567  -0.005703  -0.055107  0.340479  2.000000  
175.579049 0.003499  0.092665  -0.005969  0.945882  0.324508  0.001200  -0.324000  0.944180  0.059562  0.018196  -0.056727  0.998224  0.005123  0.000147  -0.015375  -0.002210  -0.049463  0.315557  2.000000  
175.580247 0.003502  0.092664  -0.005985  0.945882  0.324508  0.001239  -0.324000  0.944173  0.059676  0.018196  -0.056848  0.998217  0.004583  0.000110  -0.015195  0.005379  -0.047554  0.285929  2.000000  
175.581247 0.003504  0.092664  -0.005998  0.945882  0.324508  0.001239  -0.324000  0.944173  0.059676  0.018196  -0.056848  0.998217  0.004179  0.000100  -0.015019  0.004980  -0.041957  0.265802  2.000000  
175.582254 0.003506  0.092663  -0.006009  0.945882  0.324508  0.001278  -0.324000  0.944166  0.059791  0.018196  -0.056969  0.998210  0.003665  0.000055  -0.014660  0.012555  -0.040375  0.238259  2.000000  
175.583507 0.003509  0.092662  -0.006023  0.945880  0.324515  0.001191  -0.323999  0.944156  0.059949  0.018329  -0.057090  0.998201  0.003266  -0.000030  -0.014249  0.016214  -0.025691  0.213469  2.000000  
175.584769 0.003512  0.092661  -0.006036  0.945946  0.324321  0.001218  -0.323805  0.944216  0.060063  0.018329  -0.057211  0.998194  0.002960  -0.000077  -0.013718  0.023826  -0.019605  0.185919  2.000000  
175.586003 0.003514  0.092660  -0.006048  0.945949  0.324313  0.001384  -0.323805  0.944211  0.060135  0.018196  -0.057333  0.998189  0.002744  -0.000197  -0.013269  0.027423  -0.023138  0.170535  2.000000  
175.587261 0.003517  0.092658  -0.006060  0.946015  0.324119  0.001411  -0.323611  0.944270  0.060250  0.018196  -0.057454  0.998182  0.002507  -0.000408  -0.012643  0.000000  0.000000  0.000000  2.000000  
175.588504 0.003520  0.092657  -0.006070  0.946082  0.323924  0.001438  -0.323416  0.944330  0.060364  0.018196  -0.057575  0.998175  0.002395  -0.000513  -0.012013  0.000000  0.000000  0.000000  2.000000  
175.589754 0.003523  0.092656  -0.006080  0.946149  0.323729  0.001504  -0.323221  0.944382  0.060594  0.018196  -0.057817  0.998161  0.002307  -0.000637  -0.011479  0.000000  0.000000  0.000000  2.000000  
175.591014 0.003527  0.092656  -0.006090  0.946215  0.323535  0.001531  -0.323026  0.944441  0.060709  0.018196  -0.057938  0.998154  0.002317  -0.000677  -0.010794  0.000000  0.000000  0.000000  2.000000  
175.592259 0.003532  0.092657  -0.006098  0.946282  0.323340  0.001558  -0.322831  0.944500  0.060824  0.018196  -0.058059  0.998147  0.002430  -0.000609  -0.010176  0.000000  0.000000  0.000000  2.000000  
175.593501 0.003536  0.092657  -0.006106  0.946348  0.323145  0.001584  -0.322637  0.944559  0.060938  0.018196  -0.058180  0.998140  0.002502  -0.000566  -0.009556  0.000000  0.000000  0.000000  2.000000  
175.594756 0.003540  0.092658  -0.006113  0.946414  0.322951  0.001611  -0.322442  0.944618  0.061053  0.018196  -0.058301  0.998133  0.002635  -0.000468  -0.008888  0.000000  0.000000  0.000000  2.000000  
175.596015 0.003544  0.092657  -0.006120  0.946547  0.322562  0.001625  -0.322052  0.944744  0.061169  0.018196  -0.058422  0.998126  0.002752  -0.000423  -0.008248  0.000000  0.000000  0.000000  2.000000  
175.597252 0.003550  0.092659  -0.006125  0.946613  0.322367  0.001651  -0.321857  0.944803  0.061283  0.018196  -0.058543  0.998119  0.002955  -0.000275  -0.007729  0.000000  0.000000  0.000000  2.000000  
175.598512 0.003555  0.092660  -0.006130  0.946680  0.322172  0.001717  -0.321662  0.944854  0.061513  0.018196  -0.058785  0.998105  0.003113  -0.000131  -0.007010  0.000000  0.000000  0.000000  2.000000  
175.599759 0.003559  0.092660  -0.006135  0.946746  0.321977  0.001743  -0.321467  0.944913  0.061628  0.018196  -0.058906  0.998098  0.003188  -0.000062  -0.006661  0.000000  0.000000  0.000000  2.000000  
175.600761 0.003563  0.092660  -0.006140  0.946810  0.321790  0.001643  -0.321272  0.944969  0.061786  0.018329  -0.059027  0.998088  0.003306  0.000024  -0.006190  0.000000  0.000000  0.000000  2.000000  
175.601765 0.003567  0.092661  -0.006143  0.946876  0.321595  0.001669  -0.321077  0.945028  0.061901  0.018329  -0.059148  0.998081  0.003413  0.000163  -0.005810  0.000000  0.000000  0.000000  2.000000  
175.603012 0.003571  0.092661  -0.006148  0.946942  0.321400  0.001735  -0.320882  0.945079  0.062130  0.018329  -0.059391  0.998067  0.003489  0.000255  -0.005414  0.000000  0.000000  0.000000  2.000000  
175.604012 0.003574  0.092662  -0.006153  0.947008  0.321206  0.001761  -0.320687  0.945138  0.062245  0.018329  -0.059512  0.998059  0.003535  0.000383  -0.005133  0.000000  0.000000  0.000000  2.000000  
175.605256 0.003577  0.092663  -0.006157  0.947072  0.321018  0.001660  -0.320491  0.945194  0.062403  0.018463  -0.059633  0.998050  0.003523  0.000447  -0.004846  0.000000  0.000000  0.000000  2.000000  
175.606500 0.003581  0.092663  -0.006161  0.947138  0.320823  0.001725  -0.320296  0.945245  0.062633  0.018463  -0.059875  0.998035  0.003468  0.000454  -0.004541  0.000000  0.000000  0.000000  2.000000  
175.607501 0.003584  0.092664  -0.006165  0.947201  0.320636  0.001625  -0.320100  0.945301  0.062791  0.018597  -0.059996  0.998025  0.003424  0.000488  -0.004346  0.000000  0.000000  0.000000  2.000000  
175.608749 0.003587  0.092666  -0.006169  0.947267  0.320441  0.001651  -0.319905  0.945359  0.062906  0.018597  -0.060117  0.998018  0.003330  0.000565  -0.004141  0.000000  0.000000  0.000000  2.000000  
175.609761 0.003589  0.092667  -0.006174  0.947265  0.320448  0.001602  -0.319905  0.945341  0.063178  0.018731  -0.060359  0.998001  0.003271  0.000667  -0.004001  0.000000  0.000000  0.000000  2.000000  
175.611001 0.003592  0.092669  -0.006177  0.947328  0.320261  0.001501  -0.319709  0.945397  0.063335  0.018864  -0.060479  0.997991  0.003188  0.000761  -0.003848  0.000000  0.000000  0.000000  2.000000  
175.612265 0.003595  0.092670  -0.006182  0.947394  0.320067  0.001527  -0.319514  0.945455  0.063450  0.018864  -0.060601  0.997984  0.002988  0.000761  -0.003745  0.000000  0.000000  0.000000  2.000000  
175.613513 0.003598  0.092671  -0.006186  0.947391  0.320074  0.001478  -0.319513  0.945437  0.063723  0.018998  -0.060842  0.997967  0.002872  0.000763  -0.003703  0.000000  0.000000  0.000000  2.000000  
175.614748 0.003601  0.092672  -0.006189  0.947455  0.319887  0.001377  -0.319317  0.945492  0.063880  0.019132  -0.060963  0.997957  0.002765  0.000754  -0.003610  0.000000  0.000000  0.000000  2.000000  
175.615759 0.003603  0.092672  -0.006192  0.947455  0.319887  0.001416  -0.319317  0.945485  0.063995  0.019132  -0.061084  0.997949  0.002667  0.000785  -0.003513  0.000000  0.000000  0.000000  2.000000  
175.616760 0.003605  0.092673  -0.006195  0.947518  0.319700  0.001315  -0.319121  0.945540  0.064152  0.019266  -0.061205  0.997939  0.002562  0.000765  -0.003463  0.000000  0.000000  0.000000  2.000000  
175.617998 0.003608  0.092673  -0.006198  0.947516  0.319707  0.001228  -0.319120  0.945530  0.064310  0.019400  -0.061326  0.997929  0.002513  0.000779  -0.003332  0.000000  0.000000  0.000000  2.000000  
175.619001 0.003611  0.092673  -0.006201  0.947579  0.319520  0.001127  -0.318924  0.945585  0.064467  0.019533  -0.061447  0.997919  0.002451  0.000739  -0.003240  0.000000  0.000000  0.000000  2.000000  
175.620253 0.003613  0.092673  -0.006204  0.947576  0.319528  0.001039  -0.318924  0.945575  0.064625  0.019667  -0.061568  0.997909  0.002397  0.000676  -0.003138  0.000000  0.000000  0.000000  2.000000  
175.621254 0.003616  0.092673  -0.006207  0.947576  0.319528  0.001116  -0.318924  0.945559  0.064854  0.019667  -0.061810  0.997894  0.002392  0.000657  -0.003095  0.000000  0.000000  0.000000  2.000000  
175.622269 0.003618  0.092673  -0.006210  0.947639  0.319341  0.001015  -0.318728  0.945614  0.065011  0.019801  -0.061931  0.997884  0.002353  0.000553  -0.003051  0.000000  0.000000  0.000000  2.000000  
175.623498 0.003621  0.092672  -0.006214  0.947637  0.319348  0.000927  -0.318727  0.945604  0.065169  0.019935  -0.062052  0.997874  0.002373  0.000447  -0.003032  0.000000  0.000000  0.000000  2.000000  
175.624502 0.003624  0.092672  -0.006218  0.947700  0.319161  0.000826  -0.318531  0.945659  0.065326  0.020068  -0.062173  0.997864  0.002383  0.000365  -0.003008  0.000000  0.000000  0.000000  2.000000  
175.625762 0.003627  0.092672  -0.006222  0.947697  0.319169  0.000738  -0.318530  0.945648  0.065483  0.020202  -0.062294  0.997853  0.002362  0.000215  -0.003038  0.000000  0.000000  0.000000  2.000000  
175.627010 0.003630  0.092671  -0.006227  0.947760  0.318982  0.000637  -0.318334  0.945703  0.065641  0.020336  -0.062414  0.997843  0.002387  0.000069  -0.003046  0.000000  0.000000  0.000000  2.000000  
175.628254 0.003634  0.092671  -0.006231  0.947758  0.318990  0.000549  -0.318333  0.945693  0.065798  0.020470  -0.062535  0.997833  0.002408  -0.000010  -0.003065  0.000000  0.000000  0.000000  2.000000  
175.629264 0.003636  0.092670  -0.006235  0.947755  0.318998  0.000461  -0.318332  0.945682  0.065955  0.020604  -0.062656  0.997822  0.002388  -0.000107  -0.003100  0.000000  0.000000  0.000000  2.000000  
175.630503 0.003639  0.092669  -0.006240  0.947818  0.318811  0.000321  -0.318136  0.945745  0.065998  0.020737  -0.062656  0.997820  0.002417  -0.000164  -0.003166  0.000000  0.000000  0.000000  2.000000  
175.631751 0.003642  0.092669  -0.006244  0.947881  0.318625  0.000219  -0.317940  0.945800  0.066155  0.020871  -0.062777  0.997809  0.002429  -0.000243  -0.003235  0.000000  0.000000  0.000000  2.000000  
175.632753 0.003644  0.092667  -0.006247  0.947878  0.318632  0.000132  -0.317939  0.945789  0.066312  0.021005  -0.062898  0.997799  0.002396  -0.000344  -0.003287  0.000000  0.000000  0.000000  2.000000  
175.634000 0.003646  0.092667  -0.006252  0.947876  0.318640  0.000005  -0.317939  0.945787  0.066355  0.021139  -0.062898  0.997796  0.002369  -0.000427  -0.003383  0.000000  0.000000  0.000000  2.000000  
175.635012 0.003648  0.092666  -0.006255  0.947938  0.318454  -0.000097  -0.317742  0.945841  0.066512  0.021272  -0.063018  0.997786  0.002376  -0.000461  -0.003458  0.000000  0.000000  0.000000  2.000000  
175.636260 0.003651  0.092665  -0.006260  0.947936  0.318462  -0.000223  -0.317742  0.945839  0.066554  0.021406  -0.063018  0.997783  0.002336  -0.000541  -0.003522  0.000000  0.000000  0.000000  2.000000  
175.637261 0.003653  0.092665  -0.006263  0.947996  0.318283  -0.000490  -0.317545  0.945899  0.066639  0.021674  -0.063018  0.997777  0.002325  -0.000539  -0.003535  0.000000  0.000000  0.000000  2.000000  
175.638512 0.003655  0.092664  -0.006268  0.947993  0.318291  -0.000578  -0.317544  0.945888  0.066796  0.021807  -0.063139  0.997766  0.002237  -0.000599  -0.003593  0.000000  0.000000  0.000000  2.000000  
175.639522 0.003657  0.092663  -0.006272  0.948055  0.318104  -0.000718  -0.317348  0.945951  0.066838  0.021941  -0.063138  0.997764  0.002184  -0.000599  -0.003587  0.000000  0.000000  0.000000  2.000000  
175.640751 0.003659  0.092663  -0.006277  0.948050  0.318120  -0.000972  -0.317346  0.945946  0.066923  0.022209  -0.063138  0.997758  0.002109  -0.000627  -0.003650  0.000000  0.000000  0.000000  2.000000  
175.641758 0.003660  0.092662  -0.006280  0.948047  0.318128  -0.001098  -0.317345  0.945943  0.066966  0.022343  -0.063138  0.997755  0.002014  -0.000651  -0.003630  0.000000  0.000000  0.000000  2.000000  
175.642765 0.003662  0.092661  -0.006285  0.948109  0.317942  -0.001239  -0.317149  0.946006  0.067008  0.022476  -0.063138  0.997752  0.001944  -0.000663  -0.003681  0.000000  0.000000  0.000000  2.000000  
175.643999 0.003663  0.092661  -0.006290  0.948107  0.317950  -0.001365  -0.317148  0.946003  0.067050  0.022610  -0.063138  0.997749  0.001855  -0.000643  -0.003758  0.000000  0.000000  0.000000  2.000000  
175.645013 0.003664  0.092660  -0.006295  0.948169  0.317763  -0.001506  -0.316951  0.946066  0.067092  0.022744  -0.063137  0.997746  0.001770  -0.000652  -0.003778  0.000000  0.000000  0.000000  2.000000  
175.646256 0.003665  0.092659  -0.006301  0.948163  0.317779  -0.001759  -0.316950  0.946060  0.067177  0.023011  -0.063137  0.997740  0.001659  -0.000644  -0.003912  0.000000  0.000000  0.000000  2.000000  
175.647503 0.003667  0.092658  -0.006307  0.948160  0.317787  -0.001924  -0.316949  0.946066  0.067104  0.023145  -0.063016  0.997744  0.001587  -0.000632  -0.004018  0.000000  0.000000  0.000000  2.000000  
175.648751 0.003668  0.092657  -0.006313  0.948223  0.317600  -0.002064  -0.316752  0.946129  0.067146  0.023279  -0.063016  0.997741  0.001498  -0.000646  -0.004174  0.000000  0.000000  0.000000  2.000000  
175.649786 0.003669  0.092657  -0.006318  0.948217  0.317616  -0.002318  -0.316750  0.946123  0.067231  0.023546  -0.063015  0.997735  0.001423  -0.000637  -0.004273  0.000000  0.000000  0.000000  2.000000  
175.651014 0.003671  0.092655  -0.006325  0.948279  0.317429  -0.002458  -0.316554  0.946186  0.067273  0.023680  -0.063015  0.997732  0.001335  -0.000656  -0.004437  0.000000  0.000000  0.000000  2.000000  
175.652264 0.003672  0.092655  -0.006331  0.948276  0.317437  -0.002585  -0.316553  0.946183  0.067315  0.023814  -0.063015  0.997728  0.001283  -0.000670  -0.004562  0.000000  0.000000  0.000000  2.000000  
175.653510 0.003674  0.092654  -0.006338  0.948270  0.317453  -0.002877  -0.316551  0.946186  0.067285  0.024081  -0.062893  0.997730  0.001275  -0.000676  -0.004655  0.000000  0.000000  0.000000  2.000000  
175.654751 0.003676  0.092652  -0.006344  0.948332  0.317266  -0.003017  -0.316355  0.946249  0.067326  0.024215  -0.062893  0.997726  0.001270  -0.000709  -0.004741  0.000000  0.000000  0.000000  2.000000  
175.656003 0.003678  0.092652  -0.006350  0.948326  0.317282  -0.003309  -0.316353  0.946252  0.067296  0.024483  -0.062772  0.997728  0.001309  -0.000719  -0.004844  0.000000  0.000000  0.000000  2.000000  
175.657252 0.003681  0.092651  -0.006357  0.948323  0.317289  -0.003435  -0.316352  0.946249  0.067338  0.024616  -0.062771  0.997724  0.001296  -0.000729  -0.004942  0.000000  0.000000  0.000000  2.000000  
175.658264 0.003682  0.092650  -0.006362  0.948316  0.317305  -0.003727  -0.316350  0.946252  0.067308  0.024884  -0.062650  0.997725  0.001324  -0.000764  -0.005008  0.000000  0.000000  0.000000  2.000000  
175.659497 0.003685  0.092650  -0.006368  0.948313  0.317313  -0.003854  -0.316349  0.946249  0.067350  0.025018  -0.062650  0.997722  0.001427  -0.000715  -0.005058  0.000000  0.000000  0.000000  2.000000  
175.660507 0.003687  0.092649  -0.006374  0.948375  0.317126  -0.004033  -0.316152  0.946320  0.067277  0.025151  -0.062529  0.997726  0.001451  -0.000727  -0.005144  0.000000  0.000000  0.000000  2.000000  
175.661513 0.003689  0.092648  -0.006380  0.948372  0.317134  -0.004159  -0.316151  0.946317  0.067319  0.025285  -0.062528  0.997723  0.001514  -0.000729  -0.005179  0.000000  0.000000  0.000000  2.000000  
175.662759 0.003692  0.092648  -0.006387  0.948365  0.317149  -0.004451  -0.316149  0.946320  0.067289  0.025553  -0.062407  0.997724  0.001663  -0.000685  -0.005246  0.000000  0.000000  0.000000  2.000000  
175.664001 0.003694  0.092647  -0.006394  0.948362  0.317156  -0.004616  -0.316148  0.946326  0.067216  0.025687  -0.062286  0.997728  0.001720  -0.000660  -0.005279  0.000000  0.000000  0.000000  2.000000  
175.665253 0.003697  0.092646  -0.006401  0.948359  0.317164  -0.004781  -0.316147  0.946331  0.067143  0.025820  -0.062164  0.997732  0.001827  -0.000640  -0.005336  0.000000  0.000000  0.000000  2.000000  
175.666262 0.003700  0.092646  -0.006407  0.948356  0.317171  -0.004908  -0.316146  0.946329  0.067186  0.025954  -0.062164  0.997728  0.001928  -0.000620  -0.005380  0.000000  0.000000  0.000000  2.000000  
175.667501 0.003703  0.092646  -0.006415  0.948349  0.317187  -0.005200  -0.316144  0.946332  0.067155  0.026222  -0.062043  0.997729  0.001979  -0.000576  -0.005442  0.000000  0.000000  0.000000  2.000000  
175.668510 0.003705  0.092645  -0.006421  0.948346  0.317194  -0.005326  -0.316143  0.946329  0.067198  0.026355  -0.062043  0.997725  0.002059  -0.000562  -0.005553  0.000000  0.000000  0.000000  2.000000  
175.669754 0.003708  0.092644  -0.006429  0.948342  0.317202  -0.005492  -0.316141  0.946334  0.067125  0.026489  -0.061921  0.997729  0.002117  -0.000521  -0.005640  0.000000  0.000000  0.000000  2.000000  
175.670762 0.003710  0.092644  -0.006435  0.948339  0.317210  -0.005618  -0.316140  0.946332  0.067167  0.026623  -0.061921  0.997726  0.002166  -0.000534  -0.005771  0.000000  0.000000  0.000000  2.000000  
175.672006 0.003713  0.092643  -0.006443  0.948335  0.317217  -0.005783  -0.316139  0.946337  0.067095  0.026757  -0.061800  0.997730  0.002223  -0.000514  -0.005822  0.000000  0.000000  0.000000  2.000000  
175.673261 0.003716  0.092642  -0.006451  0.948329  0.317232  -0.006037  -0.316137  0.946332  0.067179  0.027024  -0.061799  0.997723  0.002263  -0.000525  -0.005929  0.000000  0.000000  0.000000  2.000000  
175.674502 0.003719  0.092642  -0.006458  0.948325  0.317239  -0.006202  -0.316136  0.946338  0.067107  0.027158  -0.061678  0.997727  0.002318  -0.000503  -0.005975  0.000000  0.000000  0.000000  2.000000  
175.675510 0.003722  0.092641  -0.006465  0.948322  0.317247  -0.006367  -0.316135  0.946343  0.067034  0.027292  -0.061557  0.997730  0.002343  -0.000510  -0.006043  0.000000  0.000000  0.000000  2.000000  
175.676512 0.003724  0.092641  -0.006471  0.948253  0.317449  -0.006480  -0.316329  0.946275  0.067078  0.027425  -0.061557  0.997727  0.002378  -0.000465  -0.006068  0.000000  0.000000  0.000000  2.000000  
175.677748 0.003727  0.092641  -0.006478  0.948250  0.317456  -0.006645  -0.316327  0.946281  0.067005  0.027559  -0.061435  0.997731  0.002354  -0.000472  -0.006137  0.000000  0.000000  0.000000  2.000000  
175.678748 0.003730  0.092641  -0.006484  0.948246  0.317464  -0.006771  -0.316326  0.946278  0.067047  0.027693  -0.061435  0.997727  0.002388  -0.000426  -0.006158  0.000000  0.000000  0.000000  2.000000  
175.679748 0.003732  0.092641  -0.006490  0.948243  0.317471  -0.006937  -0.316325  0.946284  0.066975  0.027827  -0.061314  0.997731  0.002409  -0.000376  -0.006147  0.000000  0.000000  0.000000  2.000000  
175.681012 0.003735  0.092641  -0.006497  0.948239  0.317478  -0.007102  -0.316324  0.946289  0.066902  0.027960  -0.061193  0.997734  0.002390  -0.000346  -0.006125  0.000000  0.000000  0.000000  2.000000  
175.682256 0.003738  0.092641  -0.006505  0.948236  0.317486  -0.007228  -0.316323  0.946287  0.066944  0.028094  -0.061193  0.997731  0.002420  -0.000319  -0.006103  0.000000  0.000000  0.000000  2.000000  
175.683501 0.003741  0.092641  -0.006512  0.948228  0.317500  -0.007520  -0.316320  0.946290  0.066914  0.028362  -0.061071  0.997730  0.002386  -0.000294  -0.006051  0.000000  0.000000  0.000000  2.000000  
175.684753 0.003743  0.092640  -0.006519  0.948160  0.317702  -0.007672  -0.316514  0.946230  0.066843  0.028495  -0.060950  0.997734  0.002364  -0.000268  -0.006024  0.000000  0.000000  0.000000  2.000000  
175.685998 0.003746  0.092640  -0.006526  0.948156  0.317710  -0.007798  -0.316513  0.946227  0.066885  0.028629  -0.060950  0.997730  0.002339  -0.000261  -0.005958  0.000000  0.000000  0.000000  2.000000  
175.687250 0.003749  0.092639  -0.006533  0.948152  0.317716  -0.007963  -0.316512  0.946233  0.066813  0.028763  -0.060828  0.997734  0.002313  -0.000255  -0.005891  0.000000  0.000000  0.000000  2.000000  
175.688498 0.003751  0.092638  -0.006540  0.948149  0.317724  -0.008090  -0.316511  0.946230  0.066855  0.028896  -0.060828  0.997730  0.002288  -0.000248  -0.005825  0.000000  0.000000  0.000000  2.000000  
175.689499 0.003753  0.092638  -0.006545  0.948149  0.317724  -0.008090  -0.316511  0.946230  0.066855  0.028896  -0.060828  0.997730  0.002276  -0.000245  -0.005792  0.000000  0.000000  0.000000  2.000000  
175.690500 0.003755  0.092637  -0.006550  0.948145  0.317731  -0.008255  -0.316510  0.946236  0.066783  0.029030  -0.060707  0.997733  0.002239  -0.000235  -0.005695  0.000000  0.000000  0.000000  2.000000  
175.691745 0.003758  0.092637  -0.006557  0.948141  0.317739  -0.008382  -0.316508  0.946233  0.066825  0.029164  -0.060707  0.997730  0.002220  -0.000251  -0.005616  0.000000  0.000000  0.000000  2.000000  
