1-Time 2-Px 3-Py 4-Pz 5-R11 6-R21 7-R31 8-R12 9-R22 10-R32 11-R13 12-R23 13-R33 14-Vx 15-Vy 16-Vz 17-Wx 18-Wy 19-Wz 20-state 21-PR11 22-PR21 23-PR31 24-PR12 25-PR22 26-PR32 27-PR13 28-PR23 29-PR33 
61.133039 -0.001303  0.092156  0.012985  0.987837  0.154440  -0.018071  -0.152500  0.984947  0.081383  0.030368  -0.077637  0.996519  0.005937  0.010249  0.000900  -0.002690  0.125878  -0.226120  2.000000  
61.134044 -0.001298  0.092166  0.012986  0.987801  0.154653  -0.018186  -0.152702  0.984914  0.081407  0.030501  -0.077637  0.996515  0.005783  0.010317  0.001026  -0.002307  0.129302  -0.211998  2.000000  
61.135044 -0.001293  0.092177  0.012988  0.987636  0.155692  -0.018328  -0.153718  0.984731  0.081706  0.030769  -0.077878  0.996488  0.005639  0.010404  0.001155  0.006794  0.126596  -0.177434  2.000000  
61.136291 -0.001287  0.092189  0.012990  0.987405  0.157136  -0.018435  -0.155140  0.984482  0.082012  0.031036  -0.078119  0.996461  0.005464  0.010400  0.001211  0.000000  0.000000  0.000000  2.000000  
61.137542 -0.001281  0.092200  0.012992  0.987200  0.158392  -0.018652  -0.156357  0.984243  0.082575  0.031438  -0.078602  0.996410  0.005324  0.010332  0.001352  0.000000  0.000000  0.000000  2.000000  
61.138544 -0.001276  0.092209  0.012994  0.987063  0.159228  -0.018809  -0.157169  0.984089  0.082871  0.031705  -0.078843  0.996383  0.005217  0.010261  0.001479  0.000000  0.000000  0.000000  2.000000  
61.139548 -0.001271  0.092217  0.012997  0.986920  0.160078  -0.019058  -0.157979  0.983912  0.083427  0.032106  -0.079325  0.996332  0.005195  0.010128  0.001548  0.000000  0.000000  0.000000  2.000000  
61.140800 -0.001264  0.092228  0.013001  0.986633  0.161769  -0.019651  -0.159601  0.983606  0.083944  0.032909  -0.079686  0.996277  0.005177  0.010050  0.001778  0.000000  0.000000  0.000000  2.000000  
61.142049 -0.001258  0.092239  0.013006  0.986247  0.164058  -0.020039  -0.161831  0.983188  0.084573  0.033577  -0.080167  0.996216  0.005134  0.009923  0.002001  0.094148  0.176805  0.159663  2.000000  
61.143300 -0.001251  0.092250  0.013010  0.985822  0.166549  -0.020407  -0.164263  0.982729  0.085209  0.034246  -0.080649  0.996154  0.005127  0.009728  0.002108  0.113492  0.186972  0.257548  2.000000  
61.144308 -0.001245  0.092259  0.013012  0.985502  0.168409  -0.020582  -0.166087  0.982383  0.085670  0.034647  -0.081010  0.996111  0.005188  0.009599  0.002218  0.128150  0.189822  0.334035  2.000000  
61.145545 -0.001236  0.092271  0.013017  0.985066  0.170899  -0.020944  -0.168517  0.981913  0.086310  0.035316  -0.081491  0.996048  0.005321  0.009519  0.002386  0.147723  0.200054  0.432158  2.000000  
61.146546 -0.001227  0.092284  0.013023  0.984658  0.173184  -0.021342  -0.170743  0.981482  0.086828  0.035984  -0.081852  0.995995  0.005560  0.009597  0.002697  0.163046  0.206249  0.522855  2.000000  
61.147791 -0.001215  0.092299  0.013032  0.984164  0.175896  -0.021943  -0.173372  0.980960  0.087523  0.036920  -0.082332  0.995921  0.005975  0.009710  0.003179  0.183282  0.224197  0.635425  2.000000  
61.149047 -0.001202  0.092313  0.013039  0.983626  0.178810  -0.022522  -0.176202  0.980392  0.088226  0.037856  -0.082813  0.995846  0.006444  0.009752  0.003521  0.203599  0.242046  0.747879  2.000000  
61.150062 -0.001191  0.092322  0.013044  0.983199  0.181095  -0.022890  -0.178424  0.979932  0.088871  0.038524  -0.083294  0.995780  0.006826  0.009685  0.003766  0.223272  0.252603  0.839127  2.000000  
61.151298 -0.001178  0.092332  0.013050  0.982677  0.183822  -0.023566  -0.181047  0.979363  0.089838  0.039594  -0.084015  0.995678  0.007324  0.009521  0.004036  0.251693  0.275182  0.944783  2.000000  
61.152545 -0.001164  0.092341  0.013058  0.982147  0.186548  -0.024238  -0.183669  0.978785  0.090809  0.040664  -0.084736  0.995573  0.007815  0.009352  0.004431  0.276005  0.302830  1.044517  2.000000  
61.153790 -0.001151  0.092347  0.013068  0.981647  0.189073  -0.024923  -0.186086  0.978237  0.091779  0.041733  -0.085457  0.995467  0.008282  0.009105  0.004882  0.304501  0.330469  1.144276  2.000000  
61.154792 -0.001139  0.092350  0.013075  0.981190  0.191374  -0.025360  -0.188303  0.977727  0.092697  0.042535  -0.086178  0.995371  0.008718  0.008779  0.005191  0.332385  0.345575  1.228646  2.000000  
61.155798 -0.001127  0.092353  0.013082  0.980760  0.193485  -0.025944  -0.190315  0.977247  0.093638  0.043471  -0.086899  0.995268  0.009125  0.008320  0.005387  0.360276  0.361207  1.306180  2.000000  
61.157044 -0.001113  0.092354  0.013089  0.980281  0.195814  -0.026587  -0.192526  0.976697  0.094850  0.044540  -0.087861  0.995137  0.009685  0.007710  0.005535  0.396823  0.380591  1.391277  2.000000  
61.158045 -0.001103  0.092355  0.013094  0.979881  0.197727  -0.027157  -0.194334  0.976236  0.095909  0.045476  -0.088702  0.995020  0.010091  0.007090  0.005705  0.428773  0.401208  1.462868  2.000000  
61.159045 -0.001092  0.092354  0.013098  0.979517  0.199437  -0.027768  -0.195939  0.975822  0.096847  0.046411  -0.089422  0.994912  0.010371  0.006444  0.005827  0.456325  0.422312  1.527111  2.000000  
61.160300 -0.001079  0.092352  0.013104  0.979015  0.201779  -0.028527  -0.198145  0.975252  0.098093  0.047614  -0.090382  0.994768  0.010656  0.005469  0.005897  0.492733  0.450877  1.605611  2.000000  
61.161545 -0.001064  0.092351  0.013109  0.978514  0.204111  -0.029150  -0.200352  0.974677  0.099317  0.048683  -0.091343  0.994629  0.010869  0.004474  0.005742  0.529373  0.475106  1.684549  2.000000  
61.162546 -0.001051  0.092350  0.013114  0.978144  0.205813  -0.029594  -0.201955  0.974240  0.100354  0.049485  -0.092184  0.994512  0.011075  0.003476  0.005582  0.560749  0.496550  1.742093  2.000000  
61.163795 -0.001036  0.092349  0.013120  0.977716  0.207740  -0.030273  -0.203756  0.973751  0.101452  0.050554  -0.093023  0.994380  0.011211  0.002459  0.005506  0.592679  0.522567  1.800512  2.000000  
61.165040 -0.001023  0.092348  0.013126  0.977325  0.209467  -0.030970  -0.205355  0.973300  0.102547  0.051623  -0.093862  0.994246  0.011247  0.001748  0.005485  0.610061  0.542218  1.808854  2.000000  
61.166042 -0.001012  0.092347  0.013131  0.977066  0.210574  -0.031648  -0.206351  0.973004  0.103362  0.052559  -0.094461  0.994140  0.011246  0.001026  0.005517  0.626930  0.564308  1.803899  2.000000  
61.167045 -0.001002  0.092346  0.013136  0.976761  0.211886  -0.032277  -0.207547  0.972649  0.104302  0.053494  -0.095179  0.994022  0.011206  0.000457  0.005413  0.641310  0.590255  1.821028  2.000000  
61.168292 -0.000990  0.092344  0.013144  0.976398  0.213427  -0.033116  -0.208941  0.972229  0.105425  0.054696  -0.096017  0.993876  0.011099  -0.000040  0.005359  0.654831  0.609472  1.830128  2.000000  
61.169299 -0.000982  0.092340  0.013151  0.976131  0.214541  -0.033761  -0.209935  0.971913  0.106362  0.055632  -0.096735  0.993754  0.010877  -0.000588  0.005319  0.668134  0.625356  1.837958  2.000000  
61.170304 -0.000975  0.092335  0.013157  0.975914  0.215438  -0.034322  -0.210729  0.971655  0.107147  0.056433  -0.097334  0.993651  0.010530  -0.001181  0.005201  0.677943  0.640255  1.833409  2.000000  
61.171543 -0.000968  0.092326  0.013164  0.975681  0.216369  -0.035090  -0.211520  0.971363  0.108225  0.057502  -0.098171  0.993507  0.010055  -0.001857  0.005175  0.689019  0.649857  1.793057  2.000000  
61.172549 -0.000963  0.092319  0.013170  0.975461  0.217272  -0.035622  -0.212313  0.971089  0.109131  0.058303  -0.098890  0.993389  0.009664  -0.002367  0.005208  0.701475  0.663475  1.753221  2.000000  
61.173795 -0.000958  0.092310  0.013177  0.975180  0.218415  -0.036310  -0.213304  0.970722  0.110454  0.059372  -0.099968  0.993218  0.009147  -0.002929  0.005345  0.720991  0.684450  1.707252  2.000000  
61.174795 -0.000954  0.092303  0.013182  0.975001  0.219124  -0.036834  -0.213896  0.970476  0.111472  0.060173  -0.100806  0.993085  0.008646  -0.003362  0.005418  0.734916  0.693697  1.667374  2.000000  
61.176045 -0.000951  0.092293  0.013189  0.974814  0.219857  -0.037434  -0.214486  0.970197  0.112753  0.061108  -0.101885  0.992918  0.007881  -0.003921  0.005482  0.759256  0.706118  1.599880  2.000000  
61.177297 -0.000948  0.092282  0.013194  0.974617  0.220604  -0.038161  -0.215073  0.969914  0.114064  0.062176  -0.102962  0.992740  0.007101  -0.004540  0.005388  0.776891  0.720487  1.524621  2.000000  
61.178307 -0.000948  0.092273  0.013196  0.974487  0.221104  -0.038575  -0.215466  0.969711  0.115047  0.062844  -0.103800  0.992611  0.006208  -0.005171  0.005243  0.786824  0.720590  1.462245  2.000000  
61.179545 -0.000948  0.092261  0.013200  0.974251  0.222035  -0.039172  -0.216255  0.969395  0.116221  0.063779  -0.104757  0.992451  0.005360  -0.005809  0.005067  0.799651  0.722965  1.403907  2.000000  
61.180545 -0.000947  0.092253  0.013203  0.974120  0.222536  -0.039584  -0.216647  0.969189  0.117204  0.064446  -0.105595  0.992319  0.004661  -0.006297  0.004946  0.811910  0.725521  1.346336  2.000000  
61.181790 -0.000947  0.092244  0.013208  0.973944  0.223243  -0.039943  -0.217239  0.968922  0.118313  0.065114  -0.106553  0.992173  0.003850  -0.006782  0.004838  0.815550  0.719438  1.281000  2.000000  
61.182794 -0.000947  0.092237  0.013211  0.973857  0.223546  -0.040376  -0.217430  0.968759  0.119289  0.065781  -0.107391  0.992038  0.003148  -0.007191  0.004641  0.822998  0.718942  1.208256  2.000000  
61.184044 -0.000948  0.092229  0.013215  0.973715  0.224064  -0.040914  -0.217820  0.968546  0.120302  0.066582  -0.108228  0.991894  0.002342  -0.007520  0.004353  0.820735  0.716067  1.139752  2.000000  
61.185300 -0.000951  0.092219  0.013218  0.973528  0.224787  -0.041399  -0.218409  0.968271  0.121441  0.067383  -0.109184  0.991735  0.001594  -0.007700  0.004117  0.821101  0.713108  1.063124  2.000000  
61.186540 -0.000953  0.092211  0.013223  0.973394  0.225298  -0.041777  -0.218800  0.968044  0.122543  0.068051  -0.110141  0.991584  0.000977  -0.007678  0.003945  0.816584  0.702248  1.006485  2.000000  
61.187544 -0.000954  0.092205  0.013228  0.973268  0.225784  -0.042080  -0.219193  0.967849  0.123381  0.068585  -0.110859  0.991467  0.000584  -0.007591  0.003898  0.814524  0.692974  0.957866  2.000000  
61.188813 -0.000955  0.092199  0.013235  0.973133  0.226291  -0.042484  -0.219583  0.967634  0.124366  0.069252  -0.111696  0.991326  0.000103  -0.007412  0.003876  0.805444  0.681898  0.894913  2.000000  
61.190047 -0.000956  0.092193  0.013242  0.972997  0.226799  -0.042887  -0.219974  0.967419  0.125351  0.069920  -0.112532  0.991185  -0.000217  -0.007200  0.003867  0.799044  0.669990  0.832422  2.000000  
61.191300 -0.000957  0.092187  0.013249  0.972870  0.227298  -0.043133  -0.220366  0.967190  0.126425  0.070453  -0.113490  0.991038  -0.000480  -0.006888  0.003971  0.795706  0.657474  0.769103  2.000000  
61.192545 -0.000956  0.092182  0.013257  0.972733  0.227807  -0.043534  -0.220756  0.966971  0.127410  0.071121  -0.114326  0.990894  -0.000524  -0.006470  0.004177  0.787303  0.651334  0.722065  2.000000  
61.193795 -0.000954  0.092178  0.013264  0.972604  0.228313  -0.043749  -0.221148  0.966724  0.128601  0.071655  -0.115403  0.990731  -0.000399  -0.005974  0.004399  0.792944  0.637874  0.673081  2.000000  
61.195045 -0.000952  0.092173  0.013269  0.972476  0.228814  -0.043991  -0.221540  0.966491  0.129675  0.072188  -0.116360  0.990580  -0.000298  -0.005569  0.004541  0.797177  0.620843  0.628402  2.000000  
61.196297 -0.000949  0.092169  0.013275  0.972402  0.229096  -0.044158  -0.221734  0.966323  0.130593  0.072589  -0.117197  0.990452  -0.000109  -0.005260  0.004625  0.792836  0.601108  0.587708  2.000000  
61.197542 -0.000946  0.092165  0.013280  0.972282  0.229583  -0.044269  -0.222128  0.966091  0.131637  0.072989  -0.118155  0.990309  0.000081  -0.004949  0.004669  0.797369  0.578761  0.548664  2.000000  
61.198797 -0.000940  0.092162  0.013284  0.972207  0.229866  -0.044434  -0.222321  0.965921  0.132555  0.073389  -0.118992  0.990179  0.000549  -0.004539  0.004707  0.794949  0.555847  0.504929  2.000000  
61.200041 -0.000935  0.092159  0.013287  0.972087  0.230354  -0.044543  -0.222715  0.965686  0.133599  0.073790  -0.119949  0.990034  0.001093  -0.004099  0.004677  0.798390  0.535555  0.482608  2.000000  
61.201045 -0.000931  0.092157  0.013290  0.972022  0.230616  -0.044606  -0.222911  0.965534  0.134370  0.074057  -0.120668  0.989927  0.001506  -0.003780  0.004595  0.797471  0.514188  0.466626  2.000000  
61.202045 -0.000926  0.092156  0.013293  0.972003  0.230680  -0.044696  -0.222906  0.965429  0.135132  0.074323  -0.121386  0.989819  0.001926  -0.003425  0.004464  0.795935  0.499066  0.437589  2.000000  
61.203298 -0.000919  0.092156  0.013296  0.971937  0.230949  -0.044731  -0.223102  0.965259  0.136020  0.074590  -0.122223  0.989696  0.002410  -0.003013  0.004247  0.792083  0.479062  0.411870  2.000000  
61.204307 -0.000914  0.092156  0.013299  0.971881  0.231196  -0.044663  -0.223300  0.965108  0.136761  0.074724  -0.122943  0.989597  0.002780  -0.002695  0.004033  0.787288  0.458111  0.396133  2.000000  
61.205548 -0.000908  0.092156  0.013303  0.971816  0.231465  -0.044697  -0.223495  0.964937  0.137649  0.074991  -0.123780  0.989472  0.003296  -0.002258  0.003842  0.775800  0.433269  0.368868  2.000000  
61.206795 -0.000901  0.092158  0.013307  0.971750  0.231734  -0.044730  -0.223691  0.964764  0.138537  0.075257  -0.124618  0.989347  0.003741  -0.001793  0.003653  0.769151  0.412469  0.357369  2.000000  
61.207797 -0.000896  0.092159  0.013312  0.971731  0.231799  -0.044819  -0.223686  0.964656  0.139299  0.075524  -0.125335  0.989236  0.004014  -0.001423  0.003587  0.762083  0.395618  0.337559  2.000000  
61.209045 -0.000891  0.092161  0.013317  0.971711  0.231870  -0.044880  -0.223682  0.964529  0.140177  0.075791  -0.126173  0.989109  0.004203  -0.001032  0.003489  0.752666  0.375356  0.314762  2.000000  
61.210309 -0.000887  0.092162  0.013322  0.971691  0.231941  -0.044941  -0.223677  0.964402  0.141055  0.076058  -0.127010  0.988981  0.004358  -0.000589  0.003431  0.746959  0.359467  0.292305  2.000000  
61.211545 -0.000883  0.092163  0.013327  0.971717  0.231814  -0.045031  -0.223473  0.964322  0.141924  0.076325  -0.127847  0.988853  0.004416  -0.000257  0.003417  0.741269  0.349158  0.263711  2.000000  
61.212548 -0.000881  0.092163  0.013330  0.971707  0.231863  -0.044992  -0.223470  0.964215  0.142656  0.076458  -0.128565  0.988749  0.004341  -0.000051  0.003354  0.736810  0.331916  0.255006  2.000000  
61.213795 -0.000878  0.092164  0.013335  0.971697  0.231918  -0.044924  -0.223468  0.964090  0.143504  0.076592  -0.129403  0.988630  0.004175  0.000157  0.003389  0.736000  0.311054  0.238923  2.000000  
61.215040 -0.000876  0.092165  0.013338  0.971733  0.231775  -0.044885  -0.223266  0.964011  0.144343  0.076725  -0.130241  0.988509  0.003953  0.000394  0.003379  0.728494  0.293026  0.214671  2.000000  
61.216042 -0.000875  0.092165  0.013341  0.971769  0.231621  -0.044903  -0.223063  0.963967  0.144948  0.076858  -0.130840  0.988420  0.003712  0.000562  0.003373  0.723025  0.282079  0.192865  2.000000  
61.217045 -0.000874  0.092166  0.013342  0.971759  0.231670  -0.044864  -0.223061  0.963858  0.145679  0.076992  -0.131557  0.988314  0.003446  0.000644  0.003285  0.723559  0.268946  0.171963  2.000000  
61.218293 -0.000873  0.092166  0.013343  0.971795  0.231522  -0.044854  -0.222859  0.963795  0.146401  0.077125  -0.132275  0.988208  0.003070  0.000694  0.003137  0.713926  0.253471  0.149435  2.000000  
61.219298 -0.000873  0.092166  0.013343  0.971841  0.231351  -0.044744  -0.222659  0.963754  0.146976  0.077125  -0.132875  0.988128  0.002778  0.000712  0.002957  0.711114  0.239706  0.133112  2.000000  
61.220540 -0.000873  0.092166  0.013342  0.971923  0.231009  -0.044737  -0.222256  0.963720  0.147805  0.077259  -0.133712  0.988004  0.002290  0.000654  0.002599  0.709709  0.224451  0.110743  2.000000  
61.221543 -0.000875  0.092165  0.013341  0.971958  0.230855  -0.044757  -0.222054  0.963674  0.148410  0.077392  -0.134310  0.987913  0.001817  0.000531  0.002278  0.704086  0.218053  0.089396  2.000000  
61.222548 -0.000877  0.092165  0.013340  0.972050  0.230491  -0.044650  -0.221653  0.963660  0.149093  0.077392  -0.135029  0.987815  0.001354  0.000425  0.001920  0.699667  0.200910  0.060117  2.000000  
61.223796 -0.000879  0.092165  0.013339  0.972131  0.230144  -0.044673  -0.221251  0.963642  0.149805  0.077525  -0.135746  0.987706  0.000762  0.000262  0.001503  0.689628  0.191000  0.031215  2.000000  
61.225045 -0.000882  0.092164  0.013338  0.972222  0.229786  -0.044539  -0.220851  0.963609  0.150605  0.077525  -0.136585  0.987590  0.000297  0.000109  0.001145  0.681768  0.179566  0.002264  2.000000  
61.226306 -0.000887  0.092162  0.013339  0.972302  0.229439  -0.044563  -0.220448  0.963590  0.151317  0.077659  -0.137302  0.987480  -0.000238  -0.000069  0.000797  0.672879  0.171140  -0.026640  2.000000  
61.227546 -0.000891  0.092160  0.013339  0.972473  0.228701  -0.044622  -0.219645  0.963646  0.152128  0.077792  -0.138139  0.987353  -0.000709  -0.000213  0.000602  0.670527  0.166748  -0.061875  2.000000  
61.228794 -0.000897  0.092158  0.013340  0.972599  0.228157  -0.044679  -0.219042  0.963672  0.152831  0.077926  -0.138856  0.987242  -0.001260  -0.000423  0.000318  0.662939  0.164542  -0.088968  2.000000  
61.229795 -0.000901  0.092156  0.013340  0.972679  0.227811  -0.044705  -0.218639  0.963650  0.153543  0.078059  -0.139573  0.987130  -0.001713  -0.000577  0.000146  0.658075  0.160638  -0.118085  2.000000  
61.231042 -0.000906  0.092154  0.013341  0.972813  0.227248  -0.044635  -0.218038  0.963679  0.154216  0.078059  -0.140292  0.987028  -0.002092  -0.000745  -0.000012  0.650622  0.154156  -0.145314  2.000000  
61.232044 -0.000909  0.092153  0.013342  0.972938  0.226698  -0.044721  -0.217435  0.963721  0.154802  0.078192  -0.140889  0.986933  -0.002311  -0.000849  -0.000018  0.644939  0.152522  -0.166137  2.000000  
61.233046 -0.000911  0.092152  0.013343  0.973027  0.226334  -0.044620  -0.217035  0.963701  0.155485  0.078192  -0.141607  0.986830  -0.002580  -0.000954  -0.000005  0.644694  0.147763  -0.189125  2.000000  
61.234308 -0.000914  0.092151  0.013344  0.973195  0.225591  -0.044713  -0.216231  0.963770  0.156178  0.078326  -0.142324  0.986716  -0.002822  -0.001038  0.000036  0.633448  0.147966  -0.223649  2.000000  
61.235545 -0.000918  0.092150  0.013344  0.973318  0.225047  -0.044775  -0.215628  0.963791  0.156881  0.078459  -0.143040  0.986602  -0.002971  -0.001086  0.000166  0.630496  0.150642  -0.248960  2.000000  
61.236796 -0.000921  0.092148  0.013344  0.973496  0.224286  -0.044741  -0.214826  0.963862  0.157545  0.078459  -0.143758  0.986498  -0.003020  -0.001170  0.000237  0.624883  0.143386  -0.286906  2.000000  
61.238041 -0.000922  0.092147  0.013344  0.973672  0.223531  -0.044681  -0.214024  0.963912  0.158327  0.078459  -0.144596  0.986375  -0.002953  -0.001214  0.000271  0.621590  0.141704  -0.312126  2.000000  
61.239049 -0.000924  0.092145  0.013343  0.973750  0.223180  -0.044739  -0.213621  0.963903  0.158921  0.078592  -0.145193  0.986277  -0.002924  -0.001305  0.000296  0.617414  0.140521  -0.328865  2.000000  
61.240301 -0.000925  0.092144  0.013343  0.973926  0.222424  -0.044681  -0.212819  0.963952  0.159703  0.078592  -0.146030  0.986153  -0.002800  -0.001329  0.000297  0.614377  0.134570  -0.354474  2.000000  
61.241545 -0.000927  0.092142  0.013343  0.974101  0.221668  -0.044625  -0.212017  0.963999  0.160485  0.078592  -0.146867  0.986029  -0.002592  -0.001310  0.000287  0.612576  0.128830  -0.375825  2.000000  
61.242547 -0.000927  0.092141  0.013344  0.974231  0.221100  -0.044590  -0.211416  0.964038  0.161042  0.078592  -0.147465  0.985940  -0.002367  -0.001257  0.000325  0.606920  0.127506  -0.396689  2.000000  
61.243795 -0.000927  0.092140  0.013344  0.974405  0.220344  -0.044535  -0.210613  0.964083  0.161824  0.078592  -0.148302  0.985814  -0.002004  -0.001160  0.000360  0.605751  0.128330  -0.427847  2.000000  
61.245045 -0.000926  0.092140  0.013346  0.974525  0.219805  -0.044577  -0.210009  0.964077  0.162643  0.078726  -0.149138  0.985678  -0.001600  -0.001018  0.000377  0.604648  0.130634  -0.441419  2.000000  
61.246299 -0.000926  0.092140  0.013348  0.974697  0.219049  -0.044525  -0.209207  0.964119  0.163425  0.078726  -0.149975  0.985551  -0.001295  -0.000937  0.000444  0.602817  0.129435  -0.462290  2.000000  
61.247542 -0.000925  0.092140  0.013350  0.974816  0.218511  -0.044570  -0.208602  0.964111  0.164243  0.078859  -0.150810  0.985412  -0.001039  -0.000839  0.000521  0.601891  0.131831  -0.476002  2.000000  
61.248542 -0.000924  0.092141  0.013353  0.974934  0.217963  -0.044668  -0.207998  0.964141  0.164828  0.078993  -0.151406  0.985310  -0.000751  -0.000680  0.000635  0.603798  0.132902  -0.485491  2.000000  
61.249546 -0.000922  0.092143  0.013356  0.975020  0.217593  -0.044604  -0.207597  0.964131  0.165394  0.078993  -0.152003  0.985218  -0.000452  -0.000519  0.000822  0.600032  0.130886  -0.496850  2.000000  
61.250793 -0.000919  0.092146  0.013361  0.975138  0.217050  -0.044677  -0.206992  0.964140  0.166096  0.079126  -0.152719  0.985097  -0.000056  -0.000201  0.001105  0.598067  0.136526  -0.505604  2.000000  
61.251796 -0.000917  0.092148  0.013364  0.975265  0.216481  -0.044648  -0.206390  0.964173  0.166653  0.079126  -0.153316  0.985004  0.000245  0.000049  0.001349  0.594696  0.134666  -0.517516  2.000000  
61.253040 -0.000914  0.092152  0.013368  0.975382  0.215939  -0.044723  -0.205785  0.964181  0.167354  0.079259  -0.154031  0.984882  0.000536  0.000334  0.001621  0.592463  0.140238  -0.525824  2.000000  
61.254044 -0.000912  0.092154  0.013371  0.975467  0.215563  -0.044687  -0.205384  0.964188  0.167804  0.079259  -0.154509  0.984807  0.000764  0.000610  0.001849  0.588289  0.136089  -0.526310  2.000000  
61.255299 -0.000910  0.092157  0.013374  0.975541  0.215219  -0.044729  -0.204980  0.964151  0.168514  0.079393  -0.155224  0.984684  0.001040  0.000885  0.002084  0.585395  0.136636  -0.523648  2.000000  
61.256546 -0.000906  0.092161  0.013377  0.975615  0.214870  -0.044797  -0.204576  0.964132  0.169108  0.079526  -0.155820  0.984579  0.001414  0.001291  0.002308  0.577805  0.140462  -0.516110  2.000000  
61.257546 -0.000904  0.092163  0.013380  0.975689  0.214520  -0.044865  -0.204172  0.964114  0.169701  0.079660  -0.156415  0.984474  0.001590  0.001481  0.002403  0.577712  0.140769  -0.516000  2.000000  
61.258547 -0.000901  0.092166  0.013382  0.975773  0.214151  -0.044805  -0.203770  0.964099  0.170267  0.079660  -0.157012  0.984379  0.001819  0.001780  0.002514  0.578222  0.135611  -0.509757  2.000000  
61.259794 -0.000897  0.092170  0.013384  0.975846  0.213807  -0.044849  -0.203366  0.964059  0.170977  0.079793  -0.157727  0.984254  0.001994  0.002000  0.002554  0.573417  0.134867  -0.505479  2.000000  
61.260795 -0.000894  0.092173  0.013386  0.975877  0.213656  -0.044883  -0.203163  0.963994  0.171580  0.079926  -0.158322  0.984147  0.002207  0.002222  0.002585  0.575152  0.138705  -0.495261  2.000000  
61.261796 -0.000891  0.092175  0.013388  0.975950  0.213313  -0.044928  -0.202759  0.963953  0.172289  0.080060  -0.159036  0.984021  0.002370  0.002415  0.002599  0.579722  0.138000  -0.488355  2.000000  
61.263046 -0.000888  0.092178  0.013389  0.976023  0.212970  -0.044972  -0.202355  0.963911  0.172999  0.080193  -0.159751  0.983895  0.002477  0.002516  0.002497  0.576105  0.137336  -0.481404  2.000000  
61.264391 -0.000884  0.092181  0.013392  0.976044  0.212851  -0.045085  -0.202150  0.963798  0.173862  0.080460  -0.160583  0.983737  0.002560  0.002561  0.002431  0.579333  0.144039  -0.464780  2.000000  
61.265549 -0.000882  0.092183  0.013394  0.976116  0.212508  -0.045131  -0.201746  0.963755  0.174571  0.080593  -0.161297  0.983610  0.002543  0.002496  0.002262  0.578149  0.142760  -0.452516  2.000000  
61.266791 -0.000879  0.092185  0.013397  0.976178  0.212187  -0.045306  -0.201340  0.963706  0.175307  0.080860  -0.162009  0.983471  0.002566  0.002452  0.002208  0.582066  0.149649  -0.440653  2.000000  
61.267796 -0.000876  0.092187  0.013399  0.976251  0.211839  -0.045379  -0.200935  0.963683  0.175900  0.080993  -0.162604  0.983362  0.002595  0.002422  0.002121  0.579689  0.153498  -0.429779  2.000000  
61.269044 -0.000873  0.092190  0.013403  0.976271  0.211711  -0.045544  -0.200730  0.963611  0.176528  0.081260  -0.163197  0.983241  0.002653  0.002404  0.002145  0.575512  0.155876  -0.418793  2.000000  
61.270045 -0.000870  0.092192  0.013405  0.976342  0.211363  -0.045618  -0.200326  0.963586  0.177120  0.081393  -0.163791  0.983132  0.002687  0.002370  0.002103  0.572444  0.158410  -0.404410  2.000000  
61.271298 -0.000867  0.092195  0.013408  0.976373  0.211214  -0.045655  -0.200123  0.963518  0.177721  0.081527  -0.164386  0.983021  0.002666  0.002298  0.002107  0.565464  0.160984  -0.390108  2.000000  
61.272302 -0.000864  0.092197  0.013411  0.976434  0.210888  -0.045858  -0.199716  0.963488  0.178339  0.081793  -0.164978  0.982900  0.002657  0.002267  0.002106  0.566043  0.168984  -0.381908  2.000000  
61.273564 -0.000861  0.092199  0.013414  0.976495  0.210563  -0.046061  -0.199310  0.963457  0.178958  0.082060  -0.165571  0.982778  0.002628  0.002132  0.002126  0.559701  0.176182  -0.362812  2.000000  
61.274794 -0.000857  0.092201  0.013416  0.976555  0.210243  -0.046240  -0.198903  0.963404  0.179692  0.082327  -0.166282  0.982636  0.002667  0.002043  0.002155  0.556470  0.179932  -0.355382  2.000000  
61.275795 -0.000854  0.092203  0.013418  0.976585  0.210089  -0.046304  -0.198700  0.963356  0.180176  0.082460  -0.166757  0.982544  0.002677  0.001999  0.002181  0.549386  0.182389  -0.340923  2.000000  
61.277044 -0.000850  0.092204  0.013421  0.976645  0.209770  -0.046483  -0.198294  0.963302  0.180911  0.082727  -0.167468  0.982400  0.002684  0.001910  0.002219  0.549349  0.184412  -0.330502  2.000000  
61.278046 -0.000848  0.092204  0.013423  0.976705  0.209440  -0.046713  -0.197887  0.963292  0.181411  0.082993  -0.167941  0.982297  0.002627  0.001742  0.002220  0.546351  0.193947  -0.324931  2.000000  
61.279049 -0.000846  0.092204  0.013424  0.976724  0.209308  -0.046907  -0.197682  0.963238  0.181921  0.083260  -0.168414  0.982194  0.002590  0.001577  0.002195  0.543160  0.196287  -0.310385  2.000000  
61.280300 -0.000844  0.092203  0.013426  0.976783  0.208990  -0.047087  -0.197275  0.963182  0.182655  0.083527  -0.169125  0.982049  0.002540  0.001365  0.002129  0.542896  0.199362  -0.307107  2.000000  
61.281543 -0.000842  0.092201  0.013427  0.976843  0.208667  -0.047294  -0.196868  0.963148  0.183271  0.083793  -0.169717  0.981924  0.002452  0.001086  0.002047  0.536213  0.207887  -0.294401  2.000000  
61.282544 -0.000842  0.092199  0.013428  0.976902  0.208344  -0.047500  -0.196462  0.963114  0.183888  0.084060  -0.170308  0.981799  0.002315  0.000807  0.001958  0.540133  0.212449  -0.293500  2.000000  
61.283791 -0.000841  0.092197  0.013430  0.976949  0.208043  -0.047836  -0.196053  0.963074  0.184530  0.084460  -0.170898  0.981662  0.002173  0.000451  0.001847  0.536644  0.224864  -0.284392  2.000000  
61.285044 -0.000840  0.092194  0.013432  0.977008  0.207720  -0.048044  -0.195646  0.963039  0.185146  0.084727  -0.171489  0.981536  0.001975  0.000157  0.001793  0.532539  0.229506  -0.283519  2.000000  
61.286298 -0.000840  0.092191  0.013434  0.977055  0.207421  -0.048381  -0.195237  0.962998  0.185787  0.085127  -0.172079  0.981398  0.001776  -0.000210  0.001715  0.531980  0.236509  -0.279516  2.000000  
61.287545 -0.000840  0.092189  0.013436  0.977113  0.207099  -0.048589  -0.194830  0.962962  0.186403  0.085393  -0.172670  0.981271  0.001577  -0.000577  0.001637  0.527898  0.241105  -0.278629  2.000000  
61.288794 -0.000839  0.092186  0.013439  0.977159  0.206794  -0.048952  -0.194421  0.962943  0.186927  0.085793  -0.173140  0.981153  0.001336  -0.000956  0.001605  0.520522  0.251012  -0.272473  2.000000  
61.289795 -0.000839  0.092184  0.013441  0.977217  0.206467  -0.049186  -0.194014  0.962928  0.187425  0.086060  -0.173612  0.981047  0.001167  -0.001188  0.001643  0.511810  0.256798  -0.278410  2.000000  
61.290797 -0.000839  0.092181  0.013443  0.977234  0.206332  -0.049407  -0.193809  0.962893  0.187817  0.086326  -0.173965  0.980961  0.000938  -0.001475  0.001638  0.504146  0.264629  -0.269959  2.000000  
61.292044 -0.000839  0.092179  0.013446  0.977279  0.206029  -0.049771  -0.193400  0.962873  0.188340  0.086726  -0.174435  0.980842  0.000745  -0.001695  0.001688  0.495617  0.272711  -0.273012  2.000000  
61.293044 -0.000840  0.092176  0.013448  0.977325  0.205725  -0.050135  -0.192991  0.962853  0.188863  0.087126  -0.174905  0.980723  0.000545  -0.001929  0.001692  0.491147  0.281464  -0.271170  2.000000  
61.294045 -0.000840  0.092173  0.013450  0.977342  0.205591  -0.050356  -0.192785  0.962817  0.189254  0.087393  -0.175257  0.980636  0.000398  -0.002087  0.001725  0.480404  0.284898  -0.274139  2.000000  
61.295296 -0.000841  0.092169  0.013453  0.977386  0.205288  -0.050721  -0.192376  0.962796  0.189776  0.087793  -0.175727  0.980516  0.000186  -0.002301  0.001842  0.470646  0.293028  -0.271572  2.000000  
61.296297 -0.000843  0.092165  0.013455  0.977442  0.204957  -0.050982  -0.191969  0.962803  0.190156  0.088059  -0.176080  0.980429  0.000023  -0.002453  0.001901  0.462126  0.296311  -0.275216  2.000000  
61.297543 -0.000845  0.092160  0.013458  0.977447  0.204853  -0.051308  -0.191761  0.962739  0.190688  0.088459  -0.176549  0.980309  -0.000178  -0.002650  0.001978  0.454752  0.301011  -0.262911  2.000000  
61.298794 -0.000846  0.092154  0.013461  0.977479  0.204580  -0.051777  -0.191349  0.962689  0.191352  0.088992  -0.177135  0.980155  -0.000376  -0.002877  0.002050  0.454006  0.311188  -0.267956  2.000000  
61.300042 -0.000847  0.092149  0.013463  0.977523  0.204279  -0.052143  -0.190940  0.962666  0.191873  0.089392  -0.177604  0.980034  -0.000459  -0.003031  0.002083  0.446145  0.317562  -0.264050  2.000000  
61.301042 -0.000848  0.092145  0.013466  0.977539  0.204147  -0.052365  -0.190734  0.962630  0.192263  0.089658  -0.177957  0.979945  -0.000547  -0.003172  0.002155  0.442019  0.322054  -0.263132  2.000000  
61.302298 -0.000849  0.092140  0.013469  0.977543  0.204044  -0.052692  -0.190526  0.962564  0.192794  0.090058  -0.178426  0.979823  -0.000646  -0.003330  0.002195  0.434446  0.325449  -0.255441  2.000000  
61.303541 -0.000850  0.092134  0.013472  0.977585  0.203744  -0.053059  -0.190116  0.962541  0.193315  0.090458  -0.178894  0.979701  -0.000680  -0.003454  0.002220  0.430582  0.330197  -0.254650  2.000000  
61.304542 -0.000850  0.092130  0.013474  0.977589  0.203642  -0.053386  -0.189908  0.962475  0.193846  0.090858  -0.179363  0.979578  -0.000759  -0.003639  0.002248  0.426164  0.338896  -0.252744  2.000000  
61.305548 -0.000850  0.092126  0.013478  0.977604  0.203511  -0.053609  -0.189702  0.962437  0.194235  0.091124  -0.179715  0.979489  -0.000749  -0.003741  0.002338  0.422021  0.340597  -0.247854  2.000000  
61.306794 -0.000850  0.092121  0.013481  0.977595  0.203427  -0.054089  -0.189492  0.962390  0.194674  0.091657  -0.180063  0.979375  -0.000705  -0.003874  0.002388  0.414986  0.345492  -0.237376  2.000000  
61.307795 -0.000850  0.092118  0.013485  0.977571  0.203487  -0.054297  -0.189487  0.962334  0.194957  0.091924  -0.180296  0.979308  -0.000648  -0.003928  0.002496  0.403301  0.346105  -0.225622  2.000000  
61.309046 -0.000849  0.092113  0.013490  0.977574  0.203380  -0.054649  -0.189279  0.962291  0.195371  0.092323  -0.180646  0.979206  -0.000551  -0.003954  0.002654  0.395833  0.347731  -0.222824  2.000000  
61.310304 -0.000848  0.092109  0.013494  0.977576  0.203273  -0.055002  -0.189070  0.962248  0.195785  0.092723  -0.180995  0.979103  -0.000456  -0.003947  0.002792  0.383187  0.353840  -0.216797  2.000000  
61.311545 -0.000847  0.092106  0.013500  0.977578  0.203160  -0.055378  -0.188862  0.962228  0.196081  0.093123  -0.181226  0.979023  -0.000264  -0.003850  0.002960  0.371573  0.352822  -0.209918  2.000000  
61.312795 -0.000846  0.092102  0.013505  0.977580  0.203053  -0.055731  -0.188654  0.962185  0.196494  0.093522  -0.181575  0.978920  -0.000105  -0.003754  0.003106  0.360969  0.353220  -0.200507  2.000000  
61.314042 -0.000845  0.092098  0.013510  0.977570  0.202964  -0.056236  -0.188443  0.962161  0.196816  0.094055  -0.181804  0.978826  0.000089  -0.003678  0.003283  0.348918  0.358383  -0.187704  2.000000  
61.315296 -0.000844  0.092094  0.013514  0.977533  0.203057  -0.056548  -0.188436  0.962075  0.197240  0.094455  -0.182153  0.978723  0.000264  -0.003590  0.003379  0.341948  0.360482  -0.173167  2.000000  
61.316542 -0.000843  0.092090  0.013520  0.977522  0.202975  -0.057029  -0.188225  0.962027  0.197678  0.094987  -0.182500  0.978607  0.000402  -0.003470  0.003525  0.334153  0.363600  -0.165321  2.000000  
61.317545 -0.000842  0.092087  0.013524  0.977484  0.203061  -0.057366  -0.188218  0.961965  0.197985  0.095387  -0.182730  0.978525  0.000510  -0.003376  0.003649  0.327150  0.365597  -0.150805  2.000000  
61.318790 -0.000840  0.092084  0.013529  0.977485  0.202949  -0.057743  -0.188009  0.961945  0.198281  0.095787  -0.182960  0.978443  0.000652  -0.003267  0.003772  0.320358  0.367037  -0.148657  2.000000  
61.319818 -0.000839  0.092081  0.013533  0.977447  0.203035  -0.058080  -0.188002  0.961882  0.198588  0.096186  -0.183191  0.978361  0.000751  -0.003172  0.003826  0.311669  0.367331  -0.136038  2.000000  
61.321045 -0.000838  0.092077  0.013538  0.977397  0.203145  -0.058544  -0.187992  0.961816  0.198921  0.096719  -0.183419  0.978265  0.000758  -0.003175  0.003895  0.305015  0.369713  -0.121671  2.000000  
61.322313 -0.000838  0.092073  0.013542  0.977384  0.203058  -0.059050  -0.187781  0.961791  0.199241  0.097251  -0.183646  0.978170  0.000814  -0.003105  0.003960  0.297188  0.377069  -0.113043  2.000000  
61.323545 -0.000837  0.092068  0.013547  0.977333  0.203169  -0.059515  -0.187771  0.961724  0.199573  0.097784  -0.183874  0.978074  0.000820  -0.003130  0.003977  0.290409  0.379275  -0.098600  2.000000  
61.324547 -0.000837  0.092064  0.013551  0.977295  0.203249  -0.059876  -0.187764  0.961686  0.199764  0.098184  -0.183985  0.978013  0.000795  -0.003179  0.003968  0.283453  0.376781  -0.084942  2.000000  
61.325795 -0.000837  0.092060  0.013556  0.977294  0.203138  -0.060253  -0.187555  0.961665  0.200059  0.098583  -0.184215  0.977930  0.000765  -0.003207  0.003948  0.275250  0.376826  -0.084803  2.000000  
61.326795 -0.000837  0.092056  0.013560  0.977243  0.203242  -0.060743  -0.187545  0.961622  0.200274  0.099116  -0.184324  0.977855  0.000707  -0.003237  0.003954  0.264250  0.383192  -0.069502  2.000000  
61.328045 -0.000836  0.092052  0.013564  0.977203  0.203322  -0.061103  -0.187538  0.961584  0.200464  0.099515  -0.184435  0.977794  0.000673  -0.003243  0.003920  0.252722  0.382122  -0.062633  2.000000  
61.329298 -0.000836  0.092048  0.013569  0.977151  0.203427  -0.061593  -0.187528  0.961541  0.200680  0.100048  -0.184544  0.977719  0.000591  -0.003257  0.003888  0.241617  0.379462  -0.048935  2.000000  
61.330311 -0.000837  0.092045  0.013573  0.977098  0.203531  -0.062082  -0.187517  0.961498  0.200895  0.100580  -0.184653  0.977644  0.000430  -0.003313  0.003856  0.229915  0.386926  -0.040391  2.000000  
61.331543 -0.000837  0.092040  0.013577  0.977097  0.203414  -0.062484  -0.187309  0.961502  0.201073  0.100979  -0.184764  0.977581  0.000351  -0.003345  0.003832  0.218420  0.385884  -0.033517  2.000000  
61.332792 -0.000839  0.092036  0.013582  0.977030  0.203535  -0.063126  -0.187296  0.961478  0.201196  0.101645  -0.184751  0.977515  0.000188  -0.003405  0.003777  0.205071  0.390192  -0.024818  2.000000  
61.334047 -0.000840  0.092031  0.013586  0.976977  0.203640  -0.063615  -0.187286  0.961435  0.201411  0.102177  -0.184860  0.977439  -0.000024  -0.003498  0.003762  0.191168  0.396765  -0.017290  2.000000  
61.335306 -0.000842  0.092026  0.013590  0.976962  0.203547  -0.064146  -0.187074  0.961434  0.201613  0.102710  -0.184968  0.977363  -0.000223  -0.003595  0.003719  0.179451  0.399685  -0.009563  2.000000  
61.336542 -0.000843  0.092021  0.013595  0.976907  0.203644  -0.064660  -0.187064  0.961415  0.201711  0.103242  -0.184958  0.977308  -0.000398  -0.003650  0.003692  0.169902  0.400900  -0.008617  2.000000  
61.337543 -0.000845  0.092016  0.013599  0.976867  0.203725  -0.065020  -0.187056  0.961377  0.201902  0.103641  -0.185068  0.977245  -0.000486  -0.003672  0.003694  0.162470  0.404064  -0.000984  2.000000  
61.338793 -0.000847  0.092010  0.013603  0.976851  0.203624  -0.065575  -0.186844  0.961400  0.201986  0.104174  -0.185058  0.977191  -0.000708  -0.003769  0.003678  0.150271  0.403989  -0.000907  2.000000  
61.339796 -0.000848  0.092006  0.013607  0.976809  0.203697  -0.065961  -0.186837  0.961386  0.202060  0.104573  -0.185050  0.977149  -0.000798  -0.003813  0.003687  0.144019  0.406082  0.005906  2.000000  
61.340799 -0.000850  0.092001  0.013611  0.976768  0.203778  -0.066321  -0.186829  0.961348  0.202250  0.104972  -0.185161  0.977086  -0.000903  -0.003890  0.003649  0.140585  0.409180  0.013576  2.000000  
61.342046 -0.000852  0.091996  0.013616  0.976751  0.203678  -0.066876  -0.186617  0.961371  0.202335  0.105504  -0.185151  0.977030  -0.001026  -0.004028  0.003649  0.128356  0.413691  0.014485  2.000000  
61.343047 -0.000853  0.091991  0.013619  0.976710  0.203751  -0.067262  -0.186609  0.961357  0.202408  0.105903  -0.185143  0.976989  -0.001133  -0.004079  0.003654  0.123224  0.414630  0.015214  2.000000  
61.344309 -0.000854  0.091986  0.013624  0.976678  0.203674  -0.067945  -0.186395  0.961376  0.202517  0.106569  -0.185129  0.976919  -0.001188  -0.004115  0.003697  0.111159  0.423765  0.016953  2.000000  
61.345544 -0.000855  0.091981  0.013630  0.976622  0.203763  -0.068484  -0.186384  0.961382  0.202499  0.107101  -0.185000  0.976885  -0.001224  -0.004185  0.003732  0.098898  0.423389  0.016967  2.000000  
61.346545 -0.000855  0.091978  0.013634  0.976580  0.203836  -0.068869  -0.186376  0.961368  0.202572  0.107500  -0.184992  0.976843  -0.001235  -0.004202  0.003772  0.088155  0.421187  0.023122  2.000000  
61.347791 -0.000857  0.091973  0.013640  0.976561  0.203736  -0.069424  -0.186164  0.961391  0.202656  0.108032  -0.184982  0.976786  -0.001202  -0.004220  0.003886  0.078637  0.427821  0.017927  2.000000  
61.348796 -0.000857  0.091969  0.013645  0.976519  0.203809  -0.069809  -0.186156  0.961378  0.202729  0.108431  -0.184973  0.976743  -0.001168  -0.004215  0.003981  0.067722  0.425587  0.024086  2.000000  
61.350049 -0.000858  0.091964  0.013651  0.976462  0.203897  -0.070347  -0.186145  0.961384  0.202710  0.108963  -0.184844  0.976709  -0.001131  -0.004195  0.004105  0.055466  0.425606  0.024116  2.000000  
61.351295 -0.000859  0.091959  0.013657  0.976457  0.203772  -0.070774  -0.185936  0.961412  0.202769  0.109362  -0.184836  0.976666  -0.001055  -0.004189  0.004206  0.047288  0.425578  0.024168  2.000000  
61.352304 -0.000860  0.091955  0.013663  0.976399  0.203861  -0.071312  -0.185925  0.961418  0.202750  0.109894  -0.184707  0.976630  -0.000993  -0.004130  0.004312  0.038801  0.426610  0.024806  2.000000  
61.353542 -0.000860  0.091951  0.013670  0.976394  0.203736  -0.071739  -0.185716  0.961446  0.202809  0.110293  -0.184698  0.976587  -0.000912  -0.004039  0.004522  0.029966  0.423400  0.017322  2.000000  
