1-Time 2-Px 3-Py 4-Pz 5-R11 6-R21 7-R31 8-R12 9-R22 10-R32 11-R13 12-R23 13-R33 14-Vx 15-Vy 16-Vz 17-Wx 18-Wy 19-Wz 20-state 21-PR11 22-PR21 23-PR31 24-PR12 25-PR22 26-PR32 27-PR13 28-PR23 29-PR33 
238.128027 0.007886  0.097047  -0.021772  0.984369  0.173878  -0.027998  -0.172990  0.984419  0.031519  0.033042  -0.026183  0.999111  0.000610  -0.000120  -0.002702  0.000000  0.000000  0.000000  2.000000  
238.129034 0.007887  0.097047  -0.021776  0.984333  0.174084  -0.027970  -0.173193  0.984379  0.031644  0.033042  -0.026304  0.999108  0.000599  -0.000151  -0.002807  0.000000  0.000000  0.000000  2.000000  
238.130285 0.007889  0.097046  -0.021779  0.984043  0.175709  -0.028050  -0.174813  0.984091  0.031713  0.033176  -0.026304  0.999103  0.000670  -0.000196  -0.002804  0.000000  0.000000  0.000000  2.000000  
238.131532 0.007892  0.097046  -0.021783  0.983681  0.177738  -0.027963  -0.176839  0.983723  0.031890  0.033176  -0.026425  0.999100  0.000770  -0.000245  -0.002920  0.000000  0.000000  0.000000  2.000000  
238.132532 0.007894  0.097045  -0.021787  0.983502  0.178753  -0.027755  -0.177852  0.983532  0.032134  0.033042  -0.026668  0.999098  0.000870  -0.000316  -0.002988  0.022283  -0.000438  0.185238  2.000000  
238.133547 0.007896  0.097044  -0.021791  0.983314  0.179773  -0.027832  -0.178863  0.983343  0.032306  0.033176  -0.026789  0.999090  0.000988  -0.000313  -0.003087  0.027686  0.003125  0.221348  2.000000  
238.134783 0.007899  0.097046  -0.021796  0.983047  0.181200  -0.028026  -0.180279  0.983078  0.032513  0.033443  -0.026910  0.999078  0.001159  -0.000231  -0.003161  0.033408  0.010816  0.270042  2.000000  
238.136037 0.007903  0.097049  -0.021800  0.982576  0.183649  -0.028581  -0.182703  0.982620  0.032824  0.034112  -0.027030  0.999052  0.001359  -0.000022  -0.003214  0.040355  0.031063  0.353573  2.000000  
238.137282 0.007906  0.097051  -0.021804  0.982023  0.186505  -0.029097  -0.185530  0.982075  0.033268  0.034781  -0.027272  0.999023  0.001510  0.000184  -0.003259  0.051523  0.046043  0.447259  2.000000  
238.138546 0.007908  0.097053  -0.021811  0.981427  0.189555  -0.029497  -0.188558  0.981488  0.033578  0.035316  -0.027393  0.999001  0.001604  0.000301  -0.003514  0.059654  0.061557  0.554766  2.000000  
238.139785 0.007911  0.097055  -0.021819  0.980865  0.192401  -0.029747  -0.191383  0.980927  0.033978  0.035717  -0.027635  0.998980  0.001779  0.000472  -0.003814  0.071274  0.072395  0.652154  2.000000  
238.140791 0.007915  0.097058  -0.021824  0.980425  0.194633  -0.029754  -0.193603  0.980480  0.034309  0.035850  -0.027877  0.998968  0.002028  0.000706  -0.003925  0.082073  0.074736  0.728151  2.000000  
238.142037 0.007922  0.097062  -0.021828  0.979686  0.198280  -0.029995  -0.197232  0.979746  0.034617  0.036251  -0.027998  0.998950  0.002430  0.000980  -0.003935  0.090374  0.084993  0.846064  2.000000  
238.143287 0.007930  0.097065  -0.021829  0.978893  0.202129  -0.030203  -0.201059  0.978952  0.035052  0.036653  -0.028239  0.998929  0.002939  0.001248  -0.003739  0.103322  0.094839  0.978203  2.000000  
238.144538 0.007940  0.097069  -0.021833  0.978122  0.205777  -0.030547  -0.204681  0.978184  0.035510  0.037187  -0.028481  0.998902  0.003523  0.001558  -0.003764  0.115131  0.108374  1.093840  2.000000  
238.145788 0.007951  0.097074  -0.021838  0.977375  0.209226  -0.031025  -0.208098  0.977445  0.035993  0.037856  -0.028723  0.998870  0.004084  0.001915  -0.003804  0.128749  0.128356  1.220794  2.000000  
238.147036 0.007961  0.097078  -0.021842  0.976611  0.212675  -0.031631  -0.211511  0.976694  0.036508  0.038658  -0.028964  0.998833  0.004589  0.002272  -0.003795  0.141607  0.151929  1.339063  2.000000  
238.148036 0.007970  0.097081  -0.021846  0.975977  0.215508  -0.032022  -0.214320  0.976069  0.036833  0.039193  -0.029085  0.998808  0.005063  0.002479  -0.003754  0.149286  0.167335  1.429406  2.000000  
238.149282 0.007983  0.097082  -0.021850  0.975155  0.219147  -0.032353  -0.217931  0.975251  0.037304  0.039728  -0.029326  0.998780  0.005687  0.002485  -0.003715  0.162371  0.181703  1.554546  2.000000  
238.150285 0.007995  0.097083  -0.021854  0.974462  0.222177  -0.032575  -0.220938  0.974558  0.037729  0.040129  -0.029568  0.998757  0.006308  0.002438  -0.003739  0.174610  0.192079  1.658440  2.000000  
238.151537 0.008010  0.097085  -0.021858  0.973621  0.225802  -0.032798  -0.224544  0.973721  0.038058  0.040530  -0.029689  0.998737  0.007098  0.002340  -0.003755  0.183608  0.201988  1.783350  2.000000  
238.152786 0.008024  0.097083  -0.021861  0.972860  0.229028  -0.033008  -0.227746  0.972960  0.038493  0.040931  -0.029931  0.998714  0.007861  0.002144  -0.003594  0.196182  0.212113  1.894085  2.000000  
238.154034 0.008038  0.097079  -0.021865  0.972041  0.232448  -0.033234  -0.231145  0.972145  0.038819  0.041332  -0.030051  0.998693  0.008627  0.001692  -0.003386  0.204770  0.222381  2.005251  2.000000  
238.155286 0.008055  0.097074  -0.021870  0.971204  0.235872  -0.033561  -0.234541  0.971312  0.039296  0.041867  -0.030293  0.998664  0.009439  0.001143  -0.003185  0.217855  0.236779  2.123246  2.000000  
238.156537 0.008072  0.097068  -0.021874  0.970356  0.239290  -0.033913  -0.237933  0.970472  0.039658  0.042401  -0.030413  0.998638  0.010155  0.000452  -0.003243  0.226922  0.251278  2.241187  2.000000  
238.157547 0.008084  0.097062  -0.021879  0.969699  0.241907  -0.034137  -0.240525  0.969815  0.040081  0.042802  -0.030655  0.998613  0.010674  -0.000120  -0.003399  0.238837  0.261821  2.330551  2.000000  
238.158789 0.008101  0.097055  -0.021883  0.968979  0.244721  -0.034510  -0.243313  0.969105  0.040426  0.043337  -0.030776  0.998586  0.011105  -0.000750  -0.003514  0.242983  0.277037  2.421841  2.000000  
238.160037 0.008119  0.097049  -0.021887  0.968302  0.247338  -0.034860  -0.245900  0.968433  0.040885  0.043872  -0.031017  0.998556  0.011676  -0.001579  -0.003435  0.253293  0.289253  2.457009  2.000000  
238.161285 0.008137  0.097041  -0.021892  0.967629  0.249941  -0.034979  -0.248487  0.967760  0.041162  0.044139  -0.031138  0.998540  0.012130  -0.002301  -0.003472  0.254414  0.297333  2.477951  2.000000  
238.162288 0.008150  0.097035  -0.021897  0.967052  0.252140  -0.035144  -0.250675  0.967190  0.041308  0.044407  -0.031138  0.998528  0.012507  -0.003054  -0.003578  0.248008  0.309272  2.519559  2.000000  
238.163550 0.008165  0.097026  -0.021901  0.966314  0.254939  -0.035252  -0.253458  0.966452  0.041594  0.044674  -0.031258  0.998512  0.012717  -0.003763  -0.003597  0.250571  0.311730  2.574048  2.000000  
238.164785 0.008180  0.097017  -0.021906  0.965726  0.257135  -0.035416  -0.255643  0.965870  0.041743  0.044941  -0.031258  0.998500  0.012716  -0.004435  -0.003622  0.248054  0.306873  2.589344  2.000000  
238.166038 0.008193  0.097006  -0.021912  0.965239  0.258933  -0.035597  -0.257429  0.965389  0.041877  0.045209  -0.031258  0.998488  0.012581  -0.005281  -0.003671  0.240224  0.293612  2.567529  2.000000  
238.167040 0.008201  0.096998  -0.021916  0.964802  0.260526  -0.035818  -0.259015  0.964965  0.041888  0.045476  -0.031136  0.998480  0.012371  -0.005876  -0.003800  0.232257  0.285221  2.546349  2.000000  
238.168283 0.008210  0.096986  -0.021922  0.964142  0.262921  -0.036101  -0.261393  0.964315  0.042081  0.045877  -0.031135  0.998462  0.012026  -0.006445  -0.003994  0.228688  0.281381  2.527207  2.000000  
238.169532 0.008218  0.096975  -0.021927  0.963481  0.265306  -0.036287  -0.263770  0.963665  0.042124  0.046144  -0.031014  0.998453  0.011540  -0.006782  -0.004022  0.215519  0.278576  2.512029  2.000000  
238.170534 0.008223  0.096966  -0.021931  0.962985  0.267091  -0.036370  -0.265554  0.963176  0.042110  0.046278  -0.030893  0.998451  0.010963  -0.007144  -0.004049  0.207422  0.274586  2.498728  2.000000  
238.171537 0.008228  0.096957  -0.021937  0.962485  0.268879  -0.036421  -0.267336  0.962678  0.042213  0.046411  -0.030892  0.998445  0.010418  -0.007377  -0.004171  0.198793  0.270759  2.472292  2.000000  
238.172786 0.008232  0.096945  -0.021944  0.961933  0.270856  -0.036367  -0.269317  0.962128  0.042171  0.046411  -0.030771  0.998448  0.009635  -0.007760  -0.004335  0.188353  0.263494  2.408690  2.000000  
238.173800 0.008234  0.096935  -0.021950  0.961432  0.272634  -0.036321  -0.271098  0.961630  0.042121  0.046411  -0.030650  0.998452  0.008823  -0.008052  -0.004545  0.175377  0.249497  2.357960  2.000000  
238.175036 0.008237  0.096923  -0.021958  0.960753  0.275008  -0.036379  -0.273471  0.960957  0.042131  0.046545  -0.030529  0.998450  0.007867  -0.008388  -0.004748  0.162086  0.234446  2.325423  2.000000  
238.176039 0.008237  0.096914  -0.021964  0.960239  0.276788  -0.036463  -0.275249  0.960450  0.042119  0.046679  -0.030408  0.998447  0.006822  -0.008607  -0.004884  0.154042  0.215591  2.288965  2.000000  
238.177288 0.008236  0.096903  -0.021972  0.959664  0.278764  -0.036538  -0.277224  0.959882  0.042114  0.046812  -0.030286  0.998444  0.005742  -0.008761  -0.005001  0.140637  0.198893  2.239743  2.000000  
238.178548 0.008235  0.096893  -0.021979  0.959080  0.280738  -0.036776  -0.279195  0.959314  0.042031  0.047080  -0.030044  0.998439  0.004623  -0.008866  -0.005168  0.123092  0.191276  2.190267  2.000000  
238.179791 0.008232  0.096882  -0.021987  0.958503  0.282704  -0.036758  -0.281169  0.958744  0.041874  0.047080  -0.029802  0.998446  0.003338  -0.008983  -0.005393  0.104699  0.175205  2.128109  2.000000  
238.181036 0.008228  0.096871  -0.021996  0.957928  0.284664  -0.036613  -0.283143  0.958171  0.041680  0.046946  -0.029560  0.998460  0.002351  -0.009058  -0.005614  0.085975  0.159104  2.065653  2.000000  
238.182283 0.008223  0.096859  -0.022004  0.957290  0.286821  -0.036460  -0.285314  0.957536  0.041492  0.046812  -0.029317  0.998473  0.001221  -0.009089  -0.005812  0.072813  0.140500  2.034410  2.000000  
238.183546 0.008216  0.096847  -0.022014  0.956707  0.288779  -0.036316  -0.287286  0.956954  0.041297  0.046679  -0.029075  0.998487  0.000230  -0.009134  -0.006106  0.055108  0.123895  1.992799  2.000000  
238.184792 0.008211  0.096837  -0.022023  0.956173  0.290538  -0.036346  -0.289058  0.956433  0.041016  0.046679  -0.028712  0.998497  -0.000649  -0.009029  -0.006382  0.036421  0.109402  1.932135  2.000000  
238.186034 0.008206  0.096828  -0.022033  0.955696  0.292104  -0.036349  -0.290632  0.955963  0.040844  0.046679  -0.028470  0.998504  -0.001406  -0.008892  -0.006624  0.017567  0.093500  1.863076  2.000000  
238.187284 0.008202  0.096820  -0.022042  0.955095  0.294058  -0.036372  -0.292599  0.955374  0.040571  0.046679  -0.028107  0.998514  -0.001927  -0.008641  -0.006703  0.001133  0.075556  1.834104  2.000000  
238.188284 0.008198  0.096815  -0.022048  0.954612  0.295627  -0.036341  -0.294172  0.954893  0.040515  0.046679  -0.027985  0.998518  -0.002412  -0.008343  -0.006722  -0.011862  0.062856  1.805676  2.000000  
238.189535 0.008195  0.096809  -0.022056  0.954071  0.297383  -0.036210  -0.295942  0.954355  0.040311  0.046545  -0.027743  0.998531  -0.002705  -0.007956  -0.006747  -0.025297  0.046148  1.770998  2.000000  
238.190536 0.008193  0.096804  -0.022064  0.953650  0.298746  -0.036097  -0.297318  0.953936  0.040092  0.046411  -0.027501  0.998544  -0.002929  -0.007651  -0.006856  -0.038428  0.029227  1.742910  2.000000  
238.191537 0.008192  0.096799  -0.022072  0.953232  0.300105  -0.035857  -0.298696  0.953517  0.039833  0.046144  -0.027259  0.998563  -0.003014  -0.007343  -0.006967  -0.052857  0.012814  1.715510  2.000000  
238.192537 0.008191  0.096795  -0.022080  0.952807  0.301466  -0.035745  -0.300071  0.953094  0.039613  0.046010  -0.027017  0.998576  -0.003008  -0.007065  -0.007145  -0.061836  0.000142  1.694398  2.000000  
238.193546 0.008191  0.096791  -0.022087  0.952441  0.302631  -0.035642  -0.301250  0.952731  0.039386  0.045877  -0.026775  0.998588  -0.002934  -0.006810  -0.007241  -0.074389  -0.008074  1.659644  2.000000  
238.194781 0.008191  0.096785  -0.022097  0.951949  0.304188  -0.035524  -0.302820  0.952242  0.039173  0.045743  -0.026533  0.998601  -0.002712  -0.006437  -0.007374  -0.083299  -0.020651  1.638726  2.000000  
238.195784 0.008192  0.096782  -0.022105  0.951580  0.305352  -0.035422  -0.303997  0.951876  0.038945  0.045610  -0.026291  0.998613  -0.002426  -0.006026  -0.007414  -0.091578  -0.033625  1.631311  2.000000  
238.197034 0.008195  0.096778  -0.022115  0.951147  0.306707  -0.035350  -0.305370  0.951451  0.038609  0.045476  -0.025928  0.998629  -0.001903  -0.005505  -0.007479  -0.100507  -0.046021  1.610632  2.000000  
238.198282 0.008199  0.096774  -0.022126  0.950769  0.307874  -0.035377  -0.306545  0.951080  0.038422  0.045476  -0.025686  0.998635  -0.001190  -0.004956  -0.007583  -0.110136  -0.058021  1.568880  2.000000  
238.199283 0.008203  0.096771  -0.022134  0.950396  0.309037  -0.035278  -0.307721  0.950710  0.038194  0.045342  -0.025443  0.998647  -0.000664  -0.004674  -0.007567  -0.116927  -0.070529  1.540139  2.000000  
238.200537 0.008210  0.096768  -0.022143  0.949893  0.310586  -0.035201  -0.309288  0.950214  0.037865  0.045209  -0.025080  0.998663  0.000196  -0.004195  -0.007580  -0.126027  -0.078563  1.519144  2.000000  
238.201787 0.008218  0.096766  -0.022153  0.949511  0.311751  -0.035230  -0.310461  0.949839  0.037678  0.045209  -0.024838  0.998669  0.001042  -0.003775  -0.007707  -0.129873  -0.081526  1.485938  2.000000  
238.203034 0.008228  0.096765  -0.022163  0.949190  0.312720  -0.035267  -0.311438  0.949527  0.037484  0.045209  -0.024596  0.998675  0.001992  -0.003376  -0.007817  -0.135574  -0.080358  1.452594  2.000000  
238.204286 0.008238  0.096763  -0.022173  0.948869  0.313689  -0.035304  -0.312415  0.949214  0.037290  0.045209  -0.024353  0.998681  0.002900  -0.003079  -0.007948  -0.145785  -0.078815  1.403799  2.000000  
238.205532 0.008248  0.096763  -0.022185  0.948483  0.314852  -0.035334  -0.313587  0.948834  0.037103  0.045209  -0.024111  0.998687  0.003686  -0.002770  -0.008034  -0.147596  -0.081818  1.362704  2.000000  
238.206532 0.008257  0.096762  -0.022194  0.948218  0.315632  -0.035469  -0.314366  0.948578  0.037059  0.045342  -0.023990  0.998683  0.004330  -0.002467  -0.008151  -0.148602  -0.085374  1.335281  2.000000  
238.207547 0.008265  0.096762  -0.022203  0.947959  0.316405  -0.035515  -0.315147  0.948327  0.036858  0.045342  -0.023748  0.998689  0.005024  -0.002117  -0.008234  -0.155649  -0.089162  1.304024  2.000000  
238.208787 0.008275  0.096762  -0.022216  0.947634  0.317372  -0.035554  -0.316122  0.948010  0.036665  0.045342  -0.023505  0.998695  0.005711  -0.001816  -0.008478  -0.157223  -0.092452  1.269879  2.000000  
238.209789 0.008283  0.096763  -0.022225  0.947374  0.318144  -0.035601  -0.316902  0.947757  0.036464  0.045342  -0.023263  0.998701  0.006206  -0.001514  -0.008522  -0.160604  -0.091096  1.245717  2.000000  
238.211037 0.008294  0.096764  -0.022236  0.947112  0.318916  -0.035649  -0.317683  0.947503  0.036264  0.045342  -0.023021  0.998706  0.006810  -0.001132  -0.008584  -0.164891  -0.085412  1.193961  2.000000  
238.212039 0.008302  0.096765  -0.022246  0.946845  0.319690  -0.035823  -0.318460  0.947248  0.036106  0.045476  -0.022778  0.998706  0.007190  -0.000789  -0.008656  -0.166146  -0.075401  1.166417  2.000000  
238.213286 0.008311  0.096767  -0.022259  0.946582  0.320457  -0.035910  -0.319240  0.946998  0.035791  0.045476  -0.022415  0.998714  0.007524  -0.000380  -0.008868  -0.172310  -0.069523  1.125734  2.000000  
238.214544 0.008319  0.096771  -0.022272  0.946313  0.321231  -0.036085  -0.320017  0.946741  0.035633  0.045610  -0.022172  0.998713  0.007711  0.000119  -0.009111  -0.169692  -0.063780  1.090895  2.000000  
238.215785 0.008328  0.096775  -0.022285  0.946049  0.321997  -0.036173  -0.320797  0.946489  0.035319  0.045610  -0.021809  0.998721  0.007786  0.000540  -0.009304  -0.173278  -0.062406  1.061308  2.000000  
238.217033 0.008336  0.096780  -0.022298  0.945779  0.322771  -0.036348  -0.321574  0.946232  0.035162  0.045743  -0.021567  0.998720  0.007718  0.000937  -0.009486  -0.172830  -0.056909  1.022004  2.000000  
238.218038 0.008342  0.096784  -0.022308  0.945574  0.323349  -0.036532  -0.322156  0.946040  0.034998  0.045877  -0.021324  0.998719  0.007610  0.001338  -0.009676  -0.178413  -0.051366  0.987413  2.000000  
238.219283 0.008348  0.096789  -0.022321  0.945237  0.324316  -0.036701  -0.323127  0.945714  0.034849  0.046010  -0.021082  0.998718  0.007344  0.001735  -0.009849  -0.179733  -0.041469  0.960213  2.000000  
238.220287 0.008352  0.096794  -0.022331  0.945031  0.324894  -0.036884  -0.323709  0.945521  0.034686  0.046144  -0.020839  0.998717  0.007025  0.002117  -0.009946  -0.180997  -0.031572  0.932705  2.000000  
238.221536 0.008356  0.096799  -0.022343  0.944758  0.325666  -0.037061  -0.324485  0.945260  0.034530  0.046278  -0.020597  0.998716  0.006629  0.002499  -0.009907  -0.180510  -0.017217  0.904737  2.000000  
238.222788 0.008359  0.096802  -0.022355  0.944485  0.326438  -0.037238  -0.325261  0.944999  0.034375  0.046411  -0.020355  0.998715  0.006115  0.002744  -0.009931  -0.179826  -0.007110  0.870885  2.000000  
238.223800 0.008361  0.096805  -0.022365  0.944278  0.327015  -0.037423  -0.325842  0.944805  0.034212  0.046545  -0.020112  0.998714  0.005678  0.002939  -0.009985  -0.181031  0.002737  0.843109  2.000000  
238.225037 0.008362  0.096810  -0.022377  0.944003  0.327786  -0.037600  -0.326617  0.944543  0.034058  0.046679  -0.019870  0.998712  0.005103  0.003100  -0.010074  -0.182086  0.012415  0.823031  2.000000  
238.226286 0.008363  0.096814  -0.022389  0.943661  0.328752  -0.037771  -0.327587  0.944212  0.033911  0.046812  -0.019627  0.998711  0.004406  0.003366  -0.010082  -0.178649  0.021971  0.809410  2.000000  
238.227288 0.008363  0.096817  -0.022400  0.943446  0.329335  -0.038043  -0.328165  0.944012  0.033908  0.047080  -0.019506  0.998701  0.003906  0.003488  -0.010099  -0.175140  0.035915  0.795803  2.000000  
238.228539 0.008363  0.096822  -0.022412  0.943238  0.329911  -0.038228  -0.328746  0.943815  0.033746  0.047213  -0.019264  0.998699  0.003387  0.003622  -0.010066  -0.174683  0.045197  0.769027  2.000000  
238.229539 0.008363  0.096826  -0.022422  0.943022  0.330495  -0.038499  -0.329324  0.943614  0.033744  0.047481  -0.019142  0.998689  0.002916  0.003670  -0.010017  -0.173231  0.055319  0.747923  2.000000  
238.230543 0.008363  0.096830  -0.022432  0.942881  0.330876  -0.038692  -0.329710  0.943485  0.033575  0.047614  -0.018900  0.998687  0.002366  0.003755  -0.009981  -0.174459  0.065080  0.720231  2.000000  
238.231788 0.008362  0.096835  -0.022444  0.942603  0.331651  -0.038831  -0.330485  0.943215  0.033536  0.047748  -0.018778  0.998683  0.001767  0.003750  -0.009925  -0.171028  0.070027  0.706703  2.000000  
238.233034 0.008361  0.096839  -0.022455  0.942386  0.332228  -0.039143  -0.331062  0.943017  0.033420  0.048015  -0.018536  0.998675  0.001258  0.003687  -0.009771  -0.171614  0.079505  0.693198  2.000000  
238.234036 0.008359  0.096842  -0.022463  0.942244  0.332614  -0.039295  -0.331448  0.942883  0.033366  0.048149  -0.018415  0.998670  0.000748  0.003583  -0.009594  -0.168123  0.084417  0.679399  2.000000  
238.235282 0.008357  0.096845  -0.022472  0.942027  0.333191  -0.039608  -0.332026  0.942684  0.033251  0.048416  -0.018172  0.998662  0.000328  0.003433  -0.009348  -0.167284  0.093090  0.660228  2.000000  
238.236287 0.008355  0.096847  -0.022479  0.941952  0.333383  -0.039767  -0.332218  0.942619  0.033189  0.048550  -0.018051  0.998658  -0.000107  0.003277  -0.009241  -0.169864  0.094515  0.637976  2.000000  
238.237537 0.008352  0.096849  -0.022487  0.941735  0.333965  -0.040039  -0.332795  0.942415  0.033188  0.048817  -0.017930  0.998647  -0.000506  0.003145  -0.008907  -0.164726  0.102953  0.626284  2.000000  
238.238539 0.008349  0.096849  -0.022492  0.941591  0.334345  -0.040232  -0.333181  0.942285  0.033021  0.048951  -0.017687  0.998645  -0.000755  0.002986  -0.008661  -0.169322  0.107777  0.612449  2.000000  
238.239787 0.008346  0.096850  -0.022499  0.941442  0.334733  -0.040511  -0.333564  0.942149  0.033012  0.049218  -0.017566  0.998634  -0.001055  0.002762  -0.008309  -0.162137  0.117270  0.592072  2.000000  
238.240790 0.008344  0.096851  -0.022504  0.941367  0.334924  -0.040671  -0.333755  0.942084  0.032951  0.049352  -0.017445  0.998629  -0.001263  0.002572  -0.007924  -0.160336  0.123259  0.576275  2.000000  
238.241791 0.008342  0.096851  -0.022509  0.941223  0.335304  -0.040865  -0.334141  0.941953  0.032784  0.049485  -0.017202  0.998627  -0.001416  0.002331  -0.007561  -0.160925  0.123682  0.562451  2.000000  
238.242792 0.008340  0.096852  -0.022513  0.941148  0.335495  -0.041025  -0.334332  0.941887  0.032723  0.049619  -0.017081  0.998622  -0.001538  0.002116  -0.007175  -0.157449  0.128538  0.548625  2.000000  
238.244037 0.008338  0.096853  -0.022517  0.941004  0.335880  -0.041178  -0.334718  0.941752  0.032670  0.049753  -0.016960  0.998618  -0.001622  0.001924  -0.006629  -0.149904  0.128961  0.534847  2.000000  
238.245037 0.008337  0.096855  -0.022520  0.940929  0.336071  -0.041338  -0.334909  0.941686  0.032609  0.049886  -0.016838  0.998613  -0.001725  0.001733  -0.006093  -0.146454  0.133824  0.521093  2.000000  
238.246286 0.008336  0.096857  -0.022522  0.940854  0.336267  -0.041457  -0.335101  0.941616  0.032662  0.050020  -0.016838  0.998606  -0.001770  0.001538  -0.005428  -0.139212  0.134275  0.500294  2.000000  
238.247539 0.008334  0.096859  -0.022525  0.940772  0.336460  -0.041743  -0.335290  0.941549  0.032647  0.050287  -0.016717  0.998595  -0.001806  0.001363  -0.004846  -0.136044  0.139269  0.479660  2.000000  
238.248784 0.008332  0.096859  -0.022527  0.940703  0.336649  -0.041777  -0.335483  0.941484  0.032541  0.050287  -0.016596  0.998597  -0.001827  0.001184  -0.004389  -0.131839  0.134137  0.455031  2.000000  
238.249787 0.008330  0.096860  -0.022529  0.940628  0.336840  -0.041937  -0.335675  0.941418  0.032480  0.050421  -0.016475  0.998592  -0.001855  0.001000  -0.003993  -0.129815  0.135741  0.438107  2.000000  
238.251033 0.008327  0.096861  -0.022531  0.940552  0.337031  -0.042097  -0.335866  0.941352  0.032420  0.050554  -0.016353  0.998587  -0.001875  0.000924  -0.003498  -0.122611  0.136235  0.417352  2.000000  
238.252033 0.008325  0.096861  -0.022532  0.940483  0.337224  -0.042090  -0.336060  0.941282  0.032428  0.050554  -0.016353  0.998587  -0.001897  0.000837  -0.003187  -0.118198  0.135364  0.400116  2.000000  
238.253287 0.008321  0.096862  -0.022533  0.940477  0.337221  -0.042257  -0.336057  0.941285  0.032359  0.050688  -0.016232  0.998583  -0.001898  0.000834  -0.002725  -0.116426  0.132636  0.375874  2.000000  
238.254540 0.008319  0.096863  -0.022532  0.940401  0.337412  -0.042417  -0.336249  0.941219  0.032299  0.050822  -0.016111  0.998578  -0.001836  0.000887  -0.002222  -0.113591  0.133139  0.348022  2.000000  
238.255786 0.008317  0.096865  -0.022532  0.940395  0.337414  -0.042543  -0.336247  0.941218  0.032344  0.050955  -0.016111  0.998571  -0.001829  0.000962  -0.001839  -0.105533  0.132457  0.324587  2.000000  
238.256789 0.008314  0.096867  -0.022531  0.940319  0.337610  -0.042662  -0.336438  0.941148  0.032397  0.051089  -0.016111  0.998564  -0.001852  0.001051  -0.001493  -0.099242  0.133983  0.306571  2.000000  
238.258037 0.008312  0.096869  -0.022531  0.940243  0.337800  -0.042822  -0.336629  0.941082  0.032337  0.051222  -0.015990  0.998559  -0.001865  0.001141  -0.001090  -0.095779  0.129779  0.292626  2.000000  
238.259287 0.008311  0.096872  -0.022530  0.940237  0.337802  -0.042948  -0.336627  0.941081  0.032382  0.051356  -0.015989  0.998552  -0.001848  0.001258  -0.000758  -0.091916  0.129077  0.269620  2.000000  
238.260287 0.008310  0.096875  -0.022528  0.940237  0.337797  -0.042989  -0.336627  0.941085  0.032268  0.051356  -0.015868  0.998554  -0.001823  0.001296  -0.000511  -0.089622  0.121605  0.251026  2.000000  
238.261542 0.008309  0.096878  -0.022528  0.940154  0.337995  -0.043234  -0.336816  0.941014  0.032367  0.051623  -0.015868  0.998541  -0.001801  0.001406  -0.000328  -0.086495  0.126433  0.230277  2.000000  
238.262544 0.008308  0.096881  -0.022528  0.940154  0.337995  -0.043234  -0.336816  0.941014  0.032367  0.051623  -0.015868  0.998541  -0.001757  0.001515  -0.000193  -0.083078  0.122170  0.216338  2.000000  
238.263550 0.008307  0.096883  -0.022528  0.940078  0.338185  -0.043394  -0.337007  0.940948  0.032307  0.051757  -0.015747  0.998536  -0.001723  0.001596  -0.000080  -0.079647  0.117946  0.202411  2.000000  
238.264790 0.008305  0.096886  -0.022529  0.940072  0.338187  -0.043520  -0.337005  0.940947  0.032352  0.051891  -0.015747  0.998529  -0.001622  0.001734  0.000033  -0.076240  0.118197  0.188591  2.000000  
238.266036 0.008304  0.096889  -0.022530  0.939996  0.338383  -0.043639  -0.337196  0.940877  0.032406  0.052024  -0.015747  0.998522  -0.001512  0.001892  0.000058  -0.068419  0.113877  0.181647  2.000000  
238.267287 0.008303  0.096891  -0.022531  0.939989  0.338380  -0.043805  -0.337193  0.940880  0.032337  0.052158  -0.015625  0.998517  -0.001360  0.001977  0.000066  0.000000  0.000000  0.000000  2.000000  
238.268536 0.008303  0.096893  -0.022532  0.939913  0.338575  -0.043925  -0.337385  0.940809  0.032391  0.052291  -0.015625  0.998510  -0.001210  0.002076  0.000058  0.000000  0.000000  0.000000  2.000000  
238.269784 0.008304  0.096896  -0.022533  0.939837  0.338771  -0.044044  -0.337576  0.940739  0.032445  0.052425  -0.015625  0.998503  -0.000958  0.002196  -0.000037  0.000000  0.000000  0.000000  2.000000  
238.271032 0.008305  0.096899  -0.022535  0.939831  0.338773  -0.044169  -0.337573  0.940738  0.032490  0.052559  -0.015625  0.998496  -0.000718  0.002263  -0.000205  0.000000  0.000000  0.000000  2.000000  
238.272290 0.008307  0.096902  -0.022536  0.939755  0.338974  -0.044247  -0.337764  0.940664  0.032659  0.052692  -0.015746  0.998487  -0.000472  0.002321  -0.000359  0.000000  0.000000  0.000000  2.000000  
238.273551 0.008309  0.096906  -0.022538  0.939748  0.338976  -0.044373  -0.337762  0.940663  0.032704  0.052826  -0.015746  0.998480  -0.000147  0.002344  -0.000510  0.000000  0.000000  0.000000  2.000000  
238.274552 0.008312  0.096908  -0.022539  0.939672  0.339172  -0.044492  -0.337953  0.940593  0.032758  0.052959  -0.015746  0.998473  0.000092  0.002348  -0.000719  0.000000  0.000000  0.000000  2.000000  
238.275786 0.008315  0.096911  -0.022541  0.939658  0.339176  -0.044743  -0.337948  0.940591  0.032849  0.053227  -0.015746  0.998458  0.000346  0.002343  -0.000854  0.000000  0.000000  0.000000  2.000000  
238.276787 0.008317  0.096913  -0.022541  0.939652  0.339178  -0.044869  -0.337946  0.940591  0.032894  0.053360  -0.015745  0.998451  0.000606  0.002309  -0.000860  0.000000  0.000000  0.000000  2.000000  
238.277788 0.008320  0.096915  -0.022542  0.939575  0.339379  -0.044947  -0.338137  0.940516  0.033062  0.053494  -0.015866  0.998442  0.000815  0.002219  -0.000945  0.000000  0.000000  0.000000  2.000000  
238.279036 0.008323  0.096917  -0.022542  0.939562  0.339383  -0.045198  -0.338132  0.940515  0.033153  0.053761  -0.015866  0.998428  0.001155  0.002178  -0.000925  0.000000  0.000000  0.000000  2.000000  
238.280036 0.008326  0.096918  -0.022543  0.939555  0.339385  -0.045324  -0.338130  0.940514  0.033198  0.053895  -0.015866  0.998421  0.001366  0.002081  -0.000936  0.000000  0.000000  0.000000  2.000000  
238.281037 0.008329  0.096919  -0.022543  0.939548  0.339387  -0.045450  -0.338127  0.940513  0.033243  0.054028  -0.015866  0.998413  0.001665  0.002033  -0.000902  0.000000  0.000000  0.000000  2.000000  
238.282286 0.008332  0.096920  -0.022543  0.939541  0.339389  -0.045575  -0.338125  0.940512  0.033289  0.054162  -0.015866  0.998406  0.001939  0.001947  -0.000820  0.000000  0.000000  0.000000  2.000000  
238.283546 0.008336  0.096921  -0.022543  0.939465  0.339590  -0.045653  -0.338316  0.940438  0.033457  0.054296  -0.015987  0.998397  0.002217  0.001847  -0.000757  0.000000  0.000000  0.000000  2.000000  
238.284782 0.008341  0.096923  -0.022544  0.939451  0.339594  -0.045904  -0.338311  0.940436  0.033548  0.054563  -0.015987  0.998382  0.002452  0.001760  -0.000744  0.000000  0.000000  0.000000  2.000000  
238.286037 0.008345  0.096924  -0.022544  0.939444  0.339601  -0.045989  -0.338308  0.940431  0.033707  0.054696  -0.016108  0.998373  0.002689  0.001655  -0.000668  0.000000  0.000000  0.000000  2.000000  
238.287304 0.008349  0.096926  -0.022544  0.939500  0.339418  -0.046206  -0.338110  0.940496  0.033902  0.054964  -0.016229  0.998356  0.002863  0.001545  -0.000547  0.000000  0.000000  0.000000  2.000000  
238.288532 0.008353  0.096927  -0.022544  0.939486  0.339422  -0.046457  -0.338105  0.940494  0.033993  0.055231  -0.016228  0.998342  0.002955  0.001412  -0.000448  0.000000  0.000000  0.000000  2.000000  
238.289532 0.008356  0.096928  -0.022544  0.939479  0.339429  -0.046542  -0.338102  0.940489  0.034152  0.055364  -0.016349  0.998332  0.002989  0.001296  -0.000332  0.000000  0.000000  0.000000  2.000000  
238.290554 0.008360  0.096928  -0.022544  0.939472  0.339437  -0.046626  -0.338100  0.940485  0.034311  0.055498  -0.016470  0.998323  0.003037  0.001147  -0.000192  0.000000  0.000000  0.000000  2.000000  
238.291787 0.008363  0.096929  -0.022542  0.939458  0.339441  -0.046878  -0.338095  0.940483  0.034402  0.055765  -0.016470  0.998308  0.003025  0.001029  -0.000062  0.000000  0.000000  0.000000  2.000000  
238.293036 0.008365  0.096929  -0.022540  0.939451  0.339449  -0.046962  -0.338092  0.940478  0.034561  0.055899  -0.016591  0.998299  0.002989  0.000921  0.000087  0.000000  0.000000  0.000000  2.000000  
238.294037 0.008368  0.096930  -0.022539  0.939437  0.339453  -0.047214  -0.338087  0.940477  0.034652  0.056166  -0.016591  0.998284  0.002982  0.000890  0.000235  0.000000  0.000000  0.000000  2.000000  
238.295286 0.008370  0.096931  -0.022536  0.939423  0.339463  -0.047424  -0.338082  0.940471  0.034856  0.056433  -0.016712  0.998267  0.002908  0.000835  0.000443  0.000000  0.000000  0.000000  2.000000  
238.296288 0.008372  0.096931  -0.022535  0.939486  0.339272  -0.047557  -0.337886  0.940540  0.034892  0.056567  -0.016711  0.998259  0.002848  0.000823  0.000562  0.000000  0.000000  0.000000  2.000000  
238.297539 0.008375  0.096932  -0.022532  0.939471  0.339282  -0.047767  -0.337881  0.940534  0.035096  0.056834  -0.016832  0.998242  0.002776  0.000792  0.000718  0.000000  0.000000  0.000000  2.000000  
238.298551 0.008377  0.096933  -0.022530  0.939457  0.339286  -0.048018  -0.337876  0.940533  0.035186  0.057101  -0.016832  0.998227  0.002721  0.000808  0.000940  0.000000  0.000000  0.000000  2.000000  
238.299785 0.008380  0.096935  -0.022527  0.939443  0.339296  -0.048228  -0.337871  0.940527  0.035391  0.057368  -0.016953  0.998209  0.002608  0.000839  0.001186  0.000000  0.000000  0.000000  2.000000  
238.301033 0.008382  0.096937  -0.022523  0.939428  0.339300  -0.048480  -0.337865  0.940525  0.035481  0.057635  -0.016953  0.998194  0.002500  0.000857  0.001395  0.000000  0.000000  0.000000  2.000000  
238.302034 0.008385  0.096939  -0.022521  0.939414  0.339310  -0.048690  -0.337860  0.940520  0.035686  0.057902  -0.017073  0.998176  0.002405  0.000896  0.001557  0.000000  0.000000  0.000000  2.000000  
238.303282 0.008387  0.096941  -0.022518  0.939399  0.339315  -0.048941  -0.337855  0.940518  0.035776  0.058170  -0.017073  0.998161  0.002317  0.000963  0.001770  0.000000  0.000000  0.000000  2.000000  
238.304283 0.008390  0.096943  -0.022516  0.939384  0.339325  -0.049151  -0.337850  0.940512  0.035981  0.058437  -0.017194  0.998143  0.002268  0.001015  0.001873  0.000000  0.000000  0.000000  2.000000  
238.305286 0.008391  0.096944  -0.022514  0.939377  0.339333  -0.049236  -0.337847  0.940507  0.036140  0.058570  -0.017315  0.998133  0.002160  0.001087  0.001981  0.000000  0.000000  0.000000  2.000000  
238.306536 0.008393  0.096946  -0.022512  0.939424  0.339146  -0.049620  -0.337646  0.940574  0.036265  0.058971  -0.017314  0.998110  0.002081  0.001134  0.002018  0.000000  0.000000  0.000000  2.000000  
238.307543 0.008394  0.096947  -0.022511  0.939417  0.339154  -0.049705  -0.337643  0.940569  0.036425  0.059105  -0.017435  0.998100  0.001971  0.001167  0.002000  0.000000  0.000000  0.000000  2.000000  
238.308788 0.008396  0.096948  -0.022510  0.939394  0.339161  -0.050082  -0.337635  0.940567  0.036560  0.059505  -0.017435  0.998076  0.001910  0.001211  0.001958  0.051786  0.196441  -0.010428  2.000000  
238.309789 0.008397  0.096949  -0.022509  0.939387  0.339169  -0.050167  -0.337632  0.940562  0.036719  0.059639  -0.017556  0.998066  0.001856  0.001254  0.001875  0.000000  0.000000  0.000000  2.000000  
238.311036 0.008399  0.096950  -0.022508  0.939364  0.339176  -0.050544  -0.337624  0.940559  0.036855  0.060039  -0.017555  0.998042  0.001845  0.001301  0.001821  0.055823  0.200901  -0.010341  2.000000  
238.312286 0.008401  0.096952  -0.022506  0.939349  0.339186  -0.050754  -0.337619  0.940553  0.037059  0.060307  -0.017676  0.998023  0.001822  0.001377  0.001748  0.059864  0.205363  -0.010254  2.000000  
238.313550 0.008404  0.096955  -0.022504  0.939334  0.339191  -0.051005  -0.337613  0.940552  0.037150  0.060574  -0.017676  0.998007  0.001800  0.001446  0.001687  0.055857  0.207091  -0.017226  2.000000  
238.314792 0.008407  0.096957  -0.022503  0.939311  0.339204  -0.051341  -0.337605  0.940545  0.037399  0.060974  -0.017797  0.997981  0.001796  0.001487  0.001599  0.059945  0.216148  -0.017066  2.000000  
238.316039 0.008410  0.096960  -0.022500  0.939296  0.339208  -0.051592  -0.337599  0.940543  0.037490  0.061241  -0.017796  0.997964  0.001846  0.001513  0.001540  0.055867  0.216164  -0.017054  2.000000  
238.317285 0.008413  0.096962  -0.022499  0.939272  0.339221  -0.051928  -0.337591  0.940536  0.037739  0.061642  -0.017917  0.997937  0.001863  0.001533  0.001413  0.055842  0.223347  -0.009892  2.000000  
238.318532 0.008416  0.096965  -0.022498  0.939318  0.339034  -0.052313  -0.337389  0.940603  0.037864  0.062043  -0.017916  0.997913  0.001903  0.001585  0.001345  0.051788  0.229699  -0.016785  2.000000  
238.319533 0.008419  0.096967  -0.022497  0.939303  0.339039  -0.052564  -0.337384  0.940602  0.037954  0.062310  -0.017916  0.997896  0.001909  0.001605  0.001258  0.051788  0.234213  -0.016709  2.000000  
238.320536 0.008421  0.096969  -0.022496  0.939287  0.339043  -0.052815  -0.337378  0.940600  0.038044  0.062577  -0.017916  0.997879  0.002010  0.001632  0.001187  0.047333  0.236845  -0.016487  2.000000  
238.321785 0.008424  0.096971  -0.022496  0.939263  0.339056  -0.053151  -0.337369  0.940593  0.038294  0.062977  -0.018036  0.997852  0.002045  0.001680  0.001121  0.051343  0.241173  -0.016386  2.000000  
238.322787 0.008426  0.096973  -0.022496  0.939247  0.339061  -0.053403  -0.337364  0.940591  0.038384  0.063245  -0.018036  0.997835  0.002107  0.001705  0.001020  0.047688  0.247673  -0.016429  2.000000  
238.324040 0.008429  0.096974  -0.022495  0.939224  0.339068  -0.053779  -0.337355  0.940589  0.038519  0.063645  -0.018036  0.997810  0.002181  0.001756  0.000984  0.047678  0.252153  -0.016350  2.000000  
238.325287 0.008431  0.096976  -0.022495  0.939199  0.339081  -0.054115  -0.337346  0.940582  0.038769  0.064046  -0.018156  0.997782  0.002246  0.001782  0.000881  0.047679  0.256695  -0.016243  2.000000  
238.326288 0.008433  0.096978  -0.022495  0.939253  0.338892  -0.054375  -0.337147  0.940650  0.038848  0.064313  -0.018156  0.997765  0.002234  0.001828  0.000826  0.047673  0.256693  -0.016243  2.000000  
238.327538 0.008437  0.096981  -0.022495  0.939228  0.338899  -0.054752  -0.337139  0.940648  0.038983  0.064713  -0.018155  0.997739  0.002323  0.001880  0.000746  0.043225  0.263463  -0.015934  2.000000  
238.328539 0.008439  0.096983  -0.022494  0.939212  0.338904  -0.055003  -0.337133  0.940646  0.039074  0.064980  -0.018155  0.997721  0.002314  0.001900  0.000708  0.043236  0.263565  -0.015940  2.000000  
238.329541 0.008441  0.096986  -0.022494  0.939196  0.338915  -0.055213  -0.337127  0.940640  0.039278  0.065247  -0.018276  0.997702  0.002322  0.001920  0.000622  0.043567  0.265614  -0.016032  2.000000  
238.330548 0.008444  0.096988  -0.022493  0.939179  0.338919  -0.055464  -0.337121  0.940638  0.039368  0.065514  -0.018275  0.997684  0.002335  0.001944  0.000524  0.043550  0.265545  -0.016027  2.000000  
238.331786 0.008447  0.096991  -0.022493  0.939154  0.338926  -0.055841  -0.337112  0.940635  0.039503  0.065915  -0.018275  0.997658  0.002325  0.001992  0.000469  0.039484  0.270151  -0.015937  2.000000  
238.333033 0.008450  0.096994  -0.022493  0.939129  0.338940  -0.056177  -0.337103  0.940628  0.039753  0.066315  -0.018396  0.997629  0.002314  0.002031  0.000388  0.043195  0.272385  -0.015710  2.000000  
238.334039 0.008452  0.096997  -0.022492  0.939174  0.338753  -0.056562  -0.336901  0.940695  0.039876  0.066716  -0.018395  0.997602  0.002291  0.002009  0.000354  0.039032  0.279231  -0.022645  2.000000  
238.335284 0.008455  0.096999  -0.022490  0.939148  0.338760  -0.056939  -0.336892  0.940693  0.040012  0.067116  -0.018395  0.997576  0.002284  0.002080  0.000413  0.034666  0.285900  -0.022286  2.000000  
238.336287 0.008456  0.097001  -0.022490  0.939123  0.338767  -0.057316  -0.336882  0.940690  0.040147  0.067517  -0.018394  0.997549  0.002241  0.002084  0.000411  0.035381  0.288157  -0.015566  2.000000  
238.337537 0.008459  0.097004  -0.022488  0.939097  0.338774  -0.057693  -0.336873  0.940688  0.040282  0.067917  -0.018394  0.997521  0.002237  0.002133  0.000516  0.031044  0.294737  -0.015261  2.000000  
238.338784 0.008461  0.097007  -0.022486  0.939071  0.338781  -0.058070  -0.336864  0.940685  0.040417  0.068318  -0.018393  0.997494  0.002218  0.002211  0.000639  0.031034  0.294719  -0.015260  2.000000  
238.339787 0.008464  0.097010  -0.022484  0.939046  0.338788  -0.058447  -0.336855  0.940683  0.040552  0.068718  -0.018393  0.997467  0.002247  0.002304  0.000782  0.026983  0.303619  -0.015080  2.000000  
238.340798 0.008466  0.097012  -0.022482  0.939028  0.338793  -0.058698  -0.336849  0.940681  0.040642  0.068985  -0.018392  0.997448  0.002247  0.002358  0.000874  0.027190  0.301530  -0.015280  2.000000  
238.342037 0.008469  0.097016  -0.022480  0.939002  0.338800  -0.059075  -0.336839  0.940679  0.040778  0.069386  -0.018392  0.997420  0.002243  0.002402  0.000971  0.023116  0.306137  -0.015185  2.000000  
238.343286 0.008472  0.097019  -0.022478  0.938976  0.338807  -0.059451  -0.336830  0.940676  0.040913  0.069786  -0.018391  0.997392  0.002254  0.002432  0.001069  0.023121  0.310790  -0.015111  2.000000  
238.344306 0.008474  0.097022  -0.022477  0.938958  0.338811  -0.059703  -0.336823  0.940675  0.041003  0.070053  -0.018391  0.997374  0.002230  0.002469  0.001138  0.019022  0.310561  -0.015081  2.000000  
238.345539 0.008477  0.097025  -0.022475  0.938932  0.338818  -0.060080  -0.336814  0.940672  0.041138  0.070453  -0.018390  0.997346  0.002239  0.002490  0.001240  0.019017  0.310610  -0.015083  2.000000  
238.346553 0.008480  0.097029  -0.022473  0.938914  0.338823  -0.060331  -0.336808  0.940670  0.041228  0.070720  -0.018390  0.997327  0.002254  0.002531  0.001338  0.014926  0.310447  -0.015056  2.000000  
238.347789 0.008483  0.097032  -0.022471  0.938887  0.338830  -0.060708  -0.336798  0.940668  0.041363  0.071121  -0.018389  0.997298  0.002269  0.002541  0.001487  0.015386  0.310470  -0.008160  2.000000  
