1-Time 2-Px 3-Py 4-Pz 5-R11 6-R21 7-R31 8-R12 9-R22 10-R32 11-R13 12-R23 13-R33 14-Vx 15-Vy 16-Vz 17-Wx 18-Wy 19-Wz 20-state 21-PR11 22-PR21 23-PR31 24-PR12 25-PR22 26-PR32 27-PR13 28-PR23 29-PR33 
59.363782 -0.001027  0.088605  -0.005133  0.979154  0.198521  -0.042973  -0.195237  0.978219  0.070497  0.056032  -0.060637  0.996586  0.001589  0.001360  -0.006287  0.000000  0.000000  0.000000  2.000000  
59.364783 -0.001025  0.088606  -0.005139  0.979114  0.198728  -0.042935  -0.195439  0.978170  0.070624  0.056032  -0.060758  0.996579  0.001582  0.001341  -0.006244  0.000000  0.000000  0.000000  2.000000  
59.365788 -0.001025  0.088605  -0.005146  0.978824  0.200150  -0.042939  -0.196848  0.977872  0.070831  0.056166  -0.060878  0.996564  0.001509  0.001198  -0.006269  0.000000  0.000000  0.000000  2.000000  
59.367033 -0.001025  0.088603  -0.005155  0.978327  0.202578  -0.042870  -0.199264  0.977364  0.071082  0.056299  -0.060999  0.996549  0.001369  0.000916  -0.006348  0.017871  -0.001554  0.172957  2.000000  
59.368035 -0.001025  0.088600  -0.005162  0.978032  0.204010  -0.042824  -0.200672  0.977044  0.071526  0.056433  -0.061361  0.996519  0.001281  0.000627  -0.006385  0.032849  -0.000054  0.221577  2.000000  
59.369293 -0.001024  0.088595  -0.005171  0.977734  0.205442  -0.042777  -0.202080  0.976721  0.071970  0.056567  -0.061723  0.996489  0.001189  0.000196  -0.006434  0.047826  0.001429  0.270128  2.000000  
59.370303 -0.001023  0.088593  -0.005177  0.977419  0.206889  -0.042989  -0.203484  0.976393  0.072468  0.056967  -0.062084  0.996444  0.001118  -0.000085  -0.006427  0.062792  0.011863  0.318934  2.000000  
59.371538 -0.001024  0.088590  -0.005183  0.976869  0.209365  -0.043517  -0.205889  0.975842  0.073094  0.057769  -0.062444  0.996375  0.000978  -0.000421  -0.006294  0.079501  0.034047  0.396544  2.000000  
59.372538 -0.001024  0.088588  -0.005187  0.976319  0.211827  -0.043937  -0.208293  0.975295  0.073577  0.058437  -0.062683  0.996321  0.000860  -0.000572  -0.006181  0.092544  0.051317  0.480694  2.000000  
59.373584 -0.001025  0.088586  -0.005193  0.975763  0.214287  -0.044354  -0.210696  0.974742  0.074063  0.059105  -0.062922  0.996267  0.000697  -0.000796  -0.006107  0.105467  0.068454  0.563912  2.000000  
59.374787 -0.001025  0.088583  -0.005202  0.974973  0.217763  -0.044797  -0.214100  0.973948  0.074743  0.059906  -0.063282  0.996196  0.000506  -0.001137  -0.006251  0.124903  0.088090  0.683665  2.000000  
59.375787 -0.001025  0.088582  -0.005210  0.974418  0.220204  -0.044949  -0.216503  0.973383  0.075177  0.060307  -0.063522  0.996157  0.000415  -0.001308  -0.006329  0.138013  0.096305  0.767192  2.000000  
59.377037 -0.001024  0.088582  -0.005216  0.973614  0.223667  -0.045254  -0.219903  0.972570  0.075834  0.060974  -0.063882  0.996093  0.000398  -0.001421  -0.006280  0.157385  0.111279  0.885839  2.000000  
59.378302 -0.001020  0.088582  -0.005220  0.972753  0.227323  -0.045567  -0.223500  0.971706  0.076386  0.061642  -0.064121  0.996037  0.000483  -0.001488  -0.006012  0.172644  0.126185  1.003811  2.000000  
59.379537 -0.001017  0.088581  -0.005226  0.971823  0.231183  -0.045990  -0.227292  0.970779  0.076982  0.062443  -0.064359  0.995971  0.000537  -0.001714  -0.005886  0.189078  0.144833  1.137031  2.000000  
59.380787 -0.001013  0.088577  -0.005233  0.970821  0.235254  -0.046495  -0.231278  0.969777  0.077740  0.063378  -0.064718  0.995889  0.000762  -0.001859  -0.005830  0.210089  0.167349  1.276840  2.000000  
59.382037 -0.001008  0.088574  -0.005239  0.969843  0.239130  -0.047139  -0.235057  0.968804  0.078524  0.064446  -0.065076  0.995797  0.001112  -0.001955  -0.005563  0.231345  0.195106  1.412724  2.000000  
59.383288 -0.001004  0.088567  -0.005243  0.968947  0.242604  -0.047811  -0.238433  0.967916  0.079296  0.065514  -0.065434  0.995704  0.001387  -0.002118  -0.005248  0.250617  0.223396  1.522667  2.000000  
59.384533 -0.000998  0.088558  -0.005246  0.967929  0.246488  -0.048544  -0.242202  0.966902  0.080242  0.066716  -0.065912  0.995593  0.001712  -0.002464  -0.004918  0.275933  0.255115  1.656441  2.000000  
59.385539 -0.000992  0.088548  -0.005250  0.967065  0.249749  -0.049092  -0.245374  0.966040  0.080983  0.067650  -0.066270  0.995506  0.002144  -0.002940  -0.004766  0.295687  0.279106  1.768233  2.000000  
59.386547 -0.000985  0.088538  -0.005254  0.966250  0.252801  -0.049524  -0.248345  0.965221  0.081684  0.068451  -0.066628  0.995427  0.002651  -0.003447  -0.004741  0.314940  0.298961  1.872564  2.000000  
59.387788 -0.000976  0.088524  -0.005260  0.965303  0.256277  -0.050113  -0.251707  0.964263  0.082711  0.069519  -0.067227  0.995313  0.003300  -0.004268  -0.004721  0.343816  0.326870  1.992841  2.000000  
59.388788 -0.000969  0.088511  -0.005265  0.964520  0.259126  -0.050553  -0.254474  0.963476  0.083409  0.070320  -0.067585  0.995232  0.003750  -0.005009  -0.004654  0.362508  0.347642  2.084172  2.000000  
59.390038 -0.000961  0.088493  -0.005273  0.963762  0.261798  -0.051232  -0.257035  0.962720  0.084286  0.071388  -0.068063  0.995124  0.004256  -0.006010  -0.004550  0.389722  0.377365  2.176149  2.000000  
59.391290 -0.000952  0.088474  -0.005281  0.962782  0.265261  -0.051836  -0.260386  0.961737  0.085209  0.072455  -0.068541  0.995014  0.004860  -0.007318  -0.004480  0.414661  0.405054  2.295323  2.000000  
59.392535 -0.000942  0.088454  -0.005289  0.961780  0.268731  -0.052563  -0.263731  0.960740  0.086173  0.073656  -0.069017  0.994893  0.005333  -0.008509  -0.004735  0.440009  0.437290  2.415475  2.000000  
59.393541 -0.000935  0.088440  -0.005295  0.960959  0.271565  -0.053018  -0.266486  0.959925  0.086771  0.074457  -0.069254  0.994817  0.005701  -0.009638  -0.004911  0.454918  0.457994  2.506483  2.000000  
59.394790 -0.000927  0.088421  -0.005303  0.960044  0.274634  -0.053770  -0.269427  0.959017  0.087723  0.075658  -0.069731  0.994693  0.005990  -0.010751  -0.005022  0.474588  0.491761  2.598991  2.000000  
59.396040 -0.000921  0.088402  -0.005311  0.959119  0.277689  -0.054583  -0.272366  0.958120  0.088448  0.076858  -0.069966  0.994584  0.006146  -0.011791  -0.005123  0.482385  0.520870  2.628577  2.000000  
59.397288 -0.000914  0.088383  -0.005319  0.958261  0.280525  -0.055155  -0.275109  0.957276  0.089094  0.077792  -0.070202  0.994495  0.006231  -0.012607  -0.005244  0.481140  0.545677  2.651380  2.000000  
59.398299 -0.000910  0.088367  -0.005325  0.957518  0.282957  -0.055633  -0.277458  0.956543  0.089685  0.078592  -0.070439  0.994415  0.006236  -0.013461  -0.005479  0.481472  0.564076  2.679305  2.000000  
59.399538 -0.000908  0.088346  -0.005331  0.956585  0.285986  -0.056180  -0.280393  0.955624  0.090350  0.079526  -0.070675  0.994324  0.006049  -0.014274  -0.005698  0.482759  0.581865  2.735550  2.000000  
59.400785 -0.000907  0.088323  -0.005338  0.955749  0.288629  -0.056889  -0.282928  0.954811  0.091034  0.080593  -0.070910  0.994222  0.005573  -0.014805  -0.005772  0.482783  0.597020  2.764188  2.000000  
59.401786 -0.000908  0.088304  -0.005344  0.955161  0.290459  -0.057450  -0.284679  0.954248  0.091482  0.081393  -0.071026  0.994148  0.004972  -0.015391  -0.005904  0.479784  0.601891  2.750776  2.000000  
59.402790 -0.000912  0.088285  -0.005350  0.954559  0.292305  -0.058101  -0.286427  0.953666  0.092088  0.082327  -0.071261  0.994054  0.004201  -0.016006  -0.006020  0.479256  0.608774  2.731928  2.000000  
59.404037 -0.000918  0.088259  -0.005356  0.953763  0.294747  -0.058820  -0.288758  0.952897  0.092770  0.083393  -0.071496  0.993949  0.003283  -0.016580  -0.006003  0.473176  0.616862  2.703991  2.000000  
59.405037 -0.000924  0.088239  -0.005361  0.953092  0.296780  -0.059483  -0.290698  0.952257  0.093278  0.084327  -0.071611  0.993862  0.002470  -0.016943  -0.005928  0.469598  0.631111  2.684345  2.000000  
59.406292 -0.000933  0.088213  -0.005368  0.952223  0.299415  -0.060178  -0.293221  0.951414  0.093981  0.085393  -0.071846  0.993754  0.001178  -0.017429  -0.005836  0.468622  0.651711  2.665796  2.000000  
59.407537 -0.000944  0.088187  -0.005377  0.951419  0.301836  -0.060797  -0.295549  0.950640  0.094521  0.086326  -0.071960  0.993665  -0.000248  -0.017904  -0.005887  0.461172  0.660702  2.624581  2.000000  
59.408539 -0.000955  0.088165  -0.005386  0.950753  0.303846  -0.061200  -0.297490  0.949991  0.094960  0.086993  -0.072077  0.993598  -0.001353  -0.018328  -0.006069  0.458505  0.669448  2.591061  2.000000  
59.409788 -0.000972  0.088136  -0.005398  0.949938  0.306264  -0.061816  -0.299813  0.949205  0.095506  0.087926  -0.072191  0.993508  -0.002995  -0.018961  -0.006307  0.451197  0.673836  2.550017  2.000000  
59.411037 -0.000991  0.088108  -0.005411  0.949053  0.308867  -0.062447  -0.302329  0.948362  0.095953  0.088859  -0.072185  0.993425  -0.004697  -0.019598  -0.006633  0.441962  0.672396  2.501816  2.000000  
59.412290 -0.001011  0.088082  -0.005424  0.948161  0.311469  -0.063075  -0.304842  0.947511  0.096405  0.089792  -0.072179  0.993342  -0.006608  -0.020150  -0.007021  0.427112  0.672625  2.459676  2.000000  
59.413535 -0.001032  0.088057  -0.005438  0.947324  0.313873  -0.063722  -0.307158  0.946718  0.096847  0.090724  -0.072173  0.993257  -0.008373  -0.020491  -0.007535  0.414320  0.666265  2.418306  2.000000  
59.414536 -0.001052  0.088036  -0.005450  0.946684  0.315674  -0.064339  -0.308890  0.946129  0.097098  0.091524  -0.072047  0.993193  -0.009651  -0.020625  -0.007936  0.394542  0.666795  2.375675  2.000000  
59.415784 -0.001079  0.088011  -0.005464  0.945848  0.318065  -0.064856  -0.311204  0.945328  0.097506  0.092323  -0.072042  0.993120  -0.011478  -0.020824  -0.008448  0.376992  0.660223  2.329664  2.000000  
59.417034 -0.001107  0.087985  -0.005480  0.944941  0.320641  -0.065390  -0.313711  0.944467  0.097815  0.093123  -0.071916  0.993054  -0.013228  -0.021005  -0.008947  0.356149  0.653325  2.294937  2.000000  
59.418041 -0.001131  0.087964  -0.005493  0.944104  0.323011  -0.065818  -0.316025  0.943668  0.098073  0.093789  -0.071791  0.993000  -0.014714  -0.021043  -0.009485  0.337397  0.647975  2.272389  2.000000  
59.419286 -0.001162  0.087939  -0.005507  0.943261  0.325379  -0.066244  -0.318336  0.942864  0.098333  0.094455  -0.071666  0.992946  -0.016159  -0.021003  -0.009966  0.316452  0.637030  2.259187  2.000000  
59.420294 -0.001187  0.087919  -0.005518  0.942543  0.327356  -0.066710  -0.320257  0.942189  0.098569  0.095121  -0.071541  0.992892  -0.017427  -0.020918  -0.010361  0.298303  0.630345  2.249224  2.000000  
59.421538 -0.001219  0.087895  -0.005533  0.941622  0.329914  -0.067114  -0.322758  0.941306  0.098848  0.095787  -0.071416  0.992837  -0.019146  -0.020826  -0.010898  0.281026  0.619120  2.214004  2.000000  
59.422787 -0.001252  0.087871  -0.005549  0.940603  0.332672  -0.067789  -0.325441  0.940353  0.099117  0.096719  -0.071169  0.992764  -0.020378  -0.020688  -0.011310  0.260519  0.613912  2.195678  2.000000  
59.423788 -0.001278  0.087852  -0.005562  0.939722  0.335032  -0.068377  -0.327738  0.939534  0.099319  0.097518  -0.070923  0.992704  -0.021381  -0.020419  -0.011611  0.238023  0.607270  2.185408  2.000000  
59.425037 -0.001310  0.087829  -0.005580  0.938768  0.337582  -0.068945  -0.330225  0.938639  0.099538  0.098317  -0.070676  0.992642  -0.022247  -0.020137  -0.011958  0.219223  0.594285  2.177795  2.000000  
59.426299 -0.001341  0.087806  -0.005599  0.937818  0.340121  -0.069387  -0.332715  0.937741  0.099717  0.098982  -0.070431  0.992594  -0.023147  -0.019763  -0.012405  0.203444  0.581509  2.161784  2.000000  
59.427536 -0.001370  0.087783  -0.005619  0.936806  0.342841  -0.069682  -0.335398  0.936768  0.099869  0.099515  -0.070186  0.992558  -0.023803  -0.019554  -0.012818  0.188170  0.568800  2.154740  2.000000  
59.428537 -0.001393  0.087765  -0.005634  0.936006  0.344962  -0.069956  -0.337505  0.936016  0.099821  0.099914  -0.069822  0.992543  -0.024119  -0.019442  -0.013124  0.168435  0.555949  2.146677  2.000000  
59.429785 -0.001420  0.087742  -0.005654  0.935049  0.347476  -0.070314  -0.339991  0.935113  0.099849  0.100447  -0.069457  0.992515  -0.024237  -0.019285  -0.013481  0.152894  0.542268  2.135027  2.000000  
59.431038 -0.001446  0.087720  -0.005675  0.934085  0.349986  -0.070673  -0.342474  0.934203  0.099879  0.100979  -0.069092  0.992486  -0.024159  -0.019087  -0.013844  0.130276  0.525300  2.137131  2.000000  
59.432289 -0.001472  0.087698  -0.005697  0.933173  0.352311  -0.071177  -0.344757  0.933356  0.099944  0.101645  -0.068726  0.992444  -0.023904  -0.018745  -0.014267  0.116479  0.515463  2.139939  2.000000  
59.433538 -0.001497  0.087676  -0.005718  0.932267  0.354624  -0.071557  -0.347042  0.932507  0.099966  0.102177  -0.068362  0.992414  -0.023587  -0.018544  -0.014665  0.098707  0.492789  2.144589  2.000000  
59.434787 -0.001521  0.087654  -0.005740  0.931499  0.356551  -0.071978  -0.348941  0.931798  0.099960  0.102710  -0.067997  0.992385  -0.023138  -0.018387  -0.015163  0.078265  0.476596  2.122772  2.000000  
59.436039 -0.001544  0.087632  -0.005762  0.930668  0.358659  -0.072255  -0.351035  0.931015  0.099925  0.103109  -0.067633  0.992368  -0.022469  -0.018187  -0.015752  0.057757  0.451278  2.110697  2.000000  
59.437042 -0.001562  0.087614  -0.005779  0.929904  0.360574  -0.072552  -0.352936  0.930302  0.099876  0.103508  -0.067269  0.992351  -0.021920  -0.018069  -0.016091  0.042694  0.438014  2.109232  2.000000  
59.438299 -0.001584  0.087593  -0.005801  0.929064  0.362679  -0.072830  -0.355026  0.929509  0.099844  0.103907  -0.066905  0.992334  -0.021159  -0.017866  -0.016369  0.028586  0.424833  2.104791  2.000000  
59.439535 -0.001605  0.087573  -0.005821  0.928232  0.364773  -0.072984  -0.357119  0.928716  0.099766  0.104174  -0.066542  0.992331  -0.020531  -0.017676  -0.016547  0.012345  0.403815  2.089456  2.000000  
59.440538 -0.001622  0.087557  -0.005837  0.927542  0.366492  -0.073136  -0.358828  0.928056  0.099772  0.104440  -0.066299  0.992319  -0.019907  -0.017438  -0.016664  0.002868  0.386917  2.077528  2.000000  
59.441784 -0.001643  0.087538  -0.005858  0.926762  0.368391  -0.073480  -0.360722  0.927338  0.099617  0.104839  -0.065815  0.992309  -0.019356  -0.017216  -0.016801  -0.012241  0.375399  2.059914  2.000000  
59.442784 -0.001659  0.087523  -0.005876  0.926066  0.370107  -0.073633  -0.362428  0.926672  0.099625  0.105105  -0.065572  0.992297  -0.018879  -0.017026  -0.016897  -0.019240  0.357854  2.058485  2.000000  
59.443784 -0.001675  0.087509  -0.005893  0.925442  0.371622  -0.073851  -0.363942  0.926091  0.099506  0.105371  -0.065210  0.992293  -0.018406  -0.016753  -0.016994  -0.031762  0.345791  2.043522  2.000000  
59.444788 -0.001692  0.087494  -0.005911  0.924740  0.373318  -0.074094  -0.365646  0.925443  0.099291  0.105637  -0.064726  0.992296  -0.018062  -0.016530  -0.017119  -0.042826  0.328736  2.042778  2.000000  
59.446040 -0.001713  0.087477  -0.005933  0.924034  0.375012  -0.074339  -0.367348  0.924791  0.099078  0.105903  -0.064243  0.992299  -0.017698  -0.016192  -0.017212  -0.058163  0.307911  2.015765  2.000000  
59.447287 -0.001734  0.087459  -0.005956  0.923250  0.376895  -0.074564  -0.369239  0.924059  0.098881  0.106169  -0.063760  0.992302  -0.017450  -0.015952  -0.017294  -0.073741  0.297412  1.991440  2.000000  
59.448299 -0.001750  0.087444  -0.005975  0.922690  0.378206  -0.074852  -0.370559  0.923556  0.098639  0.106436  -0.063276  0.992304  -0.017186  -0.015729  -0.017380  -0.087706  0.286558  1.963264  2.000000  
59.449538 -0.001772  0.087424  -0.005999  0.921886  0.380084  -0.075248  -0.372442  0.922826  0.098383  0.106835  -0.062672  0.992300  -0.016991  -0.015541  -0.017531  -0.104214  0.279285  1.948685  2.000000  
59.450786 -0.001795  0.087404  -0.006023  0.921168  0.381772  -0.075497  -0.374138  0.922162  0.098174  0.107101  -0.062189  0.992301  -0.017001  -0.015449  -0.017683  -0.118097  0.263939  1.920139  2.000000  
59.452034 -0.001819  0.087383  -0.006047  0.920433  0.383467  -0.075870  -0.375828  0.921491  0.098017  0.107500  -0.061705  0.992288  -0.017115  -0.015392  -0.017866  -0.127849  0.253151  1.891961  2.000000  
59.453045 -0.001839  0.087367  -0.006067  0.919864  0.384782  -0.076114  -0.377143  0.920967  0.097892  0.107766  -0.061342  0.992282  -0.017280  -0.015348  -0.018040  -0.137495  0.237019  1.850582  2.000000  
59.454290 -0.001865  0.087345  -0.006090  0.919201  0.386293  -0.076462  -0.378641  0.920358  0.097834  0.108165  -0.060978  0.992261  -0.017614  -0.015460  -0.018262  -0.144647  0.222411  1.808198  2.000000  
59.455293 -0.001886  0.087327  -0.006109  0.918693  0.387424  -0.076850  -0.379760  0.919907  0.097746  0.108564  -0.060614  0.992240  -0.017888  -0.015597  -0.018393  -0.152258  0.221933  1.779650  2.000000  
59.456539 -0.001913  0.087305  -0.006132  0.918026  0.388924  -0.077245  -0.381256  0.919305  0.097579  0.108963  -0.060130  0.992226  -0.018343  -0.015845  -0.018549  -0.162279  0.214675  1.738196  2.000000  
59.457787 -0.001942  0.087282  -0.006156  0.917277  0.390621  -0.077574  -0.382939  0.918610  0.097541  0.109362  -0.059766  0.992204  -0.018897  -0.016115  -0.018692  -0.168454  0.212531  1.710374  2.000000  
59.459036 -0.001973  0.087259  -0.006179  0.916618  0.392110  -0.077848  -0.384438  0.918006  0.097326  0.109628  -0.059283  0.992203  -0.019546  -0.016426  -0.018817  -0.172719  0.208397  1.675518  2.000000  
59.460038 -0.001998  0.087240  -0.006199  0.916102  0.393237  -0.078238  -0.385553  0.917547  0.097243  0.110027  -0.058920  0.992181  -0.020124  -0.016732  -0.018929  -0.179234  0.209845  1.634280  2.000000  
59.461287 -0.002030  0.087216  -0.006223  0.915439  0.394715  -0.078562  -0.387049  0.916951  0.096919  0.110293  -0.058316  0.992187  -0.020934  -0.017174  -0.019038  -0.186748  0.205316  1.606643  2.000000  
59.462291 -0.002056  0.087198  -0.006243  0.914933  0.395833  -0.078831  -0.388168  0.916492  0.096786  0.110559  -0.057953  0.992178  -0.021579  -0.017459  -0.019157  -0.191268  0.200767  1.584423  2.000000  
59.463535 -0.002089  0.087174  -0.006268  0.914332  0.397127  -0.079298  -0.389469  0.915970  0.096500  0.110958  -0.057349  0.992169  -0.022388  -0.017757  -0.019223  -0.203341  0.196686  1.550935  2.000000  
59.464535 -0.002116  0.087155  -0.006287  0.913822  0.398233  -0.079616  -0.390586  0.915520  0.096258  0.111224  -0.056866  0.992167  -0.022929  -0.017932  -0.019192  -0.208329  0.193746  1.536819  2.000000  
59.465788 -0.002150  0.087131  -0.006310  0.913218  0.399525  -0.080086  -0.391885  0.914994  0.095975  0.111623  -0.056262  0.992157  -0.023755  -0.018255  -0.019133  -0.221972  0.194214  1.508054  2.000000  
59.467038 -0.002184  0.087105  -0.006334  0.912705  0.400620  -0.080454  -0.393001  0.914552  0.095624  0.111889  -0.055658  0.992161  -0.024415  -0.018589  -0.019116  -0.230699  0.190585  1.468002  2.000000  
59.468039 -0.002211  0.087083  -0.006354  0.912273  0.401535  -0.080794  -0.393929  0.914180  0.095369  0.112154  -0.055175  0.992158  -0.024863  -0.018907  -0.019138  -0.240753  0.190897  1.438951  2.000000  
59.469290 -0.002246  0.087054  -0.006378  0.911839  0.402450  -0.081135  -0.394856  0.913807  0.095114  0.112420  -0.054692  0.992154  -0.025511  -0.019376  -0.019193  -0.248831  0.193937  1.396945  2.000000  
59.470297 -0.002274  0.087030  -0.006397  0.911405  0.403375  -0.081427  -0.395782  0.913421  0.094971  0.112686  -0.054329  0.992144  -0.025931  -0.019788  -0.019194  -0.255510  0.196008  1.369200  2.000000  
59.471536 -0.002309  0.086999  -0.006422  0.910969  0.404298  -0.081720  -0.396708  0.913034  0.094828  0.112952  -0.053967  0.992134  -0.026388  -0.020396  -0.019299  -0.255340  0.196166  1.337668  2.000000  
59.472538 -0.002337  0.086973  -0.006440  0.910533  0.405221  -0.082013  -0.397633  0.912646  0.094687  0.113218  -0.053604  0.992123  -0.026761  -0.020906  -0.019301  -0.261536  0.196266  1.307123  2.000000  
59.473543 -0.002365  0.086947  -0.006459  0.910163  0.405962  -0.082448  -0.398365  0.912338  0.094582  0.113617  -0.053241  0.992097  -0.026982  -0.021441  -0.019296  -0.264099  0.202845  1.279630  2.000000  
59.474792 -0.002399  0.086914  -0.006482  0.909725  0.406874  -0.082791  -0.399289  0.911959  0.094331  0.113883  -0.052758  0.992092  -0.027222  -0.022071  -0.019198  -0.268276  0.201450  1.238213  2.000000  
59.476040 -0.002434  0.086881  -0.006506  0.909271  0.407792  -0.083256  -0.400207  0.911577  0.094134  0.114281  -0.052274  0.992072  -0.027367  -0.022750  -0.019145  -0.266821  0.208214  1.210771  2.000000  
59.477298 -0.002469  0.086847  -0.006528  0.908913  0.408505  -0.083669  -0.400943  0.911293  0.093757  0.114547  -0.051671  0.992073  -0.027493  -0.023427  -0.018945  -0.275134  0.211249  1.169309  2.000000  
59.478302 -0.002495  0.086820  -0.006546  0.908652  0.409043  -0.083881  -0.401498  0.911071  0.093531  0.114680  -0.051309  0.992077  -0.027521  -0.023962  -0.018836  -0.273810  0.208783  1.141145  2.000000  
59.479537 -0.002529  0.086788  -0.006567  0.908293  0.409755  -0.084296  -0.402234  0.910785  0.093155  0.114946  -0.050706  0.992077  -0.027530  -0.024594  -0.018693  -0.278494  0.209355  1.104986  2.000000  
59.480541 -0.002555  0.086762  -0.006584  0.908030  0.410282  -0.084559  -0.402789  0.910575  0.092819  0.115079  -0.050223  0.992086  -0.027442  -0.025012  -0.018522  -0.285167  0.209456  1.072458  2.000000  
59.481543 -0.002580  0.086736  -0.006600  0.907767  0.410810  -0.084822  -0.403343  0.910363  0.092484  0.115212  -0.049741  0.992095  -0.027298  -0.025329  -0.018329  -0.292090  0.206953  1.044556  2.000000  
59.482791 -0.002611  0.086705  -0.006620  0.907489  0.411322  -0.085307  -0.403891  0.910171  0.091982  0.115478  -0.049018  0.992100  -0.027077  -0.025642  -0.018079  -0.304592  0.202919  1.008512  2.000000  
59.483793 -0.002636  0.086679  -0.006637  0.907309  0.411661  -0.085590  -0.404258  0.910044  0.091629  0.115611  -0.048536  0.992108  -0.026856  -0.025815  -0.017859  -0.311447  0.198361  0.974902  2.000000  
59.485041 -0.002665  0.086647  -0.006656  0.907114  0.411985  -0.086094  -0.404619  0.909935  0.091110  0.115876  -0.047812  0.992112  -0.026555  -0.025962  -0.017577  -0.328113  0.196717  0.933608  2.000000  
59.486043 -0.002689  0.086621  -0.006671  0.906933  0.412324  -0.086378  -0.404986  0.909807  0.090758  0.116009  -0.047330  0.992120  -0.026193  -0.026048  -0.017276  -0.335797  0.194428  0.898659  2.000000  
59.487052 -0.002711  0.086594  -0.006686  0.906655  0.412855  -0.086765  -0.405534  0.909591  0.090479  0.116275  -0.046847  0.992112  -0.025837  -0.026104  -0.016936  -0.341891  0.191415  0.877640  2.000000  
59.488317 -0.002739  0.086562  -0.006704  0.906473  0.413183  -0.087099  -0.405901  0.909473  0.090017  0.116408  -0.046245  0.992124  -0.025348  -0.026106  -0.016590  -0.350223  0.189458  0.835471  2.000000  
59.489544 -0.002766  0.086528  -0.006722  0.906292  0.413510  -0.087434  -0.406268  0.909355  0.089556  0.116541  -0.045642  0.992137  -0.024842  -0.026166  -0.016226  -0.359081  0.183270  0.794400  2.000000  
59.490545 -0.002787  0.086501  -0.006735  0.906110  0.413847  -0.087719  -0.406634  0.909225  0.089205  0.116674  -0.045160  0.992143  -0.024384  -0.026159  -0.015868  -0.366894  0.180897  0.759680  2.000000  
59.491797 -0.002812  0.086468  -0.006752  0.906012  0.413987  -0.088073  -0.406814  0.909192  0.088726  0.116807  -0.044558  0.992155  -0.023717  -0.026112  -0.015488  -0.376250  0.174807  0.710996  2.000000  
59.493048 -0.002836  0.086435  -0.006769  0.905830  0.414313  -0.088409  -0.407181  0.909072  0.088266  0.116939  -0.043955  0.992166  -0.023098  -0.026140  -0.015133  -0.380053  0.168035  0.676175  2.000000  
59.494061 -0.002855  0.086408  -0.006782  0.905648  0.414649  -0.088695  -0.407548  0.908942  0.087915  0.117072  -0.043473  0.992171  -0.022519  -0.026111  -0.014858  -0.382832  0.165157  0.647975  2.000000  
59.495299 -0.002878  0.086376  -0.006800  0.905550  0.414788  -0.089049  -0.407728  0.908908  0.087437  0.117205  -0.042871  0.992182  -0.021894  -0.026178  -0.014622  -0.386803  0.162840  0.613564  2.000000  
59.496542 -0.002900  0.086343  -0.006817  0.905368  0.415124  -0.089336  -0.408094  0.908777  0.087087  0.117338  -0.042389  0.992187  -0.021327  -0.026205  -0.014458  -0.386617  0.155929  0.578828  2.000000  
59.497549 -0.002916  0.086318  -0.006830  0.905284  0.415268  -0.089519  -0.408280  0.908733  0.086665  0.117338  -0.041907  0.992207  -0.020695  -0.026201  -0.014211  -0.388819  0.148199  0.557563  2.000000  
59.498796 -0.002936  0.086288  -0.006847  0.905101  0.415593  -0.089856  -0.408647  0.908613  0.086205  0.117471  -0.041305  0.992217  -0.019970  -0.026089  -0.013981  -0.396006  0.145359  0.529858  2.000000  
59.500040 -0.002955  0.086258  -0.006862  0.905017  0.415725  -0.090091  -0.408833  0.908579  0.085673  0.117471  -0.040703  0.992242  -0.019282  -0.025908  -0.013718  -0.404084  0.136873  0.497968  2.000000  
59.501051 -0.002969  0.086235  -0.006874  0.904835  0.416049  -0.090429  -0.409199  0.908457  0.085214  0.117604  -0.040101  0.992251  -0.018595  -0.025722  -0.013484  -0.413599  0.134700  0.480959  2.000000  
59.502052 -0.002983  0.086212  -0.006886  0.904750  0.416192  -0.090613  -0.409385  0.908413  0.084791  0.117604  -0.039619  0.992270  -0.018097  -0.025500  -0.013325  -0.424129  0.126879  0.459945  2.000000  
59.503298 -0.003000  0.086183  -0.006900  0.904652  0.416329  -0.090969  -0.409565  0.908376  0.084314  0.117737  -0.039017  0.992278  -0.017399  -0.025256  -0.013063  -0.432183  0.119772  0.425224  2.000000  
59.504309 -0.003013  0.086160  -0.006911  0.904483  0.416659  -0.091137  -0.409937  0.908246  0.083911  0.117737  -0.038535  0.992297  -0.016726  -0.024922  -0.012832  -0.437647  0.111561  0.410874  2.000000  
59.505539 -0.003028  0.086132  -0.006925  0.904384  0.416795  -0.091493  -0.410117  0.908209  0.083433  0.117870  -0.037933  0.992304  -0.016093  -0.024653  -0.012663  -0.444685  0.107379  0.387027  2.000000  
59.506540 -0.003040  0.086108  -0.006936  0.904300  0.416938  -0.091678  -0.410303  0.908163  0.083012  0.117870  -0.037452  0.992323  -0.015581  -0.024442  -0.012486  -0.446678  0.100430  0.369187  2.000000  
59.507546 -0.003052  0.086085  -0.006947  0.904201  0.417096  -0.091934  -0.410483  0.908105  0.082755  0.118002  -0.037090  0.992320  -0.015052  -0.024194  -0.012307  -0.444034  0.101171  0.355302  2.000000  
59.508799 -0.003067  0.086056  -0.006961  0.904017  0.417418  -0.092274  -0.410849  0.907982  0.082297  0.118135  -0.036487  0.992327  -0.014365  -0.023875  -0.012095  -0.449741  0.097497  0.341380  2.000000  
59.510053 -0.003080  0.086028  -0.006975  0.903933  0.417561  -0.092460  -0.411035  0.907935  0.081876  0.118135  -0.036006  0.992345  -0.013765  -0.023625  -0.011923  -0.447903  0.089567  0.320234  2.000000  
59.511301 -0.003092  0.085999  -0.006990  0.903834  0.417707  -0.092766  -0.411214  0.907887  0.081509  0.118268  -0.035524  0.992346  -0.013029  -0.023348  -0.011703  -0.446230  0.090632  0.299604  2.000000  
59.512544 -0.003104  0.085970  -0.007005  0.903664  0.418036  -0.092935  -0.411586  0.907755  0.081107  0.118268  -0.035042  0.992363  -0.012548  -0.023213  -0.011641  -0.438919  0.082133  0.292346  2.000000  
59.513545 -0.003113  0.085947  -0.007017  0.903565  0.418193  -0.093192  -0.411766  0.907696  0.080851  0.118401  -0.034681  0.992360  -0.012025  -0.023094  -0.011566  -0.435620  0.082547  0.285446  2.000000  
59.514547 -0.003123  0.085924  -0.007030  0.903480  0.418346  -0.093327  -0.411952  0.907639  0.080540  0.118401  -0.034320  0.992373  -0.011607  -0.023012  -0.011610  -0.428227  0.073982  0.278155  2.000000  
59.515798 -0.003133  0.085896  -0.007046  0.903396  0.418487  -0.093514  -0.412138  0.907592  0.080119  0.118401  -0.033838  0.992389  -0.011125  -0.022942  -0.011657  -0.424942  0.069922  0.271062  2.000000  
59.517040 -0.003143  0.085869  -0.007062  0.903296  0.418633  -0.093821  -0.412317  0.907543  0.079753  0.118534  -0.033356  0.992390  -0.010704  -0.022914  -0.011766  -0.423206  0.065603  0.255116  2.000000  
59.518315 -0.003153  0.085841  -0.007079  0.903211  0.418774  -0.094008  -0.412503  0.907495  0.079332  0.118534  -0.032875  0.992406  -0.010160  -0.022796  -0.011944  -0.419804  0.061534  0.248001  2.000000  
59.519545 -0.003162  0.085813  -0.007095  0.903126  0.418915  -0.094195  -0.412689  0.907447  0.078911  0.118534  -0.032393  0.992421  -0.009736  -0.022761  -0.012127  -0.415960  0.057976  0.242994  2.000000  
59.520796 -0.003172  0.085786  -0.007112  0.903027  0.419060  -0.094503  -0.412869  0.907398  0.078545  0.118667  -0.031911  0.992421  -0.009330  -0.022645  -0.012318  -0.412623  0.058369  0.236067  2.000000  
59.521805 -0.003180  0.085764  -0.007125  0.903027  0.419026  -0.094655  -0.412869  0.907426  0.078215  0.118667  -0.031550  0.992433  -0.009029  -0.022578  -0.012453  -0.410054  0.054487  0.222078  2.000000  
59.523047 -0.003189  0.085736  -0.007141  0.902942  0.419167  -0.094843  -0.413054  0.907378  0.077794  0.118667  -0.031068  0.992448  -0.008710  -0.022516  -0.012585  -0.406766  0.049702  0.220109  2.000000  
59.524297 -0.003198  0.085709  -0.007156  0.902928  0.419124  -0.095167  -0.413048  0.907414  0.077409  0.118800  -0.030586  0.992447  -0.008401  -0.022370  -0.012631  -0.404454  0.050347  0.206530  2.000000  
59.525559 -0.003208  0.085682  -0.007170  0.902928  0.419090  -0.095319  -0.413048  0.907442  0.077079  0.118800  -0.030225  0.992458  -0.008165  -0.022243  -0.012600  -0.400976  0.046841  0.194170  2.000000  
59.526806 -0.003217  0.085655  -0.007184  0.902913  0.419047  -0.095643  -0.413041  0.907477  0.076694  0.118932  -0.029743  0.992457  -0.007930  -0.022100  -0.012546  -0.397693  0.047196  0.187278  2.000000  
59.528044 -0.003226  0.085628  -0.007198  0.902899  0.419016  -0.095917  -0.413035  0.907504  0.076419  0.119065  -0.029382  0.992452  -0.007823  -0.022057  -0.012513  -0.391524  0.047822  0.173689  2.000000  
59.529310 -0.003236  0.085601  -0.007212  0.902899  0.418981  -0.096069  -0.413035  0.907531  0.076089  0.119065  -0.029020  0.992462  -0.007662  -0.021904  -0.012337  -0.384603  0.048341  0.159758  2.000000  
59.530315 -0.003243  0.085579  -0.007224  0.902884  0.418949  -0.096342  -0.413028  0.907557  0.075814  0.119198  -0.028659  0.992457  -0.007558  -0.021836  -0.012261  -0.381307  0.048645  0.152864  2.000000  
59.531539 -0.003253  0.085552  -0.007239  0.902884  0.418926  -0.096444  -0.413028  0.907576  0.075593  0.119198  -0.028418  0.992464  -0.007589  -0.021863  -0.012192  -0.367252  0.048596  0.144934  2.000000  
59.532544 -0.003261  0.085531  -0.007251  0.902884  0.418891  -0.096596  -0.413028  0.907603  0.075263  0.119198  -0.028057  0.992474  -0.007547  -0.021781  -0.012114  -0.364806  0.049117  0.131276  2.000000  
59.533787 -0.003271  0.085505  -0.007266  0.902955  0.418672  -0.096885  -0.412835  0.907715  0.074968  0.119331  -0.027695  0.992468  -0.007582  -0.021694  -0.011981  -0.358350  0.049640  0.117631  2.000000  
59.534791 -0.003279  0.085484  -0.007277  0.902955  0.418649  -0.096986  -0.412835  0.907733  0.074748  0.119331  -0.027455  0.992475  -0.007606  -0.021616  -0.011885  -0.351028  0.049902  0.110785  2.000000  
59.536044 -0.003289  0.085457  -0.007292  0.903025  0.418441  -0.097224  -0.412643  0.907836  0.074563  0.119464  -0.027213  0.992466  -0.007677  -0.021524  -0.011778  -0.340083  0.051044  0.091070  2.000000  
59.537049 -0.003298  0.085437  -0.007304  0.903025  0.418418  -0.097326  -0.412643  0.907854  0.074343  0.119464  -0.026973  0.992472  -0.007748  -0.021433  -0.011671  -0.337957  0.046389  0.083316  2.000000  
59.538305 -0.003309  0.085411  -0.007318  0.903110  0.418195  -0.097493  -0.412457  0.907967  0.073992  0.119464  -0.026611  0.992482  -0.007864  -0.021324  -0.011605  -0.331533  0.046868  0.069679  2.000000  
59.539544 -0.003320  0.085386  -0.007332  0.903180  0.417988  -0.097731  -0.412264  0.908070  0.073807  0.119597  -0.026370  0.992472  -0.007999  -0.021186  -0.011515  -0.324455  0.047928  0.049624  2.000000  
59.540792 -0.003332  0.085361  -0.007345  0.903180  0.417952  -0.097883  -0.412264  0.908097  0.073477  0.119597  -0.026009  0.992482  -0.008165  -0.021028  -0.011495  -0.321227  0.043671  0.042601  2.000000  
59.542052 -0.003344  0.085336  -0.007358  0.903265  0.417742  -0.097999  -0.412078  0.908200  0.073236  0.119597  -0.025768  0.992488  -0.008315  -0.020850  -0.011428  -0.315440  0.044305  0.021975  2.000000  
59.543053 -0.003353  0.085317  -0.007368  0.903335  0.417546  -0.098186  -0.411886  0.908294  0.073161  0.119729  -0.025648  0.992475  -0.008462  -0.020708  -0.011304  -0.309718  0.048625  0.015118  2.000000  
59.544291 -0.003365  0.085293  -0.007379  0.903335  0.417522  -0.098287  -0.411886  0.908311  0.072941  0.119729  -0.025407  0.992481  -0.008617  -0.020558  -0.011172  -0.303456  0.044611  0.001345  2.000000  
59.545291 -0.003374  0.085274  -0.007388  0.903406  0.417314  -0.098524  -0.411693  0.908414  0.072755  0.119862  -0.025166  0.992472  -0.008766  -0.020372  -0.010981  -0.296042  0.049252  -0.005351  2.000000  
59.546301 -0.003384  0.085256  -0.007397  0.903476  0.417118  -0.098710  -0.411501  0.908507  0.072680  0.119995  -0.025045  0.992459  -0.008856  -0.020085  -0.010715  -0.289653  0.049664  -0.018991  2.000000  
59.547540 -0.003396  0.085233  -0.007407  0.903560  0.416907  -0.098827  -0.411315  0.908610  0.072439  0.119995  -0.024804  0.992465  -0.008999  -0.019857  -0.010434  -0.283085  0.050034  -0.032623  2.000000  
59.548789 -0.003407  0.085211  -0.007417  0.903546  0.416886  -0.099049  -0.411308  0.908627  0.072273  0.120128  -0.024563  0.992454  -0.009135  -0.019530  -0.010088  -0.274931  0.055340  -0.046532  2.000000  
59.550052 -0.003419  0.085190  -0.007428  0.903616  0.416678  -0.099285  -0.411115  0.908729  0.072088  0.120261  -0.024322  0.992444  -0.009185  -0.019163  -0.009758  -0.269373  0.055049  -0.052963  2.000000  
59.551290 -0.003430  0.085169  -0.007437  0.903700  0.416479  -0.099351  -0.410929  0.908823  0.071957  0.120261  -0.024201  0.992447  -0.009260  -0.018895  -0.009504  -0.258971  0.055435  -0.066623  2.000000  
59.552296 -0.003439  0.085152  -0.007445  0.903785  0.416268  -0.099467  -0.410743  0.908926  0.071716  0.120261  -0.023961  0.992453  -0.009297  -0.018630  -0.009285  -0.255698  0.055594  -0.073439  2.000000  
59.553552 -0.003450  0.085132  -0.007456  0.903770  0.416259  -0.099638  -0.410736  0.908934  0.071661  0.120394  -0.023840  0.992440  -0.009284  -0.018211  -0.008989  -0.248441  0.055764  -0.080263  2.000000  
59.554794 -0.003461  0.085112  -0.007467  0.903855  0.416060  -0.099703  -0.410550  0.909028  0.071530  0.120394  -0.023719  0.992443  -0.009232  -0.017895  -0.008879  -0.237102  0.055919  -0.087082  2.000000  
59.555796 -0.003470  0.085097  -0.007476  0.903925  0.415863  -0.099889  -0.410358  0.909121  0.071454  0.120526  -0.023599  0.992430  -0.009193  -0.017567  -0.008717  -0.227655  0.056536  -0.094677  2.000000  
59.557040 -0.003480  0.085078  -0.007488  0.903925  0.415851  -0.099940  -0.410358  0.909130  0.071344  0.120526  -0.023478  0.992432  -0.009131  -0.017234  -0.008649  0.000000  0.000000  0.000000  2.000000  
59.558310 -0.003491  0.085059  -0.007498  0.903995  0.415655  -0.100126  -0.410165  0.909223  0.071268  0.120659  -0.023358  0.992419  -0.009042  -0.016791  -0.008552  0.000000  0.000000  0.000000  2.000000  
59.559546 -0.003501  0.085041  -0.007510  0.904064  0.415458  -0.100312  -0.409972  0.909315  0.071192  0.120792  -0.023237  0.992406  -0.008935  -0.016421  -0.008511  0.000000  0.000000  0.000000  2.000000  
59.560791 -0.003511  0.085024  -0.007520  0.904149  0.415259  -0.100377  -0.409786  0.909410  0.071061  0.120792  -0.023116  0.992409  -0.008829  -0.016047  -0.008523  0.000000  0.000000  0.000000  2.000000  
59.561793 -0.003520  0.085010  -0.007529  0.904134  0.415261  -0.100498  -0.409779  0.909408  0.071115  0.120925  -0.023116  0.992392  -0.008824  -0.015888  -0.008567  0.000000  0.000000  0.000000  2.000000  
59.563046 -0.003530  0.084993  -0.007539  0.904203  0.415077  -0.100633  -0.409586  0.909493  0.071150  0.121058  -0.023116  0.992376  -0.008675  -0.015438  -0.008534  0.000000  0.000000  0.000000  2.000000  
59.564046 -0.003538  0.084980  -0.007547  0.904203  0.415065  -0.100684  -0.409586  0.909501  0.071039  0.121058  -0.022995  0.992379  -0.008596  -0.015057  -0.008512  0.000000  0.000000  0.000000  2.000000  
59.565288 -0.003549  0.084964  -0.007558  0.904273  0.414880  -0.100819  -0.409394  0.909585  0.071073  0.121191  -0.022995  0.992363  -0.008499  -0.014693  -0.008566  0.000000  0.000000  0.000000  2.000000  
59.566292 -0.003558  0.084953  -0.007565  0.904258  0.414871  -0.100990  -0.409387  0.909593  0.071018  0.121323  -0.022874  0.992349  -0.008460  -0.014356  -0.008524  0.000000  0.000000  0.000000  2.000000  
59.567313 -0.003566  0.084942  -0.007573  0.904328  0.414687  -0.101126  -0.409194  0.909677  0.071052  0.121456  -0.022874  0.992333  -0.008424  -0.013990  -0.008488  0.000000  0.000000  0.000000  2.000000  
59.568553 -0.003576  0.084929  -0.007584  0.904313  0.414677  -0.101297  -0.409187  0.909684  0.070996  0.121589  -0.022753  0.992320  -0.008336  -0.013519  -0.008482  0.000000  0.000000  0.000000  2.000000  
59.569801 -0.003587  0.084916  -0.007594  0.904382  0.414492  -0.101433  -0.408994  0.909768  0.071030  0.121722  -0.022753  0.992303  -0.008326  -0.013040  -0.008408  0.000000  0.000000  0.000000  2.000000  
59.571046 -0.003597  0.084905  -0.007604  0.904367  0.414495  -0.101554  -0.408988  0.909767  0.071085  0.121855  -0.022752  0.992287  -0.008333  -0.012521  -0.008357  0.000000  0.000000  0.000000  2.000000  
59.572304 -0.003608  0.084894  -0.007614  0.904353  0.414486  -0.101725  -0.408981  0.909774  0.071029  0.121987  -0.022632  0.992274  -0.008338  -0.011977  -0.008259  0.000000  0.000000  0.000000  2.000000  
59.573548 -0.003619  0.084883  -0.007625  0.904323  0.414491  -0.101967  -0.408968  0.909772  0.071138  0.122253  -0.022631  0.992241  -0.008418  -0.011455  -0.008263  0.000000  0.000000  0.000000  2.000000  
59.574792 -0.003631  0.084873  -0.007636  0.904392  0.414307  -0.102103  -0.408775  0.909856  0.071172  0.122386  -0.022630  0.992225  -0.008500  -0.010967  -0.008276  0.000000  0.000000  0.000000  2.000000  
59.575802 -0.003640  0.084866  -0.007645  0.904377  0.414309  -0.102224  -0.408768  0.909855  0.071227  0.122519  -0.022630  0.992208  -0.008577  -0.010476  -0.008297  0.000000  0.000000  0.000000  2.000000  
59.577043 -0.003652  0.084856  -0.007656  0.904347  0.414315  -0.102466  -0.408754  0.909852  0.071336  0.122784  -0.022629  0.992175  -0.008686  -0.010024  -0.008326  0.000000  0.000000  0.000000  2.000000  
59.578045 -0.003662  0.084849  -0.007664  0.904332  0.414318  -0.102587  -0.408748  0.909851  0.071391  0.122917  -0.022629  0.992159  -0.008782  -0.009613  -0.008356  0.000000  0.000000  0.000000  2.000000  
59.579048 -0.003672  0.084842  -0.007674  0.904302  0.414336  -0.102778  -0.408734  0.909840  0.071610  0.123182  -0.022749  0.992123  -0.008956  -0.009215  -0.008474  0.000000  0.000000  0.000000  2.000000  
59.580304 -0.003686  0.084833  -0.007684  0.904287  0.414338  -0.102899  -0.408727  0.909839  0.071665  0.123315  -0.022748  0.992107  -0.009148  -0.008724  -0.008496  0.000000  0.000000  0.000000  2.000000  
59.581542 -0.003699  0.084825  -0.007695  0.904257  0.414344  -0.103141  -0.408714  0.909836  0.071774  0.123581  -0.022747  0.992074  -0.009319  -0.008296  -0.008548  0.000000  0.000000  0.000000  2.000000  
59.582544 -0.003710  0.084818  -0.007703  0.904227  0.414362  -0.103333  -0.408700  0.909825  0.071994  0.123846  -0.022867  0.992038  -0.009493  -0.007994  -0.008525  0.000000  0.000000  0.000000  2.000000  
