1-Time 2-Px 3-Py 4-Pz 5-R11 6-R21 7-R31 8-R12 9-R22 10-R32 11-R13 12-R23 13-R33 14-Vx 15-Vy 16-Vz 17-Wx 18-Wy 19-Wz 20-state 21-PR11 22-PR21 23-PR31 24-PR12 25-PR22 26-PR32 27-PR13 28-PR23 29-PR33 
52.864848 0.006367  0.098152  -0.003777  0.971046  0.227216  0.073772  -0.231120  0.971667  0.049475  -0.060440  -0.065092  0.996047  -0.000412  -0.000423  -0.000245  0.000000  0.000000  0.000000  2.000000  
52.865850 0.006367  0.098152  -0.003777  0.970999  0.227416  0.073782  -0.231320  0.971620  0.049459  -0.060440  -0.065092  0.996047  -0.000406  -0.000433  -0.000283  0.000000  0.000000  0.000000  2.000000  
52.866854 0.006367  0.098152  -0.003778  0.970553  0.229190  0.074160  -0.233115  0.971195  0.049378  -0.060707  -0.065212  0.996023  -0.000355  -0.000428  -0.000285  0.000000  0.000000  0.000000  2.000000  
52.868098 0.006368  0.098151  -0.003778  0.969837  0.231928  0.075006  -0.235901  0.970529  0.049242  -0.061375  -0.065451  0.995967  -0.000253  -0.000420  -0.000290  0.000000  0.000000  0.000000  2.000000  
52.869103 0.006369  0.098150  -0.003778  0.969350  0.233656  0.075930  -0.237686  0.970098  0.049148  -0.062176  -0.065689  0.995901  -0.000163  -0.000485  -0.000296  0.006384  -0.073254  0.223552  2.000000  
52.870355 0.006371  0.098149  -0.003779  0.968875  0.235400  0.076596  -0.239474  0.969660  0.049115  -0.062710  -0.065929  0.995852  -0.000022  -0.000545  -0.000305  0.010640  -0.095297  0.284345  2.000000  
52.871600 0.006372  0.098149  -0.003779  0.968422  0.237169  0.076874  -0.241266  0.969212  0.049176  -0.062844  -0.066170  0.995827  0.000139  -0.000478  -0.000268  0.014938  -0.103929  0.346127  2.000000  
52.872851 0.006375  0.098152  -0.003776  0.967839  0.239552  0.076824  -0.243662  0.968601  0.049403  -0.062577  -0.066533  0.995820  0.000324  -0.000248  -0.000098  0.022106  -0.100472  0.429354  2.000000  
52.873869 0.006376  0.098155  -0.003774  0.967208  0.242151  0.076627  -0.246258  0.967938  0.049531  -0.062176  -0.066776  0.995829  0.000429  -0.000051  0.000053  0.024818  -0.092944  0.519534  2.000000  
52.875103 0.006377  0.098157  -0.003773  0.966400  0.245309  0.076780  -0.249445  0.967109  0.049781  -0.062043  -0.067260  0.995805  0.000598  0.000147  0.000168  0.034393  -0.095964  0.630373  2.000000  
52.876356 0.006381  0.098158  -0.003773  0.965505  0.248638  0.077332  -0.252821  0.966225  0.049913  -0.062310  -0.067742  0.995755  0.000844  0.000268  0.000180  0.043384  -0.112876  0.746715  2.000000  
52.877602 0.006387  0.098162  -0.003770  0.964679  0.251548  0.078221  -0.255791  0.965446  0.049854  -0.062977  -0.068102  0.995689  0.001280  0.000577  0.000415  0.048958  -0.142359  0.848580  2.000000  
52.878605 0.006392  0.098167  -0.003764  0.963913  0.254275  0.078843  -0.258563  0.964706  0.049876  -0.063378  -0.068462  0.995639  0.001668  0.000932  0.000871  0.055016  -0.162435  0.944083  2.000000  
52.879855 0.006399  0.098173  -0.003755  0.962753  0.258379  0.079666  -0.262719  0.963589  0.049745  -0.063912  -0.068822  0.995580  0.002168  0.001366  0.001497  0.057947  -0.190256  1.087404  2.000000  
52.881102 0.006407  0.098178  -0.003748  0.961584  0.262486  0.080361  -0.266872  0.962452  0.049644  -0.064313  -0.069183  0.995529  0.002734  0.001744  0.002010  0.060898  -0.213693  1.231303  2.000000  
52.882103 0.006413  0.098181  -0.003744  0.960810  0.265230  0.080600  -0.269642  0.961674  0.049762  -0.064313  -0.069545  0.995504  0.003094  0.001979  0.002280  0.067081  -0.220435  1.327718  2.000000  
52.883104 0.006419  0.098183  -0.003740  0.959917  0.268367  0.080861  -0.272806  0.960777  0.049846  -0.064313  -0.069907  0.995478  0.003484  0.002165  0.002536  0.072423  -0.228219  1.438364  2.000000  
52.884355 0.006427  0.098183  -0.003737  0.958891  0.271877  0.081305  -0.276359  0.959754  0.049975  -0.064446  -0.070390  0.995436  0.003891  0.002308  0.002813  0.080806  -0.241358  1.561194  2.000000  
52.885603 0.006435  0.098181  -0.003734  0.957729  0.275768  0.081900  -0.280300  0.958608  0.050030  -0.064713  -0.070871  0.995384  0.004338  0.002228  0.003017  0.088249  -0.260157  1.698605  2.000000  
52.886604 0.006444  0.098180  -0.003732  0.956725  0.279073  0.082431  -0.283645  0.957624  0.050015  -0.064980  -0.071232  0.995341  0.004819  0.002043  0.003130  0.092877  -0.277486  1.815292  2.000000  
52.887857 0.006456  0.098177  -0.003732  0.955575  0.282730  0.083308  -0.287375  0.956506  0.050119  -0.065514  -0.071833  0.995263  0.005518  0.001628  0.002965  0.104453  -0.304898  1.944377  2.000000  
52.889103 0.006468  0.098172  -0.003733  0.954470  0.286205  0.084107  -0.290904  0.955445  0.050003  -0.066048  -0.072193  0.995201  0.006216  0.001083  0.002725  0.108283  -0.331770  2.067304  2.000000  
52.890350 0.006478  0.098163  -0.003737  0.953412  0.289469  0.084931  -0.294232  0.954425  0.050014  -0.066582  -0.072673  0.995131  0.006699  0.000420  0.002420  0.116549  -0.358311  2.183113  2.000000  
52.891353 0.006487  0.098154  -0.003740  0.952543  0.292169  0.085435  -0.296973  0.953574  0.050037  -0.066849  -0.073034  0.995087  0.007093  -0.000282  0.002224  0.122299  -0.374338  2.278720  2.000000  
52.892353 0.006497  0.098144  -0.003743  0.951728  0.294670  0.085930  -0.299516  0.952776  0.050075  -0.067116  -0.073395  0.995042  0.007425  -0.001152  0.001867  0.128461  -0.389911  2.367374  2.000000  
52.893367 0.006506  0.098133  -0.003747  0.950905  0.297159  0.086462  -0.302057  0.951966  0.050226  -0.067383  -0.073876  0.994988  0.007721  -0.002305  0.001167  0.138602  -0.405463  2.454779  2.000000  
52.894603 0.006517  0.098119  -0.003751  0.949888  0.300242  0.086989  -0.305182  0.950970  0.050205  -0.067650  -0.074237  0.994943  0.007968  -0.003499  0.000343  0.143493  -0.422874  2.566056  2.000000  
52.895852 0.006528  0.098103  -0.003756  0.948987  0.302921  0.087534  -0.307913  0.950082  0.050333  -0.067917  -0.074718  0.994889  0.008138  -0.004898  -0.000521  0.154389  -0.433338  2.641656  2.000000  
52.896854 0.006536  0.098090  -0.003762  0.948334  0.304836  0.087964  -0.309860  0.949451  0.050301  -0.068184  -0.074958  0.994853  0.008317  -0.005983  -0.001154  0.157748  -0.433810  2.641496  2.000000  
52.897856 0.006546  0.098076  -0.003767  0.947668  0.306750  0.088484  -0.311803  0.948824  0.050110  -0.068585  -0.075077  0.994816  0.008545  -0.007218  -0.001801  0.152841  -0.429217  2.634162  2.000000  
52.899103 0.006555  0.098057  -0.003775  0.946786  0.309219  0.089325  -0.314324  0.948004  0.049893  -0.069252  -0.075315  0.994752  0.008731  -0.008556  -0.002548  0.147864  -0.423876  2.640381  2.000000  
52.900355 0.006564  0.098036  -0.003782  0.945841  0.311890  0.090049  -0.317040  0.947109  0.049696  -0.069786  -0.075553  0.994697  0.008709  -0.009830  -0.003250  0.145613  -0.425441  2.689549  2.000000  
52.901603 0.006571  0.098015  -0.003790  0.945085  0.313985  0.090703  -0.319169  0.946408  0.049436  -0.070320  -0.075671  0.994650  0.008453  -0.010955  -0.003873  0.136318  -0.444640  2.695793  2.000000  
52.902851 0.006577  0.097994  -0.003800  0.944400  0.315893  0.091221  -0.321105  0.945763  0.049236  -0.070720  -0.075790  0.994613  0.008067  -0.012202  -0.004568  0.130954  -0.463634  2.671540  2.000000  
52.904098 0.006582  0.097973  -0.003811  0.943719  0.317809  0.091613  -0.323042  0.945111  0.049076  -0.070987  -0.075909  0.994585  0.007618  -0.013276  -0.005202  0.125816  -0.483646  2.629235  2.000000  
52.905103 0.006585  0.097955  -0.003821  0.943167  0.319335  0.091984  -0.324590  0.944587  0.048953  -0.071254  -0.076028  0.994556  0.007241  -0.014075  -0.005678  0.118140  -0.497900  2.594568  2.000000  
52.906350 0.006587  0.097933  -0.003832  0.942412  0.321442  0.092385  -0.326718  0.943862  0.048772  -0.071521  -0.076147  0.994528  0.006685  -0.014697  -0.006151  0.109784  -0.493015  2.552925  2.000000  
52.907353 0.006589  0.097916  -0.003843  0.941787  0.323160  0.092766  -0.328458  0.943266  0.048628  -0.071788  -0.076266  0.994500  0.006153  -0.015212  -0.006661  0.106547  -0.482559  2.525852  2.000000  
52.908608 0.006590  0.097892  -0.003859  0.941072  0.325063  0.093368  -0.330383  0.942612  0.048260  -0.072322  -0.076263  0.994461  0.005336  -0.015955  -0.007480  0.094277  -0.477639  2.477792  2.000000  
52.909856 0.006588  0.097867  -0.003879  0.940412  0.326749  0.094124  -0.332110  0.942020  0.047980  -0.072989  -0.076380  0.994404  0.004495  -0.016689  -0.008492  0.086236  -0.476819  2.394487  2.000000  
52.911102 0.006584  0.097840  -0.003900  0.939612  0.328834  0.094859  -0.334222  0.941294  0.047544  -0.073656  -0.076377  0.994355  0.003637  -0.017339  -0.009464  0.079167  -0.483549  2.332831  2.000000  
52.912109 0.006581  0.097820  -0.003916  0.938963  0.330537  0.095363  -0.335953  0.940688  0.047348  -0.074057  -0.076495  0.994316  0.002700  -0.017864  -0.010324  0.071426  -0.497124  2.288816  2.000000  
52.913366 0.006576  0.097794  -0.003937  0.938241  0.332444  0.095836  -0.337875  0.940016  0.047016  -0.074457  -0.076493  0.994286  0.001621  -0.018325  -0.011204  0.061122  -0.503846  2.228260  2.000000  
52.914604 0.006570  0.097771  -0.003958  0.937595  0.334166  0.096173  -0.339606  0.939405  0.046748  -0.074724  -0.076491  0.994266  0.000622  -0.018562  -0.012110  0.051132  -0.506409  2.156589  2.000000  
52.915853 0.006563  0.097749  -0.003979  0.936945  0.335886  0.096509  -0.341336  0.938792  0.046478  -0.074991  -0.076490  0.994246  -0.000310  -0.018677  -0.013046  0.039915  -0.496404  2.074447  2.000000  
52.916855 0.006559  0.097731  -0.003997  0.936353  0.337415  0.096919  -0.342868  0.938253  0.046068  -0.075391  -0.076367  0.994226  -0.001004  -0.018699  -0.013754  0.022583  -0.492606  2.018879  2.000000  
52.917856 0.006553  0.097713  -0.004015  0.935688  0.339124  0.097379  -0.344592  0.937637  0.045751  -0.075791  -0.076364  0.994195  -0.001703  -0.018741  -0.014420  0.010563  -0.492391  1.988337  2.000000  
52.919100 0.006546  0.097691  -0.004037  0.934796  0.341413  0.097949  -0.346888  0.936816  0.045211  -0.076325  -0.076241  0.994164  -0.002511  -0.018757  -0.015142  -0.003753  -0.489605  1.947366  2.000000  
52.920102 0.006540  0.097674  -0.004056  0.934194  0.342939  0.098356  -0.348417  0.936269  0.044797  -0.076725  -0.076118  0.994143  -0.002991  -0.018698  -0.015683  -0.020632  -0.484869  1.901599  2.000000  
52.921353 0.006533  0.097656  -0.004078  0.933446  0.344849  0.098780  -0.350328  0.935577  0.044341  -0.077125  -0.075995  0.994121  -0.003676  -0.018491  -0.016449  -0.038292  -0.481571  1.853155  2.000000  
52.922598 0.006528  0.097639  -0.004101  0.932766  0.346577  0.099151  -0.352046  0.934958  0.043790  -0.077525  -0.075751  0.994108  -0.004098  -0.018129  -0.016982  -0.056335  -0.479670  1.803619  2.000000  
52.923600 0.006523  0.097626  -0.004118  0.932103  0.348312  0.099314  -0.353770  0.934323  0.043445  -0.077659  -0.075630  0.994107  -0.004413  -0.017745  -0.017301  -0.074807  -0.477978  1.776330  2.000000  
52.924600 0.006519  0.097613  -0.004137  0.931353  0.350228  0.099609  -0.355681  0.933616  0.043033  -0.077926  -0.075508  0.994096  -0.004673  -0.017170  -0.017500  -0.086413  -0.477021  1.762485  2.000000  
52.925601 0.006514  0.097601  -0.004156  0.930673  0.351950  0.099894  -0.357398  0.932978  0.042640  -0.078192  -0.075386  0.994084  -0.004773  -0.016661  -0.017646  -0.101938  -0.480634  1.748351  2.000000  
52.926603 0.006510  0.097588  -0.004176  0.929916  0.353863  0.100187  -0.359306  0.932264  0.042225  -0.078459  -0.075263  0.994072  -0.004843  -0.016033  -0.017876  -0.118175  -0.478830  1.742586  2.000000  
52.927854 0.006507  0.097573  -0.004201  0.928986  0.356140  0.100744  -0.361587  0.931407  0.041671  -0.078993  -0.075140  0.994039  -0.004696  -0.015337  -0.018145  -0.127118  -0.480338  1.741416  2.000000  
52.929107 0.006506  0.097559  -0.004225  0.928125  0.358223  0.101290  -0.363674  0.930617  0.041136  -0.079526  -0.075016  0.994006  -0.004404  -0.014667  -0.018401  -0.143074  -0.472889  1.721721  2.000000  
52.930365 0.006506  0.097546  -0.004249  0.927194  0.360506  0.101718  -0.365954  0.929746  0.040626  -0.079926  -0.074893  0.993983  -0.003996  -0.014003  -0.018572  -0.151485  -0.467752  1.714641  2.000000  
52.931602 0.006508  0.097535  -0.004274  0.926247  0.362776  0.102269  -0.368228  0.928872  0.040066  -0.080460  -0.074769  0.993950  -0.003431  -0.013363  -0.018751  -0.160746  -0.470075  1.721277  2.000000  
52.932603 0.006511  0.097525  -0.004295  0.925544  0.364478  0.102590  -0.369936  0.928205  0.039778  -0.080726  -0.074768  0.993928  -0.002889  -0.012815  -0.018946  -0.166226  -0.469083  1.728982  2.000000  
52.933604 0.006515  0.097517  -0.004317  0.924836  0.366179  0.102910  -0.371642  0.927536  0.039488  -0.080993  -0.074766  0.993907  -0.002170  -0.012134  -0.019233  -0.171279  -0.469653  1.735600  2.000000  
52.934854 0.006521  0.097506  -0.004344  0.923962  0.368263  0.103325  -0.373723  0.926720  0.038993  -0.081393  -0.074643  0.993883  -0.001371  -0.011533  -0.019522  -0.180573  -0.474717  1.742329  2.000000  
52.936100 0.006529  0.097496  -0.004371  0.923150  0.370133  0.103897  -0.375608  0.925975  0.038580  -0.081927  -0.074640  0.993839  -0.000375  -0.010890  -0.019836  -0.184832  -0.483269  1.734704  2.000000  
52.937104 0.006537  0.097489  -0.004391  0.922422  0.371821  0.104338  -0.377305  0.925299  0.038236  -0.082327  -0.074637  0.993807  0.000542  -0.010442  -0.020019  -0.189490  -0.487831  1.734208  2.000000  
52.938350 0.006548  0.097481  -0.004416  0.921603  0.373700  0.104863  -0.379187  0.924552  0.037707  -0.082860  -0.074513  0.993772  0.001583  -0.009936  -0.020162  -0.194578  -0.487888  1.734759  2.000000  
52.939353 0.006559  0.097476  -0.004435  0.921025  0.375005  0.105286  -0.380502  0.924024  0.037403  -0.083260  -0.074511  0.993738  0.002562  -0.009424  -0.020196  -0.199396  -0.483292  1.734247  2.000000  
52.940598 0.006572  0.097469  -0.004459  0.920355  0.376502  0.105793  -0.382001  0.923424  0.036914  -0.083793  -0.074387  0.993703  0.003823  -0.008796  -0.020204  -0.202798  -0.479357  1.720476  2.000000  
52.941600 0.006583  0.097464  -0.004479  0.919773  0.377805  0.106214  -0.383314  0.922892  0.036608  -0.084193  -0.074384  0.993669  0.004871  -0.008257  -0.020202  -0.207237  -0.476957  1.707810  2.000000  
52.942603 0.006595  0.097460  -0.004498  0.919099  0.379301  0.106719  -0.384811  0.922289  0.036116  -0.084727  -0.074261  0.993633  0.005953  -0.007663  -0.020170  -0.210874  -0.482476  1.700366  2.000000  
52.943608 0.006607  0.097457  -0.004518  0.918512  0.380602  0.107138  -0.386122  0.921753  0.035807  -0.085127  -0.074258  0.993599  0.006875  -0.007127  -0.020186  -0.211499  -0.484530  1.692439  2.000000  
52.944852 0.006623  0.097453  -0.004543  0.917753  0.382272  0.107694  -0.387805  0.921061  0.035402  -0.085660  -0.074255  0.993554  0.007833  -0.006542  -0.020270  -0.212261  -0.493653  1.692256  2.000000  
52.945855 0.006636  0.097451  -0.004564  0.917241  0.383382  0.108105  -0.388925  0.920600  0.035113  -0.086060  -0.074252  0.993519  0.008712  -0.005996  -0.020301  -0.212214  -0.497459  1.684470  2.000000  
52.947102 0.006652  0.097449  -0.004589  0.916557  0.384875  0.108605  -0.390417  0.919987  0.034615  -0.086593  -0.074128  0.993482  0.009622  -0.005342  -0.020320  -0.211950  -0.500817  1.670788  2.000000  
52.948106 0.006665  0.097447  -0.004610  0.916122  0.385794  0.109008  -0.391346  0.919602  0.034347  -0.086993  -0.074125  0.993447  0.010227  -0.004850  -0.020261  -0.210301  -0.498546  1.642606  2.000000  
52.949355 0.006681  0.097446  -0.004638  0.915434  0.387272  0.109553  -0.392836  0.918981  0.033957  -0.087526  -0.074122  0.993401  0.010813  -0.004299  -0.020326  -0.200794  -0.496303  1.615216  2.000000  
52.950604 0.006695  0.097445  -0.004666  0.914813  0.388550  0.110212  -0.394132  0.918442  0.033537  -0.088192  -0.074118  0.993342  0.011404  -0.003592  -0.020335  -0.196015  -0.499175  1.594355  2.000000  
52.951604 0.006707  0.097444  -0.004688  0.914363  0.389459  0.110734  -0.395055  0.918057  0.033212  -0.088725  -0.074114  0.993295  0.011679  -0.003167  -0.020435  -0.191464  -0.507055  1.580062  2.000000  
52.952850 0.006720  0.097443  -0.004716  0.913831  0.390556  0.111263  -0.396165  0.917591  0.032864  -0.089259  -0.074111  0.993247  0.011780  -0.002766  -0.020615  -0.185325  -0.510602  1.552578  2.000000  
52.953852 0.006730  0.097441  -0.004739  0.913460  0.391275  0.111777  -0.396898  0.917285  0.032561  -0.089792  -0.074107  0.993200  0.011801  -0.002408  -0.020933  -0.179175  -0.517207  1.518894  2.000000  
52.955103 0.006741  0.097440  -0.004769  0.912843  0.392561  0.112311  -0.398195  0.916736  0.032187  -0.090325  -0.074103  0.993152  0.011668  -0.002022  -0.021320  -0.168351  -0.525778  1.474751  2.000000  
52.956353 0.006751  0.097439  -0.004798  0.912317  0.393665  0.112716  -0.399307  0.916262  0.031888  -0.090724  -0.074101  0.993115  0.011397  -0.001713  -0.021639  -0.161380  -0.522624  1.433580  2.000000  
52.957355 0.006758  0.097438  -0.004822  0.911872  0.394581  0.113114  -0.400232  0.915869  0.031612  -0.091124  -0.074098  0.993079  0.011093  -0.001550  -0.021927  -0.155325  -0.521640  1.407751  2.000000  
52.958606 0.006766  0.097437  -0.004851  0.911415  0.395487  0.113633  -0.401150  0.915478  0.031281  -0.091657  -0.074094  0.993030  0.010612  -0.001333  -0.022230  -0.148670  -0.517239  1.364642  2.000000  
52.959852 0.006773  0.097435  -0.004881  0.910863  0.396586  0.114231  -0.402251  0.915012  0.030762  -0.092323  -0.073969  0.992978  0.009952  -0.001193  -0.022561  -0.145830  -0.519677  1.325497  2.000000  
52.960853 0.006778  0.097433  -0.004905  0.910497  0.397313  0.114621  -0.402986  0.914698  0.030506  -0.092723  -0.073967  0.992941  0.009503  -0.001142  -0.022781  -0.142809  -0.519884  1.281488  2.000000  
52.961856 0.006783  0.097433  -0.004929  0.910036  0.398218  0.115138  -0.403903  0.914304  0.030173  -0.093256  -0.073963  0.992891  0.008853  -0.001109  -0.023028  -0.136327  -0.521661  1.246623  2.000000  
52.962856 0.006786  0.097431  -0.004951  0.909669  0.398943  0.115527  -0.404637  0.913988  0.029916  -0.093655  -0.073960  0.992854  0.008249  -0.001093  -0.023136  -0.133739  -0.523580  1.211903  2.000000  
52.964102 0.006790  0.097431  -0.004979  0.909206  0.399848  0.116043  -0.405552  0.913593  0.029581  -0.094188  -0.073956  0.992804  0.007425  -0.001011  -0.023163  -0.127265  -0.525635  1.177664  2.000000  
52.965103 0.006793  0.097431  -0.005001  0.908837  0.400573  0.116431  -0.406286  0.913276  0.029322  -0.094588  -0.073954  0.992766  0.006916  -0.000973  -0.023215  -0.124600  -0.527451  1.142702  2.000000  
52.966104 0.006796  0.097430  -0.005024  0.908563  0.401119  0.116692  -0.406836  0.913036  0.029142  -0.094854  -0.073952  0.992741  0.006187  -0.000956  -0.023168  -0.121923  -0.520339  1.108510  2.000000  
52.967355 0.006798  0.097429  -0.005051  0.908181  0.401834  0.117200  -0.407564  0.912722  0.028828  -0.095387  -0.073948  0.992690  0.005515  -0.000924  -0.023116  -0.118229  -0.516747  1.060356  2.000000  
52.968600 0.006799  0.097427  -0.005080  0.907810  0.402559  0.117587  -0.408296  0.912403  0.028568  -0.095787  -0.073945  0.992652  0.004750  -0.001011  -0.023169  -0.111806  -0.510881  1.031132  2.000000  
52.969857 0.006800  0.097424  -0.005110  0.907427  0.403274  0.118095  -0.409022  0.912087  0.028253  -0.096319  -0.073941  0.992600  0.003952  -0.001119  -0.023139  -0.104995  -0.502389  0.992006  2.000000  
52.971099 0.006800  0.097421  -0.005139  0.907043  0.403975  0.118651  -0.409748  0.911768  0.028048  -0.096852  -0.074058  0.992540  0.003346  -0.001227  -0.023106  -0.098722  -0.501325  0.963174  2.000000  
52.972100 0.006801  0.097419  -0.005161  0.906754  0.404510  0.119032  -0.410292  0.911530  0.027810  -0.097251  -0.074055  0.992501  0.002922  -0.001271  -0.023012  -0.092591  -0.499261  0.935966  2.000000  
52.973364 0.006801  0.097417  -0.005188  0.906453  0.405037  0.119533  -0.410830  0.911296  0.027517  -0.097784  -0.074051  0.992449  0.002347  -0.001370  -0.022813  -0.089349  -0.496218  0.895046  2.000000  
52.974600 0.006801  0.097414  -0.005214  0.906248  0.405371  0.119956  -0.411187  0.911139  0.027414  -0.098184  -0.074168  0.992401  0.001875  -0.001426  -0.022584  -0.081320  -0.488210  0.847516  2.000000  
52.975848 0.006801  0.097410  -0.005240  0.905958  0.405892  0.120385  -0.411731  0.910897  0.027286  -0.098583  -0.074286  0.992352  0.001484  -0.001536  -0.022315  -0.074534  -0.481346  0.813847  2.000000  
52.976857 0.006800  0.097407  -0.005261  0.905837  0.406052  0.120753  -0.411901  0.910826  0.027096  -0.098982  -0.074283  0.992313  0.001118  -0.001694  -0.022091  -0.066962  -0.477078  0.772611  2.000000  
52.978102 0.006800  0.097403  -0.005285  0.905631  0.406385  0.121176  -0.412257  0.910668  0.026992  -0.099382  -0.074400  0.992264  0.000797  -0.001915  -0.021907  -0.060782  -0.471756  0.745894  2.000000  
52.979357 0.006800  0.097399  -0.005309  0.905510  0.406531  0.121593  -0.412427  0.910593  0.026912  -0.099781  -0.074518  0.992215  0.000530  -0.002171  -0.021619  -0.052430  -0.462538  0.697580  2.000000  
52.980603 0.006800  0.097395  -0.005332  0.905303  0.406864  0.122016  -0.412783  0.910435  0.026807  -0.100181  -0.074635  0.992166  0.000356  -0.002370  -0.021329  -0.045716  -0.452344  0.664953  2.000000  
52.981854 0.006800  0.097391  -0.005353  0.905182  0.407009  0.122433  -0.412953  0.910360  0.026727  -0.100580  -0.074752  0.992117  0.000166  -0.002573  -0.020845  -0.038505  -0.439591  0.630192  2.000000  
52.982854 0.006800  0.097389  -0.005371  0.905157  0.406976  0.122724  -0.412942  0.910365  0.026728  -0.100846  -0.074871  0.992081  0.000110  -0.002627  -0.020434  -0.031357  -0.432548  0.596109  2.000000  
52.984102 0.006800  0.097385  -0.005392  0.905120  0.406934  0.123136  -0.412925  0.910375  0.026673  -0.101246  -0.074988  0.992031  -0.000019  -0.002722  -0.019900  -0.023617  -0.425211  0.555453  2.000000  
52.985351 0.006800  0.097381  -0.005412  0.905095  0.406900  0.123427  -0.412913  0.910380  0.026673  -0.101512  -0.075106  0.991995  -0.000019  -0.002799  -0.019384  -0.015782  -0.413038  0.514682  2.000000  
52.986362 0.006799  0.097378  -0.005427  0.905058  0.406858  0.123838  -0.412896  0.910389  0.026618  -0.101911  -0.075223  0.991945  -0.000061  -0.002842  -0.018790  -0.008583  -0.410276  0.480047  2.000000  
52.987599 0.006800  0.097375  -0.005446  0.905034  0.406825  0.124129  -0.412885  0.910394  0.026618  -0.102177  -0.075342  0.991909  -0.000052  -0.002865  -0.018258  -0.000696  -0.398505  0.439781  2.000000  
52.988603 0.006800  0.097373  -0.005460  0.905009  0.406791  0.124420  -0.412874  0.910399  0.026619  -0.102444  -0.075460  0.991873  -0.000038  -0.002888  -0.017709  0.005228  -0.393622  0.415592  2.000000  
52.989851 0.006801  0.097371  -0.005477  0.904971  0.406749  0.124831  -0.412857  0.910409  0.026564  -0.102843  -0.075577  0.991822  0.000039  -0.002815  -0.017119  0.017095  -0.381642  0.375368  2.000000  
52.990870 0.006803  0.097370  -0.005491  0.905031  0.406528  0.125117  -0.412659  0.910497  0.026590  -0.103109  -0.075695  0.991786  0.000141  -0.002684  -0.016688  0.025203  -0.372518  0.337702  2.000000  
52.992101 0.006804  0.097368  -0.005509  0.905006  0.406479  0.125457  -0.412647  0.910499  0.026701  -0.103375  -0.075934  0.991740  0.000285  -0.002557  -0.016218  0.036331  -0.358276  0.301711  2.000000  
52.993113 0.006805  0.097366  -0.005523  0.905066  0.406257  0.125742  -0.412450  0.910588  0.026727  -0.103641  -0.076052  0.991703  0.000363  -0.002468  -0.015807  0.044683  -0.349213  0.263679  2.000000  
52.994368 0.006807  0.097363  -0.005540  0.905040  0.406208  0.126082  -0.412438  0.910590  0.026838  -0.103907  -0.076290  0.991657  0.000460  -0.002357  -0.015329  0.056136  -0.341943  0.229486  2.000000  
52.995604 0.006809  0.097361  -0.005556  0.905113  0.405981  0.126296  -0.412246  0.910672  0.027030  -0.104041  -0.076530  0.991624  0.000623  -0.002248  -0.014912  0.067673  -0.326081  0.196239  2.000000  
52.996857 0.006812  0.097360  -0.005571  0.905185  0.405754  0.126510  -0.412054  0.910753  0.027222  -0.104174  -0.076769  0.991592  0.000816  -0.002108  -0.014455  0.079212  -0.314505  0.162535  2.000000  
52.998103 0.006815  0.097358  -0.005584  0.905159  0.405704  0.126849  -0.412042  0.910755  0.027333  -0.104440  -0.077008  0.991545  0.001023  -0.001959  -0.013921  0.090072  -0.303503  0.135729  2.000000  
52.999355 0.006818  0.097356  -0.005597  0.905231  0.405476  0.127063  -0.411850  0.910836  0.027525  -0.104573  -0.077247  0.991513  0.001249  -0.001831  -0.013379  0.101632  -0.291862  0.102020  2.000000  
53.000357 0.006821  0.097355  -0.005607  0.905219  0.405436  0.127282  -0.411844  0.910833  0.027691  -0.104706  -0.077487  0.991480  0.001506  -0.001691  -0.012960  0.112540  -0.276353  0.075561  2.000000  
53.001603 0.006825  0.097354  -0.005620  0.905206  0.405396  0.127501  -0.411839  0.910831  0.027857  -0.104839  -0.077726  0.991447  0.001721  -0.001578  -0.012535  0.118707  -0.265869  0.055613  2.000000  
53.002854 0.006829  0.097353  -0.005632  0.905278  0.405168  0.127714  -0.411646  0.910912  0.028049  -0.104972  -0.077965  0.991414  0.001991  -0.001440  -0.012150  0.129613  -0.250266  0.029145  2.000000  
53.004101 0.006835  0.097353  -0.005643  0.905278  0.405121  0.127862  -0.411646  0.910902  0.028381  -0.104972  -0.078326  0.991386  0.002257  -0.001324  -0.011765  0.138032  -0.233857  0.016259  2.000000  
53.005353 0.006840  0.097353  -0.005654  0.905278  0.405090  0.127960  -0.411646  0.910895  0.028602  -0.104972  -0.078567  0.991367  0.002510  -0.001187  -0.011356  0.148314  -0.219106  -0.003165  2.000000  
53.006603 0.006845  0.097353  -0.005665  0.905363  0.404856  0.128102  -0.411460  0.910968  0.028959  -0.104972  -0.078928  0.991338  0.002827  -0.001005  -0.010807  0.158392  -0.204033  -0.022606  2.000000  
53.007849 0.006851  0.097354  -0.005675  0.905363  0.404825  0.128200  -0.411460  0.910961  0.029180  -0.104972  -0.079168  0.991319  0.003089  -0.000843  -0.010400  0.163871  -0.185222  -0.034886  2.000000  
53.008852 0.006856  0.097354  -0.005683  0.905363  0.404778  0.128347  -0.411460  0.910950  0.029512  -0.104972  -0.079529  0.991290  0.003322  -0.000681  -0.009969  0.172648  -0.175773  -0.041043  2.000000  
53.009859 0.006861  0.097354  -0.005691  0.905363  0.404747  0.128445  -0.411460  0.910943  0.029733  -0.104972  -0.079769  0.991271  0.003562  -0.000516  -0.009555  0.178852  -0.163218  -0.047225  2.000000  
53.011104 0.006867  0.097355  -0.005700  0.905363  0.404700  0.128593  -0.411460  0.910932  0.030064  -0.104972  -0.080130  0.991242  0.003793  -0.000393  -0.009219  0.187714  -0.149214  -0.053073  2.000000  
53.012106 0.006872  0.097355  -0.005708  0.905363  0.404669  0.128691  -0.411460  0.910924  0.030285  -0.104972  -0.080370  0.991222  0.003957  -0.000290  -0.008902  0.196577  -0.139699  -0.059249  2.000000  
53.013365 0.006877  0.097354  -0.005717  0.905375  0.404617  0.128766  -0.411466  0.910905  0.030782  -0.104839  -0.080852  0.991197  0.004130  -0.000198  -0.008631  0.208771  -0.121725  -0.057871  2.000000  
53.014602 0.006883  0.097354  -0.005725  0.905388  0.404580  0.128793  -0.411472  0.910889  0.031169  -0.104706  -0.081214  0.991182  0.004306  -0.000126  -0.008328  0.215200  -0.107404  -0.056389  2.000000  
53.015604 0.006888  0.097353  -0.005733  0.905473  0.404345  0.128934  -0.411285  0.910961  0.031527  -0.104706  -0.081575  0.991152  0.004405  -0.000124  -0.008157  0.225854  -0.098771  -0.063033  2.000000  
53.016855 0.006894  0.097352  -0.005742  0.905486  0.404308  0.128960  -0.411291  0.910945  0.031913  -0.104573  -0.081937  0.991136  0.004530  -0.000113  -0.007923  0.234013  -0.080824  -0.061635  2.000000  
53.018102 0.006899  0.097350  -0.005750  0.905498  0.404256  0.129035  -0.411297  0.910925  0.032410  -0.104440  -0.082419  0.991110  0.004598  -0.000140  -0.007716  0.246250  -0.062874  -0.060232  2.000000  
53.019349 0.006904  0.097349  -0.005759  0.905511  0.404219  0.129062  -0.411303  0.910909  0.032796  -0.104307  -0.082781  0.991094  0.004555  -0.000247  -0.007568  0.252351  -0.049012  -0.058696  2.000000  
53.020349 0.006908  0.097347  -0.005766  0.905524  0.404182  0.129088  -0.411308  0.910892  0.033182  -0.104174  -0.083142  0.991078  0.004544  -0.000382  -0.007473  0.259755  -0.036207  -0.050840  2.000000  
53.021353 0.006912  0.097346  -0.005772  0.905524  0.404135  0.129235  -0.411308  0.910880  0.033514  -0.104174  -0.083503  0.991047  0.004502  -0.000461  -0.007282  0.265939  -0.027520  -0.050541  2.000000  
53.022599 0.006916  0.097345  -0.005780  0.905634  0.403905  0.129183  -0.411133  0.910937  0.034092  -0.103907  -0.083986  0.991035  0.004378  -0.000595  -0.007097  0.276615  -0.008948  -0.055507  2.000000  
53.023603 0.006919  0.097344  -0.005785  0.905646  0.403884  0.129160  -0.411139  0.910924  0.034368  -0.103774  -0.084228  0.991028  0.004275  -0.000683  -0.006953  0.275910  -0.000593  -0.047987  2.000000  
53.024851 0.006922  0.097342  -0.005792  0.905744  0.403660  0.129179  -0.410958  0.910990  0.034781  -0.103641  -0.084590  0.991011  0.004076  -0.000820  -0.006748  0.280676  0.013312  -0.053709  2.000000  
53.026098 0.006924  0.097340  -0.005799  0.905756  0.403623  0.129205  -0.410964  0.910973  0.035167  -0.103508  -0.084951  0.990994  0.003837  -0.000964  -0.006572  0.284037  0.026114  -0.045818  2.000000  
53.027106 0.006926  0.097339  -0.005804  0.905853  0.403399  0.129224  -0.410783  0.911038  0.035580  -0.103375  -0.085313  0.990977  0.003639  -0.001081  -0.006407  0.290428  0.035305  -0.045450  2.000000  
53.028355 0.006928  0.097336  -0.005811  0.905866  0.403362  0.129250  -0.410789  0.911021  0.035966  -0.103242  -0.085675  0.990960  0.003356  -0.001209  -0.006275  0.292138  0.043927  -0.044344  2.000000  
53.029603 0.006929  0.097334  -0.005818  0.905963  0.403138  0.129269  -0.410608  0.911086  0.036379  -0.103109  -0.086037  0.990942  0.003023  -0.001331  -0.006144  0.298597  0.053264  -0.043953  2.000000  
53.030852 0.006930  0.097331  -0.005825  0.906060  0.402914  0.129287  -0.410428  0.911151  0.036792  -0.102976  -0.086399  0.990924  0.002681  -0.001463  -0.006001  0.300864  0.062286  -0.049637  2.000000  
53.031855 0.006930  0.097329  -0.005830  0.906157  0.402690  0.129305  -0.410247  0.911215  0.037205  -0.102843  -0.086760  0.990907  0.002461  -0.001520  -0.005859  0.307453  0.071785  -0.049288  2.000000  
53.032856 0.006931  0.097327  -0.005834  0.906170  0.402653  0.129331  -0.410252  0.911197  0.037591  -0.102710  -0.087122  0.990889  0.002165  -0.001566  -0.005690  0.311505  0.080757  -0.048516  2.000000  
53.034103 0.006931  0.097325  -0.005840  0.906364  0.402252  0.129220  -0.409891  0.911339  0.038085  -0.102444  -0.087485  0.990884  0.001871  -0.001638  -0.005472  0.317062  0.090896  -0.061469  2.000000  
53.035350 0.006932  0.097322  -0.005846  0.906461  0.402029  0.129238  -0.409710  0.911403  0.038498  -0.102310  -0.087847  0.990866  0.001552  -0.001719  -0.005321  0.319188  0.095179  -0.067362  2.000000  
53.036353 0.006932  0.097319  -0.005851  0.906557  0.401805  0.129255  -0.409529  0.911467  0.038911  -0.102177  -0.088209  0.990848  0.001332  -0.001803  -0.005243  0.321839  0.100477  -0.067510  2.000000  
53.037605 0.006931  0.097316  -0.005857  0.906654  0.401581  0.129273  -0.409348  0.911531  0.039324  -0.102044  -0.088570  0.990829  0.001022  -0.001911  -0.005143  0.326550  0.105534  -0.073942  2.000000  
53.038848 0.006931  0.097313  -0.005863  0.906751  0.401357  0.129290  -0.409166  0.911594  0.039737  -0.101911  -0.088932  0.990810  0.000771  -0.002021  -0.005066  0.324645  0.109741  -0.079738  2.000000  
53.039851 0.006931  0.097311  -0.005867  0.906932  0.400945  0.129298  -0.408799  0.911740  0.040176  -0.101778  -0.089294  0.990792  0.000614  -0.002048  -0.005004  0.330147  0.115385  -0.092943  2.000000  
53.040855 0.006930  0.097309  -0.005871  0.907028  0.400737  0.129266  -0.408618  0.911808  0.040478  -0.101645  -0.089536  0.990783  0.000407  -0.002078  -0.004904  0.329446  0.121414  -0.100133  2.000000  
53.042101 0.006930  0.097307  -0.005877  0.907125  0.400513  0.129283  -0.408436  0.911870  0.040891  -0.101512  -0.089897  0.990764  0.000249  -0.002131  -0.004851  0.331520  0.125488  -0.105706  2.000000  
53.043124 0.006929  0.097305  -0.005881  0.907221  0.400305  0.129251  -0.408255  0.911938  0.041194  -0.101379  -0.090139  0.990756  0.000117  -0.002127  -0.004726  0.326684  0.127110  -0.113352  2.000000  
53.044356 0.006928  0.097302  -0.005886  0.907401  0.399894  0.129258  -0.407887  0.912083  0.041633  -0.101246  -0.090501  0.990737  -0.000037  -0.002125  -0.004587  0.329553  0.131762  -0.125637  2.000000  
53.045603 0.006928  0.097300  -0.005891  0.907510  0.399681  0.129153  -0.407711  0.912140  0.042100  -0.100979  -0.090864  0.990731  -0.000135  -0.002098  -0.004491  0.325449  0.136245  -0.125184  2.000000  
53.046854 0.006927  0.097299  -0.005895  0.907690  0.399285  0.129112  -0.407343  0.912289  0.042429  -0.100846  -0.091105  0.990722  -0.000247  -0.001991  -0.004341  0.322798  0.137471  -0.138746  2.000000  
53.047855 0.006927  0.097298  -0.005898  0.907786  0.399061  0.129128  -0.407162  0.912351  0.042842  -0.100713  -0.091467  0.990702  -0.000302  -0.001938  -0.004260  0.322084  0.139270  -0.146695  2.000000  
53.049103 0.006926  0.097297  -0.005902  0.907882  0.398853  0.129095  -0.406981  0.912417  0.043144  -0.100580  -0.091709  0.990693  -0.000359  -0.001804  -0.004124  0.318684  0.139914  -0.153506  2.000000  
53.050365 0.006925  0.097297  -0.005906  0.907991  0.398641  0.128989  -0.406805  0.912474  0.043611  -0.100314  -0.092072  0.990687  -0.000427  -0.001669  -0.003968  0.315202  0.145029  -0.159869  2.000000  
53.051603 0.006924  0.097296  -0.005910  0.908170  0.398245  0.128946  -0.406436  0.912622  0.043940  -0.100181  -0.092313  0.990678  -0.000493  -0.001515  -0.003861  0.308534  0.146350  -0.173580  2.000000  
53.052851 0.006923  0.097294  -0.005915  0.908278  0.398033  0.128840  -0.406260  0.912678  0.044406  -0.099914  -0.092676  0.990671  -0.000523  -0.001420  -0.003793  0.308506  0.150897  -0.173137  2.000000  
53.053851 0.006923  0.097294  -0.005918  0.908374  0.397825  0.128807  -0.406079  0.912744  0.044709  -0.099781  -0.092918  0.990661  -0.000549  -0.001306  -0.003707  0.306871  0.150418  -0.178612  2.000000  
53.055103 0.006922  0.097293  -0.005923  0.908482  0.397629  0.128652  -0.405902  0.912805  0.045065  -0.099515  -0.093161  0.990665  -0.000593  -0.001177  -0.003623  0.302547  0.154796  -0.178030  2.000000  
53.056353 0.006921  0.097292  -0.005927  0.908578  0.397421  0.128618  -0.405721  0.912870  0.045367  -0.099382  -0.093402  0.990656  -0.000609  -0.001091  -0.003592  0.299286  0.155520  -0.184854  2.000000  
53.057600 0.006920  0.097291  -0.005931  0.908686  0.397225  0.128463  -0.405545  0.912931  0.045723  -0.099116  -0.093645  0.990660  -0.000614  -0.000958  -0.003479  0.295119  0.159976  -0.184358  2.000000  
53.058606 0.006920  0.097291  -0.005935  0.908781  0.397017  0.128429  -0.405363  0.912996  0.046025  -0.098982  -0.093886  0.990650  -0.000585  -0.000853  -0.003423  0.293432  0.161342  -0.185821  2.000000  
53.059851 0.006920  0.097291  -0.005939  0.908805  0.397009  0.128283  -0.405374  0.912975  0.046354  -0.098716  -0.094129  0.990654  -0.000536  -0.000697  -0.003357  0.286963  0.164529  -0.183862  2.000000  
53.060854 0.006920  0.097291  -0.005942  0.908901  0.396802  0.128249  -0.405192  0.913040  0.046656  -0.098583  -0.094371  0.990644  -0.000476  -0.000596  -0.003326  0.285260  0.165962  -0.185353  2.000000  
53.061859 0.006920  0.097290  -0.005946  0.908925  0.396794  0.128103  -0.405203  0.913019  0.046985  -0.098317  -0.094614  0.990647  -0.000460  -0.000578  -0.003403  0.280351  0.169811  -0.177979  2.000000  
53.063103 0.006920  0.097290  -0.005950  0.909032  0.396598  0.127947  -0.405026  0.913079  0.047341  -0.098050  -0.094857  0.990650  -0.000417  -0.000552  -0.003418  0.276417  0.169985  -0.178058  2.000000  
53.064356 0.006921  0.097290  -0.005954  0.909140  0.396402  0.127791  -0.404850  0.913138  0.047697  -0.097784  -0.095099  0.990654  -0.000332  -0.000500  -0.003444  0.272149  0.174424  -0.177499  2.000000  
53.065603 0.006922  0.097289  -0.005959  0.909164  0.396394  0.127645  -0.404860  0.913116  0.048026  -0.097518  -0.095342  0.990656  -0.000209  -0.000441  -0.003441  0.265164  0.176868  -0.168793  2.000000  
53.066605 0.006923  0.097290  -0.005962  0.909175  0.396375  0.127620  -0.404866  0.913099  0.048302  -0.097385  -0.095584  0.990646  -0.000085  -0.000382  -0.003437  0.262545  0.177733  -0.163270  2.000000  
53.067855 0.006924  0.097289  -0.005966  0.909283  0.396179  0.127464  -0.404689  0.913159  0.048657  -0.097118  -0.095827  0.990649  0.000044  -0.000366  -0.003380  0.257741  0.181620  -0.155946  2.000000  
53.069100 0.006925  0.097289  -0.005969  0.909306  0.396187  0.127270  -0.404700  0.913143  0.048876  -0.096852  -0.095949  0.990663  0.000165  -0.000302  -0.003320  0.244861  0.185559  -0.148665  2.000000  
53.070101 0.006926  0.097288  -0.005973  0.909330  0.396180  0.127124  -0.404710  0.913120  0.049205  -0.096586  -0.096192  0.990666  0.000287  -0.000321  -0.003352  0.244121  0.189416  -0.141335  2.000000  
53.071348 0.006928  0.097288  -0.005976  0.909353  0.396173  0.126978  -0.404721  0.913098  0.049534  -0.096319  -0.096435  0.990668  0.000464  -0.000225  -0.003264  0.241402  0.191695  -0.132913  2.000000  
53.072349 0.006930  0.097288  -0.005980  0.909365  0.396169  0.126905  -0.404726  0.913086  0.049699  -0.096186  -0.096556  0.990669  0.000595  -0.000266  -0.003286  0.232594  0.191068  -0.126057  2.000000  
53.073364 0.006931  0.097288  -0.005983  0.909389  0.396177  0.126711  -0.404736  0.913070  0.049918  -0.095920  -0.096679  0.990683  0.000764  -0.000225  -0.003260  0.227184  0.194263  -0.112016  2.000000  
53.074600 0.006934  0.097288  -0.005986  0.909412  0.396186  0.126517  -0.404747  0.913053  0.050136  -0.095653  -0.096802  0.990697  0.000957  -0.000209  -0.003242  0.218384  0.193645  -0.105171  2.000000  
53.075848 0.006936  0.097287  -0.005991  0.909435  0.396179  0.126371  -0.404757  0.913031  0.050465  -0.095387  -0.097044  0.990699  0.001076  -0.000227  -0.003255  0.217696  0.197477  -0.097911  2.000000  
53.076856 0.006938  0.097287  -0.005994  0.909459  0.396187  0.126177  -0.404768  0.913014  0.050684  -0.095121  -0.097167  0.990712  0.001215  -0.000214  -0.003231  0.209920  0.202267  -0.084519  2.000000  
53.078103 0.006941  0.097287  -0.005999  0.909482  0.396196  0.125982  -0.404778  0.912997  0.050902  -0.094854  -0.097290  0.990726  0.001421  -0.000178  -0.003278  0.201086  0.201658  -0.077627  2.000000  
53.079122 0.006944  0.097287  -0.006003  0.909422  0.396392  0.125799  -0.404975  0.912899  0.051095  -0.094588  -0.097412  0.990739  0.001530  -0.000194  -0.003269  0.195503  0.204696  -0.063409  2.000000  
53.080361 0.006946  0.097286  -0.006007  0.909445  0.396385  0.125653  -0.404986  0.912876  0.051424  -0.094321  -0.097655  0.990741  0.001642  -0.000210  -0.003269  0.193359  0.206972  -0.055663  2.000000  
53.081603 0.006949  0.097286  -0.006012  0.909468  0.396394  0.125459  -0.404996  0.912859  0.051643  -0.094055  -0.097778  0.990754  0.001712  -0.000234  -0.003312  0.185449  0.207391  -0.042365  2.000000  
53.082607 0.006950  0.097285  -0.006016  0.909491  0.396403  0.125265  -0.405006  0.912842  0.051862  -0.093789  -0.097901  0.990767  0.001792  -0.000234  -0.003371  0.180651  0.211172  -0.035035  2.000000  
