1-Time 2-Px 3-Py 4-Pz 5-R11 6-R21 7-R31 8-R12 9-R22 10-R32 11-R13 12-R23 13-R33 14-Vx 15-Vy 16-Vz 17-Wx 18-Wy 19-Wz 20-state 21-PR11 22-PR21 23-PR31 24-PR12 25-PR22 26-PR32 27-PR13 28-PR23 29-PR33 
53.564891 0.002516  0.091926  -0.016164  0.989554  0.095491  -0.108006  -0.090910  0.994769  0.046578  0.111889  -0.036273  0.993059  0.000094  0.000045  -0.000073  0.000000  0.000000  0.000000  2.000000  
53.565891 0.002516  0.091926  -0.016164  0.989535  0.095695  -0.107996  -0.091114  0.994750  0.046601  0.111889  -0.036273  0.993059  0.000075  0.000017  -0.000129  0.000000  0.000000  0.000000  2.000000  
53.567139 0.002515  0.091924  -0.016165  0.989400  0.096547  -0.108475  -0.091923  0.994663  0.046859  0.112420  -0.036391  0.992994  0.000033  -0.000060  -0.000195  0.000000  0.000000  0.000000  2.000000  
53.568394 0.002515  0.091921  -0.016166  0.989249  0.097404  -0.109086  -0.092731  0.994575  0.047131  0.113085  -0.036509  0.992914  -0.000018  -0.000252  -0.000209  0.000000  0.000000  0.000000  2.000000  
53.569642 0.002514  0.091918  -0.016167  0.989154  0.097659  -0.109714  -0.092927  0.994541  0.047457  0.113750  -0.036747  0.992830  -0.000029  -0.000495  -0.000281  0.000000  0.000000  0.000000  2.000000  
53.570890 0.002515  0.091914  -0.016168  0.989020  0.098338  -0.110310  -0.093531  0.994461  0.047949  0.114414  -0.037106  0.992740  -0.000023  -0.000784  -0.000336  0.000000  0.000000  0.000000  2.000000  
53.571894 0.002515  0.091911  -0.016168  0.988882  0.099190  -0.110787  -0.094340  0.994372  0.048211  0.114946  -0.037224  0.992674  0.000008  -0.000950  -0.000342  0.000000  0.000000  0.000000  2.000000  
53.573140 0.002515  0.091908  -0.016166  0.988637  0.100685  -0.111619  -0.095754  0.994213  0.048702  0.115876  -0.037460  0.992557  -0.000019  -0.001180  -0.000202  0.059748  0.101735  0.168874  2.000000  
53.574144 0.002515  0.091905  -0.016166  0.988421  0.102156  -0.112197  -0.097171  0.994058  0.049048  0.116541  -0.037578  0.992475  -0.000021  -0.001393  -0.000181  0.069420  0.122386  0.217758  2.000000  
53.575390 0.002514  0.091902  -0.016167  0.988166  0.103851  -0.112884  -0.098790  0.993874  0.049553  0.117338  -0.037815  0.992372  -0.000082  -0.001636  -0.000243  0.084014  0.151778  0.273909  2.000000  
53.576415 0.002513  0.091900  -0.016170  0.987954  0.104923  -0.113744  -0.099796  0.993757  0.049883  0.118268  -0.037931  0.992257  -0.000175  -0.001763  -0.000383  0.092121  0.181760  0.309125  2.000000  
53.577649 0.002513  0.091900  -0.016172  0.987646  0.106618  -0.114838  -0.101408  0.993572  0.050313  0.119464  -0.038046  0.992109  -0.000170  -0.001777  -0.000557  0.102848  0.220213  0.365719  2.000000  
53.578652 0.002513  0.091900  -0.016173  0.987355  0.108110  -0.115940  -0.102816  0.993406  0.050723  0.120659  -0.038161  0.991960  -0.000168  -0.001755  -0.000602  0.112759  0.263313  0.415454  2.000000  
53.579896 0.002514  0.091899  -0.016175  0.986969  0.110025  -0.117416  -0.104625  0.993192  0.051226  0.122253  -0.038274  0.991761  -0.000149  -0.001835  -0.000716  0.124483  0.314921  0.479308  2.000000  
53.581144 0.002515  0.091897  -0.016178  0.986594  0.111936  -0.118759  -0.106434  0.992974  0.051720  0.123714  -0.038387  0.991575  -0.000008  -0.001919  -0.000923  0.136268  0.362029  0.542990  2.000000  
53.582399 0.002518  0.091896  -0.016181  0.986213  0.113861  -0.120086  -0.108242  0.992746  0.052340  0.125174  -0.038620  0.991383  0.000220  -0.001825  -0.001042  0.152159  0.413527  0.606779  2.000000  
53.583647 0.002522  0.091894  -0.016179  0.985809  0.115791  -0.121542  -0.110047  0.992513  0.052980  0.126767  -0.038853  0.991171  0.000487  -0.001783  -0.000861  0.168208  0.464976  0.670513  2.000000  
53.584891 0.002525  0.091889  -0.016176  0.985400  0.117737  -0.122982  -0.111850  0.992271  0.053746  0.128359  -0.039205  0.990952  0.000684  -0.001857  -0.000583  0.188438  0.521004  0.734666  2.000000  
53.586145 0.002529  0.091882  -0.016173  0.984974  0.119489  -0.124694  -0.113445  0.992047  0.054522  0.130217  -0.039556  0.990696  0.000912  -0.002095  -0.000310  0.208099  0.581835  0.792206  2.000000  
53.587390 0.002533  0.091873  -0.016168  0.984477  0.121656  -0.126511  -0.115442  0.991770  0.055371  0.132206  -0.039906  0.990419  0.001166  -0.002459  -0.000096  0.229522  0.646367  0.863314  2.000000  
53.588395 0.002536  0.091866  -0.016164  0.984139  0.122986  -0.127846  -0.116635  0.991592  0.056059  0.133665  -0.040259  0.990209  0.001391  -0.002771  0.000138  0.247332  0.698319  0.906329  2.000000  
53.589639 0.002539  0.091855  -0.016159  0.983702  0.124542  -0.129692  -0.118021  0.991383  0.056841  0.135654  -0.040608  0.989924  0.001605  -0.003237  0.000486  0.266555  0.764016  0.957407  2.000000  
53.590644 0.002541  0.091845  -0.016155  0.983338  0.125863  -0.131169  -0.119209  0.991207  0.057433  0.137244  -0.040839  0.989695  0.001883  -0.003759  0.000897  0.280540  0.815970  1.000363  2.000000  
53.591891 0.002546  0.091832  -0.016152  0.982908  0.127400  -0.132895  -0.120595  0.991001  0.058088  0.139099  -0.041069  0.989426  0.002201  -0.004463  0.001249  0.295699  0.876934  1.050893  2.000000  
53.592903 0.002550  0.091823  -0.016150  0.982554  0.128716  -0.134237  -0.121783  0.990821  0.058671  0.140557  -0.041300  0.989211  0.002522  -0.005204  0.001538  0.309654  0.928764  1.093773  2.000000  
53.594144 0.002555  0.091812  -0.016145  0.982089  0.130457  -0.135947  -0.123368  0.990584  0.059364  0.142411  -0.041529  0.988936  0.002842  -0.005913  0.001924  0.325948  0.989722  1.151507  2.000000  
53.595392 0.002560  0.091802  -0.016140  0.981670  0.131775  -0.137695  -0.124548  0.990405  0.059885  0.144265  -0.041637  0.988663  0.003062  -0.006386  0.002402  0.333656  1.042417  1.185372  2.000000  
53.596408 0.002564  0.091795  -0.016136  0.981355  0.132685  -0.139057  -0.125329  0.990274  0.060423  0.145721  -0.041868  0.988439  0.003213  -0.006905  0.002958  0.346340  1.090682  1.203206  2.000000  
53.597648 0.002568  0.091786  -0.016129  0.980953  0.133799  -0.140814  -0.126304  0.990119  0.060922  0.147574  -0.041977  0.988160  0.003284  -0.007349  0.003407  0.348780  1.130912  1.211834  2.000000  
53.598893 0.002571  0.091775  -0.016122  0.980507  0.134942  -0.142816  -0.127273  0.989954  0.061580  0.149691  -0.042203  0.987832  0.003252  -0.007926  0.003855  0.352279  1.179633  1.227716  2.000000  
53.599894 0.002572  0.091766  -0.016115  0.980162  0.135842  -0.144321  -0.128049  0.989827  0.062023  0.151278  -0.042312  0.987585  0.003168  -0.008220  0.004142  0.352260  1.214675  1.249909  2.000000  
53.601141 0.002573  0.091754  -0.016106  0.979754  0.136759  -0.146219  -0.128816  0.989696  0.062520  0.153262  -0.042419  0.987275  0.002934  -0.008513  0.004435  0.349776  1.259342  1.251678  2.000000  
53.602144 0.002572  0.091743  -0.016100  0.979449  0.137468  -0.147587  -0.129391  0.989588  0.063041  0.154716  -0.042649  0.987038  0.002670  -0.008793  0.004664  0.349148  1.286401  1.239045  2.000000  
53.603145 0.002571  0.091732  -0.016093  0.979142  0.138159  -0.148971  -0.129966  0.989487  0.063443  0.156170  -0.042758  0.986804  0.002347  -0.009126  0.004835  0.347627  1.314184  1.219698  2.000000  
53.604391 0.002567  0.091715  -0.016083  0.978716  0.139293  -0.150704  -0.130935  0.989318  0.064081  0.158020  -0.042985  0.986500  0.001918  -0.009499  0.005115  0.346392  1.350915  1.200932  2.000000  
53.605395 0.002565  0.091702  -0.016075  0.978404  0.139986  -0.152086  -0.131508  0.989215  0.064488  0.159473  -0.043094  0.986261  0.001600  -0.009676  0.005442  0.344753  1.373836  1.181071  2.000000  
53.606418 0.002562  0.091690  -0.016065  0.978067  0.140684  -0.153598  -0.132078  0.989112  0.064913  0.161058  -0.043203  0.985999  0.001162  -0.009803  0.005963  0.342979  1.400583  1.160853  2.000000  
53.607642 0.002559  0.091675  -0.016053  0.977614  0.141609  -0.155619  -0.132837  0.988975  0.065444  0.163170  -0.043307  0.985647  0.000633  -0.010029  0.006486  0.340257  1.426307  1.140076  2.000000  
53.608889 0.002554  0.091660  -0.016041  0.977206  0.142325  -0.157521  -0.133396  0.988868  0.065928  0.165150  -0.043412  0.985313  -0.000009  -0.010286  0.007038  0.336200  1.445505  1.099843  2.000000  
53.609895 0.002551  0.091649  -0.016031  0.976865  0.142807  -0.159191  -0.133759  0.988799  0.066225  0.166865  -0.043399  0.985024  -0.000584  -0.010542  0.007482  0.328788  1.460196  1.066303  2.000000  
53.611145 0.002545  0.091634  -0.016020  0.976443  0.143701  -0.160964  -0.134521  0.988670  0.066608  0.168712  -0.043386  0.984710  -0.001287  -0.010901  0.007848  0.322222  1.478934  1.027411  2.000000  
53.612399 0.002539  0.091620  -0.016011  0.976017  0.144596  -0.162736  -0.135281  0.988540  0.066993  0.170558  -0.043372  0.984393  -0.001982  -0.011250  0.008024  0.309858  1.489525  0.999322  2.000000  
53.613644 0.002532  0.091607  -0.016002  0.975587  0.145490  -0.164507  -0.136040  0.988409  0.067382  0.172404  -0.043358  0.984072  -0.002627  -0.011448  0.008092  0.298293  1.499863  0.965807  2.000000  
53.614893 0.002524  0.091593  -0.015994  0.975181  0.146161  -0.166308  -0.136598  0.988316  0.067619  0.174248  -0.043224  0.983753  -0.003184  -0.011545  0.008058  0.274813  1.509666  0.925801  2.000000  
53.616144 0.002515  0.091579  -0.015986  0.974818  0.146840  -0.167830  -0.137161  0.988216  0.067942  0.175829  -0.043212  0.983472  -0.003894  -0.011693  0.008052  0.261562  1.502635  0.891180  2.000000  
53.617395 0.002505  0.091565  -0.015978  0.974401  0.147708  -0.169486  -0.137921  0.988092  0.068200  0.177541  -0.043079  0.983170  -0.004513  -0.011677  0.008022  0.237589  1.494636  0.849893  2.000000  
53.618407 0.002496  0.091553  -0.015972  0.974056  0.148381  -0.170876  -0.138485  0.987992  0.068509  0.178989  -0.043067  0.982908  -0.004987  -0.011632  0.007950  0.226125  1.494810  0.822086  2.000000  
53.619641 0.002483  0.091539  -0.015963  0.973636  0.149071  -0.172656  -0.139039  0.987889  0.068874  0.180832  -0.043053  0.982571  -0.005642  -0.011514  0.007850  0.211106  1.492164  0.795078  2.000000  
53.620895 0.002470  0.091526  -0.015954  0.973213  0.149761  -0.174435  -0.139592  0.987785  0.069242  0.182674  -0.043038  0.982231  -0.006260  -0.011340  0.007716  0.200345  1.489280  0.775350  2.000000  
53.622140 0.002459  0.091513  -0.015945  0.972811  0.150445  -0.176083  -0.140148  0.987682  0.069594  0.184384  -0.043024  0.981912  -0.006770  -0.011214  0.007524  0.187989  1.486213  0.741310  2.000000  
53.623396 0.002447  0.091500  -0.015935  0.972376  0.151311  -0.177734  -0.140903  0.987555  0.069864  0.186093  -0.042891  0.981596  -0.007328  -0.011091  0.007352  0.172594  1.482930  0.713973  2.000000  
53.624398 0.002438  0.091490  -0.015927  0.972017  0.151983  -0.179120  -0.141464  0.987453  0.070181  0.187539  -0.042879  0.981321  -0.007608  -0.010966  0.007229  0.163229  1.483723  0.700605  2.000000  
53.625643 0.002427  0.091478  -0.015919  0.971630  0.152639  -0.180654  -0.142020  0.987357  0.070400  0.189116  -0.042746  0.981024  -0.008095  -0.010772  0.006971  0.148899  1.478914  0.678130  2.000000  
53.626896 0.002416  0.091467  -0.015912  0.971186  0.153503  -0.182303  -0.142772  0.987229  0.070677  0.190824  -0.042613  0.980699  -0.008397  -0.010544  0.006824  0.140718  1.470126  0.670686  2.000000  
53.628146 0.002406  0.091457  -0.015906  0.970768  0.154142  -0.183984  -0.143323  0.987140  0.070799  0.192531  -0.042361  0.980376  -0.008642  -0.010323  0.006634  0.123139  1.466138  0.656639  2.000000  
53.629399 0.002397  0.091446  -0.015899  0.970346  0.154779  -0.185664  -0.143874  0.987051  0.070924  0.194237  -0.042108  0.980050  -0.008778  -0.010159  0.006518  0.109664  1.453177  0.642100  2.000000  
53.630401 0.002389  0.091438  -0.015894  0.970000  0.155399  -0.186955  -0.144434  0.986964  0.070992  0.195550  -0.041860  0.979800  -0.008786  -0.009994  0.006449  0.094208  1.444101  0.641522  2.000000  
53.631646 0.002381  0.091428  -0.015888  0.969624  0.156024  -0.188375  -0.144991  0.986876  0.071081  0.196993  -0.041610  0.979522  -0.008639  -0.009678  0.006356  0.081737  1.431016  0.633904  2.000000  
53.632894 0.002374  0.091418  -0.015883  0.969247  0.156648  -0.189794  -0.145546  0.986788  0.071172  0.198435  -0.041360  0.979241  -0.008418  -0.009388  0.006152  0.065181  1.418191  0.626507  2.000000  
53.634144 0.002366  0.091407  -0.015879  0.968893  0.157289  -0.191065  -0.146105  0.986692  0.071365  0.199747  -0.041230  0.978980  -0.008098  -0.009168  0.005817  0.051376  1.400621  0.611987  2.000000  
53.635395 0.002359  0.091396  -0.015877  0.968538  0.157906  -0.192354  -0.146663  0.986603  0.071440  0.201058  -0.040981  0.978722  -0.007688  -0.008947  0.005357  0.038779  1.382828  0.604101  2.000000  
53.636405 0.002355  0.091388  -0.015874  0.968264  0.158356  -0.193360  -0.147030  0.986532  0.071676  0.202106  -0.040972  0.978506  -0.007384  -0.008861  0.005050  0.035049  1.367663  0.599217  2.000000  
53.637641 0.002349  0.091377  -0.015873  0.967878  0.159001  -0.194758  -0.147583  0.986433  0.071893  0.203547  -0.040841  0.978213  -0.006992  -0.008678  0.004509  0.026666  1.345139  0.591102  2.000000  
53.638648 0.002346  0.091370  -0.015871  0.967605  0.159229  -0.195927  -0.147745  0.986402  0.071991  0.204726  -0.040712  0.977972  -0.006550  -0.008467  0.004037  0.017033  1.329671  0.580985  2.000000  
53.639890 0.002342  0.091361  -0.015869  0.967245  0.159670  -0.197339  -0.148098  0.986336  0.072170  0.206166  -0.040581  0.977675  -0.006100  -0.008298  0.003681  0.013689  1.310307  0.575781  2.000000  
53.640895 0.002339  0.091354  -0.015867  0.966996  0.159916  -0.198359  -0.148263  0.986296  0.072369  0.207214  -0.040572  0.977454  -0.005687  -0.008120  0.003419  0.010668  1.295005  0.558843  2.000000  
53.642143 0.002337  0.091346  -0.015864  0.966632  0.160333  -0.199790  -0.148615  0.986239  0.072430  0.208653  -0.040322  0.977158  -0.005135  -0.007920  0.003120  0.000628  1.284893  0.540438  2.000000  
53.643149 0.002336  0.091341  -0.015861  0.966377  0.160752  -0.200684  -0.148983  0.986176  0.072532  0.209569  -0.040195  0.976967  -0.004642  -0.007702  0.002909  -0.004078  1.264468  0.536598  2.000000  
53.644403 0.002335  0.091334  -0.015858  0.966096  0.160954  -0.201870  -0.149143  0.986153  0.072514  0.210746  -0.039948  0.976724  -0.004087  -0.007420  0.002680  -0.010072  1.242370  0.521568  2.000000  
53.645643 0.002335  0.091329  -0.015855  0.965783  0.161334  -0.203061  -0.149502  0.986106  0.072418  0.211923  -0.039582  0.976484  -0.003495  -0.007070  0.002520  -0.022858  1.228371  0.510145  2.000000  
53.646894 0.002335  0.091325  -0.015853  0.965500  0.161534  -0.204247  -0.149662  0.986083  0.072401  0.213100  -0.039335  0.976238  -0.002927  -0.006717  0.002293  -0.028922  1.211939  0.495885  2.000000  
53.648142 0.002336  0.091321  -0.015851  0.965184  0.161912  -0.205438  -0.150020  0.986035  0.072307  0.214276  -0.038969  0.975995  -0.002445  -0.006331  0.002087  -0.043076  1.194019  0.481032  2.000000  
53.649164 0.002336  0.091318  -0.015851  0.964954  0.162076  -0.206385  -0.150188  0.986023  0.072131  0.215191  -0.038606  0.975809  -0.001943  -0.005891  0.001854  -0.057763  1.172565  0.469587  2.000000  
53.650406 0.002337  0.091314  -0.015851  0.964666  0.162275  -0.207571  -0.150346  0.986000  0.072115  0.216367  -0.038359  0.975558  -0.001451  -0.005418  0.001696  -0.068026  1.150779  0.454853  2.000000  
53.651465 0.002338  0.091312  -0.015851  0.964466  0.162260  -0.208513  -0.150315  0.986012  0.072016  0.217281  -0.038115  0.975365  -0.001077  -0.004974  0.001542  -0.078315  1.131335  0.439511  2.000000  
53.652646 0.002339  0.091309  -0.015852  0.964233  0.162422  -0.209460  -0.150482  0.985999  0.071841  0.218195  -0.037752  0.975175  -0.000671  -0.004550  0.001383  -0.094377  1.107757  0.418725  2.000000  
53.653892 0.002339  0.091305  -0.015854  0.963940  0.162842  -0.210481  -0.150843  0.985935  0.071969  0.219240  -0.037625  0.974945  -0.000341  -0.004183  0.001124  -0.094539  1.085775  0.407849  2.000000  
53.654894 0.002339  0.091302  -0.015856  0.963764  0.163019  -0.211150  -0.151019  0.985915  0.071875  0.219893  -0.037383  0.974808  -0.000165  -0.003887  0.000855  -0.103217  1.064162  0.389324  2.000000  
53.656143 0.002339  0.091299  -0.015858  0.963529  0.163230  -0.212057  -0.151185  0.985884  0.071940  0.220806  -0.037256  0.974606  0.000056  -0.003550  0.000524  -0.104804  1.042712  0.371971  2.000000  
53.657394 0.002338  0.091296  -0.015860  0.963264  0.163447  -0.213092  -0.151347  0.985853  0.072026  0.221850  -0.037129  0.974374  0.000096  -0.003299  0.000213  -0.107205  1.021268  0.357506  2.000000  
53.658405 0.002337  0.091293  -0.015862  0.963087  0.163451  -0.213885  -0.151319  0.985857  0.072028  0.222633  -0.037004  0.974200  0.000097  -0.003041  -0.000131  -0.107865  0.994255  0.338298  2.000000  
53.659649 0.002335  0.091290  -0.015866  0.962850  0.163662  -0.214791  -0.151485  0.985827  0.072094  0.223546  -0.036878  0.973996  0.000043  -0.002859  -0.000593  -0.106330  0.972619  0.323682  2.000000  
53.660896 0.002333  0.091287  -0.015870  0.962580  0.164049  -0.215702  -0.151848  0.985772  0.072085  0.224459  -0.036634  0.973795  -0.000108  -0.002749  -0.001003  -0.108881  0.950760  0.308943  2.000000  
53.662144 0.002330  0.091286  -0.015873  0.962371  0.164229  -0.216499  -0.152018  0.985751  0.072013  0.225241  -0.036391  0.973623  -0.000342  -0.002562  -0.001431  -0.111518  0.929040  0.294276  2.000000  
53.663144 0.002328  0.091285  -0.015876  0.962160  0.164408  -0.217296  -0.152188  0.985730  0.071940  0.226023  -0.036148  0.973451  -0.000514  -0.002366  -0.001662  -0.114443  0.925794  0.291788  2.000000  
53.664393 0.002326  0.091285  -0.015878  0.961949  0.164587  -0.218093  -0.152358  0.985709  0.071868  0.226805  -0.035905  0.973278  -0.000684  -0.002129  -0.001825  -0.121129  0.904117  0.277283  2.000000  
53.665397 0.002323  0.091285  -0.015880  0.961829  0.164552  -0.218647  -0.152339  0.985723  0.071710  0.227326  -0.035665  0.973165  -0.000885  -0.001929  -0.001944  -0.126330  0.885336  0.257937  2.000000  
53.666410 0.002321  0.091285  -0.015881  0.961648  0.164726  -0.219316  -0.152513  0.985703  0.071618  0.227977  -0.035423  0.973022  -0.001084  -0.001776  -0.002015  -0.133136  0.872076  0.243604  2.000000  
53.667642 0.002319  0.091286  -0.015882  0.961465  0.164899  -0.219984  -0.152687  0.985683  0.071526  0.228629  -0.035181  0.972878  -0.001300  -0.001491  -0.002016  -0.142654  0.846001  0.235812  2.000000  
53.668894 0.002316  0.091286  -0.015884  0.961252  0.165049  -0.220800  -0.152856  0.985670  0.071336  0.229410  -0.034821  0.972707  -0.001575  -0.001205  -0.001992  -0.152071  0.823792  0.227920  2.000000  
53.670145 0.002313  0.091287  -0.015886  0.961069  0.165221  -0.221468  -0.153030  0.985650  0.071244  0.230061  -0.034579  0.972562  -0.001790  -0.000944  -0.001991  -0.155934  0.796845  0.226676  2.000000  
53.671394 0.002309  0.091285  -0.015888  0.960917  0.165217  -0.222131  -0.153006  0.985655  0.071227  0.230712  -0.034456  0.972412  -0.001965  -0.000866  -0.002020  -0.157503  0.773119  0.210639  2.000000  
53.672395 0.002306  0.091283  -0.015891  0.960763  0.165411  -0.222650  -0.153184  0.985627  0.071235  0.231233  -0.034334  0.972292  -0.002161  -0.000812  -0.002084  -0.158845  0.755456  0.203108  2.000000  
53.673396 0.002303  0.091281  -0.015894  0.960641  0.165403  -0.223184  -0.153164  0.985633  0.071198  0.231754  -0.034211  0.972173  -0.002274  -0.000851  -0.002103  -0.160243  0.742414  0.195801  2.000000  
53.674406 0.002300  0.091278  -0.015896  0.960549  0.165389  -0.223589  -0.153150  0.985639  0.071139  0.232144  -0.034090  0.972084  -0.002391  -0.000836  -0.002061  -0.156289  0.721887  0.182633  2.000000  
53.675645 0.002296  0.091274  -0.015899  0.960426  0.165407  -0.224103  -0.153130  0.985636  0.071221  0.232665  -0.034086  0.971960  -0.002527  -0.000883  -0.002016  -0.149638  0.704601  0.175199  2.000000  
53.676649 0.002293  0.091271  -0.015902  0.960334  0.165393  -0.224508  -0.153115  0.985643  0.071163  0.233055  -0.033965  0.971870  -0.002582  -0.000977  -0.001999  -0.146949  0.682194  0.167404  2.000000  
53.677909 0.002289  0.091268  -0.015905  0.960210  0.165411  -0.225022  -0.153096  0.985640  0.071245  0.233575  -0.033960  0.971745  -0.002628  -0.001095  -0.001973  -0.137633  0.659961  0.152863  2.000000  
53.679143 0.002286  0.091265  -0.015907  0.960118  0.165397  -0.225427  -0.153081  0.985646  0.071187  0.233966  -0.033839  0.971656  -0.002715  -0.001335  -0.001962  -0.130031  0.637766  0.144259  2.000000  
53.680144 0.002284  0.091263  -0.015910  0.960025  0.165383  -0.225833  -0.153066  0.985653  0.071129  0.234356  -0.033718  0.971566  -0.002674  -0.001505  -0.002004  -0.127362  0.619768  0.136682  2.000000  
53.681396 0.002281  0.091260  -0.015912  0.959963  0.165365  -0.226109  -0.153056  0.985660  0.071050  0.234616  -0.033598  0.971507  -0.002679  -0.001650  -0.002030  -0.123520  0.589950  0.135713  2.000000  
53.682643 0.002279  0.091259  -0.015914  0.959901  0.165148  -0.226529  -0.152844  0.985701  0.070945  0.235006  -0.033477  0.971417  -0.002652  -0.001895  -0.002125  -0.118197  0.571348  0.121242  2.000000  
53.683645 0.002278  0.091257  -0.015915  0.959870  0.165125  -0.226677  -0.152839  0.985708  0.070846  0.235136  -0.033358  0.971390  -0.002569  -0.001988  -0.002101  -0.119696  0.549263  0.113657  2.000000  
53.684893 0.002277  0.091255  -0.015916  0.959808  0.165106  -0.226954  -0.152829  0.985716  0.070768  0.235396  -0.033238  0.971331  -0.002460  -0.002150  -0.002052  -0.118724  0.527497  0.099382  2.000000  
53.686141 0.002275  0.091253  -0.015916  0.959777  0.164857  -0.227265  -0.152622  0.985765  0.070522  0.235656  -0.033000  0.971276  -0.002298  -0.002151  -0.001885  -0.125859  0.505739  0.085121  2.000000  
53.687395 0.002274  0.091251  -0.015917  0.959746  0.164833  -0.227414  -0.152617  0.985773  0.070423  0.235787  -0.032881  0.971248  -0.002157  -0.002160  -0.001698  -0.128460  0.469815  0.077579  2.000000  
53.688397 0.002273  0.091249  -0.015915  0.959715  0.164810  -0.227562  -0.152612  0.985781  0.070324  0.235917  -0.032763  0.971221  -0.001987  -0.002101  -0.001415  -0.127388  0.452602  0.076403  2.000000  
53.689644 0.002271  0.091246  -0.015914  0.959715  0.164612  -0.227705  -0.152409  0.985814  0.070298  0.236047  -0.032761  0.971189  -0.001875  -0.002074  -0.001159  -0.126449  0.426276  0.062048  2.000000  
53.690720 0.002270  0.091244  -0.015914  0.959684  0.164588  -0.227853  -0.152404  0.985822  0.070198  0.236177  -0.032643  0.971162  -0.001648  -0.001960  -0.000926  -0.126261  0.402308  0.047936  2.000000  
53.691889 0.002269  0.091242  -0.015913  0.959684  0.164390  -0.227996  -0.152202  0.985855  0.070172  0.236307  -0.032642  0.971130  -0.001507  -0.001921  -0.000700  -0.120611  0.382675  0.033631  2.000000  
53.692897 0.002268  0.091240  -0.015913  0.959684  0.164390  -0.227996  -0.152202  0.985855  0.070172  0.236307  -0.032642  0.971130  -0.001422  -0.001888  -0.000556  -0.115027  0.354565  0.026014  2.000000  
53.694144 0.002267  0.091238  -0.015913  0.959684  0.164390  -0.227996  -0.152202  0.985855  0.070172  0.236307  -0.032642  0.971130  -0.001243  -0.001759  -0.000353  -0.108479  0.327865  0.018294  2.000000  
53.695397 0.002267  0.091237  -0.015915  0.959684  0.164390  -0.227996  -0.152202  0.985855  0.070172  0.236307  -0.032642  0.971130  -0.001060  -0.001679  -0.000280  -0.097833  0.305578  0.010716  2.000000  
53.696408 0.002267  0.091236  -0.015916  0.959716  0.164187  -0.228010  -0.152004  0.985889  0.070125  0.236307  -0.032642  0.971130  -0.000955  -0.001604  -0.000261  -0.094593  0.285515  0.003316  2.000000  
53.697645 0.002267  0.091236  -0.015917  0.959716  0.164187  -0.228010  -0.152004  0.985889  0.070125  0.236307  -0.032642  0.971130  -0.000811  -0.001508  -0.000260  -0.086368  0.256887  -0.011255  2.000000  
53.698650 0.002268  0.091236  -0.015919  0.959747  0.164182  -0.227882  -0.152009  0.985890  0.070105  0.236177  -0.032643  0.971162  -0.000684  -0.001385  -0.000231  -0.078208  0.234382  -0.012064  2.000000  
53.699894 0.002268  0.091237  -0.015919  0.959778  0.164178  -0.227754  -0.152014  0.985890  0.070084  0.236047  -0.032644  0.971193  -0.000566  -0.001239  -0.000210  -0.071688  0.207694  -0.019752  2.000000  
53.700894 0.002269  0.091237  -0.015920  0.959778  0.164178  -0.227754  -0.152014  0.985890  0.070084  0.236047  -0.032644  0.971193  -0.000446  -0.001072  -0.000234  -0.067614  0.189703  -0.020382  2.000000  
53.702139 0.002270  0.091238  -0.015920  0.959778  0.164349  -0.227631  -0.152216  0.985866  0.069991  0.235917  -0.032527  0.971229  -0.000251  -0.000863  -0.000210  -0.065456  0.165610  -0.014333  2.000000  
53.703141 0.002271  0.091239  -0.015920  0.959809  0.164345  -0.227503  -0.152221  0.985866  0.069971  0.235787  -0.032528  0.971260  -0.000089  -0.000667  -0.000301  0.000000  0.000000  0.000000  2.000000  
53.704395 0.002273  0.091240  -0.015919  0.959871  0.164336  -0.227246  -0.152231  0.985868  0.069930  0.235526  -0.032530  0.971323  0.000138  -0.000404  -0.000352  0.000000  0.000000  0.000000  2.000000  
53.705641 0.002275  0.091242  -0.015918  0.959871  0.164535  -0.227103  -0.152434  0.985835  0.069957  0.235396  -0.032531  0.971355  0.000306  -0.000182  -0.000299  0.000000  0.000000  0.000000  2.000000  
53.706644 0.002276  0.091242  -0.015918  0.959902  0.164531  -0.226975  -0.152439  0.985835  0.069936  0.235266  -0.032532  0.971386  0.000503  0.000032  -0.000326  0.000000  0.000000  0.000000  2.000000  
53.707895 0.002278  0.091244  -0.015917  0.959933  0.164526  -0.226846  -0.152444  0.985836  0.069916  0.235136  -0.032533  0.971418  0.000702  0.000250  -0.000246  0.000000  0.000000  0.000000  2.000000  
53.709147 0.002280  0.091246  -0.015916  0.959964  0.164522  -0.226718  -0.152449  0.985837  0.069895  0.235006  -0.032534  0.971449  0.000908  0.000524  -0.000190  0.000000  0.000000  0.000000  2.000000  
53.710400 0.002282  0.091248  -0.015916  0.959964  0.164748  -0.226555  -0.152651  0.985795  0.070041  0.234876  -0.032653  0.971477  0.001025  0.000723  -0.000085  0.000000  0.000000  0.000000  2.000000  
53.711644 0.002284  0.091249  -0.015915  0.959995  0.164771  -0.226407  -0.152656  0.985787  0.070140  0.234746  -0.032772  0.971504  0.001141  0.000902  0.000065  0.000000  0.000000  0.000000  2.000000  
53.712895 0.002286  0.091251  -0.015915  0.960057  0.164763  -0.226150  -0.152666  0.985789  0.070100  0.234486  -0.032774  0.971567  0.001217  0.001035  0.000157  0.000000  0.000000  0.000000  2.000000  
53.714144 0.002287  0.091254  -0.015915  0.960119  0.164781  -0.225873  -0.152676  0.985781  0.070178  0.234226  -0.032894  0.971626  0.001342  0.001180  0.000262  0.000000  0.000000  0.000000  2.000000  
53.715144 0.002289  0.091255  -0.015916  0.960150  0.164777  -0.225745  -0.152681  0.985782  0.070158  0.234096  -0.032895  0.971657  0.001383  0.001231  0.000250  0.000000  0.000000  0.000000  2.000000  
53.716145 0.002291  0.091257  -0.015917  0.960212  0.164768  -0.225488  -0.152691  0.985784  0.070117  0.233836  -0.032897  0.971719  0.001451  0.001296  0.000191  0.000000  0.000000  0.000000  2.000000  
53.717397 0.002292  0.091258  -0.015919  0.960273  0.164787  -0.225211  -0.152700  0.985776  0.070196  0.233575  -0.033017  0.971778  0.001425  0.001312  0.000082  0.000000  0.000000  0.000000  2.000000  
53.718399 0.002293  0.091259  -0.015920  0.960335  0.164778  -0.224955  -0.152710  0.985778  0.070155  0.233315  -0.033019  0.971840  0.001450  0.001328  -0.000037  0.000000  0.000000  0.000000  2.000000  
53.719640 0.002295  0.091260  -0.015921  0.960397  0.164769  -0.224698  -0.152720  0.985779  0.070114  0.233055  -0.033022  0.971903  0.001440  0.001325  -0.000117  0.000000  0.000000  0.000000  2.000000  
53.720641 0.002296  0.091261  -0.015922  0.960428  0.164792  -0.224549  -0.152725  0.985771  0.070213  0.232925  -0.033141  0.971930  0.001435  0.001289  -0.000267  0.000000  0.000000  0.000000  2.000000  
53.721641 0.002298  0.091261  -0.015922  0.960490  0.164585  -0.224435  -0.152532  0.985806  0.070147  0.232795  -0.033142  0.971961  0.001423  0.001266  -0.000299  0.000000  0.000000  0.000000  2.000000  
53.722646 0.002299  0.091262  -0.015922  0.960551  0.164576  -0.224178  -0.152542  0.985807  0.070106  0.232535  -0.033144  0.972023  0.001404  0.001210  -0.000370  0.000000  0.000000  0.000000  2.000000  
53.723895 0.002300  0.091262  -0.015922  0.960582  0.164599  -0.224030  -0.152547  0.985800  0.070205  0.232404  -0.033263  0.972050  0.001368  0.001090  -0.000382  0.000000  0.000000  0.000000  2.000000  
53.725139 0.002301  0.091262  -0.015921  0.960643  0.164617  -0.223753  -0.152556  0.985792  0.070284  0.232144  -0.033383  0.972108  0.001282  0.001001  -0.000367  0.000000  0.000000  0.000000  2.000000  
53.726151 0.002302  0.091262  -0.015921  0.960674  0.164613  -0.223625  -0.152561  0.985793  0.070263  0.232014  -0.033384  0.972139  0.001232  0.000850  -0.000359  0.000000  0.000000  0.000000  2.000000  
53.727396 0.002302  0.091261  -0.015920  0.960767  0.164428  -0.223362  -0.152373  0.985820  0.070296  0.231754  -0.033504  0.972197  0.001085  0.000695  -0.000337  0.000000  0.000000  0.000000  2.000000  
53.728645 0.002302  0.091261  -0.015920  0.960797  0.164424  -0.223234  -0.152378  0.985821  0.070276  0.231624  -0.033505  0.972228  0.000977  0.000529  -0.000349  0.000000  0.000000  0.000000  2.000000  
53.729647 0.002301  0.091261  -0.015920  0.960828  0.164446  -0.223085  -0.152383  0.985813  0.070375  0.231493  -0.033624  0.972255  0.000843  0.000398  -0.000266  0.000000  0.000000  0.000000  2.000000  
53.730894 0.002300  0.091260  -0.015920  0.960889  0.164438  -0.222828  -0.152393  0.985814  0.070334  0.231233  -0.033626  0.972317  0.000661  0.000234  -0.000195  0.033950  -0.165153  0.001045  2.000000  
53.732144 0.002300  0.091260  -0.015920  0.960981  0.164226  -0.222586  -0.152205  0.985849  0.070248  0.230973  -0.033628  0.972379  0.000524  0.000167  -0.000103  0.035083  -0.166093  -0.012387  2.000000  
53.733398 0.002298  0.091260  -0.015920  0.961012  0.164248  -0.222437  -0.152209  0.985842  0.070347  0.230842  -0.033747  0.972406  0.000350  0.000073  -0.000030  0.039152  -0.166056  -0.012394  2.000000  
53.734398 0.002297  0.091260  -0.015920  0.961073  0.164239  -0.222180  -0.152219  0.985843  0.070306  0.230582  -0.033749  0.972467  0.000157  -0.000044  0.000024  0.039151  -0.170537  -0.012547  2.000000  
53.735640 0.002296  0.091260  -0.015920  0.961103  0.164235  -0.222052  -0.152224  0.985844  0.070286  0.230452  -0.033750  0.972498  0.000003  -0.000064  0.000097  0.037237  -0.168934  -0.019116  2.000000  
53.736645 0.002295  0.091259  -0.015920  0.961164  0.164226  -0.221795  -0.152233  0.985845  0.070245  0.230192  -0.033753  0.972560  -0.000162  -0.000137  0.000127  0.037546  -0.174815  -0.019427  2.000000  
53.737890 0.002294  0.091259  -0.015920  0.961195  0.164248  -0.221646  -0.152238  0.985837  0.070344  0.230061  -0.033872  0.972587  -0.000341  -0.000180  0.000180  0.041291  -0.173412  -0.019282  2.000000  
53.738895 0.002293  0.091258  -0.015920  0.961255  0.164239  -0.221389  -0.152248  0.985839  0.070304  0.229801  -0.033874  0.972648  -0.000482  -0.000255  0.000134  0.041636  -0.179348  -0.019596  2.000000  
53.740147 0.002292  0.091257  -0.015920  0.961286  0.164235  -0.221261  -0.152253  0.985839  0.070283  0.229671  -0.033875  0.972679  -0.000602  -0.000310  0.000109  0.035953  -0.179118  -0.026335  2.000000  
53.741394 0.002291  0.091255  -0.015919  0.961316  0.164257  -0.221112  -0.152258  0.985832  0.070383  0.229540  -0.033994  0.972705  -0.000728  -0.000424  0.000115  0.039698  -0.177613  -0.026126  2.000000  
53.742402 0.002290  0.091254  -0.015919  0.961347  0.164253  -0.220984  -0.152262  0.985832  0.070362  0.229410  -0.033995  0.972736  -0.000801  -0.000482  0.000080  0.035946  -0.174552  -0.026194  2.000000  
53.743648 0.002289  0.091252  -0.015918  0.961377  0.164248  -0.220855  -0.152267  0.985833  0.070342  0.229280  -0.033996  0.972767  -0.000869  -0.000575  0.000133  0.031878  -0.174581  -0.026210  2.000000  
53.744894 0.002288  0.091251  -0.015917  0.961437  0.164266  -0.220578  -0.152277  0.985826  0.070421  0.229020  -0.034116  0.972824  -0.000879  -0.000634  0.000165  0.035666  -0.173150  -0.026007  2.000000  
53.746142 0.002287  0.091250  -0.015917  0.961468  0.164262  -0.220450  -0.152282  0.985827  0.070400  0.228889  -0.034117  0.972854  -0.000896  -0.000725  0.000208  0.035672  -0.168701  -0.025856  2.000000  
53.747143 0.002287  0.091249  -0.015915  0.961498  0.164257  -0.220321  -0.152286  0.985827  0.070380  0.228759  -0.034118  0.972885  -0.000871  -0.000741  0.000315  0.031631  -0.164232  -0.025712  2.000000  
53.748143 0.002286  0.091249  -0.015914  0.961528  0.164253  -0.220193  -0.152291  0.985828  0.070360  0.228629  -0.034119  0.972916  -0.000818  -0.000747  0.000411  0.000000  0.000000  0.000000  2.000000  
53.749145 0.002286  0.091249  -0.015914  0.961558  0.164248  -0.220064  -0.152296  0.985829  0.070339  0.228498  -0.034120  0.972946  -0.000796  -0.000757  0.000413  0.000000  0.000000  0.000000  2.000000  
53.750146 0.002286  0.091249  -0.015913  0.961589  0.164244  -0.219935  -0.152301  0.985829  0.070319  0.228368  -0.034122  0.972977  -0.000739  -0.000742  0.000465  0.000000  0.000000  0.000000  2.000000  
53.751395 0.002286  0.091249  -0.015913  0.961619  0.164239  -0.219807  -0.152305  0.985830  0.070299  0.228238  -0.034123  0.973007  -0.000659  -0.000703  0.000503  0.000000  0.000000  0.000000  2.000000  
53.752643 0.002286  0.091250  -0.015913  0.961649  0.164235  -0.219678  -0.152310  0.985831  0.070278  0.228108  -0.034124  0.973038  -0.000554  -0.000642  0.000493  0.000000  0.000000  0.000000  2.000000  
53.753895 0.002286  0.091250  -0.015913  0.961709  0.164226  -0.219421  -0.152320  0.985832  0.070237  0.227847  -0.034126  0.973099  -0.000490  -0.000571  0.000485  0.000000  0.000000  0.000000  2.000000  
53.755143 0.002286  0.091250  -0.015913  0.961739  0.164221  -0.219292  -0.152325  0.985833  0.070217  0.227717  -0.034127  0.973129  -0.000396  -0.000443  0.000479  0.000000  0.000000  0.000000  2.000000  
53.756404 0.002286  0.091250  -0.015913  0.961769  0.164217  -0.219164  -0.152329  0.985834  0.070197  0.227587  -0.034128  0.973160  -0.000304  -0.000331  0.000452  0.000000  0.000000  0.000000  2.000000  
53.757643 0.002287  0.091250  -0.015912  0.961799  0.164212  -0.219035  -0.152334  0.985834  0.070176  0.227456  -0.034129  0.973190  -0.000167  -0.000211  0.000445  0.000000  0.000000  0.000000  2.000000  
53.758645 0.002287  0.091250  -0.015912  0.961799  0.164212  -0.219035  -0.152334  0.985834  0.070176  0.227456  -0.034129  0.973190  -0.000140  -0.000139  0.000403  0.000000  0.000000  0.000000  2.000000  
53.759650 0.002287  0.091250  -0.015912  0.961829  0.164208  -0.218907  -0.152339  0.985835  0.070156  0.227326  -0.034130  0.973220  -0.000066  -0.000072  0.000365  0.000000  0.000000  0.000000  2.000000  
53.760894 0.002287  0.091250  -0.015912  0.961859  0.164203  -0.218778  -0.152344  0.985836  0.070136  0.227196  -0.034131  0.973251  0.000040  0.000023  0.000339  0.000000  0.000000  0.000000  2.000000  
53.761896 0.002287  0.091250  -0.015912  0.961859  0.164203  -0.218778  -0.152344  0.985836  0.070136  0.227196  -0.034131  0.973251  0.000054  0.000042  0.000257  0.000000  0.000000  0.000000  2.000000  
53.763144 0.002288  0.091250  -0.015911  0.961889  0.164198  -0.218649  -0.152348  0.985837  0.070115  0.227065  -0.034132  0.973281  0.000099  0.000086  0.000193  0.000000  0.000000  0.000000  2.000000  
53.764397 0.002288  0.091251  -0.015911  0.961889  0.164198  -0.218649  -0.152348  0.985837  0.070115  0.227065  -0.034132  0.973281  0.000171  0.000153  0.000146  0.000000  0.000000  0.000000  2.000000  
53.765397 0.002288  0.091251  -0.015912  0.961919  0.164194  -0.218521  -0.152353  0.985837  0.070095  0.226935  -0.034133  0.973312  0.000174  0.000173  0.000102  0.000000  0.000000  0.000000  2.000000  
53.766409 0.002288  0.091252  -0.015912  0.961919  0.164194  -0.218521  -0.152353  0.985837  0.070095  0.226935  -0.034133  0.973312  0.000149  0.000171  0.000039  0.000000  0.000000  0.000000  2.000000  
53.767643 0.002288  0.091253  -0.015911  0.961949  0.164189  -0.218392  -0.152358  0.985838  0.070074  0.226805  -0.034134  0.973342  0.000160  0.000223  0.000087  0.000000  0.000000  0.000000  2.000000  
53.768890 0.002288  0.091254  -0.015911  0.961949  0.164163  -0.218412  -0.152358  0.985847  0.069955  0.226805  -0.034016  0.973346  0.000130  0.000267  0.000105  0.000000  0.000000  0.000000  2.000000  
53.769896 0.002288  0.091254  -0.015911  0.961979  0.164158  -0.218283  -0.152363  0.985847  0.069934  0.226674  -0.034017  0.973376  0.000093  0.000269  0.000080  0.000000  0.000000  0.000000  2.000000  
53.771139 0.002287  0.091255  -0.015911  0.961979  0.164158  -0.218283  -0.152363  0.985847  0.069934  0.226674  -0.034017  0.973376  0.000056  0.000336  0.000090  0.000000  0.000000  0.000000  2.000000  
53.772144 0.002287  0.091256  -0.015911  0.962009  0.164154  -0.218155  -0.152367  0.985848  0.069914  0.226544  -0.034018  0.973407  0.000029  0.000390  0.000111  0.000000  0.000000  0.000000  2.000000  
53.773398 0.002286  0.091256  -0.015910  0.962009  0.164154  -0.218155  -0.152367  0.985848  0.069914  0.226544  -0.034018  0.973407  -0.000071  0.000390  0.000131  0.000000  0.000000  0.000000  2.000000  
53.774646 0.002285  0.091256  -0.015910  0.962009  0.164154  -0.218155  -0.152367  0.985848  0.069914  0.226544  -0.034018  0.973407  -0.000098  0.000432  0.000148  0.000000  0.000000  0.000000  2.000000  
53.775899 0.002285  0.091256  -0.015910  0.962009  0.164154  -0.218155  -0.152367  0.985848  0.069914  0.226544  -0.034018  0.973407  -0.000189  0.000437  0.000134  0.000000  0.000000  0.000000  2.000000  
53.777147 0.002284  0.091256  -0.015909  0.962039  0.164149  -0.218026  -0.152372  0.985849  0.069894  0.226414  -0.034019  0.973437  -0.000231  0.000414  0.000152  0.000000  0.000000  0.000000  2.000000  
53.778406 0.002284  0.091257  -0.015908  0.962039  0.164149  -0.218026  -0.152372  0.985849  0.069894  0.226414  -0.034019  0.973437  -0.000253  0.000418  0.000225  0.000000  0.000000  0.000000  2.000000  
53.779644 0.002284  0.091256  -0.015907  0.962039  0.164149  -0.218026  -0.152372  0.985849  0.069894  0.226414  -0.034019  0.973437  -0.000274  0.000343  0.000256  0.000000  0.000000  0.000000  2.000000  
53.780647 0.002284  0.091256  -0.015906  0.962039  0.164149  -0.218026  -0.152372  0.985849  0.069894  0.226414  -0.034019  0.973437  -0.000295  0.000309  0.000388  0.000000  0.000000  0.000000  2.000000  
53.781894 0.002284  0.091256  -0.015905  0.962039  0.164149  -0.218026  -0.152372  0.985849  0.069894  0.226414  -0.034019  0.973437  -0.000301  0.000214  0.000395  0.000000  0.000000  0.000000  2.000000  
53.783142 0.002284  0.091256  -0.015904  0.962039  0.164149  -0.218026  -0.152372  0.985849  0.069894  0.226414  -0.034019  0.973437  -0.000267  0.000175  0.000512  0.000000  0.000000  0.000000  2.000000  
53.784143 0.002284  0.091255  -0.015903  0.962039  0.164149  -0.218026  -0.152372  0.985849  0.069894  0.226414  -0.034019  0.973437  -0.000249  0.000105  0.000565  0.000000  0.000000  0.000000  2.000000  
53.785393 0.002284  0.091255  -0.015902  0.962039  0.164149  -0.218026  -0.152372  0.985849  0.069894  0.226414  -0.034019  0.973437  -0.000224  0.000037  0.000590  0.000000  0.000000  0.000000  2.000000  
53.786408 0.002284  0.091255  -0.015901  0.962039  0.164149  -0.218026  -0.152372  0.985849  0.069894  0.226414  -0.034019  0.973437  -0.000214  -0.000030  0.000661  0.000000  0.000000  0.000000  2.000000  
