1-Time 2-Px 3-Py 4-Pz 5-R11 6-R21 7-R31 8-R12 9-R22 10-R32 11-R13 12-R23 13-R33 14-Vx 15-Vy 16-Vz 17-Wx 18-Wy 19-Wz 20-state 21-PR11 22-PR21 23-PR31 24-PR12 25-PR22 26-PR32 27-PR13 28-PR23 29-PR33 
112.893647 0.008474  0.095107  -0.001255  0.998622  0.041211  -0.032499  0.027761  0.110741  0.993461  0.044540  -0.992994  0.109445  -0.002641  0.003836  0.002186  0.000000  0.000000  0.000000  2.000000  1.000000  0.000000  0.000000  0.000000  -0.000000  1.000000  0.000000  -1.000000  -0.000000  1.000000  -0.000023  -0.000204  0.000023  0.999999  0.001446  0.000204  -0.001446  0.999999  1.000000  0.000000  0.000000  0.000000  1.000000  0.000000  0.000000  0.000000  1.000000  0.729512  0.373020  0.573296  -0.540373  -0.199509  0.817431  0.419296  -0.906119  0.056026  0.000000  0.000000  
112.894651 0.008472  0.095111  -0.001253  0.998622  0.041211  -0.032499  0.027761  0.110741  0.993461  0.044540  -0.992994  0.109445  -0.002639  0.003833  0.002185  0.000000  0.000000  0.000000  2.000000  1.000000  0.000000  0.000000  0.000000  -0.000000  1.000000  0.000000  -1.000000  -0.000000  1.000000  -0.000023  -0.000204  0.000023  0.999999  0.001325  0.000204  -0.001325  0.999999  1.000000  0.000000  0.000000  0.000000  1.000000  0.000000  0.000000  0.000000  1.000000  1.000000  0.000000  0.000000  0.000000  -0.000000  1.000000  0.000000  -1.000000  -0.000000  0.000000  0.000000  
112.895899 0.008469  0.095115  -0.001250  0.998627  0.041233  -0.032295  0.027556  0.110733  0.993468  0.044540  -0.992994  0.109445  -0.002572  0.003747  0.002117  0.000000  0.000000  0.000000  2.000000  1.000000  0.000000  0.000000  0.000000  -0.000000  1.000000  0.000000  -1.000000  -0.000000  1.000000  -0.000023  -0.000204  0.000023  0.999999  0.001325  0.000204  -0.001325  0.999999  1.000000  0.000000  0.000000  0.000000  1.000000  0.000000  0.000000  0.000000  1.000000  1.000000  0.000000  0.000000  0.000000  -0.000000  1.000000  0.000000  -1.000000  -0.000000  0.000000  0.000000  
112.897151 0.008469  0.095119  -0.001248  0.998627  0.041389  -0.032105  0.027350  0.110728  0.993474  0.044674  -0.992989  0.109444  -0.002404  0.003726  0.002126  0.000000  0.000000  0.000000  2.000000  1.000000  0.000000  0.000000  0.000000  -0.000000  1.000000  0.000000  -1.000000  -0.000000  1.000000  0.000156  0.000190  -0.000156  0.999999  0.001222  -0.000190  -0.001222  0.999999  1.000000  0.000000  0.000000  0.000000  1.000000  0.000000  0.000000  0.000000  1.000000  1.000000  0.000000  0.000000  0.000000  -0.000000  1.000000  0.000000  -1.000000  -0.000000  0.000000  0.000000  
112.898397 0.008467  0.095124  -0.001244  0.998633  0.041408  -0.031905  0.027145  0.110840  0.993467  0.044674  -0.992975  0.109565  -0.002251  0.003708  0.002169  0.000000  0.000000  0.000000  2.000000  1.000000  0.000000  0.000000  0.000000  -0.000000  1.000000  0.000000  -1.000000  -0.000000  1.000000  0.000178  0.000394  -0.000178  0.999999  0.000989  -0.000394  -0.000989  0.999999  1.000000  0.000000  0.000000  0.000000  1.000000  0.000000  0.000000  0.000000  1.000000  1.000000  0.000000  0.000000  0.000000  -0.000000  1.000000  0.000000  -1.000000  -0.000000  0.000000  0.000000  
112.899646 0.008467  0.095129  -0.001240  0.998638  0.041431  -0.031701  0.026939  0.110832  0.993474  0.044674  -0.992975  0.109565  -0.002050  0.003754  0.002289  0.000000  0.000000  0.000000  2.000000  1.000000  0.000000  0.000000  0.000000  -0.000000  1.000000  0.000000  -1.000000  -0.000000  1.000000  0.000201  0.000599  -0.000201  1.000000  0.000877  -0.000598  -0.000877  0.999999  1.000000  0.000000  0.000000  0.000000  1.000000  0.000000  0.000000  0.000000  1.000000  1.000000  0.000000  0.000000  0.000000  -0.000000  1.000000  0.000000  -1.000000  -0.000000  0.000000  0.000000  
112.900650 0.008467  0.095134  -0.001238  0.998638  0.041583  -0.031516  0.026733  0.110947  0.993467  0.044808  -0.992956  0.109684  -0.001869  0.003809  0.002297  0.000000  0.000000  0.000000  2.000000  1.000000  0.000000  0.000000  0.000000  -0.000000  1.000000  0.000000  -1.000000  -0.000000  1.000000  0.000356  0.000788  -0.000357  1.000000  0.000764  -0.000788  -0.000765  0.999999  1.000000  0.000000  0.000000  0.000000  1.000000  0.000000  0.000000  0.000000  1.000000  1.000000  0.000000  0.000000  0.000000  -0.000000  1.000000  0.000000  -1.000000  -0.000000  0.000000  0.000000  
112.901896 0.008468  0.095139  -0.001234  0.998637  0.041731  -0.031336  0.026527  0.111183  0.993446  0.044941  -0.992923  0.109925  -0.001596  0.003833  0.002398  0.000000  0.000000  0.000000  2.000000  1.000000  0.000000  0.000000  0.000000  -0.000000  1.000000  0.000000  -1.000000  -0.000000  0.999999  0.000535  0.001182  -0.000535  1.000000  0.000540  -0.001182  -0.000541  0.999999  1.000000  0.000000  0.000000  0.000000  1.000000  0.000000  0.000000  0.000000  1.000000  1.000000  0.000000  0.000000  0.000000  -0.000000  1.000000  0.000000  -1.000000  -0.000000  0.000000  0.000000  
112.902896 0.008468  0.095143  -0.001230  0.998642  0.041905  -0.030947  0.026116  0.111290  0.993445  0.045075  -0.992904  0.110044  -0.001365  0.003865  0.002447  0.000000  0.000000  0.000000  2.000000  1.000000  0.000000  0.000000  0.000000  -0.000000  1.000000  0.000000  -1.000000  -0.000000  0.999999  0.000690  0.001372  -0.000691  1.000000  0.000428  -0.001372  -0.000429  0.999999  1.000000  0.000000  0.000000  0.000000  1.000000  0.000000  0.000000  0.000000  1.000000  1.000000  0.000000  0.000000  0.000000  -0.000000  1.000000  0.000000  -1.000000  -0.000000  0.000000  0.000000  
112.903896 0.008469  0.095147  -0.001228  0.998641  0.042057  -0.030762  0.025910  0.111405  0.993437  0.045209  -0.992885  0.110164  -0.001158  0.003849  0.002489  0.000000  0.000000  0.000000  2.000000  1.000000  0.000000  0.000000  0.000000  -0.000000  1.000000  0.000000  -1.000000  -0.000000  0.999998  0.000869  0.001766  -0.000869  1.000000  0.000082  -0.001766  -0.000084  0.999998  1.000000  0.000000  0.000000  0.000000  1.000000  0.000000  0.000000  0.000000  1.000000  1.000000  0.000000  0.000000  0.000000  -0.000000  1.000000  0.000000  -1.000000  -0.000000  0.000000  0.000000  
112.905149 0.008469  0.095151  -0.001226  0.998635  0.042339  -0.030598  0.025704  0.111644  0.993416  0.045476  -0.992846  0.110404  -0.000915  0.003800  0.002475  0.000000  0.000000  0.000000  2.000000  1.000000  0.000000  0.000000  0.000000  -0.000000  1.000000  0.000000  -1.000000  -0.000000  0.999998  0.001025  0.001955  -0.001025  0.999999  -0.000151  -0.001956  0.000149  0.999998  1.000000  0.000000  0.000000  0.000000  1.000000  0.000000  0.000000  0.000000  1.000000  1.000000  0.000000  0.000000  0.000000  -0.000000  1.000000  0.000000  -1.000000  -0.000000  0.000000  0.000000  
112.906402 0.008469  0.095155  -0.001223  0.998639  0.042510  -0.030214  0.025293  0.111871  0.993401  0.045610  -0.992813  0.110644  -0.000680  0.003775  0.002449  0.000000  0.000000  0.000000  2.000000  1.000000  0.000000  0.000000  0.000000  -0.000000  1.000000  0.000000  -1.000000  -0.000000  0.999997  0.001314  0.002130  -0.001313  0.999999  -0.000385  -0.002131  0.000382  0.999998  1.000000  0.000000  0.000000  0.000000  1.000000  0.000000  0.000000  0.000000  1.000000  1.000000  0.000000  0.000000  0.000000  -0.000000  1.000000  0.000000  -1.000000  -0.000000  0.000000  0.000000  
112.907406 0.008469  0.095158  -0.001222  0.998638  0.042662  -0.030029  0.025087  0.111986  0.993393  0.045743  -0.992794  0.110764  -0.000502  0.003716  0.002338  0.000000  0.000000  0.000000  2.000000  1.000000  0.000000  0.000000  0.000000  -0.000000  1.000000  0.000000  -1.000000  -0.000000  0.999996  0.001493  0.002524  -0.001491  0.999999  -0.000730  -0.002525  0.000726  0.999997  1.000000  0.000000  0.000000  0.000000  1.000000  0.000000  0.000000  0.000000  1.000000  1.000000  0.000000  0.000000  0.000000  -0.000000  1.000000  0.000000  -1.000000  -0.000000  0.000000  0.000000  
112.908652 0.008470  0.095161  -0.001221  0.998636  0.042963  -0.029665  0.024676  0.112337  0.993364  0.046010  -0.992741  0.111123  -0.000247  0.003629  0.002202  0.000000  0.000000  0.000000  2.000000  1.000000  0.000000  0.000000  0.000000  -0.000000  1.000000  0.000000  -1.000000  -0.000000  0.999994  0.001805  0.002902  -0.001802  0.999998  -0.001076  -0.002904  0.001071  0.999995  1.000000  0.000000  0.000000  0.000000  1.000000  0.000000  0.000000  0.000000  1.000000  1.000000  0.000000  0.000000  0.000000  -0.000000  1.000000  0.000000  -1.000000  -0.000000  0.000000  0.000000  
112.909897 0.008471  0.095164  -0.001221  0.998640  0.043135  -0.029282  0.024265  0.112563  0.993348  0.046144  -0.992708  0.111364  -0.000006  0.003480  0.002061  0.000000  0.000000  0.000000  2.000000  1.000000  0.000000  0.000000  0.000000  -0.000000  1.000000  0.000000  -1.000000  -0.000000  0.999993  0.001985  0.003296  -0.001980  0.999997  -0.001421  -0.003298  0.001415  0.999994  1.000000  0.000000  0.000000  0.000000  1.000000  0.000000  0.000000  0.000000  1.000000  1.000000  0.000000  0.000000  0.000000  -0.000000  1.000000  0.000000  -1.000000  -0.000000  0.000000  0.000000  
112.910900 0.008472  0.095166  -0.001220  0.998644  0.043304  -0.028903  0.023853  0.112910  0.993319  0.046278  -0.992661  0.111724  0.000137  0.003426  0.002005  0.000000  0.000000  0.000000  2.000000  1.000000  0.000000  0.000000  0.000000  -0.000000  1.000000  0.000000  -1.000000  -0.000000  0.999992  0.002142  0.003485  -0.002136  0.999996  -0.001776  -0.003488  0.001769  0.999992  1.000000  0.000000  0.000000  0.000000  1.000000  0.000000  0.000000  0.000000  1.000000  1.000000  0.000000  0.000000  0.000000  -0.000000  1.000000  0.000000  -1.000000  -0.000000  0.000000  0.000000  
112.912152 0.008473  0.095169  -0.001219  0.998636  0.043582  -0.028745  0.023647  0.113269  0.993283  0.046545  -0.992608  0.112084  0.000325  0.003338  0.001902  0.000000  0.000000  0.000000  2.000000  1.000000  0.000000  0.000000  0.000000  -0.000000  1.000000  0.000000  -1.000000  -0.000000  0.999990  0.002455  0.003862  -0.002446  0.999994  -0.002243  -0.003868  0.002234  0.999990  1.000000  0.000000  0.000000  0.000000  1.000000  0.000000  0.000000  0.000000  1.000000  1.000000  0.000000  0.000000  0.000000  -0.000000  1.000000  0.000000  -1.000000  -0.000000  0.000000  0.000000  
112.913152 0.008474  0.095171  -0.001218  0.998640  0.043755  -0.028361  0.023236  0.113495  0.993267  0.046679  -0.992575  0.112324  0.000468  0.003225  0.001811  0.000000  0.000000  0.000000  2.000000  1.000000  0.000000  0.000000  0.000000  -0.000000  1.000000  0.000000  -1.000000  -0.000000  0.999987  0.002636  0.004255  -0.002625  0.999993  -0.002589  -0.004262  0.002578  0.999988  1.000000  0.000000  0.000000  0.000000  1.000000  0.000000  0.000000  0.000000  1.000000  1.000000  0.000000  0.000000  0.000000  -0.000000  1.000000  0.000000  -1.000000  -0.000000  0.000000  0.000000  
112.914398 0.008476  0.095174  -0.001216  0.998637  0.044053  -0.028004  0.022825  0.113965  0.993223  0.046946  -0.992508  0.112804  0.000626  0.003028  0.001654  0.000000  0.000000  0.000000  2.000000  1.000000  0.000000  0.000000  0.000000  -0.000000  1.000000  0.000000  -1.000000  -0.000000  0.999985  0.002949  0.004633  -0.002935  0.999991  -0.003056  -0.004642  0.003042  0.999985  1.000000  0.000000  0.000000  0.000000  1.000000  0.000000  0.000000  0.000000  1.000000  1.000000  0.000000  0.000000  0.000000  -0.000000  1.000000  0.000000  -1.000000  -0.000000  0.000000  0.000000  
112.915646 0.008478  0.095175  -0.001215  0.998633  0.044352  -0.027646  0.022413  0.114435  0.993178  0.047213  -0.992440  0.113284  0.000736  0.002734  0.001494  -0.101806  -0.168510  0.109450  2.000000  1.000000  0.000000  0.000000  0.000000  -0.000000  1.000000  0.000000  -1.000000  -0.000000  0.999984  0.003108  0.004821  -0.003091  0.999989  -0.003532  -0.004832  0.003517  0.999982  1.000000  0.000000  0.000000  0.000000  1.000000  0.000000  0.000000  0.000000  1.000000  1.000000  0.000000  0.000000  0.000000  -0.000000  1.000000  0.000000  -1.000000  -0.000000  0.000054  0.000000  
112.916902 0.008479  0.095175  -0.001214  0.998632  0.044499  -0.027473  0.022207  0.114790  0.993142  0.047347  -0.992393  0.113645  0.000772  0.002388  0.001276  -0.117837  -0.174944  0.114766  2.000000  1.000000  0.000081  0.000125  -0.000125  0.000091  1.000000  0.000081  -1.000000  0.000091  0.999982  0.003399  0.004993  -0.003379  0.999986  -0.004008  -0.005007  0.003991  0.999980  1.000000  0.000000  0.000000  0.000000  1.000000  0.000000  0.000000  0.000000  1.000000  1.000000  0.000081  0.000125  -0.000125  0.000091  1.000000  0.000081  -1.000000  0.000091  0.000060  0.000000  
112.917918 0.008480  0.095175  -0.001214  0.998623  0.044778  -0.027316  0.022001  0.115148  0.993105  0.047614  -0.992339  0.114004  0.000761  0.002124  0.001074  -0.133636  -0.180563  0.124345  2.000000  1.000000  0.000081  0.000125  -0.000125  0.000091  1.000000  0.000081  -1.000000  0.000091  0.999981  0.003534  0.004976  -0.003512  0.999984  -0.004371  -0.004992  0.004353  0.999978  1.000000  0.000000  0.000000  0.000000  1.000000  0.000000  0.000000  0.000000  1.000000  1.000000  0.000081  0.000125  -0.000125  0.000091  1.000000  0.000081  -1.000000  0.000091  0.000064  0.000000  
112.919146 0.008480  0.095175  -0.001214  0.998620  0.045074  -0.026965  0.021590  0.115738  0.993045  0.047882  -0.992257  0.114605  0.000754  0.001785  0.000842  -0.153463  -0.193398  0.134990  2.000000  1.000000  0.000129  0.000190  -0.000190  0.000150  1.000000  0.000129  -1.000000  0.000150  0.999979  0.003826  0.005148  -0.003801  0.999982  -0.004726  -0.005166  0.004706  0.999976  1.000000  0.000048  0.000064  -0.000048  1.000000  -0.000059  -0.000064  0.000059  1.000000  1.000000  0.000129  0.000190  -0.000190  0.000150  1.000000  0.000129  -1.000000  0.000150  0.000070  0.007961  
112.920146 0.008480  0.095173  -0.001214  0.998611  0.045354  -0.026807  0.021384  0.116095  0.993008  0.048149  -0.992202  0.114964  0.000730  0.001517  0.000764  -0.169441  -0.199262  0.144745  2.000000  1.000000  0.000275  0.000383  -0.000383  0.000336  1.000000  0.000275  -1.000000  0.000336  0.999979  0.003961  0.005132  -0.003934  0.999979  -0.005090  -0.005152  0.005069  0.999974  1.000000  0.000049  0.000064  -0.000049  1.000000  -0.000063  -0.000064  0.000063  1.000000  1.000000  0.000275  0.000383  -0.000383  0.000336  1.000000  0.000275  -1.000000  0.000336  0.000073  0.008235  
112.921396 0.008479  0.095171  -0.001216  0.998607  0.045654  -0.026451  0.020973  0.116564  0.992962  0.048416  -0.992133  0.115444  0.000671  0.001100  0.000503  -0.189146  -0.211948  0.155269  2.000000  1.000000  0.000533  0.000711  -0.000711  0.000671  1.000000  0.000533  -1.000000  0.000671  0.999979  0.004097  0.005114  -0.004068  0.999976  -0.005574  -0.005136  0.005553  0.999971  1.000000  0.000051  0.000064  -0.000051  1.000000  -0.000070  -0.000064  0.000070  1.000000  1.000000  0.000533  0.000711  -0.000711  0.000671  1.000000  0.000533  -1.000000  0.000671  0.000078  0.008596  
112.922647 0.008478  0.095169  -0.001217  0.998598  0.045928  -0.026306  0.020767  0.117162  0.992896  0.048683  -0.992050  0.116044  0.000584  0.000690  0.000308  -0.207573  -0.216084  0.163785  2.000000  0.999999  0.000799  0.001032  -0.001033  0.001023  0.999999  0.000798  -0.999999  0.001024  0.999978  0.004365  0.005081  -0.004335  0.999974  -0.005816  -0.005106  0.005793  0.999970  1.000000  0.000054  0.000064  -0.000054  1.000000  -0.000073  -0.000064  0.000073  1.000000  0.999999  0.000799  0.001032  -0.001033  0.001023  0.999999  0.000798  -0.999999  0.001024  0.000085  0.008863  
112.923653 0.008478  0.095167  -0.001218  0.998590  0.046208  -0.026149  0.020561  0.117520  0.992858  0.048951  -0.991995  0.116404  0.000477  0.000323  0.000174  -0.225291  -0.223743  0.174920  2.000000  0.999999  0.001013  0.001282  -0.001283  0.001322  0.999998  0.001011  -0.999999  0.001323  0.999979  0.004343  0.004875  -0.004313  0.999972  -0.006067  -0.004901  0.006045  0.999970  1.000000  0.000054  0.000061  -0.000054  1.000000  -0.000076  -0.000061  0.000076  1.000000  0.999999  0.001013  0.001282  -0.001283  0.001322  0.999998  0.001011  -0.999999  0.001323  0.000088  0.008905  
112.924902 0.008476  0.095164  -0.001221  0.998581  0.046485  -0.025998  0.020355  0.117997  0.992805  0.049218  -0.991925  0.116884  0.000341  -0.000022  -0.000027  -0.241080  -0.229388  0.184568  2.000000  0.999998  0.001232  0.001531  -0.001533  0.001636  0.999997  0.001230  -0.999998  0.001638  0.999978  0.004369  0.005077  -0.004336  0.999970  -0.006420  -0.005105  0.006398  0.999967  1.000000  0.000054  0.000064  -0.000054  1.000000  -0.000080  -0.000064  0.000080  1.000000  0.999998  0.001232  0.001531  -0.001533  0.001636  0.999997  0.001230  -0.999998  0.001638  0.000093  0.009270  
112.926146 0.008475  0.095161  -0.001223  0.998572  0.046762  -0.025848  0.020149  0.118475  0.992753  0.049485  -0.991855  0.117363  0.000209  -0.000356  -0.000221  -0.255261  -0.226464  0.191985  2.000000  0.999997  0.001460  0.001781  -0.001784  0.001969  0.999996  0.001457  -0.999997  0.001971  0.999977  0.004505  0.005058  -0.004471  0.999967  -0.006783  -0.005089  0.006760  0.999964  1.000000  0.000056  0.000063  -0.000056  1.000000  -0.000085  -0.000063  0.000085  1.000000  0.999997  0.001460  0.001781  -0.001784  0.001969  0.999996  0.001457  -0.999997  0.001971  0.000097  0.009578  
112.927148 0.008474  0.095159  -0.001225  0.998569  0.046906  -0.025682  0.019944  0.118949  0.992700  0.049619  -0.991792  0.117844  0.000105  -0.000637  -0.000405  -0.271400  -0.226414  0.192038  2.000000  0.999997  0.001690  0.002031  -0.002035  0.002313  0.999995  0.001685  -0.999996  0.002316  0.999977  0.004640  0.005041  -0.004604  0.999965  -0.007025  -0.005073  0.007001  0.999963  1.000000  0.000058  0.000063  -0.000058  1.000000  -0.000088  -0.000063  0.000088  1.000000  0.999997  0.001690  0.002031  -0.002035  0.002313  0.999995  0.001685  -0.999996  0.002316  0.000101  0.009804  
112.928400 0.008473  0.095157  -0.001227  0.998560  0.047181  -0.025538  0.019738  0.119547  0.992632  0.049886  -0.991707  0.118444  -0.000130  -0.001026  -0.000697  -0.289930  -0.227196  0.202653  2.000000  0.999995  0.001982  0.002333  -0.002338  0.002763  0.999993  0.001975  -0.999994  0.002768  0.999977  0.004751  0.004818  -0.004716  0.999962  -0.007397  -0.004853  0.007374  0.999961  1.000000  0.000059  0.000060  -0.000059  1.000000  -0.000092  -0.000060  0.000092  1.000000  0.999995  0.001982  0.002333  -0.002338  0.002763  0.999993  0.001975  -0.999994  0.002768  0.000104  0.010017  
112.929400 0.008473  0.095155  -0.001229  0.998551  0.047455  -0.025394  0.019532  0.120145  0.992564  0.050153  -0.991622  0.119044  -0.000284  -0.001293  -0.000929  -0.310239  -0.226072  0.211628  2.000000  0.999994  0.002213  0.002567  -0.002574  0.003138  0.999992  0.002205  -0.999993  0.003144  0.999979  0.004596  0.004627  -0.004561  0.999960  -0.007648  -0.004662  0.007626  0.999960  1.000000  0.000057  0.000058  -0.000057  1.000000  -0.000095  -0.000058  0.000095  1.000000  0.999994  0.002213  0.002567  -0.002574  0.003138  0.999992  0.002205  -0.999993  0.003144  0.000108  0.010043  
112.930652 0.008471  0.095153  -0.001232  0.998545  0.047755  -0.025046  0.019120  0.120732  0.992501  0.050421  -0.991536  0.119643  -0.000439  -0.001477  -0.001127  -0.324833  -0.234309  0.218833  2.000000  0.999993  0.002507  0.002847  -0.002856  0.003629  0.999989  0.002496  -0.999990  0.003636  0.999979  0.004708  0.004404  -0.004673  0.999957  -0.008020  -0.004441  0.007999  0.999958  1.000000  0.000059  0.000055  -0.000059  1.000000  -0.000100  -0.000055  0.000100  1.000000  0.999993  0.002507  0.002847  -0.002856  0.003629  0.999989  0.002496  -0.999990  0.003636  0.000112  0.010282  
112.931900 0.008470  0.095150  -0.001234  0.998535  0.048027  -0.024909  0.018915  0.121450  0.992417  0.050688  -0.991435  0.120363  -0.000605  -0.001687  -0.001314  -0.342998  -0.225013  0.220911  2.000000  0.999991  0.002808  0.003116  -0.003128  0.004142  0.999987  0.002795  -0.999987  0.004151  0.999980  0.004819  0.004180  -0.004784  0.999953  -0.008392  -0.004220  0.008372  0.999956  1.000000  0.000060  0.000053  -0.000060  1.000000  -0.000105  -0.000053  0.000105  1.000000  0.999991  0.002808  0.003116  -0.003128  0.004142  0.999987  0.002795  -0.999987  0.004151  0.000116  0.010534  
112.933146 0.008469  0.095147  -0.001235  0.998526  0.048299  -0.024772  0.018709  0.122167  0.992333  0.050955  -0.991334  0.121083  -0.000724  -0.001883  -0.001433  -0.360148  -0.222421  0.223492  2.000000  0.999989  0.003111  0.003377  -0.003392  0.004677  0.999983  0.003095  -0.999984  0.004688  0.999980  0.004930  0.003956  -0.004895  0.999950  -0.008765  -0.003999  0.008745  0.999954  1.000000  0.000061  0.000050  -0.000061  1.000000  -0.000109  -0.000050  0.000109  1.000000  0.999989  0.003111  0.003377  -0.003392  0.004677  0.999983  0.003095  -0.999984  0.004688  0.000118  0.010799  
112.934147 0.008467  0.095145  -0.001236  0.998516  0.048575  -0.024629  0.018503  0.122764  0.992263  0.051222  -0.991246  0.121683  -0.000856  -0.001995  -0.001455  -0.375294  -0.224164  0.225437  2.000000  0.999988  0.003297  0.003528  -0.003544  0.005013  0.999981  0.003279  -0.999982  0.005024  0.999979  0.005065  0.003937  -0.005029  0.999946  -0.009128  -0.003983  0.009108  0.999951  1.000000  0.000063  0.000049  -0.000063  1.000000  -0.000114  -0.000050  0.000114  1.000000  0.999988  0.003297  0.003528  -0.003544  0.005013  0.999981  0.003279  -0.999982  0.005024  0.000122  0.011149  
112.935395 0.008465  0.095142  -0.001236  0.998506  0.048847  -0.024493  0.018297  0.123481  0.992178  0.051490  -0.991144  0.122402  -0.001003  -0.002066  -0.001417  -0.392348  -0.221688  0.228092  2.000000  0.999986  0.003613  0.003773  -0.003793  0.005590  0.999977  0.003592  -0.999978  0.005604  0.999979  0.005068  0.003933  -0.005031  0.999943  -0.009369  -0.003980  0.009349  0.999948  1.000000  0.000063  0.000049  -0.000063  1.000000  -0.000117  -0.000049  0.000117  1.000000  0.999986  0.003613  0.003773  -0.003793  0.005590  0.999977  0.003592  -0.999978  0.005604  0.000125  0.011347  
112.936396 0.008463  0.095141  -0.001235  0.998489  0.049256  -0.024368  0.018091  0.124079  0.992107  0.051891  -0.991049  0.123001  -0.001066  -0.002026  -0.001295  -0.404827  -0.213780  0.236290  2.000000  0.999985  0.003870  0.003964  -0.003987  0.006065  0.999974  0.003846  -0.999974  0.006080  0.999979  0.005204  0.003914  -0.005166  0.999940  -0.009611  -0.003963  0.009591  0.999946  1.000000  0.000065  0.000049  -0.000065  1.000000  -0.000120  -0.000049  0.000120  1.000000  0.999985  0.003870  0.003964  -0.003987  0.006065  0.999974  0.003846  -0.999974  0.006080  0.000129  0.011601  
112.937396 0.008461  0.095139  -0.001235  0.998479  0.049532  -0.024227  0.017885  0.124676  0.992036  0.052158  -0.990960  0.123600  -0.001179  -0.002050  -0.001216  -0.421003  -0.213193  0.240825  2.000000  0.999983  0.004132  0.004148  -0.004175  0.006554  0.999970  0.004105  -0.999970  0.006571  0.999980  0.005180  0.003706  -0.005144  0.999938  -0.009862  -0.003757  0.009843  0.999944  1.000000  0.000065  0.000047  -0.000065  1.000000  -0.000123  -0.000047  0.000123  1.000000  0.999983  0.004132  0.004148  -0.004175  0.006554  0.999970  0.004105  -0.999970  0.006571  0.000131  0.011733  
112.938399 0.008459  0.095137  -0.001234  0.998468  0.049808  -0.024086  0.017680  0.125272  0.991965  0.052425  -0.990871  0.124199  -0.001236  -0.002053  -0.001073  -0.432876  -0.207950  0.242083  2.000000  0.999981  0.004397  0.004329  -0.004360  0.007050  0.999966  0.004366  -0.999965  0.007069  0.999980  0.005183  0.003703  -0.005146  0.999937  -0.009982  -0.003755  0.009963  0.999943  1.000000  0.000065  0.000047  -0.000065  1.000000  -0.000125  -0.000047  0.000125  1.000000  0.999981  0.004397  0.004329  -0.004360  0.007050  0.999966  0.004366  -0.999965  0.007069  0.000133  0.011834  
112.939646 0.008457  0.095135  -0.001234  0.998451  0.050214  -0.023968  0.017474  0.125990  0.991878  0.052826  -0.990760  0.124918  -0.001322  -0.001985  -0.000929  -0.445725  -0.198238  0.248215  2.000000  0.999978  0.004731  0.004551  -0.004587  0.007684  0.999960  0.004696  -0.999959  0.007706  0.999980  0.005293  0.003479  -0.005257  0.999934  -0.010233  -0.003532  0.010215  0.999942  1.000000  0.000066  0.000044  -0.000066  1.000000  -0.000128  -0.000044  0.000128  1.000000  0.999978  0.004731  0.004551  -0.004587  0.007684  0.999960  0.004696  -0.999959  0.007706  0.000136  0.012027  
112.940653 0.008455  0.095133  -0.001234  0.998440  0.050491  -0.023828  0.017268  0.126586  0.991805  0.053093  -0.990670  0.125517  -0.001361  -0.001915  -0.000744  -0.457816  -0.192338  0.253984  2.000000  0.999977  0.004938  0.004682  -0.004722  0.008075  0.999956  0.004900  -0.999955  0.008099  0.999979  0.005427  0.003459  -0.005390  0.999929  -0.010597  -0.003516  0.010578  0.999938  1.000000  0.000068  0.000044  -0.000068  1.000000  -0.000132  -0.000044  0.000132  1.000000  0.999977  0.004938  0.004682  -0.004722  0.008075  0.999956  0.004900  -0.999955  0.008099  0.000139  0.012390  
112.941654 0.008453  0.095132  -0.001234  0.998433  0.050791  -0.023490  0.016857  0.127292  0.991722  0.053360  -0.990564  0.126236  -0.001449  -0.001847  -0.000598  -0.473643  -0.199041  0.254861  2.000000  0.999975  0.005215  0.004855  -0.004900  0.008608  0.999951  0.005173  -0.999949  0.008633  0.999979  0.005429  0.003455  -0.005392  0.999928  -0.010717  -0.003513  0.010698  0.999937  1.000000  0.000068  0.000044  -0.000068  1.000000  -0.000134  -0.000044  0.000134  1.000000  0.999975  0.005215  0.004855  -0.004900  0.008608  0.999951  0.005173  -0.999949  0.008633  0.000142  0.012493  
112.942900 0.008452  0.095131  -0.001233  0.998415  0.051195  -0.023380  0.016651  0.128130  0.991618  0.053761  -0.990435  0.127074  -0.001488  -0.001776  -0.000466  -0.486300  -0.189414  0.260970  2.000000  0.999972  0.005567  0.005076  -0.005127  0.009293  0.999944  0.005520  -0.999941  0.009321  0.999978  0.005592  0.003637  -0.005551  0.999922  -0.011191  -0.003699  0.011170  0.999931  1.000000  0.000070  0.000046  -0.000070  1.000000  -0.000140  -0.000046  0.000140  1.000000  0.999972  0.005567  0.005076  -0.005127  0.009293  0.999944  0.005520  -0.999941  0.009321  0.000146  0.013020  
112.944152 0.008450  0.095131  -0.001234  0.998407  0.051493  -0.023049  0.016239  0.128955  0.991517  0.054028  -0.990313  0.127913  -0.001500  -0.001655  -0.000313  -0.502467  -0.190792  0.263241  2.000000  0.999968  0.005924  0.005298  -0.005357  0.010001  0.999936  0.005871  -0.999932  0.010032  0.999978  0.005595  0.003632  -0.005552  0.999918  -0.011554  -0.003696  0.011533  0.999927  1.000000  0.000070  0.000046  -0.000070  1.000000  -0.000144  -0.000046  0.000144  1.000000  0.999968  0.005924  0.005298  -0.005357  0.010001  0.999936  0.005871  -0.999932  0.010032  0.000149  0.013332  
112.945400 0.008449  0.095131  -0.001234  0.998396  0.051765  -0.022923  0.016034  0.129791  0.991412  0.054296  -0.990189  0.128752  -0.001530  -0.001502  -0.000118  -0.515011  -0.183763  0.262542  2.000000  0.999965  0.006282  0.005527  -0.005594  0.010727  0.999927  0.006222  -0.999923  0.010762  0.999977  0.005730  0.003610  -0.005687  0.999914  -0.011795  -0.003677  0.011774  0.999924  1.000000  0.000071  0.000046  -0.000071  1.000000  -0.000147  -0.000046  0.000147  1.000000  0.999965  0.006282  0.005527  -0.005594  0.010727  0.999927  0.006222  -0.999923  0.010762  0.000152  0.013592  
112.946650 0.008448  0.095131  -0.001233  0.998381  0.052197  -0.022611  0.015622  0.130617  0.991310  0.054696  -0.990058  0.129590  -0.001459  -0.001266  0.000093  -0.531016  -0.189403  0.272478  2.000000  0.999961  0.006637  0.005755  -0.005831  0.011465  0.999917  0.006571  -0.999912  0.011503  0.999977  0.005627  0.003826  -0.005581  0.999912  -0.012026  -0.003894  0.012004  0.999920  1.000000  0.000070  0.000048  -0.000070  1.000000  -0.000150  -0.000048  0.000150  1.000000  0.999961  0.006637  0.005755  -0.005831  0.011465  0.999917  0.006571  -0.999912  0.011503  0.000155  0.013809  
112.947670 0.008448  0.095131  -0.001232  0.998369  0.052472  -0.022480  0.015416  0.131332  0.991219  0.054964  -0.989949  0.130309  -0.001425  -0.001115  0.000237  -0.543104  -0.189222  0.272538  2.000000  0.999958  0.006929  0.005940  -0.006024  0.012068  0.999909  0.006857  -0.999903  0.012110  0.999975  0.005895  0.003788  -0.005849  0.999909  -0.012146  -0.003859  0.012124  0.999919  1.000000  0.000073  0.000048  -0.000073  1.000000  -0.000152  -0.000048  0.000152  1.000000  0.999958  0.006929  0.005940  -0.006024  0.012068  0.999909  0.006857  -0.999903  0.012110  0.000158  0.014013  
112.948896 0.008448  0.095132  -0.001230  0.998353  0.052905  -0.022169  0.015005  0.132158  0.991115  0.055364  -0.989816  0.131146  -0.001336  -0.000903  0.000352  -0.550681  -0.186929  0.274841  2.000000  0.999955  0.007227  0.006130  -0.006221  0.012688  0.999900  0.007148  -0.999893  0.012733  0.999974  0.005925  0.003987  -0.005875  0.999905  -0.012499  -0.004060  0.012475  0.999914  1.000000  0.000074  0.000050  -0.000074  1.000000  -0.000156  -0.000050  0.000156  1.000000  0.999955  0.007227  0.006130  -0.006221  0.012688  0.999900  0.007148  -0.999893  0.012733  0.000160  0.014385  
112.950153 0.008447  0.095133  -0.001228  0.998337  0.053338  -0.021859  0.014594  0.132983  0.991011  0.055765  -0.989682  0.131984  -0.001229  -0.000660  0.000523  -0.563248  -0.187690  0.281680  2.000000  0.999951  0.007608  0.006371  -0.006474  0.013478  0.999888  0.007522  -0.999880  0.013527  0.999974  0.006062  0.003963  -0.006011  0.999901  -0.012740  -0.004040  0.012716  0.999911  1.000000  0.000075  0.000050  -0.000075  1.000000  -0.000159  -0.000050  0.000159  1.000000  0.999951  0.007608  0.006371  -0.006474  0.013478  0.999888  0.007522  -0.999880  0.013527  0.000164  0.014644  
112.951397 0.008446  0.095132  -0.001226  0.998325  0.053611  -0.021736  0.014388  0.133818  0.990902  0.056032  -0.989555  0.132822  -0.001161  -0.000544  0.000611  -0.575574  -0.187550  0.281881  2.000000  0.999946  0.008000  0.006617  -0.006730  0.014277  0.999875  0.007904  -0.999866  0.014330  0.999973  0.006198  0.003940  -0.006146  0.999897  -0.012981  -0.004020  0.012957  0.999908  1.000000  0.000077  0.000050  -0.000077  1.000000  -0.000162  -0.000050  0.000162  1.000000  0.999946  0.008000  0.006617  -0.006730  0.014277  0.999875  0.007904  -0.999866  0.014330  0.000166  0.014904  
112.952646 0.008444  0.095132  -0.001224  0.998309  0.054046  -0.021427  0.013976  0.134642  0.990796  0.056433  -0.989419  0.133659  -0.001088  -0.000417  0.000720  -0.582465  -0.192036  0.284934  2.000000  0.999941  0.008392  0.006869  -0.006995  0.015081  0.999862  0.008287  -0.999851  0.015139  0.999972  0.006228  0.004139  -0.006174  0.999897  -0.012969  -0.004220  0.012944  0.999907  1.000000  0.000078  0.000052  -0.000078  1.000000  -0.000162  -0.000052  0.000162  1.000000  0.999941  0.008392  0.006869  -0.006995  0.015081  0.999862  0.008287  -0.999851  0.015139  0.000168  0.014960  
112.953893 0.008443  0.095132  -0.001221  0.998291  0.054480  -0.021119  0.013565  0.135467  0.990689  0.056834  -0.989283  0.134496  -0.000996  -0.000293  0.000873  -0.595304  -0.199805  0.292914  2.000000  0.999936  0.008795  0.007129  -0.007269  0.015894  0.999847  0.008680  -0.999835  0.015957  0.999970  0.006392  0.004320  -0.006335  0.999894  -0.013079  -0.004403  0.013051  0.999905  1.000000  0.000080  0.000055  -0.000080  1.000000  -0.000163  -0.000055  0.000163  1.000000  0.999936  0.008795  0.007129  -0.007269  0.015894  0.999847  0.008680  -0.999835  0.015957  0.000171  0.015173  
112.954896 0.008443  0.095132  -0.001219  0.998279  0.054757  -0.020991  0.013359  0.136180  0.990594  0.057101  -0.989170  0.135214  -0.000883  -0.000123  0.001019  -0.606329  -0.197953  0.290506  2.000000  0.999932  0.009114  0.007342  -0.007492  0.016542  0.999835  0.008992  -0.999822  0.016609  0.999971  0.006262  0.004333  -0.006205  0.999895  -0.013077  -0.004415  0.013050  0.999905  1.000000  0.000078  0.000055  -0.000078  1.000000  -0.000163  -0.000055  0.000163  1.000000  0.999932  0.009114  0.007342  -0.007492  0.016542  0.999835  0.008992  -0.999822  0.016609  0.000174  0.015121  
112.955896 0.008442  0.095132  -0.001217  0.998269  0.055066  -0.020652  0.012948  0.136762  0.990519  0.057368  -0.989072  0.135812  -0.000843  -0.000075  0.001158  -0.609887  -0.204001  0.295872  2.000000  0.999927  0.009438  0.007556  -0.007718  0.017194  0.999822  0.009306  -0.999808  0.017265  0.999969  0.006530  0.004292  -0.006473  0.999892  -0.013197  -0.004378  0.013169  0.999904  1.000000  0.000081  0.000054  -0.000081  1.000000  -0.000165  -0.000054  0.000165  1.000000  0.999927  0.009438  0.007556  -0.007718  0.017194  0.999822  0.009306  -0.999808  0.017265  0.000177  0.015326  
112.956898 0.008441  0.095132  -0.001214  0.998256  0.055344  -0.020525  0.012742  0.137475  0.990423  0.057635  -0.988958  0.136530  -0.000780  0.000019  0.001288  -0.622021  -0.203859  0.296016  2.000000  0.999923  0.009683  0.007722  -0.007892  0.017689  0.999812  0.009545  -0.999797  0.017764  0.999968  0.006561  0.004492  -0.006501  0.999890  -0.013307  -0.004579  0.013277  0.999901  1.000000  0.000082  0.000057  -0.000082  1.000000  -0.000166  -0.000057  0.000166  1.000000  0.999923  0.009683  0.007722  -0.007892  0.017689  0.999812  0.009545  -0.999797  0.017764  0.000179  0.015489  
112.958149 0.008440  0.095133  -0.001211  0.998238  0.055780  -0.020219  0.012331  0.138298  0.990314  0.058036  -0.988819  0.137366  -0.000766  0.000069  0.001472  -0.630765  -0.211574  0.303960  2.000000  0.999917  0.010094  0.008000  -0.008186  0.018522  0.999795  0.009943  -0.999778  0.018603  0.999969  0.006432  0.004505  -0.006371  0.999890  -0.013426  -0.004590  0.013397  0.999900  1.000000  0.000080  0.000057  -0.000080  1.000000  -0.000168  -0.000057  0.000168  1.000000  0.999917  0.010094  0.008000  -0.008186  0.018522  0.999795  0.009943  -0.999778  0.018603  0.000181  0.015542  
112.959150 0.008440  0.095134  -0.001209  0.998225  0.056058  -0.020093  0.012125  0.139010  0.990217  0.058303  -0.988703  0.138084  -0.000726  0.000191  0.001625  -0.637722  -0.209114  0.306028  2.000000  0.999912  0.010427  0.008227  -0.008426  0.019194  0.999780  0.010267  -0.999761  0.019280  0.999967  0.006596  0.004685  -0.006532  0.999887  -0.013535  -0.004774  0.013504  0.999897  1.000000  0.000082  0.000059  -0.000082  1.000000  -0.000169  -0.000059  0.000169  1.000000  0.999912  0.010427  0.008227  -0.008426  0.019194  0.999780  0.010267  -0.999761  0.019280  0.000184  0.015756  
112.960402 0.008439  0.095134  -0.001207  0.998215  0.056363  -0.019770  0.011714  0.139831  0.990106  0.058570  -0.988570  0.138921  -0.000696  0.000237  0.001775  -0.642833  -0.211133  0.304240  2.000000  0.999905  0.010841  0.008514  -0.008730  0.020042  0.999761  0.010668  -0.999740  0.020135  0.999968  0.006468  0.004697  -0.006403  0.999885  -0.013775  -0.004786  0.013745  0.999894  1.000000  0.000080  0.000059  -0.000080  1.000000  -0.000172  -0.000059  0.000172  1.000000  0.999905  0.010841  0.008514  -0.008730  0.020042  0.999761  0.010668  -0.999740  0.020135  0.000185  0.015914  
112.961651 0.008438  0.095135  -0.001205  0.998193  0.056770  -0.019677  0.011508  0.140784  0.989973  0.058971  -0.988411  0.139877  -0.000671  0.000246  0.001842  -0.650895  -0.210281  0.308873  2.000000  0.999898  0.011246  0.008801  -0.009035  0.020890  0.999741  0.011059  -0.999719  0.020989  0.999969  0.006340  0.004710  -0.006275  0.999887  -0.013652  -0.004796  0.013622  0.999896  1.000000  0.000079  0.000059  -0.000079  1.000000  -0.000170  -0.000059  0.000170  1.000000  0.999898  0.011246  0.008801  -0.009035  0.020890  0.999741  0.011059  -0.999719  0.020989  0.000187  0.015760  
112.962903 0.008437  0.095135  -0.001204  0.998182  0.057076  -0.019356  0.011097  0.141605  0.989861  0.059238  -0.988277  0.140714  -0.000725  0.000245  0.001845  -0.654394  -0.216841  0.309883  2.000000  0.999891  0.011652  0.009090  -0.009342  0.021742  0.999720  0.011451  -0.999696  0.021849  0.999968  0.006373  0.004907  -0.006305  0.999885  -0.013760  -0.004995  0.013729  0.999893  1.000000  0.000079  0.000062  -0.000079  1.000000  -0.000172  -0.000062  0.000172  1.000000  0.999891  0.011652  0.009090  -0.009342  0.021742  0.999720  0.011451  -0.999696  0.021849  0.000189  0.015926  
112.964151 0.008436  0.095135  -0.001203  0.998171  0.057383  -0.019034  0.010686  0.142424  0.989748  0.059505  -0.988141  0.141551  -0.000798  0.000190  0.001831  -0.658048  -0.224048  0.306528  2.000000  0.999883  0.012051  0.009380  -0.009650  0.022590  0.999698  0.011836  -0.999672  0.022704  0.999969  0.006348  0.004698  -0.006284  0.999887  -0.013648  -0.004784  0.013618  0.999896  1.000000  0.000079  0.000059  -0.000079  1.000000  -0.000170  -0.000059  0.000170  1.000000  0.999883  0.012051  0.009380  -0.009650  0.022590  0.999698  0.011836  -0.999672  0.022704  0.000190  0.015756  
112.965396 0.008434  0.095134  -0.001202  0.998157  0.057660  -0.018917  0.010480  0.143256  0.989630  0.059772  -0.988005  0.142387  -0.000846  0.000129  0.001759  -0.662163  -0.223839  0.306755  2.000000  0.999877  0.012374  0.009613  -0.009899  0.023276  0.999680  0.012146  -0.999652  0.023396  0.999968  0.006382  0.004896  -0.006313  0.999884  -0.013878  -0.004984  0.013847  0.999892  1.000000  0.000079  0.000062  -0.000079  1.000000  -0.000173  -0.000062  0.000173  1.000000  0.999877  0.012374  0.009613  -0.009899  0.023276  0.999680  0.012146  -0.999652  0.023396  0.000191  0.016028  
112.966646 0.008432  0.095133  -0.001201  0.998135  0.058070  -0.018820  0.010275  0.144088  0.989512  0.060173  -0.987860  0.143223  -0.000886  0.000088  0.001638  -0.660610  -0.221137  0.308797  2.000000  0.999869  0.012778  0.009898  -0.010205  0.024136  0.999657  0.012534  -0.999627  0.024263  0.999969  0.006356  0.004687  -0.006291  0.999884  -0.013888  -0.004775  0.013858  0.999893  1.000000  0.000079  0.000059  -0.000079  1.000000  -0.000173  -0.000059  0.000173  1.000000  0.999869  0.012778  0.009898  -0.010205  0.024136  0.999657  0.012534  -0.999627  0.024263  0.000191  0.015964  
112.967647 0.008430  0.095132  -0.001200  0.998121  0.058351  -0.018697  0.010069  0.144799  0.989410  0.060440  -0.987739  0.143939  -0.000926  -0.000002  0.001566  -0.666143  -0.223391  0.307129  2.000000  0.999863  0.013101  0.010126  -0.010449  0.024824  0.999637  0.012845  -0.999606  0.024958  0.999969  0.006359  0.004683  -0.006294  0.999885  -0.013765  -0.004770  0.013735  0.999894  1.000000  0.000079  0.000059  -0.000079  1.000000  -0.000172  -0.000059  0.000172  1.000000  0.999863  0.013101  0.010126  -0.010449  0.024824  0.999637  0.012845  -0.999606  0.024958  0.000192  0.015857  
112.968896 0.008428  0.095130  -0.001200  0.998109  0.058659  -0.018378  0.009658  0.145617  0.989294  0.060707  -0.987600  0.144775  -0.001042  -0.000099  0.001434  -0.668164  -0.228074  0.305629  2.000000  0.999855  0.013499  0.010402  -0.010747  0.025680  0.999612  0.013227  -0.999579  0.025821  0.999971  0.006201  0.004494  -0.006139  0.999888  -0.013652  -0.004578  0.013624  0.999897  1.000000  0.000077  0.000057  -0.000077  1.000000  -0.000170  -0.000057  0.000170  1.000000  0.999855  0.013499  0.010402  -0.010747  0.025680  0.999612  0.013227  -0.999579  0.025821  0.000192  0.015642  
