1-Time 2-Px 3-Py 4-Pz 5-R11 6-R21 7-R31 8-R12 9-R22 10-R32 11-R13 12-R23 13-R33 14-Vx 15-Vy 16-Vz 17-Wx 18-Wy 19-Wz 20-state 21-PR11 22-PR21 23-PR31 24-PR12 25-PR22 26-PR32 27-PR13 28-PR23 29-PR33 
67.711707 0.008235  0.092696  -0.005610  0.999552  0.004349  -0.029596  0.028817  0.125511  0.991674  0.008028  -0.992083  0.125329  0.000388  -0.000325  -0.001980  0.000000  0.000000  0.000000  2.000000  1.000000  0.000000  0.000000  0.000000  -0.000000  1.000000  0.000000  -1.000000  -0.000000  0.999998  0.001884  -0.000031  -0.001884  0.999998  0.000001  0.000031  -0.000001  1.000000  1.000000  0.000000  0.000000  0.000000  1.000000  0.000000  0.000000  0.000000  1.000000  0.622029  0.519916  0.585463  -0.497247  -0.315289  0.808294  0.604835  -0.793902  0.062408  0.000000  0.000000  
67.712715 0.008236  0.092695  -0.005613  0.999552  0.004349  -0.029596  0.028817  0.125511  0.991674  0.008028  -0.992083  0.125329  0.000414  -0.000333  -0.002049  0.000000  0.000000  0.000000  2.000000  1.000000  0.000000  0.000000  0.000000  -0.000000  1.000000  0.000000  -1.000000  -0.000000  0.999998  0.002017  -0.000047  -0.002017  0.999998  0.000001  0.000047  -0.000001  1.000000  1.000000  0.000000  0.000000  0.000000  1.000000  0.000000  0.000000  0.000000  1.000000  1.000000  0.000000  0.000000  0.000000  -0.000000  1.000000  0.000000  -1.000000  -0.000000  0.000000  0.000000  
67.713962 0.008238  0.092694  -0.005618  0.999550  0.004611  -0.029631  0.028817  0.125639  0.991657  0.008295  -0.992065  0.125449  0.000481  -0.000436  -0.002261  0.000000  0.000000  0.000000  2.000000  1.000000  0.000000  0.000000  0.000000  -0.000000  1.000000  0.000000  -1.000000  -0.000000  0.999998  0.002017  -0.000048  -0.002017  0.999998  -0.000120  0.000047  0.000120  1.000000  1.000000  0.000000  0.000000  0.000000  1.000000  0.000000  0.000000  0.000000  1.000000  1.000000  0.000000  0.000000  0.000000  -0.000000  1.000000  0.000000  -1.000000  -0.000000  0.000000  0.000000  
67.715208 0.008240  0.092691  -0.005625  0.999549  0.004740  -0.029648  0.028817  0.125763  0.991642  0.008429  -0.992049  0.125569  0.000584  -0.000572  -0.002533  0.000000  0.000000  0.000000  2.000000  1.000000  0.000000  0.000000  0.000000  -0.000000  1.000000  0.000000  -1.000000  -0.000000  0.999998  0.002150  -0.000065  -0.002150  0.999998  -0.000241  0.000064  0.000241  1.000000  1.000000  0.000000  0.000000  0.000000  1.000000  0.000000  0.000000  0.000000  1.000000  1.000000  0.000000  0.000000  0.000000  -0.000000  1.000000  0.000000  -1.000000  -0.000000  0.000000  0.000000  
67.716213 0.008241  0.092690  -0.005629  0.999548  0.004869  -0.029665  0.028817  0.125887  0.991626  0.008563  -0.992033  0.125690  0.000687  -0.000609  -0.002631  0.000000  0.000000  0.000000  2.000000  1.000000  0.000000  0.000000  0.000000  -0.000000  1.000000  0.000000  -1.000000  -0.000000  0.999998  0.002150  -0.000065  -0.002150  0.999998  -0.000362  0.000064  0.000362  1.000000  1.000000  0.000000  0.000000  0.000000  1.000000  0.000000  0.000000  0.000000  1.000000  1.000000  0.000000  0.000000  0.000000  -0.000000  1.000000  0.000000  -1.000000  -0.000000  0.000000  0.000000  
67.717463 0.008245  0.092690  -0.005634  0.999547  0.004998  -0.029683  0.028817  0.126011  0.991610  0.008697  -0.992016  0.125810  0.000874  -0.000635  -0.002849  0.000000  0.000000  0.000000  2.000000  1.000000  0.000000  0.000000  0.000000  -0.000000  1.000000  0.000000  -1.000000  -0.000000  0.999998  0.002150  -0.000065  -0.002150  0.999998  -0.000484  0.000064  0.000484  1.000000  1.000000  0.000000  0.000000  0.000000  1.000000  0.000000  0.000000  0.000000  1.000000  1.000000  0.000000  0.000000  0.000000  -0.000000  1.000000  0.000000  -1.000000  -0.000000  0.000000  0.000000  
67.718707 0.008250  0.092690  -0.005639  0.999552  0.005150  -0.029497  0.028611  0.126254  0.991585  0.008831  -0.991985  0.126050  0.001168  -0.000580  -0.003040  0.000000  0.000000  0.000000  2.000000  1.000000  0.000000  0.000000  0.000000  -0.000000  1.000000  0.000000  -1.000000  -0.000000  0.999998  0.002150  -0.000066  -0.002150  0.999997  -0.000726  0.000064  0.000726  1.000000  1.000000  0.000000  0.000000  0.000000  1.000000  0.000000  0.000000  0.000000  1.000000  1.000000  0.000000  0.000000  0.000000  -0.000000  1.000000  0.000000  -1.000000  -0.000000  0.000000  0.000000  
67.719709 0.008254  0.092690  -0.005644  0.999550  0.005275  -0.029515  0.028611  0.126499  0.991554  0.008964  -0.991953  0.126291  0.001409  -0.000545  -0.003201  0.000000  0.000000  0.000000  2.000000  1.000000  0.000000  0.000000  0.000000  -0.000000  1.000000  0.000000  -1.000000  -0.000000  0.999998  0.002176  0.000138  -0.002175  0.999997  -0.000967  -0.000140  0.000967  1.000000  1.000000  0.000000  0.000000  0.000000  1.000000  0.000000  0.000000  0.000000  1.000000  1.000000  0.000000  0.000000  0.000000  -0.000000  1.000000  0.000000  -1.000000  -0.000000  0.000000  0.000000  
67.720710 0.008258  0.092689  -0.005649  0.999555  0.005427  -0.029329  0.028405  0.126742  0.991529  0.009098  -0.991921  0.126531  0.001712  -0.000576  -0.003440  0.000000  0.000000  0.000000  2.000000  1.000000  0.000000  0.000000  0.000000  -0.000000  1.000000  0.000000  -1.000000  -0.000000  0.999997  0.002334  0.000325  -0.002334  0.999997  -0.001087  -0.000328  0.001086  0.999999  1.000000  0.000000  0.000000  0.000000  1.000000  0.000000  0.000000  0.000000  1.000000  1.000000  0.000000  0.000000  0.000000  -0.000000  1.000000  0.000000  -1.000000  -0.000000  0.000000  0.000000  
67.721712 0.008262  0.092688  -0.005655  0.999554  0.005553  -0.029347  0.028405  0.126986  0.991498  0.009232  -0.991889  0.126772  0.001979  -0.000611  -0.003731  0.000000  0.000000  0.000000  2.000000  1.000000  0.000000  0.000000  0.000000  -0.000000  1.000000  0.000000  -1.000000  -0.000000  0.999997  0.002335  0.000324  -0.002334  0.999996  -0.001451  -0.000328  0.001450  0.999999  1.000000  0.000000  0.000000  0.000000  1.000000  0.000000  0.000000  0.000000  1.000000  1.000000  0.000000  0.000000  0.000000  -0.000000  1.000000  0.000000  -1.000000  -0.000000  0.000000  0.000000  
67.722960 0.008268  0.092687  -0.005663  0.999551  0.005807  -0.029383  0.028405  0.127354  0.991450  0.009500  -0.991840  0.127132  0.002269  -0.000675  -0.004049  0.000000  0.000000  0.000000  2.000000  1.000000  0.000000  0.000000  0.000000  -0.000000  1.000000  0.000000  -1.000000  -0.000000  0.999997  0.002467  0.000306  -0.002467  0.999995  -0.001815  -0.000311  0.001814  0.999998  1.000000  0.000000  0.000000  0.000000  1.000000  0.000000  0.000000  0.000000  1.000000  1.000000  0.000000  0.000000  0.000000  -0.000000  1.000000  0.000000  -1.000000  -0.000000  0.000000  0.000000  
67.723960 0.008272  0.092687  -0.005670  0.999549  0.006062  -0.029419  0.028405  0.127723  0.991403  0.009767  -0.991791  0.127493  0.002532  -0.000663  -0.004399  0.000000  0.000000  0.000000  2.000000  1.000000  0.000000  0.000000  0.000000  -0.000000  1.000000  0.000000  -1.000000  -0.000000  0.999997  0.002467  0.000306  -0.002467  0.999995  -0.002057  -0.000311  0.002056  0.999998  1.000000  0.000000  0.000000  0.000000  1.000000  0.000000  0.000000  0.000000  1.000000  1.000000  0.000000  0.000000  0.000000  -0.000000  1.000000  0.000000  -1.000000  -0.000000  0.000000  0.000000  
67.725210 0.008276  0.092686  -0.005680  0.999546  0.006316  -0.029456  0.028405  0.128091  0.991356  0.010035  -0.991742  0.127854  0.002795  -0.000749  -0.004921  0.000000  0.000000  0.000000  2.000000  1.000000  0.000000  0.000000  0.000000  -0.000000  1.000000  0.000000  -1.000000  -0.000000  0.999997  0.002600  0.000287  -0.002600  0.999993  -0.002542  -0.000294  0.002542  0.999997  1.000000  0.000000  0.000000  0.000000  1.000000  0.000000  0.000000  0.000000  1.000000  1.000000  0.000000  0.000000  0.000000  -0.000000  1.000000  0.000000  -1.000000  -0.000000  0.000000  0.000000  
67.726211 0.008281  0.092685  -0.005690  0.999551  0.006465  -0.029271  0.028199  0.128454  0.991314  0.010169  -0.991694  0.128214  0.003081  -0.000781  -0.005433  0.000000  0.000000  0.000000  2.000000  1.000000  0.000000  0.000000  0.000000  -0.000000  1.000000  0.000000  -1.000000  -0.000000  0.999996  0.002759  0.000474  -0.002758  0.999992  -0.002905  -0.000482  0.002903  0.999996  1.000000  0.000000  0.000000  0.000000  1.000000  0.000000  0.000000  0.000000  1.000000  1.000000  0.000000  0.000000  0.000000  -0.000000  1.000000  0.000000  -1.000000  -0.000000  0.000000  0.000000  
67.727463 0.008286  0.092682  -0.005703  0.999548  0.006716  -0.029309  0.028199  0.128943  0.991251  0.010436  -0.991629  0.128695  0.003369  -0.000912  -0.006122  0.000000  0.000000  0.000000  2.000000  1.000000  0.000000  0.000000  0.000000  -0.000000  1.000000  0.000000  -1.000000  -0.000000  0.999995  0.003025  0.000438  -0.003024  0.999990  -0.003268  -0.000448  0.003267  0.999995  1.000000  0.000000  0.000000  0.000000  1.000000  0.000000  0.000000  0.000000  1.000000  1.000000  0.000000  0.000000  0.000000  -0.000000  1.000000  0.000000  -1.000000  -0.000000  0.000000  0.000000  
67.728464 0.008290  0.092680  -0.005714  0.999552  0.006861  -0.029125  0.027993  0.129426  0.991194  0.010570  -0.991565  0.129176  0.003595  -0.000964  -0.006582  0.000000  0.000000  0.000000  2.000000  1.000000  0.000000  0.000000  0.000000  -0.000000  1.000000  0.000000  -1.000000  -0.000000  0.999995  0.003052  0.000641  -0.003049  0.999988  -0.003752  -0.000652  0.003750  0.999993  1.000000  0.000000  0.000000  0.000000  1.000000  0.000000  0.000000  0.000000  1.000000  1.000000  0.000000  0.000000  0.000000  -0.000000  1.000000  0.000000  -1.000000  -0.000000  0.000000  0.000000  
67.729468 0.008294  0.092678  -0.005724  0.999549  0.007115  -0.029162  0.027993  0.129794  0.991146  0.010837  -0.991515  0.129536  0.003752  -0.000950  -0.006926  0.000000  0.000000  0.000000  2.000000  1.000000  0.000000  0.000000  0.000000  -0.000000  1.000000  0.000000  -1.000000  -0.000000  0.999995  0.003158  0.000418  -0.003156  0.999987  -0.004117  -0.000431  0.004116  0.999991  1.000000  0.000000  0.000000  0.000000  1.000000  0.000000  0.000000  0.000000  1.000000  1.000000  0.000000  0.000000  0.000000  -0.000000  1.000000  0.000000  -1.000000  -0.000000  0.000000  0.000000  
67.730714 0.008300  0.092677  -0.005736  0.999552  0.007390  -0.028997  0.027787  0.130401  0.991072  0.011105  -0.991434  0.130137  0.004033  -0.000921  -0.007359  0.000000  0.000000  0.000000  2.000000  1.000000  0.000000  0.000000  0.000000  -0.000000  1.000000  0.000000  -1.000000  -0.000000  0.999994  0.003318  0.000603  -0.003315  0.999983  -0.004722  -0.000619  0.004720  0.999989  1.000000  0.000000  0.000000  0.000000  1.000000  0.000000  0.000000  0.000000  1.000000  1.000000  0.000000  0.000000  0.000000  -0.000000  1.000000  0.000000  -1.000000  -0.000000  0.000000  0.000000  
67.731966 0.008307  0.092676  -0.005748  0.999555  0.007664  -0.028833  0.027581  0.131008  0.990998  0.011373  -0.991352  0.130738  0.004251  -0.000949  -0.007831  -0.182950  -0.029600  0.148873  2.000000  1.000000  0.000133  0.000022  -0.000022  0.000195  1.000000  0.000133  -1.000000  0.000195  0.999993  0.003583  0.000566  -0.003580  0.999979  -0.005328  -0.000585  0.005326  0.999986  1.000000  0.000045  0.000007  -0.000045  1.000000  -0.000067  -0.000007  0.000067  1.000000  1.000000  0.000133  0.000022  -0.000022  0.000195  1.000000  0.000133  -1.000000  0.000195  0.000058  0.006445  
67.733215 0.008315  0.092675  -0.005761  0.999550  0.008041  -0.028891  0.027581  0.131740  0.990901  0.011774  -0.991252  0.131459  0.004494  -0.001006  -0.008334  -0.207387  -0.028391  0.157798  2.000000  1.000000  0.000362  0.000070  -0.000070  0.000552  1.000000  0.000361  -1.000000  0.000552  0.999992  0.003876  0.000732  -0.003872  0.999974  -0.006054  -0.000756  0.006051  0.999981  1.000000  0.000048  0.000009  -0.000048  1.000000  -0.000076  -0.000009  0.000076  1.000000  1.000000  0.000362  0.000070  -0.000070  0.000552  1.000000  0.000361  -1.000000  0.000552  0.000065  0.007225  
67.734463 0.008322  0.092673  -0.005775  0.999551  0.008445  -0.028746  0.027375  0.132470  0.990809  0.012175  -0.991151  0.132180  0.004588  -0.001147  -0.008893  -0.231949  -0.034063  0.167753  2.000000  1.000000  0.000607  0.000126  -0.000127  0.000949  1.000000  0.000607  -0.999999  0.000949  0.999992  0.003904  0.000934  -0.003898  0.999971  -0.006537  -0.000960  0.006533  0.999978  1.000000  0.000049  0.000012  -0.000049  1.000000  -0.000082  -0.000012  0.000082  1.000000  1.000000  0.000607  0.000126  -0.000127  0.000949  1.000000  0.000607  -0.999999  0.000949  0.000070  0.007670  
67.735466 0.008327  0.092671  -0.005787  0.999548  0.008696  -0.028786  0.027375  0.132958  0.990743  0.012443  -0.991083  0.132660  0.004672  -0.001247  -0.009325  -0.248056  -0.032834  0.176541  2.000000  1.000000  0.000760  0.000161  -0.000162  0.001210  0.999999  0.000759  -0.999999  0.001210  0.999991  0.004037  0.000914  -0.004030  0.999966  -0.007143  -0.000943  0.007140  0.999974  1.000000  0.000050  0.000012  -0.000050  1.000000  -0.000089  -0.000012  0.000089  1.000000  1.000000  0.000760  0.000161  -0.000162  0.001210  0.999999  0.000759  -0.999999  0.001210  0.000075  0.008254  
67.736708 0.008334  0.092668  -0.005802  0.999550  0.008968  -0.028624  0.027169  0.133685  0.990651  0.012711  -0.990983  0.133381  0.004747  -0.001346  -0.009776  -0.272497  -0.039057  0.181952  2.000000  0.999999  0.001024  0.000224  -0.000226  0.001673  0.999999  0.001024  -0.999998  0.001673  0.999990  0.004330  0.001079  -0.004322  0.999962  -0.007626  -0.001112  0.007622  0.999970  1.000000  0.000054  0.000014  -0.000054  1.000000  -0.000095  -0.000014  0.000095  1.000000  0.999999  0.001024  0.000224  -0.000226  0.001673  0.999999  0.001024  -0.999998  0.001673  0.000082  0.008834  
67.737714 0.008339  0.092665  -0.005815  0.999552  0.009243  -0.028461  0.026964  0.134291  0.990575  0.012978  -0.990899  0.133982  0.004852  -0.001489  -0.010320  -0.292724  -0.045268  0.187274  2.000000  0.999999  0.001245  0.000281  -0.000283  0.002066  0.999998  0.001244  -0.999997  0.002067  0.999989  0.004491  0.001263  -0.004481  0.999958  -0.007988  -0.001299  0.007983  0.999967  1.000000  0.000056  0.000016  -0.000056  1.000000  -0.000100  -0.000016  0.000100  1.000000  0.999999  0.001245  0.000281  -0.000283  0.002066  0.999998  0.001244  -0.999997  0.002067  0.000086  0.009248  
67.738956 0.008345  0.092662  -0.005832  0.999552  0.009648  -0.028318  0.026758  0.135021  0.990481  0.013379  -0.990796  0.134702  0.004923  -0.001665  -0.010789  -0.317269  -0.044046  0.196273  2.000000  0.999999  0.001479  0.000345  -0.000349  0.002488  0.999997  0.001478  -0.999996  0.002489  0.999988  0.004785  0.001428  -0.004772  0.999952  -0.008593  -0.001469  0.008586  0.999962  1.000000  0.000060  0.000018  -0.000060  1.000000  -0.000107  -0.000018  0.000107  1.000000  0.999999  0.001479  0.000345  -0.000349  0.002488  0.999997  0.001478  -0.999996  0.002489  0.000092  0.009935  
67.739962 0.008350  0.092659  -0.005846  0.999552  0.010056  -0.028174  0.026552  0.135630  0.990404  0.013781  -0.990709  0.135302  0.005000  -0.001826  -0.011235  -0.337500  -0.049665  0.206069  2.000000  0.999998  0.001724  0.000411  -0.000416  0.002933  0.999996  0.001723  -0.999994  0.002934  0.999987  0.004890  0.001203  -0.004879  0.999948  -0.008958  -0.001247  0.008952  0.999959  1.000000  0.000061  0.000015  -0.000061  1.000000  -0.000112  -0.000015  0.000112  1.000000  0.999998  0.001724  0.000411  -0.000416  0.002933  0.999996  0.001723  -0.999994  0.002934  0.000098  0.010274  
67.741210 0.008356  0.092655  -0.005863  0.999547  0.010433  -0.028236  0.026552  0.136361  0.990303  0.014182  -0.990604  0.136022  0.005036  -0.002009  -0.011571  -0.361966  -0.047830  0.219476  2.000000  0.999998  0.002045  0.000495  -0.000502  0.003512  0.999994  0.002043  -0.999992  0.003513  0.999986  0.005156  0.001163  -0.005145  0.999942  -0.009443  -0.001212  0.009436  0.999955  1.000000  0.000064  0.000015  -0.000064  1.000000  -0.000118  -0.000015  0.000118  1.000000  0.999998  0.002045  0.000495  -0.000502  0.003512  0.999994  0.002043  -0.999992  0.003513  0.000103  0.010819  
67.742216 0.008361  0.092651  -0.005877  0.999548  0.010709  -0.028075  0.026346  0.136967  0.990225  0.014450  -0.990518  0.136623  0.005138  -0.002093  -0.011745  -0.382237  -0.054031  0.224844  2.000000  0.999997  0.002309  0.000555  -0.000564  0.003996  0.999992  0.002307  -0.999989  0.003997  0.999984  0.005450  0.001327  -0.005437  0.999937  -0.009804  -0.001380  0.009797  0.999951  1.000000  0.000068  0.000017  -0.000068  1.000000  -0.000123  -0.000017  0.000123  1.000000  0.999997  0.002309  0.000555  -0.000564  0.003996  0.999992  0.002307  -0.999989  0.003997  0.000111  0.011292  
67.743460 0.008368  0.092646  -0.005894  0.999548  0.011111  -0.027935  0.026140  0.137815  0.990113  0.014851  -0.990396  0.137463  0.005177  -0.002237  -0.011985  -0.403333  -0.059120  0.232813  2.000000  0.999996  0.002587  0.000621  -0.000632  0.004506  0.999990  0.002584  -0.999987  0.004507  0.999983  0.005716  0.001286  -0.005703  0.999930  -0.010410  -0.001345  0.010403  0.999945  1.000000  0.000071  0.000016  -0.000071  1.000000  -0.000130  -0.000016  0.000130  1.000000  0.999996  0.002587  0.000621  -0.000632  0.004506  0.999990  0.002584  -0.999987  0.004507  0.000117  0.011943  
67.744465 0.008374  0.092643  -0.005906  0.999549  0.011384  -0.027777  0.025934  0.138541  0.990017  0.015119  -0.990291  0.138183  0.005281  -0.002334  -0.012163  -0.430992  -0.066377  0.235654  2.000000  0.999996  0.002872  0.000695  -0.000710  0.005033  0.999987  0.002869  -0.999983  0.005035  0.999982  0.005746  0.001486  -0.005729  0.999927  -0.010650  -0.001547  0.010641  0.999942  1.000000  0.000072  0.000019  -0.000072  1.000000  -0.000133  -0.000019  0.000133  1.000000  0.999996  0.002872  0.000695  -0.000710  0.005033  0.999987  0.002869  -0.999983  0.005035  0.000121  0.012189  
67.745710 0.008381  0.092639  -0.005923  0.999551  0.011654  -0.027620  0.025728  0.139386  0.989904  0.015386  -0.990170  0.139023  0.005365  -0.002500  -0.012491  -0.451660  -0.071938  0.239106  2.000000  0.999994  0.003235  0.000800  -0.000819  0.005722  0.999983  0.003230  -0.999978  0.005725  0.999982  0.005776  0.001684  -0.005756  0.999920  -0.011254  -0.001749  0.011244  0.999935  1.000000  0.000072  0.000021  -0.000072  1.000000  -0.000141  -0.000021  0.000141  1.000000  0.999994  0.003235  0.000800  -0.000819  0.005722  0.999983  0.003230  -0.999978  0.005725  0.000129  0.012757  
67.746967 0.008389  0.092636  -0.005940  0.999550  0.012053  -0.027483  0.025522  0.140354  0.989772  0.015788  -0.990028  0.139983  0.005416  -0.002689  -0.012847  -0.479605  -0.078026  0.250888  2.000000  0.999993  0.003599  0.000918  -0.000941  0.006440  0.999979  0.003593  -0.999973  0.006443  0.999981  0.005806  0.001883  -0.005784  0.999916  -0.011615  -0.001951  0.011604  0.999931  1.000000  0.000072  0.000024  -0.000072  1.000000  -0.000145  -0.000024  0.000145  1.000000  0.999993  0.003599  0.000918  -0.000941  0.006440  0.999979  0.003593  -0.999973  0.006443  0.000135  0.013117  
67.748216 0.008396  0.092631  -0.005960  0.999551  0.012321  -0.027329  0.025316  0.141319  0.989640  0.016055  -0.989888  0.140943  0.005401  -0.002918  -0.013261  -0.504062  -0.084147  0.256371  2.000000  0.999992  0.003965  0.001039  -0.001068  0.007185  0.999974  0.003957  -0.999966  0.007189  0.999981  0.005837  0.002081  -0.005811  0.999910  -0.012097  -0.002152  0.012085  0.999925  1.000000  0.000073  0.000026  -0.000073  1.000000  -0.000151  -0.000026  0.000151  1.000000  0.999992  0.003965  0.001039  -0.001068  0.007185  0.999974  0.003957  -0.999966  0.007189  0.000140  0.013587  
67.749461 0.008402  0.092626  -0.005978  0.999549  0.012721  -0.027194  0.025110  0.142286  0.989507  0.016456  -0.989744  0.141903  0.005385  -0.003107  -0.013548  -0.524171  -0.082108  0.263167  2.000000  0.999990  0.004337  0.001164  -0.001199  0.007957  0.999968  0.004328  -0.999959  0.007962  0.999980  0.005971  0.002057  -0.005945  0.999903  -0.012582  -0.002132  0.012569  0.999919  1.000000  0.000074  0.000026  -0.000074  1.000000  -0.000157  -0.000026  0.000157  1.000000  0.999990  0.004337  0.001164  -0.001199  0.007957  0.999968  0.004328  -0.999959  0.007962  0.000147  0.014073  
67.750465 0.008408  0.092623  -0.005993  0.999550  0.012992  -0.027040  0.024904  0.143130  0.989390  0.016724  -0.989619  0.142742  0.005397  -0.003207  -0.013755  -0.548811  -0.082028  0.269817  2.000000  0.999988  0.004641  0.001273  -0.001313  0.008597  0.999962  0.004629  -0.999952  0.008603  0.999979  0.006002  0.002255  -0.005972  0.999898  -0.012943  -0.002333  0.012929  0.999914  1.000000  0.000075  0.000029  -0.000075  1.000000  -0.000162  -0.000029  0.000162  1.000000  0.999988  0.004641  0.001273  -0.001313  0.008597  0.999962  0.004629  -0.999952  0.008603  0.000153  0.014438  
67.751715 0.008416  0.092618  -0.006011  0.999553  0.013422  -0.026702  0.024493  0.144095  0.989261  0.017125  -0.989473  0.143702  0.005450  -0.003310  -0.013962  -0.568986  -0.094951  0.276207  2.000000  0.999987  0.004952  0.001383  -0.001429  0.009260  0.999956  0.004939  -0.999945  0.009267  0.999978  0.006269  0.002211  -0.006239  0.999890  -0.013427  -0.002295  0.013413  0.999907  1.000000  0.000078  0.000028  -0.000078  1.000000  -0.000168  -0.000028  0.000168  1.000000  0.999987  0.004952  0.001383  -0.001429  0.009260  0.999956  0.004939  -0.999945  0.009267  0.000159  0.014977  
67.753047 0.008423  0.092615  -0.006028  0.999551  0.013823  -0.026570  0.024287  0.145061  0.989125  0.017527  -0.989326  0.144661  0.005499  -0.003324  -0.013926  -0.587579  -0.100115  0.285315  2.000000  0.999985  0.005350  0.001532  -0.001586  0.010113  0.999948  0.005334  -0.999935  0.010122  0.999976  0.006433  0.002390  -0.006400  0.999884  -0.013788  -0.002478  0.013772  0.999902  1.000000  0.000080  0.000030  -0.000080  1.000000  -0.000172  -0.000030  0.000172  1.000000  0.999985  0.005350  0.001532  -0.001586  0.010113  0.999948  0.005334  -0.999935  0.010122  0.000163  0.015395  
67.754217 0.008430  0.092610  -0.006045  0.999552  0.014092  -0.026419  0.024081  0.146025  0.988988  0.017794  -0.989181  0.145620  0.005594  -0.003391  -0.013975  -0.609407  -0.107046  0.287094  2.000000  0.999983  0.005674  0.001654  -0.001715  0.010821  0.999940  0.005656  -0.999925  0.010831  0.999976  0.006466  0.002586  -0.006428  0.999878  -0.014269  -0.002678  0.014252  0.999895  1.000000  0.000081  0.000033  -0.000081  1.000000  -0.000178  -0.000033  0.000178  1.000000  0.999983  0.005674  0.001654  -0.001715  0.010821  0.999940  0.005656  -0.999925  0.010831  0.000169  0.015871  
67.755460 0.008437  0.092606  -0.006062  0.999554  0.014523  -0.026084  0.023669  0.146988  0.988855  0.018196  -0.989032  0.146579  0.005614  -0.003444  -0.013964  -0.625768  -0.113107  0.292671  2.000000  0.999980  0.006079  0.001816  -0.001887  0.011724  0.999929  0.006057  -0.999913  0.011735  0.999975  0.006499  0.002783  -0.006457  0.999872  -0.014630  -0.002878  0.014611  0.999889  1.000000  0.000081  0.000035  -0.000081  1.000000  -0.000183  -0.000035  0.000183  1.000000  0.999980  0.006079  0.001816  -0.001887  0.011724  0.999929  0.006057  -0.999913  0.011735  0.000175  0.016241  
67.756710 0.008443  0.092601  -0.006079  0.999559  0.014820  -0.025732  0.023257  0.148068  0.988704  0.018463  -0.988866  0.147658  0.005600  -0.003492  -0.013980  -0.644924  -0.125614  0.292367  2.000000  0.999977  0.006484  0.001997  -0.002079  0.012635  0.999918  0.006458  -0.999899  0.012648  0.999973  0.006562  0.003184  -0.006514  0.999870  -0.014744  -0.003281  0.014723  0.999886  1.000000  0.000082  0.000040  -0.000082  1.000000  -0.000184  -0.000040  0.000184  1.000000  0.999977  0.006484  0.001997  -0.002079  0.012635  0.999918  0.006458  -0.999899  0.012648  0.000180  0.016441  
67.757958 0.008449  0.092595  -0.006097  0.999564  0.015118  -0.025381  0.022846  0.149147  0.988551  0.018731  -0.988699  0.148736  0.005586  -0.003570  -0.013983  -0.664965  -0.132174  0.293401  2.000000  0.999974  0.006887  0.002189  -0.002282  0.013567  0.999905  0.006857  -0.999884  0.013583  0.999974  0.006433  0.003197  -0.006384  0.999866  -0.015107  -0.003294  0.015086  0.999881  1.000000  0.000080  0.000041  -0.000080  1.000000  -0.000189  -0.000041  0.000189  1.000000  0.999974  0.006887  0.002189  -0.002282  0.013567  0.999905  0.006857  -0.999884  0.013583  0.000184  0.016719  
67.759213 0.008456  0.092590  -0.006114  0.999561  0.015518  -0.025254  0.022640  0.150232  0.988392  0.019132  -0.988529  0.149814  0.005568  -0.003602  -0.014043  -0.686462  -0.139209  0.301294  2.000000  0.999971  0.007211  0.002353  -0.002456  0.014341  0.999894  0.007176  -0.999871  0.014358  0.999974  0.006336  0.003413  -0.006282  0.999859  -0.015588  -0.003511  0.015566  0.999873  1.000000  0.000079  0.000043  -0.000079  1.000000  -0.000195  -0.000043  0.000195  1.000000  0.999971  0.007211  0.002353  -0.002456  0.014341  0.999894  0.007176  -0.999871  0.014358  0.000190  0.017159  
67.760460 0.008462  0.092585  -0.006133  0.999562  0.015950  -0.024925  0.022228  0.151313  0.988236  0.019533  -0.988357  0.150892  0.005506  -0.003673  -0.014225  -0.702581  -0.145167  0.306827  2.000000  0.999968  0.007614  0.002564  -0.002680  0.015322  0.999879  0.007574  -0.999854  0.015342  0.999973  0.006370  0.003610  -0.006312  0.999855  -0.015826  -0.003710  0.015803  0.999868  1.000000  0.000079  0.000046  -0.000079  1.000000  -0.000198  -0.000046  0.000198  1.000000  0.999968  0.007614  0.002564  -0.002680  0.015322  0.999879  0.007574  -0.999854  0.015342  0.000194  0.017428  
67.761465 0.008467  0.092581  -0.006149  0.999566  0.016252  -0.024574  0.021816  0.152271  0.988098  0.019801  -0.988205  0.151851  0.005434  -0.003798  -0.014347  -0.718409  -0.158596  0.308794  2.000000  0.999965  0.007937  0.002737  -0.002865  0.016123  0.999866  0.007891  -0.999839  0.016145  0.999973  0.006373  0.003604  -0.006314  0.999849  -0.016188  -0.003707  0.016165  0.999862  1.000000  0.000079  0.000046  -0.000079  1.000000  -0.000202  -0.000046  0.000202  1.000000  0.999965  0.007937  0.002737  -0.002865  0.016123  0.999866  0.007891  -0.999839  0.016145  0.000198  0.017757  
67.762715 0.008473  0.092576  -0.006169  0.999567  0.016685  -0.024246  0.021405  0.153352  0.987940  0.020202  -0.988031  0.152928  0.005345  -0.003862  -0.014462  -0.732586  -0.163218  0.311788  2.000000  0.999961  0.008342  0.002977  -0.003120  0.017146  0.999848  0.008290  -0.999818  0.017171  0.999971  0.006440  0.004004  -0.006373  0.999843  -0.016545  -0.004110  0.016519  0.999855  1.000000  0.000080  0.000051  -0.000080  1.000000  -0.000207  -0.000051  0.000207  1.000000  0.999961  0.008342  0.002977  -0.003120  0.017146  0.999848  0.008290  -0.999818  0.017171  0.000202  0.018189  
67.763960 0.008479  0.092570  -0.006189  0.999567  0.017116  -0.023922  0.020993  0.154551  0.987762  0.020604  -0.987837  0.154125  0.005288  -0.003882  -0.014516  -0.748639  -0.169723  0.312959  2.000000  0.999957  0.008748  0.003232  -0.003390  0.018182  0.999829  0.008688  -0.999796  0.018211  0.999970  0.006376  0.004423  -0.006302  0.999841  -0.016658  -0.004529  0.016629  0.999851  1.000000  0.000079  0.000056  -0.000079  1.000000  -0.000208  -0.000056  0.000208  1.000000  0.999957  0.008748  0.003232  -0.003390  0.018182  0.999829  0.008688  -0.999796  0.018211  0.000207  0.018365  
67.764961 0.008485  0.092567  -0.006204  0.999570  0.017424  -0.023571  0.020581  0.155388  0.987639  0.020871  -0.987700  0.154963  0.005297  -0.003842  -0.014520  -0.756520  -0.183095  0.315087  2.000000  0.999953  0.009074  0.003442  -0.003614  0.019023  0.999813  0.009006  -0.999778  0.019055  0.999969  0.006512  0.004397  -0.006437  0.999836  -0.016899  -0.004507  0.016870  0.999848  1.000000  0.000081  0.000056  -0.000081  1.000000  -0.000211  -0.000056  0.000211  1.000000  0.999953  0.009074  0.003442  -0.003614  0.019023  0.999813  0.009006  -0.999778  0.019055  0.000209  0.018624  
67.765999 0.008491  0.092564  -0.006219  0.999566  0.017829  -0.023447  0.020375  0.156351  0.987491  0.021272  -0.987541  0.155920  0.005275  -0.003807  -0.014498  -0.769682  -0.183409  0.321810  2.000000  0.999949  0.009401  0.003659  -0.003845  0.019872  0.999795  0.009326  -0.999758  0.019907  0.999968  0.006548  0.004594  -0.006469  0.999832  -0.017137  -0.004706  0.017106  0.999843  1.000000  0.000081  0.000058  -0.000081  1.000000  -0.000214  -0.000058  0.000214  1.000000  0.999949  0.009401  0.003659  -0.003845  0.019872  0.999795  0.009326  -0.999758  0.019907  0.000214  0.018899  
67.767211 0.008497  0.092560  -0.006237  0.999569  0.018130  -0.023104  0.019964  0.157547  0.987310  0.021540  -0.987345  0.157117  0.005250  -0.003783  -0.014568  -0.790937  -0.190868  0.318980  2.000000  0.999945  0.009740  0.003884  -0.004085  0.020742  0.999777  0.009657  -0.999737  0.020781  0.999965  0.006850  0.004748  -0.006766  0.999822  -0.017618  -0.004867  0.017585  0.999834  1.000000  0.000085  0.000060  -0.000085  1.000000  -0.000220  -0.000060  0.000220  1.000000  0.999945  0.009740  0.003884  -0.004085  0.020742  0.999777  0.009657  -0.999737  0.020781  0.000218  0.019476  
67.768215 0.008502  0.092556  -0.006253  0.999568  0.018569  -0.022779  0.019552  0.158505  0.987165  0.021941  -0.987184  0.158073  0.005149  -0.003835  -0.014731  -0.800422  -0.202025  0.322968  2.000000  0.999941  0.010082  0.004115  -0.004333  0.021626  0.999757  0.009991  -0.999715  0.021669  0.999964  0.006887  0.004944  -0.006798  0.999817  -0.017856  -0.005066  0.017821  0.999828  1.000000  0.000086  0.000063  -0.000086  1.000000  -0.000223  -0.000063  0.000223  1.000000  0.999941  0.010082  0.004115  -0.004333  0.021626  0.999757  0.009991  -0.999715  0.021669  0.000221  0.019752  
67.769457 0.008508  0.092551  -0.006272  0.999567  0.019000  -0.022461  0.019140  0.159822  0.986960  0.022343  -0.986963  0.159389  0.005052  -0.003895  -0.014906  -0.820340  -0.208459  0.324155  2.000000  0.999935  0.010520  0.004418  -0.004657  0.022747  0.999730  0.010417  -0.999686  0.022794  0.999962  0.007059  0.005117  -0.006965  0.999810  -0.018215  -0.005244  0.018178  0.999821  1.000000  0.000088  0.000065  -0.000088  1.000000  -0.000227  -0.000065  0.000227  1.000000  0.999935  0.010520  0.004418  -0.004657  0.022747  0.999730  0.010417  -0.999686  0.022794  0.000226  0.020178  
67.770708 0.008512  0.092545  -0.006292  0.999569  0.019304  -0.022121  0.018728  0.161016  0.986774  0.022610  -0.986763  0.160585  0.004937  -0.003964  -0.015085  -0.836281  -0.215584  0.320954  2.000000  0.999929  0.010960  0.004727  -0.004988  0.023886  0.999702  0.010844  -0.999655  0.023939  0.999962  0.007065  0.005108  -0.006970  0.999808  -0.018333  -0.005237  0.018297  0.999819  1.000000  0.000088  0.000065  -0.000088  1.000000  -0.000229  -0.000065  0.000229  1.000000  0.999929  0.010960  0.004727  -0.004988  0.023886  0.999702  0.010844  -0.999655  0.023939  0.000230  0.020286  
67.771961 0.008517  0.092539  -0.006312  0.999564  0.019869  -0.021827  0.018317  0.162334  0.986566  0.023145  -0.986536  0.161900  0.004849  -0.004002  -0.015341  -0.853878  -0.221786  0.327265  2.000000  0.999922  0.011401  0.005043  -0.005327  0.025040  0.999672  0.011271  -0.999621  0.025099  0.999962  0.006973  0.005324  -0.006873  0.999804  -0.018569  -0.005452  0.018532  0.999813  1.000000  0.000087  0.000067  -0.000087  1.000000  -0.000232  -0.000067  0.000232  1.000000  0.999922  0.011401  0.005043  -0.005327  0.025040  0.999672  0.011271  -0.999621  0.025099  0.000235  0.020522  
67.773210 0.008522  0.092533  -0.006334  0.999562  0.020305  -0.021511  0.017905  0.163530  0.986376  0.023546  -0.986329  0.163095  0.004765  -0.004067  -0.015653  -0.863906  -0.234565  0.328891  2.000000  0.999915  0.011843  0.005363  -0.005672  0.026201  0.999641  0.011698  -0.999587  0.026266  0.999962  0.006979  0.005315  -0.006879  0.999802  -0.018688  -0.005444  0.018651  0.999811  1.000000  0.000087  0.000067  -0.000087  1.000000  -0.000233  -0.000067  0.000233  1.000000  0.999915  0.011843  0.005363  -0.005672  0.026201  0.999641  0.011698  -0.999587  0.026266  0.000238  0.020629  
67.774460 0.008526  0.092527  -0.006355  0.999560  0.020743  -0.021195  0.017493  0.164725  0.986184  0.023948  -0.986121  0.164289  0.004602  -0.004154  -0.015810  -0.876076  -0.233585  0.333593  2.000000  0.999908  0.012286  0.005687  -0.006021  0.027367  0.999607  0.012126  -0.999550  0.027438  0.999962  0.006986  0.005307  -0.006886  0.999802  -0.018685  -0.005436  0.018648  0.999811  1.000000  0.000087  0.000067  -0.000087  1.000000  -0.000233  -0.000067  0.000233  1.000000  0.999908  0.012286  0.005687  -0.006021  0.027367  0.999607  0.012126  -0.999550  0.027438  0.000241  0.020627  
67.775461 0.008530  0.092523  -0.006372  0.999554  0.021150  -0.021081  0.017287  0.165804  0.986007  0.024349  -0.985932  0.165364  0.004497  -0.004169  -0.015954  -0.887894  -0.239361  0.339227  2.000000  0.999904  0.012558  0.005883  -0.006234  0.028077  0.999586  0.012387  -0.999527  0.028152  0.999959  0.007290  0.005458  -0.007184  0.999791  -0.019166  -0.005596  0.019126  0.999801  1.000000  0.000090  0.000069  -0.000090  1.000000  -0.000239  -0.000069  0.000239  1.000000  0.999904  0.012558  0.005883  -0.006234  0.028077  0.999586  0.012387  -0.999527  0.028152  0.000245  0.021203  
67.776710 0.008535  0.092517  -0.006393  0.999551  0.021588  -0.020768  0.016875  0.166997  0.985813  0.024750  -0.985721  0.166558  0.004421  -0.004169  -0.016073  -0.899444  -0.241010  0.342404  2.000000  0.999896  0.013017  0.006208  -0.006587  0.029282  0.999549  0.012829  -0.999486  0.029365  0.999960  0.007262  0.005246  -0.007159  0.999786  -0.019409  -0.005386  0.019371  0.999798  1.000000  0.000090  0.000066  -0.000090  1.000000  -0.000242  -0.000066  0.000242  1.000000  0.999896  0.013017  0.006208  -0.006587  0.029282  0.999549  0.012829  -0.999486  0.029365  0.000246  0.021361  
67.777716 0.008538  0.092513  -0.006410  0.999548  0.021864  -0.020633  0.016670  0.168074  0.985634  0.025018  -0.985532  0.167633  0.004335  -0.004157  -0.016125  -0.911221  -0.239899  0.346916  2.000000  0.999889  0.013388  0.006465  -0.006868  0.030255  0.999519  0.013186  -0.999453  0.030343  0.999959  0.007301  0.005442  -0.007194  0.999783  -0.019525  -0.005583  0.019485  0.999795  1.000000  0.000091  0.000069  -0.000091  1.000000  -0.000244  -0.000069  0.000244  1.000000  0.999889  0.013388  0.006465  -0.006868  0.030255  0.999519  0.013186  -0.999453  0.030343  0.000249  0.021528  
67.778962 0.008544  0.092508  -0.006432  0.999541  0.022269  -0.020525  0.016464  0.169271  0.985432  0.025419  -0.985318  0.168827  0.004274  -0.004147  -0.016283  -0.919483  -0.239577  0.347263  2.000000  0.999881  0.013859  0.006781  -0.007214  0.031482  0.999478  0.013638  -0.999408  0.031578  0.999959  0.007406  0.005206  -0.007303  0.999783  -0.019527  -0.005350  0.019488  0.999796  1.000000  0.000092  0.000066  -0.000092  1.000000  -0.000244  -0.000066  0.000244  1.000000  0.999881  0.013859  0.006781  -0.007214  0.031482  0.999478  0.013638  -0.999408  0.031578  0.000252  0.021507  
67.780214 0.008550  0.092504  -0.006454  0.999538  0.022707  -0.020217  0.016052  0.170583  0.985213  0.025820  -0.985082  0.170139  0.004234  -0.004153  -0.016479  -0.927358  -0.245983  0.348630  2.000000  0.999872  0.014328  0.007087  -0.007553  0.032707  0.999436  0.014088  -0.999362  0.032811  0.999959  0.007413  0.005197  -0.007309  0.999778  -0.019767  -0.005342  0.019728  0.999791  1.000000  0.000092  0.000066  -0.000092  1.000000  -0.000247  -0.000066  0.000247  1.000000  0.999872  0.014328  0.007087  -0.007553  0.032707  0.999436  0.014088  -0.999362  0.032811  0.000255  0.021725  
67.781464 0.008555  0.092499  -0.006478  0.999531  0.023113  -0.020110  0.015846  0.171779  0.985008  0.026222  -0.984864  0.171332  0.004134  -0.004268  -0.016811  -0.935552  -0.238770  0.347811  2.000000  0.999863  0.014798  0.007390  -0.007889  0.033943  0.999393  0.014538  -0.999314  0.034055  0.999960  0.007384  0.004985  -0.007283  0.999776  -0.019890  -0.005130  0.019852  0.999790  1.000000  0.000092  0.000063  -0.000092  1.000000  -0.000248  -0.000063  0.000248  1.000000  0.999863  0.014798  0.007390  -0.007889  0.033943  0.999393  0.014538  -0.999314  0.034055  0.000257  0.021778  
67.782713 0.008560  0.092492  -0.006502  0.999526  0.023555  -0.019802  0.015434  0.172971  0.984806  0.026623  -0.984645  0.172525  0.004008  -0.004419  -0.017163  -0.946077  -0.245905  0.350146  2.000000  0.999854  0.015267  0.007682  -0.008215  0.035183  0.999347  0.014986  -0.999264  0.035304  0.999962  0.007354  0.004773  -0.007258  0.999773  -0.020012  -0.004919  0.019977  0.999788  1.000000  0.000091  0.000061  -0.000091  1.000000  -0.000250  -0.000061  0.000250  1.000000  0.999854  0.015267  0.007682  -0.008215  0.035183  0.999347  0.014986  -0.999264  0.035304  0.000258  0.021834  
67.783961 0.008564  0.092485  -0.006527  0.999519  0.023960  -0.019701  0.015228  0.174286  0.984577  0.027024  -0.984404  0.173837  0.003931  -0.004543  -0.017515  -0.955768  -0.244146  0.353965  2.000000  0.999846  0.015645  0.007910  -0.008472  0.036193  0.999309  0.015348  -0.999222  0.036320  0.999961  0.007493  0.004740  -0.007395  0.999765  -0.020374  -0.004891  0.020338  0.999781  1.000000  0.000093  0.000060  -0.000093  1.000000  -0.000254  -0.000060  0.000254  1.000000  0.999846  0.015645  0.007910  -0.008472  0.036193  0.999309  0.015348  -0.999222  0.036320  0.000261  0.022205  
67.784961 0.008568  0.092479  -0.006548  0.999515  0.024240  -0.019568  0.015022  0.175240  0.984411  0.027292  -0.984227  0.174791  0.003917  -0.004626  -0.017881  -0.959666  -0.236929  0.352980  2.000000  0.999839  0.016023  0.008130  -0.008722  0.037207  0.999270  0.015709  -0.999179  0.037341  0.999962  0.007365  0.004756  -0.007267  0.999766  -0.020372  -0.004905  0.020337  0.999781  1.000000  0.000091  0.000060  -0.000091  1.000000  -0.000254  -0.000060  0.000254  1.000000  0.999839  0.016023  0.008130  -0.008722  0.037207  0.999270  0.015709  -0.999179  0.037341  0.000263  0.022164  
67.786215 0.008573  0.092472  -0.006573  0.999507  0.024645  -0.019468  0.014816  0.176554  0.984179  0.027693  -0.983982  0.176102  0.003868  -0.004761  -0.018177  -0.971803  -0.229660  0.352084  2.000000  0.999829  0.016498  0.008391  -0.009021  0.038481  0.999219  0.016162  -0.999123  0.038623  0.999961  0.007598  0.004497  -0.007505  0.999762  -0.020496  -0.004652  0.020461  0.999780  1.000000  0.000094  0.000057  -0.000094  1.000000  -0.000256  -0.000057  0.000256  1.000000  0.999829  0.016498  0.008391  -0.009021  0.038481  0.999219  0.016162  -0.999123  0.038623  0.000263  0.022302  
67.787461 0.008577  0.092464  -0.006598  0.999495  0.025185  -0.019391  0.014611  0.177750  0.983967  0.028228  -0.983753  0.177293  0.003858  -0.004849  -0.018510  -0.975903  -0.227818  0.361272  2.000000  0.999819  0.016970  0.008636  -0.009305  0.039754  0.999166  0.016612  -0.999065  0.039905  0.999964  0.007400  0.004106  -0.007315  0.999766  -0.020380  -0.004255  0.020349  0.999784  1.000000  0.000092  0.000052  -0.000092  1.000000  -0.000255  -0.000052  0.000255  1.000000  0.999819  0.016970  0.008636  -0.009305  0.039754  0.999166  0.016612  -0.999065  0.039905  0.000266  0.022055  
