1-Time 2-Px 3-Py 4-Pz 5-R11 6-R21 7-R31 8-R12 9-R22 10-R32 11-R13 12-R23 13-R33 14-Vx 15-Vy 16-Vz 17-Wx 18-Wy 19-Wz 20-state 21-PR11 22-PR21 23-PR31 24-PR12 25-PR22 26-PR32 27-PR13 28-PR23 29-PR33 
168.371717 0.009460  0.103138  -0.003159  0.995445  0.070413  -0.064274  -0.066497  0.995911  0.061157  0.068318  -0.056604  0.996057  -0.000102  0.000450  0.000009  0.000000  0.000000  0.000000  2.000000  1.000000  0.000000  0.000000  -0.000000  1.000000  0.000000  0.000000  -0.000000  1.000000  1.000000  0.000828  -0.000087  -0.000828  1.000000  0.000056  0.000087  -0.000056  1.000000  1.000000  0.000000  0.000000  0.000000  1.000000  0.000000  0.000000  0.000000  1.000000  0.655262  0.372512  0.657166  -0.511419  0.859023  0.023004  -0.555951  -0.351161  0.753395  0.000000  0.000000  
168.372722 0.009460  0.103138  -0.003159  0.995431  0.070618  -0.064262  -0.066702  0.995896  0.061170  0.068318  -0.056604  0.996057  -0.000071  0.000404  -0.000005  0.000000  0.000000  0.000000  2.000000  1.000000  0.000000  0.000000  0.000000  1.000000  0.000000  0.000000  0.000000  1.000000  1.000000  0.000828  -0.000087  -0.000828  1.000000  0.000056  0.000087  -0.000056  1.000000  1.000000  0.000000  0.000000  0.000000  1.000000  0.000000  0.000000  0.000000  1.000000  1.000000  0.000000  0.000000  0.000000  1.000000  0.000000  0.000000  0.000000  1.000000  0.000000  0.000000  
168.373725 0.009461  0.103139  -0.003159  0.995408  0.070831  -0.064382  -0.066906  0.995881  0.061192  0.068451  -0.056603  0.996047  0.000012  0.000462  -0.000028  0.000000  0.000000  0.000000  2.000000  1.000000  0.000000  0.000000  0.000000  1.000000  0.000000  0.000000  0.000000  1.000000  0.999999  0.001238  -0.000064  -0.001238  0.999999  0.000084  0.000064  -0.000084  1.000000  1.000000  0.000000  0.000000  0.000000  1.000000  0.000000  0.000000  0.000000  1.000000  1.000000  0.000000  0.000000  0.000000  1.000000  0.000000  0.000000  0.000000  1.000000  0.000000  0.000000  
168.374974 0.009465  0.103142  -0.003160  0.995362  0.071264  -0.064614  -0.067315  0.995843  0.061357  0.068718  -0.056723  0.996022  0.000256  0.000617  -0.000054  0.000000  0.000000  0.000000  2.000000  1.000000  0.000000  0.000000  0.000000  1.000000  0.000000  0.000000  0.000000  1.000000  0.999999  0.001663  -0.000307  -0.001663  0.999999  0.000234  0.000308  -0.000234  1.000000  1.000000  0.000000  0.000000  0.000000  1.000000  0.000000  0.000000  0.000000  1.000000  1.000000  0.000000  0.000000  0.000000  1.000000  0.000000  0.000000  0.000000  1.000000  0.000000  0.000000  
168.376222 0.009467  0.103144  -0.003161  0.995316  0.071704  -0.064838  -0.067723  0.995798  0.061644  0.068985  -0.056964  0.995990  0.000452  0.000688  -0.000114  0.000000  0.000000  0.000000  2.000000  1.000000  0.000000  0.000000  0.000000  1.000000  0.000000  0.000000  0.000000  1.000000  0.999998  0.002096  -0.000684  -0.002096  0.999998  0.000385  0.000685  -0.000383  1.000000  1.000000  0.000000  0.000000  0.000000  1.000000  0.000000  0.000000  0.000000  1.000000  1.000000  0.000000  0.000000  0.000000  1.000000  0.000000  0.000000  0.000000  1.000000  0.000000  0.000000  
168.377224 0.009470  0.103144  -0.003163  0.995284  0.071933  -0.065082  -0.067927  0.995775  0.061796  0.069252  -0.057084  0.995965  0.000626  0.000669  -0.000276  0.000000  0.000000  0.000000  2.000000  1.000000  0.000000  0.000000  0.000000  1.000000  0.000000  0.000000  0.000000  1.000000  0.999997  0.002104  -0.000817  -0.002104  0.999998  0.000627  0.000819  -0.000626  0.999999  1.000000  0.000000  0.000000  0.000000  1.000000  0.000000  0.000000  0.000000  1.000000  1.000000  0.000000  0.000000  0.000000  1.000000  0.000000  0.000000  0.000000  1.000000  0.000000  0.000000  
168.378226 0.009473  0.103146  -0.003164  0.995237  0.072366  -0.065314  -0.068336  0.995736  0.061962  0.069519  -0.057203  0.995939  0.000883  0.000726  -0.000328  0.000000  0.000000  0.000000  2.000000  1.000000  0.000000  0.000000  0.000000  1.000000  0.000000  0.000000  0.000000  1.000000  0.999997  0.002325  -0.001072  -0.002324  0.999997  0.000764  0.001074  -0.000761  0.999999  1.000000  0.000000  0.000000  0.000000  1.000000  0.000000  0.000000  0.000000  1.000000  1.000000  0.000000  0.000000  0.000000  1.000000  0.000000  0.000000  0.000000  1.000000  0.000000  0.000000  
168.379477 0.009478  0.103149  -0.003164  0.995167  0.073019  -0.065657  -0.068948  0.995675  0.062271  0.069920  -0.057443  0.995897  0.001216  0.000898  -0.000324  0.000000  0.000000  0.000000  2.000000  1.000000  0.000000  0.000000  0.000000  1.000000  0.000000  0.000000  0.000000  1.000000  0.999995  0.002963  -0.001437  -0.002962  0.999995  0.001050  0.001440  -0.001046  0.999998  1.000000  0.000000  0.000000  0.000000  1.000000  0.000000  0.000000  0.000000  1.000000  1.000000  0.000000  0.000000  0.000000  1.000000  0.000000  0.000000  0.000000  1.000000  0.000000  0.000000  
168.380727 0.009483  0.103151  -0.003164  0.995091  0.073863  -0.065862  -0.069767  0.995606  0.062465  0.070187  -0.057563  0.995872  0.001529  0.001017  -0.000333  0.000000  0.000000  0.000000  2.000000  1.000000  0.000000  0.000000  0.000000  1.000000  0.000000  0.000000  0.000000  1.000000  0.999991  0.003807  -0.001790  -0.003804  0.999992  0.001230  0.001794  -0.001223  0.999998  1.000000  0.000000  0.000000  0.000000  1.000000  0.000000  0.000000  0.000000  1.000000  1.000000  0.000000  0.000000  0.000000  1.000000  0.000000  0.000000  0.000000  1.000000  0.000000  0.000000  
168.381976 0.009486  0.103153  -0.003165  0.995020  0.074517  -0.066204  -0.070379  0.995543  0.062775  0.070587  -0.057803  0.995829  0.001767  0.001117  -0.000405  0.000000  0.000000  0.000000  2.000000  1.000000  0.000000  0.000000  0.000000  1.000000  0.000000  0.000000  0.000000  1.000000  0.999988  0.004445  -0.002154  -0.004442  0.999989  0.001396  0.002160  -0.001387  0.999997  1.000000  0.000000  0.000000  0.000000  1.000000  0.000000  0.000000  0.000000  1.000000  1.000000  0.000000  0.000000  0.000000  1.000000  0.000000  0.000000  0.000000  1.000000  0.000000  0.000000  
168.383228 0.009490  0.103155  -0.003166  0.994924  0.075375  -0.066675  -0.071196  0.995472  0.062988  0.071121  -0.057922  0.995785  0.002049  0.001248  -0.000489  0.057843  0.088050  0.191691  2.000000  1.000000  0.000117  0.000079  -0.000117  1.000000  0.000040  -0.000079  -0.000040  1.000000  0.999984  0.005084  -0.002518  -0.005080  0.999986  0.001684  0.002526  -0.001672  0.999995  1.000000  0.000059  0.000039  -0.000059  1.000000  0.000021  -0.000039  -0.000021  1.000000  1.000000  0.000117  0.000079  -0.000117  1.000000  0.000040  -0.000079  -0.000040  1.000000  0.000053  0.005917  
168.384477 0.009496  0.103160  -0.003167  0.994827  0.076234  -0.067145  -0.072012  0.995399  0.063202  0.071655  -0.058040  0.995739  0.002423  0.001563  -0.000547  0.063902  0.104405  0.220282  2.000000  1.000000  0.000444  0.000294  -0.000444  1.000000  0.000150  -0.000294  -0.000151  1.000000  0.999978  0.005936  -0.003003  -0.005930  0.999981  0.001867  0.003014  -0.001849  0.999994  1.000000  0.000070  0.000045  -0.000070  1.000000  0.000023  -0.000045  -0.000023  1.000000  1.000000  0.000444  0.000294  -0.000444  1.000000  0.000150  -0.000294  -0.000151  1.000000  0.000061  0.006907  
168.385728 0.009501  0.103166  -0.003167  0.994729  0.077093  -0.067615  -0.072829  0.995326  0.063417  0.072188  -0.058159  0.995694  0.002808  0.001936  -0.000560  0.069975  0.120754  0.248868  2.000000  1.000000  0.000826  0.000536  -0.000826  1.000000  0.000272  -0.000536  -0.000272  1.000000  0.999971  0.006787  -0.003489  -0.006780  0.999975  0.002051  0.003503  -0.002027  0.999992  1.000000  0.000080  0.000052  -0.000080  1.000000  0.000025  -0.000052  -0.000025  1.000000  1.000000  0.000826  0.000536  -0.000826  1.000000  0.000272  -0.000536  -0.000272  1.000000  0.000069  0.007899  
168.386972 0.009507  0.103173  -0.003168  0.994620  0.077960  -0.068218  -0.073644  0.995252  0.063643  0.072856  -0.058277  0.995638  0.003191  0.002324  -0.000619  0.075604  0.142004  0.270861  2.000000  0.999999  0.001257  0.000799  -0.001257  0.999999  0.000405  -0.000798  -0.000406  1.000000  0.999964  0.007442  -0.004119  -0.007433  0.999970  0.002221  0.004136  -0.002190  0.999989  1.000000  0.000091  0.000055  -0.000091  1.000000  0.000028  -0.000055  -0.000028  1.000000  0.999999  0.001257  0.000799  -0.001257  0.999999  0.000405  -0.000798  -0.000406  1.000000  0.000077  0.008788  
168.388003 0.009514  0.103179  -0.003170  0.994535  0.078622  -0.068691  -0.074256  0.995186  0.063966  0.073389  -0.058516  0.995585  0.003625  0.002751  -0.000685  0.085207  0.158567  0.292276  2.000000  0.999998  0.001549  0.000971  -0.001550  0.999999  0.000491  -0.000970  -0.000493  0.999999  0.999957  0.008089  -0.004616  -0.008078  0.999965  0.002391  0.004636  -0.002354  0.999986  1.000000  0.000101  0.000059  -0.000101  1.000000  0.000030  -0.000059  -0.000030  1.000000  0.999998  0.001549  0.000971  -0.001550  0.999999  0.000491  -0.000970  -0.000493  0.999999  0.000084  0.009611  
168.389225 0.009523  0.103188  -0.003171  0.994415  0.079497  -0.069426  -0.075070  0.995109  0.064203  0.074190  -0.058633  0.995519  0.004005  0.003167  -0.000752  0.091447  0.184036  0.321669  2.000000  0.999997  0.001985  0.001220  -0.001986  0.999998  0.000621  -0.001219  -0.000623  0.999999  0.999945  0.008957  -0.005367  -0.008943  0.999956  0.002701  0.005391  -0.002653  0.999982  1.000000  0.000114  0.000063  -0.000114  1.000000  0.000033  -0.000063  -0.000033  1.000000  0.999997  0.001985  0.001220  -0.001986  0.999998  0.000621  -0.001219  -0.000623  0.999999  0.000093  0.010780  
168.390475 0.009531  0.103197  -0.003172  0.994303  0.080372  -0.070017  -0.075885  0.995025  0.064553  0.074857  -0.058872  0.995455  0.004420  0.003606  -0.000733  0.101680  0.204840  0.350536  2.000000  0.999995  0.002593  0.001556  -0.002594  0.999996  0.000797  -0.001553  -0.000801  0.999998  0.999934  0.009818  -0.005984  -0.009800  0.999947  0.003011  0.006013  -0.002952  0.999978  1.000000  0.000126  0.000069  -0.000126  1.000000  0.000037  -0.000069  -0.000037  1.000000  0.999995  0.002593  0.001556  -0.002594  0.999996  0.000797  -0.001553  -0.000801  0.999998  0.000103  0.011878  
168.391724 0.009539  0.103203  -0.003172  0.994195  0.081051  -0.070754  -0.076495  0.994956  0.064899  0.075658  -0.059110  0.995380  0.004747  0.003996  -0.000675  0.111015  0.231035  0.366064  2.000000  0.999993  0.003258  0.001900  -0.003260  0.999994  0.000990  -0.001897  -0.000996  0.999998  0.999922  0.010482  -0.006746  -0.010460  0.999940  0.003307  0.006780  -0.003237  0.999972  1.000000  0.000139  0.000071  -0.000139  1.000000  0.000041  -0.000071  -0.000041  1.000000  0.999993  0.003258  0.001900  -0.003260  0.999994  0.000990  -0.001897  -0.000996  0.999998  0.000111  0.012888  
168.392972 0.009547  0.103209  -0.003173  0.994081  0.081927  -0.071345  -0.077309  0.994870  0.065250  0.076325  -0.059348  0.995315  0.004973  0.004247  -0.000655  0.120333  0.249855  0.391847  2.000000  0.999990  0.003975  0.002267  -0.003978  0.999991  0.001202  -0.002262  -0.001211  0.999997  0.999912  0.011131  -0.007240  -0.011105  0.999932  0.003604  0.007280  -0.003523  0.999967  1.000000  0.000148  0.000075  -0.000148  1.000000  0.000045  -0.000075  -0.000045  1.000000  0.999990  0.003975  0.002267  -0.003978  0.999991  0.001202  -0.002262  -0.001211  0.999997  0.000119  0.013748  
168.394001 0.009553  0.103214  -0.003174  0.993982  0.082599  -0.071948  -0.077919  0.994800  0.065587  0.076992  -0.059586  0.995250  0.005161  0.004469  -0.000663  0.130919  0.272707  0.416459  2.000000  0.999986  0.004587  0.002572  -0.004591  0.999989  0.001383  -0.002565  -0.001395  0.999996  0.999903  0.011574  -0.007748  -0.011545  0.999926  0.003762  0.007791  -0.003672  0.999963  1.000000  0.000156  0.000077  -0.000156  1.000000  0.000046  -0.000077  -0.000046  1.000000  0.999986  0.004587  0.002572  -0.004591  0.999989  0.001383  -0.002565  -0.001395  0.999996  0.000126  0.014416  
168.395231 0.009560  0.103218  -0.003174  0.993882  0.083262  -0.072562  -0.078529  0.994738  0.065805  0.077659  -0.059704  0.995191  0.005303  0.004580  -0.000656  0.136716  0.294067  0.438673  2.000000  0.999982  0.005236  0.002878  -0.005241  0.999985  0.001576  -0.002870  -0.001591  0.999995  0.999894  0.012017  -0.008254  -0.011985  0.999920  0.003924  0.008301  -0.003825  0.999958  1.000000  0.000165  0.000078  -0.000165  1.000000  0.000048  -0.000078  -0.000048  1.000000  0.999982  0.005236  0.002878  -0.005241  0.999985  0.001576  -0.002870  -0.001591  0.999995  0.000136  0.015086  
168.396476 0.009566  0.103222  -0.003175  0.993771  0.083942  -0.073297  -0.079138  0.994666  0.066154  0.078459  -0.059942  0.995114  0.005487  0.004712  -0.000723  0.146064  0.320166  0.454092  2.000000  0.999977  0.005915  0.003182  -0.005921  0.999981  0.001776  -0.003171  -0.001795  0.999993  0.999888  0.012059  -0.008919  -0.012023  0.999919  0.004176  0.008969  -0.004069  0.999952  1.000000  0.000172  0.000074  -0.000172  1.000000  0.000052  -0.000074  -0.000052  1.000000  0.999977  0.005915  0.003182  -0.005921  0.999981  0.001776  -0.003171  -0.001795  0.999993  0.000142  0.015556  
168.397727 0.009572  0.103224  -0.003177  0.993676  0.084417  -0.074046  -0.079542  0.994612  0.066490  0.079259  -0.060179  0.995036  0.005560  0.004696  -0.000749  0.155420  0.346256  0.469506  2.000000  0.999971  0.006791  0.003562  -0.006798  0.999975  0.002028  -0.003548  -0.002052  0.999992  0.999881  0.012289  -0.009306  -0.012252  0.999917  0.004081  0.009355  -0.003966  0.999948  1.000000  0.000178  0.000075  -0.000178  1.000000  0.000050  -0.000075  -0.000050  1.000000  0.999971  0.006791  0.003562  -0.006798  0.999975  0.002028  -0.003548  -0.002052  0.999992  0.000149  0.015932  
168.398977 0.009578  0.103228  -0.003179  0.993590  0.084876  -0.074671  -0.079947  0.994565  0.066694  0.079926  -0.060297  0.994975  0.005675  0.004631  -0.000822  0.160656  0.367826  0.484563  2.000000  0.999963  0.007697  0.003933  -0.007706  0.999968  0.002280  -0.003915  -0.002310  0.999990  0.999877  0.012316  -0.009703  -0.012276  0.999916  0.004089  0.009753  -0.003969  0.999945  1.000000  0.000182  0.000072  -0.000182  1.000000  0.000050  -0.000072  -0.000050  1.000000  0.999963  0.007697  0.003933  -0.007706  0.999968  0.002280  -0.003915  -0.002310  0.999990  0.000155  0.016189  
168.399977 0.009584  0.103231  -0.003180  0.993530  0.085122  -0.075178  -0.080148  0.994537  0.066873  0.080460  -0.060415  0.994925  0.005759  0.004594  -0.000837  0.164865  0.385771  0.485661  2.000000  0.999956  0.008432  0.004223  -0.008442  0.999961  0.002480  -0.004202  -0.002515  0.999988  0.999876  0.012325  -0.009835  -0.012285  0.999916  0.004095  0.009885  -0.003974  0.999943  1.000000  0.000184  0.000072  -0.000184  1.000000  0.000050  -0.000072  -0.000050  1.000000  0.999956  0.008432  0.004223  -0.008442  0.999961  0.002480  -0.004202  -0.002515  0.999988  0.000160  0.016277  
168.401259 0.009590  0.103237  -0.003181  0.993454  0.085582  -0.075660  -0.080554  0.994483  0.067188  0.080993  -0.060654  0.994867  0.005790  0.004537  -0.000883  0.174007  0.397916  0.499698  2.000000  0.999946  0.009350  0.004563  -0.009362  0.999952  0.002722  -0.004537  -0.002764  0.999986  0.999878  0.011932  -0.010126  -0.011892  0.999921  0.003947  0.010173  -0.003826  0.999941  1.000000  0.000184  0.000066  -0.000184  1.000000  0.000049  -0.000066  -0.000049  1.000000  0.999946  0.009350  0.004563  -0.009362  0.999952  0.002722  -0.004537  -0.002764  0.999986  0.000165  0.016126  
168.402475 0.009596  0.103244  -0.003182  0.993367  0.086041  -0.076286  -0.080958  0.994436  0.067394  0.081660  -0.060771  0.994806  0.005725  0.004524  -0.000858  0.179006  0.420486  0.508625  2.000000  0.999938  0.010090  0.004811  -0.010104  0.999945  0.002917  -0.004781  -0.002966  0.999984  0.999879  0.011540  -0.010416  -0.011499  0.999926  0.004043  0.010462  -0.003923  0.999938  1.000000  0.000185  0.000059  -0.000185  1.000000  0.000050  -0.000059  -0.000050  1.000000  0.999938  0.010090  0.004811  -0.010104  0.999945  0.002917  -0.004781  -0.002966  0.999984  0.000170  0.016049  
168.403478 0.009602  0.103250  -0.003182  0.993323  0.086083  -0.076806  -0.080955  0.994426  0.067558  0.082193  -0.060889  0.994755  0.005638  0.004474  -0.000803  0.182723  0.434330  0.502546  2.000000  0.999929  0.010833  0.005037  -0.010849  0.999936  0.003112  -0.005003  -0.003166  0.999982  0.999881  0.011148  -0.010707  -0.011105  0.999930  0.004015  0.010751  -0.003896  0.999935  1.000000  0.000186  0.000053  -0.000186  1.000000  0.000049  -0.000053  -0.000049  1.000000  0.999929  0.010833  0.005037  -0.010849  0.999936  0.003112  -0.005003  -0.003166  0.999982  0.000172  0.015956  
168.404724 0.009608  0.103258  -0.003182  0.993251  0.086338  -0.077445  -0.081155  0.994396  0.067748  0.082860  -0.061006  0.994692  0.005386  0.004333  -0.000732  0.182443  0.448196  0.496548  2.000000  0.999919  0.011574  0.005230  -0.011592  0.999927  0.003305  -0.005191  -0.003365  0.999981  0.999884  0.010550  -0.011011  -0.010507  0.999937  0.003972  0.011052  -0.003856  0.999931  1.000000  0.000185  0.000045  -0.000185  1.000000  0.000049  -0.000045  -0.000049  1.000000  0.999919  0.011574  0.005230  -0.011592  0.999927  0.003305  -0.005191  -0.003365  0.999981  0.000172  0.015745  
168.405972 0.009612  0.103264  -0.003182  0.993196  0.086388  -0.078098  -0.081150  0.994385  0.067923  0.083527  -0.061123  0.994629  0.005130  0.004278  -0.000680  0.177529  0.462390  0.483633  2.000000  0.999907  0.012498  0.005441  -0.012518  0.999915  0.003541  -0.005396  -0.003609  0.999979  0.999888  0.009943  -0.011183  -0.009901  0.999944  0.003806  0.011220  -0.003695  0.999930  1.000000  0.000183  0.000037  -0.000183  1.000000  0.000047  -0.000037  -0.000047  1.000000  0.999907  0.012498  0.005441  -0.012518  0.999915  0.003541  -0.005396  -0.003609  0.999979  0.000173  0.015428  
168.406972 0.009614  0.103269  -0.003181  0.993162  0.086412  -0.078495  -0.081147  0.994383  0.067956  0.083927  -0.061121  0.994596  0.004900  0.004317  -0.000583  0.171602  0.467818  0.473319  2.000000  0.999897  0.013220  0.005581  -0.013241  0.999905  0.003729  -0.005531  -0.003802  0.999977  0.999894  0.009330  -0.011220  -0.009288  0.999950  0.003758  0.011254  -0.003654  0.999930  1.000000  0.000180  0.000031  -0.000180  1.000000  0.000046  -0.000031  -0.000046  1.000000  0.999897  0.013220  0.005581  -0.013241  0.999905  0.003729  -0.005531  -0.003802  0.999977  0.000173  0.015056  
168.408222 0.009617  0.103274  -0.003180  0.993117  0.086454  -0.079015  -0.081144  0.994372  0.068120  0.084460  -0.061239  0.994543  0.004527  0.004272  -0.000505  0.170773  0.473082  0.460019  2.000000  0.999884  0.014104  0.005712  -0.014127  0.999892  0.003954  -0.005656  -0.004034  0.999976  0.999902  0.008503  -0.011136  -0.008462  0.999957  0.003694  0.011167  -0.003599  0.999931  1.000000  0.000174  0.000022  -0.000174  1.000000  0.000046  -0.000022  -0.000046  1.000000  0.999884  0.014104  0.005712  -0.014127  0.999892  0.003954  -0.005656  -0.004034  0.999976  0.000172  0.014478  
168.409228 0.009617  0.103278  -0.003179  0.993084  0.086479  -0.079413  -0.081141  0.994370  0.068152  0.084860  -0.061237  0.994509  0.004144  0.004227  -0.000368  0.162597  0.478164  0.443200  2.000000  0.999874  0.014780  0.005783  -0.014804  0.999882  0.004127  -0.005722  -0.004212  0.999975  0.999911  0.007666  -0.010920  -0.007630  0.999965  0.003385  0.010946  -0.003301  0.999935  1.000000  0.000166  0.000014  -0.000166  1.000000  0.000042  -0.000014  -0.000042  1.000000  0.999874  0.014780  0.005783  -0.014804  0.999882  0.004127  -0.005722  -0.004212  0.999975  0.000169  0.013755  
168.410470 0.009618  0.103282  -0.003179  0.993050  0.086503  -0.079811  -0.081138  0.994368  0.068185  0.085260  -0.061235  0.994475  0.003698  0.004188  -0.000296  0.155758  0.479896  0.419361  2.000000  0.999862  0.015575  0.005830  -0.015601  0.999869  0.004325  -0.005762  -0.004415  0.999974  0.999922  0.006617  -0.010583  -0.006585  0.999974  0.003058  0.010603  -0.002989  0.999939  1.000000  0.000156  0.000005  -0.000156  1.000000  0.000038  -0.000005  -0.000038  1.000000  0.999862  0.015575  0.005830  -0.015601  0.999869  0.004325  -0.005762  -0.004415  0.999974  0.000166  0.012843  
168.411471 0.009617  0.103284  -0.003178  0.993015  0.086538  -0.080199  -0.081135  0.994358  0.068338  0.085660  -0.061354  0.994434  0.003379  0.004137  -0.000204  0.154289  0.485547  0.399204  2.000000  0.999852  0.016181  0.005842  -0.016207  0.999859  0.004474  -0.005769  -0.004568  0.999973  0.999928  0.005987  -0.010353  -0.005956  0.999978  0.003007  0.010371  -0.002945  0.999942  1.000000  0.000149  -0.000000  -0.000149  1.000000  0.000037  0.000000  -0.000037  1.000000  0.999852  0.016181  0.005842  -0.016207  0.999859  0.004474  -0.005769  -0.004568  0.999973  0.000162  0.012325  
168.412471 0.009616  0.103287  -0.003178  0.993009  0.086349  -0.080478  -0.080929  0.994374  0.068343  0.085926  -0.061352  0.994411  0.003020  0.004218  -0.000078  0.148220  0.482720  0.371646  2.000000  0.999845  0.016620  0.005834  -0.016647  0.999851  0.004582  -0.005757  -0.004678  0.999972  0.999933  0.005363  -0.010258  -0.005335  0.999982  0.002835  0.010273  -0.002780  0.999943  1.000000  0.000145  -0.000006  -0.000145  1.000000  0.000035  0.000006  -0.000035  1.000000  0.999845  0.016620  0.005834  -0.016647  0.999851  0.004582  -0.005757  -0.004678  0.999972  0.000158  0.011912  
168.413473 0.009615  0.103289  -0.003177  0.992975  0.086374  -0.080876  -0.080926  0.994372  0.068375  0.086326  -0.061350  0.994376  0.002603  0.004219  0.000047  0.142679  0.483883  0.351142  2.000000  0.999836  0.017182  0.005798  -0.017209  0.999841  0.004713  -0.005717  -0.004812  0.999972  0.999939  0.004732  -0.010029  -0.004707  0.999986  0.002541  0.010041  -0.002493  0.999946  1.000000  0.000138  -0.000012  -0.000138  1.000000  0.000031  0.000012  -0.000031  1.000000  0.999836  0.017182  0.005798  -0.017209  0.999841  0.004713  -0.005717  -0.004812  0.999972  0.000155  0.011372  
168.414731 0.009614  0.103294  -0.003176  0.992957  0.086203  -0.081277  -0.080719  0.994380  0.068512  0.086726  -0.061468  0.994334  0.002044  0.004272  0.000247  0.141253  0.480816  0.319046  2.000000  0.999824  0.017854  0.005723  -0.017882  0.999828  0.004863  -0.005635  -0.004965  0.999972  0.999943  0.003905  -0.009946  -0.003882  0.999990  0.002350  0.009955  -0.002312  0.999948  1.000000  0.000132  -0.000020  -0.000132  1.000000  0.000029  0.000020  -0.000029  1.000000  0.999824  0.017854  0.005723  -0.017882  0.999828  0.004863  -0.005635  -0.004965  0.999972  0.000150  0.010937  
168.415972 0.009613  0.103299  -0.003176  0.992910  0.086236  -0.081808  -0.080715  0.994377  0.068555  0.087259  -0.061466  0.994288  0.001568  0.004192  0.000304  0.134622  0.482813  0.296403  2.000000  0.999814  0.018475  0.005601  -0.018504  0.999816  0.004999  -0.005508  -0.005102  0.999972  0.999951  0.002848  -0.009475  -0.002829  0.999994  0.002019  0.009481  -0.001992  0.999953  1.000000  0.000120  -0.000029  -0.000120  1.000000  0.000025  0.000029  -0.000025  1.000000  0.999814  0.018475  0.005601  -0.018504  0.999816  0.004999  -0.005508  -0.005102  0.999972  0.000146  0.010096  
168.416972 0.009612  0.103303  -0.003176  0.992904  0.086048  -0.082087  -0.080509  0.994393  0.068559  0.087526  -0.061464  0.994264  0.001166  0.004115  0.000361  0.127876  0.475738  0.261620  2.000000  0.999806  0.018934  0.005477  -0.018962  0.999807  0.005092  -0.005380  -0.005195  0.999972  0.999956  0.002208  -0.009113  -0.002193  0.999996  0.001723  0.009117  -0.001703  0.999957  1.000000  0.000112  -0.000033  -0.000112  1.000000  0.000021  0.000033  -0.000021  1.000000  0.999806  0.018934  0.005477  -0.018962  0.999807  0.005092  -0.005380  -0.005195  0.999972  0.000141  0.009532  
168.417973 0.009610  0.103307  -0.003176  0.992885  0.085878  -0.082488  -0.080302  0.994401  0.068695  0.087926  -0.061583  0.994222  0.000637  0.003985  0.000404  0.121850  0.473364  0.234354  2.000000  0.999798  0.019368  0.005336  -0.019396  0.999798  0.005176  -0.005235  -0.005279  0.999972  0.999959  0.001783  -0.008871  -0.001768  0.999997  0.001688  0.008874  -0.001672  0.999959  1.000000  0.000107  -0.000036  -0.000107  1.000000  0.000021  0.000036  -0.000021  1.000000  0.999798  0.019368  0.005336  -0.019396  0.999798  0.005176  -0.005235  -0.005279  0.999972  0.000136  0.009203  
168.419227 0.009608  0.103313  -0.003176  0.992862  0.085894  -0.082754  -0.080300  0.994399  0.068717  0.088192  -0.061581  0.994198  0.000120  0.003833  0.000420  0.111910  0.456471  0.200353  2.000000  0.999791  0.019780  0.005181  -0.019807  0.999790  0.005257  -0.005076  -0.005359  0.999973  0.999962  0.001357  -0.008629  -0.001344  0.999998  0.001530  0.008631  -0.001519  0.999962  1.000000  0.000102  -0.000039  -0.000102  1.000000  0.000019  0.000039  -0.000019  1.000000  0.999791  0.019780  0.005181  -0.019807  0.999790  0.005257  -0.005076  -0.005359  0.999973  0.000130  0.008868  
168.420473 0.009606  0.103318  -0.003176  0.992838  0.085911  -0.083019  -0.080298  0.994398  0.068738  0.088459  -0.061580  0.994175  -0.000381  0.003701  0.000359  0.105326  0.445011  0.177693  2.000000  0.999782  0.020263  0.004973  -0.020290  0.999780  0.005346  -0.004864  -0.005446  0.999973  0.999966  0.000718  -0.008267  -0.000707  0.999999  0.001233  0.008268  -0.001227  0.999965  1.000000  0.000094  -0.000044  -0.000094  1.000000  0.000015  0.000044  -0.000015  1.000000  0.999782  0.020263  0.004973  -0.020290  0.999780  0.005346  -0.004864  -0.005446  0.999973  0.000124  0.008389  
168.421726 0.009603  0.103322  -0.003177  0.992831  0.085712  -0.083308  -0.080092  0.994423  0.068622  0.088725  -0.061458  0.994158  -0.000790  0.003605  0.000284  0.087144  0.428354  0.143444  2.000000  0.999774  0.020711  0.004746  -0.020737  0.999770  0.005418  -0.004632  -0.005515  0.999974  0.999969  0.000077  -0.007904  -0.000070  1.000000  0.000936  0.007904  -0.000935  0.999968  1.000000  0.000086  -0.000049  -0.000086  1.000000  0.000012  0.000049  -0.000012  1.000000  0.999774  0.020711  0.004746  -0.020737  0.999770  0.005418  -0.004632  -0.005515  0.999974  0.000116  0.007960  
168.422973 0.009599  0.103326  -0.003178  0.992819  0.085720  -0.083441  -0.080091  0.994422  0.068633  0.088859  -0.061457  0.994146  -0.001196  0.003530  0.000167  0.080849  0.412180  0.114874  2.000000  0.999767  0.021121  0.004505  -0.021145  0.999761  0.005474  -0.004388  -0.005568  0.999975  0.999973  -0.000160  -0.007383  0.000165  1.000000  0.000675  0.007383  -0.000676  0.999973  1.000000  0.000079  -0.000048  -0.000079  1.000000  0.000008  0.000048  -0.000008  1.000000  0.999767  0.021121  0.004505  -0.021145  0.999761  0.005474  -0.004388  -0.005568  0.999975  0.000110  0.007415  
168.424222 0.009595  0.103330  -0.003179  0.992824  0.085514  -0.083598  -0.079885  0.994447  0.068505  0.088992  -0.061336  0.994142  -0.001476  0.003507  0.000037  0.066421  0.391788  0.086075  2.000000  0.999760  0.021488  0.004257  -0.021511  0.999753  0.005515  -0.004137  -0.005605  0.999976  0.999976  -0.000604  -0.006874  0.000606  1.000000  0.000395  0.006874  -0.000399  0.999976  1.000000  0.000071  -0.000050  -0.000071  1.000000  0.000005  0.000050  -0.000005  1.000000  0.999760  0.021488  0.004257  -0.021511  0.999753  0.005515  -0.004137  -0.005605  0.999976  0.000103  0.006912  
168.425225 0.009592  0.103333  -0.003180  0.992812  0.085522  -0.083731  -0.079884  0.994447  0.068516  0.089125  -0.061335  0.994130  -0.001716  0.003520  -0.000054  0.060624  0.380023  0.071091  2.000000  0.999755  0.021753  0.004065  -0.021775  0.999748  0.005535  -0.003944  -0.005623  0.999976  0.999979  -0.000841  -0.006352  0.000843  1.000000  0.000255  0.006352  -0.000260  0.999980  1.000000  0.000064  -0.000049  -0.000064  1.000000  0.000003  0.000049  -0.000003  1.000000  0.999755  0.021753  0.004065  -0.021775  0.999748  0.005535  -0.003944  -0.005623  0.999976  0.000099  0.006413  
168.426475 0.009589  0.103338  -0.003180  0.992788  0.085528  -0.084006  -0.079882  0.994454  0.068417  0.089392  -0.061213  0.994114  -0.001875  0.003653  -0.000125  0.046781  0.363392  0.049537  2.000000  0.999749  0.022054  0.003830  -0.022075  0.999741  0.005554  -0.003706  -0.005637  0.999977  0.999983  -0.000875  -0.005818  0.000875  1.000000  0.000012  0.005818  -0.000017  0.999983  1.000000  0.000058  -0.000046  -0.000058  1.000000  0.000000  0.000046  -0.000000  1.000000  0.999749  0.022054  0.003830  -0.022075  0.999741  0.005554  -0.003706  -0.005637  0.999977  0.000093  0.005883  
168.427722 0.009587  0.103343  -0.003181  0.992776  0.085536  -0.084139  -0.079881  0.994453  0.068427  0.089525  -0.061212  0.994102  -0.001922  0.003712  -0.000271  0.037552  0.341994  0.034574  2.000000  0.999745  0.022282  0.003647  -0.022302  0.999736  0.005558  -0.003522  -0.005638  0.999978  0.999983  -0.000883  -0.005684  0.000883  1.000000  0.000012  0.005684  -0.000017  0.999984  1.000000  0.000056  -0.000045  -0.000056  1.000000  0.000000  0.000045  -0.000000  1.000000  0.999745  0.022282  0.003647  -0.022302  0.999736  0.005558  -0.003522  -0.005638  0.999978  0.000088  0.005753  
168.428729 0.009585  0.103347  -0.003182  0.992780  0.085329  -0.084296  -0.079676  0.994478  0.068300  0.089658  -0.061091  0.994097  -0.001985  0.003801  -0.000394  0.027952  0.328104  0.013116  2.000000  0.999741  0.022492  0.003471  -0.022511  0.999731  0.005561  -0.003345  -0.005638  0.999979  0.999985  -0.001113  -0.005296  0.001112  0.999999  -0.000128  0.005297  0.000122  0.999986  1.000000  0.000050  -0.000045  -0.000050  1.000000  -0.000002  0.000045  0.000002  1.000000  0.999741  0.022492  0.003471  -0.022511  0.999731  0.005561  -0.003345  -0.005638  0.999979  0.000082  0.005413  
168.429977 0.009584  0.103353  -0.003183  0.992780  0.085329  -0.084296  -0.079676  0.994478  0.068300  0.089658  -0.061091  0.994097  -0.001988  0.003863  -0.000490  0.023092  0.308002  0.005115  2.000000  0.999737  0.022686  0.003294  -0.022704  0.999727  0.005553  -0.003167  -0.005626  0.999979  0.999987  -0.001138  -0.004896  0.001137  0.999999  -0.000250  0.004896  0.000244  0.999988  1.000000  0.000000  0.000000  0.000000  1.000000  0.000000  0.000000  0.000000  1.000000  0.999737  0.022686  0.003294  -0.022704  0.999727  0.005553  -0.003167  -0.005626  0.999979  0.000078  0.000000  
168.430978 0.009585  0.103358  -0.003184  0.992769  0.085338  -0.084428  -0.079675  0.994478  0.068311  0.089792  -0.061090  0.994085  -0.001903  0.003940  -0.000557  0.013959  0.298265  -0.009402  2.000000  0.999737  0.022686  0.003294  -0.022704  0.999727  0.005553  -0.003167  -0.005626  0.999979  0.999989  -0.001154  -0.004629  0.001153  0.999999  -0.000250  0.004629  0.000245  0.999989  1.000000  0.000000  0.000000  0.000000  1.000000  0.000000  0.000000  0.000000  1.000000  0.999737  0.022686  0.003294  -0.022704  0.999727  0.005553  -0.003167  -0.005626  0.999979  0.000076  0.000000  
168.432226 0.009585  0.103364  -0.003186  0.992757  0.085335  -0.084571  -0.079674  0.994485  0.068201  0.089925  -0.060969  0.994081  -0.001744  0.004000  -0.000667  0.005148  0.282706  -0.016965  2.000000  0.999737  0.022686  0.003294  -0.022704  0.999727  0.005553  -0.003167  -0.005626  0.999979  0.999990  -0.001171  -0.004361  0.001169  0.999999  -0.000493  0.004362  0.000488  0.999990  1.000000  0.000000  0.000000  0.000000  1.000000  0.000000  0.000000  0.000000  1.000000  0.999737  0.022686  0.003294  -0.022704  0.999727  0.005553  -0.003167  -0.005626  0.999979  0.000072  0.000000  
168.433477 0.009586  0.103371  -0.003188  0.992740  0.085540  -0.084557  -0.079879  0.994468  0.068218  0.089925  -0.060969  0.994081  -0.001546  0.004112  -0.000812  0.001090  0.260286  -0.018301  2.000000  0.999737  0.022686  0.003294  -0.022704  0.999727  0.005553  -0.003167  -0.005626  0.999979  0.999992  -0.000794  -0.003802  0.000793  1.000000  -0.000456  0.003802  0.000453  0.999993  1.000000  0.000000  0.000000  0.000000  1.000000  0.000000  0.000000  0.000000  1.000000  0.999737  0.022686  0.003294  -0.022704  0.999727  0.005553  -0.003167  -0.005626  0.999979  0.000066  0.000000  
168.434728 0.009588  0.103377  -0.003190  0.992740  0.085530  -0.084568  -0.079879  0.994476  0.068098  0.089925  -0.060848  0.994088  -0.001268  0.004160  -0.000929  -0.007667  0.235959  -0.026985  2.000000  0.999737  0.022686  0.003294  -0.022704  0.999727  0.005553  -0.003167  -0.005626  0.999979  0.999994  -0.000819  -0.003401  0.000817  1.000000  -0.000456  0.003402  0.000453  0.999994  1.000000  0.000000  0.000000  0.000000  1.000000  0.000000  0.000000  0.000000  1.000000  0.999737  0.022686  0.003294  -0.022704  0.999727  0.005553  -0.003167  -0.005626  0.999979  0.000061  0.000000  
168.435973 0.009590  0.103383  -0.003193  0.992740  0.085530  -0.084568  -0.079879  0.994476  0.068098  0.089925  -0.060848  0.994088  -0.000978  0.004208  -0.001078  -0.011756  0.218008  -0.028072  2.000000  0.999737  0.022686  0.003294  -0.022704  0.999727  0.005553  -0.003167  -0.005626  0.999979  0.999995  -0.000639  -0.002988  0.000637  1.000000  -0.000680  0.002989  0.000678  0.999995  1.000000  0.000000  0.000000  0.000000  1.000000  0.000000  0.000000  0.000000  1.000000  0.999737  0.022686  0.003294  -0.022704  0.999727  0.005553  -0.003167  -0.005626  0.999979  0.000055  0.000000  
168.437224 0.009593  0.103389  -0.003195  0.992740  0.085520  -0.084578  -0.079879  0.994484  0.067977  0.089925  -0.060728  0.994095  -0.000585  0.004307  -0.001145  -0.015846  0.195549  -0.029457  2.000000  0.999737  0.022686  0.003294  -0.022704  0.999727  0.005553  -0.003167  -0.005626  0.999979  0.999997  -0.000459  -0.002575  0.000457  1.000000  -0.000783  0.002575  0.000782  0.999996  1.000000  0.000000  0.000000  0.000000  1.000000  0.000000  0.000000  0.000000  1.000000  0.999737  0.022686  0.003294  -0.022704  0.999727  0.005553  -0.003167  -0.005626  0.999979  0.000051  0.000000  
168.438224 0.009595  0.103393  -0.003197  0.992740  0.085520  -0.084578  -0.079879  0.994484  0.067977  0.089925  -0.060728  0.994095  -0.000209  0.004378  -0.001267  -0.019931  0.182085  -0.030270  2.000000  0.999737  0.022686  0.003294  -0.022704  0.999727  0.005553  -0.003167  -0.005626  0.999979  0.999998  -0.000484  -0.002174  0.000482  1.000000  -0.000783  0.002175  0.000782  0.999997  1.000000  0.000000  0.000000  0.000000  1.000000  0.000000  0.000000  0.000000  1.000000  0.999737  0.022686  0.003294  -0.022704  0.999727  0.005553  -0.003167  -0.005626  0.999979  0.000048  0.000000  
168.439229 0.009598  0.103397  -0.003200  0.992724  0.085714  -0.084574  -0.080083  0.994475  0.067874  0.089925  -0.060607  0.994103  0.000240  0.004481  -0.001393  0.000000  0.000000  0.000000  2.000000  0.999737  0.022686  0.003294  -0.022704  0.999727  0.005553  -0.003167  -0.005626  0.999979  0.999998  -0.000091  -0.001882  0.000089  1.000000  -0.000989  0.001882  0.000989  0.999998  1.000000  0.000000  0.000000  0.000000  1.000000  0.000000  0.000000  0.000000  1.000000  0.999737  0.022686  0.003294  -0.022704  0.999727  0.005553  -0.003167  -0.005626  0.999979  0.000044  0.000000  
168.440286 0.009601  0.103401  -0.003203  0.992724  0.085714  -0.084574  -0.080083  0.994475  0.067874  0.089925  -0.060607  0.994103  0.000616  0.004482  -0.001558  0.000000  0.000000  0.000000  2.000000  0.999737  0.022686  0.003294  -0.022704  0.999727  0.005553  -0.003167  -0.005626  0.999979  0.999999  -0.000107  -0.001615  0.000105  1.000000  -0.000989  0.001615  0.000989  0.999998  1.000000  0.000000  0.000000  0.000000  1.000000  0.000000  0.000000  0.000000  1.000000  0.999737  0.022686  0.003294  -0.022704  0.999727  0.005553  -0.003167  -0.005626  0.999979  0.000000  0.000000  
168.441473 0.009606  0.103406  -0.003206  0.992724  0.085714  -0.084574  -0.080083  0.994475  0.067874  0.089925  -0.060607  0.994103  0.001108  0.004587  -0.001732  0.000000  0.000000  0.000000  2.000000  0.999737  0.022686  0.003294  -0.022704  0.999727  0.005553  -0.003167  -0.005626  0.999979  0.999999  -0.000123  -0.001348  0.000122  1.000000  -0.000989  0.001348  0.000989  0.999999  1.000000  0.000000  0.000000  0.000000  1.000000  0.000000  0.000000  0.000000  1.000000  0.999737  0.022686  0.003294  -0.022704  0.999727  0.005553  -0.003167  -0.005626  0.999979  0.000000  0.000000  
168.442480 0.009610  0.103411  -0.003209  0.992736  0.085706  -0.084442  -0.080084  0.994475  0.067863  0.089792  -0.060608  0.994115  0.001559  0.004640  -0.001877  0.000000  0.000000  0.000000  2.000000  0.999737  0.022686  0.003294  -0.022704  0.999727  0.005553  -0.003167  -0.005626  0.999979  0.999999  0.000065  -0.001068  -0.000066  1.000000  -0.000849  0.001068  0.000849  0.999999  1.000000  0.000000  0.000000  0.000000  1.000000  0.000000  0.000000  0.000000  1.000000  0.999737  0.022686  0.003294  -0.022704  0.999727  0.005553  -0.003167  -0.005626  0.999979  0.000000  0.000000  
168.443723 0.009615  0.103416  -0.003213  0.992719  0.085911  -0.084428  -0.080288  0.994458  0.067880  0.089792  -0.060608  0.994115  0.002016  0.004591  -0.002050  0.000000  0.000000  0.000000  2.000000  0.999737  0.022686  0.003294  -0.022704  0.999727  0.005553  -0.003167  -0.005626  0.999979  1.000000  0.000262  -0.000922  -0.000262  1.000000  -0.000831  0.000922  0.000831  0.999999  1.000000  0.000000  0.000000  0.000000  1.000000  0.000000  0.000000  0.000000  1.000000  0.999737  0.022686  0.003294  -0.022704  0.999727  0.005553  -0.003167  -0.005626  0.999979  0.000000  0.000000  
168.444727 0.009620  0.103421  -0.003216  0.992719  0.085911  -0.084428  -0.080288  0.994458  0.067880  0.089792  -0.060608  0.994115  0.002454  0.004614  -0.002223  0.000000  0.000000  0.000000  2.000000  0.999737  0.022686  0.003294  -0.022704  0.999727  0.005553  -0.003167  -0.005626  0.999979  1.000000  0.000458  -0.000776  -0.000459  1.000000  -0.000812  0.000776  0.000812  0.999999  1.000000  0.000000  0.000000  0.000000  1.000000  0.000000  0.000000  0.000000  1.000000  0.999737  0.022686  0.003294  -0.022704  0.999727  0.005553  -0.003167  -0.005626  0.999979  0.000000  0.000000  
168.445978 0.009627  0.103428  -0.003219  0.992719  0.085911  -0.084428  -0.080288  0.994458  0.067880  0.089792  -0.060608  0.994115  0.002852  0.004609  -0.002342  0.000000  0.000000  0.000000  2.000000  0.999737  0.022686  0.003294  -0.022704  0.999727  0.005553  -0.003167  -0.005626  0.999979  1.000000  0.000450  -0.000643  -0.000450  1.000000  -0.000691  0.000642  0.000691  1.000000  1.000000  0.000000  0.000000  0.000000  1.000000  0.000000  0.000000  0.000000  1.000000  0.999737  0.022686  0.003294  -0.022704  0.999727  0.005553  -0.003167  -0.005626  0.999979  0.000000  0.000000  
168.447229 0.009635  0.103435  -0.003222  0.992703  0.086116  -0.084414  -0.080493  0.994440  0.067898  0.089792  -0.060608  0.994115  0.003354  0.004657  -0.002390  0.000000  0.000000  0.000000  2.000000  0.999737  0.022686  0.003294  -0.022704  0.999727  0.005553  -0.003167  -0.005626  0.999979  1.000000  0.000442  -0.000509  -0.000442  1.000000  -0.000570  0.000509  0.000570  1.000000  1.000000  0.000000  0.000000  0.000000  1.000000  0.000000  0.000000  0.000000  1.000000  0.999737  0.022686  0.003294  -0.022704  0.999727  0.005553  -0.003167  -0.005626  0.999979  0.000000  0.000000  
