1-Time 2-Px 3-Py 4-Pz 5-R11 6-R21 7-R31 8-R12 9-R22 10-R32 11-R13 12-R23 13-R33 14-Vx 15-Vy 16-Vz 17-Wx 18-Wy 19-Wz 20-state 21-PR11 22-PR21 23-PR31 24-PR12 25-PR22 26-PR32 27-PR13 28-PR23 29-PR33 
127.978049 0.005454  0.092992  -0.009722  0.999091  0.035120  0.024152  -0.028186  0.119334  0.992454  0.031972  -0.992233  0.120216  -0.000234  -0.000238  -0.000149  0.000000  0.000000  0.000000  2.000000  1.000000  0.000000  0.000000  0.000000  -0.000000  1.000000  0.000000  -1.000000  -0.000000  1.000000  0.000340  0.000581  -0.000340  1.000000  0.000020  -0.000581  -0.000020  1.000000  1.000000  0.000000  0.000000  0.000000  1.000000  0.000000  0.000000  0.000000  1.000000  0.716278  0.357012  0.599573  -0.457791  -0.408065  0.789880  0.526661  -0.840253  -0.128851  0.000000  0.000000  
127.979065 0.005453  0.092992  -0.009722  0.999091  0.035120  0.024152  -0.028186  0.119334  0.992454  0.031972  -0.992233  0.120216  -0.000217  -0.000269  -0.000177  0.000000  0.000000  0.000000  2.000000  1.000000  0.000000  0.000000  0.000000  -0.000000  1.000000  0.000000  -1.000000  -0.000000  1.000000  0.000340  0.000581  -0.000340  1.000000  0.000020  -0.000581  -0.000020  1.000000  1.000000  0.000000  0.000000  0.000000  1.000000  0.000000  0.000000  0.000000  1.000000  1.000000  0.000000  0.000000  0.000000  -0.000000  1.000000  0.000000  -1.000000  -0.000000  0.000000  0.000000  
127.980308 0.005454  0.092989  -0.009727  0.999085  0.035147  0.024352  -0.028392  0.119448  0.992434  0.031972  -0.992218  0.120336  -0.000175  -0.000393  -0.000448  0.000000  0.000000  0.000000  2.000000  1.000000  0.000000  0.000000  0.000000  -0.000000  1.000000  0.000000  -1.000000  -0.000000  1.000000  0.000365  0.000785  -0.000365  1.000000  -0.000095  -0.000785  0.000095  1.000000  1.000000  0.000000  0.000000  0.000000  1.000000  0.000000  0.000000  0.000000  1.000000  1.000000  0.000000  0.000000  0.000000  -0.000000  1.000000  0.000000  -1.000000  -0.000000  0.000000  0.000000  
127.981557 0.005453  0.092987  -0.009731  0.999078  0.035067  0.024772  -0.028803  0.119557  0.992409  0.031839  -0.992208  0.120457  -0.000164  -0.000544  -0.000739  0.000000  0.000000  0.000000  2.000000  1.000000  0.000000  0.000000  0.000000  -0.000000  1.000000  0.000000  -1.000000  -0.000000  1.000000  0.000099  0.000817  -0.000099  1.000000  -0.000216  -0.000817  0.000216  1.000000  1.000000  0.000000  0.000000  0.000000  1.000000  0.000000  0.000000  0.000000  1.000000  1.000000  0.000000  0.000000  0.000000  -0.000000  1.000000  0.000000  -1.000000  -0.000000  0.000000  0.000000  
127.982806 0.005454  0.092985  -0.009735  0.999076  0.034962  0.024989  -0.029009  0.119674  0.992389  0.031705  -0.992197  0.120578  -0.000099  -0.000617  -0.000998  0.000000  0.000000  0.000000  2.000000  1.000000  0.000000  0.000000  0.000000  -0.000000  1.000000  0.000000  -1.000000  -0.000000  0.999999  -0.000009  0.001037  0.000009  1.000000  -0.000331  -0.001037  0.000331  0.999999  1.000000  0.000000  0.000000  0.000000  1.000000  0.000000  0.000000  0.000000  1.000000  1.000000  0.000000  0.000000  0.000000  -0.000000  1.000000  0.000000  -1.000000  -0.000000  0.000000  0.000000  
127.984051 0.005455  0.092984  -0.009739  0.999080  0.034835  0.024996  -0.029009  0.119919  0.992360  0.031571  -0.992172  0.120819  -0.000034  -0.000679  -0.001239  0.000000  0.000000  0.000000  2.000000  1.000000  0.000000  0.000000  0.000000  -0.000000  1.000000  0.000000  -1.000000  -0.000000  0.999999  -0.000117  0.001258  0.000117  1.000000  -0.000446  -0.001258  0.000446  0.999999  1.000000  0.000000  0.000000  0.000000  1.000000  0.000000  0.000000  0.000000  1.000000  1.000000  0.000000  0.000000  0.000000  -0.000000  1.000000  0.000000  -1.000000  -0.000000  0.000000  0.000000  
127.985055 0.005456  0.092984  -0.009742  0.999079  0.034730  0.025212  -0.029215  0.120036  0.992340  0.031438  -0.992162  0.120940  0.000109  -0.000678  -0.001423  0.000000  0.000000  0.000000  2.000000  1.000000  0.000000  0.000000  0.000000  -0.000000  1.000000  0.000000  -1.000000  -0.000000  0.999999  -0.000224  0.001478  0.000225  1.000000  -0.000682  -0.001478  0.000682  0.999999  1.000000  0.000000  0.000000  0.000000  1.000000  0.000000  0.000000  0.000000  1.000000  1.000000  0.000000  0.000000  0.000000  -0.000000  1.000000  0.000000  -1.000000  -0.000000  0.000000  0.000000  
127.986062 0.005458  0.092983  -0.009746  0.999073  0.034758  0.025413  -0.029421  0.120149  0.992320  0.031438  -0.992147  0.121060  0.000235  -0.000695  -0.001641  0.000000  0.000000  0.000000  2.000000  1.000000  0.000000  0.000000  0.000000  -0.000000  1.000000  0.000000  -1.000000  -0.000000  0.999999  -0.000199  0.001683  0.000200  1.000000  -0.000797  -0.001682  0.000797  0.999998  1.000000  0.000000  0.000000  0.000000  1.000000  0.000000  0.000000  0.000000  1.000000  1.000000  0.000000  0.000000  0.000000  -0.000000  1.000000  0.000000  -1.000000  -0.000000  0.000000  0.000000  
127.987304 0.005459  0.092982  -0.009749  0.999062  0.034921  0.025592  -0.029626  0.120379  0.992286  0.031571  -0.992114  0.121301  0.000352  -0.000768  -0.001908  0.000000  0.000000  0.000000  2.000000  1.000000  0.000000  0.000000  0.000000  -0.000000  1.000000  0.000000  -1.000000  -0.000000  0.999998  -0.000041  0.001871  0.000043  0.999999  -0.001033  -0.001871  0.001033  0.999998  1.000000  0.000000  0.000000  0.000000  1.000000  0.000000  0.000000  0.000000  1.000000  1.000000  0.000000  0.000000  0.000000  -0.000000  1.000000  0.000000  -1.000000  -0.000000  0.000000  0.000000  
127.988305 0.005460  0.092982  -0.009754  0.999060  0.034820  0.025804  -0.029832  0.120616  0.992251  0.031438  -0.992088  0.121542  0.000450  -0.000793  -0.002193  0.000000  0.000000  0.000000  2.000000  1.000000  0.000000  0.000000  0.000000  -0.000000  1.000000  0.000000  -1.000000  -0.000000  0.999998  -0.000015  0.002075  0.000018  0.999999  -0.001269  -0.002075  0.001269  0.999997  1.000000  0.000000  0.000000  0.000000  1.000000  0.000000  0.000000  0.000000  1.000000  1.000000  0.000000  0.000000  0.000000  -0.000000  1.000000  0.000000  -1.000000  -0.000000  0.000000  0.000000  
127.989554 0.005461  0.092980  -0.009759  0.999054  0.034854  0.025996  -0.030038  0.120970  0.992202  0.031438  -0.992044  0.121903  0.000509  -0.000899  -0.002545  0.000000  0.000000  0.000000  2.000000  1.000000  0.000000  0.000000  0.000000  -0.000000  1.000000  0.000000  -1.000000  -0.000000  0.999998  -0.000148  0.002091  0.000151  0.999999  -0.001512  -0.002091  0.001512  0.999997  1.000000  0.000000  0.000000  0.000000  1.000000  0.000000  0.000000  0.000000  1.000000  1.000000  0.000000  0.000000  0.000000  -0.000000  1.000000  0.000000  -1.000000  -0.000000  0.000000  0.000000  
127.990554 0.005463  0.092979  -0.009764  0.999052  0.034753  0.026208  -0.030244  0.121208  0.992166  0.031304  -0.992019  0.122144  0.000580  -0.000930  -0.002895  0.000000  0.000000  0.000000  2.000000  1.000000  0.000000  0.000000  0.000000  -0.000000  1.000000  0.000000  -1.000000  -0.000000  0.999997  -0.000388  0.002328  0.000392  0.999998  -0.001747  -0.002327  0.001748  0.999996  1.000000  0.000000  0.000000  0.000000  1.000000  0.000000  0.000000  0.000000  1.000000  1.000000  0.000000  0.000000  0.000000  -0.000000  1.000000  0.000000  -1.000000  -0.000000  0.000000  0.000000  
127.991556 0.005464  0.092977  -0.009770  0.999050  0.034651  0.026420  -0.030449  0.121445  0.992131  0.031170  -0.991993  0.122385  0.000703  -0.001039  -0.003289  0.000000  0.000000  0.000000  2.000000  1.000000  0.000000  0.000000  0.000000  -0.000000  1.000000  0.000000  -1.000000  -0.000000  0.999997  -0.000495  0.002549  0.000500  0.999998  -0.002105  -0.002548  0.002106  0.999995  1.000000  0.000000  0.000000  0.000000  1.000000  0.000000  0.000000  0.000000  1.000000  1.000000  0.000000  0.000000  0.000000  -0.000000  1.000000  0.000000  -1.000000  -0.000000  0.000000  0.000000  
127.992804 0.005465  0.092975  -0.009778  0.999038  0.034714  0.026812  -0.030861  0.121912  0.992061  0.031170  -0.991934  0.122866  0.000788  -0.001209  -0.003794  0.000000  0.000000  0.000000  2.000000  1.000000  0.000000  0.000000  0.000000  -0.000000  1.000000  0.000000  -1.000000  -0.000000  0.999996  -0.000443  0.002958  0.000450  0.999997  -0.002456  -0.002956  0.002457  0.999993  1.000000  0.000000  0.000000  0.000000  1.000000  0.000000  0.000000  0.000000  1.000000  1.000000  0.000000  0.000000  0.000000  -0.000000  1.000000  0.000000  -1.000000  -0.000000  0.000000  0.000000  
127.993808 0.005466  0.092972  -0.009785  0.999035  0.034617  0.027020  -0.031067  0.122270  0.992011  0.031036  -0.991893  0.123228  0.000832  -0.001326  -0.004250  0.000000  0.000000  0.000000  2.000000  1.000000  0.000000  0.000000  0.000000  -0.000000  1.000000  0.000000  -1.000000  -0.000000  0.999995  -0.000549  0.003178  0.000558  0.999996  -0.002813  -0.003177  0.002815  0.999991  1.000000  0.000000  0.000000  0.000000  1.000000  0.000000  0.000000  0.000000  1.000000  1.000000  0.000000  0.000000  0.000000  -0.000000  1.000000  0.000000  -1.000000  -0.000000  0.000000  0.000000  
127.994809 0.005466  0.092970  -0.009792  0.999029  0.034652  0.027211  -0.031272  0.122624  0.991960  0.031036  -0.991848  0.123589  0.000905  -0.001344  -0.004461  0.000000  0.000000  0.000000  2.000000  1.000000  0.000000  0.000000  0.000000  -0.000000  1.000000  0.000000  -1.000000  -0.000000  0.999994  -0.000523  0.003383  0.000534  0.999995  -0.003170  -0.003381  0.003172  0.999989  1.000000  0.000000  0.000000  0.000000  1.000000  0.000000  0.000000  0.000000  1.000000  1.000000  0.000000  0.000000  0.000000  -0.000000  1.000000  0.000000  -1.000000  -0.000000  0.000000  0.000000  
127.996113 0.005467  0.092967  -0.009800  0.999027  0.034558  0.027415  -0.031478  0.123102  0.991895  0.030903  -0.991792  0.124070  0.000936  -0.001361  -0.004688  0.000000  0.000000  0.000000  2.000000  1.000000  0.000000  0.000000  0.000000  -0.000000  1.000000  0.000000  -1.000000  -0.000000  0.999993  -0.000496  0.003587  0.000509  0.999993  -0.003649  -0.003585  0.003651  0.999987  1.000000  0.000000  0.000000  0.000000  1.000000  0.000000  0.000000  0.000000  1.000000  1.000000  0.000000  0.000000  0.000000  -0.000000  1.000000  0.000000  -1.000000  -0.000000  0.000000  0.000000  
127.997304 0.005468  0.092965  -0.009808  0.999014  0.034622  0.027807  -0.031889  0.123569  0.991823  0.030903  -0.991732  0.124552  0.000995  -0.001374  -0.004974  0.000000  0.000000  0.000000  2.000000  1.000000  0.000000  0.000000  0.000000  -0.000000  1.000000  0.000000  -1.000000  -0.000000  0.999993  -0.000626  0.003604  0.000642  0.999991  -0.004255  -0.003601  0.004258  0.999984  1.000000  0.000000  0.000000  0.000000  1.000000  0.000000  0.000000  0.000000  1.000000  1.000000  0.000000  0.000000  0.000000  -0.000000  1.000000  0.000000  -1.000000  -0.000000  0.000000  0.000000  
127.998305 0.005469  0.092963  -0.009815  0.999007  0.034661  0.027994  -0.032095  0.124044  0.991758  0.030903  -0.991671  0.125033  0.000986  -0.001419  -0.005198  0.000000  0.000000  0.000000  2.000000  1.000000  0.000000  0.000000  0.000000  -0.000000  1.000000  0.000000  -1.000000  -0.000000  0.999992  -0.000574  0.004013  0.000592  0.999989  -0.004606  -0.004010  0.004609  0.999981  1.000000  0.000000  0.000000  0.000000  1.000000  0.000000  0.000000  0.000000  1.000000  1.000000  0.000000  0.000000  0.000000  -0.000000  1.000000  0.000000  -1.000000  -0.000000  0.000000  0.000000  
127.999558 0.005470  0.092961  -0.009825  0.998998  0.034596  0.028399  -0.032506  0.124635  0.991670  0.030769  -0.991599  0.125635  0.001000  -0.001525  -0.005639  -0.178634  -0.155933  -0.021448  2.000000  1.000000  -0.000017  0.000108  -0.000108  0.000129  1.000000  -0.000017  -1.000000  0.000129  0.999990  -0.000652  0.004438  0.000675  0.999986  -0.005200  -0.004435  0.005203  0.999977  1.000000  -0.000008  0.000055  0.000008  1.000000  -0.000065  -0.000055  0.000065  1.000000  1.000000  -0.000017  0.000108  -0.000108  0.000129  1.000000  -0.000017  -1.000000  0.000129  0.000059  0.006869  
128.000808 0.005472  0.092959  -0.009836  0.998984  0.034665  0.028786  -0.032918  0.125222  0.991582  0.030769  -0.991523  0.126236  0.000956  -0.001625  -0.006166  -0.198659  -0.169731  -0.019703  2.000000  1.000000  -0.000058  0.000388  -0.000388  0.000473  1.000000  -0.000058  -1.000000  0.000473  0.999990  -0.000650  0.004439  0.000675  0.999984  -0.005685  -0.004435  0.005688  0.999974  1.000000  -0.000008  0.000055  0.000008  1.000000  -0.000071  -0.000055  0.000071  1.000000  1.000000  -0.000058  0.000388  -0.000388  0.000473  1.000000  -0.000058  -1.000000  0.000473  0.000064  0.007243  
128.002054 0.005473  0.092958  -0.009849  0.998978  0.034709  0.028969  -0.033123  0.125816  0.991500  0.030769  -0.991446  0.126837  0.000912  -0.001677  -0.006655  -0.218771  -0.176554  -0.018792  2.000000  1.000000  -0.000088  0.000618  -0.000617  0.000777  1.000000  -0.000089  -1.000000  0.000777  0.999989  -0.000488  0.004626  0.000517  0.999980  -0.006286  -0.004623  0.006288  0.999970  1.000000  -0.000006  0.000058  0.000006  1.000000  -0.000079  -0.000058  0.000079  1.000000  1.000000  -0.000088  0.000618  -0.000617  0.000777  1.000000  -0.000089  -1.000000  0.000777  0.000070  0.007821  
128.003306 0.005473  0.092955  -0.009862  0.998975  0.034623  0.029165  -0.033329  0.126535  0.991402  0.030635  -0.991358  0.127559  0.000822  -0.001780  -0.007293  -0.243003  -0.183965  -0.022331  2.000000  1.000000  -0.000122  0.000902  -0.000902  0.001184  0.999999  -0.000123  -0.999999  0.001184  0.999989  -0.000485  0.004626  0.000516  0.999978  -0.006650  -0.004623  0.006653  0.999967  1.000000  -0.000006  0.000058  0.000006  1.000000  -0.000083  -0.000058  0.000083  1.000000  1.000000  -0.000122  0.000902  -0.000902  0.001184  0.999999  -0.000123  -0.999999  0.001184  0.000075  0.008117  
128.004550 0.005474  0.092952  -0.009876  0.998961  0.034693  0.029552  -0.033741  0.127122  0.991313  0.030635  -0.991280  0.128161  0.000844  -0.001833  -0.007809  -0.263008  -0.197738  -0.020561  2.000000  0.999999  -0.000147  0.001193  -0.001193  0.001625  0.999998  -0.000149  -0.999999  0.001625  0.999988  -0.000323  0.004814  0.000358  0.999974  -0.007251  -0.004811  0.007253  0.999962  1.000000  -0.000004  0.000060  0.000004  1.000000  -0.000091  -0.000060  0.000091  1.000000  0.999999  -0.000147  0.001193  -0.001193  0.001625  0.999998  -0.000149  -0.999999  0.001625  0.000082  0.008710  
128.005554 0.005474  0.092950  -0.009888  0.998943  0.034893  0.029926  -0.034152  0.127584  0.991240  0.030769  -0.991214  0.128641  0.000782  -0.001920  -0.008264  -0.278826  -0.210875  -0.014327  2.000000  0.999999  -0.000157  0.001433  -0.001432  0.001999  0.999997  -0.000160  -0.999998  0.001998  0.999989  -0.000055  0.004779  0.000092  0.999971  -0.007615  -0.004779  0.007616  0.999960  1.000000  -0.000001  0.000060  0.000001  1.000000  -0.000095  -0.000060  0.000095  1.000000  0.999999  -0.000157  0.001433  -0.001432  0.001999  0.999997  -0.000160  -0.999998  0.001998  0.000086  0.008991  
128.006806 0.005474  0.092946  -0.009901  0.998936  0.034937  0.030109  -0.034357  0.128178  0.991156  0.030769  -0.991136  0.129242  0.000657  -0.002033  -0.008664  -0.299246  -0.210907  -0.014265  2.000000  0.999998  -0.000159  0.001742  -0.001741  0.002485  0.999995  -0.000164  -0.999997  0.002485  0.999988  -0.000026  0.004984  0.000066  0.999968  -0.007973  -0.004983  0.007973  0.999956  1.000000  -0.000001  0.000062  0.000001  1.000000  -0.000100  -0.000062  0.000100  1.000000  0.999998  -0.000159  0.001742  -0.001741  0.002485  0.999995  -0.000164  -0.999997  0.002485  0.000091  0.009403  
128.007807 0.005474  0.092943  -0.009912  0.998929  0.034978  0.030296  -0.034563  0.128652  0.991087  0.030769  -0.991073  0.129723  0.000573  -0.002085  -0.008981  -0.315284  -0.217736  -0.013347  2.000000  0.999998  -0.000166  0.001991  -0.001991  0.002890  0.999994  -0.000172  -0.999996  0.002889  0.999987  -0.000156  0.005001  0.000197  0.999966  -0.008215  -0.004999  0.008216  0.999954  1.000000  -0.000002  0.000063  0.000002  1.000000  -0.000103  -0.000063  0.000103  1.000000  0.999998  -0.000166  0.001991  -0.001991  0.002890  0.999994  -0.000172  -0.999996  0.002889  0.000095  0.009619  
128.009054 0.005473  0.092938  -0.009924  0.998910  0.035186  0.030661  -0.034974  0.129354  0.990981  0.030903  -0.990974  0.130444  0.000471  -0.002257  -0.009162  -0.336683  -0.229123  -0.007018  2.000000  0.999997  -0.000174  0.002304  -0.002303  0.003421  0.999991  -0.000182  -0.999994  0.003421  0.999988  -0.000020  0.004984  0.000063  0.999962  -0.008701  -0.004983  0.008701  0.999950  1.000000  -0.000001  0.000062  0.000001  1.000000  -0.000109  -0.000062  0.000109  1.000000  0.999997  -0.000174  0.002304  -0.002303  0.003421  0.999991  -0.000182  -0.999994  0.003421  0.000101  0.010027  
128.010058 0.005472  0.092934  -0.009935  0.998903  0.035231  0.030844  -0.035180  0.129948  0.990897  0.030903  -0.990895  0.131045  0.000371  -0.002382  -0.009445  -0.355686  -0.230959  -0.006990  2.000000  0.999997  -0.000169  0.002495  -0.002495  0.003755  0.999990  -0.000178  -0.999993  0.003755  0.999987  0.000143  0.005170  -0.000096  0.999959  -0.009058  -0.005171  0.009058  0.999946  1.000000  0.000001  0.000065  -0.000001  1.000000  -0.000113  -0.000065  0.000113  1.000000  0.999997  -0.000169  0.002495  -0.002495  0.003755  0.999990  -0.000178  -0.999993  0.003755  0.000105  0.010431  
128.011307 0.005472  0.092929  -0.009948  0.998889  0.035308  0.031226  -0.035591  0.130655  0.990789  0.030903  -0.990799  0.131766  0.000334  -0.002520  -0.009822  -0.376085  -0.230393  -0.002431  2.000000  0.999996  -0.000160  0.002756  -0.002756  0.004223  0.999987  -0.000171  -0.999991  0.004222  0.999987  0.000279  0.005152  -0.000230  0.999954  -0.009544  -0.005155  0.009543  0.999941  1.000000  0.000003  0.000064  -0.000003  1.000000  -0.000119  -0.000064  0.000119  1.000000  0.999996  -0.000160  0.002756  -0.002756  0.004223  0.999987  -0.000171  -0.999991  0.004222  0.000109  0.010849  
128.012307 0.005472  0.092926  -0.009958  0.998881  0.035354  0.031409  -0.035797  0.131248  0.990703  0.030903  -0.990719  0.132367  0.000263  -0.002617  -0.010077  -0.392129  -0.236649  0.002989  2.000000  0.999995  -0.000145  0.003019  -0.003018  0.004711  0.999984  -0.000159  -0.999989  0.004710  0.999987  0.000282  0.005152  -0.000231  0.999951  -0.009908  -0.005155  0.009907  0.999938  1.000000  0.000003  0.000064  -0.000003  1.000000  -0.000124  -0.000064  0.000124  1.000000  0.999995  -0.000145  0.003019  -0.003018  0.004711  0.999984  -0.000159  -0.999989  0.004710  0.000113  0.011171  
128.013560 0.005472  0.092921  -0.009973  0.998870  0.035536  0.031569  -0.036002  0.131957  0.990601  0.031036  -0.990618  0.133087  0.000163  -0.002800  -0.010445  -0.412532  -0.235518  0.012011  2.000000  0.999994  -0.000114  0.003350  -0.003349  0.005338  0.999980  -0.000132  -0.999986  0.005338  0.999986  0.000579  0.005320  -0.000524  0.999947  -0.010266  -0.005326  0.010263  0.999933  1.000000  0.000007  0.000067  -0.000007  1.000000  -0.000128  -0.000067  0.000128  1.000000  0.999994  -0.000114  0.003350  -0.003349  0.005338  0.999980  -0.000132  -0.999986  0.005338  0.000117  0.011576  
128.014807 0.005472  0.092916  -0.009989  0.998855  0.035614  0.031951  -0.036414  0.132663  0.990492  0.031036  -0.990521  0.133808  0.000069  -0.002973  -0.010767  -0.428661  -0.241812  0.017467  2.000000  0.999993  -0.000073  0.003674  -0.003674  0.005983  0.999975  -0.000095  -0.999982  0.005983  0.999986  0.000715  0.005302  -0.000660  0.999946  -0.010388  -0.005309  0.010385  0.999932  1.000000  0.000009  0.000066  -0.000009  1.000000  -0.000130  -0.000066  0.000130  1.000000  0.999993  -0.000073  0.003674  -0.003674  0.005983  0.999975  -0.000095  -0.999982  0.005983  0.000122  0.011684  
128.016053 0.005470  0.092911  -0.010006  0.998840  0.035692  0.032333  -0.036825  0.133369  0.990382  0.031036  -0.990423  0.134529  -0.000110  -0.003224  -0.011204  -0.445252  -0.246682  0.018307  2.000000  0.999992  -0.000028  0.004003  -0.004003  0.006641  0.999970  -0.000054  -0.999978  0.006641  0.999986  0.000719  0.005302  -0.000663  0.999943  -0.010631  -0.005309  0.010627  0.999929  1.000000  0.000009  0.000066  -0.000009  1.000000  -0.000133  -0.000066  0.000133  1.000000  0.999992  -0.000028  0.004003  -0.004003  0.006641  0.999970  -0.000054  -0.999978  0.006641  0.000127  0.011900  
128.017055 0.005470  0.092908  -0.010020  0.998832  0.035739  0.032515  -0.037030  0.133963  0.990294  0.031036  -0.990342  0.135130  -0.000228  -0.003367  -0.011406  -0.461058  -0.249241  0.014100  2.000000  0.999991  0.000001  0.004208  -0.004207  0.007047  0.999966  -0.000029  -0.999975  0.007047  0.999985  0.000750  0.005505  -0.000689  0.999939  -0.010988  -0.005513  0.010985  0.999924  1.000000  0.000009  0.000069  -0.000009  1.000000  -0.000137  -0.000069  0.000137  1.000000  0.999991  0.000001  0.004208  -0.004207  0.007047  0.999966  -0.000029  -0.999975  0.007047  0.000130  0.012312  
128.018313 0.005469  0.092903  -0.010036  0.998813  0.035950  0.032879  -0.037442  0.134664  0.990184  0.031170  -0.990239  0.135850  -0.000327  -0.003480  -0.011554  -0.472942  -0.254863  0.024040  2.000000  0.999990  0.000062  0.004550  -0.004550  0.007734  0.999960  0.000027  -0.999970  0.007734  0.999985  0.001019  0.005468  -0.000958  0.999938  -0.011110  -0.005479  0.011105  0.999923  1.000000  0.000012  0.000068  -0.000012  1.000000  -0.000139  -0.000068  0.000139  1.000000  0.999990  0.000062  0.004550  -0.004550  0.007734  0.999960  0.000027  -0.999970  0.007734  0.000135  0.012423  
128.019553 0.005467  0.092898  -0.010051  0.998793  0.036163  0.033242  -0.037853  0.135364  0.990073  0.031304  -0.990136  0.136570  -0.000443  -0.003614  -0.011632  -0.485095  -0.259034  0.029280  2.000000  0.999988  0.000129  0.004892  -0.004893  0.008432  0.999952  0.000088  -0.999964  0.008433  0.999984  0.001156  0.005449  -0.001094  0.999936  -0.011232  -0.005462  0.011226  0.999922  1.000000  0.000014  0.000068  -0.000014  1.000000  -0.000140  -0.000068  0.000140  1.000000  0.999988  0.000129  0.004892  -0.004893  0.008432  0.999952  0.000088  -0.999964  0.008433  0.000137  0.012535  
128.020805 0.005466  0.092893  -0.010067  0.998781  0.036347  0.033401  -0.038058  0.136072  0.989968  0.031438  -0.990032  0.137290  -0.000584  -0.003737  -0.011801  -0.501553  -0.253135  0.037684  2.000000  0.999986  0.000209  0.005229  -0.005231  0.009137  0.999945  0.000161  -0.999958  0.009138  0.999984  0.001292  0.005430  -0.001230  0.999935  -0.011354  -0.005444  0.011347  0.999921  1.000000  0.000016  0.000068  -0.000016  1.000000  -0.000142  -0.000068  0.000142  1.000000  0.999986  0.000209  0.005229  -0.005231  0.009137  0.999945  0.000161  -0.999958  0.009138  0.000140  0.012649  
128.021805 0.005464  0.092888  -0.010080  0.998765  0.036424  0.033787  -0.038469  0.136658  0.989871  0.031438  -0.989948  0.137890  -0.000704  -0.003899  -0.011958  -0.509589  -0.259430  0.043174  2.000000  0.999985  0.000281  0.005495  -0.005497  0.009708  0.999938  0.000228  -0.999953  0.009710  0.999985  0.001400  0.005207  -0.001340  0.999933  -0.011481  -0.005223  0.011474  0.999921  1.000000  0.000017  0.000065  -0.000017  1.000000  -0.000143  -0.000065  0.000143  1.000000  0.999985  0.000281  0.005495  -0.005497  0.009708  0.999938  0.000228  -0.999953  0.009710  0.000143  0.012681  
128.023054 0.005460  0.092880  -0.010097  0.998757  0.036481  0.033959  -0.038675  0.137491  0.989748  0.031438  -0.989831  0.138731  -0.000903  -0.004146  -0.012216  -0.526293  -0.252035  0.046899  2.000000  0.999983  0.000373  0.005831  -0.005834  0.010425  0.999929  0.000312  -0.999946  0.010427  0.999984  0.001433  0.005409  -0.001370  0.999932  -0.011596  -0.005426  0.011589  0.999918  1.000000  0.000018  0.000068  -0.000018  1.000000  -0.000145  -0.000068  0.000145  1.000000  0.999983  0.000373  0.005831  -0.005834  0.010425  0.999929  0.000312  -0.999946  0.010427  0.000147  0.012873  
128.024304 0.005457  0.092872  -0.010115  0.998737  0.036699  0.034317  -0.039086  0.138311  0.989617  0.031571  -0.989709  0.139571  -0.001072  -0.004341  -0.012599  -0.533686  -0.256059  0.051988  2.000000  0.999981  0.000475  0.006170  -0.006175  0.011150  0.999919  0.000406  -0.999938  0.011153  0.999984  0.001701  0.005371  -0.001639  0.999931  -0.011597  -0.005391  0.011588  0.999918  1.000000  0.000021  0.000067  -0.000021  1.000000  -0.000145  -0.000067  0.000145  1.000000  0.999981  0.000475  0.006170  -0.006175  0.011150  0.999919  0.000406  -0.999938  0.011153  0.000148  0.012890  
128.025304 0.005454  0.092865  -0.010129  0.998721  0.036777  0.034702  -0.039497  0.138896  0.989519  0.031571  -0.989624  0.140171  -0.001259  -0.004507  -0.012832  -0.541512  -0.262811  0.053014  2.000000  0.999980  0.000541  0.006377  -0.006383  0.011594  0.999912  0.000467  -0.999933  0.011597  0.999983  0.001734  0.005574  -0.001667  0.999927  -0.011955  -0.005594  0.011945  0.999913  1.000000  0.000021  0.000070  -0.000021  1.000000  -0.000149  -0.000070  0.000149  1.000000  0.999980  0.000541  0.006377  -0.006383  0.011594  0.999912  0.000467  -0.999933  0.011597  0.000152  0.013300  
128.026352 0.005451  0.092859  -0.010144  0.998704  0.036855  0.035087  -0.039908  0.139481  0.989420  0.031571  -0.989539  0.140771  -0.001422  -0.004693  -0.013071  -0.549502  -0.271033  0.058932  2.000000  0.999978  0.000627  0.006656  -0.006663  0.012193  0.999903  0.000546  -0.999925  0.012197  0.999983  0.001605  0.005591  -0.001537  0.999926  -0.012075  -0.005610  0.012067  0.999911  1.000000  0.000020  0.000070  -0.000020  1.000000  -0.000151  -0.000070  0.000151  1.000000  0.999978  0.000627  0.006656  -0.006663  0.012193  0.999903  0.000546  -0.999925  0.012197  0.000154  0.013400  
128.027557 0.005447  0.092850  -0.010162  0.998688  0.036943  0.035463  -0.040320  0.140306  0.989287  0.031571  -0.989419  0.141611  -0.001677  -0.005014  -0.013444  -0.561330  -0.275759  0.059566  2.000000  0.999976  0.000711  0.006943  -0.006952  0.012807  0.999894  0.000622  -0.999918  0.012811  0.999982  0.001639  0.005794  -0.001567  0.999921  -0.012433  -0.005814  0.012424  0.999906  1.000000  0.000020  0.000073  -0.000020  1.000000  -0.000155  -0.000073  0.000155  1.000000  0.999976  0.000711  0.006943  -0.006952  0.012807  0.999894  0.000622  -0.999918  0.012811  0.000157  0.013810  
128.028558 0.005444  0.092844  -0.010177  0.998667  0.037155  0.035829  -0.040731  0.140885  0.989188  0.031705  -0.989329  0.142211  -0.001833  -0.005161  -0.013559  -0.565941  -0.277395  0.064682  2.000000  0.999974  0.000801  0.007235  -0.007245  0.013430  0.999884  0.000703  -0.999909  0.013436  0.999982  0.001775  0.005774  -0.001702  0.999920  -0.012554  -0.005796  0.012544  0.999905  1.000000  0.000022  0.000072  -0.000022  1.000000  -0.000157  -0.000072  0.000157  1.000000  0.999974  0.000801  0.007235  -0.007245  0.013430  0.999884  0.000703  -0.999909  0.013436  0.000158  0.013928  
128.029809 0.005441  0.092835  -0.010195  0.998646  0.037376  0.036186  -0.041142  0.141704  0.989054  0.031839  -0.989203  0.143050  -0.002063  -0.005414  -0.013689  -0.573211  -0.280673  0.074097  2.000000  0.999971  0.000922  0.007608  -0.007620  0.014218  0.999870  0.000814  -0.999898  0.014225  0.999980  0.001942  0.005957  -0.001866  0.999918  -0.012669  -0.005981  0.012658  0.999902  1.000000  0.000024  0.000075  -0.000024  1.000000  -0.000158  -0.000075  0.000158  1.000000  0.999971  0.000922  0.007608  -0.007620  0.014218  0.999870  0.000814  -0.999898  0.014225  0.000160  0.014129  
128.031057 0.005437  0.092828  -0.010212  0.998625  0.037593  0.036547  -0.041553  0.142403  0.988936  0.031972  -0.989095  0.143769  -0.002248  -0.005580  -0.013741  -0.578116  -0.282421  0.079396  2.000000  0.999968  0.001046  0.007983  -0.007998  0.015004  0.999855  0.000926  -0.999887  0.015012  0.999980  0.001946  0.005955  -0.001871  0.999920  -0.012547  -0.005979  0.012536  0.999904  1.000000  0.000024  0.000075  -0.000024  1.000000  -0.000157  -0.000075  0.000157  1.000000  0.999968  0.001046  0.007983  -0.007998  0.015004  0.999855  0.000926  -0.999887  0.015012  0.000161  0.014020  
128.032308 0.005434  0.092820  -0.010228  0.998603  0.037815  0.036902  -0.041964  0.143222  0.988801  0.032106  -0.988968  0.144608  -0.002431  -0.005791  -0.013693  -0.585855  -0.287896  0.089425  2.000000  0.999964  0.001179  0.008354  -0.008372  0.015780  0.999840  0.001047  -0.999875  0.015790  0.999980  0.002083  0.005935  -0.002009  0.999921  -0.012426  -0.005960  0.012414  0.999905  1.000000  0.000026  0.000074  -0.000026  1.000000  -0.000155  -0.000074  0.000155  1.000000  0.999964  0.001179  0.008354  -0.008372  0.015780  0.999840  0.001047  -0.999875  0.015790  0.000163  0.013922  
128.033309 0.005431  0.092814  -0.010242  0.998581  0.038029  0.037267  -0.042375  0.143800  0.988699  0.032240  -0.988876  0.145207  -0.002540  -0.005944  -0.013733  -0.585855  -0.287237  0.094057  2.000000  0.999962  0.001264  0.008586  -0.008605  0.016251  0.999831  0.001124  -0.999867  0.016261  0.999979  0.002249  0.006117  -0.002172  0.999917  -0.012662  -0.006145  0.012649  0.999901  1.000000  0.000028  0.000077  -0.000028  1.000000  -0.000158  -0.000077  0.000158  1.000000  0.999962  0.001264  0.008586  -0.008605  0.016251  0.999831  0.001124  -0.999867  0.016261  0.000165  0.014236  
128.034312 0.005427  0.092807  -0.010256  0.998568  0.038213  0.037428  -0.042580  0.144386  0.988605  0.032374  -0.988783  0.145807  -0.002716  -0.006210  -0.013900  -0.589732  -0.286481  0.098638  2.000000  0.999959  0.001378  0.008902  -0.008924  0.016883  0.999818  0.001228  -0.999857  0.016894  0.999978  0.002150  0.006339  -0.002070  0.999918  -0.012655  -0.006366  0.012642  0.999900  1.000000  0.000026  0.000079  -0.000026  1.000000  -0.000158  -0.000079  0.000158  1.000000  0.999959  0.001378  0.008902  -0.008924  0.016883  0.999818  0.001228  -0.999857  0.016894  0.000166  0.014311  
128.035554 0.005422  0.092797  -0.010275  0.998542  0.038330  0.038011  -0.043197  0.145082  0.988476  0.032374  -0.988677  0.146526  -0.003002  -0.006556  -0.014082  -0.593898  -0.294045  0.095382  2.000000  0.999956  0.001526  0.009300  -0.009325  0.017670  0.999800  0.001362  -0.999843  0.017684  0.999977  0.002287  0.006318  -0.002207  0.999917  -0.012655  -0.006346  0.012641  0.999900  1.000000  0.000028  0.000079  -0.000028  1.000000  -0.000158  -0.000079  0.000158  1.000000  0.999956  0.001526  0.009300  -0.009325  0.017670  0.999800  0.001362  -0.999843  0.017684  0.000167  0.014322  
128.036556 0.005416  0.092788  -0.010290  0.998520  0.038545  0.038375  -0.043608  0.145660  0.988373  0.032507  -0.988584  0.147125  -0.003198  -0.006772  -0.014249  -0.597646  -0.300176  0.100938  2.000000  0.999952  0.001648  0.009625  -0.009654  0.018298  0.999786  0.001471  -0.999831  0.018313  0.999976  0.002453  0.006501  -0.002371  0.999919  -0.012528  -0.006531  0.012512  0.999900  1.000000  0.000030  0.000081  -0.000030  1.000000  -0.000157  -0.000081  0.000157  1.000000  0.999952  0.001648  0.009625  -0.009654  0.018298  0.999786  0.001471  -0.999831  0.018313  0.000167  0.014319  
128.037805 0.005409  0.092776  -0.010310  0.998497  0.038765  0.038734  -0.044019  0.146357  0.988252  0.032641  -0.988472  0.147844  -0.003425  -0.007015  -0.014436  -0.600547  -0.303804  0.105653  2.000000  0.999948  0.001807  0.010036  -0.010069  0.019080  0.999767  0.001615  -0.999816  0.019097  0.999974  0.002489  0.006702  -0.002405  0.999919  -0.012522  -0.006733  0.012505  0.999899  1.000000  0.000031  0.000084  -0.000031  1.000000  -0.000156  -0.000084  0.000156  1.000000  0.999948  0.001807  0.010036  -0.010069  0.019080  0.999767  0.001615  -0.999816  0.019097  0.000171  0.014412  
128.039054 0.005402  0.092765  -0.010330  0.998475  0.038991  0.039088  -0.044430  0.147175  0.988112  0.032775  -0.988342  0.148682  -0.003717  -0.007256  -0.014584  -0.604518  -0.303704  0.105887  2.000000  0.999943  0.001969  0.010449  -0.010486  0.019862  0.999748  0.001761  -0.999801  0.019882  0.999974  0.002495  0.006700  -0.002410  0.999917  -0.012642  -0.006731  0.012625  0.999898  1.000000  0.000031  0.000084  -0.000031  1.000000  -0.000158  -0.000084  0.000158  1.000000  0.999943  0.001969  0.010449  -0.010486  0.019862  0.999748  0.001761  -0.999801  0.019882  0.000172  0.014517  
128.040304 0.005394  0.092753  -0.010350  0.998443  0.039248  0.039645  -0.045046  0.147983  0.987963  0.032909  -0.988211  0.149521  -0.003964  -0.007490  -0.014710  -0.609516  -0.312463  0.112490  2.000000  0.999939  0.002138  0.010869  -0.010910  0.020648  0.999727  0.001913  -0.999785  0.020670  0.999974  0.002632  0.006678  -0.002547  0.999917  -0.012641  -0.006711  0.012624  0.999898  1.000000  0.000032  0.000084  -0.000032  1.000000  -0.000158  -0.000084  0.000158  1.000000  0.999939  0.002138  0.010869  -0.010910  0.020648  0.999727  0.001913  -0.999785  0.020670  0.000172  0.014530  
128.041305 0.005388  0.092744  -0.010366  0.998420  0.039460  0.040013  -0.045457  0.148441  0.987876  0.033042  -0.988134  0.150000  -0.004215  -0.007694  -0.014824  -0.604083  -0.315909  0.117065  2.000000  0.999936  0.002245  0.011128  -0.011173  0.021126  0.999714  0.002010  -0.999774  0.021150  0.999973  0.002799  0.006860  -0.002711  0.999915  -0.012756  -0.006895  0.012737  0.999895  1.000000  0.000034  0.000086  -0.000034  1.000000  -0.000159  -0.000086  0.000159  1.000000  0.999936  0.002245  0.011128  -0.011173  0.021126  0.999714  0.002010  -0.999774  0.021150  0.000173  0.014744  
128.042308 0.005382  0.092735  -0.010381  0.998406  0.039647  0.040172  -0.045662  0.149026  0.987778  0.033176  -0.988038  0.150598  -0.004421  -0.007804  -0.014846  -0.604977  -0.317803  0.122697  2.000000  0.999931  0.002390  0.011481  -0.011530  0.021763  0.999697  0.002140  -0.999760  0.021789  0.999971  0.002834  0.007061  -0.002744  0.999915  -0.012749  -0.007097  0.012729  0.999894  1.000000  0.000035  0.000088  -0.000035  1.000000  -0.000159  -0.000088  0.000159  1.000000  0.999931  0.002390  0.011481  -0.011530  0.021763  0.999697  0.002140  -0.999760  0.021789  0.000174  0.014839  
128.043311 0.005376  0.092726  -0.010397  0.998383  0.039865  0.040534  -0.046073  0.149602  0.987672  0.033310  -0.987942  0.151197  -0.004628  -0.007964  -0.014910  -0.604709  -0.324573  0.123873  2.000000  0.999927  0.002541  0.011835  -0.011889  0.022400  0.999678  0.002275  -0.999746  0.022428  0.999969  0.003002  0.007243  -0.002909  0.999915  -0.012742  -0.007281  0.012721  0.999893  1.000000  0.000037  0.000091  -0.000037  1.000000  -0.000159  -0.000091  0.000159  1.000000  0.999927  0.002541  0.011835  -0.011889  0.022400  0.999678  0.002275  -0.999746  0.022428  0.000175  0.014953  
128.044557 0.005368  0.092715  -0.010417  0.998349  0.040120  0.041095  -0.046690  0.150290  0.987539  0.033443  -0.987828  0.151915  -0.004899  -0.008155  -0.015049  -0.604486  -0.330697  0.129554  2.000000  0.999921  0.002740  0.012284  -0.012344  0.023190  0.999655  0.002454  -0.999727  0.023222  0.999969  0.003139  0.007220  -0.003048  0.999916  -0.012621  -0.007259  0.012599  0.999894  1.000000  0.000039  0.000090  -0.000039  1.000000  -0.000158  -0.000091  0.000158  1.000000  0.999921  0.002740  0.012284  -0.012344  0.023190  0.999655  0.002454  -0.999727  0.023222  0.000175  0.014866  
128.045827 0.005361  0.092704  -0.010437  0.998326  0.040349  0.041447  -0.047100  0.151106  0.987395  0.033577  -0.987694  0.152753  -0.005150  -0.008412  -0.015235  -0.608055  -0.329685  0.134158  2.000000  0.999915  0.002942  0.012737  -0.012804  0.023972  0.999631  0.002636  -0.999708  0.024008  0.999969  0.003144  0.007218  -0.003055  0.999919  -0.012377  -0.007256  0.012355  0.999897  1.000000  0.000039  0.000090  -0.000039  1.000000  -0.000155  -0.000090  0.000155  1.000000  0.999915  0.002942  0.012737  -0.012804  0.023972  0.999631  0.002636  -0.999708  0.024008  0.000176  0.014660  
128.047053 0.005353  0.092693  -0.010457  0.998292  0.040605  0.042007  -0.047717  0.151793  0.987260  0.033711  -0.987578  0.153471  -0.005416  -0.008621  -0.015445  -0.607093  -0.340066  0.139769  2.000000  0.999909  0.003111  0.013103  -0.013176  0.024597  0.999611  0.002788  -0.999693  0.024636  0.999967  0.003314  0.007398  -0.003221  0.999915  -0.012614  -0.007439  0.012589  0.999893  1.000000  0.000041  0.000093  -0.000041  1.000000  -0.000158  -0.000093  0.000158  1.000000  0.999909  0.003111  0.013103  -0.013176  0.024597  0.999611  0.002788  -0.999693  0.024636  0.000177  0.014984  
128.048053 0.005347  0.092683  -0.010474  0.998278  0.040793  0.042165  -0.047922  0.152377  0.987160  0.033845  -0.987480  0.154069  -0.005639  -0.008844  -0.015682  -0.608450  -0.336070  0.140205  2.000000  0.999904  0.003288  0.013469  -0.013548  0.025216  0.999590  0.002947  -0.999677  0.025258  0.999967  0.003451  0.007376  -0.003359  0.999918  -0.012371  -0.007418  0.012346  0.999896  1.000000  0.000043  0.000092  -0.000043  1.000000  -0.000154  -0.000092  0.000154  1.000000  0.999904  0.003288  0.013469  -0.013548  0.025216  0.999590  0.002947  -0.999677  0.025258  0.000177  0.014800  
128.049055 0.005340  0.092673  -0.010491  0.998249  0.041146  0.042505  -0.048333  0.152946  0.987052  0.034112  -0.987378  0.154667  -0.005908  -0.009087  -0.015883  -0.607923  -0.342043  0.145812  2.000000  0.999900  0.003422  0.013742  -0.013826  0.025680  0.999575  0.003067  -0.999664  0.025725  0.999967  0.003455  0.007373  -0.003363  0.999916  -0.012491  -0.007416  0.012466  0.999895  1.000000  0.000043  0.000092  -0.000043  1.000000  -0.000156  -0.000092  0.000156  1.000000  0.999900  0.003422  0.013742  -0.013826  0.025680  0.999575  0.003067  -0.999664  0.025725  0.000178  0.014901  
128.050315 0.005331  0.092659  -0.010511  0.998214  0.041404  0.043064  -0.048949  0.153632  0.986915  0.034246  -0.987260  0.155385  -0.006141  -0.009315  -0.016017  -0.607443  -0.347989  0.151464  2.000000  0.999892  0.003654  0.014203  -0.014295  0.026453  0.999548  0.003277  -0.999643  0.026503  0.999967  0.003593  0.007350  -0.003501  0.999916  -0.012490  -0.007394  0.012464  0.999895  1.000000  0.000044  0.000092  -0.000044  1.000000  -0.000156  -0.000092  0.000156  1.000000  0.999892  0.003654  0.014203  -0.014295  0.026453  0.999548  0.003277  -0.999643  0.026503  0.000178  0.014921  
128.051559 0.005321  0.092645  -0.010532  0.998185  0.041762  0.043399  -0.049360  0.154321  0.986787  0.034513  -0.987138  0.156102  -0.006355  -0.009533  -0.016159  -0.607560  -0.347323  0.156213  2.000000  0.999885  0.003893  0.014665  -0.014765  0.027223  0.999520  0.003492  -0.999622  0.027278  0.999966  0.003730  0.007327  -0.003640  0.999917  -0.012368  -0.007372  0.012341  0.999897  1.000000  0.000046  0.000092  -0.000046  1.000000  -0.000154  -0.000092  0.000154  1.000000  0.999885  0.003893  0.014665  -0.014765  0.027223  0.999520  0.003492  -0.999622  0.027278  0.000179  0.014840  
128.052804 0.005311  0.092630  -0.010554  0.998155  0.042121  0.043732  -0.049770  0.155008  0.986659  0.034781  -0.987015  0.156819  -0.006559  -0.009728  -0.016259  -0.602310  -0.349830  0.165020  2.000000  0.999877  0.004138  0.015131  -0.015241  0.027991  0.999492  0.003713  -0.999600  0.028051  0.999964  0.003900  0.007506  -0.003807  0.999916  -0.012360  -0.007554  0.012331  0.999895  1.000000  0.000048  0.000094  -0.000048  1.000000  -0.000154  -0.000094  0.000154  1.000000  0.999877  0.004138  0.015131  -0.015241  0.027991  0.999492  0.003713  -0.999600  0.028051  0.000180  0.014966  
