1-Time 2-Px 3-Py 4-Pz 5-R11 6-R21 7-R31 8-R12 9-R22 10-R32 11-R13 12-R23 13-R33 14-Vx 15-Vy 16-Vz 17-Wx 18-Wy 19-Wz 20-state 21-PR11 22-PR21 23-PR31 24-PR12 25-PR22 26-PR32 27-PR13 28-PR23 29-PR33 
136.124916 0.006570  0.099762  0.004997  0.996655  0.078160  -0.023876  -0.076890  0.995779  0.050121  0.027693  -0.048118  0.998458  -0.000118  0.000514  -0.000160  0.000000  0.000000  0.000000  2.000000  1.000000  0.000000  0.000000  -0.000000  1.000000  0.000000  0.000000  -0.000000  1.000000  1.000000  0.000000  0.000000  0.000000  1.000000  -0.000121  0.000000  0.000121  1.000000  1.000000  0.000000  0.000000  0.000000  1.000000  0.000000  0.000000  0.000000  1.000000  0.719740  0.345885  0.601945  -0.424898  0.905161  -0.012069  -0.549031  -0.247078  0.798447  0.000000  0.000000  
136.125930 0.006570  0.099762  0.004997  0.996655  0.078160  -0.023876  -0.076890  0.995779  0.050121  0.027693  -0.048118  0.998458  -0.000120  0.000522  -0.000162  0.000000  0.000000  0.000000  2.000000  1.000000  0.000000  0.000000  0.000000  1.000000  0.000000  0.000000  0.000000  1.000000  1.000000  0.000000  0.000000  0.000000  1.000000  -0.000121  0.000000  0.000121  1.000000  1.000000  0.000000  0.000000  0.000000  1.000000  0.000000  0.000000  0.000000  1.000000  1.000000  0.000000  0.000000  0.000000  1.000000  0.000000  0.000000  0.000000  1.000000  0.000000  0.000000  
136.127175 0.006572  0.099764  0.004999  0.996619  0.078579  -0.023979  -0.077300  0.995740  0.050262  0.027827  -0.048239  0.998448  -0.000011  0.000626  -0.000033  0.000000  0.000000  0.000000  2.000000  1.000000  0.000000  0.000000  0.000000  1.000000  0.000000  0.000000  0.000000  1.000000  1.000000  0.000418  -0.000114  -0.000418  1.000000  0.000011  0.000114  -0.000011  1.000000  1.000000  0.000000  0.000000  0.000000  1.000000  0.000000  0.000000  0.000000  1.000000  1.000000  0.000000  0.000000  0.000000  1.000000  0.000000  0.000000  0.000000  1.000000  0.000000  0.000000  
136.128422 0.006574  0.099766  0.005001  0.996572  0.079197  -0.023938  -0.077916  0.995685  0.050398  0.027827  -0.048360  0.998442  0.000144  0.000717  0.000140  0.000000  0.000000  0.000000  2.000000  1.000000  0.000000  0.000000  0.000000  1.000000  0.000000  0.000000  0.000000  1.000000  1.000000  0.000829  -0.000094  -0.000829  1.000000  0.000023  0.000094  -0.000023  1.000000  1.000000  0.000000  0.000000  0.000000  1.000000  0.000000  0.000000  0.000000  1.000000  1.000000  0.000000  0.000000  0.000000  1.000000  0.000000  0.000000  0.000000  1.000000  0.000000  0.000000  
136.129428 0.006575  0.099767  0.005003  0.996552  0.079411  -0.024052  -0.078121  0.995662  0.050534  0.027960  -0.048481  0.998433  0.000211  0.000716  0.000248  0.000000  0.000000  0.000000  2.000000  1.000000  0.000000  0.000000  0.000000  1.000000  0.000000  0.000000  0.000000  1.000000  0.999999  0.001240  -0.000074  -0.001240  0.999999  0.000156  0.000074  -0.000156  1.000000  1.000000  0.000000  0.000000  0.000000  1.000000  0.000000  0.000000  0.000000  1.000000  1.000000  0.000000  0.000000  0.000000  1.000000  0.000000  0.000000  0.000000  1.000000  0.000000  0.000000  
136.130675 0.006577  0.099768  0.005005  0.996519  0.079824  -0.024021  -0.078531  0.995623  0.050665  0.027960  -0.048602  0.998427  0.000366  0.000730  0.000391  0.000000  0.000000  0.000000  2.000000  1.000000  0.000000  0.000000  0.000000  1.000000  0.000000  0.000000  0.000000  1.000000  0.999999  0.001452  -0.000197  -0.001452  0.999999  0.000283  0.000198  -0.000283  1.000000  1.000000  0.000000  0.000000  0.000000  1.000000  0.000000  0.000000  0.000000  1.000000  1.000000  0.000000  0.000000  0.000000  1.000000  0.000000  0.000000  0.000000  1.000000  0.000000  0.000000  
136.131926 0.006579  0.099769  0.005007  0.996483  0.080243  -0.024124  -0.078941  0.995584  0.050806  0.028094  -0.048723  0.998417  0.000536  0.000777  0.000587  0.000000  0.000000  0.000000  2.000000  1.000000  0.000000  0.000000  0.000000  1.000000  0.000000  0.000000  0.000000  1.000000  0.999998  0.002075  -0.000301  -0.002075  0.999998  0.000422  0.000302  -0.000421  1.000000  1.000000  0.000000  0.000000  0.000000  1.000000  0.000000  0.000000  0.000000  1.000000  1.000000  0.000000  0.000000  0.000000  1.000000  0.000000  0.000000  0.000000  1.000000  0.000000  0.000000  
136.133179 0.006583  0.099772  0.005011  0.996427  0.080874  -0.024349  -0.079556  0.995527  0.050963  0.028362  -0.048844  0.998404  0.000799  0.000935  0.000806  0.000000  0.000000  0.000000  2.000000  1.000000  0.000000  0.000000  0.000000  1.000000  0.000000  0.000000  0.000000  1.000000  0.999996  0.002705  -0.000537  -0.002704  0.999996  0.000682  0.000539  -0.000681  1.000000  1.000000  0.000000  0.000000  0.000000  1.000000  0.000000  0.000000  0.000000  1.000000  1.000000  0.000000  0.000000  0.000000  1.000000  0.000000  0.000000  0.000000  1.000000  0.000000  0.000000  
136.134427 0.006585  0.099774  0.005014  0.996357  0.081703  -0.024430  -0.080376  0.995453  0.051114  0.028495  -0.048964  0.998394  0.000975  0.001038  0.001042  0.000000  0.000000  0.000000  2.000000  1.000000  0.000000  0.000000  0.000000  1.000000  0.000000  0.000000  0.000000  1.000000  0.999994  0.003328  -0.000640  -0.003328  0.999994  0.000821  0.000643  -0.000819  0.999999  1.000000  0.000000  0.000000  0.000000  1.000000  0.000000  0.000000  0.000000  1.000000  1.000000  0.000000  0.000000  0.000000  1.000000  0.000000  0.000000  0.000000  1.000000  0.000000  0.000000  
136.135677 0.006588  0.099776  0.005017  0.996304  0.082328  -0.024522  -0.080991  0.995396  0.051261  0.028629  -0.049085  0.998384  0.001166  0.001138  0.001249  0.000000  0.000000  0.000000  2.000000  1.000000  0.000000  0.000000  0.000000  1.000000  0.000000  0.000000  0.000000  1.000000  0.999991  0.004157  -0.000733  -0.004156  0.999991  0.000967  0.000737  -0.000963  0.999999  1.000000  0.000000  0.000000  0.000000  1.000000  0.000000  0.000000  0.000000  1.000000  1.000000  0.000000  0.000000  0.000000  1.000000  0.000000  0.000000  0.000000  1.000000  0.000000  0.000000  
136.136927 0.006592  0.099780  0.005019  0.996233  0.083157  -0.024603  -0.081811  0.995321  0.051413  0.028763  -0.049206  0.998374  0.001406  0.001361  0.001434  0.000000  0.000000  0.000000  2.000000  1.000000  0.000000  0.000000  0.000000  1.000000  0.000000  0.000000  0.000000  1.000000  0.999988  0.004780  -0.000836  -0.004779  0.999988  0.001227  0.000842  -0.001223  0.999999  1.000000  0.000000  0.000000  0.000000  1.000000  0.000000  0.000000  0.000000  1.000000  1.000000  0.000000  0.000000  0.000000  1.000000  0.000000  0.000000  0.000000  1.000000  0.000000  0.000000  
136.137930 0.006595  0.099785  0.005023  0.996182  0.083775  -0.024561  -0.082426  0.995263  0.051549  0.028763  -0.049327  0.998368  0.001668  0.001596  0.001683  0.041947  0.026808  0.188201  2.000000  1.000000  0.000084  0.000104  -0.000084  1.000000  0.000033  -0.000104  -0.000033  1.000000  0.999985  0.005397  -0.000805  -0.005396  0.999985  0.001366  0.000812  -0.001362  0.999999  1.000000  0.000042  0.000053  -0.000042  1.000000  0.000017  -0.000053  -0.000017  1.000000  1.000000  0.000084  0.000104  -0.000084  1.000000  0.000033  -0.000104  -0.000033  1.000000  0.000047  0.005624  
136.139169 0.006600  0.099790  0.005028  0.996127  0.084399  -0.024652  -0.083041  0.995204  0.051696  0.028896  -0.049448  0.998359  0.002004  0.001928  0.002029  0.046637  0.030283  0.209209  2.000000  1.000000  0.000315  0.000393  -0.000315  1.000000  0.000122  -0.000393  -0.000122  1.000000  0.999980  0.006226  -0.000897  -0.006224  0.999979  0.001512  0.000906  -0.001506  0.999998  1.000000  0.000049  0.000062  -0.000049  1.000000  0.000019  -0.000062  -0.000019  1.000000  1.000000  0.000315  0.000393  -0.000315  1.000000  0.000122  -0.000393  -0.000122  1.000000  0.000054  0.006468  
136.140174 0.006604  0.099795  0.005031  0.996072  0.085023  -0.024743  -0.083656  0.995145  0.051843  0.029030  -0.049569  0.998349  0.002317  0.002247  0.002311  0.051319  0.033748  0.230165  2.000000  1.000000  0.000520  0.000653  -0.000520  1.000000  0.000199  -0.000653  -0.000199  1.000000  0.999976  0.006849  -0.000999  -0.006847  0.999975  0.001652  0.001010  -0.001645  0.999998  1.000000  0.000054  0.000068  -0.000054  1.000000  0.000021  -0.000068  -0.000021  1.000000  1.000000  0.000520  0.000653  -0.000520  1.000000  0.000199  -0.000653  -0.000199  1.000000  0.000060  0.007115  
136.141174 0.006609  0.099801  0.005036  0.996016  0.085647  -0.024833  -0.084271  0.995086  0.051990  0.029164  -0.049690  0.998339  0.002622  0.002588  0.002582  0.055990  0.037202  0.251062  2.000000  0.999999  0.000687  0.000865  -0.000687  1.000000  0.000262  -0.000864  -0.000263  1.000000  0.999973  0.007267  -0.001111  -0.007265  0.999972  0.001786  0.001124  -0.001778  0.999998  1.000000  0.000058  0.000072  -0.000058  1.000000  0.000022  -0.000072  -0.000022  1.000000  0.999999  0.000687  0.000865  -0.000687  1.000000  0.000262  -0.000864  -0.000263  1.000000  0.000063  0.007564  
136.142422 0.006616  0.099808  0.005040  0.995960  0.086272  -0.024924  -0.084886  0.995026  0.052137  0.029298  -0.049811  0.998329  0.002963  0.002863  0.002720  0.060694  0.040673  0.272097  2.000000  0.999999  0.000993  0.001248  -0.000993  0.999999  0.000379  -0.001248  -0.000380  0.999999  0.999967  0.008096  -0.001203  -0.008093  0.999965  0.001932  0.001218  -0.001922  0.999997  1.000000  0.000064  0.000080  -0.000064  1.000000  0.000024  -0.000080  -0.000024  1.000000  0.999999  0.000993  0.001248  -0.000993  0.999999  0.000379  -0.001248  -0.000380  0.999999  0.000070  0.008409  
136.143423 0.006621  0.099812  0.005044  0.995899  0.086902  -0.025147  -0.085500  0.994965  0.052296  0.029565  -0.049932  0.998315  0.003165  0.003077  0.002872  0.065392  0.048614  0.293221  2.000000  0.999998  0.001258  0.001578  -0.001259  0.999999  0.000480  -0.001577  -0.000482  0.999999  0.999963  0.008514  -0.001315  -0.008511  0.999962  0.002066  0.001332  -0.002055  0.999997  1.000000  0.000068  0.000084  -0.000068  1.000000  0.000026  -0.000084  -0.000026  1.000000  0.999998  0.001258  0.001578  -0.001259  0.999999  0.000480  -0.001577  -0.000482  0.999999  0.000074  0.008858  
136.144673 0.006627  0.099817  0.005048  0.995842  0.087530  -0.025227  -0.086115  0.994898  0.052565  0.029699  -0.050174  0.998299  0.003434  0.003300  0.002990  0.074160  0.052049  0.314173  2.000000  0.999997  0.001617  0.002015  -0.001619  0.999999  0.000616  -0.002014  -0.000620  0.999998  0.999957  0.009144  -0.001549  -0.009140  0.999956  0.002329  0.001570  -0.002315  0.999996  1.000000  0.000074  0.000089  -0.000074  1.000000  0.000029  -0.000089  -0.000029  1.000000  0.999997  0.001617  0.002015  -0.001619  0.999999  0.000616  -0.002014  -0.000620  0.999998  0.000080  0.009561  
136.145676 0.006632  0.099820  0.005052  0.995803  0.087949  -0.025327  -0.086525  0.994854  0.052707  0.029833  -0.050295  0.998289  0.003665  0.003539  0.003171  0.082716  0.055848  0.328144  2.000000  0.999995  0.001925  0.002383  -0.001926  0.999998  0.000735  -0.002382  -0.000740  0.999997  0.999953  0.009562  -0.001660  -0.009558  0.999951  0.002464  0.001684  -0.002448  0.999996  1.000000  0.000078  0.000093  -0.000078  1.000000  0.000031  -0.000093  -0.000031  1.000000  0.999995  0.001925  0.002383  -0.001926  0.999998  0.000735  -0.002382  -0.000740  0.999997  0.000084  0.010011  
136.146676 0.006637  0.099824  0.005056  0.995763  0.088372  -0.025417  -0.086934  0.994805  0.052971  0.029966  -0.050537  0.998273  0.003920  0.003682  0.003297  0.091285  0.059614  0.342173  2.000000  0.999994  0.002250  0.002772  -0.002252  0.999997  0.000862  -0.002770  -0.000869  0.999996  0.999947  0.010185  -0.001762  -0.010181  0.999945  0.002604  0.001788  -0.002586  0.999995  1.000000  0.000083  0.000099  -0.000083  1.000000  0.000032  -0.000099  -0.000032  1.000000  0.999994  0.002250  0.002772  -0.002252  0.999997  0.000862  -0.002770  -0.000869  0.999996  0.000090  0.010658  
136.147928 0.006644  0.099828  0.005061  0.995701  0.089003  -0.025640  -0.087549  0.994742  0.053130  0.030234  -0.050657  0.998258  0.004132  0.003797  0.003431  0.096023  0.067560  0.363399  2.000000  0.999991  0.002662  0.003266  -0.002665  0.999996  0.001029  -0.003263  -0.001038  0.999994  0.999947  0.010186  -0.001759  -0.010181  0.999944  0.002727  0.001787  -0.002709  0.999995  1.000000  0.000083  0.000099  -0.000083  1.000000  0.000034  -0.000099  -0.000034  1.000000  0.999991  0.002662  0.003266  -0.002665  0.999996  0.001029  -0.003263  -0.001038  0.999994  0.000095  0.010688  
136.149174 0.006650  0.099832  0.005066  0.995661  0.089425  -0.025729  -0.087958  0.994692  0.053394  0.030368  -0.050899  0.998242  0.004395  0.003919  0.003569  0.104590  0.071314  0.377402  2.000000  0.999989  0.003000  0.003659  -0.003005  0.999995  0.001167  -0.003656  -0.001178  0.999993  0.999946  0.010200  -0.002025  -0.010194  0.999944  0.002730  0.002053  -0.002709  0.999994  1.000000  0.000086  0.000098  -0.000086  1.000000  0.000034  -0.000098  -0.000034  1.000000  0.999989  0.003000  0.003659  -0.003005  0.999995  0.001167  -0.003656  -0.001178  0.999993  0.000099  0.010749  
136.150426 0.006655  0.099835  0.005071  0.995621  0.089845  -0.025830  -0.088368  0.994648  0.053537  0.030501  -0.051020  0.998232  0.004570  0.003984  0.003722  0.109082  0.075088  0.391402  2.000000  0.999986  0.003430  0.004150  -0.003435  0.999993  0.001342  -0.004146  -0.001356  0.999990  0.999944  0.010406  -0.002012  -0.010400  0.999942  0.002859  0.002042  -0.002838  0.999994  1.000000  0.000087  0.000100  -0.000087  1.000000  0.000036  -0.000100  -0.000036  1.000000  0.999986  0.003430  0.004150  -0.003435  0.999993  0.001342  -0.004146  -0.001356  0.999990  0.000103  0.010975  
136.151678 0.006661  0.099839  0.005076  0.995599  0.090059  -0.025941  -0.088572  0.994623  0.053675  0.030635  -0.051141  0.998221  0.004704  0.003945  0.003855  0.113408  0.079227  0.398615  2.000000  0.999982  0.003864  0.004639  -0.003871  0.999991  0.001516  -0.004633  -0.001534  0.999988  0.999946  0.010207  -0.002155  -0.010201  0.999944  0.002854  0.002184  -0.002832  0.999994  1.000000  0.000087  0.000097  -0.000087  1.000000  0.000036  -0.000097  -0.000036  1.000000  0.999982  0.003864  0.004639  -0.003871  0.999991  0.001516  -0.004633  -0.001534  0.999988  0.000106  0.010813  
136.152923 0.006668  0.099843  0.005082  0.995558  0.090479  -0.026041  -0.088982  0.994578  0.053818  0.030769  -0.051262  0.998211  0.004823  0.003922  0.003926  0.117905  0.082999  0.412621  2.000000  0.999978  0.004291  0.005117  -0.004300  0.999989  0.001689  -0.005109  -0.001711  0.999985  0.999948  0.009995  -0.002032  -0.009989  0.999946  0.002728  0.002059  -0.002707  0.999994  1.000000  0.000085  0.000095  -0.000085  1.000000  0.000034  -0.000095  -0.000034  1.000000  0.999978  0.004291  0.005117  -0.004300  0.999989  0.001689  -0.005109  -0.001711  0.999985  0.000109  0.010555  
136.154172 0.006674  0.099849  0.005086  0.995535  0.090690  -0.026163  -0.089187  0.994559  0.053835  0.030903  -0.051262  0.998207  0.004939  0.003881  0.003911  0.118135  0.087146  0.419751  2.000000  0.999973  0.004703  0.005574  -0.004713  0.999987  0.001857  -0.005565  -0.001884  0.999983  0.999954  0.009378  -0.002063  -0.009373  0.999952  0.002710  0.002088  -0.002691  0.999994  1.000000  0.000081  0.000089  -0.000081  1.000000  0.000034  -0.000089  -0.000034  1.000000  0.999973  0.004703  0.005574  -0.004713  0.999987  0.001857  -0.005565  -0.001884  0.999983  0.000111  0.009975  
136.155429 0.006680  0.099854  0.005090  0.995509  0.090912  -0.026407  -0.089391  0.994532  0.053985  0.031170  -0.051382  0.998193  0.004916  0.003791  0.003818  0.122491  0.095774  0.427182  2.000000  0.999969  0.005097  0.006005  -0.005109  0.999985  0.002024  -0.005995  -0.002054  0.999980  0.999958  0.008961  -0.001949  -0.008955  0.999956  0.002699  0.001973  -0.002681  0.999994  1.000000  0.000077  0.000085  -0.000077  1.000000  0.000034  -0.000085  -0.000034  1.000000  0.999969  0.005097  0.006005  -0.005109  0.999985  0.002024  -0.005995  -0.002054  0.999980  0.000113  0.009557  
136.156675 0.006685  0.099859  0.005093  0.995505  0.090922  -0.026529  -0.089390  0.994525  0.054118  0.031304  -0.051503  0.998182  0.004829  0.003700  0.003753  0.122157  0.096427  0.413438  2.000000  0.999965  0.005476  0.006398  -0.005490  0.999983  0.002181  -0.006386  -0.002216  0.999977  0.999965  0.008146  -0.002124  -0.008140  0.999964  0.002553  0.002145  -0.002536  0.999994  1.000000  0.000074  0.000075  -0.000074  1.000000  0.000032  -0.000075  -0.000032  1.000000  0.999965  0.005476  0.006398  -0.005490  0.999983  0.002181  -0.006386  -0.002216  0.999977  0.000111  0.008795  
136.157924 0.006690  0.099865  0.005097  0.995500  0.090929  -0.026662  -0.089390  0.994525  0.054130  0.031438  -0.051503  0.998178  0.004735  0.003683  0.003670  0.121769  0.101605  0.399829  2.000000  0.999961  0.005765  0.006687  -0.005780  0.999981  0.002307  -0.006673  -0.002345  0.999975  0.999968  0.007735  -0.002146  -0.007729  0.999967  0.002542  0.002165  -0.002525  0.999994  1.000000  0.000072  0.000070  -0.000072  1.000000  0.000032  -0.000070  -0.000032  1.000000  0.999961  0.005765  0.006687  -0.005780  0.999981  0.002307  -0.006673  -0.002345  0.999975  0.000107  0.008417  
136.159172 0.006694  0.099870  0.005100  0.995500  0.090929  -0.026662  -0.089390  0.994525  0.054130  0.031438  -0.051503  0.998178  0.004606  0.003682  0.003592  0.116334  0.101445  0.382897  2.000000  0.999957  0.006111  0.007007  -0.006129  0.999978  0.002456  -0.006992  -0.002499  0.999972  0.999974  0.006913  -0.002188  -0.006908  0.999973  0.002396  0.002205  -0.002381  0.999995  1.000000  0.000067  0.000061  -0.000067  1.000000  0.000030  -0.000061  -0.000030  1.000000  0.999957  0.006111  0.007007  -0.006129  0.999978  0.002456  -0.006992  -0.002499  0.999972  0.000103  0.007634  
136.160426 0.006697  0.099875  0.005104  0.995496  0.090936  -0.026795  -0.089390  0.994524  0.054142  0.031571  -0.051503  0.998174  0.004402  0.003700  0.003529  0.108768  0.102919  0.372217  2.000000  0.999953  0.006433  0.007285  -0.006452  0.999976  0.002595  -0.007268  -0.002642  0.999970  0.999979  0.006091  -0.002231  -0.006086  0.999979  0.002250  0.002244  -0.002236  0.999995  1.000000  0.000062  0.000052  -0.000062  1.000000  0.000028  -0.000052  -0.000028  1.000000  0.999953  0.006433  0.007285  -0.006452  0.999976  0.002595  -0.007268  -0.002642  0.999970  0.000101  0.006863  
136.161677 0.006699  0.099880  0.005108  0.995496  0.090939  -0.026784  -0.089390  0.994518  0.054262  0.031571  -0.051624  0.998167  0.004097  0.003754  0.003455  0.108376  0.099073  0.358174  2.000000  0.999950  0.006670  0.007476  -0.006690  0.999974  0.002701  -0.007457  -0.002751  0.999968  0.999983  0.005468  -0.002128  -0.005463  0.999983  0.002109  0.002140  -0.002097  0.999996  1.000000  0.000057  0.000046  -0.000057  1.000000  0.000026  -0.000046  -0.000026  1.000000  0.999950  0.006670  0.007476  -0.006690  0.999974  0.002701  -0.007457  -0.002751  0.999968  0.000098  0.006233  
136.162679 0.006700  0.099884  0.005112  0.995510  0.090741  -0.026928  -0.089184  0.994536  0.054269  0.031705  -0.051624  0.998163  0.003824  0.003769  0.003419  0.106965  0.099339  0.334832  2.000000  0.999948  0.006782  0.007560  -0.006803  0.999973  0.002752  -0.007541  -0.002804  0.999968  0.999987  0.004646  -0.002171  -0.004641  0.999987  0.001963  0.002180  -0.001953  0.999996  1.000000  0.000000  0.000000  0.000000  1.000000  0.000000  0.000000  0.000000  1.000000  0.999948  0.006782  0.007560  -0.006803  0.999973  0.002752  -0.007541  -0.002804  0.999968  0.000093  0.000000  
136.163927 0.006701  0.099887  0.005116  0.995529  0.090536  -0.026939  -0.088979  0.994554  0.054263  0.031705  -0.051624  0.998163  0.003487  0.003745  0.003328  0.102083  0.091736  0.306809  2.000000  0.999948  0.006782  0.007560  -0.006803  0.999973  0.002752  -0.007541  -0.002804  0.999968  0.999990  0.004022  -0.002069  -0.004018  0.999990  0.001822  0.002077  -0.001814  0.999996  1.000000  0.000000  0.000000  0.000000  1.000000  0.000000  0.000000  0.000000  1.000000  0.999948  0.006782  0.007560  -0.006803  0.999973  0.002752  -0.007541  -0.002804  0.999968  0.000086  0.000000  
136.164930 0.006702  0.099890  0.005119  0.995524  0.090543  -0.027072  -0.088979  0.994554  0.054275  0.031839  -0.051623  0.998159  0.003230  0.003757  0.003262  0.093962  0.093835  0.281678  2.000000  0.999948  0.006782  0.007560  -0.006803  0.999973  0.002752  -0.007541  -0.002804  0.999968  0.999993  0.003186  -0.001845  -0.003183  0.999994  0.001675  0.001850  -0.001669  0.999997  1.000000  0.000000  0.000000  0.000000  1.000000  0.000000  0.000000  0.000000  1.000000  0.999948  0.006782  0.007560  -0.006803  0.999973  0.002752  -0.007541  -0.002804  0.999968  0.000079  0.000000  
136.166176 0.006702  0.099893  0.005122  0.995543  0.090339  -0.027083  -0.088774  0.994572  0.054270  0.031839  -0.051623  0.998159  0.002898  0.003716  0.003204  0.089097  0.090754  0.253920  2.000000  0.999948  0.006782  0.007560  -0.006803  0.999973  0.002752  -0.007541  -0.002804  0.999968  0.999995  0.002570  -0.001877  -0.002567  0.999996  0.001413  0.001880  -0.001408  0.999997  1.000000  0.000000  0.000000  0.000000  1.000000  0.000000  0.000000  0.000000  1.000000  0.999948  0.006782  0.007560  -0.006803  0.999973  0.002752  -0.007541  -0.002804  0.999968  0.000071  0.000000  
136.167430 0.006703  0.099897  0.005126  0.995557  0.090141  -0.027227  -0.088569  0.994590  0.054276  0.031972  -0.051623  0.998155  0.002464  0.003679  0.003088  0.083965  0.096953  0.219557  2.000000  0.999948  0.006782  0.007560  -0.006803  0.999973  0.002752  -0.007541  -0.002804  0.999968  0.999997  0.001748  -0.001919  -0.001745  0.999998  0.001266  0.001921  -0.001262  0.999997  1.000000  0.000000  0.000000  0.000000  1.000000  0.000000  0.000000  0.000000  1.000000  0.999948  0.006782  0.007560  -0.006803  0.999973  0.002752  -0.007541  -0.002804  0.999968  0.000065  0.000000  
136.168680 0.006703  0.099900  0.005130  0.995575  0.089936  -0.027238  -0.088364  0.994609  0.054270  0.031972  -0.051623  0.998155  0.002042  0.003560  0.003068  0.078854  0.094203  0.184812  2.000000  0.999948  0.006782  0.007560  -0.006803  0.999973  0.002752  -0.007541  -0.002804  0.999968  0.999998  0.000919  -0.001828  -0.000917  0.999999  0.000997  0.001829  -0.000995  0.999998  1.000000  0.000000  0.000000  0.000000  1.000000  0.000000  0.000000  0.000000  1.000000  0.999948  0.006782  0.007560  -0.006803  0.999973  0.002752  -0.007541  -0.002804  0.999968  0.000057  0.000000  
136.169926 0.006703  0.099904  0.005133  0.995593  0.089731  -0.027250  -0.088159  0.994627  0.054265  0.031972  -0.051623  0.998155  0.001679  0.003467  0.003010  0.000000  0.000000  0.000000  2.000000  0.999948  0.006782  0.007560  -0.006803  0.999973  0.002752  -0.007541  -0.002804  0.999968  0.999999  0.000288  -0.001593  -0.000287  1.000000  0.000734  0.001593  -0.000734  0.999998  1.000000  0.000000  0.000000  0.000000  1.000000  0.000000  0.000000  0.000000  1.000000  0.999948  0.006782  0.007560  -0.006803  0.999973  0.002752  -0.007541  -0.002804  0.999968  0.000000  0.000000  
136.170931 0.006703  0.099907  0.005136  0.995607  0.089533  -0.027394  -0.087953  0.994645  0.054271  0.032106  -0.051623  0.998150  0.001418  0.003343  0.003008  0.000000  0.000000  0.000000  2.000000  0.999948  0.006782  0.007560  -0.006803  0.999973  0.002752  -0.007541  -0.002804  0.999968  0.999999  -0.000328  -0.001625  0.000329  1.000000  0.000593  0.001624  -0.000594  0.999999  1.000000  0.000000  0.000000  0.000000  1.000000  0.000000  0.000000  0.000000  1.000000  0.999948  0.006782  0.007560  -0.006803  0.999973  0.002752  -0.007541  -0.002804  0.999968  0.000000  0.000000  
136.172174 0.006703  0.099910  0.005140  0.995625  0.089328  -0.027405  -0.087749  0.994664  0.054265  0.032106  -0.051623  0.998150  0.001106  0.003203  0.003015  0.000000  0.000000  0.000000  2.000000  0.999948  0.006782  0.007560  -0.006803  0.999973  0.002752  -0.007541  -0.002804  0.999968  0.999999  -0.000746  -0.001512  0.000747  1.000000  0.000459  0.001512  -0.000460  0.999999  1.000000  0.000000  0.000000  0.000000  1.000000  0.000000  0.000000  0.000000  1.000000  0.999948  0.006782  0.007560  -0.006803  0.999973  0.002752  -0.007541  -0.002804  0.999968  0.000000  0.000000  
136.173423 0.006703  0.099914  0.005144  0.995643  0.089120  -0.027427  -0.087544  0.994688  0.054139  0.032106  -0.051502  0.998157  0.000775  0.003071  0.003074  0.000000  0.000000  0.000000  2.000000  0.999948  0.006782  0.007560  -0.006803  0.999973  0.002752  -0.007541  -0.002804  0.999968  0.999998  -0.001370  -0.001410  0.001370  0.999999  0.000318  0.001410  -0.000320  0.999999  1.000000  0.000000  0.000000  0.000000  1.000000  0.000000  0.000000  0.000000  1.000000  0.999948  0.006782  0.007560  -0.006803  0.999973  0.002752  -0.007541  -0.002804  0.999968  0.000000  0.000000  
136.174672 0.006704  0.099917  0.005148  0.995661  0.088916  -0.027438  -0.087339  0.994707  0.054133  0.032106  -0.051502  0.998157  0.000578  0.002994  0.003118  0.000000  0.000000  0.000000  2.000000  0.999948  0.006782  0.007560  -0.006803  0.999973  0.002752  -0.007541  -0.002804  0.999968  0.999998  -0.001787  -0.001298  0.001788  0.999998  0.000183  0.001298  -0.000185  0.999999  1.000000  0.000000  0.000000  0.000000  1.000000  0.000000  0.000000  0.000000  1.000000  0.999948  0.006782  0.007560  -0.006803  0.999973  0.002752  -0.007541  -0.002804  0.999968  0.000000  0.000000  
136.175676 0.006704  0.099921  0.005152  0.995679  0.088711  -0.027449  -0.087134  0.994725  0.054127  0.032106  -0.051502  0.998157  0.000377  0.002925  0.003171  0.000000  0.000000  0.000000  2.000000  0.999948  0.006782  0.007560  -0.006803  0.999973  0.002752  -0.007541  -0.002804  0.999968  0.999997  -0.002205  -0.001186  0.002205  0.999998  0.000048  0.001185  -0.000051  0.999999  1.000000  0.000000  0.000000  0.000000  1.000000  0.000000  0.000000  0.000000  1.000000  0.999948  0.006782  0.007560  -0.006803  0.999973  0.002752  -0.007541  -0.002804  0.999968  0.000000  0.000000  
136.176677 0.006703  0.099923  0.005155  0.995697  0.088503  -0.027471  -0.086929  0.994750  0.054001  0.032106  -0.051381  0.998163  0.000265  0.002848  0.003155  0.000000  0.000000  0.000000  2.000000  0.999948  0.006782  0.007560  -0.006803  0.999973  0.002752  -0.007541  -0.002804  0.999968  0.999997  -0.002212  -0.001052  0.002212  0.999998  0.000048  0.001052  -0.000051  0.999999  1.000000  0.000000  0.000000  0.000000  1.000000  0.000000  0.000000  0.000000  1.000000  0.999948  0.006782  0.007560  -0.006803  0.999973  0.002752  -0.007541  -0.002804  0.999968  0.000000  0.000000  
136.177928 0.006702  0.099925  0.005159  0.995715  0.088298  -0.027482  -0.086724  0.994768  0.053995  0.032106  -0.051381  0.998163  0.000094  0.002705  0.003108  0.000000  0.000000  0.000000  2.000000  0.999948  0.006782  0.007560  -0.006803  0.999973  0.002752  -0.007541  -0.002804  0.999968  0.999997  -0.002425  -0.000929  0.002425  0.999997  -0.000201  0.000929  0.000198  1.000000  1.000000  0.000000  0.000000  0.000000  1.000000  0.000000  0.000000  0.000000  1.000000  0.999948  0.006782  0.007560  -0.006803  0.999973  0.002752  -0.007541  -0.002804  0.999968  0.000000  0.000000  
136.178928 0.006702  0.099927  0.005162  0.995719  0.088291  -0.027349  -0.086724  0.994769  0.053984  0.031972  -0.051381  0.998167  0.000038  0.002691  0.003119  0.000000  0.000000  0.000000  2.000000  0.999948  0.006782  0.007560  -0.006803  0.999973  0.002752  -0.007541  -0.002804  0.999968  0.999996  -0.002637  -0.000806  0.002637  0.999997  -0.000207  0.000806  0.000205  1.000000  1.000000  0.000000  0.000000  0.000000  1.000000  0.000000  0.000000  0.000000  1.000000  0.999948  0.006782  0.007560  -0.006803  0.999973  0.002752  -0.007541  -0.002804  0.999968  0.000000  0.000000  
136.180172 0.006702  0.099931  0.005167  0.995737  0.088086  -0.027360  -0.086519  0.994787  0.053978  0.031972  -0.051381  0.998167  0.000017  0.002674  0.003190  0.000000  0.000000  0.000000  2.000000  0.999948  0.006782  0.007560  -0.006803  0.999973  0.002752  -0.007541  -0.002804  0.999968  0.999996  -0.002849  -0.000682  0.002849  0.999996  -0.000214  0.000683  0.000212  1.000000  1.000000  0.000000  0.000000  0.000000  1.000000  0.000000  0.000000  0.000000  1.000000  0.999948  0.006782  0.007560  -0.006803  0.999973  0.002752  -0.007541  -0.002804  0.999968  0.000000  0.000000  
136.181173 0.006703  0.099933  0.005171  0.995755  0.087881  -0.027371  -0.086314  0.994805  0.053973  0.031972  -0.051381  0.998167  0.000060  0.002693  0.003209  0.000000  0.000000  0.000000  2.000000  0.999948  0.006782  0.007560  -0.006803  0.999973  0.002752  -0.007541  -0.002804  0.999968  0.999995  -0.003062  -0.000559  0.003062  0.999995  -0.000220  0.000560  0.000219  1.000000  1.000000  0.000000  0.000000  0.000000  1.000000  0.000000  0.000000  0.000000  1.000000  0.999948  0.006782  0.007560  -0.006803  0.999973  0.002752  -0.007541  -0.002804  0.999968  0.000000  0.000000  
136.182173 0.006704  0.099937  0.005175  0.995773  0.087677  -0.027383  -0.086109  0.994823  0.053967  0.031972  -0.051381  0.998167  0.000104  0.002717  0.003334  0.000000  0.000000  0.000000  2.000000  0.999948  0.006782  0.007560  -0.006803  0.999973  0.002752  -0.007541  -0.002804  0.999968  0.999995  -0.003274  -0.000436  0.003274  0.999995  -0.000348  0.000437  0.000347  1.000000  1.000000  0.000000  0.000000  0.000000  1.000000  0.000000  0.000000  0.000000  1.000000  0.999948  0.006782  0.007560  -0.006803  0.999973  0.002752  -0.007541  -0.002804  0.999968  0.000000  0.000000  
136.183426 0.006706  0.099941  0.005181  0.995790  0.087472  -0.027394  -0.085904  0.994841  0.053961  0.031972  -0.051381  0.998167  0.000202  0.002756  0.003438  0.000000  0.000000  0.000000  2.000000  0.999948  0.006782  0.007560  -0.006803  0.999973  0.002752  -0.007541  -0.002804  0.999968  0.999995  -0.003274  -0.000436  0.003274  0.999995  -0.000348  0.000437  0.000347  1.000000  1.000000  0.000000  0.000000  0.000000  1.000000  0.000000  0.000000  0.000000  1.000000  0.999948  0.006782  0.007560  -0.006803  0.999973  0.002752  -0.007541  -0.002804  0.999968  0.000000  0.000000  
136.184428 0.006708  0.099944  0.005186  0.995790  0.087472  -0.027394  -0.085904  0.994841  0.053961  0.031972  -0.051381  0.998167  0.000284  0.002789  0.003597  0.000000  0.000000  0.000000  2.000000  0.999948  0.006782  0.007560  -0.006803  0.999973  0.002752  -0.007541  -0.002804  0.999968  0.999995  -0.003069  -0.000426  0.003069  0.999995  -0.000342  0.000427  0.000340  1.000000  1.000000  0.000000  0.000000  0.000000  1.000000  0.000000  0.000000  0.000000  1.000000  0.999948  0.006782  0.007560  -0.006803  0.999973  0.002752  -0.007541  -0.002804  0.999968  0.000000  0.000000  
136.185676 0.006711  0.099949  0.005192  0.995808  0.087267  -0.027405  -0.085699  0.994859  0.053956  0.031972  -0.051381  0.998167  0.000497  0.002866  0.003786  0.000000  0.000000  0.000000  2.000000  0.999948  0.006782  0.007560  -0.006803  0.999973  0.002752  -0.007541  -0.002804  0.999968  0.999995  -0.003076  -0.000292  0.003075  0.999995  -0.000342  0.000293  0.000341  1.000000  1.000000  0.000000  0.000000  0.000000  1.000000  0.000000  0.000000  0.000000  1.000000  0.999948  0.006782  0.007560  -0.006803  0.999973  0.002752  -0.007541  -0.002804  0.999968  0.000000  0.000000  
136.186930 0.006714  0.099953  0.005198  0.995826  0.087062  -0.027416  -0.085494  0.994877  0.053950  0.031972  -0.051381  0.998167  0.000716  0.002957  0.003928  0.000000  0.000000  0.000000  2.000000  0.999948  0.006782  0.007560  -0.006803  0.999973  0.002752  -0.007541  -0.002804  0.999968  0.999995  -0.003076  -0.000292  0.003075  0.999995  -0.000342  0.000293  0.000341  1.000000  1.000000  0.000000  0.000000  0.000000  1.000000  0.000000  0.000000  0.000000  1.000000  0.999948  0.006782  0.007560  -0.006803  0.999973  0.002752  -0.007541  -0.002804  0.999968  0.000000  0.000000  
136.188169 0.006718  0.099958  0.005205  0.995843  0.086857  -0.027427  -0.085289  0.994895  0.053944  0.031972  -0.051381  0.998167  0.000964  0.003026  0.004134  0.000000  0.000000  0.000000  2.000000  0.999948  0.006782  0.007560  -0.006803  0.999973  0.002752  -0.007541  -0.002804  0.999968  0.999996  -0.002877  -0.000148  0.002877  0.999996  -0.000335  0.000149  0.000335  1.000000  1.000000  0.000000  0.000000  0.000000  1.000000  0.000000  0.000000  0.000000  1.000000  0.999948  0.006782  0.007560  -0.006803  0.999973  0.002752  -0.007541  -0.002804  0.999968  0.000000  0.000000  
136.189421 0.006722  0.099963  0.005212  0.995843  0.086857  -0.027427  -0.085289  0.994895  0.053944  0.031972  -0.051381  0.998167  0.001223  0.003069  0.004238  0.000000  0.000000  0.000000  2.000000  0.999948  0.006782  0.007560  -0.006803  0.999973  0.002752  -0.007541  -0.002804  0.999968  0.999996  -0.002877  -0.000148  0.002877  0.999996  -0.000335  0.000149  0.000335  1.000000  1.000000  0.000000  0.000000  0.000000  1.000000  0.000000  0.000000  0.000000  1.000000  0.999948  0.006782  0.007560  -0.006803  0.999973  0.002752  -0.007541  -0.002804  0.999968  0.000000  0.000000  
136.190423 0.006726  0.099967  0.005217  0.995843  0.086857  -0.027427  -0.085289  0.994895  0.053944  0.031972  -0.051381  0.998167  0.001543  0.003136  0.004368  0.000000  0.000000  0.000000  2.000000  0.999948  0.006782  0.007560  -0.006803  0.999973  0.002752  -0.007541  -0.002804  0.999968  0.999996  -0.002671  -0.000137  0.002671  0.999996  -0.000328  0.000138  0.000328  1.000000  1.000000  0.000000  0.000000  0.000000  1.000000  0.000000  0.000000  0.000000  1.000000  0.999948  0.006782  0.007560  -0.006803  0.999973  0.002752  -0.007541  -0.002804  0.999968  0.000000  0.000000  
136.191672 0.006732  0.099972  0.005223  0.995861  0.086653  -0.027438  -0.085084  0.994913  0.053939  0.031972  -0.051381  0.998167  0.001927  0.003257  0.004520  0.000000  0.000000  0.000000  2.000000  0.999948  0.006782  0.007560  -0.006803  0.999973  0.002752  -0.007541  -0.002804  0.999968  0.999996  -0.002884  -0.000014  0.002884  0.999996  -0.000335  0.000015  0.000335  1.000000  1.000000  0.000000  0.000000  0.000000  1.000000  0.000000  0.000000  0.000000  1.000000  0.999948  0.006782  0.007560  -0.006803  0.999973  0.002752  -0.007541  -0.002804  0.999968  0.000000  0.000000  
136.192682 0.006736  0.099976  0.005227  0.995861  0.086653  -0.027438  -0.085084  0.994913  0.053939  0.031972  -0.051381  0.998167  0.002277  0.003417  0.004609  0.000000  0.000000  0.000000  2.000000  0.999948  0.006782  0.007560  -0.006803  0.999973  0.002752  -0.007541  -0.002804  0.999968  0.999996  -0.002678  -0.000004  0.002678  0.999996  -0.000328  0.000005  0.000328  1.000000  1.000000  0.000000  0.000000  0.000000  1.000000  0.000000  0.000000  0.000000  1.000000  0.999948  0.006782  0.007560  -0.006803  0.999973  0.002752  -0.007541  -0.002804  0.999968  0.000000  0.000000  
136.193936 0.006742  0.099981  0.005233  0.995861  0.086653  -0.027438  -0.085084  0.994913  0.053939  0.031972  -0.051381  0.998167  0.002734  0.003581  0.004743  0.000000  0.000000  0.000000  2.000000  0.999948  0.006782  0.007560  -0.006803  0.999973  0.002752  -0.007541  -0.002804  0.999968  0.999997  -0.002473  0.000007  0.002473  0.999997  -0.000200  -0.000006  0.000200  1.000000  1.000000  0.000000  0.000000  0.000000  1.000000  0.000000  0.000000  0.000000  1.000000  0.999948  0.006782  0.007560  -0.006803  0.999973  0.002752  -0.007541  -0.002804  0.999968  0.000000  0.000000  
136.195173 0.006749  0.099988  0.005240  0.995861  0.086653  -0.027438  -0.085084  0.994913  0.053939  0.031972  -0.051381  0.998167  0.003150  0.003841  0.004869  0.000000  0.000000  0.000000  2.000000  0.999948  0.006782  0.007560  -0.006803  0.999973  0.002752  -0.007541  -0.002804  0.999968  0.999997  -0.002267  0.000017  0.002267  0.999997  -0.000194  -0.000017  0.000194  1.000000  1.000000  0.000000  0.000000  0.000000  1.000000  0.000000  0.000000  0.000000  1.000000  0.999948  0.006782  0.007560  -0.006803  0.999973  0.002752  -0.007541  -0.002804  0.999968  0.000000  0.000000  
136.196176 0.006755  0.099994  0.005245  0.995856  0.086659  -0.027571  -0.085084  0.994912  0.053950  0.032106  -0.051381  0.998163  0.003512  0.004013  0.004958  0.000000  0.000000  0.000000  2.000000  0.999948  0.006782  0.007560  -0.006803  0.999973  0.002752  -0.007541  -0.002804  0.999968  0.999998  -0.002062  0.000028  0.002062  0.999998  -0.000187  -0.000028  0.000187  1.000000  1.000000  0.000000  0.000000  0.000000  1.000000  0.000000  0.000000  0.000000  1.000000  0.999948  0.006782  0.007560  -0.006803  0.999973  0.002752  -0.007541  -0.002804  0.999968  0.000000  0.000000  
136.197429 0.006763  0.100001  0.005252  0.995856  0.086663  -0.027561  -0.085084  0.994906  0.054071  0.032106  -0.051502  0.998157  0.003937  0.004263  0.005047  0.000000  0.000000  0.000000  2.000000  0.999948  0.006782  0.007560  -0.006803  0.999973  0.002752  -0.007541  -0.002804  0.999968  0.999998  -0.001849  -0.000095  0.001849  0.999998  0.000062  0.000095  -0.000062  1.000000  1.000000  0.000000  0.000000  0.000000  1.000000  0.000000  0.000000  0.000000  1.000000  0.999948  0.006782  0.007560  -0.006803  0.999973  0.002752  -0.007541  -0.002804  0.999968  0.000000  0.000000  
136.198672 0.006770  0.100009  0.005258  0.995874  0.086458  -0.027572  -0.084879  0.994923  0.054065  0.032106  -0.051502  0.998157  0.004294  0.004521  0.005086  0.000000  0.000000  0.000000  2.000000  0.999948  0.006782  0.007560  -0.006803  0.999973  0.002752  -0.007541  -0.002804  0.999968  0.999998  -0.001849  -0.000095  0.001849  0.999998  0.000062  0.000095  -0.000062  1.000000  1.000000  0.000000  0.000000  0.000000  1.000000  0.000000  0.000000  0.000000  1.000000  0.999948  0.006782  0.007560  -0.006803  0.999973  0.002752  -0.007541  -0.002804  0.999968  0.000000  0.000000  
136.199674 0.006777  0.100016  0.005263  0.995874  0.086461  -0.027561  -0.084879  0.994917  0.054186  0.032106  -0.051623  0.998150  0.004562  0.004715  0.005085  0.000000  0.000000  0.000000  2.000000  0.999948  0.006782  0.007560  -0.006803  0.999973  0.002752  -0.007541  -0.002804  0.999968  0.999998  -0.001843  -0.000229  0.001843  0.999998  0.000183  0.000229  -0.000183  1.000000  1.000000  0.000000  0.000000  0.000000  1.000000  0.000000  0.000000  0.000000  1.000000  0.999948  0.006782  0.007560  -0.006803  0.999973  0.002752  -0.007541  -0.002804  0.999968  0.000000  0.000000  
136.200675 0.006783  0.100023  0.005269  0.995874  0.086461  -0.027561  -0.084879  0.994917  0.054186  0.032106  -0.051623  0.998150  0.004837  0.004965  0.005126  0.000000  0.000000  0.000000  2.000000  0.999948  0.006782  0.007560  -0.006803  0.999973  0.002752  -0.007541  -0.002804  0.999968  0.999999  -0.001637  -0.000219  0.001637  0.999999  0.000190  0.000218  -0.000190  1.000000  1.000000  0.000000  0.000000  0.000000  1.000000  0.000000  0.000000  0.000000  1.000000  0.999948  0.006782  0.007560  -0.006803  0.999973  0.002752  -0.007541  -0.002804  0.999968  0.000000  0.000000  
