1-Time 2-Px 3-Py 4-Pz 5-R11 6-R21 7-R31 8-R12 9-R22 10-R32 11-R13 12-R23 13-R33 14-Vx 15-Vy 16-Vz 17-Wx 18-Wy 19-Wz 20-state 21-PR11 22-PR21 23-PR31 24-PR12 25-PR22 26-PR32 27-PR13 28-PR23 29-PR33 
125.456537 0.006080  0.096712  0.004274  0.995316  0.087287  -0.041552  -0.085450  0.995366  0.044097  0.045209  -0.040340  0.998163  -0.005221  0.009981  -0.002105  0.000000  0.000000  0.000000  2.000000  1.000000  0.000000  0.000000  -0.000000  1.000000  0.000000  0.000000  -0.000000  1.000000  0.999999  0.001655  -0.000201  -0.001655  0.999999  0.000074  0.000201  -0.000074  1.000000  1.000000  0.000000  0.000000  0.000000  1.000000  0.000000  0.000000  0.000000  1.000000  0.859610  0.156772  0.486305  -0.241222  0.963540  0.115772  -0.450424  -0.216826  0.866086  0.000000  0.000000  
125.457538 0.006074  0.096723  0.004272  0.995299  0.087492  -0.041543  -0.085655  0.995348  0.044105  0.045209  -0.040340  0.998163  -0.005265  0.010149  -0.002089  0.000000  0.000000  0.000000  2.000000  1.000000  0.000000  0.000000  0.000000  1.000000  0.000000  0.000000  0.000000  1.000000  0.999999  0.001655  -0.000201  -0.001655  0.999999  0.000074  0.000201  -0.000074  1.000000  1.000000  0.000000  0.000000  0.000000  1.000000  0.000000  0.000000  0.000000  1.000000  1.000000  0.000000  0.000000  0.000000  1.000000  0.000000  0.000000  0.000000  1.000000  0.000000  0.000000  
125.458544 0.006070  0.096735  0.004271  0.995257  0.087907  -0.041658  -0.086064  0.995312  0.044134  0.045342  -0.040339  0.998157  -0.005217  0.010325  -0.002038  0.000000  0.000000  0.000000  2.000000  1.000000  0.000000  0.000000  0.000000  1.000000  0.000000  0.000000  0.000000  1.000000  0.999998  0.001860  -0.000193  -0.001860  0.999998  0.000084  0.000193  -0.000083  1.000000  1.000000  0.000000  0.000000  0.000000  1.000000  0.000000  0.000000  0.000000  1.000000  1.000000  0.000000  0.000000  0.000000  1.000000  0.000000  0.000000  0.000000  1.000000  0.000000  0.000000  
125.459790 0.006064  0.096750  0.004270  0.995180  0.088737  -0.041744  -0.086883  0.995233  0.044301  0.045476  -0.040460  0.998146  -0.005175  0.010509  -0.001987  0.000000  0.000000  0.000000  2.000000  1.000000  0.000000  0.000000  0.000000  1.000000  0.000000  0.000000  0.000000  1.000000  0.999996  0.002682  -0.000159  -0.002682  0.999996  0.000243  0.000160  -0.000242  1.000000  1.000000  0.000000  0.000000  0.000000  1.000000  0.000000  0.000000  0.000000  1.000000  1.000000  0.000000  0.000000  0.000000  1.000000  0.000000  0.000000  0.000000  1.000000  0.000000  0.000000  
125.461039 0.006059  0.096764  0.004268  0.995138  0.089157  -0.041848  -0.087293  0.995191  0.044450  0.045610  -0.040581  0.998135  -0.005116  0.010724  -0.001884  0.000000  0.000000  0.000000  2.000000  1.000000  0.000000  0.000000  0.000000  1.000000  0.000000  0.000000  0.000000  1.000000  0.999995  0.003099  -0.000276  -0.003099  0.999995  0.000383  0.000277  -0.000382  1.000000  1.000000  0.000000  0.000000  0.000000  1.000000  0.000000  0.000000  0.000000  1.000000  1.000000  0.000000  0.000000  0.000000  1.000000  0.000000  0.000000  0.000000  1.000000  0.000000  0.000000  
125.462039 0.006054  0.096776  0.004268  0.995102  0.089572  -0.041819  -0.087702  0.995148  0.044588  0.045610  -0.040702  0.998130  -0.005054  0.010815  -0.001756  0.000000  0.000000  0.000000  2.000000  1.000000  0.000000  0.000000  0.000000  1.000000  0.000000  0.000000  0.000000  1.000000  0.999994  0.003310  -0.000400  -0.003309  0.999994  0.000514  0.000402  -0.000513  1.000000  1.000000  0.000000  0.000000  0.000000  1.000000  0.000000  0.000000  0.000000  1.000000  1.000000  0.000000  0.000000  0.000000  1.000000  0.000000  0.000000  0.000000  1.000000  0.000000  0.000000  
125.463292 0.006049  0.096790  0.004267  0.995054  0.090003  -0.042044  -0.088111  0.995100  0.044870  0.045877  -0.040944  0.998108  -0.004963  0.010976  -0.001659  0.000000  0.000000  0.000000  2.000000  1.000000  0.000000  0.000000  0.000000  1.000000  0.000000  0.000000  0.000000  1.000000  0.999994  0.003526  -0.000659  -0.003526  0.999994  0.000646  0.000661  -0.000643  1.000000  1.000000  0.000000  0.000000  0.000000  1.000000  0.000000  0.000000  0.000000  1.000000  1.000000  0.000000  0.000000  0.000000  1.000000  0.000000  0.000000  0.000000  1.000000  0.000000  0.000000  
125.464537 0.006045  0.096806  0.004268  0.994968  0.090838  -0.042262  -0.088929  0.995019  0.045049  0.046144  -0.041064  0.998090  -0.004838  0.011188  -0.001447  0.032648  0.033111  0.181184  2.000000  1.000000  0.000000  0.000000  0.000000  1.000000  0.000000  0.000000  0.000000  1.000000  0.999990  0.004359  -0.000892  -0.004358  0.999990  0.000927  0.000896  -0.000923  0.999999  1.000000  0.000000  0.000000  0.000000  1.000000  0.000000  0.000000  0.000000  1.000000  1.000000  0.000000  0.000000  0.000000  1.000000  0.000000  0.000000  0.000000  1.000000  0.000046  0.000000  
125.465786 0.006039  0.096821  0.004268  0.994864  0.091879  -0.042471  -0.089952  0.994918  0.045238  0.046411  -0.041185  0.998073  -0.004762  0.011315  -0.001267  0.038013  0.040957  0.209174  2.000000  1.000000  0.000045  0.000049  -0.000045  1.000000  0.000014  -0.000049  -0.000014  1.000000  0.999986  0.005192  -0.001124  -0.005191  0.999986  0.001087  0.001130  -0.001082  0.999999  1.000000  0.000045  0.000049  -0.000045  1.000000  0.000014  -0.000049  -0.000014  1.000000  1.000000  0.000045  0.000049  -0.000045  1.000000  0.000014  -0.000049  -0.000014  1.000000  0.000054  0.005422  
125.467037 0.006033  0.096836  0.004268  0.994759  0.092919  -0.042679  -0.090975  0.994817  0.045426  0.046679  -0.041305  0.998056  -0.004717  0.011519  -0.001103  0.043700  0.048516  0.244063  2.000000  1.000000  0.000293  0.000325  -0.000293  1.000000  0.000088  -0.000325  -0.000088  1.000000  0.999980  0.006231  -0.001348  -0.006229  0.999980  0.001258  0.001356  -0.001249  0.999998  1.000000  0.000054  0.000059  -0.000054  1.000000  0.000016  -0.000059  -0.000016  1.000000  1.000000  0.000293  0.000325  -0.000293  1.000000  0.000088  -0.000325  -0.000088  1.000000  0.000063  0.006497  
125.468287 0.006028  0.096851  0.004267  0.994671  0.093759  -0.042885  -0.091793  0.994728  0.045727  0.046946  -0.041547  0.998033  -0.004612  0.011610  -0.000959  0.052859  0.056644  0.265257  2.000000  1.000000  0.000576  0.000635  -0.000577  1.000000  0.000174  -0.000635  -0.000175  1.000000  0.999975  0.006859  -0.001588  -0.006856  0.999975  0.001531  0.001599  -0.001520  0.999998  1.000000  0.000060  0.000064  -0.000060  1.000000  0.000019  -0.000064  -0.000019  1.000000  1.000000  0.000576  0.000635  -0.000577  1.000000  0.000174  -0.000635  -0.000175  1.000000  0.000069  0.007204  
125.469536 0.006023  0.096868  0.004267  0.994582  0.094595  -0.043102  -0.092611  0.994643  0.045908  0.047213  -0.041668  0.998015  -0.004462  0.011870  -0.000737  0.057784  0.059490  0.290645  2.000000  0.999999  0.000899  0.000989  -0.000900  1.000000  0.000273  -0.000988  -0.000274  0.999999  0.999967  0.007892  -0.001678  -0.007889  0.999967  0.001701  0.001691  -0.001688  0.999997  1.000000  0.000068  0.000075  -0.000068  1.000000  0.000021  -0.000075  -0.000021  1.000000  0.999999  0.000899  0.000989  -0.000900  1.000000  0.000273  -0.000988  -0.000274  0.999999  0.000078  0.008244  
125.470786 0.006019  0.096886  0.004269  0.994474  0.095635  -0.043309  -0.093634  0.994539  0.046098  0.047481  -0.041788  0.997998  -0.004292  0.012148  -0.000450  0.063648  0.067803  0.320991  2.000000  0.999998  0.001251  0.001376  -0.001252  0.999999  0.000384  -0.001376  -0.000385  0.999999  0.999962  0.008514  -0.001784  -0.008511  0.999962  0.001854  0.001800  -0.001839  0.999997  1.000000  0.000073  0.000081  -0.000073  1.000000  0.000023  -0.000081  -0.000023  1.000000  0.999998  0.001251  0.001376  -0.001252  0.999999  0.000384  -0.001376  -0.000385  0.999999  0.000084  0.008893  
125.471787 0.006017  0.096900  0.004270  0.994384  0.096470  -0.043525  -0.094451  0.994453  0.046279  0.047748  -0.041909  0.997980  -0.004112  0.012395  -0.000252  0.069054  0.075635  0.349003  2.000000  0.999997  0.001562  0.001718  -0.001563  0.999999  0.000481  -0.001717  -0.000484  0.999998  0.999954  0.009347  -0.002016  -0.009343  0.999954  0.002016  0.002035  -0.001997  0.999996  1.000000  0.000080  0.000089  -0.000080  1.000000  0.000025  -0.000089  -0.000025  1.000000  0.999997  0.001562  0.001718  -0.001563  0.999999  0.000481  -0.001717  -0.000484  0.999998  0.000091  0.009771  
125.472793 0.006014  0.096915  0.004271  0.994299  0.097305  -0.043596  -0.095270  0.994362  0.046569  0.047882  -0.042150  0.997963  -0.003926  0.012586  -0.000064  0.078163  0.079196  0.369759  2.000000  0.999996  0.001819  0.001999  -0.001820  0.999998  0.000560  -0.001998  -0.000564  0.999998  0.999946  0.010181  -0.002247  -0.010176  0.999946  0.002179  0.002269  -0.002156  0.999995  1.000000  0.000088  0.000096  -0.000088  1.000000  0.000027  -0.000096  -0.000027  1.000000  0.999996  0.001819  0.001999  -0.001820  0.999998  0.000560  -0.001998  -0.000564  0.999998  0.000097  0.010649  
125.474043 0.006012  0.096934  0.004272  0.994181  0.098351  -0.043935  -0.096291  0.994254  0.046773  0.048283  -0.042271  0.997939  -0.003724  0.012887  0.000118  0.083987  0.091286  0.405131  2.000000  0.999994  0.002279  0.002498  -0.002281  0.999997  0.000706  -0.002496  -0.000712  0.999997  0.999936  0.011014  -0.002477  -0.011008  0.999936  0.002464  0.002504  -0.002436  0.999994  1.000000  0.000096  0.000104  -0.000096  1.000000  0.000031  -0.000104  -0.000031  1.000000  0.999994  0.002279  0.002498  -0.002281  0.999997  0.000706  -0.002496  -0.000712  0.999997  0.000106  0.011553  
125.475298 0.006009  0.096951  0.004273  0.994082  0.099197  -0.044271  -0.097108  0.994159  0.047090  0.048683  -0.042512  0.997909  -0.003550  0.013034  0.000279  0.093132  0.103787  0.426122  2.000000  0.999992  0.002688  0.002931  -0.002691  0.999996  0.000834  -0.002928  -0.000842  0.999995  0.999926  0.011854  -0.002841  -0.011846  0.999926  0.002629  0.002872  -0.002595  0.999993  1.000000  0.000105  0.000110  -0.000105  1.000000  0.000033  -0.000110  -0.000033  1.000000  0.999992  0.002688  0.002931  -0.002691  0.999996  0.000834  -0.002928  -0.000842  0.999995  0.000113  0.012466  
125.476540 0.006005  0.096967  0.004275  0.993989  0.100038  -0.044474  -0.097925  0.994065  0.047393  0.048951  -0.042753  0.997886  -0.003414  0.013177  0.000432  0.102647  0.111576  0.454152  2.000000  0.999989  0.003240  0.003504  -0.003244  0.999994  0.001008  -0.003500  -0.001019  0.999993  0.999914  0.012693  -0.003204  -0.012684  0.999915  0.002916  0.003240  -0.002875  0.999991  1.000000  0.000114  0.000117  -0.000114  1.000000  0.000036  -0.000117  -0.000036  1.000000  0.999989  0.003240  0.003504  -0.003244  0.999994  0.001008  -0.003500  -0.001019  0.999993  0.000122  0.013408  
125.477789 0.006002  0.096983  0.004277  0.993868  0.101084  -0.044811  -0.098946  0.993954  0.047599  0.049352  -0.042874  0.997861  -0.003298  0.013204  0.000608  0.108119  0.123874  0.482335  2.000000  0.999984  0.003831  0.004109  -0.003836  0.999992  0.001198  -0.004104  -0.001214  0.999991  0.999903  0.013527  -0.003432  -0.013516  0.999904  0.003202  0.003475  -0.003156  0.999989  1.000000  0.000122  0.000125  -0.000122  1.000000  0.000040  -0.000125  -0.000040  1.000000  0.999984  0.003831  0.004109  -0.003836  0.999992  0.001198  -0.004104  -0.001214  0.999991  0.000129  0.014314  
125.478790 0.006000  0.096995  0.004279  0.993794  0.101720  -0.045023  -0.099559  0.993878  0.047895  0.049619  -0.043115  0.997837  -0.003159  0.013212  0.000781  0.117320  0.131936  0.503448  2.000000  0.999980  0.004334  0.004618  -0.004341  0.999990  0.001361  -0.004612  -0.001381  0.999988  0.999896  0.013950  -0.003680  -0.013938  0.999897  0.003347  0.003726  -0.003296  0.999988  1.000000  0.000127  0.000128  -0.000127  1.000000  0.000042  -0.000128  -0.000042  1.000000  0.999980  0.004334  0.004618  -0.004341  0.999990  0.001361  -0.004612  -0.001381  0.999988  0.000136  0.014805  
125.480041 0.005997  0.097008  0.004282  0.993692  0.102561  -0.045369  -0.100375  0.993787  0.048093  0.050020  -0.043235  0.997812  -0.003015  0.013118  0.000991  0.122533  0.140040  0.524606  2.000000  0.999974  0.004979  0.005258  -0.004987  0.999986  0.001573  -0.005250  -0.001599  0.999985  0.999892  0.014168  -0.003935  -0.014154  0.999894  0.003484  0.003984  -0.003428  0.999986  1.000000  0.000131  0.000129  -0.000131  1.000000  0.000043  -0.000129  -0.000043  1.000000  0.999974  0.004979  0.005258  -0.004987  0.999986  0.001573  -0.005250  -0.001599  0.999985  0.000142  0.015105  
125.481282 0.005993  0.097021  0.004286  0.993595  0.103402  -0.045570  -0.101192  0.993689  0.048398  0.050287  -0.043477  0.997788  -0.002892  0.012996  0.001206  0.132085  0.147812  0.552653  2.000000  0.999968  0.005511  0.005770  -0.005521  0.999983  0.001746  -0.005760  -0.001778  0.999982  0.999891  0.014180  -0.004200  -0.014165  0.999894  0.003490  0.004249  -0.003430  0.999985  1.000000  0.000134  0.000127  -0.000134  1.000000  0.000043  -0.000127  -0.000043  1.000000  0.999968  0.005511  0.005770  -0.005521  0.999983  0.001746  -0.005760  -0.001778  0.999982  0.000148  0.015189  
125.482287 0.005990  0.097031  0.004287  0.993540  0.103828  -0.045803  -0.101600  0.993639  0.048565  0.050554  -0.043597  0.997769  -0.002780  0.012811  0.001359  0.136059  0.155227  0.563377  2.000000  0.999962  0.006055  0.006286  -0.006067  0.999980  0.001922  -0.006275  -0.001960  0.999978  0.999884  0.014597  -0.004314  -0.014582  0.999888  0.003514  0.004365  -0.003451  0.999985  1.000000  0.000138  0.000131  -0.000138  1.000000  0.000044  -0.000131  -0.000044  1.000000  0.999962  0.006055  0.006286  -0.006067  0.999980  0.001922  -0.006275  -0.001960  0.999978  0.000155  0.015615  
125.483287 0.005987  0.097040  0.004291  0.993464  0.104459  -0.046026  -0.102212  0.993568  0.048741  0.050822  -0.043718  0.997750  -0.002680  0.012631  0.001622  0.141701  0.164539  0.580995  2.000000  0.999955  0.006608  0.006804  -0.006623  0.999976  0.002097  -0.006790  -0.002142  0.999975  0.999883  0.014603  -0.004446  -0.014588  0.999887  0.003518  0.004497  -0.003453  0.999984  1.000000  0.000140  0.000130  -0.000140  1.000000  0.000044  -0.000130  -0.000044  1.000000  0.999955  0.006608  0.006804  -0.006623  0.999976  0.002097  -0.006790  -0.002142  0.999975  0.000157  0.015659  
125.484534 0.005985  0.097053  0.004294  0.993387  0.105090  -0.046249  -0.102824  0.993496  0.048917  0.051089  -0.043838  0.997732  -0.002554  0.012331  0.001779  0.146860  0.172623  0.602121  2.000000  0.999945  0.007307  0.007457  -0.007325  0.999970  0.002315  -0.007440  -0.002369  0.999970  0.999886  0.014398  -0.004453  -0.014383  0.999890  0.003512  0.004503  -0.003447  0.999984  1.000000  0.000138  0.000128  -0.000138  1.000000  0.000043  -0.000128  -0.000044  1.000000  0.999945  0.007307  0.007457  -0.007325  0.999970  0.002315  -0.007440  -0.002369  0.999970  0.000163  0.015468  
125.485536 0.005983  0.097063  0.004296  0.993331  0.105511  -0.046494  -0.103232  0.993451  0.048964  0.051356  -0.043837  0.997718  -0.002446  0.012008  0.001871  0.147289  0.181336  0.609466  2.000000  0.999937  0.007861  0.007969  -0.007881  0.999966  0.002487  -0.007949  -0.002549  0.999965  0.999889  0.014199  -0.004594  -0.014183  0.999893  0.003505  0.004644  -0.003439  0.999983  1.000000  0.000139  0.000125  -0.000139  1.000000  0.000043  -0.000125  -0.000043  1.000000  0.999937  0.007861  0.007969  -0.007881  0.999966  0.002487  -0.007949  -0.002549  0.999965  0.000166  0.015323  
125.486786 0.005980  0.097075  0.004299  0.993246  0.106148  -0.046850  -0.103843  0.993378  0.049155  0.051757  -0.043958  0.997692  -0.002418  0.011651  0.001948  0.151264  0.192340  0.625673  2.000000  0.999927  0.008545  0.008590  -0.008568  0.999960  0.002698  -0.008567  -0.002772  0.999959  0.999892  0.013988  -0.004468  -0.013973  0.999896  0.003498  0.004517  -0.003435  0.999984  1.000000  0.000136  0.000123  -0.000136  1.000000  0.000043  -0.000123  -0.000043  1.000000  0.999927  0.008545  0.008590  -0.008568  0.999960  0.002698  -0.008567  -0.002772  0.999959  0.000172  0.015089  
125.487787 0.005978  0.097086  0.004301  0.993196  0.106568  -0.046949  -0.104251  0.993328  0.049308  0.051891  -0.044078  0.997680  -0.002416  0.011375  0.002050  0.155666  0.196448  0.632656  2.000000  0.999918  0.009083  0.009067  -0.009110  0.999954  0.002864  -0.009040  -0.002946  0.999955  0.999900  0.013378  -0.004628  -0.013362  0.999905  0.003470  0.004674  -0.003408  0.999983  1.000000  0.000134  0.000116  -0.000134  1.000000  0.000043  -0.000116  -0.000043  1.000000  0.999918  0.009083  0.009067  -0.009110  0.999954  0.002864  -0.009040  -0.002946  0.999955  0.000173  0.014568  
125.488788 0.005975  0.097095  0.004304  0.993161  0.106784  -0.047204  -0.104454  0.993305  0.049346  0.052158  -0.044078  0.997666  -0.002475  0.010953  0.002142  0.155129  0.201493  0.619166  2.000000  0.999911  0.009488  0.009418  -0.009516  0.999950  0.002985  -0.009390  -0.003074  0.999951  0.999899  0.013384  -0.004761  -0.013368  0.999905  0.003352  0.004806  -0.003288  0.999983  1.000000  0.000135  0.000115  -0.000135  1.000000  0.000041  -0.000115  -0.000042  1.000000  0.999911  0.009488  0.009418  -0.009516  0.999950  0.002985  -0.009390  -0.003074  0.999951  0.000173  0.014589  
125.489805 0.005973  0.097106  0.004306  0.993104  0.107211  -0.047437  -0.104862  0.993253  0.049514  0.052425  -0.044198  0.997646  -0.002499  0.010706  0.002251  0.156138  0.207792  0.617359  2.000000  0.999901  0.010015  0.009866  -0.010046  0.999945  0.003140  -0.009834  -0.003239  0.999946  0.999908  0.012762  -0.004655  -0.012747  0.999914  0.003201  0.004696  -0.003141  0.999984  1.000000  0.000130  0.000109  -0.000130  1.000000  0.000040  -0.000109  -0.000040  1.000000  0.999901  0.010015  0.009866  -0.010046  0.999945  0.003140  -0.009834  -0.003239  0.999946  0.000169  0.013950  
125.491040 0.005968  0.097117  0.004308  0.993047  0.107631  -0.047682  -0.105269  0.993208  0.049561  0.052692  -0.044197  0.997632  -0.002543  0.010365  0.002280  0.148198  0.212336  0.617941  2.000000  0.999891  0.010539  0.010298  -0.010574  0.999939  0.003295  -0.010262  -0.003404  0.999942  0.999910  0.012563  -0.004797  -0.012548  0.999916  0.003194  0.004836  -0.003133  0.999983  1.000000  0.000131  0.000106  -0.000131  1.000000  0.000040  -0.000106  -0.000040  1.000000  0.999891  0.010539  0.010298  -0.010574  0.999939  0.003295  -0.010262  -0.003404  0.999942  0.000169  0.013815  
125.492289 0.005963  0.097129  0.004312  0.992996  0.108046  -0.047794  -0.105677  0.993163  0.049595  0.052826  -0.044197  0.997625  -0.002644  0.010157  0.002383  0.142983  0.210506  0.612730  2.000000  0.999879  0.011183  0.010815  -0.011221  0.999931  0.003478  -0.010775  -0.003599  0.999935  0.999915  0.012152  -0.004815  -0.012138  0.999922  0.002933  0.004850  -0.002874  0.999984  1.000000  0.000128  0.000101  -0.000128  1.000000  0.000036  -0.000101  -0.000036  1.000000  0.999879  0.011183  0.010815  -0.011221  0.999931  0.003478  -0.010775  -0.003599  0.999935  0.000171  0.013390  
125.493289 0.005958  0.097137  0.004315  0.992968  0.108257  -0.047917  -0.105881  0.993140  0.049619  0.052959  -0.044197  0.997618  -0.002851  0.009887  0.002464  0.138682  0.210762  0.605894  2.000000  0.999869  0.011679  0.011204  -0.011720  0.999925  0.003616  -0.011161  -0.003747  0.999931  0.999925  0.011324  -0.004718  -0.011311  0.999932  0.002770  0.004749  -0.002716  0.999985  1.000000  0.000122  0.000093  -0.000122  1.000000  0.000034  -0.000093  -0.000034  1.000000  0.999869  0.011679  0.011204  -0.011720  0.999925  0.003616  -0.011161  -0.003747  0.999931  0.000170  0.012571  
125.494540 0.005951  0.097147  0.004319  0.992917  0.108671  -0.048029  -0.106289  0.993095  0.049653  0.053093  -0.044197  0.997611  -0.003131  0.009639  0.002562  0.134907  0.208960  0.590285  2.000000  0.999857  0.012268  0.011651  -0.012313  0.999917  0.003773  -0.011604  -0.003916  0.999925  0.999933  0.010696  -0.004479  -0.010685  0.999940  0.002496  0.004505  -0.002448  0.999987  1.000000  0.000115  0.000088  -0.000115  1.000000  0.000031  -0.000088  -0.000031  1.000000  0.999857  0.012268  0.011651  -0.012313  0.999917  0.003773  -0.011604  -0.003916  0.999925  0.000166  0.011856  
125.495786 0.005943  0.097156  0.004323  0.992881  0.108888  -0.048284  -0.106492  0.993071  0.049692  0.053360  -0.044196  0.997597  -0.003433  0.009304  0.002568  0.129580  0.205518  0.562204  2.000000  0.999845  0.012818  0.012061  -0.012866  0.999910  0.003916  -0.012010  -0.004071  0.999920  0.999942  0.009862  -0.004248  -0.009852  0.999949  0.002333  0.004271  -0.002291  0.999988  1.000000  0.000108  0.000080  -0.000108  1.000000  0.000029  -0.000080  -0.000029  1.000000  0.999845  0.012818  0.012061  -0.012866  0.999910  0.003916  -0.012010  -0.004071  0.999920  0.000158  0.010984  
125.496788 0.005937  0.097164  0.004327  0.992852  0.109098  -0.048407  -0.106696  0.993048  0.049716  0.053494  -0.044196  0.997590  -0.003665  0.009155  0.002643  0.124532  0.206363  0.541475  2.000000  0.999838  0.013133  0.012292  -0.013183  0.999905  0.003995  -0.012238  -0.004156  0.999916  0.999947  0.009445  -0.004133  -0.009436  0.999953  0.002191  0.004153  -0.002152  0.999989  1.000000  0.000104  0.000076  -0.000104  1.000000  0.000027  -0.000076  -0.000027  1.000000  0.999838  0.013133  0.012292  -0.013183  0.999905  0.003995  -0.012238  -0.004156  0.999916  0.000153  0.010536  
125.498036 0.005928  0.097172  0.004331  0.992801  0.109513  -0.048519  -0.107104  0.993002  0.049750  0.053628  -0.044195  0.997583  -0.004024  0.008929  0.002760  0.115798  0.202414  0.527535  2.000000  0.999827  0.013640  0.012654  -0.013693  0.999898  0.004112  -0.012597  -0.004285  0.999911  0.999952  0.008829  -0.004160  -0.008821  0.999959  0.001918  0.004177  -0.001881  0.999990  1.000000  0.000100  0.000069  -0.000100  1.000000  0.000024  -0.000069  -0.000024  1.000000  0.999827  0.013640  0.012654  -0.013693  0.999898  0.004112  -0.012597  -0.004285  0.999911  0.000149  0.009943  
125.499038 0.005921  0.097180  0.004336  0.992771  0.109717  -0.048655  -0.107307  0.992985  0.049654  0.053761  -0.044074  0.997581  -0.004342  0.008783  0.002938  0.106656  0.203284  0.506765  2.000000  0.999818  0.014025  0.012923  -0.014080  0.999892  0.004191  -0.012863  -0.004372  0.999908  0.999958  0.008206  -0.004055  -0.008200  0.999965  0.001522  0.004068  -0.001489  0.999991  1.000000  0.000095  0.000063  -0.000095  1.000000  0.000019  -0.000063  -0.000019  1.000000  0.999818  0.014025  0.012923  -0.014080  0.999892  0.004191  -0.012863  -0.004372  0.999908  0.000143  0.009277  
125.500040 0.005914  0.097187  0.004340  0.992742  0.109927  -0.048777  -0.107511  0.992962  0.049678  0.053895  -0.044074  0.997573  -0.004694  0.008574  0.003013  0.101981  0.199361  0.492783  2.000000  0.999810  0.014394  0.013172  -0.014452  0.999886  0.004259  -0.013109  -0.004448  0.999904  0.999962  0.007789  -0.003940  -0.007784  0.999969  0.001380  0.003951  -0.001349  0.999991  1.000000  0.000091  0.000060  -0.000091  1.000000  0.000017  -0.000060  -0.000017  1.000000  0.999810  0.014394  0.013172  -0.014452  0.999886  0.004259  -0.013109  -0.004448  0.999904  0.000140  0.008835  
125.501041 0.005907  0.097194  0.004344  0.992735  0.109933  -0.048910  -0.107510  0.992961  0.049693  0.054028  -0.044073  0.997566  -0.005066  0.008390  0.003106  0.096582  0.196003  0.464919  2.000000  0.999801  0.014744  0.013405  -0.014803  0.999881  0.004319  -0.013339  -0.004516  0.999901  0.999966  0.007366  -0.003691  -0.007362  0.999972  0.001238  0.003700  -0.001210  0.999992  1.000000  0.000086  0.000057  -0.000086  1.000000  0.000015  -0.000057  -0.000015  1.000000  0.999801  0.014744  0.013405  -0.014803  0.999881  0.004319  -0.013339  -0.004516  0.999901  0.000134  0.008330  
125.502286 0.005897  0.097203  0.004349  0.992683  0.110348  -0.049022  -0.107918  0.992915  0.049727  0.054162  -0.044073  0.997559  -0.005468  0.008137  0.003232  0.091145  0.195037  0.447602  2.000000  0.999792  0.015147  0.013668  -0.015208  0.999875  0.004379  -0.013600  -0.004586  0.999897  0.999971  0.006738  -0.003451  -0.006735  0.999977  0.000963  0.003458  -0.000939  0.999994  1.000000  0.000079  0.000051  -0.000079  1.000000  0.000012  -0.000051  -0.000012  1.000000  0.999792  0.015147  0.013668  -0.015208  0.999875  0.004379  -0.013600  -0.004586  0.999897  0.000127  0.007630  
125.503540 0.005888  0.097212  0.004354  0.992661  0.110546  -0.049025  -0.108122  0.992899  0.049617  0.054162  -0.043952  0.997564  -0.005898  0.007890  0.003420  0.077955  0.184566  0.416046  2.000000  0.999784  0.015455  0.013870  -0.015518  0.999870  0.004415  -0.013800  -0.004630  0.999894  0.999974  0.006521  -0.003194  -0.006518  0.999979  0.000709  0.003198  -0.000688  0.999995  1.000000  0.000075  0.000051  -0.000075  1.000000  0.000009  -0.000051  -0.000009  1.000000  0.999784  0.015455  0.013870  -0.015518  0.999870  0.004415  -0.013800  -0.004630  0.999894  0.000121  0.007294  
125.504551 0.005881  0.097220  0.004360  0.992632  0.110757  -0.049148  -0.108326  0.992875  0.049641  0.054296  -0.043952  0.997557  -0.006228  0.007732  0.003643  0.073275  0.176151  0.401850  2.000000  0.999777  0.015751  0.014067  -0.015815  0.999865  0.004444  -0.013995  -0.004665  0.999891  0.999975  0.006309  -0.003069  -0.006308  0.999980  0.000577  0.003073  -0.000558  0.999995  1.000000  0.000073  0.000049  -0.000073  1.000000  0.000007  -0.000049  -0.000007  1.000000  0.999777  0.015751  0.014067  -0.015815  0.999865  0.004444  -0.013995  -0.004665  0.999891  0.000114  0.007039  
125.505800 0.005871  0.097230  0.004366  0.992587  0.111159  -0.049141  -0.108735  0.992836  0.049541  0.054296  -0.043831  0.997562  -0.006584  0.007592  0.003911  0.060006  0.167978  0.380621  2.000000  0.999770  0.016035  0.014258  -0.016100  0.999860  0.004464  -0.014184  -0.004693  0.999888  0.999977  0.006098  -0.002945  -0.006097  0.999981  0.000324  0.002947  -0.000306  0.999996  1.000000  0.000070  0.000048  -0.000070  1.000000  0.000004  -0.000048  -0.000004  1.000000  0.999770  0.016035  0.014258  -0.016100  0.999860  0.004464  -0.014184  -0.004693  0.999888  0.000111  0.006779  
125.506801 0.005863  0.097237  0.004372  0.992557  0.111370  -0.049263  -0.108938  0.992812  0.049566  0.054429  -0.043830  0.997555  -0.006830  0.007503  0.004101  0.055289  0.164061  0.366626  2.000000  0.999764  0.016240  0.014400  -0.016306  0.999857  0.004474  -0.014325  -0.004707  0.999886  0.999977  0.006092  -0.002812  -0.006091  0.999981  0.000324  0.002814  -0.000307  0.999996  1.000000  0.000069  0.000048  -0.000069  1.000000  0.000004  -0.000048  -0.000004  1.000000  0.999764  0.016240  0.014400  -0.016306  0.999857  0.004474  -0.014325  -0.004707  0.999886  0.000105  0.006717  
125.508039 0.005852  0.097246  0.004378  0.992535  0.111568  -0.049266  -0.109143  0.992795  0.049456  0.054429  -0.043709  0.997561  -0.007146  0.007414  0.004255  0.041774  0.154985  0.343387  2.000000  0.999756  0.016561  0.014622  -0.016628  0.999852  0.004476  -0.014545  -0.004718  0.999883  0.999982  0.005463  -0.002572  -0.005463  0.999985  0.000048  0.002573  -0.000034  0.999997  1.000000  0.000062  0.000043  -0.000062  1.000000  0.000001  -0.000043  -0.000001  1.000000  0.999756  0.016561  0.014622  -0.016628  0.999852  0.004476  -0.014545  -0.004718  0.999883  0.000098  0.006039  
125.509039 0.005843  0.097254  0.004383  0.992512  0.111767  -0.049270  -0.109347  0.992778  0.049345  0.054429  -0.043588  0.997566  -0.007417  0.007364  0.004397  0.032955  0.146434  0.328785  2.000000  0.999749  0.016800  0.014795  -0.016868  0.999848  0.004471  -0.014718  -0.004719  0.999881  0.999982  0.005451  -0.002306  -0.005452  0.999985  -0.000194  0.002305  0.000207  0.999997  1.000000  0.000059  0.000045  -0.000059  1.000000  -0.000003  -0.000045  0.000003  1.000000  0.999749  0.016800  0.014795  -0.016868  0.999848  0.004471  -0.014718  -0.004719  0.999881  0.000093  0.005922  
125.510292 0.005833  0.097264  0.004390  0.992467  0.112175  -0.049249  -0.109756  0.992732  0.049366  0.054429  -0.043588  0.997566  -0.007633  0.007383  0.004638  0.024107  0.130709  0.310434  2.000000  0.999741  0.017079  0.015012  -0.017148  0.999843  0.004454  -0.014934  -0.004710  0.999877  0.999984  0.005234  -0.002047  -0.005235  0.999986  -0.000206  0.002046  0.000216  0.999998  1.000000  0.000055  0.000044  -0.000055  1.000000  -0.000003  -0.000044  0.000003  1.000000  0.999741  0.017079  0.015012  -0.017148  0.999843  0.004454  -0.014934  -0.004710  0.999877  0.000089  0.005624  
125.511540 0.005822  0.097274  0.004398  0.992422  0.112578  -0.049243  -0.110164  0.992692  0.049265  0.054429  -0.043467  0.997571  -0.007770  0.007478  0.004850  0.015597  0.121838  0.302693  2.000000  0.999735  0.017291  0.015194  -0.017360  0.999839  0.004433  -0.015115  -0.004695  0.999875  0.999985  0.005222  -0.001781  -0.005223  0.999986  -0.000448  0.001778  0.000457  0.999998  1.000000  0.000052  0.000045  -0.000052  1.000000  -0.000006  -0.000045  0.000006  1.000000  0.999735  0.017291  0.015194  -0.017360  0.999839  0.004433  -0.015115  -0.004695  0.999875  0.000085  0.005536  
125.512786 0.005813  0.097285  0.004406  0.992377  0.112987  -0.049223  -0.110573  0.992645  0.049286  0.054429  -0.043467  0.997571  -0.007804  0.007659  0.005096  0.011466  0.111918  0.299850  2.000000  0.999727  0.017538  0.015425  -0.017608  0.999835  0.004400  -0.015345  -0.004671  0.999871  0.999986  0.005005  -0.001522  -0.005006  0.999987  -0.000459  0.001520  0.000467  0.999999  1.000000  0.000048  0.000045  -0.000048  1.000000  -0.000006  -0.000045  0.000006  1.000000  0.999727  0.017538  0.015425  -0.017608  0.999835  0.004400  -0.015345  -0.004671  0.999871  0.000081  0.005252  
125.513787 0.005805  0.097294  0.004413  0.992346  0.113191  -0.049359  -0.110776  0.992627  0.049190  0.054563  -0.043346  0.997569  -0.007861  0.007750  0.005248  0.002737  0.108963  0.288350  2.000000  0.999723  0.017681  0.015564  -0.017751  0.999833  0.004381  -0.015484  -0.004656  0.999869  0.999986  0.005205  -0.001380  -0.005205  0.999986  -0.000447  0.001377  0.000455  0.999999  1.000000  0.000047  0.000048  -0.000047  1.000000  -0.000006  -0.000048  0.000006  1.000000  0.999723  0.017681  0.015564  -0.017751  0.999833  0.004381  -0.015484  -0.004656  0.999869  0.000079  0.005403  
125.515036 0.005796  0.097306  0.004423  0.992301  0.113600  -0.049339  -0.111185  0.992581  0.049211  0.054563  -0.043346  0.997569  -0.007857  0.007961  0.005550  -0.001654  0.099427  0.278719  2.000000  0.999723  0.017681  0.015564  -0.017751  0.999833  0.004381  -0.015484  -0.004656  0.999869  0.999987  0.004993  -0.001256  -0.004994  0.999987  -0.000580  0.001253  0.000586  0.999999  1.000000  0.000000  0.000000  0.000000  1.000000  0.000000  0.000000  0.000000  1.000000  0.999723  0.017681  0.015564  -0.017751  0.999833  0.004381  -0.015484  -0.004656  0.999869  0.000076  0.000000  
125.516286 0.005788  0.097319  0.004433  0.992278  0.113804  -0.049328  -0.111389  0.992557  0.049221  0.054563  -0.043346  0.997569  -0.007831  0.008252  0.005982  -0.006371  0.086643  0.264447  2.000000  0.999718  0.017816  0.015711  -0.017887  0.999831  0.004357  -0.015631  -0.004636  0.999867  0.999986  0.005193  -0.001113  -0.005193  0.999986  -0.000569  0.001110  0.000575  0.999999  1.000000  0.000044  0.000049  -0.000044  1.000000  -0.000007  -0.000049  0.000007  1.000000  0.999718  0.017816  0.015711  -0.017887  0.999831  0.004357  -0.015631  -0.004636  0.999867  0.000072  0.005341  
125.517534 0.005780  0.097332  0.004444  0.992209  0.114417  -0.049298  -0.112002  0.992487  0.049251  0.054563  -0.043346  0.997569  -0.007703  0.008523  0.006377  -0.010468  0.078375  0.266301  2.000000  0.999710  0.018036  0.015961  -0.018107  0.999827  0.004317  -0.015881  -0.004604  0.999863  0.999986  0.005187  -0.000979  -0.005187  0.999986  -0.000569  0.000976  0.000574  0.999999  1.000000  0.000043  0.000050  -0.000043  1.000000  -0.000007  -0.000050  0.000007  1.000000  0.999710  0.018036  0.015961  -0.018107  0.999827  0.004317  -0.015881  -0.004604  0.999863  0.000069  0.005309  
125.518536 0.005774  0.097342  0.004453  0.992186  0.114621  -0.049288  -0.112206  0.992463  0.049261  0.054563  -0.043346  0.997569  -0.007576  0.008714  0.006625  -0.010344  0.068803  0.263663  2.000000  0.999703  0.018206  0.016171  -0.018277  0.999824  0.004285  -0.016090  -0.004579  0.999860  0.999985  0.005386  -0.000837  -0.005387  0.999985  -0.000558  0.000834  0.000562  0.999999  1.000000  0.000043  0.000053  -0.000043  1.000000  -0.000007  -0.000053  0.000007  1.000000  0.999703  0.018206  0.016171  -0.018277  0.999824  0.004285  -0.016090  -0.004579  0.999860  0.000069  0.005480  
125.519550 0.005768  0.097352  0.004463  0.992132  0.115036  -0.049400  -0.112614  0.992415  0.049297  0.054696  -0.043346  0.997562  -0.007491  0.008851  0.006891  -0.014458  0.064883  0.265729  2.000000  0.999699  0.018333  0.016330  -0.018405  0.999822  0.004262  -0.016249  -0.004561  0.999858  0.999985  0.005386  -0.000837  -0.005387  0.999985  -0.000436  0.000834  0.000440  1.000000  1.000000  0.000043  0.000053  -0.000043  1.000000  -0.000005  -0.000053  0.000005  1.000000  0.999699  0.018333  0.016330  -0.018405  0.999822  0.004262  -0.016249  -0.004561  0.999858  0.000069  0.005468  
125.520782 0.005761  0.097365  0.004475  0.992086  0.115444  -0.049380  -0.113022  0.992368  0.049317  0.054696  -0.043346  0.997562  -0.007337  0.009071  0.007272  -0.013953  0.059587  0.270172  2.000000  0.999692  0.018504  0.016554  -0.018577  0.999818  0.004237  -0.016472  -0.004543  0.999854  0.999984  0.005586  -0.000694  -0.005586  0.999984  -0.000424  0.000692  0.000428  1.000000  1.000000  0.000042  0.000056  -0.000042  1.000000  -0.000005  -0.000056  0.000005  1.000000  0.999692  0.018504  0.016554  -0.018577  0.999818  0.004237  -0.016472  -0.004543  0.999854  0.000068  0.005645  
125.521788 0.005756  0.097376  0.004485  0.992063  0.115649  -0.049370  -0.113227  0.992344  0.049327  0.054696  -0.043346  0.997562  -0.007157  0.009237  0.007530  -0.014284  0.050968  0.262896  2.000000  0.999685  0.018672  0.016788  -0.018745  0.999815  0.004211  -0.016706  -0.004525  0.999850  0.999983  0.005785  -0.000551  -0.005786  0.999983  -0.000413  0.000549  0.000416  1.000000  1.000000  0.000042  0.000059  -0.000042  1.000000  -0.000005  -0.000059  0.000005  1.000000  0.999685  0.018672  0.016788  -0.018745  0.999815  0.004211  -0.016706  -0.004525  0.999850  0.000068  0.005826  
125.522805 0.005751  0.097386  0.004494  0.992016  0.116057  -0.049349  -0.113635  0.992296  0.049348  0.054696  -0.043346  0.997562  -0.006864  0.009478  0.007855  -0.014378  0.046874  0.264746  2.000000  0.999677  0.018838  0.017031  -0.018912  0.999812  0.004186  -0.016949  -0.004507  0.999846  0.999983  0.005780  -0.000418  -0.005780  0.999983  -0.000413  0.000415  0.000416  1.000000  1.000000  0.000041  0.000060  -0.000041  1.000000  -0.000005  -0.000060  0.000005  1.000000  0.999677  0.018838  0.017031  -0.018912  0.999812  0.004186  -0.016949  -0.004507  0.999846  0.000066  0.005809  
125.524039 0.005744  0.097399  0.004506  0.991969  0.116466  -0.049329  -0.114044  0.992248  0.049368  0.054696  -0.043346  0.997562  -0.006614  0.009679  0.008235  -0.014367  0.042404  0.264677  2.000000  0.999670  0.019007  0.017288  -0.019081  0.999809  0.004162  -0.017205  -0.004490  0.999842  0.999981  0.006184  -0.000266  -0.006185  0.999981  -0.000391  0.000264  0.000392  1.000000  1.000000  0.000042  0.000065  -0.000042  1.000000  -0.000005  -0.000065  0.000005  1.000000  0.999670  0.019007  0.017288  -0.019081  0.999809  0.004162  -0.017205  -0.004490  0.999842  0.000069  0.006203  
125.525040 0.005739  0.097410  0.004516  0.991922  0.116874  -0.049309  -0.114452  0.992200  0.049388  0.054696  -0.043346  0.997562  -0.006343  0.009915  0.008536  -0.013601  0.037302  0.278255  2.000000  0.999662  0.019175  0.017553  -0.019251  0.999806  0.004144  -0.017470  -0.004480  0.999837  0.999980  0.006390  -0.000257  -0.006390  0.999980  -0.000258  0.000255  0.000260  1.000000  1.000000  0.000043  0.000068  -0.000043  1.000000  -0.000003  -0.000068  0.000003  1.000000  0.999662  0.019175  0.017553  -0.019251  0.999806  0.004144  -0.017470  -0.004480  0.999837  0.000070  0.006400  
125.526286 0.005734  0.097424  0.004530  0.991875  0.117283  -0.049288  -0.114860  0.992152  0.049408  0.054696  -0.043346  0.997562  -0.006037  0.010197  0.008885  -0.013111  0.032264  0.282832  2.000000  0.999652  0.019380  0.017892  -0.019457  0.999802  0.004121  -0.017809  -0.004467  0.999831  0.999980  0.006384  -0.000123  -0.006384  0.999980  -0.000258  0.000122  0.000259  1.000000  1.000000  0.000041  0.000068  -0.000041  1.000000  -0.000003  -0.000068  0.000003  1.000000  0.999652  0.019380  0.017892  -0.019457  0.999802  0.004121  -0.017809  -0.004467  0.999831  0.000072  0.006390  
125.527287 0.005730  0.097436  0.004540  0.991827  0.117697  -0.049254  -0.115269  0.992098  0.049549  0.054696  -0.043467  0.997556  -0.005777  0.010389  0.009186  -0.009116  0.028005  0.284841  2.000000  0.999646  0.019504  0.018097  -0.019582  0.999800  0.004111  -0.018013  -0.004464  0.999828  0.999980  0.006384  -0.000123  -0.006384  0.999980  -0.000137  0.000122  0.000138  1.000000  1.000000  0.000041  0.000068  -0.000041  1.000000  -0.000002  -0.000068  0.000002  1.000000  0.999646  0.019504  0.018097  -0.019582  0.999800  0.004111  -0.018013  -0.004464  0.999828  0.000070  0.006387  
125.528289 0.005726  0.097448  0.004551  0.991796  0.117907  -0.049376  -0.115472  0.992073  0.049575  0.054830  -0.043466  0.997549  -0.005487  0.010624  0.009495  -0.004959  0.027791  0.282483  2.000000  0.999638  0.019669  0.018379  -0.019748  0.999797  0.004107  -0.018294  -0.004469  0.999823  0.999978  0.006589  -0.000113  -0.006589  0.999978  0.000118  0.000114  -0.000117  1.000000  1.000000  0.000042  0.000071  -0.000042  1.000000  0.000001  -0.000071  -0.000001  1.000000  0.999638  0.019669  0.018379  -0.019748  0.999797  0.004107  -0.018294  -0.004469  0.999823  0.000072  0.006591  
125.529538 0.005721  0.097464  0.004566  0.991725  0.118520  -0.049346  -0.116085  0.992000  0.049605  0.054830  -0.043466  0.997549  -0.005188  0.010832  0.009812  -0.004175  0.018275  0.295755  2.000000  0.999627  0.019885  0.018739  -0.019965  0.999792  0.004108  -0.018653  -0.004480  0.999816  0.999977  0.006795  -0.000104  -0.006795  0.999977  0.000129  0.000105  -0.000128  1.000000  1.000000  0.000044  0.000073  -0.000044  1.000000  0.000002  -0.000073  -0.000002  1.000000  0.999627  0.019885  0.018739  -0.019965  0.999792  0.004108  -0.018653  -0.004480  0.999816  0.000073  0.006797  
125.530539 0.005718  0.097476  0.004578  0.991677  0.118934  -0.049311  -0.116493  0.991945  0.049746  0.054830  -0.043587  0.997544  -0.004959  0.011012  0.010082  0.000264  0.013613  0.304928  2.000000  0.999618  0.020060  0.019033  -0.020142  0.999789  0.004116  -0.018946  -0.004498  0.999810  0.999977  0.006795  -0.000104  -0.006795  0.999977  0.000371  0.000106  -0.000371  1.000000  1.000000  0.000044  0.000073  -0.000044  1.000000  0.000005  -0.000073  -0.000005  1.000000  0.999618  0.020060  0.019033  -0.020142  0.999789  0.004116  -0.018946  -0.004498  0.999810  0.000074  0.006806  
