1-Time 2-Px 3-Py 4-Pz 5-R11 6-R21 7-R31 8-R12 9-R22 10-R32 11-R13 12-R23 13-R33 14-Vx 15-Vy 16-Vz 17-Wx 18-Wy 19-Wz 20-state 21-PR11 22-PR21 23-PR31 24-PR12 25-PR22 26-PR32 27-PR13 28-PR23 29-PR33 
172.607490 0.008095  0.101219  -0.001819  0.988438  0.129072  -0.079566  -0.123339  0.989661  0.073206  0.088192  -0.062546  0.994138  -0.000582  0.001495  0.001242  0.000000  0.000000  0.000000  2.000000  1.000000  0.000000  0.000000  -0.000000  1.000000  0.000000  0.000000  -0.000000  1.000000  0.999995  0.003053  0.000460  -0.003054  0.999995  0.000879  -0.000458  -0.000880  1.000000  1.000000  0.000000  0.000000  0.000000  1.000000  0.000000  0.000000  0.000000  1.000000  0.735993  0.321325  0.595873  -0.387543  0.921669  -0.018336  -0.555089  -0.217431  0.802870  0.000000  0.000000  
172.608499 0.008095  0.101220  -0.001818  0.988413  0.129276  -0.079551  -0.123543  0.989634  0.073222  0.088192  -0.062546  0.994138  -0.000543  0.001502  0.001272  0.000000  0.000000  0.000000  2.000000  1.000000  0.000000  0.000000  0.000000  1.000000  0.000000  0.000000  0.000000  1.000000  0.999995  0.003053  0.000461  -0.003054  0.999995  0.001000  -0.000458  -0.001001  0.999999  1.000000  0.000000  0.000000  0.000000  1.000000  0.000000  0.000000  0.000000  1.000000  1.000000  0.000000  0.000000  0.000000  1.000000  0.000000  0.000000  0.000000  1.000000  0.000000  0.000000  
172.609744 0.008097  0.101224  -0.001816  0.988261  0.130321  -0.079724  -0.124557  0.989490  0.073457  0.088459  -0.062665  0.994107  -0.000342  0.001605  0.001302  0.047919  -0.010757  0.171979  2.000000  1.000000  0.000000  0.000000  0.000000  1.000000  0.000000  0.000000  0.000000  1.000000  0.999993  0.003684  0.000233  -0.003684  0.999993  0.001055  -0.000229  -0.001056  0.999999  1.000000  0.000000  0.000000  0.000000  1.000000  0.000000  0.000000  0.000000  1.000000  1.000000  0.000000  0.000000  0.000000  1.000000  0.000000  0.000000  0.000000  1.000000  0.000043  0.000000  
172.610747 0.008098  0.101226  -0.001814  0.988135  0.131172  -0.079895  -0.125368  0.989362  0.073797  0.088725  -0.062905  0.994068  -0.000211  0.001649  0.001322  0.057459  -0.003069  0.191586  2.000000  1.000000  0.000000  0.000000  0.000000  1.000000  0.000000  0.000000  0.000000  1.000000  0.999990  0.004511  0.000152  -0.004511  0.999989  0.001250  -0.000146  -0.001250  0.999999  1.000000  0.000000  0.000000  0.000000  1.000000  0.000000  0.000000  0.000000  1.000000  1.000000  0.000000  0.000000  0.000000  1.000000  0.000000  0.000000  0.000000  1.000000  0.000048  0.000000  
172.612008 0.008101  0.101227  -0.001813  0.987982  0.132226  -0.080051  -0.126382  0.989206  0.074152  0.088992  -0.063144  0.994029  -0.000028  0.001619  0.001303  0.068532  0.004129  0.221127  2.000000  1.000000  0.000106  0.000168  -0.000106  1.000000  0.000060  -0.000168  -0.000060  1.000000  0.999986  0.005355  -0.000195  -0.005354  0.999984  0.001688  0.000204  -0.001687  0.999999  1.000000  0.000036  0.000057  -0.000036  1.000000  0.000021  -0.000057  -0.000021  1.000000  1.000000  0.000106  0.000168  -0.000106  1.000000  0.000060  -0.000168  -0.000060  1.000000  0.000057  0.005618  
172.613261 0.008103  0.101229  -0.001812  0.987866  0.133078  -0.080074  -0.127194  0.989069  0.074595  0.089125  -0.063505  0.993994  0.000224  0.001554  0.001306  0.082589  0.006790  0.247001  2.000000  1.000000  0.000269  0.000413  -0.000269  1.000000  0.000154  -0.000413  -0.000154  1.000000  0.999981  0.006190  -0.000408  -0.006190  0.999979  0.002005  0.000420  -0.002002  0.999998  1.000000  0.000043  0.000064  -0.000043  1.000000  0.000025  -0.000064  -0.000025  1.000000  1.000000  0.000269  0.000413  -0.000269  1.000000  0.000154  -0.000413  -0.000154  1.000000  0.000064  0.006519  
172.614515 0.008108  0.101231  -0.001811  0.987725  0.133938  -0.080375  -0.128003  0.988938  0.074952  0.089525  -0.063744  0.993943  0.000579  0.001598  0.001297  0.089197  0.018952  0.270375  2.000000  1.000000  0.000455  0.000681  -0.000456  1.000000  0.000265  -0.000681  -0.000265  1.000000  0.999977  0.006822  -0.000633  -0.006820  0.999974  0.002304  0.000649  -0.002300  0.999997  1.000000  0.000050  0.000070  -0.000050  1.000000  0.000029  -0.000070  -0.000029  1.000000  1.000000  0.000455  0.000681  -0.000456  1.000000  0.000265  -0.000681  -0.000265  1.000000  0.000070  0.007227  
172.615759 0.008112  0.101234  -0.001808  0.987530  0.135204  -0.080645  -0.129218  0.988750  0.075343  0.089925  -0.063983  0.993891  0.000952  0.001677  0.001344  0.100550  0.030221  0.305798  2.000000  0.999999  0.000681  0.000981  -0.000681  1.000000  0.000390  -0.000981  -0.000391  0.999999  0.999969  0.007871  -0.000965  -0.007868  0.999966  0.002641  0.000986  -0.002634  0.999996  1.000000  0.000060  0.000079  -0.000060  1.000000  0.000033  -0.000079  -0.000033  1.000000  0.999999  0.000681  0.000981  -0.000681  1.000000  0.000390  -0.000981  -0.000391  0.999999  0.000079  0.008357  
172.616998 0.008115  0.101237  -0.001806  0.987280  0.136887  -0.080867  -0.130840  0.988495  0.075888  0.090325  -0.064342  0.993832  0.001177  0.001720  0.001435  0.117778  0.040134  0.361639  2.000000  0.999999  0.000954  0.001329  -0.000955  0.999999  0.000533  -0.001329  -0.000534  0.999999  0.999955  0.009338  -0.001404  -0.009334  0.999952  0.003017  0.001432  -0.003004  0.999994  1.000000  0.000074  0.000092  -0.000074  1.000000  0.000038  -0.000092  -0.000038  1.000000  0.999999  0.000954  0.001329  -0.000955  0.999999  0.000533  -0.001329  -0.000534  0.999999  0.000092  0.009911  
172.617999 0.008118  0.101239  -0.001804  0.987082  0.138143  -0.081152  -0.132054  0.988312  0.076161  0.090724  -0.064460  0.993788  0.001385  0.001741  0.001400  0.125038  0.051397  0.396917  2.000000  0.999998  0.001191  0.001627  -0.001192  0.999999  0.000656  -0.001626  -0.000658  0.999998  0.999945  0.010379  -0.001601  -0.010373  0.999941  0.003355  0.001636  -0.003338  0.999993  1.000000  0.000082  0.000102  -0.000082  1.000000  0.000042  -0.000102  -0.000042  1.000000  0.999998  0.001191  0.001627  -0.001192  0.999999  0.000656  -0.001626  -0.000658  0.999998  0.000103  0.011022  
172.619001 0.008121  0.101242  -0.001803  0.986921  0.139198  -0.081303  -0.133067  0.988149  0.076519  0.090991  -0.064700  0.993748  0.001648  0.001844  0.001393  0.136287  0.058110  0.431685  2.000000  0.999997  0.001458  0.001952  -0.001459  0.999999  0.000786  -0.001951  -0.000789  0.999998  0.999935  0.011223  -0.001945  -0.011216  0.999931  0.003555  0.001985  -0.003533  0.999992  1.000000  0.000091  0.000109  -0.000091  1.000000  0.000044  -0.000109  -0.000044  1.000000  0.999997  0.001458  0.001952  -0.001459  0.999999  0.000786  -0.001951  -0.000789  0.999998  0.000111  0.011930  
172.620249 0.008126  0.101247  -0.001802  0.986708  0.140472  -0.081701  -0.134279  0.987953  0.076931  0.091524  -0.064938  0.993683  0.002020  0.002062  0.001379  0.143598  0.073788  0.467237  2.000000  0.999995  0.001854  0.002425  -0.001856  0.999998  0.000973  -0.002424  -0.000977  0.999997  0.999920  0.012478  -0.002262  -0.012469  0.999915  0.003914  0.002310  -0.003885  0.999990  1.000000  0.000103  0.000121  -0.000103  1.000000  0.000049  -0.000121  -0.000049  1.000000  0.999995  0.001854  0.002425  -0.001856  0.999998  0.000973  -0.002424  -0.000977  0.999997  0.000122  0.013267  
172.621250 0.008130  0.101252  -0.001800  0.986545  0.141526  -0.081851  -0.135292  0.987787  0.077291  0.091790  -0.065177  0.993643  0.002343  0.002323  0.001407  0.154312  0.085454  0.495732  2.000000  0.999994  0.002182  0.002807  -0.002185  0.999997  0.001124  -0.002804  -0.001130  0.999995  0.999905  0.013527  -0.002592  -0.013516  0.999900  0.004134  0.002648  -0.004098  0.999988  1.000000  0.000113  0.000130  -0.000113  1.000000  0.000051  -0.000130  -0.000051  1.000000  0.999994  0.002182  0.002807  -0.002185  0.999997  0.001124  -0.002804  -0.001130  0.999995  0.000130  0.014376  
172.622254 0.008135  0.101258  -0.001797  0.986340  0.142782  -0.082134  -0.136505  0.987598  0.077567  0.092190  -0.065295  0.993598  0.002725  0.002647  0.001480  0.162159  0.096202  0.537606  2.000000  0.999992  0.002538  0.003214  -0.002542  0.999996  0.001285  -0.003211  -0.001294  0.999994  0.999892  0.014372  -0.002935  -0.014359  0.999887  0.004457  0.002998  -0.004414  0.999986  1.000000  0.000122  0.000137  -0.000122  1.000000  0.000055  -0.000137  -0.000055  1.000000  0.999992  0.002538  0.003214  -0.002542  0.999996  0.001285  -0.003211  -0.001294  0.999994  0.000139  0.015326  
172.623259 0.008142  0.101265  -0.001795  0.986122  0.144056  -0.082529  -0.137716  0.987397  0.077981  0.092723  -0.065533  0.993533  0.003111  0.003010  0.001562  0.173583  0.111877  0.573132  2.000000  0.999989  0.002925  0.003652  -0.002931  0.999995  0.001458  -0.003647  -0.001469  0.999992  0.999873  0.015627  -0.003249  -0.015611  0.999867  0.004818  0.003324  -0.004767  0.999983  1.000000  0.000133  0.000149  -0.000133  1.000000  0.000060  -0.000149  -0.000060  1.000000  0.999989  0.002925  0.003652  -0.002931  0.999995  0.001458  -0.003647  -0.001469  0.999992  0.000149  0.016666  
172.624501 0.008151  0.101274  -0.001791  0.985873  0.145534  -0.082908  -0.139130  0.987165  0.078414  0.093256  -0.065771  0.993467  0.003622  0.003419  0.001680  0.180807  0.125650  0.617635  2.000000  0.999985  0.003493  0.004280  -0.003500  0.999992  0.001700  -0.004275  -0.001715  0.999989  0.999847  0.017095  -0.003682  -0.017076  0.999841  0.005081  0.003769  -0.005017  0.999980  1.000000  0.000147  0.000162  -0.000147  1.000000  0.000063  -0.000162  -0.000063  1.000000  0.999985  0.003493  0.004280  -0.003500  0.999992  0.001700  -0.004275  -0.001715  0.999989  0.000163  0.018203  
172.625511 0.008158  0.101281  -0.001789  0.985664  0.146800  -0.083170  -0.140343  0.986961  0.078812  0.093655  -0.066009  0.993414  0.003970  0.003715  0.001746  0.193581  0.137757  0.657501  2.000000  0.999981  0.003955  0.004781  -0.003964  0.999990  0.001894  -0.004773  -0.001913  0.999987  0.999827  0.018154  -0.004142  -0.018132  0.999821  0.005428  0.004240  -0.005351  0.999977  1.000000  0.000159  0.000170  -0.000159  1.000000  0.000067  -0.000170  -0.000067  1.000000  0.999981  0.003955  0.004781  -0.003964  0.999990  0.001894  -0.004773  -0.001913  0.999987  0.000173  0.019386  
172.626747 0.008166  0.101288  -0.001784  0.985398  0.148296  -0.083660  -0.141754  0.986714  0.079385  0.094321  -0.066367  0.993327  0.004422  0.004122  0.001980  0.208269  0.156242  0.695050  2.000000  0.999974  0.004618  0.005489  -0.004630  0.999987  0.002172  -0.005479  -0.002197  0.999983  0.999805  0.019214  -0.004602  -0.019187  0.999799  0.005775  0.004712  -0.005686  0.999973  1.000000  0.000170  0.000179  -0.000170  1.000000  0.000072  -0.000179  -0.000072  1.000000  0.999974  0.004618  0.005489  -0.004630  0.999987  0.002172  -0.005479  -0.002197  0.999983  0.000183  0.020573  
172.628013 0.008174  0.101293  -0.001779  0.985172  0.149580  -0.084034  -0.142964  0.986496  0.079924  0.094854  -0.066725  0.993252  0.004764  0.004392  0.002246  0.221322  0.172949  0.735782  2.000000  0.999964  0.005509  0.006418  -0.005525  0.999982  0.002541  -0.006404  -0.002576  0.999976  0.999778  0.020479  -0.005044  -0.020447  0.999772  0.006144  0.005169  -0.006039  0.999968  1.000000  0.000183  0.000190  -0.000183  1.000000  0.000076  -0.000190  -0.000076  1.000000  0.999964  0.005509  0.006418  -0.005525  0.999982  0.002541  -0.006404  -0.002576  0.999976  0.000195  0.021954  
172.629257 0.008182  0.101298  -0.001774  0.984932  0.150874  -0.084538  -0.144172  0.986274  0.080483  0.095520  -0.067082  0.993165  0.005060  0.004565  0.002526  0.237081  0.193099  0.771988  2.000000  0.999954  0.006275  0.007201  -0.006295  0.999976  0.002856  -0.007183  -0.002901  0.999970  0.999752  0.021548  -0.005633  -0.021511  0.999747  0.006618  0.005774  -0.006495  0.999962  1.000000  0.000196  0.000197  -0.000196  1.000000  0.000082  -0.000197  -0.000082  1.000000  0.999954  0.006275  0.007201  -0.006295  0.999976  0.002856  -0.007183  -0.002901  0.999970  0.000205  0.023219  
172.630260 0.008189  0.101301  -0.001769  0.984732  0.151945  -0.084944  -0.145178  0.986094  0.080886  0.096053  -0.067319  0.993097  0.005255  0.004585  0.002693  0.247966  0.209144  0.800594  2.000000  0.999946  0.006885  0.007812  -0.006909  0.999971  0.003108  -0.007791  -0.003162  0.999965  0.999726  0.022608  -0.006090  -0.022566  0.999721  0.006969  0.006246  -0.006830  0.999957  1.000000  0.000208  0.000206  -0.000208  1.000000  0.000086  -0.000206  -0.000086  1.000000  0.999946  0.006885  0.007812  -0.006909  0.999971  0.003108  -0.007791  -0.003162  0.999965  0.000214  0.024412  
172.631506 0.008196  0.101305  -0.001764  0.984488  0.153239  -0.085445  -0.146385  0.985869  0.081448  0.096719  -0.067676  0.993008  0.005504  0.004615  0.002861  0.259638  0.229185  0.836645  2.000000  0.999932  0.007754  0.008656  -0.007784  0.999964  0.003462  -0.008629  -0.003529  0.999957  0.999696  0.023688  -0.006811  -0.023638  0.999694  0.007324  0.006983  -0.007161  0.999950  1.000000  0.000223  0.000213  -0.000223  1.000000  0.000091  -0.000213  -0.000091  1.000000  0.999932  0.007754  0.008656  -0.007784  0.999964  0.003462  -0.008629  -0.003529  0.999957  0.000224  0.025692  
172.632754 0.008202  0.101306  -0.001759  0.984286  0.154320  -0.085831  -0.147390  0.985676  0.081973  0.097251  -0.068034  0.992932  0.005637  0.004499  0.003011  0.274508  0.245047  0.864879  2.000000  0.999917  0.008671  0.009528  -0.008708  0.999955  0.003834  -0.009494  -0.003916  0.999947  0.999672  0.024545  -0.007278  -0.024488  0.999670  0.007779  0.007467  -0.007599  0.999943  1.000000  0.000233  0.000219  -0.000233  1.000000  0.000096  -0.000219  -0.000096  1.000000  0.999917  0.008671  0.009528  -0.008708  0.999955  0.003834  -0.009494  -0.003916  0.999947  0.000233  0.026734  
172.634007 0.008207  0.101306  -0.001755  0.984082  0.155392  -0.086234  -0.148396  0.985491  0.082380  0.097784  -0.068271  0.992863  0.005766  0.004270  0.003282  0.281373  0.261012  0.893537  2.000000  0.999900  0.009613  0.010411  -0.009657  0.999944  0.004219  -0.010370  -0.004319  0.999937  0.999665  0.024770  -0.007522  -0.024709  0.999662  0.008055  0.007719  -0.007866  0.999939  1.000000  0.000237  0.000220  -0.000237  1.000000  0.000099  -0.000220  -0.000100  1.000000  0.999900  0.009613  0.010411  -0.009657  0.999944  0.004219  -0.010370  -0.004319  0.999937  0.000242  0.027086  
172.635256 0.008212  0.101307  -0.001751  0.983907  0.156271  -0.086635  -0.149198  0.985327  0.082889  0.098317  -0.068629  0.992786  0.005827  0.003955  0.003460  0.295965  0.277616  0.915976  2.000000  0.999880  0.010569  0.011290  -0.010622  0.999933  0.004611  -0.011240  -0.004731  0.999926  0.999661  0.024799  -0.007916  -0.024734  0.999661  0.008189  0.008116  -0.007990  0.999935  1.000000  0.000242  0.000218  -0.000242  1.000000  0.000101  -0.000218  -0.000101  1.000000  0.999880  0.010569  0.011290  -0.010622  0.999933  0.004611  -0.011240  -0.004731  0.999926  0.000248  0.027263  
172.636497 0.008218  0.101310  -0.001746  0.983745  0.157131  -0.086922  -0.150002  0.985174  0.083259  0.098716  -0.068867  0.992730  0.005786  0.003699  0.003561  0.306193  0.294106  0.937855  2.000000  0.999860  0.011534  0.012162  -0.011595  0.999920  0.005009  -0.012103  -0.005150  0.999913  0.999665  0.024606  -0.008055  -0.024539  0.999664  0.008300  0.008257  -0.008099  0.999933  1.000000  0.000242  0.000215  -0.000242  1.000000  0.000102  -0.000215  -0.000103  1.000000  0.999860  0.011534  0.012162  -0.011595  0.999920  0.005009  -0.012103  -0.005150  0.999913  0.000255  0.027161  
172.637500 0.008222  0.101313  -0.001742  0.983582  0.157990  -0.087209  -0.150806  0.985020  0.083630  0.099116  -0.069105  0.992673  0.005669  0.003454  0.003666  0.312408  0.306042  0.959441  2.000000  0.999843  0.012267  0.012819  -0.012336  0.999910  0.005309  -0.012753  -0.005466  0.999904  0.999652  0.025035  -0.008287  -0.024966  0.999653  0.008350  0.008493  -0.008140  0.999931  1.000000  0.000247  0.000218  -0.000247  1.000000  0.000103  -0.000218  -0.000103  1.000000  0.999843  0.012267  0.012819  -0.012336  0.999910  0.005309  -0.012753  -0.005466  0.999904  0.000261  0.027633  
172.638505 0.008225  0.101316  -0.001737  0.983449  0.158647  -0.087513  -0.151408  0.984897  0.083983  0.099515  -0.069343  0.992617  0.005421  0.003165  0.003750  0.321280  0.314267  0.966374  2.000000  0.999825  0.013010  0.013478  -0.013086  0.999899  0.005609  -0.013404  -0.005784  0.999893  0.999650  0.025055  -0.008547  -0.024984  0.999653  0.008360  0.008754  -0.008143  0.999929  1.000000  0.000250  0.000217  -0.000250  1.000000  0.000103  -0.000217  -0.000103  1.000000  0.999825  0.013010  0.013478  -0.013086  0.999899  0.005609  -0.013404  -0.005784  0.999893  0.000265  0.027733  
172.639750 0.008228  0.101321  -0.001731  0.983316  0.159304  -0.087816  -0.152009  0.984774  0.084337  0.099914  -0.069581  0.992560  0.005019  0.002902  0.003966  0.320442  0.319585  0.953423  2.000000  0.999799  0.014004  0.014348  -0.014092  0.999883  0.006006  -0.014262  -0.006207  0.999879  0.999655  0.024852  -0.008556  -0.024781  0.999658  0.008349  0.008761  -0.008134  0.999929  1.000000  0.000249  0.000215  -0.000249  1.000000  0.000103  -0.000215  -0.000103  1.000000  0.999799  0.014004  0.014348  -0.014092  0.999883  0.006006  -0.014262  -0.006207  0.999879  0.000264  0.027549  
172.640750 0.008230  0.101323  -0.001727  0.983214  0.159759  -0.088136  -0.152408  0.984684  0.084673  0.100314  -0.069819  0.992503  0.004692  0.002654  0.004066  0.322876  0.329839  0.933640  2.000000  0.999779  0.014742  0.014983  -0.014838  0.999870  0.006301  -0.014889  -0.006522  0.999868  0.999668  0.024249  -0.008731  -0.024177  0.999674  0.008177  0.008926  -0.007963  0.999928  1.000000  0.000247  0.000207  -0.000247  1.000000  0.000101  -0.000207  -0.000101  1.000000  0.999779  0.014742  0.014983  -0.014838  0.999870  0.006301  -0.014889  -0.006522  0.999868  0.000261  0.027009  
172.641759 0.008231  0.101326  -0.001722  0.983124  0.160193  -0.088345  -0.152808  0.984605  0.084870  0.100580  -0.069938  0.992468  0.004306  0.002519  0.004148  0.318298  0.330040  0.926546  2.000000  0.999759  0.015472  0.015597  -0.015577  0.999857  0.006595  -0.015493  -0.006836  0.999857  0.999682  0.023636  -0.008770  -0.023565  0.999689  0.008125  0.008959  -0.007916  0.999929  1.000000  0.000243  0.000200  -0.000244  1.000000  0.000100  -0.000200  -0.000100  1.000000  0.999759  0.015472  0.015597  -0.015577  0.999857  0.006595  -0.015493  -0.006836  0.999857  0.000259  0.026459  
172.642998 0.008230  0.101330  -0.001716  0.983021  0.160637  -0.088684  -0.153207  0.984524  0.085087  0.100979  -0.070055  0.992419  0.003757  0.002409  0.004200  0.311306  0.336606  0.912982  2.000000  0.999731  0.016421  0.016373  -0.016537  0.999839  0.006976  -0.016256  -0.007245  0.999842  0.999711  0.022401  -0.008723  -0.022332  0.999719  0.007887  0.008897  -0.007690  0.999931  1.000000  0.000235  0.000187  -0.000235  1.000000  0.000097  -0.000187  -0.000097  1.000000  0.999731  0.016421  0.016373  -0.016537  0.999839  0.006976  -0.016256  -0.007245  0.999842  0.000256  0.025272  
172.644107 0.008228  0.101331  -0.001711  0.982931  0.161072  -0.088891  -0.153607  0.984445  0.085284  0.101246  -0.070174  0.992383  0.003075  0.002193  0.004219  0.303524  0.338844  0.903505  2.000000  0.999710  0.017113  0.016926  -0.017238  0.999825  0.007256  -0.016799  -0.007545  0.999830  0.999726  0.021778  -0.008631  -0.021712  0.999735  0.007710  0.008797  -0.007521  0.999933  1.000000  0.000230  0.000181  -0.000230  1.000000  0.000095  -0.000181  -0.000095  1.000000  0.999710  0.017113  0.016926  -0.017238  0.999825  0.007256  -0.016799  -0.007545  0.999830  0.000254  0.024635  
172.645251 0.008224  0.101332  -0.001705  0.982855  0.161497  -0.088968  -0.154010  0.984367  0.085460  0.101379  -0.070293  0.992361  0.002365  0.002077  0.004302  0.296978  0.329113  0.885068  2.000000  0.999682  0.018013  0.017632  -0.018150  0.999806  0.007620  -0.017491  -0.007938  0.999816  0.999744  0.020951  -0.008555  -0.020887  0.999754  0.007512  0.008710  -0.007332  0.999935  1.000000  0.000224  0.000173  -0.000224  1.000000  0.000093  -0.000173  -0.000093  1.000000  0.999682  0.018013  0.017632  -0.018150  0.999806  0.007620  -0.017491  -0.007938  0.999816  0.000250  0.023819  
172.646513 0.008219  0.101333  -0.001698  0.982764  0.161932  -0.089175  -0.154410  0.984287  0.085658  0.101645  -0.070412  0.992326  0.001446  0.001912  0.004378  0.290956  0.325851  0.843404  2.000000  0.999654  0.018882  0.018305  -0.019031  0.999787  0.007974  -0.018150  -0.008320  0.999801  0.999762  0.020125  -0.008478  -0.020063  0.999772  0.007314  0.008624  -0.007142  0.999937  1.000000  0.000218  0.000164  -0.000218  1.000000  0.000090  -0.000164  -0.000090  1.000000  0.999654  0.018882  0.018305  -0.019031  0.999787  0.007974  -0.018150  -0.008320  0.999801  0.000242  0.023005  
172.647764 0.008213  0.101333  -0.001692  0.982674  0.162367  -0.089383  -0.154811  0.984207  0.085855  0.101911  -0.070530  0.992290  0.000631  0.001823  0.004494  0.282154  0.324939  0.809416  2.000000  0.999626  0.019711  0.018931  -0.019872  0.999768  0.008318  -0.018763  -0.008691  0.999786  0.999797  0.018451  -0.008062  -0.018395  0.999806  0.007029  0.008190  -0.006880  0.999943  1.000000  0.000203  0.000149  -0.000203  1.000000  0.000087  -0.000149  -0.000087  1.000000  0.999626  0.019711  0.018931  -0.019872  0.999768  0.008318  -0.018763  -0.008691  0.999786  0.000229  0.021304  
172.649006 0.008206  0.101333  -0.001686  0.982628  0.162590  -0.089477  -0.155011  0.984161  0.086014  0.102044  -0.070649  0.992268  -0.000031  0.001789  0.004621  0.273635  0.315929  0.766496  2.000000  0.999599  0.020499  0.019510  -0.020670  0.999749  0.008647  -0.019328  -0.009046  0.999772  0.999817  0.017410  -0.007867  -0.017357  0.999826  0.006809  0.007984  -0.006671  0.999946  1.000000  0.000194  0.000139  -0.000194  1.000000  0.000084  -0.000139  -0.000084  1.000000  0.999599  0.020499  0.019510  -0.020670  0.999749  0.008647  -0.019328  -0.009046  0.999772  0.000222  0.020260  
172.650259 0.008200  0.101334  -0.001678  0.982537  0.163024  -0.089684  -0.155411  0.984081  0.086211  0.102310  -0.070768  0.992232  -0.001035  0.001790  0.004915  0.266348  0.313589  0.731461  2.000000  0.999573  0.021243  0.020045  -0.021426  0.999730  0.008962  -0.019849  -0.009387  0.999759  0.999841  0.016155  -0.007554  -0.016107  0.999850  0.006446  0.007657  -0.006323  0.999951  1.000000  0.000183  0.000127  -0.000183  1.000000  0.000080  -0.000127  -0.000080  1.000000  0.999573  0.021243  0.020045  -0.021426  0.999730  0.008962  -0.019849  -0.009387  0.999759  0.000213  0.018943  
172.651506 0.008194  0.101335  -0.001671  0.982446  0.163459  -0.089891  -0.155812  0.984000  0.086409  0.102577  -0.070886  0.992196  -0.001862  0.001625  0.005029  0.262337  0.307808  0.704443  2.000000  0.999548  0.021946  0.020534  -0.022139  0.999712  0.009261  -0.020325  -0.009712  0.999746  0.999860  0.015105  -0.007227  -0.015060  0.999867  0.006222  0.007320  -0.006112  0.999955  1.000000  0.000173  0.000118  -0.000173  1.000000  0.000077  -0.000118  -0.000077  1.000000  0.999548  0.021946  0.020534  -0.022139  0.999712  0.009261  -0.020325  -0.009712  0.999746  0.000203  0.017845  
172.652747 0.008186  0.101335  -0.001666  0.982401  0.163682  -0.089984  -0.156012  0.983954  0.086568  0.102710  -0.071006  0.992174  -0.002550  0.001394  0.005015  0.253001  0.298631  0.664091  2.000000  0.999524  0.022616  0.020996  -0.022821  0.999694  0.009548  -0.020774  -0.010023  0.999734  0.999870  0.014482  -0.007136  -0.014440  0.999878  0.005921  0.007221  -0.005817  0.999957  1.000000  0.000168  0.000112  -0.000168  1.000000  0.000073  -0.000112  -0.000073  1.000000  0.999524  0.022616  0.020996  -0.022821  0.999694  0.009548  -0.020774  -0.010023  0.999734  0.000194  0.017179  
172.653758 0.008180  0.101334  -0.001662  0.982336  0.164087  -0.089948  -0.156416  0.983887  0.086605  0.102710  -0.071006  0.992174  -0.003135  0.001139  0.004937  0.243644  0.285342  0.633796  2.000000  0.999506  0.023096  0.021323  -0.023308  0.999681  0.009754  -0.021091  -0.010246  0.999725  0.999885  0.013626  -0.006662  -0.013589  0.999892  0.005594  0.006737  -0.005503  0.999962  1.000000  0.000158  0.000105  -0.000158  1.000000  0.000069  -0.000105  -0.000069  1.000000  0.999506  0.023096  0.021323  -0.023308  0.999681  0.009754  -0.021091  -0.010246  0.999725  0.000185  0.016151  
172.654772 0.008175  0.101335  -0.001658  0.982291  0.164310  -0.090042  -0.156616  0.983841  0.086764  0.102843  -0.071125  0.992151  -0.003756  0.000874  0.004912  0.236347  0.274106  0.598480  2.000000  0.999488  0.023553  0.021635  -0.023772  0.999668  0.009952  -0.021394  -0.010462  0.999716  0.999892  0.013198  -0.006423  -0.013164  0.999899  0.005432  0.006494  -0.005347  0.999965  1.000000  0.000152  0.000102  -0.000152  1.000000  0.000067  -0.000102  -0.000067  1.000000  0.999488  0.023553  0.021635  -0.023772  0.999668  0.009952  -0.021394  -0.010462  0.999716  0.000176  0.015637  
172.655999 0.008168  0.101335  -0.001653  0.982226  0.164715  -0.090006  -0.157021  0.983773  0.086801  0.102843  -0.071125  0.992151  -0.004247  0.000691  0.004825  0.223880  0.260490  0.565780  2.000000  0.999467  0.024114  0.022022  -0.024343  0.999652  0.010198  -0.021769  -0.010728  0.999705  0.999915  0.011709  -0.005727  -0.011681  0.999920  0.004921  0.005784  -0.004854  0.999971  1.000000  0.000135  0.000091  -0.000135  1.000000  0.000061  -0.000091  -0.000061  1.000000  0.999467  0.024114  0.022022  -0.024343  0.999652  0.010198  -0.021769  -0.010728  0.999705  0.000165  0.013922  
172.657002 0.008162  0.101335  -0.001649  0.982194  0.164918  -0.089988  -0.157223  0.983740  0.086819  0.102843  -0.071125  0.992151  -0.004636  0.000520  0.004821  0.213265  0.244549  0.537395  2.000000  0.999451  0.024506  0.022301  -0.024742  0.999640  0.010368  -0.022038  -0.010914  0.999698  0.999920  0.011476  -0.005341  -0.011451  0.999924  0.004657  0.005395  -0.004596  0.999975  1.000000  0.000130  0.000091  -0.000130  1.000000  0.000058  -0.000091  -0.000058  1.000000  0.999451  0.024506  0.022301  -0.024742  0.999640  0.010368  -0.022038  -0.010914  0.999698  0.000158  0.013478  
172.658021 0.008157  0.101336  -0.001645  0.982129  0.165323  -0.089952  -0.157627  0.983672  0.086856  0.102843  -0.071125  0.992151  -0.004990  0.000369  0.004710  0.196967  0.228130  0.509853  2.000000  0.999436  0.024872  0.022566  -0.025114  0.999629  0.010526  -0.022296  -0.011086  0.999690  0.999929  0.010834  -0.004986  -0.010812  0.999932  0.004352  0.005033  -0.004298  0.999978  1.000000  0.000122  0.000086  -0.000122  1.000000  0.000054  -0.000086  -0.000054  1.000000  0.999436  0.024872  0.022566  -0.025114  0.999629  0.010526  -0.022296  -0.011086  0.999690  0.000151  0.012686  
172.659253 0.008149  0.101335  -0.001640  0.982096  0.165525  -0.089934  -0.157829  0.983637  0.086875  0.102843  -0.071125  0.992151  -0.005265  0.000241  0.004608  0.183770  0.212478  0.480309  2.000000  0.999417  0.025328  0.022907  -0.025579  0.999615  0.010719  -0.022627  -0.011299  0.999680  0.999938  0.010182  -0.004497  -0.010164  0.999941  0.003925  0.004536  -0.003879  0.999982  1.000000  0.000112  0.000082  -0.000112  1.000000  0.000049  -0.000082  -0.000049  1.000000  0.999417  0.025328  0.022907  -0.025579  0.999615  0.010719  -0.022627  -0.011299  0.999680  0.000141  0.011795  
172.660499 0.008141  0.101335  -0.001637  0.982031  0.165930  -0.089899  -0.158234  0.983569  0.086912  0.102843  -0.071125  0.992151  -0.005519  0.000115  0.004451  0.169192  0.190197  0.441418  2.000000  0.999398  0.025750  0.023233  -0.026009  0.999602  0.010897  -0.022944  -0.011495  0.999671  0.999945  0.009735  -0.003993  -0.009720  0.999946  0.003640  0.004028  -0.003601  0.999985  1.000000  0.000104  0.000080  -0.000104  1.000000  0.000045  -0.000080  -0.000045  1.000000  0.999398  0.025750  0.023233  -0.026009  0.999602  0.010897  -0.022944  -0.011495  0.999671  0.000132  0.011127  
172.661775 0.008134  0.101334  -0.001632  0.981966  0.166335  -0.089863  -0.158638  0.983501  0.086949  0.102843  -0.071125  0.992151  -0.005628  0.000088  0.004352  0.154837  0.168916  0.418749  2.000000  0.999381  0.026142  0.023549  -0.026408  0.999590  0.011056  -0.023250  -0.011671  0.999662  0.999950  0.009297  -0.003622  -0.009285  0.999952  0.003234  0.003652  -0.003200  0.999988  1.000000  0.000097  0.000078  -0.000097  1.000000  0.000040  -0.000078  -0.000040  1.000000  0.999381  0.026142  0.023549  -0.026408  0.999590  0.011056  -0.023250  -0.011671  0.999662  0.000123  0.010483  
172.663000 0.008128  0.101334  -0.001627  0.981868  0.166942  -0.089809  -0.159245  0.983398  0.087004  0.102843  -0.071125  0.992151  -0.005611  0.000083  0.004293  0.141426  0.151965  0.404034  2.000000  0.999364  0.026504  0.023853  -0.026777  0.999579  0.011199  -0.023546  -0.011831  0.999653  0.999958  0.008645  -0.003133  -0.008636  0.999958  0.002928  0.003158  -0.002901  0.999991  1.000000  0.000088  0.000074  -0.000088  1.000000  0.000036  -0.000074  -0.000036  1.000000  0.999364  0.026504  0.023853  -0.026777  0.999579  0.011199  -0.023546  -0.011831  0.999653  0.000115  0.009646  
172.664003 0.008123  0.101335  -0.001622  0.981849  0.167136  -0.089660  -0.159449  0.983365  0.087001  0.102710  -0.071126  0.992165  -0.005527  0.000103  0.004148  0.134873  0.138305  0.386167  2.000000  0.999352  0.026751  0.024076  -0.027029  0.999571  0.011294  -0.023763  -0.011938  0.999646  0.999961  0.008402  -0.002614  -0.008395  0.999961  0.002663  0.002636  -0.002641  0.999993  1.000000  0.000081  0.000075  -0.000081  1.000000  0.000033  -0.000075  -0.000033  1.000000  0.999352  0.026751  0.024076  -0.027029  0.999571  0.011294  -0.023763  -0.011938  0.999646  0.000109  0.009190  
172.665005 0.008120  0.101335  -0.001618  0.981783  0.167540  -0.089624  -0.159853  0.983296  0.087038  0.102710  -0.071126  0.992165  -0.005428  0.000079  0.004090  0.122493  0.122427  0.374453  2.000000  0.999341  0.026982  0.024301  -0.027265  0.999563  0.011381  -0.023983  -0.012036  0.999640  0.999962  0.008383  -0.002347  -0.008377  0.999962  0.002420  0.002367  -0.002401  0.999994  1.000000  0.000078  0.000076  -0.000078  1.000000  0.000030  -0.000076  -0.000030  1.000000  0.999341  0.026982  0.024301  -0.027265  0.999563  0.011381  -0.023983  -0.012036  0.999640  0.000105  0.009033  
172.666255 0.008116  0.101337  -0.001613  0.981717  0.167945  -0.089589  -0.160257  0.983227  0.087075  0.102710  -0.071126  0.992165  -0.005244  0.000112  0.003976  0.112980  0.109855  0.359655  2.000000  0.999325  0.027271  0.024606  -0.027560  0.999554  0.011486  -0.024281  -0.012157  0.999631  0.999965  0.008140  -0.001828  -0.008136  0.999965  0.002157  0.001845  -0.002142  0.999996  1.000000  0.000071  0.000077  -0.000071  1.000000  0.000027  -0.000077  -0.000027  1.000000  0.999325  0.027271  0.024606  -0.027560  0.999554  0.011486  -0.024281  -0.012157  0.999631  0.000100  0.008615  
172.667506 0.008114  0.101338  -0.001608  0.981618  0.168552  -0.089535  -0.160864  0.983123  0.087131  0.102710  -0.071126  0.992165  -0.004902  0.000200  0.003945  0.099594  0.094105  0.340688  2.000000  0.999310  0.027537  0.024916  -0.027832  0.999546  0.011580  -0.024586  -0.012266  0.999622  0.999968  0.007907  -0.001442  -0.007904  0.999967  0.002014  0.001458  -0.002003  0.999997  1.000000  0.000065  0.000077  -0.000065  1.000000  0.000025  -0.000077  -0.000025  1.000000  0.999310  0.027537  0.024916  -0.027832  0.999546  0.011580  -0.024586  -0.012266  0.999622  0.000095  0.008284  
172.668507 0.008112  0.101339  -0.001604  0.981552  0.168957  -0.089499  -0.161268  0.983054  0.087167  0.102710  -0.071126  0.992165  -0.004658  0.000248  0.003932  0.094650  0.083156  0.341264  2.000000  0.999299  0.027729  0.025159  -0.028028  0.999539  0.011645  -0.024825  -0.012342  0.999616  0.999967  0.008092  -0.001160  -0.008089  0.999965  0.001914  0.001176  -0.001905  0.999997  1.000000  0.000063  0.000080  -0.000063  1.000000  0.000024  -0.000080  -0.000024  1.000000  0.999299  0.027729  0.025159  -0.028028  0.999539  0.011645  -0.024825  -0.012342  0.999616  0.000090  0.008394  
172.669510 0.008111  0.101340  -0.001600  0.981485  0.169362  -0.089463  -0.161672  0.982984  0.087204  0.102710  -0.071126  0.992165  -0.004325  0.000342  0.003906  0.086622  0.070813  0.336177  2.000000  0.999287  0.027911  0.025407  -0.028216  0.999533  0.011706  -0.025069  -0.012414  0.999609  0.999967  0.008072  -0.000894  -0.008071  0.999966  0.001793  0.000908  -0.001785  0.999998  1.000000  0.000060  0.000082  -0.000060  1.000000  0.000022  -0.000082  -0.000022  1.000000  0.999287  0.027911  0.025407  -0.028216  0.999533  0.011706  -0.025069  -0.012414  0.999609  0.000088  0.008316  
172.670749 0.008111  0.101341  -0.001596  0.981385  0.169969  -0.089409  -0.162278  0.982879  0.087259  0.102710  -0.071126  0.992165  -0.003877  0.000391  0.003894  0.078612  0.056382  0.339377  2.000000  0.999272  0.028149  0.025745  -0.028459  0.999526  0.011780  -0.025402  -0.012504  0.999599  0.999966  0.008267  -0.000745  -0.008266  0.999964  0.001692  0.000759  -0.001686  0.999998  1.000000  0.000060  0.000085  -0.000060  1.000000  0.000021  -0.000085  -0.000021  1.000000  0.999272  0.028149  0.025745  -0.028459  0.999526  0.011780  -0.025402  -0.012504  0.999599  0.000089  0.008471  
172.671758 0.008112  0.101343  -0.001592  0.981318  0.170374  -0.089373  -0.162682  0.982809  0.087296  0.102710  -0.071126  0.992165  -0.003485  0.000463  0.003874  0.074615  0.047465  0.338754  2.000000  0.999261  0.028322  0.026006  -0.028637  0.999520  0.011832  -0.025659  -0.012568  0.999592  0.999966  0.008247  -0.000478  -0.008247  0.999965  0.001571  0.000491  -0.001567  0.999999  1.000000  0.000057  0.000086  -0.000057  1.000000  0.000020  -0.000086  -0.000020  1.000000  0.999261  0.028322  0.026006  -0.028637  0.999520  0.011832  -0.025659  -0.012568  0.999592  0.000088  0.008409  
172.673029 0.008113  0.101344  -0.001587  0.981217  0.170970  -0.089340  -0.163288  0.982714  0.087232  0.102710  -0.071006  0.992174  -0.002792  0.000589  0.003872  0.063563  0.030118  0.342811  2.000000  0.999245  0.028549  0.026369  -0.028870  0.999512  0.011895  -0.026017  -0.012648  0.999581  0.999963  0.008646  -0.000316  -0.008646  0.999962  0.001371  0.000328  -0.001368  0.999999  1.000000  0.000058  0.000092  -0.000058  1.000000  0.000017  -0.000092  -0.000017  1.000000  0.999245  0.028549  0.026369  -0.028870  0.999512  0.011895  -0.026017  -0.012648  0.999581  0.000088  0.008760  
172.674256 0.008115  0.101345  -0.001584  0.981130  0.171567  -0.089155  -0.163896  0.982610  0.087266  0.102577  -0.071007  0.992188  -0.002113  0.000672  0.003832  0.059704  0.020408  0.346404  2.000000  0.999228  0.028773  0.026751  -0.029100  0.999505  0.011949  -0.026394  -0.012719  0.999571  0.999959  0.009035  -0.000020  -0.009035  0.999958  0.001291  0.000032  -0.001291  0.999999  1.000000  0.000057  0.000098  -0.000057  1.000000  0.000016  -0.000098  -0.000016  1.000000  0.999228  0.028773  0.026751  -0.029100  0.999505  0.011949  -0.026394  -0.012719  0.999571  0.000090  0.009127  
172.675493 0.008117  0.101345  -0.001581  0.981029  0.172174  -0.089101  -0.164502  0.982504  0.087321  0.102577  -0.071007  0.992188  -0.001601  0.000727  0.003684  0.056409  0.010935  0.352806  2.000000  0.999211  0.028986  0.027154  -0.029321  0.999498  0.012000  -0.026793  -0.012786  0.999559  0.999958  0.009211  0.000395  -0.009211  0.999957  0.001190  -0.000384  -0.001193  0.999999  1.000000  0.000053  0.000102  -0.000053  1.000000  0.000015  -0.000102  -0.000015  1.000000  0.999211  0.028986  0.027154  -0.029321  0.999498  0.012000  -0.026793  -0.012786  0.999559  0.000090  0.009296  
172.676494 0.008119  0.101346  -0.001581  0.980927  0.172781  -0.089047  -0.165108  0.982397  0.087376  0.102577  -0.071007  0.992188  -0.001070  0.000787  0.003437  0.057391  0.005427  0.363343  2.000000  0.999194  0.029195  0.027568  -0.029536  0.999491  0.012046  -0.027203  -0.012850  0.999547  0.999956  0.009405  0.000544  -0.009406  0.999955  0.001090  -0.000533  -0.001095  0.999999  1.000000  0.000053  0.000105  -0.000053  1.000000  0.000014  -0.000105  -0.000014  1.000000  0.999194  0.029195  0.027568  -0.029536  0.999491  0.012046  -0.027203  -0.012850  0.999547  0.000091  0.009484  
172.677752 0.008123  0.101347  -0.001580  0.980825  0.173388  -0.088993  -0.165714  0.982291  0.087431  0.102577  -0.071007  0.992188  -0.000328  0.000903  0.003164  0.054082  -0.003983  0.369419  2.000000  0.999171  0.029449  0.028106  -0.029798  0.999483  0.012096  -0.027735  -0.012923  0.999532  0.999954  0.009590  0.000825  -0.009591  0.999954  0.000989  -0.000816  -0.000997  0.999999  1.000000  0.000051  0.000109  -0.000051  1.000000  0.000012  -0.000109  -0.000012  1.000000  0.999171  0.029449  0.028106  -0.029798  0.999483  0.012096  -0.027735  -0.012923  0.999532  0.000093  0.009677  
172.678996 0.008127  0.101349  -0.001579  0.980722  0.173994  -0.088939  -0.166320  0.982183  0.087486  0.102577  -0.071007  0.992188  0.000237  0.000979  0.002889  0.051464  -0.009428  0.382704  2.000000  0.999152  0.029654  0.028550  -0.030010  0.999476  0.012131  -0.028175  -0.012978  0.999519  0.999952  0.009785  0.000974  -0.009786  0.999952  0.000889  -0.000965  -0.000898  0.999999  1.000000  0.000051  0.000112  -0.000051  1.000000  0.000011  -0.000112  -0.000011  1.000000  0.999152  0.029654  0.028550  -0.030010  0.999476  0.012131  -0.028175  -0.012978  0.999519  0.000095  0.009874  
172.679999 0.008130  0.101351  -0.001578  0.980619  0.174601  -0.088885  -0.166925  0.982076  0.087540  0.102577  -0.071007  0.992188  0.000709  0.001054  0.002633  0.048158  -0.018831  0.388749  2.000000  0.999138  0.029807  0.028891  -0.030168  0.999471  0.012155  -0.028514  -0.013016  0.999509  0.999950  0.009989  0.000988  -0.009990  0.999950  0.000910  -0.000979  -0.000920  0.999999  1.000000  0.000052  0.000114  -0.000052  1.000000  0.000011  -0.000114  -0.000011  1.000000  0.999138  0.029807  0.028891  -0.030168  0.999471  0.012155  -0.028514  -0.013016  0.999509  0.000096  0.010079  
172.681012 0.008134  0.101354  -0.001577  0.980550  0.175016  -0.088828  -0.167329  0.981993  0.087696  0.102577  -0.071127  0.992179  0.001213  0.001145  0.002384  0.049283  -0.024006  0.398426  2.000000  0.999123  0.029966  0.029247  -0.030333  0.999466  0.012183  -0.028866  -0.013060  0.999498  0.999945  0.010397  0.001019  -0.010398  0.999945  0.001073  -0.001008  -0.001084  0.999999  1.000000  0.000054  0.000119  -0.000054  1.000000  0.000013  -0.000119  -0.000013  1.000000  0.999123  0.029966  0.029247  -0.030333  0.999466  0.012183  -0.028866  -0.013060  0.999498  0.000100  0.010503  
172.682248 0.008139  0.101357  -0.001576  0.980399  0.175834  -0.088887  -0.168134  0.981847  0.087792  0.102710  -0.071126  0.992165  0.001651  0.001280  0.002157  0.050367  -0.024797  0.408991  2.000000  0.999102  0.030187  0.029726  -0.030562  0.999458  0.012223  -0.029341  -0.013120  0.999483  0.999943  0.010611  0.000901  -0.010612  0.999943  0.001095  -0.000889  -0.001105  0.999999  1.000000  0.000057  0.000120  -0.000057  1.000000  0.000014  -0.000120  -0.000014  1.000000  0.999102  0.030187  0.029726  -0.030562  0.999458  0.012223  -0.029341  -0.013120  0.999483  0.000103  0.010706  
