1-Time 2-Px 3-Py 4-Pz 5-R11 6-R21 7-R31 8-R12 9-R22 10-R32 11-R13 12-R23 13-R33 14-Vx 15-Vy 16-Vz 17-Wx 18-Wy 19-Wz 20-state 21-PR11 22-PR21 23-PR31 24-PR12 25-PR22 26-PR32 27-PR13 28-PR23 29-PR33 
206.245785 0.007534  0.097019  -0.006984  0.999599  0.010393  -0.026353  0.025111  0.105506  0.994102  0.013112  -0.994364  0.105203  0.000050  0.000067  -0.000103  0.000000  0.000000  0.000000  2.000000  1.000000  0.000000  0.000000  0.000000  -0.000000  1.000000  0.000000  -1.000000  -0.000000  1.000000  0.000155  0.000191  -0.000155  1.000000  0.000003  -0.000191  -0.000003  1.000000  1.000000  0.000000  0.000000  0.000000  1.000000  0.000000  0.000000  0.000000  1.000000  0.770531  0.391776  0.502786  -0.457139  -0.210038  0.864239  0.444192  -0.895765  0.017255  0.000000  0.000000  
206.246789 0.007534  0.097019  -0.006984  0.999597  0.010526  -0.026367  0.025111  0.105510  0.994101  0.013246  -0.994363  0.105203  0.000032  0.000035  -0.000159  0.000000  0.000000  0.000000  2.000000  1.000000  0.000000  0.000000  0.000000  -0.000000  1.000000  0.000000  -1.000000  -0.000000  1.000000  0.000288  0.000177  -0.000288  1.000000  0.000003  -0.000177  -0.000003  1.000000  1.000000  0.000000  0.000000  0.000000  1.000000  0.000000  0.000000  0.000000  1.000000  1.000000  0.000000  0.000000  0.000000  -0.000000  1.000000  0.000000  -1.000000  -0.000000  0.000000  0.000000  
206.248038 0.007535  0.097018  -0.006987  0.999597  0.010523  -0.026369  0.025111  0.105630  0.994088  0.013246  -0.994350  0.105323  0.000095  0.000021  -0.000333  0.000000  0.000000  0.000000  2.000000  1.000000  0.000000  0.000000  0.000000  -0.000000  1.000000  0.000000  -1.000000  -0.000000  1.000000  0.000288  0.000177  -0.000288  1.000000  -0.000119  -0.000177  0.000119  1.000000  1.000000  0.000000  0.000000  0.000000  1.000000  0.000000  0.000000  0.000000  1.000000  1.000000  0.000000  0.000000  0.000000  -0.000000  1.000000  0.000000  -1.000000  -0.000000  0.000000  0.000000  
206.249040 0.007536  0.097018  -0.006989  0.999600  0.010677  -0.026178  0.024906  0.105631  0.994093  0.013379  -0.994348  0.105323  0.000167  -0.000017  -0.000498  0.000000  0.000000  0.000000  2.000000  1.000000  0.000000  0.000000  0.000000  -0.000000  1.000000  0.000000  -1.000000  -0.000000  1.000000  0.000443  0.000367  -0.000442  1.000000  -0.000116  -0.000367  0.000116  1.000000  1.000000  0.000000  0.000000  0.000000  1.000000  0.000000  0.000000  0.000000  1.000000  1.000000  0.000000  0.000000  0.000000  -0.000000  1.000000  0.000000  -1.000000  -0.000000  0.000000  0.000000  
206.250044 0.007538  0.097019  -0.006991  0.999600  0.010674  -0.026179  0.024906  0.105752  0.994081  0.013379  -0.994335  0.105444  0.000277  0.000030  -0.000595  0.000000  0.000000  0.000000  2.000000  1.000000  0.000000  0.000000  0.000000  -0.000000  1.000000  0.000000  -1.000000  -0.000000  1.000000  0.000443  0.000367  -0.000442  1.000000  -0.000237  -0.000367  0.000237  1.000000  1.000000  0.000000  0.000000  0.000000  1.000000  0.000000  0.000000  0.000000  1.000000  1.000000  0.000000  0.000000  0.000000  -0.000000  1.000000  0.000000  -1.000000  -0.000000  0.000000  0.000000  
206.251291 0.007540  0.097019  -0.006994  0.999598  0.010801  -0.026196  0.024906  0.105996  0.994055  0.013513  -0.994308  0.105685  0.000434  0.000045  -0.000788  0.000000  0.000000  0.000000  2.000000  1.000000  0.000000  0.000000  0.000000  -0.000000  1.000000  0.000000  -1.000000  -0.000000  1.000000  0.000443  0.000367  -0.000442  1.000000  -0.000358  -0.000367  0.000358  1.000000  1.000000  0.000000  0.000000  0.000000  1.000000  0.000000  0.000000  0.000000  1.000000  1.000000  0.000000  0.000000  0.000000  -0.000000  1.000000  0.000000  -1.000000  -0.000000  0.000000  0.000000  
206.252540 0.007544  0.097021  -0.006997  0.999597  0.010931  -0.026212  0.024906  0.106120  0.994041  0.013647  -0.994293  0.105805  0.000676  0.000191  -0.000971  0.000000  0.000000  0.000000  2.000000  1.000000  0.000000  0.000000  0.000000  -0.000000  1.000000  0.000000  -1.000000  -0.000000  1.000000  0.000443  0.000367  -0.000442  1.000000  -0.000601  -0.000367  0.000601  1.000000  1.000000  0.000000  0.000000  0.000000  1.000000  0.000000  0.000000  0.000000  1.000000  1.000000  0.000000  0.000000  0.000000  -0.000000  1.000000  0.000000  -1.000000  -0.000000  0.000000  0.000000  
206.253540 0.007547  0.097023  -0.006999  0.999602  0.010946  -0.026010  0.024700  0.106359  0.994021  0.013647  -0.994268  0.106046  0.000871  0.000283  -0.001115  0.000000  0.000000  0.000000  2.000000  1.000000  0.000000  0.000000  0.000000  -0.000000  1.000000  0.000000  -1.000000  -0.000000  1.000000  0.000598  0.000557  -0.000597  1.000000  -0.000720  -0.000558  0.000719  1.000000  1.000000  0.000000  0.000000  0.000000  1.000000  0.000000  0.000000  0.000000  1.000000  1.000000  0.000000  0.000000  0.000000  -0.000000  1.000000  0.000000  -1.000000  -0.000000  0.000000  0.000000  
206.254786 0.007551  0.097024  -0.007003  0.999605  0.011095  -0.025822  0.024494  0.106601  0.994000  0.013781  -0.994240  0.106287  0.001108  0.000349  -0.001330  0.000000  0.000000  0.000000  2.000000  1.000000  0.000000  0.000000  0.000000  -0.000000  1.000000  0.000000  -1.000000  -0.000000  1.000000  0.000731  0.000543  -0.000730  0.999999  -0.000962  -0.000544  0.000962  0.999999  1.000000  0.000000  0.000000  0.000000  1.000000  0.000000  0.000000  0.000000  1.000000  1.000000  0.000000  0.000000  0.000000  -0.000000  1.000000  0.000000  -1.000000  -0.000000  0.000000  0.000000  
206.255794 0.007554  0.097025  -0.007006  0.999603  0.011225  -0.025837  0.024494  0.106725  0.993987  0.013915  -0.994225  0.106408  0.001338  0.000393  -0.001593  0.000000  0.000000  0.000000  2.000000  1.000000  0.000000  0.000000  0.000000  -0.000000  1.000000  0.000000  -1.000000  -0.000000  0.999999  0.000886  0.000733  -0.000885  0.999999  -0.001202  -0.000734  0.001202  0.999999  1.000000  0.000000  0.000000  0.000000  1.000000  0.000000  0.000000  0.000000  1.000000  1.000000  0.000000  0.000000  0.000000  -0.000000  1.000000  0.000000  -1.000000  -0.000000  0.000000  0.000000  
206.257048 0.007558  0.097026  -0.007011  0.999601  0.011348  -0.025856  0.024494  0.107090  0.993948  0.014048  -0.994185  0.106769  0.001605  0.000454  -0.001882  0.000000  0.000000  0.000000  2.000000  1.000000  0.000000  0.000000  0.000000  -0.000000  1.000000  0.000000  -1.000000  -0.000000  0.999999  0.001019  0.000719  -0.001018  0.999998  -0.001445  -0.000720  0.001444  0.999999  1.000000  0.000000  0.000000  0.000000  1.000000  0.000000  0.000000  0.000000  1.000000  1.000000  0.000000  0.000000  0.000000  -0.000000  1.000000  0.000000  -1.000000  -0.000000  0.000000  0.000000  
206.258058 0.007561  0.097026  -0.007015  0.999602  0.011630  -0.025683  0.024288  0.107335  0.993926  0.014316  -0.994155  0.107010  0.001789  0.000484  -0.002187  0.000000  0.000000  0.000000  2.000000  1.000000  0.000000  0.000000  0.000000  -0.000000  1.000000  0.000000  -1.000000  -0.000000  0.999999  0.001174  0.000909  -0.001173  0.999998  -0.001685  -0.000911  0.001684  0.999998  1.000000  0.000000  0.000000  0.000000  1.000000  0.000000  0.000000  0.000000  1.000000  1.000000  0.000000  0.000000  0.000000  -0.000000  1.000000  0.000000  -1.000000  -0.000000  0.000000  0.000000  
206.259290 0.007565  0.097027  -0.007022  0.999601  0.011754  -0.025701  0.024288  0.107700  0.993887  0.014450  -0.994114  0.107372  0.002117  0.000590  -0.002573  0.000000  0.000000  0.000000  2.000000  1.000000  0.000000  0.000000  0.000000  -0.000000  1.000000  0.000000  -1.000000  -0.000000  0.999999  0.001441  0.000880  -0.001439  0.999997  -0.002048  -0.000883  0.002047  0.999998  1.000000  0.000000  0.000000  0.000000  1.000000  0.000000  0.000000  0.000000  1.000000  1.000000  0.000000  0.000000  0.000000  -0.000000  1.000000  0.000000  -1.000000  -0.000000  0.000000  0.000000  
206.260546 0.007570  0.097028  -0.007030  0.999602  0.012029  -0.025531  0.024082  0.108186  0.993839  0.014717  -0.994058  0.107854  0.002420  0.000628  -0.003102  0.000000  0.000000  0.000000  2.000000  1.000000  0.000000  0.000000  0.000000  -0.000000  1.000000  0.000000  -1.000000  -0.000000  0.999998  0.001729  0.001055  -0.001727  0.999995  -0.002531  -0.001059  0.002529  0.999996  1.000000  0.000000  0.000000  0.000000  1.000000  0.000000  0.000000  0.000000  1.000000  1.000000  0.000000  0.000000  0.000000  -0.000000  1.000000  0.000000  -1.000000  -0.000000  0.000000  0.000000  
206.261790 0.007574  0.097028  -0.007039  0.999603  0.012308  -0.025360  0.023876  0.108552  0.993804  0.014985  -0.994015  0.108215  0.002708  0.000636  -0.003692  0.000000  0.000000  0.000000  2.000000  1.000000  0.000000  0.000000  0.000000  -0.000000  1.000000  0.000000  -1.000000  -0.000000  0.999997  0.001996  0.001025  -0.001993  0.999994  -0.002895  -0.001031  0.002893  0.999995  1.000000  0.000000  0.000000  0.000000  1.000000  0.000000  0.000000  0.000000  1.000000  1.000000  0.000000  0.000000  0.000000  -0.000000  1.000000  0.000000  -1.000000  -0.000000  0.000000  0.000000  
206.262790 0.007579  0.097029  -0.007046  0.999603  0.012587  -0.025189  0.023670  0.108917  0.993769  0.015252  -0.993971  0.108576  0.002935  0.000692  -0.004012  0.000000  0.000000  0.000000  2.000000  1.000000  0.000000  0.000000  0.000000  -0.000000  1.000000  0.000000  -1.000000  -0.000000  0.999997  0.002152  0.001215  -0.002147  0.999992  -0.003377  -0.001222  0.003375  0.999994  1.000000  0.000000  0.000000  0.000000  1.000000  0.000000  0.000000  0.000000  1.000000  1.000000  0.000000  0.000000  0.000000  -0.000000  1.000000  0.000000  -1.000000  -0.000000  0.000000  0.000000  
206.264044 0.007584  0.097029  -0.007054  0.999606  0.012731  -0.025005  0.023464  0.109400  0.993721  0.015386  -0.993916  0.109058  0.003188  0.000742  -0.004402  0.000000  0.000000  0.000000  2.000000  1.000000  0.000000  0.000000  0.000000  -0.000000  1.000000  0.000000  -1.000000  -0.000000  0.999996  0.002418  0.001185  -0.002414  0.999990  -0.003741  -0.001194  0.003738  0.999992  1.000000  0.000000  0.000000  0.000000  1.000000  0.000000  0.000000  0.000000  1.000000  1.000000  0.000000  0.000000  0.000000  -0.000000  1.000000  0.000000  -1.000000  -0.000000  0.000000  0.000000  
206.265288 0.007590  0.097031  -0.007063  0.999607  0.013007  -0.024836  0.023258  0.109886  0.993672  0.015654  -0.993859  0.109540  0.003469  0.000831  -0.004742  0.000000  0.000000  0.000000  2.000000  1.000000  0.000000  0.000000  0.000000  -0.000000  1.000000  0.000000  -1.000000  -0.000000  0.999995  0.002707  0.001358  -0.002701  0.999987  -0.004345  -0.001370  0.004341  0.999990  1.000000  0.000000  0.000000  0.000000  1.000000  0.000000  0.000000  0.000000  1.000000  1.000000  0.000000  0.000000  0.000000  -0.000000  1.000000  0.000000  -1.000000  -0.000000  0.000000  0.000000  
206.266290 0.007595  0.097032  -0.007070  0.999603  0.013261  -0.024872  0.023258  0.110374  0.993618  0.015921  -0.993802  0.110022  0.003660  0.000837  -0.005035  0.000000  0.000000  0.000000  2.000000  1.000000  0.000000  0.000000  0.000000  -0.000000  1.000000  0.000000  -1.000000  -0.000000  0.999995  0.002863  0.001547  -0.002856  0.999985  -0.004706  -0.001561  0.004702  0.999988  1.000000  0.000000  0.000000  0.000000  1.000000  0.000000  0.000000  0.000000  1.000000  1.000000  0.000000  0.000000  0.000000  -0.000000  1.000000  0.000000  -1.000000  -0.000000  0.000000  0.000000  
206.267291 0.007601  0.097033  -0.007077  0.999605  0.013405  -0.024688  0.023053  0.110856  0.993569  0.016055  -0.993746  0.110504  0.003866  0.000776  -0.005450  -0.178238  -0.064978  0.106547  2.000000  1.000000  0.000075  0.000044  -0.000044  0.000128  1.000000  0.000075  -1.000000  0.000128  0.999994  0.003020  0.001736  -0.003011  0.999982  -0.005188  -0.001751  0.005183  0.999985  1.000000  0.000038  0.000022  -0.000038  1.000000  -0.000065  -0.000022  0.000065  1.000000  1.000000  0.000075  0.000044  -0.000044  0.000128  1.000000  0.000075  -1.000000  0.000128  0.000054  0.006247  
206.268540 0.007607  0.097034  -0.007087  0.999606  0.013678  -0.024522  0.022847  0.111462  0.993506  0.016323  -0.993675  0.111106  0.004037  0.000725  -0.005879  -0.197032  -0.070323  0.115391  2.000000  1.000000  0.000275  0.000159  -0.000159  0.000470  1.000000  0.000275  -1.000000  0.000470  0.999993  0.003310  0.001909  -0.003299  0.999978  -0.005671  -0.001928  0.005664  0.999982  1.000000  0.000041  0.000024  -0.000041  1.000000  -0.000071  -0.000024  0.000071  1.000000  1.000000  0.000275  0.000159  -0.000159  0.000470  1.000000  0.000275  -1.000000  0.000470  0.000059  0.006835  
206.269541 0.007612  0.097034  -0.007096  0.999606  0.013955  -0.024353  0.022641  0.111948  0.993456  0.016590  -0.993616  0.111588  0.004157  0.000653  -0.006333  -0.214727  -0.076734  0.125979  2.000000  1.000000  0.000400  0.000228  -0.000228  0.000695  1.000000  0.000400  -1.000000  0.000695  0.999992  0.003444  0.001892  -0.003432  0.999975  -0.006155  -0.001913  0.006149  0.999979  1.000000  0.000043  0.000024  -0.000043  1.000000  -0.000077  -0.000024  0.000077  1.000000  1.000000  0.000400  0.000228  -0.000228  0.000695  1.000000  0.000400  -1.000000  0.000695  0.000064  0.007300  
206.270542 0.007617  0.097033  -0.007105  0.999608  0.014100  -0.024171  0.022435  0.112430  0.993406  0.016724  -0.993560  0.112069  0.004260  0.000583  -0.006669  -0.229051  -0.082418  0.130155  2.000000  1.000000  0.000575  0.000323  -0.000323  0.001013  0.999999  0.000575  -0.999999  0.001013  0.999992  0.003577  0.001876  -0.003565  0.999972  -0.006519  -0.001899  0.006513  0.999977  1.000000  0.000045  0.000024  -0.000045  1.000000  -0.000081  -0.000024  0.000081  1.000000  1.000000  0.000575  0.000323  -0.000323  0.001013  0.999999  0.000575  -0.999999  0.001013  0.000068  0.007666  
206.271794 0.007623  0.097032  -0.007118  0.999606  0.014507  -0.024020  0.022229  0.113038  0.993342  0.017125  -0.993485  0.112671  0.004380  0.000396  -0.007266  -0.251302  -0.081587  0.144663  2.000000  1.000000  0.000804  0.000453  -0.000454  0.001437  0.999999  0.000803  -0.999999  0.001437  0.999991  0.003735  0.002063  -0.003720  0.999969  -0.007001  -0.002089  0.006994  0.999973  1.000000  0.000047  0.000026  -0.000047  1.000000  -0.000087  -0.000026  0.000087  1.000000  1.000000  0.000804  0.000453  -0.000454  0.001437  0.999999  0.000803  -0.999999  0.001437  0.000073  0.008196  
206.272794 0.007627  0.097031  -0.007128  0.999608  0.014651  -0.023838  0.022023  0.113520  0.993292  0.017259  -0.993428  0.113153  0.004487  0.000316  -0.007632  -0.267426  -0.087914  0.149868  2.000000  0.999999  0.001000  0.000566  -0.000567  0.001795  0.999998  0.000998  -0.999998  0.001796  0.999989  0.004025  0.002235  -0.004008  0.999965  -0.007362  -0.002265  0.007353  0.999970  1.000000  0.000050  0.000028  -0.000050  1.000000  -0.000092  -0.000028  0.000092  1.000000  0.999999  0.001000  0.000566  -0.000567  0.001795  0.999998  0.000998  -0.999998  0.001796  0.000078  0.008680  
206.274053 0.007632  0.097030  -0.007141  0.999606  0.015059  -0.023688  0.021817  0.114128  0.993226  0.017661  -0.993352  0.113755  0.004548  0.000171  -0.008092  -0.287596  -0.093240  0.164012  2.000000  0.999999  0.001255  0.000713  -0.000716  0.002264  0.999997  0.001253  -0.999997  0.002265  0.999988  0.004182  0.002422  -0.004164  0.999962  -0.007602  -0.002454  0.007592  0.999968  1.000000  0.000052  0.000030  -0.000052  1.000000  -0.000095  -0.000030  0.000095  1.000000  0.999999  0.001255  0.000713  -0.000716  0.002264  0.999997  0.001253  -0.999997  0.002265  0.000085  0.009004  
206.275055 0.007637  0.097029  -0.007152  0.999601  0.015313  -0.023726  0.021817  0.114616  0.993170  0.017928  -0.993292  0.114236  0.004617  0.000119  -0.008392  -0.303918  -0.092226  0.172991  2.000000  0.999999  0.001469  0.000834  -0.000838  0.002656  0.999996  0.001467  -0.999995  0.002657  0.999988  0.004317  0.002405  -0.004297  0.999959  -0.007965  -0.002439  0.007955  0.999965  1.000000  0.000054  0.000030  -0.000054  1.000000  -0.000100  -0.000030  0.000100  1.000000  0.999999  0.001469  0.000834  -0.000838  0.002656  0.999996  0.001467  -0.999995  0.002657  0.000088  0.009369  
206.276295 0.007642  0.097028  -0.007165  0.999601  0.015588  -0.023561  0.021611  0.115221  0.993105  0.018196  -0.993218  0.114838  0.004636  -0.000034  -0.008687  -0.324318  -0.098599  0.178333  2.000000  0.999998  0.001748  0.000980  -0.000986  0.003165  0.999995  0.001745  -0.999993  0.003167  0.999987  0.004584  0.002372  -0.004564  0.999955  -0.008329  -0.002410  0.008318  0.999963  1.000000  0.000057  0.000030  -0.000057  1.000000  -0.000104  -0.000030  0.000104  1.000000  0.999998  0.001748  0.000980  -0.000986  0.003165  0.999995  0.001745  -0.999993  0.003167  0.000095  0.009793  
206.277540 0.007647  0.097026  -0.007178  0.999598  0.015991  -0.023416  0.021405  0.116069  0.993010  0.018597  -0.993112  0.115680  0.004634  -0.000142  -0.008924  -0.348588  -0.103880  0.192523  2.000000  0.999997  0.001982  0.001106  -0.001114  0.003596  0.999993  0.001978  -0.999992  0.003598  0.999985  0.004742  0.002557  -0.004720  0.999950  -0.008810  -0.002599  0.008798  0.999958  1.000000  0.000059  0.000032  -0.000059  1.000000  -0.000110  -0.000032  0.000110  1.000000  0.999997  0.001982  0.001106  -0.001114  0.003596  0.999993  0.001978  -0.999992  0.003598  0.000101  0.010322  
206.278794 0.007653  0.097025  -0.007191  0.999602  0.016288  -0.023050  0.020994  0.116791  0.992935  0.018864  -0.993023  0.116402  0.004650  -0.000295  -0.009288  -0.372927  -0.110192  0.197806  2.000000  0.999997  0.002283  0.001268  -0.001278  0.004163  0.999991  0.002278  -0.999989  0.004166  0.999985  0.004744  0.002554  -0.004720  0.999947  -0.009173  -0.002597  0.009161  0.999955  1.000000  0.000059  0.000032  -0.000059  1.000000  -0.000115  -0.000032  0.000115  1.000000  0.999997  0.002283  0.001268  -0.001278  0.004163  0.999991  0.002278  -0.999989  0.004166  0.000106  0.010634  
206.280040 0.007658  0.097025  -0.007204  0.999601  0.016563  -0.022887  0.020788  0.117395  0.992868  0.019132  -0.992947  0.117004  0.004604  -0.000428  -0.009583  -0.385974  -0.115062  0.205884  2.000000  0.999996  0.002590  0.001445  -0.001457  0.004752  0.999988  0.002584  -0.999985  0.004755  0.999984  0.004927  0.002944  -0.004899  0.999943  -0.009531  -0.002990  0.009516  0.999950  1.000000  0.000061  0.000037  -0.000061  1.000000  -0.000119  -0.000037  0.000119  1.000000  0.999996  0.002590  0.001445  -0.001457  0.004752  0.999988  0.002584  -0.999985  0.004755  0.000113  0.011120  
206.281042 0.007662  0.097024  -0.007216  0.999603  0.016707  -0.022708  0.020582  0.117997  0.992801  0.019266  -0.992873  0.117606  0.004549  -0.000538  -0.009888  -0.401240  -0.122793  0.208395  2.000000  0.999995  0.002835  0.001587  -0.001602  0.005232  0.999985  0.002826  -0.999982  0.005237  0.999984  0.004928  0.002941  -0.004900  0.999941  -0.009651  -0.002989  0.009637  0.999949  1.000000  0.000061  0.000037  -0.000061  1.000000  -0.000121  -0.000037  0.000121  1.000000  0.999995  0.002835  0.001587  -0.001602  0.005232  0.999985  0.002826  -0.999982  0.005237  0.000116  0.011223  
206.282055 0.007667  0.097022  -0.007227  0.999602  0.016983  -0.022546  0.020376  0.118601  0.992733  0.019533  -0.992797  0.118207  0.004457  -0.000697  -0.010160  -0.417223  -0.128526  0.218053  2.000000  0.999994  0.003078  0.001731  -0.001749  0.005721  0.999982  0.003068  -0.999979  0.005727  0.999984  0.004797  0.002954  -0.004768  0.999940  -0.009893  -0.003001  0.009879  0.999947  1.000000  0.000060  0.000037  -0.000060  1.000000  -0.000124  -0.000037  0.000124  1.000000  0.999994  0.003078  0.001731  -0.001749  0.005721  0.999982  0.003068  -0.999979  0.005727  0.000121  0.011379  
206.283292 0.007671  0.097020  -0.007242  0.999600  0.017257  -0.022386  0.020170  0.119325  0.992650  0.019801  -0.992705  0.118929  0.004303  -0.000892  -0.010502  -0.433690  -0.127972  0.222683  2.000000  0.999993  0.003327  0.001883  -0.001903  0.006229  0.999979  0.003315  -0.999975  0.006235  0.999984  0.004933  0.002934  -0.004902  0.999935  -0.010256  -0.002984  0.010242  0.999943  1.000000  0.000061  0.000037  -0.000061  1.000000  -0.000128  -0.000037  0.000128  1.000000  0.999993  0.003327  0.001883  -0.001903  0.006229  0.999979  0.003315  -0.999975  0.006235  0.000125  0.011747  
206.284539 0.007675  0.097018  -0.007258  0.999603  0.017550  -0.022026  0.019758  0.120286  0.992543  0.020068  -0.992584  0.119892  0.004198  -0.001025  -0.010788  -0.458148  -0.139925  0.226896  2.000000  0.999992  0.003580  0.002038  -0.002062  0.006759  0.999975  0.003566  -0.999971  0.006766  0.999981  0.005117  0.003323  -0.005081  0.999929  -0.010734  -0.003377  0.010717  0.999937  1.000000  0.000064  0.000042  -0.000064  1.000000  -0.000134  -0.000042  0.000134  1.000000  0.999992  0.003580  0.002038  -0.002062  0.006759  0.999975  0.003566  -0.999971  0.006766  0.000131  0.012340  
206.285541 0.007679  0.097017  -0.007270  0.999599  0.017960  -0.021880  0.019552  0.120893  0.992473  0.020470  -0.992503  0.120493  0.004128  -0.001073  -0.010973  -0.470321  -0.138841  0.235862  2.000000  0.999990  0.003839  0.002198  -0.002226  0.007310  0.999971  0.003822  -0.999966  0.007318  0.999981  0.005252  0.003303  -0.005215  0.999925  -0.011098  -0.003361  0.011080  0.999933  1.000000  0.000065  0.000042  -0.000065  1.000000  -0.000139  -0.000042  0.000139  1.000000  0.999990  0.003839  0.002198  -0.002226  0.007310  0.999971  0.003822  -0.999966  0.007318  0.000136  0.012707  
206.286541 0.007683  0.097016  -0.007280  0.999598  0.018234  -0.021722  0.019347  0.121616  0.992389  0.020737  -0.992410  0.121215  0.004087  -0.001060  -0.011028  -0.490359  -0.146233  0.243134  2.000000  0.999989  0.004105  0.002359  -0.002392  0.007873  0.999966  0.004086  -0.999961  0.007882  0.999981  0.005255  0.003299  -0.005217  0.999921  -0.011460  -0.003359  0.011443  0.999929  1.000000  0.000065  0.000042  -0.000065  1.000000  -0.000143  -0.000042  0.000143  1.000000  0.999989  0.004105  0.002359  -0.002392  0.007873  0.999966  0.004086  -0.999961  0.007882  0.000140  0.013025  
206.287541 0.007686  0.097015  -0.007292  0.999596  0.018509  -0.021563  0.019141  0.122340  0.992304  0.021005  -0.992316  0.121936  0.004024  -0.001093  -0.011102  -0.502440  -0.144395  0.245623  2.000000  0.999987  0.004375  0.002523  -0.002559  0.008449  0.999961  0.004353  -0.999955  0.008460  0.999980  0.005390  0.003279  -0.005351  0.999919  -0.011581  -0.003342  0.011563  0.999928  1.000000  0.000067  0.000041  -0.000067  1.000000  -0.000145  -0.000041  0.000145  1.000000  0.999987  0.004375  0.002523  -0.002559  0.008449  0.999961  0.004353  -0.999955  0.008460  0.000144  0.013181  
206.288546 0.007689  0.097013  -0.007304  0.999594  0.018784  -0.021405  0.018935  0.123063  0.992218  0.021272  -0.992221  0.122658  0.003928  -0.001161  -0.011185  -0.518535  -0.152290  0.248471  2.000000  0.999986  0.004647  0.002690  -0.002732  0.009036  0.999955  0.004622  -0.999948  0.009049  0.999979  0.005417  0.003480  -0.005376  0.999916  -0.011819  -0.003543  0.011800  0.999924  1.000000  0.000067  0.000044  -0.000067  1.000000  -0.000148  -0.000044  0.000148  1.000000  0.999986  0.004647  0.002690  -0.002732  0.009036  0.999955  0.004622  -0.999948  0.009049  0.000147  0.013451  
206.289794 0.007693  0.097011  -0.007318  0.999596  0.019080  -0.021048  0.018523  0.124023  0.992106  0.021540  -0.992096  0.123620  0.003802  -0.001255  -0.011292  -0.538875  -0.159034  0.249434  2.000000  0.999983  0.004991  0.002900  -0.002949  0.009787  0.999948  0.004962  -0.999940  0.009801  0.999979  0.005421  0.003474  -0.005378  0.999913  -0.012061  -0.003540  0.012042  0.999921  1.000000  0.000067  0.000044  -0.000067  1.000000  -0.000151  -0.000044  0.000151  1.000000  0.999983  0.004991  0.002900  -0.002949  0.009787  0.999948  0.004962  -0.999940  0.009801  0.000151  0.013664  
206.291045 0.007696  0.097009  -0.007333  0.999594  0.019353  -0.020893  0.018317  0.124866  0.992004  0.021807  -0.991985  0.124461  0.003680  -0.001271  -0.011378  -0.550545  -0.157047  0.251892  2.000000  0.999981  0.005335  0.003120  -0.003176  0.010549  0.999939  0.005301  -0.999930  0.010566  0.999978  0.005582  0.003657  -0.005536  0.999909  -0.012299  -0.003726  0.012278  0.999918  1.000000  0.000069  0.000046  -0.000069  1.000000  -0.000154  -0.000046  0.000154  1.000000  0.999981  0.005335  0.003120  -0.003176  0.010549  0.999939  0.005301  -0.999930  0.010566  0.000156  0.013984  
206.292049 0.007699  0.097007  -0.007344  0.999596  0.019655  -0.020533  0.017905  0.125585  0.991921  0.022075  -0.991888  0.125182  0.003586  -0.001328  -0.011445  -0.562837  -0.171900  0.255639  2.000000  0.999979  0.005544  0.003253  -0.003314  0.011020  0.999934  0.005508  -0.999924  0.011038  0.999978  0.005584  0.003653  -0.005538  0.999904  -0.012662  -0.003724  0.012642  0.999913  1.000000  0.000070  0.000046  -0.000070  1.000000  -0.000158  -0.000046  0.000158  1.000000  0.999979  0.005544  0.003253  -0.003314  0.011020  0.999934  0.005508  -0.999924  0.011038  0.000159  0.014304  
206.293291 0.007702  0.097005  -0.007359  0.999594  0.019929  -0.020379  0.017700  0.126428  0.991818  0.022343  -0.991776  0.126024  0.003488  -0.001370  -0.011554  -0.575224  -0.171792  0.255848  2.000000  0.999977  0.005896  0.003489  -0.003559  0.011823  0.999924  0.005854  -0.999913  0.011844  0.999977  0.005614  0.003852  -0.005563  0.999900  -0.013021  -0.003925  0.013000  0.999908  1.000000  0.000070  0.000049  -0.000070  1.000000  -0.000163  -0.000049  0.000163  1.000000  0.999977  0.005896  0.003489  -0.003559  0.011823  0.999924  0.005854  -0.999913  0.011844  0.000163  0.014685  
206.294291 0.007705  0.097003  -0.007371  0.999595  0.020230  -0.020021  0.017288  0.127266  0.991718  0.022610  -0.991662  0.126865  0.003372  -0.001464  -0.011682  -0.591332  -0.177967  0.261223  2.000000  0.999974  0.006178  0.003680  -0.003757  0.012480  0.999915  0.006131  -0.999903  0.012503  0.999977  0.005617  0.003848  -0.005565  0.999897  -0.013263  -0.003922  0.013241  0.999905  1.000000  0.000070  0.000049  -0.000070  1.000000  -0.000166  -0.000049  0.000166  1.000000  0.999974  0.006178  0.003680  -0.003757  0.012480  0.999915  0.006131  -0.999903  0.012503  0.000166  0.014899  
206.295545 0.007709  0.097001  -0.007387  0.999592  0.020499  -0.019873  0.017082  0.128349  0.991582  0.022878  -0.991517  0.127947  0.003235  -0.001566  -0.011794  -0.613519  -0.178299  0.262157  2.000000  0.999971  0.006530  0.003925  -0.004012  0.013326  0.999903  0.006477  -0.999890  0.013352  0.999977  0.005514  0.004063  -0.005458  0.999891  -0.013743  -0.004138  0.013720  0.999897  1.000000  0.000069  0.000051  -0.000069  1.000000  -0.000172  -0.000051  0.000172  1.000000  0.999971  0.006530  0.003925  -0.004012  0.013326  0.999903  0.006477  -0.999890  0.013352  0.000171  0.015345  
206.296794 0.007713  0.096999  -0.007402  0.999593  0.020799  -0.019520  0.016670  0.129307  0.991464  0.023145  -0.991386  0.128908  0.003148  -0.001619  -0.011857  -0.623631  -0.184401  0.262301  2.000000  0.999968  0.006882  0.004180  -0.004277  0.014200  0.999890  0.006822  -0.999875  0.014229  0.999975  0.005678  0.004245  -0.005617  0.999885  -0.014101  -0.004324  0.014077  0.999892  1.000000  0.000071  0.000054  -0.000071  1.000000  -0.000176  -0.000054  0.000176  1.000000  0.999968  0.006882  0.004180  -0.004277  0.014200  0.999890  0.006822  -0.999875  0.014229  0.000174  0.015773  
206.298045 0.007716  0.096997  -0.007417  0.999591  0.021231  -0.019184  0.016259  0.130267  0.991346  0.023546  -0.991252  0.129869  0.003052  -0.001583  -0.011853  -0.635600  -0.190503  0.267722  2.000000  0.999964  0.007233  0.004447  -0.004555  0.015088  0.999876  0.007165  -0.999860  0.015120  0.999975  0.005576  0.004460  -0.005512  0.999882  -0.014338  -0.004539  0.014313  0.999887  1.000000  0.000069  0.000056  -0.000069  1.000000  -0.000179  -0.000056  0.000179  1.000000  0.999964  0.007233  0.004447  -0.004555  0.015088  0.999876  0.007165  -0.999860  0.015120  0.000178  0.016007  
206.299292 0.007720  0.096996  -0.007432  0.999591  0.021529  -0.018834  0.015847  0.131345  0.991210  0.023814  -0.991103  0.130950  0.003047  -0.001525  -0.011773  -0.651788  -0.197166  0.268756  2.000000  0.999960  0.007582  0.004719  -0.004840  0.015986  0.999861  0.007505  -0.999843  0.016022  0.999975  0.005581  0.004454  -0.005515  0.999879  -0.014580  -0.004535  0.014555  0.999884  1.000000  0.000069  0.000056  -0.000069  1.000000  -0.000182  -0.000056  0.000182  1.000000  0.999960  0.007582  0.004719  -0.004840  0.015986  0.999861  0.007505  -0.999843  0.016022  0.000182  0.016224  
206.300542 0.007725  0.096995  -0.007446  0.999591  0.021831  -0.018482  0.015435  0.132302  0.991089  0.024081  -0.990969  0.131911  0.003037  -0.001502  -0.011786  -0.662370  -0.201601  0.271934  2.000000  0.999957  0.007867  0.004940  -0.005071  0.016725  0.999847  0.007783  -0.999829  0.016764  0.999974  0.005717  0.004431  -0.005651  0.999872  -0.014942  -0.004516  0.014917  0.999879  1.000000  0.000071  0.000056  -0.000071  1.000000  -0.000187  -0.000056  0.000187  1.000000  0.999957  0.007867  0.004940  -0.005071  0.016725  0.999847  0.007783  -0.999829  0.016764  0.000185  0.016590  
206.301843 0.007729  0.096993  -0.007460  0.999591  0.022133  -0.018131  0.015024  0.133259  0.990967  0.024349  -0.990834  0.132872  0.003026  -0.001497  -0.011748  -0.674870  -0.210169  0.270378  2.000000  0.999953  0.008227  0.005225  -0.005369  0.017674  0.999829  0.008133  -0.999810  0.017717  0.999973  0.005750  0.004629  -0.005678  0.999865  -0.015422  -0.004717  0.015395  0.999870  1.000000  0.000071  0.000058  -0.000071  1.000000  -0.000193  -0.000058  0.000193  1.000000  0.999953  0.008227  0.005225  -0.005369  0.017674  0.999829  0.008133  -0.999810  0.017717  0.000189  0.017086  
206.303043 0.007733  0.096992  -0.007475  0.999587  0.022408  -0.017984  0.014818  0.134220  0.990841  0.024616  -0.990698  0.133832  0.003021  -0.001499  -0.011833  -0.686953  -0.208714  0.268912  2.000000  0.999949  0.008521  0.005461  -0.005618  0.018451  0.999814  0.008419  -0.999793  0.018498  0.999971  0.005914  0.004810  -0.005838  0.999858  -0.015781  -0.004902  0.015752  0.999864  1.000000  0.000073  0.000061  -0.000073  1.000000  -0.000197  -0.000061  0.000197  1.000000  0.999949  0.008521  0.005461  -0.005618  0.018451  0.999814  0.008419  -0.999793  0.018498  0.000192  0.017514  
206.304290 0.007737  0.096990  -0.007490  0.999583  0.022842  -0.017655  0.014406  0.135298  0.990700  0.025018  -0.990542  0.134912  0.003021  -0.001499  -0.011839  -0.702398  -0.214585  0.274171  2.000000  0.999944  0.008888  0.005762  -0.005934  0.019428  0.999794  0.008774  -0.999772  0.019480  0.999970  0.005814  0.005026  -0.005734  0.999859  -0.015775  -0.005117  0.015746  0.999863  1.000000  0.000072  0.000063  -0.000072  1.000000  -0.000197  -0.000063  0.000197  1.000000  0.999944  0.008888  0.005762  -0.005934  0.019428  0.999794  0.008774  -0.999772  0.019480  0.000195  0.017535  
206.305296 0.007740  0.096988  -0.007502  0.999586  0.023017  -0.017281  0.013994  0.136011  0.990608  0.025151  -0.990440  0.135633  0.003081  -0.001455  -0.011856  -0.711909  -0.224114  0.268464  2.000000  0.999940  0.009179  0.006001  -0.006185  0.020207  0.999777  0.009056  -0.999754  0.020262  0.999972  0.005790  0.004817  -0.005714  0.999861  -0.015656  -0.004907  0.015628  0.999866  1.000000  0.000072  0.000061  -0.000072  1.000000  -0.000196  -0.000061  0.000196  1.000000  0.999940  0.009179  0.006001  -0.006185  0.020207  0.999777  0.009056  -0.999754  0.020262  0.000198  0.017362  
206.306296 0.007744  0.096986  -0.007514  0.999582  0.023296  -0.017134  0.013788  0.136851  0.990496  0.025419  -0.990318  0.136473  0.003138  -0.001454  -0.011884  -0.722206  -0.225867  0.271000  2.000000  0.999937  0.009398  0.006185  -0.006380  0.020798  0.999763  0.009267  -0.999740  0.020856  0.999970  0.005822  0.005017  -0.005741  0.999857  -0.015893  -0.005108  0.015864  0.999861  1.000000  0.000072  0.000063  -0.000072  1.000000  -0.000198  -0.000063  0.000198  1.000000  0.999937  0.009398  0.006185  -0.006380  0.020798  0.999763  0.009267  -0.999740  0.020856  0.000201  0.017641  
206.307298 0.007747  0.096984  -0.007526  0.999581  0.023603  -0.016782  0.013377  0.137686  0.990386  0.025687  -0.990195  0.137312  0.003155  -0.001456  -0.011927  -0.727756  -0.237438  0.270534  2.000000  0.999932  0.009689  0.006436  -0.006644  0.021596  0.999745  0.009548  -0.999720  0.021658  0.999970  0.005826  0.005012  -0.005745  0.999855  -0.016013  -0.005104  0.015984  0.999859  1.000000  0.000072  0.000063  -0.000072  1.000000  -0.000200  -0.000063  0.000200  1.000000  0.999932  0.009689  0.006436  -0.006644  0.021596  0.999745  0.009548  -0.999720  0.021658  0.000202  0.017749  
206.308549 0.007751  0.096982  -0.007542  0.999579  0.023908  -0.016434  0.012965  0.138641  0.990258  0.025954  -0.990054  0.138272  0.003175  -0.001482  -0.011951  -0.735864  -0.237216  0.270746  2.000000  0.999928  0.009982  0.006694  -0.006917  0.022407  0.999725  0.009830  -0.999699  0.022474  0.999969  0.005859  0.005210  -0.005773  0.999849  -0.016371  -0.005305  0.016340  0.999852  1.000000  0.000073  0.000066  -0.000073  1.000000  -0.000204  -0.000066  0.000204  1.000000  0.999928  0.009982  0.006694  -0.006917  0.022407  0.999725  0.009830  -0.999699  0.022474  0.000204  0.018139  
206.309792 0.007755  0.096980  -0.007557  0.999571  0.024317  -0.016313  0.012759  0.139722  0.990109  0.026355  -0.989892  0.139352  0.003216  -0.001477  -0.011931  -0.750066  -0.233943  0.277592  2.000000  0.999922  0.010350  0.007023  -0.007264  0.023432  0.999699  0.010182  -0.999672  0.023505  0.999969  0.005761  0.005426  -0.005671  0.999848  -0.016486  -0.005520  0.016454  0.999849  1.000000  0.000071  0.000068  -0.000071  1.000000  -0.000206  -0.000068  0.000206  1.000000  0.999922  0.010350  0.007023  -0.007264  0.023432  0.999699  0.010182  -0.999672  0.023505  0.000208  0.018274  
206.310792 0.007759  0.096979  -0.007569  0.999569  0.024625  -0.015963  0.012348  0.140556  0.989996  0.026623  -0.989766  0.140191  0.003248  -0.001472  -0.011975  -0.760154  -0.242529  0.280980  2.000000  0.999917  0.010647  0.007290  -0.007546  0.024257  0.999677  0.010467  -0.999649  0.024336  0.999967  0.005927  0.005606  -0.005833  0.999845  -0.016602  -0.005703  0.016568  0.999846  1.000000  0.000074  0.000071  -0.000073  1.000000  -0.000207  -0.000071  0.000207  1.000000  0.999917  0.010647  0.007290  -0.007546  0.024257  0.999677  0.010467  -0.999649  0.024336  0.000211  0.018484  
206.312050 0.007763  0.096976  -0.007585  0.999567  0.024931  -0.015620  0.011936  0.141629  0.989848  0.026890  -0.989606  0.141270  0.003327  -0.001472  -0.011966  -0.769911  -0.247121  0.279788  2.000000  0.999910  0.011021  0.007621  -0.007898  0.025299  0.999649  0.010824  -0.999619  0.025383  0.999968  0.005904  0.005396  -0.005812  0.999841  -0.016846  -0.005494  0.016814  0.999844  1.000000  0.000073  0.000068  -0.000073  1.000000  -0.000210  -0.000068  0.000210  1.000000  0.999910  0.011021  0.007621  -0.007898  0.025299  0.999649  0.010824  -0.999619  0.025383  0.000214  0.018635  
206.313293 0.007769  0.096975  -0.007601  0.999562  0.025210  -0.015479  0.011730  0.142588  0.989713  0.027158  -0.989461  0.142230  0.003449  -0.001450  -0.012067  -0.778703  -0.244621  0.279302  2.000000  0.999903  0.011394  0.007953  -0.008250  0.026341  0.999619  0.011180  -0.999588  0.026432  0.999968  0.005910  0.005389  -0.005818  0.999841  -0.016844  -0.005488  0.016813  0.999844  1.000000  0.000073  0.000068  -0.000073  1.000000  -0.000210  -0.000068  0.000210  1.000000  0.999903  0.011394  0.007953  -0.008250  0.026341  0.999619  0.011180  -0.999588  0.026432  0.000216  0.018633  
206.314540 0.007774  0.096973  -0.007617  0.999560  0.025517  -0.015137  0.011318  0.143661  0.989562  0.027425  -0.989298  0.143309  0.003507  -0.001484  -0.012200  -0.784206  -0.249187  0.278106  2.000000  0.999896  0.011768  0.008280  -0.008600  0.027389  0.999588  0.011536  -0.999556  0.027488  0.999968  0.005915  0.005383  -0.005824  0.999841  -0.016843  -0.005482  0.016811  0.999844  1.000000  0.000073  0.000068  -0.000073  1.000000  -0.000210  -0.000068  0.000210  1.000000  0.999896  0.011768  0.008280  -0.008600  0.027389  0.999588  0.011536  -0.999556  0.027488  0.000217  0.018632  
206.315544 0.007778  0.096972  -0.007631  0.999555  0.025799  -0.014994  0.011113  0.144499  0.989443  0.027693  -0.989169  0.144148  0.003565  -0.001518  -0.012330  -0.788125  -0.248940  0.278273  2.000000  0.999891  0.012065  0.008542  -0.008880  0.028229  0.999562  0.011819  -0.999529  0.028333  0.999968  0.005920  0.005378  -0.005828  0.999841  -0.016841  -0.005477  0.016809  0.999844  1.000000  0.000073  0.000068  -0.000073  1.000000  -0.000210  -0.000068  0.000210  1.000000  0.999891  0.012065  0.008542  -0.008880  0.028229  0.999562  0.011819  -0.999529  0.028333  0.000218  0.018630  
206.316791 0.007783  0.096969  -0.007649  0.999548  0.026239  -0.014673  0.010701  0.145572  0.989290  0.028094  -0.989000  0.145226  0.003602  -0.001609  -0.012585  -0.796124  -0.255564  0.279482  2.000000  0.999885  0.012366  0.008803  -0.009159  0.029077  0.999535  0.012105  -0.999501  0.029186  0.999968  0.005926  0.005372  -0.005833  0.999837  -0.017082  -0.005472  0.017050  0.999840  1.000000  0.000074  0.000068  -0.000073  1.000000  -0.000213  -0.000068  0.000213  1.000000  0.999885  0.012366  0.008803  -0.009159  0.029077  0.999535  0.012105  -0.999501  0.029186  0.000219  0.018848  
206.318040 0.007788  0.096966  -0.007667  0.999543  0.026520  -0.014534  0.010495  0.146530  0.989151  0.028362  -0.988851  0.146184  0.003652  -0.001695  -0.012755  -0.797759  -0.246426  0.276478  2.000000  0.999877  0.012748  0.009127  -0.009508  0.030139  0.999500  0.012467  -0.999464  0.030257  0.999967  0.006063  0.005346  -0.005971  0.999836  -0.017080  -0.005449  0.017048  0.999840  1.000000  0.000075  0.000067  -0.000075  1.000000  -0.000213  -0.000067  0.000213  1.000000  0.999877  0.012748  0.009127  -0.009508  0.030139  0.999500  0.012467  -0.999464  0.030257  0.000220  0.018883  
206.319040 0.007792  0.096964  -0.007681  0.999533  0.026936  -0.014408  0.010289  0.147248  0.989046  0.028763  -0.988733  0.146902  0.003691  -0.001775  -0.012982  -0.797918  -0.245698  0.281166  2.000000  0.999871  0.013053  0.009382  -0.009782  0.030988  0.999472  0.012756  -0.999435  0.031111  0.999969  0.006037  0.005138  -0.005949  0.999838  -0.016962  -0.005240  0.016931  0.999843  1.000000  0.000075  0.000065  -0.000075  1.000000  -0.000212  -0.000065  0.000212  1.000000  0.999871  0.013053  0.009382  -0.009782  0.030988  0.999472  0.012756  -0.999435  0.031111  0.000221  0.018710  
206.320292 0.007796  0.096960  -0.007700  0.999526  0.027380  -0.014087  0.009877  0.148201  0.988908  0.029164  -0.988578  0.147860  0.003714  -0.001857  -0.013183  -0.800253  -0.246796  0.288171  2.000000  0.999863  0.013442  0.009694  -0.010120  0.032048  0.999435  0.013124  -0.999396  0.032180  0.999968  0.006175  0.005112  -0.006087  0.999836  -0.017082  -0.005217  0.017050  0.999841  1.000000  0.000077  0.000065  -0.000077  1.000000  -0.000213  -0.000065  0.000213  1.000000  0.999863  0.013442  0.009694  -0.010120  0.032048  0.999435  0.013124  -0.999396  0.032180  0.000221  0.018856  
