1-Time 2-Px 3-Py 4-Pz 5-R11 6-R21 7-R31 8-R12 9-R22 10-R32 11-R13 12-R23 13-R33 14-Vx 15-Vy 16-Vz 17-Wx 18-Wy 19-Wz 20-state 21-PR11 22-PR21 23-PR31 24-PR12 25-PR22 26-PR32 27-PR13 28-PR23 29-PR33 
72.098252 0.007754  0.093351  -0.003503  0.997520  -0.027464  -0.064799  0.067255  0.100697  0.992641  -0.020737  -0.994538  0.102295  0.000053  -0.000082  -0.000036  0.000000  0.000000  0.000000  2.000000  1.000000  0.000000  0.000000  0.000000  -0.000000  1.000000  0.000000  -1.000000  -0.000000  1.000000  0.000687  0.000136  -0.000687  1.000000  -0.000247  -0.000136  0.000247  1.000000  1.000000  0.000000  0.000000  0.000000  1.000000  0.000000  0.000000  0.000000  1.000000  0.634960  0.459618  0.620949  -0.563958  -0.273568  0.779174  0.527994  -0.844933  0.085500  0.000000  0.000000  
72.099253 0.007754  0.093351  -0.003503  0.997523  -0.027332  -0.064813  0.067255  0.100706  0.992640  -0.020604  -0.994541  0.102295  0.000053  -0.000082  -0.000036  0.000000  0.000000  0.000000  2.000000  1.000000  0.000000  0.000000  0.000000  -0.000000  1.000000  0.000000  -1.000000  -0.000000  1.000000  0.000553  0.000150  -0.000553  1.000000  -0.000126  -0.000150  0.000126  1.000000  1.000000  0.000000  0.000000  0.000000  1.000000  0.000000  0.000000  0.000000  1.000000  1.000000  0.000000  0.000000  0.000000  -0.000000  1.000000  0.000000  -1.000000  -0.000000  0.000000  0.000000  
72.100503 0.007755  0.093350  -0.003504  0.997529  -0.027074  -0.064837  0.067255  0.100844  0.992626  -0.020336  -0.994534  0.102416  0.000120  -0.000168  -0.000106  0.000000  0.000000  0.000000  2.000000  1.000000  0.000000  0.000000  0.000000  -0.000000  1.000000  0.000000  -1.000000  -0.000000  1.000000  0.000820  0.000123  -0.000820  1.000000  -0.000247  -0.000123  0.000247  1.000000  1.000000  0.000000  0.000000  0.000000  1.000000  0.000000  0.000000  0.000000  1.000000  1.000000  0.000000  0.000000  0.000000  -0.000000  1.000000  0.000000  -1.000000  -0.000000  0.000000  0.000000  
72.101753 0.007757  0.093349  -0.003506  0.997523  -0.026704  -0.065079  0.067461  0.100986  0.992598  -0.019935  -0.994529  0.102538  0.000254  -0.000259  -0.000213  0.000000  0.000000  0.000000  2.000000  1.000000  0.000000  0.000000  0.000000  -0.000000  1.000000  0.000000  -1.000000  -0.000000  0.999999  0.001198  -0.000123  -0.001198  0.999999  -0.000364  0.000123  0.000364  1.000000  1.000000  0.000000  0.000000  0.000000  1.000000  0.000000  0.000000  0.000000  1.000000  1.000000  0.000000  0.000000  0.000000  -0.000000  1.000000  0.000000  -1.000000  -0.000000  0.000000  0.000000  
72.102754 0.007758  0.093348  -0.003507  0.997514  -0.026468  -0.065307  0.067667  0.101119  0.992570  -0.019667  -0.994522  0.102659  0.000338  -0.000313  -0.000228  0.000000  0.000000  0.000000  2.000000  1.000000  0.000000  0.000000  0.000000  -0.000000  1.000000  0.000000  -1.000000  -0.000000  0.999999  0.001576  -0.000369  -0.001576  0.999999  -0.000359  0.000369  0.000360  1.000000  1.000000  0.000000  0.000000  0.000000  1.000000  0.000000  0.000000  0.000000  1.000000  1.000000  0.000000  0.000000  0.000000  -0.000000  1.000000  0.000000  -1.000000  -0.000000  0.000000  0.000000  
72.103759 0.007760  0.093347  -0.003507  0.997519  -0.026210  -0.065332  0.067667  0.101258  0.992556  -0.019400  -0.994515  0.102780  0.000479  -0.000345  -0.000289  0.000000  0.000000  0.000000  2.000000  1.000000  0.000000  0.000000  0.000000  -0.000000  1.000000  0.000000  -1.000000  -0.000000  0.999998  0.001842  -0.000397  -0.001842  0.999998  -0.000602  0.000396  0.000603  1.000000  1.000000  0.000000  0.000000  0.000000  1.000000  0.000000  0.000000  0.000000  1.000000  1.000000  0.000000  0.000000  0.000000  -0.000000  1.000000  0.000000  -1.000000  -0.000000  0.000000  0.000000  
72.104766 0.007763  0.093348  -0.003507  0.997524  -0.025952  -0.065356  0.067667  0.101396  0.992542  -0.019132  -0.994508  0.102901  0.000661  -0.000293  -0.000285  0.000000  0.000000  0.000000  2.000000  1.000000  0.000000  0.000000  0.000000  -0.000000  1.000000  0.000000  -1.000000  -0.000000  0.999998  0.001975  -0.000411  -0.001975  0.999998  -0.000602  0.000410  0.000603  1.000000  1.000000  0.000000  0.000000  0.000000  1.000000  0.000000  0.000000  0.000000  1.000000  1.000000  0.000000  0.000000  0.000000  -0.000000  1.000000  0.000000  -1.000000  -0.000000  0.000000  0.000000  
72.106009 0.007767  0.093348  -0.003509  0.997530  -0.025695  -0.065380  0.067668  0.101534  0.992528  -0.018864  -0.994500  0.103022  0.000892  -0.000277  -0.000373  0.000000  0.000000  0.000000  2.000000  1.000000  0.000000  0.000000  0.000000  -0.000000  1.000000  0.000000  -1.000000  -0.000000  0.999997  0.002241  -0.000439  -0.002242  0.999997  -0.000844  0.000437  0.000845  1.000000  1.000000  0.000000  0.000000  0.000000  1.000000  0.000000  0.000000  0.000000  1.000000  1.000000  0.000000  0.000000  0.000000  -0.000000  1.000000  0.000000  -1.000000  -0.000000  0.000000  0.000000  
72.107024 0.007770  0.093348  -0.003510  0.997521  -0.025466  -0.065606  0.067873  0.101788  0.992488  -0.018597  -0.994480  0.103264  0.001131  -0.000285  -0.000450  0.000000  0.000000  0.000000  2.000000  1.000000  0.000000  0.000000  0.000000  -0.000000  1.000000  0.000000  -1.000000  -0.000000  0.999997  0.002353  -0.000658  -0.002354  0.999997  -0.000961  0.000656  0.000963  0.999999  1.000000  0.000000  0.000000  0.000000  1.000000  0.000000  0.000000  0.000000  1.000000  1.000000  0.000000  0.000000  0.000000  -0.000000  1.000000  0.000000  -1.000000  -0.000000  0.000000  0.000000  
72.108257 0.007775  0.093347  -0.003512  0.997526  -0.025217  -0.065627  0.067874  0.102047  0.992461  -0.018329  -0.994460  0.103506  0.001447  -0.000324  -0.000553  0.000000  0.000000  0.000000  2.000000  1.000000  0.000000  0.000000  0.000000  -0.000000  1.000000  0.000000  -1.000000  -0.000000  0.999996  0.002752  -0.000700  -0.002753  0.999995  -0.001325  0.000697  0.001327  0.999999  1.000000  0.000000  0.000000  0.000000  1.000000  0.000000  0.000000  0.000000  1.000000  1.000000  0.000000  0.000000  0.000000  -0.000000  1.000000  0.000000  -1.000000  -0.000000  0.000000  0.000000  
72.109258 0.007778  0.093347  -0.003513  0.997533  -0.024834  -0.065663  0.067874  0.102315  0.992434  -0.017928  -0.994442  0.103748  0.001648  -0.000336  -0.000662  0.000000  0.000000  0.000000  2.000000  1.000000  0.000000  0.000000  0.000000  -0.000000  1.000000  0.000000  -1.000000  -0.000000  0.999995  0.003018  -0.000729  -0.003019  0.999994  -0.001568  0.000724  0.001570  0.999999  1.000000  0.000000  0.000000  0.000000  1.000000  0.000000  0.000000  0.000000  1.000000  1.000000  0.000000  0.000000  0.000000  -0.000000  1.000000  0.000000  -1.000000  -0.000000  0.000000  0.000000  
72.110511 0.007782  0.093347  -0.003516  0.997531  -0.024216  -0.065928  0.068080  0.102716  0.992378  -0.017259  -0.994416  0.104111  0.001919  -0.000332  -0.000853  0.000000  0.000000  0.000000  2.000000  1.000000  0.000000  0.000000  0.000000  -0.000000  1.000000  0.000000  -1.000000  -0.000000  0.999993  0.003529  -0.000990  -0.003531  0.999992  -0.001806  0.000983  0.001809  0.999998  1.000000  0.000000  0.000000  0.000000  1.000000  0.000000  0.000000  0.000000  1.000000  1.000000  0.000000  0.000000  0.000000  -0.000000  1.000000  0.000000  -1.000000  -0.000000  0.000000  0.000000  
72.111511 0.007785  0.093347  -0.003520  0.997523  -0.023855  -0.066168  0.068286  0.102979  0.992337  -0.016858  -0.994397  0.104353  0.002113  -0.000336  -0.001109  0.000000  0.000000  0.000000  2.000000  1.000000  0.000000  0.000000  0.000000  -0.000000  1.000000  0.000000  -1.000000  -0.000000  0.999992  0.003906  -0.001237  -0.003909  0.999990  -0.002044  0.001229  0.002049  0.999997  1.000000  0.000000  0.000000  0.000000  1.000000  0.000000  0.000000  0.000000  1.000000  1.000000  0.000000  0.000000  0.000000  -0.000000  1.000000  0.000000  -1.000000  -0.000000  0.000000  0.000000  
72.112755 0.007788  0.093346  -0.003526  0.997534  -0.023207  -0.066232  0.068287  0.103265  0.992307  -0.016189  -0.994383  0.104595  0.002332  -0.000385  -0.001525  0.000000  0.000000  0.000000  2.000000  1.000000  0.000000  0.000000  0.000000  -0.000000  1.000000  0.000000  -1.000000  -0.000000  0.999989  0.004550  -0.001513  -0.004553  0.999987  -0.002403  0.001502  0.002410  0.999996  1.000000  0.000000  0.000000  0.000000  1.000000  0.000000  0.000000  0.000000  1.000000  1.000000  0.000000  0.000000  0.000000  -0.000000  1.000000  0.000000  -1.000000  -0.000000  0.000000  0.000000  
72.113757 0.007791  0.093345  -0.003532  0.997543  -0.022700  -0.066279  0.068288  0.103662  0.992266  -0.015654  -0.994353  0.104958  0.002505  -0.000458  -0.001927  -0.093226  0.047073  0.184932  2.000000  1.000000  0.000000  0.000000  0.000000  -0.000000  1.000000  0.000000  -1.000000  -0.000000  0.999987  0.004948  -0.001557  -0.004953  0.999984  -0.002646  0.001543  0.002653  0.999995  1.000000  0.000000  0.000000  0.000000  1.000000  0.000000  0.000000  0.000000  1.000000  1.000000  0.000000  0.000000  0.000000  -0.000000  1.000000  0.000000  -1.000000  -0.000000  0.000052  0.000000  
72.115007 0.007794  0.093343  -0.003538  0.997551  -0.022193  -0.066327  0.068288  0.104060  0.992224  -0.015119  -0.994323  0.105321  0.002670  -0.000506  -0.002341  -0.105461  0.048506  0.198336  2.000000  1.000000  0.000328  -0.000099  0.000099  0.000181  1.000000  0.000328  -1.000000  0.000181  0.999984  0.005480  -0.001615  -0.005485  0.999980  -0.003009  0.001598  0.003018  0.999994  1.000000  0.000069  -0.000020  -0.000069  1.000000  -0.000038  0.000020  0.000038  1.000000  1.000000  0.000328  -0.000099  0.000099  0.000181  1.000000  0.000328  -1.000000  0.000181  0.000056  0.006459  
72.116064 0.007796  0.093341  -0.003543  0.997557  -0.021811  -0.066364  0.068289  0.104328  0.992196  -0.014717  -0.994304  0.105562  0.002741  -0.000528  -0.002538  -0.113409  0.049840  0.211356  2.000000  1.000000  0.000545  -0.000160  0.000160  0.000303  1.000000  0.000545  -1.000000  0.000303  0.999981  0.005879  -0.001659  -0.005884  0.999977  -0.003373  0.001639  0.003383  0.999993  1.000000  0.000074  -0.000021  -0.000074  1.000000  -0.000042  0.000021  0.000042  1.000000  1.000000  0.000545  -0.000160  0.000160  0.000303  1.000000  0.000545  -1.000000  0.000303  0.000060  0.006980  
72.117254 0.007800  0.093340  -0.003549  0.997567  -0.021180  -0.066424  0.068289  0.104855  0.992140  -0.014048  -0.994262  0.106046  0.002885  -0.000592  -0.002848  -0.129968  0.052339  0.234160  2.000000  1.000000  0.000859  -0.000245  0.000245  0.000481  1.000000  0.000859  -1.000000  0.000481  0.999978  0.006410  -0.001718  -0.006416  0.999973  -0.003615  0.001695  0.003626  0.999992  1.000000  0.000080  -0.000021  -0.000080  1.000000  -0.000045  0.000021  0.000045  1.000000  1.000000  0.000859  -0.000245  0.000245  0.000481  1.000000  0.000859  -1.000000  0.000481  0.000067  0.007560  
72.118499 0.007805  0.093338  -0.003554  0.997576  -0.020548  -0.066485  0.068290  0.105381  0.992084  -0.013379  -0.994220  0.106529  0.003019  -0.000642  -0.003097  -0.145092  0.053831  0.249978  2.000000  0.999999  0.001285  -0.000355  0.000354  0.000724  1.000000  0.001285  -0.999999  0.000724  0.999973  0.007075  -0.001792  -0.007082  0.999967  -0.004100  0.001763  0.004113  0.999990  1.000000  0.000088  -0.000022  -0.000088  1.000000  -0.000051  0.000022  0.000051  1.000000  0.999999  0.001285  -0.000355  0.000354  0.000724  1.000000  0.001285  -0.999999  0.000724  0.000073  0.008374  
72.119508 0.007809  0.093337  -0.003557  0.997583  -0.020042  -0.066535  0.068290  0.105779  0.992042  -0.012844  -0.994188  0.106892  0.003125  -0.000695  -0.003326  -0.158503  0.056193  0.269881  2.000000  0.999999  0.001655  -0.000446  0.000444  0.000940  0.999999  0.001655  -0.999998  0.000939  0.999969  0.007606  -0.001852  -0.007614  0.999961  -0.004464  0.001818  0.004478  0.999988  1.000000  0.000095  -0.000023  -0.000095  1.000000  -0.000056  0.000023  0.000056  1.000000  0.999999  0.001655  -0.000446  0.000444  0.000940  0.999999  0.001655  -0.999998  0.000939  0.000078  0.009015  
72.120589 0.007813  0.093336  -0.003560  0.997590  -0.019543  -0.066582  0.068291  0.106296  0.991987  -0.012309  -0.994142  0.107375  0.003197  -0.000796  -0.003497  -0.174307  0.057974  0.286916  2.000000  0.999998  0.002052  -0.000540  0.000537  0.001179  0.999999  0.002053  -0.999997  0.001178  0.999965  0.008137  -0.001913  -0.008147  0.999955  -0.004948  0.001873  0.004964  0.999986  1.000000  0.000102  -0.000024  -0.000102  1.000000  -0.000062  0.000024  0.000062  1.000000  0.999998  0.002052  -0.000540  0.000537  0.001179  0.999999  0.002053  -0.999997  0.001178  0.000084  0.009718  
72.121760 0.007817  0.093333  -0.003565  0.997598  -0.018920  -0.066643  0.068291  0.106943  0.991917  -0.011640  -0.994085  0.107979  0.003189  -0.000993  -0.003686  -0.195048  0.067457  0.309296  2.000000  0.999997  0.002369  -0.000612  0.000609  0.001380  0.999999  0.002370  -0.999996  0.001379  0.999960  0.008668  -0.001976  -0.008679  0.999947  -0.005554  0.001927  0.005571  0.999983  1.000000  0.000108  -0.000024  -0.000108  1.000000  -0.000070  0.000024  0.000070  1.000000  0.999997  0.002369  -0.000612  0.000609  0.001380  0.999999  0.002370  -0.999996  0.001379  0.000092  0.010487  
72.123006 0.007821  0.093329  -0.003570  0.997607  -0.018156  -0.066720  0.068292  0.107479  0.991859  -0.010837  -0.994042  0.108462  0.003158  -0.001198  -0.003905  -0.211410  0.069915  0.331702  2.000000  0.999995  0.002928  -0.000732  0.000727  0.001744  0.999998  0.002929  -0.999994  0.001742  0.999957  0.009088  -0.001820  -0.009099  0.999940  -0.006044  0.001765  0.006060  0.999980  1.000000  0.000114  -0.000022  -0.000114  1.000000  -0.000076  0.000022  0.000076  1.000000  0.999995  0.002928  -0.000732  0.000727  0.001744  0.999998  0.002929  -0.999994  0.001742  0.000099  0.011070  
72.124261 0.007825  0.093325  -0.003575  0.997628  -0.017511  -0.066578  0.068087  0.108130  0.991802  -0.010169  -0.993983  0.109066  0.003131  -0.001472  -0.004136  -0.231878  0.065503  0.354719  2.000000  0.999993  0.003509  -0.000836  0.000829  0.002132  0.999997  0.003510  -0.999992  0.002129  0.999955  0.009398  -0.001444  -0.009407  0.999935  -0.006416  0.001384  0.006429  0.999978  1.000000  0.000118  -0.000018  -0.000118  1.000000  -0.000080  0.000018  0.000080  1.000000  0.999993  0.003509  -0.000836  0.000829  0.002132  0.999997  0.003510  -0.999992  0.002129  0.000106  0.011474  
72.125505 0.007829  0.093321  -0.003580  0.997635  -0.016755  -0.066655  0.068088  0.108786  0.991731  -0.009366  -0.993924  0.109669  0.003143  -0.001731  -0.004295  -0.248206  0.068019  0.377067  2.000000  0.999991  0.004109  -0.000928  0.000917  0.002549  0.999996  0.004112  -0.999988  0.002545  0.999951  0.009796  -0.001494  -0.009806  0.999929  -0.006779  0.001427  0.006794  0.999976  1.000000  0.000123  -0.000018  -0.000123  1.000000  -0.000085  0.000018  0.000085  1.000000  0.999991  0.004109  -0.000928  0.000917  0.002549  0.999996  0.004112  -0.999988  0.002545  0.000114  0.012011  
72.126505 0.007832  0.093317  -0.003586  0.997655  -0.016102  -0.066516  0.067883  0.109315  0.991686  -0.008697  -0.993877  0.110152  0.003143  -0.001973  -0.004396  -0.264618  0.063620  0.400136  2.000000  0.999989  0.004609  -0.000999  0.000985  0.002904  0.999995  0.004612  -0.999985  0.002899  0.999948  0.010084  -0.001323  -0.010093  0.999923  -0.007268  0.001250  0.007281  0.999973  1.000000  0.000126  -0.000016  -0.000126  1.000000  -0.000091  0.000016  0.000091  1.000000  0.999989  0.004609  -0.000999  0.000985  0.002904  0.999995  0.004612  -0.999985  0.002899  0.000119  0.012505  
72.127507 0.007835  0.093313  -0.003591  0.997660  -0.015604  -0.066568  0.067883  0.109833  0.991629  -0.008162  -0.993828  0.110635  0.003168  -0.002208  -0.004430  -0.280901  0.065626  0.417964  2.000000  0.999986  0.005130  -0.001067  0.001050  0.003276  0.999994  0.005134  -0.999981  0.003270  0.999944  0.010482  -0.001373  -0.010492  0.999917  -0.007510  0.001294  0.007524  0.999971  1.000000  0.000131  -0.000017  -0.000131  1.000000  -0.000094  0.000017  0.000094  1.000000  0.999986  0.005130  -0.001067  0.001050  0.003276  0.999994  0.005134  -0.999981  0.003270  0.000126  0.012972  
72.128510 0.007837  0.093309  -0.003596  0.997665  -0.014981  -0.066632  0.067883  0.110479  0.991557  -0.007493  -0.993766  0.111238  0.003169  -0.002438  -0.004377  -0.301352  0.068169  0.440392  2.000000  0.999983  0.005666  -0.001132  0.001111  0.003661  0.999993  0.005670  -0.999977  0.003655  0.999940  0.010903  -0.001218  -0.010913  0.999910  -0.007756  0.001133  0.007769  0.999969  1.000000  0.000136  -0.000015  -0.000136  1.000000  -0.000097  0.000015  0.000097  1.000000  0.999983  0.005666  -0.001132  0.001111  0.003661  0.999993  0.005670  -0.999977  0.003655  0.000133  0.013440  
72.129760 0.007841  0.093303  -0.003602  0.997670  -0.014358  -0.066698  0.067884  0.111126  0.991485  -0.006824  -0.993703  0.111841  0.003229  -0.002694  -0.004335  -0.317664  0.069774  0.453775  2.000000  0.999980  0.006223  -0.001194  0.001169  0.004067  0.999991  0.006228  -0.999972  0.004059  0.999935  0.011301  -0.001271  -0.011312  0.999902  -0.008241  0.001177  0.008255  0.999965  1.000000  0.000141  -0.000015  -0.000141  1.000000  -0.000103  0.000015  0.000103  1.000000  0.999980  0.006223  -0.001194  0.001169  0.004067  0.999991  0.006228  -0.999972  0.004059  0.000139  0.014049  
72.131005 0.007846  0.093298  -0.003607  0.997687  -0.013845  -0.066545  0.067678  0.111766  0.991427  -0.006288  -0.993638  0.112444  0.003292  -0.002888  -0.004251  -0.338269  0.057127  0.464226  2.000000  0.999975  0.006931  -0.001269  0.001238  0.004592  0.999989  0.006937  -0.999965  0.004584  0.999935  0.011347  -0.000868  -0.011354  0.999899  -0.008491  0.000772  0.008500  0.999964  1.000000  0.000142  -0.000010  -0.000142  1.000000  -0.000106  0.000010  0.000106  1.000000  0.999975  0.006931  -0.001269  0.001238  0.004592  0.999989  0.006937  -0.999965  0.004584  0.000143  0.014202  
72.132257 0.007850  0.093293  -0.003612  0.997704  -0.013339  -0.066391  0.067473  0.112526  0.991355  -0.005753  -0.993559  0.113168  0.003350  -0.003124  -0.004216  -0.358828  0.043567  0.465690  2.000000  0.999970  0.007641  -0.001325  0.001286  0.005144  0.999986  0.007648  -0.999958  0.005134  0.999934  0.011479  -0.000892  -0.011487  0.999894  -0.008975  0.000789  0.008985  0.999959  1.000000  0.000144  -0.000011  -0.000144  1.000000  -0.000112  0.000010  0.000112  1.000000  0.999970  0.007641  -0.001325  0.001286  0.005144  0.999986  0.007648  -0.999958  0.005134  0.000147  0.014602  
72.133507 0.007855  0.093288  -0.003617  0.997708  -0.012717  -0.066459  0.067474  0.113172  0.991282  -0.005084  -0.993494  0.113771  0.003301  -0.003417  -0.004262  -0.371133  0.045236  0.479184  2.000000  0.999964  0.008353  -0.001358  0.001311  0.005715  0.999983  0.008360  -0.999949  0.005704  0.999935  0.011393  -0.000474  -0.011396  0.999893  -0.009225  0.000369  0.009230  0.999957  1.000000  0.000142  -0.000005  -0.000142  1.000000  -0.000115  0.000005  0.000115  1.000000  0.999964  0.008353  -0.001358  0.001311  0.005715  0.999983  0.008360  -0.999949  0.005704  0.000151  0.014669  
72.134753 0.007858  0.093282  -0.003623  0.997725  -0.012211  -0.066307  0.067268  0.113932  0.991209  -0.004549  -0.993414  0.114494  0.003208  -0.003687  -0.004357  -0.388487  0.039223  0.484975  2.000000  0.999958  0.009055  -0.001381  0.001324  0.006307  0.999979  0.009063  -0.999939  0.006294  0.999938  0.011150  -0.000248  -0.011152  0.999892  -0.009591  0.000141  0.009594  0.999954  1.000000  0.000139  -0.000002  -0.000139  1.000000  -0.000120  0.000002  0.000120  1.000000  0.999958  0.009055  -0.001381  0.001324  0.006307  0.999979  0.009063  -0.999939  0.006294  0.000155  0.014711  
72.135755 0.007860  0.093276  -0.003628  0.997741  -0.011697  -0.066157  0.067063  0.114571  0.991149  -0.004014  -0.993346  0.115097  0.003107  -0.004030  -0.004513  -0.404562  0.033534  0.494363  2.000000  0.999953  0.009617  -0.001396  0.001331  0.006795  0.999976  0.009626  -0.999931  0.006782  0.999936  0.011283  -0.000270  -0.011285  0.999888  -0.009833  0.000159  0.009836  0.999952  1.000000  0.000141  -0.000003  -0.000141  1.000000  -0.000123  0.000003  0.000123  1.000000  0.999953  0.009617  -0.001396  0.001331  0.006795  0.999976  0.009626  -0.999931  0.006782  0.000160  0.014970  
72.136757 0.007863  0.093271  -0.003633  0.997743  -0.011215  -0.066210  0.067063  0.115328  0.991061  -0.003479  -0.993264  0.115820  0.003081  -0.004144  -0.004531  -0.425090  0.028404  0.508690  2.000000  0.999949  0.010042  -0.001401  0.001329  0.007175  0.999973  0.010051  -0.999924  0.007161  0.999936  0.011306  -0.000072  -0.011306  0.999884  -0.010200  -0.000043  0.010200  0.999948  1.000000  0.000141  -0.000000  -0.000141  1.000000  -0.000128  0.000000  0.000128  1.000000  0.999949  0.010042  -0.001401  0.001329  0.007175  0.999973  0.010051  -0.999924  0.007161  0.000164  0.015228  
72.137771 0.007866  0.093266  -0.003636  0.997744  -0.010725  -0.066266  0.067063  0.115965  0.990987  -0.002944  -0.993195  0.116423  0.003030  -0.004300  -0.004485  -0.436360  0.029356  0.516893  2.000000  0.999943  0.010610  -0.001407  0.001326  0.007696  0.999970  0.010620  -0.999914  0.007682  0.999936  0.011306  -0.000080  -0.011306  0.999880  -0.010563  -0.000039  0.010563  0.999944  1.000000  0.000141  -0.000000  -0.000141  1.000000  -0.000132  0.000000  0.000132  1.000000  0.999943  0.010610  -0.001407  0.001326  0.007696  0.999970  0.010620  -0.999914  0.007682  0.000169  0.015474  
72.139006 0.007869  0.093259  -0.003640  0.997760  -0.010219  -0.066116  0.066858  0.116724  0.990911  -0.002408  -0.993112  0.117146  0.003010  -0.004508  -0.004434  -0.449179  0.023048  0.518029  2.000000  0.999937  0.011176  -0.001410  0.001318  0.008236  0.999965  0.011188  -0.999904  0.008220  0.999936  0.011330  0.000116  -0.011328  0.999876  -0.010929  -0.000240  0.010927  0.999940  1.000000  0.000142  0.000002  -0.000142  1.000000  -0.000137  -0.000002  0.000137  1.000000  0.999937  0.011176  -0.001410  0.001318  0.008236  0.999965  0.011188  -0.999904  0.008220  0.000172  0.015742  
72.140007 0.007872  0.093254  -0.003643  0.997774  -0.009837  -0.065953  0.066653  0.117354  0.990851  -0.002007  -0.993041  0.117748  0.002994  -0.004612  -0.004351  -0.461399  0.009626  0.519507  2.000000  0.999930  0.011742  -0.001407  0.001304  0.008786  0.999961  0.011754  -0.999892  0.008770  0.999936  0.011330  0.000109  -0.011328  0.999873  -0.011171  -0.000236  0.011169  0.999938  1.000000  0.000142  0.000002  -0.000142  1.000000  -0.000140  -0.000002  0.000140  1.000000  0.999930  0.011742  -0.001407  0.001304  0.008786  0.999961  0.011754  -0.999892  0.008770  0.000175  0.015911  
72.141261 0.007875  0.093247  -0.003646  0.997789  -0.009338  -0.065804  0.066447  0.118232  0.990760  -0.001472  -0.992942  0.118591  0.002937  -0.004783  -0.004124  -0.481672  -0.004231  0.520928  2.000000  0.999922  0.012441  -0.001389  0.001271  0.009489  0.999954  0.012453  -0.999878  0.009473  0.999938  0.011113  0.000541  -0.011107  0.999875  -0.011297  -0.000667  0.011290  0.999936  1.000000  0.000139  0.000008  -0.000139  1.000000  -0.000141  -0.000008  0.000141  1.000000  0.999922  0.012441  -0.001389  0.001271  0.009489  0.999954  0.012453  -0.999878  0.009473  0.000176  0.015854  
72.142507 0.007878  0.093240  -0.003649  0.997803  -0.008839  -0.065656  0.066242  0.119110  0.990669  -0.000937  -0.992842  0.119434  0.002877  -0.004893  -0.003901  -0.497958  -0.010734  0.517419  2.000000  0.999913  0.013120  -0.001354  0.001220  0.010201  0.999947  0.013133  -0.999862  0.010184  0.999942  0.010740  0.000783  -0.010730  0.999877  -0.011419  -0.000905  0.011410  0.999934  1.000000  0.000134  0.000011  -0.000134  1.000000  -0.000143  -0.000011  0.000143  1.000000  0.999913  0.013120  -0.001354  0.001220  0.010201  0.999947  0.013133  -0.999862  0.010184  0.000180  0.015693  
72.143507 0.007880  0.093234  -0.003651  0.997817  -0.008465  -0.065494  0.066037  0.119860  0.990592  -0.000535  -0.992755  0.120157  0.002822  -0.004943  -0.003666  -0.514336  -0.018427  0.513555  2.000000  0.999906  0.013645  -0.001313  0.001166  0.010778  0.999941  0.013658  -0.999849  0.010761  0.999944  0.010500  0.001011  -0.010487  0.999877  -0.011663  -0.001134  0.011651  0.999931  1.000000  0.000131  0.000013  -0.000131  1.000000  -0.000146  -0.000013  0.000146  1.000000  0.999906  0.013645  -0.001313  0.001166  0.010778  0.999941  0.013658  -0.999849  0.010761  0.000182  0.015722  
72.144757 0.007882  0.093228  -0.003653  0.997831  -0.007973  -0.065346  0.065831  0.120857  0.990485  0.000000  -0.992638  0.121120  0.002709  -0.005013  -0.003383  -0.534726  -0.024960  0.514344  2.000000  0.999899  0.014171  -0.001265  0.001104  0.011380  0.999935  0.014184  -0.999835  0.011363  0.999944  0.010500  0.001003  -0.010488  0.999871  -0.012147  -0.001130  0.012135  0.999926  1.000000  0.000131  0.000013  -0.000131  1.000000  -0.000152  -0.000013  0.000152  1.000000  0.999899  0.014171  -0.001265  0.001104  0.011380  0.999935  0.014184  -0.999835  0.011363  0.000184  0.016084  
72.146013 0.007884  0.093221  -0.003656  0.997844  -0.007474  -0.065201  0.065626  0.121735  0.990391  0.000535  -0.992535  0.121963  0.002558  -0.005131  -0.003273  -0.551461  -0.030838  0.516187  2.000000  0.999889  0.014825  -0.001200  0.001020  0.012153  0.999926  0.014839  -0.999816  0.012136  0.999945  0.010394  0.001213  -0.010378  0.999868  -0.012511  -0.001343  0.012498  0.999921  1.000000  0.000130  0.000016  -0.000130  1.000000  -0.000156  -0.000016  0.000156  1.000000  0.999889  0.014825  -0.001200  0.001020  0.012153  0.999926  0.014839  -0.999816  0.012136  0.000189  0.016306  
72.147255 0.007886  0.093214  -0.003660  0.997857  -0.006849  -0.065072  0.065420  0.122741  0.990280  0.001204  -0.992415  0.122926  0.002371  -0.005277  -0.003214  -0.571441  -0.038057  0.515990  2.000000  0.999880  0.015466  -0.001126  0.000926  0.012947  0.999916  0.015479  -0.999797  0.012931  0.999947  0.010262  0.001219  -0.010246  0.999865  -0.012873  -0.001351  0.012860  0.999916  1.000000  0.000128  0.000016  -0.000128  1.000000  -0.000161  -0.000016  0.000161  1.000000  0.999880  0.015466  -0.001126  0.000926  0.012947  0.999916  0.015479  -0.999797  0.012931  0.000192  0.016504  
72.148506 0.007887  0.093207  -0.003664  0.997883  -0.006332  -0.064724  0.065009  0.123739  0.990183  0.001739  -0.992295  0.123889  0.002159  -0.005422  -0.003139  -0.587813  -0.051952  0.513181  2.000000  0.999870  0.016093  -0.001047  0.000826  0.013764  0.999905  0.016106  -0.999776  0.013749  0.999949  0.010023  0.001447  -0.010003  0.999862  -0.013237  -0.001579  0.013222  0.999911  1.000000  0.000125  0.000019  -0.000125  1.000000  -0.000165  -0.000019  0.000165  1.000000  0.999870  0.016093  -0.001047  0.000826  0.013764  0.999905  0.016106  -0.999776  0.013749  0.000195  0.016661  
72.149756 0.007888  0.093200  -0.003670  0.997896  -0.005971  -0.064564  0.064804  0.124727  0.990073  0.002141  -0.992173  0.124852  0.002017  -0.005447  -0.003072  -0.599028  -0.058479  0.505269  2.000000  0.999860  0.016709  -0.000948  0.000704  0.014598  0.999893  0.016721  -0.999754  0.014585  0.999951  0.009678  0.001896  -0.009652  0.999864  -0.013359  -0.002025  0.013340  0.999909  1.000000  0.000121  0.000024  -0.000121  1.000000  -0.000167  -0.000025  0.000167  1.000000  0.999860  0.016709  -0.000948  0.000704  0.014598  0.999893  0.016721  -0.999754  0.014585  0.000197  0.016598  
72.151004 0.007889  0.093194  -0.003674  0.997921  -0.005452  -0.064217  0.064393  0.125724  0.989973  0.002676  -0.992050  0.125814  0.001861  -0.005411  -0.002976  -0.612447  -0.073364  0.502448  2.000000  0.999850  0.017302  -0.000828  0.000561  0.015442  0.999881  0.017313  -0.999731  0.015430  0.999953  0.009440  0.002125  -0.009410  0.999863  -0.013601  -0.002253  0.013581  0.999905  1.000000  0.000118  0.000027  -0.000118  1.000000  -0.000170  -0.000027  0.000170  1.000000  0.999850  0.017302  -0.000828  0.000561  0.015442  0.999881  0.017313  -0.999731  0.015430  0.000198  0.016684  
72.152253 0.007891  0.093188  -0.003679  0.997933  -0.005099  -0.064058  0.064187  0.126832  0.989845  0.003077  -0.991911  0.126897  0.001748  -0.005350  -0.002946  -0.627346  -0.080204  0.490123  2.000000  0.999840  0.017888  -0.000699  0.000407  0.016307  0.999867  0.017897  -0.999707  0.016297  0.999954  0.009335  0.002336  -0.009302  0.999859  -0.013965  -0.002466  0.013943  0.999900  1.000000  0.000116  0.000030  -0.000116  1.000000  -0.000174  -0.000030  0.000174  1.000000  0.999840  0.017888  -0.000699  0.000407  0.016307  0.999867  0.017897  -0.999707  0.016297  0.000199  0.016951  
72.153257 0.007891  0.093184  -0.003682  0.997959  -0.004836  -0.063681  0.063776  0.127691  0.989761  0.003345  -0.991802  0.127739  0.001605  -0.005273  -0.002941  -0.643532  -0.094594  0.482947  2.000000  0.999833  0.018237  -0.000616  0.000309  0.016842  0.999858  0.018245  -0.999692  0.016834  0.999954  0.009337  0.002328  -0.009303  0.999852  -0.014449  -0.002463  0.014427  0.999893  1.000000  0.000117  0.000030  -0.000117  1.000000  -0.000180  -0.000030  0.000180  1.000000  0.999833  0.018237  -0.000616  0.000309  0.016842  0.999858  0.018245  -0.999692  0.016834  0.000202  0.017352  
72.154259 0.007892  0.093180  -0.003685  0.997970  -0.004466  -0.063524  0.063571  0.128558  0.989662  0.003746  -0.991692  0.128581  0.001423  -0.005173  -0.002958  -0.655497  -0.094789  0.478510  2.000000  0.999825  0.018701  -0.000499  0.000171  0.017578  0.999845  0.018707  -0.999671  0.017572  0.999954  0.009233  0.002542  -0.009194  0.999848  -0.014812  -0.002678  0.014788  0.999887  1.000000  0.000115  0.000033  -0.000115  1.000000  -0.000185  -0.000033  0.000185  1.000000  0.999825  0.018701  -0.000499  0.000171  0.017578  0.999845  0.018707  -0.999671  0.017572  0.000203  0.017629  
72.155260 0.007892  0.093176  -0.003688  0.997982  -0.004229  -0.063351  0.063365  0.129416  0.989564  0.004014  -0.991581  0.129423  0.001269  -0.005069  -0.002963  -0.668960  -0.104235  0.465472  2.000000  0.999816  0.019162  -0.000376  0.000024  0.018329  0.999832  0.019166  -0.999648  0.018325  0.999953  0.009262  0.002738  -0.009220  0.999844  -0.015054  -0.002877  0.015029  0.999883  1.000000  0.000116  0.000035  -0.000116  1.000000  -0.000188  -0.000035  0.000188  1.000000  0.999816  0.019162  -0.000376  0.000024  0.018329  0.999832  0.019166  -0.999648  0.018325  0.000205  0.017876  
72.156508 0.007893  0.093172  -0.003692  0.997993  -0.003742  -0.063213  0.063160  0.130530  0.989430  0.004549  -0.991437  0.130505  0.001132  -0.004918  -0.002978  -0.685326  -0.104948  0.456743  2.000000  0.999805  0.019728  -0.000212  -0.000168  0.019282  0.999814  0.019729  -0.999619  0.019282  0.999955  0.009026  0.002967  -0.008980  0.999841  -0.015417  -0.003106  0.015390  0.999877  1.000000  0.000113  0.000038  -0.000113  1.000000  -0.000193  -0.000038  0.000193  1.000000  0.999805  0.019728  -0.000212  -0.000168  0.019282  0.999814  0.019729  -0.999619  0.019282  0.000207  0.018099  
72.157514 0.007893  0.093167  -0.003695  0.998005  -0.003496  -0.063041  0.062954  0.131268  0.989346  0.004817  -0.991341  0.131226  0.000987  -0.004787  -0.003009  -0.693172  -0.112587  0.448549  2.000000  0.999797  0.020168  -0.000080  -0.000324  0.020052  0.999799  0.020165  -0.999596  0.020054  0.999957  0.008764  0.002994  -0.008716  0.999843  -0.015414  -0.003129  0.015388  0.999877  1.000000  0.000109  0.000038  -0.000109  1.000000  -0.000193  -0.000038  0.000193  1.000000  0.999797  0.020168  -0.000080  -0.000324  0.020052  0.999799  0.020165  -0.999596  0.020054  0.000209  0.017972  
72.158755 0.007893  0.093162  -0.003698  0.998028  -0.002981  -0.062701  0.062543  0.132383  0.989224  0.005352  -0.991194  0.132308  0.000821  -0.004699  -0.003118  -0.705581  -0.127059  0.441588  2.000000  0.999786  0.020702  0.000100  -0.000536  0.021023  0.999779  0.020695  -0.999565  0.021030  0.999959  0.008396  0.003242  -0.008344  0.999843  -0.015655  -0.003373  0.015627  0.999872  1.000000  0.000105  0.000041  -0.000105  1.000000  -0.000196  -0.000041  0.000196  1.000000  0.999786  0.020702  0.000100  -0.000536  0.021023  0.999779  0.020695  -0.999565  0.021030  0.000211  0.018046  
72.159756 0.007893  0.093158  -0.003701  0.998039  -0.002742  -0.062530  0.062338  0.133240  0.989121  0.005620  -0.991080  0.133149  0.000718  -0.004639  -0.003229  -0.715848  -0.133098  0.434415  2.000000  0.999777  0.021121  0.000252  -0.000712  0.021808  0.999762  0.021110  -0.999539  0.021818  0.999960  0.008294  0.003457  -0.008238  0.999840  -0.015896  -0.003588  0.015867  0.999868  1.000000  0.000103  0.000044  -0.000103  1.000000  -0.000199  -0.000044  0.000199  1.000000  0.999777  0.021121  0.000252  -0.000712  0.021808  0.999762  0.021110  -0.999539  0.021818  0.000213  0.018248  
72.160760 0.007893  0.093154  -0.003704  0.998051  -0.002503  -0.062360  0.062132  0.134096  0.989019  0.005887  -0.990965  0.133991  0.000567  -0.004507  -0.003266  -0.729703  -0.134961  0.429094  2.000000  0.999770  0.021433  0.000371  -0.000851  0.022409  0.999749  0.021419  -0.999519  0.022422  0.999959  0.008429  0.003433  -0.008372  0.999835  -0.016137  -0.003568  0.016108  0.999864  1.000000  0.000105  0.000044  -0.000105  1.000000  -0.000202  -0.000044  0.000202  1.000000  0.999770  0.021433  0.000371  -0.000851  0.022409  0.999749  0.021419  -0.999519  0.022422  0.000214  0.018515  
72.162014 0.007892  0.093150  -0.003708  0.998061  -0.002146  -0.062208  0.061926  0.135201  0.988881  0.006288  -0.990816  0.135072  0.000425  -0.004321  -0.003270  -0.741817  -0.135124  0.424739  2.000000  0.999759  0.021950  0.000570  -0.001085  0.023430  0.999725  0.021931  -0.999484  0.023448  0.999960  0.008300  0.003441  -0.008243  0.999832  -0.016378  -0.003577  0.016349  0.999860  1.000000  0.000103  0.000044  -0.000103  1.000000  -0.000205  -0.000044  0.000205  1.000000  0.999759  0.021950  0.000570  -0.001085  0.023430  0.999725  0.021931  -0.999484  0.023448  0.000216  0.018669  
72.163283 0.007893  0.093147  -0.003711  0.998083  -0.001629  -0.061871  0.061515  0.136314  0.988754  0.006824  -0.990664  0.136153  0.000385  -0.004073  -0.003196  -0.757452  -0.148947  0.421818  2.000000  0.999747  0.022463  0.000770  -0.001319  0.024462  0.999700  0.022438  -0.999448  0.024485  0.999961  0.008171  0.003451  -0.008113  0.999829  -0.016618  -0.003586  0.016589  0.999856  1.000000  0.000102  0.000044  -0.000102  1.000000  -0.000208  -0.000044  0.000208  1.000000  0.999747  0.022463  0.000770  -0.001319  0.024462  0.999700  0.022438  -0.999448  0.024485  0.000219  0.018825  
72.164535 0.007894  0.093144  -0.003715  0.998093  -0.001271  -0.061721  0.061310  0.137418  0.988614  0.007225  -0.990512  0.137234  0.000363  -0.003798  -0.003071  -0.769488  -0.149111  0.417447  2.000000  0.999738  0.022877  0.000931  -0.001510  0.025302  0.999679  0.022846  -0.999418  0.025330  0.999960  0.008203  0.003646  -0.008140  0.999823  -0.016980  -0.003784  0.016950  0.999849  1.000000  0.000102  0.000046  -0.000102  1.000000  -0.000212  -0.000046  0.000212  1.000000  0.999738  0.022877  0.000931  -0.001510  0.025302  0.999679  0.022846  -0.999418  0.025330  0.000221  0.019195  
72.165751 0.007894  0.093142  -0.003718  0.998101  -0.000781  -0.061590  0.061104  0.138530  0.988471  0.007760  -0.990358  0.138315  0.000364  -0.003559  -0.002975  -0.780046  -0.147692  0.414584  2.000000  0.999728  0.023285  0.001091  -0.001700  0.026151  0.999657  0.023249  -0.999387  0.026183  0.999960  0.008207  0.003637  -0.008144  0.999821  -0.017099  -0.003776  0.017068  0.999847  1.000000  0.000102  0.000046  -0.000102  1.000000  -0.000214  -0.000046  0.000214  1.000000  0.999728  0.023285  0.001091  -0.001700  0.026151  0.999657  0.023249  -0.999387  0.026183  0.000224  0.019300  
72.166756 0.007896  0.093140  -0.003722  0.998112  -0.000540  -0.061423  0.060898  0.139386  0.988364  0.008028  -0.990238  0.139155  0.000369  -0.003373  -0.002952  -0.783942  -0.155299  0.406700  2.000000  0.999719  0.023689  0.001249  -0.001889  0.027011  0.999633  0.023647  -0.999354  0.027049  0.999961  0.008078  0.003648  -0.008014  0.999820  -0.017218  -0.003787  0.017188  0.999845  1.000000  0.000101  0.000046  -0.000101  1.000000  -0.000215  -0.000046  0.000215  1.000000  0.999719  0.023689  0.001249  -0.001889  0.027011  0.999633  0.023647  -0.999354  0.027049  0.000225  0.019353  
72.167756 0.007897  0.093138  -0.003724  0.998121  -0.000174  -0.061275  0.060692  0.140369  0.988237  0.008429  -0.990099  0.140116  0.000390  -0.003249  -0.002942  -0.796342  -0.162435  0.403475  2.000000  0.999709  0.024089  0.001409  -0.002081  0.027878  0.999609  0.024040  -0.999321  0.027920  0.999962  0.007949  0.003659  -0.007884  0.999817  -0.017458  -0.003797  0.017429  0.999841  1.000000  0.000099  0.000047  -0.000099  1.000000  -0.000218  -0.000047  0.000218  1.000000  0.999709  0.024089  0.001409  -0.002081  0.027878  0.999609  0.024040  -0.999321  0.027920  0.000226  0.019517  
72.168757 0.007898  0.093136  -0.003728  0.998131  0.000068  -0.061109  0.060487  0.141224  0.988128  0.008697  -0.989978  0.140956  0.000384  -0.003063  -0.002986  -0.803940  -0.162632  0.398959  2.000000  0.999701  0.024385  0.001533  -0.002229  0.028537  0.999590  0.024331  -0.999295  0.028583  0.999963  0.007819  0.003671  -0.007753  0.999813  -0.017699  -0.003809  0.017670  0.999837  1.000000  0.000097  0.000047  -0.000097  1.000000  -0.000221  -0.000047  0.000221  1.000000  0.999701  0.024385  0.001533  -0.002229  0.028537  0.999590  0.024331  -0.999295  0.028583  0.000227  0.019683  
72.170008 0.007898  0.093133  -0.003734  0.998140  0.000427  -0.060962  0.060281  0.142327  0.987982  0.009098  -0.989820  0.142036  0.000368  -0.002961  -0.003140  -0.818692  -0.164768  0.393531  2.000000  0.999689  0.024872  0.001739  -0.002477  0.029649  0.999557  0.024809  -0.999251  0.029701  0.999964  0.007691  0.003682  -0.007624  0.999812  -0.017818  -0.003818  0.017789  0.999834  1.000000  0.000096  0.000047  -0.000096  1.000000  -0.000223  -0.000047  0.000223  1.000000  0.999689  0.024872  0.001739  -0.002477  0.029649  0.999557  0.024809  -0.999251  0.029701  0.000230  0.019741  
72.171261 0.007899  0.093130  -0.003741  0.998150  0.000654  -0.060798  0.060076  0.143421  0.987837  0.009366  -0.989662  0.143116  0.000439  -0.002819  -0.003352  -0.826746  -0.165560  0.384767  2.000000  0.999677  0.025353  0.001937  -0.002717  0.030767  0.999523  0.025281  -0.999205  0.030826  0.999965  0.007666  0.003469  -0.007602  0.999810  -0.017938  -0.003606  0.017911  0.999833  1.000000  0.000095  0.000044  -0.000095  1.000000  -0.000224  -0.000044  0.000224  1.000000  0.999677  0.025353  0.001937  -0.002717  0.030767  0.999523  0.025281  -0.999205  0.030826  0.000232  0.019802  
72.172265 0.007901  0.093128  -0.003746  0.998160  0.000896  -0.060633  0.059870  0.144275  0.987725  0.009633  -0.989537  0.143956  0.000566  -0.002655  -0.003505  -0.830553  -0.165809  0.380348  2.000000  0.999669  0.025639  0.002055  -0.002862  0.031450  0.999501  0.025562  -0.999176  0.031513  0.999964  0.007699  0.003666  -0.007630  0.999801  -0.018421  -0.003807  0.018393  0.999824  1.000000  0.000096  0.000047  -0.000096  1.000000  -0.000230  -0.000047  0.000230  1.000000  0.999669  0.025639  0.002055  -0.002862  0.031450  0.999501  0.025562  -0.999176  0.031513  0.000233  0.020287  
