1-Time 2-Px 3-Py 4-Pz 5-R11 6-R21 7-R31 8-R12 9-R22 10-R32 11-R13 12-R23 13-R33 14-Vx 15-Vy 16-Vz 17-Wx 18-Wy 19-Wz 20-state 21-PR11 22-PR21 23-PR31 24-PR12 25-PR22 26-PR32 27-PR13 28-PR23 29-PR33 
191.584520 0.007746  0.099855  -0.007673  0.993789  0.089549  -0.066056  -0.086350  0.995019  0.049800  0.070187  -0.043787  0.996572  0.000048  0.000164  -0.000109  0.000000  0.000000  0.000000  2.000000  1.000000  0.000000  0.000000  -0.000000  1.000000  0.000000  0.000000  -0.000000  1.000000  1.000000  0.000404  0.000152  -0.000405  1.000000  0.000514  -0.000151  -0.000514  1.000000  1.000000  0.000000  0.000000  0.000000  1.000000  0.000000  0.000000  0.000000  1.000000  0.719272  0.334835  0.608714  -0.406248  0.913487  -0.022448  -0.563569  -0.231143  0.793072  0.000000  0.000000  
191.585524 0.007746  0.099856  -0.007673  0.993789  0.089549  -0.066056  -0.086350  0.995019  0.049800  0.070187  -0.043787  0.996572  0.000051  0.000184  -0.000153  0.000000  0.000000  0.000000  2.000000  1.000000  0.000000  0.000000  0.000000  1.000000  0.000000  0.000000  0.000000  1.000000  1.000000  0.000404  0.000152  -0.000405  1.000000  0.000514  -0.000151  -0.000514  1.000000  1.000000  0.000000  0.000000  0.000000  1.000000  0.000000  0.000000  0.000000  1.000000  1.000000  0.000000  0.000000  0.000000  1.000000  0.000000  0.000000  0.000000  1.000000  0.000000  0.000000  
191.586526 0.007747  0.099856  -0.007675  0.993744  0.089973  -0.066157  -0.086758  0.994976  0.049960  0.070320  -0.043908  0.996558  0.000129  0.000205  -0.000270  0.000000  0.000000  0.000000  2.000000  1.000000  0.000000  0.000000  0.000000  1.000000  0.000000  0.000000  0.000000  1.000000  1.000000  0.000615  0.000027  -0.000616  1.000000  0.000650  -0.000027  -0.000650  1.000000  1.000000  0.000000  0.000000  0.000000  1.000000  0.000000  0.000000  0.000000  1.000000  1.000000  0.000000  0.000000  0.000000  1.000000  0.000000  0.000000  0.000000  1.000000  0.000000  0.000000  
191.587527 0.007748  0.099856  -0.007678  0.993690  0.090402  -0.066391  -0.087166  0.994932  0.050131  0.070587  -0.044028  0.996534  0.000218  0.000223  -0.000423  0.000000  0.000000  0.000000  2.000000  1.000000  0.000000  0.000000  0.000000  1.000000  0.000000  0.000000  0.000000  1.000000  0.999999  0.001032  -0.000088  -0.001032  0.999999  0.000800  0.000089  -0.000800  1.000000  1.000000  0.000000  0.000000  0.000000  1.000000  0.000000  0.000000  0.000000  1.000000  1.000000  0.000000  0.000000  0.000000  1.000000  0.000000  0.000000  0.000000  1.000000  0.000000  0.000000  
191.588780 0.007750  0.099856  -0.007683  0.993645  0.090834  -0.066482  -0.087574  0.994882  0.050411  0.070720  -0.044269  0.996513  0.000336  0.000181  -0.000726  0.000000  0.000000  0.000000  2.000000  1.000000  0.000000  0.000000  0.000000  1.000000  0.000000  0.000000  0.000000  1.000000  0.999999  0.001454  -0.000337  -0.001454  0.999999  0.000830  0.000339  -0.000829  1.000000  1.000000  0.000000  0.000000  0.000000  1.000000  0.000000  0.000000  0.000000  1.000000  1.000000  0.000000  0.000000  0.000000  1.000000  0.000000  0.000000  0.000000  1.000000  0.000000  0.000000  
191.590020 0.007753  0.099856  -0.007687  0.993589  0.091271  -0.066704  -0.087981  0.994831  0.050704  0.070987  -0.044510  0.996484  0.000534  0.000174  -0.001014  0.000000  0.000000  0.000000  2.000000  1.000000  0.000000  0.000000  0.000000  1.000000  0.000000  0.000000  0.000000  1.000000  0.999998  0.001876  -0.000586  -0.001876  0.999998  0.001102  0.000588  -0.001101  0.999999  1.000000  0.000000  0.000000  0.000000  1.000000  0.000000  0.000000  0.000000  1.000000  1.000000  0.000000  0.000000  0.000000  1.000000  0.000000  0.000000  0.000000  1.000000  0.000000  0.000000  
191.591026 0.007756  0.099856  -0.007691  0.993544  0.091695  -0.066805  -0.088390  0.994786  0.050864  0.071121  -0.044630  0.996469  0.000702  0.000137  -0.001322  0.000000  0.000000  0.000000  2.000000  1.000000  0.000000  0.000000  0.000000  1.000000  0.000000  0.000000  0.000000  1.000000  0.999998  0.002087  -0.000710  -0.002087  0.999997  0.001359  0.000713  -0.001358  0.999999  1.000000  0.000000  0.000000  0.000000  1.000000  0.000000  0.000000  0.000000  1.000000  1.000000  0.000000  0.000000  0.000000  1.000000  0.000000  0.000000  0.000000  1.000000  0.000000  0.000000  
191.592274 0.007760  0.099857  -0.007695  0.993460  0.092344  -0.067150  -0.089001  0.994716  0.051182  0.071521  -0.044871  0.996429  0.000971  0.000188  -0.001602  0.000000  0.000000  0.000000  2.000000  1.000000  0.000000  0.000000  0.000000  1.000000  0.000000  0.000000  0.000000  1.000000  0.999996  0.002715  -0.000949  -0.002714  0.999995  0.001646  0.000953  -0.001644  0.999998  1.000000  0.000000  0.000000  0.000000  1.000000  0.000000  0.000000  0.000000  1.000000  1.000000  0.000000  0.000000  0.000000  1.000000  0.000000  0.000000  0.000000  1.000000  0.000000  0.000000  
191.593274 0.007763  0.099857  -0.007699  0.993377  0.093177  -0.067229  -0.089818  0.994633  0.051370  0.071655  -0.044991  0.996414  0.001174  0.000215  -0.001799  0.000000  0.000000  0.000000  2.000000  1.000000  0.000000  0.000000  0.000000  1.000000  0.000000  0.000000  0.000000  1.000000  0.999993  0.003548  -0.001179  -0.003546  0.999992  0.001827  0.001185  -0.001823  0.999998  1.000000  0.000000  0.000000  0.000000  1.000000  0.000000  0.000000  0.000000  1.000000  1.000000  0.000000  0.000000  0.000000  1.000000  0.000000  0.000000  0.000000  1.000000  0.000000  0.000000  
191.594529 0.007766  0.099857  -0.007705  0.993274  0.094030  -0.067562  -0.090633  0.994541  0.051703  0.072055  -0.045232  0.996375  0.001379  0.000171  -0.002211  0.000000  0.000000  0.000000  2.000000  1.000000  0.000000  0.000000  0.000000  1.000000  0.000000  0.000000  0.000000  1.000000  0.999989  0.004381  -0.001408  -0.004378  0.999988  0.002009  0.001416  -0.002003  0.999997  1.000000  0.000000  0.000000  0.000000  1.000000  0.000000  0.000000  0.000000  1.000000  1.000000  0.000000  0.000000  0.000000  1.000000  0.000000  0.000000  0.000000  1.000000  0.000000  0.000000  
191.595774 0.007769  0.099857  -0.007712  0.993180  0.094878  -0.067762  -0.091449  0.994450  0.052024  0.072322  -0.045472  0.996344  0.001568  0.000192  -0.002687  0.086694  0.059087  0.189137  2.000000  1.000000  0.000101  0.000089  -0.000101  1.000000  0.000054  -0.000089  -0.000054  1.000000  0.999985  0.005220  -0.001771  -0.005216  0.999984  0.002191  0.001782  -0.002182  0.999996  1.000000  0.000052  0.000045  -0.000052  1.000000  0.000027  -0.000045  -0.000027  1.000000  1.000000  0.000101  0.000089  -0.000101  1.000000  0.000054  -0.000089  -0.000054  1.000000  0.000052  0.005930  
191.596776 0.007772  0.099858  -0.007717  0.993104  0.095512  -0.067984  -0.092061  0.994384  0.052211  0.072589  -0.045592  0.996319  0.001800  0.000255  -0.003040  0.092298  0.067150  0.210265  2.000000  1.000000  0.000324  0.000286  -0.000324  1.000000  0.000173  -0.000286  -0.000173  1.000000  0.999981  0.005848  -0.002008  -0.005843  0.999980  0.002480  0.002023  -0.002468  0.999995  1.000000  0.000058  0.000051  -0.000058  1.000000  0.000031  -0.000051  -0.000031  1.000000  1.000000  0.000324  0.000286  -0.000324  1.000000  0.000173  -0.000286  -0.000173  1.000000  0.000058  0.006660  
191.597777 0.007776  0.099860  -0.007723  0.993018  0.096153  -0.068338  -0.092672  0.994316  0.052411  0.072989  -0.045712  0.996285  0.002014  0.000362  -0.003413  0.097378  0.079976  0.224590  2.000000  1.000000  0.000572  0.000504  -0.000573  1.000000  0.000299  -0.000504  -0.000300  1.000000  0.999977  0.006476  -0.002246  -0.006470  0.999976  0.002647  0.002263  -0.002633  0.999994  1.000000  0.000065  0.000056  -0.000065  1.000000  0.000033  -0.000056  -0.000033  1.000000  1.000000  0.000572  0.000504  -0.000573  1.000000  0.000299  -0.000504  -0.000300  1.000000  0.000062  0.007345  
191.599028 0.007781  0.099864  -0.007730  0.992912  0.096998  -0.068681  -0.093487  0.994229  0.052625  0.073389  -0.045831  0.996250  0.002364  0.000550  -0.003860  0.099402  0.092179  0.252748  2.000000  0.999999  0.000921  0.000798  -0.000921  0.999999  0.000466  -0.000797  -0.000467  1.000000  0.999971  0.007110  -0.002618  -0.007103  0.999971  0.002695  0.002637  -0.002676  0.999993  1.000000  0.000073  0.000061  -0.000073  1.000000  0.000034  -0.000061  -0.000034  1.000000  0.999999  0.000921  0.000798  -0.000921  0.999999  0.000466  -0.000797  -0.000467  1.000000  0.000070  0.008039  
191.600274 0.007787  0.099867  -0.007738  0.992805  0.097852  -0.069012  -0.094301  0.994134  0.052961  0.073790  -0.046072  0.996209  0.002727  0.000770  -0.004333  0.109641  0.104426  0.281045  2.000000  0.999999  0.001238  0.001058  -0.001239  0.999999  0.000608  -0.001057  -0.000609  0.999999  0.999964  0.007950  -0.002979  -0.007941  0.999964  0.003001  0.003002  -0.002977  0.999991  1.000000  0.000082  0.000067  -0.000082  1.000000  0.000037  -0.000067  -0.000037  1.000000  0.999999  0.001238  0.001058  -0.001239  0.999999  0.000608  -0.001057  -0.000609  0.999999  0.000078  0.009000  
191.601274 0.007793  0.099871  -0.007744  0.992698  0.098697  -0.069355  -0.095116  0.994045  0.053176  0.074190  -0.046191  0.996174  0.003053  0.000993  -0.004617  0.115735  0.116609  0.309132  2.000000  0.999998  0.001590  0.001344  -0.001591  0.999998  0.000761  -0.001343  -0.000763  0.999999  0.999956  0.008789  -0.003340  -0.008779  0.999956  0.003186  0.003368  -0.003157  0.999989  1.000000  0.000091  0.000074  -0.000091  1.000000  0.000040  -0.000074  -0.000040  1.000000  0.999998  0.001590  0.001344  -0.001591  0.999998  0.000761  -0.001343  -0.000763  0.999999  0.000086  0.009923  
191.602275 0.007798  0.099874  -0.007751  0.992609  0.099347  -0.069696  -0.095726  0.993969  0.053499  0.074590  -0.046432  0.996133  0.003383  0.001210  -0.004936  0.125448  0.129110  0.330419  2.000000  0.999997  0.001975  0.001651  -0.001976  0.999998  0.000925  -0.001649  -0.000928  0.999998  0.999949  0.009424  -0.003711  -0.009411  0.999950  0.003357  0.003742  -0.003322  0.999987  1.000000  0.000099  0.000079  -0.000099  1.000000  0.000042  -0.000079  -0.000042  1.000000  0.999997  0.001975  0.001651  -0.001976  0.999998  0.000925  -0.001649  -0.000928  0.999998  0.000092  0.010664  
191.603527 0.007806  0.099878  -0.007758  0.992520  0.099996  -0.070036  -0.096336  0.993893  0.053821  0.074991  -0.046672  0.996091  0.003771  0.001476  -0.005139  0.131095  0.141586  0.351719  2.000000  0.999995  0.002500  0.002058  -0.002502  0.999996  0.001143  -0.002055  -0.001148  0.999997  0.999940  0.010065  -0.004214  -0.010050  0.999943  0.003529  0.004249  -0.003486  0.999985  1.000000  0.000109  0.000082  -0.000109  1.000000  0.000044  -0.000082  -0.000044  1.000000  0.999995  0.002500  0.002058  -0.002502  0.999996  0.001143  -0.002055  -0.001148  0.999997  0.000098  0.011462  
191.604779 0.007813  0.099880  -0.007766  0.992420  0.100652  -0.070509  -0.096946  0.993815  0.054158  0.075524  -0.046912  0.996040  0.004055  0.001654  -0.005367  0.140841  0.158557  0.373192  2.000000  0.999993  0.002960  0.002401  -0.002963  0.999995  0.001329  -0.002397  -0.001336  0.999996  0.999932  0.010706  -0.004717  -0.010688  0.999936  0.003822  0.004757  -0.003771  0.999982  1.000000  0.000118  0.000086  -0.000118  1.000000  0.000047  -0.000086  -0.000047  1.000000  0.999993  0.002960  0.002401  -0.002963  0.999995  0.001329  -0.002397  -0.001336  0.999996  0.000105  0.012300  
191.606025 0.007820  0.099881  -0.007774  0.992330  0.101302  -0.070849  -0.097555  0.993738  0.054481  0.075925  -0.047152  0.995998  0.004280  0.001686  -0.005493  0.150601  0.171064  0.394542  2.000000  0.999990  0.003575  0.002849  -0.003579  0.999992  0.001579  -0.002843  -0.001589  0.999995  0.999923  0.011342  -0.005086  -0.011321  0.999927  0.004115  0.005132  -0.004057  0.999979  1.000000  0.000126  0.000091  -0.000126  1.000000  0.000051  -0.000091  -0.000051  1.000000  0.999990  0.003575  0.002849  -0.003579  0.999992  0.001579  -0.002843  -0.001589  0.999995  0.000112  0.013085  
191.607280 0.007827  0.099882  -0.007783  0.992239  0.101951  -0.071189  -0.098165  0.993660  0.054805  0.076325  -0.047392  0.995956  0.004477  0.001726  -0.005842  0.160328  0.183519  0.415788  2.000000  0.999986  0.004223  0.003317  -0.004229  0.999989  0.001843  -0.003309  -0.001857  0.999993  0.999917  0.011767  -0.005329  -0.011743  0.999921  0.004393  0.005380  -0.004331  0.999976  1.000000  0.000131  0.000094  -0.000131  1.000000  0.000055  -0.000094  -0.000055  1.000000  0.999986  0.004223  0.003317  -0.004229  0.999989  0.001843  -0.003309  -0.001857  0.999993  0.000120  0.013634  
191.608524 0.007833  0.099882  -0.007792  0.992148  0.102601  -0.071528  -0.098775  0.993581  0.055130  0.076725  -0.047632  0.995914  0.004639  0.001636  -0.006200  0.165557  0.196349  0.430357  2.000000  0.999982  0.004755  0.003693  -0.004763  0.999987  0.002063  -0.003683  -0.002080  0.999991  0.999913  0.011979  -0.005450  -0.011954  0.999918  0.004535  0.005503  -0.004469  0.999975  1.000000  0.000134  0.000095  -0.000134  1.000000  0.000056  -0.000095  -0.000056  1.000000  0.999982  0.004755  0.003693  -0.004763  0.999987  0.002063  -0.003683  -0.002080  0.999991  0.000125  0.013910  
191.609778 0.007838  0.099880  -0.007803  0.992076  0.103047  -0.071878  -0.099181  0.993524  0.055440  0.077125  -0.047872  0.995871  0.004795  0.001525  -0.006510  0.174759  0.209073  0.444640  2.000000  0.999977  0.005434  0.004160  -0.005443  0.999982  0.002338  -0.004147  -0.002361  0.999989  0.999912  0.011992  -0.005715  -0.011967  0.999919  0.004418  0.005768  -0.004350  0.999974  1.000000  0.000137  0.000094  -0.000137  1.000000  0.000055  -0.000094  -0.000055  1.000000  0.999977  0.005434  0.004160  -0.005443  0.999982  0.002338  -0.004147  -0.002361  0.999989  0.000130  0.013990  
191.611021 0.007842  0.099877  -0.007815  0.992015  0.103477  -0.072107  -0.099587  0.993473  0.055617  0.077392  -0.047992  0.995845  0.004847  0.001306  -0.006812  0.178501  0.215686  0.455239  2.000000  0.999971  0.006117  0.004625  -0.006129  0.999978  0.002614  -0.004609  -0.002642  0.999986  0.999912  0.011994  -0.005712  -0.011968  0.999919  0.004422  0.005765  -0.004353  0.999974  1.000000  0.000137  0.000094  -0.000137  1.000000  0.000055  -0.000094  -0.000055  1.000000  0.999971  0.006117  0.004625  -0.006129  0.999978  0.002614  -0.004609  -0.002642  0.999986  0.000133  0.013991  
191.612025 0.007846  0.099876  -0.007824  0.991984  0.103706  -0.072203  -0.099790  0.993438  0.055886  0.077525  -0.048233  0.995823  0.004922  0.001124  -0.007054  0.188645  0.221556  0.466060  2.000000  0.999965  0.006666  0.004995  -0.006680  0.999974  0.002832  -0.004976  -0.002865  0.999984  0.999913  0.011796  -0.005855  -0.011770  0.999921  0.004409  0.005906  -0.004340  0.999973  1.000000  0.000137  0.000091  -0.000137  1.000000  0.000055  -0.000091  -0.000055  1.000000  0.999965  0.006666  0.004995  -0.006680  0.999974  0.002832  -0.004976  -0.002865  0.999984  0.000137  0.013877  
191.613274 0.007852  0.099875  -0.007836  0.991922  0.104137  -0.072433  -0.100196  0.993387  0.056063  0.077792  -0.048353  0.995796  0.004974  0.000928  -0.007383  0.189707  0.234346  0.480513  2.000000  0.999958  0.007334  0.005440  -0.007350  0.999968  0.003100  -0.005417  -0.003140  0.999980  0.999919  0.011380  -0.005739  -0.011355  0.999926  0.004380  0.005788  -0.004315  0.999974  1.000000  0.000133  0.000087  -0.000133  1.000000  0.000054  -0.000087  -0.000054  1.000000  0.999958  0.007334  0.005440  -0.007350  0.999968  0.003100  -0.005417  -0.003140  0.999980  0.000141  0.013466  
191.614277 0.007855  0.099876  -0.007845  0.991891  0.104356  -0.072541  -0.100400  0.993358  0.056212  0.077926  -0.048473  0.995780  0.004921  0.000696  -0.007642  0.194318  0.238478  0.487602  2.000000  0.999952  0.007855  0.005775  -0.007874  0.999964  0.003310  -0.005749  -0.003356  0.999978  0.999924  0.010964  -0.005624  -0.010940  0.999931  0.004228  0.005670  -0.004167  0.999975  1.000000  0.000130  0.000083  -0.000130  1.000000  0.000052  -0.000083  -0.000052  1.000000  0.999952  0.007855  0.005775  -0.007874  0.999964  0.003310  -0.005749  -0.003356  0.999978  0.000144  0.013018  
191.615532 0.007860  0.099877  -0.007856  0.991849  0.104591  -0.072769  -0.100602  0.993322  0.056495  0.078192  -0.048714  0.995747  0.004810  0.000586  -0.007747  0.203097  0.242613  0.494769  2.000000  0.999945  0.008485  0.006167  -0.008508  0.999957  0.003570  -0.006137  -0.003623  0.999975  0.999933  0.010145  -0.005662  -0.010121  0.999940  0.004289  0.005705  -0.004231  0.999975  1.000000  0.000125  0.000074  -0.000125  1.000000  0.000053  -0.000074  -0.000053  1.000000  0.999945  0.008485  0.006167  -0.008508  0.999957  0.003570  -0.006137  -0.003623  0.999975  0.000146  0.012374  
191.616777 0.007864  0.099878  -0.007865  0.991839  0.104607  -0.072889  -0.100601  0.993314  0.056629  0.078326  -0.048834  0.995731  0.004546  0.000364  -0.007871  0.199987  0.241546  0.470281  2.000000  0.999939  0.008971  0.006455  -0.008995  0.999952  0.003775  -0.006421  -0.003833  0.999972  0.999939  0.009523  -0.005558  -0.009501  0.999946  0.004121  0.005597  -0.004067  0.999976  1.000000  0.000120  0.000068  -0.000120  1.000000  0.000051  -0.000068  -0.000051  1.000000  0.999939  0.008971  0.006455  -0.008995  0.999952  0.003775  -0.006421  -0.003833  0.999972  0.000142  0.011762  
191.618031 0.007867  0.099880  -0.007874  0.991829  0.104622  -0.073009  -0.100600  0.993306  0.056763  0.078459  -0.048954  0.995715  0.004289  0.000224  -0.007915  0.196095  0.239915  0.453288  2.000000  0.999931  0.009546  0.006778  -0.009574  0.999946  0.004026  -0.006739  -0.004091  0.999969  0.999948  0.008690  -0.005330  -0.008669  0.999954  0.004057  0.005365  -0.004011  0.999978  1.000000  0.000112  0.000061  -0.000112  1.000000  0.000050  -0.000061  -0.000050  1.000000  0.999931  0.009546  0.006778  -0.009574  0.999946  0.004026  -0.006739  -0.004091  0.999969  0.000138  0.010964  
191.619276 0.007869  0.099881  -0.007883  0.991797  0.104842  -0.073117  -0.100803  0.993277  0.056912  0.078592  -0.049074  0.995698  0.003963  0.000108  -0.007990  0.192091  0.239850  0.453359  2.000000  0.999924  0.010089  0.007071  -0.010120  0.999940  0.004269  -0.007027  -0.004341  0.999966  0.999953  0.008268  -0.005082  -0.008248  0.999958  0.003905  0.005114  -0.003863  0.999979  1.000000  0.000107  0.000058  -0.000107  1.000000  0.000049  -0.000058  -0.000049  1.000000  0.999924  0.010089  0.007071  -0.010120  0.999940  0.004269  -0.007027  -0.004341  0.999966  0.000137  0.010453  
191.620525 0.007869  0.099881  -0.007892  0.991787  0.104857  -0.073237  -0.100802  0.993270  0.057046  0.078726  -0.049195  0.995682  0.003480  -0.000002  -0.008062  0.187077  0.235939  0.439424  2.000000  0.999917  0.010591  0.007330  -0.010624  0.999933  0.004503  -0.007282  -0.004581  0.999963  0.999963  0.007222  -0.004733  -0.007205  0.999967  0.003704  0.004759  -0.003670  0.999982  1.000000  0.000096  0.000048  -0.000096  1.000000  0.000046  -0.000048  -0.000046  1.000000  0.999917  0.010591  0.007330  -0.010624  0.999933  0.004503  -0.007282  -0.004581  0.999963  0.000133  0.009389  
191.621779 0.007868  0.099880  -0.007900  0.991787  0.104857  -0.073237  -0.100802  0.993270  0.057046  0.078726  -0.049195  0.995682  0.002904  -0.000138  -0.008105  0.180072  0.226112  0.415044  2.000000  0.999911  0.011042  0.007547  -0.011078  0.999927  0.004727  -0.007494  -0.004810  0.999960  0.999971  0.006178  -0.004382  -0.006162  0.999975  0.003502  0.004404  -0.003475  0.999984  1.000000  0.000086  0.000039  -0.000086  1.000000  0.000044  -0.000039  -0.000044  1.000000  0.999911  0.011042  0.007547  -0.011078  0.999927  0.004727  -0.007494  -0.004810  0.999960  0.000128  0.008339  
191.623028 0.007866  0.099879  -0.007909  0.991818  0.104655  -0.073104  -0.100599  0.993285  0.057138  0.078592  -0.049316  0.995686  0.002375  -0.000246  -0.008052  0.174308  0.216281  0.376328  2.000000  0.999905  0.011435  0.007724  -0.011473  0.999922  0.004934  -0.007667  -0.005022  0.999958  0.999980  0.005120  -0.003764  -0.005107  0.999982  0.003299  0.003781  -0.003280  0.999987  1.000000  0.000073  0.000032  -0.000073  1.000000  0.000041  -0.000032  -0.000041  1.000000  0.999905  0.011435  0.007724  -0.011473  0.999922  0.004934  -0.007667  -0.005022  0.999958  0.000118  0.007156  
191.624279 0.007864  0.099877  -0.007917  0.991818  0.104655  -0.073104  -0.100599  0.993285  0.057138  0.078592  -0.049316  0.995686  0.001828  -0.000233  -0.007842  0.164165  0.204095  0.348187  2.000000  0.999904  0.011506  0.007757  -0.011545  0.999921  0.004975  -0.007699  -0.005064  0.999958  0.999983  0.004690  -0.003384  -0.004679  0.999984  0.003146  0.003399  -0.003130  0.999989  1.000000  0.000000  0.000000  0.000000  1.000000  0.000000  0.000000  0.000000  1.000000  0.999904  0.011506  0.007757  -0.011545  0.999921  0.004975  -0.007699  -0.005064  0.999958  0.000111  0.000000  
191.625522 0.007861  0.099876  -0.007924  0.991839  0.104460  -0.073103  -0.100394  0.993300  0.057243  0.078592  -0.049437  0.995680  0.001413  -0.000089  -0.007553  0.160791  0.194769  0.317583  2.000000  0.999904  0.011506  0.007757  -0.011545  0.999921  0.004975  -0.007699  -0.005064  0.999958  0.999989  0.003638  -0.002900  -0.003630  0.999989  0.002822  0.002910  -0.002812  0.999992  1.000000  0.000000  0.000000  0.000000  1.000000  0.000000  0.000000  0.000000  1.000000  0.999904  0.011506  0.007757  -0.011545  0.999921  0.004975  -0.007699  -0.005064  0.999958  0.000103  0.000000  
191.626528 0.007859  0.099877  -0.007929  0.991849  0.104453  -0.072970  -0.100395  0.993300  0.057230  0.078459  -0.049437  0.995691  0.000919  0.000040  -0.007251  0.151885  0.184165  0.291996  2.000000  0.999904  0.011506  0.007757  -0.011545  0.999921  0.004975  -0.007699  -0.005064  0.999958  0.999992  0.003208  -0.002520  -0.003201  0.999991  0.002668  0.002528  -0.002660  0.999993  1.000000  0.000000  0.000000  0.000000  1.000000  0.000000  0.000000  0.000000  1.000000  0.999904  0.011506  0.007757  -0.011545  0.999921  0.004975  -0.007699  -0.005064  0.999958  0.000096  0.000000  
191.627773 0.007857  0.099877  -0.007937  0.991870  0.104257  -0.072969  -0.100191  0.993315  0.057335  0.078459  -0.049558  0.995685  0.000511  0.000126  -0.007015  0.148625  0.170572  0.261654  2.000000  0.999904  0.011506  0.007757  -0.011545  0.999921  0.004975  -0.007699  -0.005064  0.999958  0.999995  0.002163  -0.002170  -0.002158  0.999995  0.002345  0.002175  -0.002340  0.999995  1.000000  0.000000  0.000000  0.000000  1.000000  0.000000  0.000000  0.000000  1.000000  0.999904  0.011506  0.007757  -0.011545  0.999921  0.004975  -0.007699  -0.005064  0.999958  0.000088  0.000000  
191.628776 0.007855  0.099878  -0.007943  0.991901  0.104055  -0.072836  -0.099988  0.993330  0.057427  0.078326  -0.049679  0.995689  0.000074  0.000166  -0.006844  0.147278  0.155649  0.228535  2.000000  0.999904  0.011506  0.007757  -0.011545  0.999921  0.004975  -0.007699  -0.005064  0.999958  0.999998  0.001317  -0.001676  -0.001313  0.999997  0.002159  0.001679  -0.002157  0.999996  1.000000  0.000000  0.000000  0.000000  1.000000  0.000000  0.000000  0.000000  1.000000  0.999904  0.011506  0.007757  -0.011545  0.999921  0.004975  -0.007699  -0.005064  0.999958  0.000081  0.000000  
191.629777 0.007852  0.099878  -0.007951  0.991911  0.104048  -0.072703  -0.099989  0.993331  0.057414  0.078192  -0.049680  0.995700  -0.000421  0.000108  -0.006766  0.140973  0.141623  0.212317  2.000000  0.999904  0.011506  0.007757  -0.011545  0.999921  0.004975  -0.007699  -0.005064  0.999958  0.999999  0.000880  -0.001162  -0.000878  0.999998  0.002005  0.001164  -0.002004  0.999997  1.000000  0.000000  0.000000  0.000000  1.000000  0.000000  0.000000  0.000000  1.000000  0.999904  0.011506  0.007757  -0.011545  0.999921  0.004975  -0.007699  -0.005064  0.999958  0.000073  0.000000  
191.630777 0.007849  0.099878  -0.007959  0.991942  0.103846  -0.072570  -0.099786  0.993346  0.057506  0.078059  -0.049801  0.995704  -0.000878  0.000060  -0.006723  0.134954  0.126801  0.171911  2.000000  0.999904  0.011506  0.007757  -0.011545  0.999921  0.004975  -0.007699  -0.005064  0.999958  1.000000  0.000450  -0.000781  -0.000449  0.999998  0.001973  0.000782  -0.001973  0.999998  1.000000  0.000000  0.000000  0.000000  1.000000  0.000000  0.000000  0.000000  1.000000  0.999904  0.011506  0.007757  -0.011545  0.999921  0.004975  -0.007699  -0.005064  0.999958  0.000065  0.000000  
191.632024 0.007845  0.099878  -0.007968  0.991963  0.103842  -0.072292  -0.099788  0.993340  0.057600  0.077792  -0.049923  0.995719  -0.001325  -0.000055  -0.006753  0.000000  0.000000  0.000000  2.000000  0.999904  0.011506  0.007757  -0.011545  0.999921  0.004975  -0.007699  -0.005064  0.999958  1.000000  0.000232  -0.000524  -0.000231  0.999998  0.001836  0.000525  -0.001835  0.999998  1.000000  0.000000  0.000000  0.000000  1.000000  0.000000  0.000000  0.000000  1.000000  0.999904  0.011506  0.007757  -0.011545  0.999921  0.004975  -0.007699  -0.005064  0.999958  0.000000  0.000000  
191.633029 0.007842  0.099879  -0.007976  0.991973  0.103835  -0.072160  -0.099789  0.993341  0.057586  0.077659  -0.049923  0.995729  -0.001710  -0.000079  -0.006791  0.000000  0.000000  0.000000  2.000000  0.999904  0.011506  0.007757  -0.011545  0.999921  0.004975  -0.007699  -0.005064  0.999958  1.000000  -0.000205  -0.000010  0.000205  0.999999  0.001682  0.000010  -0.001682  0.999999  1.000000  0.000000  0.000000  0.000000  1.000000  0.000000  0.000000  0.000000  1.000000  0.999904  0.011506  0.007757  -0.011545  0.999921  0.004975  -0.007699  -0.005064  0.999958  0.000000  0.000000  
191.634277 0.007837  0.099879  -0.007985  0.992015  0.103626  -0.071894  -0.099587  0.993357  0.057665  0.077392  -0.050045  0.995744  -0.002199  -0.000149  -0.006819  0.000000  0.000000  0.000000  2.000000  0.999904  0.011506  0.007757  -0.011545  0.999921  0.004975  -0.007699  -0.005064  0.999958  1.000000  -0.000635  0.000370  0.000635  0.999999  0.001529  -0.000371  -0.001529  0.999999  1.000000  0.000000  0.000000  0.000000  1.000000  0.000000  0.000000  0.000000  1.000000  0.999904  0.011506  0.007757  -0.011545  0.999921  0.004975  -0.007699  -0.005064  0.999958  0.000000  0.000000  
191.635528 0.007832  0.099879  -0.007994  0.992035  0.103613  -0.071629  -0.099589  0.993358  0.057639  0.077125  -0.050046  0.995765  -0.002562  -0.000144  -0.006842  0.000000  0.000000  0.000000  2.000000  0.999904  0.011506  0.007757  -0.011545  0.999921  0.004975  -0.007699  -0.005064  0.999958  0.999999  -0.001065  0.000750  0.001064  0.999998  0.001376  -0.000752  -0.001375  0.999999  1.000000  0.000000  0.000000  0.000000  1.000000  0.000000  0.000000  0.000000  1.000000  0.999904  0.011506  0.007757  -0.011545  0.999921  0.004975  -0.007699  -0.005064  0.999958  0.000000  0.000000  
191.636780 0.007825  0.099879  -0.008003  0.992066  0.103410  -0.071496  -0.099386  0.993373  0.057731  0.076992  -0.050168  0.995769  -0.002892  -0.000088  -0.006884  0.000000  0.000000  0.000000  2.000000  0.999904  0.011506  0.007757  -0.011545  0.999921  0.004975  -0.007699  -0.005064  0.999958  0.999998  -0.001297  0.001274  0.001296  0.999998  0.001239  -0.001276  -0.001238  0.999998  1.000000  0.000000  0.000000  0.000000  1.000000  0.000000  0.000000  0.000000  1.000000  0.999904  0.011506  0.007757  -0.011545  0.999921  0.004975  -0.007699  -0.005064  0.999958  0.000000  0.000000  
191.638024 0.007820  0.099878  -0.008011  0.992086  0.103397  -0.071230  -0.099388  0.993374  0.057705  0.076725  -0.050169  0.995789  -0.003119  -0.000028  -0.006818  0.000000  0.000000  0.000000  2.000000  0.999904  0.011506  0.007757  -0.011545  0.999921  0.004975  -0.007699  -0.005064  0.999958  0.999998  -0.001317  0.001675  0.001316  0.999999  0.001118  -0.001677  -0.001116  0.999998  1.000000  0.000000  0.000000  0.000000  1.000000  0.000000  0.000000  0.000000  1.000000  0.999904  0.011506  0.007757  -0.011545  0.999921  0.004975  -0.007699  -0.005064  0.999958  0.000000  0.000000  
191.639273 0.007815  0.099879  -0.008018  0.992107  0.103392  -0.070953  -0.099390  0.993368  0.057799  0.076458  -0.050291  0.995804  -0.003269  0.000127  -0.006775  0.000000  0.000000  0.000000  2.000000  0.999904  0.011506  0.007757  -0.011545  0.999921  0.004975  -0.007699  -0.005064  0.999958  0.999997  -0.001536  0.001932  0.001534  0.999998  0.001103  -0.001934  -0.001100  0.999998  1.000000  0.000000  0.000000  0.000000  1.000000  0.000000  0.000000  0.000000  1.000000  0.999904  0.011506  0.007757  -0.011545  0.999921  0.004975  -0.007699  -0.005064  0.999958  0.000000  0.000000  
191.640274 0.007811  0.099880  -0.008024  0.992117  0.103385  -0.070820  -0.099391  0.993369  0.057785  0.076325  -0.050291  0.995814  -0.003409  0.000227  -0.006783  0.000000  0.000000  0.000000  2.000000  0.999904  0.011506  0.007757  -0.011545  0.999921  0.004975  -0.007699  -0.005064  0.999958  0.999997  -0.001543  0.002066  0.001541  0.999998  0.001103  -0.002067  -0.001100  0.999997  1.000000  0.000000  0.000000  0.000000  1.000000  0.000000  0.000000  0.000000  1.000000  0.999904  0.011506  0.007757  -0.011545  0.999921  0.004975  -0.007699  -0.005064  0.999958  0.000000  0.000000  
191.641275 0.007808  0.099881  -0.008029  0.992148  0.103183  -0.070687  -0.099188  0.993384  0.057878  0.076191  -0.050412  0.995818  -0.003450  0.000296  -0.006778  0.000000  0.000000  0.000000  2.000000  0.999904  0.011506  0.007757  -0.011545  0.999921  0.004975  -0.007699  -0.005064  0.999958  0.999995  -0.001768  0.002456  0.001766  0.999998  0.001088  -0.002458  -0.001083  0.999996  1.000000  0.000000  0.000000  0.000000  1.000000  0.000000  0.000000  0.000000  1.000000  0.999904  0.011506  0.007757  -0.011545  0.999921  0.004975  -0.007699  -0.005064  0.999958  0.000000  0.000000  
191.642528 0.007805  0.099883  -0.008036  0.992158  0.103176  -0.070554  -0.099189  0.993385  0.057865  0.076058  -0.050413  0.995828  -0.003551  0.000361  -0.006727  0.000000  0.000000  0.000000  2.000000  0.999904  0.011506  0.007757  -0.011545  0.999921  0.004975  -0.007699  -0.005064  0.999958  0.999995  -0.001775  0.002590  0.001772  0.999998  0.001088  -0.002592  -0.001083  0.999996  1.000000  0.000000  0.000000  0.000000  1.000000  0.000000  0.000000  0.000000  1.000000  0.999904  0.011506  0.007757  -0.011545  0.999921  0.004975  -0.007699  -0.005064  0.999958  0.000000  0.000000  
191.643775 0.007803  0.099885  -0.008044  0.992168  0.103178  -0.070409  -0.099190  0.993378  0.057972  0.075925  -0.050534  0.995832  -0.003487  0.000489  -0.006711  0.000000  0.000000  0.000000  2.000000  0.999904  0.011506  0.007757  -0.011545  0.999921  0.004975  -0.007699  -0.005064  0.999958  0.999995  -0.001570  0.002600  0.001568  0.999998  0.001104  -0.002602  -0.001100  0.999996  1.000000  0.000000  0.000000  0.000000  1.000000  0.000000  0.000000  0.000000  1.000000  0.999904  0.011506  0.007757  -0.011545  0.999921  0.004975  -0.007699  -0.005064  0.999958  0.000000  0.000000  
191.644775 0.007801  0.099887  -0.008050  0.992178  0.103171  -0.070277  -0.099191  0.993379  0.057959  0.075791  -0.050535  0.995842  -0.003421  0.000601  -0.006623  0.000000  0.000000  0.000000  2.000000  0.999904  0.011506  0.007757  -0.011545  0.999921  0.004975  -0.007699  -0.005064  0.999958  0.999995  -0.001372  0.002744  0.001369  0.999998  0.001119  -0.002745  -0.001116  0.999996  1.000000  0.000000  0.000000  0.000000  1.000000  0.000000  0.000000  0.000000  1.000000  0.999904  0.011506  0.007757  -0.011545  0.999921  0.004975  -0.007699  -0.005064  0.999958  0.000000  0.000000  
191.646024 0.007799  0.099890  -0.008059  0.992208  0.102968  -0.070144  -0.098987  0.993394  0.058052  0.075658  -0.050656  0.995846  -0.003280  0.000780  -0.006503  0.000000  0.000000  0.000000  2.000000  0.999904  0.011506  0.007757  -0.011545  0.999921  0.004975  -0.007699  -0.005064  0.999958  0.999995  -0.001379  0.002877  0.001376  0.999998  0.001120  -0.002879  -0.001116  0.999995  1.000000  0.000000  0.000000  0.000000  1.000000  0.000000  0.000000  0.000000  1.000000  0.999904  0.011506  0.007757  -0.011545  0.999921  0.004975  -0.007699  -0.005064  0.999958  0.000000  0.000000  
191.647044 0.007797  0.099892  -0.008065  0.992218  0.102962  -0.070011  -0.098988  0.993395  0.058038  0.075524  -0.050656  0.995856  -0.003145  0.000895  -0.006442  0.000000  0.000000  0.000000  2.000000  0.999904  0.011506  0.007757  -0.011545  0.999921  0.004975  -0.007699  -0.005064  0.999958  0.999995  -0.001373  0.002744  0.001370  0.999999  0.000998  -0.002745  -0.000995  0.999996  1.000000  0.000000  0.000000  0.000000  1.000000  0.000000  0.000000  0.000000  1.000000  0.999904  0.011506  0.007757  -0.011545  0.999921  0.004975  -0.007699  -0.005064  0.999958  0.000000  0.000000  
191.648273 0.007797  0.099894  -0.008073  0.992228  0.102955  -0.069878  -0.098989  0.993395  0.058025  0.075391  -0.050657  0.995867  -0.002905  0.001019  -0.006378  0.000000  0.000000  0.000000  2.000000  0.999904  0.011506  0.007757  -0.011545  0.999921  0.004975  -0.007699  -0.005064  0.999958  0.999995  -0.001379  0.002877  0.001377  0.999999  0.000999  -0.002879  -0.000995  0.999995  1.000000  0.000000  0.000000  0.000000  1.000000  0.000000  0.000000  0.000000  1.000000  0.999904  0.011506  0.007757  -0.011545  0.999921  0.004975  -0.007699  -0.005064  0.999958  0.000000  0.000000  
191.649277 0.007797  0.099896  -0.008080  0.992228  0.102963  -0.069866  -0.098989  0.993388  0.058146  0.075391  -0.050778  0.995860  -0.002608  0.001166  -0.006310  0.000000  0.000000  0.000000  2.000000  0.999904  0.011506  0.007757  -0.011545  0.999921  0.004975  -0.007699  -0.005064  0.999958  0.999995  -0.001175  0.002888  0.001172  0.999999  0.001014  -0.002889  -0.001011  0.999995  1.000000  0.000000  0.000000  0.000000  1.000000  0.000000  0.000000  0.000000  1.000000  0.999904  0.011506  0.007757  -0.011545  0.999921  0.004975  -0.007699  -0.005064  0.999958  0.000000  0.000000  
191.650533 0.007798  0.099898  -0.008089  0.992248  0.102950  -0.069601  -0.098991  0.993390  0.058119  0.075124  -0.050779  0.995880  -0.002183  0.001337  -0.006295  0.000000  0.000000  0.000000  2.000000  0.999904  0.011506  0.007757  -0.011545  0.999921  0.004975  -0.007699  -0.005064  0.999958  0.999995  -0.001175  0.002888  0.001172  0.999999  0.000893  -0.002889  -0.000890  0.999995  1.000000  0.000000  0.000000  0.000000  1.000000  0.000000  0.000000  0.000000  1.000000  0.999904  0.011506  0.007757  -0.011545  0.999921  0.004975  -0.007699  -0.005064  0.999958  0.000000  0.000000  
191.651777 0.007799  0.099900  -0.008100  0.992258  0.102951  -0.069456  -0.098992  0.993383  0.058226  0.074991  -0.050900  0.995884  -0.001786  0.001451  -0.006444  0.000000  0.000000  0.000000  2.000000  0.999904  0.011506  0.007757  -0.011545  0.999921  0.004975  -0.007699  -0.005064  0.999958  0.999996  -0.000963  0.002764  0.000961  0.999999  0.000787  -0.002765  -0.000785  0.999996  1.000000  0.000000  0.000000  0.000000  1.000000  0.000000  0.000000  0.000000  1.000000  0.999904  0.011506  0.007757  -0.011545  0.999921  0.004975  -0.007699  -0.005064  0.999958  0.000000  0.000000  
191.653029 0.007801  0.099902  -0.008110  0.992268  0.102945  -0.069323  -0.098993  0.993384  0.058213  0.074857  -0.050901  0.995894  -0.001184  0.001611  -0.006640  0.000000  0.000000  0.000000  2.000000  0.999904  0.011506  0.007757  -0.011545  0.999921  0.004975  -0.007699  -0.005064  0.999958  0.999996  -0.000957  0.002631  0.000954  0.999999  0.000909  -0.002631  -0.000906  0.999996  1.000000  0.000000  0.000000  0.000000  1.000000  0.000000  0.000000  0.000000  1.000000  0.999904  0.011506  0.007757  -0.011545  0.999921  0.004975  -0.007699  -0.005064  0.999958  0.000000  0.000000  
191.654273 0.007804  0.099904  -0.008122  0.992268  0.102953  -0.069311  -0.098993  0.993377  0.058334  0.074857  -0.051021  0.995888  -0.000621  0.001716  -0.006959  0.000000  0.000000  0.000000  2.000000  0.999904  0.011506  0.007757  -0.011545  0.999921  0.004975  -0.007699  -0.005064  0.999958  0.999997  -0.000745  0.002507  0.000743  0.999999  0.000924  -0.002508  -0.000922  0.999996  1.000000  0.000000  0.000000  0.000000  1.000000  0.000000  0.000000  0.000000  1.000000  0.999904  0.011506  0.007757  -0.011545  0.999921  0.004975  -0.007699  -0.005064  0.999958  0.000000  0.000000  
191.655275 0.007807  0.099906  -0.008131  0.992268  0.102961  -0.069298  -0.098993  0.993370  0.058454  0.074857  -0.051142  0.995882  -0.000224  0.001711  -0.007224  0.000000  0.000000  0.000000  2.000000  0.999904  0.011506  0.007757  -0.011545  0.999921  0.004975  -0.007699  -0.005064  0.999958  0.999997  -0.000738  0.002374  0.000736  0.999999  0.000924  -0.002374  -0.000923  0.999997  1.000000  0.000000  0.000000  0.000000  1.000000  0.000000  0.000000  0.000000  1.000000  0.999904  0.011506  0.007757  -0.011545  0.999921  0.004975  -0.007699  -0.005064  0.999958  0.000000  0.000000  
191.656523 0.007812  0.099908  -0.008143  0.992278  0.102963  -0.069153  -0.098994  0.993363  0.058561  0.074724  -0.051264  0.995886  0.000307  0.001777  -0.007482  0.000000  0.000000  0.000000  2.000000  0.999904  0.011506  0.007757  -0.011545  0.999921  0.004975  -0.007699  -0.005064  0.999958  0.999997  -0.000527  0.002251  0.000525  0.999999  0.000940  -0.002251  -0.000939  0.999997  1.000000  0.000000  0.000000  0.000000  1.000000  0.000000  0.000000  0.000000  1.000000  0.999904  0.011506  0.007757  -0.011545  0.999921  0.004975  -0.007699  -0.005064  0.999958  0.000000  0.000000  
191.657525 0.007816  0.099910  -0.008152  0.992268  0.102970  -0.069286  -0.098993  0.993363  0.058575  0.074857  -0.051263  0.995876  0.000736  0.001779  -0.007712  0.000000  0.000000  0.000000  2.000000  0.999904  0.011506  0.007757  -0.011545  0.999921  0.004975  -0.007699  -0.005064  0.999958  0.999998  -0.000513  0.001983  0.000511  0.999999  0.001061  -0.001984  -0.001060  0.999997  1.000000  0.000000  0.000000  0.000000  1.000000  0.000000  0.000000  0.000000  1.000000  0.999904  0.011506  0.007757  -0.011545  0.999921  0.004975  -0.007699  -0.005064  0.999958  0.000000  0.000000  
191.658775 0.007822  0.099912  -0.008163  0.992268  0.102978  -0.069273  -0.098993  0.993356  0.058695  0.074857  -0.051384  0.995870  0.001350  0.001743  -0.007983  0.000000  0.000000  0.000000  2.000000  0.999904  0.011506  0.007757  -0.011545  0.999921  0.004975  -0.007699  -0.005064  0.999958  0.999998  -0.000500  0.001716  0.000498  0.999999  0.001061  -0.001716  -0.001060  0.999998  1.000000  0.000000  0.000000  0.000000  1.000000  0.000000  0.000000  0.000000  1.000000  0.999904  0.011506  0.007757  -0.011545  0.999921  0.004975  -0.007699  -0.005064  0.999958  0.000000  0.000000  
191.660024 0.007828  0.099914  -0.008173  0.992268  0.102987  -0.069261  -0.098993  0.993348  0.058816  0.074857  -0.051505  0.995863  0.001888  0.001776  -0.008113  0.000000  0.000000  0.000000  2.000000  0.999904  0.011506  0.007757  -0.011545  0.999921  0.004975  -0.007699  -0.005064  0.999958  0.999999  -0.000493  0.001582  0.000491  0.999999  0.001182  -0.001583  -0.001181  0.999998  1.000000  0.000000  0.000000  0.000000  1.000000  0.000000  0.000000  0.000000  1.000000  0.999904  0.011506  0.007757  -0.011545  0.999921  0.004975  -0.007699  -0.005064  0.999958  0.000000  0.000000  
