1-Time 2-Px 3-Py 4-Pz 5-R11 6-R21 7-R31 8-R12 9-R22 10-R32 11-R13 12-R23 13-R33 14-Vx 15-Vy 16-Vz 17-Wx 18-Wy 19-Wz 20-state 21-PR11 22-PR21 23-PR31 24-PR12 25-PR22 26-PR32 27-PR13 28-PR23 29-PR33 
205.474909 0.010451  0.102448  -0.009810  0.994514  0.091836  -0.050074  -0.091572  0.995770  0.007534  0.050554  -0.002907  0.998717  0.000158  0.000224  0.000296  0.000000  0.000000  0.000000  2.000000  1.000000  0.000000  0.000000  -0.000000  1.000000  0.000000  0.000000  -0.000000  1.000000  1.000000  0.000616  0.000136  -0.000616  1.000000  0.000153  -0.000136  -0.000153  1.000000  1.000000  0.000000  0.000000  0.000000  1.000000  0.000000  0.000000  0.000000  1.000000  0.777142  0.329737  0.536026  -0.347518  0.934958  -0.071301  -0.524673  -0.130868  0.841185  0.000000  0.000000  
205.475914 0.010452  0.102448  -0.009810  0.994495  0.092041  -0.050073  -0.091777  0.995751  0.007544  0.050554  -0.002907  0.998717  0.000187  0.000254  0.000317  0.000000  0.000000  0.000000  2.000000  1.000000  0.000000  0.000000  0.000000  1.000000  0.000000  0.000000  0.000000  1.000000  1.000000  0.000616  0.000136  -0.000616  1.000000  0.000153  -0.000136  -0.000153  1.000000  1.000000  0.000000  0.000000  0.000000  1.000000  0.000000  0.000000  0.000000  1.000000  1.000000  0.000000  0.000000  0.000000  1.000000  0.000000  0.000000  0.000000  1.000000  0.000000  0.000000  
205.477164 0.010455  0.102450  -0.009812  0.994432  0.092656  -0.050201  -0.092391  0.995694  0.007588  0.050688  -0.002907  0.998710  0.000355  0.000334  0.000131  0.000000  0.000000  0.000000  2.000000  1.000000  0.000000  0.000000  0.000000  1.000000  0.000000  0.000000  0.000000  1.000000  0.999999  0.001028  0.000003  -0.001028  0.999999  0.000173  -0.000003  -0.000173  1.000000  1.000000  0.000000  0.000000  0.000000  1.000000  0.000000  0.000000  0.000000  1.000000  1.000000  0.000000  0.000000  0.000000  1.000000  0.000000  0.000000  0.000000  1.000000  0.000000  0.000000  
205.478413 0.010458  0.102452  -0.009816  0.994368  0.093271  -0.050329  -0.093004  0.995636  0.007631  0.050822  -0.002907  0.998704  0.000564  0.000462  -0.000114  0.000000  0.000000  0.000000  2.000000  1.000000  0.000000  0.000000  0.000000  1.000000  0.000000  0.000000  0.000000  1.000000  0.999999  0.001645  0.000005  -0.001645  0.999999  0.000205  -0.000005  -0.000205  1.000000  1.000000  0.000000  0.000000  0.000000  1.000000  0.000000  0.000000  0.000000  1.000000  1.000000  0.000000  0.000000  0.000000  1.000000  0.000000  0.000000  0.000000  1.000000  0.000000  0.000000  
205.479657 0.010461  0.102453  -0.009820  0.994329  0.093687  -0.050315  -0.093414  0.995597  0.007773  0.050822  -0.003029  0.998703  0.000790  0.000532  -0.000480  0.000000  0.000000  0.000000  2.000000  1.000000  0.000000  0.000000  0.000000  1.000000  0.000000  0.000000  0.000000  1.000000  0.999997  0.002262  -0.000127  -0.002262  0.999997  0.000358  0.000128  -0.000357  1.000000  1.000000  0.000000  0.000000  0.000000  1.000000  0.000000  0.000000  0.000000  1.000000  1.000000  0.000000  0.000000  0.000000  1.000000  0.000000  0.000000  0.000000  1.000000  0.000000  0.000000  
205.480660 0.010465  0.102455  -0.009823  0.994291  0.094097  -0.050312  -0.093823  0.995558  0.007793  0.050822  -0.003029  0.998703  0.001049  0.000646  -0.000685  0.000000  0.000000  0.000000  2.000000  1.000000  0.000000  0.000000  0.000000  1.000000  0.000000  0.000000  0.000000  1.000000  0.999996  0.002673  -0.000126  -0.002673  0.999996  0.000257  0.000126  -0.000257  1.000000  1.000000  0.000000  0.000000  0.000000  1.000000  0.000000  0.000000  0.000000  1.000000  1.000000  0.000000  0.000000  0.000000  1.000000  0.000000  0.000000  0.000000  1.000000  0.000000  0.000000  
205.481661 0.010470  0.102458  -0.009827  0.994245  0.094508  -0.050442  -0.094232  0.995520  0.007827  0.050955  -0.003028  0.998696  0.001361  0.000787  -0.000941  0.000000  0.000000  0.000000  2.000000  1.000000  0.000000  0.000000  0.000000  1.000000  0.000000  0.000000  0.000000  1.000000  0.999995  0.003085  -0.000258  -0.003085  0.999995  0.000279  0.000259  -0.000278  1.000000  1.000000  0.000000  0.000000  0.000000  1.000000  0.000000  0.000000  0.000000  1.000000  1.000000  0.000000  0.000000  0.000000  1.000000  0.000000  0.000000  0.000000  1.000000  0.000000  0.000000  
205.482910 0.010477  0.102462  -0.009831  0.994154  0.095328  -0.050701  -0.095049  0.995441  0.007894  0.051222  -0.003028  0.998683  0.001825  0.001067  -0.001263  0.000000  0.000000  0.000000  2.000000  1.000000  0.000000  0.000000  0.000000  1.000000  0.000000  0.000000  0.000000  1.000000  0.999994  0.003497  -0.000390  -0.003496  0.999994  0.000300  0.000392  -0.000299  1.000000  1.000000  0.000000  0.000000  0.000000  1.000000  0.000000  0.000000  0.000000  1.000000  1.000000  0.000000  0.000000  0.000000  1.000000  0.000000  0.000000  0.000000  1.000000  0.000000  0.000000  
205.484160 0.010483  0.102465  -0.009835  0.994062  0.096149  -0.050961  -0.095866  0.995362  0.007961  0.051490  -0.003028  0.998669  0.002229  0.001265  -0.001583  0.000000  0.000000  0.000000  2.000000  1.000000  0.000000  0.000000  0.000000  1.000000  0.000000  0.000000  0.000000  1.000000  0.999990  0.004525  -0.000655  -0.004525  0.999990  0.000354  0.000656  -0.000351  1.000000  1.000000  0.000000  0.000000  0.000000  1.000000  0.000000  0.000000  0.000000  1.000000  1.000000  0.000000  0.000000  0.000000  1.000000  0.000000  0.000000  0.000000  1.000000  0.000000  0.000000  
205.485161 0.010488  0.102467  -0.009839  0.993975  0.096969  -0.051087  -0.096684  0.995283  0.008016  0.051623  -0.003028  0.998662  0.002523  0.001373  -0.001896  0.018063  0.030912  0.193559  2.000000  1.000000  0.000042  0.000050  -0.000042  1.000000  0.000005  -0.000050  -0.000005  1.000000  0.999986  0.005143  -0.000920  -0.005143  0.999987  0.000387  0.000922  -0.000382  1.000000  1.000000  0.000042  0.000050  -0.000042  1.000000  0.000005  -0.000050  -0.000005  1.000000  1.000000  0.000042  0.000050  -0.000042  1.000000  0.000005  -0.000050  -0.000005  1.000000  0.000048  0.005239  
205.486410 0.010494  0.102470  -0.009847  0.993862  0.097994  -0.051345  -0.097706  0.995182  0.008095  0.051891  -0.003028  0.998648  0.002945  0.001553  -0.002427  0.019703  0.039484  0.226296  2.000000  1.000000  0.000276  0.000330  -0.000276  1.000000  0.000031  -0.000330  -0.000031  1.000000  0.999980  0.006171  -0.001051  -0.006171  0.999981  0.000441  0.001053  -0.000434  0.999999  1.000000  0.000050  0.000060  -0.000050  1.000000  0.000005  -0.000060  -0.000005  1.000000  1.000000  0.000276  0.000330  -0.000276  1.000000  0.000031  -0.000330  -0.000031  1.000000  0.000056  0.006275  
205.487412 0.010500  0.102473  -0.009853  0.993794  0.098603  -0.051485  -0.098319  0.995123  0.008019  0.052024  -0.002907  0.998642  0.003357  0.001742  -0.002896  0.016510  0.044270  0.241931  2.000000  1.000000  0.000496  0.000589  -0.000496  1.000000  0.000052  -0.000589  -0.000053  1.000000  0.999975  0.006994  -0.001316  -0.006994  0.999975  0.000364  0.001319  -0.000355  0.999999  1.000000  0.000058  0.000067  -0.000058  1.000000  0.000004  -0.000067  -0.000004  1.000000  1.000000  0.000496  0.000589  -0.000496  1.000000  0.000052  -0.000589  -0.000053  1.000000  0.000062  0.007126  
205.488662 0.010509  0.102478  -0.009861  0.993679  0.099628  -0.051742  -0.099341  0.995021  0.008098  0.052291  -0.002907  0.998628  0.003886  0.002080  -0.003419  0.018324  0.053164  0.276498  2.000000  0.999999  0.000803  0.000947  -0.000803  1.000000  0.000076  -0.000947  -0.000077  1.000000  0.999968  0.007817  -0.001447  -0.007817  0.999969  0.000408  0.001451  -0.000397  0.999999  1.000000  0.000065  0.000076  -0.000065  1.000000  0.000005  -0.000076  -0.000005  1.000000  0.999999  0.000803  0.000947  -0.000803  1.000000  0.000076  -0.000947  -0.000077  1.000000  0.000068  0.007960  
205.489666 0.010516  0.102483  -0.009867  0.993589  0.100448  -0.051868  -0.100158  0.994938  0.008154  0.052425  -0.002907  0.998621  0.004384  0.002354  -0.003848  0.015691  0.057555  0.304110  2.000000  0.999999  0.001081  0.001256  -0.001081  0.999999  0.000097  -0.001256  -0.000098  0.999999  0.999963  0.008435  -0.001847  -0.008434  0.999964  0.000442  0.001850  -0.000427  0.999998  1.000000  0.000073  0.000080  -0.000073  1.000000  0.000005  -0.000080  -0.000005  1.000000  0.999999  0.001081  0.001256  -0.001081  0.999999  0.000097  -0.001256  -0.000098  0.999999  0.000076  0.008646  
205.490912 0.010527  0.102489  -0.009875  0.993472  0.101472  -0.052126  -0.101180  0.994834  0.008235  0.052692  -0.002907  0.998607  0.004986  0.002696  -0.004336  0.017521  0.066451  0.338701  2.000000  0.999998  0.001394  0.001600  -0.001394  0.999999  0.000120  -0.001600  -0.000122  0.999999  0.999953  0.009464  -0.002111  -0.009463  0.999955  0.000499  0.002116  -0.000479  0.999998  1.000000  0.000082  0.000089  -0.000082  1.000000  0.000006  -0.000089  -0.000006  1.000000  0.999998  0.001394  0.001600  -0.001394  0.999999  0.000120  -0.001600  -0.000122  0.999999  0.000085  0.009709  
205.492163 0.010539  0.102496  -0.009884  0.993353  0.102491  -0.052396  -0.102201  0.994730  0.008195  0.052959  -0.002786  0.998593  0.005596  0.003051  -0.004801  0.014925  0.075389  0.366376  2.000000  0.999996  0.001830  0.002076  -0.001831  0.999998  0.000148  -0.002076  -0.000152  0.999998  0.999942  0.010492  -0.002376  -0.010491  0.999945  0.000435  0.002381  -0.000410  0.999997  1.000000  0.000091  0.000099  -0.000091  1.000000  0.000005  -0.000099  -0.000005  1.000000  0.999996  0.001830  0.002076  -0.001831  0.999998  0.000148  -0.002076  -0.000152  0.999998  0.000092  0.010767  
205.493164 0.010548  0.102501  -0.009891  0.993276  0.103106  -0.052656  -0.102813  0.994666  0.008255  0.053227  -0.002786  0.998579  0.006141  0.003364  -0.005122  0.016051  0.084313  0.387085  2.000000  0.999994  0.002214  0.002490  -0.002215  0.999998  0.000170  -0.002489  -0.000176  0.999997  0.999932  0.011316  -0.002641  -0.011314  0.999936  0.000481  0.002646  -0.000451  0.999996  1.000000  0.000099  0.000106  -0.000099  1.000000  0.000006  -0.000106  -0.000006  1.000000  0.999994  0.002214  0.002490  -0.002215  0.999998  0.000170  -0.002489  -0.000176  0.999997  0.000099  0.011629  
205.494412 0.010560  0.102508  -0.009899  0.993155  0.104130  -0.052914  -0.103834  0.994560  0.008337  0.053494  -0.002786  0.998564  0.006700  0.003713  -0.005369  0.017905  0.093207  0.421657  2.000000  0.999992  0.002732  0.003037  -0.002733  0.999996  0.000199  -0.003036  -0.000208  0.999995  0.999922  0.012139  -0.002906  -0.012137  0.999926  0.000528  0.002912  -0.000493  0.999996  1.000000  0.000107  0.000113  -0.000107  1.000000  0.000006  -0.000113  -0.000006  1.000000  0.999992  0.002732  0.003037  -0.002733  0.999996  0.000199  -0.003036  -0.000208  0.999995  0.000106  0.012492  
205.495663 0.010573  0.102514  -0.009908  0.993055  0.104944  -0.053185  -0.104650  0.994475  0.008288  0.053761  -0.002665  0.998550  0.007238  0.003956  -0.005681  0.015330  0.102145  0.449294  2.000000  0.999988  0.003290  0.003624  -0.003291  0.999995  0.000229  -0.003623  -0.000241  0.999993  0.999911  0.012961  -0.003172  -0.012960  0.999916  0.000454  0.003178  -0.000413  0.999995  1.000000  0.000115  0.000120  -0.000115  1.000000  0.000005  -0.000120  -0.000005  1.000000  0.999988  0.003290  0.003624  -0.003291  0.999995  0.000229  -0.003623  -0.000241  0.999993  0.000114  0.013351  
205.496909 0.010586  0.102521  -0.009917  0.992932  0.105968  -0.053442  -0.105671  0.994366  0.008371  0.054028  -0.002665  0.998536  0.007707  0.004160  -0.006045  0.017204  0.111054  0.483922  2.000000  0.999983  0.003888  0.004252  -0.003889  0.999992  0.000256  -0.004251  -0.000273  0.999991  0.999900  0.013784  -0.003303  -0.013783  0.999905  0.000501  0.003310  -0.000455  0.999994  1.000000  0.000122  0.000129  -0.000122  1.000000  0.000006  -0.000129  -0.000006  1.000000  0.999983  0.003888  0.004252  -0.003889  0.999992  0.000256  -0.004251  -0.000273  0.999991  0.000122  0.014183  
205.497910 0.010597  0.102526  -0.009925  0.992860  0.106576  -0.053583  -0.106283  0.994301  0.008298  0.054162  -0.002543  0.998529  0.008026  0.004298  -0.006335  0.014248  0.115522  0.504648  2.000000  0.999979  0.004382  0.004772  -0.004384  0.999990  0.000275  -0.004770  -0.000296  0.999989  0.999897  0.013989  -0.003304  -0.013988  0.999902  0.000392  0.003309  -0.000346  0.999994  1.000000  0.000123  0.000131  -0.000123  1.000000  0.000005  -0.000131  -0.000005  1.000000  0.999979  0.004382  0.004772  -0.004384  0.999990  0.000275  -0.004770  -0.000296  0.999989  0.000129  0.014379  
205.499159 0.010609  0.102532  -0.009936  0.992743  0.107593  -0.053720  -0.107304  0.994192  0.008247  0.054296  -0.002422  0.998522  0.008387  0.004441  -0.006737  0.011624  0.124490  0.532382  2.000000  0.999974  0.004888  0.005300  -0.004889  0.999988  0.000290  -0.005298  -0.000316  0.999986  0.999890  0.014401  -0.003572  -0.014400  0.999896  0.000297  0.003576  -0.000246  0.999994  1.000000  0.000129  0.000134  -0.000129  1.000000  0.000003  -0.000134  -0.000003  1.000000  0.999974  0.004888  0.005300  -0.004889  0.999988  0.000290  -0.005298  -0.000316  0.999986  0.000135  0.014840  
205.500161 0.010618  0.102535  -0.009946  0.992669  0.108201  -0.053861  -0.107916  0.994126  0.008174  0.054429  -0.002301  0.998515  0.008648  0.004538  -0.007112  0.008672  0.128948  0.553041  2.000000  0.999970  0.005272  0.005707  -0.005274  0.999986  0.000296  -0.005706  -0.000326  0.999984  0.999887  0.014606  -0.003438  -0.014605  0.999893  0.000187  0.003440  -0.000137  0.999994  1.000000  0.000129  0.000137  -0.000129  1.000000  0.000002  -0.000137  -0.000002  1.000000  0.999970  0.005272  0.005707  -0.005274  0.999986  0.000296  -0.005706  -0.000326  0.999984  0.000140  0.015006  
205.501410 0.010629  0.102540  -0.009958  0.992602  0.108809  -0.053869  -0.108530  0.994060  0.008086  0.054429  -0.002180  0.998515  0.009027  0.004700  -0.007463  0.005685  0.128926  0.573746  2.000000  0.999962  0.005928  0.006397  -0.005930  0.999982  0.000294  -0.006395  -0.000332  0.999979  0.999881  0.015016  -0.003574  -0.015017  0.999887  -0.000031  0.003573  0.000085  0.999994  1.000000  0.000133  0.000140  -0.000133  1.000000  -0.000001  -0.000140  0.000001  1.000000  0.999962  0.005928  0.006397  -0.005930  0.999982  0.000294  -0.006395  -0.000332  0.999979  0.000146  0.015437  
205.502411 0.010638  0.102544  -0.009968  0.992528  0.109416  -0.054010  -0.109142  0.993994  0.008014  0.054563  -0.002059  0.998508  0.009163  0.004728  -0.007647  0.002744  0.133656  0.595594  2.000000  0.999955  0.006455  0.006957  -0.006458  0.999979  0.000287  -0.006955  -0.000332  0.999976  0.999881  0.015016  -0.003574  -0.015017  0.999887  -0.000029  0.003573  0.000083  0.999994  1.000000  0.000133  0.000140  -0.000133  1.000000  -0.000001  -0.000140  0.000001  1.000000  0.999955  0.006455  0.006957  -0.006458  0.999979  0.000287  -0.006955  -0.000332  0.999976  0.000151  0.015436  
205.503412 0.010647  0.102549  -0.009977  0.992460  0.110030  -0.054005  -0.109755  0.993926  0.008047  0.054563  -0.002059  0.998508  0.009384  0.004755  -0.007904  0.003829  0.133348  0.615176  2.000000  0.999947  0.006984  0.007521  -0.006986  0.999976  0.000275  -0.007519  -0.000327  0.999972  0.999881  0.015016  -0.003442  -0.015016  0.999887  -0.000151  0.003439  0.000202  0.999994  1.000000  0.000131  0.000141  -0.000131  1.000000  -0.000002  -0.000141  0.000002  1.000000  0.999947  0.006984  0.007521  -0.006986  0.999976  0.000275  -0.007519  -0.000327  0.999972  0.000156  0.015407  
205.504670 0.010658  0.102555  -0.009988  0.992385  0.110638  -0.054147  -0.110367  0.993859  0.007975  0.054696  -0.001938  0.998501  0.009498  0.004794  -0.008167  0.000887  0.137818  0.635839  2.000000  0.999937  0.007632  0.008222  -0.007634  0.999971  0.000252  -0.008220  -0.000315  0.999966  0.999885  0.014809  -0.003310  -0.014810  0.999890  -0.000281  0.003306  0.000330  0.999994  1.000000  0.000128  0.000140  -0.000128  1.000000  -0.000004  -0.000140  0.000004  1.000000  0.999937  0.007632  0.008222  -0.007634  0.999971  0.000252  -0.008220  -0.000315  0.999966  0.000163  0.015178  
205.505910 0.010668  0.102561  -0.009999  0.992309  0.111239  -0.054301  -0.110979  0.993792  0.007782  0.054830  -0.001696  0.998494  0.009442  0.004809  -0.008233  -0.006442  0.141248  0.644578  2.000000  0.999928  0.008140  0.008778  -0.008142  0.999967  0.000228  -0.008776  -0.000299  0.999961  0.999888  0.014603  -0.003179  -0.014604  0.999893  -0.000412  0.003172  0.000458  0.999995  1.000000  0.000126  0.000138  -0.000126  1.000000  -0.000005  -0.000138  0.000005  1.000000  0.999928  0.008140  0.008778  -0.008142  0.999967  0.000228  -0.008776  -0.000299  0.999961  0.000166  0.014952  
205.506914 0.010677  0.102566  -0.010006  0.992263  0.111648  -0.054298  -0.111388  0.993746  0.007804  0.054830  -0.001696  0.998494  0.009364  0.004793  -0.008283  -0.006817  0.137936  0.642994  2.000000  0.999922  0.008512  0.009187  -0.008514  0.999964  0.000203  -0.009185  -0.000281  0.999958  0.999892  0.014396  -0.003047  -0.014398  0.999896  -0.000544  0.003039  0.000588  0.999995  1.000000  0.000123  0.000137  -0.000123  1.000000  -0.000007  -0.000137  0.000007  1.000000  0.999922  0.008512  0.009187  -0.008514  0.999964  0.000203  -0.009185  -0.000281  0.999958  0.000166  0.014727  
205.508164 0.010686  0.102572  -0.010016  0.992210  0.112044  -0.054455  -0.111795  0.993702  0.007600  0.054964  -0.001453  0.998487  0.009185  0.004686  -0.008375  -0.015250  0.138014  0.635989  2.000000  0.999910  0.009113  0.009846  -0.009114  0.999958  0.000154  -0.009844  -0.000244  0.999952  0.999900  0.013779  -0.003050  -0.013781  0.999905  -0.000698  0.003041  0.000740  0.999995  1.000000  0.000119  0.000130  -0.000119  1.000000  -0.000009  -0.000130  0.000009  1.000000  0.999910  0.009113  0.009846  -0.009114  0.999958  0.000154  -0.009844  -0.000244  0.999952  0.000163  0.014132  
205.509165 0.010694  0.102577  -0.010024  0.992164  0.112446  -0.054465  -0.112204  0.993657  0.007502  0.054964  -0.001332  0.998487  0.009043  0.004685  -0.008440  -0.023397  0.137977  0.635820  2.000000  0.999900  0.009576  0.010359  -0.009577  0.999954  0.000111  -0.010357  -0.000211  0.999946  0.999907  0.013367  -0.002787  -0.013369  0.999910  -0.000841  0.002776  0.000879  0.999996  1.000000  0.000114  0.000127  -0.000114  1.000000  -0.000011  -0.000127  0.000011  1.000000  0.999900  0.009576  0.010359  -0.009577  0.999954  0.000111  -0.010357  -0.000211  0.999946  0.000161  0.013682  
205.510168 0.010700  0.102581  -0.010032  0.992141  0.112644  -0.054478  -0.112408  0.993635  0.007393  0.054964  -0.001211  0.998488  0.008770  0.004641  -0.008516  -0.027842  0.138049  0.628991  2.000000  0.999893  0.009913  0.010737  -0.009914  0.999951  0.000074  -0.010736  -0.000180  0.999942  0.999910  0.013161  -0.002655  -0.013163  0.999913  -0.000974  0.002642  0.001009  0.999996  1.000000  0.000111  0.000126  -0.000111  1.000000  -0.000012  -0.000126  0.000012  1.000000  0.999893  0.009913  0.010737  -0.009914  0.999951  0.000074  -0.010736  -0.000180  0.999942  0.000163  0.013463  
205.511437 0.010707  0.102585  -0.010042  0.992094  0.113040  -0.054502  -0.112817  0.993590  0.007174  0.054964  -0.000969  0.998488  0.008346  0.004451  -0.008552  -0.035930  0.133547  0.628574  2.000000  0.999881  0.010449  0.011345  -0.010449  0.999945  -0.000000  -0.011344  -0.000118  0.999936  0.999921  0.012337  -0.002391  -0.012340  0.999923  -0.001141  0.002376  0.001170  0.999996  1.000000  0.000103  0.000119  -0.000103  1.000000  -0.000014  -0.000119  0.000014  1.000000  0.999881  0.010449  0.011345  -0.010449  0.999945  -0.000000  -0.011344  -0.000118  0.999936  0.000161  0.012620  
205.512659 0.010713  0.102588  -0.010053  0.992079  0.113238  -0.054381  -0.113022  0.993568  0.007050  0.054830  -0.000848  0.998495  0.007925  0.004201  -0.008656  -0.040434  0.123700  0.610176  2.000000  0.999871  0.010843  0.011808  -0.010843  0.999941  -0.000073  -0.011808  -0.000055  0.999930  0.999929  0.011720  -0.001993  -0.011723  0.999930  -0.001419  0.001976  0.001442  0.999997  1.000000  0.000095  0.000114  -0.000095  1.000000  -0.000018  -0.000114  0.000018  1.000000  0.999871  0.010843  0.011808  -0.010843  0.999941  -0.000073  -0.011808  -0.000055  0.999930  0.000157  0.011974  
205.513909 0.010719  0.102590  -0.010063  0.992055  0.113429  -0.054407  -0.113226  0.993546  0.006820  0.054830  -0.000606  0.998496  0.007514  0.003958  -0.008569  -0.049894  0.114897  0.582693  2.000000  0.999862  0.011211  0.012251  -0.011210  0.999937  -0.000154  -0.012252  0.000016  0.999925  0.999937  0.011102  -0.001863  -0.011105  0.999937  -0.001574  0.001845  0.001594  0.999997  1.000000  0.000089  0.000109  -0.000089  1.000000  -0.000020  -0.000109  0.000020  1.000000  0.999862  0.011211  0.012251  -0.011210  0.999937  -0.000154  -0.012252  0.000016  0.999925  0.000151  0.011369  
205.514912 0.010723  0.102591  -0.010071  0.992032  0.113621  -0.054434  -0.113430  0.993524  0.006590  0.054830  -0.000363  0.998496  0.007168  0.003788  -0.008447  -0.059493  0.106973  0.566818  2.000000  0.999853  0.011554  0.012676  -0.011552  0.999933  -0.000243  -0.012678  0.000097  0.999920  0.999942  0.010691  -0.001597  -0.010693  0.999941  -0.001718  0.001579  0.001735  0.999997  1.000000  0.000084  0.000106  -0.000084  1.000000  -0.000022  -0.000106  0.000022  1.000000  0.999853  0.011554  0.012676  -0.011552  0.999933  -0.000243  -0.012678  0.000097  0.999920  0.000147  0.010947  
205.516158 0.010729  0.102593  -0.010079  0.992016  0.113812  -0.054327  -0.113635  0.993502  0.006345  0.054696  -0.000121  0.998503  0.006828  0.003608  -0.008212  -0.069088  0.093598  0.539170  2.000000  0.999842  0.011947  0.013184  -0.011943  0.999929  -0.000371  -0.013188  0.000213  0.999913  0.999951  0.009868  -0.001199  -0.009870  0.999949  -0.002007  0.001179  0.002018  0.999997  1.000000  0.000075  0.000099  -0.000075  1.000000  -0.000025  -0.000099  0.000025  1.000000  0.999842  0.011947  0.013184  -0.011943  0.999929  -0.000371  -0.013188  0.000213  0.999913  0.000140  0.010142  
205.517408 0.010735  0.102595  -0.010088  0.991992  0.114010  -0.054340  -0.113839  0.993480  0.006236  0.054696  0.000000  0.998503  0.006455  0.003430  -0.008013  -0.069216  0.088452  0.520999  2.000000  0.999831  0.012303  0.013670  -0.012297  0.999924  -0.000511  -0.013675  0.000343  0.999906  0.999957  0.009251  -0.000934  -0.009253  0.999955  -0.002162  0.000914  0.002170  0.999997  1.000000  0.000068  0.000094  -0.000068  1.000000  -0.000027  -0.000094  0.000027  1.000000  0.999831  0.012303  0.013670  -0.012297  0.999924  -0.000511  -0.013675  0.000343  0.999906  0.000135  0.009547  
205.518658 0.010740  0.102597  -0.010097  0.991976  0.114201  -0.054233  -0.114044  0.993458  0.005991  0.054563  0.000242  0.998510  0.005978  0.003121  -0.007785  -0.078734  0.075169  0.493548  2.000000  0.999821  0.012618  0.014116  -0.012610  0.999920  -0.000661  -0.014123  0.000483  0.999900  0.999964  0.008428  -0.000535  -0.008429  0.999961  -0.002451  0.000515  0.002455  0.999997  1.000000  0.000058  0.000088  -0.000058  1.000000  -0.000031  -0.000088  0.000031  1.000000  0.999821  0.012618  0.014116  -0.012610  0.999920  -0.000661  -0.014123  0.000483  0.999900  0.000129  0.008794  
205.519908 0.010744  0.102597  -0.010107  0.991983  0.114188  -0.054128  -0.114045  0.993459  0.005735  0.054429  0.000484  0.998518  0.005527  0.002689  -0.007762  -0.089760  0.062432  0.456306  2.000000  0.999811  0.012890  0.014525  -0.012879  0.999917  -0.000820  -0.014534  0.000633  0.999894  0.999973  0.007400  -0.000269  -0.007401  0.999969  -0.002508  0.000250  0.002510  0.999997  1.000000  0.000049  0.000078  -0.000049  1.000000  -0.000031  -0.000078  0.000031  1.000000  0.999811  0.012890  0.014525  -0.012879  0.999917  -0.000820  -0.014534  0.000633  0.999894  0.000120  0.007819  
205.520912 0.010746  0.102596  -0.010115  0.991967  0.114386  -0.054008  -0.114250  0.993436  0.005610  0.054296  0.000606  0.998525  0.005106  0.002273  -0.007796  -0.094906  0.048979  0.435480  2.000000  0.999805  0.013074  0.014822  -0.013061  0.999914  -0.000952  -0.014833  0.000758  0.999890  0.999977  0.006784  -0.000136  -0.006784  0.999974  -0.002541  0.000119  0.002542  0.999997  1.000000  0.000044  0.000073  -0.000044  1.000000  -0.000032  -0.000073  0.000032  1.000000  0.999805  0.013074  0.014822  -0.013061  0.999914  -0.000952  -0.014833  0.000758  0.999890  0.000114  0.007245  
205.522174 0.010749  0.102596  -0.010125  0.991951  0.114584  -0.053888  -0.114455  0.993413  0.005485  0.054162  0.000727  0.998532  0.004645  0.001840  -0.007826  -0.096303  0.035544  0.407566  2.000000  0.999799  0.013229  0.015097  -0.013214  0.999912  -0.001088  -0.015110  0.000889  0.999885  0.999981  0.006167  0.000130  -0.006167  0.999977  -0.002697  -0.000147  0.002696  0.999996  1.000000  0.000037  0.000068  -0.000037  1.000000  -0.000034  -0.000068  0.000034  1.000000  0.999799  0.013229  0.015097  -0.013214  0.999912  -0.001088  -0.015110  0.000889  0.999885  0.000106  0.006732  
205.523412 0.010752  0.102595  -0.010136  0.991951  0.114578  -0.053902  -0.114455  0.993414  0.005365  0.054162  0.000848  0.998532  0.004193  0.001355  -0.007863  -0.100638  0.026388  0.383773  2.000000  0.999791  0.013401  0.015421  -0.013383  0.999910  -0.001261  -0.015436  0.001054  0.999880  0.999985  0.005550  0.000264  -0.005550  0.999981  -0.002731  -0.000279  0.002730  0.999996  1.000000  0.000032  0.000062  -0.000032  1.000000  -0.000034  -0.000062  0.000034  1.000000  0.999791  0.013401  0.015421  -0.013383  0.999910  -0.001261  -0.015436  0.001054  0.999880  0.000101  0.006191  
205.524663 0.010754  0.102593  -0.010145  0.991934  0.114769  -0.053796  -0.114660  0.993392  0.005120  0.054028  0.001090  0.998539  0.003794  0.000958  -0.007845  -0.109818  0.013073  0.363234  2.000000  0.999785  0.013541  0.015722  -0.013520  0.999908  -0.001436  -0.015740  0.001224  0.999875  0.999987  0.005140  0.000531  -0.005138  0.999983  -0.002754  -0.000545  0.002752  0.999996  1.000000  0.000026  0.000059  -0.000026  1.000000  -0.000034  -0.000059  0.000034  1.000000  0.999785  0.013541  0.015722  -0.013520  0.999908  -0.001436  -0.015740  0.001224  0.999875  0.000095  0.005855  
205.525663 0.010754  0.102591  -0.010152  0.991942  0.114763  -0.053677  -0.114661  0.993392  0.004984  0.053895  0.001211  0.998546  0.003400  0.000538  -0.007733  -0.112610  0.004257  0.331742  2.000000  0.999785  0.013541  0.015722  -0.013520  0.999908  -0.001436  -0.015740  0.001224  0.999875  0.999990  0.004523  0.000665  -0.004521  0.999986  -0.002788  -0.000677  0.002785  0.999996  1.000000  0.000000  0.000000  0.000000  1.000000  0.000000  0.000000  0.000000  1.000000  0.999785  0.013541  0.015722  -0.013520  0.999908  -0.001436  -0.015740  0.001224  0.999875  0.000090  0.000000  
205.526942 0.010754  0.102588  -0.010160  0.991918  0.114961  -0.053690  -0.114865  0.993369  0.004874  0.053895  0.001332  0.998546  0.002960  0.000117  -0.007592  -0.117989  -0.004695  0.303705  2.000000  0.999785  0.013541  0.015722  -0.013520  0.999908  -0.001436  -0.015740  0.001224  0.999875  0.999992  0.003907  0.000932  -0.003904  0.999988  -0.002943  -0.000943  0.002939  0.999995  1.000000  0.000000  0.000000  0.000000  1.000000  0.000000  0.000000  0.000000  1.000000  0.999785  0.013541  0.015722  -0.013520  0.999908  -0.001436  -0.015740  0.001224  0.999875  0.000083  0.000000  
205.528163 0.010754  0.102586  -0.010168  0.991901  0.115159  -0.053571  -0.115070  0.993346  0.004749  0.053761  0.001453  0.998553  0.002572  -0.000220  -0.007431  -0.119261  -0.013650  0.283358  2.000000  0.999785  0.013541  0.015722  -0.013520  0.999908  -0.001436  -0.015740  0.001224  0.999875  0.999993  0.003496  0.001066  -0.003493  0.999990  -0.002966  -0.001076  0.002962  0.999995  1.000000  0.000000  0.000000  0.000000  1.000000  0.000000  0.000000  0.000000  1.000000  0.999785  0.013541  0.015722  -0.013520  0.999908  -0.001436  -0.015740  0.001224  0.999875  0.000076  0.000000  
205.529196 0.010754  0.102583  -0.010174  0.991909  0.115153  -0.053452  -0.115071  0.993347  0.004614  0.053628  0.001575  0.998560  0.002250  -0.000491  -0.007234  -0.121619  -0.022762  0.257540  2.000000  0.999785  0.013541  0.015722  -0.013520  0.999908  -0.001436  -0.015740  0.001224  0.999875  0.999994  0.003291  0.001333  -0.003287  0.999990  -0.002977  -0.001343  0.002973  0.999995  1.000000  0.000000  0.000000  0.000000  1.000000  0.000000  0.000000  0.000000  1.000000  0.999785  0.013541  0.015722  -0.013520  0.999908  -0.001436  -0.015740  0.001224  0.999875  0.000074  0.000000  
205.530407 0.010755  0.102581  -0.010182  0.991868  0.115556  -0.053331  -0.115480  0.993300  0.004500  0.053494  0.001696  0.998567  0.001952  -0.000742  -0.007146  -0.120111  -0.031299  0.246709  2.000000  0.999785  0.013541  0.015722  -0.013520  0.999908  -0.001436  -0.015740  0.001224  0.999875  0.999994  0.003291  0.001466  -0.003287  0.999991  -0.002856  -0.001476  0.002851  0.999995  1.000000  0.000000  0.000000  0.000000  1.000000  0.000000  0.000000  0.000000  1.000000  0.999785  0.013541  0.015722  -0.013520  0.999908  -0.001436  -0.015740  0.001224  0.999875  0.000068  0.000000  
205.531407 0.010755  0.102579  -0.010187  0.991868  0.115549  -0.053345  -0.115480  0.993300  0.004379  0.053494  0.001817  0.998567  0.001625  -0.000980  -0.007044  -0.120850  -0.031266  0.233001  2.000000  0.999785  0.013541  0.015722  -0.013520  0.999908  -0.001436  -0.015740  0.001224  0.999875  0.999994  0.003086  0.001467  -0.003082  0.999991  -0.002746  -0.001475  0.002741  0.999995  1.000000  0.000000  0.000000  0.000000  1.000000  0.000000  0.000000  0.000000  1.000000  0.999785  0.013541  0.015722  -0.013520  0.999908  -0.001436  -0.015740  0.001224  0.999875  0.000066  0.000000  
205.532660 0.010755  0.102578  -0.010194  0.991852  0.115747  -0.053226  -0.115686  0.993277  0.004254  0.053360  0.001938  0.998573  0.001271  -0.001243  -0.006950  -0.123347  -0.040490  0.207299  2.000000  0.999785  0.013541  0.015722  -0.013520  0.999908  -0.001436  -0.015740  0.001224  0.999875  0.999995  0.002881  0.001601  -0.002877  0.999992  -0.002636  -0.001608  0.002631  0.999995  1.000000  0.000000  0.000000  0.000000  1.000000  0.000000  0.000000  0.000000  1.000000  0.999785  0.013541  0.015722  -0.013520  0.999908  -0.001436  -0.015740  0.001224  0.999875  0.000063  0.000000  
205.533909 0.010756  0.102576  -0.010201  0.991804  0.116150  -0.053238  -0.116094  0.993230  0.004156  0.053360  0.002059  0.998573  0.000934  -0.001474  -0.006802  -0.122318  -0.044592  0.205599  2.000000  0.999785  0.013541  0.015722  -0.013520  0.999908  -0.001436  -0.015740  0.001224  0.999875  0.999995  0.002675  0.001467  -0.002671  0.999993  -0.002526  -0.001474  0.002522  0.999996  1.000000  0.000000  0.000000  0.000000  1.000000  0.000000  0.000000  0.000000  1.000000  0.999785  0.013541  0.015722  -0.013520  0.999908  -0.001436  -0.015740  0.001224  0.999875  0.000060  0.000000  
205.534909 0.010756  0.102574  -0.010207  0.991780  0.116354  -0.053237  -0.116298  0.993206  0.004167  0.053360  0.002059  0.998573  0.000767  -0.001554  -0.006617  -0.120382  -0.044954  0.186583  2.000000  0.999785  0.013541  0.015722  -0.013520  0.999908  -0.001436  -0.015740  0.001224  0.999875  0.999995  0.002675  0.001466  -0.002672  0.999994  -0.002404  -0.001473  0.002400  0.999996  1.000000  0.000000  0.000000  0.000000  1.000000  0.000000  0.000000  0.000000  1.000000  0.999785  0.013541  0.015722  -0.013520  0.999908  -0.001436  -0.015740  0.001224  0.999875  0.000058  0.000000  
205.535910 0.010756  0.102573  -0.010213  0.991763  0.116553  -0.053118  -0.116503  0.993182  0.004041  0.053227  0.002180  0.998580  0.000624  -0.001591  -0.006473  -0.121868  -0.054425  0.181336  2.000000  0.999785  0.013541  0.015722  -0.013520  0.999908  -0.001436  -0.015740  0.001224  0.999875  0.999994  0.003086  0.001466  -0.003083  0.999993  -0.002261  -0.001473  0.002257  0.999996  1.000000  0.000000  0.000000  0.000000  1.000000  0.000000  0.000000  0.000000  1.000000  0.999785  0.013541  0.015722  -0.013520  0.999908  -0.001436  -0.015740  0.001224  0.999875  0.000057  0.000000  
205.537162 0.010757  0.102571  -0.010219  0.991715  0.116962  -0.053116  -0.116911  0.993134  0.004063  0.053227  0.002180  0.998580  0.000508  -0.001684  -0.006255  -0.115360  -0.053477  0.185078  2.000000  0.999785  0.013541  0.015722  -0.013520  0.999908  -0.001436  -0.015740  0.001224  0.999875  0.999994  0.003087  0.001465  -0.003084  0.999993  -0.002140  -0.001472  0.002136  0.999997  1.000000  0.000000  0.000000  0.000000  1.000000  0.000000  0.000000  0.000000  1.000000  0.999785  0.013541  0.015722  -0.013520  0.999908  -0.001436  -0.015740  0.001224  0.999875  0.000055  0.000000  
205.538165 0.010757  0.102569  -0.010225  0.991691  0.117166  -0.053115  -0.117116  0.993110  0.004074  0.053227  0.002180  0.998580  0.000383  -0.001745  -0.006006  -0.111648  -0.057916  0.178187  2.000000  0.999785  0.013541  0.015722  -0.013520  0.999908  -0.001436  -0.015740  0.001224  0.999875  0.999994  0.003292  0.001465  -0.003289  0.999993  -0.002008  -0.001471  0.002003  0.999997  1.000000  0.000000  0.000000  0.000000  1.000000  0.000000  0.000000  0.000000  1.000000  0.999785  0.013541  0.015722  -0.013520  0.999908  -0.001436  -0.015740  0.001224  0.999875  0.000055  0.000000  
205.539177 0.010759  0.102568  -0.010230  0.991667  0.117364  -0.053129  -0.117320  0.993086  0.003965  0.053227  0.002301  0.998580  0.000347  -0.001759  -0.005848  0.000000  0.000000  0.000000  2.000000  0.999785  0.013541  0.015722  -0.013520  0.999908  -0.001436  -0.015740  0.001224  0.999875  0.999994  0.003292  0.001465  -0.003289  0.999993  -0.001887  -0.001471  0.001882  0.999997  1.000000  0.000000  0.000000  0.000000  1.000000  0.000000  0.000000  0.000000  1.000000  0.999785  0.013541  0.015722  -0.013520  0.999908  -0.001436  -0.015740  0.001224  0.999875  0.000054  0.000000  
205.540409 0.010760  0.102566  -0.010235  0.991625  0.117773  -0.052994  -0.117729  0.993038  0.003971  0.053093  0.002301  0.998587  0.000370  -0.001714  -0.005659  0.000000  0.000000  0.000000  2.000000  0.999785  0.013541  0.015722  -0.013520  0.999908  -0.001436  -0.015740  0.001224  0.999875  0.999993  0.003498  0.001464  -0.003495  0.999992  -0.001755  -0.001470  0.001750  0.999997  1.000000  0.000000  0.000000  0.000000  1.000000  0.000000  0.000000  0.000000  1.000000  0.999785  0.013541  0.015722  -0.013520  0.999908  -0.001436  -0.015740  0.001224  0.999875  0.000000  0.000000  
205.541663 0.010761  0.102565  -0.010242  0.991601  0.117978  -0.052994  -0.117933  0.993014  0.003982  0.053093  0.002301  0.998587  0.000476  -0.001591  -0.005546  0.000000  0.000000  0.000000  2.000000  0.999785  0.013541  0.015722  -0.013520  0.999908  -0.001436  -0.015740  0.001224  0.999875  0.999992  0.003703  0.001330  -0.003701  0.999992  -0.001623  -0.001336  0.001618  0.999998  1.000000  0.000000  0.000000  0.000000  1.000000  0.000000  0.000000  0.000000  1.000000  0.999785  0.013541  0.015722  -0.013520  0.999908  -0.001436  -0.015740  0.001224  0.999875  0.000000  0.000000  
205.542914 0.010764  0.102565  -0.010249  0.991553  0.118387  -0.052992  -0.118341  0.992965  0.004004  0.053093  0.002301  0.998587  0.000622  -0.001412  -0.005471  0.000000  0.000000  0.000000  2.000000  0.999785  0.013541  0.015722  -0.013520  0.999908  -0.001436  -0.015740  0.001224  0.999875  0.999992  0.003908  0.001062  -0.003907  0.999991  -0.001369  -0.001067  0.001365  0.999998  1.000000  0.000000  0.000000  0.000000  1.000000  0.000000  0.000000  0.000000  1.000000  0.999785  0.013541  0.015722  -0.013520  0.999908  -0.001436  -0.015740  0.001224  0.999875  0.000000  0.000000  
205.544187 0.010766  0.102565  -0.010256  0.991511  0.118796  -0.052858  -0.118750  0.992916  0.004009  0.052959  0.002301  0.998594  0.000791  -0.001202  -0.005471  -0.084040  -0.062771  0.179633  2.000000  0.999785  0.013541  0.015722  -0.013520  0.999908  -0.001436  -0.015740  0.001224  0.999875  0.999990  0.004320  0.001195  -0.004318  0.999990  -0.001227  -0.001200  0.001221  0.999999  1.000000  0.000000  0.000000  0.000000  1.000000  0.000000  0.000000  0.000000  1.000000  0.999785  0.013541  0.015722  -0.013520  0.999908  -0.001436  -0.015740  0.001224  0.999875  0.000052  0.000000  
205.545412 0.010769  0.102566  -0.010263  0.991462  0.119205  -0.052856  -0.119159  0.992867  0.004031  0.052959  0.002301  0.998594  0.000987  -0.000960  -0.005425  -0.075545  -0.062766  0.186617  2.000000  0.999785  0.013541  0.015722  -0.013520  0.999908  -0.001436  -0.015740  0.001224  0.999875  0.999990  0.004319  0.001061  -0.004318  0.999990  -0.001105  -0.001066  0.001101  0.999999  1.000000  0.000000  0.000000  0.000000  1.000000  0.000000  0.000000  0.000000  1.000000  0.999785  0.013541  0.015722  -0.013520  0.999908  -0.001436  -0.015740  0.001224  0.999875  0.000051  0.000000  
205.546421 0.010773  0.102567  -0.010268  0.991437  0.119415  -0.052841  -0.119363  0.992842  0.004163  0.052959  0.002180  0.998594  0.001195  -0.000779  -0.005400  -0.067376  -0.058245  0.186538  2.000000  0.999785  0.013541  0.015722  -0.013520  0.999908  -0.001436  -0.015740  0.001224  0.999875  0.999988  0.004730  0.001061  -0.004730  0.999988  -0.000841  -0.001065  0.000836  0.999999  1.000000  0.000000  0.000000  0.000000  1.000000  0.000000  0.000000  0.000000  1.000000  0.999785  0.013541  0.015722  -0.013520  0.999908  -0.001436  -0.015740  0.001224  0.999875  0.000053  0.000000  
205.547662 0.010777  0.102569  -0.010274  0.991388  0.119824  -0.052839  -0.119771  0.992793  0.004184  0.052959  0.002180  0.998594  0.001463  -0.000538  -0.005337  -0.058498  -0.058223  0.200414  2.000000  0.999785  0.013541  0.015722  -0.013520  0.999908  -0.001436  -0.015740  0.001224  0.999875  0.999988  0.004730  0.000927  -0.004730  0.999989  -0.000720  -0.000930  0.000715  0.999999  1.000000  0.000000  0.000000  0.000000  1.000000  0.000000  0.000000  0.000000  1.000000  0.999785  0.013541  0.015722  -0.013520  0.999908  -0.001436  -0.015740  0.001224  0.999875  0.000053  0.000000  
205.548911 0.010782  0.102572  -0.010278  0.991363  0.120029  -0.052838  -0.119975  0.992768  0.004195  0.052959  0.002180  0.998594  0.001788  -0.000255  -0.005184  -0.050363  -0.053707  0.200433  2.000000  0.999782  0.013588  0.015843  -0.013567  0.999907  -0.001451  -0.015861  0.001236  0.999873  0.999986  0.005141  0.000792  -0.005141  0.999987  -0.000455  -0.000795  0.000451  1.000000  1.000000  0.000024  0.000061  -0.000024  1.000000  -0.000006  -0.000061  0.000006  1.000000  0.999782  0.013588  0.015843  -0.013567  0.999907  -0.001451  -0.015861  0.001236  0.999873  0.000054  0.005221  
205.550163 0.010788  0.102575  -0.010283  0.991314  0.120437  -0.052836  -0.120383  0.992719  0.004217  0.052959  0.002180  0.998594  0.002189  0.000143  -0.004972  -0.045183  -0.048776  0.212493  2.000000  0.999777  0.013689  0.016084  -0.013667  0.999906  -0.001474  -0.016103  0.001254  0.999870  0.999985  0.005346  0.000658  -0.005346  0.999986  -0.000323  -0.000660  0.000319  1.000000  1.000000  0.000026  0.000062  -0.000026  1.000000  -0.000004  -0.000062  0.000004  1.000000  0.999777  0.013689  0.016084  -0.013667  0.999906  -0.001474  -0.016103  0.001254  0.999870  0.000056  0.005396  
