1-Time 2-Px 3-Py 4-Pz 5-R11 6-R21 7-R31 8-R12 9-R22 10-R32 11-R13 12-R23 13-R33 14-Vx 15-Vy 16-Vz 17-Wx 18-Wy 19-Wz 20-state 21-PR11 22-PR21 23-PR31 24-PR12 25-PR22 26-PR32 27-PR13 28-PR23 29-PR33 
58.068546 0.006213  0.094776  -0.002798  0.997089  0.033022  -0.068731  -0.031622  0.999272  0.021353  0.069386  -0.019118  0.997407  -0.000456  -0.000214  0.000423  0.000000  0.000000  0.000000  2.000000  1.000000  0.000000  0.000000  -0.000000  1.000000  0.000000  0.000000  -0.000000  1.000000  1.000000  0.000205  0.000004  -0.000205  1.000000  0.000136  -0.000004  -0.000136  1.000000  1.000000  0.000000  0.000000  0.000000  1.000000  0.000000  0.000000  0.000000  1.000000  0.616388  0.537469  0.575494  -0.646058  0.763010  -0.020629  -0.450195  -0.359087  0.817546  0.000000  0.000000  
58.069553 0.006213  0.094776  -0.002798  0.997089  0.033022  -0.068731  -0.031622  0.999272  0.021353  0.069386  -0.019118  0.997407  -0.000455  -0.000214  0.000423  0.000000  0.000000  0.000000  2.000000  1.000000  0.000000  0.000000  0.000000  1.000000  0.000000  0.000000  0.000000  1.000000  1.000000  0.000205  0.000004  -0.000205  1.000000  0.000136  -0.000004  -0.000136  1.000000  1.000000  0.000000  0.000000  0.000000  1.000000  0.000000  0.000000  0.000000  1.000000  1.000000  0.000000  0.000000  0.000000  1.000000  0.000000  0.000000  0.000000  1.000000  0.000000  0.000000  
58.070801 0.006213  0.094775  -0.002798  0.997073  0.033230  -0.068860  -0.031827  0.999265  0.021372  0.069519  -0.019117  0.997397  -0.000425  -0.000265  0.000410  0.000000  0.000000  0.000000  2.000000  1.000000  0.000000  0.000000  0.000000  1.000000  0.000000  0.000000  0.000000  1.000000  1.000000  0.000413  -0.000126  -0.000413  1.000000  0.000150  0.000126  -0.000150  1.000000  1.000000  0.000000  0.000000  0.000000  1.000000  0.000000  0.000000  0.000000  1.000000  1.000000  0.000000  0.000000  0.000000  1.000000  0.000000  0.000000  0.000000  1.000000  0.000000  0.000000  
58.071801 0.006213  0.094774  -0.002799  0.997054  0.033244  -0.069122  -0.031827  0.999262  0.021501  0.069786  -0.019238  0.997376  -0.000377  -0.000299  0.000320  0.000000  0.000000  0.000000  2.000000  1.000000  0.000000  0.000000  0.000000  1.000000  0.000000  0.000000  0.000000  1.000000  1.000000  0.000416  -0.000260  -0.000416  1.000000  0.000271  0.000260  -0.000271  1.000000  1.000000  0.000000  0.000000  0.000000  1.000000  0.000000  0.000000  0.000000  1.000000  1.000000  0.000000  0.000000  0.000000  1.000000  0.000000  0.000000  0.000000  1.000000  0.000000  0.000000  
58.072803 0.006213  0.094772  -0.002799  0.997045  0.033255  -0.069252  -0.031827  0.999259  0.021627  0.069920  -0.019359  0.997365  -0.000347  -0.000429  0.000275  0.000000  0.000000  0.000000  2.000000  1.000000  0.000000  0.000000  0.000000  1.000000  0.000000  0.000000  0.000000  1.000000  1.000000  0.000421  -0.000527  -0.000421  1.000000  0.000271  0.000527  -0.000271  1.000000  1.000000  0.000000  0.000000  0.000000  1.000000  0.000000  0.000000  0.000000  1.000000  1.000000  0.000000  0.000000  0.000000  1.000000  0.000000  0.000000  0.000000  1.000000  0.000000  0.000000  
58.073806 0.006214  0.094770  -0.002800  0.997019  0.033466  -0.069514  -0.032031  0.999252  0.021650  0.070187  -0.019358  0.997346  -0.000230  -0.000508  0.000204  0.000000  0.000000  0.000000  2.000000  1.000000  0.000000  0.000000  0.000000  1.000000  0.000000  0.000000  0.000000  1.000000  1.000000  0.000424  -0.000661  -0.000423  1.000000  0.000271  0.000661  -0.000271  1.000000  1.000000  0.000000  0.000000  0.000000  1.000000  0.000000  0.000000  0.000000  1.000000  1.000000  0.000000  0.000000  0.000000  1.000000  0.000000  0.000000  0.000000  1.000000  0.000000  0.000000  
58.075051 0.006215  0.094768  -0.002800  0.997003  0.033682  -0.069639  -0.032236  0.999243  0.021789  0.070320  -0.019479  0.997334  -0.000096  -0.000635  0.000155  0.000000  0.000000  0.000000  2.000000  1.000000  0.000000  0.000000  0.000000  1.000000  0.000000  0.000000  0.000000  1.000000  0.999999  0.000429  -0.000928  -0.000429  1.000000  0.000393  0.000929  -0.000392  0.999999  1.000000  0.000000  0.000000  0.000000  1.000000  0.000000  0.000000  0.000000  1.000000  1.000000  0.000000  0.000000  0.000000  1.000000  0.000000  0.000000  0.000000  1.000000  0.000000  0.000000  
58.076052 0.006217  0.094767  -0.002801  0.996987  0.033899  -0.069764  -0.032441  0.999233  0.021929  0.070453  -0.019600  0.997322  0.000008  -0.000711  0.000118  0.000000  0.000000  0.000000  2.000000  1.000000  0.000000  0.000000  0.000000  1.000000  0.000000  0.000000  0.000000  1.000000  0.999999  0.000637  -0.001058  -0.000636  1.000000  0.000529  0.001058  -0.000528  0.999999  1.000000  0.000000  0.000000  0.000000  1.000000  0.000000  0.000000  0.000000  1.000000  1.000000  0.000000  0.000000  0.000000  1.000000  0.000000  0.000000  0.000000  1.000000  0.000000  0.000000  
58.077301 0.006218  0.094765  -0.002801  0.996962  0.034119  -0.070022  -0.032646  0.999223  0.022074  0.070720  -0.019721  0.997301  0.000186  -0.000813  0.000057  0.000000  0.000000  0.000000  2.000000  1.000000  0.000000  0.000000  0.000000  1.000000  0.000000  0.000000  0.000000  1.000000  0.999999  0.001053  -0.001317  -0.001052  0.999999  0.000679  0.001318  -0.000678  0.999999  1.000000  0.000000  0.000000  0.000000  1.000000  0.000000  0.000000  0.000000  1.000000  1.000000  0.000000  0.000000  0.000000  1.000000  0.000000  0.000000  0.000000  1.000000  0.000000  0.000000  
58.078304 0.006220  0.094763  -0.002801  0.996946  0.034327  -0.070151  -0.032851  0.999216  0.022092  0.070854  -0.019720  0.997292  0.000281  -0.000945  -0.000024  0.000000  0.000000  0.000000  2.000000  1.000000  0.000000  0.000000  0.000000  1.000000  0.000000  0.000000  0.000000  1.000000  0.999998  0.001261  -0.001447  -0.001260  0.999999  0.000694  0.001448  -0.000692  0.999999  1.000000  0.000000  0.000000  0.000000  1.000000  0.000000  0.000000  0.000000  1.000000  1.000000  0.000000  0.000000  0.000000  1.000000  0.000000  0.000000  0.000000  1.000000  0.000000  0.000000  
58.079551 0.006221  0.094762  -0.002802  0.996913  0.034752  -0.070404  -0.033260  0.999199  0.022251  0.071121  -0.019841  0.997270  0.000404  -0.001004  -0.000139  0.000000  0.000000  0.000000  2.000000  1.000000  0.000000  0.000000  0.000000  1.000000  0.000000  0.000000  0.000000  1.000000  0.999997  0.001677  -0.001706  -0.001676  0.999998  0.000845  0.001708  -0.000842  0.999998  1.000000  0.000000  0.000000  0.000000  1.000000  0.000000  0.000000  0.000000  1.000000  1.000000  0.000000  0.000000  0.000000  1.000000  0.000000  0.000000  0.000000  1.000000  0.000000  0.000000  
58.080554 0.006222  0.094761  -0.002804  0.996887  0.034963  -0.070666  -0.033465  0.999192  0.022275  0.071388  -0.019841  0.997251  0.000518  -0.001041  -0.000264  0.000000  0.000000  0.000000  2.000000  1.000000  0.000000  0.000000  0.000000  1.000000  0.000000  0.000000  0.000000  1.000000  0.999996  0.001888  -0.001970  -0.001886  0.999998  0.000860  0.001971  -0.000856  0.999998  1.000000  0.000000  0.000000  0.000000  1.000000  0.000000  0.000000  0.000000  1.000000  1.000000  0.000000  0.000000  0.000000  1.000000  0.000000  0.000000  0.000000  1.000000  0.000000  0.000000  
58.081555 0.006222  0.094761  -0.002805  0.996851  0.035177  -0.071062  -0.033669  0.999184  0.022303  0.071788  -0.019840  0.997223  0.000580  -0.001079  -0.000388  0.000000  0.000000  0.000000  2.000000  1.000000  0.000000  0.000000  0.000000  1.000000  0.000000  0.000000  0.000000  1.000000  0.999996  0.001893  -0.002237  -0.001891  0.999998  0.000861  0.002239  -0.000856  0.999997  1.000000  0.000000  0.000000  0.000000  1.000000  0.000000  0.000000  0.000000  1.000000  1.000000  0.000000  0.000000  0.000000  1.000000  0.000000  0.000000  0.000000  1.000000  0.000000  0.000000  
58.082808 0.006224  0.094761  -0.002807  0.996825  0.035397  -0.071319  -0.033874  0.999174  0.022448  0.072055  -0.019961  0.997201  0.000722  -0.001042  -0.000546  0.000000  0.000000  0.000000  2.000000  1.000000  0.000000  0.000000  0.000000  1.000000  0.000000  0.000000  0.000000  1.000000  0.999994  0.002312  -0.002630  -0.002310  0.999997  0.001012  0.002632  -0.001006  0.999996  1.000000  0.000000  0.000000  0.000000  1.000000  0.000000  0.000000  0.000000  1.000000  1.000000  0.000000  0.000000  0.000000  1.000000  0.000000  0.000000  0.000000  1.000000  0.000000  0.000000  
58.084052 0.006225  0.094760  -0.002809  0.996789  0.035610  -0.071715  -0.034078  0.999166  0.022476  0.072455  -0.019960  0.997172  0.000849  -0.001069  -0.000727  0.000000  0.000000  0.000000  2.000000  1.000000  0.000000  0.000000  0.000000  1.000000  0.000000  0.000000  0.000000  1.000000  0.999992  0.002526  -0.003027  -0.002522  0.999996  0.001028  0.003030  -0.001020  0.999995  1.000000  0.000000  0.000000  0.000000  1.000000  0.000000  0.000000  0.000000  1.000000  1.000000  0.000000  0.000000  0.000000  1.000000  0.000000  0.000000  0.000000  1.000000  0.000000  0.000000  
58.085052 0.006227  0.094760  -0.002810  0.996763  0.035821  -0.071977  -0.034283  0.999159  0.022500  0.072722  -0.019960  0.997152  0.000984  -0.001053  -0.000840  0.000000  0.000000  0.000000  2.000000  1.000000  0.000000  0.000000  0.000000  1.000000  0.000000  0.000000  0.000000  1.000000  0.999991  0.002736  -0.003291  -0.002733  0.999996  0.001044  0.003293  -0.001035  0.999994  1.000000  0.000000  0.000000  0.000000  1.000000  0.000000  0.000000  0.000000  1.000000  1.000000  0.000000  0.000000  0.000000  1.000000  0.000000  0.000000  0.000000  1.000000  0.000000  0.000000  
58.086056 0.006229  0.094760  -0.002811  0.996736  0.036041  -0.072234  -0.034487  0.999149  0.022645  0.072989  -0.020080  0.997131  0.001088  -0.001021  -0.000879  0.000000  0.000000  0.000000  2.000000  1.000000  0.000000  0.000000  0.000000  1.000000  0.000000  0.000000  0.000000  1.000000  0.999989  0.002947  -0.003554  -0.002943  0.999995  0.001181  0.003557  -0.001170  0.999993  1.000000  0.000000  0.000000  0.000000  1.000000  0.000000  0.000000  0.000000  1.000000  1.000000  0.000000  0.000000  0.000000  1.000000  0.000000  0.000000  0.000000  1.000000  0.000000  0.000000  
58.087304 0.006231  0.094759  -0.002811  0.996700  0.036264  -0.072625  -0.034691  0.999138  0.022795  0.073389  -0.020201  0.997099  0.001192  -0.000939  -0.000849  0.000000  0.000000  0.000000  2.000000  1.000000  0.000000  0.000000  0.000000  1.000000  0.000000  0.000000  0.000000  1.000000  0.999988  0.003158  -0.003817  -0.003154  0.999994  0.001197  0.003821  -0.001185  0.999992  1.000000  0.000000  0.000000  0.000000  1.000000  0.000000  0.000000  0.000000  1.000000  1.000000  0.000000  0.000000  0.000000  1.000000  0.000000  0.000000  0.000000  1.000000  0.000000  0.000000  
58.088552 0.006233  0.094758  -0.002811  0.996673  0.036475  -0.072887  -0.034896  0.999130  0.022820  0.073656  -0.020200  0.997079  0.001257  -0.000847  -0.000720  0.000000  0.000000  0.000000  2.000000  1.000000  0.000000  0.000000  0.000000  1.000000  0.000000  0.000000  0.000000  1.000000  0.999985  0.003372  -0.004214  -0.003366  0.999993  0.001334  0.004218  -0.001320  0.999990  1.000000  0.000000  0.000000  0.000000  1.000000  0.000000  0.000000  0.000000  1.000000  1.000000  0.000000  0.000000  0.000000  1.000000  0.000000  0.000000  0.000000  1.000000  0.000000  0.000000  
58.089552 0.006234  0.094756  -0.002810  0.996636  0.036697  -0.073278  -0.035100  0.999120  0.022970  0.074057  -0.020321  0.997047  0.001295  -0.000842  -0.000688  0.000000  0.000000  0.000000  2.000000  1.000000  0.000000  0.000000  0.000000  1.000000  0.000000  0.000000  0.000000  1.000000  0.999984  0.003378  -0.004481  -0.003372  0.999993  0.001457  0.004486  -0.001441  0.999989  1.000000  0.000000  0.000000  0.000000  1.000000  0.000000  0.000000  0.000000  1.000000  1.000000  0.000000  0.000000  0.000000  1.000000  0.000000  0.000000  0.000000  1.000000  0.000000  0.000000  
58.090804 0.006235  0.094754  -0.002810  0.996606  0.036715  -0.073674  -0.035099  0.999117  0.023105  0.074457  -0.020441  0.997015  0.001254  -0.000910  -0.000620  0.053291  0.168480  0.120658  2.000000  1.000000  0.000000  0.000000  0.000000  1.000000  0.000000  0.000000  0.000000  1.000000  0.999982  0.003592  -0.004877  -0.003584  0.999992  0.001594  0.004883  -0.001577  0.999987  1.000000  0.000000  0.000000  0.000000  1.000000  0.000000  0.000000  0.000000  1.000000  1.000000  0.000000  0.000000  0.000000  1.000000  0.000000  0.000000  0.000000  1.000000  0.000000  0.000000  
58.092052 0.006236  0.094750  -0.002809  0.996569  0.036937  -0.074064  -0.035303  0.999106  0.023256  0.074857  -0.020561  0.996982  0.001210  -0.001008  -0.000523  0.057894  0.181836  0.127844  2.000000  1.000000  0.000304  0.000026  -0.000304  1.000000  0.000077  -0.000026  -0.000077  1.000000  0.999981  0.003595  -0.005011  -0.003587  0.999992  0.001596  0.005017  -0.001578  0.999986  1.000000  0.000077  0.000008  -0.000077  1.000000  0.000020  -0.000008  -0.000020  1.000000  1.000000  0.000304  0.000026  -0.000304  1.000000  0.000077  -0.000026  -0.000077  1.000000  0.000057  0.006368  
58.093302 0.006237  0.094746  -0.002808  0.996539  0.036955  -0.074460  -0.035302  0.999103  0.023391  0.075257  -0.020681  0.996950  0.001148  -0.001127  -0.000467  0.062011  0.195365  0.128156  2.000000  1.000000  0.000694  0.000060  -0.000694  1.000000  0.000177  -0.000060  -0.000177  1.000000  0.999980  0.003599  -0.005144  -0.003591  0.999992  0.001597  0.005150  -0.001579  0.999985  1.000000  0.000078  0.000007  -0.000078  1.000000  0.000020  -0.000007  -0.000020  1.000000  1.000000  0.000694  0.000060  -0.000694  1.000000  0.000177  -0.000060  -0.000177  1.000000  0.000060  0.006476  
58.094302 0.006238  0.094743  -0.002808  0.996519  0.036960  -0.074726  -0.035301  0.999103  0.023400  0.075524  -0.020681  0.996929  0.001151  -0.001285  -0.000376  0.061513  0.202662  0.127269  2.000000  0.999999  0.001007  0.000081  -0.001007  0.999999  0.000256  -0.000081  -0.000256  1.000000  0.999981  0.003393  -0.005148  -0.003385  0.999993  0.001583  0.005154  -0.001565  0.999985  1.000000  0.000077  0.000004  -0.000077  1.000000  0.000020  -0.000004  -0.000020  1.000000  0.999999  0.001007  0.000081  -0.001007  0.999999  0.000256  -0.000081  -0.000256  1.000000  0.000061  0.006364  
58.095552 0.006238  0.094740  -0.002807  0.996491  0.037181  -0.074984  -0.035506  0.999092  0.023547  0.075791  -0.020802  0.996907  0.001120  -0.001443  -0.000218  0.066623  0.213203  0.135424  2.000000  0.999999  0.001402  0.000104  -0.001402  0.999999  0.000351  -0.000104  -0.000352  1.000000  0.999980  0.003397  -0.005282  -0.003388  0.999993  0.001584  0.005287  -0.001566  0.999985  1.000000  0.000078  0.000004  -0.000078  1.000000  0.000020  -0.000004  -0.000020  1.000000  0.999999  0.001402  0.000104  -0.001402  0.999999  0.000351  -0.000104  -0.000352  1.000000  0.000064  0.006474  
58.096555 0.006239  0.094736  -0.002807  0.996481  0.037183  -0.075117  -0.035505  0.999092  0.023551  0.075925  -0.020801  0.996897  0.001109  -0.001683  -0.000123  0.066620  0.217660  0.135489  2.000000  0.999999  0.001713  0.000115  -0.001713  0.999998  0.000424  -0.000114  -0.000424  1.000000  0.999981  0.003191  -0.005286  -0.003184  0.999994  0.001448  0.005291  -0.001431  0.999985  1.000000  0.000077  0.000001  -0.000077  1.000000  0.000018  -0.000001  -0.000018  1.000000  0.999999  0.001713  0.000115  -0.001713  0.999998  0.000424  -0.000114  -0.000424  1.000000  0.000066  0.006340  
58.097577 0.006240  0.094734  -0.002807  0.996471  0.037195  -0.075246  -0.035505  0.999089  0.023677  0.076058  -0.020922  0.996884  0.001108  -0.001786  0.000031  0.070642  0.221951  0.135472  2.000000  0.999998  0.002016  0.000115  -0.002016  0.999998  0.000495  -0.000114  -0.000495  1.000000  0.999982  0.002987  -0.005290  -0.002979  0.999995  0.001432  0.005294  -0.001417  0.999985  1.000000  0.000076  -0.000001  -0.000076  1.000000  0.000018  0.000001  -0.000018  1.000000  0.999998  0.002016  0.000115  -0.002016  0.999998  0.000495  -0.000114  -0.000495  1.000000  0.000067  0.006240  
58.098803 0.006242  0.094732  -0.002805  0.996461  0.037198  -0.075379  -0.035505  0.999089  0.023682  0.076191  -0.020922  0.996874  0.001095  -0.001907  0.000236  0.070727  0.226687  0.135708  2.000000  0.999997  0.002316  0.000102  -0.002317  0.999997  0.000566  -0.000101  -0.000566  1.000000  0.999982  0.002781  -0.005294  -0.002774  0.999995  0.001417  0.005298  -0.001402  0.999985  1.000000  0.000075  -0.000003  -0.000075  1.000000  0.000018  0.000003  -0.000018  1.000000  0.999997  0.002316  0.000102  -0.002317  0.999997  0.000566  -0.000101  -0.000566  1.000000  0.000068  0.006144  
58.100054 0.006243  0.094731  -0.002803  0.996451  0.037201  -0.075512  -0.035504  0.999089  0.023687  0.076325  -0.020922  0.996863  0.001044  -0.001984  0.000506  0.070729  0.231162  0.135785  2.000000  0.999997  0.002606  0.000080  -0.002606  0.999996  0.000634  -0.000079  -0.000634  1.000000  0.999984  0.002368  -0.005169  -0.002361  0.999996  0.001265  0.005172  -0.001253  0.999986  1.000000  0.000071  -0.000007  -0.000071  1.000000  0.000016  0.000007  -0.000016  1.000000  0.999997  0.002606  0.000080  -0.002606  0.999996  0.000634  -0.000079  -0.000634  1.000000  0.000069  0.005824  
58.101305 0.006244  0.094730  -0.002800  0.996430  0.037216  -0.075774  -0.035504  0.999086  0.023817  0.076592  -0.021042  0.996840  0.000987  -0.002033  0.000739  0.070257  0.231279  0.128908  2.000000  0.999996  0.002956  0.000043  -0.002956  0.999995  0.000718  -0.000041  -0.000718  1.000000  0.999984  0.002163  -0.005173  -0.002156  0.999997  0.001371  0.005176  -0.001360  0.999986  1.000000  0.000070  -0.000009  -0.000070  1.000000  0.000017  0.000009  -0.000017  1.000000  0.999996  0.002956  0.000043  -0.002956  0.999995  0.000718  -0.000041  -0.000718  1.000000  0.000069  0.005771  
58.102556 0.006245  0.094729  -0.002797  0.996427  0.037013  -0.075913  -0.035298  0.999093  0.023807  0.076725  -0.021042  0.996830  0.000923  -0.002059  0.000962  0.065700  0.226923  0.121934  2.000000  0.999995  0.003024  0.000035  -0.003024  0.999995  0.000735  -0.000033  -0.000735  1.000000  0.999986  0.001747  -0.004915  -0.001740  0.999998  0.001340  0.004917  -0.001331  0.999987  1.000000  0.000000  0.000000  0.000000  1.000000  0.000000  0.000000  0.000000  1.000000  0.999995  0.003024  0.000035  -0.003024  0.999995  0.000735  -0.000033  -0.000735  1.000000  0.000067  0.000000  
58.103800 0.006245  0.094727  -0.002794  0.996417  0.037016  -0.076046  -0.035298  0.999093  0.023811  0.076858  -0.021042  0.996820  0.000806  -0.002055  0.001134  0.064690  0.220777  0.114018  2.000000  0.999995  0.003024  0.000035  -0.003024  0.999995  0.000735  -0.000033  -0.000735  1.000000  0.999989  0.001530  -0.004384  -0.001525  0.999998  0.001202  0.004386  -0.001196  0.999990  1.000000  0.000000  0.000000  0.000000  1.000000  0.000000  0.000000  0.000000  1.000000  0.999995  0.003024  0.000035  -0.003024  0.999995  0.000735  -0.000033  -0.000735  1.000000  0.000064  0.000000  
58.104805 0.006245  0.094725  -0.002791  0.996424  0.036810  -0.076051  -0.035093  0.999101  0.023796  0.076858  -0.021042  0.996820  0.000714  -0.002077  0.001289  0.060126  0.218342  0.101064  2.000000  0.999995  0.003024  0.000035  -0.003024  0.999995  0.000735  -0.000033  -0.000735  1.000000  0.999990  0.001322  -0.004255  -0.001317  0.999998  0.001187  0.004256  -0.001181  0.999990  1.000000  0.000000  0.000000  0.000000  1.000000  0.000000  0.000000  0.000000  1.000000  0.999995  0.003024  0.000035  -0.003024  0.999995  0.000735  -0.000033  -0.000735  1.000000  0.000063  0.000000  
58.106056 0.006244  0.094722  -0.002788  0.996424  0.036819  -0.076046  -0.035093  0.999098  0.023917  0.076858  -0.021163  0.996817  0.000586  -0.002037  0.001447  0.059633  0.209492  0.094013  2.000000  0.999995  0.003024  0.000035  -0.003024  0.999995  0.000735  -0.000033  -0.000735  1.000000  0.999992  0.000906  -0.003996  -0.000902  0.999999  0.001155  0.003997  -0.001152  0.999991  1.000000  0.000000  0.000000  0.000000  1.000000  0.000000  0.000000  0.000000  1.000000  0.999995  0.003024  0.000035  -0.003024  0.999995  0.000735  -0.000033  -0.000735  1.000000  0.000061  0.000000  
58.107303 0.006244  0.094719  -0.002785  0.996424  0.036819  -0.076046  -0.035093  0.999098  0.023917  0.076858  -0.021163  0.996817  0.000479  -0.002024  0.001584  0.054539  0.205266  0.080131  2.000000  0.999995  0.003024  0.000035  -0.003024  0.999995  0.000735  -0.000033  -0.000735  1.000000  0.999993  0.000487  -0.003603  -0.000483  0.999999  0.001123  0.003604  -0.001122  0.999993  1.000000  0.000000  0.000000  0.000000  1.000000  0.000000  0.000000  0.000000  1.000000  0.999995  0.003024  0.000035  -0.003024  0.999995  0.000735  -0.000033  -0.000735  1.000000  0.000057  0.000000  
58.108303 0.006243  0.094716  -0.002782  0.996431  0.036613  -0.076051  -0.034887  0.999105  0.023901  0.076858  -0.021163  0.996817  0.000412  -0.002006  0.001751  0.053588  0.199257  0.072537  2.000000  0.999995  0.003024  0.000035  -0.003024  0.999995  0.000735  -0.000033  -0.000735  1.000000  0.999994  0.000279  -0.003474  -0.000276  0.999999  0.000986  0.003474  -0.000985  0.999993  1.000000  0.000000  0.000000  0.000000  1.000000  0.000000  0.000000  0.000000  1.000000  0.999995  0.003024  0.000035  -0.003024  0.999995  0.000735  -0.000033  -0.000735  1.000000  0.000055  0.000000  
58.109552 0.006243  0.094714  -0.002778  0.996431  0.036613  -0.076051  -0.034887  0.999105  0.023901  0.076858  -0.021163  0.996817  0.000372  -0.001892  0.001994  0.048958  0.187751  0.059091  2.000000  0.999995  0.003024  0.000035  -0.003024  0.999995  0.000735  -0.000033  -0.000735  1.000000  0.999995  0.000065  -0.003077  -0.000063  1.000000  0.000849  0.003077  -0.000849  0.999995  1.000000  0.000000  0.000000  0.000000  1.000000  0.000000  0.000000  0.000000  1.000000  0.999995  0.003024  0.000035  -0.003024  0.999995  0.000735  -0.000033  -0.000735  1.000000  0.000052  0.000000  
58.110593 0.006243  0.094711  -0.002776  0.996431  0.036623  -0.076047  -0.034887  0.999102  0.024022  0.076858  -0.021284  0.996815  0.000293  -0.001854  0.002168  0.052451  0.178627  0.051937  2.000000  0.999995  0.003024  0.000035  -0.003024  0.999995  0.000735  -0.000033  -0.000735  1.000000  0.999996  -0.000145  -0.002814  0.000148  1.000000  0.000955  0.002813  -0.000955  0.999996  1.000000  0.000000  0.000000  0.000000  1.000000  0.000000  0.000000  0.000000  1.000000  0.999995  0.003024  0.000035  -0.003024  0.999995  0.000735  -0.000033  -0.000735  1.000000  0.000049  0.000000  
58.111879 0.006243  0.094709  -0.002772  0.996439  0.036417  -0.076052  -0.034682  0.999110  0.024007  0.076858  -0.021284  0.996815  0.000247  -0.001780  0.002341  0.000000  0.000000  0.000000  2.000000  0.999995  0.003024  0.000035  -0.003024  0.999995  0.000735  -0.000033  -0.000735  1.000000  0.999997  -0.000359  -0.002417  0.000361  1.000000  0.000817  0.002416  -0.000818  0.999997  1.000000  0.000000  0.000000  0.000000  1.000000  0.000000  0.000000  0.000000  1.000000  0.999995  0.003024  0.000035  -0.003024  0.999995  0.000735  -0.000033  -0.000735  1.000000  0.000045  0.000000  
58.113049 0.006244  0.094706  -0.002770  0.996428  0.036420  -0.076185  -0.034682  0.999110  0.024011  0.076992  -0.021283  0.996805  0.000191  -0.001826  0.002416  0.000000  0.000000  0.000000  2.000000  0.999995  0.003024  0.000035  -0.003024  0.999995  0.000735  -0.000033  -0.000735  1.000000  0.999997  -0.000567  -0.002287  0.000569  1.000000  0.000680  0.002287  -0.000682  0.999997  1.000000  0.000000  0.000000  0.000000  1.000000  0.000000  0.000000  0.000000  1.000000  0.999995  0.003024  0.000035  -0.003024  0.999995  0.000735  -0.000033  -0.000735  1.000000  0.000000  0.000000  
58.114057 0.006244  0.094704  -0.002768  0.996439  0.036426  -0.076047  -0.034682  0.999107  0.024128  0.076858  -0.021404  0.996812  0.000128  -0.001851  0.002488  0.000000  0.000000  0.000000  2.000000  0.999995  0.003024  0.000035  -0.003024  0.999995  0.000735  -0.000033  -0.000735  1.000000  0.999998  -0.000576  -0.001886  0.000577  1.000000  0.000802  0.001885  -0.000803  0.999998  1.000000  0.000000  0.000000  0.000000  1.000000  0.000000  0.000000  0.000000  1.000000  0.999995  0.003024  0.000035  -0.003024  0.999995  0.000735  -0.000033  -0.000735  1.000000  0.000000  0.000000  
58.115059 0.006245  0.094702  -0.002766  0.996439  0.036426  -0.076047  -0.034682  0.999107  0.024128  0.076858  -0.021404  0.996812  0.000111  -0.001884  0.002434  0.000000  0.000000  0.000000  2.000000  0.999995  0.003024  0.000035  -0.003024  0.999995  0.000735  -0.000033  -0.000735  1.000000  0.999999  -0.000584  -0.001485  0.000585  1.000000  0.000680  0.001484  -0.000681  0.999999  1.000000  0.000000  0.000000  0.000000  1.000000  0.000000  0.000000  0.000000  1.000000  0.999995  0.003024  0.000035  -0.003024  0.999995  0.000735  -0.000033  -0.000735  1.000000  0.000000  0.000000  
58.116306 0.006245  0.094700  -0.002764  0.996439  0.036426  -0.076047  -0.034682  0.999107  0.024128  0.076858  -0.021404  0.996812  0.000050  -0.002020  0.002359  0.000000  0.000000  0.000000  2.000000  0.999995  0.003024  0.000035  -0.003024  0.999995  0.000735  -0.000033  -0.000735  1.000000  0.999999  -0.000795  -0.001222  0.000796  1.000000  0.000543  0.001221  -0.000544  0.999999  1.000000  0.000000  0.000000  0.000000  1.000000  0.000000  0.000000  0.000000  1.000000  0.999995  0.003024  0.000035  -0.003024  0.999995  0.000735  -0.000033  -0.000735  1.000000  0.000000  0.000000  
58.117556 0.006246  0.094697  -0.002763  0.996456  0.036218  -0.075919  -0.034478  0.999115  0.024108  0.076725  -0.021405  0.996823  0.000090  -0.002110  0.002225  0.000000  0.000000  0.000000  2.000000  0.999995  0.003024  0.000035  -0.003024  0.999995  0.000735  -0.000033  -0.000735  1.000000  0.999999  -0.001006  -0.000958  0.001007  0.999999  0.000528  0.000958  -0.000528  0.999999  1.000000  0.000000  0.000000  0.000000  1.000000  0.000000  0.000000  0.000000  1.000000  0.999995  0.003024  0.000035  -0.003024  0.999995  0.000735  -0.000033  -0.000735  1.000000  0.000000  0.000000  
58.118806 0.006247  0.094694  -0.002763  0.996456  0.036218  -0.075919  -0.034478  0.999115  0.024108  0.076725  -0.021405  0.996823  0.000128  -0.002156  0.002036  0.000000  0.000000  0.000000  2.000000  0.999995  0.003024  0.000035  -0.003024  0.999995  0.000735  -0.000033  -0.000735  1.000000  0.999999  -0.001012  -0.000691  0.001012  0.999999  0.000406  0.000690  -0.000407  1.000000  1.000000  0.000000  0.000000  0.000000  1.000000  0.000000  0.000000  0.000000  1.000000  0.999995  0.003024  0.000035  -0.003024  0.999995  0.000735  -0.000033  -0.000735  1.000000  0.000000  0.000000  
58.120051 0.006247  0.094692  -0.002763  0.996456  0.036218  -0.075919  -0.034478  0.999115  0.024108  0.076725  -0.021405  0.996823  0.000148  -0.002157  0.001828  0.000000  0.000000  0.000000  2.000000  0.999995  0.003024  0.000035  -0.003024  0.999995  0.000735  -0.000033  -0.000735  1.000000  0.999999  -0.001015  -0.000557  0.001015  0.999999  0.000406  0.000557  -0.000407  1.000000  1.000000  0.000000  0.000000  0.000000  1.000000  0.000000  0.000000  0.000000  1.000000  0.999995  0.003024  0.000035  -0.003024  0.999995  0.000735  -0.000033  -0.000735  1.000000  0.000000  0.000000  
58.121055 0.006247  0.094690  -0.002762  0.996456  0.036218  -0.075919  -0.034478  0.999115  0.024108  0.076725  -0.021405  0.996823  0.000194  -0.002155  0.001708  0.000000  0.000000  0.000000  2.000000  0.999995  0.003024  0.000035  -0.003024  0.999995  0.000735  -0.000033  -0.000735  1.000000  0.999999  -0.001017  -0.000423  0.001018  0.999999  0.000406  0.000423  -0.000407  1.000000  1.000000  0.000000  0.000000  0.000000  1.000000  0.000000  0.000000  0.000000  1.000000  0.999995  0.003024  0.000035  -0.003024  0.999995  0.000735  -0.000033  -0.000735  1.000000  0.000000  0.000000  
58.122300 0.006248  0.094688  -0.002762  0.996456  0.036218  -0.075919  -0.034478  0.999115  0.024108  0.076725  -0.021405  0.996823  0.000296  -0.002047  0.001554  0.000000  0.000000  0.000000  2.000000  0.999995  0.003024  0.000035  -0.003024  0.999995  0.000735  -0.000033  -0.000735  1.000000  0.999999  -0.001023  -0.000156  0.001023  0.999999  0.000285  0.000155  -0.000285  1.000000  1.000000  0.000000  0.000000  0.000000  1.000000  0.000000  0.000000  0.000000  1.000000  0.999995  0.003024  0.000035  -0.003024  0.999995  0.000735  -0.000033  -0.000735  1.000000  0.000000  0.000000  
58.123303 0.006249  0.094687  -0.002761  0.996456  0.036218  -0.075919  -0.034478  0.999115  0.024108  0.076725  -0.021405  0.996823  0.000365  -0.001977  0.001391  0.000000  0.000000  0.000000  2.000000  0.999995  0.003024  0.000035  -0.003024  0.999995  0.000735  -0.000033  -0.000735  1.000000  1.000000  -0.000821  -0.000018  0.000821  1.000000  0.000301  0.000017  -0.000301  1.000000  1.000000  0.000000  0.000000  0.000000  1.000000  0.000000  0.000000  0.000000  1.000000  0.999995  0.003024  0.000035  -0.003024  0.999995  0.000735  -0.000033  -0.000735  1.000000  0.000000  0.000000  
58.124551 0.006249  0.094685  -0.002761  0.996456  0.036218  -0.075919  -0.034478  0.999115  0.024108  0.076725  -0.021405  0.996823  0.000423  -0.001919  0.001149  0.000000  0.000000  0.000000  2.000000  0.999995  0.003024  0.000035  -0.003024  0.999995  0.000735  -0.000033  -0.000735  1.000000  1.000000  -0.000821  -0.000018  0.000821  1.000000  0.000301  0.000017  -0.000301  1.000000  1.000000  0.000000  0.000000  0.000000  1.000000  0.000000  0.000000  0.000000  1.000000  0.999995  0.003024  0.000035  -0.003024  0.999995  0.000735  -0.000033  -0.000735  1.000000  0.000000  0.000000  
58.125553 0.006250  0.094684  -0.002761  0.996456  0.036218  -0.075919  -0.034478  0.999115  0.024108  0.076725  -0.021405  0.996823  0.000445  -0.001846  0.000978  0.000000  0.000000  0.000000  2.000000  0.999995  0.003024  0.000035  -0.003024  0.999995  0.000735  -0.000033  -0.000735  1.000000  1.000000  -0.000824  0.000116  0.000824  1.000000  0.000301  -0.000116  -0.000301  1.000000  1.000000  0.000000  0.000000  0.000000  1.000000  0.000000  0.000000  0.000000  1.000000  0.999995  0.003024  0.000035  -0.003024  0.999995  0.000735  -0.000033  -0.000735  1.000000  0.000000  0.000000  
58.126803 0.006251  0.094683  -0.002761  0.996456  0.036218  -0.075919  -0.034478  0.999115  0.024108  0.076725  -0.021405  0.996823  0.000536  -0.001754  0.000727  0.000000  0.000000  0.000000  2.000000  0.999995  0.003024  0.000035  -0.003024  0.999995  0.000735  -0.000033  -0.000735  1.000000  1.000000  -0.000619  0.000121  0.000618  1.000000  0.000195  -0.000121  -0.000195  1.000000  1.000000  0.000000  0.000000  0.000000  1.000000  0.000000  0.000000  0.000000  1.000000  0.999995  0.003024  0.000035  -0.003024  0.999995  0.000735  -0.000033  -0.000735  1.000000  0.000000  0.000000  
58.128050 0.006253  0.094681  -0.002763  0.996456  0.036218  -0.075919  -0.034478  0.999115  0.024108  0.076725  -0.021405  0.996823  0.000602  -0.001663  0.000404  0.000000  0.000000  0.000000  2.000000  0.999995  0.003024  0.000035  -0.003024  0.999995  0.000735  -0.000033  -0.000735  1.000000  1.000000  -0.000619  0.000121  0.000618  1.000000  0.000195  -0.000121  -0.000195  1.000000  1.000000  0.000000  0.000000  0.000000  1.000000  0.000000  0.000000  0.000000  1.000000  0.999995  0.003024  0.000035  -0.003024  0.999995  0.000735  -0.000033  -0.000735  1.000000  0.000000  0.000000  
58.129303 0.006253  0.094679  -0.002764  0.996446  0.036220  -0.076052  -0.034477  0.999115  0.024112  0.076858  -0.021404  0.996812  0.000591  -0.001608  0.000213  0.000000  0.000000  0.000000  2.000000  0.999995  0.003024  0.000035  -0.003024  0.999995  0.000735  -0.000033  -0.000735  1.000000  1.000000  -0.000410  -0.000009  0.000410  1.000000  0.000211  0.000009  -0.000211  1.000000  1.000000  0.000000  0.000000  0.000000  1.000000  0.000000  0.000000  0.000000  1.000000  0.999995  0.003024  0.000035  -0.003024  0.999995  0.000735  -0.000033  -0.000735  1.000000  0.000000  0.000000  
58.130304 0.006254  0.094679  -0.002766  0.996446  0.036220  -0.076052  -0.034477  0.999115  0.024112  0.076858  -0.021404  0.996812  0.000629  -0.001540  -0.000005  0.000000  0.000000  0.000000  2.000000  0.999995  0.003024  0.000035  -0.003024  0.999995  0.000735  -0.000033  -0.000735  1.000000  1.000000  -0.000410  -0.000009  0.000410  1.000000  0.000211  0.000009  -0.000211  1.000000  1.000000  0.000000  0.000000  0.000000  1.000000  0.000000  0.000000  0.000000  1.000000  0.999995  0.003024  0.000035  -0.003024  0.999995  0.000735  -0.000033  -0.000735  1.000000  0.000000  0.000000  
58.131305 0.006255  0.094678  -0.002767  0.996439  0.036417  -0.076052  -0.034682  0.999110  0.024007  0.076858  -0.021284  0.996815  0.000645  -0.001455  -0.000168  0.000000  0.000000  0.000000  2.000000  0.999995  0.003024  0.000035  -0.003024  0.999995  0.000735  -0.000033  -0.000735  1.000000  1.000000  -0.000205  -0.000004  0.000205  1.000000  -0.000016  0.000004  0.000016  1.000000  1.000000  0.000000  0.000000  0.000000  1.000000  0.000000  0.000000  0.000000  1.000000  0.999995  0.003024  0.000035  -0.003024  0.999995  0.000735  -0.000033  -0.000735  1.000000  0.000000  0.000000  
58.132556 0.006256  0.094676  -0.002768  0.996428  0.036420  -0.076185  -0.034682  0.999110  0.024011  0.076992  -0.021283  0.996805  0.000666  -0.001376  -0.000341  0.000000  0.000000  0.000000  2.000000  0.999995  0.003024  0.000035  -0.003024  0.999995  0.000735  -0.000033  -0.000735  1.000000  1.000000  0.000003  -0.000134  -0.000003  1.000000  0.000000  0.000134  0.000000  1.000000  1.000000  0.000000  0.000000  0.000000  1.000000  0.000000  0.000000  0.000000  1.000000  0.999995  0.003024  0.000035  -0.003024  0.999995  0.000735  -0.000033  -0.000735  1.000000  0.000000  0.000000  
58.133803 0.006257  0.094675  -0.002770  0.996428  0.036420  -0.076185  -0.034682  0.999110  0.024011  0.076992  -0.021283  0.996805  0.000703  -0.001267  -0.000462  0.000000  0.000000  0.000000  2.000000  0.999995  0.003024  0.000035  -0.003024  0.999995  0.000735  -0.000033  -0.000735  1.000000  1.000000  -0.000000  0.000000  0.000000  1.000000  0.000000  -0.000000  0.000000  1.000000  1.000000  0.000000  0.000000  0.000000  1.000000  0.000000  0.000000  0.000000  1.000000  0.999995  0.003024  0.000035  -0.003024  0.999995  0.000735  -0.000033  -0.000735  1.000000  0.000000  0.000000  
58.135056 0.006259  0.094674  -0.002771  0.996428  0.036420  -0.076185  -0.034682  0.999110  0.024011  0.076992  -0.021283  0.996805  0.000766  -0.001180  -0.000625  0.000000  0.000000  0.000000  2.000000  0.999995  0.003024  0.000035  -0.003024  0.999995  0.000735  -0.000033  -0.000735  1.000000  1.000000  0.000003  -0.000134  -0.000003  1.000000  -0.000121  0.000134  0.000121  1.000000  1.000000  0.000000  0.000000  0.000000  1.000000  0.000000  0.000000  0.000000  1.000000  0.999995  0.003024  0.000035  -0.003024  0.999995  0.000735  -0.000033  -0.000735  1.000000  0.000000  0.000000  
58.136057 0.006259  0.094673  -0.002773  0.996428  0.036420  -0.076185  -0.034682  0.999110  0.024011  0.076992  -0.021283  0.996805  0.000820  -0.001115  -0.000726  0.000000  0.000000  0.000000  2.000000  0.999995  0.003024  0.000035  -0.003024  0.999995  0.000735  -0.000033  -0.000735  1.000000  1.000000  0.000003  -0.000134  -0.000003  1.000000  -0.000121  0.000134  0.000121  1.000000  1.000000  0.000000  0.000000  0.000000  1.000000  0.000000  0.000000  0.000000  1.000000  0.999995  0.003024  0.000035  -0.003024  0.999995  0.000735  -0.000033  -0.000735  1.000000  0.000000  0.000000  
58.137301 0.006260  0.094672  -0.002774  0.996418  0.036423  -0.076318  -0.034682  0.999110  0.024016  0.077125  -0.021283  0.996794  0.000836  -0.001055  -0.000859  0.000000  0.000000  0.000000  2.000000  0.999995  0.003024  0.000035  -0.003024  0.999995  0.000735  -0.000033  -0.000735  1.000000  1.000000  0.000211  -0.000263  -0.000211  1.000000  -0.000105  0.000263  0.000105  1.000000  1.000000  0.000000  0.000000  0.000000  1.000000  0.000000  0.000000  0.000000  1.000000  0.999995  0.003024  0.000035  -0.003024  0.999995  0.000735  -0.000033  -0.000735  1.000000  0.000000  0.000000  
58.138302 0.006261  0.094671  -0.002776  0.996411  0.036628  -0.076313  -0.034887  0.999102  0.024032  0.077125  -0.021283  0.996794  0.000838  -0.001057  -0.001007  0.000000  0.000000  0.000000  2.000000  0.999995  0.003024  0.000035  -0.003024  0.999995  0.000735  -0.000033  -0.000735  1.000000  1.000000  0.000214  -0.000397  -0.000214  1.000000  -0.000105  0.000397  0.000106  1.000000  1.000000  0.000000  0.000000  0.000000  1.000000  0.000000  0.000000  0.000000  1.000000  0.999995  0.003024  0.000035  -0.003024  0.999995  0.000735  -0.000033  -0.000735  1.000000  0.000000  0.000000  
58.139552 0.006262  0.094670  -0.002778  0.996411  0.036628  -0.076313  -0.034887  0.999102  0.024032  0.077125  -0.021283  0.996794  0.000829  -0.001020  -0.001189  0.000000  0.000000  0.000000  2.000000  0.999995  0.003024  0.000035  -0.003024  0.999995  0.000735  -0.000033  -0.000735  1.000000  1.000000  0.000419  -0.000393  -0.000419  1.000000  -0.000090  0.000392  0.000090  1.000000  1.000000  0.000000  0.000000  0.000000  1.000000  0.000000  0.000000  0.000000  1.000000  0.999995  0.003024  0.000035  -0.003024  0.999995  0.000735  -0.000033  -0.000735  1.000000  0.000000  0.000000  
58.140553 0.006262  0.094669  -0.002780  0.996401  0.036640  -0.076442  -0.034886  0.999099  0.024158  0.077259  -0.021404  0.996781  0.000834  -0.000987  -0.001245  0.000000  0.000000  0.000000  2.000000  0.999995  0.003024  0.000035  -0.003024  0.999995  0.000735  -0.000033  -0.000735  1.000000  1.000000  0.000422  -0.000526  -0.000422  1.000000  -0.000089  0.000526  0.000090  1.000000  1.000000  0.000000  0.000000  0.000000  1.000000  0.000000  0.000000  0.000000  1.000000  0.999995  0.003024  0.000035  -0.003024  0.999995  0.000735  -0.000033  -0.000735  1.000000  0.000000  0.000000  
58.141802 0.006263  0.094668  -0.002782  0.996401  0.036640  -0.076442  -0.034886  0.999099  0.024158  0.077259  -0.021404  0.996781  0.000763  -0.000977  -0.001351  0.000000  0.000000  0.000000  2.000000  0.999995  0.003024  0.000035  -0.003024  0.999995  0.000735  -0.000033  -0.000735  1.000000  1.000000  0.000422  -0.000526  -0.000422  1.000000  0.000032  0.000526  -0.000032  1.000000  1.000000  0.000000  0.000000  0.000000  1.000000  0.000000  0.000000  0.000000  1.000000  0.999995  0.003024  0.000035  -0.003024  0.999995  0.000735  -0.000033  -0.000735  1.000000  0.000000  0.000000  
58.143053 0.006263  0.094668  -0.002783  0.996401  0.036640  -0.076442  -0.034886  0.999099  0.024158  0.077259  -0.021404  0.996781  0.000715  -0.000892  -0.001349  0.000000  0.000000  0.000000  2.000000  0.999995  0.003024  0.000035  -0.003024  0.999995  0.000735  -0.000033  -0.000735  1.000000  1.000000  0.000422  -0.000526  -0.000422  1.000000  0.000032  0.000526  -0.000032  1.000000  1.000000  0.000000  0.000000  0.000000  1.000000  0.000000  0.000000  0.000000  1.000000  0.999995  0.003024  0.000035  -0.003024  0.999995  0.000735  -0.000033  -0.000735  1.000000  0.000000  0.000000  
