1-Time 2-Px 3-Py 4-Pz 5-R11 6-R21 7-R31 8-R12 9-R22 10-R32 11-R13 12-R23 13-R33 14-Vx 15-Vy 16-Vz 17-Wx 18-Wy 19-Wz 20-state 21-PR11 22-PR21 23-PR31 24-PR12 25-PR22 26-PR32 27-PR13 28-PR23 29-PR33 
183.897870 0.009965  0.101086  -0.013002  0.995623  0.080876  -0.046841  -0.079285  0.996242  0.034875  0.049485  -0.031009  0.998293  -0.000043  0.000007  0.000145  0.000000  0.000000  0.000000  2.000000  1.000000  0.000000  0.000000  -0.000000  1.000000  0.000000  0.000000  -0.000000  1.000000  1.000000  0.000004  -0.000134  -0.000004  1.000000  0.000000  0.000134  0.000000  1.000000  1.000000  0.000000  0.000000  0.000000  1.000000  0.000000  0.000000  0.000000  1.000000  0.757757  0.296084  0.581497  -0.340857  0.939493  -0.034191  -0.556435  -0.172299  0.812830  0.000000  0.000000  
183.898878 0.009965  0.101086  -0.013002  0.995623  0.080876  -0.046841  -0.079285  0.996242  0.034875  0.049485  -0.031009  0.998293  -0.000032  0.000005  0.000109  0.000000  0.000000  0.000000  2.000000  1.000000  0.000000  0.000000  0.000000  1.000000  0.000000  0.000000  0.000000  1.000000  1.000000  0.000004  -0.000134  -0.000004  1.000000  0.000000  0.000134  0.000000  1.000000  1.000000  0.000000  0.000000  0.000000  1.000000  0.000000  0.000000  0.000000  1.000000  1.000000  0.000000  0.000000  0.000000  1.000000  0.000000  0.000000  0.000000  1.000000  0.000000  0.000000  
183.900124 0.009966  0.101086  -0.013007  0.995567  0.081495  -0.046952  -0.079900  0.996191  0.034915  0.049619  -0.031009  0.998287  0.000056  0.000012  -0.000230  0.000000  0.000000  0.000000  2.000000  1.000000  0.000000  0.000000  0.000000  1.000000  0.000000  0.000000  0.000000  1.000000  1.000000  0.000419  -0.000255  -0.000419  1.000000  0.000020  0.000255  -0.000020  1.000000  1.000000  0.000000  0.000000  0.000000  1.000000  0.000000  0.000000  0.000000  1.000000  1.000000  0.000000  0.000000  0.000000  1.000000  0.000000  0.000000  0.000000  1.000000  0.000000  0.000000  
183.901126 0.009969  0.101086  -0.013012  0.995528  0.081915  -0.047061  -0.080309  0.996153  0.035066  0.049753  -0.031130  0.998276  0.000195  0.000024  -0.000578  0.000000  0.000000  0.000000  2.000000  1.000000  0.000000  0.000000  0.000000  1.000000  0.000000  0.000000  0.000000  1.000000  1.000000  0.000830  -0.000242  -0.000830  1.000000  0.000162  0.000242  -0.000162  1.000000  1.000000  0.000000  0.000000  0.000000  1.000000  0.000000  0.000000  0.000000  1.000000  1.000000  0.000000  0.000000  0.000000  1.000000  0.000000  0.000000  0.000000  1.000000  0.000000  0.000000  
183.902376 0.009971  0.101085  -0.013019  0.995488  0.082335  -0.047170  -0.080718  0.996115  0.035217  0.049886  -0.031251  0.998266  0.000338  0.000001  -0.001058  0.000000  0.000000  0.000000  2.000000  1.000000  0.000000  0.000000  0.000000  1.000000  0.000000  0.000000  0.000000  1.000000  0.999999  0.001246  -0.000363  -0.001246  0.999999  0.000304  0.000363  -0.000304  1.000000  1.000000  0.000000  0.000000  0.000000  1.000000  0.000000  0.000000  0.000000  1.000000  1.000000  0.000000  0.000000  0.000000  1.000000  0.000000  0.000000  0.000000  1.000000  0.000000  0.000000  
183.903626 0.009974  0.101086  -0.013026  0.995464  0.082550  -0.047286  -0.080923  0.996093  0.035358  0.050020  -0.031371  0.998255  0.000574  0.000009  -0.001573  0.000000  0.000000  0.000000  2.000000  1.000000  0.000000  0.000000  0.000000  1.000000  0.000000  0.000000  0.000000  1.000000  0.999999  0.001661  -0.000483  -0.001661  0.999999  0.000446  0.000484  -0.000445  1.000000  1.000000  0.000000  0.000000  0.000000  1.000000  0.000000  0.000000  0.000000  1.000000  1.000000  0.000000  0.000000  0.000000  1.000000  0.000000  0.000000  0.000000  1.000000  0.000000  0.000000  
183.904633 0.009978  0.101086  -0.013032  0.995424  0.082970  -0.047394  -0.081332  0.996054  0.035509  0.050153  -0.031492  0.998245  0.000864  0.000061  -0.001974  0.000000  0.000000  0.000000  2.000000  1.000000  0.000000  0.000000  0.000000  1.000000  0.000000  0.000000  0.000000  1.000000  0.999998  0.001871  -0.000610  -0.001870  0.999998  0.000457  0.000611  -0.000455  1.000000  1.000000  0.000000  0.000000  0.000000  1.000000  0.000000  0.000000  0.000000  1.000000  1.000000  0.000000  0.000000  0.000000  1.000000  0.000000  0.000000  0.000000  1.000000  0.000000  0.000000  
183.905877 0.009983  0.101088  -0.013039  0.995361  0.083594  -0.047639  -0.081946  0.996002  0.035561  0.050421  -0.031492  0.998231  0.001198  0.000159  -0.002450  0.000000  0.000000  0.000000  2.000000  1.000000  0.000000  0.000000  0.000000  1.000000  0.000000  0.000000  0.000000  1.000000  0.999997  0.002496  -0.000858  -0.002495  0.999997  0.000609  0.000860  -0.000607  0.999999  1.000000  0.000000  0.000000  0.000000  1.000000  0.000000  0.000000  0.000000  1.000000  1.000000  0.000000  0.000000  0.000000  1.000000  0.000000  0.000000  0.000000  1.000000  0.000000  0.000000  
183.906880 0.009987  0.101089  -0.013045  0.995303  0.084213  -0.047750  -0.082560  0.995950  0.035601  0.050554  -0.031492  0.998225  0.001469  0.000255  -0.002881  0.000000  0.000000  0.000000  2.000000  1.000000  0.000000  0.000000  0.000000  1.000000  0.000000  0.000000  0.000000  1.000000  0.999995  0.003121  -0.001106  -0.003120  0.999995  0.000641  0.001108  -0.000638  0.999999  1.000000  0.000000  0.000000  0.000000  1.000000  0.000000  0.000000  0.000000  1.000000  1.000000  0.000000  0.000000  0.000000  1.000000  0.000000  0.000000  0.000000  1.000000  0.000000  0.000000  
183.908130 0.009991  0.101089  -0.013054  0.995238  0.084843  -0.047984  -0.083174  0.995893  0.035774  0.050822  -0.031612  0.998207  0.001707  0.000230  -0.003517  0.000000  0.000000  0.000000  2.000000  1.000000  0.000000  0.000000  0.000000  1.000000  0.000000  0.000000  0.000000  1.000000  0.999991  0.003947  -0.001213  -0.003946  0.999992  0.000805  0.001216  -0.000800  0.999999  1.000000  0.000000  0.000000  0.000000  1.000000  0.000000  0.000000  0.000000  1.000000  1.000000  0.000000  0.000000  0.000000  1.000000  0.000000  0.000000  0.000000  1.000000  0.000000  0.000000  
183.909376 0.009995  0.101090  -0.013064  0.995163  0.085667  -0.048087  -0.083993  0.995822  0.035824  0.050955  -0.031612  0.998201  0.002015  0.000284  -0.004192  0.000000  0.000000  0.000000  2.000000  1.000000  0.000000  0.000000  0.000000  1.000000  0.000000  0.000000  0.000000  1.000000  0.999988  0.004572  -0.001461  -0.004571  0.999989  0.000837  0.001465  -0.000830  0.999999  1.000000  0.000000  0.000000  0.000000  1.000000  0.000000  0.000000  0.000000  1.000000  1.000000  0.000000  0.000000  0.000000  1.000000  0.000000  0.000000  0.000000  1.000000  0.000000  0.000000  
183.910377 0.009999  0.101092  -0.013073  0.995114  0.086085  -0.048339  -0.084401  0.995786  0.035867  0.051222  -0.031612  0.998187  0.002310  0.000418  -0.004788  0.029076  0.057498  0.174614  2.000000  1.000000  0.000050  0.000046  -0.000050  1.000000  0.000011  -0.000046  -0.000011  1.000000  0.999985  0.005193  -0.001575  -0.005192  0.999986  0.000870  0.001580  -0.000862  0.999998  1.000000  0.000050  0.000046  -0.000050  1.000000  0.000011  -0.000046  -0.000011  1.000000  1.000000  0.000050  0.000046  -0.000050  1.000000  0.000011  -0.000046  -0.000011  1.000000  0.000047  0.005495  
183.911635 0.010005  0.101094  -0.013084  0.995031  0.086914  -0.048575  -0.085219  0.995714  0.035929  0.051490  -0.031611  0.998173  0.002728  0.000601  -0.005561  0.030486  0.065601  0.202463  2.000000  1.000000  0.000315  0.000295  -0.000315  1.000000  0.000066  -0.000295  -0.000066  1.000000  0.999981  0.005818  -0.001823  -0.005816  0.999983  0.000903  0.001828  -0.000892  0.999998  1.000000  0.000056  0.000052  -0.000056  1.000000  0.000011  -0.000052  -0.000011  1.000000  1.000000  0.000315  0.000295  -0.000315  1.000000  0.000066  -0.000295  -0.000066  1.000000  0.000052  0.006163  
183.912876 0.010012  0.101097  -0.013095  0.994940  0.087740  -0.048955  -0.086037  0.995646  0.035883  0.051891  -0.031490  0.998156  0.003202  0.000790  -0.006351  0.027862  0.078256  0.230579  2.000000  1.000000  0.000621  0.000577  -0.000621  1.000000  0.000118  -0.000577  -0.000118  1.000000  0.999976  0.006648  -0.002065  -0.006646  0.999978  0.000826  0.002070  -0.000812  0.999998  1.000000  0.000064  0.000059  -0.000064  1.000000  0.000010  -0.000059  -0.000010  1.000000  1.000000  0.000621  0.000577  -0.000621  1.000000  0.000118  -0.000577  -0.000118  1.000000  0.000059  0.007009  
183.913894 0.010019  0.101100  -0.013105  0.994873  0.088364  -0.049199  -0.086650  0.995590  0.035936  0.052158  -0.031489  0.998142  0.003634  0.000941  -0.006923  0.028931  0.086548  0.251441  2.000000  0.999999  0.000830  0.000765  -0.000830  1.000000  0.000149  -0.000765  -0.000150  1.000000  0.999971  0.007277  -0.002446  -0.007275  0.999973  0.000860  0.002453  -0.000842  0.999997  1.000000  0.000072  0.000063  -0.000072  1.000000  0.000011  -0.000063  -0.000011  1.000000  0.999999  0.000830  0.000765  -0.000830  1.000000  0.000149  -0.000765  -0.000150  1.000000  0.000065  0.007725  
183.915129 0.010028  0.101103  -0.013118  0.994780  0.089196  -0.049569  -0.087468  0.995516  0.036012  0.052559  -0.031488  0.998121  0.004152  0.001208  -0.007457  0.030401  0.099194  0.279567  2.000000  0.999999  0.001140  0.001039  -0.001140  0.999999  0.000193  -0.001039  -0.000194  0.999999  0.999963  0.008112  -0.002821  -0.008110  0.999967  0.000906  0.002829  -0.000883  0.999996  1.000000  0.000081  0.000070  -0.000081  1.000000  0.000011  -0.000070  -0.000011  1.000000  0.999999  0.001140  0.001039  -0.001140  0.999999  0.000193  -0.001039  -0.000194  0.999999  0.000073  0.008635  
183.916131 0.010036  0.101107  -0.013128  0.994723  0.089619  -0.049953  -0.087875  0.995478  0.036068  0.052959  -0.031488  0.998100  0.004530  0.001425  -0.007766  0.031164  0.112244  0.293803  2.000000  0.999998  0.001481  0.001332  -0.001481  0.999999  0.000238  -0.001332  -0.000240  0.999999  0.999957  0.008737  -0.003069  -0.008734  0.999961  0.000941  0.003077  -0.000914  0.999995  1.000000  0.000088  0.000075  -0.000088  1.000000  0.000012  -0.000075  -0.000012  1.000000  0.999998  0.001481  0.001332  -0.001481  0.999999  0.000238  -0.001332  -0.000240  0.999999  0.000079  0.009307  
183.917381 0.010045  0.101110  -0.013141  0.994654  0.090242  -0.050197  -0.088488  0.995422  0.036122  0.053227  -0.031487  0.998086  0.004992  0.001622  -0.008150  0.032268  0.120584  0.314800  2.000000  0.999997  0.001941  0.001715  -0.001941  0.999998  0.000296  -0.001715  -0.000300  0.999998  0.999952  0.009161  -0.003457  -0.009157  0.999958  0.000966  0.003466  -0.000935  0.999994  1.000000  0.000095  0.000078  -0.000095  1.000000  0.000012  -0.000078  -0.000012  1.000000  0.999997  0.001941  0.001715  -0.001941  0.999998  0.000296  -0.001715  -0.000300  0.999998  0.000083  0.009837  
183.918632 0.010055  0.101112  -0.013154  0.994578  0.090875  -0.050562  -0.089101  0.995361  0.036310  0.053628  -0.031608  0.998061  0.005382  0.001760  -0.008538  0.037191  0.132386  0.333401  2.000000  0.999995  0.002436  0.002123  -0.002437  0.999997  0.000356  -0.002122  -0.000362  0.999998  0.999945  0.009786  -0.003705  -0.009782  0.999952  0.001002  0.003714  -0.000965  0.999993  1.000000  0.000101  0.000083  -0.000101  1.000000  0.000012  -0.000083  -0.000012  1.000000  0.999995  0.002436  0.002123  -0.002437  0.999997  0.000356  -0.002122  -0.000362  0.999998  0.000089  0.010510  
183.919882 0.010064  0.101114  -0.013168  0.994490  0.091703  -0.050799  -0.089919  0.995285  0.036375  0.053895  -0.031607  0.998046  0.005689  0.001830  -0.009041  0.038976  0.137038  0.363739  2.000000  0.999992  0.002969  0.002555  -0.002970  0.999995  0.000426  -0.002554  -0.000433  0.999997  0.999937  0.010415  -0.004085  -0.010411  0.999945  0.001160  0.004097  -0.001117  0.999991  1.000000  0.000109  0.000087  -0.000109  1.000000  0.000014  -0.000087  -0.000014  1.000000  0.999992  0.002969  0.002555  -0.002970  0.999995  0.000426  -0.002554  -0.000433  0.999997  0.000096  0.011246  
183.921138 0.010073  0.101116  -0.013184  0.994420  0.092326  -0.051042  -0.090531  0.995227  0.036431  0.054162  -0.031607  0.998032  0.005971  0.001887  -0.009639  0.040084  0.145320  0.384586  2.000000  0.999989  0.003522  0.002999  -0.003524  0.999994  0.000496  -0.002997  -0.000507  0.999995  0.999935  0.010625  -0.004212  -0.010620  0.999943  0.001174  0.004224  -0.001129  0.999990  1.000000  0.000112  0.000089  -0.000112  1.000000  0.000014  -0.000089  -0.000014  1.000000  0.999989  0.003522  0.002999  -0.003524  0.999994  0.000496  -0.002997  -0.000507  0.999995  0.000102  0.011487  
183.922386 0.010081  0.101117  -0.013203  0.994368  0.092745  -0.051293  -0.090940  0.995188  0.036476  0.054429  -0.031606  0.998017  0.006210  0.001884  -0.010325  0.040855  0.153880  0.398693  2.000000  0.999986  0.003974  0.003358  -0.003976  0.999992  0.000547  -0.003355  -0.000560  0.999994  0.999933  0.010830  -0.004205  -0.010826  0.999941  0.001065  0.004217  -0.001019  0.999991  1.000000  0.000113  0.000091  -0.000113  1.000000  0.000013  -0.000091  -0.000013  1.000000  0.999986  0.003974  0.003358  -0.003976  0.999992  0.000547  -0.003355  -0.000560  0.999994  0.000107  0.011665  
183.923636 0.010087  0.101117  -0.013223  0.994323  0.093152  -0.051422  -0.091348  0.995154  0.036389  0.054563  -0.031485  0.998014  0.006354  0.001866  -0.011027  0.037529  0.157974  0.412656  2.000000  0.999982  0.004546  0.003806  -0.004549  0.999989  0.000599  -0.003803  -0.000617  0.999993  0.999932  0.010834  -0.004340  -0.010831  0.999941  0.000825  0.004349  -0.000778  0.999990  1.000000  0.000115  0.000090  -0.000115  1.000000  0.000010  -0.000090  -0.000010  1.000000  0.999982  0.004546  0.003806  -0.004549  0.999989  0.000599  -0.003803  -0.000617  0.999993  0.000111  0.011699  
183.924877 0.010094  0.101118  -0.013242  0.994278  0.093566  -0.051540  -0.091757  0.995115  0.036422  0.054696  -0.031485  0.998007  0.006523  0.001841  -0.011594  0.038287  0.162078  0.426717  2.000000  0.999978  0.005122  0.004261  -0.005125  0.999987  0.000641  -0.004258  -0.000663  0.999991  0.999930  0.011039  -0.004334  -0.011036  0.999939  0.000717  0.004341  -0.000669  0.999990  1.000000  0.000116  0.000092  -0.000116  1.000000  0.000009  -0.000092  -0.000009  1.000000  0.999978  0.005122  0.004261  -0.005125  0.999987  0.000641  -0.004258  -0.000663  0.999991  0.000115  0.011880  
183.926130 0.010102  0.101119  -0.013262  0.994233  0.093980  -0.051658  -0.092166  0.995076  0.036456  0.054830  -0.031485  0.997999  0.006639  0.001753  -0.012123  0.039032  0.166119  0.440613  2.000000  0.999973  0.005693  0.004711  -0.005696  0.999984  0.000677  -0.004707  -0.000704  0.999989  0.999935  0.010624  -0.004213  -0.010622  0.999943  0.000574  0.004219  -0.000529  0.999991  1.000000  0.000112  0.000089  -0.000112  1.000000  0.000007  -0.000089  -0.000007  1.000000  0.999973  0.005693  0.004711  -0.005696  0.999984  0.000677  -0.004707  -0.000704  0.999989  0.000118  0.011443  
183.927384 0.010110  0.101121  -0.013280  0.994180  0.094392  -0.051921  -0.092574  0.995041  0.036381  0.055097  -0.031363  0.997988  0.006679  0.001620  -0.012695  0.035733  0.174673  0.454617  2.000000  0.999967  0.006249  0.005150  -0.006253  0.999980  0.000706  -0.005146  -0.000738  0.999986  0.999937  0.010414  -0.004087  -0.010412  0.999946  0.000443  0.004092  -0.000400  0.999992  1.000000  0.000109  0.000087  -0.000109  1.000000  0.000005  -0.000087  -0.000005  1.000000  0.999967  0.006249  0.005150  -0.006253  0.999980  0.000706  -0.005146  -0.000738  0.999986  0.000122  0.011195  
183.928661 0.010117  0.101122  -0.013297  0.994154  0.094601  -0.052046  -0.092778  0.995021  0.036404  0.055231  -0.031363  0.997981  0.006636  0.001540  -0.012976  0.036104  0.178849  0.461397  2.000000  0.999961  0.006789  0.005564  -0.006793  0.999977  0.000722  -0.005559  -0.000760  0.999984  0.999943  0.009801  -0.004241  -0.009800  0.999952  0.000291  0.004243  -0.000249  0.999991  1.000000  0.000107  0.000080  -0.000107  1.000000  0.000003  -0.000080  -0.000003  1.000000  0.999961  0.006789  0.005564  -0.006793  0.999977  0.000722  -0.005559  -0.000760  0.999984  0.000123  0.010683  
183.929875 0.010124  0.101124  -0.013312  0.994127  0.094804  -0.052183  -0.092982  0.995006  0.036307  0.055364  -0.031242  0.997977  0.006535  0.001393  -0.013095  0.031401  0.179501  0.448068  2.000000  0.999957  0.007211  0.005880  -0.007216  0.999974  0.000732  -0.005874  -0.000774  0.999982  0.999946  0.009591  -0.004115  -0.009590  0.999954  0.000159  0.004116  -0.000120  0.999992  1.000000  0.000104  0.000078  -0.000104  1.000000  0.000002  -0.000078  -0.000002  1.000000  0.999957  0.007211  0.005880  -0.007216  0.999974  0.000732  -0.005874  -0.000774  0.999982  0.000123  0.010438  
183.930877 0.010131  0.101125  -0.013324  0.994101  0.095013  -0.052308  -0.093186  0.994986  0.036330  0.055498  -0.031241  0.997970  0.006425  0.001252  -0.013165  0.027019  0.179691  0.441171  2.000000  0.999953  0.007518  0.006103  -0.007523  0.999971  0.000734  -0.006097  -0.000780  0.999981  0.999949  0.009180  -0.004128  -0.009180  0.999958  0.000138  0.004129  -0.000100  0.999991  1.000000  0.000102  0.000074  -0.000102  1.000000  0.000001  -0.000074  -0.000001  1.000000  0.999953  0.007518  0.006103  -0.007523  0.999971  0.000734  -0.006097  -0.000780  0.999981  0.000119  0.010066  
183.932124 0.010137  0.101125  -0.013339  0.994093  0.095010  -0.052453  -0.093185  0.994990  0.036222  0.055632  -0.031120  0.997966  0.006262  0.001093  -0.013376  0.018377  0.182880  0.430819  2.000000  0.999947  0.008013  0.006459  -0.008018  0.999968  0.000734  -0.006453  -0.000785  0.999979  0.999955  0.008559  -0.004015  -0.008559  0.999963  -0.000016  0.004014  0.000051  0.999992  1.000000  0.000097  0.000068  -0.000097  1.000000  -0.000000  -0.000068  0.000000  1.000000  0.999947  0.008013  0.006459  -0.008018  0.999968  0.000734  -0.006453  -0.000785  0.999979  0.000117  0.009454  
183.933374 0.010143  0.101126  -0.013354  0.994074  0.095209  -0.052457  -0.093390  0.994975  0.036112  0.055632  -0.030999  0.997970  0.006016  0.000976  -0.013560  0.009956  0.178637  0.423828  2.000000  0.999941  0.008479  0.006783  -0.008484  0.999964  0.000728  -0.006777  -0.000785  0.999977  0.999961  0.007933  -0.003768  -0.007934  0.999969  -0.000051  0.003767  0.000081  0.999993  1.000000  0.000090  0.000062  -0.000090  1.000000  -0.000001  -0.000062  0.000001  1.000000  0.999941  0.008479  0.006783  -0.008484  0.999964  0.000728  -0.006777  -0.000785  0.999977  0.000117  0.008783  
183.934376 0.010147  0.101126  -0.013368  0.994067  0.095207  -0.052601  -0.093389  0.994979  0.036004  0.055765  -0.030878  0.997966  0.005742  0.000809  -0.013721  0.005606  0.178895  0.417009  2.000000  0.999936  0.008826  0.007020  -0.008832  0.999961  0.000720  -0.007013  -0.000782  0.999975  0.999969  0.007103  -0.003527  -0.007103  0.999975  -0.000217  0.003525  0.000242  0.999994  1.000000  0.000083  0.000055  -0.000083  1.000000  -0.000003  -0.000055  0.000003  1.000000  0.999936  0.008826  0.007020  -0.008832  0.999961  0.000720  -0.007013  -0.000782  0.999975  0.000114  0.007933  
183.935376 0.010150  0.101125  -0.013381  0.994067  0.095200  -0.052613  -0.093389  0.994983  0.035883  0.055765  -0.030757  0.997970  0.005444  0.000645  -0.013803  -0.003520  0.170732  0.396439  2.000000  0.999932  0.009138  0.007229  -0.009143  0.999958  0.000704  -0.007222  -0.000770  0.999974  0.999974  0.006473  -0.003146  -0.006474  0.999979  -0.000372  0.003143  0.000393  0.999995  1.000000  0.000075  0.000050  -0.000075  1.000000  -0.000005  -0.000050  0.000005  1.000000  0.999932  0.009138  0.007229  -0.009143  0.999958  0.000704  -0.007222  -0.000770  0.999974  0.000110  0.007207  
183.936376 0.010152  0.101124  -0.013395  0.994067  0.095194  -0.052625  -0.093389  0.994987  0.035762  0.055765  -0.030636  0.997974  0.005141  0.000506  -0.013803  -0.008265  0.166610  0.382322  2.000000  0.999928  0.009416  0.007418  -0.009421  0.999955  0.000679  -0.007411  -0.000749  0.999972  0.999979  0.005844  -0.002765  -0.005845  0.999983  -0.000528  0.002761  0.000544  0.999996  1.000000  0.000066  0.000046  -0.000066  1.000000  -0.000007  -0.000046  0.000007  1.000000  0.999928  0.009416  0.007418  -0.009421  0.999955  0.000679  -0.007411  -0.000749  0.999972  0.000104  0.006487  
183.937635 0.010155  0.101123  -0.013413  0.994074  0.095183  -0.052503  -0.093390  0.994992  0.035629  0.055632  -0.030515  0.997985  0.004846  0.000387  -0.013720  -0.018295  0.155520  0.350398  2.000000  0.999924  0.009724  0.007634  -0.009729  0.999952  0.000638  -0.007627  -0.000712  0.999971  0.999984  0.005215  -0.002383  -0.005216  0.999986  -0.000684  0.002380  0.000697  0.999997  1.000000  0.000058  0.000042  -0.000058  1.000000  -0.000009  -0.000042  0.000009  1.000000  0.999924  0.009724  0.007634  -0.009729  0.999952  0.000638  -0.007627  -0.000712  0.999971  0.000098  0.005775  
183.938876 0.010158  0.101123  -0.013429  0.994074  0.095177  -0.052515  -0.093390  0.994996  0.035508  0.055632  -0.030394  0.997989  0.004601  0.000352  -0.013503  -0.022878  0.145812  0.333618  2.000000  0.999922  0.009837  0.007716  -0.009842  0.999951  0.000618  -0.007710  -0.000694  0.999970  0.999986  0.004795  -0.002129  -0.004797  0.999988  -0.000829  0.002125  0.000839  0.999997  1.000000  0.000000  0.000000  0.000000  1.000000  0.000000  0.000000  0.000000  1.000000  0.999922  0.009837  0.007716  -0.009842  0.999951  0.000618  -0.007710  -0.000694  0.999970  0.000092  0.000000  
183.939879 0.010161  0.101122  -0.013441  0.994101  0.094962  -0.052401  -0.093186  0.995021  0.035364  0.055498  -0.030273  0.998000  0.004414  0.000297  -0.013204  -0.028972  0.134647  0.301469  2.000000  0.999922  0.009837  0.007716  -0.009842  0.999951  0.000618  -0.007710  -0.000694  0.999970  0.999990  0.004166  -0.001747  -0.004168  0.999991  -0.001106  0.001743  0.001113  0.999998  1.000000  0.000000  0.000000  0.000000  1.000000  0.000000  0.000000  0.000000  1.000000  0.999922  0.009837  0.007716  -0.009842  0.999951  0.000618  -0.007710  -0.000694  0.999970  0.000086  0.000000  
183.940884 0.010164  0.101121  -0.013454  0.994101  0.094956  -0.052412  -0.093186  0.995025  0.035244  0.055498  -0.030152  0.998003  0.004157  0.000129  -0.013068  -0.034138  0.130806  0.280588  2.000000  0.999922  0.009837  0.007716  -0.009842  0.999951  0.000618  -0.007710  -0.000694  0.999970  0.999993  0.003336  -0.001505  -0.003338  0.999994  -0.001273  0.001501  0.001278  0.999998  1.000000  0.000000  0.000000  0.000000  1.000000  0.000000  0.000000  0.000000  1.000000  0.999922  0.009837  0.007716  -0.009842  0.999951  0.000618  -0.007710  -0.000694  0.999970  0.000079  0.000000  
183.942129 0.010167  0.101118  -0.013471  0.994108  0.094951  -0.052279  -0.093186  0.995025  0.035231  0.055364  -0.030152  0.998011  0.003936  -0.000173  -0.013006  -0.030894  0.116997  0.257287  2.000000  0.999922  0.009837  0.007716  -0.009842  0.999951  0.000618  -0.007710  -0.000694  0.999970  0.999996  0.002708  -0.001123  -0.002709  0.999995  -0.001307  0.001119  0.001311  0.999999  1.000000  0.000000  0.000000  0.000000  1.000000  0.000000  0.000000  0.000000  1.000000  0.999922  0.009837  0.007716  -0.009842  0.999951  0.000618  -0.007710  -0.000694  0.999970  0.000073  0.000000  
183.943131 0.010169  0.101115  -0.013485  0.994135  0.094736  -0.052165  -0.092982  0.995049  0.035087  0.055231  -0.030031  0.998022  0.003657  -0.000498  -0.013019  -0.037045  0.101060  0.224309  2.000000  0.999922  0.009837  0.007716  -0.009842  0.999951  0.000618  -0.007710  -0.000694  0.999970  0.999998  0.002079  -0.000740  -0.002080  0.999997  -0.001463  0.000737  0.001465  0.999999  1.000000  0.000000  0.000000  0.000000  1.000000  0.000000  0.000000  0.000000  1.000000  0.999922  0.009837  0.007716  -0.009842  0.999951  0.000618  -0.007710  -0.000694  0.999970  0.000063  0.000000  
183.944146 0.010172  0.101112  -0.013500  0.994142  0.094732  -0.052032  -0.092983  0.995050  0.035075  0.055097  -0.030031  0.998029  0.003417  -0.000759  -0.013137  -0.038138  0.088198  0.203136  2.000000  0.999922  0.009837  0.007716  -0.009842  0.999951  0.000618  -0.007710  -0.000694  0.999970  0.999999  0.001660  -0.000485  -0.001661  0.999998  -0.001365  0.000483  0.001366  0.999999  1.000000  0.000000  0.000000  0.000000  1.000000  0.000000  0.000000  0.000000  1.000000  0.999922  0.009837  0.007716  -0.009842  0.999951  0.000618  -0.007710  -0.000694  0.999970  0.000057  0.000000  
183.945382 0.010175  0.101108  -0.013518  0.994149  0.094728  -0.051899  -0.092984  0.995050  0.035063  0.054964  -0.030032  0.998037  0.003114  -0.001116  -0.013410  -0.039231  0.066393  0.181799  2.000000  0.999922  0.009837  0.007716  -0.009842  0.999951  0.000618  -0.007710  -0.000694  0.999970  0.999999  0.001446  -0.000224  -0.001447  0.999998  -0.001376  0.000222  0.001377  0.999999  1.000000  0.000000  0.000000  0.000000  1.000000  0.000000  0.000000  0.000000  1.000000  0.999922  0.009837  0.007716  -0.009842  0.999951  0.000618  -0.007710  -0.000694  0.999970  0.000051  0.000000  
183.946625 0.010179  0.101105  -0.013536  0.994176  0.094513  -0.051785  -0.092780  0.995074  0.034919  0.054830  -0.029911  0.998048  0.002927  -0.001393  -0.013610  0.000000  0.000000  0.000000  2.000000  0.999922  0.009837  0.007716  -0.009842  0.999951  0.000618  -0.007710  -0.000694  0.999970  1.000000  0.000822  0.000025  -0.000822  0.999998  -0.001532  -0.000026  0.001532  0.999999  1.000000  0.000000  0.000000  0.000000  1.000000  0.000000  0.000000  0.000000  1.000000  0.999922  0.009837  0.007716  -0.009842  0.999951  0.000618  -0.007710  -0.000694  0.999970  0.000000  0.000000  
183.947627 0.010181  0.101102  -0.013550  0.994176  0.094513  -0.051785  -0.092780  0.995074  0.034919  0.054830  -0.029911  0.998048  0.002730  -0.001546  -0.013706  0.000000  0.000000  0.000000  2.000000  0.999922  0.009837  0.007716  -0.009842  0.999951  0.000618  -0.007710  -0.000694  0.999970  1.000000  0.000407  0.000146  -0.000407  0.999999  -0.001554  -0.000147  0.001554  0.999999  1.000000  0.000000  0.000000  0.000000  1.000000  0.000000  0.000000  0.000000  1.000000  0.999922  0.009837  0.007716  -0.009842  0.999951  0.000618  -0.007710  -0.000694  0.999970  0.000000  0.000000  
183.948629 0.010182  0.101100  -0.013564  0.994183  0.094503  -0.051663  -0.092780  0.995079  0.034786  0.054696  -0.029790  0.998059  0.002562  -0.001690  -0.013737  0.000000  0.000000  0.000000  2.000000  0.999922  0.009837  0.007716  -0.009842  0.999951  0.000618  -0.007710  -0.000694  0.999970  1.000000  0.000193  0.000407  -0.000193  0.999999  -0.001444  -0.000408  0.001444  0.999999  1.000000  0.000000  0.000000  0.000000  1.000000  0.000000  0.000000  0.000000  1.000000  0.999922  0.009837  0.007716  -0.009842  0.999951  0.000618  -0.007710  -0.000694  0.999970  0.000000  0.000000  
183.949877 0.010183  0.101097  -0.013581  0.994190  0.094499  -0.051530  -0.092781  0.995079  0.034773  0.054563  -0.029790  0.998066  0.002339  -0.001905  -0.013756  0.000000  0.000000  0.000000  2.000000  0.999922  0.009837  0.007716  -0.009842  0.999951  0.000618  -0.007710  -0.000694  0.999970  1.000000  -0.000225  0.000663  0.000226  0.999999  -0.001588  -0.000662  0.001588  0.999999  1.000000  0.000000  0.000000  0.000000  1.000000  0.000000  0.000000  0.000000  1.000000  0.999922  0.009837  0.007716  -0.009842  0.999951  0.000618  -0.007710  -0.000694  0.999970  0.000000  0.000000  
183.951126 0.010184  0.101093  -0.013598  0.994198  0.094489  -0.051409  -0.092782  0.995084  0.034640  0.054429  -0.029669  0.998077  0.002186  -0.002048  -0.013702  0.000000  0.000000  0.000000  2.000000  0.999922  0.009837  0.007716  -0.009842  0.999951  0.000618  -0.007710  -0.000694  0.999970  0.999999  -0.000237  0.001064  0.000239  0.999999  -0.001588  -0.001063  0.001588  0.999998  1.000000  0.000000  0.000000  0.000000  1.000000  0.000000  0.000000  0.000000  1.000000  0.999922  0.009837  0.007716  -0.009842  0.999951  0.000618  -0.007710  -0.000694  0.999970  0.000000  0.000000  
183.952376 0.010186  0.101090  -0.013613  0.994205  0.094479  -0.051287  -0.092782  0.995088  0.034507  0.054296  -0.029548  0.998088  0.002086  -0.002195  -0.013588  0.000000  0.000000  0.000000  2.000000  0.999922  0.009837  0.007716  -0.009842  0.999951  0.000618  -0.007710  -0.000694  0.999970  0.999999  -0.000447  0.001191  0.000448  0.999999  -0.001478  -0.001191  0.001478  0.999998  1.000000  0.000000  0.000000  0.000000  1.000000  0.000000  0.000000  0.000000  1.000000  0.999922  0.009837  0.007716  -0.009842  0.999951  0.000618  -0.007710  -0.000694  0.999970  0.000000  0.000000  
183.953377 0.010186  0.101088  -0.013625  0.994205  0.094479  -0.051287  -0.092782  0.995088  0.034507  0.054296  -0.029548  0.998088  0.001987  -0.002327  -0.013537  0.000000  0.000000  0.000000  2.000000  0.999922  0.009837  0.007716  -0.009842  0.999951  0.000618  -0.007710  -0.000694  0.999970  0.999999  -0.000656  0.001319  0.000658  0.999999  -0.001489  -0.001318  0.001490  0.999998  1.000000  0.000000  0.000000  0.000000  1.000000  0.000000  0.000000  0.000000  1.000000  0.999922  0.009837  0.007716  -0.009842  0.999951  0.000618  -0.007710  -0.000694  0.999970  0.000000  0.000000  
183.954386 0.010187  0.101085  -0.013638  0.994212  0.094468  -0.051166  -0.092783  0.995093  0.034374  0.054162  -0.029428  0.998098  0.001845  -0.002541  -0.013527  0.000000  0.000000  0.000000  2.000000  0.999922  0.009837  0.007716  -0.009842  0.999951  0.000618  -0.007710  -0.000694  0.999970  0.999999  -0.000664  0.001587  0.000666  0.999999  -0.001489  -0.001586  0.001490  0.999998  1.000000  0.000000  0.000000  0.000000  1.000000  0.000000  0.000000  0.000000  1.000000  0.999922  0.009837  0.007716  -0.009842  0.999951  0.000618  -0.007710  -0.000694  0.999970  0.000000  0.000000  
183.955633 0.010188  0.101081  -0.013654  0.994212  0.094468  -0.051166  -0.092783  0.995093  0.034374  0.054162  -0.029428  0.998098  0.001681  -0.002704  -0.013530  0.000000  0.000000  0.000000  2.000000  0.999922  0.009837  0.007716  -0.009842  0.999951  0.000618  -0.007710  -0.000694  0.999970  0.999999  -0.000664  0.001587  0.000666  0.999999  -0.001368  -0.001586  0.001369  0.999998  1.000000  0.000000  0.000000  0.000000  1.000000  0.000000  0.000000  0.000000  1.000000  0.999922  0.009837  0.007716  -0.009842  0.999951  0.000618  -0.007710  -0.000694  0.999970  0.000000  0.000000  
183.956634 0.010190  0.101078  -0.013667  0.994212  0.094462  -0.051177  -0.092783  0.995097  0.034253  0.054162  -0.029307  0.998102  0.001591  -0.002763  -0.013476  0.000000  0.000000  0.000000  2.000000  0.999922  0.009837  0.007716  -0.009842  0.999951  0.000618  -0.007710  -0.000694  0.999970  0.999999  -0.000664  0.001587  0.000666  0.999999  -0.001246  -0.001586  0.001247  0.999998  1.000000  0.000000  0.000000  0.000000  1.000000  0.000000  0.000000  0.000000  1.000000  0.999922  0.009837  0.007716  -0.009842  0.999951  0.000618  -0.007710  -0.000694  0.999970  0.000000  0.000000  
183.957876 0.010192  0.101075  -0.013684  0.994212  0.094462  -0.051177  -0.092783  0.995097  0.034253  0.054162  -0.029307  0.998102  0.001529  -0.002740  -0.013469  0.000000  0.000000  0.000000  2.000000  0.999922  0.009837  0.007716  -0.009842  0.999951  0.000618  -0.007710  -0.000694  0.999970  0.999999  -0.000660  0.001453  0.000661  0.999999  -0.001246  -0.001452  0.001247  0.999998  1.000000  0.000000  0.000000  0.000000  1.000000  0.000000  0.000000  0.000000  1.000000  0.999922  0.009837  0.007716  -0.009842  0.999951  0.000618  -0.007710  -0.000694  0.999970  0.000000  0.000000  
183.958897 0.010194  0.101072  -0.013698  0.994193  0.094667  -0.051170  -0.092988  0.995078  0.034264  0.054162  -0.029307  0.998102  0.001464  -0.002672  -0.013403  0.000000  0.000000  0.000000  2.000000  0.999922  0.009837  0.007716  -0.009842  0.999951  0.000618  -0.007710  -0.000694  0.999970  0.999999  -0.000454  0.001459  0.000456  0.999999  -0.001114  -0.001459  0.001115  0.999998  1.000000  0.000000  0.000000  0.000000  1.000000  0.000000  0.000000  0.000000  1.000000  0.999922  0.009837  0.007716  -0.009842  0.999951  0.000618  -0.007710  -0.000694  0.999970  0.000000  0.000000  
183.960131 0.010196  0.101070  -0.013716  0.994193  0.094667  -0.051170  -0.092988  0.995078  0.034264  0.054162  -0.029307  0.998102  0.001450  -0.002571  -0.013374  0.000000  0.000000  0.000000  2.000000  0.999922  0.009837  0.007716  -0.009842  0.999951  0.000618  -0.007710  -0.000694  0.999970  0.999999  -0.000245  0.001331  0.000246  0.999999  -0.000982  -0.001331  0.000982  0.999999  1.000000  0.000000  0.000000  0.000000  1.000000  0.000000  0.000000  0.000000  1.000000  0.999922  0.009837  0.007716  -0.009842  0.999951  0.000618  -0.007710  -0.000694  0.999970  0.000000  0.000000  
183.961377 0.010200  0.101068  -0.013733  0.994193  0.094667  -0.051170  -0.092988  0.995078  0.034264  0.054162  -0.029307  0.998102  0.001436  -0.002490  -0.013294  0.000000  0.000000  0.000000  2.000000  0.999922  0.009837  0.007716  -0.009842  0.999951  0.000618  -0.007710  -0.000694  0.999970  0.999999  -0.000245  0.001331  0.000246  1.000000  -0.000860  -0.001331  0.000861  0.999999  1.000000  0.000000  0.000000  0.000000  1.000000  0.000000  0.000000  0.000000  1.000000  0.999922  0.009837  0.007716  -0.009842  0.999951  0.000618  -0.007710  -0.000694  0.999970  0.000000  0.000000  
183.962384 0.010203  0.101066  -0.013746  0.994193  0.094667  -0.051170  -0.092988  0.995078  0.034264  0.054162  -0.029307  0.998102  0.001504  -0.002431  -0.013285  0.000000  0.000000  0.000000  2.000000  0.999922  0.009837  0.007716  -0.009842  0.999951  0.000618  -0.007710  -0.000694  0.999970  0.999999  -0.000241  0.001198  0.000242  1.000000  -0.000860  -0.001197  0.000860  0.999999  1.000000  0.000000  0.000000  0.000000  1.000000  0.000000  0.000000  0.000000  1.000000  0.999922  0.009837  0.007716  -0.009842  0.999951  0.000618  -0.007710  -0.000694  0.999970  0.000000  0.000000  
183.963628 0.010207  0.101064  -0.013763  0.994193  0.094673  -0.051159  -0.092988  0.995073  0.034384  0.054162  -0.029428  0.998098  0.001643  -0.002391  -0.013307  0.000000  0.000000  0.000000  2.000000  0.999922  0.009837  0.007716  -0.009842  0.999951  0.000618  -0.007710  -0.000694  0.999970  0.999999  -0.000032  0.001070  0.000032  1.000000  -0.000606  -0.001070  0.000607  0.999999  1.000000  0.000000  0.000000  0.000000  1.000000  0.000000  0.000000  0.000000  1.000000  0.999922  0.009837  0.007716  -0.009842  0.999951  0.000618  -0.007710  -0.000694  0.999970  0.000000  0.000000  
183.964631 0.010210  0.101062  -0.013779  0.994193  0.094673  -0.051159  -0.092988  0.995073  0.034384  0.054162  -0.029428  0.998098  0.001788  -0.002332  -0.013399  0.000000  0.000000  0.000000  2.000000  0.999922  0.009837  0.007716  -0.009842  0.999951  0.000618  -0.007710  -0.000694  0.999970  1.000000  -0.000028  0.000936  0.000028  1.000000  -0.000606  -0.000936  0.000606  0.999999  1.000000  0.000000  0.000000  0.000000  1.000000  0.000000  0.000000  0.000000  1.000000  0.999922  0.009837  0.007716  -0.009842  0.999951  0.000618  -0.007710  -0.000694  0.999970  0.000000  0.000000  
183.965876 0.010214  0.101060  -0.013798  0.994193  0.094673  -0.051159  -0.092988  0.995073  0.034384  0.054162  -0.029428  0.998098  0.001964  -0.002300  -0.013562  0.000000  0.000000  0.000000  2.000000  0.999922  0.009837  0.007716  -0.009842  0.999951  0.000618  -0.007710  -0.000694  0.999970  1.000000  -0.000024  0.000802  0.000024  1.000000  -0.000485  -0.000802  0.000485  1.000000  1.000000  0.000000  0.000000  0.000000  1.000000  0.000000  0.000000  0.000000  1.000000  0.999922  0.009837  0.007716  -0.009842  0.999951  0.000618  -0.007710  -0.000694  0.999970  0.000000  0.000000  
183.967126 0.010218  0.101057  -0.013818  0.994193  0.094673  -0.051159  -0.092988  0.995073  0.034384  0.054162  -0.029428  0.998098  0.002219  -0.002243  -0.013856  0.000000  0.000000  0.000000  2.000000  0.999922  0.009837  0.007716  -0.009842  0.999951  0.000618  -0.007710  -0.000694  0.999970  1.000000  0.000186  0.000675  -0.000185  1.000000  -0.000474  -0.000675  0.000474  1.000000  1.000000  0.000000  0.000000  0.000000  1.000000  0.000000  0.000000  0.000000  1.000000  0.999922  0.009837  0.007716  -0.009842  0.999951  0.000618  -0.007710  -0.000694  0.999970  0.000000  0.000000  
183.968126 0.010222  0.101055  -0.013833  0.994193  0.094673  -0.051159  -0.092988  0.995073  0.034384  0.054162  -0.029428  0.998098  0.002389  -0.002192  -0.014055  0.000000  0.000000  0.000000  2.000000  0.999922  0.009837  0.007716  -0.009842  0.999951  0.000618  -0.007710  -0.000694  0.999970  1.000000  0.000186  0.000675  -0.000185  1.000000  -0.000474  -0.000675  0.000474  1.000000  1.000000  0.000000  0.000000  0.000000  1.000000  0.000000  0.000000  0.000000  1.000000  0.999922  0.009837  0.007716  -0.009842  0.999951  0.000618  -0.007710  -0.000694  0.999970  0.000000  0.000000  
183.969126 0.010225  0.101053  -0.013848  0.994193  0.094673  -0.051159  -0.092988  0.995073  0.034384  0.054162  -0.029428  0.998098  0.002561  -0.002138  -0.014240  0.000000  0.000000  0.000000  2.000000  0.999922  0.009837  0.007716  -0.009842  0.999951  0.000618  -0.007710  -0.000694  0.999970  1.000000  0.000190  0.000541  -0.000190  1.000000  -0.000353  -0.000541  0.000353  1.000000  1.000000  0.000000  0.000000  0.000000  1.000000  0.000000  0.000000  0.000000  1.000000  0.999922  0.009837  0.007716  -0.009842  0.999951  0.000618  -0.007710  -0.000694  0.999970  0.000000  0.000000  
183.970381 0.010230  0.101052  -0.013867  0.994193  0.094673  -0.051159  -0.092988  0.995073  0.034384  0.054162  -0.029428  0.998098  0.002853  -0.001970  -0.014484  0.000000  0.000000  0.000000  2.000000  0.999922  0.009837  0.007716  -0.009842  0.999951  0.000618  -0.007710  -0.000694  0.999970  1.000000  0.000194  0.000407  -0.000194  1.000000  -0.000353  -0.000407  0.000353  1.000000  1.000000  0.000000  0.000000  0.000000  1.000000  0.000000  0.000000  0.000000  1.000000  0.999922  0.009837  0.007716  -0.009842  0.999951  0.000618  -0.007710  -0.000694  0.999970  0.000000  0.000000  
183.971639 0.010237  0.101052  -0.013886  0.994186  0.094683  -0.051280  -0.092987  0.995069  0.034518  0.054296  -0.029548  0.998088  0.003162  -0.001718  -0.014610  0.000000  0.000000  0.000000  2.000000  0.999922  0.009837  0.007716  -0.009842  0.999951  0.000618  -0.007710  -0.000694  0.999970  1.000000  0.000202  0.000140  -0.000202  1.000000  -0.000231  -0.000140  0.000231  1.000000  1.000000  0.000000  0.000000  0.000000  1.000000  0.000000  0.000000  0.000000  1.000000  0.999922  0.009837  0.007716  -0.009842  0.999951  0.000618  -0.007710  -0.000694  0.999970  0.000000  0.000000  
183.972878 0.010244  0.101053  -0.013904  0.994186  0.094683  -0.051280  -0.092987  0.995069  0.034518  0.054296  -0.029548  0.998088  0.003515  -0.001406  -0.014645  0.000000  0.000000  0.000000  2.000000  0.999922  0.009837  0.007716  -0.009842  0.999951  0.000618  -0.007710  -0.000694  0.999970  1.000000  0.000205  0.000006  -0.000205  1.000000  0.000011  -0.000006  -0.000011  1.000000  1.000000  0.000000  0.000000  0.000000  1.000000  0.000000  0.000000  0.000000  1.000000  0.999922  0.009837  0.007716  -0.009842  0.999951  0.000618  -0.007710  -0.000694  0.999970  0.000000  0.000000  
