1-Time 2-Px 3-Py 4-Pz 5-R11 6-R21 7-R31 8-R12 9-R22 10-R32 11-R13 12-R23 13-R33 14-Vx 15-Vy 16-Vz 17-Wx 18-Wy 19-Wz 20-state 21-PR11 22-PR21 23-PR31 24-PR12 25-PR22 26-PR32 27-PR13 28-PR23 29-PR33 
50.086283 0.004742  0.092733  -0.004752  0.994385  0.054751  -0.090560  -0.054919  0.998491  0.000628  0.090458  0.004349  0.995891  0.000156  0.000201  0.000003  0.000000  0.000000  0.000000  2.000000  1.000000  0.000000  0.000000  -0.000000  1.000000  0.000000  0.000000  -0.000000  1.000000  1.000000  0.000000  0.000000  0.000000  1.000000  0.000970  0.000000  -0.000970  1.000000  1.000000  0.000000  0.000000  0.000000  1.000000  0.000000  0.000000  0.000000  1.000000  0.586887  0.515312  0.624514  -0.525279  0.829296  -0.190656  -0.616154  -0.216151  0.757386  0.000000  0.000000  
50.087289 0.004742  0.092733  -0.004753  0.994385  0.054751  -0.090560  -0.054919  0.998491  0.000628  0.090458  0.004349  0.995891  0.000169  0.000197  -0.000031  0.000000  0.000000  0.000000  2.000000  1.000000  0.000000  0.000000  0.000000  1.000000  0.000000  0.000000  0.000000  1.000000  1.000000  -0.000000  -0.000000  0.000000  1.000000  0.000849  0.000000  -0.000849  1.000000  1.000000  0.000000  0.000000  0.000000  1.000000  0.000000  0.000000  0.000000  1.000000  1.000000  0.000000  0.000000  0.000000  1.000000  0.000000  0.000000  0.000000  1.000000  0.000000  0.000000  
50.088289 0.004743  0.092732  -0.004755  0.994361  0.054967  -0.090686  -0.055123  0.998479  0.000775  0.090591  0.004228  0.995879  0.000164  0.000084  -0.000153  0.000000  0.000000  0.000000  2.000000  1.000000  0.000000  0.000000  0.000000  1.000000  0.000000  0.000000  0.000000  1.000000  1.000000  0.000204  -0.000135  -0.000204  0.999999  0.000989  0.000135  -0.000989  1.000000  1.000000  0.000000  0.000000  0.000000  1.000000  0.000000  0.000000  0.000000  1.000000  1.000000  0.000000  0.000000  0.000000  1.000000  0.000000  0.000000  0.000000  1.000000  0.000000  0.000000  
50.089539 0.004743  0.092730  -0.004757  0.994326  0.055182  -0.090946  -0.055327  0.998468  0.000930  0.090858  0.004107  0.995855  0.000193  -0.000059  -0.000332  0.000000  0.000000  0.000000  2.000000  1.000000  0.000000  0.000000  0.000000  1.000000  0.000000  0.000000  0.000000  1.000000  1.000000  0.000408  -0.000403  -0.000408  0.999999  0.001129  0.000404  -0.001129  0.999999  1.000000  0.000000  0.000000  0.000000  1.000000  0.000000  0.000000  0.000000  1.000000  1.000000  0.000000  0.000000  0.000000  1.000000  0.000000  0.000000  0.000000  1.000000  0.000000  0.000000  
50.090541 0.004744  0.092728  -0.004760  0.994302  0.055192  -0.091205  -0.055325  0.998468  0.001066  0.091124  0.003986  0.995832  0.000249  -0.000174  -0.000485  0.000000  0.000000  0.000000  2.000000  1.000000  0.000000  0.000000  0.000000  1.000000  0.000000  0.000000  0.000000  1.000000  1.000000  0.000407  -0.000671  -0.000407  0.999999  0.001008  0.000671  -0.001008  0.999999  1.000000  0.000000  0.000000  0.000000  1.000000  0.000000  0.000000  0.000000  1.000000  1.000000  0.000000  0.000000  0.000000  1.000000  0.000000  0.000000  0.000000  1.000000  0.000000  0.000000  
50.091789 0.004746  0.092726  -0.004763  0.994253  0.055407  -0.091597  -0.055528  0.998456  0.001228  0.091524  0.003865  0.995795  0.000319  -0.000369  -0.000707  0.000000  0.000000  0.000000  2.000000  1.000000  0.000000  0.000000  0.000000  1.000000  0.000000  0.000000  0.000000  1.000000  0.999999  0.000611  -0.000939  -0.000610  0.999999  0.001148  0.000940  -0.001148  0.999999  1.000000  0.000000  0.000000  0.000000  1.000000  0.000000  0.000000  0.000000  1.000000  1.000000  0.000000  0.000000  0.000000  1.000000  0.000000  0.000000  0.000000  1.000000  0.000000  0.000000  
50.093045 0.004747  0.092724  -0.004765  0.994218  0.055623  -0.091856  -0.055731  0.998445  0.001383  0.091790  0.003744  0.995771  0.000452  -0.000538  -0.000859  0.000000  0.000000  0.000000  2.000000  1.000000  0.000000  0.000000  0.000000  1.000000  0.000000  0.000000  0.000000  1.000000  0.999999  0.000815  -0.001207  -0.000814  0.999999  0.001288  0.001208  -0.001287  0.999998  1.000000  0.000000  0.000000  0.000000  1.000000  0.000000  0.000000  0.000000  1.000000  1.000000  0.000000  0.000000  0.000000  1.000000  0.000000  0.000000  0.000000  1.000000  0.000000  0.000000  
50.094290 0.004749  0.092722  -0.004768  0.994146  0.056238  -0.092254  -0.056343  0.998410  0.001462  0.092190  0.003744  0.995734  0.000554  -0.000708  -0.001064  0.000000  0.000000  0.000000  2.000000  1.000000  0.000000  0.000000  0.000000  1.000000  0.000000  0.000000  0.000000  1.000000  0.999998  0.001224  -0.001610  -0.001222  0.999998  0.001327  0.001612  -0.001325  0.999998  1.000000  0.000000  0.000000  0.000000  1.000000  0.000000  0.000000  0.000000  1.000000  1.000000  0.000000  0.000000  0.000000  1.000000  0.000000  0.000000  0.000000  1.000000  0.000000  0.000000  
50.095290 0.004751  0.092720  -0.004770  0.994098  0.056659  -0.092513  -0.056751  0.998387  0.001637  0.092456  0.003623  0.995710  0.000621  -0.000848  -0.001213  0.000000  0.000000  0.000000  2.000000  1.000000  0.000000  0.000000  0.000000  1.000000  0.000000  0.000000  0.000000  1.000000  0.999997  0.001838  -0.001880  -0.001836  0.999997  0.001505  0.001882  -0.001502  0.999997  1.000000  0.000000  0.000000  0.000000  1.000000  0.000000  0.000000  0.000000  1.000000  1.000000  0.000000  0.000000  0.000000  1.000000  0.000000  0.000000  0.000000  1.000000  0.000000  0.000000  
50.096543 0.004753  0.092717  -0.004774  0.994038  0.057275  -0.092778  -0.057364  0.998352  0.001709  0.092723  0.003623  0.995685  0.000750  -0.001027  -0.001487  0.000000  0.000000  0.000000  2.000000  1.000000  0.000000  0.000000  0.000000  1.000000  0.000000  0.000000  0.000000  1.000000  0.999995  0.002247  -0.002283  -0.002243  0.999996  0.001544  0.002286  -0.001539  0.999996  1.000000  0.000000  0.000000  0.000000  1.000000  0.000000  0.000000  0.000000  1.000000  1.000000  0.000000  0.000000  0.000000  1.000000  0.000000  0.000000  0.000000  1.000000  0.000000  0.000000  
50.097547 0.004754  0.092716  -0.004779  0.993989  0.057479  -0.093177  -0.057566  0.998340  0.001751  0.093123  0.003623  0.995648  0.000824  -0.001160  -0.001812  0.000000  0.000000  0.000000  2.000000  1.000000  0.000000  0.000000  0.000000  1.000000  0.000000  0.000000  0.000000  1.000000  0.999993  0.002656  -0.002685  -0.002652  0.999995  0.001462  0.002689  -0.001455  0.999995  1.000000  0.000000  0.000000  0.000000  1.000000  0.000000  0.000000  0.000000  1.000000  1.000000  0.000000  0.000000  0.000000  1.000000  0.000000  0.000000  0.000000  1.000000  0.000000  0.000000  
50.098796 0.004755  0.092714  -0.004786  0.993915  0.057899  -0.093701  -0.057973  0.998316  0.001942  0.093655  0.003502  0.995599  0.000896  -0.001266  -0.002324  0.000000  0.000000  0.000000  2.000000  1.000000  0.000000  0.000000  0.000000  1.000000  0.000000  0.000000  0.000000  1.000000  0.999991  0.003065  -0.003088  -0.003060  0.999994  0.001623  0.003093  -0.001614  0.999994  1.000000  0.000000  0.000000  0.000000  1.000000  0.000000  0.000000  0.000000  1.000000  1.000000  0.000000  0.000000  0.000000  1.000000  0.000000  0.000000  0.000000  1.000000  0.000000  0.000000  
50.100043 0.004757  0.092714  -0.004794  0.993829  0.058308  -0.094365  -0.058378  0.998292  0.002019  0.094321  0.003502  0.995536  0.000978  -0.001317  -0.002793  0.000000  0.000000  0.000000  2.000000  1.000000  0.000000  0.000000  0.000000  1.000000  0.000000  0.000000  0.000000  1.000000  0.999987  0.003472  -0.003758  -0.003466  0.999993  0.001543  0.003763  -0.001530  0.999992  1.000000  0.000000  0.000000  0.000000  1.000000  0.000000  0.000000  0.000000  1.000000  1.000000  0.000000  0.000000  0.000000  1.000000  0.000000  0.000000  0.000000  1.000000  0.000000  0.000000  
50.101296 0.004759  0.092712  -0.004802  0.993754  0.058717  -0.094896  -0.058784  0.998269  0.002090  0.094854  0.003502  0.995485  0.001115  -0.001426  -0.003344  0.000000  0.000000  0.000000  2.000000  1.000000  0.000000  0.000000  0.000000  1.000000  0.000000  0.000000  0.000000  1.000000  0.999983  0.003880  -0.004294  -0.003874  0.999991  0.001583  0.004301  -0.001567  0.999990  1.000000  0.000000  0.000000  0.000000  1.000000  0.000000  0.000000  0.000000  1.000000  1.000000  0.000000  0.000000  0.000000  1.000000  0.000000  0.000000  0.000000  1.000000  0.000000  0.000000  
50.102539 0.004762  0.092711  -0.004812  0.993667  0.059332  -0.095426  -0.059395  0.998232  0.002180  0.095387  0.003502  0.995434  0.001311  -0.001516  -0.003943  0.000000  0.000000  0.000000  2.000000  1.000000  0.000000  0.000000  0.000000  1.000000  0.000000  0.000000  0.000000  1.000000  0.999979  0.004289  -0.004831  -0.004281  0.999990  0.001625  0.004838  -0.001604  0.999987  1.000000  0.000000  0.000000  0.000000  1.000000  0.000000  0.000000  0.000000  1.000000  1.000000  0.000000  0.000000  0.000000  1.000000  0.000000  0.000000  0.000000  1.000000  0.000000  0.000000  
50.103540 0.004765  0.092709  -0.004819  0.993604  0.059741  -0.095824  -0.059802  0.998208  0.002243  0.095787  0.003501  0.995396  0.001487  -0.001528  -0.004297  0.064389  0.180587  0.164585  2.000000  1.000000  0.000257  0.000052  -0.000257  1.000000  0.000057  -0.000052  -0.000057  1.000000  0.999975  0.004697  -0.005367  -0.004689  0.999988  0.001545  0.005375  -0.001520  0.999984  1.000000  0.000087  0.000017  -0.000087  1.000000  0.000019  -0.000017  -0.000019  1.000000  1.000000  0.000257  0.000052  -0.000257  1.000000  0.000057  -0.000052  -0.000057  1.000000  0.000062  0.007295  
50.104793 0.004769  0.092708  -0.004827  0.993528  0.060151  -0.096355  -0.060208  0.998183  0.002315  0.096319  0.003501  0.995344  0.001722  -0.001441  -0.004663  0.065701  0.198562  0.178218  2.000000  1.000000  0.000720  0.000150  -0.000720  1.000000  0.000152  -0.000150  -0.000152  1.000000  0.999968  0.005310  -0.005904  -0.005301  0.999985  0.001486  0.005912  -0.001455  0.999981  1.000000  0.000097  0.000021  -0.000097  1.000000  0.000018  -0.000021  -0.000018  1.000000  1.000000  0.000720  0.000150  -0.000720  1.000000  0.000152  -0.000150  -0.000152  1.000000  0.000069  0.008076  
50.105794 0.004772  0.092706  -0.004833  0.993451  0.060560  -0.096886  -0.060614  0.998158  0.002387  0.096852  0.003501  0.995293  0.001897  -0.001439  -0.004883  0.067048  0.216614  0.191921  2.000000  0.999999  0.001120  0.000231  -0.001120  0.999999  0.000226  -0.000231  -0.000226  1.000000  0.999965  0.005514  -0.006306  -0.005504  0.999984  0.001508  0.006315  -0.001473  0.999979  1.000000  0.000103  0.000020  -0.000103  1.000000  0.000019  -0.000020  -0.000019  1.000000  0.999999  0.001120  0.000231  -0.001120  0.999999  0.000226  -0.000231  -0.000226  1.000000  0.000072  0.008508  
50.107040 0.004777  0.092703  -0.004839  0.993374  0.060981  -0.097409  -0.061020  0.998133  0.002581  0.097385  0.003380  0.995241  0.002110  -0.001470  -0.005169  0.068413  0.234678  0.205684  2.000000  0.999999  0.001659  0.000339  -0.001659  0.999999  0.000321  -0.000338  -0.000321  1.000000  0.999959  0.005923  -0.006842  -0.005912  0.999981  0.001551  0.006851  -0.001510  0.999975  1.000000  0.000111  0.000021  -0.000111  1.000000  0.000019  -0.000021  -0.000019  1.000000  0.999999  0.001659  0.000339  -0.001659  0.999999  0.000321  -0.000338  -0.000321  1.000000  0.000078  0.009178  
50.108295 0.004782  0.092700  -0.004847  0.993297  0.061390  -0.097940  -0.061425  0.998108  0.002654  0.097917  0.003380  0.995189  0.002316  -0.001575  -0.005473  0.069756  0.252665  0.219332  2.000000  0.999997  0.002239  0.000451  -0.002239  0.999997  0.000417  -0.000450  -0.000418  1.000000  0.999953  0.006331  -0.007378  -0.006320  0.999979  0.001473  0.007388  -0.001426  0.999972  1.000000  0.000119  0.000022  -0.000119  1.000000  0.000018  -0.000022  -0.000018  1.000000  0.999997  0.002239  0.000451  -0.002239  0.999997  0.000417  -0.000450  -0.000418  1.000000  0.000084  0.009830  
50.109544 0.004788  0.092695  -0.004854  0.993219  0.061581  -0.098611  -0.061626  0.998096  0.002594  0.098583  0.003500  0.995123  0.002554  -0.001733  -0.005799  0.062329  0.275157  0.226107  2.000000  0.999996  0.002854  0.000561  -0.002855  0.999996  0.000508  -0.000560  -0.000509  1.000000  0.999948  0.006534  -0.007780  -0.006523  0.999978  0.001498  0.007790  -0.001447  0.999969  1.000000  0.000125  0.000022  -0.000125  1.000000  0.000018  -0.000022  -0.000018  1.000000  0.999996  0.002854  0.000561  -0.002855  0.999996  0.000508  -0.000560  -0.000509  1.000000  0.000090  0.010267  
50.110789 0.004793  0.092690  -0.004863  0.993127  0.061990  -0.099274  -0.062031  0.998071  0.002676  0.099249  0.003500  0.995056  0.002750  -0.001917  -0.006101  0.063746  0.297825  0.239887  2.000000  0.999994  0.003368  0.000642  -0.003368  0.999994  0.000571  -0.000640  -0.000573  1.000000  0.999944  0.006737  -0.008183  -0.006727  0.999977  0.001280  0.008192  -0.001225  0.999966  1.000000  0.000131  0.000022  -0.000131  1.000000  0.000016  -0.000022  -0.000016  1.000000  0.999994  0.003368  0.000642  -0.003368  0.999994  0.000571  -0.000640  -0.000573  1.000000  0.000096  0.010673  
50.111791 0.004797  0.092686  -0.004869  0.993075  0.062194  -0.099672  -0.062233  0.998058  0.002722  0.099648  0.003500  0.995017  0.002962  -0.002031  -0.006267  0.060372  0.311313  0.246720  2.000000  0.999992  0.003896  0.000726  -0.003897  0.999992  0.000630  -0.000723  -0.000633  1.000000  0.999943  0.006736  -0.008317  -0.006727  0.999977  0.001161  0.008325  -0.001105  0.999965  1.000000  0.000132  0.000021  -0.000132  1.000000  0.000014  -0.000021  -0.000014  1.000000  0.999992  0.003896  0.000726  -0.003897  0.999992  0.000630  -0.000723  -0.000633  1.000000  0.000100  0.010763  
50.113039 0.004803  0.092682  -0.004878  0.993008  0.062385  -0.100211  -0.062434  0.998046  0.002655  0.100181  0.003621  0.994963  0.003325  -0.002224  -0.006468  0.057015  0.329310  0.253482  2.000000  0.999989  0.004568  0.000830  -0.004569  0.999989  0.000696  -0.000827  -0.000700  0.999999  0.999939  0.006939  -0.008586  -0.006931  0.999976  0.000943  0.008592  -0.000883  0.999963  1.000000  0.000136  0.000021  -0.000136  1.000000  0.000011  -0.000021  -0.000011  1.000000  0.999989  0.004568  0.000830  -0.004569  0.999989  0.000696  -0.000827  -0.000700  0.999999  0.000104  0.011077  
50.114041 0.004808  0.092678  -0.004886  0.992969  0.062590  -0.100476  -0.062636  0.998033  0.002692  0.100447  0.003620  0.994936  0.003536  -0.002399  -0.006545  0.053628  0.338287  0.260328  2.000000  0.999987  0.005109  0.000912  -0.005110  0.999987  0.000738  -0.000908  -0.000743  0.999999  0.999942  0.006734  -0.008451  -0.006728  0.999977  0.000803  0.008457  -0.000746  0.999964  1.000000  0.000134  0.000020  -0.000134  1.000000  0.000010  -0.000020  -0.000010  1.000000  0.999987  0.005109  0.000912  -0.005110  0.999987  0.000738  -0.000908  -0.000743  0.999999  0.000107  0.010834  
50.115296 0.004815  0.092674  -0.004895  0.992903  0.062987  -0.100881  -0.063043  0.998007  0.002638  0.100846  0.003741  0.994895  0.003883  -0.002689  -0.006695  0.050915  0.351757  0.273949  2.000000  0.999983  0.005773  0.000997  -0.005773  0.999983  0.000779  -0.000993  -0.000784  0.999999  0.999944  0.006323  -0.008451  -0.006319  0.999980  0.000521  0.008454  -0.000468  0.999964  1.000000  0.000131  0.000016  -0.000131  1.000000  0.000006  -0.000016  -0.000006  1.000000  0.999983  0.005773  0.000997  -0.005773  0.999983  0.000779  -0.000993  -0.000784  0.999999  0.000111  0.010566  
50.116543 0.004821  0.092670  -0.004904  0.992863  0.063179  -0.101154  -0.063245  0.997995  0.002554  0.101113  0.003862  0.994868  0.004118  -0.002841  -0.006719  0.043480  0.360907  0.280895  2.000000  0.999979  0.006428  0.001066  -0.006429  0.999979  0.000807  -0.001061  -0.000814  0.999999  0.999944  0.006116  -0.008585  -0.006113  0.999981  0.000382  0.008587  -0.000329  0.999963  1.000000  0.000131  0.000013  -0.000131  1.000000  0.000004  -0.000013  -0.000004  1.000000  0.999979  0.006428  0.001066  -0.006429  0.999979  0.000807  -0.001061  -0.000814  0.999999  0.000115  0.010547  
50.117793 0.004827  0.092667  -0.004912  0.992822  0.063165  -0.101560  -0.063243  0.997995  0.002458  0.101512  0.003982  0.994826  0.004338  -0.002871  -0.006574  0.034738  0.369873  0.273965  2.000000  0.999974  0.007070  0.001122  -0.007071  0.999975  0.000826  -0.001116  -0.000834  0.999999  0.999949  0.005706  -0.008317  -0.005704  0.999984  0.000220  0.008318  -0.000173  0.999965  1.000000  0.000126  0.000010  -0.000126  1.000000  0.000002  -0.000010  -0.000002  1.000000  0.999974  0.007070  0.001122  -0.007071  0.999975  0.000826  -0.001116  -0.000834  0.999999  0.000117  0.010088  
50.119043 0.004834  0.092665  -0.004920  0.992782  0.063357  -0.101833  -0.063446  0.997982  0.002375  0.101778  0.004103  0.994799  0.004484  -0.002911  -0.006497  0.026658  0.369873  0.273958  2.000000  0.999971  0.007572  0.001153  -0.007573  0.999971  0.000830  -0.001147  -0.000839  0.999999  0.999950  0.005501  -0.008316  -0.005500  0.999985  0.000080  0.008316  -0.000035  0.999965  1.000000  0.000124  0.000008  -0.000124  1.000000  0.000001  -0.000008  -0.000001  1.000000  0.999971  0.007572  0.001153  -0.007573  0.999971  0.000830  -0.001147  -0.000839  0.999999  0.000117  0.009971  
50.120044 0.004838  0.092664  -0.004926  0.992755  0.063356  -0.102099  -0.063444  0.997983  0.002392  0.102044  0.004103  0.994771  0.004560  -0.002897  -0.006487  0.026731  0.369856  0.273938  2.000000  0.999967  0.008063  0.001181  -0.008064  0.999967  0.000827  -0.001175  -0.000836  0.999999  0.999954  0.005296  -0.008048  -0.005296  0.999986  -0.000061  0.008048  0.000104  0.999968  1.000000  0.000120  0.000007  -0.000120  1.000000  -0.000001  -0.000007  0.000001  1.000000  0.999967  0.008063  0.001181  -0.008064  0.999967  0.000827  -0.001175  -0.000836  0.999999  0.000116  0.009635  
50.121293 0.004843  0.092661  -0.004934  0.992714  0.063548  -0.102372  -0.063646  0.997970  0.002309  0.102310  0.004223  0.994744  0.004583  -0.002945  -0.006591  0.018652  0.369873  0.273943  2.000000  0.999962  0.008647  0.001205  -0.008648  0.999962  0.000815  -0.001198  -0.000825  0.999999  0.999958  0.004886  -0.007780  -0.004888  0.999988  -0.000223  0.007779  0.000261  0.999970  1.000000  0.000115  0.000004  -0.000115  1.000000  -0.000003  -0.000004  0.000003  1.000000  0.999962  0.008647  0.001205  -0.008648  0.999962  0.000815  -0.001198  -0.000825  0.999999  0.000114  0.009190  
50.122535 0.004847  0.092657  -0.004942  0.992701  0.063535  -0.102512  -0.063646  0.997970  0.002197  0.102444  0.004344  0.994729  0.004492  -0.002943  -0.006670  0.009840  0.363758  0.265907  2.000000  0.999957  0.009203  0.001228  -0.009204  0.999957  0.000794  -0.001221  -0.000806  0.999999  0.999963  0.004476  -0.007377  -0.004479  0.999990  -0.000385  0.007376  0.000418  0.999973  1.000000  0.000108  0.000002  -0.000108  1.000000  -0.000005  -0.000002  0.000005  1.000000  0.999957  0.009203  0.001228  -0.009204  0.999957  0.000794  -0.001221  -0.000806  0.999999  0.000114  0.008639  
50.123537 0.004849  0.092654  -0.004949  0.992687  0.063522  -0.102653  -0.063645  0.997970  0.002084  0.102577  0.004464  0.994715  0.004373  -0.002975  -0.006718  0.001101  0.357885  0.258078  2.000000  0.999953  0.009615  0.001237  -0.009616  0.999953  0.000769  -0.001229  -0.000781  0.999999  0.999968  0.004068  -0.006841  -0.004072  0.999992  -0.000549  0.006839  0.000576  0.999976  1.000000  0.000099  0.000001  -0.000099  1.000000  -0.000007  -0.000001  0.000007  1.000000  0.999953  0.009615  0.001237  -0.009616  0.999953  0.000769  -0.001229  -0.000781  0.999999  0.000111  0.007979  
50.124540 0.004851  0.092651  -0.004956  0.992687  0.063497  -0.102668  -0.063645  0.997971  0.001842  0.102577  0.004706  0.994714  0.004238  -0.002959  -0.006787  -0.013091  0.347295  0.239590  2.000000  0.999949  0.010003  0.001235  -0.010004  0.999950  0.000735  -0.001228  -0.000747  0.999999  0.999972  0.003658  -0.006572  -0.003663  0.999993  -0.000712  0.006570  0.000736  0.999978  1.000000  0.000094  -0.000001  -0.000094  1.000000  -0.000009  0.000001  0.000009  1.000000  0.999949  0.010003  0.001235  -0.010004  0.999950  0.000735  -0.001228  -0.000747  0.999999  0.000107  0.007557  
50.125570 0.004854  0.092648  -0.004962  0.992687  0.063497  -0.102668  -0.063645  0.997971  0.001842  0.102577  0.004706  0.994714  0.004097  -0.002890  -0.006751  -0.014394  0.337873  0.225604  2.000000  0.999946  0.010364  0.001229  -0.010365  0.999946  0.000692  -0.001222  -0.000705  0.999999  0.999975  0.003454  -0.006170  -0.003460  0.999994  -0.000854  0.006167  0.000875  0.999981  1.000000  0.000088  -0.000001  -0.000088  1.000000  -0.000011  0.000001  0.000011  1.000000  0.999946  0.010364  0.001229  -0.010365  0.999946  0.000692  -0.001222  -0.000705  0.999999  0.000103  0.007124  
50.126792 0.004855  0.092644  -0.004968  0.992660  0.063677  -0.102816  -0.063848  0.997958  0.001630  0.102710  0.004947  0.994699  0.003854  -0.002828  -0.006573  -0.023185  0.329316  0.219003  2.000000  0.999943  0.010621  0.001224  -0.010621  0.999943  0.000656  -0.001217  -0.000669  0.999999  0.999977  0.003250  -0.005902  -0.003256  0.999994  -0.000996  0.005899  0.001015  0.999982  1.000000  0.000084  -0.000002  -0.000084  1.000000  -0.000013  0.000002  0.000013  1.000000  0.999943  0.010621  0.001224  -0.010621  0.999943  0.000656  -0.001217  -0.000669  0.999999  0.000100  0.006813  
50.128040 0.004858  0.092641  -0.004973  0.992660  0.063665  -0.102824  -0.063848  0.997958  0.001509  0.102710  0.005068  0.994698  0.003607  -0.002725  -0.006293  -0.033332  0.311354  0.198487  2.000000  0.999939  0.011022  0.001215  -0.011023  0.999939  0.000579  -0.001208  -0.000592  0.999999  0.999982  0.002842  -0.005366  -0.002849  0.999995  -0.001281  0.005362  0.001296  0.999985  1.000000  0.000076  -0.000003  -0.000076  1.000000  -0.000016  0.000003  0.000016  1.000000  0.999939  0.011022  0.001215  -0.011023  0.999939  0.000579  -0.001208  -0.000592  0.999999  0.000095  0.006207  
50.129289 0.004860  0.092637  -0.004979  0.992646  0.063651  -0.102964  -0.063847  0.997959  0.001396  0.102843  0.005188  0.994684  0.003336  -0.002645  -0.006060  -0.037701  0.299650  0.189909  2.000000  0.999935  0.011317  0.001202  -0.011318  0.999936  0.000508  -0.001196  -0.000522  0.999999  0.999985  0.002433  -0.004963  -0.002441  0.999996  -0.001565  0.004959  0.001578  0.999986  1.000000  0.000000  0.000000  0.000000  1.000000  0.000000  0.000000  0.000000  1.000000  0.999935  0.011317  0.001202  -0.011318  0.999936  0.000508  -0.001196  -0.000522  0.999999  0.000090  0.000000  
50.130307 0.004861  0.092635  -0.004983  0.992646  0.063639  -0.102972  -0.063847  0.997959  0.001275  0.102843  0.005309  0.994683  0.003023  -0.002580  -0.005833  -0.043381  0.283951  0.177677  2.000000  0.999935  0.011317  0.001202  -0.011318  0.999936  0.000508  -0.001196  -0.000522  0.999999  0.999988  0.002230  -0.004427  -0.002238  0.999996  -0.001708  0.004423  0.001718  0.999989  1.000000  0.000000  0.000000  0.000000  1.000000  0.000000  0.000000  0.000000  1.000000  0.999935  0.011317  0.001202  -0.011318  0.999936  0.000508  -0.001196  -0.000522  0.999999  0.000086  0.000000  
50.131546 0.004861  0.092631  -0.004989  0.992646  0.063626  -0.102980  -0.063847  0.997959  0.001154  0.102843  0.005429  0.994683  0.002647  -0.002566  -0.005650  -0.048806  0.261645  0.164128  2.000000  0.999935  0.011317  0.001202  -0.011318  0.999936  0.000508  -0.001196  -0.000522  0.999999  0.999991  0.001823  -0.003756  -0.001830  0.999997  -0.001750  0.003753  0.001757  0.999991  1.000000  0.000000  0.000000  0.000000  1.000000  0.000000  0.000000  0.000000  1.000000  0.999935  0.011317  0.001202  -0.011318  0.999936  0.000508  -0.001196  -0.000522  0.999999  0.000081  0.000000  
50.132788 0.004862  0.092628  -0.004995  0.992633  0.063819  -0.102987  -0.064052  0.997946  0.001054  0.102843  0.005550  0.994682  0.002320  -0.002594  -0.005508  -0.053087  0.246042  0.155960  2.000000  0.999935  0.011317  0.001202  -0.011318  0.999936  0.000508  -0.001196  -0.000522  0.999999  0.999993  0.001826  -0.003221  -0.001832  0.999997  -0.001872  0.003218  0.001877  0.999993  1.000000  0.000000  0.000000  0.000000  1.000000  0.000000  0.000000  0.000000  1.000000  0.999935  0.011317  0.001202  -0.011318  0.999936  0.000508  -0.001196  -0.000522  0.999999  0.000075  0.000000  
50.133793 0.004862  0.092626  -0.005000  0.992633  0.063807  -0.102995  -0.064052  0.997946  0.000933  0.102843  0.005671  0.994681  0.001906  -0.002671  -0.005417  -0.058462  0.232598  0.142340  2.000000  0.999935  0.011317  0.001202  -0.011318  0.999936  0.000508  -0.001196  -0.000522  0.999999  0.999994  0.001622  -0.002953  -0.001628  0.999997  -0.002014  0.002949  0.002019  0.999994  1.000000  0.000000  0.000000  0.000000  1.000000  0.000000  0.000000  0.000000  1.000000  0.999935  0.011317  0.001202  -0.011318  0.999936  0.000508  -0.001196  -0.000522  0.999999  0.000071  0.000000  
50.134797 0.004862  0.092623  -0.005005  0.992647  0.063795  -0.102870  -0.064053  0.997946  0.000804  0.102710  0.005791  0.994695  0.001617  -0.002743  -0.005366  -0.064374  0.211991  0.129841  2.000000  0.999935  0.011317  0.001202  -0.011318  0.999936  0.000508  -0.001196  -0.000522  0.999999  0.999996  0.001420  -0.002417  -0.001425  0.999997  -0.002035  0.002414  0.002039  0.999995  1.000000  0.000000  0.000000  0.000000  1.000000  0.000000  0.000000  0.000000  1.000000  0.999935  0.011317  0.001202  -0.011318  0.999936  0.000508  -0.001196  -0.000522  0.999999  0.000065  0.000000  
50.136046 0.004861  0.092620  -0.005013  0.992634  0.063988  -0.102877  -0.064257  0.997933  0.000704  0.102710  0.005912  0.994694  0.001230  -0.002795  -0.005354  -0.073158  0.193897  0.122990  2.000000  0.999935  0.011317  0.001202  -0.011318  0.999936  0.000508  -0.001196  -0.000522  0.999999  0.999997  0.001422  -0.002015  -0.001426  0.999997  -0.002035  0.002012  0.002038  0.999996  1.000000  0.000000  0.000000  0.000000  1.000000  0.000000  0.000000  0.000000  1.000000  0.999935  0.011317  0.001202  -0.011318  0.999936  0.000508  -0.001196  -0.000522  0.999999  0.000061  0.000000  
50.137291 0.004860  0.092617  -0.005020  0.992647  0.063977  -0.102752  -0.064258  0.997933  0.000574  0.102577  0.006033  0.994707  0.000916  -0.002753  -0.005281  -0.077980  0.174469  0.108434  2.000000  0.999935  0.011317  0.001202  -0.011318  0.999936  0.000508  -0.001196  -0.000522  0.999999  0.999998  0.001219  -0.001613  -0.001223  0.999997  -0.002178  0.001610  0.002180  0.999996  1.000000  0.000000  0.000000  0.000000  1.000000  0.000000  0.000000  0.000000  1.000000  0.999935  0.011317  0.001202  -0.011318  0.999936  0.000508  -0.001196  -0.000522  0.999999  0.000056  0.000000  
50.138293 0.004858  0.092614  -0.005026  0.992661  0.063965  -0.102627  -0.064259  0.997933  0.000444  0.102444  0.006154  0.994720  0.000656  -0.002697  -0.005189  0.000000  0.000000  0.000000  2.000000  0.999935  0.011317  0.001202  -0.011318  0.999936  0.000508  -0.001196  -0.000522  0.999999  0.999999  0.001016  -0.001344  -0.001019  0.999997  -0.002199  0.001342  0.002200  0.999997  1.000000  0.000000  0.000000  0.000000  1.000000  0.000000  0.000000  0.000000  1.000000  0.999935  0.011317  0.001202  -0.011318  0.999936  0.000508  -0.001196  -0.000522  0.999999  0.000000  0.000000  
50.139293 0.004856  0.092612  -0.005031  0.992661  0.063952  -0.102635  -0.064259  0.997933  0.000323  0.102444  0.006274  0.994719  0.000388  -0.002616  -0.005107  0.000000  0.000000  0.000000  2.000000  0.999935  0.011317  0.001202  -0.011318  0.999936  0.000508  -0.001196  -0.000522  0.999999  0.999999  0.001019  -0.000809  -0.001021  0.999997  -0.002199  0.000807  0.002200  0.999997  1.000000  0.000000  0.000000  0.000000  1.000000  0.000000  0.000000  0.000000  1.000000  0.999935  0.011317  0.001202  -0.011318  0.999936  0.000508  -0.001196  -0.000522  0.999999  0.000000  0.000000  
50.140543 0.004855  0.092610  -0.005038  0.992675  0.063941  -0.102510  -0.064260  0.997933  0.000194  0.102310  0.006395  0.994732  0.000092  -0.002490  -0.005021  0.000000  0.000000  0.000000  2.000000  0.999935  0.011317  0.001202  -0.011318  0.999936  0.000508  -0.001196  -0.000522  0.999999  1.000000  0.000816  -0.000540  -0.000817  0.999997  -0.002220  0.000539  0.002221  0.999997  1.000000  0.000000  0.000000  0.000000  1.000000  0.000000  0.000000  0.000000  1.000000  0.999935  0.011317  0.001202  -0.011318  0.999936  0.000508  -0.001196  -0.000522  0.999999  0.000000  0.000000  
50.141789 0.004853  0.092608  -0.005044  0.992675  0.063941  -0.102510  -0.064260  0.997933  0.000194  0.102310  0.006395  0.994732  -0.000166  -0.002366  -0.005017  0.000000  0.000000  0.000000  2.000000  0.999935  0.011317  0.001202  -0.011318  0.999936  0.000508  -0.001196  -0.000522  0.999999  1.000000  0.000818  -0.000139  -0.000819  0.999997  -0.002099  0.000137  0.002099  0.999998  1.000000  0.000000  0.000000  0.000000  1.000000  0.000000  0.000000  0.000000  1.000000  0.999935  0.011317  0.001202  -0.011318  0.999936  0.000508  -0.001196  -0.000522  0.999999  0.000000  0.000000  
50.142791 0.004851  0.092606  -0.005049  0.992688  0.063929  -0.102385  -0.064260  0.997933  0.000064  0.102177  0.006516  0.994745  -0.000423  -0.002308  -0.005095  0.000000  0.000000  0.000000  2.000000  0.999935  0.011317  0.001202  -0.011318  0.999936  0.000508  -0.001196  -0.000522  0.999999  1.000000  0.000615  0.000130  -0.000615  0.999997  -0.002242  -0.000131  0.002241  0.999997  1.000000  0.000000  0.000000  0.000000  1.000000  0.000000  0.000000  0.000000  1.000000  0.999935  0.011317  0.001202  -0.011318  0.999936  0.000508  -0.001196  -0.000522  0.999999  0.000000  0.000000  
50.144043 0.004850  0.092604  -0.005055  0.992675  0.064122  -0.102393  -0.064465  0.997920  -0.000036  0.102177  0.006636  0.994744  -0.000659  -0.002271  -0.005201  0.000000  0.000000  0.000000  2.000000  0.999935  0.011317  0.001202  -0.011318  0.999936  0.000508  -0.001196  -0.000522  0.999999  1.000000  0.000821  0.000262  -0.000820  0.999997  -0.002099  -0.000264  0.002099  0.999998  1.000000  0.000000  0.000000  0.000000  1.000000  0.000000  0.000000  0.000000  1.000000  0.999935  0.011317  0.001202  -0.011318  0.999936  0.000508  -0.001196  -0.000522  0.999999  0.000000  0.000000  
50.145289 0.004848  0.092601  -0.005063  0.992689  0.064123  -0.102260  -0.064466  0.997920  -0.000045  0.102044  0.006636  0.994758  -0.000822  -0.002238  -0.005351  0.000000  0.000000  0.000000  2.000000  0.999935  0.011317  0.001202  -0.011318  0.999936  0.000508  -0.001196  -0.000522  0.999999  1.000000  0.000823  0.000530  -0.000822  0.999998  -0.001978  -0.000531  0.001978  0.999998  1.000000  0.000000  0.000000  0.000000  1.000000  0.000000  0.000000  0.000000  1.000000  0.999935  0.011317  0.001202  -0.011318  0.999936  0.000508  -0.001196  -0.000522  0.999999  0.000000  0.000000  
50.146544 0.004847  0.092599  -0.005070  0.992689  0.064111  -0.102268  -0.064466  0.997920  -0.000166  0.102044  0.006757  0.994757  -0.000965  -0.002197  -0.005423  0.000000  0.000000  0.000000  2.000000  0.999935  0.011317  0.001202  -0.011318  0.999936  0.000508  -0.001196  -0.000522  0.999999  1.000000  0.000823  0.000530  -0.000822  0.999998  -0.001978  -0.000531  0.001978  0.999998  1.000000  0.000000  0.000000  0.000000  1.000000  0.000000  0.000000  0.000000  1.000000  0.999935  0.011317  0.001202  -0.011318  0.999936  0.000508  -0.001196  -0.000522  0.999999  0.000000  0.000000  
50.147547 0.004846  0.092597  -0.005077  0.992689  0.064111  -0.102268  -0.064466  0.997920  -0.000166  0.102044  0.006757  0.994757  -0.001065  -0.002137  -0.005549  0.000000  0.000000  0.000000  2.000000  0.999935  0.011317  0.001202  -0.011318  0.999936  0.000508  -0.001196  -0.000522  0.999999  1.000000  0.000619  0.000665  -0.000618  0.999998  -0.001756  -0.000666  0.001756  0.999998  1.000000  0.000000  0.000000  0.000000  1.000000  0.000000  0.000000  0.000000  1.000000  0.999935  0.011317  0.001202  -0.011318  0.999936  0.000508  -0.001196  -0.000522  0.999999  0.000000  0.000000  
50.148798 0.004845  0.092594  -0.005084  0.992689  0.064098  -0.102275  -0.064466  0.997920  -0.000287  0.102044  0.006878  0.994756  -0.001134  -0.002090  -0.005567  0.000000  0.000000  0.000000  2.000000  0.999935  0.011317  0.001202  -0.011318  0.999936  0.000508  -0.001196  -0.000522  0.999999  1.000000  0.000619  0.000665  -0.000618  0.999998  -0.001756  -0.000666  0.001756  0.999998  1.000000  0.000000  0.000000  0.000000  1.000000  0.000000  0.000000  0.000000  1.000000  0.999935  0.011317  0.001202  -0.011318  0.999936  0.000508  -0.001196  -0.000522  0.999999  0.000000  0.000000  
50.150040 0.004845  0.092592  -0.005090  0.992689  0.064098  -0.102275  -0.064466  0.997920  -0.000287  0.102044  0.006878  0.994756  -0.001105  -0.002017  -0.005566  0.000000  0.000000  0.000000  2.000000  0.999935  0.011317  0.001202  -0.011318  0.999936  0.000508  -0.001196  -0.000522  0.999999  0.999999  0.000620  0.000799  -0.000619  0.999998  -0.001635  -0.000800  0.001635  0.999998  1.000000  0.000000  0.000000  0.000000  1.000000  0.000000  0.000000  0.000000  1.000000  0.999935  0.011317  0.001202  -0.011318  0.999936  0.000508  -0.001196  -0.000522  0.999999  0.000000  0.000000  
50.151043 0.004845  0.092590  -0.005096  0.992689  0.064086  -0.102283  -0.064466  0.997920  -0.000408  0.102044  0.006998  0.994755  -0.001032  -0.001966  -0.005560  0.000000  0.000000  0.000000  2.000000  0.999935  0.011317  0.001202  -0.011318  0.999936  0.000508  -0.001196  -0.000522  0.999999  0.999999  0.000620  0.000798  -0.000619  0.999998  -0.001635  -0.000799  0.001635  0.999998  1.000000  0.000000  0.000000  0.000000  1.000000  0.000000  0.000000  0.000000  1.000000  0.999935  0.011317  0.001202  -0.011318  0.999936  0.000508  -0.001196  -0.000522  0.999999  0.000000  0.000000  
50.152044 0.004846  0.092588  -0.005102  0.992689  0.064086  -0.102283  -0.064466  0.997920  -0.000408  0.102044  0.006998  0.994755  -0.000928  -0.001888  -0.005532  0.000000  0.000000  0.000000  2.000000  0.999935  0.011317  0.001202  -0.011318  0.999936  0.000508  -0.001196  -0.000522  0.999999  0.999999  0.000620  0.000798  -0.000619  0.999999  -0.001514  -0.000799  0.001513  0.999999  1.000000  0.000000  0.000000  0.000000  1.000000  0.000000  0.000000  0.000000  1.000000  0.999935  0.011317  0.001202  -0.011318  0.999936  0.000508  -0.001196  -0.000522  0.999999  0.000000  0.000000  
50.153294 0.004847  0.092586  -0.005109  0.992676  0.064291  -0.102283  -0.064670  0.997907  -0.000387  0.102044  0.006998  0.994755  -0.000740  -0.001861  -0.005559  0.000000  0.000000  0.000000  2.000000  0.999935  0.011317  0.001202  -0.011318  0.999936  0.000508  -0.001196  -0.000522  0.999999  0.999999  0.000620  0.000798  -0.000619  0.999999  -0.001393  -0.000799  0.001392  0.999999  1.000000  0.000000  0.000000  0.000000  1.000000  0.000000  0.000000  0.000000  1.000000  0.999935  0.011317  0.001202  -0.011318  0.999936  0.000508  -0.001196  -0.000522  0.999999  0.000000  0.000000  
50.154295 0.004847  0.092584  -0.005117  0.992676  0.064291  -0.102283  -0.064670  0.997907  -0.000387  0.102044  0.006998  0.994755  -0.000619  -0.001922  -0.005677  0.000000  0.000000  0.000000  2.000000  0.999935  0.011317  0.001202  -0.011318  0.999936  0.000508  -0.001196  -0.000522  0.999999  0.999999  0.000620  0.000798  -0.000619  0.999999  -0.001271  -0.000799  0.001271  0.999999  1.000000  0.000000  0.000000  0.000000  1.000000  0.000000  0.000000  0.000000  1.000000  0.999935  0.011317  0.001202  -0.011318  0.999936  0.000508  -0.001196  -0.000522  0.999999  0.000000  0.000000  
50.155541 0.004849  0.092582  -0.005125  0.992676  0.064291  -0.102283  -0.064670  0.997907  -0.000387  0.102044  0.006998  0.994755  -0.000415  -0.001916  -0.005827  0.000000  0.000000  0.000000  2.000000  0.999935  0.011317  0.001202  -0.011318  0.999936  0.000508  -0.001196  -0.000522  0.999999  1.000000  0.000619  0.000665  -0.000618  0.999999  -0.001150  -0.000665  0.001150  0.999999  1.000000  0.000000  0.000000  0.000000  1.000000  0.000000  0.000000  0.000000  1.000000  0.999935  0.011317  0.001202  -0.011318  0.999936  0.000508  -0.001196  -0.000522  0.999999  0.000000  0.000000  
50.156543 0.004850  0.092579  -0.005133  0.992676  0.064291  -0.102283  -0.064670  0.997907  -0.000387  0.102044  0.006998  0.994755  -0.000218  -0.001982  -0.006026  0.000000  0.000000  0.000000  2.000000  0.999935  0.011317  0.001202  -0.011318  0.999936  0.000508  -0.001196  -0.000522  0.999999  1.000000  0.000414  0.000666  -0.000414  0.999999  -0.001050  -0.000667  0.001049  0.999999  1.000000  0.000000  0.000000  0.000000  1.000000  0.000000  0.000000  0.000000  1.000000  0.999935  0.011317  0.001202  -0.011318  0.999936  0.000508  -0.001196  -0.000522  0.999999  0.000000  0.000000  
50.157787 0.004851  0.092576  -0.005143  0.992676  0.064291  -0.102283  -0.064670  0.997907  -0.000387  0.102044  0.006998  0.994755  -0.000005  -0.002036  -0.006281  0.000000  0.000000  0.000000  2.000000  0.999935  0.011317  0.001202  -0.011318  0.999936  0.000508  -0.001196  -0.000522  0.999999  1.000000  0.000413  0.000532  -0.000413  0.999999  -0.000928  -0.000533  0.000928  0.999999  1.000000  0.000000  0.000000  0.000000  1.000000  0.000000  0.000000  0.000000  1.000000  0.999935  0.011317  0.001202  -0.011318  0.999936  0.000508  -0.001196  -0.000522  0.999999  0.000000  0.000000  
50.158789 0.004853  0.092574  -0.005151  0.992662  0.064290  -0.102416  -0.064669  0.997907  -0.000378  0.102177  0.006998  0.994742  0.000201  -0.002049  -0.006424  0.000000  0.000000  0.000000  2.000000  0.999935  0.011317  0.001202  -0.011318  0.999936  0.000508  -0.001196  -0.000522  0.999999  1.000000  0.000412  0.000399  -0.000412  1.000000  -0.000807  -0.000399  0.000807  1.000000  1.000000  0.000000  0.000000  0.000000  1.000000  0.000000  0.000000  0.000000  1.000000  0.999935  0.011317  0.001202  -0.011318  0.999936  0.000508  -0.001196  -0.000522  0.999999  0.000000  0.000000  
50.159794 0.004855  0.092571  -0.005159  0.992662  0.064290  -0.102416  -0.064669  0.997907  -0.000378  0.102177  0.006998  0.994742  0.000386  -0.002090  -0.006609  0.000000  0.000000  0.000000  2.000000  0.999935  0.011317  0.001202  -0.011318  0.999936  0.000508  -0.001196  -0.000522  0.999999  1.000000  0.000411  0.000265  -0.000411  1.000000  -0.000686  -0.000265  0.000686  1.000000  1.000000  0.000000  0.000000  0.000000  1.000000  0.000000  0.000000  0.000000  1.000000  0.999935  0.011317  0.001202  -0.011318  0.999936  0.000508  -0.001196  -0.000522  0.999999  0.000000  0.000000  
50.161041 0.004857  0.092569  -0.005168  0.992662  0.064303  -0.102408  -0.064669  0.997907  -0.000257  0.102177  0.006878  0.994742  0.000678  -0.002077  -0.006739  0.000000  0.000000  0.000000  2.000000  0.999935  0.011317  0.001202  -0.011318  0.999936  0.000508  -0.001196  -0.000522  0.999999  1.000000  0.000411  0.000265  -0.000411  1.000000  -0.000443  -0.000265  0.000443  1.000000  1.000000  0.000000  0.000000  0.000000  1.000000  0.000000  0.000000  0.000000  1.000000  0.999935  0.011317  0.001202  -0.011318  0.999936  0.000508  -0.001196  -0.000522  0.999999  0.000000  0.000000  
