1-Time 2-Px 3-Py 4-Pz 5-R11 6-R21 7-R31 8-R12 9-R22 10-R32 11-R13 12-R23 13-R33 14-Vx 15-Vy 16-Vz 17-Wx 18-Wy 19-Wz 20-state 21-PR11 22-PR21 23-PR31 24-PR12 25-PR22 26-PR32 27-PR13 28-PR23 29-PR33 
204.117520 0.006383  0.096933  0.000874  0.998227  0.045151  -0.038793  -0.045036  0.998978  0.003814  0.038926  -0.002060  0.999240  -0.001787  0.003625  -0.001830  0.000000  0.000000  0.000000  2.000000  1.000000  0.000000  0.000000  -0.000000  1.000000  0.000000  0.000000  -0.000000  1.000000  1.000000  -0.000206  -0.000000  0.000206  1.000000  -0.000008  0.000000  0.000008  1.000000  1.000000  0.000000  0.000000  0.000000  1.000000  0.000000  0.000000  0.000000  1.000000  0.657766  0.556078  0.508055  -0.627451  0.777686  -0.038851  -0.416712  -0.293224  0.860448  0.000000  0.000000  
204.118528 0.006380  0.096938  0.000872  0.998227  0.045151  -0.038793  -0.045036  0.998978  0.003814  0.038926  -0.002060  0.999240  -0.001843  0.003745  -0.001855  0.000000  0.000000  0.000000  2.000000  1.000000  0.000000  0.000000  0.000000  1.000000  0.000000  0.000000  0.000000  1.000000  1.000000  -0.000206  -0.000000  0.000206  1.000000  -0.000008  0.000000  0.000008  1.000000  1.000000  0.000000  0.000000  0.000000  1.000000  0.000000  0.000000  0.000000  1.000000  1.000000  0.000000  0.000000  0.000000  1.000000  0.000000  0.000000  0.000000  1.000000  0.000000  0.000000  
204.119530 0.006379  0.096942  0.000871  0.998212  0.045357  -0.038926  -0.045242  0.998969  0.003828  0.039059  -0.002060  0.999235  -0.001856  0.003862  -0.001842  0.000000  0.000000  0.000000  2.000000  1.000000  0.000000  0.000000  0.000000  1.000000  0.000000  0.000000  0.000000  1.000000  1.000000  -0.000000  0.000000  -0.000000  1.000000  0.000000  0.000000  0.000000  1.000000  1.000000  0.000000  0.000000  0.000000  1.000000  0.000000  0.000000  0.000000  1.000000  1.000000  0.000000  0.000000  0.000000  1.000000  0.000000  0.000000  0.000000  1.000000  0.000000  0.000000  
204.120778 0.006377  0.096948  0.000868  0.998198  0.045562  -0.039059  -0.045447  0.998959  0.003842  0.039193  -0.002060  0.999230  -0.001838  0.003958  -0.001886  0.000000  0.000000  0.000000  2.000000  1.000000  0.000000  0.000000  0.000000  1.000000  0.000000  0.000000  0.000000  1.000000  1.000000  0.000206  -0.000133  -0.000206  1.000000  0.000008  0.000133  -0.000008  1.000000  1.000000  0.000000  0.000000  0.000000  1.000000  0.000000  0.000000  0.000000  1.000000  1.000000  0.000000  0.000000  0.000000  1.000000  0.000000  0.000000  0.000000  1.000000  0.000000  0.000000  
204.121778 0.006376  0.096953  0.000866  0.998188  0.045768  -0.039058  -0.045652  0.998950  0.003851  0.039193  -0.002060  0.999230  -0.001801  0.004083  -0.001875  0.000000  0.000000  0.000000  2.000000  1.000000  0.000000  0.000000  0.000000  1.000000  0.000000  0.000000  0.000000  1.000000  1.000000  0.000412  -0.000267  -0.000412  1.000000  0.000016  0.000267  -0.000016  1.000000  1.000000  0.000000  0.000000  0.000000  1.000000  0.000000  0.000000  0.000000  1.000000  1.000000  0.000000  0.000000  0.000000  1.000000  0.000000  0.000000  0.000000  1.000000  0.000000  0.000000  
204.122778 0.006375  0.096958  0.000864  0.998183  0.045768  -0.039191  -0.045652  0.998950  0.003857  0.039327  -0.002060  0.999224  -0.001763  0.004136  -0.001900  0.000000  0.000000  0.000000  2.000000  1.000000  0.000000  0.000000  0.000000  1.000000  0.000000  0.000000  0.000000  1.000000  1.000000  0.000412  -0.000401  -0.000412  1.000000  0.000016  0.000401  -0.000016  1.000000  1.000000  0.000000  0.000000  0.000000  1.000000  0.000000  0.000000  0.000000  1.000000  1.000000  0.000000  0.000000  0.000000  1.000000  0.000000  0.000000  0.000000  1.000000  0.000000  0.000000  
204.123799 0.006375  0.096963  0.000862  0.998168  0.045974  -0.039324  -0.045857  0.998940  0.003871  0.039460  -0.002060  0.999219  -0.001671  0.004274  -0.001927  0.000000  0.000000  0.000000  2.000000  1.000000  0.000000  0.000000  0.000000  1.000000  0.000000  0.000000  0.000000  1.000000  1.000000  0.000618  -0.000534  -0.000618  1.000000  0.000024  0.000534  -0.000024  1.000000  1.000000  0.000000  0.000000  0.000000  1.000000  0.000000  0.000000  0.000000  1.000000  1.000000  0.000000  0.000000  0.000000  1.000000  0.000000  0.000000  0.000000  1.000000  0.000000  0.000000  
204.125028 0.006374  0.096969  0.000860  0.998144  0.046386  -0.039456  -0.046268  0.998921  0.003893  0.039594  -0.002060  0.999214  -0.001565  0.004386  -0.001941  0.000000  0.000000  0.000000  2.000000  1.000000  0.000000  0.000000  0.000000  1.000000  0.000000  0.000000  0.000000  1.000000  0.999999  0.000824  -0.000667  -0.000824  1.000000  0.000033  0.000667  -0.000032  1.000000  1.000000  0.000000  0.000000  0.000000  1.000000  0.000000  0.000000  0.000000  1.000000  1.000000  0.000000  0.000000  0.000000  1.000000  0.000000  0.000000  0.000000  1.000000  0.000000  0.000000  
204.126032 0.006373  0.096974  0.000858  0.998129  0.046592  -0.039589  -0.046473  0.998912  0.003908  0.039728  -0.002060  0.999208  -0.001521  0.004488  -0.001919  0.000000  0.000000  0.000000  2.000000  1.000000  0.000000  0.000000  0.000000  1.000000  0.000000  0.000000  0.000000  1.000000  0.999999  0.001236  -0.000800  -0.001236  0.999999  0.000049  0.000800  -0.000048  1.000000  1.000000  0.000000  0.000000  0.000000  1.000000  0.000000  0.000000  0.000000  1.000000  1.000000  0.000000  0.000000  0.000000  1.000000  0.000000  0.000000  0.000000  1.000000  0.000000  0.000000  
204.127277 0.006372  0.096980  0.000856  0.998105  0.047003  -0.039721  -0.046884  0.998893  0.003930  0.039861  -0.002060  0.999203  -0.001412  0.004591  -0.001930  0.000000  0.000000  0.000000  2.000000  1.000000  0.000000  0.000000  0.000000  1.000000  0.000000  0.000000  0.000000  1.000000  0.999999  0.001442  -0.000934  -0.001442  0.999999  0.000057  0.000934  -0.000056  1.000000  1.000000  0.000000  0.000000  0.000000  1.000000  0.000000  0.000000  0.000000  1.000000  1.000000  0.000000  0.000000  0.000000  1.000000  0.000000  0.000000  0.000000  1.000000  0.000000  0.000000  
204.128282 0.006372  0.096985  0.000853  0.998090  0.047209  -0.039853  -0.047089  0.998883  0.003945  0.039995  -0.002060  0.999198  -0.001311  0.004638  -0.001982  0.000000  0.000000  0.000000  2.000000  1.000000  0.000000  0.000000  0.000000  1.000000  0.000000  0.000000  0.000000  1.000000  0.999998  0.001854  -0.001067  -0.001854  0.999998  0.000074  0.001067  -0.000072  0.999999  1.000000  0.000000  0.000000  0.000000  1.000000  0.000000  0.000000  0.000000  1.000000  1.000000  0.000000  0.000000  0.000000  1.000000  0.000000  0.000000  0.000000  1.000000  0.000000  0.000000  
204.129531 0.006371  0.096992  0.000850  0.998065  0.047621  -0.039985  -0.047500  0.998863  0.003967  0.040129  -0.002060  0.999192  -0.001196  0.004761  -0.002036  0.000000  0.000000  0.000000  2.000000  1.000000  0.000000  0.000000  0.000000  1.000000  0.000000  0.000000  0.000000  1.000000  0.999997  0.002060  -0.001200  -0.002060  0.999998  0.000083  0.001200  -0.000080  0.999999  1.000000  0.000000  0.000000  0.000000  1.000000  0.000000  0.000000  0.000000  1.000000  1.000000  0.000000  0.000000  0.000000  1.000000  0.000000  0.000000  0.000000  1.000000  0.000000  0.000000  
204.130783 0.006370  0.096999  0.000846  0.998044  0.047827  -0.040252  -0.047705  0.998854  0.003988  0.040396  -0.002060  0.999182  -0.001098  0.004928  -0.002112  0.000000  0.000000  0.000000  2.000000  1.000000  0.000000  0.000000  0.000000  1.000000  0.000000  0.000000  0.000000  1.000000  0.999996  0.002471  -0.001333  -0.002471  0.999997  0.000099  0.001333  -0.000096  0.999999  1.000000  0.000000  0.000000  0.000000  1.000000  0.000000  0.000000  0.000000  1.000000  1.000000  0.000000  0.000000  0.000000  1.000000  0.000000  0.000000  0.000000  1.000000  0.000000  0.000000  
204.132031 0.006369  0.097007  0.000844  0.998019  0.048239  -0.040383  -0.048116  0.998834  0.004011  0.040530  -0.002060  0.999176  -0.000960  0.005064  -0.002102  0.000000  0.000000  0.000000  2.000000  1.000000  0.000000  0.000000  0.000000  1.000000  0.000000  0.000000  0.000000  1.000000  0.999995  0.002883  -0.001599  -0.002883  0.999996  0.000117  0.001600  -0.000112  0.999999  1.000000  0.000000  0.000000  0.000000  1.000000  0.000000  0.000000  0.000000  1.000000  1.000000  0.000000  0.000000  0.000000  1.000000  0.000000  0.000000  0.000000  1.000000  0.000000  0.000000  
204.133282 0.006368  0.097014  0.000840  0.997994  0.048650  -0.040515  -0.048526  0.998814  0.004034  0.040664  -0.002060  0.999171  -0.000831  0.005183  -0.002188  0.000000  0.000000  0.000000  2.000000  1.000000  0.000000  0.000000  0.000000  1.000000  0.000000  0.000000  0.000000  1.000000  0.999994  0.003089  -0.001733  -0.003089  0.999995  0.000126  0.001733  -0.000120  0.999998  1.000000  0.000000  0.000000  0.000000  1.000000  0.000000  0.000000  0.000000  1.000000  1.000000  0.000000  0.000000  0.000000  1.000000  0.000000  0.000000  0.000000  1.000000  0.000000  0.000000  
204.134301 0.006368  0.097021  0.000837  0.997978  0.048856  -0.040648  -0.048731  0.998804  0.004049  0.040797  -0.002060  0.999165  -0.000723  0.005306  -0.002280  0.000000  0.000000  0.000000  2.000000  1.000000  0.000000  0.000000  0.000000  1.000000  0.000000  0.000000  0.000000  1.000000  0.999992  0.003501  -0.001866  -0.003501  0.999994  0.000143  0.001866  -0.000136  0.999998  1.000000  0.000000  0.000000  0.000000  1.000000  0.000000  0.000000  0.000000  1.000000  1.000000  0.000000  0.000000  0.000000  1.000000  0.000000  0.000000  0.000000  1.000000  0.000000  0.000000  
204.135532 0.006368  0.097028  0.000833  0.997957  0.049062  -0.040914  -0.048936  0.998794  0.004071  0.041065  -0.002060  0.999154  -0.000626  0.005418  -0.002360  0.000000  0.000000  0.000000  2.000000  1.000000  0.000000  0.000000  0.000000  1.000000  0.000000  0.000000  0.000000  1.000000  0.999990  0.003913  -0.002132  -0.003913  0.999992  0.000161  0.002133  -0.000152  0.999998  1.000000  0.000000  0.000000  0.000000  1.000000  0.000000  0.000000  0.000000  1.000000  1.000000  0.000000  0.000000  0.000000  1.000000  0.000000  0.000000  0.000000  1.000000  0.000000  0.000000  
204.136775 0.006367  0.097035  0.000831  0.997932  0.049474  -0.041046  -0.049347  0.998773  0.004094  0.041198  -0.002060  0.999149  -0.000634  0.005493  -0.002365  0.000000  0.000000  0.000000  2.000000  1.000000  0.000000  0.000000  0.000000  1.000000  0.000000  0.000000  0.000000  1.000000  0.999988  0.004325  -0.002265  -0.004324  0.999991  0.000178  0.002266  -0.000168  0.999997  1.000000  0.000000  0.000000  0.000000  1.000000  0.000000  0.000000  0.000000  1.000000  1.000000  0.000000  0.000000  0.000000  1.000000  0.000000  0.000000  0.000000  1.000000  0.000000  0.000000  
204.137779 0.006365  0.097041  0.000829  0.997916  0.049680  -0.041179  -0.049552  0.998763  0.004109  0.041332  -0.002060  0.999143  -0.000651  0.005564  -0.002361  0.000000  0.000000  0.000000  2.000000  1.000000  0.000000  0.000000  0.000000  1.000000  0.000000  0.000000  0.000000  1.000000  0.999987  0.004531  -0.002399  -0.004530  0.999990  0.000187  0.002399  -0.000176  0.999997  1.000000  0.000000  0.000000  0.000000  1.000000  0.000000  0.000000  0.000000  1.000000  1.000000  0.000000  0.000000  0.000000  1.000000  0.000000  0.000000  0.000000  1.000000  0.000000  0.000000  
204.139029 0.006364  0.097047  0.000826  0.997895  0.049881  -0.041451  -0.049757  0.998753  0.004010  0.041599  -0.001939  0.999132  -0.000689  0.005559  -0.002394  0.000000  0.000000  0.000000  2.000000  1.000000  0.000000  0.000000  0.000000  1.000000  0.000000  0.000000  0.000000  1.000000  0.999986  0.004736  -0.002533  -0.004736  0.999989  0.000075  0.002533  -0.000063  0.999997  1.000000  0.000000  0.000000  0.000000  1.000000  0.000000  0.000000  0.000000  1.000000  1.000000  0.000000  0.000000  0.000000  1.000000  0.000000  0.000000  0.000000  1.000000  0.000000  0.000000  
204.140278 0.006363  0.097054  0.000825  0.997869  0.050292  -0.041583  -0.050168  0.998733  0.004034  0.041733  -0.001939  0.999127  -0.000709  0.005541  -0.002318  0.000000  0.000000  0.000000  2.000000  1.000000  0.000000  0.000000  0.000000  1.000000  0.000000  0.000000  0.000000  1.000000  0.999986  0.004531  -0.002667  -0.004531  0.999990  0.000068  0.002667  -0.000056  0.999996  1.000000  0.000000  0.000000  0.000000  1.000000  0.000000  0.000000  0.000000  1.000000  1.000000  0.000000  0.000000  0.000000  1.000000  0.000000  0.000000  0.000000  1.000000  0.000000  0.000000  
204.141278 0.006361  0.097058  0.000824  0.997847  0.050493  -0.041855  -0.050373  0.998723  0.003935  0.042000  -0.001818  0.999116  -0.000815  0.005488  -0.002301  -0.001154  0.103084  0.173024  2.000000  1.000000  0.000000  0.000000  0.000000  1.000000  0.000000  0.000000  0.000000  1.000000  0.999985  0.004737  -0.002800  -0.004737  0.999989  0.000077  0.002800  -0.000064  0.999996  1.000000  0.000000  0.000000  0.000000  1.000000  0.000000  0.000000  0.000000  1.000000  1.000000  0.000000  0.000000  0.000000  1.000000  0.000000  0.000000  0.000000  1.000000  0.000000  0.000000  
204.142529 0.006358  0.097063  0.000822  0.997841  0.050494  -0.041989  -0.050372  0.998723  0.003941  0.042134  -0.001818  0.999110  -0.000980  0.005447  -0.002220  -0.001142  0.107570  0.173016  2.000000  1.000000  0.000000  0.000000  0.000000  1.000000  0.000000  0.000000  0.000000  1.000000  0.999984  0.004737  -0.002934  -0.004737  0.999989  -0.000043  0.002934  0.000057  0.999996  1.000000  0.000000  0.000000  0.000000  1.000000  0.000000  0.000000  0.000000  1.000000  1.000000  0.000000  0.000000  0.000000  1.000000  0.000000  0.000000  0.000000  1.000000  0.000051  0.000000  
204.143778 0.006355  0.097068  0.000820  0.997825  0.050694  -0.042128  -0.050577  0.998713  0.003836  0.042268  -0.001697  0.999105  -0.001113  0.005347  -0.002103  -0.004927  0.112087  0.179967  2.000000  1.000000  0.000000  0.000000  0.000000  1.000000  0.000000  0.000000  0.000000  1.000000  0.999983  0.004942  -0.002935  -0.004943  0.999988  -0.000155  0.002934  0.000170  0.999996  1.000000  0.000000  0.000000  0.000000  1.000000  0.000000  0.000000  0.000000  1.000000  1.000000  0.000000  0.000000  0.000000  1.000000  0.000000  0.000000  0.000000  1.000000  0.000053  0.000000  
204.144782 0.006353  0.097072  0.000819  0.997809  0.050895  -0.042266  -0.050783  0.998703  0.003730  0.042401  -0.001575  0.999099  -0.001198  0.005250  -0.002026  -0.008426  0.116535  0.193737  2.000000  1.000000  0.000000  0.000000  0.000000  1.000000  0.000000  0.000000  0.000000  1.000000  0.999983  0.004942  -0.002935  -0.004943  0.999988  -0.000154  0.002934  0.000169  0.999996  1.000000  0.000000  0.000000  0.000000  1.000000  0.000000  0.000000  0.000000  1.000000  1.000000  0.000000  0.000000  0.000000  1.000000  0.000000  0.000000  0.000000  1.000000  0.000057  0.000000  
204.146037 0.006350  0.097078  0.000817  0.997793  0.051101  -0.042399  -0.050988  0.998692  0.003746  0.042535  -0.001575  0.999094  -0.001334  0.005152  -0.001950  -0.008130  0.120990  0.200610  2.000000  1.000000  0.000000  0.000000  0.000000  1.000000  0.000000  0.000000  0.000000  1.000000  0.999985  0.004736  -0.002802  -0.004737  0.999989  -0.000284  0.002800  0.000297  0.999996  1.000000  0.000000  0.000000  0.000000  1.000000  0.000000  0.000000  0.000000  1.000000  1.000000  0.000000  0.000000  0.000000  1.000000  0.000000  0.000000  0.000000  1.000000  0.000059  0.000000  
204.147282 0.006346  0.097084  0.000815  0.997777  0.051301  -0.042538  -0.051193  0.998682  0.003640  0.042669  -0.001454  0.999088  -0.001519  0.005045  -0.001870  -0.011912  0.125512  0.207565  2.000000  1.000000  0.000000  0.000000  0.000000  1.000000  0.000000  0.000000  0.000000  1.000000  0.999987  0.004324  -0.002803  -0.004325  0.999991  -0.000422  0.002801  0.000434  0.999996  1.000000  0.000000  0.000000  0.000000  1.000000  0.000000  0.000000  0.000000  1.000000  1.000000  0.000000  0.000000  0.000000  1.000000  0.000000  0.000000  0.000000  1.000000  0.000059  0.000000  
204.148532 0.006342  0.097090  0.000813  0.997771  0.051296  -0.042678  -0.051192  0.998683  0.003526  0.042802  -0.001333  0.999083  -0.001738  0.004957  -0.001735  -0.015976  0.130044  0.207603  2.000000  1.000000  0.000000  0.000000  0.000000  1.000000  0.000000  0.000000  0.000000  1.000000  0.999988  0.004118  -0.002804  -0.004119  0.999991  -0.000552  0.002802  0.000563  0.999996  1.000000  0.000000  0.000000  0.000000  1.000000  0.000000  0.000000  0.000000  1.000000  1.000000  0.000000  0.000000  0.000000  1.000000  0.000000  0.000000  0.000000  1.000000  0.000061  0.000000  
204.149782 0.006339  0.097097  0.000810  0.997771  0.051291  -0.042684  -0.051192  0.998683  0.003405  0.042802  -0.001212  0.999083  -0.001978  0.004854  -0.001660  -0.020607  0.125594  0.193779  2.000000  1.000000  0.000000  0.000000  0.000000  1.000000  0.000000  0.000000  0.000000  1.000000  0.999989  0.003912  -0.002671  -0.003913  0.999992  -0.000682  0.002668  0.000692  0.999996  1.000000  0.000000  0.000000  0.000000  1.000000  0.000000  0.000000  0.000000  1.000000  1.000000  0.000000  0.000000  0.000000  1.000000  0.000000  0.000000  0.000000  1.000000  0.000059  0.000000  
204.151031 0.006335  0.097104  0.000808  0.997765  0.051286  -0.042824  -0.051192  0.998683  0.003290  0.042936  -0.001091  0.999077  -0.002147  0.004845  -0.001628  -0.024749  0.124648  0.185417  2.000000  1.000000  0.000000  0.000000  0.000000  1.000000  0.000000  0.000000  0.000000  1.000000  0.999990  0.003500  -0.002672  -0.003502  0.999994  -0.000820  0.002669  0.000829  0.999996  1.000000  0.000000  0.000000  0.000000  1.000000  0.000000  0.000000  0.000000  1.000000  1.000000  0.000000  0.000000  0.000000  1.000000  0.000000  0.000000  0.000000  1.000000  0.000058  0.000000  
204.152032 0.006331  0.097109  0.000806  0.997755  0.051487  -0.042829  -0.051398  0.998673  0.003178  0.042936  -0.000969  0.999077  -0.002353  0.004753  -0.001660  -0.028721  0.121118  0.193750  2.000000  1.000000  0.000000  0.000000  0.000000  1.000000  0.000000  0.000000  0.000000  1.000000  0.999991  0.003499  -0.002539  -0.003502  0.999993  -0.000941  0.002535  0.000950  0.999996  1.000000  0.000000  0.000000  0.000000  1.000000  0.000000  0.000000  0.000000  1.000000  1.000000  0.000000  0.000000  0.000000  1.000000  0.000000  0.000000  0.000000  1.000000  0.000058  0.000000  
204.153276 0.006326  0.097115  0.000803  0.997749  0.051482  -0.042969  -0.051397  0.998674  0.003064  0.043070  -0.000848  0.999072  -0.002576  0.004758  -0.001613  -0.032518  0.124608  0.192179  2.000000  1.000000  0.000000  0.000000  0.000000  1.000000  0.000000  0.000000  0.000000  1.000000  0.999992  0.003088  -0.002406  -0.003090  0.999995  -0.001080  0.002402  0.001087  0.999997  1.000000  0.000000  0.000000  0.000000  1.000000  0.000000  0.000000  0.000000  1.000000  1.000000  0.000000  0.000000  0.000000  1.000000  0.000000  0.000000  0.000000  1.000000  0.000058  0.000000  
204.154280 0.006322  0.097119  0.000802  0.997749  0.051476  -0.042975  -0.051397  0.998674  0.002943  0.043070  -0.000727  0.999072  -0.002809  0.004699  -0.001650  -0.036832  0.120169  0.185308  2.000000  1.000000  0.000000  0.000000  0.000000  1.000000  0.000000  0.000000  0.000000  1.000000  0.999994  0.002676  -0.002272  -0.002679  0.999996  -0.001219  0.002269  0.001225  0.999997  1.000000  0.000000  0.000000  0.000000  1.000000  0.000000  0.000000  0.000000  1.000000  1.000000  0.000000  0.000000  0.000000  1.000000  0.000000  0.000000  0.000000  1.000000  0.000056  0.000000  
204.155529 0.006317  0.097126  0.000800  0.997749  0.051471  -0.042982  -0.051397  0.998674  0.002821  0.043070  -0.000606  0.999072  -0.003036  0.004737  -0.001674  0.000000  0.000000  0.000000  2.000000  1.000000  0.000000  0.000000  0.000000  1.000000  0.000000  0.000000  0.000000  1.000000  0.999995  0.002470  -0.002005  -0.002472  0.999996  -0.001349  0.002002  0.001354  0.999997  1.000000  0.000000  0.000000  0.000000  1.000000  0.000000  0.000000  0.000000  1.000000  1.000000  0.000000  0.000000  0.000000  1.000000  0.000000  0.000000  0.000000  1.000000  0.000053  0.000000  
204.156778 0.006312  0.097132  0.000798  0.997749  0.051461  -0.042994  -0.051397  0.998675  0.002579  0.043070  -0.000364  0.999072  -0.003195  0.004779  -0.001677  0.000000  0.000000  0.000000  2.000000  1.000000  0.000000  0.000000  0.000000  1.000000  0.000000  0.000000  0.000000  1.000000  0.999996  0.002058  -0.001872  -0.002061  0.999997  -0.001488  0.001869  0.001492  0.999997  1.000000  0.000000  0.000000  0.000000  1.000000  0.000000  0.000000  0.000000  1.000000  1.000000  0.000000  0.000000  0.000000  1.000000  0.000000  0.000000  0.000000  1.000000  0.000000  0.000000  
204.157781 0.006308  0.097137  0.000796  0.997749  0.051455  -0.043000  -0.051397  0.998675  0.002458  0.043070  -0.000242  0.999072  -0.003323  0.004882  -0.001684  0.000000  0.000000  0.000000  2.000000  1.000000  0.000000  0.000000  0.000000  1.000000  0.000000  0.000000  0.000000  1.000000  0.999997  0.001852  -0.001739  -0.001855  0.999997  -0.001740  0.001736  0.001743  0.999997  1.000000  0.000000  0.000000  0.000000  1.000000  0.000000  0.000000  0.000000  1.000000  1.000000  0.000000  0.000000  0.000000  1.000000  0.000000  0.000000  0.000000  1.000000  0.000000  0.000000  
204.158798 0.006304  0.097142  0.000795  0.997749  0.051450  -0.043007  -0.051397  0.998676  0.002337  0.043070  -0.000121  0.999072  -0.003429  0.004967  -0.001661  0.000000  0.000000  0.000000  2.000000  1.000000  0.000000  0.000000  0.000000  1.000000  0.000000  0.000000  0.000000  1.000000  0.999997  0.001646  -0.001605  -0.001649  0.999997  -0.001749  0.001602  0.001751  0.999997  1.000000  0.000000  0.000000  0.000000  1.000000  0.000000  0.000000  0.000000  1.000000  1.000000  0.000000  0.000000  0.000000  1.000000  0.000000  0.000000  0.000000  1.000000  0.000000  0.000000  
204.160030 0.006299  0.097149  0.000794  0.997749  0.051440  -0.043019  -0.051397  0.998676  0.002095  0.043070  0.000121  0.999072  -0.003567  0.005028  -0.001605  0.000000  0.000000  0.000000  2.000000  1.000000  0.000000  0.000000  0.000000  1.000000  0.000000  0.000000  0.000000  1.000000  0.999998  0.001440  -0.001338  -0.001442  0.999997  -0.001879  0.001335  0.001881  0.999997  1.000000  0.000000  0.000000  0.000000  1.000000  0.000000  0.000000  0.000000  1.000000  1.000000  0.000000  0.000000  0.000000  1.000000  0.000000  0.000000  0.000000  1.000000  0.000000  0.000000  
204.161031 0.006295  0.097155  0.000793  0.997743  0.051435  -0.043159  -0.051397  0.998676  0.001980  0.043204  0.000242  0.999066  -0.003626  0.005124  -0.001585  0.000000  0.000000  0.000000  2.000000  1.000000  0.000000  0.000000  0.000000  1.000000  0.000000  0.000000  0.000000  1.000000  0.999998  0.001234  -0.001338  -0.001237  0.999997  -0.002130  0.001336  0.002132  0.999997  1.000000  0.000000  0.000000  0.000000  1.000000  0.000000  0.000000  0.000000  1.000000  1.000000  0.000000  0.000000  0.000000  1.000000  0.000000  0.000000  0.000000  1.000000  0.000000  0.000000  
204.162281 0.006291  0.097163  0.000792  0.997743  0.051424  -0.043171  -0.051397  0.998677  0.001738  0.043204  0.000485  0.999066  -0.003697  0.005221  -0.001532  0.000000  0.000000  0.000000  2.000000  1.000000  0.000000  0.000000  0.000000  1.000000  0.000000  0.000000  0.000000  1.000000  0.999999  0.001028  -0.001071  -0.001030  0.999997  -0.002139  0.001069  0.002140  0.999997  1.000000  0.000000  0.000000  0.000000  1.000000  0.000000  0.000000  0.000000  1.000000  1.000000  0.000000  0.000000  0.000000  1.000000  0.000000  0.000000  0.000000  1.000000  0.000000  0.000000  
204.163284 0.006287  0.097169  0.000791  0.997733  0.051624  -0.043177  -0.051602  0.998666  0.001626  0.043204  0.000606  0.999066  -0.003749  0.005321  -0.001461  0.000000  0.000000  0.000000  2.000000  1.000000  0.000000  0.000000  0.000000  1.000000  0.000000  0.000000  0.000000  1.000000  0.999999  0.001028  -0.000937  -0.001030  0.999997  -0.002260  0.000935  0.002261  0.999997  1.000000  0.000000  0.000000  0.000000  1.000000  0.000000  0.000000  0.000000  1.000000  1.000000  0.000000  0.000000  0.000000  1.000000  0.000000  0.000000  0.000000  1.000000  0.000000  0.000000  
204.164530 0.006283  0.097177  0.000790  0.997733  0.051614  -0.043190  -0.051602  0.998667  0.001384  0.043204  0.000848  0.999066  -0.003785  0.005428  -0.001376  0.000000  0.000000  0.000000  2.000000  1.000000  0.000000  0.000000  0.000000  1.000000  0.000000  0.000000  0.000000  1.000000  0.999999  0.000822  -0.000803  -0.000824  0.999997  -0.002512  0.000801  0.002512  0.999997  1.000000  0.000000  0.000000  0.000000  1.000000  0.000000  0.000000  0.000000  1.000000  1.000000  0.000000  0.000000  0.000000  1.000000  0.000000  0.000000  0.000000  1.000000  0.000000  0.000000  
204.165782 0.006279  0.097186  0.000788  0.997733  0.051604  -0.043202  -0.051602  0.998667  0.001141  0.043204  0.001091  0.999066  -0.003807  0.005530  -0.001322  0.000000  0.000000  0.000000  2.000000  1.000000  0.000000  0.000000  0.000000  1.000000  0.000000  0.000000  0.000000  1.000000  1.000000  0.000616  -0.000670  -0.000618  0.999997  -0.002521  0.000668  0.002521  0.999997  1.000000  0.000000  0.000000  0.000000  1.000000  0.000000  0.000000  0.000000  1.000000  1.000000  0.000000  0.000000  0.000000  1.000000  0.000000  0.000000  0.000000  1.000000  0.000000  0.000000  
204.166783 0.006276  0.097193  0.000787  0.997728  0.051804  -0.043075  -0.051808  0.998657  0.001022  0.043070  0.001212  0.999071  -0.003777  0.005715  -0.001237  0.000000  0.000000  0.000000  2.000000  1.000000  0.000000  0.000000  0.000000  1.000000  0.000000  0.000000  0.000000  1.000000  1.000000  0.000616  -0.000536  -0.000618  0.999996  -0.002642  0.000534  0.002642  0.999996  1.000000  0.000000  0.000000  0.000000  1.000000  0.000000  0.000000  0.000000  1.000000  1.000000  0.000000  0.000000  0.000000  1.000000  0.000000  0.000000  0.000000  1.000000  0.000000  0.000000  
204.168027 0.006271  0.097201  0.000785  0.997728  0.051799  -0.043081  -0.051808  0.998657  0.000901  0.043070  0.001333  0.999071  -0.003750  0.005863  -0.001237  0.000000  0.000000  0.000000  2.000000  1.000000  0.000000  0.000000  0.000000  1.000000  0.000000  0.000000  0.000000  1.000000  1.000000  0.000617  -0.000402  -0.000618  0.999996  -0.002642  0.000401  0.002642  0.999996  1.000000  0.000000  0.000000  0.000000  1.000000  0.000000  0.000000  0.000000  1.000000  1.000000  0.000000  0.000000  0.000000  1.000000  0.000000  0.000000  0.000000  1.000000  0.000000  0.000000  
204.169031 0.006267  0.097208  0.000783  0.997728  0.051788  -0.043094  -0.051808  0.998657  0.000659  0.043070  0.001575  0.999071  -0.003722  0.006011  -0.001237  0.000000  0.000000  0.000000  2.000000  1.000000  0.000000  0.000000  0.000000  1.000000  0.000000  0.000000  0.000000  1.000000  1.000000  0.000617  -0.000268  -0.000617  0.999996  -0.002763  0.000267  0.002763  0.999996  1.000000  0.000000  0.000000  0.000000  1.000000  0.000000  0.000000  0.000000  1.000000  1.000000  0.000000  0.000000  0.000000  1.000000  0.000000  0.000000  0.000000  1.000000  0.000000  0.000000  
204.170032 0.006264  0.097216  0.000781  0.997728  0.051783  -0.043100  -0.051808  0.998657  0.000538  0.043070  0.001697  0.999071  -0.003650  0.006183  -0.001248  0.000000  0.000000  0.000000  2.000000  1.000000  0.000000  0.000000  0.000000  1.000000  0.000000  0.000000  0.000000  1.000000  1.000000  0.000617  -0.000135  -0.000617  0.999996  -0.002885  0.000133  0.002885  0.999996  1.000000  0.000000  0.000000  0.000000  1.000000  0.000000  0.000000  0.000000  1.000000  1.000000  0.000000  0.000000  0.000000  1.000000  0.000000  0.000000  0.000000  1.000000  0.000000  0.000000  
204.171035 0.006261  0.097223  0.000780  0.997717  0.051983  -0.043106  -0.052014  0.998646  0.000425  0.043070  0.001818  0.999070  -0.003630  0.006353  -0.001259  0.000000  0.000000  0.000000  2.000000  1.000000  0.000000  0.000000  0.000000  1.000000  0.000000  0.000000  0.000000  1.000000  1.000000  0.000822  -0.000135  -0.000823  0.999996  -0.002876  0.000133  0.002876  0.999996  1.000000  0.000000  0.000000  0.000000  1.000000  0.000000  0.000000  0.000000  1.000000  1.000000  0.000000  0.000000  0.000000  1.000000  0.000000  0.000000  0.000000  1.000000  0.000000  0.000000  
204.172280 0.006256  0.097233  0.000777  0.997717  0.051978  -0.043112  -0.052014  0.998646  0.000304  0.043070  0.001939  0.999070  -0.003528  0.006620  -0.001346  0.000000  0.000000  0.000000  2.000000  1.000000  0.000000  0.000000  0.000000  1.000000  0.000000  0.000000  0.000000  1.000000  1.000000  0.000617  -0.000135  -0.000617  0.999996  -0.002885  0.000133  0.002885  0.999996  1.000000  0.000000  0.000000  0.000000  1.000000  0.000000  0.000000  0.000000  1.000000  1.000000  0.000000  0.000000  0.000000  1.000000  0.000000  0.000000  0.000000  1.000000  0.000000  0.000000  
204.173281 0.006253  0.097241  0.000775  0.997717  0.051973  -0.043119  -0.052014  0.998646  0.000183  0.043070  0.002060  0.999070  -0.003451  0.006812  -0.001400  0.000000  0.000000  0.000000  2.000000  1.000000  0.000000  0.000000  0.000000  1.000000  0.000000  0.000000  0.000000  1.000000  1.000000  0.000617  -0.000001  -0.000617  0.999996  -0.002885  -0.000001  0.002885  0.999996  1.000000  0.000000  0.000000  0.000000  1.000000  0.000000  0.000000  0.000000  1.000000  1.000000  0.000000  0.000000  0.000000  1.000000  0.000000  0.000000  0.000000  1.000000  0.000000  0.000000  
204.174528 0.006250  0.097252  0.000773  0.997706  0.052168  -0.043131  -0.052219  0.998636  -0.000050  0.043070  0.002303  0.999069  -0.003370  0.007105  -0.001466  0.000000  0.000000  0.000000  2.000000  1.000000  0.000000  0.000000  0.000000  1.000000  0.000000  0.000000  0.000000  1.000000  1.000000  0.000823  -0.000002  -0.000823  0.999996  -0.002876  -0.000001  0.002876  0.999996  1.000000  0.000000  0.000000  0.000000  1.000000  0.000000  0.000000  0.000000  1.000000  1.000000  0.000000  0.000000  0.000000  1.000000  0.000000  0.000000  0.000000  1.000000  0.000000  0.000000  
204.175784 0.006247  0.097263  0.000770  0.997706  0.052163  -0.043138  -0.052219  0.998636  -0.000171  0.043070  0.002424  0.999069  -0.003286  0.007313  -0.001562  0.000000  0.000000  0.000000  2.000000  1.000000  0.000000  0.000000  0.000000  1.000000  0.000000  0.000000  0.000000  1.000000  1.000000  0.000823  -0.000002  -0.000823  0.999996  -0.002876  -0.000000  0.002876  0.999996  1.000000  0.000000  0.000000  0.000000  1.000000  0.000000  0.000000  0.000000  1.000000  1.000000  0.000000  0.000000  0.000000  1.000000  0.000000  0.000000  0.000000  1.000000  0.000000  0.000000  
204.177026 0.006243  0.097274  0.000768  0.997690  0.052358  -0.043284  -0.052424  0.998625  -0.000398  0.043204  0.002666  0.999063  -0.003219  0.007521  -0.001622  0.000000  0.000000  0.000000  2.000000  1.000000  0.000000  0.000000  0.000000  1.000000  0.000000  0.000000  0.000000  1.000000  0.999999  0.001028  -0.000136  -0.001028  0.999995  -0.002867  0.000133  0.002867  0.999996  1.000000  0.000000  0.000000  0.000000  1.000000  0.000000  0.000000  0.000000  1.000000  1.000000  0.000000  0.000000  0.000000  1.000000  0.000000  0.000000  0.000000  1.000000  0.000000  0.000000  
204.178034 0.006241  0.097283  0.000766  0.997690  0.052352  -0.043290  -0.052424  0.998625  -0.000519  0.043204  0.002787  0.999062  -0.003158  0.007768  -0.001703  0.000000  0.000000  0.000000  2.000000  1.000000  0.000000  0.000000  0.000000  1.000000  0.000000  0.000000  0.000000  1.000000  0.999999  0.001028  -0.000137  -0.001028  0.999995  -0.002867  0.000134  0.002867  0.999996  1.000000  0.000000  0.000000  0.000000  1.000000  0.000000  0.000000  0.000000  1.000000  1.000000  0.000000  0.000000  0.000000  1.000000  0.000000  0.000000  0.000000  1.000000  0.000000  0.000000  
204.179034 0.006238  0.097292  0.000764  0.997679  0.052553  -0.043297  -0.052629  0.998614  -0.000631  0.043204  0.002908  0.999062  -0.003096  0.007924  -0.001809  0.000000  0.000000  0.000000  2.000000  1.000000  0.000000  0.000000  0.000000  1.000000  0.000000  0.000000  0.000000  1.000000  0.999999  0.001234  -0.000137  -0.001234  0.999995  -0.002979  0.000134  0.002979  0.999996  1.000000  0.000000  0.000000  0.000000  1.000000  0.000000  0.000000  0.000000  1.000000  1.000000  0.000000  0.000000  0.000000  1.000000  0.000000  0.000000  0.000000  1.000000  0.000000  0.000000  
204.180280 0.006235  0.097304  0.000761  0.997673  0.052542  -0.043443  -0.052629  0.998614  -0.000866  0.043337  0.003151  0.999056  -0.003046  0.008126  -0.001834  0.000000  0.000000  0.000000  2.000000  1.000000  0.000000  0.000000  0.000000  1.000000  0.000000  0.000000  0.000000  1.000000  0.999999  0.001233  -0.000271  -0.001234  0.999995  -0.002858  0.000268  0.002858  0.999996  1.000000  0.000000  0.000000  0.000000  1.000000  0.000000  0.000000  0.000000  1.000000  1.000000  0.000000  0.000000  0.000000  1.000000  0.000000  0.000000  0.000000  1.000000  0.000000  0.000000  
204.181281 0.006232  0.097313  0.000759  0.997662  0.052742  -0.043450  -0.052835  0.998603  -0.000979  0.043337  0.003272  0.999055  -0.003000  0.008286  -0.001908  0.000000  0.000000  0.000000  2.000000  1.000000  0.000000  0.000000  0.000000  1.000000  0.000000  0.000000  0.000000  1.000000  0.999999  0.001439  -0.000138  -0.001440  0.999995  -0.002970  0.000134  0.002970  0.999996  1.000000  0.000000  0.000000  0.000000  1.000000  0.000000  0.000000  0.000000  1.000000  1.000000  0.000000  0.000000  0.000000  1.000000  0.000000  0.000000  0.000000  1.000000  0.000000  0.000000  
204.182282 0.006230  0.097323  0.000757  0.997657  0.052731  -0.043596  -0.052834  0.998603  -0.001214  0.043471  0.003514  0.999049  -0.002917  0.008453  -0.001950  0.000000  0.000000  0.000000  2.000000  1.000000  0.000000  0.000000  0.000000  1.000000  0.000000  0.000000  0.000000  1.000000  0.999999  0.001439  -0.000272  -0.001440  0.999995  -0.002970  0.000268  0.002970  0.999996  1.000000  0.000000  0.000000  0.000000  1.000000  0.000000  0.000000  0.000000  1.000000  1.000000  0.000000  0.000000  0.000000  1.000000  0.000000  0.000000  0.000000  1.000000  0.000000  0.000000  
204.183533 0.006226  0.097334  0.000754  0.997646  0.052931  -0.043602  -0.053040  0.998592  -0.001326  0.043471  0.003635  0.999048  -0.002821  0.008665  -0.002045  0.000000  0.000000  0.000000  2.000000  1.000000  0.000000  0.000000  0.000000  1.000000  0.000000  0.000000  0.000000  1.000000  0.999999  0.001439  -0.000273  -0.001440  0.999995  -0.002970  0.000269  0.002970  0.999996  1.000000  0.000000  0.000000  0.000000  1.000000  0.000000  0.000000  0.000000  1.000000  1.000000  0.000000  0.000000  0.000000  1.000000  0.000000  0.000000  0.000000  1.000000  0.000000  0.000000  
204.184782 0.006223  0.097346  0.000750  0.997640  0.052920  -0.043749  -0.053039  0.998591  -0.001561  0.043605  0.003878  0.999041  -0.002783  0.008854  -0.002132  0.000000  0.000000  0.000000  2.000000  1.000000  0.000000  0.000000  0.000000  1.000000  0.000000  0.000000  0.000000  1.000000  0.999999  0.001438  -0.000407  -0.001439  0.999995  -0.002970  0.000403  0.002970  0.999996  1.000000  0.000000  0.000000  0.000000  1.000000  0.000000  0.000000  0.000000  1.000000  1.000000  0.000000  0.000000  0.000000  1.000000  0.000000  0.000000  0.000000  1.000000  0.000000  0.000000  
204.186028 0.006220  0.097358  0.000746  0.997623  0.053115  -0.043895  -0.053244  0.998580  -0.001787  0.043738  0.004120  0.999035  -0.002740  0.009003  -0.002235  0.000000  0.000000  0.000000  2.000000  1.000000  0.000000  0.000000  0.000000  1.000000  0.000000  0.000000  0.000000  1.000000  0.999999  0.001643  -0.000542  -0.001645  0.999995  -0.002839  0.000537  0.002840  0.999996  1.000000  0.000000  0.000000  0.000000  1.000000  0.000000  0.000000  0.000000  1.000000  1.000000  0.000000  0.000000  0.000000  1.000000  0.000000  0.000000  0.000000  1.000000  0.000000  0.000000  
204.187277 0.006216  0.097370  0.000742  0.997623  0.053109  -0.043902  -0.053244  0.998580  -0.001908  0.043738  0.004241  0.999034  -0.002709  0.009127  -0.002360  0.000000  0.000000  0.000000  2.000000  1.000000  0.000000  0.000000  0.000000  1.000000  0.000000  0.000000  0.000000  1.000000  0.999999  0.001437  -0.000675  -0.001439  0.999995  -0.002969  0.000671  0.002970  0.999995  1.000000  0.000000  0.000000  0.000000  1.000000  0.000000  0.000000  0.000000  1.000000  1.000000  0.000000  0.000000  0.000000  1.000000  0.000000  0.000000  0.000000  1.000000  0.000000  0.000000  
204.188528 0.006212  0.097382  0.000737  0.997606  0.053304  -0.044049  -0.053449  0.998568  -0.002134  0.043872  0.004484  0.999027  -0.002705  0.009247  -0.002484  0.000000  0.000000  0.000000  2.000000  1.000000  0.000000  0.000000  0.000000  1.000000  0.000000  0.000000  0.000000  1.000000  0.999998  0.001642  -0.000810  -0.001644  0.999994  -0.002960  0.000805  0.002961  0.999995  1.000000  0.000000  0.000000  0.000000  1.000000  0.000000  0.000000  0.000000  1.000000  1.000000  0.000000  0.000000  0.000000  1.000000  0.000000  0.000000  0.000000  1.000000  0.000000  0.000000  
204.189776 0.006208  0.097394  0.000732  0.997600  0.053292  -0.044195  -0.053449  0.998568  -0.002369  0.044006  0.004726  0.999020  -0.002728  0.009348  -0.002632  0.000000  0.000000  0.000000  2.000000  1.000000  0.000000  0.000000  0.000000  1.000000  0.000000  0.000000  0.000000  1.000000  0.999998  0.001641  -0.000944  -0.001644  0.999994  -0.002960  0.000939  0.002961  0.999995  1.000000  0.000000  0.000000  0.000000  1.000000  0.000000  0.000000  0.000000  1.000000  1.000000  0.000000  0.000000  0.000000  1.000000  0.000000  0.000000  0.000000  1.000000  0.000000  0.000000  
204.190778 0.006205  0.097403  0.000728  0.997595  0.053286  -0.044335  -0.053449  0.998568  -0.002483  0.044139  0.004847  0.999014  -0.002792  0.009374  -0.002780  0.000000  0.000000  0.000000  2.000000  1.000000  0.000000  0.000000  0.000000  1.000000  0.000000  0.000000  0.000000  1.000000  0.999998  0.001640  -0.001078  -0.001644  0.999994  -0.003081  0.001073  0.003083  0.999995  1.000000  0.000000  0.000000  0.000000  1.000000  0.000000  0.000000  0.000000  1.000000  1.000000  0.000000  0.000000  0.000000  1.000000  0.000000  0.000000  0.000000  1.000000  0.000000  0.000000  
204.191779 0.006202  0.097413  0.000724  0.997589  0.053280  -0.044475  -0.053448  0.998567  -0.002597  0.044273  0.004968  0.999007  -0.002804  0.009459  -0.002963  0.000000  0.000000  0.000000  2.000000  1.000000  0.000000  0.000000  0.000000  1.000000  0.000000  0.000000  0.000000  1.000000  0.999998  0.001434  -0.001211  -0.001437  0.999994  -0.003090  0.001207  0.003092  0.999994  1.000000  0.000000  0.000000  0.000000  1.000000  0.000000  0.000000  0.000000  1.000000  1.000000  0.000000  0.000000  0.000000  1.000000  0.000000  0.000000  0.000000  1.000000  0.000000  0.000000  
204.192784 0.006198  0.097423  0.000720  0.997572  0.053480  -0.044615  -0.053654  0.998556  -0.002702  0.044407  0.005089  0.999001  -0.002890  0.009484  -0.003104  0.000000  0.000000  0.000000  2.000000  1.000000  0.000000  0.000000  0.000000  1.000000  0.000000  0.000000  0.000000  1.000000  0.999998  0.001639  -0.001212  -0.001643  0.999994  -0.003081  0.001207  0.003083  0.999995  1.000000  0.000000  0.000000  0.000000  1.000000  0.000000  0.000000  0.000000  1.000000  1.000000  0.000000  0.000000  0.000000  1.000000  0.000000  0.000000  0.000000  1.000000  0.000000  0.000000  
