1-Time 2-Px 3-Py 4-Pz 5-R11 6-R21 7-R31 8-R12 9-R22 10-R32 11-R13 12-R23 13-R33 14-Vx 15-Vy 16-Vz 17-Wx 18-Wy 19-Wz 20-state 21-PR11 22-PR21 23-PR31 24-PR12 25-PR22 26-PR32 27-PR13 28-PR23 29-PR33 
122.428778 0.005599  0.096498  0.005569  0.994574  0.093775  -0.045038  -0.091578  0.994612  0.048593  0.049352  -0.044205  0.997803  -0.001097  0.001749  -0.000546  0.000000  0.000000  0.000000  2.000000  1.000000  0.000000  0.000000  -0.000000  1.000000  0.000000  0.000000  -0.000000  1.000000  0.999999  0.001643  0.000073  -0.001643  0.999999  0.000081  -0.000073  -0.000081  1.000000  1.000000  0.000000  0.000000  0.000000  1.000000  0.000000  0.000000  0.000000  1.000000  0.866815  0.229600  0.442624  -0.250291  0.968096  -0.012017  -0.431262  -0.100369  0.896627  0.000000  0.000000  
122.429781 0.005598  0.096500  0.005569  0.994555  0.093980  -0.045028  -0.091783  0.994592  0.048602  0.049352  -0.044205  0.997803  -0.001156  0.001768  -0.000561  0.000000  0.000000  0.000000  2.000000  1.000000  0.000000  0.000000  0.000000  1.000000  0.000000  0.000000  0.000000  1.000000  0.999999  0.001643  0.000073  -0.001643  0.999999  0.000081  -0.000073  -0.000081  1.000000  1.000000  0.000000  0.000000  0.000000  1.000000  0.000000  0.000000  0.000000  1.000000  1.000000  0.000000  0.000000  0.000000  1.000000  0.000000  0.000000  0.000000  1.000000  0.000000  0.000000  
122.431031 0.005597  0.096503  0.005570  0.994492  0.094605  -0.045119  -0.092396  0.994528  0.048763  0.049485  -0.044326  0.997791  -0.001103  0.001846  -0.000392  0.000000  0.000000  0.000000  2.000000  1.000000  0.000000  0.000000  0.000000  1.000000  0.000000  0.000000  0.000000  1.000000  0.999997  0.002260  0.000101  -0.002260  0.999997  0.000233  -0.000100  -0.000233  1.000000  1.000000  0.000000  0.000000  0.000000  1.000000  0.000000  0.000000  0.000000  1.000000  1.000000  0.000000  0.000000  0.000000  1.000000  0.000000  0.000000  0.000000  1.000000  0.000000  0.000000  
122.432033 0.005597  0.096506  0.005572  0.994435  0.095219  -0.045089  -0.093010  0.994469  0.048791  0.049485  -0.044326  0.997791  -0.001058  0.001868  -0.000264  0.000000  0.000000  0.000000  2.000000  1.000000  0.000000  0.000000  0.000000  1.000000  0.000000  0.000000  0.000000  1.000000  0.999996  0.002676  -0.000015  -0.002676  0.999996  0.000254  0.000016  -0.000254  1.000000  1.000000  0.000000  0.000000  0.000000  1.000000  0.000000  0.000000  0.000000  1.000000  1.000000  0.000000  0.000000  0.000000  1.000000  0.000000  0.000000  0.000000  1.000000  0.000000  0.000000  
122.433281 0.005596  0.096507  0.005574  0.994370  0.095850  -0.045168  -0.093624  0.994398  0.049073  0.049619  -0.044568  0.997773  -0.000998  0.001883  -0.000030  0.000000  0.000000  0.000000  2.000000  1.000000  0.000000  0.000000  0.000000  1.000000  0.000000  0.000000  0.000000  1.000000  0.999994  0.003504  -0.000111  -0.003504  0.999994  0.000537  0.000113  -0.000537  1.000000  1.000000  0.000000  0.000000  0.000000  1.000000  0.000000  0.000000  0.000000  1.000000  1.000000  0.000000  0.000000  0.000000  1.000000  0.000000  0.000000  0.000000  1.000000  0.000000  0.000000  
122.434285 0.005596  0.096508  0.005576  0.994325  0.096271  -0.045269  -0.094033  0.994351  0.049224  0.049753  -0.044688  0.997761  -0.000975  0.001811  0.000141  0.000000  0.000000  0.000000  2.000000  1.000000  0.000000  0.000000  0.000000  1.000000  0.000000  0.000000  0.000000  1.000000  0.999993  0.003709  -0.000101  -0.003709  0.999993  0.000669  0.000104  -0.000668  1.000000  1.000000  0.000000  0.000000  0.000000  1.000000  0.000000  0.000000  0.000000  1.000000  1.000000  0.000000  0.000000  0.000000  1.000000  0.000000  0.000000  0.000000  1.000000  0.000000  0.000000  
122.435532 0.005596  0.096510  0.005579  0.994260  0.096897  -0.045360  -0.094646  0.994285  0.049386  0.049886  -0.044809  0.997749  -0.000864  0.001787  0.000432  0.000000  0.000000  0.000000  2.000000  1.000000  0.000000  0.000000  0.000000  1.000000  0.000000  0.000000  0.000000  1.000000  0.999991  0.004132  -0.000350  -0.004132  0.999991  0.000812  0.000353  -0.000810  1.000000  1.000000  0.000000  0.000000  0.000000  1.000000  0.000000  0.000000  0.000000  1.000000  1.000000  0.000000  0.000000  0.000000  1.000000  0.000000  0.000000  0.000000  1.000000  0.000000  0.000000  
122.436779 0.005597  0.096513  0.005583  0.994169  0.097739  -0.045561  -0.095464  0.994192  0.049690  0.050153  -0.045050  0.997725  -0.000730  0.001816  0.000733  0.038184  0.018312  0.194552  2.000000  1.000000  0.000000  0.000000  0.000000  1.000000  0.000000  0.000000  0.000000  1.000000  0.999988  0.004966  -0.000579  -0.004965  0.999987  0.001096  0.000584  -0.001093  0.999999  1.000000  0.000000  0.000000  0.000000  1.000000  0.000000  0.000000  0.000000  1.000000  1.000000  0.000000  0.000000  0.000000  1.000000  0.000000  0.000000  0.000000  1.000000  0.000048  0.000000  
122.437780 0.005596  0.096514  0.005587  0.994076  0.098575  -0.045774  -0.096281  0.994104  0.049873  0.050421  -0.045171  0.997706  -0.000688  0.001808  0.001012  0.043333  0.026365  0.215720  2.000000  1.000000  0.000165  0.000216  -0.000165  1.000000  0.000059  -0.000216  -0.000059  1.000000  0.999984  0.005594  -0.000817  -0.005593  0.999984  0.001250  0.000824  -0.001245  0.999999  1.000000  0.000044  0.000055  -0.000044  1.000000  0.000016  -0.000055  -0.000016  1.000000  1.000000  0.000165  0.000216  -0.000165  1.000000  0.000059  -0.000216  -0.000059  1.000000  0.000054  0.005790  
122.438791 0.005596  0.096515  0.005590  0.993983  0.099411  -0.045987  -0.097098  0.994015  0.050058  0.050688  -0.045291  0.997687  -0.000609  0.001761  0.001309  0.048791  0.034078  0.243576  2.000000  1.000000  0.000309  0.000399  -0.000309  1.000000  0.000110  -0.000399  -0.000110  1.000000  0.999979  0.006422  -0.000913  -0.006421  0.999978  0.001413  0.000922  -0.001408  0.999999  1.000000  0.000050  0.000064  -0.000050  1.000000  0.000018  -0.000064  -0.000018  1.000000  1.000000  0.000309  0.000399  -0.000309  1.000000  0.000110  -0.000399  -0.000110  1.000000  0.000061  0.006638  
122.440041 0.005596  0.096517  0.005594  0.993856  0.100656  -0.046033  -0.098325  0.993879  0.050369  0.050822  -0.045533  0.997669  -0.000519  0.001764  0.001618  0.059043  0.036681  0.285220  2.000000  1.000000  0.000536  0.000683  -0.000536  1.000000  0.000188  -0.000683  -0.000188  1.000000  0.999970  0.007667  -0.001122  -0.007665  0.999969  0.001720  0.001135  -0.001711  0.999998  1.000000  0.000060  0.000076  -0.000060  1.000000  0.000021  -0.000076  -0.000021  1.000000  1.000000  0.000536  0.000683  -0.000536  1.000000  0.000188  -0.000683  -0.000188  1.000000  0.000072  0.007936  
122.441282 0.005596  0.096521  0.005598  0.993740  0.101702  -0.046223  -0.099347  0.993761  0.050684  0.051089  -0.045774  0.997645  -0.000378  0.001812  0.001877  0.068627  0.044387  0.313256  2.000000  0.999999  0.000794  0.001007  -0.000794  1.000000  0.000279  -0.001007  -0.000280  0.999999  0.999963  0.008501  -0.001350  -0.008498  0.999962  0.001885  0.001366  -0.001874  0.999997  1.000000  0.000068  0.000084  -0.000068  1.000000  0.000023  -0.000084  -0.000023  1.000000  0.999999  0.000794  0.001007  -0.000794  1.000000  0.000279  -0.001007  -0.000280  0.999999  0.000080  0.008810  
122.442284 0.005597  0.096524  0.005602  0.993652  0.102532  -0.046301  -0.100165  0.993670  0.050856  0.051222  -0.045895  0.997632  -0.000244  0.001918  0.002206  0.074103  0.047605  0.341014  2.000000  0.999998  0.001080  0.001362  -0.001080  0.999999  0.000382  -0.001362  -0.000383  0.999999  0.999955  0.009329  -0.001444  -0.009326  0.999954  0.002171  0.001464  -0.002157  0.999997  1.000000  0.000074  0.000092  -0.000074  1.000000  0.000027  -0.000092  -0.000027  1.000000  0.999998  0.001080  0.001362  -0.001080  0.999999  0.000382  -0.001362  -0.000383  0.999999  0.000087  0.009685  
122.443536 0.005598  0.096528  0.005609  0.993534  0.103579  -0.046489  -0.101186  0.993551  0.051171  0.051490  -0.046136  0.997607  -0.000087  0.001996  0.002654  0.084038  0.054980  0.375908  2.000000  0.999997  0.001472  0.001848  -0.001473  0.999999  0.000523  -0.001847  -0.000526  0.999998  0.999947  0.010163  -0.001672  -0.010159  0.999946  0.002337  0.001695  -0.002319  0.999996  1.000000  0.000082  0.000099  -0.000082  1.000000  0.000029  -0.000099  -0.000029  1.000000  0.999997  0.001472  0.001848  -0.001473  0.999999  0.000523  -0.001847  -0.000526  0.999998  0.000096  0.010560  
122.444788 0.005600  0.096532  0.005615  0.993395  0.104829  -0.046666  -0.102412  0.993408  0.051497  0.051757  -0.046378  0.997582  0.000151  0.002105  0.003125  0.093978  0.062344  0.410788  2.000000  0.999996  0.001822  0.002275  -0.001823  0.999998  0.000650  -0.002274  -0.000654  0.999997  0.999933  0.011408  -0.001879  -0.011403  0.999931  0.002645  0.001909  -0.002624  0.999995  1.000000  0.000092  0.000112  -0.000092  1.000000  0.000033  -0.000112  -0.000033  1.000000  0.999996  0.001822  0.002275  -0.001823  0.999998  0.000650  -0.002274  -0.000654  0.999997  0.000105  0.011858  
122.446031 0.005602  0.096536  0.005621  0.993275  0.105876  -0.046853  -0.103433  0.993286  0.051814  0.052024  -0.046619  0.997557  0.000295  0.002173  0.003369  0.103963  0.069723  0.445821  2.000000  0.999993  0.002300  0.002858  -0.002303  0.999997  0.000825  -0.002856  -0.000832  0.999996  0.999923  0.012243  -0.002104  -0.012236  0.999921  0.002933  0.002140  -0.002907  0.999993  1.000000  0.000099  0.000119  -0.000099  1.000000  0.000036  -0.000119  -0.000037  1.000000  0.999993  0.002300  0.002858  -0.002303  0.999997  0.000825  -0.002856  -0.000832  0.999996  0.000115  0.012761  
122.447032 0.005603  0.096538  0.005626  0.993176  0.106712  -0.047063  -0.104249  0.993191  0.052001  0.052291  -0.046740  0.997537  0.000398  0.002172  0.003644  0.109147  0.077731  0.466913  2.000000  0.999991  0.002715  0.003355  -0.002719  0.999996  0.000979  -0.003352  -0.000988  0.999994  0.999912  0.013077  -0.002330  -0.013070  0.999909  0.003222  0.002372  -0.003191  0.999992  1.000000  0.000107  0.000127  -0.000107  1.000000  0.000040  -0.000127  -0.000040  1.000000  0.999991  0.002715  0.003355  -0.002719  0.999996  0.000979  -0.003352  -0.000988  0.999994  0.000122  0.013665  
122.448279 0.005604  0.096540  0.005634  0.993068  0.107560  -0.047392  -0.105065  0.993088  0.052322  0.052692  -0.046981  0.997505  0.000493  0.002153  0.003960  0.117855  0.089169  0.491190  2.000000  0.999987  0.003275  0.004009  -0.003280  0.999994  0.001186  -0.004005  -0.001200  0.999991  0.999900  0.013918  -0.002688  -0.013909  0.999897  0.003512  0.002737  -0.003475  0.999990  1.000000  0.000116  0.000134  -0.000116  1.000000  0.000044  -0.000134  -0.000044  1.000000  0.999987  0.003275  0.004009  -0.003280  0.999994  0.001186  -0.004005  -0.001200  0.999991  0.000130  0.014600  
122.449281 0.005604  0.096540  0.005639  0.992960  0.108408  -0.047721  -0.105880  0.992984  0.052645  0.053093  -0.047221  0.997472  0.000567  0.002123  0.004214  0.128475  0.102038  0.523388  2.000000  0.999983  0.003753  0.004555  -0.003759  0.999992  0.001366  -0.004549  -0.001383  0.999989  0.999890  0.014547  -0.002922  -0.014536  0.999887  0.003791  0.002977  -0.003748  0.999989  1.000000  0.000123  0.000139  -0.000123  1.000000  0.000047  -0.000139  -0.000047  1.000000  0.999983  0.003753  0.004555  -0.003759  0.999992  0.001366  -0.004549  -0.001383  0.999989  0.000136  0.015310  
122.450286 0.005605  0.096540  0.005645  0.992837  0.109454  -0.047905  -0.106901  0.992858  0.052963  0.053360  -0.047463  0.997447  0.000613  0.002042  0.004478  0.138100  0.109675  0.551349  2.000000  0.999978  0.004263  0.005127  -0.004271  0.999990  0.001557  -0.005121  -0.001578  0.999986  0.999877  0.015382  -0.003148  -0.015369  0.999874  0.003959  0.003209  -0.003910  0.999987  1.000000  0.000131  0.000147  -0.000131  1.000000  0.000049  -0.000147  -0.000049  1.000000  0.999978  0.004263  0.005127  -0.004271  0.999990  0.001557  -0.005121  -0.001578  0.999986  0.000144  0.016187  
122.451531 0.005607  0.096540  0.005654  0.992712  0.110500  -0.048089  -0.107921  0.992731  0.053282  0.053628  -0.047704  0.997421  0.000703  0.001846  0.004785  0.148127  0.117018  0.586367  2.000000  0.999971  0.004940  0.005880  -0.004951  0.999986  0.001813  -0.005871  -0.001842  0.999981  0.999866  0.016018  -0.003516  -0.016003  0.999863  0.004241  0.003583  -0.004184  0.999985  1.000000  0.000138  0.000151  -0.000138  1.000000  0.000053  -0.000151  -0.000053  1.000000  0.999971  0.004940  0.005880  -0.004951  0.999986  0.001813  -0.005871  -0.001842  0.999981  0.000153  0.016932  
122.452531 0.005607  0.096539  0.005660  0.992601  0.111343  -0.048430  -0.108736  0.992631  0.053486  0.054028  -0.047824  0.997394  0.000728  0.001660  0.004951  0.153433  0.129536  0.607854  2.000000  0.999965  0.005365  0.006343  -0.005377  0.999984  0.001974  -0.006332  -0.002008  0.999978  0.999858  0.016436  -0.003625  -0.016420  0.999856  0.004388  0.003697  -0.004328  0.999984  1.000000  0.000142  0.000155  -0.000142  1.000000  0.000054  -0.000155  -0.000054  1.000000  0.999965  0.005365  0.006343  -0.005377  0.999984  0.001974  -0.006332  -0.002008  0.999978  0.000159  0.017387  
122.453533 0.005607  0.096537  0.005667  0.992497  0.112179  -0.048638  -0.109552  0.992531  0.053675  0.054296  -0.047944  0.997373  0.000726  0.001491  0.005201  0.157716  0.136080  0.630654  2.000000  0.999958  0.005945  0.006966  -0.005960  0.999980  0.002193  -0.006953  -0.002234  0.999973  0.999854  0.016654  -0.003880  -0.016637  0.999851  0.004525  0.003955  -0.004460  0.999982  1.000000  0.000146  0.000156  -0.000146  1.000000  0.000056  -0.000156  -0.000056  1.000000  0.999958  0.005945  0.006966  -0.005960  0.999980  0.002193  -0.006953  -0.002234  0.999973  0.000165  0.017681  
122.454779 0.005606  0.096535  0.005675  0.992392  0.113020  -0.048831  -0.110368  0.992424  0.053986  0.054563  -0.048186  0.997347  0.000664  0.001179  0.005484  0.168313  0.145133  0.656916  2.000000  0.999948  0.006682  0.007746  -0.006701  0.999975  0.002466  -0.007729  -0.002518  0.999967  0.999849  0.016873  -0.004134  -0.016855  0.999848  0.004542  0.004210  -0.004472  0.999981  1.000000  0.000151  0.000156  -0.000151  1.000000  0.000056  -0.000156  -0.000056  1.000000  0.999948  0.006682  0.007746  -0.006701  0.999975  0.002466  -0.007729  -0.002518  0.999967  0.000173  0.017948  
122.455781 0.005606  0.096533  0.005681  0.992309  0.113652  -0.049049  -0.110979  0.992346  0.054166  0.054830  -0.048306  0.997327  0.000650  0.000943  0.005698  0.173549  0.153109  0.678009  2.000000  0.999938  0.007287  0.008380  -0.007310  0.999970  0.002686  -0.008360  -0.002747  0.999961  0.999846  0.017079  -0.004121  -0.017060  0.999844  0.004556  0.004198  -0.004485  0.999981  1.000000  0.000152  0.000159  -0.000152  1.000000  0.000056  -0.000159  -0.000057  1.000000  0.999938  0.007287  0.008380  -0.007310  0.999970  0.002686  -0.008360  -0.002747  0.999961  0.000178  0.018142  
122.457034 0.005605  0.096531  0.005689  0.992203  0.114488  -0.049256  -0.111794  0.992244  0.054356  0.055097  -0.048426  0.997306  0.000584  0.000549  0.005851  0.178768  0.161062  0.699016  2.000000  0.999925  0.008057  0.009180  -0.008085  0.999963  0.002960  -0.009156  -0.003034  0.999953  0.999841  0.017291  -0.004243  -0.017272  0.999840  0.004571  0.004321  -0.004497  0.999981  1.000000  0.000154  0.000160  -0.000154  1.000000  0.000057  -0.000160  -0.000057  1.000000  0.999925  0.008057  0.009180  -0.008085  0.999963  0.002960  -0.009156  -0.003034  0.999953  0.000184  0.018374  
122.458288 0.005605  0.096529  0.005697  0.992096  0.115324  -0.049462  -0.112610  0.992141  0.054547  0.055364  -0.048546  0.997285  0.000460  0.000083  0.005968  0.184007  0.169025  0.720084  2.000000  0.999911  0.008821  0.009975  -0.008854  0.999956  0.003229  -0.009946  -0.003317  0.999945  0.999845  0.017086  -0.004251  -0.017067  0.999844  0.004446  0.004326  -0.004372  0.999981  1.000000  0.000153  0.000158  -0.000153  1.000000  0.000055  -0.000158  -0.000055  1.000000  0.999911  0.008821  0.009975  -0.008854  0.999956  0.003229  -0.009946  -0.003317  0.999945  0.000190  0.018152  
122.459529 0.005604  0.096527  0.005704  0.992011  0.115956  -0.049680  -0.113221  0.992061  0.054729  0.055632  -0.048667  0.997265  0.000300  -0.000244  0.006017  0.187791  0.175618  0.735428  2.000000  0.999896  0.009577  0.010754  -0.009615  0.999948  0.003492  -0.010720  -0.003595  0.999936  0.999852  0.016676  -0.004269  -0.016657  0.999852  0.004306  0.004340  -0.004235  0.999982  1.000000  0.000151  0.000154  -0.000151  1.000000  0.000053  -0.000154  -0.000053  1.000000  0.999896  0.009577  0.010754  -0.009615  0.999948  0.003492  -0.010720  -0.003595  0.999936  0.000198  0.017736  
122.460535 0.005602  0.096526  0.005710  0.991950  0.116383  -0.049908  -0.113628  0.992005  0.054900  0.055899  -0.048787  0.997244  0.000024  -0.000634  0.006115  0.189051  0.186261  0.734938  2.000000  0.999887  0.010019  0.011203  -0.010061  0.999943  0.003647  -0.011166  -0.003759  0.999931  0.999862  0.016060  -0.004298  -0.016042  0.999862  0.004277  0.004366  -0.004207  0.999982  1.000000  0.000147  0.000147  -0.000147  1.000000  0.000053  -0.000147  -0.000053  1.000000  0.999887  0.010019  0.011203  -0.010061  0.999943  0.003647  -0.011166  -0.003759  0.999931  0.000197  0.017159  
122.461784 0.005600  0.096525  0.005717  0.991864  0.117015  -0.050125  -0.114238  0.991925  0.055081  0.056166  -0.048907  0.997223  -0.000209  -0.000864  0.006112  0.192934  0.191058  0.728353  2.000000  0.999871  0.010739  0.011911  -0.010787  0.999934  0.003894  -0.011869  -0.004022  0.999921  0.999874  0.015239  -0.004337  -0.015221  0.999876  0.004114  0.004399  -0.004047  0.999982  1.000000  0.000142  0.000138  -0.000142  1.000000  0.000051  -0.000138  -0.000051  1.000000  0.999871  0.010739  0.011911  -0.010787  0.999934  0.003894  -0.011869  -0.004022  0.999921  0.000196  0.016362  
122.463033 0.005597  0.096523  0.005724  0.991802  0.117442  -0.050353  -0.114645  0.991869  0.055253  0.056433  -0.049027  0.997202  -0.000464  -0.001152  0.006124  0.188632  0.195738  0.721677  2.000000  0.999855  0.011445  0.012587  -0.011497  0.999925  0.004130  -0.012538  -0.004275  0.999912  0.999880  0.014835  -0.004491  -0.014818  0.999883  0.003853  0.004547  -0.003785  0.999982  1.000000  0.000142  0.000132  -0.000142  1.000000  0.000048  -0.000132  -0.000048  1.000000  0.999855  0.011445  0.012587  -0.011497  0.999925  0.004130  -0.012538  -0.004275  0.999912  0.000194  0.015964  
122.464283 0.005593  0.096520  0.005731  0.991716  0.118068  -0.050584  -0.115256  0.991795  0.055315  0.056700  -0.049027  0.997187  -0.000789  -0.001365  0.006135  0.183547  0.198221  0.722810  2.000000  0.999839  0.012132  0.013231  -0.012190  0.999916  0.004360  -0.013177  -0.004521  0.999903  0.999889  0.014213  -0.004386  -0.014197  0.999892  0.003699  0.004438  -0.003636  0.999984  1.000000  0.000137  0.000126  -0.000137  1.000000  0.000046  -0.000126  -0.000046  1.000000  0.999839  0.012132  0.013231  -0.012190  0.999916  0.004360  -0.013177  -0.004521  0.999903  0.000194  0.015320  
122.465531 0.005588  0.096517  0.005740  0.991661  0.118489  -0.050680  -0.115663  0.991738  0.055471  0.056834  -0.049147  0.997173  -0.001168  -0.001532  0.006193  0.183270  0.198451  0.715962  2.000000  0.999823  0.012791  0.013829  -0.012855  0.999907  0.004572  -0.013769  -0.004749  0.999894  0.999903  0.013186  -0.004436  -0.013171  0.999907  0.003523  0.004482  -0.003464  0.999984  1.000000  0.000131  0.000115  -0.000131  1.000000  0.000044  -0.000115  -0.000044  1.000000  0.999823  0.012791  0.013829  -0.012855  0.999907  0.004572  -0.013769  -0.004749  0.999894  0.000193  0.014345  
122.466780 0.005583  0.096513  0.005748  0.991598  0.118910  -0.050922  -0.116070  0.991688  0.055523  0.057101  -0.049146  0.997158  -0.001668  -0.001776  0.006161  0.175802  0.196542  0.701158  2.000000  0.999806  0.013425  0.014393  -0.013495  0.999898  0.004773  -0.014328  -0.004967  0.999885  0.999912  0.012557  -0.004199  -0.012543  0.999916  0.003248  0.004240  -0.003195  0.999986  1.000000  0.000124  0.000109  -0.000124  1.000000  0.000040  -0.000109  -0.000040  1.000000  0.999806  0.013425  0.014393  -0.013495  0.999898  0.004773  -0.014328  -0.004967  0.999885  0.000189  0.013627  
122.467781 0.005577  0.096510  0.005755  0.991567  0.119121  -0.051043  -0.116273  0.991663  0.055549  0.057235  -0.049146  0.997150  -0.001988  -0.001869  0.006155  0.167716  0.194925  0.679106  2.000000  0.999793  0.013914  0.014822  -0.013988  0.999890  0.004922  -0.014752  -0.005128  0.999878  0.999918  0.012140  -0.004086  -0.012128  0.999922  0.002983  0.004122  -0.002934  0.999987  1.000000  0.000120  0.000106  -0.000120  1.000000  0.000037  -0.000106  -0.000037  1.000000  0.999793  0.013914  0.014822  -0.013988  0.999890  0.004922  -0.014752  -0.005128  0.999878  0.000185  0.013147  
122.468783 0.005572  0.096507  0.005762  0.991535  0.119338  -0.051150  -0.116476  0.991631  0.055696  0.057368  -0.049267  0.997137  -0.002310  -0.001945  0.006221  0.168686  0.191965  0.660966  2.000000  0.999784  0.014265  0.015130  -0.014343  0.999885  0.005026  -0.015056  -0.005242  0.999873  0.999923  0.011722  -0.003973  -0.011711  0.999927  0.002840  0.004006  -0.002794  0.999988  1.000000  0.000116  0.000102  -0.000116  1.000000  0.000035  -0.000102  -0.000035  1.000000  0.999784  0.014265  0.015130  -0.014343  0.999885  0.005026  -0.015056  -0.005242  0.999873  0.000180  0.012694  
122.470031 0.005565  0.096504  0.005772  0.991480  0.119753  -0.051259  -0.116884  0.991581  0.055732  0.057502  -0.049266  0.997129  -0.002763  -0.002023  0.006363  0.159213  0.193205  0.633656  2.000000  0.999768  0.014839  0.015630  -0.014921  0.999875  0.005193  -0.015551  -0.005425  0.999864  0.999929  0.011305  -0.003859  -0.011295  0.999933  0.002699  0.003889  -0.002655  0.999989  1.000000  0.000113  0.000098  -0.000113  1.000000  0.000033  -0.000098  -0.000033  1.000000  0.999768  0.014839  0.015630  -0.014921  0.999875  0.005193  -0.015551  -0.005425  0.999864  0.000173  0.012242  
122.471282 0.005558  0.096501  0.005782  0.991416  0.120174  -0.051501  -0.117290  0.991530  0.055785  0.057769  -0.049265  0.997114  -0.003156  -0.002064  0.006516  0.150120  0.194043  0.612926  2.000000  0.999752  0.015378  0.016088  -0.015466  0.999866  0.005342  -0.016003  -0.005590  0.999856  0.999937  0.010484  -0.003900  -0.010475  0.999942  0.002412  0.003925  -0.002371  0.999989  1.000000  0.000108  0.000089  -0.000108  1.000000  0.000030  -0.000089  -0.000030  1.000000  0.999752  0.015378  0.016088  -0.015466  0.999866  0.005342  -0.016003  -0.005590  0.999856  0.000168  0.011439  
122.472289 0.005553  0.096499  0.005790  0.991384  0.120385  -0.051622  -0.117493  0.991504  0.055811  0.057902  -0.049265  0.997106  -0.003546  -0.002107  0.006664  0.145915  0.192463  0.590264  2.000000  0.999740  0.015793  0.016430  -0.015884  0.999859  0.005448  -0.016342  -0.005707  0.999850  0.999944  0.009861  -0.003797  -0.009853  0.999949  0.002135  0.003818  -0.002098  0.999991  1.000000  0.000103  0.000083  -0.000103  1.000000  0.000026  -0.000083  -0.000026  1.000000  0.999740  0.015793  0.016430  -0.015884  0.999859  0.005448  -0.016342  -0.005707  0.999850  0.000163  0.010777  
122.473536 0.005545  0.096496  0.005799  0.991328  0.120800  -0.051732  -0.117901  0.991454  0.055848  0.058036  -0.049265  0.997098  -0.003976  -0.002213  0.006750  0.135938  0.191442  0.571672  2.000000  0.999726  0.016271  0.016821  -0.016366  0.999851  0.005561  -0.016728  -0.005835  0.999843  0.999953  0.009020  -0.003437  -0.009014  0.999958  0.001846  0.003453  -0.001815  0.999992  1.000000  0.000094  0.000076  -0.000094  1.000000  0.000023  -0.000076  -0.000023  1.000000  0.999726  0.016271  0.016821  -0.016366  0.999851  0.005561  -0.016728  -0.005835  0.999843  0.000157  0.009825  
122.474785 0.005537  0.096493  0.005809  0.991272  0.121214  -0.051841  -0.118308  0.991403  0.055885  0.058170  -0.049264  0.997090  -0.004425  -0.002284  0.006913  0.126470  0.188252  0.544158  2.000000  0.999712  0.016722  0.017184  -0.016821  0.999842  0.005664  -0.017087  -0.005951  0.999836  0.999959  0.008397  -0.003334  -0.008392  0.999963  0.001691  0.003348  -0.001663  0.999993  1.000000  0.000089  0.000070  -0.000089  1.000000  0.000021  -0.000070  -0.000021  1.000000  0.999712  0.016722  0.017184  -0.016821  0.999842  0.005664  -0.017087  -0.005951  0.999836  0.000148  0.009189  
122.476035 0.005530  0.096491  0.005820  0.991215  0.121629  -0.051951  -0.118715  0.991352  0.055922  0.058303  -0.049264  0.997083  -0.004793  -0.002289  0.007153  0.117987  0.182101  0.520679  2.000000  0.999702  0.017068  0.017463  -0.017171  0.999836  0.005736  -0.017363  -0.006035  0.999831  0.999961  0.008185  -0.003211  -0.008180  0.999965  0.001558  0.003223  -0.001532  0.999994  1.000000  0.000086  0.000068  -0.000086  1.000000  0.000019  -0.000068  -0.000019  1.000000  0.999702  0.017068  0.017463  -0.017171  0.999836  0.005736  -0.017363  -0.006035  0.999831  0.000143  0.008927  
122.477281 0.005522  0.096490  0.005831  0.991158  0.122038  -0.052075  -0.119122  0.991308  0.055840  0.058437  -0.049143  0.997081  -0.005170  -0.002313  0.007437  0.104214  0.176755  0.502438  2.000000  0.999689  0.017483  0.017802  -0.017589  0.999828  0.005813  -0.017698  -0.006124  0.999825  0.999964  0.007966  -0.002955  -0.007963  0.999968  0.001183  0.002964  -0.001159  0.999995  1.000000  0.000082  0.000068  -0.000082  1.000000  0.000015  -0.000068  -0.000015  1.000000  0.999689  0.017483  0.017802  -0.017589  0.999828  0.005813  -0.017698  -0.006124  0.999825  0.000137  0.008577  
122.478287 0.005516  0.096489  0.005840  0.991109  0.122446  -0.052052  -0.119530  0.991258  0.055861  0.058437  -0.049143  0.997081  -0.005395  -0.002183  0.007687  0.096244  0.165332  0.492116  2.000000  0.999678  0.017802  0.018061  -0.017910  0.999822  0.005864  -0.017953  -0.006186  0.999820  0.999967  0.007549  -0.002841  -0.007546  0.999971  0.001038  0.002849  -0.001017  0.999995  1.000000  0.000078  0.000064  -0.000078  1.000000  0.000013  -0.000064  -0.000013  1.000000  0.999678  0.017802  0.018061  -0.017910  0.999822  0.005864  -0.017953  -0.006186  0.999820  0.000133  0.008131  
122.479534 0.005508  0.096489  0.005852  0.991052  0.122860  -0.052161  -0.119937  0.991207  0.055898  0.058570  -0.049142  0.997073  -0.005684  -0.002061  0.007950  0.086678  0.157634  0.464119  2.000000  0.999666  0.018176  0.018371  -0.018287  0.999815  0.005919  -0.018260  -0.006253  0.999814  0.999971  0.007132  -0.002728  -0.007129  0.999974  0.000894  0.002734  -0.000875  0.999996  1.000000  0.000074  0.000060  -0.000074  1.000000  0.000011  -0.000060  -0.000011  1.000000  0.999666  0.018176  0.018371  -0.018287  0.999815  0.005919  -0.018260  -0.006253  0.999814  0.000128  0.007687  
122.480782 0.005498  0.096487  0.005863  0.991028  0.123064  -0.052150  -0.120141  0.991181  0.055909  0.058570  -0.049142  0.997073  -0.005929  -0.001918  0.008122  0.076787  0.148370  0.439359  2.000000  0.999654  0.018528  0.018667  -0.018642  0.999808  0.005965  -0.018553  -0.006311  0.999808  0.999975  0.006701  -0.002348  -0.006699  0.999977  0.000749  0.002353  -0.000733  0.999997  1.000000  0.000067  0.000058  -0.000067  1.000000  0.000009  -0.000058  -0.000009  1.000000  0.999654  0.018528  0.018667  -0.018642  0.999808  0.005965  -0.018553  -0.006311  0.999808  0.000119  0.007139  
122.482035 0.005489  0.096487  0.005875  0.990953  0.123677  -0.052115  -0.120753  0.991105  0.055941  0.058570  -0.049142  0.997073  -0.006136  -0.001658  0.008405  0.068187  0.137072  0.421639  2.000000  0.999642  0.018856  0.018961  -0.018973  0.999802  0.006003  -0.018844  -0.006361  0.999802  0.999975  0.006688  -0.002080  -0.006687  0.999977  0.000627  0.002085  -0.000614  0.999998  1.000000  0.000064  0.000059  -0.000064  1.000000  0.000008  -0.000059  -0.000008  1.000000  0.999642  0.018856  0.018961  -0.018973  0.999802  0.006003  -0.018844  -0.006361  0.999802  0.000113  0.007032  
122.483044 0.005482  0.096487  0.005886  0.990903  0.124085  -0.052092  -0.121161  0.991054  0.055963  0.058570  -0.049142  0.997073  -0.006285  -0.001457  0.008632  0.063260  0.127362  0.410959  2.000000  0.999633  0.019108  0.019201  -0.019227  0.999797  0.006030  -0.019082  -0.006397  0.999797  0.999976  0.006681  -0.001947  -0.006680  0.999977  0.000627  0.001951  -0.000614  0.999998  1.000000  0.000063  0.000060  -0.000063  1.000000  0.000008  -0.000060  -0.000008  1.000000  0.999633  0.019108  0.019201  -0.019227  0.999797  0.006030  -0.019082  -0.006397  0.999797  0.000110  0.006987  
122.484284 0.005474  0.096488  0.005899  0.990821  0.124703  -0.052190  -0.121772  0.990976  0.056011  0.058704  -0.049142  0.997065  -0.006392  -0.001168  0.008915  0.054947  0.120040  0.400075  2.000000  0.999623  0.019360  0.019451  -0.019481  0.999792  0.006052  -0.019330  -0.006428  0.999792  0.999975  0.006880  -0.001803  -0.006879  0.999976  0.000519  0.001806  -0.000507  0.999998  1.000000  0.000063  0.000063  -0.000063  1.000000  0.000006  -0.000063  -0.000006  1.000000  0.999623  0.019360  0.019451  -0.019481  0.999792  0.006052  -0.019330  -0.006428  0.999792  0.000107  0.007131  
122.485531 0.005465  0.096489  0.005913  0.990770  0.125111  -0.052167  -0.122180  0.990925  0.056033  0.058704  -0.049142  0.997065  -0.006531  -0.000910  0.009178  0.050103  0.114940  0.389838  2.000000  0.999611  0.019669  0.019774  -0.019793  0.999786  0.006078  -0.019650  -0.006467  0.999786  0.999974  0.007079  -0.001659  -0.007078  0.999975  0.000531  0.001663  -0.000519  0.999998  1.000000  0.000062  0.000066  -0.000062  1.000000  0.000007  -0.000066  -0.000007  1.000000  0.999611  0.019669  0.019774  -0.019793  0.999786  0.006078  -0.019650  -0.006467  0.999786  0.000105  0.007289  
122.486782 0.005457  0.096491  0.005928  0.990695  0.125723  -0.052132  -0.122792  0.990847  0.056065  0.058704  -0.049142  0.997065  -0.006613  -0.000593  0.009488  0.045729  0.103063  0.378594  2.000000  0.999599  0.019966  0.020104  -0.020092  0.999780  0.006098  -0.019978  -0.006499  0.999779  0.999975  0.006860  -0.001402  -0.006859  0.999976  0.000398  0.001405  -0.000388  0.999999  1.000000  0.000058  0.000065  -0.000058  1.000000  0.000005  -0.000065  -0.000005  1.000000  0.999599  0.019966  0.020104  -0.020092  0.999780  0.006098  -0.019978  -0.006499  0.999779  0.000101  0.007013  
122.488031 0.005449  0.096493  0.005944  0.990619  0.126335  -0.052098  -0.123404  0.990770  0.056097  0.058704  -0.049142  0.997065  -0.006638  -0.000258  0.009886  0.041313  0.094407  0.371311  2.000000  0.999586  0.020260  0.020453  -0.020389  0.999773  0.006116  -0.020324  -0.006531  0.999772  0.999973  0.007264  -0.001248  -0.007263  0.999974  0.000422  0.001251  -0.000413  0.999999  1.000000  0.000059  0.000071  -0.000059  1.000000  0.000005  -0.000071  -0.000005  1.000000  0.999586  0.020260  0.020453  -0.020389  0.999773  0.006116  -0.020324  -0.006531  0.999772  0.000098  0.007382  
122.489034 0.005444  0.096496  0.005957  0.990542  0.126947  -0.052063  -0.124016  0.990691  0.056129  0.058704  -0.049142  0.997065  -0.006569  0.000123  0.010263  0.037358  0.084334  0.374548  2.000000  0.999575  0.020495  0.020745  -0.020626  0.999768  0.006132  -0.020615  -0.006557  0.999766  0.999972  0.007463  -0.001104  -0.007462  0.999972  0.000434  0.001107  -0.000426  0.999999  1.000000  0.000059  0.000074  -0.000059  1.000000  0.000005  -0.000074  -0.000005  1.000000  0.999575  0.020495  0.020745  -0.020626  0.999768  0.006132  -0.020615  -0.006557  0.999766  0.000096  0.007556  
122.490036 0.005438  0.096499  0.005971  0.990483  0.127361  -0.052172  -0.124423  0.990638  0.056167  0.058837  -0.049141  0.997057  -0.006548  0.000469  0.010710  0.033269  0.080857  0.370534  2.000000  0.999563  0.020729  0.021053  -0.020862  0.999763  0.006141  -0.020920  -0.006578  0.999760  0.999969  0.007866  -0.000950  -0.007866  0.999969  0.000338  0.000953  -0.000330  0.999999  1.000000  0.000059  0.000079  -0.000059  1.000000  0.000004  -0.000079  -0.000004  1.000000  0.999563  0.020729  0.021053  -0.020862  0.999763  0.006141  -0.020920  -0.006578  0.999760  0.000098  0.007931  
122.491039 0.005432  0.096502  0.005985  0.990406  0.127973  -0.052138  -0.125035  0.990559  0.056200  0.058837  -0.049141  0.997057  -0.006505  0.000750  0.011045  0.029612  0.075998  0.377187  2.000000  0.999555  0.020904  0.021289  -0.021040  0.999760  0.006149  -0.021155  -0.006594  0.999754  0.999969  0.007860  -0.000816  -0.007859  0.999969  0.000338  0.000819  -0.000331  1.000000  1.000000  0.000058  0.000080  -0.000058  1.000000  0.000004  -0.000080  -0.000004  1.000000  0.999555  0.020904  0.021289  -0.021040  0.999760  0.006149  -0.021155  -0.006594  0.999754  0.000095  0.007909  
122.492289 0.005426  0.096506  0.006003  0.990329  0.128585  -0.052103  -0.125646  0.990480  0.056232  0.058837  -0.049141  0.997057  -0.006431  0.001073  0.011498  0.030060  0.066677  0.383643  2.000000  0.999543  0.021141  0.021626  -0.021279  0.999755  0.006159  -0.021491  -0.006617  0.999747  0.999966  0.008264  -0.000662  -0.008263  0.999966  0.000362  0.000665  -0.000356  1.000000  1.000000  0.000059  0.000085  -0.000059  1.000000  0.000004  -0.000085  -0.000004  1.000000  0.999543  0.021141  0.021626  -0.021279  0.999755  0.006159  -0.021491  -0.006617  0.999747  0.000097  0.008298  
122.493534 0.005420  0.096510  0.006021  0.990251  0.129190  -0.052084  -0.126258  0.990407  0.056144  0.058837  -0.049020  0.997063  -0.006316  0.001371  0.011914  0.022359  0.057361  0.390137  2.000000  0.999527  0.021437  0.022072  -0.021578  0.999748  0.006173  -0.021934  -0.006647  0.999737  0.999962  0.008668  -0.000508  -0.008667  0.999962  0.000386  0.000512  -0.000381  1.000000  1.000000  0.000060  0.000091  -0.000060  1.000000  0.000005  -0.000091  -0.000005  1.000000  0.999527  0.021437  0.022072  -0.021578  0.999748  0.006173  -0.021934  -0.006647  0.999737  0.000099  0.008691  
122.494786 0.005413  0.096514  0.006040  0.990147  0.130006  -0.052038  -0.127073  0.990301  0.056187  0.058837  -0.049020  0.997063  -0.006176  0.001724  0.012411  0.023008  0.051793  0.400631  2.000000  0.999510  0.021733  0.022541  -0.021878  0.999742  0.006180  -0.022401  -0.006670  0.999727  0.999959  0.009071  -0.000355  -0.009071  0.999959  0.000288  0.000358  -0.000285  1.000000  1.000000  0.000061  0.000096  -0.000061  1.000000  0.000004  -0.000096  -0.000004  1.000000  0.999510  0.021733  0.022541  -0.021878  0.999742  0.006180  -0.022401  -0.006670  0.999727  0.000100  0.009083  
122.496031 0.005407  0.096518  0.006059  0.990068  0.130618  -0.052003  -0.127685  0.990220  0.056219  0.058837  -0.049020  0.997063  -0.005972  0.002077  0.012883  0.019003  0.042828  0.399948  2.000000  0.999492  0.022034  0.023036  -0.022182  0.999735  0.006188  -0.022894  -0.006696  0.999715  0.999955  0.009475  -0.000201  -0.009475  0.999955  0.000312  0.000204  -0.000310  1.000000  1.000000  0.000061  0.000101  -0.000061  1.000000  0.000004  -0.000101  -0.000004  1.000000  0.999492  0.022034  0.023036  -0.022182  0.999735  0.006188  -0.022894  -0.006696  0.999715  0.000102  0.009483  
122.497032 0.005402  0.096522  0.006073  0.989989  0.131235  -0.051952  -0.128296  0.990133  0.056371  0.058837  -0.049141  0.997057  -0.005840  0.002301  0.013180  0.023870  0.037677  0.413440  2.000000  0.999477  0.022273  0.023445  -0.022424  0.999729  0.006198  -0.023300  -0.006720  0.999706  0.999953  0.009674  -0.000056  -0.009674  0.999953  0.000446  0.000061  -0.000445  1.000000  1.000000  0.000061  0.000104  -0.000061  1.000000  0.000006  -0.000104  -0.000006  1.000000  0.999477  0.022273  0.023445  -0.022424  0.999729  0.006198  -0.023300  -0.006720  0.999706  0.000106  0.009684  
122.498049 0.005397  0.096525  0.006088  0.989910  0.131847  -0.051917  -0.128908  0.990051  0.056403  0.058837  -0.049141  0.997057  -0.005638  0.002592  0.013578  0.024896  0.032813  0.430387  2.000000  0.999462  0.022514  0.023861  -0.022668  0.999724  0.006216  -0.023714  -0.006754  0.999696  0.999953  0.009667  0.000077  -0.009667  0.999953  0.000567  -0.000072  -0.000568  1.000000  1.000000  0.000060  0.000105  -0.000060  1.000000  0.000007  -0.000105  -0.000007  1.000000  0.999462  0.022514  0.023861  -0.022668  0.999724  0.006216  -0.023714  -0.006754  0.999696  0.000106  0.009684  
122.499290 0.005391  0.096530  0.006107  0.989830  0.132458  -0.051883  -0.129519  0.989970  0.056435  0.058837  -0.049141  0.997057  -0.005447  0.002842  0.013921  0.021276  0.023461  0.436784  2.000000  0.999446  0.022757  0.024293  -0.022915  0.999718  0.006236  -0.024145  -0.006789  0.999685  0.999949  0.010078  0.000098  -0.010078  0.999949  0.000591  -0.000092  -0.000592  1.000000  1.000000  0.000062  0.000110  -0.000062  1.000000  0.000007  -0.000110  -0.000007  1.000000  0.999446  0.022757  0.024293  -0.022915  0.999718  0.006236  -0.024145  -0.006789  0.999685  0.000110  0.010096  
122.500531 0.005385  0.096535  0.006126  0.989723  0.133280  -0.051820  -0.130334  0.989853  0.056598  0.058837  -0.049262  0.997051  -0.005292  0.003095  0.014181  0.026193  0.018267  0.450456  2.000000  0.999429  0.023010  0.024747  -0.023171  0.999712  0.006260  -0.024596  -0.006830  0.999674  0.999945  0.010481  0.000253  -0.010482  0.999945  0.000736  -0.000245  -0.000739  1.000000  1.000000  0.000063  0.000115  -0.000063  1.000000  0.000009  -0.000115  -0.000009  1.000000  0.999429  0.023010  0.024747  -0.023171  0.999712  0.006260  -0.024596  -0.006830  0.999674  0.000113  0.010511  
122.501781 0.005380  0.096540  0.006145  0.989615  0.134101  -0.051757  -0.131149  0.989736  0.056761  0.058837  -0.049383  0.997045  -0.005154  0.003297  0.014488  0.030881  0.008503  0.459983  2.000000  0.999407  0.023331  0.025339  -0.023497  0.999704  0.006294  -0.025185  -0.006885  0.999659  0.999941  0.010892  0.000274  -0.010892  0.999940  0.000760  -0.000265  -0.000763  1.000000  1.000000  0.000065  0.000120  -0.000065  1.000000  0.000010  -0.000120  -0.000010  1.000000  0.999407  0.023331  0.025339  -0.023497  0.999704  0.006294  -0.025185  -0.006885  0.999659  0.000116  0.010922  
122.502782 0.005375  0.096545  0.006161  0.989534  0.134712  -0.051722  -0.131760  0.989653  0.056793  0.058837  -0.049383  0.997045  -0.004990  0.003510  0.014707  0.031719  0.003372  0.473526  2.000000  0.999388  0.023596  0.025830  -0.023767  0.999698  0.006327  -0.025672  -0.006937  0.999646  0.999938  0.011097  0.000285  -0.011097  0.999938  0.000894  -0.000275  -0.000897  1.000000  1.000000  0.000066  0.000122  -0.000066  1.000000  0.000011  -0.000122  -0.000011  1.000000  0.999388  0.023596  0.025830  -0.023767  0.999698  0.006327  -0.025672  -0.006937  0.999646  0.000118  0.011137  
122.504031 0.005370  0.096551  0.006181  0.989425  0.135534  -0.051659  -0.132575  0.989535  0.056955  0.058837  -0.049504  0.997039  -0.004915  0.003620  0.014908  0.036595  -0.001790  0.486957  2.000000  0.999363  0.023934  0.026456  -0.024110  0.999689  0.006369  -0.026295  -0.007003  0.999630  0.999934  0.011508  0.000306  -0.011508  0.999933  0.000918  -0.000295  -0.000921  1.000000  1.000000  0.000069  0.000126  -0.000069  1.000000  0.000011  -0.000126  -0.000011  1.000000  0.999363  0.023934  0.026456  -0.024110  0.999689  0.006369  -0.026295  -0.007003  0.999630  0.000123  0.011549  
