1-Time 2-Px 3-Py 4-Pz 5-R11 6-R21 7-R31 8-R12 9-R22 10-R32 11-R13 12-R23 13-R33 14-Vx 15-Vy 16-Vz 17-Wx 18-Wy 19-Wz 20-state 21-PR11 22-PR21 23-PR31 24-PR12 25-PR22 26-PR32 27-PR13 28-PR23 29-PR33 
185.093757 0.006869  0.099263  -0.002275  0.991330  0.115723  -0.062228  -0.111076  0.991085  0.073566  0.070187  -0.066017  0.995347  -0.000024  -0.000086  -0.000096  0.000000  0.000000  0.000000  2.000000  1.000000  0.000000  0.000000  -0.000000  1.000000  0.000000  0.000000  -0.000000  1.000000  1.000000  0.000811  0.000188  -0.000811  1.000000  0.000058  -0.000188  -0.000058  1.000000  1.000000  0.000000  0.000000  0.000000  1.000000  0.000000  0.000000  0.000000  1.000000  0.722938  0.281972  0.630755  -0.329761  0.943056  -0.043628  -0.607139  -0.176458  0.774755  0.000000  0.000000  
185.094764 0.006869  0.099263  -0.002276  0.991308  0.115927  -0.062213  -0.111280  0.991061  0.073579  0.070187  -0.066017  0.995347  -0.000040  -0.000120  -0.000152  0.000000  0.000000  0.000000  2.000000  1.000000  0.000000  0.000000  0.000000  1.000000  0.000000  0.000000  0.000000  1.000000  1.000000  0.000811  0.000188  -0.000811  1.000000  0.000058  -0.000188  -0.000058  1.000000  1.000000  0.000000  0.000000  0.000000  1.000000  0.000000  0.000000  0.000000  1.000000  1.000000  0.000000  0.000000  0.000000  1.000000  0.000000  0.000000  0.000000  1.000000  0.000000  0.000000  
185.096012 0.006870  0.099263  -0.002276  0.991220  0.116564  -0.062418  -0.111890  0.990979  0.073768  0.070453  -0.066136  0.995320  0.000039  -0.000084  -0.000130  0.000000  0.000000  0.000000  2.000000  1.000000  0.000000  0.000000  0.000000  1.000000  0.000000  0.000000  0.000000  1.000000  0.999999  0.001434  0.000095  -0.001434  0.999999  0.000101  -0.000095  -0.000101  1.000000  1.000000  0.000000  0.000000  0.000000  1.000000  0.000000  0.000000  0.000000  1.000000  1.000000  0.000000  0.000000  0.000000  1.000000  0.000000  0.000000  0.000000  1.000000  0.000000  0.000000  
185.097265 0.006871  0.099263  -0.002278  0.991095  0.117600  -0.062460  -0.112910  0.990848  0.073967  0.070587  -0.066256  0.995303  0.000130  -0.000088  -0.000233  0.000000  0.000000  0.000000  2.000000  1.000000  0.000000  0.000000  0.000000  1.000000  0.000000  0.000000  0.000000  1.000000  0.999997  0.002272  -0.000117  -0.002272  0.999997  0.000402  0.000118  -0.000402  1.000000  1.000000  0.000000  0.000000  0.000000  1.000000  0.000000  0.000000  0.000000  1.000000  1.000000  0.000000  0.000000  0.000000  1.000000  0.000000  0.000000  0.000000  1.000000  0.000000  0.000000  
185.098265 0.006873  0.099263  -0.002279  0.991039  0.118032  -0.062533  -0.113316  0.990781  0.074248  0.070720  -0.066497  0.995277  0.000229  -0.000113  -0.000323  0.000000  0.000000  0.000000  2.000000  1.000000  0.000000  0.000000  0.000000  1.000000  0.000000  0.000000  0.000000  1.000000  0.999996  0.002895  -0.000209  -0.002895  0.999996  0.000567  0.000211  -0.000567  1.000000  1.000000  0.000000  0.000000  0.000000  1.000000  0.000000  0.000000  0.000000  1.000000  1.000000  0.000000  0.000000  0.000000  1.000000  0.000000  0.000000  0.000000  1.000000  0.000000  0.000000  
185.099523 0.006875  0.099262  -0.002281  0.990950  0.118669  -0.062738  -0.113926  0.990697  0.074438  0.070987  -0.066616  0.995250  0.000370  -0.000188  -0.000459  0.000000  0.000000  0.000000  2.000000  1.000000  0.000000  0.000000  0.000000  1.000000  0.000000  0.000000  0.000000  1.000000  0.999994  0.003314  -0.000314  -0.003314  0.999994  0.000840  0.000317  -0.000838  1.000000  1.000000  0.000000  0.000000  0.000000  1.000000  0.000000  0.000000  0.000000  1.000000  1.000000  0.000000  0.000000  0.000000  1.000000  0.000000  0.000000  0.000000  1.000000  0.000000  0.000000  
185.100767 0.006878  0.099261  -0.002282  0.990860  0.119314  -0.062927  -0.114536  0.990603  0.074747  0.071254  -0.066857  0.995215  0.000558  -0.000200  -0.000519  0.000000  0.000000  0.000000  2.000000  1.000000  0.000000  0.000000  0.000000  1.000000  0.000000  0.000000  0.000000  1.000000  0.999993  0.003742  -0.000553  -0.003741  0.999992  0.001112  0.000557  -0.001110  0.999999  1.000000  0.000000  0.000000  0.000000  1.000000  0.000000  0.000000  0.000000  1.000000  1.000000  0.000000  0.000000  0.000000  1.000000  0.000000  0.000000  0.000000  1.000000  0.000000  0.000000  
185.102019 0.006880  0.099262  -0.002282  0.990713  0.120376  -0.063218  -0.115553  0.990458  0.075098  0.071655  -0.067096  0.995170  0.000753  -0.000158  -0.000536  0.049444  0.032884  0.181982  2.000000  1.000000  0.000000  0.000000  0.000000  1.000000  0.000000  0.000000  0.000000  1.000000  0.999988  0.004794  -0.000883  -0.004792  0.999987  0.001430  0.000890  -0.001425  0.999999  1.000000  0.000000  0.000000  0.000000  1.000000  0.000000  0.000000  0.000000  1.000000  1.000000  0.000000  0.000000  0.000000  1.000000  0.000000  0.000000  0.000000  1.000000  0.000046  0.000000  
185.103268 0.006882  0.099262  -0.002284  0.990565  0.121430  -0.063522  -0.116569  0.990322  0.075330  0.072055  -0.067215  0.995133  0.000859  -0.000128  -0.000582  0.056019  0.044027  0.217311  2.000000  1.000000  0.000234  0.000257  -0.000234  1.000000  0.000096  -0.000257  -0.000097  1.000000  0.999982  0.005854  -0.001347  -0.005852  0.999982  0.001626  0.001356  -0.001619  0.999998  1.000000  0.000051  0.000055  -0.000051  1.000000  0.000020  -0.000055  -0.000020  1.000000  1.000000  0.000234  0.000257  -0.000234  1.000000  0.000096  -0.000257  -0.000097  1.000000  0.000055  0.006222  
185.104518 0.006883  0.099262  -0.002285  0.990401  0.122686  -0.063664  -0.117790  0.990150  0.075680  0.072322  -0.067455  0.995098  0.000949  -0.000132  -0.000682  0.067164  0.050206  0.259242  2.000000  1.000000  0.000523  0.000564  -0.000523  1.000000  0.000209  -0.000564  -0.000209  1.000000  0.999973  0.007111  -0.001662  -0.007108  0.999973  0.001960  0.001676  -0.001948  0.999997  1.000000  0.000062  0.000067  -0.000063  1.000000  0.000024  -0.000067  -0.000024  1.000000  1.000000  0.000523  0.000564  -0.000523  1.000000  0.000209  -0.000564  -0.000209  1.000000  0.000067  0.007560  
185.105520 0.006885  0.099263  -0.002287  0.990275  0.123536  -0.063983  -0.118602  0.990037  0.075900  0.072722  -0.067574  0.995060  0.001056  -0.000042  -0.000825  0.072765  0.062252  0.280757  2.000000  0.999999  0.000792  0.000849  -0.000792  1.000000  0.000311  -0.000849  -0.000312  1.000000  0.999967  0.007949  -0.001872  -0.007945  0.999966  0.002143  0.001889  -0.002128  0.999996  1.000000  0.000070  0.000074  -0.000070  1.000000  0.000027  -0.000074  -0.000027  1.000000  0.999999  0.000792  0.000849  -0.000792  1.000000  0.000311  -0.000849  -0.000312  1.000000  0.000072  0.008441  
185.106760 0.006888  0.099266  -0.002289  0.990109  0.124785  -0.064139  -0.119823  0.989872  0.076131  0.072989  -0.067693  0.995033  0.001285  0.000187  -0.000926  0.079878  0.068455  0.322773  2.000000  0.999999  0.001168  0.001240  -0.001168  0.999999  0.000451  -0.001239  -0.000452  0.999999  0.999959  0.008796  -0.002215  -0.008791  0.999959  0.002327  0.002236  -0.002307  0.999995  1.000000  0.000079  0.000081  -0.000079  1.000000  0.000029  -0.000081  -0.000029  1.000000  0.999999  0.001168  0.001240  -0.001168  0.999999  0.000451  -0.001239  -0.000452  0.999999  0.000082  0.009362  
185.107763 0.006891  0.099269  -0.002290  0.989990  0.125626  -0.064325  -0.120636  0.989757  0.076336  0.073256  -0.067812  0.995005  0.001479  0.000366  -0.001005  0.085974  0.075547  0.350878  2.000000  0.999998  0.001505  0.001594  -0.001506  0.999999  0.000573  -0.001593  -0.000576  0.999999  0.999949  0.009839  -0.002411  -0.009833  0.999948  0.002525  0.002435  -0.002501  0.999994  1.000000  0.000088  0.000091  -0.000088  1.000000  0.000031  -0.000091  -0.000031  1.000000  0.999998  0.001505  0.001594  -0.001506  0.999999  0.000573  -0.001593  -0.000576  0.999999  0.000091  0.010437  
185.108764 0.006894  0.099272  -0.002291  0.989861  0.126476  -0.064643  -0.121448  0.989641  0.076558  0.073656  -0.067931  0.994967  0.001683  0.000601  -0.001040  0.092111  0.087131  0.379319  2.000000  0.999996  0.001875  0.001979  -0.001876  0.999998  0.000705  -0.001978  -0.000708  0.999998  0.999940  0.010677  -0.002620  -0.010669  0.999939  0.002709  0.002649  -0.002681  0.999993  1.000000  0.000095  0.000099  -0.000095  1.000000  0.000034  -0.000099  -0.000034  1.000000  0.999996  0.001875  0.001979  -0.001876  0.999998  0.000705  -0.001978  -0.000708  0.999998  0.000098  0.011319  
185.109764 0.006898  0.099276  -0.002292  0.989706  0.127529  -0.064945  -0.122463  0.989498  0.076794  0.074057  -0.068050  0.994930  0.001933  0.000856  -0.001038  0.098757  0.098245  0.414641  2.000000  0.999995  0.002178  0.002291  -0.002180  0.999997  0.000810  -0.002289  -0.000815  0.999997  0.999929  0.011524  -0.002962  -0.011515  0.999930  0.002895  0.002995  -0.002861  0.999991  1.000000  0.000104  0.000106  -0.000104  1.000000  0.000036  -0.000106  -0.000036  1.000000  0.999995  0.002178  0.002291  -0.002180  0.999997  0.000810  -0.002289  -0.000815  0.999997  0.000106  0.012242  
185.111014 0.006903  0.099280  -0.002293  0.989540  0.128600  -0.065363  -0.123477  0.989343  0.077166  0.074590  -0.068288  0.994873  0.002232  0.001107  -0.001125  0.108165  0.113382  0.439906  2.000000  0.999992  0.002739  0.002857  -0.002741  0.999996  0.000999  -0.002854  -0.001007  0.999995  0.999915  0.012585  -0.003422  -0.012574  0.999916  0.003220  0.003462  -0.003176  0.999989  1.000000  0.000116  0.000115  -0.000116  1.000000  0.000040  -0.000115  -0.000040  1.000000  0.999992  0.002739  0.002857  -0.002741  0.999996  0.000999  -0.002854  -0.001007  0.999995  0.000116  0.013429  
185.112266 0.006909  0.099284  -0.002295  0.989373  0.129670  -0.065781  -0.124490  0.989186  0.077540  0.075124  -0.068527  0.994817  0.002506  0.001399  -0.001150  0.119803  0.134361  0.479450  2.000000  0.999988  0.003352  0.003456  -0.003356  0.999994  0.001205  -0.003452  -0.001216  0.999993  0.999899  0.013647  -0.003883  -0.013633  0.999901  0.003424  0.003929  -0.003370  0.999987  1.000000  0.000128  0.000123  -0.000128  1.000000  0.000042  -0.000123  -0.000042  1.000000  0.999988  0.003352  0.003456  -0.003356  0.999994  0.001205  -0.003452  -0.001216  0.999993  0.000126  0.014590  
185.113514 0.006914  0.099285  -0.002296  0.989230  0.130537  -0.066213  -0.125300  0.989056  0.077901  0.075658  -0.068766  0.994760  0.002698  0.001519  -0.001126  0.130100  0.150384  0.508212  2.000000  0.999984  0.004023  0.004097  -0.004029  0.999991  0.001428  -0.004091  -0.001445  0.999991  0.999885  0.014504  -0.004356  -0.014488  0.999888  0.003735  0.004410  -0.003671  0.999984  1.000000  0.000138  0.000130  -0.000138  1.000000  0.000046  -0.000130  -0.000046  1.000000  0.999984  0.004023  0.004097  -0.004029  0.999991  0.001428  -0.004091  -0.001445  0.999991  0.000134  0.015591  
185.114526 0.006917  0.099285  -0.002298  0.989122  0.131183  -0.066545  -0.125907  0.988962  0.078112  0.076058  -0.068884  0.994721  0.002843  0.001631  -0.001114  0.135719  0.162324  0.529489  2.000000  0.999979  0.004596  0.004634  -0.004604  0.999988  0.001622  -0.004626  -0.001643  0.999988  0.999871  0.015352  -0.004695  -0.015333  0.999874  0.004045  0.004757  -0.003973  0.999981  1.000000  0.000147  0.000137  -0.000147  1.000000  0.000050  -0.000137  -0.000050  1.000000  0.999979  0.004596  0.004634  -0.004604  0.999988  0.001622  -0.004626  -0.001643  0.999988  0.000142  0.016548  
185.115768 0.006923  0.099285  -0.002300  0.988962  0.132253  -0.066813  -0.126921  0.988794  0.078591  0.076458  -0.069244  0.994665  0.003034  0.001643  -0.001194  0.150103  0.173842  0.558057  2.000000  0.999972  0.005350  0.005325  -0.005360  0.999984  0.001880  -0.005315  -0.001908  0.999984  0.999863  0.015790  -0.005063  -0.015769  0.999866  0.004327  0.005131  -0.004246  0.999978  1.000000  0.000154  0.000139  -0.000154  1.000000  0.000054  -0.000139  -0.000054  1.000000  0.999972  0.005350  0.005325  -0.005360  0.999984  0.001880  -0.005315  -0.001908  0.999984  0.000149  0.017128  
185.117018 0.006928  0.099284  -0.002302  0.988816  0.133120  -0.067244  -0.127730  0.988661  0.078954  0.076992  -0.069482  0.994608  0.003171  0.001524  -0.001291  0.160433  0.189837  0.586809  2.000000  0.999963  0.006128  0.006019  -0.006141  0.999979  0.002152  -0.006006  -0.002188  0.999980  0.999861  0.015810  -0.005326  -0.015787  0.999865  0.004454  0.005396  -0.004370  0.999976  1.000000  0.000157  0.000138  -0.000157  1.000000  0.000055  -0.000138  -0.000055  1.000000  0.999963  0.006128  0.006019  -0.006141  0.999979  0.002152  -0.006006  -0.002188  0.999980  0.000157  0.017258  
185.118269 0.006932  0.099283  -0.002305  0.988670  0.133988  -0.067674  -0.128539  0.988527  0.079318  0.077525  -0.069721  0.994550  0.003325  0.001371  -0.001471  0.170778  0.205826  0.615567  2.000000  0.999956  0.006765  0.006571  -0.006780  0.999974  0.002377  -0.006555  -0.002421  0.999976  0.999856  0.016035  -0.005573  -0.016009  0.999861  0.004721  0.005648  -0.004631  0.999973  1.000000  0.000161  0.000138  -0.000161  1.000000  0.000058  -0.000138  -0.000058  1.000000  0.999956  0.006765  0.006571  -0.006780  0.999974  0.002377  -0.006555  -0.002421  0.999976  0.000166  0.017609  
185.119522 0.006934  0.099280  -0.002309  0.988586  0.134439  -0.068005  -0.128942  0.988449  0.079638  0.077926  -0.069960  0.994501  0.003416  0.001153  -0.001543  0.180053  0.218242  0.630197  2.000000  0.999945  0.007577  0.007255  -0.007596  0.999968  0.002656  -0.007234  -0.002711  0.999970  0.999854  0.016055  -0.005838  -0.016028  0.999861  0.004606  0.005911  -0.004512  0.999972  1.000000  0.000164  0.000137  -0.000164  1.000000  0.000057  -0.000137  -0.000057  1.000000  0.999945  0.007577  0.007255  -0.007596  0.999968  0.002656  -0.007234  -0.002711  0.999970  0.000172  0.017682  
185.120768 0.006937  0.099276  -0.002314  0.988475  0.135086  -0.068335  -0.129549  0.988353  0.079851  0.078326  -0.070078  0.994462  0.003444  0.000851  -0.001760  0.185298  0.230740  0.644953  2.000000  0.999933  0.008401  0.007930  -0.008424  0.999960  0.002935  -0.007905  -0.003002  0.999964  0.999856  0.015860  -0.005982  -0.015833  0.999864  0.004596  0.006054  -0.004501  0.999972  1.000000  0.000164  0.000134  -0.000164  1.000000  0.000057  -0.000134  -0.000057  1.000000  0.999933  0.008401  0.007930  -0.008424  0.999960  0.002935  -0.007905  -0.003002  0.999964  0.000176  0.017551  
185.122017 0.006941  0.099275  -0.002318  0.988400  0.135528  -0.068533  -0.129953  0.988275  0.080154  0.078592  -0.070318  0.994424  0.003497  0.000504  -0.001969  0.194567  0.238695  0.659370  2.000000  0.999921  0.009219  0.008591  -0.009247  0.999952  0.003209  -0.008561  -0.003288  0.999958  0.999863  0.015451  -0.006009  -0.015424  0.999871  0.004449  0.006077  -0.004356  0.999972  1.000000  0.000162  0.000129  -0.000162  1.000000  0.000055  -0.000129  -0.000055  1.000000  0.999921  0.009219  0.008591  -0.009247  0.999952  0.003209  -0.008561  -0.003288  0.999958  0.000182  0.017154  
185.123265 0.006944  0.099274  -0.002323  0.988289  0.136174  -0.068863  -0.130559  0.988178  0.080368  0.078993  -0.070436  0.994384  0.003455  0.000230  -0.002187  0.200252  0.250611  0.680717  2.000000  0.999907  0.010018  0.009218  -0.010050  0.999943  0.003475  -0.009183  -0.003567  0.999951  0.999871  0.014847  -0.006183  -0.014820  0.999880  0.004407  0.006248  -0.004315  0.999971  1.000000  0.000160  0.000122  -0.000160  1.000000  0.000055  -0.000122  -0.000055  1.000000  0.999907  0.010018  0.009218  -0.010050  0.999943  0.003475  -0.009183  -0.003567  0.999951  0.000187  0.016665  
185.124266 0.006945  0.099275  -0.002326  0.988241  0.136405  -0.069093  -0.130760  0.988137  0.080537  0.079259  -0.070556  0.994354  0.003305  0.000050  -0.002345  0.205082  0.259255  0.688727  2.000000  0.999896  0.010644  0.009699  -0.010680  0.999936  0.003686  -0.009659  -0.003789  0.999946  0.999877  0.014429  -0.006078  -0.014402  0.999887  0.004379  0.006140  -0.004291  0.999972  1.000000  0.000156  0.000118  -0.000156  1.000000  0.000054  -0.000118  -0.000054  1.000000  0.999896  0.010644  0.009699  -0.010680  0.999936  0.003686  -0.009659  -0.003789  0.999946  0.000191  0.016246  
185.125514 0.006946  0.099275  -0.002330  0.988155  0.136848  -0.069439  -0.131163  0.988068  0.080738  0.079660  -0.070674  0.994314  0.002968  -0.000300  -0.002540  0.207118  0.266472  0.676903  2.000000  0.999882  0.011403  0.010255  -0.011444  0.999927  0.003941  -0.010209  -0.004058  0.999940  0.999892  0.013396  -0.006016  -0.013371  0.999902  0.004180  0.006072  -0.004100  0.999973  1.000000  0.000149  0.000107  -0.000149  1.000000  0.000052  -0.000107  -0.000052  1.000000  0.999882  0.011403  0.010255  -0.011444  0.999927  0.003941  -0.010209  -0.004058  0.999940  0.000189  0.015258  
185.126764 0.006947  0.099276  -0.002334  0.988123  0.136876  -0.069835  -0.131158  0.988064  0.080791  0.080060  -0.070672  0.994282  0.002687  -0.000455  -0.002631  0.201234  0.272771  0.649921  2.000000  0.999871  0.011998  0.010668  -0.012042  0.999919  0.004141  -0.010618  -0.004269  0.999935  0.999899  0.012790  -0.006194  -0.012766  0.999910  0.004016  0.006245  -0.003936  0.999973  1.000000  0.000147  0.000099  -0.000147  1.000000  0.000050  -0.000099  -0.000050  1.000000  0.999871  0.011998  0.010668  -0.012042  0.999919  0.004141  -0.010618  -0.004269  0.999935  0.000185  0.014757  
185.127764 0.006947  0.099276  -0.002336  0.988086  0.137098  -0.069933  -0.131360  0.988025  0.080942  0.080193  -0.070791  0.994262  0.002399  -0.000599  -0.002721  0.196218  0.273566  0.636240  2.000000  0.999860  0.012572  0.011040  -0.012621  0.999911  0.004333  -0.010985  -0.004472  0.999930  0.999911  0.011767  -0.006266  -0.011743  0.999923  0.003937  0.006312  -0.003863  0.999973  1.000000  0.000142  0.000088  -0.000142  1.000000  0.000049  -0.000088  -0.000049  1.000000  0.999860  0.012572  0.011040  -0.012621  0.999911  0.004333  -0.010985  -0.004472  0.999930  0.000180  0.013891  
185.128768 0.006945  0.099275  -0.002339  0.988064  0.137116  -0.070197  -0.131357  0.988022  0.080977  0.080460  -0.070790  0.994241  0.002017  -0.000662  -0.002783  0.188247  0.281675  0.621207  2.000000  0.999849  0.013129  0.011381  -0.013181  0.999903  0.004521  -0.011320  -0.004670  0.999925  0.999918  0.011153  -0.006311  -0.011129  0.999931  0.003770  0.006352  -0.003699  0.999973  1.000000  0.000138  0.000081  -0.000138  1.000000  0.000047  -0.000081  -0.000047  1.000000  0.999849  0.013129  0.011381  -0.013181  0.999903  0.004521  -0.011320  -0.004670  0.999925  0.000177  0.013348  
185.130010 0.006942  0.099274  -0.002341  0.988016  0.137339  -0.070444  -0.131558  0.987991  0.081027  0.080726  -0.070788  0.994219  0.001492  -0.000723  -0.002830  0.182293  0.279792  0.609272  2.000000  0.999836  0.013787  0.011758  -0.013844  0.999893  0.004743  -0.011691  -0.004905  0.999920  0.999931  0.010100  -0.005984  -0.010079  0.999943  0.003568  0.006020  -0.003507  0.999976  1.000000  0.000128  0.000072  -0.000128  1.000000  0.000044  -0.000072  -0.000044  1.000000  0.999836  0.013787  0.011758  -0.013844  0.999893  0.004743  -0.011691  -0.004905  0.999920  0.000175  0.012261  
185.131027 0.006938  0.099273  -0.002343  0.988005  0.137348  -0.070576  -0.131557  0.987990  0.081045  0.080860  -0.070788  0.994209  0.000926  -0.000820  -0.002878  0.173666  0.279465  0.586517  2.000000  0.999826  0.014277  0.012017  -0.014337  0.999885  0.004909  -0.011945  -0.005081  0.999916  0.999941  0.009066  -0.005924  -0.009046  0.999953  0.003366  0.005954  -0.003312  0.999977  1.000000  0.000121  0.000061  -0.000121  1.000000  0.000042  -0.000061  -0.000042  1.000000  0.999826  0.014277  0.012017  -0.014337  0.999885  0.004909  -0.011945  -0.005081  0.999916  0.000171  0.011333  
185.132271 0.006934  0.099271  -0.002345  0.987995  0.137357  -0.070708  -0.131555  0.987989  0.081062  0.080993  -0.070787  0.994198  0.000264  -0.000887  -0.002859  0.162989  0.272757  0.551394  2.000000  0.999816  0.014735  0.012246  -0.014798  0.999878  0.005063  -0.012169  -0.005244  0.999912  0.999950  0.008228  -0.005716  -0.008210  0.999962  0.003059  0.005741  -0.003011  0.999979  1.000000  0.000113  0.000053  -0.000113  1.000000  0.000038  -0.000053  -0.000038  1.000000  0.999816  0.014735  0.012246  -0.014798  0.999878  0.005063  -0.012169  -0.005244  0.999912  0.000162  0.010468  
185.133519 0.006928  0.099268  -0.002348  0.987984  0.137367  -0.070840  -0.131554  0.987988  0.081080  0.081127  -0.070786  0.994187  -0.000251  -0.000901  -0.002805  0.156397  0.266132  0.516346  2.000000  0.999808  0.015164  0.012443  -0.015230  0.999870  0.005207  -0.012363  -0.005396  0.999909  0.999958  0.007380  -0.005375  -0.007365  0.999969  0.002872  0.005396  -0.002832  0.999981  1.000000  0.000104  0.000046  -0.000104  1.000000  0.000036  -0.000046  -0.000036  1.000000  0.999808  0.015164  0.012443  -0.015230  0.999870  0.005207  -0.012363  -0.005396  0.999909  0.000153  0.009565  
185.134771 0.006923  0.099266  -0.002350  0.987973  0.137376  -0.070972  -0.131552  0.987986  0.081097  0.081260  -0.070785  0.994176  -0.000869  -0.000807  -0.002634  0.145184  0.259971  0.474453  2.000000  0.999797  0.015661  0.012653  -0.015730  0.999862  0.005371  -0.012567  -0.005569  0.999906  0.999965  0.006542  -0.005166  -0.006529  0.999975  0.002563  0.005183  -0.002530  0.999983  1.000000  0.000097  0.000038  -0.000097  1.000000  0.000032  -0.000038  -0.000032  1.000000  0.999797  0.015661  0.012653  -0.015730  0.999862  0.005371  -0.012567  -0.005569  0.999906  0.000143  0.008716  
185.136018 0.006918  0.099265  -0.002352  0.987951  0.137395  -0.071235  -0.131549  0.987984  0.081132  0.081527  -0.070784  0.994154  -0.001346  -0.000755  -0.002446  0.138565  0.262348  0.440070  2.000000  0.999788  0.016118  0.012826  -0.016190  0.999854  0.005514  -0.012735  -0.005721  0.999903  0.999971  0.005704  -0.004958  -0.005692  0.999981  0.002256  0.004971  -0.002227  0.999985  1.000000  0.000089  0.000031  -0.000089  1.000000  0.000028  -0.000031  -0.000028  1.000000  0.999788  0.016118  0.012826  -0.016190  0.999854  0.005514  -0.012735  -0.005721  0.999903  0.000135  0.007883  
185.137270 0.006913  0.099263  -0.002355  0.987968  0.137201  -0.071384  -0.131345  0.988011  0.081135  0.081660  -0.070783  0.994144  -0.002002  -0.000788  -0.002313  0.130855  0.256717  0.391297  2.000000  0.999783  0.016371  0.012909  -0.016444  0.999849  0.005590  -0.012815  -0.005801  0.999901  0.999978  0.004651  -0.004631  -0.004643  0.999988  0.001809  0.004639  -0.001787  0.999988  1.000000  0.000000  0.000000  0.000000  1.000000  0.000000  0.000000  0.000000  1.000000  0.999783  0.016371  0.012909  -0.016444  0.999849  0.005590  -0.012815  -0.005801  0.999901  0.000125  0.000000  
185.138280 0.006909  0.099262  -0.002358  0.987968  0.137201  -0.071384  -0.131345  0.988011  0.081135  0.081660  -0.070783  0.994144  -0.002400  -0.000850  -0.002288  0.124625  0.249531  0.362995  2.000000  0.999783  0.016371  0.012909  -0.016444  0.999849  0.005590  -0.012815  -0.005801  0.999901  0.999985  0.003589  -0.004171  -0.003583  0.999992  0.001482  0.004176  -0.001467  0.999990  1.000000  0.000000  0.000000  0.000000  1.000000  0.000000  0.000000  0.000000  1.000000  0.999783  0.016371  0.012909  -0.016444  0.999849  0.005590  -0.012815  -0.005801  0.999901  0.000116  0.000000  
185.139515 0.006903  0.099259  -0.002362  0.987968  0.137201  -0.071384  -0.131345  0.988011  0.081135  0.081660  -0.070783  0.994144  -0.002808  -0.001014  -0.002347  0.117478  0.234586  0.320661  2.000000  0.999783  0.016371  0.012909  -0.016444  0.999849  0.005590  -0.012815  -0.005801  0.999901  0.999988  0.002947  -0.003814  -0.002942  0.999995  0.001189  0.003818  -0.001178  0.999992  1.000000  0.000000  0.000000  0.000000  1.000000  0.000000  0.000000  0.000000  1.000000  0.999783  0.016371  0.012909  -0.016444  0.999849  0.005590  -0.012815  -0.005801  0.999901  0.000108  0.000000  
185.140515 0.006899  0.099258  -0.002366  0.987968  0.137201  -0.071384  -0.131345  0.988011  0.081135  0.081660  -0.070783  0.994144  -0.003314  -0.001210  -0.002395  0.107221  0.223007  0.292207  2.000000  0.999783  0.016371  0.012909  -0.016444  0.999849  0.005590  -0.012815  -0.005801  0.999901  0.999991  0.002509  -0.003443  -0.002505  0.999996  0.001034  0.003445  -0.001026  0.999994  1.000000  0.000000  0.000000  0.000000  1.000000  0.000000  0.000000  0.000000  1.000000  0.999783  0.016371  0.012909  -0.016444  0.999849  0.005590  -0.012815  -0.005801  0.999901  0.000098  0.000000  
185.141763 0.006894  0.099256  -0.002370  0.987968  0.137201  -0.071384  -0.131345  0.988011  0.081135  0.081660  -0.070783  0.994144  -0.003516  -0.001288  -0.002434  0.100200  0.209713  0.261572  2.000000  0.999783  0.016371  0.012909  -0.016444  0.999849  0.005590  -0.012815  -0.005801  0.999901  0.999993  0.002080  -0.003205  -0.002077  0.999997  0.000879  0.003207  -0.000873  0.999994  1.000000  0.000000  0.000000  0.000000  1.000000  0.000000  0.000000  0.000000  1.000000  0.999783  0.016371  0.012909  -0.016444  0.999849  0.005590  -0.012815  -0.005801  0.999901  0.000090  0.000000  
185.142764 0.006890  0.099256  -0.002373  0.987968  0.137201  -0.071384  -0.131345  0.988011  0.081135  0.081660  -0.070783  0.994144  -0.003786  -0.001364  -0.002437  0.094051  0.198259  0.233343  2.000000  0.999783  0.016371  0.012909  -0.016444  0.999849  0.005590  -0.012815  -0.005801  0.999901  0.999994  0.001652  -0.002967  -0.001650  0.999998  0.000603  0.002968  -0.000598  0.999995  1.000000  0.000000  0.000000  0.000000  1.000000  0.000000  0.000000  0.000000  1.000000  0.999783  0.016371  0.012909  -0.016444  0.999849  0.005590  -0.012815  -0.005801  0.999901  0.000081  0.000000  
185.143764 0.006887  0.099255  -0.002376  0.987968  0.137201  -0.071384  -0.131345  0.988011  0.081135  0.081660  -0.070783  0.994144  -0.003883  -0.001356  -0.002476  0.084404  0.186353  0.211991  2.000000  0.999783  0.016371  0.012909  -0.016444  0.999849  0.005590  -0.012815  -0.005801  0.999901  0.999996  0.001214  -0.002596  -0.001212  0.999999  0.000448  0.002597  -0.000445  0.999997  1.000000  0.000000  0.000000  0.000000  1.000000  0.000000  0.000000  0.000000  1.000000  0.999783  0.016371  0.012909  -0.016444  0.999849  0.005590  -0.012815  -0.005801  0.999901  0.000075  0.000000  
185.145014 0.006882  0.099254  -0.002380  0.987979  0.137183  -0.071269  -0.131346  0.988022  0.080998  0.081527  -0.070663  0.994163  -0.004039  -0.001374  -0.002594  0.070137  0.165985  0.183109  2.000000  0.999783  0.016371  0.012909  -0.016444  0.999849  0.005590  -0.012815  -0.005801  0.999901  0.999997  0.000775  -0.002225  -0.000775  1.000000  0.000172  0.002225  -0.000170  0.999998  1.000000  0.000000  0.000000  0.000000  1.000000  0.000000  0.000000  0.000000  1.000000  0.999783  0.016371  0.012909  -0.016444  0.999849  0.005590  -0.012815  -0.005801  0.999901  0.000066  0.000000  
185.146014 0.006877  0.099253  -0.002383  0.987979  0.137183  -0.071269  -0.131346  0.988022  0.080998  0.081527  -0.070663  0.994163  -0.004089  -0.001352  -0.002651  0.000000  0.000000  0.000000  2.000000  0.999783  0.016371  0.012909  -0.016444  0.999849  0.005590  -0.012815  -0.005801  0.999901  0.999998  0.000552  -0.001973  -0.000552  1.000000  0.000034  0.001973  -0.000033  0.999998  1.000000  0.000000  0.000000  0.000000  1.000000  0.000000  0.000000  0.000000  1.000000  0.999783  0.016371  0.012909  -0.016444  0.999849  0.005590  -0.012815  -0.005801  0.999901  0.000000  0.000000  
185.147268 0.006873  0.099251  -0.002386  0.987989  0.137165  -0.071154  -0.131348  0.988033  0.080860  0.081393  -0.070543  0.994182  -0.004065  -0.001316  -0.002766  0.000000  0.000000  0.000000  2.000000  0.999783  0.016371  0.012909  -0.016444  0.999849  0.005590  -0.012815  -0.005801  0.999901  0.999999  0.000299  -0.001320  -0.000300  1.000000  -0.000104  0.001320  0.000105  0.999999  1.000000  0.000000  0.000000  0.000000  1.000000  0.000000  0.000000  0.000000  1.000000  0.999783  0.016371  0.012909  -0.016444  0.999849  0.005590  -0.012815  -0.005801  0.999901  0.000000  0.000000  
185.148516 0.006869  0.099250  -0.002389  0.987989  0.137165  -0.071154  -0.131348  0.988033  0.080860  0.081393  -0.070543  0.994182  -0.003961  -0.001211  -0.002778  0.000000  0.000000  0.000000  2.000000  0.999783  0.016371  0.012909  -0.016444  0.999849  0.005590  -0.012815  -0.005801  0.999901  0.999999  0.000076  -0.001068  -0.000076  1.000000  -0.000243  0.001068  0.000243  0.999999  1.000000  0.000000  0.000000  0.000000  1.000000  0.000000  0.000000  0.000000  1.000000  0.999783  0.016371  0.012909  -0.016444  0.999849  0.005590  -0.012815  -0.005801  0.999901  0.000000  0.000000  
185.149768 0.006867  0.099250  -0.002391  0.987973  0.137350  -0.071022  -0.131552  0.988016  0.080738  0.081260  -0.070424  0.994202  -0.003736  -0.001046  -0.002782  0.000000  0.000000  0.000000  2.000000  0.999783  0.016371  0.012909  -0.016444  0.999849  0.005590  -0.012815  -0.005801  0.999901  1.000000  0.000252  -0.000653  -0.000252  1.000000  -0.000347  0.000653  0.000347  1.000000  1.000000  0.000000  0.000000  0.000000  1.000000  0.000000  0.000000  0.000000  1.000000  0.999783  0.016371  0.012909  -0.016444  0.999849  0.005590  -0.012815  -0.005801  0.999901  0.000000  0.000000  
185.151016 0.006865  0.099251  -0.002393  0.987973  0.137350  -0.071022  -0.131552  0.988016  0.080738  0.081260  -0.070424  0.994202  -0.003503  -0.000902  -0.002777  0.000000  0.000000  0.000000  2.000000  0.999783  0.016371  0.012909  -0.016444  0.999849  0.005590  -0.012815  -0.005801  0.999901  1.000000  0.000038  -0.000534  -0.000038  1.000000  -0.000364  0.000534  0.000364  1.000000  1.000000  0.000000  0.000000  0.000000  1.000000  0.000000  0.000000  0.000000  1.000000  0.999783  0.016371  0.012909  -0.016444  0.999849  0.005590  -0.012815  -0.005801  0.999901  0.000000  0.000000  
185.152018 0.006864  0.099252  -0.002395  0.987984  0.137332  -0.070906  -0.131554  0.988027  0.080600  0.081127  -0.070304  0.994221  -0.003263  -0.000752  -0.002723  0.000000  0.000000  0.000000  2.000000  0.999783  0.016371  0.012909  -0.016444  0.999849  0.005590  -0.012815  -0.005801  0.999901  1.000000  0.000019  -0.000267  -0.000019  1.000000  -0.000364  0.000267  0.000364  1.000000  1.000000  0.000000  0.000000  0.000000  1.000000  0.000000  0.000000  0.000000  1.000000  0.999783  0.016371  0.012909  -0.016444  0.999849  0.005590  -0.012815  -0.005801  0.999901  0.000000  0.000000  
185.153276 0.006865  0.099253  -0.002397  0.987984  0.137332  -0.070906  -0.131554  0.988027  0.080600  0.081127  -0.070304  0.994221  -0.002951  -0.000586  -0.002609  0.000000  0.000000  0.000000  2.000000  0.999783  0.016371  0.012909  -0.016444  0.999849  0.005590  -0.012815  -0.005801  0.999901  1.000000  -0.000000  -0.000000  0.000000  1.000000  -0.000485  0.000000  0.000485  1.000000  1.000000  0.000000  0.000000  0.000000  1.000000  0.000000  0.000000  0.000000  1.000000  0.999783  0.016371  0.012909  -0.016444  0.999849  0.005590  -0.012815  -0.005801  0.999901  0.000000  0.000000  
185.154513 0.006866  0.099254  -0.002399  0.987984  0.137332  -0.070906  -0.131554  0.988027  0.080600  0.081127  -0.070304  0.994221  -0.002507  -0.000333  -0.002481  0.000000  0.000000  0.000000  2.000000  0.999783  0.016371  0.012909  -0.016444  0.999849  0.005590  -0.012815  -0.005801  0.999901  1.000000  -0.000009  0.000133  0.000010  1.000000  -0.000485  -0.000133  0.000485  1.000000  1.000000  0.000000  0.000000  0.000000  1.000000  0.000000  0.000000  0.000000  1.000000  0.999783  0.016371  0.012909  -0.016444  0.999849  0.005590  -0.012815  -0.005801  0.999901  0.000000  0.000000  
185.155516 0.006867  0.099255  -0.002402  0.987995  0.137314  -0.070791  -0.131555  0.988038  0.080463  0.080993  -0.070184  0.994241  -0.002101  -0.000101  -0.002350  0.000000  0.000000  0.000000  2.000000  0.999783  0.016371  0.012909  -0.016444  0.999849  0.005590  -0.012815  -0.005801  0.999901  1.000000  -0.000019  0.000267  0.000019  1.000000  -0.000606  -0.000267  0.000606  1.000000  1.000000  0.000000  0.000000  0.000000  1.000000  0.000000  0.000000  0.000000  1.000000  0.999783  0.016371  0.012909  -0.016444  0.999849  0.005590  -0.012815  -0.005801  0.999901  0.000000  0.000000  
185.156775 0.006869  0.099257  -0.002405  0.987967  0.137518  -0.070775  -0.131759  0.988010  0.080477  0.080993  -0.070184  0.994241  -0.001635  0.000076  -0.002285  0.000000  0.000000  0.000000  2.000000  0.999783  0.016371  0.012909  -0.016444  0.999849  0.005590  -0.012815  -0.005801  0.999901  1.000000  0.000167  0.000548  -0.000167  1.000000  -0.000590  -0.000548  0.000590  1.000000  1.000000  0.000000  0.000000  0.000000  1.000000  0.000000  0.000000  0.000000  1.000000  0.999783  0.016371  0.012909  -0.016444  0.999849  0.005590  -0.012815  -0.005801  0.999901  0.000000  0.000000  
185.158014 0.006872  0.099259  -0.002407  0.987978  0.137509  -0.070643  -0.131760  0.988011  0.080460  0.080860  -0.070185  0.994251  -0.001098  0.000233  -0.002249  0.000000  0.000000  0.000000  2.000000  0.999783  0.016371  0.012909  -0.016444  0.999849  0.005590  -0.012815  -0.005801  0.999901  1.000000  0.000353  0.000830  -0.000352  1.000000  -0.000573  -0.000830  0.000573  0.999999  1.000000  0.000000  0.000000  0.000000  1.000000  0.000000  0.000000  0.000000  1.000000  0.999783  0.016371  0.012909  -0.016444  0.999849  0.005590  -0.012815  -0.005801  0.999901  0.000000  0.000000  
185.159015 0.006875  0.099260  -0.002410  0.987978  0.137509  -0.070643  -0.131760  0.988011  0.080460  0.080860  -0.070185  0.994251  -0.000611  0.000386  -0.002209  0.000000  0.000000  0.000000  2.000000  0.999783  0.016371  0.012909  -0.016444  0.999849  0.005590  -0.012815  -0.005801  0.999901  1.000000  0.000353  0.000830  -0.000352  1.000000  -0.000573  -0.000830  0.000573  0.999999  1.000000  0.000000  0.000000  0.000000  1.000000  0.000000  0.000000  0.000000  1.000000  0.999783  0.016371  0.012909  -0.016444  0.999849  0.005590  -0.012815  -0.005801  0.999901  0.000000  0.000000  
185.160265 0.006879  0.099261  -0.002415  0.987962  0.137703  -0.070494  -0.131965  0.987984  0.080457  0.080726  -0.070185  0.994262  -0.000034  0.000535  -0.002270  0.000000  0.000000  0.000000  2.000000  0.999783  0.016371  0.012909  -0.016444  0.999849  0.005590  -0.012815  -0.005801  0.999901  0.999999  0.000548  0.000978  -0.000548  1.000000  -0.000557  -0.000978  0.000556  0.999999  1.000000  0.000000  0.000000  0.000000  1.000000  0.000000  0.000000  0.000000  1.000000  0.999783  0.016371  0.012909  -0.016444  0.999849  0.005590  -0.012815  -0.005801  0.999901  0.000000  0.000000  
185.161514 0.006883  0.099262  -0.002420  0.987962  0.137703  -0.070494  -0.131965  0.987984  0.080457  0.080726  -0.070185  0.994262  0.000557  0.000681  -0.002363  0.000000  0.000000  0.000000  2.000000  0.999783  0.016371  0.012909  -0.016444  0.999849  0.005590  -0.012815  -0.005801  0.999901  0.999999  0.000548  0.000978  -0.000548  1.000000  -0.000557  -0.000978  0.000556  0.999999  1.000000  0.000000  0.000000  0.000000  1.000000  0.000000  0.000000  0.000000  1.000000  0.999783  0.016371  0.012909  -0.016444  0.999849  0.005590  -0.012815  -0.005801  0.999901  0.000000  0.000000  
185.162764 0.006888  0.099263  -0.002425  0.987962  0.137703  -0.070494  -0.131965  0.987984  0.080457  0.080726  -0.070185  0.994262  0.001194  0.000875  -0.002513  0.000000  0.000000  0.000000  2.000000  0.999783  0.016371  0.012909  -0.016444  0.999849  0.005590  -0.012815  -0.005801  0.999901  0.999999  0.000548  0.000978  -0.000548  1.000000  -0.000557  -0.000978  0.000556  0.999999  1.000000  0.000000  0.000000  0.000000  1.000000  0.000000  0.000000  0.000000  1.000000  0.999783  0.016371  0.012909  -0.016444  0.999849  0.005590  -0.012815  -0.005801  0.999901  0.000000  0.000000  
185.163770 0.006892  0.099264  -0.002429  0.987945  0.137897  -0.070346  -0.132170  0.987957  0.080454  0.080593  -0.070186  0.994273  0.001623  0.000951  -0.002644  0.000000  0.000000  0.000000  2.000000  0.999783  0.016371  0.012909  -0.016444  0.999849  0.005590  -0.012815  -0.005801  0.999901  0.999999  0.000743  0.001126  -0.000743  1.000000  -0.000540  -0.001126  0.000539  0.999999  1.000000  0.000000  0.000000  0.000000  1.000000  0.000000  0.000000  0.000000  1.000000  0.999783  0.016371  0.012909  -0.016444  0.999849  0.005590  -0.012815  -0.005801  0.999901  0.000000  0.000000  
185.164771 0.006896  0.099265  -0.002433  0.987945  0.137905  -0.070329  -0.132170  0.987947  0.080573  0.080593  -0.070307  0.994264  0.002064  0.001024  -0.002809  0.000000  0.000000  0.000000  2.000000  0.999783  0.016371  0.012909  -0.016444  0.999849  0.005590  -0.012815  -0.005801  0.999901  0.999999  0.000753  0.000992  -0.000752  1.000000  -0.000419  -0.000992  0.000418  0.999999  1.000000  0.000000  0.000000  0.000000  1.000000  0.000000  0.000000  0.000000  1.000000  0.999783  0.016371  0.012909  -0.016444  0.999849  0.005590  -0.012815  -0.005801  0.999901  0.000000  0.000000  
185.166018 0.006902  0.099268  -0.002438  0.987945  0.137905  -0.070329  -0.132170  0.987947  0.080573  0.080593  -0.070307  0.994264  0.002521  0.001096  -0.003009  0.000000  0.000000  0.000000  2.000000  0.999783  0.016371  0.012909  -0.016444  0.999849  0.005590  -0.012815  -0.005801  0.999901  0.999999  0.000753  0.000992  -0.000752  1.000000  -0.000298  -0.000992  0.000297  0.999999  1.000000  0.000000  0.000000  0.000000  1.000000  0.000000  0.000000  0.000000  1.000000  0.999783  0.016371  0.012909  -0.016444  0.999849  0.005590  -0.012815  -0.005801  0.999901  0.000000  0.000000  
185.167267 0.006908  0.099270  -0.002442  0.987907  0.138127  -0.070428  -0.132372  0.987907  0.080725  0.080726  -0.070427  0.994245  0.002955  0.001192  -0.003185  0.000000  0.000000  0.000000  2.000000  0.999783  0.016371  0.012909  -0.016444  0.999849  0.005590  -0.012815  -0.005801  0.999901  0.999999  0.000967  0.000873  -0.000967  1.000000  -0.000038  -0.000873  0.000037  1.000000  1.000000  0.000000  0.000000  0.000000  1.000000  0.000000  0.000000  0.000000  1.000000  0.999783  0.016371  0.012909  -0.016444  0.999849  0.005590  -0.012815  -0.005801  0.999901  0.000000  0.000000  
185.168272 0.006913  0.099272  -0.002445  0.987907  0.138127  -0.070428  -0.132372  0.987907  0.080725  0.080726  -0.070427  0.994245  0.003258  0.001267  -0.003240  0.000000  0.000000  0.000000  2.000000  0.999783  0.016371  0.012909  -0.016444  0.999849  0.005590  -0.012815  -0.005801  0.999901  0.999999  0.000976  0.000740  -0.000976  1.000000  -0.000038  -0.000740  0.000037  1.000000  1.000000  0.000000  0.000000  0.000000  1.000000  0.000000  0.000000  0.000000  1.000000  0.999783  0.016371  0.012909  -0.016444  0.999849  0.005590  -0.012815  -0.005801  0.999901  0.000000  0.000000  
185.169272 0.006919  0.099274  -0.002448  0.987907  0.138127  -0.070428  -0.132372  0.987907  0.080725  0.080726  -0.070427  0.994245  0.003598  0.001362  -0.003322  0.000000  0.000000  0.000000  2.000000  0.999783  0.016371  0.012909  -0.016444  0.999849  0.005590  -0.012815  -0.005801  0.999901  0.999999  0.000976  0.000740  -0.000976  1.000000  -0.000038  -0.000740  0.000037  1.000000  1.000000  0.000000  0.000000  0.000000  1.000000  0.000000  0.000000  0.000000  1.000000  0.999783  0.016371  0.012909  -0.016444  0.999849  0.005590  -0.012815  -0.005801  0.999901  0.000000  0.000000  
