1-Time 2-Px 3-Py 4-Pz 5-R11 6-R21 7-R31 8-R12 9-R22 10-R32 11-R13 12-R23 13-R33 14-Vx 15-Vy 16-Vz 17-Wx 18-Wy 19-Wz 20-state 21-PR11 22-PR21 23-PR31 24-PR12 25-PR22 26-PR32 27-PR13 28-PR23 29-PR33 
8.957447 0.000668  0.090299  0.008461  0.993794  0.099228  0.050277  -0.103487  0.990485  0.090717  -0.040797  -0.095357  0.994607  0.016638  0.011769  -0.003973  -0.200979  0.015755  -0.067904  2.000000  1.000000  0.000000  0.000000  -0.000000  1.000000  0.000000  0.000000  -0.000000  1.000000  1.000000  -0.000806  -0.000212  0.000805  0.999993  -0.003727  0.000215  0.003726  0.999993  1.000000  0.000000  0.000000  0.000000  1.000000  0.000000  0.000000  0.000000  1.000000  1.000000  0.000000  0.000000  0.000000  1.000000  0.000000  0.000000  0.000000  1.000000  0.000230  0.000000  
8.958451 0.000684  0.090308  0.008457  0.993794  0.099234  0.050265  -0.103487  0.990496  0.090597  -0.040797  -0.095236  0.994618  0.016631  0.011498  -0.003929  -0.195449  0.015626  -0.067406  2.000000  1.000000  0.000000  0.000000  0.000000  1.000000  0.000000  0.000000  0.000000  1.000000  1.000000  -0.000806  -0.000212  0.000805  0.999993  -0.003727  0.000215  0.003726  0.999993  1.000000  0.000000  0.000000  0.000000  1.000000  0.000000  0.000000  0.000000  1.000000  1.000000  0.000000  0.000000  0.000000  1.000000  0.000000  0.000000  0.000000  1.000000  0.000226  0.000000  
8.959452 0.000701  0.090316  0.008454  0.993772  0.099438  0.050284  -0.103691  0.990476  0.090587  -0.040797  -0.095236  0.994618  0.016634  0.011168  -0.003820  -0.189281  0.014374  -0.054141  2.000000  1.000000  0.000000  0.000000  0.000000  1.000000  0.000000  0.000000  0.000000  1.000000  1.000000  -0.000397  -0.000172  0.000396  0.999994  -0.003501  0.000174  0.003501  0.999994  1.000000  0.000000  0.000000  0.000000  1.000000  0.000000  0.000000  0.000000  1.000000  1.000000  0.000000  0.000000  0.000000  1.000000  0.000000  0.000000  0.000000  1.000000  0.000213  0.000000  
8.960454 0.000718  0.090324  0.008451  0.993697  0.100024  0.050605  -0.104304  0.990417  0.090528  -0.041065  -0.095235  0.994607  0.016746  0.010813  -0.003690  -0.182248  0.002710  -0.027510  2.000000  1.000000  0.000000  0.000000  0.000000  1.000000  0.000000  0.000000  0.000000  1.000000  1.000000  -0.000000  -0.000000  -0.000000  0.999994  -0.003396  -0.000000  0.003396  0.999994  1.000000  0.000000  0.000000  0.000000  1.000000  0.000000  0.000000  0.000000  1.000000  1.000000  0.000000  0.000000  0.000000  1.000000  0.000000  0.000000  0.000000  1.000000  0.000200  0.000000  
8.961702 0.000740  0.090332  0.008449  0.993606  0.100827  0.050811  -0.105122  0.990335  0.090472  -0.041198  -0.095235  0.994602  0.016817  0.010300  -0.003512  -0.175531  -0.005151  0.006438  2.000000  1.000000  0.000000  0.000000  0.000000  1.000000  0.000000  0.000000  0.000000  1.000000  1.000000  0.000794  0.000345  -0.000792  0.999995  -0.003188  -0.000347  0.003187  0.999995  1.000000  0.000000  0.000000  0.000000  1.000000  0.000000  0.000000  0.000000  1.000000  1.000000  0.000000  0.000000  0.000000  1.000000  0.000000  0.000000  0.000000  1.000000  0.000189  0.000000  
8.962948 0.000762  0.090339  0.008446  0.993557  0.101222  0.050981  -0.105530  0.990295  0.090437  -0.041332  -0.095234  0.994596  0.016880  0.009731  -0.003371  0.000000  0.000000  0.000000  2.000000  1.000000  0.000000  0.000000  0.000000  1.000000  0.000000  0.000000  0.000000  1.000000  0.999999  0.001587  0.000690  -0.001585  0.999994  -0.002979  -0.000694  0.002978  0.999995  1.000000  0.000000  0.000000  0.000000  1.000000  0.000000  0.000000  0.000000  1.000000  1.000000  0.000000  0.000000  0.000000  1.000000  0.000000  0.000000  0.000000  1.000000  0.000000  0.000000  
8.963950 0.000780  0.090345  0.008445  0.993508  0.101617  0.051151  -0.105939  0.990255  0.090402  -0.041466  -0.095234  0.994591  0.016964  0.009285  -0.003196  0.000000  0.000000  0.000000  2.000000  1.000000  0.000000  0.000000  0.000000  1.000000  0.000000  0.000000  0.000000  1.000000  0.999998  0.001779  0.000842  -0.001777  0.999994  -0.002867  -0.000847  0.002865  0.999996  1.000000  0.000000  0.000000  0.000000  1.000000  0.000000  0.000000  0.000000  1.000000  1.000000  0.000000  0.000000  0.000000  1.000000  0.000000  0.000000  0.000000  1.000000  0.000000  0.000000  
8.965196 0.000803  0.090354  0.008444  0.993470  0.102031  0.051068  -0.106348  0.990201  0.090515  -0.041332  -0.095355  0.994585  0.017119  0.008901  -0.002954  0.000000  0.000000  0.000000  2.000000  1.000000  0.000000  0.000000  0.000000  1.000000  0.000000  0.000000  0.000000  1.000000  0.999997  0.002189  0.000882  -0.002186  0.999994  -0.002520  -0.000887  0.002518  0.999996  1.000000  0.000000  0.000000  0.000000  1.000000  0.000000  0.000000  0.000000  1.000000  1.000000  0.000000  0.000000  0.000000  1.000000  0.000000  0.000000  0.000000  1.000000  0.000000  0.000000  
8.966197 0.000821  0.090360  0.008444  0.993426  0.102433  0.051118  -0.106757  0.990147  0.090614  -0.041332  -0.095476  0.994573  0.017188  0.008418  -0.002721  0.000000  0.000000  0.000000  2.000000  1.000000  0.000000  0.000000  0.000000  1.000000  0.000000  0.000000  0.000000  1.000000  0.999996  0.002623  0.000655  -0.002622  0.999994  -0.002173  -0.000661  0.002171  0.999997  1.000000  0.000000  0.000000  0.000000  1.000000  0.000000  0.000000  0.000000  1.000000  1.000000  0.000000  0.000000  0.000000  1.000000  0.000000  0.000000  0.000000  1.000000  0.000000  0.000000  
8.967197 0.000840  0.090367  0.008443  0.993360  0.103044  0.051173  -0.107371  0.990084  0.090583  -0.041332  -0.095476  0.994573  0.017312  0.008080  -0.002501  0.000000  0.000000  0.000000  2.000000  1.000000  0.000000  0.000000  0.000000  1.000000  0.000000  0.000000  0.000000  1.000000  0.999995  0.003238  0.000714  -0.003236  0.999993  -0.001956  -0.000720  0.001954  0.999998  1.000000  0.000000  0.000000  0.000000  1.000000  0.000000  0.000000  0.000000  1.000000  1.000000  0.000000  0.000000  0.000000  1.000000  0.000000  0.000000  0.000000  1.000000  0.000000  0.000000  
8.968447 0.000863  0.090376  0.008444  0.993265  0.103841  0.051393  -0.108188  0.989989  0.090646  -0.041466  -0.095596  0.994556  0.017494  0.007790  -0.002146  0.000000  0.000000  0.000000  2.000000  1.000000  0.000000  0.000000  0.000000  1.000000  0.000000  0.000000  0.000000  1.000000  0.999991  0.004261  0.000812  -0.004260  0.999990  -0.001635  -0.000819  0.001632  0.999998  1.000000  0.000000  0.000000  0.000000  1.000000  0.000000  0.000000  0.000000  1.000000  1.000000  0.000000  0.000000  0.000000  1.000000  0.000000  0.000000  0.000000  1.000000  0.000000  0.000000  
8.969454 0.000882  0.090382  0.008445  0.993170  0.104637  0.051613  -0.109006  0.989894  0.090709  -0.041599  -0.095716  0.994539  0.017632  0.007435  -0.001807  -0.107953  -0.038234  0.161720  2.000000  1.000000  0.000000  0.000000  0.000000  1.000000  0.000000  0.000000  0.000000  1.000000  0.999988  0.004850  0.001138  -0.004849  0.999987  -0.001420  -0.001145  0.001414  0.999998  1.000000  0.000000  0.000000  0.000000  1.000000  0.000000  0.000000  0.000000  1.000000  1.000000  0.000000  0.000000  0.000000  1.000000  0.000000  0.000000  0.000000  1.000000  0.000000  0.000000  
8.970699 0.000907  0.090391  0.008448  0.993046  0.105630  0.051970  -0.110027  0.989788  0.090627  -0.041867  -0.095715  0.994528  0.017919  0.007220  -0.001244  -0.102057  -0.050807  0.196449  2.000000  1.000000  0.000348  0.000084  -0.000348  1.000000  -0.000074  -0.000084  0.000074  1.000000  0.999980  0.006040  0.001656  -0.006038  0.999981  -0.001109  -0.001663  0.001099  0.999998  1.000000  0.000075  0.000021  -0.000075  1.000000  -0.000014  -0.000021  0.000014  1.000000  1.000000  0.000348  0.000084  -0.000348  1.000000  -0.000074  -0.000084  0.000074  1.000000  0.000239  0.006360  
8.971717 0.000926  0.090398  0.008452  0.992944  0.106413  0.052322  -0.110843  0.989693  0.090675  -0.042134  -0.095834  0.994505  0.018075  0.007036  -0.000742  -0.095023  -0.062406  0.222958  2.000000  1.000000  0.000595  0.000152  -0.000595  1.000000  -0.000109  -0.000152  0.000108  1.000000  0.999975  0.006846  0.001868  -0.006844  0.999976  -0.000903  -0.001875  0.000890  0.999998  1.000000  0.000086  0.000023  -0.000086  1.000000  -0.000011  -0.000023  0.000011  1.000000  1.000000  0.000595  0.000152  -0.000595  1.000000  -0.000109  -0.000152  0.000108  1.000000  0.000262  0.007153  
8.972951 0.000950  0.090406  0.008457  0.992824  0.107413  0.052561  -0.111864  0.989573  0.090726  -0.042268  -0.095954  0.994488  0.018300  0.006869  -0.000109  -0.084571  -0.075403  0.263484  2.000000  0.999999  0.000970  0.000258  -0.000970  1.000000  -0.000141  -0.000258  0.000141  1.000000  0.999967  0.007844  0.002234  -0.007843  0.999969  -0.000585  -0.002239  0.000567  0.999997  1.000000  0.000098  0.000028  -0.000098  1.000000  -0.000007  -0.000028  0.000007  1.000000  0.999999  0.000970  0.000258  -0.000970  1.000000  -0.000141  -0.000258  0.000141  1.000000  0.000303  0.008176  
8.973953 0.000969  0.090413  0.008461  0.992726  0.108202  0.052794  -0.112681  0.989464  0.090907  -0.042401  -0.096195  0.994459  0.018488  0.006704  0.000455  -0.069427  -0.082551  0.290521  2.000000  0.999999  0.001387  0.000376  -0.001387  0.999999  -0.000161  -0.000376  0.000160  1.000000  0.999960  0.008650  0.002447  -0.008649  0.999963  -0.000258  -0.002449  0.000236  0.999997  1.000000  0.000108  0.000031  -0.000108  1.000000  -0.000003  -0.000031  0.000003  1.000000  0.999999  0.001387  0.000376  -0.001387  0.999999  -0.000161  -0.000376  0.000160  1.000000  0.000330  0.008993  
8.975203 0.000993  0.090420  0.008466  0.992610  0.109208  0.052914  -0.113703  0.989330  0.091093  -0.042401  -0.096436  0.994436  0.018627  0.006494  0.001006  -0.054565  -0.085909  0.324918  2.000000  0.999998  0.001966  0.000533  -0.001966  0.999998  -0.000163  -0.000533  0.000162  1.000000  0.999950  0.009673  0.002548  -0.009673  0.999953  0.000062  -0.002547  -0.000086  0.999997  1.000000  0.000121  0.000032  -0.000121  1.000000  0.000001  -0.000032  -0.000001  1.000000  0.999998  0.001966  0.000533  -0.001966  0.999998  -0.000163  -0.000533  0.000162  1.000000  0.000361  0.010003  
8.976203 0.001012  0.090424  0.008470  0.992516  0.110010  0.053016  -0.114520  0.989218  0.091289  -0.042401  -0.096678  0.994412  0.018740  0.006326  0.001398  -0.039439  -0.084120  0.352868  2.000000  0.999997  0.002483  0.000663  -0.002483  0.999997  -0.000144  -0.000664  0.000142  1.000000  0.999939  0.010696  0.002649  -0.010697  0.999943  0.000502  -0.002644  -0.000531  0.999996  1.000000  0.000134  0.000033  -0.000134  1.000000  0.000006  -0.000033  -0.000006  1.000000  0.999997  0.002483  0.000663  -0.002483  0.999997  -0.000144  -0.000664  0.000142  1.000000  0.000388  0.011031  
8.977449 0.001035  0.090427  0.008474  0.992415  0.110799  0.053250  -0.115337  0.989106  0.091470  -0.042535  -0.096918  0.994383  0.018801  0.006078  0.001773  -0.024321  -0.091297  0.380019  2.000000  0.999995  0.003182  0.000837  -0.003182  0.999995  -0.000095  -0.000837  0.000093  1.000000  0.999930  0.011501  0.002866  -0.011504  0.999933  0.000950  -0.002855  -0.000983  0.999995  1.000000  0.000144  0.000036  -0.000144  1.000000  0.000012  -0.000036  -0.000012  1.000000  0.999995  0.003182  0.000837  -0.003182  0.999995  -0.000095  -0.000837  0.000093  1.000000  0.000416  0.011892  
8.978450 0.001054  0.090430  0.008477  0.992314  0.111581  0.053498  -0.116154  0.988983  0.091771  -0.042669  -0.097280  0.994342  0.018899  0.005854  0.002062  -0.005122  -0.098470  0.407044  2.000000  0.999992  0.003782  0.000983  -0.003782  0.999993  -0.000037  -0.000983  0.000033  1.000000  0.999920  0.012319  0.002948  -0.012323  0.999923  0.001278  -0.002932  -0.001314  0.999995  1.000000  0.000154  0.000037  -0.000154  1.000000  0.000016  -0.000037  -0.000016  1.000000  0.999992  0.003782  0.000983  -0.003782  0.999993  -0.000037  -0.000983  0.000033  1.000000  0.000444  0.012733  
8.979450 0.001073  0.090432  0.008480  0.992213  0.112363  0.053747  -0.116970  0.988858  0.092071  -0.042802  -0.097641  0.994301  0.018969  0.005572  0.002474  0.014070  -0.105658  0.434118  2.000000  0.999990  0.004423  0.001139  -0.004423  0.999990  0.000043  -0.001139  -0.000048  0.999999  0.999909  0.013124  0.003165  -0.013129  0.999912  0.001725  -0.003143  -0.001767  0.999994  1.000000  0.000164  0.000039  -0.000164  1.000000  0.000022  -0.000039  -0.000022  1.000000  0.999990  0.004423  0.001139  -0.004423  0.999990  0.000043  -0.001139  -0.000048  0.999999  0.000474  0.013613  
8.980453 0.001093  0.090434  0.008483  0.992110  0.113144  0.053996  -0.117786  0.988734  0.092371  -0.042936  -0.098002  0.994260  0.019036  0.005230  0.002691  0.033000  -0.117994  0.467623  2.000000  0.999987  0.004930  0.001266  -0.004930  0.999988  0.000117  -0.001265  -0.000123  0.999999  0.999900  0.013711  0.003497  -0.013718  0.999904  0.002058  -0.003468  -0.002106  0.999992  1.000000  0.000171  0.000044  -0.000171  1.000000  0.000026  -0.000044  -0.000026  1.000000  0.999987  0.004930  0.001266  -0.004930  0.999988  0.000117  -0.001265  -0.000123  0.999999  0.000510  0.014302  
8.981697 0.001117  0.090436  0.008487  0.991983  0.114129  0.054264  -0.118807  0.988584  0.092659  -0.043070  -0.098363  0.994218  0.019106  0.004779  0.002902  0.051902  -0.125877  0.501631  2.000000  0.999982  0.005795  0.001477  -0.005796  0.999983  0.000262  -0.001475  -0.000270  0.999999  0.999897  0.013927  0.003390  -0.013935  0.999900  0.002533  -0.003355  -0.002579  0.999991  1.000000  0.000174  0.000042  -0.000174  1.000000  0.000032  -0.000042  -0.000032  1.000000  0.999982  0.005795  0.001477  -0.005796  0.999983  0.000262  -0.001475  -0.000270  0.999999  0.000554  0.014560  
8.982698 0.001137  0.090436  0.008489  0.991879  0.114910  0.054515  -0.119623  0.988458  0.092958  -0.043204  -0.098725  0.994177  0.019171  0.004373  0.003121  0.067035  -0.133157  0.528890  2.000000  0.999978  0.006502  0.001646  -0.006503  0.999979  0.000394  -0.001643  -0.000405  0.999999  0.999894  0.014130  0.003414  -0.014140  0.999896  0.002764  -0.003374  -0.002812  0.999990  1.000000  0.000177  0.000042  -0.000177  1.000000  0.000035  -0.000042  -0.000035  1.000000  0.999978  0.006502  0.001646  -0.006503  0.999979  0.000394  -0.001643  -0.000405  0.999999  0.000585  0.014802  
8.983948 0.001161  0.090437  0.008493  0.991774  0.115691  0.054765  -0.120439  0.988331  0.093257  -0.043337  -0.099086  0.994135  0.019230  0.003922  0.003234  0.085501  -0.139191  0.551324  2.000000  0.999971  0.007401  0.001852  -0.007403  0.999972  0.000583  -0.001848  -0.000597  0.999998  0.999889  0.014551  0.003328  -0.014562  0.999889  0.003231  -0.003281  -0.003279  0.999989  1.000000  0.000182  0.000041  -0.000182  1.000000  0.000041  -0.000041  -0.000041  1.000000  0.999971  0.007401  0.001852  -0.007403  0.999972  0.000583  -0.001848  -0.000597  0.999998  0.000618  0.015278  
8.985198 0.001185  0.090438  0.008496  0.991675  0.116478  0.054899  -0.121256  0.988190  0.093691  -0.043337  -0.099568  0.994087  0.019211  0.003321  0.003250  0.109197  -0.143762  0.590174  2.000000  0.999963  0.008326  0.002062  -0.008328  0.999965  0.000793  -0.002056  -0.000810  0.999998  0.999882  0.014959  0.003374  -0.014971  0.999882  0.003453  -0.003322  -0.003503  0.999988  1.000000  0.000187  0.000042  -0.000187  1.000000  0.000043  -0.000042  -0.000043  1.000000  0.999963  0.008326  0.002062  -0.008328  0.999965  0.000793  -0.002056  -0.000810  0.999998  0.000658  0.015725  
8.986449 0.001210  0.090439  0.008499  0.991569  0.117259  0.055150  -0.122072  0.988061  0.093989  -0.043471  -0.099929  0.994044  0.019284  0.002845  0.003228  0.124355  -0.151085  0.617530  2.000000  0.999954  0.009265  0.002284  -0.009267  0.999957  0.001023  -0.002275  -0.001045  0.999997  0.999879  0.015136  0.003666  -0.015150  0.999878  0.003806  -0.003608  -0.003861  0.999986  1.000000  0.000189  0.000045  -0.000189  1.000000  0.000048  -0.000045  -0.000048  1.000000  0.999954  0.009265  0.002284  -0.009267  0.999957  0.001023  -0.002275  -0.001045  0.999997  0.000691  0.016039  
8.987463 0.001230  0.090440  0.008502  0.991493  0.117849  0.055251  -0.122684  0.987954  0.094315  -0.043471  -0.100291  0.994008  0.019253  0.002352  0.003136  0.139840  -0.153243  0.638376  2.000000  0.999947  0.010024  0.002468  -0.010027  0.999949  0.001219  -0.002456  -0.001244  0.999996  0.999879  0.015135  0.003672  -0.015149  0.999877  0.004048  -0.003610  -0.004103  0.999985  1.000000  0.000189  0.000046  -0.000189  1.000000  0.000051  -0.000046  -0.000051  1.000000  0.999947  0.010024  0.002468  -0.010027  0.999949  0.001219  -0.002456  -0.001244  0.999996  0.000716  0.016099  
8.988705 0.001254  0.090440  0.008505  0.991412  0.118426  0.055485  -0.123296  0.987848  0.094624  -0.043605  -0.100652  0.993966  0.019283  0.001823  0.002956  0.155116  -0.159707  0.658049  2.000000  0.999938  0.010791  0.002659  -0.010794  0.999941  0.001431  -0.002643  -0.001460  0.999995  0.999875  0.015325  0.003831  -0.015341  0.999873  0.004279  -0.003765  -0.004338  0.999984  1.000000  0.000192  0.000047  -0.000192  1.000000  0.000054  -0.000047  -0.000054  1.000000  0.999938  0.010791  0.002659  -0.010794  0.999941  0.001431  -0.002643  -0.001460  0.999995  0.000749  0.016374  
8.989952 0.001278  0.090440  0.008508  0.991304  0.119205  0.055738  -0.124111  0.987718  0.094921  -0.043738  -0.101013  0.993923  0.019336  0.001382  0.002864  0.166978  -0.160521  0.664960  2.000000  0.999927  0.011738  0.002898  -0.011743  0.999930  0.001713  -0.002878  -0.001747  0.999994  0.999878  0.015118  0.003816  -0.015136  0.999875  0.004650  -0.003745  -0.004708  0.999982  1.000000  0.000189  0.000047  -0.000189  1.000000  0.000058  -0.000047  -0.000058  1.000000  0.999927  0.011738  0.002898  -0.011743  0.999930  0.001713  -0.002878  -0.001747  0.999994  0.000753  0.016280  
8.991202 0.001302  0.090439  0.008511  0.991247  0.119578  0.055952  -0.124519  0.987636  0.095241  -0.043872  -0.101374  0.993881  0.019357  0.001040  0.002751  0.179650  -0.154796  0.651567  2.000000  0.999915  0.012668  0.003127  -0.012674  0.999918  0.002013  -0.003101  -0.002052  0.999993  0.999885  0.014721  0.003647  -0.014739  0.999879  0.004909  -0.003574  -0.004963  0.999981  1.000000  0.000184  0.000045  -0.000184  1.000000  0.000062  -0.000045  -0.000062  1.000000  0.999915  0.012668  0.003127  -0.012674  0.999918  0.002013  -0.003101  -0.002052  0.999993  0.000755  0.015950  
8.992452 0.001326  0.090439  0.008515  0.991170  0.120168  0.056055  -0.125131  0.987527  0.095566  -0.043872  -0.101736  0.993844  0.019436  0.000756  0.002739  0.191815  -0.150423  0.651910  2.000000  0.999905  0.013386  0.003299  -0.013394  0.999908  0.002270  -0.003268  -0.002314  0.999992  0.999895  0.014133  0.003325  -0.014150  0.999886  0.005301  -0.003250  -0.005348  0.999980  1.000000  0.000177  0.000041  -0.000177  1.000000  0.000067  -0.000041  -0.000067  1.000000  0.999905  0.013386  0.003299  -0.013394  0.999908  0.002270  -0.003268  -0.002314  0.999992  0.000746  0.015465  
8.993704 0.001350  0.090438  0.008519  0.991112  0.120534  0.056285  -0.125538  0.987433  0.096005  -0.044006  -0.102217  0.993788  0.019390  0.000486  0.002777  0.208051  -0.150596  0.651936  2.000000  0.999892  0.014245  0.003494  -0.014254  0.999895  0.002609  -0.003456  -0.002658  0.999990  0.999904  0.013545  0.003001  -0.013561  0.999893  0.005572  -0.002926  -0.005612  0.999980  1.000000  0.000169  0.000037  -0.000169  1.000000  0.000070  -0.000037  -0.000070  1.000000  0.999892  0.014245  0.003494  -0.014254  0.999895  0.002609  -0.003456  -0.002658  0.999990  0.000756  0.014958  
8.994950 0.001373  0.090437  0.008524  0.991061  0.120913  0.056383  -0.125946  0.987336  0.096461  -0.044006  -0.102700  0.993739  0.019340  0.000235  0.002817  0.220322  -0.155266  0.651435  2.000000  0.999880  0.015062  0.003683  -0.015073  0.999882  0.002964  -0.003638  -0.003019  0.999989  0.999912  0.012929  0.002945  -0.012947  0.999899  0.005840  -0.002869  -0.005878  0.999979  1.000000  0.000162  0.000036  -0.000162  1.000000  0.000073  -0.000036  -0.000073  1.000000  0.999880  0.015062  0.003683  -0.015073  0.999882  0.002964  -0.003638  -0.003019  0.999989  0.000766  0.014498  
8.995950 0.001392  0.090435  0.008527  0.991040  0.121109  0.056315  -0.126151  0.987274  0.096825  -0.043872  -0.103062  0.993707  0.019233  0.000000  0.002855  0.228824  -0.150270  0.644996  2.000000  0.999870  0.015685  0.003831  -0.015697  0.999871  0.003261  -0.003779  -0.003320  0.999987  0.999920  0.012315  0.002886  -0.012332  0.999906  0.005990  -0.002812  -0.006025  0.999978  1.000000  0.000154  0.000036  -0.000154  1.000000  0.000075  -0.000036  -0.000075  1.000000  0.999870  0.015685  0.003831  -0.015697  0.999871  0.003261  -0.003779  -0.003320  0.999987  0.000763  0.014003  
8.997201 0.001415  0.090433  0.008531  0.991014  0.121285  0.056394  -0.126355  0.987202  0.097293  -0.043872  -0.103544  0.993657  0.019184  -0.000247  0.002881  0.246004  -0.148354  0.624295  2.000000  0.999860  0.016282  0.003970  -0.016297  0.999861  0.003569  -0.003911  -0.003633  0.999986  0.999928  0.011713  0.002696  -0.011730  0.999912  0.006262  -0.002622  -0.006293  0.999977  1.000000  0.000147  0.000033  -0.000147  1.000000  0.000078  -0.000033  -0.000078  1.000000  0.999860  0.016282  0.003970  -0.016297  0.999861  0.003569  -0.003911  -0.003633  0.999986  0.000748  0.013560  
8.998451 0.001439  0.090430  0.008535  0.990988  0.121461  0.056473  -0.126559  0.987130  0.097760  -0.043872  -0.104026  0.993606  0.019143  -0.000517  0.002921  0.259077  -0.141997  0.604063  2.000000  0.999847  0.016994  0.004134  -0.017010  0.999847  0.003967  -0.004066  -0.004036  0.999984  0.999935  0.011112  0.002504  -0.011128  0.999917  0.006532  -0.002432  -0.006559  0.999976  1.000000  0.000139  0.000031  -0.000139  1.000000  0.000082  -0.000031  -0.000082  1.000000  0.999847  0.016994  0.004134  -0.017010  0.999847  0.003967  -0.004066  -0.004036  0.999984  0.000731  0.013138  
8.999697 0.001462  0.090426  0.008538  0.990962  0.121637  0.056552  -0.126763  0.987057  0.098227  -0.043872  -0.104508  0.993556  0.019060  -0.000848  0.002889  0.272585  -0.130546  0.577779  2.000000  0.999835  0.017656  0.004289  -0.017675  0.999834  0.004373  -0.004211  -0.004448  0.999981  0.999944  0.010307  0.002291  -0.010322  0.999925  0.006569  -0.002223  -0.006592  0.999976  1.000000  0.000129  0.000028  -0.000129  1.000000  0.000082  -0.000028  -0.000082  1.000000  0.999835  0.017656  0.004289  -0.017675  0.999834  0.004373  -0.004211  -0.004448  0.999981  0.000710  0.012441  
9.000698 0.001480  0.090422  0.008539  0.990936  0.121820  0.056616  -0.126967  0.986997  0.098575  -0.043872  -0.104870  0.993518  0.018992  -0.001076  0.002791  0.282873  -0.123690  0.559489  2.000000  0.999826  0.018143  0.004402  -0.018163  0.999824  0.004704  -0.004316  -0.004783  0.999979  0.999955  0.009297  0.002055  -0.009310  0.999935  0.006615  -0.001993  -0.006634  0.999976  1.000000  0.000116  0.000025  -0.000116  1.000000  0.000083  -0.000025  -0.000083  1.000000  0.999826  0.018143  0.004402  -0.018163  0.999824  0.004704  -0.004316  -0.004783  0.999979  0.000688  0.011599  
9.001955 0.001504  0.090417  0.008541  0.990936  0.121792  0.056676  -0.126967  0.986949  0.099054  -0.043872  -0.105352  0.993467  0.018897  -0.001510  0.002659  0.295121  -0.111809  0.523786  2.000000  0.999815  0.018698  0.004524  -0.018721  0.999812  0.005119  -0.004427  -0.005203  0.999977  0.999962  0.008506  0.001707  -0.008517  0.999942  0.006652  -0.001650  -0.006666  0.999976  1.000000  0.000106  0.000021  -0.000106  1.000000  0.000083  -0.000021  -0.000083  1.000000  0.999815  0.018698  0.004524  -0.018721  0.999812  0.005119  -0.004427  -0.005203  0.999977  0.000668  0.010937  
9.003205 0.001527  0.090412  0.008541  0.990936  0.121765  0.056735  -0.126967  0.986901  0.099532  -0.043872  -0.105834  0.993416  0.018923  -0.001845  0.002504  0.308706  -0.099502  0.490155  2.000000  0.999805  0.019190  0.004630  -0.019215  0.999800  0.005541  -0.004522  -0.005629  0.999974  0.999971  0.007497  0.001469  -0.007507  0.999949  0.006819  -0.001418  -0.006830  0.999976  1.000000  0.000094  0.000018  -0.000094  1.000000  0.000085  -0.000018  -0.000085  1.000000  0.999805  0.019190  0.004630  -0.019215  0.999800  0.005541  -0.004522  -0.005629  0.999974  0.000642  0.010244  
9.004213 0.001547  0.090408  0.008542  0.990936  0.121744  0.056779  -0.126967  0.986864  0.099892  -0.043872  -0.106195  0.993377  0.018848  -0.002158  0.002398  0.317955  -0.096791  0.462480  2.000000  0.999798  0.019543  0.004706  -0.019570  0.999791  0.005883  -0.004590  -0.005974  0.999972  0.999975  0.006883  0.001407  -0.006892  0.999953  0.006847  -0.001359  -0.006856  0.999976  1.000000  0.000086  0.000017  -0.000086  1.000000  0.000086  -0.000017  -0.000086  1.000000  0.999798  0.019543  0.004706  -0.019570  0.999791  0.005883  -0.004590  -0.005974  0.999972  0.000619  0.009813  
9.005451 0.001571  0.090404  0.008544  0.990936  0.121716  0.056838  -0.126967  0.986816  0.100370  -0.043872  -0.106677  0.993325  0.018880  -0.002430  0.002309  0.323705  -0.093526  0.428308  2.000000  0.999791  0.019863  0.004775  -0.019892  0.999783  0.006231  -0.004650  -0.006325  0.999969  0.999980  0.006283  0.001211  -0.006291  0.999955  0.007117  -0.001167  -0.007124  0.999974  1.000000  0.000079  0.000015  -0.000079  1.000000  0.000089  -0.000015  -0.000089  1.000000  0.999791  0.019863  0.004775  -0.019892  0.999783  0.006231  -0.004650  -0.006325  0.999969  0.000595  0.009573  
9.006701 0.001596  0.090400  0.008546  0.990962  0.121492  0.056862  -0.126763  0.986804  0.100741  -0.043872  -0.107039  0.993286  0.018968  -0.002612  0.002254  0.329238  -0.085651  0.394333  2.000000  0.999784  0.020210  0.004852  -0.020242  0.999773  0.006674  -0.004716  -0.006771  0.999966  0.999986  0.005274  0.000971  -0.005281  0.999960  0.007163  -0.000934  -0.007168  0.999974  1.000000  0.000066  0.000012  -0.000066  1.000000  0.000090  -0.000012  -0.000090  1.000000  0.999784  0.020210  0.004852  -0.020242  0.999773  0.006674  -0.004716  -0.006771  0.999966  0.000566  0.008950  
9.007951 0.001621  0.090396  0.008549  0.990994  0.121276  0.056768  -0.126560  0.986778  0.101248  -0.043738  -0.107521  0.993240  0.019013  -0.002871  0.002151  0.335144  -0.077098  0.353502  2.000000  0.999778  0.020502  0.004917  -0.020537  0.999764  0.007122  -0.004770  -0.007221  0.999963  0.999991  0.004251  0.000864  -0.004257  0.999964  0.007330  -0.000832  -0.007333  0.999973  1.000000  0.000053  0.000011  -0.000053  1.000000  0.000092  -0.000011  -0.000092  1.000000  0.999778  0.020502  0.004917  -0.020537  0.999764  0.007122  -0.004770  -0.007221  0.999963  0.000542  0.008519  
9.009200 0.001645  0.090392  0.008552  0.991020  0.121045  0.056806  -0.126356  0.986754  0.101739  -0.043738  -0.108003  0.993188  0.019061  -0.003075  0.002046  0.337870  -0.068644  0.316896  2.000000  0.999773  0.020726  0.004962  -0.020763  0.999756  0.007577  -0.004804  -0.007678  0.999959  0.999995  0.003053  0.000466  -0.003056  0.999968  0.007385  -0.000444  -0.007386  0.999973  1.000000  0.000038  0.000006  -0.000038  1.000000  0.000092  -0.000006  -0.000092  1.000000  0.999773  0.020726  0.004962  -0.020763  0.999756  0.007577  -0.004804  -0.007678  0.999959  0.000514  0.008005  
9.010202 0.001665  0.090388  0.008554  0.991040  0.120807  0.056961  -0.126151  0.986744  0.102093  -0.043872  -0.108364  0.993143  0.019152  -0.003251  0.001916  0.339264  -0.060778  0.283201  2.000000  0.999770  0.020864  0.004988  -0.020903  0.999750  0.007944  -0.004821  -0.008047  0.999956  0.999996  0.002658  0.000290  -0.002660  0.999969  0.007403  -0.000270  -0.007404  0.999973  1.000000  0.000033  0.000004  -0.000033  1.000000  0.000093  -0.000003  -0.000093  1.000000  0.999770  0.020864  0.004988  -0.020903  0.999750  0.007944  -0.004821  -0.008047  0.999956  0.000495  0.007871  
9.011452 0.001690  0.090383  0.008557  0.991066  0.120576  0.056998  -0.125947  0.986719  0.102583  -0.043872  -0.108846  0.993090  0.019262  -0.003438  0.001891  0.344129  -0.051924  0.237830  2.000000  0.999767  0.020986  0.005019  -0.021028  0.999743  0.008413  -0.004841  -0.008517  0.999952  0.999998  0.001825  0.000335  -0.001828  0.999970  0.007560  -0.000321  -0.007561  0.999971  1.000000  0.000023  0.000004  -0.000023  1.000000  0.000095  -0.000004  -0.000095  1.000000  0.999767  0.020986  0.005019  -0.021028  0.999743  0.008413  -0.004841  -0.008517  0.999952  0.000467  0.007785  
9.012699 0.001715  0.090378  0.008561  0.991092  0.120345  0.057035  -0.125743  0.986694  0.103074  -0.043872  -0.109328  0.993037  0.019345  -0.003602  0.001859  0.350082  -0.043245  0.197075  2.000000  0.999766  0.021048  0.005034  -0.021092  0.999739  0.008797  -0.004848  -0.008901  0.999949  0.999999  0.001022  0.000113  -0.001023  0.999970  0.007718  -0.000105  -0.007718  0.999970  1.000000  0.000013  0.000001  -0.000013  1.000000  0.000096  -0.000001  -0.000096  1.000000  0.999766  0.021048  0.005034  -0.021092  0.999739  0.008797  -0.004848  -0.008901  0.999949  0.000447  0.007786  
9.013948 0.001740  0.090373  0.008565  0.991124  0.120122  0.056955  -0.125540  0.986654  0.103701  -0.043738  -0.109930  0.992976  0.019500  -0.003669  0.001962  0.356424  -0.031236  0.169059  2.000000  0.999765  0.021077  0.005041  -0.021123  0.999734  0.009279  -0.004844  -0.009383  0.999944  1.000000  0.000219  -0.000110  -0.000218  0.999970  0.007754  0.000112  -0.007754  0.999970  1.000000  0.000003  -0.000001  -0.000003  1.000000  0.000097  0.000001  -0.000097  1.000000  0.999765  0.021077  0.005041  -0.021123  0.999734  0.009279  -0.004844  -0.009383  0.999944  0.000427  0.007758  
9.014948 0.001760  0.090369  0.008569  0.991150  0.119899  0.056977  -0.125336  0.986641  0.104071  -0.043738  -0.110292  0.992936  0.019594  -0.003735  0.002068  0.356853  -0.027941  0.136091  2.000000  0.999765  0.021069  0.005037  -0.021117  0.999730  0.009670  -0.004831  -0.009775  0.999941  1.000000  -0.000379  -0.000311  0.000382  0.999969  0.007902  0.000308  -0.007902  0.999969  1.000000  -0.000005  -0.000004  0.000005  1.000000  0.000099  0.000004  -0.000099  1.000000  0.999765  0.021069  0.005037  -0.021117  0.999730  0.009670  -0.004831  -0.009775  0.999941  0.000419  0.007918  
9.016198 0.001786  0.090364  0.008573  0.991201  0.119465  0.056993  -0.124928  0.986639  0.104574  -0.043738  -0.110773  0.992883  0.019753  -0.003798  0.002254  0.362747  -0.019153  0.095307  2.000000  0.999766  0.021020  0.005025  -0.021070  0.999726  0.010164  -0.004810  -0.010268  0.999936  0.999999  -0.000992  -0.000380  0.000995  0.999968  0.007929  0.000372  -0.007930  0.999968  1.000000  -0.000012  -0.000005  0.000012  1.000000  0.000099  0.000005  -0.000099  1.000000  0.999766  0.021020  0.005025  -0.021070  0.999726  0.010164  -0.004810  -0.010268  0.999936  0.000406  0.008000  
9.017198 0.001807  0.090360  0.008577  0.991227  0.119241  0.057014  -0.124724  0.986626  0.104944  -0.043738  -0.111135  0.992842  0.019911  -0.003747  0.002454  0.364647  -0.016846  0.074049  2.000000  0.999768  0.020949  0.005018  -0.021002  0.999724  0.010560  -0.004795  -0.010663  0.999932  0.999999  -0.001620  -0.000316  0.001623  0.999968  0.007835  0.000303  -0.007835  0.999969  1.000000  -0.000020  -0.000004  0.000020  1.000000  0.000098  0.000004  -0.000098  1.000000  0.999768  0.020949  0.005018  -0.021002  0.999724  0.010560  -0.004795  -0.010663  0.999932  0.000404  0.008007  
9.018446 0.001834  0.090355  0.008582  0.991253  0.119003  0.057065  -0.124519  0.986587  0.105555  -0.043738  -0.111737  0.992775  0.020116  -0.003747  0.002697  0.374292  -0.008806  0.040436  2.000000  0.999770  0.020833  0.005007  -0.020887  0.999721  0.011055  -0.004776  -0.011157  0.999926  0.999998  -0.002029  -0.000363  0.002032  0.999966  0.007974  0.000347  -0.007975  0.999968  1.000000  -0.000025  -0.000004  0.000025  1.000000  0.000100  0.000004  -0.000100  1.000000  0.999770  0.020833  0.005007  -0.020887  0.999721  0.011055  -0.004776  -0.011157  0.999926  0.000408  0.008237  
9.019451 0.001856  0.090351  0.008585  0.991278  0.118779  0.057086  -0.124315  0.986573  0.105925  -0.043738  -0.112098  0.992734  0.020316  -0.003760  0.002903  0.378545  -0.001474  0.013747  2.000000  0.999773  0.020719  0.004997  -0.020775  0.999719  0.011453  -0.004758  -0.011554  0.999922  0.999997  -0.002438  -0.000410  0.002441  0.999965  0.007992  0.000390  -0.007993  0.999968  1.000000  -0.000030  -0.000005  0.000030  1.000000  0.000100  0.000005  -0.000100  1.000000  0.999773  0.020719  0.004997  -0.020775  0.999719  0.011453  -0.004758  -0.011554  0.999922  0.000406  0.008366  
9.020453 0.001878  0.090347  0.008589  0.991304  0.118548  0.057122  -0.124111  0.986546  0.106416  -0.043738  -0.112580  0.992680  0.020472  -0.003772  0.003054  0.383550  0.000740  -0.006874  2.000000  0.999775  0.020621  0.004987  -0.020679  0.999717  0.011756  -0.004744  -0.011857  0.999918  0.999996  -0.002642  -0.000434  0.002645  0.999964  0.008122  0.000413  -0.008123  0.999967  1.000000  -0.000033  -0.000005  0.000033  1.000000  0.000102  0.000005  -0.000102  1.000000  0.999775  0.020621  0.004987  -0.020679  0.999717  0.011756  -0.004744  -0.011857  0.999918  0.000415  0.008553  
9.021455 0.001900  0.090343  0.008592  0.991324  0.118309  0.057275  -0.123907  0.986533  0.106770  -0.043872  -0.112940  0.992633  0.020597  -0.003895  0.003126  0.388753  0.002969  -0.027508  2.000000  0.999777  0.020515  0.004981  -0.020574  0.999716  0.012064  -0.004732  -0.012164  0.999915  0.999996  -0.002861  -0.000325  0.002864  0.999962  0.008253  0.000302  -0.008254  0.999966  1.000000  -0.000036  -0.000004  0.000036  1.000000  0.000103  0.000004  -0.000103  1.000000  0.999777  0.020515  0.004981  -0.020574  0.999716  0.012064  -0.004732  -0.012164  0.999915  0.000420  0.008741  
9.022695 0.001928  0.090337  0.008596  0.991375  0.117875  0.057288  -0.123498  0.986530  0.107272  -0.043872  -0.113422  0.992578  0.020811  -0.003990  0.003199  0.390701  0.005912  -0.054547  2.000000  0.999781  0.020311  0.004969  -0.020372  0.999713  0.012583  -0.004712  -0.012682  0.999908  0.999995  -0.003270  -0.000373  0.003272  0.999960  0.008271  0.000346  -0.008272  0.999966  1.000000  -0.000041  -0.000005  0.000041  1.000000  0.000103  0.000004  -0.000103  1.000000  0.999781  0.020311  0.004969  -0.020372  0.999713  0.012583  -0.004712  -0.012682  0.999908  0.000425  0.008902  
9.023696 0.001951  0.090332  0.008599  0.991375  0.117848  0.057346  -0.123498  0.986478  0.107751  -0.043872  -0.113904  0.992523  0.021007  -0.004075  0.003225  0.395325  0.011853  -0.067693  2.000000  0.999785  0.020135  0.004958  -0.020198  0.999711  0.012999  -0.004695  -0.013096  0.999903  0.999994  -0.003474  -0.000398  0.003477  0.999959  0.008401  0.000369  -0.008402  0.999965  1.000000  -0.000043  -0.000005  0.000043  1.000000  0.000105  0.000005  -0.000105  1.000000  0.999785  0.020135  0.004958  -0.020198  0.999711  0.012999  -0.004695  -0.013096  0.999903  0.000433  0.009100  
9.024697 0.001973  0.090327  0.008602  0.991400  0.117624  0.057366  -0.123294  0.986462  0.108122  -0.043872  -0.114265  0.992481  0.021219  -0.004188  0.003233  0.396204  0.014110  -0.088135  2.000000  0.999789  0.019951  0.004947  -0.020016  0.999710  0.013418  -0.004677  -0.013514  0.999898  0.999993  -0.003678  -0.000423  0.003681  0.999958  0.008410  0.000392  -0.008411  0.999965  1.000000  -0.000046  -0.000005  0.000046  1.000000  0.000105  0.000005  -0.000105  1.000000  0.999789  0.019951  0.004947  -0.020016  0.999710  0.013418  -0.004677  -0.013514  0.999898  0.000437  0.009189  
9.025701 0.001996  0.090322  0.008605  0.991425  0.117393  0.057401  -0.123090  0.986434  0.108612  -0.043872  -0.114746  0.992426  0.021469  -0.004259  0.003278  0.400809  0.015639  -0.101751  2.000000  0.999793  0.019758  0.004934  -0.019824  0.999708  0.013839  -0.004659  -0.013934  0.999892  0.999992  -0.003882  -0.000449  0.003886  0.999957  0.008419  0.000416  -0.008421  0.999964  1.000000  -0.000049  -0.000005  0.000049  1.000000  0.000105  0.000005  -0.000105  1.000000  0.999793  0.019758  0.004934  -0.019824  0.999708  0.013839  -0.004659  -0.013934  0.999892  0.000445  0.009282  
9.026950 0.002025  0.090315  0.008609  0.991445  0.117147  0.057567  -0.122885  0.986407  0.109086  -0.044006  -0.115227  0.992364  0.021725  -0.004383  0.003369  0.400663  0.008398  -0.117315  2.000000  0.999797  0.019514  0.004924  -0.019583  0.999705  0.014367  -0.004642  -0.014461  0.999885  0.999992  -0.003897  -0.000318  0.003900  0.999957  0.008419  0.000285  -0.008421  0.999965  1.000000  -0.000049  -0.000004  0.000049  1.000000  0.000105  0.000004  -0.000105  1.000000  0.999797  0.019514  0.004924  -0.019583  0.999705  0.014367  -0.004642  -0.014461  0.999885  0.000451  0.009284  
9.027951 0.002048  0.090310  0.008613  0.991445  0.117119  0.057624  -0.122885  0.986354  0.109565  -0.044006  -0.115709  0.992308  0.021899  -0.004452  0.003376  0.405001  0.009207  -0.124170  2.000000  0.999800  0.019366  0.004919  -0.019437  0.999703  0.014689  -0.004633  -0.014782  0.999880  0.999992  -0.003897  -0.000320  0.003900  0.999955  0.008662  0.000286  -0.008663  0.999962  1.000000  -0.000049  -0.000004  0.000049  1.000000  0.000108  0.000004  -0.000108  1.000000  0.999800  0.019366  0.004919  -0.019437  0.999703  0.014689  -0.004633  -0.014782  0.999880  0.000458  0.009504  
9.029201 0.002077  0.090303  0.008618  0.991464  0.116865  0.057804  -0.122680  0.986314  0.110159  -0.044139  -0.116310  0.992232  0.022154  -0.004550  0.003512  0.409709  0.006332  -0.138407  2.000000  0.999805  0.019117  0.004917  -0.019190  0.999700  0.015234  -0.004624  -0.015325  0.999872  0.999992  -0.003928  -0.000056  0.003928  0.999954  0.008784  0.000022  -0.008784  0.999961  1.000000  -0.000049  -0.000000  0.000049  1.000000  0.000110  0.000000  -0.000110  1.000000  0.999805  0.019117  0.004917  -0.019190  0.999700  0.015234  -0.004624  -0.015325  0.999872  0.000467  0.009622  
9.030502 0.002107  0.090297  0.008625  0.991489  0.116627  0.057852  -0.122476  0.986271  0.110769  -0.044139  -0.116911  0.992161  0.022352  -0.004661  0.003618  0.413654  0.007928  -0.151872  2.000000  0.999810  0.018874  0.004925  -0.018949  0.999696  0.015785  -0.004626  -0.015876  0.999863  0.999992  -0.003928  -0.000059  0.003928  0.999953  0.008905  0.000024  -0.008905  0.999960  1.000000  -0.000049  -0.000001  0.000049  1.000000  0.000111  0.000001  -0.000111  1.000000  0.999810  0.018874  0.004925  -0.018949  0.999696  0.015785  -0.004626  -0.015876  0.999863  0.000474  0.009733  
9.031698 0.002137  0.090289  0.008631  0.991489  0.116592  0.057923  -0.122476  0.986203  0.111367  -0.044139  -0.117513  0.992090  0.022700  -0.004838  0.003701  0.418603  0.008028  -0.152187  2.000000  0.999813  0.018681  0.004929  -0.018758  0.999692  0.016238  -0.004624  -0.016327  0.999856  0.999993  -0.003708  -0.000170  0.003709  0.999951  0.009139  0.000136  -0.009139  0.999958  1.000000  -0.000046  -0.000002  0.000046  1.000000  0.000114  0.000002  -0.000114  1.000000  0.999813  0.018681  0.004929  -0.018758  0.999692  0.016238  -0.004624  -0.016327  0.999856  0.000481  0.009864  
