1-Time 2-Px 3-Py 4-Pz 5-R11 6-R21 7-R31 8-R12 9-R22 10-R32 11-R13 12-R23 13-R33 14-Vx 15-Vy 16-Vz 17-Wx 18-Wy 19-Wz 20-state 21-PR11 22-PR21 23-PR31 24-PR12 25-PR22 26-PR32 27-PR13 28-PR23 29-PR33 
30.708016 0.010644  0.092631  -0.003846  0.993733  0.071781  -0.085690  0.079753  0.081864  0.993447  0.078326  -0.994055  0.075626  -0.001926  0.000997  0.004658  0.000000  0.000000  0.000000  2.000000  1.000000  0.000000  0.000000  0.000000  -0.000000  1.000000  0.000000  -1.000000  -0.000000  1.000000  0.000016  0.000205  -0.000016  1.000000  0.000137  -0.000205  -0.000137  1.000000  1.000000  0.000000  0.000000  0.000000  1.000000  0.000000  0.000000  0.000000  1.000000  0.712769  0.387470  0.584661  -0.530643  -0.247205  0.810745  0.458670  -0.888120  0.029408  0.000000  0.000000  
30.709019 0.010642  0.092632  -0.003841  0.993733  0.071781  -0.085690  0.079753  0.081864  0.993447  0.078326  -0.994055  0.075626  -0.001896  0.001027  0.004682  0.000000  0.000000  0.000000  2.000000  1.000000  0.000000  0.000000  0.000000  -0.000000  1.000000  0.000000  -1.000000  -0.000000  1.000000  0.000016  0.000205  -0.000016  1.000000  0.000137  -0.000205  -0.000137  1.000000  1.000000  0.000000  0.000000  0.000000  1.000000  0.000000  0.000000  0.000000  1.000000  1.000000  0.000000  0.000000  0.000000  -0.000000  1.000000  0.000000  -1.000000  -0.000000  0.000000  0.000000  
30.710025 0.010641  0.092632  -0.003838  0.993739  0.071920  -0.085505  0.079547  0.081980  0.993454  0.078459  -0.994036  0.075746  -0.001838  0.000967  0.004600  0.000000  0.000000  0.000000  2.000000  1.000000  0.000000  0.000000  0.000000  -0.000000  1.000000  0.000000  -1.000000  -0.000000  1.000000  0.000165  0.000399  -0.000165  1.000000  0.000032  -0.000399  -0.000032  1.000000  1.000000  0.000000  0.000000  0.000000  1.000000  0.000000  0.000000  0.000000  1.000000  1.000000  0.000000  0.000000  0.000000  -0.000000  1.000000  0.000000  -1.000000  -0.000000  0.000000  0.000000  
30.711273 0.010641  0.092632  -0.003833  0.993756  0.072369  -0.084921  0.078931  0.081967  0.993505  0.078859  -0.994004  0.075743  -0.001683  0.000903  0.004547  0.000000  0.000000  0.000000  2.000000  1.000000  0.000000  0.000000  0.000000  -0.000000  1.000000  0.000000  -1.000000  -0.000000  1.000000  0.000463  0.000788  -0.000463  1.000000  0.000064  -0.000788  -0.000065  1.000000  1.000000  0.000000  0.000000  0.000000  1.000000  0.000000  0.000000  0.000000  1.000000  1.000000  0.000000  0.000000  0.000000  -0.000000  1.000000  0.000000  -1.000000  -0.000000  0.000000  0.000000  
30.712523 0.010641  0.092633  -0.003828  0.993784  0.072684  -0.084328  0.078315  0.081943  0.993555  0.079126  -0.993983  0.075742  -0.001497  0.000868  0.004519  0.000000  0.000000  0.000000  2.000000  1.000000  0.000000  0.000000  0.000000  -0.000000  1.000000  0.000000  -1.000000  -0.000000  0.999999  0.000894  0.001167  -0.000894  1.000000  0.000097  -0.001167  -0.000098  0.999999  1.000000  0.000000  0.000000  0.000000  1.000000  0.000000  0.000000  0.000000  1.000000  1.000000  0.000000  0.000000  0.000000  -0.000000  1.000000  0.000000  -1.000000  -0.000000  0.000000  0.000000  
30.713777 0.010642  0.092633  -0.003823  0.993779  0.072956  -0.084153  0.078109  0.082070  0.993561  0.079393  -0.993953  0.075861  -0.001273  0.000796  0.004427  0.000000  0.000000  0.000000  2.000000  1.000000  0.000000  0.000000  0.000000  -0.000000  1.000000  0.000000  -1.000000  -0.000000  0.999998  0.001192  0.001556  -0.001192  0.999999  0.000008  -0.001556  -0.000010  0.999999  1.000000  0.000000  0.000000  0.000000  1.000000  0.000000  0.000000  0.000000  1.000000  1.000000  0.000000  0.000000  0.000000  -0.000000  1.000000  0.000000  -1.000000  -0.000000  0.000000  0.000000  
30.715018 0.010645  0.092634  -0.003817  0.993789  0.073255  -0.083764  0.077698  0.082060  0.993594  0.079660  -0.993931  0.075859  -0.000948  0.000787  0.004417  0.000000  0.000000  0.000000  2.000000  1.000000  0.000000  0.000000  0.000000  -0.000000  1.000000  0.000000  -1.000000  -0.000000  0.999997  0.001490  0.001945  -0.001490  0.999999  0.000040  -0.001945  -0.000043  0.999998  1.000000  0.000000  0.000000  0.000000  1.000000  0.000000  0.000000  0.000000  1.000000  1.000000  0.000000  0.000000  0.000000  -0.000000  1.000000  0.000000  -1.000000  -0.000000  0.000000  0.000000  
30.716019 0.010647  0.092633  -0.003813  0.993816  0.073561  -0.083179  0.077083  0.082156  0.993634  0.079926  -0.993901  0.075978  -0.000706  0.000664  0.004350  0.000000  0.000000  0.000000  2.000000  1.000000  0.000000  0.000000  0.000000  -0.000000  1.000000  0.000000  -1.000000  -0.000000  0.999996  0.001788  0.002334  -0.001788  0.999998  0.000072  -0.002333  -0.000076  0.999997  1.000000  0.000000  0.000000  0.000000  1.000000  0.000000  0.000000  0.000000  1.000000  1.000000  0.000000  0.000000  0.000000  -0.000000  1.000000  0.000000  -1.000000  -0.000000  0.000000  0.000000  
30.717024 0.010650  0.092634  -0.003809  0.993831  0.074009  -0.082596  0.076467  0.082141  0.993683  0.080326  -0.993869  0.075976  -0.000380  0.000654  0.004337  0.000000  0.000000  0.000000  2.000000  1.000000  0.000000  0.000000  0.000000  -0.000000  1.000000  0.000000  -1.000000  -0.000000  0.999993  0.002235  0.002917  -0.002235  0.999998  -0.000001  -0.002917  -0.000006  0.999996  1.000000  0.000000  0.000000  0.000000  1.000000  0.000000  0.000000  0.000000  1.000000  1.000000  0.000000  0.000000  0.000000  -0.000000  1.000000  0.000000  -1.000000  -0.000000  0.000000  0.000000  
30.718270 0.010652  0.092634  -0.003804  0.993835  0.074580  -0.082032  0.075849  0.082257  0.993721  0.080860  -0.993817  0.076093  -0.000013  0.000562  0.004326  0.000000  0.000000  0.000000  2.000000  1.000000  0.000000  0.000000  0.000000  -0.000000  1.000000  0.000000  -1.000000  -0.000000  0.999990  0.002683  0.003500  -0.002683  0.999996  -0.000074  -0.003500  0.000064  0.999994  1.000000  0.000000  0.000000  0.000000  1.000000  0.000000  0.000000  0.000000  1.000000  1.000000  0.000000  0.000000  0.000000  -0.000000  1.000000  0.000000  -1.000000  -0.000000  0.000000  0.000000  
30.719271 0.010655  0.092635  -0.003800  0.993834  0.075002  -0.081662  0.075438  0.082377  0.993742  0.081260  -0.993775  0.076211  0.000287  0.000545  0.004245  0.000000  0.000000  0.000000  2.000000  1.000000  0.000000  0.000000  0.000000  -0.000000  1.000000  0.000000  -1.000000  -0.000000  0.999987  0.003130  0.004083  -0.003130  0.999995  -0.000147  -0.004083  0.000134  0.999992  1.000000  0.000000  0.000000  0.000000  1.000000  0.000000  0.000000  0.000000  1.000000  1.000000  0.000000  0.000000  0.000000  -0.000000  1.000000  0.000000  -1.000000  -0.000000  0.000000  0.000000  
30.720518 0.010657  0.092637  -0.003796  0.993837  0.075564  -0.081107  0.074821  0.082611  0.993769  0.081793  -0.993713  0.076449  0.000583  0.000576  0.004109  0.000000  0.000000  0.000000  2.000000  1.000000  0.000000  0.000000  0.000000  -0.000000  1.000000  0.000000  -1.000000  -0.000000  0.999982  0.003711  0.004655  -0.003710  0.999993  -0.000220  -0.004656  0.000203  0.999989  1.000000  0.000000  0.000000  0.000000  1.000000  0.000000  0.000000  0.000000  1.000000  1.000000  0.000000  0.000000  0.000000  -0.000000  1.000000  0.000000  -1.000000  -0.000000  0.000000  0.000000  
30.721519 0.010659  0.092638  -0.003794  0.993850  0.076003  -0.080533  0.074204  0.082715  0.993807  0.082193  -0.993671  0.076567  0.000847  0.000578  0.003946  -0.013543  -0.175710  0.144258  2.000000  1.000000  0.000102  0.000126  -0.000126  0.000009  1.000000  0.000102  -1.000000  0.000009  0.999979  0.004144  0.005033  -0.004142  0.999991  -0.000430  -0.005034  0.000409  0.999987  1.000000  0.000052  0.000063  -0.000052  1.000000  -0.000005  -0.000063  0.000005  1.000000  1.000000  0.000102  0.000126  -0.000126  0.000009  1.000000  0.000102  -1.000000  0.000009  0.000054  0.006533  
30.722768 0.010661  0.092639  -0.003792  0.993856  0.076714  -0.079785  0.073382  0.082942  0.993849  0.082860  -0.993597  0.076803  0.001159  0.000588  0.003633  -0.019406  -0.201502  0.168833  2.000000  1.000000  0.000388  0.000472  -0.000472  0.000038  1.000000  0.000388  -1.000000  0.000039  0.999971  0.004875  0.005799  -0.004872  0.999988  -0.000608  -0.005802  0.000580  0.999983  1.000000  0.000061  0.000073  -0.000061  1.000000  -0.000007  -0.000073  0.000007  1.000000  1.000000  0.000388  0.000472  -0.000472  0.000038  1.000000  0.000388  -1.000000  0.000039  0.000064  0.007599  
30.723770 0.010663  0.092640  -0.003790  0.993868  0.077144  -0.079220  0.072766  0.083165  0.993876  0.083260  -0.993545  0.077042  0.001341  0.000560  0.003463  -0.025849  -0.221142  0.183950  2.000000  1.000000  0.000582  0.000704  -0.000704  0.000062  1.000000  0.000582  -1.000000  0.000063  0.999965  0.005323  0.006381  -0.005319  0.999986  -0.000682  -0.006384  0.000648  0.999979  1.000000  0.000067  0.000080  -0.000067  1.000000  -0.000008  -0.000080  0.000008  1.000000  1.000000  0.000582  0.000704  -0.000704  0.000062  1.000000  0.000582  -1.000000  0.000063  0.000070  0.008336  
30.724772 0.010665  0.092642  -0.003789  0.993853  0.077690  -0.078871  0.072353  0.083413  0.993885  0.083793  -0.993482  0.077279  0.001583  0.000614  0.003281  -0.032800  -0.233346  0.202852  2.000000  0.999999  0.000866  0.001037  -0.001037  0.000103  0.999999  0.000866  -1.000000  0.000104  0.999960  0.005890  0.006747  -0.005884  0.999982  -0.000892  -0.006753  0.000852  0.999977  1.000000  0.000074  0.000084  -0.000074  1.000000  -0.000011  -0.000084  0.000011  1.000000  0.999999  0.000866  0.001037  -0.001037  0.000103  0.999999  0.000866  -1.000000  0.000104  0.000076  0.008999  
30.725773 0.010667  0.092643  -0.003787  0.993849  0.078103  -0.078512  0.071942  0.083651  0.993895  0.084193  -0.993430  0.077518  0.001744  0.000762  0.003207  -0.039779  -0.246037  0.217395  2.000000  0.999998  0.001177  0.001389  -0.001389  0.000154  0.999999  0.001177  -0.999999  0.000156  0.999955  0.006323  0.007124  -0.006316  0.999979  -0.001102  -0.007131  0.001057  0.999974  1.000000  0.000079  0.000089  -0.000079  1.000000  -0.000013  -0.000089  0.000013  1.000000  0.999998  0.001177  0.001389  -0.001389  0.000154  0.999999  0.001177  -0.999999  0.000156  0.000081  0.009587  
30.727023 0.010671  0.092647  -0.003783  0.993822  0.078771  -0.078183  0.071528  0.084028  0.993893  0.084860  -0.993345  0.077875  0.001949  0.000935  0.003119  -0.050791  -0.258009  0.240918  2.000000  0.999997  0.001599  0.001855  -0.001855  0.000242  0.999998  0.001599  -0.999999  0.000245  0.999946  0.007040  0.007683  -0.007029  0.999974  -0.001539  -0.007694  0.001485  0.999969  1.000000  0.000088  0.000096  -0.000088  1.000000  -0.000019  -0.000096  0.000019  1.000000  0.999997  0.001599  0.001855  -0.001855  0.000242  0.999998  0.001599  -0.999999  0.000245  0.000088  0.010531  
30.728268 0.010674  0.092649  -0.003779  0.993821  0.079325  -0.077639  0.070911  0.084379  0.993907  0.085393  -0.993271  0.078233  0.002177  0.001078  0.003008  -0.061247  -0.277195  0.260495  2.000000  0.999995  0.002062  0.002349  -0.002350  0.000352  0.999997  0.002061  -0.999998  0.000357  0.999939  0.007610  0.008047  -0.007594  0.999969  -0.001992  -0.008062  0.001931  0.999966  1.000000  0.000095  0.000101  -0.000095  1.000000  -0.000025  -0.000101  0.000025  1.000000  0.999995  0.002062  0.002349  -0.002350  0.000352  0.999997  0.002061  -0.999998  0.000357  0.000094  0.011248  
30.729280 0.010678  0.092651  -0.003777  0.993804  0.079862  -0.077301  0.070499  0.084746  0.993905  0.085926  -0.993197  0.078591  0.002325  0.001183  0.002899  -0.072224  -0.289356  0.279407  2.000000  0.999993  0.002460  0.002771  -0.002772  0.000455  0.999996  0.002459  -0.999997  0.000462  0.999929  0.008193  0.008617  -0.008175  0.999964  -0.002186  -0.008635  0.002116  0.999960  1.000000  0.000102  0.000108  -0.000102  1.000000  -0.000027  -0.000108  0.000027  1.000000  0.999993  0.002460  0.002771  -0.002772  0.000455  0.999996  0.002459  -0.999997  0.000462  0.000101  0.012084  
30.730525 0.010682  0.092651  -0.003774  0.993801  0.080408  -0.076768  0.069882  0.085216  0.993909  0.086460  -0.993113  0.079069  0.002431  0.001192  0.002749  -0.086750  -0.308573  0.299078  2.000000  0.999990  0.002990  0.003318  -0.003320  0.000602  0.999994  0.002988  -0.999995  0.000612  0.999924  0.008613  0.008786  -0.008592  0.999960  -0.002532  -0.008807  0.002457  0.999958  1.000000  0.000108  0.000110  -0.000108  1.000000  -0.000031  -0.000110  0.000031  1.000000  0.999990  0.002990  0.003318  -0.003320  0.000602  0.999994  0.002988  -0.999995  0.000612  0.000107  0.012554  
30.731773 0.010686  0.092651  -0.003772  0.993772  0.081068  -0.076451  0.069468  0.085711  0.993895  0.087126  -0.993016  0.079546  0.002472  0.001161  0.002499  -0.101807  -0.320522  0.322672  2.000000  0.999987  0.003432  0.003757  -0.003759  0.000740  0.999993  0.003430  -0.999994  0.000753  0.999923  0.009002  0.008545  -0.008976  0.999955  -0.003031  -0.008572  0.002954  0.999959  1.000000  0.000112  0.000107  -0.000112  1.000000  -0.000037  -0.000107  0.000037  1.000000  0.999987  0.003432  0.003757  -0.003759  0.000740  0.999993  0.003430  -0.999994  0.000753  0.000114  0.012767  
30.733020 0.010689  0.092650  -0.003771  0.993742  0.081739  -0.076125  0.069055  0.086086  0.993892  0.087793  -0.992929  0.079903  0.002498  0.001097  0.002194  -0.112775  -0.332459  0.346232  2.000000  0.999983  0.004006  0.004298  -0.004301  0.000939  0.999990  0.004002  -0.999992  0.000956  0.999919  0.009288  0.008724  -0.009259  0.999951  -0.003375  -0.008755  0.003294  0.999956  1.000000  0.000116  0.000109  -0.000116  1.000000  -0.000042  -0.000109  0.000042  1.000000  0.999983  0.004006  0.004298  -0.004301  0.000939  0.999990  0.004002  -0.999992  0.000956  0.000122  0.013172  
30.734268 0.010693  0.092649  -0.003771  0.993712  0.082400  -0.075809  0.068642  0.086580  0.993877  0.088459  -0.992831  0.080380  0.002572  0.000911  0.001902  -0.127809  -0.344363  0.369817  2.000000  0.999978  0.004602  0.004831  -0.004837  0.001158  0.999988  0.004597  -0.999989  0.001180  0.999915  0.009692  0.008687  -0.009660  0.999946  -0.003736  -0.008723  0.003652  0.999955  1.000000  0.000121  0.000109  -0.000121  1.000000  -0.000046  -0.000109  0.000046  1.000000  0.999978  0.004602  0.004831  -0.004837  0.001158  0.999988  0.004597  -0.999989  0.001180  0.000129  0.013530  
30.735270 0.010696  0.092646  -0.003773  0.993693  0.082947  -0.075463  0.068230  0.086824  0.993884  0.088992  -0.992765  0.080617  0.002621  0.000635  0.001548  -0.134694  -0.356620  0.388843  2.000000  0.999973  0.005099  0.005265  -0.005271  0.001350  0.999985  0.005091  -0.999986  0.001377  0.999912  0.010095  0.008651  -0.010060  0.999941  -0.004098  -0.008692  0.004011  0.999954  1.000000  0.000126  0.000108  -0.000126  1.000000  -0.000051  -0.000108  0.000051  1.000000  0.999973  0.005099  0.005265  -0.005271  0.001350  0.999985  0.005091  -0.999986  0.001377  0.000135  0.013900  
30.736518 0.010699  0.092643  -0.003776  0.993661  0.083609  -0.075148  0.067816  0.087317  0.993870  0.089658  -0.992666  0.081093  0.002700  0.000309  0.001151  -0.153795  -0.368549  0.412438  2.000000  0.999967  0.005738  0.005794  -0.005803  0.001613  0.999982  0.005728  -0.999982  0.001646  0.999913  0.010332  0.008216  -0.010296  0.999937  -0.004369  -0.008261  0.004284  0.999957  1.000000  0.000129  0.000103  -0.000129  1.000000  -0.000054  -0.000103  0.000054  1.000000  0.999967  0.005738  0.005794  -0.005803  0.001613  0.999982  0.005728  -0.999982  0.001646  0.000141  0.013892  
30.737519 0.010702  0.092639  -0.003779  0.993627  0.084130  -0.075017  0.067609  0.087698  0.993850  0.090191  -0.992588  0.081451  0.002782  -0.000018  0.000912  -0.165329  -0.373911  0.430966  2.000000  0.999961  0.006256  0.006202  -0.006213  0.001840  0.999979  0.006245  -0.999979  0.001879  0.999913  0.010452  0.007997  -0.010414  0.999935  -0.004746  -0.008046  0.004662  0.999957  1.000000  0.000130  0.000100  -0.000130  1.000000  -0.000059  -0.000100  0.000059  1.000000  0.999961  0.006256  0.006202  -0.006213  0.001840  0.999979  0.006245  -0.999979  0.001879  0.000147  0.013976  
30.738766 0.010704  0.092634  -0.003782  0.993606  0.084660  -0.074692  0.067196  0.088181  0.993835  0.090724  -0.992500  0.081928  0.002778  -0.000408  0.000563  -0.178945  -0.383101  0.446556  2.000000  0.999954  0.006909  0.006686  -0.006701  0.002145  0.999975  0.006895  -0.999974  0.002191  0.999917  0.010422  0.007582  -0.010383  0.999933  -0.005138  -0.007636  0.005059  0.999958  1.000000  0.000130  0.000095  -0.000130  1.000000  -0.000064  -0.000095  0.000064  1.000000  0.999954  0.006909  0.006686  -0.006701  0.002145  0.999975  0.006895  -0.999974  0.002191  0.000152  0.013861  
30.740019 0.010707  0.092629  -0.003785  0.993572  0.085172  -0.074573  0.066988  0.088681  0.993805  0.091257  -0.992412  0.082406  0.002745  -0.000851  0.000221  -0.190930  -0.381877  0.459994  2.000000  0.999947  0.007438  0.007064  -0.007082  0.002405  0.999972  0.007421  -0.999969  0.002457  0.999916  0.010559  0.007566  -0.010518  0.999930  -0.005498  -0.007624  0.005418  0.999956  1.000000  0.000132  0.000095  -0.000132  1.000000  -0.000068  -0.000095  0.000068  1.000000  0.999947  0.007438  0.007064  -0.007082  0.002405  0.999972  0.007421  -0.999969  0.002457  0.000156  0.014091  
30.741019 0.010709  0.092625  -0.003787  0.993563  0.085579  -0.074228  0.066577  0.089035  0.993801  0.091657  -0.992345  0.082764  0.002719  -0.001235  -0.000077  -0.203467  -0.374537  0.463876  2.000000  0.999941  0.007968  0.007431  -0.007452  0.002679  0.999969  0.007947  -0.999965  0.002738  0.999917  0.010545  0.007357  -0.010503  0.999928  -0.005754  -0.007418  0.005677  0.999956  1.000000  0.000132  0.000092  -0.000132  1.000000  -0.000071  -0.000092  0.000071  1.000000  0.999941  0.007968  0.007431  -0.007452  0.002679  0.999969  0.007947  -0.999965  0.002738  0.000158  0.014071  
30.742024 0.010711  0.092622  -0.003790  0.993553  0.085986  -0.073883  0.066165  0.089387  0.993797  0.092057  -0.992278  0.083122  0.002704  -0.001714  -0.000496  -0.215472  -0.374107  0.468415  2.000000  0.999934  0.008494  0.007790  -0.007815  0.002966  0.999965  0.008470  -0.999960  0.003032  0.999919  0.010531  0.007149  -0.010489  0.999928  -0.005889  -0.007210  0.005814  0.999957  1.000000  0.000131  0.000090  -0.000131  1.000000  -0.000073  -0.000090  0.000073  1.000000  0.999934  0.008494  0.007790  -0.007815  0.002966  0.999965  0.008470  -0.999960  0.003032  0.000158  0.014009  
30.743025 0.010712  0.092618  -0.003793  0.993542  0.086242  -0.073732  0.065959  0.089749  0.993778  0.092323  -0.992223  0.083481  0.002539  -0.002146  -0.000957  -0.225896  -0.370214  0.471841  2.000000  0.999926  0.009016  0.008136  -0.008166  0.003266  0.999961  0.008989  -0.999954  0.003339  0.999922  0.010383  0.006951  -0.010340  0.999928  -0.006144  -0.007015  0.006072  0.999957  1.000000  0.000130  0.000087  -0.000130  1.000000  -0.000076  -0.000087  0.000076  1.000000  0.999926  0.009016  0.008136  -0.008166  0.003266  0.999961  0.008989  -0.999954  0.003339  0.000160  0.013908  
30.744278 0.010713  0.092612  -0.003797  0.993506  0.086746  -0.073625  0.065751  0.090369  0.993735  0.092856  -0.992123  0.084079  0.002331  -0.002559  -0.001349  -0.246648  -0.362367  0.480236  2.000000  0.999917  0.009656  0.008536  -0.008572  0.003654  0.999957  0.009624  -0.999947  0.003737  0.999929  0.010185  0.006138  -0.010145  0.999928  -0.006450  -0.006204  0.006387  0.999960  1.000000  0.000127  0.000077  -0.000127  1.000000  -0.000080  -0.000077  0.000080  1.000000  0.999917  0.009656  0.008536  -0.008572  0.003654  0.999957  0.009624  -0.999947  0.003737  0.000162  0.013514  
30.745522 0.010713  0.092607  -0.003801  0.993471  0.087410  -0.073314  0.065338  0.090859  0.993718  0.093522  -0.992020  0.084555  0.002062  -0.002982  -0.001800  -0.260676  -0.358279  0.489845  2.000000  0.999907  0.010286  0.008913  -0.008956  0.004062  0.999952  0.010249  -0.999939  0.004154  0.999932  0.010037  0.005940  -0.009997  0.999928  -0.006705  -0.006007  0.006645  0.999960  1.000000  0.000125  0.000075  -0.000125  1.000000  -0.000083  -0.000075  0.000083  1.000000  0.999907  0.010286  0.008913  -0.008956  0.004062  0.999952  0.010249  -0.999939  0.004154  0.000164  0.013439  
30.746773 0.010712  0.092601  -0.003804  0.993447  0.087782  -0.073197  0.065131  0.091470  0.993676  0.093922  -0.991931  0.085153  0.001765  -0.003311  -0.002145  -0.280788  -0.340829  0.487917  2.000000  0.999897  0.010915  0.009274  -0.009324  0.004482  0.999946  0.010873  -0.999930  0.004583  0.999933  0.010023  0.005729  -0.009984  0.999926  -0.006961  -0.005798  0.006904  0.999959  1.000000  0.000125  0.000072  -0.000125  1.000000  -0.000087  -0.000072  0.000087  1.000000  0.999897  0.010915  0.009274  -0.009324  0.004482  0.999946  0.010873  -0.999930  0.004583  0.000165  0.013467  
30.748024 0.010712  0.092597  -0.003807  0.993423  0.088154  -0.073080  0.064924  0.092080  0.993633  0.094321  -0.991842  0.085751  0.001463  -0.003606  -0.002427  -0.298073  -0.327195  0.482342  2.000000  0.999889  0.011414  0.009554  -0.009609  0.004833  0.999942  0.011367  -0.999923  0.004943  0.999936  0.009876  0.005530  -0.009836  0.999926  -0.007218  -0.005601  0.007163  0.999959  1.000000  0.000123  0.000070  -0.000123  1.000000  -0.000090  -0.000070  0.000090  1.000000  0.999889  0.011414  0.009554  -0.009609  0.004833  0.999942  0.011367  -0.999923  0.004943  0.000165  0.013410  
30.749272 0.010711  0.092592  -0.003809  0.993398  0.088526  -0.072963  0.064717  0.092691  0.993590  0.094721  -0.991752  0.086350  0.001148  -0.003795  -0.002474  -0.311351  -0.313605  0.476874  2.000000  0.999879  0.012028  0.009886  -0.009950  0.005288  0.999937  0.011975  -0.999914  0.005407  0.999940  0.009711  0.005126  -0.009672  0.999925  -0.007492  -0.005199  0.007442  0.999959  1.000000  0.000121  0.000065  -0.000121  1.000000  -0.000093  -0.000065  0.000093  1.000000  0.999879  0.012028  0.009886  -0.009950  0.005288  0.999937  0.011975  -0.999914  0.005407  0.000164  0.013280  
30.750515 0.010709  0.092588  -0.003809  0.993387  0.088908  -0.072653  0.064306  0.093403  0.993550  0.095121  -0.991651  0.087068  0.000844  -0.003828  -0.002378  -0.328919  -0.310864  0.473161  2.000000  0.999868  0.012624  0.010201  -0.010275  0.005755  0.999931  0.012564  -0.999904  0.005884  0.999943  0.009314  0.005155  -0.009275  0.999928  -0.007610  -0.005226  0.007562  0.999958  1.000000  0.000116  0.000065  -0.000116  1.000000  -0.000095  -0.000065  0.000095  1.000000  0.999868  0.012624  0.010201  -0.010275  0.005755  0.999931  0.012564  -0.999904  0.005884  0.000163  0.013072  
30.751522 0.010708  0.092586  -0.003809  0.993374  0.089157  -0.072515  0.064099  0.093884  0.993518  0.095387  -0.991583  0.087547  0.000539  -0.003810  -0.002223  -0.345629  -0.293457  0.466574  2.000000  0.999860  0.013089  0.010440  -0.010522  0.006143  0.999926  0.013024  -0.999895  0.006280  0.999948  0.009015  0.004764  -0.008977  0.999929  -0.007885  -0.004835  0.007842  0.999958  1.000000  0.000112  0.000060  -0.000112  1.000000  -0.000098  -0.000060  0.000098  1.000000  0.999860  0.013089  0.010440  -0.010522  0.006143  0.999926  0.013024  -0.999895  0.006280  0.000163  0.012877  
30.752768 0.010706  0.092582  -0.003809  0.993349  0.089521  -0.072411  0.063892  0.094614  0.993462  0.095787  -0.991481  0.088265  0.000211  -0.003770  -0.001980  -0.359945  -0.277478  0.457182  2.000000  0.999849  0.013647  0.010729  -0.010821  0.006632  0.999919  0.013574  -0.999885  0.006779  0.999951  0.008733  0.004578  -0.008696  0.999930  -0.008021  -0.004648  0.007981  0.999957  1.000000  0.000109  0.000058  -0.000109  1.000000  -0.000100  -0.000058  0.000100  1.000000  0.999849  0.013647  0.010729  -0.010821  0.006632  0.999919  0.013574  -0.999885  0.006779  0.000161  0.012698  
30.753773 0.010704  0.092579  -0.003809  0.993337  0.089770  -0.072274  0.063686  0.095095  0.993429  0.096053  -0.991412  0.088744  -0.000118  -0.003689  -0.001819  -0.372182  -0.266602  0.450946  2.000000  0.999841  0.014080  0.010952  -0.011052  0.007038  0.999914  0.014002  -0.999876  0.007193  0.999954  0.008469  0.004596  -0.008431  0.999930  -0.008261  -0.004666  0.008221  0.999955  1.000000  0.000106  0.000058  -0.000106  1.000000  -0.000103  -0.000058  0.000103  1.000000  0.999841  0.014080  0.010952  -0.011052  0.007038  0.999914  0.014002  -0.999876  0.007193  0.000161  0.012680  
30.755019 0.010702  0.092576  -0.003808  0.993324  0.090002  -0.072158  0.063480  0.095816  0.993373  0.096319  -0.991322  0.089463  -0.000373  -0.003570  -0.001581  -0.385889  -0.258183  0.438015  2.000000  0.999832  0.014503  0.011170  -0.011279  0.007460  0.999909  0.014419  -0.999867  0.007622  0.999956  0.008321  0.004397  -0.008283  0.999928  -0.008640  -0.004469  0.008603  0.999953  1.000000  0.000104  0.000055  -0.000104  1.000000  -0.000108  -0.000055  0.000108  1.000000  0.999832  0.014503  0.011170  -0.011279  0.007460  0.999909  0.014419  -0.999867  0.007622  0.000160  0.012764  
30.756272 0.010700  0.092572  -0.003809  0.993312  0.090386  -0.071851  0.063069  0.096527  0.993330  0.096719  -0.991218  0.090181  -0.000682  -0.003516  -0.001397  -0.397688  -0.253916  0.432232  2.000000  0.999822  0.015012  0.011430  -0.011551  0.008006  0.999901  0.014919  -0.999855  0.008178  0.999960  0.007906  0.004223  -0.007868  0.999928  -0.009019  -0.004294  0.008985  0.999950  1.000000  0.000099  0.000053  -0.000099  1.000000  -0.000113  -0.000053  0.000113  1.000000  0.999822  0.015012  0.011430  -0.011551  0.008006  0.999901  0.014919  -0.999855  0.008178  0.000159  0.012704  
30.757273 0.010698  0.092569  -0.003810  0.993299  0.090627  -0.071725  0.062863  0.097128  0.993285  0.096985  -0.991137  0.090780  -0.000876  -0.003438  -0.001240  -0.407020  -0.245171  0.423700  2.000000  0.999814  0.015405  0.011636  -0.011768  0.008454  0.999895  0.015305  -0.999846  0.008634  0.999962  0.007642  0.004243  -0.007603  0.999929  -0.009138  -0.004313  0.009105  0.999949  1.000000  0.000095  0.000053  -0.000095  1.000000  -0.000114  -0.000053  0.000114  1.000000  0.999814  0.015405  0.011636  -0.011768  0.008454  0.999895  0.015305  -0.999846  0.008634  0.000159  0.012634  
30.758522 0.010696  0.092566  -0.003811  0.993298  0.090880  -0.071407  0.062452  0.097830  0.993242  0.097251  -0.991045  0.091499  -0.001142  -0.003325  -0.001064  -0.419705  -0.238904  0.414403  2.000000  0.999803  0.015875  0.011896  -0.012040  0.009031  0.999887  0.015766  -0.999833  0.009220  0.999965  0.007245  0.004274  -0.007205  0.999930  -0.009377  -0.004342  0.009346  0.999947  1.000000  0.000090  0.000054  -0.000090  1.000000  -0.000117  -0.000054  0.000117  1.000000  0.999803  0.015875  0.011896  -0.012040  0.009031  0.999887  0.015766  -0.999833  0.009220  0.000158  0.012586  
30.759770 0.010694  0.092562  -0.003812  0.993311  0.091009  -0.071065  0.062042  0.098403  0.993211  0.097385  -0.990976  0.092098  -0.001277  -0.003189  -0.000861  -0.423598  -0.240176  0.396718  2.000000  0.999793  0.016328  0.012161  -0.012319  0.009624  0.999878  0.016209  -0.999820  0.009823  0.999967  0.006848  0.004306  -0.006807  0.999931  -0.009617  -0.004371  0.009587  0.999944  1.000000  0.000085  0.000054  -0.000085  1.000000  -0.000120  -0.000054  0.000120  1.000000  0.999793  0.016328  0.012161  -0.012319  0.009624  0.999878  0.016209  -0.999820  0.009823  0.000157  0.012556  
30.760771 0.010693  0.092559  -0.003813  0.993298  0.091251  -0.070941  0.061836  0.099003  0.993164  0.097651  -0.990894  0.092697  -0.001319  -0.003092  -0.000718  -0.436555  -0.229076  0.390086  2.000000  0.999784  0.016670  0.012372  -0.012542  0.010104  0.999870  0.016543  -0.999810  0.010311  0.999969  0.006585  0.004326  -0.006542  0.999930  -0.009858  -0.004391  0.009829  0.999942  1.000000  0.000082  0.000054  -0.000082  1.000000  -0.000123  -0.000054  0.000123  1.000000  0.999784  0.016670  0.012372  -0.012542  0.010104  0.999870  0.016543  -0.999810  0.010311  0.000157  0.012608  
30.761775 0.010693  0.092557  -0.003812  0.993310  0.091390  -0.070589  0.061426  0.099456  0.993144  0.097784  -0.990836  0.093177  -0.001346  -0.002917  -0.000423  -0.439766  -0.236864  0.377217  2.000000  0.999776  0.017005  0.012584  -0.012766  0.010591  0.999862  0.016869  -0.999799  0.010806  0.999968  0.006606  0.004527  -0.006561  0.999930  -0.009837  -0.004592  0.009807  0.999941  1.000000  0.000082  0.000057  -0.000082  1.000000  -0.000123  -0.000057  0.000123  1.000000  0.999776  0.017005  0.012584  -0.012766  0.010591  0.999862  0.016869  -0.999799  0.010806  0.000157  0.012674  
30.763021 0.010693  0.092556  -0.003811  0.993309  0.091645  -0.070271  0.061016  0.100157  0.993099  0.098050  -0.990742  0.093895  -0.001278  -0.002743  -0.000260  -0.447879  -0.237847  0.363991  2.000000  0.999768  0.017332  0.012802  -0.012995  0.011094  0.999854  0.017187  -0.999788  0.011316  0.999969  0.006476  0.004535  -0.006429  0.999927  -0.010199  -0.004601  0.010170  0.999938  1.000000  0.000081  0.000057  -0.000081  1.000000  -0.000127  -0.000057  0.000127  1.000000  0.999768  0.017332  0.012802  -0.012995  0.011094  0.999854  0.017187  -0.999788  0.011316  0.000157  0.012893  
30.764266 0.010692  0.092553  -0.003809  0.993320  0.091920  -0.069750  0.060401  0.100839  0.993068  0.098317  -0.990647  0.094614  -0.001219  -0.002585  -0.000043  -0.455537  -0.243253  0.352806  2.000000  0.999757  0.017729  0.013082  -0.013291  0.011734  0.999843  0.017573  -0.999774  0.011966  0.999970  0.006099  0.004772  -0.006049  0.999927  -0.010420  -0.004835  0.010391  0.999934  1.000000  0.000076  0.000060  -0.000076  1.000000  -0.000130  -0.000060  0.000130  1.000000  0.999757  0.017729  0.013082  -0.013291  0.011734  0.999843  0.017573  -0.999774  0.011966  0.000156  0.012971  
30.765270 0.010692  0.092552  -0.003808  0.993320  0.092031  -0.069614  0.060195  0.101431  0.993020  0.098450  -0.990577  0.095213  -0.001132  -0.002435  0.000103  -0.468198  -0.237459  0.338961  2.000000  0.999749  0.018036  0.013316  -0.013538  0.012251  0.999833  0.017870  -0.999762  0.012492  0.999971  0.005968  0.004781  -0.005918  0.999927  -0.010540  -0.004844  0.010511  0.999933  1.000000  0.000074  0.000060  -0.000074  1.000000  -0.000132  -0.000060  0.000132  1.000000  0.999749  0.018036  0.013316  -0.013538  0.012251  0.999833  0.017870  -0.999762  0.012492  0.000156  0.013010  
30.766521 0.010692  0.092550  -0.003806  0.993330  0.092308  -0.069093  0.059580  0.102112  0.992987  0.098716  -0.990481  0.095932  -0.001044  -0.002370  0.000215  -0.475762  -0.247857  0.324900  2.000000  0.999738  0.018403  0.013616  -0.013855  0.012909  0.999821  0.018224  -0.999747  0.013160  0.999971  0.005725  0.005006  -0.005671  0.999926  -0.010760  -0.005067  0.010732  0.999930  1.000000  0.000071  0.000063  -0.000071  1.000000  -0.000134  -0.000063  0.000134  1.000000  0.999738  0.018403  0.013616  -0.013855  0.012909  0.999821  0.018224  -0.999747  0.013160  0.000157  0.013165  
30.767544 0.010692  0.092548  -0.003804  0.993342  0.092441  -0.068753  0.059170  0.102684  0.992953  0.098849  -0.990409  0.096531  -0.000904  -0.002260  0.000330  -0.482854  -0.255595  0.311980  2.000000  0.999729  0.018684  0.013869  -0.014121  0.013443  0.999810  0.018494  -0.999735  0.013703  0.999971  0.005482  0.005232  -0.005425  0.999926  -0.010860  -0.005292  0.010832  0.999927  1.000000  0.000068  0.000066  -0.000068  1.000000  -0.000136  -0.000066  0.000136  1.000000  0.999729  0.018684  0.013869  -0.014121  0.013443  0.999810  0.018494  -0.999735  0.013703  0.000158  0.013231  
30.768768 0.010692  0.092546  -0.003802  0.993340  0.092698  -0.068438  0.058760  0.103385  0.992904  0.099116  -0.990312  0.097249  -0.000763  -0.002160  0.000470  -0.494974  -0.258750  0.301187  2.000000  0.999720  0.018956  0.014135  -0.014401  0.013978  0.999799  0.018754  -0.999723  0.014247  0.999970  0.005391  0.005650  -0.005330  0.999927  -0.010819  -0.005708  0.010789  0.999926  1.000000  0.000067  0.000071  -0.000067  1.000000  -0.000135  -0.000071  0.000135  1.000000  0.999720  0.018956  0.014135  -0.014401  0.013978  0.999799  0.018754  -0.999723  0.014247  0.000158  0.013331  
30.769774 0.010693  0.092545  -0.003800  0.993350  0.092840  -0.068087  0.058350  0.103836  0.992881  0.099249  -0.990252  0.097728  -0.000650  -0.002078  0.000567  -0.494111  -0.263676  0.294871  2.000000  0.999711  0.019222  0.014412  -0.014692  0.014520  0.999787  0.019009  -0.999710  0.014799  0.999969  0.005148  0.005877  -0.005084  0.999927  -0.010919  -0.005932  0.010889  0.999923  1.000000  0.000064  0.000074  -0.000064  1.000000  -0.000136  -0.000074  0.000136  1.000000  0.999711  0.019222  0.014412  -0.014692  0.014520  0.999787  0.019009  -0.999710  0.014799  0.000159  0.013414  
30.771017 0.010693  0.092544  -0.003798  0.993360  0.093111  -0.067579  0.057735  0.104637  0.992833  0.099515  -0.990142  0.098567  -0.000491  -0.001923  0.000713  -0.505535  -0.268566  0.288823  2.000000  0.999702  0.019486  0.014701  -0.014996  0.015070  0.999774  0.019260  -0.999697  0.015358  0.999968  0.005173  0.006077  -0.005105  0.999925  -0.011140  -0.006134  0.011109  0.999919  1.000000  0.000064  0.000076  -0.000064  1.000000  -0.000139  -0.000076  0.000139  1.000000  0.999702  0.019486  0.014701  -0.014996  0.015070  0.999774  0.019260  -0.999697  0.015358  0.000160  0.013691  
30.772024 0.010693  0.092543  -0.003795  0.993370  0.093246  -0.067240  0.057325  0.105209  0.992797  0.099648  -0.990069  0.099166  -0.000353  -0.001766  0.000966  -0.514052  -0.271623  0.282588  2.000000  0.999692  0.019749  0.015001  -0.015311  0.015625  0.999761  0.019510  -0.999683  0.015923  0.999967  0.005064  0.006290  -0.004993  0.999924  -0.011241  -0.006346  0.011209  0.999917  1.000000  0.000063  0.000079  -0.000063  1.000000  -0.000140  -0.000079  0.000140  1.000000  0.999692  0.019749  0.015001  -0.015311  0.015625  0.999761  0.019510  -0.999683  0.015923  0.000162  0.013828  
30.773269 0.010693  0.092543  -0.003792  0.993367  0.093505  -0.066926  0.056915  0.105908  0.992746  0.099914  -0.989970  0.099884  -0.000178  -0.001544  0.001254  -0.520909  -0.276288  0.276440  2.000000  0.999680  0.020071  0.015384  -0.015713  0.016324  0.999743  0.019814  -0.999665  0.016634  0.999968  0.004936  0.006299  -0.004864  0.999924  -0.011360  -0.006355  0.011329  0.999916  1.000000  0.000061  0.000079  -0.000061  1.000000  -0.000142  -0.000079  0.000142  1.000000  0.999680  0.020071  0.015384  -0.015713  0.016324  0.999743  0.019814  -0.999665  0.016634  0.000163  0.013884  
30.774272 0.010694  0.092544  -0.003790  0.993377  0.093632  -0.066598  0.056505  0.106599  0.992695  0.100048  -0.989884  0.100603  -0.000031  -0.001273  0.001503  -0.528268  -0.283750  0.268365  2.000000  0.999670  0.020319  0.015703  -0.016047  0.016886  0.999729  0.020048  -0.999651  0.017207  0.999968  0.004694  0.006527  -0.004620  0.999925  -0.011338  -0.006580  0.011307  0.999914  1.000000  0.000058  0.000082  -0.000058  1.000000  -0.000142  -0.000082  0.000142  1.000000  0.999670  0.020319  0.015703  -0.016047  0.016886  0.999729  0.020048  -0.999651  0.017207  0.000163  0.013887  
30.775526 0.010695  0.092545  -0.003787  0.993387  0.093760  -0.066271  0.056095  0.107291  0.992644  0.100181  -0.989797  0.101322  0.000128  -0.001003  0.001743  -0.536518  -0.287546  0.252828  2.000000  0.999658  0.020620  0.016113  -0.016477  0.017590  0.999710  0.020330  -0.999633  0.017924  0.999965  0.004608  0.006944  -0.004529  0.999926  -0.011296  -0.006996  0.011264  0.999912  1.000000  0.000057  0.000087  -0.000057  1.000000  -0.000141  -0.000087  0.000141  1.000000  0.999658  0.020620  0.016113  -0.016477  0.017590  0.999710  0.020330  -0.999633  0.017924  0.000165  0.014025  
30.776773 0.010695  0.092545  -0.003785  0.993396  0.093881  -0.065956  0.055685  0.108102  0.992579  0.100314  -0.989697  0.102161  0.000178  -0.000819  0.001782  -0.543481  -0.292643  0.242698  2.000000  0.999645  0.020909  0.016534  -0.016918  0.018298  0.999689  0.020600  -0.999614  0.018645  0.999964  0.004501  0.007158  -0.004420  0.999925  -0.011395  -0.007208  0.011363  0.999909  1.000000  0.000056  0.000090  -0.000056  1.000000  -0.000142  -0.000090  0.000142  1.000000  0.999645  0.020909  0.016534  -0.016918  0.018298  0.999689  0.020600  -0.999614  0.018645  0.000167  0.014177  
30.778019 0.010696  0.092546  -0.003784  0.993406  0.094002  -0.065641  0.055276  0.108914  0.992513  0.100447  -0.989597  0.103000  0.000203  -0.000658  0.001780  -0.550905  -0.300152  0.234716  2.000000  0.999632  0.021186  0.016961  -0.017365  0.019013  0.999668  0.020856  -0.999595  0.019374  0.999965  0.004241  0.007181  -0.004158  0.999925  -0.011514  -0.007229  0.011483  0.999908  1.000000  0.000053  0.000090  -0.000052  1.000000  -0.000144  -0.000090  0.000144  1.000000  0.999632  0.021186  0.016961  -0.017365  0.019013  0.999668  0.020856  -0.999595  0.019374  0.000168  0.014205  
30.779023 0.010696  0.092546  -0.003784  0.993415  0.094131  -0.065314  0.054866  0.109605  0.992460  0.100580  -0.989508  0.103718  0.000220  -0.000518  0.001703  -0.558740  -0.310163  0.228547  2.000000  0.999624  0.021349  0.017225  -0.017641  0.019447  0.999655  0.021007  -0.999583  0.019816  0.999964  0.004134  0.007396  -0.004047  0.999923  -0.011735  -0.007444  0.011705  0.999904  1.000000  0.000051  0.000093  -0.000051  1.000000  -0.000147  -0.000093  0.000147  1.000000  0.999624  0.021349  0.017225  -0.017641  0.019447  0.999655  0.021007  -0.999583  0.019816  0.000169  0.014463  
30.780118 0.010696  0.092546  -0.003785  0.993424  0.094269  -0.064977  0.054456  0.110175  0.992419  0.100713  -0.989432  0.104317  0.000234  -0.000450  0.001552  -0.560944  -0.309467  0.223520  2.000000  0.999613  0.021565  0.017578  -0.018010  0.020033  0.999637  0.021205  -0.999567  0.020413  0.999966  0.004118  0.007189  -0.004032  0.999921  -0.011876  -0.007238  0.011846  0.999904  1.000000  0.000051  0.000090  -0.000051  1.000000  -0.000148  -0.000090  0.000148  1.000000  0.999613  0.021565  0.017578  -0.018010  0.020033  0.999637  0.021205  -0.999567  0.020413  0.000170  0.014468  
30.781268 0.010697  0.092546  -0.003785  0.993422  0.094377  -0.064855  0.054251  0.110885  0.992351  0.100846  -0.989342  0.105036  0.000294  -0.000277  0.001443  -0.562087  -0.308179  0.218155  2.000000  0.999602  0.021781  0.017936  -0.018385  0.020628  0.999618  0.021402  -0.999550  0.021021  0.999964  0.004144  0.007390  -0.004055  0.999919  -0.012096  -0.007439  0.012066  0.999900  1.000000  0.000051  0.000093  -0.000051  1.000000  -0.000151  -0.000093  0.000151  1.000000  0.999602  0.021781  0.017936  -0.018385  0.020628  0.999618  0.021402  -0.999550  0.021021  0.000170  0.014756  
30.782522 0.010697  0.092545  -0.003786  0.993431  0.094508  -0.064529  0.053841  0.111576  0.992296  0.100979  -0.989252  0.105754  0.000309  -0.000187  0.001236  -0.561827  -0.318689  0.207432  2.000000  0.999588  0.022048  0.018377  -0.018849  0.021376  0.999594  0.021647  -0.999528  0.021783  0.999964  0.004150  0.007387  -0.004060  0.999919  -0.012095  -0.007436  0.012065  0.999900  1.000000  0.000051  0.000093  -0.000051  1.000000  -0.000151  -0.000093  0.000151  1.000000  0.999588  0.022048  0.018377  -0.018849  0.021376  0.999594  0.021647  -0.999528  0.021783  0.000171  0.014755  
