1-Time 2-Px 3-Py 4-Pz 5-R11 6-R21 7-R31 8-R12 9-R22 10-R32 11-R13 12-R23 13-R33 14-Vx 15-Vy 16-Vz 17-Wx 18-Wy 19-Wz 20-state 21-PR11 22-PR21 23-PR31 24-PR12 25-PR22 26-PR32 27-PR13 28-PR23 29-PR33 
202.340400 0.007933  0.099892  -0.011511  0.991147  0.129273  -0.030265  -0.128861  0.991546  0.015188  0.031972  -0.011153  0.999427  0.001467  0.002065  0.002827  0.030819  0.039908  0.463835  2.000000  1.000000  0.000000  0.000000  -0.000000  1.000000  0.000000  0.000000  -0.000000  1.000000  0.999962  0.008649  -0.000571  -0.008649  0.999962  0.000519  0.000576  -0.000514  1.000000  1.000000  0.000060  0.000090  -0.000060  1.000000  0.000006  -0.000090  -0.000006  1.000000  0.784089  0.313707  0.535530  -0.324433  0.942750  -0.077237  -0.529101  -0.113183  0.840977  0.000116  0.008683  
202.341407 0.007934  0.099895  -0.011509  0.991063  0.129887  -0.030388  -0.129473  0.991466  0.015224  0.032106  -0.011153  0.999422  0.001466  0.002065  0.002827  0.030848  0.044402  0.463849  2.000000  1.000000  0.000242  0.000362  -0.000242  1.000000  0.000026  -0.000362  -0.000026  1.000000  0.999961  0.008855  -0.000569  -0.008855  0.999961  0.000525  0.000574  -0.000520  1.000000  1.000000  0.000062  0.000092  -0.000062  1.000000  0.000007  -0.000092  -0.000007  1.000000  1.000000  0.000242  0.000362  -0.000242  1.000000  0.000026  -0.000362  -0.000026  1.000000  0.000117  0.008889  
202.342410 0.007937  0.099898  -0.011508  0.990902  0.131115  -0.030353  -0.130697  0.991303  0.015382  0.032106  -0.011275  0.999421  0.001549  0.002140  0.002751  0.035816  0.039563  0.491326  2.000000  1.000000  0.000498  0.000741  -0.000498  1.000000  0.000054  -0.000741  -0.000054  1.000000  0.999957  0.009266  -0.000563  -0.009266  0.999957  0.000661  0.000569  -0.000656  1.000000  1.000000  0.000064  0.000097  -0.000064  1.000000  0.000008  -0.000097  -0.000008  1.000000  1.000000  0.000498  0.000741  -0.000498  1.000000  0.000054  -0.000741  -0.000054  1.000000  0.000120  0.009307  
202.343425 0.007940  0.099900  -0.011509  0.990659  0.132952  -0.030325  -0.132533  0.991058  0.015438  0.032106  -0.011275  0.999421  0.001667  0.002152  0.002481  0.033031  0.039058  0.532578  2.000000  0.999999  0.000774  0.001164  -0.000774  1.000000  0.000088  -0.001164  -0.000089  0.999999  0.999945  0.010501  -0.000549  -0.010501  0.999945  0.000700  0.000556  -0.000695  1.000000  1.000000  0.000072  0.000110  -0.000072  1.000000  0.000009  -0.000110  -0.000009  1.000000  0.999999  0.000774  0.001164  -0.000774  1.000000  0.000088  -0.001164  -0.000089  0.999999  0.000130  0.010539  
202.344653 0.007944  0.099902  -0.011510  0.990439  0.134587  -0.030283  -0.134164  0.990836  0.015608  0.032106  -0.011396  0.999419  0.001821  0.002144  0.002154  0.038254  0.034171  0.567442  2.000000  0.999998  0.001087  0.001655  -0.001087  0.999999  0.000122  -0.001655  -0.000124  0.999999  0.999926  0.012145  -0.000394  -0.012145  0.999926  0.000753  0.000403  -0.000748  1.000000  1.000000  0.000080  0.000129  -0.000080  1.000000  0.000009  -0.000129  -0.000009  1.000000  0.999998  0.001087  0.001655  -0.001087  0.999999  0.000122  -0.001655  -0.000124  0.999999  0.000142  0.012175  
202.345654 0.007949  0.099905  -0.011512  0.990272  0.135815  -0.030247  -0.135387  0.990667  0.015765  0.032106  -0.011517  0.999418  0.001992  0.002164  0.001880  0.043201  0.033828  0.595100  2.000000  0.999997  0.001417  0.002189  -0.001418  0.999999  0.000162  -0.002189  -0.000165  0.999998  0.999916  0.012968  -0.000383  -0.012968  0.999916  0.000901  0.000395  -0.000896  1.000000  1.000000  0.000085  0.000138  -0.000085  1.000000  0.000011  -0.000138  -0.000011  1.000000  0.999997  0.001417  0.002189  -0.001418  0.999999  0.000162  -0.002189  -0.000165  0.999998  0.000148  0.013005  
202.346655 0.007953  0.099908  -0.011513  0.990100  0.137040  -0.030360  -0.136610  0.990499  0.015821  0.032240  -0.011517  0.999414  0.002222  0.002263  0.001603  0.043935  0.033594  0.615810  2.000000  0.999995  0.001766  0.002754  -0.001767  0.999998  0.000206  -0.002754  -0.000211  0.999996  0.999908  0.013586  -0.000376  -0.013585  0.999907  0.000920  0.000388  -0.000915  1.000000  1.000000  0.000089  0.000145  -0.000089  1.000000  0.000011  -0.000145  -0.000011  1.000000  0.999995  0.001766  0.002754  -0.001767  0.999998  0.000206  -0.002754  -0.000211  0.999996  0.000155  0.013622  
202.347905 0.007961  0.099914  -0.011514  0.989837  0.138882  -0.030579  -0.138443  0.990241  0.016034  0.032507  -0.011638  0.999404  0.002576  0.002446  0.001281  0.045383  0.037550  0.657392  2.000000  0.999992  0.002144  0.003365  -0.002145  0.999998  0.000257  -0.003365  -0.000264  0.999994  0.999890  0.014821  -0.000493  -0.014821  0.999890  0.001085  0.000509  -0.001078  0.999999  1.000000  0.000098  0.000157  -0.000098  1.000000  0.000014  -0.000157  -0.000014  1.000000  0.999992  0.002144  0.003365  -0.002145  0.999998  0.000257  -0.003365  -0.000264  0.999994  0.000163  0.014870  
202.349154 0.007968  0.099920  -0.011515  0.989503  0.141134  -0.031055  -0.140682  0.989921  0.016299  0.033042  -0.011759  0.999385  0.002950  0.002680  0.000971  0.051412  0.054866  0.712899  2.000000  0.999988  0.002683  0.004198  -0.002684  0.999996  0.000326  -0.004197  -0.000337  0.999991  0.999860  0.016679  -0.001003  -0.016678  0.999860  0.001275  0.001025  -0.001258  0.999999  1.000000  0.000115  0.000174  -0.000115  1.000000  0.000016  -0.000174  -0.000016  1.000000  0.999988  0.002683  0.004198  -0.002684  0.999996  0.000326  -0.004197  -0.000337  0.999991  0.000177  0.016758  
202.350155 0.007973  0.099923  -0.011517  0.989173  0.143378  -0.031283  -0.142921  0.989598  0.016408  0.033310  -0.011759  0.999376  0.003201  0.002794  0.000689  0.053605  0.058698  0.775743  2.000000  0.999983  0.003172  0.004926  -0.003174  0.999995  0.000389  -0.004925  -0.000404  0.999988  0.999835  0.018122  -0.001253  -0.018121  0.999835  0.001329  0.001277  -0.001306  0.999998  1.000000  0.000127  0.000188  -0.000127  1.000000  0.000016  -0.000188  -0.000016  1.000000  0.999983  0.003172  0.004926  -0.003174  0.999995  0.000389  -0.004925  -0.000404  0.999988  0.000190  0.018214  
202.351160 0.007979  0.099927  -0.011520  0.988838  0.145626  -0.031492  -0.145159  0.989268  0.016637  0.033577  -0.011880  0.999366  0.003536  0.002925  0.000242  0.059765  0.066890  0.837504  2.000000  0.999977  0.003716  0.005730  -0.003719  0.999993  0.000455  -0.005728  -0.000477  0.999983  0.999799  0.019977  -0.001495  -0.019975  0.999799  0.001517  0.001525  -0.001487  0.999998  1.000000  0.000141  0.000207  -0.000141  1.000000  0.000019  -0.000207  -0.000019  1.000000  0.999977  0.003716  0.005730  -0.003719  0.999993  0.000455  -0.005728  -0.000477  0.999983  0.000206  0.020091  
202.352409 0.007988  0.099932  -0.011525  0.988437  0.148280  -0.031694  -0.147804  0.988873  0.016881  0.033845  -0.012001  0.999355  0.003981  0.003095  -0.000368  0.066269  0.070544  0.906724  2.000000  0.999967  0.004471  0.006837  -0.004475  0.999990  0.000548  -0.006834  -0.000578  0.999976  0.999751  0.022243  -0.001734  -0.022240  0.999751  0.001599  0.001769  -0.001560  0.999997  1.000000  0.000158  0.000230  -0.000158  1.000000  0.000020  -0.000230  -0.000020  1.000000  0.999967  0.004471  0.006837  -0.004475  0.999990  0.000548  -0.006834  -0.000578  0.999976  0.000223  0.022368  
202.353654 0.007998  0.099939  -0.011530  0.988065  0.150724  -0.031785  -0.150245  0.988503  0.016979  0.033978  -0.012001  0.999351  0.004584  0.003408  -0.000911  0.064289  0.074266  0.969002  2.000000  0.999954  0.005300  0.008053  -0.005305  0.999986  0.000643  -0.008049  -0.000686  0.999967  0.999703  0.024302  -0.001839  -0.024299  0.999703  0.001671  0.001879  -0.001626  0.999997  1.000000  0.000172  0.000251  -0.000172  1.000000  0.000021  -0.000251  -0.000021  1.000000  0.999954  0.005300  0.008053  -0.005305  0.999986  0.000643  -0.008049  -0.000686  0.999967  0.000242  0.024430  
202.354660 0.008008  0.099945  -0.011533  0.987718  0.152964  -0.031878  -0.152481  0.988159  0.017072  0.034112  -0.012001  0.999346  0.005123  0.003678  -0.001322  0.066458  0.073542  1.031137  2.000000  0.999940  0.006012  0.009107  -0.006019  0.999982  0.000721  -0.009103  -0.000776  0.999958  0.999662  0.025947  -0.001818  -0.025944  0.999662  0.001730  0.001862  -0.001682  0.999997  1.000000  0.000182  0.000269  -0.000182  1.000000  0.000021  -0.000269  -0.000021  1.000000  0.999940  0.006012  0.009107  -0.006019  0.999982  0.000721  -0.009103  -0.000776  0.999958  0.000254  0.026070  
202.355909 0.008020  0.099954  -0.011537  0.987265  0.155814  -0.032093  -0.155326  0.987713  0.017205  0.034379  -0.012001  0.999337  0.005847  0.004055  -0.001866  0.069096  0.081645  1.107150  2.000000  0.999924  0.006784  0.010255  -0.006793  0.999977  0.000802  -0.010249  -0.000872  0.999947  0.999594  0.028417  -0.001920  -0.028413  0.999595  0.001817  0.001971  -0.001762  0.999997  1.000000  0.000199  0.000295  -0.000199  1.000000  0.000022  -0.000295  -0.000022  1.000000  0.999924  0.006784  0.010255  -0.006793  0.999977  0.000802  -0.010249  -0.000872  0.999947  0.000273  0.028542  
202.356912 0.008031  0.099961  -0.011541  0.986901  0.158054  -0.032318  -0.157560  0.987358  0.017320  0.034647  -0.012001  0.999328  0.006441  0.004381  -0.002234  0.071376  0.085413  1.169288  2.000000  0.999905  0.007619  0.011490  -0.007630  0.999970  0.000885  -0.011483  -0.000972  0.999934  0.999533  0.030477  -0.002160  -0.030473  0.999534  0.001895  0.002217  -0.001828  0.999996  1.000000  0.000214  0.000316  -0.000214  1.000000  0.000023  -0.000316  -0.000023  1.000000  0.999905  0.007619  0.011490  -0.007630  0.999970  0.000885  -0.011483  -0.000972  0.999934  0.000290  0.030615  
202.358159 0.008046  0.099971  -0.011547  0.986462  0.160701  -0.032668  -0.160198  0.986930  0.017471  0.035048  -0.012001  0.999314  0.007189  0.004831  -0.002597  0.073926  0.098109  1.238690  2.000000  0.999876  0.008744  0.013133  -0.008758  0.999961  0.000991  -0.013124  -0.001106  0.999913  0.999467  0.032538  -0.002535  -0.032533  0.999469  0.001978  0.002598  -0.001895  0.999995  1.000000  0.000231  0.000336  -0.000231  1.000000  0.000024  -0.000336  -0.000024  1.000000  0.999876  0.008744  0.013133  -0.008758  0.999961  0.000991  -0.013124  -0.001106  0.999913  0.000309  0.032700  
202.359441 0.008060  0.099980  -0.011553  0.986016  0.163346  -0.033016  -0.162835  0.986496  0.017623  0.035449  -0.012001  0.999299  0.007847  0.005230  -0.002894  0.076502  0.106187  1.306519  2.000000  0.999840  0.009953  0.014873  -0.009971  0.999950  0.001098  -0.014861  -0.001247  0.999889  0.999397  0.034601  -0.003042  -0.034595  0.999399  0.002068  0.003112  -0.001961  0.999993  1.000000  0.000250  0.000355  -0.000250  1.000000  0.000025  -0.000355  -0.000025  1.000000  0.999840  0.009953  0.014873  -0.009971  0.999950  0.001098  -0.014861  -0.001247  0.999889  0.000325  0.034800  
202.360656 0.008075  0.099988  -0.011560  0.985597  0.165787  -0.033368  -0.165268  0.986089  0.017771  0.035850  -0.012000  0.999285  0.008494  0.005583  -0.003207  0.079196  0.119001  1.377350  2.000000  0.999806  0.010992  0.016354  -0.011013  0.999939  0.001186  -0.016339  -0.001366  0.999866  0.999315  0.036866  -0.003280  -0.036859  0.999318  0.002157  0.003357  -0.002035  0.999992  1.000000  0.000266  0.000378  -0.000266  1.000000  0.000026  -0.000378  -0.000026  1.000000  0.999806  0.010992  0.016354  -0.011013  0.999939  0.001186  -0.016339  -0.001366  0.999866  0.000343  0.037079  
202.361909 0.008091  0.099997  -0.011566  0.985181  0.168225  -0.033456  -0.167702  0.985676  0.017876  0.035984  -0.012000  0.999280  0.009154  0.005849  -0.003519  0.077315  0.122675  1.439459  2.000000  0.999756  0.012363  0.018297  -0.012389  0.999922  0.001297  -0.018279  -0.001523  0.999832  0.999252  0.038514  -0.003525  -0.038506  0.999256  0.002225  0.003608  -0.002088  0.999991  1.000000  0.000279  0.000395  -0.000279  1.000000  0.000027  -0.000395  -0.000027  1.000000  0.999756  0.012363  0.018297  -0.012389  0.999922  0.001297  -0.018279  -0.001523  0.999832  0.000358  0.038745  
202.363157 0.008108  0.100005  -0.011573  0.984754  0.170662  -0.033675  -0.170134  0.985257  0.018004  0.036251  -0.012000  0.999271  0.009813  0.005989  -0.003921  0.079865  0.130867  1.508745  2.000000  0.999698  0.013783  0.020322  -0.013815  0.999904  0.001406  -0.020300  -0.001686  0.999793  0.999195  0.039953  -0.003506  -0.039945  0.999200  0.002160  0.003589  -0.002019  0.999992  1.000000  0.000288  0.000410  -0.000288  1.000000  0.000026  -0.000410  -0.000026  1.000000  0.999698  0.013783  0.020322  -0.013815  0.999904  0.001406  -0.020300  -0.001686  0.999793  0.000376  0.040171  
202.364433 0.008125  0.100012  -0.011582  0.984290  0.173300  -0.033759  -0.172768  0.984796  0.018117  0.036385  -0.012000  0.999266  0.010410  0.006099  -0.004484  0.082397  0.130010  1.577215  2.000000  0.999646  0.014956  0.021987  -0.014992  0.999887  0.001488  -0.021962  -0.001817  0.999757  0.999153  0.040984  -0.003759  -0.040976  0.999158  0.002208  0.003846  -0.002052  0.999990  1.000000  0.000297  0.000420  -0.000297  1.000000  0.000027  -0.000420  -0.000027  1.000000  0.999646  0.014956  0.021987  -0.014992  0.999887  0.001488  -0.021962  -0.001817  0.999757  0.000395  0.041223  
202.365660 0.008140  0.100017  -0.011592  0.983820  0.175933  -0.033863  -0.175401  0.984331  0.018112  0.036519  -0.011879  0.999262  0.010980  0.006158  -0.004918  0.081075  0.133789  1.654127  2.000000  0.999589  0.016150  0.023675  -0.016192  0.999868  0.001559  -0.023647  -0.001942  0.999718  0.999135  0.041396  -0.003892  -0.041389  0.999141  0.001986  0.003971  -0.001823  0.999990  1.000000  0.000301  0.000424  -0.000301  1.000000  0.000024  -0.000424  -0.000024  1.000000  0.999589  0.016150  0.023675  -0.016192  0.999868  0.001559  -0.023647  -0.001942  0.999718  0.000410  0.041634  
202.366910 0.008155  0.100022  -0.011602  0.983410  0.178160  -0.034107  -0.177626  0.983931  0.018116  0.036786  -0.011758  0.999254  0.011466  0.006133  -0.005307  0.079108  0.142215  1.709185  2.000000  0.999510  0.017678  0.025825  -0.017727  0.999842  0.001637  -0.025792  -0.002094  0.999665  0.999092  0.042425  -0.004017  -0.042418  0.999098  0.001786  0.004089  -0.001614  0.999990  1.000000  0.000309  0.000434  -0.000309  1.000000  0.000021  -0.000434  -0.000021  1.000000  0.999510  0.017678  0.025825  -0.017727  0.999842  0.001637  -0.025792  -0.002094  0.999665  0.000428  0.042662  
202.368156 0.008171  0.100026  -0.011612  0.983038  0.180183  -0.034223  -0.179650  0.983564  0.018091  0.036920  -0.011636  0.999250  0.011855  0.006003  -0.005681  0.076852  0.146330  1.758454  2.000000  0.999423  0.019234  0.028003  -0.019289  0.999813  0.001701  -0.027965  -0.002240  0.999606  0.999082  0.042632  -0.004153  -0.042625  0.999090  0.001562  0.004216  -0.001384  0.999990  1.000000  0.000312  0.000435  -0.000312  1.000000  0.000018  -0.000435  -0.000018  1.000000  0.999423  0.019234  0.028003  -0.019289  0.999813  0.001701  -0.027965  -0.002240  0.999606  0.000440  0.042872  
202.369160 0.008183  0.100030  -0.011620  0.982731  0.181806  -0.034456  -0.181267  0.983266  0.018196  0.037187  -0.011636  0.999241  0.012012  0.005840  -0.005979  0.078506  0.154813  1.799649  2.000000  0.999348  0.020472  0.029748  -0.020533  0.999788  0.001740  -0.029706  -0.002350  0.999556  0.999083  0.042628  -0.003886  -0.042622  0.999090  0.001568  0.003949  -0.001401  0.999991  1.000000  0.000309  0.000437  -0.000309  1.000000  0.000018  -0.000437  -0.000019  1.000000  0.999348  0.020472  0.029748  -0.020533  0.999788  0.001740  -0.029706  -0.002350  0.999556  0.000450  0.042843  
202.370417 0.008198  0.100036  -0.011630  0.982383  0.183626  -0.034707  -0.183085  0.982929  0.018190  0.037455  -0.011515  0.999232  0.012236  0.005699  -0.006293  0.076350  0.163358  1.848088  2.000000  0.999248  0.022002  0.031917  -0.022070  0.999755  0.001777  -0.031870  -0.002481  0.999489  0.999110  0.042009  -0.003765  -0.042004  0.999117  0.001314  0.003817  -0.001155  0.999992  1.000000  0.000304  0.000431  -0.000304  1.000000  0.000015  -0.000431  -0.000016  1.000000  0.999248  0.022002  0.031917  -0.022070  0.999755  0.001777  -0.031870  -0.002481  0.999489  0.000461  0.042208  
202.371657 0.008213  0.100042  -0.011637  0.981994  0.185644  -0.034978  -0.185105  0.982552  0.018072  0.037722  -0.011272  0.999225  0.012329  0.005480  -0.006506  0.069557  0.167815  1.876322  2.000000  0.999144  0.023501  0.034055  -0.023576  0.999720  0.001801  -0.034003  -0.002602  0.999418  0.999136  0.041389  -0.003644  -0.041385  0.999143  0.001181  0.003690  -0.001030  0.999993  1.000000  0.000298  0.000425  -0.000298  1.000000  0.000014  -0.000425  -0.000014  1.000000  0.999144  0.023501  0.034055  -0.023576  0.999720  0.001801  -0.034003  -0.002602  0.999418  0.000471  0.041576  
202.372911 0.008228  0.100048  -0.011644  0.981683  0.187259  -0.035102  -0.186722  0.982247  0.018036  0.037856  -0.011151  0.999221  0.012316  0.005252  -0.006586  0.061267  0.172333  1.868837  2.000000  0.999056  0.024683  0.035742  -0.024763  0.999692  0.001800  -0.035687  -0.002684  0.999359  0.999162  0.040771  -0.003662  -0.040769  0.999168  0.000806  0.003691  -0.000656  0.999993  1.000000  0.000295  0.000418  -0.000295  1.000000  0.000009  -0.000418  -0.000009  1.000000  0.999056  0.024683  0.035742  -0.024763  0.999692  0.001800  -0.035687  -0.002684  0.999359  0.000469  0.040953  
202.374160 0.008241  0.100054  -0.011653  0.981374  0.188864  -0.035141  -0.188338  0.981944  0.017736  0.037856  -0.010787  0.999225  0.012298  0.005051  -0.006759  0.044494  0.172756  1.855444  2.000000  0.998943  0.026131  0.037805  -0.026217  0.999655  0.001779  -0.037746  -0.002768  0.999284  0.999204  0.039741  -0.003550  -0.039740  0.999210  0.000404  0.003564  -0.000262  0.999994  1.000000  0.000287  0.000408  -0.000287  1.000000  0.000004  -0.000408  -0.000004  1.000000  0.998943  0.026131  0.037805  -0.026217  0.999655  0.001779  -0.037746  -0.002768  0.999284  0.000466  0.039911  
202.375409 0.008254  0.100060  -0.011662  0.981063  0.190472  -0.035158  -0.189954  0.981636  0.017556  0.037856  -0.010545  0.999228  0.012105  0.004881  -0.006950  0.032502  0.172761  1.862017  2.000000  0.998827  0.027544  0.039822  -0.027635  0.999617  0.001730  -0.039759  -0.002829  0.999205  0.999245  0.038710  -0.003444  -0.038710  0.999250  0.000001  0.003441  0.000132  0.999994  1.000000  0.000279  0.000398  -0.000279  1.000000  -0.000001  -0.000398  0.000001  1.000000  0.998827  0.027544  0.039822  -0.027635  0.999617  0.001730  -0.039759  -0.002829  0.999205  0.000466  0.038873  
202.376656 0.008264  0.100066  -0.011671  0.980788  0.191874  -0.035202  -0.191368  0.981367  0.017249  0.037856  -0.010181  0.999231  0.011713  0.004674  -0.007154  0.015977  0.170104  1.864114  2.000000  0.998710  0.028898  0.041760  -0.028992  0.999578  0.001660  -0.041695  -0.002869  0.999126  0.999315  0.036856  -0.003207  -0.036857  0.999320  -0.000310  0.003193  0.000428  0.999995  1.000000  0.000265  0.000379  -0.000265  1.000000  -0.000005  -0.000379  0.000005  1.000000  0.998710  0.028898  0.041760  -0.028992  0.999578  0.001660  -0.041695  -0.002869  0.999126  0.000464  0.037006  
202.377658 0.008271  0.100070  -0.011679  0.980586  0.192876  -0.035362  -0.192376  0.981173  0.017073  0.037990  -0.009939  0.999229  0.011271  0.004512  -0.007298  0.007816  0.164463  1.841291  2.000000  0.998616  0.029933  0.043246  -0.030030  0.999548  0.001586  -0.043179  -0.002883  0.999063  0.999361  0.035620  -0.003101  -0.035622  0.999365  -0.000716  0.003073  0.000826  0.999995  1.000000  0.000256  0.000366  -0.000256  1.000000  -0.000010  -0.000366  0.000010  1.000000  0.998616  0.029933  0.043246  -0.030030  0.999548  0.001586  -0.043179  -0.002883  0.999063  0.000464  0.035770  
202.378912 0.008279  0.100076  -0.011689  0.980347  0.194075  -0.035412  -0.193587  0.980940  0.016760  0.037990  -0.009575  0.999232  0.010634  0.004402  -0.007410  -0.009223  0.147048  1.806155  2.000000  0.998499  0.031175  0.045040  -0.031273  0.999510  0.001471  -0.044972  -0.002877  0.998984  0.999412  0.034175  -0.002728  -0.034178  0.999415  -0.001133  0.002688  0.001226  0.999996  1.000000  0.000243  0.000353  -0.000243  1.000000  -0.000015  -0.000353  0.000015  1.000000  0.998499  0.031175  0.045040  -0.031273  0.999510  0.001471  -0.044972  -0.002877  0.998984  0.000455  0.034311  
202.380157 0.008284  0.100081  -0.011700  0.980107  0.195274  -0.035462  -0.194798  0.980705  0.016447  0.037990  -0.009212  0.999236  0.010037  0.004386  -0.007492  -0.023073  0.134529  1.751373  2.000000  0.998404  0.032127  0.046437  -0.032224  0.999480  0.001356  -0.046369  -0.002851  0.998920  0.999441  0.033347  -0.002348  -0.033351  0.999443  -0.001528  0.002295  0.001606  0.999996  1.000000  0.000234  0.000347  -0.000234  1.000000  -0.000020  -0.000347  0.000020  1.000000  0.998404  0.032127  0.046437  -0.032224  0.999480  0.001356  -0.046369  -0.002851  0.998920  0.000443  0.033473  
202.381411 0.008289  0.100087  -0.011709  0.979866  0.196468  -0.035537  -0.196009  0.980471  0.016015  0.037990  -0.008727  0.999240  0.009378  0.004511  -0.007384  -0.044939  0.126292  1.701988  2.000000  0.998289  0.033248  0.048108  -0.033344  0.999443  0.001189  -0.048042  -0.002791  0.998841  0.999502  0.031492  -0.001977  -0.031496  0.999502  -0.001962  0.001914  0.002023  0.999996  1.000000  0.000218  0.000329  -0.000218  1.000000  -0.000025  -0.000329  0.000025  1.000000  0.998289  0.033248  0.048108  -0.033344  0.999443  0.001189  -0.048042  -0.002791  0.998841  0.000430  0.031622  
202.382651 0.008293  0.100094  -0.011718  0.979664  0.197464  -0.035593  -0.197017  0.980274  0.015695  0.037990  -0.008363  0.999243  0.008625  0.004646  -0.007308  -0.061883  0.121407  1.654413  2.000000  0.998174  0.034309  0.049708  -0.034401  0.999408  0.000993  -0.049644  -0.002701  0.998763  0.999541  0.030255  -0.001733  -0.030259  0.999539  -0.002372  0.001660  0.002423  0.999996  1.000000  0.000208  0.000317  -0.000207  1.000000  -0.000030  -0.000317  0.000030  1.000000  0.998174  0.034309  0.049708  -0.034401  0.999408  0.000993  -0.049644  -0.002701  0.998763  0.000417  0.030404  
202.383655 0.008296  0.100099  -0.011726  0.979506  0.198257  -0.035521  -0.197825  0.980117  0.015341  0.037856  -0.008000  0.999251  0.007928  0.004688  -0.007266  -0.076861  0.114341  1.605671  2.000000  0.998084  0.035121  0.050935  -0.035209  0.999380  0.000815  -0.050874  -0.002607  0.998702  0.999578  0.029019  -0.001621  -0.029023  0.999575  -0.002782  0.001540  0.002828  0.999995  1.000000  0.000199  0.000304  -0.000199  1.000000  -0.000035  -0.000304  0.000035  1.000000  0.998084  0.035121  0.050935  -0.035209  0.999380  0.000815  -0.050874  -0.002607  0.998702  0.000407  0.029203  
202.384655 0.008297  0.100103  -0.011734  0.979343  0.199052  -0.035581  -0.198631  0.979959  0.015014  0.037856  -0.007636  0.999254  0.007147  0.004664  -0.007330  -0.089243  0.109506  1.565020  2.000000  0.997997  0.035885  0.052103  -0.035967  0.999353  0.000619  -0.052047  -0.002492  0.998642  0.999630  0.027165  -0.001381  -0.027170  0.999626  -0.003220  0.001293  0.003256  0.999994  1.000000  0.000184  0.000286  -0.000184  1.000000  -0.000041  -0.000286  0.000040  1.000000  0.997997  0.035885  0.052103  -0.035967  0.999353  0.000619  -0.052047  -0.002492  0.998642  0.000396  0.027396  
202.385655 0.008296  0.100105  -0.011743  0.979184  0.199849  -0.035486  -0.199439  0.979799  0.014779  0.037722  -0.007394  0.999261  0.006340  0.004556  -0.007500  -0.099045  0.101228  1.516676  2.000000  0.997913  0.036592  0.053197  -0.036666  0.999328  0.000408  -0.053146  -0.002357  0.998584  0.999679  0.025311  -0.001005  -0.025314  0.999673  -0.003535  0.000915  0.003560  0.999993  1.000000  0.000169  0.000268  -0.000169  1.000000  -0.000044  -0.000268  0.000044  1.000000  0.997913  0.036592  0.053197  -0.036666  0.999328  0.000408  -0.053146  -0.002357  0.998584  0.000385  0.025581  
202.386903 0.008294  0.100108  -0.011757  0.978942  0.201041  -0.035434  -0.200649  0.979558  0.014320  0.037589  -0.006909  0.999269  0.005057  0.004303  -0.007908  -0.117035  0.084307  1.462082  2.000000  0.997813  0.037416  0.054492  -0.037479  0.999297  0.000126  -0.054449  -0.002168  0.998514  0.999710  0.024074  -0.000756  -0.024077  0.999703  -0.003827  0.000664  0.003844  0.999992  1.000000  0.000158  0.000256  -0.000158  1.000000  -0.000048  -0.000256  0.000048  1.000000  0.997813  0.037416  0.054492  -0.037479  0.999297  0.000126  -0.054449  -0.002168  0.998514  0.000367  0.024392  
202.387910 0.008292  0.100111  -0.011766  0.978776  0.201835  -0.035496  -0.201455  0.979398  0.013993  0.037589  -0.006545  0.999272  0.004288  0.004169  -0.008113  -0.132175  0.072344  1.411470  2.000000  0.997754  0.037889  0.055244  -0.037944  0.999280  -0.000056  -0.055206  -0.002040  0.998473  0.999720  0.023662  -0.000634  -0.023664  0.999711  -0.004206  0.000535  0.004220  0.999991  1.000000  0.000154  0.000253  -0.000154  1.000000  -0.000053  -0.000253  0.000053  1.000000  0.997754  0.037889  0.055244  -0.037944  0.999280  -0.000056  -0.055206  -0.002040  0.998473  0.000357  0.024045  
202.389155 0.008290  0.100113  -0.011777  0.978610  0.202628  -0.035558  -0.202261  0.979236  0.013666  0.037589  -0.006182  0.999274  0.003263  0.003894  -0.008264  -0.144431  0.058995  1.358464  2.000000  0.997657  0.038644  0.056457  -0.038684  0.999251  -0.000379  -0.056429  -0.001806  0.998405  0.999748  0.022426  -0.000384  -0.022427  0.999738  -0.004495  0.000283  0.004503  0.999990  1.000000  0.000144  0.000241  -0.000144  1.000000  -0.000056  -0.000241  0.000056  1.000000  0.997657  0.038644  0.056457  -0.038684  0.999251  -0.000379  -0.056429  -0.001806  0.998405  0.000344  0.022878  
202.390156 0.008289  0.100111  -0.011783  0.978401  0.203623  -0.035618  -0.203268  0.979032  0.013346  0.037589  -0.005818  0.999276  0.002508  0.003496  -0.008241  -0.157647  0.050633  1.324163  2.000000  0.997581  0.039218  0.057392  -0.039245  0.999229  -0.000653  -0.057373  -0.001601  0.998352  0.999758  0.022013  -0.000261  -0.022014  0.999746  -0.004874  0.000154  0.004879  0.999988  1.000000  0.000140  0.000237  -0.000140  1.000000  -0.000061  -0.000237  0.000061  1.000000  0.997581  0.039218  0.057392  -0.039245  0.999229  -0.000653  -0.057373  -0.001601  0.998352  0.000336  0.022550  
202.391412 0.008289  0.100109  -0.011790  0.978196  0.204617  -0.035548  -0.204276  0.978827  0.012999  0.037455  -0.005455  0.999283  0.001673  0.002920  -0.008069  -0.173353  0.038344  1.272552  2.000000  0.997488  0.039905  0.058534  -0.039914  0.999203  -0.001013  -0.058527  -0.001326  0.998285  0.999780  0.020983  -0.000008  -0.020983  0.999767  -0.005156  -0.000100  0.005155  0.999987  1.000000  0.000131  0.000227  -0.000131  1.000000  -0.000064  -0.000227  0.000064  1.000000  0.997488  0.039905  0.058534  -0.039914  0.999203  -0.001013  -0.058527  -0.001326  0.998285  0.000324  0.021609  
202.392658 0.008289  0.100102  -0.011797  0.977986  0.205607  -0.035634  -0.205283  0.978622  0.012561  0.037455  -0.004970  0.999286  0.001072  0.002116  -0.007860  -0.191634  0.034631  1.217348  2.000000  0.997397  0.040539  0.059629  -0.040528  0.999177  -0.001390  -0.059636  -0.001030  0.998220  0.999805  0.019747  0.000376  -0.019744  0.999790  -0.005447  -0.000483  0.005438  0.999985  1.000000  0.000119  0.000216  -0.000119  1.000000  -0.000068  -0.000216  0.000068  1.000000  0.997397  0.040539  0.059629  -0.040528  0.999177  -0.001390  -0.059636  -0.001030  0.998220  0.000312  0.020488  
202.393912 0.008289  0.100096  -0.011803  0.977736  0.206802  -0.035563  -0.206492  0.978372  0.012222  0.037321  -0.004606  0.999293  0.000703  0.001357  -0.007604  -0.205512  0.021760  1.168494  2.000000  0.997309  0.041137  0.060688  -0.041105  0.999153  -0.001780  -0.060709  -0.000719  0.998155  0.999813  0.019334  0.000631  -0.019330  0.999797  -0.005707  -0.000742  0.005694  0.999984  1.000000  0.000113  0.000214  -0.000113  1.000000  -0.000071  -0.000214  0.000071  1.000000  0.997309  0.041137  0.060688  -0.041105  0.999153  -0.001780  -0.060709  -0.000719  0.998155  0.000303  0.020168  
202.395159 0.008291  0.100092  -0.011810  0.977485  0.207993  -0.035518  -0.207701  0.978122  0.011763  0.037187  -0.004121  0.999300  0.000379  0.000647  -0.007323  -0.217024  0.013239  1.131719  2.000000  0.997221  0.041713  0.061724  -0.041658  0.999130  -0.002180  -0.061761  -0.000397  0.998091  0.999821  0.018922  0.000756  -0.018918  0.999805  -0.005725  -0.000864  0.005710  0.999983  1.000000  0.000109  0.000210  -0.000109  1.000000  -0.000071  -0.000210  0.000071  1.000000  0.997221  0.041713  0.061724  -0.041658  0.999130  -0.002180  -0.061761  -0.000397  0.998091  0.000291  0.019783  
202.396405 0.008293  0.100090  -0.011817  0.977233  0.209183  -0.035474  -0.208909  0.977870  0.011305  0.037054  -0.003636  0.999307  0.000224  0.000165  -0.007201  -0.230465  0.004928  1.097577  2.000000  0.997151  0.042167  0.062549  -0.042092  0.999111  -0.002510  -0.062599  -0.000130  0.998039  0.999821  0.018922  0.000881  -0.018917  0.999803  -0.005970  -0.000993  0.005952  0.999982  1.000000  0.000108  0.000211  -0.000108  1.000000  -0.000075  -0.000211  0.000075  1.000000  0.997151  0.042167  0.062549  -0.042092  0.999111  -0.002510  -0.062599  -0.000130  0.998039  0.000282  0.019860  
202.397660 0.008294  0.100090  -0.011826  0.976979  0.210378  -0.035406  -0.210117  0.977615  0.010965  0.036920  -0.003273  0.999313  0.000041  -0.000327  -0.007164  -0.242218  -0.007893  1.058031  2.000000  0.997063  0.042722  0.063570  -0.042622  0.999087  -0.002933  -0.063637  0.000215  0.997973  0.999828  0.018511  0.000872  -0.018506  0.999810  -0.006107  -0.000985  0.006089  0.999981  1.000000  0.000106  0.000206  -0.000106  1.000000  -0.000076  -0.000206  0.000076  1.000000  0.997063  0.042722  0.063570  -0.042622  0.999087  -0.002933  -0.063637  0.000215  0.997973  0.000273  0.019510  
202.398906 0.008295  0.100091  -0.011836  0.976767  0.211370  -0.035341  -0.211124  0.977402  0.010617  0.036786  -0.002909  0.999319  -0.000079  -0.000660  -0.007195  -0.253130  -0.016408  1.028742  2.000000  0.996974  0.043258  0.064584  -0.043131  0.999064  -0.003360  -0.064669  0.000564  0.997907  0.999832  0.018305  0.001130  -0.018298  0.999813  -0.006238  -0.001244  0.006216  0.999980  1.000000  0.000102  0.000206  -0.000102  1.000000  -0.000078  -0.000206  0.000078  1.000000  0.996974  0.043258  0.064584  -0.043131  0.999064  -0.003360  -0.064669  0.000564  0.997907  0.000267  0.019369  
202.400155 0.008296  0.100091  -0.011846  0.976510  0.212564  -0.035274  -0.212331  0.977144  0.010277  0.036653  -0.002546  0.999325  -0.000057  -0.000843  -0.007137  -0.261876  -0.029391  1.007939  2.000000  0.996886  0.043778  0.065590  -0.043624  0.999041  -0.003785  -0.065692  0.000912  0.997840  0.999835  0.018099  0.001256  -0.018091  0.999818  -0.006127  -0.001367  0.006103  0.999980  1.000000  0.000099  0.000204  -0.000099  1.000000  -0.000076  -0.000204  0.000076  1.000000  0.996886  0.043778  0.065590  -0.043624  0.999041  -0.003785  -0.065692  0.000912  0.997840  0.000262  0.019147  
202.401155 0.008296  0.100090  -0.011854  0.976340  0.213360  -0.035187  -0.213136  0.976971  0.010040  0.036519  -0.002303  0.999330  0.000020  -0.001115  -0.007064  -0.266887  -0.042401  0.980481  2.000000  0.996815  0.044185  0.066394  -0.044009  0.999023  -0.004122  -0.066511  0.001187  0.997785  0.999835  0.018099  0.001519  -0.018090  0.999818  -0.006010  -0.001628  0.005982  0.999981  1.000000  0.000096  0.000206  -0.000096  1.000000  -0.000075  -0.000206  0.000075  1.000000  0.996815  0.044185  0.066394  -0.044009  0.999023  -0.004122  -0.066511  0.001187  0.997785  0.000256  0.019128  
202.402411 0.008296  0.100087  -0.011864  0.976036  0.214755  -0.035120  -0.214544  0.976666  0.009707  0.036385  -0.001939  0.999336  0.000181  -0.001531  -0.006837  -0.273808  -0.055793  0.967525  2.000000  0.996725  0.044687  0.067404  -0.044481  0.999000  -0.004542  -0.067540  0.001529  0.997715  0.999835  0.018099  0.001647  -0.018089  0.999818  -0.006012  -0.001755  0.005982  0.999981  1.000000  0.000095  0.000207  -0.000095  1.000000  -0.000075  -0.000207  0.000075  1.000000  0.996725  0.044687  0.067404  -0.044481  0.999000  -0.004542  -0.067540  0.001529  0.997715  0.000252  0.019139  
202.403655 0.008297  0.100082  -0.011871  0.975780  0.215952  -0.034899  -0.215752  0.976403  0.009456  0.036118  -0.001697  0.999346  0.000464  -0.002075  -0.006574  -0.272049  -0.064002  0.953063  2.000000  0.996632  0.045184  0.068435  -0.044950  0.998977  -0.004954  -0.068588  0.001861  0.997643  0.999827  0.018511  0.001911  -0.018499  0.999812  -0.005760  -0.002017  0.005723  0.999982  1.000000  0.000094  0.000213  -0.000094  1.000000  -0.000072  -0.000213  0.000072  1.000000  0.996632  0.045184  0.068435  -0.044950  0.998977  -0.004954  -0.068588  0.001861  0.997643  0.000250  0.019476  
202.404659 0.008299  0.100077  -0.011876  0.975562  0.216948  -0.034812  -0.216757  0.976182  0.009226  0.035984  -0.001455  0.999351  0.000631  -0.002322  -0.006360  -0.275120  -0.068667  0.940150  2.000000  0.996575  0.045486  0.069066  -0.045235  0.998963  -0.005197  -0.069231  0.002055  0.997599  0.999819  0.018923  0.001907  -0.018911  0.999805  -0.005747  -0.002016  0.005710  0.999982  1.000000  0.000097  0.000217  -0.000097  1.000000  -0.000072  -0.000217  0.000072  1.000000  0.996575  0.045486  0.069066  -0.045235  0.998963  -0.005197  -0.069231  0.002055  0.997599  0.000247  0.019864  
202.405909 0.008302  0.100073  -0.011881  0.975294  0.218145  -0.034853  -0.217962  0.975916  0.009032  0.035984  -0.001212  0.999352  0.000874  -0.002472  -0.006211  -0.271303  -0.068344  0.933271  2.000000  0.996476  0.046001  0.070137  -0.045720  0.998939  -0.005598  -0.070320  0.002372  0.997522  0.999815  0.019129  0.001769  -0.019119  0.999801  -0.005619  -0.001876  0.005584  0.999983  1.000000  0.000100  0.000218  -0.000100  1.000000  -0.000070  -0.000218  0.000070  1.000000  0.996476  0.046001  0.070137  -0.045720  0.998939  -0.005598  -0.070320  0.002372  0.997522  0.000245  0.020012  
202.407162 0.008304  0.100070  -0.011886  0.974979  0.219543  -0.034893  -0.219367  0.975602  0.008846  0.035984  -0.000970  0.999352  0.001044  -0.002310  -0.006160  -0.268777  -0.067585  0.932330  2.000000  0.996375  0.046528  0.071212  -0.046218  0.998913  -0.005989  -0.071413  0.002676  0.997443  0.999816  0.019130  0.001631  -0.019121  0.999802  -0.005497  -0.001736  0.005465  0.999984  1.000000  0.000101  0.000218  -0.000101  1.000000  -0.000069  -0.000218  0.000069  1.000000  0.996375  0.046528  0.071212  -0.046218  0.998913  -0.005989  -0.071413  0.002676  0.997443  0.000244  0.019967  
202.408488 0.008307  0.100068  -0.011893  0.974661  0.220940  -0.034934  -0.220772  0.975287  0.008659  0.035984  -0.000727  0.999352  0.001218  -0.001985  -0.006099  -0.262102  -0.072111  0.937599  2.000000  0.996272  0.047065  0.072296  -0.046727  0.998887  -0.006365  -0.072515  0.002964  0.997363  0.999812  0.019336  0.001626  -0.019327  0.999800  -0.005126  -0.001725  0.005094  0.999986  1.000000  0.000103  0.000220  -0.000103  1.000000  -0.000064  -0.000220  0.000064  1.000000  0.996272  0.047065  0.072296  -0.046727  0.998887  -0.006365  -0.072515  0.002964  0.997363  0.000243  0.020067  
202.409668 0.008311  0.100067  -0.011901  0.974342  0.222337  -0.034976  -0.222176  0.974970  0.008473  0.035984  -0.000485  0.999352  0.001360  -0.001679  -0.006313  -0.258424  -0.072039  0.946876  2.000000  0.996186  0.047509  0.073189  -0.047148  0.998866  -0.006661  -0.073422  0.003184  0.997296  0.999795  0.020159  0.001623  -0.020150  0.999784  -0.005096  -0.001725  0.005063  0.999986  1.000000  0.000108  0.000229  -0.000108  1.000000  -0.000064  -0.000229  0.000063  1.000000  0.996186  0.047509  0.073189  -0.047148  0.998866  -0.006661  -0.073422  0.003184  0.997296  0.000244  0.020854  
202.410910 0.008315  0.100069  -0.011909  0.974021  0.223734  -0.035018  -0.223580  0.974650  0.008287  0.035984  -0.000242  0.999352  0.001543  -0.001419  -0.006369  -0.255577  -0.071325  0.959829  2.000000  0.996096  0.047970  0.074110  -0.047585  0.998843  -0.006952  -0.074358  0.003398  0.997226  0.999783  0.020776  0.001618  -0.020768  0.999772  -0.004953  -0.001721  0.004918  0.999986  1.000000  0.000112  0.000235  -0.000112  1.000000  -0.000062  -0.000235  0.000062  1.000000  0.996096  0.047970  0.074110  -0.047585  0.998843  -0.006952  -0.074358  0.003398  0.997226  0.000249  0.021417  
202.412162 0.008319  0.100072  -0.011917  0.973652  0.225330  -0.035059  -0.225184  0.974283  0.008108  0.035984  0.000000  0.999352  0.001722  -0.001221  -0.006289  -0.249273  -0.071589  0.974676  2.000000  0.995979  0.048557  0.075281  -0.048143  0.998814  -0.007309  -0.075546  0.003655  0.997136  0.999774  0.021188  0.001614  -0.021180  0.999764  -0.004817  -0.001715  0.004781  0.999987  1.000000  0.000114  0.000240  -0.000114  1.000000  -0.000060  -0.000240  0.000060  1.000000  0.995979  0.048557  0.075281  -0.048143  0.998814  -0.007309  -0.075546  0.003655  0.997136  0.000250  0.021786  
202.413408 0.008323  0.100075  -0.011924  0.973326  0.226725  -0.035102  -0.226587  0.973959  0.007923  0.035984  0.000242  0.999352  0.001927  -0.001035  -0.006101  -0.240671  -0.066791  0.988541  2.000000  0.995882  0.049048  0.076241  -0.048610  0.998789  -0.007589  -0.076521  0.003851  0.997061  0.999761  0.021806  0.001475  -0.021799  0.999751  -0.004673  -0.001577  0.004640  0.999988  1.000000  0.000120  0.000246  -0.000120  1.000000  -0.000058  -0.000246  0.000058  1.000000  0.995882  0.049048  0.076241  -0.048610  0.998789  -0.007589  -0.076521  0.003851  0.997061  0.000253  0.022348  
202.414412 0.008326  0.100078  -0.011930  0.973045  0.227920  -0.035147  -0.227789  0.973680  0.007730  0.035984  0.000485  0.999352  0.002102  -0.000878  -0.005929  -0.236046  -0.066530  1.002232  2.000000  0.995782  0.049548  0.077217  -0.049086  0.998764  -0.007863  -0.077511  0.004040  0.996983  0.999757  0.022012  0.001470  -0.022005  0.999748  -0.004544  -0.001569  0.004511  0.999989  1.000000  0.000121  0.000248  -0.000121  1.000000  -0.000057  -0.000248  0.000057  1.000000  0.995782  0.049548  0.077217  -0.049086  0.998764  -0.007863  -0.077511  0.004040  0.996983  0.000257  0.022522  
202.415658 0.008331  0.100082  -0.011937  0.972716  0.229310  -0.035220  -0.229191  0.973353  0.007426  0.035984  0.000849  0.999352  0.002367  -0.000535  -0.005704  -0.235644  -0.061724  1.016278  2.000000  0.995654  0.050189  0.078450  -0.049699  0.998731  -0.008198  -0.078762  0.004263  0.996884  0.999748  0.022423  0.001331  -0.022418  0.999740  -0.004287  -0.001426  0.004256  0.999990  1.000000  0.000125  0.000251  -0.000125  1.000000  -0.000053  -0.000251  0.000053  1.000000  0.995654  0.050189  0.078450  -0.049699  0.998731  -0.008198  -0.078762  0.004263  0.996884  0.000261  0.022867  
202.416904 0.008335  0.100086  -0.011943  0.972380  0.230703  -0.035395  -0.230591  0.973023  0.007272  0.036118  0.001091  0.999347  0.002642  -0.000124  -0.005526  -0.229343  -0.052867  1.032730  2.000000  0.995523  0.050846  0.079684  -0.050327  0.998696  -0.008521  -0.080013  0.004473  0.996784  0.999748  0.022424  0.001058  -0.022419  0.999740  -0.004041  -0.001148  0.004016  0.999991  1.000000  0.000128  0.000250  -0.000128  1.000000  -0.000050  -0.000250  0.000050  1.000000  0.995523  0.050846  0.079684  -0.050327  0.998696  -0.008521  -0.080013  0.004473  0.996784  0.000262  0.022809  
