1-Time 2-Px 3-Py 4-Pz 5-R11 6-R21 7-R31 8-R12 9-R22 10-R32 11-R13 12-R23 13-R33 14-Vx 15-Vy 16-Vz 17-Wx 18-Wy 19-Wz 20-state 21-PR11 22-PR21 23-PR31 24-PR12 25-PR22 26-PR32 27-PR13 28-PR23 29-PR33 
166.515858 0.007505  0.093696  -0.008240  0.999051  0.034522  -0.026545  0.022217  0.120232  0.992497  0.037455  -0.992145  0.119351  -0.001093  0.000460  0.002963  0.000000  0.000000  0.000000  2.000000  1.000000  0.000000  0.000000  0.000000  -0.000000  1.000000  0.000000  -1.000000  -0.000000  1.000000  0.000605  0.000549  -0.000605  1.000000  -0.000098  -0.000549  0.000098  1.000000  1.000000  0.000000  0.000000  0.000000  1.000000  0.000000  0.000000  0.000000  1.000000  0.627398  0.434406  0.646268  -0.567080  -0.313886  0.761509  0.533659  -0.844255  0.049411  0.000000  0.000000  
166.516863 0.007504  0.093697  -0.008237  0.999046  0.034655  -0.026561  0.022217  0.120235  0.992497  0.037589  -0.992140  0.119350  -0.001093  0.000460  0.002962  0.000000  0.000000  0.000000  2.000000  1.000000  0.000000  0.000000  0.000000  -0.000000  1.000000  0.000000  -1.000000  -0.000000  1.000000  0.000738  0.000533  -0.000738  1.000000  -0.000098  -0.000533  0.000098  1.000000  1.000000  0.000000  0.000000  0.000000  1.000000  0.000000  0.000000  0.000000  1.000000  1.000000  0.000000  0.000000  0.000000  -0.000000  1.000000  0.000000  -1.000000  -0.000000  0.000000  0.000000  
166.517863 0.007503  0.093696  -0.008237  0.999051  0.034677  -0.026361  0.022011  0.120348  0.992488  0.037589  -0.992126  0.119470  -0.001060  0.000415  0.002762  0.000000  0.000000  0.000000  2.000000  1.000000  0.000000  0.000000  0.000000  -0.000000  1.000000  0.000000  -1.000000  -0.000000  1.000000  0.000738  0.000533  -0.000738  1.000000  -0.000220  -0.000533  0.000219  1.000000  1.000000  0.000000  0.000000  0.000000  1.000000  0.000000  0.000000  0.000000  1.000000  1.000000  0.000000  0.000000  0.000000  -0.000000  1.000000  0.000000  -1.000000  -0.000000  0.000000  0.000000  
166.518864 0.007503  0.093695  -0.008237  0.999050  0.034831  -0.026177  0.021805  0.120464  0.992478  0.037722  -0.992106  0.119590  -0.000996  0.000318  0.002547  0.000000  0.000000  0.000000  2.000000  1.000000  0.000000  0.000000  0.000000  -0.000000  1.000000  0.000000  -1.000000  -0.000000  0.999999  0.000895  0.000721  -0.000895  1.000000  -0.000333  -0.000721  0.000333  1.000000  1.000000  0.000000  0.000000  0.000000  1.000000  0.000000  0.000000  0.000000  1.000000  1.000000  0.000000  0.000000  0.000000  -0.000000  1.000000  0.000000  -1.000000  -0.000000  0.000000  0.000000  
166.520113 0.007504  0.093695  -0.008236  0.999050  0.034985  -0.025993  0.021599  0.120580  0.992469  0.037856  -0.992087  0.119710  -0.000870  0.000275  0.002371  0.000000  0.000000  0.000000  2.000000  1.000000  0.000000  0.000000  0.000000  -0.000000  1.000000  0.000000  -1.000000  -0.000000  0.999999  0.001053  0.000909  -0.001053  0.999999  -0.000447  -0.000910  0.000446  0.999999  1.000000  0.000000  0.000000  0.000000  1.000000  0.000000  0.000000  0.000000  1.000000  1.000000  0.000000  0.000000  0.000000  -0.000000  1.000000  0.000000  -1.000000  -0.000000  0.000000  0.000000  
166.521114 0.007504  0.093696  -0.008235  0.999050  0.034982  -0.025997  0.021599  0.120700  0.992454  0.037856  -0.992072  0.119830  -0.000746  0.000316  0.002238  0.000000  0.000000  0.000000  2.000000  1.000000  0.000000  0.000000  0.000000  -0.000000  1.000000  0.000000  -1.000000  -0.000000  0.999999  0.000920  0.000925  -0.000920  0.999999  -0.000447  -0.000925  0.000446  0.999999  1.000000  0.000000  0.000000  0.000000  1.000000  0.000000  0.000000  0.000000  1.000000  1.000000  0.000000  0.000000  0.000000  -0.000000  1.000000  0.000000  -1.000000  -0.000000  0.000000  0.000000  
166.522120 0.007506  0.093697  -0.008235  0.999049  0.035136  -0.025813  0.021394  0.120816  0.992444  0.037990  -0.992053  0.119950  -0.000555  0.000351  0.002058  0.000000  0.000000  0.000000  2.000000  1.000000  0.000000  0.000000  0.000000  -0.000000  1.000000  0.000000  -1.000000  -0.000000  0.999999  0.001078  0.001113  -0.001077  0.999999  -0.000561  -0.001114  0.000560  0.999999  1.000000  0.000000  0.000000  0.000000  1.000000  0.000000  0.000000  0.000000  1.000000  1.000000  0.000000  0.000000  0.000000  -0.000000  1.000000  0.000000  -1.000000  -0.000000  0.000000  0.000000  
166.523132 0.007507  0.093698  -0.008234  0.999048  0.035288  -0.025634  0.021188  0.121053  0.992420  0.038123  -0.992019  0.120190  -0.000376  0.000391  0.001915  0.000000  0.000000  0.000000  2.000000  1.000000  0.000000  0.000000  0.000000  -0.000000  1.000000  0.000000  -1.000000  -0.000000  0.999998  0.001236  0.001301  -0.001235  0.999999  -0.000796  -0.001302  0.000794  0.999999  1.000000  0.000000  0.000000  0.000000  1.000000  0.000000  0.000000  0.000000  1.000000  1.000000  0.000000  0.000000  0.000000  -0.000000  1.000000  0.000000  -1.000000  -0.000000  0.000000  0.000000  
166.524366 0.007511  0.093700  -0.008233  0.999052  0.035464  -0.025250  0.020776  0.121282  0.992401  0.038257  -0.991984  0.120430  -0.000072  0.000484  0.001778  0.000000  0.000000  0.000000  2.000000  1.000000  0.000000  0.000000  0.000000  -0.000000  1.000000  0.000000  -1.000000  -0.000000  0.999998  0.001418  0.001693  -0.001417  0.999998  -0.001023  -0.001694  0.001021  0.999998  1.000000  0.000000  0.000000  0.000000  1.000000  0.000000  0.000000  0.000000  1.000000  1.000000  0.000000  0.000000  0.000000  -0.000000  1.000000  0.000000  -1.000000  -0.000000  0.000000  0.000000  
166.525611 0.007514  0.093700  -0.008233  0.999050  0.035771  -0.024886  0.020365  0.121634  0.992366  0.038524  -0.991930  0.120790  0.000240  0.000457  0.001473  0.000000  0.000000  0.000000  2.000000  1.000000  0.000000  0.000000  0.000000  -0.000000  1.000000  0.000000  -1.000000  -0.000000  0.999997  0.001709  0.001865  -0.001707  0.999998  -0.001258  -0.001867  0.001255  0.999997  1.000000  0.000000  0.000000  0.000000  1.000000  0.000000  0.000000  0.000000  1.000000  1.000000  0.000000  0.000000  0.000000  -0.000000  1.000000  0.000000  -1.000000  -0.000000  0.000000  0.000000  
166.526619 0.007516  0.093701  -0.008233  0.999049  0.035922  -0.024707  0.020159  0.121870  0.992341  0.038658  -0.991896  0.121030  0.000440  0.000469  0.001305  0.000000  0.000000  0.000000  2.000000  1.000000  0.000000  0.000000  0.000000  -0.000000  1.000000  0.000000  -1.000000  -0.000000  0.999996  0.001760  0.002273  -0.001756  0.999997  -0.001485  -0.002275  0.001481  0.999996  1.000000  0.000000  0.000000  0.000000  1.000000  0.000000  0.000000  0.000000  1.000000  1.000000  0.000000  0.000000  0.000000  -0.000000  1.000000  0.000000  -1.000000  -0.000000  0.000000  0.000000  
166.527871 0.007518  0.093702  -0.008234  0.999043  0.036207  -0.024544  0.019953  0.122108  0.992316  0.038926  -0.991856  0.121269  0.000694  0.000488  0.000949  0.000000  0.000000  0.000000  2.000000  1.000000  0.000000  0.000000  0.000000  -0.000000  1.000000  0.000000  -1.000000  -0.000000  0.999995  0.002026  0.002239  -0.002022  0.999996  -0.001849  -0.002243  0.001844  0.999996  1.000000  0.000000  0.000000  0.000000  1.000000  0.000000  0.000000  0.000000  1.000000  1.000000  0.000000  0.000000  0.000000  -0.000000  1.000000  0.000000  -1.000000  -0.000000  0.000000  0.000000  
166.529118 0.007520  0.093703  -0.008236  0.999041  0.036514  -0.024181  0.019541  0.122460  0.992281  0.039193  -0.991802  0.121629  0.000918  0.000479  0.000573  0.000000  0.000000  0.000000  2.000000  1.000000  0.000000  0.000000  0.000000  -0.000000  1.000000  0.000000  -1.000000  -0.000000  0.999994  0.002342  0.002615  -0.002337  0.999995  -0.002198  -0.002620  0.002192  0.999994  1.000000  0.000000  0.000000  0.000000  1.000000  0.000000  0.000000  0.000000  1.000000  1.000000  0.000000  0.000000  0.000000  -0.000000  1.000000  0.000000  -1.000000  -0.000000  0.000000  0.000000  
166.530370 0.007523  0.093703  -0.008238  0.999038  0.036818  -0.023823  0.019130  0.122931  0.992231  0.039460  -0.991732  0.122109  0.001207  0.000467  0.000155  0.000000  0.000000  0.000000  2.000000  1.000000  0.000000  0.000000  0.000000  -0.000000  1.000000  0.000000  -1.000000  -0.000000  0.999992  0.002526  0.003006  -0.002519  0.999994  -0.002546  -0.003012  0.002538  0.999992  1.000000  0.000000  0.000000  0.000000  1.000000  0.000000  0.000000  0.000000  1.000000  1.000000  0.000000  0.000000  0.000000  -0.000000  1.000000  0.000000  -1.000000  -0.000000  0.000000  0.000000  
166.531617 0.007525  0.093703  -0.008242  0.999035  0.037122  -0.023465  0.018718  0.123402  0.992180  0.039728  -0.991662  0.122588  0.001438  0.000420  -0.000350  0.000000  0.000000  0.000000  2.000000  1.000000  0.000000  0.000000  0.000000  -0.000000  1.000000  0.000000  -1.000000  -0.000000  0.999991  0.002819  0.003176  -0.002809  0.999991  -0.003023  -0.003184  0.003014  0.999990  1.000000  0.000000  0.000000  0.000000  1.000000  0.000000  0.000000  0.000000  1.000000  1.000000  0.000000  0.000000  0.000000  -0.000000  1.000000  0.000000  -1.000000  -0.000000  0.000000  0.000000  
166.532867 0.007528  0.093703  -0.008246  0.999028  0.037402  -0.023311  0.018513  0.123881  0.992124  0.039995  -0.991592  0.123068  0.001658  0.000470  -0.000644  0.000000  0.000000  0.000000  2.000000  1.000000  0.000000  0.000000  0.000000  -0.000000  1.000000  0.000000  -1.000000  -0.000000  0.999989  0.003137  0.003550  -0.003124  0.999989  -0.003615  -0.003561  0.003603  0.999987  1.000000  0.000000  0.000000  0.000000  1.000000  0.000000  0.000000  0.000000  1.000000  1.000000  0.000000  0.000000  0.000000  -0.000000  1.000000  0.000000  -1.000000  -0.000000  0.000000  0.000000  
166.534116 0.007531  0.093704  -0.008249  0.999025  0.037704  -0.022959  0.018101  0.124472  0.992058  0.040263  -0.991506  0.123668  0.001893  0.000611  -0.000800  0.000000  0.000000  0.000000  2.000000  1.000000  0.000000  0.000000  0.000000  -0.000000  1.000000  0.000000  -1.000000  -0.000000  0.999988  0.003297  0.003736  -0.003281  0.999986  -0.004092  -0.003749  0.004079  0.999985  1.000000  0.000000  0.000000  0.000000  1.000000  0.000000  0.000000  0.000000  1.000000  1.000000  0.000000  0.000000  0.000000  -0.000000  1.000000  0.000000  -1.000000  -0.000000  0.000000  0.000000  
166.535117 0.007533  0.093705  -0.008250  0.999018  0.037984  -0.022806  0.017895  0.124950  0.992002  0.040530  -0.991436  0.124148  0.002009  0.000675  -0.000947  0.000000  0.000000  0.000000  2.000000  1.000000  0.000000  0.000000  0.000000  -0.000000  1.000000  0.000000  -1.000000  -0.000000  0.999985  0.003482  0.004126  -0.003463  0.999984  -0.004561  -0.004141  0.004547  0.999981  1.000000  0.000000  0.000000  0.000000  1.000000  0.000000  0.000000  0.000000  1.000000  1.000000  0.000000  0.000000  0.000000  -0.000000  1.000000  0.000000  -1.000000  -0.000000  0.000000  0.000000  
166.536362 0.007537  0.093707  -0.008252  0.999014  0.038287  -0.022454  0.017484  0.125541  0.991934  0.040797  -0.991349  0.124748  0.002174  0.000704  -0.001191  -0.175255  -0.155437  0.140456  2.000000  1.000000  0.000095  0.000102  -0.000102  0.000127  1.000000  0.000095  -1.000000  0.000127  0.999984  0.003883  0.004073  -0.003862  0.999979  -0.005168  -0.004093  0.005152  0.999978  1.000000  0.000048  0.000051  -0.000048  1.000000  -0.000064  -0.000051  0.000064  1.000000  1.000000  0.000095  0.000102  -0.000102  0.000127  1.000000  0.000095  -1.000000  0.000127  0.000067  0.007635  
166.537362 0.007540  0.093708  -0.008255  0.999007  0.038567  -0.022302  0.017278  0.126019  0.991877  0.041065  -0.991278  0.125228  0.002294  0.000709  -0.001421  -0.192982  -0.155582  0.150577  2.000000  1.000000  0.000291  0.000322  -0.000322  0.000400  1.000000  0.000291  -1.000000  0.000400  0.999982  0.003936  0.004480  -0.003911  0.999976  -0.005637  -0.004502  0.005619  0.999974  1.000000  0.000049  0.000056  -0.000049  1.000000  -0.000070  -0.000056  0.000070  1.000000  1.000000  0.000291  0.000322  -0.000322  0.000400  1.000000  0.000291  -1.000000  0.000400  0.000071  0.008200  
166.538368 0.007543  0.093709  -0.008258  0.999009  0.038741  -0.021929  0.016866  0.126487  0.991825  0.041198  -0.991212  0.125708  0.002322  0.000701  -0.001618  -0.208700  -0.168688  0.156747  2.000000  1.000000  0.000498  0.000550  -0.000550  0.000692  1.000000  0.000497  -1.000000  0.000692  0.999981  0.004204  0.004444  -0.004177  0.999973  -0.006001  -0.004469  0.005982  0.999972  1.000000  0.000052  0.000056  -0.000052  1.000000  -0.000075  -0.000056  0.000075  1.000000  1.000000  0.000498  0.000550  -0.000550  0.000692  1.000000  0.000497  -1.000000  0.000692  0.000076  0.008563  
166.539615 0.007547  0.093710  -0.008263  0.999001  0.039017  -0.021787  0.016660  0.127205  0.991737  0.041466  -0.991109  0.126428  0.002356  0.000672  -0.002060  -0.232901  -0.174979  0.162159  2.000000  0.999999  0.000710  0.000783  -0.000783  0.001010  0.999999  0.000710  -0.999999  0.001011  0.999980  0.004366  0.004628  -0.004335  0.999969  -0.006599  -0.004657  0.006579  0.999968  1.000000  0.000054  0.000058  -0.000054  1.000000  -0.000082  -0.000058  0.000082  1.000000  0.999999  0.000710  0.000783  -0.000783  0.001010  0.999999  0.000710  -0.999999  0.001011  0.000083  0.009159  
166.540866 0.007549  0.093710  -0.008268  0.998988  0.039425  -0.021662  0.016455  0.127925  0.991647  0.041867  -0.991000  0.127147  0.002335  0.000613  -0.002393  -0.257051  -0.180117  0.176465  2.000000  0.999999  0.000986  0.001072  -0.001073  0.001445  0.999998  0.000985  -0.999998  0.001446  0.999979  0.004502  0.004608  -0.004469  0.999964  -0.007205  -0.004640  0.007184  0.999963  1.000000  0.000056  0.000058  -0.000056  1.000000  -0.000090  -0.000058  0.000090  1.000000  0.999999  0.000986  0.001072  -0.001073  0.001445  0.999998  0.000985  -0.999998  0.001446  0.000089  0.009657  
166.542113 0.007552  0.093709  -0.008274  0.998983  0.039725  -0.021322  0.016043  0.128755  0.991547  0.042134  -0.990880  0.127987  0.002410  0.000498  -0.002784  -0.284988  -0.192634  0.187162  2.000000  0.999998  0.001282  0.001371  -0.001374  0.001913  0.999997  0.001279  -0.999997  0.001915  0.999976  0.004823  0.004979  -0.004785  0.999959  -0.007673  -0.005015  0.007649  0.999958  1.000000  0.000060  0.000062  -0.000060  1.000000  -0.000096  -0.000062  0.000096  1.000000  0.999998  0.001282  0.001371  -0.001374  0.001913  0.999997  0.001279  -0.999997  0.001915  0.000096  0.010332  
166.543118 0.007554  0.093709  -0.008280  0.998975  0.040006  -0.021171  0.015837  0.129232  0.991488  0.042401  -0.990807  0.128466  0.002428  0.000442  -0.003086  -0.301007  -0.198910  0.192549  2.000000  0.999998  0.001529  0.001612  -0.001616  0.002316  0.999996  0.001525  -0.999996  0.002318  0.999976  0.005065  0.004737  -0.005026  0.999954  -0.008166  -0.004778  0.008142  0.999955  1.000000  0.000063  0.000059  -0.000063  1.000000  -0.000102  -0.000059  0.000102  1.000000  0.999998  0.001529  0.001612  -0.001616  0.002316  0.999996  0.001525  -0.999996  0.002318  0.000102  0.010705  
166.544367 0.007557  0.093708  -0.008286  0.998964  0.040442  -0.020844  0.015426  0.129943  0.991401  0.042802  -0.990696  0.129185  0.002432  0.000310  -0.003387  -0.324871  -0.210883  0.207729  2.000000  0.999996  0.001849  0.001913  -0.001918  0.002840  0.999994  0.001843  -0.999994  0.002843  0.999974  0.005228  0.004920  -0.005185  0.999949  -0.008642  -0.004965  0.008616  0.999951  1.000000  0.000065  0.000062  -0.000065  1.000000  -0.000108  -0.000062  0.000108  1.000000  0.999996  0.001849  0.001913  -0.001918  0.002840  0.999994  0.001843  -0.999994  0.002843  0.000109  0.011225  
166.545383 0.007558  0.093706  -0.008292  0.998956  0.040721  -0.020699  0.015220  0.130540  0.991326  0.043070  -0.990606  0.129784  0.002398  0.000247  -0.003595  -0.344946  -0.209529  0.216542  2.000000  0.999995  0.002112  0.002149  -0.002156  0.003280  0.999992  0.002105  -0.999992  0.003285  0.999975  0.005337  0.004696  -0.005294  0.999945  -0.009013  -0.004744  0.008988  0.999948  1.000000  0.000066  0.000059  -0.000066  1.000000  -0.000113  -0.000059  0.000113  1.000000  0.999995  0.002112  0.002149  -0.002156  0.003280  0.999992  0.002105  -0.999992  0.003285  0.000115  0.011469  
166.546617 0.007560  0.093704  -0.008298  0.998942  0.041130  -0.020577  0.015014  0.131259  0.991234  0.043471  -0.990494  0.130503  0.002302  0.000068  -0.003739  -0.369307  -0.215331  0.226559  2.000000  0.999994  0.002383  0.002386  -0.002395  0.003745  0.999990  0.002374  -0.999990  0.003750  0.999974  0.005473  0.004674  -0.005428  0.999940  -0.009497  -0.004726  0.009472  0.999944  1.000000  0.000068  0.000059  -0.000068  1.000000  -0.000119  -0.000059  0.000119  1.000000  0.999994  0.002383  0.002386  -0.002395  0.003745  0.999990  0.002374  -0.999990  0.003750  0.000120  0.011906  
166.547868 0.007561  0.093702  -0.008304  0.998936  0.041432  -0.020239  0.014602  0.132088  0.991130  0.043738  -0.990372  0.131342  0.002213  -0.000076  -0.003885  -0.393409  -0.221498  0.231977  2.000000  0.999993  0.002662  0.002621  -0.002633  0.004235  0.999988  0.002651  -0.999987  0.004242  0.999972  0.005637  0.004856  -0.005587  0.999933  -0.010094  -0.004913  0.010067  0.999937  1.000000  0.000070  0.000061  -0.000070  1.000000  -0.000126  -0.000061  0.000126  1.000000  0.999993  0.002662  0.002621  -0.002633  0.004235  0.999988  0.002651  -0.999987  0.004242  0.000127  0.012529  
166.549117 0.007563  0.093701  -0.008310  0.998930  0.041735  -0.019902  0.014191  0.132916  0.991026  0.044006  -0.990248  0.132182  0.002162  -0.000230  -0.004138  -0.417572  -0.227696  0.237437  2.000000  0.999991  0.003020  0.002924  -0.002939  0.004877  0.999984  0.003005  -0.999984  0.004886  0.999972  0.005773  0.004834  -0.005722  0.999929  -0.010457  -0.004894  0.010429  0.999934  1.000000  0.000072  0.000061  -0.000072  1.000000  -0.000131  -0.000061  0.000131  1.000000  0.999991  0.003020  0.002924  -0.002939  0.004877  0.999984  0.003005  -0.999984  0.004886  0.000132  0.012875  
166.550368 0.007566  0.093700  -0.008316  0.998924  0.042040  -0.019559  0.013779  0.133624  0.990936  0.044273  -0.990140  0.132901  0.002111  -0.000384  -0.004389  -0.433555  -0.233297  0.247341  2.000000  0.999989  0.003378  0.003226  -0.003245  0.005550  0.999979  0.003360  -0.999979  0.005561  0.999972  0.005777  0.004829  -0.005724  0.999924  -0.010941  -0.004892  0.010913  0.999928  1.000000  0.000072  0.000061  -0.000072  1.000000  -0.000137  -0.000061  0.000137  1.000000  0.999989  0.003378  0.003226  -0.003245  0.005550  0.999979  0.003360  -0.999979  0.005561  0.000136  0.013270  
166.551614 0.007568  0.093699  -0.008323  0.998909  0.042449  -0.019445  0.013574  0.134462  0.990826  0.044674  -0.990009  0.133739  0.001989  -0.000570  -0.004695  -0.457992  -0.232057  0.256402  2.000000  0.999987  0.003734  0.003523  -0.003546  0.006243  0.999974  0.003712  -0.999974  0.006256  0.999973  0.005621  0.004638  -0.005569  0.999922  -0.011189  -0.004701  0.011163  0.999927  1.000000  0.000070  0.000058  -0.000070  1.000000  -0.000140  -0.000058  0.000140  1.000000  0.999987  0.003734  0.003523  -0.003546  0.006243  0.999974  0.003712  -0.999974  0.006256  0.000142  0.013343  
166.552615 0.007569  0.093698  -0.008329  0.998909  0.042623  -0.019086  0.013162  0.135167  0.990735  0.044808  -0.989906  0.134459  0.001824  -0.000700  -0.004948  -0.474028  -0.238814  0.257422  2.000000  0.999985  0.004018  0.003756  -0.003784  0.006812  0.999970  0.003992  -0.999969  0.006827  0.999973  0.005624  0.004634  -0.005570  0.999918  -0.011552  -0.004699  0.011526  0.999923  1.000000  0.000070  0.000058  -0.000070  1.000000  -0.000144  -0.000058  0.000144  1.000000  0.999985  0.004018  0.003756  -0.003784  0.006812  0.999970  0.003992  -0.999969  0.006827  0.000147  0.013648  
166.553865 0.007570  0.093697  -0.008338  0.998896  0.043057  -0.018774  0.012751  0.136116  0.990611  0.045209  -0.989757  0.135417  0.001681  -0.000852  -0.005223  -0.498358  -0.237473  0.266455  2.000000  0.999982  0.004375  0.004050  -0.004082  0.007544  0.999963  0.004344  -0.999962  0.007562  0.999973  0.005628  0.004629  -0.005573  0.999913  -0.011914  -0.004696  0.011888  0.999918  1.000000  0.000070  0.000058  -0.000070  1.000000  -0.000149  -0.000058  0.000149  1.000000  0.999982  0.004375  0.004050  -0.004082  0.007544  0.999963  0.004344  -0.999962  0.007562  0.000152  0.013955  
166.555114 0.007571  0.093695  -0.008345  0.998887  0.043334  -0.018643  0.012545  0.136952  0.990498  0.045476  -0.989629  0.136255  0.001530  -0.000977  -0.005378  -0.514471  -0.234823  0.268841  2.000000  0.999979  0.004738  0.004349  -0.004388  0.008296  0.999956  0.004702  -0.999954  0.008317  0.999972  0.005792  0.004810  -0.005734  0.999910  -0.012147  -0.004880  0.012119  0.999915  1.000000  0.000072  0.000061  -0.000072  1.000000  -0.000152  -0.000061  0.000152  1.000000  0.999979  0.004738  0.004349  -0.004388  0.008296  0.999956  0.004702  -0.999954  0.008317  0.000156  0.014280  
166.556364 0.007573  0.093696  -0.008352  0.998880  0.043640  -0.018308  0.012133  0.137778  0.990389  0.045743  -0.989501  0.137094  0.001441  -0.000960  -0.005451  -0.534680  -0.234700  0.268999  2.000000  0.999977  0.005033  0.004590  -0.004635  0.008918  0.999949  0.004991  -0.999948  0.008941  0.999970  0.005958  0.004990  -0.005894  0.999903  -0.012623  -0.005065  0.012593  0.999908  1.000000  0.000074  0.000063  -0.000074  1.000000  -0.000158  -0.000063  0.000158  1.000000  0.999977  0.005033  0.004590  -0.004635  0.008918  0.999949  0.004991  -0.999948  0.008941  0.000161  0.014811  
166.557364 0.007573  0.093696  -0.008357  0.998870  0.043920  -0.018173  0.011928  0.138493  0.990292  0.046010  -0.989389  0.137812  0.001360  -0.000899  -0.005411  -0.550718  -0.233953  0.273494  2.000000  0.999974  0.005328  0.004831  -0.004882  0.009554  0.999942  0.005281  -0.999940  0.009579  0.999971  0.005933  0.004782  -0.005871  0.999900  -0.012872  -0.004858  0.012844  0.999906  1.000000  0.000074  0.000060  -0.000074  1.000000  -0.000161  -0.000060  0.000161  1.000000  0.999974  0.005328  0.004831  -0.004882  0.009554  0.999942  0.005281  -0.999940  0.009579  0.000164  0.014947  
166.558614 0.007573  0.093694  -0.008363  0.998862  0.044224  -0.017845  0.011516  0.139439  0.990164  0.046278  -0.989243  0.138771  0.001213  -0.000923  -0.005387  -0.570637  -0.240593  0.274574  2.000000  0.999971  0.005697  0.005123  -0.005182  0.010368  0.999933  0.005643  -0.999930  0.010397  0.999972  0.005909  0.004572  -0.005848  0.999895  -0.013243  -0.004650  0.013216  0.999902  1.000000  0.000073  0.000058  -0.000073  1.000000  -0.000165  -0.000058  0.000165  1.000000  0.999971  0.005697  0.005123  -0.005182  0.010368  0.999933  0.005643  -0.999930  0.010397  0.000169  0.015194  
166.559618 0.007574  0.093694  -0.008367  0.998852  0.044503  -0.017716  0.011310  0.140273  0.990048  0.046545  -0.989112  0.139609  0.001115  -0.000889  -0.005287  -0.587828  -0.235547  0.276109  2.000000  0.999968  0.005992  0.005357  -0.005423  0.011032  0.999924  0.005932  -0.999921  0.011064  0.999972  0.005809  0.004790  -0.005745  0.999896  -0.013233  -0.004867  0.013206  0.999901  1.000000  0.000072  0.000060  -0.000072  1.000000  -0.000165  -0.000060  0.000165  1.000000  0.999968  0.005992  0.005357  -0.005423  0.011032  0.999924  0.005932  -0.999921  0.011064  0.000171  0.015214  
166.560867 0.007573  0.093692  -0.008373  0.998844  0.044808  -0.017389  0.010899  0.141218  0.989918  0.046812  -0.988964  0.140567  0.000960  -0.000891  -0.005280  -0.603455  -0.233545  0.274136  2.000000  0.999964  0.006360  0.005656  -0.005731  0.011871  0.999913  0.006292  -0.999909  0.011907  0.999970  0.005842  0.004988  -0.005775  0.999893  -0.013466  -0.005066  0.013437  0.999897  1.000000  0.000073  0.000063  -0.000073  1.000000  -0.000168  -0.000063  0.000168  1.000000  0.999964  0.006360  0.005656  -0.005731  0.011871  0.999913  0.006292  -0.999909  0.011907  0.000175  0.015491  
166.562121 0.007573  0.093691  -0.008380  0.998842  0.044982  -0.017044  0.010488  0.142162  0.989788  0.046946  -0.988821  0.141526  0.000815  -0.000847  -0.005271  -0.620179  -0.235680  0.271930  2.000000  0.999960  0.006723  0.005952  -0.006038  0.012725  0.999901  0.006646  -0.999896  0.012765  0.999972  0.005686  0.004797  -0.005619  0.999888  -0.013836  -0.004875  0.013809  0.999893  1.000000  0.000071  0.000060  -0.000071  1.000000  -0.000173  -0.000060  0.000173  1.000000  0.999960  0.006723  0.005952  -0.006038  0.012725  0.999901  0.006646  -0.999896  0.012765  0.000179  0.015698  
166.563368 0.007573  0.093690  -0.008386  0.998832  0.045260  -0.016922  0.010282  0.143116  0.989653  0.047213  -0.988671  0.142483  0.000703  -0.000801  -0.005312  -0.636459  -0.235496  0.272120  2.000000  0.999956  0.007013  0.006197  -0.006290  0.013425  0.999890  0.006929  -0.999885  0.013468  0.999971  0.005720  0.004995  -0.005649  0.999883  -0.014190  -0.005076  0.014161  0.999887  1.000000  0.000071  0.000063  -0.000071  1.000000  -0.000177  -0.000063  0.000177  1.000000  0.999956  0.007013  0.006197  -0.006290  0.013425  0.999890  0.006929  -0.999885  0.013468  0.000182  0.016082  
166.564616 0.007574  0.093689  -0.008392  0.998823  0.045567  -0.016597  0.009871  0.144060  0.989520  0.047481  -0.988519  0.143441  0.000610  -0.000805  -0.005340  -0.648646  -0.235289  0.272317  2.000000  0.999952  0.007370  0.006500  -0.006605  0.014318  0.999876  0.007276  -0.999870  0.014366  0.999972  0.005592  0.005009  -0.005520  0.999881  -0.014430  -0.005089  0.014402  0.999883  1.000000  0.000069  0.000063  -0.000069  1.000000  -0.000180  -0.000063  0.000180  1.000000  0.999952  0.007370  0.006500  -0.006605  0.014318  0.999876  0.007276  -0.999870  0.014366  0.000185  0.016255  
166.565622 0.007575  0.093688  -0.008398  0.998815  0.045877  -0.016267  0.009459  0.144884  0.989403  0.047748  -0.988385  0.144278  0.000526  -0.000832  -0.005352  -0.660284  -0.241876  0.273315  2.000000  0.999948  0.007649  0.006745  -0.006859  0.015044  0.999863  0.007546  -0.999858  0.015096  0.999972  0.005464  0.005024  -0.005389  0.999878  -0.014672  -0.005103  0.014644  0.999880  1.000000  0.000068  0.000063  -0.000068  1.000000  -0.000183  -0.000063  0.000183  1.000000  0.999948  0.007649  0.006745  -0.006859  0.015044  0.999863  0.007546  -0.999858  0.015096  0.000187  0.016431  
166.566864 0.007575  0.093687  -0.008404  0.998806  0.046186  -0.015943  0.009048  0.145827  0.989269  0.048015  -0.988231  0.145235  0.000509  -0.000795  -0.005276  -0.671119  -0.239746  0.271310  2.000000  0.999943  0.007996  0.007056  -0.007183  0.015964  0.999847  0.007883  -0.999841  0.016020  0.999973  0.005337  0.005037  -0.005262  0.999877  -0.014791  -0.005115  0.014764  0.999878  1.000000  0.000066  0.000063  -0.000066  1.000000  -0.000185  -0.000063  0.000185  1.000000  0.999943  0.007996  0.007056  -0.007183  0.015964  0.999847  0.007883  -0.999841  0.016020  0.000190  0.016500  
166.568114 0.007576  0.093686  -0.008410  0.998796  0.046495  -0.015620  0.008636  0.146771  0.989133  0.048283  -0.988077  0.146192  0.000471  -0.000785  -0.005175  -0.684911  -0.241551  0.273823  2.000000  0.999938  0.008337  0.007373  -0.007513  0.016886  0.999829  0.008211  -0.999823  0.016947  0.999973  0.005342  0.005032  -0.005267  0.999877  -0.014788  -0.005110  0.014761  0.999878  1.000000  0.000066  0.000063  -0.000066  1.000000  -0.000185  -0.000063  0.000185  1.000000  0.999938  0.008337  0.007373  -0.007513  0.016886  0.999829  0.008211  -0.999823  0.016947  0.000193  0.016498  
166.569120 0.007578  0.093685  -0.008414  0.998785  0.046779  -0.015489  0.008431  0.147483  0.989029  0.048550  -0.987958  0.146909  0.000534  -0.000716  -0.004994  -0.688702  -0.241290  0.273899  2.000000  0.999934  0.008606  0.007626  -0.007777  0.017625  0.999814  0.008470  -0.999808  0.017691  0.999972  0.005243  0.005251  -0.005164  0.999876  -0.014899  -0.005328  0.014872  0.999875  1.000000  0.000065  0.000066  -0.000065  1.000000  -0.000186  -0.000066  0.000186  1.000000  0.999934  0.008606  0.007626  -0.007777  0.017625  0.999814  0.008470  -0.999808  0.017691  0.000195  0.016633  
166.570360 0.007581  0.093686  -0.008419  0.998776  0.047087  -0.015173  0.008019  0.148545  0.988873  0.048817  -0.987784  0.147986  0.000608  -0.000644  -0.004761  -0.698952  -0.245906  0.272842  2.000000  0.999928  0.008944  0.007942  -0.008107  0.018557  0.999795  0.008795  -0.999788  0.018629  0.999972  0.005248  0.005246  -0.005169  0.999874  -0.015019  -0.005324  0.014991  0.999873  1.000000  0.000065  0.000066  -0.000065  1.000000  -0.000188  -0.000066  0.000188  1.000000  0.999928  0.008944  0.007942  -0.008107  0.018557  0.999795  0.008795  -0.999788  0.018629  0.000197  0.016740  
166.571363 0.007582  0.093685  -0.008423  0.998772  0.047268  -0.014826  0.007608  0.149367  0.988753  0.048951  -0.987651  0.148824  0.000637  -0.000709  -0.004686  -0.708468  -0.255200  0.271807  2.000000  0.999925  0.009149  0.008137  -0.008311  0.019129  0.999782  0.008992  -0.999775  0.019203  0.999971  0.005415  0.005425  -0.005332  0.999868  -0.015373  -0.005507  0.015344  0.999867  1.000000  0.000067  0.000068  -0.000067  1.000000  -0.000192  -0.000068  0.000192  1.000000  0.999925  0.009149  0.008137  -0.008311  0.019129  0.999782  0.008992  -0.999775  0.019203  0.000199  0.017166  
166.572613 0.007584  0.093684  -0.008428  0.998762  0.047580  -0.014505  0.007197  0.150308  0.988613  0.049218  -0.987494  0.149780  0.000745  -0.000754  -0.004642  -0.716723  -0.255662  0.267643  2.000000  0.999919  0.009492  0.008467  -0.008656  0.020098  0.999761  0.009319  -0.999753  0.020178  0.999971  0.005421  0.005419  -0.005336  0.999864  -0.015614  -0.005503  0.015584  0.999863  1.000000  0.000067  0.000068  -0.000067  1.000000  -0.000195  -0.000068  0.000195  1.000000  0.999919  0.009492  0.008467  -0.008656  0.020098  0.999761  0.009319  -0.999753  0.020178  0.000202  0.017381  
166.573862 0.007586  0.093682  -0.008432  0.998752  0.047890  -0.014190  0.006785  0.151370  0.988454  0.049485  -0.987316  0.150856  0.000811  -0.000822  -0.004582  -0.726431  -0.260055  0.266550  2.000000  0.999913  0.009835  0.008804  -0.009009  0.021072  0.999737  0.009647  -0.999730  0.021159  0.999969  0.005458  0.005617  -0.005369  0.999862  -0.015724  -0.005702  0.015694  0.999861  1.000000  0.000068  0.000071  -0.000068  1.000000  -0.000196  -0.000071  0.000196  1.000000  0.999913  0.009835  0.008804  -0.009009  0.021072  0.999737  0.009647  -0.999730  0.021159  0.000203  0.017554  
166.574863 0.007587  0.093681  -0.008437  0.998741  0.048207  -0.013858  0.006374  0.152071  0.988349  0.049753  -0.987193  0.151572  0.000920  -0.000867  -0.004537  -0.729978  -0.266625  0.267651  2.000000  0.999908  0.010107  0.009072  -0.009291  0.021857  0.999718  0.009906  -0.999710  0.021949  0.999971  0.005299  0.005429  -0.005212  0.999861  -0.015853  -0.005512  0.015824  0.999860  1.000000  0.000066  0.000068  -0.000066  1.000000  -0.000198  -0.000068  0.000198  1.000000  0.999908  0.010107  0.009072  -0.009291  0.021857  0.999718  0.009906  -0.999710  0.021949  0.000206  0.017563  
166.575870 0.007588  0.093679  -0.008441  0.998736  0.048359  -0.013716  0.006168  0.152901  0.988222  0.049886  -0.987058  0.152410  0.000999  -0.000893  -0.004472  -0.738725  -0.260414  0.262603  2.000000  0.999902  0.010378  0.009345  -0.009578  0.022647  0.999698  0.010164  -0.999690  0.022745  0.999970  0.005334  0.005628  -0.005244  0.999861  -0.015842  -0.005712  0.015812  0.999859  1.000000  0.000066  0.000071  -0.000066  1.000000  -0.000198  -0.000071  0.000198  1.000000  0.999902  0.010378  0.009345  -0.009578  0.022647  0.999698  0.010164  -0.999690  0.022745  0.000207  0.017626  
166.577119 0.007589  0.093677  -0.008446  0.998718  0.048805  -0.013418  0.005757  0.153842  0.988079  0.050287  -0.986889  0.153364  0.001107  -0.000905  -0.004430  -0.745955  -0.266824  0.263651  2.000000  0.999896  0.010713  0.009684  -0.009935  0.023630  0.999671  0.010481  -0.999663  0.023734  0.999971  0.005208  0.005643  -0.005118  0.999861  -0.015840  -0.005725  0.015810  0.999859  1.000000  0.000065  0.000071  -0.000065  1.000000  -0.000198  -0.000071  0.000198  1.000000  0.999896  0.010713  0.009684  -0.009935  0.023630  0.999671  0.010481  -0.999663  0.023734  0.000209  0.017591  
166.578119 0.007590  0.093675  -0.008450  0.998707  0.049121  -0.013094  0.005346  0.154663  0.987953  0.050554  -0.986745  0.154200  0.001154  -0.000980  -0.004336  -0.752011  -0.268790  0.266047  2.000000  0.999890  0.010984  0.009959  -0.010225  0.024422  0.999649  0.010737  -0.999641  0.024531  0.999969  0.005377  0.005821  -0.005283  0.999859  -0.015951  -0.005906  0.015920  0.999856  1.000000  0.000067  0.000073  -0.000067  1.000000  -0.000199  -0.000073  0.000199  1.000000  0.999890  0.010984  0.009959  -0.010225  0.024422  0.999649  0.010737  -0.999641  0.024531  0.000211  0.017798  
166.579366 0.007591  0.093674  -0.008454  0.998696  0.049435  -0.012782  0.004935  0.155722  0.987789  0.050822  -0.986563  0.155275  0.001183  -0.000984  -0.004224  -0.761661  -0.273159  0.265096  2.000000  0.999884  0.011261  0.010237  -0.010519  0.025222  0.999627  0.010999  -0.999618  0.025337  0.999969  0.005483  0.005592  -0.005391  0.999854  -0.016201  -0.005680  0.016170  0.999853  1.000000  0.000068  0.000070  -0.000068  1.000000  -0.000202  -0.000070  0.000202  1.000000  0.999884  0.011261  0.010237  -0.010519  0.025222  0.999627  0.010999  -0.999618  0.025337  0.000212  0.017981  
166.580617 0.007592  0.093673  -0.008459  0.998677  0.049881  -0.012492  0.004523  0.156782  0.987623  0.051222  -0.986373  0.156349  0.001194  -0.000995  -0.004080  -0.769713  -0.272275  0.269798  2.000000  0.999877  0.011612  0.010588  -0.010890  0.026227  0.999597  0.011329  -0.999589  0.026350  0.999969  0.005489  0.005586  -0.005398  0.999854  -0.016199  -0.005674  0.016169  0.999853  1.000000  0.000068  0.000070  -0.000068  1.000000  -0.000202  -0.000070  0.000202  1.000000  0.999877  0.011612  0.010588  -0.010890  0.026227  0.999597  0.011329  -0.999589  0.026350  0.000214  0.017980  
166.581867 0.007594  0.093672  -0.008464  0.998664  0.050166  -0.012380  0.004318  0.157731  0.987473  0.051490  -0.986207  0.157304  0.001265  -0.000938  -0.003933  -0.776239  -0.267390  0.271255  2.000000  0.999869  0.011964  0.010938  -0.011261  0.027240  0.999565  0.011661  -0.999557  0.027371  0.999968  0.005527  0.005783  -0.005432  0.999852  -0.016309  -0.005872  0.016277  0.999850  1.000000  0.000069  0.000073  -0.000068  1.000000  -0.000204  -0.000073  0.000204  1.000000  0.999869  0.011964  0.010938  -0.011261  0.027240  0.999565  0.011661  -0.999557  0.027371  0.000217  0.018152  
166.583118 0.007596  0.093672  -0.008468  0.998652  0.050481  -0.012070  0.003906  0.158789  0.987305  0.051757  -0.986021  0.158378  0.001291  -0.000931  -0.003864  -0.781802  -0.271803  0.270351  2.000000  0.999860  0.012325  0.011289  -0.011633  0.028254  0.999533  0.012000  -0.999525  0.028393  0.999967  0.005665  0.005756  -0.005571  0.999853  -0.016186  -0.005847  0.016154  0.999852  1.000000  0.000070  0.000073  -0.000070  1.000000  -0.000202  -0.000073  0.000202  1.000000  0.999860  0.012325  0.011289  -0.011633  0.028254  0.999533  0.012000  -0.999525  0.028393  0.000217  0.018075  
166.584366 0.007598  0.093672  -0.008473  0.998640  0.050798  -0.011761  0.003495  0.159847  0.987136  0.052024  -0.985834  0.159452  0.001292  -0.000931  -0.003866  -0.788318  -0.267514  0.267352  2.000000  0.999852  0.012682  0.011634  -0.012001  0.029263  0.999500  0.012335  -0.999491  0.029411  0.999967  0.005671  0.005750  -0.005577  0.999852  -0.016306  -0.005841  0.016273  0.999851  1.000000  0.000070  0.000072  -0.000070  1.000000  -0.000204  -0.000072  0.000204  1.000000  0.999852  0.012682  0.011634  -0.012001  0.029263  0.999500  0.012335  -0.999491  0.029411  0.000219  0.018182  
166.585611 0.007599  0.093671  -0.008478  0.998627  0.051115  -0.011453  0.003084  0.160905  0.986965  0.052291  -0.985645  0.160526  0.001210  -0.000961  -0.003887  -0.793617  -0.271871  0.266437  2.000000  0.999843  0.013045  0.011978  -0.012368  0.030280  0.999465  0.012676  -0.999456  0.030436  0.999969  0.005644  0.005541  -0.005553  0.999852  -0.016314  -0.005632  0.016282  0.999852  1.000000  0.000070  0.000070  -0.000070  1.000000  -0.000204  -0.000070  0.000204  1.000000  0.999843  0.013045  0.011978  -0.012368  0.030280  0.999465  0.012676  -0.999456  0.030436  0.000220  0.018117  
166.586615 0.007600  0.093670  -0.008482  0.998614  0.051402  -0.011337  0.002878  0.161733  0.986830  0.052559  -0.985495  0.161361  0.001174  -0.000954  -0.003918  -0.797562  -0.271651  0.266645  2.000000  0.999836  0.013336  0.012251  -0.012661  0.031097  0.999436  0.012948  -0.999427  0.031260  0.999967  0.005683  0.005738  -0.005588  0.999850  -0.016423  -0.005830  0.016391  0.999849  1.000000  0.000070  0.000072  -0.000070  1.000000  -0.000205  -0.000072  0.000205  1.000000  0.999836  0.013336  0.012251  -0.012661  0.031097  0.999436  0.012948  -0.999427  0.031260  0.000222  0.018288  
166.587863 0.007601  0.093668  -0.008488  0.998594  0.051852  -0.011052  0.002467  0.162790  0.986658  0.052959  -0.985297  0.162433  0.001061  -0.001009  -0.003955  -0.804090  -0.272934  0.273607  2.000000  0.999829  0.013632  0.012520  -0.012950  0.031924  0.999406  0.013224  -0.999397  0.032095  0.999968  0.005787  0.005508  -0.005695  0.999845  -0.016675  -0.005603  0.016643  0.999846  1.000000  0.000072  0.000069  -0.000072  1.000000  -0.000208  -0.000069  0.000208  1.000000  0.999829  0.013632  0.012520  -0.012950  0.031924  0.999406  0.013224  -0.999397  0.032095  0.000222  0.018476  
166.589114 0.007601  0.093666  -0.008494  0.998573  0.052271  -0.010965  0.002261  0.163737  0.986501  0.053360  -0.985118  0.163385  0.001017  -0.001002  -0.004027  -0.801412  -0.269760  0.276010  2.000000  0.999819  0.014006  0.012853  -0.013309  0.032964  0.999368  0.013573  -0.999358  0.033144  0.999967  0.005925  0.005480  -0.005832  0.999842  -0.016794  -0.005578  0.016762  0.999844  1.000000  0.000073  0.000069  -0.000073  1.000000  -0.000210  -0.000069  0.000210  1.000000  0.999819  0.014006  0.012853  -0.013309  0.032964  0.999368  0.013573  -0.999358  0.033144  0.000223  0.018619  
166.590114 0.007602  0.093665  -0.008498  0.998559  0.052559  -0.010850  0.002056  0.164565  0.986364  0.053628  -0.984965  0.164219  0.000974  -0.000992  -0.004027  -0.805670  -0.262747  0.275161  2.000000  0.999812  0.014310  0.013109  -0.013587  0.033800  0.999336  0.013857  -0.999326  0.033988  0.999969  0.005895  0.005272  -0.005806  0.999842  -0.016802  -0.005370  0.016771  0.999845  1.000000  0.000073  0.000067  -0.000073  1.000000  -0.000210  -0.000067  0.000210  1.000000  0.999812  0.014310  0.013109  -0.013587  0.033800  0.999336  0.013857  -0.999326  0.033988  0.000222  0.018557  
166.591117 0.007602  0.093663  -0.008503  0.998545  0.052847  -0.010736  0.001850  0.165392  0.986226  0.053895  -0.984811  0.165053  0.000956  -0.001023  -0.004082  -0.805945  -0.261937  0.279908  2.000000  0.999804  0.014615  0.013363  -0.013863  0.034637  0.999304  0.014142  -0.999293  0.034832  0.999969  0.005900  0.005267  -0.005811  0.999842  -0.016801  -0.005365  0.016769  0.999845  1.000000  0.000073  0.000066  -0.000073  1.000000  -0.000210  -0.000066  0.000210  1.000000  0.999804  0.014615  0.013363  -0.013863  0.034637  0.999304  0.014142  -0.999293  0.034832  0.000223  0.018556  
