1-Time 2-Px 3-Py 4-Pz 5-R11 6-R21 7-R31 8-R12 9-R22 10-R32 11-R13 12-R23 13-R33 14-Vx 15-Vy 16-Vz 17-Wx 18-Wy 19-Wz 20-state 21-PR11 22-PR21 23-PR31 24-PR12 25-PR22 26-PR32 27-PR13 28-PR23 29-PR33 
46.636158 0.006745  0.095350  -0.004119  0.997273  0.049076  -0.055119  -0.047874  0.998590  0.022924  0.056166  -0.020223  0.998217  -0.000125  -0.000071  -0.000139  0.000000  0.000000  0.000000  2.000000  1.000000  0.000000  0.000000  -0.000000  1.000000  0.000000  0.000000  -0.000000  1.000000  1.000000  -0.000000  -0.000000  0.000000  1.000000  0.000121  0.000000  -0.000121  1.000000  1.000000  0.000000  0.000000  0.000000  1.000000  0.000000  0.000000  0.000000  1.000000  0.633887  0.420375  0.649209  -0.478155  0.872762  -0.098258  -0.607910  -0.248138  0.754236  0.000000  0.000000  
46.637160 0.006745  0.095350  -0.004119  0.997266  0.049079  -0.055252  -0.047874  0.998590  0.022931  0.056299  -0.020223  0.998209  -0.000125  -0.000071  -0.000139  0.000000  0.000000  0.000000  2.000000  1.000000  0.000000  0.000000  0.000000  1.000000  0.000000  0.000000  0.000000  1.000000  1.000000  -0.000000  -0.000000  0.000000  1.000000  0.000121  0.000000  -0.000121  1.000000  1.000000  0.000000  0.000000  0.000000  1.000000  0.000000  0.000000  0.000000  1.000000  1.000000  0.000000  0.000000  0.000000  1.000000  0.000000  0.000000  0.000000  1.000000  0.000000  0.000000  
46.638166 0.006746  0.095349  -0.004121  0.997256  0.049284  -0.055247  -0.048079  0.998580  0.022942  0.056299  -0.020223  0.998209  -0.000064  -0.000108  -0.000264  0.000000  0.000000  0.000000  2.000000  1.000000  0.000000  0.000000  0.000000  1.000000  0.000000  0.000000  0.000000  1.000000  1.000000  0.000003  -0.000134  -0.000003  1.000000  0.000121  0.000134  -0.000121  1.000000  1.000000  0.000000  0.000000  0.000000  1.000000  0.000000  0.000000  0.000000  1.000000  1.000000  0.000000  0.000000  0.000000  1.000000  0.000000  0.000000  0.000000  1.000000  0.000000  0.000000  
46.639413 0.006746  0.095348  -0.004123  0.997231  0.049495  -0.055509  -0.048283  0.998570  0.022967  0.056567  -0.020223  0.998194  0.000028  -0.000196  -0.000403  0.000000  0.000000  0.000000  2.000000  1.000000  0.000000  0.000000  0.000000  1.000000  0.000000  0.000000  0.000000  1.000000  1.000000  0.000419  -0.000393  -0.000419  1.000000  0.000145  0.000393  -0.000144  1.000000  1.000000  0.000000  0.000000  0.000000  1.000000  0.000000  0.000000  0.000000  1.000000  1.000000  0.000000  0.000000  0.000000  1.000000  0.000000  0.000000  0.000000  1.000000  0.000000  0.000000  
46.640417 0.006747  0.095346  -0.004125  0.997223  0.049505  -0.055637  -0.048283  0.998567  0.023094  0.056700  -0.020344  0.998184  0.000076  -0.000308  -0.000529  0.000000  0.000000  0.000000  2.000000  1.000000  0.000000  0.000000  0.000000  1.000000  0.000000  0.000000  0.000000  1.000000  1.000000  0.000422  -0.000527  -0.000422  1.000000  0.000266  0.000527  -0.000266  1.000000  1.000000  0.000000  0.000000  0.000000  1.000000  0.000000  0.000000  0.000000  1.000000  1.000000  0.000000  0.000000  0.000000  1.000000  0.000000  0.000000  0.000000  1.000000  0.000000  0.000000  
46.641667 0.006749  0.095344  -0.004128  0.997198  0.049723  -0.055893  -0.048488  0.998553  0.023240  0.056967  -0.020464  0.998166  0.000212  -0.000449  -0.000715  0.000000  0.000000  0.000000  2.000000  1.000000  0.000000  0.000000  0.000000  1.000000  0.000000  0.000000  0.000000  1.000000  1.000000  0.000630  -0.000656  -0.000630  1.000000  0.000399  0.000656  -0.000399  1.000000  1.000000  0.000000  0.000000  0.000000  1.000000  0.000000  0.000000  0.000000  1.000000  1.000000  0.000000  0.000000  0.000000  1.000000  0.000000  0.000000  0.000000  1.000000  0.000000  0.000000  
46.642668 0.006751  0.095343  -0.004129  0.997180  0.049938  -0.056015  -0.048693  0.998540  0.023379  0.057101  -0.020585  0.998156  0.000337  -0.000523  -0.000809  0.000000  0.000000  0.000000  2.000000  1.000000  0.000000  0.000000  0.000000  1.000000  0.000000  0.000000  0.000000  1.000000  0.999999  0.000841  -0.000919  -0.000841  1.000000  0.000532  0.000920  -0.000531  0.999999  1.000000  0.000000  0.000000  0.000000  1.000000  0.000000  0.000000  0.000000  1.000000  1.000000  0.000000  0.000000  0.000000  1.000000  0.000000  0.000000  0.000000  1.000000  0.000000  0.000000  
46.643669 0.006753  0.095342  -0.004131  0.997155  0.050149  -0.056277  -0.048897  0.998530  0.023403  0.057368  -0.020585  0.998141  0.000504  -0.000586  -0.000909  0.000000  0.000000  0.000000  2.000000  1.000000  0.000000  0.000000  0.000000  1.000000  0.000000  0.000000  0.000000  1.000000  0.999999  0.001050  -0.001049  -0.001049  0.999999  0.000544  0.001050  -0.000543  0.999999  1.000000  0.000000  0.000000  0.000000  1.000000  0.000000  0.000000  0.000000  1.000000  1.000000  0.000000  0.000000  0.000000  1.000000  0.000000  0.000000  0.000000  1.000000  0.000000  0.000000  
46.644671 0.006755  0.095341  -0.004133  0.997127  0.050569  -0.056395  -0.049307  0.998506  0.023554  0.057502  -0.020706  0.998131  0.000638  -0.000647  -0.001060  0.000000  0.000000  0.000000  2.000000  1.000000  0.000000  0.000000  0.000000  1.000000  0.000000  0.000000  0.000000  1.000000  0.999998  0.001466  -0.001308  -0.001465  0.999999  0.000689  0.001309  -0.000687  0.999999  1.000000  0.000000  0.000000  0.000000  1.000000  0.000000  0.000000  0.000000  1.000000  1.000000  0.000000  0.000000  0.000000  1.000000  0.000000  0.000000  0.000000  1.000000  0.000000  0.000000  
46.645915 0.006757  0.095339  -0.004135  0.997091  0.050986  -0.056652  -0.049717  0.998485  0.023591  0.057769  -0.020706  0.998115  0.000769  -0.000809  -0.001202  0.000000  0.000000  0.000000  2.000000  1.000000  0.000000  0.000000  0.000000  1.000000  0.000000  0.000000  0.000000  1.000000  0.999997  0.001880  -0.001433  -0.001879  0.999998  0.000713  0.001434  -0.000711  0.999999  1.000000  0.000000  0.000000  0.000000  1.000000  0.000000  0.000000  0.000000  1.000000  1.000000  0.000000  0.000000  0.000000  1.000000  0.000000  0.000000  0.000000  1.000000  0.000000  0.000000  
46.646919 0.006758  0.095337  -0.004138  0.997063  0.051407  -0.056769  -0.050127  0.998461  0.023742  0.057902  -0.020827  0.998105  0.000887  -0.000903  -0.001408  0.000000  0.000000  0.000000  2.000000  1.000000  0.000000  0.000000  0.000000  1.000000  0.000000  0.000000  0.000000  1.000000  0.999996  0.002091  -0.001696  -0.002090  0.999997  0.000847  0.001698  -0.000843  0.999998  1.000000  0.000000  0.000000  0.000000  1.000000  0.000000  0.000000  0.000000  1.000000  1.000000  0.000000  0.000000  0.000000  1.000000  0.000000  0.000000  0.000000  1.000000  0.000000  0.000000  
46.648165 0.006760  0.095336  -0.004143  0.997037  0.051618  -0.057031  -0.050332  0.998450  0.023767  0.058170  -0.020826  0.998089  0.001002  -0.000953  -0.001670  0.000000  0.000000  0.000000  2.000000  1.000000  0.000000  0.000000  0.000000  1.000000  0.000000  0.000000  0.000000  1.000000  0.999995  0.002508  -0.001955  -0.002506  0.999996  0.000871  0.001957  -0.000867  0.999998  1.000000  0.000000  0.000000  0.000000  1.000000  0.000000  0.000000  0.000000  1.000000  1.000000  0.000000  0.000000  0.000000  1.000000  0.000000  0.000000  0.000000  1.000000  0.000000  0.000000  
46.649414 0.006762  0.095336  -0.004148  0.996993  0.052044  -0.057415  -0.050741  0.998425  0.023932  0.058570  -0.020947  0.998064  0.001164  -0.000958  -0.001989  0.000000  0.000000  0.000000  2.000000  1.000000  0.000000  0.000000  0.000000  1.000000  0.000000  0.000000  0.000000  1.000000  0.999993  0.002928  -0.002347  -0.002925  0.999995  0.001018  0.002350  -0.001011  0.999997  1.000000  0.000000  0.000000  0.000000  1.000000  0.000000  0.000000  0.000000  1.000000  1.000000  0.000000  0.000000  0.000000  1.000000  0.000000  0.000000  0.000000  1.000000  0.000000  0.000000  
46.650667 0.006765  0.095336  -0.004152  0.996948  0.052464  -0.057805  -0.051150  0.998403  0.023976  0.058971  -0.020946  0.998040  0.001357  -0.000935  -0.002286  0.000000  0.000000  0.000000  2.000000  1.000000  0.000000  0.000000  0.000000  1.000000  0.000000  0.000000  0.000000  1.000000  0.999991  0.003344  -0.002606  -0.003341  0.999994  0.001043  0.002610  -0.001034  0.999996  1.000000  0.000000  0.000000  0.000000  1.000000  0.000000  0.000000  0.000000  1.000000  1.000000  0.000000  0.000000  0.000000  1.000000  0.000000  0.000000  0.000000  1.000000  0.000000  0.000000  
46.651915 0.006768  0.095336  -0.004158  0.996911  0.052881  -0.058062  -0.051560  0.998381  0.024014  0.059238  -0.020946  0.998024  0.001577  -0.000919  -0.002653  0.000000  0.000000  0.000000  2.000000  1.000000  0.000000  0.000000  0.000000  1.000000  0.000000  0.000000  0.000000  1.000000  0.999988  0.003764  -0.002999  -0.003760  0.999992  0.001069  0.003003  -0.001057  0.999995  1.000000  0.000000  0.000000  0.000000  1.000000  0.000000  0.000000  0.000000  1.000000  1.000000  0.000000  0.000000  0.000000  1.000000  0.000000  0.000000  0.000000  1.000000  0.000000  0.000000  
46.652916 0.006770  0.095336  -0.004163  0.996874  0.053304  -0.058313  -0.051970  0.998356  0.024173  0.059505  -0.021067  0.998006  0.001687  -0.000911  -0.002837  0.000000  0.000000  0.000000  2.000000  1.000000  0.000000  0.000000  0.000000  1.000000  0.000000  0.000000  0.000000  1.000000  0.999987  0.003975  -0.003261  -0.003971  0.999991  0.001203  0.003266  -0.001190  0.999994  1.000000  0.000000  0.000000  0.000000  1.000000  0.000000  0.000000  0.000000  1.000000  1.000000  0.000000  0.000000  0.000000  1.000000  0.000000  0.000000  0.000000  1.000000  0.000000  0.000000  
46.653918 0.006773  0.095336  -0.004167  0.996848  0.053516  -0.058574  -0.052174  0.998345  0.024199  0.059772  -0.021066  0.997990  0.001849  -0.000821  -0.002988  0.000000  0.000000  0.000000  2.000000  1.000000  0.000000  0.000000  0.000000  1.000000  0.000000  0.000000  0.000000  1.000000  0.999984  0.004392  -0.003520  -0.004388  0.999990  0.001107  0.003525  -0.001092  0.999993  1.000000  0.000000  0.000000  0.000000  1.000000  0.000000  0.000000  0.000000  1.000000  1.000000  0.000000  0.000000  0.000000  1.000000  0.000000  0.000000  0.000000  1.000000  0.000000  0.000000  
46.654925 0.006776  0.095335  -0.004170  0.996810  0.053939  -0.058824  -0.052584  0.998319  0.024358  0.060039  -0.021187  0.997971  0.002006  -0.000752  -0.003095  0.000000  0.000000  0.000000  2.000000  1.000000  0.000000  0.000000  0.000000  1.000000  0.000000  0.000000  0.000000  1.000000  0.999982  0.004603  -0.003783  -0.004599  0.999989  0.001242  0.003788  -0.001225  0.999992  1.000000  0.000000  0.000000  0.000000  1.000000  0.000000  0.000000  0.000000  1.000000  1.000000  0.000000  0.000000  0.000000  1.000000  0.000000  0.000000  0.000000  1.000000  0.000000  0.000000  
46.656166 0.006779  0.095334  -0.004175  0.996775  0.054161  -0.059213  -0.052788  0.998305  0.024512  0.060440  -0.021308  0.997944  0.002081  -0.000732  -0.003225  0.050450  0.140435  0.168732  2.000000  1.000000  0.000152  0.000057  -0.000152  1.000000  0.000031  -0.000057  -0.000031  1.000000  0.999979  0.005023  -0.004175  -0.005018  0.999987  0.001269  0.004181  -0.001248  0.999990  1.000000  0.000077  0.000028  -0.000077  1.000000  0.000016  -0.000028  -0.000016  1.000000  1.000000  0.000152  0.000057  -0.000152  1.000000  0.000031  -0.000057  -0.000031  1.000000  0.000056  0.006652  
46.657184 0.006782  0.095332  -0.004179  0.996737  0.054577  -0.059469  -0.053197  0.998282  0.024551  0.060707  -0.021307  0.997928  0.002162  -0.000698  -0.003333  0.051237  0.149011  0.182570  2.000000  1.000000  0.000468  0.000174  -0.000468  1.000000  0.000101  -0.000174  -0.000101  1.000000  0.999976  0.005235  -0.004438  -0.005228  0.999985  0.001404  0.004445  -0.001381  0.999989  1.000000  0.000081  0.000029  -0.000081  1.000000  0.000017  -0.000029  -0.000017  1.000000  1.000000  0.000468  0.000174  -0.000468  1.000000  0.000101  -0.000174  -0.000101  1.000000  0.000059  0.007002  
46.658418 0.006786  0.095330  -0.004184  0.996702  0.054799  -0.059858  -0.053401  0.998267  0.024706  0.061108  -0.021428  0.997901  0.002244  -0.000798  -0.003576  0.055780  0.162417  0.189856  2.000000  1.000000  0.000807  0.000298  -0.000807  1.000000  0.000176  -0.000298  -0.000176  1.000000  0.999973  0.005652  -0.004696  -0.005645  0.999983  0.001553  0.004704  -0.001526  0.999988  1.000000  0.000086  0.000032  -0.000086  1.000000  0.000019  -0.000032  -0.000019  1.000000  1.000000  0.000807  0.000298  -0.000807  1.000000  0.000176  -0.000298  -0.000176  1.000000  0.000064  0.007507  
46.659668 0.006790  0.095326  -0.004189  0.996647  0.055228  -0.060374  -0.053810  0.998241  0.024880  0.061642  -0.021548  0.997866  0.002310  -0.000952  -0.003721  0.060723  0.180103  0.204055  2.000000  0.999999  0.001166  0.000426  -0.001166  0.999999  0.000258  -0.000426  -0.000258  1.000000  0.999970  0.005867  -0.005092  -0.005858  0.999981  0.001689  0.005101  -0.001659  0.999986  1.000000  0.000092  0.000032  -0.000092  1.000000  0.000021  -0.000032  -0.000021  1.000000  0.999999  0.001166  0.000426  -0.001166  0.999999  0.000258  -0.000426  -0.000258  1.000000  0.000069  0.007946  
46.660913 0.006792  0.095322  -0.004195  0.996619  0.055447  -0.060629  -0.054014  0.998226  0.025028  0.061909  -0.021669  0.997847  0.002337  -0.001130  -0.003986  0.065251  0.188985  0.211212  2.000000  0.999999  0.001537  0.000550  -0.001537  0.999999  0.000346  -0.000550  -0.000347  1.000000  0.999969  0.005870  -0.005225  -0.005861  0.999981  0.001812  0.005235  -0.001782  0.999985  1.000000  0.000093  0.000031  -0.000093  1.000000  0.000022  -0.000031  -0.000022  1.000000  0.999999  0.001537  0.000550  -0.001537  0.999999  0.000346  -0.000550  -0.000347  1.000000  0.000073  0.008061  
46.661913 0.006794  0.095318  -0.004201  0.996603  0.055460  -0.060889  -0.054013  0.998223  0.025164  0.062176  -0.021789  0.997827  0.002368  -0.001273  -0.004166  0.069354  0.197960  0.211405  2.000000  0.999998  0.001915  0.000671  -0.001915  0.999998  0.000431  -0.000671  -0.000432  1.000000  0.999968  0.005873  -0.005358  -0.005864  0.999981  0.001693  0.005368  -0.001661  0.999984  1.000000  0.000095  0.000030  -0.000095  1.000000  0.000021  -0.000030  -0.000021  1.000000  0.999998  0.001915  0.000671  -0.001915  0.999998  0.000431  -0.000671  -0.000432  1.000000  0.000074  0.008125  
46.662926 0.006797  0.095315  -0.004206  0.996575  0.055671  -0.061150  -0.054217  0.998211  0.025191  0.062443  -0.021789  0.997811  0.002497  -0.001444  -0.004272  0.065681  0.206685  0.218396  2.000000  0.999997  0.002294  0.000789  -0.002294  0.999997  0.000518  -0.000787  -0.000519  1.000000  0.999968  0.005876  -0.005491  -0.005867  0.999981  0.001694  0.005501  -0.001662  0.999983  1.000000  0.000096  0.000029  -0.000096  1.000000  0.000021  -0.000029  -0.000021  1.000000  0.999997  0.002294  0.000789  -0.002294  0.999997  0.000518  -0.000787  -0.000519  1.000000  0.000077  0.008216  
46.664167 0.006801  0.095311  -0.004213  0.996547  0.055890  -0.061405  -0.054421  0.998196  0.025339  0.062710  -0.021910  0.997791  0.002616  -0.001682  -0.004417  0.070222  0.215596  0.225585  2.000000  0.999996  0.002774  0.000938  -0.002775  0.999996  0.000624  -0.000936  -0.000626  0.999999  0.999968  0.005877  -0.005491  -0.005868  0.999981  0.001696  0.005501  -0.001663  0.999983  1.000000  0.000096  0.000029  -0.000096  1.000000  0.000021  -0.000029  -0.000021  1.000000  0.999996  0.002774  0.000938  -0.002775  0.999996  0.000624  -0.000936  -0.000626  0.999999  0.000080  0.008216  
46.665413 0.006805  0.095308  -0.004219  0.996519  0.056102  -0.061666  -0.054626  0.998185  0.025366  0.062977  -0.021909  0.997774  0.002744  -0.001867  -0.004530  0.070665  0.224444  0.232681  2.000000  0.999994  0.003243  0.001076  -0.003244  0.999994  0.000725  -0.001074  -0.000728  0.999999  0.999970  0.005668  -0.005362  -0.005660  0.999983  0.001562  0.005370  -0.001532  0.999984  1.000000  0.000093  0.000028  -0.000093  1.000000  0.000019  -0.000028  -0.000019  1.000000  0.999994  0.003243  0.001076  -0.003244  0.999994  0.000725  -0.001074  -0.000728  0.999999  0.000082  0.007954  
46.666661 0.006809  0.095305  -0.004225  0.996510  0.056112  -0.061793  -0.054625  0.998181  0.025495  0.063111  -0.022030  0.997763  0.002813  -0.002067  -0.004581  0.074778  0.228992  0.232857  2.000000  0.999992  0.003701  0.001198  -0.003702  0.999993  0.000820  -0.001195  -0.000824  0.999999  0.999972  0.005257  -0.005371  -0.005249  0.999985  0.001538  0.005379  -0.001510  0.999984  1.000000  0.000091  0.000023  -0.000091  1.000000  0.000019  -0.000023  -0.000019  1.000000  0.999992  0.003701  0.001198  -0.003702  0.999993  0.000820  -0.001195  -0.000824  0.999999  0.000083  0.007669  
46.667665 0.006812  0.095303  -0.004231  0.996502  0.056115  -0.061926  -0.054625  0.998181  0.025502  0.063245  -0.022030  0.997755  0.002842  -0.002198  -0.004614  0.074803  0.228975  0.232838  2.000000  0.999991  0.003970  0.001261  -0.003971  0.999992  0.000879  -0.001257  -0.000884  0.999999  0.999973  0.005053  -0.005375  -0.005044  0.999986  0.001525  0.005382  -0.001498  0.999984  1.000000  0.000090  0.000021  -0.000090  1.000000  0.000019  -0.000021  -0.000019  1.000000  0.999991  0.003970  0.001261  -0.003971  0.999992  0.000879  -0.001257  -0.000884  0.999999  0.000084  0.007530  
46.668913 0.006817  0.095301  -0.004236  0.996485  0.056121  -0.062193  -0.054624  0.998181  0.025517  0.063512  -0.022030  0.997738  0.002890  -0.002291  -0.004622  0.074037  0.229280  0.219035  2.000000  0.999989  0.004406  0.001350  -0.004407  0.999990  0.000972  -0.001346  -0.000978  0.999999  0.999975  0.004639  -0.005250  -0.004631  0.999988  0.001500  0.005257  -0.001476  0.999985  1.000000  0.000086  0.000017  -0.000086  1.000000  0.000019  -0.000017  -0.000019  1.000000  0.999989  0.004406  0.001350  -0.004407  0.999990  0.000972  -0.001346  -0.000978  0.999999  0.000082  0.007162  
46.670164 0.006820  0.095299  -0.004242  0.996477  0.056124  -0.062326  -0.054623  0.998181  0.025524  0.063645  -0.022030  0.997729  0.002915  -0.002405  -0.004672  0.069420  0.227405  0.217268  2.000000  0.999987  0.004823  0.001423  -0.004825  0.999988  0.001064  -0.001418  -0.001071  0.999998  0.999978  0.004225  -0.005126  -0.004217  0.999990  0.001475  0.005132  -0.001453  0.999986  1.000000  0.000082  0.000014  -0.000082  1.000000  0.000018  -0.000014  -0.000018  1.000000  0.999987  0.004823  0.001423  -0.004825  0.999988  0.001064  -0.001418  -0.001071  0.999998  0.000081  0.006802  
46.671415 0.006823  0.095296  -0.004247  0.996468  0.056127  -0.062459  -0.054623  0.998181  0.025531  0.063779  -0.022029  0.997721  0.002876  -0.002482  -0.004750  0.065540  0.224918  0.212070  2.000000  0.999987  0.004983  0.001447  -0.004985  0.999987  0.001098  -0.001441  -0.001106  0.999998  0.999980  0.003811  -0.005001  -0.003804  0.999992  0.001328  0.005006  -0.001309  0.999987  1.000000  0.000078  0.000010  -0.000078  1.000000  0.000016  -0.000010  -0.000016  1.000000  0.999987  0.004983  0.001447  -0.004985  0.999987  0.001098  -0.001441  -0.001106  0.999998  0.000079  0.006424  
46.672663 0.006826  0.095293  -0.004252  0.996479  0.055921  -0.062465  -0.054418  0.998192  0.025518  0.063779  -0.022029  0.997721  0.002814  -0.002537  -0.004788  0.060143  0.218893  0.196549  2.000000  0.999987  0.004983  0.001447  -0.004985  0.999987  0.001098  -0.001441  -0.001106  0.999998  0.999984  0.003185  -0.004613  -0.003179  0.999994  0.001289  0.004618  -0.001274  0.999989  1.000000  0.000000  0.000000  0.000000  1.000000  0.000000  0.000000  0.000000  1.000000  0.999987  0.004983  0.001447  -0.004985  0.999987  0.001098  -0.001441  -0.001106  0.999998  0.000075  0.000000  
46.673667 0.006827  0.095289  -0.004257  0.996479  0.055929  -0.062458  -0.054418  0.998189  0.025639  0.063779  -0.022150  0.997718  0.002691  -0.002660  -0.004860  0.063791  0.210090  0.189503  2.000000  0.999987  0.004983  0.001447  -0.004985  0.999987  0.001098  -0.001441  -0.001106  0.999998  0.999987  0.002769  -0.004355  -0.002763  0.999995  0.001262  0.004358  -0.001250  0.999990  1.000000  0.000000  0.000000  0.000000  1.000000  0.000000  0.000000  0.000000  1.000000  0.999987  0.004983  0.001447  -0.004985  0.999987  0.001098  -0.001441  -0.001106  0.999998  0.000073  0.000000  
46.674673 0.006829  0.095286  -0.004262  0.996471  0.055932  -0.062591  -0.054417  0.998189  0.025647  0.063912  -0.022150  0.997710  0.002639  -0.002652  -0.004891  0.058994  0.212216  0.170330  2.000000  0.999987  0.004983  0.001447  -0.004985  0.999987  0.001098  -0.001441  -0.001106  0.999998  0.999988  0.002560  -0.004226  -0.002555  0.999996  0.001250  0.004229  -0.001239  0.999990  1.000000  0.000000  0.000000  0.000000  1.000000  0.000000  0.000000  0.000000  1.000000  0.999987  0.004983  0.001447  -0.004985  0.999987  0.001098  -0.001441  -0.001106  0.999998  0.000071  0.000000  
46.675920 0.006830  0.095282  -0.004268  0.996482  0.055726  -0.062596  -0.054212  0.998200  0.025634  0.063912  -0.022150  0.997710  0.002573  -0.002659  -0.004819  0.054103  0.203529  0.156352  2.000000  0.999987  0.004983  0.001447  -0.004985  0.999987  0.001098  -0.001441  -0.001106  0.999998  0.999990  0.001938  -0.003972  -0.001934  0.999998  0.001089  0.003974  -0.001081  0.999992  1.000000  0.000000  0.000000  0.000000  1.000000  0.000000  0.000000  0.000000  1.000000  0.999987  0.004983  0.001447  -0.004985  0.999987  0.001098  -0.001441  -0.001106  0.999998  0.000066  0.000000  
46.677165 0.006832  0.095278  -0.004272  0.996482  0.055726  -0.062596  -0.054212  0.998200  0.025634  0.063912  -0.022150  0.997710  0.002492  -0.002607  -0.004641  0.052847  0.193253  0.141192  2.000000  0.999987  0.004983  0.001447  -0.004985  0.999987  0.001098  -0.001441  -0.001106  0.999998  0.999993  0.001515  -0.003446  -0.001512  0.999998  0.001063  0.003448  -0.001057  0.999993  1.000000  0.000000  0.000000  0.000000  1.000000  0.000000  0.000000  0.000000  1.000000  0.999987  0.004983  0.001447  -0.004985  0.999987  0.001098  -0.001441  -0.001106  0.999998  0.000062  0.000000  
46.678170 0.006834  0.095276  -0.004275  0.996493  0.055521  -0.062602  -0.054007  0.998212  0.025621  0.063912  -0.022150  0.997710  0.002405  -0.002531  -0.004520  0.052029  0.186287  0.121439  2.000000  0.999987  0.004983  0.001447  -0.004985  0.999987  0.001098  -0.001441  -0.001106  0.999998  0.999994  0.001304  -0.003183  -0.001301  0.999999  0.000928  0.003184  -0.000924  0.999995  1.000000  0.000000  0.000000  0.000000  1.000000  0.000000  0.000000  0.000000  1.000000  0.999987  0.004983  0.001447  -0.004985  0.999987  0.001098  -0.001441  -0.001106  0.999998  0.000059  0.000000  
46.679415 0.006836  0.095272  -0.004280  0.996493  0.055528  -0.062595  -0.054007  0.998209  0.025742  0.063912  -0.022271  0.997707  0.002306  -0.002532  -0.004358  0.051201  0.173074  0.107353  2.000000  0.999987  0.004983  0.001447  -0.004985  0.999987  0.001098  -0.001441  -0.001106  0.999998  0.999996  0.000679  -0.002795  -0.000677  0.999999  0.000889  0.002796  -0.000887  0.999996  1.000000  0.000000  0.000000  0.000000  1.000000  0.000000  0.000000  0.000000  1.000000  0.999987  0.004983  0.001447  -0.004985  0.999987  0.001098  -0.001441  -0.001106  0.999998  0.000054  0.000000  
46.680419 0.006838  0.095270  -0.004284  0.996493  0.055528  -0.062595  -0.054007  0.998209  0.025742  0.063912  -0.022271  0.997707  0.002187  -0.002564  -0.004288  0.000000  0.000000  0.000000  2.000000  0.999987  0.004983  0.001447  -0.004985  0.999987  0.001098  -0.001441  -0.001106  0.999998  0.999997  0.000256  -0.002269  -0.000255  1.000000  0.000741  0.002270  -0.000740  0.999997  1.000000  0.000000  0.000000  0.000000  1.000000  0.000000  0.000000  0.000000  1.000000  0.999987  0.004983  0.001447  -0.004985  0.999987  0.001098  -0.001441  -0.001106  0.999998  0.000051  0.000000  
46.681420 0.006840  0.095267  -0.004288  0.996513  0.055320  -0.062467  -0.053802  0.998220  0.025722  0.063779  -0.022271  0.997716  0.002078  -0.002587  -0.004238  0.000000  0.000000  0.000000  2.000000  0.999987  0.004983  0.001447  -0.004985  0.999987  0.001098  -0.001441  -0.001106  0.999998  0.999998  -0.000164  -0.001877  0.000165  1.000000  0.000593  0.001877  -0.000594  0.999998  1.000000  0.000000  0.000000  0.000000  1.000000  0.000000  0.000000  0.000000  1.000000  0.999987  0.004983  0.001447  -0.004985  0.999987  0.001098  -0.001441  -0.001106  0.999998  0.000000  0.000000  
46.682715 0.006842  0.095264  -0.004293  0.996513  0.055320  -0.062467  -0.053802  0.998220  0.025722  0.063779  -0.022271  0.997716  0.001928  -0.002652  -0.004153  0.000000  0.000000  0.000000  2.000000  0.999987  0.004983  0.001447  -0.004985  0.999987  0.001098  -0.001441  -0.001106  0.999998  0.999999  -0.000173  -0.001476  0.000173  1.000000  0.000472  0.001476  -0.000472  0.999999  1.000000  0.000000  0.000000  0.000000  1.000000  0.000000  0.000000  0.000000  1.000000  0.999987  0.004983  0.001447  -0.004985  0.999987  0.001098  -0.001441  -0.001106  0.999998  0.000000  0.000000  
46.683913 0.006844  0.095260  -0.004299  0.996521  0.055317  -0.062334  -0.053803  0.998220  0.025715  0.063645  -0.022272  0.997724  0.001792  -0.002753  -0.004171  0.000000  0.000000  0.000000  2.000000  0.999987  0.004983  0.001447  -0.004985  0.999987  0.001098  -0.001441  -0.001106  0.999998  0.999999  -0.000387  -0.001079  0.000387  1.000000  0.000459  0.001079  -0.000459  0.999999  1.000000  0.000000  0.000000  0.000000  1.000000  0.000000  0.000000  0.000000  1.000000  0.999987  0.004983  0.001447  -0.004985  0.999987  0.001098  -0.001441  -0.001106  0.999998  0.000000  0.000000  
46.684914 0.006845  0.095257  -0.004303  0.996521  0.055317  -0.062334  -0.053803  0.998220  0.025715  0.063645  -0.022272  0.997724  0.001670  -0.002849  -0.004180  0.000000  0.000000  0.000000  2.000000  0.999987  0.004983  0.001447  -0.004985  0.999987  0.001098  -0.001441  -0.001106  0.999998  0.999999  -0.000595  -0.000950  0.000596  1.000000  0.000325  0.000950  -0.000325  0.999999  1.000000  0.000000  0.000000  0.000000  1.000000  0.000000  0.000000  0.000000  1.000000  0.999987  0.004983  0.001447  -0.004985  0.999987  0.001098  -0.001441  -0.001106  0.999998  0.000000  0.000000  
46.686164 0.006846  0.095254  -0.004309  0.996530  0.055314  -0.062200  -0.053803  0.998221  0.025708  0.063512  -0.022272  0.997733  0.001587  -0.002880  -0.004199  0.000000  0.000000  0.000000  2.000000  0.999987  0.004983  0.001447  -0.004985  0.999987  0.001098  -0.001441  -0.001106  0.999998  1.000000  -0.000810  -0.000553  0.000810  1.000000  0.000312  0.000553  -0.000312  1.000000  1.000000  0.000000  0.000000  0.000000  1.000000  0.000000  0.000000  0.000000  1.000000  0.999987  0.004983  0.001447  -0.004985  0.999987  0.001098  -0.001441  -0.001106  0.999998  0.000000  0.000000  
46.687414 0.006847  0.095250  -0.004315  0.996549  0.055113  -0.062066  -0.053599  0.998229  0.025809  0.063378  -0.022393  0.997738  0.001466  -0.002915  -0.004248  0.000000  0.000000  0.000000  2.000000  0.999987  0.004983  0.001447  -0.004985  0.999987  0.001098  -0.001441  -0.001106  0.999998  0.999999  -0.001018  -0.000424  0.001018  0.999999  0.000299  0.000424  -0.000299  1.000000  1.000000  0.000000  0.000000  0.000000  1.000000  0.000000  0.000000  0.000000  1.000000  0.999987  0.004983  0.001447  -0.004985  0.999987  0.001098  -0.001441  -0.001106  0.999998  0.000000  0.000000  
46.688667 0.006848  0.095247  -0.004321  0.996549  0.055113  -0.062066  -0.053599  0.998229  0.025809  0.063378  -0.022393  0.997738  0.001372  -0.002867  -0.004205  0.000000  0.000000  0.000000  2.000000  0.999987  0.004983  0.001447  -0.004985  0.999987  0.001098  -0.001441  -0.001106  0.999998  0.999999  -0.001027  -0.000023  0.001027  0.999999  0.000299  0.000023  -0.000299  1.000000  1.000000  0.000000  0.000000  0.000000  1.000000  0.000000  0.000000  0.000000  1.000000  0.999987  0.004983  0.001447  -0.004985  0.999987  0.001098  -0.001441  -0.001106  0.999998  0.000000  0.000000  
46.689667 0.006849  0.095244  -0.004325  0.996558  0.055110  -0.061932  -0.053599  0.998229  0.025801  0.063245  -0.022393  0.997747  0.001352  -0.002797  -0.004175  0.000000  0.000000  0.000000  2.000000  0.999987  0.004983  0.001447  -0.004985  0.999987  0.001098  -0.001441  -0.001106  0.999998  0.999999  -0.001033  0.000245  0.001033  0.999999  0.000299  -0.000245  -0.000299  1.000000  1.000000  0.000000  0.000000  0.000000  1.000000  0.000000  0.000000  0.000000  1.000000  0.999987  0.004983  0.001447  -0.004985  0.999987  0.001098  -0.001441  -0.001106  0.999998  0.000000  0.000000  
46.690673 0.006850  0.095242  -0.004328  0.996558  0.055110  -0.061932  -0.053599  0.998229  0.025801  0.063245  -0.022393  0.997747  0.001348  -0.002677  -0.004106  0.000000  0.000000  0.000000  2.000000  0.999987  0.004983  0.001447  -0.004985  0.999987  0.001098  -0.001441  -0.001106  0.999998  0.999999  -0.001036  0.000378  0.001036  0.999999  0.000299  -0.000379  -0.000298  1.000000  1.000000  0.000000  0.000000  0.000000  1.000000  0.000000  0.000000  0.000000  1.000000  0.999987  0.004983  0.001447  -0.004985  0.999987  0.001098  -0.001441  -0.001106  0.999998  0.000000  0.000000  
46.691680 0.006851  0.095241  -0.004332  0.996558  0.055110  -0.061932  -0.053599  0.998229  0.025801  0.063245  -0.022393  0.997747  0.001300  -0.002579  -0.004112  0.000000  0.000000  0.000000  2.000000  0.999987  0.004983  0.001447  -0.004985  0.999987  0.001098  -0.001441  -0.001106  0.999998  0.999999  -0.001036  0.000378  0.001036  0.999999  0.000299  -0.000379  -0.000298  1.000000  1.000000  0.000000  0.000000  0.000000  1.000000  0.000000  0.000000  0.000000  1.000000  0.999987  0.004983  0.001447  -0.004985  0.999987  0.001098  -0.001441  -0.001106  0.999998  0.000000  0.000000  
46.692686 0.006852  0.095239  -0.004336  0.996566  0.055107  -0.061799  -0.053599  0.998229  0.025794  0.063111  -0.022393  0.997755  0.001273  -0.002506  -0.004140  0.000000  0.000000  0.000000  2.000000  0.999987  0.004983  0.001447  -0.004985  0.999987  0.001098  -0.001441  -0.001106  0.999998  0.999999  -0.001042  0.000646  0.001042  0.999999  0.000299  -0.000646  -0.000298  1.000000  1.000000  0.000000  0.000000  0.000000  1.000000  0.000000  0.000000  0.000000  1.000000  0.999987  0.004983  0.001447  -0.004985  0.999987  0.001098  -0.001441  -0.001106  0.999998  0.000000  0.000000  
46.693914 0.006853  0.095237  -0.004341  0.996566  0.055115  -0.061792  -0.053599  0.998226  0.025915  0.063111  -0.022514  0.997753  0.001195  -0.002462  -0.004217  0.000000  0.000000  0.000000  2.000000  0.999987  0.004983  0.001447  -0.004985  0.999987  0.001098  -0.001441  -0.001106  0.999998  0.999999  -0.000837  0.000650  0.000836  1.000000  0.000433  -0.000651  -0.000433  1.000000  1.000000  0.000000  0.000000  0.000000  1.000000  0.000000  0.000000  0.000000  1.000000  0.999987  0.004983  0.001447  -0.004985  0.999987  0.001098  -0.001441  -0.001106  0.999998  0.000000  0.000000  
46.695170 0.006855  0.095235  -0.004347  0.996566  0.055115  -0.061792  -0.053599  0.998226  0.025915  0.063111  -0.022514  0.997753  0.001137  -0.002355  -0.004282  0.000000  0.000000  0.000000  2.000000  0.999987  0.004983  0.001447  -0.004985  0.999987  0.001098  -0.001441  -0.001106  0.999998  0.999999  -0.000840  0.000784  0.000839  1.000000  0.000312  -0.000784  -0.000311  1.000000  1.000000  0.000000  0.000000  0.000000  1.000000  0.000000  0.000000  0.000000  1.000000  0.999987  0.004983  0.001447  -0.004985  0.999987  0.001098  -0.001441  -0.001106  0.999998  0.000000  0.000000  
46.696413 0.006857  0.095233  -0.004352  0.996566  0.055115  -0.061792  -0.053599  0.998226  0.025915  0.063111  -0.022514  0.997753  0.001149  -0.002226  -0.004290  0.000000  0.000000  0.000000  2.000000  0.999987  0.004983  0.001447  -0.004985  0.999987  0.001098  -0.001441  -0.001106  0.999998  0.999999  -0.000634  0.000789  0.000634  1.000000  0.000325  -0.000789  -0.000324  1.000000  1.000000  0.000000  0.000000  0.000000  1.000000  0.000000  0.000000  0.000000  1.000000  0.999987  0.004983  0.001447  -0.004985  0.999987  0.001098  -0.001441  -0.001106  0.999998  0.000000  0.000000  
46.697413 0.006858  0.095232  -0.004357  0.996566  0.055115  -0.061792  -0.053599  0.998226  0.025915  0.063111  -0.022514  0.997753  0.001141  -0.002141  -0.004329  0.000000  0.000000  0.000000  2.000000  0.999987  0.004983  0.001447  -0.004985  0.999987  0.001098  -0.001441  -0.001106  0.999998  0.999999  -0.000634  0.000789  0.000634  1.000000  0.000325  -0.000789  -0.000324  1.000000  1.000000  0.000000  0.000000  0.000000  1.000000  0.000000  0.000000  0.000000  1.000000  0.999987  0.004983  0.001447  -0.004985  0.999987  0.001098  -0.001441  -0.001106  0.999998  0.000000  0.000000  
46.698415 0.006860  0.095231  -0.004362  0.996566  0.055122  -0.061786  -0.053599  0.998223  0.026036  0.063111  -0.022635  0.997750  0.001158  -0.002030  -0.004310  0.000000  0.000000  0.000000  2.000000  0.999987  0.004983  0.001447  -0.004985  0.999987  0.001098  -0.001441  -0.001106  0.999998  0.999999  -0.000634  0.000789  0.000634  1.000000  0.000446  -0.000789  -0.000446  1.000000  1.000000  0.000000  0.000000  0.000000  1.000000  0.000000  0.000000  0.000000  1.000000  0.999987  0.004983  0.001447  -0.004985  0.999987  0.001098  -0.001441  -0.001106  0.999998  0.000000  0.000000  
46.699418 0.006862  0.095229  -0.004366  0.996566  0.055122  -0.061786  -0.053599  0.998223  0.026036  0.063111  -0.022635  0.997750  0.001155  -0.001958  -0.004323  0.000000  0.000000  0.000000  2.000000  0.999987  0.004983  0.001447  -0.004985  0.999987  0.001098  -0.001441  -0.001106  0.999998  1.000000  -0.000429  0.000793  0.000429  1.000000  0.000459  -0.000793  -0.000459  1.000000  1.000000  0.000000  0.000000  0.000000  1.000000  0.000000  0.000000  0.000000  1.000000  0.999987  0.004983  0.001447  -0.004985  0.999987  0.001098  -0.001441  -0.001106  0.999998  0.000000  0.000000  
46.700666 0.006864  0.095228  -0.004371  0.996566  0.055122  -0.061786  -0.053599  0.998223  0.026036  0.063111  -0.022635  0.997750  0.001220  -0.001801  -0.004291  0.000000  0.000000  0.000000  2.000000  0.999987  0.004983  0.001447  -0.004985  0.999987  0.001098  -0.001441  -0.001106  0.999998  1.000000  -0.000429  0.000793  0.000429  1.000000  0.000338  -0.000793  -0.000338  1.000000  1.000000  0.000000  0.000000  0.000000  1.000000  0.000000  0.000000  0.000000  1.000000  0.999987  0.004983  0.001447  -0.004985  0.999987  0.001098  -0.001441  -0.001106  0.999998  0.000000  0.000000  
46.701914 0.006867  0.095226  -0.004377  0.996566  0.055122  -0.061786  -0.053599  0.998223  0.026036  0.063111  -0.022635  0.997750  0.001329  -0.001697  -0.004260  0.000000  0.000000  0.000000  2.000000  0.999987  0.004983  0.001447  -0.004985  0.999987  0.001098  -0.001441  -0.001106  0.999998  1.000000  -0.000429  0.000793  0.000429  1.000000  0.000338  -0.000793  -0.000338  1.000000  1.000000  0.000000  0.000000  0.000000  1.000000  0.000000  0.000000  0.000000  1.000000  0.999987  0.004983  0.001447  -0.004985  0.999987  0.001098  -0.001441  -0.001106  0.999998  0.000000  0.000000  
46.702915 0.006869  0.095224  -0.004382  0.996566  0.055122  -0.061786  -0.053599  0.998223  0.026036  0.063111  -0.022635  0.997750  0.001413  -0.001607  -0.004349  0.000000  0.000000  0.000000  2.000000  0.999987  0.004983  0.001447  -0.004985  0.999987  0.001098  -0.001441  -0.001106  0.999998  1.000000  -0.000221  0.000664  0.000220  1.000000  0.000351  -0.000664  -0.000351  1.000000  1.000000  0.000000  0.000000  0.000000  1.000000  0.000000  0.000000  0.000000  1.000000  0.999987  0.004983  0.001447  -0.004985  0.999987  0.001098  -0.001441  -0.001106  0.999998  0.000000  0.000000  
46.703917 0.006871  0.095223  -0.004388  0.996566  0.055122  -0.061786  -0.053599  0.998223  0.026036  0.063111  -0.022635  0.997750  0.001501  -0.001535  -0.004412  0.000000  0.000000  0.000000  2.000000  0.999987  0.004983  0.001447  -0.004985  0.999987  0.001098  -0.001441  -0.001106  0.999998  1.000000  -0.000221  0.000664  0.000220  1.000000  0.000351  -0.000664  -0.000351  1.000000  1.000000  0.000000  0.000000  0.000000  1.000000  0.000000  0.000000  0.000000  1.000000  0.999987  0.004983  0.001447  -0.004985  0.999987  0.001098  -0.001441  -0.001106  0.999998  0.000000  0.000000  
46.705166 0.006874  0.095221  -0.004395  0.996566  0.055130  -0.061779  -0.053599  0.998220  0.026158  0.063111  -0.022756  0.997747  0.001628  -0.001498  -0.004545  0.000000  0.000000  0.000000  2.000000  0.999987  0.004983  0.001447  -0.004985  0.999987  0.001098  -0.001441  -0.001106  0.999998  1.000000  -0.000218  0.000530  0.000217  1.000000  0.000472  -0.000530  -0.000472  1.000000  1.000000  0.000000  0.000000  0.000000  1.000000  0.000000  0.000000  0.000000  1.000000  0.999987  0.004983  0.001447  -0.004985  0.999987  0.001098  -0.001441  -0.001106  0.999998  0.000000  0.000000  
46.706169 0.006876  0.095219  -0.004400  0.996555  0.055335  -0.061774  -0.053805  0.998208  0.026170  0.063111  -0.022756  0.997747  0.001709  -0.001482  -0.004656  0.000000  0.000000  0.000000  2.000000  0.999987  0.004983  0.001447  -0.004985  0.999987  0.001098  -0.001441  -0.001106  0.999998  1.000000  -0.000218  0.000530  0.000217  1.000000  0.000472  -0.000530  -0.000472  1.000000  1.000000  0.000000  0.000000  0.000000  1.000000  0.000000  0.000000  0.000000  1.000000  0.999987  0.004983  0.001447  -0.004985  0.999987  0.001098  -0.001441  -0.001106  0.999998  0.000000  0.000000  
46.707417 0.006880  0.095218  -0.004407  0.996555  0.055335  -0.061774  -0.053805  0.998208  0.026170  0.063111  -0.022756  0.997747  0.001867  -0.001471  -0.004836  0.000000  0.000000  0.000000  2.000000  0.999987  0.004983  0.001447  -0.004985  0.999987  0.001098  -0.001441  -0.001106  0.999998  1.000000  -0.000009  0.000401  0.000009  1.000000  0.000485  -0.000401  -0.000485  1.000000  1.000000  0.000000  0.000000  0.000000  1.000000  0.000000  0.000000  0.000000  1.000000  0.999987  0.004983  0.001447  -0.004985  0.999987  0.001098  -0.001441  -0.001106  0.999998  0.000000  0.000000  
46.708422 0.006882  0.095216  -0.004414  0.996555  0.055343  -0.061767  -0.053805  0.998205  0.026291  0.063111  -0.022877  0.997744  0.001931  -0.001487  -0.005002  0.000000  0.000000  0.000000  2.000000  0.999987  0.004983  0.001447  -0.004985  0.999987  0.001098  -0.001441  -0.001106  0.999998  1.000000  0.000196  0.000406  -0.000196  1.000000  0.000498  -0.000406  -0.000498  1.000000  1.000000  0.000000  0.000000  0.000000  1.000000  0.000000  0.000000  0.000000  1.000000  0.999987  0.004983  0.001447  -0.004985  0.999987  0.001098  -0.001441  -0.001106  0.999998  0.000000  0.000000  
46.709663 0.006886  0.095215  -0.004421  0.996547  0.055346  -0.061900  -0.053804  0.998205  0.026299  0.063245  -0.022877  0.997736  0.002099  -0.001423  -0.005143  0.000000  0.000000  0.000000  2.000000  0.999987  0.004983  0.001447  -0.004985  0.999987  0.001098  -0.001441  -0.001106  0.999998  1.000000  0.000202  0.000138  -0.000202  1.000000  0.000498  -0.000138  -0.000498  1.000000  1.000000  0.000000  0.000000  0.000000  1.000000  0.000000  0.000000  0.000000  1.000000  0.999987  0.004983  0.001447  -0.004985  0.999987  0.001098  -0.001441  -0.001106  0.999998  0.000000  0.000000  
