1-Time 2-Px 3-Py 4-Pz 5-R11 6-R21 7-R31 8-R12 9-R22 10-R32 11-R13 12-R23 13-R33 14-Vx 15-Vy 16-Vz 17-Wx 18-Wy 19-Wz 20-state 21-PR11 22-PR21 23-PR31 24-PR12 25-PR22 26-PR32 27-PR13 28-PR23 29-PR33 
54.572586 0.000207  0.085899  0.002046  0.989202  0.020147  -0.145168  -0.030557  0.997090  -0.069838  0.143338  0.073519  0.986939  0.001328  0.001160  0.000461  0.000000  0.000000  0.000000  2.000000  1.000000  0.000000  0.000000  -0.000000  1.000000  0.000000  0.000000  -0.000000  1.000000  1.000000  0.000000  0.000000  0.000000  1.000000  0.000121  0.000000  -0.000121  1.000000  1.000000  0.000000  0.000000  0.000000  1.000000  0.000000  0.000000  0.000000  1.000000  0.597046  0.516365  0.613924  -0.541998  0.823854  -0.165837  -0.591417  -0.233734  0.771748  0.000000  0.000000  
54.573591 0.000208  0.085899  0.002046  0.989183  0.020138  -0.145300  -0.030556  0.997091  -0.069834  0.143471  0.073518  0.986920  0.001296  0.001135  0.000441  0.000000  0.000000  0.000000  2.000000  1.000000  0.000000  0.000000  0.000000  1.000000  0.000000  0.000000  0.000000  1.000000  1.000000  0.000000  0.000000  0.000000  1.000000  0.000121  0.000000  -0.000121  1.000000  1.000000  0.000000  0.000000  0.000000  1.000000  0.000000  0.000000  0.000000  1.000000  1.000000  0.000000  0.000000  0.000000  1.000000  0.000000  0.000000  0.000000  1.000000  0.000000  0.000000  
54.574595 0.000208  0.085898  0.002046  0.989144  0.020100  -0.145566  -0.030555  0.997083  -0.069946  0.143735  0.073635  0.986873  0.001179  0.000941  0.000439  0.000000  0.000000  0.000000  2.000000  1.000000  0.000000  0.000000  0.000000  1.000000  0.000000  0.000000  0.000000  1.000000  1.000000  -0.000020  -0.000267  0.000020  1.000000  -0.000000  0.000267  -0.000000  1.000000  1.000000  0.000000  0.000000  0.000000  1.000000  0.000000  0.000000  0.000000  1.000000  1.000000  0.000000  0.000000  0.000000  1.000000  0.000000  0.000000  0.000000  1.000000  0.000000  0.000000  
54.575840 0.000207  0.085894  0.002047  0.989048  0.020033  -0.146228  -0.030552  0.997076  -0.070047  0.144397  0.073747  0.986768  0.000986  0.000599  0.000414  0.000000  0.000000  0.000000  2.000000  1.000000  0.000000  0.000000  0.000000  1.000000  0.000000  0.000000  0.000000  1.000000  1.000000  -0.000070  -0.000934  0.000070  1.000000  -0.000121  0.000934  0.000121  1.000000  1.000000  0.000000  0.000000  0.000000  1.000000  0.000000  0.000000  0.000000  1.000000  1.000000  0.000000  0.000000  0.000000  1.000000  0.000000  0.000000  0.000000  1.000000  0.000000  0.000000  
54.577093 0.000207  0.085891  0.002047  0.988971  0.019976  -0.146759  -0.030550  0.997068  -0.070152  0.144927  0.073861  0.986682  0.000831  0.000257  0.000420  0.000000  0.000000  0.000000  2.000000  1.000000  0.000000  0.000000  0.000000  1.000000  0.000000  0.000000  0.000000  1.000000  0.999999  -0.000120  -0.001601  0.000119  1.000000  -0.000243  0.001601  0.000242  0.999999  1.000000  0.000000  0.000000  0.000000  1.000000  0.000000  0.000000  0.000000  1.000000  1.000000  0.000000  0.000000  0.000000  1.000000  0.000000  0.000000  0.000000  1.000000  0.000000  0.000000  
54.578341 0.000207  0.085888  0.002049  0.988873  0.019909  -0.147421  -0.030547  0.997061  -0.070252  0.145589  0.073974  0.986576  0.000712  -0.000084  0.000458  0.000000  0.000000  0.000000  2.000000  1.000000  0.000000  0.000000  0.000000  1.000000  0.000000  0.000000  0.000000  1.000000  0.999998  -0.000160  -0.002135  0.000159  1.000000  -0.000364  0.002135  0.000364  0.999998  1.000000  0.000000  0.000000  0.000000  1.000000  0.000000  0.000000  0.000000  1.000000  1.000000  0.000000  0.000000  0.000000  1.000000  0.000000  0.000000  0.000000  1.000000  0.000000  0.000000  
54.579590 0.000207  0.085884  0.002049  0.988783  0.020262  -0.147980  -0.030951  0.997046  -0.070296  0.146118  0.074088  0.986489  0.000588  -0.000401  0.000485  0.000000  0.000000  0.000000  2.000000  1.000000  0.000000  0.000000  0.000000  1.000000  0.000000  0.000000  0.000000  1.000000  0.999996  0.000206  -0.002699  -0.000207  1.000000  -0.000425  0.002699  0.000426  0.999996  1.000000  0.000000  0.000000  0.000000  1.000000  0.000000  0.000000  0.000000  1.000000  1.000000  0.000000  0.000000  0.000000  1.000000  0.000000  0.000000  0.000000  1.000000  0.000000  0.000000  
54.580841 0.000206  0.085880  0.002050  0.988711  0.020625  -0.148407  -0.031357  0.997030  -0.070343  0.146515  0.074203  0.986421  0.000427  -0.000823  0.000464  0.000000  0.000000  0.000000  2.000000  1.000000  0.000000  0.000000  0.000000  1.000000  0.000000  0.000000  0.000000  1.000000  0.999995  0.000379  -0.003115  -0.000380  1.000000  -0.000516  0.003114  0.000518  0.999995  1.000000  0.000000  0.000000  0.000000  1.000000  0.000000  0.000000  0.000000  1.000000  1.000000  0.000000  0.000000  0.000000  1.000000  0.000000  0.000000  0.000000  1.000000  0.000000  0.000000  
54.581848 0.000206  0.085875  0.002050  0.988646  0.020764  -0.148822  -0.031558  0.997009  -0.070542  0.146912  0.074438  0.986345  0.000344  -0.001200  0.000452  0.000000  0.000000  0.000000  2.000000  1.000000  0.000000  0.000000  0.000000  1.000000  0.000000  0.000000  0.000000  1.000000  0.999993  0.000754  -0.003545  -0.000757  1.000000  -0.000577  0.003545  0.000580  0.999994  1.000000  0.000000  0.000000  0.000000  1.000000  0.000000  0.000000  0.000000  1.000000  1.000000  0.000000  0.000000  0.000000  1.000000  0.000000  0.000000  0.000000  1.000000  0.000000  0.000000  
54.583089 0.000205  0.085870  0.002048  0.988534  0.021088  -0.149516  -0.031962  0.996985  -0.070701  0.147574  0.074670  0.986228  0.000185  -0.001614  0.000292  0.000000  0.000000  0.000000  2.000000  1.000000  0.000000  0.000000  0.000000  1.000000  0.000000  0.000000  0.000000  1.000000  0.999991  0.000906  -0.004228  -0.000910  0.999999  -0.000789  0.004227  0.000793  0.999991  1.000000  0.000000  0.000000  0.000000  1.000000  0.000000  0.000000  0.000000  1.000000  1.000000  0.000000  0.000000  0.000000  1.000000  0.000000  0.000000  0.000000  1.000000  0.000000  0.000000  
54.584338 0.000203  0.085866  0.002045  0.988409  0.021197  -0.150327  -0.032162  0.996966  -0.070887  0.148368  0.074900  0.986092  -0.000078  -0.002010  -0.000008  -0.036471  0.173092  0.041439  2.000000  1.000000  0.000016  -0.000063  -0.000016  1.000000  -0.000014  0.000063  0.000014  1.000000  0.999986  0.001251  -0.005059  -0.001256  0.999999  -0.001091  0.005058  0.001097  0.999987  1.000000  0.000016  -0.000063  -0.000016  1.000000  -0.000014  0.000063  0.000014  1.000000  1.000000  0.000016  -0.000063  -0.000016  1.000000  -0.000014  0.000063  0.000014  1.000000  0.000000  0.005325  
54.585588 0.000199  0.085862  0.002040  0.988243  0.021304  -0.151399  -0.032360  0.996955  -0.070942  0.149427  0.075007  0.985924  -0.000391  -0.002359  -0.000365  -0.039802  0.210886  0.045883  2.000000  1.000000  0.000096  -0.000415  -0.000096  1.000000  -0.000092  0.000415  0.000092  1.000000  0.999981  0.001382  -0.006009  -0.001390  0.999998  -0.001302  0.006007  0.001310  0.999981  1.000000  0.000017  -0.000075  -0.000017  1.000000  -0.000016  0.000075  0.000016  1.000000  1.000000  0.000096  -0.000415  -0.000096  1.000000  -0.000092  0.000415  0.000092  1.000000  0.000053  0.006303  
54.586839 0.000196  0.085857  0.002033  0.988096  0.021402  -0.152342  -0.032559  0.996936  -0.071122  0.150353  0.075236  0.985766  -0.000716  -0.002705  -0.000854  -0.046913  0.242811  0.050312  2.000000  1.000000  0.000185  -0.000831  -0.000185  1.000000  -0.000177  0.000831  0.000177  1.000000  0.999974  0.001503  -0.007092  -0.001513  0.999998  -0.001391  0.007090  0.001401  0.999974  1.000000  0.000019  -0.000089  -0.000019  1.000000  -0.000017  0.000089  0.000017  1.000000  1.000000  0.000185  -0.000831  -0.000185  1.000000  -0.000177  0.000831  0.000177  1.000000  0.000062  0.007383  
54.587842 0.000193  0.085852  0.002027  0.987968  0.021528  -0.153150  -0.032758  0.996925  -0.071186  0.151146  0.075346  0.985636  -0.000978  -0.003165  -0.001313  -0.049932  0.270169  0.055073  2.000000  0.999999  0.000264  -0.001206  -0.000264  1.000000  -0.000254  0.001206  0.000254  0.999999  0.999968  0.001653  -0.007775  -0.001666  0.999997  -0.001601  0.007772  0.001614  0.999968  1.000000  0.000021  -0.000097  -0.000021  1.000000  -0.000020  0.000097  0.000020  1.000000  0.999999  0.000264  -0.001206  -0.000264  1.000000  -0.000254  0.001206  0.000254  0.999999  0.000068  0.008110  
54.588848 0.000190  0.085845  0.002020  0.987854  0.021851  -0.153843  -0.033162  0.996900  -0.071342  0.151807  0.075578  0.985516  -0.001230  -0.003661  -0.001781  -0.056006  0.293567  0.066972  2.000000  0.999999  0.000329  -0.001519  -0.000330  1.000000  -0.000316  0.001519  0.000317  0.999999  0.999961  0.001794  -0.008591  -0.001809  0.999997  -0.001690  0.008588  0.001705  0.999962  1.000000  0.000023  -0.000107  -0.000023  1.000000  -0.000021  0.000107  0.000021  1.000000  0.999999  0.000329  -0.001519  -0.000330  1.000000  -0.000316  0.001519  0.000317  0.999999  0.000075  0.008939  
54.590089 0.000187  0.085836  0.002014  0.987718  0.022164  -0.154669  -0.033564  0.996876  -0.071494  0.152601  0.075807  0.985376  -0.001340  -0.004048  -0.002190  -0.062095  0.321617  0.078564  2.000000  0.999998  0.000457  -0.002088  -0.000458  1.000000  -0.000430  0.002087  0.000431  0.999998  0.999953  0.002137  -0.009423  -0.002155  0.999996  -0.001868  0.009419  0.001888  0.999954  1.000000  0.000027  -0.000118  -0.000027  1.000000  -0.000023  0.000118  0.000023  1.000000  0.999998  0.000457  -0.002088  -0.000458  1.000000  -0.000430  0.002087  0.000431  0.999998  0.000083  0.009843  
54.591090 0.000186  0.085829  0.002010  0.987602  0.022504  -0.155360  -0.033968  0.996860  -0.071529  0.153262  0.075919  0.985265  -0.001406  -0.004305  -0.002490  -0.064076  0.345026  0.090471  2.000000  0.999997  0.000578  -0.002578  -0.000580  1.000000  -0.000529  0.002578  0.000530  0.999997  0.999946  0.002490  -0.010121  -0.002511  0.999995  -0.002046  0.010116  0.002072  0.999947  1.000000  0.000031  -0.000126  -0.000031  1.000000  -0.000026  0.000126  0.000026  1.000000  0.999997  0.000578  -0.002578  -0.000580  1.000000  -0.000529  0.002578  0.000530  0.999997  0.000090  0.010625  
54.592344 0.000185  0.085821  0.002006  0.987471  0.022611  -0.156170  -0.034167  0.996840  -0.071711  0.154055  0.076148  0.985124  -0.001492  -0.004665  -0.002826  -0.071146  0.372418  0.095192  2.000000  0.999994  0.000750  -0.003237  -0.000752  0.999999  -0.000662  0.003237  0.000664  0.999995  0.999937  0.002842  -0.010820  -0.002866  0.999993  -0.002224  0.010814  0.002255  0.999939  1.000000  0.000036  -0.000135  -0.000036  1.000000  -0.000028  0.000135  0.000028  1.000000  0.999994  0.000750  -0.003237  -0.000752  0.999999  -0.000662  0.003237  0.000664  0.999995  0.000096  0.011409  
54.593592 0.000184  0.085813  0.002004  0.987333  0.022903  -0.156998  -0.034569  0.996807  -0.071982  0.154848  0.076497  0.984972  -0.001533  -0.004989  -0.002999  -0.085340  0.400385  0.106740  2.000000  0.999992  0.000940  -0.003951  -0.000943  0.999999  -0.000808  0.003950  0.000812  0.999992  0.999926  0.003173  -0.011786  -0.003202  0.999992  -0.002400  0.011778  0.002437  0.999928  1.000000  0.000040  -0.000147  -0.000040  1.000000  -0.000030  0.000147  0.000030  1.000000  0.999992  0.000940  -0.003951  -0.000943  0.999999  -0.000808  0.003950  0.000812  0.999992  0.000105  0.012443  
54.594843 0.000185  0.085803  0.002004  0.987153  0.023174  -0.158090  -0.034970  0.996774  -0.072243  0.155906  0.076843  0.984778  -0.001494  -0.005335  -0.003096  -0.095415  0.437268  0.117551  2.000000  0.999988  0.001149  -0.004714  -0.001154  0.999999  -0.000966  0.004713  0.000971  0.999988  0.999916  0.003523  -0.012485  -0.003556  0.999990  -0.002575  0.012476  0.002619  0.999919  1.000000  0.000044  -0.000156  -0.000044  1.000000  -0.000032  0.000156  0.000032  1.000000  0.999988  0.001149  -0.004714  -0.001154  0.999999  -0.000966  0.004713  0.000971  0.999988  0.000114  0.013231  
54.596085 0.000186  0.085794  0.002004  0.986971  0.023444  -0.159182  -0.035370  0.996741  -0.072502  0.156963  0.077188  0.984583  -0.001347  -0.005641  -0.003056  -0.105518  0.474347  0.128398  2.000000  0.999984  0.001376  -0.005513  -0.001382  0.999998  -0.001138  0.005511  0.001145  0.999984  0.999908  0.003679  -0.013036  -0.003716  0.999989  -0.002781  0.013025  0.002829  0.999911  1.000000  0.000046  -0.000163  -0.000046  1.000000  -0.000035  0.000163  0.000035  1.000000  0.999984  0.001376  -0.005513  -0.001382  0.999998  -0.001138  0.005511  0.001145  0.999984  0.000125  0.013833  
54.597119 0.000187  0.085786  0.002005  0.986816  0.023519  -0.160127  -0.035568  0.996712  -0.072799  0.157888  0.077535  0.984408  -0.001200  -0.005934  -0.003034  -0.116485  0.505656  0.132552  2.000000  0.999981  0.001526  -0.006013  -0.001533  0.999998  -0.001251  0.006011  0.001260  0.999981  0.999901  0.004049  -0.013469  -0.004091  0.999987  -0.003076  0.013456  0.003131  0.999905  1.000000  0.000051  -0.000168  -0.000051  1.000000  -0.000039  0.000168  0.000039  1.000000  0.999981  0.001526  -0.006013  -0.001533  0.999998  -0.001251  0.006011  0.001260  0.999981  0.000132  0.014403  
54.598342 0.000191  0.085777  0.002006  0.986632  0.023768  -0.161221  -0.035968  0.996670  -0.073178  0.158945  0.077999  0.984202  -0.000875  -0.006204  -0.002820  -0.130725  0.543116  0.143432  2.000000  0.999976  0.001736  -0.006710  -0.001746  0.999997  -0.001414  0.006708  0.001425  0.999976  0.999890  0.004396  -0.014169  -0.004444  0.999984  -0.003370  0.014154  0.003432  0.999894  1.000000  0.000055  -0.000177  -0.000055  1.000000  -0.000043  0.000177  0.000043  1.000000  0.999976  0.001736  -0.006710  -0.001746  0.999997  -0.001414  0.006708  0.001425  0.999976  0.000143  0.015221  
54.599593 0.000195  0.085768  0.002006  0.986489  0.024038  -0.162052  -0.036370  0.996627  -0.073566  0.159737  0.078466  0.984036  -0.000414  -0.006490  -0.002522  -0.144837  0.571020  0.154829  2.000000  0.999969  0.002020  -0.007608  -0.002032  0.999997  -0.001635  0.007605  0.001650  0.999970  0.999885  0.004570  -0.014454  -0.004624  0.999982  -0.003696  0.014437  0.003762  0.999889  1.000000  0.000057  -0.000181  -0.000057  1.000000  -0.000047  0.000181  0.000047  1.000000  0.999969  0.002020  -0.007608  -0.002032  0.999997  -0.001635  0.007605  0.001650  0.999970  0.000152  0.015612  
54.600843 0.000200  0.085760  0.002006  0.986346  0.024306  -0.162884  -0.036771  0.996584  -0.073954  0.160530  0.078933  0.983870  0.000119  -0.006820  -0.002106  -0.158989  0.599126  0.166265  2.000000  0.999961  0.002307  -0.008525  -0.002323  0.999996  -0.001876  0.008521  0.001896  0.999962  0.999881  0.004541  -0.014723  -0.004600  0.999982  -0.003934  0.014705  0.004001  0.999884  1.000000  0.000057  -0.000184  -0.000057  1.000000  -0.000050  0.000184  0.000050  1.000000  0.999961  0.002307  -0.008525  -0.002323  0.999996  -0.001876  0.008521  0.001896  0.999962  0.000160  0.015911  
54.601844 0.000204  0.085752  0.002005  0.986223  0.024604  -0.163581  -0.037173  0.996548  -0.074225  0.161190  0.079283  0.983734  0.000585  -0.007030  -0.001782  -0.167673  0.617596  0.176603  2.000000  0.999954  0.002537  -0.009270  -0.002557  0.999995  -0.002082  0.009265  0.002106  0.999955  0.999876  0.004717  -0.015007  -0.004780  0.999980  -0.004140  0.014988  0.004211  0.999879  1.000000  0.000059  -0.000187  -0.000059  1.000000  -0.000052  0.000187  0.000052  1.000000  0.999954  0.002537  -0.009270  -0.002557  0.999995  -0.002082  0.009265  0.002106  0.999955  0.000167  0.016277  
54.603093 0.000209  0.085744  0.002006  0.986100  0.024862  -0.164284  -0.037575  0.996495  -0.074737  0.161850  0.079871  0.983578  0.001207  -0.007120  -0.001217  -0.187274  0.646302  0.189774  2.000000  0.999944  0.002823  -0.010216  -0.002847  0.999993  -0.002359  0.010209  0.002388  0.999945  0.999874  0.004697  -0.015144  -0.004765  0.999979  -0.004500  0.015122  0.004572  0.999875  1.000000  0.000059  -0.000189  -0.000059  1.000000  -0.000057  0.000189  0.000057  1.000000  0.999944  0.002823  -0.010216  -0.002847  0.999993  -0.002359  0.010209  0.002388  0.999945  0.000173  0.016492  
54.604112 0.000214  0.085737  0.002006  0.985976  0.025139  -0.164985  -0.037977  0.996451  -0.075127  0.162510  0.080339  0.983431  0.001702  -0.007050  -0.000757  -0.197128  0.660384  0.201995  2.000000  0.999935  0.003059  -0.010974  -0.003088  0.999992  -0.002595  0.010966  0.002628  0.999936  0.999874  0.004689  -0.015146  -0.004763  0.999977  -0.004861  0.015123  0.004932  0.999873  1.000000  0.000059  -0.000189  -0.000059  1.000000  -0.000061  0.000189  0.000061  1.000000  0.999935  0.003059  -0.010974  -0.003088  0.999992  -0.002595  0.010966  0.002628  0.999936  0.000178  0.016595  
54.605202 0.000219  0.085731  0.002007  0.985881  0.025241  -0.165535  -0.038176  0.996420  -0.075435  0.163038  0.080690  0.983315  0.002169  -0.006977  -0.000348  -0.203470  0.658996  0.208004  2.000000  0.999928  0.003239  -0.011549  -0.003271  0.999991  -0.002780  0.011540  0.002818  0.999929  0.999871  0.004875  -0.015297  -0.004953  0.999975  -0.005066  0.015272  0.005141  0.999870  1.000000  0.000061  -0.000191  -0.000061  1.000000  -0.000064  0.000191  0.000064  1.000000  0.999928  0.003239  -0.011549  -0.003271  0.999991  -0.002780  0.011540  0.002818  0.999929  0.000182  0.016848  
54.606345 0.000225  0.085723  0.002008  0.985756  0.025516  -0.166236  -0.038578  0.996375  -0.075825  0.163698  0.081158  0.983166  0.002704  -0.006949  0.000034  -0.214143  0.662564  0.222176  2.000000  0.999918  0.003486  -0.012313  -0.003524  0.999989  -0.003042  0.012302  0.003086  0.999920  0.999873  0.004878  -0.015166  -0.004959  0.999974  -0.005304  0.015140  0.005379  0.999871  1.000000  0.000061  -0.000189  -0.000061  1.000000  -0.000067  0.000189  0.000067  1.000000  0.999918  0.003486  -0.012313  -0.003524  0.999989  -0.003042  0.012302  0.003086  0.999920  0.000183  0.016804  
54.607347 0.000229  0.085716  0.002009  0.985660  0.025617  -0.166787  -0.038778  0.996343  -0.076133  0.164226  0.081508  0.983049  0.003040  -0.006984  0.000242  -0.225180  0.667639  0.228503  2.000000  0.999908  0.003742  -0.013066  -0.003786  0.999987  -0.003317  0.013053  0.003366  0.999909  0.999874  0.005299  -0.014934  -0.005382  0.999971  -0.005476  0.014905  0.005555  0.999873  1.000000  0.000067  -0.000187  -0.000067  1.000000  -0.000069  0.000187  0.000069  1.000000  0.999908  0.003742  -0.013066  -0.003786  0.999987  -0.003317  0.013053  0.003366  0.999909  0.000186  0.016780  
54.608592 0.000234  0.085707  0.002010  0.985556  0.025903  -0.167356  -0.039180  0.996297  -0.076526  0.164754  0.081978  0.982922  0.003411  -0.007053  0.000399  -0.236154  0.663725  0.235430  2.000000  0.999897  0.004005  -0.013813  -0.004055  0.999985  -0.003605  0.013798  0.003660  0.999898  0.999873  0.005494  -0.014954  -0.005582  0.999968  -0.005801  0.014921  0.005884  0.999871  1.000000  0.000069  -0.000187  -0.000069  1.000000  -0.000073  0.000187  0.000073  1.000000  0.999897  0.004005  -0.013813  -0.004055  0.999985  -0.003605  0.013798  0.003660  0.999898  0.000187  0.016969  
54.609848 0.000240  0.085696  0.002011  0.985452  0.026167  -0.167929  -0.039582  0.996242  -0.077041  0.165282  0.082567  0.982784  0.003772  -0.007130  0.000460  -0.248170  0.668092  0.234696  2.000000  0.999882  0.004340  -0.014717  -0.004399  0.999982  -0.003981  0.014700  0.004045  0.999884  0.999884  0.005551  -0.014157  -0.005639  0.999965  -0.006162  0.014122  0.006241  0.999881  1.000000  0.000070  -0.000177  -0.000070  1.000000  -0.000078  0.000177  0.000078  1.000000  0.999882  0.004340  -0.014717  -0.004399  0.999982  -0.003981  0.014700  0.004045  0.999884  0.000188  0.016423  
54.611088 0.000247  0.085686  0.002012  0.985369  0.026463  -0.168368  -0.039985  0.996195  -0.077439  0.165678  0.083038  0.982678  0.004155  -0.007179  0.000489  -0.257177  0.663485  0.239402  2.000000  0.999867  0.004677  -0.015594  -0.004745  0.999979  -0.004374  0.015573  0.004448  0.999869  0.999888  0.005566  -0.013893  -0.005655  0.999964  -0.006400  0.013857  0.006478  0.999883  1.000000  0.000070  -0.000173  -0.000070  1.000000  -0.000080  0.000173  0.000081  1.000000  0.999867  0.004677  -0.015594  -0.004745  0.999979  -0.004374  0.015573  0.004448  0.999869  0.000190  0.016293  
54.612089 0.000253  0.085677  0.002013  0.985286  0.026758  -0.168807  -0.040388  0.996148  -0.077837  0.166074  0.083509  0.982571  0.004355  -0.007229  0.000566  -0.269221  0.663632  0.239209  2.000000  0.999855  0.004947  -0.016279  -0.005024  0.999976  -0.004701  0.016255  0.004783  0.999856  0.999893  0.005592  -0.013496  -0.005682  0.999962  -0.006641  0.013458  0.006717  0.999887  1.000000  0.000070  -0.000168  -0.000070  1.000000  -0.000083  0.000168  0.000083  1.000000  0.999855  0.004947  -0.016279  -0.005024  0.999976  -0.004701  0.016255  0.004783  0.999856  0.000190  0.016063  
54.613341 0.000259  0.085668  0.002017  0.985225  0.027022  -0.169121  -0.040792  0.996081  -0.078481  0.166338  0.084220  0.982466  0.004543  -0.007262  0.000748  -0.282384  0.651748  0.249013  2.000000  0.999843  0.005221  -0.016951  -0.005307  0.999973  -0.005050  0.016924  0.005140  0.999844  0.999895  0.005593  -0.013366  -0.005691  0.999958  -0.007244  0.013325  0.007320  0.999884  1.000000  0.000071  -0.000167  -0.000071  1.000000  -0.000091  0.000167  0.000091  1.000000  0.999843  0.005221  -0.016951  -0.005307  0.999973  -0.005050  0.016924  0.005140  0.999844  0.000190  0.016217  
54.614589 0.000266  0.085659  0.002022  0.985133  0.027501  -0.169581  -0.041398  0.996018  -0.078964  0.166734  0.084810  0.982348  0.004739  -0.007320  0.001068  -0.296319  0.635038  0.263830  2.000000  0.999827  0.005572  -0.017765  -0.005671  0.999969  -0.005509  0.017734  0.005609  0.999827  0.999903  0.005642  -0.012703  -0.005737  0.999956  -0.007485  0.012660  0.007557  0.999891  1.000000  0.000071  -0.000159  -0.000071  1.000000  -0.000094  0.000159  0.000094  1.000000  0.999827  0.005572  -0.017765  -0.005671  0.999969  -0.005509  0.017734  0.005609  0.999827  0.000187  0.015804  
54.615839 0.000274  0.085650  0.002028  0.985048  0.027774  -0.170024  -0.041800  0.995960  -0.079482  0.167129  0.085400  0.982229  0.004931  -0.007317  0.001458  -0.307235  0.613315  0.272172  2.000000  0.999810  0.005932  -0.018548  -0.006044  0.999964  -0.005986  0.018512  0.006097  0.999810  0.999908  0.005882  -0.012191  -0.005977  0.999952  -0.007811  0.012144  0.007883  0.999895  1.000000  0.000074  -0.000152  -0.000074  1.000000  -0.000098  0.000152  0.000098  1.000000  0.999810  0.005932  -0.018548  -0.006044  0.999964  -0.005986  0.018512  0.006097  0.999810  0.000185  0.015646  
54.617088 0.000281  0.085641  0.002035  0.984964  0.028026  -0.170471  -0.042203  0.995891  -0.080120  0.167525  0.086109  0.982100  0.005052  -0.007345  0.001933  -0.323688  0.600090  0.277151  2.000000  0.999794  0.006300  -0.019293  -0.006426  0.999958  -0.006481  0.019252  0.006604  0.999793  0.999915  0.006133  -0.011546  -0.006226  0.999948  -0.008015  0.011496  0.008087  0.999901  1.000000  0.000077  -0.000144  -0.000077  1.000000  -0.000101  0.000144  0.000101  1.000000  0.999794  0.006300  -0.019293  -0.006426  0.999958  -0.006481  0.019252  0.006604  0.999793  0.000185  0.015354  
54.618342 0.000288  0.085632  0.002042  0.984902  0.028288  -0.170787  -0.042607  0.995822  -0.080763  0.167789  0.086820  0.981992  0.005161  -0.007343  0.002408  -0.339597  0.573464  0.278984  2.000000  0.999778  0.006671  -0.019981  -0.006812  0.999952  -0.006990  0.019934  0.007125  0.999776  0.999924  0.006205  -0.010617  -0.006293  0.999946  -0.008254  0.010566  0.008320  0.999910  1.000000  0.000078  -0.000132  -0.000078  1.000000  -0.000104  0.000132  0.000104  1.000000  0.999778  0.006671  -0.019981  -0.006812  0.999952  -0.006990  0.019934  0.007125  0.999776  0.000183  0.014830  
54.619588 0.000294  0.085623  0.002049  0.984830  0.028756  -0.171120  -0.043213  0.995747  -0.081371  0.168053  0.087531  0.981884  0.005188  -0.007407  0.002789  -0.354507  0.556395  0.286912  2.000000  0.999763  0.007047  -0.020603  -0.007203  0.999946  -0.007508  0.020549  0.007655  0.999760  0.999935  0.006077  -0.009671  -0.006158  0.999946  -0.008408  0.009619  0.008467  0.999918  1.000000  0.000076  -0.000121  -0.000076  1.000000  -0.000105  0.000121  0.000105  1.000000  0.999763  0.007047  -0.020603  -0.007203  0.999946  -0.007508  0.020549  0.007655  0.999760  0.000182  0.014200  
54.620592 0.000299  0.085615  0.002053  0.984790  0.029029  -0.171306  -0.043618  0.995676  -0.082019  0.168185  0.088243  0.981798  0.005167  -0.007497  0.003067  -0.373627  0.538781  0.290886  2.000000  0.999754  0.007280  -0.020956  -0.007446  0.999942  -0.007832  0.020898  0.007986  0.999750  0.999937  0.006307  -0.009294  -0.006390  0.999940  -0.008857  0.009237  0.008916  0.999918  1.000000  0.000079  -0.000116  -0.000079  1.000000  -0.000111  0.000116  0.000111  1.000000  0.999754  0.007280  -0.020956  -0.007446  0.999942  -0.007832  0.020898  0.007986  0.999750  0.000181  0.014322  
54.621594 0.000303  0.085607  0.002057  0.984772  0.029315  -0.171361  -0.044023  0.995604  -0.082673  0.168185  0.088958  0.981733  0.005144  -0.007623  0.003263  -0.393893  0.520934  0.292123  2.000000  0.999742  0.007597  -0.021402  -0.007776  0.999935  -0.008279  0.021337  0.008444  0.999737  0.999941  0.006564  -0.008649  -0.006642  0.999937  -0.009064  0.008589  0.009121  0.999922  1.000000  0.000083  -0.000108  -0.000083  1.000000  -0.000114  0.000108  0.000114  1.000000  0.999742  0.007597  -0.021402  -0.007776  0.999935  -0.008279  0.021337  0.008444  0.999737  0.000179  0.014163  
54.622594 0.000307  0.085598  0.002060  0.984731  0.029609  -0.171545  -0.044427  0.995542  -0.083200  0.168316  0.089551  0.981657  0.005090  -0.007755  0.003426  -0.401582  0.504027  0.297369  2.000000  0.999731  0.007919  -0.021820  -0.008111  0.999929  -0.008738  0.021749  0.008913  0.999724  0.999945  0.006606  -0.008120  -0.006682  0.999934  -0.009305  0.008058  0.009359  0.999924  1.000000  0.000083  -0.000101  -0.000083  1.000000  -0.000117  0.000101  0.000117  1.000000  0.999731  0.007919  -0.021820  -0.008111  0.999929  -0.008738  0.021749  0.008913  0.999724  0.000178  0.014024  
54.623842 0.000311  0.085587  0.002064  0.984713  0.029914  -0.171597  -0.044833  0.995479  -0.083733  0.168316  0.090147  0.981602  0.004998  -0.007822  0.003599  -0.413561  0.473047  0.299769  2.000000  0.999717  0.008328  -0.022305  -0.008537  0.999920  -0.009324  0.022226  0.009512  0.999708  0.999948  0.006863  -0.007477  -0.006933  0.999932  -0.009392  0.007412  0.009443  0.999928  1.000000  0.000086  -0.000093  -0.000086  1.000000  -0.000118  0.000093  0.000118  1.000000  0.999717  0.008328  -0.022305  -0.008537  0.999920  -0.009324  0.022226  0.009512  0.999708  0.000176  0.013845  
54.625092 0.000315  0.085576  0.002067  0.984663  0.030392  -0.171802  -0.045440  0.995400  -0.084346  0.168448  0.090859  0.981514  0.004879  -0.007868  0.003826  -0.423257  0.447664  0.315231  2.000000  0.999703  0.008742  -0.022754  -0.008969  0.999911  -0.009916  0.022665  0.010117  0.999692  0.999952  0.006906  -0.006949  -0.006972  0.999930  -0.009512  0.006883  0.009560  0.999931  1.000000  0.000087  -0.000086  -0.000087  1.000000  -0.000119  0.000086  0.000119  1.000000  0.999703  0.008742  -0.022754  -0.008969  0.999911  -0.009916  0.022665  0.010117  0.999692  0.000173  0.013672  
54.626352 0.000318  0.085565  0.002070  0.984621  0.030665  -0.171990  -0.045844  0.995326  -0.084993  0.168580  0.091571  0.981425  0.004646  -0.007878  0.003906  -0.431472  0.405990  0.314389  2.000000  0.999690  0.009160  -0.023151  -0.009405  0.999901  -0.010510  0.023052  0.010725  0.999677  0.999959  0.006784  -0.006003  -0.006841  0.999931  -0.009545  0.005938  0.009586  0.999936  1.000000  0.000085  -0.000075  -0.000085  1.000000  -0.000120  0.000075  0.000120  1.000000  0.999690  0.009160  -0.023151  -0.009405  0.999901  -0.010510  0.023052  0.010725  0.999677  0.000169  0.013174  
54.627588 0.000322  0.085554  0.002074  0.984580  0.030958  -0.172175  -0.046249  0.995262  -0.085520  0.168712  0.092164  0.981347  0.004414  -0.007964  0.003956  -0.434947  0.381373  0.320408  2.000000  0.999678  0.009584  -0.023506  -0.009847  0.999890  -0.011109  0.023397  0.011337  0.999662  0.999961  0.007044  -0.005359  -0.007096  0.999928  -0.009631  0.005291  0.009669  0.999939  1.000000  0.000088  -0.000067  -0.000088  1.000000  -0.000121  0.000067  0.000121  1.000000  0.999678  0.009584  -0.023506  -0.009847  0.999890  -0.011109  0.023397  0.011337  0.999662  0.000166  0.013095  
54.628593 0.000323  0.085545  0.002076  0.984570  0.031079  -0.172208  -0.046451  0.995214  -0.085967  0.168712  0.092640  0.981302  0.004157  -0.008103  0.003864  -0.443606  0.352721  0.318802  2.000000  0.999671  0.009841  -0.023702  -0.010115  0.999883  -0.011475  0.023587  0.011711  0.999653  0.999963  0.007079  -0.004963  -0.007127  0.999927  -0.009751  0.004894  0.009786  0.999940  1.000000  0.000089  -0.000062  -0.000089  1.000000  -0.000122  0.000062  0.000122  1.000000  0.999671  0.009841  -0.023702  -0.010115  0.999883  -0.011475  0.023587  0.011711  0.999653  0.000164  0.013045  
54.629838 0.000326  0.085533  0.002079  0.984551  0.031384  -0.172262  -0.046857  0.995149  -0.086500  0.168712  0.093235  0.981246  0.003853  -0.008304  0.003703  -0.447920  0.323322  0.318326  2.000000  0.999659  0.010269  -0.023996  -0.010561  0.999871  -0.012089  0.023869  0.012338  0.999639  0.999965  0.007126  -0.004435  -0.007169  0.999926  -0.009872  0.004364  0.009904  0.999941  1.000000  0.000089  -0.000055  -0.000089  1.000000  -0.000124  0.000055  0.000124  1.000000  0.999659  0.010269  -0.023996  -0.010561  0.999871  -0.012089  0.023869  0.012338  0.999639  0.000161  0.012970  
54.630842 0.000328  0.085523  0.002081  0.984532  0.031711  -0.172313  -0.047262  0.995094  -0.086912  0.168712  0.093711  0.981200  0.003587  -0.008454  0.003516  -0.446671  0.306276  0.326440  2.000000  0.999651  0.010615  -0.024210  -0.010922  0.999861  -0.012581  0.024073  0.012841  0.999628  0.999966  0.007161  -0.004038  -0.007201  0.999925  -0.009872  0.003967  0.009901  0.999943  1.000000  0.000090  -0.000050  -0.000090  1.000000  -0.000124  0.000050  0.000124  1.000000  0.999651  0.010615  -0.024210  -0.010922  0.999861  -0.012581  0.024073  0.012841  0.999628  0.000159  0.012858  
54.632089 0.000331  0.085510  0.002083  0.984535  0.032008  -0.172241  -0.047669  0.995017  -0.087572  0.168580  0.094428  0.981154  0.003294  -0.008732  0.003157  -0.454643  0.275373  0.328987  2.000000  0.999640  0.011050  -0.024449  -0.011375  0.999848  -0.013205  0.024299  0.013478  0.999614  0.999968  0.007209  -0.003511  -0.007244  0.999923  -0.010115  0.003438  0.010141  0.999943  1.000000  0.000090  -0.000043  -0.000090  1.000000  -0.000127  0.000043  0.000127  1.000000  0.999640  0.011050  -0.024449  -0.011375  0.999848  -0.013205  0.024299  0.013478  0.999614  0.000158  0.012918  
54.633089 0.000333  0.085500  0.002085  0.984515  0.032334  -0.172293  -0.048074  0.994961  -0.087983  0.168580  0.094904  0.981109  0.003042  -0.008975  0.002914  -0.454590  0.257784  0.330448  2.000000  0.999632  0.011395  -0.024616  -0.011735  0.999837  -0.013709  0.024456  0.013993  0.999603  0.999970  0.007043  -0.003095  -0.007074  0.999925  -0.010029  0.003025  0.010050  0.999945  1.000000  0.000088  -0.000038  -0.000088  1.000000  -0.000125  0.000038  0.000126  1.000000  0.999632  0.011395  -0.024616  -0.011735  0.999837  -0.013709  0.024456  0.013993  0.999603  0.000155  0.012649  
54.634346 0.000335  0.085487  0.002087  0.984505  0.032413  -0.172335  -0.048277  0.994890  -0.088672  0.168580  0.095618  0.981039  0.002762  -0.009213  0.002603  -0.463371  0.228152  0.328967  2.000000  0.999622  0.011824  -0.024805  -0.012182  0.999823  -0.014332  0.024631  0.014629  0.999590  0.999971  0.007067  -0.002834  -0.007095  0.999925  -0.010029  0.002763  0.010049  0.999946  1.000000  0.000089  -0.000035  -0.000089  1.000000  -0.000125  0.000035  0.000125  1.000000  0.999622  0.011824  -0.024805  -0.012182  0.999823  -0.014332  0.024631  0.014629  0.999590  0.000154  0.012600  
54.635592 0.000337  0.085474  0.002090  0.984462  0.032663  -0.172530  -0.048681  0.994802  -0.089439  0.168712  0.096448  0.980935  0.002565  -0.009397  0.002432  -0.471619  0.213186  0.327325  2.000000  0.999613  0.012244  -0.024970  -0.012620  0.999808  -0.014966  0.024782  0.015275  0.999576  0.999973  0.006901  -0.002421  -0.006925  0.999923  -0.010306  0.002350  0.010323  0.999944  1.000000  0.000086  -0.000030  -0.000086  1.000000  -0.000129  0.000030  0.000129  1.000000  0.999613  0.012244  -0.024970  -0.012620  0.999808  -0.014966  0.024782  0.015275  0.999576  0.000154  0.012644  
54.636845 0.000340  0.085461  0.002093  0.984442  0.032947  -0.172591  -0.049086  0.994723  -0.090092  0.168712  0.097162  0.980865  0.002338  -0.009587  0.002293  -0.483529  0.188271  0.332318  2.000000  0.999606  0.012580  -0.025091  -0.012971  0.999796  -0.015484  0.024891  0.015804  0.999565  0.999974  0.006925  -0.002160  -0.006947  0.999922  -0.010426  0.002087  0.010441  0.999943  1.000000  0.000087  -0.000027  -0.000087  1.000000  -0.000130  0.000027  0.000130  1.000000  0.999606  0.012580  -0.025091  -0.012971  0.999796  -0.015484  0.024891  0.015804  0.999565  0.000154  0.012708  
54.638092 0.000343  0.085449  0.002096  0.984432  0.033027  -0.172634  -0.049289  0.994650  -0.090781  0.168712  0.097876  0.980794  0.002274  -0.009634  0.002252  -0.487523  0.169146  0.331066  2.000000  0.999597  0.012995  -0.025222  -0.013404  0.999780  -0.016138  0.025007  0.016470  0.999552  0.999974  0.006950  -0.001898  -0.006969  0.999920  -0.010548  0.001825  0.010561  0.999943  1.000000  0.000087  -0.000023  -0.000087  1.000000  -0.000132  0.000023  0.000132  1.000000  0.999597  0.012995  -0.025222  -0.013404  0.999780  -0.016138  0.025007  0.016470  0.999552  0.000154  0.012779  
54.639343 0.000346  0.085438  0.002100  0.984412  0.033289  -0.172699  -0.049694  0.994559  -0.091554  0.168712  0.098709  0.980710  0.002218  -0.009675  0.002307  -0.499546  0.151595  0.332565  2.000000  0.999589  0.013404  -0.025331  -0.013832  0.999763  -0.016796  0.025100  0.017140  0.999538  0.999976  0.006786  -0.001484  -0.006801  0.999921  -0.010582  0.001412  0.010592  0.999943  1.000000  0.000085  -0.000018  -0.000085  1.000000  -0.000132  0.000018  0.000132  1.000000  0.999589  0.013404  -0.025331  -0.013832  0.999763  -0.016796  0.025100  0.017140  0.999538  0.000155  0.012663  
54.640345 0.000349  0.085428  0.002103  0.984402  0.033389  -0.172739  -0.049897  0.994497  -0.092122  0.168712  0.099304  0.980650  0.002214  -0.009716  0.002363  -0.504708  0.137839  0.326996  2.000000  0.999583  0.013725  -0.025407  -0.014168  0.999749  -0.017327  0.025163  0.017680  0.999527  0.999977  0.006596  -0.001336  -0.006610  0.999920  -0.010739  0.001265  0.010747  0.999941  1.000000  0.000083  -0.000016  -0.000083  1.000000  -0.000134  0.000016  0.000134  1.000000  0.999583  0.013725  -0.025407  -0.014168  0.999749  -0.017327  0.025163  0.017680  0.999527  0.000156  0.012677  
54.641594 0.000352  0.085416  0.002106  0.984381  0.033673  -0.172801  -0.050302  0.994416  -0.092774  0.168712  0.100017  0.980578  0.002215  -0.009827  0.002349  -0.514044  0.125129  0.324055  2.000000  0.999575  0.014112  -0.025490  -0.014573  0.999732  -0.017979  0.025230  0.018343  0.999513  0.999979  0.006407  -0.001187  -0.006419  0.999925  -0.010409  0.001120  0.010417  0.999945  1.000000  0.000080  -0.000014  -0.000080  1.000000  -0.000130  0.000014  0.000130  1.000000  0.999575  0.014112  -0.025490  -0.014573  0.999732  -0.017979  0.025230  0.018343  0.999513  0.000156  0.012284  
54.642839 0.000356  0.085403  0.002109  0.984371  0.033752  -0.172845  -0.050505  0.994341  -0.093462  0.168712  0.100731  0.980505  0.002232  -0.009943  0.002304  -0.513843  0.115438  0.322153  2.000000  0.999568  0.014488  -0.025570  -0.014967  0.999714  -0.018630  0.025292  0.019005  0.999499  0.999980  0.006217  -0.001038  -0.006228  0.999926  -0.010444  0.000973  0.010451  0.999945  1.000000  0.000078  -0.000013  -0.000078  1.000000  -0.000131  0.000013  0.000131  1.000000  0.999568  0.014488  -0.025570  -0.014967  0.999714  -0.018630  0.025292  0.019005  0.999499  0.000156  0.012202  
54.643842 0.000358  0.085392  0.002109  0.984350  0.034057  -0.172904  -0.050910  0.994270  -0.093994  0.168712  0.101326  0.980443  0.002267  -0.010057  0.002136  -0.519172  0.102511  0.319207  2.000000  0.999562  0.014778  -0.025627  -0.015271  0.999700  -0.019151  0.025336  0.019534  0.999488  0.999981  0.006015  -0.001021  -0.006025  0.999927  -0.010479  0.000958  0.010485  0.999945  1.000000  0.000075  -0.000012  -0.000075  1.000000  -0.000131  0.000012  0.000131  1.000000  0.999562  0.014778  -0.025627  -0.015271  0.999700  -0.019151  0.025336  0.019534  0.999488  0.000155  0.012129  
54.644850 0.000361  0.085380  0.002109  0.984317  0.034143  -0.173075  -0.051112  0.994207  -0.094555  0.168844  0.101918  0.980359  0.002323  -0.010135  0.002027  -0.524163  0.097526  0.312667  2.000000  0.999558  0.014991  -0.025670  -0.015495  0.999689  -0.019547  0.025369  0.019936  0.999479  0.999983  0.005812  -0.001004  -0.005823  0.999926  -0.010635  0.000942  0.010641  0.999943  1.000000  0.000073  -0.000012  -0.000073  1.000000  -0.000133  0.000012  0.000133  1.000000  0.999558  0.014991  -0.025670  -0.015495  0.999689  -0.019547  0.025369  0.019936  0.999479  0.000155  0.012164  
54.646088 0.000364  0.085366  0.002108  0.984306  0.034243  -0.173115  -0.051314  0.994142  -0.095122  0.168844  0.102512  0.980297  0.002344  -0.010241  0.001759  -0.521400  0.083691  0.307217  2.000000  0.999551  0.015338  -0.025742  -0.015860  0.999670  -0.020211  0.025424  0.020610  0.999464  0.999983  0.005812  -0.001008  -0.005822  0.999927  -0.010635  0.000946  0.010640  0.999943  1.000000  0.000073  -0.000012  -0.000073  1.000000  -0.000133  0.000012  0.000133  1.000000  0.999551  0.015338  -0.025742  -0.015860  0.999670  -0.020211  0.025424  0.020610  0.999464  0.000154  0.012163  
54.647093 0.000366  0.085355  0.002107  0.984296  0.034342  -0.173156  -0.051517  0.994077  -0.095689  0.168844  0.103107  0.980235  0.002360  -0.010306  0.001601  -0.525294  0.074885  0.307945  2.000000  0.999545  0.015610  -0.025796  -0.016147  0.999655  -0.020738  0.025463  0.021145  0.999452  0.999984  0.005623  -0.000856  -0.005632  0.999929  -0.010548  0.000797  0.010553  0.999944  1.000000  0.000070  -0.000010  -0.000070  1.000000  -0.000132  0.000010  0.000132  1.000000  0.999545  0.015610  -0.025796  -0.016147  0.999655  -0.020738  0.025463  0.021145  0.999452  0.000153  0.011986  
54.648339 0.000370  0.085341  0.002106  0.984285  0.034442  -0.173196  -0.051720  0.994012  -0.096256  0.168844  0.103701  0.980172  0.002440  -0.010400  0.001434  -0.522222  0.064940  0.299568  2.000000  0.999539  0.015942  -0.025856  -0.016497  0.999635  -0.021405  0.025505  0.021821  0.999436  0.999985  0.005435  -0.000706  -0.005442  0.999928  -0.010704  0.000648  0.010708  0.999942  1.000000  0.000068  -0.000008  -0.000068  1.000000  -0.000134  0.000008  0.000134  1.000000  0.999539  0.015942  -0.025856  -0.016497  0.999635  -0.021405  0.025505  0.021821  0.999436  0.000153  0.012027  
