1-Time 2-Px 3-Py 4-Pz 5-R11 6-R21 7-R31 8-R12 9-R22 10-R32 11-R13 12-R23 13-R33 14-Vx 15-Vy 16-Vz 17-Wx 18-Wy 19-Wz 20-state 21-PR11 22-PR21 23-PR31 24-PR12 25-PR22 26-PR32 27-PR13 28-PR23 29-PR33 
145.798939 0.008727  0.103057  0.002309  0.995327  0.082992  -0.049366  -0.082356  0.996493  0.014795  0.050421  -0.010660  0.998671  -0.000013  0.000062  -0.000063  0.000000  0.000000  0.000000  2.000000  1.000000  0.000000  0.000000  -0.000000  1.000000  0.000000  0.000000  -0.000000  1.000000  1.000000  -0.000206  -0.000002  0.000206  1.000000  -0.000010  0.000002  0.000010  1.000000  1.000000  0.000000  0.000000  0.000000  1.000000  0.000000  0.000000  0.000000  1.000000  0.793706  0.353607  0.494968  -0.378463  0.924082  -0.053283  -0.476232  -0.145035  0.867276  0.000000  0.000000  
145.800191 0.008727  0.103057  0.002309  0.995310  0.083197  -0.049363  -0.082561  0.996476  0.014805  0.050421  -0.010660  0.998671  0.000025  0.000072  -0.000031  0.000000  0.000000  0.000000  2.000000  1.000000  0.000000  0.000000  0.000000  1.000000  0.000000  0.000000  0.000000  1.000000  1.000000  0.000000  0.000000  -0.000000  1.000000  0.000000  -0.000000  -0.000000  1.000000  1.000000  0.000000  0.000000  0.000000  1.000000  0.000000  0.000000  0.000000  1.000000  1.000000  0.000000  0.000000  0.000000  1.000000  0.000000  0.000000  0.000000  1.000000  0.000000  0.000000  
145.801441 0.008730  0.103060  0.002311  0.995269  0.083615  -0.049480  -0.082970  0.996440  0.014958  0.050554  -0.010781  0.998663  0.000246  0.000270  0.000103  0.000000  0.000000  0.000000  2.000000  1.000000  0.000000  0.000000  0.000000  1.000000  0.000000  0.000000  0.000000  1.000000  1.000000  0.000413  -0.000129  -0.000413  1.000000  0.000142  0.000129  -0.000142  1.000000  1.000000  0.000000  0.000000  0.000000  1.000000  0.000000  0.000000  0.000000  1.000000  1.000000  0.000000  0.000000  0.000000  1.000000  0.000000  0.000000  0.000000  1.000000  0.000000  0.000000  
145.802691 0.008733  0.103063  0.002313  0.995228  0.084027  -0.049607  -0.083379  0.996405  0.014989  0.050688  -0.010781  0.998656  0.000467  0.000467  0.000236  0.000000  0.000000  0.000000  2.000000  1.000000  0.000000  0.000000  0.000000  1.000000  0.000000  0.000000  0.000000  1.000000  1.000000  0.000825  -0.000259  -0.000825  1.000000  0.000163  0.000259  -0.000163  1.000000  1.000000  0.000000  0.000000  0.000000  1.000000  0.000000  0.000000  0.000000  1.000000  1.000000  0.000000  0.000000  0.000000  1.000000  0.000000  0.000000  0.000000  1.000000  0.000000  0.000000  
145.803937 0.008736  0.103065  0.002314  0.995187  0.084438  -0.049734  -0.083788  0.996370  0.015021  0.050822  -0.010781  0.998650  0.000683  0.000609  0.000327  0.000000  0.000000  0.000000  2.000000  1.000000  0.000000  0.000000  0.000000  1.000000  0.000000  0.000000  0.000000  1.000000  0.999999  0.001032  -0.000390  -0.001032  0.999999  0.000174  0.000390  -0.000173  1.000000  1.000000  0.000000  0.000000  0.000000  1.000000  0.000000  0.000000  0.000000  1.000000  1.000000  0.000000  0.000000  0.000000  1.000000  0.000000  0.000000  0.000000  1.000000  0.000000  0.000000  
145.804937 0.008739  0.103067  0.002315  0.995169  0.084650  -0.049720  -0.083993  0.996351  0.015152  0.050822  -0.010902  0.998648  0.000898  0.000751  0.000418  0.000000  0.000000  0.000000  2.000000  1.000000  0.000000  0.000000  0.000000  1.000000  0.000000  0.000000  0.000000  1.000000  0.999999  0.001444  -0.000386  -0.001443  0.999999  0.000316  0.000386  -0.000315  1.000000  1.000000  0.000000  0.000000  0.000000  1.000000  0.000000  0.000000  0.000000  1.000000  1.000000  0.000000  0.000000  0.000000  1.000000  0.000000  0.000000  0.000000  1.000000  0.000000  0.000000  
145.806188 0.008744  0.103070  0.002317  0.995104  0.085268  -0.049977  -0.084607  0.996298  0.015205  0.051089  -0.010902  0.998635  0.001185  0.000991  0.000606  0.000000  0.000000  0.000000  2.000000  1.000000  0.000000  0.000000  0.000000  1.000000  0.000000  0.000000  0.000000  1.000000  0.999998  0.001856  -0.000515  -0.001856  0.999998  0.000337  0.000515  -0.000336  1.000000  1.000000  0.000000  0.000000  0.000000  1.000000  0.000000  0.000000  0.000000  1.000000  1.000000  0.000000  0.000000  0.000000  1.000000  0.000000  0.000000  0.000000  1.000000  0.000000  0.000000  
145.807437 0.008749  0.103074  0.002320  0.995038  0.085886  -0.050234  -0.085220  0.996245  0.015259  0.051356  -0.010902  0.998621  0.001523  0.001239  0.000796  0.000000  0.000000  0.000000  2.000000  1.000000  0.000000  0.000000  0.000000  1.000000  0.000000  0.000000  0.000000  1.000000  0.999997  0.002476  -0.000776  -0.002476  0.999997  0.000369  0.000777  -0.000367  1.000000  1.000000  0.000000  0.000000  0.000000  1.000000  0.000000  0.000000  0.000000  1.000000  1.000000  0.000000  0.000000  0.000000  1.000000  0.000000  0.000000  0.000000  1.000000  0.000000  0.000000  
145.808438 0.008752  0.103077  0.002322  0.994978  0.086503  -0.050358  -0.085834  0.996192  0.015301  0.051490  -0.010902  0.998614  0.001715  0.001405  0.000907  0.000000  0.000000  0.000000  2.000000  1.000000  0.000000  0.000000  0.000000  1.000000  0.000000  0.000000  0.000000  1.000000  0.999995  0.003094  -0.000903  -0.003094  0.999995  0.000401  0.000904  -0.000398  1.000000  1.000000  0.000000  0.000000  0.000000  1.000000  0.000000  0.000000  0.000000  1.000000  1.000000  0.000000  0.000000  0.000000  1.000000  0.000000  0.000000  0.000000  1.000000  0.000000  0.000000  
145.809438 0.008755  0.103079  0.002323  0.994918  0.087120  -0.050482  -0.086448  0.996138  0.015344  0.051623  -0.010902  0.998607  0.001950  0.001600  0.001009  0.000000  0.000000  0.000000  2.000000  1.000000  0.000000  0.000000  0.000000  1.000000  0.000000  0.000000  0.000000  1.000000  0.999992  0.003714  -0.001163  -0.003713  0.999993  0.000434  0.001165  -0.000430  0.999999  1.000000  0.000000  0.000000  0.000000  1.000000  0.000000  0.000000  0.000000  1.000000  1.000000  0.000000  0.000000  0.000000  1.000000  0.000000  0.000000  0.000000  1.000000  0.000000  0.000000  
145.810686 0.008759  0.103084  0.002325  0.994858  0.087742  -0.050594  -0.087062  0.996082  0.015508  0.051757  -0.011023  0.998599  0.002211  0.001847  0.001096  0.000000  0.000000  0.000000  2.000000  1.000000  0.000000  0.000000  0.000000  1.000000  0.000000  0.000000  0.000000  1.000000  0.999990  0.004332  -0.001290  -0.004332  0.999990  0.000588  0.001292  -0.000582  0.999999  1.000000  0.000000  0.000000  0.000000  1.000000  0.000000  0.000000  0.000000  1.000000  1.000000  0.000000  0.000000  0.000000  1.000000  0.000000  0.000000  0.000000  1.000000  0.000000  0.000000  
145.811688 0.008763  0.103088  0.002327  0.994790  0.088360  -0.050851  -0.087675  0.996028  0.015562  0.052024  -0.011023  0.998585  0.002522  0.002179  0.001239  0.021090  0.052082  0.173323  2.000000  1.000000  0.000000  0.000000  0.000000  1.000000  0.000000  0.000000  0.000000  1.000000  0.999987  0.004951  -0.001417  -0.004950  0.999988  0.000620  0.001420  -0.000613  0.999999  1.000000  0.000000  0.000000  0.000000  1.000000  0.000000  0.000000  0.000000  1.000000  1.000000  0.000000  0.000000  0.000000  1.000000  0.000000  0.000000  0.000000  1.000000  0.000000  0.000000  
145.812692 0.008768  0.103093  0.002329  0.994728  0.088983  -0.050964  -0.088289  0.995971  0.015726  0.052158  -0.011144  0.998577  0.002824  0.002513  0.001386  0.026237  0.056331  0.194065  2.000000  1.000000  0.000200  0.000191  -0.000200  1.000000  0.000033  -0.000191  -0.000033  1.000000  0.999983  0.005569  -0.001543  -0.005568  0.999984  0.000774  0.001547  -0.000766  0.999999  1.000000  0.000052  0.000051  -0.000052  1.000000  0.000010  -0.000051  -0.000010  1.000000  1.000000  0.000200  0.000191  -0.000200  1.000000  0.000033  -0.000191  -0.000033  1.000000  0.000049  0.005830  
145.813944 0.008773  0.103100  0.002332  0.994667  0.089600  -0.051087  -0.088902  0.995916  0.015770  0.052291  -0.011144  0.998570  0.003185  0.002910  0.001578  0.027313  0.060594  0.214814  2.000000  1.000000  0.000481  0.000463  -0.000482  1.000000  0.000083  -0.000463  -0.000083  1.000000  0.999978  0.006394  -0.001801  -0.006393  0.999979  0.000819  0.001806  -0.000807  0.999998  1.000000  0.000059  0.000058  -0.000059  1.000000  0.000010  -0.000058  -0.000010  1.000000  1.000000  0.000481  0.000463  -0.000482  1.000000  0.000083  -0.000463  -0.000083  1.000000  0.000056  0.006693  
145.815196 0.008781  0.103108  0.002335  0.994579  0.090429  -0.051329  -0.089720  0.995839  0.015957  0.052559  -0.011265  0.998554  0.003619  0.003386  0.001739  0.032839  0.069261  0.242523  2.000000  0.999999  0.000737  0.000712  -0.000737  1.000000  0.000128  -0.000712  -0.000128  1.000000  0.999972  0.007220  -0.002058  -0.007218  0.999973  0.000985  0.002065  -0.000970  0.999997  1.000000  0.000067  0.000065  -0.000067  1.000000  0.000012  -0.000065  -0.000012  1.000000  0.999999  0.000737  0.000712  -0.000737  1.000000  0.000128  -0.000712  -0.000128  1.000000  0.000064  0.007571  
145.816437 0.008789  0.103116  0.002338  0.994491  0.091252  -0.051582  -0.090538  0.995764  0.016023  0.052826  -0.011265  0.998540  0.003892  0.003710  0.001837  0.034309  0.077969  0.270320  2.000000  0.999999  0.001091  0.001055  -0.001091  0.999999  0.000190  -0.001055  -0.000191  0.999999  0.999967  0.007840  -0.002318  -0.007837  0.999969  0.001019  0.002326  -0.001001  0.999997  1.000000  0.000074  0.000070  -0.000074  1.000000  0.000013  -0.000070  -0.000013  1.000000  0.999999  0.001091  0.001055  -0.001091  0.999999  0.000190  -0.001055  -0.000191  0.999999  0.000069  0.008238  
145.817437 0.008794  0.103122  0.002342  0.994421  0.091870  -0.051838  -0.091151  0.995707  0.016079  0.053093  -0.011264  0.998526  0.004125  0.004004  0.001948  0.035419  0.086732  0.291139  2.000000  0.999998  0.001402  0.001355  -0.001402  0.999999  0.000241  -0.001355  -0.000243  0.999999  0.999961  0.008458  -0.002445  -0.008455  0.999964  0.001053  0.002454  -0.001032  0.999996  1.000000  0.000079  0.000076  -0.000079  1.000000  0.000013  -0.000076  -0.000013  1.000000  0.999998  0.001402  0.001355  -0.001402  0.999999  0.000241  -0.001355  -0.000243  0.999999  0.000075  0.008866  
145.818459 0.008800  0.103128  0.002344  0.994376  0.092288  -0.051954  -0.091560  0.995667  0.016234  0.053227  -0.011386  0.998518  0.004341  0.004291  0.002069  0.040204  0.090995  0.304801  2.000000  0.999997  0.001735  0.001672  -0.001736  0.999998  0.000297  -0.001671  -0.000299  0.999999  0.999955  0.009078  -0.002704  -0.009075  0.999958  0.001209  0.002715  -0.001185  0.999996  1.000000  0.000086  0.000081  -0.000086  1.000000  0.000015  -0.000081  -0.000015  1.000000  0.999997  0.001735  0.001672  -0.001736  0.999998  0.000297  -0.001671  -0.000299  0.999999  0.000080  0.009548  
145.819692 0.008806  0.103134  0.002349  0.994305  0.092906  -0.052210  -0.092172  0.995610  0.016290  0.053494  -0.011385  0.998503  0.004501  0.004567  0.002268  0.041346  0.099811  0.325802  2.000000  0.999996  0.002096  0.002014  -0.002097  0.999998  0.000357  -0.002013  -0.000361  0.999998  0.999947  0.009903  -0.002962  -0.009900  0.999950  0.001256  0.002974  -0.001226  0.999995  1.000000  0.000094  0.000089  -0.000094  1.000000  0.000016  -0.000089  -0.000016  1.000000  0.999996  0.002096  0.002014  -0.002097  0.999998  0.000357  -0.002013  -0.000361  0.999998  0.000086  0.010411  
145.820938 0.008813  0.103141  0.002354  0.994215  0.093729  -0.052462  -0.092990  0.995533  0.016358  0.053761  -0.011385  0.998489  0.004702  0.004829  0.002509  0.042834  0.108504  0.353552  2.000000  0.999994  0.002578  0.002468  -0.002579  0.999997  0.000434  -0.002467  -0.000441  0.999997  0.999942  0.010316  -0.003091  -0.010312  0.999946  0.001279  0.003104  -0.001247  0.999994  1.000000  0.000098  0.000092  -0.000098  1.000000  0.000016  -0.000092  -0.000016  1.000000  0.999994  0.002578  0.002468  -0.002579  0.999997  0.000434  -0.002467  -0.000441  0.999997  0.000090  0.010843  
145.821941 0.008819  0.103147  0.002359  0.994169  0.094140  -0.052589  -0.093398  0.995494  0.016392  0.053895  -0.011385  0.998482  0.004820  0.004953  0.002664  0.043586  0.112866  0.367479  2.000000  0.999992  0.002977  0.002840  -0.002978  0.999995  0.000495  -0.002838  -0.000504  0.999996  0.999942  0.010318  -0.003225  -0.010314  0.999946  0.001161  0.003236  -0.001127  0.999994  1.000000  0.000099  0.000091  -0.000099  1.000000  0.000014  -0.000091  -0.000014  1.000000  0.999992  0.002977  0.002840  -0.002978  0.999995  0.000495  -0.002838  -0.000504  0.999996  0.000095  0.010870  
145.822975 0.008824  0.103152  0.002364  0.994116  0.094547  -0.052859  -0.093806  0.995457  0.016318  0.054162  -0.011264  0.998469  0.004925  0.005105  0.002903  0.040225  0.121557  0.380847  2.000000  0.999990  0.003282  0.003123  -0.003283  0.999994  0.000535  -0.003121  -0.000545  0.999995  0.999937  0.010728  -0.003221  -0.010725  0.999942  0.001063  0.003232  -0.001028  0.999994  1.000000  0.000102  0.000096  -0.000102  1.000000  0.000013  -0.000096  -0.000013  1.000000  0.999990  0.003282  0.003123  -0.003283  0.999994  0.000535  -0.003121  -0.000545  0.999995  0.000100  0.011250  
145.824190 0.008829  0.103157  0.002371  0.994070  0.094958  -0.052986  -0.094215  0.995418  0.016353  0.054296  -0.011264  0.998461  0.005037  0.005226  0.003211  0.041023  0.126044  0.395159  2.000000  0.999987  0.003697  0.003502  -0.003699  0.999993  0.000586  -0.003500  -0.000599  0.999994  0.999936  0.010731  -0.003489  -0.010728  0.999942  0.001066  0.003500  -0.001028  0.999993  1.000000  0.000105  0.000094  -0.000105  1.000000  0.000013  -0.000094  -0.000013  1.000000  0.999987  0.003697  0.003502  -0.003699  0.999993  0.000586  -0.003500  -0.000599  0.999994  0.000104  0.011333  
145.825438 0.008835  0.103162  0.002377  0.994024  0.095363  -0.053123  -0.094624  0.995380  0.016266  0.054429  -0.011143  0.998455  0.005096  0.005305  0.003521  0.037711  0.130458  0.409154  2.000000  0.999983  0.004225  0.003981  -0.004227  0.999991  0.000644  -0.003978  -0.000661  0.999992  0.999934  0.010936  -0.003487  -0.010933  0.999940  0.000957  0.003498  -0.000919  0.999993  1.000000  0.000106  0.000097  -0.000106  1.000000  0.000012  -0.000097  -0.000012  1.000000  0.999983  0.004225  0.003981  -0.004227  0.999991  0.000644  -0.003978  -0.000661  0.999992  0.000108  0.011518  
145.826687 0.008841  0.103168  0.002383  0.993978  0.095768  -0.053261  -0.095032  0.995343  0.016180  0.054563  -0.011021  0.998450  0.005161  0.005332  0.003760  0.034383  0.134808  0.422947  2.000000  0.999979  0.004757  0.004460  -0.004760  0.999988  0.000691  -0.004457  -0.000712  0.999990  0.999934  0.010936  -0.003489  -0.010934  0.999940  0.000716  0.003496  -0.000678  0.999994  1.000000  0.000106  0.000097  -0.000106  1.000000  0.000009  -0.000097  -0.000009  1.000000  0.999979  0.004757  0.004460  -0.004760  0.999988  0.000691  -0.004457  -0.000712  0.999990  0.000111  0.011500  
145.827687 0.008846  0.103173  0.002388  0.993951  0.095974  -0.053391  -0.095236  0.995323  0.016204  0.054696  -0.011021  0.998442  0.005195  0.005362  0.003919  0.034780  0.139250  0.429968  2.000000  0.999975  0.005178  0.004837  -0.005181  0.999986  0.000724  -0.004833  -0.000749  0.999988  0.999939  0.010525  -0.003494  -0.010522  0.999944  0.000695  0.003501  -0.000658  0.999994  1.000000  0.000104  0.000092  -0.000104  1.000000  0.000008  -0.000092  -0.000008  1.000000  0.999975  0.005178  0.004837  -0.005181  0.999986  0.000724  -0.004833  -0.000749  0.999988  0.000113  0.011110  
145.828695 0.008850  0.103179  0.002393  0.993924  0.096181  -0.053521  -0.095440  0.995303  0.016228  0.054830  -0.011021  0.998435  0.005174  0.005359  0.004119  0.035531  0.143572  0.443757  2.000000  0.999971  0.005583  0.005198  -0.005587  0.999984  0.000755  -0.005194  -0.000784  0.999986  0.999943  0.010112  -0.003365  -0.010110  0.999949  0.000674  0.003371  -0.000640  0.999994  1.000000  0.000100  0.000088  -0.000100  1.000000  0.000008  -0.000088  -0.000008  1.000000  0.999971  0.005583  0.005198  -0.005587  0.999984  0.000755  -0.005194  -0.000784  0.999986  0.000117  0.010677  
145.829941 0.008854  0.103184  0.002397  0.993897  0.096380  -0.053662  -0.095644  0.995285  0.016131  0.054964  -0.010900  0.998429  0.004948  0.005200  0.004243  0.031491  0.148126  0.443889  2.000000  0.999966  0.006075  0.005626  -0.006079  0.999981  0.000787  -0.005622  -0.000821  0.999984  0.999947  0.009700  -0.003370  -0.009699  0.999953  0.000531  0.003375  -0.000499  0.999994  1.000000  0.000097  0.000084  -0.000097  1.000000  0.000006  -0.000084  -0.000006  1.000000  0.999966  0.006075  0.005626  -0.006079  0.999981  0.000787  -0.005622  -0.000821  0.999984  0.000118  0.010282  
145.831191 0.008858  0.103191  0.002403  0.993863  0.096582  -0.053936  -0.095847  0.995267  0.016047  0.055231  -0.010779  0.998415  0.004726  0.005143  0.004346  0.023059  0.152699  0.437026  2.000000  0.999961  0.006454  0.005953  -0.006459  0.999979  0.000807  -0.005947  -0.000845  0.999982  0.999952  0.009288  -0.003241  -0.009286  0.999957  0.000389  0.003245  -0.000359  0.999995  1.000000  0.000093  0.000080  -0.000093  1.000000  0.000005  -0.000080  -0.000005  1.000000  0.999961  0.006454  0.005953  -0.006459  0.999979  0.000807  -0.005947  -0.000845  0.999982  0.000116  0.009844  
145.832437 0.008861  0.103197  0.002407  0.993863  0.096582  -0.053936  -0.095847  0.995267  0.016047  0.055231  -0.010779  0.998415  0.004415  0.004995  0.004358  0.022358  0.148370  0.423209  2.000000  0.999956  0.006911  0.006329  -0.006917  0.999976  0.000819  -0.006323  -0.000862  0.999980  0.999957  0.008670  -0.003249  -0.008670  0.999962  0.000235  0.003251  -0.000206  0.999995  1.000000  0.000089  0.000074  -0.000089  1.000000  0.000003  -0.000074  -0.000003  1.000000  0.999956  0.006911  0.006329  -0.006917  0.999976  0.000819  -0.006323  -0.000862  0.999980  0.000112  0.009262  
145.833438 0.008863  0.103202  0.002411  0.993855  0.096577  -0.054081  -0.095847  0.995269  0.015939  0.055364  -0.010658  0.998409  0.004221  0.004945  0.004434  0.017792  0.151687  0.412852  2.000000  0.999952  0.007259  0.006605  -0.007264  0.999973  0.000824  -0.006599  -0.000872  0.999978  0.999962  0.008053  -0.003257  -0.008053  0.999968  0.000080  0.003258  -0.000054  0.999995  1.000000  0.000086  0.000067  -0.000086  1.000000  0.000001  -0.000067  -0.000001  1.000000  0.999952  0.007259  0.006605  -0.007264  0.999973  0.000824  -0.006599  -0.000872  0.999978  0.000111  0.008687  
145.834692 0.008865  0.103208  0.002416  0.993828  0.096776  -0.054222  -0.096050  0.995250  0.015842  0.055498  -0.010536  0.998403  0.003939  0.004906  0.004484  0.009471  0.153000  0.409311  2.000000  0.999947  0.007669  0.006923  -0.007675  0.999970  0.000815  -0.006916  -0.000868  0.999976  0.999967  0.007435  -0.003131  -0.007435  0.999972  -0.000195  0.003130  0.000219  0.999995  1.000000  0.000080  0.000061  -0.000080  1.000000  -0.000003  -0.000061  0.000003  1.000000  0.999947  0.007669  0.006923  -0.007675  0.999970  0.000815  -0.006916  -0.000868  0.999976  0.000110  0.008070  
145.835941 0.008866  0.103213  0.002422  0.993828  0.096770  -0.054234  -0.096050  0.995252  0.015722  0.055498  -0.010415  0.998404  0.003462  0.004731  0.004494  0.004343  0.144260  0.388495  2.000000  0.999942  0.008048  0.007199  -0.008054  0.999967  0.000794  -0.007192  -0.000852  0.999974  0.999975  0.006403  -0.002876  -0.006405  0.999979  -0.000495  0.002873  0.000513  0.999996  1.000000  0.000071  0.000051  -0.000071  1.000000  -0.000006  -0.000051  0.000006  1.000000  0.999942  0.008048  0.007199  -0.008054  0.999967  0.000794  -0.007192  -0.000852  0.999974  0.000106  0.007038  
145.837188 0.008867  0.103217  0.002428  0.993848  0.096558  -0.054249  -0.095846  0.995274  0.015590  0.055498  -0.010294  0.998406  0.003095  0.004603  0.004485  -0.001160  0.135594  0.360778  2.000000  0.999937  0.008387  0.007439  -0.008393  0.999964  0.000756  -0.007432  -0.000818  0.999972  0.999980  0.005784  -0.002616  -0.005785  0.999983  -0.000651  0.002612  0.000666  0.999996  1.000000  0.000064  0.000046  -0.000064  1.000000  -0.000008  -0.000046  0.000008  1.000000  0.999937  0.008387  0.007439  -0.008393  0.999964  0.000756  -0.007432  -0.000818  0.999972  0.000099  0.006382  
145.838189 0.008868  0.103220  0.002432  0.993848  0.096552  -0.054261  -0.095846  0.995276  0.015469  0.055498  -0.010173  0.998407  0.002794  0.004528  0.004399  -0.005927  0.134635  0.344072  2.000000  0.999936  0.008509  0.007520  -0.008515  0.999963  0.000736  -0.007513  -0.000800  0.999971  0.999985  0.004960  -0.002491  -0.004962  0.999987  -0.000818  0.002487  0.000830  0.999997  1.000000  0.000000  0.000000  0.000000  1.000000  0.000000  0.000000  0.000000  1.000000  0.999936  0.008509  0.007520  -0.008515  0.999963  0.000736  -0.007513  -0.000800  0.999971  0.000092  0.000000  
145.839438 0.008868  0.103224  0.002437  0.993840  0.096540  -0.054417  -0.095845  0.995280  0.015240  0.055632  -0.009931  0.998402  0.002465  0.004423  0.004374  -0.015417  0.130505  0.316601  2.000000  0.999936  0.008509  0.007520  -0.008515  0.999963  0.000736  -0.007513  -0.000800  0.999971  0.999988  0.004341  -0.002364  -0.004344  0.999990  -0.001094  0.002359  0.001104  0.999997  1.000000  0.000000  0.000000  0.000000  1.000000  0.000000  0.000000  0.000000  1.000000  0.999936  0.008509  0.007520  -0.008515  0.999963  0.000736  -0.007513  -0.000800  0.999971  0.000087  0.000000  
145.840687 0.008867  0.103228  0.002443  0.993840  0.096533  -0.054429  -0.095845  0.995281  0.015120  0.055632  -0.009810  0.998403  0.002098  0.004310  0.004356  -0.025145  0.122888  0.291506  2.000000  0.999936  0.008509  0.007520  -0.008515  0.999963  0.000736  -0.007513  -0.000800  0.999971  0.999991  0.003721  -0.002104  -0.003724  0.999992  -0.001371  0.002099  0.001379  0.999997  1.000000  0.000000  0.000000  0.000000  1.000000  0.000000  0.000000  0.000000  1.000000  0.999936  0.008509  0.007520  -0.008515  0.999963  0.000736  -0.007513  -0.000800  0.999971  0.000081  0.000000  
145.841942 0.008868  0.103232  0.002450  0.993853  0.096323  -0.054577  -0.095640  0.995303  0.015000  0.055765  -0.009689  0.998397  0.001673  0.004180  0.004343  -0.030678  0.123203  0.263882  2.000000  0.999936  0.008509  0.007520  -0.008515  0.999963  0.000736  -0.007513  -0.000800  0.999971  0.999994  0.002692  -0.001981  -0.002695  0.999995  -0.001549  0.001977  0.001554  0.999997  1.000000  0.000000  0.000000  0.000000  1.000000  0.000000  0.000000  0.000000  1.000000  0.999936  0.008509  0.007520  -0.008515  0.999963  0.000736  -0.007513  -0.000800  0.999971  0.000074  0.000000  
145.843189 0.008868  0.103237  0.002455  0.993853  0.096310  -0.054600  -0.095640  0.995307  0.014759  0.055765  -0.009446  0.998399  0.001330  0.004030  0.004314  -0.043646  0.117944  0.241072  2.000000  0.999936  0.008509  0.007520  -0.008515  0.999963  0.000736  -0.007513  -0.000800  0.999971  0.999996  0.002072  -0.001719  -0.002075  0.999997  -0.001583  0.001716  0.001587  0.999997  1.000000  0.000000  0.000000  0.000000  1.000000  0.000000  0.000000  0.000000  1.000000  0.999936  0.008509  0.007520  -0.008515  0.999963  0.000736  -0.007513  -0.000800  0.999971  0.000069  0.000000  
145.844435 0.008868  0.103241  0.002460  0.993872  0.096098  -0.054615  -0.095435  0.995328  0.014627  0.055765  -0.009325  0.998400  0.001049  0.003890  0.004321  -0.049529  0.109423  0.206773  2.000000  0.999936  0.008509  0.007520  -0.008515  0.999963  0.000736  -0.007513  -0.000800  0.999971  0.999998  0.001247  -0.001460  -0.001250  0.999997  -0.001872  0.001458  0.001874  0.999997  1.000000  0.000000  0.000000  0.000000  1.000000  0.000000  0.000000  0.000000  1.000000  0.999936  0.008509  0.007520  -0.008515  0.999963  0.000736  -0.007513  -0.000800  0.999971  0.000060  0.000000  
145.845441 0.008867  0.103243  0.002464  0.993865  0.096093  -0.054759  -0.095434  0.995330  0.014519  0.055899  -0.009204  0.998394  0.000811  0.003756  0.004293  -0.058701  0.109623  0.186190  2.000000  0.999936  0.008509  0.007520  -0.008515  0.999963  0.000736  -0.007513  -0.000800  0.999971  0.999998  0.001042  -0.001462  -0.001044  0.999998  -0.001762  0.001460  0.001763  0.999997  1.000000  0.000000  0.000000  0.000000  1.000000  0.000000  0.000000  0.000000  1.000000  0.999936  0.008509  0.007520  -0.008515  0.999963  0.000736  -0.007513  -0.000800  0.999971  0.000057  0.000000  
145.846687 0.008867  0.103247  0.002470  0.993865  0.096086  -0.054771  -0.095434  0.995332  0.014398  0.055899  -0.009083  0.998395  0.000502  0.003584  0.004409  0.000000  0.000000  0.000000  2.000000  0.999936  0.008509  0.007520  -0.008515  0.999963  0.000736  -0.007513  -0.000800  0.999971  0.999999  0.000629  -0.001332  -0.000631  0.999998  -0.001906  0.001331  0.001907  0.999997  1.000000  0.000000  0.000000  0.000000  1.000000  0.000000  0.000000  0.000000  1.000000  0.999936  0.008509  0.007520  -0.008515  0.999963  0.000736  -0.007513  -0.000800  0.999971  0.000000  0.000000  
145.847691 0.008867  0.103251  0.002474  0.993885  0.095875  -0.054786  -0.095230  0.995353  0.014266  0.055899  -0.008962  0.998396  0.000363  0.003495  0.004436  0.000000  0.000000  0.000000  2.000000  0.999936  0.008509  0.007520  -0.008515  0.999963  0.000736  -0.007513  -0.000800  0.999971  0.999999  0.000217  -0.001202  -0.000219  0.999998  -0.001929  0.001202  0.001929  0.999997  1.000000  0.000000  0.000000  0.000000  1.000000  0.000000  0.000000  0.000000  1.000000  0.999936  0.008509  0.007520  -0.008515  0.999963  0.000736  -0.007513  -0.000800  0.999971  0.000000  0.000000  
145.848942 0.008866  0.103255  0.002479  0.993892  0.095867  -0.054664  -0.095231  0.995355  0.014133  0.055765  -0.008841  0.998405  0.000120  0.003361  0.004440  0.000000  0.000000  0.000000  2.000000  0.999936  0.008509  0.007520  -0.008515  0.999963  0.000736  -0.007513  -0.000800  0.999971  1.000000  -0.000197  -0.000938  0.000195  0.999998  -0.002074  0.000939  0.002073  0.999997  1.000000  0.000000  0.000000  0.000000  1.000000  0.000000  0.000000  0.000000  1.000000  0.999936  0.008509  0.007520  -0.008515  0.999963  0.000736  -0.007513  -0.000800  0.999971  0.000000  0.000000  
145.850192 0.008864  0.103258  0.002483  0.993912  0.095655  -0.054679  -0.095026  0.995376  0.014001  0.055765  -0.008720  0.998406  -0.000081  0.003216  0.004317  0.000000  0.000000  0.000000  2.000000  0.999936  0.008509  0.007520  -0.008515  0.999963  0.000736  -0.007513  -0.000800  0.999971  0.999999  -0.000610  -0.000808  0.000608  0.999998  -0.002096  0.000809  0.002096  0.999997  1.000000  0.000000  0.000000  0.000000  1.000000  0.000000  0.000000  0.000000  1.000000  0.999936  0.008509  0.007520  -0.008515  0.999963  0.000736  -0.007513  -0.000800  0.999971  0.000000  0.000000  
145.851442 0.008863  0.103260  0.002487  0.993912  0.095655  -0.054679  -0.095026  0.995376  0.014001  0.055765  -0.008720  0.998406  -0.000274  0.003049  0.004205  0.000000  0.000000  0.000000  2.000000  0.999936  0.008509  0.007520  -0.008515  0.999963  0.000736  -0.007513  -0.000800  0.999971  0.999999  -0.000816  -0.000676  0.000815  0.999997  -0.002229  0.000678  0.002229  0.999997  1.000000  0.000000  0.000000  0.000000  1.000000  0.000000  0.000000  0.000000  1.000000  0.999936  0.008509  0.007520  -0.008515  0.999963  0.000736  -0.007513  -0.000800  0.999971  0.000000  0.000000  
145.852691 0.008862  0.103263  0.002491  0.993912  0.095649  -0.054690  -0.095026  0.995378  0.013880  0.055765  -0.008599  0.998407  -0.000383  0.002940  0.004073  0.000000  0.000000  0.000000  2.000000  0.999936  0.008509  0.007520  -0.008515  0.999963  0.000736  -0.007513  -0.000800  0.999971  1.000000  -0.000818  -0.000542  0.000816  0.999997  -0.002229  0.000544  0.002229  0.999997  1.000000  0.000000  0.000000  0.000000  1.000000  0.000000  0.000000  0.000000  1.000000  0.999936  0.008509  0.007520  -0.008515  0.999963  0.000736  -0.007513  -0.000800  0.999971  0.000000  0.000000  
145.853692 0.008861  0.103266  0.002494  0.993912  0.095642  -0.054702  -0.095026  0.995380  0.013759  0.055765  -0.008477  0.998408  -0.000429  0.002951  0.004029  0.000000  0.000000  0.000000  2.000000  0.999936  0.008509  0.007520  -0.008515  0.999963  0.000736  -0.007513  -0.000800  0.999971  1.000000  -0.000819  -0.000408  0.000818  0.999997  -0.002229  0.000410  0.002229  0.999997  1.000000  0.000000  0.000000  0.000000  1.000000  0.000000  0.000000  0.000000  1.000000  0.999936  0.008509  0.007520  -0.008515  0.999963  0.000736  -0.007513  -0.000800  0.999971  0.000000  0.000000  
145.854938 0.008862  0.103269  0.002498  0.993912  0.095635  -0.054713  -0.095026  0.995381  0.013639  0.055765  -0.008356  0.998409  -0.000404  0.002919  0.003891  0.000000  0.000000  0.000000  2.000000  0.999936  0.008509  0.007520  -0.008515  0.999963  0.000736  -0.007513  -0.000800  0.999971  0.999999  -0.001025  -0.000276  0.001025  0.999997  -0.002241  0.000278  0.002240  0.999997  1.000000  0.000000  0.000000  0.000000  1.000000  0.000000  0.000000  0.000000  1.000000  0.999936  0.008509  0.007520  -0.008515  0.999963  0.000736  -0.007513  -0.000800  0.999971  0.000000  0.000000  
145.855938 0.008862  0.103272  0.002502  0.993931  0.095430  -0.054716  -0.094821  0.995401  0.013627  0.055765  -0.008356  0.998409  -0.000405  0.002872  0.003796  0.000000  0.000000  0.000000  2.000000  0.999936  0.008509  0.007520  -0.008515  0.999963  0.000736  -0.007513  -0.000800  0.999971  0.999999  -0.001025  -0.000276  0.001025  0.999997  -0.002241  0.000278  0.002240  0.999997  1.000000  0.000000  0.000000  0.000000  1.000000  0.000000  0.000000  0.000000  1.000000  0.999936  0.008509  0.007520  -0.008515  0.999963  0.000736  -0.007513  -0.000800  0.999971  0.000000  0.000000  
145.857188 0.008863  0.103276  0.002507  0.993931  0.095424  -0.054728  -0.094821  0.995403  0.013507  0.055765  -0.008235  0.998410  -0.000326  0.002845  0.003798  0.000000  0.000000  0.000000  2.000000  0.999936  0.008509  0.007520  -0.008515  0.999963  0.000736  -0.007513  -0.000800  0.999971  0.999999  -0.001231  -0.000278  0.001230  0.999997  -0.002131  0.000280  0.002131  0.999998  1.000000  0.000000  0.000000  0.000000  1.000000  0.000000  0.000000  0.000000  1.000000  0.999936  0.008509  0.007520  -0.008515  0.999963  0.000736  -0.007513  -0.000800  0.999971  0.000000  0.000000  
145.858438 0.008865  0.103280  0.002513  0.993931  0.095424  -0.054728  -0.094821  0.995403  0.013507  0.055765  -0.008235  0.998410  -0.000209  0.002846  0.003758  0.000000  0.000000  0.000000  2.000000  0.999936  0.008509  0.007520  -0.008515  0.999963  0.000736  -0.007513  -0.000800  0.999971  0.999999  -0.001026  -0.000276  0.001025  0.999997  -0.001998  0.000278  0.001998  0.999998  1.000000  0.000000  0.000000  0.000000  1.000000  0.000000  0.000000  0.000000  1.000000  0.999936  0.008509  0.007520  -0.008515  0.999963  0.000736  -0.007513  -0.000800  0.999971  0.000000  0.000000  
145.859688 0.008868  0.103284  0.002518  0.993931  0.095417  -0.054739  -0.094821  0.995404  0.013386  0.055765  -0.008114  0.998411  0.000017  0.002845  0.003768  0.000000  0.000000  0.000000  2.000000  0.999936  0.008509  0.007520  -0.008515  0.999963  0.000736  -0.007513  -0.000800  0.999971  0.999999  -0.001027  -0.000142  0.001026  0.999998  -0.001877  0.000144  0.001877  0.999998  1.000000  0.000000  0.000000  0.000000  1.000000  0.000000  0.000000  0.000000  1.000000  0.999936  0.008509  0.007520  -0.008515  0.999963  0.000736  -0.007513  -0.000800  0.999971  0.000000  0.000000  
145.860940 0.008871  0.103288  0.002523  0.993912  0.095622  -0.054737  -0.095026  0.995385  0.013397  0.055765  -0.008114  0.998411  0.000266  0.002880  0.003770  0.000000  0.000000  0.000000  2.000000  0.999936  0.008509  0.007520  -0.008515  0.999963  0.000736  -0.007513  -0.000800  0.999971  1.000000  -0.000821  -0.000140  0.000821  0.999998  -0.001744  0.000142  0.001744  0.999998  1.000000  0.000000  0.000000  0.000000  1.000000  0.000000  0.000000  0.000000  1.000000  0.999936  0.008509  0.007520  -0.008515  0.999963  0.000736  -0.007513  -0.000800  0.999971  0.000000  0.000000  
145.861943 0.008873  0.103291  0.002527  0.993912  0.095615  -0.054748  -0.095026  0.995386  0.013276  0.055765  -0.007993  0.998412  0.000455  0.002883  0.003761  0.000000  0.000000  0.000000  2.000000  0.999936  0.008509  0.007520  -0.008515  0.999963  0.000736  -0.007513  -0.000800  0.999971  1.000000  -0.000617  -0.000005  0.000617  0.999998  -0.001733  0.000006  0.001733  0.999998  1.000000  0.000000  0.000000  0.000000  1.000000  0.000000  0.000000  0.000000  1.000000  0.999936  0.008509  0.007520  -0.008515  0.999963  0.000736  -0.007513  -0.000800  0.999971  0.000000  0.000000  
145.863205 0.008878  0.103296  0.002533  0.993912  0.095615  -0.054748  -0.095026  0.995386  0.013276  0.055765  -0.007993  0.998412  0.000793  0.002921  0.003778  0.000000  0.000000  0.000000  2.000000  0.999936  0.008509  0.007520  -0.008515  0.999963  0.000736  -0.007513  -0.000800  0.999971  1.000000  -0.000617  -0.000005  0.000617  0.999999  -0.001611  0.000006  0.001611  0.999999  1.000000  0.000000  0.000000  0.000000  1.000000  0.000000  0.000000  0.000000  1.000000  0.999936  0.008509  0.007520  -0.008515  0.999963  0.000736  -0.007513  -0.000800  0.999971  0.000000  0.000000  
145.864439 0.008882  0.103300  0.002538  0.993912  0.095609  -0.054760  -0.095026  0.995388  0.013156  0.055765  -0.007872  0.998413  0.001181  0.002969  0.003865  0.000000  0.000000  0.000000  2.000000  0.999936  0.008509  0.007520  -0.008515  0.999963  0.000736  -0.007513  -0.000800  0.999971  1.000000  -0.000411  -0.000003  0.000411  0.999999  -0.001600  0.000004  0.001600  0.999999  1.000000  0.000000  0.000000  0.000000  1.000000  0.000000  0.000000  0.000000  1.000000  0.999936  0.008509  0.007520  -0.008515  0.999963  0.000736  -0.007513  -0.000800  0.999971  0.000000  0.000000  
145.865442 0.008886  0.103303  0.002541  0.993912  0.095609  -0.054760  -0.095026  0.995388  0.013156  0.055765  -0.007872  0.998413  0.001489  0.003032  0.003828  0.000000  0.000000  0.000000  2.000000  0.999936  0.008509  0.007520  -0.008515  0.999963  0.000736  -0.007513  -0.000800  0.999971  1.000000  -0.000411  -0.000003  0.000411  0.999999  -0.001479  0.000004  0.001479  0.999999  1.000000  0.000000  0.000000  0.000000  1.000000  0.000000  0.000000  0.000000  1.000000  0.999936  0.008509  0.007520  -0.008515  0.999963  0.000736  -0.007513  -0.000800  0.999971  0.000000  0.000000  
145.866443 0.008889  0.103307  0.002544  0.993912  0.095609  -0.054760  -0.095026  0.995388  0.013156  0.055765  -0.007872  0.998413  0.001826  0.003129  0.003816  0.000000  0.000000  0.000000  2.000000  0.999936  0.008509  0.007520  -0.008515  0.999963  0.000736  -0.007513  -0.000800  0.999971  1.000000  -0.000412  0.000131  0.000412  0.999999  -0.001357  -0.000130  0.001357  0.999999  1.000000  0.000000  0.000000  0.000000  1.000000  0.000000  0.000000  0.000000  1.000000  0.999936  0.008509  0.007520  -0.008515  0.999963  0.000736  -0.007513  -0.000800  0.999971  0.000000  0.000000  
145.867691 0.008895  0.103313  0.002549  0.993912  0.095609  -0.054760  -0.095026  0.995388  0.013156  0.055765  -0.007872  0.998413  0.002271  0.003297  0.003850  0.000000  0.000000  0.000000  2.000000  0.999936  0.008509  0.007520  -0.008515  0.999963  0.000736  -0.007513  -0.000800  0.999971  1.000000  -0.000207  0.000132  0.000207  0.999999  -0.001224  -0.000132  0.001224  0.999999  1.000000  0.000000  0.000000  0.000000  1.000000  0.000000  0.000000  0.000000  1.000000  0.999936  0.008509  0.007520  -0.008515  0.999963  0.000736  -0.007513  -0.000800  0.999971  0.000000  0.000000  
145.868942 0.008902  0.103319  0.002553  0.993912  0.095609  -0.054760  -0.095026  0.995388  0.013156  0.055765  -0.007872  0.998413  0.002726  0.003539  0.003883  0.000000  0.000000  0.000000  2.000000  0.999936  0.008509  0.007520  -0.008515  0.999963  0.000736  -0.007513  -0.000800  0.999971  1.000000  -0.000206  -0.000002  0.000206  0.999999  -0.001103  0.000002  0.001103  0.999999  1.000000  0.000000  0.000000  0.000000  1.000000  0.000000  0.000000  0.000000  1.000000  0.999936  0.008509  0.007520  -0.008515  0.999963  0.000736  -0.007513  -0.000800  0.999971  0.000000  0.000000  
145.870192 0.008909  0.103326  0.002558  0.993912  0.095609  -0.054760  -0.095026  0.995388  0.013156  0.055765  -0.007872  0.998413  0.003181  0.003781  0.003916  0.000000  0.000000  0.000000  2.000000  0.999936  0.008509  0.007520  -0.008515  0.999963  0.000736  -0.007513  -0.000800  0.999971  1.000000  0.000000  0.000000  0.000000  1.000000  -0.000970  0.000000  0.000970  1.000000  1.000000  0.000000  0.000000  0.000000  1.000000  0.000000  0.000000  0.000000  1.000000  0.999936  0.008509  0.007520  -0.008515  0.999963  0.000736  -0.007513  -0.000800  0.999971  0.000000  0.000000  
145.871438 0.008915  0.103333  0.002562  0.993892  0.095814  -0.054757  -0.095231  0.995368  0.013167  0.055765  -0.007872  0.998413  0.003533  0.003970  0.003844  0.000000  0.000000  0.000000  2.000000  0.999936  0.008509  0.007520  -0.008515  0.999963  0.000736  -0.007513  -0.000800  0.999971  1.000000  0.000206  0.000002  -0.000206  1.000000  -0.000838  -0.000002  0.000838  1.000000  1.000000  0.000000  0.000000  0.000000  1.000000  0.000000  0.000000  0.000000  1.000000  0.999936  0.008509  0.007520  -0.008515  0.999963  0.000736  -0.007513  -0.000800  0.999971  0.000000  0.000000  
145.872689 0.008923  0.103341  0.002566  0.993892  0.095820  -0.054746  -0.095231  0.995367  0.013288  0.055765  -0.007993  0.998412  0.003951  0.004247  0.003813  0.000000  0.000000  0.000000  2.000000  0.999936  0.008509  0.007520  -0.008515  0.999963  0.000736  -0.007513  -0.000800  0.999971  1.000000  0.000206  0.000002  -0.000206  1.000000  -0.000716  -0.000002  0.000716  1.000000  1.000000  0.000000  0.000000  0.000000  1.000000  0.000000  0.000000  0.000000  1.000000  0.999936  0.008509  0.007520  -0.008515  0.999963  0.000736  -0.007513  -0.000800  0.999971  0.000000  0.000000  
145.873942 0.008931  0.103350  0.002571  0.993892  0.095820  -0.054746  -0.095231  0.995367  0.013288  0.055765  -0.007993  0.998412  0.004333  0.004564  0.003771  0.000000  0.000000  0.000000  2.000000  0.999936  0.008509  0.007520  -0.008515  0.999963  0.000736  -0.007513  -0.000800  0.999971  1.000000  0.000206  0.000002  -0.000206  1.000000  -0.000474  -0.000002  0.000474  1.000000  1.000000  0.000000  0.000000  0.000000  1.000000  0.000000  0.000000  0.000000  1.000000  0.999936  0.008509  0.007520  -0.008515  0.999963  0.000736  -0.007513  -0.000800  0.999971  0.000000  0.000000  
145.875193 0.008939  0.103358  0.002576  0.993892  0.095820  -0.054746  -0.095231  0.995367  0.013288  0.055765  -0.007993  0.998412  0.004674  0.004853  0.003739  0.000000  0.000000  0.000000  2.000000  0.999936  0.008509  0.007520  -0.008515  0.999963  0.000736  -0.007513  -0.000800  0.999971  1.000000  0.000206  0.000002  -0.000206  1.000000  -0.000352  -0.000002  0.000352  1.000000  1.000000  0.000000  0.000000  0.000000  1.000000  0.000000  0.000000  0.000000  1.000000  0.999936  0.008509  0.007520  -0.008515  0.999963  0.000736  -0.007513  -0.000800  0.999971  0.000000  0.000000  
