1-Time 2-Px 3-Py 4-Pz 5-R11 6-R21 7-R31 8-R12 9-R22 10-R32 11-R13 12-R23 13-R33 14-Vx 15-Vy 16-Vz 17-Wx 18-Wy 19-Wz 20-state 21-PR11 22-PR21 23-PR31 24-PR12 25-PR22 26-PR32 27-PR13 28-PR23 29-PR33 
125.792374 0.002678  0.088190  -0.000140  0.997702  0.057761  -0.035413  -0.059224  0.997371  -0.041749  0.032909  0.043751  0.998500  -0.000726  0.002193  -0.000860  0.000000  0.000000  0.000000  2.000000  1.000000  0.000000  0.000000  -0.000000  1.000000  0.000000  0.000000  -0.000000  1.000000  1.000000  0.000000  0.000000  0.000000  1.000000  0.000243  0.000000  -0.000243  1.000000  1.000000  0.000000  0.000000  0.000000  1.000000  0.000000  0.000000  0.000000  1.000000  0.563342  0.575458  0.592869  -0.667388  0.739950  -0.084070  -0.487072  -0.348314  0.800898  0.000000  0.000000  
125.793379 0.002677  0.088192  -0.000141  0.997702  0.057761  -0.035413  -0.059224  0.997371  -0.041749  0.032909  0.043751  0.998500  -0.000764  0.002191  -0.000892  0.000000  0.000000  0.000000  2.000000  1.000000  0.000000  0.000000  0.000000  1.000000  0.000000  0.000000  0.000000  1.000000  1.000000  0.000000  0.000000  0.000000  1.000000  0.000243  0.000000  -0.000243  1.000000  1.000000  0.000000  0.000000  0.000000  1.000000  0.000000  0.000000  0.000000  1.000000  1.000000  0.000000  0.000000  0.000000  1.000000  0.000000  0.000000  0.000000  1.000000  0.000000  0.000000  
125.794626 0.002675  0.088192  -0.000143  0.997686  0.057956  -0.035562  -0.059429  0.997355  -0.041855  0.033042  0.043871  0.998491  -0.000823  0.002034  -0.000951  0.000000  0.000000  0.000000  2.000000  1.000000  0.000000  0.000000  0.000000  1.000000  0.000000  0.000000  0.000000  1.000000  1.000000  0.000206  -0.000009  -0.000206  1.000000  0.000128  0.000009  -0.000128  1.000000  1.000000  0.000000  0.000000  0.000000  1.000000  0.000000  0.000000  0.000000  1.000000  1.000000  0.000000  0.000000  0.000000  1.000000  0.000000  0.000000  0.000000  1.000000  0.000000  0.000000  
125.795628 0.002674  0.088191  -0.000145  0.997661  0.058367  -0.035579  -0.059840  0.997331  -0.041840  0.033042  0.043871  0.998491  -0.000875  0.001852  -0.000998  0.000000  0.000000  0.000000  2.000000  1.000000  0.000000  0.000000  0.000000  1.000000  0.000000  0.000000  0.000000  1.000000  1.000000  0.000405  -0.000152  -0.000405  1.000000  0.000135  0.000152  -0.000135  1.000000  1.000000  0.000000  0.000000  0.000000  1.000000  0.000000  0.000000  0.000000  1.000000  1.000000  0.000000  0.000000  0.000000  1.000000  0.000000  0.000000  0.000000  1.000000  0.000000  0.000000  
125.796879 0.002673  0.088191  -0.000146  0.997649  0.058568  -0.035595  -0.060045  0.997314  -0.041954  0.033042  0.043993  0.998485  -0.000868  0.001642  -0.001035  0.000000  0.000000  0.000000  2.000000  1.000000  0.000000  0.000000  0.000000  1.000000  0.000000  0.000000  0.000000  1.000000  1.000000  0.000611  -0.000161  -0.000611  1.000000  -0.000101  0.000161  0.000101  1.000000  1.000000  0.000000  0.000000  0.000000  1.000000  0.000000  0.000000  0.000000  1.000000  1.000000  0.000000  0.000000  0.000000  1.000000  0.000000  0.000000  0.000000  1.000000  0.000000  0.000000  
125.798129 0.002672  0.088190  -0.000148  0.997632  0.058763  -0.035744  -0.060250  0.997297  -0.042059  0.033176  0.044113  0.998476  -0.000868  0.001412  -0.001027  0.000000  0.000000  0.000000  2.000000  1.000000  0.000000  0.000000  0.000000  1.000000  0.000000  0.000000  0.000000  1.000000  1.000000  0.000810  -0.000304  -0.000810  1.000000  -0.000215  0.000303  0.000216  1.000000  1.000000  0.000000  0.000000  0.000000  1.000000  0.000000  0.000000  0.000000  1.000000  1.000000  0.000000  0.000000  0.000000  1.000000  0.000000  0.000000  0.000000  1.000000  0.000000  0.000000  
125.799379 0.002671  0.088189  -0.000149  0.997607  0.059174  -0.035761  -0.060661  0.997273  -0.042045  0.033176  0.044113  0.998476  -0.000840  0.001173  -0.001084  0.000000  0.000000  0.000000  2.000000  1.000000  0.000000  0.000000  0.000000  1.000000  0.000000  0.000000  0.000000  1.000000  0.999999  0.001222  -0.000322  -0.001222  0.999999  -0.000202  0.000322  0.000202  1.000000  1.000000  0.000000  0.000000  0.000000  1.000000  0.000000  0.000000  0.000000  1.000000  1.000000  0.000000  0.000000  0.000000  1.000000  0.000000  0.000000  0.000000  1.000000  0.000000  0.000000  
125.800631 0.002671  0.088188  -0.000150  0.997577  0.059574  -0.035919  -0.061072  0.997243  -0.042143  0.033310  0.044234  0.998466  -0.000796  0.000921  -0.001033  0.000000  0.000000  0.000000  2.000000  1.000000  0.000000  0.000000  0.000000  1.000000  0.000000  0.000000  0.000000  1.000000  0.999999  0.001627  -0.000474  -0.001627  0.999999  -0.000309  0.000473  0.000310  1.000000  1.000000  0.000000  0.000000  0.000000  1.000000  0.000000  0.000000  0.000000  1.000000  1.000000  0.000000  0.000000  0.000000  1.000000  0.000000  0.000000  0.000000  1.000000  0.000000  0.000000  
125.801879 0.002671  0.088186  -0.000151  0.997548  0.059975  -0.036077  -0.061482  0.997214  -0.042241  0.033443  0.044355  0.998456  -0.000726  0.000578  -0.001076  0.000000  0.000000  0.000000  2.000000  1.000000  0.000000  0.000000  0.000000  1.000000  0.000000  0.000000  0.000000  1.000000  0.999997  0.002237  -0.000635  -0.002238  0.999997  -0.000409  0.000634  0.000411  1.000000  1.000000  0.000000  0.000000  0.000000  1.000000  0.000000  0.000000  0.000000  1.000000  1.000000  0.000000  0.000000  0.000000  1.000000  0.000000  0.000000  0.000000  1.000000  0.000000  0.000000  
125.802893 0.002671  0.088184  -0.000154  0.997518  0.060375  -0.036235  -0.061893  0.997184  -0.042339  0.033577  0.044476  0.998446  -0.000661  0.000304  -0.001186  0.000000  0.000000  0.000000  2.000000  1.000000  0.000000  0.000000  0.000000  1.000000  0.000000  0.000000  0.000000  1.000000  0.999997  0.002437  -0.000778  -0.002437  0.999997  -0.000523  0.000777  0.000525  1.000000  1.000000  0.000000  0.000000  0.000000  1.000000  0.000000  0.000000  0.000000  1.000000  1.000000  0.000000  0.000000  0.000000  1.000000  0.000000  0.000000  0.000000  1.000000  0.000000  0.000000  
125.804142 0.002671  0.088182  -0.000157  0.997488  0.060775  -0.036393  -0.062303  0.997155  -0.042436  0.033711  0.044597  0.998436  -0.000607  -0.000025  -0.001338  0.000000  0.000000  0.000000  2.000000  1.000000  0.000000  0.000000  0.000000  1.000000  0.000000  0.000000  0.000000  1.000000  0.999995  0.003047  -0.000940  -0.003048  0.999995  -0.000623  0.000938  0.000626  0.999999  1.000000  0.000000  0.000000  0.000000  1.000000  0.000000  0.000000  0.000000  1.000000  1.000000  0.000000  0.000000  0.000000  1.000000  0.000000  0.000000  0.000000  1.000000  0.000000  0.000000  
125.805388 0.002671  0.088181  -0.000160  0.997458  0.061175  -0.036552  -0.062713  0.997125  -0.042534  0.033845  0.044718  0.998426  -0.000574  -0.000325  -0.001469  0.000000  0.000000  0.000000  2.000000  1.000000  0.000000  0.000000  0.000000  1.000000  0.000000  0.000000  0.000000  1.000000  0.999993  0.003453  -0.001092  -0.003453  0.999994  -0.000609  0.001089  0.000613  0.999999  1.000000  0.000000  0.000000  0.000000  1.000000  0.000000  0.000000  0.000000  1.000000  1.000000  0.000000  0.000000  0.000000  1.000000  0.000000  0.000000  0.000000  1.000000  0.000000  0.000000  
125.806632 0.002670  0.088178  -0.000163  0.997419  0.061787  -0.036585  -0.063330  0.997082  -0.042632  0.033845  0.044839  0.998421  -0.000574  -0.000695  -0.001566  0.000000  0.000000  0.000000  2.000000  1.000000  0.000000  0.000000  0.000000  1.000000  0.000000  0.000000  0.000000  1.000000  0.999992  0.003864  -0.001110  -0.003864  0.999992  -0.000716  0.001108  0.000721  0.999999  1.000000  0.000000  0.000000  0.000000  1.000000  0.000000  0.000000  0.000000  1.000000  1.000000  0.000000  0.000000  0.000000  1.000000  0.000000  0.000000  0.000000  1.000000  0.000000  0.000000  
125.807884 0.002669  0.088174  -0.000166  0.997388  0.062187  -0.036744  -0.063740  0.997051  -0.042730  0.033978  0.044960  0.998411  -0.000594  -0.001177  -0.001746  0.000000  0.000000  0.000000  2.000000  1.000000  0.000000  0.000000  0.000000  1.000000  0.000000  0.000000  0.000000  1.000000  0.999989  0.004474  -0.001273  -0.004475  0.999990  -0.000937  0.001268  0.000943  0.999999  1.000000  0.000000  0.000000  0.000000  1.000000  0.000000  0.000000  0.000000  1.000000  1.000000  0.000000  0.000000  0.000000  1.000000  0.000000  0.000000  0.000000  1.000000  0.000000  0.000000  
125.809132 0.002667  0.088169  -0.000170  0.997348  0.062798  -0.036778  -0.064356  0.997008  -0.042828  0.033978  0.045081  0.998405  -0.000603  -0.001603  -0.001883  -0.034977  0.043626  0.171085  2.000000  1.000000  0.000000  0.000000  0.000000  1.000000  0.000000  0.000000  0.000000  1.000000  0.999987  0.004885  -0.001292  -0.004886  0.999988  -0.001045  0.001287  0.001051  0.999999  1.000000  0.000000  0.000000  0.000000  1.000000  0.000000  0.000000  0.000000  1.000000  1.000000  0.000000  0.000000  0.000000  1.000000  0.000000  0.000000  0.000000  1.000000  0.000000  0.000000  
125.810383 0.002665  0.088163  -0.000173  0.997317  0.063194  -0.036944  -0.064766  0.996972  -0.043046  0.034112  0.045323  0.998390  -0.000607  -0.001913  -0.001905  -0.042646  0.048747  0.184661  2.000000  1.000000  0.000328  -0.000085  -0.000328  1.000000  -0.000072  0.000085  0.000072  1.000000  0.999984  0.005495  -0.001454  -0.005497  0.999984  -0.001265  0.001447  0.001273  0.999998  1.000000  0.000069  -0.000018  -0.000069  1.000000  -0.000016  0.000018  0.000016  1.000000  1.000000  0.000328  -0.000085  -0.000328  1.000000  -0.000072  0.000085  0.000072  1.000000  0.000049  0.005824  
125.811630 0.002663  0.088158  -0.000174  0.997277  0.063800  -0.036986  -0.065382  0.996922  -0.043265  0.034112  0.045565  0.998379  -0.000632  -0.002194  -0.001907  -0.050109  0.049705  0.205403  2.000000  1.000000  0.000687  -0.000176  -0.000687  1.000000  -0.000159  0.000176  0.000159  1.000000  0.999981  0.005906  -0.001474  -0.005908  0.999981  -0.001494  0.001466  0.001502  0.999998  1.000000  0.000074  -0.000018  -0.000074  1.000000  -0.000019  0.000018  0.000019  1.000000  1.000000  0.000687  -0.000176  -0.000687  1.000000  -0.000159  0.000176  0.000159  1.000000  0.000053  0.006269  
125.812635 0.002662  0.088154  -0.000175  0.997250  0.064202  -0.037020  -0.065793  0.996885  -0.043492  0.034112  0.045808  0.998368  -0.000640  -0.002442  -0.001854  -0.057792  0.050346  0.219193  2.000000  0.999999  0.000998  -0.000251  -0.000998  0.999999  -0.000242  0.000250  0.000242  1.000000  0.999979  0.006317  -0.001494  -0.006319  0.999979  -0.001722  0.001483  0.001732  0.999997  1.000000  0.000079  -0.000019  -0.000079  1.000000  -0.000022  0.000019  0.000022  1.000000  0.999999  0.000998  -0.000251  -0.000998  0.999999  -0.000242  0.000250  0.000242  1.000000  0.000056  0.006717  
125.813881 0.002662  0.088148  -0.000176  0.997218  0.064597  -0.037186  -0.066203  0.996848  -0.043709  0.034246  0.046050  0.998352  -0.000668  -0.002803  -0.001885  -0.065465  0.055486  0.232800  2.000000  0.999999  0.001416  -0.000352  -0.001416  0.999999  -0.000360  0.000351  0.000360  1.000000  0.999975  0.006927  -0.001657  -0.006930  0.999974  -0.001943  0.001644  0.001954  0.999997  1.000000  0.000087  -0.000021  -0.000087  1.000000  -0.000024  0.000021  0.000024  1.000000  0.999999  0.001416  -0.000352  -0.001416  0.999999  -0.000360  0.000351  0.000360  1.000000  0.000062  0.007384  
125.815129 0.002662  0.088142  -0.000176  0.997177  0.065204  -0.037229  -0.066819  0.996798  -0.043928  0.034246  0.046292  0.998341  -0.000625  -0.003105  -0.001790  -0.072934  0.056461  0.253563  2.000000  0.999998  0.001864  -0.000456  -0.001864  0.999998  -0.000487  0.000455  0.000488  1.000000  0.999972  0.007338  -0.001678  -0.007341  0.999971  -0.002050  0.001663  0.002062  0.999996  1.000000  0.000092  -0.000021  -0.000092  1.000000  -0.000026  0.000021  0.000026  1.000000  0.999998  0.001864  -0.000456  -0.001864  0.999998  -0.000487  0.000455  0.000488  1.000000  0.000067  0.007803  
125.816129 0.002661  0.088136  -0.000177  0.997145  0.065599  -0.037397  -0.067229  0.996760  -0.044146  0.034379  0.046534  0.998325  -0.000657  -0.003400  -0.001748  -0.079953  0.061112  0.265011  2.000000  0.999997  0.002234  -0.000538  -0.002234  0.999997  -0.000598  0.000537  0.000600  1.000000  0.999970  0.007543  -0.001689  -0.007547  0.999969  -0.002284  0.001672  0.002297  0.999996  1.000000  0.000094  -0.000021  -0.000094  1.000000  -0.000029  0.000021  0.000029  1.000000  0.999997  0.002234  -0.000538  -0.002234  0.999997  -0.000598  0.000537  0.000600  1.000000  0.000071  0.008062  
125.817132 0.002661  0.088131  -0.000177  0.997113  0.065994  -0.037564  -0.067639  0.996723  -0.044363  0.034513  0.046776  0.998309  -0.000716  -0.003642  -0.001696  -0.088274  0.066762  0.280776  2.000000  0.999997  0.002514  -0.000601  -0.002514  0.999997  -0.000690  0.000599  0.000692  1.000000  0.999970  0.007542  -0.001691  -0.007546  0.999969  -0.002405  0.001673  0.002418  0.999996  1.000000  0.000094  -0.000021  -0.000094  1.000000  -0.000030  0.000021  0.000030  1.000000  0.999997  0.002514  -0.000601  -0.002514  0.999997  -0.000690  0.000599  0.000692  1.000000  0.000073  0.008097  
125.818133 0.002660  0.088125  -0.000177  0.997099  0.066190  -0.037589  -0.067845  0.996699  -0.044597  0.034513  0.047018  0.998298  -0.000749  -0.003957  -0.001499  -0.096175  0.067098  0.287620  2.000000  0.999996  0.002901  -0.000693  -0.002902  0.999995  -0.000819  0.000690  0.000821  0.999999  0.999968  0.007741  -0.001836  -0.007746  0.999967  -0.002640  0.001816  0.002654  0.999995  1.000000  0.000097  -0.000023  -0.000097  1.000000  -0.000033  0.000023  0.000033  1.000000  0.999996  0.002901  -0.000693  -0.002902  0.999995  -0.000819  0.000690  0.000821  0.999999  0.000077  0.008385  
125.819378 0.002660  0.088119  -0.000178  0.997071  0.066591  -0.037624  -0.068255  0.996660  -0.044823  0.034513  0.047260  0.998286  -0.000746  -0.004224  -0.001313  -0.103886  0.067780  0.301500  2.000000  0.999994  0.003395  -0.000803  -0.003396  0.999994  -0.000993  0.000799  0.000996  0.999999  0.999967  0.007952  -0.001715  -0.007957  0.999964  -0.002875  0.001692  0.002889  0.999994  1.000000  0.000099  -0.000021  -0.000099  1.000000  -0.000036  0.000021  0.000036  1.000000  0.999994  0.003395  -0.000803  -0.003396  0.999994  -0.000993  0.000799  0.000996  0.999999  0.000082  0.008631  
125.820631 0.002659  0.088111  -0.000177  0.997024  0.067187  -0.037809  -0.068871  0.996603  -0.045154  0.034647  0.047623  0.998264  -0.000787  -0.004626  -0.001117  -0.115374  0.073263  0.321948  2.000000  0.999992  0.003892  -0.000913  -0.003893  0.999992  -0.001180  0.000909  0.001184  0.999999  0.999967  0.007952  -0.001717  -0.007957  0.999964  -0.002995  0.001693  0.003009  0.999994  1.000000  0.000099  -0.000021  -0.000099  1.000000  -0.000038  0.000021  0.000038  1.000000  0.999992  0.003892  -0.000913  -0.003893  0.999992  -0.001180  0.000909  0.001184  0.999999  0.000086  0.008671  
125.821631 0.002657  0.088104  -0.000178  0.997010  0.067383  -0.037835  -0.069076  0.996578  -0.045387  0.034647  0.047865  0.998253  -0.000834  -0.004959  -0.000988  -0.127362  0.073596  0.328834  2.000000  0.999990  0.004287  -0.000998  -0.004289  0.999990  -0.001339  0.000992  0.001344  0.999999  0.999967  0.007958  -0.001585  -0.007963  0.999963  -0.003238  0.001559  0.003250  0.999994  1.000000  0.000100  -0.000020  -0.000100  1.000000  -0.000041  0.000020  0.000041  1.000000  0.999990  0.004287  -0.000998  -0.004289  0.999990  -0.001339  0.000992  0.001344  0.999999  0.000090  0.008739  
125.822632 0.002655  0.088097  -0.000178  0.996981  0.067784  -0.037870  -0.069487  0.996540  -0.045614  0.034647  0.048107  0.998241  -0.000904  -0.005218  -0.000781  -0.135081  0.074290  0.342726  2.000000  0.999988  0.004677  -0.001077  -0.004679  0.999988  -0.001505  0.001070  0.001510  0.999998  0.999969  0.007752  -0.001577  -0.007757  0.999964  -0.003366  0.001551  0.003379  0.999993  1.000000  0.000097  -0.000020  -0.000097  1.000000  -0.000042  0.000020  0.000042  1.000000  0.999988  0.004677  -0.001077  -0.004679  0.999988  -0.001505  0.001070  0.001510  0.999998  0.000092  0.008600  
125.823632 0.002653  0.088091  -0.000177  0.996967  0.067980  -0.037896  -0.069692  0.996514  -0.045848  0.034647  0.048350  0.998229  -0.000937  -0.005326  -0.000536  -0.138933  0.074676  0.349643  2.000000  0.999986  0.005068  -0.001149  -0.005070  0.999986  -0.001679  0.001141  0.001685  0.999998  0.999969  0.007758  -0.001446  -0.007763  0.999963  -0.003609  0.001418  0.003620  0.999992  1.000000  0.000097  -0.000018  -0.000097  1.000000  -0.000045  0.000018  0.000045  1.000000  0.999986  0.005068  -0.001149  -0.005070  0.999986  -0.001679  0.001141  0.001685  0.999998  0.000096  0.008680  
125.824881 0.002651  0.088083  -0.000176  0.996938  0.068376  -0.037939  -0.070102  0.996470  -0.046195  0.034647  0.048713  0.998212  -0.001013  -0.005469  -0.000295  -0.151129  0.070242  0.349810  2.000000  0.999984  0.005448  -0.001215  -0.005450  0.999983  -0.001864  0.001205  0.001871  0.999998  0.999971  0.007558  -0.001305  -0.007563  0.999964  -0.003738  0.001276  0.003747  0.999992  1.000000  0.000095  -0.000016  -0.000095  1.000000  -0.000047  0.000016  0.000047  1.000000  0.999984  0.005448  -0.001215  -0.005450  0.999983  -0.001864  0.001205  0.001871  0.999998  0.000095  0.008534  
125.826071 0.002649  0.088078  -0.000176  0.996923  0.068572  -0.037966  -0.070308  0.996444  -0.046429  0.034647  0.048955  0.998200  -0.001046  -0.005523  -0.000177  -0.154234  0.069866  0.347608  2.000000  0.999982  0.005829  -0.001276  -0.005831  0.999981  -0.002060  0.001263  0.002067  0.999997  0.999971  0.007565  -0.001173  -0.007569  0.999963  -0.003980  0.001143  0.003989  0.999991  1.000000  0.000095  -0.000014  -0.000095  1.000000  -0.000050  0.000014  0.000050  1.000000  0.999982  0.005829  -0.001276  -0.005831  0.999981  -0.002060  0.001263  0.002067  0.999997  0.000097  0.008630  
125.827137 0.002645  0.088070  -0.000176  0.996899  0.068975  -0.037877  -0.070718  0.996399  -0.046785  0.034513  0.049318  0.998187  -0.001184  -0.005750  -0.000063  -0.167175  0.066180  0.356794  2.000000  0.999980  0.006204  -0.001335  -0.006207  0.999978  -0.002266  0.001321  0.002274  0.999997  0.999972  0.007359  -0.001165  -0.007363  0.999964  -0.004230  0.001134  0.004238  0.999990  1.000000  0.000092  -0.000014  -0.000092  1.000000  -0.000053  0.000014  0.000053  1.000000  0.999980  0.006204  -0.001335  -0.006207  0.999978  -0.002266  0.001321  0.002274  0.999997  0.000098  0.008570  
125.828386 0.002641  0.088063  -0.000175  0.996884  0.069171  -0.037903  -0.070924  0.996373  -0.047019  0.034513  0.049561  0.998175  -0.001368  -0.005880  0.000041  -0.171250  0.061763  0.357041  2.000000  0.999977  0.006667  -0.001397  -0.006671  0.999975  -0.002538  0.001380  0.002547  0.999996  0.999972  0.007371  -0.000901  -0.007375  0.999963  -0.004473  0.000868  0.004480  0.999990  1.000000  0.000092  -0.000011  -0.000092  1.000000  -0.000056  0.000011  0.000056  1.000000  0.999977  0.006667  -0.001397  -0.006671  0.999975  -0.002538  0.001380  0.002547  0.999996  0.000100  0.008671  
125.829652 0.002638  0.088055  -0.000176  0.996855  0.069568  -0.037948  -0.071334  0.996327  -0.047366  0.034513  0.049924  0.998157  -0.001619  -0.005987  0.000037  -0.179301  0.057333  0.357085  2.000000  0.999974  0.007112  -0.001453  -0.007116  0.999971  -0.002819  0.001433  0.002830  0.999995  0.999975  0.006960  -0.000883  -0.006964  0.999965  -0.004609  0.000851  0.004615  0.999989  1.000000  0.000087  -0.000011  -0.000087  1.000000  -0.000058  0.000011  0.000058  1.000000  0.999974  0.007112  -0.001453  -0.007116  0.999971  -0.002819  0.001433  0.002830  0.999995  0.000100  0.008396  
125.830880 0.002635  0.088048  -0.000176  0.996836  0.069752  -0.038116  -0.071539  0.996296  -0.047711  0.034647  0.050287  0.998134  -0.001779  -0.005986  0.000038  -0.187997  0.056803  0.343488  2.000000  0.999971  0.007457  -0.001502  -0.007462  0.999967  -0.003056  0.001479  0.003067  0.999994  0.999975  0.006960  -0.000886  -0.006964  0.999964  -0.004851  0.000852  0.004857  0.999988  1.000000  0.000087  -0.000011  -0.000087  1.000000  -0.000061  0.000011  0.000061  1.000000  0.999971  0.007457  -0.001502  -0.007462  0.999967  -0.003056  0.001479  0.003067  0.999994  0.000100  0.008531  
125.831881 0.002632  0.088043  -0.000175  0.996821  0.069944  -0.038151  -0.071744  0.996264  -0.048066  0.034647  0.050650  0.998115  -0.001959  -0.005992  0.000117  -0.200240  0.052382  0.343751  2.000000  0.999969  0.007710  -0.001535  -0.007715  0.999965  -0.003238  0.001510  0.003250  0.999994  0.999977  0.006754  -0.000877  -0.006758  0.999965  -0.004858  0.000844  0.004864  0.999988  1.000000  0.000084  -0.000011  -0.000084  1.000000  -0.000061  0.000011  0.000061  1.000000  0.999969  0.007710  -0.001535  -0.007715  0.999965  -0.003238  0.001510  0.003250  0.999994  0.000100  0.008368  
125.833128 0.002628  0.088036  -0.000174  0.996792  0.070340  -0.038197  -0.072155  0.996218  -0.048412  0.034647  0.051013  0.998097  -0.002136  -0.005967  0.000227  -0.208639  0.047649  0.337092  2.000000  0.999966  0.008124  -0.001591  -0.008130  0.999961  -0.003554  0.001562  0.003566  0.999992  0.999978  0.006548  -0.000869  -0.006553  0.999965  -0.005108  0.000836  0.005113  0.999987  1.000000  0.000082  -0.000011  -0.000082  1.000000  -0.000064  0.000011  0.000064  1.000000  0.999966  0.008124  -0.001591  -0.008130  0.999961  -0.003554  0.001562  0.003566  0.999992  0.000099  0.008352  
125.834133 0.002625  0.088030  -0.000173  0.996777  0.070531  -0.038232  -0.072360  0.996186  -0.048767  0.034647  0.051376  0.998078  -0.002347  -0.005989  0.000338  -0.214997  0.047335  0.334283  2.000000  0.999963  0.008446  -0.001634  -0.008452  0.999957  -0.003812  0.001602  0.003826  0.999991  0.999980  0.006349  -0.000727  -0.006353  0.999966  -0.005236  0.000694  0.005241  0.999986  1.000000  0.000079  -0.000009  -0.000079  1.000000  -0.000065  0.000009  0.000065  1.000000  0.999963  0.008446  -0.001634  -0.008452  0.999957  -0.003812  0.001602  0.003826  0.999991  0.000099  0.008263  
125.835385 0.002621  0.088022  -0.000171  0.996762  0.070722  -0.038268  -0.072565  0.996153  -0.049122  0.034647  0.051740  0.998059  -0.002573  -0.006015  0.000429  -0.223248  0.042619  0.327559  2.000000  0.999960  0.008837  -0.001681  -0.008844  0.999952  -0.004145  0.001645  0.004160  0.999990  0.999981  0.006144  -0.000719  -0.006147  0.999967  -0.005365  0.000686  0.005369  0.999985  1.000000  0.000077  -0.000009  -0.000077  1.000000  -0.000067  0.000009  0.000067  1.000000  0.999960  0.008837  -0.001681  -0.008844  0.999952  -0.004145  0.001645  0.004160  0.999990  0.000100  0.008189  
125.836633 0.002616  0.088014  -0.000170  0.996732  0.071118  -0.038314  -0.072975  0.996106  -0.049468  0.034647  0.052103  0.998041  -0.002760  -0.005996  0.000496  -0.233482  0.042716  0.323346  2.000000  0.999956  0.009211  -0.001726  -0.009218  0.999947  -0.004490  0.001685  0.004505  0.999988  0.999982  0.005945  -0.000578  -0.005948  0.999967  -0.005614  0.000544  0.005618  0.999984  1.000000  0.000074  -0.000007  -0.000074  1.000000  -0.000070  0.000007  0.000070  1.000000  0.999956  0.009211  -0.001726  -0.009218  0.999947  -0.004490  0.001685  0.004505  0.999988  0.000100  0.008198  
125.837634 0.002612  0.088007  -0.000170  0.996717  0.071310  -0.038350  -0.073181  0.996073  -0.049823  0.034647  0.052466  0.998022  -0.002891  -0.006041  0.000488  -0.241868  0.037968  0.316667  2.000000  0.999953  0.009500  -0.001757  -0.009508  0.999943  -0.004768  0.001711  0.004784  0.999987  0.999983  0.005739  -0.000568  -0.005742  0.999968  -0.005500  0.000537  0.005504  0.999985  1.000000  0.000072  -0.000007  -0.000072  1.000000  -0.000069  0.000007  0.000069  1.000000  0.999953  0.009500  -0.001757  -0.009508  0.999943  -0.004768  0.001711  0.004784  0.999987  0.000099  0.007971  
125.838885 0.002608  0.087999  -0.000170  0.996686  0.071701  -0.038406  -0.073591  0.996020  -0.050290  0.034647  0.052950  0.997996  -0.003019  -0.006039  0.000424  -0.254311  0.037721  0.309717  2.000000  0.999950  0.009851  -0.001788  -0.009860  0.999938  -0.005122  0.001737  0.005139  0.999985  0.999985  0.005540  -0.000427  -0.005543  0.999968  -0.005750  0.000395  0.005752  0.999983  1.000000  0.000069  -0.000005  -0.000069  1.000000  -0.000072  0.000005  0.000072  1.000000  0.999950  0.009851  -0.001788  -0.009860  0.999938  -0.005122  0.001737  0.005139  0.999985  0.000099  0.007997  
125.840132 0.002603  0.087990  -0.000171  0.996671  0.071892  -0.038442  -0.073796  0.995987  -0.050645  0.034647  0.053313  0.997977  -0.003181  -0.006110  0.000396  -0.258635  0.032986  0.303054  2.000000  0.999947  0.010132  -0.001811  -0.010142  0.999934  -0.005414  0.001756  0.005432  0.999984  0.999985  0.005540  -0.000429  -0.005543  0.999967  -0.005871  0.000396  0.005874  0.999983  1.000000  0.000069  -0.000005  -0.000069  1.000000  -0.000073  0.000005  0.000073  1.000000  0.999947  0.010132  -0.001811  -0.010142  0.999934  -0.005414  0.001756  0.005432  0.999984  0.000100  0.008085  
125.841383 0.002598  0.087983  -0.000172  0.996641  0.072288  -0.038489  -0.074206  0.995938  -0.050992  0.034647  0.053676  0.997957  -0.003230  -0.006125  0.000267  -0.262912  0.032729  0.296094  2.000000  0.999943  0.010481  -0.001838  -0.010491  0.999928  -0.005785  0.001777  0.005804  0.999982  0.999985  0.005547  -0.000298  -0.005549  0.999967  -0.005993  0.000265  0.005994  0.999982  1.000000  0.000069  -0.000004  -0.000069  1.000000  -0.000075  0.000004  0.000075  1.000000  0.999943  0.010481  -0.001838  -0.010491  0.999928  -0.005785  0.001777  0.005804  0.999982  0.000100  0.008172  
125.842632 0.002594  0.087975  -0.000173  0.996621  0.072467  -0.038668  -0.074411  0.995899  -0.051457  0.034781  0.054160  0.997926  -0.003279  -0.006155  0.000161  -0.269072  0.036681  0.286594  2.000000  0.999940  0.010819  -0.001861  -0.010830  0.999922  -0.006163  0.001794  0.006182  0.999979  0.999986  0.005334  -0.000422  -0.005337  0.999967  -0.006120  0.000390  0.006123  0.999981  1.000000  0.000067  -0.000005  -0.000067  1.000000  -0.000077  0.000005  0.000077  1.000000  0.999940  0.010819  -0.001861  -0.010830  0.999922  -0.006163  0.001794  0.006182  0.999979  0.000099  0.008131  
125.843883 0.002590  0.087968  -0.000175  0.996590  0.072863  -0.038716  -0.074822  0.995850  -0.051803  0.034781  0.054524  0.997907  -0.003339  -0.006143  0.000041  -0.275597  0.032233  0.282275  2.000000  0.999936  0.011146  -0.001890  -0.011159  0.999916  -0.006545  0.001817  0.006566  0.999977  0.999987  0.005129  -0.000413  -0.005131  0.999968  -0.006128  0.000382  0.006130  0.999981  1.000000  0.000064  -0.000005  -0.000064  1.000000  -0.000077  0.000005  0.000077  1.000000  0.999936  0.011146  -0.001890  -0.011159  0.999916  -0.006545  0.001817  0.006566  0.999977  0.000098  0.008002  
125.845129 0.002586  0.087960  -0.000177  0.996575  0.073054  -0.038753  -0.075027  0.995817  -0.052158  0.034781  0.054887  0.997887  -0.003400  -0.006125  -0.000084  -0.280150  0.027128  0.268694  2.000000  0.999932  0.011474  -0.001920  -0.011487  0.999910  -0.006931  0.001840  0.006952  0.999974  0.999987  0.005129  -0.000415  -0.005131  0.999968  -0.006128  0.000384  0.006130  0.999981  1.000000  0.000064  -0.000005  -0.000064  1.000000  -0.000077  0.000005  0.000077  1.000000  0.999932  0.011474  -0.001920  -0.011487  0.999910  -0.006931  0.001840  0.006952  0.999974  0.000098  0.008002  
125.846130 0.002582  0.087956  -0.000178  0.996559  0.073250  -0.038782  -0.075232  0.995789  -0.052391  0.034781  0.055129  0.997873  -0.003447  -0.006086  -0.000155  -0.278997  0.027119  0.264322  2.000000  0.999929  0.011732  -0.001943  -0.011746  0.999905  -0.007238  0.001858  0.007260  0.999972  0.999987  0.005128  -0.000417  -0.005131  0.999967  -0.006249  0.000385  0.006251  0.999980  1.000000  0.000064  -0.000005  -0.000064  1.000000  -0.000078  0.000005  0.000078  1.000000  0.999929  0.011732  -0.001943  -0.011746  0.999905  -0.007238  0.001858  0.007260  0.999972  0.000097  0.008096  
125.847378 0.002579  0.087950  -0.000180  0.996528  0.073646  -0.038830  -0.075642  0.995739  -0.052738  0.034781  0.055492  0.997853  -0.003453  -0.006026  -0.000332  -0.281841  0.022594  0.266668  2.000000  0.999925  0.012047  -0.001973  -0.012062  0.999898  -0.007623  0.001881  0.007646  0.999969  0.999988  0.004923  -0.000407  -0.004925  0.999969  -0.006135  0.000377  0.006137  0.999981  1.000000  0.000062  -0.000005  -0.000062  1.000000  -0.000077  0.000005  0.000077  1.000000  0.999925  0.012047  -0.001973  -0.012062  0.999898  -0.007623  0.001881  0.007646  0.999969  0.000096  0.007877  
125.848628 0.002575  0.087943  -0.000182  0.996513  0.073837  -0.038868  -0.075847  0.995705  -0.053092  0.034781  0.055855  0.997833  -0.003470  -0.006004  -0.000578  -0.284717  0.022171  0.255112  2.000000  0.999922  0.012298  -0.002002  -0.012313  0.999893  -0.007932  0.001904  0.007956  0.999967  0.999987  0.005121  -0.000554  -0.005124  0.999967  -0.006249  0.000522  0.006252  0.999980  1.000000  0.000064  -0.000007  -0.000064  1.000000  -0.000078  0.000007  0.000078  1.000000  0.999922  0.012298  -0.002002  -0.012313  0.999893  -0.007932  0.001904  0.007956  0.999967  0.000097  0.008099  
125.849628 0.002571  0.087938  -0.000184  0.996497  0.074027  -0.038906  -0.076053  0.995670  -0.053446  0.034781  0.056218  0.997813  -0.003504  -0.005957  -0.000832  -0.286367  0.022061  0.252961  2.000000  0.999919  0.012545  -0.002032  -0.012562  0.999887  -0.008246  0.001928  0.008271  0.999964  0.999988  0.004915  -0.000544  -0.004918  0.999968  -0.006256  0.000513  0.006259  0.999980  1.000000  0.000061  -0.000007  -0.000061  1.000000  -0.000078  0.000007  0.000078  1.000000  0.999919  0.012545  -0.002032  -0.012562  0.999887  -0.008246  0.001928  0.008271  0.999964  0.000096  0.007976  
125.850878 0.002567  0.087931  -0.000186  0.996466  0.074423  -0.038955  -0.076463  0.995620  -0.053793  0.034781  0.056581  0.997792  -0.003474  -0.005859  -0.001022  -0.290425  0.017686  0.253214  2.000000  0.999915  0.012854  -0.002069  -0.012872  0.999880  -0.008639  0.001957  0.008665  0.999961  0.999988  0.004922  -0.000413  -0.004925  0.999968  -0.006256  0.000382  0.006258  0.999980  1.000000  0.000062  -0.000005  -0.000062  1.000000  -0.000078  0.000005  0.000078  1.000000  0.999915  0.012854  -0.002069  -0.012872  0.999880  -0.008639  0.001957  0.008665  0.999961  0.000095  0.007972  
125.851879 0.002564  0.087926  -0.000189  0.996450  0.074614  -0.038993  -0.076668  0.995585  -0.054147  0.034781  0.056944  0.997771  -0.003450  -0.005757  -0.001207  -0.294692  0.017402  0.246346  2.000000  0.999912  0.013103  -0.002093  -0.013121  0.999874  -0.008952  0.001975  0.008979  0.999958  0.999988  0.004922  -0.000414  -0.004925  0.999969  -0.006135  0.000384  0.006137  0.999981  1.000000  0.000062  -0.000005  -0.000062  1.000000  -0.000077  0.000005  0.000077  1.000000  0.999912  0.013103  -0.002093  -0.013121  0.999874  -0.008952  0.001975  0.008979  0.999958  0.000095  0.007877  
125.852882 0.002561  0.087921  -0.000191  0.996434  0.074805  -0.039031  -0.076873  0.995550  -0.054501  0.034781  0.057307  0.997751  -0.003375  -0.005656  -0.001393  -0.298722  0.017476  0.246330  2.000000  0.999909  0.013348  -0.002117  -0.013367  0.999868  -0.009263  0.001993  0.009290  0.999955  0.999988  0.004922  -0.000416  -0.004925  0.999968  -0.006256  0.000385  0.006258  0.999980  1.000000  0.000062  -0.000005  -0.000062  1.000000  -0.000078  0.000005  0.000078  1.000000  0.999909  0.013348  -0.002117  -0.013367  0.999868  -0.009263  0.001993  0.009290  0.999955  0.000097  0.007972  
125.853883 0.002558  0.087916  -0.000193  0.996414  0.074992  -0.039194  -0.077078  0.995522  -0.054724  0.034914  0.057549  0.997732  -0.003328  -0.005547  -0.001514  -0.297334  0.021819  0.241212  2.000000  0.999905  0.013591  -0.002141  -0.013611  0.999862  -0.009576  0.002011  0.009604  0.999952  0.999988  0.004922  -0.000417  -0.004925  0.999968  -0.006256  0.000387  0.006258  0.999980  1.000000  0.000062  -0.000005  -0.000062  1.000000  -0.000078  0.000005  0.000078  1.000000  0.999905  0.013591  -0.002141  -0.013611  0.999862  -0.009576  0.002011  0.009604  0.999952  0.000097  0.007972  
125.855133 0.002555  0.087909  -0.000196  0.996398  0.075178  -0.039242  -0.077283  0.995480  -0.055199  0.034914  0.058033  0.997704  -0.003196  -0.005386  -0.001670  -0.301418  0.021922  0.241209  2.000000  0.999901  0.013897  -0.002180  -0.013918  0.999853  -0.009966  0.002041  0.009995  0.999948  0.999988  0.004914  -0.000553  -0.004918  0.999968  -0.006255  0.000522  0.006258  0.999980  1.000000  0.000061  -0.000007  -0.000061  1.000000  -0.000078  0.000007  0.000078  1.000000  0.999901  0.013897  -0.002180  -0.013918  0.999853  -0.009966  0.002041  0.009995  0.999948  0.000096  0.007975  
125.856382 0.002552  0.087904  -0.000198  0.996366  0.075574  -0.039292  -0.077693  0.995429  -0.055545  0.034914  0.058396  0.997683  -0.003076  -0.005261  -0.001730  -0.301498  0.022016  0.241265  2.000000  0.999898  0.014137  -0.002211  -0.014159  0.999847  -0.010280  0.002065  0.010310  0.999945  0.999989  0.004709  -0.000543  -0.004712  0.999969  -0.006263  0.000513  0.006265  0.999980  1.000000  0.000059  -0.000007  -0.000059  1.000000  -0.000078  0.000007  0.000078  1.000000  0.999898  0.014137  -0.002211  -0.014159  0.999847  -0.010280  0.002065  0.010310  0.999945  0.000096  0.007855  
125.857633 0.002550  0.087898  -0.000200  0.996350  0.075765  -0.039331  -0.077898  0.995393  -0.055900  0.034914  0.058759  0.997661  -0.002900  -0.005059  -0.001771  -0.303015  0.026356  0.238983  2.000000  0.999893  0.014438  -0.002250  -0.014462  0.999838  -0.010674  0.002096  0.010705  0.999941  0.999988  0.004914  -0.000556  -0.004917  0.999968  -0.006255  0.000526  0.006258  0.999980  1.000000  0.000061  -0.000007  -0.000061  1.000000  -0.000078  0.000007  0.000078  1.000000  0.999893  0.014438  -0.002250  -0.014462  0.999838  -0.010674  0.002096  0.010705  0.999941  0.000097  0.007975  
125.858634 0.002549  0.087894  -0.000202  0.996334  0.075955  -0.039370  -0.078104  0.995357  -0.056254  0.034914  0.059122  0.997640  -0.002769  -0.004969  -0.001819  -0.305735  0.026283  0.234024  2.000000  0.999890  0.014678  -0.002281  -0.014703  0.999832  -0.010988  0.002120  0.011020  0.999937  0.999988  0.004914  -0.000558  -0.004917  0.999968  -0.006255  0.000527  0.006258  0.999980  1.000000  0.000061  -0.000007  -0.000061  1.000000  -0.000078  0.000007  0.000078  1.000000  0.999890  0.014678  -0.002281  -0.014703  0.999832  -0.010988  0.002120  0.011020  0.999937  0.000098  0.007975  
125.859878 0.002548  0.087889  -0.000205  0.996318  0.076146  -0.039409  -0.078309  0.995321  -0.056608  0.034914  0.059485  0.997618  -0.002574  -0.004829  -0.001857  -0.305779  0.021882  0.234306  2.000000  0.999885  0.014972  -0.002321  -0.014997  0.999823  -0.011376  0.002150  0.011409  0.999933  0.999989  0.004708  -0.000548  -0.004711  0.999970  -0.006141  0.000519  0.006144  0.999981  1.000000  0.000059  -0.000007  -0.000059  1.000000  -0.000077  0.000007  0.000077  1.000000  0.999885  0.014972  -0.002321  -0.014997  0.999823  -0.011376  0.002150  0.011409  0.999933  0.000097  0.007759  
125.861127 0.002546  0.087884  -0.000207  0.996297  0.076333  -0.039572  -0.078513  0.995292  -0.056831  0.035048  0.059727  0.997599  -0.002432  -0.004747  -0.001936  -0.301739  0.026449  0.234092  2.000000  0.999881  0.015255  -0.002364  -0.015281  0.999814  -0.011758  0.002184  0.011793  0.999928  0.999990  0.004494  -0.000671  -0.004498  0.999971  -0.006148  0.000643  0.006151  0.999981  1.000000  0.000056  -0.000008  -0.000056  1.000000  -0.000077  0.000008  0.000077  1.000000  0.999881  0.015255  -0.002364  -0.015281  0.999814  -0.011758  0.002184  0.011793  0.999928  0.000097  0.007646  
125.862129 0.002545  0.087880  -0.000209  0.996281  0.076524  -0.039612  -0.078719  0.995255  -0.057185  0.035048  0.060090  0.997577  -0.002311  -0.004713  -0.001996  -0.303224  0.026295  0.232099  2.000000  0.999877  0.015479  -0.002402  -0.015507  0.999807  -0.012060  0.002215  0.012096  0.999924  0.999990  0.004494  -0.000672  -0.004498  0.999972  -0.006027  0.000645  0.006030  0.999982  1.000000  0.000056  -0.000008  -0.000056  1.000000  -0.000075  0.000008  0.000075  1.000000  0.999877  0.015479  -0.002402  -0.015507  0.999807  -0.012060  0.002215  0.012096  0.999924  0.000096  0.007549  
125.863129 0.002543  0.087876  -0.000212  0.996264  0.076719  -0.039642  -0.078924  0.995226  -0.057418  0.035048  0.060332  0.997563  -0.002218  -0.004625  -0.002076  -0.301907  0.026199  0.227114  2.000000  0.999874  0.015700  -0.002436  -0.015729  0.999800  -0.012360  0.002241  0.012397  0.999921  0.999990  0.004502  -0.000539  -0.004505  0.999972  -0.005905  0.000513  0.005908  0.999982  1.000000  0.000056  -0.000007  -0.000056  1.000000  -0.000074  0.000007  0.000074  1.000000  0.999874  0.015700  -0.002436  -0.015729  0.999800  -0.012360  0.002241  0.012397  0.999921  0.000095  0.007446  
125.864377 0.002540  0.087871  -0.000215  0.996248  0.076909  -0.039682  -0.079129  0.995189  -0.057772  0.035048  0.060695  0.997541  -0.002108  -0.004538  -0.002118  -0.303493  0.026054  0.225257  2.000000  0.999870  0.015925  -0.002467  -0.015955  0.999793  -0.012662  0.002265  0.012700  0.999917  0.999990  0.004502  -0.000541  -0.004505  0.999972  -0.006027  0.000514  0.006029  0.999982  1.000000  0.000056  -0.000007  -0.000056  1.000000  -0.000075  0.000007  0.000075  1.000000  0.999870  0.015925  -0.002467  -0.015955  0.999793  -0.012662  0.002265  0.012700  0.999917  0.000094  0.007543  
125.865379 0.002539  0.087867  -0.000217  0.996232  0.077105  -0.039713  -0.079334  0.995159  -0.058005  0.035048  0.060937  0.997526  -0.001926  -0.004423  -0.002151  -0.299451  0.026122  0.225251  2.000000  0.999867  0.016141  -0.002498  -0.016173  0.999785  -0.012964  0.002288  0.013002  0.999913  0.999991  0.004296  -0.000530  -0.004299  0.999973  -0.006034  0.000504  0.006036  0.999982  1.000000  0.000054  -0.000006  -0.000054  1.000000  -0.000075  0.000006  0.000075  1.000000  0.999867  0.016141  -0.002498  -0.016173  0.999785  -0.012964  0.002288  0.013002  0.999913  0.000095  0.007427  
125.866627 0.002537  0.087863  -0.000219  0.996215  0.077295  -0.039753  -0.079539  0.995122  -0.058359  0.035048  0.061300  0.997504  -0.001863  -0.004324  -0.002096  -0.299697  0.025815  0.218398  2.000000  0.999862  0.016407  -0.002536  -0.016439  0.999776  -0.013339  0.002317  0.013379  0.999908  0.999991  0.004296  -0.000531  -0.004299  0.999973  -0.005913  0.000506  0.005915  0.999982  1.000000  0.000054  -0.000006  -0.000054  1.000000  -0.000074  0.000006  0.000074  1.000000  0.999862  0.016407  -0.002536  -0.016439  0.999776  -0.013339  0.002317  0.013379  0.999908  0.000092  0.007329  
125.867629 0.002536  0.087860  -0.000220  0.996199  0.077490  -0.039784  -0.079744  0.995092  -0.058592  0.035048  0.061542  0.997489  -0.001723  -0.004148  -0.002019  -0.295637  0.025880  0.218378  2.000000  0.999859  0.016613  -0.002567  -0.016646  0.999768  -0.013640  0.002339  0.013681  0.999904  0.999991  0.004091  -0.000520  -0.004094  0.999973  -0.006041  0.000495  0.006043  0.999982  1.000000  0.000051  -0.000006  -0.000051  1.000000  -0.000076  0.000006  0.000076  1.000000  0.999859  0.016613  -0.002567  -0.016646  0.999768  -0.013640  0.002339  0.013681  0.999904  0.000092  0.007315  
