1-Time 2-Px 3-Py 4-Pz 5-R11 6-R21 7-R31 8-R12 9-R22 10-R32 11-R13 12-R23 13-R33 14-Vx 15-Vy 16-Vz 17-Wx 18-Wy 19-Wz 20-state
212.050389 -0.022529  -0.011962  -0.073397  0.237612  0.809348  0.537118  -0.909716  0.379264  -0.169044  -0.340525  -0.448458  0.826395  0.000261  -0.000108  0.000999  0.000000  0.000000  0.000000  1.000000  
212.051454 -0.022529  -0.011962  -0.073396  0.237635  0.809444  0.536964  -0.909804  0.379127  -0.168876  -0.340273  -0.448401  0.826529  0.000023  -0.000111  0.001227  0.000000  0.000000  0.000000  1.000000  
212.052698 -0.022511  -0.011976  -0.073332  0.237670  0.809489  0.536880  -0.909936  0.378953  -0.168555  -0.339896  -0.448466  0.826649  0.009036  -0.006987  0.032797  0.000000  0.000000  0.000000  1.000000  
212.053701 -0.022489  -0.011991  -0.073248  0.237517  0.809678  0.536663  -0.910117  0.378592  -0.168391  -0.339518  -0.448431  0.826823  0.013585  -0.009931  0.049648  0.000000  0.000000  0.000000  1.000000  
212.054943 -0.022462  -0.012002  -0.073161  0.237551  0.809723  0.536580  -0.910249  0.378417  -0.168069  -0.339141  -0.448496  0.826943  0.015873  -0.009590  0.055619  0.000000  0.000000  0.000000  1.000000  
212.056193 -0.022438  -0.011996  -0.073107  0.237586  0.809834  0.536397  -0.910380  0.378223  -0.167794  -0.338763  -0.448460  0.827117  0.016680  -0.006332  0.052879  0.000000  0.000000  0.000000  1.000000  
212.057445 -0.022421  -0.011977  -0.073073  0.237620  0.809879  0.536314  -0.910512  0.378049  -0.167473  -0.338385  -0.448525  0.827237  0.016108  -0.002309  0.048100  0.000000  0.000000  0.000000  1.000000  
212.058693 -0.022412  -0.011950  -0.073047  0.237654  0.809925  0.536230  -0.910643  0.377874  -0.167152  -0.338008  -0.448590  0.827356  0.014690  0.001479  0.043802  0.000000  0.000000  0.000000  1.000000  
212.059693 -0.022403  -0.011931  -0.073024  0.237501  0.810048  0.536112  -0.910823  0.377533  -0.166941  -0.337630  -0.448654  0.827475  0.014051  0.003395  0.041443  0.000000  0.000000  0.000000  1.000000  
212.060943 -0.022385  -0.011923  -0.072979  0.237535  0.810093  0.536028  -0.910955  0.377359  -0.166619  -0.337252  -0.448719  0.827594  0.014140  0.003751  0.040776  0.000000  0.000000  0.000000  1.000000  
212.062193 -0.022365  -0.011932  -0.072912  0.237370  0.810136  0.536036  -0.911091  0.377096  -0.166469  -0.337000  -0.448862  0.827619  0.014311  0.002599  0.042207  0.000000  0.000000  0.000000  1.000000  
212.063193 -0.022350  -0.011940  -0.072848  0.237194  0.810164  0.536072  -0.911183  0.376892  -0.166427  -0.336874  -0.448984  0.827604  0.014382  0.001755  0.043969  0.000000  0.000000  0.000000  1.000000  
212.064199 -0.022334  -0.011942  -0.072782  0.237007  0.810112  0.536234  -0.911232  0.376765  -0.166446  -0.336874  -0.449185  0.827495  0.014465  0.001486  0.045533  0.000000  0.000000  0.000000  1.000000  
212.065204 -0.022319  -0.011939  -0.072717  0.236643  0.810087  0.536433  -0.911373  0.376434  -0.166422  -0.336748  -0.449508  0.827371  0.014523  0.001541  0.046909  0.000000  0.000000  0.000000  1.000000  
212.066449 -0.022302  -0.011937  -0.072626  0.236091  0.810009  0.536793  -0.911563  0.375976  -0.166419  -0.336622  -0.450031  0.827138  0.015186  0.001639  0.051358  0.000000  0.000000  0.000000  1.000000  
212.067698 -0.022279  -0.011937  -0.072528  0.235727  0.809853  0.537188  -0.911703  0.375686  -0.166305  -0.336496  -0.450554  0.826905  0.015324  0.002942  0.052956  0.000000  0.000000  0.000000  1.000000  
212.068944 -0.022241  -0.011933  -0.072434  0.235385  0.809792  0.537430  -0.911931  0.375258  -0.166022  -0.336118  -0.451020  0.826805  0.016117  0.004160  0.052921  0.066238  0.154449  0.253307  1.000000  
212.069945 -0.022205  -0.011925  -0.072370  0.235043  0.809926  0.537377  -0.912159  0.374769  -0.165877  -0.335740  -0.451185  0.826868  0.017086  0.005281  0.052697  0.061887  0.155090  0.267801  1.000000  
212.071195 -0.022165  -0.011911  -0.072297  0.234701  0.810061  0.537324  -0.912386  0.374280  -0.165731  -0.335362  -0.451349  0.826932  0.018210  0.005652  0.054356  0.057273  0.153778  0.277465  1.000000  
212.072444 -0.022136  -0.011894  -0.072219  0.233972  0.810398  0.537132  -0.912666  0.373496  -0.165959  -0.335110  -0.451392  0.827010  0.018967  0.005538  0.056897  0.041208  0.138709  0.298729  1.000000  
212.073693 -0.022117  -0.011873  -0.072130  0.233619  0.810582  0.537009  -0.912849  0.373045  -0.165966  -0.334858  -0.451435  0.827089  0.019683  0.005113  0.061115  0.032946  0.133333  0.302876  1.000000  
212.074696 -0.022103  -0.011857  -0.072048  0.233265  0.810766  0.536886  -0.913032  0.372594  -0.165973  -0.334606  -0.451478  0.827168  0.020164  0.004779  0.065699  0.025802  0.129831  0.309749  1.000000  
212.075943 -0.022082  -0.011848  -0.071923  0.232933  0.811044  0.536610  -0.913301  0.372006  -0.165810  -0.334101  -0.451464  0.827380  0.020263  0.005174  0.070878  0.014271  0.134706  0.318070  1.000000  
212.077193 -0.022055  -0.011852  -0.071775  0.232601  0.811452  0.536137  -0.913570  0.371378  -0.165737  -0.333597  -0.451248  0.827701  0.020739  0.005557  0.076025  -0.005323  0.139152  0.325565  1.000000  
212.078194 -0.022032  -0.011858  -0.071654  0.232258  0.811779  0.535790  -0.913795  0.370828  -0.165725  -0.333218  -0.451111  0.827928  0.021271  0.005584  0.079896  -0.018958  0.140211  0.333082  1.000000  
212.079450 -0.022003  -0.011859  -0.071524  0.231716  0.812232  0.535338  -0.914025  0.370149  -0.165976  -0.332966  -0.450853  0.828170  0.021971  0.005570  0.083236  -0.037994  0.132653  0.340729  1.000000  
212.080694 -0.021980  -0.011844  -0.071427  0.231173  0.812620  0.534984  -0.914254  0.369490  -0.166182  -0.332714  -0.450694  0.828358  0.022094  0.006243  0.083697  -0.051409  0.125768  0.347892  1.000000  
212.081710 -0.021966  -0.011826  -0.071368  0.230807  0.812917  0.534691  -0.914393  0.369057  -0.166384  -0.332587  -0.450515  0.828506  0.022156  0.007492  0.082552  -0.060472  0.112675  0.357745  1.000000  
212.082954 -0.021949  -0.011803  -0.071302  0.230442  0.813148  0.534496  -0.914531  0.368643  -0.166541  -0.332461  -0.450435  0.828600  0.021437  0.008979  0.080415  -0.069122  0.098555  0.364886  1.000000  
212.084197 -0.021926  -0.011786  -0.071230  0.229909  0.813550  0.534115  -0.914802  0.367925  -0.166638  -0.332083  -0.450298  0.828826  0.020227  0.009707  0.079389  -0.077756  0.092414  0.376472  1.000000  
212.085197 -0.021899  -0.011782  -0.071159  0.229753  0.813799  0.533802  -0.914979  0.367542  -0.166514  -0.331704  -0.450160  0.829052  0.019600  0.009305  0.080185  -0.084055  0.089372  0.382296  1.000000  
212.086210 -0.021867  -0.011786  -0.071070  0.229398  0.814174  0.533384  -0.915159  0.367029  -0.166653  -0.331452  -0.449901  0.829294  0.019658  0.008175  0.082649  -0.100788  0.083162  0.393535  1.000000  
212.087451 -0.021827  -0.011798  -0.070942  0.229054  0.814562  0.532938  -0.915383  0.366458  -0.166683  -0.331073  -0.449663  0.829575  0.020668  0.006213  0.085400  -0.117517  0.073055  0.402942  1.000000  
212.088693 -0.021797  -0.011809  -0.070815  0.228698  0.814936  0.532519  -0.915563  0.365945  -0.166820  -0.330820  -0.449403  0.829816  0.021467  0.004081  0.087808  -0.134320  0.062972  0.412460  1.000000  
212.089694 -0.021780  -0.011812  -0.070726  0.228531  0.815299  0.532035  -0.915696  0.365580  -0.166891  -0.330568  -0.449042  0.830112  0.021528  0.003024  0.088096  -0.150519  0.059099  0.410338  1.000000  
212.090943 -0.021763  -0.011810  -0.070628  0.228364  0.815855  0.531254  -0.915828  0.365154  -0.167095  -0.330315  -0.448379  0.830571  0.021264  0.002550  0.086318  -0.179758  0.055681  0.412579  1.000000  
212.091943 -0.021746  -0.011804  -0.070554  0.228385  0.816334  0.530508  -0.915914  0.364896  -0.167190  -0.330063  -0.447716  0.831029  0.020950  0.003265  0.082795  -0.211485  0.059387  0.410311  1.000000  
212.093193 -0.021719  -0.011794  -0.070463  0.228805  0.816949  0.529379  -0.915991  0.364777  -0.167027  -0.329557  -0.446690  0.831781  0.020905  0.004272  0.079413  -0.253432  0.080804  0.399573  1.000000  
212.094443 -0.021683  -0.011783  -0.070373  0.229015  0.817609  0.528269  -0.916030  0.364606  -0.167188  -0.329305  -0.445622  0.832454  0.021360  0.005053  0.076818  -0.296982  0.097403  0.383344  1.000000  
212.095450 -0.021653  -0.011774  -0.070296  0.229414  0.818128  0.527292  -0.916021  0.364624  -0.167197  -0.329052  -0.444653  0.833072  0.022202  0.004740  0.076634  -0.351279  0.114640  0.365610  1.000000  
212.096693 -0.021619  -0.011767  -0.070188  0.229812  0.818773  0.526115  -0.916012  0.364603  -0.167295  -0.328799  -0.443481  0.833796  0.023204  0.003971  0.078758  -0.403903  0.130060  0.341889  1.000000  
212.097700 -0.021594  -0.011761  -0.070093  0.230389  0.819072  0.525397  -0.915912  0.364889  -0.167216  -0.328673  -0.442693  0.834265  0.024091  0.002824  0.082049  -0.448721  0.142695  0.313865  1.000000  
212.098946 -0.021561  -0.011757  -0.069966  0.230798  0.819666  0.524290  -0.915945  0.364831  -0.167161  -0.328294  -0.441641  0.834971  0.024693  0.001969  0.085673  -0.496501  0.155182  0.290809  1.000000  
212.099946 -0.021532  -0.011755  -0.069864  0.231385  0.820041  0.523444  -0.915888  0.365040  -0.167019  -0.328041  -0.440770  0.835530  0.024942  0.001792  0.087576  -0.525709  0.166775  0.259858  1.000000  
212.100950 -0.021499  -0.011758  -0.069759  0.231983  0.820367  0.522669  -0.915872  0.365214  -0.166726  -0.327662  -0.440020  0.836074  0.024937  0.001881  0.088948  -0.550849  0.186251  0.233146  1.000000  
212.102198 -0.021456  -0.011767  -0.069631  0.232770  0.820742  0.521728  -0.915808  0.365516  -0.166413  -0.327283  -0.439067  0.836724  0.025172  0.002080  0.088901  -0.573264  0.215004  0.189128  1.000000  
212.103451 -0.021415  -0.011777  -0.069516  0.233556  0.821180  0.520687  -0.915743  0.365800  -0.166146  -0.326903  -0.438011  0.837425  0.025886  0.002111  0.088038  -0.604276  0.237529  0.156539  1.000000  
212.104693 -0.021378  -0.011783  -0.069421  0.234154  0.821692  0.519610  -0.915726  0.365916  -0.165987  -0.326524  -0.436954  0.838125  0.026787  0.001969  0.087053  -0.632564  0.254909  0.128657  1.000000  
212.105694 -0.021354  -0.011782  -0.069354  0.234553  0.822137  0.518725  -0.915714  0.365960  -0.165956  -0.326271  -0.436079  0.838679  0.027710  0.001885  0.086407  -0.661305  0.261454  0.102281  1.000000  
212.106943 -0.021325  -0.011780  -0.069266  0.235151  0.822646  0.517647  -0.915696  0.366077  -0.165798  -0.325891  -0.435020  0.839376  0.028243  0.001501  0.086122  -0.682535  0.272910  0.071102  1.000000  
212.107944 -0.021298  -0.011779  -0.069184  0.235550  0.823026  0.516861  -0.915683  0.366142  -0.165723  -0.325638  -0.434245  0.839876  0.028482  0.001023  0.086727  -0.697898  0.281238  0.045736  1.000000  
212.109193 -0.021260  -0.011785  -0.069059  0.236347  0.823471  0.515786  -0.915658  0.366374  -0.165351  -0.325132  -0.433204  0.840609  0.028650  -0.000111  0.089055  -0.714773  0.310715  0.009278  1.000000  
212.110443 -0.021217  -0.011797  -0.068910  0.236956  0.824115  0.514477  -0.915680  0.366398  -0.165174  -0.324626  -0.431957  0.841446  0.029072  -0.001482  0.092478  -0.745879  0.336946  -0.021489  1.000000  
212.111450 -0.021181  -0.011808  -0.068780  0.237366  0.824693  0.513360  -0.915708  0.366350  -0.165125  -0.324247  -0.430893  0.842137  0.029687  -0.002755  0.095396  -0.773444  0.355073  -0.032521  1.000000  
212.112693 -0.021137  -0.011815  -0.068622  0.237964  0.825319  0.512076  -0.915687  0.366432  -0.165058  -0.323867  -0.429624  0.842932  0.030518  -0.003586  0.098064  -0.804480  0.377127  -0.065206  1.000000  
212.113943 -0.021098  -0.011813  -0.068482  0.238551  0.825928  0.510820  -0.915624  0.366570  -0.165102  -0.323614  -0.428333  0.843685  0.030911  -0.003722  0.098979  -0.837748  0.388191  -0.096344  1.000000  
212.114950 -0.021069  -0.011804  -0.068383  0.238950  0.826425  0.509828  -0.915610  0.366600  -0.165118  -0.323360  -0.427349  0.844281  0.030863  -0.003267  0.098655  -0.868289  0.399498  -0.122699  1.000000  
212.116200 -0.021033  -0.011790  -0.068263  0.239570  0.827012  0.508584  -0.915671  0.366594  -0.164790  -0.322727  -0.426217  0.845095  0.030424  -0.001936  0.097907  -0.886730  0.423147  -0.144666  1.000000  
212.117449 -0.020995  -0.011781  -0.068133  0.240379  0.827583  0.507272  -0.915682  0.366740  -0.164403  -0.322094  -0.424980  0.845959  0.030093  -0.000630  0.098208  -0.913639  0.448835  -0.175463  1.000000  
212.118694 -0.020955  -0.011780  -0.067987  0.240999  0.828105  0.506125  -0.915741  0.366758  -0.164032  -0.321461  -0.423948  0.846718  0.030087  0.000039  0.100977  -0.938623  0.479491  -0.200155  1.000000  
212.119946 -0.020915  -0.011786  -0.067823  0.241420  0.828686  0.504971  -0.915808  0.366661  -0.163875  -0.320954  -0.422894  0.847437  0.030531  -0.000210  0.106007  -0.950170  0.495367  -0.221854  1.000000  
212.121195 -0.020876  -0.011793  -0.067652  0.241841  0.829204  0.503918  -0.915875  0.366585  -0.163673  -0.320447  -0.421943  0.848103  0.031290  -0.000800  0.111882  -0.958184  0.509234  -0.229926  1.000000  
212.122444 -0.020840  -0.011799  -0.067480  0.242052  0.829646  0.503088  -0.915908  0.366488  -0.163705  -0.320193  -0.421158  0.848589  0.031492  -0.001303  0.116418  -0.950096  0.504967  -0.232572  1.000000  
212.123445 -0.020811  -0.011800  -0.067347  0.242262  0.830027  0.502359  -0.915941  0.366411  -0.163693  -0.319940  -0.420475  0.849023  0.031567  -0.001278  0.119649  -0.942067  0.500755  -0.235162  1.000000  
212.124694 -0.020775  -0.011800  -0.067188  0.242494  0.830435  0.501572  -0.916056  0.366225  -0.163462  -0.319433  -0.419830  0.849533  0.031206  -0.000749  0.120917  -0.928627  0.501397  -0.223908  1.000000  
212.125694 -0.020745  -0.011800  -0.067065  0.242705  0.830814  0.500842  -0.916089  0.366149  -0.163450  -0.319179  -0.419146  0.849966  0.030781  0.000194  0.120667  -0.914261  0.502331  -0.220596  1.000000  
212.126944 -0.020703  -0.011795  -0.066915  0.242937  0.831281  0.499953  -0.916204  0.365945  -0.163262  -0.318672  -0.418396  0.850525  0.030532  0.001269  0.119884  -0.906709  0.504164  -0.205479  1.000000  
212.128194 -0.020661  -0.011787  -0.066767  0.243347  0.831659  0.499125  -0.916227  0.365967  -0.163081  -0.318291  -0.417627  0.851045  0.030618  0.001893  0.119982  -0.899496  0.507859  -0.200283  1.000000  
212.129443 -0.020619  -0.011775  -0.066617  0.243558  0.832096  0.498293  -0.916260  0.365872  -0.163114  -0.318038  -0.416838  0.851527  0.030921  0.002219  0.121016  -0.891880  0.497750  -0.191340  1.000000  
212.130693 -0.020581  -0.011764  -0.066458  0.243757  0.832518  0.497490  -0.916251  0.365831  -0.163256  -0.317911  -0.416031  0.851969  0.031106  0.002091  0.123548  -0.884467  0.479820  -0.186453  1.000000  
212.131701 -0.020551  -0.011758  -0.066317  0.243968  0.832893  0.496758  -0.916283  0.365756  -0.163244  -0.317657  -0.415344  0.852398  0.031174  0.001776  0.126724  -0.886035  0.470545  -0.172959  1.000000  
212.132952 -0.020512  -0.011753  -0.066122  0.244189  0.833403  0.495794  -0.916355  0.365589  -0.163210  -0.317276  -0.414469  0.852966  0.031144  0.001815  0.130481  -0.884728  0.461513  -0.156031  1.000000  
212.134197 -0.020469  -0.011749  -0.065913  0.244599  0.833896  0.494762  -0.916378  0.365574  -0.163119  -0.316896  -0.413490  0.853583  0.031349  0.002298  0.134095  -0.883021  0.462420  -0.148786  1.000000  
212.135200 -0.020431  -0.011746  -0.065746  0.245187  0.834178  0.493994  -0.916308  0.365824  -0.162948  -0.316642  -0.412698  0.854060  0.031665  0.002909  0.136242  -0.876778  0.465200  -0.155141  1.000000  
212.136444 -0.020386  -0.011736  -0.065548  0.245786  0.834594  0.492994  -0.916280  0.365982  -0.162755  -0.316261  -0.411717  0.854674  0.032185  0.004050  0.137936  -0.872964  0.465089  -0.155797  1.000000  
212.137694 -0.020342  -0.011717  -0.065368  0.246374  0.834993  0.492022  -0.916209  0.366194  -0.162674  -0.316007  -0.410717  0.855249  0.032810  0.005601  0.138634  -0.873054  0.460878  -0.158398  1.000000  
212.138944 -0.020301  -0.011693  -0.065200  0.247139  0.835362  0.491012  -0.916047  0.366611  -0.162648  -0.315880  -0.409593  0.855835  0.033091  0.007151  0.138852  -0.873188  0.448610  -0.165055  1.000000  
212.140193 -0.020260  -0.011667  -0.065035  0.247727  0.835699  0.490141  -0.915976  0.366844  -0.162524  -0.315626  -0.408695  0.856357  0.033377  0.008885  0.139394  -0.857023  0.440350  -0.169687  1.000000  
212.141194 -0.020227  -0.011650  -0.064894  0.248304  0.835962  0.489400  -0.915863  0.367150  -0.162467  -0.315500  -0.407882  0.856792  0.033446  0.009987  0.141086  -0.842855  0.435100  -0.180123  1.000000  
212.142444 -0.020183  -0.011636  -0.064704  0.249268  0.836206  0.488493  -0.915689  0.367709  -0.162188  -0.315246  -0.406879  0.857362  0.033558  0.010425  0.143472  -0.831383  0.436934  -0.190809  1.000000  
212.143450 -0.020147  -0.011630  -0.064542  0.250045  0.836346  0.487856  -0.915564  0.368155  -0.161877  -0.314992  -0.406187  0.857783  0.033640  0.010346  0.146769  -0.809382  0.446053  -0.204701  1.000000  
212.144704 -0.020103  -0.011623  -0.064338  0.250821  0.836662  0.486914  -0.915439  0.368543  -0.161701  -0.314738  -0.405182  0.858352  0.033872  0.009976  0.150231  -0.795107  0.444646  -0.213236  1.000000  
212.145946 -0.020064  -0.011615  -0.064138  0.251774  0.836887  0.486035  -0.915221  0.369156  -0.161537  -0.314611  -0.404159  0.858881  0.034070  0.009876  0.152667  -0.784386  0.434460  -0.229630  1.000000  
212.146949 -0.020035  -0.011604  -0.063986  0.252550  0.837142  0.485193  -0.915095  0.369565  -0.161319  -0.314357  -0.403256  0.859398  0.033925  0.010250  0.152882  -0.776661  0.428536  -0.243950  1.000000  
212.147966 -0.020008  -0.011590  -0.063839  0.253315  0.837322  0.484483  -0.914927  0.370046  -0.161167  -0.314230  -0.402440  0.859827  0.033542  0.010916  0.151721  -0.765967  0.418748  -0.256086  1.000000  
212.149198 -0.019975  -0.011570  -0.063666  0.254290  0.837630  0.483439  -0.914787  0.370537  -0.160831  -0.313848  -0.401346  0.860477  0.032868  0.012104  0.149525  -0.760183  0.419219  -0.278549  1.000000  
212.150210 -0.019945  -0.011553  -0.063527  0.255066  0.837998  0.482391  -0.914658  0.370909  -0.160706  -0.313594  -0.400233  0.861088  0.032358  0.012950  0.147552  -0.767672  0.420289  -0.292664  1.000000  
212.151461 -0.019907  -0.011530  -0.063352  0.256241  0.838356  0.481144  -0.914504  0.371486  -0.160252  -0.313086  -0.398945  0.861870  0.031805  0.013676  0.146173  -0.773221  0.438168  -0.320914  1.000000  
212.152463 -0.019877  -0.011511  -0.063206  0.257216  0.838716  0.479994  -0.914361  0.371962  -0.159965  -0.312705  -0.397743  0.862564  0.031449  0.013925  0.146367  -0.784886  0.453136  -0.343151  1.000000  
212.153705 -0.019845  -0.011487  -0.063016  0.258579  0.839051  0.478675  -0.914150  0.372695  -0.159462  -0.312197  -0.396347  0.863390  0.030896  0.013944  0.147927  -0.796729  0.473872  -0.377556  1.000000  
212.154951 -0.019815  -0.011463  -0.062820  0.259754  0.839460  0.477320  -0.913990  0.373258  -0.159060  -0.311688  -0.394950  0.864214  0.030142  0.013858  0.150121  -0.816877  0.488816  -0.400069  1.000000  
212.156201 -0.019788  -0.011439  -0.062620  0.261105  0.839775  0.476028  -0.913735  0.374046  -0.158674  -0.311307  -0.393533  0.864997  0.029166  0.014093  0.151663  -0.828542  0.501132  -0.438343  1.000000  
212.157452 -0.019762  -0.011418  -0.062417  0.262467  0.840158  0.474601  -0.913518  0.374766  -0.158225  -0.310798  -0.392027  0.865863  0.027937  0.014666  0.152210  -0.844254  0.521416  -0.472820  1.000000  
212.158699 -0.019737  -0.011397  -0.062222  0.264029  0.840475  0.473171  -0.913284  0.375611  -0.157570  -0.310162  -0.390537  0.866764  0.026559  0.015525  0.151698  -0.853874  0.552588  -0.509587  1.000000  
212.159701 -0.019719  -0.011381  -0.062073  0.265203  0.840813  0.471911  -0.913117  0.376201  -0.157133  -0.309653  -0.389237  0.867531  0.025646  0.016132  0.150976  -0.871756  0.578171  -0.534296  1.000000  
212.160708 -0.019703  -0.011363  -0.061935  0.266190  0.841170  0.470719  -0.913002  0.376638  -0.156750  -0.309144  -0.388042  0.868247  0.024432  0.017036  0.149250  -0.887603  0.596752  -0.554876  1.000000  
212.161948 -0.019688  -0.011338  -0.061773  0.267551  0.841540  0.469283  -0.912776  0.377367  -0.156313  -0.308635  -0.386529  0.869103  0.023140  0.017742  0.147510  -0.899747  0.621041  -0.588028  1.000000  
212.163201 -0.019676  -0.011312  -0.061617  0.268925  0.841864  0.467914  -0.912588  0.378067  -0.155721  -0.307999  -0.385136  0.869947  0.021771  0.018361  0.145924  -0.905548  0.642152  -0.615013  1.000000  
212.164211 -0.019666  -0.011293  -0.061488  0.269911  0.842213  0.466717  -0.912468  0.378510  -0.155344  -0.307490  -0.383935  0.870657  0.020469  0.018515  0.145184  -0.915431  0.657695  -0.629830  1.000000  
212.165448 -0.019652  -0.011273  -0.061315  0.271284  0.842532  0.465344  -0.912275  0.379215  -0.154757  -0.306853  -0.382539  0.871496  0.019070  0.018335  0.145325  -0.923858  0.676224  -0.651253  1.000000  
212.166451 -0.019638  -0.011260  -0.061168  0.272458  0.842798  0.464175  -0.912097  0.379835  -0.154288  -0.306344  -0.381336  0.872202  0.017943  0.018000  0.145699  -0.933866  0.691750  -0.666223  1.000000  
212.167456 -0.019624  -0.011249  -0.061015  0.273643  0.843076  0.462971  -0.911956  0.380408  -0.153709  -0.305707  -0.380148  0.872944  0.016916  0.017522  0.146117  -0.941910  0.714154  -0.685439  1.000000  
212.168699 -0.019607  -0.011232  -0.060826  0.275204  0.843307  0.461623  -0.911699  0.381294  -0.153035  -0.305070  -0.378746  0.873776  0.015818  0.017050  0.146063  -0.946109  0.740591  -0.703256  1.000000  
212.169945 -0.019594  -0.011210  -0.060646  0.276752  0.843631  0.460103  -0.911401  0.382193  -0.152569  -0.304560  -0.377114  0.874659  0.014719  0.016834  0.144976  -0.964424  0.761466  -0.730826  1.000000  
212.170947 -0.019586  -0.011188  -0.060511  0.278113  0.843863  0.458855  -0.911157  0.382976  -0.152062  -0.304050  -0.375799  0.875402  0.013842  0.017041  0.143291  -0.976489  0.783666  -0.750260  1.000000  
212.172193 -0.019577  -0.011158  -0.060349  0.279673  0.844250  0.457193  -0.910892  0.383813  -0.151538  -0.303413  -0.374072  0.876362  0.012708  0.017553  0.140605  -0.996831  0.799091  -0.763724  1.000000  
212.173193 -0.019569  -0.011135  -0.060219  0.281033  0.844585  0.455737  -0.910643  0.384563  -0.151131  -0.302903  -0.372541  0.877191  0.011893  0.018083  0.138656  -1.026015  0.818504  -0.779925  1.000000  
212.174193 -0.019560  -0.011113  -0.060087  0.282393  0.844917  0.454278  -0.910392  0.385316  -0.150727  -0.302393  -0.371007  0.878016  0.011218  0.018449  0.137316  -1.046286  0.840475  -0.799650  1.000000  
212.175454 -0.019548  -0.011088  -0.059912  0.284140  0.845266  0.452537  -0.910060  0.386317  -0.150168  -0.301755  -0.369167  0.879010  0.010527  0.018676  0.137215  -1.070512  0.861933  -0.819528  1.000000  
212.176694 -0.019537  -0.011066  -0.059726  0.285874  0.845649  0.450726  -0.909686  0.387350  -0.149774  -0.301245  -0.367203  0.880008  0.010195  0.018457  0.138677  -1.095444  0.879714  -0.841976  1.000000  
212.177943 -0.019528  -0.011045  -0.059533  0.287794  0.845837  0.449148  -0.909249  0.388596  -0.149198  -0.300734  -0.365449  0.880912  0.009983  0.018120  0.141026  -1.111072  0.899763  -0.867367  1.000000  
212.178944 -0.019521  -0.011029  -0.059378  0.289141  0.846028  0.447922  -0.908948  0.389440  -0.148828  -0.300351  -0.364106  0.881599  0.009856  0.017948  0.142881  -1.121267  0.910598  -0.884804  1.000000  
212.180193 -0.019511  -0.011008  -0.059188  0.291048  0.846083  0.446581  -0.908466  0.390773  -0.148279  -0.299968  -0.362547  0.882371  0.009607  0.017929  0.144358  -1.119108  0.922106  -0.916285  1.000000  
212.181210 -0.019501  -0.010992  -0.059040  0.292768  0.846106  0.445412  -0.908039  0.391969  -0.147733  -0.299585  -0.361201  0.883053  0.009281  0.018209  0.144206  -1.122063  0.931700  -0.944996  1.000000  
212.182449 -0.019486  -0.010970  -0.058859  0.294487  0.846178  0.444140  -0.907610  0.393149  -0.147238  -0.299203  -0.359746  0.883776  0.009170  0.018573  0.143825  -1.113412  0.933361  -0.963155  1.000000  
212.183455 -0.019474  -0.010953  -0.058720  0.296006  0.846205  0.443077  -0.907199  0.394237  -0.146856  -0.298947  -0.358489  0.884373  0.009046  0.018914  0.142749  -1.112364  0.933552  -0.981936  1.000000  
212.184699 -0.019461  -0.010929  -0.058550  0.297712  0.846362  0.441633  -0.906725  0.395429  -0.146577  -0.298692  -0.356802  0.885142  0.009056  0.019031  0.142041  -1.115652  0.930715  -1.001446  1.000000  
212.185701 -0.019452  -0.010910  -0.058416  0.299230  0.846381  0.440568  -0.906310  0.396519  -0.146202  -0.298436  -0.355543  0.885734  0.009031  0.018819  0.142017  -1.115750  0.930263  -1.016475  1.000000  
212.186702 -0.019446  -0.010892  -0.058279  0.300561  0.846426  0.439574  -0.905953  0.397454  -0.145872  -0.298181  -0.354390  0.886282  0.009045  0.018451  0.142413  -1.109217  0.928146  -1.030055  1.000000  
212.187949 -0.019437  -0.010871  -0.058098  0.302090  0.846614  0.438162  -0.905571  0.398449  -0.145536  -0.297798  -0.352822  0.887036  0.008939  0.017888  0.143765  -1.106477  0.926568  -1.041298  1.000000  
212.188950 -0.019429  -0.010855  -0.057944  0.303234  0.846788  0.437034  -0.905272  0.399193  -0.145351  -0.297542  -0.351559  0.887623  0.008845  0.017488  0.145231  -1.104261  0.915053  -1.044881  1.000000  
212.189951 -0.019421  -0.010841  -0.057781  0.304563  0.846825  0.436038  -0.904910  0.400131  -0.145030  -0.297287  -0.350404  0.888165  0.008776  0.017046  0.146782  -1.098554  0.907879  -1.055821  1.000000  
212.190951 -0.019413  -0.010828  -0.057615  0.305706  0.847047  0.434805  -0.904608  0.400860  -0.144898  -0.297031  -0.349032  0.888791  0.008688  0.016710  0.148165  -1.101135  0.900655  -1.066979  1.000000  
212.192199 -0.019403  -0.010809  -0.057408  0.307048  0.847303  0.433358  -0.904280  0.401685  -0.144665  -0.296648  -0.347458  0.889535  0.008727  0.016556  0.149283  -1.101934  0.894779  -1.070698  1.000000  
212.193449 -0.019394  -0.010785  -0.057209  0.308389  0.847556  0.431909  -0.903949  0.402511  -0.144435  -0.296265  -0.345882  0.890277  0.008717  0.016834  0.149615  -1.106573  0.884551  -1.075779  1.000000  
212.194699 -0.019387  -0.010755  -0.057022  0.309544  0.847887  0.430430  -0.903680  0.403165  -0.144297  -0.295881  -0.344304  0.891016  0.008567  0.017396  0.149342  -1.112982  0.874665  -1.077011  1.000000  
212.195701 -0.019381  -0.010730  -0.056875  0.310699  0.848059  0.429257  -0.903409  0.403872  -0.144015  -0.295498  -0.343050  0.891627  0.008308  0.017981  0.149191  -1.111902  0.868705  -1.084054  1.000000  
212.196948 -0.019373  -0.010700  -0.056696  0.311866  0.848347  0.427839  -0.903174  0.404502  -0.143720  -0.294987  -0.341591  0.892355  0.007944  0.018612  0.148985  -1.111640  0.855833  -1.078419  1.000000  
212.198197 -0.019364  -0.010672  -0.056508  0.312834  0.848701  0.426429  -0.902964  0.405002  -0.143629  -0.294603  -0.340118  0.893045  0.007492  0.018949  0.149810  -1.118586  0.838459  -1.065305  1.000000  
212.199455 -0.019357  -0.010648  -0.056311  0.313815  0.849015  0.425081  -0.902790  0.405478  -0.143378  -0.294091  -0.338765  0.893727  0.007037  0.019039  0.151771  -1.112040  0.829001  -1.052791  1.000000  
212.200717 -0.019351  -0.010626  -0.056105  0.314610  0.849358  0.423806  -0.902680  0.405798  -0.143167  -0.293580  -0.337519  0.894367  0.006701  0.018893  0.154115  -1.106581  0.810592  -1.025230  1.000000  
212.201950 -0.019349  -0.010605  -0.055903  0.315392  0.849582  0.422775  -0.902532  0.406196  -0.142972  -0.293196  -0.336476  0.894886  0.006265  0.018843  0.156232  -1.087462  0.791158  -1.006023  1.000000  
212.203204 -0.019348  -0.010584  -0.055705  0.315989  0.849938  0.421611  -0.902448  0.406403  -0.142914  -0.292812  -0.335322  0.895444  0.005761  0.018909  0.156984  -1.067692  0.766225  -0.974000  1.000000  
212.204214 -0.019348  -0.010566  -0.055551  0.316585  0.850090  0.420858  -0.902363  0.406680  -0.142660  -0.292429  -0.334603  0.895838  0.005220  0.019068  0.156597  -1.041454  0.753224  -0.958088  1.000000  
212.205446 -0.019346  -0.010542  -0.055364  0.317380  0.850324  0.419786  -0.902250  0.407038  -0.142355  -0.291917  -0.333571  0.896390  0.004708  0.019503  0.155723  -1.026475  0.736777  -0.928001  1.000000  
212.206693 -0.019343  -0.010515  -0.055183  0.317989  0.850691  0.418579  -0.902201  0.407206  -0.142187  -0.291405  -0.332429  0.896981  0.004255  0.020114  0.153837  -1.006685  0.720561  -0.892682  1.000000  
212.207695 -0.019339  -0.010492  -0.055040  0.318399  0.850973  0.417692  -0.902180  0.407293  -0.142070  -0.291021  -0.331599  0.897413  0.004003  0.020531  0.152540  -0.995272  0.701760  -0.853758  1.000000  
212.208944 -0.019335  -0.010463  -0.054860  0.318995  0.851272  0.416628  -0.902093  0.407521  -0.141967  -0.290637  -0.330550  0.897924  0.003748  0.020755  0.151608  -0.983494  0.686032  -0.818019  1.000000  
212.209944 -0.019331  -0.010437  -0.054713  0.319393  0.851537  0.415780  -0.902035  0.407650  -0.141964  -0.290381  -0.329706  0.898317  0.003644  0.020846  0.151470  -0.979838  0.666547  -0.783644  1.000000  
212.211195 -0.019326  -0.010403  -0.054522  0.319989  0.851783  0.414817  -0.901948  0.407897  -0.141813  -0.289997  -0.328765  0.898786  0.003511  0.020949  0.152184  -0.968595  0.646167  -0.741847  1.000000  
212.212445 -0.019318  -0.010372  -0.054324  0.320585  0.852128  0.413647  -0.901859  0.408110  -0.141762  -0.289612  -0.327605  0.899333  0.003417  0.021101  0.153202  -0.968585  0.630674  -0.705917  1.000000  
212.213693 -0.019311  -0.010342  -0.054119  0.321180  0.852371  0.412683  -0.901771  0.408358  -0.141612  -0.289228  -0.326663  0.899799  0.003347  0.021355  0.154176  -0.954668  0.617320  -0.662456  1.000000  
212.214710 -0.019304  -0.010318  -0.053954  0.321591  0.852596  0.411896  -0.901748  0.408465  -0.141449  -0.288844  -0.325938  0.900185  0.003388  0.021726  0.154128  -0.944124  0.604784  -0.625344  1.000000  
212.215949 -0.019296  -0.010287  -0.053754  0.322359  0.852738  0.411001  -0.901555  0.408931  -0.141329  -0.288588  -0.324981  0.900613  0.003626  0.022303  0.154112  -0.930466  0.592408  -0.595656  1.000000  
212.216951 -0.019290  -0.010261  -0.053601  0.322756  0.852998  0.410150  -0.901495  0.409063  -0.141330  -0.288332  -0.324133  0.901001  0.003983  0.023040  0.153336  -0.928489  0.579952  -0.565405  1.000000  
212.218199 -0.019283  -0.010227  -0.053419  0.323525  0.853087  0.409358  -0.901302  0.409547  -0.141163  -0.288075  -0.323285  0.901388  0.004376  0.023793  0.152478  -0.908369  0.565671  -0.543150  1.000000  
212.219445 -0.019276  -0.010193  -0.053240  0.324293  0.853176  0.408564  -0.901107  0.410031  -0.140997  -0.287819  -0.322436  0.901773  0.004824  0.024539  0.151548  -0.895019  0.553506  -0.520977  1.000000  
212.220699 -0.019269  -0.010161  -0.053059  0.325061  0.853214  0.407874  -0.900912  0.410533  -0.140782  -0.287563  -0.321696  0.902119  0.005144  0.025100  0.151277  -0.864830  0.541687  -0.504912  1.000000  
212.221943 -0.019258  -0.010129  -0.052874  0.326014  0.853166  0.407212  -0.900650  0.411211  -0.140484  -0.287306  -0.320956  0.902465  0.005607  0.025459  0.151682  -0.838791  0.534219  -0.487302  1.000000  
212.222944 -0.019250  -0.010105  -0.052721  0.326584  0.853223  0.406637  -0.900484  0.411595  -0.140419  -0.287178  -0.320312  0.902734  0.005975  0.025455  0.152394  -0.818685  0.520751  -0.478725  1.000000  
212.224193 -0.019238  -0.010076  -0.052527  0.327523  0.853109  0.406119  -0.900184  0.412331  -0.140186  -0.287050  -0.319668  0.903003  0.006469  0.025346  0.153246  -0.786471  0.507235  -0.470226  1.000000  
212.225194 -0.019229  -0.010051  -0.052369  0.328278  0.853080  0.405572  -0.899950  0.412892  -0.140039  -0.286922  -0.319023  0.903272  0.006746  0.025217  0.153791  -0.764356  0.496083  -0.467746  1.000000  
212.226194 -0.019219  -0.010025  -0.052213  0.328847  0.853085  0.405100  -0.899783  0.413294  -0.139926  -0.286794  -0.318488  0.903501  0.007095  0.025189  0.153890  -0.740186  0.486902  -0.457519  1.000000  
212.227447 -0.019208  -0.009991  -0.052023  0.329786  0.853017  0.404478  -0.899480  0.414013  -0.139747  -0.286666  -0.317733  0.903808  0.007432  0.025429  0.153184  -0.713997  0.471462  -0.456586  1.000000  
212.228693 -0.019195  -0.009956  -0.051838  0.330738  0.853012  0.403711  -0.899212  0.414676  -0.139506  -0.286409  -0.316882  0.904188  0.007706  0.025777  0.152126  -0.694067  0.462558  -0.460346  1.000000  
212.229695 -0.019187  -0.009928  -0.051689  0.331492  0.852979  0.403163  -0.898975  0.415237  -0.139362  -0.286281  -0.316236  0.904455  0.007820  0.026053  0.151171  -0.672116  0.456031  -0.470161  1.000000  
212.230946 -0.019177  -0.009891  -0.051503  0.332629  0.852934  0.402320  -0.898637  0.416059  -0.139091  -0.286025  -0.315274  0.904872  0.007949  0.026362  0.150079  -0.662185  0.453491  -0.478430  1.000000  
212.231950 -0.019170  -0.009861  -0.051353  0.333567  0.852862  0.401697  -0.898330  0.416780  -0.138917  -0.285896  -0.314518  0.905175  0.008002  0.026633  0.149836  -0.654205  0.449067  -0.494187  1.000000  
212.232960 -0.019163  -0.009831  -0.051203  0.334518  0.852754  0.401134  -0.898058  0.417478  -0.138581  -0.285640  -0.313884  0.905476  0.008132  0.026852  0.150118  -0.635369  0.452501  -0.512732  1.000000  
212.234195 -0.019156  -0.009795  -0.051011  0.336023  0.852532  0.400347  -0.897577  0.418653  -0.138150  -0.285383  -0.312920  0.905890  0.008060  0.027041  0.151075  -0.628998  0.455562  -0.541836  1.000000  
212.235196 -0.019152  -0.009767  -0.050852  0.336960  0.852407  0.399826  -0.897266  0.419390  -0.137930  -0.285255  -0.312273  0.906154  0.007993  0.027122  0.152162  -0.615790  0.448117  -0.557331  1.000000  
212.236198 -0.019148  -0.009739  -0.050691  0.338095  0.852208  0.399290  -0.896921  0.420265  -0.137515  -0.284999  -0.311639  0.906453  0.007732  0.027306  0.152963  -0.602970  0.448653  -0.579327  1.000000  
212.237200 -0.019144  -0.009711  -0.050532  0.339230  0.852057  0.398651  -0.896574  0.421123  -0.137152  -0.284742  -0.310894  0.906789  0.007435  0.027493  0.153608  -0.586026  0.454275  -0.605035  1.000000  
212.238443 -0.019139  -0.009675  -0.050338  0.340549  0.851817  0.398038  -0.896155  0.422157  -0.136709  -0.284486  -0.310148  0.907125  0.007077  0.027913  0.153812  -0.567483  0.456778  -0.632951  1.000000  
212.239451 -0.019136  -0.009646  -0.050187  0.341867  0.851527  0.397529  -0.895735  0.423207  -0.136217  -0.284229  -0.309512  0.907423  0.006594  0.028281  0.153296  -0.548033  0.464459  -0.665034  1.000000  
212.240694 -0.019135  -0.009610  -0.050004  0.343198  0.851346  0.396768  -0.895348  0.424186  -0.135715  -0.283844  -0.308668  0.907830  0.005884  0.028612  0.152380  -0.534481  0.474956  -0.697028  1.000000  
212.241943 -0.019135  -0.009571  -0.049828  0.344727  0.851042  0.396094  -0.894923  0.425319  -0.134969  -0.283331  -0.307946  0.908236  0.005125  0.028916  0.151364  -0.508647  0.489480  -0.727443  1.000000  
212.243194 -0.019136  -0.009531  -0.049653  0.346426  0.850681  0.395387  -0.894388  0.426650  -0.134309  -0.282946  -0.307101  0.908642  0.004209  0.029241  0.150532  -0.493015  0.501911  -0.765567  1.000000  
212.244443 -0.019138  -0.009494  -0.049475  0.347967  0.850435  0.394562  -0.893993  0.427730  -0.133506  -0.282304  -0.306280  0.909119  0.003384  0.029372  0.150096  -0.479590  0.520591  -0.786536  1.000000  
212.245446 -0.019142  -0.009466  -0.049329  0.349112  0.850238  0.393975  -0.893668  0.428569  -0.132991  -0.281919  -0.305654  0.909449  0.002513  0.029302  0.149873  -0.468015  0.532871  -0.810407  1.000000  
212.246693 -0.019148  -0.009432  -0.049140  0.350836  0.849994  0.392968  -0.893195  0.429793  -0.132216  -0.281277  -0.304610  0.909998  0.001624  0.029146  0.150062  -0.462849  0.551281  -0.839427  1.000000  
212.247697 -0.019152  -0.009402  -0.048989  0.352164  0.849752  0.392302  -0.892793  0.430792  -0.131675  -0.280892  -0.303873  0.910363  0.000832  0.029135  0.150097  -0.455312  0.567661  -0.861955  1.000000  
212.248699 -0.019158  -0.009371  -0.048839  0.353506  0.849571  0.391488  -0.892425  0.431738  -0.131076  -0.280378  -0.303037  0.910800  -0.000024  0.029244  0.149823  -0.455865  0.583828  -0.884266  1.000000  
212.249747 -0.019163  -0.009337  -0.048691  0.354847  0.849387  0.390672  -0.892053  0.432685  -0.130479  -0.279865  -0.302201  0.911236  -0.000717  0.029483  0.148687  -0.453483  0.601918  -0.906809  1.000000  
212.250948 -0.019172  -0.009295  -0.048509  0.356583  0.849147  0.389612  -0.891603  0.433875  -0.129602  -0.279094  -0.301165  0.911815  -0.001603  0.030071  0.147935  -0.457152  0.629719  -0.934493  1.000000  
212.251949 -0.019178  -0.009261  -0.048367  0.358106  0.848964  0.388613  -0.891153  0.434968  -0.129035  -0.278580  -0.300106  0.912321  -0.002232  0.030471  0.146968  -0.465917  0.650105  -0.955816  1.000000  
212.253197 -0.019185  -0.009215  -0.048192  0.359840  0.848764  0.387445  -0.890695  0.436146  -0.128217  -0.277809  -0.298958  0.912933  -0.003144  0.031136  0.145438  -0.477304  0.677169  -0.982641  1.000000  
212.254443 -0.019193  -0.009170  -0.048017  0.361377  0.848636  0.386294  -0.890273  0.437188  -0.127596  -0.277166  -0.297797  0.913507  -0.003777  0.031767  0.144703  -0.488150  0.699489  -0.996453  1.000000  
212.255456 -0.019200  -0.009134  -0.047876  0.362912  0.848412  0.385347  -0.889848  0.438262  -0.126873  -0.276523  -0.296857  0.914008  -0.004427  0.032232  0.144184  -0.496908  0.723928  -1.016118  1.000000  
212.256694 -0.019210  -0.009091  -0.047696  0.364997  0.847959  0.384373  -0.889195  0.439846  -0.125968  -0.275880  -0.295805  0.914543  -0.005099  0.032509  0.144509  -0.494280  0.751184  -1.053345  1.000000  
212.257943 -0.019220  -0.009049  -0.047515  0.366911  0.847655  0.383221  -0.888646  0.441205  -0.125086  -0.275109  -0.294652  0.915148  -0.005700  0.032728  0.144974  -0.499290  0.785885  -1.081071  1.000000  
212.259193 -0.019230  -0.009008  -0.047334  0.369021  0.847223  0.382147  -0.888050  0.442719  -0.123963  -0.274208  -0.293620  0.915749  -0.006116  0.032889  0.145183  -0.498586  0.814155  -1.109656  1.000000  
212.260443 -0.019241  -0.008968  -0.047153  0.371299  0.846681  0.381141  -0.887339  0.444444  -0.122880  -0.273436  -0.292576  0.916314  -0.006582  0.033218  0.145124  -0.495756  0.846670  -1.141144  1.000000  
212.261444 -0.019249  -0.008936  -0.047010  0.373181  0.846195  0.380382  -0.886707  0.445924  -0.122076  -0.272921  -0.291731  0.916737  -0.006838  0.033471  0.144589  -0.490872  0.869158  -1.169588  1.000000  
212.262444 -0.019257  -0.008903  -0.046871  0.374895  0.845904  0.379343  -0.886182  0.447164  -0.121348  -0.272277  -0.290674  0.917264  -0.007075  0.033857  0.144202  -0.496094  0.889214  -1.191739  1.000000  
212.263451 -0.019266  -0.008870  -0.046735  0.376790  0.845471  0.378429  -0.885576  0.448594  -0.120492  -0.271634  -0.289727  0.917754  -0.007282  0.033928  0.142797  -0.495099  0.915267  -1.218272  1.000000  
212.264483 -0.019273  -0.008835  -0.046599  0.378669  0.845065  0.377458  -0.884932  0.450046  -0.119807  -0.271118  -0.288657  0.918244  -0.007465  0.034116  0.141937  -0.503820  0.933776  -1.238695  1.000000  
212.265699 -0.019283  -0.008791  -0.046429  0.381290  0.844435  0.376227  -0.884003  0.452116  -0.118868  -0.270474  -0.287263  0.918871  -0.007510  0.034210  0.141117  -0.509629  0.957443  -1.287896  1.000000  
212.266701 -0.019291  -0.008757  -0.046289  0.383348  0.843926  0.375276  -0.883270  0.453743  -0.118115  -0.269959  -0.286191  0.919357  -0.007617  0.034161  0.140846  -0.516981  0.975202  -1.317893  1.000000  
