1-Time 2-Px 3-Py 4-Pz 5-R11 6-R21 7-R31 8-R12 9-R22 10-R32 11-R13 12-R23 13-R33 14-Vx 15-Vy 16-Vz 17-Wx 18-Wy 19-Wz 20-state
67.604338 -0.001238  0.003837  -0.037549  0.312431  0.765835  0.562036  -0.835081  0.503441  -0.221779  -0.452798  -0.400055  0.796825  -0.000232  -0.000223  0.000331  0.000000  0.000000  0.000000  1.000000  
67.605354 -0.001238  0.003836  -0.037549  0.312431  0.765835  0.562036  -0.835081  0.503441  -0.221779  -0.452798  -0.400055  0.796825  -0.000183  -0.000880  0.000394  0.000000  0.000000  0.000000  1.000000  
67.606567 -0.001236  0.003831  -0.037520  0.312431  0.765835  0.562036  -0.835081  0.503441  -0.221779  -0.452798  -0.400055  0.796825  0.000683  -0.002999  0.014823  0.000000  0.000000  0.000000  1.000000  
67.607570 -0.001234  0.003826  -0.037483  0.312431  0.765835  0.562036  -0.835081  0.503441  -0.221779  -0.452798  -0.400055  0.796825  0.001126  -0.003682  0.021942  0.000000  0.000000  0.000000  1.000000  
67.608813 -0.001234  0.003822  -0.037442  0.312431  0.765835  0.562036  -0.835081  0.503441  -0.221779  -0.452798  -0.400055  0.796825  0.000981  -0.003498  0.025109  0.000000  0.000000  0.000000  1.000000  
67.609827 -0.001234  0.003822  -0.037421  0.312582  0.765712  0.562119  -0.834960  0.503649  -0.221763  -0.452917  -0.400028  0.796771  0.000738  -0.002806  0.024413  0.000000  0.000000  0.000000  1.000000  
67.610828 -0.001236  0.003823  -0.037405  0.312582  0.765712  0.562119  -0.834960  0.503649  -0.221763  -0.452917  -0.400028  0.796771  0.000369  -0.002252  0.023084  0.000000  0.000000  0.000000  1.000000  
67.612076 -0.001240  0.003822  -0.037385  0.312582  0.765712  0.562119  -0.834960  0.503649  -0.221763  -0.452917  -0.400028  0.796771  -0.000305  -0.002052  0.021846  0.000000  0.000000  0.000000  1.000000  
67.613081 -0.001243  0.003820  -0.037370  0.312582  0.765712  0.562119  -0.834960  0.503649  -0.221763  -0.452917  -0.400028  0.796771  -0.000647  -0.002030  0.020998  0.000000  0.000000  0.000000  1.000000  
67.614321 -0.001243  0.003817  -0.037348  0.312582  0.765644  0.562212  -0.834960  0.503676  -0.221702  -0.452917  -0.400124  0.796722  -0.000571  -0.002051  0.020640  0.000000  0.000000  0.000000  1.000000  
67.615332 -0.001242  0.003814  -0.037327  0.312410  0.765680  0.562259  -0.835025  0.503545  -0.221756  -0.452917  -0.400221  0.796674  -0.000360  -0.002124  0.020617  0.000000  0.000000  0.000000  1.000000  
67.616349 -0.001242  0.003810  -0.037302  0.312389  0.765593  0.562389  -0.834968  0.503622  -0.221795  -0.453037  -0.400291  0.796571  -0.000318  -0.002264  0.020971  0.000000  0.000000  0.000000  1.000000  
67.617567 -0.001246  0.003805  -0.037269  0.312367  0.765506  0.562519  -0.834911  0.503700  -0.221834  -0.453156  -0.400360  0.796468  -0.000618  -0.002454  0.021569  0.000000  0.000000  0.000000  1.000000  
67.618568 -0.001251  0.003800  -0.037238  0.312174  0.765454  0.562697  -0.834919  0.503646  -0.221927  -0.453275  -0.400526  0.796317  -0.000955  -0.002631  0.022220  0.000000  0.000000  0.000000  1.000000  
67.619569 -0.001255  0.003793  -0.037201  0.312174  0.765317  0.562882  -0.834919  0.503700  -0.221805  -0.453275  -0.400719  0.796220  -0.001154  -0.002961  0.023641  0.000000  0.000000  0.000000  1.000000  
67.620570 -0.001257  0.003783  -0.037157  0.311981  0.765266  0.563060  -0.834926  0.503646  -0.221899  -0.453394  -0.400885  0.796068  -0.001303  -0.003526  0.026092  0.000000  0.000000  0.000000  1.000000  
67.621571 -0.001258  0.003772  -0.037109  0.311981  0.765129  0.563245  -0.834926  0.503700  -0.221776  -0.453394  -0.401078  0.795971  -0.001521  -0.003886  0.027146  0.000000  0.000000  0.000000  1.000000  
67.622814 -0.001258  0.003761  -0.037056  0.311809  0.765096  0.563385  -0.834990  0.503596  -0.221770  -0.453394  -0.401271  0.795874  -0.001664  -0.004269  0.027695  0.000000  0.000000  0.000000  1.000000  
67.623816 -0.001259  0.003755  -0.037025  0.311788  0.764941  0.563608  -0.834933  0.503700  -0.221748  -0.453514  -0.401437  0.795722  -0.001687  -0.004540  0.027906  0.000000  0.000000  0.000000  1.000000  
67.625063 -0.001262  0.003750  -0.036995  0.311637  0.764926  0.563711  -0.835054  0.503546  -0.221642  -0.453394  -0.401657  0.795679  -0.001899  -0.004906  0.028281  0.000000  0.000000  0.000000  1.000000  
67.626313 -0.001269  0.003745  -0.036964  0.311637  0.764858  0.563803  -0.835054  0.503573  -0.221581  -0.453394  -0.401754  0.795630  -0.002127  -0.005135  0.028880  0.000000  0.000000  0.000000  1.000000  
67.627320 -0.001274  0.003740  -0.036926  0.311658  0.764877  0.563766  -0.835111  0.503523  -0.221481  -0.453275  -0.401781  0.795684  -0.002200  -0.005485  0.030662  0.000000  0.000000  0.000000  1.000000  
67.628566 -0.001275  0.003734  -0.036866  0.311658  0.764808  0.563859  -0.835111  0.503550  -0.221420  -0.453275  -0.401878  0.795636  -0.002057  -0.005646  0.033076  0.000000  0.000000  0.000000  1.000000  
67.629817 -0.001272  0.003729  -0.036796  0.311508  0.764931  0.563776  -0.835232  0.503342  -0.221436  -0.453156  -0.401905  0.795690  -0.002005  -0.005791  0.036141  0.000000  0.000000  0.000000  1.000000  
67.630820 -0.001272  0.003724  -0.036737  0.311508  0.764863  0.563869  -0.835232  0.503369  -0.221375  -0.453156  -0.402001  0.795641  -0.002047  -0.005887  0.038550  0.000000  0.000000  0.000000  1.000000  
67.632065 -0.001277  0.003718  -0.036667  0.311529  0.764950  0.563739  -0.835289  0.503292  -0.221337  -0.453037  -0.401932  0.795744  -0.002207  -0.005968  0.041056  0.000000  0.000000  0.000000  1.000000  
67.633332 -0.001284  0.003713  -0.036607  0.311550  0.764968  0.563702  -0.835346  0.503241  -0.221237  -0.452917  -0.401960  0.795798  -0.002189  -0.005895  0.042746  0.000000  0.000000  0.000000  1.000000  
67.634563 -0.001288  0.003709  -0.036559  0.311571  0.765056  0.563572  -0.835403  0.503164  -0.221198  -0.452798  -0.401890  0.795901  -0.002243  -0.005606  0.042778  0.000000  0.000000  0.000000  1.000000  
67.635565 -0.001291  0.003706  -0.036525  0.311592  0.765074  0.563535  -0.835459  0.503114  -0.221098  -0.452679  -0.401918  0.795955  -0.002239  -0.005145  0.042142  0.000000  0.000000  0.000000  1.000000  
67.636813 -0.001291  0.003700  -0.036482  0.311614  0.765162  0.563405  -0.835516  0.503036  -0.221060  -0.452559  -0.401848  0.796058  -0.002154  -0.004593  0.041047  0.000000  0.000000  0.000000  1.000000  
67.638063 -0.001291  0.003693  -0.036440  0.311656  0.765199  0.563330  -0.835629  0.502936  -0.220860  -0.452321  -0.401903  0.796166  -0.002178  -0.004324  0.040589  0.000000  0.000000  0.000000  1.000000  
67.639063 -0.001291  0.003688  -0.036408  0.311677  0.765286  0.563200  -0.835686  0.502858  -0.220821  -0.452201  -0.401834  0.796269  -0.002148  -0.004418  0.040913  0.000000  0.000000  0.000000  1.000000  
67.640314 -0.001293  0.003682  -0.036366  0.311719  0.765392  0.563033  -0.835800  0.502731  -0.220683  -0.451963  -0.401792  0.796425  -0.001865  -0.004553  0.041847  0.000000  0.000000  0.000000  1.000000  
67.641563 -0.001294  0.003675  -0.036314  0.311762  0.765430  0.562958  -0.835913  0.502630  -0.220483  -0.451724  -0.401846  0.796533  -0.001567  -0.004607  0.042778  0.000000  0.000000  0.000000  1.000000  
67.642575 -0.001294  0.003669  -0.036264  0.311804  0.765536  0.562791  -0.836026  0.502503  -0.220344  -0.451485  -0.401804  0.796690  -0.001282  -0.004661  0.043358  0.000000  0.000000  0.000000  1.000000  
67.643583 -0.001291  0.003663  -0.036211  0.312018  0.765606  0.562576  -0.836075  0.502506  -0.220150  -0.451246  -0.401665  0.796895  -0.001167  -0.004723  0.043429  0.000000  0.000000  0.000000  1.000000  
67.644817 -0.001287  0.003657  -0.036150  0.312254  0.765696  0.562324  -0.836180  0.502459  -0.219857  -0.450888  -0.401553  0.797154  -0.000978  -0.004779  0.043054  0.000000  0.000000  0.000000  1.000000  
67.645820 -0.001284  0.003654  -0.036108  0.312296  0.765938  0.561970  -0.836293  0.502279  -0.219840  -0.450649  -0.401317  0.797408  -0.000762  -0.004677  0.041706  0.000000  0.000000  0.000000  1.000000  
67.647072 -0.001283  0.003653  -0.036063  0.312531  0.766163  0.561532  -0.836398  0.502179  -0.219668  -0.450291  -0.401011  0.797764  -0.000324  -0.004368  0.040065  0.000000  0.000000  0.000000  1.000000  
67.648319 -0.001285  0.003654  -0.036026  0.312767  0.766457  0.561000  -0.836503  0.502053  -0.219557  -0.449932  -0.400609  0.798169  -0.000075  -0.003980  0.038767  0.000000  0.000000  0.000000  1.000000  
67.649333 -0.001285  0.003655  -0.035993  0.312981  0.766663  0.560599  -0.836552  0.502004  -0.219485  -0.449693  -0.400275  0.798471  0.000222  -0.003703  0.038323  0.000000  0.000000  0.000000  1.000000  
67.650567 -0.001282  0.003656  -0.035943  0.313410  0.766871  0.560074  -0.836648  0.501986  -0.219158  -0.449215  -0.399899  0.798928  0.000645  -0.003344  0.038842  0.000000  0.000000  0.000000  1.000000  
67.651569 -0.001277  0.003655  -0.035894  0.313797  0.767041  0.559624  -0.836631  0.502069  -0.219032  -0.448976  -0.399468  0.799278  0.000964  -0.003109  0.039842  0.000000  0.000000  0.000000  1.000000  
67.652579 -0.001272  0.003652  -0.035840  0.314032  0.767266  0.559184  -0.836735  0.501970  -0.218860  -0.448618  -0.399160  0.799633  0.001273  -0.002866  0.041205  -0.109521  0.182855  0.036485  1.000000  
67.653815 -0.001266  0.003649  -0.035772  0.314440  0.767522  0.558603  -0.836775  0.501977  -0.218694  -0.448259  -0.398658  0.800085  0.001708  -0.002646  0.043106  -0.134831  0.202878  0.033198  1.000000  
67.654819 -0.001262  0.003647  -0.035722  0.314848  0.767710  0.558114  -0.836813  0.502011  -0.218468  -0.447900  -0.398253  0.800487  0.002000  -0.002442  0.044242  -0.155134  0.220894  0.020890  1.000000  
67.656069 -0.001259  0.003645  -0.035663  0.315234  0.767880  0.557663  -0.836796  0.502095  -0.218343  -0.447661  -0.397821  0.800836  0.002383  -0.002155  0.044868  -0.173368  0.234472  0.013813  1.000000  
67.657070 -0.001254  0.003642  -0.035619  0.315621  0.767981  0.557305  -0.836778  0.502206  -0.218156  -0.447421  -0.397486  0.801136  0.002696  -0.001959  0.044600  -0.183496  0.244079  0.004713  1.000000  
67.658318 -0.001244  0.003638  -0.035568  0.316201  0.768065  0.556860  -0.836751  0.502399  -0.217816  -0.447062  -0.397079  0.801538  0.003185  -0.001707  0.043663  -0.198627  0.264434  -0.005898  1.000000  
67.659322 -0.001234  0.003635  -0.035530  0.316588  0.768233  0.556408  -0.836732  0.502484  -0.217691  -0.446823  -0.396646  0.801886  0.003620  -0.001625  0.042926  -0.209662  0.276706  -0.020558  1.000000  
67.660570 -0.001223  0.003631  -0.035486  0.317169  0.768316  0.555962  -0.836704  0.502677  -0.217351  -0.446464  -0.396239  0.802287  0.004178  -0.001580  0.042110  -0.224854  0.297115  -0.031198  1.000000  
67.661818 -0.001214  0.003628  -0.035439  0.317749  0.768399  0.555516  -0.836676  0.502872  -0.217011  -0.446105  -0.395832  0.802688  0.004725  -0.001696  0.042340  -0.229952  0.310846  -0.043538  1.000000  
67.662819 -0.001209  0.003624  -0.035395  0.318115  0.768548  0.555101  -0.836601  0.503007  -0.216987  -0.445985  -0.395371  0.802981  0.005133  -0.001964  0.043277  -0.246010  0.318885  -0.055059  1.000000  
67.664073 -0.001201  0.003619  -0.035331  0.318846  0.768575  0.554644  -0.836450  0.503383  -0.216696  -0.445745  -0.394839  0.803376  0.005715  -0.002421  0.044906  -0.253971  0.333887  -0.075329  1.000000  
67.665322 -0.001190  0.003615  -0.035258  0.319405  0.768705  0.554142  -0.836364  0.503602  -0.216519  -0.445506  -0.394307  0.803770  0.006249  -0.002774  0.046450  -0.269165  0.346177  -0.090072  1.000000  
67.666326 -0.001179  0.003611  -0.035194  0.319964  0.768768  0.553732  -0.836278  0.503847  -0.216281  -0.445266  -0.393872  0.804116  0.006664  -0.002933  0.047405  -0.276138  0.358360  -0.104801  1.000000  
67.667568 -0.001165  0.003608  -0.035115  0.320523  0.768964  0.553136  -0.836192  0.504039  -0.216166  -0.445027  -0.393241  0.804557  0.007109  -0.002968  0.048359  -0.295496  0.370718  -0.119621  1.000000  
67.668813 -0.001153  0.003607  -0.035044  0.321276  0.769075  0.552545  -0.836094  0.504342  -0.215838  -0.444667  -0.392636  0.805051  0.007523  -0.002779  0.048575  -0.305106  0.386547  -0.136869  1.000000  
67.670064 -0.001143  0.003608  -0.034983  0.322028  0.769252  0.551860  -0.835996  0.504619  -0.215571  -0.444308  -0.391933  0.805592  0.007917  -0.002504  0.048438  -0.323921  0.400729  -0.160457  1.000000  
67.671314 -0.001133  0.003611  -0.034925  0.322759  0.769342  0.551307  -0.835841  0.504972  -0.215344  -0.444068  -0.391301  0.806032  0.008334  -0.002255  0.048461  -0.340142  0.411650  -0.182844  1.000000  
67.672563 -0.001120  0.003612  -0.034863  0.323512  0.769450  0.550714  -0.835741  0.505277  -0.215017  -0.443708  -0.390694  0.806524  0.008729  -0.001929  0.049013  -0.349543  0.423213  -0.201684  1.000000  
67.673564 -0.001108  0.003610  -0.034805  0.324092  0.769595  0.550170  -0.835707  0.505449  -0.214743  -0.443348  -0.390184  0.806969  0.008932  -0.001812  0.050199  -0.359790  0.432684  -0.211031  1.000000  
67.674564 -0.001096  0.003608  -0.034743  0.324479  0.769759  0.549713  -0.835684  0.505539  -0.214622  -0.443109  -0.389746  0.807312  0.009059  -0.001727  0.051922  -0.365684  0.437805  -0.222154  1.000000  
67.675567 -0.001086  0.003604  -0.034680  0.325038  0.769751  0.549394  -0.835594  0.505813  -0.214326  -0.442869  -0.389406  0.807608  0.009129  -0.001765  0.053765  -0.366784  0.442856  -0.237364  1.000000  
67.676816 -0.001076  0.003601  -0.034600  0.325619  0.769895  0.548849  -0.835559  0.505987  -0.214053  -0.442509  -0.388895  0.808051  0.009196  -0.001798  0.055950  -0.369853  0.448477  -0.244730  1.000000  
67.677817 -0.001069  0.003597  -0.034538  0.326199  0.769905  0.548489  -0.835523  0.506213  -0.213658  -0.442149  -0.388580  0.808400  0.009284  -0.001787  0.057159  -0.363878  0.453789  -0.256034  1.000000  
67.678820 -0.001062  0.003594  -0.034477  0.326586  0.770000  0.548125  -0.835499  0.506330  -0.213476  -0.441909  -0.388239  0.808695  0.009426  -0.001680  0.057926  -0.359913  0.456178  -0.266039  1.000000  
67.680066 -0.001052  0.003591  -0.034406  0.327189  0.770095  0.547632  -0.835517  0.506483  -0.213042  -0.441428  -0.387851  0.809143  0.009364  -0.001644  0.057791  -0.355251  0.465993  -0.271435  1.000000  
67.681067 -0.001043  0.003587  -0.034351  0.327769  0.770171  0.547178  -0.835480  0.506684  -0.212708  -0.441068  -0.387436  0.809538  0.009241  -0.001619  0.057297  -0.356283  0.468406  -0.277185  1.000000  
67.682317 -0.001031  0.003586  -0.034286  0.328371  0.770266  0.546683  -0.835497  0.506838  -0.212275  -0.440588  -0.387047  0.809986  0.009120  -0.001451  0.056238  -0.349549  0.471133  -0.283227  1.000000  
67.683336 -0.001022  0.003586  -0.034234  0.328780  0.770445  0.546184  -0.835526  0.506882  -0.212054  -0.440228  -0.386632  0.810380  0.009057  -0.001393  0.055772  -0.348115  0.474290  -0.285615  1.000000  
67.684564 -0.001013  0.003588  -0.034166  0.329404  0.770624  0.545556  -0.835596  0.506963  -0.211582  -0.439627  -0.386169  0.810927  0.008919  -0.001350  0.056096  -0.346764  0.485379  -0.283594  1.000000  
67.685814 -0.001004  0.003591  -0.034092  0.330028  0.770869  0.544833  -0.835666  0.507020  -0.211170  -0.439026  -0.385606  0.811520  0.008841  -0.001247  0.057096  -0.352032  0.495902  -0.285670  1.000000  
67.686814 -0.000997  0.003593  -0.034026  0.330631  0.770962  0.544336  -0.835680  0.507176  -0.210738  -0.438545  -0.385214  0.811966  0.008756  -0.001197  0.058502  -0.350177  0.513229  -0.291262  1.000000  
67.687815 -0.000988  0.003594  -0.033952  0.331083  0.771244  0.543661  -0.835817  0.507101  -0.210378  -0.437944  -0.384749  0.812511  0.008574  -0.001133  0.059821  -0.358483  0.525130  -0.285831  1.000000  
67.689063 -0.000977  0.003595  -0.033856  0.331900  0.771401  0.542939  -0.835870  0.507271  -0.209754  -0.437222  -0.384209  0.813155  0.008290  -0.000899  0.061270  -0.359774  0.539681  -0.286084  1.000000  
67.690064 -0.000968  0.003597  -0.033781  0.332352  0.771682  0.542263  -0.836005  0.507197  -0.209394  -0.436620  -0.383742  0.813699  0.008187  -0.000562  0.062017  -0.371106  0.544845  -0.277066  1.000000  
67.691315 -0.000958  0.003601  -0.033693  0.333170  0.771838  0.541538  -0.836057  0.507369  -0.208772  -0.435898  -0.383200  0.814341  0.008102  -0.000004  0.062524  -0.376500  0.559496  -0.277363  1.000000  
67.692320 -0.000952  0.003605  -0.033631  0.333816  0.772033  0.540862  -0.836175  0.507409  -0.208199  -0.435175  -0.382756  0.814936  0.008009  0.000513  0.062564  -0.383896  0.580114  -0.272310  1.000000  
67.693568 -0.000946  0.003611  -0.033557  0.334656  0.772207  0.540095  -0.836278  0.507536  -0.207476  -0.434331  -0.382236  0.815630  0.007890  0.001056  0.062298  -0.383177  0.600795  -0.272145  1.000000  
67.694574 -0.000939  0.003613  -0.033500  0.335281  0.772316  0.539551  -0.836341  0.507650  -0.206944  -0.433729  -0.381865  0.816124  0.007815  0.001477  0.062336  -0.385462  0.614973  -0.263408  1.000000  
67.695578 -0.000930  0.003616  -0.033441  0.335927  0.772443  0.538966  -0.836457  0.507717  -0.206310  -0.433005  -0.381517  0.816671  0.007764  0.001880  0.062539  -0.378613  0.637863  -0.259846  1.000000  
67.696817 -0.000920  0.003618  -0.033360  0.336788  0.772569  0.538247  -0.836609  0.507824  -0.205425  -0.432040  -0.381118  0.817368  0.007687  0.002131  0.063417  -0.378945  0.662080  -0.248825  1.000000  
67.697818 -0.000912  0.003620  -0.033292  0.337435  0.772696  0.537660  -0.836722  0.507894  -0.204792  -0.431316  -0.380769  0.817913  0.007633  0.002360  0.064673  -0.375111  0.678154  -0.241626  1.000000  
67.699064 -0.000903  0.003623  -0.033205  0.338296  0.772821  0.536938  -0.836872  0.508004  -0.203907  -0.430350  -0.380368  0.818608  0.007579  0.002409  0.066093  -0.371904  0.699274  -0.232975  1.000000  
67.700318 -0.000895  0.003625  -0.033118  0.339137  0.772927  0.536256  -0.836966  0.508162  -0.203124  -0.429504  -0.379941  0.819250  0.007470  0.002337  0.067058  -0.363596  0.714464  -0.225692  1.000000  
67.701565 -0.000887  0.003627  -0.033031  0.339998  0.773051  0.535530  -0.837112  0.508274  -0.202239  -0.428538  -0.379538  0.819943  0.007433  0.002320  0.067413  -0.359946  0.734787  -0.216824  1.000000  
67.702813 -0.000878  0.003631  -0.032947  0.341033  0.773200  0.534657  -0.837186  0.508498  -0.201369  -0.427570  -0.378934  0.820727  0.007330  0.002430  0.067018  -0.358347  0.764407  -0.217380  1.000000  
67.703816 -0.000870  0.003635  -0.032881  0.341873  0.773304  0.533969  -0.837275  0.508660  -0.200587  -0.426723  -0.378504  0.821366  0.007254  0.002703  0.066077  -0.359724  0.783178  -0.215977  1.000000  
67.705063 -0.000860  0.003640  -0.032801  0.343102  0.773366  0.533091  -0.837327  0.509000  -0.199505  -0.425634  -0.377921  0.822199  0.007188  0.002890  0.065289  -0.357363  0.815442  -0.224054  1.000000  
67.706313 -0.000852  0.003647  -0.032723  0.344352  0.773446  0.532168  -0.837429  0.509295  -0.198323  -0.424423  -0.377360  0.823082  0.007050  0.003103  0.064660  -0.358945  0.851885  -0.226715  1.000000  
67.707566 -0.000846  0.003655  -0.032643  0.345430  0.773694  0.531108  -0.837598  0.509409  -0.197313  -0.423211  -0.376697  0.824010  0.006996  0.003218  0.064909  -0.370851  0.882671  -0.221848  1.000000  
67.708814 -0.000840  0.003662  -0.032556  0.346681  0.773836  0.530085  -0.837693  0.509684  -0.196195  -0.421998  -0.376032  0.824935  0.006924  0.003348  0.065857  -0.378539  0.918525  -0.226351  1.000000  
67.709816 -0.000835  0.003667  -0.032483  0.347888  0.773810  0.529331  -0.837681  0.510102  -0.195157  -0.421028  -0.375518  0.825665  0.006798  0.003529  0.066847  -0.382146  0.946339  -0.234500  1.000000  
67.710827 -0.000829  0.003672  -0.032404  0.348924  0.773888  0.528535  -0.837738  0.510363  -0.194230  -0.420057  -0.375003  0.826393  0.006614  0.003724  0.068115  -0.383831  0.975439  -0.241075  1.000000  
67.712071 -0.000822  0.003678  -0.032304  0.350347  0.773922  0.527543  -0.837752  0.510804  -0.193005  -0.418842  -0.374332  0.827313  0.006369  0.003978  0.069256  -0.388909  1.010557  -0.253493  1.000000  
67.713317 -0.000817  0.003683  -0.032209  0.351749  0.773935  0.526591  -0.837711  0.511294  -0.191884  -0.417748  -0.373636  0.828180  0.006046  0.004141  0.069870  -0.387958  1.040202  -0.269532  1.000000  
67.714318 -0.000814  0.003688  -0.032139  0.352957  0.773905  0.525826  -0.837687  0.511719  -0.190851  -0.416775  -0.373116  0.828905  0.005849  0.004353  0.069861  -0.386670  1.068084  -0.284005  1.000000  
67.715566 -0.000812  0.003694  -0.032058  0.354381  0.773871  0.524918  -0.837690  0.512190  -0.189568  -0.415559  -0.372539  0.829774  0.005453  0.004601  0.069526  -0.379649  1.098938  -0.298588  1.000000  
67.716566 -0.000810  0.003698  -0.031997  0.355589  0.773839  0.524147  -0.837661  0.512618  -0.188537  -0.414585  -0.372016  0.830496  0.005096  0.004751  0.068923  -0.379527  1.123024  -0.309157  1.000000  
67.717814 -0.000807  0.003703  -0.031924  0.357185  0.773760  0.523177  -0.837584  0.513230  -0.187212  -0.413367  -0.371335  0.831407  0.004648  0.004825  0.068213  -0.371764  1.149531  -0.332495  1.000000  
67.719064 -0.000805  0.003706  -0.031846  0.358631  0.773806  0.522120  -0.837627  0.513640  -0.185893  -0.412026  -0.370674  0.832367  0.004122  0.004683  0.068045  -0.366997  1.183126  -0.346527  1.000000  
67.720314 -0.000804  0.003710  -0.031764  0.360055  0.773767  0.521196  -0.837615  0.514119  -0.184616  -0.410807  -0.370090  0.833229  0.003580  0.004552  0.068242  -0.363135  1.207143  -0.357584  1.000000  
67.721564 -0.000804  0.003713  -0.031676  0.361651  0.773684  0.520213  -0.837524  0.514739  -0.183296  -0.409587  -0.369402  0.834135  0.003103  0.004289  0.068818  -0.358652  1.226219  -0.376997  1.000000  
67.722564 -0.000805  0.003716  -0.031604  0.362838  0.773626  0.519472  -0.837429  0.515222  -0.182373  -0.408732  -0.368849  0.834799  0.002732  0.004081  0.069218  -0.358740  1.241960  -0.391479  1.000000  
67.723566 -0.000807  0.003719  -0.031532  0.364068  0.773670  0.518546  -0.837430  0.515594  -0.181310  -0.407633  -0.368237  0.835606  0.002280  0.003922  0.069403  -0.359006  1.261628  -0.404346  1.000000  
67.724813 -0.000808  0.003724  -0.031441  0.365687  0.773602  0.517507  -0.837379  0.516174  -0.179892  -0.406288  -0.367565  0.836556  0.001792  0.003805  0.069433  -0.360697  1.288080  -0.421298  1.000000  
67.725817 -0.000809  0.003729  -0.031371  0.366723  0.773730  0.516582  -0.837400  0.516436  -0.179040  -0.405310  -0.366928  0.837310  0.001314  0.003800  0.068905  -0.367873  1.305252  -0.428497  1.000000  
67.726845 -0.000810  0.003734  -0.031301  0.367953  0.773770  0.515646  -0.837392  0.516815  -0.177980  -0.404209  -0.366310  0.838112  0.000806  0.003848  0.067880  -0.373956  1.323776  -0.442754  1.000000  
67.728072 -0.000813  0.003742  -0.031220  0.369399  0.773866  0.514466  -0.837405  0.517222  -0.176735  -0.402862  -0.365530  0.839100  0.000300  0.003989  0.067041  -0.383088  1.344612  -0.456544  1.000000  
67.729072 -0.000815  0.003748  -0.031154  0.370651  0.773923  0.513479  -0.837440  0.517560  -0.175575  -0.401637  -0.364931  0.839948  -0.000064  0.004085  0.066741  -0.387707  1.368565  -0.467878  1.000000  
67.730320 -0.000819  0.003756  -0.031072  0.371946  0.774143  0.512209  -0.837570  0.517769  -0.174336  -0.400166  -0.364167  0.840981  -0.000496  0.004248  0.066829  -0.399639  1.390098  -0.473954  1.000000  
67.731569 -0.000823  0.003763  -0.030986  0.373392  0.774235  0.511017  -0.837570  0.518184  -0.173095  -0.398817  -0.363380  0.841962  -0.000906  0.004323  0.067548  -0.404502  1.409704  -0.487610  1.000000  
67.732815 -0.000827  0.003769  -0.030894  0.374860  0.774221  0.509962  -0.837614  0.518601  -0.171627  -0.397344  -0.362815  0.842901  -0.001354  0.004435  0.068797  -0.404285  1.431255  -0.493714  1.000000  
67.734066 -0.000831  0.003773  -0.030799  0.376328  0.774268  0.508809  -0.837654  0.518999  -0.170224  -0.395870  -0.362146  0.843882  -0.001741  0.004423  0.069864  -0.404146  1.448554  -0.501870  1.000000  
67.735315 -0.000835  0.003778  -0.030703  0.377795  0.774313  0.507652  -0.837689  0.519400  -0.168822  -0.394396  -0.361474  0.844860  -0.002079  0.004538  0.070759  -0.406865  1.463234  -0.504286  1.000000  
67.736317 -0.000838  0.003781  -0.030629  0.378874  0.774408  0.506702  -0.837780  0.519613  -0.167711  -0.393166  -0.360964  0.845651  -0.002292  0.004585  0.070957  -0.408079  1.471068  -0.502345  1.000000  
67.737565 -0.000842  0.003785  -0.030545  0.380342  0.774450  0.505537  -0.837807  0.520020  -0.166311  -0.391689  -0.360287  0.846625  -0.002463  0.004652  0.070642  -0.405851  1.482783  -0.510252  1.000000  
67.738565 -0.000844  0.003789  -0.030479  0.381399  0.774584  0.504534  -0.837843  0.520262  -0.165368  -0.390581  -0.359649  0.847407  -0.002523  0.004618  0.070193  -0.409338  1.488201  -0.512628  1.000000  
67.739567 -0.000846  0.003793  -0.030416  0.382651  0.774569  0.503609  -0.837846  0.520641  -0.164155  -0.389349  -0.359133  0.848193  -0.002615  0.004647  0.069525  -0.409636  1.497222  -0.514283  1.000000  
67.740814 -0.000848  0.003798  -0.030334  0.384096  0.774587  0.502479  -0.837814  0.521098  -0.162863  -0.387992  -0.358429  0.849111  -0.002631  0.004627  0.069123  -0.411268  1.501468  -0.514896  1.000000  
67.741815 -0.000850  0.003803  -0.030268  0.385175  0.774677  0.501514  -0.837889  0.521322  -0.161756  -0.386759  -0.357909  0.849893  -0.002678  0.004567  0.069013  -0.412463  1.509084  -0.513003  1.000000  
67.742816 -0.000850  0.003807  -0.030200  0.386426  0.774658  0.500580  -0.837882  0.521708  -0.160546  -0.385525  -0.357388  0.850673  -0.002546  0.004480  0.069092  -0.413737  1.516987  -0.511220  1.000000  
67.743826 -0.000851  0.003811  -0.030128  0.387526  0.774826  0.499468  -0.837998  0.521873  -0.159400  -0.384166  -0.356781  0.851542  -0.002486  0.004275  0.069585  -0.422712  1.529420  -0.496412  1.000000  
67.745072 -0.000854  0.003817  -0.030034  0.389186  0.774832  0.498166  -0.837963  0.522394  -0.157868  -0.382560  -0.356005  0.852589  -0.002336  0.004108  0.070373  -0.425705  1.544188  -0.499343  1.000000  
67.746322 -0.000855  0.003823  -0.029936  0.390674  0.774943  0.496826  -0.838003  0.522760  -0.156439  -0.380952  -0.355225  0.853634  -0.002176  0.004048  0.071165  -0.435512  1.556341  -0.496349  1.000000  
67.747575 -0.000856  0.003828  -0.029837  0.392334  0.774885  0.495608  -0.837957  0.523307  -0.154847  -0.379343  -0.354547  0.854632  -0.002005  0.004037  0.071638  -0.437074  1.568159  -0.493273  1.000000  
67.748815 -0.000858  0.003834  -0.029741  0.393994  0.774885  0.494290  -0.837906  0.523838  -0.153320  -0.377733  -0.353761  0.855670  -0.001894  0.004108  0.071833  -0.440297  1.579223  -0.498238  1.000000  
67.749816 -0.000858  0.003838  -0.029668  0.395265  0.774878  0.493284  -0.837921  0.524195  -0.152015  -0.376370  -0.353246  0.856483  -0.001695  0.004183  0.071390  -0.441637  1.591321  -0.494776  1.000000  
67.751065 -0.000860  0.003845  -0.029580  0.397140  0.774688  0.492077  -0.837868  0.524844  -0.150056  -0.374510  -0.352702  0.857522  -0.001461  0.004350  0.071181  -0.438041  1.616926  -0.499943  1.000000  
67.752315 -0.000861  0.003852  -0.029494  0.398992  0.774534  0.490818  -0.837762  0.525520  -0.148267  -0.372773  -0.352031  0.858554  -0.001284  0.004514  0.071247  -0.437014  1.639837  -0.499421  1.000000  
67.753565 -0.000862  0.003858  -0.029406  0.400823  0.774359  0.489601  -0.837605  0.526242  -0.146585  -0.371158  -0.351338  0.859537  -0.001137  0.004590  0.071681  -0.431024  1.649851  -0.508079  1.000000  
67.754814 -0.000862  0.003863  -0.029317  0.402503  0.774250  0.488394  -0.837569  0.526783  -0.144838  -0.369418  -0.350766  0.860519  -0.000985  0.004600  0.072312  -0.427075  1.664907  -0.507362  1.000000  
67.755815 -0.000863  0.003865  -0.029242  0.403773  0.774178  0.487459  -0.837560  0.527169  -0.143477  -0.368050  -0.350344  0.861277  -0.000965  0.004454  0.073001  -0.419537  1.676641  -0.507903  1.000000  
67.757065 -0.000864  0.003869  -0.029144  0.405624  0.773958  0.486269  -0.837430  0.527875  -0.141633  -0.366308  -0.349766  0.862254  -0.000981  0.004405  0.073946  -0.410719  1.691346  -0.511153  1.000000  
67.758315 -0.000867  0.003873  -0.029049  0.407302  0.773846  0.485044  -0.837376  0.528424  -0.139892  -0.364564  -0.349186  0.863228  -0.001075  0.004258  0.074321  -0.401966  1.701809  -0.516154  1.000000  
67.759322 -0.000869  0.003875  -0.028976  0.408764  0.773741  0.483981  -0.837313  0.528917  -0.138396  -0.363068  -0.348672  0.864066  -0.001121  0.004134  0.074312  -0.392195  1.717858  -0.528718  1.000000  
67.760573 -0.000873  0.003879  -0.028888  0.410463  0.773645  0.482694  -0.837291  0.529430  -0.136555  -0.361198  -0.348104  0.865078  -0.001211  0.004001  0.073743  -0.383391  1.736584  -0.530313  1.000000  
67.761821 -0.000876  0.003884  -0.028802  0.412333  0.773498  0.481334  -0.837178  0.530089  -0.134681  -0.359325  -0.347429  0.866128  -0.001371  0.003946  0.073001  -0.380015  1.753278  -0.543503  1.000000  
67.762823 -0.000880  0.003888  -0.028733  0.413794  0.773388  0.480255  -0.837099  0.530590  -0.133191  -0.357827  -0.346907  0.866958  -0.001559  0.003853  0.072164  -0.376577  1.770515  -0.548315  1.000000  
67.764067 -0.000884  0.003893  -0.028648  0.415684  0.773200  0.478925  -0.837015  0.531229  -0.131153  -0.355827  -0.346349  0.868003  -0.001798  0.003818  0.071641  -0.369583  1.792135  -0.556050  1.000000  
67.765316 -0.000890  0.003898  -0.028559  0.417380  0.773156  0.477519  -0.836967  0.531739  -0.129385  -0.353950  -0.345665  0.869043  -0.002077  0.003761  0.071533  -0.369270  1.802783  -0.561398  1.000000  
67.766316 -0.000896  0.003902  -0.028486  0.418860  0.773005  0.476466  -0.836914  0.532222  -0.127732  -0.352323  -0.345259  0.869865  -0.002411  0.003701  0.071760  -0.364173  1.819753  -0.566024  1.000000  
67.767571 -0.000903  0.003908  -0.028392  0.420727  0.772790  0.475167  -0.836766  0.532912  -0.125806  -0.350444  -0.344674  0.870855  -0.002837  0.003673  0.072368  -0.354718  1.840845  -0.577859  1.000000  
67.768814 -0.000912  0.003913  -0.028295  0.422765  0.772464  0.473887  -0.836524  0.533764  -0.123785  -0.348564  -0.344086  0.871842  -0.003363  0.003635  0.073016  -0.345290  1.860854  -0.593481  1.000000  
67.769814 -0.000919  0.003917  -0.028217  0.424244  0.772309  0.472817  -0.836454  0.534254  -0.122138  -0.346933  -0.343673  0.872655  -0.003781  0.003657  0.073329  -0.333887  1.882152  -0.600863  1.000000  
67.770815 -0.000926  0.003921  -0.028140  0.425529  0.772299  0.471676  -0.836424  0.534614  -0.120759  -0.345427  -0.343135  0.873464  -0.004183  0.003733  0.073470  -0.335727  1.890116  -0.599710  1.000000  
67.771815 -0.000934  0.003926  -0.028063  0.426986  0.772122  0.470650  -0.836303  0.535149  -0.119219  -0.343919  -0.342701  0.874228  -0.004713  0.003824  0.073266  -0.331063  1.902210  -0.605953  1.000000  
67.773065 -0.000946  0.003931  -0.027974  0.428869  0.771862  0.469361  -0.836164  0.535826  -0.117136  -0.341908  -0.342226  0.875203  -0.005333  0.003953  0.072933  -0.320464  1.919196  -0.615529  1.000000  
67.774315 -0.000957  0.003937  -0.027888  0.430752  0.771602  0.468063  -0.836016  0.536506  -0.115055  -0.339896  -0.341748  0.876173  -0.005868  0.004134  0.072587  -0.305969  1.936734  -0.625465  1.000000  
67.775321 -0.000967  0.003941  -0.027819  0.432227  0.771441  0.466967  -0.835919  0.537007  -0.113417  -0.338259  -0.341325  0.876971  -0.006403  0.004206  0.072501  -0.297510  1.951928  -0.628972  1.000000  
67.776564 -0.000980  0.003946  -0.027731  0.433915  0.771267  0.465687  -0.835806  0.537574  -0.111542  -0.336370  -0.340825  0.877892  -0.006976  0.004205  0.072547  -0.287801  1.954957  -0.629965  1.000000  
67.777574 -0.000990  0.003950  -0.027658  0.435217  0.771158  0.464652  -0.835788  0.537934  -0.109938  -0.334732  -0.340503  0.878642  -0.007425  0.004214  0.072868  -0.281683  1.966846  -0.627012  1.000000  
67.778820 -0.001004  0.003955  -0.027563  0.436924  0.771003  0.463306  -0.835703  0.538465  -0.107962  -0.332714  -0.340015  0.879597  -0.008096  0.004221  0.073506  -0.275416  1.977673  -0.623241  1.000000  
67.780069 -0.001017  0.003960  -0.027467  0.438437  0.770936  0.461986  -0.835662  0.538882  -0.106188  -0.330820  -0.339507  0.880507  -0.008604  0.004222  0.074036  -0.272296  1.979479  -0.618464  1.000000  
67.781070 -0.001028  0.003964  -0.027389  0.439544  0.770970  0.460876  -0.835679  0.539116  -0.104854  -0.329305  -0.339057  0.881249  -0.008970  0.004194  0.074394  -0.275078  1.978473  -0.606970  1.000000  
67.782316 -0.001043  0.003970  -0.027292  0.441055  0.770900  0.459546  -0.835628  0.539537  -0.103083  -0.327409  -0.338544  0.882151  -0.009451  0.004226  0.074569  -0.274401  1.973666  -0.597805  1.000000  
67.783318 -0.001054  0.003976  -0.027216  0.442525  0.770732  0.458415  -0.835493  0.540053  -0.101457  -0.325765  -0.338105  0.882928  -0.009767  0.004328  0.074499  -0.272301  1.986028  -0.595090  1.000000  
67.784565 -0.001068  0.003984  -0.027122  0.444378  0.770437  0.457116  -0.835247  0.540797  -0.099502  -0.323867  -0.337588  0.883824  -0.010076  0.004512  0.074315  -0.268346  1.992609  -0.602211  1.000000  
67.785565 -0.001081  0.003990  -0.027047  0.445674  0.770377  0.455954  -0.835193  0.541159  -0.097974  -0.322221  -0.337145  0.884594  -0.010488  0.004622  0.074101  -0.273635  1.999123  -0.596870  1.000000  
67.786815 -0.001095  0.003998  -0.026953  0.447374  0.770212  0.454566  -0.835064  0.541709  -0.096013  -0.320193  -0.336638  0.885523  -0.010757  0.004829  0.074036  -0.271314  2.006630  -0.594450  1.000000  
67.788066 -0.001111  0.004006  -0.026857  0.449052  0.770024  0.453228  -0.834891  0.542302  -0.094159  -0.318291  -0.336113  0.886408  -0.011102  0.005033  0.074451  -0.269719  2.010493  -0.595449  1.000000  
67.789315 -0.001128  0.004015  -0.026758  0.450901  0.769777  0.451809  -0.834618  0.543045  -0.092281  -0.316388  -0.335478  0.887329  -0.011406  0.005155  0.075271  -0.269229  2.011237  -0.600410  1.000000  
67.790564 -0.001145  0.004023  -0.026657  0.452789  0.769462  0.450456  -0.834411  0.543734  -0.090065  -0.314230  -0.335086  0.888244  -0.011687  0.005383  0.076317  -0.261599  2.021845  -0.605858  1.000000  
67.791571 -0.001159  0.004029  -0.026573  0.454232  0.769207  0.449437  -0.834200  0.544316  -0.088493  -0.312705  -0.334724  0.888918  -0.011942  0.005541  0.077241  -0.254448  2.020799  -0.606045  1.000000  
67.792815 -0.001176  0.004037  -0.026469  0.456077  0.768846  0.448184  -0.833906  0.545088  -0.086491  -0.310798  -0.334297  0.889747  -0.012243  0.005720  0.078076  -0.246073  2.021409  -0.610716  1.000000  
67.793822 -0.001190  0.004044  -0.026387  0.457517  0.768590  0.447155  -0.833684  0.545673  -0.084923  -0.309271  -0.333932  0.890416  -0.012489  0.005929  0.078476  -0.242874  2.015872  -0.612315  1.000000  
67.795074 -0.001209  0.004052  -0.026287  0.459340  0.768204  0.445947  -0.833341  0.546488  -0.083031  -0.307490  -0.333487  0.891200  -0.012835  0.006178  0.078589  -0.230858  2.013598  -0.622628  1.000000  
67.796322 -0.001228  0.004060  -0.026191  0.461181  0.767838  0.444675  -0.833026  0.547266  -0.081038  -0.305579  -0.333053  0.892018  -0.013105  0.006346  0.078547  -0.225420  2.009219  -0.626837  1.000000  
67.797571 -0.001247  0.004070  -0.026096  0.463021  0.767471  0.443396  -0.832705  0.548046  -0.079047  -0.303668  -0.332617  0.892834  -0.013474  0.006500  0.078477  -0.223970  2.009065  -0.629276  1.000000  
67.798815 -0.001266  0.004079  -0.026002  0.465031  0.766989  0.442125  -0.832280  0.548986  -0.076969  -0.301755  -0.332179  0.893645  -0.013770  0.006697  0.078433  -0.218485  2.009218  -0.631942  1.000000  
67.799818 -0.001282  0.004087  -0.025923  0.466486  0.766747  0.441010  -0.832066  0.549541  -0.075309  -0.300096  -0.331819  0.894337  -0.014082  0.006787  0.078717  -0.210353  2.011190  -0.640192  1.000000  
67.801065 -0.001303  0.004096  -0.025823  0.468492  0.766261  0.439726  -0.831627  0.550485  -0.073237  -0.298181  -0.331377  0.895141  -0.014461  0.006889  0.079137  -0.202652  2.013623  -0.648968  1.000000  
67.802315 -0.001324  0.004105  -0.025722  0.470155  0.766054  0.438311  -0.831373  0.551106  -0.071417  -0.296265  -0.330823  0.895982  -0.014862  0.006954  0.079630  -0.205396  2.009171  -0.653136  1.000000  
67.803567 -0.001347  0.004115  -0.025618  0.472026  0.765721  0.436878  -0.831085  0.551820  -0.069233  -0.294091  -0.330403  0.896852  -0.015307  0.007009  0.080070  -0.204236  2.013121  -0.654016  1.000000  
67.804815 -0.001370  0.004125  -0.025513  0.473876  0.765312  0.435590  -0.830753  0.552583  -0.067090  -0.292045  -0.330075  0.897641  -0.015661  0.007172  0.080352  -0.198933  2.013081  -0.656399  1.000000  
67.805815 -0.001388  0.004133  -0.025431  0.475324  0.765064  0.434447  -0.830509  0.553147  -0.065443  -0.290381  -0.329706  0.898317  -0.016030  0.007300  0.080324  -0.198943  2.017513  -0.658523  1.000000  
67.807065 -0.001413  0.004143  -0.025328  0.477323  0.764516  0.433218  -0.830033  0.554109  -0.063321  -0.288460  -0.329360  0.899062  -0.016450  0.007430  0.080236  -0.185354  2.018430  -0.674973  1.000000  
67.808315 -0.001437  0.004153  -0.025228  0.479168  0.764156  0.431816  -0.829680  0.554869  -0.061255  -0.286409  -0.328917  0.899880  -0.016887  0.007547  0.079997  -0.186080  2.020323  -0.683351  1.000000  
67.809319 -0.001456  0.004162  -0.025148  0.480593  0.763829  0.430808  -0.829385  0.555484  -0.059651  -0.284870  -0.328638  0.900470  -0.017249  0.007696  0.079942  -0.178032  2.022308  -0.691302  1.000000  
67.810321 -0.001477  0.004170  -0.025068  0.482225  0.763431  0.429687  -0.829052  0.556181  -0.057753  -0.283074  -0.328383  0.901129  -0.017689  0.007762  0.080090  -0.167813  2.036978  -0.706935  1.000000  
67.811326 -0.001497  0.004179  -0.024988  0.483686  0.763147  0.428549  -0.828813  0.556722  -0.055946  -0.281277  -0.328127  0.901785  -0.018019  0.007880  0.080321  -0.157773  2.049106  -0.717826  1.000000  
67.812574 -0.001523  0.004188  -0.024884  0.485714  0.762585  0.427255  -0.828365  0.557622  -0.053564  -0.279094  -0.327907  0.902543  -0.018446  0.007912  0.080889  -0.144447  2.058085  -0.731001  1.000000  
67.813820 -0.001549  0.004197  -0.024778  0.487569  0.762135  0.425942  -0.828009  0.558366  -0.051274  -0.276909  -0.327684  0.903296  -0.018925  0.007823  0.081609  -0.133143  2.068629  -0.736303  1.000000  
67.815065 -0.001576  0.004205  -0.024671  0.489421  0.761685  0.424621  -0.827644  0.559112  -0.048986  -0.274723  -0.327460  0.904045  -0.019385  0.007767  0.082252  -0.121988  2.075327  -0.743346  1.000000  
67.816066 -0.001597  0.004211  -0.024586  0.490894  0.761368  0.423488  -0.827410  0.559626  -0.047017  -0.272792  -0.327318  0.904681  -0.019700  0.007688  0.082505  -0.110266  2.090122  -0.746726  1.000000  
67.817315 -0.001625  0.004219  -0.024481  0.492761  0.760938  0.422089  -0.827061  0.560337  -0.044632  -0.270474  -0.327101  0.905455  -0.020016  0.007586  0.082693  -0.100150  2.098129  -0.747207  1.000000  
67.818315 -0.001647  0.004226  -0.024399  0.494211  0.760598  0.421006  -0.826784  0.560892  -0.042772  -0.268671  -0.326943  0.906049  -0.020363  0.007500  0.082629  -0.091546  2.106785  -0.744717  1.000000  
67.819567 -0.001674  0.004233  -0.024298  0.496074  0.760166  0.419592  -0.826419  0.561605  -0.040392  -0.266350  -0.326721  0.906814  -0.020637  0.007324  0.082364  -0.082563  2.114920  -0.743890  1.000000  
67.820814 -0.001702  0.004241  -0.024196  0.498104  0.759618  0.418178  -0.825943  0.562476  -0.037931  -0.264028  -0.326498  0.907573  -0.020885  0.007234  0.082310  -0.071595  2.125662  -0.749398  1.000000  
