1-Time 2-Px 3-Py 4-Pz 5-R11 6-R21 7-R31 8-R12 9-R22 10-R32 11-R13 12-R23 13-R33 14-Vx 15-Vy 16-Vz 17-Wx 18-Wy 19-Wz 20-state
91.967398 0.005030  -0.004255  -0.007490  0.316628  0.926250  0.204468  -0.938838  0.336786  -0.071823  -0.135389  -0.169221  0.976235  -0.001586  -0.001065  0.001559  0.000000  0.000000  0.000000  1.000000  
91.968416 0.005030  -0.004255  -0.007492  0.316628  0.926275  0.204356  -0.938838  0.336777  -0.071864  -0.135389  -0.169103  0.976255  -0.000662  -0.000519  -0.001510  0.000000  0.000000  0.000000  1.000000  
91.969657 0.005027  -0.004254  -0.007488  0.316628  0.926275  0.204356  -0.938838  0.336777  -0.071864  -0.135389  -0.169103  0.976255  -0.001617  0.000279  0.001417  0.000000  0.000000  0.000000  1.000000  
91.970664 0.005024  -0.004253  -0.007482  0.316622  0.926268  0.204398  -0.938821  0.336799  -0.071988  -0.135521  -0.169100  0.976237  -0.002207  0.000412  0.002918  0.000000  0.000000  0.000000  1.000000  
91.971664 0.005021  -0.004253  -0.007478  0.316622  0.926268  0.204398  -0.938821  0.336799  -0.071988  -0.135521  -0.169100  0.976237  -0.002285  0.000493  0.002988  0.000000  0.000000  0.000000  1.000000  
91.972914 0.005019  -0.004251  -0.007475  0.316429  0.926362  0.204271  -0.938886  0.336599  -0.072071  -0.135521  -0.168981  0.976258  -0.002217  0.000692  0.002964  0.000000  0.000000  0.000000  1.000000  
91.973918 0.005015  -0.004250  -0.007473  0.316423  0.926355  0.204312  -0.938869  0.336621  -0.072195  -0.135654  -0.168978  0.976240  -0.002456  0.000755  0.002823  0.000000  0.000000  0.000000  1.000000  
91.975254 0.005010  -0.004248  -0.007469  0.316423  0.926355  0.204312  -0.938869  0.336621  -0.072195  -0.135654  -0.168978  0.976240  -0.002663  0.000921  0.002814  0.000000  0.000000  0.000000  1.000000  
91.976401 0.005005  -0.004246  -0.007466  0.316423  0.926355  0.204312  -0.938869  0.336621  -0.072195  -0.135654  -0.168978  0.976240  -0.002927  0.001015  0.002737  0.000000  0.000000  0.000000  1.000000  
91.977402 0.005001  -0.004245  -0.007464  0.316418  0.926347  0.204354  -0.938851  0.336642  -0.072319  -0.135786  -0.168975  0.976222  -0.003008  0.001022  0.002670  0.000000  0.000000  0.000000  1.000000  
91.978672 0.004996  -0.004243  -0.007459  0.316224  0.926417  0.204339  -0.938917  0.336452  -0.072361  -0.135786  -0.168975  0.976222  -0.003143  0.001067  0.002805  0.000000  0.000000  0.000000  1.000000  
91.979906 0.004991  -0.004240  -0.007455  0.316218  0.926409  0.204381  -0.938899  0.336473  -0.072484  -0.135919  -0.168972  0.976204  -0.003241  0.001163  0.002889  0.000000  0.000000  0.000000  1.000000  
91.980907 0.004986  -0.004239  -0.007449  0.316218  0.926409  0.204381  -0.938899  0.336473  -0.072484  -0.135919  -0.168972  0.976204  -0.003360  0.001169  0.003094  0.000000  0.000000  0.000000  1.000000  
91.982157 0.004980  -0.004237  -0.007442  0.316218  0.926409  0.204381  -0.938899  0.336473  -0.072484  -0.135919  -0.168972  0.976204  -0.003497  0.001188  0.003352  0.000000  0.000000  0.000000  1.000000  
91.983160 0.004974  -0.004236  -0.007435  0.316213  0.926402  0.204422  -0.938882  0.336494  -0.072608  -0.136051  -0.168969  0.976186  -0.003689  0.001275  0.003750  0.000000  0.000000  0.000000  1.000000  
91.984406 0.004967  -0.004234  -0.007424  0.316213  0.926377  0.204535  -0.938882  0.336503  -0.072567  -0.136051  -0.169087  0.976166  -0.004056  0.001359  0.004293  0.000000  0.000000  0.000000  1.000000  
91.985655 0.004961  -0.004231  -0.007416  0.316207  0.926370  0.204576  -0.938865  0.336525  -0.072691  -0.136184  -0.169084  0.976148  -0.004175  0.001469  0.004362  0.000000  0.000000  0.000000  1.000000  
91.986665 0.004957  -0.004229  -0.007411  0.316207  0.926370  0.204576  -0.938865  0.336525  -0.072691  -0.136184  -0.169084  0.976148  -0.004337  0.001595  0.004438  0.000000  0.000000  0.000000  1.000000  
91.987910 0.004951  -0.004226  -0.007408  0.316207  0.926370  0.204576  -0.938865  0.336525  -0.072691  -0.136184  -0.169084  0.976148  -0.004548  0.001677  0.004455  0.000000  0.000000  0.000000  1.000000  
91.989158 0.004943  -0.004223  -0.007402  0.316201  0.926363  0.204618  -0.938848  0.336546  -0.072815  -0.136316  -0.169081  0.976130  -0.004702  0.001774  0.004645  0.000000  0.000000  0.000000  1.000000  
91.990177 0.004938  -0.004221  -0.007396  0.316201  0.926388  0.204506  -0.938848  0.336537  -0.072856  -0.136316  -0.168963  0.976150  -0.004845  0.001781  0.004877  0.000000  0.000000  0.000000  1.000000  
91.991474 0.004932  -0.004219  -0.007387  0.316394  0.926318  0.204521  -0.938782  0.336728  -0.072814  -0.136316  -0.168963  0.976150  -0.004851  0.001822  0.005353  0.000000  0.000000  0.000000  1.000000  
91.992655 0.004926  -0.004216  -0.007376  0.316388  0.926311  0.204563  -0.938765  0.336749  -0.072937  -0.136449  -0.168960  0.976132  -0.004977  0.001867  0.005884  0.000000  0.000000  0.000000  1.000000  
91.993904 0.004919  -0.004213  -0.007364  0.316582  0.926242  0.204578  -0.938700  0.336940  -0.072895  -0.136449  -0.168960  0.976132  -0.005039  0.001920  0.006281  0.000000  0.000000  0.000000  1.000000  
91.994904 0.004914  -0.004211  -0.007356  0.316582  0.926242  0.204578  -0.938700  0.336940  -0.072895  -0.136449  -0.168960  0.976132  -0.005127  0.001946  0.006569  0.000000  0.000000  0.000000  1.000000  
91.995906 0.004908  -0.004209  -0.007349  0.316775  0.926173  0.204593  -0.938635  0.337131  -0.072853  -0.136449  -0.168960  0.976132  -0.005170  0.001989  0.006725  0.000000  0.000000  0.000000  1.000000  
91.997187 0.004902  -0.004207  -0.007341  0.316968  0.926103  0.204608  -0.938570  0.337321  -0.072811  -0.136449  -0.168960  0.976132  -0.005153  0.001986  0.006687  0.000000  0.000000  0.000000  1.000000  
91.998191 0.004898  -0.004206  -0.007336  0.316968  0.926103  0.204608  -0.938570  0.337321  -0.072811  -0.136449  -0.168960  0.976132  -0.005078  0.001975  0.006448  0.000000  0.000000  0.000000  1.000000  
91.999404 0.004892  -0.004203  -0.007331  0.317161  0.926034  0.204623  -0.938504  0.337512  -0.072769  -0.136449  -0.168960  0.976132  -0.005055  0.002065  0.006231  0.000000  0.000000  0.000000  1.000000  
92.000657 0.004885  -0.004201  -0.007327  0.317355  0.925989  0.204525  -0.938439  0.337694  -0.072768  -0.136449  -0.168841  0.976153  -0.005085  0.001984  0.005936  0.000000  0.000000  0.000000  1.000000  
92.001906 0.004878  -0.004200  -0.007324  0.317548  0.925919  0.204540  -0.938374  0.337884  -0.072726  -0.136449  -0.168841  0.976153  -0.005166  0.001871  0.005797  0.000000  0.000000  0.000000  1.000000  
92.003171 0.004871  -0.004199  -0.007320  0.317747  0.925857  0.204513  -0.938326  0.338054  -0.072560  -0.136316  -0.168844  0.976171  -0.005201  0.001724  0.005827  0.000000  0.000000  0.000000  1.000000  
92.004409 0.004864  -0.004198  -0.007312  0.317940  0.925812  0.204416  -0.938260  0.338235  -0.072559  -0.136316  -0.168726  0.976191  -0.005206  0.001594  0.005936  0.000000  0.000000  0.000000  1.000000  
92.005411 0.004858  -0.004197  -0.007304  0.318133  0.925743  0.204431  -0.938195  0.338426  -0.072517  -0.136316  -0.168726  0.976191  -0.005220  0.001546  0.005959  0.000000  0.000000  0.000000  1.000000  
92.006411 0.004852  -0.004196  -0.007298  0.318326  0.925698  0.204333  -0.938129  0.338608  -0.072516  -0.136316  -0.168607  0.976212  -0.005329  0.001521  0.005916  0.000000  0.000000  0.000000  1.000000  
92.007656 0.004845  -0.004195  -0.007292  0.318525  0.925635  0.204306  -0.938081  0.338777  -0.072350  -0.136184  -0.168611  0.976230  -0.005376  0.001397  0.005514  0.000000  0.000000  0.000000  1.000000  
92.008911 0.004839  -0.004194  -0.007287  0.318911  0.925520  0.204224  -0.937950  0.339149  -0.072307  -0.136184  -0.168492  0.976250  -0.005369  0.001269  0.005090  0.000000  0.000000  0.000000  1.000000  
92.010162 0.004831  -0.004193  -0.007284  0.319110  0.925483  0.204084  -0.937901  0.339310  -0.072182  -0.136051  -0.168377  0.976289  -0.005413  0.001130  0.004643  0.000000  0.000000  0.000000  1.000000  
92.011175 0.004827  -0.004192  -0.007281  0.319502  0.925375  0.203960  -0.937787  0.339661  -0.072016  -0.135919  -0.168262  0.976327  -0.005382  0.001106  0.004375  0.000000  0.000000  0.000000  1.000000  
92.012406 0.004819  -0.004191  -0.007278  0.319696  0.925330  0.203862  -0.937721  0.339843  -0.072015  -0.135919  -0.168143  0.976347  -0.005461  0.001060  0.004068  0.000000  0.000000  0.000000  1.000000  
92.013406 0.004813  -0.004190  -0.007275  0.319894  0.925292  0.203723  -0.937672  0.340003  -0.071891  -0.135786  -0.168028  0.976386  -0.005558  0.001024  0.003975  0.000000  0.000000  0.000000  1.000000  
92.014654 0.004807  -0.004190  -0.007270  0.320286  0.925184  0.203598  -0.937558  0.340354  -0.071725  -0.135654  -0.167912  0.976424  -0.005564  0.000843  0.004096  0.000000  0.000000  0.000000  1.000000  
92.015655 0.004801  -0.004190  -0.007265  0.320678  0.925075  0.203473  -0.937443  0.340705  -0.071558  -0.135521  -0.167797  0.976462  -0.005625  0.000740  0.004133  0.000000  0.000000  0.000000  1.000000  
92.016904 0.004793  -0.004190  -0.007259  0.321070  0.924967  0.203348  -0.937328  0.341056  -0.071392  -0.135389  -0.167682  0.976500  -0.005653  0.000639  0.004338  0.000000  0.000000  0.000000  1.000000  
92.018155 0.004785  -0.004191  -0.007253  0.321462  0.924858  0.203223  -0.937213  0.341407  -0.071226  -0.135256  -0.167566  0.976538  -0.005753  0.000549  0.004421  -0.027418  0.061960  -0.175615  1.000000  
92.019404 0.004778  -0.004191  -0.007248  0.321661  0.924820  0.203083  -0.937164  0.341567  -0.071102  -0.135123  -0.167451  0.976577  -0.005721  0.000458  0.004286  -0.030793  0.072516  -0.182364  1.000000  
92.020420 0.004772  -0.004191  -0.007245  0.322052  0.924711  0.202957  -0.937048  0.341918  -0.070937  -0.134991  -0.167335  0.976615  -0.005694  0.000409  0.003955  -0.029847  0.078038  -0.188240  1.000000  
92.021659 0.004766  -0.004191  -0.007243  0.322251  0.924648  0.202929  -0.936999  0.342088  -0.070771  -0.134858  -0.167339  0.976633  -0.005643  0.000294  0.003560  -0.028934  0.083666  -0.194313  1.000000  
92.022660 0.004760  -0.004192  -0.007243  0.322643  0.924539  0.202804  -0.936883  0.342439  -0.070606  -0.134726  -0.167223  0.976671  -0.005665  0.000196  0.003244  -0.031126  0.094819  -0.206247  1.000000  
92.023916 0.004753  -0.004192  -0.007242  0.323040  0.924437  0.202636  -0.936785  0.342768  -0.070317  -0.134461  -0.167111  0.976726  -0.005653  0.000125  0.003005  -0.034287  0.104808  -0.211439  1.000000  
92.024939 0.004748  -0.004191  -0.007240  0.323245  0.924406  0.202453  -0.936752  0.342908  -0.070070  -0.134195  -0.166998  0.976782  -0.005632  0.000173  0.002976  -0.038359  0.113558  -0.209743  1.000000  
92.026153 0.004741  -0.004191  -0.007235  0.323642  0.924303  0.202284  -0.936653  0.343238  -0.069781  -0.133930  -0.166886  0.976838  -0.005680  0.000108  0.003120  -0.040308  0.123847  -0.220178  1.000000  
92.027154 0.004736  -0.004190  -0.007230  0.323847  0.924272  0.202101  -0.936620  0.343377  -0.069534  -0.133665  -0.166773  0.976893  -0.005683  0.000117  0.003322  -0.044432  0.132771  -0.218918  1.000000  
92.028173 0.004730  -0.004189  -0.007224  0.324051  0.924240  0.201918  -0.936587  0.343517  -0.069287  -0.133400  -0.166661  0.976949  -0.005643  0.000044  0.003446  -0.047562  0.142644  -0.224020  1.000000  
92.029400 0.004723  -0.004188  -0.007216  0.324449  0.924138  0.201748  -0.936487  0.343847  -0.068998  -0.133135  -0.166548  0.977004  -0.005677  0.000105  0.003631  -0.050690  0.152504  -0.229113  1.000000  
92.030401 0.004716  -0.004188  -0.007211  0.324653  0.924106  0.201565  -0.936454  0.343987  -0.068752  -0.132869  -0.166436  0.977059  -0.005710  0.000104  0.003664  -0.050723  0.161267  -0.227624  1.000000  
92.031656 0.004709  -0.004187  -0.007205  0.325056  0.924011  0.201352  -0.936371  0.344296  -0.068340  -0.132472  -0.166326  0.977132  -0.005690  0.000215  0.003664  -0.054339  0.177044  -0.233997  1.000000  
92.032900 0.004702  -0.004185  -0.007200  0.325465  0.923922  0.201097  -0.936304  0.344584  -0.067805  -0.131941  -0.166220  0.977222  -0.005611  0.000418  0.003582  -0.057107  0.189931  -0.236558  1.000000  
92.033900 0.004697  -0.004183  -0.007197  0.325862  0.923820  0.200927  -0.936203  0.344914  -0.067517  -0.131676  -0.166107  0.977277  -0.005533  0.000524  0.003557  -0.056228  0.199866  -0.241808  1.000000  
92.035153 0.004691  -0.004181  -0.007192  0.326265  0.923724  0.200713  -0.936118  0.345224  -0.067105  -0.131278  -0.165997  0.977349  -0.005452  0.000693  0.003557  -0.059408  0.214190  -0.246268  1.000000  
92.036412 0.004684  -0.004179  -0.007187  0.326673  0.923635  0.200457  -0.936050  0.345512  -0.066571  -0.130747  -0.165890  0.977438  -0.005507  0.000813  0.003792  -0.059029  0.234740  -0.251975  1.000000  
92.037418 0.004679  -0.004177  -0.007182  0.327076  0.923515  0.200354  -0.935965  0.345829  -0.066118  -0.130349  -0.165899  0.977490  -0.005507  0.000984  0.004167  -0.058173  0.244715  -0.257176  1.000000  
92.038661 0.004673  -0.004175  -0.007174  0.327671  0.923347  0.200154  -0.935812  0.346329  -0.065666  -0.129951  -0.165789  0.977562  -0.005468  0.001125  0.004617  -0.057335  0.259241  -0.261804  1.000000  
92.039913 0.004666  -0.004173  -0.007166  0.328272  0.923187  0.199909  -0.935675  0.346807  -0.065091  -0.129421  -0.165682  0.977650  -0.005502  0.001164  0.004939  -0.055599  0.274825  -0.273098  1.000000  
92.041156 0.004659  -0.004172  -0.007158  0.328873  0.923002  0.199776  -0.935537  0.347294  -0.064473  -0.128890  -0.165694  0.977718  -0.005451  0.001295  0.005166  -0.050321  0.287042  -0.275484  1.000000  
92.042413 0.004653  -0.004169  -0.007150  0.329672  0.922777  0.199499  -0.935347  0.347942  -0.063734  -0.128227  -0.165590  0.977823  -0.005446  0.001420  0.005219  -0.048976  0.313616  -0.287318  1.000000  
92.043652 0.004647  -0.004167  -0.007144  0.330278  0.922623  0.199209  -0.935224  0.348399  -0.063036  -0.127563  -0.165485  0.977928  -0.005353  0.001514  0.005140  -0.047310  0.333768  -0.298002  1.000000  
92.044900 0.004640  -0.004164  -0.007139  0.331076  0.922396  0.198930  -0.935032  0.349047  -0.062298  -0.126899  -0.165381  0.978032  -0.005313  0.001607  0.004930  -0.045250  0.350807  -0.305972  1.000000  
92.046149 0.004633  -0.004163  -0.007135  0.331874  0.922170  0.198651  -0.934839  0.349695  -0.061560  -0.126236  -0.165276  0.978135  -0.005275  0.001628  0.004806  -0.043601  0.370674  -0.316475  1.000000  
92.047150 0.004629  -0.004160  -0.007130  0.332474  0.922007  0.198402  -0.934697  0.350174  -0.060986  -0.125705  -0.165169  0.978222  -0.005173  0.001711  0.004876  -0.041935  0.386118  -0.327709  1.000000  
92.048155 0.004624  -0.004158  -0.007123  0.333074  0.921845  0.198152  -0.934555  0.350652  -0.060413  -0.125174  -0.165062  0.978308  -0.005175  0.001778  0.005058  -0.041507  0.403688  -0.334953  1.000000  
92.049400 0.004617  -0.004155  -0.007114  0.334070  0.921552  0.197837  -0.934306  0.351469  -0.059512  -0.124377  -0.164960  0.978427  -0.005222  0.001820  0.005419  -0.037792  0.426914  -0.355395  1.000000  
92.050401 0.004611  -0.004152  -0.007106  0.334867  0.921323  0.197554  -0.934109  0.352117  -0.058776  -0.123714  -0.164855  0.978528  -0.005258  0.001920  0.005720  -0.036204  0.446973  -0.366088  1.000000  
92.051650 0.004603  -0.004150  -0.007095  0.335664  0.921118  0.197157  -0.933910  0.352757  -0.058083  -0.123050  -0.164631  0.978650  -0.005352  0.001885  0.006018  -0.041799  0.467792  -0.383186  1.000000  
92.052904 0.004596  -0.004148  -0.007084  0.336658  0.920823  0.196839  -0.933657  0.353574  -0.057183  -0.122253  -0.164529  0.978767  -0.005390  0.001923  0.006300  -0.039390  0.488659  -0.400342  1.000000  
92.053908 0.004589  -0.004146  -0.007076  0.337455  0.920593  0.196551  -0.933456  0.354222  -0.056449  -0.121589  -0.164423  0.978867  -0.005482  0.001955  0.006433  -0.037829  0.508554  -0.410926  1.000000  
92.055158 0.004581  -0.004143  -0.007068  0.338454  0.920304  0.196185  -0.933215  0.355018  -0.055427  -0.120659  -0.164323  0.978999  -0.005582  0.001995  0.006442  -0.031749  0.533838  -0.431736  1.000000  
92.056405 0.004572  -0.004140  -0.007061  0.339640  0.919934  0.195873  -0.932887  0.356024  -0.054490  -0.119862  -0.164221  0.979114  -0.005770  0.002062  0.006360  -0.027634  0.557223  -0.462650  1.000000  
92.057408 0.004564  -0.004138  -0.007055  0.340441  0.919709  0.195537  -0.932697  0.356651  -0.053633  -0.119065  -0.164118  0.979229  -0.005912  0.002036  0.006321  -0.026175  0.577116  -0.473224  1.000000  
92.058510 0.004556  -0.004137  -0.007048  0.341241  0.919484  0.195199  -0.932506  0.357278  -0.052777  -0.118268  -0.164015  0.979343  -0.006095  0.001999  0.006409  -0.023783  0.596165  -0.488946  1.000000  
92.059655 0.004546  -0.004135  -0.007041  0.342053  0.919298  0.194659  -0.932343  0.357858  -0.051719  -0.117205  -0.163798  0.979507  -0.006373  0.002004  0.006671  -0.026600  0.627027  -0.499838  1.000000  
92.060659 0.004536  -0.004133  -0.007033  0.342853  0.919072  0.194318  -0.932149  0.358485  -0.050864  -0.116408  -0.163694  0.979619  -0.006671  0.001997  0.006914  -0.024372  0.643620  -0.517960  1.000000  
92.061907 0.004525  -0.004130  -0.007023  0.343855  0.918786  0.193896  -0.931912  0.359261  -0.049724  -0.115345  -0.163596  0.979761  -0.007000  0.002022  0.007266  -0.021188  0.669357  -0.536380  1.000000  
92.062909 0.004515  -0.004128  -0.007014  0.344851  0.918516  0.193406  -0.931658  0.360051  -0.048751  -0.114414  -0.163376  0.979907  -0.007336  0.001990  0.007436  -0.023307  0.695752  -0.558154  1.000000  
92.063911 0.004505  -0.004127  -0.007004  0.345656  0.918296  0.193015  -0.931474  0.360658  -0.047775  -0.113484  -0.163275  0.980032  -0.007653  0.001941  0.007548  -0.026133  0.715765  -0.568829  1.000000  
92.065158 0.004493  -0.004125  -0.006994  0.346853  0.917965  0.192439  -0.931174  0.361596  -0.046518  -0.112287  -0.163059  0.980206  -0.008008  0.001805  0.007558  -0.027386  0.746827  -0.591641  1.000000  
92.066407 0.004480  -0.004123  -0.006985  0.347864  0.917715  0.191805  -0.930956  0.362325  -0.045179  -0.110958  -0.162846  0.980393  -0.008363  0.001800  0.007464  -0.029335  0.775037  -0.602187  1.000000  
92.067656 0.004466  -0.004120  -0.006978  0.348869  0.917457  0.191215  -0.930722  0.363076  -0.043964  -0.109761  -0.162630  0.980563  -0.008819  0.001903  0.007222  -0.032309  0.803579  -0.611405  1.000000  
92.068661 0.004455  -0.004118  -0.006971  0.349868  0.917190  0.190668  -0.930472  0.363846  -0.042873  -0.108697  -0.162411  0.980718  -0.009109  0.001894  0.007100  -0.039665  0.829973  -0.627059  1.000000  
92.069911 0.004440  -0.004116  -0.006963  0.351068  0.916863  0.190035  -0.930174  0.364766  -0.041499  -0.107367  -0.162197  0.980900  -0.009558  0.001859  0.007115  -0.040789  0.858470  -0.643960  1.000000  
92.071159 0.004425  -0.004113  -0.006953  0.352277  0.916573  0.189195  -0.929900  0.365640  -0.039924  -0.105770  -0.161868  0.981128  -0.009955  0.001830  0.007310  -0.048620  0.900105  -0.658965  1.000000  
92.072406 0.004409  -0.004111  -0.006943  0.353672  0.916176  0.188516  -0.929536  0.366728  -0.038391  -0.104307  -0.161655  0.981319  -0.010370  0.001842  0.007494  -0.053846  0.926772  -0.674655  1.000000  
92.073657 0.004394  -0.004108  -0.006932  0.354874  0.915853  0.187826  -0.929240  0.367629  -0.036897  -0.102843  -0.161441  0.981509  -0.010747  0.001885  0.007713  -0.057688  0.958381  -0.690091  1.000000  
92.074750 0.004380  -0.004106  -0.006923  0.355874  0.915589  0.187219  -0.928990  0.368381  -0.035690  -0.101645  -0.161223  0.981670  -0.010997  0.001902  0.007849  -0.060720  0.979624  -0.698020  1.000000  
92.075905 0.004364  -0.004104  -0.006912  0.357266  0.915210  0.186418  -0.928614  0.369466  -0.034206  -0.100181  -0.160890  0.981875  -0.011419  0.001903  0.007963  -0.067630  1.012643  -0.716542  1.000000  
92.077152 0.004347  -0.004101  -0.006902  0.358657  0.914807  0.185725  -0.928235  0.370556  -0.032679  -0.098716  -0.160676  0.982058  -0.011734  0.001903  0.007900  -0.066239  1.042531  -0.732856  1.000000  
92.078400 0.004331  -0.004099  -0.006893  0.360051  0.914433  0.184868  -0.927864  0.371622  -0.031076  -0.097118  -0.160343  0.982272  -0.011993  0.001928  0.007704  -0.073176  1.072558  -0.749302  1.000000  
92.079650 0.004314  -0.004097  -0.006886  0.361439  0.914049  0.184055  -0.927476  0.372709  -0.029598  -0.095653  -0.160009  0.982470  -0.012235  0.001939  0.007455  -0.080846  1.096786  -0.759547  1.000000  
92.080900 0.004298  -0.004095  -0.006879  0.362831  0.913671  0.183190  -0.927096  0.373776  -0.028000  -0.094055  -0.159676  0.982679  -0.012459  0.001928  0.007307  -0.088549  1.129911  -0.768359  1.000000  
92.081900 0.004285  -0.004093  -0.006874  0.364022  0.913331  0.182522  -0.926764  0.374699  -0.026641  -0.092723  -0.159457  0.982841  -0.012585  0.001941  0.007207  -0.089773  1.151263  -0.784851  1.000000  
92.083151 0.004268  -0.004091  -0.006865  0.365411  0.912950  0.181649  -0.926375  0.375768  -0.025046  -0.091124  -0.159123  0.983044  -0.012790  0.001904  0.007317  -0.097549  1.179672  -0.794336  1.000000  
92.084400 0.004251  -0.004089  -0.006855  0.366994  0.912498  0.180728  -0.925918  0.377005  -0.023295  -0.089392  -0.158791  0.983257  -0.012962  0.001832  0.007475  -0.104724  1.213850  -0.810032  1.000000  
92.085653 0.004234  -0.004087  -0.006844  0.368575  0.912044  0.179802  -0.925456  0.378243  -0.021546  -0.087659  -0.158457  0.983467  -0.013123  0.001808  0.007611  -0.107882  1.247672  -0.825622  1.000000  
92.086729 0.004221  -0.004086  -0.006835  0.369952  0.911642  0.179012  -0.925032  0.379353  -0.020203  -0.086326  -0.158118  0.983639  -0.013194  0.001736  0.007543  -0.117094  1.269120  -0.835432  1.000000  
92.087913 0.004204  -0.004084  -0.006825  0.371530  0.911183  0.178076  -0.924559  0.380592  -0.018459  -0.084593  -0.157783  0.983844  -0.013288  0.001669  0.007515  -0.124162  1.298585  -0.861406  1.000000  
92.089156 0.004187  -0.004082  -0.006816  0.372921  0.910809  0.177081  -0.924168  0.381624  -0.016632  -0.082727  -0.157450  0.984056  -0.013290  0.001687  0.007426  -0.130595  1.326510  -0.869413  1.000000  
92.090158 0.004174  -0.004081  -0.006809  0.374107  0.910488  0.176226  -0.923818  0.382529  -0.015210  -0.081260  -0.157111  0.984232  -0.013342  0.001603  0.007306  -0.138618  1.351292  -0.880238  1.000000  
92.091160 0.004160  -0.004079  -0.006802  0.375289  0.910136  0.175528  -0.923455  0.383455  -0.013865  -0.079926  -0.156889  0.984377  -0.013405  0.001613  0.007175  -0.140302  1.371255  -0.892674  1.000000  
92.092406 0.004143  -0.004077  -0.006793  0.376865  0.909678  0.174523  -0.922973  0.384677  -0.012009  -0.078059  -0.156554  0.984580  -0.013408  0.001552  0.007148  -0.146042  1.399379  -0.907033  1.000000  
92.093650 0.004125  -0.004076  -0.006784  0.378630  0.909138  0.173514  -0.922407  0.386087  -0.010119  -0.076191  -0.156219  0.984779  -0.013493  0.001509  0.007205  -0.149884  1.424753  -0.924488  1.000000  
92.094650 0.004111  -0.004075  -0.006776  0.380005  0.908740  0.172595  -0.921972  0.387162  -0.008548  -0.074590  -0.155879  0.984956  -0.013531  0.001444  0.007375  -0.157485  1.449809  -0.941610  1.000000  
92.095650 0.004096  -0.004075  -0.006767  0.381192  0.908406  0.171730  -0.921621  0.388032  -0.006846  -0.072856  -0.155660  0.985120  -0.013663  0.001362  0.007650  -0.158476  1.472653  -0.945256  1.000000  
92.096654 0.004082  -0.004074  -0.006757  0.382564  0.908004  0.170803  -0.921177  0.389108  -0.005279  -0.071254  -0.155320  0.985291  -0.013752  0.001265  0.007884  -0.164254  1.500048  -0.965104  1.000000  
92.097902 0.004064  -0.004073  -0.006744  0.384332  0.907479  0.169618  -0.920614  0.390462  -0.003037  -0.068985  -0.154986  0.985505  -0.013863  0.001183  0.008174  -0.170523  1.531587  -0.978366  1.000000  
92.099150 0.004045  -0.004073  -0.006731  0.386093  0.906944  0.168477  -0.920034  0.391837  -0.000919  -0.066849  -0.154650  0.985705  -0.013974  0.001081  0.008382  -0.170833  1.561035  -0.995165  1.000000  
92.100171 0.004030  -0.004072  -0.006722  0.387653  0.906443  0.167593  -0.919503  0.393082  0.000843  -0.065114  -0.154429  0.985856  -0.014064  0.001030  0.008426  -0.172997  1.584329  -1.015836  1.000000  
92.101402 0.004010  -0.004072  -0.006711  0.389409  0.905902  0.166438  -0.918909  0.394458  0.002953  -0.062977  -0.154091  0.986048  -0.014289  0.000900  0.008395  -0.175424  1.606570  -1.030451  1.000000  
92.102402 0.003994  -0.004072  -0.006703  0.390967  0.905425  0.165380  -0.918374  0.395685  0.004783  -0.061108  -0.153750  0.986218  -0.014417  0.000846  0.008423  -0.179707  1.631449  -1.047774  1.000000  
92.103428 0.003979  -0.004071  -0.006694  0.392332  0.904999  0.164479  -0.917906  0.396745  0.006502  -0.059372  -0.153527  0.986359  -0.014587  0.000747  0.008519  -0.182594  1.653507  -1.061645  1.000000  
92.104660 0.003959  -0.004071  -0.006682  0.394081  0.904451  0.163304  -0.917292  0.398123  0.008602  -0.057235  -0.153187  0.986538  -0.014787  0.000690  0.008739  -0.185798  1.680854  -1.079608  1.000000  
92.105904 0.003938  -0.004071  -0.006669  0.395831  0.903909  0.162069  -0.916677  0.399482  0.010820  -0.054964  -0.152848  0.986720  -0.015062  0.000591  0.008972  -0.186659  1.704025  -1.086480  1.000000  
92.106908 0.003921  -0.004071  -0.006657  0.397377  0.903395  0.161149  -0.916110  0.400729  0.012564  -0.053227  -0.152623  0.986850  -0.015289  0.000450  0.009322  -0.189827  1.727664  -1.101337  1.000000  
92.108154 0.003898  -0.004071  -0.006642  0.399124  0.902856  0.159847  -0.915487  0.402071  0.014895  -0.050822  -0.152283  0.987029  -0.015655  0.000382  0.009726  -0.191543  1.756227  -1.111655  1.000000  
92.109450 0.003875  -0.004070  -0.006627  0.401056  0.902231  0.158533  -0.914773  0.403599  0.017254  -0.048416  -0.151942  0.987203  -0.015950  0.000360  0.010069  -0.192406  1.787373  -1.126256  1.000000  
92.110651 0.003853  -0.004070  -0.006612  0.402796  0.901687  0.157214  -0.914133  0.404942  0.019577  -0.046010  -0.151600  0.987371  -0.016318  0.000311  0.010371  -0.194549  1.818737  -1.138391  1.000000  
92.111906 0.003829  -0.004069  -0.006596  0.404345  0.901204  0.156000  -0.913567  0.406098  0.021912  -0.043605  -0.151376  0.987514  -0.016651  0.000282  0.010536  -0.192778  1.845681  -1.141471  1.000000  
92.113153 0.003805  -0.004069  -0.006581  0.406080  0.900644  0.154721  -0.912914  0.407422  0.024396  -0.041065  -0.151153  0.987657  -0.017045  0.000289  0.010668  -0.191297  1.873304  -1.144997  1.000000  
92.114400 0.003781  -0.004068  -0.006567  0.407625  0.900185  0.153328  -0.912337  0.408563  0.026794  -0.038524  -0.150809  0.987812  -0.017330  0.000344  0.010830  -0.195633  1.899483  -1.143713  1.000000  
92.115507 0.003761  -0.004067  -0.006555  0.409155  0.899663  0.152308  -0.911728  0.409795  0.028636  -0.036653  -0.150580  0.987918  -0.017562  0.000353  0.010962  -0.195115  1.912882  -1.149357  1.000000  
92.116650 0.003737  -0.004066  -0.006539  0.410877  0.899080  0.151113  -0.911042  0.411156  0.030867  -0.034379  -0.150353  0.988035  -0.018071  0.000372  0.011368  -0.192377  1.941375  -1.156294  1.000000  
92.117650 0.003716  -0.004065  -0.006526  0.412217  0.898629  0.150141  -0.910510  0.412180  0.032841  -0.032374  -0.150243  0.988119  -0.018287  0.000403  0.011609  -0.189952  1.955016  -1.157923  1.000000  
92.118652 0.003697  -0.004064  -0.006512  0.413552  0.898179  0.149165  -0.909965  0.413245  0.034522  -0.030635  -0.150011  0.988210  -0.018585  0.000442  0.011990  -0.187784  1.969405  -1.163619  1.000000  
92.119654 0.003677  -0.004063  -0.006498  0.414889  0.897751  0.148019  -0.909426  0.414256  0.036561  -0.028495  -0.149781  0.988308  -0.018807  0.000513  0.012264  -0.190087  1.987433  -1.168047  1.000000  
92.120660 0.003656  -0.004063  -0.006483  0.416409  0.897211  0.147024  -0.908791  0.415465  0.038557  -0.026489  -0.149669  0.988381  -0.019108  0.000518  0.012616  -0.185873  2.013322  -1.183655  1.000000  
92.121916 0.003631  -0.004061  -0.006464  0.418118  0.896626  0.145739  -0.908074  0.416810  0.040891  -0.024081  -0.149439  0.988478  -0.019336  0.000639  0.012881  -0.180353  2.035293  -1.187412  1.000000  
92.122926 0.003611  -0.004060  -0.006450  0.419445  0.896168  0.144739  -0.907512  0.417834  0.042851  -0.022075  -0.149326  0.988542  -0.019478  0.000678  0.013031  -0.179123  2.050872  -1.177796  1.000000  
92.124160 0.003585  -0.004059  -0.006432  0.421337  0.895517  0.143262  -0.906699  0.419309  0.045566  -0.019266  -0.149095  0.988635  -0.019750  0.000757  0.013195  -0.178062  2.080522  -1.188835  1.000000  
92.125403 0.003559  -0.004057  -0.006415  0.423036  0.894916  0.142006  -0.905959  0.420630  0.048058  -0.016724  -0.148981  0.988699  -0.019883  0.000894  0.013295  -0.173143  2.095186  -1.194588  1.000000  
92.126650 0.003534  -0.004054  -0.006398  0.425102  0.894148  0.140667  -0.905032  0.422343  0.050432  -0.014316  -0.148747  0.988772  -0.019972  0.001008  0.013422  -0.169506  2.108479  -1.208712  1.000000  
92.127906 0.003507  -0.004052  -0.006380  0.426979  0.893455  0.139381  -0.904185  0.423847  0.052943  -0.011774  -0.148632  0.988822  -0.020176  0.001148  0.013641  -0.167000  2.119858  -1.213066  1.000000  
92.129151 0.003481  -0.004050  -0.006361  0.429037  0.892680  0.138017  -0.903241  0.425517  0.055597  -0.009098  -0.148516  0.988868  -0.020317  0.001230  0.013933  -0.162008  2.139707  -1.224811  1.000000  
92.130155 0.003460  -0.004048  -0.006344  0.430717  0.892044  0.136894  -0.902460  0.426890  0.057712  -0.006957  -0.148399  0.988903  -0.020397  0.001333  0.014203  -0.158611  2.152468  -1.232088  1.000000  
92.131156 0.003439  -0.004046  -0.006328  0.432208  0.891468  0.135941  -0.901760  0.428090  0.059727  -0.004951  -0.148401  0.988915  -0.020541  0.001342  0.014506  -0.151070  2.163329  -1.235916  1.000000  
92.132399 0.003411  -0.004044  -0.006307  0.434253  0.890677  0.134606  -0.900788  0.429776  0.062247  -0.002408  -0.148282  0.988942  -0.020701  0.001401  0.014823  -0.144496  2.170639  -1.243499  1.000000  
92.133400 0.003389  -0.004042  -0.006290  0.435738  0.890097  0.133638  -0.900074  0.430974  0.064255  -0.000401  -0.148283  0.988945  -0.020869  0.001517  0.015058  -0.139248  2.182287  -1.250398  1.000000  
92.134400 0.003366  -0.004039  -0.006272  0.437219  0.889534  0.132549  -0.899353  0.432136  0.066498  0.001873  -0.148282  0.988943  -0.021053  0.001587  0.015319  -0.134024  2.199475  -1.254077  1.000000  
92.135654 0.003338  -0.004037  -0.006252  0.439251  0.888735  0.131186  -0.898354  0.433819  0.069004  0.004415  -0.148161  0.988953  -0.021184  0.001722  0.015431  -0.129333  2.209390  -1.266551  1.000000  
92.136658 0.003315  -0.004035  -0.006235  0.440910  0.888060  0.130182  -0.897529  0.435198  0.071028  0.006422  -0.148160  0.988943  -0.021362  0.001796  0.015531  -0.120010  2.218936  -1.272422  1.000000  
92.137659 0.003291  -0.004032  -0.006218  0.442566  0.887375  0.129231  -0.896698  0.436594  0.072931  0.008295  -0.148158  0.988929  -0.021653  0.001925  0.015729  -0.112257  2.222680  -1.278603  1.000000  
92.138907 0.003262  -0.004029  -0.006197  0.444584  0.886552  0.127948  -0.895671  0.438265  0.075475  0.010837  -0.148154  0.988905  -0.021916  0.002034  0.015956  -0.107780  2.228664  -1.291734  1.000000  
92.139908 0.003238  -0.004026  -0.006179  0.446233  0.885862  0.126981  -0.894826  0.439659  0.077370  0.012711  -0.148151  0.988883  -0.022139  0.002092  0.016187  -0.102539  2.226501  -1.306625  1.000000  
92.141155 0.003206  -0.004023  -0.006157  0.448242  0.885042  0.125619  -0.893780  0.441309  0.080022  0.015386  -0.148145  0.988846  -0.022585  0.002179  0.016566  -0.094241  2.237126  -1.319370  1.000000  
92.142403 0.003174  -0.004018  -0.006132  0.450246  0.884210  0.124305  -0.892725  0.442976  0.082551  0.017928  -0.148139  0.988804  -0.022943  0.002303  0.017043  -0.085943  2.240157  -1.340456  1.000000  
92.143650 0.003141  -0.004015  -0.006108  0.452243  0.883369  0.123029  -0.891657  0.444614  0.085246  0.020604  -0.148251  0.988735  -0.023391  0.002390  0.017424  -0.080743  2.247906  -1.353301  1.000000  
92.144650 0.003114  -0.004012  -0.006088  0.453688  0.882774  0.121974  -0.890867  0.445757  0.087507  0.022878  -0.148364  0.988668  -0.023801  0.002446  0.017694  -0.069126  2.261134  -1.358795  1.000000  
92.145900 0.003079  -0.004008  -0.006064  0.455675  0.881943  0.120570  -0.889779  0.447401  0.090137  0.025553  -0.148354  0.988604  -0.024313  0.002550  0.017916  -0.064205  2.273412  -1.365191  1.000000  
92.146900 0.003051  -0.004005  -0.006044  0.457298  0.881234  0.119602  -0.888886  0.448759  0.092179  0.027559  -0.148466  0.988533  -0.024701  0.002652  0.018156  -0.056212  2.278499  -1.384697  1.000000  
92.147901 0.003023  -0.004001  -0.006023  0.458734  0.880625  0.118586  -0.888077  0.449916  0.094311  0.029699  -0.148577  0.988455  -0.025214  0.002810  0.018306  -0.051365  2.292616  -1.389381  1.000000  
92.149151 0.002986  -0.003996  -0.005998  0.460707  0.879764  0.117320  -0.886966  0.451562  0.096864  0.032240  -0.148685  0.988359  -0.025697  0.002971  0.018541  -0.043527  2.294646  -1.403239  1.000000  
92.150400 0.002949  -0.003991  -0.005973  0.462489  0.879012  0.115942  -0.885932  0.452990  0.099622  0.035048  -0.148791  0.988247  -0.026306  0.003120  0.018814  -0.035254  2.305617  -1.402282  1.000000  
92.151400 0.002918  -0.003987  -0.005952  0.463729  0.878478  0.115030  -0.885196  0.453949  0.101773  0.037187  -0.149019  0.988135  -0.026850  0.003234  0.019130  -0.026656  2.307843  -1.393914  1.000000  
92.152400 0.002887  -0.003983  -0.005930  0.464964  0.877967  0.113944  -0.884450  0.454902  0.103983  0.039460  -0.149126  0.988031  -0.027364  0.003357  0.019467  -0.022262  2.316743  -1.392609  1.000000  
92.153418 0.002856  -0.003978  -0.005909  0.466197  0.877446  0.112913  -0.883702  0.455872  0.106073  0.041599  -0.149233  0.987927  -0.027905  0.003471  0.019798  -0.014249  2.314743  -1.392485  1.000000  
92.154657 0.002816  -0.003972  -0.005879  0.467959  0.876675  0.111607  -0.882634  0.457280  0.108869  0.044407  -0.149454  0.987771  -0.028572  0.003652  0.020349  -0.006315  2.327133  -1.392139  1.000000  
92.155906 0.002776  -0.003967  -0.005850  0.469714  0.875915  0.110184  -0.881555  0.458700  0.111603  0.047213  -0.149555  0.987626  -0.029139  0.003694  0.020755  0.000860  2.334386  -1.397036  1.000000  
92.157156 0.002736  -0.003960  -0.005821  0.471467  0.875132  0.108919  -0.880472  0.460122  0.114271  0.049886  -0.149775  0.987461  -0.029720  0.003929  0.021126  0.012773  2.337523  -1.389288  1.000000  
92.158404 0.002695  -0.003955  -0.005792  0.473029  0.874451  0.107605  -0.879470  0.461343  0.117028  0.052692  -0.149993  0.987282  -0.030286  0.004095  0.021423  0.020681  2.344535  -1.374097  1.000000  
92.159407 0.002661  -0.003949  -0.005769  0.474419  0.873839  0.106451  -0.878582  0.462468  0.119237  0.054964  -0.150094  0.987143  -0.030707  0.004237  0.021610  0.020980  2.348807  -1.373058  1.000000  
92.160660 0.002620  -0.003943  -0.005740  0.476328  0.872975  0.105006  -0.877359  0.464028  0.122144  0.057902  -0.150309  0.986942  -0.031112  0.004360  0.021899  0.028515  2.362183  -1.370774  1.000000  
92.161907 0.002578  -0.003937  -0.005711  0.478057  0.872185  0.103702  -0.876237  0.465441  0.124791  0.060574  -0.150524  0.986749  -0.031565  0.004521  0.022149  0.036480  2.365774  -1.363063  1.000000  
92.163159 0.002536  -0.003930  -0.005681  0.479781  0.871406  0.102281  -0.875106  0.466867  0.127376  0.063245  -0.150619  0.986567  -0.032082  0.004706  0.022659  0.036112  2.370114  -1.362020  1.000000  
92.164407 0.002494  -0.003923  -0.005651  0.481494  0.870623  0.100892  -0.873957  0.468258  0.130127  0.066048  -0.150831  0.986351  -0.032330  0.004839  0.022937  0.043902  2.373500  -1.354165  1.000000  
92.165438 0.002461  -0.003917  -0.005625  0.483038  0.869896  0.099776  -0.872930  0.469538  0.132391  0.068318  -0.151047  0.986163  -0.032510  0.004907  0.023173  0.048017  2.377139  -1.358779  1.000000  
92.166656 0.002417  -0.003910  -0.005594  0.485098  0.868916  0.098312  -0.871563  0.471282  0.135172  0.071121  -0.151256  0.985933  -0.032918  0.005070  0.023581  0.050893  2.389881  -1.365009  1.000000  
92.167657 0.002383  -0.003905  -0.005568  0.486636  0.868176  0.097242  -0.870528  0.472575  0.137311  0.073256  -0.151472  0.985743  -0.033135  0.005132  0.023801  0.055550  2.398932  -1.363299  1.000000  
92.168659 0.002349  -0.003899  -0.005542  0.488161  0.867454  0.096036  -0.869468  0.473831  0.139676  0.075658  -0.151684  0.985529  -0.033362  0.005215  0.024088  0.060495  2.412353  -1.361078  1.000000  
92.169675 0.002314  -0.003893  -0.005517  0.489501  0.866829  0.094850  -0.868502  0.474906  0.142016  0.078059  -0.151895  0.985309  -0.033495  0.005301  0.024192  0.065268  2.427967  -1.350384  1.000000  
92.170904 0.002270  -0.003886  -0.005486  0.491357  0.865939  0.093374  -0.867197  0.476462  0.144755  0.080860  -0.152100  0.985052  -0.033720  0.005440  0.024329  0.068018  2.433680  -1.349810  1.000000  
92.171909 0.002235  -0.003880  -0.005460  0.492876  0.865193  0.092273  -0.866132  0.477747  0.146876  0.082993  -0.152312  0.984842  -0.033933  0.005427  0.024453  0.073389  2.437735  -1.348397  1.000000  
92.173157 0.002191  -0.003873  -0.005428  0.494724  0.864289  0.090841  -0.864818  0.479315  0.149488  0.085660  -0.152516  0.984582  -0.034154  0.005543  0.024659  0.072923  2.438257  -1.347893  1.000000  
92.174407 0.002145  -0.003866  -0.005395  0.496737  0.863284  0.089406  -0.863381  0.481022  0.152285  0.088459  -0.152837  0.984284  -0.034401  0.005562  0.024933  0.075520  2.440515  -1.360646  1.000000  
92.175656 0.002100  -0.003859  -0.005361  0.498565  0.862386  0.087886  -0.862036  0.482566  0.154998  0.091257  -0.153037  0.983998  -0.034674  0.005661  0.025271  0.078973  2.445215  -1.359480  1.000000  
92.176658 0.002064  -0.003853  -0.005333  0.500062  0.861634  0.086750  -0.860940  0.483842  0.157099  0.093389  -0.153245  0.983765  -0.034869  0.005673  0.025643  0.079488  2.449702  -1.358052  1.000000  
92.177909 0.002018  -0.003846  -0.005297  0.502053  0.860622  0.085280  -0.859472  0.485539  0.159876  0.096186  -0.153562  0.983446  -0.035109  0.005675  0.026004  0.082074  2.456870  -1.370341  1.000000  
92.179158 0.001973  -0.003839  -0.005260  0.504029  0.859618  0.083732  -0.857981  0.487215  0.162759  0.099116  -0.153876  0.983106  -0.035327  0.005655  0.026464  0.085010  2.471000  -1.373930  1.000000  
92.180409 0.001926  -0.003833  -0.005224  0.506003  0.858602  0.082237  -0.856490  0.488905  0.165522  0.101911  -0.154190  0.982771  -0.035682  0.005627  0.026755  0.083259  2.473340  -1.386436  1.000000  
92.181664 0.001880  -0.003826  -0.005188  0.507969  0.857584  0.080730  -0.854988  0.490591  0.168276  0.104706  -0.154502  0.982428  -0.035824  0.005567  0.027068  0.084533  2.478302  -1.413059  1.000000  
92.182907 0.001833  -0.003819  -0.005152  0.509927  0.856563  0.079210  -0.853474  0.492273  0.171024  0.107500  -0.154813  0.982078  -0.036125  0.005596  0.027341  0.082209  2.486616  -1.431936  1.000000  
92.183912 0.001794  -0.003814  -0.005124  0.511731  0.855608  0.077880  -0.852105  0.493868  0.173237  0.109761  -0.155013  0.981796  -0.036387  0.005537  0.027534  0.079516  2.494124  -1.450167  1.000000  
92.185157 0.001746  -0.003808  -0.005087  0.513856  0.854461  0.076472  -0.850478  0.495715  0.175934  0.112420  -0.155443  0.981427  -0.036743  0.005522  0.027840  0.082695  2.488433  -1.464864  1.000000  
