1-Time 2-Px 3-Py 4-Pz 5-R11 6-R21 7-R31 8-R12 9-R22 10-R32 11-R13 12-R23 13-R33 14-Vx 15-Vy 16-Vz 17-Wx 18-Wy 19-Wz 20-state
110.709355 -0.014143  -0.015089  -0.005267  0.917360  0.261413  -0.300189  -0.317610  0.935279  -0.156132  0.239945  0.238572  0.941015  -0.000741  -0.000094  0.000321  0.000000  0.000000  0.000000  1.000000  
110.710462 -0.014142  -0.015089  -0.005267  0.917360  0.261413  -0.300189  -0.317610  0.935279  -0.156132  0.239945  0.238572  0.941015  0.001208  -0.000203  -0.000558  0.000000  0.000000  0.000000  1.000000  
110.711714 -0.014131  -0.015080  -0.005266  0.917360  0.261413  -0.300189  -0.317610  0.935279  -0.156132  0.239945  0.238572  0.941015  0.006176  0.004334  0.000697  0.000000  0.000000  0.000000  1.000000  
110.712967 -0.014116  -0.015068  -0.005264  0.917360  0.261413  -0.300189  -0.317610  0.935279  -0.156132  0.239945  0.238572  0.941015  0.008329  0.006349  0.001036  0.000000  0.000000  0.000000  1.000000  
110.714213 -0.014105  -0.015059  -0.005261  0.917426  0.261221  -0.300157  -0.317422  0.935333  -0.156194  0.239945  0.238572  0.941015  0.008312  0.006461  0.001341  0.000000  0.000000  0.000000  1.000000  
110.715228 -0.014098  -0.015055  -0.005258  0.917426  0.261221  -0.300157  -0.317422  0.935333  -0.156194  0.239945  0.238572  0.941015  0.008131  0.006125  0.001684  0.000000  0.000000  0.000000  1.000000  
110.716462 -0.014084  -0.015046  -0.005253  0.917426  0.261221  -0.300157  -0.317422  0.935333  -0.156194  0.239945  0.238572  0.941015  0.008698  0.006306  0.002017  0.000000  0.000000  0.000000  1.000000  
110.717463 -0.014071  -0.015037  -0.005252  0.917491  0.260992  -0.300156  -0.317233  0.935367  -0.156369  0.239945  0.238686  0.940986  0.009276  0.006632  0.001982  0.000000  0.000000  0.000000  1.000000  
110.718725 -0.014059  -0.015027  -0.005250  0.917491  0.261028  -0.300124  -0.317233  0.935386  -0.156256  0.239945  0.238572  0.941015  0.009295  0.006767  0.001864  0.000000  0.000000  0.000000  1.000000  
110.719957 -0.014049  -0.015020  -0.005249  0.917491  0.261028  -0.300124  -0.317233  0.935386  -0.156256  0.239945  0.238572  0.941015  0.009191  0.006665  0.001791  0.000000  0.000000  0.000000  1.000000  
110.721205 -0.014037  -0.015012  -0.005246  0.917556  0.260835  -0.300092  -0.317044  0.935440  -0.156317  0.239945  0.238572  0.941015  0.009170  0.006660  0.001792  0.000000  0.000000  0.000000  1.000000  
110.722455 -0.014023  -0.015001  -0.005242  0.917587  0.260902  -0.299942  -0.317054  0.935449  -0.156245  0.239815  0.238466  0.941075  0.009419  0.006872  0.001921  0.000000  0.000000  0.000000  1.000000  
110.723707 -0.014006  -0.014987  -0.005240  0.917587  0.260902  -0.299942  -0.317054  0.935449  -0.156245  0.239815  0.238466  0.941075  0.009766  0.007240  0.001936  0.000000  0.000000  0.000000  1.000000  
110.724954 -0.013986  -0.014970  -0.005237  0.917617  0.260969  -0.299791  -0.317065  0.935457  -0.156173  0.239685  0.238360  0.941135  0.010438  0.007907  0.002044  0.000000  0.000000  0.000000  1.000000  
110.725955 -0.013967  -0.014954  -0.005234  0.917682  0.260776  -0.299759  -0.316876  0.935511  -0.156234  0.239685  0.238360  0.941135  0.011456  0.008858  0.002197  0.000000  0.000000  0.000000  1.000000  
110.727205 -0.013942  -0.014931  -0.005230  0.917682  0.260812  -0.299727  -0.316876  0.935530  -0.156121  0.239685  0.238246  0.941164  0.012182  0.009536  0.002377  0.000000  0.000000  0.000000  1.000000  
110.728457 -0.013919  -0.014910  -0.005225  0.917682  0.260849  -0.299695  -0.316876  0.935549  -0.156007  0.239685  0.238131  0.941193  0.012817  0.010273  0.002533  0.000000  0.000000  0.000000  1.000000  
110.729457 -0.013902  -0.014895  -0.005221  0.917682  0.260849  -0.299695  -0.316876  0.935549  -0.156007  0.239685  0.238131  0.941193  0.013419  0.010916  0.002661  0.000000  0.000000  0.000000  1.000000  
110.730462 -0.013887  -0.014881  -0.005218  0.917682  0.260849  -0.299695  -0.316876  0.935549  -0.156007  0.239685  0.238131  0.941193  0.013983  0.011600  0.002605  0.000000  0.000000  0.000000  1.000000  
110.731713 -0.013866  -0.014863  -0.005213  0.917652  0.260819  -0.299814  -0.316865  0.935559  -0.155966  0.239815  0.238124  0.941162  0.014324  0.012152  0.002681  0.000000  0.000000  0.000000  1.000000  
110.732957 -0.013847  -0.014843  -0.005208  0.917652  0.260819  -0.299814  -0.316865  0.935559  -0.155966  0.239815  0.238124  0.941162  0.014629  0.012635  0.002848  0.000000  0.000000  0.000000  1.000000  
110.733960 -0.013835  -0.014830  -0.005203  0.917652  0.260819  -0.299814  -0.316865  0.935559  -0.155966  0.239815  0.238124  0.941162  0.014911  0.013146  0.003171  0.000000  0.000000  0.000000  1.000000  
110.735210 -0.013823  -0.014815  -0.005196  0.917622  0.260788  -0.299934  -0.316855  0.935570  -0.155925  0.239945  0.238116  0.941131  0.015031  0.013670  0.003513  0.000000  0.000000  0.000000  1.000000  
110.736461 -0.013809  -0.014799  -0.005190  0.917687  0.260559  -0.299933  -0.316666  0.935604  -0.156100  0.239945  0.238230  0.941102  0.015138  0.014162  0.003731  0.000000  0.000000  0.000000  1.000000  
110.737704 -0.013789  -0.014778  -0.005184  0.917656  0.260529  -0.300052  -0.316656  0.935615  -0.156059  0.240075  0.238222  0.941071  0.015421  0.014725  0.003991  0.000000  0.000000  0.000000  1.000000  
110.738704 -0.013773  -0.014761  -0.005180  0.917656  0.260529  -0.300052  -0.316656  0.935615  -0.156059  0.240075  0.238222  0.941071  0.015570  0.015075  0.003995  0.000000  0.000000  0.000000  1.000000  
110.739706 -0.013756  -0.014744  -0.005176  0.917691  0.260307  -0.300139  -0.316456  0.935679  -0.156080  0.240205  0.238214  0.941040  0.015590  0.015354  0.004128  0.000000  0.000000  0.000000  1.000000  
110.740954 -0.013737  -0.014723  -0.005172  0.917756  0.260150  -0.300075  -0.316267  0.935751  -0.156028  0.240205  0.238100  0.941069  0.015381  0.015388  0.004130  0.000000  0.000000  0.000000  1.000000  
110.741955 -0.013721  -0.014707  -0.005169  0.917726  0.260120  -0.300194  -0.316257  0.935762  -0.155987  0.240335  0.238092  0.941037  0.014928  0.015232  0.004171  0.000000  0.000000  0.000000  1.000000  
110.743204 -0.013702  -0.014687  -0.005163  0.917761  0.259897  -0.300281  -0.316057  0.935825  -0.156008  0.240465  0.238084  0.941006  0.014675  0.015142  0.004189  0.000000  0.000000  0.000000  1.000000  
110.744455 -0.013685  -0.014669  -0.005159  0.917765  0.259681  -0.300456  -0.315847  0.935919  -0.155874  0.240724  0.237954  0.940973  0.014479  0.015041  0.004090  0.000000  0.000000  0.000000  1.000000  
110.745704 -0.013670  -0.014655  -0.005155  0.917799  0.259458  -0.300543  -0.315648  0.935982  -0.155895  0.240854  0.237946  0.940941  0.014204  0.014850  0.004111  0.000000  0.000000  0.000000  1.000000  
110.746711 -0.013660  -0.014644  -0.005151  0.917834  0.259199  -0.300661  -0.315449  0.936027  -0.156030  0.240984  0.238053  0.940881  0.013781  0.014549  0.004138  0.000000  0.000000  0.000000  1.000000  
110.747712 -0.013650  -0.014634  -0.005147  0.917868  0.258976  -0.300748  -0.315249  0.936091  -0.156051  0.241114  0.238045  0.940850  0.013321  0.014194  0.004126  0.000000  0.000000  0.000000  1.000000  
110.748712 -0.013641  -0.014623  -0.005141  0.917807  0.258916  -0.300986  -0.315228  0.936112  -0.155969  0.241374  0.238029  0.940787  0.013159  0.014052  0.004164  0.000000  0.000000  0.000000  1.000000  
110.749963 -0.013629  -0.014610  -0.005135  0.917841  0.258656  -0.301104  -0.315029  0.936156  -0.156104  0.241504  0.238135  0.940727  0.013127  0.013947  0.004167  0.000000  0.000000  0.000000  1.000000  
110.751209 -0.013615  -0.014595  -0.005128  0.917910  0.258211  -0.301278  -0.314630  0.936283  -0.156146  0.241763  0.238119  0.940665  0.013141  0.013792  0.004170  0.000000  0.000000  0.000000  1.000000  
110.752458 -0.013598  -0.014580  -0.005123  0.917944  0.257988  -0.301365  -0.314430  0.936347  -0.156167  0.241893  0.238111  0.940633  0.012948  0.013460  0.004133  0.000000  0.000000  0.000000  1.000000  
110.753704 -0.013579  -0.014562  -0.005116  0.917948  0.257735  -0.301571  -0.314220  0.936421  -0.156148  0.242153  0.238095  0.940570  0.012895  0.013293  0.004256  0.000000  0.000000  0.000000  1.000000  
110.754704 -0.013564  -0.014547  -0.005111  0.917951  0.257482  -0.301777  -0.314010  0.936494  -0.156128  0.242412  0.238079  0.940508  0.012808  0.013119  0.004365  0.000000  0.000000  0.000000  1.000000  
110.755706 -0.013550  -0.014533  -0.005104  0.917985  0.257259  -0.301864  -0.313811  0.936557  -0.156150  0.242542  0.238071  0.940476  0.012676  0.012917  0.004616  0.000000  0.000000  0.000000  1.000000  
110.756954 -0.013534  -0.014517  -0.005097  0.918052  0.256849  -0.302007  -0.313412  0.936703  -0.156079  0.242802  0.237941  0.940442  0.012514  0.012619  0.004788  0.000000  0.000000  0.000000  1.000000  
110.758205 -0.013519  -0.014504  -0.005088  0.918055  0.256633  -0.302182  -0.313202  0.936795  -0.155947  0.243061  0.237811  0.940408  0.012248  0.012147  0.005057  0.000000  0.000000  0.000000  1.000000  
110.759454 -0.013505  -0.014493  -0.005080  0.918058  0.256380  -0.302388  -0.312992  0.936869  -0.155928  0.243321  0.237795  0.940345  0.011989  0.011783  0.005305  0.000000  0.000000  0.000000  1.000000  
110.760455 -0.013496  -0.014484  -0.005073  0.918027  0.256386  -0.302476  -0.312981  0.936898  -0.155773  0.243451  0.237673  0.940342  0.011806  0.011617  0.005574  0.000000  0.000000  0.000000  1.000000  
110.761707 -0.013485  -0.014473  -0.005065  0.918030  0.256170  -0.302651  -0.312771  0.936990  -0.155641  0.243710  0.237543  0.940308  0.011642  0.011440  0.005707  0.000000  0.000000  0.000000  1.000000  
110.762959 -0.013473  -0.014462  -0.005056  0.918033  0.255917  -0.302857  -0.312561  0.937063  -0.155622  0.243970  0.237527  0.940244  0.011696  0.011301  0.005942  0.000000  0.000000  0.000000  1.000000  
110.764213 -0.013460  -0.014448  -0.005047  0.918035  0.255701  -0.303032  -0.312351  0.937155  -0.155490  0.244229  0.237397  0.940210  0.011785  0.011301  0.006138  0.000000  0.000000  0.000000  1.000000  
110.765214 -0.013448  -0.014437  -0.005039  0.918069  0.255514  -0.303088  -0.312152  0.937237  -0.155398  0.244359  0.237275  0.940207  0.011949  0.011356  0.006332  0.000000  0.000000  0.000000  1.000000  
110.766462 -0.013431  -0.014422  -0.005029  0.918007  0.255491  -0.303295  -0.312131  0.937276  -0.155203  0.244618  0.237145  0.940172  0.012021  0.011316  0.006558  0.000000  0.000000  0.000000  1.000000  
110.767716 -0.013414  -0.014406  -0.005018  0.918009  0.255312  -0.303440  -0.311921  0.937387  -0.154957  0.244878  0.236901  0.940166  0.012007  0.011296  0.006861  0.000000  0.000000  0.000000  1.000000  
110.768955 -0.013395  -0.014389  -0.005007  0.917947  0.255325  -0.303616  -0.311900  0.937445  -0.154649  0.245137  0.236657  0.940160  0.012000  0.011258  0.007241  0.000000  0.000000  0.000000  1.000000  
110.769958 -0.013381  -0.014375  -0.004996  0.917949  0.255109  -0.303791  -0.311689  0.937536  -0.154517  0.245397  0.236527  0.940125  0.011933  0.011136  0.007559  0.000000  0.000000  0.000000  1.000000  
110.771205 -0.013365  -0.014360  -0.004982  0.917887  0.255160  -0.303937  -0.311668  0.937613  -0.154095  0.245656  0.236169  0.940147  0.011891  0.011094  0.007945  0.000000  0.000000  0.000000  1.000000  
110.772454 -0.013351  -0.014347  -0.004968  0.917857  0.254951  -0.304200  -0.311448  0.937733  -0.153809  0.246045  0.235917  0.940109  0.011787  0.010958  0.008333  0.000000  0.000000  0.000000  1.000000  
110.773704 -0.013339  -0.014335  -0.004955  0.917795  0.255002  -0.304346  -0.311426  0.937809  -0.153386  0.246305  0.235559  0.940131  0.011623  0.010943  0.008618  0.000000  0.000000  0.000000  1.000000  
110.774705 -0.013329  -0.014325  -0.004944  0.917797  0.254860  -0.304460  -0.311216  0.937938  -0.153027  0.246564  0.235201  0.940153  0.011661  0.011037  0.008978  0.000000  0.000000  0.000000  1.000000  
110.775712 -0.013319  -0.014314  -0.004933  0.917734  0.254874  -0.304636  -0.311195  0.937995  -0.152719  0.246823  0.234956  0.940146  0.011700  0.011168  0.009250  0.000000  0.000000  0.000000  1.000000  
110.776954 -0.013307  -0.014300  -0.004919  0.917672  0.254926  -0.304782  -0.311174  0.938071  -0.152297  0.247083  0.234598  0.940167  0.011777  0.011408  0.009680  0.075688  0.170895  -0.180202  1.000000  
110.777954 -0.013297  -0.014290  -0.004906  0.917673  0.254784  -0.304896  -0.310964  0.938199  -0.151937  0.247342  0.234240  0.940188  0.011750  0.011463  0.009985  0.087778  0.170917  -0.180149  1.000000  
110.778954 -0.013286  -0.014278  -0.004894  0.917642  0.254828  -0.304953  -0.310953  0.938245  -0.151669  0.247471  0.234004  0.940213  0.011805  0.011573  0.010356  0.097527  0.172564  -0.173673  1.000000  
110.779959 -0.013274  -0.014264  -0.004880  0.917579  0.254880  -0.305099  -0.310932  0.938321  -0.151247  0.247731  0.233646  0.940233  0.011795  0.011691  0.010753  0.113675  0.176910  -0.174728  1.000000  
110.780960 -0.013260  -0.014250  -0.004867  0.917547  0.254961  -0.305125  -0.310921  0.938386  -0.150865  0.247860  0.233296  0.940286  0.011831  0.011901  0.011098  0.130209  0.177307  -0.162024  1.000000  
110.781964 -0.013246  -0.014234  -0.004852  0.917580  0.254887  -0.305090  -0.310722  0.938521  -0.150432  0.247990  0.232832  0.940367  0.011861  0.012085  0.011573  0.146466  0.177303  -0.161937  1.000000  
110.783214 -0.013229  -0.014217  -0.004834  0.917517  0.254976  -0.305204  -0.310700  0.938614  -0.149896  0.248249  0.232359  0.940416  0.011757  0.012109  0.012006  0.164430  0.178965  -0.155375  1.000000  
110.784457 -0.013215  -0.014200  -0.004815  0.917487  0.254880  -0.305377  -0.310480  0.938787  -0.149269  0.248638  0.231765  0.940459  0.011485  0.012102  0.012466  0.184807  0.183410  -0.156430  1.000000  
110.785459 -0.013204  -0.014188  -0.004799  0.917456  0.254709  -0.305611  -0.310259  0.938924  -0.148869  0.249027  0.231399  0.940447  0.011296  0.012096  0.012799  0.197011  0.192168  -0.158569  1.000000  
110.786708 -0.013191  -0.014174  -0.004780  0.917457  0.254680  -0.305633  -0.310048  0.939104  -0.148168  0.249286  0.230699  0.940550  0.011227  0.012094  0.013134  0.219063  0.193854  -0.151969  1.000000  
110.787955 -0.013179  -0.014161  -0.004762  0.917425  0.254584  -0.305806  -0.309828  0.939276  -0.147540  0.249675  0.230104  0.940593  0.011145  0.012148  0.013410  0.235367  0.198301  -0.152996  1.000000  
110.789204 -0.013167  -0.014148  -0.004742  0.917426  0.254555  -0.305829  -0.309617  0.939455  -0.146839  0.249934  0.229404  0.940695  0.011088  0.012122  0.013839  0.255947  0.195104  -0.158098  1.000000  
110.790204 -0.013158  -0.014137  -0.004727  0.917426  0.254489  -0.305883  -0.309407  0.939616  -0.146252  0.250193  0.228818  0.940769  0.011026  0.012148  0.014165  0.274388  0.201170  -0.160434  1.000000  
110.791454 -0.013146  -0.014123  -0.004707  0.917426  0.254461  -0.305906  -0.309197  0.939794  -0.145551  0.250452  0.228117  0.940870  0.011026  0.012225  0.014515  0.296329  0.199550  -0.159015  1.000000  
110.792704 -0.013135  -0.014108  -0.004686  0.917490  0.254238  -0.305900  -0.308798  0.940024  -0.144912  0.250711  0.227417  0.940971  0.010901  0.012292  0.014896  0.317524  0.199726  -0.166800  1.000000  
110.793704 -0.013125  -0.014095  -0.004670  0.917522  0.253950  -0.306044  -0.308388  0.940245  -0.144347  0.251100  0.226822  0.941010  0.010921  0.012356  0.015184  0.329362  0.205216  -0.173944  1.000000  
110.794955 -0.013110  -0.014078  -0.004649  0.917585  0.253766  -0.306008  -0.307988  0.940491  -0.143595  0.251359  0.226007  0.941137  0.010907  0.012398  0.015399  0.351858  0.203691  -0.180275  1.000000  
110.796228 -0.013095  -0.014061  -0.004627  0.917584  0.253524  -0.306211  -0.307568  0.940756  -0.142762  0.251877  0.225177  0.941198  0.010678  0.012251  0.015715  0.375510  0.210871  -0.196697  1.000000  
110.797456 -0.013082  -0.014046  -0.004606  0.917615  0.253348  -0.306265  -0.307158  0.941027  -0.141855  0.252265  0.224240  0.941318  0.010511  0.012102  0.015948  0.399165  0.212103  -0.202572  1.000000  
110.798458 -0.013072  -0.014035  -0.004588  0.917645  0.253098  -0.306381  -0.306748  0.941262  -0.141176  0.252653  0.223532  0.941382  0.010291  0.011916  0.016122  0.415299  0.215152  -0.218230  1.000000  
110.799461 -0.013064  -0.014025  -0.004570  0.917675  0.252849  -0.306497  -0.306338  0.941497  -0.140498  0.253042  0.222823  0.941446  0.010044  0.011703  0.016302  0.429855  0.218054  -0.225703  1.000000  
110.800463 -0.013055  -0.014015  -0.004553  0.917704  0.252637  -0.306584  -0.305928  0.941749  -0.139705  0.253430  0.222000  0.941536  0.009954  0.011523  0.016408  0.446596  0.223674  -0.240645  1.000000  
110.801708 -0.013044  -0.014003  -0.004531  0.917732  0.252212  -0.306850  -0.305307  0.942087  -0.138781  0.254077  0.221048  0.941585  0.009804  0.011360  0.016564  0.467568  0.229438  -0.255665  1.000000  
110.802956 -0.013034  -0.013992  -0.004510  0.917759  0.251788  -0.307118  -0.304687  0.942423  -0.137858  0.254724  0.220095  0.941634  0.009636  0.011207  0.016736  0.482697  0.238012  -0.278217  1.000000  
110.804204 -0.013026  -0.013982  -0.004490  0.917785  0.251402  -0.307356  -0.304066  0.942775  -0.136820  0.255371  0.219028  0.941707  0.009415  0.011079  0.016813  0.501747  0.244564  -0.298249  1.000000  
110.805208 -0.013018  -0.013972  -0.004473  0.917780  0.251163  -0.307565  -0.303646  0.943031  -0.135988  0.255888  0.218198  0.941759  0.009347  0.010999  0.016902  0.520344  0.249575  -0.308097  1.000000  
110.806454 -0.013008  -0.013959  -0.004453  0.917805  0.250778  -0.307806  -0.303025  0.943379  -0.134951  0.256535  0.217131  0.941830  0.009263  0.010917  0.016946  0.535061  0.260455  -0.328908  1.000000  
110.807455 -0.012998  -0.013948  -0.004435  0.917799  0.250541  -0.308016  -0.302604  0.943633  -0.134118  0.257052  0.216301  0.941880  0.009329  0.010879  0.017011  0.553993  0.265664  -0.339038  1.000000  
110.808705 -0.012986  -0.013934  -0.004414  0.917822  0.250158  -0.308259  -0.301983  0.943979  -0.133081  0.257699  0.215234  0.941948  0.009275  0.010729  0.017038  0.573104  0.278752  -0.362532  1.000000  
110.809706 -0.012975  -0.013922  -0.004397  0.917877  0.249765  -0.308414  -0.301373  0.944298  -0.132198  0.258216  0.214289  0.942022  0.009160  0.010591  0.017098  0.588283  0.285542  -0.382445  1.000000  
110.810954 -0.012963  -0.013908  -0.004377  0.917866  0.249393  -0.308748  -0.300742  0.944665  -0.131007  0.258991  0.213101  0.942078  0.008985  0.010367  0.017012  0.606265  0.298206  -0.405076  1.000000  
110.812208 -0.012951  -0.013895  -0.004356  0.917854  0.249022  -0.309084  -0.300110  0.945030  -0.129817  0.259767  0.211912  0.942133  0.008875  0.010243  0.016905  0.626886  0.312882  -0.421815  1.000000  
110.813285 -0.012942  -0.013886  -0.004340  0.917812  0.248836  -0.309358  -0.299678  0.945317  -0.128716  0.260413  0.210845  0.942194  0.008747  0.010042  0.016730  0.644705  0.326553  -0.433422  1.000000  
110.814461 -0.012932  -0.013875  -0.004320  0.917798  0.248504  -0.309667  -0.299046  0.945694  -0.127411  0.261188  0.209543  0.942270  0.008829  0.009990  0.016640  0.669337  0.336326  -0.456767  1.000000  
110.815713 -0.012921  -0.013865  -0.004300  0.917749  0.248185  -0.310066  -0.298404  0.946093  -0.125953  0.262092  0.208118  0.942335  0.008761  0.009861  0.016562  0.694085  0.351287  -0.473471  1.000000  
110.816959 -0.012910  -0.013854  -0.004279  0.917699  0.247830  -0.310497  -0.297761  0.946473  -0.124609  0.262995  0.206808  0.942371  0.008801  0.009809  0.016561  0.710704  0.370672  -0.491174  1.000000  
110.818209 -0.012899  -0.013842  -0.004260  0.917682  0.247540  -0.310780  -0.297129  0.946857  -0.123190  0.263770  0.205391  0.942465  0.008969  0.009882  0.016449  0.735459  0.381331  -0.506808  1.000000  
110.819469 -0.012886  -0.013830  -0.004241  0.917663  0.247251  -0.311064  -0.296497  0.947239  -0.121771  0.264544  0.203974  0.942556  0.009194  0.009938  0.016295  0.755856  0.396282  -0.523204  1.000000  
110.820704 -0.012873  -0.013816  -0.004221  0.917610  0.246938  -0.311470  -0.295854  0.947626  -0.120313  0.265447  0.202550  0.942609  0.009411  0.010066  0.016294  0.776239  0.414000  -0.530092  1.000000  
110.821704 -0.012860  -0.013804  -0.004206  0.917563  0.246759  -0.311751  -0.295422  0.947900  -0.119213  0.266092  0.201483  0.942656  0.009701  0.010096  0.016105  0.793004  0.429647  -0.543632  1.000000  
110.822953 -0.012843  -0.013790  -0.004187  0.917473  0.246461  -0.312250  -0.294768  0.948305  -0.117602  0.267124  0.199937  0.942693  0.010017  0.010131  0.016009  0.815387  0.455167  -0.555524  1.000000  
110.823955 -0.012830  -0.013778  -0.004171  0.917485  0.246127  -0.312479  -0.294146  0.948640  -0.116451  0.267768  0.198757  0.942760  0.010168  0.010136  0.015900  0.833676  0.462954  -0.563504  1.000000  
110.825204 -0.012813  -0.013765  -0.004152  0.917427  0.245858  -0.312861  -0.293503  0.949030  -0.114879  0.268671  0.197219  0.942826  0.010470  0.010111  0.015784  0.856101  0.479782  -0.573368  1.000000  
110.826453 -0.012797  -0.013752  -0.004132  0.917334  0.245565  -0.313364  -0.292849  0.949426  -0.113268  0.269702  0.195673  0.942854  0.010728  0.010051  0.015770  0.873598  0.499809  -0.586868  1.000000  
110.827456 -0.012784  -0.013743  -0.004117  0.917308  0.245247  -0.313688  -0.292216  0.949776  -0.111965  0.270474  0.194371  0.942902  0.011028  0.010010  0.015699  0.892637  0.517736  -0.593902  1.000000  
110.828457 -0.012770  -0.013734  -0.004101  0.917281  0.244931  -0.314014  -0.291584  0.950123  -0.110662  0.271247  0.193069  0.942947  0.011339  0.010027  0.015716  0.909662  0.524202  -0.604260  1.000000  
110.829457 -0.012757  -0.013725  -0.004084  0.917287  0.244679  -0.314191  -0.290962  0.950473  -0.109282  0.271891  0.191660  0.943049  0.011653  0.010033  0.015750  0.931929  0.532204  -0.612047  1.000000  
110.830463 -0.012744  -0.013717  -0.004069  0.917259  0.244403  -0.314490  -0.290330  0.950828  -0.107863  0.272664  0.190244  0.943113  0.011991  0.010036  0.015652  0.949605  0.544707  -0.624708  1.000000  
110.831723 -0.012727  -0.013705  -0.004050  0.917253  0.243985  -0.314829  -0.289497  0.951265  -0.106241  0.273565  0.188592  0.943184  0.012419  0.010097  0.015535  0.971393  0.552682  -0.632015  1.000000  
110.832957 -0.012709  -0.013692  -0.004031  0.917282  0.243631  -0.315021  -0.288676  0.951702  -0.104542  0.274337  0.186833  0.943309  0.012884  0.010155  0.015553  0.998225  0.556856  -0.638940  1.000000  
110.833960 -0.012693  -0.013682  -0.004016  0.917249  0.243359  -0.315325  -0.288043  0.952049  -0.103124  0.275109  0.185417  0.943364  0.013257  0.010212  0.015528  1.018158  0.566346  -0.640026  1.000000  
110.835215 -0.012673  -0.013668  -0.003996  0.917240  0.242984  -0.315641  -0.287211  0.952487  -0.101387  0.276009  0.183651  0.943446  0.013727  0.010234  0.015518  1.042643  0.573301  -0.654073  1.000000  
110.836455 -0.012652  -0.013655  -0.003975  0.917264  0.242672  -0.315810  -0.286389  0.952925  -0.099572  0.276780  0.181778  0.943583  0.014039  0.010119  0.015668  1.069020  0.577374  -0.660600  1.000000  
110.837704 -0.012632  -0.013643  -0.003955  0.917311  0.242143  -0.316082  -0.285368  0.953417  -0.097784  0.277680  0.179898  0.943679  0.014259  0.009969  0.015710  1.089465  0.584564  -0.674544  1.000000  
110.838954 -0.012612  -0.013630  -0.003933  0.917297  0.241811  -0.316377  -0.284535  0.953854  -0.095931  0.278580  0.178018  0.943771  0.014542  0.009864  0.015847  1.117573  0.594420  -0.675376  1.000000  
110.839957 -0.012596  -0.013621  -0.003916  0.917352  0.241450  -0.316491  -0.283724  0.954249  -0.094385  0.279222  0.176381  0.943888  0.014686  0.009736  0.016019  1.137888  0.596991  -0.688401  1.000000  
110.841204 -0.012577  -0.013612  -0.003894  0.917371  0.241182  -0.316641  -0.282903  0.954682  -0.092454  0.279993  0.174393  0.944029  0.014864  0.009497  0.016118  1.164204  0.596851  -0.693884  1.000000  
110.842204 -0.012562  -0.013605  -0.003877  0.917425  0.240822  -0.316760  -0.282092  0.955071  -0.090907  0.280635  0.172756  0.944139  0.014984  0.009399  0.016235  1.182943  0.594532  -0.701217  1.000000  
110.843209 -0.012548  -0.013598  -0.003859  0.917419  0.240660  -0.316899  -0.281470  0.955406  -0.089295  0.281277  0.171119  0.944246  0.015028  0.009189  0.016341  1.203842  0.595666  -0.708478  1.000000  
110.844454 -0.012530  -0.013589  -0.003838  0.917528  0.240260  -0.316887  -0.280471  0.955880  -0.087350  0.281919  0.169024  0.944432  0.015112  0.009076  0.016382  1.225208  0.588579  -0.717752  1.000000  
110.845455 -0.012516  -0.013582  -0.003822  0.917542  0.239843  -0.317162  -0.279649  0.956254  -0.085882  0.282689  0.167495  0.944475  0.015209  0.008951  0.016485  1.232920  0.591280  -0.730492  1.000000  
110.846476 -0.012502  -0.013575  -0.003805  0.917591  0.239488  -0.317290  -0.278838  0.956628  -0.084335  0.283331  0.165858  0.944571  0.015260  0.008792  0.016615  1.252388  0.586926  -0.739937  1.000000  
110.847751 -0.012483  -0.013566  -0.003784  0.917659  0.239030  -0.317436  -0.277827  0.957085  -0.082469  0.284101  0.163871  0.944687  0.015219  0.008542  0.016699  1.267264  0.580750  -0.750253  1.000000  
110.848960 -0.012464  -0.013556  -0.003762  0.917726  0.238652  -0.317528  -0.276817  0.957556  -0.080370  0.284870  0.161655  0.944837  0.015240  0.008294  0.016902  1.293668  0.579014  -0.764746  1.000000  
110.850209 -0.012446  -0.013548  -0.003740  0.917828  0.238295  -0.317502  -0.275817  0.958015  -0.078307  0.285512  0.159445  0.945019  0.015129  0.008025  0.017052  1.321382  0.570470  -0.773203  1.000000  
110.851458 -0.012427  -0.013540  -0.003718  0.917891  0.237957  -0.317572  -0.274806  0.958484  -0.076091  0.286281  0.157114  0.945176  0.014961  0.007637  0.017181  1.349770  0.569571  -0.785089  1.000000  
110.852705 -0.012409  -0.013532  -0.003697  0.917916  0.237562  -0.317795  -0.273785  0.958943  -0.073955  0.287178  0.154892  0.945271  0.014877  0.007323  0.017194  1.369835  0.564299  -0.796097  1.000000  
110.853956 -0.012391  -0.013526  -0.003675  0.917959  0.237030  -0.318070  -0.272563  0.959469  -0.071616  0.288203  0.152435  0.945358  0.014733  0.006940  0.017155  1.399879  0.566630  -0.815093  1.000000  
110.855204 -0.012374  -0.013521  -0.003655  0.917980  0.236716  -0.318243  -0.271541  0.959932  -0.069247  0.289100  0.149984  0.945477  0.014546  0.006553  0.017100  1.427943  0.568037  -0.821457  1.000000  
110.856205 -0.012360  -0.013517  -0.003639  0.918036  0.236231  -0.318442  -0.270530  0.960342  -0.067497  0.289869  0.148113  0.945536  0.014468  0.006304  0.016979  1.444097  0.565022  -0.838900  1.000000  
110.857454 -0.012344  -0.013513  -0.003620  0.918053  0.235883  -0.318651  -0.269509  0.960785  -0.065245  0.290765  0.145777  0.945624  0.014386  0.005997  0.016839  1.464125  0.564026  -0.844524  1.000000  
110.858704 -0.012327  -0.013508  -0.003600  0.918086  0.235321  -0.318971  -0.268287  0.961275  -0.063022  0.291789  0.143436  0.945667  0.014267  0.005731  0.016707  1.485329  0.568911  -0.863983  1.000000  
110.859706 -0.012313  -0.013504  -0.003585  0.918081  0.235077  -0.319164  -0.267465  0.961629  -0.061090  0.292557  0.141451  0.945728  0.014266  0.005523  0.016675  1.499662  0.567194  -0.868776  1.000000  
110.860955 -0.012295  -0.013499  -0.003566  0.918092  0.234736  -0.319383  -0.266444  0.962053  -0.058838  0.293452  0.139116  0.945797  0.014272  0.005273  0.016551  1.517376  0.572375  -0.874689  1.000000  
110.862204 -0.012276  -0.013494  -0.003546  0.918119  0.234180  -0.319715  -0.265222  0.962524  -0.056617  0.294475  0.136776  0.945821  0.014301  0.005016  0.016428  1.538178  0.576838  -0.887713  1.000000  
110.863218 -0.012261  -0.013490  -0.003531  0.918088  0.233709  -0.320148  -0.264189  0.962920  -0.054680  0.295498  0.134781  0.945788  0.014341  0.004806  0.016249  1.554664  0.586095  -0.900048  1.000000  
110.864463 -0.012241  -0.013484  -0.003513  0.918086  0.232966  -0.320693  -0.262757  0.963441  -0.052340  0.296776  0.132317  0.945736  0.014410  0.004524  0.016027  1.572059  0.598038  -0.920223  1.000000  
110.865708 -0.012220  -0.013479  -0.003495  0.918050  0.232656  -0.321021  -0.261725  0.963850  -0.049937  0.297798  0.129864  0.945755  0.014537  0.004327  0.015724  1.596161  0.609112  -0.920396  1.000000  
110.866710 -0.012204  -0.013477  -0.003482  0.917997  0.232409  -0.321353  -0.260892  0.964175  -0.047971  0.298692  0.127876  0.945744  0.014597  0.004030  0.015467  1.609552  0.614107  -0.926221  1.000000  
110.867954 -0.012184  -0.013474  -0.003465  0.917972  0.231890  -0.321800  -0.259660  0.964623  -0.045601  0.299841  0.125419  0.945709  0.014768  0.003767  0.015140  1.621297  0.623175  -0.939238  1.000000  
110.868960 -0.012167  -0.013471  -0.003453  0.917968  0.231487  -0.322100  -0.258639  0.964990  -0.043586  0.300734  0.123318  0.945702  0.014954  0.003606  0.014795  1.638578  0.632648  -0.945576  1.000000  
110.870204 -0.012147  -0.013469  -0.003439  0.917976  0.231029  -0.322405  -0.257418  0.965424  -0.041134  0.301755  0.120753  0.945708  0.015175  0.003443  0.014411  1.656584  0.642944  -0.952021  1.000000  
110.871205 -0.012130  -0.013467  -0.003426  0.917968  0.230593  -0.322741  -0.256396  0.965775  -0.039236  0.302648  0.118767  0.945674  0.015385  0.003325  0.014204  1.668066  0.651525  -0.965045  1.000000  
110.872454 -0.012108  -0.013464  -0.003411  0.917932  0.230164  -0.323148  -0.255164  0.966203  -0.036635  0.303795  0.116084  0.945639  0.015700  0.003286  0.013916  1.685671  0.666347  -0.971802  1.000000  
110.873454 -0.012091  -0.013461  -0.003400  0.917959  0.229825  -0.323313  -0.254154  0.966547  -0.034537  0.304560  0.113875  0.945662  0.016018  0.003172  0.013595  1.701459  0.670839  -0.984088  1.000000  
110.874705 -0.012067  -0.013458  -0.003385  0.917918  0.229403  -0.323729  -0.252923  0.966959  -0.031937  0.305707  0.111194  0.945611  0.016366  0.003094  0.013317  1.718824  0.683207  -0.989747  1.000000  
110.875706 -0.012049  -0.013455  -0.003374  0.917901  0.229015  -0.324051  -0.251902  0.967290  -0.029924  0.306598  0.109096  0.945566  0.016677  0.002992  0.013034  1.736358  0.695465  -0.996891  1.000000  
110.876954 -0.012023  -0.013450  -0.003359  0.917895  0.228574  -0.324381  -0.250681  0.967680  -0.027475  0.307617  0.106535  0.945527  0.017104  0.003013  0.012735  1.749768  0.698999  -1.001318  1.000000  
110.877954 -0.012003  -0.013447  -0.003348  0.917822  0.228390  -0.324715  -0.249849  0.967952  -0.025396  0.308508  0.104439  0.945471  0.017421  0.002915  0.012429  1.765194  0.714186  -1.001587  1.000000  
110.878955 -0.011983  -0.013444  -0.003337  0.917800  0.228010  -0.325046  -0.248829  0.968265  -0.023385  0.309399  0.102343  0.945409  0.017698  0.002847  0.012217  1.774689  0.724201  -1.007731  1.000000  
110.879961 -0.011962  -0.013441  -0.003326  0.917724  0.227831  -0.325385  -0.247997  0.968526  -0.021307  0.310289  0.100248  0.945342  0.017988  0.002763  0.011953  1.786430  0.742230  -1.008768  1.000000  
110.881208 -0.011937  -0.013438  -0.003314  0.917618  0.227627  -0.325828  -0.246955  0.968848  -0.018643  0.311434  0.097572  0.945245  0.018349  0.002641  0.011600  1.797833  0.758302  -1.008396  1.000000  
110.882210 -0.011917  -0.013436  -0.003303  0.917539  0.227493  -0.326144  -0.246124  0.969099  -0.016449  0.312324  0.095364  0.945177  0.018617  0.002649  0.011457  1.813142  0.769212  -1.007638  1.000000  
110.883212 -0.011896  -0.013434  -0.003292  0.917508  0.227162  -0.326459  -0.245103  0.969391  -0.014322  0.313213  0.093157  0.945103  0.018956  0.002648  0.011289  1.818250  0.770539  -1.012171  1.000000  
110.884455 -0.011871  -0.013432  -0.003279  0.917486  0.226781  -0.326787  -0.243884  0.969733  -0.011760  0.314230  0.090488  0.945025  0.019285  0.002604  0.011156  1.829938  0.777831  -1.010649  1.000000  
110.885455 -0.011849  -0.013430  -0.003269  0.917452  0.226415  -0.327137  -0.242864  0.970011  -0.009752  0.315119  0.088397  0.944927  0.019580  0.002573  0.011063  1.831515  0.783809  -1.016066  1.000000  
110.886704 -0.011822  -0.013427  -0.003256  0.917383  0.226069  -0.327568  -0.241633  0.970342  -0.007042  0.316261  0.085611  0.944801  0.019943  0.002551  0.010977  1.846506  0.795340  -1.014575  1.000000  
110.887711 -0.011801  -0.013424  -0.003246  0.917386  0.225839  -0.327720  -0.240625  0.970607  -0.004714  0.317023  0.083182  0.944763  0.020222  0.002603  0.010827  1.863640  0.796678  -1.018878  1.000000  
110.888955 -0.011774  -0.013421  -0.003233  0.917312  0.225539  -0.328132  -0.239395  0.970921  -0.001887  0.318165  0.080284  0.944630  0.020533  0.002576  0.010744  1.883577  0.804220  -1.017223  1.000000  
110.890207 -0.011747  -0.013417  -0.003220  0.917326  0.225093  -0.328399  -0.237987  0.971268  0.000957  0.319179  0.077277  0.944538  0.020784  0.002602  0.010638  1.898456  0.809968  -1.028055  1.000000  
110.891454 -0.011719  -0.013414  -0.003208  0.917288  0.224771  -0.328726  -0.236768  0.971559  0.003632  0.320193  0.074500  0.944418  0.021048  0.002551  0.010478  1.914076  0.812877  -1.025739  1.000000  
110.892455 -0.011697  -0.013411  -0.003198  0.917289  0.224302  -0.329044  -0.235560  0.971842  0.005804  0.321080  0.072186  0.944297  0.021153  0.002452  0.010342  1.927231  0.814363  -1.030150  1.000000  
110.893705 -0.011669  -0.013409  -0.003185  0.917287  0.223995  -0.329257  -0.234352  0.972115  0.008446  0.321967  0.069415  0.944203  0.021252  0.002330  0.010291  1.937523  0.805476  -1.025856  1.000000  
110.894954 -0.011642  -0.013407  -0.003173  0.917290  0.223563  -0.329545  -0.232945  0.972424  0.011287  0.322981  0.066412  0.944073  0.021345  0.002276  0.010255  1.949927  0.803138  -1.028886  1.000000  
110.895956 -0.011621  -0.013406  -0.003162  0.917235  0.223302  -0.329872  -0.231927  0.972639  0.013524  0.323867  0.064101  0.943929  0.021381  0.002224  0.010252  1.964890  0.803315  -1.034104  1.000000  
110.896959 -0.011600  -0.013403  -0.003152  0.917179  0.223044  -0.330203  -0.230908  0.972848  0.015760  0.324753  0.061791  0.943778  0.021445  0.002219  0.010227  1.976114  0.805615  -1.031948  1.000000  
110.897963 -0.011579  -0.013402  -0.003141  0.917168  0.222629  -0.330514  -0.229701  0.973094  0.018046  0.325638  0.059368  0.943629  0.021458  0.002154  0.010214  1.982472  0.810990  -1.042918  1.000000  
110.899208 -0.011553  -0.013400  -0.003128  0.917112  0.222410  -0.330816  -0.228484  0.973322  0.020952  0.326650  0.056371  0.943463  0.021505  0.002165  0.010239  1.998174  0.809781  -1.040029  1.000000  
110.900212 -0.011532  -0.013398  -0.003118  0.917050  0.222200  -0.331130  -0.227466  0.973507  0.023304  0.327535  0.053950  0.943297  0.021485  0.002185  0.010289  2.013141  0.812027  -1.037639  1.000000  
110.901457 -0.011505  -0.013395  -0.003104  0.916993  0.221741  -0.331595  -0.226049  0.973767  0.026051  0.328673  0.051068  0.943062  0.021492  0.002190  0.010294  2.023027  0.819289  -1.042383  1.000000  
110.902458 -0.011484  -0.013392  -0.003095  0.916926  0.221538  -0.331916  -0.225032  0.973937  0.028401  0.329557  0.048650  0.942881  0.021518  0.002179  0.010249  2.029677  0.821599  -1.039785  1.000000  
110.903711 -0.011458  -0.013389  -0.003083  0.916863  0.221167  -0.332337  -0.223616  0.974172  0.031382  0.330694  0.045542  0.942639  0.021408  0.002170  0.010199  2.042501  0.824187  -1.043382  1.000000  
110.904955 -0.011432  -0.013386  -0.003070  0.916796  0.220760  -0.332790  -0.222200  0.974399  0.034244  0.331830  0.042551  0.942379  0.021366  0.002108  0.010159  2.052110  0.831551  -1.047815  1.000000  
110.906209 -0.011406  -0.013384  -0.003058  0.916727  0.220439  -0.333195  -0.220785  0.974607  0.037340  0.332966  0.039334  0.942118  0.021175  0.002063  0.010166  2.072587  0.834011  -1.051133  1.000000  
110.907454 -0.011380  -0.013381  -0.003046  0.916697  0.220087  -0.333510  -0.219381  0.974807  0.040287  0.333975  0.036234  0.941885  0.021095  0.002027  0.010164  2.090041  0.836811  -1.055010  1.000000  
110.908455 -0.011361  -0.013380  -0.003036  0.916617  0.219901  -0.333851  -0.218365  0.974936  0.042632  0.334858  0.033824  0.941661  0.020904  0.002011  0.010137  2.095777  0.835640  -1.057521  1.000000  
110.909705 -0.011337  -0.013378  -0.003024  0.916450  0.219749  -0.334411  -0.217129  0.975072  0.045704  0.336118  0.030725  0.941319  0.020690  0.001945  0.010074  2.115476  0.847983  -1.055591  1.000000  
110.910954 -0.011313  -0.013376  -0.003012  0.916278  0.219562  -0.335002  -0.215893  0.975204  0.048655  0.337378  0.027743  0.940960  0.020586  0.001948  0.010022  2.121292  0.854494  -1.065595  1.000000  
110.911956 -0.011293  -0.013375  -0.003003  0.916192  0.219428  -0.335325  -0.214878  0.975302  0.051114  0.338259  0.025223  0.940715  0.020508  0.001923  0.009929  2.132607  0.857215  -1.063210  1.000000  
110.912959 -0.011273  -0.013373  -0.002992  0.916060  0.219254  -0.335801  -0.213852  0.975401  0.053483  0.339267  0.022818  0.940413  0.020401  0.001930  0.009936  2.139193  0.863189  -1.062470  1.000000  
110.914210 -0.011248  -0.013371  -0.002981  0.915925  0.219166  -0.336227  -0.212628  0.975490  0.056637  0.340399  0.019616  0.940076  0.020297  0.001932  0.009797  2.157879  0.870765  -1.059394  1.000000  
110.915211 -0.011229  -0.013369  -0.002971  0.915832  0.219042  -0.336559  -0.211613  0.975565  0.059093  0.341280  0.017101  0.939806  0.020245  0.001941  0.009771  2.173232  0.873350  -1.056951  1.000000  
110.916462 -0.011205  -0.013366  -0.002959  0.915736  0.218924  -0.336897  -0.210400  0.975641  0.062098  0.342286  0.014018  0.939491  0.020039  0.001906  0.009677  2.184207  0.872103  -1.053558  1.000000  
110.917705 -0.011180  -0.013364  -0.002946  0.915593  0.218890  -0.337308  -0.209176  0.975691  0.065366  0.343417  0.010708  0.939122  0.019900  0.001825  0.009746  2.196014  0.881441  -1.049394  1.000000  
110.918707 -0.011161  -0.013362  -0.002936  0.915449  0.218817  -0.337746  -0.208152  0.975732  0.067964  0.344422  0.008085  0.938780  0.019775  0.001801  0.009777  2.206876  0.887521  -1.048204  1.000000  
110.919720 -0.011142  -0.013361  -0.002926  0.915347  0.218750  -0.338065  -0.207138  0.975766  0.070533  0.345301  0.005464  0.938476  0.019613  0.001745  0.009803  2.213076  0.889923  -1.045024  1.000000  
110.920955 -0.011119  -0.013359  -0.002913  0.915284  0.218488  -0.338406  -0.205738  0.975837  0.073581  0.346305  0.002276  0.938119  0.019500  0.001648  0.009827  2.225353  0.893748  -1.042310  1.000000  
110.922207 -0.011096  -0.013359  -0.002900  0.915130  0.218391  -0.338885  -0.204516  0.975861  0.076605  0.347435  -0.000796  0.937704  0.019314  0.001518  0.009910  2.238612  0.901669  -1.032724  1.000000  
110.923454 -0.011073  -0.013358  -0.002887  0.914927  0.218299  -0.339491  -0.203285  0.975874  0.079655  0.348689  -0.003865  0.937230  0.019192  0.001439  0.009916  2.249890  0.918436  -1.030084  1.000000  
110.924705 -0.011051  -0.013359  -0.002874  0.914763  0.218095  -0.340065  -0.201865  0.975901  0.082869  0.349943  -0.007158  0.936744  0.019061  0.001279  0.009981  2.260855  0.930849  -1.026843  1.000000  
110.925954 -0.011029  -0.013359  -0.002861  0.914599  0.218097  -0.340503  -0.200645  0.975871  0.086124  0.351071  -0.010449  0.936291  0.018908  0.001175  0.010063  2.275207  0.934941  -1.021962  1.000000  
110.926955 -0.011011  -0.013359  -0.002851  0.914437  0.218097  -0.340937  -0.199623  0.975838  0.088828  0.352073  -0.013169  0.935880  0.018799  0.001038  0.010122  2.290547  0.942204  -1.019297  1.000000  
110.927956 -0.010993  -0.013359  -0.002841  0.914320  0.218099  -0.341251  -0.198611  0.975797  0.091504  0.352949  -0.015888  0.935508  0.018664  0.000939  0.010133  2.304315  0.945239  -1.010037  1.000000  
