1-Time 2-Px 3-Py 4-Pz 5-R11 6-R21 7-R31 8-R12 9-R22 10-R32 11-R13 12-R23 13-R33 14-Vx 15-Vy 16-Vz 17-Wx 18-Wy 19-Wz 20-state
133.175225 0.002577  -0.020465  -0.024011  0.570146  0.654845  0.496096  -0.820068  0.417465  0.391422  0.049218  -0.630000  0.775034  -0.005534  -0.018269  0.008836  -0.249672  -0.091586  -0.192471  1.000000  
133.176342 0.002573  -0.020477  -0.024009  0.570318  0.654771  0.495995  -0.819956  0.417717  0.391388  0.049084  -0.629910  0.775115  -0.004780  -0.014938  0.003597  0.000000  0.000000  0.000000  1.000000  
133.177346 0.002572  -0.020485  -0.023993  0.570318  0.654832  0.495916  -0.819956  0.417764  0.391338  0.049084  -0.629816  0.775192  -0.002580  -0.011506  0.010218  0.000000  0.000000  0.000000  1.000000  
133.178591 0.002573  -0.020492  -0.023964  0.570491  0.654818  0.495736  -0.819844  0.418063  0.391253  0.048951  -0.629632  0.775349  -0.001276  -0.008864  0.015700  0.000000  0.000000  0.000000  1.000000  
133.179607 0.002573  -0.020498  -0.023945  0.570491  0.654878  0.495656  -0.819844  0.418111  0.391203  0.048951  -0.629538  0.775426  -0.001015  -0.008071  0.016605  0.000000  0.000000  0.000000  1.000000  
133.180656 0.002571  -0.020504  -0.023929  0.570663  0.654864  0.495476  -0.819732  0.418409  0.391118  0.048817  -0.629354  0.775584  -0.001182  -0.007728  0.016142  0.000000  0.000000  0.000000  1.000000  
133.181838 0.002568  -0.020510  -0.023914  0.570667  0.654996  0.495297  -0.819737  0.418621  0.390881  0.048683  -0.629076  0.775818  -0.001468  -0.007104  0.015532  0.000000  0.000000  0.000000  1.000000  
133.182838 0.002566  -0.020510  -0.023904  0.570667  0.655116  0.495138  -0.819737  0.418716  0.390779  0.048683  -0.628888  0.775970  -0.001454  -0.006109  0.014750  0.000000  0.000000  0.000000  1.000000  
133.183840 0.002563  -0.020509  -0.023896  0.570671  0.655128  0.495118  -0.819743  0.418832  0.390643  0.048550  -0.628798  0.776052  -0.001686  -0.005308  0.013976  0.000000  0.000000  0.000000  1.000000  
133.184843 0.002558  -0.020511  -0.023887  0.570671  0.655248  0.494959  -0.819743  0.418927  0.390541  0.048550  -0.628610  0.776204  -0.002042  -0.004925  0.013465  0.000000  0.000000  0.000000  1.000000  
133.185855 0.002552  -0.020515  -0.023874  0.570671  0.655308  0.494880  -0.819743  0.418974  0.390491  0.048550  -0.628516  0.776280  -0.002378  -0.004866  0.013321  0.000000  0.000000  0.000000  1.000000  
133.187100 0.002546  -0.020520  -0.023855  0.570840  0.655282  0.494720  -0.819625  0.419156  0.390542  0.048550  -0.628421  0.776357  -0.002678  -0.004749  0.013567  0.000000  0.000000  0.000000  1.000000  
133.188347 0.002541  -0.020521  -0.023836  0.570836  0.655390  0.494581  -0.819620  0.419135  0.390576  0.048683  -0.628323  0.776428  -0.002773  -0.004341  0.013765  0.000000  0.000000  0.000000  1.000000  
133.189595 0.002538  -0.020518  -0.023816  0.570671  0.655488  0.494641  -0.819743  0.419116  0.390338  0.048550  -0.628233  0.776509  -0.002793  -0.003780  0.013931  0.000000  0.000000  0.000000  1.000000  
133.190669 0.002537  -0.020514  -0.023796  0.570671  0.655488  0.494641  -0.819743  0.419116  0.390338  0.048550  -0.628233  0.776509  -0.002628  -0.003032  0.014497  0.000000  0.000000  0.000000  1.000000  
133.191845 0.002537  -0.020507  -0.023763  0.570671  0.655488  0.494641  -0.819743  0.419116  0.390338  0.048550  -0.628233  0.776509  -0.002352  -0.001564  0.016019  0.000000  0.000000  0.000000  1.000000  
133.193097 0.002542  -0.020497  -0.023730  0.570671  0.655488  0.494641  -0.819743  0.419116  0.390338  0.048550  -0.628233  0.776509  -0.002092  -0.000539  0.016470  0.000000  0.000000  0.000000  1.000000  
133.194342 0.002545  -0.020485  -0.023707  0.570671  0.655548  0.494562  -0.819743  0.419164  0.390287  0.048550  -0.628139  0.776585  -0.001805  0.000734  0.016170  0.000000  0.000000  0.000000  1.000000  
133.195590 0.002545  -0.020472  -0.023691  0.570667  0.655656  0.494423  -0.819737  0.419142  0.390322  0.048683  -0.628040  0.776656  -0.001691  0.002200  0.015960  0.000000  0.000000  0.000000  1.000000  
133.196839 0.002541  -0.020458  -0.023673  0.570667  0.655716  0.494343  -0.819737  0.419189  0.390271  0.048683  -0.627946  0.776733  -0.001797  0.003522  0.016101  0.000000  0.000000  0.000000  1.000000  
133.198089 0.002537  -0.020443  -0.023650  0.570836  0.655750  0.494104  -0.819620  0.419419  0.390271  0.048683  -0.627758  0.776885  -0.001898  0.004401  0.016800  0.000000  0.000000  0.000000  1.000000  
133.199095 0.002534  -0.020433  -0.023623  0.570836  0.655810  0.494024  -0.819620  0.419466  0.390220  0.048683  -0.627664  0.776961  -0.001764  0.005202  0.018170  0.000000  0.000000  0.000000  1.000000  
133.200339 0.002528  -0.020423  -0.023582  0.571001  0.655891  0.493725  -0.819497  0.419627  0.390305  0.048817  -0.627471  0.777108  -0.001824  0.005952  0.019969  0.000000  0.000000  0.000000  1.000000  
133.201339 0.002521  -0.020416  -0.023545  0.571169  0.655925  0.493486  -0.819379  0.419857  0.390305  0.048817  -0.627282  0.777260  -0.001962  0.006732  0.021489  0.000000  0.000000  0.000000  1.000000  
133.202346 0.002514  -0.020406  -0.023509  0.571334  0.655946  0.493267  -0.819256  0.419970  0.390441  0.048951  -0.627184  0.777331  -0.002056  0.007775  0.022959  0.000000  0.000000  0.000000  1.000000  
133.203598 0.002509  -0.020389  -0.023473  0.571503  0.655979  0.493027  -0.819139  0.420200  0.390441  0.048951  -0.626995  0.777483  -0.002079  0.008862  0.024077  0.000000  0.000000  0.000000  1.000000  
133.204847 0.002507  -0.020370  -0.023444  0.571668  0.656000  0.492808  -0.819016  0.420314  0.390576  0.049084  -0.626897  0.777554  -0.002050  0.009853  0.024608  0.000000  0.000000  0.000000  1.000000  
133.205848 0.002505  -0.020356  -0.023421  0.571837  0.655974  0.492648  -0.818898  0.420496  0.390627  0.049084  -0.626803  0.777630  -0.002135  0.010516  0.024529  0.000000  0.000000  0.000000  1.000000  
133.207108 0.002502  -0.020342  -0.023393  0.572005  0.655947  0.492488  -0.818780  0.420679  0.390677  0.049084  -0.626708  0.777706  -0.002493  0.010951  0.024163  0.000000  0.000000  0.000000  1.000000  
133.208343 0.002499  -0.020326  -0.023366  0.572342  0.655773  0.492327  -0.818545  0.420949  0.390880  0.049084  -0.626708  0.777706  -0.002985  0.011271  0.024017  0.000000  0.000000  0.000000  1.000000  
133.209589 0.002494  -0.020312  -0.023343  0.572679  0.655660  0.492086  -0.818309  0.421266  0.391031  0.049084  -0.626614  0.777782  -0.003457  0.011338  0.024050  0.000000  0.000000  0.000000  1.000000  
133.210839 0.002487  -0.020299  -0.023318  0.572844  0.655621  0.491946  -0.818185  0.421332  0.391218  0.049218  -0.626610  0.777777  -0.003834  0.011326  0.024874  0.000000  0.000000  0.000000  1.000000  
133.212089 0.002476  -0.020290  -0.023288  0.573181  0.655448  0.491785  -0.817950  0.421602  0.391421  0.049218  -0.626610  0.777777  -0.004263  0.010961  0.025587  0.000000  0.000000  0.000000  1.000000  
133.213339 0.002466  -0.020284  -0.023251  0.573514  0.655382  0.491484  -0.817708  0.421851  0.391657  0.049352  -0.626511  0.777848  -0.004707  0.010475  0.026224  0.000000  0.000000  0.000000  1.000000  
133.214339 0.002456  -0.020278  -0.023220  0.573850  0.655268  0.491244  -0.817472  0.422168  0.391808  0.049352  -0.626417  0.777924  -0.005154  0.010300  0.026595  0.000000  0.000000  0.000000  1.000000  
133.215344 0.002447  -0.020271  -0.023189  0.574183  0.655201  0.490943  -0.817230  0.422417  0.392044  0.049485  -0.626319  0.777995  -0.005409  0.010194  0.026030  0.000000  0.000000  0.000000  1.000000  
133.216589 0.002437  -0.020260  -0.023154  0.574519  0.655146  0.490623  -0.816994  0.422782  0.392144  0.049485  -0.626130  0.778147  -0.005468  0.010315  0.025388  0.000000  0.000000  0.000000  1.000000  
133.217591 0.002431  -0.020249  -0.023132  0.574852  0.655139  0.490242  -0.816752  0.423078  0.392328  0.049619  -0.625937  0.778294  -0.005475  0.010330  0.024668  -0.109243  0.127664  -0.108494  1.000000  
133.218603 0.002426  -0.020235  -0.023112  0.575188  0.655084  0.489922  -0.816515  0.423443  0.392427  0.049619  -0.625748  0.778445  -0.005573  0.010204  0.024026  -0.114811  0.137268  -0.120080  1.000000  
133.219610 0.002423  -0.020220  -0.023092  0.575352  0.655164  0.489622  -0.816391  0.423605  0.392511  0.049753  -0.625555  0.778592  -0.005688  0.010211  0.023801  -0.123601  0.152874  -0.125168  1.000000  
133.220851 0.002418  -0.020201  -0.023060  0.575689  0.655108  0.489301  -0.816154  0.423970  0.392609  0.049753  -0.625366  0.778744  -0.005905  0.010314  0.024118  -0.132478  0.161588  -0.135992  1.000000  
133.222094 0.002412  -0.020185  -0.023019  0.576021  0.655160  0.488841  -0.815911  0.424314  0.392742  0.049886  -0.625079  0.778966  -0.006014  0.010473  0.024964  -0.145432  0.173771  -0.143992  1.000000  
133.223095 0.002407  -0.020174  -0.022984  0.576357  0.655044  0.488600  -0.815674  0.424632  0.392891  0.049886  -0.624984  0.779042  -0.006269  0.010311  0.025895  -0.148961  0.180942  -0.153500  1.000000  
133.224369 0.002399  -0.020161  -0.022941  0.576689  0.655036  0.488219  -0.815431  0.424928  0.393075  0.050020  -0.624791  0.779188  -0.006478  0.010211  0.027171  -0.154823  0.194400  -0.162595  1.000000  
133.225590 0.002388  -0.020148  -0.022901  0.576853  0.655115  0.487919  -0.815307  0.425090  0.393157  0.050153  -0.624598  0.779335  -0.006744  0.010202  0.028271  -0.158106  0.197246  -0.166778  1.000000  
133.226839 0.002375  -0.020138  -0.022863  0.577017  0.655194  0.487619  -0.815183  0.425252  0.393239  0.050287  -0.624404  0.779481  -0.006838  0.010356  0.028827  -0.160820  0.204102  -0.166827  1.000000  
133.228089 0.002364  -0.020127  -0.022828  0.577180  0.655273  0.487319  -0.815059  0.425415  0.393322  0.050421  -0.624211  0.779627  -0.006860  0.010599  0.028692  -0.163873  0.210151  -0.167994  1.000000  
133.229090 0.002358  -0.020118  -0.022802  0.577348  0.655245  0.487158  -0.814940  0.425597  0.393370  0.050421  -0.624116  0.779703  -0.006672  0.010814  0.028337  -0.162889  0.212729  -0.172005  1.000000  
133.230339 0.002352  -0.020104  -0.022772  0.577512  0.655324  0.486858  -0.814815  0.425759  0.393453  0.050554  -0.623923  0.779849  -0.006296  0.011155  0.027757  -0.160178  0.214412  -0.173472  1.000000  
133.231339 0.002348  -0.020090  -0.022748  0.577680  0.655295  0.486698  -0.814696  0.425942  0.393501  0.050554  -0.623828  0.779925  -0.006042  0.011486  0.027484  -0.160177  0.214389  -0.173497  1.000000  
133.232417 0.002346  -0.020074  -0.022724  0.577676  0.655461  0.486478  -0.814691  0.425969  0.393483  0.050688  -0.623635  0.780071  -0.005729  0.011807  0.027518  -0.163619  0.209612  -0.167812  1.000000  
133.233589 0.002344  -0.020053  -0.022689  0.577672  0.655628  0.486259  -0.814685  0.425997  0.393465  0.050822  -0.623441  0.780217  -0.005464  0.012148  0.028264  -0.162314  0.207501  -0.158717  1.000000  
133.234839 0.002342  -0.020033  -0.022646  0.577836  0.655706  0.485958  -0.814561  0.426159  0.393547  0.050955  -0.623248  0.780362  -0.005311  0.012259  0.029344  -0.166387  0.207465  -0.158749  1.000000  
133.235849 0.002340  -0.020016  -0.022607  0.578003  0.655795  0.485639  -0.814442  0.426437  0.393491  0.050955  -0.622964  0.780589  -0.005172  0.012324  0.030204  -0.175862  0.209075  -0.160061  1.000000  
133.237098 0.002339  -0.019994  -0.022556  0.577999  0.656020  0.485340  -0.814436  0.426513  0.393421  0.051089  -0.622676  0.780810  -0.004846  0.012737  0.030780  -0.182254  0.206599  -0.150723  1.000000  
133.238100 0.002338  -0.019977  -0.022516  0.578163  0.656157  0.484959  -0.814312  0.426723  0.393451  0.051222  -0.622387  0.781032  -0.004595  0.013190  0.031133  -0.195574  0.207371  -0.143733  1.000000  
133.239348 0.002334  -0.019955  -0.022472  0.578159  0.656440  0.484580  -0.814306  0.426846  0.393329  0.051356  -0.622004  0.781328  -0.004324  0.013759  0.031334  -0.207114  0.202188  -0.130191  1.000000  
133.240355 0.002331  -0.019937  -0.022441  0.578159  0.656617  0.484342  -0.814306  0.426989  0.393174  0.051356  -0.621720  0.781554  -0.003882  0.014300  0.031150  -0.218950  0.194284  -0.127609  1.000000  
133.241593 0.002327  -0.019913  -0.022403  0.578323  0.656812  0.483881  -0.814182  0.427247  0.393152  0.051490  -0.621336  0.781851  -0.003275  0.015200  0.031183  -0.235015  0.193528  -0.119504  1.000000  
133.242838 0.002325  -0.019888  -0.022364  0.578486  0.656948  0.483501  -0.814057  0.427458  0.393181  0.051623  -0.621047  0.782071  -0.002784  0.016052  0.031407  -0.241210  0.191917  -0.118573  1.000000  
133.243838 0.002326  -0.019868  -0.022329  0.578482  0.657172  0.483201  -0.814051  0.427533  0.393111  0.051757  -0.620758  0.782292  -0.002215  0.016868  0.031952  -0.248618  0.186813  -0.105127  1.000000  
133.244838 0.002326  -0.019848  -0.022292  0.578646  0.657308  0.482820  -0.813926  0.427744  0.393140  0.051891  -0.620469  0.782512  -0.001855  0.017505  0.032724  -0.256377  0.182504  -0.099814  1.000000  
133.246088 0.002328  -0.019820  -0.022245  0.578814  0.657395  0.482500  -0.813807  0.428022  0.393084  0.051891  -0.620184  0.782738  -0.001420  0.018239  0.033973  -0.264120  0.178206  -0.094505  1.000000  
133.247089 0.002329  -0.019797  -0.022206  0.578810  0.657560  0.482280  -0.813802  0.428050  0.393065  0.052024  -0.619990  0.782883  -0.001108  0.018718  0.035002  -0.263460  0.169639  -0.083838  1.000000  
133.248338 0.002332  -0.019769  -0.022158  0.578977  0.657648  0.481960  -0.813682  0.428328  0.393009  0.052024  -0.619705  0.783108  -0.000789  0.019262  0.035824  -0.263094  0.165325  -0.078536  1.000000  
133.249340 0.002334  -0.019746  -0.022121  0.579140  0.657783  0.481579  -0.813558  0.428539  0.393037  0.052158  -0.619416  0.783328  -0.000561  0.019665  0.036144  -0.266955  0.164612  -0.070488  1.000000  
133.250343 0.002336  -0.019723  -0.022086  0.579308  0.657870  0.481259  -0.813438  0.428818  0.392980  0.052158  -0.619131  0.783554  -0.000329  0.020092  0.036105  -0.274915  0.161022  -0.073270  1.000000  
133.251590 0.002338  -0.019695  -0.022042  0.579471  0.658004  0.480877  -0.813313  0.429029  0.393009  0.052291  -0.618841  0.783774  -0.000115  0.020551  0.035651  -0.274582  0.160219  -0.065190  1.000000  
133.252595 0.002339  -0.019671  -0.022010  0.579635  0.658139  0.480496  -0.813188  0.429240  0.393037  0.052425  -0.618552  0.783993  0.000039  0.021011  0.034994  -0.280607  0.157227  -0.060371  1.000000  
133.253598 0.002338  -0.019647  -0.021980  0.579969  0.658195  0.480015  -0.812950  0.429701  0.393026  0.052425  -0.618171  0.784293  0.000210  0.021493  0.034479  -0.291214  0.156337  -0.060084  1.000000  
133.254847 0.002337  -0.019618  -0.021941  0.580133  0.658388  0.479554  -0.812824  0.429960  0.393002  0.052559  -0.617786  0.784588  0.000398  0.021904  0.034326  -0.296534  0.152860  -0.055065  1.000000  
133.256096 0.002335  -0.019588  -0.021898  0.580463  0.658549  0.478931  -0.812580  0.430402  0.393024  0.052692  -0.617306  0.784957  0.000466  0.022367  0.034737  -0.313201  0.153602  -0.063323  1.000000  
133.257100 0.002334  -0.019563  -0.021859  0.580794  0.658652  0.478389  -0.812335  0.430797  0.393098  0.052826  -0.616921  0.785250  0.000526  0.022745  0.035320  -0.321673  0.161372  -0.065987  1.000000  
133.258105 0.002332  -0.019536  -0.021815  0.581124  0.658755  0.477846  -0.812090  0.431192  0.393171  0.052959  -0.616535  0.785544  0.000449  0.023138  0.036030  -0.334552  0.169891  -0.076843  1.000000  
133.259339 0.002331  -0.019503  -0.021757  0.581454  0.658972  0.477144  -0.811845  0.431682  0.393139  0.053093  -0.615959  0.785987  0.000376  0.023701  0.036916  -0.352577  0.176311  -0.078930  1.000000  
133.260589 0.002331  -0.019468  -0.021701  0.581784  0.659074  0.476601  -0.811600  0.432078  0.393211  0.053227  -0.615573  0.786280  0.000199  0.024234  0.037489  -0.364051  0.182039  -0.085071  1.000000  
133.261589 0.002329  -0.019439  -0.021661  0.582114  0.659175  0.476058  -0.811354  0.432473  0.393283  0.053360  -0.615187  0.786573  -0.000002  0.024676  0.037605  -0.372590  0.186294  -0.090556  1.000000  
133.262589 0.002328  -0.019410  -0.021624  0.582444  0.659276  0.475515  -0.811109  0.432868  0.393355  0.053494  -0.614801  0.786866  -0.000193  0.025097  0.037520  -0.382413  0.196749  -0.097863  1.000000  
133.263596 0.002326  -0.019380  -0.021589  0.582774  0.659376  0.474971  -0.810863  0.433264  0.393426  0.053628  -0.614415  0.787158  -0.000495  0.025609  0.037349  -0.394011  0.202567  -0.104139  1.000000  
133.264838 0.002323  -0.019343  -0.021545  0.583270  0.659444  0.474267  -0.810497  0.433843  0.393541  0.053761  -0.613933  0.787525  -0.000835  0.026068  0.037292  -0.404056  0.213618  -0.119520  1.000000  
133.265839 0.002320  -0.019316  -0.021509  0.583600  0.659543  0.473723  -0.810251  0.434239  0.393611  0.053895  -0.613546  0.787817  -0.001192  0.026421  0.037306  -0.408606  0.221383  -0.122270  1.000000  
133.266841 0.002314  -0.019290  -0.021472  0.583925  0.659633  0.473198  -0.809999  0.434521  0.393819  0.054162  -0.613251  0.788029  -0.001587  0.026622  0.037540  -0.413378  0.233311  -0.130330  1.000000  
133.268089 0.002306  -0.019256  -0.021423  0.584421  0.659699  0.472493  -0.809632  0.435100  0.393933  0.054296  -0.612768  0.788395  -0.002151  0.026902  0.038103  -0.418227  0.241744  -0.141245  1.000000  
133.269114 0.002300  -0.019230  -0.021382  0.584746  0.659845  0.471887  -0.809380  0.435430  0.394088  0.054563  -0.612377  0.788681  -0.002539  0.027090  0.038950  -0.422136  0.255551  -0.150497  1.000000  
133.270347 0.002292  -0.019196  -0.021330  0.585070  0.660047  0.471201  -0.809127  0.435808  0.394189  0.054830  -0.611889  0.789041  -0.002944  0.027434  0.039796  -0.427833  0.269051  -0.154763  1.000000  
133.271348 0.002286  -0.019169  -0.021286  0.585566  0.660055  0.470575  -0.808760  0.436341  0.394353  0.054964  -0.611502  0.789332  -0.003218  0.027581  0.040125  -0.432003  0.279639  -0.166992  1.000000  
133.272600 0.002281  -0.019132  -0.021232  0.585890  0.660256  0.469889  -0.808506  0.436719  0.394453  0.055231  -0.611014  0.789691  -0.003459  0.027865  0.040210  -0.440490  0.287294  -0.169752  1.000000  
133.273840 0.002277  -0.019093  -0.021180  0.586385  0.660319  0.469182  -0.808138  0.437300  0.394564  0.055364  -0.610531  0.790055  -0.003702  0.028246  0.039942  -0.445842  0.300058  -0.186274  1.000000  
133.274844 0.002275  -0.019061  -0.021139  0.586875  0.660429  0.468414  -0.807764  0.437815  0.394759  0.055632  -0.610042  0.790414  -0.003833  0.028544  0.039597  -0.454742  0.311978  -0.194504  1.000000  
133.276088 0.002271  -0.019020  -0.021089  0.587199  0.660685  0.467646  -0.807510  0.438243  0.394804  0.055899  -0.609458  0.790846  -0.003968  0.028905  0.039469  -0.471559  0.323286  -0.194598  1.000000  
133.277089 0.002267  -0.018987  -0.021049  0.587689  0.660793  0.466877  -0.807135  0.438758  0.394998  0.056166  -0.608969  0.791203  -0.004079  0.029173  0.039482  -0.480516  0.335226  -0.202871  1.000000  
133.278089 0.002264  -0.018954  -0.021008  0.588016  0.660944  0.466251  -0.806887  0.439204  0.395009  0.056299  -0.608484  0.791566  -0.004302  0.029368  0.039941  -0.493553  0.347207  -0.211157  1.000000  
133.279339 0.002258  -0.018913  -0.020953  0.588506  0.661164  0.465321  -0.806512  0.439817  0.395095  0.056567  -0.607803  0.792071  -0.004435  0.029673  0.040684  -0.506478  0.356155  -0.217693  1.000000  
133.280339 0.002253  -0.018882  -0.020904  0.588829  0.661360  0.464632  -0.806257  0.440197  0.395191  0.056834  -0.607313  0.792427  -0.004627  0.029947  0.041680  -0.515027  0.367322  -0.217808  1.000000  
133.281589 0.002245  -0.018844  -0.020839  0.589318  0.661522  0.463782  -0.805881  0.440762  0.395328  0.057101  -0.606727  0.792857  -0.004674  0.030232  0.042870  -0.527944  0.379103  -0.226070  1.000000  
133.282839 0.002238  -0.018805  -0.020775  0.589802  0.661787  0.462788  -0.805498  0.441310  0.395497  0.057502  -0.606039  0.793353  -0.004646  0.030565  0.043937  -0.540913  0.390450  -0.226409  1.000000  
133.283841 0.002233  -0.018774  -0.020726  0.590294  0.661786  0.462160  -0.805128  0.441845  0.395654  0.057635  -0.605650  0.793641  -0.004582  0.030868  0.044507  -0.541459  0.402095  -0.234596  1.000000  
133.285089 0.002228  -0.018733  -0.020669  0.590782  0.661945  0.461308  -0.804750  0.442412  0.395789  0.057902  -0.605063  0.794070  -0.004398  0.031304  0.044798  -0.549977  0.409646  -0.237508  1.000000  
133.286095 0.002226  -0.018701  -0.020624  0.591105  0.662138  0.460617  -0.804495  0.442794  0.395881  0.058170  -0.604572  0.794424  -0.004137  0.031669  0.044935  -0.554393  0.417163  -0.240377  1.000000  
133.287100 0.002224  -0.018667  -0.020581  0.591427  0.662275  0.460007  -0.804239  0.443128  0.396027  0.058437  -0.604177  0.794705  -0.003914  0.032023  0.044893  -0.554476  0.420568  -0.237846  1.000000  
133.288347 0.002223  -0.018625  -0.020526  0.591914  0.662431  0.459154  -0.803861  0.443695  0.396160  0.058704  -0.603589  0.795132  -0.003728  0.032215  0.044920  -0.559535  0.431646  -0.242838  1.000000  
133.289594 0.002223  -0.018583  -0.020471  0.592401  0.662587  0.458301  -0.803482  0.444263  0.396291  0.058971  -0.603000  0.795558  -0.003482  0.032384  0.045189  -0.559989  0.439226  -0.245865  1.000000  
133.290600 0.002222  -0.018550  -0.020424  0.592722  0.662777  0.457610  -0.803225  0.444646  0.396382  0.059238  -0.602508  0.795911  -0.003303  0.032428  0.045720  -0.568071  0.442539  -0.243261  1.000000  
133.291604 0.002222  -0.018516  -0.020376  0.593048  0.662919  0.456981  -0.802975  0.445095  0.396386  0.059372  -0.602020  0.796270  -0.003124  0.032459  0.046300  -0.571738  0.438133  -0.237991  1.000000  
133.292840 0.002219  -0.018476  -0.020313  0.593530  0.663120  0.456064  -0.802589  0.445599  0.396601  0.059772  -0.601426  0.796689  -0.003041  0.032354  0.047108  -0.576647  0.449556  -0.238413  1.000000  
133.294089 0.002216  -0.018437  -0.020247  0.594016  0.663327  0.455129  -0.802210  0.446216  0.396675  0.060039  -0.600740  0.797187  -0.002874  0.032264  0.047805  -0.584949  0.449396  -0.238744  1.000000  
133.295339 0.002213  -0.018397  -0.020181  0.594667  0.663386  0.454192  -0.801707  0.446922  0.396896  0.060307  -0.600150  0.797611  -0.002636  0.032313  0.048129  -0.590084  0.458190  -0.245625  1.000000  
133.296589 0.002209  -0.018358  -0.020117  0.595147  0.663638  0.453193  -0.801320  0.447475  0.397053  0.060707  -0.599458  0.798101  -0.002446  0.032391  0.048164  -0.602346  0.464642  -0.244865  1.000000  
133.297839 0.002205  -0.018318  -0.020057  0.595632  0.663787  0.452337  -0.800940  0.448046  0.397179  0.060974  -0.598867  0.798524  -0.002168  0.032486  0.047904  -0.606484  0.468024  -0.242427  1.000000  
133.298839 0.002204  -0.018284  -0.020010  0.596117  0.663935  0.451481  -0.800559  0.448616  0.397303  0.061241  -0.598276  0.798946  -0.001951  0.032650  0.047771  -0.614849  0.476156  -0.249010  1.000000  
133.300090 0.002202  -0.018243  -0.019950  0.596761  0.664037  0.450479  -0.800048  0.449260  0.397605  0.061642  -0.597680  0.799362  -0.001716  0.032713  0.047994  -0.619164  0.483459  -0.251950  1.000000  
133.301339 0.002201  -0.018201  -0.019888  0.597241  0.664284  0.449477  -0.799659  0.449815  0.397758  0.062043  -0.596986  0.799849  -0.001667  0.032776  0.048308  -0.627482  0.486871  -0.249620  1.000000  
133.302358 0.002199  -0.018169  -0.019836  0.597724  0.664374  0.448701  -0.799277  0.450339  0.397934  0.062310  -0.596491  0.800198  -0.001701  0.032620  0.048987  -0.632913  0.494686  -0.257357  1.000000  
133.303604 0.002197  -0.018129  -0.019770  0.598203  0.664566  0.447779  -0.798887  0.450848  0.398140  0.062710  -0.595893  0.800611  -0.001794  0.032478  0.049779  -0.637008  0.501583  -0.252201  1.000000  
133.304845 0.002194  -0.018090  -0.019701  0.598845  0.664663  0.446774  -0.798374  0.451493  0.398437  0.063111  -0.595295  0.801025  -0.001916  0.032254  0.050606  -0.637792  0.509310  -0.255431  1.000000  
133.306097 0.002191  -0.018052  -0.019634  0.599487  0.664759  0.445769  -0.797860  0.452140  0.398733  0.063512  -0.594697  0.801437  -0.002086  0.032010  0.051154  -0.634182  0.516759  -0.258575  1.000000  
133.307341 0.002186  -0.018016  -0.019571  0.600129  0.664854  0.444763  -0.797346  0.452787  0.399028  0.063912  -0.594099  0.801849  -0.002309  0.031709  0.051191  -0.634937  0.524450  -0.261813  1.000000  
133.308358 0.002181  -0.017989  -0.019521  0.600442  0.665080  0.444002  -0.797078  0.453112  0.399193  0.064313  -0.593597  0.802189  -0.002472  0.031387  0.050977  -0.634752  0.527576  -0.259268  1.000000  
133.309589 0.002176  -0.017954  -0.019461  0.601082  0.665173  0.442995  -0.796563  0.453761  0.399486  0.064713  -0.592997  0.802600  -0.002579  0.031149  0.050627  -0.635752  0.535465  -0.262623  1.000000  
133.310839 0.002170  -0.017919  -0.019401  0.601722  0.665318  0.441907  -0.796047  0.454458  0.399722  0.065114  -0.592300  0.803082  -0.002712  0.030834  0.050296  -0.636393  0.539387  -0.268591  1.000000  
133.311841 0.002166  -0.017892  -0.019353  0.602034  0.665542  0.441145  -0.795778  0.454785  0.399885  0.065514  -0.591798  0.803420  -0.002815  0.030542  0.050106  -0.636147  0.542296  -0.258001  1.000000  
133.313089 0.002161  -0.017857  -0.019292  0.602668  0.665733  0.439990  -0.795254  0.455420  0.400204  0.066048  -0.591094  0.803894  -0.002961  0.030154  0.050198  -0.640859  0.549789  -0.261231  1.000000  
133.314340 0.002155  -0.017822  -0.019228  0.603301  0.665921  0.438835  -0.794729  0.456057  0.400522  0.066582  -0.590391  0.804367  -0.003201  0.029744  0.050523  -0.645574  0.560907  -0.261793  1.000000  
133.315356 0.002151  -0.017793  -0.019175  0.603776  0.666102  0.437908  -0.794335  0.456571  0.400718  0.066983  -0.589789  0.804775  -0.003409  0.029295  0.050927  -0.654289  0.572067  -0.262268  1.000000  
133.316588 0.002146  -0.017758  -0.019104  0.604408  0.666235  0.436832  -0.793809  0.457160  0.401088  0.067517  -0.589182  0.805175  -0.003667  0.028973  0.051548  -0.654134  0.582611  -0.266165  1.000000  
133.317590 0.002141  -0.017730  -0.019048  0.605039  0.666367  0.435755  -0.793282  0.457750  0.401457  0.068051  -0.588574  0.805574  -0.003823  0.028729  0.051706  -0.663448  0.597901  -0.272217  1.000000  
133.318604 0.002136  -0.017703  -0.018993  0.605676  0.666397  0.434824  -0.792762  0.458355  0.401795  0.068451  -0.588070  0.805908  -0.004047  0.028288  0.051734  -0.665087  0.610017  -0.277548  1.000000  
133.319843 0.002130  -0.017670  -0.018927  0.606306  0.666579  0.433665  -0.792234  0.458995  0.402106  0.068985  -0.587364  0.806378  -0.004302  0.028040  0.051638  -0.666036  0.621360  -0.278348  1.000000  
133.320844 0.002123  -0.017644  -0.018876  0.606941  0.666659  0.432652  -0.791712  0.459650  0.402386  0.069386  -0.586760  0.806783  -0.004564  0.027738  0.051431  -0.675216  0.632965  -0.287101  1.000000  
133.321849 0.002117  -0.017618  -0.018826  0.607576  0.666738  0.431638  -0.791190  0.460305  0.402664  0.069786  -0.586156  0.807187  -0.004757  0.027741  0.051732  -0.679849  0.644056  -0.287688  1.000000  
133.323097 0.002107  -0.017587  -0.018765  0.608199  0.666912  0.430492  -0.790652  0.460836  0.403112  0.070453  -0.585541  0.807575  -0.005012  0.027243  0.051312  -0.676422  0.655027  -0.288327  1.000000  
133.324344 0.002099  -0.017556  -0.018701  0.608989  0.666993  0.429247  -0.789996  0.461617  0.403505  0.070987  -0.584833  0.808041  -0.005211  0.026958  0.051498  -0.681739  0.670308  -0.294632  1.000000  
133.325591 0.002090  -0.017526  -0.018635  0.609773  0.667120  0.427934  -0.789331  0.462337  0.403982  0.071655  -0.584119  0.808499  -0.005428  0.026641  0.051940  -0.683020  0.689169  -0.298328  1.000000  
133.326839 0.002082  -0.017496  -0.018568  0.610399  0.667241  0.426851  -0.788798  0.462934  0.404340  0.072188  -0.583508  0.808893  -0.005596  0.026379  0.052393  -0.683834  0.696706  -0.301731  1.000000  
133.327841 0.002075  -0.017472  -0.018513  0.611025  0.667310  0.425848  -0.788264  0.463482  0.404752  0.072722  -0.582994  0.809215  -0.005832  0.026103  0.052815  -0.680407  0.707752  -0.302386  1.000000  
133.329089 0.002066  -0.017441  -0.018445  0.611812  0.667333  0.424680  -0.787604  0.464217  0.405195  0.073256  -0.582383  0.809607  -0.006058  0.025803  0.053088  -0.680062  0.717036  -0.306125  1.000000  
133.330339 0.002058  -0.017410  -0.018378  0.612592  0.667454  0.423364  -0.786935  0.464941  0.405664  0.073923  -0.581666  0.810062  -0.006234  0.025542  0.053150  -0.682501  0.734071  -0.309577  1.000000  
133.331591 0.002049  -0.017379  -0.018313  0.613371  0.667522  0.422127  -0.786265  0.465616  0.406188  0.074590  -0.581048  0.810444  -0.006494  0.025218  0.052716  -0.684174  0.746077  -0.310734  1.000000  
133.332595 0.002043  -0.017353  -0.018262  0.613832  0.667732  0.421123  -0.785854  0.466080  0.406452  0.075124  -0.580434  0.810834  -0.006606  0.025080  0.052287  -0.686706  0.750250  -0.308572  1.000000  
133.333841 0.002033  -0.017323  -0.018198  0.614609  0.667848  0.419803  -0.785182  0.466807  0.406916  0.075791  -0.579716  0.811286  -0.006867  0.024895  0.052156  -0.692015  0.765210  -0.314927  1.000000  
133.335089 0.002022  -0.017293  -0.018134  0.615386  0.667962  0.418482  -0.784509  0.467535  0.407378  0.076458  -0.578998  0.811736  -0.007063  0.024708  0.052000  -0.696823  0.776085  -0.315752  1.000000  
133.336095 0.002013  -0.017269  -0.018081  0.616006  0.668072  0.417392  -0.783970  0.468138  0.407724  0.076992  -0.578383  0.812124  -0.007301  0.024521  0.052238  -0.701591  0.787057  -0.316527  1.000000  
133.337347 0.002001  -0.017239  -0.018012  0.616781  0.668183  0.416069  -0.783295  0.468868  0.408182  0.077659  -0.577663  0.812573  -0.007476  0.024423  0.052722  -0.708223  0.800861  -0.322695  1.000000  
133.338596 0.001989  -0.017209  -0.017939  0.617393  0.668388  0.414828  -0.782745  0.469462  0.408553  0.078326  -0.576943  0.813020  -0.007698  0.024370  0.053427  -0.711695  0.809312  -0.318464  1.000000  
133.339596 0.001979  -0.017185  -0.017880  0.618012  0.668494  0.413736  -0.782204  0.470067  0.408894  0.078859  -0.576327  0.813406  -0.007853  0.024326  0.053901  -0.713443  0.815216  -0.321513  1.000000  
133.340837 0.001968  -0.017154  -0.017805  0.618784  0.668600  0.412409  -0.781526  0.470801  0.409346  0.079526  -0.575605  0.813851  -0.008083  0.024369  0.054509  -0.717186  0.827345  -0.322787  1.000000  
133.341844 0.001959  -0.017130  -0.017747  0.619401  0.668703  0.411315  -0.780982  0.471408  0.409684  0.080060  -0.574988  0.814235  -0.008192  0.024412  0.054669  -0.719844  0.837829  -0.331641  1.000000  
133.343090 0.001948  -0.017098  -0.017676  0.620164  0.668852  0.409918  -0.780294  0.472083  0.410218  0.080860  -0.574259  0.814670  -0.008324  0.024493  0.054932  -0.720949  0.848960  -0.332710  1.000000  
133.344339 0.001937  -0.017067  -0.017607  0.620940  0.668905  0.408657  -0.779621  0.472880  0.410580  0.081393  -0.573542  0.815122  -0.008461  0.024583  0.055040  -0.724496  0.853356  -0.339087  1.000000  
133.345339 0.001929  -0.017042  -0.017552  0.621554  0.668954  0.407641  -0.779075  0.473440  0.410970  0.081927  -0.573023  0.815434  -0.008612  0.024542  0.055078  -0.721703  0.861178  -0.342774  1.000000  
133.346589 0.001917  -0.017012  -0.017481  0.622161  0.669099  0.406475  -0.778520  0.473991  0.411387  0.082593  -0.572398  0.815806  -0.008858  0.024476  0.055435  -0.719228  0.863610  -0.340562  1.000000  
133.347591 0.001906  -0.016988  -0.017424  0.622774  0.669146  0.405457  -0.777973  0.474552  0.411774  0.083127  -0.571877  0.816117  -0.009082  0.024380  0.055908  -0.719489  0.866920  -0.338398  1.000000  
133.348839 0.001892  -0.016958  -0.017349  0.623533  0.669288  0.404055  -0.777279  0.475233  0.412299  0.083927  -0.571146  0.816547  -0.009354  0.024326  0.056579  -0.719113  0.871293  -0.336859  1.000000  
133.349841 0.001882  -0.016935  -0.017287  0.624145  0.669381  0.402954  -0.776730  0.475846  0.412626  0.084460  -0.570525  0.816925  -0.009513  0.024254  0.057403  -0.723649  0.878175  -0.340212  1.000000  
133.350843 0.001870  -0.016911  -0.017224  0.624596  0.669523  0.402020  -0.776309  0.476272  0.412927  0.084993  -0.570004  0.817234  -0.009654  0.024206  0.058047  -0.719431  0.877577  -0.332607  1.000000  
133.351877 0.001859  -0.016888  -0.017160  0.625199  0.669613  0.400930  -0.775750  0.476777  0.413395  0.085660  -0.569476  0.817533  -0.009771  0.024129  0.058504  -0.716897  0.887239  -0.332992  1.000000  
133.353098 0.001845  -0.016858  -0.017080  0.625801  0.669799  0.399678  -0.775190  0.477383  0.413745  0.086326  -0.568748  0.817969  -0.009940  0.024188  0.059286  -0.717565  0.883786  -0.328406  1.000000  
133.354100 0.001833  -0.016833  -0.017016  0.626403  0.669935  0.398505  -0.774630  0.477940  0.414152  0.086993  -0.568120  0.818335  -0.010087  0.024209  0.059552  -0.722072  0.890902  -0.323775  1.000000  
133.355346 0.001820  -0.016801  -0.016937  0.627004  0.670118  0.397251  -0.774068  0.478549  0.414499  0.087659  -0.567392  0.818769  -0.010211  0.024343  0.059812  -0.722089  0.886676  -0.318888  1.000000  
133.356347 0.001809  -0.016775  -0.016874  0.627597  0.670251  0.396089  -0.773497  0.478999  0.415046  0.088459  -0.566855  0.819055  -0.010300  0.024486  0.060215  -0.723013  0.901339  -0.317201  1.000000  
133.357620 0.001796  -0.016743  -0.016794  0.628348  0.670380  0.394677  -0.772795  0.479688  0.415556  0.089259  -0.566118  0.819477  -0.010463  0.024439  0.060628  -0.727146  0.904095  -0.315058  1.000000  
133.358844 0.001782  -0.016710  -0.016713  0.628938  0.670558  0.393432  -0.772222  0.480191  0.416042  0.090058  -0.565481  0.819830  -0.010629  0.024624  0.061506  -0.727719  0.907988  -0.305132  1.000000  
133.360089 0.001767  -0.016679  -0.016628  0.629687  0.670684  0.392018  -0.771517  0.480883  0.416548  0.090858  -0.564744  0.820250  -0.010969  0.024630  0.062661  -0.728392  0.911512  -0.303322  1.000000  
133.361090 0.001754  -0.016654  -0.016557  0.630442  0.670665  0.390835  -0.770822  0.481533  0.417084  0.091524  -0.564211  0.820542  -0.011196  0.024645  0.063622  -0.729396  0.918906  -0.306888  1.000000  
133.362339 0.001737  -0.016624  -0.016468  0.631181  0.670787  0.389430  -0.770106  0.482119  0.417730  0.092456  -0.563565  0.820881  -0.011465  0.024611  0.064695  -0.725334  0.930190  -0.308600  1.000000  
133.363339 0.001723  -0.016600  -0.016397  0.631775  0.670865  0.388330  -0.769538  0.482634  0.418183  0.093123  -0.563032  0.821172  -0.011697  0.024645  0.065482  -0.725553  0.933307  -0.306465  1.000000  
133.364339 0.001709  -0.016576  -0.016326  0.632361  0.670989  0.387160  -0.768959  0.483091  0.418718  0.093922  -0.562492  0.821451  -0.011910  0.024666  0.066181  -0.723485  0.940622  -0.301454  1.000000  
133.365344 0.001694  -0.016553  -0.016257  0.633104  0.671013  0.385903  -0.768249  0.483687  0.419332  0.094721  -0.561951  0.821729  -0.012123  0.024699  0.066658  -0.723185  0.951453  -0.302987  1.000000  
133.366589 0.001676  -0.016523  -0.016170  0.633996  0.671030  0.384406  -0.767398  0.484416  0.420050  0.095653  -0.561302  0.822065  -0.012385  0.024706  0.067119  -0.716500  0.962622  -0.304331  1.000000  
133.367597 0.001662  -0.016499  -0.016102  0.634570  0.671198  0.383162  -0.766806  0.484818  0.420665  0.096586  -0.560753  0.822331  -0.012541  0.024747  0.067413  -0.714134  0.973526  -0.296635  1.000000  
133.368604 0.001648  -0.016475  -0.016033  0.635309  0.671218  0.381901  -0.766093  0.485418  0.421273  0.097385  -0.560210  0.822606  -0.012768  0.024725  0.067715  -0.711595  0.988258  -0.303343  1.000000  
133.369842 0.001631  -0.016444  -0.015946  0.636188  0.671324  0.380247  -0.765227  0.486144  0.422009  0.098450  -0.559453  0.822995  -0.012960  0.024651  0.068212  -0.713298  1.003513  -0.302267  1.000000  
133.370852 0.001617  -0.016420  -0.015875  0.636916  0.671389  0.378912  -0.764500  0.486689  0.422697  0.099382  -0.558901  0.823257  -0.013202  0.024556  0.068852  -0.714280  1.017974  -0.300711  1.000000  
133.372095 0.001598  -0.016389  -0.015782  0.637783  0.671539  0.377184  -0.763621  0.487361  0.423512  0.100580  -0.558135  0.823632  -0.013574  0.024400  0.069725  -0.711643  1.036431  -0.297035  1.000000  
133.373096 0.001584  -0.016365  -0.015706  0.638508  0.671601  0.375846  -0.762891  0.487909  0.424196  0.101512  -0.557582  0.823892  -0.013830  0.024323  0.070470  -0.712764  1.051055  -0.295571  1.000000  
133.374344 0.001564  -0.016336  -0.015610  0.639528  0.671646  0.374026  -0.761876  0.488723  0.425082  0.102710  -0.556813  0.824263  -0.014163  0.024123  0.071350  -0.714877  1.073467  -0.297563  1.000000  
133.375347 0.001547  -0.016313  -0.015532  0.640406  0.671604  0.372597  -0.761012  0.489411  0.425838  0.103641  -0.556259  0.824521  -0.014422  0.023983  0.071840  -0.716699  1.092041  -0.301829  1.000000  
133.376592 0.001526  -0.016284  -0.015436  0.641265  0.671746  0.370860  -0.760124  0.490091  0.426640  0.104839  -0.555489  0.824888  -0.014772  0.023818  0.072399  -0.722992  1.114550  -0.303840  1.000000  
133.377837 0.001504  -0.016256  -0.015340  0.642277  0.671785  0.369033  -0.759102  0.490911  0.427516  0.106036  -0.554717  0.825254  -0.015061  0.023777  0.072912  -0.725440  1.133556  -0.308554  1.000000  
133.378839 0.001487  -0.016233  -0.015264  0.643141  0.671785  0.367526  -0.758221  0.491548  0.428347  0.107101  -0.554153  0.825496  -0.015277  0.023684  0.073209  -0.727499  1.155990  -0.310392  1.000000  
133.379841 0.001468  -0.016211  -0.015188  0.644011  0.671736  0.366088  -0.757350  0.492242  0.429091  0.108032  -0.553596  0.825748  -0.015559  0.023586  0.073611  -0.725844  1.178157  -0.320441  1.000000  
133.381088 0.001446  -0.016183  -0.015092  0.645164  0.671714  0.364094  -0.756177  0.493150  0.430116  0.109362  -0.552814  0.826097  -0.015843  0.023409  0.074197  -0.731604  1.205882  -0.326106  1.000000  
133.382089 0.001428  -0.016162  -0.015014  0.646021  0.671709  0.362580  -0.755290  0.493791  0.430937  0.110426  -0.552248  0.826334  -0.016094  0.023268  0.074845  -0.729734  1.224374  -0.330591  1.000000  
133.383338 0.001406  -0.016136  -0.014913  0.647167  0.671639  0.360661  -0.754113  0.494650  0.432013  0.111756  -0.551564  0.826612  -0.016434  0.023007  0.075868  -0.731383  1.261812  -0.341555  1.000000  
133.384589 0.001382  -0.016110  -0.014810  0.648320  0.671518  0.358811  -0.752943  0.495568  0.433000  0.112952  -0.550887  0.826901  -0.016853  0.022704  0.076936  -0.728494  1.280319  -0.351891  1.000000  
133.385593 0.001363  -0.016090  -0.014726  0.649180  0.671459  0.357363  -0.752061  0.496270  0.433728  0.113883  -0.550327  0.827147  -0.017150  0.022399  0.077786  -0.732724  1.302076  -0.364458  1.000000  
133.386844 0.001339  -0.016066  -0.014621  0.650163  0.671484  0.355524  -0.751009  0.496997  0.434718  0.115212  -0.549640  0.827419  -0.017588  0.021991  0.078622  -0.731925  1.324806  -0.367816  1.000000  
133.388092 0.001314  -0.016042  -0.014518  0.651143  0.671507  0.353683  -0.749954  0.497726  0.435704  0.116541  -0.548952  0.827690  -0.017985  0.021540  0.079267  -0.732892  1.346617  -0.374506  1.000000  
133.389103 0.001293  -0.016024  -0.014434  0.651986  0.671491  0.352156  -0.749055  0.498376  0.436506  0.117604  -0.548380  0.827918  -0.018363  0.021128  0.079630  -0.732272  1.368252  -0.379042  1.000000  
133.390338 0.001266  -0.016001  -0.014330  0.652951  0.671558  0.350237  -0.747983  0.499054  0.437568  0.119065  -0.547682  0.828172  -0.018756  0.020766  0.080221  -0.734649  1.387314  -0.375752  1.000000  
133.391375 0.001245  -0.015983  -0.014245  0.653943  0.671436  0.348615  -0.746945  0.499846  0.438436  0.120128  -0.547109  0.828397  -0.018999  0.020376  0.080512  -0.732743  1.407859  -0.385668  1.000000  
