1-Time 2-Px 3-Py 4-Pz 5-R11 6-R21 7-R31 8-R12 9-R22 10-R32 11-R13 12-R23 13-R33 14-Vx 15-Vy 16-Vz 17-Wx 18-Wy 19-Wz 20-state
114.756783 0.012821  0.010518  -0.029792  0.738525  0.313489  0.596912  -0.672257  0.274772  0.687438  0.051490  -0.908969  0.413672  0.000748  -0.000002  -0.002520  0.000000  0.000000  0.000000  1.000000  
114.757966 0.012820  0.010517  -0.029792  0.738525  0.313489  0.596912  -0.672257  0.274772  0.687438  0.051490  -0.908969  0.413672  -0.000780  -0.001766  -0.000540  0.000000  0.000000  0.000000  1.000000  
114.759204 0.012815  0.010506  -0.029765  0.738525  0.313489  0.596912  -0.672257  0.274772  0.687438  0.051490  -0.908969  0.413672  -0.002780  -0.005388  0.011794  0.000000  0.000000  0.000000  1.000000  
114.760210 0.012809  0.010497  -0.029741  0.738525  0.313489  0.596912  -0.672257  0.274772  0.687438  0.051490  -0.908969  0.413672  -0.003667  -0.006589  0.015632  0.000000  0.000000  0.000000  1.000000  
114.761451 0.012804  0.010490  -0.029721  0.738525  0.313489  0.596912  -0.672257  0.274772  0.687438  0.051490  -0.908969  0.413672  -0.003861  -0.006366  0.015627  0.000000  0.000000  0.000000  1.000000  
114.762452 0.012798  0.010487  -0.029711  0.738525  0.313489  0.596912  -0.672257  0.274772  0.687438  0.051490  -0.908969  0.413672  -0.004202  -0.005737  0.014582  0.000000  0.000000  0.000000  1.000000  
114.763478 0.012789  0.010482  -0.029703  0.738387  0.313546  0.597054  -0.672409  0.274708  0.687315  0.051490  -0.908969  0.413672  -0.004875  -0.005510  0.013642  0.000000  0.000000  0.000000  1.000000  
114.764717 0.012777  0.010476  -0.029692  0.738387  0.313546  0.597054  -0.672409  0.274708  0.687315  0.051490  -0.908969  0.413672  -0.005678  -0.005523  0.012868  0.000000  0.000000  0.000000  1.000000  
114.765970 0.012768  0.010469  -0.029680  0.738387  0.313546  0.597054  -0.672409  0.274708  0.687315  0.051490  -0.908969  0.413672  -0.005841  -0.005433  0.012390  0.000000  0.000000  0.000000  1.000000  
114.767219 0.012764  0.010464  -0.029666  0.738249  0.313603  0.597195  -0.672561  0.274643  0.687192  0.051490  -0.908969  0.413672  -0.005550  -0.005255  0.012236  0.000000  0.000000  0.000000  1.000000  
114.768229 0.012760  0.010459  -0.029653  0.738249  0.313530  0.597234  -0.672561  0.274560  0.687226  0.051490  -0.909019  0.413561  -0.005423  -0.005236  0.012298  0.000000  0.000000  0.000000  1.000000  
114.769457 0.012751  0.010451  -0.029633  0.738254  0.313440  0.597274  -0.672565  0.274642  0.687188  0.051356  -0.909025  0.413564  -0.005583  -0.005392  0.012688  0.000000  0.000000  0.000000  1.000000  
114.770702 0.012739  0.010440  -0.029610  0.738120  0.313334  0.597495  -0.672722  0.274576  0.687061  0.051222  -0.909082  0.413457  -0.005979  -0.005686  0.013204  0.000000  0.000000  0.000000  1.000000  
114.771703 0.012728  0.010429  -0.029587  0.738120  0.313262  0.597533  -0.672722  0.274492  0.687095  0.051222  -0.909132  0.413346  -0.006314  -0.006062  0.013872  0.000000  0.000000  0.000000  1.000000  
114.772952 0.012714  0.010410  -0.029551  0.737987  0.313156  0.597753  -0.672878  0.274426  0.686968  0.051089  -0.909188  0.413239  -0.007076  -0.007132  0.016060  0.000000  0.000000  0.000000  1.000000  
114.773952 0.012703  0.010391  -0.029521  0.737987  0.313084  0.597791  -0.672878  0.274343  0.687001  0.051089  -0.909238  0.413129  -0.007558  -0.007834  0.016789  0.000000  0.000000  0.000000  1.000000  
114.775202 0.012689  0.010370  -0.029487  0.737987  0.313011  0.597829  -0.672878  0.274260  0.687034  0.051089  -0.909289  0.413018  -0.008031  -0.008458  0.016898  0.000000  0.000000  0.000000  1.000000  
114.776202 0.012678  0.010356  -0.029470  0.737987  0.313011  0.597829  -0.672878  0.274260  0.687034  0.051089  -0.909289  0.413018  -0.008482  -0.008979  0.016950  0.000000  0.000000  0.000000  1.000000  
114.777202 0.012666  0.010344  -0.029458  0.737987  0.312938  0.597867  -0.672878  0.274176  0.687068  0.051089  -0.909339  0.412908  -0.008949  -0.009560  0.017045  0.000000  0.000000  0.000000  1.000000  
114.778453 0.012647  0.010330  -0.029439  0.737987  0.312938  0.597867  -0.672878  0.274176  0.687068  0.051089  -0.909339  0.412908  -0.009460  -0.010211  0.017623  0.000000  0.000000  0.000000  1.000000  
114.779468 0.012635  0.010317  -0.029414  0.738125  0.312810  0.597764  -0.672726  0.274158  0.687224  0.051089  -0.909389  0.412798  -0.009644  -0.010762  0.018824  0.000000  0.000000  0.000000  1.000000  
114.780707 0.012623  0.010303  -0.029374  0.738264  0.312753  0.597622  -0.672575  0.274222  0.687347  0.051089  -0.909389  0.412798  -0.009729  -0.011107  0.020511  0.000000  0.000000  0.000000  1.000000  
114.781712 0.012618  0.010294  -0.029336  0.738264  0.312826  0.597584  -0.672575  0.274305  0.687314  0.051089  -0.909339  0.412908  -0.009965  -0.011648  0.022559  0.000000  0.000000  0.000000  1.000000  
114.782954 0.012609  0.010283  -0.029285  0.738402  0.312769  0.597443  -0.672423  0.274370  0.687437  0.051089  -0.909339  0.412908  -0.010099  -0.011861  0.024818  0.000000  0.000000  0.000000  1.000000  
114.783956 0.012598  0.010272  -0.029246  0.738541  0.312713  0.597301  -0.672270  0.274434  0.687560  0.051089  -0.909339  0.412908  -0.010474  -0.012205  0.026424  0.000000  0.000000  0.000000  1.000000  
114.785209 0.012580  0.010257  -0.029202  0.738822  0.312582  0.597021  -0.671971  0.274728  0.687735  0.050955  -0.909295  0.413021  -0.010905  -0.012607  0.027963  0.000000  0.000000  0.000000  1.000000  
114.786455 0.012563  0.010242  -0.029167  0.738961  0.312670  0.596803  -0.671819  0.274959  0.687791  0.050955  -0.909195  0.413242  -0.011167  -0.012708  0.028476  0.000000  0.000000  0.000000  1.000000  
114.787705 0.012547  0.010226  -0.029137  0.739237  0.312629  0.596482  -0.671514  0.275171  0.688004  0.050955  -0.909144  0.413352  -0.011344  -0.012442  0.028088  0.000000  0.000000  0.000000  1.000000  
114.788952 0.012530  0.010209  -0.029108  0.739514  0.312661  0.596123  -0.671210  0.275467  0.688182  0.050955  -0.909044  0.413573  -0.011476  -0.012063  0.027479  0.000000  0.000000  0.000000  1.000000  
114.790203 0.012515  0.010192  -0.029078  0.739790  0.312619  0.595802  -0.670906  0.275679  0.688394  0.050955  -0.908994  0.413683  -0.011602  -0.011783  0.027386  0.000000  0.000000  0.000000  1.000000  
114.791452 0.012501  0.010177  -0.029050  0.740066  0.312650  0.595442  -0.670601  0.275975  0.688573  0.050955  -0.908894  0.413903  -0.011587  -0.011743  0.027839  0.000000  0.000000  0.000000  1.000000  
114.792703 0.012487  0.010163  -0.029019  0.740342  0.312609  0.595121  -0.670296  0.276187  0.688784  0.050955  -0.908843  0.414014  -0.011383  -0.011671  0.029028  0.000000  0.000000  0.000000  1.000000  
114.793951 0.012474  0.010150  -0.028978  0.740618  0.312639  0.594761  -0.669991  0.276483  0.688962  0.050955  -0.908743  0.414234  -0.011147  -0.011501  0.029929  0.000000  0.000000  0.000000  1.000000  
114.794954 0.012465  0.010141  -0.028941  0.740894  0.312598  0.594440  -0.669686  0.276695  0.689173  0.050955  -0.908693  0.414344  -0.010962  -0.011345  0.030593  0.000000  0.000000  0.000000  1.000000  
114.796209 0.012457  0.010128  -0.028892  0.741170  0.312628  0.594080  -0.669381  0.276991  0.689351  0.050955  -0.908592  0.414565  -0.010971  -0.011343  0.030749  0.000000  0.000000  0.000000  1.000000  
114.797455 0.012450  0.010116  -0.028850  0.741583  0.312601  0.593579  -0.668923  0.277352  0.689650  0.050955  -0.908491  0.414785  -0.010892  -0.011397  0.030384  -0.048870  0.142270  -0.084458  1.000000  
114.798456 0.012441  0.010106  -0.028823  0.741858  0.312702  0.593181  -0.668618  0.277731  0.689794  0.050955  -0.908341  0.415116  -0.010889  -0.011419  0.029472  -0.066317  0.157971  -0.086867  1.000000  
114.799456 0.012430  0.010097  -0.028799  0.741996  0.312789  0.592963  -0.668465  0.277963  0.689848  0.050955  -0.908240  0.415336  -0.010685  -0.011264  0.028479  -0.074173  0.162809  -0.088968  1.000000  
114.800701 0.012415  0.010085  -0.028771  0.742271  0.312962  0.592527  -0.668159  0.278427  0.689958  0.050955  -0.908038  0.415777  -0.010563  -0.011027  0.027740  -0.095428  0.183349  -0.093475  1.000000  
114.801704 0.012403  0.010076  -0.028746  0.742546  0.313063  0.592129  -0.667854  0.278807  0.690100  0.050955  -0.907887  0.416107  -0.010371  -0.010768  0.027729  -0.113231  0.197425  -0.100009  1.000000  
114.802953 0.012391  0.010064  -0.028708  0.742821  0.313235  0.591693  -0.667548  0.279270  0.690208  0.050955  -0.907685  0.416548  -0.010062  -0.010536  0.028349  -0.134682  0.218171  -0.104586  1.000000  
114.804201 0.012381  0.010052  -0.028662  0.743233  0.313350  0.591115  -0.667089  0.279799  0.690438  0.050955  -0.907483  0.416988  -0.009723  -0.010209  0.029411  -0.154835  0.235047  -0.112304  1.000000  
114.805202 0.012372  0.010042  -0.028621  0.743371  0.313507  0.590858  -0.666936  0.280115  0.690458  0.050955  -0.907331  0.417318  -0.009497  -0.010019  0.030493  -0.172789  0.243279  -0.116143  1.000000  
114.806453 0.012362  0.010032  -0.028571  0.743650  0.313659  0.590425  -0.666635  0.280744  0.690494  0.050822  -0.907084  0.417871  -0.009249  -0.009639  0.032054  -0.196282  0.251824  -0.124986  1.000000  
114.807707 0.012351  0.010023  -0.028524  0.743792  0.313798  0.590173  -0.666486  0.281224  0.690441  0.050688  -0.906887  0.418314  -0.009046  -0.009298  0.033011  -0.214530  0.258271  -0.133037  1.000000  
114.808952 0.012342  0.010016  -0.028480  0.744072  0.313877  0.589778  -0.666184  0.281769  0.690510  0.050554  -0.906690  0.418757  -0.008744  -0.008966  0.033122  -0.233679  0.266753  -0.141763  1.000000  
114.810202 0.012336  0.010007  -0.028441  0.744214  0.314015  0.589525  -0.666035  0.282250  0.690458  0.050421  -0.906493  0.419200  -0.008522  -0.008725  0.032519  -0.250257  0.265313  -0.146131  1.000000  
114.811203 0.012332  0.009999  -0.028410  0.744356  0.314081  0.589311  -0.665887  0.282647  0.690439  0.050287  -0.906346  0.419532  -0.008319  -0.008641  0.032135  -0.261961  0.262997  -0.149997  1.000000  
114.812452 0.012326  0.009988  -0.028376  0.744635  0.314160  0.588916  -0.665585  0.283192  0.690507  0.050153  -0.906149  0.419975  -0.008226  -0.008565  0.031615  -0.274420  0.267325  -0.156990  1.000000  
114.813470 0.012320  0.009979  -0.028347  0.744777  0.314226  0.588701  -0.665436  0.283589  0.690487  0.050020  -0.906002  0.420307  -0.008032  -0.008492  0.031798  -0.288820  0.267557  -0.162380  1.000000  
114.814708 0.012311  0.009967  -0.028306  0.744919  0.314362  0.588449  -0.665287  0.284069  0.690433  0.049886  -0.905804  0.420750  -0.007681  -0.008475  0.032659  -0.298633  0.263521  -0.165223  1.000000  
114.815959 0.012301  0.009953  -0.028258  0.745198  0.314440  0.588054  -0.664985  0.284614  0.690500  0.049753  -0.905606  0.421192  -0.007272  -0.008655  0.033965  -0.309159  0.265594  -0.166657  1.000000  
114.817207 0.012296  0.009939  -0.028204  0.745345  0.314486  0.587843  -0.664840  0.285175  0.690408  0.049485  -0.905413  0.421637  -0.006713  -0.008809  0.035303  -0.321015  0.255522  -0.172028  1.000000  
114.818454 0.012292  0.009924  -0.028147  0.745628  0.314473  0.587491  -0.664542  0.285801  0.690436  0.049218  -0.905221  0.422082  -0.006274  -0.008973  0.036160  -0.329174  0.251734  -0.180316  1.000000  
114.819707 0.012287  0.009911  -0.028090  0.745775  0.314518  0.587280  -0.664397  0.286362  0.690343  0.048951  -0.905028  0.422526  -0.005926  -0.009052  0.036693  -0.340977  0.241611  -0.185646  1.000000  
114.820955 0.012281  0.009900  -0.028041  0.746063  0.314485  0.586932  -0.664103  0.287152  0.690298  0.048550  -0.904789  0.423083  -0.005649  -0.009006  0.036674  -0.353517  0.242175  -0.200908  1.000000  
114.822204 0.012276  0.009892  -0.027999  0.746351  0.314380  0.586622  -0.663809  0.287857  0.690287  0.048149  -0.904601  0.423531  -0.005282  -0.008976  0.036201  -0.365704  0.236472  -0.213241  1.000000  
114.823454 0.012271  0.009885  -0.027960  0.746639  0.314274  0.586312  -0.663514  0.288563  0.690276  0.047748  -0.904413  0.423978  -0.004971  -0.008983  0.035859  -0.377874  0.230749  -0.225561  1.000000  
114.824455 0.012268  0.009878  -0.027925  0.746921  0.314259  0.585961  -0.663215  0.289188  0.690302  0.047481  -0.904219  0.424422  -0.004739  -0.009016  0.035942  -0.389911  0.226817  -0.233703  1.000000  
114.825711 0.012265  0.009867  -0.027877  0.747209  0.314152  0.585651  -0.662920  0.289893  0.690289  0.047080  -0.904030  0.424869  -0.004634  -0.009104  0.036681  -0.397738  0.214841  -0.243169  1.000000  
114.826952 0.012260  0.009855  -0.027822  0.747637  0.313895  0.585243  -0.662475  0.290743  0.690359  0.046545  -0.903846  0.425318  -0.004539  -0.009180  0.038040  -0.402999  0.211807  -0.260437  1.000000  
114.827954 0.012256  0.009845  -0.027777  0.747923  0.313717  0.584972  -0.662179  0.291364  0.690381  0.046144  -0.903708  0.425655  -0.004522  -0.009233  0.038973  -0.406894  0.206055  -0.272585  1.000000  
114.829201 0.012249  0.009831  -0.027721  0.748214  0.313518  0.584707  -0.661888  0.292149  0.690329  0.045610  -0.903524  0.426104  -0.004357  -0.009364  0.040158  -0.410900  0.198449  -0.288887  1.000000  
114.830210 0.012243  0.009820  -0.027677  0.748500  0.313339  0.584437  -0.661592  0.292769  0.690350  0.045209  -0.903385  0.426440  -0.004205  -0.009398  0.040731  -0.410062  0.194235  -0.303526  1.000000  
114.831455 0.012236  0.009806  -0.027626  0.748927  0.313008  0.584067  -0.661145  0.293534  0.690453  0.044674  -0.903252  0.426779  -0.004236  -0.009469  0.040706  -0.406285  0.192810  -0.322874  1.000000  
114.832707 0.012231  0.009791  -0.027578  0.749353  0.312747  0.583660  -0.660698  0.294382  0.690520  0.044139  -0.903066  0.427227  -0.004194  -0.009404  0.040164  -0.406487  0.191304  -0.342158  1.000000  
114.833954 0.012226  0.009779  -0.027534  0.749778  0.312415  0.583292  -0.660251  0.295146  0.690621  0.043605  -0.902932  0.427566  -0.004298  -0.009327  0.039331  -0.402346  0.183567  -0.358559  1.000000  
114.834956 0.012222  0.009770  -0.027500  0.750068  0.312072  0.583103  -0.659957  0.295761  0.690639  0.043070  -0.902849  0.427795  -0.004306  -0.009284  0.038568  -0.398495  0.182110  -0.377827  1.000000  
114.835957 0.012216  0.009762  -0.027468  0.750488  0.311829  0.582692  -0.659505  0.296444  0.690777  0.042669  -0.902709  0.428131  -0.004313  -0.009280  0.038284  -0.394953  0.190656  -0.391882  1.000000  
114.837203 0.012210  0.009753  -0.027425  0.750916  0.311404  0.582368  -0.659060  0.297287  0.690840  0.042000  -0.902579  0.428471  -0.004384  -0.009325  0.038287  -0.391138  0.187252  -0.415315  1.000000  
114.838452 0.012203  0.009744  -0.027376  0.751340  0.311140  0.581962  -0.658611  0.298133  0.690904  0.041466  -0.902391  0.428919  -0.004521  -0.009415  0.038930  -0.392469  0.192276  -0.429900  1.000000  
114.839709 0.012195  0.009733  -0.027320  0.751903  0.310651  0.581496  -0.658010  0.299038  0.691085  0.040797  -0.902259  0.429259  -0.004842  -0.009515  0.039731  -0.387964  0.200420  -0.451567  1.000000  
114.840982 0.012187  0.009723  -0.027260  0.752325  0.310385  0.581092  -0.657560  0.299883  0.691148  0.040263  -0.902071  0.429706  -0.005157  -0.009424  0.040245  -0.388185  0.206835  -0.469412  1.000000  
114.842202 0.012178  0.009714  -0.027203  0.752887  0.309965  0.580589  -0.656958  0.300870  0.691291  0.039594  -0.901886  0.430155  -0.005449  -0.009242  0.040449  -0.389033  0.211675  -0.492143  1.000000  
114.843453 0.012165  0.009705  -0.027151  0.753447  0.309544  0.580086  -0.656355  0.301857  0.691433  0.038926  -0.901701  0.430604  -0.005803  -0.008956  0.040230  -0.390829  0.220857  -0.513349  1.000000  
114.844702 0.012152  0.009697  -0.027106  0.753872  0.309254  0.579689  -0.655906  0.302864  0.691419  0.038257  -0.901463  0.431162  -0.006207  -0.008553  0.039506  -0.395145  0.225289  -0.535244  1.000000  
114.845703 0.012143  0.009692  -0.027072  0.754427  0.308921  0.579144  -0.655299  0.303770  0.691597  0.037722  -0.901272  0.431608  -0.006442  -0.008124  0.038986  -0.399927  0.237950  -0.556200  1.000000  
114.846722 0.012134  0.009688  -0.027036  0.754712  0.308712  0.578884  -0.655001  0.304549  0.691537  0.037187  -0.901081  0.432054  -0.006772  -0.007546  0.038572  -0.402786  0.235655  -0.568677  1.000000  
114.847957 0.012124  0.009684  -0.026989  0.755270  0.308357  0.578345  -0.654396  0.305618  0.691639  0.036519  -0.900841  0.432611  -0.007076  -0.006948  0.038716  -0.407794  0.246537  -0.594256  1.000000  
114.849209 0.012115  0.009682  -0.026937  0.755827  0.308000  0.577808  -0.653789  0.306685  0.691740  0.035850  -0.900600  0.433168  -0.007351  -0.006292  0.039270  -0.408075  0.254798  -0.608383  1.000000  
114.850211 0.012106  0.009679  -0.026893  0.756245  0.307726  0.577407  -0.653335  0.307526  0.691796  0.035316  -0.900407  0.433613  -0.007626  -0.005860  0.040013  -0.412523  0.263177  -0.622529  1.000000  
114.851231 0.012098  0.009678  -0.026848  0.756666  0.307360  0.577050  -0.652883  0.308446  0.691813  0.034647  -0.900217  0.434060  -0.007804  -0.005383  0.040803  -0.416327  0.263175  -0.637300  1.000000  
114.852455 0.012087  0.009676  -0.026793  0.757221  0.306999  0.576514  -0.652275  0.309511  0.691911  0.033978  -0.899975  0.434616  -0.008037  -0.004970  0.041557  -0.417033  0.271683  -0.652159  1.000000  
114.853456 0.012078  0.009674  -0.026749  0.757506  0.306695  0.576301  -0.651977  0.310366  0.691808  0.033310  -0.899784  0.435062  -0.008331  -0.004568  0.041858  -0.420839  0.265600  -0.664422  1.000000  
114.854704 0.012067  0.009672  -0.026695  0.758063  0.306310  0.575773  -0.651371  0.311593  0.691828  0.032507  -0.899491  0.435729  -0.008578  -0.004087  0.041666  -0.425983  0.275843  -0.680074  1.000000  
114.855711 0.012057  0.009670  -0.026655  0.758478  0.306101  0.575337  -0.650914  0.312515  0.691842  0.031972  -0.899242  0.436282  -0.008814  -0.003599  0.041105  -0.433286  0.275795  -0.689846  1.000000  
114.856954 0.012044  0.009669  -0.026609  0.759030  0.305806  0.574766  -0.650303  0.313662  0.691898  0.031304  -0.898943  0.436945  -0.009028  -0.003004  0.040233  -0.441703  0.283993  -0.704129  1.000000  
114.858205 0.012030  0.009670  -0.026565  0.759450  0.305482  0.574383  -0.649850  0.314824  0.691796  0.030501  -0.898647  0.437610  -0.009158  -0.002385  0.039742  -0.449509  0.279710  -0.712461  1.000000  
114.859455 0.012018  0.009672  -0.026521  0.760004  0.305161  0.573822  -0.649240  0.316131  0.691772  0.029699  -0.898297  0.438384  -0.009113  -0.001748  0.039693  -0.462685  0.283888  -0.725586  1.000000  
114.860704 0.012007  0.009674  -0.026470  0.760556  0.304769  0.573298  -0.648629  0.317354  0.691785  0.028896  -0.897999  0.439048  -0.009083  -0.001201  0.040226  -0.474425  0.293646  -0.734959  1.000000  
114.861705 0.011998  0.009676  -0.026424  0.760971  0.304533  0.572873  -0.648172  0.318435  0.691717  0.028228  -0.897696  0.439709  -0.009065  -0.000776  0.040865  -0.486130  0.293675  -0.745247  1.000000  
114.862972 0.011989  0.009681  -0.026364  0.761388  0.304273  0.572456  -0.647716  0.319678  0.691571  0.027425  -0.897343  0.440481  -0.009047  -0.000188  0.041638  -0.501774  0.289175  -0.753129  1.000000  
114.864207 0.011979  0.009685  -0.026303  0.761941  0.303855  0.571943  -0.647105  0.321059  0.691503  0.026489  -0.896991  0.441254  -0.009087  0.000222  0.042269  -0.518163  0.289253  -0.768878  1.000000  
114.865457 0.011969  0.009691  -0.026246  0.762492  0.303504  0.571394  -0.646493  0.322524  0.691394  0.025553  -0.896584  0.442135  -0.009089  0.000813  0.042349  -0.538262  0.291042  -0.780124  1.000000  
114.866459 0.011960  0.009695  -0.026205  0.763039  0.303105  0.570875  -0.645878  0.323742  0.691399  0.024750  -0.896280  0.442797  -0.009084  0.001191  0.042140  -0.550362  0.290973  -0.795447  1.000000  
114.867705 0.011949  0.009701  -0.026157  0.763591  0.302659  0.570374  -0.645266  0.325282  0.691248  0.023680  -0.895874  0.443678  -0.009055  0.001730  0.041601  -0.570501  0.288839  -0.814878  1.000000  
114.868955 0.011938  0.009706  -0.026109  0.764273  0.302144  0.569733  -0.644496  0.326882  0.691211  0.022610  -0.895465  0.444558  -0.009034  0.002160  0.041167  -0.586692  0.294796  -0.833248  1.000000  
114.869956 0.011929  0.009710  -0.026071  0.764685  0.301807  0.569359  -0.644035  0.328035  0.691095  0.021807  -0.895157  0.445217  -0.008994  0.002630  0.040990  -0.598500  0.290418  -0.841502  1.000000  
114.871205 0.011917  0.009714  -0.026021  0.765367  0.301196  0.568766  -0.643264  0.329709  0.691016  0.020604  -0.894747  0.446097  -0.008950  0.002987  0.041100  -0.614451  0.286177  -0.864939  1.000000  
114.872455 0.011906  0.009717  -0.025969  0.765915  0.300650  0.568317  -0.642649  0.331320  0.690818  0.019400  -0.894336  0.446976  -0.008834  0.003228  0.041592  -0.630577  0.283981  -0.884654  1.000000  
114.873705 0.011895  0.009722  -0.025914  0.766593  0.300034  0.567727  -0.641875  0.332992  0.690734  0.018196  -0.893922  0.447854  -0.008719  0.003474  0.042350  -0.646294  0.281577  -0.903810  1.000000  
114.874956 0.011883  0.009727  -0.025859  0.767270  0.299416  0.567139  -0.641099  0.334661  0.690648  0.016992  -0.893506  0.448730  -0.008660  0.003655  0.042837  -0.658079  0.279162  -0.923202  1.000000  
114.876204 0.011873  0.009732  -0.025802  0.767814  0.298772  0.566742  -0.640481  0.336343  0.690404  0.015654  -0.893089  0.449607  -0.008652  0.003788  0.043078  -0.668772  0.270722  -0.943375  1.000000  
114.877205 0.011865  0.009736  -0.025759  0.768354  0.298241  0.566290  -0.639859  0.337787  0.690276  0.014584  -0.892722  0.450372  -0.008698  0.003857  0.042711  -0.681633  0.266225  -0.963142  1.000000  
114.878455 0.011855  0.009742  -0.025709  0.768895  0.297594  0.565896  -0.639238  0.339466  0.690028  0.013246  -0.892301  0.451247  -0.008659  0.004000  0.042031  -0.691682  0.257648  -0.982360  1.000000  
114.879476 0.011846  0.009746  -0.025673  0.769433  0.296968  0.565494  -0.638614  0.340983  0.689857  0.012042  -0.891931  0.452011  -0.008757  0.004003  0.041111  -0.704472  0.250945  -1.006161  1.000000  
114.880710 0.011834  0.009752  -0.025629  0.770100  0.296475  0.564843  -0.637831  0.342810  0.689676  0.010837  -0.891394  0.453099  -0.008887  0.003994  0.040394  -0.724773  0.250413  -1.022178  1.000000  
114.881711 0.011823  0.009757  -0.025593  0.770633  0.296028  0.564351  -0.637202  0.344172  0.689579  0.009901  -0.891018  0.453860  -0.009000  0.004037  0.040150  -0.735285  0.252272  -1.036638  1.000000  
114.882957 0.011809  0.009762  -0.025545  0.771299  0.295346  0.563798  -0.636417  0.346148  0.689315  0.008429  -0.890479  0.454947  -0.009224  0.004015  0.040161  -0.754574  0.253562  -1.062345  1.000000  
114.883959 0.011798  0.009766  -0.025501  0.771829  0.294804  0.563356  -0.635787  0.347582  0.689174  0.007359  -0.890100  0.455707  -0.009308  0.003986  0.040524  -0.764182  0.248782  -1.083281  1.000000  
114.885212 0.011784  0.009769  -0.025443  0.772490  0.294141  0.562797  -0.634998  0.349394  0.688986  0.006021  -0.889610  0.456682  -0.009495  0.003940  0.041114  -0.775871  0.252144  -1.105721  1.000000  
114.886456 0.011771  0.009772  -0.025386  0.773280  0.293310  0.562145  -0.634048  0.351339  0.688871  0.004549  -0.889117  0.457656  -0.009625  0.003891  0.041664  -0.787748  0.251512  -1.136524  1.000000  
114.887712 0.011756  0.009776  -0.025329  0.774067  0.292544  0.561461  -0.633096  0.353365  0.688710  0.003077  -0.888567  0.458737  -0.009858  0.003832  0.041971  -0.803234  0.252647  -1.162765  1.000000  
114.888954 0.011741  0.009781  -0.025276  0.774721  0.291688  0.561004  -0.632302  0.355320  0.688435  0.001472  -0.888069  0.459709  -0.010089  0.003867  0.041766  -0.815047  0.251936  -1.193717  1.000000  
114.890204 0.011726  0.009786  -0.025226  0.775502  0.290823  0.560373  -0.631345  0.357416  0.688228  -0.000134  -0.887511  0.460786  -0.010370  0.003890  0.041298  -0.823912  0.251034  -1.225143  1.000000  
114.891204 0.011715  0.009791  -0.025187  0.776151  0.290169  0.559814  -0.630546  0.359056  0.688107  -0.001338  -0.887063  0.461647  -0.010559  0.003887  0.040897  -0.835492  0.254290  -1.247447  1.000000  
114.892205 0.011704  0.009795  -0.025149  0.776668  0.289518  0.559433  -0.629905  0.360552  0.687911  -0.002542  -0.886669  0.462399  -0.010722  0.003919  0.040635  -0.841655  0.251307  -1.266170  1.000000  
114.893455 0.011690  0.009800  -0.025102  0.777571  0.288594  0.558656  -0.628782  0.362541  0.687893  -0.004014  -0.886159  0.463364  -0.011017  0.003848  0.040476  -0.846361  0.260503  -1.292321  1.000000  
114.894455 0.011677  0.009803  -0.025062  0.778214  0.287932  0.558103  -0.627978  0.364176  0.687765  -0.005218  -0.885704  0.464221  -0.011242  0.003825  0.040750  -0.856795  0.263628  -1.314665  1.000000  
114.895715 0.011660  0.009807  -0.025011  0.778981  0.287050  0.557486  -0.627010  0.366257  0.687542  -0.006824  -0.885132  0.465291  -0.011586  0.003647  0.041307  -0.863628  0.264209  -1.340677  1.000000  
114.896716 0.011646  0.009811  -0.024967  0.779490  0.286366  0.557127  -0.626362  0.367902  0.687255  -0.008162  -0.884671  0.466145  -0.011741  0.003627  0.041760  -0.866734  0.260944  -1.359897  1.000000  
114.897957 0.011629  0.009815  -0.024910  0.780380  0.285335  0.556409  -0.625229  0.369953  0.687185  -0.009767  -0.884149  0.467103  -0.012024  0.003548  0.042274  -0.874040  0.263818  -1.382789  1.000000  
114.898960 0.011614  0.009818  -0.024864  0.781013  0.284637  0.555879  -0.624417  0.371735  0.686962  -0.011105  -0.883626  0.468062  -0.012273  0.003556  0.042432  -0.881249  0.266557  -1.405221  1.000000  
114.900209 0.011596  0.009823  -0.024809  0.781768  0.283742  0.555274  -0.623439  0.373804  0.686727  -0.012711  -0.883041  0.469124  -0.012558  0.003612  0.042329  -0.892374  0.265128  -1.420825  1.000000  
114.901456 0.011577  0.009828  -0.024757  0.782521  0.282911  0.554637  -0.622460  0.375953  0.686442  -0.014316  -0.882395  0.470292  -0.012941  0.003736  0.041932  -0.903757  0.263572  -1.436902  1.000000  
114.902456 0.011561  0.009835  -0.024717  0.783275  0.282219  0.553925  -0.621482  0.377712  0.686363  -0.015520  -0.881865  0.471246  -0.013181  0.003966  0.041461  -0.910592  0.276376  -1.454052  1.000000  
114.903713 0.011541  0.009841  -0.024669  0.784022  0.281380  0.553295  -0.620497  0.379855  0.686071  -0.017125  -0.881212  0.472410  -0.013532  0.004121  0.041162  -0.921323  0.274572  -1.469191  1.000000  
114.904955 0.011521  0.009849  -0.024618  0.784892  0.280392  0.552562  -0.619349  0.381969  0.685935  -0.018731  -0.880613  0.473465  -0.013914  0.004241  0.041218  -0.928976  0.278959  -1.487041  1.000000  
114.905956 0.011505  0.009854  -0.024574  0.785511  0.279701  0.552032  -0.618526  0.383579  0.685779  -0.019935  -0.880133  0.474308  -0.014250  0.004327  0.041567  -0.935492  0.288038  -1.498891  1.000000  
114.906957 0.011489  0.009860  -0.024528  0.786124  0.278890  0.551571  -0.617699  0.385416  0.685495  -0.021406  -0.879588  0.475254  -0.014627  0.004397  0.042106  -0.942413  0.286470  -1.514330  1.000000  
114.907959 0.011473  0.009865  -0.024479  0.786736  0.278169  0.551062  -0.616871  0.387177  0.685248  -0.022744  -0.879043  0.476200  -0.014887  0.004479  0.042843  -0.953361  0.287021  -1.525612  1.000000  
114.909205 0.011452  0.009870  -0.024418  0.787467  0.277247  0.550481  -0.615875  0.389221  0.684985  -0.024349  -0.878431  0.477248  -0.015283  0.004512  0.043683  -0.956702  0.295678  -1.537688  1.000000  
114.910213 0.011434  0.009874  -0.024370  0.788072  0.276427  0.550028  -0.615042  0.391049  0.684693  -0.025820  -0.877877  0.478189  -0.015534  0.004585  0.044129  -0.958779  0.291599  -1.555893  1.000000  
114.911456 0.011413  0.009879  -0.024311  0.788797  0.275499  0.549454  -0.614042  0.393087  0.684424  -0.027425  -0.877259  0.479233  -0.015813  0.004618  0.044450  -0.961720  0.289358  -1.569617  1.000000  
114.912456 0.011395  0.009883  -0.024266  0.789399  0.274766  0.548956  -0.613206  0.394837  0.684165  -0.028763  -0.876702  0.480173  -0.016082  0.004642  0.044462  -0.964342  0.292062  -1.579187  1.000000  
114.913464 0.011378  0.009887  -0.024223  0.789996  0.273872  0.548544  -0.612367  0.396574  0.683912  -0.030234  -0.876198  0.481002  -0.016260  0.004738  0.044211  -0.966892  0.290355  -1.594314  1.000000  
114.914717 0.011355  0.009893  -0.024170  0.790586  0.273149  0.548054  -0.611523  0.398712  0.683424  -0.031839  -0.875453  0.482253  -0.016591  0.004813  0.044012  -0.977323  0.283994  -1.602094  1.000000  
114.915961 0.011332  0.009900  -0.024118  0.791299  0.272274  0.547460  -0.610514  0.400819  0.683094  -0.033443  -0.874763  0.483395  -0.016862  0.004890  0.044014  -0.984127  0.279974  -1.606718  1.000000  
114.916961 0.011313  0.009906  -0.024074  0.792009  0.271263  0.546935  -0.609502  0.402758  0.682857  -0.035048  -0.874187  0.484323  -0.017078  0.004923  0.044258  -0.986615  0.282017  -1.629341  1.000000  
114.918209 0.011288  0.009913  -0.024017  0.792837  0.270338  0.546193  -0.608322  0.405150  0.682493  -0.036786  -0.873367  0.485671  -0.017375  0.004976  0.044871  -0.997246  0.283756  -1.637327  1.000000  
114.919456 0.011262  0.009921  -0.023954  0.793657  0.269249  0.545540  -0.607136  0.407527  0.682135  -0.038658  -0.872598  0.486907  -0.017793  0.004974  0.045784  -1.007589  0.283483  -1.648921  1.000000  
114.920708 0.011235  0.009928  -0.023887  0.794463  0.268102  0.544931  -0.605940  0.410205  0.681592  -0.040797  -0.871696  0.488347  -0.018240  0.004984  0.046574  -1.021555  0.284650  -1.671532  1.000000  
114.921730 0.011213  0.009934  -0.023834  0.795278  0.266964  0.544300  -0.604751  0.412336  0.681363  -0.042535  -0.871039  0.489368  -0.018625  0.005039  0.046958  -1.031118  0.286280  -1.692882  1.000000  
114.922957 0.011184  0.009941  -0.023767  0.796199  0.265722  0.543562  -0.603384  0.415058  0.680922  -0.044674  -0.870126  0.490801  -0.019281  0.005059  0.047487  -1.050086  0.285542  -1.721005  1.000000  
114.924205 0.011152  0.009948  -0.023703  0.797237  0.264388  0.542690  -0.601848  0.417828  0.680587  -0.046812  -0.869206  0.492229  -0.020065  0.005216  0.047673  -1.064157  0.284406  -1.747877  1.000000  
114.925205 0.011125  0.009953  -0.023652  0.798037  0.263301  0.542042  -0.600649  0.420026  0.680293  -0.048550  -0.868476  0.493348  -0.020612  0.005277  0.047870  -1.074059  0.294077  -1.769847  1.000000  
114.926206 0.011099  0.009958  -0.023602  0.798833  0.262275  0.541366  -0.599447  0.422302  0.679945  -0.050287  -0.867683  0.494569  -0.021228  0.005348  0.048086  -1.087987  0.295060  -1.789903  1.000000  
114.927206 0.011071  0.009963  -0.023550  0.799625  0.261180  0.540726  -0.598242  0.424490  0.679643  -0.052024  -0.866945  0.495682  -0.021953  0.005432  0.048585  -1.102654  0.299057  -1.811678  1.000000  
114.928456 0.011037  0.009969  -0.023483  0.800758  0.259641  0.539790  -0.596522  0.427360  0.679357  -0.054296  -0.865997  0.497093  -0.022760  0.005429  0.049362  -1.110482  0.308964  -1.840798  1.000000  
114.929476 0.011008  0.009973  -0.023426  0.801534  0.258508  0.539182  -0.595306  0.429689  0.678954  -0.056166  -0.865183  0.498301  -0.023508  0.005428  0.050401  -1.125121  0.306646  -1.859371  1.000000  
114.930707 0.010971  0.009978  -0.023353  0.802537  0.257202  0.538314  -0.593747  0.432504  0.678532  -0.058303  -0.864169  0.499813  -0.024387  0.005291  0.051747  -1.137751  0.310381  -1.886034  1.000000  
114.931713 0.010940  0.009982  -0.023293  0.803546  0.255880  0.537437  -0.592193  0.434928  0.678340  -0.060173  -0.863344  0.501015  -0.025268  0.005145  0.052966  -1.148250  0.323949  -1.919777  1.000000  
114.932973 0.010899  0.009987  -0.023217  0.804638  0.254256  0.536574  -0.590445  0.438069  0.677843  -0.062710  -0.862235  0.502611  -0.026329  0.004965  0.054167  -1.164807  0.321137  -1.960867  1.000000  
114.934206 0.010857  0.009990  -0.023142  0.805720  0.252624  0.535720  -0.588691  0.441200  0.677337  -0.065247  -0.861118  0.504201  -0.027374  0.004745  0.054952  -1.186302  0.326894  -2.003611  1.000000  
114.935214 0.010822  0.009993  -0.023084  0.806589  0.251502  0.534940  -0.587290  0.443715  0.676910  -0.067116  -0.860153  0.505600  -0.028395  0.004494  0.055391  -1.207468  0.333310  -2.029266  1.000000  
114.936457 0.010775  0.009996  -0.023012  0.807768  0.249670  0.534018  -0.585355  0.446947  0.676460  -0.069786  -0.859013  0.507175  -0.029778  0.004192  0.055856  -1.222040  0.333231  -2.073030  1.000000  
114.937710 0.010725  0.009999  -0.022940  0.808930  0.247864  0.533101  -0.583407  0.450400  0.675852  -0.072589  -0.857731  0.508948  -0.031084  0.003910  0.056056  -1.245829  0.343948  -2.117964  1.000000  
114.938956 0.010672  0.010001  -0.022867  0.809960  0.246142  0.532333  -0.581619  0.453790  0.675125  -0.075391  -0.856440  0.510713  -0.032413  0.003664  0.056609  -1.273595  0.344148  -2.166554  1.000000  
114.939956 0.010629  0.010003  -0.022805  0.810775  0.244714  0.531751  -0.580183  0.456474  0.674551  -0.077659  -0.855422  0.512077  -0.033573  0.003404  0.057284  -1.290309  0.343414  -2.204379  1.000000  
114.940959 0.010584  0.010005  -0.022740  0.811601  0.243466  0.531063  -0.578755  0.459019  0.674050  -0.079660  -0.854416  0.513447  -0.034886  0.003195  0.058383  -1.313993  0.350446  -2.237864  1.000000  
114.942206 0.010527  0.010007  -0.022654  0.812614  0.241815  0.530268  -0.576958  0.462314  0.673339  -0.082327  -0.853107  0.515200  -0.036284  0.002930  0.059705  -1.337938  0.352395  -2.283378  1.000000  
114.943206 0.010479  0.010008  -0.022582  0.813408  0.240369  0.529707  -0.575509  0.464975  0.672746  -0.084593  -0.852069  0.516549  -0.037803  0.002686  0.061050  -1.355382  0.356393  -2.317696  1.000000  
114.944456 0.010418  0.010009  -0.022491  0.814512  0.238642  0.528791  -0.573527  0.468528  0.671974  -0.087393  -0.850607  0.518489  -0.039383  0.002373  0.062470  -1.385877  0.364744  -2.374809  1.000000  
114.945727 0.010356  0.010009  -0.022400  0.815497  0.237223  0.527912  -0.571712  0.472117  0.671007  -0.090058  -0.849018  0.520633  -0.041133  0.002045  0.063526  -1.424442  0.365267  -2.418207  1.000000  
114.946957 0.010291  0.010010  -0.022309  0.816344  0.235736  0.527268  -0.570053  0.475629  0.669937  -0.092856  -0.847470  0.522659  -0.042735  0.001760  0.064556  -1.457352  0.355411  -2.445296  1.000000  
114.947963 0.010238  0.010009  -0.022239  0.816989  0.234683  0.526738  -0.568754  0.478613  0.668916  -0.095121  -0.846081  0.524498  -0.044133  0.001531  0.065258  -1.490477  0.344223  -2.481205  1.000000  
114.949210 0.010170  0.010009  -0.022150  0.818074  0.233298  0.525669  -0.566763  0.482233  0.668005  -0.097651  -0.844407  0.526727  -0.045992  0.001214  0.066286  -1.529991  0.351128  -2.515266  1.000000  
114.950211 0.010114  0.010007  -0.022079  0.818821  0.232070  0.525049  -0.565287  0.485166  0.667132  -0.099914  -0.843065  0.528450  -0.047218  0.000973  0.066972  -1.554309  0.349218  -2.538207  1.000000  
114.951476 0.010041  0.010004  -0.021987  0.819760  0.230611  0.524226  -0.563447  0.488699  0.666109  -0.102577  -0.841422  0.530553  -0.049002  0.000565  0.068449  -1.586627  0.346368  -2.562142  1.000000  
114.952707 0.009967  0.010001  -0.021893  0.820677  0.229115  0.523446  -0.561593  0.492365  0.664974  -0.105371  -0.839692  0.532742  -0.050562  0.000156  0.069866  -1.616024  0.343165  -2.585771  1.000000  
114.953956 0.009890  0.009996  -0.021795  0.821559  0.227489  0.522771  -0.559717  0.496225  0.663685  -0.108431  -0.837860  0.535007  -0.052354  -0.000414  0.071628  -1.651577  0.326694  -2.616557  1.000000  
114.955206 0.009811  0.009991  -0.021695  0.822467  0.226132  0.521932  -0.557859  0.499881  0.662504  -0.111091  -0.836052  0.537285  -0.053970  -0.000938  0.073095  -1.690161  0.314340  -2.639326  1.000000  
114.956456 0.009730  0.009986  -0.021593  0.823364  0.224766  0.521106  -0.555997  0.503525  0.661310  -0.113750  -0.834232  0.539553  -0.055473  -0.001395  0.074242  -1.725910  0.312797  -2.658887  1.000000  
114.957456 0.009664  0.009981  -0.021511  0.823948  0.223667  0.520656  -0.554664  0.506430  0.660209  -0.116009  -0.832767  0.541332  -0.056928  -0.001840  0.075132  -1.752160  0.292377  -2.671790  1.000000  
114.958705 0.009580  0.009974  -0.021409  0.824727  0.222485  0.519930  -0.552970  0.509943  0.658925  -0.118534  -0.830938  0.543591  -0.058373  -0.002260  0.075881  -1.784894  0.281652  -2.679185  1.000000  
114.959710 0.009512  0.009969  -0.021327  0.825437  0.221455  0.519242  -0.551478  0.512753  0.657994  -0.120526  -0.829483  0.545373  -0.059630  -0.002619  0.076490  -1.810708  0.274146  -2.684425  1.000000  
114.960721 0.009444  0.009964  -0.021245  0.826141  0.220483  0.518535  -0.549982  0.515635  0.656993  -0.122519  -0.827954  0.547249  -0.060816  -0.003031  0.076978  -1.841749  0.269060  -2.693706  1.000000  
114.961956 0.009357  0.009955  -0.021140  0.827009  0.219301  0.517652  -0.548107  0.519321  0.655656  -0.125041  -0.825962  0.549683  -0.062298  -0.003617  0.077942  -1.879661  0.254543  -2.695636  1.000000  
114.962972 0.009286  0.009948  -0.021054  0.827812  0.218272  0.516802  -0.546434  0.522308  0.654678  -0.127032  -0.824349  0.551644  -0.063549  -0.004203  0.079035  -1.908032  0.254516  -2.699603  1.000000  
114.964206 0.009197  0.009938  -0.020942  0.828648  0.217044  0.515979  -0.544540  0.526110  0.653211  -0.129686  -0.822253  0.554149  -0.064836  -0.004729  0.080561  -1.948108  0.244742  -2.703720  1.000000  
114.965207 0.009126  0.009930  -0.020849  0.829227  0.216311  0.515356  -0.543211  0.528929  0.652040  -0.131543  -0.820636  0.556105  -0.065872  -0.005181  0.082045  -1.974432  0.233020  -2.701029  1.000000  
114.966209 0.009053  0.009920  -0.020754  0.830010  0.215200  0.514561  -0.541528  0.531810  0.651096  -0.133532  -0.819065  0.557944  -0.067082  -0.005733  0.083699  -2.004300  0.229049  -2.696868  1.000000  
114.967456 0.008961  0.009908  -0.020633  0.831088  0.213881  0.513369  -0.539310  0.535327  0.650054  -0.135786  -0.817117  0.560252  -0.068200  -0.006280  0.085368  -2.028335  0.237179  -2.686287  1.000000  
114.968460 0.008887  0.009897  -0.020537  0.831745  0.212866  0.512727  -0.537791  0.538145  0.648984  -0.137774  -0.815529  0.562077  -0.069016  -0.006771  0.086535  -2.048887  0.236136  -2.678500  1.000000  
114.969707 0.008792  0.009883  -0.020420  0.832474  0.211987  0.511907  -0.536078  0.541666  0.647471  -0.140027  -0.813424  0.564565  -0.070074  -0.007361  0.087721  -2.080115  0.232989  -2.660545  1.000000  
114.970956 0.008697  0.009867  -0.020303  0.833180  0.210948  0.511188  -0.534351  0.545155  0.645968  -0.142411  -0.811361  0.566932  -0.071122  -0.008164  0.088862  -2.109275  0.222227  -2.653615  1.000000  
114.972206 0.008601  0.009851  -0.020187  0.834019  0.210095  0.510169  -0.532469  0.548715  0.644506  -0.144530  -0.809180  0.569508  -0.071923  -0.008760  0.089648  -2.145584  0.224180  -2.638817  1.000000  
114.973207 0.008524  0.009837  -0.020092  0.834539  0.209233  0.509673  -0.531110  0.551529  0.643224  -0.146515  -0.807488  0.571399  -0.072707  -0.009405  0.090649  -2.174065  0.216907  -2.627092  1.000000  
114.974207 0.008446  0.009823  -0.019995  0.835179  0.208345  0.508987  -0.529587  0.554320  0.642080  -0.148368  -0.805805  0.573293  -0.073418  -0.010016  0.091659  -2.192097  0.212382  -2.612545  1.000000  
114.975456 0.008347  0.009804  -0.019871  0.835855  0.207281  0.508313  -0.527846  0.557764  0.640529  -0.150749  -0.803700  0.575622  -0.074231  -0.010750  0.092948  -2.201732  0.204093  -2.602356  1.000000  
114.976457 0.008269  0.009788  -0.019770  0.836391  0.206649  0.507687  -0.526501  0.560515  0.639234  -0.152469  -0.801947  0.577611  -0.074935  -0.011483  0.094331  -2.222773  0.207659  -2.587771  1.000000  
