1-Time 2-Px 3-Py 4-Pz 5-R11 6-R21 7-R31 8-R12 9-R22 10-R32 11-R13 12-R23 13-R33 14-Vx 15-Vy 16-Vz 17-Wx 18-Wy 19-Wz 20-state
91.437099 -0.001674  -0.016434  -0.042726  0.510759  0.835039  0.204536  -0.857671  0.511339  0.054148  -0.059372  -0.203082  0.977360  -0.000298  -0.000934  0.000497  0.000000  0.000000  0.000000  1.000000  
91.438322 -0.001674  -0.016435  -0.042723  0.510755  0.835025  0.204603  -0.857665  0.511363  0.054036  -0.059505  -0.203080  0.977352  0.000031  -0.001190  0.003791  0.000000  0.000000  0.000000  1.000000  
91.439571 -0.001668  -0.016436  -0.042679  0.510755  0.835025  0.204603  -0.857665  0.511363  0.054036  -0.059505  -0.203080  0.977352  0.002440  -0.001216  0.020860  0.000000  0.000000  0.000000  1.000000  
91.440815 -0.001663  -0.016435  -0.042624  0.510755  0.835025  0.204603  -0.857665  0.511363  0.054036  -0.059505  -0.203080  0.977352  0.003124  -0.000521  0.029269  0.000000  0.000000  0.000000  1.000000  
91.442066 -0.001660  -0.016431  -0.042585  0.510927  0.834906  0.204659  -0.857553  0.511558  0.053966  -0.059639  -0.203078  0.977345  0.002857  0.000456  0.029776  0.000000  0.000000  0.000000  1.000000  
91.443081 -0.001659  -0.016424  -0.042563  0.510927  0.834906  0.204659  -0.857553  0.511558  0.053966  -0.059639  -0.203078  0.977345  0.002625  0.001595  0.028285  0.000000  0.000000  0.000000  1.000000  
91.444325 -0.001659  -0.016413  -0.042545  0.510923  0.834892  0.204726  -0.857546  0.511581  0.053853  -0.059772  -0.203077  0.977337  0.002057  0.003007  0.025864  0.000000  0.000000  0.000000  1.000000  
91.445575 -0.001663  -0.016401  -0.042527  0.510923  0.834892  0.204726  -0.857546  0.511581  0.053853  -0.059772  -0.203077  0.977337  0.001280  0.003969  0.024107  0.000000  0.000000  0.000000  1.000000  
91.446820 -0.001667  -0.016393  -0.042504  0.510923  0.834867  0.204827  -0.857546  0.511575  0.053915  -0.059772  -0.203195  0.977312  0.000692  0.004257  0.023421  0.000000  0.000000  0.000000  1.000000  
91.448065 -0.001669  -0.016389  -0.042472  0.510919  0.834828  0.204995  -0.857539  0.511591  0.053865  -0.059906  -0.203312  0.977280  0.000495  0.004139  0.023706  0.000000  0.000000  0.000000  1.000000  
91.449068 -0.001671  -0.016386  -0.042441  0.510911  0.834776  0.205231  -0.857525  0.511632  0.053702  -0.060173  -0.203428  0.977239  0.000275  0.004051  0.024276  0.000000  0.000000  0.000000  1.000000  
91.450314 -0.001676  -0.016379  -0.042403  0.510907  0.834687  0.205601  -0.857518  0.511635  0.053776  -0.060307  -0.203781  0.977157  -0.000158  0.004171  0.024907  0.000000  0.000000  0.000000  1.000000  
91.451568 -0.001681  -0.016372  -0.042360  0.510722  0.834689  0.206050  -0.857609  0.511491  0.053695  -0.060574  -0.204134  0.977067  -0.000478  0.004347  0.025724  0.000000  0.000000  0.000000  1.000000  
91.452815 -0.001682  -0.016364  -0.042305  0.510714  0.834586  0.206487  -0.857595  0.511518  0.053657  -0.060841  -0.204486  0.976977  -0.000543  0.004668  0.028042  0.000000  0.000000  0.000000  1.000000  
91.454065 -0.001681  -0.016358  -0.042241  0.510710  0.834497  0.206858  -0.857588  0.511522  0.053731  -0.060974  -0.204840  0.976894  -0.000682  0.005179  0.030660  0.000000  0.000000  0.000000  1.000000  
91.455314 -0.001677  -0.016349  -0.042179  0.510701  0.834394  0.207295  -0.857574  0.511550  0.053692  -0.061241  -0.205192  0.976804  -0.000831  0.005911  0.030947  0.000000  0.000000  0.000000  1.000000  
91.456315 -0.001671  -0.016338  -0.042139  0.510697  0.834329  0.207565  -0.857567  0.511561  0.053704  -0.061375  -0.205427  0.976746  -0.000697  0.006544  0.031115  0.000000  0.000000  0.000000  1.000000  
91.457566 -0.001669  -0.016319  -0.042105  0.510693  0.834265  0.207834  -0.857560  0.511571  0.053716  -0.061509  -0.205662  0.976688  -0.000653  0.007284  0.031382  0.000000  0.000000  0.000000  1.000000  
91.458571 -0.001673  -0.016303  -0.042079  0.510512  0.834331  0.208013  -0.857658  0.511417  0.053623  -0.061642  -0.205779  0.976655  -0.000954  0.007826  0.031781  0.000000  0.000000  0.000000  1.000000  
91.459585 -0.001679  -0.016289  -0.042046  0.510684  0.834186  0.208170  -0.857546  0.511605  0.053615  -0.061776  -0.205896  0.976622  -0.001244  0.008028  0.033354  0.000000  0.000000  0.000000  1.000000  
91.460827 -0.001682  -0.016273  -0.041987  0.510680  0.834172  0.208237  -0.857539  0.511629  0.053503  -0.061909  -0.205894  0.976614  -0.001108  0.008422  0.036068  0.000000  0.000000  0.000000  1.000000  
91.462070 -0.001682  -0.016261  -0.041908  0.510676  0.834133  0.208405  -0.857532  0.511646  0.053453  -0.062043  -0.206011  0.976581  -0.000916  0.008838  0.039640  0.000000  0.000000  0.000000  1.000000  
91.463320 -0.001684  -0.016251  -0.041818  0.510852  0.834027  0.208394  -0.857427  0.511818  0.053496  -0.062043  -0.206011  0.976581  -0.001003  0.009252  0.043280  0.000000  0.000000  0.000000  1.000000  
91.464566 -0.001688  -0.016238  -0.041732  0.510852  0.834027  0.208394  -0.857427  0.511818  0.053496  -0.062043  -0.206011  0.976581  -0.001031  0.009716  0.046227  0.000000  0.000000  0.000000  1.000000  
91.465568 -0.001691  -0.016225  -0.041674  0.511029  0.833897  0.208484  -0.857321  0.511983  0.053601  -0.062043  -0.206129  0.976556  -0.000910  0.010258  0.048280  0.000000  0.000000  0.000000  1.000000  
91.466817 -0.001695  -0.016206  -0.041618  0.511201  0.833752  0.208641  -0.857209  0.512172  0.053594  -0.062176  -0.206246  0.976523  -0.000910  0.011034  0.048896  0.000000  0.000000  0.000000  1.000000  
91.468064 -0.001698  -0.016186  -0.041569  0.511201  0.833727  0.208742  -0.857209  0.512166  0.053656  -0.062176  -0.206365  0.976498  -0.001041  0.011957  0.048289  0.000000  0.000000  0.000000  1.000000  
91.469065 -0.001698  -0.016171  -0.041529  0.511373  0.833582  0.208899  -0.857097  0.512354  0.053649  -0.062310  -0.206481  0.976465  -0.001205  0.012593  0.047368  0.000000  0.000000  0.000000  1.000000  
91.470314 -0.001696  -0.016156  -0.041477  0.511550  0.833451  0.208989  -0.856991  0.512520  0.053754  -0.062310  -0.206600  0.976439  -0.001381  0.012971  0.046871  0.000000  0.000000  0.000000  1.000000  
91.471315 -0.001695  -0.016144  -0.041436  0.511546  0.833437  0.209056  -0.856984  0.512543  0.053642  -0.062443  -0.206598  0.976431  -0.001674  0.012840  0.047149  0.000000  0.000000  0.000000  1.000000  
91.472566 -0.001699  -0.016131  -0.041383  0.511722  0.833306  0.209146  -0.856879  0.512708  0.053747  -0.062443  -0.206716  0.976406  -0.002007  0.012518  0.048102  0.000000  0.000000  0.000000  1.000000  
91.473566 -0.001705  -0.016121  -0.041338  0.511722  0.833280  0.209247  -0.856879  0.512702  0.053809  -0.062443  -0.206835  0.976381  -0.002133  0.012090  0.049413  0.000000  0.000000  0.000000  1.000000  
91.474580 -0.001711  -0.016114  -0.041288  0.511898  0.833175  0.209236  -0.856774  0.512873  0.053852  -0.062443  -0.206835  0.976381  -0.002124  0.011703  0.050550  0.000000  0.000000  0.000000  1.000000  
91.475825 -0.001718  -0.016105  -0.041217  0.512075  0.833069  0.209225  -0.856668  0.513045  0.053895  -0.062443  -0.206835  0.976381  -0.002374  0.011179  0.051315  0.000000  0.000000  0.000000  1.000000  
91.477071 -0.001722  -0.016097  -0.041142  0.512251  0.832989  0.209113  -0.856563  0.513223  0.053876  -0.062443  -0.206716  0.976406  -0.002741  0.010950  0.050754  0.000000  0.000000  0.000000  1.000000  
91.478074 -0.001724  -0.016089  -0.041082  0.512255  0.833054  0.208844  -0.856570  0.513212  0.053864  -0.062310  -0.206481  0.976465  -0.002744  0.010995  0.049861  0.000000  0.000000  0.000000  1.000000  
91.479320 -0.001726  -0.016074  -0.041021  0.512427  0.833010  0.208597  -0.856457  0.513427  0.053608  -0.062443  -0.206124  0.976531  -0.002579  0.011137  0.048241  0.000000  0.000000  0.000000  1.000000  
91.480569 -0.001728  -0.016055  -0.040972  0.512780  0.832874  0.208272  -0.856246  0.513789  0.053507  -0.062443  -0.205769  0.976606  -0.002458  0.011328  0.046690  0.000000  0.000000  0.000000  1.000000  
91.481817 -0.001731  -0.016032  -0.040928  0.512956  0.832844  0.207957  -0.856141  0.513980  0.053363  -0.062443  -0.205413  0.976681  -0.002385  0.011563  0.045994  0.000000  0.000000  0.000000  1.000000  
91.483065 -0.001731  -0.016010  -0.040872  0.513309  0.832708  0.207632  -0.855929  0.514343  0.053261  -0.062443  -0.205058  0.976756  -0.002231  0.011671  0.046607  0.000000  0.000000  0.000000  1.000000  
91.484315 -0.001729  -0.015994  -0.040799  0.513661  0.832572  0.207308  -0.855718  0.514705  0.053159  -0.062443  -0.204703  0.976830  -0.002092  0.011590  0.047992  0.000000  0.000000  0.000000  1.000000  
91.485566 -0.001726  -0.015983  -0.040713  0.514013  0.832435  0.206983  -0.855506  0.515067  0.053057  -0.062443  -0.204347  0.976905  -0.002054  0.011316  0.050260  0.000000  0.000000  0.000000  1.000000  
91.486815 -0.001726  -0.015973  -0.040627  0.514361  0.832284  0.206725  -0.855287  0.515452  0.052843  -0.062577  -0.203990  0.976971  -0.001966  0.011046  0.052542  0.000000  0.000000  0.000000  1.000000  
91.487815 -0.001728  -0.015966  -0.040563  0.514533  0.832214  0.206580  -0.855174  0.515660  0.052648  -0.062710  -0.203751  0.977012  -0.001775  0.010868  0.054129  0.000000  0.000000  0.000000  1.000000  
91.489065 -0.001733  -0.015956  -0.040495  0.514700  0.832155  0.206401  -0.855054  0.515897  0.052279  -0.062977  -0.203392  0.977070  -0.001613  0.010788  0.054607  0.000000  0.000000  0.000000  1.000000  
91.490315 -0.001738  -0.015945  -0.040436  0.515048  0.831979  0.206245  -0.854835  0.516275  0.052127  -0.063111  -0.203153  0.977111  -0.001516  0.010908  0.054004  0.000000  0.000000  0.000000  1.000000  
91.491568 -0.001739  -0.015934  -0.040378  0.515391  0.831813  0.206056  -0.854608  0.516683  0.051800  -0.063378  -0.202794  0.977168  -0.001199  0.011102  0.052985  -0.093521  -0.010159  -0.191055  1.000000  
91.492822 -0.001736  -0.015922  -0.040319  0.515558  0.831778  0.205777  -0.854487  0.516926  0.051368  -0.063645  -0.202317  0.977250  -0.000804  0.011288  0.051731  -0.114633  -0.014679  -0.193537  1.000000  
91.494072 -0.001732  -0.015909  -0.040257  0.515721  0.831705  0.205667  -0.854359  0.517185  0.050886  -0.064046  -0.201956  0.977298  -0.000447  0.011250  0.051600  -0.126378  -0.026506  -0.203031  1.000000  
91.495318 -0.001729  -0.015893  -0.040189  0.515884  0.831656  0.205455  -0.854231  0.517450  0.050341  -0.064446  -0.201477  0.977371  -0.000039  0.010983  0.053130  -0.146754  -0.039758  -0.205827  1.000000  
91.496569 -0.001727  -0.015878  -0.040112  0.516046  0.831608  0.205244  -0.854103  0.517715  0.049797  -0.064847  -0.200997  0.977443  0.000257  0.010463  0.055380  -0.167084  -0.048600  -0.207647  1.000000  
91.497581 -0.001725  -0.015866  -0.040044  0.516213  0.831548  0.205067  -0.853982  0.517950  0.049427  -0.065114  -0.200638  0.977499  0.000391  0.010023  0.056975  -0.178751  -0.056006  -0.216113  1.000000  
91.498817 -0.001721  -0.015852  -0.039952  0.516199  0.831606  0.204866  -0.853959  0.518043  0.048840  -0.065514  -0.200158  0.977571  0.000544  0.009832  0.058586  -0.203691  -0.066273  -0.211284  1.000000  
91.500065 -0.001715  -0.015837  -0.039856  0.516361  0.831582  0.204555  -0.853830  0.518312  0.048232  -0.065915  -0.199560  0.977666  0.000820  0.010026  0.059364  -0.228130  -0.079540  -0.214026  1.000000  
91.501315 -0.001709  -0.015820  -0.039767  0.516343  0.831650  0.204322  -0.853800  0.518433  0.047469  -0.066449  -0.198960  0.977752  0.001126  0.010531  0.059389  -0.246387  -0.092045  -0.214939  1.000000  
91.502565 -0.001707  -0.015803  -0.039691  0.516329  0.831708  0.204121  -0.853777  0.518524  0.046882  -0.066849  -0.198481  0.977822  0.001352  0.011022  0.059225  -0.267016  -0.106580  -0.210937  1.000000  
91.503592 -0.001706  -0.015787  -0.039635  0.516311  0.831752  0.203988  -0.853746  0.518637  0.046183  -0.067383  -0.197999  0.977883  0.001740  0.011587  0.059123  -0.289294  -0.125000  -0.216110  1.000000  
91.504815 -0.001706  -0.015767  -0.039564  0.516292  0.831797  0.203856  -0.853715  0.518750  0.045483  -0.067917  -0.197517  0.977944  0.002071  0.012263  0.059827  -0.306291  -0.144193  -0.213174  1.000000  
91.505815 -0.001704  -0.015751  -0.039502  0.516273  0.831816  0.203824  -0.853684  0.518857  0.044846  -0.068451  -0.197154  0.977980  0.002240  0.012660  0.060649  -0.316379  -0.161943  -0.208346  1.000000  
91.507065 -0.001699  -0.015733  -0.039415  0.516249  0.831847  0.203759  -0.853645  0.518991  0.044035  -0.069119  -0.196671  0.978030  0.002585  0.013149  0.062688  -0.328859  -0.185212  -0.206064  1.000000  
91.508070 -0.001694  -0.015720  -0.039338  0.516225  0.831828  0.203896  -0.853605  0.519114  0.043349  -0.069786  -0.196424  0.978032  0.002695  0.013310  0.064910  -0.328795  -0.211464  -0.211407  1.000000  
91.509315 -0.001687  -0.015703  -0.039238  0.516196  0.831821  0.203999  -0.853557  0.519265  0.042488  -0.070587  -0.196057  0.978049  0.002974  0.013491  0.066988  -0.329185  -0.234775  -0.209120  1.000000  
91.510381 -0.001683  -0.015688  -0.039162  0.516172  0.831803  0.204136  -0.853516  0.519387  0.041802  -0.071254  -0.195811  0.978050  0.003071  0.013637  0.068289  -0.328004  -0.261032  -0.201344  1.000000  
91.511576 -0.001678  -0.015667  -0.039074  0.516137  0.831782  0.204307  -0.853459  0.519559  0.040830  -0.072188  -0.195442  0.978055  0.003219  0.014100  0.069215  -0.328995  -0.293797  -0.201169  1.000000  
91.512818 -0.001672  -0.015645  -0.038993  0.516102  0.831737  0.204580  -0.853400  0.519725  0.039920  -0.073123  -0.195191  0.978036  0.003464  0.014550  0.068892  -0.325853  -0.327523  -0.193902  1.000000  
91.513822 -0.001667  -0.015628  -0.038931  0.516071  0.831730  0.204683  -0.853350  0.519873  0.039059  -0.073923  -0.194823  0.978049  0.003616  0.014962  0.067832  -0.326225  -0.355358  -0.192389  1.000000  
91.515065 -0.001659  -0.015606  -0.038852  0.516030  0.831697  0.204922  -0.853282  0.520066  0.037974  -0.074991  -0.194452  0.978041  0.003697  0.015460  0.066770  -0.327187  -0.393523  -0.185963  1.000000  
91.516066 -0.001652  -0.015588  -0.038789  0.515993  0.831678  0.205094  -0.853221  0.520235  0.037000  -0.075925  -0.194082  0.978043  0.003911  0.015761  0.066344  -0.332154  -0.422761  -0.177690  1.000000  
91.517314 -0.001645  -0.015565  -0.038705  0.515956  0.831683  0.205164  -0.853160  0.520408  0.035964  -0.076858  -0.193594  0.978067  0.004143  0.016140  0.066693  -0.337929  -0.446923  -0.174689  1.000000  
91.518315 -0.001641  -0.015546  -0.038634  0.515919  0.831664  0.205336  -0.853098  0.520576  0.034991  -0.077792  -0.193224  0.978066  0.004347  0.016319  0.067613  -0.341704  -0.479945  -0.167830  1.000000  
91.519315 -0.001638  -0.015527  -0.038559  0.515886  0.831659  0.205439  -0.853044  0.520721  0.034130  -0.078592  -0.192856  0.978075  0.004630  0.016468  0.069100  -0.347415  -0.499229  -0.164043  1.000000  
91.520565 -0.001633  -0.015504  -0.038459  0.516018  0.831544  0.205571  -0.852866  0.521085  0.033023  -0.079660  -0.192365  0.978085  0.004802  0.016712  0.070604  -0.350758  -0.531283  -0.163742  1.000000  
91.521566 -0.001627  -0.015484  -0.038375  0.515985  0.831539  0.205675  -0.852811  0.521229  0.032162  -0.080460  -0.191997  0.978092  0.005026  0.017087  0.071798  -0.356405  -0.550135  -0.159960  1.000000  
91.522814 -0.001618  -0.015458  -0.038268  0.516110  0.831412  0.205875  -0.852621  0.521613  0.030944  -0.081660  -0.191503  0.978089  0.005201  0.017665  0.072626  -0.356440  -0.580936  -0.165888  1.000000  
91.523815 -0.001612  -0.015437  -0.038189  0.516245  0.831287  0.206040  -0.852449  0.521948  0.030013  -0.082593  -0.191133  0.978083  0.005265  0.018256  0.072614  -0.360443  -0.602835  -0.170102  1.000000  
91.524815 -0.001606  -0.015414  -0.038117  0.516375  0.831149  0.206274  -0.852266  0.522305  0.028970  -0.083660  -0.190760  0.978065  0.005328  0.018831  0.072321  -0.360364  -0.629060  -0.175125  1.000000  
91.525822 -0.001600  -0.015389  -0.038051  0.516503  0.830985  0.206609  -0.852083  0.522658  0.027990  -0.084727  -0.190505  0.978023  0.005406  0.019381  0.071659  -0.355148  -0.651960  -0.179872  1.000000  
91.526833 -0.001596  -0.015365  -0.037989  0.516632  0.830847  0.206844  -0.851899  0.523013  0.026947  -0.085793  -0.190132  0.978003  0.005450  0.019871  0.071306  -0.354937  -0.678146  -0.184830  1.000000  
91.528069 -0.001591  -0.015336  -0.037909  0.516741  0.830695  0.207182  -0.851683  0.523436  0.025505  -0.087259  -0.189633  0.977970  0.005329  0.020357  0.071255  -0.350419  -0.712431  -0.198325  1.000000  
91.529071 -0.001588  -0.015314  -0.037839  0.516867  0.830532  0.207518  -0.851497  0.523786  0.024526  -0.088326  -0.189378  0.977924  0.005136  0.020656  0.071863  -0.345771  -0.733203  -0.209264  1.000000  
91.530319 -0.001584  -0.015290  -0.037745  0.517150  0.830248  0.207954  -0.851172  0.524375  0.023191  -0.089792  -0.188997  0.977864  0.004811  0.020744  0.072905  -0.337041  -0.767296  -0.222690  1.000000  
91.531567 -0.001582  -0.015268  -0.037644  0.517262  0.830110  0.208226  -0.850962  0.524772  0.021861  -0.091124  -0.188500  0.977836  0.004481  0.020731  0.074088  -0.336436  -0.796949  -0.235198  1.000000  
91.532815 -0.001582  -0.015245  -0.037541  0.517361  0.829946  0.208634  -0.850729  0.525212  0.020308  -0.092723  -0.187997  0.977783  0.004059  0.020744  0.075281  -0.333044  -0.828563  -0.247365  1.000000  
91.534064 -0.001583  -0.015218  -0.037445  0.517633  0.829674  0.209039  -0.850388  0.525820  0.018797  -0.094321  -0.187495  0.977727  0.003709  0.020941  0.075541  -0.327799  -0.861060  -0.267224  1.000000  
91.535065 -0.001583  -0.015196  -0.037372  0.517749  0.829550  0.209245  -0.850184  0.526193  0.017580  -0.095520  -0.186999  0.977705  0.003480  0.021187  0.075072  -0.329889  -0.884730  -0.279271  1.000000  
91.536065 -0.001582  -0.015171  -0.037302  0.517863  0.829426  0.209452  -0.849978  0.526564  0.016362  -0.096719  -0.186503  0.977682  0.003174  0.021521  0.074353  -0.334597  -0.902463  -0.288498  1.000000  
91.537315 -0.001579  -0.015139  -0.037214  0.517957  0.829289  0.209763  -0.849738  0.526999  0.014745  -0.098317  -0.185881  0.977641  0.002804  0.022007  0.073075  -0.340768  -0.930967  -0.301502  1.000000  
91.538565 -0.001577  -0.015106  -0.037126  0.518049  0.829178  0.209973  -0.849495  0.527434  0.013064  -0.099914  -0.185139  0.977620  0.002369  0.022438  0.072190  -0.353431  -0.952819  -0.311261  1.000000  
91.539566 -0.001576  -0.015078  -0.037056  0.518161  0.829081  0.210081  -0.849285  0.527802  0.011783  -0.101113  -0.184524  0.977613  0.002033  0.022726  0.071932  -0.364049  -0.973481  -0.322936  1.000000  
91.540815 -0.001576  -0.015045  -0.036967  0.518425  0.828837  0.210391  -0.848932  0.528403  0.010209  -0.102710  -0.183901  0.977564  0.001617  0.022953  0.072330  -0.371606  -0.993039  -0.339027  1.000000  
91.542067 -0.001579  -0.015012  -0.036873  0.518506  0.828715  0.210673  -0.848672  0.528853  0.008417  -0.104440  -0.183156  0.977520  0.000954  0.023105  0.073559  -0.382851  -1.017980  -0.350189  1.000000  
91.543114 -0.001582  -0.014987  -0.036791  0.518600  0.828568  0.211019  -0.848433  0.529257  0.006976  -0.105903  -0.182653  0.977457  0.000567  0.023158  0.074410  -0.392735  -1.041213  -0.362293  1.000000  
91.544319 -0.001584  -0.014959  -0.036686  0.518670  0.828409  0.211471  -0.848156  0.529722  0.005136  -0.107766  -0.182024  0.977371  0.000156  0.023481  0.075715  -0.396582  -1.068294  -0.374159  1.000000  
91.545569 -0.001587  -0.014930  -0.036585  0.518913  0.828142  0.211922  -0.847768  0.530356  0.003340  -0.109628  -0.181394  0.977281  -0.000309  0.023841  0.075898  -0.403935  -1.087723  -0.389914  1.000000  
91.546818 -0.001591  -0.014901  -0.036491  0.518987  0.828022  0.212206  -0.847497  0.530797  0.001548  -0.111357  -0.180648  0.977224  -0.000592  0.024273  0.075341  -0.410443  -1.113376  -0.402538  1.000000  
91.548066 -0.001596  -0.014870  -0.036405  0.519052  0.827891  0.212560  -0.847211  0.531256  -0.000356  -0.113218  -0.179898  0.977148  -0.000915  0.024697  0.074339  -0.417683  -1.138902  -0.413685  1.000000  
91.549069 -0.001598  -0.014842  -0.036343  0.519139  0.827747  0.212910  -0.846961  0.531651  -0.001796  -0.114680  -0.179394  0.977070  -0.001017  0.025119  0.073360  -0.420835  -1.159789  -0.424118  1.000000  
91.550315 -0.001601  -0.014808  -0.036267  0.519192  0.827605  0.213333  -0.846657  0.532126  -0.003811  -0.116674  -0.178641  0.976972  -0.001222  0.025489  0.072622  -0.428735  -1.191138  -0.429312  1.000000  
91.551579 -0.001602  -0.014773  -0.036187  0.519433  0.827379  0.213621  -0.846269  0.532728  -0.005559  -0.118401  -0.177893  0.976901  -0.001454  0.025623  0.071958  -0.435678  -1.211555  -0.439267  1.000000  
91.552815 -0.001602  -0.014740  -0.036097  0.519482  0.827264  0.213946  -0.845957  0.533196  -0.007638  -0.120394  -0.177021  0.976816  -0.001600  0.025700  0.072101  -0.451871  -1.243341  -0.444542  1.000000  
91.554064 -0.001602  -0.014708  -0.036002  0.519537  0.827137  0.214303  -0.845657  0.533642  -0.009541  -0.122253  -0.176270  0.976721  -0.001730  0.025642  0.072563  -0.459725  -1.261390  -0.447110  1.000000  
91.555065 -0.001602  -0.014681  -0.035927  0.519608  0.827009  0.214625  -0.845381  0.534047  -0.011157  -0.123846  -0.175642  0.976633  -0.001794  0.025553  0.072926  -0.467632  -1.279380  -0.449813  1.000000  
91.556315 -0.001604  -0.014647  -0.035835  0.519651  0.826897  0.214951  -0.845061  0.534506  -0.013236  -0.125838  -0.174769  0.976535  -0.001722  0.025604  0.072945  -0.479636  -1.302123  -0.453165  1.000000  
91.557567 -0.001606  -0.014614  -0.035744  0.519856  0.826664  0.215351  -0.844616  0.535152  -0.015382  -0.127961  -0.173892  0.976416  -0.001658  0.025770  0.072516  -0.494665  -1.320684  -0.460971  1.000000  
91.558568 -0.001607  -0.014587  -0.035675  0.519912  0.826553  0.215643  -0.844318  0.535567  -0.017173  -0.129686  -0.173142  0.976321  -0.001614  0.025964  0.071645  -0.506594  -1.345199  -0.466415  1.000000  
91.559577 -0.001608  -0.014559  -0.035607  0.519976  0.826454  0.215867  -0.844032  0.535961  -0.018854  -0.131278  -0.172395  0.976241  -0.001539  0.026285  0.070372  -0.522455  -1.358324  -0.468055  1.000000  
91.560821 -0.001609  -0.014524  -0.035525  0.520175  0.826223  0.216270  -0.843577  0.536597  -0.020999  -0.133400  -0.171517  0.976108  -0.001351  0.026725  0.069267  -0.533317  -1.381554  -0.476617  1.000000  
91.562070 -0.001610  -0.014490  -0.035444  0.520198  0.826104  0.216670  -0.843225  0.537060  -0.023189  -0.135521  -0.170639  0.975969  -0.001145  0.027046  0.068545  -0.549879  -1.405036  -0.473066  1.000000  
91.563074 -0.001611  -0.014463  -0.035378  0.520411  0.825873  0.217039  -0.842793  0.537654  -0.025046  -0.137377  -0.169885  0.975842  -0.001048  0.027114  0.068497  -0.561315  -1.428713  -0.485178  1.000000  
91.564320 -0.001613  -0.014428  -0.035294  0.520602  0.825646  0.217446  -0.842327  0.538281  -0.027191  -0.139497  -0.169006  0.975693  -0.000906  0.027140  0.069095  -0.568428  -1.446011  -0.494240  1.000000  
91.565323 -0.001613  -0.014400  -0.035224  0.520637  0.825527  0.217812  -0.841996  0.538699  -0.029092  -0.141352  -0.168251  0.975557  -0.000869  0.027134  0.069652  -0.576181  -1.468321  -0.497302  1.000000  
91.566567 -0.001613  -0.014367  -0.035132  0.520813  0.825290  0.218291  -0.841506  0.539338  -0.031347  -0.143603  -0.167368  0.975380  -0.000764  0.027125  0.070364  -0.583028  -1.489525  -0.506922  1.000000  
91.567571 -0.001614  -0.014342  -0.035058  0.520854  0.825185  0.218590  -0.841185  0.539731  -0.033137  -0.145324  -0.166615  0.975254  -0.000782  0.027002  0.070431  -0.586669  -1.502961  -0.508216  1.000000  
91.568815 -0.001614  -0.014310  -0.034968  0.521014  0.824964  0.219041  -0.840671  0.540378  -0.035567  -0.147706  -0.165610  0.975067  -0.000781  0.026962  0.070103  -0.598559  -1.534662  -0.512640  1.000000  
91.570065 -0.001615  -0.014278  -0.034887  0.521161  0.824706  0.219661  -0.840134  0.541043  -0.038043  -0.150220  -0.164719  0.974834  -0.000842  0.026850  0.069352  -0.601277  -1.564871  -0.523669  1.000000  
91.571065 -0.001616  -0.014253  -0.034827  0.521184  0.824593  0.220032  -0.839786  0.541446  -0.039943  -0.152072  -0.163962  0.974675  -0.000830  0.026762  0.068332  -0.609025  -1.582866  -0.525811  1.000000  
91.572315 -0.001619  -0.014221  -0.034754  0.521152  0.824476  0.220547  -0.839348  0.541929  -0.042528  -0.154584  -0.162952  0.974449  -0.000859  0.026651  0.067125  -0.617718  -1.611509  -0.522488  1.000000  
91.573565 -0.001622  -0.014190  -0.034680  0.521299  0.824260  0.221003  -0.838815  0.542558  -0.044957  -0.156963  -0.161945  0.974236  -0.000982  0.026427  0.066338  -0.627498  -1.623977  -0.528371  1.000000  
91.574815 -0.001624  -0.014160  -0.034600  0.521248  0.824162  0.221489  -0.838347  0.543044  -0.047718  -0.159605  -0.160812  0.973995  -0.001049  0.026159  0.066150  -0.642922  -1.650279  -0.531379  1.000000  
91.575824 -0.001626  -0.014137  -0.034533  0.521423  0.823930  0.221942  -0.837859  0.543621  -0.049681  -0.161586  -0.160051  0.973793  -0.001114  0.025784  0.066094  -0.646763  -1.671791  -0.542735  1.000000  
91.577067 -0.001629  -0.014109  -0.034444  0.521377  0.823846  0.222361  -0.837400  0.544079  -0.052331  -0.164094  -0.158921  0.973559  -0.001271  0.025447  0.066642  -0.663591  -1.695893  -0.538439  1.000000  
91.578322 -0.001632  -0.014080  -0.034355  0.521499  0.823625  0.222892  -0.836829  0.544708  -0.054868  -0.166602  -0.157909  0.973298  -0.001384  0.025010  0.067108  -0.670072  -1.716926  -0.547376  1.000000  
91.579571 -0.001636  -0.014050  -0.034269  0.521434  0.823533  0.223382  -0.836340  0.545174  -0.057627  -0.169240  -0.156775  0.973026  -0.001575  0.024670  0.067188  -0.681750  -1.744073  -0.550327  1.000000  
91.580818 -0.001640  -0.014021  -0.034187  0.521524  0.823294  0.224054  -0.835719  0.545828  -0.060383  -0.172008  -0.155755  0.972704  -0.001767  0.024394  0.066764  -0.688365  -1.774554  -0.560866  1.000000  
91.582072 -0.001644  -0.013992  -0.034107  0.521622  0.823066  0.224659  -0.835111  0.546459  -0.063028  -0.174644  -0.154738  0.972397  -0.002083  0.024173  0.065915  -0.694825  -1.800257  -0.570480  1.000000  
91.583316 -0.001649  -0.013963  -0.034030  0.521545  0.822953  0.225252  -0.834604  0.546916  -0.065719  -0.177278  -0.153721  0.972082  -0.002373  0.023953  0.064823  -0.698427  -1.823325  -0.572623  1.000000  
91.584564 -0.001655  -0.013936  -0.033957  0.521622  0.822746  0.225829  -0.833963  0.547547  -0.068539  -0.180042  -0.152582  0.971753  -0.002694  0.023703  0.064048  -0.707215  -1.851589  -0.580371  1.000000  
91.585570 -0.001660  -0.013915  -0.033899  0.521601  0.822636  0.226279  -0.833548  0.547924  -0.070544  -0.182016  -0.151818  0.971505  -0.003011  0.023334  0.063867  -0.713540  -1.868337  -0.576945  1.000000  
91.586815 -0.001669  -0.013889  -0.033826  0.521526  0.822539  0.226806  -0.833046  0.548350  -0.073123  -0.184515  -0.150804  0.971191  -0.003424  0.022940  0.063826  -0.715263  -1.880036  -0.575001  1.000000  
91.588064 -0.001678  -0.013866  -0.033749  0.521618  0.822358  0.227249  -0.832431  0.548931  -0.075720  -0.187013  -0.149672  0.970888  -0.003837  0.022435  0.064115  -0.721661  -1.892712  -0.581962  1.000000  
91.589065 -0.001685  -0.013848  -0.033684  0.521575  0.822269  0.227670  -0.831982  0.549306  -0.077901  -0.189116  -0.148786  0.970617  -0.004156  0.022020  0.064322  -0.725235  -1.910868  -0.583323  1.000000  
91.590315 -0.001693  -0.013826  -0.033602  0.521449  0.822173  0.228306  -0.831400  0.549758  -0.080874  -0.192006  -0.147642  0.970225  -0.004507  0.021587  0.064335  -0.733910  -1.943721  -0.579846  1.000000  
91.591315 -0.001699  -0.013807  -0.033540  0.521400  0.822086  0.228729  -0.830942  0.550125  -0.083053  -0.194106  -0.146757  0.969941  -0.004877  0.021240  0.063755  -0.737340  -1.957106  -0.580302  1.000000  
91.592571 -0.001707  -0.013783  -0.033465  0.521450  0.821919  0.229215  -0.830262  0.550709  -0.085934  -0.196862  -0.145498  0.969575  -0.005147  0.020964  0.062840  -0.750988  -1.974285  -0.582925  1.000000  
91.593855 -0.001716  -0.013757  -0.033399  0.521325  0.821867  0.229685  -0.829683  0.551116  -0.088861  -0.199616  -0.144240  0.969200  -0.005494  0.020629  0.061114  -0.758662  -1.995585  -0.576740  1.000000  
91.595068 -0.001725  -0.013732  -0.033335  0.521380  0.821686  0.230205  -0.829013  0.551682  -0.091564  -0.202237  -0.143104  0.968825  -0.005796  0.020470  0.060042  -0.769008  -2.008711  -0.575205  1.000000  
91.596069 -0.001731  -0.013710  -0.033283  0.521319  0.821634  0.230531  -0.828538  0.552019  -0.093807  -0.204333  -0.142100  0.968533  -0.006081  0.020250  0.059020  -0.774643  -2.025416  -0.577764  1.000000  
91.597318 -0.001740  -0.013685  -0.033214  0.521381  0.821467  0.230985  -0.827881  0.552558  -0.096399  -0.206821  -0.140968  0.968170  -0.006387  0.019973  0.058383  -0.782384  -2.035397  -0.577245  1.000000  
91.598564 -0.001749  -0.013661  -0.033142  0.521425  0.821347  0.231310  -0.827195  0.553084  -0.099233  -0.209438  -0.139596  0.967806  -0.006667  0.019715  0.058239  -0.795564  -2.041278  -0.573770  1.000000  
91.599574 -0.001758  -0.013643  -0.033082  0.521340  0.821261  0.231807  -0.826682  0.553435  -0.101517  -0.211662  -0.138706  0.967450  -0.006918  0.019467  0.058300  -0.797148  -2.053407  -0.575603  1.000000  
91.600815 -0.001770  -0.013620  -0.033007  0.521376  0.821146  0.232135  -0.825986  0.553948  -0.104349  -0.214276  -0.137335  0.967070  -0.007202  0.019271  0.058565  -0.813071  -2.063619  -0.574813  1.000000  
91.602065 -0.001781  -0.013597  -0.032931  0.521408  0.820976  0.232664  -0.825283  0.554481  -0.107046  -0.216890  -0.136199  0.966648  -0.007363  0.019195  0.058609  -0.815187  -2.067597  -0.579957  1.000000  
91.603315 -0.001793  -0.013574  -0.032859  0.521436  0.820836  0.233094  -0.824575  0.554994  -0.109809  -0.219501  -0.134946  0.966234  -0.007571  0.019197  0.058102  -0.822704  -2.077203  -0.578954  1.000000  
91.604567 -0.001804  -0.013551  -0.032791  0.521443  0.820689  0.233596  -0.823836  0.555516  -0.112680  -0.222241  -0.133688  0.965783  -0.007803  0.019242  0.057193  -0.824673  -2.081128  -0.583764  1.000000  
91.605814 -0.001815  -0.013525  -0.032728  0.521446  0.820572  0.233999  -0.823090  0.556017  -0.115617  -0.224980  -0.132314  0.965338  -0.007898  0.019389  0.056222  -0.837703  -2.091699  -0.580870  1.000000  
91.606815 -0.001822  -0.013505  -0.032678  0.521526  0.820419  0.234357  -0.822467  0.556480  -0.117806  -0.227065  -0.131312  0.964986  -0.008005  0.019493  0.055363  -0.839727  -2.095329  -0.586089  1.000000  
91.608065 -0.001832  -0.013479  -0.032616  0.521521  0.820278  0.234863  -0.821710  0.556983  -0.120674  -0.229801  -0.130056  0.964509  -0.008128  0.019591  0.054846  -0.841611  -2.103670  -0.591445  1.000000  
91.609314 -0.001843  -0.013453  -0.032552  0.521494  0.820158  0.235341  -0.820921  0.557479  -0.123716  -0.232665  -0.128679  0.964007  -0.008238  0.019601  0.054747  -0.852976  -2.113242  -0.590178  1.000000  
91.610323 -0.001852  -0.013433  -0.032498  0.521513  0.820011  0.235811  -0.820204  0.557955  -0.126296  -0.235136  -0.127548  0.963557  -0.008381  0.019488  0.054973  -0.863210  -2.122073  -0.591301  1.000000  
91.611571 -0.001863  -0.013408  -0.032426  0.521494  0.819904  0.236223  -0.819429  0.558423  -0.129228  -0.237866  -0.126176  0.963068  -0.008540  0.019461  0.055393  -0.873278  -2.126332  -0.596067  1.000000  
91.612572 -0.001872  -0.013389  -0.032366  0.521556  0.819817  0.236389  -0.818783  0.558829  -0.131547  -0.239945  -0.124942  0.962713  -0.008712  0.019388  0.055542  -0.883423  -2.125928  -0.600426  1.000000  
91.613821 -0.001884  -0.013365  -0.032292  0.521529  0.819714  0.236803  -0.817996  0.559284  -0.134476  -0.242672  -0.123571  0.962206  -0.008886  0.019467  0.055567  -0.894824  -2.126631  -0.597799  1.000000  
91.614822 -0.001894  -0.013344  -0.032235  0.521452  0.819734  0.236905  -0.817504  0.559499  -0.136557  -0.244489  -0.122463  0.961888  -0.008919  0.019650  0.055278  -0.902393  -2.122733  -0.594970  1.000000  
91.615825 -0.001905  -0.013323  -0.032181  0.521488  0.819642  0.237144  -0.816819  0.559903  -0.138982  -0.246694  -0.121226  0.961481  -0.008991  0.019814  0.054893  -0.916478  -2.126647  -0.600037  1.000000  
91.617068 -0.001918  -0.013296  -0.032115  0.521485  0.819592  0.237325  -0.816073  0.560294  -0.141759  -0.249156  -0.119749  0.961031  -0.009110  0.020118  0.054312  -0.928142  -2.127884  -0.597289  1.000000  
91.618318 -0.001931  -0.013267  -0.032050  0.521442  0.819527  0.237645  -0.815265  0.560705  -0.144752  -0.251877  -0.118264  0.960506  -0.009200  0.020444  0.053912  -0.942115  -2.136602  -0.602448  1.000000  
91.619325 -0.001941  -0.013245  -0.031996  0.521449  0.819402  0.238057  -0.814537  0.561122  -0.147214  -0.254207  -0.117141  0.960030  -0.009258  0.020711  0.053886  -0.947829  -2.144737  -0.607998  1.000000  
91.620572 -0.001954  -0.013216  -0.031926  0.521396  0.819342  0.238380  -0.813718  0.561518  -0.150204  -0.256923  -0.115658  0.959486  -0.009465  0.020943  0.054315  -0.959258  -2.141300  -0.604518  1.000000  
91.621815 -0.001967  -0.013187  -0.031853  0.521321  0.819246  0.238873  -0.812863  0.561938  -0.153232  -0.259767  -0.114288  0.958885  -0.009678  0.021236  0.055133  -0.961134  -2.150671  -0.609629  1.000000  
91.622815 -0.001978  -0.013164  -0.031792  0.521335  0.819165  0.239120  -0.812149  0.562305  -0.155651  -0.261962  -0.113055  0.958433  -0.009908  0.021351  0.055845  -0.967161  -2.150338  -0.611374  1.000000  
91.624065 -0.001993  -0.013136  -0.031716  0.521250  0.819103  0.239517  -0.811282  0.562692  -0.158744  -0.264802  -0.111570  0.957827  -0.010202  0.021535  0.056671  -0.978367  -2.155574  -0.609007  1.000000  
91.625317 -0.002008  -0.013108  -0.031641  0.521160  0.819015  0.240014  -0.810408  0.563090  -0.161768  -0.267639  -0.110202  0.957196  -0.010456  0.021696  0.057144  -0.979838  -2.164237  -0.613790  1.000000  
91.626573 -0.002022  -0.013078  -0.031567  0.521085  0.818966  0.240344  -0.809558  0.563448  -0.164750  -0.270346  -0.108724  0.956605  -0.010650  0.022045  0.057153  -0.990914  -2.169397  -0.613773  1.000000  
91.627573 -0.002035  -0.013055  -0.031511  0.520878  0.818993  0.240701  -0.808870  0.563646  -0.167428  -0.272792  -0.107486  0.956050  -0.010901  0.022291  0.056957  -0.995774  -2.188553  -0.606649  1.000000  
91.628818 -0.002050  -0.013026  -0.031444  0.520754  0.818963  0.241072  -0.807946  0.563993  -0.170690  -0.275752  -0.105885  0.955379  -0.011061  0.022572  0.056558  -1.007340  -2.198992  -0.604674  1.000000  
91.629818 -0.002063  -0.013002  -0.031391  0.520745  0.818923  0.241227  -0.807202  0.564302  -0.173169  -0.277937  -0.104542  0.954894  -0.011245  0.022802  0.056308  -1.017103  -2.203222  -0.609151  1.000000  
91.631064 -0.002079  -0.012972  -0.031325  0.520631  0.818876  0.241631  -0.806297  0.564642  -0.176252  -0.280764  -0.103064  0.954227  -0.011509  0.023058  0.056212  -1.024393  -2.213130  -0.607130  1.000000  
91.632071 -0.002092  -0.012947  -0.031270  0.520595  0.818803  0.241957  -0.805512  0.564971  -0.178768  -0.283074  -0.101834  0.953676  -0.011630  0.023250  0.056398  -1.033844  -2.221256  -0.612240  1.000000  
91.633316 -0.002108  -0.012917  -0.031196  0.520471  0.818790  0.242264  -0.804595  0.565273  -0.181916  -0.285896  -0.100243  0.953003  -0.011781  0.023352  0.056945  -1.045344  -2.227120  -0.609580  1.000000  
91.634564 -0.002123  -0.012887  -0.031119  0.520343  0.818781  0.242572  -0.803671  0.565567  -0.185062  -0.288716  -0.098653  0.952319  -0.011948  0.023465  0.057546  -1.056131  -2.236231  -0.604765  1.000000  
91.635567 -0.002136  -0.012863  -0.031057  0.520129  0.818830  0.242864  -0.802977  0.565707  -0.187622  -0.291021  -0.097426  0.951743  -0.012133  0.023539  0.057943  -1.061676  -2.242854  -0.598402  1.000000  
91.636814 -0.002153  -0.012833  -0.030981  0.519970  0.818789  0.243342  -0.802008  0.566019  -0.190803  -0.293964  -0.095950  0.950988  -0.012385  0.023632  0.058135  -1.068234  -2.256124  -0.594221  1.000000  
91.637815 -0.002167  -0.012808  -0.030923  0.519891  0.818720  0.243743  -0.801164  0.566326  -0.193417  -0.296392  -0.094722  0.950357  -0.012552  0.023774  0.057954  -1.076338  -2.266902  -0.595171  1.000000  
91.639065 -0.002184  -0.012776  -0.030854  0.519579  0.818837  0.244015  -0.800322  0.566419  -0.196606  -0.299203  -0.093138  0.949633  -0.012714  0.023985  0.057523  -1.085351  -2.268528  -0.584970  1.000000  
91.640065 -0.002198  -0.012750  -0.030800  0.519514  0.818779  0.244348  -0.799502  0.566703  -0.199110  -0.301500  -0.091917  0.949025  -0.012828  0.024262  0.057072  -1.086104  -2.263243  -0.585797  1.000000  
91.641315 -0.002215  -0.012718  -0.030733  0.519313  0.818772  0.244800  -0.798472  0.566969  -0.202457  -0.304560  -0.090328  0.948201  -0.013075  0.024387  0.056589  -1.093115  -2.281620  -0.584186  1.000000  
91.642570 -0.002233  -0.012688  -0.030666  0.519150  0.818781  0.245115  -0.797503  0.567206  -0.205589  -0.307362  -0.088748  0.947445  -0.013195  0.024478  0.056347  -1.098063  -2.287616  -0.574377  1.000000  
91.643574 -0.002248  -0.012665  -0.030611  0.518909  0.818845  0.245409  -0.796774  0.567301  -0.208138  -0.309653  -0.087531  0.946812  -0.013415  0.024517  0.056423  -1.104141  -2.294589  -0.567852  1.000000  
91.644819 -0.002267  -0.012635  -0.030540  0.518714  0.818883  0.245694  -0.795758  0.567505  -0.211440  -0.312578  -0.085836  0.946006  -0.013572  0.024492  0.056789  -1.112661  -2.315906  -0.570738  1.000000  
91.645824 -0.002282  -0.012611  -0.030483  0.518442  0.818946  0.246058  -0.794983  0.567597  -0.214092  -0.314992  -0.084618  0.945315  -0.013759  0.024435  0.057045  -1.113728  -2.325995  -0.562065  1.000000  
91.647068 -0.002301  -0.012582  -0.030410  0.518191  0.818948  0.246582  -0.793883  0.567829  -0.217533  -0.318165  -0.083034  0.944392  -0.013924  0.024392  0.057338  -1.116843  -2.353477  -0.561098  1.000000  
91.648316 -0.002320  -0.012553  -0.030338  0.517793  0.819076  0.246993  -0.792916  0.567873  -0.220915  -0.321207  -0.081456  0.943499  -0.014190  0.024285  0.057112  -1.121987  -2.368498  -0.552142  1.000000  
91.649566 -0.002339  -0.012524  -0.030267  0.517552  0.819090  0.247449  -0.791836  0.568076  -0.224244  -0.324247  -0.079881  0.942594  -0.014366  0.024244  0.056708  -1.125154  -2.378363  -0.549217  1.000000  
91.650815 -0.002358  -0.012494  -0.030202  0.517306  0.819138  0.247807  -0.790747  0.568242  -0.227639  -0.327283  -0.078194  0.941686  -0.014618  0.024245  0.055908  -1.136368  -2.392545  -0.546692  1.000000  
91.652065 -0.002378  -0.012465  -0.030137  0.517077  0.819134  0.248296  -0.789688  0.568445  -0.230788  -0.330189  -0.076741  0.940790  -0.014814  0.024106  0.055220  -1.138689  -2.400497  -0.539187  1.000000  
91.653315 -0.002398  -0.012435  -0.030073  0.516656  0.819275  0.248706  -0.788690  0.568452  -0.234159  -0.333218  -0.075172  0.939848  -0.014974  0.023978  0.054716  -1.144129  -2.406960  -0.529233  1.000000  
91.654565 -0.002420  -0.012407  -0.030008  0.516342  0.819292  0.249302  -0.787503  0.568633  -0.237686  -0.336496  -0.073599  0.938804  -0.015309  0.023730  0.054626  -1.149688  -2.427108  -0.525159  1.000000  
91.655576 -0.002438  -0.012385  -0.029952  0.516008  0.819370  0.249735  -0.786641  0.568675  -0.240425  -0.339015  -0.072391  0.937992  -0.015612  0.023477  0.054649  -1.152156  -2.439194  -0.518474  1.000000  
91.656815 -0.002461  -0.012358  -0.029880  0.515682  0.819394  0.250332  -0.785438  0.568839  -0.243945  -0.342286  -0.070822  0.936923  -0.015902  0.023212  0.055097  -1.152389  -2.460329  -0.521090  1.000000  
