1-Time 2-Px 3-Py 4-Pz 5-R11 6-R21 7-R31 8-R12 9-R22 10-R32 11-R13 12-R23 13-R33 14-Vx 15-Vy 16-Vz 17-Wx 18-Wy 19-Wz 20-state
244.882540 -0.001439  -0.011756  -0.009110  0.499443  0.761810  0.412555  -0.847376  0.528670  0.049619  -0.180306  -0.374371  0.909580  0.001947  0.000244  0.000365  0.105129  0.161262  0.065210  1.000000  
244.883597 -0.001435  -0.011754  -0.009109  0.499293  0.761970  0.412442  -0.847521  0.528426  0.049743  -0.180042  -0.374390  0.909625  0.004225  0.001619  0.001338  0.000000  0.000000  0.000000  1.000000  
244.884837 -0.001429  -0.011749  -0.009101  0.499167  0.762130  0.412298  -0.847706  0.528091  0.050142  -0.179516  -0.374537  0.909668  0.004625  0.003458  0.004489  0.000000  0.000000  0.000000  1.000000  
244.886082 -0.001422  -0.011741  -0.009090  0.499216  0.762182  0.412143  -0.847789  0.527912  0.050626  -0.178989  -0.374684  0.909712  0.005143  0.004591  0.005928  0.000000  0.000000  0.000000  1.000000  
244.887082 -0.001417  -0.011735  -0.009084  0.499078  0.762367  0.411968  -0.847954  0.527625  0.050855  -0.178595  -0.374711  0.909778  0.005057  0.004736  0.006052  0.000000  0.000000  0.000000  1.000000  
244.888332 -0.001411  -0.011730  -0.009076  0.498940  0.762502  0.411886  -0.848118  0.527333  0.051149  -0.178200  -0.374848  0.909799  0.005006  0.004693  0.006123  0.000000  0.000000  0.000000  1.000000  
244.889335 -0.001406  -0.011724  -0.009069  0.498976  0.762578  0.411701  -0.848180  0.527203  0.051464  -0.177805  -0.374876  0.909865  0.004980  0.004910  0.006233  0.000000  0.000000  0.000000  1.000000  
244.890369 -0.001401  -0.011716  -0.009064  0.498837  0.762763  0.411526  -0.848344  0.526916  0.051694  -0.177410  -0.374903  0.909931  0.004946  0.005187  0.006029  0.000000  0.000000  0.000000  1.000000  
244.891589 -0.001395  -0.011708  -0.009059  0.498699  0.762898  0.411445  -0.848508  0.526623  0.051988  -0.177015  -0.375040  0.909951  0.004940  0.005483  0.005791  0.000000  0.000000  0.000000  1.000000  
244.892590 -0.001392  -0.011702  -0.009055  0.498560  0.763032  0.411363  -0.848672  0.526330  0.052282  -0.176619  -0.375178  0.909971  0.004748  0.005463  0.005627  0.000000  0.000000  0.000000  1.000000  
244.893832 -0.001388  -0.011696  -0.009047  0.498421  0.763167  0.411281  -0.848835  0.526037  0.052576  -0.176224  -0.375315  0.909991  0.004634  0.005422  0.005688  0.000000  0.000000  0.000000  1.000000  
244.894834 -0.001383  -0.011689  -0.009041  0.498270  0.763326  0.411169  -0.848979  0.525793  0.052702  -0.175961  -0.375333  0.910035  0.004638  0.005584  0.005688  0.000000  0.000000  0.000000  1.000000  
244.895835 -0.001378  -0.011681  -0.009035  0.498119  0.763435  0.411149  -0.849122  0.525543  0.052891  -0.175697  -0.375461  0.910032  0.004697  0.005732  0.005717  0.000000  0.000000  0.000000  1.000000  
244.897080 -0.001371  -0.011670  -0.009027  0.497980  0.763570  0.411068  -0.849285  0.525249  0.053185  -0.175302  -0.375599  0.910052  0.004718  0.005975  0.005807  0.000000  0.000000  0.000000  1.000000  
244.898085 -0.001365  -0.011661  -0.009017  0.497829  0.763679  0.411048  -0.849428  0.524999  0.053374  -0.175039  -0.375727  0.910050  0.004884  0.006383  0.006206  0.042819  0.263807  0.281249  1.000000  
244.899330 -0.001355  -0.011647  -0.009004  0.497666  0.763713  0.411183  -0.849551  0.524785  0.053522  -0.174907  -0.375957  0.909980  0.005103  0.006982  0.006671  0.052091  0.246674  0.274497  1.000000  
244.900580 -0.001346  -0.011632  -0.008992  0.497666  0.763713  0.411183  -0.849551  0.524785  0.053522  -0.174907  -0.375957  0.909980  0.005266  0.007457  0.006824  0.048421  0.229294  0.255158  1.000000  
244.901830 -0.001336  -0.011616  -0.008982  0.497503  0.763796  0.411225  -0.849673  0.524578  0.053606  -0.174775  -0.376076  0.909956  0.005436  0.008064  0.006876  0.049706  0.216631  0.250926  1.000000  
244.903080 -0.001329  -0.011601  -0.008974  0.497328  0.763904  0.411236  -0.849776  0.524421  0.053521  -0.174775  -0.376076  0.909956  0.005572  0.008647  0.006850  0.044830  0.199435  0.244683  1.000000  
244.904080 -0.001323  -0.011588  -0.008968  0.497153  0.764012  0.411247  -0.849878  0.524263  0.053437  -0.174775  -0.376076  0.909956  0.005621  0.009128  0.006854  0.040998  0.186405  0.241978  1.000000  
244.905330 -0.001315  -0.011573  -0.008958  0.497153  0.764012  0.411247  -0.849878  0.524263  0.053437  -0.174775  -0.376076  0.909956  0.005766  0.009596  0.007105  0.038719  0.176045  0.228529  1.000000  
244.906333 -0.001309  -0.011561  -0.008948  0.497328  0.763954  0.411143  -0.849776  0.524427  0.053458  -0.174775  -0.375966  0.910002  0.005862  0.009901  0.007478  0.033458  0.171829  0.210788  1.000000  
244.907350 -0.001304  -0.011550  -0.008936  0.497153  0.764062  0.411154  -0.849878  0.524270  0.053373  -0.174775  -0.375966  0.910002  0.005978  0.010287  0.008022  0.030577  0.161540  0.209673  1.000000  
244.908361 -0.001300  -0.011541  -0.008922  0.497153  0.764062  0.411154  -0.849878  0.524270  0.053373  -0.174775  -0.375966  0.910002  0.005972  0.010595  0.008573  0.029367  0.155149  0.201377  1.000000  
244.909609 -0.001294  -0.011526  -0.008906  0.496966  0.764145  0.411227  -0.849960  0.524156  0.053183  -0.174907  -0.375957  0.909980  0.006026  0.010986  0.009183  0.026624  0.140410  0.197079  1.000000  
244.910836 -0.001285  -0.011511  -0.008891  0.496966  0.764145  0.411227  -0.849960  0.524156  0.053183  -0.174907  -0.375957  0.909980  0.006199  0.011404  0.009642  0.025457  0.134256  0.188441  1.000000  
244.912085 -0.001276  -0.011493  -0.008880  0.496779  0.764227  0.411299  -0.850042  0.524042  0.052994  -0.175039  -0.375948  0.909959  0.006344  0.011840  0.009823  0.023112  0.121652  0.185054  1.000000  
244.913086 -0.001270  -0.011480  -0.008870  0.496779  0.764277  0.411206  -0.850042  0.524048  0.052930  -0.175039  -0.375837  0.910004  0.006326  0.012063  0.009853  0.019875  0.118014  0.173864  1.000000  
244.914331 -0.001262  -0.011463  -0.008859  0.496779  0.764277  0.411206  -0.850042  0.524048  0.052930  -0.175039  -0.375837  0.910004  0.006224  0.012270  0.009627  0.000000  0.000000  0.000000  1.000000  
244.915582 -0.001256  -0.011445  -0.008851  0.496604  0.764385  0.411217  -0.850144  0.523891  0.052845  -0.175039  -0.375837  0.910004  0.005986  0.012418  0.009428  0.000000  0.000000  0.000000  1.000000  
244.916830 -0.001250  -0.011429  -0.008845  0.496254  0.764601  0.411239  -0.850349  0.523576  0.052676  -0.175039  -0.375837  0.910004  0.005757  0.012441  0.009153  0.000000  0.000000  0.000000  1.000000  
244.917830 -0.001248  -0.011417  -0.008840  0.496254  0.764651  0.411146  -0.850349  0.523583  0.052613  -0.175039  -0.375727  0.910050  0.005497  0.012466  0.009086  0.000000  0.000000  0.000000  1.000000  
244.919080 -0.001245  -0.011403  -0.008831  0.496079  0.764808  0.411064  -0.850451  0.523432  0.052464  -0.175039  -0.375617  0.910095  0.005193  0.012364  0.009155  0.000000  0.000000  0.000000  1.000000  
244.920330 -0.001245  -0.011388  -0.008818  0.495916  0.764941  0.411014  -0.850573  0.523231  0.052485  -0.174907  -0.375626  0.910117  0.004700  0.012332  0.009311  0.000000  0.000000  0.000000  1.000000  
244.921338 -0.001244  -0.011376  -0.008808  0.495741  0.765099  0.410932  -0.850675  0.523080  0.052337  -0.174907  -0.375515  0.910163  0.004294  0.012363  0.009304  0.000000  0.000000  0.000000  1.000000  
244.922583 -0.001245  -0.011361  -0.008796  0.495402  0.765389  0.410799  -0.850900  0.522727  0.052210  -0.174775  -0.375414  0.910230  0.003866  0.012517  0.009150  0.000000  0.000000  0.000000  1.000000  
244.923834 -0.001245  -0.011346  -0.008785  0.495227  0.765596  0.410624  -0.851002  0.522582  0.051998  -0.174775  -0.375193  0.910321  0.003485  0.012646  0.008728  0.000000  0.000000  0.000000  1.000000  
244.924839 -0.001243  -0.011332  -0.008779  0.495064  0.765779  0.410481  -0.851124  0.522388  0.051956  -0.174644  -0.375091  0.910388  0.003245  0.012760  0.008202  0.000000  0.000000  0.000000  1.000000  
244.925846 -0.001241  -0.011318  -0.008773  0.495075  0.765854  0.410327  -0.851144  0.522351  0.051998  -0.174512  -0.374990  0.910455  0.002918  0.012800  0.007840  0.000000  0.000000  0.000000  1.000000  
244.927083 -0.001237  -0.011298  -0.008765  0.494912  0.766037  0.410183  -0.851266  0.522156  0.051955  -0.174380  -0.374888  0.910522  0.002614  0.013041  0.007633  0.000000  0.000000  0.000000  1.000000  
244.928084 -0.001235  -0.011282  -0.008757  0.494748  0.766269  0.409947  -0.851388  0.521967  0.051849  -0.174248  -0.374676  0.910635  0.002354  0.013217  0.007545  0.000000  0.000000  0.000000  1.000000  
244.929333 -0.001232  -0.011263  -0.008745  0.494760  0.766393  0.409700  -0.851408  0.521937  0.051828  -0.174117  -0.374464  0.910747  0.001943  0.013282  0.007584  0.000000  0.000000  0.000000  1.000000  
244.930603 -0.001230  -0.011246  -0.008734  0.494585  0.766600  0.409524  -0.851510  0.521791  0.051617  -0.174117  -0.374243  0.910838  0.001637  0.013269  0.007827  0.000000  0.000000  0.000000  1.000000  
244.931830 -0.001229  -0.011229  -0.008723  0.494596  0.766725  0.409277  -0.851530  0.521761  0.051596  -0.173985  -0.374031  0.910950  0.001407  0.013345  0.008251  0.000000  0.000000  0.000000  1.000000  
244.932830 -0.001228  -0.011216  -0.008713  0.494421  0.766931  0.409102  -0.851632  0.521615  0.051385  -0.173985  -0.373810  0.911041  0.001304  0.013454  0.008468  0.000000  0.000000  0.000000  1.000000  
244.934080 -0.001228  -0.011201  -0.008701  0.494421  0.767030  0.408916  -0.851632  0.521628  0.051259  -0.173985  -0.373589  0.911131  0.001197  0.013504  0.008659  0.000000  0.000000  0.000000  1.000000  
244.935081 -0.001227  -0.011188  -0.008692  0.494421  0.767130  0.408730  -0.851632  0.521640  0.051132  -0.173985  -0.373368  0.911222  0.001179  0.013526  0.008552  0.000000  0.000000  0.000000  1.000000  
244.936330 -0.001223  -0.011172  -0.008682  0.494257  0.767361  0.408493  -0.851754  0.521451  0.051027  -0.173853  -0.373156  0.911334  0.001402  0.013630  0.008379  0.000000  0.000000  0.000000  1.000000  
244.937335 -0.001220  -0.011159  -0.008675  0.494257  0.767510  0.408214  -0.851754  0.521470  0.050837  -0.173853  -0.372824  0.911470  0.001730  0.013711  0.008153  0.000000  0.000000  0.000000  1.000000  
244.938581 -0.001214  -0.011141  -0.008669  0.494257  0.767609  0.408027  -0.851754  0.521482  0.050711  -0.173853  -0.372603  0.911560  0.002093  0.013904  0.007926  0.000000  0.000000  0.000000  1.000000  
244.939585 -0.001209  -0.011126  -0.008662  0.494433  0.767600  0.407831  -0.851652  0.521653  0.050668  -0.173853  -0.372382  0.911651  0.002352  0.014007  0.007862  0.000000  0.000000  0.000000  1.000000  
244.940837 -0.001200  -0.011106  -0.008652  0.494433  0.767749  0.407551  -0.851652  0.521671  0.050478  -0.173853  -0.372050  0.911786  0.002682  0.014151  0.008109  0.000000  0.000000  0.000000  1.000000  
244.942084 -0.001193  -0.011087  -0.008637  0.494433  0.767897  0.407272  -0.851652  0.521689  0.050288  -0.173853  -0.371718  0.911921  0.002932  0.014052  0.008567  0.000000  0.000000  0.000000  1.000000  
244.943106 -0.001186  -0.011072  -0.008624  0.494433  0.768045  0.406992  -0.851652  0.521708  0.050098  -0.173853  -0.371386  0.912057  0.003250  0.013975  0.008877  0.000000  0.000000  0.000000  1.000000  
244.944333 -0.001180  -0.011055  -0.008607  0.494433  0.768193  0.406713  -0.851652  0.521726  0.049909  -0.173853  -0.371054  0.912192  0.003457  0.013918  0.009227  -0.195054  0.003857  0.097297  1.000000  
244.945580 -0.001174  -0.011036  -0.008590  0.494596  0.768209  0.406484  -0.851530  0.521945  0.049697  -0.173985  -0.370714  0.912305  0.003741  0.014000  0.009591  -0.204416  0.002278  0.088564  1.000000  
244.946581 -0.001170  -0.011022  -0.008578  0.494772  0.768249  0.406195  -0.851428  0.522121  0.049591  -0.173985  -0.370382  0.912440  0.003882  0.014000  0.009803  -0.214724  0.010059  0.070383  1.000000  
244.947582 -0.001167  -0.011009  -0.008565  0.494947  0.768289  0.405905  -0.851326  0.522297  0.049484  -0.173985  -0.370050  0.912575  0.004160  0.014047  0.010032  -0.221658  0.012655  0.064071  1.000000  
244.948830 -0.001162  -0.010992  -0.008550  0.494947  0.768486  0.405532  -0.851326  0.522321  0.049231  -0.173985  -0.369607  0.912754  0.004402  0.014105  0.010268  -0.232701  0.015254  0.057766  1.000000  
244.949830 -0.001159  -0.010979  -0.008537  0.494947  0.768585  0.405346  -0.851326  0.522333  0.049104  -0.173985  -0.369385  0.912844  0.004566  0.014170  0.010467  -0.239639  0.013675  0.049754  1.000000  
244.950830 -0.001156  -0.010965  -0.008524  0.495110  0.768600  0.405117  -0.851204  0.522552  0.048892  -0.174117  -0.369044  0.912957  0.004651  0.014255  0.010853  -0.243511  0.014565  0.035164  1.000000  
244.951835 -0.001152  -0.010951  -0.008512  0.495286  0.768640  0.404828  -0.851102  0.522728  0.048785  -0.174117  -0.368712  0.913091  0.004652  0.014326  0.011148  -0.251083  0.019831  0.022810  1.000000  
244.953085 -0.001147  -0.010932  -0.008494  0.495286  0.768787  0.404548  -0.851102  0.522746  0.048595  -0.174117  -0.368380  0.913225  0.004609  0.014389  0.011907  -0.258051  0.018247  0.014800  1.000000  
244.954334 -0.001142  -0.010913  -0.008475  0.495461  0.768875  0.404165  -0.851001  0.522928  0.048424  -0.174117  -0.367937  0.913403  0.004539  0.014466  0.012584  -0.265704  0.019074  0.000474  1.000000  
244.955584 -0.001138  -0.010894  -0.008453  0.495461  0.769071  0.403792  -0.851001  0.522951  0.048171  -0.174117  -0.367494  0.913582  0.004302  0.014358  0.013388  -0.272548  0.017488  -0.007473  1.000000  
244.956830 -0.001134  -0.010876  -0.008430  0.495461  0.769267  0.403419  -0.851001  0.522974  0.047917  -0.174117  -0.367050  0.913760  0.004038  0.014309  0.013999  -0.283515  0.015902  -0.015420  1.000000  
244.957839 -0.001132  -0.010862  -0.008413  0.495461  0.769414  0.403139  -0.851001  0.522992  0.047727  -0.174117  -0.366718  0.913894  0.003701  0.014220  0.014298  -0.288689  0.014425  -0.023555  1.000000  
244.959083 -0.001131  -0.010845  -0.008392  0.495461  0.769609  0.402765  -0.851001  0.523015  0.047473  -0.174117  -0.366274  0.914071  0.003353  0.014216  0.014522  -0.296900  0.010252  -0.025256  1.000000  
244.960092 -0.001131  -0.010831  -0.008376  0.495461  0.769756  0.402485  -0.851001  0.523032  0.047282  -0.174117  -0.365942  0.914205  0.003033  0.014202  0.014718  -0.303731  0.012803  -0.031561  1.000000  
244.961334 -0.001130  -0.010813  -0.008357  0.495297  0.770132  0.401966  -0.851123  0.522860  0.046988  -0.173985  -0.365396  0.914448  0.002726  0.014152  0.014949  -0.317268  0.014403  -0.023573  1.000000  
244.962583 -0.001130  -0.010797  -0.008336  0.495297  0.770327  0.401593  -0.851123  0.522883  0.046735  -0.173985  -0.364952  0.914625  0.002419  0.014085  0.015330  -0.320129  0.012780  -0.031582  1.000000  
244.963833 -0.001132  -0.010779  -0.008313  0.495297  0.770571  0.401125  -0.851123  0.522911  0.046417  -0.173985  -0.364397  0.914846  0.001999  0.014220  0.015857  -0.332357  0.012766  -0.031587  1.000000  
244.965084 -0.001134  -0.010761  -0.008287  0.495309  0.770838  0.400596  -0.851143  0.522897  0.046206  -0.173853  -0.363851  0.915089  0.001625  0.014286  0.016530  -0.344553  0.012752  -0.031590  1.000000  
244.966330 -0.001134  -0.010743  -0.008260  0.495309  0.771032  0.400222  -0.851143  0.522919  0.045952  -0.173853  -0.363407  0.915265  0.001285  0.014379  0.017264  -0.348650  0.015164  -0.037605  1.000000  
244.967334 -0.001135  -0.010727  -0.008239  0.495134  0.771334  0.399858  -0.851245  0.522783  0.045616  -0.173853  -0.362963  0.915441  0.001023  0.014408  0.017753  -0.353900  0.012624  -0.031345  1.000000  
244.968336 -0.001135  -0.010711  -0.008217  0.495134  0.771480  0.399577  -0.851245  0.522799  0.045426  -0.173853  -0.362630  0.915573  0.000688  0.014424  0.018285  -0.360870  0.012718  -0.031605  1.000000  
244.969580 -0.001137  -0.010692  -0.008190  0.495134  0.771722  0.399109  -0.851245  0.522827  0.045109  -0.173853  -0.362074  0.915793  0.000274  0.014432  0.018709  -0.371315  0.010082  -0.025086  1.000000  
244.970581 -0.001137  -0.010677  -0.008168  0.495134  0.771915  0.398734  -0.851245  0.522848  0.044855  -0.173853  -0.361630  0.915969  0.000023  0.014449  0.018982  -0.375348  0.010071  -0.025090  1.000000  
244.971583 -0.001138  -0.010662  -0.008148  0.495134  0.772157  0.398266  -0.851245  0.522876  0.044538  -0.173853  -0.361074  0.916188  -0.000304  0.014464  0.019123  -0.387476  0.010061  -0.025094  1.000000  
244.972830 -0.001140  -0.010644  -0.008124  0.495134  0.772398  0.397798  -0.851245  0.522902  0.044221  -0.173853  -0.360519  0.916407  -0.000498  0.014516  0.019270  -0.395653  0.010051  -0.025104  1.000000  
244.973834 -0.001141  -0.010631  -0.008104  0.495134  0.772640  0.397329  -0.851245  0.522929  0.043904  -0.173853  -0.359963  0.916625  -0.000654  0.014518  0.019533  -0.403667  0.010037  -0.025105  1.000000  
244.975095 -0.001144  -0.010613  -0.008079  0.495134  0.772929  0.396767  -0.851245  0.522961  0.043523  -0.173853  -0.359296  0.916887  -0.000878  0.014486  0.019845  -0.416150  0.007574  -0.018979  1.000000  
244.976339 -0.001146  -0.010596  -0.008052  0.495309  0.773157  0.396102  -0.851143  0.523157  0.043161  -0.173853  -0.358517  0.917192  -0.001048  0.014528  0.020380  -0.432536  0.011741  -0.017323  1.000000  
244.977586 -0.001148  -0.010578  -0.008023  0.495309  0.773493  0.395445  -0.851143  0.523193  0.042717  -0.173853  -0.357738  0.917496  -0.001168  0.014579  0.020938  -0.445968  0.009212  -0.011000  1.000000  
244.978830 -0.001149  -0.010560  -0.007992  0.495309  0.773829  0.394788  -0.851143  0.523229  0.042272  -0.173853  -0.356959  0.917799  -0.001123  0.014618  0.021352  -0.462429  0.009209  -0.011010  1.000000  
244.979831 -0.001150  -0.010544  -0.007968  0.495309  0.774116  0.394225  -0.851143  0.523260  0.041892  -0.173853  -0.356291  0.918059  -0.001090  0.014740  0.021627  -0.474585  0.009201  -0.011013  1.000000  
244.980832 -0.001150  -0.010528  -0.007945  0.495309  0.774403  0.393661  -0.851143  0.523290  0.041511  -0.173853  -0.355623  0.918318  -0.001062  0.014796  0.021755  -0.487997  0.010870  -0.003027  1.000000  
244.981834 -0.001150  -0.010512  -0.007922  0.495484  0.774581  0.393089  -0.851041  0.523480  0.041211  -0.173853  -0.354954  0.918576  -0.001026  0.014884  0.021855  -0.500192  0.010780  -0.003008  1.000000  
244.983080 -0.001150  -0.010492  -0.007894  0.495473  0.774939  0.392399  -0.851021  0.523561  0.040597  -0.173985  -0.354054  0.918899  -0.001030  0.014891  0.021856  -0.520478  0.006629  -0.004651  1.000000  
244.984080 -0.001152  -0.010477  -0.007872  0.495473  0.775271  0.391741  -0.851021  0.523595  0.040152  -0.173985  -0.353274  0.919199  -0.001056  0.014888  0.021898  -0.536650  0.006626  -0.004655  1.000000  
244.985080 -0.001153  -0.010462  -0.007850  0.495648  0.775543  0.390980  -0.850919  0.523793  0.039724  -0.173985  -0.352382  0.919541  -0.001092  0.014858  0.021975  -0.556776  0.006622  -0.004659  1.000000  
244.986335 -0.001155  -0.010443  -0.007821  0.495648  0.775922  0.390228  -0.850919  0.523832  0.039216  -0.173985  -0.351489  0.919883  -0.001157  0.014856  0.022155  -0.573603  0.006673  -0.004703  1.000000  
244.987582 -0.001158  -0.010425  -0.007791  0.495823  0.776287  0.389278  -0.850817  0.524039  0.038661  -0.173985  -0.350373  0.920309  -0.001272  0.014872  0.022519  -0.596169  0.009078  -0.010966  1.000000  
244.988830 -0.001162  -0.010407  -0.007760  0.495823  0.776712  0.388431  -0.850817  0.524081  0.038089  -0.173985  -0.349368  0.920690  -0.001411  0.014887  0.022941  -0.616292  0.009068  -0.010971  1.000000  
244.990080 -0.001167  -0.010390  -0.007728  0.495823  0.777182  0.387488  -0.850817  0.524126  0.037453  -0.173985  -0.348251  0.921114  -0.001566  0.014925  0.023427  -0.640729  0.009061  -0.010982  1.000000  
244.991088 -0.001171  -0.010376  -0.007702  0.495998  0.777450  0.386726  -0.850714  0.524323  0.037024  -0.173985  -0.347357  0.921451  -0.001724  0.014886  0.023696  -0.655611  0.009864  -0.025407  1.000000  
244.992334 -0.001174  -0.010357  -0.007670  0.495998  0.777919  0.385783  -0.850714  0.524367  0.036388  -0.173985  -0.346239  0.921872  -0.001784  0.014948  0.023902  -0.680139  0.009843  -0.025418  1.000000  
244.993336 -0.001178  -0.010342  -0.007646  0.496173  0.778231  0.384926  -0.850612  0.524567  0.035895  -0.173985  -0.345233  0.922249  -0.001951  0.014963  0.023874  -0.699260  0.012278  -0.031780  1.000000  
244.994586 -0.001181  -0.010323  -0.007616  0.496173  0.778698  0.383982  -0.850612  0.524610  0.035258  -0.173985  -0.344114  0.922667  -0.002113  0.015015  0.023877  -0.719593  0.008052  -0.033406  1.000000  
244.995832 -0.001185  -0.010303  -0.007587  0.496173  0.779209  0.382942  -0.850612  0.524656  0.034558  -0.173985  -0.342883  0.923126  -0.002362  0.014965  0.023912  -0.748236  0.008023  -0.033418  1.000000  
244.997080 -0.001189  -0.010284  -0.007556  0.496173  0.779766  0.381808  -0.850612  0.524706  0.033795  -0.173985  -0.341538  0.923624  -0.002644  0.014885  0.024031  -0.773369  0.010345  -0.039469  1.000000  
244.998330 -0.001194  -0.010266  -0.007525  0.496173  0.780275  0.380767  -0.850612  0.524751  0.033095  -0.173985  -0.340306  0.924079  -0.002925  0.014799  0.024312  -0.801635  0.010308  -0.039476  1.000000  
244.999586 -0.001200  -0.010248  -0.007492  0.496173  0.780828  0.379631  -0.850612  0.524798  0.032331  -0.173985  -0.338960  0.924573  -0.003218  0.014710  0.024615  -0.832474  0.010347  -0.039802  1.000000  
245.000832 -0.001207  -0.010232  -0.007459  0.496173  0.781380  0.378494  -0.850612  0.524845  0.031567  -0.173985  -0.337614  0.925065  -0.003532  0.014590  0.024972  -0.861187  0.010308  -0.039821  1.000000  
245.002081 -0.001214  -0.010215  -0.007423  0.496185  0.781953  0.377294  -0.850632  0.524851  0.030910  -0.173853  -0.336275  0.925578  -0.003860  0.014481  0.025377  -0.885682  0.014472  -0.038242  1.000000  
245.003330 -0.001222  -0.010199  -0.007389  0.496185  0.782501  0.376155  -0.850632  0.524896  0.030146  -0.173853  -0.334928  0.926066  -0.004148  0.014360  0.025588  -0.906625  0.014312  -0.037939  1.000000  
245.004331 -0.001229  -0.010186  -0.007361  0.496185  0.782957  0.375206  -0.850632  0.524932  0.029509  -0.173853  -0.333804  0.926472  -0.004347  0.014251  0.025776  -0.927079  0.014282  -0.037962  1.000000  
245.005580 -0.001236  -0.010170  -0.007327  0.496185  0.783547  0.373971  -0.850632  0.524978  0.028681  -0.173853  -0.332343  0.926997  -0.004466  0.014186  0.025909  -0.955526  0.014240  -0.037984  1.000000  
245.006580 -0.001241  -0.010157  -0.007299  0.496185  0.784046  0.372925  -0.850632  0.525016  0.027981  -0.173853  -0.331106  0.927440  -0.004633  0.014112  0.026023  -0.980669  0.011832  -0.031654  1.000000  
245.007600 -0.001246  -0.010142  -0.007271  0.496185  0.784497  0.371974  -0.850632  0.525049  0.027344  -0.173853  -0.329981  0.927840  -0.004760  0.014060  0.026233  -1.000464  0.011890  -0.031911  1.000000  
245.008836 -0.001252  -0.010125  -0.007236  0.496173  0.785106  0.370703  -0.850612  0.525133  0.026345  -0.173985  -0.328397  0.928378  -0.004945  0.013916  0.026474  -1.029352  0.007638  -0.033502  1.000000  
245.009836 -0.001257  -0.010111  -0.007208  0.496185  0.785622  0.369593  -0.850632  0.525130  0.025752  -0.173853  -0.327165  0.928837  -0.005085  0.013807  0.026851  -1.049742  0.011821  -0.031950  1.000000  
245.010838 -0.001262  -0.010098  -0.007178  0.496185  0.786159  0.368449  -0.850632  0.525167  0.024987  -0.173853  -0.325813  0.929312  -0.005174  0.013619  0.027318  -1.074124  0.011785  -0.031961  1.000000  
245.012082 -0.001269  -0.010081  -0.007137  0.496185  0.786872  0.366923  -0.850632  0.525214  0.023968  -0.173853  -0.324009  0.929943  -0.005325  0.013498  0.028007  -1.108218  0.009394  -0.025589  1.000000  
245.013332 -0.001276  -0.010064  -0.007097  0.496185  0.787539  0.365490  -0.850632  0.525257  0.023012  -0.173853  -0.322316  0.930531  -0.005471  0.013442  0.028556  -1.132907  0.013583  -0.024064  1.000000  
245.014580 -0.001283  -0.010048  -0.007057  0.496185  0.788247  0.363961  -0.850632  0.525301  0.021993  -0.173853  -0.320510  0.931154  -0.005512  0.013340  0.029029  -1.160890  0.011124  -0.017528  1.000000  
245.015587 -0.001289  -0.010036  -0.007025  0.496185  0.788820  0.362718  -0.850632  0.525335  0.021165  -0.173853  -0.319041  0.931659  -0.005528  0.013269  0.029407  -1.186680  0.011191  -0.017686  1.000000  
245.016832 -0.001295  -0.010022  -0.006986  0.496360  0.789458  0.361086  -0.850530  0.525540  0.020156  -0.173853  -0.317119  0.932315  -0.005495  0.013086  0.029668  -1.218283  0.013477  -0.024117  1.000000  
245.018080 -0.001302  -0.010007  -0.006946  0.496360  0.790200  0.359458  -0.850530  0.525580  0.019072  -0.173853  -0.315196  0.932966  -0.005423  0.012995  0.029945  -1.252162  0.011138  -0.017725  1.000000  
245.019080 -0.001306  -0.009995  -0.006917  0.496372  0.790787  0.358148  -0.850550  0.525573  0.018351  -0.173721  -0.313732  0.933484  -0.005257  0.012930  0.030037  -1.272656  0.015352  -0.016227  1.000000  
245.020330 -0.001312  -0.009981  -0.006878  0.496372  0.791524  0.356517  -0.850550  0.525610  0.017267  -0.173721  -0.311807  0.934129  -0.005164  0.012804  0.030419  -1.299596  0.012935  -0.009747  1.000000  
245.021580 -0.001319  -0.009967  -0.006838  0.496372  0.792215  0.354980  -0.850550  0.525643  0.016247  -0.173721  -0.309993  0.934733  -0.005149  0.012639  0.030786  -1.324245  0.012923  -0.009770  1.000000  
245.022583 -0.001323  -0.009956  -0.006805  0.496547  0.792708  0.353631  -0.850448  0.525833  0.015427  -0.173721  -0.308405  0.935258  -0.005153  0.012437  0.031148  -1.346942  0.015153  -0.016159  1.000000  
245.023588 -0.001329  -0.009945  -0.006771  0.496559  0.793328  0.352221  -0.850468  0.525823  0.014642  -0.173590  -0.306824  0.935802  -0.005203  0.012189  0.031571  -1.371555  0.017243  -0.008397  1.000000  
245.024833 -0.001337  -0.009933  -0.006727  0.496559  0.794095  0.350488  -0.850468  0.525853  0.013494  -0.173590  -0.304780  0.936470  -0.005308  0.011905  0.032037  -1.400009  0.017227  -0.008427  1.000000  
245.025842 -0.001343  -0.009922  -0.006692  0.496559  0.794689  0.349139  -0.850468  0.525875  0.012601  -0.173590  -0.303189  0.936986  -0.005417  0.011732  0.032380  -1.419968  0.017210  -0.008448  1.000000  
245.027084 -0.001351  -0.009909  -0.006647  0.496745  0.795320  0.347434  -0.850386  0.526029  0.011697  -0.173458  -0.301264  0.937631  -0.005494  0.011461  0.032733  -1.443517  0.023674  -0.013453  1.000000  
245.028330 -0.001359  -0.009895  -0.006601  0.496745  0.796076  0.345697  -0.850386  0.526054  0.010548  -0.173458  -0.299216  0.938287  -0.005543  0.011268  0.033074  -1.468185  0.023460  -0.013382  1.000000  
245.029337 -0.001367  -0.009885  -0.006565  0.496757  0.796724  0.344185  -0.850406  0.526038  0.009700  -0.173326  -0.297515  0.938852  -0.005684  0.011046  0.033317  -1.492656  0.027889  -0.012079  1.000000  
245.030581 -0.001375  -0.009872  -0.006520  0.496769  0.797577  0.342187  -0.850426  0.526025  0.008532  -0.173194  -0.295243  0.939593  -0.005779  0.010918  0.033669  -1.525406  0.032128  -0.010689  1.000000  
245.031586 -0.001382  -0.009862  -0.006482  0.496769  0.798239  0.340639  -0.850426  0.526041  0.007511  -0.173194  -0.293419  0.940164  -0.005864  0.010815  0.034151  -1.549497  0.027843  -0.012176  1.000000  
245.032831 -0.001390  -0.009849  -0.006434  0.496605  0.799150  0.338736  -0.850548  0.525859  0.006338  -0.173063  -0.291259  0.940860  -0.005984  0.010729  0.034759  -1.583602  0.029921  -0.004336  1.000000  
245.034080 -0.001399  -0.009836  -0.006384  0.496617  0.799989  0.336733  -0.850568  0.525839  0.005171  -0.172931  -0.288982  0.941586  -0.006159  0.010618  0.035499  -1.610951  0.033898  -0.002943  1.000000  
245.035330 -0.001407  -0.009823  -0.006333  0.496629  0.800823  0.334728  -0.850588  0.525817  0.004004  -0.172799  -0.286704  0.942306  -0.006353  0.010544  0.036322  -1.640722  0.038444  -0.001629  1.000000  
245.036330 -0.001415  -0.009813  -0.006292  0.496640  0.801450  0.333206  -0.850608  0.525791  0.003156  -0.172667  -0.284996  0.942849  -0.006546  0.010480  0.037009  -1.657021  0.042714  -0.000282  1.000000  
245.037580 -0.001425  -0.009800  -0.006239  0.496477  0.802343  0.331295  -0.850730  0.525599  0.001985  -0.172535  -0.282829  0.943525  -0.006763  0.010367  0.037691  -1.681895  0.044522  0.007462  1.000000  
245.038830 -0.001435  -0.009788  -0.006187  0.496477  0.803144  0.329348  -0.850730  0.525602  0.000710  -0.172535  -0.280539  0.944208  -0.006958  0.010300  0.038354  -1.705351  0.048759  0.008747  1.000000  
245.039831 -0.001444  -0.009779  -0.006147  0.496313  0.803869  0.327822  -0.850853  0.525405  -0.000204  -0.172404  -0.278827  0.944739  -0.007141  0.010234  0.038666  -1.722739  0.046692  0.015102  1.000000  
245.040837 -0.001453  -0.009771  -0.006106  0.496325  0.804523  0.326198  -0.850872  0.525371  -0.001115  -0.172272  -0.276999  0.945301  -0.007313  0.010086  0.039056  -1.738613  0.050956  0.016386  1.000000  
245.042083 -0.001465  -0.009759  -0.006056  0.496325  0.805312  0.324245  -0.850872  0.525367  -0.002389  -0.172272  -0.274705  0.945970  -0.007625  0.009968  0.039384  -1.757159  0.051419  0.016401  1.000000  
245.043093 -0.001475  -0.009750  -0.006014  0.496337  0.805919  0.322715  -0.850892  0.525330  -0.003236  -0.172140  -0.272990  0.946490  -0.007857  0.009790  0.039772  -1.768879  0.055717  0.017671  1.000000  
245.044336 -0.001487  -0.009739  -0.005961  0.496173  0.806825  0.320695  -0.851014  0.525123  -0.004467  -0.172008  -0.270699  0.947172  -0.008009  0.009777  0.040332  -1.786678  0.058009  0.025404  1.000000  
245.045580 -0.001499  -0.009727  -0.005905  0.496185  0.807619  0.318673  -0.851034  0.525080  -0.005631  -0.171876  -0.268407  0.947848  -0.008254  0.009703  0.040971  -1.800839  0.061858  0.026418  1.000000  
245.046581 -0.001509  -0.009716  -0.005859  0.496021  0.808362  0.317039  -0.851156  0.524871  -0.006606  -0.171745  -0.266573  0.948389  -0.008450  0.009710  0.041523  -1.813917  0.062673  0.040865  1.000000  
245.047586 -0.001517  -0.009706  -0.005812  0.496033  0.808994  0.315406  -0.851176  0.524826  -0.007515  -0.171613  -0.264738  0.948927  -0.008607  0.009690  0.042107  -1.825742  0.067028  0.042071  1.000000  
245.048830 -0.001529  -0.009692  -0.005752  0.496044  0.809812  0.313280  -0.851196  0.524775  -0.008742  -0.171481  -0.262327  0.949620  -0.008820  0.009771  0.042903  -1.842404  0.067138  0.041925  1.000000  
245.050081 -0.001540  -0.009678  -0.005690  0.495880  0.810733  0.311150  -0.851318  0.524554  -0.010033  -0.171349  -0.259913  0.950308  -0.009014  0.009833  0.043628  -1.859874  0.069559  0.049599  1.000000  
245.051330 -0.001552  -0.009663  -0.005629  0.495892  0.811540  0.309020  -0.851338  0.524497  -0.011259  -0.171217  -0.257497  0.950989  -0.009101  0.009961  0.044212  -1.880302  0.073979  0.050741  1.000000  
245.052580 -0.001563  -0.009648  -0.005567  0.495740  0.812467  0.306821  -0.851479  0.524241  -0.012438  -0.170954  -0.255086  0.951686  -0.009223  0.010147  0.044794  -1.895449  0.078154  0.065677  1.000000  
245.053581 -0.001573  -0.009637  -0.005518  0.495751  0.813078  0.305180  -0.851499  0.524186  -0.013345  -0.170822  -0.253244  0.952201  -0.009344  0.010284  0.045383  -1.903823  0.078286  0.065546  1.000000  
245.054581 -0.001583  -0.009626  -0.005468  0.495763  0.813686  0.303537  -0.851519  0.524130  -0.014252  -0.170690  -0.251402  0.952713  -0.009383  0.010355  0.045952  -1.911857  0.082682  0.066663  1.000000  
245.055587 -0.001593  -0.009615  -0.005418  0.495786  0.814307  0.301829  -0.851558  0.524044  -0.015049  -0.170426  -0.249564  0.953243  -0.009515  0.010569  0.046622  -1.919681  0.092148  0.069575  1.000000  
245.056591 -0.001604  -0.009604  -0.005367  0.495797  0.814908  0.300184  -0.851578  0.523985  -0.015956  -0.170294  -0.247719  0.953748  -0.009588  0.010693  0.047349  -1.928204  0.090333  0.075924  1.000000  
245.057838 -0.001617  -0.009589  -0.005302  0.495633  0.815722  0.298237  -0.851700  0.523751  -0.017115  -0.170163  -0.245526  0.954338  -0.009698  0.010901  0.048179  -1.937789  0.092945  0.083533  1.000000  
245.059087 -0.001632  -0.009575  -0.005236  0.495656  0.816512  0.296030  -0.851739  0.523649  -0.018228  -0.169899  -0.243106  0.955005  -0.009823  0.011100  0.049146  -1.946212  0.097486  0.084556  1.000000  
245.060089 -0.001643  -0.009563  -0.005182  0.495668  0.817065  0.294480  -0.851759  0.523587  -0.019070  -0.169767  -0.241373  0.955468  -0.009914  0.011248  0.049767  -1.941557  0.101942  0.085575  1.000000  
245.061333 -0.001657  -0.009547  -0.005114  0.495690  0.817845  0.292269  -0.851798  0.523482  -0.020182  -0.169503  -0.238950  0.956123  -0.010074  0.011476  0.050479  -1.946368  0.106524  0.086571  1.000000  
245.062583 -0.001671  -0.009531  -0.005047  0.495713  0.818548  0.290254  -0.851837  0.523379  -0.021168  -0.169240  -0.236756  0.956715  -0.010274  0.011658  0.051039  -1.944806  0.112864  0.080948  1.000000  
245.063587 -0.001683  -0.009518  -0.004992  0.495725  0.819091  0.288700  -0.851857  0.523312  -0.022009  -0.169108  -0.235021  0.957167  -0.010442  0.011798  0.051463  -1.940384  0.112996  0.080723  1.000000  
245.064833 -0.001696  -0.009501  -0.004923  0.495747  0.819820  0.286583  -0.851896  0.523204  -0.023057  -0.168844  -0.232709  0.957778  -0.010545  0.011965  0.051959  -1.940622  0.117543  0.081647  1.000000  
245.066080 -0.001710  -0.009484  -0.004853  0.495770  0.820509  0.284564  -0.851935  0.523096  -0.024041  -0.168580  -0.230511  0.958356  -0.010759  0.012122  0.052609  -1.940873  0.122088  0.082566  1.000000  
245.067330 -0.001725  -0.009468  -0.004781  0.495793  0.821194  0.282543  -0.851974  0.522986  -0.025025  -0.168316  -0.228312  0.958928  -0.011006  0.012245  0.053330  -1.939684  0.128391  0.076867  1.000000  
245.068580 -0.001741  -0.009450  -0.004708  0.495827  0.821922  0.280357  -0.852032  0.522846  -0.025961  -0.167921  -0.226001  0.959545  -0.011186  0.012470  0.054000  -1.939675  0.141617  0.080026  1.000000  
245.069830 -0.001756  -0.009432  -0.004632  0.495861  0.822645  0.278168  -0.852090  0.522703  -0.026896  -0.167525  -0.223688  0.960156  -0.011403  0.012778  0.054971  -1.942550  0.150956  0.074799  1.000000  
245.070831 -0.001769  -0.009418  -0.004571  0.495883  0.823247  0.276342  -0.852129  0.522596  -0.027751  -0.167261  -0.221717  0.960659  -0.011642  0.012935  0.055833  -1.946995  0.155454  0.075643  1.000000  
245.071836 -0.001783  -0.009404  -0.004509  0.495906  0.823811  0.274614  -0.852168  0.522490  -0.028543  -0.166997  -0.219863  0.961131  -0.011772  0.013151  0.056472  -1.946368  0.165578  0.078169  1.000000  
245.073080 -0.001800  -0.009385  -0.004432  0.495939  0.824486  0.272521  -0.852225  0.522347  -0.029414  -0.166602  -0.217662  0.961700  -0.011960  0.013382  0.057135  -1.947363  0.173091  0.079445  1.000000  
245.074086 -0.001814  -0.009370  -0.004370  0.495962  0.825009  0.270891  -0.852264  0.522243  -0.030142  -0.166338  -0.215921  0.962138  -0.012128  0.013687  0.057730  -1.941354  0.179163  0.073636  1.000000  
245.075332 -0.001831  -0.009351  -0.004293  0.495995  0.825675  0.268794  -0.852322  0.522098  -0.031011  -0.165942  -0.213718  0.962698  -0.012321  0.013955  0.058364  -1.937124  0.189569  0.075980  1.000000  
245.076337 -0.001845  -0.009335  -0.004233  0.496017  0.826191  0.267162  -0.852360  0.521992  -0.031738  -0.165678  -0.211975  0.963129  -0.012491  0.014165  0.058825  -1.931640  0.195707  0.070091  1.000000  
245.077586 -0.001862  -0.009315  -0.004157  0.496051  0.826782  0.265263  -0.852417  0.521852  -0.032480  -0.165282  -0.210003  0.963629  -0.012784  0.014416  0.059414  -1.919973  0.202913  0.071283  1.000000  
245.078834 -0.001881  -0.009296  -0.004079  0.496084  0.827370  0.263363  -0.852475  0.521712  -0.033222  -0.164886  -0.208030  0.964125  -0.013083  0.014607  0.059979  -1.901911  0.215116  0.066866  1.000000  
245.080101 -0.001899  -0.009277  -0.004000  0.496129  0.827998  0.261296  -0.852551  0.521543  -0.033915  -0.164358  -0.205942  0.964663  -0.013349  0.014756  0.060567  -1.888597  0.228253  0.069504  1.000000  
245.081330 -0.001918  -0.009257  -0.003921  0.496162  0.828608  0.259293  -0.852608  0.521397  -0.034718  -0.163962  -0.203849  0.965174  -0.013686  0.014920  0.061237  -1.873706  0.232965  0.070055  1.000000  
245.082580 -0.001937  -0.009238  -0.003841  0.496030  0.829333  0.257216  -0.852786  0.521056  -0.035463  -0.163434  -0.201759  0.965703  -0.013921  0.015106  0.061767  -1.866235  0.244192  0.072099  1.000000  
245.083582 -0.001953  -0.009222  -0.003775  0.496074  0.829854  0.255447  -0.852861  0.520898  -0.035964  -0.162906  -0.200020  0.966154  -0.014185  0.015193  0.062174  -1.861282  0.259496  0.075273  1.000000  
245.084830 -0.001972  -0.009202  -0.003694  0.496118  0.830494  0.253273  -0.852936  0.520722  -0.036717  -0.162378  -0.197810  0.966698  -0.014393  0.015336  0.062550  -1.857424  0.268464  0.076715  1.000000  
245.085831 -0.001987  -0.009185  -0.003629  0.496161  0.831006  0.251502  -0.853011  0.520564  -0.037217  -0.161850  -0.196068  0.967141  -0.014512  0.015548  0.062823  -1.857667  0.279930  0.078815  1.000000  
245.086831 -0.002001  -0.009168  -0.003563  0.496205  0.831545  0.249628  -0.853086  0.520401  -0.037780  -0.161322  -0.194208  0.967605  -0.014506  0.015713  0.063094  -1.854095  0.292586  0.081119  1.000000  
245.088081 -0.002019  -0.009146  -0.003483  0.496435  0.832075  0.247393  -0.853077  0.520373  -0.038368  -0.160662  -0.191998  0.968155  -0.014654  0.015967  0.063291  -1.851929  0.308841  0.070215  1.000000  
245.089333 -0.002038  -0.009124  -0.003402  0.496489  0.832707  0.245149  -0.853170  0.520173  -0.039007  -0.160002  -0.189787  0.968700  -0.014692  0.016179  0.063538  -1.843742  0.326401  0.073375  1.000000  
245.090586 -0.002056  -0.009102  -0.003321  0.496542  0.833303  0.243004  -0.853262  0.519978  -0.039582  -0.159341  -0.187692  0.969217  -0.014793  0.016377  0.063886  -1.834851  0.342519  0.076082  1.000000  
245.091837 -0.002075  -0.009079  -0.003238  0.496772  0.833817  0.240765  -0.853252  0.519950  -0.040170  -0.158681  -0.185478  0.969752  -0.014830  0.016538  0.064289  -1.833247  0.357248  0.071502  1.000000  
245.093087 -0.002096  -0.009058  -0.003154  0.497001  0.834295  0.238626  -0.853241  0.519927  -0.040696  -0.158020  -0.183380  0.970259  -0.015072  0.016665  0.064788  -1.828022  0.372037  0.066894  1.000000  
245.094333 -0.002117  -0.009037  -0.003070  0.497416  0.834645  0.236530  -0.853146  0.520060  -0.040997  -0.157227  -0.181402  0.970759  -0.015290  0.016833  0.065245  -1.813713  0.392679  0.056495  1.000000  
245.095586 -0.002140  -0.009015  -0.002985  0.497655  0.835096  0.234424  -0.853152  0.520021  -0.041347  -0.156434  -0.179423  0.971255  -0.015543  0.016950  0.065727  -1.804399  0.411807  0.052698  1.000000  
245.096831 -0.002162  -0.008994  -0.002901  0.498059  0.835423  0.232391  -0.853037  0.520177  -0.041762  -0.155774  -0.177438  0.971725  -0.015768  0.017092  0.065893  -1.795509  0.424426  0.040976  1.000000  
245.097836 -0.002181  -0.008976  -0.002834  0.498452  0.835650  0.230727  -0.852904  0.520368  -0.042101  -0.155245  -0.175803  0.972107  -0.015984  0.017203  0.066006  -1.783519  0.439574  0.028892  1.000000  
245.099080 -0.002204  -0.008955  -0.002751  0.498866  0.835952  0.228728  -0.852806  0.520509  -0.042343  -0.154452  -0.173937  0.972569  -0.016291  0.017269  0.066165  -1.762813  0.456274  0.018120  1.000000  
