1-Time 2-Px 3-Py 4-Pz 5-R11 6-R21 7-R31 8-R12 9-R22 10-R32 11-R13 12-R23 13-R33 14-Vx 15-Vy 16-Vz 17-Wx 18-Wy 19-Wz 20-state
54.350100 0.006297  -0.005303  -0.005219  0.469933  0.817336  0.333355  -0.868990  0.362068  0.337288  0.154981  -0.448185  0.880404  -0.002031  0.006570  -0.008743  -0.084980  0.189039  0.311685  1.000000  
54.351204 0.006299  -0.005299  -0.005222  0.469734  0.817467  0.333312  -0.869050  0.361794  0.337427  0.155245  -0.448166  0.880367  0.003492  0.006454  -0.004095  -0.076772  0.193035  0.313625  1.000000  
54.352434 0.006301  -0.005290  -0.005222  0.469526  0.817587  0.333313  -0.869092  0.361426  0.337713  0.155642  -0.448244  0.880257  0.002012  0.006595  -0.001541  -0.064010  0.199544  0.315298  1.000000  
54.353687 0.006301  -0.005282  -0.005219  0.469506  0.817644  0.333201  -0.869055  0.361321  0.337920  0.155906  -0.448226  0.880220  0.001145  0.006513  -0.000199  -0.052860  0.202669  0.309179  1.000000  
54.354929 0.006303  -0.005273  -0.005220  0.469307  0.817775  0.333158  -0.869115  0.361047  0.338059  0.156170  -0.448207  0.880183  0.001393  0.006690  -0.000310  -0.044735  0.202760  0.309224  1.000000  
54.355932 0.006305  -0.005266  -0.005221  0.469109  0.817906  0.333116  -0.869175  0.360773  0.338197  0.156434  -0.448188  0.880146  0.001419  0.006753  -0.000459  -0.036603  0.206732  0.311160  1.000000  
54.356952 0.006305  -0.005258  -0.005223  0.469099  0.817935  0.333060  -0.869157  0.360720  0.338301  0.156567  -0.448178  0.880127  0.001253  0.006974  -0.000673  -0.029747  0.207457  0.305379  1.000000  
54.358177 0.006305  -0.005248  -0.005226  0.468900  0.818026  0.333117  -0.869216  0.360405  0.338483  0.156831  -0.448266  0.880035  0.001072  0.007105  -0.000955  -0.021389  0.205904  0.303081  1.000000  
54.359433 0.006306  -0.005239  -0.005229  0.468890  0.818054  0.333061  -0.869198  0.360352  0.338587  0.156963  -0.448256  0.880016  0.001042  0.007171  -0.001202  -0.014416  0.202717  0.295338  1.000000  
54.360676 0.006308  -0.005229  -0.005232  0.468701  0.818157  0.333075  -0.869276  0.360131  0.338622  0.157095  -0.448247  0.879998  0.001069  0.007270  -0.001277  -0.010221  0.197120  0.290900  1.000000  
54.361677 0.006309  -0.005222  -0.005233  0.468701  0.818116  0.333174  -0.869276  0.360090  0.338666  0.157095  -0.448354  0.879943  0.001111  0.007251  -0.001264  0.000000  0.000000  0.000000  1.000000  
54.362677 0.006311  -0.005214  -0.005234  0.468512  0.818219  0.333188  -0.869354  0.359869  0.338701  0.157227  -0.448344  0.879925  0.001148  0.007311  -0.001220  0.000000  0.000000  0.000000  1.000000  
54.363682 0.006311  -0.005207  -0.005234  0.468144  0.818395  0.333272  -0.869528  0.359479  0.338667  0.157359  -0.448334  0.879906  0.001106  0.007292  -0.001181  0.000000  0.000000  0.000000  1.000000  
54.364927 0.006312  -0.005198  -0.005234  0.467945  0.818486  0.333329  -0.869587  0.359164  0.338850  0.157624  -0.448422  0.879814  0.001055  0.007284  -0.001074  0.000000  0.000000  0.000000  1.000000  
54.365930 0.006311  -0.005190  -0.005232  0.467756  0.818588  0.333343  -0.869665  0.358942  0.338885  0.157756  -0.448412  0.879795  0.000838  0.007362  -0.000823  0.000000  0.000000  0.000000  1.000000  
54.366934 0.006310  -0.005183  -0.005230  0.467557  0.818719  0.333302  -0.869724  0.358668  0.339023  0.158020  -0.448393  0.879757  0.000642  0.007367  -0.000594  0.000000  0.000000  0.000000  1.000000  
54.367965 0.006308  -0.005176  -0.005230  0.467368  0.818821  0.333316  -0.869802  0.358447  0.339058  0.158152  -0.448384  0.879739  0.000512  0.007425  -0.000667  0.000000  0.000000  0.000000  1.000000  
54.369182 0.006307  -0.005165  -0.005231  0.467000  0.818997  0.333400  -0.869976  0.358057  0.339025  0.158284  -0.448374  0.879720  0.000364  0.007535  -0.000781  0.000000  0.000000  0.000000  1.000000  
54.370430 0.006304  -0.005153  -0.005237  0.466631  0.819173  0.333484  -0.870149  0.357667  0.338991  0.158416  -0.448364  0.879701  -0.000018  0.007817  -0.001045  0.000000  0.000000  0.000000  1.000000  
54.371432 0.006301  -0.005142  -0.005241  0.466263  0.819348  0.333568  -0.870322  0.357277  0.338958  0.158549  -0.448355  0.879682  -0.000292  0.008047  -0.001272  0.000000  0.000000  0.000000  1.000000  
54.372680 0.006295  -0.005128  -0.005245  0.466064  0.819519  0.333427  -0.870381  0.357043  0.339053  0.158813  -0.448229  0.879699  -0.000675  0.008323  -0.001310  0.000000  0.000000  0.000000  1.000000  
54.373930 0.006290  -0.005113  -0.005247  0.465875  0.819621  0.333441  -0.870458  0.356822  0.339088  0.158945  -0.448219  0.879680  -0.001040  0.008644  -0.001218  0.000000  0.000000  0.000000  1.000000  
54.375177 0.006285  -0.005098  -0.005247  0.465506  0.819836  0.333426  -0.870631  0.356472  0.339012  0.159077  -0.448103  0.879715  -0.001533  0.008972  -0.001069  0.000000  0.000000  0.000000  1.000000  
54.376427 0.006280  -0.005083  -0.005246  0.465138  0.820011  0.333510  -0.870804  0.356082  0.338978  0.159209  -0.448093  0.879696  -0.002007  0.009410  -0.000919  0.040458  0.058077  0.249117  1.000000  
54.377427 0.006275  -0.005072  -0.005247  0.464948  0.820153  0.333425  -0.870881  0.355901  0.338970  0.159341  -0.447977  0.879731  -0.002422  0.009655  -0.000879  0.035674  0.056939  0.248842  1.000000  
54.378676 0.006269  -0.005057  -0.005249  0.464759  0.820295  0.333340  -0.870958  0.355721  0.338962  0.159473  -0.447860  0.879767  -0.002804  0.010012  -0.000977  0.030958  0.055391  0.246394  1.000000  
54.379679 0.006265  -0.005046  -0.005252  0.464580  0.820368  0.333409  -0.871053  0.355552  0.338894  0.159473  -0.447860  0.879767  -0.003206  0.010297  -0.001192  0.031003  0.050336  0.244139  1.000000  
54.380927 0.006262  -0.005030  -0.005255  0.464390  0.820510  0.333324  -0.871130  0.355371  0.338886  0.159605  -0.447744  0.879802  -0.003277  0.010651  -0.001526  0.026212  0.049101  0.238066  1.000000  
54.381927 0.006259  -0.005018  -0.005259  0.464211  0.820624  0.333294  -0.871226  0.355243  0.338774  0.159605  -0.447637  0.879856  -0.003421  0.011004  -0.001907  0.019229  0.034076  0.237899  1.000000  
54.382927 0.006257  -0.005006  -0.005265  0.464031  0.820737  0.333265  -0.871321  0.355115  0.338662  0.159605  -0.447530  0.879911  -0.003444  0.011372  -0.002347  0.015211  0.026140  0.233835  1.000000  
54.383934 0.006255  -0.004993  -0.005272  0.464031  0.820818  0.333065  -0.871321  0.355198  0.338576  0.159605  -0.447317  0.880019  -0.003513  0.011691  -0.002746  0.006116  0.021469  0.225591  1.000000  
54.385182 0.006254  -0.004977  -0.005280  0.463852  0.820932  0.333036  -0.871417  0.355070  0.338464  0.159605  -0.447210  0.880073  -0.003416  0.011916  -0.002930  0.002065  0.013466  0.221500  1.000000  
54.386184 0.006252  -0.004965  -0.005285  0.463852  0.820972  0.332936  -0.871417  0.355111  0.338421  0.159605  -0.447104  0.880128  -0.003287  0.011974  -0.002958  -0.001999  0.009471  0.219429  1.000000  
54.387434 0.006251  -0.004949  -0.005288  0.463683  0.821098  0.332862  -0.871531  0.355077  0.338163  0.159473  -0.446900  0.880255  -0.002995  0.012117  -0.002937  -0.010139  -0.002526  0.213302  1.000000  
54.388677 0.006250  -0.004933  -0.005291  0.463513  0.821223  0.332788  -0.871645  0.355042  0.337904  0.159341  -0.446696  0.880382  -0.002721  0.012193  -0.002944  -0.021102  -0.013515  0.213581  1.000000  
54.389928 0.006249  -0.004917  -0.005295  0.463334  0.821337  0.332757  -0.871741  0.354914  0.337792  0.159341  -0.446589  0.880437  -0.002434  0.012307  -0.003213  -0.025328  -0.021631  0.211280  1.000000  
54.391177 0.006249  -0.004901  -0.005301  0.463344  0.821390  0.332613  -0.871760  0.355049  0.337602  0.159209  -0.446385  0.880564  -0.002103  0.012352  -0.003695  -0.033218  -0.025403  0.207513  1.000000  
54.392427 0.006248  -0.004886  -0.005309  0.463354  0.821402  0.332569  -0.871779  0.355142  0.337455  0.159077  -0.446288  0.880637  -0.001803  0.012385  -0.004155  -0.042746  -0.030540  0.199087  1.000000  
54.393677 0.006248  -0.004871  -0.005318  0.463184  0.821528  0.332495  -0.871893  0.355108  0.337197  0.158945  -0.446084  0.880764  -0.001342  0.012466  -0.004607  -0.051570  -0.035151  0.187383  1.000000  
54.394927 0.006247  -0.004855  -0.005326  0.463015  0.821613  0.332520  -0.872007  0.355032  0.336981  0.158813  -0.445987  0.880837  -0.001122  0.012497  -0.004928  0.000000  0.000000  0.000000  1.000000  
54.395930 0.006247  -0.004842  -0.005331  0.462845  0.821699  0.332545  -0.872121  0.354957  0.336765  0.158681  -0.445889  0.880910  -0.000947  0.012569  -0.005087  -0.063680  -0.055016  0.177256  1.000000  
54.397177 0.006246  -0.004826  -0.005336  0.462666  0.821812  0.332514  -0.872216  0.354828  0.336654  0.158681  -0.445782  0.880965  -0.000802  0.012615  -0.005014  -0.067712  -0.062969  0.173251  1.000000  
54.398180 0.006246  -0.004813  -0.005340  0.462496  0.821897  0.332539  -0.872330  0.354753  0.336438  0.158549  -0.445685  0.881038  -0.000671  0.012668  -0.004885  0.000000  0.000000  0.000000  1.000000  
54.399180 0.006245  -0.004800  -0.005343  0.462506  0.821950  0.332395  -0.872349  0.354887  0.336248  0.158416  -0.445481  0.881165  -0.000624  0.012679  -0.004649  0.000000  0.000000  0.000000  1.000000  
54.400431 0.006242  -0.004784  -0.005347  0.462157  0.822109  0.332489  -0.872558  0.354642  0.335964  0.158284  -0.445384  0.881237  -0.000730  0.012717  -0.004355  0.000000  0.000000  0.000000  1.000000  
54.401432 0.006241  -0.004770  -0.005348  0.461807  0.822307  0.332483  -0.872767  0.354438  0.335637  0.158152  -0.445179  0.881364  -0.000711  0.012821  -0.004195  0.000000  0.000000  0.000000  1.000000  
54.402680 0.006239  -0.004753  -0.005352  0.461458  0.822466  0.332576  -0.872976  0.354192  0.335353  0.158020  -0.445082  0.881437  -0.000777  0.012885  -0.004249  0.000000  0.000000  0.000000  1.000000  
54.403682 0.006239  -0.004739  -0.005356  0.461108  0.822664  0.332570  -0.873184  0.353988  0.335026  0.157888  -0.444878  0.881564  -0.000730  0.012967  -0.004400  0.000000  0.000000  0.000000  1.000000  
54.404928 0.006237  -0.004721  -0.005364  0.460758  0.822863  0.332563  -0.873393  0.353783  0.334698  0.157756  -0.444673  0.881691  -0.000814  0.013061  -0.004607  0.000000  0.000000  0.000000  1.000000  
54.406176 0.006235  -0.004703  -0.005373  0.460409  0.823062  0.332556  -0.873601  0.353578  0.334371  0.157624  -0.444469  0.881818  -0.000927  0.013178  -0.004808  -0.111077  -0.133496  0.145049  1.000000  
54.407177 0.006234  -0.004689  -0.005378  0.460239  0.823187  0.332480  -0.873714  0.353542  0.334113  0.157492  -0.444264  0.881944  -0.000959  0.013347  -0.004705  0.000000  0.000000  0.000000  1.000000  
54.408426 0.006232  -0.004671  -0.005383  0.459889  0.823386  0.332473  -0.873922  0.353336  0.333786  0.157359  -0.444060  0.882071  -0.001095  0.013475  -0.004488  -0.119161  -0.149357  0.137037  1.000000  
54.409427 0.006231  -0.004657  -0.005386  0.459548  0.823516  0.332620  -0.874149  0.353143  0.333397  0.157095  -0.443972  0.882162  -0.001112  0.013630  -0.004275  -0.121067  -0.163443  0.145124  1.000000  
54.410427 0.006231  -0.004643  -0.005388  0.459378  0.823642  0.332544  -0.874262  0.353107  0.333138  0.156963  -0.443767  0.882289  -0.001071  0.013696  -0.003968  -0.126150  -0.172800  0.142299  1.000000  
54.411429 0.006231  -0.004628  -0.005389  0.459208  0.823727  0.332568  -0.874375  0.353030  0.332923  0.156831  -0.443670  0.882361  -0.001087  0.013852  -0.003745  -0.126158  -0.176789  0.140286  1.000000  
54.412677 0.006231  -0.004611  -0.005391  0.458867  0.823898  0.332615  -0.874601  0.352877  0.332491  0.156567  -0.443474  0.882506  -0.001017  0.013884  -0.003552  -0.128103  -0.186325  0.141187  1.000000  
54.413927 0.006233  -0.004593  -0.005394  0.458527  0.824069  0.332661  -0.874827  0.352723  0.332059  0.156302  -0.443279  0.882651  -0.000826  0.014026  -0.003461  -0.127071  -0.197348  0.143289  1.000000  
54.415177 0.006235  -0.004575  -0.005398  0.458366  0.824167  0.332639  -0.874959  0.352739  0.331696  0.156038  -0.443084  0.882796  -0.000524  0.014123  -0.003458  -0.131136  -0.205275  0.139299  1.000000  
54.416178 0.006237  -0.004560  -0.005402  0.458205  0.824266  0.332617  -0.875090  0.352755  0.331333  0.155774  -0.442888  0.882941  -0.000240  0.014270  -0.003592  -0.134132  -0.216278  0.141375  1.000000  
54.417184 0.006241  -0.004544  -0.005405  0.458044  0.824324  0.332695  -0.875221  0.352730  0.331012  0.155509  -0.442800  0.883032  0.000059  0.014378  -0.003635  -0.131196  -0.222038  0.140551  1.000000  
54.418430 0.006245  -0.004526  -0.005408  0.457893  0.824435  0.332627  -0.875371  0.352838  0.330501  0.155113  -0.442506  0.883249  0.000425  0.014455  -0.003555  -0.135324  -0.230016  0.136568  1.000000  
54.419433 0.006249  -0.004510  -0.005412  0.457552  0.824606  0.332673  -0.875596  0.352684  0.330069  0.154848  -0.442311  0.883393  0.000755  0.014542  -0.003336  -0.137244  -0.244151  0.144757  1.000000  
54.420434 0.006253  -0.004494  -0.005414  0.457400  0.824718  0.332605  -0.875745  0.352792  0.329558  0.154452  -0.442017  0.883609  0.001146  0.014637  -0.002976  -0.145470  -0.252169  0.140789  1.000000  
54.421677 0.006258  -0.004475  -0.005415  0.457248  0.824829  0.332537  -0.875894  0.352899  0.329047  0.154055  -0.441723  0.883826  0.001579  0.014753  -0.002652  -0.148547  -0.263272  0.142955  1.000000  
54.422678 0.006263  -0.004459  -0.005415  0.457097  0.824941  0.332468  -0.876043  0.353006  0.328535  0.153659  -0.441429  0.884042  0.002059  0.014894  -0.002288  -0.156759  -0.271264  0.138980  1.000000  
54.423930 0.006270  -0.004439  -0.005416  0.456954  0.825025  0.332455  -0.876210  0.353165  0.327919  0.153130  -0.441144  0.884276  0.002609  0.015017  -0.002064  -0.163908  -0.286347  0.139098  1.000000  
54.425177 0.006277  -0.004419  -0.005416  0.456641  0.825155  0.332563  -0.876489  0.353206  0.327129  0.152469  -0.440868  0.884528  0.003143  0.015165  -0.001945  -0.169673  -0.306954  0.134091  1.000000  
54.426427 0.006283  -0.004400  -0.005420  0.456507  0.825253  0.332503  -0.876673  0.353456  0.326364  0.151807  -0.440484  0.884832  0.003456  0.015231  -0.002048  -0.179345  -0.325547  0.127265  1.000000  
54.427429 0.006289  -0.004384  -0.005424  0.456364  0.825338  0.332489  -0.876839  0.353614  0.325747  0.151278  -0.440198  0.885065  0.003879  0.015423  -0.002224  -0.187581  -0.337572  0.121303  1.000000  
54.428677 0.006294  -0.004364  -0.005430  0.456050  0.825469  0.332595  -0.877116  0.353653  0.324956  0.150617  -0.439921  0.885316  0.004182  0.015559  -0.002414  -0.194769  -0.356695  0.119450  1.000000  
54.429677 0.006300  -0.004347  -0.005433  0.455906  0.825554  0.332581  -0.877282  0.353811  0.324338  0.150088  -0.439634  0.885548  0.004423  0.015690  -0.002418  -0.198916  -0.372746  0.111510  1.000000  
54.430926 0.006305  -0.004327  -0.005436  0.455781  0.825626  0.332574  -0.877482  0.354111  0.323467  0.149294  -0.439258  0.885869  0.004512  0.015771  -0.002377  -0.210629  -0.386636  0.094694  1.000000  
54.431927 0.006308  -0.004311  -0.005438  0.455646  0.825684  0.332614  -0.877664  0.354319  0.322743  0.148633  -0.438980  0.886118  0.004529  0.015817  -0.002248  -0.218796  -0.402532  0.086809  1.000000  
54.432927 0.006311  -0.004294  -0.005440  0.455321  0.825843  0.332664  -0.877922  0.354305  0.322056  0.148103  -0.438693  0.886349  0.004533  0.015953  -0.002196  -0.225840  -0.414874  0.075516  1.000000  
54.433932 0.006313  -0.004277  -0.005440  0.455186  0.825902  0.332703  -0.878104  0.354512  0.321332  0.147442  -0.438414  0.886597  0.004435  0.016032  -0.002034  -0.229973  -0.430867  0.067604  1.000000  
54.434947 0.006315  -0.004260  -0.005441  0.454870  0.826075  0.332707  -0.878379  0.354588  0.320497  0.146780  -0.438027  0.886898  0.004294  0.016110  -0.001852  -0.242163  -0.446687  0.059681  1.000000  
54.436185 0.006317  -0.004239  -0.005441  0.454562  0.826220  0.332766  -0.878670  0.354716  0.319555  0.145986  -0.437649  0.887216  0.004074  0.016295  -0.001766  -0.250621  -0.467139  0.049871  1.000000  
54.437430 0.006319  -0.004216  -0.005442  0.454263  0.826380  0.332778  -0.878978  0.354933  0.318465  0.145059  -0.437171  0.887603  0.003784  0.016472  -0.001808  -0.260811  -0.487216  0.037740  1.000000  
54.438677 0.006321  -0.004193  -0.005444  0.453954  0.826608  0.332634  -0.879269  0.355135  0.317436  0.144265  -0.436576  0.888025  0.003454  0.016674  -0.001893  -0.275339  -0.507350  0.030328  1.000000  
54.439679 0.006322  -0.004175  -0.005447  0.453464  0.826868  0.332655  -0.879651  0.355128  0.316382  0.143471  -0.436088  0.888394  0.003153  0.016880  -0.002047  -0.289667  -0.533540  0.032772  1.000000  
54.440679 0.006323  -0.004156  -0.005449  0.453154  0.827015  0.332711  -0.879940  0.355252  0.315438  0.142676  -0.435708  0.888708  0.002862  0.017056  -0.002089  -0.296924  -0.552688  0.031114  1.000000  
54.441927 0.006324  -0.004132  -0.005453  0.452672  0.827290  0.332684  -0.880338  0.355333  0.314234  0.141749  -0.435120  0.889145  0.002494  0.017316  -0.002022  -0.312369  -0.579940  0.025546  1.000000  
54.443177 0.006325  -0.004108  -0.005454  0.452188  0.827566  0.332656  -0.880735  0.355412  0.313029  0.140822  -0.434530  0.889580  0.002143  0.017542  -0.001792  -0.331898  -0.603137  0.021965  1.000000  
54.444177 0.006325  -0.004090  -0.005454  0.451696  0.827828  0.332674  -0.881115  0.355401  0.311972  0.140027  -0.434040  0.889945  0.001812  0.017765  -0.001419  -0.342229  -0.625324  0.026530  1.000000  
54.445427 0.006325  -0.004066  -0.005453  0.451220  0.828118  0.332597  -0.881527  0.355567  0.310617  0.138967  -0.433350  0.890447  0.001472  0.017984  -0.001199  -0.361771  -0.652506  0.021079  1.000000  
54.446677 0.006326  -0.004042  -0.005453  0.450742  0.828409  0.332520  -0.881937  0.355731  0.309261  0.137907  -0.432658  0.890948  0.001221  0.018183  -0.001009  -0.380429  -0.682944  0.021803  1.000000  
54.447927 0.006325  -0.004019  -0.005453  0.450265  0.828701  0.332440  -0.882346  0.355894  0.307904  0.136847  -0.431966  0.891447  0.000937  0.018348  -0.000895  -0.395855  -0.703528  0.024354  1.000000  
54.448927 0.006325  -0.004000  -0.005454  0.449777  0.828979  0.332406  -0.882738  0.355966  0.306695  0.135919  -0.431372  0.891877  0.000810  0.018488  -0.000941  -0.410109  -0.729320  0.027050  1.000000  
54.450177 0.006326  -0.003977  -0.005457  0.449298  0.829272  0.332325  -0.883145  0.356125  0.305337  0.134858  -0.430678  0.892373  0.000649  0.018653  -0.001037  -0.425475  -0.752209  0.023779  1.000000  
54.451183 0.006326  -0.003958  -0.005458  0.448983  0.829504  0.332171  -0.883426  0.356313  0.304302  0.134063  -0.430075  0.892784  0.000582  0.018720  -0.001137  -0.440425  -0.773532  0.024620  1.000000  
54.452431 0.006327  -0.003933  -0.005461  0.448510  0.829812  0.332041  -0.883846  0.356556  0.302792  0.132869  -0.429278  0.893345  0.000537  0.018830  -0.001261  -0.455054  -0.799736  0.027632  1.000000  
54.453683 0.006329  -0.003909  -0.005461  0.448036  0.830121  0.331909  -0.884265  0.356798  0.301281  0.131676  -0.428480  0.893905  0.000554  0.018930  -0.001102  -0.473787  -0.825947  0.030635  1.000000  
54.454927 0.006330  -0.003885  -0.005461  0.447569  0.830404  0.331829  -0.884698  0.357087  0.299663  0.130349  -0.427688  0.894479  0.000539  0.019012  -0.000864  -0.493633  -0.849250  0.027531  1.000000  
54.455929 0.006332  -0.003865  -0.005459  0.447077  0.830766  0.331586  -0.885083  0.357222  0.298363  0.129421  -0.426872  0.895003  0.000607  0.019062  -0.000550  -0.512326  -0.867321  0.034539  1.000000  
54.457180 0.006334  -0.003841  -0.005457  0.446608  0.831092  0.331402  -0.885513  0.357543  0.296699  0.128094  -0.425969  0.895624  0.000721  0.019061  -0.000237  -0.531210  -0.893573  0.037765  1.000000  
54.458427 0.006337  -0.003818  -0.005454  0.446138  0.831418  0.331217  -0.885941  0.357861  0.295033  0.126767  -0.425064  0.896243  0.000853  0.019114  0.000049  -0.555154  -0.916825  0.034815  1.000000  
54.459429 0.006340  -0.003799  -0.005451  0.445651  0.831756  0.331023  -0.886337  0.358039  0.293624  0.125705  -0.424252  0.896777  0.001013  0.019065  0.000201  -0.573946  -0.938943  0.039957  1.000000  
54.460676 0.006343  -0.003775  -0.005449  0.445179  0.832124  0.330734  -0.886761  0.358387  0.291913  0.124377  -0.423235  0.897442  0.001221  0.019105  0.000249  -0.596058  -0.957163  0.042946  1.000000  
54.461677 0.006345  -0.003757  -0.005448  0.444873  0.832430  0.330376  -0.887063  0.358766  0.290527  0.123315  -0.422312  0.898023  0.001328  0.019030  0.000297  -0.619800  -0.976260  0.042057  1.000000  
54.462677 0.006348  -0.003739  -0.005448  0.444574  0.832671  0.330172  -0.887378  0.359159  0.289075  0.122120  -0.421503  0.898567  0.001554  0.019003  0.000345  -0.641707  -0.996497  0.037323  1.000000  
54.463927 0.006352  -0.003717  -0.005448  0.444099  0.833041  0.329878  -0.887798  0.359498  0.287360  0.120792  -0.420481  0.899224  0.001750  0.018894  0.000414  -0.663408  -1.014379  0.040448  1.000000  
54.465177 0.006355  -0.003695  -0.005446  0.443819  0.833287  0.329631  -0.888153  0.360105  0.285496  0.119198  -0.419472  0.899908  0.001909  0.018783  0.000692  -0.684137  -1.038417  0.029859  1.000000  
54.466177 0.006357  -0.003678  -0.005445  0.443517  0.833530  0.329424  -0.888464  0.360490  0.284041  0.118002  -0.418659  0.900445  0.002036  0.018652  0.000894  -0.704906  -1.054676  0.022902  1.000000  
54.467180 0.006359  -0.003661  -0.005443  0.443208  0.833838  0.329061  -0.888759  0.360857  0.282649  0.116939  -0.417728  0.901015  0.002132  0.018477  0.001172  -0.725434  -1.066604  0.018009  1.000000  
54.468186 0.006362  -0.003644  -0.005439  0.442904  0.834082  0.328852  -0.889067  0.361237  0.281192  0.115743  -0.416912  0.901547  0.002261  0.018284  0.001497  -0.739897  -1.083261  0.015255  1.000000  
54.469429 0.006363  -0.003624  -0.005435  0.442437  0.834406  0.328659  -0.889505  0.361660  0.279254  0.114149  -0.415896  0.902220  0.002243  0.018028  0.001757  -0.758057  -1.101901  0.010760  1.000000  
54.470435 0.006365  -0.003609  -0.005432  0.442125  0.834715  0.328292  -0.889796  0.362018  0.277859  0.113085  -0.414962  0.902784  0.002249  0.017766  0.001942  -0.777722  -1.111851  0.003786  1.000000  
54.471436 0.006366  -0.003593  -0.005428  0.441819  0.834961  0.328080  -0.890100  0.362391  0.276398  0.111889  -0.414142  0.903309  0.002224  0.017467  0.002037  -0.790345  -1.128051  -0.002987  1.000000  
54.472679 0.006367  -0.003574  -0.005424  0.441342  0.835352  0.327727  -0.890519  0.362788  0.274520  0.110426  -0.413004  0.904010  0.002092  0.017158  0.002116  -0.811485  -1.140499  -0.007518  1.000000  
54.473930 0.006368  -0.003555  -0.005420  0.440876  0.835695  0.327479  -0.890962  0.363279  0.272424  0.108697  -0.411876  0.904734  0.001959  0.016840  0.002194  -0.833351  -1.161999  -0.023984  1.000000  
54.475177 0.006368  -0.003537  -0.005416  0.440586  0.835988  0.327120  -0.891299  0.363889  0.270501  0.107101  -0.410741  0.905440  0.001768  0.016473  0.002264  -0.851212  -1.175517  -0.036513  1.000000  
54.476427 0.006369  -0.003519  -0.005410  0.439927  0.836433  0.326870  -0.891814  0.364151  0.268442  0.105504  -0.409602  0.906143  0.001642  0.016220  0.002522  -0.867310  -1.194810  -0.036575  1.000000  
54.477677 0.006369  -0.003501  -0.005404  0.439628  0.836792  0.326352  -0.892134  0.364736  0.266581  0.104041  -0.408346  0.906879  0.001390  0.015842  0.002935  -0.889116  -1.204184  -0.047067  1.000000  
54.478677 0.006369  -0.003487  -0.005397  0.439138  0.837172  0.326037  -0.892529  0.365031  0.264848  0.102710  -0.407303  0.907499  0.001174  0.015580  0.003456  -0.905961  -1.216499  -0.051541  1.000000  
54.479927 0.006368  -0.003469  -0.005387  0.438659  0.837584  0.325624  -0.892947  0.365483  0.262807  0.101113  -0.406048  0.908241  0.000890  0.015289  0.004009  -0.926970  -1.232910  -0.057653  1.000000  
54.481177 0.006367  -0.003452  -0.005377  0.438178  0.837997  0.325210  -0.893362  0.365931  0.260764  0.099515  -0.404791  0.908978  0.000677  0.015043  0.004540  -0.943452  -1.250135  -0.060857  1.000000  
54.482432 0.006365  -0.003436  -0.005367  0.437702  0.838387  0.324846  -0.893787  0.366423  0.258610  0.097784  -0.403537  0.909723  0.000380  0.014720  0.004956  -0.964961  -1.265767  -0.069681  1.000000  
54.483681 0.006364  -0.003420  -0.005358  0.437224  0.838778  0.324480  -0.894209  0.366909  0.256454  0.096053  -0.402281  0.910464  0.000126  0.014458  0.005247  -0.977026  -1.282566  -0.072591  1.000000  
54.484683 0.006363  -0.003406  -0.005352  0.436722  0.839185  0.324102  -0.894582  0.367136  0.254823  0.094854  -0.401222  0.911056  -0.000049  0.014248  0.005510  -0.993734  -1.289027  -0.069832  1.000000  
54.485685 0.006361  -0.003394  -0.005345  0.436409  0.839494  0.323723  -0.894875  0.367580  0.253148  0.093522  -0.400168  0.911658  -0.000273  0.014026  0.005747  -1.003611  -1.300622  -0.077361  1.000000  
54.486932 0.006359  -0.003378  -0.005336  0.435921  0.839911  0.323298  -0.895278  0.368005  0.251097  0.091924  -0.398900  0.912375  -0.000528  0.013774  0.006064  -1.016245  -1.307025  -0.082257  1.000000  
54.487933 0.006358  -0.003365  -0.005328  0.435601  0.840245  0.322863  -0.895556  0.368394  0.249529  0.090724  -0.397837  0.912959  -0.000670  0.013594  0.006405  -1.025535  -1.308195  -0.088888  1.000000  
54.489185 0.006356  -0.003350  -0.005317  0.435111  0.840663  0.322434  -0.895955  0.368810  0.247474  0.089125  -0.396565  0.913670  -0.000858  0.013395  0.006876  -1.038442  -1.316534  -0.090868  1.000000  
54.490428 0.006353  -0.003335  -0.005304  0.434624  0.841099  0.321954  -0.896362  0.369299  0.245263  0.087393  -0.395185  0.914435  -0.001078  0.013176  0.007432  -1.051542  -1.329196  -0.094530  1.000000  
54.491429 0.006351  -0.003324  -0.005293  0.434306  0.841411  0.321568  -0.896645  0.369724  0.243581  0.086060  -0.394121  0.915020  -0.001216  0.012989  0.007928  -1.056165  -1.337521  -0.096637  1.000000  
54.492430 0.006350  -0.003311  -0.005281  0.433986  0.841724  0.321181  -0.896927  0.370146  0.241897  0.084727  -0.393056  0.915603  -0.001308  0.012885  0.008320  -1.064874  -1.341719  -0.096961  1.000000  
54.493678 0.006348  -0.003295  -0.005266  0.433496  0.842200  0.320594  -0.897326  0.370650  0.239636  0.082993  -0.391558  0.916403  -0.001383  0.012762  0.008816  -1.081930  -1.354261  -0.100453  1.000000  
54.494762 0.006347  -0.003282  -0.005253  0.433174  0.842553  0.320101  -0.897603  0.371092  0.237904  0.081660  -0.390378  0.917026  -0.001421  0.012608  0.009027  -1.091655  -1.354675  -0.100385  1.000000  
54.495927 0.006345  -0.003266  -0.005238  0.432681  0.843070  0.319407  -0.897997  0.371613  0.235594  0.079926  -0.388764  0.917864  -0.001490  0.012611  0.009392  -1.114045  -1.366601  -0.098903  1.000000  
54.497177 0.006344  -0.003251  -0.005223  0.432375  0.843488  0.318716  -0.898309  0.372347  0.233236  0.078059  -0.387151  0.918706  -0.001455  0.012571  0.009758  -1.131017  -1.379058  -0.102093  1.000000  
54.498427 0.006342  -0.003235  -0.005208  0.432068  0.843907  0.318023  -0.898617  0.373074  0.230875  0.076191  -0.385534  0.919542  -0.001484  0.012535  0.010162  -1.152676  -1.388751  -0.111581  1.000000  
54.499429 0.006341  -0.003222  -0.005195  0.431746  0.844316  0.317373  -0.898895  0.373599  0.228935  0.074724  -0.384127  0.920252  -0.001496  0.012545  0.010524  -1.173408  -1.392855  -0.111537  1.000000  
54.500433 0.006340  -0.003209  -0.005181  0.431427  0.844666  0.316877  -0.899180  0.374139  0.226928  0.073123  -0.382832  0.920919  -0.001470  0.012501  0.011087  -1.186215  -1.409450  -0.116867  1.000000  
54.501680 0.006338  -0.003193  -0.005163  0.431115  0.845086  0.316179  -0.899479  0.374847  0.224560  0.071254  -0.381208  0.921739  -0.001461  0.012548  0.011739  -1.209737  -1.418563  -0.121750  1.000000  
54.502683 0.006335  -0.003182  -0.005148  0.430979  0.845321  0.315737  -0.899670  0.375522  0.222660  0.069653  -0.380021  0.922352  -0.001506  0.012468  0.012138  -1.218930  -1.428112  -0.131647  1.000000  
54.503684 0.006333  -0.003170  -0.005132  0.430841  0.845556  0.315294  -0.899858  0.376193  0.220757  0.068051  -0.378832  0.922960  -0.001561  0.012441  0.012646  -1.229123  -1.431264  -0.146102  1.000000  
54.504927 0.006330  -0.003154  -0.005114  0.430718  0.845857  0.314654  -0.900076  0.377148  0.218224  0.065915  -0.377206  0.923781  -0.001590  0.012478  0.013035  -1.246991  -1.445497  -0.157247  1.000000  
54.505929 0.006328  -0.003142  -0.005100  0.430581  0.846110  0.314161  -0.900267  0.377881  0.216160  0.064179  -0.375903  0.924434  -0.001618  0.012495  0.013329  -1.260972  -1.452587  -0.173339  1.000000  
54.507180 0.006324  -0.003126  -0.005082  0.430269  0.846491  0.313564  -0.900566  0.378648  0.213556  0.062043  -0.374272  0.925241  -0.001729  0.012546  0.013515  -1.274458  -1.470794  -0.186071  1.000000  
54.508427 0.006320  -0.003110  -0.005065  0.430143  0.846810  0.312872  -0.900780  0.379652  0.210856  0.059772  -0.372527  0.926094  -0.001890  0.012520  0.013648  -1.292819  -1.486600  -0.205032  1.000000  
54.509677 0.006316  -0.003094  -0.005045  0.429826  0.847193  0.312271  -0.901070  0.380403  0.208246  0.057635  -0.370888  0.926887  -0.002037  0.012615  0.013941  -1.306329  -1.500837  -0.215910  1.000000  
54.510927 0.006312  -0.003078  -0.005027  0.429696  0.847514  0.311577  -0.901275  0.381390  0.205538  0.055364  -0.369136  0.927725  -0.002214  0.012547  0.014096  -1.324460  -1.516602  -0.234758  1.000000  
54.512177 0.006307  -0.003063  -0.005005  0.429381  0.847856  0.311081  -0.901569  0.382213  0.202698  0.052959  -0.367495  0.928516  -0.002491  0.012491  0.014593  -1.338172  -1.535301  -0.247319  1.000000  
54.513177 0.006303  -0.003051  -0.004986  0.429237  0.848092  0.310636  -0.901746  0.382952  0.200506  0.051089  -0.366179  0.929141  -0.002647  0.012458  0.015041  -1.347283  -1.549432  -0.258511  1.000000  
54.514427 0.006298  -0.003036  -0.004961  0.428912  0.848516  0.309926  -0.902019  0.383695  0.197837  0.048951  -0.364414  0.929949  -0.002861  0.012385  0.015620  -1.361653  -1.559294  -0.270540  1.000000  
54.515429 0.006293  -0.003024  -0.004940  0.428579  0.848870  0.309417  -0.902277  0.384271  0.195530  0.047080  -0.362980  0.930607  -0.003077  0.012354  0.016088  -1.378161  -1.575905  -0.275211  1.000000  
54.516677 0.006288  -0.003010  -0.004913  0.428255  0.849255  0.308811  -0.902553  0.385086  0.192631  0.044674  -0.361213  0.931412  -0.003293  0.012192  0.016652  -1.391483  -1.598576  -0.288934  1.000000  
54.517686 0.006283  -0.003000  -0.004893  0.427918  0.849611  0.308298  -0.902803  0.385649  0.190319  0.042802  -0.359774  0.932057  -0.003493  0.012093  0.017052  -1.408039  -1.622037  -0.300343  1.000000  
54.518933 0.006277  -0.002986  -0.004867  0.427587  0.850092  0.307428  -0.903065  0.386449  0.187433  0.040530  -0.357772  0.932929  -0.003699  0.011984  0.017448  -1.433839  -1.641088  -0.312303  1.000000  
54.520180 0.006270  -0.002973  -0.004842  0.427252  0.850558  0.306606  -0.903317  0.387173  0.184703  0.038391  -0.355877  0.933744  -0.003936  0.011841  0.017919  -1.451020  -1.651346  -0.320715  1.000000  
54.521429 0.006263  -0.002960  -0.004818  0.427102  0.850924  0.305798  -0.903482  0.388105  0.181919  0.036118  -0.353981  0.934555  -0.004222  0.011685  0.018366  -1.472802  -1.667523  -0.338998  1.000000  
54.522689 0.006257  -0.002946  -0.004792  0.426764  0.851371  0.305026  -0.903730  0.388853  0.179070  0.033845  -0.352081  0.935357  -0.004390  0.011527  0.018952  -1.489726  -1.681808  -0.348957  1.000000  
54.523937 0.006248  -0.002934  -0.004765  0.426421  0.851838  0.304198  -0.903969  0.389549  0.176330  0.031705  -0.350176  0.936147  -0.004738  0.011307  0.019557  -1.502611  -1.695085  -0.350790  1.000000  
54.525182 0.006239  -0.002921  -0.004736  0.426077  0.852270  0.303471  -0.904204  0.390214  0.173635  0.029565  -0.348382  0.936886  -0.005007  0.011068  0.020240  -1.508209  -1.706365  -0.359110  1.000000  
54.526432 0.006230  -0.002910  -0.004705  0.425915  0.852678  0.302551  -0.904343  0.391024  0.171065  0.027559  -0.346469  0.937657  -0.005325  0.010789  0.020891  -1.516943  -1.712509  -0.365425  1.000000  
54.527439 0.006222  -0.002901  -0.004679  0.425748  0.852998  0.301882  -0.904470  0.391619  0.169024  0.025954  -0.345005  0.938242  -0.005669  0.010524  0.021461  -1.521586  -1.714458  -0.370827  1.000000  
54.528683 0.006211  -0.002891  -0.004646  0.425583  0.853333  0.301167  -0.904603  0.392374  0.166544  0.023948  -0.343314  0.938915  -0.006036  0.010196  0.022067  -1.522688  -1.717042  -0.375807  1.000000  
54.529933 0.006199  -0.002881  -0.004611  0.425229  0.853769  0.300430  -0.904817  0.392904  0.164114  0.022075  -0.341620  0.939579  -0.006498  0.009903  0.022644  -1.519161  -1.713576  -0.370924  1.000000  
54.531182 0.006185  -0.002871  -0.004574  0.425059  0.854125  0.299659  -0.904940  0.393602  0.161743  0.020202  -0.339924  0.940236  -0.006991  0.009640  0.023326  -1.520217  -1.712007  -0.374283  1.000000  
54.532184 0.006176  -0.002864  -0.004544  0.424884  0.854449  0.298983  -0.905051  0.394071  0.159969  0.018864  -0.338564  0.940754  -0.007367  0.009386  0.023989  -1.524719  -1.704171  -0.368646  1.000000  
54.533433 0.006162  -0.002855  -0.004505  0.424524  0.854905  0.298189  -0.905254  0.394540  0.157647  0.017125  -0.336862  0.941398  -0.007881  0.009076  0.024876  -1.528908  -1.695029  -0.364557  1.000000  
54.534438 0.006151  -0.002848  -0.004474  0.424347  0.855229  0.297512  -0.905362  0.394999  0.155870  0.015788  -0.335499  0.941908  -0.008225  0.008850  0.025626  -1.529400  -1.684000  -0.355026  1.000000  
54.535438 0.006141  -0.002840  -0.004441  0.424169  0.855571  0.296780  -0.905466  0.395414  0.154206  0.014584  -0.334133  0.942413  -0.008633  0.008623  0.026561  -1.529608  -1.667496  -0.346118  1.000000  
54.536686 0.006127  -0.002831  -0.004397  0.423806  0.856028  0.295981  -0.905662  0.395865  0.151879  0.012844  -0.332426  0.943042  -0.009102  0.008393  0.027839  -1.530224  -1.655610  -0.338309  1.000000  
54.537932 0.006113  -0.002820  -0.004352  0.423441  0.856558  0.294969  -0.905852  0.396247  0.149731  0.011373  -0.330601  0.943702  -0.009515  0.008232  0.029139  -1.530671  -1.633647  -0.319144  1.000000  
54.538938 0.006101  -0.002812  -0.004314  0.423259  0.856919  0.294181  -0.905950  0.396608  0.148178  0.010302  -0.329231  0.944193  -0.009842  0.008111  0.030202  -1.530791  -1.612766  -0.308810  1.000000  
54.540180 0.006086  -0.002801  -0.004268  0.422892  0.857447  0.293166  -0.906137  0.396978  0.146028  0.008831  -0.327403  0.944844  -0.010201  0.008001  0.031246  -1.531705  -1.592723  -0.297898  1.000000  
54.541427 0.006072  -0.002791  -0.004222  0.422524  0.857940  0.292253  -0.906322  0.397324  0.143924  0.007359  -0.325687  0.945449  -0.010544  0.007907  0.032201  -1.531799  -1.570270  -0.281823  1.000000  
54.542427 0.006060  -0.002784  -0.004187  0.422154  0.858382  0.291491  -0.906502  0.397494  0.142308  0.006288  -0.324313  0.945929  -0.010767  0.007816  0.032801  -1.532502  -1.543868  -0.259489  1.000000  
54.543433 0.006049  -0.002777  -0.004151  0.421783  0.858770  0.290884  -0.906682  0.397683  0.140624  0.005084  -0.323052  0.946367  -0.010929  0.007734  0.033503  -1.524368  -1.526940  -0.250963  1.000000  
54.544677 0.006035  -0.002769  -0.004105  0.421413  0.859280  0.289913  -0.906861  0.397974  0.138632  0.003746  -0.321332  0.946959  -0.011057  0.007599  0.034159  -1.521175  -1.498185  -0.237343  1.000000  
54.545927 0.006019  -0.002760  -0.004058  0.421041  0.859754  0.289046  -0.907039  0.398337  0.136409  0.002141  -0.319610  0.947547  -0.011276  0.007566  0.034924  -1.521091  -1.480169  -0.223446  1.000000  
54.547177 0.006004  -0.002751  -0.004009  0.420668  0.860228  0.288177  -0.907214  0.398694  0.134185  0.000535  -0.317886  0.948129  -0.011448  0.007547  0.035716  -1.517873  -1.453154  -0.218030  1.000000  
54.548427 0.005989  -0.002742  -0.003958  0.420295  0.860667  0.287411  -0.907387  0.399027  0.132008  -0.001070  -0.316275  0.948667  -0.011555  0.007587  0.036501  -1.502261  -1.432577  -0.207666  1.000000  
54.549427 0.005977  -0.002733  -0.003916  0.420107  0.860972  0.286770  -0.907472  0.399370  0.130379  -0.002275  -0.315009  0.949086  -0.011635  0.007661  0.037223  -1.494879  -1.416334  -0.199610  1.000000  
54.550433 0.005965  -0.002725  -0.003873  0.419732  0.861360  0.286154  -0.907641  0.399532  0.128691  -0.003479  -0.313741  0.949502  -0.011740  0.007702  0.037845  -1.478800  -1.394090  -0.186645  1.000000  
54.551437 0.005952  -0.002716  -0.003831  0.419543  0.861700  0.285406  -0.907723  0.399883  0.127012  -0.004683  -0.312357  0.949953  -0.011814  0.007769  0.038379  -1.470857  -1.374808  -0.184930  1.000000  
54.552682 0.005938  -0.002704  -0.003776  0.419166  0.862156  0.284581  -0.907889  0.400158  0.124946  -0.006155  -0.310741  0.950475  -0.011865  0.007883  0.039023  -1.463815  -1.354042  -0.170335  1.000000  
54.553687 0.005925  -0.002695  -0.003731  0.418975  0.862444  0.283989  -0.907967  0.400523  0.123198  -0.007493  -0.309470  0.950880  -0.011930  0.007940  0.039539  -1.451909  -1.337632  -0.167029  1.000000  
54.554927 0.005911  -0.002683  -0.003675  0.418596  0.862883  0.283214  -0.908127  0.400825  0.121014  -0.009098  -0.307850  0.951391  -0.011933  0.008066  0.040189  -1.444493  -1.325019  -0.155539  1.000000  
54.555933 0.005899  -0.002673  -0.003630  0.418216  0.863237  0.282698  -0.908286  0.401040  0.119091  -0.010570  -0.306576  0.951787  -0.011910  0.008163  0.040802  -1.432425  -1.319177  -0.148665  1.000000  
54.557179 0.005884  -0.002660  -0.003572  0.418021  0.863559  0.282000  -0.908356  0.401495  0.117011  -0.012175  -0.305070  0.952252  -0.011961  0.008397  0.041660  -1.425184  -1.308582  -0.145458  1.000000  
54.558427 0.005869  -0.002648  -0.003515  0.417638  0.863948  0.281378  -0.908507  0.401803  0.114757  -0.013915  -0.303561  0.952711  -0.011997  0.008612  0.042416  -1.413646  -1.302694  -0.133779  1.000000  
54.559434 0.005857  -0.002638  -0.003469  0.417256  0.864336  0.280751  -0.908663  0.401931  0.113062  -0.015119  -0.302284  0.953098  -0.012085  0.008897  0.043138  -1.409364  -1.292269  -0.125553  1.000000  
54.560677 0.005840  -0.002625  -0.003411  0.417057  0.864642  0.280103  -0.908724  0.402406  0.110863  -0.016858  -0.300772  0.953547  -0.012137  0.009123  0.043763  -1.402501  -1.286231  -0.124024  1.000000  
54.561677 0.005827  -0.002615  -0.003364  0.416673  0.865014  0.279526  -0.908874  0.402561  0.109051  -0.018196  -0.299493  0.953925  -0.012202  0.009312  0.044317  -1.398847  -1.288595  -0.115724  1.000000  
54.562679 0.005815  -0.002605  -0.003319  0.416475  0.865286  0.278979  -0.908935  0.402927  0.107180  -0.019667  -0.298211  0.954297  -0.012206  0.009501  0.044691  -1.395176  -1.292936  -0.115342  1.000000  
54.563700 0.005801  -0.002595  -0.003273  0.416088  0.865607  0.278558  -0.909079  0.403098  0.105299  -0.021139  -0.297045  0.954630  -0.012310  0.009693  0.044949  -1.386179  -1.296844  -0.104856  1.000000  
54.564927 0.005783  -0.002581  -0.003216  0.415884  0.865898  0.277958  -0.909127  0.403589  0.102979  -0.023011  -0.295527  0.955057  -0.012480  0.009928  0.045347  -1.380052  -1.303960  -0.107725  1.000000  
54.565930 0.005769  -0.002570  -0.003171  0.415495  0.866221  0.277534  -0.909266  0.403751  0.101097  -0.024483  -0.294358  0.955382  -0.012624  0.010058  0.045399  -1.372357  -1.312555  -0.108787  1.000000  
54.566936 0.005754  -0.002559  -0.003126  0.415292  0.866461  0.277089  -0.909318  0.404087  0.099270  -0.025954  -0.293188  0.955702  -0.012860  0.010133  0.045495  -1.363588  -1.312681  -0.111430  1.000000  
