1-Time 2-Px 3-Py 4-Pz 5-R11 6-R21 7-R31 8-R12 9-R22 10-R32 11-R13 12-R23 13-R33 14-Vx 15-Vy 16-Vz 17-Wx 18-Wy 19-Wz 20-state
127.807951 -0.005118  -0.007517  -0.019072  0.635093  0.749392  0.187266  -0.737582  0.660348  -0.141114  -0.229410  -0.048503  0.972121  -0.000578  -0.000096  -0.000109  0.174023  0.023161  -0.201133  1.000000  
127.809138 -0.005117  -0.007519  -0.019070  0.635093  0.749369  0.187357  -0.737582  0.660365  -0.141034  -0.229410  -0.048621  0.972115  0.001176  -0.001471  0.001717  0.000000  0.000000  0.000000  1.000000  
127.810332 -0.005112  -0.007517  -0.019055  0.635093  0.749346  0.187448  -0.737582  0.660382  -0.140954  -0.229410  -0.048739  0.972109  0.003056  0.000409  0.008082  0.000000  0.000000  0.000000  1.000000  
127.811576 -0.005106  -0.007514  -0.019034  0.635093  0.749324  0.187538  -0.737582  0.660399  -0.140874  -0.229410  -0.048857  0.972103  0.003691  0.001135  0.011698  0.000000  0.000000  0.000000  1.000000  
127.812841 -0.005101  -0.007511  -0.019017  0.635093  0.749301  0.187629  -0.737582  0.660416  -0.140794  -0.229410  -0.048975  0.972097  0.003938  0.001520  0.012049  0.000000  0.000000  0.000000  1.000000  
127.814069 -0.005096  -0.007507  -0.019004  0.635245  0.749142  0.187749  -0.737451  0.660588  -0.140675  -0.229410  -0.049093  0.972091  0.003830  0.001755  0.011809  0.000000  0.000000  0.000000  1.000000  
127.815075 -0.005092  -0.007503  -0.018993  0.635093  0.749233  0.187902  -0.737582  0.660467  -0.140553  -0.229410  -0.049329  0.972079  0.003901  0.002109  0.011641  0.000000  0.000000  0.000000  1.000000  
127.816319 -0.005086  -0.007499  -0.018982  0.635113  0.749214  0.187908  -0.737605  0.660480  -0.140375  -0.229280  -0.049448  0.972104  0.004016  0.002325  0.011253  0.000000  0.000000  0.000000  1.000000  
127.817568 -0.005082  -0.007497  -0.018970  0.635093  0.749187  0.188084  -0.737582  0.660502  -0.140393  -0.229410  -0.049565  0.972067  0.003959  0.002226  0.010963  0.000000  0.000000  0.000000  1.000000  
127.818819 -0.005077  -0.007496  -0.018955  0.635093  0.749141  0.188266  -0.737582  0.660536  -0.140233  -0.229410  -0.049800  0.972055  0.003957  0.002087  0.011104  0.000000  0.000000  0.000000  1.000000  
127.820068 -0.005073  -0.007493  -0.018940  0.635093  0.749096  0.188447  -0.737582  0.660570  -0.140073  -0.229410  -0.050036  0.972043  0.003900  0.002045  0.011225  0.000000  0.000000  0.000000  1.000000  
127.821068 -0.005069  -0.007490  -0.018926  0.635073  0.749045  0.188714  -0.737559  0.660609  -0.140011  -0.229540  -0.050270  0.972000  0.003910  0.002151  0.011460  0.000000  0.000000  0.000000  1.000000  
127.822068 -0.005065  -0.007487  -0.018911  0.634921  0.749136  0.188867  -0.737690  0.660488  -0.139889  -0.229540  -0.050506  0.971988  0.003901  0.002192  0.011688  0.000000  0.000000  0.000000  1.000000  
127.823318 -0.005059  -0.007484  -0.018887  0.634921  0.749090  0.189048  -0.737690  0.660522  -0.139729  -0.229540  -0.050742  0.971976  0.003991  0.002232  0.012297  0.000000  0.000000  0.000000  1.000000  
127.824318 -0.005051  -0.007481  -0.018864  0.634921  0.749044  0.189230  -0.737690  0.660556  -0.139569  -0.229540  -0.050978  0.971963  0.004387  0.002567  0.013749  0.000000  0.000000  0.000000  1.000000  
127.825568 -0.005042  -0.007475  -0.018834  0.634921  0.748975  0.189503  -0.737690  0.660607  -0.139329  -0.229540  -0.051332  0.971945  0.004625  0.002756  0.014473  0.000000  0.000000  0.000000  1.000000  
127.826575 -0.005033  -0.007470  -0.018814  0.634921  0.748952  0.189594  -0.737690  0.660624  -0.139248  -0.229540  -0.051449  0.971938  0.004889  0.002953  0.014610  0.000000  0.000000  0.000000  1.000000  
127.827827 -0.005023  -0.007461  -0.018795  0.634770  0.749042  0.189747  -0.737820  0.660503  -0.139127  -0.229540  -0.051685  0.971926  0.005183  0.003317  0.014798  0.000000  0.000000  0.000000  1.000000  
127.829075 -0.005016  -0.007454  -0.018779  0.634790  0.749023  0.189753  -0.737844  0.660515  -0.138949  -0.229410  -0.051805  0.971950  0.005398  0.003537  0.015050  0.000000  0.000000  0.000000  1.000000  
127.830075 -0.005011  -0.007448  -0.018763  0.634790  0.749023  0.189753  -0.737844  0.660515  -0.138949  -0.229410  -0.051805  0.971950  0.005413  0.003639  0.015482  0.000000  0.000000  0.000000  1.000000  
127.831319 -0.005003  -0.007443  -0.018737  0.634810  0.749005  0.189759  -0.737867  0.660527  -0.138770  -0.229280  -0.051924  0.971975  0.005554  0.003764  0.016450  0.000000  0.000000  0.000000  1.000000  
127.832322 -0.004997  -0.007438  -0.018712  0.634810  0.749005  0.189759  -0.737867  0.660527  -0.138770  -0.229280  -0.051924  0.971975  0.005737  0.003967  0.017525  0.000000  0.000000  0.000000  1.000000  
127.833568 -0.004992  -0.007434  -0.018677  0.634830  0.749010  0.189674  -0.737890  0.660521  -0.138671  -0.229150  -0.051926  0.972005  0.005746  0.004173  0.018860  0.000000  0.000000  0.000000  1.000000  
127.834568 -0.004990  -0.007429  -0.018650  0.634830  0.748987  0.189765  -0.737890  0.660538  -0.138591  -0.229150  -0.052044  0.971999  0.005656  0.004379  0.019729  0.000000  0.000000  0.000000  1.000000  
127.835572 -0.004986  -0.007423  -0.018625  0.634850  0.748991  0.189680  -0.737913  0.660533  -0.138493  -0.229020  -0.052045  0.972029  0.005616  0.004589  0.020655  0.000000  0.000000  0.000000  1.000000  
127.836818 -0.004980  -0.007416  -0.018596  0.635021  0.748860  0.189624  -0.737806  0.660682  -0.138355  -0.228889  -0.052047  0.972060  0.005750  0.004868  0.021375  0.000000  0.000000  0.000000  1.000000  
127.838072 -0.004972  -0.007408  -0.018570  0.635041  0.748841  0.189630  -0.737829  0.660693  -0.138176  -0.228759  -0.052167  0.972084  0.005862  0.005121  0.021530  0.000000  0.000000  0.000000  1.000000  
127.839074 -0.004966  -0.007404  -0.018550  0.635041  0.748841  0.189630  -0.737829  0.660693  -0.138176  -0.228759  -0.052167  0.972084  0.005787  0.005220  0.021276  0.000000  0.000000  0.000000  1.000000  
127.840322 -0.004958  -0.007396  -0.018529  0.635061  0.748823  0.189636  -0.737852  0.660705  -0.137997  -0.228629  -0.052286  0.972109  0.005658  0.005333  0.020637  0.000000  0.000000  0.000000  1.000000  
127.841324 -0.004952  -0.007390  -0.018514  0.635213  0.748664  0.189755  -0.737722  0.660876  -0.137878  -0.228629  -0.052404  0.972102  0.005532  0.005365  0.020358  0.000000  0.000000  0.000000  1.000000  
127.842582 -0.004946  -0.007385  -0.018497  0.635253  0.748650  0.189676  -0.737768  0.660882  -0.137601  -0.228368  -0.052525  0.972157  0.005197  0.005174  0.020218  0.000000  0.000000  0.000000  1.000000  
127.843829 -0.004942  -0.007382  -0.018478  0.635273  0.748654  0.189591  -0.737791  0.660876  -0.137502  -0.228238  -0.052527  0.972187  0.004987  0.004892  0.020380  0.000000  0.000000  0.000000  1.000000  
127.845076 -0.004940  -0.007380  -0.018454  0.635465  0.748527  0.189449  -0.737706  0.661020  -0.137266  -0.227977  -0.052530  0.972248  0.004748  0.004576  0.020621  0.000000  0.000000  0.000000  1.000000  
127.846076 -0.004936  -0.007378  -0.018429  0.635637  0.748396  0.189393  -0.737599  0.661169  -0.137129  -0.227847  -0.052532  0.972279  0.004546  0.004412  0.020835  0.000000  0.000000  0.000000  1.000000  
127.847078 -0.004933  -0.007374  -0.018405  0.635676  0.748405  0.189223  -0.737645  0.661158  -0.136932  -0.227587  -0.052535  0.972340  0.004370  0.004325  0.020882  0.000000  0.000000  0.000000  1.000000  
127.848321 -0.004930  -0.007370  -0.018377  0.635848  0.748297  0.189075  -0.737537  0.661290  -0.136874  -0.227456  -0.052419  0.972376  0.004240  0.004339  0.020308  0.000000  0.000000  0.000000  1.000000  
127.849323 -0.004927  -0.007366  -0.018359  0.636040  0.748192  0.188843  -0.737452  0.661417  -0.136719  -0.227196  -0.052304  0.972444  0.004220  0.004316  0.019752  0.000000  0.000000  0.000000  1.000000  
127.850572 -0.004923  -0.007360  -0.018339  0.636079  0.748224  0.188582  -0.737498  0.661390  -0.136602  -0.226935  -0.052189  0.972511  0.004245  0.004188  0.018956  0.000000  0.000000  0.000000  1.000000  
127.851574 -0.004917  -0.007353  -0.018324  0.636251  0.748116  0.188435  -0.737390  0.661522  -0.136545  -0.226805  -0.052073  0.972547  0.004290  0.004218  0.018392  0.000000  0.000000  0.000000  1.000000  
127.852822 -0.004909  -0.007345  -0.018304  0.636442  0.748034  0.188111  -0.737305  0.661632  -0.136469  -0.226544  -0.051840  0.972620  0.004302  0.004288  0.018005  0.000000  0.000000  0.000000  1.000000  
127.854071 -0.004901  -0.007338  -0.018279  0.636786  0.747771  0.187997  -0.737089  0.661930  -0.136195  -0.226284  -0.051844  0.972681  0.004335  0.004406  0.018045  0.000000  0.000000  0.000000  1.000000  
127.855072 -0.004895  -0.007332  -0.018257  0.636977  0.747666  0.187764  -0.737004  0.662057  -0.136040  -0.226023  -0.051729  0.972748  0.004296  0.004346  0.018455  0.000000  0.000000  0.000000  1.000000  
127.856073 -0.004890  -0.007328  -0.018235  0.637168  0.747539  0.187622  -0.736918  0.662200  -0.135804  -0.225762  -0.051732  0.972808  0.004205  0.004240  0.018905  0.000000  0.000000  0.000000  1.000000  
127.857073 -0.004887  -0.007325  -0.018214  0.637359  0.747435  0.187389  -0.736833  0.662327  -0.135649  -0.225501  -0.051617  0.972874  0.004073  0.004111  0.019486  0.000000  0.000000  0.000000  1.000000  
127.858073 -0.004883  -0.007322  -0.018192  0.637550  0.747307  0.187247  -0.736747  0.662470  -0.135413  -0.225241  -0.051621  0.972935  0.004080  0.004062  0.019892  0.000000  0.000000  0.000000  1.000000  
127.859073 -0.004880  -0.007320  -0.018171  0.637741  0.747180  0.187104  -0.736661  0.662614  -0.135178  -0.224980  -0.051624  0.972995  0.004109  0.004078  0.020164  0.000000  0.000000  0.000000  1.000000  
127.860087 -0.004875  -0.007318  -0.018149  0.637933  0.747053  0.186961  -0.736575  0.662757  -0.134943  -0.224719  -0.051627  0.973055  0.004298  0.004138  0.020209  0.000000  0.000000  0.000000  1.000000  
127.861324 -0.004869  -0.007314  -0.018125  0.638275  0.746789  0.186846  -0.736358  0.663054  -0.134669  -0.224459  -0.051630  0.973115  0.004471  0.004242  0.019908  0.000000  0.000000  0.000000  1.000000  
127.862325 -0.004862  -0.007308  -0.018107  0.638466  0.746684  0.186613  -0.736272  0.663181  -0.134514  -0.224198  -0.051515  0.973181  0.004709  0.004352  0.019475  0.000000  0.000000  0.000000  1.000000  
127.863580 -0.004855  -0.007302  -0.018087  0.638808  0.746420  0.186498  -0.736054  0.663478  -0.134241  -0.223937  -0.051518  0.973241  0.004999  0.004473  0.019039  0.000000  0.000000  0.000000  1.000000  
127.864823 -0.004847  -0.007295  -0.018067  0.639151  0.746156  0.186382  -0.735836  0.663775  -0.133967  -0.223676  -0.051522  0.973301  0.005279  0.004614  0.018916  0.000000  0.000000  0.000000  1.000000  
127.866071 -0.004837  -0.007287  -0.018043  0.639361  0.746032  0.186153  -0.735773  0.663913  -0.133634  -0.223285  -0.051526  0.973390  0.005573  0.004641  0.019200  0.000000  0.000000  0.000000  1.000000  
127.867325 -0.004826  -0.007279  -0.018012  0.639703  0.745768  0.186037  -0.735554  0.664210  -0.133361  -0.223024  -0.051529  0.973450  0.005721  0.004636  0.020037  0.000000  0.000000  0.000000  1.000000  
127.868568 -0.004815  -0.007271  -0.017976  0.640045  0.745504  0.185921  -0.735336  0.664506  -0.133088  -0.222763  -0.051533  0.973510  0.005896  0.004589  0.020880  0.017573  0.214505  -0.169350  1.000000  
127.869568 -0.004807  -0.007265  -0.017945  0.640236  0.745376  0.185778  -0.735249  0.664650  -0.132853  -0.222502  -0.051536  0.973569  0.006042  0.004650  0.021541  0.015058  0.223836  -0.175588  1.000000  
127.870818 -0.004799  -0.007257  -0.017910  0.640577  0.745089  0.185752  -0.735030  0.664962  -0.132499  -0.222241  -0.051657  0.973622  0.006185  0.004786  0.022080  0.016562  0.228594  -0.181950  1.000000  
127.872068 -0.004790  -0.007249  -0.017876  0.640748  0.744956  0.185693  -0.734921  0.665110  -0.132363  -0.222111  -0.051659  0.973652  0.006497  0.005050  0.022479  0.018084  0.228962  -0.188641  1.000000  
127.873068 -0.004782  -0.007242  -0.017853  0.641090  0.744691  0.185576  -0.734702  0.665406  -0.132090  -0.221850  -0.051662  0.973711  0.006781  0.005355  0.022624  0.017095  0.234219  -0.201818  1.000000  
127.874318 -0.004772  -0.007233  -0.017823  0.641431  0.744404  0.185550  -0.734482  0.665719  -0.131737  -0.221589  -0.051783  0.973764  0.007133  0.005774  0.022796  0.022624  0.234561  -0.208472  1.000000  
127.875570 -0.004762  -0.007223  -0.017792  0.641773  0.744116  0.185523  -0.734263  0.666031  -0.131383  -0.221328  -0.051904  0.973817  0.007402  0.006223  0.023108  0.029688  0.235259  -0.221800  1.000000  
127.876575 -0.004754  -0.007214  -0.017766  0.641943  0.743961  0.185554  -0.734153  0.666194  -0.131166  -0.221198  -0.052024  0.973840  0.007601  0.006559  0.023609  0.033698  0.235249  -0.221770  1.000000  
127.877576 -0.004746  -0.007205  -0.017739  0.642114  0.743784  0.185676  -0.734043  0.666374  -0.130868  -0.221067  -0.052262  0.973857  0.007705  0.006869  0.024391  0.047344  0.235659  -0.228478  1.000000  
127.878826 -0.004735  -0.007194  -0.017703  0.642436  0.743469  0.185824  -0.733801  0.666707  -0.130532  -0.220937  -0.052500  0.973874  0.007902  0.007044  0.025361  0.061457  0.233442  -0.237287  1.000000  
127.880074 -0.004724  -0.007183  -0.017665  0.642606  0.743291  0.185946  -0.733691  0.666886  -0.130234  -0.220806  -0.052737  0.973891  0.008054  0.007335  0.026545  0.073032  0.227088  -0.235578  1.000000  
127.881317 -0.004712  -0.007173  -0.017625  0.642928  0.742976  0.186094  -0.733448  0.667218  -0.129897  -0.220676  -0.052975  0.973908  0.008200  0.007511  0.027462  0.086658  0.223036  -0.242523  1.000000  
127.882326 -0.004702  -0.007164  -0.017593  0.643098  0.742776  0.186305  -0.733338  0.667413  -0.129518  -0.220545  -0.053331  0.973918  0.008211  0.007652  0.027982  0.103617  0.220389  -0.244722  1.000000  
127.883570 -0.004691  -0.007152  -0.017554  0.643288  0.742580  0.186430  -0.733250  0.667602  -0.129041  -0.220284  -0.053689  0.973957  0.008278  0.007964  0.028146  0.118899  0.223084  -0.242479  1.000000  
127.884818 -0.004681  -0.007141  -0.017518  0.643629  0.742269  0.186491  -0.733029  0.667928  -0.128606  -0.220023  -0.053929  0.974003  0.008375  0.008256  0.028001  0.132484  0.219023  -0.249424  1.000000  
127.885820 -0.004672  -0.007132  -0.017491  0.643799  0.742091  0.186611  -0.732919  0.668107  -0.128308  -0.219893  -0.054166  0.974019  0.008468  0.008407  0.027938  0.138987  0.214233  -0.242967  1.000000  
127.887068 -0.004661  -0.007119  -0.017458  0.644139  0.741758  0.186762  -0.732698  0.668448  -0.127792  -0.219632  -0.054524  0.974058  0.008599  0.008646  0.027913  0.156630  0.214639  -0.249651  1.000000  
127.888068 -0.004652  -0.007110  -0.017429  0.644329  0.741584  0.186796  -0.732609  0.668621  -0.127396  -0.219370  -0.054764  0.974103  0.008685  0.008791  0.028273  0.164648  0.214670  -0.249640  1.000000  
127.889318 -0.004641  -0.007097  -0.017389  0.644499  0.741406  0.186916  -0.732499  0.668799  -0.127097  -0.219240  -0.055002  0.974119  0.008773  0.009053  0.028897  0.171161  0.209884  -0.243191  1.000000  
127.890319 -0.004632  -0.007086  -0.017354  0.644840  0.741095  0.186976  -0.732277  0.669124  -0.126662  -0.218979  -0.055241  0.974165  0.008797  0.009282  0.029692  0.180710  0.210289  -0.249873  1.000000  
127.891320 -0.004624  -0.007075  -0.017318  0.645010  0.740917  0.187096  -0.732167  0.669301  -0.126364  -0.218848  -0.055479  0.974180  0.008819  0.009415  0.030349  0.188726  0.205844  -0.250078  1.000000  
127.892770 -0.004613  -0.007062  -0.017272  0.645369  0.740611  0.187069  -0.731967  0.669620  -0.125831  -0.218457  -0.055721  0.974255  0.008686  0.009425  0.030783  0.201093  0.206210  -0.250514  1.000000  
127.893835 -0.004602  -0.007048  -0.017229  0.645709  0.740277  0.187217  -0.731745  0.669960  -0.125315  -0.218195  -0.056079  0.974293  0.008854  0.009718  0.031638  0.214331  0.210713  -0.256480  1.000000  
127.895074 -0.004590  -0.007035  -0.017188  0.646068  0.739947  0.187279  -0.731544  0.670293  -0.124700  -0.217804  -0.056438  0.974359  0.008914  0.009889  0.031782  0.226395  0.210800  -0.256514  1.000000  
127.896078 -0.004581  -0.007024  -0.017157  0.646408  0.739636  0.187337  -0.731322  0.670616  -0.124265  -0.217543  -0.056678  0.974404  0.008896  0.010067  0.031704  0.236253  0.212488  -0.258519  1.000000  
127.897321 -0.004569  -0.007011  -0.017120  0.646767  0.739284  0.187488  -0.731121  0.670964  -0.123570  -0.217151  -0.057156  0.974463  0.008878  0.010210  0.031547  0.251986  0.215702  -0.262886  1.000000  
127.898335 -0.004560  -0.007001  -0.017090  0.647126  0.738955  0.187549  -0.730920  0.671296  -0.122955  -0.216759  -0.057515  0.974529  0.008829  0.010221  0.031414  0.266056  0.221899  -0.264639  1.000000  
127.899571 -0.004551  -0.006990  -0.017053  0.647635  0.738464  0.187723  -0.730585  0.671794  -0.122221  -0.216367  -0.057993  0.974588  0.008819  0.010249  0.031492  0.283899  0.226925  -0.271203  1.000000  
127.900820 -0.004541  -0.006978  -0.017015  0.647993  0.738112  0.187872  -0.730383  0.672140  -0.121525  -0.215975  -0.058472  0.974647  0.008717  0.010263  0.031699  0.297562  0.231889  -0.277654  1.000000  
127.902068 -0.004532  -0.006966  -0.016976  0.648521  0.737649  0.187869  -0.730069  0.672616  -0.120774  -0.215453  -0.058833  0.974740  0.008578  0.010218  0.032144  0.310156  0.244154  -0.287969  1.000000  
127.903068 -0.004524  -0.006957  -0.016942  0.648859  0.737314  0.188014  -0.729845  0.672952  -0.120257  -0.215191  -0.059191  0.974776  0.008510  0.010189  0.032504  0.322205  0.244208  -0.287943  1.000000  
127.904073 -0.004517  -0.006947  -0.016906  0.649236  0.736990  0.187985  -0.729664  0.673275  -0.119545  -0.214669  -0.059553  0.974870  0.008372  0.010143  0.032740  0.332888  0.255268  -0.289767  1.000000  
127.905318 -0.004508  -0.006935  -0.016862  0.649763  0.736527  0.187979  -0.729349  0.673750  -0.118794  -0.214146  -0.059915  0.974962  0.008297  0.010079  0.032795  0.342504  0.264766  -0.296027  1.000000  
127.906568 -0.004498  -0.006922  -0.016821  0.650290  0.736041  0.188063  -0.729033  0.674238  -0.117961  -0.213623  -0.060395  0.975048  0.008262  0.010031  0.032430  0.354714  0.276822  -0.306154  1.000000  
127.907570 -0.004490  -0.006911  -0.016791  0.650797  0.735595  0.188053  -0.728695  0.674703  -0.117389  -0.213231  -0.060637  0.975118  0.008324  0.010150  0.032476  0.357611  0.286580  -0.318970  1.000000  
127.908819 -0.004480  -0.006898  -0.016755  0.651342  0.735114  0.188047  -0.728399  0.675183  -0.116459  -0.212577  -0.061119  0.975231  0.008146  0.010069  0.031591  0.367058  0.304907  -0.324552  1.000000  
127.909844 -0.004472  -0.006886  -0.016726  0.651867  0.734650  0.188038  -0.728081  0.675655  -0.115708  -0.212054  -0.061481  0.975322  0.008022  0.010072  0.031245  0.376753  0.321535  -0.339601  1.000000  
127.911074 -0.004463  -0.006874  -0.016690  0.652542  0.734024  0.188141  -0.727628  0.676291  -0.114837  -0.211531  -0.061961  0.975405  0.007859  0.010021  0.031166  0.387937  0.336059  -0.352349  1.000000  
127.912324 -0.004454  -0.006862  -0.016650  0.653236  0.733403  0.188156  -0.727196  0.676920  -0.113868  -0.210877  -0.062444  0.975516  0.007669  0.009985  0.031294  0.393164  0.352517  -0.368427  1.000000  
127.913576 -0.004447  -0.006850  -0.016608  0.653779  0.732899  0.188234  -0.726897  0.677410  -0.112855  -0.210223  -0.063044  0.975619  0.007453  0.009902  0.031789  0.407265  0.369799  -0.383933  1.000000  
127.914820 -0.004439  -0.006838  -0.016567  0.654471  0.732255  0.188334  -0.726463  0.678050  -0.111804  -0.209569  -0.063645  0.975720  0.007295  0.009885  0.031951  0.418279  0.384339  -0.396548  1.000000  
127.915822 -0.004434  -0.006830  -0.016535  0.654995  0.731791  0.188320  -0.726142  0.678517  -0.111053  -0.209046  -0.064007  0.975809  0.007215  0.009906  0.032025  0.425119  0.394225  -0.409382  1.000000  
127.917068 -0.004426  -0.006818  -0.016496  0.655686  0.731146  0.188417  -0.725706  0.679155  -0.110002  -0.208392  -0.064608  0.975909  0.007017  0.009887  0.031939  0.440161  0.408741  -0.421982  1.000000  
127.918318 -0.004419  -0.006806  -0.016459  0.656377  0.730502  0.188512  -0.725269  0.679791  -0.108950  -0.207737  -0.065210  0.976009  0.006837  0.009860  0.031599  0.452599  0.428179  -0.440990  1.000000  
127.919575 -0.004412  -0.006794  -0.016423  0.657067  0.729857  0.188606  -0.724831  0.680425  -0.107899  -0.207083  -0.065811  0.976107  0.006768  0.009882  0.031025  0.467464  0.442579  -0.453423  1.000000  
127.920820 -0.004404  -0.006782  -0.016389  0.657738  0.729182  0.188874  -0.724371  0.681078  -0.106861  -0.206559  -0.066529  0.976170  0.006691  0.009880  0.030498  0.484032  0.449368  -0.469096  1.000000  
127.922068 -0.004396  -0.006769  -0.016356  0.658409  0.728531  0.189053  -0.723911  0.681716  -0.105905  -0.206035  -0.067128  0.976239  0.006552  0.009868  0.030016  0.497521  0.462777  -0.479044  1.000000  
127.923069 -0.004389  -0.006759  -0.016329  0.659079  0.727902  0.189141  -0.723450  0.682340  -0.105032  -0.205512  -0.067610  0.976316  0.006474  0.009776  0.029838  0.509849  0.469410  -0.494653  1.000000  
127.924073 -0.004383  -0.006748  -0.016300  0.659600  0.727413  0.189207  -0.723124  0.682814  -0.104198  -0.204988  -0.068091  0.976393  0.006288  0.009743  0.029913  0.519028  0.478783  -0.500511  1.000000  
127.925318 -0.004375  -0.006736  -0.016261  0.660436  0.726603  0.189402  -0.722546  0.683604  -0.103024  -0.204333  -0.068811  0.976480  0.006218  0.009701  0.030138  0.535241  0.489273  -0.519846  1.000000  
127.926325 -0.004369  -0.006726  -0.016229  0.660956  0.726090  0.189553  -0.722218  0.684087  -0.102106  -0.203809  -0.069411  0.976547  0.006107  0.009682  0.030272  0.545339  0.498897  -0.530779  1.000000  
127.927581 -0.004362  -0.006714  -0.016187  0.661642  0.725420  0.189724  -0.721774  0.684724  -0.100970  -0.203154  -0.070132  0.976632  0.006056  0.009707  0.030209  0.559561  0.508487  -0.542892  1.000000  
127.928825 -0.004355  -0.006703  -0.016148  0.662328  0.724750  0.189892  -0.721329  0.685360  -0.099834  -0.202499  -0.070852  0.976716  0.005980  0.009677  0.030063  0.566757  0.519879  -0.551764  1.000000  
127.930075 -0.004348  -0.006690  -0.016111  0.663014  0.724079  0.190059  -0.720883  0.685993  -0.098697  -0.201844  -0.071573  0.976799  0.006009  0.009748  0.029826  0.579684  0.528535  -0.561561  1.000000  
127.931319 -0.004340  -0.006678  -0.016078  0.663680  0.723402  0.190313  -0.720416  0.686632  -0.097656  -0.201320  -0.072292  0.976854  0.006036  0.009863  0.029414  0.589109  0.533917  -0.567855  1.000000  
127.932321 -0.004333  -0.006667  -0.016050  0.664198  0.722888  0.190457  -0.720085  0.687109  -0.096738  -0.200795  -0.072892  0.976918  0.006107  0.009955  0.029162  0.598378  0.539102  -0.574066  1.000000  
127.933568 -0.004325  -0.006653  -0.016016  0.664882  0.722194  0.190706  -0.719636  0.687750  -0.095517  -0.200140  -0.073732  0.976989  0.006179  0.010079  0.028981  0.616330  0.544914  -0.582037  1.000000  
127.934568 -0.004318  -0.006643  -0.015987  0.665399  0.721680  0.190848  -0.719304  0.688224  -0.094598  -0.199616  -0.074332  0.977051  0.006281  0.010111  0.029042  0.625414  0.549992  -0.588101  1.000000  
127.935575 -0.004311  -0.006632  -0.015958  0.665915  0.721166  0.190988  -0.718971  0.688698  -0.093679  -0.199091  -0.074933  0.977112  0.006278  0.010147  0.029197  0.632889  0.554395  -0.585972  1.000000  
127.936818 -0.004303  -0.006619  -0.015921  0.666579  0.720464  0.191321  -0.718501  0.689341  -0.092553  -0.198567  -0.075771  0.977154  0.006355  0.010130  0.029481  0.650533  0.551208  -0.594446  1.000000  
127.938068 -0.004294  -0.006608  -0.015881  0.667261  0.719768  0.191564  -0.718049  0.689975  -0.091330  -0.197911  -0.076611  0.977222  0.006336  0.010076  0.029864  0.663649  0.556495  -0.600505  1.000000  
127.939070 -0.004287  -0.006598  -0.015850  0.667759  0.719200  0.191964  -0.717694  0.690473  -0.090339  -0.197517  -0.077447  0.977235  0.006385  0.010018  0.030014  0.679746  0.552595  -0.600743  1.000000  
127.940318 -0.004278  -0.006587  -0.015812  0.668439  0.718503  0.192202  -0.717241  0.691103  -0.089116  -0.196862  -0.078287  0.977301  0.006448  0.009993  0.029925  0.697056  0.557985  -0.606970  1.000000  
127.941320 -0.004271  -0.006578  -0.015783  0.669101  0.717823  0.192441  -0.716767  0.691729  -0.088071  -0.196337  -0.079007  0.977348  0.006543  0.009911  0.029708  0.706038  0.558714  -0.613268  1.000000  
127.942572 -0.004262  -0.006566  -0.015749  0.669763  0.717118  0.192765  -0.716292  0.692363  -0.086943  -0.195812  -0.079845  0.977385  0.006672  0.009911  0.029239  0.718063  0.554229  -0.611809  1.000000  
127.943583 -0.004254  -0.006556  -0.015723  0.670424  0.716437  0.193001  -0.715817  0.692984  -0.085898  -0.195287  -0.080565  0.977431  0.006837  0.009964  0.028826  0.726958  0.554864  -0.618038  1.000000  
127.944591 -0.004247  -0.006546  -0.015696  0.670938  0.715898  0.193217  -0.715479  0.693457  -0.084893  -0.194762  -0.081285  0.977477  0.006927  0.009917  0.028610  0.734476  0.555031  -0.617538  1.000000  
127.945825 -0.004238  -0.006534  -0.015662  0.671598  0.715169  0.193623  -0.715002  0.694096  -0.083679  -0.194237  -0.082242  0.977501  0.007036  0.009875  0.028599  0.750780  0.551302  -0.617883  1.000000  
127.947071 -0.004228  -0.006522  -0.015625  0.672405  0.714296  0.194043  -0.714386  0.694880  -0.082424  -0.193712  -0.083200  0.977524  0.007185  0.009833  0.028753  0.764024  0.547838  -0.624644  1.000000  
127.948323 -0.004218  -0.006510  -0.015587  0.673228  0.713430  0.194372  -0.713788  0.695654  -0.081074  -0.193056  -0.084159  0.977572  0.007230  0.009695  0.029060  0.777152  0.548825  -0.631029  1.000000  
127.949571 -0.004209  -0.006498  -0.015548  0.673887  0.712700  0.194771  -0.713308  0.696286  -0.079858  -0.192531  -0.085117  0.977592  0.007248  0.009602  0.029287  0.788141  0.545426  -0.632376  1.000000  
127.950820 -0.004199  -0.006486  -0.015510  0.674709  0.711833  0.195094  -0.712707  0.697055  -0.078506  -0.191874  -0.086077  0.977638  0.007322  0.009518  0.029330  0.798201  0.550467  -0.637133  1.000000  
127.952068 -0.004191  -0.006475  -0.015475  0.675531  0.710941  0.195501  -0.712105  0.697830  -0.077069  -0.191218  -0.087155  0.977671  0.007353  0.009427  0.029142  0.814222  0.556399  -0.644249  1.000000  
127.953068 -0.004183  -0.006467  -0.015447  0.676334  0.710089  0.195823  -0.711484  0.698592  -0.075895  -0.190692  -0.087994  0.977698  0.007382  0.009331  0.028944  0.827368  0.557385  -0.650677  1.000000  
127.954317 -0.004174  -0.006457  -0.015415  0.677136  0.709188  0.196314  -0.710861  0.699370  -0.074551  -0.190167  -0.089071  0.977703  0.007386  0.009291  0.028462  0.840464  0.554097  -0.657340  1.000000  
127.955569 -0.004166  -0.006447  -0.015385  0.677955  0.708295  0.196712  -0.710255  0.700137  -0.073111  -0.189510  -0.090150  0.977732  0.007351  0.009145  0.027944  0.859427  0.555003  -0.662970  1.000000  
127.956817 -0.004158  -0.006438  -0.015355  0.678773  0.707400  0.197108  -0.709649  0.700901  -0.071671  -0.188853  -0.091229  0.977759  0.007293  0.008980  0.027601  0.870635  0.556444  -0.670054  1.000000  
127.957817 -0.004152  -0.006430  -0.015331  0.679427  0.706689  0.197405  -0.709162  0.701508  -0.070535  -0.188328  -0.092069  0.977781  0.007234  0.008879  0.027390  0.878379  0.556962  -0.669754  1.000000  
127.959069 -0.004144  -0.006421  -0.015300  0.680390  0.705649  0.197809  -0.708413  0.702412  -0.069053  -0.187670  -0.093148  0.977805  0.007108  0.008701  0.027301  0.892543  0.558601  -0.682633  1.000000  
127.960080 -0.004139  -0.006414  -0.015275  0.681025  0.704929  0.198192  -0.707907  0.703024  -0.068010  -0.187276  -0.093985  0.977801  0.006940  0.008532  0.027164  0.903398  0.554679  -0.688510  1.000000  
127.961326 -0.004131  -0.006404  -0.015242  0.681986  0.703887  0.198591  -0.707155  0.703922  -0.066526  -0.186619  -0.095065  0.977822  0.006782  0.008338  0.027020  0.918125  0.561108  -0.701432  1.000000  
127.962569 -0.004124  -0.006394  -0.015210  0.682783  0.703005  0.198978  -0.706525  0.704673  -0.065261  -0.186093  -0.096023  0.977829  0.006627  0.008188  0.026710  0.923130  0.557883  -0.708193  1.000000  
127.963572 -0.004119  -0.006387  -0.015185  0.683579  0.702122  0.199362  -0.705893  0.705422  -0.063996  -0.185567  -0.096982  0.977834  0.006470  0.008017  0.026168  0.937426  0.559512  -0.721209  1.000000  
127.964817 -0.004112  -0.006377  -0.015157  0.684537  0.701101  0.199666  -0.705137  0.706303  -0.062595  -0.184910  -0.097943  0.977863  0.006319  0.007894  0.025470  0.943888  0.561514  -0.734516  1.000000  
127.965817 -0.004106  -0.006369  -0.015136  0.685314  0.700232  0.200051  -0.704485  0.707049  -0.061508  -0.184515  -0.098781  0.977853  0.006193  0.007793  0.024946  0.951767  0.559104  -0.748197  1.000000  
127.967067 -0.004100  -0.006360  -0.015112  0.686414  0.699040  0.200446  -0.703585  0.708076  -0.059978  -0.183858  -0.099861  0.977867  0.006012  0.007707  0.024206  0.965963  0.565814  -0.767549  1.000000  
127.968317 -0.004095  -0.006350  -0.015087  0.687386  0.698002  0.200733  -0.702842  0.708945  -0.058395  -0.183069  -0.100943  0.977904  0.005738  0.007662  0.023540  0.976157  0.572283  -0.780247  1.000000  
127.969567 -0.004090  -0.006341  -0.015062  0.688339  0.696954  0.201108  -0.702079  0.709821  -0.056905  -0.182411  -0.102024  0.977915  0.005543  0.007575  0.023208  0.979626  0.579036  -0.792634  1.000000  
127.970567 -0.004086  -0.006334  -0.015039  0.689147  0.696076  0.201383  -0.701457  0.710544  -0.055542  -0.181753  -0.102985  0.977937  0.005338  0.007510  0.023065  0.993742  0.585295  -0.805202  1.000000  
127.971568 -0.004083  -0.006327  -0.015018  0.689920  0.695177  0.201840  -0.700800  0.711284  -0.054365  -0.181358  -0.103942  0.977909  0.005076  0.007478  0.022868  1.002883  0.582267  -0.812038  1.000000  
127.972816 -0.004079  -0.006318  -0.014989  0.690870  0.694127  0.202205  -0.700033  0.712150  -0.052872  -0.180700  -0.105022  0.977915  0.004867  0.007429  0.022785  1.009329  0.589022  -0.824817  1.000000  
127.973817 -0.004076  -0.006311  -0.014969  0.691658  0.693237  0.202564  -0.699390  0.712875  -0.051600  -0.180174  -0.105982  0.977909  0.004622  0.007466  0.022546  1.018207  0.590354  -0.831095  1.000000  
127.975067 -0.004072  -0.006301  -0.014944  0.692767  0.692048  0.202841  -0.698495  0.713868  -0.049972  -0.179384  -0.107065  0.977936  0.004448  0.007505  0.022091  1.029352  0.601878  -0.849752  1.000000  
127.976081 -0.004069  -0.006293  -0.014925  0.693409  0.691303  0.203184  -0.697992  0.714444  -0.048740  -0.178858  -0.108024  0.977927  0.004183  0.007526  0.021465  1.036964  0.603015  -0.856439  1.000000  
127.977319 -0.004066  -0.006283  -0.014904  0.694516  0.690088  0.203537  -0.697094  0.715436  -0.047023  -0.178068  -0.109226  0.977937  0.004016  0.007595  0.020850  1.047427  0.614450  -0.868838  1.000000  
127.978320 -0.004063  -0.006274  -0.014886  0.695300  0.689195  0.203884  -0.696446  0.716149  -0.045748  -0.177541  -0.110186  0.977925  0.003798  0.007634  0.020255  1.052891  0.615760  -0.874139  1.000000  
127.979322 -0.004059  -0.006265  -0.014870  0.696100  0.688311  0.204137  -0.695814  0.716850  -0.044380  -0.176883  -0.111148  0.977936  0.003653  0.007684  0.019842  1.062305  0.626868  -0.887185  1.000000  
127.980571 -0.004056  -0.006255  -0.014848  0.697043  0.687230  0.204562  -0.695037  0.717699  -0.042796  -0.176224  -0.112348  0.977918  0.003385  0.007747  0.019497  1.071099  0.628534  -0.893386  1.000000  
127.981817 -0.004054  -0.006244  -0.014826  0.698144  0.686036  0.204816  -0.694131  0.718671  -0.041163  -0.175434  -0.113431  0.977935  0.003161  0.007821  0.019391  1.073486  0.635153  -0.904751  1.000000  
127.982822 -0.004051  -0.006235  -0.014806  0.698925  0.685140  0.205151  -0.693478  0.719373  -0.039885  -0.174907  -0.114391  0.977917  0.003006  0.007931  0.019425  1.076392  0.636157  -0.905338  1.000000  
127.984068 -0.004050  -0.006225  -0.014780  0.699880  0.684068  0.205472  -0.692713  0.720201  -0.038206  -0.174117  -0.115594  0.977917  0.002805  0.008039  0.019448  1.081193  0.646932  -0.910651  1.000000  
127.985068 -0.004048  -0.006215  -0.014759  0.700802  0.683022  0.205810  -0.691913  0.721038  -0.036885  -0.173590  -0.116554  0.977897  0.002681  0.008186  0.019410  1.087250  0.649192  -0.923684  1.000000  
127.986071 -0.004045  -0.006206  -0.014738  0.701722  0.682001  0.206061  -0.691112  0.721868  -0.035650  -0.173063  -0.117395  0.977889  0.002569  0.008318  0.019314  1.089120  0.651362  -0.936673  1.000000  
127.987319 -0.004043  -0.006193  -0.014713  0.702674  0.680926  0.206371  -0.690342  0.722685  -0.033969  -0.172272  -0.118598  0.977884  0.002521  0.008582  0.019096  1.093803  0.657711  -0.942425  1.000000  
127.988568 -0.004041  -0.006180  -0.014690  0.703608  0.679839  0.206771  -0.689554  0.723510  -0.032378  -0.171613  -0.119798  0.977854  0.002423  0.008837  0.018852  1.097228  0.658824  -0.941808  1.000000  
127.989818 -0.004039  -0.006167  -0.014669  0.704683  0.678602  0.207172  -0.688619  0.724471  -0.030744  -0.170954  -0.120998  0.977821  0.002264  0.009097  0.018639  1.103937  0.665729  -0.953040  1.000000  
127.990819 -0.004036  -0.006155  -0.014651  0.705473  0.677688  0.207476  -0.687973  0.725145  -0.029283  -0.170294  -0.122079  0.977802  0.002284  0.009333  0.018588  1.112159  0.671555  -0.958317  1.000000  
127.992068 -0.004034  -0.006141  -0.014627  0.706546  0.676424  0.207951  -0.687035  0.726101  -0.027559  -0.169635  -0.123398  0.977751  0.002186  0.009563  0.018691  1.120797  0.673494  -0.964354  1.000000  
127.993085 -0.004032  -0.006130  -0.014608  0.707475  0.675384  0.208171  -0.686241  0.726905  -0.026141  -0.168976  -0.124361  0.977743  0.002058  0.009780  0.018843  1.124842  0.684230  -0.970787  1.000000  
127.994327 -0.004030  -0.006116  -0.014581  0.708544  0.674118  0.208638  -0.685299  0.727852  -0.024415  -0.168316  -0.125680  0.977688  0.001925  0.009993  0.019260  1.137889  0.686315  -0.977144  1.000000  
127.995576 -0.004029  -0.006102  -0.014554  0.709612  0.672851  0.209100  -0.684355  0.728796  -0.022688  -0.167657  -0.126999  0.977631  0.001791  0.010201  0.019665  1.146599  0.692744  -0.982651  1.000000  
127.996825 -0.004028  -0.006088  -0.014527  0.710662  0.671570  0.209652  -0.683394  0.729746  -0.021050  -0.167129  -0.128315  0.977550  0.001701  0.010441  0.019960  1.154146  0.689502  -0.982470  1.000000  
127.998069 -0.004026  -0.006073  -0.014500  0.711867  0.670124  0.210189  -0.682300  0.730821  -0.019189  -0.166470  -0.129752  0.977472  0.001627  0.010687  0.020048  1.168209  0.688015  -0.995954  1.000000  
127.999070 -0.004026  -0.006061  -0.014479  0.712774  0.669067  0.210484  -0.681481  0.731618  -0.017858  -0.165942  -0.130713  0.977434  0.001546  0.010938  0.020052  1.172890  0.689720  -1.002172  1.000000  
128.000318 -0.004024  -0.006045  -0.014453  0.713819  0.667756  0.211103  -0.680515  0.732557  -0.016127  -0.165414  -0.132147  0.977331  0.001503  0.011190  0.019990  1.181602  0.683002  -1.009285  1.000000  
128.001568 -0.004023  -0.006029  -0.014430  0.714879  0.666507  0.211461  -0.679561  0.733476  -0.014483  -0.164754  -0.133347  0.977279  0.001457  0.011475  0.019857  1.181702  0.688934  -1.012636  1.000000  
128.002818 -0.004021  -0.006011  -0.014405  0.716061  0.665068  0.211992  -0.678444  0.734541  -0.012795  -0.164226  -0.134663  0.977188  0.001395  0.011776  0.019990  1.191938  0.687915  -1.028075  1.000000  
128.004068 -0.004021  -0.005995  -0.014380  0.717118  0.663791  0.212421  -0.677486  0.735452  -0.011059  -0.163566  -0.135982  0.977116  0.001267  0.012009  0.020116  1.199449  0.689233  -1.027452  1.000000  
128.005318 -0.004021  -0.005978  -0.014352  0.718157  0.662500  0.212940  -0.676512  0.736371  -0.009412  -0.163038  -0.137298  0.977020  0.001070  0.012161  0.020517  1.204217  0.682619  -1.034796  1.000000  
128.006319 -0.004020  -0.005964  -0.014329  0.719040  0.661398  0.213388  -0.675669  0.737161  -0.008075  -0.162642  -0.138373  0.976934  0.000998  0.012362  0.020888  1.208836  0.680022  -1.041409  1.000000  
128.007575 -0.004021  -0.005947  -0.014299  0.720215  0.659952  0.213900  -0.674544  0.738207  -0.006381  -0.162114  -0.139689  0.976835  0.000792  0.012577  0.021267  1.214238  0.674013  -1.055099  1.000000  
128.008818 -0.004022  -0.005930  -0.014271  0.721404  0.658492  0.214392  -0.673430  0.739237  -0.004507  -0.161454  -0.141126  0.976737  0.000627  0.012719  0.021472  1.222116  0.671551  -1.059263  1.000000  
128.009827 -0.004022  -0.005916  -0.014250  0.722283  0.657360  0.214908  -0.672583  0.740015  -0.003078  -0.161058  -0.142320  0.976630  0.000506  0.012964  0.021361  1.231331  0.669342  -1.068223  1.000000  
128.011072 -0.004023  -0.005899  -0.014223  0.723453  0.655909  0.215405  -0.671451  0.741048  -0.001379  -0.160530  -0.143636  0.976524  0.000353  0.013100  0.021363  1.237295  0.668172  -1.081817  1.000000  
128.012072 -0.004025  -0.005886  -0.014204  0.724483  0.654636  0.215817  -0.670466  0.741940  0.000186  -0.160002  -0.144833  0.976434  0.000188  0.013276  0.021155  1.250504  0.666507  -1.092841  1.000000  
128.013321 -0.004026  -0.005869  -0.014180  0.725649  0.653156  0.216383  -0.669330  0.742963  0.001977  -0.159473  -0.146266  0.976307  0.000047  0.013414  0.020967  1.259945  0.660250  -1.102804  1.000000  
128.014568 -0.004027  -0.005851  -0.014156  0.726813  0.651674  0.216944  -0.668191  0.743980  0.003770  -0.158945  -0.147700  0.976177  -0.000124  0.013545  0.020896  1.268265  0.658725  -1.112917  1.000000  
128.015576 -0.004029  -0.005838  -0.014136  0.727685  0.650535  0.217439  -0.667336  0.744738  0.005206  -0.158549  -0.148894  0.976060  -0.000339  0.013570  0.020905  1.280900  0.655577  -1.115791  1.000000  
128.016820 -0.004031  -0.005820  -0.014111  0.728845  0.649049  0.217990  -0.666194  0.745746  0.007002  -0.158020  -0.150327  0.975926  -0.000604  0.013684  0.020956  1.288266  0.649058  -1.120117  1.000000  
128.018068 -0.004034  -0.005803  -0.014084  0.730004  0.647562  0.218535  -0.665049  0.746747  0.008800  -0.157492  -0.151761  0.975789  -0.000854  0.013712  0.021080  1.297893  0.648013  -1.133397  1.000000  
128.019068 -0.004036  -0.005789  -0.014063  0.731008  0.646292  0.218938  -0.664039  0.747628  0.010195  -0.157095  -0.152835  0.975686  -0.001025  0.013776  0.021140  1.305178  0.646815  -1.150259  1.000000  
128.020068 -0.004038  -0.005775  -0.014041  0.732027  0.645036  0.219240  -0.663041  0.748492  0.011678  -0.156567  -0.153914  0.975601  -0.001173  0.013757  0.021072  1.310859  0.649920  -1.163221  1.000000  
128.021318 -0.004041  -0.005758  -0.014015  0.733316  0.643390  0.219767  -0.661740  0.749611  0.013525  -0.156038  -0.155347  0.975459  -0.001372  0.013778  0.020898  1.314774  0.644485  -1.173658  1.000000  
128.022568 -0.004044  -0.005740  -0.013991  0.734603  0.641768  0.220210  -0.660436  0.750727  0.015283  -0.155509  -0.156661  0.975333  -0.001544  0.013801  0.020583  1.316255  0.639209  -1.187692  1.000000  
128.023574 -0.004047  -0.005727  -0.013972  0.735600  0.640492  0.220595  -0.659418  0.751591  0.016682  -0.155113  -0.157736  0.975223  -0.001687  0.013792  0.020235  1.321811  0.637916  -1.201071  1.000000  
128.024819 -0.004050  -0.005710  -0.013951  0.736867  0.638824  0.221202  -0.658096  0.752708  0.018447  -0.154716  -0.159165  0.975054  -0.001902  0.013790  0.019965  1.327581  0.632834  -1.215167  1.000000  
128.025835 -0.004053  -0.005696  -0.013932  0.737861  0.637545  0.221579  -0.657074  0.753565  0.019849  -0.154320  -0.160240  0.974940  -0.002027  0.013806  0.019724  1.327944  0.629366  -1.218507  1.000000  
