1-Time 2-Px 3-Py 4-Pz 5-R11 6-R21 7-R31 8-R12 9-R22 10-R32 11-R13 12-R23 13-R33 14-Vx 15-Vy 16-Vz 17-Wx 18-Wy 19-Wz 20-state
211.190110 0.022797  0.004588  -0.019977  0.560548  0.727348  0.395918  -0.564253  -0.014477  0.825475  0.606140  -0.686116  0.402293  0.000197  -0.001019  -0.004778  0.000000  0.000000  0.000000  1.000000  
211.191348 0.022796  0.004587  -0.019978  0.560548  0.727348  0.395918  -0.564253  -0.014477  0.825475  0.606140  -0.686116  0.402293  -0.001472  -0.001474  -0.001325  0.000000  0.000000  0.000000  1.000000  
211.192599 0.022783  0.004577  -0.019964  0.560548  0.727348  0.395918  -0.564253  -0.014477  0.825475  0.606140  -0.686116  0.402293  -0.006333  -0.004969  0.006067  0.000000  0.000000  0.000000  1.000000  
211.193847 0.022768  0.004567  -0.019947  0.560548  0.727348  0.395918  -0.564253  -0.014477  0.825475  0.606140  -0.686116  0.402293  -0.008293  -0.006159  0.008738  0.000000  0.000000  0.000000  1.000000  
211.194847 0.022760  0.004563  -0.019938  0.560605  0.727284  0.395956  -0.564310  -0.014412  0.825437  0.606033  -0.686186  0.402334  -0.008365  -0.005775  0.008830  0.000000  0.000000  0.000000  1.000000  
211.196097 0.022747  0.004559  -0.019932  0.560605  0.727284  0.395956  -0.564310  -0.014412  0.825437  0.606033  -0.686186  0.402334  -0.008853  -0.005204  0.007829  0.000000  0.000000  0.000000  1.000000  
211.197347 0.022727  0.004553  -0.019926  0.560605  0.727284  0.395956  -0.564310  -0.014412  0.825437  0.606033  -0.686186  0.402334  -0.010006  -0.005099  0.007329  0.000000  0.000000  0.000000  1.000000  
211.198597 0.022707  0.004548  -0.019919  0.560605  0.727284  0.395956  -0.564310  -0.014412  0.825437  0.606033  -0.686186  0.402334  -0.010920  -0.004924  0.007095  0.000000  0.000000  0.000000  1.000000  
211.199608 0.022695  0.004546  -0.019915  0.560605  0.727284  0.395956  -0.564310  -0.014412  0.825437  0.606033  -0.686186  0.402334  -0.011112  -0.004570  0.006777  0.000000  0.000000  0.000000  1.000000  
211.200852 0.022681  0.004545  -0.019908  0.560605  0.727284  0.395956  -0.564310  -0.014412  0.825437  0.606033  -0.686186  0.402334  -0.011132  -0.004165  0.006582  0.000000  0.000000  0.000000  1.000000  
211.201856 0.022668  0.004543  -0.019902  0.560605  0.727236  0.396044  -0.564310  -0.014512  0.825435  0.606033  -0.686234  0.402251  -0.011253  -0.003963  0.006588  0.000000  0.000000  0.000000  1.000000  
211.203106 0.022649  0.004538  -0.019889  0.560605  0.727236  0.396044  -0.564310  -0.014512  0.825435  0.606033  -0.686234  0.402251  -0.011682  -0.003985  0.006895  0.000000  0.000000  0.000000  1.000000  
211.204352 0.022626  0.004530  -0.019873  0.560546  0.727120  0.396340  -0.564483  -0.014697  0.825314  0.605927  -0.686353  0.402209  -0.012230  -0.004206  0.007437  0.000000  0.000000  0.000000  1.000000  
211.205598 0.022602  0.004517  -0.019852  0.560546  0.727072  0.396428  -0.564483  -0.014797  0.825312  0.605927  -0.686402  0.402125  -0.013028  -0.004772  0.008369  0.000000  0.000000  0.000000  1.000000  
211.206599 0.022579  0.004502  -0.019833  0.560546  0.727072  0.396428  -0.564483  -0.014797  0.825312  0.605927  -0.686402  0.402125  -0.014292  -0.005557  0.009551  0.000000  0.000000  0.000000  1.000000  
211.207846 0.022550  0.004483  -0.019812  0.560546  0.727024  0.396516  -0.564483  -0.014897  0.825310  0.605927  -0.686451  0.402042  -0.015377  -0.006036  0.009754  0.000000  0.000000  0.000000  1.000000  
211.208846 0.022528  0.004471  -0.019799  0.560662  0.726979  0.396435  -0.564368  -0.014847  0.825390  0.605927  -0.686500  0.401959  -0.016000  -0.006380  0.009848  0.000000  0.000000  0.000000  1.000000  
211.209847 0.022506  0.004461  -0.019792  0.560662  0.726979  0.396435  -0.564368  -0.014847  0.825390  0.605927  -0.686500  0.401959  -0.016892  -0.006766  0.009699  0.000000  0.000000  0.000000  1.000000  
211.211097 0.022478  0.004450  -0.019784  0.560662  0.726931  0.396523  -0.564368  -0.014947  0.825388  0.605927  -0.686548  0.401876  -0.017916  -0.007260  0.009877  0.000000  0.000000  0.000000  1.000000  
211.212098 0.022453  0.004439  -0.019773  0.560778  0.726934  0.396353  -0.564252  -0.014798  0.825470  0.605927  -0.686548  0.401876  -0.018590  -0.007699  0.010400  0.000000  0.000000  0.000000  1.000000  
211.213100 0.022429  0.004430  -0.019756  0.560951  0.726824  0.396309  -0.564194  -0.014683  0.825512  0.605820  -0.686667  0.401833  -0.019097  -0.008000  0.011154  0.000000  0.000000  0.000000  1.000000  
211.214346 0.022405  0.004423  -0.019729  0.561241  0.726765  0.396007  -0.564021  -0.014319  0.825637  0.605714  -0.686737  0.401874  -0.019550  -0.008215  0.012412  0.000000  0.000000  0.000000  1.000000  
211.215346 0.022387  0.004420  -0.019704  0.561357  0.726768  0.395837  -0.563905  -0.014169  0.825718  0.605714  -0.686737  0.401874  -0.019953  -0.008342  0.013762  0.000000  0.000000  0.000000  1.000000  
211.216347 0.022367  0.004417  -0.019678  0.561587  0.726593  0.395831  -0.563904  -0.013989  0.825722  0.605501  -0.686926  0.401873  -0.020484  -0.008498  0.015130  0.000000  0.000000  0.000000  1.000000  
211.217347 0.022343  0.004412  -0.019652  0.561761  0.726531  0.395699  -0.563846  -0.013775  0.825765  0.605395  -0.686996  0.401914  -0.021118  -0.008594  0.016354  0.000000  0.000000  0.000000  1.000000  
211.218350 0.022318  0.004403  -0.019628  0.562050  0.726472  0.395397  -0.563672  -0.013410  0.825890  0.605288  -0.687065  0.401955  -0.021748  -0.008827  0.017241  0.000000  0.000000  0.000000  1.000000  
211.219353 0.022291  0.004394  -0.019606  0.562223  0.726410  0.395265  -0.563614  -0.013196  0.825933  0.605182  -0.687135  0.401995  -0.022399  -0.009006  0.017846  0.000000  0.000000  0.000000  1.000000  
211.220600 0.022259  0.004383  -0.019584  0.562628  0.726401  0.394705  -0.563324  -0.012582  0.826140  0.605075  -0.687156  0.402120  -0.022872  -0.008818  0.017882  0.000000  0.000000  0.000000  1.000000  
211.221849 0.022226  0.004371  -0.019566  0.562859  0.726273  0.394610  -0.563322  -0.012302  0.826146  0.604862  -0.687296  0.402201  -0.023190  -0.008370  0.017521  0.000000  0.000000  0.000000  1.000000  
211.223095 0.022193  0.004360  -0.019550  0.563205  0.726196  0.394258  -0.563205  -0.011773  0.826233  0.604649  -0.687387  0.402367  -0.023439  -0.007914  0.017349  0.000000  0.000000  0.000000  1.000000  
211.224098 0.022168  0.004352  -0.019536  0.563378  0.726133  0.394126  -0.563146  -0.011558  0.826276  0.604542  -0.687457  0.402407  -0.023735  -0.007698  0.017573  0.000000  0.000000  0.000000  1.000000  
211.225346 0.022139  0.004344  -0.019518  0.563667  0.726073  0.393824  -0.562971  -0.011194  0.826401  0.604436  -0.687527  0.402448  -0.023764  -0.007466  0.018052  0.000000  0.000000  0.000000  1.000000  
211.226347 0.022116  0.004337  -0.019501  0.563898  0.725945  0.393730  -0.562970  -0.010915  0.826406  0.604222  -0.687666  0.402530  -0.023710  -0.007272  0.018807  0.000000  0.000000  0.000000  1.000000  
211.227599 0.022088  0.004330  -0.019474  0.564187  0.725884  0.393428  -0.562794  -0.010551  0.826530  0.604116  -0.687736  0.402571  -0.023558  -0.006968  0.019423  0.000000  0.000000  0.000000  1.000000  
211.228847 0.022062  0.004326  -0.019443  0.564533  0.725758  0.393164  -0.562676  -0.010122  0.826615  0.603903  -0.687875  0.402652  -0.023466  -0.006621  0.019851  0.000000  0.000000  0.000000  1.000000  
211.230097 0.022037  0.004324  -0.019417  0.564763  0.725630  0.393070  -0.562674  -0.009843  0.826620  0.603689  -0.688015  0.402734  -0.023624  -0.006483  0.019648  0.000000  0.000000  0.000000  1.000000  
211.231097 0.022017  0.004321  -0.019398  0.564936  0.725614  0.392850  -0.562615  -0.009528  0.826664  0.603583  -0.688036  0.402858  -0.023715  -0.006477  0.019077  0.000000  0.000000  0.000000  1.000000  
211.232347 0.021988  0.004315  -0.019382  0.565282  0.725535  0.392498  -0.562496  -0.008999  0.826751  0.603369  -0.688126  0.403023  -0.023693  -0.006460  0.018005  -0.104076  0.075683  -0.173590  1.000000  
211.233597 0.021956  0.004308  -0.019367  0.565512  0.725454  0.392316  -0.562493  -0.008620  0.826757  0.603156  -0.688217  0.403189  -0.023678  -0.006260  0.017032  -0.112258  0.075898  -0.184079  1.000000  
211.234613 0.021928  0.004302  -0.019354  0.565570  0.725436  0.392267  -0.562550  -0.008455  0.826720  0.603049  -0.688237  0.403313  -0.023679  -0.005939  0.016455  -0.125451  0.081263  -0.188318  1.000000  
211.235852 0.021896  0.004296  -0.019334  0.565800  0.725355  0.392085  -0.562548  -0.008075  0.826725  0.602836  -0.688328  0.403478  -0.023727  -0.005554  0.016499  -0.137785  0.081499  -0.198904  1.000000  
211.236854 0.021870  0.004291  -0.019316  0.565973  0.725339  0.391865  -0.562488  -0.007761  0.826769  0.602729  -0.688348  0.403602  -0.023703  -0.005258  0.016765  -0.150102  0.083987  -0.205568  1.000000  
211.238104 0.021838  0.004286  -0.019288  0.566030  0.725369  0.391728  -0.562545  -0.007495  0.826733  0.602622  -0.688320  0.403810  -0.023623  -0.004880  0.017534  -0.154055  0.076936  -0.206664  1.000000  
211.239347 0.021808  0.004283  -0.019257  0.566260  0.725334  0.391458  -0.562542  -0.007015  0.826739  0.602409  -0.688361  0.404058  -0.023590  -0.004484  0.018435  -0.170495  0.077171  -0.217294  1.000000  
211.240348 0.021784  0.004283  -0.019232  0.566317  0.725317  0.391408  -0.562599  -0.006850  0.826702  0.602302  -0.688381  0.404183  -0.023650  -0.004045  0.019134  -0.178617  0.074895  -0.221152  1.000000  
211.241597 0.021756  0.004283  -0.019204  0.566432  0.725281  0.391309  -0.562712  -0.006520  0.826627  0.602088  -0.688422  0.404431  -0.023624  -0.003463  0.019457  -0.181069  0.065038  -0.224282  1.000000  
211.242597 0.021735  0.004285  -0.019184  0.566546  0.725198  0.391298  -0.562826  -0.006290  0.826552  0.601874  -0.688512  0.404597  -0.023549  -0.003000  0.019291  -0.184991  0.058089  -0.225392  1.000000  
211.243633 0.021714  0.004286  -0.019168  0.566660  0.725162  0.391199  -0.562939  -0.005959  0.826477  0.601661  -0.688553  0.404845  -0.023555  -0.002702  0.018658  -0.190243  0.049187  -0.231955  1.000000  
211.244849 0.021689  0.004288  -0.019151  0.566774  0.725126  0.391100  -0.563053  -0.005629  0.826402  0.601447  -0.688593  0.405094  -0.023599  -0.002432  0.018024  -0.190225  0.037443  -0.230530  1.000000  
211.246097 0.021661  0.004287  -0.019136  0.566889  0.725090  0.391001  -0.563166  -0.005299  0.826327  0.601233  -0.688634  0.405342  -0.023741  -0.002255  0.017515  -0.196626  0.030164  -0.229731  1.000000  
211.247348 0.021631  0.004283  -0.019119  0.567003  0.725102  0.390814  -0.563280  -0.004868  0.826252  0.601019  -0.688625  0.405675  -0.023806  -0.002080  0.017591  -0.202107  0.020879  -0.226075  1.000000  
211.248349 0.021606  0.004279  -0.019103  0.567117  0.725066  0.390715  -0.563393  -0.004538  0.826177  0.600805  -0.688665  0.405923  -0.023690  -0.001927  0.017868  -0.204357  0.013717  -0.225291  1.000000  
211.249351 0.021584  0.004276  -0.019084  0.567231  0.724982  0.390704  -0.563506  -0.004308  0.826101  0.600591  -0.688754  0.406089  -0.023474  -0.001818  0.018243  -0.204241  0.006740  -0.226379  1.000000  
211.250615 0.021557  0.004273  -0.019056  0.567345  0.724994  0.390518  -0.563619  -0.003877  0.826025  0.600377  -0.688745  0.406421  -0.022949  -0.001589  0.018782  -0.201446  -0.007517  -0.219769  1.000000  
211.251854 0.021532  0.004269  -0.019027  0.567632  0.724940  0.390200  -0.563672  -0.003233  0.825992  0.600056  -0.688804  0.406794  -0.022512  -0.001444  0.019194  -0.209553  -0.016859  -0.224813  1.000000  
211.253102 0.021506  0.004267  -0.019000  0.567803  0.724839  0.390140  -0.563842  -0.002837  0.825878  0.599735  -0.688913  0.407084  -0.022150  -0.001230  0.019195  -0.205242  -0.028678  -0.223076  1.000000  
211.254103 0.021486  0.004267  -0.018980  0.567973  0.724785  0.389992  -0.564012  -0.002342  0.825764  0.599414  -0.688972  0.407457  -0.021804  -0.001065  0.018762  -0.213292  -0.038026  -0.228039  1.000000  
211.255349 0.021462  0.004270  -0.018961  0.568317  0.724665  0.389713  -0.564121  -0.001633  0.825691  0.598986  -0.689099  0.407871  -0.021416  -0.000894  0.018005  -0.225510  -0.042612  -0.235819  1.000000  
211.256350 0.021445  0.004273  -0.018948  0.568488  0.724563  0.389653  -0.564290  -0.001237  0.825576  0.598664  -0.689207  0.408160  -0.021045  -0.000700  0.017359  -0.225302  -0.056712  -0.237946  1.000000  
211.257351 0.021429  0.004276  -0.018935  0.568774  0.724509  0.389336  -0.564342  -0.000593  0.825541  0.598342  -0.689265  0.408534  -0.020728  -0.000635  0.016902  -0.237545  -0.061316  -0.245726  1.000000  
211.258597 0.021406  0.004278  -0.018915  0.569061  0.724454  0.389019  -0.564394  0.000052  0.825505  0.598021  -0.689323  0.408907  -0.020533  -0.000593  0.016861  -0.245605  -0.068396  -0.246802  1.000000  
211.259599 0.021387  0.004278  -0.018897  0.569404  0.724286  0.388829  -0.564502  0.000661  0.825431  0.597592  -0.689499  0.409237  -0.020437  -0.000651  0.017218  -0.253711  -0.072970  -0.254531  1.000000  
211.260847 0.021362  0.004276  -0.018871  0.569748  0.724166  0.388551  -0.564610  0.001370  0.825357  0.597163  -0.689625  0.409652  -0.020301  -0.000693  0.018009  -0.261865  -0.079878  -0.266166  1.000000  
211.262097 0.021335  0.004273  -0.018845  0.570031  0.723979  0.388482  -0.564891  0.001995  0.825163  0.596626  -0.689819  0.410107  -0.020113  -0.000669  0.018584  -0.261683  -0.096314  -0.272151  1.000000  
211.263349 0.021308  0.004271  -0.018820  0.570431  0.723839  0.388156  -0.565054  0.002869  0.825049  0.596089  -0.689963  0.410645  -0.019852  -0.000467  0.018938  -0.273875  -0.103235  -0.283735  1.000000  
211.264599 0.021282  0.004270  -0.018797  0.570714  0.723652  0.388088  -0.565335  0.003494  0.824854  0.595552  -0.690156  0.411100  -0.019684  -0.000325  0.018689  -0.279810  -0.111564  -0.296876  1.000000  
211.265600 0.021263  0.004270  -0.018781  0.571057  0.723483  0.387899  -0.565442  0.004103  0.824778  0.595122  -0.690330  0.411431  -0.019627  -0.000154  0.018395  -0.283734  -0.118375  -0.308274  1.000000  
211.266847 0.021238  0.004271  -0.018763  0.571513  0.723230  0.387701  -0.565660  0.004942  0.824624  0.594476  -0.690590  0.411927  -0.019581  0.000094  0.017607  -0.291820  -0.127526  -0.323646  1.000000  
211.267856 0.021218  0.004271  -0.018751  0.571795  0.723042  0.387634  -0.565940  0.005567  0.824428  0.593938  -0.690781  0.412382  -0.019497  0.000251  0.016855  -0.298240  -0.137805  -0.341719  1.000000  
211.269101 0.021195  0.004275  -0.018739  0.572251  0.722788  0.387437  -0.566157  0.006406  0.824273  0.593292  -0.691040  0.412877  -0.019369  0.000526  0.016119  -0.302269  -0.147048  -0.357146  1.000000  
211.270102 0.021176  0.004279  -0.018728  0.572533  0.722553  0.387458  -0.566436  0.006931  0.824077  0.592753  -0.691281  0.413249  -0.019387  0.000609  0.015764  -0.306321  -0.156266  -0.372600  1.000000  
211.271103 0.021157  0.004282  -0.018714  0.572814  0.722365  0.387391  -0.566715  0.007557  0.823879  0.592214  -0.691470  0.413704  -0.019561  0.000647  0.015830  -0.310352  -0.163231  -0.384143  1.000000  
211.272350 0.021132  0.004284  -0.018692  0.573325  0.722044  0.387235  -0.566987  0.008461  0.823684  0.591460  -0.691795  0.414240  -0.019806  0.000573  0.016192  -0.322635  -0.170017  -0.406330  1.000000  
211.273351 0.021110  0.004285  -0.018671  0.573606  0.721856  0.387169  -0.567265  0.009086  0.823485  0.590920  -0.691984  0.414695  -0.020060  0.000518  0.016560  -0.327061  -0.177214  -0.418374  1.000000  
211.274597 0.021082  0.004285  -0.018644  0.574117  0.721581  0.386926  -0.567536  0.010090  0.823287  0.590164  -0.692257  0.415315  -0.020339  0.000480  0.016862  -0.336145  -0.182338  -0.436404  1.000000  
211.275599 0.021058  0.004286  -0.018625  0.574453  0.721326  0.386901  -0.567868  0.010780  0.823049  0.589516  -0.692512  0.415811  -0.020562  0.000673  0.016678  -0.342968  -0.193151  -0.455437  1.000000  
211.276847 0.021028  0.004288  -0.018604  0.574846  0.721052  0.386828  -0.568256  0.011635  0.822769  0.588759  -0.692783  0.416431  -0.020775  0.000927  0.016393  -0.348191  -0.205383  -0.474623  1.000000  
211.277847 0.021003  0.004289  -0.018590  0.575299  0.720842  0.386547  -0.568470  0.012574  0.822608  0.588110  -0.692985  0.417011  -0.021022  0.001140  0.015929  -0.360324  -0.209922  -0.492717  1.000000  
211.278847 0.020978  0.004291  -0.018577  0.575578  0.720700  0.386395  -0.568746  0.013299  0.822405  0.587569  -0.693120  0.417550  -0.021291  0.001376  0.015578  -0.371465  -0.218749  -0.508373  1.000000  
211.279849 0.020954  0.004294  -0.018563  0.575914  0.720491  0.386284  -0.569078  0.014089  0.822163  0.586919  -0.693321  0.418130  -0.021557  0.001606  0.015266  -0.379553  -0.228109  -0.523721  1.000000  
211.281097 0.020925  0.004299  -0.018545  0.576305  0.720217  0.386214  -0.569464  0.014944  0.821880  0.586160  -0.693588  0.418750  -0.021853  0.001936  0.015238  -0.384544  -0.237868  -0.538594  1.000000  
211.282397 0.020895  0.004306  -0.018524  0.576868  0.719873  0.386014  -0.569786  0.016013  0.821637  0.585293  -0.693921  0.419411  -0.022201  0.002362  0.015538  -0.391085  -0.248839  -0.557475  1.000000  
211.283600 0.020867  0.004314  -0.018501  0.577313  0.719531  0.385985  -0.570226  0.016934  0.821313  0.584425  -0.694254  0.420071  -0.022472  0.002696  0.016167  -0.392473  -0.258833  -0.572820  1.000000  
211.284605 0.020844  0.004320  -0.018481  0.577702  0.719256  0.385916  -0.570610  0.017789  0.821028  0.583664  -0.694518  0.420692  -0.022827  0.002859  0.016875  -0.403777  -0.270362  -0.592847  1.000000  
211.285852 0.020814  0.004326  -0.018453  0.578202  0.718942  0.385753  -0.571104  0.018974  0.820659  0.582686  -0.694812  0.421561  -0.023247  0.002958  0.017583  -0.411849  -0.286989  -0.609130  1.000000  
211.286853 0.020789  0.004329  -0.018432  0.578535  0.718779  0.385558  -0.571432  0.019864  0.820409  0.582034  -0.694955  0.422225  -0.023546  0.003056  0.017979  -0.415890  -0.298999  -0.617719  1.000000  
211.287856 0.020764  0.004331  -0.018411  0.578922  0.718549  0.385404  -0.571815  0.020819  0.820118  0.581272  -0.695165  0.422930  -0.023852  0.003159  0.017968  -0.428010  -0.308448  -0.632928  1.000000  
211.289098 0.020731  0.004335  -0.018390  0.579538  0.718229  0.385075  -0.572187  0.022152  0.819824  0.580291  -0.695454  0.423800  -0.024133  0.003354  0.017675  -0.440328  -0.320451  -0.652260  1.000000  
211.290349 0.020699  0.004340  -0.018370  0.580034  0.717913  0.384916  -0.572678  0.023337  0.819448  0.579310  -0.695741  0.424669  -0.024363  0.003661  0.017285  -0.444306  -0.337169  -0.668388  1.000000  
211.291599 0.020666  0.004345  -0.018352  0.580412  0.717649  0.384839  -0.573287  0.024474  0.818989  0.578328  -0.695975  0.425624  -0.024508  0.003913  0.017085  -0.452427  -0.356419  -0.677823  1.000000  
211.292847 0.020635  0.004350  -0.018331  0.580907  0.717426  0.384508  -0.573776  0.025857  0.818604  0.577345  -0.696155  0.426662  -0.024563  0.004040  0.017273  -0.472916  -0.365392  -0.691126  1.000000  
211.293847 0.020610  0.004355  -0.018312  0.581465  0.717123  0.384230  -0.574090  0.027025  0.818346  0.576471  -0.696422  0.427407  -0.024541  0.004209  0.017690  -0.480966  -0.374935  -0.706229  1.000000  
211.294847 0.020586  0.004360  -0.018290  0.581959  0.716806  0.384075  -0.574577  0.028210  0.817964  0.575487  -0.696702  0.428277  -0.024545  0.004401  0.018220  -0.493139  -0.392559  -0.724452  1.000000  
211.295849 0.020562  0.004367  -0.018266  0.582397  0.716555  0.383880  -0.575010  0.029329  0.817621  0.574611  -0.696914  0.429107  -0.024551  0.004602  0.018897  -0.509419  -0.399887  -0.735824  1.000000  
211.297097 0.020533  0.004376  -0.018234  0.583052  0.716131  0.383676  -0.575657  0.030908  0.817107  0.573296  -0.697282  0.430267  -0.024574  0.004761  0.019625  -0.521763  -0.421631  -0.759728  1.000000  
211.298097 0.020509  0.004382  -0.018211  0.583598  0.715792  0.383478  -0.576196  0.032258  0.816675  0.572200  -0.697568  0.431262  -0.024612  0.004804  0.020009  -0.541629  -0.432348  -0.776057  1.000000  
211.299367 0.020479  0.004390  -0.018184  0.584196  0.715480  0.383149  -0.576787  0.033870  0.816192  0.570992  -0.697812  0.432466  -0.024703  0.004785  0.020107  -0.562178  -0.450480  -0.794242  1.000000  
211.300600 0.020447  0.004397  -0.018159  0.584848  0.715101  0.382863  -0.577430  0.035548  0.815666  0.569673  -0.698117  0.433711  -0.024873  0.004807  0.019958  -0.581984  -0.461423  -0.810538  1.000000  
211.301852 0.020415  0.004404  -0.018137  0.585498  0.714721  0.382579  -0.578072  0.037226  0.815136  0.568353  -0.698419  0.434956  -0.024944  0.004987  0.019643  -0.603091  -0.482362  -0.833087  1.000000  
211.303103 0.020382  0.004410  -0.018116  0.586147  0.714386  0.382210  -0.578712  0.039003  0.814599  0.567031  -0.698664  0.436286  -0.024948  0.005228  0.019376  -0.631603  -0.494742  -0.851908  1.000000  
211.304356 0.020350  0.004416  -0.018095  0.586848  0.713939  0.381971  -0.579404  0.040746  0.814021  0.565597  -0.699022  0.437571  -0.025006  0.005343  0.019413  -0.647795  -0.514184  -0.871371  1.000000  
211.305435 0.020324  0.004421  -0.018076  0.587386  0.713597  0.381782  -0.579936  0.042094  0.813574  0.564493  -0.699291  0.438566  -0.024821  0.005346  0.019598  -0.662357  -0.522751  -0.884098  1.000000  
211.306596 0.020292  0.004426  -0.018049  0.587964  0.713203  0.381628  -0.580746  0.043788  0.812907  0.563057  -0.699588  0.439936  -0.025001  0.005353  0.020176  -0.679046  -0.544119  -0.906326  1.000000  
211.307599 0.020266  0.004430  -0.018027  0.588553  0.712841  0.381397  -0.581327  0.045300  0.812408  0.561840  -0.699861  0.441056  -0.024964  0.005459  0.020622  -0.696990  -0.561185  -0.921970  1.000000  
211.308847 0.020235  0.004436  -0.017997  0.589247  0.712391  0.381166  -0.582013  0.047043  0.811817  0.560400  -0.700205  0.442341  -0.024981  0.005421  0.021008  -0.711450  -0.576013  -0.944303  1.000000  
211.309848 0.020212  0.004442  -0.017973  0.589713  0.712083  0.381019  -0.582714  0.048506  0.811229  0.559181  -0.700417  0.443546  -0.024974  0.005423  0.021078  -0.727747  -0.593282  -0.959897  1.000000  
211.311097 0.020182  0.004449  -0.017947  0.590511  0.711545  0.380790  -0.583501  0.050478  0.810542  0.557516  -0.700825  0.444995  -0.025023  0.005337  0.020743  -0.751968  -0.612857  -0.989688  1.000000  
211.312369 0.020152  0.004456  -0.017926  0.591185  0.711063  0.380644  -0.584408  0.052402  0.809766  0.555848  -0.701173  0.446530  -0.025024  0.005177  0.020116  -0.773142  -0.640385  -1.010646  1.000000  
211.313597 0.020120  0.004461  -0.017906  0.592030  0.710503  0.380376  -0.585243  0.054537  0.809021  0.554067  -0.701578  0.448105  -0.025131  0.005003  0.019582  -0.800815  -0.659626  -1.039524  1.000000  
211.314597 0.020095  0.004465  -0.017891  0.592541  0.710128  0.380280  -0.585990  0.056066  0.808376  0.552730  -0.701836  0.449350  -0.025175  0.004856  0.019222  -0.817280  -0.677154  -1.055123  1.000000  
211.315605 0.020069  0.004468  -0.017875  0.593171  0.709742  0.380018  -0.586613  0.057741  0.807806  0.551391  -0.702091  0.450594  -0.025230  0.004655  0.018977  -0.836085  -0.690709  -1.074400  1.000000  
211.316847 0.020036  0.004471  -0.017850  0.593888  0.709238  0.379839  -0.587564  0.059827  0.806963  0.549604  -0.702426  0.452254  -0.025301  0.004441  0.019109  -0.853807  -0.714732  -1.099874  1.000000  
211.317856 0.020010  0.004473  -0.017829  0.594567  0.708830  0.379539  -0.588236  0.061665  0.806335  0.548150  -0.702679  0.453623  -0.025258  0.004281  0.019406  -0.876984  -0.731110  -1.123219  1.000000  
211.319103 0.019977  0.004475  -0.017803  0.595331  0.708259  0.379408  -0.589234  0.063817  0.805438  0.546246  -0.703062  0.455322  -0.025281  0.004006  0.019803  -0.893654  -0.761161  -1.146750  1.000000  
211.320351 0.019944  0.004478  -0.017775  0.596160  0.707787  0.378986  -0.590055  0.066145  0.804649  0.544452  -0.703322  0.457066  -0.025460  0.003863  0.020163  -0.918203  -0.779403  -1.172492  1.000000  
211.321355 0.019918  0.004481  -0.017755  0.596762  0.707324  0.378903  -0.590894  0.067902  0.803886  0.542880  -0.703621  0.458475  -0.025319  0.003724  0.019984  -0.938583  -0.797268  -1.198330  1.000000  
211.322599 0.019886  0.004484  -0.017730  0.597638  0.706738  0.378616  -0.591762  0.070198  0.803051  0.540968  -0.703984  0.460173  -0.025341  0.003567  0.019778  -0.955073  -0.818114  -1.227909  1.000000  
211.323601 0.019861  0.004487  -0.017713  0.598235  0.706274  0.378538  -0.592597  0.071954  0.802279  0.539392  -0.704272  0.461581  -0.025366  0.003430  0.019216  -0.967736  -0.843379  -1.243730  1.000000  
211.324847 0.019831  0.004490  -0.017694  0.599157  0.705666  0.378216  -0.593509  0.074413  0.801380  0.537362  -0.704627  0.463404  -0.025374  0.003222  0.018610  -0.988165  -0.859468  -1.266403  1.000000  
211.325847 0.019807  0.004493  -0.017679  0.599748  0.705202  0.378143  -0.594340  0.076168  0.800599  0.535782  -0.704903  0.464812  -0.025370  0.002978  0.018263  -1.000627  -0.879970  -1.285100  1.000000  
211.327097 0.019776  0.004494  -0.017660  0.600612  0.704705  0.377698  -0.595196  0.078656  0.799722  0.533860  -0.705127  0.466679  -0.025448  0.002633  0.017994  -1.025897  -0.894548  -1.302713  1.000000  
211.328097 0.019751  0.004494  -0.017643  0.601199  0.704333  0.377459  -0.596023  0.080604  0.798912  0.532275  -0.705279  0.468257  -0.025502  0.002274  0.018110  -1.042003  -0.912626  -1.316803  1.000000  
211.329347 0.019720  0.004493  -0.017620  0.602158  0.703746  0.377025  -0.596974  0.083319  0.797923  0.530121  -0.705550  0.470289  -0.025448  0.001939  0.018369  -1.066490  -0.931587  -1.343028  1.000000  
211.330597 0.019688  0.004492  -0.017593  0.603040  0.703062  0.376890  -0.598094  0.085858  0.796813  0.527850  -0.705926  0.472273  -0.025378  0.001639  0.018782  -1.082440  -0.957157  -1.367800  1.000000  
211.331599 0.019663  0.004491  -0.017571  0.603791  0.702604  0.376542  -0.598839  0.088015  0.796018  0.526144  -0.706116  0.473890  -0.025247  0.001412  0.018928  -1.102652  -0.973237  -1.389017  1.000000  
211.332600 0.019638  0.004489  -0.017550  0.604589  0.702124  0.376156  -0.599631  0.090334  0.795162  0.524323  -0.706301  0.475631  -0.025261  0.001134  0.018972  -1.123044  -0.989694  -1.410294  1.000000  
211.333850 0.019607  0.004489  -0.017527  0.605410  0.701598  0.375817  -0.600692  0.092997  0.794053  0.522156  -0.706478  0.477746  -0.025133  0.000903  0.018779  -1.147825  -1.011408  -1.428155  1.000000  
211.334858 0.019582  0.004488  -0.017510  0.606202  0.701071  0.375524  -0.601478  0.095217  0.793194  0.520329  -0.706706  0.479400  -0.024964  0.000685  0.018345  -1.169386  -1.028795  -1.449559  1.000000  
211.336105 0.019553  0.004488  -0.017490  0.607090  0.700591  0.374985  -0.602359  0.097955  0.792192  0.518271  -0.706808  0.481475  -0.024800  0.000514  0.017949  -1.198083  -1.041386  -1.474106  1.000000  
211.337351 0.019523  0.004489  -0.017471  0.607997  0.699929  0.374751  -0.603508  0.100746  0.790967  0.515866  -0.707071  0.483666  -0.024665  0.000405  0.017655  -1.218762  -1.065785  -1.495298  1.000000  
211.338353 0.019499  0.004490  -0.017454  0.608731  0.699467  0.374423  -0.604236  0.102896  0.790134  0.514146  -0.707219  0.485279  -0.024523  0.000204  0.017545  -1.239086  -1.077319  -1.508845  1.000000  
211.339603 0.019470  0.004489  -0.017432  0.609802  0.698716  0.374082  -0.605299  0.105896  0.788923  0.511619  -0.707519  0.487508  -0.024485  -0.000059  0.017737  -1.263394  -1.097381  -1.544105  1.000000  
211.340848 0.019440  0.004489  -0.017408  0.610744  0.698031  0.373825  -0.606483  0.108845  0.787611  0.509087  -0.707747  0.489820  -0.024503  -0.000273  0.018161  -1.288521  -1.122395  -1.565427  1.000000  
211.342097 0.019408  0.004487  -0.017382  0.611804  0.697368  0.373328  -0.607537  0.112031  0.786351  0.506552  -0.707903  0.492218  -0.024547  -0.000495  0.018540  -1.318012  -1.135594  -1.590933  1.000000  
211.343097 0.019383  0.004484  -0.017360  0.612668  0.696792  0.372987  -0.608395  0.114567  0.785322  0.504474  -0.708065  0.494116  -0.024540  -0.000669  0.018875  -1.341455  -1.152637  -1.609991  1.000000  
211.344097 0.019358  0.004482  -0.017339  0.613403  0.696239  0.372811  -0.609375  0.116958  0.784208  0.502393  -0.708218  0.496013  -0.024504  -0.000731  0.019055  -1.361940  -1.169956  -1.630746  1.000000  
211.345347 0.019327  0.004480  -0.017314  0.614497  0.695551  0.372293  -0.610462  0.120300  0.782856  0.499730  -0.708334  0.498532  -0.024482  -0.000811  0.018907  -1.395104  -1.193436  -1.658908  1.000000  
211.346597 0.019295  0.004478  -0.017291  0.615459  0.694887  0.371943  -0.611670  0.123496  0.781415  0.497062  -0.708435  0.501048  -0.024533  -0.000910  0.018686  -1.423392  -1.213917  -1.682229  1.000000  
211.347599 0.019269  0.004476  -0.017275  0.616306  0.694354  0.371537  -0.612512  0.126120  0.780335  0.494970  -0.708496  0.503028  -0.024562  -0.000886  0.018361  -1.444238  -1.228828  -1.700133  1.000000  
211.348847 0.019238  0.004474  -0.017255  0.617304  0.693577  0.371331  -0.613756  0.129283  0.778838  0.492178  -0.708687  0.505494  -0.024569  -0.000945  0.018114  -1.468636  -1.249550  -1.723642  1.000000  
211.349851 0.019213  0.004474  -0.017238  0.618236  0.692907  0.371030  -0.614683  0.132036  0.777645  0.489847  -0.708834  0.507548  -0.024638  -0.000944  0.018146  -1.484930  -1.267415  -1.743724  1.000000  
211.350855 0.019188  0.004474  -0.017219  0.618990  0.692377  0.370763  -0.615686  0.134672  0.776398  0.487629  -0.708857  0.509648  -0.024714  -0.000956  0.018398  -1.509059  -1.285138  -1.763476  1.000000  
211.352103 0.019156  0.004473  -0.017191  0.620016  0.691578  0.370539  -0.616960  0.137990  0.774802  0.484706  -0.708998  0.512232  -0.024854  -0.001053  0.018941  -1.538763  -1.314686  -1.787102  1.000000  
211.353104 0.019130  0.004474  -0.017169  0.620888  0.691019  0.370123  -0.617828  0.140764  0.773611  0.482480  -0.708998  0.514329  -0.025014  -0.001079  0.019357  -1.562501  -1.325287  -1.806412  1.000000  
211.354350 0.019097  0.004473  -0.017139  0.621901  0.690265  0.369829  -0.619091  0.144169  0.771973  0.479548  -0.709048  0.516996  -0.025221  -0.001127  0.019841  -1.587832  -1.354516  -1.830072  1.000000  
211.355600 0.019063  0.004471  -0.017109  0.622861  0.689534  0.369577  -0.620302  0.147411  0.770386  0.476728  -0.709093  0.519536  -0.025522  -0.001190  0.020296  -1.616578  -1.373490  -1.849652  1.000000  
211.356610 0.019035  0.004470  -0.017087  0.623808  0.688884  0.369192  -0.621245  0.150404  0.769047  0.474256  -0.709097  0.521789  -0.025726  -0.001162  0.020317  -1.640594  -1.394236  -1.872416  1.000000  
211.357847 0.018999  0.004469  -0.017060  0.624890  0.687995  0.369020  -0.622578  0.153934  0.767268  0.471072  -0.709202  0.524523  -0.026014  -0.001037  0.020353  -1.660221  -1.420282  -1.902471  1.000000  
211.359097 0.018963  0.004468  -0.017035  0.626091  0.687164  0.368531  -0.623775  0.157787  0.765511  0.467883  -0.709160  0.527426  -0.026368  -0.000945  0.020243  -1.690607  -1.449857  -1.933187  1.000000  
211.360347 0.018927  0.004467  -0.017010  0.627156  0.686366  0.368209  -0.625093  0.161495  0.763661  0.464687  -0.709099  0.530325  -0.026699  -0.000874  0.020313  -1.723405  -1.472366  -1.955637  1.000000  
211.361597 0.018889  0.004466  -0.016982  0.628341  0.685533  0.367739  -0.626274  0.165338  0.761868  0.461485  -0.709019  0.533221  -0.027078  -0.000756  0.020605  -1.749746  -1.495309  -1.980034  1.000000  
211.362597 0.018860  0.004467  -0.016959  0.629171  0.684937  0.367431  -0.627360  0.168425  0.760298  0.458871  -0.708868  0.535670  -0.027289  -0.000612  0.021082  -1.770800  -1.519667  -1.995406  1.000000  
211.363599 0.018830  0.004466  -0.016932  0.630125  0.684217  0.367138  -0.628311  0.171464  0.758831  0.456254  -0.708835  0.537945  -0.027686  -0.000543  0.021870  -1.793262  -1.539440  -2.023419  1.000000  
211.364847 0.018792  0.004467  -0.016897  0.631244  0.683329  0.366868  -0.629686  0.175380  0.756794  0.452798  -0.708734  0.540990  -0.028053  -0.000471  0.022739  -1.820236  -1.570267  -2.047517  1.000000  
211.365850 0.018762  0.004467  -0.016869  0.632228  0.682630  0.366476  -0.630668  0.178662  0.755207  0.450052  -0.708587  0.543468  -0.028415  -0.000481  0.023345  -1.847551  -1.600771  -2.079059  1.000000  
211.367099 0.018723  0.004467  -0.016833  0.633371  0.681632  0.366359  -0.632069  0.182543  0.753105  0.446464  -0.708559  0.546456  -0.028874  -0.000460  0.023928  -1.872666  -1.625788  -2.105189  1.000000  
211.368103 0.018692  0.004466  -0.016804  0.634425  0.680798  0.366086  -0.633120  0.185951  0.751386  0.443468  -0.708475  0.548999  -0.029237  -0.000522  0.024332  -1.900644  -1.659795  -2.140906  1.000000  
211.369353 0.018651  0.004464  -0.016771  0.635596  0.679940  0.365648  -0.634289  0.189919  0.749405  0.440107  -0.708246  0.551991  -0.029793  -0.000528  0.024543  -1.929372  -1.680902  -2.158619  1.000000  
211.370599 0.018610  0.004463  -0.016738  0.636669  0.679099  0.365344  -0.635622  0.193899  0.747254  0.436620  -0.707974  0.555100  -0.030245  -0.000591  0.024715  -1.958161  -1.705087  -2.179721  1.000000  
211.371602 0.018576  0.004461  -0.016712  0.637658  0.678377  0.364962  -0.636609  0.197315  0.745517  0.433729  -0.707723  0.557680  -0.030647  -0.000582  0.025010  -1.982503  -1.725471  -2.197489  1.000000  
211.372846 0.018532  0.004459  -0.016678  0.638713  0.677493  0.364759  -0.637925  0.201193  0.743353  0.430229  -0.707478  0.560694  -0.031127  -0.000648  0.025468  -1.999713  -1.750567  -2.211423  1.000000  
211.373848 0.018497  0.004457  -0.016648  0.639728  0.676703  0.364446  -0.638938  0.204666  0.741532  0.427207  -0.707238  0.563302  -0.031540  -0.000749  0.026262  -2.027418  -1.769093  -2.236446  1.000000  
211.375097 0.018453  0.004455  -0.016607  0.640764  0.675865  0.364181  -0.640237  0.208621  0.739307  0.423696  -0.706883  0.566390  -0.032126  -0.000850  0.027288  -2.045533  -1.800741  -2.253458  1.000000  
211.376347 0.018408  0.004452  -0.016565  0.641830  0.674962  0.363979  -0.641566  0.212636  0.737007  0.420057  -0.706550  0.569509  -0.032650  -0.000946  0.028282  -2.066189  -1.825730  -2.273797  1.000000  
211.377597 0.018363  0.004450  -0.016520  0.642964  0.673971  0.363814  -0.642964  0.216867  0.734552  0.416167  -0.706210  0.572776  -0.033159  -0.001117  0.029238  -2.086607  -1.858858  -2.296560  1.000000  
211.378597 0.018326  0.004449  -0.016485  0.644023  0.673094  0.363565  -0.644023  0.220539  0.732528  0.412880  -0.705909  0.575520  -0.033623  -0.001154  0.029791  -2.119656  -1.883231  -2.325637  1.000000  
211.379599 0.018288  0.004447  -0.016452  0.644863  0.672440  0.363285  -0.645128  0.224022  0.730495  0.409831  -0.705435  0.578274  -0.034184  -0.001350  0.030185  -2.143801  -1.904491  -2.334434  1.000000  
211.380846 0.018241  0.004446  -0.016411  0.645964  0.671542  0.362990  -0.646496  0.228407  0.727923  0.405922  -0.704884  0.581692  -0.034737  -0.001415  0.030512  -2.172787  -1.933420  -2.357593  1.000000  
211.381847 0.018202  0.004444  -0.016379  0.646787  0.670892  0.362727  -0.647587  0.231876  0.725855  0.402862  -0.704370  0.584435  -0.035272  -0.001559  0.030701  -2.201157  -1.952328  -2.370626  1.000000  
211.382851 0.018164  0.004442  -0.016348  0.647564  0.670266  0.362497  -0.648632  0.235184  0.723854  0.399921  -0.703869  0.587053  -0.035760  -0.001639  0.030902  -2.218227  -1.973259  -2.376086  1.000000  
211.383855 0.018124  0.004440  -0.016315  0.648543  0.669459  0.362237  -0.649612  0.238758  0.721802  0.396730  -0.703434  0.589734  -0.036282  -0.001725  0.031286  -2.243897  -1.996204  -2.401486  1.000000  
211.385101 0.018074  0.004436  -0.016273  0.649470  0.668618  0.362131  -0.651076  0.242973  0.719072  0.392797  -0.702790  0.593125  -0.036916  -0.001853  0.032014  -2.273944  -2.030325  -2.420415  1.000000  
211.386104 0.018032  0.004431  -0.016237  0.650296  0.667909  0.361956  -0.652173  0.246482  0.716880  0.389595  -0.702242  0.595879  -0.037409  -0.002037  0.032638  -2.291403  -2.057624  -2.432621  1.000000  
211.387353 0.017980  0.004427  -0.016190  0.651370  0.666957  0.361780  -0.653519  0.250882  0.714122  0.385525  -0.701588  0.599287  -0.038024  -0.002235  0.033491  -2.320123  -2.078534  -2.444020  1.000000  
211.388598 0.017927  0.004421  -0.016142  0.652359  0.666097  0.361584  -0.654781  0.255053  0.711484  0.381694  -0.700901  0.602534  -0.038646  -0.002452  0.034213  -2.338316  -2.104938  -2.452035  1.000000  
211.389603 0.017883  0.004417  -0.016103  0.653085  0.665527  0.361322  -0.655780  0.258406  0.709351  0.378724  -0.700215  0.605200  -0.039233  -0.002586  0.034724  -2.355651  -2.115205  -2.455130  1.000000  
211.390847 0.017827  0.004411  -0.016056  0.654088  0.664649  0.361123  -0.657058  0.262711  0.706582  0.374758  -0.699446  0.608549  -0.039913  -0.002793  0.035083  -2.372954  -2.143235  -2.461077  1.000000  
211.391849 0.017782  0.004406  -0.016018  0.654834  0.664017  0.360935  -0.658077  0.266114  0.704356  0.371655  -0.698759  0.611235  -0.040558  -0.003040  0.035233  -2.385388  -2.155019  -2.462451  1.000000  
211.393097 0.017724  0.004400  -0.015972  0.655814  0.663189  0.360677  -0.659334  0.270484  0.701510  0.367677  -0.697867  0.614651  -0.041320  -0.003309  0.035382  -2.407566  -2.184760  -2.472848  1.000000  
211.394097 0.017678  0.004395  -0.015936  0.656644  0.662615  0.360222  -0.660168  0.274026  0.699348  0.364689  -0.697030  0.617375  -0.042001  -0.003565  0.035548  -2.431171  -2.186167  -2.471304  1.000000  
211.395347 0.017619  0.004388  -0.015891  0.657569  0.661814  0.360008  -0.661370  0.278225  0.696549  0.360823  -0.696127  0.620656  -0.042819  -0.003940  0.035848  -2.440852  -2.205384  -2.471536  1.000000  
211.396597 0.017559  0.004380  -0.015842  0.658515  0.660995  0.359783  -0.662595  0.282562  0.693633  0.356827  -0.695158  0.624043  -0.043585  -0.004261  0.036353  -2.463216  -2.225747  -2.466791  1.000000  
211.397847 0.017498  0.004372  -0.015791  0.659416  0.660200  0.359591  -0.663775  0.286737  0.690786  0.352949  -0.694203  0.627303  -0.044404  -0.004621  0.037087  -2.479982  -2.234525  -2.464515  1.000000  
211.398847 0.017448  0.004366  -0.015749  0.660212  0.659589  0.359253  -0.664575  0.290157  0.688584  0.349943  -0.693362  0.629912  -0.045088  -0.004929  0.037738  -2.492280  -2.240568  -2.458593  1.000000  
211.399847 0.017399  0.004359  -0.015707  0.660863  0.659040  0.359063  -0.665505  0.293435  0.686293  0.346933  -0.692505  0.632515  -0.045676  -0.005181  0.038312  -2.504722  -2.252506  -2.459647  1.000000  
211.400854 0.017349  0.004351  -0.015663  0.661580  0.658605  0.358540  -0.666227  0.296792  0.684146  0.344171  -0.691486  0.635132  -0.046353  -0.005466  0.038873  -2.521692  -2.254872  -2.445781  1.000000  
211.401854 0.017299  0.004343  -0.015621  0.662154  0.658190  0.358243  -0.667079  0.299923  0.681947  0.341405  -0.690530  0.637660  -0.046908  -0.005709  0.039270  -2.534395  -2.255294  -2.433278  1.000000  
211.402855 0.017249  0.004335  -0.015579  0.662891  0.657650  0.357873  -0.667822  0.303247  0.679747  0.338511  -0.689593  0.640212  -0.047425  -0.005941  0.039481  -2.546411  -2.260927  -2.426968  1.000000  
211.404102 0.017186  0.004325  -0.015527  0.663705  0.656936  0.357675  -0.668917  0.307296  0.676845  0.334732  -0.688480  0.643390  -0.048042  -0.006287  0.039737  -2.552964  -2.271081  -2.412554  1.000000  
211.405348 0.017123  0.004315  -0.015475  0.664446  0.656399  0.357285  -0.669940  0.311284  0.674005  0.331199  -0.687199  0.646579  -0.048473  -0.006579  0.040036  -2.574808  -2.276582  -2.402861  1.000000  
