1-Time 2-Px 3-Py 4-Pz 5-R11 6-R21 7-R31 8-R12 9-R22 10-R32 11-R13 12-R23 13-R33 14-Vx 15-Vy 16-Vz 17-Wx 18-Wy 19-Wz 20-state
53.953638 0.009260  -0.009121  -0.052745  0.500230  0.766081  0.403596  -0.684647  0.064571  0.726009  0.530121  -0.639492  0.556796  -0.000089  0.000280  -0.000214  0.000000  0.000000  0.000000  1.000000  
53.954837 0.009261  -0.009123  -0.052740  0.500230  0.766032  0.403689  -0.684647  0.064483  0.726017  0.530121  -0.639560  0.556718  0.000291  -0.001301  0.004793  0.000000  0.000000  0.000000  1.000000  
53.956084 0.009265  -0.009131  -0.052681  0.500230  0.766032  0.403689  -0.684647  0.064483  0.726017  0.530121  -0.639560  0.556718  0.002230  -0.004421  0.028235  0.000000  0.000000  0.000000  1.000000  
53.957087 0.009269  -0.009137  -0.052625  0.500230  0.766032  0.403689  -0.684647  0.064483  0.726017  0.530121  -0.639560  0.556718  0.002714  -0.004841  0.036878  0.000000  0.000000  0.000000  1.000000  
53.958325 0.009273  -0.009138  -0.052573  0.500230  0.766081  0.403596  -0.684647  0.064571  0.726009  0.530121  -0.639492  0.556796  0.002908  -0.003655  0.038214  0.000000  0.000000  0.000000  1.000000  
53.959358 0.009273  -0.009133  -0.052550  0.500230  0.766081  0.403596  -0.684647  0.064571  0.726009  0.530121  -0.639492  0.556796  0.002336  -0.002011  0.035340  0.000000  0.000000  0.000000  1.000000  
53.960577 0.009267  -0.009123  -0.052529  0.500230  0.766081  0.403596  -0.684647  0.064571  0.726009  0.530121  -0.639492  0.556796  0.000907  -0.000218  0.031991  0.000000  0.000000  0.000000  1.000000  
53.961577 0.009256  -0.009115  -0.052514  0.500230  0.766081  0.403596  -0.684647  0.064571  0.726009  0.530121  -0.639492  0.556796  -0.000597  0.000777  0.029780  0.000000  0.000000  0.000000  1.000000  
53.962827 0.009246  -0.009108  -0.052493  0.500230  0.766081  0.403596  -0.684647  0.064571  0.726009  0.530121  -0.639492  0.556796  -0.001653  0.001534  0.028052  0.000000  0.000000  0.000000  1.000000  
53.963844 0.009244  -0.009103  -0.052468  0.500230  0.766081  0.403596  -0.684647  0.064571  0.726009  0.530121  -0.639492  0.556796  -0.001673  0.001816  0.027626  0.000000  0.000000  0.000000  1.000000  
53.965089 0.009245  -0.009101  -0.052428  0.500230  0.766032  0.403689  -0.684647  0.064483  0.726017  0.530121  -0.639560  0.556718  -0.001355  0.001827  0.028187  0.000000  0.000000  0.000000  1.000000  
53.966330 0.009241  -0.009102  -0.052380  0.500272  0.765933  0.403826  -0.684704  0.064464  0.725964  0.530008  -0.639681  0.556687  -0.001545  0.001566  0.029187  0.000000  0.000000  0.000000  1.000000  
53.967420 0.009236  -0.009101  -0.052341  0.500173  0.765846  0.404112  -0.684865  0.064288  0.725829  0.529894  -0.639802  0.556656  -0.001833  0.001497  0.029711  0.000000  0.000000  0.000000  1.000000  
53.968578 0.009227  -0.009101  -0.052289  0.500074  0.765662  0.404584  -0.685025  0.063935  0.725709  0.529781  -0.640058  0.556470  -0.002277  0.001390  0.030911  0.000000  0.000000  0.000000  1.000000  
53.969581 0.009221  -0.009103  -0.052238  0.500074  0.765564  0.404770  -0.685025  0.063759  0.725724  0.529781  -0.640193  0.556314  -0.002637  0.001248  0.033807  0.000000  0.000000  0.000000  1.000000  
53.970841 0.009217  -0.009109  -0.052164  0.500115  0.765366  0.405092  -0.685082  0.063564  0.725687  0.529667  -0.640449  0.556128  -0.003251  0.001492  0.035053  0.000000  0.000000  0.000000  1.000000  
53.972080 0.009221  -0.009112  -0.052099  0.500074  0.765367  0.405141  -0.685025  0.063407  0.725755  0.529781  -0.640463  0.556004  -0.003250  0.001695  0.035119  0.000000  0.000000  0.000000  1.000000  
53.973370 0.009223  -0.009107  -0.052052  0.500074  0.765269  0.405327  -0.685025  0.063231  0.725771  0.529781  -0.640598  0.555848  -0.003492  0.001993  0.035010  0.000000  0.000000  0.000000  1.000000  
53.974580 0.009217  -0.009098  -0.052017  0.500074  0.765269  0.405327  -0.685025  0.063231  0.725771  0.529781  -0.640598  0.555848  -0.003733  0.002206  0.035212  0.000000  0.000000  0.000000  1.000000  
53.975626 0.009206  -0.009090  -0.051986  0.500215  0.765256  0.405177  -0.684922  0.063388  0.725854  0.529781  -0.640598  0.555848  -0.003908  0.002108  0.036508  0.000000  0.000000  0.000000  1.000000  
53.976827 0.009193  -0.009081  -0.051929  0.500356  0.765243  0.405028  -0.684819  0.063546  0.725937  0.529781  -0.640598  0.555848  -0.003899  0.002117  0.039146  0.000000  0.000000  0.000000  1.000000  
53.978077 0.009188  -0.009074  -0.051851  0.500497  0.765230  0.404878  -0.684716  0.063703  0.726021  0.529781  -0.640598  0.555848  -0.003778  0.002147  0.042404  0.000000  0.000000  0.000000  1.000000  
53.979077 0.009188  -0.009072  -0.051774  0.500638  0.765266  0.404636  -0.684613  0.063949  0.726096  0.529781  -0.640530  0.555926  -0.003785  0.002042  0.045847  0.000000  0.000000  0.000000  1.000000  
53.980077 0.009187  -0.009070  -0.051689  0.500919  0.765239  0.404337  -0.684406  0.064264  0.726263  0.529781  -0.640530  0.555926  -0.003878  0.002028  0.049276  0.000000  0.000000  0.000000  1.000000  
53.981329 0.009181  -0.009068  -0.051587  0.501201  0.765262  0.403945  -0.684200  0.064667  0.726422  0.529781  -0.640463  0.556004  -0.003989  0.002276  0.052899  0.000000  0.000000  0.000000  1.000000  
53.982577 0.009169  -0.009060  -0.051508  0.501483  0.765284  0.403553  -0.683994  0.065071  0.726580  0.529781  -0.640395  0.556081  -0.004290  0.002744  0.055029  0.000000  0.000000  0.000000  1.000000  
53.983583 0.009157  -0.009050  -0.051462  0.501806  0.765207  0.403298  -0.683844  0.065455  0.726686  0.529667  -0.640449  0.556128  -0.004613  0.003504  0.055203  0.000000  0.000000  0.000000  1.000000  
53.984827 0.009142  -0.009035  -0.051414  0.502088  0.765228  0.402906  -0.683638  0.065858  0.726844  0.529667  -0.640381  0.556205  -0.005178  0.004620  0.053977  0.000000  0.000000  0.000000  1.000000  
53.986077 0.009129  -0.009025  -0.051362  0.502411  0.765199  0.402558  -0.683488  0.066330  0.726942  0.529554  -0.640367  0.556330  -0.005935  0.005689  0.052523  0.000000  0.000000  0.000000  1.000000  
53.987086 0.009124  -0.009020  -0.051313  0.502552  0.765234  0.402315  -0.683385  0.066576  0.727017  0.529554  -0.640300  0.556407  -0.006643  0.006196  0.052430  0.000000  0.000000  0.000000  1.000000  
53.988341 0.009121  -0.009015  -0.051248  0.502833  0.765256  0.401923  -0.683178  0.066979  0.727174  0.529554  -0.640232  0.556485  -0.006811  0.006172  0.053683  0.000000  0.000000  0.000000  1.000000  
53.989580 0.009116  -0.009011  -0.051179  0.503115  0.765228  0.401624  -0.682970  0.067294  0.727340  0.529554  -0.640232  0.556485  -0.006672  0.005733  0.056394  0.000000  0.000000  0.000000  1.000000  
53.990830 0.009106  -0.009008  -0.051103  0.503255  0.765263  0.401381  -0.682867  0.067540  0.727414  0.529554  -0.640165  0.556563  -0.006419  0.005310  0.058462  0.000000  0.000000  0.000000  1.000000  
53.992079 0.009095  -0.009005  -0.051023  0.503536  0.765284  0.400989  -0.682660  0.067943  0.727571  0.529554  -0.640097  0.556640  -0.006505  0.004907  0.059476  0.000000  0.000000  0.000000  1.000000  
53.993084 0.009090  -0.009003  -0.050960  0.503677  0.765367  0.400653  -0.682556  0.068278  0.727637  0.529554  -0.639962  0.556795  -0.006614  0.004760  0.059235  0.000000  0.000000  0.000000  1.000000  
53.994330 0.009088  -0.008999  -0.050884  0.503958  0.765436  0.400168  -0.682348  0.068769  0.727785  0.529554  -0.639827  0.556951  -0.006727  0.004906  0.057485  -0.086944  0.095194  -0.112471  1.000000  
53.995331 0.009088  -0.008994  -0.050827  0.504239  0.765553  0.399590  -0.682141  0.069349  0.727925  0.529554  -0.639625  0.557184  -0.006601  0.005113  0.055529  -0.110304  0.103865  -0.120015  1.000000  
53.996337 0.009088  -0.008987  -0.050774  0.504379  0.765684  0.399161  -0.682037  0.069772  0.727982  0.529554  -0.639422  0.557416  -0.006159  0.005416  0.053866  -0.134807  0.116487  -0.125308  1.000000  
53.997577 0.009084  -0.008973  -0.050717  0.504702  0.765846  0.398442  -0.681886  0.070597  0.728043  0.529440  -0.639137  0.557851  -0.005514  0.005691  0.052809  -0.169460  0.124455  -0.132127  1.000000  
53.998827 0.009076  -0.008956  -0.050663  0.504842  0.766073  0.397827  -0.681782  0.071197  0.728082  0.529440  -0.638798  0.558238  -0.005114  0.005940  0.052853  -0.204853  0.136019  -0.136310  1.000000  
53.999833 0.009070  -0.008944  -0.050609  0.505165  0.766185  0.397200  -0.681631  0.071934  0.728151  0.529327  -0.638581  0.558595  -0.004649  0.006054  0.053874  -0.242473  0.146050  -0.145223  1.000000  
54.001077 0.009068  -0.008931  -0.050525  0.505306  0.766411  0.396586  -0.681527  0.072533  0.728189  0.529327  -0.638242  0.558982  -0.004035  0.006243  0.055962  -0.272375  0.149183  -0.147854  1.000000  
54.002081 0.009071  -0.008925  -0.050444  0.505628  0.766523  0.395958  -0.681376  0.073271  0.728257  0.529213  -0.638024  0.559338  -0.003508  0.006344  0.057941  -0.306431  0.153339  -0.163598  1.000000  
54.003341 0.009076  -0.008918  -0.050336  0.505811  0.766649  0.395481  -0.681329  0.073851  0.728242  0.529100  -0.637806  0.559694  -0.002970  0.006465  0.060789  -0.327998  0.153626  -0.169604  1.000000  
54.004349 0.009077  -0.008913  -0.050254  0.505853  0.766790  0.395154  -0.681386  0.074272  0.728146  0.528986  -0.637587  0.560050  -0.002662  0.006674  0.062598  -0.346509  0.151679  -0.174186  1.000000  
54.005587 0.009073  -0.008903  -0.050165  0.506120  0.766861  0.394673  -0.681452  0.075077  0.728002  0.528645  -0.637407  0.560577  -0.002203  0.007111  0.063571  -0.364496  0.141867  -0.183229  1.000000  
54.006831 0.009067  -0.008891  -0.050094  0.506204  0.766999  0.394297  -0.681566  0.075656  0.727836  0.528418  -0.637173  0.561057  -0.001867  0.007760  0.062996  -0.383752  0.132482  -0.187481  1.000000  
54.007835 0.009065  -0.008879  -0.050045  0.506289  0.767136  0.393922  -0.681679  0.076234  0.727669  0.528191  -0.636939  0.561537  -0.001704  0.008412  0.061987  -0.400346  0.122066  -0.190389  1.000000  
54.009079 0.009067  -0.008864  -0.049982  0.506232  0.767289  0.393696  -0.681897  0.076654  0.727421  0.527964  -0.636704  0.562017  -0.001480  0.009186  0.061144  -0.405773  0.102866  -0.185670  1.000000  
54.010080 0.009072  -0.008852  -0.049922  0.506317  0.767378  0.393413  -0.682010  0.077144  0.727263  0.527736  -0.636537  0.562419  -0.001111  0.009665  0.061325  -0.418392  0.092488  -0.188601  1.000000  
54.011328 0.009081  -0.008840  -0.049831  0.506260  0.767579  0.393094  -0.682228  0.077652  0.727005  0.527509  -0.636233  0.562976  -0.000462  0.009782  0.062905  -0.424211  0.072628  -0.182268  1.000000  
54.012330 0.009088  -0.008832  -0.049750  0.506344  0.767668  0.392811  -0.682341  0.078141  0.726846  0.527282  -0.636066  0.563378  0.000307  0.009530  0.065581  -0.432623  0.058423  -0.182828  1.000000  
54.013581 0.009095  -0.008821  -0.049647  0.506330  0.767818  0.392537  -0.682615  0.078717  0.726526  0.526941  -0.635814  0.563981  0.001288  0.009126  0.068848  -0.442423  0.038877  -0.176545  1.000000  
54.014827 0.009102  -0.008809  -0.049544  0.506357  0.767917  0.392308  -0.682946  0.079361  0.726145  0.526486  -0.635614  0.564631  0.002096  0.008974  0.071050  -0.451434  0.014016  -0.179938  1.000000  
54.015829 0.009109  -0.008797  -0.049462  0.506343  0.768020  0.392126  -0.683220  0.079848  0.725834  0.526144  -0.635429  0.565157  0.002768  0.009072  0.072080  -0.460778  -0.005205  -0.175052  1.000000  
54.017077 0.009120  -0.008782  -0.049359  0.506328  0.768217  0.391759  -0.683494  0.080511  0.725503  0.525803  -0.635107  0.565836  0.003261  0.009499  0.072352  -0.474106  -0.022834  -0.176008  1.000000  
54.018077 0.009129  -0.008770  -0.049278  0.506453  0.768303  0.391428  -0.683663  0.081155  0.725271  0.525462  -0.634921  0.566362  0.003574  0.010049  0.071784  -0.482929  -0.040479  -0.178311  1.000000  
54.019329 0.009139  -0.008753  -0.049183  0.506579  0.768483  0.390911  -0.683833  0.081976  0.725019  0.525120  -0.634597  0.567041  0.004177  0.010646  0.071502  -0.507586  -0.053767  -0.184481  1.000000  
54.020338 0.009146  -0.008738  -0.049111  0.506704  0.768616  0.390487  -0.684002  0.082708  0.724776  0.524778  -0.634341  0.567643  0.004972  0.011178  0.071483  -0.524741  -0.072012  -0.188288  1.000000  
54.021583 0.009153  -0.008716  -0.049022  0.506871  0.768793  0.389922  -0.684228  0.083684  0.724451  0.524323  -0.633999  0.568446  0.005811  0.011830  0.072670  -0.549266  -0.087700  -0.196272  1.000000  
54.022586 0.009158  -0.008699  -0.048947  0.507038  0.768874  0.389544  -0.684453  0.084484  0.724145  0.523867  -0.633794  0.569095  0.006298  0.012163  0.074461  -0.562658  -0.109212  -0.203494  1.000000  
54.023589 0.009164  -0.008684  -0.048862  0.507205  0.768909  0.389259  -0.684678  0.085195  0.723849  0.523411  -0.633657  0.569666  0.006664  0.012355  0.076749  -0.571282  -0.125624  -0.213047  1.000000  
54.024833 0.009174  -0.008668  -0.048744  0.507413  0.768940  0.388926  -0.684959  0.086063  0.723480  0.522841  -0.633502  0.570362  0.006955  0.012417  0.079617  -0.572616  -0.153863  -0.218132  1.000000  
54.026083 0.009188  -0.008654  -0.048616  0.507580  0.769068  0.388455  -0.685184  0.086949  0.723162  0.522384  -0.633225  0.571087  0.007223  0.012572  0.082334  -0.581368  -0.170391  -0.227653  1.000000  
54.027334 0.009201  -0.008640  -0.048492  0.507788  0.769098  0.388123  -0.685465  0.087816  0.722791  0.521814  -0.633069  0.571781  0.007591  0.012863  0.083884  -0.577950  -0.191221  -0.233095  1.000000  
54.028582 0.009212  -0.008622  -0.048385  0.508137  0.769110  0.387642  -0.685641  0.088840  0.722499  0.521243  -0.632911  0.572476  0.007821  0.013359  0.084094  -0.582061  -0.206327  -0.249788  1.000000  
54.029582 0.009218  -0.008605  -0.048309  0.508344  0.769093  0.387404  -0.685921  0.089618  0.722137  0.520672  -0.632822  0.573094  0.007847  0.013837  0.083701  -0.581807  -0.220991  -0.257104  1.000000  
54.030582 0.009222  -0.008586  -0.048240  0.508510  0.769126  0.387120  -0.686144  0.090328  0.721836  0.520215  -0.632681  0.573665  0.007785  0.014387  0.083514  -0.579316  -0.243721  -0.264671  1.000000  
54.031589 0.009227  -0.008568  -0.048170  0.508493  0.769276  0.386846  -0.686417  0.090899  0.721505  0.519872  -0.632418  0.574265  0.007438  0.014730  0.081962  -0.576443  -0.262993  -0.259406  1.000000  
54.032689 0.009234  -0.008551  -0.048095  0.508800  0.769290  0.386414  -0.686535  0.091767  0.721282  0.519415  -0.632275  0.574836  0.007244  0.014980  0.080945  -0.578588  -0.274199  -0.271763  1.000000  
54.033832 0.009244  -0.008533  -0.047988  0.509007  0.769413  0.385897  -0.686814  0.092806  0.720883  0.518843  -0.631974  0.575683  0.007209  0.015176  0.082321  -0.596360  -0.285115  -0.283725  1.000000  
54.034832 0.009253  -0.008517  -0.047894  0.509131  0.769542  0.385474  -0.686982  0.093535  0.720630  0.518500  -0.631709  0.576283  0.007330  0.015165  0.083697  -0.600678  -0.292534  -0.282885  1.000000  
54.035834 0.009260  -0.008503  -0.047796  0.509337  0.769571  0.385144  -0.687260  0.094399  0.720252  0.517928  -0.631545  0.576976  0.007387  0.015021  0.085554  -0.609698  -0.301136  -0.291698  1.000000  
54.037109 0.009266  -0.008482  -0.047674  0.509726  0.769623  0.384525  -0.687489  0.095663  0.719866  0.517241  -0.631291  0.577870  0.007436  0.015037  0.087521  -0.625485  -0.308966  -0.308742  1.000000  
54.038332 0.009271  -0.008459  -0.047554  0.509932  0.769791  0.383915  -0.687767  0.096788  0.719450  0.516668  -0.630915  0.578792  0.007212  0.015204  0.088717  -0.638615  -0.316675  -0.316923  1.000000  
54.039339 0.009274  -0.008440  -0.047461  0.510279  0.769846  0.383344  -0.687939  0.097896  0.719135  0.516095  -0.630678  0.579561  0.006865  0.015665  0.088583  -0.656443  -0.316409  -0.333759  1.000000  
54.040582 0.009278  -0.008415  -0.047348  0.510627  0.769992  0.382587  -0.688111  0.099178  0.718795  0.515522  -0.630298  0.580483  0.006399  0.016330  0.087983  -0.676687  -0.319358  -0.353848  1.000000  
54.041831 0.009284  -0.008388  -0.047238  0.511015  0.770134  0.381783  -0.688338  0.100614  0.718378  0.514834  -0.629898  0.581528  0.005828  0.017207  0.086809  -0.700731  -0.324374  -0.367554  1.000000  
54.042831 0.009287  -0.008365  -0.047155  0.511220  0.770253  0.381268  -0.688615  0.101650  0.717967  0.514261  -0.629586  0.582373  0.005401  0.017915  0.086165  -0.716546  -0.329333  -0.381258  1.000000  
54.043836 0.009290  -0.008341  -0.047072  0.511567  0.770350  0.380605  -0.688786  0.102843  0.717633  0.513687  -0.629273  0.583217  0.005071  0.018492  0.086367  -0.739922  -0.329862  -0.398886  1.000000  
54.045083 0.009290  -0.008311  -0.046968  0.511853  0.770460  0.379996  -0.689172  0.104186  0.717069  0.512883  -0.628917  0.584307  0.004667  0.018975  0.087420  -0.755858  -0.335022  -0.412583  1.000000  
54.046084 0.009288  -0.008289  -0.046879  0.512099  0.770528  0.379529  -0.689502  0.105287  0.716590  0.512194  -0.628651  0.585197  0.004263  0.019263  0.088770  -0.767992  -0.344386  -0.422261  1.000000  
54.047334 0.009289  -0.008262  -0.046757  0.512425  0.770633  0.378874  -0.689942  0.106782  0.715946  0.511274  -0.628270  0.586409  0.003728  0.019730  0.091349  -0.789590  -0.352696  -0.438963  1.000000  
54.048583 0.009289  -0.008238  -0.046627  0.512751  0.770691  0.378314  -0.690381  0.108190  0.715311  0.510354  -0.627957  0.587545  0.003063  0.019936  0.092224  -0.800123  -0.368227  -0.455447  1.000000  
54.049833 0.009292  -0.008214  -0.046497  0.513077  0.770795  0.377661  -0.690819  0.109684  0.714660  0.509433  -0.627571  0.588755  0.002541  0.020357  0.093042  -0.816470  -0.383934  -0.471674  1.000000  
54.051078 0.009295  -0.008187  -0.046376  0.513401  0.770943  0.376915  -0.691256  0.111262  0.713993  0.508512  -0.627110  0.590042  0.002203  0.020753  0.092977  -0.834094  -0.393392  -0.480596  1.000000  
54.052081 0.009295  -0.008162  -0.046288  0.513502  0.771078  0.376503  -0.691689  0.112287  0.713413  0.507820  -0.626762  0.591006  0.001892  0.021319  0.092545  -0.842527  -0.407142  -0.486038  1.000000  
54.053332 0.009293  -0.008129  -0.046187  0.513866  0.771221  0.375712  -0.692180  0.114017  0.712662  0.506782  -0.626273  0.592413  0.001473  0.022026  0.091154  -0.866738  -0.419804  -0.498661  1.000000  
54.054333 0.009291  -0.008101  -0.046107  0.514007  0.771351  0.375254  -0.692666  0.115193  0.712000  0.505975  -0.625898  0.593499  0.001167  0.022577  0.090304  -0.886742  -0.434271  -0.505028  1.000000  
54.055334 0.009291  -0.008074  -0.046023  0.514289  0.771502  0.374556  -0.693047  0.116613  0.711398  0.505167  -0.625449  0.594660  0.000901  0.023092  0.089849  -0.907650  -0.446256  -0.516808  1.000000  
54.056584 0.009293  -0.008040  -0.045909  0.514548  0.771663  0.373867  -0.693695  0.118334  0.710482  0.504012  -0.624927  0.596187  0.000642  0.023552  0.090116  -0.940208  -0.467235  -0.529718  1.000000  
54.057832 0.009297  -0.008007  -0.045785  0.514807  0.771869  0.373085  -0.694342  0.120138  0.709547  0.502855  -0.624328  0.597789  0.000569  0.023829  0.091512  -0.965719  -0.491958  -0.537470  1.000000  
54.058834 0.009299  -0.007982  -0.045679  0.515167  0.771919  0.372484  -0.694828  0.121688  0.708806  0.501814  -0.623966  0.599040  0.000616  0.023933  0.092867  -0.990110  -0.504712  -0.550119  1.000000  
54.059837 0.009299  -0.007955  -0.045574  0.515383  0.772039  0.371936  -0.695419  0.123163  0.707971  0.500772  -0.623528  0.600366  0.000633  0.024140  0.094422  -1.015011  -0.524927  -0.561919  1.000000  
54.061086 0.009297  -0.007921  -0.045447  0.515678  0.772239  0.371110  -0.696116  0.125114  0.706943  0.499498  -0.622891  0.602087  0.000599  0.024540  0.095458  -1.055809  -0.547217  -0.584216  1.000000  
54.062333 0.009295  -0.007885  -0.045325  0.516115  0.772413  0.370140  -0.696706  0.127222  0.705985  0.498222  -0.622248  0.603806  0.000414  0.025105  0.095475  -1.092992  -0.572954  -0.601253  1.000000  
54.063334 0.009294  -0.007855  -0.045232  0.516329  0.772532  0.369594  -0.697294  0.128692  0.705138  0.497178  -0.621798  0.605129  0.000338  0.025965  0.094611  -1.105658  -0.589854  -0.609422  1.000000  
54.064343 0.009295  -0.007826  -0.045141  0.516541  0.772695  0.368954  -0.697881  0.130245  0.704271  0.496133  -0.621271  0.606527  0.000295  0.026567  0.093938  -1.134780  -0.614728  -0.625462  1.000000  
54.065648 0.009297  -0.007788  -0.045030  0.516870  0.772845  0.368180  -0.698627  0.132253  0.703157  0.494738  -0.620661  0.608288  0.000219  0.027301  0.092412  -1.161715  -0.637325  -0.638852  1.000000  
54.066833 0.009297  -0.007750  -0.044921  0.517237  0.772900  0.367548  -0.699424  0.134240  0.701987  0.493226  -0.620166  0.610019  0.000166  0.027989  0.092700  -1.186865  -0.670549  -0.654536  1.000000  
54.068083 0.009297  -0.007710  -0.044808  0.517458  0.773072  0.366875  -0.700326  0.136235  0.700702  0.491712  -0.619516  0.611898  0.000261  0.028384  0.093485  -1.211404  -0.704423  -0.670657  1.000000  
54.069086 0.009297  -0.007679  -0.044714  0.517743  0.773136  0.366336  -0.701014  0.137913  0.699685  0.490430  -0.619064  0.613383  0.000377  0.028625  0.094420  -1.229151  -0.732664  -0.681163  1.000000  
54.070088 0.009298  -0.007650  -0.044617  0.517988  0.773295  0.365655  -0.701648  0.139607  0.698713  0.489263  -0.618486  0.614896  0.000421  0.028755  0.095315  -1.250376  -0.760610  -0.691208  1.000000  
54.071333 0.009301  -0.007614  -0.044489  0.518204  0.773468  0.364983  -0.702545  0.141594  0.697411  0.487745  -0.617818  0.616770  0.000535  0.028864  0.096253  -1.272298  -0.792367  -0.704480  1.000000  
54.072335 0.009305  -0.007586  -0.044385  0.518340  0.773606  0.364496  -0.703335  0.143190  0.696287  0.486460  -0.617276  0.618326  0.000588  0.029010  0.096526  -1.286353  -0.824945  -0.710311  1.000000  
54.073583 0.009309  -0.007550  -0.044260  0.518696  0.773750  0.363683  -0.704122  0.145329  0.695048  0.484940  -0.616596  0.620196  0.000645  0.029280  0.096193  -1.305623  -0.852752  -0.720708  1.000000  
54.074584 0.009309  -0.007520  -0.044167  0.518867  0.773885  0.363152  -0.704962  0.147071  0.693829  0.483535  -0.616013  0.621869  0.000667  0.029516  0.095694  -1.330010  -0.885207  -0.733095  1.000000  
54.075586 0.009310  -0.007488  -0.044080  0.519105  0.774087  0.362380  -0.705589  0.148836  0.692814  0.482363  -0.615335  0.623449  0.000853  0.029840  0.094354  -1.355109  -0.903042  -0.740462  1.000000  
54.076836 0.009309  -0.007448  -0.043977  0.519310  0.774349  0.361524  -0.706478  0.150974  0.691445  0.480839  -0.614483  0.625463  0.000917  0.030160  0.093000  -1.381008  -0.931892  -0.749681  1.000000  
54.078083 0.009309  -0.007407  -0.043872  0.519552  0.774563  0.360719  -0.707416  0.153174  0.690000  0.479196  -0.613669  0.627520  0.001024  0.030447  0.092131  -1.411206  -0.960869  -0.758926  1.000000  
54.079354 0.009312  -0.007367  -0.043759  0.519753  0.774869  0.359770  -0.708301  0.155387  0.688596  0.477668  -0.612725  0.629604  0.001036  0.030513  0.092048  -1.437334  -0.981533  -0.761581  1.000000  
54.080584 0.009315  -0.007329  -0.043636  0.520027  0.775079  0.358922  -0.709287  0.157728  0.687048  0.475904  -0.611862  0.631776  0.001197  0.030708  0.093339  -1.471085  -1.018735  -0.776495  1.000000  
54.081836 0.009319  -0.007292  -0.043505  0.520444  0.775256  0.357934  -0.710163  0.160223  0.685564  0.474138  -0.610989  0.633945  0.001450  0.030465  0.094358  -1.504011  -1.042527  -0.796815  1.000000  
54.083084 0.009321  -0.007255  -0.043377  0.520750  0.775374  0.357232  -0.711194  0.162536  0.683948  0.472252  -0.610228  0.636082  0.001621  0.030345  0.095384  -1.522162  -1.075065  -0.808601  1.000000  
54.084334 0.009323  -0.007217  -0.043253  0.521016  0.775584  0.356388  -0.712172  0.164862  0.682372  0.470482  -0.609336  0.638245  0.001713  0.030315  0.095772  -1.547547  -1.100086  -0.821134  1.000000  
54.085334 0.009324  -0.007187  -0.043158  0.521352  0.775727  0.355585  -0.712939  0.166963  0.681059  0.468946  -0.608582  0.640092  0.001653  0.030389  0.095393  -1.568082  -1.121838  -0.833625  1.000000  
54.086608 0.009326  -0.007150  -0.043044  0.521649  0.775889  0.354793  -0.713962  0.169345  0.679397  0.467055  -0.607716  0.642294  0.001541  0.030464  0.094248  -1.588921  -1.149173  -0.845500  1.000000  
54.087836 0.009329  -0.007113  -0.042933  0.522091  0.776060  0.353768  -0.714876  0.171963  0.677777  0.465161  -0.606761  0.644567  0.001453  0.030627  0.093242  -1.615005  -1.171248  -0.862514  1.000000  
54.088839 0.009331  -0.007083  -0.042845  0.522420  0.776202  0.352969  -0.715635  0.174051  0.676441  0.463620  -0.605983  0.646406  0.001457  0.030627  0.092648  -1.636347  -1.189835  -0.868692  1.000000  
54.090084 0.009333  -0.007047  -0.042735  0.522709  0.776451  0.351993  -0.716651  0.176582  0.674708  0.461722  -0.604932  0.648745  0.001574  0.030460  0.092626  -1.658342  -1.212629  -0.877490  1.000000  
54.091334 0.009334  -0.007012  -0.042621  0.523031  0.776610  0.351163  -0.717713  0.179089  0.672916  0.459703  -0.603990  0.651052  0.001669  0.030115  0.093136  -1.679774  -1.238154  -0.889154  1.000000  
54.092584 0.009334  -0.006978  -0.042502  0.523461  0.776822  0.350051  -0.718614  0.181767  0.671233  0.457801  -0.602917  0.653383  0.001658  0.029626  0.094247  -1.704664  -1.253258  -0.898691  1.000000  
54.093587 0.009337  -0.006952  -0.042401  0.523817  0.776916  0.349309  -0.719414  0.183902  0.669794  0.456135  -0.602147  0.655255  0.001787  0.029214  0.095179  -1.725328  -1.271062  -0.911983  1.000000  
54.094833 0.009339  -0.006919  -0.042274  0.524166  0.777113  0.348347  -0.720516  0.186619  0.667855  0.453990  -0.601056  0.657742  0.001742  0.028859  0.095835  -1.745339  -1.299924  -0.920734  1.000000  
54.095835 0.009343  -0.006893  -0.042173  0.524516  0.777250  0.347513  -0.721310  0.188826  0.666376  0.452321  -0.600190  0.659680  0.001753  0.028573  0.095634  -1.768412  -1.319276  -0.931754  1.000000  
54.097083 0.009346  -0.006859  -0.042053  0.524858  0.777447  0.346554  -0.722405  0.191530  0.664415  0.450171  -0.599076  0.662158  0.001772  0.028387  0.094947  -1.797711  -1.338108  -0.944140  1.000000  
54.098083 0.009347  -0.006831  -0.041963  0.525239  0.777578  0.345681  -0.723243  0.193872  0.662822  0.448378  -0.598152  0.664207  0.001769  0.028305  0.094277  -1.819380  -1.351260  -0.955314  1.000000  
54.099345 0.009347  -0.006795  -0.041856  0.525609  0.777771  0.344684  -0.724379  0.196707  0.660743  0.446105  -0.596974  0.666793  0.001639  0.028087  0.092983  -1.850725  -1.374573  -0.968350  1.000000  
54.100583 0.009347  -0.006760  -0.041750  0.526010  0.777876  0.343835  -0.725560  0.199519  0.658601  0.443708  -0.595903  0.669345  0.001530  0.027973  0.092296  -1.869781  -1.399406  -0.980624  1.000000  
54.101833 0.009347  -0.006726  -0.041639  0.526371  0.778029  0.342936  -0.726687  0.202259  0.656519  0.441428  -0.594779  0.671847  0.001390  0.027777  0.092239  -1.898239  -1.427021  -0.997268  1.000000  
54.102834 0.009348  -0.006700  -0.041544  0.526556  0.778291  0.342057  -0.727573  0.204431  0.654863  0.439747  -0.593693  0.673907  0.001290  0.027497  0.092656  -1.923091  -1.439063  -1.003381  1.000000  
54.103847 0.009348  -0.006677  -0.041445  0.526888  0.778427  0.341233  -0.728347  0.206599  0.653320  0.438064  -0.592763  0.675820  0.001118  0.027025  0.093382  -1.934822  -1.450404  -1.009071  1.000000  
54.105084 0.009347  -0.006646  -0.041319  0.527272  0.778577  0.340297  -0.729511  0.209461  0.651106  0.435657  -0.591561  0.678424  0.000931  0.026677  0.094419  -1.960801  -1.473681  -1.024020  1.000000  
54.106086 0.009345  -0.006622  -0.041221  0.527483  0.778793  0.339475  -0.730436  0.211680  0.649350  0.433849  -0.590485  0.680516  0.000784  0.026459  0.094912  -1.978513  -1.494139  -1.032594  1.000000  
54.107334 0.009343  -0.006591  -0.041101  0.527826  0.779072  0.338300  -0.731545  0.214619  0.647133  0.431557  -0.589055  0.683208  0.000569  0.026255  0.094960  -2.006994  -1.513292  -1.043209  1.000000  
54.108577 0.009339  -0.006559  -0.040986  0.528164  0.779310  0.337221  -0.732650  0.217470  0.644927  0.429263  -0.587692  0.685822  0.000186  0.026160  0.094457  -2.028023  -1.536293  -1.057083  1.000000  
54.109580 0.009337  -0.006534  -0.040898  0.528550  0.779437  0.336322  -0.733503  0.219892  0.643134  0.427328  -0.586622  0.687943  -0.000123  0.026117  0.093420  -2.044945  -1.555482  -1.068731  1.000000  
54.110829 0.009334  -0.006502  -0.040791  0.528729  0.779763  0.335284  -0.734708  0.222644  0.640807  0.425029  -0.585149  0.690616  -0.000613  0.026104  0.092150  -2.066163  -1.575608  -1.071336  1.000000  
54.112078 0.009331  -0.006468  -0.040685  0.529089  0.779916  0.334358  -0.735847  0.225455  0.638514  0.422605  -0.583867  0.693184  -0.001002  0.026031  0.091263  -2.083928  -1.599309  -1.077379  1.000000  
54.113328 0.009326  -0.006436  -0.040576  0.529411  0.780157  0.333286  -0.736935  0.228270  0.636255  0.420299  -0.582450  0.695773  -0.001381  0.025881  0.091099  -2.104820  -1.612471  -1.081738  1.000000  
54.114578 0.009321  -0.006404  -0.040463  0.529794  0.780347  0.332229  -0.738109  0.231279  0.633802  0.417748  -0.581006  0.698512  -0.001814  0.025759  0.092157  -2.125659  -1.632409  -1.091714  1.000000  
54.115660 0.009316  -0.006380  -0.040368  0.530042  0.780559  0.331335  -0.739097  0.233719  0.631752  0.415681  -0.579744  0.700790  -0.002114  0.025201  0.091773  -2.146476  -1.651409  -1.099485  1.000000  
54.116828 0.009310  -0.006349  -0.040246  0.530448  0.780706  0.330337  -0.740307  0.236771  0.629194  0.413002  -0.578305  0.703557  -0.002513  0.025161  0.092924  -2.173169  -1.679894  -1.111202  1.000000  
54.118078 0.009303  -0.006319  -0.040122  0.530817  0.780940  0.329191  -0.741466  0.239825  0.626667  0.410441  -0.576730  0.706343  -0.002994  0.025052  0.093207  -2.194300  -1.703581  -1.115717  1.000000  
54.119329 0.009295  -0.006288  -0.040000  0.531333  0.781123  0.327920  -0.742510  0.243029  0.624192  0.407877  -0.575138  0.709121  -0.003501  0.025039  0.092970  -2.218271  -1.719943  -1.129751  1.000000  
54.120334 0.009288  -0.006263  -0.039907  0.531566  0.781298  0.327126  -0.743482  0.245357  0.622121  0.405799  -0.573911  0.711304  -0.003935  0.025191  0.092339  -2.233004  -1.737197  -1.134246  1.000000  
54.121584 0.009279  -0.006230  -0.039796  0.531920  0.781572  0.325892  -0.744625  0.248454  0.619519  0.403230  -0.572202  0.714136  -0.004364  0.025280  0.091754  -2.259219  -1.761894  -1.138774  1.000000  
54.122833 0.009269  -0.006197  -0.039688  0.532423  0.781795  0.324533  -0.745654  0.251699  0.616967  0.400657  -0.570477  0.716959  -0.004863  0.025433  0.091037  -2.292052  -1.775584  -1.150037  1.000000  
54.124084 0.009260  -0.006165  -0.039578  0.532799  0.781987  0.323454  -0.746830  0.254758  0.614283  0.397958  -0.568854  0.719746  -0.005235  0.025471  0.090933  -2.306808  -1.795123  -1.153701  1.000000  
54.125089 0.009252  -0.006138  -0.039486  0.533231  0.782102  0.322463  -0.747761  0.257484  0.612010  0.395625  -0.567467  0.722123  -0.005629  0.025477  0.091304  -2.329210  -1.812556  -1.165461  1.000000  
54.126372 0.009241  -0.006106  -0.039364  0.533627  0.782250  0.321445  -0.748968  0.260582  0.609216  0.392797  -0.565846  0.724934  -0.006133  0.025399  0.092224  -2.344638  -1.835318  -1.168091  1.000000  
54.127593 0.009230  -0.006074  -0.039237  0.534171  0.782385  0.320210  -0.750059  0.263901  0.606438  0.389965  -0.564118  0.727804  -0.006636  0.025385  0.093642  -2.366961  -1.854294  -1.182427  1.000000  
54.128827 0.009218  -0.006043  -0.039109  0.534740  0.782438  0.319130  -0.751185  0.267195  0.603595  0.387006  -0.562493  0.730636  -0.007064  0.025336  0.094822  -2.381502  -1.870726  -1.190600  1.000000  
54.130077 0.009205  -0.006012  -0.038981  0.535273  0.782650  0.317713  -0.752262  0.270633  0.600716  0.384166  -0.560551  0.733621  -0.007549  0.025287  0.095607  -2.409458  -1.884698  -1.200419  1.000000  
54.131078 0.009193  -0.005987  -0.038880  0.535683  0.782727  0.316831  -0.753166  0.273232  0.598403  0.381818  -0.559180  0.735889  -0.008054  0.025379  0.095886  -2.428996  -1.894090  -1.208905  1.000000  
54.132328 0.009179  -0.005955  -0.038758  0.536206  0.782939  0.315420  -0.754230  0.276643  0.595488  0.378972  -0.557203  0.738854  -0.008557  0.025487  0.095904  -2.456899  -1.911668  -1.221462  1.000000  
54.133577 0.009165  -0.005923  -0.038638  0.536811  0.782944  0.314375  -0.755411  0.280076  0.592378  0.375750  -0.555478  0.741793  -0.008997  0.025584  0.095684  -2.478418  -1.940923  -1.243429  1.000000  
54.134827 0.009150  -0.005891  -0.038519  0.537381  0.783032  0.313182  -0.756542  0.283505  0.589296  0.372648  -0.553612  0.744746  -0.009509  0.025697  0.095647  -2.504508  -1.960644  -1.257901  1.000000  
54.135827 0.009138  -0.005865  -0.038420  0.537800  0.783106  0.312275  -0.757463  0.286191  0.586809  0.370164  -0.552122  0.747087  -0.009837  0.025674  0.096128  -2.513077  -1.981501  -1.266377  1.000000  
54.136832 0.009124  -0.005838  -0.038320  0.538244  0.783214  0.311237  -0.758419  0.289068  0.584158  0.367552  -0.550468  0.749594  -0.010213  0.025706  0.097118  -2.540247  -2.001733  -1.282285  1.000000  
54.138084 0.009108  -0.005806  -0.038187  0.538981  0.783201  0.309995  -0.759457  0.292677  0.581004  0.364315  -0.548578  0.752554  -0.010665  0.025663  0.098794  -2.559390  -2.025885  -1.303591  1.000000  
54.139085 0.009094  -0.005780  -0.038078  0.539543  0.783290  0.308787  -0.760249  0.295630  0.578467  0.361821  -0.546863  0.755001  -0.011120  0.025626  0.100189  -2.585924  -2.035980  -1.319066  1.000000  
54.140333 0.009076  -0.005748  -0.037937  0.540112  0.783337  0.307673  -0.761382  0.299046  0.575212  0.358576  -0.544935  0.757937  -0.011614  0.025580  0.101724  -2.601131  -2.057590  -1.333477  1.000000  
54.141335 0.009061  -0.005724  -0.037823  0.540720  0.783304  0.306686  -0.762240  0.302023  0.572514  0.355827  -0.543338  0.760376  -0.012058  0.025575  0.102983  -2.627788  -2.078545  -1.357519  1.000000  
54.142577 0.009041  -0.005692  -0.037682  0.541487  0.783280  0.305392  -0.763322  0.305827  0.569043  0.352323  -0.541242  0.763496  -0.012611  0.025514  0.103755  -2.652320  -2.100388  -1.382337  1.000000  
54.143588 0.009024  -0.005665  -0.037572  0.542085  0.783284  0.304319  -0.764164  0.308845  0.566275  0.349567  -0.539519  0.765978  -0.013143  0.025587  0.104130  -2.683521  -2.120863  -1.402564  1.000000  
54.144827 0.009001  -0.005633  -0.037438  0.542655  0.783401  0.302999  -0.765301  0.312462  0.562745  0.346180  -0.537262  0.769097  -0.013848  0.025707  0.104591  -2.708024  -2.144358  -1.416720  1.000000  
54.145828 0.008982  -0.005607  -0.037333  0.543215  0.783447  0.301875  -0.766091  0.315394  0.560028  0.343542  -0.535479  0.771518  -0.014306  0.025812  0.104906  -2.725104  -2.154946  -1.426293  1.000000  
54.146828 0.008963  -0.005581  -0.037226  0.543745  0.783533  0.300695  -0.766838  0.318255  0.557380  0.341028  -0.533657  0.773893  -0.014864  0.025830  0.105470  -2.746490  -2.161781  -1.438175  1.000000  
54.147828 0.008944  -0.005554  -0.037118  0.544323  0.783500  0.299734  -0.767654  0.321153  0.554588  0.338259  -0.531967  0.776268  -0.015414  0.025837  0.106336  -2.762913  -2.180390  -1.456310  1.000000  
54.149078 0.008918  -0.005523  -0.036977  0.545078  0.783469  0.298439  -0.768719  0.324978  0.550872  0.334606  -0.529684  0.779406  -0.016120  0.025756  0.107723  -2.786359  -2.210814  -1.475015  1.000000  
54.150328 0.008892  -0.005492  -0.036832  0.545774  0.783557  0.296934  -0.769700  0.328733  0.547263  0.331199  -0.527232  0.782518  -0.016860  0.025771  0.109425  -2.817622  -2.226060  -1.492499  1.000000  
54.151585 0.008864  -0.005461  -0.036684  0.546488  0.783567  0.295592  -0.770707  0.332458  0.543583  0.327662  -0.524876  0.785584  -0.017618  0.025603  0.110774  -2.841734  -2.253293  -1.513903  1.000000  
54.152828 0.008836  -0.005431  -0.036536  0.547194  0.783576  0.294256  -0.771703  0.336161  0.539880  0.324120  -0.522497  0.788634  -0.018350  0.025439  0.111845  -2.858017  -2.276201  -1.528212  1.000000  
54.153837 0.008813  -0.005407  -0.036420  0.547719  0.783655  0.293068  -0.772442  0.339055  0.537005  0.321461  -0.520506  0.791035  -0.018932  0.025308  0.112342  -2.882456  -2.288499  -1.540995  1.000000  
54.155086 0.008783  -0.005377  -0.036274  0.548387  0.783705  0.291683  -0.773385  0.342662  0.533347  0.318038  -0.518063  0.794017  -0.019823  0.025166  0.112708  -2.898057  -2.300314  -1.546814  1.000000  
54.156087 0.008759  -0.005354  -0.036157  0.548791  0.783844  0.290545  -0.774292  0.345605  0.530121  0.315119  -0.515893  0.796589  -0.020469  0.025095  0.112904  -2.932511  -2.323766  -1.559025  1.000000  
54.157334 0.008727  -0.005323  -0.036014  0.549446  0.783964  0.288980  -0.775216  0.349300  0.526336  0.311688  -0.513215  0.799663  -0.021291  0.024957  0.113047  -2.955798  -2.332472  -1.562211  1.000000  
54.158346 0.008701  -0.005300  -0.035900  0.549974  0.784037  0.287775  -0.775961  0.352248  0.523264  0.308890  -0.511084  0.802110  -0.021906  0.024790  0.113297  -2.977015  -2.348229  -1.568997  1.000000  
54.159587 0.008666  -0.005271  -0.035754  0.550639  0.784117  0.286283  -0.776900  0.355956  0.519347  0.305324  -0.508386  0.805184  -0.022647  0.024500  0.114154  -3.000936  -2.369776  -1.578642  1.000000  
54.160828 0.008632  -0.005244  -0.035605  0.551273  0.784235  0.284734  -0.777795  0.359585  0.515494  0.301882  -0.505643  0.808203  -0.023398  0.024094  0.115246  -3.028954  -2.383966  -1.583226  1.000000  
54.162079 0.008598  -0.005217  -0.035452  0.551923  0.784382  0.283063  -0.778712  0.363368  0.511440  0.298309  -0.502701  0.811359  -0.024116  0.023775  0.116583  -3.055784  -2.405126  -1.591653  1.000000  
54.163328 0.008562  -0.005191  -0.035297  0.552611  0.784417  0.281620  -0.779683  0.367172  0.507227  0.294475  -0.499874  0.814500  -0.024883  0.023385  0.117789  -3.086733  -2.422431  -1.597897  1.000000  
54.164578 0.008525  -0.005164  -0.035139  0.553223  0.784568  0.279994  -0.780546  0.370786  0.503256  0.291021  -0.496961  0.817519  -0.025657  0.023155  0.119236  -3.113614  -2.432480  -1.598901  1.000000  
54.165614 0.008495  -0.005144  -0.035016  0.553854  0.784601  0.278652  -0.781096  0.373727  0.500218  0.288332  -0.494701  0.819839  -0.026070  0.022635  0.118851  -3.130790  -2.430889  -1.602939  1.000000  
54.166827 0.008457  -0.005119  -0.034863  0.554431  0.784754  0.277068  -0.781909  0.377182  0.496339  0.284999  -0.491828  0.822728  -0.026830  0.022357  0.119497  -3.147683  -2.434711  -1.600899  1.000000  
54.167828 0.008426  -0.005101  -0.034742  0.555031  0.784922  0.275386  -0.782414  0.380215  0.493219  0.282433  -0.489218  0.825165  -0.027290  0.021996  0.119661  -3.178015  -2.432397  -1.595923  1.000000  
54.168830 0.008395  -0.005083  -0.034621  0.555445  0.785204  0.273745  -0.782997  0.383015  0.490117  0.279993  -0.486574  0.827556  -0.027911  0.021600  0.119976  -3.198691  -2.434329  -1.585582  1.000000  
54.169836 0.008362  -0.005067  -0.034498  0.556059  0.785296  0.272229  -0.783521  0.386007  0.486921  0.277295  -0.484055  0.829939  -0.028555  0.021044  0.120403  -3.225036  -2.437555  -1.590863  1.000000  
54.171087 0.008321  -0.005046  -0.034341  0.556797  0.785392  0.270439  -0.784219  0.389708  0.482834  0.273822  -0.480924  0.832907  -0.029237  0.020472  0.121064  -3.255753  -2.436505  -1.584366  1.000000  
54.172338 0.008278  -0.005027  -0.034181  0.557486  0.785559  0.268526  -0.784846  0.393277  0.478905  0.270603  -0.477734  0.835789  -0.029983  0.019662  0.122314  -3.277319  -2.427318  -1.572310  1.000000  
