1-Time 2-Px 3-Py 4-Pz 5-R11 6-R21 7-R31 8-R12 9-R22 10-R32 11-R13 12-R23 13-R33 14-Vx 15-Vy 16-Vz 17-Wx 18-Wy 19-Wz 20-state
199.049013 -0.003658  0.007377  -0.040466  0.226036  0.856784  0.463497  -0.912896  0.352338  -0.206106  -0.339896  -0.376537  0.861795  -0.000223  -0.000328  -0.000126  0.000000  0.000000  0.000000  1.000000  
199.050236 -0.003657  0.007377  -0.040463  0.226036  0.856727  0.463601  -0.912896  0.352363  -0.206064  -0.339896  -0.376641  0.861749  0.000959  -0.000215  0.003329  0.000000  0.000000  0.000000  1.000000  
199.051522 -0.003654  0.007370  -0.040425  0.226224  0.856655  0.463643  -0.912849  0.352539  -0.205968  -0.339896  -0.376641  0.861749  0.001895  -0.003220  0.018000  0.000000  0.000000  0.000000  1.000000  
199.052732 -0.003650  0.007363  -0.040378  0.226224  0.856655  0.463643  -0.912849  0.352539  -0.205968  -0.339896  -0.376641  0.861749  0.002471  -0.004218  0.025175  0.000000  0.000000  0.000000  1.000000  
199.053738 -0.003647  0.007361  -0.040348  0.226213  0.856643  0.463671  -0.912805  0.352588  -0.206080  -0.340022  -0.376623  0.861708  0.002596  -0.003670  0.026090  0.000000  0.000000  0.000000  1.000000  
199.054966 -0.003645  0.007361  -0.040323  0.226213  0.856587  0.463775  -0.912805  0.352613  -0.206037  -0.340022  -0.376728  0.861662  0.002331  -0.002789  0.024996  0.000000  0.000000  0.000000  1.000000  
199.056216 -0.003646  0.007362  -0.040304  0.226401  0.856514  0.463817  -0.912758  0.352789  -0.205942  -0.340022  -0.376728  0.861662  0.001770  -0.002276  0.023127  0.000000  0.000000  0.000000  1.000000  
199.057219 -0.003648  0.007360  -0.040289  0.226401  0.856514  0.463817  -0.912758  0.352789  -0.205942  -0.340022  -0.376728  0.861662  0.001352  -0.002214  0.022119  0.000000  0.000000  0.000000  1.000000  
199.058472 -0.003647  0.007356  -0.040267  0.226401  0.856458  0.463921  -0.912758  0.352814  -0.205899  -0.340022  -0.376832  0.861616  0.001256  -0.002295  0.021584  0.000000  0.000000  0.000000  1.000000  
199.059472 -0.003643  0.007353  -0.040244  0.226401  0.856401  0.464025  -0.912758  0.352839  -0.205856  -0.340022  -0.376937  0.861571  0.001496  -0.002388  0.021728  0.000000  0.000000  0.000000  1.000000  
199.060472 -0.003639  0.007349  -0.040217  0.226390  0.856333  0.464157  -0.912714  0.352913  -0.205925  -0.340147  -0.377023  0.861483  0.001716  -0.002492  0.022122  0.000000  0.000000  0.000000  1.000000  
199.061479 -0.003637  0.007344  -0.040189  0.226368  0.856196  0.464420  -0.912626  0.353061  -0.206063  -0.340399  -0.377195  0.861308  0.001737  -0.002747  0.022601  0.000000  0.000000  0.000000  1.000000  
199.062484 -0.003638  0.007338  -0.040159  0.226357  0.856071  0.464655  -0.912582  0.353160  -0.206089  -0.340525  -0.377386  0.861175  0.001511  -0.002959  0.023176  0.000000  0.000000  0.000000  1.000000  
199.063729 -0.003641  0.007330  -0.040116  0.226148  0.856007  0.464876  -0.912540  0.353132  -0.206323  -0.340777  -0.377558  0.861000  0.001199  -0.003281  0.024171  0.000000  0.000000  0.000000  1.000000  
199.064974 -0.003641  0.007319  -0.040060  0.226137  0.855825  0.465215  -0.912495  0.353256  -0.206306  -0.340902  -0.377853  0.860821  0.001096  -0.003912  0.027043  0.000000  0.000000  0.000000  1.000000  
199.066222 -0.003640  0.007304  -0.040000  0.226126  0.855644  0.465554  -0.912451  0.353380  -0.206290  -0.341028  -0.378148  0.860642  0.000984  -0.004532  0.029000  0.000000  0.000000  0.000000  1.000000  
199.067224 -0.003636  0.007292  -0.039953  0.225927  0.855592  0.465747  -0.912453  0.353303  -0.206412  -0.341154  -0.378338  0.860508  0.000969  -0.004915  0.029386  0.000000  0.000000  0.000000  1.000000  
199.068468 -0.003631  0.007282  -0.039908  0.225916  0.855466  0.465982  -0.912409  0.353402  -0.206438  -0.341280  -0.378529  0.860374  0.001118  -0.005262  0.029987  0.000000  0.000000  0.000000  1.000000  
199.069720 -0.003631  0.007277  -0.039875  0.225717  0.855414  0.466175  -0.912411  0.353326  -0.206560  -0.341405  -0.378719  0.860241  0.000945  -0.005669  0.030203  0.000000  0.000000  0.000000  1.000000  
199.070720 -0.003634  0.007273  -0.039848  0.225717  0.855357  0.466279  -0.912411  0.353351  -0.206517  -0.341405  -0.378823  0.860195  0.000806  -0.006053  0.031152  0.000000  0.000000  0.000000  1.000000  
199.071723 -0.003635  0.007267  -0.039814  0.225706  0.855345  0.466306  -0.912367  0.353400  -0.206628  -0.341531  -0.378805  0.860153  0.000829  -0.006320  0.032535  0.000000  0.000000  0.000000  1.000000  
199.072967 -0.003635  0.007260  -0.039753  0.225518  0.855361  0.466367  -0.912413  0.353249  -0.206682  -0.341531  -0.378909  0.860107  0.000865  -0.006599  0.035149  0.000000  0.000000  0.000000  1.000000  
199.074217 -0.003629  0.007252  -0.039679  0.225507  0.855349  0.466395  -0.912369  0.353298  -0.206793  -0.341657  -0.378891  0.860065  0.000996  -0.006784  0.038111  0.000000  0.000000  0.000000  1.000000  
199.075467 -0.003625  0.007245  -0.039599  0.225507  0.855349  0.466395  -0.912369  0.353298  -0.206793  -0.341657  -0.378891  0.860065  0.000911  -0.006997  0.041251  0.000000  0.000000  0.000000  1.000000  
199.076716 -0.003625  0.007236  -0.039524  0.225507  0.855349  0.466395  -0.912369  0.353298  -0.206793  -0.341657  -0.378891  0.860065  0.000813  -0.007140  0.043871  0.000000  0.000000  0.000000  1.000000  
199.077717 -0.003627  0.007230  -0.039474  0.225496  0.855394  0.466319  -0.912325  0.353322  -0.206948  -0.341783  -0.378768  0.860069  0.000812  -0.007148  0.045179  0.000000  0.000000  0.000000  1.000000  
199.078734 -0.003630  0.007225  -0.039431  0.225496  0.855394  0.466319  -0.912325  0.353322  -0.206948  -0.341783  -0.378768  0.860069  0.000781  -0.006987  0.045667  0.000000  0.000000  0.000000  1.000000  
199.079972 -0.003631  0.007220  -0.039386  0.225308  0.855523  0.466173  -0.912371  0.353121  -0.207087  -0.341783  -0.378664  0.860115  0.000690  -0.006572  0.044997  0.000000  0.000000  0.000000  1.000000  
199.080973 -0.003629  0.007215  -0.039351  0.225308  0.855579  0.466069  -0.912371  0.353096  -0.207130  -0.341783  -0.378560  0.860161  0.000729  -0.006020  0.043965  0.000000  0.000000  0.000000  1.000000  
199.081975 -0.003626  0.007207  -0.039314  0.225308  0.855579  0.466069  -0.912371  0.353096  -0.207130  -0.341783  -0.378560  0.860161  0.000696  -0.005756  0.043314  0.000000  0.000000  0.000000  1.000000  
199.083219 -0.003621  0.007196  -0.039269  0.225308  0.855636  0.465965  -0.912371  0.353071  -0.207172  -0.341783  -0.378455  0.860207  0.000724  -0.005843  0.043315  0.000000  0.000000  0.000000  1.000000  
199.084220 -0.003618  0.007188  -0.039232  0.225308  0.855692  0.465861  -0.912371  0.353046  -0.207215  -0.341783  -0.378351  0.860253  0.000850  -0.006093  0.043884  0.000000  0.000000  0.000000  1.000000  
199.085467 -0.003615  0.007180  -0.039184  0.225132  0.855777  0.465791  -0.912462  0.352820  -0.207199  -0.341657  -0.378369  0.860295  0.001147  -0.006279  0.044776  0.000000  0.000000  0.000000  1.000000  
199.086467 -0.003613  0.007173  -0.039139  0.225132  0.855834  0.465687  -0.912462  0.352795  -0.207242  -0.341657  -0.378265  0.860341  0.001522  -0.006370  0.045783  0.000000  0.000000  0.000000  1.000000  
199.087724 -0.003608  0.007163  -0.039073  0.225132  0.855947  0.465479  -0.912462  0.352745  -0.207328  -0.341657  -0.378056  0.860432  0.001771  -0.006578  0.046111  0.000000  0.000000  0.000000  1.000000  
199.088970 -0.003601  0.007151  -0.039004  0.225319  0.855987  0.465315  -0.912415  0.352871  -0.207317  -0.341657  -0.377847  0.860524  0.001925  -0.006853  0.045713  0.000000  0.000000  0.000000  1.000000  
199.090217 -0.003591  0.007142  -0.038945  0.225319  0.856213  0.464899  -0.912415  0.352770  -0.207489  -0.341657  -0.377430  0.860707  0.002295  -0.006952  0.044308  0.000000  0.000000  0.000000  1.000000  
199.091467 -0.003585  0.007136  -0.038896  0.225507  0.856365  0.464526  -0.912369  0.352846  -0.207564  -0.341657  -0.377012  0.860890  0.002650  -0.006749  0.042598  0.000000  0.000000  0.000000  1.000000  
199.092717 -0.003583  0.007132  -0.038855  0.225706  0.856586  0.464022  -0.912367  0.352847  -0.207571  -0.341531  -0.376508  0.861161  0.003021  -0.006513  0.041235  0.000000  0.000000  0.000000  1.000000  
199.093967 -0.003581  0.007131  -0.038811  0.225894  0.856795  0.463545  -0.912320  0.352898  -0.207689  -0.341531  -0.375986  0.861389  0.003253  -0.006255  0.040649  0.000000  0.000000  0.000000  1.000000  
199.094984 -0.003576  0.007129  -0.038769  0.226082  0.857003  0.463068  -0.912274  0.352948  -0.207808  -0.341531  -0.375464  0.861617  0.003682  -0.006134  0.041270  0.000000  0.000000  0.000000  1.000000  
199.096222 -0.003567  0.007123  -0.038704  0.226457  0.857195  0.462530  -0.912181  0.353150  -0.207874  -0.341531  -0.374836  0.861890  0.004129  -0.005994  0.042695  0.000000  0.000000  0.000000  1.000000  
199.097469 -0.003555  0.007114  -0.038631  0.226645  0.857459  0.461949  -0.912134  0.353175  -0.208036  -0.341531  -0.374209  0.862162  0.004571  -0.005951  0.044393  0.000000  0.000000  0.000000  1.000000  
199.098723 -0.003545  0.007104  -0.038555  0.227021  0.857649  0.461411  -0.912041  0.353376  -0.208103  -0.341531  -0.373581  0.862435  0.004959  -0.005876  0.046448  -0.181486  0.007371  -0.039354  1.000000  
199.099726 -0.003539  0.007097  -0.038498  0.227197  0.857844  0.460961  -0.911950  0.353475  -0.208335  -0.341657  -0.373040  0.862619  0.005238  -0.005847  0.047847  -0.202911  0.012668  -0.051707  1.000000  
199.100744 -0.003534  0.007091  -0.038448  0.227573  0.857922  0.460631  -0.911856  0.353727  -0.208316  -0.341657  -0.372622  0.862800  0.005446  -0.005788  0.048314  -0.216679  0.017736  -0.063142  1.000000  
199.101966 -0.003526  0.007084  -0.038390  0.227948  0.858111  0.460092  -0.911762  0.353929  -0.208384  -0.341657  -0.371994  0.863071  0.005716  -0.005687  0.048154  -0.240743  0.027056  -0.073348  1.000000  
199.102969 -0.003518  0.007076  -0.038347  0.228324  0.858189  0.459761  -0.911668  0.354181  -0.208367  -0.341657  -0.371575  0.863251  0.005967  -0.005538  0.047316  -0.249913  0.034823  -0.091227  1.000000  
199.104213 -0.003504  0.007064  -0.038295  0.228699  0.858377  0.459223  -0.911574  0.354383  -0.208435  -0.341657  -0.370946  0.863521  0.006315  -0.005695  0.046517  -0.267470  0.043746  -0.100554  1.000000  
199.105462 -0.003492  0.007054  -0.038241  0.229074  0.858565  0.458684  -0.911480  0.354585  -0.208504  -0.341657  -0.370318  0.863791  0.006578  -0.005804  0.046214  -0.287040  0.048851  -0.112401  1.000000  
199.106463 -0.003484  0.007045  -0.038197  0.229450  0.858753  0.458145  -0.911385  0.354787  -0.208574  -0.341657  -0.369689  0.864060  0.006767  -0.006063  0.046644  -0.306611  0.053947  -0.124251  1.000000  
199.107463 -0.003479  0.007037  -0.038146  0.229825  0.858884  0.457710  -0.911291  0.355014  -0.208601  -0.341657  -0.369165  0.864285  0.006934  -0.006361  0.047828  -0.318090  0.059035  -0.136104  1.000000  
199.108464 -0.003475  0.007029  -0.038090  0.230189  0.859059  0.457199  -0.911152  0.355263  -0.208783  -0.341783  -0.368518  0.864511  0.007137  -0.006810  0.049298  -0.337830  0.064147  -0.148038  1.000000  
199.109713 -0.003467  0.007017  -0.038010  0.230751  0.859283  0.456494  -0.911010  0.355591  -0.208846  -0.341783  -0.367679  0.864868  0.007376  -0.007470  0.051371  -0.356710  0.074306  -0.171739  1.000000  
199.110716 -0.003459  0.007008  -0.037942  0.231138  0.859536  0.455822  -0.910959  0.355720  -0.208848  -0.341657  -0.366962  0.865222  0.007505  -0.007840  0.052697  -0.380232  0.083425  -0.181796  1.000000  
199.111727 -0.003449  0.007000  -0.037873  0.231700  0.859758  0.455117  -0.910816  0.356048  -0.208912  -0.341657  -0.366122  0.865578  0.007508  -0.008011  0.053428  -0.404756  0.091730  -0.201227  1.000000  
199.112729 -0.003440  0.006991  -0.037805  0.232087  0.860010  0.454444  -0.910765  0.356178  -0.208914  -0.341531  -0.365405  0.865930  0.007585  -0.008046  0.054060  -0.424377  0.100882  -0.211378  1.000000  
199.113734 -0.003432  0.006985  -0.037743  0.232649  0.860175  0.453843  -0.910621  0.356531  -0.208936  -0.341531  -0.364670  0.866240  0.007549  -0.007946  0.054037  -0.442267  0.107640  -0.227510  1.000000  
199.114970 -0.003424  0.006978  -0.037675  0.233223  0.860517  0.452899  -0.910522  0.356762  -0.208977  -0.341405  -0.363636  0.866724  0.007583  -0.007869  0.054094  -0.473221  0.122791  -0.251617  1.000000  
199.115970 -0.003418  0.006975  -0.037622  0.233598  0.860809  0.452150  -0.910425  0.356914  -0.209137  -0.341405  -0.362795  0.867077  0.007685  -0.007752  0.054401  -0.496990  0.123636  -0.265384  1.000000  
199.116972 -0.003410  0.006970  -0.037567  0.234171  0.861039  0.451415  -0.910325  0.357196  -0.209092  -0.341280  -0.361971  0.867470  0.007693  -0.007595  0.055018  -0.518462  0.135310  -0.281624  1.000000  
199.118215 -0.003399  0.006961  -0.037490  0.234745  0.861323  0.450575  -0.910225  0.357452  -0.209091  -0.341154  -0.361042  0.867907  0.007697  -0.007498  0.056663  -0.535526  0.145731  -0.295462  1.000000  
199.119463 -0.003386  0.006947  -0.037403  0.235330  0.861617  0.449706  -0.910168  0.357663  -0.208978  -0.340902  -0.360129  0.868385  0.007664  -0.007594  0.059032  -0.559261  0.158830  -0.303978  1.000000  
199.120713 -0.003374  0.006933  -0.037311  0.235903  0.861845  0.448970  -0.910066  0.357946  -0.208935  -0.340777  -0.359304  0.868776  0.007664  -0.007899  0.061562  -0.570777  0.167772  -0.314226  1.000000  
199.121963 -0.003366  0.006918  -0.037222  0.236477  0.862071  0.448233  -0.909965  0.358229  -0.208893  -0.340651  -0.358478  0.869167  0.007721  -0.008208  0.063323  -0.575901  0.179202  -0.330431  1.000000  
199.123215 -0.003359  0.006905  -0.037139  0.237050  0.862242  0.447601  -0.909863  0.358537  -0.208808  -0.340525  -0.357757  0.869513  0.007856  -0.008411  0.064444  -0.579328  0.183998  -0.342441  1.000000  
199.124462 -0.003351  0.006891  -0.037061  0.237823  0.862350  0.446981  -0.909755  0.358978  -0.208520  -0.340273  -0.357053  0.869901  0.007846  -0.008575  0.064428  -0.576453  0.199511  -0.356983  1.000000  
199.125468 -0.003344  0.006880  -0.037002  0.238209  0.862540  0.446410  -0.909701  0.359135  -0.208484  -0.340147  -0.356437  0.870202  0.007790  -0.008678  0.063693  -0.584750  0.203471  -0.355487  1.000000  
199.126716 -0.003333  0.006867  -0.036930  0.238981  0.862701  0.445686  -0.909593  0.359551  -0.208240  -0.339896  -0.355627  0.870632  0.007762  -0.008867  0.062922  -0.585721  0.218864  -0.369959  1.000000  
199.127720 -0.003324  0.006858  -0.036872  0.239566  0.862827  0.445127  -0.909533  0.359840  -0.208002  -0.339644  -0.355028  0.870975  0.007742  -0.008898  0.062247  -0.587814  0.229480  -0.372822  1.000000  
199.128731 -0.003316  0.006850  -0.036812  0.240151  0.863006  0.444463  -0.909473  0.360105  -0.207807  -0.339392  -0.354322  0.871360  0.007726  -0.008992  0.062092  -0.591714  0.244270  -0.384381  1.000000  
199.129968 -0.003308  0.006839  -0.036733  0.240923  0.863219  0.443632  -0.909362  0.360498  -0.207609  -0.339141  -0.353405  0.871831  0.007706  -0.009256  0.062804  -0.599285  0.261406  -0.391421  1.000000  
199.130970 -0.003302  0.006832  -0.036664  0.241320  0.863471  0.442925  -0.909351  0.360586  -0.207507  -0.338889  -0.352698  0.872214  0.007744  -0.009602  0.064105  -0.607396  0.269382  -0.388096  1.000000  
199.131972 -0.003295  0.006824  -0.036589  0.241905  0.863702  0.442155  -0.909289  0.360826  -0.207359  -0.338637  -0.351886  0.872640  0.007716  -0.009734  0.065222  -0.618954  0.282371  -0.396797  1.000000  
199.133214 -0.003284  0.006813  -0.036489  0.242689  0.863977  0.441188  -0.909221  0.361150  -0.207094  -0.338259  -0.350878  0.873193  0.007677  -0.009874  0.066751  -0.633169  0.297031  -0.398037  1.000000  
199.134218 -0.003275  0.006803  -0.036407  0.243274  0.864205  0.440417  -0.909158  0.361392  -0.206947  -0.338008  -0.350064  0.873617  0.007510  -0.009782  0.067532  -0.644701  0.309981  -0.406763  1.000000  
199.135463 -0.003266  0.006793  -0.036310  0.244245  0.864403  0.439490  -0.909038  0.361896  -0.206594  -0.337630  -0.349054  0.874167  0.007366  -0.009463  0.067908  -0.650078  0.329554  -0.420062  1.000000  
199.136464 -0.003260  0.006786  -0.036239  0.244841  0.864589  0.438793  -0.909018  0.362119  -0.206291  -0.337252  -0.348362  0.874588  0.007233  -0.009209  0.067850  -0.655970  0.344208  -0.421193  1.000000  
199.137715 -0.003256  0.006779  -0.036159  0.245625  0.864858  0.437822  -0.908947  0.362446  -0.206030  -0.336874  -0.347351  0.875136  0.007074  -0.008697  0.067514  -0.666019  0.362948  -0.420804  1.000000  
199.138963 -0.003251  0.006771  -0.036084  0.246409  0.865074  0.436956  -0.908875  0.362800  -0.205727  -0.336496  -0.346445  0.875640  0.006877  -0.008365  0.067220  -0.668021  0.376826  -0.424504  1.000000  
199.139965 -0.003246  0.006765  -0.036022  0.247181  0.865223  0.436224  -0.908758  0.363223  -0.205493  -0.336244  -0.345628  0.876060  0.006730  -0.007993  0.067453  -0.671349  0.390371  -0.431073  1.000000  
199.141215 -0.003240  0.006754  -0.035938  0.247965  0.865488  0.435251  -0.908684  0.363553  -0.205236  -0.335866  -0.344615  0.876604  0.006456  -0.007824  0.068207  -0.669240  0.400709  -0.434283  1.000000  
199.142216 -0.003234  0.006745  -0.035866  0.248749  0.865595  0.434592  -0.908610  0.363958  -0.204847  -0.335488  -0.343919  0.877022  0.006180  -0.007768  0.069202  -0.667258  0.414365  -0.437934  1.000000  
199.143467 -0.003230  0.006735  -0.035771  0.249532  0.865858  0.433617  -0.908535  0.364290  -0.204592  -0.335110  -0.342904  0.877564  0.005864  -0.007770  0.070390  -0.665094  0.424554  -0.441123  1.000000  
199.144719 -0.003227  0.006724  -0.035678  0.250503  0.865992  0.432789  -0.908407  0.364826  -0.204204  -0.334732  -0.341995  0.878063  0.005521  -0.007810  0.071415  -0.660226  0.438309  -0.447988  1.000000  
199.145733 -0.003226  0.006716  -0.035606  0.251088  0.866210  0.432012  -0.908338  0.365074  -0.204065  -0.334479  -0.341175  0.878478  0.005129  -0.007876  0.071644  -0.657641  0.448443  -0.450893  1.000000  
199.146976 -0.003223  0.006706  -0.035520  0.252059  0.866447  0.430972  -0.908209  0.365562  -0.203768  -0.334101  -0.340051  0.879057  0.004736  -0.007860  0.071209  -0.657284  0.461145  -0.460305  1.000000  
199.148222 -0.003220  0.006697  -0.035435  0.252842  0.866808  0.429784  -0.908130  0.365848  -0.203606  -0.333723  -0.338819  0.879676  0.004200  -0.007682  0.070045  -0.667516  0.467277  -0.465431  1.000000  
199.149476 -0.003217  0.006690  -0.035350  0.253825  0.867105  0.428605  -0.908041  0.366270  -0.203243  -0.333218  -0.337602  0.880335  0.003688  -0.007419  0.068915  -0.675074  0.483918  -0.473051  1.000000  
199.150716 -0.003215  0.006683  -0.035265  0.254796  0.867439  0.427351  -0.907908  0.366712  -0.203040  -0.332840  -0.336261  0.880991  0.003284  -0.007218  0.068331  -0.691143  0.496638  -0.482639  1.000000  
199.151721 -0.003214  0.006679  -0.035197  0.255766  0.867667  0.426306  -0.907774  0.367205  -0.202750  -0.332461  -0.335133  0.881564  0.003022  -0.007055  0.068374  -0.706945  0.509258  -0.491946  1.000000  
199.152963 -0.003215  0.006674  -0.035109  0.256749  0.868060  0.424913  -0.907681  0.367582  -0.202481  -0.331956  -0.333699  0.882298  0.002601  -0.006903  0.069086  -0.731303  0.526181  -0.500017  1.000000  
199.153963 -0.003216  0.006670  -0.035032  0.257720  0.868233  0.423972  -0.907544  0.368101  -0.202150  -0.331578  -0.332675  0.882827  0.002305  -0.006771  0.070216  -0.747211  0.534682  -0.511020  1.000000  
199.154964 -0.003217  0.006666  -0.034953  0.258690  0.868455  0.422924  -0.907407  0.368598  -0.201864  -0.331199  -0.331544  0.883395  0.001982  -0.006602  0.071307  -0.759054  0.547284  -0.520515  1.000000  
199.156214 -0.003216  0.006659  -0.034847  0.259860  0.868714  0.421673  -0.907257  0.369182  -0.201470  -0.330694  -0.330212  0.884082  0.001597  -0.006321  0.072752  -0.772730  0.562140  -0.536231  1.000000  
199.157463 -0.003217  0.006652  -0.034744  0.261029  0.869021  0.420316  -0.907105  0.369744  -0.201122  -0.330189  -0.328772  0.884808  0.001104  -0.006145  0.073578  -0.797096  0.574739  -0.546053  1.000000  
199.158463 -0.003218  0.006645  -0.034666  0.261999  0.869186  0.419370  -0.906963  0.370268  -0.200797  -0.329810  -0.327744  0.885330  0.000778  -0.005972  0.073720  -0.803957  0.584815  -0.556934  1.000000  
199.159721 -0.003222  0.006638  -0.034578  0.263169  0.869488  0.418010  -0.906808  0.370833  -0.200454  -0.329305  -0.326301  0.886051  0.000363  -0.005665  0.073365  -0.819849  0.597041  -0.566674  1.000000  
199.160963 -0.003226  0.006632  -0.034497  0.264338  0.869737  0.416754  -0.906651  0.371424  -0.200068  -0.328799  -0.324964  0.886729  -0.000044  -0.005438  0.072768  -0.829567  0.607522  -0.584145  1.000000  
199.161984 -0.003229  0.006626  -0.034434  0.265308  0.869896  0.415804  -0.906505  0.371952  -0.199749  -0.328420  -0.323934  0.887247  -0.000434  -0.005269  0.072338  -0.834087  0.618187  -0.594077  1.000000  
199.163222 -0.003234  0.006618  -0.034352  0.266490  0.870151  0.414512  -0.906387  0.372505  -0.199253  -0.327788  -0.322609  0.887963  -0.001031  -0.005273  0.072191  -0.841992  0.630373  -0.603961  1.000000  
199.164471 -0.003238  0.006608  -0.034262  0.267671  0.870404  0.413217  -0.906268  0.373059  -0.198760  -0.327156  -0.321283  0.888677  -0.001377  -0.005437  0.072511  -0.850321  0.638605  -0.615757  1.000000  
199.165472 -0.003241  0.006600  -0.034187  0.268653  0.870619  0.412125  -0.906159  0.373526  -0.198377  -0.326650  -0.320157  0.889269  -0.001764  -0.005651  0.073007  -0.860411  0.648538  -0.619395  1.000000  
199.166716 -0.003247  0.006588  -0.034089  0.270021  0.870840  0.410763  -0.905981  0.374240  -0.197848  -0.326018  -0.318720  0.890017  -0.002201  -0.006044  0.073922  -0.874629  0.663279  -0.635793  1.000000  
199.167722 -0.003252  0.006580  -0.034009  0.271004  0.871051  0.409668  -0.905869  0.374709  -0.197469  -0.325512  -0.317590  0.890606  -0.002504  -0.006369  0.074528  -0.882236  0.675322  -0.645449  1.000000  
199.168963 -0.003260  0.006572  -0.033912  0.272384  0.871278  0.408267  -0.905728  0.375386  -0.196832  -0.324753  -0.316165  0.891390  -0.002918  -0.006532  0.074723  -0.896531  0.694201  -0.660367  1.000000  
199.169963 -0.003266  0.006566  -0.033833  0.273366  0.871533  0.407063  -0.905613  0.375835  -0.196502  -0.324247  -0.314925  0.892013  -0.003291  -0.006645  0.074612  -0.909258  0.700735  -0.664840  1.000000  
199.170964 -0.003273  0.006561  -0.033758  0.274548  0.871721  0.405864  -0.905482  0.376425  -0.195976  -0.323614  -0.313698  0.892675  -0.003882  -0.006692  0.073853  -0.920952  0.718771  -0.680631  1.000000  
199.172213 -0.003282  0.006553  -0.033664  0.275941  0.872050  0.404211  -0.905375  0.377021  -0.195323  -0.322727  -0.312065  0.893567  -0.004393  -0.006712  0.073371  -0.943509  0.735422  -0.688205  1.000000  
199.173465 -0.003292  0.006546  -0.033573  0.277520  0.872296  0.402594  -0.905208  0.377801  -0.194590  -0.321841  -0.310429  0.894457  -0.005013  -0.006632  0.073085  -0.959322  0.760097  -0.707700  1.000000  
199.174466 -0.003301  0.006541  -0.033498  0.278701  0.872524  0.401283  -0.905070  0.378374  -0.194118  -0.321207  -0.309088  0.895148  -0.005368  -0.006614  0.073197  -0.981954  0.776316  -0.717894  1.000000  
199.175720 -0.003314  0.006534  -0.033403  0.280094  0.872792  0.399727  -0.904954  0.379003  -0.193428  -0.320320  -0.307557  0.895993  -0.005926  -0.006598  0.074156  -0.993995  0.799057  -0.730134  1.000000  
199.176965 -0.003327  0.006525  -0.033301  0.281487  0.873105  0.398062  -0.904836  0.379612  -0.192788  -0.319433  -0.305914  0.896872  -0.006510  -0.006771  0.075671  -1.010282  0.819074  -0.737683  1.000000  
199.177983 -0.003337  0.006516  -0.033216  0.282867  0.873209  0.396854  -0.904674  0.380356  -0.192080  -0.318672  -0.304690  0.897559  -0.006982  -0.006880  0.077011  -1.011796  0.843661  -0.758550  1.000000  
199.178985 -0.003348  0.006506  -0.033128  0.284061  0.873388  0.395604  -0.904567  0.380923  -0.191457  -0.317911  -0.303465  0.898244  -0.007486  -0.007042  0.078132  -1.015927  0.859746  -0.767517  1.000000  
199.180218 -0.003362  0.006493  -0.033020  0.285466  0.873702  0.393895  -0.904481  0.381502  -0.190710  -0.316896  -0.301830  0.899153  -0.008123  -0.007286  0.079042  -1.029270  0.880502  -0.776035  1.000000  
199.181223 -0.003373  0.006481  -0.032938  0.286673  0.873888  0.392605  -0.904410  0.382035  -0.189977  -0.316007  -0.300614  0.899872  -0.008660  -0.007371  0.079281  -1.029047  0.900412  -0.783390  1.000000  
199.182233 -0.003386  0.006472  -0.032861  0.287879  0.874071  0.391311  -0.904337  0.382571  -0.189246  -0.315119  -0.299398  0.900589  -0.009186  -0.007492  0.079111  -1.031171  0.918175  -0.784706  1.000000  
199.183465 -0.003402  0.006459  -0.032770  0.289298  0.874340  0.389663  -0.904282  0.383144  -0.188346  -0.313976  -0.297877  0.901492  -0.009676  -0.007738  0.078757  -1.034624  0.940906  -0.785830  1.000000  
199.184467 -0.003416  0.006450  -0.032697  0.290690  0.874485  0.388297  -0.904144  0.383843  -0.187586  -0.313086  -0.296547  0.902240  -0.010237  -0.007943  0.078351  -1.040722  0.967551  -0.798366  1.000000  
199.185713 -0.003432  0.006438  -0.032603  0.292295  0.874714  0.386574  -0.904022  0.384581  -0.186659  -0.311942  -0.294912  0.903171  -0.010763  -0.008312  0.078264  -1.046631  0.990114  -0.803224  1.000000  
199.186716 -0.003445  0.006427  -0.032525  0.293501  0.874885  0.385270  -0.903938  0.385128  -0.185937  -0.311052  -0.293688  0.903877  -0.011174  -0.008579  0.078420  -1.051990  1.009880  -0.807180  1.000000  
199.187716 -0.003460  0.006416  -0.032442  0.294708  0.875100  0.383858  -0.903851  0.385656  -0.185265  -0.310162  -0.292351  0.904616  -0.011669  -0.008968  0.079085  -1.058642  1.027914  -0.809173  1.000000  
199.188963 -0.003478  0.006403  -0.032335  0.296126  0.875396  0.382087  -0.903780  0.386225  -0.184426  -0.309017  -0.290709  0.905537  -0.012100  -0.009371  0.080079  -1.070242  1.047041  -0.802951  1.000000  
199.189964 -0.003494  0.006392  -0.032245  0.297346  0.875571  0.380737  -0.903727  0.386743  -0.183596  -0.307999  -0.289491  0.906273  -0.012588  -0.009812  0.081166  -1.074725  1.070435  -0.804748  1.000000  
199.190969 -0.003511  0.006382  -0.032155  0.298751  0.875709  0.379317  -0.903610  0.387423  -0.182737  -0.306980  -0.288161  0.907042  -0.012987  -0.010071  0.081838  -1.083084  1.090316  -0.812859  1.000000  
199.192213 -0.003531  0.006369  -0.032043  0.300355  0.876005  0.377361  -0.903467  0.388139  -0.181923  -0.305834  -0.286291  0.908021  -0.013479  -0.010317  0.082429  -1.095076  1.114165  -0.824722  1.000000  
199.193213 -0.003547  0.006358  -0.031954  0.301574  0.876216  0.375896  -0.903405  0.388645  -0.181148  -0.304815  -0.284957  0.908784  -0.013827  -0.010426  0.082729  -1.105949  1.132105  -0.827021  1.000000  
199.194463 -0.003567  0.006344  -0.031847  0.303204  0.876481  0.373962  -0.903332  0.389319  -0.180063  -0.303413  -0.283215  0.909797  -0.014243  -0.010424  0.082542  -1.118980  1.160216  -0.833265  1.000000  
199.195486 -0.003584  0.006333  -0.031765  0.304609  0.876650  0.372421  -0.903201  0.389991  -0.179264  -0.302393  -0.281766  0.910586  -0.014637  -0.010396  0.082171  -1.132540  1.180521  -0.837532  1.000000  
199.196721 -0.003605  0.006320  -0.031664  0.306239  0.876861  0.370585  -0.903118  0.390696  -0.178139  -0.300989  -0.280129  0.911555  -0.015041  -0.010428  0.082349  -1.138374  1.209687  -0.844613  1.000000  
199.197972 -0.003627  0.006306  -0.031563  0.307869  0.877111  0.368637  -0.903031  0.391385  -0.177066  -0.299585  -0.278377  0.912554  -0.015464  -0.010536  0.083039  -1.145216  1.235423  -0.844838  1.000000  
199.199222 -0.003649  0.006290  -0.031457  0.309498  0.877356  0.366684  -0.902939  0.392079  -0.175997  -0.298181  -0.276622  0.913547  -0.015841  -0.010837  0.084058  -1.154420  1.259366  -0.853027  1.000000  
199.200475 -0.003671  0.006273  -0.031347  0.311128  0.877552  0.364833  -0.902842  0.392800  -0.174884  -0.296776  -0.274975  0.914501  -0.016188  -0.011162  0.085140  -1.159714  1.279113  -0.848747  1.000000  
199.201715 -0.003693  0.006255  -0.031234  0.312757  0.877742  0.362977  -0.902740  0.393526  -0.173775  -0.295370  -0.273324  0.915451  -0.016517  -0.011466  0.086079  -1.157587  1.299151  -0.855054  1.000000  
199.202717 -0.003712  0.006239  -0.031145  0.314001  0.877990  0.361298  -0.902726  0.393971  -0.172838  -0.294091  -0.271881  0.916292  -0.016868  -0.011799  0.086458  -1.164655  1.317258  -0.848262  1.000000  
199.203963 -0.003736  0.006221  -0.031037  0.315457  0.878308  0.359251  -0.902717  0.394471  -0.171742  -0.292557  -0.270125  0.917302  -0.017219  -0.012133  0.086451  -1.170520  1.336778  -0.840807  1.000000  
199.204963 -0.003756  0.006207  -0.030956  0.316874  0.878455  0.357641  -0.902593  0.395139  -0.170853  -0.291405  -0.268665  0.918097  -0.017452  -0.012356  0.085962  -1.177756  1.355417  -0.848042  1.000000  
199.206214 -0.003782  0.006190  -0.030856  0.318516  0.878725  0.355513  -0.902510  0.395809  -0.169738  -0.289869  -0.266790  0.919130  -0.017795  -0.012672  0.085161  -1.189203  1.377048  -0.850587  1.000000  
199.207214 -0.003801  0.006175  -0.030776  0.319932  0.878864  0.353896  -0.902378  0.396486  -0.168856  -0.288716  -0.265325  0.919916  -0.018029  -0.012937  0.084333  -1.192392  1.390608  -0.855458  1.000000  
199.208465 -0.003826  0.006157  -0.030675  0.321573  0.879080  0.351865  -0.902286  0.397187  -0.167700  -0.287178  -0.263555  0.920906  -0.018310  -0.013202  0.083835  -1.202770  1.405997  -0.849982  1.000000  
199.209713 -0.003850  0.006140  -0.030570  0.323227  0.879387  0.349575  -0.902224  0.397820  -0.166530  -0.285512  -0.261568  0.921990  -0.018604  -0.013484  0.083855  -1.214599  1.427654  -0.853172  1.000000  
199.210963 -0.003876  0.006122  -0.030460  0.325053  0.879552  0.347461  -0.902053  0.398693  -0.165359  -0.283973  -0.259678  0.922999  -0.018932  -0.013768  0.084308  -1.223842  1.446517  -0.863509  1.000000  
199.211971 -0.003898  0.006107  -0.030370  0.326494  0.879695  0.345744  -0.901976  0.399322  -0.164259  -0.282561  -0.258223  0.923840  -0.019231  -0.014066  0.085045  -1.233986  1.464182  -0.865016  1.000000  
199.212977 -0.003920  0.006093  -0.030278  0.327923  0.879864  0.343957  -0.901859  0.399968  -0.163327  -0.281277  -0.256642  0.924672  -0.019524  -0.014261  0.085677  -1.244701  1.476687  -0.869626  1.000000  
199.214222 -0.003947  0.006074  -0.030162  0.329761  0.880064  0.341679  -0.901708  0.400806  -0.162103  -0.279608  -0.254640  0.925731  -0.019883  -0.014475  0.086300  -1.256873  1.494307  -0.874550  1.000000  
199.215226 -0.003970  0.006058  -0.030070  0.331003  0.880306  0.339851  -0.901650  0.401280  -0.161248  -0.278323  -0.253053  0.926553  -0.020292  -0.014581  0.086529  -1.270201  1.505524  -0.873320  1.000000  
199.216466 -0.003999  0.006039  -0.029959  0.332655  0.880576  0.337530  -0.901557  0.401948  -0.160102  -0.276652  -0.251043  0.927600  -0.020750  -0.014675  0.086432  -1.284809  1.521686  -0.872295  1.000000  
199.217480 -0.004023  0.006023  -0.029873  0.334082  0.880725  0.335727  -0.901423  0.402613  -0.159185  -0.275366  -0.249451  0.928411  -0.021083  -0.014639  0.086120  -1.291773  1.534430  -0.877419  1.000000  
199.218716 -0.004055  0.006004  -0.029771  0.335944  0.880883  0.333448  -0.901318  0.403432  -0.157697  -0.273436  -0.247565  0.929486  -0.021592  -0.014706  0.085795  -1.298439  1.563012  -0.886639  1.000000  
199.219963 -0.004088  0.005984  -0.029669  0.337792  0.881022  0.331205  -0.901172  0.404288  -0.156331  -0.271634  -0.245666  0.930518  -0.022106  -0.014862  0.085778  -1.307916  1.579919  -0.894152  1.000000  
199.220964 -0.004114  0.005967  -0.029586  0.339231  0.881126  0.329452  -0.901058  0.404956  -0.155260  -0.270217  -0.244186  0.931319  -0.022509  -0.015078  0.086109  -1.313817  1.591698  -0.893640  1.000000  
199.222213 -0.004147  0.005945  -0.029477  0.341066  0.881242  0.327242  -0.900866  0.405855  -0.154020  -0.268542  -0.242270  0.932304  -0.023041  -0.015365  0.086649  -1.314410  1.611364  -0.902849  1.000000  
199.223465 -0.004180  0.005922  -0.029362  0.342900  0.881350  0.325026  -0.900668  0.406761  -0.152786  -0.266866  -0.240350  0.933282  -0.023662  -0.015777  0.087565  -1.317646  1.621551  -0.905580  1.000000  
199.224465 -0.004206  0.005903  -0.029269  0.344152  0.881562  0.323121  -0.900609  0.407243  -0.151842  -0.265447  -0.238749  0.934097  -0.024121  -0.016057  0.088172  -1.326798  1.630367  -0.904382  1.000000  
199.225468 -0.004233  0.005884  -0.029174  0.345589  0.881647  0.321350  -0.900476  0.407930  -0.150786  -0.264028  -0.237258  0.934879  -0.024508  -0.016341  0.088657  -1.329980  1.641227  -0.906589  1.000000  
199.226713 -0.004267  0.005862  -0.029058  0.347435  0.881788  0.318967  -0.900294  0.408804  -0.149498  -0.262221  -0.235223  0.935901  -0.025000  -0.016596  0.089048  -1.341879  1.653528  -0.913109  1.000000  
199.227716 -0.004295  0.005845  -0.028965  0.348884  0.881912  0.317035  -0.900184  0.409453  -0.148382  -0.260671  -0.233621  0.936735  -0.025433  -0.016812  0.089073  -1.345680  1.666510  -0.919202  1.000000  
199.228733 -0.004323  0.005827  -0.028874  0.350344  0.882043  0.315053  -0.900101  0.410078  -0.147153  -0.258991  -0.232025  0.937597  -0.025853  -0.016989  0.088812  -1.352111  1.684784  -0.921446  1.000000  
199.229968 -0.004359  0.005805  -0.028761  0.352015  0.882221  0.312683  -0.900005  0.410779  -0.145778  -0.257052  -0.230101  0.938604  -0.026287  -0.017103  0.088833  -1.364847  1.699097  -0.914660  1.000000  
199.230971 -0.004388  0.005788  -0.028670  0.353462  0.882368  0.310630  -0.899880  0.411426  -0.144723  -0.255500  -0.228376  0.939449  -0.026742  -0.017301  0.088904  -1.377077  1.712450  -0.921094  1.000000  
199.232220 -0.004425  0.005766  -0.028553  0.355329  0.882459  0.308233  -0.899730  0.412293  -0.143177  -0.253430  -0.226452  0.940475  -0.027272  -0.017483  0.089556  -1.385957  1.729992  -0.927164  1.000000  
199.233466 -0.004464  0.005744  -0.028434  0.356997  0.882653  0.305739  -0.899615  0.412998  -0.141866  -0.251488  -0.224401  0.941487  -0.027732  -0.017652  0.090532  -1.394577  1.747260  -0.933403  1.000000  
199.234468 -0.004495  0.005726  -0.028334  0.358455  0.882719  0.303838  -0.899504  0.413668  -0.140607  -0.249804  -0.222902  0.942291  -0.028104  -0.017810  0.091882  -1.390695  1.760504  -0.940031  1.000000  
199.235715 -0.004536  0.005702  -0.028207  0.360109  0.882889  0.301379  -0.899346  0.414414  -0.139422  -0.247990  -0.220836  0.943256  -0.028575  -0.017994  0.093350  -1.401090  1.771631  -0.941054  1.000000  
199.236963 -0.004576  0.005678  -0.028079  0.361947  0.882929  0.299050  -0.899106  0.415364  -0.138132  -0.246175  -0.218881  0.944187  -0.029075  -0.018104  0.094748  -1.404155  1.775916  -0.945580  1.000000  
199.238213 -0.004616  0.005653  -0.027953  0.363427  0.883180  0.296503  -0.899040  0.415915  -0.136902  -0.244229  -0.216814  0.945169  -0.029587  -0.018217  0.095567  -1.416058  1.788158  -0.938120  1.000000  
199.239465 -0.004657  0.005629  -0.027830  0.364882  0.883366  0.294154  -0.898908  0.416542  -0.135861  -0.242542  -0.214844  0.946053  -0.030061  -0.018272  0.095943  -1.416025  1.784380  -0.936194  1.000000  
199.240468 -0.004690  0.005609  -0.027734  0.366150  0.883489  0.292201  -0.898845  0.417058  -0.134681  -0.240854  -0.213330  0.946826  -0.030534  -0.018356  0.095999  -1.419737  1.794144  -0.929872  1.000000  
199.241713 -0.004732  0.005585  -0.027616  0.368010  0.883487  0.289860  -0.898641  0.417998  -0.133126  -0.238776  -0.211489  0.947765  -0.031066  -0.018510  0.096138  -1.415383  1.807591  -0.932963  1.000000  
199.242963 -0.004773  0.005561  -0.027498  0.369683  0.883600  0.287378  -0.898504  0.418747  -0.131686  -0.236697  -0.209528  0.948722  -0.031479  -0.018617  0.096453  -1.420010  1.817416  -0.928081  1.000000  
199.244214 -0.004815  0.005537  -0.027375  0.371170  0.883756  0.284970  -0.898437  0.419338  -0.130259  -0.234616  -0.207679  0.949644  -0.031829  -0.018776  0.096993  -1.417792  1.825039  -0.916463  1.000000  
199.245234 -0.004849  0.005518  -0.027275  0.372644  0.883792  0.282927  -0.898334  0.420008  -0.128801  -0.232665  -0.206166  0.950454  -0.032192  -0.018870  0.097651  -1.412490  1.844388  -0.919133  1.000000  
199.246473 -0.004892  0.005493  -0.027145  0.374325  0.883826  0.280592  -0.898205  0.420784  -0.127155  -0.230452  -0.204432  0.951367  -0.032699  -0.019116  0.098744  -1.402968  1.864604  -0.918500  1.000000  
199.247727 -0.004936  0.005468  -0.027013  0.376006  0.883921  0.278036  -0.898069  0.421537  -0.125617  -0.228238  -0.202462  0.952322  -0.033009  -0.019275  0.099519  -1.404785  1.875824  -0.915815  1.000000  
199.248972 -0.004979  0.005445  -0.026880  0.377685  0.884007  0.275473  -0.897924  0.422297  -0.124084  -0.226023  -0.200489  0.953267  -0.033358  -0.019344  0.100229  -1.412075  1.884240  -0.908849  1.000000  
199.250215 -0.005024  0.005421  -0.026750  0.379547  0.883999  0.272928  -0.897694  0.423248  -0.122500  -0.223807  -0.198511  0.954203  -0.033608  -0.019353  0.100590  -1.413539  1.897675  -0.917372  1.000000  
199.251465 -0.005068  0.005398  -0.026620  0.381419  0.883960  0.270433  -0.897483  0.424197  -0.120754  -0.221459  -0.196652  0.955136  -0.033862  -0.019313  0.100706  -1.408998  1.913650  -0.919876  1.000000  
199.252714 -0.005111  0.005375  -0.026492  0.383094  0.883990  0.267956  -0.897314  0.424996  -0.119186  -0.219240  -0.194782  0.956030  -0.034099  -0.019240  0.100764  -1.413368  1.927831  -0.913997  1.000000  
199.253963 -0.005155  0.005352  -0.026364  0.384778  0.884023  0.265422  -0.897165  0.425779  -0.117506  -0.216890  -0.192914  0.956945  -0.034321  -0.019130  0.101002  -1.413700  1.946261  -0.907276  1.000000  
199.254963 -0.005191  0.005333  -0.026261  0.386219  0.883958  0.263539  -0.896955  0.426561  -0.116267  -0.215191  -0.191478  0.957616  -0.034502  -0.019061  0.101341  -1.405182  1.955082  -0.913722  1.000000  
199.255965 -0.005226  0.005314  -0.026158  0.387671  0.883898  0.261601  -0.896765  0.427325  -0.114915  -0.213362  -0.190046  0.958311  -0.034635  -0.019047  0.102001  -1.399121  1.966643  -0.914535  1.000000  
199.257213 -0.005270  0.005289  -0.026026  0.389708  0.883694  0.259253  -0.896408  0.428528  -0.113208  -0.211139  -0.188279  0.959151  -0.034846  -0.019087  0.103011  -1.389912  1.973890  -0.917550  1.000000  
199.258465 -0.005315  0.005265  -0.025890  0.391387  0.883637  0.256908  -0.896229  0.429365  -0.111445  -0.208784  -0.186630  0.959989  -0.035024  -0.019149  0.103939  -1.377926  1.985202  -0.921479  1.000000  
199.259715 -0.005360  0.005239  -0.025754  0.393225  0.883497  0.254573  -0.895909  0.430423  -0.109922  -0.206690  -0.184850  0.960786  -0.035215  -0.019201  0.104814  -1.371258  1.985112  -0.932875  1.000000  
199.260964 -0.005406  0.005214  -0.025619  0.394889  0.883417  0.252265  -0.895688  0.431296  -0.108287  -0.204464  -0.183189  0.961580  -0.035432  -0.019283  0.105320  -1.359418  1.990481  -0.929140  1.000000  
199.261971 -0.005443  0.005194  -0.025513  0.396334  0.883329  0.250299  -0.895467  0.432087  -0.106958  -0.202630  -0.181744  0.962242  -0.035601  -0.019260  0.105329  -1.355927  1.993379  -0.929776  1.000000  
199.262971 -0.005480  0.005175  -0.025409  0.397582  0.883285  0.248466  -0.895297  0.432735  -0.105749  -0.200926  -0.180408  0.962851  -0.035763  -0.019283  0.105151  -1.347108  1.994394  -0.925754  1.000000  
