1-Time 2-Px 3-Py 4-Pz 5-R11 6-R21 7-R31 8-R12 9-R22 10-R32 11-R13 12-R23 13-R33 14-Vx 15-Vy 16-Vz 17-Wx 18-Wy 19-Wz 20-state
227.818340 0.017509  0.014378  -0.046553  0.380273  0.778234  0.499745  -0.749758  -0.056983  0.659254  0.541531  -0.625384  0.561818  0.001922  0.010183  -0.025143  0.260627  -0.025576  -0.019257  1.000000  
227.819512 0.017506  0.014380  -0.046566  0.380273  0.778234  0.499745  -0.749758  -0.056983  0.659254  0.541531  -0.625384  0.561818  -0.002586  0.001879  -0.012624  0.000000  0.000000  0.000000  1.000000  
227.820514 0.017502  0.014372  -0.046544  0.380427  0.778245  0.499609  -0.749680  -0.056823  0.659357  0.541531  -0.625384  0.561818  -0.003348  -0.003291  0.004164  0.000000  0.000000  0.000000  1.000000  
227.821757 0.017495  0.014358  -0.046498  0.380427  0.778185  0.499704  -0.749680  -0.056903  0.659350  0.541531  -0.625452  0.561742  -0.004420  -0.006222  0.016760  0.000000  0.000000  0.000000  1.000000  
227.823001 0.017487  0.014352  -0.046470  0.380273  0.778173  0.499839  -0.749758  -0.057063  0.659247  0.541531  -0.625452  0.561742  -0.004849  -0.005757  0.018271  0.000000  0.000000  0.000000  1.000000  
227.824247 0.017474  0.014350  -0.046463  0.380273  0.778112  0.499934  -0.749758  -0.057143  0.659240  0.541531  -0.625520  0.561666  -0.006084  -0.004872  0.015602  0.000000  0.000000  0.000000  1.000000  
227.825261 0.017456  0.014346  -0.046462  0.380273  0.778112  0.499934  -0.749758  -0.057143  0.659240  0.541531  -0.625520  0.561666  -0.007820  -0.004808  0.013389  0.000000  0.000000  0.000000  1.000000  
227.826495 0.017431  0.014338  -0.046456  0.380240  0.778090  0.499994  -0.749693  -0.057298  0.659300  0.541643  -0.625535  0.561542  -0.009745  -0.005045  0.012038  0.000000  0.000000  0.000000  1.000000  
227.827504 0.017414  0.014334  -0.046451  0.380240  0.778029  0.500089  -0.749693  -0.057378  0.659293  0.541643  -0.625603  0.561466  -0.010512  -0.004905  0.011253  0.000000  0.000000  0.000000  1.000000  
227.828752 0.017401  0.014332  -0.046441  0.380394  0.777980  0.500047  -0.749615  -0.057298  0.659389  0.541643  -0.625671  0.561390  -0.010533  -0.004488  0.010863  0.000000  0.000000  0.000000  1.000000  
227.830006 0.017389  0.014327  -0.046423  0.380460  0.777783  0.500304  -0.749744  -0.057308  0.659241  0.541418  -0.625915  0.561335  -0.010418  -0.004455  0.011257  0.000000  0.000000  0.000000  1.000000  
227.831248 0.017371  0.014316  -0.046396  0.380525  0.777586  0.500561  -0.749874  -0.057319  0.659093  0.541193  -0.626159  0.561280  -0.010808  -0.004883  0.012251  0.000000  0.000000  0.000000  1.000000  
227.832509 0.017346  0.014300  -0.046361  0.380591  0.777388  0.500817  -0.750003  -0.057329  0.658946  0.540968  -0.626403  0.561224  -0.011648  -0.005605  0.013648  0.000000  0.000000  0.000000  1.000000  
227.833749 0.017319  0.014276  -0.046318  0.380656  0.777130  0.501168  -0.750132  -0.057420  0.658791  0.540743  -0.626715  0.561093  -0.012679  -0.006872  0.015935  0.000000  0.000000  0.000000  1.000000  
227.834757 0.017296  0.014252  -0.046278  0.380689  0.776910  0.501485  -0.750196  -0.057584  0.658703  0.540631  -0.626973  0.560913  -0.013963  -0.008494  0.019070  0.000000  0.000000  0.000000  1.000000  
227.836003 0.017269  0.014219  -0.046225  0.380722  0.776689  0.501801  -0.750261  -0.057749  0.658615  0.540518  -0.627231  0.560733  -0.015335  -0.009845  0.020073  0.000000  0.000000  0.000000  1.000000  
227.837250 0.017243  0.014188  -0.046182  0.380755  0.776530  0.502024  -0.750325  -0.057834  0.658534  0.540405  -0.627421  0.560629  -0.016583  -0.011164  0.020111  0.000000  0.000000  0.000000  1.000000  
227.838502 0.017216  0.014162  -0.046156  0.380755  0.776408  0.502212  -0.750325  -0.057994  0.658520  0.540405  -0.627557  0.560477  -0.017776  -0.012675  0.020649  0.000000  0.000000  0.000000  1.000000  
227.839505 0.017189  0.014142  -0.046140  0.380909  0.776298  0.502265  -0.750247  -0.057994  0.658609  0.540405  -0.627693  0.560325  -0.018775  -0.014008  0.021892  0.000000  0.000000  0.000000  1.000000  
227.840749 0.017154  0.014118  -0.046108  0.381063  0.776249  0.502223  -0.750168  -0.057914  0.658706  0.540405  -0.627761  0.560249  -0.019423  -0.015134  0.023767  0.000000  0.000000  0.000000  1.000000  
227.841752 0.017131  0.014099  -0.046068  0.381218  0.776200  0.502182  -0.750090  -0.057834  0.658802  0.540405  -0.627829  0.560172  -0.019752  -0.016034  0.026183  0.000000  0.000000  0.000000  1.000000  
227.842999 0.017110  0.014080  -0.045999  0.381559  0.776125  0.502039  -0.749997  -0.057520  0.658935  0.540293  -0.627951  0.560144  -0.019964  -0.017136  0.030299  0.000000  0.000000  0.000000  1.000000  
227.844249 0.017094  0.014061  -0.045917  0.381901  0.776049  0.501895  -0.749905  -0.057205  0.659068  0.540180  -0.628072  0.560116  -0.020373  -0.018188  0.034881  0.000000  0.000000  0.000000  1.000000  
227.845499 0.017071  0.014040  -0.045833  0.382243  0.775974  0.501752  -0.749812  -0.056891  0.659201  0.540068  -0.628194  0.560088  -0.020839  -0.019089  0.038968  0.000000  0.000000  0.000000  1.000000  
227.846748 0.017041  0.014017  -0.045761  0.382893  0.775982  0.501243  -0.749561  -0.056177  0.659547  0.539955  -0.628248  0.560136  -0.021333  -0.019618  0.041524  0.000000  0.000000  0.000000  1.000000  
227.847751 0.017012  0.013998  -0.045714  0.383389  0.776039  0.500776  -0.749389  -0.055543  0.659797  0.539842  -0.628234  0.560261  -0.021915  -0.019939  0.042783  0.000000  0.000000  0.000000  1.000000  
227.848998 0.016973  0.013976  -0.045670  0.383884  0.776035  0.500402  -0.749216  -0.054988  0.660039  0.539730  -0.628288  0.560309  -0.022629  -0.019609  0.042565  0.000000  0.000000  0.000000  1.000000  
227.850007 0.016941  0.013957  -0.045641  0.384413  0.776053  0.499969  -0.749107  -0.054280  0.660221  0.539505  -0.628328  0.560481  -0.023310  -0.019060  0.041729  0.000000  0.000000  0.000000  1.000000  
227.851250 0.016905  0.013931  -0.045600  0.384908  0.776108  0.499501  -0.748934  -0.053645  0.660470  0.539392  -0.628314  0.560605  -0.023923  -0.018693  0.041013  0.000000  0.000000  0.000000  1.000000  
227.852253 0.016880  0.013910  -0.045562  0.385437  0.776064  0.499162  -0.748824  -0.053016  0.660645  0.539166  -0.628422  0.560701  -0.024304  -0.018424  0.041646  0.000000  0.000000  0.000000  1.000000  
227.853253 0.016856  0.013889  -0.045520  0.385932  0.776119  0.498694  -0.748650  -0.052382  0.660893  0.539054  -0.628407  0.560826  -0.024390  -0.018494  0.043080  0.000000  0.000000  0.000000  1.000000  
227.854327 0.016833  0.013869  -0.045476  0.386428  0.776112  0.498320  -0.748476  -0.051828  0.661134  0.538941  -0.628461  0.560874  -0.023988  -0.018390  0.044791  -0.028841  0.082651  -0.212461  1.000000  
227.855497 0.016804  0.013846  -0.045414  0.386769  0.776155  0.497988  -0.748381  -0.051354  0.661278  0.538828  -0.628447  0.560998  -0.023729  -0.018380  0.047023  -0.040470  0.085529  -0.227485  1.000000  
227.856498 0.016783  0.013830  -0.045360  0.387077  0.776177  0.497716  -0.748221  -0.051034  0.661483  0.538828  -0.628447  0.560998  -0.023540  -0.018231  0.047923  -0.052023  0.094218  -0.235242  1.000000  
227.857747 0.016762  0.013811  -0.045290  0.387385  0.776258  0.497349  -0.748062  -0.050634  0.661694  0.538828  -0.628379  0.561074  -0.023599  -0.018259  0.048047  -0.067658  0.102902  -0.243024  1.000000  
227.858751 0.016748  0.013795  -0.045239  0.387693  0.776399  0.496889  -0.747902  -0.050154  0.661911  0.538828  -0.628243  0.561226  -0.023689  -0.018302  0.047095  -0.082933  0.106335  -0.244864  1.000000  
227.860001 0.016728  0.013775  -0.045183  0.388001  0.776600  0.496333  -0.747743  -0.049593  0.662134  0.538828  -0.628038  0.561455  -0.023565  -0.018273  0.045531  -0.110547  0.120909  -0.245979  1.000000  
227.861248 0.016704  0.013754  -0.045136  0.388309  0.776801  0.495778  -0.747583  -0.049033  0.662356  0.538828  -0.627834  0.561683  -0.023360  -0.018081  0.043410  -0.138121  0.135444  -0.247017  1.000000  
227.862271 0.016679  0.013740  -0.045102  0.388463  0.776992  0.495359  -0.747503  -0.048632  0.662476  0.538828  -0.627630  0.561912  -0.023061  -0.017748  0.042149  -0.163305  0.146867  -0.246206  1.000000  
227.863508 0.016645  0.013724  -0.045055  0.388804  0.777273  0.494650  -0.747407  -0.047835  0.662642  0.538716  -0.627342  0.562341  -0.022774  -0.017320  0.042172  -0.203334  0.158548  -0.250686  1.000000  
227.864749 0.016613  0.013709  -0.045000  0.388991  0.777544  0.494077  -0.747391  -0.047199  0.662706  0.538603  -0.627055  0.562769  -0.022409  -0.016892  0.043223  -0.237785  0.161615  -0.252641  1.000000  
227.866001 0.016586  0.013690  -0.044928  0.389299  0.777863  0.493332  -0.747231  -0.046477  0.662938  0.538603  -0.626713  0.563149  -0.021697  -0.016405  0.045309  -0.277461  0.173137  -0.256999  1.000000  
227.867002 0.016569  0.013675  -0.044861  0.389673  0.778103  0.492657  -0.747198  -0.045606  0.663035  0.538377  -0.626479  0.563626  -0.021074  -0.015978  0.047400  -0.313098  0.178742  -0.268085  1.000000  
227.868004 0.016552  0.013662  -0.044789  0.389860  0.778312  0.492178  -0.747182  -0.045049  0.663091  0.538265  -0.626259  0.563978  -0.020628  -0.015395  0.049605  -0.343832  0.181518  -0.277549  1.000000  
227.869252 0.016527  0.013649  -0.044704  0.390114  0.778504  0.491674  -0.747293  -0.044264  0.663019  0.537926  -0.626077  0.564502  -0.020515  -0.014778  0.051720  -0.372412  0.172541  -0.287736  1.000000  
227.870499 0.016502  0.013640  -0.044635  0.390401  0.778715  0.491111  -0.747467  -0.043324  0.662884  0.537475  -0.625880  0.565150  -0.020145  -0.013757  0.051965  -0.400814  0.160454  -0.301172  1.000000  
227.871505 0.016483  0.013634  -0.044589  0.390501  0.778837  0.490838  -0.747659  -0.042780  0.662704  0.537137  -0.625765  0.565599  -0.020107  -0.013048  0.051380  -0.417379  0.147068  -0.307351  1.000000  
227.872748 0.016463  0.013627  -0.044537  0.390754  0.779087  0.490240  -0.747769  -0.041915  0.662634  0.536798  -0.625513  0.566199  -0.020017  -0.012192  0.050194  -0.442162  0.136685  -0.310265  1.000000  
227.873751 0.016450  0.013620  -0.044492  0.390821  0.779306  0.489837  -0.747897  -0.041365  0.662525  0.536572  -0.625276  0.566674  -0.019967  -0.011587  0.049805  -0.462761  0.129274  -0.309718  1.000000  
227.874999 0.016435  0.013608  -0.044427  0.390954  0.779508  0.489411  -0.748151  -0.040586  0.662286  0.536120  -0.625076  0.567322  -0.019572  -0.011114  0.050399  -0.479834  0.107635  -0.312800  1.000000  
227.876247 0.016419  0.013592  -0.044350  0.391054  0.779688  0.489043  -0.748342  -0.039962  0.662109  0.535782  -0.624891  0.567846  -0.019010  -0.010808  0.052396  -0.488870  0.091699  -0.304570  1.000000  
227.877247 0.016406  0.013578  -0.044284  0.391032  0.779762  0.488942  -0.748676  -0.039505  0.661758  0.535330  -0.624828  0.568342  -0.018253  -0.010814  0.054616  -0.490247  0.065521  -0.299117  1.000000  
227.878248 0.016391  0.013562  -0.044215  0.391165  0.779904  0.488610  -0.748930  -0.038808  0.661512  0.534878  -0.624695  0.568913  -0.017409  -0.011024  0.056731  -0.495227  0.043589  -0.297461  1.000000  
227.879248 0.016377  0.013546  -0.044146  0.391143  0.779978  0.488509  -0.749264  -0.038351  0.661160  0.534425  -0.624630  0.569409  -0.016532  -0.011288  0.058603  -0.496672  0.017398  -0.291990  1.000000  
227.880257 0.016366  0.013531  -0.044075  0.391275  0.780179  0.488082  -0.749518  -0.037574  0.660917  0.533973  -0.624427  0.570056  -0.015586  -0.011299  0.059895  -0.509809  -0.004595  -0.292641  1.000000  
227.881499 0.016355  0.013512  -0.043988  0.391319  0.780295  0.487862  -0.749978  -0.036809  0.660438  0.533294  -0.624328  0.570800  -0.014834  -0.011372  0.060560  -0.511081  -0.033786  -0.288027  1.000000  
227.882513 0.016347  0.013500  -0.043920  0.391484  0.780397  0.487566  -0.750294  -0.036038  0.660121  0.532728  -0.624245  0.571419  -0.014200  -0.011197  0.060049  -0.516515  -0.063512  -0.287991  1.000000  
227.883751 0.016337  0.013490  -0.043845  0.391748  0.780443  0.487281  -0.750799  -0.034966  0.659604  0.531822  -0.624248  0.572258  -0.013387  -0.010937  0.059425  -0.525600  -0.096914  -0.297230  1.000000  
227.884753 0.016328  0.013484  -0.043791  0.391945  0.780507  0.487020  -0.751178  -0.034121  0.659218  0.531142  -0.624216  0.572925  -0.012446  -0.010809  0.059038  -0.535057  -0.125880  -0.304563  1.000000  
227.885756 0.016319  0.013479  -0.043738  0.392175  0.780531  0.486795  -0.751618  -0.033203  0.658762  0.530348  -0.624234  0.573640  -0.011721  -0.010718  0.059211  -0.551619  -0.148374  -0.320586  1.000000  
227.887005 0.016309  0.013472  -0.043665  0.392625  0.780544  0.486411  -0.752103  -0.031897  0.658273  0.529327  -0.624286  0.574526  -0.011052  -0.010667  0.060268  -0.568282  -0.180005  -0.346629  1.000000  
227.888248 0.016300  0.013461  -0.043578  0.392952  0.780453  0.486294  -0.752730  -0.030757  0.657610  0.528191  -0.624458  0.575384  -0.010442  -0.010860  0.062476  -0.572451  -0.217202  -0.369011  1.000000  
227.889249 0.016295  0.013450  -0.043496  0.393369  0.780386  0.486065  -0.753150  -0.029685  0.657179  0.527282  -0.624594  0.576070  -0.009872  -0.011058  0.064967  -0.578008  -0.252003  -0.390834  1.000000  
227.890498 0.016288  0.013434  -0.043389  0.393695  0.780293  0.485949  -0.753775  -0.028546  0.656513  0.526144  -0.624762  0.576927  -0.009318  -0.011192  0.067241  -0.577561  -0.284358  -0.416572  1.000000  
227.891500 0.016282  0.013420  -0.043307  0.394111  0.780225  0.485721  -0.754192  -0.027474  0.656079  0.525234  -0.624895  0.577612  -0.008916  -0.011266  0.068536  -0.578651  -0.315455  -0.442591  1.000000  
227.892746 0.016270  0.013401  -0.043216  0.394591  0.780138  0.485472  -0.754733  -0.026175  0.655509  0.524095  -0.625060  0.578468  -0.008603  -0.011354  0.068869  -0.582317  -0.340303  -0.468813  1.000000  
227.893747 0.016258  0.013386  -0.043152  0.394884  0.780025  0.485416  -0.755292  -0.025190  0.654904  0.523069  -0.625242  0.579199  -0.008398  -0.011220  0.068554  -0.578256  -0.371632  -0.494113  1.000000  
227.894747 0.016247  0.013373  -0.043095  0.395298  0.779896  0.485285  -0.755706  -0.024198  0.654463  0.522156  -0.625441  0.579807  -0.008241  -0.011006  0.067731  -0.574166  -0.392860  -0.517029  1.000000  
227.895749 0.016238  0.013361  -0.043038  0.395713  0.779767  0.485154  -0.756120  -0.023206  0.654022  0.521243  -0.625639  0.580414  -0.008187  -0.010654  0.066735  -0.567142  -0.424999  -0.543816  1.000000  
227.896999 0.016231  0.013348  -0.042964  0.396068  0.779575  0.485172  -0.756799  -0.022073  0.653275  0.519986  -0.625919  0.581239  -0.007985  -0.010470  0.065938  -0.551062  -0.457412  -0.560847  1.000000  
227.898247 0.016226  0.013336  -0.042884  0.396514  0.779466  0.484984  -0.757271  -0.020928  0.652765  0.518958  -0.626095  0.581969  -0.007700  -0.010475  0.065992  -0.547045  -0.478832  -0.583706  1.000000  
227.899260 0.016222  0.013327  -0.042816  0.396960  0.779355  0.484797  -0.757743  -0.019783  0.652254  0.517928  -0.626270  0.582698  -0.007296  -0.010713  0.066983  -0.543183  -0.501181  -0.607931  1.000000  
227.900500 0.016215  0.013315  -0.042727  0.397501  0.779069  0.484814  -0.758396  -0.018494  0.651531  0.516554  -0.626666  0.583492  -0.007111  -0.011029  0.068319  -0.535148  -0.528964  -0.637719  1.000000  
227.901504 0.016208  0.013306  -0.042654  0.397946  0.778957  0.484629  -0.758865  -0.017349  0.651017  0.515522  -0.626837  0.584219  -0.006933  -0.011358  0.069651  -0.538334  -0.538631  -0.655886  1.000000  
227.902504 0.016201  0.013297  -0.042581  0.398547  0.778790  0.484404  -0.759250  -0.016123  0.650599  0.514490  -0.627078  0.584870  -0.006976  -0.011471  0.070278  -0.534092  -0.557285  -0.684801  1.000000  
227.903507 0.016192  0.013286  -0.042508  0.399023  0.778579  0.484351  -0.759777  -0.014983  0.650011  0.513342  -0.627368  0.585568  -0.007160  -0.011481  0.069762  -0.529531  -0.577619  -0.715016  1.000000  
227.904748 0.016179  0.013273  -0.042420  0.399594  0.778309  0.484314  -0.760484  -0.013541  0.649216  0.511849  -0.627735  0.586481  -0.007508  -0.011375  0.068940  -0.524734  -0.599213  -0.745713  1.000000  
227.905748 0.016169  0.013263  -0.042356  0.400257  0.778119  0.484071  -0.760985  -0.012088  0.648657  0.510584  -0.628000  0.587299  -0.007872  -0.011106  0.067210  -0.531857  -0.615132  -0.779616  1.000000  
227.906996 0.016153  0.013251  -0.042282  0.400983  0.777909  0.483808  -0.761605  -0.010408  0.647958  0.509087  -0.628291  0.588286  -0.008275  -0.010738  0.065771  -0.542552  -0.629921  -0.820733  1.000000  
227.907997 0.016140  0.013244  -0.042226  0.401646  0.777716  0.483568  -0.762102  -0.008955  0.647395  0.507820  -0.628552  0.589102  -0.008416  -0.010154  0.064907  -0.549598  -0.642838  -0.851324  1.000000  
227.908998 0.016127  0.013237  -0.042168  0.402276  0.777503  0.483386  -0.762537  -0.007655  0.646900  0.506667  -0.628832  0.589795  -0.008550  -0.009608  0.064773  -0.552105  -0.648437  -0.882595  1.000000  
227.910248 0.016112  0.013231  -0.042085  0.403033  0.777249  0.483165  -0.763209  -0.005901  0.646125  0.505051  -0.629165  0.590825  -0.008734  -0.009006  0.065605  -0.551137  -0.667851  -0.919852  1.000000  
227.911249 0.016103  0.013226  -0.042010  0.403694  0.776995  0.483022  -0.763699  -0.004527  0.645556  0.503780  -0.629491  0.591563  -0.008852  -0.008655  0.066729  -0.554004  -0.675993  -0.955596  1.000000  
227.912498 0.016094  0.013219  -0.041910  0.404606  0.776738  0.482671  -0.764282  -0.002613  0.644876  0.502161  -0.629818  0.592590  -0.009022  -0.008259  0.068296  -0.560129  -0.685587  -0.989214  1.000000  
227.913748 0.016087  0.013213  -0.041810  0.405550  0.776381  0.482454  -0.764921  -0.000704  0.644123  0.500425  -0.630263  0.593585  -0.009164  -0.007929  0.069365  -0.562173  -0.694119  -1.023371  1.000000  
227.914749 0.016079  0.013208  -0.041735  0.406241  0.776141  0.482259  -0.765463  0.000822  0.643479  0.499034  -0.630559  0.594441  -0.009363  -0.007591  0.069747  -0.564990  -0.704211  -1.050725  1.000000  
227.916014 0.016066  0.013204  -0.041651  0.407056  0.775741  0.482215  -0.766237  0.002647  0.642552  0.497178  -0.631046  0.595479  -0.009749  -0.007004  0.069152  -0.563900  -0.716867  -1.083110  1.000000  
227.917249 0.016052  0.013201  -0.041576  0.407870  0.775398  0.482079  -0.767008  0.004549  0.641622  0.495319  -0.631457  0.596591  -0.010072  -0.006485  0.068264  -0.564149  -0.736040  -1.112090  1.000000  
227.918251 0.016040  0.013199  -0.041518  0.408590  0.775172  0.481833  -0.767599  0.006227  0.640900  0.493807  -0.631720  0.597565  -0.010315  -0.006031  0.067200  -0.574042  -0.741928  -1.134506  1.000000  
227.919253 0.016027  0.013195  -0.041460  0.409182  0.774848  0.481851  -0.768330  0.007742  0.640007  0.492178  -0.632100  0.598507  -0.010512  -0.005554  0.066572  -0.569624  -0.760826  -1.153955  1.000000  
227.920254 0.016016  0.013191  -0.041399  0.409993  0.774441  0.481815  -0.769089  0.009566  0.639070  0.490313  -0.632573  0.599537  -0.010543  -0.005053  0.065891  -0.580319  -0.776973  -1.188112  1.000000  
227.921499 0.016003  0.013187  -0.041317  0.410865  0.774070  0.481669  -0.769960  0.011694  0.637985  0.488213  -0.632991  0.600808  -0.010424  -0.004574  0.066220  -0.586761  -0.797389  -1.214796  1.000000  
227.922748 0.015989  0.013183  -0.041232  0.411796  0.773618  0.481601  -0.770941  0.013971  0.636754  0.485875  -0.633499  0.602166  -0.010289  -0.004082  0.067247  -0.594585  -0.824925  -1.254833  1.000000  
227.923748 0.015978  0.013182  -0.041159  0.412444  0.773267  0.481609  -0.771771  0.015713  0.635706  0.484003  -0.633885  0.603266  -0.010068  -0.003734  0.068376  -0.605781  -0.842529  -1.281631  1.000000  
227.924998 0.015966  0.013184  -0.041065  0.413401  0.772771  0.481586  -0.772798  0.018065  0.634395  0.481543  -0.634428  0.604663  -0.009907  -0.003205  0.069159  -0.612825  -0.872740  -1.321525  1.000000  
227.926248 0.015955  0.013186  -0.040971  0.414387  0.772290  0.481510  -0.773873  0.020568  0.633006  0.478961  -0.634937  0.606178  -0.009830  -0.002675  0.069231  -0.626761  -0.901443  -1.356505  1.000000  
227.927249 0.015948  0.013188  -0.040900  0.415060  0.771954  0.481469  -0.774746  0.022461  0.631873  0.476963  -0.635281  0.607391  -0.009946  -0.002102  0.068445  -0.641887  -0.925246  -1.389571  1.000000  
227.928498 0.015938  0.013193  -0.040818  0.416100  0.771389  0.481477  -0.775921  0.025113  0.630330  0.474138  -0.635868  0.608987  -0.010072  -0.001369  0.067251  -0.658179  -0.966422  -1.444201  1.000000  
227.929748 0.015927  0.013200  -0.040743  0.417197  0.770740  0.481566  -0.777198  0.027915  0.628636  0.471072  -0.636537  0.610664  -0.010101  -0.000589  0.066191  -0.671628  -1.006770  -1.491168  1.000000  
227.930999 0.015913  0.013206  -0.040669  0.418100  0.770194  0.481657  -0.778496  0.030560  0.626905  0.468119  -0.637077  0.612370  -0.010232  0.000087  0.065554  -0.683767  -1.054917  -1.532098  1.000000  
227.932252 0.015897  0.013211  -0.040593  0.419219  0.769500  0.481794  -0.779809  0.033437  0.625124  0.464924  -0.637771  0.614080  -0.010253  0.000652  0.065696  -0.698384  -1.097125  -1.584106  1.000000  
227.933502 0.015884  0.013214  -0.040508  0.420172  0.768869  0.481971  -0.781196  0.036231  0.623233  0.461722  -0.638379  0.615861  -0.010139  0.001167  0.066463  -0.710516  -1.148502  -1.628207  1.000000  
227.934503 0.015874  0.013216  -0.040434  0.420946  0.768362  0.482104  -0.782249  0.038422  0.621780  0.459228  -0.638861  0.617224  -0.010046  0.001415  0.067348  -0.723718  -1.183247  -1.666939  1.000000  
227.935509 0.015865  0.013216  -0.040359  0.421775  0.767831  0.482225  -0.783403  0.040840  0.620171  0.456492  -0.639350  0.618746  -0.009903  0.001824  0.068308  -0.731794  -1.225451  -1.701015  1.000000  
227.936753 0.015854  0.013219  -0.040266  0.422992  0.767023  0.482445  -0.784889  0.044093  0.618065  0.452798  -0.640103  0.620679  -0.009735  0.002287  0.068959  -0.743266  -1.282452  -1.759194  1.000000  
227.938013 0.015841  0.013223  -0.040182  0.424042  0.766163  0.482890  -0.786449  0.047113  0.615856  0.449096  -0.640917  0.622526  -0.009666  0.002715  0.068682  -0.747027  -1.343267  -1.812398  1.000000  
227.939247 0.015827  0.013229  -0.040108  0.425303  0.765267  0.483201  -0.788011  0.050517  0.613585  0.445146  -0.641728  0.624524  -0.009750  0.003134  0.067467  -0.762872  -1.407147  -1.877797  1.000000  
227.940498 0.015814  0.013237  -0.040040  0.426395  0.764379  0.483645  -0.789646  0.053763  0.611203  0.441188  -0.642522  0.626513  -0.009867  0.003518  0.065648  -0.768148  -1.477134  -1.931567  1.000000  
227.941748 0.015803  0.013244  -0.039973  0.427452  0.763529  0.484055  -0.791212  0.056934  0.608885  0.437342  -0.643259  0.628450  -0.009911  0.003844  0.064127  -0.776531  -1.541970  -1.979374  1.000000  
227.942748 0.015795  0.013250  -0.039918  0.428363  0.762823  0.484363  -0.792509  0.059653  0.606936  0.434090  -0.643850  0.630097  -0.009975  0.004045  0.063182  -0.788923  -1.594068  -2.023166  1.000000  
227.943750 0.015787  0.013255  -0.039859  0.429433  0.762102  0.484550  -0.793707  0.062528  0.605078  0.430833  -0.644431  0.631737  -0.009970  0.004034  0.062924  -0.800403  -1.638666  -2.067596  1.000000  
227.944996 0.015776  0.013262  -0.039781  0.430525  0.761163  0.485056  -0.795334  0.065851  0.602584  0.426723  -0.645209  0.633729  -0.009866  0.004047  0.063122  -0.809613  -1.708292  -2.120190  1.000000  
227.945997 0.015765  0.013265  -0.039716  0.431584  0.760437  0.485254  -0.796507  0.068726  0.600711  0.423453  -0.645765  0.635354  -0.009840  0.003927  0.063520  -0.822031  -1.747349  -2.164880  1.000000  
227.946999 0.015754  0.013267  -0.039650  0.432501  0.759681  0.485621  -0.797807  0.071519  0.598656  0.420057  -0.646351  0.637011  -0.009717  0.003835  0.063942  -0.830056  -1.801902  -2.210340  1.000000  
227.948061 0.015743  0.013269  -0.039583  0.433603  0.758926  0.485818  -0.799055  0.074617  0.596610  0.416532  -0.646887  0.638778  -0.009694  0.003725  0.063572  -0.842493  -1.851924  -2.261260  1.000000  
227.949259 0.015730  0.013272  -0.039503  0.434772  0.757930  0.486328  -0.800817  0.078388  0.593757  0.411905  -0.647609  0.641044  -0.009779  0.003818  0.063094  -0.860480  -1.924335  -2.324714  1.000000  
227.950503 0.015717  0.013276  -0.039427  0.436071  0.756956  0.486683  -0.802420  0.082237  0.591067  0.407388  -0.648270  0.643257  -0.009900  0.003944  0.062170  -0.875834  -1.982551  -2.381158  1.000000  
227.951508 0.015707  0.013280  -0.039371  0.437127  0.756233  0.486858  -0.803575  0.085255  0.589066  0.403964  -0.648724  0.644958  -0.009950  0.004128  0.060692  -0.894262  -2.019745  -2.425494  1.000000  
227.952754 0.015692  0.013287  -0.039306  0.438383  0.755294  0.487187  -0.805095  0.089025  0.586428  0.399553  -0.649312  0.647110  -0.010078  0.004312  0.059415  -0.909796  -2.075453  -2.479046  1.000000  
227.954004 0.015677  0.013294  -0.039245  0.439847  0.754248  0.487487  -0.806597  0.093101  0.583724  0.394887  -0.649955  0.649325  -0.010138  0.004403  0.058481  -0.924058  -2.123451  -2.533087  1.000000  
227.955252 0.015663  0.013301  -0.039181  0.441302  0.753257  0.487706  -0.808077  0.097246  0.580995  0.390211  -0.650498  0.651604  -0.010231  0.004367  0.058190  -0.949494  -2.173463  -2.597909  1.000000  
227.956499 0.015650  0.013307  -0.039109  0.442772  0.752158  0.488068  -0.809579  0.101394  0.578187  0.385401  -0.651135  0.653826  -0.010357  0.004266  0.058580  -0.963769  -2.225177  -2.655458  1.000000  
227.957749 0.015638  0.013311  -0.039031  0.443992  0.751261  0.488342  -0.811016  0.105225  0.575483  0.380952  -0.651563  0.656004  -0.010556  0.004016  0.059095  -0.978965  -2.268640  -2.695076  1.000000  
227.958749 0.015628  0.013314  -0.038968  0.445081  0.750392  0.488686  -0.812212  0.108463  0.573191  0.377114  -0.652033  0.657752  -0.010601  0.003899  0.059388  -0.989113  -2.300820  -2.733107  1.000000  
227.959751 0.015617  0.013316  -0.038908  0.446164  0.749580  0.488945  -0.813393  0.111768  0.570876  0.373269  -0.652409  0.659570  -0.010780  0.003668  0.059196  -1.000294  -2.334405  -2.763205  1.000000  
227.960999 0.015602  0.013319  -0.038840  0.447574  0.748566  0.489210  -0.814770  0.115900  0.568082  0.368547  -0.652853  0.661783  -0.010906  0.003645  0.058298  -1.016901  -2.365166  -2.804297  1.000000  
227.961999 0.015588  0.013321  -0.038791  0.448642  0.747747  0.489484  -0.815918  0.119200  0.565746  0.364689  -0.653197  0.663579  -0.011082  0.003571  0.057256  -1.032580  -2.400343  -2.839027  1.000000  
227.962999 0.015574  0.013323  -0.038746  0.449657  0.747010  0.489678  -0.816967  0.122345  0.563557  0.361073  -0.653458  0.665296  -0.011327  0.003617  0.056060  -1.042414  -2.419606  -2.860159  1.000000  
227.964001 0.015561  0.013326  -0.038701  0.450544  0.746271  0.489989  -0.818179  0.125556  0.561087  0.357202  -0.653693  0.667152  -0.011472  0.003661  0.054441  -1.057137  -2.449464  -2.885619  1.000000  
227.965248 0.015545  0.013330  -0.038643  0.451943  0.745259  0.490241  -0.819522  0.129819  0.558150  0.352323  -0.654015  0.669427  -0.011649  0.003699  0.053173  -1.077623  -2.481611  -2.930103  1.000000  
227.966262 0.015533  0.013334  -0.038594  0.452814  0.744516  0.490566  -0.820701  0.133024  0.555657  0.348438  -0.654217  0.671260  -0.011750  0.003649  0.052648  -1.090186  -2.508468  -2.946376  1.000000  
227.967508 0.015518  0.013340  -0.038529  0.453980  0.743669  0.490773  -0.822015  0.137040  0.552731  0.343794  -0.654352  0.673520  -0.011779  0.003565  0.052678  -1.111946  -2.529636  -2.970443  1.000000  
227.968753 0.015504  0.013346  -0.038461  0.455114  0.742861  0.490946  -0.823267  0.140974  0.549870  0.339267  -0.654434  0.675733  -0.011759  0.003501  0.053139  -1.133751  -2.538420  -2.982146  1.000000  
227.969754 0.015491  0.013351  -0.038406  0.455983  0.742131  0.491244  -0.824437  0.144311  0.547245  0.335236  -0.654534  0.677644  -0.011816  0.003450  0.053456  -1.152779  -2.556914  -2.995615  1.000000  
227.971004 0.015476  0.013358  -0.038337  0.457163  0.741132  0.491655  -0.825769  0.148400  0.544136  0.330315  -0.654752  0.679847  -0.011975  0.003533  0.053372  -1.167532  -2.582431  -3.015151  1.000000  
227.972009 0.015463  0.013363  -0.038284  0.458014  0.740400  0.491967  -0.826904  0.151729  0.541487  0.326271  -0.654818  0.681734  -0.012169  0.003636  0.052791  -1.186474  -2.603990  -3.031445  1.000000  
227.973249 0.015448  0.013369  -0.038220  0.458983  0.739590  0.492282  -0.828250  0.155711  0.538290  0.321461  -0.654798  0.684034  -0.012389  0.003777  0.051994  -1.205936  -2.622001  -3.042574  1.000000  
227.974500 0.015430  0.013376  -0.038163  0.459810  0.738788  0.492714  -0.829743  0.159752  0.534795  0.316388  -0.654730  0.686459  -0.012732  0.003985  0.050607  -1.227343  -2.653312  -3.048334  1.000000  
227.975506 0.015414  0.013381  -0.038122  0.460613  0.738096  0.493001  -0.830789  0.162991  0.532188  0.312451  -0.654713  0.688277  -0.012912  0.004255  0.049495  -1.242234  -2.668727  -3.057934  1.000000  
227.976749 0.015394  0.013388  -0.038073  0.461437  0.737311  0.493404  -0.832275  0.167161  0.528559  0.307235  -0.654545  0.690780  -0.013116  0.004573  0.048651  -1.264398  -2.701860  -3.064739  1.000000  
227.977999 0.015375  0.013396  -0.038021  0.462380  0.736518  0.493706  -0.833571  0.171258  0.525195  0.302265  -0.654379  0.693127  -0.013257  0.004872  0.048356  -1.280977  -2.725314  -3.068889  1.000000  
227.978999 0.015361  0.013402  -0.037974  0.463023  0.735896  0.494032  -0.834730  0.174610  0.522243  0.298053  -0.654193  0.695123  -0.013323  0.005038  0.048439  -1.297888  -2.735795  -3.065511  1.000000  
227.979999 0.015348  0.013407  -0.037924  0.463867  0.735213  0.494257  -0.835846  0.178324  0.519194  0.293580  -0.653959  0.697243  -0.013351  0.005215  0.048800  -1.315835  -2.762428  -3.072773  1.000000  
227.981249 0.015334  0.013416  -0.037859  0.464623  0.734534  0.494556  -0.837208  0.182450  0.515553  0.288460  -0.653584  0.699728  -0.013320  0.005471  0.049068  -1.337554  -2.788117  -3.070965  1.000000  
227.982534 0.015320  0.013424  -0.037795  0.465501  0.733964  0.494576  -0.838383  0.186628  0.512136  0.283588  -0.653045  0.702219  -0.013296  0.005615  0.048730  -1.367891  -2.802008  -3.068279  1.000000  
227.983758 0.015304  0.013433  -0.037739  0.466177  0.733415  0.494754  -0.839601  0.190506  0.508703  0.278837  -0.652541  0.704585  -0.013325  0.005829  0.047985  -1.389288  -2.819513  -3.049539  1.000000  
227.985002 0.015288  0.013444  -0.037688  0.466930  0.732656  0.495168  -0.840957  0.194756  0.504838  0.273436  -0.652139  0.707070  -0.013334  0.006134  0.046797  -1.404525  -2.848653  -3.048351  1.000000  
227.986003 0.015274  0.013452  -0.037650  0.467667  0.732162  0.495204  -0.841877  0.198262  0.501932  0.269315  -0.651638  0.709111  -0.013436  0.006307  0.045826  -1.430819  -2.862770  -3.038118  1.000000  
227.987004 0.015261  0.013460  -0.037611  0.468397  0.731607  0.495334  -0.842781  0.201701  0.499037  0.265189  -0.651205  0.711060  -0.013523  0.006466  0.044869  -1.447973  -2.877719  -3.035711  1.000000  
227.988248 0.015243  0.013469  -0.037561  0.469236  0.730996  0.495441  -0.843882  0.205906  0.495445  0.260154  -0.650575  0.713493  -0.013655  0.006667  0.043899  -1.473423  -2.895706  -3.032853  1.000000  
227.989249 0.015229  0.013475  -0.037518  0.469773  0.730485  0.495687  -0.844848  0.209178  0.492419  0.256018  -0.650105  0.715415  -0.013637  0.006761  0.043751  -1.490813  -2.915743  -3.018765  1.000000  
227.990498 0.015208  0.013482  -0.037461  0.470781  0.729849  0.495667  -0.845840  0.213648  0.488784  0.250841  -0.649365  0.717917  -0.013755  0.006755  0.044083  -1.522105  -2.926943  -3.019237  1.000000  
227.991504 0.015192  0.013489  -0.037413  0.471489  0.729313  0.495783  -0.846702  0.217189  0.485721  0.246564  -0.648792  0.719913  -0.013729  0.006810  0.044706  -1.543268  -2.941571  -3.015860  1.000000  
227.992748 0.015169  0.013496  -0.037352  0.472299  0.728782  0.495793  -0.847746  0.221544  0.481919  0.241374  -0.647916  0.722457  -0.013932  0.006781  0.045345  -1.575164  -2.966607  -3.010855  1.000000  
227.993748 0.015152  0.013502  -0.037302  0.472941  0.728433  0.495693  -0.848488  0.224897  0.479051  0.237476  -0.647153  0.724430  -0.014184  0.006789  0.045600  -1.599039  -2.968139  -3.003476  1.000000  
227.994750 0.015135  0.013509  -0.037253  0.473797  0.727851  0.495732  -0.849200  0.228560  0.476045  0.233185  -0.646524  0.726382  -0.014474  0.006871  0.045433  -1.619201  -2.980002  -3.005486  1.000000  
227.996001 0.015114  0.013518  -0.037197  0.474573  0.727261  0.495855  -0.850180  0.232822  0.472215  0.227977  -0.645667  0.728794  -0.014922  0.006921  0.044863  -1.638699  -2.993206  -2.997675  1.000000  
227.997252 0.015092  0.013528  -0.037145  0.475511  0.726683  0.495803  -0.851038  0.237277  0.468438  0.222763  -0.644695  0.731263  -0.015479  0.007045  0.044198  -1.670171  -3.008673  -3.001134  1.000000  
227.998499 0.015068  0.013538  -0.037096  0.476233  0.726239  0.495762  -0.851918  0.241418  0.464709  0.217804  -0.643658  0.733666  -0.015980  0.007116  0.043613  -1.697871  -3.018218  -2.998722  1.000000  
227.999505 0.015047  0.013545  -0.037056  0.476859  0.725807  0.495792  -0.852626  0.244870  0.461593  0.213623  -0.642840  0.735610  -0.016566  0.006954  0.043517  -1.717282  -3.029593  -2.991682  1.000000  
228.000752 0.015021  0.013553  -0.037002  0.477776  0.725307  0.495641  -0.853439  0.249470  0.457610  0.208261  -0.641634  0.738196  -0.017081  0.006850  0.043798  -1.752589  -3.038567  -2.996230  1.000000  
228.002003 0.014994  0.013558  -0.036942  0.478489  0.724842  0.495634  -0.854301  0.253773  0.453618  0.203023  -0.640472  0.740660  -0.017759  0.006546  0.044567  -1.782489  -3.049511  -2.985699  1.000000  
228.003004 0.014972  0.013562  -0.036890  0.479086  0.724532  0.495510  -0.854953  0.257299  0.450392  0.198829  -0.639414  0.742709  -0.018364  0.006276  0.045491  -1.812388  -3.059718  -2.985701  1.000000  
228.004334 0.014942  0.013565  -0.036823  0.479586  0.724165  0.495563  -0.855846  0.261349  0.446345  0.193712  -0.638186  0.745113  -0.019059  0.005924  0.046079  -1.831145  -3.054648  -2.968288  1.000000  
228.005501 0.014910  0.013568  -0.036757  0.480275  0.723663  0.495629  -0.856661  0.265681  0.442204  0.188328  -0.636966  0.747534  -0.019987  0.005704  0.046950  -1.860900  -3.076994  -2.976447  1.000000  
228.006749 0.014874  0.013571  -0.036693  0.480949  0.723223  0.495617  -0.857451  0.270049  0.438009  0.182937  -0.635627  0.750008  -0.020914  0.005419  0.047143  -1.885738  -3.078878  -2.974099  1.000000  
228.007750 0.014845  0.013574  -0.036645  0.481505  0.722858  0.495610  -0.858027  0.273469  0.434746  0.178726  -0.634579  0.751909  -0.021683  0.005164  0.047035  -1.908852  -3.086716  -2.972007  1.000000  
228.008999 0.014807  0.013577  -0.036587  0.481966  0.722461  0.495741  -0.858849  0.277530  0.430530  0.173458  -0.633267  0.754244  -0.022810  0.004881  0.046831  -1.924562  -3.090501  -2.962034  1.000000  
228.010248 0.014769  0.013582  -0.036527  0.482435  0.721984  0.495979  -0.859685  0.281721  0.426116  0.167921  -0.631959  0.756591  -0.023975  0.004585  0.046930  -1.938236  -3.098290  -2.947133  1.000000  
228.011250 0.014738  0.013584  -0.036476  0.482971  0.721644  0.495953  -0.860224  0.285227  0.422682  0.163566  -0.630774  0.758532  -0.024879  0.004246  0.047442  -1.955193  -3.098958  -2.946219  1.000000  
228.012498 0.014698  0.013588  -0.036407  0.483423  0.721313  0.495993  -0.861030  0.289611  0.418033  0.157888  -0.629152  0.761078  -0.025954  0.003911  0.048630  -1.979433  -3.135126  -2.954641  1.000000  
228.013749 0.014657  0.013591  -0.036334  0.483840  0.721010  0.496028  -0.861773  0.293777  0.413573  0.152469  -0.627567  0.763488  -0.027115  0.003373  0.050314  -2.000984  -3.152679  -2.956147  1.000000  
228.014752 0.014623  0.013592  -0.036271  0.484184  0.720716  0.496119  -0.862386  0.297286  0.409771  0.147839  -0.626251  0.765476  -0.028009  0.003011  0.051675  -2.020094  -3.164652  -2.955269  1.000000  
228.016002 0.014578  0.013592  -0.036192  0.484770  0.720336  0.496098  -0.863013  0.301758  0.405155  0.142146  -0.624546  0.767943  -0.029287  0.002548  0.053373  -2.043298  -3.178585  -2.952979  1.000000  
228.017255 0.014533  0.013592  -0.036112  0.485163  0.720023  0.496169  -0.863712  0.306059  0.400412  0.136449  -0.622812  0.770381  -0.030545  0.002148  0.054502  -2.069995  -3.200069  -2.948834  1.000000  
228.018506 0.014487  0.013591  -0.036033  0.485531  0.719816  0.496109  -0.864367  0.310313  0.395697  0.130880  -0.620943  0.772852  -0.031723  0.001825  0.055347  -2.095471  -3.222578  -2.944294  1.000000  
228.019757 0.014439  0.013588  -0.035959  0.485908  0.719493  0.496209  -0.865038  0.314760  0.390685  0.124908  -0.619077  0.775333  -0.032772  0.001459  0.055759  -2.118367  -3.251272  -2.944834  1.000000  
228.020757 0.014399  0.013586  -0.035901  0.486375  0.719233  0.496129  -0.865453  0.318494  0.386721  0.120128  -0.617467  0.777370  -0.033683  0.001123  0.056222  -2.142038  -3.271190  -2.949308  1.000000  
228.022000 0.014349  0.013584  -0.035827  0.486721  0.718919  0.496245  -0.866068  0.322895  0.381662  0.114149  -0.615544  0.779792  -0.034612  0.000795  0.057043  -2.164977  -3.297976  -2.947843  1.000000  
228.023249 0.014298  0.013581  -0.035748  0.487220  0.718644  0.496153  -0.866538  0.327393  0.376730  0.108298  -0.613486  0.782245  -0.035563  0.000345  0.058412  -2.185524  -3.326871  -2.947300  1.000000  
228.024499 0.014247  0.013577  -0.035663  0.487709  0.718273  0.496209  -0.866990  0.331890  0.371721  0.102310  -0.611501  0.784601  -0.036423  -0.000222  0.060209  -2.210183  -3.357479  -2.948588  1.000000  
228.025750 0.014196  0.013571  -0.035573  0.488200  0.717786  0.496431  -0.867445  0.336574  0.366412  0.095920  -0.609508  0.786955  -0.037253  -0.000871  0.062075  -2.233830  -3.392915  -2.962622  1.000000  
228.026750 0.014154  0.013564  -0.035499  0.488593  0.717583  0.496338  -0.867726  0.340134  0.362437  0.091257  -0.607769  0.788853  -0.037964  -0.001524  0.063483  -2.252567  -3.414297  -2.958407  1.000000  
228.027999 0.014100  0.013556  -0.035406  0.489217  0.717235  0.496227  -0.867998  0.344861  0.357283  0.085127  -0.605512  0.791270  -0.038896  -0.002255  0.064926  -2.278797  -3.441183  -2.972966  1.000000  
228.029249 0.014044  0.013547  -0.035314  0.489823  0.716890  0.496128  -0.868236  0.349558  0.352102  0.078993  -0.603223  0.793651  -0.039708  -0.002935  0.065916  -2.308219  -3.470784  -2.989350  1.000000  
228.030268 0.013997  0.013539  -0.035243  0.490197  0.716537  0.496268  -0.868482  0.353334  0.347697  0.073790  -0.601440  0.795503  -0.040534  -0.003640  0.066389  -2.324044  -3.498862  -2.998689  1.000000  
228.031507 0.013939  0.013528  -0.035155  0.490765  0.716238  0.496138  -0.868652  0.357906  0.342560  0.067784  -0.599088  0.797809  -0.041411  -0.004323  0.067021  -2.349985  -3.520005  -3.007226  1.000000  
228.032511 0.013892  0.013518  -0.035083  0.491281  0.715897  0.496120  -0.868731  0.361646  0.338406  0.062844  -0.597247  0.799592  -0.042213  -0.004987  0.067516  -2.362032  -3.539646  -3.017836  1.000000  
228.033513 0.013844  0.013507  -0.035011  0.491961  0.715461  0.496075  -0.868681  0.365404  0.334475  0.058036  -0.595479  0.801272  -0.043027  -0.005713  0.068520  -2.375740  -3.555939  -3.035221  1.000000  
228.034755 0.013782  0.013492  -0.034915  0.492493  0.715053  0.496136  -0.868784  0.370106  0.328991  0.051623  -0.593061  0.803501  -0.043785  -0.006460  0.069612  -2.395984  -3.585272  -3.049714  1.000000  
