1-Time 2-Px 3-Py 4-Pz 5-R11 6-R21 7-R31 8-R12 9-R22 10-R32 11-R13 12-R23 13-R33 14-Vx 15-Vy 16-Vz 17-Wx 18-Wy 19-Wz 20-state
102.916581 0.000202  -0.007276  -0.001745  0.313081  0.802745  0.507525  -0.897696  0.424580  -0.117783  -0.310035  -0.418727  0.853549  -0.001224  -0.002212  0.001309  0.000000  0.000000  0.000000  1.000000  
102.917646 0.000201  -0.007278  -0.001744  0.313081  0.802683  0.507622  -0.897696  0.424594  -0.117732  -0.310035  -0.418831  0.853498  -0.001615  -0.001980  0.000539  0.000000  0.000000  0.000000  1.000000  
102.918876 0.000200  -0.007277  -0.001742  0.313081  0.802560  0.507817  -0.897696  0.424623  -0.117629  -0.310035  -0.419038  0.853397  -0.000976  -0.000413  0.001349  0.000000  0.000000  0.000000  1.000000  
102.919882 0.000200  -0.007275  -0.001740  0.313266  0.802411  0.507938  -0.897632  0.424802  -0.117473  -0.310035  -0.419141  0.853346  -0.000701  0.000422  0.001399  0.000000  0.000000  0.000000  1.000000  
102.921130 0.000199  -0.007274  -0.001737  0.313266  0.802349  0.508035  -0.897632  0.424817  -0.117421  -0.310035  -0.419245  0.853295  -0.000714  0.000523  0.001706  0.000000  0.000000  0.000000  1.000000  
102.922376 0.000198  -0.007274  -0.001735  0.313266  0.802288  0.508133  -0.897632  0.424831  -0.117370  -0.310035  -0.419348  0.853244  -0.000859  0.000380  0.001741  0.000000  0.000000  0.000000  1.000000  
102.923376 0.000197  -0.007273  -0.001734  0.313266  0.802226  0.508230  -0.897632  0.424845  -0.117318  -0.310035  -0.419452  0.853193  -0.000757  0.000502  0.001648  0.000000  0.000000  0.000000  1.000000  
102.924626 0.000196  -0.007271  -0.001732  0.313266  0.802165  0.508327  -0.897632  0.424859  -0.117267  -0.310035  -0.419555  0.853142  -0.000777  0.000702  0.001629  0.000000  0.000000  0.000000  1.000000  
102.925876 0.000195  -0.007269  -0.001730  0.313266  0.802103  0.508425  -0.897632  0.424874  -0.117215  -0.310035  -0.419659  0.853091  -0.000871  0.000829  0.001574  0.000000  0.000000  0.000000  1.000000  
102.927127 0.000192  -0.007267  -0.001729  0.313266  0.802041  0.508522  -0.897632  0.424888  -0.117164  -0.310035  -0.419762  0.853040  -0.000969  0.000857  0.001571  0.000000  0.000000  0.000000  1.000000  
102.928150 0.000191  -0.007266  -0.001727  0.313266  0.801980  0.508619  -0.897632  0.424902  -0.117112  -0.310035  -0.419866  0.852990  -0.000982  0.000890  0.001565  0.000000  0.000000  0.000000  1.000000  
102.929153 0.000190  -0.007264  -0.001726  0.313266  0.801918  0.508717  -0.897632  0.424916  -0.117061  -0.310035  -0.419969  0.852939  -0.000973  0.000975  0.001530  0.000000  0.000000  0.000000  1.000000  
102.930382 0.000189  -0.007261  -0.001724  0.313266  0.801856  0.508814  -0.897632  0.424930  -0.117009  -0.310035  -0.420073  0.852888  -0.000963  0.001117  0.001560  0.000000  0.000000  0.000000  1.000000  
102.931631 0.000189  -0.007257  -0.001721  0.313279  0.801813  0.508873  -0.897671  0.424891  -0.116850  -0.309908  -0.420194  0.852874  -0.000887  0.001292  0.001580  0.000000  0.000000  0.000000  1.000000  
102.932876 0.000191  -0.007251  -0.001719  0.313279  0.801751  0.508971  -0.897671  0.424906  -0.116798  -0.309908  -0.420298  0.852823  -0.000673  0.001836  0.001597  0.000000  0.000000  0.000000  1.000000  
102.933877 0.000192  -0.007245  -0.001717  0.313279  0.801689  0.509068  -0.897671  0.424920  -0.116747  -0.309908  -0.420401  0.852772  -0.000574  0.002145  0.001619  0.000000  0.000000  0.000000  1.000000  
102.935127 0.000193  -0.007239  -0.001714  0.313279  0.801628  0.509165  -0.897671  0.424934  -0.116695  -0.309908  -0.420505  0.852721  -0.000434  0.002388  0.001665  0.000000  0.000000  0.000000  1.000000  
102.936159 0.000194  -0.007234  -0.001712  0.313464  0.801478  0.509286  -0.897607  0.425113  -0.116539  -0.309908  -0.420608  0.852670  -0.000388  0.002666  0.001684  0.000000  0.000000  0.000000  1.000000  
102.937376 0.000193  -0.007230  -0.001711  0.313464  0.801417  0.509384  -0.897607  0.425127  -0.116487  -0.309908  -0.420712  0.852619  -0.000310  0.002986  0.001631  0.000000  0.000000  0.000000  1.000000  
102.938376 0.000193  -0.007225  -0.001708  0.313464  0.801355  0.509481  -0.897607  0.425141  -0.116436  -0.309908  -0.420815  0.852568  -0.000283  0.003223  0.001680  0.000000  0.000000  0.000000  1.000000  
102.939626 0.000193  -0.007219  -0.001706  0.313478  0.801312  0.509540  -0.897646  0.425102  -0.116276  -0.309780  -0.420937  0.852554  -0.000204  0.003413  0.001725  0.000000  0.000000  0.000000  1.000000  
102.940626 0.000193  -0.007215  -0.001703  0.313478  0.801312  0.509540  -0.897646  0.425102  -0.116276  -0.309780  -0.420937  0.852554  -0.000105  0.003620  0.001853  0.000000  0.000000  0.000000  1.000000  
102.941876 0.000191  -0.007212  -0.001700  0.313662  0.801162  0.509662  -0.897581  0.425281  -0.116120  -0.309780  -0.421040  0.852503  -0.000115  0.003763  0.001956  0.000000  0.000000  0.000000  1.000000  
102.943129 0.000190  -0.007207  -0.001695  0.313662  0.801100  0.509759  -0.897581  0.425295  -0.116068  -0.309780  -0.421144  0.852452  -0.000089  0.003935  0.002126  0.000000  0.000000  0.000000  1.000000  
102.944136 0.000190  -0.007203  -0.001692  0.313861  0.801031  0.509745  -0.897556  0.425407  -0.115856  -0.309653  -0.421162  0.852489  -0.000051  0.004085  0.002250  0.000000  0.000000  0.000000  1.000000  
102.945142 0.000191  -0.007198  -0.001690  0.313861  0.800970  0.509842  -0.897556  0.425421  -0.115804  -0.309653  -0.421265  0.852438  0.000082  0.004263  0.002280  0.000000  0.000000  0.000000  1.000000  
102.946382 0.000191  -0.007192  -0.001687  0.313875  0.800988  0.509804  -0.897595  0.425368  -0.115696  -0.309526  -0.421284  0.852475  0.000136  0.004403  0.002356  0.000000  0.000000  0.000000  1.000000  
102.947382 0.000191  -0.007188  -0.001684  0.314059  0.800839  0.509925  -0.897530  0.425547  -0.115540  -0.309526  -0.421387  0.852424  0.000069  0.004344  0.002358  0.000000  0.000000  0.000000  1.000000  
102.948383 0.000191  -0.007184  -0.001681  0.314059  0.800839  0.509925  -0.897530  0.425547  -0.115540  -0.309526  -0.421387  0.852424  -0.000033  0.004255  0.002438  0.000000  0.000000  0.000000  1.000000  
102.949626 0.000192  -0.007178  -0.001679  0.314258  0.800708  0.510009  -0.897505  0.425673  -0.115276  -0.309399  -0.421509  0.852410  -0.000048  0.004202  0.002449  0.000000  0.000000  0.000000  1.000000  
102.950626 0.000192  -0.007175  -0.001676  0.314443  0.800620  0.510032  -0.897440  0.425837  -0.115171  -0.309399  -0.421509  0.852410  -0.000148  0.004115  0.002528  0.000000  0.000000  0.000000  1.000000  
102.951883 0.000190  -0.007172  -0.001674  0.314456  0.800577  0.510092  -0.897479  0.425798  -0.115011  -0.309271  -0.421631  0.852396  -0.000174  0.004009  0.002546  0.000000  0.000000  0.000000  1.000000  
102.953126 0.000189  -0.007169  -0.001672  0.314641  0.800489  0.510115  -0.897414  0.425963  -0.114906  -0.309271  -0.421631  0.852396  -0.000256  0.003841  0.002533  0.000000  0.000000  0.000000  1.000000  
102.954130 0.000188  -0.007166  -0.001669  0.314839  0.800420  0.510101  -0.897388  0.426074  -0.114694  -0.309144  -0.421649  0.852433  -0.000351  0.003673  0.002553  0.000000  0.000000  0.000000  1.000000  
102.955131 0.000187  -0.007165  -0.001667  0.315024  0.800271  0.510222  -0.897324  0.426253  -0.114537  -0.309144  -0.421752  0.852382  -0.000424  0.003488  0.002504  0.000000  0.000000  0.000000  1.000000  
102.956376 0.000184  -0.007162  -0.001663  0.315223  0.800202  0.510208  -0.897298  0.426365  -0.114324  -0.309017  -0.421771  0.852419  -0.000498  0.003390  0.002517  0.000000  0.000000  0.000000  1.000000  
102.957387 0.000183  -0.007161  -0.001661  0.315421  0.800133  0.510193  -0.897272  0.426476  -0.114112  -0.308890  -0.421789  0.852456  -0.000480  0.003286  0.002403  0.000000  0.000000  0.000000  1.000000  
102.958628 0.000183  -0.007157  -0.001658  0.315804  0.799976  0.510203  -0.897181  0.426752  -0.113794  -0.308762  -0.421807  0.852493  -0.000428  0.003183  0.002365  0.000000  0.000000  0.000000  1.000000  
102.959630 0.000184  -0.007154  -0.001657  0.316003  0.799907  0.510188  -0.897155  0.426864  -0.113581  -0.308635  -0.421826  0.852530  -0.000370  0.003054  0.002289  0.000000  0.000000  0.000000  1.000000  
102.960879 0.000184  -0.007150  -0.001655  0.316201  0.799899  0.510076  -0.897129  0.426961  -0.113420  -0.308508  -0.421741  0.852618  -0.000420  0.002980  0.002239  0.000000  0.000000  0.000000  1.000000  
102.961881 0.000184  -0.007147  -0.001653  0.316584  0.799742  0.510085  -0.897037  0.427238  -0.113103  -0.308381  -0.421759  0.852655  -0.000455  0.002891  0.002139  0.000000  0.000000  0.000000  1.000000  
102.963130 0.000184  -0.007144  -0.001650  0.316783  0.799673  0.510070  -0.897011  0.427349  -0.112890  -0.308253  -0.421777  0.852692  -0.000447  0.002748  0.002191  0.000000  0.000000  0.000000  1.000000  
102.964132 0.000184  -0.007142  -0.001647  0.317166  0.799516  0.510079  -0.896919  0.427625  -0.112573  -0.308126  -0.421795  0.852729  -0.000518  0.002566  0.002143  0.000000  0.000000  0.000000  1.000000  
102.965135 0.000185  -0.007139  -0.001645  0.317364  0.799508  0.509967  -0.896893  0.427723  -0.112412  -0.307999  -0.421710  0.852817  -0.000457  0.002498  0.002092  0.000000  0.000000  0.000000  1.000000  
102.966377 0.000183  -0.007138  -0.001643  0.317747  0.799351  0.509975  -0.896801  0.427999  -0.112094  -0.307872  -0.421728  0.852854  -0.000507  0.002320  0.002130  0.000000  0.000000  0.000000  1.000000  
102.967627 0.000182  -0.007136  -0.001642  0.318144  0.799274  0.509848  -0.896748  0.428208  -0.111721  -0.307617  -0.421662  0.852979  -0.000476  0.002287  0.002026  0.075114  0.141352  -0.104908  1.000000  
102.968876 0.000181  -0.007134  -0.001640  0.318541  0.799136  0.509818  -0.896694  0.428431  -0.111296  -0.307362  -0.421698  0.853053  -0.000486  0.002203  0.002019  0.075284  0.155138  -0.112657  1.000000  
102.969877 0.000180  -0.007132  -0.001639  0.318739  0.799128  0.509705  -0.896667  0.428528  -0.111136  -0.307235  -0.421613  0.853141  -0.000447  0.002192  0.001898  0.069874  0.159359  -0.119512  1.000000  
102.971126 0.000180  -0.007130  -0.001637  0.318937  0.799121  0.509593  -0.896640  0.428626  -0.110975  -0.307108  -0.421527  0.853229  -0.000295  0.002192  0.001787  0.065238  0.162028  -0.116557  1.000000  
102.972126 0.000180  -0.007128  -0.001637  0.319136  0.799051  0.509577  -0.896613  0.428738  -0.110763  -0.306980  -0.421546  0.853266  -0.000246  0.002211  0.001662  0.063829  0.170340  -0.121435  1.000000  
102.973129 0.000181  -0.007124  -0.001636  0.319519  0.798956  0.509488  -0.896521  0.429000  -0.110497  -0.306853  -0.421460  0.853354  -0.000132  0.002315  0.001554  0.059431  0.178705  -0.130159  1.000000  
102.974376 0.000182  -0.007120  -0.001635  0.319915  0.798879  0.509360  -0.896466  0.429210  -0.110125  -0.306598  -0.421393  0.853478  -0.000110  0.002390  0.001530  0.057472  0.185623  -0.134082  1.000000  
102.975376 0.000182  -0.007115  -0.001633  0.320114  0.798871  0.509247  -0.896439  0.429308  -0.109964  -0.306471  -0.421308  0.853566  -0.000139  0.002421  0.001477  0.051488  0.192527  -0.137973  1.000000  
102.976380 0.000182  -0.007111  -0.001632  0.320326  0.798882  0.509096  -0.896450  0.429353  -0.109696  -0.306216  -0.421241  0.853691  -0.000121  0.002468  0.001451  0.049506  0.199381  -0.141852  1.000000  
102.977631 0.000182  -0.007108  -0.001629  0.320722  0.798805  0.508967  -0.896395  0.429562  -0.109324  -0.305961  -0.421173  0.853815  -0.000174  0.002434  0.001425  0.043867  0.212036  -0.144970  1.000000  
102.978884 0.000182  -0.007104  -0.001627  0.321105  0.798709  0.508877  -0.896302  0.429825  -0.109059  -0.305834  -0.421088  0.853903  -0.000137  0.002528  0.001372  0.037825  0.218975  -0.148879  1.000000  
102.980130 0.000182  -0.007100  -0.001625  0.321304  0.798763  0.508667  -0.896274  0.429910  -0.108951  -0.305707  -0.420899  0.854042  -0.000178  0.002601  0.001375  0.031509  0.220066  -0.153556  1.000000  
102.981133 0.000181  -0.007097  -0.001623  0.321686  0.798666  0.508576  -0.896180  0.430172  -0.108686  -0.305579  -0.420813  0.854130  -0.000160  0.002753  0.001396  0.029797  0.228767  -0.158718  1.000000  
102.982377 0.000180  -0.007093  -0.001621  0.322083  0.798589  0.508447  -0.896125  0.430382  -0.108314  -0.305324  -0.420746  0.854254  -0.000136  0.002928  0.001420  0.023726  0.235767  -0.162678  1.000000  
102.983380 0.000179  -0.007090  -0.001619  0.322295  0.798600  0.508295  -0.896135  0.430427  -0.108046  -0.305070  -0.420678  0.854378  -0.000131  0.003054  0.001470  0.019597  0.239774  -0.160701  1.000000  
102.984626 0.000180  -0.007084  -0.001616  0.322678  0.798504  0.508204  -0.896041  0.430690  -0.107782  -0.304942  -0.420592  0.854466  0.000009  0.003297  0.001517  0.017485  0.244703  -0.163294  1.000000  
102.985876 0.000180  -0.007078  -0.001614  0.323074  0.798488  0.507977  -0.895985  0.430887  -0.107462  -0.304687  -0.420421  0.854641  0.000017  0.003487  0.001592  0.007409  0.251594  -0.167211  1.000000  
102.987126 0.000181  -0.007072  -0.001611  0.323655  0.798383  0.507772  -0.895862  0.431248  -0.107037  -0.304432  -0.420250  0.854816  0.000075  0.003689  0.001689  0.003483  0.261665  -0.177206  1.000000  
102.988376 0.000183  -0.007066  -0.001609  0.324052  0.798305  0.507641  -0.895805  0.431458  -0.106666  -0.304178  -0.420182  0.854940  0.000063  0.003831  0.001794  -0.000625  0.267585  -0.176529  1.000000  
102.989376 0.000183  -0.007061  -0.001606  0.324435  0.798270  0.507452  -0.895710  0.431708  -0.106454  -0.304050  -0.419993  0.855079  0.000080  0.003874  0.001922  -0.004523  0.275361  -0.185007  1.000000  
102.990384 0.000185  -0.007055  -0.001604  0.324831  0.798253  0.507224  -0.895652  0.431905  -0.106134  -0.303795  -0.419821  0.855254  0.000149  0.003993  0.001944  -0.012767  0.281375  -0.184411  1.000000  
102.991626 0.000185  -0.007049  -0.001601  0.325228  0.798237  0.506996  -0.895595  0.432103  -0.105815  -0.303540  -0.419649  0.855428  0.000203  0.004134  0.002020  -0.014668  0.286031  -0.186922  1.000000  
102.992626 0.000186  -0.007045  -0.001599  0.325624  0.798159  0.506865  -0.895537  0.432313  -0.105444  -0.303285  -0.419581  0.855552  0.000271  0.004248  0.002034  -0.018768  0.289978  -0.184952  1.000000  
102.993629 0.000186  -0.007040  -0.001597  0.326205  0.798053  0.506658  -0.895412  0.432675  -0.105021  -0.303030  -0.419409  0.855727  0.000292  0.004355  0.002032  -0.022719  0.299740  -0.194759  1.000000  
102.994635 0.000187  -0.007035  -0.001595  0.326601  0.798036  0.506429  -0.895354  0.432873  -0.104702  -0.302775  -0.419237  0.855901  0.000312  0.004464  0.002031  -0.027079  0.302325  -0.196534  1.000000  
102.995881 0.000187  -0.007030  -0.001593  0.327196  0.797949  0.506182  -0.895266  0.433182  -0.104171  -0.302393  -0.419083  0.856112  0.000396  0.004567  0.002003  -0.033190  0.313141  -0.198438  1.000000  
102.996882 0.000187  -0.007025  -0.001590  0.327592  0.797932  0.505953  -0.895207  0.433380  -0.103853  -0.302137  -0.418911  0.856286  0.000431  0.004658  0.002104  -0.039295  0.320055  -0.202413  1.000000  
102.997882 0.000187  -0.007020  -0.001588  0.327989  0.797915  0.505723  -0.895148  0.433578  -0.103535  -0.301882  -0.418739  0.856461  0.000505  0.004792  0.002136  -0.043455  0.320007  -0.202482  1.000000  
102.999129 0.000187  -0.007014  -0.001584  0.328768  0.797738  0.505496  -0.894992  0.434053  -0.102901  -0.301500  -0.418584  0.856671  0.000541  0.004883  0.002237  -0.041303  0.336808  -0.216366  1.000000  
103.000381 0.000187  -0.007006  -0.001581  0.329362  0.797650  0.505247  -0.894902  0.434363  -0.102371  -0.301117  -0.418429  0.856881  0.000497  0.004997  0.002262  -0.045359  0.346615  -0.226269  1.000000  
103.001626 0.000188  -0.006999  -0.001577  0.330141  0.797534  0.504922  -0.894744  0.434825  -0.101791  -0.300734  -0.418170  0.857142  0.000460  0.005010  0.002351  -0.046914  0.360402  -0.238212  1.000000  
103.002876 0.000188  -0.006992  -0.001573  0.330933  0.797376  0.504653  -0.894622  0.435247  -0.101050  -0.300224  -0.418033  0.857388  0.000384  0.005094  0.002454  -0.046916  0.378150  -0.244160  1.000000  
103.003878 0.000187  -0.006987  -0.001570  0.331527  0.797349  0.504306  -0.894531  0.435545  -0.100574  -0.299841  -0.417774  0.857648  0.000240  0.005079  0.002550  -0.053493  0.388204  -0.250267  1.000000  
103.005129 0.000186  -0.006980  -0.001566  0.332490  0.797142  0.503999  -0.894302  0.436172  -0.099891  -0.299458  -0.417514  0.857908  0.000111  0.005092  0.002606  -0.055461  0.404926  -0.264188  1.000000  
103.006376 0.000184  -0.006974  -0.001562  0.333282  0.797044  0.503631  -0.894178  0.436583  -0.099205  -0.298947  -0.417272  0.858204  -0.000063  0.005067  0.002615  -0.057035  0.418253  -0.275895  1.000000  
103.007376 0.000182  -0.006970  -0.001560  0.334074  0.796946  0.503261  -0.894053  0.436994  -0.098519  -0.298436  -0.417030  0.858500  -0.000285  0.005055  0.002620  -0.061662  0.435617  -0.286269  1.000000  
103.008626 0.000179  -0.006964  -0.001556  0.334867  0.796847  0.502891  -0.893927  0.437406  -0.097833  -0.297926  -0.416787  0.858795  -0.000491  0.005088  0.002751  -0.063163  0.452547  -0.295758  1.000000  
103.009630 0.000177  -0.006958  -0.001552  0.335659  0.796748  0.502520  -0.893800  0.437818  -0.097148  -0.297415  -0.416544  0.859090  -0.000634  0.005115  0.002856  -0.067277  0.470341  -0.301840  1.000000  
103.010901 0.000174  -0.006952  -0.001548  0.336634  0.796558  0.502168  -0.893603  0.438394  -0.096360  -0.296904  -0.416300  0.859385  -0.000837  0.005208  0.002980  -0.065770  0.494623  -0.316167  1.000000  
103.012134 0.000170  -0.006945  -0.001543  0.337624  0.796448  0.501677  -0.893441  0.438907  -0.095518  -0.296265  -0.415970  0.859765  -0.001096  0.005235  0.003092  -0.072013  0.515538  -0.328365  1.000000  
103.013380 0.000167  -0.006938  -0.001539  0.338614  0.796277  0.501282  -0.893278  0.439432  -0.094624  -0.295626  -0.415743  0.860095  -0.001359  0.005268  0.003123  -0.074177  0.536313  -0.340449  1.000000  
103.014630 0.000164  -0.006931  -0.001534  0.339618  0.796186  0.500747  -0.893151  0.439894  -0.093675  -0.294859  -0.415429  0.860510  -0.001597  0.005265  0.003259  -0.076395  0.561070  -0.350645  1.000000  
103.015884 0.000160  -0.006924  -0.001529  0.340805  0.796004  0.500230  -0.892951  0.440520  -0.092625  -0.294091  -0.415114  0.860924  -0.001932  0.005305  0.003288  -0.080629  0.588663  -0.366719  1.000000  
103.017128 0.000155  -0.006916  -0.001524  0.341794  0.795831  0.499830  -0.892784  0.441047  -0.091733  -0.293452  -0.414886  0.861252  -0.002273  0.005285  0.003451  -0.078791  0.609495  -0.378951  1.000000  
103.018376 0.000149  -0.006910  -0.001519  0.342797  0.795739  0.499290  -0.892651  0.441511  -0.090787  -0.292684  -0.414570  0.861666  -0.002550  0.005286  0.003552  -0.084413  0.633085  -0.384036  1.000000  
103.019376 0.000144  -0.006905  -0.001514  0.343786  0.795565  0.498886  -0.892480  0.442038  -0.089896  -0.292045  -0.414341  0.861993  -0.002836  0.005281  0.003584  -0.082569  0.657638  -0.394179  1.000000  
103.020376 0.000139  -0.006899  -0.001509  0.344775  0.795451  0.498385  -0.892308  0.442555  -0.089059  -0.291405  -0.414007  0.862369  -0.003096  0.005338  0.003752  -0.084849  0.678315  -0.406438  1.000000  
103.021626 0.000133  -0.006893  -0.001502  0.345947  0.795246  0.497900  -0.892063  0.443236  -0.088120  -0.290765  -0.413673  0.862746  -0.003385  0.005391  0.003963  -0.087880  0.700468  -0.423999  1.000000  
103.022876 0.000126  -0.006886  -0.001495  0.346950  0.795151  0.497354  -0.891924  0.443703  -0.087178  -0.289997  -0.413355  0.863157  -0.003628  0.005435  0.004182  -0.090250  0.725245  -0.434384  1.000000  
103.023883 0.000121  -0.006879  -0.001490  0.347938  0.794975  0.496944  -0.891747  0.444232  -0.086289  -0.289356  -0.413125  0.863482  -0.003850  0.005502  0.004381  -0.090553  0.743012  -0.440686  1.000000  
103.025129 0.000114  -0.006872  -0.001481  0.349124  0.794848  0.496315  -0.891532  0.444853  -0.085300  -0.288588  -0.412701  0.863942  -0.004157  0.005574  0.004646  -0.094210  0.764297  -0.453353  1.000000  
103.026380 0.000107  -0.006864  -0.001473  0.350112  0.794791  0.495710  -0.891352  0.445363  -0.084521  -0.287947  -0.412260  0.864366  -0.004337  0.005688  0.004902  -0.099477  0.784457  -0.465677  1.000000  
103.027632 0.000101  -0.006856  -0.001464  0.351495  0.794591  0.495052  -0.891097  0.446098  -0.083324  -0.287050  -0.411851  0.864859  -0.004603  0.005793  0.005218  -0.104041  0.811842  -0.482050  1.000000  
103.028881 0.000094  -0.006847  -0.001455  0.352680  0.794461  0.494417  -0.890876  0.446722  -0.082337  -0.286281  -0.411426  0.865316  -0.004777  0.005917  0.005452  -0.112672  0.829561  -0.488564  1.000000  
103.030134 0.000088  -0.006839  -0.001446  0.353879  0.794350  0.493738  -0.890688  0.447296  -0.081245  -0.285383  -0.411016  0.865807  -0.005003  0.005960  0.005789  -0.119342  0.854195  -0.499117  1.000000  
103.031384 0.000081  -0.006830  -0.001436  0.355064  0.794219  0.493098  -0.890463  0.447922  -0.080261  -0.284614  -0.410588  0.866263  -0.005178  0.006080  0.006176  -0.123918  0.871775  -0.505669  1.000000  
103.032627 0.000072  -0.006822  -0.001425  0.356248  0.794086  0.492457  -0.890236  0.448548  -0.079278  -0.283844  -0.410160  0.866718  -0.005390  0.006110  0.006464  -0.132689  0.885656  -0.514337  1.000000  
103.033629 0.000066  -0.006816  -0.001416  0.357235  0.794025  0.491841  -0.890044  0.449063  -0.078505  -0.283203  -0.409716  0.867139  -0.005503  0.006161  0.006799  -0.137261  0.899304  -0.522939  1.000000  
103.034876 0.000058  -0.006808  -0.001404  0.358433  0.793911  0.491153  -0.889848  0.449641  -0.077417  -0.282304  -0.409303  0.867626  -0.005581  0.006302  0.007119  -0.143995  0.918332  -0.521802  1.000000  
103.035878 0.000052  -0.006801  -0.001395  0.359420  0.793848  0.490534  -0.889654  0.450157  -0.076646  -0.281663  -0.408857  0.868045  -0.005692  0.006421  0.007443  -0.152709  0.927825  -0.532268  1.000000  
103.037126 0.000044  -0.006793  -0.001383  0.360434  0.793884  0.489729  -0.889527  0.450564  -0.075715  -0.280764  -0.408337  0.868581  -0.005786  0.006449  0.007751  -0.161518  0.939807  -0.527217  1.000000  
103.038376 0.000035  -0.006785  -0.001370  0.361632  0.793827  0.488938  -0.889325  0.451136  -0.074685  -0.279865  -0.407816  0.869115  -0.005866  0.006527  0.008156  -0.170398  0.957495  -0.534061  1.000000  
103.039376 0.000030  -0.006778  -0.001360  0.362617  0.793703  0.488410  -0.889125  0.451665  -0.073862  -0.279222  -0.407474  0.869482  -0.005898  0.006620  0.008435  -0.173040  0.964375  -0.538731  1.000000  
103.040626 0.000022  -0.006769  -0.001345  0.364180  0.793458  0.487645  -0.888768  0.452565  -0.072634  -0.278323  -0.406952  0.870015  -0.005984  0.006708  0.008831  -0.176406  0.983420  -0.550936  1.000000  
103.041876 0.000014  -0.006759  -0.001331  0.365546  0.793283  0.486906  -0.888449  0.453354  -0.071615  -0.277552  -0.406413  0.870513  -0.006104  0.006762  0.009217  -0.185307  0.993070  -0.561725  1.000000  
103.043128 0.000005  -0.006751  -0.001316  0.366728  0.793201  0.486150  -0.888202  0.453981  -0.070698  -0.276780  -0.405873  0.871011  -0.006205  0.006797  0.009652  -0.192086  0.999506  -0.566451  1.000000  
103.044131 -0.000001  -0.006744  -0.001304  0.367910  0.793059  0.485489  -0.887954  0.454617  -0.069727  -0.276009  -0.405438  0.871458  -0.006299  0.006759  0.010015  -0.200617  1.010458  -0.577837  1.000000  
103.045139 -0.000008  -0.006737  -0.001291  0.368894  0.792989  0.484856  -0.887745  0.455141  -0.068965  -0.275366  -0.404988  0.871871  -0.006411  0.006809  0.010347  -0.209291  1.014053  -0.576409  1.000000  
103.046383 -0.000017  -0.006729  -0.001274  0.370286  0.792852  0.484018  -0.887484  0.455834  -0.067736  -0.274337  -0.404477  0.872432  -0.006518  0.006722  0.010764  -0.214437  1.027766  -0.585502  1.000000  
103.047631 -0.000027  -0.006721  -0.001256  0.371847  0.792599  0.483237  -0.887109  0.456741  -0.066518  -0.273436  -0.403949  0.872959  -0.006667  0.006734  0.011302  -0.217548  1.040064  -0.602428  1.000000  
103.048632 -0.000035  -0.006715  -0.001242  0.373027  0.792511  0.482470  -0.886851  0.457373  -0.065608  -0.272664  -0.403406  0.873452  -0.006783  0.006722  0.011610  -0.228472  1.050736  -0.605316  1.000000  
103.049878 -0.000045  -0.006707  -0.001225  0.374404  0.792349  0.481669  -0.886548  0.458120  -0.064492  -0.271762  -0.402877  0.873977  -0.006887  0.006757  0.012053  -0.235580  1.057553  -0.610381  1.000000  
103.051134 -0.000056  -0.006699  -0.001206  0.375977  0.792170  0.480737  -0.886197  0.458974  -0.063227  -0.270732  -0.402256  0.874582  -0.007050  0.006728  0.012484  -0.244805  1.070805  -0.619394  1.000000  
103.052376 -0.000067  -0.006691  -0.001188  0.377535  0.791968  0.479847  -0.885810  0.459879  -0.062072  -0.269830  -0.401619  0.875154  -0.007269  0.006695  0.012904  -0.252123  1.081171  -0.635336  1.000000  
103.053376 -0.000075  -0.006684  -0.001172  0.378714  0.791817  0.479167  -0.885541  0.460523  -0.061112  -0.269057  -0.401178  0.875594  -0.007371  0.006688  0.013196  -0.253023  1.094586  -0.644268  1.000000  
103.054376 -0.000084  -0.006678  -0.001157  0.380075  0.791570  0.478497  -0.885193  0.461331  -0.060056  -0.268284  -0.400737  0.876033  -0.007597  0.006672  0.013502  -0.258085  1.104127  -0.655134  1.000000  
103.055380 -0.000093  -0.006671  -0.001141  0.381253  0.791475  0.477717  -0.884920  0.461970  -0.059155  -0.267511  -0.400188  0.876520  -0.007814  0.006613  0.013884  -0.265114  1.112750  -0.661417  1.000000  
103.056626 -0.000106  -0.006663  -0.001120  0.382824  0.791231  0.476865  -0.884554  0.462838  -0.057844  -0.266479  -0.399669  0.877071  -0.008099  0.006520  0.014302  -0.266395  1.126360  -0.670772  1.000000  
103.057876 -0.000119  -0.006656  -0.001099  0.384576  0.790947  0.475925  -0.884104  0.463863  -0.056493  -0.265447  -0.399042  0.877669  -0.008432  0.006416  0.014695  -0.269751  1.140315  -0.684698  1.000000  
103.059126 -0.000133  -0.006649  -0.001078  0.386327  0.790661  0.474982  -0.883650  0.464890  -0.055145  -0.264415  -0.398413  0.878266  -0.008790  0.006328  0.015067  -0.273199  1.152015  -0.701700  1.000000  
103.060128 -0.000144  -0.006644  -0.001060  0.387517  0.790523  0.474240  -0.883398  0.465492  -0.054087  -0.263512  -0.397983  0.878733  -0.009041  0.006206  0.015380  -0.276296  1.162770  -0.704896  1.000000  
103.061132 -0.000156  -0.006638  -0.001043  0.388707  0.790443  0.473399  -0.883144  0.466088  -0.053087  -0.262608  -0.397445  0.879247  -0.009356  0.006164  0.015626  -0.283271  1.177104  -0.706033  1.000000  
103.062135 -0.000168  -0.006632  -0.001026  0.390079  0.790207  0.472663  -0.882808  0.466855  -0.051935  -0.261704  -0.397012  0.879711  -0.009666  0.006106  0.015916  -0.284778  1.189244  -0.718861  1.000000  
103.063382 -0.000184  -0.006626  -0.001003  0.391478  0.790129  0.471637  -0.882532  0.467513  -0.050682  -0.260542  -0.396394  0.880335  -0.010084  0.006049  0.016195  -0.287879  1.200901  -0.718664  1.000000  
103.064382 -0.000197  -0.006620  -0.000985  0.392667  0.790044  0.470789  -0.882270  0.468113  -0.049687  -0.259637  -0.395853  0.880845  -0.010420  0.005940  0.016513  -0.295404  1.210381  -0.725637  1.000000  
103.065626 -0.000213  -0.006614  -0.000962  0.394247  0.789866  0.469767  -0.881907  0.468938  -0.048341  -0.258474  -0.395233  0.881466  -0.010778  0.005897  0.016808  -0.296983  1.228070  -0.733546  1.000000  
103.066628 -0.000227  -0.006608  -0.000942  0.395449  0.789801  0.468866  -0.881672  0.469493  -0.047241  -0.257440  -0.394704  0.882005  -0.011178  0.005841  0.017147  -0.298402  1.241295  -0.742925  1.000000  
103.067878 -0.000244  -0.006600  -0.000917  0.397209  0.789522  0.467846  -0.881219  0.470483  -0.045803  -0.256276  -0.394081  0.882622  -0.011571  0.005806  0.017585  -0.298101  1.261428  -0.756771  1.000000  
103.069126 -0.000261  -0.006593  -0.000892  0.398605  0.789436  0.466803  -0.880926  0.471151  -0.044561  -0.255112  -0.393457  0.883238  -0.011999  0.005744  0.017952  -0.305726  1.272076  -0.760404  1.000000  
103.070376 -0.000280  -0.006585  -0.000867  0.400197  0.789272  0.465717  -0.880579  0.471934  -0.043117  -0.253818  -0.392845  0.883883  -0.012457  0.005715  0.018272  -0.311193  1.283927  -0.756170  1.000000  
103.071648 -0.000298  -0.006577  -0.000841  0.401787  0.789107  0.464626  -0.880227  0.472720  -0.041675  -0.252524  -0.392232  0.884526  -0.012841  0.005756  0.018598  -0.314503  1.301635  -0.755565  1.000000  
103.072876 -0.000317  -0.006569  -0.000815  0.403558  0.788843  0.463539  -0.879787  0.473670  -0.040140  -0.251229  -0.391617  0.885167  -0.013237  0.005792  0.018930  -0.314669  1.326926  -0.768345  1.000000  
103.073877 -0.000334  -0.006563  -0.000793  0.404756  0.788769  0.462618  -0.879532  0.474235  -0.039052  -0.250193  -0.391081  0.885697  -0.013611  0.005793  0.019300  -0.321534  1.337202  -0.767558  1.000000  
103.075127 -0.000353  -0.006556  -0.000765  0.406330  0.788577  0.461565  -0.879137  0.475074  -0.037725  -0.249027  -0.390450  0.886304  -0.013943  0.005847  0.019668  -0.321195  1.348072  -0.771680  1.000000  
103.076129 -0.000369  -0.006550  -0.000743  0.407695  0.788325  0.460792  -0.878761  0.475856  -0.036595  -0.248120  -0.390006  0.886754  -0.014236  0.005839  0.020002  -0.320405  1.354144  -0.776756  1.000000  
103.077376 -0.000390  -0.006542  -0.000716  0.409254  0.788107  0.459781  -0.878329  0.476746  -0.035381  -0.247083  -0.389360  0.887327  -0.014617  0.005933  0.020329  -0.324037  1.356494  -0.784251  1.000000  
103.078386 -0.000407  -0.006536  -0.000692  0.410631  0.787874  0.458952  -0.877977  0.477483  -0.034147  -0.246045  -0.388927  0.887805  -0.014891  0.006003  0.020734  -0.321579  1.368353  -0.783944  1.000000  
103.079639 -0.000428  -0.006527  -0.000663  0.412396  0.787599  0.457840  -0.877512  0.478443  -0.032628  -0.244748  -0.388305  0.888436  -0.015196  0.006137  0.021166  -0.323459  1.385375  -0.791881  1.000000  
103.080881 -0.000448  -0.006519  -0.000632  0.414133  0.787221  0.456921  -0.876983  0.479503  -0.031268  -0.243710  -0.387763  0.888958  -0.015477  0.006238  0.021657  -0.319128  1.388258  -0.799770  1.000000  
103.082127 -0.000469  -0.006509  -0.000602  0.415869  0.786841  0.455998  -0.876449  0.480564  -0.029912  -0.242672  -0.387219  0.889478  -0.015691  0.006374  0.022070  -0.314539  1.394424  -0.805350  1.000000  
103.083131 -0.000486  -0.006502  -0.000576  0.417243  0.786657  0.455058  -0.876083  0.481303  -0.028745  -0.241633  -0.386675  0.889997  -0.015946  0.006480  0.022420  -0.318019  1.404745  -0.808899  1.000000  
103.084377 -0.000507  -0.006492  -0.000545  0.419005  0.786318  0.454025  -0.875599  0.482273  -0.027179  -0.240335  -0.386156  0.890574  -0.016174  0.006659  0.022806  -0.313689  1.419381  -0.811034  1.000000  
103.085378 -0.000525  -0.006484  -0.000519  0.420377  0.786131  0.453079  -0.875226  0.483014  -0.026016  -0.239296  -0.385609  0.891091  -0.016350  0.006783  0.023184  -0.316876  1.425077  -0.812258  1.000000  
103.086626 -0.000546  -0.006473  -0.000487  0.421957  0.785943  0.451936  -0.874820  0.483823  -0.024607  -0.237996  -0.384979  0.891711  -0.016535  0.006945  0.023669  -0.322495  1.432696  -0.810110  1.000000  
103.087626 -0.000564  -0.006465  -0.000460  0.423328  0.785698  0.451078  -0.874440  0.484570  -0.023390  -0.236957  -0.384539  0.892178  -0.016695  0.007078  0.024077  -0.321951  1.438840  -0.806041  1.000000  
103.088876 -0.000586  -0.006454  -0.000426  0.425086  0.785352  0.450027  -0.873938  0.485546  -0.021834  -0.235656  -0.384015  0.892748  -0.016829  0.007271  0.024481  -0.319463  1.446597  -0.803918  1.000000  
103.089876 -0.000605  -0.006446  -0.000398  0.426275  0.785259  0.449063  -0.873639  0.486131  -0.020773  -0.234616  -0.383464  0.893258  -0.017049  0.007456  0.024886  -0.322619  1.451867  -0.805170  1.000000  
103.091126 -0.000627  -0.006435  -0.000363  0.428045  0.784932  0.447951  -0.873157  0.487065  -0.019115  -0.233185  -0.382949  0.893854  -0.017194  0.007660  0.025328  -0.318692  1.462480  -0.809347  1.000000  
103.092376 -0.000650  -0.006424  -0.000328  0.429827  0.784679  0.446685  -0.872697  0.487952  -0.017411  -0.231624  -0.382337  0.894522  -0.017409  0.007899  0.025880  -0.322868  1.476772  -0.811545  1.000000  
103.093380 -0.000669  -0.006414  -0.000299  0.431180  0.784404  0.445863  -0.872270  0.488752  -0.016313  -0.230712  -0.381879  0.894953  -0.017464  0.008134  0.026251  -0.318381  1.478983  -0.818890  1.000000  
103.094381 -0.000688  -0.006405  -0.000269  0.432725  0.784050  0.444988  -0.871780  0.489668  -0.015018  -0.229671  -0.381433  0.895411  -0.017636  0.008256  0.026616  -0.312324  1.487982  -0.830590  1.000000  
103.095382 -0.000707  -0.006396  -0.000240  0.434091  0.783795  0.444106  -0.871375  0.490423  -0.013816  -0.228629  -0.380986  0.895868  -0.017803  0.008452  0.027026  -0.309965  1.492865  -0.834467  1.000000  
103.096635 -0.000732  -0.006384  -0.000203  0.435841  0.783490  0.442930  -0.870842  0.491408  -0.012338  -0.227326  -0.380344  0.896472  -0.018088  0.008634  0.027421  -0.310064  1.494793  -0.842180  1.000000  
103.097879 -0.000757  -0.006372  -0.000164  0.437411  0.783230  0.441841  -0.870394  0.492236  -0.010895  -0.226023  -0.379810  0.897027  -0.018366  0.008786  0.027902  -0.303705  1.498625  -0.842196  1.000000  
103.098880 -0.000779  -0.006362  -0.000133  0.438939  0.782846  0.441005  -0.869861  0.493201  -0.009716  -0.225110  -0.379348  0.897452  -0.018687  0.008876  0.028352  -0.301683  1.503682  -0.855774  1.000000  
103.099883 -0.000799  -0.006352  -0.000101  0.440301  0.782585  0.440110  -0.869442  0.493962  -0.008523  -0.224067  -0.378897  0.897904  -0.018883  0.009096  0.028833  -0.299055  1.503089  -0.857018  1.000000  
103.101128 -0.000826  -0.006339  -0.000061  0.441867  0.782266  0.439104  -0.868982  0.494794  -0.007027  -0.222763  -0.378469  0.898409  -0.019234  0.009209  0.029350  -0.292804  1.502893  -0.858670  1.000000  
103.102376 -0.000853  -0.006326  -0.000020  0.443433  0.782000  0.438000  -0.868518  0.495626  -0.005594  -0.221459  -0.377930  0.898958  -0.019616  0.009362  0.029841  -0.288786  1.503473  -0.861737  1.000000  
103.103376 -0.000875  -0.006316  0.000014  0.444792  0.781681  0.437189  -0.868088  0.496391  -0.004347  -0.220415  -0.377585  0.899359  -0.019857  0.009493  0.030237  -0.286286  1.503451  -0.863064  1.000000  
103.104376 -0.000897  -0.006305  0.000047  0.446150  0.781415  0.436281  -0.867656  0.497155  -0.003162  -0.219370  -0.377131  0.899805  -0.020159  0.009692  0.030683  -0.283695  1.508503  -0.867188  1.000000  
103.105626 -0.000925  -0.006291  0.000090  0.447892  0.781094  0.435070  -0.867088  0.498153  -0.001707  -0.218065  -0.376479  0.900395  -0.020453  0.009938  0.031239  -0.287782  1.513020  -0.868395  1.000000  
103.106876 -0.000953  -0.006277  0.000133  0.449261  0.780900  0.434005  -0.866674  0.498875  -0.000481  -0.216890  -0.375925  0.900910  -0.020802  0.010065  0.031650  -0.287015  1.509877  -0.863826  1.000000  
103.107877 -0.000976  -0.006265  0.000168  0.450616  0.780576  0.433181  -0.866231  0.499643  0.000758  -0.215844  -0.375577  0.901306  -0.021122  0.010272  0.032096  -0.284477  1.514227  -0.863540  1.000000  
103.109126 -0.001004  -0.006251  0.000212  0.452176  0.780247  0.432148  -0.865743  0.500484  0.002237  -0.214538  -0.375141  0.901800  -0.021454  0.010442  0.032631  -0.278189  1.513447  -0.864862  1.000000  
103.110128 -0.001028  -0.006239  0.000247  0.453338  0.780000  0.431375  -0.865361  0.501138  0.003276  -0.213623  -0.374780  0.902167  -0.021702  0.010590  0.032913  -0.276971  1.510211  -0.859671  1.000000  
103.111133 -0.001051  -0.006227  0.000282  0.454335  0.779880  0.430544  -0.865096  0.501588  0.004332  -0.212577  -0.374430  0.902559  -0.021917  0.010764  0.033269  -0.278947  1.511939  -0.843319  1.000000  
103.112382 -0.001081  -0.006213  0.000327  0.455535  0.779754  0.429502  -0.864785  0.502111  0.005628  -0.211270  -0.373991  0.903048  -0.022311  0.010908  0.033843  -0.278809  1.505074  -0.818207  1.000000  
103.113382 -0.001105  -0.006202  0.000364  0.456873  0.779349  0.428815  -0.864302  0.502927  0.006811  -0.210354  -0.373738  0.903367  -0.022501  0.011009  0.034157  -0.271952  1.500381  -0.820827  1.000000  
103.114382 -0.001128  -0.006190  0.000400  0.458045  0.779122  0.427975  -0.863936  0.503539  0.007951  -0.209307  -0.373385  0.903756  -0.022666  0.011163  0.034575  -0.270847  1.497315  -0.815677  1.000000  
103.115628 -0.001159  -0.006175  0.000446  0.459599  0.778734  0.427015  -0.863427  0.504386  0.009479  -0.207999  -0.373053  0.904195  -0.022953  0.011277  0.034907  -0.260469  1.497288  -0.817249  1.000000  
103.116631 -0.001183  -0.006164  0.000482  0.460757  0.778430  0.426321  -0.863030  0.505043  0.010570  -0.207083  -0.372798  0.904510  -0.023081  0.011354  0.035118  -0.251081  1.489956  -0.813747  1.000000  
103.117876 -0.001213  -0.006149  0.000529  0.462295  0.778016  0.425411  -0.862489  0.505934  0.011986  -0.205905  -0.372454  0.904921  -0.023217  0.011463  0.035436  -0.246209  1.483199  -0.810721  1.000000  
103.118876 -0.001236  -0.006137  0.000567  0.463451  0.777710  0.424712  -0.862087  0.506592  0.013074  -0.204988  -0.372197  0.905234  -0.023346  0.011528  0.035767  -0.239737  1.477268  -0.809251  1.000000  
103.119883 -0.001260  -0.006126  0.000604  0.464797  0.777374  0.423855  -0.861610  0.507369  0.014293  -0.203940  -0.371841  0.905617  -0.023470  0.011574  0.036021  -0.232576  1.477949  -0.814399  1.000000  
103.121126 -0.001288  -0.006110  0.000651  0.466522  0.776875  0.422874  -0.860987  0.508379  0.015897  -0.202630  -0.371505  0.906049  -0.023476  0.011670  0.036276  -0.225336  1.475043  -0.819619  1.000000  
103.122376 -0.001317  -0.006095  0.000699  0.468056  0.776455  0.421949  -0.860431  0.509273  0.017305  -0.201451  -0.371158  0.906454  -0.023548  0.011743  0.036611  -0.217461  1.458325  -0.817915  1.000000  
103.123376 -0.001341  -0.006082  0.000738  0.469411  0.776139  0.421024  -0.859968  0.510008  0.018624  -0.200271  -0.370809  0.906858  -0.023567  0.011791  0.036858  -0.213957  1.467818  -0.817719  1.000000  
103.124626 -0.001369  -0.006066  0.000787  0.470955  0.775690  0.420127  -0.859428  0.510858  0.020195  -0.198960  -0.370580  0.907240  -0.023536  0.011909  0.037163  -0.206555  1.462484  -0.806570  1.000000  
103.125876 -0.001398  -0.006051  0.000835  0.472687  0.775208  0.419069  -0.858809  0.511827  0.021895  -0.197517  -0.370250  0.907690  -0.023515  0.012010  0.037402  -0.194821  1.468955  -0.812483  1.000000  
103.127126 -0.001427  -0.006034  0.000885  0.474241  0.774831  0.418011  -0.858283  0.512638  0.023506  -0.196074  -0.369919  0.908138  -0.023445  0.012116  0.037808  -0.189999  1.469897  -0.805691  1.000000  
103.128132 -0.001450  -0.006022  0.000923  0.475579  0.774435  0.417223  -0.857782  0.513416  0.024772  -0.195025  -0.369668  0.908466  -0.023379  0.012175  0.037930  -0.183762  1.472459  -0.802721  1.000000  
103.129381 -0.001480  -0.006006  0.000973  0.477483  0.773793  0.416239  -0.857051  0.514544  0.026612  -0.193581  -0.369445  0.908866  -0.023422  0.012217  0.038166  -0.173328  1.475998  -0.801989  1.000000  
103.130382 -0.001503  -0.005994  0.001012  0.478818  0.773395  0.415444  -0.856542  0.515323  0.027874  -0.192531  -0.369192  0.909192  -0.023347  0.012310  0.038373  -0.165129  1.478250  -0.809202  1.000000  
103.131633 -0.001533  -0.005978  0.001061  0.480555  0.772880  0.414395  -0.855922  0.516249  0.029728  -0.190955  -0.368976  0.909611  -0.023307  0.012393  0.038559  -0.157475  1.488853  -0.813091  1.000000  
