1-Time 2-Px 3-Py 4-Pz 5-R11 6-R21 7-R31 8-R12 9-R22 10-R32 11-R13 12-R23 13-R33 14-Vx 15-Vy 16-Vz 17-Wx 18-Wy 19-Wz 20-state
43.723972 0.002126  -0.010456  -0.009010  0.542195  0.813993  0.208423  -0.801857  0.575374  -0.161154  -0.251100  -0.079749  0.964670  -0.000406  0.000061  -0.001947  -0.546152  0.064429  0.288067  1.000000  
43.725154 0.002125  -0.010455  -0.009008  0.542048  0.814193  0.208022  -0.801996  0.575139  -0.161299  -0.250970  -0.079401  0.964733  -0.000625  0.000632  0.002395  -0.540308  0.069624  0.281775  1.000000  
43.726170 0.002125  -0.010451  -0.009000  0.542232  0.814131  0.207785  -0.801912  0.575259  -0.161289  -0.250841  -0.079169  0.964786  -0.000353  0.002209  0.005119  -0.522491  0.075951  0.261976  1.000000  
43.727419 0.002124  -0.010445  -0.008989  0.542251  0.814213  0.207416  -0.801940  0.575191  -0.161391  -0.250711  -0.078821  0.964848  -0.000400  0.003291  0.006575  -0.506779  0.081749  0.249011  1.000000  
43.728640 0.002123  -0.010442  -0.008979  0.542270  0.814244  0.207245  -0.801968  0.575163  -0.161354  -0.250582  -0.078707  0.964891  -0.000627  0.003153  0.006920  -0.487446  0.082390  0.233940  1.000000  
43.729640 0.002121  -0.010440  -0.008972  0.542289  0.814300  0.206976  -0.801996  0.575115  -0.161387  -0.250452  -0.078475  0.964943  -0.000855  0.002925  0.006971  -0.473553  0.087509  0.227674  1.000000  
43.730893 0.002119  -0.010437  -0.008963  0.542307  0.814331  0.206804  -0.802023  0.575087  -0.161350  -0.250322  -0.078361  0.964986  -0.001029  0.002863  0.007042  -0.453943  0.093197  0.214818  1.000000  
43.731901 0.002117  -0.010433  -0.008957  0.542307  0.814381  0.206607  -0.802023  0.575048  -0.161489  -0.250322  -0.078127  0.965005  -0.001128  0.002990  0.006857  -0.437744  0.090719  0.202752  1.000000  
43.733141 0.002113  -0.010428  -0.008950  0.542472  0.814288  0.206541  -0.801912  0.575196  -0.161516  -0.250322  -0.078010  0.965015  -0.001458  0.003106  0.006644  -0.416940  0.091774  0.181259  1.000000  
43.734141 0.002109  -0.010425  -0.008944  0.542491  0.814319  0.206370  -0.801939  0.575167  -0.161479  -0.250193  -0.077895  0.965057  -0.001708  0.003123  0.006672  -0.399121  0.092433  0.174660  1.000000  
43.735391 0.002105  -0.010419  -0.008933  0.542510  0.814374  0.206100  -0.801967  0.575120  -0.161512  -0.250063  -0.077664  0.965110  -0.001874  0.003238  0.006900  -0.383447  0.098067  0.161734  1.000000  
43.736392 0.002102  -0.010414  -0.008923  0.542529  0.814405  0.205929  -0.801995  0.575091  -0.161475  -0.249934  -0.077550  0.965152  -0.001932  0.003434  0.007093  -0.363803  0.099256  0.148469  1.000000  
43.737395 0.002099  -0.010409  -0.008914  0.542547  0.814461  0.205659  -0.802023  0.575044  -0.161507  -0.249804  -0.077318  0.965205  -0.001985  0.003529  0.007224  -0.351080  0.101272  0.136310  1.000000  
43.738642 0.002096  -0.010403  -0.008902  0.542566  0.814492  0.205488  -0.802050  0.575016  -0.161470  -0.249675  -0.077204  0.965247  -0.002069  0.003624  0.007490  -0.334328  0.105485  0.128918  1.000000  
43.739647 0.002094  -0.010396  -0.008890  0.542585  0.814522  0.205317  -0.802078  0.574987  -0.161433  -0.249545  -0.077089  0.965290  -0.002084  0.003974  0.007984  0.000000  0.000000  0.000000  1.000000  
43.740899 0.002093  -0.010385  -0.008872  0.542622  0.814584  0.204975  -0.802133  0.574931  -0.161358  -0.249286  -0.076860  0.965375  -0.002088  0.004556  0.008714  0.000000  0.000000  0.000000  1.000000  
43.742143 0.002093  -0.010372  -0.008857  0.542476  0.814733  0.204770  -0.802273  0.574735  -0.161363  -0.249156  -0.076746  0.965418  -0.002140  0.004939  0.008953  0.000000  0.000000  0.000000  1.000000  
43.743391 0.002089  -0.010362  -0.008847  0.542513  0.814794  0.204428  -0.802328  0.574679  -0.161288  -0.248897  -0.076517  0.965503  -0.002260  0.005340  0.008902  0.000000  0.000000  0.000000  1.000000  
43.744391 0.002085  -0.010353  -0.008841  0.542550  0.814830  0.204184  -0.802383  0.574643  -0.161144  -0.248638  -0.076405  0.965578  -0.002424  0.005852  0.008852  0.000000  0.000000  0.000000  1.000000  
43.745640 0.002080  -0.010343  -0.008833  0.542606  0.814897  0.203769  -0.802465  0.574578  -0.160962  -0.248249  -0.076179  0.965696  -0.002640  0.006370  0.008819  0.000000  0.000000  0.000000  1.000000  
43.746667 0.002075  -0.010333  -0.008825  0.542643  0.814933  0.203526  -0.802520  0.574542  -0.160818  -0.247990  -0.076067  0.965772  -0.002821  0.006770  0.008956  0.000000  0.000000  0.000000  1.000000  
43.747904 0.002068  -0.010322  -0.008813  0.542681  0.814944  0.203381  -0.802575  0.574525  -0.160604  -0.247731  -0.076072  0.965838  -0.003018  0.007185  0.009319  -0.163419  0.145988  0.011784  1.000000  
43.749173 0.002058  -0.010312  -0.008799  0.542736  0.814961  0.203164  -0.802658  0.574500  -0.160283  -0.247342  -0.076080  0.965937  -0.003376  0.007510  0.009620  -0.155129  0.154573  0.012476  1.000000  
43.750399 0.002048  -0.010302  -0.008785  0.542938  0.814854  0.203052  -0.802601  0.574651  -0.160027  -0.247083  -0.076085  0.966003  -0.003781  0.007835  0.009874  -0.145938  0.158136  0.005143  1.000000  
43.751405 0.002042  -0.010293  -0.008775  0.542976  0.814866  0.202907  -0.802656  0.574634  -0.159813  -0.246823  -0.076090  0.966069  -0.004052  0.008141  0.009885  -0.140549  0.162083  0.005742  1.000000  
43.752672 0.002034  -0.010281  -0.008765  0.543031  0.814883  0.202690  -0.802738  0.574609  -0.159492  -0.246434  -0.076098  0.966167  -0.004321  0.008516  0.009762  -0.134304  0.168909  0.006619  1.000000  
43.753928 0.002028  -0.010268  -0.008757  0.543270  0.814787  0.202433  -0.802735  0.574743  -0.159022  -0.245916  -0.076108  0.966299  -0.004498  0.008931  0.009373  -0.126922  0.180238  0.001110  1.000000  
43.755164 0.002021  -0.010254  -0.008750  0.543325  0.814805  0.202216  -0.802816  0.574717  -0.158700  -0.245526  -0.076116  0.966397  -0.004910  0.009156  0.008713  -0.108954  0.189804  -0.004892  1.000000  
43.756169 0.002016  -0.010243  -0.008745  0.543546  0.814703  0.202031  -0.802786  0.574860  -0.158337  -0.245137  -0.076124  0.966495  -0.005189  0.009289  0.008113  -0.104072  0.197224  -0.004151  1.000000  
43.757411 0.002012  -0.010229  -0.008740  0.543601  0.814745  0.201714  -0.802868  0.574815  -0.158086  -0.244748  -0.076014  0.966602  -0.005342  0.009413  0.007619  -0.096010  0.206159  -0.003489  1.000000  
43.758655 0.002007  -0.010216  -0.008733  0.543656  0.814786  0.201398  -0.802949  0.574771  -0.157834  -0.244359  -0.075905  0.966709  -0.005440  0.009600  0.007503  -0.092670  0.212203  -0.003196  1.000000  
43.759895 0.002002  -0.010205  -0.008726  0.543711  0.814852  0.200983  -0.803030  0.574707  -0.157652  -0.243970  -0.075678  0.966826  -0.005419  0.009644  0.007472  -0.092707  0.221240  -0.002535  1.000000  
43.760908 0.001997  -0.010197  -0.008718  0.543748  0.814888  0.200739  -0.803084  0.574671  -0.157508  -0.243710  -0.075566  0.966900  -0.005426  0.009514  0.007578  -0.092758  0.230325  -0.001850  1.000000  
43.761911 0.001993  -0.010188  -0.008707  0.543784  0.814924  0.200495  -0.803138  0.574636  -0.157363  -0.243451  -0.075453  0.966974  -0.005349  0.009493  0.007657  -0.092757  0.239285  -0.001165  1.000000  
43.763148 0.001989  -0.010177  -0.008695  0.544004  0.814847  0.200211  -0.803107  0.574759  -0.157070  -0.243061  -0.075344  0.967080  -0.005108  0.009560  0.007690  -0.092708  0.248109  -0.000484  1.000000  
43.764164 0.001986  -0.010169  -0.008686  0.544059  0.814888  0.199894  -0.803188  0.574715  -0.156819  -0.242672  -0.075234  0.967187  -0.004803  0.009545  0.007588  -0.092656  0.261398  0.000551  1.000000  
43.765402 0.001982  -0.010159  -0.008678  0.544279  0.814811  0.199610  -0.803156  0.574839  -0.156526  -0.242283  -0.075124  0.967293  -0.004401  0.009595  0.007123  -0.086933  0.271034  -0.005473  1.000000  
43.766407 0.001980  -0.010151  -0.008674  0.544499  0.814709  0.199424  -0.803125  0.574982  -0.156163  -0.241893  -0.075132  0.967390  -0.004106  0.009456  0.006679  -0.081138  0.280438  -0.011464  1.000000  
43.767661 0.001979  -0.010139  -0.008670  0.544718  0.814608  0.199238  -0.803093  0.575125  -0.155801  -0.241504  -0.075139  0.967487  -0.003659  0.009481  0.006326  -0.071304  0.285453  -0.017831  1.000000  
43.768907 0.001979  -0.010128  -0.008664  0.544956  0.814536  0.198881  -0.803087  0.575240  -0.155401  -0.240984  -0.075032  0.967624  -0.003258  0.009365  0.006177  -0.065551  0.299444  -0.023515  1.000000  
43.769910 0.001978  -0.010119  -0.008658  0.545176  0.814435  0.198695  -0.803055  0.575383  -0.155039  -0.240595  -0.075039  0.967721  -0.002908  0.009195  0.006197  -0.059791  0.308912  -0.029514  1.000000  
43.771162 0.001976  -0.010109  -0.008650  0.545395  0.814309  0.198607  -0.803023  0.575544  -0.154607  -0.240205  -0.075164  0.967808  -0.002703  0.008920  0.006372  -0.045885  0.318379  -0.035516  1.000000  
43.772418 0.001973  -0.010101  -0.008639  0.545780  0.814089  0.198452  -0.802878  0.575855  -0.154204  -0.239815  -0.075172  0.967904  -0.002545  0.008484  0.006689  -0.036751  0.324360  -0.055232  1.000000  
43.773663 0.001972  -0.010093  -0.008629  0.546018  0.813993  0.198193  -0.802871  0.575989  -0.153735  -0.239296  -0.075182  0.968032  -0.002361  0.008198  0.006968  -0.026967  0.334057  -0.061302  1.000000  
43.774667 0.001970  -0.010089  -0.008620  0.546071  0.814010  0.197974  -0.802951  0.575964  -0.153413  -0.238906  -0.075189  0.968127  -0.002163  0.007896  0.007190  -0.022905  0.338315  -0.060938  1.000000  
43.775906 0.001967  -0.010082  -0.008609  0.546309  0.813914  0.197714  -0.802944  0.576098  -0.152944  -0.238386  -0.075199  0.968255  -0.001990  0.007677  0.007256  -0.017206  0.343627  -0.067365  1.000000  
43.777152 0.001965  -0.010075  -0.008598  0.546711  0.813723  0.197387  -0.802824  0.576382  -0.152504  -0.237866  -0.075091  0.968391  -0.001788  0.007389  0.007115  -0.013773  0.350869  -0.079475  1.000000  
43.778405 0.001966  -0.010067  -0.008588  0.546966  0.813633  0.197054  -0.802843  0.576508  -0.151928  -0.237217  -0.075104  0.968549  -0.001518  0.007178  0.006944  -0.012160  0.364762  -0.085092  1.000000  
43.779432 0.001966  -0.010061  -0.008580  0.547019  0.813650  0.196835  -0.802922  0.576483  -0.151607  -0.236827  -0.075111  0.968644  -0.001247  0.007058  0.006884  -0.013972  0.366992  -0.079052  1.000000  
43.780654 0.001966  -0.010053  -0.008571  0.547274  0.813559  0.196501  -0.802940  0.576609  -0.151031  -0.236177  -0.075123  0.968802  -0.001031  0.006890  0.007133  -0.012269  0.378460  -0.084150  1.000000  
43.781897 0.001968  -0.010045  -0.008560  0.547528  0.813445  0.196265  -0.802957  0.576753  -0.150385  -0.235526  -0.075253  0.968950  -0.000823  0.006712  0.007580  -0.006610  0.392026  -0.089672  1.000000  
43.782899 0.001967  -0.010038  -0.008550  0.547599  0.813468  0.195973  -0.803061  0.576720  -0.149956  -0.235006  -0.075263  0.969076  -0.000839  0.006504  0.008017  -0.006665  0.396364  -0.089313  1.000000  
43.784146 0.001967  -0.010030  -0.008534  0.547853  0.813354  0.195737  -0.803078  0.576864  -0.149310  -0.234356  -0.075392  0.969223  -0.000780  0.006387  0.008587  -0.002684  0.405343  -0.088625  1.000000  
43.785163 0.001966  -0.010024  -0.008520  0.548106  0.813216  0.195600  -0.803095  0.577025  -0.148595  -0.233706  -0.075640  0.969361  -0.000823  0.006109  0.009095  0.006984  0.414532  -0.094485  1.000000  
43.786415 0.001963  -0.010019  -0.008503  0.548212  0.813227  0.195260  -0.803250  0.576993  -0.147882  -0.232925  -0.075772  0.969538  -0.000824  0.005893  0.009656  0.013450  0.426185  -0.087841  1.000000  
43.787664 0.001960  -0.010013  -0.008490  0.548500  0.813101  0.194975  -0.803317  0.577138  -0.146952  -0.232014  -0.076024  0.969737  -0.000863  0.005730  0.009844  0.027233  0.440159  -0.093478  1.000000  
43.788902 0.001957  -0.010008  -0.008479  0.548770  0.812945  0.194862  -0.803357  0.577308  -0.146058  -0.231233  -0.076392  0.969895  -0.000949  0.005624  0.009871  0.045156  0.459105  -0.098834  1.000000  
43.790169 0.001954  -0.010002  -0.008468  0.548857  0.812927  0.194694  -0.803485  0.577301  -0.145383  -0.230582  -0.076639  0.970030  -0.000998  0.005607  0.009834  0.057246  0.467472  -0.097990  1.000000  
43.791413 0.001951  -0.009996  -0.008456  0.549127  0.812772  0.194580  -0.803524  0.577470  -0.144489  -0.229801  -0.077007  0.970186  -0.001032  0.005579  0.009922  0.079208  0.481677  -0.103671  1.000000  
43.792415 0.001951  -0.009990  -0.008446  0.549214  0.812754  0.194411  -0.803651  0.577462  -0.143813  -0.229150  -0.077254  0.970321  -0.001016  0.005559  0.010030  0.091414  0.495379  -0.102650  1.000000  
43.793647 0.001950  -0.009982  -0.008433  0.549317  0.812718  0.194267  -0.803803  0.577463  -0.142960  -0.228368  -0.077622  0.970476  -0.001037  0.005574  0.010227  0.105134  0.504118  -0.094061  1.000000  
43.794894 0.001950  -0.009973  -0.008418  0.549603  0.812593  0.193980  -0.803866  0.577605  -0.142029  -0.227456  -0.077874  0.970669  -0.001089  0.005609  0.010569  0.117291  0.522424  -0.092738  1.000000  
43.795899 0.001950  -0.009966  -0.008406  0.549689  0.812576  0.193811  -0.803991  0.577596  -0.141353  -0.226805  -0.078122  0.970802  -0.001154  0.005685  0.010880  0.125241  0.531023  -0.091933  1.000000  
43.796914 0.001950  -0.009959  -0.008392  0.549774  0.812558  0.193642  -0.804116  0.577587  -0.140677  -0.226153  -0.078370  0.970934  -0.001176  0.005763  0.011165  0.132722  0.543780  -0.085212  1.000000  
43.798146 0.001949  -0.009950  -0.008375  0.549877  0.812524  0.193497  -0.804266  0.577586  -0.139823  -0.225371  -0.078738  0.971086  -0.001222  0.005799  0.011440  0.146093  0.551992  -0.076731  1.000000  
43.799176 0.001948  -0.009942  -0.008363  0.550127  0.812364  0.193455  -0.804277  0.577761  -0.139037  -0.224719  -0.079103  0.971207  -0.001216  0.005868  0.011348  0.159464  0.565526  -0.076565  1.000000  
43.800416 0.001947  -0.009933  -0.008349  0.550246  0.812336  0.193237  -0.804450  0.577750  -0.138076  -0.223807  -0.079474  0.971388  -0.001170  0.006015  0.011237  0.164315  0.577918  -0.061956  1.000000  
43.801678 0.001947  -0.009924  -0.008336  0.550364  0.812284  0.193117  -0.804623  0.577755  -0.137045  -0.222894  -0.079962  0.971558  -0.001010  0.006250  0.010934  0.178818  0.594892  -0.053649  1.000000  
43.802905 0.001946  -0.009915  -0.008326  0.550647  0.812114  0.193026  -0.804682  0.577926  -0.135973  -0.221980  -0.080451  0.971726  -0.000859  0.006501  0.010798  0.193689  0.608559  -0.051720  1.000000  
43.803922 0.001945  -0.009907  -0.008317  0.550913  0.811961  0.192908  -0.804715  0.578089  -0.135080  -0.221198  -0.080819  0.971874  -0.000764  0.006718  0.010801  0.207278  0.626487  -0.050923  1.000000  
43.804922 0.001945  -0.009899  -0.008307  0.551013  0.811904  0.192862  -0.804861  0.578101  -0.134155  -0.220415  -0.081305  0.972012  -0.000591  0.006933  0.010919  0.221825  0.639100  -0.042970  1.000000  
43.806150 0.001945  -0.009889  -0.008292  0.551296  0.811711  0.192867  -0.804918  0.578286  -0.133014  -0.219501  -0.081912  0.972168  -0.000459  0.007202  0.011108  0.242424  0.648894  -0.042122  1.000000  
43.807162 0.001945  -0.009880  -0.008280  0.551561  0.811536  0.192847  -0.804949  0.578463  -0.132049  -0.218718  -0.082399  0.972303  -0.000382  0.007429  0.011264  0.262594  0.661937  -0.040900  1.000000  
43.808418 0.001946  -0.009869  -0.008264  0.551693  0.811469  0.192751  -0.805142  0.578470  -0.130840  -0.217673  -0.083008  0.972485  -0.000237  0.007650  0.011454  0.281561  0.675430  -0.032936  1.000000  
43.809671 0.001948  -0.009856  -0.008250  0.551973  0.811254  0.192853  -0.805196  0.578667  -0.129628  -0.216759  -0.083734  0.972628  -0.000161  0.007900  0.011368  0.305500  0.687835  -0.031556  1.000000  
43.810671 0.001949  -0.009847  -0.008239  0.552237  0.811056  0.192930  -0.805226  0.578857  -0.128593  -0.215975  -0.084338  0.972750  -0.000095  0.008041  0.011333  0.327391  0.697398  -0.037340  1.000000  
43.811903 0.001950  -0.009834  -0.008227  0.552534  0.810871  0.192859  -0.805302  0.579027  -0.127344  -0.214930  -0.084948  0.972928  0.000053  0.008285  0.011021  0.343858  0.711376  -0.036024  1.000000  
43.813162 0.001952  -0.009823  -0.008214  0.552846  0.810670  0.192812  -0.805401  0.579201  -0.125916  -0.213754  -0.085679  0.973123  0.000226  0.008498  0.010699  0.363993  0.729001  -0.034241  1.000000  
43.814394 0.001953  -0.009810  -0.008203  0.553306  0.810366  0.192766  -0.805362  0.579535  -0.124627  -0.212708  -0.086289  0.973298  0.000363  0.008777  0.010456  0.380483  0.742541  -0.045599  1.000000  
43.815430 0.001954  -0.009800  -0.008192  0.553585  0.810176  0.192767  -0.805412  0.579710  -0.123484  -0.211793  -0.086897  0.973444  0.000466  0.008913  0.010378  0.399215  0.751992  -0.045278  1.000000  
43.816668 0.001955  -0.009788  -0.008181  0.553895  0.809976  0.192717  -0.805507  0.579880  -0.122057  -0.210616  -0.087629  0.973634  0.000525  0.009097  0.010380  0.415603  0.761366  -0.044210  1.000000  
43.817908 0.001956  -0.009776  -0.008167  0.554220  0.809783  0.192593  -0.805625  0.580038  -0.120521  -0.209307  -0.088363  0.973849  0.000666  0.009283  0.010665  0.433650  0.780487  -0.049110  1.000000  
43.819145 0.001957  -0.009763  -0.008151  0.554694  0.809464  0.192567  -0.805603  0.580370  -0.119054  -0.208130  -0.089094  0.974035  0.000760  0.009477  0.010896  0.447614  0.792363  -0.053508  1.000000  
43.820163 0.001959  -0.009752  -0.008137  0.554986  0.809259  0.192589  -0.805672  0.580544  -0.117733  -0.207083  -0.089823  0.974191  0.000938  0.009712  0.011119  0.465284  0.810899  -0.058307  1.000000  
43.821171 0.001960  -0.009742  -0.008124  0.555261  0.809047  0.192684  -0.805717  0.580726  -0.116519  -0.206166  -0.090550  0.974318  0.000993  0.009830  0.011177  0.481091  0.821847  -0.057963  1.000000  
43.822405 0.001961  -0.009728  -0.008110  0.555749  0.808714  0.192679  -0.805715  0.581057  -0.114873  -0.204857  -0.091403  0.974515  0.001047  0.009987  0.011111  0.500431  0.838886  -0.068522  1.000000  
43.823649 0.001963  -0.009715  -0.008097  0.556236  0.808357  0.192769  -0.805711  0.581400  -0.113157  -0.203547  -0.092375  0.974698  0.001076  0.010105  0.010959  0.527876  0.860642  -0.080865  1.000000  
43.824661 0.001965  -0.009704  -0.008088  0.556526  0.808130  0.192886  -0.805775  0.581580  -0.111765  -0.202499  -0.093223  0.974835  0.001140  0.010175  0.010804  0.547594  0.868814  -0.079563  1.000000  
43.825911 0.001966  -0.009691  -0.008078  0.557026  0.807782  0.192900  -0.805790  0.581907  -0.109940  -0.201058  -0.094197  0.975040  0.001095  0.010224  0.010583  0.571130  0.893050  -0.090559  1.000000  
43.826913 0.001966  -0.009682  -0.008069  0.557495  0.807467  0.192865  -0.805759  0.582225  -0.108471  -0.199878  -0.094930  0.975211  0.001057  0.010184  0.010488  0.590069  0.911973  -0.102008  1.000000  
43.828170 0.001967  -0.009670  -0.008057  0.558009  0.807103  0.192899  -0.805792  0.582549  -0.106469  -0.198304  -0.096026  0.975425  0.000926  0.010121  0.010453  0.616755  0.934948  -0.112768  1.000000  
43.829184 0.001967  -0.009661  -0.008047  0.558325  0.806893  0.192863  -0.805895  0.582698  -0.104861  -0.196993  -0.096881  0.975606  0.000954  0.010080  0.010555  0.638287  0.961128  -0.111581  1.000000  
43.830194 0.001967  -0.009652  -0.008035  0.558807  0.806564  0.192847  -0.805881  0.583012  -0.103214  -0.195681  -0.097735  0.975785  0.000873  0.010056  0.010629  0.655923  0.981068  -0.121170  1.000000  
43.831413 0.001968  -0.009641  -0.008022  0.559317  0.806203  0.192876  -0.805908  0.583326  -0.101211  -0.194106  -0.098832  0.975989  0.000836  0.009983  0.010753  0.679921  1.006285  -0.132066  1.000000  
43.832663 0.001968  -0.009629  -0.008007  0.559826  0.805843  0.192904  -0.805932  0.583636  -0.099207  -0.192531  -0.099929  0.976190  0.000866  0.009946  0.010801  0.700875  1.028556  -0.135890  1.000000  
43.833682 0.001969  -0.009620  -0.007997  0.560319  0.805500  0.192906  -0.805934  0.583942  -0.097381  -0.191086  -0.100905  0.976373  0.000878  0.009897  0.010661  0.722333  1.051545  -0.139896  1.000000  
43.834913 0.001973  -0.009607  -0.007984  0.561006  0.805006  0.192972  -0.805859  0.584411  -0.095159  -0.189379  -0.102124  0.976579  0.000951  0.009849  0.010417  0.745035  1.076671  -0.155156  1.000000  
43.836154 0.001975  -0.009594  -0.007972  0.561539  0.804641  0.192942  -0.805917  0.584699  -0.092869  -0.187539  -0.103345  0.976805  0.001051  0.009833  0.010145  0.768153  1.108243  -0.160011  1.000000  
43.837415 0.001978  -0.009582  -0.007961  0.562208  0.804118  0.193174  -0.805816  0.585181  -0.090683  -0.185962  -0.104680  0.976965  0.001141  0.009710  0.009894  0.794879  1.131814  -0.170305  1.000000  
43.838652 0.001982  -0.009570  -0.007951  0.562710  0.803739  0.193289  -0.805829  0.585482  -0.088607  -0.184384  -0.105897  0.977133  0.001231  0.009627  0.009742  0.809949  1.150448  -0.172135  1.000000  
43.839663 0.001984  -0.009561  -0.007942  0.563197  0.803377  0.193378  -0.805818  0.585780  -0.086709  -0.182937  -0.106993  0.977285  0.001309  0.009551  0.009802  0.832786  1.174381  -0.182554  1.000000  
43.840910 0.001987  -0.009551  -0.007930  0.563876  0.802841  0.193626  -0.805730  0.586247  -0.084343  -0.181227  -0.108451  0.977443  0.001414  0.009350  0.009874  0.860915  1.198332  -0.188203  1.000000  
43.842160 0.001989  -0.009541  -0.007917  0.564554  0.802305  0.193870  -0.805638  0.586708  -0.081977  -0.179516  -0.109908  0.977596  0.001553  0.009206  0.010039  0.891690  1.222182  -0.198308  1.000000  
43.843398 0.001992  -0.009532  -0.007904  0.565423  0.801667  0.193977  -0.805466  0.587304  -0.079357  -0.177541  -0.111372  0.977791  0.001679  0.009098  0.010116  0.919627  1.255662  -0.214145  1.000000  
43.844419 0.001994  -0.009525  -0.007894  0.565904  0.801285  0.194154  -0.805447  0.587594  -0.077387  -0.176093  -0.112588  0.977914  0.001836  0.008904  0.009942  0.944863  1.274229  -0.218054  1.000000  
43.845678 0.001998  -0.009516  -0.007883  0.566590  0.800761  0.194314  -0.805365  0.588026  -0.074912  -0.174248  -0.114049  0.978075  0.002082  0.008760  0.009765  0.971234  1.297947  -0.227921  1.000000  
43.846895 0.002003  -0.009506  -0.007873  0.567274  0.800215  0.194567  -0.805281  0.588461  -0.072366  -0.172404  -0.115629  0.978216  0.002371  0.008684  0.009515  1.003134  1.323685  -0.238016  1.000000  
43.848151 0.002009  -0.009497  -0.007865  0.568136  0.799558  0.194755  -0.805094  0.589041  -0.069673  -0.170426  -0.117212  0.978374  0.002687  0.008464  0.009097  1.032646  1.346418  -0.247531  1.000000  
43.849400 0.002015  -0.009488  -0.007856  0.568842  0.799032  0.194849  -0.805039  0.589436  -0.066913  -0.168316  -0.118799  0.978548  0.002910  0.008221  0.008764  1.055539  1.378426  -0.253490  1.000000  
43.850671 0.002022  -0.009478  -0.007848  0.569699  0.798378  0.195029  -0.804845  0.590001  -0.064219  -0.166338  -0.120383  0.978693  0.003210  0.007995  0.008515  1.085248  1.407840  -0.265233  1.000000  
43.851898 0.002030  -0.009469  -0.007840  0.570388  0.797823  0.195287  -0.804763  0.590402  -0.061493  -0.164358  -0.122085  0.978816  0.003493  0.007836  0.008348  1.110957  1.429605  -0.271601  1.000000  
43.853161 0.002036  -0.009461  -0.007830  0.571240  0.797123  0.195651  -0.804561  0.590967  -0.058655  -0.162378  -0.123907  0.978918  0.003717  0.007581  0.008334  1.141241  1.453883  -0.280751  1.000000  
43.854397 0.002043  -0.009453  -0.007818  0.571924  0.796571  0.195902  -0.804472  0.591352  -0.055928  -0.160398  -0.125611  0.979027  0.003975  0.007351  0.008396  1.167740  1.480882  -0.286424  1.000000  
43.855711 0.002050  -0.009446  -0.007807  0.572772  0.795874  0.196256  -0.804261  0.591900  -0.053089  -0.158416  -0.127433  0.979114  0.004264  0.007123  0.008255  1.195485  1.497579  -0.295392  1.000000  
43.856896 0.002056  -0.009438  -0.007795  0.573618  0.795178  0.196606  -0.804046  0.592439  -0.050250  -0.156434  -0.129256  0.979194  0.004479  0.006986  0.008293  1.226331  1.517017  -0.302215  1.000000  
43.857902 0.002062  -0.009433  -0.007788  0.574437  0.794535  0.196813  -0.803794  0.592981  -0.047839  -0.154716  -0.130717  0.979273  0.004789  0.006848  0.008100  1.250554  1.536253  -0.315983  1.000000  
43.859145 0.002070  -0.009426  -0.007781  0.575278  0.793818  0.197249  -0.803572  0.593510  -0.044927  -0.152733  -0.132658  0.979323  0.005092  0.006712  0.007743  1.280223  1.549527  -0.329150  1.000000  
43.860152 0.002077  -0.009421  -0.007775  0.575917  0.793289  0.197516  -0.803414  0.593890  -0.042662  -0.151146  -0.134117  0.979371  0.005377  0.006617  0.007508  1.300996  1.559699  -0.333190  1.000000  
43.861163 0.002084  -0.009416  -0.007770  0.576565  0.792747  0.197799  -0.803271  0.594254  -0.040219  -0.149427  -0.135697  0.979417  0.005628  0.006401  0.007237  1.326678  1.576299  -0.339799  1.000000  
43.862409 0.002093  -0.009409  -0.007764  0.577401  0.792057  0.198126  -0.803038  0.594755  -0.037378  -0.147442  -0.137520  0.979464  0.005850  0.006205  0.007083  1.352759  1.592114  -0.349643  1.000000  
43.863664 0.002103  -0.009402  -0.007757  0.578410  0.791233  0.198474  -0.802697  0.595399  -0.034317  -0.145324  -0.139465  0.979505  0.006115  0.006042  0.007016  1.377044  1.604829  -0.362218  1.000000  
43.864898 0.002112  -0.009396  -0.007749  0.579240  0.790498  0.198982  -0.802455  0.595889  -0.031331  -0.143338  -0.141526  0.979502  0.006320  0.005875  0.006947  1.405230  1.614876  -0.365325  1.000000  
43.865908 0.002119  -0.009392  -0.007743  0.579870  0.789901  0.199517  -0.802283  0.596246  -0.028849  -0.141749  -0.143341  0.979470  0.006380  0.005601  0.006910  1.436684  1.619934  -0.373757  1.000000  
43.867155 0.002129  -0.009387  -0.007735  0.580872  0.789081  0.199848  -0.801930  0.596862  -0.025787  -0.139629  -0.145286  0.979487  0.006559  0.005348  0.006750  1.458923  1.640913  -0.382730  1.000000  
43.868401 0.002138  -0.009382  -0.007730  0.581872  0.788213  0.200364  -0.801571  0.597473  -0.022579  -0.137509  -0.147468  0.979461  0.006746  0.005134  0.006497  1.489031  1.656499  -0.393749  1.000000  
43.869645 0.002147  -0.009379  -0.007724  0.582703  0.787470  0.200869  -0.801328  0.597910  -0.019413  -0.135389  -0.149650  0.979426  0.006874  0.004878  0.006127  1.519209  1.673206  -0.402955  1.000000  
43.870656 0.002155  -0.009375  -0.007721  0.583501  0.786790  0.201218  -0.801037  0.598377  -0.016854  -0.133665  -0.151349  0.979401  0.007019  0.004693  0.005796  1.539350  1.687962  -0.410422  1.000000  
43.871913 0.002164  -0.009371  -0.007718  0.584338  0.786061  0.201636  -0.800800  0.598778  -0.013581  -0.131411  -0.153534  0.979366  0.007222  0.004440  0.005143  1.563260  1.707090  -0.411834  1.000000  
43.873164 0.002174  -0.009368  -0.007714  0.585327  0.785224  0.202031  -0.800423  0.599344  -0.010445  -0.129288  -0.155597  0.979323  0.007408  0.004254  0.004821  1.582784  1.712577  -0.415049  1.000000  
43.874405 0.002185  -0.009364  -0.007710  0.586322  0.784375  0.202438  -0.800055  0.599884  -0.007130  -0.127032  -0.157781  0.979269  0.007516  0.004060  0.004626  1.605478  1.730087  -0.425823  1.000000  
43.875647 0.002195  -0.009360  -0.007706  0.587315  0.783504  0.202933  -0.799682  0.600412  -0.003743  -0.124776  -0.160084  0.979186  0.007698  0.003867  0.004462  1.635463  1.747118  -0.434636  1.000000  
43.876654 0.002205  -0.009357  -0.007702  0.588101  0.782806  0.203351  -0.799372  0.600835  -0.001110  -0.123050  -0.161900  0.979105  0.007822  0.003739  0.004354  1.654721  1.756475  -0.442242  1.000000  
43.877772 0.002214  -0.009354  -0.007698  0.588721  0.782232  0.203765  -0.799180  0.601090  0.001480  -0.121323  -0.163716  0.979019  0.007877  0.003505  0.004224  1.667371  1.754701  -0.437385  1.000000  
43.878921 0.002224  -0.009352  -0.007695  0.589861  0.781229  0.204319  -0.798659  0.601765  0.004805  -0.119198  -0.166015  0.978893  0.007981  0.003285  0.003958  1.698873  1.764372  -0.455952  1.000000  
43.880146 0.002235  -0.009349  -0.007692  0.590833  0.780325  0.204960  -0.798255  0.602265  0.008161  -0.117072  -0.168432  0.978736  0.008115  0.003081  0.003675  1.724485  1.772495  -0.459083  1.000000  
43.881155 0.002244  -0.009348  -0.007691  0.591784  0.779521  0.205278  -0.797821  0.602795  0.010941  -0.115212  -0.170250  0.978643  0.008182  0.002888  0.003358  1.741234  1.783903  -0.468628  1.000000  
43.882157 0.002253  -0.009347  -0.007691  0.592732  0.778693  0.205685  -0.797383  0.603316  0.013795  -0.113351  -0.172186  0.978521  0.008237  0.002626  0.002933  1.762914  1.796344  -0.484794  1.000000  
43.883402 0.002263  -0.009346  -0.007691  0.593870  0.777708  0.206130  -0.796855  0.603925  0.017226  -0.111091  -0.174486  0.978373  0.008338  0.002463  0.002531  1.778509  1.808073  -0.494581  1.000000  
43.884650 0.002273  -0.009345  -0.007692  0.594994  0.776711  0.206646  -0.796310  0.604540  0.020552  -0.108963  -0.176782  0.978200  0.008410  0.002206  0.002183  1.799373  1.815974  -0.504049  1.000000  
43.885656 0.002281  -0.009344  -0.007691  0.595935  0.775886  0.207032  -0.795859  0.605030  0.023405  -0.107101  -0.178716  0.978054  0.008415  0.002070  0.001955  1.818858  1.830638  -0.514019  1.000000  
43.886679 0.002290  -0.009343  -0.007690  0.596873  0.775063  0.207413  -0.795404  0.605511  0.026259  -0.105238  -0.180650  0.977901  0.008489  0.001906  0.001881  1.832247  1.838290  -0.521046  1.000000  
43.887908 0.002299  -0.009343  -0.007689  0.597998  0.774034  0.208015  -0.794855  0.606065  0.029837  -0.102976  -0.183184  0.977670  0.008469  0.001682  0.001670  1.853817  1.847307  -0.530323  1.000000  
43.888912 0.002307  -0.009342  -0.007688  0.598922  0.773198  0.208461  -0.794381  0.606545  0.032586  -0.101246  -0.185114  0.977488  0.008420  0.001531  0.001536  1.869310  1.853462  -0.533325  1.000000  
43.890154 0.002318  -0.009340  -0.007687  0.600025  0.772142  0.209205  -0.793801  0.607114  0.035955  -0.099249  -0.187642  0.977210  0.008424  0.001423  0.001375  1.895226  1.858261  -0.543433  1.000000  
43.891396 0.002329  -0.009339  -0.007686  0.601132  0.771102  0.209862  -0.793227  0.607648  0.039429  -0.097118  -0.190170  0.976936  0.008426  0.001294  0.001112  1.913450  1.861224  -0.553488  1.000000  
43.892399 0.002337  -0.009337  -0.007686  0.602041  0.770254  0.210368  -0.792731  0.608118  0.042075  -0.095520  -0.192096  0.976716  0.008374  0.001170  0.000879  1.929596  1.864138  -0.563843  1.000000  
43.893651 0.002346  -0.009337  -0.007687  0.603135  0.769226  0.210995  -0.792137  0.608654  0.045371  -0.093522  -0.194502  0.976434  0.008282  0.001020  0.000568  1.944997  1.862345  -0.567517  1.000000  
43.894652 0.002354  -0.009336  -0.007689  0.604040  0.768380  0.211489  -0.791635  0.609105  0.048017  -0.091924  -0.196426  0.976200  0.008194  0.000931  0.000284  1.955252  1.865848  -0.577419  1.000000  
43.895664 0.002362  -0.009336  -0.007691  0.605114  0.767399  0.211980  -0.791014  0.609679  0.050884  -0.090191  -0.198470  0.975948  0.008110  0.000848  0.000004  1.964116  1.874777  -0.593449  1.000000  
43.896908 0.002371  -0.009336  -0.007692  0.606192  0.766332  0.212757  -0.790398  0.610195  0.054151  -0.088326  -0.200989  0.975603  0.008033  0.000751  -0.000125  1.983768  1.868776  -0.597878  1.000000  
43.898163 0.002381  -0.009336  -0.007694  0.607438  0.765157  0.213435  -0.789663  0.610835  0.057566  -0.086326  -0.203509  0.975260  0.007974  0.000678  -0.000177  1.995076  1.867692  -0.607829  1.000000  
43.899164 0.002387  -0.009336  -0.007695  0.608496  0.764136  0.214076  -0.789021  0.611390  0.060405  -0.084727  -0.205666  0.974948  0.007852  0.000609  -0.000199  2.007736  1.867920  -0.625272  1.000000  
43.900432 0.002397  -0.009336  -0.007695  0.609736  0.762962  0.214736  -0.788276  0.612004  0.063820  -0.082727  -0.208184  0.974585  0.007846  0.000547  -0.000226  2.022872  1.866829  -0.635305  1.000000  
43.901675 0.002406  -0.009336  -0.007696  0.610972  0.761789  0.215386  -0.787526  0.612603  0.067236  -0.080726  -0.210701  0.974212  0.007774  0.000496  -0.000381  2.036343  1.864331  -0.653392  1.000000  
43.902898 0.002416  -0.009335  -0.007697  0.612360  0.760474  0.216091  -0.786636  0.613367  0.070593  -0.078859  -0.213214  0.973818  0.007822  0.000514  -0.000514  2.054476  1.862358  -0.671795  1.000000  
43.903923 0.002425  -0.009335  -0.007699  0.613240  0.759590  0.216704  -0.786096  0.613753  0.073211  -0.077392  -0.215246  0.973488  0.007820  0.000469  -0.000861  2.063639  1.849796  -0.677069  1.000000  
43.905158 0.002435  -0.009334  -0.007702  0.614628  0.758267  0.217403  -0.785206  0.614460  0.076747  -0.075391  -0.217877  0.973060  0.007766  0.000404  -0.001072  2.076941  1.851055  -0.693071  1.000000  
43.906185 0.002443  -0.009333  -0.007704  0.615678  0.757267  0.217917  -0.784548  0.614926  0.079689  -0.073656  -0.220029  0.972709  0.007732  0.000364  -0.001202  2.086018  1.849299  -0.704139  1.000000  
43.907396 0.002453  -0.009333  -0.007707  0.617059  0.755972  0.218504  -0.783648  0.615615  0.083151  -0.071655  -0.222539  0.972287  0.007731  0.000312  -0.001373  2.098070  1.854207  -0.727537  1.000000  
43.908408 0.002460  -0.009332  -0.007709  0.618097  0.754930  0.219174  -0.782974  0.616071  0.086066  -0.070053  -0.224804  0.971882  0.007726  0.000333  -0.001495  2.112118  1.856149  -0.730216  1.000000  
43.909644 0.002469  -0.009332  -0.007711  0.619472  0.753584  0.219924  -0.782064  0.616712  0.089677  -0.068051  -0.227547  0.971386  0.007699  0.000288  -0.001450  2.125447  1.854811  -0.748019  1.000000  
43.910647 0.002476  -0.009331  -0.007713  0.620660  0.752423  0.220548  -0.781248  0.617335  0.092461  -0.066582  -0.229690  0.970984  0.007659  0.000339  -0.001448  2.131553  1.849100  -0.759023  1.000000  
43.911898 0.002485  -0.009331  -0.007715  0.622028  0.751078  0.221277  -0.780328  0.617947  0.096072  -0.064580  -0.232428  0.970467  0.007620  0.000315  -0.001525  2.147330  1.846633  -0.776477  1.000000  
43.913142 0.002494  -0.009330  -0.007717  0.623547  0.749641  0.221873  -0.779267  0.618747  0.099478  -0.062710  -0.234928  0.969988  0.007581  0.000366  -0.001523  2.154454  1.838429  -0.788405  1.000000  
43.914391 0.002503  -0.009330  -0.007721  0.625067  0.748171  0.222557  -0.778207  0.619482  0.103136  -0.060707  -0.237662  0.969449  0.007559  0.000396  -0.001783  2.169474  1.835638  -0.805696  1.000000  
43.915391 0.002511  -0.009329  -0.007725  0.626248  0.747031  0.223064  -0.777380  0.620032  0.106022  -0.059105  -0.239802  0.969021  0.007605  0.000499  -0.001995  2.177311  1.836315  -0.816597  1.000000  
43.916397 0.002518  -0.009328  -0.007729  0.627262  0.746000  0.223666  -0.776673  0.620444  0.108762  -0.057635  -0.241937  0.968579  0.007568  0.000528  -0.002250  2.186769  1.824246  -0.826662  1.000000  
43.917651 0.002528  -0.009327  -0.007735  0.628767  0.744484  0.224489  -0.775592  0.621148  0.112395  -0.055765  -0.244782  0.967973  0.007529  0.000597  -0.002597  2.195517  1.820202  -0.840719  1.000000  
43.918896 0.002537  -0.009325  -0.007742  0.630108  0.743097  0.225324  -0.774635  0.621683  0.115981  -0.053895  -0.247624  0.967356  0.007510  0.000625  -0.002824  2.210549  1.812636  -0.852442  1.000000  
43.919902 0.002545  -0.009325  -0.007746  0.631273  0.741912  0.225967  -0.773786  0.622198  0.118843  -0.052425  -0.249873  0.966858  0.007455  0.000622  -0.003003  2.217076  1.812586  -0.862688  1.000000  
43.921151 0.002554  -0.009324  -0.007752  0.632771  0.740446  0.226583  -0.772695  0.622845  0.122501  -0.050421  -0.252595  0.966257  0.007411  0.000620  -0.003187  2.224730  1.815083  -0.881881  1.000000  
43.922396 0.002562  -0.009324  -0.007758  0.634265  0.738954  0.227277  -0.771598  0.623459  0.126235  -0.048416  -0.255433  0.965614  0.007313  0.000610  -0.003441  2.238862  1.821821  -0.894269  1.000000  
43.923398 0.002569  -0.009323  -0.007762  0.635584  0.737664  0.227783  -0.770611  0.624063  0.129243  -0.046812  -0.257677  0.965096  0.007279  0.000567  -0.003517  2.252257  1.829293  -0.914114  1.000000  
43.924650 0.002577  -0.009323  -0.007768  0.637069  0.736175  0.228452  -0.769503  0.624645  0.132976  -0.044808  -0.260509  0.964431  0.007221  0.000590  -0.003861  2.265392  1.835620  -0.925878  1.000000  
43.926012 0.002585  -0.009322  -0.007775  0.638704  0.734507  0.229251  -0.768253  0.625373  0.136733  -0.042936  -0.263454  0.963716  0.007103  0.000590  -0.004167  2.269349  1.826829  -0.936539  1.000000  
43.927147 0.002594  -0.009321  -0.007783  0.640184  0.733043  0.229810  -0.767137  0.625893  0.140564  -0.040797  -0.266283  0.963031  0.007122  0.000647  -0.004569  2.288663  1.850593  -0.950153  1.000000  
43.928150 0.002600  -0.009321  -0.007790  0.641488  0.731729  0.230361  -0.766131  0.626425  0.143648  -0.039193  -0.268635  0.962444  0.007114  0.000662  -0.004885  2.302616  1.856486  -0.965678  1.000000  
43.929395 0.002609  -0.009319  -0.007799  0.643110  0.730064  0.231120  -0.764864  0.627101  0.147404  -0.037321  -0.271572  0.961694  0.007062  0.000668  -0.005229  2.313189  1.859754  -0.981524  1.000000  
43.930396 0.002616  -0.009318  -0.007806  0.644403  0.728756  0.231644  -0.763845  0.627652  0.150313  -0.035850  -0.273803  0.961118  0.007092  0.000725  -0.005426  2.321964  1.862531  -0.992838  1.000000  
43.931660 0.002626  -0.009317  -0.007815  0.646017  0.727092  0.232376  -0.762566  0.628295  0.154069  -0.033978  -0.276734  0.960346  0.007035  0.000706  -0.005648  2.334723  1.864541  -1.008046  1.000000  
43.932896 0.002635  -0.009316  -0.007825  0.647623  0.725406  0.233177  -0.761279  0.628949  0.157728  -0.032240  -0.279661  0.959557  0.007004  0.000690  -0.005892  2.348325  1.865854  -1.017054  1.000000  
43.934146 0.002644  -0.009316  -0.007834  0.649383  0.723557  0.234022  -0.759855  0.629666  0.161685  -0.030368  -0.282819  0.958693  0.006949  0.000625  -0.006104  2.371924  1.876162  -1.038581  1.000000  
43.935395 0.002652  -0.009315  -0.007843  0.651141  0.721763  0.234680  -0.758427  0.630353  0.165663  -0.028362  -0.285857  0.957852  0.006922  0.000590  -0.006294  2.386398  1.886699  -1.058709  1.000000  
43.936397 0.002659  -0.009316  -0.007851  0.652571  0.720300  0.235200  -0.757250  0.630963  0.168697  -0.026890  -0.288192  0.957195  0.006906  0.000553  -0.006529  2.395742  1.884495  -1.076282  1.000000  
43.937399 0.002666  -0.009316  -0.007859  0.653845  0.718964  0.235749  -0.756206  0.631362  0.171855  -0.025285  -0.290641  0.956498  0.006941  0.000526  -0.006879  2.406596  1.890943  -1.085489  1.000000  
43.938648 0.002674  -0.009317  -0.007870  0.655430  0.717249  0.236570  -0.754893  0.631858  0.175763  -0.023413  -0.293786  0.955584  0.006867  0.000412  -0.007079  2.416297  1.891493  -1.088490  1.000000  
43.939648 0.002680  -0.009318  -0.007880  0.656695  0.715889  0.237181  -0.753837  0.632259  0.178824  -0.021941  -0.296229  0.954865  0.006872  0.000352  -0.007471  2.430820  1.893684  -1.097946  1.000000  
43.940648 0.002687  -0.009318  -0.007890  0.658113  0.714427  0.237661  -0.752645  0.632764  0.182030  -0.020336  -0.298670  0.954140  0.006921  0.000299  -0.007839  2.438556  1.907056  -1.112776  1.000000  
43.941659 0.002693  -0.009318  -0.007899  0.659527  0.712936  0.238216  -0.751448  0.633234  0.185312  -0.018731  -0.301225  0.953369  0.006879  0.000290  -0.007991  2.449639  1.910927  -1.120099  1.000000  
43.942898 0.002701  -0.009318  -0.007912  0.661403  0.710964  0.238906  -0.749841  0.633954  0.189317  -0.016858  -0.304356  0.952409  0.006834  0.000222  -0.008283  2.472351  1.920150  -1.134824  1.000000  
43.944149 0.002709  -0.009317  -0.007924  0.663119  0.709124  0.239617  -0.748364  0.634506  0.193271  -0.014985  -0.307482  0.951436  0.006780  0.000146  -0.008467  2.485985  1.923020  -1.143623  1.000000  
