1-Time 2-Px 3-Py 4-Pz 5-R11 6-R21 7-R31 8-R12 9-R22 10-R32 11-R13 12-R23 13-R33 14-Vx 15-Vy 16-Vz 17-Wx 18-Wy 19-Wz 20-state
131.911603 -0.007860  0.004588  -0.066246  0.317148  0.603884  0.731260  -0.925256  0.366240  0.098839  -0.208130  -0.707950  0.674899  -0.011498  -0.000166  -0.004444  -0.433930  -0.033543  0.111221  1.000000  
131.912798 -0.007875  0.004585  -0.066246  0.317148  0.604238  0.730967  -0.925256  0.366288  0.098661  -0.208130  -0.707622  0.675243  -0.014429  -0.002753  -0.000502  -0.437360  -0.033754  0.112117  1.000000  
131.914043 -0.007878  0.004569  -0.066181  0.317157  0.604624  0.730645  -0.925283  0.366246  0.098569  -0.207999  -0.707315  0.675605  -0.007685  -0.008387  0.028506  -0.435984  -0.025700  0.110782  1.000000  
131.915280 -0.007876  0.004551  -0.066098  0.317356  0.605022  0.730228  -0.925244  0.366341  0.098582  -0.207868  -0.706925  0.676053  -0.004560  -0.010482  0.042192  -0.437801  -0.012623  0.103957  1.000000  
131.916288 -0.007878  0.004543  -0.066048  0.317365  0.605318  0.729979  -0.925270  0.366287  0.098535  -0.207737  -0.706699  0.676330  -0.003893  -0.009929  0.043886  0.000000  0.000000  0.000000  1.000000  
131.917531 -0.007885  0.004543  -0.066010  0.317365  0.605761  0.729611  -0.925270  0.366347  0.098312  -0.207737  -0.706288  0.676758  -0.004242  -0.007848  0.040942  0.000000  0.000000  0.000000  1.000000  
131.918787 -0.007901  0.004548  -0.065990  0.317374  0.606146  0.729288  -0.925296  0.366305  0.098220  -0.207606  -0.705980  0.677120  -0.005873  -0.005719  0.036593  0.000000  0.000000  0.000000  1.000000  
131.920048 -0.007925  0.004552  -0.065971  0.317383  0.606530  0.728964  -0.925322  0.366264  0.098128  -0.207475  -0.705672  0.677482  -0.007783  -0.004265  0.033272  0.000000  0.000000  0.000000  1.000000  
131.921279 -0.007942  0.004553  -0.065946  0.317383  0.606884  0.728670  -0.925322  0.366311  0.097951  -0.207475  -0.705343  0.677824  -0.008608  -0.003630  0.031529  0.000000  0.000000  0.000000  1.000000  
131.922550 -0.007949  0.004544  -0.065908  0.317383  0.607237  0.728376  -0.925322  0.366359  0.097773  -0.207475  -0.705014  0.678166  -0.008224  -0.004015  0.031411  0.000000  0.000000  0.000000  1.000000  
131.923819 -0.007954  0.004530  -0.065855  0.317193  0.607666  0.728101  -0.925388  0.366281  0.097445  -0.207475  -0.704685  0.678508  -0.007815  -0.004800  0.032465  0.000000  0.000000  0.000000  1.000000  
131.925033 -0.007964  0.004518  -0.065797  0.316794  0.608020  0.727979  -0.925466  0.366245  0.096840  -0.207737  -0.704398  0.678726  -0.007850  -0.005217  0.033897  -0.409361  -0.000983  0.042914  1.000000  
131.926046 -0.007976  0.004512  -0.065747  0.316594  0.608154  0.727954  -0.925505  0.366220  0.096560  -0.207868  -0.704295  0.678792  -0.008088  -0.005291  0.034953  -0.391775  -0.017597  0.042861  1.000000  
131.927286 -0.007990  0.004501  -0.065677  0.316386  0.608168  0.728033  -0.925517  0.366273  0.096238  -0.208130  -0.704255  0.678754  -0.007994  -0.005784  0.038801  -0.363217  -0.037515  0.035959  1.000000  
131.928541 -0.008001  0.004483  -0.065597  0.316195  0.608243  0.728053  -0.925582  0.366148  0.096089  -0.208130  -0.704255  0.678754  -0.008378  -0.006064  0.040785  -0.338566  -0.043381  0.041582  1.000000  
131.929787 -0.008004  0.004463  -0.065515  0.315814  0.608394  0.728092  -0.925712  0.365898  0.095789  -0.208130  -0.704255  0.678754  -0.008503  -0.006311  0.041164  -0.319895  -0.056530  0.054186  1.000000  
131.931029 -0.008001  0.004448  -0.065448  0.315442  0.608575  0.728102  -0.925869  0.365558  0.095575  -0.207999  -0.704275  0.678773  -0.008247  -0.006408  0.040725  -0.303685  -0.063177  0.070189  1.000000  
131.932036 -0.008002  0.004441  -0.065407  0.315260  0.608769  0.728019  -0.925960  0.365355  0.095467  -0.207868  -0.704213  0.678878  -0.008082  -0.006734  0.041121  -0.296691  -0.062640  0.078357  1.000000  
131.933281 -0.008013  0.004435  -0.065361  0.314888  0.609038  0.727955  -0.926116  0.365027  0.095209  -0.207737  -0.704151  0.678982  -0.007840  -0.007540  0.042920  -0.289121  -0.068224  0.091282  1.000000  
131.934531 -0.008031  0.004431  -0.065300  0.314697  0.609290  0.727827  -0.926181  0.364924  0.094970  -0.207737  -0.703986  0.679153  -0.007460  -0.008180  0.045780  -0.285787  -0.070856  0.092403  1.000000  
131.935531 -0.008042  0.004426  -0.065235  0.314516  0.609483  0.727743  -0.926272  0.364721  0.094862  -0.207606  -0.703924  0.679258  -0.007311  -0.008515  0.048516  -0.280651  -0.070087  0.098453  1.000000  
131.936538 -0.008051  0.004418  -0.065152  0.314334  0.609765  0.727585  -0.926363  0.364530  0.094710  -0.207475  -0.703779  0.679448  -0.007216  -0.009042  0.053007  -0.280758  -0.069355  0.103991  1.000000  
131.937782 -0.008056  0.004399  -0.065030  0.314161  0.610166  0.727325  -0.926480  0.364260  0.094600  -0.207214  -0.703571  0.679743  -0.007093  -0.009554  0.057893  -0.282944  -0.064481  0.111818  1.000000  
131.939031 -0.008057  0.004377  -0.064902  0.314179  0.610667  0.726896  -0.926533  0.364139  0.094551  -0.206952  -0.703199  0.680208  -0.006750  -0.010017  0.063057  -0.292218  -0.054692  0.113798  1.000000  
131.940281 -0.008063  0.004364  -0.064788  0.313988  0.611095  0.726619  -0.926597  0.364059  0.094225  -0.206952  -0.702869  0.680549  -0.006320  -0.010213  0.066747  -0.297925  -0.057363  0.113715  1.000000  
131.941282 -0.008074  0.004363  -0.064718  0.313988  0.611535  0.726248  -0.926597  0.364116  0.094004  -0.206952  -0.702456  0.680975  -0.006291  -0.009885  0.068008  -0.308381  -0.055383  0.109874  1.000000  
131.942301 -0.008088  0.004368  -0.064668  0.313988  0.611887  0.725951  -0.926597  0.364162  0.093828  -0.206952  -0.702125  0.681316  -0.006513  -0.008803  0.067295  -0.309676  -0.054838  0.108907  1.000000  
131.943531 -0.008108  0.004371  -0.064615  0.313806  0.612433  0.725570  -0.926688  0.364004  0.093544  -0.206821  -0.701732  0.681761  -0.007098  -0.007459  0.065506  -0.312731  -0.059193  0.112753  1.000000  
131.944540 -0.008119  0.004369  -0.064569  0.313806  0.612873  0.725199  -0.926688  0.364060  0.093323  -0.206821  -0.701318  0.682186  -0.007807  -0.006316  0.064087  -0.322354  -0.067094  0.114275  1.000000  
131.945788 -0.008127  0.004361  -0.064500  0.313815  0.613342  0.724797  -0.926714  0.364028  0.093189  -0.206690  -0.700924  0.682631  -0.008540  -0.005948  0.064240  -0.322464  -0.063950  0.117571  1.000000  
131.947034 -0.008125  0.004347  -0.064418  0.313824  0.613812  0.724396  -0.926741  0.363996  0.093054  -0.206559  -0.700530  0.683075  -0.008161  -0.006278  0.065998  -0.326502  -0.063890  0.117611  1.000000  
131.948309 -0.008122  0.004330  -0.064322  0.313833  0.614281  0.723994  -0.926767  0.363963  0.092920  -0.206428  -0.700135  0.683519  -0.007039  -0.007083  0.069964  -0.328577  -0.064230  0.118407  1.000000  
131.949531 -0.008126  0.004310  -0.064220  0.313841  0.614750  0.723592  -0.926793  0.363931  0.092786  -0.206297  -0.699740  0.683963  -0.006281  -0.008098  0.072226  -0.333036  -0.061114  0.121814  1.000000  
131.950531 -0.008132  0.004295  -0.064139  0.314041  0.615056  0.723245  -0.926754  0.364014  0.092845  -0.206166  -0.699428  0.684321  -0.005845  -0.008766  0.072986  -0.336957  -0.055749  0.116166  1.000000  
131.951783 -0.008137  0.004280  -0.064048  0.314250  0.615655  0.722645  -0.926742  0.364042  0.092859  -0.205905  -0.698886  0.684954  -0.005619  -0.008888  0.071626  -0.348020  -0.044688  0.118054  1.000000  
131.953032 -0.008135  0.004268  -0.063965  0.314831  0.616074  0.722035  -0.926574  0.364413  0.093082  -0.205774  -0.698324  0.685566  -0.005321  -0.008280  0.068702  -0.354038  -0.022186  0.102417  1.000000  
131.954281 -0.008130  0.004257  -0.063886  0.315230  0.616772  0.721265  -0.926496  0.364592  0.093155  -0.205512  -0.697614  0.686367  -0.004831  -0.007710  0.065497  -0.369994  0.001662  0.097972  1.000000  
131.955531 -0.008128  0.004249  -0.063808  0.315811  0.617451  0.720429  -0.926327  0.364998  0.093245  -0.205381  -0.696801  0.687232  -0.004094  -0.007722  0.063859  -0.394760  0.035438  0.084877  1.000000  
131.956533 -0.008129  0.004246  -0.063745  0.316192  0.618086  0.719716  -0.926197  0.365354  0.093143  -0.205381  -0.696050  0.687992  -0.003311  -0.008093  0.064079  -0.423523  0.052718  0.073247  1.000000  
131.957781 -0.008132  0.004246  -0.063664  0.316773  0.619025  0.718654  -0.926028  0.365794  0.093098  -0.205250  -0.694984  0.689108  -0.002441  -0.008275  0.065693  -0.470372  0.078217  0.060796  1.000000  
131.958796 -0.008134  0.004246  -0.063593  0.317345  0.619757  0.717770  -0.925832  0.366301  0.093053  -0.205250  -0.694064  0.690035  -0.001359  -0.008458  0.067767  -0.513151  0.098215  0.042277  1.000000  
131.960037 -0.008131  0.004242  -0.063487  0.318298  0.620597  0.716621  -0.925505  0.367098  0.093168  -0.205250  -0.692891  0.691212  -0.000522  -0.008290  0.070435  -0.560305  0.132106  0.009023  1.000000  
131.961037 -0.008125  0.004235  -0.063391  0.319060  0.621250  0.715715  -0.925242  0.367733  0.093268  -0.205250  -0.691968  0.692136  0.000045  -0.008190  0.072996  -0.597912  0.153092  -0.017987  1.000000  
131.962283 -0.008116  0.004222  -0.063264  0.319822  0.622248  0.714507  -0.924979  0.368415  0.093187  -0.205250  -0.690708  0.693394  0.000492  -0.008055  0.075737  -0.646583  0.178923  -0.049838  1.000000  
131.963531 -0.008108  0.004208  -0.063145  0.320393  0.623406  0.713241  -0.924781  0.368980  0.092912  -0.205250  -0.689361  0.694733  0.000969  -0.007770  0.077160  -0.697946  0.194996  -0.072252  1.000000  
131.964797 -0.008106  0.004195  -0.063045  0.321145  0.624368  0.712060  -0.924491  0.369750  0.092739  -0.205381  -0.688076  0.695967  0.001534  -0.007256  0.076856  -0.747433  0.212563  -0.102570  1.000000  
131.965811 -0.008107  0.004190  -0.062981  0.321716  0.625089  0.711169  -0.924293  0.370260  0.092685  -0.205381  -0.687147  0.696884  0.001833  -0.006725  0.075756  -0.778040  0.228457  -0.124914  1.000000  
131.967030 -0.008106  0.004187  -0.062907  0.322287  0.626153  0.709974  -0.924094  0.370814  0.092450  -0.205381  -0.685878  0.698133  0.002078  -0.005978  0.075070  -0.819318  0.242611  -0.146323  1.000000  
131.968279 -0.008100  0.004183  -0.062826  0.322858  0.627043  0.708929  -0.923895  0.371347  0.092303  -0.205381  -0.684776  0.699214  0.002301  -0.005516  0.074946  -0.850132  0.255250  -0.171848  1.000000  
131.969283 -0.008091  0.004174  -0.062747  0.323428  0.627759  0.708035  -0.923695  0.371858  0.092245  -0.205381  -0.683843  0.700127  0.002611  -0.005515  0.076147  -0.877357  0.268418  -0.191039  1.000000  
131.970531 -0.008077  0.004153  -0.062629  0.323999  0.628816  0.706835  -0.923495  0.372413  0.092004  -0.205381  -0.682568  0.701370  0.003383  -0.006394  0.078640  -0.916599  0.287404  -0.210502  1.000000  
131.971783 -0.008067  0.004130  -0.062495  0.324569  0.629785  0.705709  -0.923295  0.372958  0.091808  -0.205381  -0.681376  0.702528  0.004309  -0.007798  0.082599  -0.941083  0.299008  -0.223317  1.000000  
131.973030 -0.008060  0.004113  -0.062360  0.325320  0.630645  0.704595  -0.923001  0.373719  0.091666  -0.205512  -0.680163  0.703664  0.004991  -0.009012  0.086056  -0.970457  0.319333  -0.250600  1.000000  
131.974031 -0.008057  0.004104  -0.062259  0.325691  0.631400  0.703746  -0.922842  0.374186  0.091368  -0.205643  -0.679204  0.704552  0.005123  -0.009486  0.087690  -0.991930  0.322259  -0.266734  1.000000  
131.975031 -0.008056  0.004096  -0.062168  0.326062  0.632240  0.702821  -0.922681  0.374665  0.091023  -0.205774  -0.678159  0.705520  0.005032  -0.009724  0.087986  -1.021523  0.325166  -0.282884  1.000000  
131.976033 -0.008055  0.004089  -0.062079  0.326442  0.633193  0.701785  -0.922547  0.375069  0.090722  -0.205774  -0.677045  0.706588  0.004703  -0.009740  0.087523  -1.054892  0.331100  -0.295841  1.000000  
131.977283 -0.008052  0.004081  -0.061965  0.327011  0.634407  0.700423  -0.922345  0.375647  0.090381  -0.205774  -0.675587  0.707983  0.004271  -0.009465  0.086586  -1.104378  0.344567  -0.316411  1.000000  
131.978286 -0.008048  0.004075  -0.061871  0.327572  0.635248  0.699398  -0.922117  0.376266  0.090131  -0.205905  -0.674451  0.709027  0.004112  -0.009059  0.086365  -1.132224  0.352644  -0.331835  1.000000  
131.979302 -0.008044  0.004070  -0.061772  0.327951  0.636280  0.698281  -0.921982  0.376681  0.089779  -0.205905  -0.673246  0.710171  0.004207  -0.008667  0.087347  -1.173820  0.360972  -0.347316  1.000000  
131.980533 -0.008041  0.004061  -0.061644  0.328313  0.637503  0.696995  -0.921795  0.377297  0.089110  -0.206166  -0.671742  0.711518  0.004462  -0.008730  0.090767  -1.217973  0.355838  -0.362328  1.000000  
131.981533 -0.008040  0.004053  -0.061537  0.328683  0.638415  0.695984  -0.921634  0.377785  0.088711  -0.206297  -0.670600  0.712556  0.004403  -0.008994  0.093316  -1.249262  0.350571  -0.377022  1.000000  
131.982781 -0.008038  0.004044  -0.061398  0.329044  0.639633  0.694694  -0.921446  0.378399  0.088038  -0.206559  -0.669092  0.713897  0.004305  -0.009449  0.097498  -1.291477  0.335648  -0.382130  1.000000  
131.984031 -0.008032  0.004034  -0.061250  0.329414  0.640794  0.693448  -0.921285  0.378917  0.087499  -0.206690  -0.667686  0.715174  0.004066  -0.009575  0.101331  -1.320052  0.325409  -0.392060  1.000000  
131.985281 -0.008022  0.004019  -0.061096  0.329784  0.641869  0.692277  -0.921123  0.379424  0.087004  -0.206821  -0.666365  0.716368  0.003863  -0.009221  0.103915  -1.341846  0.313640  -0.393958  1.000000  
131.986531 -0.008012  0.004002  -0.060943  0.330144  0.642827  0.691215  -0.920935  0.380003  0.086464  -0.207083  -0.665110  0.717458  0.003778  -0.008812  0.105223  -1.350917  0.304087  -0.397335  1.000000  
131.987531 -0.008005  0.003990  -0.060830  0.330505  0.643532  0.690386  -0.920747  0.380551  0.086060  -0.207345  -0.664114  0.718304  0.003829  -0.008652  0.105505  -1.355378  0.291614  -0.405577  1.000000  
131.988532 -0.008000  0.003980  -0.060729  0.330874  0.644182  0.689603  -0.920585  0.381003  0.085792  -0.207475  -0.663224  0.719088  0.003947  -0.008549  0.105459  -1.353374  0.283298  -0.404389  1.000000  
131.989780 -0.007997  0.003970  -0.060613  0.331225  0.645022  0.688649  -0.920370  0.381654  0.085202  -0.207868  -0.662033  0.720072  0.003965  -0.008522  0.105077  -1.353016  0.261394  -0.401022  1.000000  
131.991031 -0.007996  0.003958  -0.060496  0.331576  0.645860  0.687694  -0.920155  0.382303  0.084611  -0.208261  -0.660840  0.721053  0.003955  -0.008689  0.105537  -1.352659  0.237031  -0.395994  1.000000  
131.992282 -0.007993  0.003944  -0.060365  0.331926  0.646696  0.686738  -0.919940  0.382952  0.084018  -0.208653  -0.659646  0.722033  0.003887  -0.009081  0.106734  -1.347093  0.217353  -0.395834  1.000000  
131.993287 -0.007988  0.003931  -0.060245  0.332475  0.647232  0.685967  -0.919682  0.383619  0.083796  -0.208915  -0.658732  0.722791  0.003956  -0.009636  0.108539  -1.333591  0.211975  -0.405604  1.000000  
131.994534 -0.007978  0.003913  -0.060080  0.333005  0.648039  0.684948  -0.919371  0.384492  0.083203  -0.209438  -0.657428  0.723826  0.004405  -0.010414  0.111323  -1.331680  0.196922  -0.410590  1.000000  
131.995536 -0.007969  0.003898  -0.059943  0.333544  0.648624  0.684131  -0.919086  0.385251  0.082839  -0.209831  -0.656405  0.724640  0.004878  -0.010926  0.113613  -1.332197  0.186635  -0.420302  1.000000  
131.996800 -0.007959  0.003884  -0.059777  0.334262  0.649431  0.683014  -0.918705  0.386266  0.082335  -0.210354  -0.655010  0.725750  0.005443  -0.011242  0.115463  -1.328477  0.177100  -0.437189  1.000000  
131.998042 -0.007954  0.003875  -0.059624  0.334971  0.650287  0.681852  -0.918298  0.387371  0.081690  -0.211008  -0.653506  0.726915  0.005583  -0.011188  0.116256  -1.339444  0.164592  -0.457901  1.000000  
131.999282 -0.007949  0.003872  -0.059477  0.335499  0.651332  0.680593  -0.917984  0.388269  0.080945  -0.211531  -0.651931  0.728176  0.005349  -0.010643  0.116074  -1.353078  0.149482  -0.466755  1.000000  
132.000538 -0.007943  0.003869  -0.059331  0.336405  0.652132  0.679379  -0.917532  0.389424  0.080524  -0.212054  -0.650441  0.729356  0.005077  -0.009699  0.115414  -1.356864  0.145787  -0.492947  1.000000  
132.001781 -0.007935  0.003865  -0.059179  0.337111  0.652978  0.678215  -0.917121  0.390525  0.079868  -0.212708  -0.648930  0.730510  0.004981  -0.008799  0.115652  -1.360675  0.131997  -0.509346  1.000000  
132.003031 -0.007925  0.003858  -0.059021  0.338015  0.653771  0.677000  -0.916667  0.391678  0.079439  -0.213231  -0.647435  0.731683  0.005141  -0.008417  0.117164  -1.366173  0.126719  -0.527899  1.000000  
132.004281 -0.007916  0.003850  -0.058859  0.339098  0.654531  0.675723  -0.916115  0.393055  0.079006  -0.213884  -0.645831  0.732909  0.005431  -0.008225  0.119999  -1.374072  0.126239  -0.555311  1.000000  
132.005281 -0.007911  0.003842  -0.058728  0.339812  0.655070  0.674842  -0.915728  0.394032  0.078621  -0.214407  -0.644688  0.733763  0.005617  -0.008195  0.122587  -1.370914  0.124614  -0.574527  1.000000  
132.006282 -0.007910  0.003834  -0.058595  0.340516  0.655658  0.673915  -0.915313  0.395100  0.078094  -0.215061  -0.643435  0.734670  0.005737  -0.008090  0.125446  -1.368688  0.115385  -0.594897  1.000000  
132.007531 -0.007911  0.003823  -0.058429  0.341596  0.656244  0.672797  -0.914757  0.396455  0.077745  -0.215714  -0.642003  0.735731  0.005452  -0.007858  0.127193  -1.356008  0.111288  -0.624957  1.000000  
132.008536 -0.007910  0.003814  -0.058297  0.342309  0.656857  0.671836  -0.914367  0.397439  0.077303  -0.216236  -0.640766  0.736655  0.005101  -0.007589  0.127839  -1.349401  0.105611  -0.644439  1.000000  
132.009552 -0.007909  0.003805  -0.058170  0.343199  0.657356  0.670893  -0.913878  0.398638  0.076905  -0.216890  -0.639508  0.737555  0.004536  -0.007057  0.126955  -1.343893  0.104787  -0.671239  1.000000  
132.010786 -0.007906  0.003794  -0.058019  0.344276  0.658094  0.669616  -0.913318  0.400008  0.076447  -0.217543  -0.637891  0.738763  0.003960  -0.006623  0.125804  -1.340066  0.107463  -0.698324  1.000000  
132.012033 -0.007903  0.003789  -0.057876  0.345530  0.658797  0.668278  -0.912657  0.401602  0.075981  -0.218326  -0.636163  0.740021  0.003634  -0.006181  0.124675  -1.335009  0.115874  -0.741303  1.000000  
132.013286 -0.007905  0.003786  -0.057736  0.346595  0.659495  0.667037  -0.912065  0.403049  0.075420  -0.219109  -0.634521  0.741198  0.003201  -0.005918  0.123973  -1.332881  0.115626  -0.776626  1.000000  
132.014532 -0.007910  0.003786  -0.057596  0.347658  0.660351  0.665635  -0.911472  0.404513  0.074756  -0.219893  -0.632697  0.742524  0.002559  -0.005763  0.123589  -1.340209  0.117680  -0.802441  1.000000  
132.015782 -0.007915  0.003785  -0.057447  0.348710  0.661172  0.664269  -0.910849  0.406053  0.073993  -0.220806  -0.630851  0.743823  0.001695  -0.005651  0.123605  -1.350389  0.110048  -0.842258  1.000000  
132.016786 -0.007918  0.003783  -0.057318  0.349605  0.661921  0.663051  -0.910379  0.407192  0.073515  -0.221328  -0.629329  0.744955  0.001035  -0.005487  0.123993  -1.368503  0.119845  -0.868515  1.000000  
132.018052 -0.007920  0.003780  -0.057146  0.350853  0.662758  0.661554  -0.909708  0.408795  0.072921  -0.222111  -0.627406  0.746343  0.000203  -0.005191  0.124782  -1.388395  0.126818  -0.905404  1.000000  
132.019279 -0.007923  0.003778  -0.056970  0.352286  0.663505  0.660042  -0.908963  0.410533  0.072456  -0.222894  -0.625479  0.747726  -0.000502  -0.004823  0.125974  -1.405184  0.137247  -0.940840  1.000000  
132.020280 -0.007929  0.003777  -0.056834  0.353167  0.664291  0.658780  -0.908460  0.411754  0.071821  -0.223546  -0.623840  0.748900  -0.001148  -0.004327  0.126231  -1.427004  0.143214  -0.969869  1.000000  
132.021283 -0.007936  0.003780  -0.056707  0.354048  0.665152  0.657437  -0.907957  0.412983  0.071130  -0.224198  -0.622108  0.750145  -0.001747  -0.003481  0.125733  -1.455787  0.144597  -0.994211  1.000000  
132.022531 -0.007949  0.003786  -0.056558  0.355290  0.666206  0.655697  -0.907278  0.414604  0.070361  -0.224980  -0.619898  0.751738  -0.002594  -0.002341  0.124551  -1.484790  0.149830  -1.023497  1.000000  
132.023534 -0.007960  0.003792  -0.056443  0.356158  0.667027  0.654390  -0.906743  0.415906  0.069566  -0.225762  -0.618140  0.752950  -0.003302  -0.001477  0.123654  -1.513977  0.146694  -1.042796  1.000000  
132.024539 -0.007969  0.003797  -0.056326  0.357222  0.667868  0.652951  -0.906162  0.417274  0.068944  -0.226414  -0.616308  0.754256  -0.004021  -0.000551  0.123053  -1.544950  0.155515  -1.069254  1.000000  
132.025787 -0.007978  0.003801  -0.056176  0.358636  0.668707  0.651315  -0.905375  0.419093  0.068245  -0.227326  -0.614159  0.755733  -0.004909  0.000512  0.122953  -1.566897  0.160376  -1.098873  1.000000  
132.027035 -0.007985  0.003804  -0.056022  0.359861  0.669626  0.649693  -0.904659  0.420772  0.067403  -0.228238  -0.612006  0.757203  -0.005586  0.001087  0.123760  -1.587913  0.160561  -1.122101  1.000000  
132.028287 -0.007994  0.003806  -0.055863  0.361260  0.670421  0.648095  -0.903837  0.422662  0.066593  -0.229280  -0.609830  0.758643  -0.005957  0.001314  0.125069  -1.602132  0.166074  -1.160869  1.000000  
132.029303 -0.008001  0.003808  -0.055736  0.362296  0.671100  0.646813  -0.903191  0.424165  0.065808  -0.230192  -0.608037  0.759804  -0.006202  0.001465  0.125924  -1.616086  0.166456  -1.184416  1.000000  
132.030530 -0.008011  0.003810  -0.055584  0.363493  0.672017  0.645187  -0.902410  0.425993  0.064703  -0.231363  -0.605742  0.761280  -0.006424  0.001649  0.126349  -1.639444  0.155039  -1.208670  1.000000  
132.031532 -0.008018  0.003813  -0.055465  0.364515  0.672655  0.643945  -0.901730  0.427564  0.063811  -0.232404  -0.603925  0.762406  -0.006727  0.001940  0.125794  -1.656926  0.151993  -1.237659  1.000000  
132.032537 -0.008025  0.003816  -0.055346  0.365325  0.673394  0.642712  -0.901065  0.429150  0.062540  -0.233706  -0.601973  0.763551  -0.007144  0.002370  0.124286  -1.678550  0.129601  -1.262881  1.000000  
132.033858 -0.008034  0.003819  -0.055198  0.366691  0.674251  0.641033  -0.900172  0.431185  0.061398  -0.235006  -0.599554  0.765054  -0.007506  0.002773  0.121926  -1.697381  0.121671  -1.289922  1.000000  
132.035033 -0.008042  0.003824  -0.055052  0.368065  0.675053  0.639399  -0.899304  0.433133  0.060393  -0.236177  -0.597243  0.766499  -0.007655  0.003167  0.120852  -1.730141  0.113592  -1.315136  1.000000  
132.036034 -0.008048  0.003829  -0.054937  0.369265  0.675735  0.637986  -0.898539  0.434842  0.059501  -0.237217  -0.595226  0.767746  -0.007622  0.003316  0.119971  -1.753021  0.113276  -1.339377  1.000000  
132.037303 -0.008060  0.003838  -0.054791  0.370795  0.676526  0.636257  -0.897529  0.437082  0.058313  -0.238646  -0.592682  0.769270  -0.007477  0.003507  0.119595  -1.786665  0.101746  -1.371259  1.000000  
132.038529 -0.008070  0.003847  -0.054637  0.372322  0.677462  0.634367  -0.896516  0.439329  0.057008  -0.240075  -0.589945  0.770927  -0.007362  0.003693  0.120376  -1.821116  0.094472  -1.406818  1.000000  
132.039781 -0.008079  0.003855  -0.054473  0.373834  0.678280  0.632601  -0.895467  0.441635  0.055649  -0.241633  -0.587277  0.772476  -0.007172  0.003857  0.121577  -1.855033  0.082527  -1.438934  1.000000  
132.040783 -0.008084  0.003861  -0.054336  0.375195  0.678888  0.631141  -0.894581  0.443544  0.054703  -0.242802  -0.585131  0.773737  -0.007062  0.003997  0.122694  -1.877775  0.074589  -1.468692  1.000000  
132.042031 -0.008089  0.003867  -0.054163  0.376726  0.679826  0.629218  -0.893585  0.445700  0.053459  -0.244099  -0.582399  0.775388  -0.006875  0.004220  0.123946  -1.909610  0.064854  -1.490176  1.000000  
132.043036 -0.008094  0.003872  -0.054027  0.378266  0.680326  0.627751  -0.892614  0.447740  0.052625  -0.245267  -0.580245  0.776633  -0.006787  0.004486  0.124500  -1.935740  0.063835  -1.526682  1.000000  
132.044284 -0.008103  0.003880  -0.053863  0.379935  0.680985  0.626026  -0.891439  0.450232  0.051255  -0.246953  -0.577538  0.778116  -0.006764  0.004810  0.125041  -1.956108  0.051563  -1.567133  1.000000  
132.045290 -0.008111  0.003888  -0.053740  0.381102  0.681655  0.624586  -0.890617  0.451981  0.050145  -0.248120  -0.575377  0.779344  -0.006793  0.005234  0.124890  -1.975693  0.042214  -1.588388  1.000000  
132.046539 -0.008122  0.003896  -0.053590  0.382593  0.682570  0.622672  -0.889542  0.454260  0.048611  -0.249675  -0.572491  0.780972  -0.006897  0.005580  0.124971  -2.002255  0.028656  -1.621079  1.000000  
132.047780 -0.008132  0.003902  -0.053441  0.384237  0.683245  0.620917  -0.888322  0.456805  0.047054  -0.251488  -0.569654  0.782463  -0.007015  0.005715  0.125014  -2.026139  0.008936  -1.653259  1.000000  
132.048783 -0.008139  0.003904  -0.053317  0.385369  0.683908  0.619484  -0.887427  0.458681  0.045669  -0.252912  -0.567346  0.783680  -0.007072  0.005706  0.126034  -2.043530  -0.015694  -1.677593  1.000000  
132.050030 -0.008147  0.003905  -0.053154  0.387005  0.684564  0.617737  -0.886196  0.461209  0.044089  -0.254724  -0.564499  0.785148  -0.007029  0.005368  0.126519  -2.063442  -0.034555  -1.718291  1.000000  
132.051033 -0.008154  0.003905  -0.053022  0.388145  0.685167  0.616352  -0.885324  0.462997  0.042838  -0.256018  -0.562298  0.786305  -0.007056  0.005040  0.127708  -2.071039  -0.048428  -1.742356  1.000000  
132.052034 -0.008163  0.003905  -0.052888  0.389086  0.685905  0.614936  -0.884498  0.464712  0.041300  -0.257440  -0.559979  0.787495  -0.007044  0.004526  0.129177  -2.081560  -0.074383  -1.758157  1.000000  
132.053284 -0.008175  0.003904  -0.052724  0.390542  0.686810  0.613000  -0.883365  0.467015  0.039545  -0.259121  -0.556946  0.789093  -0.007107  0.003900  0.129704  -2.103428  -0.089354  -1.790108  1.000000  
132.054534 -0.008188  0.003906  -0.052564  0.391813  0.687800  0.611075  -0.882307  0.469166  0.037650  -0.260800  -0.553908  0.790677  -0.007438  0.003413  0.129428  -2.121680  -0.114448  -1.807070  1.000000  
132.055781 -0.008201  0.003908  -0.052405  0.393080  0.688855  0.609070  -0.881245  0.471311  0.035686  -0.262479  -0.550767  0.792313  -0.007835  0.003183  0.128736  -2.152327  -0.141821  -1.822559  1.000000  
132.056785 -0.008210  0.003912  -0.052279  0.394206  0.689572  0.607530  -0.880356  0.473073  0.034276  -0.263770  -0.548354  0.793557  -0.008245  0.003024  0.127677  -2.173016  -0.160282  -1.840214  1.000000  
132.058033 -0.008223  0.003914  -0.052122  0.395843  0.690296  0.605640  -0.879156  0.475408  0.032751  -0.265318  -0.545416  0.795065  -0.008621  0.002848  0.127011  -2.191848  -0.171365  -1.865679  1.000000  
132.059041 -0.008236  0.003917  -0.051997  0.396978  0.691028  0.604061  -0.878292  0.477090  0.031421  -0.266479  -0.543015  0.796319  -0.009049  0.002510  0.126464  -2.209658  -0.179528  -1.876234  1.000000  
132.060045 -0.008251  0.003918  -0.051869  0.398291  0.691727  0.602393  -0.877345  0.478913  0.030148  -0.267639  -0.540514  0.797630  -0.009484  0.002073  0.126848  -2.227295  -0.183682  -1.890018  1.000000  
132.061286 -0.008271  0.003920  -0.051707  0.399947  0.692629  0.600257  -0.876196  0.481101  0.028667  -0.268928  -0.537408  0.799294  -0.010125  0.001625  0.127718  -2.249339  -0.178237  -1.905783  1.000000  
132.062286 -0.008288  0.003920  -0.051572  0.401270  0.693268  0.598633  -0.875274  0.482843  0.027531  -0.269959  -0.535016  0.800550  -0.010662  0.001301  0.128955  -2.259067  -0.164291  -1.916255  1.000000  
132.063534 -0.008310  0.003916  -0.051401  0.403099  0.693976  0.596580  -0.874034  0.485157  0.026208  -0.271247  -0.531996  0.802125  -0.011606  0.000785  0.129845  -2.277826  -0.159377  -1.936347  1.000000  
132.064538 -0.008327  0.003912  -0.051263  0.404400  0.694497  0.595091  -0.873072  0.486949  0.025015  -0.272406  -0.529674  0.803269  -0.012339  0.000453  0.130433  -2.280523  -0.167386  -1.941036  1.000000  
132.065784 -0.008349  0.003906  -0.051095  0.406222  0.695112  0.593129  -0.871823  0.489246  0.023727  -0.273693  -0.526742  0.804757  -0.013179  0.000066  0.130610  -2.290008  -0.162184  -1.956822  1.000000  
132.067030 -0.008372  0.003902  -0.050937  0.407860  0.695888  0.591092  -0.870653  0.491395  0.022245  -0.274980  -0.523708  0.806297  -0.013911  -0.000198  0.130140  -2.300183  -0.159020  -1.958502  1.000000  
132.068280 -0.008397  0.003898  -0.050787  0.409511  0.696611  0.589096  -0.869511  0.493471  0.020907  -0.276137  -0.520787  0.807793  -0.014808  -0.000420  0.129132  -2.304591  -0.154637  -1.957912  1.000000  
132.069531 -0.008424  0.003895  -0.050642  0.411352  0.697251  0.587053  -0.868314  0.495621  0.019777  -0.277166  -0.517881  0.809307  -0.015718  -0.000739  0.128147  -2.305294  -0.141332  -1.957720  1.000000  
132.070788 -0.008451  0.003890  -0.050496  0.413011  0.697982  0.585016  -0.867197  0.497622  0.018514  -0.278194  -0.514970  0.810811  -0.016788  -0.001283  0.127209  -2.306634  -0.137025  -1.948438  1.000000  
132.072030 -0.008476  0.003883  -0.050346  0.414504  0.698693  0.583108  -0.866194  0.499406  0.017338  -0.279094  -0.512271  0.812210  -0.017684  -0.002011  0.126840  -2.303387  -0.130483  -1.940589  1.000000  
132.073030 -0.008496  0.003875  -0.050222  0.415655  0.699278  0.581585  -0.865394  0.500826  0.016315  -0.279865  -0.510081  0.813322  -0.018211  -0.002618  0.126698  -2.305839  -0.132138  -1.921719  1.000000  
132.074280 -0.008522  0.003865  -0.050062  0.416966  0.700147  0.579598  -0.864472  0.502459  0.014941  -0.280764  -0.507276  0.814765  -0.018795  -0.003516  0.126975  -2.311369  -0.123950  -1.894706  1.000000  
132.075280 -0.008543  0.003856  -0.049932  0.418129  0.700679  0.578116  -0.863701  0.503809  0.014063  -0.281406  -0.505199  0.815834  -0.019239  -0.004192  0.126990  -2.306334  -0.114124  -1.884393  1.000000  
132.076286 -0.008567  0.003848  -0.049803  0.419113  0.701309  0.576637  -0.863014  0.505011  0.013062  -0.282048  -0.503120  0.816896  -0.019785  -0.004898  0.126759  -2.296403  -0.105910  -1.864862  1.000000  
132.077533 -0.008600  0.003836  -0.049643  0.420241  0.702051  0.574911  -0.862171  0.506481  0.011730  -0.282946  -0.500601  0.818132  -0.020517  -0.005577  0.126201  -2.287268  -0.096933  -1.829596  1.000000  
132.078538 -0.008625  0.003827  -0.049515  0.421222  0.702601  0.573519  -0.861481  0.507675  0.010779  -0.283588  -0.498616  0.819122  -0.021058  -0.005983  0.125459  -2.275191  -0.082942  -1.808368  1.000000  
132.079783 -0.008657  0.003815  -0.049357  0.422379  0.703250  0.571869  -0.860703  0.509014  0.009755  -0.284229  -0.496330  0.820287  -0.021770  -0.006396  0.124601  -2.258711  -0.065861  -1.768789  1.000000  
132.081034 -0.008689  0.003803  -0.049196  0.423535  0.703755  0.570392  -0.859923  0.510348  0.008849  -0.284870  -0.494241  0.821325  -0.022483  -0.006856  0.124361  -2.230024  -0.044748  -1.742618  1.000000  
132.082284 -0.008722  0.003792  -0.049034  0.424866  0.704287  0.568742  -0.859053  0.511826  0.007930  -0.285512  -0.491949  0.822477  -0.023069  -0.007357  0.124878  -2.206274  -0.023813  -1.717242  1.000000  
132.083530 -0.008755  0.003782  -0.048867  0.426002  0.704889  0.567145  -0.858234  0.513214  0.006789  -0.286281  -0.489635  0.823590  -0.023499  -0.007746  0.126096  -2.177922  -0.006602  -1.694084  1.000000  
132.084532 -0.008783  0.003773  -0.048731  0.426817  0.705481  0.565795  -0.857658  0.514187  0.005856  -0.286794  -0.487758  0.824525  -0.023900  -0.008203  0.127556  -2.162722  0.004706  -1.670034  1.000000  
132.085534 -0.008811  0.003764  -0.048591  0.427613  0.706040  0.564495  -0.857046  0.515217  0.004820  -0.287435  -0.485859  0.825423  -0.024400  -0.008552  0.129177  -2.135681  0.019101  -1.647183  1.000000  
132.086779 -0.008845  0.003754  -0.048416  0.428568  0.706801  0.562815  -0.856311  0.516449  0.003484  -0.288203  -0.483438  0.826575  -0.024965  -0.008734  0.130704  -2.118970  0.025668  -1.618509  1.000000  
132.087784 -0.008873  0.003745  -0.048274  0.429187  0.707390  0.561603  -0.855785  0.517326  0.002386  -0.288844  -0.481635  0.827404  -0.025511  -0.008835  0.132010  -2.101365  0.026438  -1.580829  1.000000  
132.088786 -0.008900  0.003736  -0.048133  0.429981  0.707870  0.560390  -0.855170  0.518346  0.001401  -0.289484  -0.479831  0.828228  -0.026000  -0.008874  0.132953  -2.079923  0.030553  -1.560053  1.000000  
132.090031 -0.008935  0.003726  -0.047959  0.430932  0.708414  0.558970  -0.854430  0.519566  0.000239  -0.290253  -0.477704  0.829188  -0.026450  -0.008762  0.133716  -2.049554  0.030323  -1.528990  1.000000  
132.091283 -0.008971  0.003717  -0.047787  0.431882  0.709021  0.557466  -0.853689  0.520782  -0.000991  -0.291021  -0.475474  0.830199  -0.026929  -0.008699  0.134407  -2.018723  0.026606  -1.496363  1.000000  
132.092296 -0.009000  0.003711  -0.047649  0.432672  0.709421  0.556342  -0.853070  0.521792  -0.001925  -0.291661  -0.473766  0.830951  -0.027136  -0.008489  0.135044  -1.991942  0.020682  -1.462111  1.000000  
132.093535 -0.009036  0.003702  -0.047473  0.433601  0.709923  0.554976  -0.852291  0.523058  -0.003200  -0.292557  -0.471614  0.831860  -0.027413  -0.008301  0.136127  -1.966422  0.017638  -1.430308  1.000000  
132.094785 -0.009071  0.003694  -0.047292  0.434178  0.710570  0.553696  -0.851690  0.524026  -0.004645  -0.293452  -0.469561  0.832706  -0.027607  -0.008041  0.137777  -1.942268  0.000673  -1.383442  1.000000  
132.095785 -0.009097  0.003686  -0.047140  0.434772  0.710973  0.552711  -0.851122  0.524937  -0.005740  -0.294219  -0.467929  0.833353  -0.027669  -0.007947  0.139412  -1.915852  -0.008761  -1.355390  1.000000  
132.096799 -0.009123  0.003679  -0.046984  0.435365  0.711375  0.551727  -0.850553  0.525845  -0.006837  -0.294987  -0.466297  0.833997  -0.027654  -0.007779  0.140983  -1.889291  -0.018052  -1.327184  1.000000  
132.098035 -0.009155  0.003671  -0.046785  0.436271  0.711634  0.550677  -0.849733  0.527152  -0.008036  -0.296009  -0.464422  0.834680  -0.027547  -0.007637  0.143435  -1.852099  -0.031670  -1.302439  1.000000  
132.099283 -0.009187  0.003664  -0.046585  0.437193  0.711918  0.549577  -0.848947  0.528400  -0.009140  -0.296904  -0.462566  0.835393  -0.027425  -0.007364  0.145471  -1.816296  -0.048507  -1.271423  1.000000  
132.100533 -0.009218  0.003660  -0.046388  0.437957  0.712336  0.548426  -0.848284  0.529442  -0.010262  -0.297670  -0.460727  0.836136  -0.027156  -0.006930  0.146886  -1.780838  -0.061295  -1.238212  1.000000  
132.101539 -0.009242  0.003657  -0.046230  0.438564  0.712622  0.547568  -0.847746  0.530285  -0.011144  -0.298309  -0.459312  0.836687  -0.026858  -0.006536  0.148098  -1.752680  -0.070158  -1.217929  1.000000  
132.102781 -0.009271  0.003655  -0.046036  0.439326  0.713034  0.546420  -0.847081  0.531322  -0.012272  -0.299075  -0.457471  0.837422  -0.026574  -0.005998  0.149250  -1.725801  -0.082993  -1.198805  1.000000  
132.103782 -0.009294  0.003653  -0.045881  0.439913  0.713421  0.545442  -0.846506  0.532211  -0.013387  -0.299841  -0.455831  0.838041  -0.026290  -0.005545  0.150146  -1.704340  -0.099611  -1.177355  1.000000  
132.104782 -0.009318  0.003650  -0.045726  0.440517  0.713701  0.544587  -0.845965  0.533047  -0.014275  -0.300479  -0.454414  0.838583  -0.025985  -0.005189  0.151372  -1.675092  -0.104908  -1.163277  1.000000  
132.105783 -0.009342  0.003648  -0.045570  0.440928  0.714061  0.543782  -0.845479  0.533787  -0.015377  -0.301245  -0.452976  0.839086  -0.025591  -0.004792  0.152588  -1.656705  -0.120404  -1.146534  1.000000  
132.107033 -0.009371  0.003646  -0.045372  0.441686  0.714529  0.542551  -0.844810  0.534809  -0.016582  -0.302010  -0.451028  0.839859  -0.025219  -0.004447  0.154114  -1.632805  -0.130214  -1.128005  1.000000  
132.108281 -0.009400  0.003646  -0.045173  0.442076  0.715055  0.541539  -0.844286  0.535591  -0.017983  -0.302903  -0.449264  0.840483  -0.024747  -0.003882  0.155729  -1.612628  -0.153008  -1.107828  1.000000  
132.109294 -0.009424  0.003645  -0.045015  0.442677  0.715328  0.540688  -0.843742  0.536417  -0.018881  -0.303540  -0.447843  0.841011  -0.024408  -0.003370  0.156709  -1.594216  -0.162594  -1.096658  1.000000  
132.110535 -0.009453  0.003645  -0.044817  0.443084  0.715813  0.539712  -0.843253  0.537141  -0.020122  -0.304305  -0.446198  0.841609  -0.024150  -0.002827  0.157363  -1.579041  -0.180970  -1.074808  1.000000  
132.111784 -0.009482  0.003646  -0.044622  0.443838  0.716074  0.538745  -0.842580  0.538157  -0.021144  -0.305070  -0.444551  0.842203  -0.023923  -0.002210  0.157595  -1.552561  -0.194976  -1.065667  1.000000  
132.113130 -0.009512  0.003648  -0.044431  0.444417  0.716443  0.537775  -0.841997  0.539022  -0.022279  -0.305834  -0.442904  0.842794  -0.023556  -0.001407  0.155798  -1.524510  -0.206479  -1.044319  1.000000  
132.114303 -0.009543  0.003653  -0.044244  0.445188  0.716662  0.536845  -0.841358  0.539983  -0.023140  -0.306471  -0.441377  0.843363  -0.023699  -0.000734  0.155791  -1.499440  -0.215810  -1.034886  1.000000  
132.115305 -0.009568  0.003658  -0.044097  0.445784  0.716925  0.535999  -0.840810  0.540796  -0.024049  -0.307108  -0.439952  0.843876  -0.023719  -0.000181  0.155103  -1.480559  -0.221033  -1.028533  1.000000  
132.116533 -0.009601  0.003664  -0.043912  0.446726  0.717158  0.534902  -0.840077  0.541894  -0.024937  -0.307744  -0.438219  0.844546  -0.023915  0.000412  0.154577  -1.452393  -0.219758  -1.026333  1.000000  
132.117781 -0.009632  0.003671  -0.043725  0.447494  0.717564  0.533715  -0.839435  0.542838  -0.026005  -0.308381  -0.436382  0.845265  -0.024088  0.001092  0.154069  -1.438084  -0.217009  -1.023189  1.000000  
132.118781 -0.009659  0.003676  -0.043573  0.448107  0.717783  0.532905  -0.838920  0.543596  -0.026755  -0.308890  -0.435075  0.845752  -0.024294  0.001548  0.153879  -1.419512  -0.218116  -1.014834  1.000000  
132.120031 -0.009693  0.003683  -0.043383  0.448892  0.718276  0.531579  -0.838313  0.544481  -0.027795  -0.309399  -0.433152  0.846553  -0.024637  0.002302  0.153594  -1.410115  -0.217021  -1.004280  1.000000  
132.121281 -0.009728  0.003690  -0.043195  0.449676  0.718700  0.530341  -0.837704  0.545366  -0.028771  -0.309908  -0.431331  0.847296  -0.025028  0.002934  0.153001  -1.398190  -0.213457  -0.993423  1.000000  
132.122281 -0.009757  0.003696  -0.043046  0.450480  0.718956  0.529311  -0.837131  0.546209  -0.029452  -0.310289  -0.429835  0.847917  -0.025363  0.003385  0.152397  -1.390332  -0.207566  -0.989144  1.000000  
132.123531 -0.009793  0.003705  -0.042863  0.451454  0.719225  0.528114  -0.836465  0.547191  -0.030160  -0.310671  -0.428132  0.848638  -0.025817  0.004098  0.151241  -1.373106  -0.193990  -0.979740  1.000000  
132.124533 -0.009821  0.003713  -0.042721  0.452255  0.719476  0.527086  -0.835890  0.548030  -0.030847  -0.311052  -0.426635  0.849252  -0.026142  0.004524  0.150306  -1.364295  -0.177797  -0.984406  1.000000  
132.125781 -0.009857  0.003723  -0.042546  0.453208  0.719712  0.525944  -0.835184  0.549059  -0.031661  -0.311561  -0.424911  0.849930  -0.026547  0.005186  0.148827  -1.349659  -0.165104  -0.983480  1.000000  
132.126786 -0.009886  0.003731  -0.042407  0.454028  0.719984  0.524863  -0.834644  0.549845  -0.032253  -0.311815  -0.423430  0.850575  -0.026985  0.005744  0.147515  -1.343586  -0.148117  -0.980866  1.000000  
132.127788 -0.009914  0.003738  -0.042270  0.454827  0.720227  0.523837  -0.834066  0.550680  -0.032948  -0.312197  -0.421929  0.851181  -0.027447  0.006128  0.147435  -1.343359  -0.134385  -0.971773  1.000000  
132.129035 -0.009950  0.003748  -0.042100  0.455948  0.720404  0.522619  -0.833263  0.551847  -0.033730  -0.312705  -0.420099  0.851899  -0.027652  0.006406  0.145755  -1.340700  -0.121469  -0.970940  1.000000  
