1-Time 2-Px 3-Py 4-Pz 5-R11 6-R21 7-R31 8-R12 9-R22 10-R32 11-R13 12-R23 13-R33 14-Vx 15-Vy 16-Vz 17-Wx 18-Wy 19-Wz 20-state
110.473620 0.016181  -0.010807  -0.003265  0.550976  0.764795  0.333937  -0.829113  0.456186  0.323213  0.094854  -0.454953  0.885449  0.013140  0.011941  -0.002655  0.102524  -0.347768  0.359252  1.000000  
110.474743 0.016189  -0.010804  -0.003260  0.550812  0.764855  0.334069  -0.829237  0.456079  0.323045  0.094721  -0.454959  0.885460  0.010648  0.003831  0.007016  0.000000  0.000000  0.000000  1.000000  
110.475996 0.016195  -0.010799  -0.003250  0.550812  0.764855  0.334069  -0.829237  0.456079  0.323045  0.094721  -0.454959  0.885460  0.006891  0.003880  0.007686  0.000000  0.000000  0.000000  1.000000  
110.477003 0.016195  -0.010796  -0.003243  0.550642  0.764949  0.334135  -0.829350  0.455922  0.322976  0.094721  -0.454959  0.885460  0.004805  0.003654  0.007549  0.000000  0.000000  0.000000  1.000000  
110.478237 0.016199  -0.010790  -0.003234  0.550471  0.765003  0.334294  -0.829464  0.455725  0.322963  0.094721  -0.455067  0.885405  0.004336  0.003974  0.007459  0.000000  0.000000  0.000000  1.000000  
110.479494 0.016205  -0.010784  -0.003223  0.550478  0.765010  0.334267  -0.829474  0.455815  0.322809  0.094588  -0.454965  0.885472  0.004415  0.004129  0.007670  0.000000  0.000000  0.000000  1.000000  
110.480558 0.016207  -0.010779  -0.003215  0.550314  0.765070  0.334399  -0.829598  0.455708  0.322641  0.094455  -0.454971  0.885483  0.003928  0.004279  0.007730  0.000000  0.000000  0.000000  1.000000  
110.481738 0.016205  -0.010771  -0.003206  0.550143  0.765164  0.334465  -0.829711  0.455551  0.322572  0.094455  -0.454971  0.885483  0.003129  0.004596  0.007716  0.000000  0.000000  0.000000  1.000000  
110.482742 0.016204  -0.010764  -0.003199  0.549972  0.765217  0.334625  -0.829824  0.455354  0.322559  0.094455  -0.455078  0.885428  0.002591  0.004932  0.007582  0.000000  0.000000  0.000000  1.000000  
110.483988 0.016202  -0.010754  -0.003192  0.549802  0.765310  0.334691  -0.829938  0.455196  0.322490  0.094455  -0.455078  0.885428  0.002119  0.005263  0.007377  0.000000  0.000000  0.000000  1.000000  
110.485011 0.016202  -0.010747  -0.003184  0.549631  0.765404  0.334757  -0.830051  0.455039  0.322421  0.094455  -0.455078  0.885428  0.001890  0.005436  0.007397  0.000000  0.000000  0.000000  1.000000  
110.486244 0.016201  -0.010738  -0.003175  0.549460  0.765498  0.334824  -0.830164  0.454881  0.322352  0.094455  -0.455078  0.885428  0.001598  0.005639  0.007389  0.000000  0.000000  0.000000  1.000000  
110.487496 0.016197  -0.010729  -0.003166  0.549289  0.765591  0.334890  -0.830277  0.454724  0.322283  0.094455  -0.455078  0.885428  0.001178  0.005761  0.007344  0.000000  0.000000  0.000000  1.000000  
110.488747 0.016191  -0.010721  -0.003156  0.549118  0.765685  0.334957  -0.830390  0.454566  0.322214  0.094455  -0.455078  0.885428  0.000680  0.005811  0.007391  0.000000  0.000000  0.000000  1.000000  
110.490064 0.016183  -0.010713  -0.003146  0.548947  0.765779  0.335023  -0.830503  0.454408  0.322145  0.094455  -0.455078  0.885428  -0.000649  0.005995  0.007453  0.000000  0.000000  0.000000  1.000000  
110.491257 0.016175  -0.010705  -0.003137  0.548776  0.765872  0.335089  -0.830616  0.454251  0.322076  0.094455  -0.455078  0.885428  -0.001413  0.006265  0.007389  0.000000  0.000000  0.000000  1.000000  
110.492492 0.016168  -0.010696  -0.003132  0.548783  0.765879  0.335062  -0.830627  0.454341  0.321922  0.094321  -0.454977  0.885494  -0.001892  0.006549  0.007173  0.000000  0.000000  0.000000  1.000000  
110.493742 0.016161  -0.010685  -0.003125  0.548783  0.765879  0.335062  -0.830627  0.454341  0.321922  0.094321  -0.454977  0.885494  -0.002832  0.006915  0.006972  0.000000  0.000000  0.000000  1.000000  
110.494743 0.016156  -0.010674  -0.003118  0.548790  0.765886  0.335034  -0.830637  0.454430  0.321768  0.094188  -0.454875  0.885560  -0.003406  0.007301  0.006897  0.000000  0.000000  0.000000  1.000000  
110.495997 0.016149  -0.010662  -0.003108  0.548797  0.765853  0.335099  -0.830648  0.454481  0.321669  0.094055  -0.454881  0.885572  -0.003931  0.007636  0.006819  0.000000  0.000000  0.000000  1.000000  
110.497242 0.016142  -0.010649  -0.003100  0.548804  0.765860  0.335072  -0.830658  0.454571  0.321515  0.093922  -0.454779  0.885638  -0.004217  0.007932  0.006828  0.000000  0.000000  0.000000  1.000000  
110.498493 0.016137  -0.010635  -0.003092  0.548818  0.765793  0.335202  -0.830679  0.454673  0.321318  0.093655  -0.454790  0.885660  -0.004450  0.008238  0.006859  0.000000  0.000000  0.000000  1.000000  
110.499743 0.016134  -0.010620  -0.003082  0.548996  0.765706  0.335109  -0.830577  0.454920  0.321233  0.093522  -0.454689  0.885727  -0.004504  0.008634  0.006918  0.000000  0.000000  0.000000  1.000000  
110.500994 0.016130  -0.010605  -0.003072  0.549002  0.765673  0.335174  -0.830587  0.454971  0.321134  0.093389  -0.454694  0.885738  -0.004798  0.009001  0.006978  0.000000  0.000000  0.000000  1.000000  
110.502008 0.016125  -0.010595  -0.003063  0.549009  0.765639  0.335239  -0.830597  0.455021  0.321035  0.093256  -0.454700  0.885749  -0.004946  0.009215  0.007054  0.000000  0.000000  0.000000  1.000000  
110.503241 0.016119  -0.010583  -0.003055  0.549194  0.765478  0.335304  -0.830505  0.455281  0.320906  0.092989  -0.454712  0.885771  -0.004993  0.009471  0.006981  0.000000  0.000000  0.000000  1.000000  
110.504243 0.016113  -0.010572  -0.003049  0.549201  0.765445  0.335369  -0.830516  0.455331  0.320807  0.092856  -0.454717  0.885782  -0.004960  0.009697  0.006895  0.000000  0.000000  0.000000  1.000000  
110.505245 0.016110  -0.010562  -0.003043  0.549379  0.765358  0.335276  -0.830413  0.455579  0.320722  0.092723  -0.454615  0.885848  -0.004783  0.010009  0.006793  0.000000  0.000000  0.000000  1.000000  
110.506491 0.016106  -0.010548  -0.003036  0.549386  0.765325  0.335341  -0.830423  0.455629  0.320623  0.092590  -0.454621  0.885859  -0.004465  0.010435  0.006719  0.000000  0.000000  0.000000  1.000000  
110.507502 0.016102  -0.010537  -0.003031  0.549392  0.765291  0.335407  -0.830433  0.455680  0.320525  0.092456  -0.454627  0.885870  -0.004359  0.010644  0.006723  0.000000  0.000000  0.000000  1.000000  
110.508747 0.016098  -0.010521  -0.003024  0.549577  0.765130  0.335472  -0.830341  0.455939  0.320396  0.092190  -0.454638  0.885892  -0.004255  0.010877  0.006698  0.000000  0.000000  0.000000  1.000000  
110.510000 0.016093  -0.010506  -0.003017  0.549584  0.765096  0.335537  -0.830351  0.455990  0.320297  0.092057  -0.454644  0.885903  -0.004069  0.011091  0.006585  0.000000  0.000000  0.000000  1.000000  
110.511003 0.016089  -0.010493  -0.003010  0.549591  0.765063  0.335602  -0.830361  0.456040  0.320198  0.091924  -0.454649  0.885914  -0.003855  0.011332  0.006551  0.000000  0.000000  0.000000  1.000000  
110.512242 0.016085  -0.010476  -0.003003  0.549604  0.764996  0.335733  -0.830382  0.456142  0.320001  0.091657  -0.454660  0.885936  -0.003772  0.011539  0.006450  0.000000  0.000000  0.000000  1.000000  
110.513242 0.016081  -0.010461  -0.002997  0.549782  0.764868  0.335733  -0.830279  0.456350  0.319971  0.091524  -0.454666  0.885947  -0.003788  0.011754  0.006421  0.000000  0.000000  0.000000  1.000000  
110.514492 0.016075  -0.010445  -0.002991  0.549789  0.764835  0.335798  -0.830289  0.456401  0.319872  0.091391  -0.454672  0.885958  -0.003957  0.011862  0.006182  0.000000  0.000000  0.000000  1.000000  
110.515492 0.016070  -0.010433  -0.002987  0.549795  0.764801  0.335864  -0.830299  0.456452  0.319773  0.091257  -0.454677  0.885969  -0.004100  0.011873  0.005900  0.000000  0.000000  0.000000  1.000000  
110.516493 0.016064  -0.010421  -0.002982  0.549795  0.764801  0.335864  -0.830299  0.456452  0.319773  0.091257  -0.454677  0.885969  -0.004221  0.011943  0.005674  0.000000  0.000000  0.000000  1.000000  
110.517493 0.016058  -0.010409  -0.002978  0.549802  0.764767  0.335929  -0.830310  0.456502  0.319674  0.091124  -0.454683  0.885980  -0.004310  0.012091  0.005462  0.000000  0.000000  0.000000  1.000000  
110.518517 0.016049  -0.010397  -0.002974  0.549631  0.764902  0.335902  -0.830423  0.456384  0.319550  0.091124  -0.454575  0.886035  -0.004498  0.012207  0.005264  0.000000  0.000000  0.000000  1.000000  
110.519739 0.016040  -0.010382  -0.002968  0.549638  0.764869  0.335968  -0.830433  0.456434  0.319451  0.090991  -0.454581  0.886046  -0.004803  0.012406  0.005192  0.000000  0.000000  0.000000  1.000000  
110.520740 0.016033  -0.010369  -0.002964  0.549638  0.764869  0.335968  -0.830433  0.456434  0.319451  0.090991  -0.454581  0.886046  -0.005075  0.012487  0.005060  0.000000  0.000000  0.000000  1.000000  
110.521744 0.016026  -0.010357  -0.002960  0.549638  0.764869  0.335968  -0.830433  0.456434  0.319451  0.090991  -0.454581  0.886046  -0.005298  0.012568  0.004980  0.000000  0.000000  0.000000  1.000000  
110.522989 0.016017  -0.010341  -0.002954  0.549638  0.764909  0.335875  -0.830433  0.456473  0.319396  0.090991  -0.454473  0.886101  -0.005581  0.012616  0.004965  0.000000  0.000000  0.000000  1.000000  
110.524002 0.016009  -0.010327  -0.002950  0.549645  0.764876  0.335940  -0.830443  0.456524  0.319297  0.090858  -0.454479  0.886112  -0.005833  0.012708  0.004819  0.000000  0.000000  0.000000  1.000000  
110.525237 0.015999  -0.010310  -0.002946  0.549645  0.764876  0.335940  -0.830443  0.456524  0.319297  0.090858  -0.454479  0.886112  -0.006182  0.012828  0.004588  0.000000  0.000000  0.000000  1.000000  
110.526304 0.015992  -0.010296  -0.002944  0.549645  0.764876  0.335940  -0.830443  0.456524  0.319297  0.090858  -0.454479  0.886112  -0.006448  0.012847  0.004289  0.000000  0.000000  0.000000  1.000000  
110.527491 0.015983  -0.010280  -0.002941  0.549645  0.764917  0.335847  -0.830443  0.456562  0.319241  0.090858  -0.454371  0.886167  -0.006743  0.012770  0.004033  0.000000  0.000000  0.000000  1.000000  
110.528735 0.015974  -0.010265  -0.002939  0.549645  0.764917  0.335847  -0.830443  0.456562  0.319241  0.090858  -0.454371  0.886167  -0.006937  0.012675  0.003782  0.000000  0.000000  0.000000  1.000000  
110.529987 0.015963  -0.010251  -0.002938  0.549645  0.764957  0.335755  -0.830443  0.456601  0.319186  0.090858  -0.454264  0.886222  -0.007270  0.012555  0.003380  0.000000  0.000000  0.000000  1.000000  
110.530987 0.015954  -0.010240  -0.002938  0.549645  0.764998  0.335662  -0.830443  0.456640  0.319131  0.090858  -0.454157  0.886277  -0.007581  0.012476  0.003112  0.000000  0.000000  0.000000  1.000000  
110.531988 0.015944  -0.010228  -0.002936  0.549816  0.764904  0.335596  -0.830330  0.456797  0.319200  0.090858  -0.454157  0.886277  -0.007775  0.012477  0.002870  0.000000  0.000000  0.000000  1.000000  
110.532990 0.015935  -0.010217  -0.002935  0.549816  0.764945  0.335503  -0.830330  0.456836  0.319144  0.090858  -0.454049  0.886332  -0.007864  0.012447  0.002715  0.000000  0.000000  0.000000  1.000000  
110.534235 0.015926  -0.010203  -0.002933  0.549816  0.764945  0.335503  -0.830330  0.456836  0.319144  0.090858  -0.454049  0.886332  -0.007852  0.012292  0.002491  0.000000  0.000000  0.000000  1.000000  
110.535247 0.015918  -0.010192  -0.002931  0.549986  0.764891  0.335345  -0.830217  0.457032  0.319158  0.090858  -0.453941  0.886387  -0.007844  0.012219  0.002307  0.000000  0.000000  0.000000  1.000000  
110.536493 0.015909  -0.010177  -0.002929  0.550157  0.764838  0.335186  -0.830103  0.457228  0.319171  0.090858  -0.453834  0.886442  -0.007951  0.012196  0.002089  0.000000  0.000000  0.000000  1.000000  
110.537494 0.015901  -0.010165  -0.002927  0.550328  0.764784  0.335028  -0.829990  0.457425  0.319185  0.090858  -0.453726  0.886497  -0.007974  0.012154  0.001949  0.000000  0.000000  0.000000  1.000000  
110.538743 0.015891  -0.010149  -0.002926  0.550499  0.764731  0.334869  -0.829877  0.457621  0.319198  0.090858  -0.453619  0.886552  -0.007982  0.012099  0.001594  0.000000  0.000000  0.000000  1.000000  
110.539745 0.015884  -0.010137  -0.002926  0.550670  0.764637  0.334804  -0.829763  0.457778  0.319267  0.090858  -0.453619  0.886552  -0.007930  0.011975  0.001399  0.000000  0.000000  0.000000  1.000000  
110.541022 0.015876  -0.010121  -0.002925  0.550848  0.764549  0.334711  -0.829660  0.458025  0.319182  0.090724  -0.453517  0.886618  -0.007892  0.011878  0.001318  0.000000  0.000000  0.000000  1.000000  
110.542246 0.015867  -0.010106  -0.002924  0.551189  0.764401  0.334487  -0.829433  0.458378  0.319264  0.090724  -0.453409  0.886673  -0.007893  0.011803  0.001178  0.000000  0.000000  0.000000  1.000000  
110.543497 0.015856  -0.010092  -0.002923  0.551367  0.764354  0.334301  -0.829330  0.458664  0.319123  0.090591  -0.453200  0.886794  -0.007992  0.011700  0.001095  0.000000  0.000000  0.000000  1.000000  
110.544742 0.015843  -0.010079  -0.002921  0.551537  0.764300  0.334143  -0.829216  0.458860  0.319136  0.090591  -0.453092  0.886849  -0.008145  0.011655  0.001180  0.000000  0.000000  0.000000  1.000000  
110.545993 0.015831  -0.010065  -0.002920  0.551715  0.764213  0.334050  -0.829113  0.459106  0.319050  0.090458  -0.452990  0.886914  -0.008162  0.011605  0.001207  0.000000  0.000000  0.000000  1.000000  
110.547027 0.015822  -0.010055  -0.002918  0.551892  0.764125  0.333958  -0.829009  0.459353  0.318965  0.090325  -0.452888  0.886980  -0.008145  0.011512  0.001176  0.000000  0.000000  0.000000  1.000000  
110.548238 0.015811  -0.010040  -0.002916  0.552240  0.763943  0.333799  -0.828792  0.459756  0.318948  0.090191  -0.452786  0.887046  -0.008167  0.011611  0.001207  0.000000  0.000000  0.000000  1.000000  
110.549239 0.015802  -0.010028  -0.002915  0.552417  0.763855  0.333707  -0.828688  0.460003  0.318862  0.090058  -0.452684  0.887112  -0.008246  0.011691  0.001154  0.000000  0.000000  0.000000  1.000000  
110.550240 0.015792  -0.010016  -0.002915  0.552588  0.763761  0.333641  -0.828575  0.460160  0.318930  0.090058  -0.452684  0.887112  -0.008396  0.011726  0.001113  0.000000  0.000000  0.000000  1.000000  
110.551264 0.015783  -0.010004  -0.002914  0.552595  0.763767  0.333614  -0.828585  0.460249  0.318776  0.089925  -0.452582  0.887177  -0.008531  0.011710  0.001046  0.000000  0.000000  0.000000  1.000000  
110.552490 0.015771  -0.009988  -0.002913  0.552779  0.763686  0.333495  -0.828491  0.460584  0.318535  0.089658  -0.452377  0.887308  -0.008717  0.011790  0.000955  0.000000  0.000000  0.000000  1.000000  
110.553500 0.015762  -0.009975  -0.002912  0.552956  0.763598  0.333403  -0.828387  0.460831  0.318449  0.089525  -0.452275  0.887374  -0.008785  0.011771  0.000968  0.000000  0.000000  0.000000  1.000000  
110.554742 0.015750  -0.009959  -0.002911  0.553133  0.763510  0.333311  -0.828283  0.461077  0.318363  0.089392  -0.452173  0.887439  -0.008988  0.011868  0.000985  0.000000  0.000000  0.000000  1.000000  
110.555745 0.015738  -0.009946  -0.002910  0.553317  0.763389  0.333285  -0.828189  0.461373  0.318179  0.089125  -0.452076  0.887516  -0.009361  0.011894  0.001005  0.000000  0.000000  0.000000  1.000000  
110.556993 0.015724  -0.009930  -0.002907  0.553494  0.763300  0.333192  -0.828085  0.461619  0.318092  0.088992  -0.451974  0.887581  -0.009692  0.011925  0.001156  0.000000  0.000000  0.000000  1.000000  
110.558243 0.015709  -0.009915  -0.002904  0.553507  0.763314  0.333139  -0.828105  0.461797  0.317783  0.088725  -0.451769  0.887712  -0.009979  0.011982  0.001287  0.000000  0.000000  0.000000  1.000000  
110.559497 0.015694  -0.009900  -0.002901  0.553697  0.763158  0.333179  -0.828021  0.462143  0.317499  0.088326  -0.451678  0.887798  -0.010131  0.012136  0.001344  -0.116141  -0.004005  -0.179966  1.000000  
110.560740 0.015678  -0.009884  -0.002899  0.553704  0.763206  0.333060  -0.828030  0.462270  0.317288  0.088192  -0.451468  0.887918  -0.010372  0.012288  0.001410  -0.120244  -0.008044  -0.182067  1.000000  
110.561743 0.015667  -0.009870  -0.002896  0.553717  0.763179  0.333100  -0.828050  0.462409  0.317035  0.087926  -0.451371  0.887994  -0.010526  0.012446  0.001466  0.000000  0.000000  0.000000  1.000000  
110.562993 0.015652  -0.009854  -0.002894  0.553730  0.763152  0.333139  -0.828069  0.462548  0.316781  0.087659  -0.451274  0.888070  -0.010730  0.012655  0.001524  0.000000  0.000000  0.000000  1.000000  
110.564335 0.015637  -0.009836  -0.002891  0.553913  0.763030  0.333114  -0.827975  0.462844  0.316596  0.087393  -0.451177  0.888145  -0.010937  0.012749  0.001649  0.000000  0.000000  0.000000  1.000000  
110.565493 0.015622  -0.009818  -0.002888  0.554097  0.762949  0.332996  -0.827880  0.463178  0.316355  0.087126  -0.450972  0.888276  -0.011248  0.013009  0.001801  -0.131343  -0.039850  -0.196845  1.000000  
110.566493 0.015610  -0.009803  -0.002885  0.554103  0.762955  0.332969  -0.827890  0.463267  0.316200  0.086993  -0.450869  0.888341  -0.011351  0.013157  0.001968  -0.130680  -0.046938  -0.192713  1.000000  
110.567497 0.015598  -0.009787  -0.002882  0.553946  0.763024  0.333074  -0.828023  0.463248  0.315877  0.086726  -0.450772  0.888416  -0.011537  0.013437  0.002080  -0.130497  -0.061614  -0.186084  1.000000  
110.568510 0.015587  -0.009772  -0.002879  0.553952  0.763031  0.333047  -0.828033  0.463337  0.315722  0.086593  -0.450669  0.888481  -0.011687  0.013521  0.002273  -0.129827  -0.068746  -0.181913  1.000000  
110.569745 0.015572  -0.009752  -0.002874  0.553965  0.763045  0.332995  -0.828052  0.463513  0.315412  0.086326  -0.450464  0.888611  -0.011819  0.013791  0.002442  -0.136284  -0.079286  -0.178456  1.000000  
110.571006 0.015556  -0.009735  -0.002871  0.554148  0.762923  0.332969  -0.827957  0.463809  0.315227  0.086060  -0.450367  0.888686  -0.011937  0.013884  0.002515  -0.136335  -0.083327  -0.180572  1.000000  
110.572008 0.015543  -0.009720  -0.002868  0.554155  0.762930  0.332943  -0.827967  0.463897  0.315072  0.085926  -0.450264  0.888751  -0.012046  0.014020  0.002608  -0.136116  -0.094225  -0.171660  1.000000  
110.573237 0.015527  -0.009703  -0.002863  0.554161  0.762977  0.332824  -0.827976  0.464024  0.314861  0.085793  -0.450054  0.888871  -0.012172  0.014190  0.002709  -0.138482  -0.096623  -0.164217  1.000000  
110.574242 0.015515  -0.009686  -0.002859  0.554168  0.762984  0.332798  -0.827986  0.464112  0.314705  0.085660  -0.449951  0.888935  -0.012114  0.014495  0.002834  -0.139010  -0.104575  -0.161458  1.000000  
110.575500 0.015501  -0.009666  -0.002856  0.554351  0.762902  0.332680  -0.827891  0.464445  0.314464  0.085393  -0.449746  0.889065  -0.012011  0.014791  0.002886  -0.143029  -0.108584  -0.163435  1.000000  
110.576742 0.015487  -0.009645  -0.002852  0.554357  0.762949  0.332561  -0.827900  0.464571  0.314252  0.085260  -0.449535  0.889184  -0.011981  0.014985  0.002897  -0.145303  -0.110833  -0.156003  1.000000  
110.577742 0.015476  -0.009629  -0.002849  0.554534  0.762860  0.332470  -0.827796  0.464817  0.314165  0.085127  -0.449433  0.889249  -0.011892  0.015207  0.003052  -0.146539  -0.115810  -0.159361  1.000000  
110.578993 0.015463  -0.009609  -0.002843  0.554717  0.762778  0.332353  -0.827700  0.465150  0.313923  0.084860  -0.449227  0.889378  -0.011878  0.015481  0.003236  -0.149327  -0.118837  -0.160014  1.000000  
110.580005 0.015453  -0.009592  -0.002840  0.554894  0.762730  0.332170  -0.827596  0.465433  0.313780  0.084727  -0.449017  0.889497  -0.011674  0.015517  0.003267  -0.153399  -0.118897  -0.160036  1.000000  
110.581242 0.015440  -0.009571  -0.002835  0.554900  0.762777  0.332051  -0.827605  0.465559  0.313568  0.084593  -0.448806  0.889616  -0.011514  0.015758  0.003378  -0.156902  -0.122073  -0.153985  1.000000  
110.582493 0.015428  -0.009550  -0.002830  0.555077  0.762728  0.331867  -0.827500  0.465842  0.313425  0.084460  -0.448595  0.889735  -0.011378  0.015817  0.003486  -0.157468  -0.122138  -0.146937  1.000000  
110.583501 0.015418  -0.009533  -0.002826  0.555424  0.762543  0.331712  -0.827281  0.466244  0.313406  0.084327  -0.448492  0.889800  -0.011283  0.015918  0.003567  -0.158628  -0.115899  -0.159188  1.000000  
110.584747 0.015404  -0.009514  -0.002821  0.555600  0.762494  0.331529  -0.827176  0.466526  0.313262  0.084193  -0.448281  0.889919  -0.011162  0.015930  0.003590  -0.162696  -0.111923  -0.157146  1.000000  
110.585995 0.015390  -0.009496  -0.002817  0.555947  0.762389  0.331189  -0.826956  0.467004  0.313130  0.084060  -0.447963  0.890092  -0.011077  0.015971  0.003618  -0.170118  -0.108011  -0.162015  1.000000  
110.587240 0.015376  -0.009476  -0.002813  0.556124  0.762339  0.331006  -0.826851  0.467287  0.312986  0.083927  -0.447752  0.890210  -0.010922  0.016073  0.003559  -0.171476  -0.104911  -0.161270  1.000000  
110.588245 0.015365  -0.009460  -0.002810  0.556300  0.762290  0.330823  -0.826746  0.467569  0.312842  0.083793  -0.447541  0.890329  -0.010719  0.016148  0.003530  -0.175483  -0.100896  -0.159176  1.000000  
110.589493 0.015353  -0.009440  -0.002805  0.556476  0.762241  0.330641  -0.826641  0.467852  0.312698  0.083660  -0.447330  0.890448  -0.010602  0.016141  0.003609  -0.178687  -0.093048  -0.161970  1.000000  
110.590741 0.015340  -0.009421  -0.002801  0.556823  0.762095  0.330394  -0.826421  0.468291  0.312621  0.083527  -0.447119  0.890566  -0.010574  0.016045  0.003634  -0.181322  -0.083619  -0.173557  1.000000  
110.591990 0.015326  -0.009401  -0.002796  0.557169  0.761948  0.330147  -0.826201  0.468730  0.312545  0.083393  -0.446908  0.890685  -0.010536  0.016026  0.003719  -0.186597  -0.073434  -0.183861  1.000000  
110.592993 0.015315  -0.009386  -0.002791  0.557346  0.761899  0.329964  -0.826095  0.469012  0.312400  0.083260  -0.446697  0.890803  -0.010568  0.015989  0.003799  -0.189633  -0.069765  -0.188400  1.000000  
110.594242 0.015301  -0.009366  -0.002785  0.557522  0.761889  0.329689  -0.825990  0.469332  0.312199  0.083127  -0.446378  0.890975  -0.010656  0.015877  0.003827  -0.198305  -0.066032  -0.186954  1.000000  
110.595492 0.015287  -0.009347  -0.002779  0.557875  0.761708  0.329509  -0.825779  0.469821  0.312023  0.082860  -0.446171  0.891103  -0.010693  0.015779  0.003881  -0.198241  -0.062794  -0.192470  1.000000  
110.596743 0.015272  -0.009328  -0.002774  0.558051  0.761698  0.329235  -0.825673  0.470141  0.311821  0.082727  -0.445852  0.891276  -0.010866  0.015553  0.003937  -0.205121  -0.053156  -0.204355  1.000000  
110.597992 0.015256  -0.009310  -0.002768  0.558397  0.761591  0.328896  -0.825452  0.470617  0.311686  0.082593  -0.445533  0.891448  -0.011081  0.015435  0.004020  -0.212752  -0.046637  -0.214970  1.000000  
110.598993 0.015244  -0.009296  -0.002764  0.558567  0.761574  0.328647  -0.825337  0.470849  0.311640  0.082593  -0.445316  0.891556  -0.011267  0.015289  0.003993  -0.219069  -0.035908  -0.218774  1.000000  
110.600245 0.015227  -0.009279  -0.002757  0.558743  0.761563  0.328373  -0.825231  0.471169  0.311437  0.082460  -0.444997  0.891728  -0.011469  0.015170  0.004150  -0.227175  -0.031940  -0.216736  1.000000  
110.601262 0.015214  -0.009266  -0.002753  0.558749  0.761649  0.328162  -0.825240  0.471331  0.311167  0.082327  -0.444677  0.891899  -0.011556  0.014974  0.004235  -0.231095  -0.031987  -0.216603  1.000000  
110.602491 0.015198  -0.009249  -0.002746  0.558925  0.761638  0.327888  -0.825135  0.471651  0.310964  0.082193  -0.444357  0.892071  -0.011713  0.014887  0.004417  -0.237971  -0.028724  -0.221055  1.000000  
110.603500 0.015184  -0.009235  -0.002740  0.559101  0.761587  0.327706  -0.825029  0.471932  0.310818  0.082060  -0.444146  0.892189  -0.011965  0.014720  0.004623  -0.240436  -0.021898  -0.226980  1.000000  
110.604743 0.015167  -0.009219  -0.002733  0.559277  0.761575  0.327432  -0.824922  0.472251  0.310615  0.081927  -0.443826  0.892360  -0.012301  0.014536  0.004815  -0.249203  -0.018865  -0.233197  1.000000  
110.605744 0.015154  -0.009206  -0.002727  0.559283  0.761622  0.327314  -0.824932  0.472376  0.310402  0.081793  -0.443615  0.892477  -0.012398  0.014362  0.004916  -0.250571  -0.021814  -0.225140  1.000000  
110.606807 0.015142  -0.009193  -0.002722  0.559289  0.761707  0.327104  -0.824941  0.472538  0.310131  0.081660  -0.443295  0.892649  -0.012441  0.014058  0.005015  -0.256135  -0.018003  -0.224505  1.000000  
110.607989 0.015126  -0.009177  -0.002715  0.559465  0.761696  0.326830  -0.824834  0.472856  0.309927  0.081527  -0.442975  0.892820  -0.012597  0.013937  0.005066  -0.258602  -0.017961  -0.223142  1.000000  
110.608990 0.015113  -0.009164  -0.002709  0.559641  0.761644  0.326649  -0.824728  0.473137  0.309781  0.081393  -0.442763  0.892937  -0.012715  0.013727  0.005146  -0.262635  -0.018002  -0.223154  1.000000  
110.609993 0.015100  -0.009151  -0.002703  0.559647  0.761730  0.326439  -0.824737  0.473299  0.309510  0.081260  -0.442443  0.893108  -0.012815  0.013564  0.005198  -0.266172  -0.021135  -0.217106  1.000000  
110.611013 0.015088  -0.009140  -0.002696  0.559647  0.761849  0.326162  -0.824737  0.473412  0.309338  0.081260  -0.442118  0.893269  -0.012916  0.013271  0.005384  -0.272166  -0.017334  -0.216667  1.000000  
110.612242 0.015072  -0.009126  -0.002687  0.559829  0.761803  0.325955  -0.824640  0.473779  0.309035  0.080993  -0.441802  0.893449  -0.013018  0.013041  0.005678  -0.276406  -0.021435  -0.218833  1.000000  
110.613243 0.015060  -0.009115  -0.002681  0.559835  0.761849  0.325837  -0.824649  0.473903  0.308821  0.080860  -0.441590  0.893566  -0.012884  0.012765  0.005796  -0.279378  -0.027639  -0.206536  1.000000  
110.614318 0.015048  -0.009104  -0.002674  0.560011  0.761837  0.325564  -0.824543  0.474221  0.308616  0.080726  -0.441270  0.893736  -0.012729  0.012541  0.005902  -0.282663  -0.027626  -0.205968  1.000000  
110.615496 0.015034  -0.009090  -0.002664  0.560017  0.761922  0.325354  -0.824552  0.474382  0.308345  0.080593  -0.440949  0.893906  -0.012629  0.012368  0.006170  -0.286820  -0.030829  -0.200280  1.000000  
110.616743 0.015020  -0.009077  -0.002654  0.560193  0.761910  0.325080  -0.824445  0.474700  0.308140  0.080460  -0.440629  0.894076  -0.012429  0.012170  0.006395  -0.288533  -0.030640  -0.198659  1.000000  
110.617743 0.015011  -0.009065  -0.002646  0.560369  0.761897  0.324807  -0.824339  0.475017  0.307935  0.080326  -0.440308  0.894246  -0.012170  0.012028  0.006601  -0.292502  -0.030694  -0.198616  1.000000  
110.618759 0.015001  -0.009055  -0.002637  0.560545  0.761845  0.324626  -0.824232  0.475297  0.307788  0.080193  -0.440096  0.894363  -0.011946  0.011797  0.006860  -0.294200  -0.034051  -0.193991  1.000000  
110.620000 0.014989  -0.009041  -0.002628  0.560720  0.761832  0.324353  -0.824126  0.475615  0.307583  0.080060  -0.439775  0.894532  -0.011620  0.011596  0.006914  -0.296574  -0.033917  -0.192890  1.000000  
110.621243 0.014978  -0.009028  -0.002618  0.560896  0.761819  0.324079  -0.824019  0.475932  0.307378  0.079926  -0.439454  0.894702  -0.011366  0.011406  0.007096  -0.301951  -0.037259  -0.187929  1.000000  
110.622494 0.014967  -0.009016  -0.002608  0.561072  0.761806  0.323806  -0.823912  0.476250  0.307172  0.079793  -0.439134  0.894871  -0.010990  0.011150  0.007305  -0.301315  -0.040385  -0.181706  1.000000  
110.623600 0.014959  -0.009006  -0.002599  0.561247  0.761792  0.323533  -0.823806  0.476567  0.306966  0.079660  -0.438813  0.895041  -0.010606  0.010821  0.007502  -0.304278  -0.040294  -0.181044  1.000000  
110.624753 0.014948  -0.008994  -0.002589  0.561423  0.761740  0.323353  -0.823699  0.476846  0.306818  0.079526  -0.438600  0.895157  -0.010287  0.010692  0.007788  -0.305256  -0.040470  -0.181630  1.000000  
110.625993 0.014938  -0.008982  -0.002577  0.561598  0.761726  0.323080  -0.823592  0.477163  0.306612  0.079393  -0.438279  0.895326  -0.009975  0.010500  0.007994  -0.304784  -0.043609  -0.175500  1.000000  
110.627243 0.014928  -0.008971  -0.002566  0.561774  0.761712  0.322807  -0.823485  0.477480  0.306406  0.079259  -0.437958  0.895495  -0.009552  0.010272  0.008188  -0.306952  -0.043394  -0.174413  1.000000  
110.628492 0.014918  -0.008959  -0.002554  0.562119  0.761600  0.322471  -0.823263  0.477954  0.306266  0.079126  -0.437637  0.895664  -0.009164  0.010209  0.008321  -0.306825  -0.040333  -0.180154  1.000000  
110.629493 0.014910  -0.008950  -0.002546  0.562294  0.761547  0.322291  -0.823156  0.478233  0.306118  0.078993  -0.437424  0.895779  -0.008940  0.010046  0.008398  -0.306838  -0.040380  -0.180165  1.000000  
110.630743 0.014902  -0.008939  -0.002534  0.562470  0.761533  0.322019  -0.823049  0.478549  0.305911  0.078859  -0.437103  0.895948  -0.008568  0.009931  0.008556  -0.305274  -0.040790  -0.181636  1.000000  
110.631991 0.014893  -0.008926  -0.002523  0.562809  0.761453  0.321616  -0.822817  0.478974  0.305869  0.078859  -0.436777  0.896107  -0.008278  0.009835  0.008634  -0.307442  -0.033493  -0.184349  1.000000  
110.632992 0.014886  -0.008916  -0.002513  0.562984  0.761399  0.321436  -0.822710  0.479253  0.305720  0.078726  -0.436564  0.896222  -0.008143  0.009740  0.008683  -0.303286  -0.033538  -0.184285  1.000000  
110.634243 0.014877  -0.008904  -0.002502  0.563159  0.761384  0.321163  -0.822603  0.479570  0.305513  0.078592  -0.436242  0.896391  -0.007924  0.009671  0.008817  -0.303790  -0.030582  -0.190396  1.000000  
110.635496 0.014867  -0.008892  -0.002489  0.563329  0.761441  0.320731  -0.822487  0.479875  0.305346  0.078592  -0.435807  0.896602  -0.007792  0.009601  0.009057  -0.310373  -0.026880  -0.189978  1.000000  
110.636758 0.014857  -0.008880  -0.002477  0.563673  0.761327  0.320396  -0.822263  0.480347  0.305205  0.078459  -0.435485  0.896770  -0.007722  0.009527  0.009155  -0.309385  -0.020729  -0.201003  1.000000  
110.637991 0.014848  -0.008868  -0.002464  0.563842  0.761345  0.320056  -0.822147  0.480615  0.305096  0.078459  -0.435159  0.896928  -0.007660  0.009568  0.009282  -0.307386  -0.016917  -0.200372  1.000000  
110.638994 0.014839  -0.008857  -0.002454  0.564012  0.761362  0.319716  -0.822031  0.480883  0.304987  0.078459  -0.434833  0.897087  -0.007708  0.009550  0.009415  -0.311409  -0.012937  -0.198362  1.000000  
110.640238 0.014828  -0.008845  -0.002441  0.564187  0.761346  0.319444  -0.821924  0.481198  0.304778  0.078326  -0.434511  0.897254  -0.007725  0.009634  0.009499  -0.309413  -0.009894  -0.202896  1.000000  
110.641486 0.014817  -0.008833  -0.002429  0.564356  0.761364  0.319105  -0.821807  0.481466  0.304669  0.078326  -0.434184  0.897412  -0.007854  0.009634  0.009552  -0.309466  -0.005963  -0.200975  1.000000  
110.642735 0.014805  -0.008820  -0.002417  0.564525  0.761380  0.318765  -0.821691  0.481734  0.304559  0.078326  -0.433858  0.897570  -0.007964  0.009746  0.009606  -0.309986  0.000978  -0.205152  1.000000  
110.643736 0.014796  -0.008810  -0.002407  0.564700  0.761364  0.318493  -0.821584  0.482049  0.304351  0.078192  -0.433536  0.897738  -0.008040  0.009823  0.009711  -0.309961  0.000904  -0.205154  1.000000  
110.644985 0.014784  -0.008796  -0.002395  0.564700  0.761480  0.318216  -0.821584  0.482160  0.304175  0.078192  -0.433209  0.897895  -0.008183  0.009970  0.009714  -0.309946  0.004839  -0.203197  1.000000  
110.646235 0.014773  -0.008782  -0.002382  0.564869  0.761497  0.317876  -0.821467  0.482427  0.304065  0.078192  -0.432882  0.898053  -0.008373  0.010097  0.009850  -0.309942  0.008775  -0.201251  1.000000  
110.647316 0.014763  -0.008770  -0.002371  0.565038  0.761513  0.317537  -0.821351  0.482694  0.303955  0.078192  -0.432555  0.898210  -0.008569  0.010182  0.009908  -0.311666  0.016819  -0.198462  1.000000  
110.648485 0.014751  -0.008756  -0.002357  0.565213  0.761535  0.317173  -0.821243  0.483046  0.303687  0.078059  -0.432124  0.898430  -0.008785  0.010386  0.010070  -0.314683  0.015633  -0.205586  1.000000  
110.649735 0.014739  -0.008741  -0.002344  0.565213  0.761650  0.316896  -0.821243  0.483157  0.303511  0.078059  -0.431797  0.898587  -0.008903  0.010572  0.010199  -0.313935  0.020583  -0.195421  1.000000  
110.650736 0.014729  -0.008729  -0.002332  0.565383  0.761666  0.316556  -0.821127  0.483424  0.303400  0.078059  -0.431470  0.898744  -0.009077  0.010683  0.010281  -0.317967  0.024537  -0.193479  1.000000  
110.651740 0.014718  -0.008717  -0.002321  0.565552  0.761681  0.316216  -0.821010  0.483691  0.303290  0.078059  -0.431143  0.898901  -0.009258  0.010869  0.010400  -0.317905  0.028476  -0.191511  1.000000  
110.652743 0.014709  -0.008704  -0.002309  0.565558  0.761764  0.316008  -0.821019  0.483849  0.303015  0.077926  -0.430820  0.899067  -0.009419  0.011031  0.010495  -0.319966  0.025633  -0.186901  1.000000  
110.653994 0.014696  -0.008689  -0.002295  0.565727  0.761817  0.315576  -0.820903  0.484153  0.302845  0.077926  -0.430384  0.899276  -0.009590  0.011207  0.010603  -0.325380  0.029367  -0.183413  1.000000  
110.655244 0.014682  -0.008674  -0.002280  0.565896  0.761871  0.315144  -0.820786  0.484457  0.302675  0.077926  -0.429948  0.899485  -0.009759  0.011470  0.010815  -0.329419  0.033305  -0.181488  1.000000  
110.656484 0.014669  -0.008658  -0.002265  0.566070  0.761891  0.314780  -0.820678  0.484808  0.302405  0.077792  -0.429516  0.899703  -0.009851  0.011669  0.010953  -0.337021  0.030269  -0.175383  1.000000  
110.657491 0.014659  -0.008645  -0.002252  0.566239  0.761906  0.314440  -0.820562  0.485074  0.302294  0.077792  -0.429188  0.899859  -0.009915  0.011894  0.011184  -0.336940  0.030198  -0.175351  1.000000  
110.658735 0.014646  -0.008628  -0.002235  0.566408  0.761958  0.314009  -0.820445  0.485378  0.302123  0.077792  -0.428752  0.900067  -0.009996  0.012144  0.011461  -0.345050  0.034155  -0.173443  1.000000  
110.659735 0.014636  -0.008614  -0.002222  0.566583  0.761978  0.313645  -0.820337  0.485728  0.301853  0.077659  -0.428319  0.900284  -0.010085  0.012333  0.011733  -0.349075  0.034083  -0.173461  1.000000  
110.660988 0.014622  -0.008598  -0.002205  0.566752  0.762030  0.313213  -0.820220  0.486032  0.301682  0.077659  -0.427882  0.900492  -0.010192  0.012507  0.011976  -0.356824  0.035091  -0.165471  1.000000  
110.662235 0.014609  -0.008581  -0.002187  0.567090  0.761982  0.312719  -0.819987  0.486492  0.301574  0.077659  -0.427446  0.900699  -0.010293  0.012717  0.012328  -0.361189  0.041987  -0.169625  1.000000  
110.663236 0.014599  -0.008567  -0.002173  0.567264  0.761963  0.312449  -0.819879  0.486805  0.301363  0.077525  -0.427122  0.900864  -0.010315  0.012830  0.012493  -0.361165  0.037904  -0.171567  1.000000  
110.664313 0.014588  -0.008553  -0.002158  0.567433  0.761976  0.312109  -0.819762  0.487072  0.301250  0.077525  -0.426794  0.901020  -0.010337  0.012906  0.012724  -0.362729  0.039130  -0.164440  1.000000  
110.665484 0.014575  -0.008536  -0.002139  0.567608  0.761995  0.311746  -0.819654  0.487422  0.300978  0.077392  -0.426362  0.901236  -0.010433  0.013106  0.013063  -0.365286  0.037780  -0.171646  1.000000  
110.666485 0.014563  -0.008523  -0.002124  0.567945  0.761945  0.311253  -0.819420  0.487882  0.300870  0.077392  -0.425924  0.901443  -0.010568  0.013178  0.013313  -0.373829  0.044690  -0.175872  1.000000  
110.667487 0.014552  -0.008508  -0.002108  0.568114  0.761958  0.310913  -0.819303  0.488148  0.300756  0.077392  -0.425596  0.901598  -0.010657  0.013267  0.013629  -0.373832  0.044627  -0.175889  1.000000  
110.668506 0.014540  -0.008495  -0.002092  0.568283  0.762008  0.310482  -0.819186  0.488451  0.300584  0.077392  -0.425159  0.901804  -0.010670  0.013410  0.013896  -0.380230  0.041919  -0.171034  1.000000  
110.669741 0.014525  -0.008478  -0.002072  0.568626  0.761925  0.310057  -0.818960  0.488957  0.300375  0.077259  -0.424726  0.902020  -0.010842  0.013450  0.014265  -0.384936  0.044832  -0.177329  1.000000  
110.670742 0.014513  -0.008464  -0.002054  0.568963  0.761874  0.309564  -0.818726  0.489416  0.300265  0.077259  -0.424288  0.902226  -0.010877  0.013590  0.014686  -0.390968  0.050298  -0.188257  1.000000  
110.671990 0.014498  -0.008447  -0.002032  0.569131  0.761923  0.309132  -0.818609  0.489719  0.300091  0.077259  -0.423850  0.902431  -0.011024  0.013671  0.015151  -0.394177  0.050618  -0.189826  1.000000  
110.672991 0.014485  -0.008433  -0.002014  0.569468  0.761834  0.308732  -0.818375  0.490142  0.300040  0.077259  -0.423522  0.902585  -0.011181  0.013695  0.015470  -0.394708  0.057576  -0.194144  1.000000  
110.674239 0.014470  -0.008416  -0.001990  0.569805  0.761781  0.308239  -0.818140  0.490601  0.299929  0.077259  -0.423084  0.902791  -0.011414  0.013662  0.015962  -0.399335  0.060458  -0.200404  1.000000  
110.675487 0.014453  -0.008398  -0.001966  0.570142  0.761729  0.307745  -0.817905  0.491060  0.299818  0.077259  -0.422646  0.902996  -0.011673  0.013724  0.016424  -0.403978  0.063337  -0.206675  1.000000  
110.676735 0.014436  -0.008381  -0.001942  0.570310  0.761777  0.307314  -0.817788  0.491362  0.299643  0.077259  -0.422207  0.903201  -0.011890  0.013715  0.016822  -0.405220  0.065661  -0.211177  1.000000  
110.677984 0.014419  -0.008364  -0.001917  0.570647  0.761723  0.306821  -0.817553  0.491821  0.299531  0.077259  -0.421769  0.903406  -0.012212  0.013713  0.017276  -0.409146  0.073129  -0.217292  1.000000  
110.678985 0.014403  -0.008352  -0.001897  0.570984  0.761670  0.306328  -0.817318  0.492280  0.299418  0.077259  -0.421331  0.903610  -0.012522  0.013633  0.017653  -0.414367  0.075371  -0.221697  1.000000  
110.679988 0.014389  -0.008339  -0.001876  0.571152  0.761680  0.305990  -0.817200  0.492546  0.299302  0.077259  -0.421002  0.903764  -0.012772  0.013566  0.018077  -0.413743  0.075904  -0.223576  1.000000  
110.681236 0.014369  -0.008323  -0.001850  0.571488  0.761625  0.305497  -0.816965  0.493005  0.299189  0.077259  -0.420563  0.903968  -0.013133  0.013532  0.018621  -0.415692  0.081079  -0.234279  1.000000  
110.682485 0.014348  -0.008308  -0.001822  0.571819  0.761602  0.304935  -0.816721  0.493417  0.299175  0.077392  -0.420120  0.904162  -0.013557  0.013367  0.019092  -0.420117  0.091940  -0.236608  1.000000  
110.683489 0.014332  -0.008296  -0.001800  0.572155  0.761547  0.304442  -0.816486  0.493876  0.299061  0.077392  -0.419682  0.904366  -0.013944  0.013299  0.019513  -0.420891  0.094797  -0.242982  1.000000  
110.684504 0.014314  -0.008283  -0.001777  0.572323  0.761593  0.304011  -0.816368  0.494178  0.298883  0.077392  -0.419243  0.904570  -0.014259  0.013206  0.019962  -0.427983  0.095373  -0.244764  1.000000  
110.685739 0.014293  -0.008268  -0.001748  0.572827  0.761435  0.303457  -0.816014  0.494793  0.298831  0.077392  -0.418804  0.904773  -0.014659  0.013106  0.020400  -0.429202  0.101158  -0.257379  1.000000  
110.686990 0.014271  -0.008253  -0.001718  0.573157  0.761447  0.302803  -0.815770  0.495242  0.298755  0.077525  -0.418251  0.905017  -0.015144  0.012942  0.020929  -0.433831  0.112095  -0.259865  1.000000  
110.688240 0.014249  -0.008237  -0.001688  0.573493  0.761426  0.302218  -0.815534  0.495737  0.298579  0.077525  -0.417702  0.905271  -0.015622  0.012786  0.021409  -0.434313  0.114852  -0.266145  1.000000  
110.689489 0.014226  -0.008222  -0.001657  0.573829  0.761405  0.301633  -0.815298  0.496231  0.298402  0.077525  -0.417153  0.905524  -0.016100  0.012672  0.021923  -0.438910  0.121706  -0.270552  1.000000  
110.690734 0.014202  -0.008208  -0.001626  0.574332  0.761318  0.300895  -0.814943  0.496919  0.298227  0.077525  -0.416493  0.905827  -0.016481  0.012461  0.022315  -0.448509  0.126358  -0.280798  1.000000  
110.691737 0.014183  -0.008197  -0.001601  0.574662  0.761291  0.300333  -0.814698  0.497331  0.298209  0.077659  -0.416050  0.906020  -0.016963  0.012281  0.022761  -0.452792  0.134263  -0.287538  1.000000  
