1-Time 2-Px 3-Py 4-Pz 5-R11 6-R21 7-R31 8-R12 9-R22 10-R32 11-R13 12-R23 13-R33 14-Vx 15-Vy 16-Vz 17-Wx 18-Wy 19-Wz 20-state
102.418835 0.012405  -0.006911  -0.017240  0.428826  0.788738  0.440456  -0.860807  0.504678  -0.065663  -0.274079  -0.350989  0.895370  -0.000280  0.001075  -0.001427  0.000000  0.000000  0.000000  1.000000  
102.420071 0.012405  -0.006911  -0.017238  0.428842  0.788759  0.440402  -0.860840  0.504636  -0.065556  -0.273951  -0.351002  0.895404  0.000164  -0.000187  0.002443  0.000000  0.000000  0.000000  1.000000  
102.421316 0.012400  -0.006911  -0.017220  0.428842  0.788705  0.440498  -0.860840  0.504644  -0.065495  -0.273951  -0.351111  0.895361  -0.001927  -0.000207  0.009061  0.000000  0.000000  0.000000  1.000000  
102.422569 0.012395  -0.006911  -0.017200  0.428842  0.788705  0.440498  -0.860840  0.504644  -0.065495  -0.273951  -0.351111  0.895361  -0.002885  -0.000113  0.011544  0.000000  0.000000  0.000000  1.000000  
102.423583 0.012392  -0.006909  -0.017189  0.428842  0.788652  0.440593  -0.860840  0.504652  -0.065434  -0.273951  -0.351220  0.895319  -0.002800  0.000263  0.011453  0.000000  0.000000  0.000000  1.000000  
102.424838 0.012387  -0.006907  -0.017178  0.428665  0.788756  0.440580  -0.860928  0.504489  -0.065524  -0.273951  -0.351220  0.895319  -0.003131  0.000665  0.010819  0.000000  0.000000  0.000000  1.000000  
102.426069 0.012379  -0.006904  -0.017168  0.428682  0.788777  0.440527  -0.860961  0.504447  -0.065417  -0.273822  -0.351233  0.895353  -0.003698  0.000870  0.010408  0.000000  0.000000  0.000000  1.000000  
102.427088 0.012372  -0.006902  -0.017159  0.428682  0.788723  0.440622  -0.860961  0.504455  -0.065356  -0.273822  -0.351342  0.895310  -0.004130  0.001088  0.010127  0.000000  0.000000  0.000000  1.000000  
102.428323 0.012364  -0.006898  -0.017150  0.428504  0.788773  0.440705  -0.861049  0.504301  -0.065386  -0.273822  -0.351450  0.895268  -0.004377  0.001345  0.009820  0.000000  0.000000  0.000000  1.000000  
102.429335 0.012359  -0.006896  -0.017140  0.428504  0.788773  0.440705  -0.861049  0.504301  -0.065386  -0.273822  -0.351450  0.895268  -0.004456  0.001452  0.009813  0.000000  0.000000  0.000000  1.000000  
102.430340 0.012353  -0.006893  -0.017129  0.428504  0.788667  0.440896  -0.861049  0.504316  -0.065263  -0.273822  -0.351667  0.895182  -0.004540  0.001558  0.009889  0.000000  0.000000  0.000000  1.000000  
102.431575 0.012346  -0.006890  -0.017114  0.428327  0.788717  0.440978  -0.861137  0.504162  -0.065293  -0.273822  -0.351776  0.895140  -0.004730  0.001671  0.010113  0.000000  0.000000  0.000000  1.000000  
102.432820 0.012336  -0.006888  -0.017097  0.428327  0.788610  0.441169  -0.861137  0.504178  -0.065171  -0.273822  -0.351993  0.895054  -0.004993  0.001669  0.010438  0.000000  0.000000  0.000000  1.000000  
102.433832 0.012328  -0.006887  -0.017079  0.428150  0.788660  0.441252  -0.861225  0.504023  -0.065200  -0.273822  -0.352102  0.895012  -0.005213  0.001607  0.010925  0.000000  0.000000  0.000000  1.000000  
102.435071 0.012317  -0.006886  -0.017053  0.428150  0.788553  0.441443  -0.861225  0.504039  -0.065078  -0.273822  -0.352319  0.894926  -0.005830  0.001656  0.012326  0.000000  0.000000  0.000000  1.000000  
102.436072 0.012308  -0.006884  -0.017032  0.428150  0.788500  0.441539  -0.861225  0.504047  -0.065017  -0.273822  -0.352427  0.894884  -0.006233  0.001804  0.012747  0.000000  0.000000  0.000000  1.000000  
102.437320 0.012299  -0.006881  -0.017010  0.428150  0.788446  0.441634  -0.861225  0.504055  -0.064956  -0.273822  -0.352536  0.894841  -0.006501  0.002013  0.012861  0.000000  0.000000  0.000000  1.000000  
102.438320 0.012292  -0.006876  -0.016998  0.428150  0.788392  0.441730  -0.861225  0.504063  -0.064895  -0.273822  -0.352644  0.894798  -0.006731  0.002258  0.012886  0.000000  0.000000  0.000000  1.000000  
102.439575 0.012283  -0.006870  -0.016986  0.428150  0.788339  0.441825  -0.861225  0.504071  -0.064833  -0.273822  -0.352753  0.894755  -0.007058  0.002517  0.013014  0.000000  0.000000  0.000000  1.000000  
102.440822 0.012270  -0.006864  -0.016969  0.428327  0.788235  0.441839  -0.861137  0.504233  -0.064742  -0.273822  -0.352753  0.894755  -0.007370  0.002724  0.013405  0.000000  0.000000  0.000000  1.000000  
102.442069 0.012260  -0.006858  -0.016945  0.428327  0.788181  0.441934  -0.861137  0.504241  -0.064681  -0.273822  -0.352862  0.894712  -0.007458  0.002932  0.014304  0.000000  0.000000  0.000000  1.000000  
102.443076 0.012254  -0.006852  -0.016921  0.428504  0.788078  0.441948  -0.861049  0.504403  -0.064590  -0.273822  -0.352862  0.894712  -0.007462  0.003114  0.015468  0.000000  0.000000  0.000000  1.000000  
102.444324 0.012247  -0.006844  -0.016889  0.428504  0.788024  0.442043  -0.861049  0.504411  -0.064529  -0.273822  -0.352970  0.894670  -0.007434  0.003464  0.016698  0.000000  0.000000  0.000000  1.000000  
102.445574 0.012238  -0.006835  -0.016856  0.428698  0.787941  0.442003  -0.860994  0.504531  -0.064331  -0.273693  -0.352983  0.894704  -0.007610  0.003764  0.018026  0.000000  0.000000  0.000000  1.000000  
102.446574 0.012229  -0.006830  -0.016831  0.428875  0.787837  0.442016  -0.860905  0.504693  -0.064240  -0.273693  -0.352983  0.894704  -0.007740  0.003957  0.018882  0.000000  0.000000  0.000000  1.000000  
102.447577 0.012221  -0.006826  -0.016810  0.429052  0.787733  0.442030  -0.860817  0.504855  -0.064149  -0.273693  -0.352983  0.894704  -0.007800  0.004209  0.019474  0.000000  0.000000  0.000000  1.000000  
102.448821 0.012212  -0.006819  -0.016785  0.429246  0.787650  0.441989  -0.860762  0.504975  -0.063951  -0.273565  -0.352997  0.894738  -0.007728  0.004510  0.019602  0.000000  0.000000  0.000000  1.000000  
102.450069 0.012203  -0.006812  -0.016765  0.429423  0.787493  0.442098  -0.860673  0.505145  -0.063799  -0.273565  -0.353105  0.894695  -0.007620  0.004911  0.019219  0.000000  0.000000  0.000000  1.000000  
102.451320 0.012194  -0.006803  -0.016747  0.429600  0.787389  0.442111  -0.860585  0.505307  -0.063708  -0.273565  -0.353105  0.894695  -0.007464  0.005390  0.018691  0.000000  0.000000  0.000000  1.000000  
102.452329 0.012187  -0.006797  -0.016734  0.429794  0.787306  0.442071  -0.860529  0.505427  -0.063509  -0.273436  -0.353119  0.894729  -0.007501  0.005590  0.018514  0.000000  0.000000  0.000000  1.000000  
102.453341 0.012179  -0.006791  -0.016721  0.429971  0.787202  0.442084  -0.860440  0.505589  -0.063418  -0.273436  -0.353119  0.894729  -0.007568  0.005659  0.018615  0.000000  0.000000  0.000000  1.000000  
102.454570 0.012169  -0.006785  -0.016702  0.430342  0.787015  0.442056  -0.860296  0.505871  -0.063129  -0.273307  -0.353132  0.894763  -0.007605  0.005661  0.018981  0.000000  0.000000  0.000000  1.000000  
102.455576 0.012160  -0.006779  -0.016683  0.430519  0.786964  0.441974  -0.860207  0.506025  -0.063100  -0.273307  -0.353024  0.894806  -0.007483  0.005757  0.019385  0.000000  0.000000  0.000000  1.000000  
102.456820 0.012149  -0.006771  -0.016655  0.430712  0.786881  0.441933  -0.860152  0.506145  -0.062902  -0.273178  -0.353037  0.894840  -0.007493  0.005858  0.019711  0.000000  0.000000  0.000000  1.000000  
102.457820 0.012141  -0.006765  -0.016630  0.431066  0.786673  0.441959  -0.859974  0.506469  -0.062720  -0.273178  -0.353037  0.894840  -0.007628  0.005933  0.019859  0.000000  0.000000  0.000000  1.000000  
102.459070 0.012132  -0.006756  -0.016604  0.431260  0.786643  0.441823  -0.859918  0.506581  -0.062583  -0.273050  -0.352942  0.894917  -0.007811  0.005934  0.019511  0.000000  0.000000  0.000000  1.000000  
102.460093 0.012124  -0.006750  -0.016586  0.431630  0.786509  0.441700  -0.859773  0.506855  -0.062356  -0.272921  -0.352847  0.894993  -0.007892  0.005929  0.018718  0.000000  0.000000  0.000000  1.000000  
102.461324 0.012113  -0.006743  -0.016567  0.432000  0.786429  0.441481  -0.859628  0.507122  -0.062190  -0.272792  -0.352643  0.895113  -0.007900  0.005940  0.017856  0.000000  0.000000  0.000000  1.000000  
102.462325 0.012104  -0.006736  -0.016555  0.432371  0.786295  0.441357  -0.859482  0.507396  -0.061963  -0.272664  -0.352548  0.895190  -0.007955  0.006066  0.017283  0.000000  0.000000  0.000000  1.000000  
102.463578 0.012094  -0.006726  -0.016537  0.432741  0.786161  0.441233  -0.859337  0.507670  -0.061735  -0.272535  -0.352453  0.895266  -0.008012  0.006323  0.016817  0.055424  0.102812  -0.138414  1.000000  
102.464820 0.012083  -0.006716  -0.016515  0.433128  0.786101  0.440960  -0.859224  0.507894  -0.061463  -0.272277  -0.352262  0.895420  -0.008122  0.006499  0.016920  0.046550  0.115069  -0.146273  1.000000  
102.465821 0.012075  -0.006709  -0.016495  0.433498  0.786020  0.440741  -0.859078  0.508161  -0.061298  -0.272149  -0.352058  0.895539  -0.008161  0.006537  0.017308  0.034115  0.124069  -0.156947  1.000000  
102.467069 0.012064  -0.006701  -0.016468  0.433691  0.785990  0.440604  -0.859021  0.508273  -0.061162  -0.272020  -0.351963  0.895616  -0.008287  0.006531  0.017991  0.028119  0.131721  -0.162798  1.000000  
102.468070 0.012055  -0.006695  -0.016447  0.434061  0.785909  0.440385  -0.858875  0.508540  -0.060997  -0.271891  -0.351759  0.895735  -0.008378  0.006527  0.018461  0.019650  0.140772  -0.173554  1.000000  
102.469070 0.012045  -0.006688  -0.016426  0.434431  0.785774  0.440260  -0.858729  0.508814  -0.060770  -0.271762  -0.351664  0.895811  -0.008488  0.006637  0.018961  0.015256  0.149829  -0.184297  1.000000  
102.470319 0.012034  -0.006679  -0.016402  0.434801  0.785639  0.440136  -0.858582  0.509089  -0.060544  -0.271634  -0.351568  0.895888  -0.008544  0.006821  0.019079  0.014816  0.157578  -0.193458  1.000000  
102.471577 0.012023  -0.006669  -0.016379  0.435011  0.785683  0.439849  -0.858557  0.509152  -0.060363  -0.271376  -0.351377  0.896041  -0.008573  0.006888  0.018689  0.002675  0.167216  -0.191753  1.000000  
102.472820 0.012013  -0.006661  -0.016359  0.435381  0.785548  0.439725  -0.858411  0.509426  -0.060137  -0.271247  -0.351282  0.896117  -0.008550  0.006899  0.018070  0.000464  0.172432  -0.194742  1.000000  
102.474069 0.012003  -0.006653  -0.016345  0.435750  0.785413  0.439600  -0.858264  0.509700  -0.059910  -0.271118  -0.351187  0.896193  -0.008557  0.006912  0.017251  0.000144  0.181398  -0.205409  1.000000  
102.475071 0.011995  -0.006647  -0.016333  0.436120  0.785278  0.439475  -0.858116  0.509974  -0.059684  -0.270990  -0.351091  0.896270  -0.008594  0.006887  0.016920  -0.006090  0.187949  -0.209907  1.000000  
102.476334 0.011983  -0.006639  -0.016316  0.436313  0.785247  0.439338  -0.858059  0.510087  -0.059549  -0.270861  -0.350996  0.896346  -0.008645  0.006914  0.016820  -0.010251  0.189453  -0.211617  1.000000  
102.477337 0.011975  -0.006631  -0.016298  0.436683  0.785112  0.439212  -0.857912  0.510361  -0.059323  -0.270732  -0.350900  0.896422  -0.008576  0.006938  0.017263  -0.012461  0.196065  -0.216189  1.000000  
102.478573 0.011965  -0.006623  -0.016270  0.437053  0.784976  0.439087  -0.857764  0.510635  -0.059097  -0.270603  -0.350804  0.896499  -0.008547  0.006898  0.017790  -0.014695  0.198540  -0.222462  1.000000  
102.479579 0.011959  -0.006615  -0.016244  0.437422  0.784840  0.438962  -0.857616  0.510910  -0.058871  -0.270474  -0.350709  0.896575  -0.008395  0.006902  0.018352  -0.016904  0.205094  -0.226972  1.000000  
102.480822 0.011950  -0.006605  -0.016212  0.437968  0.784599  0.438848  -0.857378  0.511345  -0.058556  -0.270346  -0.350613  0.896651  -0.008342  0.006909  0.018768  -0.021317  0.214197  -0.237779  1.000000  
102.482071 0.011941  -0.006595  -0.016182  0.438514  0.784411  0.438639  -0.857140  0.511774  -0.058302  -0.270217  -0.350409  0.896770  -0.008168  0.007050  0.019011  -0.025759  0.219123  -0.250306  1.000000  
102.483318 0.011932  -0.006584  -0.016158  0.439236  0.784117  0.438442  -0.856810  0.512364  -0.057958  -0.270088  -0.350205  0.896889  -0.008040  0.007256  0.018912  -0.028071  0.228780  -0.265204  1.000000  
102.484318 0.011925  -0.006575  -0.016140  0.439606  0.783981  0.438316  -0.856662  0.512638  -0.057733  -0.269959  -0.350109  0.896965  -0.007834  0.007418  0.018761  -0.030274  0.231015  -0.271185  1.000000  
102.485319 0.011919  -0.006565  -0.016121  0.440135  0.783717  0.438257  -0.856390  0.513115  -0.057525  -0.269959  -0.350000  0.897007  -0.007620  0.007588  0.018727  -0.026545  0.235799  -0.283501  1.000000  
102.486319 0.011914  -0.006555  -0.016103  0.440680  0.783528  0.438047  -0.856150  0.513544  -0.057272  -0.269830  -0.349796  0.897126  -0.007403  0.007750  0.018754  -0.032815  0.238179  -0.289687  1.000000  
102.487320 0.011908  -0.006546  -0.016082  0.441225  0.783285  0.437932  -0.855910  0.513979  -0.056957  -0.269702  -0.349700  0.897202  -0.007298  0.007898  0.019076  -0.033179  0.247306  -0.300581  1.000000  
102.488569 0.011900  -0.006535  -0.016055  0.441930  0.782915  0.437884  -0.855546  0.514617  -0.056659  -0.269702  -0.349591  0.897244  -0.007125  0.008101  0.019794  -0.029456  0.247771  -0.314337  1.000000  
102.489569 0.011893  -0.006526  -0.016032  0.442475  0.782671  0.437769  -0.855305  0.515052  -0.056344  -0.269573  -0.349495  0.897320  -0.007041  0.008266  0.020624  -0.025775  0.256874  -0.325258  1.000000  
102.490818 0.011884  -0.006517  -0.016002  0.443195  0.782322  0.437665  -0.854972  0.515648  -0.055939  -0.269444  -0.349400  0.897396  -0.006930  0.008318  0.021462  -0.022094  0.261558  -0.337477  1.000000  
102.491821 0.011878  -0.006508  -0.015978  0.443740  0.782078  0.437549  -0.854731  0.516083  -0.055625  -0.269315  -0.349304  0.897472  -0.006777  0.008474  0.021988  -0.020284  0.263876  -0.343604  1.000000  
102.492826 0.011871  -0.006500  -0.015953  0.444268  0.781759  0.437584  -0.854456  0.516566  -0.055355  -0.269315  -0.349304  0.897472  -0.006665  0.008577  0.022293  -0.010481  0.260094  -0.355999  1.000000  
102.494073 0.011863  -0.006489  -0.015923  0.445180  0.781323  0.437435  -0.854062  0.517281  -0.054754  -0.269057  -0.349221  0.897582  -0.006577  0.008645  0.022340  -0.000868  0.271480  -0.373005  1.000000  
102.495323 0.011855  -0.006478  -0.015896  0.445900  0.780971  0.437329  -0.853727  0.517876  -0.054350  -0.268928  -0.349125  0.897658  -0.006599  0.008770  0.021907  0.002786  0.272121  -0.387123  1.000000  
102.496324 0.011848  -0.006468  -0.015878  0.446444  0.780673  0.437307  -0.853484  0.518317  -0.053974  -0.268800  -0.349138  0.897691  -0.006577  0.008879  0.021458  0.012748  0.274468  -0.393322  1.000000  
102.497571 0.011838  -0.006456  -0.015854  0.447163  0.780321  0.437201  -0.853148  0.518912  -0.053570  -0.268671  -0.349042  0.897767  -0.006546  0.009044  0.021216  0.016428  0.279319  -0.405843  1.000000  
102.498575 0.011830  -0.006446  -0.015835  0.447707  0.780075  0.437084  -0.852903  0.519346  -0.053257  -0.268542  -0.348947  0.897843  -0.006594  0.009092  0.021212  0.022307  0.281640  -0.412065  1.000000  
102.499821 0.011821  -0.006431  -0.015807  0.448443  0.779743  0.436921  -0.852598  0.519899  -0.052747  -0.268284  -0.348864  0.897952  -0.006746  0.009246  0.021672  0.025949  0.290674  -0.422958  1.000000  
102.501069 0.011810  -0.006418  -0.015774  0.449353  0.779357  0.436674  -0.852199  0.520606  -0.052211  -0.268026  -0.348672  0.898104  -0.007064  0.009311  0.022300  0.028997  0.301964  -0.442535  1.000000  
102.502070 0.011800  -0.006407  -0.015744  0.450089  0.779025  0.436510  -0.851892  0.521159  -0.051702  -0.267768  -0.348589  0.898213  -0.007317  0.009437  0.022924  0.034442  0.313279  -0.459444  1.000000  
102.503070 0.011789  -0.006396  -0.015714  0.450999  0.778584  0.436356  -0.851492  0.521872  -0.051104  -0.267511  -0.348506  0.898322  -0.007669  0.009538  0.023497  0.040203  0.323355  -0.482337  1.000000  
102.504318 0.011776  -0.006383  -0.015678  0.452084  0.778036  0.436212  -0.850997  0.522745  -0.050416  -0.267253  -0.348423  0.898431  -0.007980  0.009698  0.023958  0.048998  0.336797  -0.507598  1.000000  
102.505569 0.011762  -0.006367  -0.015646  0.453010  0.777616  0.435999  -0.850626  0.523416  -0.049712  -0.266866  -0.348352  0.898573  -0.008304  0.010122  0.024185  0.054345  0.352056  -0.522606  1.000000  
102.506570 0.011750  -0.006355  -0.015622  0.453744  0.777281  0.435833  -0.850316  0.523968  -0.049204  -0.266608  -0.348269  0.898682  -0.008619  0.010356  0.024125  0.057921  0.361034  -0.533490  1.000000  
102.507571 0.011738  -0.006344  -0.015599  0.454494  0.776968  0.435609  -0.850036  0.524478  -0.048591  -0.266221  -0.348199  0.898824  -0.008998  0.010583  0.023972  0.061464  0.378144  -0.540879  1.000000  
102.508819 0.011723  -0.006329  -0.015572  0.455594  0.776439  0.435404  -0.849568  0.525309  -0.047799  -0.265834  -0.348128  0.898965  -0.009471  0.010793  0.023729  0.068666  0.396060  -0.562461  1.000000  
102.509822 0.011711  -0.006318  -0.015551  0.456519  0.775964  0.435282  -0.849193  0.525985  -0.047033  -0.265447  -0.348167  0.899065  -0.009868  0.010949  0.023699  0.078036  0.411487  -0.577690  1.000000  
102.510824 0.011698  -0.006306  -0.015529  0.457269  0.775650  0.435055  -0.848910  0.526495  -0.046420  -0.265060  -0.348096  0.899206  -0.010254  0.011155  0.023861  0.084416  0.425557  -0.585484  1.000000  
102.512073 0.011680  -0.006291  -0.015499  0.458542  0.774956  0.434950  -0.848344  0.527489  -0.045476  -0.264673  -0.348135  0.899306  -0.010856  0.011331  0.024421  0.095705  0.443578  -0.607139  1.000000  
102.513074 0.011666  -0.006279  -0.015474  0.459466  0.774532  0.434731  -0.847965  0.528158  -0.044775  -0.264286  -0.348064  0.899447  -0.011262  0.011490  0.024826  0.103287  0.456713  -0.616459  1.000000  
102.514319 0.011648  -0.006264  -0.015441  0.460755  0.773859  0.434565  -0.847426  0.529110  -0.043725  -0.263770  -0.348115  0.899579  -0.011791  0.011522  0.025226  0.114520  0.479011  -0.636627  1.000000  
102.515320 0.011633  -0.006253  -0.015413  0.461678  0.773434  0.434343  -0.847044  0.529779  -0.043025  -0.263383  -0.348044  0.899719  -0.012277  0.011514  0.025417  0.122088  0.492157  -0.645981  1.000000  
102.516570 0.011614  -0.006237  -0.015379  0.462791  0.772921  0.434071  -0.846597  0.530565  -0.042130  -0.262866  -0.347985  0.899893  -0.012757  0.011693  0.025303  0.127405  0.516094  -0.658215  1.000000  
102.517819 0.011593  -0.006221  -0.015349  0.464078  0.772298  0.433806  -0.846052  0.531510  -0.041147  -0.262350  -0.347927  0.900066  -0.013235  0.011873  0.024763  0.133385  0.533807  -0.672711  1.000000  
102.518819 0.011577  -0.006207  -0.015328  0.465191  0.771730  0.433624  -0.845601  0.532300  -0.040189  -0.261833  -0.347978  0.900197  -0.013617  0.012080  0.024279  0.146060  0.555639  -0.686055  1.000000  
102.519822 0.011560  -0.006193  -0.015307  0.466302  0.771215  0.433347  -0.845148  0.533085  -0.039296  -0.261317  -0.347919  0.900370  -0.014012  0.012204  0.023799  0.147258  0.579583  -0.698245  1.000000  
102.521069 0.011540  -0.006175  -0.015280  0.467587  0.770641  0.432983  -0.844598  0.534024  -0.038379  -0.260800  -0.347751  0.900585  -0.014417  0.012403  0.023619  0.148420  0.599390  -0.712320  1.000000  
102.522069 0.011524  -0.006162  -0.015255  0.468698  0.770124  0.432703  -0.844141  0.534808  -0.037488  -0.260283  -0.347692  0.900757  -0.014750  0.012578  0.023688  0.151801  0.616776  -0.720083  1.000000  
102.523320 0.011503  -0.006143  -0.015223  0.470329  0.769275  0.432443  -0.843393  0.536067  -0.036330  -0.259767  -0.347633  0.900929  -0.015109  0.012797  0.024018  0.157155  0.638724  -0.746714  1.000000  
102.524570 0.011481  -0.006125  -0.015186  0.471802  0.768609  0.432022  -0.842769  0.537122  -0.035222  -0.259121  -0.347476  0.901175  -0.015539  0.013101  0.024703  0.159912  0.664504  -0.764799  1.000000  
102.525574 0.011464  -0.006110  -0.015158  0.473067  0.767955  0.431802  -0.842179  0.538103  -0.034350  -0.258733  -0.347404  0.901314  -0.015857  0.013244  0.025073  0.164640  0.683182  -0.780524  1.000000  
102.526581 0.011446  -0.006095  -0.015130  0.474348  0.767322  0.431521  -0.841616  0.539044  -0.033372  -0.258216  -0.347345  0.901485  -0.016116  0.013461  0.025469  0.171559  0.705134  -0.800492  1.000000  
102.527823 0.011423  -0.006078  -0.015096  0.475802  0.766577  0.431245  -0.840954  0.540141  -0.032307  -0.257699  -0.347285  0.901656  -0.016460  0.013544  0.025677  0.179110  0.724757  -0.821331  1.000000  
102.528824 0.011405  -0.006064  -0.015071  0.477081  0.765942  0.430960  -0.840388  0.541080  -0.031332  -0.257182  -0.347225  0.901827  -0.016708  0.013748  0.025546  0.185389  0.745323  -0.842644  1.000000  
102.530077 0.011383  -0.006046  -0.015041  0.478533  0.765194  0.430679  -0.839720  0.542175  -0.030268  -0.256664  -0.347165  0.901998  -0.016951  0.014003  0.025171  0.192248  0.763353  -0.864593  1.000000  
102.531321 0.011360  -0.006028  -0.015015  0.480156  0.764333  0.430402  -0.838951  0.543427  -0.029117  -0.256147  -0.347105  0.902168  -0.017196  0.014194  0.024729  0.199075  0.781342  -0.886509  1.000000  
102.532570 0.011336  -0.006010  -0.014990  0.481778  0.763469  0.430122  -0.838179  0.544678  -0.027967  -0.255630  -0.347045  0.902338  -0.017476  0.014293  0.024385  0.204164  0.792659  -0.900856  1.000000  
102.533819 0.011311  -0.005992  -0.014963  0.483398  0.762656  0.429746  -0.837403  0.545924  -0.026884  -0.255112  -0.346875  0.902549  -0.017720  0.014351  0.024343  0.210906  0.810430  -0.922765  1.000000  
102.534819 0.011292  -0.005978  -0.014939  0.484656  0.761990  0.429510  -0.836794  0.546899  -0.026018  -0.254724  -0.346802  0.902687  -0.017888  0.014333  0.024538  0.214078  0.819194  -0.933612  1.000000  
102.535821 0.011272  -0.005964  -0.014913  0.486085  0.761211  0.429278  -0.836083  0.548030  -0.025063  -0.254336  -0.346729  0.902824  -0.018149  0.014341  0.024845  0.220800  0.833166  -0.960312  1.000000  
102.536821 0.011252  -0.005950  -0.014885  0.487530  0.760453  0.428983  -0.835399  0.549120  -0.024006  -0.253818  -0.346669  0.902993  -0.018427  0.014370  0.025075  0.223356  0.846948  -0.983792  1.000000  
102.538069 0.011227  -0.005932  -0.014850  0.489317  0.759466  0.428695  -0.834510  0.550521  -0.022772  -0.253301  -0.346608  0.903162  -0.018714  0.014341  0.025279  0.230005  0.860823  -1.007513  1.000000  
102.539325 0.011201  -0.005913  -0.014815  0.490931  0.758643  0.428307  -0.833719  0.551762  -0.021695  -0.252783  -0.346437  0.903373  -0.019020  0.014338  0.025194  0.230964  0.873008  -1.025976  1.000000  
102.540574 0.011175  -0.005894  -0.014783  0.492715  0.757704  0.427921  -0.832823  0.553159  -0.020532  -0.252265  -0.346266  0.903583  -0.019323  0.014395  0.024885  0.234820  0.883148  -1.052175  1.000000  
102.541822 0.011148  -0.005877  -0.014753  0.494498  0.756710  0.427624  -0.831923  0.554556  -0.019302  -0.251747  -0.346205  0.903751  -0.019573  0.014361  0.024680  0.235593  0.895389  -1.073739  1.000000  
102.543076 0.011121  -0.005858  -0.014725  0.496296  0.755789  0.427169  -0.831047  0.555909  -0.018037  -0.251100  -0.346046  0.903992  -0.019874  0.014456  0.024293  0.237781  0.908803  -1.097124  1.000000  
102.544324 0.011094  -0.005839  -0.014695  0.498074  0.754842  0.426773  -0.830139  0.557301  -0.016878  -0.250582  -0.345874  0.904201  -0.020190  0.014524  0.024256  0.234263  0.916013  -1.116224  1.000000  
102.545325 0.011072  -0.005824  -0.014670  0.499681  0.753955  0.426462  -0.829329  0.558538  -0.015741  -0.250063  -0.345813  0.904368  -0.020456  0.014541  0.024430  0.240720  0.929713  -1.139821  1.000000  
102.546575 0.011043  -0.005806  -0.014636  0.501456  0.752952  0.426152  -0.828413  0.559929  -0.014517  -0.249545  -0.345751  0.904535  -0.020869  0.014517  0.024954  0.245272  0.936778  -1.158765  1.000000  
102.547938 0.011013  -0.005789  -0.014601  0.503400  0.751881  0.425750  -0.827390  0.561471  -0.013274  -0.249027  -0.345579  0.904744  -0.021065  0.014320  0.025402  0.246573  0.942644  -1.179606  1.000000  
102.549068 0.010982  -0.005773  -0.014566  0.505172  0.750872  0.425433  -0.826465  0.562859  -0.012053  -0.248508  -0.345517  0.904910  -0.021674  0.014371  0.026169  0.252011  0.949450  -1.205130  1.000000  
102.550071 0.010958  -0.005759  -0.014538  0.506602  0.750092  0.425108  -0.825745  0.563936  -0.011007  -0.247990  -0.345454  0.905076  -0.021952  0.014336  0.026362  0.254831  0.958296  -1.216212  1.000000  
102.551320 0.010927  -0.005743  -0.014505  0.508371  0.749078  0.424784  -0.824813  0.565320  -0.009788  -0.247471  -0.345392  0.905242  -0.022361  0.014261  0.026291  0.259219  0.961247  -1.236929  1.000000  
102.552570 0.010896  -0.005727  -0.014474  0.510307  0.747893  0.424550  -0.823773  0.566858  -0.008415  -0.246953  -0.345439  0.905365  -0.022744  0.014154  0.026029  0.270079  0.965970  -1.249746  1.000000  
102.553570 0.010871  -0.005713  -0.014450  0.511733  0.747108  0.424217  -0.823043  0.567931  -0.007373  -0.246434  -0.345376  0.905531  -0.023085  0.014034  0.025648  0.272773  0.970695  -1.262572  1.000000  
102.554819 0.010839  -0.005697  -0.014423  0.513682  0.745993  0.423821  -0.822022  0.569425  -0.005967  -0.245786  -0.345325  0.905726  -0.023444  0.013937  0.025260  0.275259  0.975483  -1.275512  1.000000  
102.556070 0.010808  -0.005681  -0.014394  0.515647  0.744901  0.423356  -0.821023  0.570877  -0.004461  -0.245008  -0.345285  0.905952  -0.023818  0.013768  0.025114  0.278960  0.989293  -1.285257  1.000000  
102.557320 0.010775  -0.005665  -0.014363  0.517761  0.743714  0.422862  -0.819885  0.572520  -0.003041  -0.244359  -0.345124  0.906189  -0.024166  0.013608  0.025298  0.280814  0.998808  -1.310701  1.000000  
102.558320 0.010749  -0.005651  -0.014336  0.519332  0.742726  0.422672  -0.819007  0.573780  -0.001951  -0.243970  -0.345158  0.906281  -0.024421  0.013549  0.025557  0.287628  1.003412  -1.323158  1.000000  
102.559322 0.010723  -0.005639  -0.014307  0.520919  0.741812  0.422325  -0.818154  0.574999  -0.000828  -0.243451  -0.345095  0.906444  -0.024744  0.013318  0.025840  0.292027  1.014584  -1.340447  1.000000  
102.560338 0.010696  -0.005626  -0.014277  0.522504  0.740896  0.421974  -0.817297  0.576217  0.000293  -0.242932  -0.345031  0.906608  -0.025061  0.013200  0.026163  0.299266  1.024829  -1.357692  1.000000  
102.561578 0.010662  -0.005610  -0.014240  0.524609  0.739698  0.421465  -0.816140  0.577852  0.001706  -0.242283  -0.344869  0.906843  -0.025392  0.013083  0.026430  0.297682  1.033748  -1.369148  1.000000  
102.562828 0.010628  -0.005594  -0.014205  0.526915  0.738375  0.420908  -0.814923  0.579559  0.003477  -0.241374  -0.344840  0.907097  -0.025860  0.013108  0.026635  0.303372  1.055954  -1.389913  1.000000  
102.564075 0.010593  -0.005579  -0.014171  0.529199  0.737023  0.420411  -0.813672  0.581301  0.005143  -0.240595  -0.344798  0.907319  -0.025976  0.012921  0.026217  0.309139  1.073955  -1.412278  1.000000  
102.565321 0.010559  -0.005563  -0.014140  0.531331  0.735813  0.419842  -0.812551  0.582851  0.006822  -0.239685  -0.344768  0.907571  -0.026175  0.012869  0.026060  0.313117  1.094029  -1.427150  1.000000  
102.566568 0.010524  -0.005547  -0.014110  0.533442  0.734573  0.419335  -0.811396  0.584436  0.008398  -0.238906  -0.344726  0.907793  -0.026488  0.012796  0.025882  0.320135  1.102445  -1.437230  1.000000  
102.567576 0.010496  -0.005534  -0.014086  0.535032  0.733667  0.418895  -0.810539  0.585605  0.009610  -0.238256  -0.344673  0.907984  -0.026709  0.012796  0.025781  0.319987  1.113151  -1.441449  1.000000  
102.568820 0.010459  -0.005519  -0.014054  0.537305  0.732301  0.418376  -0.809264  0.587337  0.011267  -0.237476  -0.344630  0.908204  -0.027003  0.012704  0.026129  0.329742  1.131155  -1.464054  1.000000  
102.569822 0.010430  -0.005508  -0.014027  0.539242  0.731173  0.417856  -0.808203  0.588766  0.012750  -0.236697  -0.344588  0.908424  -0.027320  0.012586  0.026427  0.333721  1.150730  -1.478297  1.000000  
102.571070 0.010393  -0.005494  -0.013992  0.541509  0.729749  0.417414  -0.806915  0.590491  0.014474  -0.235917  -0.344655  0.908601  -0.027634  0.012467  0.026863  0.345680  1.162249  -1.496229  1.000000  
102.572319 0.010355  -0.005479  -0.013955  0.543790  0.728397  0.416809  -0.805645  0.592176  0.016225  -0.235006  -0.344623  0.908849  -0.028002  0.012406  0.027167  0.349962  1.181059  -1.509006  1.000000  
102.573320 0.010324  -0.005467  -0.013926  0.545701  0.727234  0.416342  -0.804542  0.593635  0.017600  -0.234356  -0.344568  0.909038  -0.028335  0.012285  0.027291  0.353942  1.192535  -1.526853  1.000000  
102.574320 0.010293  -0.005455  -0.013899  0.547628  0.726044  0.415890  -0.803459  0.595052  0.019146  -0.233575  -0.344635  0.909214  -0.028655  0.012262  0.027262  0.365822  1.211803  -1.540844  1.000000  
102.575322 0.010261  -0.005444  -0.013872  0.549551  0.724901  0.415345  -0.802371  0.596469  0.020617  -0.232795  -0.344591  0.909430  -0.029002  0.012167  0.026995  0.367868  1.224741  -1.550488  1.000000  
102.576581 0.010221  -0.005429  -0.013841  0.552003  0.723439  0.414643  -0.800989  0.598255  0.022543  -0.231754  -0.344569  0.909705  -0.029383  0.012045  0.026561  0.376555  1.251753  -1.571229  1.000000  
102.577822 0.010180  -0.005415  -0.013809  0.554597  0.721822  0.413999  -0.799458  0.600224  0.024451  -0.230842  -0.344535  0.909949  -0.029893  0.011975  0.026409  0.383641  1.277485  -1.596317  1.000000  
102.578826 0.010146  -0.005402  -0.013783  0.556659  0.720519  0.413501  -0.798212  0.601819  0.025900  -0.230192  -0.344479  0.910135  -0.030289  0.011952  0.026330  0.387404  1.291785  -1.614476  1.000000  
102.580074 0.010104  -0.005387  -0.013749  0.559081  0.719017  0.412848  -0.796781  0.603633  0.027716  -0.229280  -0.344445  0.910378  -0.030842  0.011888  0.026507  0.392582  1.313933  -1.635388  1.000000  
102.581321 0.010060  -0.005372  -0.013711  0.561662  0.717386  0.412181  -0.795226  0.605590  0.029614  -0.228368  -0.344410  0.910620  -0.031428  0.011916  0.027047  0.399259  1.334370  -1.664342  1.000000  
102.582570 0.010015  -0.005357  -0.013670  0.563912  0.715999  0.411520  -0.793893  0.607249  0.031339  -0.227456  -0.344375  0.910862  -0.032033  0.011856  0.027793  0.397094  1.349527  -1.669616  1.000000  
102.583576 0.009978  -0.005345  -0.013638  0.566123  0.714555  0.410994  -0.792505  0.608979  0.032862  -0.226805  -0.344319  0.911046  -0.032636  0.011822  0.028198  0.403816  1.367428  -1.702350  1.000000  
102.584820 0.009930  -0.005330  -0.013596  0.568529  0.712985  0.410399  -0.791042  0.610774  0.034740  -0.225893  -0.344394  0.911244  -0.033312  0.011860  0.028718  0.411241  1.383444  -1.718999  1.000000  
102.585820 0.009892  -0.005318  -0.013563  0.570569  0.711659  0.409869  -0.789758  0.612351  0.036173  -0.225241  -0.344336  0.911427  -0.033878  0.011883  0.029030  0.414744  1.390595  -1.738456  1.000000  
102.587070 0.009842  -0.005302  -0.013524  0.573292  0.709877  0.409159  -0.788044  0.614436  0.038139  -0.224328  -0.344300  0.911666  -0.034792  0.011933  0.029247  0.421006  1.407993  -1.763416  1.000000  
102.588070 0.009802  -0.005291  -0.013494  0.575163  0.708620  0.408712  -0.786865  0.615856  0.039558  -0.223676  -0.344353  0.911806  -0.035404  0.011993  0.029300  0.425693  1.421633  -1.770711  1.000000  
102.589319 0.009751  -0.005275  -0.013456  0.577714  0.706906  0.408081  -0.785253  0.617782  0.041508  -0.222763  -0.344427  0.912001  -0.036157  0.012045  0.029526  0.434250  1.436637  -1.789258  1.000000  
102.590571 0.009697  -0.005260  -0.013417  0.580404  0.705081  0.407421  -0.783490  0.619890  0.043365  -0.221980  -0.344379  0.912210  -0.037072  0.012104  0.029895  0.444658  1.452423  -1.819494  1.000000  
102.591577 0.009655  -0.005248  -0.013385  0.582426  0.703685  0.406948  -0.782172  0.621445  0.044861  -0.221328  -0.344432  0.912349  -0.037792  0.012096  0.030348  0.450530  1.461265  -1.830714  1.000000  
102.592579 0.009611  -0.005236  -0.013350  0.584624  0.702185  0.406388  -0.780753  0.623105  0.046536  -0.220545  -0.344494  0.912515  -0.038551  0.012133  0.031070  0.456374  1.469196  -1.847967  1.000000  
102.593582 0.009567  -0.005223  -0.013315  0.586639  0.700832  0.405819  -0.779424  0.624659  0.047952  -0.219893  -0.344436  0.912694  -0.039281  0.012181  0.031728  0.457978  1.473606  -1.860749  1.000000  
102.594825 0.009509  -0.005207  -0.013266  0.589168  0.699094  0.405153  -0.777772  0.626563  0.049886  -0.218979  -0.344508  0.912887  -0.040328  0.012228  0.032704  0.463310  1.482787  -1.872480  1.000000  
102.596074 0.009452  -0.005191  -0.013218  0.591513  0.697502  0.404479  -0.776211  0.628362  0.051561  -0.218195  -0.344460  0.913093  -0.041226  0.012266  0.033386  0.464669  1.487547  -1.885751  1.000000  
102.597322 0.009394  -0.005174  -0.013170  0.594191  0.695674  0.403702  -0.774420  0.630407  0.053495  -0.217281  -0.344421  0.913325  -0.042123  0.012366  0.033882  0.470527  1.499797  -1.918408  1.000000  
102.598572 0.009334  -0.005157  -0.013123  0.596686  0.693893  0.403087  -0.772719  0.632333  0.055322  -0.216498  -0.344482  0.913488  -0.042907  0.012490  0.034341  0.475777  1.504278  -1.931102  1.000000  
102.599576 0.009286  -0.005144  -0.013085  0.598682  0.692519  0.402490  -0.771357  0.633870  0.056723  -0.215844  -0.344422  0.913665  -0.043655  0.012631  0.034612  0.472641  1.505523  -1.939044  1.000000  
102.600819 0.009226  -0.005126  -0.013038  0.601326  0.690646  0.401765  -0.769517  0.635937  0.058549  -0.215061  -0.344373  0.913869  -0.044403  0.012801  0.035034  0.475243  1.508368  -1.960002  1.000000  
102.601820 0.009177  -0.005112  -0.012999  0.603314  0.689264  0.401158  -0.768142  0.637467  0.059945  -0.214407  -0.344312  0.914045  -0.045114  0.012923  0.035579  0.475192  1.510587  -1.966737  1.000000  
102.603068 0.009114  -0.005095  -0.012949  0.605965  0.687360  0.400428  -0.766308  0.639481  0.061938  -0.213492  -0.344383  0.914233  -0.045868  0.013067  0.036319  0.480259  1.519577  -1.978272  1.000000  
102.604069 0.009063  -0.005080  -0.012907  0.607945  0.685970  0.399810  -0.764920  0.641005  0.063328  -0.212839  -0.344322  0.914408  -0.046508  0.013169  0.037111  0.477515  1.520118  -1.992786  1.000000  
102.605320 0.008999  -0.005063  -0.012851  0.610725  0.683944  0.399044  -0.762921  0.643194  0.065222  -0.212054  -0.344272  0.914609  -0.047338  0.013315  0.038369  0.479880  1.518914  -2.015528  1.000000  
102.606570 0.008934  -0.005046  -0.012795  0.613341  0.681995  0.398366  -0.761037  0.645228  0.067108  -0.211270  -0.344331  0.914768  -0.048057  0.013442  0.039390  0.484854  1.515858  -2.032446  1.000000  
102.607576 0.008882  -0.005032  -0.012749  0.615465  0.680459  0.397717  -0.759503  0.646880  0.068571  -0.210616  -0.344270  0.914942  -0.048554  0.013593  0.040089  0.484405  1.513410  -2.040129  1.000000  
102.608819 0.008817  -0.005014  -0.012693  0.617932  0.678662  0.396962  -0.757751  0.648728  0.070463  -0.209700  -0.344339  0.915126  -0.049230  0.013739  0.040821  0.486406  1.517891  -2.039450  1.000000  
102.609825 0.008764  -0.005000  -0.012648  0.620046  0.677117  0.396301  -0.756203  0.650373  0.071920  -0.209046  -0.344278  0.915299  -0.049717  0.013815  0.041226  0.486000  1.515628  -2.047382  1.000000  
102.610825 0.008710  -0.004985  -0.012604  0.622157  0.675569  0.395636  -0.754648  0.652014  0.073373  -0.208392  -0.344216  0.915472  -0.050286  0.013915  0.041609  0.486533  1.517303  -2.061805  1.000000  
102.612073 0.008642  -0.004968  -0.012551  0.624746  0.673594  0.394923  -0.752723  0.654023  0.075242  -0.207606  -0.344275  0.915628  -0.050870  0.013962  0.041863  0.491490  1.517949  -2.076633  1.000000  
102.613323 0.008575  -0.004950  -0.012496  0.627483  0.671526  0.394104  -0.750660  0.656174  0.077108  -0.206821  -0.344222  0.915825  -0.051515  0.014061  0.042444  0.492586  1.522876  -2.090233  1.000000  
102.614326 0.008520  -0.004936  -0.012451  0.629561  0.669934  0.393500  -0.749063  0.657837  0.078458  -0.206297  -0.344150  0.915971  -0.051952  0.014070  0.042965  0.489696  1.518798  -2.105894  1.000000  
102.615570 0.008450  -0.004919  -0.012393  0.632131  0.667989  0.392683  -0.747111  0.659839  0.080235  -0.205512  -0.344097  0.916167  -0.052613  0.014064  0.043700  0.489268  1.521371  -2.113222  1.000000  
102.616819 0.008380  -0.004901  -0.012333  0.634849  0.665903  0.391842  -0.745019  0.661973  0.082088  -0.204726  -0.344044  0.916363  -0.053100  0.014048  0.044437  0.485216  1.522348  -2.119638  1.000000  
102.618066 0.008308  -0.004884  -0.012271  0.637712  0.663672  0.390976  -0.742786  0.664236  0.084017  -0.203940  -0.343990  0.916558  -0.053727  0.014073  0.045245  0.488958  1.527728  -2.147220  1.000000  
102.619066 0.008251  -0.004870  -0.012220  0.639787  0.662090  0.390268  -0.741180  0.665846  0.085447  -0.203285  -0.343927  0.916728  -0.054171  0.014038  0.045777  0.484665  1.530059  -2.153894  1.000000  
102.620067 0.008193  -0.004856  -0.012171  0.641840  0.660474  0.389636  -0.739547  0.667487  0.086781  -0.202761  -0.343854  0.916871  -0.054662  0.013998  0.046116  0.484395  1.523882  -2.163758  1.000000  
102.621315 0.008119  -0.004838  -0.012110  0.644379  0.658500  0.388784  -0.737551  0.669462  0.088537  -0.201975  -0.343800  0.917065  -0.055203  0.014065  0.046444  0.478311  1.523954  -2.164333  1.000000  
102.622316 0.008060  -0.004825  -0.012062  0.646591  0.656767  0.388043  -0.735792  0.671195  0.090036  -0.201320  -0.343736  0.917233  -0.055751  0.014024  0.046601  0.474012  1.526338  -2.171089  1.000000  
102.623317 0.008000  -0.004812  -0.012014  0.648798  0.655029  0.387296  -0.734026  0.672924  0.091533  -0.200664  -0.343672  0.917401  -0.056209  0.013947  0.046783  0.475210  1.527412  -2.186712  1.000000  
102.624566 0.007924  -0.004795  -0.011955  0.651470  0.652947  0.386325  -0.731871  0.675029  0.093274  -0.199878  -0.343505  0.917634  -0.056885  0.013919  0.046974  0.467829  1.531702  -2.199422  1.000000  
102.625567 0.007864  -0.004782  -0.011907  0.653666  0.651199  0.385566  -0.730090  0.676749  0.094762  -0.199222  -0.343441  0.917801  -0.057338  0.013811  0.047252  0.470348  1.538495  -2.218596  1.000000  
102.626574 0.007802  -0.004769  -0.011858  0.655856  0.649446  0.384802  -0.728302  0.678464  0.096247  -0.198567  -0.343376  0.917967  -0.057878  0.013721  0.047622  0.465040  1.537663  -2.227362  1.000000  
102.627820 0.007724  -0.004753  -0.011794  0.658508  0.647299  0.383889  -0.726120  0.680540  0.098057  -0.197780  -0.343320  0.918158  -0.058586  0.013615  0.048321  0.465689  1.538324  -2.242566  1.000000  
102.628822 0.007661  -0.004741  -0.011742  0.660670  0.645505  0.383195  -0.724297  0.682279  0.099443  -0.197255  -0.343246  0.918299  -0.059114  0.013455  0.048813  0.468496  1.543980  -2.258108  1.000000  
102.630069 0.007582  -0.004726  -0.011676  0.663474  0.643237  0.382164  -0.721980  0.684442  0.101413  -0.196337  -0.343199  0.918513  -0.059883  0.013293  0.049487  0.467526  1.547661  -2.269192  1.000000  
102.631069 0.007518  -0.004714  -0.011624  0.665623  0.641432  0.381459  -0.720141  0.686171  0.102792  -0.195812  -0.343125  0.918653  -0.060387  0.013114  0.049728  0.464681  1.548172  -2.283842  1.000000  
102.632070 0.007454  -0.004702  -0.011573  0.667489  0.639984  0.380630  -0.718591  0.687610  0.104017  -0.195156  -0.342947  0.918859  -0.060886  0.012963  0.049841  0.458793  1.547826  -2.284383  1.000000  
102.633316 0.007372  -0.004689  -0.011509  0.670107  0.637807  0.379682  -0.716364  0.689658  0.105804  -0.194369  -0.342891  0.919047  -0.061537  0.012755  0.049952  0.458632  1.548472  -2.289631  1.000000  
102.634566 0.007291  -0.004674  -0.011446  0.672717  0.635670  0.378650  -0.714128  0.691711  0.107501  -0.193581  -0.342722  0.919276  -0.062193  0.012627  0.050091  0.449820  1.550821  -2.296700  1.000000  
