1-Time 2-Px 3-Py 4-Pz 5-R11 6-R21 7-R31 8-R12 9-R22 10-R32 11-R13 12-R23 13-R33 14-Vx 15-Vy 16-Vz 17-Wx 18-Wy 19-Wz 20-state
184.871551 0.000980  -0.001306  -0.053539  0.286420  0.777415  0.559991  -0.923373  0.379922  -0.055153  -0.255630  -0.501283  0.826661  0.000505  0.002613  -0.001281  0.000000  0.000000  0.000000  1.000000  
184.872552 0.000980  -0.001306  -0.053539  0.286420  0.777415  0.559991  -0.923373  0.379922  -0.055153  -0.255630  -0.501283  0.826661  0.000000  0.000000  0.000000  0.000000  0.000000  0.000000  1.000000  
184.873791 0.000986  -0.001314  -0.053493  0.286420  0.777415  0.559991  -0.923373  0.379922  -0.055153  -0.255630  -0.501283  0.826661  0.002845  -0.004246  0.023208  0.000000  0.000000  0.000000  1.000000  
184.874799 0.000992  -0.001323  -0.053435  0.286420  0.777415  0.559991  -0.923373  0.379922  -0.055153  -0.255630  -0.501283  0.826661  0.003807  -0.005723  0.034663  0.000000  0.000000  0.000000  1.000000  
184.875801 0.000997  -0.001327  -0.053384  0.286420  0.777415  0.559991  -0.923373  0.379922  -0.055153  -0.255630  -0.501283  0.826661  0.004023  -0.005283  0.038749  0.000000  0.000000  0.000000  1.000000  
184.877045 0.001000  -0.001324  -0.053341  0.286420  0.777415  0.559991  -0.923373  0.379922  -0.055153  -0.255630  -0.501283  0.826661  0.003695  -0.003481  0.037774  0.000000  0.000000  0.000000  1.000000  
184.878300 0.000997  -0.001318  -0.053312  0.286420  0.777415  0.559991  -0.923373  0.379922  -0.055153  -0.255630  -0.501283  0.826661  0.002554  -0.001868  0.034833  0.000000  0.000000  0.000000  1.000000  
184.879540 0.000989  -0.001313  -0.053291  0.286420  0.777415  0.559991  -0.923373  0.379922  -0.055153  -0.255630  -0.501283  0.826661  0.001051  -0.000878  0.032023  0.000000  0.000000  0.000000  1.000000  
184.880557 0.000984  -0.001309  -0.053272  0.286230  0.777493  0.559980  -0.923432  0.379762  -0.055268  -0.255630  -0.501283  0.826661  0.000377  -0.000309  0.030481  0.000000  0.000000  0.000000  1.000000  
184.881787 0.000984  -0.001307  -0.053241  0.286230  0.777425  0.560074  -0.923432  0.379769  -0.055222  -0.255630  -0.501384  0.826600  0.000341  -0.000060  0.029812  0.000000  0.000000  0.000000  1.000000  
184.883034 0.000986  -0.001309  -0.053196  0.286019  0.777328  0.560316  -0.923425  0.379750  -0.055457  -0.255888  -0.501549  0.826420  0.000505  -0.000247  0.030538  0.000000  0.000000  0.000000  1.000000  
184.884035 0.000984  -0.001311  -0.053156  0.286009  0.777240  0.560443  -0.923393  0.379821  -0.055516  -0.256018  -0.501631  0.826330  0.000302  -0.000452  0.031304  0.000000  0.000000  0.000000  1.000000  
184.885037 0.000981  -0.001314  -0.053115  0.285809  0.777162  0.560653  -0.923419  0.379739  -0.055645  -0.256147  -0.501814  0.826179  0.000011  -0.000632  0.032042  0.000000  0.000000  0.000000  1.000000  
184.886285 0.000974  -0.001318  -0.053057  0.285408  0.777075  0.560978  -0.923471  0.379568  -0.055949  -0.256406  -0.502079  0.825938  -0.000414  -0.000838  0.033240  0.000000  0.000000  0.000000  1.000000  
184.887285 0.000970  -0.001323  -0.053002  0.285208  0.776929  0.561282  -0.923497  0.379492  -0.056032  -0.256535  -0.502362  0.825726  -0.000669  -0.001152  0.035816  0.000000  0.000000  0.000000  1.000000  
184.888288 0.000967  -0.001331  -0.052940  0.285008  0.776783  0.561586  -0.923523  0.379417  -0.056115  -0.256664  -0.502644  0.825513  -0.001057  -0.001353  0.038431  0.000000  0.000000  0.000000  1.000000  
184.889538 0.000969  -0.001341  -0.052859  0.284797  0.776617  0.561922  -0.923516  0.379406  -0.056304  -0.256923  -0.502909  0.825272  -0.001567  -0.001204  0.039056  0.000000  0.000000  0.000000  1.000000  
184.890784 0.000973  -0.001343  -0.052795  0.284417  0.776569  0.562182  -0.923633  0.379107  -0.056397  -0.256923  -0.503209  0.825089  -0.001538  -0.001083  0.039312  0.000000  0.000000  0.000000  1.000000  
184.891798 0.000974  -0.001341  -0.052755  0.284217  0.776490  0.562391  -0.923658  0.379025  -0.056526  -0.257052  -0.503391  0.824937  -0.001770  -0.001169  0.039680  0.000000  0.000000  0.000000  1.000000  
184.893040 0.000965  -0.001336  -0.052714  0.284027  0.776500  0.562473  -0.923717  0.378872  -0.056596  -0.257052  -0.503491  0.824876  -0.002211  -0.001126  0.040247  0.000000  0.000000  0.000000  1.000000  
184.894042 0.000957  -0.001332  -0.052676  0.283837  0.776510  0.562556  -0.923775  0.378719  -0.056666  -0.257052  -0.503591  0.824815  -0.002352  -0.001167  0.041578  0.000000  0.000000  0.000000  1.000000  
184.895044 0.000952  -0.001328  -0.052622  0.283837  0.776442  0.562650  -0.923775  0.378726  -0.056620  -0.257052  -0.503691  0.824754  -0.002186  -0.001259  0.044441  0.000000  0.000000  0.000000  1.000000  
184.896285 0.000951  -0.001325  -0.052533  0.283646  0.776520  0.562638  -0.923834  0.378566  -0.056736  -0.257052  -0.503691  0.824754  -0.002113  -0.001162  0.048145  0.000000  0.000000  0.000000  1.000000  
184.897537 0.000953  -0.001325  -0.052424  0.283456  0.776529  0.562721  -0.923892  0.378413  -0.056806  -0.257052  -0.503791  0.824693  -0.002205  -0.001173  0.052994  0.000000  0.000000  0.000000  1.000000  
184.898784 0.000954  -0.001327  -0.052312  0.283456  0.776598  0.562627  -0.923892  0.378406  -0.056852  -0.257052  -0.503691  0.824754  -0.002062  -0.001041  0.056949  0.000000  0.000000  0.000000  1.000000  
184.899784 0.000951  -0.001326  -0.052233  0.283456  0.776598  0.562627  -0.923892  0.378406  -0.056852  -0.257052  -0.503691  0.824754  -0.001986  -0.000789  0.059805  0.000000  0.000000  0.000000  1.000000  
184.901034 0.000944  -0.001319  -0.052153  0.283456  0.776666  0.562532  -0.923892  0.378399  -0.056898  -0.257052  -0.503591  0.824815  -0.002027  -0.000051  0.061302  0.000000  0.000000  0.000000  1.000000  
184.902284 0.000934  -0.001308  -0.052094  0.283456  0.776734  0.562438  -0.923892  0.378392  -0.056944  -0.257052  -0.503491  0.824876  -0.002446  0.001018  0.060514  0.000000  0.000000  0.000000  1.000000  
184.903534 0.000928  -0.001300  -0.052042  0.283456  0.776734  0.562438  -0.923892  0.378392  -0.056944  -0.257052  -0.503491  0.824876  -0.002614  0.002215  0.058834  0.000000  0.000000  0.000000  1.000000  
184.904540 0.000926  -0.001297  -0.051997  0.283456  0.776802  0.562344  -0.923892  0.378385  -0.056989  -0.257052  -0.503391  0.824937  -0.002907  0.003028  0.057407  0.000000  0.000000  0.000000  1.000000  
184.905785 0.000928  -0.001297  -0.051935  0.283456  0.776870  0.562250  -0.923892  0.378378  -0.057035  -0.257052  -0.503291  0.824998  -0.003162  0.003183  0.057552  0.000000  0.000000  0.000000  1.000000  
184.907035 0.000927  -0.001295  -0.051867  0.283466  0.776958  0.562123  -0.923925  0.378307  -0.056976  -0.256923  -0.503209  0.825089  -0.002969  0.002954  0.059232  0.000000  0.000000  0.000000  1.000000  
184.908037 0.000926  -0.001293  -0.051811  0.283466  0.777027  0.562029  -0.923925  0.378300  -0.057022  -0.256923  -0.503109  0.825150  -0.002619  0.002845  0.060201  0.000000  0.000000  0.000000  1.000000  
184.909042 0.000923  -0.001293  -0.051751  0.283476  0.777115  0.561902  -0.923958  0.378229  -0.056962  -0.256794  -0.503027  0.825240  -0.002278  0.002575  0.061687  0.000000  0.000000  0.000000  1.000000  
184.910294 0.000918  -0.001294  -0.051670  0.283677  0.777193  0.561693  -0.923932  0.378311  -0.056833  -0.256664  -0.502844  0.825391  -0.002190  0.002190  0.062304  0.000000  0.000000  0.000000  1.000000  
184.911540 0.000919  -0.001295  -0.051585  0.283877  0.777339  0.561390  -0.923907  0.378386  -0.056749  -0.256535  -0.502562  0.825604  -0.002242  0.002021  0.061368  0.000000  0.000000  0.000000  1.000000  
184.912543 0.000921  -0.001293  -0.051521  0.283887  0.777563  0.561074  -0.923940  0.378301  -0.056781  -0.256406  -0.502279  0.825816  -0.002177  0.002212  0.059628  0.000000  0.000000  0.000000  1.000000  
184.913786 0.000926  -0.001287  -0.051446  0.284277  0.777767  0.560593  -0.923855  0.378523  -0.056674  -0.256276  -0.501796  0.826150  -0.001865  0.002740  0.057234  0.000000  0.000000  0.000000  1.000000  
184.915038 0.000926  -0.001277  -0.051383  0.284478  0.778116  0.560006  -0.923830  0.378577  -0.056728  -0.256147  -0.501212  0.826544  -0.001587  0.003181  0.055222  0.000000  0.000000  0.000000  1.000000  
184.916284 0.000921  -0.001264  -0.051324  0.285058  0.778378  0.559348  -0.923686  0.378946  -0.056599  -0.256018  -0.500528  0.826998  -0.001271  0.003387  0.054457  0.000000  0.000000  0.000000  1.000000  
184.917285 0.000918  -0.001252  -0.051275  0.285449  0.778716  0.558678  -0.923602  0.379154  -0.056585  -0.255888  -0.499844  0.827452  -0.000916  0.003651  0.054852  0.000000  0.000000  0.000000  1.000000  
184.918535 0.000918  -0.001241  -0.051200  0.285849  0.779073  0.557974  -0.923549  0.379299  -0.056465  -0.255630  -0.499176  0.827935  -0.000634  0.003924  0.056314  0.000000  0.000000  0.000000  1.000000  
184.919787 0.000922  -0.001234  -0.051108  0.286440  0.779352  0.557282  -0.923438  0.379605  -0.056231  -0.255371  -0.498508  0.828417  -0.000352  0.004243  0.058575  -0.175662  0.077344  -0.023534  1.000000  
184.921034 0.000928  -0.001233  -0.051007  0.287020  0.779610  0.556622  -0.923294  0.379975  -0.056104  -0.255242  -0.497822  0.828870  -0.000034  0.004287  0.061091  -0.209375  0.095054  -0.044120  1.000000  
184.922034 0.000932  -0.001231  -0.050924  0.287411  0.779878  0.556044  -0.923208  0.380192  -0.056045  -0.255112  -0.497236  0.829261  0.000314  0.004272  0.062850  -0.231031  0.116690  -0.062443  1.000000  
184.923035 0.000934  -0.001229  -0.050851  0.287981  0.780048  0.555511  -0.923030  0.380633  -0.055979  -0.255112  -0.496633  0.829623  0.000512  0.004279  0.064025  -0.251970  0.125909  -0.078946  1.000000  
184.924285 0.000933  -0.001225  -0.050776  0.288561  0.780371  0.554756  -0.922885  0.380997  -0.055900  -0.254983  -0.495845  0.830133  0.000737  0.004564  0.063919  -0.281365  0.143425  -0.099420  1.000000  
184.925293 0.000933  -0.001220  -0.050727  0.288951  0.780570  0.554272  -0.922798  0.381221  -0.055797  -0.254854  -0.495359  0.830463  0.000996  0.004941  0.062906  -0.304544  0.155312  -0.109382  1.000000  
184.926543 0.000937  -0.001215  -0.050668  0.289531  0.780892  0.553516  -0.922652  0.381586  -0.055719  -0.254724  -0.494570  0.830973  0.001196  0.005400  0.061028  -0.330045  0.172904  -0.130035  1.000000  
184.927543 0.000942  -0.001212  -0.050620  0.289921  0.781157  0.552937  -0.922566  0.381804  -0.055662  -0.254595  -0.493983  0.831362  0.001302  0.005418  0.059977  -0.353243  0.187052  -0.144940  1.000000  
184.928789 0.000950  -0.001208  -0.050548  0.290311  0.781489  0.552263  -0.922479  0.382016  -0.055653  -0.254465  -0.493294  0.831810  0.001548  0.005215  0.059964  -0.374234  0.197764  -0.154200  1.000000  
184.930034 0.000958  -0.001207  -0.050463  0.290891  0.781741  0.551600  -0.922332  0.382388  -0.055530  -0.254336  -0.492605  0.832258  0.002101  0.004653  0.061364  -0.397556  0.211937  -0.169202  1.000000  
184.931035 0.000961  -0.001206  -0.050387  0.291281  0.782005  0.551020  -0.922244  0.382607  -0.055476  -0.254207  -0.492016  0.832646  0.002706  0.003924  0.063541  -0.414382  0.222592  -0.178433  1.000000  
184.932284 0.000963  -0.001204  -0.050291  0.291861  0.782323  0.550262  -0.922097  0.382974  -0.055401  -0.254077  -0.491225  0.833152  0.003005  0.003214  0.065583  -0.437640  0.236683  -0.193458  1.000000  
184.933285 0.000966  -0.001200  -0.050210  0.292241  0.782699  0.549526  -0.921976  0.383242  -0.055546  -0.254077  -0.490417  0.833628  0.003265  0.002742  0.067089  -0.466751  0.243484  -0.205064  1.000000  
184.934285 0.000972  -0.001195  -0.050129  0.292641  0.783047  0.548816  -0.921921  0.383392  -0.055433  -0.253818  -0.489743  0.834103  0.003482  0.002679  0.067746  -0.487813  0.258030  -0.212094  1.000000  
184.935535 0.000980  -0.001189  -0.050025  0.293220  0.783428  0.547962  -0.921772  0.383753  -0.055406  -0.253689  -0.488849  0.834666  0.003673  0.002935  0.068254  -0.510782  0.269758  -0.225251  1.000000  
184.936566 0.000986  -0.001183  -0.049943  0.293621  0.783841  0.547156  -0.921716  0.383897  -0.055341  -0.253430  -0.488074  0.835199  0.003745  0.003274  0.067763  -0.539563  0.282324  -0.236235  1.000000  
184.937785 0.000992  -0.001172  -0.049847  0.294390  0.784142  0.546312  -0.921506  0.384421  -0.055203  -0.253301  -0.487179  0.835761  0.003947  0.003844  0.068090  -0.565826  0.300113  -0.257399  1.000000  
184.939035 0.000996  -0.001159  -0.049757  0.294979  0.784540  0.545422  -0.921389  0.384721  -0.055073  -0.253042  -0.486300  0.836351  0.004299  0.004466  0.069085  -0.588320  0.311504  -0.270293  1.000000  
184.940287 0.001001  -0.001146  -0.049666  0.295569  0.784936  0.544531  -0.921271  0.385022  -0.054943  -0.252783  -0.485421  0.836939  0.004487  0.004959  0.070750  -0.613212  0.321954  -0.279651  1.000000  
184.941540 0.001006  -0.001137  -0.049566  0.295959  0.785260  0.543852  -0.921181  0.385236  -0.054939  -0.252653  -0.484727  0.837381  0.004630  0.005178  0.073535  -0.627541  0.325100  -0.285496  1.000000  
184.942546 0.001013  -0.001133  -0.049477  0.296538  0.785371  0.543376  -0.921030  0.385626  -0.054731  -0.252524  -0.484236  0.837704  0.004700  0.005307  0.076518  -0.633188  0.334384  -0.299488  1.000000  
184.943791 0.001021  -0.001128  -0.049355  0.296938  0.785647  0.542758  -0.920972  0.385787  -0.054574  -0.252265  -0.483660  0.838114  0.004686  0.005406  0.079772  -0.635659  0.341510  -0.303230  1.000000  
184.945041 0.001029  -0.001124  -0.049232  0.297527  0.785844  0.542151  -0.920853  0.386109  -0.054307  -0.252006  -0.483083  0.838525  0.004787  0.005568  0.082206  -0.629950  0.348578  -0.307010  1.000000  
184.946285 0.001035  -0.001120  -0.049119  0.297927  0.786053  0.541627  -0.920795  0.386277  -0.054104  -0.251747  -0.482608  0.838876  0.004990  0.005812  0.083415  -0.621992  0.352300  -0.305051  1.000000  
184.947535 0.001040  -0.001111  -0.049022  0.298327  0.786262  0.541103  -0.920736  0.386445  -0.053902  -0.251488  -0.482133  0.839227  0.005113  0.006163  0.083318  -0.615708  0.348694  -0.299564  1.000000  
184.948537 0.001045  -0.001102  -0.048951  0.298727  0.786405  0.540675  -0.920677  0.386620  -0.053653  -0.251229  -0.481759  0.839519  0.005161  0.006448  0.082698  -0.607578  0.352363  -0.297484  1.000000  
184.949537 0.001049  -0.001093  -0.048881  0.298927  0.786673  0.540174  -0.920647  0.386688  -0.053670  -0.251100  -0.481267  0.839840  0.004964  0.006818  0.081727  -0.605430  0.344960  -0.294288  1.000000  
184.950784 0.001055  -0.001081  -0.048784  0.299337  0.786966  0.539519  -0.920620  0.386790  -0.053408  -0.250711  -0.480705  0.840278  0.004800  0.007125  0.081331  -0.600545  0.349609  -0.287620  1.000000  
184.951785 0.001061  -0.001072  -0.048698  0.299737  0.787174  0.538994  -0.920560  0.386959  -0.053207  -0.250452  -0.480229  0.840627  0.004900  0.007254  0.081786  -0.598252  0.353744  -0.277610  1.000000  
184.952786 0.001066  -0.001063  -0.048602  0.300137  0.787381  0.538469  -0.920501  0.387129  -0.053006  -0.250193  -0.479752  0.840976  0.005007  0.007258  0.083301  -0.596920  0.357005  -0.272153  1.000000  
184.954035 0.001074  -0.001050  -0.048476  0.300547  0.787803  0.537622  -0.920472  0.387219  -0.052839  -0.249804  -0.478985  0.841529  0.005149  0.007244  0.085405  -0.598806  0.361170  -0.262222  1.000000  
184.955285 0.001079  -0.001036  -0.048348  0.301146  0.788080  0.536880  -0.920382  0.387478  -0.052515  -0.249416  -0.478320  0.842022  0.005262  0.007329  0.087848  -0.600446  0.369137  -0.261646  1.000000  
184.956285 0.001085  -0.001024  -0.048245  0.301546  0.788351  0.536258  -0.920321  0.387643  -0.052362  -0.249156  -0.477740  0.842428  0.005343  0.007692  0.089472  -0.600466  0.372775  -0.259664  1.000000  
184.957535 0.001091  -0.001008  -0.048115  0.302156  0.788646  0.535480  -0.920261  0.387843  -0.051932  -0.248638  -0.477090  0.842950  0.005232  0.008335  0.090864  -0.596619  0.384172  -0.253346  1.000000  
184.958543 0.001097  -0.000994  -0.048013  0.302745  0.788836  0.534868  -0.920138  0.388171  -0.051669  -0.248379  -0.476509  0.843354  0.005116  0.009036  0.091148  -0.595642  0.394290  -0.259232  1.000000  
184.959545 0.001102  -0.000979  -0.047913  0.303155  0.789125  0.534209  -0.920108  0.388277  -0.051410  -0.247990  -0.475945  0.843788  0.005041  0.009918  0.091052  -0.599715  0.401840  -0.254970  1.000000  
184.960546 0.001108  -0.000964  -0.047817  0.303755  0.789333  0.533560  -0.920015  0.388546  -0.051041  -0.247601  -0.475379  0.844221  0.005113  0.010731  0.091157  -0.599823  0.409454  -0.250791  1.000000  
184.961791 0.001114  -0.000945  -0.047702  0.304543  0.789526  0.532825  -0.919858  0.388972  -0.050610  -0.247212  -0.474711  0.844710  0.005168  0.011503  0.091964  -0.592454  0.427674  -0.256098  1.000000  
184.963035 0.001119  -0.000926  -0.047592  0.305342  0.789737  0.532054  -0.919733  0.389338  -0.050073  -0.246694  -0.474058  0.845229  0.005151  0.012110  0.093349  -0.578747  0.442545  -0.255708  1.000000  
184.964046 0.001123  -0.000912  -0.047502  0.305942  0.789879  0.531499  -0.919638  0.389615  -0.049659  -0.246305  -0.473594  0.845602  0.005140  0.012392  0.094613  -0.568800  0.449446  -0.259542  1.000000  
184.965287 0.001128  -0.000896  -0.047383  0.306751  0.790109  0.530690  -0.919542  0.389924  -0.049016  -0.245656  -0.472956  0.846148  0.005036  0.012677  0.096363  -0.559268  0.468292  -0.256978  1.000000  
184.966535 0.001131  -0.000884  -0.047255  0.307550  0.790254  0.530011  -0.919413  0.390299  -0.048433  -0.245137  -0.472404  0.846606  0.004762  0.012780  0.097824  -0.543880  0.479059  -0.262678  1.000000  
184.967784 0.001135  -0.000871  -0.047122  0.308538  0.790382  0.529246  -0.919221  0.390832  -0.047790  -0.244618  -0.471749  0.847122  0.004586  0.012763  0.098678  -0.533694  0.493259  -0.262064  1.000000  
184.968786 0.001138  -0.000860  -0.047020  0.309147  0.790542  0.528651  -0.919154  0.391052  -0.047270  -0.244099  -0.471298  0.847522  0.004372  0.012896  0.098716  -0.522028  0.504990  -0.260268  1.000000  
184.970035 0.001142  -0.000843  -0.046901  0.310124  0.790648  0.527920  -0.918928  0.391647  -0.046736  -0.243710  -0.470626  0.848007  0.004238  0.013112  0.098121  -0.510658  0.515347  -0.270267  1.000000  
184.971285 0.001143  -0.000823  -0.046791  0.310923  0.790981  0.526949  -0.918796  0.392009  -0.046300  -0.243191  -0.469763  0.848635  0.003880  0.013398  0.096783  -0.515274  0.529006  -0.273485  1.000000  
184.972285 0.001144  -0.000806  -0.046705  0.311721  0.791186  0.526170  -0.918662  0.392383  -0.045769  -0.242672  -0.469105  0.849147  0.003565  0.013637  0.095626  -0.520272  0.547171  -0.278977  1.000000  
184.973538 0.001145  -0.000784  -0.046594  0.312719  0.791457  0.525170  -0.918494  0.392851  -0.045118  -0.242023  -0.468256  0.849801  0.003244  0.013987  0.094603  -0.529208  0.565095  -0.284517  1.000000  
184.974789 0.001147  -0.000761  -0.046477  0.313737  0.791830  0.523999  -0.918386  0.393197  -0.044301  -0.241114  -0.467334  0.850566  0.002828  0.014282  0.093962  -0.540502  0.593953  -0.291525  1.000000  
184.975790 0.001148  -0.000743  -0.046377  0.314734  0.792098  0.522995  -0.918215  0.393669  -0.043653  -0.240465  -0.466483  0.851217  0.002508  0.014495  0.094439  -0.558079  0.616923  -0.299563  1.000000  
184.976820 0.001149  -0.000725  -0.046272  0.315543  0.792382  0.522077  -0.918108  0.393985  -0.043066  -0.239815  -0.465734  0.851810  0.002230  0.014630  0.095270  -0.568969  0.641652  -0.308523  1.000000  
184.978040 0.001148  -0.000702  -0.046140  0.316739  0.792775  0.520753  -0.917899  0.394548  -0.042349  -0.239036  -0.464585  0.852656  0.001875  0.014909  0.096833  -0.591587  0.670799  -0.324195  1.000000  
184.979040 0.001146  -0.000685  -0.046035  0.317747  0.793058  0.519707  -0.917753  0.394966  -0.041598  -0.238256  -0.463746  0.853331  0.001480  0.015096  0.097834  -0.603132  0.696072  -0.333641  1.000000  
184.980296 0.001140  -0.000663  -0.045907  0.318754  0.793466  0.518467  -0.917606  0.395377  -0.040943  -0.237476  -0.462697  0.854117  0.000810  0.015643  0.098480  -0.618660  0.721135  -0.343201  1.000000  
184.981536 0.001136  -0.000641  -0.045785  0.319771  0.793892  0.517186  -0.917487  0.395731  -0.040182  -0.236567  -0.461663  0.854929  0.000240  0.016309  0.097829  -0.634632  0.746582  -0.353024  1.000000  
184.982785 0.001131  -0.000620  -0.045671  0.320977  0.794235  0.515912  -0.917300  0.396251  -0.039316  -0.235656  -0.460627  0.855739  -0.000342  0.016834  0.096648  -0.647381  0.772542  -0.363397  1.000000  
184.983785 0.001127  -0.000603  -0.045585  0.321973  0.794491  0.514895  -0.917118  0.396735  -0.038678  -0.235006  -0.459767  0.856380  -0.000753  0.017116  0.095707  -0.652202  0.796275  -0.380591  1.000000  
184.984787 0.001122  -0.000586  -0.045499  0.322781  0.794765  0.513966  -0.917000  0.397062  -0.038099  -0.234356  -0.459010  0.856964  -0.001373  0.017368  0.095051  -0.661370  0.814256  -0.386503  1.000000  
184.986035 0.001114  -0.000565  -0.045393  0.323997  0.795123  0.512646  -0.916837  0.397531  -0.037129  -0.233315  -0.457984  0.857797  -0.001993  0.017505  0.094772  -0.669183  0.843357  -0.394400  1.000000  
184.987285 0.001107  -0.000543  -0.045285  0.325222  0.795436  0.511382  -0.916700  0.397950  -0.036005  -0.232144  -0.457074  0.858599  -0.002450  0.017548  0.094634  -0.677082  0.872449  -0.402261  1.000000  
184.988537 0.001100  -0.000523  -0.045173  0.326427  0.795707  0.510192  -0.916502  0.398487  -0.035099  -0.231233  -0.456134  0.859344  -0.003005  0.017382  0.094797  -0.683271  0.894187  -0.406749  1.000000  
184.989785 0.001094  -0.000505  -0.045056  0.327632  0.796038  0.508902  -0.916302  0.399022  -0.034243  -0.230322  -0.455088  0.860143  -0.003514  0.017114  0.094814  -0.694494  0.919631  -0.416749  1.000000  
184.990785 0.001090  -0.000489  -0.044959  0.328637  0.796305  0.507835  -0.916138  0.399461  -0.033505  -0.229540  -0.454235  0.860803  -0.003823  0.016923  0.094537  -0.704308  0.936758  -0.423028  1.000000  
184.991794 0.001086  -0.000471  -0.044863  0.329642  0.796570  0.506765  -0.915972  0.399901  -0.032769  -0.228759  -0.453381  0.861461  -0.004180  0.016921  0.094083  -0.712967  0.955045  -0.429139  1.000000  
184.992794 0.001080  -0.000453  -0.044769  0.330637  0.796814  0.505734  -0.915776  0.400401  -0.032142  -0.228108  -0.452511  0.862091  -0.004606  0.016880  0.092958  -0.726378  0.968979  -0.437540  1.000000  
184.994037 0.001071  -0.000430  -0.044657  0.331851  0.797219  0.504299  -0.915596  0.400884  -0.031234  -0.227065  -0.451369  0.862964  -0.004973  0.017017  0.091923  -0.744814  0.990259  -0.442261  1.000000  
184.995042 0.001064  -0.000411  -0.044569  0.333044  0.797458  0.503133  -0.915356  0.401492  -0.030447  -0.226284  -0.450406  0.863672  -0.005181  0.017057  0.090733  -0.760321  1.008073  -0.456631  1.000000  
184.996285 0.001056  -0.000387  -0.044457  0.334247  0.797959  0.501538  -0.915143  0.402030  -0.029748  -0.225371  -0.449036  0.864624  -0.005401  0.017240  0.090062  -0.790445  1.026010  -0.463513  1.000000  
184.997286 0.001050  -0.000367  -0.044364  0.335251  0.798276  0.500362  -0.914968  0.402478  -0.029068  -0.224589  -0.448070  0.865328  -0.005575  0.017426  0.090072  -0.809756  1.036705  -0.466216  1.000000  
184.998295 0.001043  -0.000348  -0.044269  0.336255  0.798592  0.499184  -0.914791  0.402928  -0.028390  -0.223807  -0.447103  0.866031  -0.005759  0.017551  0.090574  -0.823291  1.054469  -0.472782  1.000000  
184.999537 0.001036  -0.000326  -0.044145  0.337457  0.799024  0.497678  -0.914572  0.403478  -0.027648  -0.222894  -0.445832  0.866921  -0.005781  0.017661  0.091712  -0.846853  1.069102  -0.473807  1.000000  
185.000541 0.001031  -0.000309  -0.044044  0.338460  0.799396  0.496399  -0.914391  0.403929  -0.027022  -0.222111  -0.444757  0.867674  -0.005705  0.017590  0.092904  -0.864455  1.086774  -0.480496  1.000000  
185.001784 0.001023  -0.000289  -0.043918  0.339850  0.799679  0.494990  -0.914097  0.404652  -0.026134  -0.221198  -0.443588  0.868505  -0.005765  0.017554  0.094072  -0.869456  1.102606  -0.487350  1.000000  
185.002785 0.001017  -0.000272  -0.043818  0.340852  0.799926  0.493900  -0.913913  0.405114  -0.025413  -0.220415  -0.442720  0.869147  -0.005804  0.017530  0.094846  -0.877450  1.115368  -0.490692  1.000000  
185.004035 0.001011  -0.000252  -0.043697  0.342241  0.800205  0.492487  -0.913614  0.405843  -0.024530  -0.219501  -0.441547  0.869974  -0.005793  0.017604  0.095350  -0.887307  1.125089  -0.502086  1.000000  
185.005284 0.001005  -0.000234  -0.043580  0.343640  0.800442  0.491126  -0.913339  0.406522  -0.023491  -0.218457  -0.440492  0.870772  -0.005823  0.017550  0.095199  -0.884346  1.136692  -0.511061  1.000000  
185.006285 0.001000  -0.000219  -0.043488  0.344642  0.800624  0.490126  -0.913149  0.406993  -0.022726  -0.217673  -0.439726  0.871355  -0.005917  0.017420  0.094915  -0.884960  1.136059  -0.512227  1.000000  
185.007535 0.000993  -0.000200  -0.043373  0.346030  0.800835  0.488801  -0.912841  0.407732  -0.021801  -0.216759  -0.438654  0.872123  -0.005878  0.017275  0.094668  -0.884368  1.142675  -0.517840  1.000000  
185.008549 0.000988  -0.000185  -0.043281  0.347219  0.800930  0.487802  -0.912575  0.408372  -0.020939  -0.215975  -0.437886  0.872703  -0.005707  0.016980  0.094700  -0.875859  1.151162  -0.523496  1.000000  
185.009794 0.000982  -0.000167  -0.043163  0.348428  0.801242  0.486425  -0.912361  0.408897  -0.020009  -0.214930  -0.436824  0.873493  -0.005550  0.016572  0.095331  -0.875331  1.157721  -0.529162  1.000000  
185.011038 0.000975  -0.000150  -0.043039  0.349814  0.801446  0.485092  -0.912046  0.409644  -0.019091  -0.214015  -0.435748  0.874255  -0.005479  0.016070  0.096114  -0.873280  1.163496  -0.542945  1.000000  
185.012040 0.000970  -0.000136  -0.042934  0.351013  0.801674  0.483849  -0.911800  0.410231  -0.018225  -0.213100  -0.434776  0.874962  -0.005385  0.015662  0.096914  -0.880610  1.173966  -0.546185  1.000000  
185.013284 0.000966  -0.000118  -0.042801  0.352408  0.801894  0.482467  -0.911505  0.410929  -0.017202  -0.212054  -0.433709  0.875745  -0.005156  0.015350  0.097887  -0.877812  1.184953  -0.555034  1.000000  
185.014285 0.000962  -0.000104  -0.042696  0.353606  0.802117  0.481219  -0.911254  0.411521  -0.016341  -0.211139  -0.432734  0.876448  -0.005043  0.015107  0.098250  -0.882278  1.194552  -0.561538  1.000000  
185.015535 0.000956  -0.000085  -0.042566  0.355000  0.802332  0.479831  -0.910953  0.412225  -0.015323  -0.210092  -0.431664  0.877227  -0.005027  0.014968  0.098555  -0.880739  1.197805  -0.566205  1.000000  
185.016541 0.000950  -0.000069  -0.042465  0.356019  0.802657  0.478531  -0.910796  0.412603  -0.014455  -0.209046  -0.430698  0.877951  -0.004938  0.014868  0.098475  -0.890665  1.199942  -0.568576  1.000000  
185.017785 0.000943  -0.000048  -0.042340  0.357601  0.802724  0.477238  -0.910417  0.413479  -0.013294  -0.207999  -0.429731  0.878674  -0.004921  0.014911  0.098565  -0.887985  1.206782  -0.579307  1.000000  
185.018785 0.000937  -0.000032  -0.042241  0.358796  0.802881  0.476076  -0.910155  0.414083  -0.012391  -0.207083  -0.428857  0.879317  -0.004983  0.014921  0.098708  -0.892370  1.216343  -0.585774  1.000000  
185.019785 0.000932  -0.000017  -0.042141  0.359991  0.803035  0.474911  -0.909891  0.414688  -0.011489  -0.206166  -0.427981  0.879959  -0.005035  0.014913  0.099091  -0.891738  1.222789  -0.591241  1.000000  
185.021034 0.000925  -0.000000  -0.042014  0.361394  0.803260  0.473465  -0.909601  0.415353  -0.010374  -0.204988  -0.426915  0.880752  -0.005061  0.014816  0.099755  -0.887427  1.233310  -0.595223  1.000000  
185.022034 0.000918  0.000012  -0.041910  0.362598  0.803374  0.472348  -0.909358  0.415911  -0.009317  -0.203940  -0.426155  0.881363  -0.005206  0.014610  0.100653  -0.884606  1.247715  -0.601442  1.000000  
185.023035 0.000911  0.000025  -0.041806  0.363802  0.803487  0.471230  -0.909111  0.416472  -0.008262  -0.202892  -0.425394  0.881972  -0.005338  0.014453  0.101506  -0.880170  1.258261  -0.604949  1.000000  
185.024284 0.000902  0.000040  -0.041676  0.365400  0.803583  0.469828  -0.908762  0.417258  -0.006897  -0.201582  -0.424442  0.882731  -0.005545  0.014253  0.102352  -0.867681  1.272298  -0.606847  1.000000  
185.025294 0.000894  0.000051  -0.041575  0.366415  0.803721  0.468799  -0.908585  0.417659  -0.005891  -0.200533  -0.423785  0.883285  -0.005655  0.014107  0.102695  -0.856579  1.279729  -0.604362  1.000000  
185.026546 0.000885  0.000064  -0.041450  0.367648  0.804006  0.467343  -0.908404  0.418068  -0.004614  -0.199091  -0.422840  0.884064  -0.005888  0.013822  0.102337  -0.841954  1.294192  -0.601465  1.000000  
185.027789 0.000875  0.000080  -0.041329  0.369066  0.804203  0.465884  -0.908144  0.418646  -0.003243  -0.197649  -0.421893  0.884840  -0.006199  0.013690  0.101588  -0.829785  1.312871  -0.601719  1.000000  
185.028791 0.000866  0.000092  -0.041234  0.370090  0.804471  0.464607  -0.907983  0.419001  -0.002234  -0.196468  -0.421029  0.885514  -0.006550  0.013538  0.100848  -0.826753  1.324245  -0.597406  1.000000  
185.030035 0.000856  0.000108  -0.041118  0.371704  0.804598  0.463096  -0.907663  0.419699  -0.000662  -0.194893  -0.420089  0.886308  -0.006848  0.013391  0.100034  -0.814689  1.347001  -0.595784  1.000000  
185.031036 0.000846  0.000121  -0.041025  0.372914  0.804776  0.461812  -0.907420  0.420225  0.000439  -0.193712  -0.419221  0.886978  -0.007151  0.013189  0.099247  -0.810268  1.361450  -0.597645  1.000000  
185.032284 0.000834  0.000137  -0.040908  0.374330  0.805076  0.460142  -0.907144  0.420817  0.001699  -0.192268  -0.418051  0.887844  -0.007447  0.012933  0.098786  -0.815552  1.372527  -0.590878  1.000000  
185.033285 0.000823  0.000151  -0.040812  0.375362  0.805357  0.458807  -0.906995  0.421132  0.002810  -0.190955  -0.417190  0.888532  -0.007758  0.012741  0.098561  -0.812724  1.387989  -0.584857  1.000000  
185.034285 0.000814  0.000165  -0.040711  0.376766  0.805464  0.457467  -0.906688  0.421781  0.004109  -0.189641  -0.416328  0.889217  -0.008059  0.012622  0.098594  -0.811159  1.409438  -0.590885  1.000000  
185.035535 0.000802  0.000182  -0.040582  0.378376  0.805634  0.455835  -0.906346  0.422498  0.005616  -0.188065  -0.415269  0.890047  -0.008396  0.012602  0.098820  -0.812808  1.429656  -0.586200  1.000000  
185.036536 0.000790  0.000194  -0.040479  0.379592  0.805878  0.454390  -0.906110  0.422989  0.006765  -0.186750  -0.414295  0.890777  -0.008794  0.012512  0.098767  -0.820731  1.448164  -0.586207  1.000000  
185.037785 0.000776  0.000210  -0.040354  0.381376  0.805935  0.452793  -0.905657  0.423931  0.008250  -0.185304  -0.413221  0.891577  -0.009176  0.012568  0.098447  -0.819597  1.470055  -0.592974  1.000000  
185.039035 0.000760  0.000226  -0.040233  0.383159  0.805988  0.451190  -0.905199  0.424877  0.009730  -0.183858  -0.412145  0.892375  -0.009625  0.012638  0.097875  -0.817959  1.485877  -0.598487  1.000000  
185.040287 0.000745  0.000244  -0.040116  0.384951  0.806059  0.449535  -0.904758  0.425776  0.011317  -0.182279  -0.411077  0.893191  -0.009953  0.012824  0.097320  -0.815531  1.510177  -0.611305  1.000000  
185.041545 0.000728  0.000260  -0.039999  0.386741  0.806126  0.447875  -0.904311  0.426679  0.012899  -0.180700  -0.410006  0.894003  -0.010418  0.013034  0.096750  -0.814211  1.536543  -0.619004  1.000000  
185.042548 0.000715  0.000273  -0.039906  0.388130  0.806139  0.446649  -0.903952  0.427401  0.014119  -0.179516  -0.409229  0.894598  -0.010792  0.013070  0.096443  -0.805843  1.546697  -0.623048  1.000000  
185.043790 0.000700  0.000288  -0.039785  0.390113  0.806134  0.444926  -0.903436  0.428427  0.015896  -0.177805  -0.408164  0.895426  -0.011079  0.013040  0.096637  -0.805065  1.572519  -0.628196  1.000000  
185.044791 0.000687  0.000299  -0.039687  0.391695  0.806076  0.443641  -0.903010  0.429270  0.017311  -0.176488  -0.407393  0.896037  -0.011411  0.012952  0.096971  -0.794375  1.592999  -0.642860  1.000000  
185.045792 0.000674  0.000311  -0.039589  0.393275  0.806015  0.442351  -0.902579  0.430116  0.018724  -0.175171  -0.406620  0.896647  -0.011681  0.012879  0.097350  -0.788951  1.610212  -0.651183  1.000000  
185.047037 0.000656  0.000326  -0.039466  0.395245  0.805979  0.440659  -0.902024  0.431204  0.020378  -0.173590  -0.405539  0.897443  -0.012024  0.012765  0.097736  -0.786881  1.630592  -0.666435  1.000000  
185.048284 0.000638  0.000340  -0.039342  0.397037  0.805996  0.439013  -0.901565  0.432078  0.022099  -0.171876  -0.404573  0.898209  -0.012408  0.012577  0.097943  -0.782072  1.656176  -0.671654  1.000000  
185.049537 0.000620  0.000355  -0.039218  0.399022  0.805995  0.437211  -0.901039  0.433076  0.023964  -0.170031  -0.403506  0.899040  -0.012838  0.012384  0.097713  -0.781416  1.681431  -0.676957  1.000000  
185.050784 0.000602  0.000370  -0.039096  0.400625  0.806201  0.435362  -0.900649  0.433799  0.025481  -0.168316  -0.402317  0.899895  -0.013160  0.012376  0.097270  -0.786295  1.696820  -0.674739  1.000000  
185.051784 0.000586  0.000383  -0.038998  0.402208  0.806201  0.433899  -0.900214  0.434615  0.026933  -0.166865  -0.401435  0.900559  -0.013437  0.012378  0.097005  -0.789470  1.714066  -0.683373  1.000000  
185.052785 0.000570  0.000396  -0.038900  0.403790  0.806199  0.432432  -0.899773  0.435434  0.028382  -0.165414  -0.400551  0.901220  -0.013690  0.012371  0.096916  -0.792645  1.734746  -0.695708  1.000000  
185.054034 0.000549  0.000412  -0.038777  0.405574  0.806252  0.430658  -0.899284  0.436332  0.030030  -0.163698  -0.399464  0.902015  -0.014080  0.012377  0.097054  -0.797543  1.749117  -0.698794  1.000000  
185.055035 0.000531  0.000426  -0.038676  0.406969  0.806334  0.429187  -0.898917  0.436993  0.031383  -0.162246  -0.398576  0.902670  -0.014476  0.012350  0.097605  -0.805032  1.763168  -0.703919  1.000000  
185.056285 0.000510  0.000442  -0.038546  0.408944  0.806365  0.427248  -0.898353  0.438021  0.033168  -0.160398  -0.397383  0.903526  -0.014806  0.012376  0.098472  -0.810384  1.785631  -0.725545  1.000000  
185.057536 0.000487  0.000458  -0.038409  0.410908  0.806318  0.425449  -0.897761  0.439098  0.034891  -0.158681  -0.396288  0.904310  -0.015220  0.012390  0.099828  -0.811793  1.804256  -0.749066  1.000000  
185.058584 0.000468  0.000470  -0.038299  0.412492  0.806271  0.424002  -0.897314  0.439883  0.036484  -0.157095  -0.395512  0.904926  -0.015676  0.012359  0.100422  -0.806124  1.822787  -0.760968  1.000000  
185.059794 0.000445  0.000486  -0.038160  0.414285  0.806300  0.422194  -0.896832  0.440703  0.038384  -0.155113  -0.394539  0.905692  -0.016203  0.012480  0.101868  -0.808449  1.839234  -0.765098  1.000000  
185.061039 0.000419  0.000502  -0.038024  0.416261  0.806235  0.420371  -0.896258  0.441693  0.040367  -0.153130  -0.393564  0.906454  -0.016745  0.012574  0.102723  -0.799288  1.863344  -0.779222  1.000000  
185.062040 0.000397  0.000515  -0.037917  0.417647  0.806250  0.418966  -0.895860  0.442370  0.041752  -0.151675  -0.392773  0.907041  -0.017288  0.012613  0.103272  -0.796006  1.873700  -0.783978  1.000000  
185.063285 0.000369  0.000530  -0.037787  0.419627  0.806201  0.417078  -0.895291  0.443321  0.043836  -0.149559  -0.391800  0.907813  -0.018063  0.012655  0.103859  -0.787319  1.893834  -0.800174  1.000000  
185.064297 0.000345  0.000542  -0.037681  0.421203  0.806141  0.415602  -0.894814  0.444123  0.045410  -0.147971  -0.391014  0.908412  -0.018617  0.012715  0.104185  -0.786767  1.910300  -0.808929  1.000000  
185.065535 0.000316  0.000558  -0.037546  0.423187  0.806058  0.413744  -0.894247  0.445030  0.047648  -0.145721  -0.390153  0.909146  -0.019308  0.012722  0.104942  -0.775585  1.932211  -0.817265  1.000000  
185.066535 0.000292  0.000570  -0.037436  0.424759  0.805993  0.412256  -0.893759  0.445839  0.049215  -0.144133  -0.389363  0.909738  -0.019985  0.012666  0.105851  -0.771780  1.944382  -0.822058  1.000000  
185.067784 0.000260  0.000585  -0.037296  0.426730  0.805981  0.410239  -0.893159  0.446814  0.051225  -0.142014  -0.388269  0.910538  -0.020664  0.012625  0.106922  -0.773411  1.966531  -0.822178  1.000000  
185.068785 0.000234  0.000596  -0.037182  0.428307  0.805933  0.408687  -0.892677  0.447583  0.052895  -0.140292  -0.387481  0.911140  -0.021311  0.012508  0.108127  -0.771304  1.987696  -0.821851  1.000000  
185.070035 0.000202  0.000611  -0.037038  0.430273  0.805914  0.406655  -0.892061  0.448568  0.054895  -0.138172  -0.386381  0.911931  -0.021994  0.012381  0.109193  -0.773171  2.006171  -0.823991  1.000000  
185.071035 0.000175  0.000624  -0.036923  0.431670  0.806024  0.404952  -0.891672  0.449139  0.056528  -0.136316  -0.385485  0.912589  -0.022699  0.012303  0.110001  -0.775559  2.025972  -0.817461  1.000000  
185.072285 0.000140  0.000640  -0.036779  0.433647  0.805993  0.402895  -0.891074  0.450034  0.058792  -0.133930  -0.384504  0.913356  -0.023537  0.012298  0.110525  -0.776915  2.053776  -0.815928  1.000000  
185.073538 0.000106  0.000655  -0.036635  0.435621  0.805959  0.400829  -0.890466  0.450935  0.061051  -0.131543  -0.383520  0.914116  -0.024210  0.012347  0.111306  -0.775976  2.072967  -0.809916  1.000000  
185.074788 0.000072  0.000670  -0.036492  0.437783  0.805947  0.398491  -0.889775  0.451977  0.063386  -0.129023  -0.382317  0.914979  -0.024886  0.012283  0.111253  -0.786375  2.099348  -0.808694  1.000000  
185.075788 0.000043  0.000683  -0.036378  0.439552  0.805856  0.396723  -0.889208  0.452799  0.065441  -0.126899  -0.381534  0.915603  -0.025413  0.012260  0.111565  -0.788092  2.126009  -0.806687  1.000000  
185.076811 0.000013  0.000695  -0.036263  0.441319  0.805763  0.394947  -0.888633  0.453626  0.067492  -0.124776  -0.380749  0.916221  -0.025995  0.012193  0.112023  -0.785784  2.154897  -0.802174  1.000000  
185.078041 -0.000025  0.000708  -0.036116  0.443470  0.805596  0.392873  -0.887912  0.454660  0.069974  -0.122253  -0.379869  0.916926  -0.026655  0.012096  0.113208  -0.783538  2.185629  -0.807469  1.000000  
185.079286 -0.000063  0.000721  -0.035967  0.445611  0.805449  0.390746  -0.887166  0.455753  0.072284  -0.119862  -0.378867  0.917656  -0.027263  0.011915  0.114300  -0.782091  2.204571  -0.810098  1.000000  
185.080293 -0.000094  0.000730  -0.035844  0.447551  0.805205  0.389027  -0.886474  0.456750  0.074455  -0.117737  -0.378185  0.918213  -0.027783  0.011672  0.115322  -0.769569  2.231995  -0.822531  1.000000  
185.081535 -0.000133  0.000742  -0.035690  0.449888  0.804932  0.386893  -0.885657  0.457865  0.077272  -0.114946  -0.377418  0.918881  -0.028412  0.011430  0.116465  -0.758318  2.272971  -0.830550  1.000000  
185.082784 -0.000173  0.000752  -0.035535  0.452219  0.804748  0.384549  -0.884827  0.459005  0.079970  -0.112154  -0.376424  0.919634  -0.028897  0.011116  0.117380  -0.755750  2.305012  -0.834222  1.000000  
185.083785 -0.000205  0.000761  -0.035413  0.454156  0.804518  0.382745  -0.884119  0.459969  0.082232  -0.109894  -0.375738  0.920187  -0.029374  0.010952  0.117992  -0.748217  2.342839  -0.843459  1.000000  
185.084785 -0.000238  0.000769  -0.035291  0.456095  0.804308  0.380875  -0.883415  0.460892  0.084598  -0.107500  -0.375056  0.920748  -0.029779  0.010721  0.118480  -0.740541  2.379215  -0.852806  1.000000  
185.086035 -0.000279  0.000780  -0.035140  0.458614  0.804041  0.378407  -0.882493  0.462071  0.087737  -0.104307  -0.374178  0.921472  -0.030276  0.010405  0.118883  -0.729907  2.427780  -0.857834  1.000000  
185.087035 -0.000313  0.000787  -0.035019  0.460545  0.803825  0.376515  -0.881767  0.463003  0.090090  -0.101911  -0.373489  0.922020  -0.030735  0.010004  0.119360  -0.727351  2.461404  -0.860842  1.000000  
