1-Time 2-Px 3-Py 4-Pz 5-R11 6-R21 7-R31 8-R12 9-R22 10-R32 11-R13 12-R23 13-R33 14-Vx 15-Vy 16-Vz 17-Wx 18-Wy 19-Wz 20-state
52.188379 0.003555  0.000387  -0.008447  0.502868  0.764875  0.402605  -0.703037  0.090958  0.705313  0.502855  -0.637725  0.583475  -0.000334  0.000367  -0.001519  0.000000  0.000000  0.000000  1.000000  
52.189489 0.003557  0.000387  -0.008447  0.502868  0.764875  0.402605  -0.703037  0.090958  0.705313  0.502855  -0.637725  0.583475  0.001540  0.000893  -0.001062  0.000000  0.000000  0.000000  1.000000  
52.190729 0.003556  0.000388  -0.008444  0.502868  0.764826  0.402698  -0.703037  0.090873  0.705324  0.502855  -0.637796  0.583397  0.000392  0.000504  0.001532  0.000000  0.000000  0.000000  1.000000  
52.191974 0.003555  0.000387  -0.008437  0.502723  0.764844  0.402843  -0.703140  0.090715  0.705241  0.502855  -0.637796  0.583397  -0.000203  0.000180  0.003071  0.000000  0.000000  0.000000  1.000000  
52.193224 0.003554  0.000387  -0.008433  0.502723  0.764844  0.402843  -0.703140  0.090715  0.705241  0.502855  -0.637796  0.583397  -0.000227  0.000205  0.003065  0.000000  0.000000  0.000000  1.000000  
52.194474 0.003554  0.000388  -0.008430  0.502723  0.764844  0.402843  -0.703140  0.090715  0.705241  0.502855  -0.637796  0.583397  -0.000327  0.000312  0.002936  0.000000  0.000000  0.000000  1.000000  
52.195476 0.003552  0.000389  -0.008428  0.502617  0.764765  0.403127  -0.703298  0.090542  0.705105  0.502740  -0.637916  0.583365  -0.000447  0.000440  0.002736  0.000000  0.000000  0.000000  1.000000  
52.196724 0.003550  0.000389  -0.008426  0.502617  0.764765  0.403127  -0.703298  0.090542  0.705105  0.502740  -0.637916  0.583365  -0.000662  0.000321  0.002555  0.000000  0.000000  0.000000  1.000000  
52.197748 0.003550  0.000389  -0.008425  0.502472  0.764783  0.403272  -0.703402  0.090384  0.705022  0.502740  -0.637916  0.583365  -0.000611  0.000309  0.002350  0.000000  0.000000  0.000000  1.000000  
52.198975 0.003550  0.000390  -0.008423  0.502472  0.764734  0.403365  -0.703402  0.090299  0.705033  0.502740  -0.637987  0.583288  -0.000531  0.000352  0.002329  0.000000  0.000000  0.000000  1.000000  
52.199976 0.003549  0.000390  -0.008420  0.502472  0.764734  0.403365  -0.703402  0.090299  0.705033  0.502740  -0.637987  0.583288  -0.000560  0.000316  0.002361  0.000000  0.000000  0.000000  1.000000  
52.200978 0.003548  0.000390  -0.008417  0.502328  0.764704  0.403602  -0.703505  0.090056  0.704961  0.502740  -0.638058  0.583211  -0.000584  0.000286  0.002387  0.000000  0.000000  0.000000  1.000000  
52.201978 0.003547  0.000389  -0.008414  0.502328  0.764704  0.403602  -0.703505  0.090056  0.704961  0.502740  -0.638058  0.583211  -0.000621  0.000208  0.002437  0.000000  0.000000  0.000000  1.000000  
52.202982 0.003546  0.000389  -0.008411  0.502328  0.764655  0.403695  -0.703505  0.089970  0.704972  0.502740  -0.638129  0.583133  -0.000667  0.000155  0.002534  0.000000  0.000000  0.000000  1.000000  
52.204229 0.003544  0.000386  -0.008402  0.502183  0.764673  0.403840  -0.703609  0.089813  0.704889  0.502740  -0.638129  0.583133  -0.000847  -0.000065  0.002989  0.000000  0.000000  0.000000  1.000000  
52.205229 0.003542  0.000385  -0.008394  0.502183  0.764624  0.403933  -0.703609  0.089727  0.704900  0.502740  -0.638199  0.583056  -0.000991  -0.000183  0.003399  0.000000  0.000000  0.000000  1.000000  
52.206479 0.003539  0.000382  -0.008387  0.502038  0.764594  0.404171  -0.703712  0.089484  0.704828  0.502740  -0.638270  0.582978  -0.001094  -0.000364  0.003471  0.000000  0.000000  0.000000  1.000000  
52.207726 0.003537  0.000381  -0.008384  0.502038  0.764594  0.404171  -0.703712  0.089484  0.704828  0.502740  -0.638270  0.582978  -0.001164  -0.000437  0.003321  0.000000  0.000000  0.000000  1.000000  
52.208727 0.003536  0.000381  -0.008383  0.502038  0.764545  0.404264  -0.703712  0.089399  0.704838  0.502740  -0.638341  0.582901  -0.001212  -0.000449  0.003297  0.000000  0.000000  0.000000  1.000000  
52.209976 0.003533  0.000380  -0.008380  0.502077  0.764495  0.404309  -0.703767  0.089469  0.704775  0.502624  -0.638391  0.582946  -0.001304  -0.000603  0.003348  0.000000  0.000000  0.000000  1.000000  
52.210976 0.003532  0.000380  -0.008375  0.502077  0.764495  0.404309  -0.703767  0.089469  0.704775  0.502624  -0.638391  0.582946  -0.001314  -0.000657  0.003526  0.000000  0.000000  0.000000  1.000000  
52.212228 0.003530  0.000380  -0.008367  0.502077  0.764495  0.404309  -0.703767  0.089469  0.704775  0.502624  -0.638391  0.582946  -0.001348  -0.000626  0.003992  0.000000  0.000000  0.000000  1.000000  
52.213477 0.003529  0.000381  -0.008357  0.502077  0.764446  0.404402  -0.703767  0.089383  0.704786  0.502624  -0.638461  0.582869  -0.001374  -0.000570  0.004434  0.000000  0.000000  0.000000  1.000000  
52.214480 0.003527  0.000382  -0.008349  0.502077  0.764446  0.404402  -0.703767  0.089383  0.704786  0.502624  -0.638461  0.582869  -0.001517  -0.000548  0.004896  0.000000  0.000000  0.000000  1.000000  
52.215483 0.003525  0.000383  -0.008341  0.502077  0.764446  0.404402  -0.703767  0.089383  0.704786  0.502624  -0.638461  0.582869  -0.001619  -0.000485  0.005253  0.000000  0.000000  0.000000  1.000000  
52.216726 0.003521  0.000383  -0.008332  0.502077  0.764446  0.404402  -0.703767  0.089383  0.704786  0.502624  -0.638461  0.582869  -0.001765  -0.000480  0.005538  0.000000  0.000000  0.000000  1.000000  
52.217729 0.003519  0.000383  -0.008326  0.502077  0.764397  0.404494  -0.703767  0.089298  0.704797  0.502624  -0.638532  0.582792  -0.001793  -0.000390  0.005668  0.000000  0.000000  0.000000  1.000000  
52.218978 0.003517  0.000383  -0.008320  0.502077  0.764397  0.404494  -0.703767  0.089298  0.704797  0.502624  -0.638532  0.582792  -0.001798  -0.000261  0.005570  0.000000  0.000000  0.000000  1.000000  
52.219984 0.003515  0.000383  -0.008316  0.502077  0.764397  0.404494  -0.703767  0.089298  0.704797  0.502624  -0.638532  0.582792  -0.001794  -0.000110  0.005280  0.000000  0.000000  0.000000  1.000000  
52.221232 0.003513  0.000383  -0.008314  0.502077  0.764397  0.404494  -0.703767  0.089298  0.704797  0.502624  -0.638532  0.582792  -0.001774  0.000061  0.004950  0.000000  0.000000  0.000000  1.000000  
52.222479 0.003511  0.000384  -0.008312  0.502077  0.764348  0.404587  -0.703767  0.089212  0.704807  0.502624  -0.638603  0.582714  -0.001779  0.000192  0.004851  0.000000  0.000000  0.000000  1.000000  
52.223482 0.003510  0.000384  -0.008310  0.502077  0.764348  0.404587  -0.703767  0.089212  0.704807  0.502624  -0.638603  0.582714  -0.001745  0.000218  0.004927  0.000000  0.000000  0.000000  1.000000  
52.224728 0.003510  0.000386  -0.008304  0.502077  0.764348  0.404587  -0.703767  0.089212  0.704807  0.502624  -0.638603  0.582714  -0.001616  0.000393  0.005108  0.000000  0.000000  0.000000  1.000000  
52.225976 0.003508  0.000387  -0.008295  0.502077  0.764299  0.404680  -0.703767  0.089127  0.704818  0.502624  -0.638673  0.582637  -0.001614  0.000470  0.005305  0.000000  0.000000  0.000000  1.000000  
52.226976 0.003507  0.000388  -0.008288  0.502077  0.764299  0.404680  -0.703767  0.089127  0.704818  0.502624  -0.638673  0.582637  -0.001567  0.000543  0.005355  0.000000  0.000000  0.000000  1.000000  
52.228226 0.003506  0.000390  -0.008280  0.502077  0.764299  0.404680  -0.703767  0.089127  0.704818  0.502624  -0.638673  0.582637  -0.001569  0.000592  0.005215  0.000000  0.000000  0.000000  1.000000  
52.229476 0.003505  0.000392  -0.008275  0.502077  0.764299  0.404680  -0.703767  0.089127  0.704818  0.502624  -0.638673  0.582637  -0.001472  0.000632  0.004925  0.000000  0.000000  0.000000  1.000000  
52.230480 0.003503  0.000393  -0.008271  0.502077  0.764299  0.404680  -0.703767  0.089127  0.704818  0.502624  -0.638673  0.582637  -0.001434  0.000657  0.004646  0.000000  0.000000  0.000000  1.000000  
52.231485 0.003502  0.000393  -0.008268  0.502077  0.764299  0.404680  -0.703767  0.089127  0.704818  0.502624  -0.638673  0.582637  -0.001326  0.000722  0.004332  0.000000  0.000000  0.000000  1.000000  
52.232726 0.003501  0.000395  -0.008264  0.502077  0.764348  0.404587  -0.703767  0.089212  0.704807  0.502624  -0.638603  0.582714  -0.001248  0.000836  0.004138  0.000000  0.000000  0.000000  1.000000  
52.233726 0.003499  0.000397  -0.008260  0.502077  0.764348  0.404587  -0.703767  0.089212  0.704807  0.502624  -0.638603  0.582714  -0.001226  0.000931  0.004106  0.000000  0.000000  0.000000  1.000000  
52.234979 0.003498  0.000398  -0.008252  0.502077  0.764348  0.404587  -0.703767  0.089212  0.704807  0.502624  -0.638603  0.582714  -0.001169  0.000997  0.004292  0.000000  0.000000  0.000000  1.000000  
52.236230 0.003496  0.000400  -0.008244  0.502077  0.764348  0.404587  -0.703767  0.089212  0.704807  0.502624  -0.638603  0.582714  -0.001146  0.001153  0.004622  0.000000  0.000000  0.000000  1.000000  
52.237478 0.003495  0.000402  -0.008235  0.502077  0.764348  0.404587  -0.703767  0.089212  0.704807  0.502624  -0.638603  0.582714  -0.001085  0.001207  0.005126  0.000000  0.000000  0.000000  1.000000  
52.238728 0.003494  0.000403  -0.008226  0.502077  0.764348  0.404587  -0.703767  0.089212  0.704807  0.502624  -0.638603  0.582714  -0.001109  0.001230  0.005572  0.000000  0.000000  0.000000  1.000000  
52.239730 0.003493  0.000404  -0.008219  0.502077  0.764348  0.404587  -0.703767  0.089212  0.704807  0.502624  -0.638603  0.582714  -0.001076  0.001256  0.005647  0.000000  0.000000  0.000000  1.000000  
52.240976 0.003492  0.000405  -0.008211  0.502116  0.764298  0.404632  -0.703822  0.089282  0.704744  0.502508  -0.638652  0.582759  -0.001062  0.001243  0.005598  0.000000  0.000000  0.000000  1.000000  
52.241977 0.003491  0.000407  -0.008206  0.502116  0.764249  0.404725  -0.703822  0.089196  0.704755  0.502508  -0.638723  0.582682  -0.001018  0.001261  0.005467  0.000000  0.000000  0.000000  1.000000  
52.242978 0.003491  0.000407  -0.008203  0.502116  0.764249  0.404725  -0.703822  0.089196  0.704755  0.502508  -0.638723  0.582682  -0.001022  0.001142  0.005257  0.000000  0.000000  0.000000  1.000000  
52.244226 0.003490  0.000408  -0.008200  0.502116  0.764249  0.404725  -0.703822  0.089196  0.704755  0.502508  -0.638723  0.582682  -0.001027  0.001087  0.005076  0.000000  0.000000  0.000000  1.000000  
52.245476 0.003488  0.000408  -0.008196  0.502116  0.764249  0.404725  -0.703822  0.089196  0.704755  0.502508  -0.638723  0.582682  -0.000977  0.001034  0.005041  0.000000  0.000000  0.000000  1.000000  
52.246726 0.003487  0.000409  -0.008188  0.502116  0.764249  0.404725  -0.703822  0.089196  0.704755  0.502508  -0.638723  0.582682  -0.000941  0.000994  0.005276  0.000000  0.000000  0.000000  1.000000  
52.247734 0.003486  0.000409  -0.008180  0.501971  0.764268  0.404870  -0.703925  0.089039  0.704671  0.502508  -0.638723  0.582682  -0.000946  0.000934  0.005605  0.000000  0.000000  0.000000  1.000000  
52.248976 0.003485  0.000410  -0.008170  0.501971  0.764268  0.404870  -0.703925  0.089039  0.704671  0.502508  -0.638723  0.582682  -0.000951  0.000874  0.005893  0.000000  0.000000  0.000000  1.000000  
52.250226 0.003483  0.000411  -0.008159  0.501971  0.764268  0.404870  -0.703925  0.089039  0.704671  0.502508  -0.638723  0.582682  -0.000961  0.000822  0.006068  0.000000  0.000000  0.000000  1.000000  
52.251228 0.003481  0.000412  -0.008152  0.501971  0.764268  0.404870  -0.703925  0.089039  0.704671  0.502508  -0.638723  0.582682  -0.000943  0.000801  0.006169  0.000000  0.000000  0.000000  1.000000  
52.252231 0.003480  0.000413  -0.008145  0.502010  0.764218  0.404915  -0.703980  0.089108  0.704608  0.502393  -0.638773  0.582727  -0.000978  0.000773  0.006142  0.000000  0.000000  0.000000  1.000000  
52.253234 0.003479  0.000414  -0.008139  0.501865  0.764187  0.405153  -0.704083  0.088866  0.704535  0.502393  -0.638843  0.582650  -0.001011  0.000747  0.006064  0.000000  0.000000  0.000000  1.000000  
52.254483 0.003478  0.000416  -0.008131  0.501865  0.764187  0.405153  -0.704083  0.088866  0.704535  0.502393  -0.638843  0.582650  -0.001042  0.000785  0.005969  0.000000  0.000000  0.000000  1.000000  
52.255486 0.003476  0.000417  -0.008126  0.501865  0.764187  0.405153  -0.704083  0.088866  0.704535  0.502393  -0.638843  0.582650  -0.001112  0.000792  0.005888  0.000000  0.000000  0.000000  1.000000  
52.256730 0.003474  0.000418  -0.008119  0.501865  0.764187  0.405153  -0.704083  0.088866  0.704535  0.502393  -0.638843  0.582650  -0.001156  0.000783  0.005824  0.000000  0.000000  0.000000  1.000000  
52.257984 0.003472  0.000419  -0.008113  0.501904  0.764088  0.405291  -0.704138  0.088850  0.704483  0.502277  -0.638964  0.582618  -0.001266  0.000828  0.006048  0.000000  0.000000  0.000000  1.000000  
52.259227 0.003469  0.000420  -0.008104  0.501759  0.764107  0.405436  -0.704241  0.088692  0.704399  0.502277  -0.638964  0.582618  -0.001383  0.000822  0.006414  0.000000  0.000000  0.000000  1.000000  
52.260475 0.003466  0.000420  -0.008094  0.501759  0.764058  0.405529  -0.704241  0.088607  0.704410  0.502277  -0.639034  0.582540  -0.001504  0.000831  0.006769  0.000000  0.000000  0.000000  1.000000  
52.261476 0.003464  0.000421  -0.008085  0.501759  0.764058  0.405529  -0.704241  0.088607  0.704410  0.502277  -0.639034  0.582540  -0.001559  0.000875  0.006988  0.000000  0.000000  0.000000  1.000000  
52.262726 0.003461  0.000422  -0.008076  0.501798  0.763959  0.405667  -0.704296  0.088591  0.704357  0.502161  -0.639155  0.582508  -0.001657  0.000867  0.006930  0.000000  0.000000  0.000000  1.000000  
52.263976 0.003459  0.000424  -0.008069  0.501653  0.763928  0.405904  -0.704399  0.088348  0.704284  0.502161  -0.639225  0.582430  -0.001694  0.000908  0.006727  0.000000  0.000000  0.000000  1.000000  
52.265226 0.003458  0.000426  -0.008063  0.501653  0.763928  0.405904  -0.704399  0.088348  0.704284  0.502161  -0.639225  0.582430  -0.001674  0.001001  0.006380  0.000000  0.000000  0.000000  1.000000  
52.266228 0.003456  0.000427  -0.008059  0.501653  0.763879  0.405997  -0.704399  0.088263  0.704295  0.502161  -0.639296  0.582353  -0.001697  0.001029  0.006125  0.000000  0.000000  0.000000  1.000000  
52.267478 0.003454  0.000429  -0.008054  0.501692  0.763780  0.406135  -0.704454  0.088247  0.704242  0.502046  -0.639416  0.582320  -0.001749  0.001035  0.005950  0.000000  0.000000  0.000000  1.000000  
52.268727 0.003452  0.000431  -0.008047  0.501692  0.763780  0.406135  -0.704454  0.088247  0.704242  0.502046  -0.639416  0.582320  -0.001830  0.001059  0.005878  0.000000  0.000000  0.000000  1.000000  
52.269735 0.003450  0.000433  -0.008041  0.501547  0.763748  0.406373  -0.704557  0.088005  0.704169  0.502046  -0.639487  0.582243  -0.001845  0.001124  0.005948  0.000000  0.000000  0.000000  1.000000  
52.270980 0.003447  0.000436  -0.008031  0.501586  0.763650  0.406510  -0.704612  0.087989  0.704117  0.501930  -0.639607  0.582210  -0.001890  0.001231  0.006135  0.000000  0.000000  0.000000  1.000000  
52.272230 0.003444  0.000438  -0.008022  0.501586  0.763650  0.406510  -0.704612  0.087989  0.704117  0.501930  -0.639607  0.582210  -0.001963  0.001243  0.006367  0.000000  0.000000  0.000000  1.000000  
52.273476 0.003441  0.000440  -0.008011  0.501586  0.763600  0.406603  -0.704612  0.087904  0.704127  0.501930  -0.639678  0.582133  -0.002003  0.001357  0.006547  0.000000  0.000000  0.000000  1.000000  
52.274728 0.003437  0.000442  -0.008002  0.501625  0.763501  0.406741  -0.704666  0.087888  0.704075  0.501814  -0.639798  0.582100  -0.002055  0.001463  0.006582  0.000000  0.000000  0.000000  1.000000  
52.275976 0.003435  0.000445  -0.007993  0.501625  0.763452  0.406833  -0.704666  0.087802  0.704085  0.501814  -0.639869  0.582023  -0.002031  0.001627  0.006406  0.000000  0.000000  0.000000  1.000000  
52.277226 0.003431  0.000448  -0.007986  0.501664  0.763353  0.406971  -0.704721  0.087787  0.704032  0.501699  -0.639989  0.581990  -0.002050  0.001778  0.006205  0.000000  0.000000  0.000000  1.000000  
52.278226 0.003430  0.000451  -0.007982  0.501664  0.763304  0.407064  -0.704721  0.087701  0.704043  0.501699  -0.640059  0.581913  -0.002040  0.001892  0.006056  0.000000  0.000000  0.000000  1.000000  
52.279483 0.003427  0.000454  -0.007976  0.501809  0.763236  0.407011  -0.704618  0.087773  0.704137  0.501699  -0.640130  0.581835  -0.002093  0.001945  0.006056  0.000000  0.000000  0.000000  1.000000  
52.280733 0.003424  0.000456  -0.007970  0.501809  0.763187  0.407104  -0.704618  0.087688  0.704148  0.501699  -0.640201  0.581757  -0.002155  0.002010  0.006109  0.000000  0.000000  0.000000  1.000000  
52.281976 0.003422  0.000459  -0.007961  0.501848  0.763088  0.407242  -0.704672  0.087672  0.704095  0.501583  -0.640321  0.581725  -0.002244  0.002037  0.006398  0.000000  0.000000  0.000000  1.000000  
52.282976 0.003419  0.000461  -0.007953  0.501848  0.762989  0.407427  -0.704672  0.087501  0.704117  0.501583  -0.640462  0.581570  -0.002232  0.002088  0.006572  0.000000  0.000000  0.000000  1.000000  
52.284226 0.003416  0.000464  -0.007943  0.501848  0.762939  0.407519  -0.704672  0.087416  0.704127  0.501583  -0.640533  0.581492  -0.002323  0.002121  0.006704  0.000000  0.000000  0.000000  1.000000  
52.285476 0.003412  0.000466  -0.007933  0.501848  0.762890  0.407612  -0.704672  0.087330  0.704138  0.501583  -0.640603  0.581414  -0.002399  0.002077  0.006755  0.000000  0.000000  0.000000  1.000000  
52.286482 0.003410  0.000467  -0.007928  0.501848  0.762791  0.407797  -0.704672  0.087160  0.704159  0.501583  -0.640744  0.581259  -0.002356  0.002096  0.006629  0.000000  0.000000  0.000000  1.000000  
52.287484 0.003408  0.000470  -0.007922  0.501848  0.762742  0.407889  -0.704672  0.087074  0.704170  0.501583  -0.640815  0.581181  -0.002370  0.002106  0.006477  0.000000  0.000000  0.000000  1.000000  
52.288731 0.003405  0.000472  -0.007915  0.501887  0.762642  0.408027  -0.704727  0.087059  0.704117  0.501467  -0.640935  0.581148  -0.002345  0.002146  0.006247  0.000000  0.000000  0.000000  1.000000  
52.289978 0.003402  0.000475  -0.007910  0.501887  0.762593  0.408120  -0.704727  0.086973  0.704127  0.501467  -0.641005  0.581071  -0.002307  0.002170  0.005965  0.000000  0.000000  0.000000  1.000000  
52.291227 0.003399  0.000478  -0.007902  0.502032  0.762476  0.408160  -0.704624  0.086959  0.704232  0.501467  -0.641146  0.580915  -0.002312  0.002178  0.006020  0.000000  0.000000  0.000000  1.000000  
52.292477 0.003396  0.000481  -0.007894  0.502032  0.762426  0.408252  -0.704624  0.086874  0.704243  0.501467  -0.641217  0.580837  -0.002365  0.002105  0.006118  0.000000  0.000000  0.000000  1.000000  
52.293726 0.003393  0.000484  -0.007885  0.502032  0.762327  0.408437  -0.704624  0.086703  0.704264  0.501467  -0.641358  0.580682  -0.002365  0.002108  0.006322  0.000000  0.000000  0.000000  1.000000  
52.294726 0.003391  0.000485  -0.007878  0.502032  0.762228  0.408622  -0.704624  0.086532  0.704285  0.501467  -0.641498  0.580526  -0.002361  0.002041  0.006445  0.000000  0.000000  0.000000  1.000000  
52.295729 0.003388  0.000487  -0.007869  0.502071  0.762129  0.408759  -0.704678  0.086517  0.704232  0.501351  -0.641619  0.580493  -0.002401  0.002018  0.006725  0.000000  0.000000  0.000000  1.000000  
52.296976 0.003385  0.000489  -0.007860  0.502216  0.762012  0.408799  -0.704575  0.086503  0.704337  0.501351  -0.641759  0.580338  -0.002462  0.001960  0.006724  0.000000  0.000000  0.000000  1.000000  
52.297978 0.003382  0.000490  -0.007854  0.502216  0.761962  0.408892  -0.704575  0.086417  0.704348  0.501351  -0.641830  0.580260  -0.002478  0.001907  0.006550  0.000000  0.000000  0.000000  1.000000  
52.299228 0.003379  0.000491  -0.007847  0.502216  0.761863  0.409077  -0.704575  0.086247  0.704369  0.501351  -0.641970  0.580104  -0.002434  0.001800  0.006367  0.000000  0.000000  0.000000  1.000000  
52.300239 0.003377  0.000492  -0.007843  0.502216  0.761764  0.409261  -0.704575  0.086076  0.704390  0.501351  -0.642111  0.579948  -0.002360  0.001787  0.006128  0.000000  0.000000  0.000000  1.000000  
52.301476 0.003375  0.000494  -0.007838  0.502361  0.761647  0.409301  -0.704472  0.086062  0.704495  0.501351  -0.642252  0.579793  -0.002309  0.001746  0.005982  0.000000  0.000000  0.000000  1.000000  
52.302483 0.003373  0.000495  -0.007834  0.502400  0.761498  0.409531  -0.704526  0.085961  0.704453  0.501235  -0.642442  0.579682  -0.002280  0.001655  0.005851  0.000000  0.000000  0.000000  1.000000  
52.303489 0.003372  0.000496  -0.007830  0.502400  0.761398  0.409716  -0.704526  0.085790  0.704473  0.501235  -0.642583  0.579526  -0.002225  0.001587  0.005786  0.000000  0.000000  0.000000  1.000000  
52.304729 0.003370  0.000497  -0.007823  0.502400  0.761299  0.409900  -0.704526  0.085619  0.704494  0.501235  -0.642723  0.579370  -0.002152  0.001521  0.005892  0.000000  0.000000  0.000000  1.000000  
52.305729 0.003368  0.000498  -0.007816  0.502545  0.761182  0.409940  -0.704423  0.085605  0.704599  0.501235  -0.642864  0.579214  -0.002140  0.001371  0.005932  0.000000  0.000000  0.000000  1.000000  
52.306730 0.003367  0.000499  -0.007810  0.502545  0.761132  0.410032  -0.704423  0.085519  0.704610  0.501235  -0.642934  0.579136  -0.002059  0.001285  0.005979  0.000000  0.000000  0.000000  1.000000  
52.307983 0.003365  0.000499  -0.007801  0.502584  0.760933  0.410354  -0.704477  0.085333  0.704578  0.501120  -0.643195  0.578947  -0.001962  0.001122  0.005943  0.000000  0.000000  0.000000  1.000000  
52.309227 0.003363  0.000500  -0.007795  0.502729  0.760816  0.410394  -0.704374  0.085319  0.704683  0.501120  -0.643335  0.578791  -0.001919  0.001016  0.005762  0.000000  0.000000  0.000000  1.000000  
52.310476 0.003361  0.000500  -0.007790  0.502729  0.760666  0.410671  -0.704374  0.085062  0.704714  0.501120  -0.643546  0.578557  -0.001845  0.000895  0.005488  0.000000  0.000000  0.000000  1.000000  
52.311485 0.003360  0.000501  -0.007786  0.502913  0.760499  0.410755  -0.704325  0.085118  0.704756  0.501004  -0.643736  0.578445  -0.001680  0.000897  0.005131  0.000000  0.000000  0.000000  1.000000  
52.312726 0.003359  0.000502  -0.007781  0.502913  0.760399  0.410939  -0.704325  0.084947  0.704777  0.501004  -0.643876  0.578289  -0.001625  0.000793  0.004922  0.000000  0.000000  0.000000  1.000000  
52.313976 0.003358  0.000503  -0.007777  0.503097  0.760232  0.411024  -0.704276  0.085002  0.704819  0.500888  -0.644066  0.578178  -0.001505  0.000793  0.004713  0.000000  0.000000  0.000000  1.000000  
52.315225 0.003356  0.000504  -0.007772  0.503097  0.760083  0.411300  -0.704276  0.084746  0.704850  0.500888  -0.644277  0.577943  -0.001412  0.000755  0.004738  0.000000  0.000000  0.000000  1.000000  
52.316226 0.003355  0.000504  -0.007767  0.503242  0.759965  0.411340  -0.704172  0.084731  0.704955  0.500888  -0.644417  0.577787  -0.001407  0.000688  0.004858  0.000000  0.000000  0.000000  1.000000  
52.317228 0.003354  0.000504  -0.007761  0.503281  0.759815  0.411569  -0.704227  0.084631  0.704913  0.500772  -0.644607  0.577675  -0.001328  0.000665  0.004934  0.000000  0.000000  0.000000  1.000000  
52.318476 0.003352  0.000504  -0.007754  0.503426  0.759648  0.411700  -0.704123  0.084530  0.705028  0.500772  -0.644817  0.577441  -0.001338  0.000551  0.005083  0.000000  0.000000  0.000000  1.000000  
52.319490 0.003351  0.000505  -0.007748  0.503610  0.759431  0.411876  -0.704074  0.084500  0.705081  0.500656  -0.645077  0.577251  -0.001267  0.000527  0.005028  0.181359  0.023422  -0.063450  1.000000  
52.320729 0.003350  0.000505  -0.007742  0.503610  0.759281  0.412153  -0.704074  0.084244  0.705112  0.500656  -0.645287  0.577016  -0.001185  0.000516  0.004921  0.185478  0.023447  -0.063458  1.000000  
52.321752 0.003349  0.000505  -0.007739  0.503794  0.759113  0.412237  -0.704025  0.084299  0.705154  0.500541  -0.645477  0.576904  -0.001163  0.000423  0.004657  0.189418  0.020437  -0.066749  1.000000  
52.322979 0.003347  0.000505  -0.007736  0.503939  0.758996  0.412276  -0.703921  0.084285  0.705260  0.500541  -0.645617  0.576747  -0.001183  0.000397  0.004364  0.190169  0.024917  -0.070799  1.000000  
52.324226 0.003347  0.000506  -0.007733  0.503978  0.758795  0.412597  -0.703976  0.084098  0.705228  0.500425  -0.645877  0.576557  -0.001111  0.000385  0.004133  0.194275  0.021937  -0.074147  1.000000  
52.325226 0.003346  0.000507  -0.007730  0.504161  0.758628  0.412681  -0.703926  0.084154  0.705270  0.500309  -0.646067  0.576445  -0.001082  0.000417  0.004057  0.193277  0.023207  -0.080819  1.000000  
52.326476 0.003344  0.000508  -0.007725  0.504306  0.758460  0.412811  -0.703822  0.084053  0.705386  0.500309  -0.646276  0.576210  -0.001083  0.000417  0.004059  0.195498  0.030888  -0.082141  1.000000  
52.327483 0.003343  0.000508  -0.007722  0.504345  0.758310  0.413040  -0.703877  0.083952  0.705343  0.500193  -0.646466  0.576098  -0.001056  0.000442  0.003994  0.198973  0.023449  -0.081483  1.000000  
52.328726 0.003341  0.000509  -0.007716  0.504529  0.758142  0.413124  -0.703827  0.084008  0.705386  0.500077  -0.646656  0.575985  -0.001115  0.000377  0.004150  0.195512  0.024926  -0.088826  1.000000  
52.329976 0.003340  0.000509  -0.007710  0.504713  0.757924  0.413299  -0.703778  0.083977  0.705439  0.499961  -0.646915  0.575794  -0.001130  0.000392  0.004202  0.196217  0.026425  -0.096211  1.000000  
52.331226 0.003338  0.000510  -0.007704  0.504858  0.757806  0.413338  -0.703674  0.083962  0.705545  0.499961  -0.647055  0.575637  -0.001112  0.000447  0.004159  0.194507  0.026218  -0.095366  1.000000  
52.332228 0.003337  0.000511  -0.007700  0.504897  0.757605  0.413659  -0.703728  0.083776  0.705513  0.499845  -0.647314  0.575446  -0.001144  0.000421  0.004084  0.202671  0.023276  -0.098719  1.000000  
52.333478 0.003335  0.000512  -0.007697  0.505081  0.757437  0.413742  -0.703679  0.083831  0.705556  0.499730  -0.647504  0.575334  -0.001191  0.000460  0.003744  0.195191  0.027737  -0.102675  1.000000  
52.334478 0.003333  0.000512  -0.007695  0.505081  0.757286  0.414018  -0.703679  0.083574  0.705586  0.499730  -0.647713  0.575098  -0.001190  0.000474  0.003585  0.203237  0.027756  -0.102646  1.000000  
52.335483 0.003332  0.000512  -0.007693  0.505265  0.757118  0.414101  -0.703629  0.083629  0.705629  0.499614  -0.647903  0.574985  -0.001203  0.000478  0.003283  0.200821  0.025019  -0.106828  1.000000  
52.336484 0.003330  0.000512  -0.007691  0.505265  0.757018  0.414285  -0.703629  0.083458  0.705649  0.499614  -0.648042  0.574828  -0.001301  0.000455  0.003240  0.204895  0.025038  -0.106822  1.000000  
52.337735 0.003328  0.000513  -0.007689  0.505449  0.756799  0.414460  -0.703579  0.083428  0.705703  0.499498  -0.648301  0.574637  -0.001284  0.000502  0.003209  0.201455  0.029552  -0.110815  1.000000  
52.338978 0.003327  0.000514  -0.007685  0.505632  0.756631  0.414543  -0.703529  0.083483  0.705746  0.499382  -0.648491  0.574524  -0.001347  0.000505  0.003238  0.201468  0.026587  -0.114168  1.000000  
52.339980 0.003325  0.000514  -0.007681  0.505671  0.756429  0.414863  -0.703584  0.083296  0.705714  0.499266  -0.648750  0.574332  -0.001424  0.000461  0.003291  0.205534  0.023628  -0.117508  1.000000  
52.341229 0.003322  0.000514  -0.007676  0.505855  0.756261  0.414946  -0.703534  0.083351  0.705757  0.499150  -0.648939  0.574219  -0.001487  0.000464  0.003319  0.201539  0.023678  -0.117546  1.000000  
52.342477 0.003320  0.000515  -0.007671  0.505894  0.756059  0.415266  -0.703588  0.083165  0.705725  0.499034  -0.649198  0.574027  -0.001554  0.000428  0.003368  0.205570  0.020718  -0.120869  1.000000  
52.343483 0.003319  0.000516  -0.007667  0.506039  0.755941  0.415304  -0.703484  0.083149  0.705830  0.499034  -0.649337  0.573869  -0.001520  0.000500  0.003269  0.205530  0.020743  -0.120840  1.000000  
52.344726 0.003316  0.000517  -0.007664  0.506117  0.755689  0.415669  -0.703592  0.083034  0.705736  0.498802  -0.649646  0.573721  -0.001573  0.000494  0.003092  0.205585  0.017809  -0.124220  1.000000  
52.345976 0.003315  0.000518  -0.007661  0.506301  0.755469  0.415843  -0.703542  0.083003  0.705790  0.498686  -0.649905  0.573529  -0.001563  0.000548  0.002914  0.207935  0.014738  -0.126522  1.000000  
52.347226 0.003312  0.000519  -0.007660  0.506340  0.755318  0.416071  -0.703596  0.082902  0.705747  0.498570  -0.650094  0.573415  -0.001636  0.000583  0.002694  0.207966  0.014775  -0.126535  1.000000  
52.348479 0.003310  0.000520  -0.007656  0.506524  0.755098  0.416246  -0.703546  0.082872  0.705801  0.498454  -0.650353  0.573223  -0.001696  0.000566  0.002662  0.205597  0.014955  -0.127565  1.000000  
52.349726 0.003307  0.000521  -0.007653  0.506707  0.754879  0.416420  -0.703496  0.082841  0.705855  0.498338  -0.650611  0.573030  -0.001744  0.000574  0.002697  0.208053  0.011918  -0.129909  1.000000  
52.350726 0.003305  0.000521  -0.007651  0.506746  0.754727  0.416648  -0.703550  0.082740  0.705813  0.498222  -0.650800  0.572917  -0.001773  0.000603  0.002800  0.203947  0.008996  -0.133202  1.000000  
52.351729 0.003303  0.000522  -0.007646  0.506930  0.754507  0.416822  -0.703500  0.082709  0.705866  0.498106  -0.651059  0.572724  -0.001799  0.000670  0.003027  0.208144  0.009048  -0.133294  1.000000  
52.352733 0.003301  0.000523  -0.007643  0.506930  0.754406  0.417005  -0.703500  0.082538  0.705886  0.498106  -0.651198  0.572566  -0.001846  0.000676  0.003056  0.213154  0.004662  -0.130312  1.000000  
52.353978 0.003298  0.000523  -0.007639  0.507153  0.754136  0.417224  -0.703504  0.082578  0.705878  0.497874  -0.651506  0.572417  -0.001921  0.000633  0.003108  0.209734  0.006225  -0.137669  1.000000  
52.354979 0.003296  0.000524  -0.007636  0.507153  0.753984  0.417498  -0.703504  0.082321  0.705908  0.497874  -0.651715  0.572180  -0.001893  0.000665  0.003032  0.217265  0.004759  -0.130324  1.000000  
52.356229 0.003293  0.000524  -0.007633  0.507337  0.753764  0.417672  -0.703453  0.082290  0.705962  0.497758  -0.651973  0.571986  -0.001944  0.000659  0.002857  0.217277  0.001830  -0.133697  1.000000  
52.357476 0.003291  0.000525  -0.007632  0.507376  0.753561  0.417991  -0.703507  0.082104  0.705930  0.497642  -0.652231  0.571793  -0.001919  0.000697  0.002631  0.219593  0.001861  -0.132630  1.000000  
52.358476 0.003289  0.000525  -0.007631  0.507559  0.753391  0.418073  -0.703457  0.082159  0.705974  0.497526  -0.652420  0.571679  -0.001971  0.000630  0.002430  0.221396  0.001914  -0.133716  1.000000  
52.359485 0.003287  0.000526  -0.007630  0.507598  0.753188  0.418392  -0.703511  0.081973  0.705941  0.497410  -0.652678  0.571485  -0.001959  0.000658  0.002340  0.228860  -0.005514  -0.133078  1.000000  
52.360725 0.003285  0.000527  -0.007627  0.507782  0.752968  0.418565  -0.703460  0.081942  0.705995  0.497294  -0.652936  0.571291  -0.002003  0.000604  0.002354  0.227691  -0.000965  -0.135973  1.000000  
52.361726 0.003283  0.000528  -0.007624  0.507966  0.752798  0.418647  -0.703410  0.081996  0.706039  0.497178  -0.653124  0.571177  -0.002051  0.000567  0.002419  0.223628  -0.000918  -0.135958  1.000000  
52.362727 0.003281  0.000529  -0.007621  0.508005  0.752595  0.418966  -0.703463  0.081810  0.706007  0.497062  -0.653382  0.570983  -0.002047  0.000587  0.002481  0.233031  -0.008356  -0.136506  1.000000  
52.363976 0.003278  0.000529  -0.007617  0.508189  0.752374  0.419139  -0.703413  0.081779  0.706061  0.496946  -0.653640  0.570789  -0.002028  0.000566  0.002580  0.229600  -0.003799  -0.140482  1.000000  
52.364977 0.003275  0.000530  -0.007613  0.508372  0.752153  0.419312  -0.703362  0.081748  0.706116  0.496829  -0.653898  0.570594  -0.002062  0.000576  0.002624  0.233683  -0.003751  -0.140484  1.000000  
52.366228 0.003273  0.000531  -0.007610  0.508411  0.751950  0.419631  -0.703416  0.081562  0.706083  0.496713  -0.654156  0.570400  -0.002063  0.000576  0.002625  0.235817  -0.006622  -0.142685  1.000000  
52.367485 0.003270  0.000532  -0.007607  0.508595  0.751729  0.419804  -0.703365  0.081531  0.706138  0.496597  -0.654413  0.570206  -0.002052  0.000629  0.002445  0.233701  -0.006610  -0.143872  1.000000  
52.368728 0.003267  0.000533  -0.007604  0.508779  0.751508  0.419976  -0.703314  0.081499  0.706192  0.496481  -0.654671  0.570011  -0.002084  0.000689  0.002308  0.235824  -0.006507  -0.142689  1.000000  
52.369732 0.003266  0.000533  -0.007604  0.508962  0.751338  0.420058  -0.703263  0.081554  0.706236  0.496365  -0.654859  0.569896  -0.002074  0.000656  0.002190  0.230266  -0.002002  -0.147835  1.000000  
52.370980 0.003263  0.000535  -0.007602  0.509146  0.751117  0.420231  -0.703212  0.081522  0.706291  0.496249  -0.655117  0.569701  -0.002031  0.000736  0.002088  0.234367  -0.001952  -0.147847  1.000000  
52.372233 0.003260  0.000536  -0.007600  0.509185  0.750861  0.420640  -0.703266  0.081251  0.706269  0.496133  -0.655443  0.569427  -0.002107  0.000691  0.002140  0.238420  -0.001883  -0.147830  1.000000  
52.373476 0.003257  0.000537  -0.007599  0.509369  0.750640  0.420812  -0.703215  0.081219  0.706323  0.496016  -0.655700  0.569232  -0.002135  0.000744  0.002160  0.240582  -0.004760  -0.150018  1.000000  
52.374477 0.003255  0.000537  -0.007596  0.509552  0.750470  0.420894  -0.703164  0.081273  0.706368  0.495900  -0.655888  0.569116  -0.002165  0.000713  0.002237  0.235047  0.002735  -0.151822  1.000000  
52.375482 0.003252  0.000537  -0.007593  0.509697  0.750300  0.421021  -0.703059  0.081171  0.706484  0.495900  -0.656096  0.568877  -0.002262  0.000665  0.002273  0.239076  0.002780  -0.151790  1.000000  
52.376725 0.003248  0.000538  -0.007590  0.509736  0.750095  0.421339  -0.703113  0.080985  0.706452  0.495784  -0.656353  0.568682  -0.002287  0.000657  0.002264  0.241192  0.002809  -0.150563  1.000000  
52.377726 0.003247  0.000539  -0.007589  0.509920  0.749925  0.421420  -0.703061  0.081039  0.706497  0.495668  -0.656541  0.568566  -0.002291  0.000663  0.002113  0.241244  0.002852  -0.150591  1.000000  
52.378976 0.003244  0.000540  -0.007588  0.510104  0.749652  0.421683  -0.703010  0.080922  0.706561  0.495552  -0.656867  0.568291  -0.002280  0.000716  0.001937  0.241856  0.007407  -0.154490  1.000000  
52.379976 0.003241  0.000540  -0.007587  0.510142  0.749498  0.421909  -0.703064  0.080821  0.706519  0.495435  -0.657055  0.568175  -0.002270  0.000707  0.001735  0.243261  0.002998  -0.151841  1.000000  
52.381230 0.003238  0.000541  -0.007587  0.510326  0.749276  0.422081  -0.703012  0.080790  0.706574  0.495319  -0.657312  0.567979  -0.002330  0.000683  0.001482  0.239882  0.007587  -0.155822  1.000000  
52.382476 0.003235  0.000542  -0.007587  0.510510  0.749054  0.422253  -0.702961  0.080758  0.706629  0.495203  -0.657568  0.567783  -0.002359  0.000681  0.001336  0.237907  0.007586  -0.154532  1.000000  
52.383483 0.003233  0.000543  -0.007586  0.510693  0.748883  0.422334  -0.702909  0.080812  0.706674  0.495087  -0.657756  0.567667  -0.002367  0.000662  0.001253  0.232325  0.012230  -0.159724  1.000000  
52.384728 0.003230  0.000544  -0.007584  0.510732  0.748678  0.422651  -0.702963  0.080626  0.706642  0.494970  -0.658013  0.567471  -0.002391  0.000716  0.001287  0.237882  0.007691  -0.154504  1.000000  
52.385730 0.003227  0.000545  -0.007583  0.510916  0.748456  0.422823  -0.702911  0.080594  0.706697  0.494854  -0.658269  0.567275  -0.002431  0.000666  0.001281  0.239882  0.007818  -0.155796  1.000000  
52.386733 0.003224  0.000546  -0.007582  0.510955  0.748301  0.423049  -0.702965  0.080494  0.706655  0.494738  -0.658457  0.567158  -0.002430  0.000728  0.001308  0.235797  0.007871  -0.155783  1.000000  
52.387734 0.003221  0.000546  -0.007580  0.511100  0.748182  0.423085  -0.702860  0.080477  0.706762  0.494738  -0.658595  0.566998  -0.002507  0.000683  0.001361  0.235793  0.010860  -0.152382  1.000000  
52.388979 0.003218  0.000547  -0.007578  0.511322  0.747856  0.423391  -0.702861  0.080430  0.706765  0.494505  -0.658970  0.566765  -0.002541  0.000657  0.001284  0.236480  0.012525  -0.159734  1.000000  
52.390227 0.003214  0.000547  -0.007578  0.511361  0.747650  0.423708  -0.702915  0.080244  0.706733  0.494389  -0.659227  0.566568  -0.002583  0.000675  0.001041  0.239951  0.008051  -0.155814  1.000000  
52.391230 0.003211  0.000548  -0.007578  0.511545  0.747479  0.423789  -0.702863  0.080298  0.706778  0.494273  -0.659414  0.566452  -0.002567  0.000689  0.000877  0.235874  0.008104  -0.155808  1.000000  
52.392477 0.003208  0.000548  -0.007580  0.511584  0.747273  0.424105  -0.702916  0.080112  0.706746  0.494156  -0.659670  0.566255  -0.002605  0.000669  0.000647  0.235898  0.008167  -0.155816  1.000000  
52.393726 0.003205  0.000549  -0.007581  0.511767  0.747102  0.424186  -0.702865  0.080166  0.706792  0.494040  -0.659858  0.566138  -0.002566  0.000663  0.000486  0.231840  0.008221  -0.155822  1.000000  
52.394726 0.003202  0.000549  -0.007582  0.511806  0.746895  0.424502  -0.702918  0.079980  0.706760  0.493924  -0.660114  0.565941  -0.002642  0.000586  0.000391  0.233991  0.005285  -0.157919  1.000000  
52.395976 0.003199  0.000550  -0.007581  0.512029  0.746672  0.424627  -0.702919  0.080105  0.706744  0.493691  -0.660352  0.565866  -0.002643  0.000586  0.000391  0.227813  0.005400  -0.159242  1.000000  
52.397227 0.003196  0.000550  -0.007581  0.512068  0.746465  0.424943  -0.702973  0.079920  0.706712  0.493575  -0.660608  0.565669  -0.002646  0.000503  0.000334  0.231301  0.000914  -0.155347  1.000000  
52.398476 0.003193  0.000550  -0.007581  0.512251  0.746294  0.425023  -0.702921  0.079973  0.706758  0.493458  -0.660795  0.565552  -0.002661  0.000457  0.000358  0.227189  0.000967  -0.155319  1.000000  
52.399482 0.003190  0.000550  -0.007580  0.512290  0.746138  0.425249  -0.702974  0.079873  0.706716  0.493342  -0.660982  0.565434  -0.002689  0.000387  0.000285  0.225315  -0.001915  -0.157413  1.000000  
52.400726 0.003187  0.000550  -0.007580  0.512512  0.745863  0.425464  -0.702975  0.079913  0.706710  0.493109  -0.661289  0.565279  -0.002693  0.000308  0.000230  0.225341  -0.001846  -0.157423  1.000000  
52.401727 0.003184  0.000550  -0.007581  0.512551  0.745708  0.425689  -0.703029  0.079813  0.706669  0.492993  -0.661476  0.565162  -0.002697  0.000252  0.000052  0.228748  -0.009235  -0.156915  1.000000  
52.402733 0.003182  0.000550  -0.007581  0.512735  0.745536  0.425769  -0.702976  0.079866  0.706715  0.492876  -0.661663  0.565044  -0.002653  0.000208  -0.000101  0.222463  -0.009247  -0.158196  1.000000  
52.403979 0.003178  0.000549  -0.007583  0.512813  0.745328  0.426039  -0.703083  0.079838  0.706612  0.492644  -0.661900  0.564969  -0.002627  0.000185  -0.000355  0.221848  -0.016685  -0.157706  1.000000  
52.405230 0.003176  0.000550  -0.007584  0.512851  0.745121  0.426355  -0.703136  0.079652  0.706580  0.492527  -0.662156  0.564771  -0.002546  0.000120  -0.000443  0.225304  -0.021185  -0.153811  1.000000  
52.406479 0.003172  0.000549  -0.007585  0.513074  0.744896  0.426479  -0.703137  0.079778  0.706565  0.492294  -0.662393  0.564696  -0.002561  0.000072  -0.000419  0.217788  -0.019496  -0.161130  1.000000  
52.407483 0.003170  0.000549  -0.007586  0.513113  0.744741  0.426704  -0.703190  0.079678  0.706523  0.492178  -0.662580  0.564578  -0.002512  0.000084  -0.000394  0.221192  -0.024013  -0.157200  1.000000  
52.408727 0.003167  0.000549  -0.007586  0.513296  0.744568  0.426784  -0.703138  0.079731  0.706569  0.492061  -0.662767  0.564460  -0.002556  0.000004  -0.000292  0.213092  -0.023956  -0.157243  1.000000  
