1-Time 2-Px 3-Py 4-Pz 5-R11 6-R21 7-R31 8-R12 9-R22 10-R32 11-R13 12-R23 13-R33 14-Vx 15-Vy 16-Vz 17-Wx 18-Wy 19-Wz 20-state
114.130510 0.005354  0.007502  -0.047545  0.338906  0.375969  0.862433  -0.869654  0.474929  0.134703  -0.358951  -0.795669  0.487919  -0.000408  -0.000666  -0.001288  -0.575271  -0.741376  0.445699  1.000000  
114.131528 0.005353  0.007499  -0.047546  0.338368  0.376471  0.862425  -0.869863  0.474730  0.134055  -0.358951  -0.795551  0.488112  -0.002117  -0.003341  -0.001917  -0.577395  -0.741688  0.446093  1.000000  
114.132529 0.005351  0.007489  -0.047519  0.337993  0.376837  0.862412  -0.869957  0.474706  0.133524  -0.359076  -0.795392  0.488280  -0.001581  -0.007289  0.014511  -0.576664  -0.733020  0.435734  1.000000  
114.133775 0.005350  0.007472  -0.047461  0.338010  0.377190  0.862251  -0.870002  0.474656  0.133412  -0.358951  -0.795255  0.488594  -0.001435  -0.009736  0.027822  -0.570009  -0.702587  0.422749  1.000000  
114.134775 0.005348  0.007462  -0.047423  0.338010  0.377399  0.862160  -0.870002  0.474688  0.133297  -0.358951  -0.795136  0.488787  -0.001446  -0.010000  0.030471  -0.561770  -0.675198  0.406232  1.000000  
114.135776 0.005345  0.007455  -0.047397  0.337473  0.377901  0.862150  -0.870211  0.474487  0.132649  -0.358951  -0.795018  0.488980  -0.001883  -0.009416  0.029411  -0.559251  -0.669562  0.403021  1.000000  
114.136776 0.005339  0.007448  -0.047383  0.336935  0.378403  0.862140  -0.870419  0.474286  0.132001  -0.358951  -0.794899  0.489173  -0.002491  -0.008861  0.026895  0.000000  0.000000  0.000000  1.000000  
114.138026 0.005327  0.007440  -0.047367  0.335843  0.379264  0.862188  -0.870790  0.473965  0.130703  -0.359076  -0.794680  0.489437  -0.003700  -0.008564  0.024499  0.000000  0.000000  0.000000  1.000000  
114.139276 0.005314  0.007429  -0.047350  0.334553  0.380289  0.862238  -0.871183  0.473679  0.129108  -0.359325  -0.794361  0.489772  -0.004756  -0.008546  0.022911  -0.493712  -0.486418  0.243708  1.000000  
114.140528 0.005308  0.007419  -0.047328  0.333980  0.380819  0.862226  -0.871299  0.473689  0.128281  -0.359575  -0.794100  0.490010  -0.004745  -0.008462  0.022191  -0.490455  -0.488622  0.220095  1.000000  
114.141776 0.005307  0.007408  -0.047300  0.333980  0.381028  0.862134  -0.871299  0.473720  0.128166  -0.359575  -0.793982  0.490203  -0.004261  -0.008491  0.022187  -0.456893  -0.433206  0.195197  1.000000  
114.142783 0.005303  0.007398  -0.047273  0.333818  0.381373  0.862044  -0.871413  0.473573  0.127935  -0.359450  -0.793904  0.490421  -0.004256  -0.008663  0.022621  -0.444909  -0.404660  0.196753  1.000000  
114.144031 0.005293  0.007382  -0.047235  0.332955  0.382145  0.862036  -0.871846  0.473013  0.127055  -0.359201  -0.793866  0.490664  -0.004618  -0.009021  0.023380  -0.449143  -0.417679  0.233447  1.000000  
114.145280 0.005279  0.007365  -0.047192  0.331519  0.383028  0.862197  -0.872393  0.472398  0.125578  -0.359201  -0.793807  0.490760  -0.005209  -0.009429  0.024306  -0.459621  -0.471938  0.268928  1.000000  
114.146529 0.005264  0.007342  -0.047142  0.330604  0.383477  0.862350  -0.872689  0.472103  0.124629  -0.359325  -0.793766  0.490735  -0.005950  -0.010549  0.027218  -0.446663  -0.490858  0.272326  1.000000  
114.147530 0.005253  0.007320  -0.047093  0.330031  0.383693  0.862473  -0.872803  0.472065  0.123974  -0.359575  -0.793684  0.490684  -0.006664  -0.011279  0.028202  -0.433295  -0.499169  0.260482  1.000000  
114.148776 0.005240  0.007292  -0.047034  0.329654  0.383641  0.862640  -0.872894  0.471976  0.123672  -0.359700  -0.793762  0.490467  -0.007405  -0.012072  0.028164  -0.398105  -0.486728  0.247260  1.000000  
114.149777 0.005230  0.007273  -0.046997  0.329115  0.383932  0.862716  -0.873097  0.471739  0.123139  -0.359700  -0.793762  0.490467  -0.007980  -0.012628  0.028274  -0.388803  -0.486903  0.250126  1.000000  
114.151027 0.005212  0.007255  -0.046965  0.328250  0.384492  0.862796  -0.873526  0.471145  0.122374  -0.359450  -0.793844  0.490517  -0.008846  -0.013295  0.028745  -0.383004  -0.490350  0.270817  1.000000  
114.152028 0.005193  0.007243  -0.046941  0.327564  0.385059  0.862804  -0.873886  0.470644  0.121729  -0.359201  -0.793866  0.490664  -0.009658  -0.013671  0.029540  -0.384520  -0.491466  0.287785  1.000000  
114.153028 0.005171  0.007229  -0.046908  0.327041  0.385387  0.862856  -0.874133  0.470306  0.121257  -0.359076  -0.793907  0.490689  -0.010370  -0.014086  0.030851  -0.377160  -0.488287  0.293551  1.000000  
114.154277 0.005147  0.007212  -0.046849  0.326682  0.385685  0.862859  -0.874268  0.470162  0.120845  -0.359076  -0.793848  0.490786  -0.011125  -0.014573  0.033655  -0.368569  -0.476248  0.286554  1.000000  
114.155278 0.005134  0.007197  -0.046787  0.326322  0.385984  0.862862  -0.874402  0.470018  0.120433  -0.359076  -0.793788  0.490882  -0.011754  -0.015077  0.036668  -0.364505  -0.470143  0.283107  1.000000  
114.156529 0.005124  0.007179  -0.046697  0.325601  0.386580  0.862867  -0.874670  0.469729  0.119608  -0.359076  -0.793669  0.491074  -0.012434  -0.015515  0.040886  -0.367695  -0.472679  0.285058  1.000000  
114.157778 0.005109  0.007163  -0.046607  0.324718  0.387414  0.862826  -0.875050  0.469275  0.118611  -0.358951  -0.793531  0.491389  -0.012953  -0.015651  0.044401  -0.377805  -0.478464  0.294842  1.000000  
114.159034 0.005086  0.007149  -0.046531  0.323833  0.388248  0.862784  -0.875429  0.468819  0.117614  -0.358826  -0.793393  0.491703  -0.013829  -0.015644  0.047096  -0.386923  -0.483612  0.303697  1.000000  
114.160035 0.005065  0.007140  -0.046484  0.323489  0.388792  0.862668  -0.875607  0.468602  0.117150  -0.358701  -0.793255  0.492017  -0.014476  -0.015233  0.047979  -0.391133  -0.475808  0.304186  1.000000  
114.161284 0.005037  0.007133  -0.046439  0.322949  0.389499  0.862551  -0.875807  0.468418  0.116390  -0.358701  -0.793016  0.492401  -0.015396  -0.014167  0.047637  -0.392861  -0.467883  0.299360  1.000000  
114.162535 0.005011  0.007123  -0.046393  0.322408  0.390103  0.862481  -0.876006  0.468220  0.115686  -0.358701  -0.792837  0.492690  -0.016234  -0.012947  0.046601  -0.395313  -0.470812  0.306689  1.000000  
114.163781 0.004988  0.007108  -0.046342  0.321686  0.391011  0.862339  -0.876271  0.467968  0.114692  -0.358701  -0.792538  0.493171  -0.016894  -0.012116  0.046248  -0.417483  -0.495088  0.316695  1.000000  
114.165030 0.004970  0.007092  -0.046284  0.321161  0.391755  0.862197  -0.876515  0.467682  0.113995  -0.358576  -0.792339  0.493580  -0.017217  -0.011779  0.047366  -0.426516  -0.503621  0.327559  1.000000  
114.166277 0.004951  0.007077  -0.046226  0.320817  0.392402  0.862031  -0.876692  0.467476  0.113475  -0.358451  -0.792140  0.493990  -0.017144  -0.011703  0.049440  -0.429803  -0.490323  0.324875  1.000000  
114.167527 0.004930  0.007067  -0.046160  0.320456  0.392908  0.861935  -0.876824  0.467356  0.112950  -0.358451  -0.791961  0.494278  -0.016810  -0.011324  0.051091  -0.418226  -0.471228  0.318617  1.000000  
114.168534 0.004913  0.007057  -0.046100  0.320292  0.393354  0.861792  -0.876935  0.467217  0.112665  -0.358326  -0.791821  0.494592  -0.016447  -0.010949  0.052539  -0.409802  -0.438853  0.309310  1.000000  
114.169777 0.004897  0.007043  -0.046020  0.319947  0.394001  0.861625  -0.877112  0.467009  0.112145  -0.358201  -0.791622  0.495002  -0.016256  -0.010752  0.053351  -0.404081  -0.409749  0.307395  1.000000  
114.171027 0.004887  0.007029  -0.045945  0.319586  0.394820  0.861384  -0.877244  0.466928  0.111451  -0.358201  -0.791261  0.495578  -0.016048  -0.010521  0.052662  -0.421305  -0.418157  0.318245  1.000000  
114.172028 0.004883  0.007019  -0.045891  0.319422  0.395371  0.861192  -0.877355  0.466802  0.111109  -0.358076  -0.791061  0.495987  -0.015794  -0.010159  0.050935  -0.431862  -0.423540  0.321817  1.000000  
114.173277 0.004874  0.007012  -0.045831  0.319438  0.396138  0.860833  -0.877400  0.466796  0.110775  -0.357952  -0.790681  0.496684  -0.015122  -0.009679  0.049522  -0.445167  -0.403659  0.309263  1.000000  
114.174528 0.004860  0.007008  -0.045778  0.319438  0.396869  0.860497  -0.877400  0.466890  0.110379  -0.357952  -0.790259  0.497355  -0.014450  -0.009087  0.048533  -0.450702  -0.373340  0.285435  1.000000  
114.175777 0.004843  0.007006  -0.045724  0.319455  0.397740  0.860088  -0.877445  0.466898  0.109989  -0.357827  -0.789816  0.498147  -0.013704  -0.008651  0.048807  -0.461607  -0.332671  0.265582  1.000000  
114.176787 0.004832  0.007004  -0.045672  0.319471  0.398506  0.859727  -0.877489  0.466892  0.109655  -0.357702  -0.789433  0.498843  -0.012808  -0.008385  0.050184  -0.481495  -0.300704  0.262187  1.000000  
114.178032 0.004824  0.006998  -0.045593  0.319307  0.399681  0.859243  -0.877600  0.466843  0.108974  -0.357577  -0.788868  0.499826  -0.011665  -0.007881  0.052199  -0.523904  -0.287937  0.270369  1.000000  
114.179034 0.004821  0.006990  -0.045521  0.319290  0.400478  0.858878  -0.877555  0.467048  0.108458  -0.357702  -0.788342  0.500566  -0.010774  -0.007520  0.054082  -0.551231  -0.277031  0.257750  1.000000  
114.180283 0.004817  0.006980  -0.045427  0.319455  0.401387  0.858392  -0.877445  0.467361  0.108005  -0.357827  -0.787694  0.501496  -0.009892  -0.007149  0.056533  -0.581514  -0.253449  0.227978  1.000000  
114.181288 0.004810  0.006974  -0.045359  0.319619  0.402088  0.858003  -0.877334  0.467647  0.107665  -0.357952  -0.787167  0.502234  -0.009258  -0.006807  0.057940  -0.602398  -0.231033  0.203541  1.000000  
114.182527 0.004798  0.006970  -0.045285  0.319619  0.403024  0.857564  -0.877334  0.467764  0.107155  -0.357952  -0.786618  0.503093  -0.008792  -0.006462  0.058342  -0.621892  -0.217314  0.184066  1.000000  
114.183527 0.004788  0.006968  -0.045235  0.319799  0.403760  0.857150  -0.877268  0.467951  0.106877  -0.357952  -0.786130  0.503856  -0.008302  -0.005960  0.057683  -0.640214  -0.195478  0.170491  1.000000  
114.184534 0.004782  0.006965  -0.045188  0.319799  0.404488  0.856807  -0.877268  0.468042  0.106480  -0.357952  -0.785701  0.504524  -0.007752  -0.005273  0.056327  -0.664923  -0.186058  0.165088  1.000000  
114.185777 0.004778  0.006959  -0.045131  0.319980  0.405430  0.856294  -0.877202  0.468254  0.106088  -0.357952  -0.785089  0.505476  -0.007405  -0.004727  0.055179  -0.691856  -0.164141  0.151461  1.000000  
114.187028 0.004776  0.006952  -0.045064  0.320341  0.406172  0.855807  -0.877070  0.468537  0.105930  -0.357952  -0.784537  0.506333  -0.007076  -0.004519  0.055130  -0.698925  -0.128211  0.123614  1.000000  
114.188277 0.004774  0.006942  -0.044987  0.320325  0.406966  0.855436  -0.877025  0.468738  0.105411  -0.358076  -0.784005  0.507068  -0.006682  -0.004630  0.056280  -0.707545  -0.110190  0.101422  1.000000  
114.189527 0.004766  0.006930  -0.044902  0.320325  0.407900  0.854991  -0.877025  0.468853  0.104899  -0.358076  -0.783451  0.507924  -0.006238  -0.005176  0.058431  -0.718096  -0.090883  0.084042  1.000000  
114.190527 0.004758  0.006919  -0.044832  0.320325  0.408626  0.854644  -0.877025  0.468942  0.104501  -0.358076  -0.783019  0.508589  -0.005784  -0.005871  0.060466  -0.733461  -0.080023  0.077229  1.000000  
114.191529 0.004750  0.006908  -0.044761  0.320505  0.409151  0.854325  -0.876959  0.469102  0.104336  -0.358076  -0.782649  0.509158  -0.005603  -0.006412  0.061686  -0.737680  -0.058819  0.064043  1.000000  
114.192542 0.004744  0.006898  -0.044690  0.320505  0.409876  0.853978  -0.876959  0.469190  0.103937  -0.358076  -0.782216  0.509823  -0.005524  -0.006849  0.062342  -0.746126  -0.042404  0.053639  1.000000  
114.193783 0.004736  0.006886  -0.044600  0.320686  0.410712  0.853508  -0.876893  0.469388  0.103601  -0.358076  -0.781659  0.510676  -0.005746  -0.007094  0.062483  -0.752650  -0.020584  0.039793  1.000000  
114.195033 0.004728  0.006875  -0.044514  0.320505  0.411740  0.853081  -0.876959  0.469416  0.102913  -0.358076  -0.781101  0.511529  -0.006015  -0.007171  0.062125  -0.765646  -0.006646  0.025590  1.000000  
114.196281 0.004717  0.006866  -0.044437  0.320489  0.412738  0.852604  -0.876914  0.469639  0.102279  -0.358201  -0.780440  0.512450  -0.006231  -0.007244  0.061458  -0.785151  -0.000592  0.011057  1.000000  
114.197527 0.004702  0.006860  -0.044367  0.320489  0.413669  0.852153  -0.876914  0.469750  0.101766  -0.358201  -0.779880  0.513302  -0.006304  -0.007395  0.061347  -0.807228  0.004854  0.007572  1.000000  
114.198530 0.004690  0.006857  -0.044308  0.320472  0.414356  0.851825  -0.876869  0.469934  0.101303  -0.358326  -0.779404  0.513937  -0.006548  -0.007490  0.061973  -0.818443  0.005393  -0.003461  1.000000  
114.199777 0.004678  0.006852  -0.044223  0.320456  0.415354  0.851346  -0.876824  0.470155  0.100668  -0.358451  -0.778740  0.514856  -0.006921  -0.007518  0.063881  -0.840553  0.011435  -0.018048  1.000000  
114.200780 0.004671  0.006844  -0.044144  0.320439  0.416041  0.851016  -0.876779  0.470338  0.100204  -0.358576  -0.778263  0.515490  -0.007286  -0.007714  0.066033  -0.843746  0.019847  -0.028834  1.000000  
114.202028 0.004664  0.006832  -0.044034  0.320243  0.417030  0.850606  -0.876800  0.470459  0.099450  -0.358701  -0.777659  0.516313  -0.007531  -0.008000  0.068721  -0.857007  0.014824  -0.036107  1.000000  
114.203278 0.004655  0.006817  -0.043922  0.320210  0.417991  0.850147  -0.876710  0.470774  0.098750  -0.358951  -0.776953  0.517203  -0.007948  -0.008356  0.071082  -0.872285  0.007580  -0.047751  1.000000  
114.204278 0.004646  0.006804  -0.043839  0.320193  0.418677  0.849815  -0.876665  0.470955  0.098285  -0.359076  -0.776473  0.517836  -0.008153  -0.008551  0.072058  -0.876418  0.005096  -0.051535  1.000000  
114.205528 0.004632  0.006789  -0.043744  0.320177  0.419465  0.849433  -0.876620  0.471148  0.097763  -0.359201  -0.775930  0.518562  -0.008397  -0.008644  0.072508  -0.876421  0.000147  -0.059084  1.000000  
114.206528 0.004620  0.006779  -0.043677  0.320160  0.420048  0.849151  -0.876574  0.471317  0.097354  -0.359325  -0.775513  0.519100  -0.008651  -0.008620  0.072321  -0.873385  -0.004757  -0.066086  1.000000  
114.207778 0.004609  0.006766  -0.043593  0.320127  0.420801  0.848791  -0.876484  0.471606  0.096766  -0.359575  -0.774929  0.519799  -0.008899  -0.008662  0.071936  -0.862683  -0.006769  -0.080778  1.000000  
114.208779 0.004602  0.006755  -0.043523  0.320127  0.421418  0.848484  -0.876484  0.471676  0.096423  -0.359575  -0.774550  0.520363  -0.008976  -0.008753  0.071819  -0.854554  -0.004400  -0.077033  1.000000  
114.209786 0.004597  0.006742  -0.043447  0.320111  0.422000  0.848201  -0.876439  0.471843  0.096014  -0.359700  -0.774132  0.520899  -0.008894  -0.008959  0.072329  -0.847801  -0.009917  -0.074129  1.000000  
114.211034 0.004590  0.006727  -0.043345  0.320094  0.422787  0.847815  -0.876394  0.472034  0.095491  -0.359825  -0.773586  0.521623  -0.008610  -0.009411  0.074009  -0.842319  -0.015404  -0.070590  1.000000  
114.212284 0.004581  0.006714  -0.043239  0.320061  0.423539  0.847452  -0.876303  0.472320  0.094901  -0.360074  -0.773000  0.522320  -0.008214  -0.009910  0.076462  -0.837911  -0.020412  -0.078060  1.000000  
114.213531 0.004572  0.006702  -0.043129  0.320028  0.424290  0.847089  -0.876213  0.472606  0.094312  -0.360324  -0.772413  0.523016  -0.007821  -0.010417  0.078897  -0.832298  -0.030840  -0.081999  1.000000  
114.214776 0.004565  0.006690  -0.043014  0.319995  0.425041  0.846725  -0.876122  0.472892  0.093721  -0.360574  -0.771825  0.523711  -0.007532  -0.010792  0.080642  -0.830883  -0.041279  -0.085930  1.000000  
114.215778 0.004559  0.006680  -0.042921  0.320142  0.425489  0.846444  -0.875966  0.473241  0.093420  -0.360823  -0.771364  0.524218  -0.007442  -0.010995  0.081513  -0.826710  -0.046306  -0.093388  1.000000  
114.216780 0.004554  0.006669  -0.042830  0.320126  0.426172  0.846107  -0.875920  0.473417  0.092952  -0.360948  -0.770878  0.524846  -0.007455  -0.011012  0.081577  -0.825141  -0.054259  -0.093529  1.000000  
114.218028 0.004545  0.006659  -0.042720  0.320273  0.426927  0.845670  -0.875763  0.473800  0.092477  -0.361198  -0.770225  0.525633  -0.007464  -0.010729  0.081462  -0.826762  -0.051469  -0.100796  1.000000  
114.219028 0.004537  0.006652  -0.042639  0.320420  0.427477  0.845337  -0.875607  0.474160  0.092116  -0.361447  -0.769699  0.526232  -0.007339  -0.010292  0.081324  -0.825573  -0.050730  -0.110903  1.000000  
114.220277 0.004526  0.006645  -0.042542  0.320567  0.428334  0.844848  -0.875450  0.474553  0.091583  -0.361697  -0.768980  0.527110  -0.007206  -0.009806  0.081553  -0.825863  -0.050918  -0.122825  1.000000  
114.221528 0.004514  0.006638  -0.042439  0.320697  0.428949  0.844486  -0.875247  0.475019  0.091097  -0.362071  -0.768348  0.527774  -0.007108  -0.009399  0.082488  -0.827106  -0.058038  -0.132888  1.000000  
114.222777 0.004504  0.006629  -0.042327  0.320844  0.429805  0.843995  -0.875090  0.475411  0.090562  -0.362320  -0.767628  0.528651  -0.006945  -0.009117  0.084420  -0.828798  -0.057850  -0.143816  1.000000  
114.223778 0.004497  0.006621  -0.042228  0.321007  0.430490  0.843583  -0.874979  0.475683  0.090207  -0.362445  -0.767075  0.529368  -0.006978  -0.008920  0.086299  -0.832826  -0.060467  -0.147464  1.000000  
114.224782 0.004491  0.006612  -0.042123  0.321154  0.431140  0.843195  -0.874822  0.476052  0.089786  -0.362694  -0.766481  0.530057  -0.007067  -0.008668  0.088259  -0.830631  -0.055433  -0.163289  1.000000  
114.226043 0.004482  0.006603  -0.041991  0.321301  0.431994  0.842702  -0.874664  0.476442  0.089249  -0.362944  -0.765757  0.530931  -0.007143  -0.008165  0.090266  -0.827721  -0.052773  -0.170475  1.000000  
114.227285 0.004472  0.006596  -0.041871  0.321447  0.432847  0.842209  -0.874507  0.476831  0.088711  -0.363193  -0.765033  0.531804  -0.007269  -0.007772  0.091259  -0.829475  -0.052678  -0.181514  1.000000  
114.228534 0.004460  0.006591  -0.041763  0.321594  0.433699  0.841714  -0.874350  0.477220  0.088172  -0.363442  -0.764308  0.532676  -0.007505  -0.007369  0.090998  -0.831076  -0.050076  -0.188801  1.000000  
114.229536 0.004450  0.006587  -0.041681  0.321740  0.434347  0.841324  -0.874192  0.477586  0.087748  -0.363692  -0.763711  0.533361  -0.007783  -0.006981  0.090330  -0.828501  -0.047451  -0.196080  1.000000  
114.230778 0.004435  0.006582  -0.041578  0.321886  0.435402  0.840722  -0.874034  0.477995  0.087091  -0.363941  -0.762854  0.534417  -0.008289  -0.006437  0.089542  -0.839602  -0.044523  -0.201745  1.000000  
114.231781 0.004424  0.006578  -0.041493  0.322212  0.436154  0.840207  -0.873810  0.478471  0.086723  -0.364190  -0.762125  0.535285  -0.008688  -0.006041  0.089060  -0.843060  -0.031681  -0.217977  1.000000  
114.233027 0.004410  0.006573  -0.041385  0.322359  0.437208  0.839604  -0.873653  0.478878  0.086065  -0.364439  -0.761266  0.536338  -0.008982  -0.005678  0.089044  -0.849804  -0.028930  -0.223438  1.000000  
114.234028 0.004399  0.006570  -0.041296  0.322522  0.438092  0.839080  -0.873540  0.479168  0.085589  -0.364564  -0.760575  0.537233  -0.009201  -0.005434  0.089745  -0.858487  -0.021575  -0.225218  1.000000  
114.235277 0.004383  0.006567  -0.041182  0.322668  0.439144  0.838474  -0.873383  0.479573  0.084929  -0.364813  -0.759712  0.538283  -0.009517  -0.005207  0.090661  -0.872282  -0.019092  -0.232553  1.000000  
114.236278 0.004369  0.006564  -0.041085  0.322813  0.440093  0.837920  -0.873224  0.479967  0.084326  -0.365062  -0.758914  0.539240  -0.009803  -0.005004  0.091807  -0.890136  -0.016583  -0.239892  1.000000  
114.237527 0.004352  0.006562  -0.040962  0.323139  0.441146  0.837241  -0.873000  0.480471  0.083778  -0.365311  -0.757983  0.540379  -0.010310  -0.004560  0.092566  -0.905478  -0.006289  -0.247203  1.000000  
114.238777 0.004337  0.006561  -0.040839  0.323464  0.442298  0.836506  -0.872775  0.480985  0.083171  -0.365560  -0.756985  0.541608  -0.010673  -0.003955  0.092596  -0.925340  -0.001112  -0.259767  1.000000  
114.240028 0.004323  0.006562  -0.040722  0.323790  0.443450  0.835771  -0.872550  0.481498  0.082562  -0.365810  -0.755984  0.542836  -0.011138  -0.003123  0.091307  -0.944796  0.006489  -0.270782  1.000000  
114.241277 0.004308  0.006564  -0.040613  0.324115  0.444701  0.834979  -0.872325  0.482020  0.081893  -0.366059  -0.754916  0.544153  -0.011451  -0.002475  0.090314  -0.967886  0.016587  -0.278044  1.000000  
114.242284 0.004295  0.006567  -0.040530  0.324440  0.445647  0.834349  -0.872099  0.482511  0.081398  -0.366308  -0.754044  0.545194  -0.011770  -0.001931  0.089385  -0.987055  0.024196  -0.289017  1.000000  
114.243538 0.004278  0.006571  -0.040429  0.324765  0.446895  0.833554  -0.871874  0.483031  0.080726  -0.366557  -0.752971  0.546508  -0.012170  -0.001255  0.088991  -1.014385  0.037083  -0.295091  1.000000  
114.244783 0.004260  0.006575  -0.040324  0.325072  0.448106  0.832784  -0.871602  0.483645  0.079984  -0.366930  -0.751857  0.547790  -0.012439  -0.000708  0.089180  -1.040465  0.039339  -0.302552  1.000000  
114.245784 0.004248  0.006575  -0.040232  0.325576  0.448848  0.832187  -0.871309  0.484217  0.079715  -0.367179  -0.751046  0.548735  -0.012518  -0.000398  0.089730  -1.049138  0.052204  -0.317389  1.000000  
114.247035 0.004234  0.006574  -0.040110  0.325883  0.450056  0.831414  -0.871037  0.484828  0.078969  -0.367552  -0.749927  0.550013  -0.012526  -0.000109  0.090776  -1.075039  0.054400  -0.324826  1.000000  
114.248289 0.004221  0.006572  -0.039987  0.326369  0.451163  0.830623  -0.870697  0.485531  0.078393  -0.367925  -0.748806  0.551289  -0.012485  0.000023  0.091686  -1.091689  0.067056  -0.339686  1.000000  
114.249529 0.004205  0.006569  -0.039870  0.326855  0.452268  0.829831  -0.870357  0.486234  0.077814  -0.368299  -0.747683  0.552563  -0.012490  0.000074  0.092071  -1.106315  0.073860  -0.348131  1.000000  
114.250777 0.004189  0.006569  -0.039761  0.327323  0.453437  0.829008  -0.869971  0.487038  0.077105  -0.368796  -0.746451  0.553895  -0.012493  0.000226  0.091521  -1.130738  0.081734  -0.362272  1.000000  
114.251779 0.004176  0.006569  -0.039678  0.327629  0.454437  0.828339  -0.869697  0.487626  0.076469  -0.369169  -0.745458  0.554983  -0.012400  0.000434  0.090404  -1.152535  0.083883  -0.369743  1.000000  
114.253031 0.004162  0.006570  -0.039576  0.328293  0.455637  0.827417  -0.869288  0.488438  0.075936  -0.369542  -0.744193  0.556431  -0.012302  0.000619  0.088935  -1.173285  0.096309  -0.384750  1.000000  
114.254278 0.004150  0.006572  -0.039472  0.328759  0.456900  0.826535  -0.868900  0.489247  0.075160  -0.370040  -0.742886  0.557845  -0.012060  0.000680  0.087987  -1.197028  0.100862  -0.399838  1.000000  
114.255527 0.004140  0.006572  -0.039364  0.329226  0.458260  0.825596  -0.868512  0.490065  0.074321  -0.370537  -0.741508  0.559346  -0.011878  0.000605  0.087599  -1.226714  0.100066  -0.410953  1.000000  
114.256534 0.004130  0.006572  -0.039272  0.329692  0.459218  0.824877  -0.868123  0.490845  0.073718  -0.371034  -0.740399  0.560485  -0.011656  0.000428  0.087976  -1.245974  0.101984  -0.429539  1.000000  
114.257778 0.004116  0.006573  -0.039155  0.330139  0.460439  0.824017  -0.867687  0.491742  0.072863  -0.371655  -0.739044  0.561860  -0.011467  0.000249  0.089063  -1.267028  0.102909  -0.444495  1.000000  
114.259033 0.004102  0.006572  -0.039034  0.330747  0.461620  0.823112  -0.867136  0.492834  0.072045  -0.372400  -0.737578  0.563291  -0.011229  -0.000039  0.090337  -1.291455  0.107024  -0.470271  1.000000  
114.260040 0.004091  0.006571  -0.038934  0.331212  0.462672  0.822334  -0.866745  0.493618  0.071373  -0.372897  -0.736394  0.564511  -0.011055  -0.000287  0.091143  -1.312890  0.112152  -0.489041  1.000000  
114.261283 0.004077  0.006568  -0.038808  0.331640  0.464050  0.821385  -0.866260  0.494619  0.070318  -0.373642  -0.734853  0.566024  -0.011001  -0.000457  0.091618  -1.336768  0.110927  -0.511564  1.000000  
114.262285 0.004066  0.006566  -0.038709  0.332281  0.464995  0.820590  -0.865800  0.495496  0.069810  -0.374138  -0.733664  0.567237  -0.011010  -0.000503  0.091621  -1.349022  0.120261  -0.530270  1.000000  
114.263533 0.004052  0.006566  -0.038590  0.332886  0.466266  0.819624  -0.865246  0.496589  0.068917  -0.374882  -0.732117  0.568742  -0.011056  -0.000334  0.091534  -1.372013  0.118802  -0.552471  1.000000  
114.264777 0.004036  0.006566  -0.038481  0.333668  0.467431  0.818641  -0.864621  0.497775  0.068188  -0.375626  -0.730567  0.570243  -0.011036  -0.000147  0.091191  -1.386898  0.123972  -0.581258  1.000000  
114.265779 0.004022  0.006568  -0.038396  0.334112  0.468535  0.817829  -0.864181  0.498651  0.067370  -0.376246  -0.729261  0.571504  -0.011070  -0.000055  0.091175  -1.405380  0.126144  -0.604788  1.000000  
114.267027 0.004004  0.006568  -0.038285  0.334892  0.469793  0.816788  -0.863554  0.499842  0.066572  -0.376990  -0.727635  0.573085  -0.011193  -0.000085  0.091529  -1.419672  0.133597  -0.629509  1.000000  
114.268277 0.003989  0.006567  -0.038165  0.335315  0.471154  0.815829  -0.863065  0.500829  0.065493  -0.377733  -0.726075  0.574572  -0.011389  -0.000310  0.092825  -1.441109  0.126660  -0.647790  1.000000  
114.269277 0.003977  0.006564  -0.038063  0.335952  0.472084  0.815029  -0.862600  0.501698  0.064966  -0.378229  -0.724870  0.575766  -0.011523  -0.000486  0.093906  -1.449452  0.135461  -0.666587  1.000000  
114.270278 0.003966  0.006561  -0.037960  0.336393  0.473179  0.814212  -0.862157  0.502566  0.064135  -0.378848  -0.723553  0.577014  -0.011759  -0.000740  0.095164  -1.465709  0.127132  -0.683254  1.000000  
114.271527 0.003952  0.006558  -0.037831  0.337010  0.474366  0.813266  -0.861643  0.503546  0.063347  -0.379467  -0.722093  0.578434  -0.011902  -0.000955  0.096149  -1.469699  0.131860  -0.699884  1.000000  
114.272533 0.003939  0.006554  -0.037730  0.337450  0.475357  0.812504  -0.861198  0.504403  0.062571  -0.380086  -0.720842  0.579588  -0.012036  -0.001258  0.096595  -1.481719  0.123410  -0.716634  1.000000  
114.273777 0.003920  0.006550  -0.037610  0.338066  0.476637  0.811498  -0.860683  0.505387  0.061715  -0.380705  -0.719306  0.581087  -0.012332  -0.001489  0.096597  -1.492866  0.122981  -0.729477  1.000000  
114.274779 0.003906  0.006547  -0.037518  0.338504  0.477624  0.810734  -0.860237  0.506241  0.060933  -0.381323  -0.718050  0.582235  -0.012491  -0.001604  0.096085  -1.499176  0.123606  -0.747775  1.000000  
114.276046 0.003889  0.006542  -0.037406  0.339119  0.478997  0.809667  -0.859720  0.507228  0.060008  -0.381942  -0.716437  0.583814  -0.012753  -0.001741  0.094915  -1.522736  0.117283  -0.760898  1.000000  
114.277284 0.003873  0.006538  -0.037292  0.339714  0.480429  0.808568  -0.859155  0.508308  0.058945  -0.382683  -0.714710  0.585442  -0.012877  -0.001896  0.094461  -1.542153  0.117416  -0.779838  1.000000  
114.278533 0.003857  0.006535  -0.037175  0.340308  0.481857  0.807468  -0.858589  0.509386  0.057876  -0.383425  -0.712979  0.587065  -0.012955  -0.002068  0.094440  -1.563399  0.111621  -0.788272  1.000000  
114.279535 0.003844  0.006533  -0.037078  0.340762  0.483066  0.806554  -0.858188  0.510157  0.057031  -0.383919  -0.711609  0.588403  -0.013014  -0.002290  0.095032  -1.580938  0.113147  -0.802095  1.000000  
114.280781 0.003827  0.006531  -0.036954  0.341355  0.484487  0.805450  -0.857621  0.511230  0.055955  -0.384660  -0.709871  0.590017  -0.012968  -0.002513  0.096207  -1.598592  0.107955  -0.816947  1.000000  
114.282027 0.003810  0.006530  -0.036828  0.342142  0.485738  0.804362  -0.857030  0.512304  0.055174  -0.385278  -0.708240  0.591572  -0.012922  -0.002562  0.097137  -1.608381  0.109807  -0.825307  1.000000  
114.283027 0.003798  0.006529  -0.036727  0.342575  0.486903  0.803472  -0.856579  0.513157  0.054246  -0.385895  -0.706821  0.592866  -0.012936  -0.002552  0.097547  -1.620362  0.102625  -0.832514  1.000000  
114.284028 0.003787  0.006530  -0.036626  0.343204  0.487995  0.802541  -0.856105  0.514020  0.053553  -0.386389  -0.705438  0.594189  -0.012891  -0.002343  0.097577  -1.630842  0.106655  -0.843527  1.000000  
114.285277 0.003773  0.006531  -0.036504  0.343988  0.489430  0.801330  -0.855511  0.515103  0.052636  -0.387006  -0.703653  0.595902  -0.012909  -0.002046  0.097095  -1.641543  0.111689  -0.855205  1.000000  
114.286278 0.003760  0.006531  -0.036411  0.344420  0.490588  0.800437  -0.855058  0.515949  0.051697  -0.387622  -0.702225  0.597184  -0.013002  -0.001810  0.096261  -1.653766  0.107170  -0.859017  1.000000  
114.287527 0.003744  0.006532  -0.036302  0.345202  0.492015  0.799223  -0.854462  0.517027  0.050771  -0.388239  -0.700432  0.598887  -0.012998  -0.001464  0.095271  -1.668108  0.114948  -0.867010  1.000000  
114.288534 0.003731  0.006534  -0.036216  0.345672  0.493140  0.798326  -0.854104  0.517689  0.050038  -0.388609  -0.699150  0.600144  -0.012824  -0.001075  0.094455  -1.671490  0.116026  -0.863446  1.000000  
114.289778 0.003715  0.006535  -0.036108  0.346453  0.494560  0.797108  -0.853507  0.518763  0.049103  -0.389225  -0.697349  0.601837  -0.012709  -0.000800  0.094049  -1.680903  0.122898  -0.864764  1.000000  
114.291028 0.003702  0.006535  -0.035992  0.347253  0.495914  0.795918  -0.852957  0.519742  0.048302  -0.389718  -0.695656  0.603475  -0.012438  -0.000470  0.094409  -1.690110  0.131284  -0.862111  1.000000  
114.292028 0.003693  0.006534  -0.035896  0.347896  0.497021  0.794946  -0.852526  0.520508  0.047660  -0.390088  -0.694292  0.604805  -0.012208  -0.000299  0.094641  -1.695188  0.137242  -0.862817  1.000000  
114.293033 0.003683  0.006533  -0.035797  0.348538  0.498221  0.793912  -0.852094  0.521279  0.046952  -0.390457  -0.692852  0.606217  -0.011999  -0.000167  0.094981  -1.704054  0.145947  -0.859999  1.000000  
114.294282 0.003672  0.006532  -0.035674  0.349491  0.499518  0.792678  -0.851421  0.522447  0.046163  -0.391073  -0.691036  0.607891  -0.011698  -0.000077  0.095248  -1.715811  0.148784  -0.865649  1.000000  
114.295287 0.003663  0.006532  -0.035579  0.350133  0.500711  0.791641  -0.850988  0.523216  0.045448  -0.391443  -0.689589  0.609294  -0.011297  0.000066  0.094932  -1.718290  0.159095  -0.857633  1.000000  
114.296538 0.003652  0.006534  -0.035467  0.350928  0.502143  0.790381  -0.850433  0.524193  0.044563  -0.391935  -0.687804  0.610993  -0.010945  0.000288  0.094005  -1.725954  0.162532  -0.850999  1.000000  
114.297778 0.003642  0.006537  -0.035358  0.351723  0.503474  0.789180  -0.849877  0.525162  0.043737  -0.392427  -0.686089  0.612603  -0.010624  0.000473  0.092940  -1.731573  0.168172  -0.852212  1.000000  
114.299031 0.003632  0.006540  -0.035251  0.352692  0.504884  0.787845  -0.849248  0.526245  0.042941  -0.392920  -0.684221  0.614374  -0.010329  0.000693  0.091427  -1.741955  0.181403  -0.853820  1.000000  
114.300277 0.003621  0.006543  -0.035145  0.353485  0.506302  0.786579  -0.848690  0.527216  0.042041  -0.393412  -0.682423  0.616057  -0.010076  0.000835  0.090484  -1.746199  0.190371  -0.851905  1.000000  
114.301277 0.003612  0.006546  -0.035060  0.354123  0.507479  0.785533  -0.848253  0.527977  0.041308  -0.393781  -0.680959  0.617439  -0.009900  0.000981  0.090079  -1.760481  0.195808  -0.852524  1.000000  
114.302278 0.003602  0.006549  -0.034973  0.354935  0.508543  0.784477  -0.847742  0.528842  0.040734  -0.394150  -0.679493  0.618818  -0.009619  0.001119  0.090090  -1.767327  0.209569  -0.854447  1.000000  
114.303528 0.003589  0.006552  -0.034859  0.355900  0.509936  0.783135  -0.847109  0.529918  0.039919  -0.394641  -0.677608  0.620569  -0.009491  0.001184  0.090456  -1.777487  0.219820  -0.859603  1.000000  
114.304534 0.003578  0.006555  -0.034765  0.356516  0.511067  0.782117  -0.846621  0.530759  0.039099  -0.395133  -0.676096  0.621904  -0.009323  0.001395  0.090944  -1.786310  0.225691  -0.860551  1.000000  
114.305777 0.003565  0.006559  -0.034645  0.357305  0.512560  0.780779  -0.846058  0.531726  0.038114  -0.395625  -0.674203  0.623644  -0.009352  0.001608  0.091392  -1.794308  0.231258  -0.862241  1.000000  
114.306777 0.003555  0.006562  -0.034549  0.358113  0.513705  0.779655  -0.845544  0.532590  0.037460  -0.395993  -0.672647  0.625088  -0.009328  0.001863  0.091414  -1.797182  0.244714  -0.864472  1.000000  
114.307777 0.003545  0.006565  -0.034455  0.358747  0.514956  0.778537  -0.845102  0.533348  0.036642  -0.396362  -0.671089  0.626528  -0.009408  0.002109  0.091151  -1.808710  0.245671  -0.861415  1.000000  
114.309033 0.003532  0.006570  -0.034344  0.359708  0.516232  0.777248  -0.844463  0.534411  0.035869  -0.396853  -0.669260  0.628171  -0.009496  0.002588  0.090181  -1.802571  0.258555  -0.863448  1.000000  
114.310037 0.003521  0.006575  -0.034258  0.360535  0.517308  0.776149  -0.843995  0.535186  0.035347  -0.397099  -0.667809  0.629558  -0.009666  0.002871  0.089561  -1.802064  0.275180  -0.861797  1.000000  
114.311283 0.003506  0.006581  -0.034153  0.361341  0.518814  0.774767  -0.843477  0.536062  0.034418  -0.397467  -0.665935  0.631309  -0.009872  0.003130  0.089093  -1.811230  0.283545  -0.859934  1.000000  
114.312286 0.003496  0.006585  -0.034067  0.361972  0.520052  0.773642  -0.843032  0.536814  0.033586  -0.397835  -0.664362  0.632732  -0.010037  0.003242  0.088948  -1.815973  0.292229  -0.857833  1.000000  
114.313531 0.003482  0.006588  -0.033954  0.362777  0.521550  0.772256  -0.842512  0.537687  0.032649  -0.398204  -0.662479  0.634472  -0.010265  0.003296  0.089424  -1.828043  0.295908  -0.851904  1.000000  
114.314777 0.003468  0.006591  -0.033837  0.363754  0.522839  0.770923  -0.841917  0.538662  0.031932  -0.398572  -0.660668  0.636127  -0.010483  0.003234  0.090024  -1.823473  0.303677  -0.850672  1.000000  
114.315780 0.003456  0.006593  -0.033742  0.364405  0.524007  0.769822  -0.841519  0.539324  0.031233  -0.398817  -0.659201  0.637494  -0.010692  0.003207  0.090722  -1.821940  0.316073  -0.845050  1.000000  
114.317027 0.003441  0.006595  -0.033624  0.365207  0.525492  0.768428  -0.840996  0.540192  0.030284  -0.399185  -0.657305  0.639219  -0.010924  0.003110  0.091377  -1.828074  0.318979  -0.839674  1.000000  
114.318277 0.003423  0.006597  -0.033508  0.365987  0.526751  0.767194  -0.840424  0.541132  0.029383  -0.399676  -0.655522  0.640742  -0.011231  0.003022  0.091593  -1.824933  0.321355  -0.844616  1.000000  
114.319277 0.003410  0.006599  -0.033419  0.366636  0.527816  0.766151  -0.840024  0.541787  0.028740  -0.399921  -0.654123  0.642017  -0.011397  0.002963  0.091355  -1.820586  0.325501  -0.838644  1.000000  
114.320278 0.003396  0.006602  -0.033330  0.367285  0.528971  0.765043  -0.839624  0.542444  0.028030  -0.400166  -0.652644  0.643369  -0.011608  0.003003  0.090841  -1.826026  0.327559  -0.835430  1.000000  
114.321527 0.003380  0.006607  -0.033221  0.368084  0.530347  0.763705  -0.839098  0.543303  0.027131  -0.400534  -0.650810  0.644995  -0.011833  0.003059  0.090057  -1.828104  0.327409  -0.833484  1.000000  
114.322528 0.003367  0.006610  -0.033135  0.368711  0.531461  0.762628  -0.838648  0.544037  0.026335  -0.400902  -0.649287  0.646301  -0.012053  0.003071  0.089501  -1.832045  0.328612  -0.830929  1.000000  
114.323777 0.003351  0.006616  -0.033026  0.369358  0.533068  0.761192  -0.838246  0.544706  0.025285  -0.401147  -0.647405  0.648034  -0.012241  0.003083  0.089380  -1.841169  0.323139  -0.816581  1.000000  
114.324779 0.003339  0.006620  -0.032937  0.369983  0.534083  0.760176  -0.837794  0.545434  0.024549  -0.401515  -0.645954  0.649253  -0.012302  0.003069  0.089567  -1.836543  0.321258  -0.817053  1.000000  
114.326040 0.003323  0.006624  -0.032822  0.370607  0.535648  0.758770  -0.837341  0.546179  0.023413  -0.401882  -0.644027  0.650938  -0.012449  0.002954  0.090201  -1.844281  0.318242  -0.809248  1.000000  
114.327289 0.003306  0.006627  -0.032702  0.371425  0.536947  0.757451  -0.836861  0.546947  0.022642  -0.402127  -0.642291  0.652500  -0.012660  0.002817  0.091011  -1.839711  0.322201  -0.803389  1.000000  
114.328540 0.003291  0.006630  -0.032580  0.372049  0.538411  0.756104  -0.836408  0.547684  0.021565  -0.402495  -0.640434  0.654096  -0.012720  0.002767  0.091548  -1.841984  0.318444  -0.796450  1.000000  
114.329782 0.003276  0.006632  -0.032459  0.372694  0.539814  0.754785  -0.836002  0.548338  0.020631  -0.402740  -0.638691  0.655648  -0.012819  0.002748  0.091744  -1.839463  0.313381  -0.782106  1.000000  
114.331028 0.003260  0.006633  -0.032344  0.373488  0.541157  0.753429  -0.835471  0.549182  0.019703  -0.403107  -0.636827  0.657234  -0.012909  0.002659  0.091549  -1.839395  0.314357  -0.779722  1.000000  
114.332030 0.003247  0.006635  -0.032257  0.374154  0.542223  0.752332  -0.835114  0.549745  0.019109  -0.403230  -0.635433  0.658507  -0.012875  0.002685  0.091073  -1.837763  0.314334  -0.769404  1.000000  
114.333031 0.003234  0.006636  -0.032172  0.374797  0.543159  0.751336  -0.834707  0.550384  0.018500  -0.403475  -0.634079  0.659661  -0.012835  0.002644  0.090538  -1.829194  0.318913  -0.763472  1.000000  
114.334277 0.003218  0.006638  -0.032067  0.375440  0.544457  0.750074  -0.834299  0.551030  0.017621  -0.403719  -0.632402  0.661119  -0.012801  0.002606  0.090071  -1.820734  0.313057  -0.750294  1.000000  
114.335527 0.003203  0.006639  -0.031960  0.376254  0.545729  0.748740  -0.833814  0.551789  0.016826  -0.403964  -0.630641  0.662650  -0.012673  0.002361  0.089922  -1.812342  0.317220  -0.744678  1.000000  
114.336534 0.003192  0.006639  -0.031871  0.376725  0.546771  0.747743  -0.833483  0.552312  0.016055  -0.404209  -0.629280  0.663794  -0.012565  0.002144  0.090053  -1.806586  0.310742  -0.731631  1.000000  
114.337777 0.003177  0.006640  -0.031758  0.377538  0.547855  0.746539  -0.832996  0.553065  0.015389  -0.404454  -0.627674  0.665164  -0.012461  0.001861  0.090408  -1.788996  0.314087  -0.727625  1.000000  
114.338777 0.003166  0.006640  -0.031665  0.378030  0.548926  0.745502  -0.832714  0.553509  0.014694  -0.404576  -0.626345  0.666341  -0.012384  0.001620  0.090711  -1.787993  0.311099  -0.711537  1.000000  
114.339778 0.003154  0.006640  -0.031574  0.378693  0.549881  0.744461  -0.832353  0.554066  0.014152  -0.404698  -0.625013  0.667516  -0.012336  0.001345  0.090849  -1.781289  0.310381  -0.703074  1.000000  
114.341028 0.003138  0.006640  -0.031461  0.379356  0.551195  0.743151  -0.831991  0.554628  0.013338  -0.404821  -0.623355  0.668991  -0.012311  0.001084  0.090772  -1.771584  0.310369  -0.693018  1.000000  
114.342034 0.003126  0.006640  -0.031372  0.379847  0.552259  0.742110  -0.831708  0.555070  0.012639  -0.404943  -0.622019  0.670159  -0.012255  0.000863  0.090311  -1.765786  0.307594  -0.685877  1.000000  
114.343034 0.003114  0.006640  -0.031284  0.380509  0.553116  0.741131  -0.831345  0.555623  0.012157  -0.405065  -0.620762  0.671250  -0.012263  0.000701  0.089689  -1.750275  0.310438  -0.681339  1.000000  
114.344283 0.003098  0.006638  -0.031176  0.381171  0.554241  0.739950  -0.830982  0.556181  0.011472  -0.405188  -0.619258  0.672564  -0.012215  0.000459  0.088638  -1.739192  0.306263  -0.666623  1.000000  
114.345284 0.003086  0.006636  -0.031090  0.381855  0.555128  0.738931  -0.830668  0.556658  0.011068  -0.405188  -0.618033  0.673690  -0.012194  0.000270  0.088131  -1.722720  0.314501  -0.657782  1.000000  
114.346532 0.003070  0.006634  -0.030981  0.382539  0.556281  0.737709  -0.830353  0.557139  0.010460  -0.405188  -0.616561  0.675038  -0.012251  0.000010  0.087968  -1.709165  0.318155  -0.644597  1.000000  
114.347778 0.003053  0.006632  -0.030870  0.383052  0.557546  0.736487  -0.830117  0.557505  0.009699  -0.405188  -0.615085  0.676382  -0.012321  -0.000259  0.088153  -1.698470  0.317490  -0.626903  1.000000  
