1-Time 2-Px 3-Py 4-Pz 5-R11 6-R21 7-R31 8-R12 9-R22 10-R32 11-R13 12-R23 13-R33 14-Vx 15-Vy 16-Vz 17-Wx 18-Wy 19-Wz 20-state
69.344817 0.007475  0.004212  -0.010896  0.652852  0.614498  0.442918  -0.732816  0.660378  0.163956  -0.191743  -0.431616  0.881443  -0.003462  -0.005661  0.005705  0.082587  0.318511  -1.176125  1.000000  
69.346030 0.007472  0.004202  -0.010892  0.653589  0.613887  0.442678  -0.732124  0.661093  0.164163  -0.191874  -0.431391  0.881525  -0.003049  -0.010297  0.003855  0.077368  0.315287  -1.170075  1.000000  
69.347275 0.007465  0.004186  -0.010879  0.654024  0.613548  0.442507  -0.731701  0.661555  0.164188  -0.192006  -0.431166  0.881607  -0.004586  -0.011689  0.007650  0.064166  0.303184  -1.145893  1.000000  
69.348277 0.007460  0.004173  -0.010868  0.654157  0.613427  0.442477  -0.731547  0.661745  0.164111  -0.192137  -0.431047  0.881636  -0.004897  -0.012121  0.008821  0.059168  0.295037  -1.119417  1.000000  
69.349523 0.007453  0.004158  -0.010856  0.654725  0.612912  0.442351  -0.730970  0.662375  0.164139  -0.192399  -0.430811  0.881694  -0.004980  -0.012085  0.008834  0.051474  0.285831  -1.101193  1.000000  
69.350770 0.007446  0.004144  -0.010847  0.655477  0.612283  0.442107  -0.730296  0.663026  0.164514  -0.192399  -0.430704  0.881746  -0.005049  -0.011883  0.008516  0.051127  0.287361  -1.090257  1.000000  
69.352020 0.007438  0.004131  -0.010838  0.656096  0.611883  0.441744  -0.729775  0.663527  0.164804  -0.192268  -0.430501  0.881874  -0.005297  -0.011674  0.008266  0.041004  0.286673  -1.062925  1.000000  
69.353270 0.007430  0.004117  -0.010828  0.656280  0.611877  0.441478  -0.729678  0.663587  0.164990  -0.192006  -0.430417  0.881972  -0.005518  -0.011588  0.008229  0.000000  0.000000  0.000000  1.000000  
69.354520 0.007424  0.004104  -0.010818  0.656898  0.611422  0.441189  -0.729157  0.664068  0.165361  -0.191874  -0.430321  0.882048  -0.005416  -0.011413  0.008197  -0.041033  0.239772  -0.522673  1.000000  
69.355520 0.007420  0.004093  -0.010811  0.657648  0.610738  0.441019  -0.728480  0.664697  0.165815  -0.191874  -0.430321  0.882048  -0.005306  -0.011364  0.008150  -0.018298  0.259198  -0.559356  1.000000  
69.356522 0.007414  0.004081  -0.010803  0.658081  0.610289  0.440995  -0.728055  0.665117  0.166000  -0.192006  -0.430310  0.882025  -0.005372  -0.011400  0.008146  -0.006353  0.249304  -0.563097  1.000000  
69.357770 0.007406  0.004065  -0.010791  0.658381  0.610015  0.440927  -0.727784  0.665368  0.166181  -0.192006  -0.430310  0.882025  -0.005425  -0.011526  0.008216  0.000470  0.238812  -0.536436  1.000000  
69.358771 0.007401  0.004052  -0.010780  0.658646  0.609664  0.441017  -0.727474  0.665705  0.166188  -0.192268  -0.430287  0.881978  -0.005387  -0.011627  0.008479  0.006262  0.216819  -0.532301  1.000000  
69.360025 0.007397  0.004033  -0.010762  0.659377  0.608940  0.440925  -0.726777  0.666374  0.166554  -0.192399  -0.430276  0.881955  -0.005260  -0.011936  0.008922  0.018959  0.220250  -0.552224  1.000000  
69.361027 0.007392  0.004016  -0.010748  0.659958  0.608352  0.440867  -0.726215  0.666918  0.166830  -0.192531  -0.430265  0.881932  -0.005363  -0.012429  0.009618  0.027700  0.221125  -0.566699  1.000000  
69.362276 0.007387  0.003993  -0.010732  0.660705  0.607665  0.440695  -0.725535  0.667544  0.167284  -0.192531  -0.430265  0.881932  -0.005221  -0.012864  0.009809  0.037161  0.230823  -0.578259  1.000000  
69.363523 0.007386  0.003972  -0.010718  0.661469  0.607017  0.440443  -0.724873  0.668127  0.167825  -0.192399  -0.430276  0.881955  -0.004793  -0.013228  0.009854  0.045310  0.245760  -0.585198  1.000000  
69.364525 0.007388  0.003955  -0.010708  0.661899  0.606618  0.440345  -0.724446  0.668564  0.167928  -0.192531  -0.430158  0.881984  -0.004317  -0.013578  0.009923  0.042886  0.240575  -0.586074  1.000000  
69.365778 0.007392  0.003933  -0.010699  0.662478  0.606082  0.440213  -0.723881  0.669127  0.168123  -0.192662  -0.430039  0.882013  -0.003628  -0.014134  0.009918  0.042117  0.237308  -0.588497  1.000000  
69.367021 0.007394  0.003910  -0.010689  0.662907  0.605683  0.440115  -0.723453  0.669564  0.168226  -0.192793  -0.429921  0.882042  -0.002920  -0.014785  0.009996  0.039661  0.230488  -0.582671  1.000000  
69.368270 0.007399  0.003888  -0.010675  0.663634  0.605008  0.439948  -0.722751  0.670250  0.168511  -0.192925  -0.429803  0.882071  -0.002075  -0.015272  0.010251  0.040869  0.231972  -0.592952  1.000000  
69.369270 0.007407  0.003873  -0.010660  0.664081  0.604648  0.439771  -0.722341  0.670644  0.168701  -0.192925  -0.429696  0.882123  -0.001145  -0.015640  0.010743  0.039079  0.233336  -0.590961  1.000000  
69.370520 0.007416  0.003854  -0.010642  0.664806  0.603971  0.439604  -0.721638  0.671328  0.168986  -0.193056  -0.429578  0.882152  -0.000231  -0.015969  0.011241  0.040215  0.234532  -0.599909  1.000000  
69.371770 0.007420  0.003833  -0.010626  0.665234  0.603518  0.439579  -0.721209  0.671744  0.169170  -0.193187  -0.429566  0.882129  0.000684  -0.016425  0.011697  0.042821  0.229012  -0.594414  1.000000  
69.372770 0.007422  0.003815  -0.010615  0.665680  0.603156  0.439401  -0.720798  0.672137  0.169360  -0.193187  -0.429459  0.882181  0.001207  -0.016761  0.011790  0.041190  0.230306  -0.592630  1.000000  
69.374020 0.007427  0.003791  -0.010599  0.666404  0.602478  0.439234  -0.720093  0.672820  0.169644  -0.193318  -0.429341  0.882210  0.001772  -0.017191  0.011852  0.042108  0.231479  -0.600427  1.000000  
69.375271 0.007434  0.003767  -0.010585  0.666979  0.601938  0.439101  -0.719525  0.673379  0.169838  -0.193450  -0.429223  0.882239  0.002501  -0.017498  0.011580  0.044703  0.228497  -0.600430  1.000000  
69.376526 0.007437  0.003742  -0.010576  0.667702  0.601205  0.439007  -0.718819  0.674040  0.170203  -0.193581  -0.429211  0.882215  0.003272  -0.017672  0.010975  0.052022  0.231364  -0.597321  1.000000  
69.377527 0.007437  0.003722  -0.010570  0.668128  0.600750  0.438982  -0.718388  0.674453  0.170388  -0.193712  -0.429200  0.882192  0.003492  -0.017771  0.010548  0.058852  0.237265  -0.609501  1.000000  
69.378775 0.007441  0.003700  -0.010562  0.668701  0.600208  0.438849  -0.717818  0.675010  0.170581  -0.193844  -0.429082  0.882221  0.003685  -0.017849  0.010232  0.064341  0.240080  -0.615524  1.000000  
69.379802 0.007447  0.003683  -0.010555  0.669292  0.599705  0.438636  -0.717267  0.675525  0.170860  -0.193844  -0.428975  0.882273  0.003813  -0.017828  0.010102  0.068406  0.243808  -0.613091  1.000000  
69.381027 0.007453  0.003662  -0.010544  0.669883  0.599202  0.438422  -0.716716  0.676039  0.171140  -0.193844  -0.428868  0.882325  0.004122  -0.017757  0.010259  0.067122  0.240947  -0.607486  1.000000  
69.382271 0.007456  0.003640  -0.010533  0.670455  0.598712  0.438216  -0.716145  0.676616  0.171250  -0.193975  -0.428642  0.882406  0.004186  -0.017667  0.010309  0.064411  0.235831  -0.617852  1.000000  
69.383277 0.007459  0.003625  -0.010520  0.670879  0.598308  0.438119  -0.715712  0.677048  0.171353  -0.194106  -0.428524  0.882434  0.003976  -0.017597  0.010206  0.067017  0.229494  -0.635792  1.000000  
69.384526 0.007466  0.003608  -0.010507  0.671321  0.597996  0.437868  -0.715298  0.677459  0.171459  -0.194106  -0.428310  0.882538  0.003716  -0.017466  0.009864  0.060217  0.219371  -0.625522  1.000000  
69.385772 0.007473  0.003591  -0.010498  0.671763  0.597737  0.437544  -0.714883  0.677891  0.171482  -0.194106  -0.427989  0.882694  0.003648  -0.017284  0.009258  0.045326  0.213352  -0.613450  1.000000  
69.387020 0.007475  0.003573  -0.010494  0.672204  0.597477  0.437221  -0.714468  0.678323  0.171506  -0.194106  -0.427667  0.882850  0.003679  -0.016957  0.008549  0.034478  0.220270  -0.617679  1.000000  
69.388270 0.007475  0.003557  -0.010491  0.672775  0.597038  0.436943  -0.713895  0.678918  0.171533  -0.194237  -0.427335  0.882982  0.003431  -0.016535  0.007725  0.023744  0.223805  -0.625730  1.000000  
69.389520 0.007477  0.003541  -0.010486  0.673198  0.596739  0.436701  -0.713461  0.679391  0.171470  -0.194369  -0.427002  0.883114  0.003092  -0.015963  0.007094  0.010234  0.224077  -0.615768  1.000000  
69.390773 0.007479  0.003526  -0.010479  0.673473  0.596578  0.436495  -0.713164  0.679741  0.171316  -0.194500  -0.426669  0.883246  0.002956  -0.015378  0.006841  -0.004550  0.216225  -0.598590  1.000000  
69.392021 0.007480  0.003511  -0.010472  0.673767  0.596510  0.436135  -0.712887  0.680069  0.171166  -0.194500  -0.426241  0.883453  0.002892  -0.014782  0.006743  -0.026037  0.204326  -0.574417  1.000000  
69.393270 0.007481  0.003498  -0.010465  0.674171  0.596170  0.435975  -0.712433  0.680583  0.171016  -0.194762  -0.425897  0.883561  0.002766  -0.014121  0.006701  -0.039417  0.193256  -0.572293  1.000000  
69.394280 0.007482  0.003489  -0.010460  0.674593  0.595869  0.435733  -0.711997  0.681054  0.170951  -0.194893  -0.425564  0.883692  0.002492  -0.013491  0.006575  -0.049189  0.187671  -0.572819  1.000000  
69.395528 0.007485  0.003480  -0.010451  0.674868  0.595761  0.435455  -0.711701  0.681424  0.170714  -0.195025  -0.425124  0.883875  0.002256  -0.012593  0.006443  -0.064032  0.181606  -0.560744  1.000000  
69.396775 0.007490  0.003472  -0.010443  0.675290  0.595512  0.435142  -0.711265  0.681916  0.170567  -0.195156  -0.424683  0.884058  0.002316  -0.011685  0.006222  -0.076176  0.181408  -0.560721  1.000000  
69.398020 0.007494  0.003465  -0.010437  0.675529  0.595325  0.435028  -0.710930  0.682367  0.170158  -0.195550  -0.424221  0.884193  0.002392  -0.010894  0.005786  -0.094273  0.161869  -0.549850  1.000000  
69.399027 0.007498  0.003460  -0.010434  0.675785  0.595124  0.434904  -0.710614  0.682756  0.169917  -0.195812  -0.423876  0.884300  0.002219  -0.010257  0.005096  -0.101692  0.153055  -0.544090  1.000000  
69.400271 0.007502  0.003455  -0.010434  0.676170  0.594849  0.434683  -0.710139  0.683350  0.169514  -0.196206  -0.423306  0.884486  0.002124  -0.009440  0.004464  -0.120566  0.138874  -0.535918  1.000000  
69.401520 0.007507  0.003449  -0.010431  0.676408  0.594766  0.434426  -0.709804  0.683841  0.168938  -0.196599  -0.422628  0.884723  0.002147  -0.008676  0.004314  -0.146237  0.127622  -0.533759  1.000000  
69.402770 0.007509  0.003444  -0.010426  0.676627  0.594645  0.434250  -0.709449  0.684372  0.168276  -0.197124  -0.421939  0.884935  0.002246  -0.007950  0.004364  -0.166433  0.107330  -0.531024  1.000000  
69.403770 0.007512  0.003441  -0.010421  0.676883  0.594548  0.433984  -0.709132  0.684801  0.167869  -0.197386  -0.421379  0.885143  0.002470  -0.007177  0.004521  -0.188087  0.095143  -0.519103  1.000000  
69.405020 0.007518  0.003440  -0.010412  0.677248  0.594338  0.433703  -0.708637  0.685473  0.167212  -0.197911  -0.420582  0.885405  0.002689  -0.006241  0.004681  -0.213738  0.079778  -0.518861  1.000000  
69.406020 0.007524  0.003439  -0.010405  0.677612  0.594075  0.433495  -0.708142  0.686124  0.166638  -0.198435  -0.419892  0.885615  0.002947  -0.005465  0.004833  -0.236092  0.066863  -0.520423  1.000000  
69.407270 0.007529  0.003438  -0.010396  0.677957  0.593824  0.433298  -0.707628  0.686835  0.165895  -0.199091  -0.419083  0.885851  0.003233  -0.004633  0.004974  -0.265549  0.047626  -0.522068  1.000000  
69.408527 0.007535  0.003439  -0.010389  0.678283  0.593535  0.433183  -0.707093  0.687584  0.165066  -0.199878  -0.418262  0.886062  0.003650  -0.003675  0.004958  -0.294668  0.021597  -0.523785  1.000000  
69.409771 0.007543  0.003441  -0.010384  0.678608  0.593298  0.432999  -0.706558  0.688353  0.164152  -0.200664  -0.417334  0.886322  0.003948  -0.002955  0.004814  -0.322027  -0.005930  -0.525454  1.000000  
69.410777 0.007550  0.003444  -0.010381  0.678806  0.593189  0.432838  -0.706182  0.688937  0.163318  -0.201320  -0.416524  0.886554  0.004299  -0.002256  0.004576  -0.351430  -0.032384  -0.526738  1.000000  
69.412024 0.007560  0.003446  -0.010375  0.679275  0.592757  0.432694  -0.705506  0.689804  0.162576  -0.202106  -0.415702  0.886761  0.004609  -0.001641  0.004511  -0.371558  -0.052978  -0.536307  1.000000  
69.413296 0.007568  0.003449  -0.010369  0.679743  0.592377  0.432480  -0.704829  0.690690  0.161750  -0.202892  -0.414773  0.887016  0.004882  -0.000897  0.004552  -0.399573  -0.073531  -0.545496  1.000000  
69.414523 0.007575  0.003451  -0.010363  0.680210  0.591997  0.432267  -0.704152  0.691573  0.160923  -0.203678  -0.413843  0.887271  0.004987  -0.000404  0.004777  -0.417976  -0.091719  -0.565046  1.000000  
69.415772 0.007580  0.003454  -0.010355  0.680656  0.591577  0.432138  -0.703454  0.692495  0.160010  -0.204595  -0.412901  0.887498  0.005113  0.000156  0.005293  -0.436567  -0.117421  -0.584367  1.000000  
69.416773 0.007585  0.003454  -0.010348  0.680976  0.591234  0.432105  -0.702916  0.693214  0.159261  -0.205381  -0.412186  0.887649  0.005235  0.000521  0.005563  -0.452228  -0.143113  -0.600682  1.000000  
69.418020 0.007590  0.003455  -0.010337  0.681420  0.590865  0.431908  -0.702216  0.694151  0.158262  -0.206297  -0.411136  0.887924  0.005393  0.000913  0.005911  -0.476468  -0.167973  -0.612127  1.000000  
69.419270 0.007596  0.003459  -0.010326  0.681864  0.590497  0.431712  -0.701516  0.695085  0.157263  -0.207214  -0.410085  0.888196  0.005376  0.001244  0.006053  -0.499284  -0.189942  -0.629618  1.000000  
69.420522 0.007600  0.003463  -0.010318  0.682450  0.589985  0.431487  -0.700674  0.696139  0.156351  -0.208130  -0.409034  0.888467  0.005238  0.001613  0.005972  -0.519312  -0.206156  -0.659347  1.000000  
69.421770 0.007604  0.003466  -0.010312  0.682890  0.589615  0.431295  -0.699972  0.697069  0.155350  -0.209046  -0.407982  0.888735  0.005139  0.001838  0.005833  -0.536282  -0.227474  -0.679179  1.000000  
69.422772 0.007607  0.003470  -0.010308  0.683205  0.589322  0.431198  -0.699430  0.697799  0.154514  -0.209831  -0.407157  0.888929  0.005059  0.002154  0.005690  -0.551278  -0.247290  -0.700264  1.000000  
69.424020 0.007611  0.003475  -0.010301  0.683623  0.588913  0.431093  -0.698706  0.698763  0.153426  -0.210877  -0.406093  0.889168  0.004911  0.002366  0.005739  -0.573490  -0.271230  -0.713818  1.000000  
69.425270 0.007614  0.003481  -0.010293  0.684059  0.588594  0.430836  -0.698002  0.699705  0.152338  -0.211793  -0.404932  0.889480  0.004540  0.002556  0.005992  -0.595910  -0.289155  -0.728917  1.000000  
69.426270 0.007615  0.003484  -0.010285  0.684351  0.588262  0.430826  -0.697437  0.700468  0.151415  -0.212708  -0.404095  0.889642  0.004037  0.002577  0.006267  -0.610406  -0.311028  -0.746122  1.000000  
69.427279 0.007616  0.003486  -0.010276  0.684662  0.587968  0.430733  -0.696892  0.701190  0.150576  -0.213492  -0.403268  0.889829  0.003536  0.002635  0.006469  -0.625871  -0.327511  -0.765645  1.000000  
69.428525 0.007615  0.003489  -0.010265  0.685095  0.587596  0.430553  -0.696186  0.702107  0.149570  -0.214407  -0.402214  0.890086  0.003032  0.002651  0.006906  -0.644612  -0.345728  -0.781093  1.000000  
69.429772 0.007613  0.003491  -0.010254  0.685384  0.587420  0.430333  -0.695619  0.702919  0.148390  -0.215322  -0.401052  0.890390  0.002460  0.002612  0.007186  -0.663150  -0.359910  -0.794374  1.000000  
69.430776 0.007611  0.003493  -0.010247  0.685712  0.587163  0.430161  -0.695093  0.703598  0.147634  -0.215975  -0.400236  0.890598  0.002030  0.002673  0.007203  -0.673564  -0.365732  -0.803902  1.000000  
69.432020 0.007608  0.003494  -0.010238  0.686142  0.586790  0.429985  -0.694384  0.704508  0.146626  -0.216890  -0.399181  0.890850  0.001409  0.002683  0.007127  -0.681041  -0.374023  -0.816669  1.000000  
69.433049 0.007605  0.003496  -0.010233  0.686305  0.586692  0.429859  -0.693977  0.705119  0.145610  -0.217673  -0.398245  0.891078  0.000924  0.002671  0.006925  -0.693871  -0.389759  -0.827975  1.000000  
69.434270 0.007602  0.003498  -0.010226  0.686732  0.586318  0.429686  -0.693267  0.706026  0.144601  -0.218587  -0.397189  0.891325  0.000382  0.002607  0.006748  -0.700887  -0.400441  -0.840185  1.000000  
69.435270 0.007599  0.003500  -0.010221  0.686894  0.586168  0.429633  -0.692859  0.706616  0.143670  -0.219370  -0.396361  0.891501  -0.000078  0.002518  0.006635  -0.704548  -0.413362  -0.845365  1.000000  
69.436524 0.007596  0.003503  -0.010214  0.687177  0.585939  0.429493  -0.692288  0.707397  0.142570  -0.220284  -0.395304  0.891745  -0.000568  0.002517  0.006651  -0.712163  -0.422366  -0.848548  1.000000  
69.437770 0.007592  0.003507  -0.010206  0.687458  0.585710  0.429354  -0.691717  0.708176  0.141470  -0.221198  -0.394246  0.891987  -0.000999  0.002436  0.006762  -0.719902  -0.431451  -0.851861  1.000000  
69.438771 0.007590  0.003509  -0.010198  0.687618  0.585560  0.429304  -0.691308  0.708761  0.140538  -0.221980  -0.393417  0.892159  -0.001447  0.002297  0.006989  -0.721615  -0.436634  -0.848102  1.000000  
69.439773 0.007587  0.003512  -0.010188  0.687918  0.585264  0.429225  -0.690757  0.709465  0.139693  -0.222763  -0.392588  0.892329  -0.001796  0.002158  0.007202  -0.723092  -0.441104  -0.854697  1.000000  
69.441020 0.007584  0.003514  -0.010177  0.688197  0.585087  0.429020  -0.690184  0.710256  0.138505  -0.223676  -0.391421  0.892613  -0.002065  0.002060  0.007349  -0.732932  -0.446518  -0.850940  1.000000  
69.442025 0.007581  0.003514  -0.010168  0.688376  0.584974  0.428888  -0.689794  0.710799  0.137655  -0.224328  -0.390603  0.892808  -0.002339  0.001915  0.007327  -0.737358  -0.452468  -0.843221  1.000000  
69.443270 0.007577  0.003516  -0.010160  0.688653  0.584745  0.428756  -0.689220  0.711568  0.136552  -0.225241  -0.389544  0.893041  -0.002548  0.001823  0.007103  -0.743547  -0.458040  -0.840123  1.000000  
69.444275 0.007575  0.003518  -0.010154  0.688808  0.584647  0.428639  -0.688808  0.712162  0.135531  -0.226023  -0.388605  0.893252  -0.002636  0.001850  0.006876  -0.751588  -0.467866  -0.833510  1.000000  
69.445528 0.007573  0.003520  -0.010147  0.689083  0.584417  0.428509  -0.688233  0.712927  0.134426  -0.226935  -0.387545  0.893482  -0.002624  0.001825  0.006779  -0.756530  -0.471483  -0.826652  1.000000  
69.446776 0.007571  0.003522  -0.010139  0.689358  0.584188  0.428381  -0.687657  0.713690  0.133321  -0.227847  -0.386485  0.893709  -0.002549  0.001872  0.006725  -0.761538  -0.475119  -0.819850  1.000000  
69.448019 0.007569  0.003524  -0.010129  0.689468  0.584069  0.428366  -0.687200  0.714367  0.132042  -0.228889  -0.385412  0.893906  -0.002378  0.001892  0.006905  -0.764474  -0.483009  -0.810216  1.000000  
69.449022 0.007568  0.003526  -0.010121  0.689740  0.583736  0.428383  -0.686623  0.715094  0.131109  -0.229801  -0.384568  0.894035  -0.002282  0.001911  0.007105  -0.763665  -0.490606  -0.810194  1.000000  
69.450271 0.007567  0.003530  -0.010110  0.689847  0.583618  0.428370  -0.686165  0.715767  0.129829  -0.230842  -0.383495  0.894228  -0.002146  0.001959  0.007385  -0.767766  -0.503933  -0.792956  1.000000  
69.451521 0.007566  0.003533  -0.010100  0.690073  0.583368  0.428346  -0.685542  0.716609  0.128466  -0.232014  -0.382300  0.894436  -0.001956  0.001953  0.007642  -0.772747  -0.515813  -0.789667  1.000000  
69.452523 0.007566  0.003535  -0.010091  0.690179  0.583198  0.428407  -0.685083  0.717261  0.127272  -0.233055  -0.381335  0.894578  -0.001794  0.001914  0.007809  -0.777884  -0.527536  -0.786571  1.000000  
69.453770 0.007565  0.003537  -0.010080  0.690358  0.582877  0.428557  -0.684414  0.718169  0.125739  -0.234486  -0.380115  0.894723  -0.001650  0.001889  0.007829  -0.782889  -0.543590  -0.785128  1.000000  
69.454771 0.007564  0.003540  -0.010072  0.690505  0.582832  0.428379  -0.683997  0.718760  0.124625  -0.235266  -0.379064  0.894964  -0.001528  0.001887  0.007774  -0.789723  -0.550678  -0.775521  1.000000  
69.456020 0.007563  0.003542  -0.010063  0.690726  0.582584  0.428362  -0.683371  0.719591  0.123259  -0.236437  -0.377868  0.895161  -0.001408  0.001895  0.007585  -0.794823  -0.558442  -0.770503  1.000000  
69.457270 0.007561  0.003544  -0.010056  0.690782  0.582448  0.428456  -0.682863  0.720335  0.121720  -0.237736  -0.376659  0.895326  -0.001299  0.001958  0.007384  -0.799971  -0.570333  -0.767311  1.000000  
69.458522 0.007559  0.003547  -0.010048  0.690836  0.582313  0.428552  -0.682355  0.721075  0.120180  -0.239036  -0.375449  0.895489  -0.001181  0.002081  0.007394  -0.806429  -0.588762  -0.759474  1.000000  
69.459774 0.007557  0.003550  -0.010038  0.690911  0.582319  0.428423  -0.681867  0.721805  0.118549  -0.240205  -0.374034  0.895768  -0.001117  0.002092  0.007581  -0.815735  -0.604293  -0.754215  1.000000  
69.460791 0.007555  0.003552  -0.010028  0.690985  0.582117  0.428577  -0.681379  0.722475  0.117267  -0.241374  -0.373053  0.895863  -0.001137  0.002112  0.007832  -0.820514  -0.619756  -0.752351  1.000000  
69.462024 0.007553  0.003556  -0.010015  0.691035  0.582037  0.428607  -0.680867  0.723220  0.115637  -0.242672  -0.371734  0.896061  -0.001116  0.002274  0.008183  -0.830216  -0.636124  -0.751073  1.000000  
69.463273 0.007550  0.003559  -0.010001  0.691130  0.582027  0.428466  -0.680400  0.723892  0.114175  -0.243710  -0.370438  0.896315  -0.001250  0.002347  0.008476  -0.841135  -0.646533  -0.739617  1.000000  
69.464531 0.007547  0.003564  -0.009987  0.691200  0.581984  0.428412  -0.679909  0.724595  0.112628  -0.244878  -0.369130  0.896537  -0.001451  0.002425  0.008637  -0.850120  -0.658144  -0.735811  1.000000  
69.465772 0.007543  0.003568  -0.009976  0.691059  0.581932  0.428710  -0.679491  0.725265  0.110827  -0.246434  -0.367893  0.896619  -0.001639  0.002430  0.008725  -0.857120  -0.685184  -0.731587  1.000000  
69.467020 0.007538  0.003571  -0.009965  0.690963  0.582057  0.428696  -0.679116  0.725890  0.109018  -0.247731  -0.366462  0.896847  -0.001882  0.002489  0.008660  -0.872188  -0.703887  -0.723561  1.000000  
69.468270 0.007532  0.003575  -0.009954  0.690866  0.582078  0.428823  -0.678741  0.726484  0.107385  -0.249027  -0.365249  0.896983  -0.002207  0.002562  0.008686  -0.874207  -0.717875  -0.717507  1.000000  
69.469521 0.007526  0.003578  -0.009944  0.690743  0.582170  0.428896  -0.678342  0.727135  0.105490  -0.250452  -0.363804  0.897173  -0.002582  0.002576  0.008689  -0.889128  -0.740462  -0.711157  1.000000  
69.470522 0.007521  0.003580  -0.009935  0.690504  0.582291  0.429117  -0.678106  0.727589  0.103855  -0.251747  -0.362699  0.897259  -0.002826  0.002579  0.008811  -0.900308  -0.763002  -0.705174  1.000000  
69.471522 0.007515  0.003582  -0.009925  0.690427  0.582299  0.429231  -0.677751  0.728127  0.102392  -0.252912  -0.361606  0.897372  -0.003148  0.002600  0.009005  -0.910595  -0.783558  -0.701112  1.000000  
69.472530 0.007510  0.003584  -0.009916  0.690184  0.582475  0.429381  -0.677513  0.728589  0.100667  -0.254207  -0.360390  0.897495  -0.003385  0.002597  0.009265  -0.922190  -0.807607  -0.692532  1.000000  
69.473770 0.007503  0.003587  -0.009901  0.689892  0.582688  0.429562  -0.677227  0.729138  0.098596  -0.255759  -0.358932  0.897639  -0.003797  0.002628  0.009697  -0.938980  -0.836920  -0.681652  1.000000  
69.474770 0.007497  0.003589  -0.009889  0.689672  0.582901  0.429626  -0.677010  0.729559  0.096954  -0.256923  -0.357728  0.897787  -0.004013  0.002624  0.009952  -0.954044  -0.859160  -0.675218  1.000000  
69.475773 0.007492  0.003592  -0.009877  0.689426  0.583029  0.429847  -0.676769  0.729999  0.095316  -0.258216  -0.356621  0.897856  -0.004202  0.002691  0.010072  -0.966595  -0.883051  -0.664606  1.000000  
69.476777 0.007487  0.003595  -0.009866  0.689179  0.583159  0.430068  -0.676526  0.730436  0.093678  -0.259508  -0.355513  0.897923  -0.004494  0.002653  0.010052  -0.973621  -0.905402  -0.658020  1.000000  
69.478023 0.007481  0.003598  -0.009853  0.688856  0.583344  0.430334  -0.676209  0.731003  0.091520  -0.261188  -0.354039  0.898018  -0.004701  0.002615  0.010008  -0.990649  -0.934810  -0.646802  1.000000  
69.479026 0.007475  0.003600  -0.009844  0.688606  0.583581  0.430413  -0.675964  0.731455  0.089702  -0.262479  -0.352713  0.898164  -0.004905  0.002514  0.009931  -1.009959  -0.957146  -0.640066  1.000000  
69.480273 0.007469  0.003604  -0.009832  0.688279  0.583823  0.430607  -0.675643  0.732024  0.087454  -0.264157  -0.351129  0.898292  -0.005064  0.002490  0.009911  -1.031186  -0.982416  -0.626993  1.000000  
69.481525 0.007462  0.003607  -0.009821  0.687975  0.584101  0.430716  -0.675345  0.732554  0.085289  -0.265705  -0.349558  0.898449  -0.005187  0.002430  0.009937  -1.048171  -1.003292  -0.611964  1.000000  
69.482771 0.007455  0.003609  -0.009808  0.687505  0.584498  0.430927  -0.675162  0.732991  0.082950  -0.267382  -0.347974  0.898566  -0.005353  0.002351  0.010096  -1.065627  -1.020388  -0.595446  1.000000  
69.484020 0.007448  0.003610  -0.009794  0.687198  0.584780  0.431034  -0.674860  0.733511  0.080783  -0.268928  -0.346402  0.898712  -0.005386  0.002264  0.010352  -1.082750  -1.041191  -0.580348  1.000000  
69.485270 0.007441  0.003612  -0.009780  0.686864  0.585083  0.431157  -0.674531  0.734067  0.078441  -0.270603  -0.344707  0.898861  -0.005442  0.002197  0.010506  -1.100084  -1.066347  -0.566845  1.000000  
69.486522 0.007433  0.003614  -0.009766  0.686388  0.585540  0.431294  -0.674342  0.734497  0.076010  -0.272277  -0.343012  0.899004  -0.005446  0.002137  0.010637  -1.118667  -1.088176  -0.558406  1.000000  
69.487523 0.007429  0.003615  -0.009755  0.686101  0.585756  0.431456  -0.674060  0.734950  0.074102  -0.273693  -0.341669  0.899085  -0.005427  0.002057  0.010713  -1.134255  -1.106279  -0.549811  1.000000  
69.488527 0.007424  0.003617  -0.009745  0.685787  0.585994  0.431633  -0.673751  0.735440  0.072020  -0.275237  -0.340204  0.899169  -0.005319  0.002017  0.010563  -1.152438  -1.131541  -0.537236  1.000000  
69.489770 0.007419  0.003619  -0.009733  0.685306  0.586457  0.431768  -0.673556  0.735853  0.069586  -0.276909  -0.338508  0.899296  -0.005202  0.001960  0.010327  -1.166929  -1.153068  -0.528919  1.000000  
69.491020 0.007415  0.003622  -0.009722  0.684935  0.586740  0.431973  -0.673191  0.736413  0.067155  -0.278708  -0.336797  0.899383  -0.005056  0.001928  0.010128  -1.184445  -1.173774  -0.513631  1.000000  
69.492026 0.007411  0.003624  -0.009714  0.684641  0.587016  0.432063  -0.672903  0.736856  0.065155  -0.280122  -0.335344  0.899487  -0.004994  0.001874  0.009954  -1.199795  -1.190577  -0.511528  1.000000  
69.493270 0.007405  0.003625  -0.009704  0.684293  0.587335  0.432182  -0.672560  0.737372  0.062806  -0.281791  -0.333646  0.899597  -0.004922  0.001735  0.009784  -1.217840  -1.215478  -0.504840  1.000000  
69.494276 0.007402  0.003626  -0.009696  0.683996  0.587614  0.432271  -0.672269  0.737806  0.060804  -0.283203  -0.332193  0.899691  -0.004849  0.001609  0.009727  -1.235836  -1.239708  -0.498224  1.000000  
69.495527 0.007397  0.003627  -0.009684  0.683644  0.587990  0.432318  -0.671923  0.738318  0.058365  -0.284870  -0.330385  0.899830  -0.004654  0.001476  0.009741  -1.257632  -1.246674  -0.491590  1.000000  
69.496529 0.007393  0.003628  -0.009674  0.683233  0.588457  0.432332  -0.671795  0.738590  0.056357  -0.286153  -0.328944  0.899952  -0.004630  0.001393  0.009811  -1.273440  -1.260403  -0.480770  1.000000  
69.497773 0.007388  0.003628  -0.009662  0.682850  0.588753  0.432535  -0.671418  0.739114  0.053920  -0.287947  -0.327231  0.900003  -0.004491  0.001315  0.009673  -1.287708  -1.280487  -0.479176  1.000000  
69.499024 0.007382  0.003629  -0.009650  0.682492  0.589135  0.432580  -0.671066  0.739608  0.051477  -0.289612  -0.325422  0.900125  -0.004315  0.001202  0.009583  -1.303990  -1.293799  -0.481980  1.000000  
69.500271 0.007377  0.003630  -0.009640  0.682131  0.589520  0.432624  -0.670712  0.740095  0.049033  -0.291277  -0.323613  0.900240  -0.004170  0.001179  0.009268  -1.318320  -1.297157  -0.473717  1.000000  
69.501520 0.007372  0.003630  -0.009632  0.681769  0.589907  0.432667  -0.670356  0.740576  0.046588  -0.292940  -0.321804  0.900349  -0.004106  0.001044  0.008908  -1.333550  -1.306114  -0.468093  1.000000  
69.502530 0.007368  0.003630  -0.009626  0.681461  0.590200  0.432754  -0.670053  0.740974  0.044581  -0.294347  -0.320348  0.900409  -0.003982  0.000993  0.008575  -1.344216  -1.312995  -0.468325  1.000000  
69.503770 0.007365  0.003631  -0.009618  0.681067  0.590560  0.432882  -0.669665  0.741472  0.042050  -0.296137  -0.318525  0.900469  -0.003900  0.000909  0.008265  -1.356900  -1.322577  -0.469499  1.000000  
69.504771 0.007361  0.003632  -0.009612  0.680755  0.590910  0.432896  -0.669359  0.741864  0.039951  -0.297542  -0.316959  0.900558  -0.003905  0.000853  0.008081  -1.369174  -1.327449  -0.469246  1.000000  
69.506020 0.007357  0.003633  -0.009603  0.680385  0.591305  0.432937  -0.668995  0.742320  0.037503  -0.299203  -0.315149  0.900644  -0.003840  0.000728  0.007996  -1.382209  -1.333927  -0.469723  1.000000  
69.507270 0.007352  0.003633  -0.009594  0.680013  0.591756  0.432906  -0.668629  0.742774  0.034963  -0.300862  -0.313229  0.900761  -0.003850  0.000609  0.007888  -1.398706  -1.334988  -0.467563  1.000000  
69.508523 0.007347  0.003633  -0.009584  0.679639  0.592209  0.432875  -0.668261  0.743220  0.032422  -0.302520  -0.311309  0.900871  -0.003862  0.000501  0.007886  -1.410629  -1.335565  -0.465144  1.000000  
69.509771 0.007343  0.003633  -0.009574  0.679262  0.592611  0.432914  -0.667891  0.743655  0.029971  -0.304178  -0.309498  0.900937  -0.003832  0.000412  0.007753  -1.418855  -1.336438  -0.462920  1.000000  
69.510778 0.007339  0.003632  -0.009567  0.678972  0.592947  0.432911  -0.667605  0.743987  0.028043  -0.305452  -0.308054  0.901000  -0.003809  0.000333  0.007563  -1.430422  -1.339521  -0.461640  1.000000  
69.512023 0.007334  0.003632  -0.009558  0.678650  0.593464  0.432705  -0.667289  0.744356  0.025669  -0.306853  -0.306160  0.901170  -0.003808  0.000268  0.007441  -1.440808  -1.329699  -0.462482  1.000000  
69.513273 0.007328  0.003631  -0.009549  0.678269  0.593873  0.432743  -0.666914  0.744773  0.023216  -0.308508  -0.304349  0.901218  -0.003821  0.000159  0.007174  -1.449109  -1.334817  -0.461801  1.000000  
69.514275 0.007325  0.003631  -0.009542  0.678003  0.594295  0.432580  -0.666653  0.745064  0.021280  -0.309653  -0.302809  0.901344  -0.003743  0.000144  0.007088  -1.453129  -1.331206  -0.458234  1.000000  
69.515286 0.007321  0.003630  -0.009534  0.677737  0.594665  0.432488  -0.666391  0.745349  0.019434  -0.310798  -0.301378  0.901430  -0.003750  0.000034  0.007077  -1.456410  -1.326859  -0.454609  1.000000  
69.516292 0.007316  0.003630  -0.009527  0.677470  0.595036  0.432397  -0.666128  0.745630  0.017588  -0.311942  -0.299947  0.901512  -0.003764  0.000049  0.007127  -1.458385  -1.316702  -0.455940  1.000000  
69.517524 0.007311  0.003631  -0.009516  0.677112  0.595481  0.432346  -0.665776  0.745996  0.015216  -0.313467  -0.298149  0.901579  -0.003818  0.000038  0.007381  -1.463221  -1.309688  -0.450850  1.000000  
69.518524 0.007307  0.003631  -0.009506  0.676812  0.595826  0.432339  -0.665482  0.746296  0.013284  -0.314738  -0.296705  0.901613  -0.003920  -0.000042  0.007602  -1.463576  -1.303910  -0.447055  1.000000  
69.519777 0.007300  0.003630  -0.009493  0.676421  0.596246  0.432373  -0.665097  0.746679  0.010827  -0.316388  -0.294893  0.901630  -0.004079  -0.000127  0.007914  -1.465155  -1.300333  -0.449863  1.000000  
69.521023 0.007294  0.003630  -0.009479  0.676088  0.596724  0.432234  -0.664770  0.747000  0.008537  -0.317784  -0.293108  0.901721  -0.004176  -0.000151  0.008225  -1.469278  -1.292662  -0.444623  1.000000  
69.522273 0.007288  0.003631  -0.009465  0.675723  0.597123  0.432252  -0.664411  0.747341  0.006254  -0.319306  -0.291419  0.901731  -0.004288  -0.000161  0.008589  -1.469707  -1.285282  -0.439603  1.000000  
69.523274 0.007283  0.003631  -0.009455  0.675312  0.597657  0.432158  -0.664280  0.747471  0.004315  -0.320447  -0.289988  0.901787  -0.004333  -0.000117  0.008749  -1.471978  -1.279725  -0.428607  1.000000  
69.524522 0.007277  0.003631  -0.009442  0.674975  0.598087  0.432089  -0.663949  0.747775  0.002115  -0.321841  -0.288312  0.901828  -0.004466  -0.000151  0.008914  -1.468902  -1.270668  -0.423353  1.000000  
69.525524 0.007272  0.003631  -0.009432  0.674698  0.598417  0.432065  -0.663676  0.748020  0.000355  -0.322981  -0.286991  0.901842  -0.004523  -0.000094  0.009122  -1.463746  -1.266056  -0.419815  1.000000  
69.526776 0.007266  0.003632  -0.009418  0.674191  0.598977  0.432080  -0.663451  0.748217  -0.002019  -0.324500  -0.285303  0.901833  -0.004595  0.000024  0.009484  -1.459622  -1.260350  -0.415032  1.000000  
69.527777 0.007261  0.003633  -0.009407  0.673912  0.599361  0.431982  -0.663176  0.748453  -0.003870  -0.325638  -0.283872  0.901874  -0.004667  0.000096  0.009746  -1.463301  -1.252048  -0.410276  1.000000  
69.529024 0.007255  0.003634  -0.009390  0.673464  0.599979  0.431823  -0.663009  0.748587  -0.006077  -0.326903  -0.282210  0.901938  -0.004716  0.000204  0.010297  -1.461764  -1.244715  -0.398839  1.000000  
69.530026 0.007250  0.003634  -0.009376  0.673183  0.600314  0.431796  -0.662732  0.748816  -0.007838  -0.328041  -0.280889  0.901937  -0.004760  0.000261  0.010722  -1.457491  -1.238503  -0.394423  1.000000  
69.531028 0.007245  0.003636  -0.009362  0.672901  0.600649  0.431769  -0.662454  0.749041  -0.009599  -0.329178  -0.279568  0.901933  -0.004846  0.000341  0.011200  -1.453324  -1.234683  -0.391248  1.000000  
69.532270 0.007239  0.003637  -0.009342  0.672587  0.601064  0.431682  -0.662145  0.749286  -0.011627  -0.330441  -0.278015  0.901951  -0.004884  0.000447  0.011717  -1.446065  -1.218991  -0.383722  1.000000  
69.533271 0.007233  0.003638  -0.009328  0.672198  0.601583  0.431565  -0.662035  0.749354  -0.013393  -0.331452  -0.276708  0.901983  -0.004934  0.000498  0.012074  -1.443651  -1.204045  -0.370005  1.000000  
69.534526 0.007226  0.003640  -0.009308  0.671881  0.602053  0.431402  -0.661723  0.749588  -0.015513  -0.332714  -0.275046  0.902026  -0.005017  0.000688  0.012515  -1.439799  -1.194634  -0.365064  1.000000  
69.535770 0.007219  0.003642  -0.009290  0.671364  0.602574  0.431481  -0.661485  0.749747  -0.017800  -0.334227  -0.273468  0.901946  -0.005075  0.000758  0.012799  -1.429654  -1.190287  -0.353978  1.000000  
69.537020 0.007211  0.003644  -0.009271  0.671045  0.602994  0.431390  -0.661171  0.749973  -0.019829  -0.335488  -0.271916  0.901948  -0.005176  0.000919  0.013186  -1.417502  -1.178086  -0.347741  1.000000  
69.538270 0.007204  0.003647  -0.009252  0.670524  0.603571  0.431393  -0.660930  0.750119  -0.022208  -0.337000  -0.270229  0.901891  -0.005264  0.001066  0.013525  -1.411741  -1.176545  -0.338023  1.000000  
69.539270 0.007199  0.003649  -0.009237  0.670267  0.603941  0.431275  -0.660676  0.750291  -0.023887  -0.338008  -0.268922  0.901904  -0.005288  0.001203  0.013934  -1.407661  -1.168401  -0.333635  1.000000  
69.540522 0.007192  0.003651  -0.009215  0.669944  0.604365  0.431181  -0.660358  0.750503  -0.025917  -0.339267  -0.267371  0.901893  -0.005350  0.001333  0.014421  -1.400109  -1.159228  -0.329134  1.000000  
69.541770 0.007186  0.003655  -0.009193  0.669452  0.604973  0.431094  -0.660145  0.750608  -0.028213  -0.340651  -0.265698  0.901866  -0.005339  0.001501  0.014963  -1.394268  -1.157499  -0.319496  1.000000  
69.542772 0.007180  0.003657  -0.009176  0.669192  0.605398  0.430901  -0.659889  0.750765  -0.029983  -0.341657  -0.264282  0.901901  -0.005392  0.001614  0.015346  -1.394321  -1.149446  -0.315142  1.000000  
69.543778 0.007175  0.003660  -0.009159  0.668898  0.605747  0.430866  -0.659599  0.750947  -0.031748  -0.342788  -0.262963  0.901857  -0.005422  0.001765  0.015625  -1.390518  -1.150032  -0.313598  1.000000  
69.545023 0.007169  0.003664  -0.009137  0.668571  0.606177  0.430770  -0.659277  0.751141  -0.033779  -0.344045  -0.261413  0.901830  -0.005418  0.001940  0.015888  -1.378833  -1.146632  -0.310352  1.000000  
69.546028 0.007163  0.003666  -0.009121  0.668276  0.606528  0.430734  -0.658985  0.751316  -0.035544  -0.345175  -0.260094  0.901779  -0.005467  0.002054  0.016041  -1.375595  -1.143418  -0.307615  1.000000  
69.547273 0.007156  0.003669  -0.009101  0.667811  0.607115  0.430628  -0.658798  0.751377  -0.037665  -0.346431  -0.258544  0.901743  -0.005551  0.002135  0.016162  -1.368461  -1.136171  -0.296566  1.000000  
69.548522 0.007148  0.003672  -0.009080  0.667480  0.607496  0.430603  -0.658472  0.751563  -0.039606  -0.347686  -0.257104  0.901672  -0.005566  0.002212  0.016235  -1.356474  -1.128170  -0.292126  1.000000  
69.549523 0.007141  0.003673  -0.009064  0.667215  0.607875  0.430480  -0.658210  0.751701  -0.041286  -0.348689  -0.255799  0.901656  -0.005683  0.002203  0.016306  -1.352423  -1.119978  -0.287951  1.000000  
69.550770 0.007132  0.003677  -0.009042  0.666882  0.608258  0.430453  -0.657882  0.751880  -0.043228  -0.349943  -0.254360  0.901577  -0.005788  0.002309  0.016511  -1.340569  -1.112066  -0.283592  1.000000  
69.552020 0.007123  0.003679  -0.009020  0.666582  0.608667  0.430341  -0.657585  0.752030  -0.045085  -0.351071  -0.252933  0.901540  -0.005949  0.002351  0.016814  -1.332442  -1.099596  -0.277970  1.000000  
69.553021 0.007115  0.003682  -0.009000  0.666347  0.609021  0.430203  -0.657354  0.752140  -0.046590  -0.351947  -0.251751  0.901529  -0.006084  0.002363  0.017076  -1.322098  -1.093824  -0.281426  1.000000  
69.554270 0.007104  0.003686  -0.008976  0.665876  0.609563  0.430165  -0.657160  0.752181  -0.048621  -0.353199  -0.250312  0.901440  -0.006358  0.002458  0.017367  -1.315201  -1.088098  -0.270478  1.000000  
69.555520 0.007094  0.003689  -0.008953  0.665539  0.610004  0.430062  -0.656827  0.752338  -0.050654  -0.354451  -0.248764  0.901377  -0.006560  0.002539  0.017529  -1.312488  -1.083769  -0.267966  1.000000  
69.556522 0.007085  0.003692  -0.008934  0.665134  0.610491  0.429998  -0.656697  0.752336  -0.052333  -0.355452  -0.247570  0.901312  -0.006834  0.002502  0.017616  -1.307326  -1.076041  -0.263562  1.000000  
69.557770 0.007074  0.003696  -0.008911  0.664659  0.611089  0.429882  -0.656500  0.752358  -0.054455  -0.356702  -0.246023  0.901242  -0.007041  0.002600  0.017721  -1.302954  -1.073621  -0.254851  1.000000  
69.559022 0.007064  0.003700  -0.008888  0.664319  0.611533  0.429776  -0.656164  0.752501  -0.056489  -0.357952  -0.244477  0.901167  -0.007323  0.002641  0.017783  -1.296412  -1.072035  -0.259265  1.000000  
69.560026 0.007055  0.003703  -0.008869  0.663945  0.612047  0.429622  -0.656064  0.752466  -0.058083  -0.358826  -0.243296  0.901139  -0.007609  0.002666  0.017896  -1.294732  -1.065548  -0.249230  1.000000  
69.561276 0.007044  0.003707  -0.008847  0.663502  0.612671  0.429416  -0.655897  0.752453  -0.060121  -0.359950  -0.241762  0.901103  -0.007911  0.002723  0.018013  -1.295797  -1.059399  -0.238222  1.000000  
69.562523 0.007032  0.003711  -0.008824  0.663024  0.613222  0.429369  -0.655694  0.752464  -0.062152  -0.361198  -0.240326  0.900988  -0.008167  0.002793  0.018159  -1.289315  -1.059629  -0.237297  1.000000  
69.563773 0.007020  0.003715  -0.008801  0.662580  0.613745  0.429308  -0.655524  0.752457  -0.064008  -0.362320  -0.239012  0.900887  -0.008388  0.002805  0.018345  -1.282003  -1.057505  -0.227582  1.000000  
69.565021 0.007008  0.003718  -0.008776  0.661965  0.614505  0.429170  -0.655455  0.752325  -0.066219  -0.363567  -0.237467  0.900793  -0.008725  0.002864  0.018581  -1.282930  -1.057143  -0.212192  1.000000  
69.566022 0.006998  0.003720  -0.008757  0.661553  0.614948  0.429170  -0.655317  0.752304  -0.067807  -0.364564  -0.236385  0.900675  -0.008879  0.002897  0.018737  -1.278894  -1.053002  -0.209777  1.000000  
