1-Time 2-Px 3-Py 4-Pz 5-R11 6-R21 7-R31 8-R12 9-R22 10-R32 11-R13 12-R23 13-R33 14-Vx 15-Vy 16-Vz 17-Wx 18-Wy 19-Wz 20-state
100.505330 0.002465  0.009723  -0.055707  0.741188  0.370181  0.560005  -0.596338  -0.019980  0.802484  0.308253  -0.928745  0.205944  0.000377  -0.000054  -0.002244  0.000000  0.000000  0.000000  1.000000  
100.506555 0.002466  0.009722  -0.055704  0.741311  0.370117  0.559885  -0.596186  -0.020002  0.802597  0.308253  -0.928770  0.205831  0.000436  -0.001203  0.003415  0.000000  0.000000  0.000000  1.000000  
100.507785 0.002471  0.009707  -0.055648  0.741311  0.370117  0.559885  -0.596186  -0.020002  0.802597  0.308253  -0.928770  0.205831  0.002353  -0.006878  0.026083  0.000000  0.000000  0.000000  1.000000  
100.508806 0.002476  0.009695  -0.055591  0.741311  0.370185  0.559840  -0.596186  -0.019904  0.802600  0.308253  -0.928745  0.205944  0.003143  -0.008394  0.035374  0.000000  0.000000  0.000000  1.000000  
100.510043 0.002479  0.009688  -0.055540  0.741311  0.370185  0.559840  -0.596186  -0.019904  0.802600  0.308253  -0.928745  0.205944  0.003063  -0.007725  0.037121  0.000000  0.000000  0.000000  1.000000  
100.511292 0.002479  0.009688  -0.055511  0.741311  0.370253  0.559795  -0.596186  -0.019807  0.802602  0.308253  -0.928720  0.206056  0.002310  -0.006091  0.033979  0.000000  0.000000  0.000000  1.000000  
100.512535 0.002469  0.009688  -0.055489  0.741311  0.370253  0.559795  -0.596186  -0.019807  0.802602  0.308253  -0.928720  0.206056  0.000529  -0.005030  0.031118  0.000000  0.000000  0.000000  1.000000  
100.513801 0.002456  0.009686  -0.055467  0.741188  0.370249  0.559960  -0.596338  -0.019883  0.802487  0.308253  -0.928720  0.206056  -0.001074  -0.004407  0.029038  0.000000  0.000000  0.000000  1.000000  
100.515047 0.002453  0.009684  -0.055440  0.741188  0.370249  0.559960  -0.596338  -0.019883  0.802487  0.308253  -0.928720  0.206056  -0.001304  -0.004050  0.028050  0.000000  0.000000  0.000000  1.000000  
100.516287 0.002458  0.009680  -0.055407  0.741188  0.370249  0.559960  -0.596338  -0.019883  0.802487  0.308253  -0.928720  0.206056  -0.000659  -0.003988  0.027867  0.000000  0.000000  0.000000  1.000000  
100.517528 0.002462  0.009670  -0.055364  0.741221  0.370152  0.559982  -0.596364  -0.019805  0.802470  0.308126  -0.928760  0.206065  -0.000293  -0.004395  0.028620  0.000000  0.000000  0.000000  1.000000  
100.518790 0.002458  0.009660  -0.055316  0.741130  0.370051  0.560169  -0.596543  -0.019803  0.802337  0.307999  -0.928800  0.206074  -0.000559  -0.004770  0.029502  0.000000  0.000000  0.000000  1.000000  
100.520027 0.002450  0.009649  -0.055266  0.740948  0.369713  0.560632  -0.596900  -0.019994  0.802067  0.307744  -0.928931  0.205867  -0.001037  -0.005112  0.030428  0.000000  0.000000  0.000000  1.000000  
100.521027 0.002444  0.009637  -0.055219  0.740858  0.369476  0.560908  -0.597078  -0.020187  0.801929  0.307617  -0.929021  0.205650  -0.001445  -0.005866  0.033194  0.000000  0.000000  0.000000  1.000000  
100.522276 0.002439  0.009615  -0.055151  0.740735  0.369404  0.561118  -0.597230  -0.020360  0.801811  0.307617  -0.929046  0.205538  -0.002075  -0.006482  0.034736  0.000000  0.000000  0.000000  1.000000  
100.523278 0.002438  0.009596  -0.055094  0.740612  0.369264  0.561372  -0.597383  -0.020631  0.801691  0.307617  -0.929096  0.205312  -0.002361  -0.007081  0.035209  0.000000  0.000000  0.000000  1.000000  
100.524530 0.002439  0.009575  -0.055037  0.740580  0.369360  0.561351  -0.597357  -0.020709  0.801708  0.307744  -0.929055  0.205303  -0.002609  -0.007678  0.034798  0.000000  0.000000  0.000000  1.000000  
100.525531 0.002436  0.009563  -0.055006  0.740547  0.369389  0.561374  -0.597331  -0.020884  0.801723  0.307872  -0.929040  0.205182  -0.002908  -0.008258  0.034683  0.000000  0.000000  0.000000  1.000000  
100.526532 0.002428  0.009555  -0.054977  0.740425  0.369385  0.561539  -0.597484  -0.020960  0.801607  0.307872  -0.929040  0.205182  -0.003189  -0.008990  0.035689  0.000000  0.000000  0.000000  1.000000  
100.527779 0.002414  0.009546  -0.054928  0.740392  0.369481  0.561518  -0.597458  -0.021038  0.801624  0.307999  -0.929000  0.205173  -0.003443  -0.009449  0.037194  0.000000  0.000000  0.000000  1.000000  
100.528787 0.002406  0.009537  -0.054875  0.740360  0.369578  0.561497  -0.597432  -0.021116  0.801642  0.308126  -0.928960  0.205164  -0.003366  -0.009952  0.039484  0.000000  0.000000  0.000000  1.000000  
100.530030 0.002403  0.009523  -0.054792  0.740483  0.369583  0.561332  -0.597279  -0.021040  0.801757  0.308126  -0.928960  0.205164  -0.003345  -0.010774  0.043242  0.000000  0.000000  0.000000  1.000000  
100.531034 0.002406  0.009509  -0.054713  0.740606  0.369655  0.561122  -0.597127  -0.020867  0.801875  0.308126  -0.928935  0.205277  -0.003397  -0.011463  0.046762  0.000000  0.000000  0.000000  1.000000  
100.532280 0.002407  0.009491  -0.054611  0.740852  0.369732  0.560747  -0.596822  -0.020618  0.802109  0.308126  -0.928910  0.205389  -0.003686  -0.012172  0.051002  0.000000  0.000000  0.000000  1.000000  
100.533528 0.002401  0.009474  -0.054518  0.741098  0.369808  0.560371  -0.596517  -0.020368  0.802342  0.308126  -0.928885  0.205502  -0.003850  -0.012624  0.054111  0.000000  0.000000  0.000000  1.000000  
100.534528 0.002389  0.009464  -0.054461  0.741253  0.369783  0.560183  -0.596390  -0.020117  0.802443  0.307999  -0.928900  0.205624  -0.004269  -0.012688  0.055280  0.000000  0.000000  0.000000  1.000000  
100.535777 0.002371  0.009455  -0.054408  0.741498  0.369927  0.559763  -0.596085  -0.019770  0.802678  0.307999  -0.928850  0.205849  -0.004944  -0.012333  0.054872  0.000000  0.000000  0.000000  1.000000  
100.536778 0.002357  0.009446  -0.054370  0.741744  0.370071  0.559342  -0.595780  -0.019423  0.802913  0.307999  -0.928800  0.206074  -0.005541  -0.011868  0.053937  0.000000  0.000000  0.000000  1.000000  
100.537807 0.002345  0.009435  -0.054329  0.742111  0.370219  0.558757  -0.595321  -0.018999  0.803263  0.307999  -0.928750  0.206300  -0.006288  -0.011224  0.052671  0.000000  0.000000  0.000000  1.000000  
100.539029 0.002337  0.009415  -0.054268  0.742479  0.370433  0.558126  -0.594863  -0.018478  0.803615  0.307999  -0.928675  0.206638  -0.006888  -0.011053  0.052802  0.000000  0.000000  0.000000  1.000000  
100.540276 0.002336  0.009395  -0.054200  0.742846  0.370580  0.557539  -0.594404  -0.018054  0.803964  0.307999  -0.928625  0.206863  -0.006761  -0.011372  0.054211  0.000000  0.000000  0.000000  1.000000  
100.541276 0.002335  0.009381  -0.054142  0.743091  0.370655  0.557163  -0.594098  -0.017804  0.804195  0.307999  -0.928600  0.206975  -0.006386  -0.011713  0.056277  0.000000  0.000000  0.000000  1.000000  
100.542278 0.002331  0.009368  -0.054080  0.743458  0.370801  0.556577  -0.593639  -0.017380  0.804544  0.307999  -0.928550  0.207201  -0.005949  -0.012111  0.058042  0.000000  0.000000  0.000000  1.000000  
100.543282 0.002326  0.009354  -0.054012  0.743670  0.370973  0.556179  -0.593307  -0.017207  0.804792  0.308126  -0.928484  0.207304  -0.005541  -0.012604  0.059533  0.000000  0.000000  0.000000  1.000000  
100.544536 0.002324  0.009335  -0.053928  0.744126  0.371219  0.555404  -0.592669  -0.016784  0.805271  0.308253  -0.928394  0.207521  -0.005329  -0.012968  0.059834  -0.103389  0.153018  -0.034077  1.000000  
100.545780 0.002325  0.009316  -0.053850  0.744459  0.371595  0.554704  -0.592184  -0.016241  0.805639  0.308381  -0.928253  0.207962  -0.005502  -0.013090  0.058494  -0.125924  0.173091  -0.034020  1.000000  
100.547031 0.002330  0.009299  -0.053779  0.744915  0.371907  0.553884  -0.591545  -0.015719  0.806119  0.308508  -0.928137  0.208291  -0.005271  -0.012993  0.056436  -0.146574  0.199596  -0.035393  1.000000  
100.548275 0.002331  0.009283  -0.053710  0.745247  0.372283  0.553183  -0.591059  -0.015175  0.806486  0.308635  -0.927995  0.208732  -0.004809  -0.012884  0.055004  -0.171124  0.226896  -0.032407  1.000000  
100.549280 0.002327  0.009272  -0.053659  0.745612  0.372560  0.552505  -0.590599  -0.014554  0.806834  0.308635  -0.927894  0.209182  -0.004230  -0.012990  0.054318  -0.201408  0.256413  -0.029684  1.000000  
100.550525 0.002318  0.009259  -0.053595  0.746131  0.372809  0.551636  -0.590010  -0.013680  0.807280  0.308508  -0.927807  0.209754  -0.003853  -0.013134  0.054781  -0.238818  0.286436  -0.036651  1.000000  
100.551526 0.002311  0.009249  -0.053538  0.746374  0.373082  0.551122  -0.589703  -0.013135  0.807514  0.308508  -0.927705  0.210204  -0.003289  -0.013322  0.056201  -0.265151  0.306274  -0.036601  1.000000  
100.552532 0.002308  0.009238  -0.053469  0.746738  0.373357  0.550443  -0.589242  -0.012512  0.807860  0.308508  -0.927603  0.210654  -0.002529  -0.013334  0.058448  -0.300300  0.334462  -0.042695  1.000000  
100.553778 0.002311  0.009222  -0.053367  0.747134  0.373601  0.549739  -0.588806  -0.011715  0.808190  0.308381  -0.927515  0.211226  -0.001836  -0.013137  0.060973  -0.333300  0.359210  -0.052936  1.000000  
100.555027 0.002316  0.009203  -0.053257  0.747530  0.373910  0.548990  -0.588370  -0.010819  0.808520  0.308253  -0.927402  0.211910  -0.001331  -0.013010  0.063905  -0.365184  0.373375  -0.065603  1.000000  
100.556027 0.002320  0.009189  -0.053172  0.747837  0.374052  0.548475  -0.588113  -0.010021  0.808717  0.307999  -0.927353  0.212491  -0.001021  -0.013044  0.065763  -0.389649  0.383213  -0.081648  1.000000  
100.557029 0.002320  0.009177  -0.053095  0.748111  0.374291  0.547937  -0.587830  -0.009300  0.808931  0.307872  -0.927265  0.213063  -0.000765  -0.012958  0.066706  -0.416360  0.400485  -0.094807  1.000000  
100.558030 0.002319  0.009168  -0.053029  0.748297  0.374430  0.547589  -0.587727  -0.008579  0.809014  0.307617  -0.927215  0.213643  -0.000516  -0.012617  0.066751  -0.442101  0.408072  -0.105904  1.000000  
100.559279 0.002319  0.009160  -0.052956  0.748450  0.374799  0.547127  -0.587599  -0.007738  0.809116  0.307490  -0.927074  0.214440  -0.000335  -0.011937  0.065915  -0.470681  0.406079  -0.114860  1.000000  
100.560284 0.002321  0.009154  -0.052898  0.748636  0.374937  0.546778  -0.587495  -0.007017  0.809197  0.307235  -0.927024  0.215021  -0.000242  -0.011252  0.065542  -0.490901  0.403985  -0.123733  1.000000  
100.561532 0.002329  0.009144  -0.052817  0.748789  0.375305  0.546315  -0.587367  -0.006176  0.809297  0.307108  -0.926881  0.215817  0.000040  -0.010767  0.066157  -0.515339  0.402945  -0.128318  1.000000  
100.562533 0.002338  0.009132  -0.052739  0.748789  0.375636  0.546088  -0.587367  -0.005685  0.809301  0.307108  -0.926750  0.216379  0.000477  -0.010723  0.067777  -0.527382  0.390053  -0.125545  1.000000  
100.563781 0.002349  0.009113  -0.052627  0.748943  0.376003  0.545625  -0.587238  -0.004844  0.809400  0.306980  -0.926606  0.217175  0.001323  -0.010991  0.070485  -0.547728  0.390015  -0.125766  1.000000  
100.565027 0.002357  0.009093  -0.052510  0.748975  0.376435  0.545283  -0.587263  -0.003982  0.809386  0.306853  -0.926434  0.218084  0.002340  -0.011401  0.074055  -0.567970  0.376150  -0.127469  1.000000  
100.566028 0.002362  0.009079  -0.052419  0.749039  0.376571  0.545100  -0.587314  -0.003339  0.809353  0.306598  -0.926382  0.218664  0.003321  -0.011703  0.076878  -0.579977  0.361278  -0.133441  1.000000  
100.567277 0.002369  0.009066  -0.052310  0.748983  0.376904  0.544947  -0.587518  -0.002478  0.809207  0.306344  -0.926249  0.219582  0.004005  -0.011699  0.078523  -0.591869  0.333552  -0.136572  1.000000  
100.568536 0.002377  0.009054  -0.052202  0.749048  0.377304  0.544582  -0.587569  -0.001441  0.809173  0.306089  -0.926088  0.220612  0.004514  -0.011401  0.078936  -0.613864  0.312138  -0.141101  1.000000  
100.569776 0.002388  0.009042  -0.052096  0.749112  0.377703  0.544217  -0.587620  -0.000405  0.809137  0.305834  -0.925927  0.221642  0.004831  -0.011010  0.078882  -0.630813  0.288419  -0.144445  1.000000  
100.570777 0.002397  0.009033  -0.052013  0.749297  0.377970  0.543776  -0.587516  0.000513  0.809213  0.305579  -0.925818  0.222447  0.005240  -0.010607  0.078600  -0.648829  0.279954  -0.151810  1.000000  
100.571779 0.002407  0.009026  -0.051934  0.749362  0.378302  0.543456  -0.587566  0.001451  0.809175  0.305324  -0.925681  0.223365  0.005776  -0.010222  0.078642  -0.672987  0.265184  -0.157726  1.000000  
100.572780 0.002415  0.009023  -0.051856  0.749579  0.378471  0.543039  -0.587488  0.002445  0.809230  0.304942  -0.925610  0.224180  0.006506  -0.009869  0.079537  -0.692904  0.249338  -0.167912  1.000000  
100.574026 0.002424  0.009019  -0.051753  0.749675  0.378837  0.542651  -0.587563  0.003656  0.809170  0.304560  -0.925456  0.225331  0.007076  -0.009509  0.081112  -0.719087  0.226143  -0.181061  1.000000  
100.575028 0.002432  0.009013  -0.051662  0.749771  0.379005  0.542400  -0.587638  0.004572  0.809111  0.304178  -0.925383  0.226146  0.007434  -0.009481  0.083435  -0.728812  0.202858  -0.194079  1.000000  
100.576037 0.002441  0.009006  -0.051563  0.749988  0.379238  0.541937  -0.587559  0.005664  0.809161  0.303795  -0.925282  0.227073  0.007743  -0.009491  0.086175  -0.748591  0.181003  -0.208751  1.000000  
100.577298 0.002456  0.008992  -0.051433  0.750237  0.379438  0.541452  -0.587505  0.006931  0.809191  0.303285  -0.925191  0.228122  0.007982  -0.009448  0.088493  -0.764395  0.162812  -0.227670  1.000000  
100.578531 0.002473  0.008978  -0.051299  0.750454  0.379801  0.540898  -0.587426  0.008219  0.809236  0.302903  -0.925032  0.229273  0.008362  -0.009165  0.090037  -0.782688  0.144587  -0.240432  1.000000  
100.579533 0.002485  0.008968  -0.051200  0.750639  0.380129  0.540411  -0.587321  0.009235  0.809301  0.302648  -0.924888  0.230190  0.008805  -0.008885  0.090969  -0.797053  0.130689  -0.248221  1.000000  
100.580779 0.002497  0.008958  -0.051092  0.750887  0.380326  0.539926  -0.587266  0.010502  0.809326  0.302137  -0.924793  0.231239  0.009203  -0.008185  0.089968  -0.807052  0.108157  -0.256910  1.000000  
100.581779 0.002505  0.008954  -0.051016  0.751072  0.380653  0.539439  -0.587161  0.011518  0.809388  0.301882  -0.924646  0.232156  0.009357  -0.007790  0.089121  -0.819109  0.093068  -0.262674  1.000000  
100.583029 0.002515  0.008949  -0.050925  0.751320  0.380914  0.538909  -0.587106  0.012883  0.809408  0.301372  -0.924521  0.233317  0.009463  -0.007324  0.088011  -0.834457  0.082617  -0.272073  1.000000  
100.584275 0.002527  0.008942  -0.050827  0.751657  0.381204  0.538234  -0.586871  0.014152  0.809557  0.300989  -0.924382  0.234355  0.009538  -0.007020  0.087384  -0.848563  0.073961  -0.279310  1.000000  
100.585527 0.002542  0.008933  -0.050719  0.751993  0.381493  0.537558  -0.586636  0.015421  0.809704  0.300607  -0.924243  0.235394  0.009808  -0.006751  0.087757  -0.859536  0.059387  -0.287357  1.000000  
100.586777 0.002559  0.008924  -0.050599  0.752482  0.381744  0.536695  -0.586270  0.016944  0.809939  0.300096  -0.924113  0.236555  0.010173  -0.006831  0.089021  -0.870730  0.062890  -0.295284  1.000000  
100.587777 0.002573  0.008916  -0.050500  0.752819  0.381965  0.536066  -0.586034  0.018115  0.810084  0.299713  -0.923999  0.237482  0.010492  -0.007088  0.090425  -0.884766  0.066900  -0.305503  1.000000  
100.588778 0.002583  0.008910  -0.050403  0.753187  0.382022  0.535508  -0.585822  0.019263  0.810210  0.299203  -0.923952  0.238306  0.010700  -0.007292  0.091377  -0.894903  0.070931  -0.315782  1.000000  
100.590027 0.002592  0.008904  -0.050287  0.753675  0.382268  0.534645  -0.585455  0.020786  0.810438  0.298692  -0.923818  0.239467  0.010672  -0.007316  0.091654  -0.911179  0.080137  -0.331985  1.000000  
100.591028 0.002597  0.008899  -0.050200  0.754042  0.382452  0.533996  -0.585243  0.022131  0.810556  0.298181  -0.923710  0.240515  0.010416  -0.007116  0.090950  -0.931464  0.089374  -0.348183  1.000000  
100.592029 0.002603  0.008895  -0.050115  0.754409  0.382635  0.533346  -0.585030  0.023477  0.810672  0.297670  -0.923601  0.241564  0.010019  -0.006672  0.089616  -0.945666  0.092217  -0.362850  1.000000  
100.593287 0.002612  0.008892  -0.050012  0.754927  0.382907  0.532416  -0.584686  0.025272  0.810866  0.297031  -0.923441  0.242959  0.009407  -0.005855  0.087238  -0.973653  0.100996  -0.386513  1.000000  
100.594530 0.002620  0.008889  -0.049909  0.755565  0.383171  0.531320  -0.584185  0.027146  0.811166  0.296392  -0.923278  0.244353  0.008950  -0.005293  0.086117  -1.001184  0.121210  -0.408355  1.000000  
100.595780 0.002628  0.008888  -0.049804  0.756083  0.383502  0.530344  -0.583840  0.029039  0.811349  0.295753  -0.923083  0.245860  0.008688  -0.004702  0.085908  -1.033060  0.137278  -0.428604  1.000000  
100.596782 0.002633  0.008887  -0.049717  0.756600  0.383638  0.529508  -0.583493  0.030638  0.811540  0.295114  -0.922975  0.247031  0.008467  -0.004482  0.086722  -1.053434  0.159157  -0.448264  1.000000  
100.597885 0.002637  0.008887  -0.049625  0.757116  0.383771  0.528673  -0.583146  0.032236  0.811727  0.294475  -0.922865  0.248201  0.008210  -0.004142  0.087480  -1.072223  0.172944  -0.469131  1.000000  
100.599031 0.002643  0.008887  -0.049502  0.757752  0.384087  0.527531  -0.582643  0.034209  0.812008  0.293836  -0.922663  0.249707  0.007884  -0.003733  0.089854  -1.100343  0.196322  -0.486212  1.000000  
100.600277 0.002651  0.008884  -0.049373  0.758268  0.384407  0.526556  -0.582294  0.036103  0.812176  0.293196  -0.922457  0.251214  0.007378  -0.003337  0.091249  -1.120804  0.205191  -0.502901  1.000000  
100.601278 0.002659  0.008881  -0.049270  0.758751  0.384695  0.525648  -0.581921  0.037725  0.812370  0.292684  -0.922273  0.252486  0.006934  -0.003007  0.091710  -1.139058  0.221585  -0.516772  1.000000  
100.602527 0.002667  0.008879  -0.049151  0.759297  0.384911  0.524701  -0.581595  0.039694  0.812510  0.291917  -0.922100  0.254002  0.006403  -0.002536  0.091464  -1.159881  0.233749  -0.534983  1.000000  
100.603778 0.002672  0.008880  -0.049042  0.759842  0.385189  0.523708  -0.581268  0.041761  0.812640  0.291149  -0.921892  0.255630  0.005995  -0.002031  0.090719  -1.179924  0.243483  -0.547286  1.000000  
100.604793 0.002674  0.008882  -0.048961  0.760205  0.385477  0.522968  -0.581050  0.043304  0.812715  0.290637  -0.921701  0.256902  0.005591  -0.001463  0.089824  -1.201211  0.256406  -0.559555  1.000000  
100.606027 0.002674  0.008886  -0.048862  0.760629  0.385822  0.522096  -0.580878  0.045391  0.812724  0.289869  -0.921456  0.258641  0.005119  -0.000896  0.089185  -1.222349  0.256722  -0.570360  1.000000  
100.607277 0.002675  0.008887  -0.048757  0.761173  0.386154  0.521058  -0.580549  0.047557  0.812835  0.289100  -0.921207  0.260380  0.004669  -0.000435  0.089327  -1.250868  0.266464  -0.582945  1.000000  
100.608278 0.002678  0.008887  -0.048665  0.761446  0.386476  0.520420  -0.580510  0.049292  0.812760  0.288460  -0.920982  0.261886  0.004414  -0.000302  0.089836  -1.270131  0.262178  -0.595876  1.000000  
100.609281 0.002682  0.008886  -0.048566  0.761838  0.386785  0.519615  -0.580313  0.051106  0.812789  0.287819  -0.920753  0.263391  0.004221  -0.000210  0.091015  -1.292099  0.265505  -0.606514  1.000000  
100.610531 0.002687  0.008884  -0.048433  0.762322  0.386987  0.518755  -0.580185  0.053439  0.812730  0.286794  -0.920535  0.265262  0.004061  -0.000213  0.092924  -1.322148  0.265226  -0.630196  1.000000  
100.611532 0.002692  0.008885  -0.048325  0.762744  0.387194  0.517980  -0.580011  0.055328  0.812728  0.286025  -0.920337  0.266777  0.003999  -0.000148  0.094398  -1.347051  0.269465  -0.650533  1.000000  
100.612533 0.002694  0.008887  -0.048220  0.763134  0.387559  0.517130  -0.579812  0.057240  0.812737  0.285383  -0.920066  0.268393  0.003865  -0.000042  0.095971  -1.373245  0.272677  -0.661296  1.000000  
100.613781 0.002695  0.008892  -0.048093  0.763436  0.388025  0.516335  -0.579793  0.059442  0.812592  0.284614  -0.919730  0.270355  0.003550  0.000355  0.095507  -1.403595  0.261777  -0.673030  1.000000  
100.615027 0.002699  0.008899  -0.047972  0.763917  0.388342  0.515385  -0.579663  0.061971  0.812497  0.283588  -0.919429  0.272448  0.003256  0.001032  0.094946  -1.434334  0.259106  -0.691254  1.000000  
100.616028 0.002703  0.008905  -0.047879  0.764248  0.388580  0.514714  -0.579666  0.064050  0.812333  0.282689  -0.919186  0.274197  0.003026  0.001646  0.094311  -1.464316  0.247173  -0.707036  1.000000  
100.617280 0.002708  0.008912  -0.047760  0.764727  0.388830  0.513813  -0.579533  0.066479  0.812232  0.281663  -0.918908  0.276178  0.002781  0.002219  0.094247  -1.490254  0.235001  -0.722885  1.000000  
100.618525 0.002712  0.008918  -0.047637  0.765205  0.389263  0.512772  -0.579400  0.069203  0.812100  0.280635  -0.918523  0.278494  0.002672  0.002577  0.095053  -1.532476  0.222700  -0.738772  1.000000  
100.619527 0.002714  0.008923  -0.047536  0.765653  0.389543  0.511890  -0.579243  0.071459  0.812016  0.279736  -0.918232  0.280353  0.002636  0.002780  0.096330  -1.569399  0.219809  -0.758296  1.000000  
100.620527 0.002714  0.008927  -0.047430  0.765981  0.389773  0.511224  -0.579244  0.073535  0.811831  0.278837  -0.917970  0.282100  0.002732  0.002832  0.098438  -1.590555  0.205928  -0.767705  1.000000  
100.621530 0.002716  0.008930  -0.047322  0.766487  0.389852  0.510405  -0.579130  0.075937  0.811691  0.277680  -0.917741  0.283980  0.002829  0.002904  0.100213  -1.617793  0.195140  -0.789997  1.000000  
100.622775 0.002719  0.008933  -0.047184  0.767080  0.389881  0.509491  -0.579082  0.078955  0.811437  0.276137  -0.917474  0.286338  0.002846  0.003019  0.101848  -1.649440  0.182534  -0.818631  1.000000  
100.623777 0.002723  0.008934  -0.047075  0.767493  0.389873  0.508874  -0.579146  0.081349  0.811155  0.274851  -0.917268  0.288229  0.002873  0.003162  0.102817  -1.669170  0.161251  -0.840908  1.000000  
100.624782 0.002726  0.008935  -0.046967  0.768025  0.389908  0.508045  -0.579051  0.083921  0.810961  0.273565  -0.917022  0.290230  0.002751  0.003382  0.103071  -1.702910  0.148719  -0.868909  1.000000  
100.626032 0.002730  0.008938  -0.046840  0.768613  0.389929  0.507139  -0.578998  0.086934  0.810681  0.272020  -0.916732  0.292587  0.002643  0.003596  0.102513  -1.726427  0.131661  -0.896260  1.000000  
100.627033 0.002732  0.008942  -0.046746  0.769022  0.389976  0.506482  -0.579059  0.089424  0.810367  0.270732  -0.916473  0.294588  0.002628  0.003775  0.101658  -1.750427  0.111194  -0.914203  1.000000  
100.628281 0.002733  0.008949  -0.046634  0.769636  0.390015  0.505518  -0.579024  0.092705  0.810023  0.269057  -0.916130  0.297177  0.002582  0.003986  0.100552  -1.783117  0.092227  -0.939773  1.000000  
100.629282 0.002735  0.008956  -0.046544  0.770190  0.389941  0.504732  -0.578945  0.095346  0.809773  0.267639  -0.915891  0.299188  0.002529  0.004042  0.100119  -1.808928  0.070872  -0.969288  1.000000  
100.630532 0.002739  0.008962  -0.046424  0.770799  0.389973  0.503775  -0.578906  0.098624  0.809408  0.265963  -0.915530  0.301777  0.002494  0.003964  0.100157  -1.844683  0.052238  -1.002786  1.000000  
100.631777 0.002744  0.008966  -0.046293  0.771497  0.390079  0.502624  -0.578685  0.101906  0.809159  0.264415  -0.915125  0.304353  0.002493  0.003759  0.101020  -1.872363  0.039529  -1.028145  1.000000  
100.632782 0.002748  0.008967  -0.046182  0.772018  0.390214  0.501719  -0.578579  0.104666  0.808883  0.263124  -0.914756  0.306573  0.002492  0.003476  0.102024  -1.905819  0.026265  -1.051953  1.000000  
100.634027 0.002751  0.008967  -0.046040  0.772768  0.390114  0.500640  -0.578397  0.108092  0.808563  0.261317  -0.914400  0.309171  0.002536  0.003125  0.103120  -1.936262  0.018581  -1.083805  1.000000  
100.635277 0.002751  0.008968  -0.045903  0.773488  0.390168  0.499484  -0.578191  0.111540  0.808241  0.259637  -0.913962  0.311867  0.002480  0.002832  0.103559  -1.972154  0.007018  -1.113677  1.000000  
100.636529 0.002749  0.008971  -0.045771  0.774087  0.390301  0.498452  -0.578141  0.115005  0.807791  0.257957  -0.913476  0.314673  0.002219  0.002734  0.103401  -2.010698  -0.010071  -1.146785  1.000000  
100.637777 0.002747  0.008975  -0.045648  0.774830  0.390307  0.497292  -0.577951  0.118620  0.807404  0.256147  -0.913011  0.317489  0.001862  0.002888  0.102258  -2.041922  -0.011903  -1.179622  1.000000  
100.638778 0.002746  0.008977  -0.045553  0.775488  0.390361  0.496222  -0.577697  0.121622  0.807139  0.254724  -0.912593  0.319827  0.001506  0.002962  0.101298  -2.072441  -0.015974  -1.207569  1.000000  
100.639778 0.002745  0.008979  -0.045459  0.776026  0.390376  0.495369  -0.577601  0.124445  0.806778  0.253301  -0.912206  0.322054  0.001253  0.002979  0.100591  -2.099674  -0.026286  -1.232671  1.000000  
100.640779 0.002744  0.008982  -0.045363  0.776654  0.390460  0.494318  -0.577323  0.127273  0.806535  0.252006  -0.911780  0.324269  0.000952  0.003003  0.100121  -2.126201  -0.027761  -1.252137  1.000000  
100.641781 0.002742  0.008984  -0.045266  0.777307  0.390501  0.493257  -0.577064  0.130271  0.806242  0.250582  -0.911339  0.326604  0.000680  0.002892  0.100240  -2.156604  -0.029903  -1.281151  1.000000  
100.643034 0.002739  0.008986  -0.045141  0.778012  0.390581  0.492081  -0.576842  0.133803  0.805822  0.248897  -0.910793  0.329404  0.000392  0.002517  0.101237  -2.182334  -0.035085  -1.308797  1.000000  
100.644282 0.002735  0.008987  -0.045010  0.778860  0.390649  0.490684  -0.576478  0.137680  0.805430  0.247083  -0.910186  0.332434  -0.000040  0.002005  0.102359  -2.224600  -0.029222  -1.345292  1.000000  
100.645534 0.002731  0.008987  -0.044878  0.779587  0.390678  0.489504  -0.576271  0.141377  0.804938  0.245267  -0.909606  0.335352  -0.000561  0.001635  0.102973  -2.253485  -0.034755  -1.372444  1.000000  
100.646781 0.002728  0.008985  -0.044746  0.780403  0.390830  0.488081  -0.575881  0.145176  0.804540  0.243580  -0.908942  0.338367  -0.001157  0.001339  0.102947  -2.289305  -0.031333  -1.393817  1.000000  
100.648025 0.002724  0.008984  -0.044618  0.781217  0.390973  0.486661  -0.575489  0.148973  0.804127  0.241893  -0.908266  0.341381  -0.001632  0.001154  0.102434  -2.320033  -0.025568  -1.418426  1.000000  
100.649279 0.002717  0.008982  -0.044497  0.781936  0.391044  0.485449  -0.575274  0.152757  0.803570  0.240075  -0.907607  0.344404  -0.002368  0.000980  0.100816  -2.346655  -0.035759  -1.447151  1.000000  
100.650528 0.002708  0.008982  -0.044383  0.782719  0.391271  0.484001  -0.574857  0.156476  0.803153  0.238516  -0.906875  0.347402  -0.002900  0.000892  0.099414  -2.379906  -0.024992  -1.466386  1.000000  
100.651529 0.002700  0.008982  -0.044293  0.783331  0.391544  0.482790  -0.574562  0.159675  0.802734  0.237217  -0.906199  0.350045  -0.003330  0.000706  0.098523  -2.406052  -0.025869  -1.469147  1.000000  
100.652530 0.002692  0.008982  -0.044199  0.783966  0.391715  0.481619  -0.574283  0.162944  0.802277  0.235787  -0.905543  0.352698  -0.003726  0.000486  0.098267  -2.439162  -0.021966  -1.479208  1.000000  
100.653778 0.002683  0.008981  -0.044076  0.784651  0.392151  0.480147  -0.574040  0.167132  0.801589  0.234096  -0.904591  0.356250  -0.004183  0.000230  0.098473  -2.485105  -0.021537  -1.485766  1.000000  
100.655027 0.002675  0.008979  -0.043943  0.785358  0.392424  0.478766  -0.573813  0.171289  0.800873  0.232274  -0.903694  0.359701  -0.004635  -0.000085  0.099491  -2.522915  -0.021129  -1.492407  1.000000  
100.656027 0.002670  0.008978  -0.043833  0.785987  0.392635  0.477558  -0.573529  0.174646  0.800352  0.230842  -0.902960  0.362457  -0.004980  -0.000379  0.100426  -2.553649  -0.017582  -1.501499  1.000000  
100.657028 0.002663  0.008978  -0.043722  0.786640  0.392744  0.476393  -0.573261  0.178072  0.799789  0.229280  -0.902243  0.365223  -0.005264  -0.000444  0.101225  -2.584723  -0.011681  -1.514484  1.000000  
100.658278 0.002653  0.008979  -0.043592  0.787364  0.392958  0.475017  -0.573045  0.182386  0.798971  0.227326  -0.901288  0.368787  -0.005724  -0.000535  0.101551  -2.621698  -0.013142  -1.525102  1.000000  
100.659281 0.002644  0.008980  -0.043490  0.788012  0.393113  0.473813  -0.572772  0.185901  0.798356  0.225762  -0.900501  0.371657  -0.006094  -0.000444  0.101340  -2.654705  -0.012140  -1.531494  1.000000  
100.660542 0.002631  0.008982  -0.043369  0.788873  0.393293  0.472229  -0.572406  0.190551  0.797522  0.223676  -0.899450  0.375444  -0.006734  -0.000308  0.100467  -2.700363  -0.012880  -1.549990  1.000000  
100.661779 0.002619  0.008984  -0.043250  0.789682  0.393658  0.470570  -0.572001  0.195054  0.796724  0.221850  -0.898325  0.379203  -0.007250  -0.000073  0.099757  -2.749082  -0.006855  -1.559833  1.000000  
100.662782 0.002608  0.008984  -0.043155  0.790347  0.393753  0.469373  -0.571738  0.198725  0.796005  0.220154  -0.897478  0.382185  -0.007823  0.000037  0.099146  -2.782050  -0.009335  -1.574630  1.000000  
100.664038 0.002593  0.008984  -0.043034  0.791268  0.394060  0.467560  -0.571165  0.203299  0.795261  0.218326  -0.896318  0.385937  -0.008336  0.000100  0.099182  -2.824413  -0.001898  -1.579133  1.000000  
100.665280 0.002578  0.008981  -0.042910  0.791998  0.394190  0.466212  -0.570948  0.207749  0.794266  0.216236  -0.895240  0.389599  -0.008836  -0.000076  0.099786  -2.864929  -0.013332  -1.596463  1.000000  
100.666531 0.002561  0.008978  -0.042783  0.792865  0.394229  0.464703  -0.570581  0.212440  0.793288  0.214015  -0.894121  0.393376  -0.009285  -0.000297  0.100754  -2.897840  -0.017340  -1.611457  1.000000  
100.667567 0.002548  0.008975  -0.042676  0.793447  0.394148  0.463777  -0.570504  0.216150  0.792341  0.212054  -0.893267  0.396367  -0.009628  -0.000432  0.101361  -2.922054  -0.028090  -1.626394  1.000000  
100.668780 0.002531  0.008970  -0.042539  0.794189  0.394218  0.462446  -0.570294  0.220748  0.791224  0.209831  -0.892111  0.400136  -0.010238  -0.000743  0.102320  -2.959418  -0.046416  -1.642537  1.000000  
100.670049 0.002516  0.008964  -0.042404  0.795044  0.394123  0.461055  -0.569917  0.225228  0.790233  0.207606  -0.891033  0.403684  -0.010697  -0.000998  0.102356  -2.986411  -0.050396  -1.656441  1.000000  
100.671280 0.002500  0.008960  -0.042274  0.795800  0.394082  0.459784  -0.569715  0.229881  0.789037  0.205250  -0.889862  0.407454  -0.011310  -0.001251  0.102019  -3.020035  -0.064482  -1.678434  1.000000  
100.672536 0.002483  0.008956  -0.042150  0.796574  0.393994  0.458519  -0.569525  0.234691  0.787757  0.202761  -0.888644  0.411338  -0.011816  -0.001520  0.101187  -3.059217  -0.078655  -1.698963  1.000000  
100.673778 0.002464  0.008954  -0.042029  0.797203  0.394045  0.457379  -0.569479  0.239343  0.786390  0.200402  -0.887380  0.415205  -0.012296  -0.001708  0.100798  -3.088618  -0.101457  -1.711477  1.000000  
100.674780 0.002449  0.008953  -0.041932  0.797763  0.394049  0.456398  -0.569383  0.243209  0.785272  0.198435  -0.886327  0.418388  -0.012607  -0.001897  0.100709  -3.118221  -0.123652  -1.728497  1.000000  
100.676028 0.002431  0.008950  -0.041805  0.798502  0.393985  0.455161  -0.569166  0.247831  0.783983  0.196074  -0.885074  0.422137  -0.013057  -0.002215  0.101140  -3.141262  -0.134002  -1.745223  1.000000  
100.677030 0.002417  0.008947  -0.041696  0.799076  0.393829  0.454287  -0.569079  0.251658  0.782826  0.193975  -0.884063  0.425214  -0.013384  -0.002540  0.102067  -3.167405  -0.158272  -1.766542  1.000000  
100.678034 0.002402  0.008944  -0.041583  0.799530  0.393833  0.453485  -0.569154  0.255587  0.781497  0.191874  -0.882933  0.428501  -0.013610  -0.002757  0.103265  -3.197644  -0.190775  -1.778300  1.000000  
100.679281 0.002383  0.008939  -0.041437  0.800200  0.393575  0.452525  -0.569135  0.260407  0.779919  0.189116  -0.881639  0.432375  -0.013895  -0.003018  0.105147  -3.227914  -0.217558  -1.808239  1.000000  
100.680538 0.002361  0.008933  -0.041293  0.800885  0.393272  0.451576  -0.569126  0.265379  0.778248  0.186225  -0.880290  0.436359  -0.014208  -0.003211  0.106100  -3.255979  -0.254547  -1.843069  1.000000  
100.681778 0.002338  0.008927  -0.041153  0.801542  0.393007  0.450639  -0.569097  0.270178  0.776616  0.183463  -0.878948  0.440218  -0.014652  -0.003345  0.106891  -3.274698  -0.282209  -1.872907  1.000000  
100.683028 0.002314  0.008922  -0.041016  0.802194  0.392739  0.449712  -0.569063  0.274967  0.774958  0.180700  -0.877581  0.444070  -0.015109  -0.003397  0.107036  -3.290939  -0.314361  -1.895097  1.000000  
100.684277 0.002292  0.008917  -0.040880  0.802839  0.392522  0.448749  -0.569024  0.279841  0.773241  0.177936  -0.876137  0.448021  -0.015538  -0.003373  0.107002  -3.307388  -0.336695  -1.919225  1.000000  
100.685278 0.002274  0.008912  -0.040769  0.803246  0.392499  0.448040  -0.569064  0.283467  0.771889  0.175961  -0.874980  0.451051  -0.015933  -0.003422  0.107187  -3.313477  -0.366494  -1.929743  1.000000  
100.686280 0.002256  0.008906  -0.040659  0.803786  0.392374  0.447181  -0.568949  0.287330  0.770544  0.173853  -0.873776  0.454193  -0.016265  -0.003537  0.107651  -3.327834  -0.388021  -1.946445  1.000000  
100.687528 0.002233  0.008900  -0.040517  0.804299  0.392101  0.446498  -0.569064  0.291909  0.768737  0.171085  -0.872380  0.457912  -0.016635  -0.003786  0.108933  -3.331575  -0.418989  -1.963483  1.000000  
100.688534 0.002214  0.008893  -0.040400  0.804750  0.391788  0.445960  -0.569134  0.295717  0.767227  0.168712  -0.871237  0.460958  -0.016926  -0.004158  0.110393  -3.339719  -0.448584  -1.980692  1.000000  
100.689777 0.002190  0.008885  -0.040250  0.805350  0.391654  0.444993  -0.569061  0.300476  0.765430  0.166074  -0.869667  0.464864  -0.017268  -0.004521  0.112132  -3.348567  -0.465475  -1.991620  1.000000  
100.690777 0.002172  0.008878  -0.040126  0.805774  0.391488  0.444372  -0.569112  0.304294  0.763882  0.163830  -0.868414  0.467993  -0.017513  -0.004825  0.113624  -3.352057  -0.499735  -2.001742  1.000000  
100.691782 0.002153  0.008871  -0.040001  0.806193  0.391320  0.443758  -0.569160  0.308105  0.762318  0.161586  -0.867144  0.471116  -0.017902  -0.005205  0.114941  -3.349267  -0.535335  -2.019035  1.000000  
100.692817 0.002133  0.008863  -0.039877  0.806608  0.391099  0.443198  -0.569204  0.311817  0.760774  0.159341  -0.865917  0.474129  -0.018163  -0.005457  0.115409  -3.346111  -0.561137  -2.025318  1.000000  
100.694029 0.002108  0.008853  -0.039725  0.807171  0.390998  0.442262  -0.569104  0.316379  0.758963  0.156831  -0.864306  0.477890  -0.018636  -0.005801  0.116137  -3.352517  -0.592373  -2.035815  1.000000  
100.695031 0.002086  0.008846  -0.039607  0.807778  0.390885  0.441252  -0.568785  0.320194  0.757601  0.154848  -0.862951  0.480975  -0.018945  -0.005938  0.116268  -3.362524  -0.602492  -2.046088  1.000000  
100.696033 0.002063  0.008839  -0.039491  0.808265  0.390834  0.440405  -0.568630  0.323922  0.756131  0.152865  -0.861582  0.484055  -0.019252  -0.006076  0.116390  -3.364104  -0.617200  -2.044806  1.000000  
100.697280 0.002033  0.008831  -0.039346  0.808948  0.390563  0.439391  -0.568364  0.328602  0.754310  0.150220  -0.859931  0.487804  -0.019717  -0.006329  0.116933  -3.376196  -0.630186  -2.053395  1.000000  
100.698524 0.002002  0.008821  -0.039196  0.809492  0.390449  0.438489  -0.568248  0.333125  0.752410  0.147706  -0.858241  0.491534  -0.020270  -0.006611  0.117718  -3.374753  -0.647671  -2.048713  1.000000  
100.699527 0.001978  0.008813  -0.039072  0.809866  0.390260  0.437967  -0.568262  0.336631  0.750838  0.145589  -0.856958  0.494395  -0.020603  -0.006832  0.118696  -3.377110  -0.666060  -2.055728  1.000000  
100.700552 0.001954  0.008802  -0.038943  0.810337  0.390147  0.437195  -0.568095  0.340235  0.749339  0.143603  -0.855585  0.497345  -0.021016  -0.007231  0.119917  -3.378293  -0.684124  -2.050173  1.000000  
100.701781 0.001924  0.008787  -0.038776  0.810883  0.389934  0.436372  -0.567980  0.344794  0.747339  0.140954  -0.853855  0.501062  -0.021592  -0.007759  0.121819  -3.378672  -0.703148  -2.053695  1.000000  
100.703026 0.001893  0.008772  -0.038609  0.811509  0.389781  0.435343  -0.567672  0.349201  0.745525  0.138569  -0.852132  0.504647  -0.022066  -0.008240  0.123286  -3.371793  -0.705096  -2.049435  1.000000  
100.704028 0.001867  0.008761  -0.038478  0.811837  0.389774  0.434737  -0.567652  0.352544  0.743965  0.136714  -0.850758  0.507464  -0.022559  -0.008576  0.124174  -3.365491  -0.715967  -2.044898  1.000000  
100.705029 0.001841  0.008750  -0.038350  0.812265  0.389681  0.434022  -0.567453  0.355715  0.742606  0.134991  -0.849480  0.510061  -0.023091  -0.008908  0.124627  -3.352456  -0.717903  -2.034660  1.000000  
100.706334 0.001808  0.008735  -0.038195  0.812719  0.389715  0.433140  -0.567273  0.359550  0.740895  0.133002  -0.847848  0.513288  -0.023606  -0.009288  0.124110  -3.332672  -0.723914  -2.013380  1.000000  
100.707529 0.001775  0.008717  -0.038040  0.813301  0.389683  0.432075  -0.566932  0.363700  0.739128  0.130880  -0.846090  0.516722  -0.024247  -0.009881  0.124506  -3.327922  -0.718369  -1.997250  1.000000  
100.708530 0.001747  0.008702  -0.037917  0.813734  0.389543  0.431386  -0.566737  0.367005  0.737643  0.129023  -0.844727  0.519413  -0.024743  -0.010331  0.124588  -3.315810  -0.712209  -1.986256  1.000000  
100.709558 0.001720  0.008686  -0.037792  0.814150  0.389650  0.430503  -0.566529  0.370507  0.736050  0.127298  -0.843147  0.522396  -0.025132  -0.010968  0.124761  -3.310844  -0.707516  -1.966629  1.000000  
100.710781 0.001685  0.008665  -0.037632  0.814736  0.389464  0.429562  -0.566190  0.374606  0.734234  0.125041  -0.841421  0.525715  -0.025575  -0.011715  0.125883  -3.302627  -0.701200  -1.953754  1.000000  
100.711781 0.001656  0.008648  -0.037501  0.815132  0.389450  0.428822  -0.565968  0.377671  0.732833  0.123448  -0.840055  0.528268  -0.025990  -0.012493  0.127052  -3.288860  -0.695913  -1.931494  1.000000  
100.712789 0.001626  0.008631  -0.037368  0.815554  0.389249  0.428202  -0.565763  0.380859  0.731340  0.121589  -0.838708  0.530834  -0.026331  -0.013191  0.127929  -3.272193  -0.689138  -1.920558  1.000000  
100.714033 0.001588  0.008607  -0.037198  0.816102  0.389239  0.427165  -0.565397  0.384804  0.729556  0.119597  -0.836910  0.534114  -0.026880  -0.014123  0.129121  -3.256700  -0.677476  -1.898173  1.000000  
100.715278 0.001549  0.008582  -0.037029  0.816776  0.388950  0.426139  -0.564869  0.388707  0.727894  0.117471  -0.835239  0.537192  -0.027483  -0.014960  0.129947  -3.240524  -0.662838  -1.894522  1.000000  
100.716530 0.001511  0.008556  -0.036862  0.817317  0.388880  0.425165  -0.564497  0.392545  0.726121  0.115478  -0.833475  0.540355  -0.028010  -0.015722  0.129768  -3.222743  -0.647866  -1.872068  1.000000  
100.717778 0.001471  0.008531  -0.036697  0.817971  0.388673  0.424095  -0.563955  0.396365  0.724465  0.113484  -0.831762  0.543409  -0.028545  -0.016337  0.129660  -3.203596  -0.629428  -1.853423  1.000000  
100.719028 0.001430  0.008505  -0.036536  0.818493  0.388585  0.423168  -0.563569  0.399946  0.722795  0.111623  -0.830087  0.546347  -0.029132  -0.017183  0.129464  -3.182189  -0.611715  -1.831447  1.000000  
100.720278 0.001390  0.008479  -0.036372  0.819140  0.388369  0.422113  -0.563020  0.403749  0.721107  0.109628  -0.828346  0.549386  -0.029651  -0.017921  0.129851  -3.156581  -0.589746  -1.812555  1.000000  
100.721528 0.001349  0.008452  -0.036206  0.819783  0.388251  0.420972  -0.562469  0.407717  0.719302  0.107633  -0.826455  0.552618  -0.030235  -0.018755  0.130617  -3.142606  -0.565397  -1.798092  1.000000  
100.722876 0.001308  0.008422  -0.036034  0.820434  0.387986  0.419946  -0.561923  0.411650  0.717487  0.105504  -0.824628  0.555750  -0.030476  -0.019367  0.130965  -3.116257  -0.549251  -1.781545  1.000000  
