1-Time 2-Px 3-Py 4-Pz 5-R11 6-R21 7-R31 8-R12 9-R22 10-R32 11-R13 12-R23 13-R33 14-Vx 15-Vy 16-Vz 17-Wx 18-Wy 19-Wz 20-state
76.673589 0.000389  -0.005867  0.002790  0.581052  0.778611  0.236946  -0.792521  0.607542  -0.052938  -0.185173  -0.157025  0.970080  0.000102  -0.000167  -0.000479  0.000000  0.000000  0.000000  1.000000  
76.674790 0.000389  -0.005868  0.002789  0.581052  0.778611  0.236946  -0.792521  0.607542  -0.052938  -0.185173  -0.157025  0.970080  0.000249  -0.000257  -0.000751  0.000000  0.000000  0.000000  1.000000  
76.675805 0.000390  -0.005865  0.002788  0.581052  0.778611  0.236946  -0.792521  0.607542  -0.052938  -0.185173  -0.157025  0.970080  0.000675  0.001247  -0.001155  0.000000  0.000000  0.000000  1.000000  
76.676807 0.000392  -0.005862  0.002785  0.581052  0.778611  0.236946  -0.792521  0.607542  -0.052938  -0.185173  -0.157025  0.970080  0.000992  0.001892  -0.001672  0.000000  0.000000  0.000000  1.000000  
76.678047 0.000393  -0.005858  0.002782  0.581052  0.778611  0.236946  -0.792521  0.607542  -0.052938  -0.185173  -0.157025  0.970080  0.001087  0.002092  -0.001823  0.000000  0.000000  0.000000  1.000000  
76.679047 0.000394  -0.005857  0.002782  0.581215  0.778515  0.236862  -0.792402  0.607696  -0.052963  -0.185173  -0.156907  0.970099  0.000985  0.001956  -0.001626  0.000000  0.000000  0.000000  1.000000  
76.680292 0.000396  -0.005855  0.002780  0.581215  0.778515  0.236862  -0.792402  0.607696  -0.052963  -0.185173  -0.156907  0.970099  0.001072  0.001887  -0.001554  0.000000  0.000000  0.000000  1.000000  
76.681548 0.000397  -0.005852  0.002779  0.581215  0.778515  0.236862  -0.792402  0.607696  -0.052963  -0.185173  -0.156907  0.970099  0.001041  0.001938  -0.001505  0.000000  0.000000  0.000000  1.000000  
76.682792 0.000397  -0.005849  0.002777  0.581230  0.778527  0.236785  -0.792422  0.607679  -0.052858  -0.185041  -0.156911  0.970123  0.000945  0.002062  -0.001474  0.000000  0.000000  0.000000  1.000000  
76.684038 0.000398  -0.005846  0.002775  0.581230  0.778527  0.236785  -0.792422  0.607679  -0.052858  -0.185041  -0.156911  0.970123  0.000895  0.002130  -0.001523  0.000000  0.000000  0.000000  1.000000  
76.685039 0.000398  -0.005843  0.002772  0.581230  0.778527  0.236785  -0.792422  0.607679  -0.052858  -0.185041  -0.156911  0.970123  0.000873  0.002148  -0.001626  0.000000  0.000000  0.000000  1.000000  
76.686285 0.000400  -0.005839  0.002770  0.581230  0.778527  0.236785  -0.792422  0.607679  -0.052858  -0.185041  -0.156911  0.970123  0.000919  0.002265  -0.001653  0.000000  0.000000  0.000000  1.000000  
76.687535 0.000402  -0.005835  0.002767  0.581230  0.778556  0.236691  -0.792422  0.607673  -0.052932  -0.185041  -0.156793  0.970142  0.000956  0.002360  -0.001675  0.000000  0.000000  0.000000  1.000000  
76.688535 0.000404  -0.005831  0.002764  0.581230  0.778556  0.236691  -0.792422  0.607673  -0.052932  -0.185041  -0.156793  0.970142  0.001020  0.002463  -0.001771  0.000000  0.000000  0.000000  1.000000  
76.689536 0.000406  -0.005826  0.002760  0.581230  0.778556  0.236691  -0.792422  0.607673  -0.052932  -0.185041  -0.156793  0.970142  0.001151  0.002789  -0.001951  0.000000  0.000000  0.000000  1.000000  
76.690542 0.000409  -0.005820  0.002756  0.581230  0.778556  0.236691  -0.792422  0.607673  -0.052932  -0.185041  -0.156793  0.970142  0.001281  0.003054  -0.002170  0.000000  0.000000  0.000000  1.000000  
76.691787 0.000413  -0.005812  0.002752  0.581230  0.778556  0.236691  -0.792422  0.607673  -0.052932  -0.185041  -0.156793  0.970142  0.001402  0.003310  -0.002218  0.000000  0.000000  0.000000  1.000000  
76.692800 0.000414  -0.005807  0.002749  0.581230  0.778585  0.236597  -0.792422  0.607666  -0.053006  -0.185041  -0.156676  0.970161  0.001439  0.003461  -0.002244  0.000000  0.000000  0.000000  1.000000  
76.694040 0.000417  -0.005802  0.002746  0.581393  0.778460  0.236607  -0.792302  0.607827  -0.052957  -0.185041  -0.156676  0.970161  0.001579  0.003704  -0.002351  0.000000  0.000000  0.000000  1.000000  
76.695042 0.000419  -0.005797  0.002744  0.581393  0.778460  0.236607  -0.792302  0.607827  -0.052957  -0.185041  -0.156676  0.970161  0.001590  0.003954  -0.002407  0.000000  0.000000  0.000000  1.000000  
76.696044 0.000421  -0.005792  0.002742  0.581393  0.778488  0.236513  -0.792302  0.607820  -0.053031  -0.185041  -0.156558  0.970180  0.001664  0.004138  -0.002511  0.000000  0.000000  0.000000  1.000000  
76.697319 0.000424  -0.005785  0.002737  0.581393  0.778488  0.236513  -0.792302  0.607820  -0.053031  -0.185041  -0.156558  0.970180  0.001846  0.004365  -0.002732  0.000000  0.000000  0.000000  1.000000  
76.698539 0.000426  -0.005779  0.002732  0.581393  0.778488  0.236513  -0.792302  0.607820  -0.053031  -0.185041  -0.156558  0.970180  0.001927  0.004514  -0.002873  0.000000  0.000000  0.000000  1.000000  
76.699540 0.000428  -0.005775  0.002729  0.581556  0.778363  0.236524  -0.792182  0.607981  -0.052982  -0.185041  -0.156558  0.970180  0.002026  0.004648  -0.002922  0.000000  0.000000  0.000000  1.000000  
76.700787 0.000431  -0.005769  0.002725  0.581556  0.778363  0.236524  -0.792182  0.607981  -0.052982  -0.185041  -0.156558  0.970180  0.002103  0.004788  -0.003057  0.000000  0.000000  0.000000  1.000000  
76.702037 0.000434  -0.005762  0.002720  0.581556  0.778392  0.236430  -0.792182  0.607974  -0.053056  -0.185041  -0.156440  0.970199  0.002209  0.004987  -0.003236  0.000000  0.000000  0.000000  1.000000  
76.703287 0.000438  -0.005755  0.002715  0.581719  0.778267  0.236440  -0.792062  0.608134  -0.053007  -0.185041  -0.156440  0.970199  0.002332  0.005187  -0.003318  0.000000  0.000000  0.000000  1.000000  
76.704542 0.000441  -0.005747  0.002711  0.581719  0.778267  0.236440  -0.792062  0.608134  -0.053007  -0.185041  -0.156440  0.970199  0.002332  0.005247  -0.003292  0.000000  0.000000  0.000000  1.000000  
76.705790 0.000444  -0.005740  0.002707  0.581719  0.778267  0.236440  -0.792062  0.608134  -0.053007  -0.185041  -0.156440  0.970199  0.002297  0.005219  -0.003215  0.000000  0.000000  0.000000  1.000000  
76.707037 0.000447  -0.005733  0.002704  0.581882  0.778141  0.236451  -0.791943  0.608295  -0.052959  -0.185041  -0.156440  0.970199  0.002262  0.005192  -0.003140  0.000000  0.000000  0.000000  1.000000  
76.708037 0.000448  -0.005728  0.002702  0.581882  0.778170  0.236357  -0.791943  0.608288  -0.053032  -0.185041  -0.156323  0.970218  0.002198  0.005206  -0.003116  0.000000  0.000000  0.000000  1.000000  
76.709060 0.000449  -0.005723  0.002698  0.581882  0.778170  0.236357  -0.791943  0.608288  -0.053032  -0.185041  -0.156323  0.970218  0.002149  0.005179  -0.003287  0.000000  0.000000  0.000000  1.000000  
76.710292 0.000451  -0.005718  0.002693  0.582045  0.778045  0.236368  -0.791823  0.608448  -0.052984  -0.185041  -0.156323  0.970218  0.002120  0.005157  -0.003367  0.000000  0.000000  0.000000  1.000000  
76.711297 0.000453  -0.005713  0.002689  0.582060  0.778057  0.236291  -0.791843  0.608431  -0.052879  -0.184910  -0.156327  0.970242  0.002088  0.005127  -0.003442  0.000000  0.000000  0.000000  1.000000  
76.712547 0.000455  -0.005707  0.002684  0.582223  0.777932  0.236302  -0.791723  0.608592  -0.052830  -0.184910  -0.156327  0.970242  0.002009  0.005147  -0.003516  0.000000  0.000000  0.000000  1.000000  
76.713794 0.000456  -0.005702  0.002680  0.582223  0.777961  0.236208  -0.791723  0.608585  -0.052904  -0.184910  -0.156209  0.970261  0.001974  0.005119  -0.003440  0.000000  0.000000  0.000000  1.000000  
76.715041 0.000459  -0.005696  0.002675  0.582386  0.777835  0.236218  -0.791603  0.608745  -0.052856  -0.184910  -0.156209  0.970261  0.001973  0.005119  -0.003440  0.000000  0.000000  0.000000  1.000000  
76.716286 0.000462  -0.005690  0.002671  0.582549  0.777710  0.236229  -0.791483  0.608905  -0.052807  -0.184910  -0.156209  0.970261  0.001955  0.005075  -0.003415  0.000000  0.000000  0.000000  1.000000  
76.717537 0.000466  -0.005683  0.002666  0.582563  0.777722  0.236152  -0.791503  0.608889  -0.052702  -0.184778  -0.156213  0.970286  0.001993  0.005110  -0.003485  0.000000  0.000000  0.000000  1.000000  
76.718538 0.000467  -0.005677  0.002663  0.582726  0.777597  0.236163  -0.791383  0.609049  -0.052654  -0.184778  -0.156213  0.970286  0.001906  0.005064  -0.003440  0.000000  0.000000  0.000000  1.000000  
76.719793 0.000470  -0.005671  0.002658  0.582889  0.777472  0.236174  -0.791263  0.609209  -0.052605  -0.184778  -0.156213  0.970286  0.001903  0.004998  -0.003462  0.000000  0.000000  0.000000  1.000000  
76.721036 0.000472  -0.005665  0.002653  0.583067  0.777387  0.236014  -0.791163  0.609346  -0.052526  -0.184647  -0.156099  0.970329  0.001838  0.004876  -0.003637  0.000000  0.000000  0.000000  1.000000  
76.722285 0.000475  -0.005659  0.002647  0.583229  0.777262  0.236024  -0.791043  0.609506  -0.052477  -0.184647  -0.156099  0.970329  0.001807  0.004789  -0.003742  0.000000  0.000000  0.000000  1.000000  
76.723538 0.000476  -0.005654  0.002642  0.583244  0.777274  0.235947  -0.791063  0.609489  -0.052373  -0.184515  -0.156103  0.970354  0.001831  0.004778  -0.003926  0.000000  0.000000  0.000000  1.000000  
76.724539 0.000478  -0.005649  0.002636  0.583407  0.777177  0.235864  -0.790943  0.609643  -0.052398  -0.184515  -0.155985  0.970372  0.001820  0.004801  -0.004032  0.000000  0.000000  0.000000  1.000000  
76.725788 0.000480  -0.005644  0.002630  0.583584  0.777064  0.235797  -0.790842  0.609786  -0.052245  -0.184384  -0.155989  0.970397  0.001917  0.004821  -0.004129  0.000000  0.000000  0.000000  1.000000  
76.726788 0.000482  -0.005639  0.002625  0.583762  0.776951  0.235731  -0.790742  0.609929  -0.052092  -0.184252  -0.155993  0.970421  0.001899  0.004777  -0.004104  0.000000  0.000000  0.000000  1.000000  
76.727795 0.000484  -0.005634  0.002621  0.583925  0.776854  0.235648  -0.790622  0.610083  -0.052118  -0.184252  -0.155875  0.970440  0.001959  0.004819  -0.004118  0.000000  0.000000  0.000000  1.000000  
76.729041 0.000487  -0.005628  0.002616  0.584102  0.776741  0.235581  -0.790522  0.610226  -0.051965  -0.184121  -0.155879  0.970464  0.002023  0.004813  -0.004143  0.000000  0.000000  0.000000  1.000000  
76.730289 0.000491  -0.005621  0.002610  0.584279  0.776628  0.235515  -0.790421  0.610369  -0.051812  -0.183989  -0.155883  0.970489  0.002115  0.004931  -0.004307  0.000000  0.000000  0.000000  1.000000  
76.731536 0.000494  -0.005614  0.002605  0.584471  0.776555  0.235277  -0.790340  0.610489  -0.051629  -0.183726  -0.155773  0.970556  0.002081  0.004891  -0.004401  0.000000  0.000000  0.000000  1.000000  
76.732537 0.000498  -0.005608  0.002598  0.584649  0.776442  0.235210  -0.790240  0.610632  -0.051476  -0.183595  -0.155777  0.970580  0.002152  0.004960  -0.004532  0.000000  0.000000  0.000000  1.000000  
76.733785 0.000501  -0.005601  0.002591  0.584989  0.776231  0.235060  -0.790019  0.610929  -0.051349  -0.183463  -0.155663  0.970624  0.002203  0.004963  -0.004683  0.000000  0.000000  0.000000  1.000000  
76.734786 0.000503  -0.005597  0.002586  0.585181  0.776130  0.234916  -0.789938  0.611055  -0.051092  -0.183200  -0.155671  0.970672  0.002189  0.004929  -0.004783  0.000000  0.000000  0.000000  1.000000  
76.735791 0.000505  -0.005592  0.002581  0.585358  0.776045  0.234755  -0.789837  0.611192  -0.051013  -0.183069  -0.155557  0.970715  0.002205  0.004961  -0.004834  0.000000  0.000000  0.000000  1.000000  
76.737035 0.000507  -0.005586  0.002575  0.585549  0.775973  0.234517  -0.789756  0.611312  -0.050830  -0.182806  -0.155447  0.970782  0.002191  0.004927  -0.004931  0.000000  0.000000  0.000000  1.000000  
76.738285 0.000509  -0.005580  0.002568  0.585904  0.775774  0.234289  -0.789554  0.611592  -0.050599  -0.182542  -0.155337  0.970849  0.002212  0.005028  -0.004965  0.000000  0.000000  0.000000  1.000000  
76.739535 0.000511  -0.005574  0.002561  0.586095  0.775673  0.234144  -0.789472  0.611718  -0.050342  -0.182279  -0.155345  0.970898  0.002246  0.005066  -0.005010  0.000000  0.000000  0.000000  1.000000  
76.740538 0.000513  -0.005568  0.002556  0.586449  0.775474  0.233916  -0.789270  0.611998  -0.050112  -0.182016  -0.155235  0.970965  0.002248  0.005121  -0.005017  0.000000  0.000000  0.000000  1.000000  
76.741786 0.000516  -0.005561  0.002550  0.586641  0.775401  0.233677  -0.789188  0.612118  -0.049929  -0.181753  -0.155125  0.971031  0.002283  0.005221  -0.005039  0.000000  0.000000  0.000000  1.000000  
76.742790 0.000519  -0.005555  0.002545  0.586995  0.775202  0.233448  -0.788986  0.612398  -0.049699  -0.181490  -0.155015  0.971098  0.002302  0.005268  -0.005065  -0.014575  0.143342  -0.161491  1.000000  
76.743794 0.000521  -0.005550  0.002540  0.587024  0.775256  0.233199  -0.789025  0.612359  -0.049565  -0.181227  -0.154904  0.971165  0.002291  0.005342  -0.005173  -0.015984  0.152286  -0.154682  1.000000  
76.745042 0.000524  -0.005542  0.002533  0.587215  0.775182  0.232960  -0.788943  0.612479  -0.049382  -0.180964  -0.154794  0.971232  0.002213  0.005365  -0.005250  -0.018823  0.162275  -0.160031  1.000000  
76.746289 0.000527  -0.005534  0.002525  0.587569  0.774983  0.232731  -0.788740  0.612759  -0.049152  -0.180700  -0.154684  0.971298  0.002218  0.005430  -0.005378  -0.021671  0.167768  -0.166040  1.000000  
76.747615 0.000529  -0.005526  0.002519  0.587937  0.774796  0.232424  -0.788556  0.613023  -0.048818  -0.180306  -0.154578  0.971389  0.002076  0.005411  -0.005298  -0.024462  0.181708  -0.170223  1.000000  
76.748793 0.000531  -0.005520  0.002512  0.588157  0.774748  0.232030  -0.788512  0.613110  -0.048428  -0.179779  -0.154475  0.971502  0.001980  0.005451  -0.005343  -0.027387  0.200959  -0.174519  1.000000  
76.750035 0.000532  -0.005513  0.002507  0.588362  0.774715  0.231619  -0.788449  0.613208  -0.048216  -0.179384  -0.154251  0.971611  0.001894  0.005521  -0.005227  -0.031512  0.214303  -0.172477  1.000000  
76.751035 0.000533  -0.005507  0.002502  0.588568  0.774653  0.231301  -0.788385  0.613312  -0.047931  -0.178989  -0.154144  0.971701  0.001847  0.005573  -0.005227  -0.035348  0.221320  -0.169658  1.000000  
76.752037 0.000534  -0.005501  0.002497  0.588773  0.774592  0.230984  -0.788321  0.613416  -0.047645  -0.178595  -0.154037  0.971790  0.001766  0.005658  -0.005126  -0.039759  0.236471  -0.168961  1.000000  
76.753286 0.000536  -0.005494  0.002492  0.588978  0.774531  0.230666  -0.788257  0.613520  -0.047359  -0.178200  -0.153931  0.971880  0.001752  0.005683  -0.005082  -0.042642  0.246454  -0.174313  1.000000  
76.754286 0.000537  -0.005489  0.002487  0.589183  0.774470  0.230348  -0.788193  0.613625  -0.047074  -0.177805  -0.153824  0.971969  0.001734  0.005758  -0.005001  -0.042685  0.259764  -0.172228  1.000000  
76.755287 0.000539  -0.005482  0.002483  0.589388  0.774436  0.229936  -0.788129  0.613723  -0.046863  -0.177410  -0.153599  0.972077  0.001719  0.005840  -0.004927  -0.050890  0.268594  -0.170833  1.000000  
76.756536 0.000541  -0.005474  0.002478  0.589607  0.774387  0.229540  -0.788084  0.613811  -0.046473  -0.176883  -0.153496  0.972189  0.001656  0.005909  -0.004877  -0.054573  0.284004  -0.166652  1.000000  
76.757537 0.000544  -0.005467  0.002473  0.589812  0.774353  0.229128  -0.788019  0.613910  -0.046263  -0.176488  -0.153271  0.972296  0.001702  0.005997  -0.004903  -0.062715  0.292789  -0.165290  1.000000  
76.758538 0.000545  -0.005461  0.002468  0.590193  0.774177  0.228741  -0.787852  0.614158  -0.045826  -0.175961  -0.153168  0.972408  0.001637  0.006002  -0.004877  -0.061546  0.307031  -0.169895  1.000000  
76.759554 0.000547  -0.005454  0.002463  0.590397  0.774143  0.228329  -0.787787  0.614257  -0.045616  -0.175566  -0.152943  0.972515  0.001592  0.006037  -0.004799  -0.070235  0.318286  -0.169858  1.000000  
76.760793 0.000549  -0.005446  0.002458  0.590778  0.773994  0.227848  -0.787619  0.614499  -0.045254  -0.175039  -0.152722  0.972645  0.001559  0.006075  -0.004700  -0.073159  0.332726  -0.174578  1.000000  
76.761795 0.000551  -0.005441  0.002454  0.590996  0.773972  0.227357  -0.787572  0.614582  -0.044940  -0.174512  -0.152500  0.972774  0.001487  0.006015  -0.004545  -0.081391  0.346050  -0.172530  1.000000  
76.763044 0.000553  -0.005434  0.002450  0.591376  0.773823  0.226875  -0.787403  0.614825  -0.044580  -0.173985  -0.152279  0.972903  0.001548  0.006008  -0.004417  -0.084315  0.355940  -0.177911  1.000000  
76.764289 0.000554  -0.005427  0.002445  0.591756  0.773674  0.226393  -0.787234  0.615067  -0.044219  -0.173458  -0.152057  0.973032  0.001561  0.005993  -0.004317  -0.091329  0.370387  -0.182621  1.000000  
76.765292 0.000556  -0.005421  0.002441  0.592136  0.773524  0.225910  -0.787064  0.615310  -0.043859  -0.172931  -0.151835  0.973160  0.001627  0.006051  -0.004317  -0.095498  0.379226  -0.181294  1.000000  
76.766535 0.000558  -0.005414  0.002435  0.592516  0.773374  0.225427  -0.786894  0.615553  -0.043499  -0.172404  -0.151613  0.973288  0.001637  0.006045  -0.004300  -0.101667  0.390389  -0.184460  1.000000  
76.767535 0.000560  -0.005408  0.002432  0.592895  0.773224  0.224944  -0.786724  0.615796  -0.043140  -0.171876  -0.151391  0.973416  0.001715  0.006085  -0.004201  -0.104689  0.400598  -0.190008  1.000000  
76.768537 0.000562  -0.005402  0.002427  0.593274  0.773074  0.224460  -0.786553  0.616040  -0.042781  -0.171349  -0.151169  0.973544  0.001779  0.006083  -0.004228  -0.107553  0.414650  -0.194595  1.000000  
76.769552 0.000564  -0.005396  0.002422  0.593667  0.772935  0.223898  -0.786400  0.616267  -0.042318  -0.170690  -0.150951  0.973693  0.001815  0.006032  -0.004239  -0.112511  0.430878  -0.193977  1.000000  
76.770785 0.000567  -0.005389  0.002418  0.594235  0.772709  0.223172  -0.786142  0.616632  -0.041780  -0.169899  -0.150617  0.973883  0.001871  0.006042  -0.004201  -0.122550  0.446622  -0.205595  1.000000  
76.771788 0.000570  -0.005382  0.002415  0.594613  0.772558  0.222687  -0.785970  0.616876  -0.041422  -0.169371  -0.150395  0.974010  0.001858  0.005984  -0.004088  -0.126716  0.455400  -0.204267  1.000000  
76.773036 0.000573  -0.005375  0.002410  0.595181  0.772357  0.221866  -0.785710  0.617237  -0.040961  -0.168580  -0.149943  0.974217  0.001869  0.005904  -0.004010  -0.135624  0.476062  -0.212795  1.000000  
76.774036 0.000574  -0.005370  0.002407  0.595720  0.772078  0.221389  -0.785414  0.617640  -0.040558  -0.168053  -0.149720  0.974342  0.001907  0.005874  -0.003953  -0.137300  0.486634  -0.224742  1.000000  
76.775286 0.000575  -0.005363  0.002403  0.596287  0.771849  0.220660  -0.785153  0.618007  -0.040024  -0.167261  -0.149386  0.974529  0.001787  0.005796  -0.003820  -0.143157  0.506304  -0.235489  1.000000  
76.776288 0.000577  -0.005357  0.002400  0.596839  0.771608  0.220009  -0.784874  0.618389  -0.039593  -0.166602  -0.149048  0.974694  0.001752  0.005766  -0.003743  -0.149002  0.521542  -0.246923  1.000000  
76.777289 0.000577  -0.005352  0.002398  0.597230  0.771494  0.219349  -0.784717  0.618613  -0.039209  -0.165942  -0.148710  0.974858  0.001698  0.005690  -0.003640  -0.158984  0.536108  -0.248397  1.000000  
76.778290 0.000579  -0.005348  0.002395  0.597781  0.771252  0.218698  -0.784436  0.618997  -0.038780  -0.165282  -0.148372  0.975022  0.001719  0.005657  -0.003596  -0.164627  0.546028  -0.260182  1.000000  
76.779539 0.000579  -0.005342  0.002391  0.598507  0.770893  0.217974  -0.784048  0.619523  -0.038203  -0.164490  -0.148037  0.975207  0.001617  0.005570  -0.003518  -0.169291  0.562031  -0.278291  1.000000  
76.780788 0.000580  -0.005335  0.002386  0.599246  0.770572  0.217077  -0.783677  0.620029  -0.037599  -0.163566  -0.147587  0.975430  0.001533  0.005527  -0.003465  -0.174157  0.578410  -0.296691  1.000000  
76.781795 0.000581  -0.005330  0.002383  0.599796  0.770328  0.216423  -0.783394  0.620413  -0.037172  -0.162906  -0.147249  0.975592  0.001448  0.005482  -0.003410  -0.180118  0.589205  -0.308909  1.000000  
76.783036 0.000582  -0.005323  0.002379  0.600373  0.770133  0.215516  -0.783144  0.620762  -0.036615  -0.161982  -0.146798  0.975814  0.001397  0.005473  -0.003284  -0.190301  0.609118  -0.319940  1.000000  
76.784039 0.000583  -0.005318  0.002378  0.600935  0.769926  0.214688  -0.782876  0.621126  -0.036161  -0.161190  -0.146344  0.976013  0.001309  0.005430  -0.003079  -0.200419  0.624399  -0.331572  1.000000  
76.785046 0.000584  -0.005312  0.002375  0.601497  0.769692  0.213953  -0.782607  0.621495  -0.035634  -0.160398  -0.146007  0.976194  0.001195  0.005421  -0.003077  -0.202373  0.639587  -0.343169  1.000000  
76.786286 0.000584  -0.005306  0.002372  0.602233  0.769366  0.213051  -0.782230  0.622004  -0.035035  -0.159473  -0.145556  0.976413  0.001030  0.005347  -0.002977  -0.211495  0.656127  -0.361704  1.000000  
76.787535 0.000585  -0.005300  0.002369  0.602994  0.769064  0.211989  -0.781885  0.622482  -0.034230  -0.158284  -0.145110  0.976672  0.000882  0.005201  -0.002899  -0.214743  0.680086  -0.375016  1.000000  
76.788544 0.000585  -0.005296  0.002366  0.603567  0.768839  0.211171  -0.781630  0.622837  -0.033602  -0.157359  -0.144777  0.976871  0.000757  0.005103  -0.002813  -0.219735  0.699784  -0.382989  1.000000  
76.789785 0.000585  -0.005290  0.002363  0.604165  0.768689  0.210006  -0.781406  0.623154  -0.032919  -0.156170  -0.144212  0.977146  0.000698  0.005009  -0.002792  -0.232517  0.718843  -0.390649  1.000000  
76.790785 0.000585  -0.005286  0.002360  0.604737  0.768463  0.209186  -0.781148  0.623510  -0.032292  -0.155245  -0.143877  0.977342  0.000567  0.004897  -0.002791  -0.235596  0.736894  -0.394661  1.000000  
76.791792 0.000584  -0.005282  0.002358  0.605469  0.768107  0.208372  -0.780765  0.624025  -0.031624  -0.154320  -0.143543  0.977538  0.000390  0.004845  -0.002704  -0.236585  0.752945  -0.412956  1.000000  
76.792794 0.000584  -0.005277  0.002355  0.606052  0.767917  0.207377  -0.780520  0.624363  -0.030971  -0.153262  -0.143092  0.977771  0.000390  0.004845  -0.002704  -0.247949  0.775813  -0.416559  1.000000  
76.793795 0.000584  -0.005273  0.002353  0.606461  0.767842  0.206456  -0.780384  0.624558  -0.030466  -0.152336  -0.142638  0.977982  0.000355  0.004814  -0.002626  -0.254474  0.795422  -0.418397  1.000000  
76.794796 0.000585  -0.005269  0.002351  0.607042  0.767625  0.205552  -0.780137  0.624901  -0.029739  -0.151278  -0.142306  0.978194  0.000366  0.004733  -0.002548  -0.260796  0.815113  -0.429459  1.000000  
76.795798 0.000585  -0.005265  0.002349  0.607623  0.767432  0.204555  -0.779890  0.625241  -0.029090  -0.150220  -0.141854  0.978423  0.000376  0.004649  -0.002469  -0.268157  0.837979  -0.433108  1.000000  
76.797044 0.000585  -0.005260  0.002347  0.608388  0.767157  0.203308  -0.779547  0.625706  -0.028269  -0.148897  -0.141290  0.978707  0.000272  0.004552  -0.002329  -0.275778  0.861107  -0.437066  1.000000  
76.798293 0.000586  -0.005254  0.002345  0.609004  0.767021  0.201973  -0.779343  0.625999  -0.027388  -0.147442  -0.140727  0.979008  0.000250  0.004452  -0.002236  -0.287535  0.888734  -0.440349  1.000000  
76.799537 0.000588  -0.005249  0.002343  0.609791  0.766766  0.200562  -0.779026  0.626437  -0.026363  -0.145854  -0.140167  0.979326  0.000278  0.004355  -0.002209  -0.295996  0.914845  -0.446356  1.000000  
76.800787 0.000588  -0.005245  0.002341  0.610564  0.766498  0.199229  -0.778692  0.626890  -0.025444  -0.144397  -0.139603  0.979623  0.000319  0.004239  -0.002080  -0.303015  0.939345  -0.447712  1.000000  
76.802036 0.000589  -0.005241  0.002338  0.611324  0.766217  0.197975  -0.778340  0.627360  -0.024629  -0.143073  -0.139036  0.979898  0.000297  0.004064  -0.002101  -0.311072  0.959980  -0.454040  1.000000  
76.803286 0.000589  -0.005238  0.002336  0.612106  0.765958  0.196558  -0.778016  0.627801  -0.023611  -0.141484  -0.138473  0.980208  0.000306  0.003920  -0.002048  -0.318529  0.990099  -0.455238  1.000000  
76.804287 0.000590  -0.005236  0.002334  0.612691  0.765744  0.195564  -0.777771  0.628134  -0.022790  -0.140292  -0.138140  0.980426  0.000345  0.003739  -0.002036  -0.322085  1.008731  -0.459753  1.000000  
76.805311 0.000591  -0.005233  0.002332  0.613275  0.765554  0.194475  -0.777525  0.628466  -0.022048  -0.139099  -0.137688  0.980660  0.000389  0.003616  -0.001961  -0.326375  1.029822  -0.456564  1.000000  
76.806537 0.000591  -0.005231  0.002330  0.614065  0.765302  0.192971  -0.777208  0.628896  -0.020930  -0.137377  -0.137126  0.980981  0.000458  0.003477  -0.001880  -0.334535  1.062689  -0.459807  1.000000  
76.807796 0.000592  -0.005228  0.002328  0.614852  0.765048  0.191466  -0.776888  0.629327  -0.019815  -0.135654  -0.136564  0.981299  0.000551  0.003304  -0.001806  -0.339372  1.088990  -0.456550  1.000000  
76.809073 0.000593  -0.005226  0.002327  0.615626  0.764781  0.190039  -0.776551  0.629773  -0.018804  -0.134063  -0.135999  0.981596  0.000587  0.003053  -0.001720  -0.342792  1.115289  -0.459676  1.000000  
76.810292 0.000595  -0.005224  0.002326  0.616580  0.764405  0.188451  -0.776112  0.630350  -0.017551  -0.132206  -0.135437  0.981926  0.000657  0.002844  -0.001567  -0.351067  1.152725  -0.462401  1.000000  
76.811298 0.000595  -0.005222  0.002326  0.617169  0.764242  0.187180  -0.775869  0.630670  -0.016789  -0.130880  -0.134866  0.982182  0.000631  0.002668  -0.001435  -0.359803  1.170053  -0.460389  1.000000  
76.812545 0.000595  -0.005221  0.002326  0.618119  0.763863  0.185587  -0.775424  0.631250  -0.015540  -0.129023  -0.134303  0.982505  0.000620  0.002411  -0.001378  -0.363812  1.202171  -0.463547  1.000000  
76.813794 0.000597  -0.005219  0.002325  0.618907  0.763634  0.183896  -0.775102  0.631672  -0.014409  -0.127165  -0.133620  0.982840  0.000658  0.002167  -0.001297  -0.367791  1.234067  -0.466827  1.000000  
76.815037 0.000597  -0.005219  0.002325  0.619693  0.763380  0.182295  -0.774777  0.632097  -0.013203  -0.125307  -0.133056  0.983155  0.000612  0.001882  -0.001164  -0.372855  1.260472  -0.465577  1.000000  
76.816039 0.000597  -0.005219  0.002325  0.620455  0.763081  0.180948  -0.774422  0.632553  -0.012128  -0.123714  -0.132606  0.983418  0.000549  0.001613  -0.000979  -0.376644  1.292571  -0.466862  1.000000  
76.817289 0.000596  -0.005220  0.002326  0.621227  0.762835  0.179332  -0.774078  0.632993  -0.011105  -0.121987  -0.131918  0.983726  0.000487  0.001345  -0.000795  -0.385741  1.310112  -0.465262  1.000000  
76.818537 0.000596  -0.005222  0.002327  0.622006  0.762598  0.177632  -0.773743  0.633421  -0.009982  -0.120128  -0.131232  0.984046  0.000388  0.000983  -0.000558  -0.394733  1.331285  -0.464762  1.000000  
76.819788 0.000595  -0.005223  0.002328  0.622783  0.762337  0.176021  -0.773404  0.633852  -0.008784  -0.118268  -0.130665  0.984347  0.000324  0.000771  -0.000347  -0.398949  1.359532  -0.466960  1.000000  
76.821036 0.000593  -0.005225  0.002329  0.623558  0.762096  0.174316  -0.773062  0.634284  -0.007666  -0.116408  -0.129977  0.984660  0.000131  0.000448  -0.000136  -0.404135  1.377281  -0.465602  1.000000  
76.822289 0.000593  -0.005227  0.002330  0.624508  0.761743  0.172444  -0.772612  0.634847  -0.006309  -0.114281  -0.129293  0.984999  0.000052  0.000140  0.000073  -0.412519  1.408819  -0.471096  1.000000  
76.823536 0.000591  -0.005229  0.002331  0.625278  0.761517  0.170642  -0.772262  0.635282  -0.005272  -0.112420  -0.128484  0.985319  -0.000122  -0.000133  0.000254  -0.421214  1.429208  -0.468742  1.000000  
76.824538 0.000589  -0.005231  0.002333  0.625868  0.761358  0.169187  -0.772015  0.635589  -0.004323  -0.110825  -0.127909  0.985575  -0.000295  -0.000405  0.000436  -0.430229  1.446832  -0.467171  1.000000  
76.825796 0.000587  -0.005233  0.002335  0.626801  0.760987  0.167390  -0.771542  0.636171  -0.003076  -0.108830  -0.127220  0.985886  -0.000525  -0.000763  0.000579  -0.433497  1.470152  -0.478634  1.000000  
76.827066 0.000584  -0.005236  0.002337  0.627582  0.760735  0.165599  -0.771204  0.636586  -0.001687  -0.106702  -0.126652  0.986192  -0.000764  -0.001032  0.000789  -0.433873  1.498442  -0.480869  1.000000  
76.828293 0.000581  -0.005239  0.002341  0.628518  0.760370  0.163713  -0.770733  0.637158  -0.000344  -0.104573  -0.125962  0.986508  -0.001041  -0.001333  0.001078  -0.438675  1.522633  -0.486221  1.000000  
76.829300 0.000578  -0.005242  0.002343  0.629267  0.760063  0.162259  -0.770355  0.637615  0.000810  -0.102843  -0.125507  0.986748  -0.001292  -0.001521  0.001209  -0.438730  1.536217  -0.491935  1.000000  
76.830537 0.000573  -0.005246  0.002348  0.630189  0.759683  0.160450  -0.769865  0.638204  0.002045  -0.100846  -0.124814  0.987042  -0.001606  -0.001787  0.001498  -0.443348  1.555302  -0.497729  1.000000  
76.831540 0.000569  -0.005250  0.002352  0.630916  0.759351  0.159159  -0.769460  0.638688  0.002991  -0.099382  -0.124354  0.987248  -0.001872  -0.002023  0.001758  -0.442839  1.566142  -0.504903  1.000000  
76.832786 0.000564  -0.005254  0.002356  0.631841  0.758976  0.157262  -0.768972  0.639267  0.004323  -0.097251  -0.123661  0.987548  -0.002158  -0.002233  0.002011  -0.447921  1.592244  -0.508654  1.000000  
76.833786 0.000559  -0.005257  0.002361  0.632565  0.758641  0.155966  -0.768562  0.639754  0.005264  -0.095787  -0.123200  0.987748  -0.002459  -0.002315  0.002276  -0.447498  1.598401  -0.516398  1.000000  
76.834787 0.000555  -0.005260  0.002365  0.633302  0.758344  0.154409  -0.768168  0.640217  0.006330  -0.094055  -0.122621  0.987987  -0.002652  -0.002416  0.002493  -0.457832  1.619192  -0.524531  1.000000  
76.835788 0.000550  -0.005263  0.002370  0.634038  0.758027  0.152942  -0.767771  0.640681  0.007471  -0.092323  -0.122161  0.988207  -0.002915  -0.002552  0.002767  -0.456152  1.630607  -0.527622  1.000000  
76.837036 0.000544  -0.005266  0.002376  0.634945  0.757615  0.151210  -0.767259  0.641277  0.008768  -0.090325  -0.121584  0.988463  -0.003299  -0.002668  0.003128  -0.456735  1.639983  -0.534352  1.000000  
76.838287 0.000538  -0.005269  0.002382  0.636007  0.757069  0.149473  -0.766612  0.642031  0.010092  -0.088326  -0.121007  0.988714  -0.003599  -0.002741  0.003436  -0.457271  1.654466  -0.546984  1.000000  
76.839294 0.000533  -0.005271  0.002388  0.636735  0.756764  0.147906  -0.766205  0.642499  0.011149  -0.086593  -0.120425  0.988939  -0.003831  -0.002754  0.003741  -0.461806  1.663302  -0.547188  1.000000  
76.840537 0.000526  -0.005274  0.002395  0.637633  0.756346  0.146166  -0.765681  0.643100  0.012436  -0.084593  -0.119846  0.989182  -0.004134  -0.002766  0.004078  -0.458490  1.672872  -0.554139  1.000000  
76.841787 0.000520  -0.005277  0.002403  0.638543  0.755929  0.144345  -0.765170  0.643676  0.014002  -0.082327  -0.119389  0.989428  -0.004329  -0.002763  0.004386  -0.456029  1.690472  -0.552999  1.000000  
76.842794 0.000514  -0.005279  0.002408  0.639099  0.755723  0.142951  -0.764876  0.644003  0.014998  -0.080726  -0.118925  0.989616  -0.004571  -0.002759  0.004587  -0.457684  1.693975  -0.552831  1.000000  
76.844042 0.000506  -0.005282  0.002416  0.640146  0.755166  0.141199  -0.764209  0.644763  0.016306  -0.078726  -0.118343  0.989847  -0.004863  -0.002710  0.004970  -0.454431  1.694496  -0.560948  1.000000  
76.845289 0.000498  -0.005285  0.002425  0.641039  0.754733  0.139453  -0.763677  0.645354  0.017761  -0.076592  -0.117883  0.990069  -0.005056  -0.002629  0.005220  -0.451238  1.704124  -0.567769  1.000000  
76.846295 0.000492  -0.005286  0.002432  0.641602  0.754526  0.137974  -0.763389  0.645658  0.019032  -0.074724  -0.117539  0.990253  -0.005185  -0.002490  0.005470  -0.448372  1.716938  -0.566813  1.000000  
76.847538 0.000484  -0.005288  0.002442  0.642495  0.754100  0.136137  -0.762857  0.646240  0.020584  -0.072455  -0.117078  0.990476  -0.005398  -0.002330  0.005799  -0.441904  1.730275  -0.566418  1.000000  
76.848786 0.000476  -0.005290  0.002451  0.643385  0.753671  0.134297  -0.762319  0.646823  0.022132  -0.070187  -0.116617  0.990694  -0.005576  -0.002204  0.006026  -0.434736  1.744304  -0.572816  1.000000  
76.849786 0.000470  -0.005291  0.002458  0.644090  0.753334  0.132801  -0.761881  0.647300  0.023244  -0.068451  -0.116150  0.990870  -0.005694  -0.002072  0.006225  -0.434993  1.753475  -0.579716  1.000000  
76.850786 0.000463  -0.005291  0.002467  0.644793  0.752979  0.131394  -0.761440  0.647775  0.024433  -0.066716  -0.115803  0.991029  -0.005804  -0.001890  0.006447  -0.427837  1.763332  -0.586204  1.000000  
76.851788 0.000458  -0.005291  0.002475  0.645494  0.752623  0.129985  -0.760996  0.648251  0.025620  -0.064980  -0.115456  0.991185  -0.005865  -0.001701  0.006702  -0.421044  1.762932  -0.587141  1.000000  
76.853036 0.000450  -0.005291  0.002486  0.646371  0.752188  0.128133  -0.760442  0.648838  0.027157  -0.062710  -0.114992  0.991385  -0.005963  -0.001469  0.007054  -0.413801  1.776315  -0.593680  1.000000  
76.854036 0.000443  -0.005290  0.002495  0.647072  0.751839  0.126633  -0.759997  0.649304  0.028441  -0.060841  -0.114644  0.991542  -0.006073  -0.001350  0.007234  -0.407138  1.784978  -0.593604  1.000000  
76.855036 0.000437  -0.005290  0.002505  0.647760  0.751484  0.125212  -0.759538  0.649797  0.029441  -0.059238  -0.114174  0.991693  -0.006136  -0.001156  0.007481  -0.403853  1.786123  -0.601407  1.000000  
76.856038 0.000431  -0.005289  0.002513  0.648452  0.751123  0.123794  -0.759081  0.650276  0.030619  -0.057502  -0.113825  0.991835  -0.006227  -0.000928  0.007675  -0.397143  1.789901  -0.602004  1.000000  
76.857039 0.000426  -0.005288  0.002522  0.649141  0.750760  0.122374  -0.758622  0.650755  0.031795  -0.055765  -0.113475  0.991975  -0.006186  -0.000716  0.007954  -0.394248  1.791803  -0.610121  1.000000  
76.858286 0.000418  -0.005288  0.002534  0.649841  0.750441  0.120602  -0.758176  0.651205  0.033192  -0.053628  -0.113007  0.992146  -0.006180  -0.000476  0.008169  -0.388186  1.789370  -0.604124  1.000000  
76.859292 0.000413  -0.005286  0.002544  0.650525  0.750076  0.119177  -0.757710  0.651686  0.034364  -0.051891  -0.112656  0.992278  -0.006113  -0.000208  0.008423  -0.385565  1.789150  -0.605002  1.000000  
76.860542 0.000405  -0.005284  0.002557  0.651384  0.749639  0.117219  -0.757133  0.652270  0.035982  -0.049485  -0.112188  0.992454  -0.006091  0.000094  0.008642  -0.378937  1.802337  -0.604371  1.000000  
76.861792 0.000399  -0.005283  0.002569  0.652235  0.749189  0.115345  -0.756545  0.652866  0.037495  -0.047213  -0.111719  0.992618  -0.005972  0.000357  0.008886  -0.376597  1.810922  -0.604410  1.000000  
76.863041 0.000392  -0.005280  0.002581  0.652926  0.748873  0.113475  -0.756087  0.653309  0.038982  -0.044941  -0.111249  0.992776  -0.005905  0.000608  0.009110  -0.370700  1.818800  -0.597757  1.000000  
76.864290 0.000386  -0.005277  0.002594  0.653770  0.748406  0.111684  -0.755490  0.653903  0.040569  -0.042669  -0.110899  0.992915  -0.005753  0.000900  0.009278  -0.364200  1.831810  -0.597140  1.000000  
76.865634 0.000380  -0.005274  0.002606  0.654612  0.747961  0.109713  -0.754892  0.654492  0.042173  -0.040263  -0.110428  0.993068  -0.005585  0.001139  0.009414  -0.356825  1.830208  -0.595991  1.000000  
76.866787 0.000374  -0.005271  0.002619  0.655447  0.747491  0.107916  -0.754285  0.655088  0.043753  -0.037990  -0.110077  0.993197  -0.005544  0.001333  0.009589  -0.351559  1.844801  -0.597883  1.000000  
76.867790 0.000370  -0.005269  0.002628  0.656111  0.747116  0.106474  -0.753793  0.655575  0.044906  -0.036251  -0.109722  0.993301  -0.005403  0.001497  0.009641  -0.349223  1.847996  -0.591297  1.000000  
76.869036 0.000363  -0.005266  0.002642  0.656939  0.746656  0.104580  -0.753178  0.656178  0.046400  -0.033978  -0.109249  0.993433  -0.005348  0.001633  0.009779  -0.343498  1.851060  -0.592305  1.000000  
76.870036 0.000359  -0.005264  0.002651  0.657597  0.746278  0.103133  -0.752680  0.656667  0.047548  -0.032240  -0.108894  0.993530  -0.005217  0.001749  0.009775  -0.340812  1.855334  -0.592687  1.000000  
76.871037 0.000354  -0.005261  0.002661  0.658407  0.745763  0.101674  -0.752044  0.657310  0.048716  -0.030501  -0.108538  0.993624  -0.005137  0.001853  0.009897  -0.337773  1.855879  -0.600365  1.000000  
76.872038 0.000349  -0.005259  0.002671  0.659065  0.745402  0.100048  -0.751546  0.657779  0.050059  -0.028495  -0.108183  0.993723  -0.005117  0.001962  0.009893  -0.338289  1.867100  -0.606921  1.000000  
76.873288 0.000344  -0.005256  0.002683  0.659880  0.744922  0.098233  -0.750914  0.658380  0.051621  -0.026222  -0.107828  0.993824  -0.004936  0.002103  0.009850  -0.333023  1.873620  -0.600258  1.000000  
76.874539 0.000338  -0.005252  0.002695  0.660846  0.744315  0.096317  -0.750143  0.659124  0.053298  -0.023814  -0.107473  0.993923  -0.004897  0.002234  0.009858  -0.330382  1.887265  -0.606388  1.000000  
76.875795 0.000333  -0.005250  0.002706  0.661809  0.743718  0.094305  -0.749367  0.659876  0.054891  -0.021406  -0.106997  0.994029  -0.004720  0.002328  0.009820  -0.330734  1.894037  -0.620311  1.000000  
76.877083 0.000327  -0.005247  0.002718  0.662613  0.743252  0.092303  -0.748724  0.660458  0.056640  -0.018864  -0.106640  0.994119  -0.004672  0.002351  0.009713  -0.328290  1.895819  -0.619911  1.000000  
76.878296 0.000323  -0.005243  0.002730  0.663565  0.742630  0.090462  -0.747935  0.661215  0.058205  -0.016590  -0.106283  0.994198  -0.004581  0.002445  0.009657  -0.322033  1.902873  -0.627971  1.000000  
76.879549 0.000316  -0.005240  0.002741  0.664513  0.742015  0.088529  -0.747143  0.661962  0.059865  -0.014182  -0.105925  0.994273  -0.004564  0.002428  0.009603  -0.319578  1.907537  -0.635129  1.000000  
76.880787 0.000310  -0.005237  0.002752  0.665456  0.741408  0.086502  -0.746344  0.662718  0.061440  -0.011774  -0.105446  0.994355  -0.004611  0.002407  0.009559  -0.321324  1.917529  -0.642205  1.000000  
76.882037 0.000303  -0.005235  0.002763  0.666548  0.740662  0.084459  -0.745405  0.663609  0.063208  -0.009232  -0.105087  0.994420  -0.004714  0.002377  0.009450  -0.319730  1.930435  -0.655199  1.000000  
76.883286 0.000296  -0.005231  0.002773  0.667482  0.740041  0.082513  -0.744595  0.664358  0.064854  -0.006824  -0.104727  0.994478  -0.004757  0.002429  0.009298  -0.316535  1.932909  -0.663201  1.000000  
76.884288 0.000290  -0.005230  0.002781  0.668255  0.739507  0.081022  -0.743916  0.664990  0.066163  -0.004951  -0.104487  0.994514  -0.004833  0.002343  0.009102  -0.313790  1.937829  -0.670185  1.000000  
76.885536 0.000282  -0.005228  0.002792  0.669179  0.738882  0.079068  -0.743097  0.665741  0.067801  -0.002542  -0.104126  0.994561  -0.004963  0.002274  0.009052  -0.312616  1.945442  -0.676680  1.000000  
76.886537 0.000276  -0.005226  0.002800  0.670099  0.738218  0.077468  -0.742272  0.666515  0.069218  -0.000535  -0.103885  0.994589  -0.005044  0.002251  0.008880  -0.309764  1.959949  -0.689473  1.000000  
76.887537 0.000270  -0.005225  0.002808  0.670862  0.737690  0.075878  -0.741581  0.667137  0.070616  0.001472  -0.103644  0.994613  -0.005169  0.002183  0.008832  -0.305969  1.967960  -0.703885  1.000000  
76.888786 0.000262  -0.005222  0.002816  0.671926  0.736914  0.073988  -0.740608  0.668032  0.072338  0.003880  -0.103402  0.994632  -0.005328  0.002179  0.008574  -0.299561  1.978172  -0.717450  1.000000  
76.890037 0.000254  -0.005219  0.002826  0.672985  0.736126  0.072183  -0.739631  0.668937  0.073955  0.006155  -0.103159  0.994646  -0.005461  0.002130  0.008431  -0.290429  1.976947  -0.731254  1.000000  
76.891038 0.000248  -0.005217  0.002834  0.673889  0.735447  0.070657  -0.738789  0.669721  0.075258  0.008028  -0.102917  0.994658  -0.005604  0.002159  0.008385  -0.287923  1.978571  -0.745676  1.000000  
