1-Time 2-Px 3-Py 4-Pz 5-R11 6-R21 7-R31 8-R12 9-R22 10-R32 11-R13 12-R23 13-R33 14-Vx 15-Vy 16-Vz 17-Wx 18-Wy 19-Wz 20-state
101.249189 0.009347  0.003564  -0.022378  0.569806  0.791230  0.221983  -0.816348  0.576002  0.042391  -0.094321  -0.205370  0.974129  0.003664  -0.002935  -0.012817  -0.221680  -0.051260  -0.039368  1.000000  
101.250262 0.009350  0.003563  -0.022389  0.569806  0.791257  0.221887  -0.816348  0.576007  0.042321  -0.094321  -0.205252  0.974154  0.002686  -0.001580  -0.012824  0.000000  0.000000  0.000000  1.000000  
101.251493 0.009349  0.003556  -0.022384  0.569806  0.791257  0.221887  -0.816348  0.576007  0.042321  -0.094321  -0.205252  0.974154  0.000544  -0.004009  -0.002751  0.000000  0.000000  0.000000  1.000000  
101.252727 0.009346  0.003548  -0.022369  0.569806  0.791257  0.221887  -0.816348  0.576007  0.042321  -0.094321  -0.205252  0.974154  -0.000461  -0.004925  0.002769  0.000000  0.000000  0.000000  1.000000  
101.253755 0.009344  0.003543  -0.022364  0.569799  0.791241  0.221962  -0.816338  0.576030  0.042215  -0.094455  -0.205249  0.974141  -0.000726  -0.004806  0.003246  0.000000  0.000000  0.000000  1.000000  
101.254755 0.009343  0.003541  -0.022364  0.569799  0.791241  0.221962  -0.816338  0.576030  0.042215  -0.094455  -0.205249  0.974141  -0.000814  -0.004340  0.002763  0.000000  0.000000  0.000000  1.000000  
101.255988 0.009339  0.003538  -0.022366  0.569799  0.791241  0.221962  -0.816338  0.576030  0.042215  -0.094455  -0.205249  0.974141  -0.001369  -0.004040  0.001949  0.000000  0.000000  0.000000  1.000000  
101.257225 0.009331  0.003533  -0.022367  0.569799  0.791241  0.221962  -0.816338  0.576030  0.042215  -0.094455  -0.205249  0.974141  -0.002087  -0.003953  0.001515  0.000000  0.000000  0.000000  1.000000  
101.258238 0.009328  0.003530  -0.022367  0.569799  0.791214  0.222058  -0.816338  0.576025  0.042284  -0.094455  -0.205368  0.974116  -0.002228  -0.003824  0.001297  0.000000  0.000000  0.000000  1.000000  
101.259476 0.009325  0.003528  -0.022367  0.569792  0.791171  0.222228  -0.816327  0.576042  0.042247  -0.094588  -0.205483  0.974079  -0.002216  -0.003621  0.001135  0.000000  0.000000  0.000000  1.000000  
101.260479 0.009324  0.003526  -0.022365  0.569792  0.791144  0.222324  -0.816327  0.576037  0.042317  -0.094588  -0.205601  0.974054  -0.002152  -0.003474  0.001244  0.000000  0.000000  0.000000  1.000000  
101.261479 0.009319  0.003523  -0.022361  0.569784  0.791102  0.222495  -0.816317  0.576054  0.042280  -0.094721  -0.205717  0.974017  -0.002334  -0.003415  0.001481  0.000000  0.000000  0.000000  1.000000  
101.262734 0.009313  0.003518  -0.022351  0.569777  0.791059  0.222665  -0.816307  0.576072  0.042243  -0.094854  -0.205832  0.973979  -0.002605  -0.003469  0.002037  0.000000  0.000000  0.000000  1.000000  
101.263741 0.009307  0.003512  -0.022341  0.569777  0.791005  0.222857  -0.816307  0.576062  0.042383  -0.094854  -0.206069  0.973929  -0.002849  -0.003664  0.002614  0.000000  0.000000  0.000000  1.000000  
101.264989 0.009298  0.003501  -0.022320  0.569770  0.790935  0.223124  -0.816296  0.576074  0.042416  -0.094987  -0.206302  0.973867  -0.003473  -0.004220  0.004666  0.000000  0.000000  0.000000  1.000000  
101.265989 0.009291  0.003490  -0.022299  0.569770  0.790908  0.223220  -0.816296  0.576069  0.042486  -0.094987  -0.206420  0.973842  -0.003931  -0.004521  0.005876  0.000000  0.000000  0.000000  1.000000  
101.267225 0.009283  0.003479  -0.022278  0.569763  0.790838  0.223486  -0.816286  0.576081  0.042519  -0.095121  -0.206654  0.973779  -0.004220  -0.004808  0.006470  0.000000  0.000000  0.000000  1.000000  
101.268229 0.009278  0.003472  -0.022269  0.569763  0.790784  0.223678  -0.816286  0.576071  0.042658  -0.095121  -0.206890  0.973729  -0.004495  -0.004885  0.006526  0.000000  0.000000  0.000000  1.000000  
101.269477 0.009272  0.003465  -0.022264  0.569763  0.790729  0.223870  -0.816286  0.576061  0.042798  -0.095121  -0.207126  0.973679  -0.004839  -0.005147  0.006750  0.000000  0.000000  0.000000  1.000000  
101.270478 0.009265  0.003460  -0.022261  0.569755  0.790686  0.224040  -0.816275  0.576078  0.042761  -0.095254  -0.207242  0.973641  -0.005037  -0.005287  0.007116  0.000000  0.000000  0.000000  1.000000  
101.271727 0.009257  0.003453  -0.022247  0.569923  0.790541  0.224127  -0.816158  0.576236  0.042877  -0.095254  -0.207360  0.973616  -0.005206  -0.005503  0.007940  0.000000  0.000000  0.000000  1.000000  
101.272727 0.009254  0.003449  -0.022229  0.569923  0.790513  0.224223  -0.816158  0.576230  0.042947  -0.095254  -0.207478  0.973591  -0.005040  -0.005516  0.009359  0.000000  0.000000  0.000000  1.000000  
101.273979 0.009253  0.003446  -0.022200  0.570099  0.790383  0.224235  -0.816051  0.576365  0.043170  -0.095121  -0.207599  0.973578  -0.004954  -0.005532  0.011314  0.000000  0.000000  0.000000  1.000000  
101.275228 0.009250  0.003445  -0.022168  0.570099  0.790356  0.224331  -0.816051  0.576360  0.043240  -0.095121  -0.207717  0.973553  -0.004907  -0.005458  0.013114  0.000000  0.000000  0.000000  1.000000  
101.276477 0.009243  0.003440  -0.022137  0.570267  0.790238  0.224322  -0.815934  0.576523  0.043286  -0.095121  -0.207717  0.973553  -0.005101  -0.005497  0.014875  0.000000  0.000000  0.000000  1.000000  
101.277478 0.009236  0.003435  -0.022115  0.570274  0.790226  0.224344  -0.815944  0.576495  0.043463  -0.094987  -0.207838  0.973540  -0.005184  -0.005652  0.016014  0.000000  0.000000  0.000000  1.000000  
101.278737 0.009229  0.003427  -0.022093  0.570449  0.790123  0.224260  -0.815837  0.576634  0.043616  -0.094854  -0.207840  0.973553  -0.005178  -0.005651  0.016509  0.000000  0.000000  0.000000  1.000000  
101.279989 0.009223  0.003420  -0.022076  0.570617  0.789978  0.224347  -0.815720  0.576792  0.043732  -0.094854  -0.207958  0.973528  -0.005034  -0.005381  0.016226  0.000000  0.000000  0.000000  1.000000  
101.281231 0.009216  0.003413  -0.022062  0.570624  0.789993  0.224272  -0.815730  0.576769  0.043839  -0.094721  -0.207961  0.973540  -0.004889  -0.005000  0.015532  0.000000  0.000000  0.000000  1.000000  
101.282232 0.009210  0.003408  -0.022053  0.570792  0.789848  0.224359  -0.815613  0.576926  0.043955  -0.094721  -0.208079  0.973515  -0.004878  -0.004675  0.015094  0.000000  0.000000  0.000000  1.000000  
101.283509 0.009205  0.003402  -0.022046  0.570800  0.789863  0.224284  -0.815623  0.576903  0.044062  -0.094588  -0.208082  0.973527  -0.004818  -0.004562  0.014905  0.000000  0.000000  0.000000  1.000000  
101.284727 0.009198  0.003395  -0.022035  0.570975  0.789761  0.224201  -0.815516  0.577043  0.044214  -0.094455  -0.208084  0.973540  -0.004796  -0.004624  0.015293  0.000000  0.000000  0.000000  1.000000  
101.285727 0.009194  0.003391  -0.022019  0.570982  0.789777  0.224126  -0.815526  0.577020  0.044321  -0.094321  -0.208087  0.973552  -0.004601  -0.004508  0.016053  0.000000  0.000000  0.000000  1.000000  
101.286727 0.009189  0.003387  -0.021999  0.571157  0.789674  0.224042  -0.815419  0.577160  0.044474  -0.094188  -0.208090  0.973564  -0.004491  -0.004422  0.016538  0.000000  0.000000  0.000000  1.000000  
101.287727 0.009187  0.003384  -0.021975  0.571164  0.789690  0.223967  -0.815429  0.577137  0.044581  -0.094055  -0.208092  0.973577  -0.004489  -0.004303  0.016815  0.000000  0.000000  0.000000  1.000000  
101.288977 0.009183  0.003381  -0.021948  0.571339  0.789614  0.223788  -0.815322  0.577283  0.044663  -0.093922  -0.207977  0.973614  -0.004637  -0.004366  0.016755  0.000000  0.000000  0.000000  1.000000  
101.289979 0.009179  0.003378  -0.021931  0.571507  0.789522  0.223683  -0.815204  0.577451  0.044639  -0.093922  -0.207859  0.973639  -0.004849  -0.004453  0.016259  0.000000  0.000000  0.000000  1.000000  
101.291228 0.009170  0.003373  -0.021916  0.571689  0.789490  0.223332  -0.815107  0.577578  0.044759  -0.093655  -0.207628  0.973714  -0.004911  -0.004553  0.015021  0.000000  0.000000  0.000000  1.000000  
101.292478 0.009162  0.003369  -0.021903  0.571864  0.789441  0.223057  -0.815000  0.577729  0.044771  -0.093522  -0.207394  0.973777  -0.004988  -0.004385  0.014132  0.000000  0.000000  0.000000  1.000000  
101.293728 0.009154  0.003365  -0.021889  0.571879  0.789554  0.222620  -0.815020  0.577700  0.044774  -0.093256  -0.207045  0.973877  -0.005005  -0.004141  0.013633  0.000000  0.000000  0.000000  1.000000  
101.294988 0.009148  0.003361  -0.021869  0.572054  0.789505  0.222344  -0.814913  0.577851  0.044787  -0.093123  -0.206811  0.973939  -0.004979  -0.003925  0.013852  0.000000  0.000000  0.000000  1.000000  
101.296230 0.009143  0.003357  -0.021843  0.572236  0.789498  0.221898  -0.814815  0.577984  0.044835  -0.092856  -0.206462  0.974039  -0.004875  -0.003732  0.014627  0.000000  0.000000  0.000000  1.000000  
101.297233 0.009138  0.003353  -0.021820  0.572578  0.789330  0.221613  -0.814590  0.578298  0.044893  -0.092723  -0.206228  0.974101  -0.004824  -0.003623  0.015761  0.000000  0.000000  0.000000  1.000000  
101.298481 0.009133  0.003348  -0.021790  0.572753  0.789307  0.221242  -0.814482  0.578454  0.044835  -0.092590  -0.205876  0.974188  -0.004799  -0.003578  0.017096  0.000000  0.000000  0.000000  1.000000  
101.299482 0.009129  0.003344  -0.021767  0.572928  0.789258  0.220966  -0.814374  0.578605  0.044846  -0.092456  -0.205643  0.974250  -0.004715  -0.003422  0.018157  0.000000  0.000000  0.000000  1.000000  
101.300727 0.009125  0.003340  -0.021738  0.573110  0.789250  0.220519  -0.814276  0.578739  0.044895  -0.092190  -0.205293  0.974349  -0.004604  -0.003360  0.018848  0.000000  0.000000  0.000000  1.000000  
101.301728 0.009123  0.003337  -0.021716  0.573285  0.789227  0.220148  -0.814168  0.578895  0.044836  -0.092057  -0.204941  0.974436  -0.004471  -0.003305  0.018745  0.000000  0.000000  0.000000  1.000000  
101.302978 0.009121  0.003333  -0.021695  0.573459  0.789204  0.219776  -0.814061  0.579051  0.044777  -0.091924  -0.204589  0.974522  -0.004378  -0.003410  0.018270  0.000000  0.000000  0.000000  1.000000  
101.303982 0.009118  0.003328  -0.021682  0.573802  0.789061  0.219396  -0.813834  0.579370  0.044763  -0.091790  -0.204237  0.974609  -0.004317  -0.003516  0.017707  0.000000  0.000000  0.000000  1.000000  
101.305228 0.009114  0.003322  -0.021668  0.573976  0.789090  0.218833  -0.813726  0.579537  0.044564  -0.091657  -0.203648  0.974744  -0.004215  -0.003681  0.017395  -0.127415  0.144511  -0.123115  1.000000  
101.306475 0.009107  0.003315  -0.021650  0.574158  0.789108  0.218290  -0.813628  0.579677  0.044541  -0.091391  -0.203180  0.974867  -0.004112  -0.003828  0.017536  -0.143618  0.153221  -0.121321  1.000000  
101.307727 0.009102  0.003308  -0.021624  0.574332  0.789111  0.217823  -0.813520  0.579839  0.044411  -0.091257  -0.202710  0.974977  -0.003842  -0.004045  0.018571  -0.165267  0.154519  -0.122396  1.000000  
101.308977 0.009099  0.003300  -0.021590  0.574507  0.789139  0.217260  -0.813412  0.580006  0.044210  -0.091124  -0.202121  0.975112  -0.003615  -0.004264  0.019768  -0.183507  0.154613  -0.128121  1.000000  
101.310227 0.009096  0.003294  -0.021550  0.574849  0.789021  0.216784  -0.813185  0.580330  0.044125  -0.090991  -0.201650  0.975222  -0.003414  -0.004453  0.020962  -0.203042  0.160314  -0.133881  1.000000  
101.311477 0.009093  0.003288  -0.021510  0.575030  0.789064  0.216145  -0.813086  0.580476  0.044030  -0.090724  -0.201064  0.975368  -0.003245  -0.004491  0.021769  -0.222668  0.166051  -0.139712  1.000000  
101.312487 0.009089  0.003285  -0.021483  0.575205  0.789091  0.215583  -0.812978  0.580643  0.043829  -0.090591  -0.200475  0.975501  -0.003159  -0.004462  0.022007  -0.248945  0.167357  -0.140882  1.000000  
101.313731 0.009085  0.003281  -0.021452  0.575386  0.789159  0.214848  -0.812879  0.580793  0.043664  -0.090325  -0.199769  0.975671  -0.003089  -0.004476  0.022146  -0.272847  0.173150  -0.146794  1.000000  
101.314982 0.009083  0.003277  -0.021425  0.575567  0.789226  0.214114  -0.812780  0.580944  0.043499  -0.090058  -0.199064  0.975840  -0.002938  -0.004384  0.021972  -0.297317  0.177482  -0.145928  1.000000  
101.315983 0.009080  0.003275  -0.021402  0.575741  0.789225  0.213647  -0.812672  0.581106  0.043367  -0.089925  -0.198593  0.975948  -0.002923  -0.004280  0.021991  -0.310506  0.181797  -0.150589  1.000000  
101.316986 0.009078  0.003273  -0.021377  0.575916  0.789251  0.213084  -0.812563  0.581273  0.043165  -0.089792  -0.198004  0.976080  -0.002933  -0.004210  0.022282  -0.333354  0.183182  -0.151832  1.000000  
101.318227 0.009074  0.003269  -0.021345  0.575930  0.789436  0.212358  -0.812583  0.581261  0.042955  -0.089525  -0.197298  0.976247  -0.003111  -0.004213  0.023238  -0.355892  0.184782  -0.143200  1.000000  
101.319477 0.009068  0.003263  -0.021311  0.576111  0.789527  0.211528  -0.812483  0.581417  0.042719  -0.089259  -0.196474  0.976438  -0.003274  -0.004220  0.024418  -0.379303  0.190335  -0.148975  1.000000  
101.320727 0.009060  0.003256  -0.021273  0.576292  0.789591  0.210793  -0.812384  0.581568  0.042552  -0.088992  -0.195768  0.976604  -0.003422  -0.004256  0.026154  -0.395514  0.194632  -0.148167  1.000000  
101.321727 0.009054  0.003250  -0.021241  0.576473  0.789629  0.210155  -0.812285  0.581713  0.042456  -0.088725  -0.195180  0.976746  -0.003496  -0.004242  0.027157  -0.407647  0.198921  -0.147339  1.000000  
101.322728 0.009048  0.003245  -0.021209  0.576480  0.789772  0.209600  -0.812295  0.581718  0.042209  -0.088592  -0.194590  0.976876  -0.003613  -0.004184  0.027673  -0.423973  0.194735  -0.142823  1.000000  
101.323979 0.009043  0.003240  -0.021171  0.576667  0.789849  0.208789  -0.812205  0.581848  0.042149  -0.088192  -0.193886  0.977052  -0.003788  -0.004012  0.027803  -0.436232  0.203459  -0.141117  1.000000  
101.325227 0.009037  0.003234  -0.021139  0.576681  0.790031  0.208063  -0.812224  0.581836  0.041939  -0.087926  -0.193179  0.977216  -0.004006  -0.003980  0.027368  -0.449742  0.204838  -0.132545  1.000000  
101.326477 0.009030  0.003230  -0.021110  0.576869  0.790132  0.207157  -0.812134  0.581971  0.041807  -0.087526  -0.192356  0.977414  -0.004198  -0.003897  0.026672  -0.469796  0.209035  -0.131703  1.000000  
101.327479 0.009025  0.003227  -0.021090  0.576882  0.790312  0.206430  -0.812153  0.581960  0.041597  -0.087259  -0.191649  0.977577  -0.004295  -0.003868  0.026194  -0.486568  0.213722  -0.125258  1.000000  
101.328479 0.009019  0.003226  -0.021068  0.577070  0.790362  0.205715  -0.812063  0.582085  0.041606  -0.086860  -0.191063  0.977727  -0.004444  -0.003718  0.025992  -0.494696  0.220634  -0.122533  1.000000  
101.329487 0.009015  0.003224  -0.021042  0.577083  0.790541  0.204988  -0.812082  0.582073  0.041396  -0.086593  -0.190356  0.977889  -0.004644  -0.003654  0.026326  -0.511599  0.220987  -0.116899  1.000000  
101.330733 0.009008  0.003222  -0.021003  0.577277  0.790678  0.203909  -0.812001  0.582193  0.041300  -0.086060  -0.189416  0.978118  -0.004920  -0.003625  0.027062  -0.532246  0.234226  -0.114424  1.000000  
101.331982 0.008999  0.003219  -0.020958  0.577304  0.790934  0.202838  -0.812038  0.582151  0.041161  -0.085527  -0.188475  0.978347  -0.005265  -0.003613  0.027963  -0.548684  0.243965  -0.104285  1.000000  
101.332993 0.008992  0.003215  -0.020920  0.577497  0.791045  0.201855  -0.811956  0.582267  0.041136  -0.084993  -0.187653  0.978551  -0.005601  -0.003659  0.028791  -0.569827  0.257626  -0.095825  1.000000  
101.334236 0.008982  0.003211  -0.020875  0.577691  0.791203  0.200679  -0.811874  0.582393  0.040968  -0.084460  -0.186593  0.978800  -0.005808  -0.003518  0.029499  -0.590444  0.266451  -0.094301  1.000000  
101.335478 0.008971  0.003208  -0.020834  0.577723  0.791493  0.199435  -0.811920  0.582336  0.040866  -0.083793  -0.185535  0.979058  -0.006060  -0.003276  0.029768  -0.611667  0.282752  -0.084269  1.000000  
101.336727 0.008960  0.003206  -0.020794  0.577916  0.791672  0.198163  -0.811838  0.582468  0.040627  -0.083260  -0.184355  0.979327  -0.006260  -0.002925  0.029793  -0.630886  0.293457  -0.081209  1.000000  
101.337727 0.008952  0.003205  -0.020765  0.578116  0.791791  0.197102  -0.811764  0.582565  0.040707  -0.082593  -0.183534  0.979537  -0.006401  -0.002669  0.029612  -0.648442  0.313502  -0.078603  1.000000  
101.338977 0.008943  0.003203  -0.020732  0.578147  0.792077  0.195858  -0.811809  0.582510  0.040605  -0.081927  -0.182475  0.979791  -0.006629  -0.002448  0.029330  -0.665390  0.329750  -0.068637  1.000000  
101.339978 0.008936  0.003202  -0.020704  0.578340  0.792203  0.194776  -0.811725  0.582633  0.040507  -0.081393  -0.181532  0.980011  -0.006838  -0.002215  0.029447  -0.686444  0.341635  -0.059503  1.000000  
101.341226 0.008925  0.003199  -0.020668  0.578545  0.792402  0.193350  -0.811659  0.582727  0.040481  -0.080593  -0.180355  0.980294  -0.007077  -0.002065  0.029837  -0.705089  0.360651  -0.055034  1.000000  
101.342226 0.008917  0.003199  -0.020637  0.578737  0.792525  0.192268  -0.811575  0.582851  0.040383  -0.080060  -0.179411  0.980511  -0.007277  -0.001925  0.030519  -0.717577  0.369524  -0.053644  1.000000  
101.343477 0.008907  0.003198  -0.020593  0.578941  0.792721  0.190842  -0.811508  0.582946  0.040356  -0.079259  -0.178233  0.980791  -0.007496  -0.001885  0.031672  -0.737607  0.386864  -0.050580  1.000000  
101.344477 0.008899  0.003195  -0.020555  0.579139  0.792855  0.189683  -0.811432  0.583052  0.040363  -0.078592  -0.177291  0.981015  -0.007745  -0.001937  0.032465  -0.749751  0.404327  -0.047514  1.000000  
101.345492 0.008889  0.003192  -0.020517  0.579342  0.793001  0.188447  -0.811364  0.583139  0.040478  -0.077792  -0.176350  0.981249  -0.008040  -0.002035  0.032973  -0.763895  0.425145  -0.044856  1.000000  
101.346732 0.008876  0.003187  -0.020471  0.579551  0.793227  0.186847  -0.811303  0.583222  0.040486  -0.076858  -0.175053  0.981554  -0.008330  -0.002116  0.033005  -0.784757  0.451839  -0.040272  1.000000  
101.347982 0.008862  0.003184  -0.020430  0.579760  0.793450  0.185245  -0.811242  0.583306  0.040494  -0.075925  -0.173756  0.981858  -0.008619  -0.002080  0.032692  -0.804411  0.475041  -0.043321  1.000000  
101.348992 0.008851  0.003182  -0.020401  0.579962  0.793612  0.183912  -0.811172  0.583401  0.040537  -0.075124  -0.172694  0.982106  -0.008861  -0.001952  0.032125  -0.820443  0.496898  -0.039546  1.000000  
101.350227 0.008838  0.003180  -0.020364  0.580176  0.793865  0.182137  -0.811118  0.583474  0.040581  -0.074057  -0.171278  0.982435  -0.009009  -0.001873  0.031858  -0.841400  0.523671  -0.035178  1.000000  
101.351227 0.008827  0.003178  -0.020332  0.580383  0.794058  0.180630  -0.811054  0.583556  0.040659  -0.073123  -0.170098  0.982710  -0.009146  -0.001918  0.031940  -0.862214  0.542460  -0.037934  1.000000  
101.352228 0.008817  0.003177  -0.020296  0.580584  0.794236  0.179199  -0.810982  0.583658  0.040629  -0.072322  -0.168916  0.982974  -0.009302  -0.001941  0.032343  -0.885743  0.564609  -0.035503  1.000000  
101.353476 0.008804  0.003176  -0.020247  0.580968  0.794416  0.177144  -0.810813  0.583890  0.040674  -0.071121  -0.167261  0.983344  -0.009534  -0.001880  0.033205  -0.914399  0.591872  -0.036929  1.000000  
101.354477 0.008794  0.003175  -0.020206  0.581173  0.794622  0.175539  -0.810747  0.583981  0.040680  -0.070187  -0.165960  0.983632  -0.009745  -0.001787  0.034119  -0.938190  0.615001  -0.040216  1.000000  
101.355726 0.008779  0.003174  -0.020153  0.581556  0.794772  0.173579  -0.810576  0.584211  0.040793  -0.068985  -0.164422  0.983975  -0.009990  -0.001719  0.035373  -0.961490  0.648128  -0.048838  1.000000  
101.356726 0.008768  0.003172  -0.020109  0.581760  0.794972  0.171972  -0.810509  0.584304  0.040798  -0.068051  -0.163120  0.984257  -0.010213  -0.001792  0.036246  -0.985991  0.671228  -0.046766  1.000000  
101.357977 0.008753  0.003170  -0.020058  0.581969  0.795243  0.169999  -0.810447  0.584396  0.040697  -0.066983  -0.161460  0.984603  -0.010537  -0.001912  0.036958  -1.009967  0.693315  -0.049205  1.000000  
101.358977 0.008741  0.003167  -0.020018  0.582172  0.795437  0.168392  -0.810378  0.584492  0.040701  -0.066048  -0.160156  0.984880  -0.010783  -0.002002  0.037148  -1.034538  0.710970  -0.046754  1.000000  
101.359984 0.008729  0.003163  -0.019981  0.582375  0.795627  0.166783  -0.810308  0.584589  0.040705  -0.065114  -0.158852  0.985153  -0.011009  -0.002000  0.037038  -1.055073  0.729823  -0.045600  1.000000  
101.361226 0.008713  0.003158  -0.019936  0.582759  0.795791  0.164646  -0.810138  0.584814  0.040851  -0.063779  -0.157192  0.985506  -0.011214  -0.002106  0.036858  -1.073829  0.756899  -0.054219  1.000000  
101.362234 0.008700  0.003154  -0.019903  0.582960  0.795975  0.163036  -0.810066  0.584913  0.040853  -0.062844  -0.155886  0.985774  -0.011461  -0.002142  0.036796  -1.094890  0.776256  -0.053221  1.000000  
101.363479 0.008683  0.003149  -0.019861  0.583176  0.796270  0.160809  -0.810014  0.584983  0.040893  -0.061509  -0.154105  0.986138  -0.011655  -0.002322  0.036998  -1.119390  0.802816  -0.055297  1.000000  
101.364482 0.008669  0.003144  -0.019823  0.583381  0.796459  0.159121  -0.809947  0.585068  0.041002  -0.060440  -0.152799  0.986407  -0.011777  -0.002488  0.037661  -1.134333  0.819349  -0.053081  1.000000  
101.365484 0.008656  0.003140  -0.019781  0.583414  0.796754  0.157518  -0.809992  0.585007  0.040971  -0.059505  -0.151491  0.986666  -0.011941  -0.002680  0.038442  -1.152254  0.838012  -0.045441  1.000000  
101.366725 0.008639  0.003133  -0.019724  0.583622  0.797024  0.155365  -0.809930  0.585099  0.040903  -0.058303  -0.149707  0.987010  -0.012158  -0.002938  0.039349  -1.171067  0.854424  -0.049265  1.000000  
101.367727 0.008627  0.003129  -0.019677  0.583820  0.797210  0.153656  -0.809854  0.585209  0.040833  -0.057368  -0.148278  0.987280  -0.012356  -0.003234  0.040036  -1.193295  0.865970  -0.050040  1.000000  
101.368977 0.008611  0.003124  -0.019619  0.583860  0.797610  0.151413  -0.809909  0.585144  0.040662  -0.056166  -0.146372  0.987634  -0.012566  -0.003506  0.040502  -1.222257  0.882337  -0.041583  1.000000  
101.370227 0.008594  0.003119  -0.019565  0.584070  0.797859  0.149277  -0.809849  0.585220  0.040771  -0.054830  -0.144705  0.987955  -0.012740  -0.003719  0.040591  -1.238943  0.900158  -0.039949  1.000000  
101.371477 0.008577  0.003112  -0.019513  0.584113  0.798259  0.146955  -0.809908  0.585143  0.040708  -0.053494  -0.142798  0.988305  -0.012970  -0.004070  0.040470  -1.264047  0.921171  -0.030929  1.000000  
101.372728 0.008559  0.003106  -0.019461  0.584158  0.798664  0.144554  -0.809971  0.585053  0.040752  -0.052024  -0.140890  0.988657  -0.013183  -0.004341  0.040509  -1.289125  0.942189  -0.021976  1.000000  
101.373977 0.008541  0.003099  -0.019406  0.584202  0.799045  0.142249  -0.810032  0.584960  0.040868  -0.050554  -0.139102  0.988987  -0.013345  -0.004540  0.040806  -1.307293  0.961049  -0.018864  1.000000  
101.375227 0.008522  0.003090  -0.019350  0.584241  0.799410  0.140021  -0.810086  0.584884  0.040878  -0.049218  -0.137311  0.989304  -0.013615  -0.004812  0.041526  -1.328613  0.977924  -0.010763  1.000000  
101.376228 0.008507  0.003084  -0.019302  0.584276  0.799725  0.138063  -0.810134  0.584815  0.040922  -0.048015  -0.135759  0.989578  -0.013758  -0.004966  0.042441  -1.344604  0.989491  -0.003217  1.000000  
101.377478 0.008487  0.003075  -0.019239  0.584316  0.800091  0.135756  -0.810190  0.584729  0.041039  -0.046545  -0.133968  0.989892  -0.013925  -0.005225  0.043787  -1.365487  1.006103  0.004796  1.000000  
101.378491 0.008472  0.003068  -0.019187  0.584349  0.800397  0.133796  -0.810235  0.584663  0.041084  -0.045342  -0.132414  0.990157  -0.014039  -0.005452  0.045020  -1.381504  1.020948  0.018313  1.000000  
101.379728 0.008454  0.003058  -0.019120  0.584220  0.800888  0.131398  -0.810409  0.584421  0.041105  -0.043872  -0.130501  0.990477  -0.014120  -0.005694  0.046248  -1.399652  1.028317  0.032868  1.000000  
101.380730 0.008440  0.003050  -0.019068  0.584251  0.801185  0.129438  -0.810451  0.584360  0.041151  -0.042669  -0.128945  0.990733  -0.014233  -0.005880  0.046787  -1.415900  1.040322  0.039066  1.000000  
101.381733 0.008426  0.003043  -0.019018  0.584284  0.801488  0.127399  -0.810496  0.584285  0.041305  -0.041332  -0.127390  0.990991  -0.014257  -0.006024  0.046978  -1.424750  1.052823  0.046387  1.000000  
101.382734 0.008412  0.003036  -0.018970  0.584315  0.801786  0.125359  -0.810541  0.584213  0.041459  -0.039995  -0.125834  0.991245  -0.014386  -0.006258  0.047122  -1.437048  1.069344  0.054379  1.000000  
101.383983 0.008394  0.003027  -0.018913  0.584182  0.802269  0.122861  -0.810708  0.583985  0.041413  -0.038524  -0.123797  0.991559  -0.014434  -0.006513  0.047123  -1.450602  1.075376  0.074177  1.000000  
101.385228 0.008376  0.003017  -0.018855  0.584218  0.802635  0.120275  -0.810757  0.583910  0.041501  -0.036920  -0.121760  0.991873  -0.014545  -0.006832  0.047351  -1.467653  1.088069  0.081003  1.000000  
101.386477 0.008358  0.003005  -0.018794  0.584249  0.802985  0.117766  -0.810800  0.583852  0.041481  -0.035449  -0.119720  0.992175  -0.014552  -0.007186  0.048008  -1.480709  1.095175  0.093911  1.000000  
101.387727 0.008339  0.002993  -0.018728  0.584284  0.803332  0.115199  -0.810849  0.583765  0.041749  -0.033711  -0.117802  0.992465  -0.014613  -0.007479  0.048825  -1.489323  1.116669  0.101905  1.000000  
101.388727 0.008324  0.002984  -0.018671  0.584307  0.803608  0.113135  -0.810881  0.583721  0.041727  -0.032507  -0.116121  0.992703  -0.014678  -0.007788  0.049827  -1.501951  1.124777  0.108300  1.000000  
101.389977 0.008305  0.002972  -0.018598  0.584337  0.803946  0.110546  -0.810922  0.583658  0.041817  -0.030903  -0.114079  0.992991  -0.014736  -0.008030  0.050945  -1.514420  1.137001  0.115366  1.000000  
101.391226 0.008285  0.002961  -0.018524  0.584370  0.804308  0.107703  -0.810968  0.583577  0.042052  -0.029030  -0.111917  0.993293  -0.014786  -0.008198  0.051924  -1.530977  1.152821  0.129125  1.000000  
101.392228 0.008270  0.002952  -0.018465  0.584392  0.804589  0.105462  -0.810999  0.583533  0.042068  -0.027693  -0.110114  0.993533  -0.014725  -0.008345  0.052524  -1.547843  1.165642  0.135914  1.000000  
101.393476 0.008251  0.002941  -0.018393  0.584421  0.804961  0.102421  -0.811039  0.583470  0.042163  -0.025820  -0.107709  0.993847  -0.014755  -0.008429  0.052999  -1.568155  1.182546  0.142556  1.000000  
101.394476 0.008237  0.002933  -0.018338  0.584443  0.805225  0.100199  -0.811069  0.583414  0.042359  -0.024349  -0.106025  0.994065  -0.014708  -0.008475  0.053133  -1.580752  1.195267  0.149312  1.000000  
101.395494 0.008223  0.002925  -0.018283  0.584632  0.805395  0.097694  -0.810980  0.583526  0.042542  -0.022744  -0.104099  0.994307  -0.014695  -0.008480  0.053172  -1.601021  1.218075  0.149988  1.000000  
101.396730 0.008205  0.002915  -0.018215  0.584659  0.805746  0.094593  -0.811017  0.583445  0.042924  -0.020604  -0.101812  0.994590  -0.014753  -0.008538  0.053545  -1.617868  1.254488  0.152050  1.000000  
101.397980 0.008186  0.002905  -0.018147  0.584682  0.806078  0.091568  -0.811049  0.583381  0.043199  -0.018597  -0.099524  0.994861  -0.014791  -0.008637  0.054194  -1.634590  1.280842  0.159677  1.000000  
101.398983 0.008171  0.002896  -0.018090  0.584866  0.806215  0.089158  -0.810952  0.583497  0.043452  -0.016992  -0.097716  0.995069  -0.014887  -0.008700  0.054897  -1.642209  1.299593  0.152808  1.000000  
101.399983 0.008155  0.002886  -0.018031  0.584882  0.806474  0.086678  -0.810975  0.583440  0.043794  -0.015252  -0.095908  0.995273  -0.014956  -0.008842  0.055860  -1.658845  1.321392  0.160340  1.000000  
101.400989 0.008138  0.002875  -0.017970  0.584896  0.806718  0.084276  -0.810994  0.583396  0.044029  -0.013647  -0.094100  0.995469  -0.015084  -0.008946  0.056675  -1.666610  1.339218  0.160196  1.000000  
101.402227 0.008118  0.002862  -0.017892  0.585078  0.806905  0.081160  -0.810895  0.583503  0.044430  -0.011506  -0.091808  0.995710  -0.015232  -0.009074  0.057526  -1.683405  1.363268  0.153256  1.000000  
101.403227 0.008101  0.002851  -0.017830  0.585090  0.807169  0.078405  -0.810911  0.583457  0.044740  -0.009633  -0.089756  0.995917  -0.015380  -0.009167  0.057989  -1.697706  1.387633  0.153876  1.000000  
101.404227 0.008084  0.002841  -0.017771  0.585266  0.807280  0.075913  -0.810803  0.583579  0.045099  -0.007894  -0.087945  0.996094  -0.015528  -0.009197  0.058054  -1.711665  1.409201  0.146758  1.000000  
101.405477 0.008063  0.002829  -0.017700  0.585275  0.807591  0.072452  -0.810816  0.583525  0.045558  -0.005486  -0.085409  0.996331  -0.015622  -0.009229  0.057896  -1.736237  1.440893  0.147187  1.000000  
101.406727 0.008042  0.002817  -0.017630  0.585448  0.807755  0.069156  -0.810704  0.583647  0.045994  -0.003211  -0.082992  0.996545  -0.015739  -0.009295  0.057597  -1.752376  1.473261  0.140592  1.000000  
101.407727 0.008025  0.002808  -0.017575  0.585451  0.807985  0.066398  -0.810707  0.583618  0.046304  -0.001338  -0.080938  0.996718  -0.015819  -0.009342  0.057360  -1.772990  1.496046  0.140428  1.000000  
101.408977 0.008004  0.002797  -0.017503  0.585618  0.808140  0.062944  -0.810587  0.583733  0.046956  0.001204  -0.078520  0.996912  -0.016034  -0.009372  0.057464  -1.786242  1.529670  0.127332  1.000000  
101.410226 0.007983  0.002786  -0.017429  0.585614  0.808398  0.059577  -0.810582  0.583697  0.047486  0.003613  -0.076100  0.997094  -0.016233  -0.009392  0.057970  -1.802503  1.561040  0.127211  1.000000  
101.411227 0.007966  0.002778  -0.017366  0.585776  0.808473  0.056904  -0.810454  0.583842  0.047879  0.005486  -0.074164  0.997231  -0.016370  -0.009397  0.058427  -1.811508  1.580587  0.119413  1.000000  
101.412241 0.007949  0.002770  -0.017302  0.585769  0.808668  0.054143  -0.810445  0.583830  0.048189  0.007359  -0.072107  0.997370  -0.016567  -0.009434  0.059057  -1.828994  1.601416  0.117997  1.000000  
101.413482 0.007925  0.002759  -0.017221  0.585923  0.808792  0.050489  -0.810306  0.583980  0.048697  0.009901  -0.069444  0.997537  -0.016921  -0.009466  0.059902  -1.851494  1.630928  0.103967  1.000000  
101.414728 0.007901  0.002748  -0.017139  0.586075  0.808887  0.047089  -0.810165  0.584145  0.049057  0.012175  -0.066901  0.997685  -0.017168  -0.009380  0.060437  -1.870255  1.662672  0.095514  1.000000  
101.415729 0.007882  0.002738  -0.017074  0.586058  0.809064  0.044169  -0.810142  0.584133  0.049584  0.014316  -0.064842  0.997793  -0.017372  -0.009304  0.060766  -1.879069  1.689013  0.095653  1.000000  
101.416729 0.007863  0.002730  -0.017011  0.586206  0.809117  0.041140  -0.809995  0.584297  0.050047  0.016456  -0.062661  0.997899  -0.017610  -0.009153  0.060773  -1.902827  1.721744  0.087675  1.000000  
101.417974 0.007838  0.002719  -0.016934  0.586345  0.809184  0.037699  -0.809836  0.584447  0.050872  0.019132  -0.060358  0.997993  -0.017861  -0.009003  0.060762  -1.911525  1.752820  0.080772  1.000000  
101.418974 0.007817  0.002710  -0.016875  0.586319  0.809333  0.034777  -0.809801  0.584449  0.051397  0.021272  -0.058298  0.998073  -0.018075  -0.008916  0.060723  -1.923691  1.785685  0.079262  1.000000  
101.419975 0.007797  0.002701  -0.016814  0.586458  0.809346  0.032040  -0.809641  0.584611  0.052071  0.023413  -0.056479  0.998129  -0.018247  -0.008861  0.060923  -1.927986  1.811554  0.072505  1.000000  
101.421223 0.007772  0.002691  -0.016737  0.586417  0.809510  0.028431  -0.809585  0.584612  0.052924  0.026222  -0.054053  0.998194  -0.018551  -0.008743  0.061435  -1.936280  1.842868  0.070923  1.000000  
101.422472 0.007747  0.002680  -0.016656  0.586543  0.809539  0.024771  -0.809407  0.584812  0.053425  0.028763  -0.051386  0.998265  -0.018820  -0.008658  0.062199  -1.948529  1.870230  0.061653  1.000000  
101.423473 0.007727  0.002673  -0.016588  0.586503  0.809655  0.021770  -0.809352  0.584830  0.054057  0.031036  -0.049324  0.998300  -0.019048  -0.008551  0.063038  -1.952769  1.897078  0.060014  1.000000  
101.424723 0.007701  0.002663  -0.016501  0.586619  0.809665  0.017932  -0.809161  0.585045  0.054593  0.033711  -0.046535  0.998348  -0.019355  -0.008486  0.063928  -1.973197  1.924432  0.050489  1.000000  
101.425723 0.007681  0.002655  -0.016431  0.586739  0.809641  0.014820  -0.808976  0.585248  0.055157  0.035984  -0.044351  0.998368  -0.019634  -0.008452  0.064511  -1.982010  1.947323  0.048187  1.000000  
101.426973 0.007653  0.002646  -0.016343  0.586843  0.809626  0.011000  -0.808771  0.585465  0.055868  0.038792  -0.041683  0.998378  -0.020040  -0.008429  0.065141  -1.994037  1.969798  0.038086  1.000000  
101.427978 0.007631  0.002638  -0.016273  0.586790  0.809700  0.007997  -0.808697  0.585506  0.056499  0.041065  -0.039620  0.998371  -0.020288  -0.008375  0.065401  -2.002089  1.991904  0.035814  1.000000  
101.428984 0.007609  0.002630  -0.016205  0.586900  0.809645  0.004884  -0.808499  0.585725  0.057059  0.043337  -0.037437  0.998359  -0.020478  -0.008314  0.065490  -2.018541  2.017104  0.032330  1.000000  
101.430233 0.007581  0.002620  -0.016120  0.586989  0.809594  0.000985  -0.808271  0.585959  0.057875  0.046278  -0.034768  0.998323  -0.020756  -0.008167  0.065668  -2.031001  2.044433  0.022164  1.000000  
101.431479 0.007554  0.002612  -0.016036  0.587077  0.809526  -0.002836  -0.808042  0.586205  0.058580  0.049084  -0.032099  0.998279  -0.020940  -0.007995  0.066109  -2.043828  2.067273  0.018493  1.000000  
101.432482 0.007531  0.002605  -0.015966  0.587176  0.809437  -0.005950  -0.807829  0.586444  0.059136  0.051356  -0.029916  0.998232  -0.021082  -0.007846  0.066615  -2.052055  2.085404  0.008413  1.000000  
101.433578 0.007509  0.002598  -0.015894  0.587268  0.809342  -0.009045  -0.807605  0.586677  0.059869  0.053761  -0.027854  0.998165  -0.021071  -0.007671  0.067018  -2.045813  2.096730  0.005151  1.000000  
101.434723 0.007480  0.002590  -0.015800  0.587338  0.809239  -0.012847  -0.807353  0.586934  0.060748  0.056700  -0.025308  0.998070  -0.021517  -0.007552  0.068762  -2.060616  2.127102  -0.004020  1.000000  
101.435754 0.007457  0.002583  -0.015722  0.587423  0.809121  -0.016041  -0.807119  0.587186  0.061407  0.059105  -0.023125  0.997984  -0.021703  -0.007438  0.069778  -2.063840  2.142711  -0.009110  1.000000  
101.436973 0.007429  0.002576  -0.015625  0.587655  0.808872  -0.019679  -0.806740  0.587620  0.062241  0.061909  -0.020701  0.997867  -0.021916  -0.007215  0.070939  -2.065425  2.163211  -0.025541  1.000000  
101.438223 0.007401  0.002569  -0.015528  0.587716  0.808732  -0.023305  -0.806475  0.587894  0.063077  0.064713  -0.018276  0.997737  -0.022109  -0.007019  0.071806  -2.061932  2.176715  -0.030254  1.000000  
101.439476 0.007371  0.002562  -0.015433  0.587933  0.808455  -0.027121  -0.806076  0.588348  0.063942  0.067650  -0.015732  0.997585  -0.022377  -0.006880  0.072353  -2.066655  2.190468  -0.048734  1.000000  
101.440723 0.007342  0.002554  -0.015341  0.587979  0.808285  -0.030924  -0.805790  0.588644  0.064809  0.070587  -0.013188  0.997418  -0.022600  -0.006786  0.072675  -2.071399  2.208498  -0.053386  1.000000  
101.441723 0.007318  0.002548  -0.015269  0.588215  0.807992  -0.033955  -0.805416  0.589089  0.065413  0.072856  -0.011129  0.997280  -0.022714  -0.006675  0.072825  -2.072095  2.222170  -0.071068  1.000000  
101.442973 0.007289  0.002539  -0.015177  0.588405  0.807676  -0.037929  -0.804981  0.589564  0.066483  0.076058  -0.008587  0.997066  -0.022822  -0.006570  0.073097  -2.070576  2.246459  -0.082887  1.000000  
101.443975 0.007266  0.002534  -0.015103  0.588461  0.807484  -0.041025  -0.804710  0.589853  0.067197  0.078459  -0.006530  0.996896  -0.022884  -0.006400  0.073472  -2.069843  2.262862  -0.093631  1.000000  
101.444976 0.007241  0.002528  -0.015027  0.588513  0.807283  -0.044121  -0.804434  0.590148  0.067909  0.080860  -0.004473  0.996715  -0.023043  -0.006295  0.073988  -2.073730  2.279930  -0.097485  1.000000  
101.446231 0.007212  0.002521  -0.014930  0.588695  0.806940  -0.047820  -0.803987  0.590630  0.069005  0.083927  -0.002176  0.996470  -0.023155  -0.006126  0.074941  -2.063151  2.294101  -0.111587  1.000000  
101.447302 0.007189  0.002517  -0.014852  0.588911  0.806602  -0.050754  -0.803588  0.591094  0.069666  0.086193  -0.000242  0.996278  -0.023121  -0.005907  0.075215  -2.058987  2.292905  -0.129365  1.000000  
101.448480 0.007159  0.002512  -0.014751  0.589076  0.806236  -0.054533  -0.803118  0.591591  0.070861  0.089392  0.002054  0.995994  -0.023499  -0.005792  0.076763  -2.061300  2.321076  -0.139212  1.000000  
101.449483 0.007136  0.002508  -0.014670  0.589284  0.805879  -0.057467  -0.802710  0.592066  0.071516  0.091657  0.003986  0.995783  -0.023322  -0.005528  0.076575  -2.061995  2.320777  -0.159634  1.000000  
101.450726 0.007108  0.002504  -0.014571  0.589445  0.805475  -0.061362  -0.802236  0.592594  0.072452  0.094721  0.006521  0.995482  -0.023346  -0.005278  0.076916  -2.069377  2.331810  -0.169912  1.000000  
101.451727 0.007085  0.002501  -0.014493  0.589458  0.805219  -0.064517  -0.801907  0.592918  0.073435  0.097385  0.008450  0.995211  -0.023279  -0.005042  0.076702  -2.064210  2.347863  -0.176342  1.000000  
101.452973 0.007057  0.002498  -0.014398  0.589765  0.804673  -0.068409  -0.801287  0.593620  0.074528  0.100580  0.010861  0.994870  -0.023286  -0.004804  0.076653  -2.058167  2.365897  -0.202656  1.000000  
101.454223 0.007029  0.002495  -0.014302  0.589900  0.804226  -0.072383  -0.800780  0.594173  0.075559  0.103774  0.013391  0.994511  -0.023207  -0.004528  0.076702  -2.055278  2.383456  -0.215378  1.000000  
101.455473 0.007002  0.002492  -0.014207  0.590029  0.803782  -0.076162  -0.800265  0.594717  0.076729  0.106968  0.015677  0.994139  -0.023075  -0.004255  0.076880  -2.040243  2.396500  -0.228107  1.000000  
101.456723 0.006973  0.002488  -0.014110  0.590316  0.803202  -0.079956  -0.799620  0.595435  0.077877  0.110160  0.017962  0.993752  -0.022988  -0.003989  0.077275  -2.029834  2.409585  -0.247655  1.000000  
101.457723 0.006951  0.002486  -0.014030  0.590477  0.802780  -0.082950  -0.799149  0.595947  0.078792  0.112686  0.019765  0.993434  -0.022886  -0.003639  0.077786  -2.023780  2.418675  -0.266044  1.000000  
101.458973 0.006923  0.002483  -0.013930  0.590597  0.802312  -0.086552  -0.798623  0.596502  0.079913  0.115743  0.021926  0.993037  -0.022846  -0.003362  0.078255  -2.008590  2.425214  -0.275694  1.000000  
101.459975 0.006901  0.002481  -0.013849  0.590913  0.801759  -0.089465  -0.798019  0.597181  0.080874  0.118268  0.023605  0.992701  -0.022680  -0.003115  0.078570  -1.998008  2.433349  -0.293791  1.000000  
101.460975 0.006880  0.002480  -0.013769  0.591051  0.801309  -0.092538  -0.797519  0.597711  0.081884  0.120925  0.025403  0.992337  -0.022594  -0.002843  0.078805  -1.987098  2.441530  -0.305382  1.000000  
101.461983 0.006859  0.002479  -0.013690  0.591184  0.800861  -0.095513  -0.797013  0.598238  0.082962  0.123581  0.027079  0.991965  -0.022446  -0.002570  0.079151  -1.972014  2.458465  -0.316820  1.000000  
101.463231 0.006834  0.002478  -0.013593  0.591427  0.800223  -0.099290  -0.796311  0.598990  0.084259  0.126899  0.029233  0.991485  -0.022067  -0.002285  0.078501  -1.962152  2.471112  -0.336231  1.000000  
101.464232 0.006815  0.002478  -0.013516  0.591550  0.799769  -0.102168  -0.795792  0.599518  0.085402  0.129553  0.030785  0.991094  -0.021779  -0.002034  0.078198  -1.943154  2.477078  -0.351033  1.000000  
