1-Time 2-Px 3-Py 4-Pz 5-R11 6-R21 7-R31 8-R12 9-R22 10-R32 11-R13 12-R23 13-R33 14-Vx 15-Vy 16-Vz 17-Wx 18-Wy 19-Wz 20-state
117.705489 0.019674  -0.012438  -0.023624  0.479895  0.646824  0.592722  -0.821151  0.569022  0.043879  -0.308890  -0.507772  0.804211  -0.000729  0.000281  0.001017  0.000000  0.000000  0.000000  1.000000  
117.706639 0.019674  -0.012438  -0.023625  0.479895  0.646896  0.592644  -0.821151  0.569028  0.043810  -0.308890  -0.507674  0.804272  0.000193  -0.000191  -0.001163  0.000000  0.000000  0.000000  1.000000  
117.707883 0.019668  -0.012439  -0.023605  0.479895  0.646968  0.592565  -0.821151  0.569033  0.043741  -0.308890  -0.507577  0.804334  -0.002734  -0.000184  0.009662  0.000000  0.000000  0.000000  1.000000  
117.709135 0.019659  -0.012438  -0.023573  0.479895  0.647112  0.592408  -0.821151  0.569043  0.043603  -0.308890  -0.507381  0.804457  -0.004530  0.000041  0.015570  0.000000  0.000000  0.000000  1.000000  
117.710380 0.019651  -0.012436  -0.023549  0.479895  0.647256  0.592251  -0.821151  0.569054  0.043465  -0.308890  -0.507186  0.804580  -0.004992  0.000449  0.016776  0.000000  0.000000  0.000000  1.000000  
117.711386 0.019645  -0.012433  -0.023536  0.480064  0.647282  0.592085  -0.821052  0.569198  0.043449  -0.308890  -0.506991  0.804703  -0.005261  0.001026  0.015947  0.000000  0.000000  0.000000  1.000000  
117.712626 0.019634  -0.012428  -0.023527  0.480064  0.647426  0.591928  -0.821052  0.569208  0.043311  -0.308890  -0.506796  0.804826  -0.005965  0.001518  0.014387  0.000000  0.000000  0.000000  1.000000  
117.713874 0.019617  -0.012423  -0.023515  0.479895  0.647615  0.591859  -0.821151  0.569080  0.043120  -0.308890  -0.506698  0.804888  -0.007093  0.001903  0.013613  0.000000  0.000000  0.000000  1.000000  
117.714879 0.019606  -0.012418  -0.023508  0.479895  0.647758  0.591701  -0.821151  0.569091  0.042982  -0.308890  -0.506503  0.805011  -0.007596  0.002245  0.012934  0.000000  0.000000  0.000000  1.000000  
117.716126 0.019591  -0.012413  -0.023494  0.479895  0.647830  0.591623  -0.821151  0.569096  0.042913  -0.308890  -0.506405  0.805072  -0.008079  0.002445  0.012663  0.000000  0.000000  0.000000  1.000000  
117.717377 0.019578  -0.012408  -0.023478  0.479895  0.647830  0.591623  -0.821151  0.569096  0.042913  -0.308890  -0.506405  0.805072  -0.008368  0.002597  0.012704  0.000000  0.000000  0.000000  1.000000  
117.718625 0.019563  -0.012404  -0.023458  0.479726  0.648019  0.591553  -0.821249  0.568968  0.042722  -0.308890  -0.506308  0.805133  -0.008725  0.002690  0.013016  0.000000  0.000000  0.000000  1.000000  
117.719875 0.019544  -0.012401  -0.023435  0.479726  0.648019  0.591553  -0.821249  0.568968  0.042722  -0.308890  -0.506308  0.805133  -0.009253  0.002657  0.013496  0.000000  0.000000  0.000000  1.000000  
117.721129 0.019525  -0.012400  -0.023406  0.479726  0.648019  0.591553  -0.821249  0.568968  0.042722  -0.308890  -0.506308  0.805133  -0.009913  0.002536  0.014553  0.000000  0.000000  0.000000  1.000000  
117.722399 0.019504  -0.012399  -0.023371  0.479536  0.648030  0.591695  -0.821312  0.568888  0.042576  -0.309017  -0.506383  0.805037  -0.011196  0.002661  0.016203  0.000000  0.000000  0.000000  1.000000  
117.723632 0.019485  -0.012396  -0.023337  0.479705  0.647913  0.591686  -0.821214  0.569021  0.042698  -0.309017  -0.506383  0.805037  -0.011893  0.002851  0.016540  0.000000  0.000000  0.000000  1.000000  
117.724635 0.019471  -0.012391  -0.023317  0.479705  0.647913  0.591686  -0.821214  0.569021  0.042698  -0.309017  -0.506383  0.805037  -0.012476  0.003159  0.016272  0.000000  0.000000  0.000000  1.000000  
117.725879 0.019452  -0.012382  -0.023302  0.479705  0.647985  0.591607  -0.821214  0.569026  0.042629  -0.309017  -0.506286  0.805098  -0.013097  0.003493  0.015996  0.000000  0.000000  0.000000  1.000000  
117.726879 0.019435  -0.012375  -0.023289  0.479874  0.647939  0.591520  -0.821115  0.569165  0.042682  -0.309017  -0.506188  0.805160  -0.013789  0.003763  0.016373  0.000000  0.000000  0.000000  1.000000  
117.727881 0.019416  -0.012368  -0.023271  0.480043  0.647894  0.591433  -0.821016  0.569303  0.042735  -0.309017  -0.506090  0.805221  -0.014257  0.003915  0.017014  0.000000  0.000000  0.000000  1.000000  
117.729126 0.019395  -0.012360  -0.023239  0.480212  0.647848  0.591345  -0.820917  0.569442  0.042787  -0.309017  -0.505993  0.805283  -0.014683  0.004074  0.018458  0.000000  0.000000  0.000000  1.000000  
117.730375 0.019378  -0.012351  -0.023196  0.480381  0.647874  0.591179  -0.820818  0.569586  0.042771  -0.309017  -0.505797  0.805405  -0.014784  0.004344  0.020439  0.000000  0.000000  0.000000  1.000000  
117.731625 0.019362  -0.012341  -0.023147  0.480571  0.647863  0.591037  -0.820755  0.569666  0.042917  -0.308890  -0.505721  0.805502  -0.014980  0.004663  0.022768  0.000000  0.000000  0.000000  1.000000  
117.732875 0.019343  -0.012331  -0.023099  0.480909  0.647772  0.590863  -0.820557  0.569943  0.043022  -0.308890  -0.505526  0.805624  -0.015313  0.005079  0.024927  0.000000  0.000000  0.000000  1.000000  
117.733878 0.019325  -0.012324  -0.023064  0.481098  0.647760  0.590721  -0.820494  0.570023  0.043167  -0.308762  -0.505450  0.805721  -0.015625  0.005325  0.026156  0.000000  0.000000  0.000000  1.000000  
117.735125 0.019305  -0.012316  -0.023029  0.481457  0.647703  0.590491  -0.820331  0.570242  0.043365  -0.308635  -0.505277  0.805878  -0.015748  0.005709  0.026829  0.000000  0.000000  0.000000  1.000000  
117.736131 0.019289  -0.012309  -0.023005  0.481816  0.647574  0.590340  -0.820169  0.570456  0.043632  -0.308508  -0.505201  0.805974  -0.015739  0.006169  0.026692  0.000000  0.000000  0.000000  1.000000  
117.737374 0.019270  -0.012299  -0.022978  0.482005  0.647563  0.590198  -0.820105  0.570536  0.043777  -0.308381  -0.505125  0.806071  -0.015643  0.006735  0.026236  0.000000  0.000000  0.000000  1.000000  
117.738625 0.019250  -0.012288  -0.022953  0.482512  0.647282  0.590092  -0.819807  0.570941  0.044073  -0.308381  -0.505027  0.806132  -0.015638  0.007197  0.025627  0.000000  0.000000  0.000000  1.000000  
117.739634 0.019233  -0.012281  -0.022932  0.482702  0.647270  0.589950  -0.819743  0.571022  0.044218  -0.308253  -0.504951  0.806228  -0.015830  0.007332  0.025663  0.000000  0.000000  0.000000  1.000000  
117.740881 0.019212  -0.012272  -0.022906  0.483229  0.647023  0.589789  -0.819481  0.571369  0.044606  -0.308126  -0.504875  0.806324  -0.016019  0.007311  0.026627  0.000000  0.000000  0.000000  1.000000  
117.742129 0.019188  -0.012264  -0.022876  0.483587  0.646965  0.589559  -0.819317  0.571588  0.044803  -0.307999  -0.504702  0.806482  -0.016090  0.007312  0.027478  0.000000  0.000000  0.000000  1.000000  
117.743374 0.019163  -0.012255  -0.022838  0.483945  0.646835  0.589407  -0.819153  0.571801  0.045069  -0.307872  -0.504626  0.806578  -0.016291  0.007336  0.028125  0.000000  0.000000  0.000000  1.000000  
117.744376 0.019143  -0.012248  -0.022804  0.484303  0.646777  0.589177  -0.818989  0.572020  0.045266  -0.307744  -0.504452  0.806735  -0.016543  0.007374  0.028378  0.000000  0.000000  0.000000  1.000000  
117.745625 0.019121  -0.012236  -0.022761  0.484683  0.646753  0.588891  -0.818861  0.572182  0.045555  -0.307490  -0.504300  0.806927  -0.016982  0.007490  0.028206  0.000000  0.000000  0.000000  1.000000  
117.746627 0.019104  -0.012227  -0.022730  0.485062  0.646729  0.588605  -0.818732  0.572343  0.045845  -0.307235  -0.504148  0.807119  -0.017280  0.007536  0.027573  0.000000  0.000000  0.000000  1.000000  
117.747874 0.019081  -0.012216  -0.022699  0.485609  0.646730  0.588153  -0.818503  0.572649  0.046116  -0.306980  -0.503799  0.807434  -0.017483  0.007714  0.026623  -0.049633  0.167607  -0.141547  1.000000  
117.748874 0.019061  -0.012206  -0.022678  0.485820  0.646895  0.587798  -0.818473  0.572683  0.046215  -0.306726  -0.503549  0.807687  -0.017649  0.007886  0.025727  -0.058054  0.183617  -0.149171  1.000000  
117.749909 0.019040  -0.012194  -0.022659  0.486030  0.647060  0.587443  -0.818444  0.572717  0.046313  -0.306471  -0.503298  0.807939  -0.017868  0.008234  0.025055  -0.068100  0.194467  -0.149832  1.000000  
117.751125 0.019016  -0.012179  -0.022628  0.486409  0.647177  0.586999  -0.818314  0.572890  0.046463  -0.306216  -0.502950  0.808253  -0.018147  0.008655  0.025170  -0.079605  0.207559  -0.155175  1.000000  
117.752131 0.018998  -0.012167  -0.022598  0.486788  0.647295  0.586555  -0.818184  0.573063  0.046613  -0.305961  -0.502601  0.808567  -0.018407  0.008894  0.025749  -0.094340  0.231305  -0.166200  1.000000  
117.753374 0.018976  -0.012155  -0.022555  0.487356  0.647329  0.586046  -0.817989  0.573313  0.046975  -0.305579  -0.502273  0.808915  -0.018590  0.009069  0.027002  -0.105543  0.247565  -0.168831  1.000000  
117.754375 0.018956  -0.012145  -0.022517  0.487587  0.647598  0.585556  -0.817994  0.573296  0.047097  -0.305197  -0.501945  0.809262  -0.018764  0.009202  0.028076  -0.119644  0.262293  -0.167321  1.000000  
117.755375 0.018937  -0.012135  -0.022480  0.487965  0.647644  0.585190  -0.817863  0.573464  0.047315  -0.304942  -0.501694  0.809514  -0.018909  0.009347  0.029171  -0.123552  0.276737  -0.173748  1.000000  
117.756381 0.018917  -0.012125  -0.022446  0.488196  0.647842  0.584778  -0.817868  0.573442  0.047506  -0.304560  -0.501463  0.809801  -0.019057  0.009664  0.030024  -0.132773  0.290409  -0.168109  1.000000  
117.757631 0.018891  -0.012112  -0.022410  0.488596  0.647992  0.584278  -0.817772  0.573559  0.047748  -0.304178  -0.501135  0.810148  -0.019079  0.009952  0.030093  -0.142955  0.305330  -0.166680  1.000000  
117.758897 0.018868  -0.012101  -0.022376  0.488974  0.648037  0.583911  -0.817640  0.573728  0.047966  -0.303923  -0.500883  0.810400  -0.019048  0.010064  0.029540  -0.148927  0.316198  -0.167484  1.000000  
117.760137 0.018847  -0.012088  -0.022346  0.489373  0.648188  0.583409  -0.817543  0.573846  0.048207  -0.303540  -0.500554  0.810746  -0.018860  0.010206  0.028692  -0.155061  0.331161  -0.166121  1.000000  
117.761379 0.018828  -0.012074  -0.022317  0.489793  0.648372  0.582852  -0.817481  0.573906  0.048541  -0.303030  -0.500245  0.811127  -0.018700  0.010371  0.027976  -0.165320  0.346150  -0.164761  1.000000  
117.762626 0.018807  -0.012061  -0.022288  0.490192  0.648521  0.582350  -0.817383  0.574025  0.048781  -0.302648  -0.499915  0.811473  -0.018517  0.010450  0.027906  -0.173559  0.357600  -0.157800  1.000000  
117.763875 0.018786  -0.012049  -0.022254  0.490591  0.648741  0.581769  -0.817286  0.574150  0.048952  -0.302265  -0.499487  0.811880  -0.018235  0.010492  0.028377  -0.186302  0.365657  -0.157505  1.000000  
117.764875 0.018771  -0.012038  -0.022221  0.490990  0.648890  0.581266  -0.817188  0.574269  0.049192  -0.301882  -0.499156  0.812225  -0.018006  0.010432  0.029210  -0.196084  0.376279  -0.154221  1.000000  
117.766125 0.018754  -0.012025  -0.022173  0.491557  0.648991  0.580674  -0.816988  0.574528  0.049482  -0.301500  -0.498727  0.812631  -0.017477  0.010238  0.030399  -0.208663  0.384214  -0.153983  1.000000  
117.767376 0.018740  -0.012012  -0.022119  0.492145  0.649126  0.580025  -0.816822  0.574730  0.049865  -0.300989  -0.498318  0.813071  -0.016934  0.010208  0.031343  -0.224662  0.402223  -0.153895  1.000000  
117.768379 0.018727  -0.012000  -0.022076  0.492544  0.649344  0.579442  -0.816723  0.574857  0.050035  -0.300607  -0.497888  0.813476  -0.016536  0.010265  0.031797  -0.241030  0.413635  -0.146953  1.000000  
117.769626 0.018711  -0.011985  -0.022028  0.493110  0.649513  0.578770  -0.816522  0.575123  0.050254  -0.300224  -0.497359  0.813941  -0.016036  0.010545  0.031901  -0.255259  0.424786  -0.152418  1.000000  
117.770627 0.018698  -0.011972  -0.021995  0.493677  0.649612  0.578176  -0.816320  0.575384  0.050542  -0.299841  -0.496928  0.814345  -0.015639  0.010688  0.031754  -0.269370  0.439483  -0.151089  1.000000  
117.771875 0.018682  -0.011954  -0.021957  0.494432  0.649696  0.577435  -0.816050  0.575729  0.050972  -0.299330  -0.496418  0.814844  -0.014967  0.011044  0.031609  -0.285564  0.453907  -0.157755  1.000000  
117.772886 0.018669  -0.011940  -0.021927  0.494978  0.649759  0.576897  -0.815813  0.576047  0.051165  -0.299075  -0.495966  0.815213  -0.014423  0.011347  0.031779  -0.300157  0.461318  -0.156874  1.000000  
117.774131 0.018655  -0.011923  -0.021885  0.495732  0.649842  0.576155  -0.815542  0.576393  0.051594  -0.298564  -0.495455  0.815710  -0.013803  0.011701  0.032431  -0.312423  0.479712  -0.161296  1.000000  
117.775132 0.018643  -0.011910  -0.021847  0.496109  0.649953  0.575705  -0.815406  0.576573  0.051738  -0.298309  -0.495101  0.816019  -0.013596  0.011846  0.033271  -0.324736  0.479649  -0.161459  1.000000  
117.776135 0.018631  -0.011898  -0.021805  0.496675  0.650049  0.575108  -0.815202  0.576836  0.052023  -0.297926  -0.494668  0.816421  -0.013328  0.011932  0.034695  -0.334940  0.490663  -0.162578  1.000000  
117.777376 0.018614  -0.011883  -0.021754  0.497409  0.650096  0.574422  -0.814895  0.577240  0.052356  -0.297542  -0.494136  0.816883  -0.013145  0.012022  0.036029  -0.339172  0.497647  -0.174209  1.000000  
117.778626 0.018596  -0.011870  -0.021703  0.498163  0.650176  0.573677  -0.814620  0.577588  0.052782  -0.297031  -0.493623  0.817379  -0.012965  0.012092  0.037212  -0.343310  0.512134  -0.181096  1.000000  
117.779875 0.018579  -0.011855  -0.021654  0.498916  0.650186  0.573011  -0.814345  0.577930  0.053277  -0.296520  -0.493209  0.817814  -0.012788  0.012223  0.037884  -0.342894  0.526279  -0.192175  1.000000  
117.780875 0.018566  -0.011843  -0.021616  0.499481  0.650210  0.572491  -0.814138  0.578189  0.053630  -0.296137  -0.492874  0.818155  -0.012757  0.012324  0.037768  -0.343442  0.537305  -0.197144  1.000000  
117.782126 0.018550  -0.011828  -0.021571  0.500255  0.650253  0.571765  -0.813895  0.578476  0.054217  -0.295498  -0.492480  0.818624  -0.012883  0.012455  0.037136  -0.340773  0.551109  -0.200075  1.000000  
117.783375 0.018531  -0.011813  -0.021527  0.501029  0.650365  0.570960  -0.813651  0.578771  0.054733  -0.294859  -0.491985  0.819151  -0.013064  0.012521  0.036559  -0.345820  0.562777  -0.205437  1.000000  
117.784626 0.018511  -0.011796  -0.021487  0.501949  0.650392  0.570121  -0.813269  0.579263  0.055202  -0.294347  -0.491371  0.819704  -0.013325  0.012516  0.036097  -0.352067  0.576857  -0.220452  1.000000  
117.785875 0.018490  -0.011779  -0.021443  0.502742  0.650674  0.569098  -0.813056  0.579517  0.055669  -0.293580  -0.490696  0.820383  -0.013616  0.012546  0.036412  -0.363586  0.593767  -0.228963  1.000000  
117.786879 0.018473  -0.011764  -0.021404  0.503495  0.650749  0.568348  -0.812776  0.579870  0.056089  -0.293068  -0.490180  0.820875  -0.013947  0.012617  0.036993  -0.370821  0.609232  -0.240215  1.000000  
117.787880 0.018455  -0.011749  -0.021359  0.504100  0.650977  0.567550  -0.812631  0.580035  0.056484  -0.292429  -0.489682  0.821399  -0.014302  0.012737  0.037878  -0.379112  0.627437  -0.244866  1.000000  
117.789130 0.018431  -0.011732  -0.021297  0.504892  0.651325  0.566444  -0.812415  0.580299  0.056878  -0.291661  -0.488905  0.822135  -0.014914  0.012770  0.039238  -0.395706  0.645696  -0.249758  1.000000  
117.790131 0.018412  -0.011717  -0.021244  0.505664  0.651501  0.565553  -0.812164  0.580607  0.057319  -0.291021  -0.488306  0.822717  -0.015422  0.012892  0.040179  -0.408881  0.662458  -0.250131  1.000000  
117.791134 0.018391  -0.011702  -0.021193  0.506269  0.651794  0.564674  -0.812017  0.580781  0.057642  -0.290381  -0.487707  0.823299  -0.016015  0.013104  0.040845  -0.422674  0.674925  -0.256001  1.000000  
117.792136 0.018370  -0.011685  -0.021147  0.507040  0.651899  0.563860  -0.811764  0.581083  0.058151  -0.289740  -0.487206  0.823821  -0.016560  0.013412  0.041086  -0.424884  0.696510  -0.266446  1.000000  
117.793377 0.018343  -0.011665  -0.021095  0.507831  0.652243  0.562749  -0.811543  0.581352  0.058542  -0.288972  -0.486425  0.824552  -0.017167  0.013896  0.041221  -0.441679  0.711070  -0.273851  1.000000  
117.794631 0.018315  -0.011645  -0.021046  0.508643  0.652687  0.561499  -0.811354  0.581575  0.058954  -0.288075  -0.485561  0.825374  -0.017857  0.014270  0.041177  -0.460363  0.729612  -0.270966  1.000000  
117.795876 0.018289  -0.011626  -0.020998  0.509642  0.653045  0.560176  -0.811090  0.581879  0.059575  -0.287050  -0.484715  0.826228  -0.018483  0.014515  0.041179  -0.477198  0.755647  -0.271565  1.000000  
117.797125 0.018261  -0.011607  -0.020945  0.510640  0.653265  0.559010  -0.810825  0.582171  0.060335  -0.286025  -0.484068  0.826963  -0.019215  0.014738  0.041740  -0.485877  0.777763  -0.274406  1.000000  
117.798126 0.018239  -0.011592  -0.020901  0.511283  0.653553  0.558084  -0.810735  0.582235  0.060912  -0.285127  -0.483601  0.827546  -0.019837  0.014961  0.042481  -0.490415  0.797231  -0.272510  1.000000  
117.799375 0.018210  -0.011574  -0.020843  0.512280  0.653839  0.556834  -0.810466  0.582538  0.061599  -0.284101  -0.482851  0.828337  -0.020457  0.015059  0.043616  -0.497006  0.822399  -0.272171  1.000000  
117.800625 0.018181  -0.011557  -0.020783  0.513130  0.654209  0.555615  -0.810333  0.582645  0.062335  -0.282946  -0.482219  0.829100  -0.020886  0.015064  0.044647  -0.503538  0.841804  -0.262639  1.000000  
117.801875 0.018152  -0.011539  -0.020722  0.514166  0.654560  0.554241  -0.810123  0.582843  0.063207  -0.281663  -0.481503  0.829953  -0.021417  0.015017  0.045496  -0.516483  0.871815  -0.252014  1.000000  
117.802876 0.018128  -0.011525  -0.020673  0.514995  0.654827  0.553157  -0.809953  0.583001  0.063919  -0.280635  -0.480949  0.830622  -0.021811  0.014962  0.045710  -0.520976  0.894526  -0.248343  1.000000  
117.804128 0.018098  -0.011506  -0.020613  0.516030  0.655175  0.551778  -0.809739  0.583203  0.064789  -0.279351  -0.480229  0.831470  -0.022210  0.015047  0.045574  -0.531630  0.920568  -0.241278  1.000000  
117.805375 0.018068  -0.011485  -0.020555  0.517064  0.655588  0.550317  -0.809521  0.583416  0.065587  -0.278066  -0.479406  0.832376  -0.022575  0.015228  0.045106  -0.548459  0.953974  -0.237688  1.000000  
117.806384 0.018044  -0.011467  -0.020509  0.518057  0.655797  0.549133  -0.809239  0.583723  0.066337  -0.277038  -0.478746  0.833098  -0.022780  0.015314  0.044837  -0.559621  0.984388  -0.234866  1.000000  
117.807635 0.018014  -0.011445  -0.020453  0.519276  0.656187  0.547513  -0.808940  0.584029  0.067268  -0.275623  -0.477836  0.834089  -0.023005  0.015414  0.044889  -0.576700  1.018037  -0.231508  1.000000  
117.808880 0.017984  -0.011424  -0.020395  0.520513  0.656610  0.545829  -0.808670  0.584286  0.068292  -0.274079  -0.476942  0.835109  -0.023196  0.015473  0.045472  -0.593861  1.059550  -0.223696  1.000000  
117.809881 0.017959  -0.011407  -0.020342  0.521524  0.656914  0.544496  -0.808410  0.584554  0.069060  -0.272921  -0.476193  0.835915  -0.023415  0.015559  0.046467  -0.610888  1.085493  -0.224754  1.000000  
117.811136 0.017929  -0.011385  -0.020272  0.522926  0.657211  0.542791  -0.808024  0.584953  0.070192  -0.271376  -0.475293  0.836930  -0.023631  0.015777  0.047835  -0.630150  1.126321  -0.225000  1.000000  
117.812377 0.017898  -0.011364  -0.020197  0.524140  0.657592  0.541156  -0.807712  0.585272  0.071115  -0.269959  -0.474372  0.837910  -0.023882  0.015954  0.049228  -0.647637  1.156569  -0.224313  1.000000  
117.813625 0.017866  -0.011344  -0.020121  0.525540  0.657884  0.539441  -0.807318  0.585678  0.072241  -0.268413  -0.473466  0.838918  -0.024166  0.016039  0.050478  -0.659677  1.191090  -0.228614  1.000000  
117.814876 0.017833  -0.011325  -0.020052  0.526938  0.658173  0.537722  -0.806920  0.586087  0.073364  -0.266866  -0.472557  0.839924  -0.024337  0.016148  0.051211  -0.676368  1.231436  -0.222072  1.000000  
117.816132 0.017800  -0.011307  -0.019986  0.528334  0.658459  0.535999  -0.806517  0.586500  0.074485  -0.265318  -0.471645  0.840926  -0.024579  0.016195  0.051553  -0.683621  1.264390  -0.227419  1.000000  
117.817376 0.017767  -0.011288  -0.019926  0.529563  0.658928  0.534207  -0.806219  0.586790  0.075422  -0.263770  -0.470628  0.841983  -0.024833  0.016271  0.051462  -0.697229  1.294563  -0.227277  1.000000  
117.818377 0.017740  -0.011273  -0.019879  0.530771  0.659101  0.532792  -0.805887  0.587100  0.076547  -0.262350  -0.469999  0.842777  -0.025100  0.016266  0.051306  -0.700471  1.327736  -0.232396  1.000000  
117.819378 0.017714  -0.011259  -0.019830  0.531794  0.659424  0.531372  -0.805633  0.587338  0.077395  -0.261058  -0.469249  0.843596  -0.025218  0.016188  0.051439  -0.703829  1.350439  -0.227756  1.000000  
117.820625 0.017679  -0.011242  -0.019767  0.533223  0.659705  0.529587  -0.805272  0.587651  0.078766  -0.259250  -0.468462  0.844590  -0.025583  0.015867  0.051794  -0.707458  1.391254  -0.228956  1.000000  
117.821625 0.017650  -0.011228  -0.019713  0.534409  0.659902  0.528144  -0.804901  0.588030  0.079720  -0.257957  -0.467707  0.845404  -0.025876  0.015644  0.052354  -0.712666  1.417062  -0.230907  1.000000  
117.822632 0.017622  -0.011215  -0.019657  0.535612  0.660196  0.526555  -0.804555  0.588370  0.080695  -0.256535  -0.466864  0.846302  -0.026165  0.015353  0.053094  -0.719775  1.454557  -0.235100  1.000000  
117.823877 0.017584  -0.011199  -0.019585  0.537184  0.660378  0.524723  -0.804042  0.588891  0.082000  -0.254854  -0.465949  0.847314  -0.026672  0.015023  0.054021  -0.723559  1.487858  -0.241200  1.000000  
117.824879 0.017553  -0.011186  -0.019525  0.538404  0.660701  0.523063  -0.803717  0.589186  0.083064  -0.253301  -0.465117  0.848236  -0.027054  0.014763  0.054463  -0.727274  1.521184  -0.247181  1.000000  
117.826129 0.017516  -0.011169  -0.019451  0.539825  0.661160  0.521015  -0.803332  0.589548  0.084208  -0.251488  -0.464005  0.849384  -0.027531  0.014465  0.054754  -0.741188  1.550927  -0.247842  1.000000  
117.827375 0.017478  -0.011152  -0.019378  0.541428  0.661528  0.518879  -0.802859  0.589999  0.085549  -0.249545  -0.462906  0.850556  -0.028002  0.014175  0.054609  -0.757599  1.588246  -0.252165  1.000000  
117.828642 0.017439  -0.011135  -0.019309  0.543158  0.661764  0.516767  -0.802213  0.590705  0.086733  -0.247860  -0.461667  0.851721  -0.028469  0.013910  0.054084  -0.773862  1.619201  -0.274735  1.000000  
117.829876 0.017400  -0.011119  -0.019240  0.544738  0.662151  0.514603  -0.801700  0.591229  0.087900  -0.246045  -0.460440  0.852911  -0.028935  0.013711  0.054080  -0.788743  1.650417  -0.288680  1.000000  
117.831127 0.017360  -0.011103  -0.019172  0.546335  0.662568  0.512369  -0.801208  0.591707  0.089157  -0.244099  -0.459223  0.854125  -0.029373  0.013566  0.054346  -0.805540  1.685747  -0.296856  1.000000  
117.832132 0.017328  -0.011091  -0.019114  0.547673  0.662744  0.510711  -0.800688  0.592275  0.090049  -0.242802  -0.458237  0.855024  -0.029798  0.013342  0.055007  -0.821604  1.702863  -0.311961  1.000000  
117.833375 0.017288  -0.011077  -0.019040  0.549284  0.663187  0.508400  -0.800212  0.592712  0.091393  -0.240724  -0.457028  0.856257  -0.030191  0.013099  0.055960  -0.838678  1.736396  -0.319281  1.000000  
117.834375 0.017255  -0.011067  -0.018977  0.550508  0.663520  0.506638  -0.799877  0.592989  0.092529  -0.239036  -0.456185  0.857180  -0.030584  0.012847  0.056914  -0.844835  1.762440  -0.322350  1.000000  
117.835377 0.017221  -0.011057  -0.018913  0.551914  0.663763  0.504787  -0.799450  0.593355  0.093861  -0.237217  -0.455354  0.858126  -0.030998  0.012569  0.057867  -0.851160  1.792546  -0.323346  1.000000  
117.836628 0.017180  -0.011045  -0.018835  0.553682  0.664011  0.502519  -0.798841  0.593934  0.095370  -0.235136  -0.454237  0.859290  -0.031408  0.012231  0.058648  -0.857285  1.824642  -0.335169  1.000000  
117.837878 0.017138  -0.011034  -0.018762  0.555536  0.664428  0.499914  -0.798353  0.594269  0.097346  -0.232404  -0.453188  0.860587  -0.031722  0.011853  0.058746  -0.862625  1.873118  -0.334389  1.000000  
117.839131 0.017096  -0.011023  -0.018691  0.557334  0.664676  0.497579  -0.797779  0.594749  0.099106  -0.230061  -0.452193  0.861738  -0.032057  0.011473  0.058576  -0.864720  1.910520  -0.343707  1.000000  
117.840137 0.017062  -0.011016  -0.018637  0.558746  0.664941  0.495637  -0.797351  0.595086  0.100518  -0.228108  -0.451361  0.862694  -0.032294  0.011132  0.058310  -0.868905  1.932898  -0.341410  1.000000  
117.841378 0.017020  -0.011006  -0.018571  0.560373  0.665364  0.493226  -0.796877  0.595452  0.102095  -0.225762  -0.450252  0.863889  -0.032568  0.010549  0.057664  -0.875218  1.962110  -0.340088  1.000000  
117.842382 0.016986  -0.010999  -0.018517  0.561781  0.665682  0.491191  -0.796437  0.595810  0.103428  -0.223807  -0.449307  0.864889  -0.032784  0.010124  0.057492  -0.884527  1.989613  -0.339548  1.000000  
117.843626 0.016945  -0.010990  -0.018448  0.563419  0.666191  0.488619  -0.795973  0.596153  0.105020  -0.221328  -0.448098  0.866154  -0.032978  0.009702  0.057440  -0.897693  2.024557  -0.331983  1.000000  
117.844631 0.016911  -0.010983  -0.018390  0.564855  0.666571  0.486438  -0.795569  0.596423  0.106535  -0.219109  -0.447171  0.867196  -0.033144  0.009241  0.057628  -0.904681  2.058381  -0.331814  1.000000  
117.845875 0.016869  -0.010975  -0.018313  0.566667  0.666982  0.483760  -0.794995  0.596867  0.108313  -0.216498  -0.445964  0.868473  -0.033301  0.008729  0.058185  -0.916626  2.097051  -0.330484  1.000000  
117.847125 0.016827  -0.010966  -0.018233  0.568474  0.667504  0.480911  -0.794412  0.597346  0.109941  -0.213884  -0.444540  0.869849  -0.033401  0.008327  0.058757  -0.933126  2.130985  -0.333874  1.000000  
117.848132 0.016793  -0.010960  -0.018168  0.569900  0.667872  0.478707  -0.793985  0.597635  0.111444  -0.211662  -0.443599  0.870873  -0.033537  0.007926  0.059052  -0.943370  2.164112  -0.331575  1.000000  
117.849375 0.016750  -0.010952  -0.018088  0.571732  0.668336  0.475867  -0.793430  0.598005  0.113396  -0.208784  -0.442399  0.872177  -0.033648  0.007616  0.059254  -0.952263  2.206262  -0.330948  1.000000  
117.850625 0.016709  -0.010944  -0.018011  0.573706  0.668637  0.473060  -0.792724  0.598569  0.115345  -0.206035  -0.441180  0.873447  -0.033635  0.007290  0.059087  -0.966800  2.249428  -0.333774  1.000000  
117.851626 0.016674  -0.010938  -0.017951  0.575122  0.669049  0.470753  -0.792273  0.598890  0.116763  -0.203809  -0.440118  0.874504  -0.033729  0.007181  0.058973  -0.979816  2.276000  -0.330487  1.000000  
117.852876 0.016631  -0.010930  -0.017878  0.576940  0.669440  0.467964  -0.791688  0.599270  0.118771  -0.200926  -0.439005  0.875730  -0.033807  0.006937  0.058971  -0.985356  2.308058  -0.326042  1.000000  
117.853877 0.016596  -0.010925  -0.017819  0.578542  0.669677  0.465642  -0.791146  0.599617  0.120612  -0.198435  -0.438170  0.876716  -0.033860  0.006660  0.059160  -0.990867  2.354244  -0.325781  1.000000  
117.855125 0.016552  -0.010920  -0.017744  0.580381  0.670184  0.462613  -0.790582  0.599932  0.122726  -0.195287  -0.436962  0.878025  -0.034067  0.006404  0.059573  -0.998477  2.393732  -0.320490  1.000000  
117.856138 0.016516  -0.010916  -0.017681  0.581960  0.670378  0.460343  -0.790002  0.600338  0.124463  -0.192925  -0.436104  0.878973  -0.034169  0.006073  0.060309  -0.996232  2.426283  -0.318400  1.000000  
117.857379 0.016469  -0.010913  -0.017602  0.583803  0.670854  0.457306  -0.789437  0.600607  0.126733  -0.189641  -0.435001  0.880233  -0.034459  0.005716  0.060965  -0.994521  2.473750  -0.306418  1.000000  
117.858381 0.016432  -0.010911  -0.017538  0.585388  0.671020  0.455030  -0.788859  0.600963  0.128628  -0.187145  -0.434252  0.881137  -0.034759  0.005340  0.061709  -0.988185  2.510003  -0.299619  1.000000  
117.859381 0.016393  -0.010910  -0.017473  0.586954  0.671204  0.452736  -0.788253  0.601387  0.130350  -0.184778  -0.433380  0.882065  -0.035089  0.004941  0.062189  -0.983301  2.542645  -0.300786  1.000000  
117.860627 0.016346  -0.010908  -0.017393  0.588751  0.671488  0.449973  -0.787615  0.601739  0.132561  -0.181753  -0.432451  0.883149  -0.035465  0.004536  0.062389  -0.973357  2.577981  -0.294980  1.000000  
117.861876 0.016297  -0.010906  -0.017314  0.590719  0.671679  0.447100  -0.786864  0.602190  0.134952  -0.178595  -0.431526  0.884245  -0.035895  0.004119  0.062338  -0.963444  2.625624  -0.283146  1.000000  
117.863125 0.016248  -0.010903  -0.017235  0.592532  0.672078  0.444091  -0.786241  0.602480  0.137266  -0.175302  -0.430497  0.885405  -0.036300  0.003821  0.062224  -0.957630  2.664217  -0.275653  1.000000  
117.864131 0.016208  -0.010901  -0.017173  0.593945  0.672387  0.441730  -0.785758  0.602681  0.139139  -0.172667  -0.429734  0.886293  -0.036759  0.003501  0.062034  -0.955134  2.694792  -0.271058  1.000000  
117.865375 0.016157  -0.010899  -0.017093  0.595773  0.672847  0.438556  -0.785148  0.602896  0.141631  -0.169108  -0.428712  0.887473  -0.037414  0.003102  0.062219  -0.956640  2.730780  -0.258978  1.000000  
117.866629 0.016104  -0.010896  -0.017009  0.597579  0.673214  0.435524  -0.784506  0.603148  0.144095  -0.165678  -0.427780  0.888569  -0.038023  0.002749  0.062781  -0.951503  2.771380  -0.242210  1.000000  
117.867875 0.016051  -0.010893  -0.016922  0.599365  0.673595  0.432470  -0.783833  0.603471  0.146386  -0.162378  -0.426723  0.889686  -0.038701  0.002461  0.063703  -0.953157  2.786696  -0.240644  1.000000  
117.868876 0.016006  -0.010891  -0.016848  0.600770  0.673925  0.430002  -0.783328  0.603651  0.148334  -0.159605  -0.425947  0.890559  -0.039333  0.002255  0.064692  -0.956539  2.814538  -0.230304  1.000000  
117.870125 0.015950  -0.010889  -0.016754  0.602716  0.674155  0.426905  -0.782524  0.604065  0.150868  -0.156170  -0.424994  0.891622  -0.040204  0.002049  0.066052  -0.951888  2.846568  -0.227346  1.000000  
117.871128 0.015903  -0.010888  -0.016677  0.604109  0.674529  0.424338  -0.781999  0.604276  0.152733  -0.153394  -0.424099  0.892530  -0.040854  0.001894  0.067008  -0.951175  2.874197  -0.217632  1.000000  
117.872132 0.015856  -0.010887  -0.016600  0.605806  0.674514  0.421936  -0.781200  0.604779  0.154820  -0.150749  -0.423407  0.893309  -0.041604  0.001757  0.067943  -0.941083  2.904556  -0.227844  1.000000  
117.873133 0.015808  -0.010886  -0.016525  0.607201  0.674865  0.419361  -0.780673  0.604938  0.156844  -0.147839  -0.422620  0.894168  -0.042262  0.001701  0.068663  -0.932413  2.928028  -0.220172  1.000000  
117.874386 0.015748  -0.010885  -0.016432  0.609120  0.675080  0.416222  -0.779822  0.605380  0.159351  -0.144397  -0.421643  0.895191  -0.043094  0.001647  0.069439  -0.926434  2.958599  -0.225514  1.000000  
117.875634 0.015686  -0.010885  -0.016341  0.611019  0.675204  0.413225  -0.778942  0.605855  0.161830  -0.141087  -0.420760  0.896134  -0.044067  0.001516  0.070226  -0.913322  2.981440  -0.226747  1.000000  
117.876878 0.015624  -0.010884  -0.016247  0.612921  0.675359  0.410143  -0.778063  0.606294  0.164394  -0.137642  -0.419878  0.897083  -0.044934  0.001402  0.071242  -0.892497  3.009254  -0.226520  1.000000  
117.877886 0.015575  -0.010884  -0.016170  0.614450  0.675522  0.407578  -0.777367  0.606597  0.166553  -0.134726  -0.419177  0.897853  -0.045644  0.001285  0.072157  -0.883012  3.032380  -0.226889  1.000000  
117.879127 0.015512  -0.010884  -0.016073  0.616337  0.675621  0.404555  -0.776463  0.607029  0.169176  -0.131278  -0.418392  0.898729  -0.046434  0.001104  0.073359  -0.866435  3.051783  -0.230181  1.000000  
117.880132 0.015460  -0.010884  -0.015993  0.618013  0.675604  0.402019  -0.775618  0.607463  0.171479  -0.128359  -0.417789  0.899431  -0.047205  0.001011  0.074569  -0.848766  3.074481  -0.230618  1.000000  
117.881376 0.015395  -0.010884  -0.015889  0.619904  0.675815  0.398739  -0.774715  0.607842  0.174201  -0.124643  -0.416897  0.900367  -0.048101  0.000830  0.075986  -0.839096  3.102766  -0.230313  1.000000  
117.882626 0.015329  -0.010883  -0.015785  0.621915  0.675743  0.395719  -0.773629  0.608477  0.176787  -0.121323  -0.416086  0.901195  -0.048897  0.000665  0.077123  -0.822949  3.124665  -0.239727  1.000000  
117.883627 0.015276  -0.010883  -0.015699  0.623410  0.675843  0.393188  -0.772879  0.608788  0.178987  -0.118401  -0.415469  0.901869  -0.049544  0.000535  0.077908  -0.815047  3.136943  -0.237748  1.000000  
117.884875 0.015208  -0.010882  -0.015593  0.625265  0.675959  0.390030  -0.771921  0.609210  0.181663  -0.114813  -0.414660  0.902704  -0.050207  0.000478  0.078663  -0.801739  3.151764  -0.243191  1.000000  
117.885875 0.015154  -0.010881  -0.015508  0.626746  0.676101  0.387398  -0.771149  0.609553  0.183776  -0.111889  -0.413923  0.903410  -0.050779  0.000466  0.079207  -0.794182  3.164786  -0.241748  1.000000  
117.886875 0.015099  -0.010879  -0.015424  0.628379  0.676068  0.384802  -0.770238  0.610019  0.186037  -0.108963  -0.413291  0.904056  -0.051250  0.000567  0.079693  -0.784292  3.178137  -0.254012  1.000000  
117.887877 0.015043  -0.010878  -0.015339  0.629865  0.676228  0.382082  -0.769469  0.610265  0.188399  -0.105770  -0.412666  0.904721  -0.051804  0.000593  0.080388  -0.780904  3.198800  -0.248199  1.000000  
117.888877 0.014989  -0.010875  -0.015252  0.631335  0.676396  0.379347  -0.768679  0.610581  0.190587  -0.102710  -0.411921  0.905413  -0.052233  0.000720  0.081166  -0.777019  3.218256  -0.242686  1.000000  
117.889882 0.014933  -0.010872  -0.015163  0.632948  0.676355  0.376724  -0.767738  0.611062  0.192828  -0.099781  -0.411275  0.906034  -0.052767  0.000850  0.082330  -0.767884  3.240647  -0.250969  1.000000  
117.891133 0.014863  -0.010870  -0.015048  0.634761  0.676487  0.373423  -0.766715  0.611480  0.195551  -0.096053  -0.410437  0.906816  -0.053287  0.000991  0.083826  -0.765229  3.261048  -0.246041  1.000000  
117.892381 0.014792  -0.010867  -0.014933  0.636729  0.676523  0.369990  -0.765557  0.612002  0.198434  -0.092190  -0.409597  0.907597  -0.053833  0.001159  0.085211  -0.760986  3.283000  -0.255499  1.000000  
117.893625 0.014721  -0.010865  -0.014817  0.638686  0.676555  0.366543  -0.764382  0.612533  0.201305  -0.088326  -0.408749  0.908363  -0.054433  0.001245  0.086434  -0.752949  3.305688  -0.265265  1.000000  
117.894628 0.014664  -0.010863  -0.014725  0.640280  0.676572  0.363720  -0.763410  0.612953  0.203699  -0.085127  -0.408092  0.908963  -0.054887  0.001365  0.087259  -0.747891  3.323421  -0.275784  1.000000  
117.895875 0.014591  -0.010861  -0.014611  0.642222  0.676631  0.360168  -0.762214  0.613457  0.206643  -0.081127  -0.407236  0.909713  -0.055411  0.001562  0.088076  -0.740315  3.341699  -0.287549  1.000000  
117.896878 0.014531  -0.010859  -0.014523  0.643785  0.676571  0.357481  -0.761201  0.613972  0.208834  -0.078192  -0.406559  0.910272  -0.055910  0.001623  0.088361  -0.739942  3.351586  -0.293727  1.000000  
117.898125 0.014457  -0.010856  -0.014413  0.645718  0.676693  0.353745  -0.759990  0.614407  0.211943  -0.073923  -0.405697  0.911013  -0.056401  0.001859  0.088639  -0.732777  3.383157  -0.299749  1.000000  
117.899129 0.014396  -0.010854  -0.014326  0.647438  0.676563  0.350837  -0.758843  0.614923  0.214541  -0.070587  -0.405132  0.911529  -0.056836  0.001930  0.088814  -0.723115  3.411522  -0.312646  1.000000  
117.900375 0.014319  -0.010851  -0.014216  0.649501  0.676508  0.347109  -0.757463  0.615487  0.217774  -0.066315  -0.404367  0.912190  -0.057420  0.002077  0.088999  -0.712148  3.439915  -0.318776  1.000000  
117.901377 0.014256  -0.010849  -0.014126  0.651200  0.676415  0.344095  -0.756288  0.616040  0.220277  -0.062977  -0.403679  0.912730  -0.058064  0.002133  0.089434  -0.707040  3.467552  -0.333971  1.000000  
117.902625 0.014177  -0.010845  -0.014012  0.653076  0.676444  0.340462  -0.755003  0.616521  0.223321  -0.058837  -0.402895  0.913353  -0.058749  0.002234  0.089916  -0.701770  3.485229  -0.329258  1.000000  
117.903625 0.014113  -0.010841  -0.013919  0.654595  0.676395  0.337632  -0.753930  0.616961  0.225718  -0.055632  -0.402305  0.913814  -0.059414  0.002261  0.090353  -0.697556  3.503021  -0.339602  1.000000  
117.904626 0.014048  -0.010838  -0.013825  0.656260  0.676216  0.334746  -0.752712  0.617544  0.228175  -0.052425  -0.401709  0.914265  -0.059926  0.002372  0.090722  -0.689313  3.520396  -0.350144  1.000000  
117.905634 0.013982  -0.010834  -0.013730  0.657924  0.676146  0.331606  -0.751492  0.618080  0.230732  -0.048951  -0.401004  0.914768  -0.060633  0.002431  0.090930  -0.688853  3.548507  -0.357160  1.000000  
117.906882 0.013900  -0.010828  -0.013611  0.660069  0.675978  0.327663  -0.749883  0.618785  0.234050  -0.044540  -0.400198  0.915345  -0.061464  0.002683  0.091199  -0.685723  3.589505  -0.365645  1.000000  
117.907882 0.013833  -0.010824  -0.013517  0.661868  0.675769  0.324450  -0.748502  0.619404  0.236819  -0.040931  -0.399594  0.915778  -0.062119  0.002849  0.091285  -0.682515  3.615569  -0.378604  1.000000  
117.908883 0.013767  -0.010819  -0.013423  0.663501  0.675724  0.321191  -0.747244  0.619918  0.239434  -0.037321  -0.398873  0.916247  -0.062702  0.003078  0.091363  -0.686434  3.648740  -0.383872  1.000000  
117.910125 0.013684  -0.010814  -0.013306  0.665599  0.675469  0.317363  -0.745578  0.620656  0.242692  -0.033042  -0.398155  0.916723  -0.063368  0.003254  0.091615  -0.685381  3.671648  -0.391128  1.000000  
117.911134 0.013617  -0.010810  -0.013213  0.667356  0.675180  0.314274  -0.744147  0.621372  0.245241  -0.029699  -0.397529  0.917109  -0.063968  0.003393  0.091825  -0.680636  3.691018  -0.410102  1.000000  
117.912377 0.013533  -0.010804  -0.013095  0.669426  0.674991  0.310250  -0.742448  0.622114  0.248485  -0.025285  -0.396687  0.917606  -0.064652  0.003567  0.092322  -0.682987  3.730080  -0.412450  1.000000  
117.913625 0.013450  -0.010799  -0.012976  0.671483  0.674869  0.306043  -0.740733  0.622787  0.251894  -0.020604  -0.395839  0.918089  -0.065112  0.003709  0.092946  -0.686169  3.766113  -0.420604  1.000000  
117.914875 0.013366  -0.010794  -0.012856  0.673822  0.674377  0.301959  -0.738716  0.623793  0.255304  -0.016189  -0.395091  0.918499  -0.065731  0.003858  0.093782  -0.682840  3.810870  -0.446023  1.000000  
117.915877 0.013299  -0.010790  -0.012760  0.675527  0.674073  0.298813  -0.737226  0.624462  0.257964  -0.012711  -0.394554  0.918785  -0.065970  0.003948  0.094154  -0.675320  3.833943  -0.460879  1.000000  
117.916883 0.013231  -0.010787  -0.012663  0.677222  0.673837  0.295489  -0.735723  0.625128  0.260627  -0.009098  -0.393901  0.919108  -0.066285  0.003968  0.094510  -0.676758  3.859073  -0.467718  1.000000  
117.918125 0.013148  -0.010783  -0.012544  0.679058  0.673720  0.291517  -0.734070  0.625738  0.263805  -0.004683  -0.393132  0.919470  -0.066521  0.003993  0.094802  -0.676464  3.878007  -0.479266  1.000000  
117.919375 0.013064  -0.010779  -0.012426  0.681027  0.673469  0.287473  -0.732258  0.626495  0.267025  -0.000268  -0.392356  0.919814  -0.066641  0.003944  0.094860  -0.676998  3.902895  -0.492693  1.000000  
117.920378 0.012998  -0.010775  -0.012331  0.682831  0.673060  0.284136  -0.730569  0.627285  0.269781  0.003345  -0.391796  0.920046  -0.066722  0.003992  0.094873  -0.670452  3.926066  -0.507605  1.000000  
117.921628 0.012916  -0.010770  -0.012213  0.684769  0.672660  0.280394  -0.728723  0.628137  0.272775  0.007359  -0.391117  0.920311  -0.066699  0.003945  0.094842  -0.665329  3.942370  -0.518561  1.000000  
117.922632 0.012851  -0.010767  -0.012117  0.686396  0.672335  0.277173  -0.727149  0.628908  0.275190  0.010704  -0.390436  0.920568  -0.066626  0.003868  0.094904  -0.665930  3.956490  -0.542056  1.000000  
