1-Time 2-Px 3-Py 4-Pz 5-R11 6-R21 7-R31 8-R12 9-R22 10-R32 11-R13 12-R23 13-R33 14-Vx 15-Vy 16-Vz 17-Wx 18-Wy 19-Wz 20-state
73.673332 0.011399  -0.003128  -0.009170  0.587390  0.460463  0.665542  -0.774432  0.558601  0.297019  -0.235006  -0.689883  0.684714  0.000167  -0.000042  0.000154  0.000000  0.000000  0.000000  1.000000  
73.674380 0.011399  -0.003127  -0.009170  0.587390  0.460463  0.665542  -0.774432  0.558601  0.297019  -0.235006  -0.689883  0.684714  0.000284  0.000940  -0.000496  0.000000  0.000000  0.000000  1.000000  
73.675383 0.011396  -0.003128  -0.009165  0.587390  0.460463  0.665542  -0.774432  0.558601  0.297019  -0.235006  -0.689883  0.684714  -0.001242  0.000185  0.002729  0.000000  0.000000  0.000000  1.000000  
73.676391 0.011391  -0.003128  -0.009156  0.587390  0.460463  0.665542  -0.774432  0.558601  0.297019  -0.235006  -0.689883  0.684714  -0.002638  -0.000055  0.004929  0.000000  0.000000  0.000000  1.000000  
73.677620 0.011386  -0.003128  -0.009147  0.587390  0.460544  0.665486  -0.774432  0.558637  0.296951  -0.235006  -0.689800  0.684798  -0.003056  0.000022  0.005535  0.000000  0.000000  0.000000  1.000000  
73.678646 0.011384  -0.003127  -0.009143  0.587390  0.460544  0.665486  -0.774432  0.558637  0.296951  -0.235006  -0.689800  0.684798  -0.002970  0.000185  0.005215  0.000000  0.000000  0.000000  1.000000  
73.679890 0.011378  -0.003126  -0.009139  0.587390  0.460544  0.665486  -0.774432  0.558637  0.296951  -0.235006  -0.689800  0.684798  -0.003191  0.000365  0.004846  0.000000  0.000000  0.000000  1.000000  
73.681122 0.011371  -0.003124  -0.009134  0.587212  0.460603  0.665603  -0.774528  0.558616  0.296741  -0.235136  -0.689778  0.684776  -0.003690  0.000460  0.004670  0.000000  0.000000  0.000000  1.000000  
73.682387 0.011365  -0.003122  -0.009130  0.587212  0.460684  0.665547  -0.774528  0.558652  0.296673  -0.235136  -0.689695  0.684859  -0.003818  0.000631  0.004477  0.000000  0.000000  0.000000  1.000000  
73.683622 0.011360  -0.003120  -0.009126  0.587212  0.460684  0.665547  -0.774528  0.558652  0.296673  -0.235136  -0.689695  0.684859  -0.003833  0.000762  0.004303  0.000000  0.000000  0.000000  1.000000  
73.684626 0.011357  -0.003119  -0.009122  0.587212  0.460684  0.665547  -0.774528  0.558652  0.296673  -0.235136  -0.689695  0.684859  -0.003813  0.000854  0.004358  0.000000  0.000000  0.000000  1.000000  
73.685643 0.011352  -0.003117  -0.009117  0.587052  0.460799  0.665608  -0.774649  0.558557  0.296536  -0.235136  -0.689695  0.684859  -0.003853  0.000912  0.004368  0.000000  0.000000  0.000000  1.000000  
73.686876 0.011345  -0.003116  -0.009109  0.587052  0.460718  0.665664  -0.774649  0.558521  0.296604  -0.235136  -0.689778  0.684776  -0.004029  0.000869  0.004548  0.000000  0.000000  0.000000  1.000000  
73.688131 0.011338  -0.003116  -0.009100  0.587052  0.460718  0.665664  -0.774649  0.558521  0.296604  -0.235136  -0.689778  0.684776  -0.004148  0.000811  0.004797  0.000000  0.000000  0.000000  1.000000  
73.689375 0.011329  -0.003117  -0.009088  0.587052  0.460718  0.665664  -0.774649  0.558521  0.296604  -0.235136  -0.689778  0.684776  -0.004651  0.000672  0.005455  0.000000  0.000000  0.000000  1.000000  
73.690376 0.011322  -0.003118  -0.009078  0.587033  0.460662  0.665719  -0.774623  0.558595  0.296531  -0.235266  -0.689755  0.684754  -0.004973  0.000618  0.005781  0.000000  0.000000  0.000000  1.000000  
73.691379 0.011315  -0.003119  -0.009071  0.587033  0.460582  0.665775  -0.774623  0.558559  0.296599  -0.235266  -0.689838  0.684670  -0.005105  0.000626  0.005682  0.000000  0.000000  0.000000  1.000000  
73.692379 0.011309  -0.003118  -0.009064  0.587033  0.460582  0.665775  -0.774623  0.558559  0.296599  -0.235266  -0.689838  0.684670  -0.005185  0.000708  0.005632  0.000000  0.000000  0.000000  1.000000  
73.693629 0.011302  -0.003115  -0.009061  0.587033  0.460582  0.665775  -0.774623  0.558559  0.296599  -0.235266  -0.689838  0.684670  -0.005463  0.000799  0.005516  0.000000  0.000000  0.000000  1.000000  
73.694683 0.011295  -0.003114  -0.009056  0.587014  0.460526  0.665830  -0.774598  0.558632  0.296526  -0.235396  -0.689816  0.684648  -0.005659  0.000809  0.005643  0.000000  0.000000  0.000000  1.000000  
73.695921 0.011287  -0.003112  -0.009046  0.587174  0.460492  0.665713  -0.774478  0.558763  0.296595  -0.235396  -0.689733  0.684731  -0.005694  0.000846  0.005964  0.000000  0.000000  0.000000  1.000000  
73.697122 0.011281  -0.003108  -0.009032  0.587174  0.460492  0.665713  -0.774478  0.558763  0.296595  -0.235396  -0.689733  0.684731  -0.005729  0.000985  0.006639  0.000000  0.000000  0.000000  1.000000  
73.698127 0.011277  -0.003105  -0.009020  0.587314  0.460321  0.665708  -0.774332  0.558931  0.296659  -0.235526  -0.689711  0.684709  -0.005733  0.001057  0.007250  0.000000  0.000000  0.000000  1.000000  
73.699373 0.011271  -0.003100  -0.009004  0.587314  0.460402  0.665652  -0.774332  0.558967  0.296591  -0.235526  -0.689628  0.684793  -0.005741  0.001264  0.007936  0.000000  0.000000  0.000000  1.000000  
73.700625 0.011264  -0.003097  -0.008989  0.587474  0.460286  0.665591  -0.774211  0.559062  0.296728  -0.235526  -0.689628  0.684793  -0.005914  0.001309  0.008527  0.000000  0.000000  0.000000  1.000000  
73.701626 0.011257  -0.003096  -0.008977  0.587474  0.460367  0.665535  -0.774211  0.559098  0.296661  -0.235526  -0.689544  0.684876  -0.005957  0.001420  0.008918  0.000000  0.000000  0.000000  1.000000  
73.702875 0.011250  -0.003093  -0.008966  0.587633  0.460252  0.665474  -0.774090  0.559193  0.296798  -0.235526  -0.689544  0.684876  -0.005982  0.001558  0.009046  0.000000  0.000000  0.000000  1.000000  
73.704132 0.011244  -0.003091  -0.008957  0.587633  0.460333  0.665418  -0.774090  0.559229  0.296730  -0.235526  -0.689461  0.684960  -0.005791  0.001752  0.008876  0.000000  0.000000  0.000000  1.000000  
73.705375 0.011236  -0.003089  -0.008949  0.587792  0.460218  0.665357  -0.773969  0.559323  0.296867  -0.235526  -0.689461  0.684960  -0.005688  0.001965  0.008633  0.000000  0.000000  0.000000  1.000000  
73.706390 0.011231  -0.003086  -0.008942  0.587792  0.460298  0.665301  -0.773969  0.559359  0.296799  -0.235526  -0.689378  0.685044  -0.005579  0.002178  0.008555  0.000000  0.000000  0.000000  1.000000  
73.707631 0.011224  -0.003082  -0.008935  0.587792  0.460298  0.665301  -0.773969  0.559359  0.296799  -0.235526  -0.689378  0.685044  -0.005596  0.002320  0.008673  0.000000  0.000000  0.000000  1.000000  
73.708634 0.011218  -0.003080  -0.008929  0.587952  0.460264  0.665184  -0.773848  0.559490  0.296868  -0.235526  -0.689295  0.685127  -0.005588  0.002377  0.008858  0.000000  0.000000  0.000000  1.000000  
73.709881 0.011211  -0.003076  -0.008917  0.587933  0.460289  0.665184  -0.773823  0.559600  0.296727  -0.235656  -0.689190  0.685189  -0.005450  0.002491  0.009180  0.000000  0.000000  0.000000  1.000000  
73.711125 0.011204  -0.003072  -0.008902  0.588092  0.460254  0.665067  -0.773701  0.559730  0.296796  -0.235656  -0.689107  0.685272  -0.005397  0.002611  0.009404  0.000000  0.000000  0.000000  1.000000  
73.712133 0.011198  -0.003068  -0.008889  0.588092  0.460254  0.665067  -0.773701  0.559730  0.296796  -0.235656  -0.689107  0.685272  -0.005471  0.002640  0.009501  0.000000  0.000000  0.000000  1.000000  
73.713375 0.011191  -0.003063  -0.008875  0.588092  0.460335  0.665011  -0.773701  0.559766  0.296728  -0.235656  -0.689023  0.685356  -0.005671  0.002649  0.009433  0.000000  0.000000  0.000000  1.000000  
73.714376 0.011185  -0.003060  -0.008867  0.588251  0.460381  0.664838  -0.773580  0.559933  0.296729  -0.235656  -0.688857  0.685523  -0.005731  0.002648  0.009084  0.000000  0.000000  0.000000  1.000000  
73.715625 0.011177  -0.003058  -0.008858  0.588251  0.460462  0.664782  -0.773580  0.559969  0.296661  -0.235656  -0.688774  0.685607  -0.005729  0.002647  0.008708  0.000000  0.000000  0.000000  1.000000  
73.716629 0.011172  -0.003056  -0.008851  0.588410  0.460508  0.664610  -0.773459  0.560136  0.296662  -0.235656  -0.688608  0.685774  -0.005690  0.002673  0.008411  0.000000  0.000000  0.000000  1.000000  
73.717875 0.011164  -0.003052  -0.008842  0.588410  0.460669  0.664498  -0.773459  0.560208  0.296526  -0.235656  -0.688441  0.685941  -0.005746  0.002793  0.008283  0.000000  0.000000  0.000000  1.000000  
73.718875 0.011159  -0.003048  -0.008833  0.588410  0.460830  0.664386  -0.773459  0.560280  0.296391  -0.235656  -0.688275  0.686108  -0.005762  0.002936  0.008399  0.000000  0.000000  0.000000  1.000000  
73.720132 0.011152  -0.003045  -0.008820  0.588570  0.460876  0.664213  -0.773338  0.560447  0.296391  -0.235656  -0.688108  0.686275  -0.005731  0.002970  0.008686  0.000000  0.000000  0.000000  1.000000  
73.721375 0.011145  -0.003042  -0.008807  0.588551  0.460981  0.664157  -0.773313  0.560592  0.296182  -0.235787  -0.687920  0.686419  -0.005724  0.002941  0.009004  0.000000  0.000000  0.000000  1.000000  
73.722624 0.011138  -0.003040  -0.008793  0.588710  0.461027  0.663984  -0.773192  0.560758  0.296183  -0.235787  -0.687753  0.686586  -0.005705  0.002860  0.009444  0.000000  0.000000  0.000000  1.000000  
73.723641 0.011133  -0.003036  -0.008783  0.588710  0.461188  0.663872  -0.773192  0.560830  0.296047  -0.235787  -0.687586  0.686753  -0.005676  0.002912  0.009747  0.000000  0.000000  0.000000  1.000000  
73.724882 0.011128  -0.003033  -0.008769  0.588850  0.461258  0.663699  -0.773045  0.561106  0.295906  -0.235917  -0.687314  0.686981  -0.005548  0.002908  0.009855  0.000000  0.000000  0.000000  1.000000  
73.725882 0.011123  -0.003031  -0.008760  0.588850  0.461419  0.663587  -0.773045  0.561178  0.295770  -0.235917  -0.687148  0.687148  -0.005505  0.002802  0.009660  0.000000  0.000000  0.000000  1.000000  
73.727130 0.011118  -0.003028  -0.008750  0.588990  0.461409  0.663470  -0.772899  0.561418  0.295698  -0.236047  -0.686958  0.687292  -0.005361  0.002702  0.009291  0.000000  0.000000  0.000000  1.000000  
73.728131 0.011113  -0.003026  -0.008745  0.589130  0.461479  0.663297  -0.772753  0.561693  0.295557  -0.236177  -0.686686  0.687519  -0.005243  0.002540  0.008839  0.000000  0.000000  0.000000  1.000000  
73.729376 0.011108  -0.003025  -0.008738  0.589130  0.461720  0.663129  -0.772753  0.561801  0.295352  -0.236177  -0.686436  0.687769  -0.005140  0.002371  0.008591  0.000000  0.000000  0.000000  1.000000  
73.730623 0.011102  -0.003024  -0.008730  0.589270  0.461790  0.662956  -0.772606  0.562076  0.295211  -0.236307  -0.686163  0.687997  -0.005037  0.002250  0.008527  0.000000  0.000000  0.000000  1.000000  
73.731623 0.011098  -0.003023  -0.008721  0.589409  0.461860  0.662783  -0.772460  0.562352  0.295070  -0.236437  -0.685890  0.688224  -0.004937  0.002211  0.008708  0.000000  0.000000  0.000000  1.000000  
73.732625 0.011094  -0.003021  -0.008709  0.589390  0.462046  0.662671  -0.772435  0.562532  0.294792  -0.236567  -0.685618  0.688451  -0.004770  0.002059  0.009025  0.000000  0.000000  0.000000  1.000000  
73.733875 0.011090  -0.003019  -0.008694  0.589530  0.462276  0.662386  -0.772288  0.562879  0.294514  -0.236697  -0.685178  0.688844  -0.004565  0.001958  0.009316  0.000000  0.000000  0.000000  1.000000  
73.735124 0.011085  -0.003017  -0.008677  0.589670  0.462426  0.662157  -0.772142  0.563190  0.294304  -0.236827  -0.684821  0.689154  -0.004433  0.001885  0.009550  0.000000  0.000000  0.000000  1.000000  
73.736131 0.011082  -0.003015  -0.008666  0.589810  0.462575  0.661928  -0.771995  0.563501  0.294093  -0.236957  -0.684464  0.689464  -0.004266  0.001866  0.009614  -0.205500  0.031569  -0.101587  1.000000  
73.737374 0.011078  -0.003010  -0.008653  0.589790  0.462921  0.661703  -0.771970  0.563752  0.293678  -0.237087  -0.684024  0.689856  -0.004099  0.001988  0.009563  -0.223943  0.028111  -0.103874  1.000000  
73.738375 0.011075  -0.003007  -0.008644  0.589930  0.463070  0.661474  -0.771823  0.564062  0.293467  -0.237217  -0.683666  0.690166  -0.003948  0.001960  0.009401  -0.236072  0.024922  -0.107034  1.000000  
73.739376 0.011073  -0.003004  -0.008635  0.590070  0.463220  0.661245  -0.771676  0.564372  0.293256  -0.237347  -0.683309  0.690475  -0.003796  0.001995  0.009268  -0.248641  0.029846  -0.112701  1.000000  
73.740380 0.011070  -0.003002  -0.008627  0.590209  0.463369  0.661016  -0.771530  0.564683  0.293045  -0.237476  -0.682952  0.690783  -0.003704  0.001966  0.009127  -0.261110  0.031119  -0.119637  1.000000  
73.741381 0.011066  -0.003001  -0.008617  0.590190  0.463634  0.660848  -0.771505  0.564897  0.292698  -0.237606  -0.682594  0.691092  -0.003606  0.001900  0.009245  -0.277093  0.023404  -0.119031  1.000000  
73.742383 0.011062  -0.002999  -0.008608  0.590329  0.463783  0.660619  -0.771358  0.565207  0.292486  -0.237736  -0.682236  0.691401  -0.003600  0.001894  0.009402  -0.287664  0.024924  -0.126967  1.000000  
73.743630 0.011057  -0.002998  -0.008596  0.590291  0.464072  0.660450  -0.771307  0.565529  0.291996  -0.237996  -0.681772  0.691769  -0.003636  0.001832  0.009725  -0.305624  0.013761  -0.128566  1.000000  
73.744656 0.011053  -0.002997  -0.008586  0.590430  0.464221  0.660221  -0.771160  0.565839  0.291784  -0.238126  -0.681414  0.692077  -0.003602  0.001833  0.010104  -0.315898  0.015258  -0.136373  1.000000  
73.745877 0.011047  -0.002996  -0.008570  0.590391  0.464510  0.660052  -0.771110  0.566160  0.291294  -0.238386  -0.680950  0.692445  -0.003578  0.001804  0.010550  -0.330114  0.004096  -0.138104  1.000000  
73.747125 0.011043  -0.002994  -0.008554  0.590531  0.464819  0.659710  -0.770963  0.566540  0.290944  -0.238516  -0.680423  0.692917  -0.003557  0.001874  0.010722  -0.342738  0.005540  -0.145181  1.000000  
73.748126 0.011039  -0.002992  -0.008543  0.590511  0.465083  0.659541  -0.770937  0.566754  0.290595  -0.238646  -0.680065  0.693224  -0.003547  0.001899  0.010665  -0.352903  0.002326  -0.149205  1.000000  
73.749373 0.011035  -0.002988  -0.008530  0.590631  0.465336  0.659255  -0.770765  0.567205  0.290171  -0.238906  -0.679515  0.693674  -0.003571  0.001988  0.010420  -0.370204  -0.004094  -0.154256  1.000000  
73.750379 0.011031  -0.002985  -0.008521  0.590612  0.465760  0.658973  -0.770740  0.567488  0.289685  -0.239036  -0.678988  0.694145  -0.003560  0.002043  0.010230  -0.385465  -0.007409  -0.158683  1.000000  
73.751628 0.011028  -0.002981  -0.008509  0.590751  0.466147  0.658574  -0.770593  0.567902  0.289265  -0.239166  -0.678376  0.694698  -0.003517  0.002127  0.010125  -0.405852  -0.007498  -0.158683  1.000000  
73.752876 0.011024  -0.002976  -0.008495  0.590712  0.466596  0.658291  -0.770542  0.568291  0.288635  -0.239426  -0.677741  0.695228  -0.003483  0.002219  0.010233  -0.426487  -0.013994  -0.165101  1.000000  
73.754124 0.011019  -0.002972  -0.008478  0.590851  0.466983  0.657892  -0.770395  0.568704  0.288213  -0.239555  -0.677128  0.695781  -0.003630  0.002263  0.010599  -0.442958  -0.017136  -0.166778  1.000000  
73.755124 0.011015  -0.002969  -0.008464  0.590812  0.467351  0.657666  -0.770344  0.569058  0.287652  -0.239815  -0.676577  0.696227  -0.003697  0.002266  0.010996  -0.459120  -0.020397  -0.169901  1.000000  
73.756126 0.011010  -0.002966  -0.008448  0.590951  0.467657  0.657323  -0.770197  0.569435  0.287299  -0.239945  -0.676048  0.696696  -0.003825  0.002332  0.011448  -0.475250  -0.023657  -0.173006  1.000000  
73.757376 0.011004  -0.002963  -0.008429  0.590931  0.468240  0.656926  -0.770171  0.569785  0.286672  -0.240075  -0.675349  0.697329  -0.003907  0.002412  0.011929  -0.495451  -0.023775  -0.172988  1.000000  
73.758379 0.010999  -0.002960  -0.008414  0.591070  0.468625  0.656526  -0.770024  0.570196  0.286249  -0.240205  -0.674734  0.697879  -0.003941  0.002573  0.012297  -0.515937  -0.024084  -0.174434  1.000000  
73.759630 0.010993  -0.002956  -0.008396  0.591190  0.468955  0.656183  -0.769852  0.570679  0.285752  -0.240465  -0.674097  0.698405  -0.003971  0.002725  0.012639  -0.532118  -0.027398  -0.177530  1.000000  
73.760876 0.010988  -0.002952  -0.008379  0.591329  0.469419  0.655726  -0.769704  0.571124  0.285259  -0.240595  -0.673396  0.699036  -0.003915  0.002922  0.012724  -0.546801  -0.026039  -0.185467  1.000000  
73.762126 0.010983  -0.002949  -0.008364  0.591289  0.469946  0.655384  -0.769653  0.571543  0.284556  -0.240854  -0.672673  0.699643  -0.003958  0.002949  0.012666  -0.564113  -0.033799  -0.182270  1.000000  
73.763127 0.010979  -0.002946  -0.008351  0.591428  0.470330  0.654983  -0.769506  0.571953  0.284131  -0.240984  -0.672057  0.700190  -0.003987  0.003041  0.012801  -0.581239  -0.034218  -0.183830  1.000000  
73.764376 0.010975  -0.002942  -0.008337  0.591547  0.470817  0.654525  -0.769333  0.572502  0.283493  -0.241244  -0.671247  0.700877  -0.004002  0.003120  0.012885  -0.601387  -0.037573  -0.186872  1.000000  
73.765624 0.010971  -0.002937  -0.008321  0.591666  0.471304  0.654067  -0.769160  0.573050  0.282853  -0.241504  -0.670437  0.701563  -0.004042  0.003159  0.013211  -0.614973  -0.035957  -0.193180  1.000000  
73.766627 0.010966  -0.002934  -0.008306  0.591785  0.471711  0.653666  -0.768987  0.573564  0.282283  -0.241763  -0.669711  0.702166  -0.004069  0.003138  0.013494  -0.632310  -0.036416  -0.194760  1.000000  
73.767875 0.010961  -0.002931  -0.008286  0.591904  0.472197  0.653207  -0.768814  0.574111  0.281642  -0.242023  -0.668900  0.702850  -0.004214  0.003032  0.013915  -0.647270  -0.039470  -0.196223  1.000000  
73.768876 0.010956  -0.002928  -0.008269  0.592042  0.472658  0.652748  -0.768666  0.574552  0.281144  -0.242153  -0.668195  0.703475  -0.004252  0.002986  0.014169  -0.664915  -0.039960  -0.197834  1.000000  
73.770125 0.010950  -0.002925  -0.008249  0.592161  0.473222  0.652232  -0.768493  0.575131  0.280432  -0.242412  -0.667297  0.704238  -0.004375  0.002918  0.014355  -0.682020  -0.038372  -0.204054  1.000000  
73.771125 0.010945  -0.002922  -0.008232  0.592280  0.473706  0.651772  -0.768320  0.575676  0.279789  -0.242672  -0.666483  0.704919  -0.004327  0.002956  0.014412  -0.702258  -0.041747  -0.207132  1.000000  
73.772127 0.010939  -0.002919  -0.008217  0.592398  0.474111  0.651370  -0.768146  0.576186  0.279215  -0.242932  -0.665754  0.705518  -0.004377  0.002984  0.014383  -0.718407  -0.045111  -0.210195  1.000000  
73.773378 0.010933  -0.002914  -0.008199  0.592536  0.474886  0.650680  -0.767999  0.576760  0.278435  -0.243061  -0.664704  0.706463  -0.004410  0.003041  0.014361  -0.744979  -0.037495  -0.211831  1.000000  
73.774380 0.010928  -0.002910  -0.008183  0.592655  0.475447  0.650162  -0.767825  0.577336  0.277719  -0.243321  -0.663802  0.707221  -0.004442  0.003113  0.014467  -0.772281  -0.041288  -0.216881  1.000000  
73.775381 0.010923  -0.002906  -0.008168  0.592931  0.475810  0.649644  -0.767529  0.577975  0.277206  -0.243580  -0.662985  0.707898  -0.004505  0.003177  0.014519  -0.788499  -0.032121  -0.226308  1.000000  
73.776628 0.010916  -0.002902  -0.008147  0.593049  0.476607  0.648952  -0.767356  0.578650  0.276278  -0.243840  -0.661824  0.708895  -0.004607  0.003216  0.014870  -0.816997  -0.035634  -0.229374  1.000000  
73.777883 0.010910  -0.002897  -0.008126  0.593325  0.477283  0.648202  -0.767060  0.579421  0.275482  -0.244099  -0.660660  0.709890  -0.004723  0.003333  0.015300  -0.846140  -0.029859  -0.242117  1.000000  
73.779123 0.010902  -0.002893  -0.008103  0.593463  0.478052  0.647509  -0.766912  0.579990  0.274696  -0.244229  -0.659604  0.710827  -0.004877  0.003321  0.015823  -0.867602  -0.026644  -0.237054  1.000000  
73.780125 0.010897  -0.002889  -0.008085  0.593739  0.478491  0.646932  -0.766616  0.580659  0.274108  -0.244489  -0.658697  0.711578  -0.005053  0.003344  0.016194  -0.883810  -0.021121  -0.251861  1.000000  
73.781374 0.010889  -0.002886  -0.008063  0.593836  0.479229  0.646296  -0.766416  0.581398  0.273099  -0.244878  -0.657508  0.712544  -0.005239  0.003309  0.016461  -0.908716  -0.027694  -0.255865  1.000000  
73.782624 0.010880  -0.002883  -0.008042  0.594112  0.479978  0.645486  -0.766119  0.582197  0.272226  -0.245137  -0.656252  0.713611  -0.005457  0.003215  0.016594  -0.933669  -0.018870  -0.265496  1.000000  
73.783624 0.010874  -0.002881  -0.008025  0.594387  0.480492  0.644850  -0.765823  0.582896  0.271564  -0.245397  -0.655255  0.714438  -0.005570  0.003141  0.016569  -0.952117  -0.017817  -0.273354  1.000000  
73.784875 0.010866  -0.002878  -0.008008  0.594464  0.481251  0.644213  -0.765597  0.583732  0.270404  -0.245916  -0.653952  0.715452  -0.005681  0.003149  0.016336  -0.974619  -0.023362  -0.287333  1.000000  
73.785876 0.010859  -0.002876  -0.007994  0.594739  0.481763  0.643576  -0.765300  0.584429  0.269738  -0.246175  -0.652953  0.716276  -0.005848  0.003128  0.016151  -0.997410  -0.019285  -0.294610  1.000000  
73.787124 0.010850  -0.002872  -0.007976  0.594815  0.482599  0.642879  -0.765073  0.585294  0.268504  -0.246694  -0.651560  0.717365  -0.005920  0.003122  0.016100  -1.019744  -0.024731  -0.306138  1.000000  
73.788130 0.010844  -0.002869  -0.007960  0.594932  0.483306  0.642239  -0.764899  0.585921  0.267632  -0.246953  -0.650471  0.718263  -0.006026  0.003054  0.016150  -1.044473  -0.028602  -0.311714  1.000000  
73.789376 0.010835  -0.002865  -0.007938  0.595186  0.484150  0.641367  -0.764575  0.586844  0.266530  -0.247342  -0.649009  0.719451  -0.006170  0.002996  0.016313  -1.074597  -0.030770  -0.320058  1.000000  
73.790389 0.010827  -0.002863  -0.007919  0.595303  0.484934  0.640667  -0.764401  0.587500  0.265584  -0.247601  -0.647829  0.720424  -0.006411  0.002871  0.016594  -1.101720  -0.026863  -0.327447  1.000000  
73.791630 0.010819  -0.002859  -0.007895  0.595556  0.485852  0.639735  -0.764077  0.588451  0.264407  -0.247990  -0.646276  0.721684  -0.006555  0.002821  0.016848  -1.136890  -0.026110  -0.335444  1.000000  
73.792631 0.010811  -0.002856  -0.007875  0.595830  0.486589  0.638919  -0.763779  0.589236  0.263518  -0.248249  -0.645005  0.722731  -0.006714  0.002790  0.016987  -1.163725  -0.025289  -0.343392  1.000000  
73.793881 0.010801  -0.002852  -0.007852  0.595905  0.487495  0.638158  -0.763552  0.590118  0.262200  -0.248768  -0.643513  0.723882  -0.006887  0.002776  0.017005  -1.196235  -0.032414  -0.349436  1.000000  
73.795125 0.010791  -0.002848  -0.007828  0.596158  0.488408  0.637223  -0.763228  0.591062  0.261016  -0.249156  -0.641953  0.725133  -0.007048  0.002746  0.017146  -1.227223  -0.031750  -0.357397  1.000000  
73.796127 0.010783  -0.002846  -0.007811  0.596431  0.489217  0.636346  -0.762930  0.591873  0.260049  -0.249416  -0.640588  0.726250  -0.007162  0.002670  0.017119  -1.254040  -0.031036  -0.365335  1.000000  
73.797375 0.010773  -0.002843  -0.007789  0.596684  0.490126  0.635409  -0.762605  0.592812  0.258859  -0.249804  -0.639023  0.727494  -0.007277  0.002659  0.017123  -1.280687  -0.025632  -0.375094  1.000000  
73.798377 0.010765  -0.002842  -0.007772  0.596779  0.491002  0.634644  -0.762403  0.593584  0.257680  -0.250193  -0.637633  0.728580  -0.007404  0.002661  0.017175  -1.308804  -0.029463  -0.378020  1.000000  
73.799625 0.010755  -0.002839  -0.007750  0.597031  0.491984  0.633645  -0.762078  0.594549  0.256414  -0.250582  -0.635974  0.729894  -0.007510  0.002638  0.017499  -1.344083  -0.033745  -0.384124  1.000000  
73.800625 0.010746  -0.002837  -0.007732  0.597282  0.492811  0.632765  -0.761753  0.595449  0.255289  -0.250970  -0.634490  0.731051  -0.007600  0.002600  0.017767  -1.370835  -0.033172  -0.392049  1.000000  
73.801875 0.010737  -0.002835  -0.007708  0.597513  0.493813  0.631765  -0.761401  0.596506  0.253868  -0.251488  -0.632716  0.732410  -0.007684  0.002493  0.018163  -1.402187  -0.039023  -0.402641  1.000000  
73.803125 0.010727  -0.002834  -0.007683  0.597586  0.495089  0.630696  -0.761172  0.597518  0.252168  -0.252006  -0.630761  0.733917  -0.007778  0.002358  0.018525  -1.438470  -0.046479  -0.408510  1.000000  
73.804127 0.010719  -0.002833  -0.007663  0.597837  0.495834  0.629873  -0.760847  0.598379  0.251108  -0.252394  -0.629358  0.734986  -0.007880  0.002180  0.018636  -1.460990  -0.045972  -0.416369  1.000000  
73.805376 0.010709  -0.002832  -0.007639  0.598088  0.497034  0.628688  -0.760521  0.599419  0.249610  -0.252783  -0.627418  0.736510  -0.007875  0.002075  0.018684  -1.497506  -0.050155  -0.419293  1.000000  
73.806389 0.010701  -0.002830  -0.007620  0.598182  0.497974  0.627854  -0.760318  0.600202  0.248342  -0.253171  -0.625922  0.737649  -0.007960  0.001944  0.018591  -1.521373  -0.054666  -0.425461  1.000000  
73.807627 0.010691  -0.002830  -0.007598  0.598567  0.498918  0.626736  -0.759842  0.601374  0.246962  -0.253689  -0.624043  0.739061  -0.007972  0.001738  0.018478  -1.548936  -0.057853  -0.436554  1.000000  
73.808630 0.010683  -0.002828  -0.007580  0.598681  0.499982  0.625778  -0.759665  0.602116  0.245694  -0.253948  -0.622474  0.740295  -0.007972  0.001615  0.018417  -1.576312  -0.061349  -0.435751  1.000000  
73.809631 0.010674  -0.002829  -0.007562  0.598931  0.500794  0.624890  -0.759338  0.602993  0.244549  -0.254336  -0.620971  0.741423  -0.008035  0.001381  0.018366  -1.599421  -0.061578  -0.447136  1.000000  
73.810877 0.010664  -0.002829  -0.007536  0.599180  0.501981  0.623697  -0.759012  0.604016  0.243035  -0.254724  -0.619015  0.742924  -0.008094  0.001173  0.018588  -1.632086  -0.065903  -0.449998  1.000000  
73.812128 0.010654  -0.002828  -0.007509  0.599564  0.503065  0.622453  -0.758534  0.605233  0.241494  -0.255242  -0.616943  0.744468  -0.008067  0.001027  0.018993  -1.666912  -0.065862  -0.457839  1.000000  
73.813374 0.010643  -0.002828  -0.007481  0.599834  0.504448  0.621072  -0.758234  0.606241  0.239904  -0.255500  -0.614820  0.746134  -0.008122  0.000882  0.019392  -1.703693  -0.066910  -0.457722  1.000000  
73.814375 0.010634  -0.002829  -0.007459  0.600083  0.505400  0.620057  -0.757906  0.607164  0.238599  -0.255888  -0.613125  0.747395  -0.008178  0.000688  0.019708  -1.730352  -0.063348  -0.462639  1.000000  
73.815375 0.010626  -0.002829  -0.007436  0.600352  0.506401  0.618979  -0.757605  0.608021  0.237371  -0.256147  -0.611448  0.748679  -0.008186  0.000567  0.020023  -1.757079  -0.056398  -0.464647  1.000000  
73.816377 0.010617  -0.002830  -0.007413  0.600621  0.507474  0.617838  -0.757304  0.608903  0.236066  -0.256406  -0.609678  0.750033  -0.008257  0.000383  0.020336  -1.783602  -0.052912  -0.469553  1.000000  
73.817625 0.010606  -0.002831  -0.007385  0.601046  0.508644  0.616462  -0.756880  0.609972  0.234664  -0.256664  -0.607631  0.751604  -0.008286  0.000220  0.020518  -1.810499  -0.042805  -0.468706  1.000000  
73.818626 0.010598  -0.002832  -0.007364  0.601315  0.509711  0.615317  -0.756578  0.610848  0.233353  -0.256923  -0.605854  0.752948  -0.008347  0.000090  0.020646  -1.833037  -0.039381  -0.473678  1.000000  
73.819875 0.010586  -0.002834  -0.007337  0.601739  0.510947  0.613875  -0.756153  0.611939  0.231869  -0.257182  -0.603708  0.754582  -0.008435  -0.000124  0.020748  -1.856773  -0.035803  -0.474795  1.000000  
73.821133 0.010575  -0.002837  -0.007311  0.602008  0.512454  0.612354  -0.755851  0.612977  0.230106  -0.257440  -0.601374  0.756355  -0.008537  -0.000427  0.020989  -1.892130  -0.030551  -0.472728  1.000000  
73.822375 0.010563  -0.002840  -0.007284  0.602453  0.513731  0.610844  -0.755452  0.613996  0.228693  -0.257570  -0.599241  0.758003  -0.008694  -0.000685  0.021298  -1.913794  -0.019378  -0.476140  1.000000  
73.823404 0.010553  -0.002843  -0.007262  0.602721  0.514858  0.609629  -0.755150  0.614886  0.227295  -0.257828  -0.597357  0.759400  -0.008792  -0.000981  0.021548  -1.940064  -0.017171  -0.476713  1.000000  
73.824630 0.010540  -0.002847  -0.007232  0.603166  0.516201  0.608052  -0.754751  0.615926  0.225800  -0.257957  -0.595123  0.761109  -0.008926  -0.001203  0.021959  -1.968129  -0.007189  -0.476378  1.000000  
73.825879 0.010528  -0.002851  -0.007202  0.603455  0.517665  0.606518  -0.754476  0.616856  0.224176  -0.258087  -0.592883  0.762811  -0.009123  -0.001556  0.022311  -1.992540  -0.001491  -0.470614  1.000000  
73.826880 0.010517  -0.002855  -0.007177  0.603899  0.518631  0.605250  -0.754076  0.617754  0.223048  -0.258216  -0.591103  0.764148  -0.009267  -0.001797  0.022472  -2.009123  0.013008  -0.475149  1.000000  
73.827894 0.010506  -0.002859  -0.007152  0.604188  0.519721  0.604026  -0.753800  0.618542  0.221792  -0.258345  -0.589319  0.765481  -0.009428  -0.002069  0.022683  -2.028626  0.015513  -0.472118  1.000000  
73.829125 0.010492  -0.002864  -0.007122  0.604477  0.521319  0.602357  -0.753524  0.619514  0.220008  -0.258474  -0.586881  0.767308  -0.009646  -0.002374  0.022866  -2.062209  0.024689  -0.463850  1.000000  
73.830377 0.010478  -0.002869  -0.007091  0.604942  0.522760  0.600639  -0.753151  0.620501  0.218500  -0.258474  -0.584551  0.769084  -0.009801  -0.002725  0.023012  -2.080680  0.038102  -0.460569  1.000000  
73.831625 0.010465  -0.002875  -0.007059  0.605230  0.524347  0.598963  -0.752875  0.621464  0.216708  -0.258604  -0.582102  0.770896  -0.010027  -0.003015  0.023232  -2.109213  0.047322  -0.452192  1.000000  
73.832627 0.010453  -0.002880  -0.007034  0.605540  0.525542  0.597600  -0.752625  0.622204  0.215446  -0.258604  -0.580230  0.772306  -0.010195  -0.003288  0.023459  -2.119445  0.061000  -0.449006  1.000000  
73.833876 0.010438  -0.002886  -0.007000  0.606005  0.526967  0.595872  -0.752251  0.623180  0.213926  -0.258604  -0.577886  0.774062  -0.010494  -0.003629  0.023887  -2.142294  0.078023  -0.443187  1.000000  
73.835125 0.010423  -0.002893  -0.006965  0.606293  0.528467  0.594249  -0.751975  0.624104  0.212199  -0.258733  -0.575515  0.775783  -0.010786  -0.003912  0.024498  -2.158418  0.083807  -0.437765  1.000000  
73.836127 0.010410  -0.002899  -0.006937  0.606603  0.529721  0.592814  -0.751725  0.624860  0.210853  -0.258733  -0.573537  0.777247  -0.011017  -0.004131  0.024914  -2.177774  0.097581  -0.434970  1.000000  
73.837377 0.010393  -0.002906  -0.006901  0.606912  0.531331  0.591055  -0.751475  0.625741  0.209124  -0.258733  -0.571083  0.779052  -0.011321  -0.004457  0.025580  -2.199569  0.106153  -0.423211  1.000000  
73.838627 0.010376  -0.002915  -0.006863  0.607398  0.532853  0.589182  -0.751127  0.626668  0.207595  -0.258604  -0.568644  0.780877  -0.011648  -0.004750  0.026233  -2.217777  0.123069  -0.417687  1.000000  
73.839629 0.010363  -0.002921  -0.006834  0.607707  0.534094  0.587738  -0.750877  0.627414  0.206240  -0.258604  -0.566653  0.782323  -0.011831  -0.004943  0.026574  -2.237810  0.132669  -0.409700  1.000000  
73.840629 0.010349  -0.002928  -0.006805  0.607862  0.535460  0.586334  -0.750752  0.628048  0.204762  -0.258604  -0.564658  0.783764  -0.012135  -0.005241  0.026885  -2.257993  0.139264  -0.399853  1.000000  
73.841881 0.010331  -0.002938  -0.006767  0.608325  0.536847  0.584582  -0.750376  0.628998  0.203218  -0.258604  -0.562279  0.785472  -0.012429  -0.005515  0.027328  -2.270056  0.152353  -0.389233  1.000000  
73.843131 0.010313  -0.002947  -0.006732  0.608634  0.538429  0.582803  -0.750126  0.629857  0.201473  -0.258604  -0.559799  0.787242  -0.012711  -0.005869  0.027693  -2.281988  0.158311  -0.384162  1.000000  
73.844375 0.010295  -0.002957  -0.006694  0.608943  0.540004  0.581020  -0.749875  0.630712  0.199725  -0.258604  -0.557313  0.789003  -0.013024  -0.006157  0.028171  -2.295755  0.166644  -0.373341  1.000000  
73.845376 0.010280  -0.002966  -0.006662  0.609097  0.541353  0.579602  -0.749750  0.631330  0.198237  -0.258604  -0.555302  0.790420  -0.013237  -0.006421  0.028552  -2.310100  0.166102  -0.360772  1.000000  
73.846626 0.010261  -0.002976  -0.006623  0.609582  0.542904  0.577637  -0.749400  0.632254  0.196607  -0.258474  -0.552730  0.792263  -0.013606  -0.006766  0.029185  -2.325052  0.179840  -0.358566  1.000000  
73.847875 0.010242  -0.002987  -0.006580  0.609891  0.544462  0.575842  -0.749149  0.633095  0.194850  -0.258474  -0.550229  0.794002  -0.013932  -0.007081  0.029877  -2.338825  0.185548  -0.345619  1.000000  
73.848875 0.010226  -0.002996  -0.006546  0.610221  0.545643  0.574373  -0.748925  0.633733  0.193632  -0.258345  -0.548320  0.795363  -0.014156  -0.007324  0.030297  -2.346995  0.191969  -0.340675  1.000000  
73.849878 0.010209  -0.003005  -0.006510  0.610529  0.546843  0.572902  -0.748674  0.634450  0.192253  -0.258345  -0.546293  0.796757  -0.014493  -0.007601  0.030851  -2.354710  0.198330  -0.335719  1.000000  
73.851127 0.010188  -0.003016  -0.006465  0.610837  0.548386  0.571096  -0.748422  0.635279  0.190487  -0.258345  -0.543777  0.798476  -0.014804  -0.007865  0.031513  -2.360144  0.202996  -0.328287  1.000000  
73.852375 0.010168  -0.003027  -0.006420  0.611167  0.550106  0.569085  -0.748197  0.636093  0.188645  -0.258216  -0.541082  0.800347  -0.015064  -0.008052  0.032073  -2.382887  0.206516  -0.312885  1.000000  
73.853623 0.010146  -0.003039  -0.006374  0.611651  0.551619  0.567097  -0.747846  0.636992  0.186994  -0.258087  -0.538477  0.802143  -0.015391  -0.008292  0.032624  -2.394709  0.215489  -0.311650  1.000000  
73.854625 0.010128  -0.003048  -0.006338  0.611805  0.552999  0.565585  -0.747720  0.637603  0.185410  -0.258087  -0.536334  0.803577  -0.015673  -0.008452  0.033072  -2.404021  0.214030  -0.303596  1.000000  
73.855625 0.010110  -0.003057  -0.006300  0.612135  0.554221  0.564030  -0.747495  0.638246  0.184101  -0.257957  -0.534305  0.804970  -0.015934  -0.008568  0.033647  -2.411851  0.220513  -0.298871  1.000000  
73.856648 0.010092  -0.003066  -0.006263  0.612464  0.555438  0.562473  -0.747270  0.638886  0.182790  -0.257828  -0.532272  0.806357  -0.016188  -0.008695  0.034163  -2.419958  0.224810  -0.291108  1.000000  
73.857880 0.010069  -0.003077  -0.006215  0.612794  0.557059  0.560508  -0.747044  0.639656  0.181011  -0.257699  -0.529647  0.808125  -0.016551  -0.008811  0.035031  -2.434814  0.229653  -0.284452  1.000000  
73.859128 0.010045  -0.003090  -0.006166  0.613123  0.558672  0.558538  -0.746818  0.640421  0.179229  -0.257570  -0.527016  0.809884  -0.016938  -0.008990  0.035790  -2.440920  0.234084  -0.277018  1.000000  
73.860165 0.010026  -0.003099  -0.006125  0.613321  0.560186  0.556803  -0.746745  0.640925  0.177724  -0.257311  -0.524792  0.811409  -0.017163  -0.009022  0.036314  -2.450468  0.236456  -0.266499  1.000000  
73.861378 0.010002  -0.003112  -0.006075  0.613650  0.561854  0.554756  -0.746519  0.641703  0.175859  -0.257182  -0.522052  0.813216  -0.017584  -0.009241  0.037122  -2.461545  0.243244  -0.262447  1.000000  
73.862665 0.009976  -0.003125  -0.006024  0.614023  0.563602  0.552565  -0.746346  0.642367  0.174159  -0.256794  -0.519342  0.815071  -0.017970  -0.009359  0.037585  -2.472389  0.249372  -0.249738  1.000000  
73.863931 0.009952  -0.003139  -0.005974  0.614220  0.565365  0.550542  -0.746273  0.642944  0.172336  -0.256535  -0.516707  0.816825  -0.018222  -0.009520  0.037934  -2.481227  0.252094  -0.239831  1.000000  
73.865120 0.009926  -0.003153  -0.005926  0.614593  0.567097  0.548340  -0.746099  0.643600  0.170631  -0.256147  -0.513984  0.818663  -0.018601  -0.009735  0.038324  -2.498038  0.264560  -0.228995  1.000000  
73.866120 0.009906  -0.003164  -0.005887  0.614790  0.568579  0.546581  -0.746026  0.644085  0.169117  -0.255888  -0.511735  0.820152  -0.018815  -0.009842  0.038568  -2.508088  0.267624  -0.219221  1.000000  
73.867370 0.009880  -0.003176  -0.005837  0.615162  0.570429  0.544230  -0.745852  0.644773  0.167250  -0.255500  -0.508801  0.822096  -0.019164  -0.009928  0.038902  -2.524264  0.277979  -0.212653  1.000000  
73.868621 0.009853  -0.003189  -0.005786  0.615535  0.572203  0.541941  -0.745677  0.645437  0.165460  -0.255112  -0.505960  0.823968  -0.019498  -0.009965  0.039210  -2.538181  0.280998  -0.203115  1.000000  
73.869869 0.009825  -0.003202  -0.005734  0.615775  0.574144  0.539610  -0.745656  0.645925  0.163640  -0.254595  -0.503129  0.825859  -0.019889  -0.010088  0.039644  -2.552229  0.291530  -0.188669  1.000000  
73.870890 0.009802  -0.003212  -0.005693  0.616147  0.575379  0.537868  -0.745481  0.646422  0.162472  -0.254207  -0.501077  0.827225  -0.020253  -0.010131  0.039921  -2.551527  0.304489  -0.183534  1.000000  
73.872132 0.009772  -0.003225  -0.005640  0.616562  0.577084  0.535561  -0.745358  0.646931  0.161002  -0.253559  -0.498452  0.829007  -0.020690  -0.010289  0.040276  -2.560859  0.322857  -0.172256  1.000000  
73.873400 0.009741  -0.003238  -0.005587  0.616955  0.578866  0.533179  -0.745209  0.647527  0.159287  -0.253042  -0.495603  0.830872  -0.021234  -0.010401  0.040538  -2.573242  0.333497  -0.157819  1.000000  
73.874629 0.009710  -0.003252  -0.005534  0.617523  0.580613  0.530616  -0.744958  0.648208  0.157687  -0.252394  -0.492662  0.832815  -0.021724  -0.010487  0.040784  -2.585354  0.355685  -0.152500  1.000000  
73.875880 0.009677  -0.003266  -0.005482  0.617938  0.582610  0.527938  -0.744833  0.648803  0.155817  -0.251747  -0.489511  0.834867  -0.022332  -0.010592  0.040840  -2.609810  0.370291  -0.144057  1.000000  
73.876880 0.009651  -0.003278  -0.005439  0.618330  0.584043  0.525890  -0.744682  0.649293  0.154489  -0.251229  -0.487146  0.836405  -0.022759  -0.010697  0.041031  -2.622071  0.385071  -0.135411  1.000000  
73.878124 0.009617  -0.003293  -0.005388  0.618766  0.585871  0.523340  -0.744582  0.649775  0.152937  -0.250452  -0.484302  0.838287  -0.023318  -0.010812  0.041141  -2.634842  0.407503  -0.122309  1.000000  
73.879137 0.009591  -0.003306  -0.005346  0.619179  0.587330  0.521211  -0.744456  0.650211  0.151691  -0.249804  -0.481943  0.839839  -0.023776  -0.010936  0.041324  -2.646026  0.422229  -0.113817  1.000000  
73.880372 0.009557  -0.003322  -0.005294  0.619614  0.589201  0.518576  -0.744355  0.650706  0.150057  -0.249027  -0.478982  0.841761  -0.024388  -0.011144  0.041473  -2.666104  0.441338  -0.100048  1.000000  
73.881621 0.009523  -0.003339  -0.005242  0.620069  0.591038  0.515934  -0.744279  0.651131  0.148587  -0.248120  -0.476133  0.843643  -0.024953  -0.011415  0.041670  -2.674465  0.463788  -0.087478  1.000000  
73.882873 0.009488  -0.003356  -0.005190  0.620656  0.592753  0.513255  -0.744048  0.651741  0.147055  -0.247342  -0.473157  0.845544  -0.025475  -0.011647  0.041769  -2.680673  0.489728  -0.080756  1.000000  
73.883875 0.009460  -0.003369  -0.005149  0.620936  0.594290  0.511133  -0.744073  0.651981  0.145864  -0.246564  -0.470892  0.847034  -0.025867  -0.011883  0.041811  -2.690508  0.505815  -0.059804  1.000000  
73.885123 0.009424  -0.003386  -0.005096  0.621586  0.596104  0.508223  -0.743916  0.652443  0.144589  -0.245397  -0.467950  0.849001  -0.026381  -0.012132  0.041866  -2.697359  0.538883  -0.053780  1.000000  
73.886371 0.009388  -0.003403  -0.005044  0.622039  0.597899  0.505553  -0.743836  0.652860  0.143113  -0.244489  -0.465071  0.850843  -0.026839  -0.012420  0.041811  -2.710594  0.565675  -0.039511  1.000000  
73.887373 0.009357  -0.003417  -0.005003  0.622450  0.599359  0.503314  -0.743705  0.653300  0.141777  -0.243840  -0.462566  0.852393  -0.027269  -0.012646  0.041711  -2.726092  0.580729  -0.031940  1.000000  
73.888623 0.009318  -0.003435  -0.004951  0.623056  0.601119  0.500457  -0.743496  0.653870  0.140242  -0.242932  -0.459466  0.854327  -0.027778  -0.012924  0.041689  -2.741152  0.603307  -0.028356  1.000000  
73.889629 0.009286  -0.003449  -0.004910  0.623529  0.602679  0.497986  -0.743438  0.654166  0.139166  -0.241893  -0.456995  0.855946  -0.028253  -0.013191  0.041663  -2.748664  0.629980  -0.014283  1.000000  
