1-Time 2-Px 3-Py 4-Pz 5-R11 6-R21 7-R31 8-R12 9-R22 10-R32 11-R13 12-R23 13-R33 14-Vx 15-Vy 16-Vz 17-Wx 18-Wy 19-Wz 20-state
158.741237 0.003443  -0.006534  -0.009769  0.491204  0.677282  0.547729  -0.870685  0.399840  0.286419  -0.025018  -0.617590  0.786102  0.000517  0.000315  -0.001313  0.000000  0.000000  0.000000  1.000000  
158.742406 0.003443  -0.006534  -0.009769  0.491204  0.677282  0.547729  -0.870685  0.399840  0.286419  -0.025018  -0.617590  0.786102  0.000203  -0.000206  -0.000780  0.000000  0.000000  0.000000  1.000000  
158.743428 0.003442  -0.006534  -0.009763  0.491204  0.677282  0.547729  -0.870685  0.399840  0.286419  -0.025018  -0.617590  0.786102  -0.000374  0.000350  0.002702  0.000000  0.000000  0.000000  1.000000  
158.744652 0.003441  -0.006531  -0.009754  0.491204  0.677282  0.547729  -0.870685  0.399840  0.286419  -0.025018  -0.617590  0.786102  -0.000425  0.000961  0.004346  0.000000  0.000000  0.000000  1.000000  
158.745662 0.003440  -0.006530  -0.009748  0.491204  0.677282  0.547729  -0.870685  0.399840  0.286419  -0.025018  -0.617590  0.786102  -0.000495  0.001115  0.004706  0.000000  0.000000  0.000000  1.000000  
158.746899 0.003439  -0.006528  -0.009745  0.491204  0.677348  0.547647  -0.870685  0.399874  0.286370  -0.025018  -0.617495  0.786177  -0.000659  0.001155  0.004237  0.000000  0.000000  0.000000  1.000000  
158.748143 0.003437  -0.006525  -0.009742  0.491204  0.677348  0.547647  -0.870685  0.399874  0.286370  -0.025018  -0.617495  0.786177  -0.000828  0.001395  0.003886  0.000000  0.000000  0.000000  1.000000  
158.749166 0.003436  -0.006523  -0.009740  0.491204  0.677415  0.547565  -0.870685  0.399909  0.286322  -0.025018  -0.617399  0.786252  -0.000856  0.001480  0.003639  0.000000  0.000000  0.000000  1.000000  
158.750397 0.003434  -0.006520  -0.009739  0.491204  0.677415  0.547565  -0.870685  0.399909  0.286322  -0.025018  -0.617399  0.786252  -0.000991  0.001553  0.003247  0.000000  0.000000  0.000000  1.000000  
158.751413 0.003431  -0.006519  -0.009736  0.491206  0.677455  0.547513  -0.870688  0.399837  0.286413  -0.024884  -0.617401  0.786255  -0.001114  0.001539  0.003205  0.000000  0.000000  0.000000  1.000000  
158.752654 0.003429  -0.006517  -0.009732  0.491206  0.677455  0.547513  -0.870688  0.399837  0.286413  -0.024884  -0.617401  0.786255  -0.001163  0.001548  0.003280  0.000000  0.000000  0.000000  1.000000  
158.753897 0.003428  -0.006514  -0.009726  0.491206  0.677455  0.547513  -0.870688  0.399837  0.286413  -0.024884  -0.617401  0.786255  -0.001199  0.001629  0.003373  0.000000  0.000000  0.000000  1.000000  
158.754901 0.003426  -0.006512  -0.009722  0.491206  0.677455  0.547513  -0.870688  0.399837  0.286413  -0.024884  -0.617401  0.786255  -0.001253  0.001657  0.003479  0.000000  0.000000  0.000000  1.000000  
158.756153 0.003423  -0.006510  -0.009713  0.491204  0.677348  0.547647  -0.870685  0.399874  0.286370  -0.025018  -0.617495  0.786177  -0.001350  0.001662  0.003752  0.000000  0.000000  0.000000  1.000000  
158.757401 0.003421  -0.006506  -0.009702  0.491204  0.677348  0.547647  -0.870685  0.399874  0.286370  -0.025018  -0.617495  0.786177  -0.001473  0.001905  0.004489  0.000000  0.000000  0.000000  1.000000  
158.758404 0.003420  -0.006502  -0.009692  0.491204  0.677348  0.547647  -0.870685  0.399874  0.286370  -0.025018  -0.617495  0.786177  -0.001463  0.002083  0.004733  0.000000  0.000000  0.000000  1.000000  
158.759661 0.003418  -0.006498  -0.009684  0.491204  0.677348  0.547647  -0.870685  0.399874  0.286370  -0.025018  -0.617495  0.786177  -0.001534  0.002237  0.004678  0.000000  0.000000  0.000000  1.000000  
158.760898 0.003416  -0.006493  -0.009678  0.491384  0.677266  0.547588  -0.870584  0.400014  0.286483  -0.025018  -0.617495  0.786177  -0.001644  0.002413  0.004640  0.000000  0.000000  0.000000  1.000000  
158.762257 0.003412  -0.006488  -0.009675  0.491384  0.677266  0.547588  -0.870584  0.400014  0.286483  -0.025018  -0.617495  0.786177  -0.001754  0.002608  0.004560  0.000000  0.000000  0.000000  1.000000  
158.763397 0.003409  -0.006483  -0.009667  0.491384  0.677266  0.547588  -0.870584  0.400014  0.286483  -0.025018  -0.617495  0.786177  -0.001862  0.002788  0.004997  0.000000  0.000000  0.000000  1.000000  
158.764398 0.003408  -0.006479  -0.009659  0.491384  0.677332  0.547506  -0.870584  0.400049  0.286434  -0.025018  -0.617399  0.786252  -0.001846  0.002876  0.005387  0.000000  0.000000  0.000000  1.000000  
158.765651 0.003405  -0.006474  -0.009646  0.491563  0.677250  0.547447  -0.870483  0.400188  0.286547  -0.025018  -0.617399  0.786252  -0.001851  0.003077  0.006192  0.000000  0.000000  0.000000  1.000000  
158.766653 0.003402  -0.006471  -0.009634  0.491563  0.677250  0.547447  -0.870483  0.400188  0.286547  -0.025018  -0.617399  0.786252  -0.001943  0.003230  0.006754  0.000000  0.000000  0.000000  1.000000  
158.767662 0.003399  -0.006466  -0.009622  0.491563  0.677316  0.547365  -0.870483  0.400223  0.286499  -0.025018  -0.617304  0.786327  -0.002034  0.003382  0.007313  0.000000  0.000000  0.000000  1.000000  
158.768896 0.003395  -0.006461  -0.009609  0.491742  0.677234  0.547306  -0.870382  0.400362  0.286611  -0.025018  -0.617304  0.786327  -0.002169  0.003498  0.007835  0.000000  0.000000  0.000000  1.000000  
158.769896 0.003393  -0.006457  -0.009601  0.491742  0.677234  0.547306  -0.870382  0.400362  0.286611  -0.025018  -0.617304  0.786327  -0.002206  0.003663  0.008051  0.000000  0.000000  0.000000  1.000000  
158.770901 0.003391  -0.006453  -0.009593  0.491921  0.677152  0.547247  -0.870280  0.400502  0.286724  -0.025018  -0.617304  0.786327  -0.002161  0.003832  0.008157  0.000000  0.000000  0.000000  1.000000  
158.772171 0.003389  -0.006448  -0.009583  0.491921  0.677218  0.547165  -0.870280  0.400536  0.286675  -0.025018  -0.617208  0.786402  -0.002174  0.003911  0.008068  0.000000  0.000000  0.000000  1.000000  
158.773407 0.003386  -0.006442  -0.009576  0.492099  0.677095  0.547158  -0.870176  0.400748  0.286696  -0.025151  -0.617206  0.786399  -0.002279  0.004036  0.007768  0.000000  0.000000  0.000000  1.000000  
158.774651 0.003382  -0.006438  -0.009571  0.492099  0.677095  0.547158  -0.870176  0.400748  0.286696  -0.025151  -0.617206  0.786399  -0.002420  0.003976  0.007523  0.000000  0.000000  0.000000  1.000000  
158.775652 0.003379  -0.006434  -0.009567  0.492278  0.677079  0.547016  -0.870075  0.400922  0.286760  -0.025151  -0.617111  0.786474  -0.002450  0.004010  0.007468  0.000000  0.000000  0.000000  1.000000  
158.776657 0.003376  -0.006431  -0.009561  0.492278  0.677079  0.547016  -0.870075  0.400922  0.286760  -0.025151  -0.617111  0.786474  -0.002522  0.003909  0.007771  0.000000  0.000000  0.000000  1.000000  
158.777896 0.003371  -0.006427  -0.009549  0.492455  0.677022  0.546927  -0.869970  0.401168  0.286733  -0.025285  -0.617014  0.786546  -0.002626  0.003866  0.008124  0.000000  0.000000  0.000000  1.000000  
158.779147 0.003367  -0.006423  -0.009534  0.492455  0.677022  0.546927  -0.869970  0.401168  0.286733  -0.025285  -0.617014  0.786546  -0.002761  0.003747  0.008489  0.000000  0.000000  0.000000  1.000000  
158.780395 0.003362  -0.006419  -0.009521  0.492633  0.676965  0.546838  -0.869866  0.401414  0.286705  -0.025419  -0.616916  0.786618  -0.002921  0.003730  0.008469  0.000000  0.000000  0.000000  1.000000  
158.781648 0.003356  -0.006415  -0.009509  0.492810  0.676908  0.546749  -0.869762  0.401660  0.286677  -0.025553  -0.616818  0.786691  -0.003053  0.003685  0.008345  0.000000  0.000000  0.000000  1.000000  
158.782649 0.003353  -0.006411  -0.009502  0.492810  0.676974  0.546666  -0.869762  0.401695  0.286629  -0.025553  -0.616723  0.786765  -0.003064  0.003704  0.008039  0.000000  0.000000  0.000000  1.000000  
158.783898 0.003350  -0.006406  -0.009493  0.492987  0.676983  0.546495  -0.869657  0.401975  0.286552  -0.025687  -0.616530  0.786912  -0.003032  0.003686  0.007684  0.000000  0.000000  0.000000  1.000000  
158.784907 0.003347  -0.006401  -0.009487  0.492986  0.677009  0.546465  -0.869654  0.402082  0.286412  -0.025820  -0.616432  0.786984  -0.003035  0.003757  0.007555  0.000000  0.000000  0.000000  1.000000  
158.786147 0.003344  -0.006395  -0.009477  0.493163  0.677018  0.546294  -0.869550  0.402362  0.286335  -0.025954  -0.616239  0.787131  -0.003133  0.003801  0.007539  0.000000  0.000000  0.000000  1.000000  
158.787398 0.003340  -0.006390  -0.009465  0.493340  0.676961  0.546205  -0.869445  0.402608  0.286307  -0.026088  -0.616142  0.787203  -0.003178  0.003836  0.007782  0.000000  0.000000  0.000000  1.000000  
158.788410 0.003337  -0.006386  -0.009456  0.493339  0.677053  0.546092  -0.869442  0.402749  0.286118  -0.026222  -0.615949  0.787350  -0.003264  0.003735  0.008097  0.000000  0.000000  0.000000  1.000000  
158.789652 0.003333  -0.006382  -0.009443  0.493516  0.677061  0.545921  -0.869337  0.403030  0.286041  -0.026355  -0.615755  0.787496  -0.003245  0.003768  0.008588  0.000000  0.000000  0.000000  1.000000  
158.790655 0.003330  -0.006378  -0.009433  0.493512  0.677046  0.545943  -0.869331  0.403208  0.285809  -0.026623  -0.615656  0.787566  -0.003264  0.003779  0.009009  0.000000  0.000000  0.000000  1.000000  
158.791904 0.003326  -0.006374  -0.009420  0.493688  0.677014  0.545824  -0.869223  0.403560  0.285640  -0.026890  -0.615460  0.787709  -0.003228  0.003799  0.009251  0.000000  0.000000  0.000000  1.000000  
158.792922 0.003323  -0.006370  -0.009410  0.493863  0.676982  0.545705  -0.869115  0.403912  0.285471  -0.027158  -0.615265  0.787853  -0.003222  0.003793  0.009234  0.000000  0.000000  0.000000  1.000000  
158.794148 0.003320  -0.006367  -0.009399  0.493858  0.676993  0.545697  -0.869106  0.404195  0.285098  -0.027559  -0.615067  0.787993  -0.003091  0.003786  0.008976  0.000000  0.000000  0.000000  1.000000  
158.795398 0.003318  -0.006362  -0.009391  0.494031  0.676986  0.545549  -0.868995  0.404653  0.284788  -0.027960  -0.614773  0.788208  -0.002877  0.003820  0.008653  0.000000  0.000000  0.000000  1.000000  
158.796648 0.003316  -0.006357  -0.009384  0.494025  0.677063  0.545459  -0.868985  0.404971  0.284366  -0.028362  -0.614479  0.788423  -0.002723  0.003854  0.008352  0.000000  0.000000  0.000000  1.000000  
158.797660 0.003315  -0.006352  -0.009378  0.494201  0.677030  0.545340  -0.868876  0.405322  0.284196  -0.028629  -0.614283  0.788566  -0.002578  0.003892  0.008259  0.000000  0.000000  0.000000  1.000000  
158.798896 0.003313  -0.006347  -0.009368  0.494193  0.677066  0.545302  -0.868863  0.405711  0.283682  -0.029164  -0.613987  0.788777  -0.002435  0.003908  0.008363  -0.136001  -0.050198  -0.162165  1.000000  
158.799897 0.003313  -0.006343  -0.009358  0.494364  0.677019  0.545206  -0.868747  0.406239  0.283279  -0.029699  -0.613690  0.788988  -0.002304  0.003887  0.008621  -0.148075  -0.060167  -0.178752  1.000000  
158.800898 0.003311  -0.006338  -0.009346  0.494358  0.677029  0.545199  -0.868737  0.406522  0.282906  -0.030100  -0.613491  0.789128  -0.002168  0.003924  0.008896  -0.155054  -0.074438  -0.180035  1.000000  
158.801898 0.003310  -0.006334  -0.009332  0.494352  0.677106  0.545109  -0.868726  0.406839  0.282482  -0.030501  -0.613197  0.789341  -0.002115  0.003858  0.009204  -0.163112  -0.085024  -0.188241  1.000000  
158.802899 0.003308  -0.006330  -0.009320  0.494344  0.677142  0.545072  -0.868712  0.407227  0.281967  -0.031036  -0.612899  0.789551  -0.002051  0.003852  0.009340  -0.175407  -0.103342  -0.193792  1.000000  
158.804149 0.003306  -0.006324  -0.009306  0.494514  0.677160  0.544894  -0.868596  0.407788  0.281514  -0.031571  -0.612506  0.789835  -0.001980  0.003897  0.009481  -0.191378  -0.109733  -0.207430  1.000000  
158.805165 0.003304  -0.006320  -0.009296  0.494508  0.677303  0.544723  -0.868585  0.408138  0.281041  -0.031972  -0.612115  0.790122  -0.001841  0.003973  0.009440  -0.205260  -0.125530  -0.211839  1.000000  
158.806402 0.003301  -0.006315  -0.009285  0.494319  0.677449  0.544713  -0.868668  0.408491  0.280271  -0.032641  -0.611718  0.790402  -0.001732  0.004055  0.009312  -0.221886  -0.147664  -0.220324  1.000000  
158.807403 0.003299  -0.006310  -0.009276  0.494310  0.677485  0.544676  -0.868652  0.408877  0.279755  -0.033176  -0.611420  0.790611  -0.001633  0.004208  0.009254  -0.230144  -0.162564  -0.223052  1.000000  
158.808654 0.003298  -0.006303  -0.009266  0.494299  0.677613  0.544527  -0.868633  0.409402  0.279047  -0.033845  -0.610926  0.790964  -0.001570  0.004339  0.009122  -0.248668  -0.179055  -0.235080  1.000000  
158.809658 0.003296  -0.006297  -0.009257  0.494288  0.677675  0.544460  -0.868613  0.409892  0.278388  -0.034513  -0.610528  0.791242  -0.001578  0.004476  0.009227  -0.262796  -0.198807  -0.242240  1.000000  
158.810897 0.003293  -0.006290  -0.009247  0.494274  0.677829  0.544281  -0.868589  0.410520  0.277537  -0.035316  -0.609935  0.791664  -0.001616  0.004659  0.009426  -0.283296  -0.220323  -0.258846  1.000000  
158.812148 0.003290  -0.006283  -0.009234  0.494259  0.677917  0.544184  -0.868564  0.411114  0.276735  -0.036118  -0.609438  0.792011  -0.001666  0.004769  0.009820  -0.299747  -0.242390  -0.267061  1.000000  
158.813150 0.003289  -0.006278  -0.009222  0.494247  0.678045  0.544035  -0.868543  0.411635  0.276025  -0.036786  -0.608942  0.792361  -0.001704  0.004856  0.010195  -0.316225  -0.260922  -0.272521  1.000000  
158.814398 0.003286  -0.006271  -0.009208  0.494230  0.678159  0.543908  -0.868512  0.412331  0.275080  -0.037722  -0.608344  0.792776  -0.001780  0.004937  0.010307  -0.333855  -0.283597  -0.289335  1.000000  
158.815647 0.003284  -0.006264  -0.009195  0.494212  0.678274  0.543782  -0.868481  0.413026  0.274134  -0.038658  -0.607745  0.793191  -0.001823  0.005064  0.010313  -0.350321  -0.309184  -0.300249  1.000000  
158.816647 0.003282  -0.006259  -0.009185  0.494197  0.678362  0.543686  -0.868454  0.413616  0.273330  -0.039460  -0.607245  0.793534  -0.001845  0.005095  0.010054  -0.366426  -0.326889  -0.313747  1.000000  
158.817658 0.003280  -0.006253  -0.009177  0.494000  0.678496  0.543698  -0.868523  0.414136  0.272321  -0.040396  -0.606741  0.793872  -0.001912  0.005172  0.009792  -0.382240  -0.359649  -0.321867  1.000000  
158.818894 0.003277  -0.006246  -0.009169  0.493978  0.678637  0.543542  -0.868485  0.414931  0.271230  -0.041466  -0.606040  0.794353  -0.001919  0.005317  0.009374  -0.403608  -0.382259  -0.330011  1.000000  
158.819898 0.003275  -0.006241  -0.009162  0.494137  0.678666  0.543361  -0.868349  0.415761  0.270393  -0.042401  -0.605438  0.794762  -0.001943  0.005351  0.009122  -0.419318  -0.399213  -0.351432  1.000000  
158.821146 0.003273  -0.006234  -0.009151  0.494109  0.678661  0.543393  -0.868299  0.416661  0.269166  -0.043738  -0.604825  0.795157  -0.001955  0.005493  0.009068  -0.435778  -0.431903  -0.367656  1.000000  
158.822162 0.003271  -0.006228  -0.009141  0.494088  0.678776  0.543267  -0.868263  0.417349  0.268215  -0.044674  -0.604221  0.795564  -0.001959  0.005552  0.009105  -0.455458  -0.453256  -0.384026  1.000000  
158.823401 0.003267  -0.006221  -0.009127  0.494058  0.678904  0.543135  -0.868210  0.418310  0.266884  -0.046010  -0.603412  0.796101  -0.002040  0.005577  0.009381  -0.480283  -0.482792  -0.397579  1.000000  
158.824649 0.003265  -0.006212  -0.009113  0.494027  0.679098  0.542921  -0.868156  0.419302  0.265501  -0.047347  -0.602505  0.796710  -0.002032  0.005695  0.009595  -0.505025  -0.515866  -0.413692  1.000000  
158.825899 0.003261  -0.006204  -0.009099  0.494171  0.679100  0.542788  -0.867993  0.420469  0.264186  -0.048817  -0.601689  0.797238  -0.002114  0.005707  0.009855  -0.529174  -0.540422  -0.440739  1.000000  
158.826902 0.003260  -0.006197  -0.009088  0.494142  0.679202  0.542686  -0.867941  0.421322  0.262994  -0.050020  -0.600976  0.797701  -0.002092  0.005879  0.009882  -0.545725  -0.566305  -0.451325  1.000000  
158.828154 0.003257  -0.006187  -0.009075  0.494105  0.679423  0.542443  -0.867876  0.422408  0.261461  -0.051490  -0.599963  0.798369  -0.002141  0.006000  0.009752  -0.574186  -0.591602  -0.469956  1.000000  
158.829399 0.003254  -0.006179  -0.009065  0.494063  0.679539  0.542336  -0.867803  0.423529  0.259885  -0.053093  -0.599040  0.798957  -0.002211  0.006083  0.009494  -0.599018  -0.624840  -0.485953  1.000000  
158.830399 0.003251  -0.006172  -0.009058  0.494206  0.679516  0.542235  -0.867639  0.424586  0.258707  -0.054429  -0.598319  0.799407  -0.002215  0.006225  0.009235  -0.615466  -0.646435  -0.510531  1.000000  
158.831400 0.003250  -0.006165  -0.009052  0.494174  0.679686  0.542052  -0.867582  0.425462  0.257458  -0.055632  -0.597503  0.799934  -0.002200  0.006344  0.009078  -0.634190  -0.665776  -0.524482  1.000000  
158.832650 0.003247  -0.006156  -0.009043  0.494125  0.679895  0.541834  -0.867496  0.426706  0.255680  -0.057368  -0.596377  0.800652  -0.002190  0.006463  0.008965  -0.662894  -0.695099  -0.545822  1.000000  
158.833667 0.003245  -0.006149  -0.009034  0.494086  0.680026  0.541704  -0.867429  0.427646  0.254335  -0.058704  -0.595553  0.801168  -0.002223  0.006559  0.009096  -0.684162  -0.726057  -0.559967  1.000000  
158.835008 0.003242  -0.006141  -0.009021  0.494214  0.680082  0.541517  -0.867237  0.428993  0.252715  -0.060440  -0.594519  0.801807  -0.002170  0.006672  0.009345  -0.706548  -0.752756  -0.587853  1.000000  
158.836149 0.003238  -0.006132  -0.009007  0.494153  0.680280  0.541324  -0.867130  0.430395  0.250691  -0.062443  -0.593278  0.802572  -0.002287  0.006820  0.009617  -0.739259  -0.788523  -0.613732  1.000000  
158.837151 0.003236  -0.006124  -0.008996  0.494102  0.680400  0.541220  -0.867042  0.431495  0.249101  -0.064046  -0.592341  0.803138  -0.002303  0.006893  0.009730  -0.759156  -0.813386  -0.640114  1.000000  
158.838165 0.003234  -0.006117  -0.008984  0.494051  0.680586  0.541033  -0.866951  0.432622  0.247456  -0.065648  -0.591305  0.803772  -0.002263  0.007051  0.009664  -0.789538  -0.845447  -0.663387  1.000000  
158.839404 0.003232  -0.006107  -0.008972  0.493985  0.680786  0.540841  -0.866835  0.434010  0.245423  -0.067650  -0.590055  0.804524  -0.002266  0.007126  0.009540  -0.817722  -0.877314  -0.685920  1.000000  
158.840652 0.003229  -0.006097  -0.008962  0.493907  0.680975  0.540674  -0.866699  0.435560  0.243146  -0.069920  -0.588694  0.805327  -0.002207  0.007265  0.009250  -0.846743  -0.919056  -0.715704  1.000000  
158.841900 0.003226  -0.006087  -0.008952  0.493832  0.681204  0.540454  -0.866567  0.437036  0.240960  -0.072055  -0.587334  0.806131  -0.002261  0.007308  0.009132  -0.879394  -0.955921  -0.741722  1.000000  
158.843149 0.003223  -0.006076  -0.008941  0.493745  0.681422  0.540259  -0.866414  0.438670  0.238529  -0.074457  -0.585860  0.806985  -0.002296  0.007416  0.008955  -0.908517  -0.995373  -0.769239  1.000000  
158.844398 0.003219  -0.006066  -0.008929  0.493654  0.681642  0.540065  -0.866255  0.440298  0.236093  -0.076858  -0.584382  0.807831  -0.002305  0.007551  0.009059  -0.944487  -1.040621  -0.801162  1.000000  
158.845648 0.003215  -0.006055  -0.008916  0.493566  0.681967  0.539734  -0.866101  0.441878  0.233693  -0.079126  -0.582808  0.808749  -0.002373  0.007683  0.009348  -0.981194  -1.077809  -0.826712  1.000000  
158.846648 0.003213  -0.006046  -0.008905  0.493492  0.682212  0.539492  -0.865971  0.443164  0.231732  -0.080993  -0.581542  0.809474  -0.002394  0.007855  0.009638  -1.009662  -1.103919  -0.844325  1.000000  
158.847650 0.003211  -0.006037  -0.008894  0.493416  0.682459  0.539250  -0.865838  0.444446  0.229768  -0.082860  -0.580274  0.810195  -0.002399  0.007984  0.009901  -1.033499  -1.124128  -0.865918  1.000000  
158.848661 0.003208  -0.006028  -0.008883  0.493333  0.682668  0.539062  -0.865691  0.445789  0.227707  -0.084860  -0.578996  0.810902  -0.002425  0.008111  0.010087  -1.061643  -1.158959  -0.889853  1.000000  
158.849900 0.003205  -0.006017  -0.008868  0.493225  0.682986  0.538758  -0.865501  0.447506  0.225048  -0.087393  -0.577295  0.811846  -0.002465  0.008319  0.010316  -1.100029  -1.201952  -0.910424  1.000000  
158.851152 0.003203  -0.006006  -0.008855  0.493119  0.683409  0.538318  -0.865316  0.449173  0.222424  -0.089792  -0.575496  0.812860  -0.002335  0.008431  0.010114  -1.139826  -1.231287  -0.929203  1.000000  
158.852398 0.003201  -0.005994  -0.008845  0.492998  0.683823  0.537903  -0.865104  0.450991  0.219550  -0.092456  -0.573579  0.813915  -0.002277  0.008596  0.009878  -1.179069  -1.269476  -0.954149  1.000000  
158.853648 0.003200  -0.005983  -0.008835  0.492874  0.684173  0.537571  -0.864886  0.452773  0.216725  -0.095121  -0.571756  0.814891  -0.002188  0.008703  0.009651  -1.215383  -1.306950  -0.978492  1.000000  
158.854663 0.003199  -0.005974  -0.008828  0.492778  0.684583  0.537136  -0.864718  0.454161  0.214478  -0.097118  -0.570162  0.815772  -0.002151  0.008763  0.009528  -1.253337  -1.336699  -0.997502  1.000000  
158.855902 0.003197  -0.005963  -0.008818  0.492470  0.685095  0.536766  -0.864591  0.455808  0.211476  -0.099781  -0.568229  0.816799  -0.002091  0.008770  0.009509  -1.291439  -1.379684  -1.008239  1.000000  
158.856903 0.003195  -0.005955  -0.008809  0.492363  0.685470  0.536385  -0.864403  0.457246  0.209125  -0.101911  -0.566619  0.817654  -0.001992  0.008786  0.009550  -1.324021  -1.406548  -1.024835  1.000000  
158.858153 0.003193  -0.005945  -0.008795  0.492390  0.685722  0.536038  -0.864037  0.459287  0.206142  -0.104839  -0.564659  0.818638  -0.002005  0.008730  0.009731  -1.353132  -1.439797  -1.053761  1.000000  
158.859403 0.003190  -0.005935  -0.008782  0.492228  0.686099  0.535705  -0.863753  0.461266  0.202891  -0.107899  -0.562586  0.819668  -0.001925  0.008705  0.009805  -1.397487  -1.490603  -1.077861  1.000000  
158.860649 0.003189  -0.005925  -0.008768  0.492076  0.686551  0.535265  -0.863486  0.463100  0.199824  -0.110692  -0.560522  0.820708  -0.001781  0.008678  0.009851  -1.438355  -1.525516  -1.098978  1.000000  
158.861898 0.003187  -0.005914  -0.008756  0.491913  0.687099  0.534712  -0.863199  0.465036  0.196542  -0.113617  -0.558244  0.821860  -0.001707  0.008601  0.009742  -1.478888  -1.554697  -1.115629  1.000000  
158.862898 0.003185  -0.005905  -0.008747  0.491776  0.687601  0.534192  -0.862959  0.466628  0.193804  -0.116009  -0.556294  0.822848  -0.001585  0.008602  0.009525  -1.520130  -1.592076  -1.138095  1.000000  
158.864148 0.003185  -0.005894  -0.008736  0.491782  0.688120  0.533517  -0.862557  0.468702  0.190560  -0.118932  -0.553903  0.824043  -0.001477  0.008630  0.009370  -1.568037  -1.623003  -1.163736  1.000000  
158.865155 0.003184  -0.005886  -0.008728  0.491639  0.688625  0.532998  -0.862306  0.470272  0.187810  -0.121323  -0.551942  0.825010  -0.001371  0.008568  0.009167  -1.605501  -1.654821  -1.173710  1.000000  
158.866398 0.003184  -0.005875  -0.008718  0.491468  0.689345  0.532225  -0.862007  0.472136  0.184480  -0.124112  -0.549447  0.826259  -0.001269  0.008534  0.008990  -1.654305  -1.679264  -1.185735  1.000000  
158.867398 0.003183  -0.005867  -0.008710  0.491310  0.689816  0.531760  -0.861730  0.473746  0.181621  -0.126634  -0.547466  0.827191  -0.001224  0.008484  0.008987  -1.684992  -1.703670  -1.198917  1.000000  
158.868398 0.003183  -0.005859  -0.008702  0.491327  0.690190  0.531259  -0.861346  0.475489  0.178867  -0.129155  -0.545480  0.828113  -0.001195  0.008387  0.009008  -1.717082  -1.727888  -1.219797  1.000000  
158.869648 0.003181  -0.005850  -0.008689  0.491127  0.690906  0.530512  -0.860997  0.477459  0.175265  -0.132206  -0.542846  0.829361  -0.001177  0.008305  0.009247  -1.761744  -1.760213  -1.236422  1.000000  
158.870648 0.003180  -0.005843  -0.008679  0.491136  0.691347  0.529929  -0.860601  0.479198  0.172439  -0.134726  -0.540748  0.830325  -0.001144  0.008193  0.009415  -1.796686  -1.776178  -1.251135  1.000000  
158.871653 0.003178  -0.005836  -0.008668  0.490956  0.691980  0.529269  -0.860285  0.480887  0.169285  -0.137377  -0.538434  0.831395  -0.001138  0.008108  0.009541  -1.843975  -1.808190  -1.267900  1.000000  
158.872655 0.003176  -0.005829  -0.008658  0.490968  0.692458  0.528632  -0.859894  0.482541  0.166544  -0.139762  -0.536335  0.832353  -0.001148  0.008002  0.009486  -1.875474  -1.821161  -1.280241  1.000000  
158.873904 0.003175  -0.005821  -0.008648  0.490743  0.693273  0.527774  -0.859500  0.484552  0.162696  -0.142941  -0.533463  0.833658  -0.001119  0.007827  0.009317  -1.924400  -1.842980  -1.288561  1.000000  
158.875152 0.003172  -0.005814  -0.008638  0.490699  0.694024  0.526826  -0.859013  0.486624  0.159044  -0.145986  -0.530593  0.834961  -0.001166  0.007625  0.009001  -1.968487  -1.864802  -1.304891  1.000000  
158.876400 0.003171  -0.005806  -0.008629  0.490631  0.694705  0.525991  -0.858483  0.488799  0.155187  -0.149294  -0.527693  0.836212  -0.001111  0.007505  0.008759  -2.012524  -1.894176  -1.326142  1.000000  
158.877648 0.003168  -0.005799  -0.008621  0.490557  0.695388  0.525156  -0.857943  0.490953  0.151320  -0.152601  -0.524785  0.837444  -0.001146  0.007248  0.008535  -2.051650  -1.918646  -1.343921  1.000000  
158.878664 0.003167  -0.005793  -0.008613  0.490363  0.696128  0.524357  -0.857604  0.492508  0.148159  -0.155113  -0.522342  0.838510  -0.001211  0.007026  0.008454  -2.095835  -1.936469  -1.349920  1.000000  
158.879897 0.003165  -0.005786  -0.008603  0.490268  0.696970  0.523326  -0.857029  0.494738  0.143996  -0.158549  -0.519102  0.839878  -0.001270  0.006805  0.008504  -2.143543  -1.962287  -1.367558  1.000000  
158.880899 0.003163  -0.005780  -0.008593  0.490232  0.697638  0.522468  -0.856557  0.496482  0.140769  -0.161190  -0.516533  0.840958  -0.001381  0.006626  0.008591  -2.185019  -1.985880  -1.384940  1.000000  
158.882148 0.003161  -0.005773  -0.008581  0.490325  0.698448  0.521299  -0.855902  0.498692  0.136888  -0.164358  -0.513300  0.842324  -0.001481  0.006340  0.008747  -2.225246  -1.995086  -1.399073  1.000000  
158.883397 0.003159  -0.005767  -0.008569  0.490214  0.699229  0.520355  -0.855299  0.500839  0.132754  -0.167789  -0.510137  0.843568  -0.001563  0.006152  0.008889  -2.264605  -2.017796  -1.413871  1.000000  
158.884651 0.003156  -0.005761  -0.008556  0.490074  0.699944  0.519525  -0.854647  0.503079  0.128412  -0.171481  -0.506942  0.844751  -0.001701  0.005858  0.008821  -2.304621  -2.052476  -1.436276  1.000000  
158.885898 0.003154  -0.005755  -0.008545  0.490138  0.700909  0.518162  -0.853943  0.505323  0.124216  -0.174775  -0.503364  0.846214  -0.001757  0.005662  0.008715  -2.357453  -2.063996  -1.458865  1.000000  
158.886899 0.003152  -0.005751  -0.008536  0.490067  0.701672  0.517195  -0.853413  0.507062  0.120724  -0.177541  -0.500543  0.847311  -0.001746  0.005523  0.008599  -2.396693  -2.082742  -1.471635  1.000000  
158.887921 0.003150  -0.005747  -0.008529  0.489992  0.702561  0.516057  -0.852876  0.508812  0.117101  -0.180306  -0.497511  0.848512  -0.001723  0.005365  0.008437  -2.451194  -2.098826  -1.474619  1.000000  
158.889161 0.003147  -0.005742  -0.008519  0.490040  0.703650  0.514526  -0.852147  0.511013  0.112747  -0.183595  -0.493702  0.850030  -0.001794  0.005183  0.008384  -2.510826  -2.104681  -1.484769  1.000000  
158.890404 0.003145  -0.005737  -0.008509  0.490094  0.704646  0.513110  -0.851429  0.513101  0.108603  -0.186750  -0.490103  0.851425  -0.001812  0.005005  0.008516  -2.561608  -2.113693  -1.497150  1.000000  
158.891654 0.003141  -0.005733  -0.008499  0.490105  0.705606  0.511780  -0.850638  0.515346  0.104088  -0.190298  -0.486353  0.852788  -0.001895  0.004767  0.008644  -2.607798  -2.130399  -1.513621  1.000000  
158.892757 0.003140  -0.005730  -0.008489  0.489998  0.706461  0.510700  -0.850048  0.517062  0.100327  -0.193187  -0.483280  0.853885  -0.001916  0.004506  0.008735  -2.633865  -2.138879  -1.517807  1.000000  
158.893894 0.003136  -0.005727  -0.008477  0.490171  0.707314  0.509353  -0.849135  0.519398  0.095893  -0.196730  -0.479513  0.855198  -0.002023  0.004274  0.008940  -2.683732  -2.160779  -1.536921  1.000000  
158.894909 0.003134  -0.005724  -0.008467  0.490228  0.708124  0.508170  -0.848428  0.521227  0.092154  -0.199616  -0.476323  0.856312  -0.002081  0.004045  0.008998  -2.723194  -2.176066  -1.554274  1.000000  
158.896147 0.003130  -0.005722  -0.008456  0.490227  0.709114  0.506789  -0.847620  0.523308  0.087692  -0.203023  -0.472553  0.857599  -0.002189  0.003708  0.008977  -2.758718  -2.190402  -1.567245  1.000000  
158.897154 0.003128  -0.005720  -0.008447  0.490288  0.709954  0.505551  -0.846921  0.525037  0.084033  -0.205774  -0.469362  0.858695  -0.002195  0.003519  0.008888  -2.798777  -2.198518  -1.580204  1.000000  
158.898397 0.003125  -0.005718  -0.008436  0.490303  0.711251  0.503712  -0.846143  0.526995  0.079492  -0.208915  -0.465187  0.860207  -0.002254  0.003260  0.008757  -2.851087  -2.201690  -1.577320  1.000000  
158.899398 0.003122  -0.005716  -0.008428  0.490341  0.712119  0.502447  -0.845405  0.528741  0.075650  -0.211793  -0.461866  0.861292  -0.002327  0.003016  0.008679  -2.888489  -2.210923  -1.589282  1.000000  
158.900648 0.003119  -0.005715  -0.008418  0.490490  0.713179  0.500795  -0.844460  0.530885  0.071053  -0.215191  -0.457752  0.862645  -0.002353  0.002718  0.008592  -2.937642  -2.220943  -1.600696  1.000000  
158.901649 0.003116  -0.005714  -0.008409  0.490546  0.714106  0.499417  -0.843757  0.532478  0.067391  -0.217804  -0.454445  0.863737  -0.002437  0.002549  0.008592  -2.963338  -2.219786  -1.604577  1.000000  
158.902898 0.003113  -0.005712  -0.008397  0.490668  0.715132  0.497826  -0.842768  0.534616  0.062670  -0.221328  -0.450303  0.865009  -0.002477  0.002330  0.008772  -3.008255  -2.234226  -1.616906  1.000000  
158.904148 0.003109  -0.005710  -0.008383  0.490798  0.716307  0.496006  -0.841795  0.536682  0.057906  -0.224719  -0.445956  0.866386  -0.002568  0.002101  0.009100  -3.051865  -2.241975  -1.632230  1.000000  
158.905159 0.003106  -0.005709  -0.008371  0.491013  0.717358  0.494272  -0.840969  0.538376  0.054056  -0.227326  -0.442210  0.867625  -0.002645  0.001844  0.009369  -3.101429  -2.243576  -1.639997  1.000000  
158.906401 0.003101  -0.005709  -0.008355  0.491130  0.718526  0.492454  -0.839978  0.540379  0.049267  -0.230712  -0.437847  0.868943  -0.002751  0.001644  0.009762  -3.147192  -2.247697  -1.645468  1.000000  
158.907404 0.003098  -0.005709  -0.008343  0.491115  0.719416  0.491170  -0.839159  0.542005  0.045191  -0.233706  -0.434363  0.869891  -0.002856  0.001462  0.009993  -3.181468  -2.261257  -1.650840  1.000000  
158.908650 0.003093  -0.005710  -0.008327  0.491219  0.720640  0.489267  -0.838149  0.543949  0.040312  -0.237087  -0.429881  0.871202  -0.002958  0.001218  0.010175  -3.220752  -2.267593  -1.662592  1.000000  
158.909899 0.003088  -0.005711  -0.008312  0.491332  0.721712  0.487570  -0.837157  0.545795  0.035719  -0.240335  -0.425722  0.872353  -0.003061  0.000876  0.010306  -3.251444  -2.265652  -1.658574  1.000000  
158.911148 0.003082  -0.005714  -0.008299  0.491283  0.723041  0.485646  -0.836285  0.547419  0.030982  -0.243451  -0.421360  0.873606  -0.003232  0.000501  0.010468  -3.285800  -2.265493  -1.653084  1.000000  
158.912150 0.003078  -0.005717  -0.008287  0.491329  0.724068  0.484068  -0.835575  0.548695  0.027372  -0.245786  -0.417924  0.874602  -0.003337  0.000208  0.010634  -3.311522  -2.263388  -1.649216  1.000000  
158.913154 0.003073  -0.005720  -0.008274  0.491355  0.725181  0.482373  -0.834831  0.550003  0.023522  -0.248249  -0.414257  0.875650  -0.003525  -0.000171  0.011014  -3.345438  -2.257645  -1.643032  1.000000  
158.914402 0.003067  -0.005725  -0.008256  0.491308  0.726588  0.480299  -0.833967  0.551495  0.018791  -0.251229  -0.409785  0.876904  -0.003717  -0.000626  0.011537  -3.388185  -2.241859  -1.629345  1.000000  
158.915648 0.003060  -0.005731  -0.008237  0.491205  0.727966  0.478313  -0.833006  0.553094  0.013679  -0.254595  -0.405157  0.878083  -0.003905  -0.001067  0.012049  -3.418136  -2.250411  -1.625325  1.000000  
158.916648 0.003055  -0.005736  -0.008221  0.491217  0.728955  0.476792  -0.832244  0.554321  0.009937  -0.257052  -0.401689  0.878960  -0.004032  -0.001519  0.012535  -3.433215  -2.248087  -1.613315  1.000000  
158.917651 0.003050  -0.005741  -0.008205  0.491037  0.730086  0.475244  -0.831548  0.555422  0.005922  -0.259637  -0.398096  0.879834  -0.004280  -0.002006  0.013057  -3.455212  -2.251024  -1.606551  1.000000  
158.918899 0.003043  -0.005749  -0.008182  0.490763  0.731657  0.473106  -0.830694  0.556729  0.000718  -0.262866  -0.393359  0.881005  -0.004446  -0.002623  0.013578  -3.480975  -2.260344  -1.586861  1.000000  
158.919901 0.003037  -0.005756  -0.008164  0.490593  0.732812  0.471493  -0.830015  0.557732  -0.003209  -0.265318  -0.389772  0.881864  -0.004674  -0.003105  0.014009  -3.500741  -2.262308  -1.577067  1.000000  
158.921156 0.003028  -0.005765  -0.008141  0.490346  0.734372  0.469317  -0.829207  0.558882  -0.008159  -0.268284  -0.385161  0.882992  -0.004952  -0.003789  0.014517  -3.533514  -2.263295  -1.558490  1.000000  
158.922400 0.003019  -0.005775  -0.008117  0.490094  0.735816  0.467315  -0.828392  0.559999  -0.012981  -0.271247  -0.380758  0.883996  -0.005283  -0.004389  0.015035  -3.563343  -2.261434  -1.537974  1.000000  
158.923401 0.003011  -0.005783  -0.008097  0.489893  0.736995  0.465665  -0.827663  0.560964  -0.017097  -0.273822  -0.377038  0.884796  -0.005570  -0.004971  0.015623  -3.571689  -2.257932  -1.516205  1.000000  
158.924650 0.002999  -0.005794  -0.008069  0.489594  0.738551  0.463509  -0.826770  0.562097  -0.022342  -0.277038  -0.372276  0.885811  -0.006017  -0.005613  0.016494  -3.603113  -2.259247  -1.488002  1.000000  
158.925653 0.002989  -0.005804  -0.008046  0.489403  0.739807  0.461703  -0.826060  0.562961  -0.026437  -0.279479  -0.368456  0.886641  -0.006430  -0.006159  0.017311  -3.624820  -2.255514  -1.474919  1.000000  
158.926898 0.002976  -0.005817  -0.008013  0.489113  0.741271  0.459658  -0.825183  0.563988  -0.031459  -0.282561  -0.363915  0.887539  -0.006897  -0.006751  0.018433  -3.648571  -2.258067  -1.453667  1.000000  
158.928147 0.002961  -0.005831  -0.007979  0.488837  0.742757  0.457548  -0.824331  0.564938  -0.036385  -0.285512  -0.359385  0.888440  -0.007508  -0.007403  0.019639  -3.658939  -2.266476  -1.429043  1.000000  
158.929154 0.002948  -0.005843  -0.007951  0.488655  0.743974  0.455763  -0.823636  0.565683  -0.040326  -0.287819  -0.355677  0.889187  -0.008062  -0.007986  0.020705  -3.669325  -2.257276  -1.407739  1.000000  
158.930398 0.002931  -0.005857  -0.007915  0.488559  0.745360  0.453595  -0.822703  0.566682  -0.045069  -0.290637  -0.351155  0.890068  -0.008721  -0.008498  0.021801  -3.683174  -2.250775  -1.383933  1.000000  
158.931398 0.002917  -0.005870  -0.007886  0.488350  0.746493  0.451955  -0.821965  0.567422  -0.049054  -0.293068  -0.347536  0.890691  -0.009350  -0.009044  0.022757  -3.692218  -2.254541  -1.367558  1.000000  
158.932648 0.002899  -0.005886  -0.007849  0.488204  0.747935  0.449723  -0.820950  0.568426  -0.054153  -0.296137  -0.342762  0.891525  -0.010026  -0.009626  0.023718  -3.713271  -2.251421  -1.345090  1.000000  
158.933898 0.002881  -0.005902  -0.007811  0.487926  0.749590  0.447262  -0.820097  0.569152  -0.059215  -0.298947  -0.337906  0.892441  -0.010779  -0.010175  0.024742  -3.732299  -2.247053  -1.314403  1.000000  
158.934959 0.002866  -0.005914  -0.007781  0.487893  0.750728  0.445384  -0.819275  0.569912  -0.063159  -0.301245  -0.334078  0.893109  -0.011397  -0.010573  0.025541  -3.727200  -2.243092  -1.293321  1.000000  
158.936148 0.002847  -0.005930  -0.007741  0.487754  0.752180  0.443082  -0.818274  0.570771  -0.068174  -0.304178  -0.329310  0.893885  -0.012084  -0.010991  0.026648  -3.746149  -2.242055  -1.278521  1.000000  
158.937154 0.002831  -0.005943  -0.007707  0.487735  0.753333  0.441139  -0.817477  0.571440  -0.072025  -0.306344  -0.325492  0.894544  -0.012639  -0.011361  0.027656  -3.759273  -2.229037  -1.254812  1.000000  
158.938167 0.002814  -0.005956  -0.007673  0.487713  0.754483  0.439195  -0.816676  0.572087  -0.075880  -0.308508  -0.321672  0.895182  -0.013285  -0.011720  0.028682  -3.763409  -2.210608  -1.236953  1.000000  
158.939404 0.002793  -0.005973  -0.007627  0.487792  0.755869  0.436717  -0.815663  0.572898  -0.080514  -0.311052  -0.316940  0.895989  -0.013945  -0.012099  0.029984  -3.781767  -2.201056  -1.218958  1.000000  
158.940653 0.002771  -0.005990  -0.007580  0.487823  0.757258  0.434269  -0.814572  0.573737  -0.085430  -0.313848  -0.312069  0.896723  -0.014591  -0.012394  0.031123  -3.795960  -2.190243  -1.202018  1.000000  
158.941654 0.002754  -0.006003  -0.007541  0.487957  0.758275  0.432338  -0.813657  0.574460  -0.089210  -0.316007  -0.308244  0.897288  -0.015020  -0.012603  0.031977  -3.806009  -2.192618  -1.205804  1.000000  
158.942896 0.002732  -0.006019  -0.007494  0.488001  0.759726  0.429734  -0.812591  0.575188  -0.094105  -0.318672  -0.303275  0.898038  -0.015396  -0.012721  0.032843  -3.820632  -2.185870  -1.189415  1.000000  
158.943897 0.002715  -0.006031  -0.007456  0.488150  0.760858  0.427556  -0.811703  0.575802  -0.097932  -0.320700  -0.299243  0.898668  -0.015770  -0.012775  0.033445  -3.829935  -2.179899  -1.183077  1.000000  
158.944899 0.002698  -0.006044  -0.007417  0.488296  0.761933  0.425470  -0.810811  0.576406  -0.101693  -0.322727  -0.295320  0.899241  -0.016083  -0.012815  0.034220  -3.838748  -2.163299  -1.174269  1.000000  
158.946148 0.002676  -0.006060  -0.007370  0.488538  0.763235  0.422852  -0.809703  0.577142  -0.106241  -0.325132  -0.290482  0.899950  -0.016355  -0.012871  0.034993  -3.844715  -2.135195  -1.169975  1.000000  
158.947399 0.002655  -0.006074  -0.007320  0.488609  0.764596  0.420302  -0.808692  0.577701  -0.110812  -0.327535  -0.285752  0.900592  -0.016568  -0.012787  0.035835  -3.853812  -2.115129  -1.158248  1.000000  
158.948644 0.002634  -0.006089  -0.007270  0.488888  0.765972  0.417464  -0.807649  0.578293  -0.115235  -0.329684  -0.280828  0.901357  -0.016725  -0.012723  0.036625  -3.859417  -2.083405  -1.152539  1.000000  
158.949647 0.002618  -0.006100  -0.007229  0.489065  0.767061  0.415251  -0.806818  0.578731  -0.118808  -0.331452  -0.276927  0.901915  -0.016829  -0.012630  0.037301  -3.862824  -2.062668  -1.148485  1.000000  
158.950896 0.002596  -0.006114  -0.007177  0.489337  0.768469  0.412317  -0.805768  0.579251  -0.123312  -0.333597  -0.271891  0.902656  -0.016991  -0.012534  0.038147  -3.871440  -2.032273  -1.145210  1.000000  
158.952145 0.002574  -0.006128  -0.007126  0.489439  0.769935  0.409450  -0.804816  0.579595  -0.127836  -0.335740  -0.266964  0.903332  -0.017136  -0.012346  0.038817  -3.883682  -2.009048  -1.138334  1.000000  
158.953150 0.002557  -0.006138  -0.007084  0.489631  0.771120  0.406982  -0.804013  0.579898  -0.131458  -0.337378  -0.262853  0.903927  -0.017171  -0.012146  0.039328  -3.897832  -1.983579  -1.132903  1.000000  
158.954398 0.002535  -0.006150  -0.007033  0.489774  0.772654  0.403889  -0.803131  0.580108  -0.135853  -0.339267  -0.257839  0.904664  -0.017218  -0.011823  0.039609  -3.904851  -1.943140  -1.119894  1.000000  
158.955402 0.002518  -0.006159  -0.006992  0.489821  0.773911  0.401420  -0.802463  0.580192  -0.139390  -0.340777  -0.253848  0.905225  -0.017178  -0.011479  0.039805  -3.909912  -1.911454  -1.108415  1.000000  
158.956650 0.002497  -0.006170  -0.006943  0.489958  0.775472  0.398226  -0.801575  0.580328  -0.143862  -0.342663  -0.248722  0.905936  -0.017163  -0.011117  0.039911  -3.928541  -1.874408  -1.097583  1.000000  
