1-Time 2-Px 3-Py 4-Pz 5-R11 6-R21 7-R31 8-R12 9-R22 10-R32 11-R13 12-R23 13-R33 14-Vx 15-Vy 16-Vz 17-Wx 18-Wy 19-Wz 20-state
30.737680 0.006795  -0.004147  -0.002827  0.543754  0.807190  0.229729  -0.825230  0.564069  -0.028680  -0.152733  -0.173985  0.972832  0.003065  -0.000941  -0.003781  0.000000  0.000000  0.000000  1.000000  
30.738827 0.006797  -0.004148  -0.002830  0.543754  0.807190  0.229729  -0.825230  0.564069  -0.028680  -0.152733  -0.173985  0.972832  0.003049  -0.000907  -0.003684  0.000000  0.000000  0.000000  1.000000  
30.739971 0.006797  -0.004149  -0.002834  0.543754  0.807190  0.229729  -0.825230  0.564069  -0.028680  -0.152733  -0.173985  0.972832  0.001404  -0.000954  -0.003316  0.000000  0.000000  0.000000  1.000000  
30.741217 0.006797  -0.004149  -0.002835  0.543913  0.807033  0.229905  -0.825101  0.564258  -0.028673  -0.152865  -0.174099  0.972791  0.000718  -0.000430  -0.002276  0.000000  0.000000  0.000000  1.000000  
30.742466 0.006797  -0.004149  -0.002837  0.543913  0.807033  0.229905  -0.825101  0.564258  -0.028673  -0.152865  -0.174099  0.972791  0.000515  -0.000300  -0.002158  0.000000  0.000000  0.000000  1.000000  
30.743499 0.006798  -0.004149  -0.002839  0.543913  0.807033  0.229905  -0.825101  0.564258  -0.028673  -0.152865  -0.174099  0.972791  0.000547  -0.000200  -0.002105  0.000000  0.000000  0.000000  1.000000  
30.744716 0.006796  -0.004148  -0.002842  0.543913  0.807005  0.230002  -0.825101  0.564261  -0.028604  -0.152865  -0.174217  0.972770  0.000270  -0.000112  -0.002237  0.000000  0.000000  0.000000  1.000000  
30.745971 0.006794  -0.004147  -0.002845  0.543913  0.807005  0.230002  -0.825101  0.564261  -0.028604  -0.152865  -0.174217  0.972770  -0.000130  0.000048  -0.002265  0.000000  0.000000  0.000000  1.000000  
30.746972 0.006792  -0.004146  -0.002848  0.543913  0.806977  0.230100  -0.825101  0.564265  -0.028536  -0.152865  -0.174335  0.972748  -0.000248  0.000187  -0.002353  0.000000  0.000000  0.000000  1.000000  
30.747972 0.006791  -0.004144  -0.002851  0.543902  0.806965  0.230172  -0.825084  0.564284  -0.028645  -0.152998  -0.174331  0.972728  -0.000366  0.000321  -0.002347  0.000000  0.000000  0.000000  1.000000  
30.748973 0.006789  -0.004143  -0.002853  0.543902  0.806937  0.230270  -0.825084  0.564288  -0.028576  -0.152998  -0.174449  0.972707  -0.000484  0.000367  -0.002305  0.000000  0.000000  0.000000  1.000000  
30.750217 0.006787  -0.004141  -0.002855  0.543902  0.806937  0.230270  -0.825084  0.564288  -0.028576  -0.152998  -0.174449  0.972707  -0.000608  0.000515  -0.002257  0.000000  0.000000  0.000000  1.000000  
30.751221 0.006785  -0.004140  -0.002856  0.543902  0.806909  0.230368  -0.825084  0.564291  -0.028508  -0.152998  -0.174567  0.972686  -0.000706  0.000556  -0.002170  0.000000  0.000000  0.000000  1.000000  
30.752470 0.006782  -0.004139  -0.002856  0.543902  0.806881  0.230466  -0.825084  0.564295  -0.028439  -0.152998  -0.174685  0.972665  -0.000907  0.000586  -0.002005  0.000000  0.000000  0.000000  1.000000  
30.753472 0.006778  -0.004138  -0.002856  0.543902  0.806881  0.230466  -0.825084  0.564295  -0.028439  -0.152998  -0.174685  0.972665  -0.001301  0.000675  -0.001740  0.000000  0.000000  0.000000  1.000000  
30.754720 0.006773  -0.004137  -0.002856  0.543902  0.806853  0.230563  -0.825084  0.564298  -0.028371  -0.152998  -0.174803  0.972644  -0.001586  0.000796  -0.001513  0.000000  0.000000  0.000000  1.000000  
30.755978 0.006769  -0.004136  -0.002857  0.543902  0.806853  0.230563  -0.825084  0.564298  -0.028371  -0.152998  -0.174803  0.972644  -0.001884  0.000901  -0.001506  0.000000  0.000000  0.000000  1.000000  
30.757219 0.006766  -0.004133  -0.002859  0.543902  0.806825  0.230661  -0.825084  0.564301  -0.028302  -0.152998  -0.174921  0.972622  -0.002092  0.001055  -0.001476  0.000000  0.000000  0.000000  1.000000  
30.758219 0.006763  -0.004131  -0.002861  0.544060  0.806696  0.230739  -0.824954  0.564487  -0.028364  -0.153130  -0.174918  0.972602  -0.002339  0.001182  -0.001528  0.000000  0.000000  0.000000  1.000000  
30.759219 0.006759  -0.004129  -0.002864  0.544060  0.806696  0.230739  -0.824954  0.564487  -0.028364  -0.153130  -0.174918  0.972602  -0.002524  0.001317  -0.001546  0.000000  0.000000  0.000000  1.000000  
30.760467 0.006755  -0.004127  -0.002865  0.544060  0.806696  0.230739  -0.824954  0.564487  -0.028364  -0.153130  -0.174918  0.972602  -0.002620  0.001415  -0.001387  0.000000  0.000000  0.000000  1.000000  
30.761468 0.006754  -0.004124  -0.002865  0.544230  0.806580  0.230745  -0.824842  0.564653  -0.028316  -0.153130  -0.174918  0.972602  -0.002607  0.001543  -0.001269  0.000000  0.000000  0.000000  1.000000  
30.762717 0.006751  -0.004120  -0.002864  0.544230  0.806552  0.230842  -0.824842  0.564657  -0.028248  -0.153130  -0.175036  0.972581  -0.002697  0.001620  -0.000915  0.000000  0.000000  0.000000  1.000000  
30.763717 0.006749  -0.004117  -0.002862  0.544400  0.806435  0.230848  -0.824730  0.564823  -0.028200  -0.153130  -0.175036  0.972581  -0.002713  0.001718  -0.000667  0.000000  0.000000  0.000000  1.000000  
30.764973 0.006746  -0.004114  -0.002861  0.544400  0.806435  0.230848  -0.824730  0.564823  -0.028200  -0.153130  -0.175036  0.972581  -0.002786  0.001838  -0.000389  0.000000  0.000000  0.000000  1.000000  
30.766219 0.006742  -0.004111  -0.002860  0.544570  0.806319  0.230854  -0.824618  0.564989  -0.028152  -0.153130  -0.175036  0.972581  -0.002866  0.001939  -0.000278  0.000000  0.000000  0.000000  1.000000  
30.767232 0.006740  -0.004109  -0.002860  0.544570  0.806319  0.230854  -0.824618  0.564989  -0.028152  -0.153130  -0.175036  0.972581  -0.002798  0.002044  -0.000258  0.000000  0.000000  0.000000  1.000000  
30.768474 0.006736  -0.004106  -0.002862  0.544739  0.806203  0.230860  -0.824506  0.565155  -0.028105  -0.153130  -0.175036  0.972581  -0.002799  0.002112  -0.000388  0.000000  0.000000  0.000000  1.000000  
30.769720 0.006734  -0.004103  -0.002864  0.544739  0.806203  0.230860  -0.824506  0.565155  -0.028105  -0.153130  -0.175036  0.972581  -0.002654  0.002287  -0.000573  0.000000  0.000000  0.000000  1.000000  
30.770722 0.006731  -0.004101  -0.002867  0.544909  0.806114  0.230768  -0.824394  0.565317  -0.028126  -0.153130  -0.174918  0.972602  -0.002606  0.002368  -0.000678  0.000000  0.000000  0.000000  1.000000  
30.771974 0.006727  -0.004098  -0.002871  0.544920  0.806127  0.230696  -0.824411  0.565298  -0.028017  -0.152998  -0.174921  0.972622  -0.002652  0.002419  -0.000834  0.000000  0.000000  0.000000  1.000000  
30.773220 0.006723  -0.004095  -0.002875  0.544920  0.806127  0.230696  -0.824411  0.565298  -0.028017  -0.152998  -0.174921  0.972622  -0.002653  0.002419  -0.000833  0.000000  0.000000  0.000000  1.000000  
30.774467 0.006720  -0.004092  -0.002876  0.545090  0.806011  0.230702  -0.824299  0.565464  -0.027970  -0.152998  -0.174921  0.972622  -0.002592  0.002485  -0.000836  0.000000  0.000000  0.000000  1.000000  
30.775717 0.006716  -0.004089  -0.002877  0.545090  0.806011  0.230702  -0.824299  0.565464  -0.027970  -0.152998  -0.174921  0.972622  -0.002621  0.002450  -0.000756  0.000000  0.000000  0.000000  1.000000  
30.776971 0.006712  -0.004086  -0.002878  0.545101  0.806052  0.230532  -0.824316  0.565441  -0.027930  -0.152865  -0.174807  0.972664  -0.002703  0.002479  -0.000818  0.000000  0.000000  0.000000  1.000000  
30.777972 0.006710  -0.004083  -0.002878  0.545101  0.806052  0.230532  -0.824316  0.565441  -0.027930  -0.152865  -0.174807  0.972664  -0.002767  0.002412  -0.000988  0.000000  0.000000  0.000000  1.000000  
30.778972 0.006707  -0.004081  -0.002881  0.545101  0.806052  0.230532  -0.824316  0.565441  -0.027930  -0.152865  -0.174807  0.972664  -0.002785  0.002370  -0.001276  0.000000  0.000000  0.000000  1.000000  
30.779973 0.006704  -0.004079  -0.002884  0.545113  0.806093  0.230363  -0.824333  0.565418  -0.027890  -0.152733  -0.174692  0.972705  -0.002802  0.002327  -0.001562  0.000000  0.000000  0.000000  1.000000  
30.781219 0.006700  -0.004077  -0.002888  0.545113  0.806093  0.230363  -0.824333  0.565418  -0.027890  -0.152733  -0.174692  0.972705  -0.002823  0.002235  -0.001845  0.000000  0.000000  0.000000  1.000000  
30.782467 0.006695  -0.004074  -0.002892  0.545124  0.806133  0.230193  -0.824350  0.565395  -0.027850  -0.152601  -0.174578  0.972746  -0.002922  0.002277  -0.002025  0.000000  0.000000  0.000000  1.000000  
30.783468 0.006692  -0.004072  -0.002893  0.545135  0.806146  0.230121  -0.824367  0.565375  -0.027741  -0.152469  -0.174582  0.972766  -0.002936  0.002294  -0.002126  0.000000  0.000000  0.000000  1.000000  
30.784484 0.006688  -0.004070  -0.002896  0.545135  0.806174  0.230024  -0.824367  0.565372  -0.027810  -0.152469  -0.174464  0.972788  -0.003064  0.002221  -0.002132  0.000000  0.000000  0.000000  1.000000  
30.785720 0.006684  -0.004068  -0.002897  0.545146  0.806215  0.229854  -0.824384  0.565349  -0.027770  -0.152336  -0.174349  0.972829  -0.003094  0.002204  -0.002020  0.000000  0.000000  0.000000  1.000000  
30.786722 0.006681  -0.004066  -0.002899  0.545158  0.806228  0.229782  -0.824401  0.565330  -0.027661  -0.152204  -0.174353  0.972849  -0.003115  0.002140  -0.001872  0.000000  0.000000  0.000000  1.000000  
30.787972 0.006677  -0.004063  -0.002899  0.545169  0.806269  0.229613  -0.824418  0.565307  -0.027621  -0.152072  -0.174238  0.972890  -0.003157  0.002138  -0.001710  0.000000  0.000000  0.000000  1.000000  
30.789215 0.006674  -0.004060  -0.002901  0.545180  0.806309  0.229443  -0.824435  0.565284  -0.027581  -0.151940  -0.174124  0.972931  -0.003125  0.002167  -0.001634  0.000000  0.000000  0.000000  1.000000  
30.790217 0.006671  -0.004058  -0.002902  0.545191  0.806350  0.229273  -0.824452  0.565261  -0.027541  -0.151807  -0.174010  0.972972  -0.003109  0.002151  -0.001685  0.000000  0.000000  0.000000  1.000000  
30.791465 0.006668  -0.004056  -0.002905  0.545202  0.806363  0.229202  -0.824469  0.565242  -0.027433  -0.151675  -0.174013  0.972992  -0.003047  0.002089  -0.001892  0.000000  0.000000  0.000000  1.000000  
30.792465 0.006666  -0.004054  -0.002908  0.545214  0.806403  0.229032  -0.824486  0.565219  -0.027393  -0.151543  -0.173899  0.973033  -0.003018  0.001995  -0.002022  0.000000  0.000000  0.000000  1.000000  
30.793466 0.006663  -0.004053  -0.002912  0.545225  0.806444  0.228862  -0.824503  0.565197  -0.027353  -0.151411  -0.173784  0.973074  -0.002987  0.001964  -0.002125  0.000000  0.000000  0.000000  1.000000  
30.794717 0.006661  -0.004051  -0.002916  0.545247  0.806470  0.228719  -0.824536  0.565158  -0.027136  -0.151146  -0.173791  0.973114  -0.002924  0.001899  -0.002178  0.000000  0.000000  0.000000  1.000000  
30.795974 0.006657  -0.004049  -0.002919  0.545258  0.806510  0.228549  -0.824553  0.565135  -0.027096  -0.151014  -0.173677  0.973155  -0.002907  0.001925  -0.002084  0.000000  0.000000  0.000000  1.000000  
30.797217 0.006654  -0.004047  -0.002920  0.545281  0.806591  0.228210  -0.824587  0.565090  -0.027015  -0.150749  -0.173448  0.973237  -0.002812  0.001841  -0.001897  0.000000  0.000000  0.000000  1.000000  
30.798218 0.006652  -0.004046  -0.002920  0.545303  0.806617  0.228066  -0.824621  0.565051  -0.026798  -0.150485  -0.173455  0.973277  -0.002699  0.001766  -0.001801  0.000000  0.000000  0.000000  1.000000  
30.799218 0.006651  -0.004044  -0.002920  0.545314  0.806657  0.227896  -0.824637  0.565028  -0.026758  -0.150353  -0.173340  0.973318  -0.002577  0.001781  -0.001672  0.000000  0.000000  0.000000  1.000000  
30.800219 0.006649  -0.004042  -0.002920  0.545336  0.806710  0.227655  -0.824671  0.564987  -0.026609  -0.150088  -0.173229  0.973378  -0.002494  0.001758  -0.001594  0.000000  0.000000  0.000000  1.000000  
30.801220 0.006647  -0.004040  -0.002921  0.545358  0.806791  0.227316  -0.824704  0.564941  -0.026529  -0.149823  -0.173000  0.973460  -0.002391  0.001764  -0.001572  0.000000  0.000000  0.000000  1.000000  
30.802223 0.006645  -0.004038  -0.002922  0.545380  0.806844  0.227074  -0.824738  0.564900  -0.026380  -0.149559  -0.172889  0.973520  -0.002277  0.001838  -0.001547  0.000000  0.000000  0.000000  1.000000  
30.803470 0.006644  -0.004035  -0.002922  0.545583  0.806794  0.226766  -0.824676  0.565005  -0.026076  -0.149162  -0.172782  0.973600  -0.002091  0.001841  -0.001506  0.000000  0.000000  0.000000  1.000000  
30.804470 0.006644  -0.004032  -0.002924  0.545605  0.806847  0.226524  -0.824709  0.564963  -0.025927  -0.148897  -0.172670  0.973660  -0.001953  0.001890  -0.001526  0.000000  0.000000  0.000000  1.000000  
30.805717 0.006642  -0.004029  -0.002925  0.545638  0.806940  0.226113  -0.824759  0.564899  -0.025739  -0.148500  -0.172445  0.973761  -0.001858  0.001853  -0.001502  0.000000  0.000000  0.000000  1.000000  
30.806718 0.006640  -0.004027  -0.002926  0.545671  0.807005  0.225799  -0.824808  0.564838  -0.025481  -0.148103  -0.172337  0.973841  -0.001809  0.001861  -0.001294  0.000000  0.000000  0.000000  1.000000  
30.807973 0.006639  -0.004025  -0.002927  0.545715  0.807111  0.225316  -0.824874  0.564755  -0.025183  -0.147574  -0.172114  0.973960  -0.001708  0.001947  -0.001059  -0.096779  0.178245  0.024819  1.000000  
30.809217 0.006637  -0.004022  -0.002926  0.545917  0.807060  0.225008  -0.824811  0.564861  -0.024879  -0.147177  -0.172007  0.974039  -0.001662  0.001957  -0.000760  -0.099032  0.191206  0.020280  1.000000  
30.810464 0.006635  -0.004020  -0.002924  0.545950  0.807126  0.224694  -0.824860  0.564800  -0.024622  -0.146780  -0.171899  0.974118  -0.001549  0.002024  -0.000427  -0.099028  0.199976  0.021818  1.000000  
30.811465 0.006633  -0.004018  -0.002923  0.545982  0.807191  0.224380  -0.824909  0.564740  -0.024364  -0.146383  -0.171791  0.974197  -0.001477  0.002082  -0.000227  -0.103082  0.208773  0.023370  1.000000  
30.812466 0.006632  -0.004016  -0.002922  0.546014  0.807256  0.224066  -0.824958  0.564679  -0.024107  -0.145986  -0.171683  0.974276  -0.001460  0.002063  -0.000123  -0.103077  0.221934  0.025685  1.000000  
30.813717 0.006629  -0.004013  -0.002921  0.546227  0.807245  0.223588  -0.824911  0.564763  -0.023763  -0.145456  -0.171460  0.974394  -0.001459  0.002127  -0.000096  -0.106130  0.236361  0.021308  1.000000  
30.814969 0.006628  -0.004010  -0.002922  0.546260  0.807310  0.223274  -0.824960  0.564703  -0.023505  -0.145059  -0.171352  0.974472  -0.001434  0.002155  -0.000069  -0.110169  0.245124  0.022851  1.000000  
30.815980 0.006626  -0.004008  -0.002921  0.546461  0.807259  0.222965  -0.824896  0.564809  -0.023202  -0.144662  -0.171244  0.974550  -0.001402  0.002183  0.000008  -0.110008  0.261520  0.018621  1.000000  
30.817220 0.006625  -0.004004  -0.002920  0.546504  0.807363  0.222481  -0.824960  0.564727  -0.022904  -0.144133  -0.171021  0.974668  -0.001369  0.002212  0.000084  -0.114135  0.274905  0.020934  1.000000  
30.818466 0.006624  -0.004000  -0.002918  0.546536  0.807428  0.222167  -0.825008  0.564667  -0.022646  -0.143735  -0.170912  0.974746  -0.001383  0.002287  0.000316  -0.113501  0.282171  0.022342  1.000000  
30.819468 0.006622  -0.003998  -0.002915  0.546568  0.807520  0.221755  -0.825056  0.564604  -0.022457  -0.143338  -0.170686  0.974844  -0.001429  0.002268  0.000599  -0.121307  0.290241  0.023805  1.000000  
30.820717 0.006620  -0.003995  -0.002910  0.546780  0.807508  0.221275  -0.825007  0.564689  -0.022113  -0.142808  -0.170463  0.974961  -0.001451  0.002297  0.001080  -0.125378  0.307124  0.019557  1.000000  
30.821719 0.006619  -0.003992  -0.002905  0.546812  0.807572  0.220961  -0.825055  0.564629  -0.021856  -0.142411  -0.170354  0.975038  -0.001448  0.002354  0.001419  -0.125401  0.316021  0.021086  1.000000  
30.822971 0.006617  -0.003989  -0.002900  0.546854  0.807676  0.220477  -0.825119  0.564548  -0.021558  -0.141881  -0.170131  0.975154  -0.001437  0.002388  0.001782  -0.133528  0.324780  0.022603  1.000000  
30.824215 0.006616  -0.003985  -0.002894  0.546896  0.807780  0.219993  -0.825182  0.564467  -0.021260  -0.141352  -0.169907  0.975270  -0.001418  0.002492  0.002090  -0.136501  0.335331  0.024684  1.000000  
30.825463 0.006613  -0.003981  -0.002889  0.547118  0.807780  0.219440  -0.825148  0.564534  -0.020807  -0.140689  -0.169687  0.975404  -0.001495  0.002570  0.002349  -0.139567  0.349710  0.020258  1.000000  
30.826463 0.006611  -0.003978  -0.002886  0.547149  0.807871  0.219028  -0.825195  0.564472  -0.020618  -0.140292  -0.169460  0.975501  -0.001462  0.002662  0.002451  -0.143616  0.358487  0.021738  1.000000  
30.827464 0.006609  -0.003975  -0.002882  0.547190  0.807974  0.218544  -0.825257  0.564391  -0.020320  -0.139762  -0.169236  0.975616  -0.001476  0.002737  0.002683  -0.147668  0.367258  0.023214  1.000000  
30.828713 0.006607  -0.003972  -0.002878  0.547231  0.808077  0.218059  -0.825319  0.564311  -0.020022  -0.139232  -0.169012  0.975730  -0.001491  0.002750  0.002889  -0.151729  0.380451  0.025461  1.000000  
30.829717 0.006605  -0.003969  -0.002874  0.547442  0.808037  0.217676  -0.825269  0.564400  -0.019610  -0.138702  -0.168906  0.975824  -0.001563  0.002777  0.003226  -0.152051  0.389334  0.019662  1.000000  
30.830965 0.006602  -0.003965  -0.002869  0.547483  0.808140  0.217192  -0.825331  0.564320  -0.019312  -0.138172  -0.168682  0.975938  -0.001583  0.002840  0.003510  -0.154898  0.395012  0.020973  1.000000  
30.831970 0.006600  -0.003963  -0.002862  0.547524  0.808242  0.216707  -0.825392  0.564240  -0.019013  -0.137642  -0.168458  0.976052  -0.001724  0.002790  0.003896  -0.154839  0.403606  0.022402  1.000000  
30.833233 0.006597  -0.003959  -0.002855  0.547585  0.808369  0.216078  -0.825484  0.564123  -0.018497  -0.136847  -0.168240  0.976201  -0.001797  0.002813  0.004243  -0.161154  0.418900  0.031568  1.000000  
30.834469 0.006594  -0.003956  -0.002847  0.547805  0.808368  0.215524  -0.825447  0.564191  -0.018045  -0.136184  -0.168018  0.976332  -0.001895  0.002784  0.004510  -0.162974  0.429970  0.026854  1.000000  
30.835718 0.006590  -0.003953  -0.002840  0.547866  0.808521  0.214797  -0.825538  0.564072  -0.017597  -0.135389  -0.167682  0.976500  -0.002008  0.002772  0.004671  -0.168439  0.442419  0.028486  1.000000  
30.836968 0.006588  -0.003949  -0.002833  0.547926  0.808673  0.214069  -0.825628  0.563954  -0.017149  -0.134593  -0.167345  0.976668  -0.002102  0.002804  0.004799  -0.172554  0.451304  0.029891  1.000000  
30.838215 0.006585  -0.003945  -0.002825  0.548155  0.808683  0.213442  -0.825605  0.564004  -0.016589  -0.133798  -0.167126  0.976815  -0.002135  0.002837  0.004906  -0.175185  0.465129  0.032614  1.000000  
30.839467 0.006582  -0.003941  -0.002818  0.548214  0.808835  0.212714  -0.825694  0.563887  -0.016141  -0.133002  -0.166788  0.976981  -0.002182  0.002820  0.005035  -0.180765  0.477906  0.034279  1.000000  
30.840714 0.006579  -0.003937  -0.002810  0.548283  0.809024  0.211816  -0.825798  0.563749  -0.015652  -0.132074  -0.166335  0.977184  -0.002223  0.002851  0.005211  -0.191429  0.491537  0.036893  1.000000  
30.841962 0.006577  -0.003934  -0.002801  0.548512  0.809059  0.211090  -0.825773  0.563799  -0.015160  -0.131278  -0.165997  0.977349  -0.002237  0.002861  0.005570  -0.198633  0.501589  0.031599  1.000000  
30.842962 0.006574  -0.003931  -0.002793  0.548570  0.809209  0.210362  -0.825861  0.563682  -0.014712  -0.130482  -0.165659  0.977513  -0.002283  0.002906  0.005880  -0.206735  0.519142  0.034509  1.000000  
30.843964 0.006571  -0.003928  -0.002785  0.548618  0.809321  0.209804  -0.825933  0.563587  -0.014304  -0.129819  -0.165437  0.977639  -0.002361  0.002921  0.006111  -0.211720  0.526704  0.042621  1.000000  
30.845212 0.006568  -0.003924  -0.002774  0.548855  0.809392  0.208907  -0.825921  0.563618  -0.013771  -0.128890  -0.164982  0.977839  -0.002375  0.002931  0.006470  -0.222957  0.541088  0.038031  1.000000  
30.846319 0.006566  -0.003921  -0.002766  0.548922  0.809554  0.208106  -0.826021  0.563484  -0.013213  -0.127961  -0.164646  0.978017  -0.002366  0.002858  0.006713  -0.229095  0.555854  0.047060  1.000000  
30.847462 0.006563  -0.003918  -0.002756  0.549167  0.809611  0.207234  -0.826022  0.563499  -0.012504  -0.126899  -0.164313  0.978211  -0.002390  0.002876  0.006959  -0.235237  0.576451  0.043776  1.000000  
30.848462 0.006561  -0.003915  -0.002748  0.549393  0.809643  0.206507  -0.825993  0.563552  -0.012012  -0.126103  -0.163974  0.978371  -0.002342  0.002889  0.006982  -0.242372  0.595063  0.039935  1.000000  
30.849463 0.006558  -0.003913  -0.002742  0.549449  0.809766  0.205876  -0.826077  0.563440  -0.011495  -0.125307  -0.163753  0.978511  -0.002423  0.002845  0.007037  -0.242422  0.608297  0.042046  1.000000  
30.850469 0.006556  -0.003911  -0.002735  0.549684  0.809809  0.205076  -0.826061  0.563475  -0.010895  -0.124377  -0.163416  0.978686  -0.002350  0.002839  0.007124  -0.248515  0.626555  0.044469  1.000000  
30.851717 0.006553  -0.003908  -0.002726  0.549748  0.809969  0.204273  -0.826158  0.563344  -0.010336  -0.123448  -0.163079  0.978859  -0.002327  0.002743  0.007186  -0.254617  0.639048  0.046952  1.000000  
30.852968 0.006550  -0.003906  -0.002717  0.549991  0.810048  0.203301  -0.826154  0.563360  -0.009695  -0.122386  -0.162626  0.979068  -0.002335  0.002690  0.007331  -0.261856  0.657820  0.043003  1.000000  
30.854219 0.006548  -0.003903  -0.002707  0.550225  0.810090  0.202500  -0.826136  0.563397  -0.009095  -0.121456  -0.162288  0.979240  -0.002304  0.002589  0.007512  -0.263089  0.673095  0.037842  1.000000  
30.855462 0.006546  -0.003900  -0.002695  0.550467  0.810168  0.201528  -0.826131  0.563415  -0.008455  -0.120394  -0.161834  0.979446  -0.002233  0.002508  0.007747  -0.273170  0.685303  0.040311  1.000000  
30.856465 0.006544  -0.003898  -0.002686  0.550529  0.810350  0.200626  -0.826224  0.563285  -0.007965  -0.119464  -0.161377  0.979636  -0.002240  0.002451  0.007901  -0.283629  0.704268  0.042636  1.000000  
30.857713 0.006542  -0.003896  -0.002673  0.550778  0.810439  0.199580  -0.826230  0.563287  -0.007215  -0.118268  -0.160925  0.979855  -0.002208  0.002351  0.008083  -0.291026  0.723327  0.038608  1.000000  
30.858963 0.006540  -0.003893  -0.002661  0.551018  0.810539  0.198508  -0.826221  0.563306  -0.006643  -0.117205  -0.160351  0.980077  -0.002060  0.002317  0.008255  -0.299907  0.740429  0.034965  1.000000  
30.859965 0.006539  -0.003891  -0.002651  0.551249  0.810578  0.197705  -0.826199  0.563346  -0.006043  -0.116275  -0.160012  0.980243  -0.002000  0.002192  0.008365  -0.304170  0.754021  0.036969  1.000000  
30.861214 0.006537  -0.003888  -0.002639  0.551488  0.810677  0.196632  -0.826188  0.563367  -0.005472  -0.115212  -0.159438  0.980462  -0.001947  0.002197  0.008516  -0.317965  0.774339  0.032385  1.000000  
30.862463 0.006534  -0.003886  -0.002627  0.551743  0.810798  0.195413  -0.826202  0.563354  -0.004682  -0.113883  -0.158867  0.980710  -0.001888  0.002070  0.008622  -0.326703  0.795497  0.029480  1.000000  
30.863714 0.006533  -0.003884  -0.002614  0.551981  0.810894  0.194339  -0.826190  0.563377  -0.004110  -0.112819  -0.158292  0.980926  -0.001774  0.002076  0.008935  -0.338189  0.805708  0.023889  1.000000  
30.864964 0.006530  -0.003881  -0.002602  0.552226  0.810978  0.193290  -0.826188  0.563384  -0.003362  -0.111623  -0.157837  0.981136  -0.001744  0.002037  0.009093  -0.346290  0.823112  0.026506  1.000000  
30.865981 0.006528  -0.003880  -0.002590  0.552284  0.811154  0.192386  -0.826275  0.563260  -0.002871  -0.110692  -0.157378  0.981315  -0.001740  0.001969  0.009422  -0.353158  0.833971  0.027085  1.000000  
30.867005 0.006526  -0.003878  -0.002579  0.552519  0.811201  0.191507  -0.826259  0.563286  -0.002163  -0.109628  -0.157039  0.981489  -0.001736  0.001960  0.009716  -0.356162  0.847642  0.022231  1.000000  
30.868222 0.006524  -0.003876  -0.002564  0.552754  0.811294  0.190431  -0.826242  0.563313  -0.001592  -0.108564  -0.156463  0.981699  -0.001739  0.001959  0.010050  -0.364845  0.857533  0.023298  1.000000  
30.869229 0.006522  -0.003874  -0.002553  0.552989  0.811364  0.189454  -0.826225  0.563340  -0.000953  -0.107500  -0.156004  0.981889  -0.001770  0.001924  0.010279  -0.372182  0.871772  0.018385  1.000000  
30.870467 0.006520  -0.003872  -0.002538  0.553238  0.811455  0.188329  -0.826230  0.563334  -0.000095  -0.106169  -0.155550  0.982106  -0.001722  0.001936  0.010465  -0.371606  0.886464  0.013359  1.000000  
30.871715 0.006518  -0.003869  -0.002524  0.553487  0.811569  0.187106  -0.826233  0.563328  0.000694  -0.104839  -0.154977  0.982340  -0.001707  0.001918  0.010572  -0.379903  0.904237  0.015820  1.000000  
30.872967 0.006515  -0.003867  -0.002511  0.553727  0.811669  0.185955  -0.826223  0.563341  0.001373  -0.103641  -0.154400  0.982557  -0.001740  0.001887  0.010648  -0.387334  0.914108  0.010031  1.000000  
30.874213 0.006513  -0.003864  -0.002497  0.553974  0.811781  0.184730  -0.826224  0.563338  0.002162  -0.102310  -0.153826  0.982787  -0.001821  0.001906  0.010730  -0.391644  0.927618  0.011683  1.000000  
30.875462 0.006510  -0.003861  -0.002481  0.554212  0.811902  0.183479  -0.826211  0.563353  0.002773  -0.101113  -0.153129  0.983020  -0.001836  0.001917  0.011013  -0.403247  0.937653  0.005814  1.000000  
30.876462 0.006508  -0.003859  -0.002468  0.554435  0.811954  0.182572  -0.826175  0.563403  0.003302  -0.100181  -0.152667  0.983187  -0.001884  0.001966  0.011252  -0.407480  0.937706  0.005401  1.000000  
30.877462 0.006506  -0.003856  -0.002455  0.554657  0.812006  0.181664  -0.826139  0.563454  0.003830  -0.099249  -0.152204  0.983353  -0.001914  0.001993  0.011424  -0.410843  0.943116  -0.001084  1.000000  
30.878712 0.006503  -0.003852  -0.002438  0.554901  0.812135  0.180338  -0.826134  0.563455  0.004550  -0.097917  -0.151508  0.983594  -0.001960  0.002101  0.011759  -0.423340  0.952191  -0.000192  1.000000  
30.879714 0.006501  -0.003849  -0.002423  0.554959  0.812313  0.179357  -0.826221  0.563323  0.005151  -0.096852  -0.151047  0.983771  -0.001977  0.002182  0.012085  -0.432352  0.959871  0.007661  1.000000  
30.880965 0.006499  -0.003846  -0.002405  0.555356  0.812301  0.178176  -0.826078  0.563528  0.005688  -0.095787  -0.150346  0.983982  -0.001975  0.002301  0.012359  -0.439738  0.958928  -0.005708  1.000000  
30.882212 0.006497  -0.003842  -0.002387  0.555597  0.812426  0.176849  -0.826069  0.563533  0.006407  -0.094455  -0.149649  0.984217  -0.001925  0.002437  0.012584  -0.451884  0.971789  -0.004144  1.000000  
30.883213 0.006495  -0.003838  -0.002373  0.555831  0.812517  0.175693  -0.826048  0.563555  0.007085  -0.093256  -0.149069  0.984419  -0.001908  0.002545  0.012737  -0.459360  0.986016  -0.009273  1.000000  
30.884222 0.006494  -0.003834  -0.002360  0.556056  0.812575  0.174709  -0.826016  0.563593  0.007722  -0.092190  -0.148607  0.984590  -0.001875  0.002636  0.012836  -0.463254  0.993994  -0.009850  1.000000  
30.885466 0.006492  -0.003830  -0.002342  0.556294  0.812697  0.173380  -0.826003  0.563602  0.008441  -0.090858  -0.147908  0.984819  -0.001873  0.002759  0.013036  -0.471632  1.002932  -0.009074  1.000000  
30.886467 0.006490  -0.003827  -0.002329  0.556518  0.812774  0.172296  -0.825969  0.563644  0.009009  -0.089792  -0.147325  0.985004  -0.001888  0.002854  0.013227  -0.475921  1.007474  -0.008942  1.000000  
30.887717 0.006488  -0.003822  -0.002310  0.556925  0.812776  0.170964  -0.825839  0.563822  0.009762  -0.088459  -0.146626  0.985229  -0.001838  0.002991  0.013618  -0.482806  1.018407  -0.021782  1.000000  
30.888971 0.006487  -0.003818  -0.002292  0.557337  0.812768  0.169656  -0.825716  0.563984  0.010693  -0.086993  -0.146047  0.985445  -0.001755  0.003094  0.013895  -0.482241  1.028136  -0.027835  1.000000  
30.890213 0.006484  -0.003814  -0.002272  0.557742  0.812768  0.168322  -0.825582  0.564166  0.011444  -0.085660  -0.145347  0.985666  -0.001723  0.003188  0.014162  -0.490078  1.038402  -0.033914  1.000000  
30.891462 0.006482  -0.003809  -0.002253  0.557982  0.812893  0.166916  -0.825571  0.564165  0.012271  -0.084193  -0.144648  0.985895  -0.001724  0.003287  0.014388  -0.494429  1.047308  -0.033260  1.000000  
30.892462 0.006481  -0.003805  -0.002237  0.558378  0.812839  0.165851  -0.825425  0.564361  0.013049  -0.082993  -0.144184  0.986064  -0.001659  0.003409  0.014565  -0.493868  1.052837  -0.038155  1.000000  
30.893462 0.006480  -0.003801  -0.002221  0.558774  0.812804  0.164687  -0.825277  0.564561  0.013758  -0.081793  -0.143600  0.986250  -0.001592  0.003497  0.014705  -0.497591  1.067197  -0.045269  1.000000  
30.894713 0.006478  -0.003796  -0.002200  0.559180  0.812829  0.163177  -0.825145  0.564733  0.014548  -0.080326  -0.142780  0.986490  -0.001579  0.003577  0.014872  -0.508529  1.073511  -0.057040  1.000000  
30.895713 0.006477  -0.003791  -0.002184  0.559404  0.812907  0.162014  -0.825110  0.564767  0.015222  -0.079126  -0.142195  0.986671  -0.001494  0.003716  0.014991  -0.512802  1.082294  -0.056305  1.000000  
30.896714 0.006476  -0.003786  -0.002168  0.559797  0.812869  0.160848  -0.824958  0.564970  0.015930  -0.077926  -0.141610  0.986851  -0.001477  0.003761  0.015115  -0.521530  1.093918  -0.064300  1.000000  
30.897965 0.006475  -0.003780  -0.002146  0.560206  0.812880  0.159359  -0.824829  0.565129  0.016895  -0.076325  -0.140909  0.987076  -0.001379  0.003914  0.015374  -0.524495  1.106952  -0.067822  1.000000  
30.899214 0.006473  -0.003774  -0.002124  0.560619  0.812919  0.157697  -0.824707  0.565276  0.017901  -0.074590  -0.140090  0.987325  -0.001370  0.004050  0.015716  -0.532261  1.125493  -0.072762  1.000000  
30.900468 0.006472  -0.003768  -0.002101  0.561037  0.812948  0.156058  -0.824590  0.565408  0.019084  -0.072722  -0.139390  0.987564  -0.001329  0.004176  0.016128  -0.540341  1.144252  -0.079616  1.000000  
30.901469 0.006470  -0.003763  -0.002082  0.561430  0.812895  0.154912  -0.824439  0.565598  0.019966  -0.071388  -0.138925  0.987727  -0.001329  0.004306  0.016515  -0.539971  1.154006  -0.085679  1.000000  
30.902471 0.006468  -0.003758  -0.002064  0.561828  0.812871  0.153592  -0.824294  0.565777  0.020888  -0.069920  -0.138340  0.987914  -0.001343  0.004378  0.016721  -0.543687  1.172631  -0.090500  1.000000  
30.903717 0.006466  -0.003752  -0.002040  0.562240  0.812894  0.151948  -0.824169  0.565914  0.022068  -0.068051  -0.137639  0.988142  -0.001407  0.004507  0.017121  -0.547667  1.191541  -0.095519  1.000000  
30.904717 0.006464  -0.003747  -0.002021  0.562641  0.812859  0.150650  -0.824027  0.566077  0.023166  -0.066449  -0.137174  0.988316  -0.001407  0.004568  0.017296  -0.546808  1.215677  -0.106482  1.000000  
30.905967 0.006462  -0.003741  -0.001998  0.563049  0.812880  0.149005  -0.823896  0.566217  0.024345  -0.064580  -0.136472  0.988537  -0.001406  0.004694  0.017499  -0.547248  1.237866  -0.104141  1.000000  
30.907214 0.006459  -0.003735  -0.001976  0.563465  0.812901  0.147307  -0.823777  0.566327  0.025809  -0.062443  -0.135890  0.988754  -0.001471  0.004761  0.017709  -0.547204  1.270059  -0.107214  1.000000  
30.908216 0.006457  -0.003730  -0.001957  0.563865  0.812890  0.145832  -0.823633  0.566483  0.026946  -0.060707  -0.135305  0.988942  -0.001537  0.004762  0.017890  -0.546475  1.294157  -0.118426  1.000000  
30.909463 0.006455  -0.003724  -0.001933  0.564272  0.812898  0.144205  -0.823500  0.566611  0.028299  -0.058704  -0.134722  0.989143  -0.001505  0.004856  0.018151  -0.546543  1.317575  -0.122877  1.000000  
30.910713 0.006453  -0.003718  -0.001907  0.564511  0.813031  0.142509  -0.823485  0.566558  0.029732  -0.056567  -0.134138  0.989347  -0.001574  0.004866  0.018464  -0.543501  1.352159  -0.111833  1.000000  
30.911969 0.006450  -0.003712  -0.001880  0.564925  0.813065  0.140656  -0.823363  0.566646  0.031412  -0.054162  -0.133556  0.989560  -0.001716  0.004872  0.018898  -0.539309  1.388264  -0.114465  1.000000  
30.912979 0.006449  -0.003707  -0.001858  0.565317  0.813031  0.139274  -0.823206  0.566805  0.032614  -0.052425  -0.133088  0.989717  -0.001731  0.004881  0.019246  -0.535002  1.406509  -0.119502  1.000000  
30.914213 0.006446  -0.003700  -0.001829  0.565729  0.813073  0.137342  -0.823081  0.566882  0.034401  -0.049886  -0.132505  0.989926  -0.001800  0.004895  0.019717  -0.535116  1.445471  -0.119274  1.000000  
30.915214 0.006444  -0.003695  -0.001805  0.565954  0.813173  0.135815  -0.823045  0.566847  0.035791  -0.047882  -0.132038  0.990088  -0.001898  0.004920  0.020054  -0.531474  1.476079  -0.115693  1.000000  
30.916216 0.006442  -0.003689  -0.001781  0.566346  0.813171  0.134180  -0.822889  0.566986  0.037140  -0.045877  -0.131450  0.990261  -0.001944  0.004974  0.020461  -0.531445  1.507736  -0.119027  1.000000  
30.917224 0.006439  -0.003683  -0.001758  0.566567  0.813269  0.132651  -0.822847  0.566955  0.038530  -0.043872  -0.130981  0.990414  -0.001963  0.005043  0.020745  -0.532668  1.541140  -0.110887  1.000000  
30.918465 0.006435  -0.003677  -0.001727  0.567143  0.813206  0.130554  -0.822595  0.567179  0.040559  -0.041065  -0.130396  0.990611  -0.002073  0.005100  0.021172  -0.529637  1.588073  -0.117441  1.000000  
30.919466 0.006433  -0.003670  -0.001702  0.567361  0.813311  0.128947  -0.822549  0.567137  0.042057  -0.038926  -0.129927  0.990759  -0.002089  0.005176  0.021554  -0.525083  1.617981  -0.106301  1.000000  
30.920469 0.006431  -0.003665  -0.001678  0.567743  0.813303  0.127307  -0.822378  0.567284  0.043402  -0.036920  -0.129335  0.990913  -0.002158  0.005231  0.021981  -0.529482  1.654296  -0.111938  1.000000  
30.921715 0.006427  -0.003658  -0.001647  0.568133  0.813317  0.125462  -0.822219  0.567370  0.045252  -0.034379  -0.128866  0.991066  -0.002203  0.005283  0.022523  -0.522121  1.690240  -0.108082  1.000000  
30.922963 0.006424  -0.003651  -0.001614  0.568521  0.813354  0.123442  -0.822057  0.567450  0.047141  -0.031705  -0.128277  0.991232  -0.002268  0.005343  0.023190  -0.518754  1.725781  -0.104347  1.000000  
30.923988 0.006422  -0.003645  -0.001587  0.568899  0.813331  0.121843  -0.821880  0.567563  0.048839  -0.029431  -0.127925  0.991347  -0.002288  0.005405  0.023794  -0.510762  1.759918  -0.100250  1.000000  
30.925213 0.006419  -0.003640  -0.001553  0.569283  0.813360  0.119842  -0.821711  0.567627  0.050903  -0.026623  -0.127454  0.991487  -0.002327  0.005379  0.024378  -0.503203  1.805167  -0.099445  1.000000  
30.926225 0.006417  -0.003635  -0.001525  0.569656  0.813345  0.118164  -0.821527  0.567729  0.052708  -0.024215  -0.127101  0.991594  -0.002312  0.005356  0.024777  -0.497371  1.851000  -0.095258  1.000000  
30.927490 0.006415  -0.003630  -0.001489  0.570034  0.813390  0.116008  -0.821349  0.567769  0.054989  -0.021139  -0.126629  0.991725  -0.002313  0.005281  0.025340  -0.483969  1.894050  -0.092224  1.000000  
30.928713 0.006413  -0.003624  -0.001455  0.570575  0.813303  0.113937  -0.821047  0.567972  0.057360  -0.018062  -0.126275  0.991831  -0.002313  0.005294  0.025712  -0.473012  1.944866  -0.086783  1.000000  
30.929725 0.006411  -0.003619  -0.001426  0.570937  0.813284  0.112253  -0.820845  0.568079  0.059161  -0.015654  -0.125919  0.991917  -0.002259  0.005217  0.026092  -0.465346  1.975265  -0.083539  1.000000  
30.930962 0.006410  -0.003612  -0.001389  0.571468  0.813208  0.110077  -0.820528  0.568293  0.061460  -0.012577  -0.125444  0.992021  -0.002146  0.005233  0.026573  -0.457898  2.014833  -0.090504  1.000000  
30.931963 0.006408  -0.003606  -0.001358  0.571823  0.813196  0.108314  -0.820316  0.568389  0.063367  -0.010035  -0.125086  0.992095  -0.002084  0.005290  0.027026  -0.450497  2.054582  -0.086211  1.000000  
30.933213 0.006406  -0.003599  -0.001320  0.572513  0.813009  0.106043  -0.819867  0.568761  0.065792  -0.006824  -0.124608  0.992183  -0.002073  0.005271  0.027586  -0.443061  2.095157  -0.089017  1.000000  
30.934216 0.006404  -0.003592  -0.001287  0.572859  0.813004  0.104199  -0.819643  0.568847  0.067805  -0.004148  -0.124249  0.992242  -0.001997  0.005311  0.028145  -0.439482  2.135629  -0.091471  1.000000  
30.935216 0.006401  -0.003586  -0.001254  0.573370  0.812870  0.102415  -0.819295  0.569116  0.069729  -0.001606  -0.123889  0.992295  -0.001968  0.005337  0.028673  -0.436528  2.174765  -0.094674  1.000000  
30.936217 0.006399  -0.003579  -0.001220  0.573876  0.812758  0.100454  -0.818942  0.569381  0.071691  0.001070  -0.123407  0.992356  -0.001908  0.005392  0.029331  -0.432111  2.213169  -0.100634  1.000000  
30.937465 0.006396  -0.003572  -0.001176  0.574545  0.812562  0.098192  -0.818461  0.569740  0.074283  0.004415  -0.123045  0.992391  -0.001913  0.005451  0.030130  -0.424579  2.254839  -0.110211  1.000000  
30.938712 0.006393  -0.003564  -0.001132  0.575040  0.812465  0.096072  -0.818092  0.569982  0.076457  0.007359  -0.122562  0.992434  -0.001948  0.005544  0.030807  -0.417776  2.276846  -0.112178  1.000000  
30.939964 0.006390  -0.003555  -0.001088  0.575697  0.812256  0.093879  -0.817595  0.570358  0.078934  0.010570  -0.122197  0.992450  -0.001936  0.005715  0.031444  -0.409874  2.319818  -0.125232  1.000000  
30.941212 0.006389  -0.003547  -0.001045  0.576348  0.812045  0.091682  -0.817088  0.570736  0.081408  0.013781  -0.121831  0.992455  -0.001910  0.005875  0.032050  -0.403046  2.351902  -0.139341  1.000000  
30.942462 0.006386  -0.003539  -0.001001  0.576989  0.811852  0.089327  -0.816569  0.571089  0.084095  0.017259  -0.121463  0.992446  -0.001916  0.006071  0.032617  -0.395983  2.393461  -0.149010  1.000000  
30.943711 0.006384  -0.003531  -0.000958  0.577623  0.811658  0.086967  -0.816040  0.571444  0.086778  0.020737  -0.121094  0.992424  -0.001885  0.006215  0.033141  -0.389127  2.426569  -0.159877  1.000000  
30.944712 0.006383  -0.003524  -0.000922  0.578089  0.811542  0.084929  -0.815630  0.571687  0.089007  0.023680  -0.120725  0.992403  -0.001906  0.006364  0.033572  -0.386057  2.462394  -0.163192  1.000000  
30.945712 0.006381  -0.003517  -0.000887  0.578554  0.811396  0.083141  -0.815218  0.571946  0.091087  0.026355  -0.120476  0.992366  -0.001958  0.006489  0.034001  -0.374943  2.481845  -0.175626  1.000000  
30.946717 0.006380  -0.003509  -0.000851  0.579182  0.811131  0.081330  -0.814681  0.572374  0.093180  0.029030  -0.120227  0.992322  -0.001929  0.006582  0.034401  -0.366933  2.512776  -0.190741  1.000000  
30.947982 0.006377  -0.003500  -0.000805  0.579791  0.810931  0.078956  -0.814117  0.572736  0.095851  0.032507  -0.119853  0.992259  -0.001917  0.006689  0.034827  -0.360131  2.535496  -0.202790  1.000000  
30.949215 0.006375  -0.003490  -0.000759  0.580392  0.810729  0.076577  -0.813542  0.573100  0.098517  0.035984  -0.119477  0.992185  -0.001909  0.006789  0.035182  -0.354753  2.561996  -0.210371  1.000000  
30.950473 0.006374  -0.003480  -0.000714  0.580985  0.810516  0.074293  -0.812957  0.573454  0.101249  0.039460  -0.119221  0.992083  -0.001768  0.006983  0.035435  -0.339198  2.599095  -0.225661  1.000000  
30.951715 0.006372  -0.003469  -0.000668  0.581568  0.810321  0.071828  -0.812357  0.573809  0.104015  0.043070  -0.118842  0.991979  -0.001696  0.007199  0.035625  -0.337830  2.631267  -0.231631  1.000000  
30.952717 0.006371  -0.003460  -0.000631  0.581990  0.810196  0.069789  -0.811886  0.574038  0.106401  0.046144  -0.118585  0.991871  -0.001616  0.007345  0.035759  -0.330067  2.667215  -0.239871  1.000000  
30.953964 0.006370  -0.003449  -0.000585  0.582557  0.809997  0.067317  -0.811266  0.574397  0.109160  0.049753  -0.118204  0.991742  -0.001541  0.007523  0.035902  -0.329408  2.693304  -0.247180  1.000000  
