1-Time 2-Px 3-Py 4-Pz 5-R11 6-R21 7-R31 8-R12 9-R22 10-R32 11-R13 12-R23 13-R33 14-Vx 15-Vy 16-Vz 17-Wx 18-Wy 19-Wz 20-state
59.951840 -0.002418  -0.016311  0.008133  0.558081  0.807354  0.191640  -0.829761  0.544801  0.121198  -0.006556  -0.226653  0.973954  0.000327  -0.000069  -0.000661  0.179255  -0.254721  -0.015964  1.000000  
59.953005 -0.002416  -0.016310  0.008132  0.558080  0.807314  0.191810  -0.829760  0.544811  0.121155  -0.006690  -0.226771  0.973925  0.001440  0.001534  -0.000471  0.179310  -0.253224  -0.022743  1.000000  
59.954252 -0.002408  -0.016299  0.008126  0.558250  0.807121  0.192127  -0.829644  0.544999  0.121111  -0.006957  -0.227007  0.973868  0.004230  0.005630  -0.003048  0.181870  -0.249568  -0.029287  1.000000  
59.955252 -0.002401  -0.016288  0.008119  0.558249  0.807058  0.192395  -0.829643  0.544994  0.121135  -0.007091  -0.227243  0.973812  0.005182  0.007264  -0.004185  0.185900  -0.245205  -0.028329  1.000000  
59.956253 -0.002396  -0.016281  0.008114  0.558249  0.807034  0.192493  -0.829643  0.544980  0.121201  -0.007091  -0.227361  0.973785  0.005099  0.007285  -0.004377  0.187475  -0.236932  -0.033318  1.000000  
59.957502 -0.002392  -0.016274  0.008113  0.558249  0.806994  0.192664  -0.829642  0.544990  0.121159  -0.007225  -0.227479  0.973756  0.004667  0.006727  -0.003721  0.000000  0.000000  0.000000  1.000000  
59.958750 -0.002387  -0.016267  0.008111  0.558248  0.806913  0.193005  -0.829641  0.545011  0.121075  -0.007493  -0.227715  0.973699  0.004517  0.006542  -0.003204  0.000000  0.000000  0.000000  1.000000  
59.960006 -0.002383  -0.016257  0.008108  0.558075  0.806951  0.193346  -0.829753  0.544906  0.120777  -0.007894  -0.227832  0.973668  0.004413  0.006825  -0.003108  0.000000  0.000000  0.000000  1.000000  
59.961250 -0.002380  -0.016246  0.008103  0.558074  0.806870  0.193687  -0.829751  0.544928  0.120693  -0.008162  -0.228068  0.973611  0.004144  0.007061  -0.003208  0.000000  0.000000  0.000000  1.000000  
59.962522 -0.002376  -0.016236  0.008098  0.558074  0.806799  0.193981  -0.829751  0.544884  0.120892  -0.008162  -0.228422  0.973528  0.003953  0.007195  -0.003348  0.000000  0.000000  0.000000  1.000000  
59.963761 -0.002373  -0.016225  0.008092  0.558074  0.806752  0.194176  -0.829751  0.544854  0.121024  -0.008162  -0.228658  0.973473  0.003843  0.007379  -0.003503  0.000000  0.000000  0.000000  1.000000  
59.965006 -0.002368  -0.016212  0.008085  0.558074  0.806705  0.194372  -0.829751  0.544825  0.121156  -0.008162  -0.228894  0.973417  0.003807  0.007629  -0.003691  0.000000  0.000000  0.000000  1.000000  
59.966006 -0.002363  -0.016201  0.008078  0.558073  0.806641  0.194640  -0.829750  0.544821  0.121180  -0.008295  -0.229130  0.973360  0.003888  0.007917  -0.003911  0.000000  0.000000  0.000000  1.000000  
59.967256 -0.002354  -0.016183  0.008066  0.558073  0.806576  0.194909  -0.829749  0.544817  0.121204  -0.008429  -0.229366  0.973304  0.004226  0.008582  -0.004482  0.000000  0.000000  0.000000  1.000000  
59.968259 -0.002346  -0.016166  0.008055  0.557901  0.806607  0.195275  -0.829862  0.544673  0.121080  -0.008697  -0.229602  0.973246  0.004620  0.009527  -0.005118  0.000000  0.000000  0.000000  1.000000  
59.969507 -0.002333  -0.016143  0.008044  0.557899  0.806525  0.195616  -0.829860  0.544694  0.120996  -0.008964  -0.229837  0.973188  0.004874  0.010182  -0.005335  0.000000  0.000000  0.000000  1.000000  
59.970509 -0.002325  -0.016125  0.008038  0.557899  0.806484  0.195786  -0.829859  0.544705  0.120954  -0.009098  -0.229955  0.973159  0.005003  0.010752  -0.005313  0.000000  0.000000  0.000000  1.000000  
59.971758 -0.002317  -0.016106  0.008034  0.557898  0.806443  0.195957  -0.829858  0.544716  0.120912  -0.009232  -0.230073  0.973130  0.005167  0.011580  -0.005358  0.000000  0.000000  0.000000  1.000000  
59.973006 -0.002312  -0.016087  0.008029  0.557898  0.806420  0.196054  -0.829858  0.544701  0.120978  -0.009232  -0.230191  0.973102  0.005246  0.012446  -0.005586  0.000000  0.000000  0.000000  1.000000  
59.974007 -0.002305  -0.016070  0.008024  0.557897  0.806379  0.196225  -0.829857  0.544712  0.120936  -0.009366  -0.230309  0.973073  0.005423  0.013121  -0.005881  0.000000  0.000000  0.000000  1.000000  
59.975256 -0.002297  -0.016049  0.008014  0.557896  0.806338  0.196395  -0.829856  0.544723  0.120894  -0.009500  -0.230426  0.973043  0.005659  0.013808  -0.006307  0.000000  0.000000  0.000000  1.000000  
59.976506 -0.002291  -0.016030  0.008002  0.557725  0.806385  0.196688  -0.829970  0.544553  0.120878  -0.009633  -0.230662  0.972986  0.005915  0.014396  -0.006702  0.168251  -0.126164  -0.012366  1.000000  
59.977511 -0.002287  -0.016016  0.007993  0.557723  0.806327  0.196931  -0.829968  0.544590  0.120728  -0.009901  -0.230779  0.972956  0.005955  0.014683  -0.007009  0.166373  -0.131406  -0.014287  1.000000  
59.978758 -0.002280  -0.015997  0.007983  0.557723  0.806285  0.197102  -0.829967  0.544601  0.120686  -0.010035  -0.230897  0.972926  0.006188  0.015191  -0.007262  0.163152  -0.130151  -0.014773  1.000000  
59.979758 -0.002273  -0.015979  0.007974  0.557723  0.806262  0.197200  -0.829967  0.544586  0.120752  -0.010035  -0.231015  0.972898  0.006485  0.015796  -0.007504  0.161642  -0.125457  -0.014248  1.000000  
59.981006 -0.002263  -0.015954  0.007963  0.557893  0.806108  0.197345  -0.829851  0.544763  0.120750  -0.010169  -0.231133  0.972869  0.006724  0.016423  -0.007683  0.158927  -0.122924  -0.021611  1.000000  
59.982006 -0.002255  -0.015935  0.007955  0.557892  0.806043  0.197613  -0.829850  0.544760  0.120775  -0.010302  -0.231369  0.972812  0.006729  0.016811  -0.007506  0.161714  -0.123164  -0.021926  1.000000  
59.983010 -0.002248  -0.015916  0.007947  0.557720  0.806114  0.197809  -0.829963  0.544605  0.120692  -0.010436  -0.231486  0.972782  0.006683  0.016957  -0.007429  0.158853  -0.121341  -0.014357  1.000000  
59.984260 -0.002240  -0.015894  0.007939  0.557719  0.806031  0.198149  -0.829961  0.544627  0.120608  -0.010704  -0.231722  0.972723  0.006274  0.016890  -0.007090  0.158775  -0.127290  -0.008684  1.000000  
59.985260 -0.002234  -0.015877  0.007935  0.557718  0.805990  0.198320  -0.829960  0.544638  0.120566  -0.010837  -0.231839  0.972694  0.006164  0.016871  -0.006985  0.158785  -0.127299  -0.008700  1.000000  
59.986506 -0.002228  -0.015857  0.007927  0.557888  0.805812  0.198563  -0.829844  0.544801  0.120631  -0.010971  -0.232075  0.972636  0.006027  0.016865  -0.007164  0.162961  -0.125739  -0.015460  1.000000  
59.987755 -0.002225  -0.015838  0.007917  0.557887  0.805771  0.198733  -0.829842  0.544812  0.120589  -0.011105  -0.232192  0.972606  0.005897  0.016832  -0.007545  0.158857  -0.125716  -0.015480  1.000000  
59.988755 -0.002220  -0.015822  0.007906  0.557886  0.805730  0.198904  -0.829841  0.544823  0.120547  -0.011239  -0.232310  0.972577  0.005790  0.016840  -0.007953  0.158856  -0.121340  -0.014461  1.000000  
59.989756 -0.002215  -0.015805  0.007894  0.557886  0.805705  0.199001  -0.829841  0.544808  0.120613  -0.011239  -0.232428  0.972549  0.005668  0.016786  -0.008229  0.158944  -0.111010  -0.019142  1.000000  
59.991001 -0.002210  -0.015786  0.007881  0.557885  0.805647  0.199244  -0.829839  0.544845  0.120463  -0.011506  -0.232545  0.972518  0.005558  0.016731  -0.008410  0.154864  -0.111005  -0.019162  1.000000  
59.992007 -0.002207  -0.015772  0.007872  0.557885  0.805622  0.199342  -0.829839  0.544831  0.120529  -0.011506  -0.232663  0.972489  0.005503  0.016723  -0.008373  0.150752  -0.110976  -0.019178  1.000000  
59.993251 -0.002202  -0.015754  0.007862  0.557883  0.805563  0.199585  -0.829836  0.544868  0.120380  -0.011774  -0.232780  0.972458  0.005396  0.016695  -0.008327  0.145513  -0.118775  -0.021104  1.000000  
59.994501 -0.002194  -0.015734  0.007853  0.557882  0.805522  0.199755  -0.829835  0.544879  0.120338  -0.011908  -0.232898  0.972428  0.005378  0.016635  -0.008195  0.141512  -0.123149  -0.022162  1.000000  
59.995751 -0.002184  -0.015710  0.007844  0.557882  0.805498  0.199853  -0.829835  0.544864  0.120404  -0.011908  -0.233016  0.972400  0.005332  0.016605  -0.008114  0.133378  -0.118763  -0.021154  1.000000  
59.997000 -0.002175  -0.015686  0.007835  0.557881  0.805456  0.200023  -0.829833  0.544876  0.120362  -0.012042  -0.233134  0.972370  0.005337  0.016590  -0.008010  0.129337  -0.118764  -0.021176  1.000000  
59.998001 -0.002169  -0.015669  0.007827  0.557880  0.805439  0.200096  -0.829832  0.544902  0.120254  -0.012175  -0.233133  0.972369  0.005241  0.016492  -0.007980  0.121273  -0.118785  -0.021195  1.000000  
59.999251 -0.002164  -0.015650  0.007817  0.557879  0.805397  0.200266  -0.829831  0.544913  0.120212  -0.012309  -0.233251  0.972339  0.005098  0.016316  -0.008148  0.000000  0.000000  0.000000  1.000000  
60.000252 -0.002159  -0.015635  0.007808  0.557878  0.805355  0.200436  -0.829829  0.544924  0.120170  -0.012443  -0.233368  0.972309  0.005012  0.016146  -0.008444  0.000000  0.000000  0.000000  1.000000  
60.001259 -0.002155  -0.015620  0.007797  0.557877  0.805296  0.200679  -0.829827  0.544961  0.120020  -0.012711  -0.233485  0.972277  0.004980  0.016045  -0.008794  0.000000  0.000000  0.000000  1.000000  
60.002508 -0.002150  -0.015601  0.007781  0.557704  0.805349  0.200947  -0.829939  0.544833  0.119829  -0.012978  -0.233603  0.972246  0.005037  0.016070  -0.009184  0.118160  -0.124098  -0.022473  1.000000  
60.003756 -0.002147  -0.015582  0.007766  0.557703  0.805307  0.201117  -0.829937  0.544844  0.119787  -0.013112  -0.233720  0.972216  0.004948  0.015971  -0.009310  0.117181  -0.123068  -0.022302  1.000000  
60.005003 -0.002141  -0.015562  0.007753  0.557702  0.805265  0.201287  -0.829936  0.544856  0.119745  -0.013246  -0.233838  0.972185  0.004846  0.015946  -0.009243  0.117187  -0.123072  -0.022318  1.000000  
60.006256 -0.002135  -0.015542  0.007742  0.557701  0.805248  0.201360  -0.829934  0.544882  0.119637  -0.013379  -0.233837  0.972184  0.004918  0.016048  -0.009074  0.000000  0.000000  0.000000  1.000000  
60.007521 -0.002130  -0.015521  0.007733  0.557699  0.805188  0.201602  -0.829931  0.544919  0.119488  -0.013647  -0.233954  0.972152  0.004984  0.016304  -0.008950  0.000000  0.000000  0.000000  1.000000  
60.008755 -0.002124  -0.015500  0.007722  0.557526  0.805266  0.201772  -0.830043  0.544805  0.119230  -0.013915  -0.233953  0.972148  0.004971  0.016491  -0.009114  0.000000  0.000000  0.000000  1.000000  
60.010001 -0.002115  -0.015475  0.007710  0.557352  0.805301  0.202112  -0.830153  0.544703  0.118931  -0.014316  -0.234070  0.972114  0.004990  0.016630  -0.009337  0.000000  0.000000  0.000000  1.000000  
60.011251 -0.002105  -0.015450  0.007697  0.557349  0.805249  0.202329  -0.830148  0.544781  0.118607  -0.014717  -0.234069  0.972109  0.004999  0.016693  -0.009607  0.000000  0.000000  0.000000  1.000000  
60.012501 -0.002097  -0.015427  0.007682  0.557177  0.805343  0.202426  -0.830261  0.544641  0.118457  -0.014851  -0.234068  0.972107  0.005025  0.016689  -0.009935  0.000000  0.000000  0.000000  1.000000  
60.013501 -0.002093  -0.015411  0.007670  0.557003  0.805445  0.202498  -0.830373  0.544542  0.118133  -0.015119  -0.233949  0.972131  0.004973  0.016694  -0.010219  0.000000  0.000000  0.000000  1.000000  
60.014502 -0.002089  -0.015393  0.007658  0.557002  0.805428  0.202570  -0.830371  0.544568  0.118025  -0.015252  -0.233949  0.972129  0.004939  0.016891  -0.010436  0.000000  0.000000  0.000000  1.000000  
60.015750 -0.002084  -0.015371  0.007645  0.556829  0.805505  0.202739  -0.830482  0.544454  0.117768  -0.015520  -0.233948  0.972125  0.004865  0.017138  -0.010529  0.000000  0.000000  0.000000  1.000000  
60.016756 -0.002080  -0.015351  0.007635  0.556826  0.805453  0.202957  -0.830477  0.544532  0.117443  -0.015921  -0.233946  0.972119  0.004886  0.017437  -0.010406  0.000000  0.000000  0.000000  1.000000  
60.018005 -0.002076  -0.015329  0.007622  0.556480  0.805649  0.203125  -0.830701  0.544293  0.116970  -0.016323  -0.233827  0.972141  0.004881  0.017658  -0.010159  0.000000  0.000000  0.000000  1.000000  
60.019253 -0.002071  -0.015307  0.007611  0.556305  0.805709  0.203366  -0.830810  0.544205  0.116604  -0.016724  -0.233825  0.972135  0.004845  0.017809  -0.009988  0.000000  0.000000  0.000000  1.000000  
60.020253 -0.002067  -0.015288  0.007601  0.556130  0.805793  0.203509  -0.830919  0.544131  0.116171  -0.017125  -0.233706  0.972156  0.004869  0.018024  -0.009945  0.000000  0.000000  0.000000  1.000000  
60.021254 -0.002062  -0.015268  0.007592  0.556128  0.805759  0.203654  -0.830915  0.544183  0.115955  -0.017393  -0.233705  0.972152  0.004863  0.018289  -0.010037  0.000000  0.000000  0.000000  1.000000  
60.022521 -0.002055  -0.015240  0.007577  0.555953  0.805843  0.203797  -0.831023  0.544109  0.115523  -0.017794  -0.233585  0.972173  0.005018  0.018775  -0.010410  0.000000  0.000000  0.000000  1.000000  
60.023752 -0.002047  -0.015212  0.007562  0.555778  0.805928  0.203940  -0.831132  0.544035  0.115091  -0.018196  -0.233466  0.972195  0.005123  0.019217  -0.010669  0.000000  0.000000  0.000000  1.000000  
60.025000 -0.002040  -0.015184  0.007546  0.555431  0.806124  0.204106  -0.831354  0.543795  0.114616  -0.018597  -0.233346  0.972216  0.005006  0.019367  -0.010979  0.010754  -0.241264  0.041756  1.000000  
60.026001 -0.002034  -0.015164  0.007534  0.555256  0.806209  0.204249  -0.831462  0.543721  0.114184  -0.018998  -0.233226  0.972237  0.004831  0.019414  -0.010993  0.006489  -0.249533  0.046017  1.000000  
60.027251 -0.002028  -0.015139  0.007519  0.555252  0.806207  0.204270  -0.831456  0.543826  0.113727  -0.019400  -0.232989  0.972286  0.004713  0.019556  -0.011050  -0.005709  -0.264735  0.043271  1.000000  
60.028501 -0.002023  -0.015114  0.007507  0.555078  0.806309  0.204340  -0.831566  0.543726  0.113403  -0.019667  -0.232870  0.972309  0.004663  0.019818  -0.010931  -0.013994  -0.270721  0.048951  1.000000  
60.029503 -0.002018  -0.015092  0.007496  0.554903  0.806436  0.204312  -0.831676  0.543639  0.113012  -0.019935  -0.232632  0.972360  0.004705  0.020119  -0.010865  -0.026367  -0.272325  0.055695  1.000000  
60.030751 -0.002013  -0.015065  0.007483  0.554729  0.806563  0.204284  -0.831786  0.543552  0.112622  -0.020202  -0.232395  0.972412  0.004749  0.020437  -0.010809  -0.034389  -0.276147  0.060933  1.000000  
60.031754 -0.002008  -0.015043  0.007472  0.554553  0.806672  0.204328  -0.831893  0.543491  0.112123  -0.020604  -0.232157  0.972460  0.004762  0.020560  -0.010853  -0.046548  -0.280365  0.059885  1.000000  
60.033002 -0.002003  -0.015016  0.007458  0.554379  0.806799  0.204300  -0.832003  0.543404  0.111733  -0.020871  -0.231920  0.972511  0.004860  0.020870  -0.010919  -0.058825  -0.281942  0.066571  1.000000  
60.034257 -0.001997  -0.014990  0.007444  0.554374  0.806822  0.204223  -0.831995  0.543522  0.111210  -0.021272  -0.231564  0.972587  0.004976  0.021247  -0.011178  -0.079730  -0.293010  0.065043  1.000000  
60.035503 -0.001990  -0.014961  0.007428  0.554200  0.806949  0.204194  -0.832105  0.543434  0.110820  -0.021540  -0.231327  0.972638  0.005052  0.021532  -0.011477  -0.087312  -0.296543  0.070183  1.000000  
60.036506 -0.001984  -0.014936  0.007413  0.554197  0.806965  0.204142  -0.832100  0.543512  0.110471  -0.021807  -0.231090  0.972688  0.005098  0.021698  -0.011766  -0.100278  -0.303320  0.069725  1.000000  
60.037510 -0.001977  -0.014911  0.007398  0.554195  0.807022  0.203921  -0.832098  0.543578  0.110165  -0.021941  -0.230735  0.972769  0.005196  0.021945  -0.011942  -0.111652  -0.300954  0.069238  1.000000  
60.038751 -0.001968  -0.014881  0.007381  0.554192  0.807037  0.203869  -0.832093  0.543656  0.109817  -0.022209  -0.230498  0.972819  0.005271  0.022049  -0.012065  -0.119627  -0.299282  0.062584  1.000000  
60.039759 -0.001964  -0.014859  0.007369  0.554019  0.807206  0.203670  -0.832204  0.543556  0.109469  -0.022343  -0.230143  0.972900  0.005150  0.022057  -0.011981  -0.136915  -0.292901  0.065203  1.000000  
60.041002 -0.001957  -0.014831  0.007354  0.554016  0.807246  0.203521  -0.832199  0.543647  0.109054  -0.022610  -0.229788  0.972978  0.005058  0.022172  -0.011989  -0.149226  -0.288592  0.066316  1.000000  
60.042250 -0.001953  -0.014804  0.007339  0.554014  0.807303  0.203299  -0.832197  0.543712  0.108748  -0.022744  -0.229433  0.973059  0.005000  0.022283  -0.011993  -0.161353  -0.286991  0.059642  1.000000  
60.043251 -0.001948  -0.014783  0.007327  0.554012  0.807360  0.203078  -0.832194  0.543777  0.108442  -0.022878  -0.229078  0.973139  0.005090  0.022433  -0.012208  -0.169398  -0.280995  0.054021  1.000000  
60.044501 -0.001941  -0.014755  0.007311  0.553839  0.807553  0.202780  -0.832306  0.543689  0.108028  -0.023011  -0.228605  0.973247  0.005130  0.022496  -0.012333  -0.184314  -0.280240  0.060315  1.000000  
60.045750 -0.001934  -0.014726  0.007294  0.553837  0.807659  0.202363  -0.832303  0.543779  0.107589  -0.023145  -0.228014  0.973383  0.005243  0.022576  -0.012563  -0.206182  -0.272269  0.056262  1.000000  
60.046751 -0.001928  -0.014703  0.007280  0.553837  0.807733  0.202069  -0.832303  0.543819  0.107392  -0.023145  -0.227660  0.973466  0.005359  0.022663  -0.012797  -0.216610  -0.261308  0.057902  1.000000  
60.048007 -0.001920  -0.014673  0.007263  0.553836  0.807838  0.201651  -0.832300  0.543909  0.106953  -0.023279  -0.227069  0.973600  0.005518  0.022941  -0.013100  -0.234479  -0.251516  0.047086  1.000000  
60.049250 -0.001912  -0.014643  0.007245  0.553834  0.807919  0.201331  -0.832298  0.543986  0.106581  -0.023413  -0.226596  0.973707  0.005649  0.023117  -0.013251  -0.248582  -0.239140  0.042129  1.000000  
60.050501 -0.001904  -0.014613  0.007229  0.553832  0.808025  0.200913  -0.832295  0.544076  0.106142  -0.023546  -0.226004  0.973842  0.005734  0.023213  -0.013276  -0.264627  -0.228853  0.037586  1.000000  
60.051505 -0.001897  -0.014587  0.007216  0.553829  0.808088  0.200666  -0.832290  0.544177  0.105662  -0.023814  -0.225530  0.973945  0.005791  0.023270  -0.013123  -0.283021  -0.224780  0.032254  1.000000  
60.052522 -0.001890  -0.014563  0.007204  0.553656  0.808305  0.200269  -0.832401  0.544100  0.105182  -0.023948  -0.224939  0.974079  0.005704  0.023172  -0.012915  -0.299213  -0.220293  0.033352  1.000000  
60.053758 -0.001883  -0.014532  0.007191  0.553654  0.808410  0.199851  -0.832399  0.544189  0.104743  -0.024081  -0.224348  0.974212  0.005697  0.023250  -0.012741  -0.315469  -0.205620  0.029795  1.000000  
60.055006 -0.001877  -0.014504  0.007177  0.553652  0.808539  0.199335  -0.832396  0.544290  0.104239  -0.024215  -0.223638  0.974371  0.005730  0.023297  -0.012608  -0.335738  -0.195282  0.025205  1.000000  
60.056250 -0.001871  -0.014477  0.007161  0.553650  0.808643  0.198917  -0.832393  0.544378  0.103800  -0.024349  -0.223046  0.974504  0.005793  0.023353  -0.012671  -0.347918  -0.184982  0.020609  1.000000  
60.057254 -0.001866  -0.014454  0.007148  0.553477  0.808835  0.198618  -0.832504  0.544286  0.103386  -0.024483  -0.222572  0.974609  0.005828  0.023380  -0.012748  -0.360094  -0.180561  0.021686  1.000000  
60.058500 -0.001858  -0.014426  0.007131  0.553475  0.808963  0.198102  -0.832502  0.544386  0.102882  -0.024616  -0.221862  0.974767  0.005902  0.023437  -0.012904  -0.377394  -0.174741  0.022599  1.000000  
60.059503 -0.001852  -0.014402  0.007117  0.553300  0.809138  0.197875  -0.832610  0.544319  0.102359  -0.024884  -0.221388  0.974868  0.005990  0.023534  -0.012929  -0.385492  -0.174730  0.022662  1.000000  
60.060750 -0.001843  -0.014373  0.007100  0.553127  0.809378  0.197379  -0.832721  0.544251  0.101814  -0.025018  -0.220678  0.975026  0.006067  0.023514  -0.012937  -0.401681  -0.170377  0.023758  1.000000  
60.061751 -0.001836  -0.014349  0.007088  0.553123  0.809465  0.197032  -0.832716  0.544362  0.101266  -0.025285  -0.220085  0.975153  0.006159  0.023604  -0.012774  -0.413711  -0.164485  0.018157  1.000000  
60.063001 -0.001826  -0.014318  0.007073  0.552948  0.809711  0.196510  -0.832824  0.544330  0.100546  -0.025553  -0.219255  0.975333  0.006296  0.023647  -0.012639  -0.433925  -0.164468  0.018246  1.000000  
60.064007 -0.001817  -0.014294  0.007062  0.552775  0.809926  0.196112  -0.832935  0.544248  0.100067  -0.025687  -0.218663  0.975462  0.006458  0.023634  -0.012406  -0.445885  -0.158628  0.027244  1.000000  
60.065251 -0.001808  -0.014263  0.007049  0.552597  0.810156  0.195661  -0.833040  0.544239  0.099238  -0.026088  -0.217832  0.975637  0.006544  0.023670  -0.012203  -0.462449  -0.161652  0.026103  1.000000  
60.066255 -0.001800  -0.014239  0.007039  0.552595  0.810259  0.195242  -0.833037  0.544323  0.098800  -0.026222  -0.217240  0.975766  0.006537  0.023650  -0.012043  -0.478525  -0.158598  0.027397  1.000000  
60.067532 -0.001790  -0.014209  0.007025  0.552418  0.810512  0.194692  -0.833142  0.544325  0.097905  -0.026623  -0.216291  0.975966  0.006676  0.023505  -0.011940  -0.498663  -0.168747  0.032206  1.000000  
60.068757 -0.001781  -0.014181  0.007011  0.552243  0.810757  0.194168  -0.833250  0.544289  0.097185  -0.026890  -0.215460  0.976142  0.006836  0.023412  -0.011976  -0.515471  -0.170376  0.039071  1.000000  
60.069760 -0.001773  -0.014159  0.006999  0.552065  0.810962  0.193815  -0.833354  0.544264  0.096422  -0.027292  -0.214747  0.976288  0.007028  0.023404  -0.012050  -0.527494  -0.177675  0.036851  1.000000  
60.071004 -0.001763  -0.014131  0.006983  0.551889  0.811207  0.193290  -0.833462  0.544226  0.095702  -0.027559  -0.213917  0.976463  0.007294  0.023443  -0.012128  -0.548328  -0.180648  0.044007  1.000000  
60.072007 -0.001755  -0.014108  0.006970  0.551712  0.811412  0.192935  -0.833566  0.544200  0.094940  -0.027960  -0.213204  0.976608  0.007504  0.023472  -0.012076  -0.560733  -0.190918  0.048857  1.000000  
60.073256 -0.001744  -0.014079  0.006954  0.551534  0.811664  0.192384  -0.833670  0.544196  0.094045  -0.028362  -0.212254  0.976803  0.007742  0.023526  -0.011945  -0.577217  -0.201172  0.053754  1.000000  
60.074501 -0.001733  -0.014050  0.006941  0.551356  0.811893  0.191930  -0.833774  0.544179  0.093216  -0.028763  -0.211422  0.976972  0.007947  0.023448  -0.011714  -0.588756  -0.208217  0.051477  1.000000  
60.075750 -0.001721  -0.014022  0.006928  0.551178  0.812144  0.191377  -0.833878  0.544173  0.092322  -0.029164  -0.210471  0.977165  0.008120  0.023429  -0.011481  -0.601095  -0.218385  0.056378  1.000000  
60.076750 -0.001711  -0.013998  0.006917  0.551002  0.812364  0.190949  -0.833985  0.544120  0.091668  -0.029431  -0.209758  0.977310  0.008298  0.023348  -0.011424  -0.613420  -0.228560  0.061239  1.000000  
60.077750 -0.001702  -0.013976  0.006906  0.550824  0.812592  0.190495  -0.834088  0.544100  0.090840  -0.029833  -0.208926  0.977476  0.008366  0.023234  -0.011332  -0.627076  -0.240774  0.066725  1.000000  
60.078750 -0.001692  -0.013952  0.006894  0.550817  0.812707  0.190021  -0.834078  0.544247  0.090050  -0.030234  -0.208093  0.977642  0.008497  0.023231  -0.011386  -0.643264  -0.249455  0.064897  1.000000  
60.080007 -0.001680  -0.013923  0.006878  0.550636  0.812965  0.189440  -0.834178  0.544270  0.088980  -0.030769  -0.207023  0.977852  0.008646  0.023098  -0.011550  -0.659662  -0.264015  0.068924  1.000000  
60.081252 -0.001669  -0.013895  0.006862  0.550458  0.813238  0.188787  -0.834281  0.544268  0.088019  -0.031170  -0.205952  0.978065  0.008769  0.022923  -0.011754  -0.674863  -0.272057  0.073355  1.000000  
60.082253 -0.001660  -0.013874  0.006849  0.550279  0.813487  0.188232  -0.834384  0.544254  0.087125  -0.031571  -0.205001  0.978253  0.008849  0.022727  -0.011994  -0.686922  -0.280668  0.071638  1.000000  
60.083261 -0.001651  -0.013853  0.006836  0.550274  0.813640  0.187587  -0.834377  0.544384  0.086378  -0.031839  -0.204050  0.978443  0.008902  0.022585  -0.012063  -0.704869  -0.282932  0.072453  1.000000  
60.084509 -0.001641  -0.013828  0.006819  0.550095  0.813934  0.186833  -0.834479  0.544389  0.085351  -0.032240  -0.202860  0.978677  0.008974  0.022444  -0.012189  -0.721389  -0.293117  0.077563  1.000000  
60.085754 -0.001630  -0.013801  0.006802  0.549916  0.814227  0.186080  -0.834582  0.544392  0.084324  -0.032641  -0.201670  0.978909  0.009006  0.022327  -0.012207  -0.740202  -0.305283  0.081059  1.000000  
60.086757 -0.001621  -0.013779  0.006790  0.549912  0.814378  0.185434  -0.834574  0.544519  0.083577  -0.032909  -0.200718  0.979096  0.009095  0.022288  -0.012178  -0.758205  -0.310599  0.074239  1.000000  
60.088009 -0.001610  -0.013753  0.006776  0.549732  0.814693  0.184580  -0.834676  0.544529  0.082484  -0.033310  -0.199409  0.979350  0.009112  0.022103  -0.012060  -0.778653  -0.316302  0.080352  1.000000  
60.089252 -0.001598  -0.013725  0.006762  0.549553  0.815007  0.183726  -0.834778  0.544537  0.081392  -0.033711  -0.198100  0.979602  0.009108  0.021998  -0.012077  -0.800974  -0.322505  0.078142  1.000000  
60.090255 -0.001590  -0.013704  0.006749  0.549548  0.815156  0.183079  -0.834771  0.544660  0.080644  -0.033978  -0.197147  0.979785  0.009093  0.021910  -0.012279  -0.815334  -0.323558  0.072275  1.000000  
60.091268 -0.001581  -0.013683  0.006737  0.549369  0.815424  0.182422  -0.834872  0.544645  0.079683  -0.034379  -0.196075  0.979986  0.008993  0.021782  -0.012389  -0.831446  -0.329158  0.078334  1.000000  
60.092503 -0.001570  -0.013657  0.006719  0.549361  0.815624  0.181550  -0.834861  0.544816  0.078628  -0.034781  -0.194764  0.980233  0.008940  0.021602  -0.012649  -0.852121  -0.336625  0.070086  1.000000  
60.093750 -0.001560  -0.013631  0.006702  0.549182  0.815913  0.180793  -0.834962  0.544808  0.077601  -0.035182  -0.193572  0.980455  0.008740  0.021349  -0.012869  -0.864673  -0.341062  0.069527  1.000000  
60.094751 -0.001552  -0.013611  0.006687  0.549004  0.816215  0.179963  -0.835067  0.544777  0.076684  -0.035449  -0.192381  0.980680  0.008653  0.021111  -0.012940  -0.881798  -0.339501  0.075932  1.000000  
60.096006 -0.001544  -0.013587  0.006670  0.548997  0.816413  0.179090  -0.835055  0.544943  0.075628  -0.035850  -0.191070  0.980922  0.008461  0.020888  -0.013022  -0.901274  -0.345255  0.069274  1.000000  
60.097252 -0.001537  -0.013564  0.006654  0.548819  0.816757  0.178061  -0.835160  0.544927  0.074579  -0.036118  -0.189640  0.981189  0.008196  0.020705  -0.012969  -0.918577  -0.341119  0.070677  1.000000  
60.098261 -0.001530  -0.013545  0.006641  0.548642  0.817057  0.177230  -0.835265  0.544891  0.073662  -0.036385  -0.188448  0.981409  0.008067  0.020572  -0.013010  -0.933761  -0.340621  0.070918  1.000000  
60.099501 -0.001521  -0.013520  0.006625  0.548465  0.817398  0.176200  -0.835370  0.544871  0.072613  -0.036653  -0.187017  0.981673  0.007956  0.020500  -0.012934  -0.954779  -0.337875  0.070708  1.000000  
60.100502 -0.001515  -0.013502  0.006613  0.548459  0.817605  0.175253  -0.835362  0.545009  0.071666  -0.036920  -0.185705  0.981912  0.007812  0.020299  -0.012842  -0.974741  -0.336403  0.064329  1.000000  
60.101508 -0.001507  -0.013481  0.006601  0.548282  0.817903  0.174420  -0.835466  0.544968  0.070749  -0.037187  -0.184512  0.982126  0.007735  0.020222  -0.012802  -0.990844  -0.334653  0.066114  1.000000  
60.102752 -0.001497  -0.013457  0.006586  0.548104  0.818241  0.173388  -0.835571  0.544943  0.069700  -0.037455  -0.183081  0.982384  0.007650  0.020059  -0.012877  -1.011540  -0.330257  0.067407  1.000000  
60.103756 -0.001489  -0.013436  0.006574  0.547930  0.818570  0.172382  -0.835679  0.544888  0.068828  -0.037589  -0.181769  0.982623  0.007561  0.019992  -0.012939  -1.031585  -0.325660  0.068607  1.000000  
60.105002 -0.001479  -0.013411  0.006558  0.547752  0.818948  0.171150  -0.835784  0.544875  0.067647  -0.037856  -0.180098  0.982920  0.007482  0.019880  -0.012964  -1.056281  -0.316804  0.070812  1.000000  
60.106263 -0.001469  -0.013387  0.006543  0.547746  0.819190  0.170003  -0.835775  0.545021  0.066568  -0.038123  -0.178546  0.983193  0.007464  0.019782  -0.012887  -1.080064  -0.310821  0.065255  1.000000  
60.107501 -0.001460  -0.013362  0.006529  0.547400  0.819669  0.168810  -0.835997  0.544808  0.065529  -0.038257  -0.176995  0.983468  0.007357  0.019678  -0.012699  -1.097128  -0.303384  0.074221  1.000000  
60.108750 -0.001452  -0.013338  0.006514  0.547222  0.820020  0.167675  -0.836101  0.544781  0.064415  -0.038524  -0.175442  0.983736  0.007229  0.019530  -0.012485  -1.112568  -0.297717  0.081556  1.000000  
60.109750 -0.001445  -0.013319  0.006504  0.547047  0.820343  0.166666  -0.836209  0.544717  0.063543  -0.038658  -0.174128  0.983964  0.007156  0.019458  -0.012226  -1.130354  -0.286933  0.085195  1.000000  
60.110751 -0.001439  -0.013301  0.006494  0.547041  0.820539  0.165715  -0.836200  0.544840  0.062596  -0.038926  -0.172814  0.984185  0.007075  0.019363  -0.011924  -1.146222  -0.285469  0.078699  1.000000  
60.112007 -0.001432  -0.013279  0.006482  0.546866  0.820899  0.164506  -0.836308  0.544788  0.061593  -0.039059  -0.171261  0.984451  0.007134  0.019328  -0.011680  -1.158433  -0.272092  0.081631  1.000000  
60.113258 -0.001424  -0.013256  0.006469  0.546688  0.821265  0.163268  -0.836412  0.544761  0.060414  -0.039327  -0.169587  0.984730  0.007099  0.019264  -0.011426  -1.173543  -0.271051  0.088064  1.000000  
60.114501 -0.001414  -0.013231  0.006457  0.546341  0.821753  0.161970  -0.836633  0.544544  0.059311  -0.039460  -0.167913  0.985012  0.007212  0.019276  -0.011237  -1.190156  -0.263463  0.096865  1.000000  
60.115750 -0.001405  -0.013207  0.006444  0.546166  0.822146  0.160558  -0.836741  0.544500  0.058177  -0.039594  -0.166120  0.985310  0.007226  0.019270  -0.011084  -1.210215  -0.254503  0.098889  1.000000  
60.116754 -0.001397  -0.013188  0.006434  0.545991  0.822479  0.159445  -0.836849  0.544433  0.057241  -0.039728  -0.164685  0.985546  0.007232  0.019229  -0.010922  -1.226615  -0.251241  0.106751  1.000000  
60.117757 -0.001389  -0.013169  0.006425  0.545815  0.822791  0.158432  -0.836957  0.544358  0.056372  -0.039861  -0.163369  0.985759  0.007241  0.019127  -0.010732  -1.236960  -0.244361  0.109618  1.000000  
60.119002 -0.001378  -0.013144  0.006413  0.545640  0.823178  0.157018  -0.837065  0.544308  0.055238  -0.039995  -0.161574  0.986050  0.007312  0.019147  -0.010571  -1.253214  -0.235320  0.111612  1.000000  
60.120011 -0.001370  -0.013124  0.006405  0.545465  0.823506  0.155903  -0.837172  0.544237  0.054303  -0.040129  -0.160138  0.986279  0.007250  0.019072  -0.010258  -1.269553  -0.231950  0.119481  1.000000  
60.121268 -0.001361  -0.013101  0.006395  0.545290  0.823889  0.154487  -0.837280  0.544183  0.053171  -0.040263  -0.158342  0.986563  0.007253  0.019031  -0.009889  -1.283555  -0.221116  0.120427  1.000000  
60.122504 -0.001353  -0.013077  0.006386  0.545111  0.824258  0.153143  -0.837383  0.544144  0.051928  -0.040530  -0.156545  0.986839  0.007177  0.018975  -0.009478  -1.302310  -0.213871  0.123372  1.000000  
60.123752 -0.001344  -0.013054  0.006378  0.544939  0.824647  0.151653  -0.837496  0.544068  0.050906  -0.040530  -0.154750  0.987122  0.007168  0.018964  -0.009064  -1.318986  -0.201607  0.132873  1.000000  
60.125001 -0.001337  -0.013031  0.006370  0.544763  0.825023  0.150235  -0.837603  0.544007  0.049775  -0.040664  -0.152952  0.987397  0.007177  0.018938  -0.008702  -1.335577  -0.197005  0.133992  1.000000  
60.126251 -0.001328  -0.013008  0.006361  0.544416  0.825508  0.148825  -0.837823  0.543773  0.048613  -0.040797  -0.151155  0.987668  0.007181  0.018959  -0.008545  -1.348020  -0.189090  0.142654  1.000000  
60.127264 -0.001321  -0.012989  0.006354  0.544413  0.825712  0.147696  -0.837818  0.543860  0.047710  -0.040931  -0.149716  0.987881  0.007333  0.019143  -0.008420  -1.359884  -0.184421  0.143614  1.000000  
60.128500 -0.001313  -0.012966  0.006345  0.544065  0.826211  0.146184  -0.838038  0.543628  0.046484  -0.041065  -0.147798  0.988165  0.007241  0.019010  -0.008141  -1.373854  -0.179515  0.150295  1.000000  
60.129501 -0.001306  -0.012946  0.006338  0.544065  0.826440  0.144881  -0.838038  0.543701  0.045626  -0.041065  -0.146240  0.988397  0.007210  0.019023  -0.007934  -1.385418  -0.173723  0.144493  1.000000  
60.130750 -0.001297  -0.012922  0.006331  0.543717  0.826898  0.143568  -0.838257  0.543454  0.044533  -0.041198  -0.144560  0.988638  0.007173  0.019043  -0.007578  -1.391384  -0.167115  0.159930  1.000000  
60.131750 -0.001291  -0.012903  0.006325  0.543717  0.827124  0.142264  -0.838257  0.543523  0.043676  -0.041198  -0.143001  0.988865  0.007087  0.018994  -0.007271  -1.402048  -0.161222  0.153988  1.000000  
60.132751 -0.001285  -0.012884  0.006319  0.543541  0.827431  0.141141  -0.838364  0.543432  0.042745  -0.041332  -0.141561  0.989066  0.006924  0.018965  -0.007040  -1.410110  -0.156609  0.154920  1.000000  
60.133752 -0.001279  -0.012866  0.006314  0.543368  0.827748  0.139945  -0.838476  0.543323  0.041925  -0.041332  -0.140121  0.989271  0.006781  0.018832  -0.006777  -1.414246  -0.151999  0.155865  1.000000  
60.135003 -0.001271  -0.012843  0.006308  0.543196  0.828113  0.138447  -0.838588  0.543228  0.040908  -0.041332  -0.138321  0.989525  0.006629  0.018791  -0.006445  -1.421811  -0.144071  0.158865  1.000000  
60.136010 -0.001266  -0.012825  0.006303  0.543020  0.828415  0.137322  -0.838695  0.543132  0.039977  -0.041466  -0.136879  0.989719  0.006455  0.018717  -0.006225  -1.426448  -0.140524  0.166631  1.000000  
60.137253 -0.001259  -0.012802  0.006297  0.542847  0.828792  0.135722  -0.838807  0.543038  0.038895  -0.041466  -0.134958  0.989983  0.006352  0.018670  -0.006012  -1.438196  -0.134687  0.160724  1.000000  
60.138253 -0.001253  -0.012784  0.006293  0.542675  0.829101  0.134523  -0.838919  0.542923  0.038077  -0.041466  -0.133517  0.990179  0.006280  0.018596  -0.005871  -1.442530  -0.126643  0.169130  1.000000  
60.139502 -0.001246  -0.012762  0.006287  0.542502  0.829472  0.132921  -0.839031  0.542825  0.036996  -0.041466  -0.131595  0.990436  0.006209  0.018600  -0.005721  -1.454511  -0.120844  0.163209  1.000000  
60.140752 -0.001239  -0.012739  0.006281  0.542329  0.829840  0.131318  -0.839142  0.542725  0.035916  -0.041466  -0.129673  0.990689  0.006198  0.018602  -0.005566  -1.466721  -0.111662  0.164776  1.000000  
60.142000 -0.001232  -0.012716  0.006276  0.542156  0.830221  0.129614  -0.839254  0.542627  0.034770  -0.041466  -0.127630  0.990955  0.006082  0.018537  -0.005333  -1.479523  -0.107105  0.171093  1.000000  
60.143004 -0.001225  -0.012696  0.006272  0.541987  0.830529  0.128341  -0.839370  0.542492  0.034065  -0.041332  -0.126188  0.991145  0.006116  0.018603  -0.005106  -1.483256  -0.098021  0.172528  1.000000  
60.144007 -0.001218  -0.012678  0.006268  0.541814  0.830842  0.127038  -0.839482  0.542374  0.033183  -0.041332  -0.124625  0.991343  0.006045  0.018516  -0.004860  -1.487297  -0.093347  0.173329  1.000000  
60.145251 -0.001211  -0.012655  0.006265  0.541641  0.831199  0.125432  -0.839593  0.542266  0.032105  -0.041332  -0.122701  0.991583  0.005972  0.018452  -0.004587  -1.495453  -0.084207  0.174796  1.000000  
60.146501 -0.001204  -0.012632  0.006262  0.541468  0.831553  0.123825  -0.839705  0.542156  0.031027  -0.041332  -0.120776  0.991819  0.005868  0.018413  -0.004234  -1.499544  -0.079465  0.175596  1.000000  
60.147750 -0.001196  -0.012609  0.006258  0.541298  0.831912  0.122145  -0.839821  0.542031  0.030061  -0.041198  -0.118852  0.992057  0.005899  0.018365  -0.004073  -1.507594  -0.069357  0.170239  1.000000  
60.148751 -0.001192  -0.012591  0.006256  0.541125  0.832200  0.120940  -0.839932  0.541903  0.029247  -0.041198  -0.117408  0.992229  0.005802  0.018329  -0.003867  -1.507799  -0.065646  0.177744  1.000000  
60.149751 -0.001186  -0.012574  0.006253  0.541128  0.832384  0.119656  -0.839937  0.541932  0.028570  -0.041065  -0.115964  0.992404  0.005739  0.018251  -0.003760  -1.507651  -0.055607  0.172296  1.000000  
60.150766 -0.001181  -0.012556  0.006248  0.540955  0.832668  0.118450  -0.840048  0.541801  0.027757  -0.041065  -0.114519  0.992572  0.005733  0.018240  -0.003757  -1.506761  -0.050352  0.167481  1.000000  
60.152011 -0.001174  -0.012533  0.006243  0.540782  0.833008  0.116840  -0.840160  0.541683  0.026681  -0.041065  -0.112593  0.992792  0.005739  0.018222  -0.003651  -1.511072  -0.045589  0.168207  1.000000  
60.153253 -0.001167  -0.012511  0.006239  0.540612  0.833367  0.115055  -0.840275  0.541553  0.025652  -0.040931  -0.110546  0.993028  0.005747  0.018211  -0.003547  -1.519230  -0.036090  0.168132  1.000000  
60.154255 -0.001161  -0.012492  0.006236  0.540615  0.833555  0.113669  -0.840280  0.541580  0.024910  -0.040797  -0.108980  0.993206  0.005826  0.018255  -0.003446  -1.523305  -0.026274  0.163906  1.000000  
60.155267 -0.001155  -0.012474  0.006234  0.540442  0.833859  0.112258  -0.840391  0.541450  0.023967  -0.040797  -0.107294  0.993390  0.005810  0.018239  -0.003287  -1.530780  -0.021546  0.164457  1.000000  
60.156503 -0.001145  -0.012450  0.006230  0.540272  0.834194  0.110573  -0.840507  0.541312  0.023005  -0.040664  -0.105366  0.993602  0.005942  0.018309  -0.003163  -1.535576  -0.016787  0.165152  1.000000  
60.157755 -0.001137  -0.012426  0.006227  0.540102  0.834539  0.108785  -0.840623  0.541175  0.021978  -0.040530  -0.103318  0.993822  0.005932  0.018312  -0.003007  -1.540067  -0.007535  0.166364  1.000000  
60.158999 -0.001129  -0.012403  0.006225  0.540105  0.834769  0.106992  -0.840628  0.541207  0.020974  -0.040396  -0.101269  0.994039  0.005987  0.018323  -0.002896  -1.542921  0.002533  0.159273  1.000000  
60.160005 -0.001122  -0.012384  0.006222  0.539935  0.835055  0.105608  -0.840743  0.541057  0.020211  -0.040263  -0.099702  0.994202  0.006005  0.018350  -0.002903  -1.551518  0.011743  0.161680  1.000000  
60.161248 -0.001114  -0.012361  0.006219  0.539765  0.835377  0.103919  -0.840859  0.540912  0.019251  -0.040129  -0.097772  0.994399  0.006048  0.018373  -0.002895  -1.555103  0.016348  0.160889  1.000000  
60.162249 -0.001109  -0.012342  0.006215  0.539768  0.835547  0.102530  -0.840863  0.540931  0.018510  -0.039995  -0.096205  0.994558  0.006036  0.018391  -0.002997  -1.554918  0.026279  0.155129  1.000000  
60.163498 -0.001101  -0.012319  0.006212  0.539597  0.835862  0.100840  -0.840979  0.540783  0.017552  -0.039861  -0.094275  0.994748  0.006102  0.018447  -0.002999  -1.559461  0.031011  0.155655  1.000000  
60.164499 -0.001095  -0.012299  0.006208  0.539600  0.836039  0.099348  -0.840983  0.540802  0.016745  -0.039728  -0.092586  0.994912  0.006125  0.018556  -0.003003  -1.567597  0.036492  0.149341  1.000000  
60.165749 -0.001089  -0.012275  0.006203  0.539430  0.836360  0.097555  -0.841099  0.540653  0.015722  -0.039594  -0.090535  0.995106  0.006137  0.018703  -0.002960  -1.574875  0.045627  0.150210  1.000000  
60.166752 -0.001084  -0.012256  0.006200  0.539436  0.836537  0.095991  -0.841108  0.540659  0.015028  -0.039327  -0.088846  0.995269  0.006135  0.018753  -0.002934  -1.582455  0.055493  0.144308  1.000000  
60.167758 -0.001078  -0.012237  0.006197  0.539439  0.836694  0.094600  -0.841112  0.540672  0.014288  -0.039193  -0.087277  0.995413  0.006094  0.018860  -0.002894  -1.582946  0.061440  0.139022  1.000000  
60.169004 -0.001071  -0.012213  0.006193  0.539271  0.837011  0.092733  -0.841232  0.540509  0.013378  -0.038926  -0.085225  0.995601  0.006071  0.018967  -0.002925  -1.590324  0.070053  0.138762  1.000000  
60.170258 -0.001063  -0.012187  0.006189  0.539274  0.837206  0.090935  -0.841237  0.540526  0.012376  -0.038792  -0.083172  0.995780  0.006111  0.019124  -0.002973  -1.590624  0.076140  0.133327  1.000000  
