1-Time 2-Px 3-Py 4-Pz 5-R11 6-R21 7-R31 8-R12 9-R22 10-R32 11-R13 12-R23 13-R33 14-Vx 15-Vy 16-Vz 17-Wx 18-Wy 19-Wz 20-state
160.078178 0.006485  -0.009307  -0.005015  0.562083  0.656154  0.503513  -0.794779  0.596981  0.109271  -0.228889  -0.461601  0.857050  -0.000398  -0.000291  -0.000122  0.000000  0.000000  0.000000  1.000000  
160.079385 0.006485  -0.009307  -0.005014  0.562083  0.656093  0.503592  -0.794779  0.596968  0.109343  -0.228889  -0.461704  0.856994  0.000500  0.000401  0.001149  0.000000  0.000000  0.000000  1.000000  
160.080629 0.006484  -0.009303  -0.005010  0.562083  0.656093  0.503592  -0.794779  0.596968  0.109343  -0.228889  -0.461704  0.856994  -0.000432  0.001734  0.002288  0.000000  0.000000  0.000000  1.000000  
160.081633 0.006482  -0.009300  -0.005006  0.562083  0.656093  0.503592  -0.794779  0.596968  0.109343  -0.228889  -0.461704  0.856994  -0.000754  0.002277  0.002812  0.000000  0.000000  0.000000  1.000000  
160.082876 0.006481  -0.009297  -0.005001  0.562083  0.656154  0.503513  -0.794779  0.596981  0.109271  -0.228889  -0.461601  0.857050  -0.000773  0.002312  0.003096  0.000000  0.000000  0.000000  1.000000  
160.083877 0.006480  -0.009295  -0.004998  0.562065  0.656118  0.503579  -0.794754  0.597032  0.109177  -0.229020  -0.461586  0.857023  -0.000919  0.002191  0.003116  0.000000  0.000000  0.000000  1.000000  
160.084878 0.006478  -0.009292  -0.004995  0.561901  0.656241  0.503602  -0.794869  0.596897  0.109074  -0.229020  -0.461586  0.857023  -0.001084  0.002331  0.003073  0.000000  0.000000  0.000000  1.000000  
160.085879 0.006474  -0.009289  -0.004993  0.561901  0.656241  0.503602  -0.794869  0.596897  0.109074  -0.229020  -0.461586  0.857023  -0.001364  0.002479  0.002888  0.000000  0.000000  0.000000  1.000000  
160.087134 0.006471  -0.009284  -0.004991  0.561901  0.656241  0.503602  -0.794869  0.596897  0.109074  -0.229020  -0.461586  0.857023  -0.001606  0.002709  0.002716  0.000000  0.000000  0.000000  1.000000  
160.088381 0.006467  -0.009280  -0.004989  0.561901  0.656241  0.503602  -0.794869  0.596897  0.109074  -0.229020  -0.461586  0.857023  -0.001747  0.002738  0.002626  0.000000  0.000000  0.000000  1.000000  
160.089631 0.006463  -0.009276  -0.004985  0.561901  0.656241  0.503602  -0.794869  0.596897  0.109074  -0.229020  -0.461586  0.857023  -0.001896  0.002800  0.002696  0.000000  0.000000  0.000000  1.000000  
160.090656 0.006461  -0.009272  -0.004981  0.561901  0.656241  0.503602  -0.794869  0.596897  0.109074  -0.229020  -0.461586  0.857023  -0.001897  0.002895  0.002734  0.000000  0.000000  0.000000  1.000000  
160.091916 0.006458  -0.009267  -0.004978  0.561901  0.656180  0.503681  -0.794869  0.596884  0.109146  -0.229020  -0.461690  0.856967  -0.001986  0.002983  0.002752  0.000000  0.000000  0.000000  1.000000  
160.093131 0.006455  -0.009261  -0.004972  0.561901  0.656180  0.503681  -0.794869  0.596884  0.109146  -0.229020  -0.461690  0.856967  -0.002046  0.003107  0.002908  0.000000  0.000000  0.000000  1.000000  
160.094133 0.006451  -0.009256  -0.004966  0.561901  0.656180  0.503681  -0.794869  0.596884  0.109146  -0.229020  -0.461690  0.856967  -0.002283  0.003411  0.003214  0.000000  0.000000  0.000000  1.000000  
160.095381 0.006448  -0.009248  -0.004960  0.561901  0.656180  0.503681  -0.794869  0.596884  0.109146  -0.229020  -0.461690  0.856967  -0.002393  0.003790  0.003429  0.000000  0.000000  0.000000  1.000000  
160.096382 0.006446  -0.009241  -0.004955  0.561883  0.656144  0.503747  -0.794844  0.596934  0.109052  -0.229150  -0.461675  0.856940  -0.002400  0.003997  0.003404  0.000000  0.000000  0.000000  1.000000  
160.097628 0.006442  -0.009234  -0.004952  0.561883  0.656144  0.503747  -0.794844  0.596934  0.109052  -0.229150  -0.461675  0.856940  -0.002643  0.004287  0.003361  0.000000  0.000000  0.000000  1.000000  
160.098634 0.006439  -0.009227  -0.004949  0.562047  0.656022  0.503725  -0.794729  0.597069  0.109156  -0.229150  -0.461675  0.856940  -0.002725  0.004646  0.003311  0.000000  0.000000  0.000000  1.000000  
160.099878 0.006435  -0.009218  -0.004944  0.562047  0.656022  0.503725  -0.794729  0.597069  0.109156  -0.229150  -0.461675  0.856940  -0.002824  0.004923  0.003395  0.000000  0.000000  0.000000  1.000000  
160.100878 0.006433  -0.009211  -0.004939  0.562029  0.656047  0.503711  -0.794703  0.597133  0.108990  -0.229280  -0.461557  0.856969  -0.002797  0.005152  0.003606  0.000000  0.000000  0.000000  1.000000  
160.101878 0.006429  -0.009205  -0.004934  0.562193  0.655924  0.503689  -0.794588  0.597268  0.109094  -0.229280  -0.461557  0.856969  -0.002790  0.005272  0.003816  0.000000  0.000000  0.000000  1.000000  
160.103126 0.006426  -0.009198  -0.004926  0.562193  0.655924  0.503689  -0.794588  0.597268  0.109094  -0.229280  -0.461557  0.856969  -0.002825  0.005501  0.004214  0.000000  0.000000  0.000000  1.000000  
160.104134 0.006422  -0.009192  -0.004918  0.562193  0.655924  0.503689  -0.794588  0.597268  0.109094  -0.229280  -0.461557  0.856969  -0.002895  0.005702  0.004534  0.000000  0.000000  0.000000  1.000000  
160.105382 0.006419  -0.009183  -0.004910  0.562357  0.655801  0.503667  -0.794472  0.597403  0.109198  -0.229280  -0.461557  0.856969  -0.002903  0.005974  0.004861  0.000000  0.000000  0.000000  1.000000  
160.106633 0.006415  -0.009175  -0.004904  0.562339  0.655765  0.503733  -0.794447  0.597453  0.109104  -0.229410  -0.461542  0.856942  -0.002892  0.006275  0.005046  0.000000  0.000000  0.000000  1.000000  
160.107879 0.006412  -0.009166  -0.004897  0.562502  0.655642  0.503710  -0.794331  0.597588  0.109208  -0.229410  -0.461542  0.856942  -0.002826  0.006406  0.005057  0.000000  0.000000  0.000000  1.000000  
160.108880 0.006410  -0.009159  -0.004893  0.562502  0.655642  0.503710  -0.794331  0.597588  0.109208  -0.229410  -0.461542  0.856942  -0.002837  0.006551  0.005006  0.000000  0.000000  0.000000  1.000000  
160.109884 0.006407  -0.009152  -0.004890  0.562648  0.655484  0.503754  -0.794190  0.597774  0.109218  -0.229540  -0.461528  0.856915  -0.002855  0.006635  0.004820  0.000000  0.000000  0.000000  1.000000  
160.111131 0.006403  -0.009143  -0.004885  0.562812  0.655422  0.503652  -0.794074  0.597922  0.109249  -0.229540  -0.461424  0.856971  -0.002899  0.006692  0.004773  0.000000  0.000000  0.000000  1.000000  
160.112134 0.006399  -0.009135  -0.004884  0.562794  0.655386  0.503718  -0.794049  0.597972  0.109155  -0.229671  -0.461409  0.856944  -0.002998  0.006742  0.004596  0.000000  0.000000  0.000000  1.000000  
160.113380 0.006393  -0.009127  -0.004880  0.562940  0.655227  0.503762  -0.793908  0.598157  0.109166  -0.229801  -0.461395  0.856917  -0.003131  0.006739  0.004697  0.000000  0.000000  0.000000  1.000000  
160.114626 0.006388  -0.009119  -0.004873  0.563085  0.655129  0.503727  -0.793767  0.598356  0.109103  -0.229931  -0.461276  0.856946  -0.003232  0.006723  0.004806  0.000000  0.000000  0.000000  1.000000  
160.115627 0.006383  -0.009112  -0.004868  0.563249  0.655006  0.503704  -0.793651  0.598491  0.109207  -0.229931  -0.461276  0.856946  -0.003311  0.006740  0.004886  0.000000  0.000000  0.000000  1.000000  
160.116627 0.006377  -0.009106  -0.004862  0.563394  0.654847  0.503748  -0.793510  0.598676  0.109217  -0.230061  -0.461262  0.856919  -0.003537  0.006706  0.004893  0.000000  0.000000  0.000000  1.000000  
160.117630 0.006372  -0.009099  -0.004855  0.563540  0.654749  0.503713  -0.793369  0.598874  0.109155  -0.230192  -0.461143  0.856947  -0.003629  0.006805  0.004894  0.000000  0.000000  0.000000  1.000000  
160.118879 0.006366  -0.009091  -0.004849  0.563685  0.654651  0.503677  -0.793228  0.599073  0.109092  -0.230322  -0.461025  0.856976  -0.003779  0.006841  0.004687  0.000000  0.000000  0.000000  1.000000  
160.120133 0.006361  -0.009083  -0.004845  0.563976  0.654394  0.503686  -0.792946  0.599456  0.109040  -0.230582  -0.460891  0.856978  -0.003912  0.006790  0.004395  0.000000  0.000000  0.000000  1.000000  
160.121379 0.006357  -0.009074  -0.004841  0.564121  0.654235  0.503730  -0.792804  0.599641  0.109050  -0.230712  -0.460877  0.856951  -0.003971  0.006814  0.004274  0.000000  0.000000  0.000000  1.000000  
160.122386 0.006353  -0.009066  -0.004837  0.564267  0.654137  0.503694  -0.792663  0.599839  0.108988  -0.230842  -0.460758  0.856979  -0.004022  0.006916  0.004130  0.000000  0.000000  0.000000  1.000000  
160.123632 0.006347  -0.009057  -0.004832  0.564557  0.653879  0.503703  -0.792380  0.600222  0.108936  -0.231103  -0.460625  0.856981  -0.004252  0.006898  0.004137  0.000000  0.000000  0.000000  1.000000  
160.124880 0.006342  -0.009048  -0.004826  0.564847  0.653622  0.503712  -0.792098  0.600605  0.108883  -0.231363  -0.460492  0.856982  -0.004288  0.006896  0.004283  0.000000  0.000000  0.000000  1.000000  
160.125882 0.006338  -0.009042  -0.004821  0.565137  0.653364  0.503721  -0.791814  0.600987  0.108831  -0.231624  -0.460358  0.856983  -0.004399  0.006851  0.004380  0.000000  0.000000  0.000000  1.000000  
160.127128 0.006332  -0.009034  -0.004815  0.565409  0.653131  0.503718  -0.791506  0.601433  0.108613  -0.232014  -0.460107  0.857013  -0.004483  0.006770  0.004629  0.000000  0.000000  0.000000  1.000000  
160.128133 0.006326  -0.009027  -0.004810  0.565536  0.652997  0.503750  -0.791339  0.601681  0.108457  -0.232274  -0.459973  0.857014  -0.004528  0.006782  0.004729  0.000000  0.000000  0.000000  1.000000  
160.129376 0.006320  -0.009020  -0.004805  0.565952  0.652543  0.503870  -0.790888  0.602297  0.108322  -0.232795  -0.459810  0.856960  -0.004612  0.006711  0.004656  -0.013810  -0.024621  -0.217924  1.000000  
160.130626 0.006314  -0.009011  -0.004799  0.566205  0.652274  0.503935  -0.790554  0.602792  0.108011  -0.233315  -0.459544  0.856962  -0.004580  0.006744  0.004576  -0.014618  -0.030133  -0.236003  1.000000  
160.131876 0.006309  -0.009003  -0.004796  0.566458  0.651944  0.504078  -0.790219  0.603273  0.107772  -0.233836  -0.459381  0.856907  -0.004472  0.006765  0.004259  -0.017022  -0.042710  -0.250326  1.000000  
160.133126 0.006305  -0.008994  -0.004793  0.566710  0.651674  0.504143  -0.789884  0.603768  0.107461  -0.234356  -0.459113  0.856908  -0.004312  0.006796  0.003965  -0.022056  -0.052581  -0.272777  1.000000  
160.134129 0.006301  -0.008987  -0.004791  0.566981  0.651440  0.504141  -0.789574  0.604212  0.107242  -0.234746  -0.458861  0.856937  -0.004263  0.006784  0.003760  -0.026735  -0.057658  -0.288615  1.000000  
160.135376 0.006297  -0.008978  -0.004788  0.567395  0.651046  0.504185  -0.789122  0.604839  0.107034  -0.235266  -0.458594  0.856937  -0.004216  0.006895  0.003726  -0.031574  -0.067107  -0.308808  1.000000  
160.136380 0.006294  -0.008970  -0.004784  0.567664  0.650751  0.504263  -0.788811  0.605270  0.106889  -0.235656  -0.458445  0.856909  -0.004180  0.006965  0.003763  -0.032374  -0.072597  -0.326838  1.000000  
160.137386 0.006291  -0.008962  -0.004779  0.567934  0.650516  0.504262  -0.788501  0.605713  0.106671  -0.236047  -0.458193  0.856937  -0.004057  0.006957  0.003912  -0.039112  -0.077979  -0.339662  1.000000  
160.138391 0.006287  -0.008954  -0.004772  0.568041  0.650406  0.504283  -0.788307  0.606022  0.106349  -0.236437  -0.457940  0.856965  -0.004038  0.007000  0.004045  -0.045593  -0.086718  -0.351891  1.000000  
160.139399 0.006284  -0.008946  -0.004766  0.568310  0.650172  0.504283  -0.787996  0.606464  0.106130  -0.236827  -0.457688  0.856992  -0.003984  0.007072  0.004094  -0.051769  -0.094907  -0.362013  1.000000  
160.140634 0.006279  -0.008935  -0.004760  0.568722  0.649837  0.504249  -0.787542  0.607103  0.105849  -0.237347  -0.457316  0.857047  -0.003968  0.007191  0.004098  -0.060995  -0.101102  -0.382446  1.000000  
160.141882 0.006274  -0.008925  -0.004755  0.568972  0.649627  0.504238  -0.787205  0.607607  0.105464  -0.237866  -0.456944  0.857101  -0.003911  0.007398  0.004044  -0.065832  -0.106767  -0.400722  1.000000  
160.143130 0.006268  -0.008913  -0.004751  0.569364  0.649195  0.504351  -0.786724  0.608281  0.105163  -0.238516  -0.456661  0.857071  -0.003883  0.007583  0.003928  -0.070034  -0.115363  -0.417525  1.000000  
160.144137 0.006264  -0.008905  -0.004748  0.569613  0.648985  0.504341  -0.786386  0.608785  0.104778  -0.239036  -0.456289  0.857124  -0.003780  0.007795  0.003880  -0.077040  -0.129079  -0.435236  1.000000  
160.145378 0.006259  -0.008893  -0.004744  0.570005  0.648613  0.504377  -0.785904  0.609471  0.104403  -0.239685  -0.455902  0.857149  -0.003760  0.007980  0.003749  -0.085915  -0.138727  -0.455668  1.000000  
160.146626 0.006253  -0.008882  -0.004740  0.570415  0.648277  0.504346  -0.785448  0.610106  0.104122  -0.240205  -0.455530  0.857201  -0.003784  0.008207  0.003777  -0.093996  -0.143183  -0.469929  1.000000  
160.147626 0.006249  -0.008872  -0.004737  0.570662  0.648066  0.504337  -0.785109  0.610608  0.103736  -0.240724  -0.455158  0.857253  -0.003840  0.008399  0.003886  -0.100360  -0.151980  -0.482104  1.000000  
160.148876 0.006244  -0.008859  -0.004733  0.571033  0.647657  0.504442  -0.784600  0.611341  0.103269  -0.241504  -0.454755  0.857248  -0.003926  0.008694  0.003971  -0.105039  -0.165496  -0.504288  1.000000  
160.150130 0.006239  -0.008848  -0.004728  0.571403  0.647309  0.504469  -0.784090  0.612086  0.102727  -0.242283  -0.454248  0.857297  -0.003934  0.008831  0.004076  -0.115350  -0.178268  -0.518477  1.000000  
160.151377 0.006234  -0.008835  -0.004722  0.571792  0.646935  0.504508  -0.783606  0.612769  0.102353  -0.242932  -0.453860  0.857319  -0.004018  0.008978  0.004121  -0.124077  -0.187839  -0.538568  1.000000  
160.152626 0.006229  -0.008823  -0.004717  0.572341  0.646557  0.504370  -0.783004  0.613608  0.101933  -0.243580  -0.453264  0.857450  -0.004108  0.009146  0.003992  -0.136809  -0.193585  -0.556507  1.000000  
160.153877 0.006224  -0.008810  -0.004712  0.572889  0.646118  0.504312  -0.782400  0.614434  0.101587  -0.244229  -0.452772  0.857525  -0.004186  0.009302  0.003813  -0.145493  -0.199323  -0.574487  1.000000  
160.154895 0.006219  -0.008800  -0.004709  0.573295  0.645839  0.504207  -0.781941  0.615078  0.101230  -0.244748  -0.452295  0.857629  -0.004270  0.009475  0.003607  -0.155409  -0.202718  -0.595023  1.000000  
160.156135 0.006212  -0.008787  -0.004708  0.573802  0.645388  0.504208  -0.781283  0.616012  0.100624  -0.245656  -0.451668  0.857700  -0.004333  0.009617  0.003371  -0.165744  -0.219717  -0.611436  1.000000  
160.157144 0.006207  -0.008776  -0.004705  0.574329  0.644910  0.504220  -0.780652  0.616884  0.100186  -0.246434  -0.451159  0.857744  -0.004364  0.009771  0.003295  -0.172732  -0.226301  -0.637405  1.000000  
160.158383 0.006200  -0.008763  -0.004700  0.574834  0.644457  0.504223  -0.779992  0.617816  0.099580  -0.247342  -0.450532  0.857813  -0.004484  0.009916  0.003322  -0.185440  -0.232263  -0.655659  1.000000  
160.159631 0.006194  -0.008748  -0.004695  0.575518  0.643912  0.504139  -0.779240  0.618830  0.099169  -0.248120  -0.449919  0.857910  -0.004523  0.010138  0.003325  -0.194055  -0.238196  -0.673681  1.000000  
160.160637 0.006187  -0.008737  -0.004690  0.576041  0.643493  0.504076  -0.778606  0.619710  0.098655  -0.248897  -0.449306  0.858006  -0.004694  0.010272  0.003487  -0.206644  -0.240072  -0.689415  1.000000  
160.161877 0.006180  -0.008723  -0.004684  0.576844  0.642869  0.503955  -0.777679  0.620974  0.098013  -0.249934  -0.448454  0.858151  -0.004837  0.010429  0.003655  -0.218354  -0.240801  -0.727607  1.000000  
160.163126 0.006172  -0.008708  -0.004679  0.577644  0.642243  0.503837  -0.776751  0.622236  0.097370  -0.250970  -0.447601  0.858293  -0.005014  0.010598  0.003733  -0.233254  -0.247721  -0.753532  1.000000  
160.164128 0.006166  -0.008696  -0.004674  0.578282  0.641683  0.503818  -0.775940  0.623351  0.096698  -0.252006  -0.446852  0.858380  -0.005162  0.010777  0.003824  -0.244498  -0.257268  -0.783172  1.000000  
160.165131 0.006160  -0.008684  -0.004670  0.578939  0.641096  0.503811  -0.775155  0.624405  0.096194  -0.252912  -0.446222  0.858441  -0.005289  0.010917  0.003775  -0.254930  -0.265435  -0.807558  1.000000  
160.166376 0.006152  -0.008669  -0.004666  0.579693  0.640456  0.503759  -0.774167  0.625767  0.095290  -0.254207  -0.445233  0.858573  -0.005428  0.011048  0.003746  -0.273948  -0.279016  -0.838908  1.000000  
160.167632 0.006143  -0.008656  -0.004663  0.580603  0.639685  0.503690  -0.773059  0.627258  0.094489  -0.255500  -0.444243  0.858701  -0.005734  0.011135  0.003573  -0.289160  -0.293294  -0.881675  1.000000  
160.168875 0.006135  -0.008641  -0.004661  0.581351  0.639041  0.503644  -0.772067  0.628613  0.093583  -0.256794  -0.443252  0.858828  -0.005934  0.011277  0.003420  -0.302150  -0.303789  -0.918481  1.000000  
160.169875 0.006127  -0.008630  -0.004659  0.581959  0.638500  0.503628  -0.771221  0.629776  0.092742  -0.257957  -0.442381  0.858928  -0.006131  0.011367  0.003377  -0.316634  -0.314793  -0.946058  1.000000  
160.171126 0.006118  -0.008615  -0.004655  0.582840  0.637749  0.503561  -0.770078  0.631315  0.091770  -0.259379  -0.441269  0.859072  -0.006313  0.011492  0.003511  -0.333368  -0.330881  -0.983688  1.000000  
160.172148 0.006110  -0.008603  -0.004651  0.583443  0.637266  0.503473  -0.769228  0.632483  0.090851  -0.260542  -0.440292  0.859221  -0.006493  0.011556  0.003592  -0.351884  -0.345993  -1.013333  1.000000  
160.173383 0.006098  -0.008589  -0.004645  0.584455  0.636407  0.503387  -0.767932  0.634203  0.089813  -0.262092  -0.439059  0.859381  -0.006806  0.011631  0.003711  -0.369649  -0.358217  -1.063277  1.000000  
160.174384 0.006089  -0.008576  -0.004641  0.585190  0.635755  0.503356  -0.766930  0.635542  0.088904  -0.263383  -0.438065  0.859493  -0.007081  0.011663  0.003718  -0.386444  -0.370524  -1.099188  1.000000  
160.175632 0.006077  -0.008561  -0.004635  0.586037  0.635084  0.503219  -0.765749  0.637134  0.087684  -0.264931  -0.436726  0.859699  -0.007340  0.011750  0.003617  -0.411094  -0.387089  -1.136791  1.000000  
160.176876 0.006065  -0.008544  -0.004630  0.586880  0.634349  0.503163  -0.764566  0.638710  0.086540  -0.266479  -0.435490  0.859847  -0.007638  0.011876  0.003599  -0.427784  -0.407898  -1.176983  1.000000  
160.177880 0.006055  -0.008532  -0.004628  0.587763  0.633622  0.503048  -0.763436  0.640179  0.085655  -0.267768  -0.434390  0.860003  -0.007901  0.011957  0.003501  -0.446565  -0.413280  -1.216328  1.000000  
160.179127 0.006042  -0.008515  -0.004624  0.588577  0.632909  0.502994  -0.762218  0.641802  0.084339  -0.269444  -0.433032  0.860165  -0.008240  0.012076  0.003380  -0.466904  -0.430218  -1.253960  1.000000  
160.180131 0.006032  -0.008502  -0.004619  0.589454  0.632178  0.502887  -0.761084  0.643263  0.083452  -0.270732  -0.431930  0.860314  -0.008573  0.012108  0.003415  -0.483437  -0.442984  -1.289699  1.000000  
160.181377 0.006018  -0.008487  -0.004615  0.590394  0.631354  0.502819  -0.759710  0.645062  0.082069  -0.272535  -0.430450  0.860487  -0.009017  0.012171  0.003453  -0.509920  -0.464915  -1.337056  1.000000  
160.182377 0.006006  -0.008474  -0.004611  0.591085  0.630716  0.502807  -0.758663  0.646430  0.080986  -0.273951  -0.429331  0.860596  -0.009307  0.012284  0.003542  -0.523973  -0.484950  -1.368753  1.000000  
160.183627 0.005992  -0.008459  -0.004606  0.591994  0.629914  0.502744  -0.757254  0.648273  0.079432  -0.275880  -0.427728  0.860778  -0.009649  0.012353  0.003654  -0.552151  -0.514384  -1.412314  1.000000  
160.184637 0.005979  -0.008446  -0.004601  0.592834  0.629201  0.502648  -0.756079  0.649771  0.078371  -0.277295  -0.426503  0.860932  -0.010003  0.012430  0.003903  -0.568508  -0.531716  -1.450158  1.000000  
160.185877 0.005964  -0.008431  -0.004595  0.593756  0.628429  0.502525  -0.754692  0.651556  0.076904  -0.279094  -0.424914  0.861136  -0.010447  0.012443  0.004050  -0.589970  -0.549773  -1.485316  1.000000  
160.186879 0.005951  -0.008419  -0.004590  0.594409  0.627811  0.502524  -0.753606  0.652959  0.075648  -0.280635  -0.423671  0.861247  -0.010666  0.012529  0.004153  -0.609087  -0.568824  -1.507907  1.000000  
160.188130 0.005935  -0.008404  -0.004585  0.595454  0.626866  0.502468  -0.752060  0.654906  0.074191  -0.282561  -0.422064  0.861407  -0.011047  0.012485  0.004136  -0.630617  -0.583496  -1.550420  1.000000  
160.189135 0.005921  -0.008392  -0.004582  0.596099  0.626245  0.502476  -0.750967  0.656299  0.072933  -0.284101  -0.420819  0.861509  -0.011374  0.012451  0.003994  -0.652916  -0.610881  -1.580295  1.000000  
160.190379 0.005904  -0.008377  -0.004578  0.597133  0.625295  0.502432  -0.749414  0.658232  0.071474  -0.286025  -0.419209  0.861657  -0.011706  0.012483  0.003970  -0.672679  -0.633291  -1.619966  1.000000  
160.191385 0.005891  -0.008364  -0.004575  0.597925  0.624657  0.502283  -0.748193  0.659761  0.070157  -0.287563  -0.417754  0.861852  -0.012079  0.012559  0.003873  -0.695684  -0.652852  -1.642047  1.000000  
160.192634 0.005872  -0.008349  -0.004571  0.598794  0.623838  0.502266  -0.746756  0.661552  0.068592  -0.289484  -0.416143  0.861988  -0.012412  0.012399  0.003813  -0.714611  -0.677237  -1.666900  1.000000  
160.193744 0.005857  -0.008338  -0.004566  0.599602  0.623232  0.502055  -0.745559  0.663026  0.067363  -0.290893  -0.414702  0.862208  -0.012649  0.012117  0.003944  -0.731101  -0.682825  -1.677552  1.000000  
160.194882 0.005838  -0.008322  -0.004560  0.600437  0.622496  0.501970  -0.744084  0.664863  0.065544  -0.292940  -0.412863  0.862398  -0.013155  0.012187  0.004012  -0.760794  -0.710227  -1.708706  1.000000  
160.195884 0.005822  -0.008311  -0.004554  0.601187  0.621817  0.501914  -0.742821  0.666411  0.064132  -0.294603  -0.411387  0.862537  -0.013444  0.012098  0.004177  -0.775443  -0.726397  -1.728889  1.000000  
160.197134 0.005802  -0.008297  -0.004546  0.602011  0.621139  0.501767  -0.741339  0.668240  0.062229  -0.296648  -0.409441  0.862762  -0.013868  0.012021  0.004400  -0.802103  -0.747454  -1.751227  1.000000  
160.198137 0.005785  -0.008286  -0.004540  0.602752  0.620456  0.501721  -0.740069  0.669776  0.060813  -0.298309  -0.407964  0.862889  -0.014192  0.011906  0.004486  -0.822806  -0.766711  -1.765710  1.000000  
160.199382 0.005764  -0.008272  -0.004532  0.603716  0.619697  0.501500  -0.738455  0.671723  0.058928  -0.300351  -0.405911  0.863148  -0.014616  0.011826  0.004660  -0.851600  -0.781182  -1.792137  1.000000  
160.200390 0.005747  -0.008262  -0.004526  0.604448  0.619072  0.501391  -0.737179  0.673253  0.057429  -0.302010  -0.404327  0.863313  -0.014898  0.011667  0.004795  -0.870136  -0.797672  -1.812036  1.000000  
160.201635 0.005726  -0.008248  -0.004518  0.605374  0.618274  0.501257  -0.735526  0.675224  0.055450  -0.304178  -0.402255  0.863520  -0.015292  0.011629  0.004953  -0.892311  -0.818375  -1.830794  1.000000  
160.202635 0.005708  -0.008238  -0.004512  0.606122  0.617681  0.501086  -0.734275  0.676698  0.054036  -0.305707  -0.400687  0.863709  -0.015552  0.011509  0.004996  -0.909279  -0.827469  -1.843079  1.000000  
160.203887 0.005685  -0.008225  -0.004505  0.607063  0.616913  0.500893  -0.732645  0.678611  0.052142  -0.307744  -0.398630  0.863937  -0.016003  0.011326  0.005221  -0.931389  -0.841151  -1.860792  1.000000  
160.204894 0.005667  -0.008215  -0.004498  0.607925  0.616202  0.500721  -0.731231  0.680246  0.050657  -0.309399  -0.396938  0.864125  -0.016323  0.011140  0.005437  -0.950113  -0.850491  -1.877451  1.000000  
160.206131 0.005643  -0.008203  -0.004489  0.608853  0.615430  0.500543  -0.729593  0.682141  0.048758  -0.311434  -0.394879  0.864337  -0.016765  0.010931  0.005787  -0.966302  -0.862176  -1.889239  1.000000  
160.207139 0.005622  -0.008195  -0.004481  0.609679  0.614682  0.500458  -0.728141  0.683801  0.047180  -0.313213  -0.393169  0.864474  -0.017186  0.010725  0.006110  -0.981873  -0.877464  -1.912174  1.000000  
160.208141 0.005602  -0.008185  -0.004472  0.610498  0.613993  0.500305  -0.726686  0.685461  0.045518  -0.314992  -0.391353  0.864652  -0.017546  0.010516  0.006395  -1.006108  -0.893686  -1.923891  1.000000  
160.209382 0.005576  -0.008174  -0.004462  0.611502  0.613066  0.500215  -0.724845  0.687540  0.043456  -0.317276  -0.389152  0.864810  -0.018023  0.010279  0.006762  -1.021806  -0.909457  -1.949373  1.000000  
160.210385 0.005554  -0.008165  -0.004453  0.612338  0.612467  0.499926  -0.723415  0.689147  0.041794  -0.318925  -0.387246  0.865059  -0.018440  0.010076  0.006974  -1.046077  -0.921956  -1.958978  1.000000  
160.211633 0.005527  -0.008155  -0.004442  0.613503  0.611488  0.499697  -0.721472  0.691297  0.039835  -0.321080  -0.384956  0.865284  -0.018852  0.009833  0.007163  -1.065661  -0.929828  -1.980296  1.000000  
160.212634 0.005504  -0.008147  -0.004433  0.614447  0.610708  0.499490  -0.719875  0.693053  0.038183  -0.322854  -0.383032  0.865478  -0.019313  0.009621  0.007337  -1.085479  -0.932797  -1.999825  1.000000  
160.213887 0.005476  -0.008136  -0.004422  0.615568  0.609750  0.499280  -0.717889  0.695223  0.036046  -0.325132  -0.380617  0.865690  -0.019751  0.009432  0.007557  -1.106809  -0.947901  -2.016683  1.000000  
160.215135 0.005448  -0.008126  -0.004410  0.616560  0.608965  0.499014  -0.716058  0.697217  0.033891  -0.327283  -0.378219  0.865931  -0.020290  0.009206  0.007838  -1.128138  -0.958960  -2.031514  1.000000  
160.216140 0.005424  -0.008118  -0.004399  0.617484  0.608179  0.498831  -0.714450  0.698944  0.032232  -0.329052  -0.376293  0.866100  -0.020703  0.008993  0.008160  -1.143692  -0.962286  -2.050886  1.000000  
160.217389 0.005394  -0.008109  -0.004386  0.618490  0.607422  0.498506  -0.712643  0.700878  0.030159  -0.331073  -0.373910  0.866361  -0.021279  0.008745  0.008571  -1.164931  -0.969339  -2.063638  1.000000  
160.218633 0.005364  -0.008099  -0.004371  0.619606  0.606545  0.498188  -0.710671  0.702966  0.028013  -0.333218  -0.371405  0.866617  -0.021763  0.008590  0.009063  -1.189069  -0.971478  -2.076348  1.000000  
160.219882 0.005333  -0.008089  -0.004356  0.620829  0.605548  0.497878  -0.708533  0.705206  0.025792  -0.335488  -0.368776  0.866864  -0.022302  0.008429  0.009435  -1.219479  -0.979189  -2.102133  1.000000  
160.221132 0.005300  -0.008080  -0.004342  0.621897  0.604753  0.497512  -0.706517  0.707310  0.023380  -0.337756  -0.366040  0.867142  -0.022932  0.008191  0.009854  -1.242199  -0.989471  -2.116502  1.000000  
160.222143 0.005273  -0.008072  -0.004330  0.622815  0.604107  0.497148  -0.704922  0.708955  0.021624  -0.339392  -0.363918  0.867396  -0.023403  0.008114  0.010097  -1.265407  -0.993591  -2.126659  1.000000  
160.223384 0.005238  -0.008063  -0.004315  0.624010  0.603221  0.496726  -0.702768  0.711160  0.019221  -0.341657  -0.361077  0.867695  -0.024003  0.008005  0.010378  -1.292022  -1.003155  -2.155409  1.000000  
160.224386 0.005209  -0.008056  -0.004304  0.624884  0.602598  0.496383  -0.701131  0.712823  0.017285  -0.343417  -0.358831  0.867932  -0.024509  0.007841  0.010550  -1.316784  -1.008851  -2.168033  1.000000  
160.225635 0.005174  -0.008046  -0.004291  0.626204  0.601438  0.496126  -0.698838  0.715119  0.015149  -0.345678  -0.356199  0.868118  -0.025063  0.007779  0.010669  -1.326781  -1.006601  -2.196218  1.000000  
160.226661 0.005145  -0.008038  -0.004279  0.627064  0.600810  0.495801  -0.697194  0.716760  0.013208  -0.347435  -0.353952  0.868336  -0.025488  0.007743  0.010872  -1.349672  -1.010844  -2.205772  1.000000  
160.227886 0.005108  -0.008029  -0.004265  0.628253  0.599942  0.495346  -0.695055  0.718874  0.010876  -0.349567  -0.351125  0.868628  -0.026176  0.007664  0.011115  -1.371007  -1.011238  -2.230075  1.000000  
160.229135 0.005070  -0.008019  -0.004248  0.629463  0.599102  0.494826  -0.692945  0.720939  0.008625  -0.351572  -0.348316  0.868950  -0.026795  0.007666  0.011449  -1.389159  -1.009354  -2.244296  1.000000  
160.230136 0.005040  -0.008011  -0.004236  0.630476  0.598350  0.494447  -0.691195  0.722636  0.006862  -0.353199  -0.346086  0.869181  -0.027277  0.007664  0.011564  -1.404230  -1.006527  -2.259920  1.000000  
160.231383 0.005001  -0.008001  -0.004220  0.631746  0.597291  0.494105  -0.688876  0.724865  0.004533  -0.355452  -0.343241  0.869391  -0.027914  0.007687  0.011793  -1.419854  -1.008682  -2.282143  1.000000  
160.232384 0.004968  -0.007992  -0.004206  0.632570  0.596712  0.493752  -0.687214  0.726451  0.002488  -0.357202  -0.340887  0.869599  -0.028421  0.007757  0.011963  -1.436447  -1.012786  -2.292681  1.000000  
160.233634 0.004928  -0.007982  -0.004189  0.633604  0.596068  0.493203  -0.685216  0.728340  0.000031  -0.359201  -0.337971  0.869914  -0.029167  0.007797  0.012110  -1.464964  -1.015809  -2.302719  1.000000  
160.234637 0.004894  -0.007973  -0.004176  0.634446  0.595575  0.492716  -0.683582  0.729871  -0.002023  -0.360823  -0.335528  0.870188  -0.029695  0.007847  0.012226  -1.488420  -1.018739  -2.305971  1.000000  
160.235903 0.004852  -0.007962  -0.004159  0.635712  0.594714  0.492124  -0.681280  0.732009  -0.004548  -0.362944  -0.332383  0.870513  -0.030300  0.008008  0.012385  -1.514490  -1.018458  -2.325435  1.000000  
160.237138 0.004808  -0.007950  -0.004142  0.636720  0.594181  0.491464  -0.679270  0.733853  -0.007196  -0.364938  -0.329255  0.870868  -0.030951  0.008175  0.012540  -1.545035  -1.017727  -2.325410  1.000000  
160.238401 0.004764  -0.007938  -0.004125  0.637999  0.593342  0.490819  -0.676994  0.735926  -0.009647  -0.366930  -0.326126  0.871208  -0.031610  0.008385  0.012679  -1.571796  -1.013930  -2.339452  1.000000  
160.239635 0.004719  -0.007925  -0.004107  0.639127  0.592651  0.490185  -0.674843  0.737860  -0.012204  -0.368921  -0.322998  0.871533  -0.032289  0.008630  0.012895  -1.595463  -1.008477  -2.343861  1.000000  
160.240889 0.004674  -0.007911  -0.004089  0.640281  0.592045  0.489411  -0.672725  0.739745  -0.014772  -0.370785  -0.319780  0.871928  -0.032931  0.008865  0.013280  -1.619671  -1.002738  -2.348586  1.000000  
160.242136 0.004627  -0.007897  -0.004071  0.641598  0.591253  0.488644  -0.670506  0.741708  -0.017071  -0.372524  -0.316685  0.872316  -0.033573  0.009175  0.013530  -1.643508  -0.988216  -2.349625  1.000000  
160.243137 0.004590  -0.007886  -0.004054  0.642389  0.590801  0.488150  -0.668847  0.743151  -0.019243  -0.374138  -0.314136  0.872548  -0.034253  0.009498  0.013881  -1.664460  -0.989767  -2.344217  1.000000  
160.244383 0.004543  -0.007872  -0.004035  0.643654  0.590090  0.487343  -0.666584  0.745110  -0.021817  -0.375998  -0.310813  0.872938  -0.034704  0.009747  0.014032  -1.692636  -0.984265  -2.348986  1.000000  
160.245384 0.004506  -0.007859  -0.004020  0.644604  0.589509  0.486791  -0.664824  0.746621  -0.023812  -0.377486  -0.308281  0.873194  -0.035175  0.010002  0.014252  -1.711402  -0.979325  -2.348225  1.000000  
160.246633 0.004457  -0.007844  -0.004000  0.645987  0.588636  0.486013  -0.662419  0.748672  -0.026297  -0.379343  -0.304957  0.873556  -0.035777  0.010399  0.014424  -1.734519  -0.973246  -2.366532  1.000000  
160.247883 0.004408  -0.007828  -0.003980  0.647259  0.587940  0.485162  -0.660179  0.750555  -0.028804  -0.381076  -0.301650  0.873950  -0.036331  0.010746  0.014594  -1.757081  -0.960516  -2.373088  1.000000  
160.249134 0.004358  -0.007812  -0.003960  0.648386  0.587454  0.484245  -0.658069  0.752298  -0.031509  -0.382807  -0.298237  0.874365  -0.036924  0.011061  0.014810  -1.788542  -0.952448  -2.364551  1.000000  
160.250422 0.004307  -0.007795  -0.003940  0.649639  0.586867  0.483277  -0.655820  0.754141  -0.034212  -0.384537  -0.294717  0.874799  -0.037376  0.011453  0.015049  -1.809775  -0.938099  -2.362553  1.000000  
160.251634 0.004256  -0.007778  -0.003918  0.650784  0.586458  0.482231  -0.653739  0.755818  -0.036938  -0.386142  -0.291214  0.875265  -0.038089  0.011818  0.015396  -1.841963  -0.930615  -2.353277  1.000000  
160.252635 0.004214  -0.007764  -0.003900  0.651763  0.586146  0.481288  -0.652031  0.757180  -0.039162  -0.387376  -0.288291  0.875687  -0.038488  0.012065  0.015741  -1.864167  -0.918568  -2.351194  1.000000  
160.253886 0.004161  -0.007746  -0.003877  0.652856  0.585701  0.480346  -0.649906  0.758854  -0.041983  -0.389102  -0.284771  0.876074  -0.039031  0.012470  0.016091  -1.888553  -0.914002  -2.339473  1.000000  
160.254897 0.004118  -0.007731  -0.003858  0.653860  0.585351  0.479408  -0.648230  0.760169  -0.044042  -0.390211  -0.281969  0.876486  -0.039520  0.012755  0.016410  -1.917432  -0.894865  -2.328103  1.000000  
160.256134 0.004065  -0.007711  -0.003833  0.655108  0.584768  0.478414  -0.646001  0.761907  -0.046694  -0.391812  -0.278466  0.876892  -0.039995  0.013194  0.016822  -1.937917  -0.882235  -2.330683  1.000000  
160.257191 0.004021  -0.007695  -0.003814  0.656062  0.584499  0.477434  -0.644283  0.763214  -0.049031  -0.393043  -0.275435  0.877299  -0.040314  0.013477  0.017048  -1.967725  -0.870377  -2.316525  1.000000  
160.258386 0.003966  -0.007675  -0.003789  0.657162  0.584123  0.476381  -0.642181  0.764795  -0.051886  -0.394641  -0.271825  0.877707  -0.041092  0.013944  0.017497  -2.002044  -0.868258  -2.321966  1.000000  
160.259635 0.003909  -0.007655  -0.003763  0.658385  0.583700  0.475209  -0.639941  0.766465  -0.054836  -0.396239  -0.268002  0.878162  -0.041708  0.014218  0.017908  -2.033346  -0.859517  -2.301581  1.000000  
160.260635 0.003863  -0.007638  -0.003743  0.659358  0.583388  0.474243  -0.638252  0.767714  -0.057014  -0.397344  -0.265094  0.878546  -0.042239  0.014551  0.018249  -2.058912  -0.844924  -2.290643  1.000000  
160.261888 0.003805  -0.007617  -0.003717  0.660734  0.582822  0.473022  -0.635905  0.769447  -0.059799  -0.398817  -0.261286  0.879019  -0.042854  0.014976  0.018673  -2.091009  -0.828120  -2.291299  1.000000  
160.263132 0.003745  -0.007595  -0.003689  0.661931  0.582383  0.471886  -0.633654  0.771066  -0.062770  -0.400412  -0.257463  0.879422  -0.043534  0.015312  0.019131  -2.116528  -0.820918  -2.292368  1.000000  
160.264383 0.003684  -0.007573  -0.003663  0.663288  0.581862  0.470622  -0.631300  0.772754  -0.065664  -0.401882  -0.253549  0.879888  -0.044274  0.015737  0.019595  -2.144099  -0.801541  -2.301518  1.000000  
160.265386 0.003636  -0.007555  -0.003641  0.664325  0.581406  0.469722  -0.629426  0.774085  -0.067943  -0.403107  -0.250519  0.880196  -0.044883  0.016017  0.019991  -2.158299  -0.793732  -2.299161  1.000000  
160.266632 0.003573  -0.007533  -0.003612  0.665536  0.581034  0.468468  -0.627201  0.775620  -0.070948  -0.404576  -0.246605  0.880627  -0.045522  0.016349  0.020393  -2.185151  -0.779739  -2.294413  1.000000  
160.267635 0.003522  -0.007515  -0.003589  0.666598  0.580707  0.467361  -0.625358  0.776883  -0.073346  -0.405677  -0.243376  0.881019  -0.046177  0.016658  0.020772  -2.211862  -0.767845  -2.291018  1.000000  
160.268886 0.003459  -0.007492  -0.003561  0.667921  0.580220  0.466075  -0.622989  0.778494  -0.076363  -0.407144  -0.239355  0.881444  -0.046844  0.016970  0.021055  -2.239565  -0.760259  -2.294590  1.000000  
160.270132 0.003395  -0.007467  -0.003531  0.669361  0.579567  0.464820  -0.620478  0.780205  -0.079293  -0.408610  -0.235335  0.881848  -0.047571  0.017315  0.021404  -2.257517  -0.748886  -2.300953  1.000000  
160.271133 0.003343  -0.007447  -0.003509  0.670570  0.579031  0.463744  -0.618526  0.781533  -0.081439  -0.409587  -0.232227  0.882218  -0.048135  0.017627  0.021638  -2.277408  -0.739304  -2.305211  1.000000  
160.272147 0.003290  -0.007427  -0.003485  0.671605  0.578685  0.462677  -0.616672  0.782741  -0.083861  -0.410685  -0.228999  0.882552  -0.048869  0.017884  0.021940  -2.302927  -0.729519  -2.305352  1.000000  
160.273156 0.003237  -0.007407  -0.003462  0.672761  0.578173  0.461636  -0.614677  0.784056  -0.086192  -0.411783  -0.225770  0.882872  -0.049307  0.018130  0.022175  -2.318611  -0.716109  -2.308343  1.000000  
160.274382 0.003170  -0.007382  -0.003432  0.674166  0.577609  0.460292  -0.612151  0.785678  -0.089341  -0.413245  -0.221537  0.883261  -0.049973  0.018442  0.022456  -2.344828  -0.710377  -2.317011  1.000000  
160.275631 0.003103  -0.007357  -0.003401  0.675685  0.576764  0.459122  -0.609482  0.787419  -0.092214  -0.414707  -0.217519  0.883574  -0.050685  0.018775  0.022750  -2.365534  -0.701632  -2.327200  1.000000  
160.276877 0.003035  -0.007330  -0.003371  0.677192  0.575968  0.457899  -0.606808  0.789128  -0.095190  -0.416167  -0.213395  0.883893  -0.051362  0.019125  0.023075  -2.386191  -0.697496  -2.338574  1.000000  
160.277880 0.002979  -0.007310  -0.003346  0.678481  0.575294  0.456837  -0.604696  0.790481  -0.097374  -0.417140  -0.210181  0.884205  -0.051878  0.019335  0.023323  -2.402227  -0.684554  -2.342330  1.000000  
160.279127 0.002910  -0.007283  -0.003316  0.680009  0.574561  0.455486  -0.602051  0.792123  -0.100384  -0.418477  -0.205964  0.884565  -0.052490  0.019696  0.023509  -2.420379  -0.674904  -2.358816  1.000000  
160.280137 0.002854  -0.007260  -0.003291  0.681239  0.574021  0.454328  -0.599895  0.793428  -0.102948  -0.419571  -0.202417  0.884866  -0.053015  0.020004  0.023692  -2.443955  -0.669050  -2.370848  1.000000  
160.281377 0.002783  -0.007233  -0.003261  0.682745  0.573219  0.453076  -0.597241  0.795043  -0.105878  -0.420906  -0.198308  0.885162  -0.053534  0.020293  0.023797  -2.447366  -0.664496  -2.388604  1.000000  
160.282377 0.002726  -0.007211  -0.003237  0.684124  0.572414  0.452014  -0.594974  0.796443  -0.108092  -0.421877  -0.194989  0.885437  -0.054004  0.020565  0.023851  -2.453698  -0.653200  -2.405842  1.000000  
160.283379 0.002669  -0.007187  -0.003212  0.685372  0.571767  0.450941  -0.592846  0.797712  -0.110405  -0.422847  -0.191670  0.885699  -0.054370  0.020868  0.023997  -2.458784  -0.648094  -2.418211  1.000000  
160.284380 0.002612  -0.007164  -0.003188  0.686612  0.571061  0.449947  -0.590714  0.798982  -0.112627  -0.423817  -0.188459  0.885925  -0.054793  0.021153  0.024075  -2.464129  -0.642872  -2.430996  1.000000  
160.285627 0.002540  -0.007135  -0.003157  0.688244  0.570198  0.448548  -0.587938  0.800602  -0.115610  -0.425029  -0.184150  0.886250  -0.055274  0.021445  0.024177  -2.483889  -0.634760  -2.449620  1.000000  
160.286627 0.002482  -0.007111  -0.003133  0.689468  0.569590  0.447439  -0.585799  0.801814  -0.118039  -0.425997  -0.180726  0.886490  -0.055901  0.021811  0.024344  -2.496714  -0.629922  -2.461928  1.000000  
160.287627 0.002424  -0.007087  -0.003109  0.690848  0.568829  0.446276  -0.583552  0.803115  -0.120305  -0.426844  -0.177313  0.886772  -0.055987  0.022007  0.024277  -2.497380  -0.619257  -2.477879  1.000000  
160.288634 0.002366  -0.007062  -0.003084  0.692264  0.568026  0.445102  -0.581338  0.804403  -0.122404  -0.427570  -0.174018  0.887075  -0.056354  0.022343  0.024467  -2.497173  -0.600610  -2.499188  1.000000  
160.289636 0.002308  -0.007038  -0.003059  0.693554  0.567383  0.443913  -0.579263  0.805561  -0.124601  -0.428296  -0.170724  0.887365  -0.056621  0.022644  0.024480  -2.502516  -0.587358  -2.510149  1.000000  
160.290636 0.002250  -0.007013  -0.003035  0.694837  0.566842  0.442596  -0.577185  0.806678  -0.127000  -0.429021  -0.167215  0.887682  -0.056871  0.022952  0.024417  -2.514258  -0.576031  -2.514477  1.000000  
160.291890 0.002178  -0.006981  -0.003003  0.696424  0.566100  0.441048  -0.574637  0.808050  -0.129796  -0.429867  -0.163049  0.888048  -0.057068  0.023295  0.024466  -2.518667  -0.560974  -2.523433  1.000000  
160.293135 0.002106  -0.006949  -0.002973  0.698046  0.565419  0.439355  -0.572121  0.809375  -0.132625  -0.430592  -0.158786  0.888469  -0.057389  0.023724  0.024458  -2.531174  -0.543443  -2.526454  1.000000  
