1-Time 2-Px 3-Py 4-Pz 5-R11 6-R21 7-R31 8-R12 9-R22 10-R32 11-R13 12-R23 13-R33 14-Vx 15-Vy 16-Vz 17-Wx 18-Wy 19-Wz 20-state
83.568023 0.006303  -0.003524  -0.011494  0.641663  0.733297  0.224817  -0.750196  0.661046  -0.014988  -0.159605  -0.159040  0.974286  -0.000070  -0.000108  -0.000548  0.000000  0.000000  0.000000  1.000000  
83.569244 0.006304  -0.003525  -0.011497  0.641663  0.733297  0.224817  -0.750196  0.661046  -0.014988  -0.159605  -0.159040  0.974286  0.000794  -0.000799  -0.003139  0.000000  0.000000  0.000000  1.000000  
83.570478 0.006302  -0.003526  -0.011492  0.641818  0.733161  0.224820  -0.750064  0.661196  -0.014942  -0.159605  -0.159040  0.974286  -0.000477  -0.000772  0.001216  0.000000  0.000000  0.000000  1.000000  
83.571723 0.006300  -0.003526  -0.011484  0.641818  0.733161  0.224820  -0.750064  0.661196  -0.014942  -0.159605  -0.159040  0.974286  -0.000755  -0.000592  0.003044  0.000000  0.000000  0.000000  1.000000  
83.572724 0.006299  -0.003526  -0.011480  0.641818  0.733161  0.224820  -0.750064  0.661196  -0.014942  -0.159605  -0.159040  0.974286  -0.000816  -0.000438  0.003162  0.000000  0.000000  0.000000  1.000000  
83.573974 0.006297  -0.003526  -0.011478  0.641972  0.733025  0.224824  -0.749932  0.661347  -0.014896  -0.159605  -0.159040  0.974286  -0.000996  -0.000297  0.002766  0.000000  0.000000  0.000000  1.000000  
83.575247 0.006294  -0.003526  -0.011477  0.641972  0.733052  0.224735  -0.749932  0.661346  -0.014976  -0.159605  -0.158922  0.974305  -0.001343  -0.000227  0.002513  0.000000  0.000000  0.000000  1.000000  
83.576474 0.006290  -0.003525  -0.011476  0.641972  0.733052  0.224735  -0.749932  0.661346  -0.014976  -0.159605  -0.158922  0.974305  -0.001541  -0.000118  0.002209  0.000000  0.000000  0.000000  1.000000  
83.577726 0.006288  -0.003524  -0.011474  0.641972  0.733025  0.224824  -0.749932  0.661347  -0.014896  -0.159605  -0.159040  0.974286  -0.001628  0.000003  0.002100  0.000000  0.000000  0.000000  1.000000  
83.578727 0.006286  -0.003524  -0.011473  0.642127  0.732889  0.224827  -0.749800  0.661498  -0.014849  -0.159605  -0.159040  0.974286  -0.001668  0.000027  0.002059  0.000000  0.000000  0.000000  1.000000  
83.579731 0.006283  -0.003522  -0.011470  0.642127  0.732889  0.224827  -0.749800  0.661498  -0.014849  -0.159605  -0.159040  0.974286  -0.001717  0.000145  0.002132  0.000000  0.000000  0.000000  1.000000  
83.580978 0.006281  -0.003522  -0.011466  0.642127  0.732862  0.224916  -0.749800  0.661500  -0.014769  -0.159605  -0.159158  0.974266  -0.001758  0.000199  0.002243  0.000000  0.000000  0.000000  1.000000  
83.581980 0.006277  -0.003522  -0.011460  0.642127  0.732862  0.224916  -0.749800  0.661500  -0.014769  -0.159605  -0.159158  0.974266  -0.001870  0.000159  0.002489  0.000000  0.000000  0.000000  1.000000  
83.583229 0.006273  -0.003522  -0.011450  0.642127  0.732834  0.225004  -0.749800  0.661502  -0.014689  -0.159605  -0.159276  0.974247  -0.002018  0.000143  0.002949  0.000000  0.000000  0.000000  1.000000  
83.584481 0.006268  -0.003522  -0.011438  0.642281  0.732698  0.225007  -0.749667  0.661653  -0.014642  -0.159605  -0.159276  0.974247  -0.002381  0.000223  0.003975  0.000000  0.000000  0.000000  1.000000  
83.585725 0.006265  -0.003521  -0.011425  0.642267  0.732657  0.225181  -0.749651  0.661671  -0.014661  -0.159737  -0.159391  0.974207  -0.002496  0.000343  0.004248  0.000000  0.000000  0.000000  1.000000  
83.586973 0.006262  -0.003519  -0.011420  0.642421  0.732521  0.225184  -0.749519  0.661822  -0.014615  -0.159737  -0.159391  0.974207  -0.002562  0.000478  0.004175  0.000000  0.000000  0.000000  1.000000  
83.587975 0.006260  -0.003518  -0.011418  0.642435  0.732507  0.225188  -0.749535  0.661807  -0.014436  -0.159605  -0.159513  0.974208  -0.002594  0.000576  0.004153  0.000000  0.000000  0.000000  1.000000  
83.589223 0.006256  -0.003515  -0.011415  0.642590  0.732371  0.225191  -0.749403  0.661958  -0.014389  -0.159605  -0.159513  0.974208  -0.002718  0.000705  0.004271  0.000000  0.000000  0.000000  1.000000  
83.590474 0.006252  -0.003513  -0.011408  0.642744  0.732235  0.225194  -0.749271  0.662109  -0.014343  -0.159605  -0.159513  0.974208  -0.002719  0.000800  0.004597  0.000000  0.000000  0.000000  1.000000  
83.591724 0.006250  -0.003511  -0.011396  0.642744  0.732235  0.225194  -0.749271  0.662109  -0.014343  -0.159605  -0.159513  0.974208  -0.002658  0.000949  0.005311  0.000000  0.000000  0.000000  1.000000  
83.592973 0.006249  -0.003507  -0.011382  0.642912  0.732112  0.225112  -0.749154  0.662243  -0.014198  -0.159473  -0.159516  0.974229  -0.002572  0.001166  0.006243  0.000000  0.000000  0.000000  1.000000  
83.594223 0.006246  -0.003504  -0.011366  0.643066  0.731976  0.225115  -0.749022  0.662394  -0.014151  -0.159473  -0.159516  0.974229  -0.002556  0.001290  0.007035  0.000000  0.000000  0.000000  1.000000  
83.595228 0.006243  -0.003501  -0.011354  0.643234  0.731826  0.225122  -0.748906  0.662530  -0.013926  -0.159341  -0.159638  0.974231  -0.002610  0.001402  0.007641  0.000000  0.000000  0.000000  1.000000  
83.596235 0.006240  -0.003500  -0.011344  0.643402  0.731704  0.225040  -0.748790  0.662664  -0.013780  -0.159209  -0.159641  0.974252  -0.002659  0.001492  0.008007  0.000000  0.000000  0.000000  1.000000  
83.597479 0.006237  -0.003498  -0.011334  0.643570  0.731609  0.224869  -0.748673  0.662797  -0.013716  -0.159077  -0.159526  0.974293  -0.002573  0.001655  0.008168  0.000000  0.000000  0.000000  1.000000  
83.598485 0.006235  -0.003495  -0.011328  0.643738  0.731486  0.224787  -0.748557  0.662932  -0.013571  -0.158945  -0.159530  0.974314  -0.002435  0.001832  0.007978  0.000000  0.000000  0.000000  1.000000  
83.599730 0.006233  -0.003492  -0.011322  0.643892  0.731350  0.224789  -0.748424  0.663082  -0.013524  -0.158945  -0.159530  0.974314  -0.002312  0.002027  0.007477  0.000000  0.000000  0.000000  1.000000  
83.600980 0.006230  -0.003488  -0.011318  0.644060  0.731227  0.224707  -0.748308  0.663217  -0.013379  -0.158813  -0.159533  0.974334  -0.002280  0.002190  0.007082  0.000000  0.000000  0.000000  1.000000  
83.602227 0.006226  -0.003486  -0.011315  0.644228  0.731104  0.224625  -0.748191  0.663351  -0.013234  -0.158681  -0.159537  0.974355  -0.002392  0.002180  0.007089  0.000000  0.000000  0.000000  1.000000  
83.603473 0.006223  -0.003484  -0.011309  0.644564  0.730859  0.224460  -0.747958  0.663620  -0.012944  -0.158416  -0.159543  0.974397  -0.002360  0.002150  0.007182  0.000000  0.000000  0.000000  1.000000  
83.604473 0.006220  -0.003483  -0.011301  0.644732  0.730736  0.224378  -0.747842  0.663754  -0.012799  -0.158284  -0.159547  0.974418  -0.002326  0.002105  0.007562  0.000000  0.000000  0.000000  1.000000  
83.605474 0.006216  -0.003481  -0.011290  0.644913  0.730628  0.224210  -0.747741  0.663872  -0.012555  -0.158020  -0.159554  0.974460  -0.002411  0.002122  0.007833  0.000000  0.000000  0.000000  1.000000  
83.606723 0.006212  -0.003479  -0.011276  0.645081  0.730505  0.224127  -0.747624  0.664006  -0.012411  -0.157888  -0.159557  0.974481  -0.002548  0.002149  0.007998  0.000000  0.000000  0.000000  1.000000  
83.607724 0.006208  -0.003476  -0.011266  0.645416  0.730259  0.223962  -0.747390  0.664275  -0.012121  -0.157624  -0.159564  0.974523  -0.002733  0.002083  0.007817  0.000000  0.000000  0.000000  1.000000  
83.608974 0.006204  -0.003474  -0.011257  0.645612  0.730191  0.223620  -0.747305  0.664375  -0.011859  -0.157227  -0.159456  0.974604  -0.002894  0.002003  0.007397  0.000000  0.000000  0.000000  1.000000  
83.610224 0.006199  -0.003472  -0.011249  0.645947  0.729946  0.223454  -0.747071  0.664643  -0.011570  -0.156963  -0.159463  0.974646  -0.002923  0.001929  0.006965  0.000000  0.000000  0.000000  1.000000  
83.611226 0.006195  -0.003471  -0.011245  0.646128  0.729864  0.223198  -0.746970  0.664760  -0.011407  -0.156699  -0.159351  0.974706  -0.002985  0.001935  0.006631  0.000000  0.000000  0.000000  1.000000  
83.612244 0.006192  -0.003469  -0.011240  0.646477  0.729632  0.222946  -0.746751  0.665012  -0.011020  -0.156302  -0.159361  0.974768  -0.003029  0.001968  0.006361  0.028403  0.139549  -0.157106  1.000000  
83.613478 0.006188  -0.003466  -0.011231  0.646671  0.729564  0.222604  -0.746666  0.665113  -0.010759  -0.155906  -0.159253  0.974850  -0.003196  0.001971  0.006458  0.024304  0.152920  -0.155018  1.000000  
83.614727 0.006183  -0.003463  -0.011219  0.646866  0.729496  0.222261  -0.746580  0.665213  -0.010498  -0.155509  -0.159145  0.974931  -0.003306  0.001958  0.006826  0.017205  0.167337  -0.159591  1.000000  
83.615731 0.006179  -0.003461  -0.011209  0.647201  0.729250  0.222095  -0.746345  0.665481  -0.010209  -0.155245  -0.159152  0.974972  -0.003408  0.001842  0.007387  0.019368  0.182813  -0.170864  1.000000  
83.616975 0.006174  -0.003461  -0.011196  0.647549  0.729045  0.221754  -0.746125  0.665732  -0.009903  -0.154848  -0.159044  0.975052  -0.003510  0.001750  0.008052  0.016343  0.197254  -0.175482  1.000000  
83.617975 0.006170  -0.003460  -0.011186  0.647743  0.728949  0.221499  -0.746039  0.665834  -0.009562  -0.154452  -0.159054  0.975114  -0.003589  0.001700  0.008476  0.013189  0.205546  -0.179291  1.000000  
83.619225 0.006166  -0.003458  -0.011173  0.647951  0.728895  0.221071  -0.745968  0.665919  -0.009203  -0.153923  -0.158949  0.975214  -0.003659  0.001708  0.008718  0.009165  0.224985  -0.177893  1.000000  
83.620474 0.006163  -0.003456  -0.011160  0.648172  0.728828  0.220645  -0.745912  0.665988  -0.008665  -0.153262  -0.158965  0.975316  -0.003583  0.001693  0.008633  0.009176  0.249389  -0.175839  1.000000  
83.621474 0.006160  -0.003455  -0.011153  0.648365  0.728759  0.220301  -0.745825  0.666089  -0.008405  -0.152865  -0.158857  0.975396  -0.003515  0.001624  0.008363  0.006057  0.261615  -0.178893  1.000000  
83.622477 0.006158  -0.003454  -0.011147  0.648713  0.728527  0.220048  -0.745604  0.666341  -0.008019  -0.152469  -0.158866  0.975456  -0.003398  0.001504  0.008086  0.007077  0.271567  -0.184179  1.000000  
83.623723 0.006155  -0.003453  -0.011142  0.648920  0.728445  0.219707  -0.745532  0.666427  -0.007580  -0.151940  -0.158880  0.975537  -0.003267  0.001433  0.007787  0.007017  0.289354  -0.181311  1.000000  
83.624724 0.006154  -0.003452  -0.011136  0.649126  0.728390  0.219277  -0.745459  0.666512  -0.007222  -0.151411  -0.158774  0.975636  -0.003145  0.001399  0.007784  0.002865  0.302657  -0.179165  1.000000  
83.625724 0.006151  -0.003451  -0.011127  0.649320  0.728295  0.219021  -0.745371  0.666614  -0.006881  -0.151014  -0.158784  0.975696  -0.003058  0.001367  0.008013  -0.000182  0.314528  -0.182243  1.000000  
83.626974 0.006148  -0.003450  -0.011111  0.649539  0.728228  0.218594  -0.745314  0.666684  -0.006344  -0.150353  -0.158800  0.975795  -0.002938  0.001296  0.008657  -0.000275  0.332190  -0.179408  1.000000  
83.627976 0.006146  -0.003448  -0.011098  0.649899  0.728035  0.218165  -0.745107  0.666919  -0.005941  -0.149823  -0.158695  0.975894  -0.002887  0.001236  0.009174  0.000708  0.346375  -0.183947  1.000000  
83.628977 0.006144  -0.003447  -0.011083  0.650118  0.727968  0.217737  -0.745048  0.666989  -0.005404  -0.149162  -0.158711  0.975993  -0.002749  0.001208  0.009595  0.000613  0.363947  -0.181069  1.000000  
83.629984 0.006142  -0.003445  -0.011068  0.650477  0.727775  0.217307  -0.744841  0.667224  -0.005002  -0.148633  -0.158605  0.976091  -0.002640  0.001193  0.009946  -0.002475  0.381316  -0.187154  1.000000  
83.631232 0.006139  -0.003443  -0.011051  0.650862  0.727584  0.216793  -0.744662  0.667427  -0.004323  -0.147839  -0.158624  0.976208  -0.002549  0.001222  0.010202  -0.002590  0.403494  -0.183546  1.000000  
83.632480 0.006136  -0.003441  -0.011037  0.651247  0.727420  0.216191  -0.744483  0.667631  -0.003724  -0.147045  -0.158525  0.976344  -0.002404  0.001259  0.010277  -0.005724  0.426802  -0.186731  1.000000  
83.633724 0.006134  -0.003438  -0.011025  0.651490  0.727406  0.215501  -0.744453  0.667668  -0.003073  -0.146118  -0.158428  0.976499  -0.002219  0.001335  0.010209  -0.009938  0.453537  -0.182485  1.000000  
83.634727 0.006133  -0.003436  -0.011015  0.651861  0.727201  0.215072  -0.744258  0.667888  -0.002493  -0.145456  -0.158444  0.976595  -0.002073  0.001423  0.010162  -0.009005  0.467882  -0.187053  1.000000  
83.635976 0.006132  -0.003432  -0.011003  0.652244  0.727036  0.214468  -0.744077  0.668091  -0.001895  -0.144662  -0.158344  0.976729  -0.001989  0.001523  0.010294  -0.013222  0.485673  -0.184228  1.000000  
83.637224 0.006129  -0.003430  -0.010989  0.652793  0.726721  0.213865  -0.743775  0.668429  -0.001075  -0.143735  -0.158366  0.976863  -0.001982  0.001645  0.010651  -0.011182  0.510281  -0.191824  1.000000  
83.638225 0.006126  -0.003428  -0.010978  0.653162  0.726515  0.213435  -0.743579  0.668648  -0.000496  -0.143073  -0.158381  0.976957  -0.002059  0.001658  0.011096  -0.007344  0.523373  -0.192019  1.000000  
83.639225 0.006123  -0.003428  -0.010965  0.653544  0.726324  0.212917  -0.743396  0.668852  0.000181  -0.142279  -0.158400  0.977070  -0.002096  0.001683  0.011654  -0.006454  0.542222  -0.195899  1.000000  
83.640226 0.006120  -0.003427  -0.010950  0.653925  0.726133  0.212399  -0.743212  0.669056  0.000857  -0.141484  -0.158418  0.977183  -0.002132  0.001660  0.012062  -0.005571  0.561023  -0.199763  1.000000  
83.641476 0.006116  -0.003425  -0.010932  0.654637  0.725693  0.211706  -0.742786  0.669526  0.001817  -0.140424  -0.158442  0.977332  -0.002225  0.001682  0.012451  0.000348  0.585458  -0.209741  1.000000  
83.642723 0.006111  -0.003423  -0.010915  0.655195  0.725392  0.211013  -0.742494  0.669847  0.002732  -0.139364  -0.158466  0.977479  -0.002402  0.001689  0.012441  0.006219  0.609411  -0.217247  1.000000  
83.643724 0.006107  -0.003421  -0.010904  0.655586  0.725240  0.210318  -0.742322  0.670035  0.003424  -0.138437  -0.158368  0.977627  -0.002539  0.001710  0.012187  0.002977  0.628453  -0.221273  1.000000  
83.644724 0.006102  -0.003419  -0.010893  0.656130  0.724924  0.209709  -0.742014  0.670371  0.004240  -0.137509  -0.158389  0.977755  -0.002711  0.001707  0.011861  0.008837  0.652133  -0.230985  1.000000  
83.645735 0.006098  -0.003418  -0.010884  0.656674  0.724608  0.209099  -0.741704  0.670708  0.005055  -0.136582  -0.158409  0.977881  -0.002857  0.001723  0.011471  0.009696  0.676430  -0.236814  1.000000  
83.646982 0.006092  -0.003415  -0.010872  0.657405  0.724197  0.208227  -0.741299  0.671146  0.006206  -0.135256  -0.158438  0.978061  -0.003029  0.001798  0.011350  0.015477  0.709427  -0.245272  1.000000  
83.647984 0.006087  -0.003412  -0.010860  0.657958  0.723894  0.207528  -0.741001  0.671466  0.007118  -0.134195  -0.158461  0.978203  -0.003239  0.001869  0.011545  0.021286  0.733794  -0.255259  1.000000  
83.649229 0.006080  -0.003408  -0.010842  0.658699  0.723521  0.206477  -0.740606  0.671889  0.008283  -0.132737  -0.158374  0.978416  -0.003610  0.001936  0.011911  0.019816  0.768246  -0.270621  1.000000  
83.650474 0.006072  -0.003405  -0.010823  0.659438  0.723123  0.205512  -0.740208  0.672310  0.009528  -0.131278  -0.158405  0.978608  -0.003999  0.001930  0.012336  0.022196  0.796112  -0.283594  1.000000  
83.651476 0.006067  -0.003402  -0.010805  0.660152  0.722696  0.204720  -0.739782  0.672763  0.010577  -0.130084  -0.158430  0.978763  -0.004277  0.001988  0.012896  0.028055  0.827054  -0.295950  1.000000  
83.652723 0.006059  -0.003400  -0.010783  0.660899  0.722311  0.203664  -0.739393  0.673168  0.011917  -0.128492  -0.158464  0.978968  -0.004573  0.001957  0.013374  0.030519  0.866002  -0.310585  1.000000  
83.653724 0.006053  -0.003397  -0.010767  0.661633  0.721912  0.202692  -0.738989  0.673589  0.013159  -0.127032  -0.158494  0.979154  -0.004786  0.002053  0.013595  0.032997  0.904801  -0.325164  1.000000  
83.654724 0.006047  -0.003395  -0.010752  0.662354  0.721499  0.201807  -0.738570  0.674026  0.014301  -0.125705  -0.158521  0.979321  -0.005083  0.002188  0.013684  0.039510  0.934659  -0.341230  1.000000  
83.655980 0.006038  -0.003391  -0.010735  0.663259  0.720989  0.200653  -0.738049  0.674563  0.015776  -0.123979  -0.158555  0.979535  -0.005356  0.002289  0.013557  0.042756  0.978937  -0.361858  1.000000  
83.657224 0.006029  -0.003389  -0.010719  0.663999  0.720604  0.199588  -0.737649  0.674967  0.017110  -0.122386  -0.158587  0.979731  -0.005650  0.002344  0.013469  0.044065  1.012382  -0.370489  1.000000  
83.658474 0.006020  -0.003386  -0.010705  0.664900  0.720093  0.198429  -0.737123  0.675504  0.018581  -0.120659  -0.158621  0.979939  -0.005851  0.002363  0.013364  0.049897  1.042543  -0.382016  1.000000  
83.659724 0.006011  -0.003384  -0.010690  0.665819  0.719611  0.197090  -0.736616  0.676008  0.020244  -0.118667  -0.158659  0.980176  -0.006076  0.002408  0.013645  0.052852  1.091171  -0.401913  1.000000  
83.660724 0.006004  -0.003380  -0.010676  0.666694  0.719072  0.196101  -0.736059  0.676576  0.021517  -0.117205  -0.158687  0.980348  -0.006261  0.002473  0.013888  0.059012  1.120766  -0.417895  1.000000  
83.661974 0.005994  -0.003377  -0.010656  0.667608  0.718565  0.194843  -0.735545  0.677077  0.023258  -0.115212  -0.158843  0.980559  -0.006524  0.002493  0.014418  0.068977  1.163763  -0.431762  1.000000  
83.662984 0.005987  -0.003374  -0.010637  0.668488  0.718040  0.193760  -0.734993  0.677627  0.024623  -0.113617  -0.158872  0.980740  -0.006715  0.002493  0.014913  0.071476  1.202846  -0.451248  1.000000  
83.663986 0.005978  -0.003372  -0.010619  0.669376  0.717528  0.192585  -0.734450  0.678162  0.026083  -0.111889  -0.158904  0.980934  -0.006900  0.002430  0.015128  0.078333  1.242451  -0.472651  1.000000  
83.665232 0.005969  -0.003369  -0.010595  0.670282  0.717021  0.191318  -0.733924  0.678661  0.027818  -0.109894  -0.159058  0.981134  -0.007034  0.002441  0.015397  0.083258  1.284950  -0.479885  1.000000  
83.666477 0.005958  -0.003366  -0.010575  0.671355  0.716427  0.189776  -0.733278  0.679279  0.029700  -0.107633  -0.159098  0.981378  -0.007219  0.002444  0.015277  0.089743  1.333939  -0.500093  1.000000  
83.667478 0.005950  -0.003363  -0.010560  0.672104  0.716083  0.188420  -0.732883  0.679634  0.031308  -0.105637  -0.159132  0.981589  -0.007385  0.002494  0.015124  0.090511  1.380398  -0.506519  1.000000  
83.668724 0.005940  -0.003359  -0.010540  0.673179  0.715502  0.186781  -0.732237  0.680236  0.033281  -0.103242  -0.159172  0.981838  -0.007546  0.002536  0.015133  0.091998  1.426290  -0.520840  1.000000  
83.669724 0.005932  -0.003356  -0.010524  0.674062  0.715004  0.185500  -0.731685  0.680753  0.034827  -0.101379  -0.159203  0.982027  -0.007663  0.002557  0.015181  0.093422  1.471880  -0.533984  1.000000  
83.670974 0.005920  -0.003353  -0.010503  0.674969  0.714526  0.184036  -0.731158  0.681218  0.036742  -0.099116  -0.159359  0.982233  -0.007861  0.002571  0.015481  0.097928  1.506729  -0.542548  1.000000  
83.671981 0.005912  -0.003350  -0.010485  0.675855  0.714042  0.182659  -0.730608  0.681718  0.038378  -0.097118  -0.159390  0.982427  -0.007934  0.002618  0.015910  0.099159  1.552266  -0.555629  1.000000  
83.673224 0.005900  -0.003347  -0.010461  0.676906  0.713446  0.181092  -0.729933  0.682334  0.040242  -0.094854  -0.159425  0.982643  -0.008185  0.002681  0.016589  0.103540  1.594738  -0.563093  1.000000  
83.674474 0.005887  -0.003344  -0.010435  0.677819  0.712997  0.179436  -0.729410  0.682766  0.042342  -0.092323  -0.159583  0.982858  -0.008385  0.002692  0.017257  0.107698  1.637715  -0.570130  1.000000  
83.675724 0.005875  -0.003341  -0.010409  0.679027  0.712289  0.177671  -0.728601  0.683496  0.044428  -0.089792  -0.159620  0.983086  -0.008558  0.002676  0.017817  0.108516  1.685546  -0.583539  1.000000  
83.676724 0.005865  -0.003339  -0.010390  0.679906  0.711797  0.176275  -0.728041  0.683973  0.046233  -0.087659  -0.159769  0.983255  -0.008743  0.002613  0.018033  0.112697  1.722439  -0.591147  1.000000  
83.677726 0.005855  -0.003336  -0.010370  0.680774  0.711312  0.174879  -0.727468  0.684471  0.047855  -0.085660  -0.159797  0.983426  -0.008920  0.002589  0.018092  0.112904  1.755742  -0.599860  1.000000  
83.678983 0.005843  -0.003334  -0.010348  0.681834  0.710752  0.173015  -0.726799  0.685016  0.050169  -0.082860  -0.159954  0.983641  -0.009030  0.002581  0.018089  0.120707  1.806511  -0.605937  1.000000  
83.679987 0.005833  -0.003331  -0.010331  0.682851  0.710140  0.171510  -0.726084  0.685644  0.051917  -0.080726  -0.159983  0.983813  -0.009213  0.002539  0.017906  0.121400  1.840511  -0.621299  1.000000  
83.681232 0.005820  -0.003329  -0.010311  0.684036  0.709409  0.169805  -0.725246  0.686364  0.054067  -0.078192  -0.160134  0.983993  -0.009391  0.002471  0.017910  0.125117  1.878634  -0.629323  1.000000  
83.682480 0.005806  -0.003328  -0.010291  0.685235  0.708723  0.167822  -0.724423  0.687036  0.056500  -0.075257  -0.160290  0.984197  -0.009602  0.002307  0.017972  0.129206  1.926323  -0.642583  1.000000  
83.683724 0.005793  -0.003327  -0.010267  0.686428  0.708037  0.165833  -0.723593  0.687707  0.058927  -0.072322  -0.160444  0.984392  -0.009846  0.002115  0.018314  0.132468  1.968802  -0.649882  1.000000  
83.684974 0.005780  -0.003326  -0.010241  0.687620  0.707366  0.163745  -0.722761  0.688362  0.061444  -0.069252  -0.160599  0.984587  -0.009997  0.001947  0.018714  0.135612  2.015896  -0.656518  1.000000  
83.686227 0.005766  -0.003324  -0.010212  0.688947  0.706557  0.161642  -0.721771  0.689184  0.063811  -0.066315  -0.160631  0.984784  -0.010189  0.001829  0.019106  0.135026  2.056285  -0.669630  1.000000  
83.687474 0.005751  -0.003323  -0.010184  0.690267  0.705729  0.159617  -0.720774  0.689997  0.066254  -0.063378  -0.160781  0.984953  -0.010408  0.001671  0.019375  0.139674  2.107847  -0.690663  1.000000  
83.688724 0.005737  -0.003322  -0.010157  0.691585  0.704915  0.157493  -0.719773  0.690793  0.068787  -0.060307  -0.160931  0.985121  -0.010518  0.001594  0.019506  0.143096  2.151189  -0.704685  1.000000  
83.689974 0.005723  -0.003321  -0.010131  0.692890  0.704106  0.155367  -0.718758  0.691612  0.071134  -0.057368  -0.160959  0.985292  -0.010645  0.001442  0.019578  0.141805  2.188974  -0.712758  1.000000  
83.690974 0.005711  -0.003320  -0.010112  0.693871  0.703502  0.153715  -0.717999  0.692194  0.073116  -0.054964  -0.161101  0.985406  -0.010780  0.001358  0.019507  0.145025  2.222388  -0.721384  1.000000  
83.691976 0.005699  -0.003320  -0.010092  0.694995  0.702755  0.152043  -0.717091  0.692919  0.075126  -0.052559  -0.161241  0.985515  -0.010907  0.001240  0.019501  0.144629  2.249296  -0.738534  1.000000  
83.693224 0.005684  -0.003319  -0.010069  0.696437  0.701813  0.149782  -0.715919  0.693839  0.077760  -0.049352  -0.161387  0.985656  -0.011065  0.001069  0.019502  0.147057  2.287261  -0.750683  1.000000  
83.694224 0.005672  -0.003318  -0.010049  0.697700  0.700938  0.147989  -0.714859  0.694691  0.079884  -0.046812  -0.161526  0.985758  -0.011176  0.000992  0.019638  0.150333  2.316672  -0.766575  1.000000  
83.695230 0.005660  -0.003319  -0.010028  0.698811  0.700205  0.146205  -0.713935  0.695397  0.081973  -0.044273  -0.161665  0.985852  -0.011313  0.000766  0.020028  0.149560  2.350602  -0.781621  1.000000  
83.696232 0.005647  -0.003320  -0.010007  0.699919  0.699488  0.144324  -0.713009  0.696086  0.084151  -0.041599  -0.161803  0.985946  -0.011490  0.000634  0.020364  0.152503  2.384311  -0.792721  1.000000  
83.697480 0.005631  -0.003321  -0.009979  0.701333  0.698560  0.141937  -0.711806  0.696985  0.086852  -0.038257  -0.161944  0.986058  -0.011672  0.000438  0.020793  0.155244  2.420442  -0.815191  1.000000  
83.698482 0.005618  -0.003322  -0.009955  0.702421  0.697795  0.140312  -0.710859  0.697692  0.088915  -0.035850  -0.162198  0.986107  -0.011820  0.000335  0.021100  0.161671  2.435362  -0.826287  1.000000  
83.699729 0.005603  -0.003324  -0.009928  0.703814  0.696834  0.138086  -0.709634  0.698592  0.091593  -0.032641  -0.162455  0.986176  -0.011997  0.000136  0.021207  0.167893  2.469899  -0.841592  1.000000  
83.700976 0.005586  -0.003325  -0.009901  0.705344  0.695746  0.135747  -0.708254  0.699644  0.094205  -0.029431  -0.162591  0.986255  -0.012169  -0.000069  0.021108  0.166233  2.501417  -0.864536  1.000000  
83.702225 0.005570  -0.003327  -0.009877  0.706721  0.694801  0.133408  -0.707012  0.700524  0.096960  -0.026088  -0.162845  0.986307  -0.012276  -0.000269  0.020809  0.172471  2.537259  -0.886715  1.000000  
83.703474 0.005553  -0.003328  -0.009852  0.708089  0.693871  0.130967  -0.705761  0.701386  0.099800  -0.022610  -0.163098  0.986351  -0.012429  -0.000427  0.020678  0.178053  2.576349  -0.901317  1.000000  
83.704724 0.005537  -0.003330  -0.009828  0.709594  0.692813  0.128400  -0.704354  0.702373  0.102750  -0.018998  -0.163350  0.986385  -0.012595  -0.000570  0.020599  0.179641  2.616609  -0.922575  1.000000  
83.705974 0.005520  -0.003331  -0.009801  0.710942  0.691899  0.125843  -0.703082  0.703214  0.105664  -0.015386  -0.163599  0.986407  -0.012766  -0.000730  0.020705  0.184773  2.655713  -0.937161  1.000000  
83.707224 0.005503  -0.003332  -0.009772  0.712421  0.690810  0.123442  -0.701649  0.704227  0.108409  -0.012042  -0.163846  0.986412  -0.012904  -0.000887  0.021070  0.185868  2.685733  -0.952920  1.000000  
83.708474 0.005484  -0.003335  -0.009742  0.713747  0.689913  0.120771  -0.700355  0.705049  0.111397  -0.008295  -0.164091  0.986410  -0.013182  -0.001111  0.021494  0.185629  2.721069  -0.963174  1.000000  
83.709474 0.005469  -0.003336  -0.009718  0.714914  0.689067  0.118679  -0.699192  0.705819  0.113797  -0.005352  -0.164334  0.986390  -0.013335  -0.001208  0.021759  0.191003  2.746950  -0.979836  1.000000  
83.710724 0.005451  -0.003338  -0.009688  0.716217  0.688156  0.116082  -0.697875  0.706652  0.116675  -0.001739  -0.164575  0.986363  -0.013529  -0.001268  0.021991  0.191243  2.784470  -0.987220  1.000000  
83.711980 0.005433  -0.003340  -0.009657  0.717795  0.686955  0.113415  -0.696251  0.707736  0.119768  0.002007  -0.164934  0.986303  -0.013692  -0.001278  0.022165  0.196625  2.824241  -1.013107  1.000000  
83.713232 0.005413  -0.003342  -0.009630  0.719217  0.685901  0.110761  -0.694762  0.708674  0.122826  0.005753  -0.165291  0.986228  -0.013910  -0.001371  0.022083  0.200204  2.848191  -1.022316  1.000000  
83.714482 0.005395  -0.003345  -0.009602  0.720769  0.684669  0.108258  -0.693113  0.709782  0.125713  0.009232  -0.165645  0.986142  -0.014087  -0.001437  0.022083  0.208537  2.870712  -1.046339  1.000000  
83.715482 0.005379  -0.003347  -0.009582  0.721890  0.683793  0.106312  -0.691906  0.710571  0.127889  0.011908  -0.165880  0.986074  -0.014230  -0.001469  0.021998  0.209175  2.881996  -1.058092  1.000000  
83.716729 0.005361  -0.003349  -0.009555  0.723417  0.682582  0.103681  -0.690234  0.711625  0.131025  0.015654  -0.166350  0.985943  -0.014391  -0.001495  0.022137  0.216856  2.912648  -1.073532  1.000000  
83.717733 0.005346  -0.003350  -0.009533  0.724515  0.681743  0.101514  -0.689005  0.712347  0.133546  0.018731  -0.166700  0.985830  -0.014545  -0.001521  0.022266  0.225177  2.937474  -1.083138  1.000000  
83.718975 0.005326  -0.003353  -0.009505  0.726015  0.680562  0.098681  -0.687307  0.713394  0.136665  0.022610  -0.167045  0.985690  -0.014740  -0.001562  0.022552  0.228329  2.968031  -1.098692  1.000000  
83.719981 0.005310  -0.003355  -0.009480  0.727092  0.679713  0.096580  -0.686060  0.714094  0.139255  0.025687  -0.167511  0.985536  -0.014935  -0.001696  0.022883  0.236494  2.996421  -1.106781  1.000000  
83.721229 0.005290  -0.003357  -0.009448  0.728568  0.678506  0.093902  -0.684341  0.715133  0.142348  0.029431  -0.167972  0.985352  -0.015089  -0.001729  0.023173  0.247570  3.021438  -1.116194  1.000000  
83.722474 0.005270  -0.003359  -0.009416  0.730027  0.677317  0.091116  -0.682606  0.716152  0.145519  0.033310  -0.168429  0.985151  -0.015268  -0.001740  0.023369  0.252824  3.045683  -1.125993  1.000000  
83.723474 0.005254  -0.003361  -0.009392  0.731072  0.676472  0.088987  -0.681329  0.716841  0.148084  0.036385  -0.168889  0.984963  -0.015380  -0.001746  0.023367  0.262119  3.070427  -1.127710  1.000000  
83.724724 0.005234  -0.003364  -0.009362  0.732504  0.675286  0.086177  -0.679571  0.717852  0.151232  0.040263  -0.169342  0.984735  -0.015499  -0.001813  0.023343  0.266971  3.093771  -1.137155  1.000000  
83.725973 0.005213  -0.003366  -0.009333  0.734060  0.673943  0.083405  -0.677648  0.718979  0.154472  0.044139  -0.169911  0.984470  -0.015613  -0.001834  0.023251  0.273303  3.116818  -1.153783  1.000000  
83.726974 0.005197  -0.003367  -0.009308  0.735211  0.672955  0.081215  -0.676192  0.719797  0.157026  0.047213  -0.170365  0.984249  -0.015730  -0.001779  0.023287  0.280538  3.131804  -1.163841  1.000000  
83.727981 0.005181  -0.003367  -0.009284  0.736352  0.671968  0.079017  -0.674727  0.720611  0.159572  0.050287  -0.170816  0.984019  -0.015745  -0.001682  0.023454  0.287854  3.150117  -1.166389  1.000000  
83.728981 0.005164  -0.003369  -0.009258  0.737478  0.671000  0.076713  -0.673249  0.721406  0.162199  0.053494  -0.171265  0.983772  -0.015901  -0.001672  0.023688  0.292985  3.176882  -1.174943  1.000000  
83.729984 0.005148  -0.003370  -0.009231  0.738588  0.670041  0.074385  -0.671757  0.722163  0.164993  0.056834  -0.171830  0.983486  -0.015996  -0.001611  0.024110  0.304188  3.210100  -1.181929  1.000000  
83.731231 0.005127  -0.003371  -0.009196  0.740082  0.668689  0.071651  -0.669783  0.723282  0.168087  0.060574  -0.172389  0.983165  -0.016113  -0.001561  0.024669  0.310020  3.227253  -1.198655  1.000000  
83.732231 0.005110  -0.003373  -0.009168  0.741317  0.667550  0.069463  -0.668130  0.724199  0.170698  0.063645  -0.172952  0.982872  -0.016207  -0.001526  0.025162  0.316907  3.239014  -1.209364  1.000000  
83.733474 0.005088  -0.003375  -0.009132  0.742783  0.666193  0.066785  -0.666133  0.725287  0.173856  0.067383  -0.173624  0.982504  -0.016379  -0.001496  0.025624  0.328221  3.254126  -1.225895  1.000000  
83.734476 0.005070  -0.003376  -0.009103  0.743995  0.665050  0.064656  -0.664461  0.726173  0.176535  0.070453  -0.174302  0.982169  -0.016575  -0.001470  0.025989  0.341318  3.264001  -1.237377  1.000000  
83.735724 0.005049  -0.003377  -0.009068  0.745431  0.663690  0.062033  -0.662441  0.727227  0.179756  0.074190  -0.175089  0.981753  -0.016653  -0.001393  0.026257  0.354585  3.272890  -1.255234  1.000000  
83.736974 0.005026  -0.003378  -0.009033  0.746829  0.662385  0.059101  -0.660388  0.728229  0.183224  0.078326  -0.175866  0.981293  -0.016756  -0.001351  0.026348  0.367776  3.302492  -1.262307  1.000000  
83.738227 0.005004  -0.003380  -0.008999  0.748232  0.661024  0.056530  -0.658342  0.729247  0.186505  0.082060  -0.176765  0.980826  -0.016919  -0.001303  0.026596  0.384639  3.306367  -1.280376  1.000000  
83.739474 0.004981  -0.003382  -0.008965  0.749620  0.659667  0.053945  -0.656285  0.730258  0.189773  0.085793  -0.177661  0.980345  -0.017064  -0.001281  0.026817  0.401804  3.313977  -1.291010  1.000000  
83.740724 0.004959  -0.003382  -0.008928  0.750991  0.658307  0.051426  -0.654215  0.731238  0.193116  0.089525  -0.178672  0.979827  -0.017272  -0.001193  0.027339  0.419145  3.319685  -1.307112  1.000000  
83.741974 0.004936  -0.003383  -0.008888  0.752356  0.656933  0.048991  -0.652142  0.732225  0.196360  0.093123  -0.179682  0.979307  -0.017414  -0.001114  0.027988  0.436300  3.317999  -1.312160  1.000000  
83.742974 0.004916  -0.003384  -0.008855  0.753486  0.655779  0.047042  -0.650410  0.733038  0.199055  0.096053  -0.180582  0.978859  -0.017660  -0.001121  0.028573  0.454331  3.320949  -1.323325  1.000000  
83.743981 0.004898  -0.003384  -0.008821  0.754462  0.654797  0.045025  -0.648817  0.733694  0.201818  0.099116  -0.181477  0.978388  -0.017780  -0.001057  0.029157  0.472804  3.332617  -1.326609  1.000000  
83.745232 0.004874  -0.003385  -0.008778  0.755765  0.653467  0.042435  -0.646696  0.734603  0.205287  0.102976  -0.182591  0.977781  -0.018038  -0.000953  0.029863  0.493779  3.350149  -1.328661  1.000000  
83.746480 0.004849  -0.003385  -0.008734  0.757072  0.652099  0.040108  -0.644581  0.735510  0.208663  0.106569  -0.183826  0.977165  -0.018278  -0.000873  0.030331  0.514445  3.344493  -1.331541  1.000000  
83.747732 0.004825  -0.003385  -0.008691  0.758363  0.650732  0.037847  -0.642456  0.736381  0.212115  0.110160  -0.185175  0.976512  -0.018421  -0.000711  0.030797  0.538910  3.343849  -1.342187  1.000000  
83.748981 0.004800  -0.003384  -0.008648  0.759782  0.649201  0.035627  -0.640173  0.737392  0.215477  0.113617  -0.186523  0.975859  -0.018605  -0.000595  0.031299  0.568002  3.332324  -1.356429  1.000000  
83.750226 0.004775  -0.003383  -0.008604  0.761066  0.647807  0.033537  -0.638047  0.738276  0.218736  0.116939  -0.187870  0.975208  -0.018763  -0.000424  0.031810  0.592738  3.318937  -1.369757  1.000000  
83.751474 0.004750  -0.003383  -0.008560  0.762323  0.646434  0.031411  -0.635900  0.739106  0.222157  0.120394  -0.189329  0.974505  -0.019016  -0.000290  0.032487  0.616468  3.314124  -1.371641  1.000000  
83.752474 0.004730  -0.003382  -0.008523  0.763237  0.645437  0.029677  -0.634268  0.739690  0.224861  0.123182  -0.190445  0.973939  -0.019206  -0.000160  0.033136  0.640579  3.304888  -1.372594  1.000000  
83.753474 0.004710  -0.003380  -0.008485  0.764271  0.644292  0.027887  -0.632472  0.740401  0.227565  0.125970  -0.191559  0.973364  -0.019320  -0.000005  0.033948  0.656416  3.301078  -1.381989  1.000000  
83.754724 0.004685  -0.003379  -0.008436  0.765488  0.642935  0.025725  -0.630300  0.741203  0.230954  0.129421  -0.193007  0.972625  -0.019429  0.000223  0.034898  0.687828  3.292493  -1.382349  1.000000  
83.755976 0.004661  -0.003377  -0.008386  0.766704  0.641565  0.023650  -0.628129  0.742012  0.234248  0.132737  -0.194455  0.971889  -0.019550  0.000411  0.035701  0.712466  3.272416  -1.388759  1.000000  
83.757224 0.004637  -0.003374  -0.008335  0.768048  0.640025  0.021691  -0.625802  0.742930  0.237544  0.135919  -0.196019  0.971135  -0.019621  0.000666  0.036362  0.740993  3.254817  -1.402257  1.000000  
83.758224 0.004618  -0.003372  -0.008295  0.769064  0.638855  0.020138  -0.624000  0.743612  0.240136  0.138437  -0.197246  0.970530  -0.019580  0.000873  0.036828  0.763399  3.240029  -1.409068  1.000000  
83.759474 0.004595  -0.003369  -0.008246  0.770366  0.637344  0.018129  -0.621645  0.744463  0.243582  0.141749  -0.198917  0.969711  -0.019519  0.001063  0.037127  0.792150  3.219472  -1.419796  1.000000  
83.760724 0.004573  -0.003365  -0.008198  0.771668  0.635820  0.016129  -0.619293  0.745348  0.246844  0.144927  -0.200470  0.968921  -0.019434  0.001274  0.037421  0.816774  3.200702  -1.426192  1.000000  
83.761974 0.004551  -0.003361  -0.008150  0.772955  0.634303  0.014114  -0.616932  0.746222  0.250094  0.148103  -0.202019  0.968119  -0.019251  0.001583  0.037814  0.841468  3.186252  -1.431749  1.000000  
83.762987 0.004533  -0.003357  -0.008110  0.773911  0.633171  0.012493  -0.615091  0.746823  0.252822  0.150749  -0.203346  0.967432  -0.019101  0.001869  0.038241  0.868105  3.172807  -1.425029  1.000000  
83.764227 0.004511  -0.003352  -0.008059  0.775297  0.631509  0.010553  -0.612554  0.747744  0.256234  0.153923  -0.205121  0.966557  -0.018935  0.002120  0.038717  0.896571  3.156840  -1.438359  1.000000  
83.765231 0.004494  -0.003349  -0.008018  0.776388  0.630190  0.009060  -0.610566  0.748491  0.258785  0.156302  -0.206450  0.965892  -0.018739  0.002328  0.039186  0.913719  3.138237  -1.451816  1.000000  
83.766477 0.004473  -0.003343  -0.007964  0.777779  0.628497  0.007142  -0.608040  0.749487  0.261834  0.159209  -0.207992  0.965086  -0.018448  0.002647  0.039757  0.933625  3.107541  -1.467556  1.000000  
83.767730 0.004452  -0.003337  -0.007911  0.778996  0.627008  0.005136  -0.605639  0.750275  0.265120  0.162378  -0.209638  0.964202  -0.018167  0.002985  0.040207  0.958034  3.088271  -1.473497  1.000000  
83.768979 0.004432  -0.003331  -0.007858  0.780091  0.625658  0.003273  -0.603404  0.750940  0.268313  0.165414  -0.211284  0.963326  -0.017834  0.003266  0.040453  0.979633  3.068302  -1.472826  1.000000  
83.770224 0.004413  -0.003324  -0.007807  0.781419  0.624005  0.001362  -0.600840  0.751818  0.271588  0.168448  -0.213042  0.962413  -0.017576  0.003615  0.040567  0.998402  3.055032  -1.481692  1.000000  
83.771226 0.004397  -0.003318  -0.007767  0.782453  0.622709  -0.000187  -0.598821  0.752520  0.274094  0.170822  -0.214354  0.961703  -0.017239  0.003912  0.040536  1.013556  3.040963  -1.490495  1.000000  
83.772474 0.004380  -0.003309  -0.007719  0.783735  0.621091  -0.002229  -0.596228  0.753358  0.277424  0.173985  -0.216098  0.960745  -0.016771  0.004311  0.040418  1.027522  3.032073  -1.497887  1.000000  
83.773474 0.004366  -0.003303  -0.007681  0.784766  0.619782  -0.003547  -0.594211  0.753991  0.280018  0.176224  -0.217641  0.959988  -0.016489  0.004591  0.040325  1.044335  3.010433  -1.511795  1.000000  
83.774724 0.004349  -0.003295  -0.007633  0.786077  0.618105  -0.005384  -0.591647  0.754893  0.283002  0.178989  -0.219276  0.959104  -0.016123  0.004899  0.040304  1.055791  2.984745  -1.525943  1.000000  
83.775724 0.004335  -0.003288  -0.007594  0.787189  0.616674  -0.006884  -0.589443  0.755617  0.285656  0.181358  -0.220807  0.958307  -0.015862  0.005139  0.040303  1.068749  2.972947  -1.538416  1.000000  
83.776724 0.004321  -0.003281  -0.007554  0.788169  0.615402  -0.008336  -0.587396  0.756206  0.288303  0.183726  -0.222335  0.957503  -0.015544  0.005380  0.040382  1.085337  2.960125  -1.550589  1.000000  
83.777726 0.004308  -0.003274  -0.007514  0.789260  0.613979  -0.009932  -0.585182  0.756947  0.290849  0.186093  -0.223743  0.956717  -0.015272  0.005580  0.040454  1.089635  2.947171  -1.562457  1.000000  
83.778998 0.004292  -0.003265  -0.007465  0.790739  0.612040  -0.011821  -0.582252  0.757935  0.294139  0.188984  -0.225705  0.955689  -0.014833  0.005921  0.040237  1.105662  2.938607  -1.581617  1.000000  
83.779999 0.004279  -0.003257  -0.007425  0.791925  0.610469  -0.013502  -0.579863  0.758782  0.296663  0.191349  -0.227105  0.954887  -0.014632  0.006163  0.040173  1.108833  2.931202  -1.599248  1.000000  
83.781228 0.004263  -0.003247  -0.007378  0.793134  0.608853  -0.015374  -0.577244  0.759528  0.299843  0.194237  -0.228941  0.953865  -0.014223  0.006485  0.039711  1.116661  2.921071  -1.611023  1.000000  
83.782231 0.004251  -0.003240  -0.007341  0.794198  0.607424  -0.016914  -0.575022  0.760249  0.302276  0.196468  -0.230341  0.953071  -0.013960  0.006664  0.039289  1.119877  2.909631  -1.629771  1.000000  
83.783231 0.004238  -0.003231  -0.007305  0.795273  0.605974  -0.018360  -0.572811  0.760980  0.304625  0.198567  -0.231743  0.952295  -0.013702  0.006908  0.038911  1.124363  2.892642  -1.642975  1.000000  
83.784477 0.004223  -0.003220  -0.007261  0.796442  0.604376  -0.020270  -0.570174  0.761693  0.307774  0.201451  -0.233566  0.951244  -0.013388  0.007222  0.038382  1.131375  2.881149  -1.653988  1.000000  
83.785479 0.004211  -0.003211  -0.007224  0.797355  0.603120  -0.021705  -0.568102  0.762226  0.310277  0.203678  -0.235071  0.950398  -0.013124  0.007458  0.038156  1.136829  2.871595  -1.658198  1.000000  
83.786723 0.004197  -0.003199  -0.007180  0.798403  0.601666  -0.023473  -0.565633  0.762811  0.313335  0.206428  -0.236890  0.949353  -0.012922  0.007660  0.037864  1.141144  2.865381  -1.663290  1.000000  
