1-Time 2-Px 3-Py 4-Pz 5-R11 6-R21 7-R31 8-R12 9-R22 10-R32 11-R13 12-R23 13-R33 14-Vx 15-Vy 16-Vz 17-Wx 18-Wy 19-Wz 20-state
103.535864 -0.002854  -0.012919  0.005893  0.938364  0.342275  0.048177  -0.333996  0.933765  -0.128570  -0.088992  0.104554  0.990530  0.000510  -0.000087  0.000608  0.047856  -0.023216  -0.217539  1.000000  
103.537019 -0.002854  -0.012919  0.005892  0.938364  0.342275  0.048177  -0.333996  0.933765  -0.128570  -0.088992  0.104554  0.990530  -0.000458  -0.000416  -0.001093  0.000000  0.000000  0.000000  1.000000  
103.538259 -0.002848  -0.012912  0.005886  0.938364  0.342269  0.048218  -0.333996  0.933780  -0.128456  -0.088992  0.104434  0.990542  0.002357  0.002914  -0.003160  0.000000  0.000000  0.000000  1.000000  
103.539505 -0.002842  -0.012904  0.005879  0.938364  0.342269  0.048218  -0.333996  0.933780  -0.128456  -0.088992  0.104434  0.990542  0.003154  0.004221  -0.004096  0.000000  0.000000  0.000000  1.000000  
103.540507 -0.002840  -0.012901  0.005875  0.938364  0.342269  0.048218  -0.333996  0.933780  -0.128456  -0.088992  0.104434  0.990542  0.002928  0.003922  -0.003974  0.000000  0.000000  0.000000  1.000000  
103.541755 -0.002839  -0.012900  0.005873  0.938295  0.342461  0.048192  -0.334189  0.933710  -0.128466  -0.088992  0.104434  0.990542  0.002495  0.003216  -0.003515  0.000000  0.000000  0.000000  1.000000  
103.542756 -0.002836  -0.012898  0.005872  0.938295  0.342467  0.048150  -0.334189  0.933694  -0.128580  -0.088992  0.104554  0.990530  0.002522  0.003050  -0.003179  0.000000  0.000000  0.000000  1.000000  
103.544034 -0.002834  -0.012893  0.005869  0.938295  0.342467  0.048150  -0.334189  0.933694  -0.128580  -0.088992  0.104554  0.990530  0.002446  0.003243  -0.003083  0.000000  0.000000  0.000000  1.000000  
103.545257 -0.002833  -0.012888  0.005863  0.938226  0.342653  0.048166  -0.334382  0.933639  -0.128476  -0.088992  0.104434  0.990542  0.002198  0.003322  -0.003231  0.000000  0.000000  0.000000  1.000000  
103.546508 -0.002832  -0.012884  0.005859  0.938226  0.342653  0.048166  -0.334382  0.933639  -0.128476  -0.088992  0.104434  0.990542  0.002041  0.003325  -0.003262  0.000000  0.000000  0.000000  1.000000  
103.547757 -0.002831  -0.012879  0.005854  0.938226  0.342653  0.048166  -0.334382  0.933639  -0.128476  -0.088992  0.104434  0.990542  0.001945  0.003385  -0.003321  0.000000  0.000000  0.000000  1.000000  
103.549010 -0.002827  -0.012873  0.005850  0.938226  0.342659  0.048124  -0.334382  0.933624  -0.128590  -0.088992  0.104554  0.990530  0.002003  0.003510  -0.003343  0.000000  0.000000  0.000000  1.000000  
103.550024 -0.002824  -0.012867  0.005844  0.938158  0.342851  0.048097  -0.334576  0.933553  -0.128599  -0.088992  0.104554  0.990530  0.002075  0.003692  -0.003528  0.000000  0.000000  0.000000  1.000000  
103.551261 -0.002819  -0.012857  0.005834  0.938158  0.342851  0.048097  -0.334576  0.933553  -0.128599  -0.088992  0.104554  0.990530  0.002379  0.004156  -0.003966  0.000000  0.000000  0.000000  1.000000  
103.552268 -0.002812  -0.012846  0.005824  0.938158  0.342851  0.048097  -0.334576  0.933553  -0.128599  -0.088992  0.104554  0.990530  0.002716  0.004829  -0.004553  0.000000  0.000000  0.000000  1.000000  
103.553514 -0.002803  -0.012830  0.005814  0.938158  0.342851  0.048097  -0.334576  0.933553  -0.128599  -0.088992  0.104554  0.990530  0.002925  0.005284  -0.004670  0.000000  0.000000  0.000000  1.000000  
103.554759 -0.002797  -0.012819  0.005807  0.938158  0.342851  0.048097  -0.334576  0.933553  -0.128599  -0.088992  0.104554  0.990530  0.002970  0.005587  -0.004739  0.000000  0.000000  0.000000  1.000000  
103.555761 -0.002795  -0.012812  0.005803  0.938089  0.343049  0.048029  -0.334769  0.933467  -0.128723  -0.088992  0.104674  0.990517  0.003033  0.006017  -0.004807  0.000000  0.000000  0.000000  1.000000  
103.557010 -0.002792  -0.012804  0.005799  0.938089  0.343049  0.048029  -0.334769  0.933467  -0.128723  -0.088992  0.104674  0.990517  0.003104  0.006511  -0.004983  0.000000  0.000000  0.000000  1.000000  
103.558258 -0.002788  -0.012793  0.005790  0.938089  0.343049  0.048029  -0.334769  0.933467  -0.128723  -0.088992  0.104674  0.990517  0.003218  0.006969  -0.005416  0.000000  0.000000  0.000000  1.000000  
103.559258 -0.002784  -0.012784  0.005783  0.938089  0.343049  0.048029  -0.334769  0.933467  -0.128723  -0.088992  0.104674  0.990517  0.003281  0.007225  -0.005672  0.000000  0.000000  0.000000  1.000000  
103.560260 -0.002783  -0.012775  0.005774  0.938089  0.343049  0.048029  -0.334769  0.933467  -0.128723  -0.088992  0.104674  0.990517  0.003387  0.007583  -0.006035  0.000000  0.000000  0.000000  1.000000  
103.561507 -0.002781  -0.012767  0.005765  0.938100  0.343036  0.047905  -0.334773  0.933472  -0.128678  -0.088859  0.104676  0.990529  0.003398  0.007817  -0.006305  0.000000  0.000000  0.000000  1.000000  
103.562757 -0.002777  -0.012756  0.005755  0.938100  0.343036  0.047905  -0.334773  0.933472  -0.128678  -0.088859  0.104676  0.990529  0.003580  0.008248  -0.006686  0.000000  0.000000  0.000000  1.000000  
103.563760 -0.002772  -0.012746  0.005747  0.938031  0.343228  0.047878  -0.334966  0.933401  -0.128688  -0.088859  0.104676  0.990529  0.003727  0.008649  -0.006958  0.000000  0.000000  0.000000  1.000000  
103.564764 -0.002767  -0.012734  0.005739  0.938031  0.343228  0.047878  -0.334966  0.933401  -0.128688  -0.088859  0.104676  0.990529  0.003888  0.009042  -0.007135  0.000000  0.000000  0.000000  1.000000  
103.565765 -0.002762  -0.012722  0.005730  0.938031  0.343228  0.047878  -0.334966  0.933401  -0.128688  -0.088859  0.104676  0.990529  0.003912  0.009274  -0.007155  0.000000  0.000000  0.000000  1.000000  
103.566765 -0.002758  -0.012711  0.005723  0.938031  0.343228  0.047878  -0.334966  0.933401  -0.128688  -0.088859  0.104676  0.990529  0.003793  0.009355  -0.007015  0.000000  0.000000  0.000000  1.000000  
103.567766 -0.002753  -0.012699  0.005716  0.938031  0.343223  0.047920  -0.334966  0.933417  -0.128575  -0.088859  0.104556  0.990541  0.003619  0.009338  -0.006883  0.000000  0.000000  0.000000  1.000000  
103.568770 -0.002749  -0.012688  0.005711  0.938031  0.343223  0.047920  -0.334966  0.933417  -0.128575  -0.088859  0.104556  0.990541  0.003494  0.009332  -0.006725  0.000000  0.000000  0.000000  1.000000  
103.570017 -0.002744  -0.012676  0.005705  0.938042  0.343209  0.047795  -0.334970  0.933421  -0.128530  -0.088725  0.104557  0.990553  0.003471  0.009432  -0.006755  0.000000  0.000000  0.000000  1.000000  
103.571266 -0.002742  -0.012666  0.005697  0.938042  0.343204  0.047837  -0.334970  0.933437  -0.128417  -0.088725  0.104437  0.990566  0.003494  0.009558  -0.007016  0.000000  0.000000  0.000000  1.000000  
103.572513 -0.002739  -0.012656  0.005685  0.938053  0.343190  0.047712  -0.334974  0.933442  -0.128372  -0.088592  0.104438  0.990578  0.003428  0.009519  -0.007426  0.000000  0.000000  0.000000  1.000000  
103.573760 -0.002735  -0.012644  0.005673  0.938053  0.343185  0.047753  -0.334974  0.933457  -0.128259  -0.088592  0.104318  0.990590  0.003400  0.009595  -0.007663  0.000000  0.000000  0.000000  1.000000  
103.575010 -0.002732  -0.012632  0.005660  0.938064  0.343171  0.047629  -0.334978  0.933462  -0.128214  -0.088459  0.104319  0.990602  0.003407  0.009698  -0.007751  0.000000  0.000000  0.000000  1.000000  
103.576015 -0.002729  -0.012623  0.005652  0.938064  0.343166  0.047670  -0.334978  0.933477  -0.128101  -0.088459  0.104199  0.990615  0.003568  0.009860  -0.007722  0.000000  0.000000  0.000000  1.000000  
103.577258 -0.002724  -0.012612  0.005644  0.938076  0.343153  0.047545  -0.334982  0.933482  -0.128057  -0.088326  0.104200  0.990627  0.003672  0.009950  -0.007652  0.000000  0.000000  0.000000  1.000000  
103.578262 -0.002720  -0.012601  0.005636  0.938076  0.343147  0.047587  -0.334982  0.933498  -0.127943  -0.088326  0.104080  0.990639  0.003701  0.010031  -0.007613  0.000000  0.000000  0.000000  1.000000  
103.579263 -0.002714  -0.012588  0.005629  0.938087  0.343128  0.047504  -0.334986  0.933518  -0.127786  -0.088192  0.103961  0.990664  0.003755  0.010111  -0.007569  0.000000  0.000000  0.000000  1.000000  
103.580511 -0.002708  -0.012572  0.005619  0.938098  0.343109  0.047421  -0.334990  0.933538  -0.127628  -0.088059  0.103842  0.990688  0.003691  0.010177  -0.007518  0.000000  0.000000  0.000000  1.000000  
103.581511 -0.002703  -0.012560  0.005611  0.938109  0.343090  0.047337  -0.334994  0.933558  -0.127470  -0.087926  0.103723  0.990712  0.003711  0.010222  -0.007544  0.000000  0.000000  0.000000  1.000000  
103.582758 -0.002698  -0.012547  0.005602  0.938120  0.343071  0.047254  -0.334998  0.933578  -0.127312  -0.087793  0.103604  0.990736  0.003658  0.010152  -0.007593  0.000000  0.000000  0.000000  1.000000  
103.583766 -0.002694  -0.012536  0.005594  0.938131  0.343047  0.047212  -0.335002  0.933614  -0.127041  -0.087659  0.103365  0.990773  0.003632  0.010120  -0.007817  0.000000  0.000000  0.000000  1.000000  
103.585016 -0.002690  -0.012525  0.005583  0.938153  0.343015  0.047004  -0.335009  0.933638  -0.126839  -0.087393  0.103247  0.990809  0.003613  0.010089  -0.008192  0.000000  0.000000  0.000000  1.000000  
103.586263 -0.002688  -0.012513  0.005571  0.938164  0.342991  0.046963  -0.335013  0.933674  -0.126568  -0.087259  0.103008  0.990846  0.003619  0.010234  -0.008402  0.000000  0.000000  0.000000  1.000000  
103.587511 -0.002684  -0.012500  0.005558  0.938186  0.342953  0.046796  -0.335021  0.933714  -0.126252  -0.086993  0.102770  0.990894  0.003639  0.010422  -0.008485  0.000000  0.000000  0.000000  1.000000  
103.588760 -0.002681  -0.012486  0.005547  0.938208  0.342916  0.046630  -0.335029  0.933753  -0.125936  -0.086726  0.102532  0.990942  0.003612  0.010539  -0.008314  0.000000  0.000000  0.000000  1.000000  
103.590010 -0.002675  -0.012471  0.005538  0.938241  0.342866  0.046338  -0.335041  0.933798  -0.125576  -0.086326  0.102295  0.991001  0.003771  0.010764  -0.008169  0.000000  0.000000  0.000000  1.000000  
103.591258 -0.002671  -0.012456  0.005531  0.938193  0.343022  0.046146  -0.335242  0.933767  -0.125270  -0.086060  0.102057  0.991049  0.003816  0.010988  -0.008026  0.000000  0.000000  0.000000  1.000000  
103.592260 -0.002667  -0.012444  0.005524  0.938215  0.342985  0.045979  -0.335249  0.933806  -0.124954  -0.085793  0.101819  0.991097  0.003850  0.011223  -0.007982  0.000000  0.000000  0.000000  1.000000  
103.593261 -0.002662  -0.012430  0.005515  0.938237  0.342948  0.045813  -0.335257  0.933846  -0.124638  -0.085527  0.101581  0.991144  0.003841  0.011337  -0.008092  0.000000  0.000000  0.000000  1.000000  
103.594512 -0.002654  -0.012412  0.005503  0.938200  0.343080  0.045579  -0.335462  0.933849  -0.124061  -0.085127  0.101104  0.991227  0.003854  0.011518  -0.008253  0.000000  0.000000  0.000000  1.000000  
103.595757 -0.002649  -0.012395  0.005492  0.938243  0.343012  0.045204  -0.335477  0.933912  -0.123542  -0.084593  0.100748  0.991309  0.003824  0.011585  -0.008333  0.132269  0.143403  -0.001115  1.000000  
103.596758 -0.002645  -0.012383  0.005484  0.938274  0.342958  0.044954  -0.335488  0.933971  -0.123068  -0.084193  0.100390  0.991379  0.003748  0.011578  -0.008382  0.144405  0.156716  -0.002466  1.000000  
103.598007 -0.002641  -0.012369  0.005473  0.938237  0.343091  0.044721  -0.335693  0.933973  -0.122490  -0.083793  0.099913  0.991462  0.003746  0.011725  -0.008439  0.155982  0.170769  0.003012  1.000000  
103.599008 -0.002639  -0.012358  0.005466  0.938269  0.343037  0.044471  -0.335704  0.934031  -0.122016  -0.083393  0.099555  0.991531  0.003636  0.011813  -0.008442  0.168073  0.184031  0.001672  1.000000  
103.600020 -0.002636  -0.012346  0.005457  0.938300  0.342983  0.044221  -0.335716  0.934089  -0.121542  -0.082993  0.099198  0.991601  0.003644  0.011969  -0.008339  0.181651  0.194448  0.000800  1.000000  
103.601266 -0.002632  -0.012330  0.005447  0.938273  0.343109  0.043821  -0.335924  0.934081  -0.121033  -0.082460  0.098841  0.991681  0.003694  0.012257  -0.008173  0.187686  0.211319  0.005822  1.000000  
103.602513 -0.002628  -0.012313  0.005438  0.938324  0.343021  0.043405  -0.335942  0.934176  -0.120243  -0.081793  0.098245  0.991795  0.003770  0.012507  -0.007952  0.209659  0.230988  0.004107  1.000000  
103.603513 -0.002624  -0.012299  0.005433  0.938355  0.342968  0.043155  -0.335953  0.934233  -0.119768  -0.081393  0.097887  0.991863  0.003869  0.012661  -0.007703  0.217790  0.244378  0.002794  1.000000  
103.604758 -0.002618  -0.012282  0.005425  0.938396  0.342898  0.042821  -0.335968  0.934308  -0.119136  -0.080860  0.097410  0.991954  0.003861  0.012811  -0.007609  0.234149  0.257847  0.001488  1.000000  
103.605762 -0.002613  -0.012268  0.005418  0.938368  0.343021  0.042463  -0.336176  0.934313  -0.118513  -0.080326  0.096933  0.992044  0.003989  0.012938  -0.007714  0.245815  0.276453  0.006612  1.000000  
103.607011 -0.002606  -0.012249  0.005408  0.938408  0.342946  0.042172  -0.336190  0.934402  -0.117767  -0.079793  0.096336  0.992145  0.004169  0.013213  -0.007788  0.266156  0.289813  0.005338  1.000000  
103.608033 -0.002599  -0.012235  0.005401  0.938448  0.342872  0.041880  -0.336204  0.934491  -0.117021  -0.079259  0.095738  0.992246  0.004288  0.013290  -0.007771  0.282289  0.307509  0.003638  1.000000  
103.609258 -0.002592  -0.012217  0.005391  0.938498  0.342782  0.041504  -0.336222  0.934597  -0.116117  -0.078592  0.095021  0.992368  0.004275  0.013278  -0.007611  0.300428  0.322980  0.001961  1.000000  
103.610508 -0.002586  -0.012200  0.005383  0.938547  0.342692  0.041129  -0.336240  0.934702  -0.115213  -0.077926  0.094304  0.992489  0.004255  0.013236  -0.007392  0.320640  0.340712  0.000325  1.000000  
103.611758 -0.002581  -0.012184  0.005376  0.938606  0.342592  0.040628  -0.336261  0.934811  -0.114264  -0.077125  0.093587  0.992619  0.004210  0.013270  -0.007135  0.339629  0.365920  -0.001729  1.000000  
103.613008 -0.002577  -0.012169  0.005370  0.938654  0.342503  0.040252  -0.336278  0.934915  -0.113360  -0.076458  0.092870  0.992738  0.004287  0.013375  -0.006856  0.360026  0.383821  -0.003345  1.000000  
103.614008 -0.002573  -0.012155  0.005365  0.938702  0.342421  0.039834  -0.336295  0.935005  -0.112569  -0.075791  0.092272  0.992845  0.004341  0.013491  -0.006732  0.373348  0.398523  -0.004930  1.000000  
103.615258 -0.002568  -0.012138  0.005357  0.938759  0.342318  0.039375  -0.336316  0.935125  -0.111506  -0.074991  0.091435  0.992983  0.004458  0.013634  -0.006541  0.397525  0.416173  -0.006477  1.000000  
103.616260 -0.002564  -0.012124  0.005352  0.938806  0.342232  0.038998  -0.336333  0.935226  -0.110601  -0.074323  0.090717  0.993099  0.004565  0.013694  -0.006364  0.413719  0.433941  -0.008008  1.000000  
103.617509 -0.002558  -0.012107  0.005345  0.938871  0.342115  0.038455  -0.336356  0.935361  -0.109380  -0.073389  0.089759  0.993256  0.004690  0.013742  -0.006239  0.437983  0.456126  -0.009896  1.000000  
103.618512 -0.002552  -0.012093  0.005340  0.938917  0.342031  0.038078  -0.336372  0.935461  -0.108475  -0.072722  0.089040  0.993370  0.004783  0.013761  -0.006188  0.457934  0.473338  -0.011050  1.000000  
103.619761 -0.002544  -0.012075  0.005333  0.938972  0.341922  0.037701  -0.336392  0.935602  -0.107185  -0.071922  0.087961  0.993524  0.004921  0.013841  -0.006105  0.486509  0.486792  -0.012021  1.000000  
103.620761 -0.002537  -0.012060  0.005327  0.939026  0.341824  0.037240  -0.336411  0.935717  -0.106121  -0.071121  0.087123  0.993656  0.005062  0.013906  -0.006118  0.507408  0.508484  -0.020753  1.000000  
103.622008 -0.002529  -0.012041  0.005319  0.939097  0.341697  0.036612  -0.336437  0.935863  -0.104741  -0.070053  0.086044  0.993825  0.005101  0.013919  -0.005942  0.531682  0.531085  -0.022772  1.000000  
103.623031 -0.002523  -0.012027  0.005314  0.939149  0.341601  0.036151  -0.336456  0.935975  -0.103677  -0.069252  0.085205  0.993954  0.005071  0.013874  -0.005762  0.552134  0.544635  -0.023744  1.000000  
103.624259 -0.002517  -0.012009  0.005310  0.939219  0.341473  0.035563  -0.336480  0.936130  -0.102183  -0.068184  0.084006  0.994130  0.005007  0.013827  -0.005382  0.580635  0.565881  -0.032183  1.000000  
103.625261 -0.002512  -0.011997  0.005307  0.939339  0.341178  0.035205  -0.336305  0.936334  -0.100884  -0.067383  0.082925  0.994275  0.005004  0.013747  -0.005147  0.610425  0.583373  -0.040146  1.000000  
103.626508 -0.002507  -0.011981  0.005303  0.939398  0.341063  0.034742  -0.336327  0.936481  -0.099435  -0.066449  0.081724  0.994437  0.005045  0.013761  -0.004968  0.634986  0.596928  -0.040887  1.000000  
103.627758 -0.002502  -0.011965  0.005298  0.939465  0.340935  0.034195  -0.336350  0.936642  -0.097826  -0.065381  0.080403  0.994616  0.005097  0.013837  -0.004919  0.664039  0.618727  -0.049249  1.000000  
103.629008 -0.002496  -0.011948  0.005292  0.939530  0.340814  0.033606  -0.336374  0.936789  -0.096331  -0.064313  0.079202  0.994782  0.005175  0.013827  -0.004847  0.686831  0.635839  -0.050355  1.000000  
103.630258 -0.002489  -0.011930  0.005285  0.939533  0.340873  0.032913  -0.336593  0.936878  -0.094684  -0.063111  0.077880  0.994963  0.005269  0.013849  -0.004797  0.719011  0.659006  -0.044998  1.000000  
103.631258 -0.002483  -0.011916  0.005279  0.939588  0.340773  0.032367  -0.336613  0.936994  -0.093460  -0.062176  0.076919  0.995097  0.005354  0.013890  -0.004849  0.739585  0.676071  -0.052941  1.000000  
103.632263 -0.002477  -0.011902  0.005275  0.939643  0.340667  0.031903  -0.336632  0.937130  -0.092009  -0.061241  0.075717  0.995247  0.005479  0.013921  -0.004716  0.763696  0.689306  -0.053524  1.000000  
103.633514 -0.002469  -0.011884  0.005270  0.939719  0.340531  0.031103  -0.336660  0.937286  -0.090310  -0.059906  0.074395  0.995428  0.005509  0.013952  -0.004640  0.794465  0.717451  -0.055232  1.000000  
103.634518 -0.002463  -0.011869  0.005266  0.939771  0.340428  0.030639  -0.336678  0.937418  -0.088858  -0.058971  0.073191  0.995573  0.005532  0.013913  -0.004585  0.822798  0.735233  -0.056190  1.000000  
103.635763 -0.002453  -0.011851  0.005261  0.939837  0.340298  0.030047  -0.336702  0.937586  -0.086976  -0.057769  0.071626  0.995757  0.005600  0.013892  -0.004353  0.855971  0.752708  -0.063789  1.000000  
103.637015 -0.002445  -0.011834  0.005257  0.939909  0.340162  0.029329  -0.336728  0.937753  -0.085048  -0.056433  0.070061  0.995945  0.005590  0.013742  -0.004140  0.888505  0.779601  -0.065211  1.000000  
103.638056 -0.002440  -0.011821  0.005254  0.939966  0.340053  0.028779  -0.336748  0.937891  -0.083437  -0.055364  0.068737  0.996097  0.005532  0.013617  -0.004074  0.911769  0.796550  -0.065850  1.000000  
103.639265 -0.002433  -0.011806  0.005251  0.940035  0.339920  0.028101  -0.336773  0.938061  -0.081395  -0.054028  0.067050  0.996286  0.005628  0.013551  -0.003927  0.945557  0.820074  -0.066794  1.000000  
103.640510 -0.002427  -0.011791  0.005246  0.940039  0.339974  0.027282  -0.336993  0.938161  -0.079312  -0.052559  0.065363  0.996476  0.005664  0.013580  -0.004005  0.977889  0.847755  -0.061086  1.000000  
103.641757 -0.002419  -0.011774  0.005241  0.940117  0.339828  0.026394  -0.337021  0.938338  -0.077065  -0.050955  0.063555  0.996677  0.005817  0.013615  -0.004084  1.010321  0.872017  -0.062025  1.000000  
103.642758 -0.002413  -0.011761  0.005236  0.940174  0.339718  0.025758  -0.337041  0.938474  -0.075294  -0.049753  0.062108  0.996829  0.005917  0.013574  -0.004125  1.043267  0.897342  -0.062983  1.000000  
103.643758 -0.002407  -0.011748  0.005231  0.940230  0.339612  0.025123  -0.337061  0.938608  -0.073523  -0.048550  0.060661  0.996977  0.006039  0.013559  -0.004108  1.071813  0.915349  -0.063436  1.000000  
103.645008 -0.002398  -0.011730  0.005227  0.940302  0.339474  0.024275  -0.337087  0.938780  -0.071161  -0.046946  0.058730  0.997169  0.006144  0.013564  -0.003954  1.108499  0.942339  -0.064189  1.000000  
103.646010 -0.002391  -0.011717  0.005224  0.940355  0.339373  0.023638  -0.337106  0.938906  -0.069389  -0.045743  0.057282  0.997310  0.006256  0.013486  -0.003719  1.127741  0.956943  -0.064356  1.000000  
103.647257 -0.002383  -0.011700  0.005221  0.940428  0.339236  0.022664  -0.337132  0.939072  -0.066982  -0.044006  0.055351  0.997497  0.006279  0.013462  -0.003591  1.164064  0.983666  -0.064966  1.000000  
103.648260 -0.002376  -0.011686  0.005219  0.940483  0.339129  0.021983  -0.337152  0.939208  -0.064936  -0.042669  0.053660  0.997647  0.006291  0.013361  -0.003409  1.196468  1.010489  -0.065693  1.000000  
103.649260 -0.002370  -0.011674  0.005217  0.940541  0.339020  0.021177  -0.337173  0.939343  -0.062846  -0.041198  0.051969  0.997799  0.006296  0.013284  -0.003330  1.226792  1.036919  -0.066080  1.000000  
103.650266 -0.002362  -0.011661  0.005214  0.940597  0.338913  0.020370  -0.337193  0.939473  -0.060755  -0.039728  0.050277  0.997945  0.006292  0.013127  -0.003189  1.251005  1.059231  -0.066232  1.000000  
103.651515 -0.002354  -0.011646  0.005211  0.940665  0.338783  0.019350  -0.337217  0.939634  -0.058073  -0.037856  0.048102  0.998125  0.006308  0.012963  -0.003181  1.291814  1.090782  -0.066683  1.000000  
103.652763 -0.002347  -0.011632  0.005206  0.940726  0.338665  0.018455  -0.337239  0.939786  -0.055435  -0.036118  0.045925  0.998292  0.006318  0.012877  -0.003237  1.329506  1.114170  -0.066424  1.000000  
103.653766 -0.002342  -0.011621  0.005203  0.940771  0.338573  0.017855  -0.337255  0.939911  -0.053160  -0.034781  0.043990  0.998426  0.006255  0.012756  -0.003238  1.361632  1.131807  -0.065934  1.000000  
103.655008 -0.002334  -0.011607  0.005200  0.940830  0.338458  0.016874  -0.337276  0.940058  -0.050363  -0.032909  0.041691  0.998588  0.006279  0.012668  -0.003227  1.393709  1.159134  -0.058650  1.000000  
103.656014 -0.002329  -0.011595  0.005197  0.940871  0.338376  0.016232  -0.337291  0.940166  -0.048201  -0.031571  0.039876  0.998706  0.006315  0.012587  -0.003138  1.421782  1.176782  -0.058111  1.000000  
103.657258 -0.002321  -0.011581  0.005193  0.940929  0.338267  0.015125  -0.337312  0.940300  -0.045358  -0.029565  0.037577  0.998856  0.006350  0.012477  -0.003006  1.454765  1.207436  -0.058114  1.000000  
103.658258 -0.002315  -0.011569  0.005191  0.940969  0.338188  0.014398  -0.337326  0.940404  -0.043037  -0.028094  0.035640  0.998970  0.006325  0.012349  -0.002743  1.487368  1.231134  -0.057386  1.000000  
103.659508 -0.002307  -0.011554  0.005189  0.941020  0.338090  0.013289  -0.337344  0.940523  -0.040193  -0.026088  0.033339  0.999104  0.006319  0.012229  -0.002625  1.519777  1.256227  -0.063757  1.000000  
103.660510 -0.002300  -0.011543  0.005189  0.941127  0.337821  0.012484  -0.337164  0.940690  -0.037709  -0.024483  0.031280  0.999211  0.006279  0.012029  -0.002395  1.557179  1.284370  -0.070019  1.000000  
103.661758 -0.002293  -0.011528  0.005188  0.941172  0.337737  0.011375  -0.337180  0.940794  -0.034865  -0.022476  0.028979  0.999327  0.006241  0.011857  -0.002259  1.589210  1.308749  -0.069119  1.000000  
103.662758 -0.002286  -0.011517  0.005188  0.941210  0.337665  0.010309  -0.337194  0.940881  -0.032293  -0.020604  0.026919  0.999425  0.006226  0.011735  -0.002152  1.618558  1.338721  -0.068341  1.000000  
103.664014 -0.002278  -0.011504  0.005185  0.941249  0.337588  0.009195  -0.337208  0.940982  -0.029061  -0.018463  0.024253  0.999535  0.006186  0.011488  -0.002191  1.657891  1.368024  -0.067259  1.000000  
103.665258 -0.002271  -0.011492  0.005182  0.941284  0.337519  0.008081  -0.337220  0.941071  -0.025828  -0.016323  0.021586  0.999634  0.006087  0.011308  -0.002156  1.694018  1.399156  -0.065812  1.000000  
103.666508 -0.002264  -0.011480  0.005180  0.941384  0.337264  0.006972  -0.337038  0.941220  -0.022593  -0.014182  0.018919  0.999720  0.005979  0.011079  -0.002020  1.730899  1.425943  -0.070907  1.000000  
103.667514 -0.002259  -0.011471  0.005178  0.941406  0.337220  0.006071  -0.337045  0.941277  -0.019952  -0.012443  0.016737  0.999783  0.005921  0.010873  -0.001882  1.760949  1.450899  -0.069261  1.000000  
103.668523 -0.002254  -0.011463  0.005177  0.941425  0.337182  0.005211  -0.337052  0.941329  -0.017197  -0.010704  0.014433  0.999839  0.005902  0.010741  -0.001773  1.796404  1.475851  -0.067654  1.000000  
103.669530 -0.002250  -0.011454  0.005176  0.941441  0.337149  0.004351  -0.337058  0.941373  -0.014441  -0.008964  0.012129  0.999886  0.005809  0.010545  -0.001661  1.825180  1.490825  -0.065538  1.000000  
103.670764 -0.002244  -0.011443  0.005175  0.941527  0.336921  0.003234  -0.336870  0.941489  -0.010819  -0.006690  0.009097  0.999936  0.005758  0.010341  -0.001500  1.871307  1.522678  -0.077031  1.000000  
103.671766 -0.002239  -0.011433  0.005174  0.941537  0.336902  0.002373  -0.336874  0.941515  -0.008063  -0.004951  0.006792  0.999965  0.005701  0.010182  -0.001313  1.899588  1.536138  -0.074634  1.000000  
103.673010 -0.002232  -0.011422  0.005174  0.941545  0.336885  0.001253  -0.336877  0.941538  -0.004442  -0.002676  0.003760  0.999989  0.005660  0.009945  -0.001200  1.940771  1.563677  -0.071806  1.000000  
103.674258 -0.002225  -0.011411  0.005174  0.941548  0.336878  0.000051  -0.336878  0.941548  -0.001049  -0.000401  0.000970  0.999999  0.005555  0.009719  -0.001051  1.969432  1.586471  -0.068796  1.000000  
103.675259 -0.002220  -0.011403  0.005173  0.941617  0.336685  -0.000937  -0.336684  0.941616  0.001752  0.001472  -0.001334  0.999998  0.005469  0.009467  -0.001128  1.998020  1.604345  -0.073239  1.000000  
103.676508 -0.002213  -0.011393  0.005170  0.941611  0.336696  -0.002098  -0.336682  0.941604  0.005259  0.003746  -0.004245  0.999984  0.005406  0.009212  -0.001231  2.027508  1.628212  -0.070053  1.000000  
103.677759 -0.002207  -0.011384  0.005169  0.941671  0.336522  -0.003054  -0.336484  0.941647  0.008948  0.005887  -0.007399  0.999955  0.005207  0.008862  -0.001230  2.071773  1.640817  -0.073037  1.000000  
103.679008 -0.002200  -0.011375  0.005167  0.941657  0.336552  -0.003968  -0.336479  0.941605  0.012753  0.008028  -0.010674  0.999911  0.005210  0.008616  -0.001206  2.106710  1.649412  -0.068841  1.000000  
103.680258 -0.002195  -0.011367  0.005165  0.941706  0.336399  -0.005010  -0.336278  0.941616  0.016601  0.010302  -0.013948  0.999850  0.005040  0.008286  -0.001129  2.143730  1.667797  -0.071549  1.000000  
103.681258 -0.002192  -0.011361  0.005165  0.941759  0.336242  -0.005669  -0.336078  0.941631  0.019538  0.011908  -0.016494  0.999793  0.004948  0.008035  -0.001041  2.171987  1.672248  -0.074944  1.000000  
103.682260 -0.002188  -0.011356  0.005165  0.941736  0.336288  -0.006577  -0.336070  0.941567  0.022566  0.013781  -0.019041  0.999724  0.004899  0.007878  -0.000973  2.199757  1.689913  -0.071630  1.000000  
103.683268 -0.002183  -0.011349  0.005164  0.941779  0.336148  -0.007489  -0.335867  0.941562  0.025592  0.015654  -0.021587  0.999644  0.004851  0.007721  -0.000941  2.221783  1.708313  -0.074951  1.000000  
103.684277 -0.002179  -0.011343  0.005163  0.941821  0.336012  -0.008276  -0.335664  0.941548  0.028572  0.017393  -0.024132  0.999557  0.004816  0.007549  -0.000840  2.245134  1.712101  -0.078147  1.000000  
103.685517 -0.002174  -0.011335  0.005161  0.941782  0.336096  -0.009317  -0.335650  0.941429  0.032419  0.019667  -0.027404  0.999431  0.004731  0.007297  -0.000907  2.278476  1.730978  -0.073517  1.000000  
103.686765 -0.002168  -0.011327  0.005159  0.941803  0.336001  -0.010491  -0.335439  0.941362  0.036308  0.022075  -0.030676  0.999286  0.004682  0.007080  -0.001014  2.307189  1.749382  -0.075580  1.000000  
103.687765 -0.002164  -0.011321  0.005157  0.941832  0.335894  -0.011325  -0.335230  0.941305  0.039560  0.023948  -0.033462  0.999153  0.004601  0.006826  -0.001117  2.339394  1.758328  -0.078472  1.000000  
103.689015 -0.002159  -0.011315  0.005155  0.941847  0.335817  -0.012293  -0.335017  0.941201  0.043630  0.026222  -0.036974  0.998972  0.004502  0.006529  -0.001310  2.379997  1.772076  -0.080254  1.000000  
103.690260 -0.002153  -0.011308  0.005151  0.941926  0.335556  -0.013312  -0.334609  0.941155  0.047582  0.028495  -0.040365  0.998779  0.004458  0.006309  -0.001455  2.408886  1.781755  -0.081886  1.000000  
103.691509 -0.002148  -0.011302  0.005148  0.941932  0.335501  -0.014283  -0.334392  0.941018  0.051650  0.030769  -0.043875  0.998563  0.004326  0.006049  -0.001546  2.445237  1.789525  -0.083194  1.000000  
103.692758 -0.002144  -0.011296  0.005145  0.941932  0.335461  -0.015173  -0.334174  0.940850  0.055945  0.033042  -0.047626  0.998319  0.004182  0.005831  -0.001541  2.485375  1.789845  -0.084413  1.000000  
103.693758 -0.002141  -0.011292  0.005143  0.941941  0.335397  -0.016011  -0.333959  0.940727  0.059191  0.034914  -0.050407  0.998118  0.004033  0.005629  -0.001605  2.510600  1.796581  -0.087253  1.000000  
103.695008 -0.002137  -0.011288  0.005141  0.942001  0.335182  -0.016956  -0.333544  0.940603  0.063365  0.037187  -0.054035  0.997846  0.003932  0.005397  -0.001621  2.542260  1.801182  -0.095336  1.000000  
103.696018 -0.002134  -0.011283  0.005139  0.942002  0.335134  -0.017796  -0.333326  0.940456  0.066609  0.039059  -0.056814  0.997620  0.003910  0.005283  -0.001769  2.561509  1.805281  -0.090738  1.000000  
103.697258 -0.002130  -0.011278  0.005137  0.942053  0.334933  -0.018866  -0.332908  0.940325  0.070438  0.041332  -0.060076  0.997338  0.003834  0.005153  -0.001865  2.578918  1.810612  -0.098540  1.000000  
103.698267 -0.002127  -0.011274  0.005133  0.942047  0.334899  -0.019748  -0.332687  0.940163  0.073565  0.043204  -0.062732  0.997095  0.003766  0.005033  -0.002036  2.594270  1.815151  -0.100886  1.000000  
103.699510 -0.002122  -0.011268  0.005129  0.942089  0.334724  -0.020699  -0.332266  0.939977  0.077732  0.045476  -0.066353  0.996759  0.003765  0.004908  -0.002233  2.618217  1.820491  -0.108555  1.000000  
103.700514 -0.002119  -0.011263  0.005126  0.942075  0.334712  -0.021502  -0.332043  0.939773  0.081085  0.047347  -0.069248  0.996475  0.003681  0.004805  -0.002355  2.632267  1.819813  -0.110486  1.000000  
103.701764 -0.002114  -0.011257  0.005121  0.942108  0.334560  -0.022415  -0.331618  0.939544  0.085362  0.049619  -0.072987  0.996098  0.003630  0.004667  -0.002575  2.660132  1.824928  -0.111123  1.000000  
103.703010 -0.002110  -0.011252  0.005117  0.942135  0.334417  -0.023371  -0.331192  0.939307  0.089523  0.051891  -0.076602  0.995711  0.003527  0.004522  -0.002671  2.681183  1.827312  -0.119654  1.000000  
103.704019 -0.002106  -0.011247  0.005113  0.942172  0.334247  -0.024320  -0.330769  0.939127  0.092909  0.053895  -0.079492  0.995377  0.003460  0.004461  -0.002759  2.704273  1.832233  -0.128612  1.000000  
103.705258 -0.002102  -0.011243  0.005110  0.942190  0.334126  -0.025279  -0.330340  0.938858  0.097065  0.056166  -0.083103  0.994957  0.003400  0.004327  -0.002737  2.726690  1.831764  -0.128470  1.000000  
103.706261 -0.002099  -0.011239  0.005107  0.942225  0.333966  -0.026066  -0.329916  0.938643  0.100518  0.058036  -0.086111  0.994594  0.003316  0.004284  -0.002777  2.752433  1.834413  -0.138463  1.000000  
103.707508 -0.002096  -0.011234  0.005103  0.942233  0.333869  -0.026987  -0.329484  0.938329  0.104783  0.060307  -0.089838  0.994129  0.003247  0.004168  -0.002856  2.772556  1.840026  -0.138820  1.000000  
103.708758 -0.002092  -0.011230  0.005098  0.942245  0.333774  -0.027744  -0.329053  0.937986  0.109115  0.062443  -0.093684  0.993642  0.003232  0.004122  -0.002980  2.791791  1.841129  -0.146029  1.000000  
103.709758 -0.002090  -0.011227  0.005094  0.942276  0.333629  -0.028409  -0.328628  0.937733  0.112517  0.064179  -0.096686  0.993244  0.003223  0.004134  -0.003182  2.805598  1.836313  -0.146691  1.000000  
103.711008 -0.002086  -0.011222  0.005089  0.942339  0.333371  -0.029359  -0.327998  0.937434  0.116767  0.066449  -0.100405  0.992725  0.003199  0.004113  -0.003309  2.822617  1.847723  -0.154832  1.000000  
103.712015 -0.002082  -0.011217  0.005086  0.942363  0.333242  -0.030028  -0.327571  0.937154  0.120165  0.068184  -0.103403  0.992300  0.003283  0.004143  -0.003463  2.837414  1.844207  -0.163715  1.000000  
103.713032 -0.002078  -0.011213  0.005082  0.942384  0.333124  -0.030657  -0.327144  0.936847  0.123673  0.069920  -0.106519  0.991849  0.003271  0.004108  -0.003487  2.855980  1.839972  -0.165569  1.000000  
103.714266 -0.002073  -0.011206  0.005077  0.942366  0.333092  -0.031547  -0.326703  0.936415  0.128035  0.072188  -0.110350  0.991268  0.003321  0.004172  -0.003541  2.878356  1.845109  -0.164086  1.000000  
103.715511 -0.002069  -0.011201  0.005073  0.942420  0.332865  -0.032339  -0.326069  0.936036  0.132344  0.074323  -0.114179  0.990676  0.003354  0.004144  -0.003537  2.896440  1.842360  -0.178268  1.000000  
103.716762 -0.002063  -0.011194  0.005069  0.942382  0.332868  -0.033397  -0.325622  0.935576  0.136629  0.076725  -0.117881  0.990059  0.003367  0.004190  -0.003412  2.911199  1.843281  -0.178570  1.000000  
103.717762 -0.002059  -0.011190  0.005067  0.942445  0.332604  -0.034226  -0.324992  0.935289  0.140049  0.078592  -0.120866  0.989553  0.003412  0.004196  -0.003338  2.917997  1.844860  -0.186847  1.000000  
103.718766 -0.002055  -0.011185  0.005065  0.942448  0.332529  -0.034863  -0.324559  0.934910  0.143545  0.080326  -0.123969  0.989030  0.003446  0.004229  -0.003313  2.928886  1.843353  -0.190494  1.000000  
103.720018 -0.002050  -0.011179  0.005060  0.942417  0.332540  -0.035593  -0.324114  0.934375  0.147960  0.082460  -0.127904  0.988353  0.003550  0.004309  -0.003341  2.947808  1.839122  -0.183969  1.000000  
103.721260 -0.002044  -0.011174  0.005056  0.942448  0.332370  -0.036355  -0.323474  0.933889  0.152364  0.084593  -0.131836  0.987655  0.003665  0.004318  -0.003393  2.963241  1.836960  -0.191216  1.000000  
103.722506 -0.002039  -0.011169  0.005052  0.942474  0.332212  -0.037120  -0.322833  0.933383  0.156764  0.086726  -0.135763  0.986938  0.003781  0.004386  -0.003371  2.973715  1.837073  -0.195728  1.000000  
103.723509 -0.002034  -0.011164  0.005048  0.942463  0.332167  -0.037802  -0.322395  0.932962  0.160135  0.088459  -0.138734  0.986371  0.003942  0.004482  -0.003377  2.976854  1.831223  -0.200140  1.000000  
103.724758 -0.002028  -0.011158  0.005044  0.942480  0.332033  -0.038530  -0.321751  0.932400  0.164640  0.090591  -0.142773  0.985601  0.004100  0.004560  -0.003379  2.992065  1.828297  -0.200310  1.000000  
103.726008 -0.002021  -0.011152  0.005040  0.942505  0.331888  -0.039175  -0.321110  0.931844  0.168985  0.092590  -0.146690  0.984840  0.004296  0.004667  -0.003258  3.006905  1.820174  -0.205678  1.000000  
103.727258 -0.002014  -0.011146  0.005036  0.942591  0.331571  -0.039779  -0.320273  0.931293  0.173544  0.094588  -0.150841  0.984022  0.004472  0.004686  -0.003183  3.036477  1.812911  -0.213279  1.000000  
103.728259 -0.002009  -0.011141  0.005033  0.942632  0.331374  -0.040462  -0.319638  0.930860  0.177006  0.096319  -0.153918  0.983378  0.004584  0.004734  -0.003111  3.051702  1.811020  -0.222107  1.000000  
103.729508 -0.002001  -0.011134  0.005030  0.942631  0.331278  -0.041239  -0.318989  0.930240  0.181381  0.098450  -0.157820  0.982548  0.004728  0.004767  -0.003037  3.061928  1.807899  -0.222394  1.000000  
103.730758 -0.001994  -0.011128  0.005028  0.942692  0.331003  -0.042057  -0.318144  0.929669  0.185742  0.100580  -0.161717  0.981698  0.004938  0.004753  -0.002905  3.072623  1.806200  -0.229576  1.000000  
103.731758 -0.001987  -0.011123  0.005025  0.942734  0.330816  -0.042582  -0.317510  0.929175  0.189263  0.102177  -0.164904  0.981003  0.005076  0.004763  -0.002938  3.078766  1.799602  -0.238475  1.000000  
103.733011 -0.001979  -0.011117  0.005023  0.942734  0.330737  -0.043201  -0.316862  0.928483  0.193695  0.104174  -0.168914  0.980110  0.005301  0.004772  -0.002939  3.098498  1.790708  -0.236263  1.000000  
103.734022 -0.001972  -0.011112  0.005020  0.942769  0.330566  -0.043730  -0.316226  0.927960  0.197208  0.105770  -0.172093  0.979386  0.005506  0.004772  -0.002906  3.104739  1.780693  -0.238299  1.000000  
103.735261 -0.001963  -0.011107  0.005016  0.942748  0.330517  -0.044558  -0.315571  0.927272  0.201448  0.107899  -0.175853  0.978485  0.005734  0.004807  -0.002891  3.112404  1.774193  -0.239617  1.000000  
103.736264 -0.001956  -0.011102  0.005013  0.942777  0.330362  -0.045090  -0.314933  0.926721  0.204954  0.109495  -0.179025  0.977732  0.005928  0.004763  -0.002832  3.113448  1.767272  -0.248639  1.000000  
103.737514 -0.001947  -0.011097  0.005011  0.942825  0.330131  -0.045759  -0.314087  0.926023  0.209358  0.111490  -0.183015  0.976768  0.006118  0.004744  -0.002755  3.124069  1.764719  -0.249034  1.000000  
103.738761 -0.001938  -0.011091  0.005008  0.942884  0.329887  -0.046308  -0.313244  0.925313  0.213714  0.113351  -0.187002  0.975798  0.006414  0.004814  -0.002606  3.130318  1.754468  -0.257468  1.000000  
103.740012 -0.001927  -0.011085  0.005006  0.942938  0.329654  -0.046860  -0.312400  0.924583  0.218066  0.115212  -0.190984  0.974808  0.006678  0.004768  -0.002451  3.140321  1.753015  -0.264759  1.000000  
103.741257 -0.001917  -0.011079  0.005003  0.942989  0.329425  -0.047455  -0.311555  0.923859  0.222300  0.117072  -0.194842  0.973823  0.006888  0.004733  -0.002425  3.151451  1.737590  -0.267514  1.000000  
103.742257 -0.001909  -0.011075  0.005001  0.943016  0.329291  -0.047835  -0.310918  0.923211  0.225856  0.118534  -0.198113  0.972986  0.007046  0.004674  -0.002362  3.158034  1.730559  -0.269922  1.000000  
103.743262 -0.001900  -0.011071  0.004999  0.943026  0.329183  -0.048380  -0.310276  0.922569  0.229337  0.120128  -0.201260  0.972144  0.007264  0.004630  -0.002294  3.162026  1.727848  -0.274937  1.000000  
103.744516 -0.001890  -0.011067  0.004996  0.943066  0.328986  -0.048943  -0.309429  0.921766  0.233668  0.121987  -0.205220  0.971084  0.007415  0.004515  -0.002315  3.165803  1.722142  -0.279758  1.000000  
103.745765 -0.001879  -0.011062  0.004991  0.943101  0.328799  -0.049508  -0.308580  0.920944  0.237994  0.123846  -0.209175  0.970004  0.007674  0.004425  -0.002441  3.176067  1.706534  -0.282580  1.000000  
103.746765 -0.001871  -0.011058  0.004988  0.943118  0.328682  -0.049976  -0.307941  0.920295  0.241310  0.125307  -0.212194  0.969160  0.007753  0.004338  -0.002540  3.178977  1.695470  -0.286286  1.000000  
103.748016 -0.001860  -0.011054  0.004983  0.943162  0.328479  -0.050463  -0.307096  0.919475  0.245473  0.127032  -0.216024  0.968089  0.007924  0.004208  -0.002613  3.181113  1.684368  -0.288562  1.000000  
103.749018 -0.001851  -0.011050  0.004980  0.943173  0.328382  -0.050894  -0.306455  0.918770  0.248892  0.128492  -0.219152  0.967193  0.008058  0.004116  -0.002673  3.183088  1.672949  -0.292132  1.000000  
103.750022 -0.001842  -0.011047  0.004977  0.943181  0.328291  -0.051327  -0.305814  0.918051  0.252308  0.129951  -0.222275  0.966285  0.008188  0.004036  -0.002658  3.181229  1.670545  -0.294106  1.000000  
103.751272 -0.001831  -0.011043  0.004973  0.943262  0.327966  -0.051917  -0.304768  0.917179  0.256707  0.131808  -0.226320  0.965094  0.008364  0.003970  -0.002707  3.186109  1.665051  -0.302194  1.000000  
103.752511 -0.001819  -0.011039  0.004969  0.943247  0.327957  -0.052238  -0.304120  0.916234  0.260820  0.133400  -0.230131  0.963973  0.008540  0.003894  -0.002742  3.190288  1.649156  -0.298943  1.000000  
103.753512 -0.001809  -0.011035  0.004967  0.943327  0.327663  -0.052647  -0.303288  0.915581  0.264061  0.134726  -0.233128  0.963068  0.008718  0.003778  -0.002832  3.187515  1.639239  -0.309658  1.000000  
