1-Time 2-Px 3-Py 4-Pz 5-R11 6-R21 7-R31 8-R12 9-R22 10-R32 11-R13 12-R23 13-R33 14-Vx 15-Vy 16-Vz 17-Wx 18-Wy 19-Wz 20-state
138.584943 0.001801  -0.012580  -0.004894  0.456789  0.804352  0.379950  -0.874136  0.485089  0.023984  -0.165018  -0.343083  0.924696  0.000288  0.000214  -0.000063  0.000000  0.000000  0.000000  1.000000  
138.586062 0.001801  -0.012580  -0.004894  0.456778  0.804331  0.380007  -0.874116  0.485130  0.023874  -0.165150  -0.343075  0.924675  0.000000  0.000000  0.000000  0.000000  0.000000  0.000000  1.000000  
138.587267 0.001802  -0.012575  -0.004892  0.456778  0.804331  0.380007  -0.874116  0.485130  0.023874  -0.165150  -0.343075  0.924675  0.000573  0.002857  0.001351  0.000000  0.000000  0.000000  1.000000  
138.588517 0.001804  -0.012566  -0.004887  0.456778  0.804331  0.380007  -0.874116  0.485130  0.023874  -0.165150  -0.343075  0.924675  0.001130  0.004253  0.002371  0.000000  0.000000  0.000000  1.000000  
138.589764 0.001805  -0.012561  -0.004884  0.456778  0.804377  0.379909  -0.874116  0.485133  0.023815  -0.165150  -0.342963  0.924717  0.001007  0.004189  0.002405  0.000000  0.000000  0.000000  1.000000  
138.591011 0.001805  -0.012557  -0.004880  0.456778  0.804377  0.379909  -0.874116  0.485133  0.023815  -0.165150  -0.342963  0.924717  0.000759  0.004003  0.002430  0.000000  0.000000  0.000000  1.000000  
138.592017 0.001806  -0.012552  -0.004879  0.456778  0.804423  0.379812  -0.874116  0.485136  0.023756  -0.165150  -0.342851  0.924759  0.000739  0.004196  0.002296  0.000000  0.000000  0.000000  1.000000  
138.593263 0.001806  -0.012544  -0.004877  0.456778  0.804423  0.379812  -0.874116  0.485136  0.023756  -0.165150  -0.342851  0.924759  0.000665  0.004508  0.002132  0.000000  0.000000  0.000000  1.000000  
138.594264 0.001805  -0.012539  -0.004876  0.456778  0.804423  0.379812  -0.874116  0.485136  0.023756  -0.165150  -0.342851  0.924759  0.000498  0.004564  0.001985  0.000000  0.000000  0.000000  1.000000  
138.595510 0.001803  -0.012533  -0.004875  0.456778  0.804423  0.379812  -0.874116  0.485136  0.023756  -0.165150  -0.342851  0.924759  0.000269  0.004596  0.001903  0.000000  0.000000  0.000000  1.000000  
138.596760 0.001803  -0.012527  -0.004872  0.456778  0.804423  0.379812  -0.874116  0.485136  0.023756  -0.165150  -0.342851  0.924759  0.000198  0.004666  0.001970  0.000000  0.000000  0.000000  1.000000  
138.598009 0.001803  -0.012519  -0.004869  0.456778  0.804423  0.379812  -0.874116  0.485136  0.023756  -0.165150  -0.342851  0.924759  0.000164  0.004777  0.001992  0.000000  0.000000  0.000000  1.000000  
138.599010 0.001803  -0.012512  -0.004866  0.456778  0.804423  0.379812  -0.874116  0.485136  0.023756  -0.165150  -0.342851  0.924759  0.000192  0.004969  0.002074  0.000000  0.000000  0.000000  1.000000  
138.600018 0.001803  -0.012504  -0.004863  0.456598  0.804523  0.379817  -0.874210  0.484970  0.023678  -0.165150  -0.342851  0.924759  0.000186  0.005168  0.002091  0.000000  0.000000  0.000000  1.000000  
138.601019 0.001805  -0.012494  -0.004858  0.456598  0.804477  0.379914  -0.874210  0.484967  0.023737  -0.165150  -0.342963  0.924717  0.000263  0.005742  0.002400  0.000000  0.000000  0.000000  1.000000  
138.602264 0.001808  -0.012480  -0.004853  0.456598  0.804477  0.379914  -0.874210  0.484967  0.023737  -0.165150  -0.342963  0.924717  0.000430  0.006273  0.002570  0.000000  0.000000  0.000000  1.000000  
138.603268 0.001811  -0.012469  -0.004850  0.456778  0.804377  0.379909  -0.874116  0.485133  0.023815  -0.165150  -0.342963  0.924717  0.000421  0.006609  0.002480  0.000000  0.000000  0.000000  1.000000  
138.604511 0.001811  -0.012457  -0.004847  0.456778  0.804423  0.379812  -0.874116  0.485136  0.023756  -0.165150  -0.342851  0.924759  0.000469  0.007047  0.002463  0.000000  0.000000  0.000000  1.000000  
138.605762 0.001812  -0.012444  -0.004844  0.456768  0.804402  0.379869  -0.874097  0.485176  0.023647  -0.165282  -0.342843  0.924738  0.000499  0.007696  0.002450  0.000000  0.000000  0.000000  1.000000  
138.607011 0.001812  -0.012431  -0.004841  0.456768  0.804448  0.379772  -0.874097  0.485179  0.023588  -0.165282  -0.342731  0.924780  0.000448  0.008091  0.002542  0.000000  0.000000  0.000000  1.000000  
138.608017 0.001813  -0.012420  -0.004836  0.456768  0.804448  0.379772  -0.874097  0.485179  0.023588  -0.165282  -0.342731  0.924780  0.000488  0.008452  0.002795  0.000000  0.000000  0.000000  1.000000  
138.609047 0.001813  -0.012410  -0.004831  0.456768  0.804448  0.379772  -0.874097  0.485179  0.023588  -0.165282  -0.342731  0.924780  0.000560  0.008754  0.003105  0.000000  0.000000  0.000000  1.000000  
138.610270 0.001811  -0.012399  -0.004823  0.456768  0.804448  0.379772  -0.874097  0.485179  0.023588  -0.165282  -0.342731  0.924780  0.000533  0.009057  0.003535  0.000000  0.000000  0.000000  1.000000  
138.611511 0.001811  -0.012388  -0.004814  0.456768  0.804494  0.379674  -0.874097  0.485182  0.023529  -0.165282  -0.342619  0.924821  0.000526  0.009402  0.003936  0.000000  0.000000  0.000000  1.000000  
138.612511 0.001811  -0.012377  -0.004808  0.456768  0.804494  0.379674  -0.874097  0.485182  0.023529  -0.165282  -0.342619  0.924821  0.000583  0.009741  0.004146  0.000000  0.000000  0.000000  1.000000  
138.613761 0.001812  -0.012363  -0.004802  0.456948  0.804394  0.379669  -0.874002  0.485348  0.023607  -0.165282  -0.342619  0.924821  0.000610  0.010118  0.004304  0.000000  0.000000  0.000000  1.000000  
138.615014 0.001815  -0.012348  -0.004797  0.456948  0.804394  0.379669  -0.874002  0.485348  0.023607  -0.165282  -0.342619  0.924821  0.000744  0.010392  0.004412  0.000000  0.000000  0.000000  1.000000  
138.616019 0.001816  -0.012337  -0.004793  0.456948  0.804394  0.379669  -0.874002  0.485348  0.023607  -0.165282  -0.342619  0.924821  0.000666  0.010464  0.004354  0.000000  0.000000  0.000000  1.000000  
138.617021 0.001816  -0.012326  -0.004790  0.456948  0.804394  0.379669  -0.874002  0.485348  0.023607  -0.165282  -0.342619  0.924821  0.000536  0.010477  0.004251  0.000000  0.000000  0.000000  1.000000  
138.618268 0.001816  -0.012312  -0.004786  0.456948  0.804394  0.379669  -0.874002  0.485348  0.023607  -0.165282  -0.342619  0.924821  0.000378  0.010476  0.004240  0.000000  0.000000  0.000000  1.000000  
138.619513 0.001815  -0.012299  -0.004783  0.457128  0.804294  0.379664  -0.873908  0.485513  0.023685  -0.165282  -0.342619  0.924821  0.000260  0.010519  0.004262  0.000000  0.000000  0.000000  1.000000  
138.620513 0.001815  -0.012290  -0.004780  0.457128  0.804340  0.379567  -0.873908  0.485516  0.023626  -0.165282  -0.342507  0.924863  0.000156  0.010431  0.004346  0.000000  0.000000  0.000000  1.000000  
138.621763 0.001812  -0.012279  -0.004774  0.457128  0.804340  0.379567  -0.873908  0.485516  0.023626  -0.165282  -0.342507  0.924863  -0.000003  0.010260  0.004537  0.000000  0.000000  0.000000  1.000000  
138.623017 0.001810  -0.012268  -0.004766  0.457298  0.804219  0.379619  -0.873795  0.485722  0.023595  -0.165414  -0.342499  0.924842  -0.000242  0.010112  0.004650  0.000000  0.000000  0.000000  1.000000  
138.624042 0.001808  -0.012259  -0.004760  0.457298  0.804265  0.379522  -0.873795  0.485725  0.023536  -0.165414  -0.342387  0.924883  -0.000377  0.010038  0.004712  0.000000  0.000000  0.000000  1.000000  
138.625264 0.001805  -0.012249  -0.004752  0.457308  0.804286  0.379464  -0.873814  0.485685  0.023646  -0.165282  -0.342395  0.924904  -0.000426  0.010029  0.004688  0.000000  0.000000  0.000000  1.000000  
138.626511 0.001804  -0.012238  -0.004747  0.457488  0.804186  0.379459  -0.873720  0.485850  0.023724  -0.165282  -0.342395  0.924904  -0.000482  0.009985  0.004447  0.000000  0.000000  0.000000  1.000000  
138.627512 0.001804  -0.012228  -0.004743  0.457488  0.804232  0.379362  -0.873720  0.485853  0.023665  -0.165282  -0.342282  0.924946  -0.000502  0.009943  0.004314  0.000000  0.000000  0.000000  1.000000  
138.628761 0.001805  -0.012215  -0.004739  0.457668  0.804132  0.379357  -0.873626  0.486019  0.023743  -0.165282  -0.342282  0.924946  -0.000592  0.009844  0.004184  0.000000  0.000000  0.000000  1.000000  
138.630012 0.001805  -0.012201  -0.004733  0.457668  0.804178  0.379259  -0.873626  0.486021  0.023684  -0.165282  -0.342170  0.924987  -0.000668  0.009841  0.004302  0.000000  0.000000  0.000000  1.000000  
138.631261 0.001803  -0.012188  -0.004726  0.457847  0.804124  0.379157  -0.873532  0.486190  0.023703  -0.165282  -0.342058  0.925029  -0.000786  0.009769  0.004437  0.000000  0.000000  0.000000  1.000000  
138.632263 0.001803  -0.012179  -0.004720  0.457847  0.804124  0.379157  -0.873532  0.486190  0.023703  -0.165282  -0.342058  0.925029  -0.000878  0.009596  0.004596  0.000000  0.000000  0.000000  1.000000  
138.633267 0.001802  -0.012170  -0.004715  0.458027  0.804070  0.379055  -0.873437  0.486358  0.023722  -0.165282  -0.341946  0.925070  -0.000921  0.009434  0.004780  0.000000  0.000000  0.000000  1.000000  
138.634314 0.001801  -0.012163  -0.004710  0.458207  0.804016  0.378952  -0.873343  0.486527  0.023741  -0.165282  -0.341834  0.925112  -0.000991  0.009209  0.004952  0.000000  0.000000  0.000000  1.000000  
138.635517 0.001798  -0.012153  -0.004704  0.458207  0.804016  0.378952  -0.873343  0.486527  0.023741  -0.165282  -0.341834  0.925112  -0.001099  0.009146  0.005050  0.000000  0.000000  0.000000  1.000000  
138.636519 0.001796  -0.012145  -0.004700  0.458387  0.803962  0.378850  -0.873249  0.486695  0.023760  -0.165282  -0.341721  0.925153  -0.001104  0.009085  0.005024  0.000000  0.000000  0.000000  1.000000  
138.637761 0.001794  -0.012135  -0.004696  0.458567  0.803907  0.378747  -0.873154  0.486864  0.023779  -0.165282  -0.341609  0.925195  -0.001082  0.009006  0.004811  0.000000  0.000000  0.000000  1.000000  
138.638767 0.001794  -0.012127  -0.004692  0.458746  0.803853  0.378645  -0.873060  0.487032  0.023798  -0.165282  -0.341497  0.925236  -0.000937  0.008992  0.004629  0.000000  0.000000  0.000000  1.000000  
138.640017 0.001794  -0.012116  -0.004688  0.458926  0.803799  0.378543  -0.872965  0.487200  0.023817  -0.165282  -0.341385  0.925277  -0.000715  0.009006  0.004379  0.000000  0.000000  0.000000  1.000000  
138.641259 0.001796  -0.012105  -0.004686  0.459106  0.803744  0.378440  -0.872871  0.487369  0.023836  -0.165282  -0.341272  0.925319  -0.000506  0.009046  0.004111  0.000000  0.000000  0.000000  1.000000  
138.642260 0.001797  -0.012095  -0.004681  0.459285  0.803690  0.378338  -0.872776  0.487537  0.023854  -0.165282  -0.341160  0.925360  -0.000472  0.009071  0.004187  0.000000  0.000000  0.000000  1.000000  
138.643510 0.001798  -0.012081  -0.004676  0.459465  0.803681  0.378138  -0.872682  0.487708  0.023814  -0.165282  -0.340936  0.925443  -0.000443  0.009035  0.004238  0.000000  0.000000  0.000000  1.000000  
138.644760 0.001799  -0.012069  -0.004669  0.459824  0.803526  0.378031  -0.872493  0.488042  0.023910  -0.165282  -0.340824  0.925484  -0.000336  0.008974  0.004365  0.000000  0.000000  0.000000  1.000000  
138.646010 0.001800  -0.012057  -0.004660  0.460194  0.803438  0.377768  -0.872323  0.488338  0.024057  -0.165150  -0.340607  0.925588  -0.000277  0.008902  0.004467  0.000000  0.000000  0.000000  1.000000  
138.647260 0.001799  -0.012046  -0.004652  0.460374  0.803429  0.377568  -0.872228  0.488510  0.024016  -0.165150  -0.340382  0.925670  -0.000263  0.008882  0.004571  0.000000  0.000000  0.000000  1.000000  
138.648265 0.001799  -0.012037  -0.004647  0.460733  0.803320  0.377363  -0.872038  0.488846  0.024053  -0.165150  -0.340157  0.925753  -0.000230  0.008914  0.004491  0.000000  0.000000  0.000000  1.000000  
138.649512 0.001798  -0.012025  -0.004642  0.461092  0.803210  0.377159  -0.871849  0.489183  0.024090  -0.165150  -0.339933  0.925835  -0.000124  0.009065  0.004435  0.000000  0.000000  0.000000  1.000000  
138.650516 0.001797  -0.012015  -0.004638  0.461451  0.803100  0.376954  -0.871659  0.489519  0.024126  -0.165150  -0.339708  0.925918  -0.000037  0.009168  0.004405  0.000000  0.000000  0.000000  1.000000  
138.651765 0.001796  -0.012004  -0.004633  0.461820  0.803056  0.376594  -0.871488  0.489819  0.024213  -0.165018  -0.339379  0.926062  0.000111  0.009362  0.004394  0.000000  0.000000  0.000000  1.000000  
138.652766 0.001796  -0.011993  -0.004629  0.462179  0.802946  0.376389  -0.871298  0.490155  0.024249  -0.165018  -0.339154  0.926144  0.000134  0.009468  0.004391  0.000000  0.000000  0.000000  1.000000  
138.654043 0.001797  -0.011980  -0.004623  0.462537  0.802881  0.376087  -0.871107  0.490495  0.024226  -0.165018  -0.338817  0.926268  0.000182  0.009678  0.004546  -0.097229  0.080944  -0.180928  1.000000  
138.655261 0.001798  -0.011966  -0.004618  0.462717  0.802871  0.375887  -0.871012  0.490666  0.024184  -0.165018  -0.338593  0.926350  0.000245  0.009907  0.004663  -0.103478  0.078476  -0.187496  1.000000  
138.656264 0.001799  -0.011955  -0.004613  0.462906  0.802928  0.375532  -0.870936  0.490800  0.024192  -0.164886  -0.338263  0.926494  0.000222  0.010039  0.004811  -0.116573  0.083308  -0.187503  1.000000  
138.657511 0.001800  -0.011941  -0.004607  0.463265  0.802817  0.375327  -0.870746  0.491136  0.024228  -0.164886  -0.338038  0.926576  0.000141  0.010063  0.004895  -0.117392  0.087258  -0.198683  1.000000  
138.658511 0.001799  -0.011930  -0.004602  0.463623  0.802751  0.375025  -0.870555  0.491476  0.024203  -0.164886  -0.337701  0.926699  0.000026  0.010055  0.004898  -0.129467  0.090307  -0.206773  1.000000  
138.659511 0.001799  -0.011920  -0.004597  0.463803  0.802741  0.374825  -0.870459  0.491647  0.024161  -0.164886  -0.337476  0.926781  -0.000004  0.010093  0.004846  -0.132399  0.092619  -0.213192  1.000000  
138.660761 0.001798  -0.011907  -0.004591  0.464171  0.802696  0.374465  -0.870288  0.491946  0.024246  -0.164754  -0.337146  0.926924  -0.000145  0.010193  0.004665  -0.143505  0.099154  -0.218071  1.000000  
138.662013 0.001795  -0.011893  -0.004586  0.464361  0.802752  0.374109  -0.870212  0.492081  0.024253  -0.164622  -0.336817  0.927067  -0.000267  0.010339  0.004456  -0.149304  0.104811  -0.221137  1.000000  
138.663262 0.001794  -0.011879  -0.004582  0.464719  0.802686  0.373807  -0.870021  0.492420  0.024228  -0.164622  -0.336479  0.927190  -0.000354  0.010480  0.004360  -0.156264  0.107088  -0.227526  1.000000  
138.664263 0.001791  -0.011869  -0.004578  0.464909  0.802742  0.373452  -0.869944  0.492554  0.024235  -0.164490  -0.336149  0.927333  -0.000464  0.010570  0.004356  -0.164626  0.111397  -0.226374  1.000000  
138.665511 0.001788  -0.011855  -0.004570  0.465267  0.802720  0.373052  -0.869753  0.492896  0.024150  -0.164490  -0.335699  0.927496  -0.000597  0.010684  0.004550  -0.178280  0.115818  -0.238762  1.000000  
138.666518 0.001787  -0.011843  -0.004563  0.465456  0.802775  0.372697  -0.869676  0.493031  0.024157  -0.164358  -0.335369  0.927639  -0.000638  0.010891  0.004732  -0.186360  0.119935  -0.237230  1.000000  
138.667767 0.001784  -0.011827  -0.004554  0.465635  0.802854  0.372302  -0.869580  0.493208  0.023994  -0.164358  -0.334919  0.927801  -0.000820  0.011086  0.005055  -0.200097  0.120833  -0.239187  1.000000  
138.669031 0.001784  -0.011811  -0.004544  0.466004  0.802853  0.371844  -0.869408  0.493511  0.024018  -0.164226  -0.334476  0.927984  -0.000875  0.011320  0.005265  -0.209515  0.126306  -0.242145  1.000000  
138.670265 0.001784  -0.011793  -0.004535  0.466372  0.802896  0.371289  -0.869235  0.493816  0.023981  -0.164094  -0.333921  0.928208  -0.001005  0.011486  0.005510  -0.222571  0.133938  -0.249317  1.000000  
138.671511 0.001782  -0.011777  -0.004527  0.466561  0.802996  0.370835  -0.869159  0.493954  0.023927  -0.163962  -0.333478  0.928390  -0.001192  0.011631  0.005651  -0.234604  0.137959  -0.247581  1.000000  
138.672761 0.001781  -0.011762  -0.004520  0.466929  0.803038  0.370280  -0.868986  0.494260  0.023889  -0.163830  -0.332922  0.928613  -0.001313  0.011766  0.005761  -0.250938  0.142101  -0.246105  1.000000  
138.673762 0.001780  -0.011750  -0.004514  0.467287  0.802969  0.369978  -0.868794  0.494599  0.023862  -0.163830  -0.332584  0.928734  -0.001355  0.011881  0.005788  -0.257961  0.144376  -0.252563  1.000000  
138.675014 0.001778  -0.011735  -0.004507  0.467655  0.803011  0.369422  -0.868620  0.494905  0.023823  -0.163698  -0.332028  0.928956  -0.001361  0.011983  0.005796  -0.270179  0.148480  -0.251063  1.000000  
138.676015 0.001775  -0.011723  -0.004502  0.467844  0.803064  0.369066  -0.868543  0.495040  0.023829  -0.163566  -0.331698  0.929098  -0.001458  0.012063  0.005869  -0.274260  0.148388  -0.251083  1.000000  
138.677261 0.001772  -0.011710  -0.004495  0.468391  0.803003  0.368505  -0.868274  0.495511  0.023865  -0.163434  -0.331142  0.929319  -0.001504  0.012111  0.006030  -0.285412  0.154855  -0.256072  1.000000  
138.678262 0.001770  -0.011698  -0.004490  0.468759  0.802999  0.368047  -0.868100  0.495815  0.023886  -0.163302  -0.330698  0.929500  -0.001535  0.012140  0.006136  -0.294118  0.160018  -0.258892  1.000000  
138.679511 0.001768  -0.011683  -0.004480  0.469305  0.802936  0.367486  -0.867829  0.496286  0.023922  -0.163170  -0.330141  0.929721  -0.001528  0.012261  0.006348  -0.305122  0.166394  -0.263799  1.000000  
138.680511 0.001766  -0.011670  -0.004473  0.469673  0.802931  0.367027  -0.867655  0.496590  0.023941  -0.163038  -0.329698  0.929902  -0.001490  0.012349  0.006451  -0.313261  0.170511  -0.262376  1.000000  
138.681511 0.001765  -0.011657  -0.004466  0.470030  0.802949  0.366530  -0.867462  0.496935  0.023791  -0.163038  -0.329134  0.930102  -0.001483  0.012366  0.006529  -0.324252  0.168481  -0.270304  1.000000  
138.682768 0.001763  -0.011641  -0.004457  0.470398  0.802987  0.365974  -0.867287  0.497241  0.023750  -0.162906  -0.328577  0.930322  -0.001423  0.012410  0.006448  -0.332140  0.171635  -0.264670  1.000000  
138.684035 0.001763  -0.011624  -0.004449  0.470954  0.802988  0.365256  -0.867035  0.497677  0.023833  -0.162642  -0.327914  0.930602  -0.001458  0.012376  0.006365  -0.344611  0.180841  -0.266027  1.000000  
138.685265 0.001761  -0.011607  -0.004440  0.471678  0.802865  0.364593  -0.866666  0.498317  0.023880  -0.162510  -0.327244  0.930861  -0.001516  0.012405  0.006317  -0.357326  0.190968  -0.279572  1.000000  
138.686268 0.001760  -0.011594  -0.004433  0.472224  0.802799  0.364032  -0.866394  0.498789  0.023912  -0.162378  -0.326686  0.931080  -0.001505  0.012432  0.006366  -0.367308  0.195438  -0.292490  1.000000  
138.687513 0.001757  -0.011578  -0.004424  0.472780  0.802841  0.363216  -0.866140  0.499228  0.023932  -0.162114  -0.325910  0.931398  -0.001602  0.012471  0.006503  -0.381450  0.208354  -0.302489  1.000000  
138.688762 0.001754  -0.011563  -0.004413  0.473514  0.802779  0.362395  -0.865788  0.499833  0.024025  -0.161850  -0.325133  0.931715  -0.001691  0.012454  0.006685  -0.396721  0.218964  -0.306068  1.000000  
138.689765 0.001751  -0.011551  -0.004405  0.473881  0.802858  0.361741  -0.865612  0.500143  0.023920  -0.161718  -0.324462  0.931972  -0.001798  0.012475  0.006906  -0.411949  0.221108  -0.312614  1.000000  
138.691012 0.001748  -0.011536  -0.004394  0.474614  0.802794  0.360920  -0.865260  0.500749  0.024011  -0.161454  -0.323685  0.932288  -0.001851  0.012486  0.007160  -0.424948  0.236271  -0.329066  1.000000  
138.692013 0.001744  -0.011524  -0.004386  0.475159  0.802768  0.360261  -0.864985  0.501224  0.023978  -0.161322  -0.323014  0.932543  -0.001891  0.012561  0.007384  -0.434890  0.240612  -0.342005  1.000000  
138.693261 0.001741  -0.011508  -0.004376  0.475892  0.802702  0.359439  -0.864631  0.501830  0.024068  -0.161058  -0.322236  0.932858  -0.001972  0.012606  0.007578  -0.449371  0.251393  -0.349137  1.000000  
138.694261 0.001738  -0.011496  -0.004368  0.476446  0.802695  0.358719  -0.864375  0.502268  0.024143  -0.160794  -0.321571  0.933133  -0.002017  0.012657  0.007578  -0.459371  0.259937  -0.360584  1.000000  
138.695511 0.001735  -0.011480  -0.004359  0.477357  0.802567  0.357795  -0.863922  0.503042  0.024242  -0.160530  -0.320679  0.933485  -0.002082  0.012662  0.007606  -0.472230  0.274833  -0.376953  1.000000  
138.696511 0.001732  -0.011467  -0.004352  0.477911  0.802558  0.357075  -0.863664  0.503481  0.024316  -0.160266  -0.320014  0.933759  -0.002176  0.012703  0.007582  -0.482319  0.283394  -0.388490  1.000000  
138.697763 0.001728  -0.011450  -0.004345  0.478643  0.802530  0.356155  -0.863308  0.504090  0.024339  -0.160002  -0.319121  0.934110  -0.002354  0.012711  0.007459  -0.495180  0.298245  -0.404890  1.000000  
138.699035 0.001724  -0.011434  -0.004336  0.479552  0.802397  0.355230  -0.862852  0.504865  0.024434  -0.159737  -0.318228  0.934460  -0.002591  0.012590  0.007474  -0.508051  0.311297  -0.426178  1.000000  
138.700037 0.001720  -0.011423  -0.004328  0.480105  0.802428  0.354412  -0.862593  0.505307  0.024443  -0.159473  -0.317449  0.934770  -0.002760  0.012502  0.007583  -0.519057  0.317391  -0.431193  1.000000  
138.701266 0.001716  -0.011408  -0.004318  0.481024  0.802356  0.353328  -0.862154  0.506049  0.024583  -0.159077  -0.316448  0.935176  -0.002936  0.012420  0.007684  -0.535415  0.334734  -0.454551  1.000000  
138.702530 0.001710  -0.011393  -0.004306  0.481765  0.802386  0.352249  -0.861814  0.506626  0.024649  -0.158681  -0.315448  0.935582  -0.003163  0.012338  0.007834  -0.549367  0.347168  -0.464577  1.000000  
138.703766 0.001703  -0.011379  -0.004295  0.482683  0.802310  0.351164  -0.861373  0.507368  0.024785  -0.158284  -0.314446  0.935986  -0.003430  0.012306  0.007928  -0.566773  0.362158  -0.481466  1.000000  
138.705021 0.001697  -0.011364  -0.004283  0.483434  0.802399  0.349925  -0.861049  0.507913  0.024895  -0.157756  -0.313338  0.936447  -0.003629  0.012254  0.007985  -0.585106  0.383205  -0.488867  1.000000  
138.706262 0.001691  -0.011350  -0.004273  0.484174  0.802466  0.348747  -0.860705  0.508494  0.024894  -0.157359  -0.312222  0.936886  -0.003701  0.012205  0.007991  -0.607609  0.395826  -0.499286  1.000000  
138.707511 0.001685  -0.011336  -0.004261  0.484924  0.802509  0.347605  -0.860380  0.509037  0.025062  -0.156831  -0.311225  0.937306  -0.003851  0.012167  0.008075  -0.623020  0.410400  -0.501732  1.000000  
138.708511 0.001681  -0.011323  -0.004253  0.485486  0.802592  0.346625  -0.860135  0.509448  0.025110  -0.156434  -0.310335  0.937667  -0.003917  0.012172  0.008103  -0.638388  0.420771  -0.505601  1.000000  
138.709511 0.001677  -0.011310  -0.004245  0.486225  0.802612  0.345543  -0.859789  0.510028  0.025166  -0.156038  -0.309331  0.938065  -0.004032  0.012167  0.008106  -0.656678  0.433282  -0.515932  1.000000  
138.710761 0.001672  -0.011295  -0.004233  0.486974  0.802691  0.344302  -0.859461  0.510576  0.025269  -0.155509  -0.308219  0.938519  -0.004168  0.012113  0.008298  -0.676212  0.447827  -0.518500  1.000000  
138.712017 0.001666  -0.011280  -0.004221  0.487733  0.802830  0.342900  -0.859150  0.511092  0.025416  -0.154848  -0.306999  0.939028  -0.004289  0.011960  0.008559  -0.694526  0.468652  -0.526049  1.000000  
138.713261 0.001660  -0.011267  -0.004209  0.488481  0.802906  0.341657  -0.858820  0.511641  0.025515  -0.154320  -0.305885  0.939478  -0.004412  0.011771  0.008816  -0.708398  0.479346  -0.524479  1.000000  
138.714265 0.001654  -0.011257  -0.004199  0.489042  0.802981  0.340675  -0.858572  0.512056  0.025557  -0.153923  -0.304992  0.939834  -0.004563  0.011665  0.009028  -0.723490  0.489481  -0.528291  1.000000  
138.715266 0.001648  -0.011248  -0.004190  0.489613  0.803076  0.339631  -0.858341  0.512435  0.025707  -0.153394  -0.304106  0.940207  -0.004753  0.011474  0.009139  -0.733834  0.501592  -0.530288  1.000000  
138.716268 0.001642  -0.011239  -0.004180  0.490183  0.803127  0.338684  -0.858110  0.512812  0.025918  -0.152865  -0.303332  0.940543  -0.004826  0.011319  0.009214  -0.742211  0.514006  -0.526386  1.000000  
138.717519 0.001635  -0.011228  -0.004168  0.491107  0.803131  0.337335  -0.857676  0.513532  0.026018  -0.152336  -0.302102  0.941025  -0.004997  0.011010  0.009228  -0.761543  0.528311  -0.529012  1.000000  
138.718766 0.001627  -0.011218  -0.004157  0.491864  0.803176  0.336124  -0.857359  0.514047  0.026281  -0.151675  -0.301106  0.941451  -0.005063  0.010697  0.009192  -0.764921  0.542792  -0.531861  1.000000  
138.719768 0.001621  -0.011210  -0.004147  0.492444  0.803284  0.335014  -0.857143  0.514394  0.026536  -0.151014  -0.300223  0.941839  -0.005111  0.010478  0.009195  -0.777453  0.555176  -0.528062  1.000000  
138.721015 0.001614  -0.011200  -0.004136  0.493199  0.803365  0.333704  -0.856825  0.514915  0.026733  -0.150353  -0.299110  0.942299  -0.005260  0.010163  0.009274  -0.785910  0.571707  -0.523063  1.000000  
138.722263 0.001607  -0.011191  -0.004122  0.493955  0.803445  0.332393  -0.856505  0.515436  0.026929  -0.149691  -0.297998  0.942757  -0.005317  0.009812  0.009382  -0.798549  0.584059  -0.519523  1.000000  
138.723264 0.001600  -0.011183  -0.004111  0.494534  0.803548  0.331281  -0.856286  0.515786  0.027180  -0.149030  -0.297113  0.943141  -0.005468  0.009496  0.009624  -0.806950  0.596395  -0.515795  1.000000  
138.724511 0.001592  -0.011174  -0.004095  0.495289  0.803663  0.329870  -0.855965  0.516312  0.027310  -0.148368  -0.295884  0.943631  -0.005678  0.009038  0.009947  -0.823705  0.608761  -0.512363  1.000000  
138.725512 0.001585  -0.011167  -0.004081  0.496033  0.803637  0.328815  -0.855625  0.516864  0.027517  -0.147839  -0.294992  0.943993  -0.005929  0.008696  0.010300  -0.830950  0.623237  -0.515166  1.000000  
138.726761 0.001575  -0.011160  -0.004064  0.496797  0.803728  0.327437  -0.855319  0.517355  0.027815  -0.147045  -0.293881  0.944464  -0.006161  0.008194  0.010655  -0.836636  0.634582  -0.506097  1.000000  
138.727764 0.001566  -0.011154  -0.004050  0.497375  0.803824  0.326322  -0.855097  0.517708  0.028062  -0.146383  -0.292994  0.944842  -0.006408  0.007846  0.011000  -0.848953  0.650047  -0.500197  1.000000  
138.729021 0.001555  -0.011148  -0.004032  0.498313  0.803804  0.324936  -0.854686  0.518367  0.028424  -0.145589  -0.291882  0.945309  -0.006711  0.007425  0.011333  -0.853869  0.663625  -0.498013  1.000000  
138.730261 0.001542  -0.011143  -0.004014  0.499076  0.803927  0.323457  -0.854376  0.518865  0.028655  -0.144795  -0.290655  0.945809  -0.007056  0.006996  0.011755  -0.862136  0.675598  -0.494629  1.000000  
138.731511 0.001530  -0.011138  -0.003996  0.499828  0.803989  0.322139  -0.854048  0.519395  0.028837  -0.144133  -0.289536  0.946253  -0.007439  0.006545  0.012106  -0.871750  0.681583  -0.486294  1.000000  
138.732767 0.001516  -0.011134  -0.003976  0.500590  0.804068  0.320756  -0.853735  0.519892  0.029127  -0.143338  -0.288421  0.946714  -0.007809  0.006100  0.012681  -0.876228  0.697293  -0.480556  1.000000  
138.733769 0.001505  -0.011130  -0.003961  0.501156  0.804136  0.319701  -0.853492  0.520284  0.029257  -0.142808  -0.287525  0.947067  -0.008202  0.005780  0.013138  -0.876383  0.700998  -0.479822  1.000000  
138.734771 0.001495  -0.011127  -0.003945  0.501907  0.804114  0.318575  -0.853161  0.520809  0.029561  -0.142146  -0.286633  0.947436  -0.008533  0.005458  0.013571  -0.876809  0.709174  -0.477861  1.000000  
138.736020 0.001479  -0.011124  -0.003923  0.502667  0.804187  0.317190  -0.852846  0.521309  0.029847  -0.141352  -0.285517  0.947892  -0.009030  0.005044  0.014269  -0.876934  0.721246  -0.474551  1.000000  
138.737261 0.001464  -0.011119  -0.003901  0.503602  0.804150  0.315796  -0.852425  0.521976  0.030195  -0.140557  -0.284399  0.948346  -0.009508  0.004774  0.014763  -0.876323  0.731795  -0.480484  1.000000  
138.738263 0.001452  -0.011116  -0.003883  0.504176  0.804230  0.314674  -0.852195  0.522339  0.030429  -0.139894  -0.283506  0.948712  -0.009897  0.004462  0.015216  -0.881746  0.737844  -0.472049  1.000000  
138.739511 0.001436  -0.011112  -0.003858  0.505101  0.804208  0.313246  -0.851756  0.523045  0.030601  -0.139232  -0.282266  0.949179  -0.010437  0.004063  0.015772  -0.880356  0.745352  -0.483652  1.000000  
138.740512 0.001422  -0.011109  -0.003840  0.505674  0.804284  0.312123  -0.851523  0.523409  0.030833  -0.138569  -0.281371  0.949541  -0.010912  0.003772  0.016155  -0.881811  0.751504  -0.475251  1.000000  
138.741761 0.001404  -0.011106  -0.003816  0.506607  0.804276  0.310628  -0.851098  0.524085  0.031110  -0.137774  -0.280136  0.950022  -0.011452  0.003486  0.016566  -0.881465  0.757363  -0.481619  1.000000  
138.742762 0.001390  -0.011104  -0.003796  0.507189  0.804405  0.309340  -0.850880  0.524423  0.031385  -0.136979  -0.279129  0.950433  -0.011785  0.003328  0.016933  -0.885760  0.769607  -0.478361  1.000000  
138.744042 0.001371  -0.011100  -0.003770  0.508121  0.804391  0.307844  -0.850451  0.525101  0.031657  -0.136184  -0.277892  0.950910  -0.012285  0.003125  0.017480  -0.888519  0.778954  -0.482880  1.000000  
138.745262 0.001353  -0.011096  -0.003744  0.509061  0.804394  0.306280  -0.850037  0.525748  0.032037  -0.135256  -0.276658  0.951402  -0.012718  0.003104  0.018024  -0.892690  0.789520  -0.489378  1.000000  
138.746511 0.001333  -0.011092  -0.003717  0.510001  0.804393  0.304715  -0.849620  0.526398  0.032414  -0.134328  -0.275424  0.951892  -0.013114  0.003056  0.018642  -0.900388  0.799499  -0.494321  1.000000  
138.747512 0.001319  -0.011088  -0.003694  0.510747  0.804349  0.303580  -0.849277  0.526934  0.032699  -0.133665  -0.274525  0.952245  -0.013413  0.003099  0.019187  -0.896763  0.807577  -0.492621  1.000000  
138.748514 0.001303  -0.011084  -0.003671  0.511501  0.804359  0.302281  -0.848948  0.527444  0.033028  -0.132869  -0.273514  0.952647  -0.013649  0.003144  0.019605  -0.904234  0.817528  -0.497319  1.000000  
138.749516 0.001288  -0.011080  -0.003647  0.512246  0.804348  0.301046  -0.848602  0.527986  0.033246  -0.132206  -0.272499  0.953030  -0.013933  0.003184  0.020125  -0.908218  0.819476  -0.503785  1.000000  
138.750765 0.001269  -0.011075  -0.003618  0.513183  0.804336  0.299477  -0.848180  0.528640  0.033615  -0.131278  -0.271261  0.953511  -0.014236  0.003305  0.020680  -0.911857  0.829409  -0.508855  1.000000  
138.751768 0.001254  -0.011070  -0.003596  0.513936  0.804340  0.298174  -0.847847  0.529154  0.033938  -0.130482  -0.270248  0.953908  -0.014431  0.003456  0.021013  -0.915303  0.839354  -0.513676  1.000000  
138.753018 0.001236  -0.011063  -0.003566  0.514871  0.804322  0.296602  -0.847422  0.529811  0.034302  -0.129553  -0.269008  0.954385  -0.014669  0.003578  0.021436  -0.919086  0.845024  -0.520131  1.000000  
138.754262 0.001217  -0.011056  -0.003538  0.515815  0.804321  0.294962  -0.847009  0.530440  0.034772  -0.128492  -0.267772  0.954876  -0.014799  0.003789  0.021664  -0.918859  0.859322  -0.524126  1.000000  
138.755513 0.001198  -0.011050  -0.003509  0.516758  0.804316  0.293321  -0.846595  0.531070  0.035240  -0.127430  -0.266534  0.955364  -0.014975  0.003977  0.022043  -0.923548  0.867226  -0.522715  1.000000  
138.756514 0.001182  -0.011044  -0.003487  0.517517  0.804328  0.291947  -0.846270  0.531559  0.035664  -0.126501  -0.265523  0.955769  -0.015076  0.004221  0.022307  -0.927250  0.881608  -0.526462  1.000000  
138.757762 0.001162  -0.011037  -0.003457  0.518459  0.804352  0.290205  -0.845852  0.532197  0.036062  -0.125439  -0.264167  0.956285  -0.015198  0.004483  0.022629  -0.934619  0.890453  -0.532590  1.000000  
138.758762 0.001147  -0.011030  -0.003434  0.519042  0.804468  0.288836  -0.845631  0.532523  0.036424  -0.124510  -0.263154  0.956685  -0.015227  0.004763  0.022825  -0.941166  0.898039  -0.523890  1.000000  
138.759766 0.001131  -0.011024  -0.003409  0.519964  0.804379  0.287421  -0.845182  0.533216  0.036728  -0.123714  -0.262020  0.957100  -0.015243  0.005007  0.023059  -0.943512  0.905196  -0.536675  1.000000  
138.761014 0.001111  -0.011015  -0.003379  0.520903  0.804394  0.285674  -0.844758  0.533859  0.037119  -0.122651  -0.260661  0.957608  -0.015329  0.005236  0.023267  -0.951432  0.919393  -0.540825  1.000000  
138.762261 0.001092  -0.011006  -0.003347  0.522024  0.804313  0.283851  -0.844239  0.534641  0.037675  -0.121456  -0.259306  0.958128  -0.015469  0.005573  0.023625  -0.958616  0.935544  -0.551657  1.000000  
138.763264 0.001076  -0.010998  -0.003323  0.522779  0.804309  0.282470  -0.843905  0.535139  0.038087  -0.120526  -0.258289  0.958520  -0.015389  0.005889  0.023558  -0.962497  0.946416  -0.549667  1.000000  
138.764512 0.001056  -0.010988  -0.003293  0.523723  0.804331  0.280651  -0.843489  0.535759  0.038579  -0.119331  -0.256931  0.959034  -0.015520  0.006173  0.023611  -0.970576  0.960544  -0.553961  1.000000  
138.765512 0.001040  -0.010979  -0.003268  0.524476  0.804322  0.279267  -0.843152  0.536259  0.038987  -0.118401  -0.255912  0.959422  -0.015566  0.006428  0.023730  -0.975083  0.972747  -0.551300  1.000000  
138.766518 0.001022  -0.010972  -0.003243  0.525402  0.804201  0.277873  -0.842706  0.536927  0.039451  -0.117471  -0.254893  0.959807  -0.015727  0.006635  0.023885  -0.978767  0.986262  -0.562394  1.000000  
138.767766 0.001001  -0.010962  -0.003212  0.526352  0.804231  0.275982  -0.842297  0.537524  0.040044  -0.116142  -0.253536  0.960328  -0.015894  0.006891  0.024017  -0.986944  1.000382  -0.566773  1.000000  
138.768767 0.000983  -0.010953  -0.003187  0.527285  0.804121  0.274517  -0.841860  0.538166  0.040612  -0.115079  -0.252519  0.960724  -0.016122  0.007085  0.024141  -0.990768  1.018967  -0.569626  1.000000  
138.770020 0.000960  -0.010944  -0.003155  0.528406  0.804033  0.272613  -0.841337  0.538934  0.041255  -0.113750  -0.251159  0.961239  -0.016401  0.007265  0.024398  -0.993875  1.039109  -0.579490  1.000000  
138.771261 0.000937  -0.010933  -0.003122  0.529352  0.804019  0.270813  -0.840921  0.539533  0.041904  -0.112420  -0.249914  0.961720  -0.016646  0.007507  0.024712  -0.993933  1.053386  -0.576777  1.000000  
138.772265 0.000917  -0.010925  -0.003096  0.530289  0.803951  0.269176  -0.840490  0.540158  0.042508  -0.111224  -0.248781  0.962152  -0.016955  0.007678  0.024909  -1.002148  1.076263  -0.585971  1.000000  
138.773265 0.000897  -0.010917  -0.003068  0.531044  0.803941  0.267713  -0.840153  0.540642  0.043010  -0.110160  -0.247760  0.962538  -0.017179  0.007770  0.025104  -1.002931  1.084306  -0.584849  1.000000  
138.774526 0.000872  -0.010906  -0.003036  0.532160  0.803838  0.265801  -0.839620  0.541419  0.043640  -0.108830  -0.246395  0.963040  -0.017555  0.007949  0.025323  -1.002639  1.102256  -0.588208  1.000000  
138.775763 0.000847  -0.010895  -0.003002  0.533282  0.803748  0.263817  -0.839096  0.542170  0.044376  -0.107367  -0.245032  0.963552  -0.017887  0.008099  0.025552  -1.011402  1.121123  -0.591954  1.000000  
138.777010 0.000822  -0.010884  -0.002967  0.534410  0.803671  0.261761  -0.838581  0.542897  0.045216  -0.105770  -0.243671  0.964073  -0.018283  0.008211  0.025788  -1.014533  1.144878  -0.593613  1.000000  
138.778010 0.000801  -0.010877  -0.002941  0.535341  0.803586  0.260115  -0.838137  0.543533  0.045805  -0.104573  -0.242533  0.964491  -0.018596  0.008228  0.025879  -1.021755  1.162466  -0.599967  1.000000  
138.779260 0.000775  -0.010866  -0.002906  0.536286  0.803595  0.258132  -0.837714  0.544127  0.046476  -0.103109  -0.241166  0.964991  -0.018956  0.008301  0.026156  -1.023751  1.175367  -0.595266  1.000000  
138.780510 0.000749  -0.010855  -0.002872  0.537574  0.803375  0.256129  -0.837068  0.545055  0.047250  -0.101645  -0.239797  0.965487  -0.019396  0.008259  0.026422  -1.027282  1.195355  -0.605628  1.000000  
138.781761 0.000722  -0.010846  -0.002835  0.538688  0.803232  0.254229  -0.836528  0.545815  0.048033  -0.100181  -0.238544  0.965951  -0.019776  0.008209  0.026818  -1.027732  1.213772  -0.609466  1.000000  
138.782765 0.000700  -0.010838  -0.002806  0.539614  0.803102  0.252672  -0.836074  0.546454  0.048675  -0.098982  -0.237518  0.966327  -0.020077  0.008216  0.027045  -1.028982  1.231712  -0.613765  1.000000  
138.783765 0.000678  -0.010831  -0.002777  0.540539  0.802969  0.251113  -0.835617  0.547094  0.049315  -0.097784  -0.236491  0.966701  -0.020376  0.008144  0.027360  -1.031789  1.241605  -0.618497  1.000000  
138.784774 0.000656  -0.010824  -0.002747  0.541455  0.802816  0.249623  -0.835148  0.547763  0.049844  -0.096719  -0.235461  0.967059  -0.020629  0.008121  0.027620  -1.028804  1.250770  -0.625146  1.000000  
138.786014 0.000628  -0.010814  -0.002709  0.542564  0.802659  0.247715  -0.834597  0.548531  0.050614  -0.095254  -0.234203  0.967510  -0.020884  0.008060  0.027963  -1.028257  1.260773  -0.630499  1.000000  
138.787017 0.000606  -0.010806  -0.002680  0.543485  0.802517  0.246151  -0.834133  0.549177  0.051245  -0.094055  -0.233174  0.967876  -0.021019  0.008071  0.028172  -1.029607  1.274731  -0.636202  1.000000  
138.788263 0.000579  -0.010797  -0.002643  0.544768  0.802257  0.244156  -0.833474  0.550090  0.052167  -0.092456  -0.231917  0.968332  -0.021237  0.008023  0.028391  -1.023486  1.296416  -0.652572  1.000000  
138.789268 0.000557  -0.010789  -0.002613  0.545521  0.802239  0.242528  -0.833128  0.550549  0.052851  -0.091124  -0.230888  0.968704  -0.021362  0.007959  0.028687  -1.025726  1.308971  -0.651876  1.000000  
138.790512 0.000531  -0.010779  -0.002575  0.546623  0.802066  0.240610  -0.832565  0.551327  0.053607  -0.089658  -0.229626  0.969140  -0.021426  0.007959  0.028845  -1.021844  1.320920  -0.649495  1.000000  
138.791761 0.000504  -0.010769  -0.002537  0.547730  0.801906  0.238618  -0.832008  0.552083  0.054467  -0.088059  -0.228366  0.969585  -0.021511  0.007853  0.029179  -1.016065  1.337792  -0.648190  1.000000  
138.793014 0.000478  -0.010759  -0.002498  0.548828  0.801754  0.236598  -0.831438  0.552873  0.055148  -0.086593  -0.226983  0.970041  -0.021545  0.007817  0.029554  -1.019548  1.346629  -0.653549  1.000000  
138.794261 0.000452  -0.010748  -0.002459  0.549930  0.801586  0.234600  -0.830875  0.553634  0.056001  -0.084993  -0.225720  0.970478  -0.021556  0.007816  0.029865  -1.017279  1.361212  -0.660094  1.000000  
138.795261 0.000431  -0.010740  -0.002426  0.550841  0.801420  0.233022  -0.830393  0.554295  0.056611  -0.083793  -0.224683  0.970822  -0.021516  0.007825  0.030202  -1.016481  1.369985  -0.664990  1.000000  
138.796511 0.000406  -0.010729  -0.002386  0.551947  0.801288  0.230850  -0.829832  0.555043  0.057497  -0.082060  -0.223302  0.971289  -0.021421  0.007913  0.030427  -1.022100  1.386603  -0.662847  1.000000  
138.797761 0.000381  -0.010719  -0.002346  0.553038  0.801091  0.228917  -0.829249  0.555837  0.058230  -0.080593  -0.222033  0.971703  -0.021307  0.007963  0.030673  -1.018653  1.391539  -0.670416  1.000000  
138.799011 0.000355  -0.010708  -0.002307  0.554133  0.800905  0.226909  -0.828672  0.556609  0.059067  -0.078993  -0.220764  0.972123  -0.021145  0.008033  0.030829  -1.015965  1.399175  -0.670314  1.000000  
138.800024 0.000335  -0.010700  -0.002276  0.555038  0.800699  0.225420  -0.828179  0.557271  0.059733  -0.077792  -0.219842  0.972429  -0.020956  0.008127  0.030916  -1.013816  1.403654  -0.671807  1.000000  
138.801264 0.000310  -0.010688  -0.002236  0.556306  0.800407  0.223322  -0.827490  0.558188  0.060716  -0.076058  -0.218574  0.972852  -0.020853  0.008268  0.031132  -1.010760  1.417702  -0.677535  1.000000  
138.802267 0.000291  -0.010678  -0.002204  0.557213  0.800238  0.221659  -0.827000  0.558837  0.061416  -0.074724  -0.217533  0.973188  -0.020629  0.008424  0.031211  -1.011305  1.422872  -0.684795  1.000000  
