1-Time 2-Px 3-Py 4-Pz 5-R11 6-R21 7-R31 8-R12 9-R22 10-R32 11-R13 12-R23 13-R33 14-Vx 15-Vy 16-Vz 17-Wx 18-Wy 19-Wz 20-state
64.535260 0.007398  -0.005005  -0.005327  0.593353  0.754901  0.279388  -0.775970  0.628719  -0.050813  -0.214015  -0.186646  0.958833  0.000270  -0.000095  0.000122  0.000000  0.000000  0.000000  1.000000  
64.536310 0.007397  -0.005005  -0.005328  0.593353  0.754935  0.279296  -0.775970  0.628713  -0.050889  -0.214015  -0.186530  0.958856  -0.000940  -0.000252  -0.000485  0.000000  0.000000  0.000000  1.000000  
64.537532 0.007395  -0.005004  -0.005325  0.593353  0.754968  0.279204  -0.775970  0.628707  -0.050965  -0.214015  -0.186414  0.958878  -0.001527  0.000629  0.001222  0.000000  0.000000  0.000000  1.000000  
64.538540 0.007391  -0.005003  -0.005321  0.593353  0.755002  0.279113  -0.775970  0.628701  -0.051042  -0.214015  -0.186298  0.958901  -0.002182  0.000672  0.002014  0.000000  0.000000  0.000000  1.000000  
64.539783 0.007388  -0.005002  -0.005317  0.593353  0.755070  0.278930  -0.775970  0.628688  -0.051194  -0.214015  -0.186065  0.958946  -0.002198  0.000701  0.002363  0.000000  0.000000  0.000000  1.000000  
64.541032 0.007386  -0.005000  -0.005314  0.593353  0.755104  0.278838  -0.775970  0.628682  -0.051270  -0.214015  -0.185949  0.958969  -0.002120  0.000805  0.002336  0.000000  0.000000  0.000000  1.000000  
64.542281 0.007382  -0.004999  -0.005313  0.593353  0.755138  0.278747  -0.775970  0.628676  -0.051347  -0.214015  -0.185832  0.958991  -0.002393  0.000784  0.002153  0.000000  0.000000  0.000000  1.000000  
64.543302 0.007378  -0.004998  -0.005312  0.593353  0.755171  0.278655  -0.775970  0.628670  -0.051423  -0.214015  -0.185716  0.959014  -0.002596  0.000855  0.001936  0.000000  0.000000  0.000000  1.000000  
64.544539 0.007374  -0.004996  -0.005312  0.593370  0.755220  0.278485  -0.775993  0.628644  -0.051397  -0.213884  -0.185605  0.959064  -0.002659  0.000967  0.001683  0.000000  0.000000  0.000000  1.000000  
64.545546 0.007370  -0.004995  -0.005311  0.593370  0.755254  0.278394  -0.775993  0.628638  -0.051474  -0.213884  -0.185489  0.959087  -0.002817  0.000933  0.001604  0.000000  0.000000  0.000000  1.000000  
64.546788 0.007365  -0.004994  -0.005309  0.593370  0.755288  0.278302  -0.775993  0.628631  -0.051550  -0.213884  -0.185372  0.959109  -0.002903  0.000990  0.001612  0.000000  0.000000  0.000000  1.000000  
64.547853 0.007361  -0.004992  -0.005308  0.593370  0.755288  0.278302  -0.775993  0.628631  -0.051550  -0.213884  -0.185372  0.959109  -0.002996  0.001033  0.001578  0.000000  0.000000  0.000000  1.000000  
64.549034 0.007356  -0.004991  -0.005304  0.593370  0.755322  0.278211  -0.775993  0.628625  -0.051626  -0.213884  -0.185256  0.959132  -0.003116  0.001056  0.001740  0.000000  0.000000  0.000000  1.000000  
64.550282 0.007349  -0.004989  -0.005300  0.593370  0.755355  0.278119  -0.775993  0.628619  -0.051702  -0.213884  -0.185140  0.959154  -0.003300  0.001045  0.001817  0.000000  0.000000  0.000000  1.000000  
64.551283 0.007344  -0.004988  -0.005296  0.593370  0.755389  0.278027  -0.775993  0.628613  -0.051779  -0.213884  -0.185023  0.959177  -0.003560  0.001159  0.002137  0.000000  0.000000  0.000000  1.000000  
64.552532 0.007337  -0.004985  -0.005290  0.593370  0.755423  0.277936  -0.775993  0.628606  -0.051855  -0.213884  -0.184907  0.959199  -0.003852  0.001233  0.002254  0.000000  0.000000  0.000000  1.000000  
64.553534 0.007333  -0.004983  -0.005287  0.593370  0.755456  0.277844  -0.775993  0.628600  -0.051931  -0.213884  -0.184791  0.959221  -0.003899  0.001328  0.002274  0.000000  0.000000  0.000000  1.000000  
64.554547 0.007328  -0.004981  -0.005287  0.593370  0.755490  0.277752  -0.775993  0.628594  -0.052007  -0.213884  -0.184674  0.959244  -0.004091  0.001425  0.002076  0.000000  0.000000  0.000000  1.000000  
64.555782 0.007323  -0.004977  -0.005286  0.593530  0.755394  0.277671  -0.775871  0.628743  -0.052026  -0.213884  -0.184558  0.959266  -0.004305  0.001584  0.001954  0.000000  0.000000  0.000000  1.000000  
64.556783 0.007317  -0.004974  -0.005283  0.593530  0.755428  0.277580  -0.775871  0.628737  -0.052103  -0.213884  -0.184442  0.959289  -0.004415  0.001700  0.002010  0.000000  0.000000  0.000000  1.000000  
64.557783 0.007313  -0.004972  -0.005281  0.593530  0.755462  0.277488  -0.775871  0.628730  -0.052179  -0.213884  -0.184325  0.959311  -0.004468  0.001802  0.002087  0.000000  0.000000  0.000000  1.000000  
64.559034 0.007307  -0.004968  -0.005277  0.593530  0.755495  0.277397  -0.775871  0.628724  -0.052255  -0.213884  -0.184209  0.959333  -0.004529  0.001926  0.002326  0.000000  0.000000  0.000000  1.000000  
64.560041 0.007303  -0.004965  -0.005271  0.593530  0.755529  0.277305  -0.775871  0.628718  -0.052331  -0.213884  -0.184093  0.959356  -0.004545  0.002087  0.002759  0.000000  0.000000  0.000000  1.000000  
64.561286 0.007299  -0.004961  -0.005264  0.593690  0.755433  0.277224  -0.775749  0.628867  -0.052351  -0.213884  -0.183976  0.959378  -0.004557  0.002205  0.003055  0.000000  0.000000  0.000000  1.000000  
64.562288 0.007294  -0.004958  -0.005258  0.593690  0.755467  0.277132  -0.775749  0.628860  -0.052427  -0.213884  -0.183860  0.959400  -0.004658  0.002330  0.003397  0.000000  0.000000  0.000000  1.000000  
64.563539 0.007288  -0.004954  -0.005252  0.593690  0.755534  0.276949  -0.775749  0.628848  -0.052579  -0.213884  -0.183627  0.959445  -0.004690  0.002490  0.003561  0.000000  0.000000  0.000000  1.000000  
64.564569 0.007283  -0.004951  -0.005249  0.593849  0.755438  0.276868  -0.775626  0.628997  -0.052599  -0.213884  -0.183511  0.959467  -0.004672  0.002608  0.003603  0.000000  0.000000  0.000000  1.000000  
64.565789 0.007277  -0.004948  -0.005247  0.593849  0.755472  0.276777  -0.775626  0.628990  -0.052675  -0.213884  -0.183394  0.959489  -0.004587  0.002713  0.003372  0.000000  0.000000  0.000000  1.000000  
64.567032 0.007271  -0.004944  -0.005245  0.593832  0.755490  0.276763  -0.775604  0.629004  -0.052853  -0.214015  -0.183273  0.959484  -0.004608  0.002836  0.003192  0.000000  0.000000  0.000000  1.000000  
64.568069 0.007266  -0.004940  -0.005245  0.593992  0.755394  0.276682  -0.775481  0.629153  -0.052873  -0.214015  -0.183156  0.959506  -0.004549  0.002945  0.002893  0.000000  0.000000  0.000000  1.000000  
64.569283 0.007260  -0.004936  -0.005245  0.593992  0.755462  0.276499  -0.775481  0.629140  -0.053025  -0.214015  -0.182923  0.959550  -0.004644  0.003009  0.002727  0.000000  0.000000  0.000000  1.000000  
64.570283 0.007254  -0.004933  -0.005245  0.594151  0.755366  0.276418  -0.775359  0.629289  -0.053045  -0.214015  -0.182807  0.959572  -0.004709  0.003012  0.002756  0.000000  0.000000  0.000000  1.000000  
64.571536 0.007248  -0.004930  -0.005242  0.594151  0.755399  0.276327  -0.775359  0.629282  -0.053121  -0.214015  -0.182691  0.959595  -0.004738  0.003011  0.002799  0.000000  0.000000  0.000000  1.000000  
64.572787 0.007241  -0.004926  -0.005237  0.594134  0.755451  0.276222  -0.775336  0.629289  -0.053376  -0.214146  -0.182452  0.959611  -0.004784  0.003057  0.002959  0.000000  0.000000  0.000000  1.000000  
64.574033 0.007234  -0.004922  -0.005232  0.594293  0.755355  0.276141  -0.775214  0.629438  -0.053395  -0.214146  -0.182336  0.959633  -0.004893  0.003075  0.003020  0.000000  0.000000  0.000000  1.000000  
64.575033 0.007229  -0.004918  -0.005227  0.594293  0.755422  0.275958  -0.775214  0.629425  -0.053548  -0.214146  -0.182103  0.959677  -0.004975  0.003099  0.002945  0.000000  0.000000  0.000000  1.000000  
64.576036 0.007224  -0.004915  -0.005224  0.594276  0.755441  0.275944  -0.775191  0.629438  -0.053726  -0.214276  -0.181981  0.959671  -0.005056  0.003124  0.002713  0.000000  0.000000  0.000000  1.000000  
64.577042 0.007218  -0.004911  -0.005222  0.594436  0.755378  0.275772  -0.775069  0.629580  -0.053822  -0.214276  -0.181749  0.959715  -0.005146  0.003122  0.002414  0.000000  0.000000  0.000000  1.000000  
64.578290 0.007211  -0.004908  -0.005221  0.594436  0.755445  0.275589  -0.775069  0.629567  -0.053975  -0.214276  -0.181516  0.959759  -0.005215  0.003134  0.002125  0.000000  0.000000  0.000000  1.000000  
64.579537 0.007204  -0.004903  -0.005220  0.594595  0.755382  0.275417  -0.774947  0.629710  -0.054071  -0.214276  -0.181283  0.959803  -0.005299  0.003194  0.001970  0.000000  0.000000  0.000000  1.000000  
64.580559 0.007198  -0.004900  -0.005218  0.594578  0.755401  0.275403  -0.774924  0.629722  -0.054249  -0.214407  -0.181161  0.959797  -0.005370  0.003237  0.001996  0.000000  0.000000  0.000000  1.000000  
64.581791 0.007191  -0.004896  -0.005214  0.594720  0.755323  0.275309  -0.774779  0.629884  -0.054447  -0.214538  -0.180923  0.959813  -0.005404  0.003270  0.002104  0.000000  0.000000  0.000000  1.000000  
64.583064 0.007183  -0.004891  -0.005211  0.594879  0.755260  0.275137  -0.774656  0.630026  -0.054543  -0.214538  -0.180690  0.959857  -0.005538  0.003255  0.002259  0.000000  0.000000  0.000000  1.000000  
64.584283 0.007176  -0.004889  -0.005207  0.594862  0.755346  0.274941  -0.774633  0.630025  -0.054874  -0.214669  -0.180336  0.959894  -0.005565  0.003172  0.002531  0.000000  0.000000  0.000000  1.000000  
64.585283 0.007171  -0.004885  -0.005204  0.595004  0.755235  0.274939  -0.774488  0.630193  -0.054996  -0.214799  -0.180214  0.959888  -0.005559  0.003230  0.002715  0.000000  0.000000  0.000000  1.000000  
64.586283 0.007165  -0.004882  -0.005202  0.594986  0.755287  0.274834  -0.774465  0.630199  -0.055251  -0.214930  -0.179976  0.959903  -0.005626  0.003233  0.002744  0.000000  0.000000  0.000000  1.000000  
64.587533 0.007158  -0.004879  -0.005199  0.595111  0.755194  0.274818  -0.774297  0.630379  -0.055551  -0.215191  -0.179732  0.959890  -0.005612  0.003201  0.002622  0.000000  0.000000  0.000000  1.000000  
64.588534 0.007154  -0.004876  -0.005197  0.595252  0.755116  0.274725  -0.774152  0.630540  -0.055749  -0.215322  -0.179494  0.959905  -0.005518  0.003126  0.002369  0.000000  0.000000  0.000000  1.000000  
64.589790 0.007148  -0.004874  -0.005197  0.595377  0.755024  0.274710  -0.773984  0.630720  -0.056049  -0.215583  -0.179251  0.959892  -0.005474  0.003020  0.002023  0.000000  0.000000  0.000000  1.000000  
64.591032 0.007143  -0.004870  -0.005197  0.595501  0.754965  0.274603  -0.773815  0.630893  -0.056425  -0.215844  -0.178891  0.959901  -0.005374  0.002962  0.001783  0.000000  0.000000  0.000000  1.000000  
64.592283 0.007138  -0.004867  -0.005197  0.595465  0.755002  0.274577  -0.773769  0.630917  -0.056782  -0.216106  -0.178647  0.959887  -0.005249  0.002895  0.001701  0.000000  0.000000  0.000000  1.000000  
64.593296 0.007133  -0.004865  -0.005195  0.595589  0.754910  0.274562  -0.773601  0.631097  -0.057082  -0.216367  -0.178404  0.959874  -0.005125  0.002852  0.001722  -0.158507  -0.066413  -0.108778  1.000000  
64.594539 0.007128  -0.004861  -0.005192  0.595713  0.754851  0.274456  -0.773432  0.631269  -0.057459  -0.216628  -0.178044  0.959882  -0.005014  0.002797  0.001851  -0.165489  -0.074754  -0.109657  1.000000  
64.595788 0.007124  -0.004858  -0.005187  0.595819  0.754777  0.274428  -0.773241  0.631460  -0.057937  -0.217020  -0.177679  0.959861  -0.004834  0.002772  0.002026  -0.171899  -0.086611  -0.118576  1.000000  
64.597034 0.007119  -0.004854  -0.005182  0.595925  0.754703  0.274401  -0.773049  0.631651  -0.058416  -0.217412  -0.177314  0.959840  -0.004706  0.002701  0.002099  -0.177373  -0.096205  -0.121186  1.000000  
64.598034 0.007114  -0.004852  -0.005178  0.596049  0.754611  0.274386  -0.772880  0.631829  -0.058716  -0.217673  -0.177070  0.959825  -0.004603  0.002650  0.002229  -0.182716  -0.103079  -0.128554  1.000000  
64.599038 0.007111  -0.004850  -0.005175  0.596155  0.754537  0.274359  -0.772688  0.632020  -0.059194  -0.218065  -0.176705  0.959804  -0.004430  0.002632  0.002175  -0.186563  -0.115860  -0.138547  1.000000  
64.600283 0.007106  -0.004846  -0.005173  0.596242  0.754416  0.274502  -0.772473  0.632235  -0.059698  -0.218587  -0.176451  0.959732  -0.004343  0.002574  0.002087  -0.189058  -0.132479  -0.140675  1.000000  
64.601283 0.007102  -0.004844  -0.005171  0.596189  0.754473  0.274463  -0.772404  0.632269  -0.060233  -0.218979  -0.176086  0.959709  -0.004169  0.002583  0.002057  -0.198798  -0.146905  -0.144314  1.000000  
64.602533 0.007098  -0.004839  -0.005169  0.596276  0.754385  0.274515  -0.772188  0.632477  -0.060813  -0.219501  -0.175716  0.959658  -0.004026  0.002626  0.001976  -0.203696  -0.157636  -0.152104  1.000000  
64.603534 0.007094  -0.004837  -0.005167  0.596381  0.754278  0.274580  -0.771995  0.632674  -0.061215  -0.219893  -0.175467  0.959614  -0.003982  0.002618  0.001979  -0.205353  -0.172239  -0.155789  1.000000  
64.604866 0.007089  -0.004834  -0.005166  0.596450  0.754176  0.274711  -0.771756  0.632899  -0.061897  -0.220545  -0.175091  0.959533  -0.003942  0.002647  0.002100  -0.207319  -0.192632  -0.166028  1.000000  
64.606033 0.007084  -0.004830  -0.005162  0.596518  0.754108  0.274750  -0.771516  0.633117  -0.062655  -0.221198  -0.174599  0.959472  -0.003993  0.002688  0.002376  -0.216775  -0.207953  -0.174899  1.000000  
64.607283 0.007079  -0.004827  -0.005158  0.596428  0.754136  0.274868  -0.771399  0.633186  -0.063393  -0.221850  -0.174224  0.959390  -0.003937  0.002716  0.002571  -0.222275  -0.231162  -0.172312  1.000000  
64.608283 0.007075  -0.004824  -0.005154  0.596514  0.754049  0.274921  -0.771182  0.633392  -0.063973  -0.222372  -0.173853  0.959336  -0.003890  0.002727  0.002754  -0.224809  -0.247565  -0.182087  1.000000  
64.609286 0.007071  -0.004821  -0.005150  0.596441  0.754059  0.275052  -0.771088  0.633450  -0.064533  -0.222894  -0.173599  0.959261  -0.003854  0.002753  0.002829  -0.230285  -0.266327  -0.178669  1.000000  
64.610540 0.007067  -0.004817  -0.005147  0.596490  0.753943  0.275263  -0.770823  0.633692  -0.065316  -0.223676  -0.173219  0.959148  -0.003873  0.002753  0.002716  -0.232893  -0.287256  -0.189314  1.000000  
64.611791 0.007061  -0.004814  -0.005144  0.596538  0.753828  0.275473  -0.770558  0.633933  -0.066099  -0.224459  -0.172838  0.959034  -0.003874  0.002757  0.002556  -0.234595  -0.311617  -0.194705  1.000000  
64.613037 0.007056  -0.004810  -0.005142  0.596587  0.753746  0.275592  -0.770293  0.634165  -0.066958  -0.225241  -0.172340  0.958940  -0.003862  0.002811  0.002373  -0.244980  -0.335759  -0.198033  1.000000  
64.614286 0.007052  -0.004806  -0.005140  0.596457  0.753748  0.275868  -0.770126  0.634268  -0.067899  -0.226153  -0.171954  0.958794  -0.003830  0.002844  0.002293  -0.246692  -0.360408  -0.203403  1.000000  
64.615539 0.007047  -0.004802  -0.005138  0.596504  0.753633  0.276079  -0.769859  0.634507  -0.068682  -0.226935  -0.171573  0.958678  -0.003876  0.002893  0.002294  -0.250718  -0.382606  -0.207343  1.000000  
64.616782 0.007041  -0.004797  -0.005135  0.596532  0.753538  0.276278  -0.769568  0.634756  -0.069642  -0.227847  -0.171071  0.958551  -0.003951  0.002991  0.002418  -0.258827  -0.409272  -0.212066  1.000000  
64.618032 0.007036  -0.004793  -0.005129  0.596541  0.753396  0.276647  -0.769252  0.635030  -0.070627  -0.228889  -0.170679  0.958373  -0.003948  0.003049  0.002600  -0.262813  -0.435884  -0.216769  1.000000  
64.619033 0.007032  -0.004789  -0.005125  0.596428  0.753413  0.276844  -0.769107  0.635112  -0.071466  -0.229671  -0.170298  0.958254  -0.004029  0.003047  0.002828  -0.264627  -0.454300  -0.218837  1.000000  
64.620283 0.007026  -0.004786  -0.005120  0.596416  0.753291  0.277200  -0.768765  0.635394  -0.072629  -0.230842  -0.169785  0.958063  -0.004092  0.003046  0.003014  -0.270828  -0.489191  -0.226092  1.000000  
64.621534 0.007020  -0.004782  -0.005116  0.596404  0.753203  0.277466  -0.768422  0.635666  -0.073869  -0.232014  -0.169155  0.957891  -0.004089  0.003108  0.003040  -0.282977  -0.520302  -0.231496  1.000000  
64.622783 0.007016  -0.004777  -0.005112  0.596371  0.753069  0.277902  -0.768053  0.635963  -0.075133  -0.233315  -0.168636  0.957667  -0.004037  0.003265  0.002968  -0.288766  -0.551489  -0.235849  1.000000  
64.623789 0.007013  -0.004773  -0.005110  0.596356  0.752914  0.278350  -0.767708  0.636251  -0.076217  -0.234486  -0.168239  0.957451  -0.004026  0.003306  0.002777  -0.289523  -0.584052  -0.241896  1.000000  
64.625033 0.007008  -0.004769  -0.005109  0.596341  0.752794  0.278708  -0.767362  0.636529  -0.077379  -0.235656  -0.167726  0.957253  -0.004014  0.003310  0.002581  -0.296540  -0.612915  -0.246390  1.000000  
64.626039 0.007005  -0.004765  -0.005108  0.596205  0.752833  0.278893  -0.767187  0.636615  -0.078396  -0.236567  -0.167223  0.957117  -0.003976  0.003400  0.002526  -0.304489  -0.636869  -0.244647  1.000000  
64.627288 0.007000  -0.004761  -0.005106  0.596326  0.752570  0.279346  -0.766691  0.637063  -0.079601  -0.237866  -0.166704  0.956885  -0.003962  0.003386  0.002474  -0.306841  -0.666694  -0.256512  1.000000  
64.628293 0.006997  -0.004758  -0.005105  0.596169  0.752596  0.279610  -0.766489  0.637164  -0.080718  -0.238906  -0.166196  0.956715  -0.003865  0.003466  0.002537  -0.316772  -0.690759  -0.253816  1.000000  
64.629538 0.006993  -0.004753  -0.005101  0.596111  0.752484  0.280035  -0.766088  0.637463  -0.082159  -0.240335  -0.165556  0.956468  -0.003839  0.003501  0.002620  -0.324553  -0.725760  -0.259576  1.000000  
64.630785 0.006988  -0.004748  -0.005096  0.596208  0.752242  0.280477  -0.765563  0.637914  -0.083541  -0.241763  -0.164915  0.956218  -0.003830  0.003499  0.002783  -0.329355  -0.754447  -0.277943  1.000000  
64.631791 0.006985  -0.004745  -0.005092  0.596186  0.752159  0.280746  -0.765210  0.638174  -0.084778  -0.242932  -0.164286  0.956031  -0.003779  0.003501  0.002797  -0.337331  -0.781006  -0.282214  1.000000  
64.633035 0.006980  -0.004741  -0.005089  0.596163  0.752077  0.281015  -0.764856  0.638433  -0.086015  -0.244099  -0.163657  0.955841  -0.003750  0.003472  0.002691  -0.349499  -0.803416  -0.285827  1.000000  
64.634282 0.006975  -0.004736  -0.005087  0.596120  0.752016  0.281272  -0.764475  0.638697  -0.087431  -0.245397  -0.162906  0.955637  -0.003641  0.003557  0.002400  -0.357016  -0.822146  -0.294230  1.000000  
64.635283 0.006972  -0.004732  -0.005086  0.596074  0.751921  0.281620  -0.764093  0.638970  -0.088768  -0.246694  -0.162271  0.955411  -0.003627  0.003609  0.002215  -0.368046  -0.851412  -0.300185  1.000000  
64.636283 0.006968  -0.004728  -0.005086  0.596069  0.751854  0.281812  -0.763761  0.639207  -0.089904  -0.247731  -0.161648  0.955248  -0.003549  0.003660  0.002004  -0.376060  -0.869233  -0.302837  1.000000  
64.637533 0.006963  -0.004723  -0.005084  0.596158  0.751650  0.282167  -0.763228  0.639638  -0.091361  -0.249156  -0.160892  0.955005  -0.003568  0.003616  0.001872  -0.386579  -0.895011  -0.313665  1.000000  
64.638534 0.006960  -0.004719  -0.005083  0.596110  0.751557  0.282517  -0.762842  0.639906  -0.092698  -0.250452  -0.160257  0.954773  -0.003540  0.003654  0.001817  -0.392834  -0.920330  -0.324364  1.000000  
64.639790 0.006956  -0.004714  -0.005081  0.595997  0.751494  0.282920  -0.762374  0.640200  -0.094492  -0.252136  -0.159374  0.954478  -0.003548  0.003726  0.001871  -0.409163  -0.952084  -0.329334  1.000000  
64.641033 0.006952  -0.004709  -0.005079  0.596040  0.751266  0.283435  -0.761782  0.640658  -0.096149  -0.253818  -0.158608  0.954159  -0.003554  0.003732  0.001896  -0.418367  -0.981372  -0.346002  1.000000  
64.642283 0.006947  -0.004705  -0.005076  0.595903  0.751192  0.283919  -0.761284  0.640964  -0.098042  -0.255630  -0.157719  0.953823  -0.003584  0.003762  0.002000  -0.430275  -1.016808  -0.351373  1.000000  
64.643299 0.006943  -0.004700  -0.005074  0.595984  0.750992  0.284278  -0.760742  0.641383  -0.099496  -0.257052  -0.156964  0.953565  -0.003576  0.003819  0.002004  -0.443958  -1.041483  -0.363154  1.000000  
64.644537 0.006939  -0.004696  -0.005072  0.595842  0.750956  0.284672  -0.760239  0.641671  -0.101466  -0.258862  -0.155961  0.953240  -0.003663  0.003783  0.001924  -0.464659  -1.078508  -0.368929  1.000000  
64.645539 0.006935  -0.004692  -0.005071  0.595898  0.750745  0.285111  -0.759665  0.642103  -0.103020  -0.260413  -0.155200  0.952942  -0.003632  0.003817  0.001664  -0.473026  -1.101724  -0.384111  1.000000  
64.646789 0.006930  -0.004687  -0.005072  0.595752  0.750710  0.285506  -0.759157  0.642384  -0.104989  -0.262221  -0.154197  0.952609  -0.003639  0.003829  0.001380  -0.492864  -1.133118  -0.390115  1.000000  
64.648034 0.006926  -0.004682  -0.005073  0.595738  0.750533  0.286002  -0.758497  0.642833  -0.106998  -0.264157  -0.153188  0.952237  -0.003627  0.003885  0.001044  -0.507248  -1.163533  -0.401155  1.000000  
64.649036 0.006922  -0.004678  -0.005074  0.595632  0.750457  0.286422  -0.758039  0.643102  -0.108609  -0.265705  -0.152428  0.951928  -0.003642  0.003904  0.000901  -0.519188  -1.190268  -0.404918  1.000000  
64.650283 0.006917  -0.004673  -0.005075  0.595457  0.750414  0.286897  -0.757496  0.643390  -0.110676  -0.267639  -0.151420  0.951547  -0.003615  0.003941  0.000707  -0.533494  -1.216195  -0.415093  1.000000  
64.651283 0.006913  -0.004669  -0.005076  0.595502  0.750243  0.287250  -0.756912  0.643795  -0.112305  -0.269186  -0.150545  0.951249  -0.003663  0.003928  0.000682  -0.543802  -1.237737  -0.424597  1.000000  
64.652533 0.006908  -0.004664  -0.005076  0.595323  0.750203  0.287725  -0.756363  0.644076  -0.114371  -0.271118  -0.149537  0.950859  -0.003680  0.003948  0.000579  -0.559715  -1.260168  -0.427276  1.000000  
64.653783 0.006903  -0.004659  -0.005075  0.595273  0.750055  0.288213  -0.755661  0.644509  -0.116555  -0.273178  -0.148409  0.950446  -0.003799  0.004010  0.000560  -0.577330  -1.279981  -0.434468  1.000000  
64.654870 0.006899  -0.004655  -0.005074  0.595111  0.749996  0.288702  -0.755135  0.644781  -0.118441  -0.274980  -0.147524  0.950065  -0.003753  0.003962  0.000508  -0.592167  -1.309026  -0.439424  1.000000  
64.656035 0.006895  -0.004650  -0.005074  0.595056  0.749851  0.289192  -0.754426  0.645207  -0.120623  -0.277038  -0.146396  0.949641  -0.003811  0.003962  0.000274  -0.605417  -1.339999  -0.455616  1.000000  
64.657283 0.006890  -0.004645  -0.005076  0.594975  0.749731  0.289670  -0.753684  0.645628  -0.122982  -0.279222  -0.145149  0.949193  -0.003772  0.003989  -0.000016  -0.629283  -1.371288  -0.459432  1.000000  
64.658533 0.006886  -0.004640  -0.005078  0.594890  0.749613  0.290150  -0.752939  0.646044  -0.125340  -0.281406  -0.143902  0.948738  -0.003759  0.003980  -0.000325  -0.647262  -1.401425  -0.469609  1.000000  
64.659539 0.006883  -0.004635  -0.005081  0.594740  0.749607  0.290471  -0.752431  0.646272  -0.127201  -0.283074  -0.142908  0.948391  -0.003730  0.004018  -0.000623  -0.664367  -1.422092  -0.473649  1.000000  
64.660787 0.006879  -0.004630  -0.005083  0.594649  0.749528  0.290862  -0.751679  0.646663  -0.129636  -0.285255  -0.141547  0.947942  -0.003649  0.004066  -0.000834  -0.686585  -1.448239  -0.483052  1.000000  
64.661788 0.006876  -0.004626  -0.005086  0.594471  0.749513  0.291263  -0.751137  0.646897  -0.131596  -0.287050  -0.140548  0.947549  -0.003638  0.004053  -0.000974  -0.696795  -1.467596  -0.482901  1.000000  
64.662789 0.006873  -0.004622  -0.005088  0.594470  0.749414  0.291522  -0.750499  0.647252  -0.133474  -0.288716  -0.139441  0.947206  -0.003586  0.004068  -0.001020  -0.714794  -1.493266  -0.492360  1.000000  
64.663791 0.006870  -0.004618  -0.005089  0.594287  0.749402  0.291924  -0.749952  0.647480  -0.135433  -0.290509  -0.138443  0.946804  -0.003522  0.004065  -0.001048  -0.728323  -1.523561  -0.497772  1.000000  
64.665047 0.006866  -0.004613  -0.005090  0.594184  0.749366  0.292227  -0.749187  0.647835  -0.137942  -0.292684  -0.136970  0.946348  -0.003488  0.004028  -0.000995  -0.750256  -1.544978  -0.505943  1.000000  
64.666284 0.006861  -0.004609  -0.005092  0.594052  0.749285  0.292701  -0.748388  0.648215  -0.140472  -0.294987  -0.135607  0.945830  -0.003411  0.004013  -0.001077  -0.770407  -1.577206  -0.509260  1.000000  
64.667533 0.006857  -0.004603  -0.005094  0.593892  0.749231  0.293164  -0.747554  0.648586  -0.143177  -0.297415  -0.134124  0.945281  -0.003398  0.004003  -0.001288  -0.790022  -1.612256  -0.517380  1.000000  
64.668533 0.006855  -0.004599  -0.005096  0.593852  0.749129  0.293507  -0.746872  0.648933  -0.145151  -0.299203  -0.133014  0.944873  -0.003272  0.004067  -0.001475  -0.803914  -1.629416  -0.525159  1.000000  
64.669782 0.006851  -0.004594  -0.005101  0.593862  0.748921  0.294014  -0.745939  0.649449  -0.147616  -0.301500  -0.131653  0.944333  -0.003273  0.004067  -0.001822  -0.815868  -1.650368  -0.539737  1.000000  
64.671032 0.006847  -0.004589  -0.005105  0.593690  0.748875  0.294481  -0.745093  0.649801  -0.150317  -0.303923  -0.130173  0.943762  -0.003178  0.004030  -0.002047  -0.839327  -1.677072  -0.541666  1.000000  
64.672033 0.006844  -0.004586  -0.005109  0.593462  0.748936  0.294784  -0.744492  0.649975  -0.152526  -0.305834  -0.128946  0.943313  -0.003139  0.004002  -0.002242  -0.858016  -1.696126  -0.544962  1.000000  
64.673285 0.006840  -0.004581  -0.005113  0.593460  0.748772  0.295205  -0.743548  0.650455  -0.155066  -0.308126  -0.127474  0.942767  -0.003108  0.003971  -0.002348  -0.873055  -1.713356  -0.549838  1.000000  
64.674542 0.006837  -0.004576  -0.005116  0.593302  0.748779  0.295505  -0.742721  0.650755  -0.157744  -0.310416  -0.125888  0.942228  -0.003047  0.003972  -0.002378  -0.895760  -1.732475  -0.552454  1.000000  
64.675787 0.006833  -0.004571  -0.005118  0.593139  0.748789  0.295806  -0.741891  0.651048  -0.160421  -0.312705  -0.124304  0.941682  -0.003057  0.003905  -0.002309  -0.913335  -1.749671  -0.559127  1.000000  
64.676801 0.006829  -0.004568  -0.005120  0.593025  0.748751  0.296132  -0.741122  0.651347  -0.162741  -0.314738  -0.122960  0.941181  -0.003089  0.003884  -0.002268  -0.932781  -1.767372  -0.559538  1.000000  
64.678043 0.006825  -0.004562  -0.005123  0.592801  0.748781  0.296502  -0.740218  0.651632  -0.165691  -0.317276  -0.121254  0.940549  -0.003076  0.003936  -0.002296  -0.954751  -1.789898  -0.566886  1.000000  
64.679289 0.006822  -0.004557  -0.005126  0.592778  0.748665  0.296840  -0.739253  0.652057  -0.168303  -0.319559  -0.119674  0.939979  -0.003078  0.003940  -0.002454  -0.972452  -1.803118  -0.572886  1.000000  
64.680534 0.006817  -0.004552  -0.005130  0.592545  0.748702  0.297212  -0.738340  0.652325  -0.171250  -0.322094  -0.117970  0.939329  -0.003140  0.003933  -0.002540  -0.994206  -1.825392  -0.580016  1.000000  
64.681787 0.006812  -0.004548  -0.005135  0.592459  0.748644  0.297530  -0.737299  0.652718  -0.174212  -0.324626  -0.116155  0.938683  -0.003197  0.003875  -0.002793  -1.015780  -1.847485  -0.586765  1.000000  
64.683033 0.006807  -0.004543  -0.005140  0.592244  0.748733  0.297735  -0.736409  0.652935  -0.177137  -0.327030  -0.114347  0.938071  -0.003249  0.003868  -0.002976  -1.041590  -1.861001  -0.592421  1.000000  
64.684282 0.006803  -0.004538  -0.005145  0.591996  0.748780  0.298110  -0.735481  0.653176  -0.180078  -0.329557  -0.112649  0.937391  -0.003307  0.003860  -0.003053  -1.060513  -1.877277  -0.589200  1.000000  
64.685283 0.006798  -0.004535  -0.005149  0.591911  0.748777  0.298286  -0.734755  0.653406  -0.182195  -0.331325  -0.111325  0.936926  -0.003444  0.003816  -0.003077  -1.074034  -1.877148  -0.593465  1.000000  
64.686533 0.006793  -0.004530  -0.005153  0.591805  0.748731  0.298610  -0.733697  0.653765  -0.185151  -0.333849  -0.109516  0.936243  -0.003529  0.003839  -0.003047  -1.091677  -1.895480  -0.599420  1.000000  
64.687533 0.006789  -0.004527  -0.005156  0.591506  0.748885  0.298817  -0.733017  0.653829  -0.187600  -0.335866  -0.108071  0.935689  -0.003622  0.003808  -0.003046  -1.109958  -1.912350  -0.594903  1.000000  
64.688535 0.006784  -0.004523  -0.005158  0.591327  0.748898  0.299141  -0.732177  0.654052  -0.190084  -0.338008  -0.106622  0.935084  -0.003700  0.003825  -0.002964  -1.123282  -1.925384  -0.600587  1.000000  
64.689782 0.006778  -0.004518  -0.005162  0.591208  0.748897  0.299378  -0.731106  0.654363  -0.193115  -0.340525  -0.104706  0.934387  -0.003847  0.003855  -0.003064  -1.142138  -1.936689  -0.609472  1.000000  
64.690783 0.006773  -0.004514  -0.005165  0.591049  0.748959  0.299535  -0.730294  0.654538  -0.195578  -0.342537  -0.103152  0.933824  -0.003992  0.003818  -0.003139  -1.157007  -1.949763  -0.608063  1.000000  
64.691784 0.006769  -0.004510  -0.005169  0.590887  0.749061  0.299602  -0.729479  0.654682  -0.198120  -0.344547  -0.101487  0.933267  -0.004061  0.003828  -0.003269  -1.178352  -1.958572  -0.612811  1.000000  
64.692795 0.006764  -0.004506  -0.005174  0.590721  0.749128  0.299760  -0.728661  0.654844  -0.200580  -0.346556  -0.099936  0.932690  -0.004142  0.003844  -0.003451  -1.195083  -1.970628  -0.613983  1.000000  
64.694037 0.006759  -0.004501  -0.005179  0.590584  0.749175  0.299912  -0.727574  0.655095  -0.203683  -0.349065  -0.097916  0.931969  -0.004259  0.003839  -0.003607  -1.219039  -1.992863  -0.618184  1.000000  
64.695040 0.006754  -0.004497  -0.005184  0.590441  0.749292  0.299903  -0.726785  0.655207  -0.206124  -0.350945  -0.096261  0.931435  -0.004348  0.003818  -0.003697  -1.232425  -1.990988  -0.620193  1.000000  
64.696040 0.006749  -0.004493  -0.005189  0.590265  0.749402  0.299973  -0.725958  0.655322  -0.208660  -0.352949  -0.094603  0.930848  -0.004438  0.003838  -0.003890  -1.253587  -1.998848  -0.620692  1.000000  
64.697286 0.006742  -0.004488  -0.005195  0.590085  0.749414  0.300298  -0.724821  0.655581  -0.211775  -0.355577  -0.092697  0.930039  -0.004556  0.003849  -0.003872  -1.266744  -2.008276  -0.624586  1.000000  
64.698297 0.006737  -0.004484  -0.005199  0.589901  0.749530  0.300370  -0.723986  0.655680  -0.214308  -0.357577  -0.091043  0.929435  -0.004596  0.003876  -0.003882  -1.285876  -2.017358  -0.622357  1.000000  
64.699534 0.006731  -0.004479  -0.005204  0.589741  0.749628  0.300438  -0.722878  0.655858  -0.217481  -0.360074  -0.088922  0.928676  -0.004713  0.003869  -0.003883  -1.314021  -2.028344  -0.619807  1.000000  
64.700783 0.006723  -0.004474  -0.005209  0.589545  0.749723  0.300586  -0.721727  0.656034  -0.220748  -0.362694  -0.086800  0.927857  -0.004857  0.003913  -0.003915  -1.335208  -2.037787  -0.623306  1.000000  
64.702033 0.006716  -0.004469  -0.005214  0.589374  0.749866  0.300566  -0.720609  0.656162  -0.223996  -0.365187  -0.084573  0.927085  -0.004936  0.003997  -0.003963  -1.354990  -2.042692  -0.629637  1.000000  
64.703282 0.006709  -0.004463  -0.005219  0.589198  0.750012  0.300547  -0.719486  0.656278  -0.227242  -0.367677  -0.082349  0.926300  -0.005049  0.004054  -0.004088  -1.382379  -2.052933  -0.626480  1.000000  
64.704283 0.006704  -0.004458  -0.005225  0.589141  0.750043  0.300580  -0.718512  0.656461  -0.229784  -0.369667  -0.080595  0.925662  -0.005136  0.004127  -0.004315  -1.396982  -2.061150  -0.636832  1.000000  
64.705535 0.006696  -0.004453  -0.005231  0.588987  0.750202  0.300486  -0.717419  0.656547  -0.232930  -0.372028  -0.078382  0.924906  -0.005227  0.004185  -0.004470  -1.420229  -2.066868  -0.632953  1.000000  
64.706535 0.006690  -0.004448  -0.005237  0.588891  0.750267  0.300510  -0.716400  0.656692  -0.235643  -0.374138  -0.076517  0.924211  -0.005339  0.004241  -0.004595  -1.437746  -2.072511  -0.636377  1.000000  
64.707784 0.006682  -0.004442  -0.005244  0.588695  0.750426  0.300498  -0.715260  0.656764  -0.238880  -0.376618  -0.074306  0.923384  -0.005471  0.004253  -0.004698  -1.454225  -2.072795  -0.638119  1.000000  
64.709036 0.006674  -0.004436  -0.005251  0.588641  0.750453  0.300536  -0.713995  0.656979  -0.242053  -0.379096  -0.072099  0.922544  -0.005643  0.004309  -0.004793  -1.468249  -2.076810  -0.646691  1.000000  
64.710039 0.006667  -0.004432  -0.005255  0.588596  0.750540  0.300408  -0.713043  0.657081  -0.244571  -0.380952  -0.070251  0.921922  -0.005753  0.004362  -0.004763  -1.485237  -2.077331  -0.649387  1.000000  
64.711285 0.006659  -0.004425  -0.005261  0.588385  0.750745  0.300309  -0.711891  0.657089  -0.247880  -0.383425  -0.067939  0.921070  -0.005925  0.004416  -0.004705  -1.508529  -2.078217  -0.647829  1.000000  
64.712285 0.006652  -0.004421  -0.005265  0.588299  0.750867  0.300171  -0.710894  0.657150  -0.250569  -0.385401  -0.065980  0.920387  -0.006035  0.004468  -0.004676  -1.522672  -2.078583  -0.653410  1.000000  
64.713536 0.006643  -0.004414  -0.005270  0.588258  0.750985  0.299958  -0.709652  0.657253  -0.253797  -0.387746  -0.063568  0.919572  -0.006264  0.004612  -0.004671  -1.547878  -2.078887  -0.658253  1.000000  
64.714787 0.006633  -0.004408  -0.005276  0.588064  0.751241  0.299694  -0.708528  0.657188  -0.257084  -0.390088  -0.061160  0.918744  -0.006424  0.004718  -0.004795  -1.570986  -2.080129  -0.653192  1.000000  
64.716033 0.006623  -0.004401  -0.005282  0.588045  0.751371  0.299407  -0.707319  0.657259  -0.260213  -0.392304  -0.058759  0.917957  -0.006618  0.004795  -0.004843  -1.593559  -2.076176  -0.660861  1.000000  
64.717282 0.006614  -0.004393  -0.005288  0.587842  0.751634  0.299146  -0.706187  0.657168  -0.263495  -0.394641  -0.056359  0.917105  -0.006747  0.004931  -0.004890  -1.614371  -2.072759  -0.661918  1.000000  
64.718306 0.006605  -0.004389  -0.005293  0.587736  0.751733  0.299107  -0.705173  0.657210  -0.266094  -0.396608  -0.054529  0.916367  -0.006881  0.004948  -0.004930  -1.625846  -2.067310  -0.663506  1.000000  
64.719533 0.006595  -0.004382  -0.005299  0.587702  0.751834  0.298916  -0.703954  0.657278  -0.269136  -0.398817  -0.052251  0.915541  -0.007138  0.005018  -0.004856  -1.639520  -2.060759  -0.664624  1.000000  
64.720782 0.006586  -0.004375  -0.005304  0.587485  0.752070  0.298751  -0.702810  0.657186  -0.272331  -0.401147  -0.049975  0.914649  -0.007225  0.005111  -0.004690  -1.650519  -2.057837  -0.662022  1.000000  
64.721786 0.006577  -0.004369  -0.005307  0.587436  0.752257  0.298376  -0.701870  0.657123  -0.274896  -0.402862  -0.047938  0.914004  -0.007414  0.005180  -0.004577  -1.667010  -2.049252  -0.660427  1.000000  
64.723032 0.006566  -0.004363  -0.005312  0.587354  0.752472  0.297997  -0.700599  0.657062  -0.278264  -0.405188  -0.045337  0.913109  -0.007639  0.005204  -0.004388  -1.688684  -2.047781  -0.664327  1.000000  
64.724282 0.006555  -0.004356  -0.005315  0.587192  0.752832  0.297404  -0.699528  0.656823  -0.281503  -0.407266  -0.042746  0.912309  -0.007856  0.005241  -0.004200  -1.708193  -2.034498  -0.663822  1.000000  
64.725283 0.006546  -0.004350  -0.005318  0.587132  0.753061  0.296942  -0.698580  0.656696  -0.284141  -0.408976  -0.040609  0.911641  -0.008037  0.005378  -0.004113  -1.724879  -2.031021  -0.665378  1.000000  
64.726287 0.006536  -0.004345  -0.005321  0.587105  0.753295  0.296403  -0.697672  0.656556  -0.286684  -0.410563  -0.038478  0.911020  -0.008178  0.005396  -0.004002  -1.746240  -2.017987  -0.663715  1.000000  
64.727535 0.006524  -0.004338  -0.005325  0.586932  0.753661  0.295813  -0.696593  0.656282  -0.289917  -0.412636  -0.035900  0.910188  -0.008418  0.005454  -0.003916  -1.764230  -2.002210  -0.659521  1.000000  
64.728784 0.006512  -0.004330  -0.005329  0.586863  0.753856  0.295454  -0.695348  0.656188  -0.293100  -0.414829  -0.033434  0.909285  -0.008593  0.005506  -0.003815  -1.780511  -1.994527  -0.659970  1.000000  
64.729784 0.006502  -0.004324  -0.005331  0.586790  0.754092  0.294997  -0.694391  0.656022  -0.295730  -0.416532  -0.031312  0.908582  -0.008685  0.005601  -0.003656  -1.798140  -1.985631  -0.658671  1.000000  
64.731036 0.006490  -0.004317  -0.005334  0.586641  0.754503  0.294240  -0.693346  0.655671  -0.298942  -0.418477  -0.028638  0.907776  -0.008937  0.005546  -0.003451  -1.821141  -1.964726  -0.651607  1.000000  
64.732046 0.006480  -0.004312  -0.005337  0.586561  0.754743  0.293784  -0.692384  0.655485  -0.301569  -0.420178  -0.026523  0.907054  -0.009042  0.005528  -0.003288  -1.835591  -1.951816  -0.646011  1.000000  
64.733283 0.006468  -0.004305  -0.005338  0.586548  0.754987  0.293183  -0.691214  0.655302  -0.304636  -0.422120  -0.023969  0.906223  -0.009193  0.005614  -0.002973  -1.844792  -1.940688  -0.646291  1.000000  
64.734285 0.006458  -0.004299  -0.005339  0.586462  0.755229  0.292730  -0.690248  0.655096  -0.307259  -0.423817  -0.021861  0.905484  -0.009345  0.005642  -0.002677  -1.861125  -1.932433  -0.647710  1.000000  
64.735535 0.006444  -0.004292  -0.005340  0.586299  0.755612  0.292068  -0.689193  0.654734  -0.310381  -0.425755  -0.019315  0.904632  -0.009599  0.005584  -0.002434  -1.874810  -1.920959  -0.635056  1.000000  
64.736782 0.006431  -0.004286  -0.005341  0.586274  0.755897  0.291380  -0.688014  0.654478  -0.313520  -0.427691  -0.016665  0.903771  -0.009757  0.005568  -0.002230  -1.887389  -1.900267  -0.634679  1.000000  
64.737782 0.006420  -0.004280  -0.005342  0.586252  0.756113  0.290865  -0.687129  0.654277  -0.315873  -0.429142  -0.014680  0.903118  -0.009895  0.005587  -0.002121  -1.896419  -1.885344  -0.632004  1.000000  
64.738786 0.006409  -0.004275  -0.005343  0.586228  0.756399  0.290167  -0.686242  0.653991  -0.318383  -0.430592  -0.012480  0.902461  -0.010041  0.005593  -0.001922  -1.917991  -1.866959  -0.624293  1.000000  
64.740032 0.006395  -0.004269  -0.005344  0.586089  0.756859  0.289247  -0.685221  0.653505  -0.321563  -0.432402  -0.009734  0.901628  -0.010174  0.005560  -0.001778  -1.937711  -1.853341  -0.614138  1.000000  
64.741282 0.006380  -0.004262  -0.005345  0.586087  0.757186  0.288394  -0.684078  0.653162  -0.324680  -0.434211  -0.006993  0.900784  -0.010397  0.005537  -0.001617  -1.953682  -1.832304  -0.613809  1.000000  
64.742282 0.006369  -0.004256  -0.005345  0.586055  0.757476  0.287699  -0.683186  0.652846  -0.327184  -0.435657  -0.004804  0.900100  -0.010519  0.005475  -0.001434  -1.964813  -1.815866  -0.608557  1.000000  
64.743291 0.006357  -0.004251  -0.005345  0.586020  0.757731  0.287096  -0.682292  0.652561  -0.329607  -0.437101  -0.002727  0.899408  -0.010688  0.005429  -0.001196  -1.974340  -1.800854  -0.601103  1.000000  
64.744538 0.006341  -0.004245  -0.005345  0.585906  0.758161  0.286192  -0.681308  0.652068  -0.332606  -0.438785  -0.000109  0.898592  -0.010913  0.005337  -0.000902  -1.985752  -1.780353  -0.595006  1.000000  
64.745538 0.006329  -0.004240  -0.005344  0.585867  0.758383  0.285683  -0.680412  0.651806  -0.334946  -0.440228  0.001851  0.897884  -0.011100  0.005339  -0.000661  -1.988623  -1.767919  -0.590289  1.000000  
64.746787 0.006314  -0.004234  -0.005343  0.585849  0.758716  0.284836  -0.679258  0.651406  -0.338051  -0.442029  0.004570  0.896989  -0.011253  0.005298  -0.000421  -2.003660  -1.751543  -0.584268  1.000000  
64.748032 0.006299  -0.004228  -0.005342  0.585687  0.759218  0.283828  -0.678224  0.650794  -0.341291  -0.443828  0.007391  0.896081  -0.011436  0.005221  -0.000249  -2.030719  -1.738716  -0.574694  1.000000  
64.749034 0.006286  -0.004223  -0.005341  0.585639  0.759513  0.283137  -0.677322  0.650422  -0.343783  -0.445266  0.009557  0.895347  -0.011632  0.005116  -0.000177  -2.042532  -1.723220  -0.573883  1.000000  
64.750282 0.006270  -0.004217  -0.005341  0.585510  0.760016  0.282051  -0.676328  0.649786  -0.346926  -0.446943  0.012369  0.894477  -0.011841  0.005076  -0.000066  -2.065032  -1.710399  -0.564312  1.000000  
64.751283 0.006257  -0.004213  -0.005340  0.585496  0.760346  0.281192  -0.675469  0.649354  -0.349402  -0.448259  0.014637  0.893784  -0.011982  0.005033  0.000016  -2.077248  -1.690268  -0.563390  1.000000  
