1-Time 2-Px 3-Py 4-Pz 5-R11 6-R21 7-R31 8-R12 9-R22 10-R32 11-R13 12-R23 13-R33 14-Vx 15-Vy 16-Vz 17-Wx 18-Wy 19-Wz 20-state
92.006990 0.003302  -0.004254  -0.006559  0.678169  0.392932  0.621040  -0.654571  0.707140  0.267377  -0.334101  -0.587841  0.736763  0.000539  -0.000156  -0.002050  -0.162133  0.328594  0.465829  1.000000  
92.008106 0.003303  -0.004254  -0.006564  0.678163  0.393380  0.620763  -0.654834  0.706873  0.267437  -0.333597  -0.587863  0.736974  0.001123  -0.001076  -0.007275  0.000000  0.000000  0.000000  1.000000  
92.009348 0.003305  -0.004254  -0.006567  0.678253  0.394147  0.620179  -0.655191  0.706507  0.267532  -0.332714  -0.587789  0.737432  0.001344  -0.000411  -0.004305  0.000000  0.000000  0.000000  1.000000  
92.010362 0.003305  -0.004254  -0.006567  0.678278  0.394726  0.619783  -0.655485  0.706217  0.267576  -0.332083  -0.587749  0.737748  0.000898  0.000037  -0.002718  0.000000  0.000000  0.000000  1.000000  
92.011598 0.003306  -0.004253  -0.006569  0.678334  0.395436  0.619269  -0.655810  0.705905  0.267603  -0.331325  -0.587646  0.738170  0.000796  0.000087  -0.002383  0.000000  0.000000  0.000000  1.000000  
92.012847 0.003306  -0.004253  -0.006572  0.678390  0.396145  0.618753  -0.656134  0.705593  0.267631  -0.330568  -0.587543  0.738592  0.000691  0.000171  -0.002471  0.000000  0.000000  0.000000  1.000000  
92.014096 0.003305  -0.004251  -0.006576  0.678445  0.396855  0.618238  -0.656458  0.705281  0.267659  -0.329810  -0.587439  0.739013  0.000452  0.000415  -0.002632  0.000000  0.000000  0.000000  1.000000  
92.015116 0.003305  -0.004249  -0.006579  0.678437  0.397376  0.617912  -0.656720  0.705046  0.267636  -0.329305  -0.587370  0.739294  0.000329  0.000559  -0.002627  -0.327674  0.403880  0.545742  1.000000  
92.016347 0.003304  -0.004248  -0.006584  0.678460  0.398028  0.617467  -0.657013  0.704788  0.267596  -0.328673  -0.587238  0.739680  0.000145  0.000646  -0.002858  -0.330853  0.393449  0.534248  1.000000  
92.017347 0.003303  -0.004247  -0.006588  0.678555  0.398347  0.617158  -0.657105  0.704689  0.267632  -0.328294  -0.587140  0.739926  0.000103  0.000713  -0.002915  -0.321970  0.385539  0.505715  1.000000  
92.018347 0.003303  -0.004246  -0.006590  0.678618  0.398609  0.616919  -0.657166  0.704645  0.267599  -0.328041  -0.587015  0.740137  0.000026  0.000725  -0.002856  -0.314720  0.369551  0.474794  1.000000  
92.019350 0.003302  -0.004245  -0.006592  0.678545  0.399017  0.616735  -0.657367  0.704518  0.267439  -0.327788  -0.586890  0.740348  -0.000037  0.000735  -0.002806  -0.314304  0.346073  0.461627  1.000000  
92.020597 0.003300  -0.004244  -0.006594  0.678505  0.399481  0.616479  -0.657598  0.704337  0.267348  -0.327409  -0.586792  0.740593  -0.000160  0.000733  -0.002681  -0.308132  0.328106  0.448458  1.000000  
92.021598 0.003300  -0.004243  -0.006594  0.678567  0.399668  0.616289  -0.657659  0.704260  0.267400  -0.327156  -0.586757  0.740733  -0.000198  0.000735  -0.002490  -0.294969  0.319773  0.428611  1.000000  
92.022606 0.003297  -0.004243  -0.006592  0.678630  0.399856  0.616098  -0.657720  0.704183  0.267453  -0.326903  -0.586721  0.740873  -0.000343  0.000803  -0.002058  -0.283399  0.312385  0.411170  1.000000  
92.023867 0.003296  -0.004241  -0.006589  0.678964  0.399828  0.615748  -0.657501  0.704303  0.267673  -0.326650  -0.586596  0.741084  -0.000556  0.000893  -0.001527  -0.268172  0.315889  0.371354  1.000000  
92.025103 0.003294  -0.004240  -0.006586  0.678995  0.400034  0.615580  -0.657532  0.704314  0.267571  -0.326524  -0.586443  0.741260  -0.000716  0.000931  -0.001292  -0.263166  0.299837  0.350151  1.000000  
92.026353 0.003293  -0.004238  -0.006587  0.678964  0.400201  0.615506  -0.657501  0.704466  0.267246  -0.326650  -0.586146  0.741439  -0.000853  0.001016  -0.001230  -0.265013  0.274642  0.322667  1.000000  
92.027602 0.003292  -0.004236  -0.006588  0.678932  0.400369  0.615431  -0.657471  0.704617  0.266921  -0.326777  -0.585849  0.741618  -0.000945  0.001112  -0.001069  -0.266643  0.252570  0.298593  1.000000  
92.028605 0.003291  -0.004233  -0.006588  0.679068  0.400373  0.615279  -0.657331  0.704765  0.266876  -0.326777  -0.585669  0.741760  -0.000987  0.001220  -0.000883  -0.262272  0.246366  0.277300  1.000000  
92.029847 0.003289  -0.004229  -0.006585  0.679036  0.400615  0.615156  -0.657300  0.704948  0.266465  -0.326903  -0.585282  0.742010  -0.001106  0.001405  -0.000435  -0.269363  0.228154  0.258220  1.000000  
92.030848 0.003287  -0.004224  -0.006581  0.679172  0.400619  0.615004  -0.657161  0.705096  0.266421  -0.326903  -0.585102  0.742152  -0.001168  0.001586  0.000091  -0.265321  0.223606  0.240710  1.000000  
92.031848 0.003286  -0.004218  -0.006575  0.679140  0.400787  0.614930  -0.657130  0.705247  0.266095  -0.327030  -0.584805  0.742331  -0.001187  0.001924  0.000748  -0.269342  0.210227  0.227437  1.000000  
92.033097 0.003284  -0.004212  -0.006567  0.679275  0.400865  0.614729  -0.656990  0.705426  0.265965  -0.327030  -0.584535  0.742543  -0.001211  0.002242  0.001536  -0.267763  0.204750  0.210441  1.000000  
92.034098 0.003282  -0.004207  -0.006561  0.679244  0.400958  0.614703  -0.656960  0.705545  0.265725  -0.327156  -0.584328  0.742651  -0.001376  0.002556  0.002144  -0.266822  0.193192  0.199435  1.000000  
92.035348 0.003277  -0.004202  -0.006557  0.679213  0.401126  0.614629  -0.656930  0.705696  0.265399  -0.327283  -0.584030  0.742829  -0.001556  0.002874  0.002519  -0.267909  0.180849  0.187523  1.000000  
92.036597 0.003274  -0.004196  -0.006555  0.679181  0.401293  0.614554  -0.656899  0.705847  0.265073  -0.327409  -0.583733  0.743007  -0.001680  0.003177  0.002616  -0.268907  0.169563  0.176634  1.000000  
92.037601 0.003273  -0.004190  -0.006554  0.679285  0.401241  0.614474  -0.656729  0.706048  0.264959  -0.327535  -0.583525  0.743114  -0.001659  0.003539  0.002570  -0.267863  0.158786  0.158726  1.000000  
92.038857 0.003269  -0.004182  -0.006555  0.679253  0.401334  0.614448  -0.656698  0.706167  0.264719  -0.327662  -0.583318  0.743221  -0.001769  0.003920  0.002273  -0.261397  0.140020  0.127416  1.000000  
92.040112 0.003265  -0.004176  -0.006559  0.679222  0.401427  0.614422  -0.656668  0.706285  0.264479  -0.327788  -0.583111  0.743328  -0.001927  0.004326  0.001877  -0.255067  0.115904  0.099955  1.000000  
92.041354 0.003262  -0.004169  -0.006564  0.679087  0.401721  0.614379  -0.656808  0.706266  0.264181  -0.327788  -0.582930  0.743470  -0.002136  0.004691  0.001526  -0.250946  0.094744  0.083178  1.000000  
92.042356 0.003260  -0.004164  -0.006568  0.679087  0.401870  0.614281  -0.656808  0.706330  0.264009  -0.327788  -0.582750  0.743611  -0.002200  0.004894  0.001323  -0.248626  0.081154  0.064085  1.000000  
92.043602 0.003258  -0.004157  -0.006572  0.679118  0.402075  0.614112  -0.656838  0.706340  0.263907  -0.327662  -0.582597  0.743787  -0.002211  0.005061  0.001077  -0.242315  0.067585  0.045013  1.000000  
92.044854 0.003255  -0.004149  -0.006572  0.679118  0.402299  0.613966  -0.656838  0.706436  0.263650  -0.327662  -0.582326  0.743999  -0.002297  0.005332  0.000839  -0.240190  0.054027  0.025950  1.000000  
92.046098 0.003252  -0.004138  -0.006571  0.679150  0.402504  0.613797  -0.656869  0.706446  0.263548  -0.327535  -0.582172  0.744175  -0.002364  0.005607  0.000507  -0.231836  0.043571  0.009573  1.000000  
92.047103 0.003250  -0.004130  -0.006571  0.679046  0.402854  0.613682  -0.657039  0.706373  0.263319  -0.327409  -0.582019  0.744350  -0.002447  0.005835  0.000045  -0.235969  0.032815  0.009207  1.000000  
92.048104 0.003249  -0.004121  -0.006572  0.679077  0.403133  0.613464  -0.657069  0.706415  0.263132  -0.327283  -0.581775  0.744597  -0.002388  0.006105  -0.000499  -0.240041  0.029284  0.006415  1.000000  
92.049349 0.003247  -0.004109  -0.006576  0.679109  0.403412  0.613245  -0.657100  0.706456  0.262944  -0.327156  -0.581531  0.744843  -0.002218  0.006519  -0.001149  -0.241945  0.026271  -0.004294  1.000000  
92.050631 0.003245  -0.004098  -0.006581  0.679172  0.403747  0.612955  -0.657161  0.706444  0.262825  -0.326903  -0.581314  0.745123  -0.002140  0.006893  -0.001690  -0.244024  0.030345  -0.009455  1.000000  
92.051849 0.003243  -0.004086  -0.006585  0.679338  0.403881  0.612682  -0.657051  0.706568  0.262764  -0.326777  -0.581069  0.745369  -0.002063  0.007276  -0.002079  -0.245897  0.027314  -0.020183  1.000000  
92.052855 0.003242  -0.004077  -0.006586  0.679401  0.404215  0.612392  -0.657112  0.706556  0.262645  -0.326524  -0.580852  0.745650  -0.001981  0.007511  -0.002207  -0.255972  0.023232  -0.015019  1.000000  
92.054097 0.003242  -0.004065  -0.006588  0.679495  0.404606  0.612030  -0.657203  0.706489  0.262596  -0.326144  -0.580661  0.745964  -0.001787  0.007726  -0.002173  -0.260289  0.026064  -0.004296  1.000000  
92.055129 0.003241  -0.004057  -0.006590  0.679693  0.404720  0.611734  -0.657124  0.706528  0.262690  -0.325891  -0.580533  0.746174  -0.001586  0.007914  -0.002030  -0.259824  0.033811  -0.006702  1.000000  
92.056356 0.003241  -0.004046  -0.006592  0.679891  0.404909  0.611389  -0.657044  0.706599  0.262697  -0.325638  -0.580315  0.746454  -0.001403  0.008237  -0.001774  -0.261841  0.048487  -0.003542  1.000000  
92.057604 0.003241  -0.004036  -0.006593  0.680121  0.405154  0.610972  -0.656995  0.706617  0.262774  -0.325259  -0.580124  0.746768  -0.001219  0.008488  -0.001542  -0.259601  0.066682  0.002382  1.000000  
92.058854 0.003243  -0.004026  -0.006595  0.680183  0.405487  0.610681  -0.657056  0.706604  0.262656  -0.325006  -0.579905  0.747048  -0.000929  0.008625  -0.001524  -0.257812  0.073284  0.015821  1.000000  
92.060105 0.003245  -0.004017  -0.006598  0.680381  0.405676  0.610335  -0.656976  0.706676  0.262664  -0.324753  -0.579687  0.747328  -0.000549  0.008669  -0.001821  -0.257752  0.080355  0.021329  1.000000  
92.061351 0.003249  -0.004008  -0.006604  0.680745  0.405700  0.609913  -0.656786  0.706745  0.262952  -0.324373  -0.579585  0.747571  -0.000144  0.008564  -0.002280  -0.249211  0.102604  0.022076  1.000000  
92.062598 0.003252  -0.003999  -0.006611  0.680974  0.405944  0.609495  -0.656736  0.706763  0.263028  -0.323993  -0.579393  0.747885  0.000182  0.008414  -0.002684  -0.245167  0.113259  0.030336  1.000000  
92.063848 0.003255  -0.003989  -0.006617  0.681338  0.406042  0.609023  -0.656546  0.706864  0.263230  -0.323614  -0.579200  0.748199  0.000512  0.008319  -0.002904  -0.244754  0.135507  0.031052  1.000000  
92.065098 0.003258  -0.003980  -0.006619  0.681702  0.406140  0.608550  -0.656356  0.706966  0.263432  -0.323234  -0.579007  0.748512  0.000820  0.008152  -0.002688  -0.240260  0.157754  0.031743  1.000000  
92.066348 0.003260  -0.003971  -0.006619  0.682200  0.406166  0.607974  -0.656024  0.707183  0.263673  -0.322854  -0.578724  0.748895  0.001091  0.007938  -0.002358  -0.239661  0.182492  0.027029  1.000000  
92.067598 0.003261  -0.003962  -0.006614  0.682533  0.406207  0.607573  -0.655803  0.707339  0.263805  -0.322601  -0.578504  0.749174  0.001253  0.007793  -0.001890  -0.237461  0.197068  0.030064  1.000000  
92.068848 0.003262  -0.003955  -0.006609  0.682834  0.406267  0.607195  -0.655552  0.707581  0.263781  -0.322474  -0.578167  0.749489  0.001382  0.007516  -0.001438  -0.241138  0.212137  0.025231  1.000000  
92.069849 0.003263  -0.003949  -0.006606  0.683301  0.406162  0.606739  -0.655190  0.707821  0.264038  -0.322221  -0.577946  0.749768  0.001465  0.007363  -0.001112  -0.238449  0.234620  0.018003  1.000000  
92.070849 0.003265  -0.003942  -0.006603  0.683633  0.406276  0.606288  -0.654968  0.708009  0.264083  -0.321967  -0.577635  0.750116  0.001624  0.007242  -0.000837  -0.242117  0.249663  0.013137  1.000000  
92.071855 0.003266  -0.003935  -0.006601  0.683965  0.406317  0.605887  -0.654746  0.708166  0.264213  -0.321714  -0.577415  0.750395  0.001747  0.007122  -0.000598  -0.243486  0.268607  0.003161  1.000000  
92.072856 0.003268  -0.003928  -0.006600  0.684296  0.406431  0.605436  -0.654524  0.708354  0.264258  -0.321461  -0.577103  0.750743  0.001834  0.007073  -0.000413  -0.245125  0.285986  -0.001761  1.000000  
92.073863 0.003270  -0.003922  -0.006598  0.684763  0.406325  0.604979  -0.654161  0.708595  0.264513  -0.321207  -0.576882  0.751021  0.001783  0.006939  -0.000134  -0.246496  0.301479  -0.014595  1.000000  
92.075104 0.003272  -0.003914  -0.006596  0.685229  0.406292  0.604473  -0.653797  0.708868  0.264681  -0.320954  -0.576570  0.751369  0.001760  0.006818  0.000175  -0.243921  0.317111  -0.027502  1.000000  
92.076106 0.003273  -0.003910  -0.006593  0.685529  0.406276  0.604144  -0.653544  0.709078  0.264741  -0.320827  -0.576323  0.751613  0.001618  0.006651  0.000725  -0.243490  0.328626  -0.035194  1.000000  
92.077347 0.003273  -0.003904  -0.006591  0.685963  0.406260  0.603661  -0.653150  0.709436  0.264754  -0.320700  -0.575893  0.751997  0.001443  0.006439  0.001279  -0.244820  0.341899  -0.055600  1.000000  
92.078351 0.003273  -0.003899  -0.006589  0.686263  0.406244  0.603331  -0.652897  0.709647  0.264813  -0.320574  -0.575645  0.752240  0.001280  0.006219  0.001874  -0.242391  0.352713  -0.066550  1.000000  
92.079598 0.003273  -0.003895  -0.006583  0.686698  0.406154  0.602898  -0.652503  0.709973  0.264911  -0.320447  -0.575306  0.752553  0.001093  0.005893  0.002447  -0.237838  0.361742  -0.081585  1.000000  
92.080599 0.003272  -0.003891  -0.006580  0.686997  0.406136  0.602568  -0.652250  0.710184  0.264970  -0.320320  -0.575058  0.752797  0.000874  0.005647  0.002624  -0.237735  0.366501  -0.094812  1.000000  
92.081848 0.003270  -0.003887  -0.006575  0.687462  0.406101  0.602061  -0.651884  0.710457  0.265136  -0.320067  -0.574745  0.753144  0.000651  0.005356  0.002824  -0.237143  0.377544  -0.102441  1.000000  
92.083098 0.003268  -0.003882  -0.006573  0.687896  0.406010  0.601627  -0.651489  0.710784  0.265232  -0.319940  -0.574405  0.753457  0.000413  0.005137  0.002641  -0.232501  0.385534  -0.124558  1.000000  
92.084100 0.003267  -0.003878  -0.006571  0.688226  0.406121  0.601174  -0.651265  0.710974  0.265274  -0.319686  -0.574092  0.753803  0.000231  0.005012  0.002463  -0.238491  0.389472  -0.129901  1.000000  
92.085349 0.003265  -0.003873  -0.006570  0.688525  0.406176  0.600795  -0.651011  0.711217  0.265245  -0.319559  -0.573752  0.754116  0.000032  0.004778  0.002284  -0.234185  0.390399  -0.146023  1.000000  
92.086599 0.003264  -0.003866  -0.006567  0.688958  0.406156  0.600311  -0.650615  0.711576  0.265254  -0.319433  -0.573320  0.754498  -0.000093  0.004706  0.002302  -0.239989  0.391446  -0.157998  1.000000  
92.087601 0.003263  -0.003861  -0.006563  0.689123  0.406429  0.599937  -0.650502  0.711768  0.265015  -0.319306  -0.572888  0.754879  -0.000329  0.004577  0.002462  -0.252189  0.387851  -0.160898  1.000000  
92.088866 0.003262  -0.003854  -0.006556  0.689587  0.406465  0.599380  -0.650135  0.712075  0.265093  -0.319052  -0.572482  0.755295  -0.000555  0.004495  0.002765  -0.253900  0.395216  -0.175527  1.000000  
92.090106 0.003261  -0.003847  -0.006547  0.689886  0.406663  0.598901  -0.649880  0.712383  0.264890  -0.318925  -0.571958  0.755745  -0.000722  0.004540  0.003294  -0.265891  0.399643  -0.188917  1.000000  
92.091354 0.003260  -0.003839  -0.006538  0.690380  0.406826  0.598220  -0.649542  0.712669  0.264949  -0.318545  -0.571485  0.756263  -0.000842  0.004597  0.003688  -0.276052  0.407156  -0.191657  1.000000  
92.092603 0.003260  -0.003832  -0.006531  0.690710  0.407079  0.597668  -0.649316  0.712925  0.264816  -0.318291  -0.570986  0.756747  -0.000917  0.004673  0.003952  -0.288381  0.403460  -0.194624  1.000000  
92.093848 0.003258  -0.003826  -0.006525  0.691173  0.407185  0.597060  -0.648947  0.713265  0.264804  -0.318038  -0.570486  0.757230  -0.000989  0.004815  0.004098  -0.298617  0.400305  -0.205598  1.000000  
92.094853 0.003258  -0.003820  -0.006521  0.691368  0.407511  0.596611  -0.648863  0.713404  0.264633  -0.317784  -0.570078  0.757644  -0.001038  0.004932  0.004116  -0.310915  0.400188  -0.205770  1.000000  
92.096105 0.003257  -0.003814  -0.006518  0.691831  0.407616  0.596003  -0.648494  0.713744  0.264621  -0.317530  -0.569577  0.758127  -0.000941  0.005084  0.004061  -0.319187  0.396493  -0.208764  1.000000  
92.097348 0.003257  -0.003808  -0.006516  0.692191  0.407922  0.595375  -0.648296  0.713949  0.264555  -0.317150  -0.569102  0.758643  -0.000767  0.005159  0.003902  -0.331627  0.400076  -0.206341  1.000000  
92.098349 0.003257  -0.003802  -0.006515  0.692386  0.408247  0.594925  -0.648212  0.714089  0.264383  -0.316896  -0.568692  0.759056  -0.000686  0.005266  0.003875  -0.342071  0.399599  -0.198613  1.000000  
92.099599 0.003257  -0.003796  -0.006513  0.692746  0.408552  0.594296  -0.648013  0.714294  0.264316  -0.316515  -0.568216  0.759571  -0.000573  0.005337  0.003898  -0.352582  0.399136  -0.190956  1.000000  
92.100848 0.003257  -0.003788  -0.006510  0.693239  0.408710  0.593613  -0.647672  0.714583  0.264371  -0.316134  -0.567739  0.760086  -0.000507  0.005459  0.003923  -0.355679  0.403215  -0.192131  1.000000  
92.101849 0.003257  -0.003783  -0.006505  0.693598  0.408942  0.593033  -0.647473  0.714756  0.264391  -0.315753  -0.567354  0.760532  -0.000425  0.005498  0.004025  -0.363959  0.406771  -0.189700  1.000000  
92.103098 0.003258  -0.003775  -0.006499  0.693988  0.409373  0.592279  -0.647303  0.714942  0.264306  -0.315246  -0.566809  0.761149  -0.000336  0.005506  0.004084  -0.378419  0.409848  -0.179435  1.000000  
92.104105 0.003259  -0.003770  -0.006494  0.694347  0.409676  0.591649  -0.647103  0.715148  0.264237  -0.314865  -0.566330  0.761663  -0.000211  0.005504  0.004032  -0.387920  0.412736  -0.173266  1.000000  
92.105132 0.003259  -0.003764  -0.006489  0.694839  0.409830  0.590963  -0.646760  0.715438  0.264290  -0.314484  -0.565851  0.762176  -0.000157  0.005457  0.003850  -0.399928  0.415891  -0.170667  1.000000  
92.106355 0.003259  -0.003756  -0.006484  0.695228  0.410330  0.590158  -0.646589  0.715657  0.264117  -0.313976  -0.565211  0.762860  -0.000129  0.005506  0.003623  -0.418912  0.419372  -0.160498  1.000000  
92.107604 0.003258  -0.003748  -0.006480  0.695751  0.410754  0.589248  -0.646273  0.715993  0.263978  -0.313467  -0.564478  0.763612  -0.000099  0.005608  0.003416  -0.437269  0.434037  -0.158012  1.000000  
92.108608 0.003258  -0.003741  -0.006475  0.696273  0.411033  0.588436  -0.645958  0.716266  0.264012  -0.312959  -0.563929  0.764226  -0.000019  0.005712  0.003387  -0.447328  0.452193  -0.152743  1.000000  
92.109868 0.003257  -0.003734  -0.006469  0.696958  0.411432  0.587345  -0.645526  0.716668  0.263975  -0.312324  -0.563125  0.765078  -0.000032  0.005786  0.003464  -0.469663  0.466712  -0.150296  1.000000  
92.110879 0.003257  -0.003728  -0.006463  0.697448  0.411725  0.586557  -0.645181  0.717025  0.263850  -0.311942  -0.562457  0.765725  0.000004  0.005805  0.003695  -0.487689  0.477499  -0.150416  1.000000  
92.112107 0.003255  -0.003721  -0.006454  0.698000  0.412198  0.585568  -0.644891  0.717312  0.263777  -0.311307  -0.561744  0.766506  -0.000131  0.005885  0.004146  -0.508602  0.492179  -0.140181  1.000000  
92.113348 0.003253  -0.003714  -0.006446  0.698653  0.412537  0.584549  -0.644429  0.717768  0.263667  -0.310798  -0.560912  0.767322  -0.000277  0.005877  0.004571  -0.531187  0.503367  -0.140565  1.000000  
92.114598 0.003251  -0.003707  -0.006437  0.699336  0.412930  0.583453  -0.643994  0.718174  0.263625  -0.310162  -0.560103  0.768169  -0.000426  0.005902  0.005036  -0.551485  0.521954  -0.143517  1.000000  
92.115599 0.003249  -0.003703  -0.006431  0.699856  0.413273  0.582587  -0.643674  0.718482  0.263567  -0.309653  -0.559455  0.768847  -0.000544  0.005794  0.005355  -0.565751  0.536617  -0.141150  1.000000  
92.116849 0.003246  -0.003698  -0.006424  0.700508  0.413607  0.581565  -0.643210  0.718939  0.263453  -0.309144  -0.558619  0.769659  -0.000704  0.005705  0.005462  -0.584110  0.551270  -0.138910  1.000000  
92.118099 0.003244  -0.003693  -0.006417  0.701322  0.413847  0.580413  -0.642628  0.719432  0.263527  -0.308508  -0.557806  0.770503  -0.000996  0.005504  0.005416  -0.591046  0.576464  -0.148621  1.000000  
92.119348 0.003240  -0.003688  -0.006412  0.702135  0.414155  0.579209  -0.642045  0.719958  0.263512  -0.307872  -0.556899  0.771414  -0.001288  0.005304  0.005372  -0.607244  0.598539  -0.149162  1.000000  
92.120349 0.003238  -0.003686  -0.006408  0.702653  0.414561  0.578289  -0.641722  0.720301  0.263361  -0.307362  -0.556152  0.772155  -0.001419  0.005125  0.005350  -0.625442  0.609448  -0.149615  1.000000  
92.121599 0.003234  -0.003682  -0.006402  0.703495  0.414850  0.577056  -0.641165  0.720747  0.263500  -0.306598  -0.555359  0.773029  -0.001649  0.004804  0.005422  -0.635422  0.635303  -0.155435  1.000000  
92.122603 0.003231  -0.003680  -0.006396  0.704144  0.415105  0.576080  -0.640695  0.721176  0.263467  -0.306089  -0.554610  0.773768  -0.001806  0.004522  0.005596  -0.647474  0.650086  -0.161238  1.000000  
92.123604 0.003229  -0.003677  -0.006388  0.704924  0.415280  0.574999  -0.640080  0.721723  0.263463  -0.305579  -0.553767  0.774573  -0.001963  0.004307  0.005803  -0.664956  0.670304  -0.168524  1.000000  
92.124605 0.003225  -0.003674  -0.006379  0.705603  0.415587  0.573944  -0.639637  0.722104  0.263496  -0.304942  -0.553039  0.775344  -0.002175  0.004053  0.006113  -0.675143  0.692848  -0.177124  1.000000  
92.125855 0.003221  -0.003672  -0.006367  0.706543  0.415873  0.572579  -0.638901  0.722785  0.263413  -0.304305  -0.551934  0.776381  -0.002420  0.003773  0.006431  -0.697525  0.715271  -0.185970  1.000000  
92.126881 0.003216  -0.003669  -0.006357  0.707352  0.416096  0.571417  -0.638310  0.723286  0.263473  -0.303668  -0.551110  0.777216  -0.002632  0.003501  0.006570  -0.708776  0.740719  -0.199772  1.000000  
92.127884 0.003213  -0.003667  -0.006347  0.708159  0.416387  0.570204  -0.637717  0.723819  0.263444  -0.303030  -0.550189  0.778116  -0.002757  0.003244  0.006824  -0.731037  0.762993  -0.208499  1.000000  
92.129098 0.003208  -0.003664  -0.006336  0.709097  0.416733  0.568784  -0.636977  0.724535  0.263266  -0.302393  -0.548984  0.779215  -0.002936  0.003047  0.006987  -0.754042  0.783580  -0.221230  1.000000  
92.130099 0.003204  -0.003662  -0.006327  0.709903  0.417018  0.567569  -0.636382  0.725070  0.263232  -0.301755  -0.548060  0.780112  -0.003052  0.002846  0.007181  -0.770189  0.806009  -0.237995  1.000000  
92.131099 0.003200  -0.003661  -0.006318  0.710708  0.417300  0.566352  -0.635785  0.725606  0.263196  -0.301117  -0.547134  0.781008  -0.003219  0.002648  0.007321  -0.789016  0.827551  -0.246361  1.000000  
92.132100 0.003195  -0.003659  -0.006310  0.711512  0.417581  0.565135  -0.635188  0.726144  0.263158  -0.300479  -0.546207  0.781902  -0.003389  0.002428  0.007496  -0.807381  0.846165  -0.257993  1.000000  
92.133348 0.003189  -0.003658  -0.006299  0.712476  0.417969  0.563631  -0.634468  0.726815  0.263040  -0.299713  -0.545016  0.783026  -0.003610  0.002207  0.007890  -0.827935  0.868672  -0.275337  1.000000  
92.134598 0.003183  -0.003657  -0.006288  0.713439  0.418421  0.562076  -0.633747  0.727519  0.262830  -0.298947  -0.543727  0.784214  -0.003781  0.001968  0.008197  -0.854799  0.887363  -0.287477  1.000000  
92.135848 0.003177  -0.003657  -0.006276  0.714430  0.418856  0.560490  -0.633051  0.728145  0.262775  -0.298053  -0.542554  0.785366  -0.003949  0.001823  0.008634  -0.868195  0.909551  -0.297245  1.000000  
92.137098 0.003171  -0.003657  -0.006263  0.715391  0.419164  0.559032  -0.632326  0.728789  0.262736  -0.297287  -0.541450  0.786417  -0.004184  0.001622  0.009079  -0.882619  0.924228  -0.311895  1.000000  
92.138349 0.003164  -0.003656  -0.006251  0.716350  0.419605  0.557471  -0.631600  0.729497  0.262517  -0.296520  -0.540153  0.787598  -0.004345  0.001407  0.009293  -0.901230  0.942616  -0.324220  1.000000  
92.139356 0.003159  -0.003656  -0.006242  0.717178  0.419922  0.556166  -0.631019  0.729993  0.262535  -0.295753  -0.539236  0.788514  -0.004512  0.001218  0.009303  -0.911042  0.957366  -0.330965  1.000000  
92.140357 0.003154  -0.003656  -0.006234  0.717876  0.420454  0.554863  -0.630585  0.730436  0.262348  -0.294987  -0.538221  0.789494  -0.004596  0.001117  0.009173  -0.925577  0.971703  -0.329783  1.000000  
92.141605 0.003146  -0.003655  -0.006224  0.718862  0.421005  0.553166  -0.629879  0.731132  0.262102  -0.294091  -0.536843  0.790765  -0.004754  0.000959  0.009063  -0.944819  0.985743  -0.336999  1.000000  
92.142607 0.003142  -0.003654  -0.006216  0.719687  0.421447  0.551754  -0.629294  0.731696  0.261936  -0.293324  -0.535727  0.791806  -0.004810  0.000902  0.008981  -0.967279  1.000829  -0.344013  1.000000  
92.143847 0.003134  -0.003652  -0.006205  0.720700  0.422043  0.549973  -0.628611  0.732348  0.261753  -0.292301  -0.534365  0.793104  -0.005000  0.000857  0.008882  -0.986292  1.021963  -0.346129  1.000000  
92.144852 0.003127  -0.003651  -0.006196  0.721653  0.422328  0.548504  -0.627874  0.733001  0.261695  -0.291533  -0.533244  0.794141  -0.005215  0.000759  0.008874  -1.003150  1.041285  -0.358831  1.000000  
92.146098 0.003119  -0.003650  -0.006183  0.722505  0.423078  0.546801  -0.627310  0.733648  0.261235  -0.290637  -0.531757  0.795465  -0.005424  0.000743  0.008967  -1.027829  1.050778  -0.360708  1.000000  
92.147348 0.003109  -0.003648  -0.006170  0.723643  0.423576  0.544908  -0.626471  0.734424  0.261066  -0.289612  -0.530288  0.796818  -0.005676  0.000669  0.009226  -1.050689  1.076183  -0.368572  1.000000  
92.148349 0.003102  -0.003647  -0.006158  0.724334  0.424216  0.543489  -0.626027  0.734938  0.260685  -0.288844  -0.529062  0.797911  -0.005832  0.000706  0.009385  -1.074464  1.084689  -0.365488  1.000000  
92.149600 0.003092  -0.003645  -0.006145  0.725340  0.424789  0.541697  -0.625333  0.735598  0.260487  -0.287819  -0.527683  0.799194  -0.006085  0.000784  0.009523  -1.092461  1.101113  -0.370240  1.000000  
92.150600 0.003085  -0.003644  -0.006134  0.726188  0.425325  0.540139  -0.624762  0.736156  0.260283  -0.286922  -0.526473  0.800314  -0.006275  0.000858  0.009635  -1.114702  1.113664  -0.372700  1.000000  
92.151601 0.003077  -0.003643  -0.006125  0.727005  0.425737  0.538713  -0.624164  0.736729  0.260096  -0.286153  -0.525336  0.801335  -0.006402  0.000997  0.009587  -1.129496  1.124347  -0.374679  1.000000  
92.152850 0.003068  -0.003641  -0.006114  0.728037  0.426480  0.536728  -0.623489  0.737412  0.259780  -0.284999  -0.523773  0.802769  -0.006579  0.001030  0.009490  -1.153417  1.140514  -0.371892  1.000000  
92.153850 0.003060  -0.003640  -0.006105  0.728881  0.427003  0.535164  -0.622912  0.737974  0.259568  -0.284101  -0.522554  0.803880  -0.006707  0.001105  0.009421  -1.174299  1.151144  -0.366115  1.000000  
92.154870 0.003053  -0.003639  -0.006099  0.729724  0.427588  0.533547  -0.622334  0.738568  0.259264  -0.283203  -0.521235  0.805053  -0.006928  0.001189  0.009289  -1.198572  1.159687  -0.363094  1.000000  
92.156104 0.003043  -0.003638  -0.006088  0.730780  0.428303  0.531524  -0.621677  0.739179  0.259097  -0.281919  -0.519779  0.806444  -0.007110  0.001186  0.009327  -1.216463  1.174649  -0.355555  1.000000  
92.157107 0.003035  -0.003638  -0.006080  0.731748  0.428661  0.529900  -0.620945  0.739834  0.258986  -0.281021  -0.518551  0.807547  -0.007350  0.001123  0.009358  -1.230119  1.193516  -0.361077  1.000000  
92.158363 0.003024  -0.003637  -0.006069  0.732801  0.429430  0.527819  -0.620283  0.740481  0.258723  -0.279736  -0.516989  0.808993  -0.007489  0.001020  0.009406  -1.248011  1.202820  -0.347709  1.000000  
92.159613 0.003013  -0.003637  -0.006057  0.733951  0.429988  0.525763  -0.619443  0.741264  0.258494  -0.278580  -0.515402  0.810404  -0.007730  0.000957  0.009439  -1.263433  1.217361  -0.348339  1.000000  
92.160853 0.003001  -0.003638  -0.006044  0.735127  0.430527  0.523673  -0.618624  0.741973  0.258420  -0.277295  -0.513928  0.811779  -0.007977  0.000769  0.009422  -1.275144  1.235958  -0.346554  1.000000  
92.161865 0.002991  -0.003638  -0.006035  0.736090  0.430930  0.521988  -0.617882  0.742666  0.258205  -0.276395  -0.512589  0.812932  -0.008133  0.000687  0.009365  -1.289750  1.246234  -0.349115  1.000000  
92.163109 0.002979  -0.003639  -0.006022  0.737262  0.431458  0.519893  -0.617057  0.743379  0.258122  -0.275109  -0.511108  0.814300  -0.008333  0.000516  0.009217  -1.301196  1.264564  -0.347375  1.000000  
92.164354 0.002966  -0.003640  -0.006010  0.738461  0.432095  0.517658  -0.616253  0.744083  0.258015  -0.273693  -0.509542  0.815756  -0.008564  0.000376  0.009174  -1.312800  1.286710  -0.343426  1.000000  
92.165604 0.002953  -0.003641  -0.005997  0.739629  0.432736  0.515450  -0.615422  0.744865  0.257744  -0.272406  -0.507854  0.817239  -0.008791  0.000172  0.009099  -1.332341  1.301133  -0.344438  1.000000  
92.166854 0.002938  -0.003642  -0.005984  0.740795  0.433369  0.513239  -0.614588  0.745649  0.257467  -0.271118  -0.506160  0.818716  -0.009133  0.000018  0.009216  -1.355868  1.319300  -0.342947  1.000000  
92.167869 0.002928  -0.003643  -0.005972  0.741777  0.433796  0.511457  -0.613857  0.746308  0.257302  -0.270088  -0.504822  0.819883  -0.009375  -0.000160  0.009387  -1.366300  1.333115  -0.343356  1.000000  
92.169104 0.002913  -0.003645  -0.005957  0.742911  0.434303  0.509377  -0.612994  0.747108  0.257036  -0.268928  -0.503200  0.821260  -0.009768  -0.000400  0.009770  -1.381659  1.345044  -0.344755  1.000000  
92.170354 0.002897  -0.003647  -0.005939  0.744169  0.434710  0.507189  -0.611975  0.748032  0.256780  -0.267768  -0.501474  0.822693  -0.010152  -0.000589  0.010375  -1.392902  1.358691  -0.361930  1.000000  
92.171604 0.002881  -0.003651  -0.005922  0.745326  0.435131  0.505123  -0.611128  0.748731  0.256756  -0.266479  -0.500062  0.823970  -0.010530  -0.000885  0.010833  -1.392063  1.372900  -0.363147  1.000000  
92.172607 0.002867  -0.003654  -0.005907  0.746274  0.435424  0.503469  -0.610365  0.749409  0.256596  -0.265576  -0.498791  0.825031  -0.010952  -0.001109  0.011282  -1.396316  1.383644  -0.368886  1.000000  
92.173856 0.002850  -0.003660  -0.005890  0.747525  0.435629  0.501431  -0.609336  0.750245  0.256597  -0.264415  -0.497353  0.826271  -0.011346  -0.001481  0.011691  -1.391410  1.390349  -0.375111  1.000000  
92.174860 0.002835  -0.003664  -0.005876  0.748496  0.435843  0.499794  -0.608591  0.750821  0.256682  -0.263383  -0.496295  0.827237  -0.011764  -0.001805  0.011961  -1.386260  1.397080  -0.380623  1.000000  
92.176104 0.002816  -0.003671  -0.005859  0.749646  0.436304  0.497665  -0.607733  0.751560  0.256550  -0.262092  -0.494769  0.828560  -0.012173  -0.002190  0.012195  -1.385775  1.411650  -0.382276  1.000000  
92.177107 0.002800  -0.003677  -0.005844  0.750586  0.436578  0.496004  -0.606961  0.752244  0.256375  -0.261188  -0.493486  0.829610  -0.012616  -0.002606  0.012509  -1.388772  1.418404  -0.388019  1.000000  
92.178117 0.002784  -0.003684  -0.005830  0.751428  0.436995  0.494360  -0.606363  0.752766  0.256257  -0.260154  -0.492320  0.830627  -0.013017  -0.002999  0.012826  -1.383404  1.428654  -0.391331  1.000000  
92.179349 0.002763  -0.003693  -0.005810  0.752420  0.437483  0.492415  -0.605630  0.753432  0.256033  -0.258991  -0.490866  0.831850  -0.013525  -0.003536  0.013332  -1.385574  1.432855  -0.392285  1.000000  
92.180598 0.002741  -0.003703  -0.005787  0.753508  0.437878  0.490397  -0.604718  0.754292  0.255653  -0.257957  -0.489188  0.833158  -0.014123  -0.004111  0.014030  -1.387554  1.431096  -0.400901  1.000000  
92.181599 0.002723  -0.003711  -0.005768  0.754318  0.438231  0.488834  -0.604093  0.754860  0.255456  -0.257052  -0.487996  0.834137  -0.014563  -0.004599  0.014622  -1.388543  1.434433  -0.401048  1.000000  
92.182848 0.002701  -0.003721  -0.005741  0.755278  0.438593  0.487023  -0.603332  0.755540  0.255242  -0.256018  -0.486616  0.835261  -0.015160  -0.005198  0.015437  -1.377626  1.429977  -0.406547  1.000000  
92.184105 0.002676  -0.003733  -0.005713  0.756113  0.439106  0.485262  -0.602725  0.756132  0.254926  -0.254983  -0.485232  0.836381  -0.015812  -0.005934  0.016272  -1.371560  1.419145  -0.403407  1.000000  
92.185347 0.002651  -0.003744  -0.005685  0.756972  0.439665  0.483412  -0.602137  0.756684  0.254676  -0.253818  -0.483863  0.837528  -0.016408  -0.006465  0.016947  -1.366095  1.419368  -0.399636  1.000000  
92.186596 0.002626  -0.003756  -0.005655  0.757954  0.440005  0.481561  -0.601391  0.757298  0.254614  -0.252653  -0.482592  0.838613  -0.017052  -0.006993  0.017800  -1.351364  1.410878  -0.403780  1.000000  
92.187599 0.002604  -0.003766  -0.005631  0.758608  0.440384  0.480182  -0.600893  0.757791  0.254326  -0.251877  -0.481472  0.839490  -0.017557  -0.007477  0.018420  -1.343930  1.405121  -0.403546  1.000000  
92.188861 0.002576  -0.003780  -0.005600  0.759437  0.440822  0.478467  -0.600278  0.758356  0.254090  -0.250841  -0.480179  0.840540  -0.018331  -0.008127  0.019406  -1.334205  1.387420  -0.399007  1.000000  
92.190101 0.002546  -0.003794  -0.005568  0.760142  0.441411  0.476803  -0.599819  0.758833  0.253753  -0.249804  -0.478883  0.841587  -0.019037  -0.008587  0.020337  -1.325165  1.373260  -0.387401  1.000000  
92.191349 0.002515  -0.003809  -0.005534  0.760942  0.441732  0.475226  -0.599180  0.759410  0.253534  -0.248897  -0.477671  0.842544  -0.019814  -0.009093  0.021440  -1.313847  1.358381  -0.383415  1.000000  
92.192352 0.002489  -0.003821  -0.005504  0.761566  0.441933  0.474038  -0.598656  0.759884  0.253352  -0.248249  -0.476730  0.843268  -0.020436  -0.009453  0.022469  -1.302001  1.339488  -0.381032  1.000000  
92.193600 0.002458  -0.003836  -0.005466  0.762241  0.442404  0.472511  -0.598172  0.760372  0.253031  -0.247342  -0.475514  0.844221  -0.021158  -0.009908  0.023734  -1.287947  1.316886  -0.373456  1.000000  
92.194847 0.002425  -0.003852  -0.005426  0.762942  0.442864  0.470947  -0.597707  0.760791  0.252871  -0.246305  -0.474414  0.845142  -0.021959  -0.010367  0.025043  -1.266369  1.294818  -0.365955  1.000000  
92.195851 0.002398  -0.003865  -0.005394  0.763615  0.443158  0.469578  -0.597221  0.761189  0.252823  -0.245397  -0.473501  0.845918  -0.022636  -0.010693  0.026007  -1.248633  1.286900  -0.364618  1.000000  
92.197097 0.002365  -0.003881  -0.005353  0.764313  0.443669  0.467957  -0.596753  0.761641  0.252566  -0.244359  -0.472294  0.846893  -0.023317  -0.011122  0.026952  -1.231037  1.268773  -0.354796  1.000000  
92.198098 0.002338  -0.003894  -0.005322  0.764836  0.444007  0.466780  -0.596401  0.761957  0.252442  -0.243580  -0.471465  0.847579  -0.023907  -0.011428  0.027744  -1.216975  1.254522  -0.341841  1.000000  
92.199347 0.002305  -0.003911  -0.005281  0.765532  0.444455  0.465209  -0.595931  0.762381  0.252274  -0.242542  -0.470357  0.848492  -0.024538  -0.011803  0.028588  -1.195047  1.236281  -0.331742  1.000000  
92.200347 0.002278  -0.003925  -0.005248  0.766079  0.444895  0.463887  -0.595597  0.762691  0.252124  -0.241633  -0.469437  0.849260  -0.025012  -0.012065  0.029209  -1.182746  1.222626  -0.310867  1.000000  
92.201597 0.002244  -0.003941  -0.005205  0.766824  0.445436  0.462133  -0.595164  0.763040  0.252092  -0.240335  -0.468356  0.850225  -0.025496  -0.012340  0.030150  -1.172999  1.212301  -0.295972  1.000000  
92.202597 0.002217  -0.003954  -0.005171  0.767394  0.445865  0.460772  -0.594847  0.763283  0.252102  -0.239296  -0.467551  0.850961  -0.025815  -0.012502  0.030686  -1.158952  1.206020  -0.278392  1.000000  
92.203597 0.002189  -0.003967  -0.005134  0.767964  0.446346  0.459354  -0.594530  0.763558  0.252019  -0.238256  -0.466641  0.851751  -0.026245  -0.012700  0.031615  -1.152694  1.199516  -0.260724  1.000000  
92.204611 0.002162  -0.003981  -0.005098  0.768654  0.446669  0.457884  -0.594053  0.763926  0.252028  -0.237217  -0.465730  0.852540  -0.026409  -0.012790  0.032260  -1.149634  1.187890  -0.246119  1.000000  
92.205850 0.002127  -0.003998  -0.005051  0.769516  0.447040  0.456071  -0.593455  0.764373  0.252083  -0.235917  -0.464639  0.853495  -0.026718  -0.012957  0.033189  -1.134922  1.182476  -0.236006  1.000000  
92.206853 0.002099  -0.004011  -0.005013  0.770351  0.447248  0.454454  -0.592835  0.764798  0.252252  -0.234746  -0.463739  0.854307  -0.026971  -0.013100  0.033823  -1.123835  1.190217  -0.233474  1.000000  
92.208110 0.002063  -0.004028  -0.004964  0.771406  0.447602  0.452312  -0.592131  0.765227  0.252605  -0.233055  -0.462689  0.855339  -0.027156  -0.013195  0.034485  -1.106390  1.198180  -0.223424  1.000000  
92.209352 0.002029  -0.004045  -0.004916  0.772311  0.448005  0.450364  -0.591563  0.765573  0.252884  -0.231493  -0.461724  0.856284  -0.027284  -0.013279  0.035089  -1.084796  1.205413  -0.205787  1.000000  
92.210599 0.001994  -0.004062  -0.004870  0.773335  0.448355  0.448252  -0.590834  0.766076  0.253067  -0.229931  -0.460548  0.857337  -0.027419  -0.013362  0.035544  -1.069652  1.217021  -0.201628  1.000000  
92.211609 0.001967  -0.004075  -0.004833  0.774187  0.448544  0.446590  -0.590223  0.766441  0.253388  -0.228629  -0.459757  0.858110  -0.027396  -0.013349  0.035812  -1.053817  1.228158  -0.196778  1.000000  
92.212851 0.001932  -0.004093  -0.004786  0.775328  0.448621  0.444529  -0.589328  0.766979  0.253842  -0.227065  -0.458784  0.859045  -0.027533  -0.013432  0.036271  -1.037165  1.247291  -0.196097  1.000000  
92.214097 0.001898  -0.004109  -0.004741  0.776466  0.448693  0.442465  -0.588430  0.767520  0.254292  -0.225501  -0.457808  0.859977  -0.027529  -0.013446  0.036520  -1.020921  1.270406  -0.200946  1.000000  
92.215097 0.001871  -0.004123  -0.004703  0.777432  0.448715  0.440743  -0.587652  0.767982  0.254694  -0.224198  -0.457010  0.860742  -0.027561  -0.013438  0.036886  -1.004109  1.287731  -0.208359  1.000000  
92.216104 0.001844  -0.004137  -0.004666  0.778276  0.448839  0.439125  -0.587031  0.768323  0.255095  -0.222894  -0.456315  0.861450  -0.027615  -0.013490  0.037179  -0.992576  1.299124  -0.203471  1.000000  
92.217348 0.001809  -0.004153  -0.004618  0.779453  0.448997  0.436869  -0.586159  0.768797  0.255672  -0.221067  -0.455359  0.862425  -0.027636  -0.013494  0.037498  -0.974459  1.329436  -0.204601  1.000000  
92.218598 0.001774  -0.004169  -0.004571  0.780724  0.448892  0.434702  -0.585104  0.769372  0.256358  -0.219370  -0.454491  0.863316  -0.027674  -0.013449  0.037590  -0.954819  1.359266  -0.213749  1.000000  
92.219847 0.001737  -0.004185  -0.004523  0.782014  0.448832  0.432439  -0.584062  0.769913  0.257108  -0.217543  -0.453634  0.864229  -0.027826  -0.013412  0.037669  -0.935547  1.394610  -0.225996  1.000000  
92.220849 0.001708  -0.004197  -0.004486  0.782968  0.448785  0.430759  -0.583269  0.770355  0.257586  -0.216236  -0.452930  0.864926  -0.027914  -0.013317  0.037617  -0.921060  1.416376  -0.230955  1.000000  
92.221850 0.001678  -0.004210  -0.004450  0.783822  0.448996  0.428982  -0.582652  0.770701  0.257947  -0.214799  -0.452132  0.865701  -0.028052  -0.013235  0.037545  -0.913780  1.444242  -0.226488  1.000000  
92.222858 0.001648  -0.004221  -0.004413  0.784772  0.448944  0.427297  -0.581854  0.771146  0.258419  -0.213492  -0.451424  0.866393  -0.028169  -0.013118  0.037417  -0.901241  1.472714  -0.235168  1.000000  
92.224108 0.001610  -0.004235  -0.004367  0.786049  0.448921  0.424966  -0.580798  0.771728  0.259057  -0.211662  -0.450451  0.867348  -0.028403  -0.012899  0.037219  -0.896426  1.510683  -0.242873  1.000000  
