1-Time 2-Px 3-Py 4-Pz 5-R11 6-R21 7-R31 8-R12 9-R22 10-R32 11-R13 12-R23 13-R33 14-Vx 15-Vy 16-Vz 17-Wx 18-Wy 19-Wz 20-state
57.496851 0.004576  -0.007065  0.009165  0.584077  0.784784  0.207286  -0.807754  0.587112  0.053230  -0.079926  -0.198526  0.976831  -0.000046  0.000050  -0.000003  0.000000  0.000000  0.000000  1.000000  
57.498077 0.004576  -0.007066  0.009164  0.584077  0.784810  0.207191  -0.807754  0.587119  0.053158  -0.079926  -0.198408  0.976855  -0.000449  -0.000488  -0.001130  0.000000  0.000000  0.000000  1.000000  
57.499082 0.004576  -0.007063  0.009158  0.584077  0.784810  0.207191  -0.807754  0.587119  0.053158  -0.079926  -0.198408  0.976855  -0.000369  0.001002  -0.003651  0.000000  0.000000  0.000000  1.000000  
57.500330 0.004575  -0.007060  0.009150  0.584243  0.784689  0.207180  -0.807633  0.587280  0.053201  -0.079926  -0.198408  0.976855  -0.000274  0.001662  -0.004746  0.000000  0.000000  0.000000  1.000000  
57.501334 0.004576  -0.007058  0.009145  0.584243  0.784714  0.207084  -0.807633  0.587287  0.053130  -0.079926  -0.198289  0.976879  -0.000179  0.001743  -0.004894  0.000000  0.000000  0.000000  1.000000  
57.502571 0.004575  -0.007057  0.009140  0.584416  0.784608  0.206997  -0.807522  0.587427  0.053278  -0.079793  -0.198291  0.976890  -0.000223  0.001463  -0.004626  0.000000  0.000000  0.000000  1.000000  
57.503577 0.004574  -0.007056  0.009136  0.584416  0.784634  0.206902  -0.807522  0.587433  0.053207  -0.079793  -0.198173  0.976914  -0.000296  0.001524  -0.004450  0.000000  0.000000  0.000000  1.000000  
57.504823 0.004571  -0.007053  0.009131  0.584416  0.784634  0.206902  -0.807522  0.587433  0.053207  -0.079793  -0.198173  0.976914  -0.000667  0.001623  -0.004394  0.000000  0.000000  0.000000  1.000000  
57.505824 0.004569  -0.007050  0.009127  0.584416  0.784659  0.206807  -0.807522  0.587440  0.053136  -0.079793  -0.198054  0.976938  -0.000879  0.001767  -0.004431  0.000000  0.000000  0.000000  1.000000  
57.507072 0.004567  -0.007046  0.009121  0.584582  0.784538  0.206796  -0.807401  0.587601  0.053178  -0.079793  -0.198054  0.976938  -0.000963  0.001974  -0.004432  0.000000  0.000000  0.000000  1.000000  
57.508074 0.004566  -0.007043  0.009116  0.584582  0.784563  0.206700  -0.807401  0.587608  0.053107  -0.079793  -0.197936  0.976962  -0.000951  0.002071  -0.004455  0.000000  0.000000  0.000000  1.000000  
57.509325 0.004564  -0.007039  0.009110  0.584588  0.784578  0.206624  -0.807410  0.587586  0.053213  -0.079660  -0.197938  0.976972  -0.000990  0.002186  -0.004513  0.000000  0.000000  0.000000  1.000000  
57.510572 0.004562  -0.007034  0.009102  0.584755  0.784482  0.206518  -0.807290  0.587754  0.053184  -0.079660  -0.197819  0.976996  -0.001033  0.002296  -0.004674  0.000000  0.000000  0.000000  1.000000  
57.511572 0.004560  -0.007030  0.009094  0.584755  0.784507  0.206423  -0.807290  0.587761  0.053113  -0.079660  -0.197701  0.977020  -0.001117  0.002461  -0.004944  0.000000  0.000000  0.000000  1.000000  
57.512575 0.004559  -0.007025  0.009084  0.584761  0.784548  0.206251  -0.807298  0.587746  0.053148  -0.079526  -0.197584  0.977055  -0.001126  0.002714  -0.005450  0.000000  0.000000  0.000000  1.000000  
57.513577 0.004559  -0.007019  0.009072  0.584927  0.784427  0.206240  -0.807178  0.587907  0.053190  -0.079526  -0.197584  0.977055  -0.001181  0.003056  -0.005971  0.000000  0.000000  0.000000  1.000000  
57.514582 0.004559  -0.007012  0.009063  0.584927  0.784452  0.206145  -0.807178  0.587914  0.053119  -0.079526  -0.197466  0.977079  -0.001157  0.003332  -0.006080  0.000000  0.000000  0.000000  1.000000  
57.515831 0.004557  -0.007005  0.009054  0.585093  0.784356  0.206039  -0.807057  0.588082  0.053090  -0.079526  -0.197347  0.977103  -0.001238  0.003626  -0.006171  0.000000  0.000000  0.000000  1.000000  
57.517082 0.004554  -0.006999  0.009047  0.585259  0.784260  0.205932  -0.806937  0.588249  0.053061  -0.079526  -0.197229  0.977127  -0.001491  0.003909  -0.006391  0.000000  0.000000  0.000000  1.000000  
57.518497 0.004551  -0.006993  0.009038  0.585259  0.784285  0.205837  -0.806937  0.588256  0.052990  -0.079526  -0.197110  0.977151  -0.001593  0.004203  -0.006568  0.000000  0.000000  0.000000  1.000000  
57.519573 0.004549  -0.006985  0.009029  0.585425  0.784189  0.205731  -0.806816  0.588424  0.052961  -0.079526  -0.196992  0.977174  -0.001531  0.004581  -0.006964  0.000000  0.000000  0.000000  1.000000  
57.520576 0.004547  -0.006980  0.009018  0.585592  0.784067  0.205720  -0.806696  0.588585  0.053003  -0.079526  -0.196992  0.977174  -0.001489  0.004702  -0.007340  0.000000  0.000000  0.000000  1.000000  
57.521824 0.004546  -0.006974  0.009005  0.585592  0.784092  0.205625  -0.806696  0.588592  0.052931  -0.079526  -0.196873  0.977198  -0.001421  0.004893  -0.007899  0.000000  0.000000  0.000000  1.000000  
57.522827 0.004545  -0.006969  0.008994  0.585758  0.783971  0.205614  -0.806575  0.588753  0.052974  -0.079526  -0.196873  0.977198  -0.001394  0.005010  -0.008314  0.000000  0.000000  0.000000  1.000000  
57.524075 0.004544  -0.006962  0.008981  0.585924  0.783875  0.205508  -0.806455  0.588921  0.052945  -0.079526  -0.196755  0.977222  -0.001349  0.005177  -0.008759  0.000000  0.000000  0.000000  1.000000  
57.525076 0.004543  -0.006957  0.008970  0.586090  0.783754  0.205497  -0.806334  0.589082  0.052987  -0.079526  -0.196755  0.977222  -0.001292  0.005326  -0.009095  0.000000  0.000000  0.000000  1.000000  
57.526323 0.004542  -0.006949  0.008956  0.586256  0.783657  0.205392  -0.806213  0.589250  0.052958  -0.079526  -0.196636  0.977246  -0.001226  0.005465  -0.009333  0.000000  0.000000  0.000000  1.000000  
57.527323 0.004540  -0.006943  0.008947  0.586422  0.783536  0.205381  -0.806093  0.589411  0.053000  -0.079526  -0.196636  0.977246  -0.001241  0.005550  -0.009289  0.000000  0.000000  0.000000  1.000000  
57.528328 0.004539  -0.006937  0.008938  0.586588  0.783439  0.205275  -0.805972  0.589579  0.052971  -0.079526  -0.196518  0.977270  -0.001317  0.005558  -0.009081  0.000000  0.000000  0.000000  1.000000  
57.529329 0.004538  -0.006930  0.008932  0.586588  0.783439  0.205275  -0.805972  0.589579  0.052971  -0.079526  -0.196518  0.977270  -0.001358  0.005599  -0.008862  0.000000  0.000000  0.000000  1.000000  
57.530580 0.004535  -0.006923  0.008924  0.586919  0.783222  0.205158  -0.805730  0.589908  0.052984  -0.079526  -0.196399  0.977294  -0.001496  0.005608  -0.008779  0.000000  0.000000  0.000000  1.000000  
57.531830 0.004532  -0.006916  0.008915  0.587085  0.783125  0.205052  -0.805609  0.590076  0.052955  -0.079526  -0.196281  0.977318  -0.001487  0.005671  -0.008911  0.000000  0.000000  0.000000  1.000000  
57.532832 0.004528  -0.006911  0.008906  0.587251  0.783003  0.205041  -0.805489  0.590237  0.052997  -0.079526  -0.196281  0.977318  -0.001587  0.005654  -0.009096  0.000000  0.000000  0.000000  1.000000  
57.533832 0.004526  -0.006905  0.008895  0.587417  0.782907  0.204935  -0.805368  0.590404  0.052967  -0.079526  -0.196162  0.977341  -0.001579  0.005643  -0.009366  0.000000  0.000000  0.000000  1.000000  
57.535075 0.004524  -0.006898  0.008881  0.587583  0.782785  0.204924  -0.805247  0.590566  0.053010  -0.079526  -0.196162  0.977341  -0.001584  0.005661  -0.009501  0.000000  0.000000  0.000000  1.000000  
57.536075 0.004522  -0.006892  0.008869  0.587748  0.782664  0.204913  -0.805126  0.590727  0.053052  -0.079526  -0.196162  0.977341  -0.001687  0.005697  -0.009502  0.000000  0.000000  0.000000  1.000000  
57.537323 0.004518  -0.006886  0.008857  0.588080  0.782420  0.204891  -0.804884  0.591049  0.053136  -0.079526  -0.196162  0.977341  -0.001829  0.005658  -0.009452  0.000000  0.000000  0.000000  1.000000  
57.538323 0.004515  -0.006881  0.008847  0.588252  0.782314  0.204803  -0.804771  0.591189  0.053284  -0.079393  -0.196164  0.977352  -0.001961  0.005667  -0.009405  0.000000  0.000000  0.000000  1.000000  
57.539323 0.004512  -0.006877  0.008838  0.588417  0.782192  0.204792  -0.804650  0.591350  0.053326  -0.079393  -0.196164  0.977352  -0.002128  0.005630  -0.009303  0.000000  0.000000  0.000000  1.000000  
57.540573 0.004509  -0.006869  0.008826  0.588749  0.781949  0.204770  -0.804408  0.591672  0.053410  -0.079393  -0.196164  0.977352  -0.002213  0.005669  -0.009206  0.000000  0.000000  0.000000  1.000000  
57.541573 0.004507  -0.006862  0.008817  0.588921  0.781843  0.204682  -0.804295  0.591812  0.053558  -0.079259  -0.196166  0.977362  -0.002317  0.005694  -0.009104  -0.039256  0.047295  -0.166384  1.000000  
57.542826 0.004503  -0.006855  0.008805  0.589086  0.781721  0.204671  -0.804174  0.591973  0.053600  -0.079259  -0.196166  0.977362  -0.002512  0.005638  -0.009208  -0.035187  0.042872  -0.167261  1.000000  
57.544079 0.004499  -0.006849  0.008791  0.589258  0.781639  0.204488  -0.804061  0.592119  0.053676  -0.079126  -0.196050  0.977396  -0.002674  0.005510  -0.009510  -0.034377  0.048238  -0.171776  1.000000  
57.545326 0.004494  -0.006843  0.008777  0.589423  0.781517  0.204477  -0.803940  0.592280  0.053718  -0.079126  -0.196050  0.977396  -0.002785  0.005442  -0.009938  -0.029779  0.049564  -0.178438  1.000000  
57.546573 0.004489  -0.006836  0.008761  0.589595  0.781411  0.204389  -0.803827  0.592420  0.053866  -0.078993  -0.196052  0.977407  -0.002859  0.005403  -0.010445  -0.025751  0.053933  -0.177585  1.000000  
57.547578 0.004485  -0.006831  0.008746  0.589761  0.781289  0.204377  -0.803705  0.592580  0.053908  -0.078993  -0.196052  0.977407  -0.002903  0.005425  -0.010798  -0.021890  0.054376  -0.179081  1.000000  
57.548584 0.004483  -0.006824  0.008732  0.589767  0.781304  0.204300  -0.803714  0.592559  0.054013  -0.078859  -0.196054  0.977417  -0.002952  0.005485  -0.011054  -0.022438  0.057394  -0.171337  1.000000  
57.549826 0.004478  -0.006817  0.008716  0.589939  0.781198  0.204212  -0.803601  0.592699  0.054161  -0.078726  -0.196056  0.977427  -0.003145  0.005494  -0.011134  -0.017836  0.063181  -0.177300  1.000000  
57.551075 0.004473  -0.006809  0.008703  0.590117  0.781107  0.204046  -0.803497  0.592817  0.054413  -0.078459  -0.196060  0.977448  -0.003279  0.005502  -0.011085  -0.013780  0.071975  -0.175497  1.000000  
57.552084 0.004469  -0.006804  0.008694  0.590123  0.781122  0.203968  -0.803505  0.592796  0.054519  -0.078326  -0.196062  0.977458  -0.003342  0.005569  -0.011031  -0.014335  0.075005  -0.167804  1.000000  
57.553323 0.004464  -0.006796  0.008680  0.590294  0.781041  0.203785  -0.803392  0.592943  0.054594  -0.078192  -0.195946  0.977492  -0.003449  0.005689  -0.011147  -0.014233  0.078762  -0.165604  1.000000  
57.554326 0.004461  -0.006789  0.008668  0.590301  0.781056  0.203707  -0.803400  0.592921  0.054700  -0.078059  -0.195948  0.977503  -0.003480  0.005798  -0.011433  -0.014362  0.083820  -0.166084  1.000000  
57.555328 0.004457  -0.006782  0.008654  0.590472  0.780950  0.203619  -0.803287  0.593061  0.054847  -0.077926  -0.195950  0.977513  -0.003528  0.005924  -0.011669  -0.010297  0.088216  -0.165199  1.000000  
57.556328 0.004455  -0.006775  0.008640  0.590484  0.780981  0.203464  -0.803304  0.593019  0.055058  -0.077659  -0.195954  0.977533  -0.003562  0.005902  -0.012001  -0.010864  0.095667  -0.156653  1.000000  
57.557578 0.004451  -0.006767  0.008621  0.590662  0.780890  0.203297  -0.803199  0.593137  0.055310  -0.077392  -0.195958  0.977554  -0.003540  0.005957  -0.012441  -0.006811  0.104478  -0.154896  1.000000  
57.558827 0.004446  -0.006760  0.008601  0.590840  0.780799  0.203131  -0.803094  0.593256  0.055563  -0.077125  -0.195962  0.977574  -0.003565  0.006064  -0.012886  -0.006779  0.112382  -0.151893  1.000000  
57.559829 0.004442  -0.006754  0.008585  0.591017  0.780732  0.202870  -0.802989  0.593381  0.055743  -0.076858  -0.195847  0.977618  -0.003596  0.006105  -0.013190  -0.006857  0.122096  -0.151375  1.000000  
57.561073 0.004438  -0.006746  0.008565  0.591195  0.780641  0.202703  -0.802884  0.593500  0.055996  -0.076592  -0.195852  0.977638  -0.003581  0.006231  -0.013457  -0.006826  0.129888  -0.148436  1.000000  
57.562078 0.004434  -0.006740  0.008550  0.591366  0.780534  0.202614  -0.802770  0.593639  0.056143  -0.076458  -0.195854  0.977648  -0.003572  0.006293  -0.013585  -0.002816  0.135360  -0.148783  1.000000  
57.563323 0.004431  -0.006731  0.008531  0.591549  0.780483  0.202275  -0.802673  0.593744  0.056429  -0.076058  -0.195741  0.977702  -0.003497  0.006311  -0.013620  0.000000  0.000000  0.000000  1.000000  
57.564332 0.004427  -0.006726  0.008518  0.591721  0.780377  0.202186  -0.802560  0.593883  0.056575  -0.075925  -0.195743  0.977712  -0.003536  0.006254  -0.013677  0.000000  0.000000  0.000000  1.000000  
57.565581 0.004423  -0.006717  0.008500  0.592069  0.780203  0.201835  -0.802340  0.594148  0.056902  -0.075524  -0.195630  0.977765  -0.003455  0.006308  -0.013985  -0.006973  0.166170  -0.142596  1.000000  
57.566830 0.004419  -0.006709  0.008482  0.592417  0.780029  0.201483  -0.802121  0.594413  0.057229  -0.075124  -0.195518  0.977819  -0.003356  0.006415  -0.014331  -0.011083  0.179363  -0.139938  1.000000  
57.568080 0.004416  -0.006701  0.008461  0.592766  0.779831  0.201227  -0.801901  0.594671  0.057628  -0.074724  -0.195524  0.977848  -0.003227  0.006489  -0.014860  -0.010596  0.189537  -0.144939  1.000000  
57.569325 0.004414  -0.006692  0.008439  0.593113  0.779657  0.200875  -0.801681  0.594936  0.057954  -0.074323  -0.195411  0.977901  -0.003127  0.006480  -0.015229  -0.014711  0.202794  -0.142331  1.000000  
57.570573 0.004411  -0.006684  0.008417  0.593626  0.779385  0.200416  -0.801338  0.595369  0.058249  -0.073923  -0.195179  0.977978  -0.003031  0.006452  -0.015605  -0.021660  0.216902  -0.151971  1.000000  
57.571581 0.004407  -0.006677  0.008400  0.593968  0.779195  0.200142  -0.801110  0.595655  0.058469  -0.073656  -0.195065  0.978021  -0.003095  0.006368  -0.015778  -0.025420  0.224403  -0.159093  1.000000  
57.572828 0.004403  -0.006670  0.008380  0.594315  0.779021  0.199789  -0.800889  0.595920  0.058795  -0.073256  -0.194952  0.978073  -0.003126  0.006402  -0.015832  -0.029011  0.238994  -0.163243  1.000000  
57.574076 0.004398  -0.006661  0.008361  0.594827  0.778748  0.199330  -0.800545  0.596352  0.059089  -0.072856  -0.194720  0.978149  -0.003097  0.006505  -0.015740  -0.031834  0.248479  -0.173655  1.000000  
57.575079 0.004395  -0.006655  0.008346  0.595174  0.778573  0.198977  -0.800324  0.596617  0.059413  -0.072455  -0.194607  0.978202  -0.003085  0.006488  -0.015626  -0.035691  0.265087  -0.179220  1.000000  
57.576082 0.004390  -0.006649  0.008331  0.595680  0.778284  0.198595  -0.799971  0.597071  0.059601  -0.072188  -0.194374  0.978268  -0.003171  0.006442  -0.015565  -0.042822  0.276550  -0.191000  1.000000  
57.577083 0.004386  -0.006643  0.008315  0.596021  0.778093  0.198320  -0.799742  0.597357  0.059821  -0.071922  -0.194259  0.978310  -0.003204  0.006412  -0.015646  -0.046431  0.282338  -0.196933  1.000000  
57.578327 0.004381  -0.006636  0.008297  0.596532  0.777818  0.197859  -0.799396  0.597789  0.060113  -0.071521  -0.194027  0.978386  -0.003294  0.006376  -0.015607  -0.052656  0.292767  -0.213748  1.000000  
57.579580 0.004376  -0.006628  0.008277  0.596878  0.777667  0.197411  -0.799174  0.598062  0.060364  -0.071121  -0.193795  0.978461  -0.003358  0.006345  -0.015829  -0.060797  0.305327  -0.220562  1.000000  
57.580600 0.004371  -0.006622  0.008259  0.597389  0.777392  0.196950  -0.798828  0.598494  0.060655  -0.070720  -0.193563  0.978536  -0.003433  0.006331  -0.016066  -0.067937  0.316567  -0.232198  1.000000  
57.581834 0.004366  -0.006614  0.008237  0.597899  0.777116  0.196488  -0.798481  0.598927  0.060946  -0.070320  -0.193331  0.978610  -0.003556  0.006340  -0.016342  -0.074707  0.325281  -0.251881  1.000000  
57.583081 0.004362  -0.006606  0.008215  0.598414  0.776856  0.195948  -0.798142  0.599339  0.061341  -0.069786  -0.193101  0.978694  -0.003636  0.006292  -0.016437  -0.077844  0.341071  -0.262783  1.000000  
57.584088 0.004358  -0.006599  0.008198  0.598760  0.776703  0.195498  -0.797918  0.599612  0.061590  -0.069386  -0.192869  0.978768  -0.003787  0.006318  -0.016333  -0.085051  0.352505  -0.274577  1.000000  
57.585140 0.004353  -0.006593  0.008183  0.599099  0.776534  0.195127  -0.797686  0.599905  0.061735  -0.069119  -0.192635  0.978833  -0.003964  0.006229  -0.016121  -0.092603  0.357614  -0.280036  1.000000  
57.586323 0.004345  -0.006586  0.008164  0.599614  0.776296  0.194492  -0.797345  0.600325  0.062055  -0.068585  -0.192286  0.978939  -0.004265  0.006203  -0.016009  -0.102804  0.368141  -0.296817  1.000000  
57.587327 0.004339  -0.006581  0.008150  0.599953  0.776127  0.194120  -0.797113  0.600618  0.062199  -0.068318  -0.192052  0.979004  -0.004388  0.006134  -0.015881  -0.111405  0.372503  -0.306101  1.000000  
57.588327 0.004334  -0.006574  0.008135  0.600298  0.775997  0.193576  -0.796888  0.600899  0.062374  -0.067917  -0.191701  0.979101  -0.004450  0.006147  -0.015808  -0.122720  0.383918  -0.317939  1.000000  
57.589330 0.004328  -0.006569  0.008121  0.600642  0.775842  0.193125  -0.796662  0.601172  0.062622  -0.067517  -0.191469  0.979174  -0.004566  0.006071  -0.015828  -0.129431  0.386430  -0.321229  1.000000  
57.590574 0.004322  -0.006561  0.008101  0.601156  0.775603  0.192489  -0.796320  0.601593  0.062941  -0.066983  -0.191120  0.979279  -0.004665  0.006104  -0.015909  -0.137818  0.401050  -0.335787  1.000000  
57.591613 0.004316  -0.006554  0.008084  0.601500  0.775471  0.191944  -0.796093  0.601874  0.063114  -0.066582  -0.190768  0.979374  -0.004828  0.006088  -0.015954  -0.149492  0.406202  -0.341317  1.000000  
57.592821 0.004309  -0.006547  0.008062  0.602013  0.775231  0.191306  -0.795750  0.602294  0.063432  -0.066048  -0.190419  0.979479  -0.004963  0.006102  -0.016141  -0.159787  0.414763  -0.350770  1.000000  
57.594071 0.004303  -0.006540  0.008041  0.602367  0.775152  0.190509  -0.795537  0.602543  0.063741  -0.065381  -0.189952  0.979614  -0.004983  0.006127  -0.016267  -0.172148  0.427866  -0.348385  1.000000  
57.595072 0.004299  -0.006534  0.008024  0.602710  0.774996  0.190057  -0.795310  0.602817  0.063986  -0.064980  -0.189719  0.979686  -0.004912  0.006115  -0.016267  -0.180362  0.432164  -0.347554  1.000000  
57.596074 0.004294  -0.006528  0.008009  0.603222  0.774754  0.189418  -0.794965  0.603238  0.064302  -0.064446  -0.189369  0.979789  -0.005042  0.006054  -0.016160  -0.187664  0.443485  -0.359391  1.000000  
57.597081 0.004290  -0.006521  0.007993  0.603565  0.774620  0.188872  -0.794737  0.603520  0.064473  -0.064046  -0.189018  0.979883  -0.005114  0.006061  -0.015915  -0.197505  0.446971  -0.362406  1.000000  
57.598084 0.004284  -0.006515  0.007978  0.603913  0.774501  0.188246  -0.794516  0.603782  0.064749  -0.063512  -0.188667  0.979985  -0.005169  0.005983  -0.015800  -0.205332  0.452504  -0.368336  1.000000  
57.599332 0.004278  -0.006508  0.007960  0.604429  0.774296  0.187434  -0.794176  0.604191  0.065094  -0.062844  -0.188200  0.980118  -0.005197  0.006008  -0.015600  -0.217310  0.466993  -0.372697  1.000000  
57.600581 0.004272  -0.006501  0.007942  0.604950  0.774082  0.186635  -0.793843  0.604573  0.065615  -0.062043  -0.187853  0.980236  -0.005184  0.005927  -0.015576  -0.225759  0.480192  -0.370277  1.000000  
57.601586 0.004267  -0.006496  0.007926  0.605460  0.773860  0.185901  -0.793495  0.605003  0.065854  -0.061509  -0.187383  0.980359  -0.005041  0.005905  -0.015620  -0.237696  0.485742  -0.376291  1.000000  
57.602604 0.004263  -0.006492  0.007910  0.605812  0.773754  0.185194  -0.793278  0.605246  0.066232  -0.060841  -0.187034  0.980468  -0.004976  0.005838  -0.015733  -0.245934  0.498628  -0.373644  1.000000  
57.603825 0.004257  -0.006485  0.007889  0.606331  0.773561  0.184299  -0.792943  0.605637  0.066677  -0.060039  -0.186568  0.980606  -0.004985  0.005785  -0.015949  -0.252480  0.507949  -0.368527  1.000000  
57.605072 0.004251  -0.006478  0.007867  0.606845  0.773374  0.183390  -0.792600  0.606056  0.066945  -0.059372  -0.185980  0.980758  -0.004881  0.005743  -0.016110  -0.268494  0.517972  -0.373815  1.000000  
57.606077 0.004247  -0.006472  0.007850  0.607358  0.773142  0.182669  -0.792256  0.606459  0.067358  -0.058704  -0.185631  0.980864  -0.004753  0.005672  -0.016180  -0.272745  0.530978  -0.371423  1.000000  
57.607077 0.004244  -0.006467  0.007834  0.607866  0.772916  0.181932  -0.791906  0.606891  0.067593  -0.058170  -0.185161  0.980985  -0.004632  0.005604  -0.016100  -0.284616  0.540927  -0.376624  1.000000  
57.608082 0.004240  -0.006463  0.007820  0.608379  0.772682  0.181209  -0.791561  0.607295  0.068004  -0.057502  -0.184811  0.981090  -0.004523  0.005550  -0.015913  -0.291229  0.553982  -0.378118  1.000000  
57.609328 0.004234  -0.006456  0.007802  0.608900  0.772522  0.180138  -0.791227  0.607676  0.068476  -0.056567  -0.184226  0.981255  -0.004541  0.005495  -0.015634  -0.303411  0.572938  -0.381843  1.000000  
57.610578 0.004228  -0.006450  0.007784  0.609584  0.772214  0.179146  -0.790767  0.608209  0.069057  -0.055632  -0.183759  0.981396  -0.004571  0.005389  -0.015478  -0.309070  0.587250  -0.382506  1.000000  
57.611827 0.004222  -0.006444  0.007767  0.610266  0.771904  0.178153  -0.790306  0.608743  0.069637  -0.054696  -0.183292  0.981536  -0.004556  0.005233  -0.015324  -0.316887  0.605615  -0.385896  1.000000  
57.613079 0.004216  -0.006439  0.007749  0.610948  0.771615  0.177065  -0.789843  0.609285  0.070141  -0.053761  -0.182706  0.981697  -0.004542  0.005083  -0.015218  -0.328904  0.619787  -0.390320  1.000000  
57.614089 0.004211  -0.006436  0.007734  0.611462  0.771414  0.176165  -0.789500  0.609680  0.070578  -0.052959  -0.182238  0.981827  -0.004524  0.004857  -0.015270  -0.335914  0.637829  -0.391193  1.000000  
57.615332 0.004205  -0.006431  0.007715  0.612304  0.770997  0.175061  -0.788909  0.610382  0.071115  -0.052024  -0.181651  0.981986  -0.004559  0.004763  -0.015375  -0.343357  0.655110  -0.409557  1.000000  
57.616583 0.004198  -0.006427  0.007696  0.612992  0.770734  0.173809  -0.788453  0.610887  0.071823  -0.050822  -0.181067  0.982157  -0.004621  0.004641  -0.015349  -0.355574  0.682699  -0.411574  1.000000  
57.617593 0.004192  -0.006424  0.007680  0.613504  0.770530  0.172906  -0.788106  0.611284  0.072256  -0.050020  -0.180598  0.982284  -0.004711  0.004538  -0.015329  -0.359250  0.696467  -0.415792  1.000000  
57.618595 0.004186  -0.006421  0.007665  0.614019  0.770340  0.171922  -0.787764  0.611662  0.072791  -0.049084  -0.180129  0.982417  -0.004780  0.004324  -0.015135  -0.367363  0.715285  -0.419513  1.000000  
57.619830 0.004179  -0.006417  0.007648  0.614861  0.769932  0.170733  -0.787172  0.612347  0.073426  -0.048015  -0.179543  0.982578  -0.004870  0.004144  -0.014884  -0.375306  0.740107  -0.429497  1.000000  
57.621075 0.004171  -0.006414  0.007632  0.615545  0.769664  0.169477  -0.786711  0.612855  0.074126  -0.046812  -0.178957  0.982743  -0.005076  0.003920  -0.014567  -0.380091  0.758435  -0.435780  1.000000  
57.622093 0.004165  -0.006411  0.007619  0.616219  0.769344  0.168475  -0.786238  0.613393  0.074693  -0.045877  -0.178488  0.982872  -0.005266  0.003754  -0.014349  -0.387083  0.778536  -0.443730  1.000000  
57.623326 0.004157  -0.006407  0.007605  0.617062  0.768967  0.167107  -0.785646  0.614071  0.075350  -0.044674  -0.177782  0.983055  -0.005473  0.003565  -0.014106  -0.398897  0.804672  -0.460671  1.000000  
57.624579 0.004148  -0.006404  0.007589  0.617741  0.768694  0.165847  -0.785179  0.614582  0.076045  -0.043471  -0.177196  0.983215  -0.005685  0.003321  -0.013969  -0.403066  0.827688  -0.463739  1.000000  
57.625832 0.004139  -0.006402  0.007573  0.618585  0.768308  0.164488  -0.784588  0.615233  0.076876  -0.042134  -0.176609  0.983379  -0.005879  0.003058  -0.013881  -0.411077  0.852075  -0.473622  1.000000  
57.627076 0.004131  -0.006400  0.007556  0.619265  0.768046  0.163143  -0.784122  0.615728  0.077670  -0.040797  -0.176023  0.983540  -0.006055  0.002845  -0.013881  -0.415750  0.878363  -0.478112  1.000000  
57.628093 0.004123  -0.006399  0.007542  0.619937  0.767735  0.162054  -0.783645  0.616250  0.078331  -0.039728  -0.175553  0.983668  -0.006271  0.002677  -0.013757  -0.419143  0.899411  -0.486582  1.000000  
57.629325 0.004113  -0.006397  0.007526  0.620776  0.767344  0.160690  -0.783048  0.616904  0.079156  -0.038391  -0.174966  0.983826  -0.006435  0.002522  -0.013649  -0.423603  0.922415  -0.498710  1.000000  
57.630342 0.004105  -0.006397  0.007513  0.621443  0.767034  0.159586  -0.782564  0.617456  0.079635  -0.037455  -0.174375  0.983967  -0.006670  0.002289  -0.013399  -0.435281  0.935025  -0.509049  1.000000  
57.631583 0.004095  -0.006395  0.007499  0.622275  0.766644  0.158209  -0.781959  0.618140  0.080277  -0.036251  -0.173667  0.984137  -0.006892  0.002081  -0.013128  -0.439852  0.951788  -0.515094  1.000000  
57.632584 0.004087  -0.006395  0.007488  0.622943  0.766327  0.157114  -0.781476  0.618665  0.080930  -0.035182  -0.173196  0.984259  -0.006998  0.001919  -0.012828  -0.444093  0.967792  -0.526918  1.000000  
57.633832 0.004077  -0.006393  0.007476  0.623776  0.765929  0.155744  -0.780870  0.619322  0.081745  -0.033845  -0.172607  0.984409  -0.007198  0.001759  -0.012361  -0.447861  0.989178  -0.535835  1.000000  
57.635176 0.004067  -0.006392  0.007463  0.624604  0.765534  0.154362  -0.780259  0.620008  0.082380  -0.032641  -0.171897  0.984574  -0.007349  0.001555  -0.012021  -0.450474  1.005679  -0.545107  1.000000  
57.636328 0.004056  -0.006391  0.007450  0.625273  0.765260  0.153006  -0.779778  0.620509  0.083158  -0.031304  -0.171307  0.984720  -0.007579  0.001419  -0.011868  -0.456611  1.027897  -0.551222  1.000000  
57.637577 0.004047  -0.006391  0.007437  0.626101  0.764875  0.151538  -0.779166  0.621179  0.083891  -0.029966  -0.170598  0.984885  -0.007676  0.001185  -0.011730  -0.461020  1.043412  -0.556818  1.000000  
57.638578 0.004039  -0.006391  0.007426  0.626763  0.764550  0.150437  -0.778674  0.621707  0.084535  -0.028896  -0.170125  0.984999  -0.007766  0.001013  -0.011724  -0.465607  1.060812  -0.560466  1.000000  
57.639578 0.004031  -0.006391  0.007415  0.627265  0.764385  0.149177  -0.778314  0.622072  0.085174  -0.027693  -0.169534  0.985135  -0.007801  0.000845  -0.011602  -0.470308  1.078062  -0.557811  1.000000  
57.640579 0.004023  -0.006391  0.007404  0.627924  0.764059  0.148074  -0.777819  0.622602  0.085816  -0.026623  -0.169060  0.985246  -0.007873  0.000718  -0.011459  -0.474750  1.087808  -0.563466  1.000000  
57.641607 0.004015  -0.006391  0.007393  0.628424  0.763891  0.146812  -0.777456  0.622968  0.086452  -0.025419  -0.168468  0.985379  -0.007966  0.000631  -0.011199  -0.483233  1.099869  -0.561165  1.000000  
57.642827 0.004004  -0.006392  0.007382  0.629245  0.763498  0.145337  -0.776834  0.623642  0.087174  -0.024081  -0.167757  0.985534  -0.008067  0.000435  -0.010870  -0.488425  1.115216  -0.566998  1.000000  
57.644078 0.003993  -0.006394  0.007372  0.629906  0.763227  0.143889  -0.776342  0.624132  0.088041  -0.022610  -0.167165  0.985670  -0.008136  0.000251  -0.010529  -0.489120  1.129086  -0.565918  1.000000  
57.645080 0.003985  -0.006394  0.007364  0.630561  0.762926  0.142605  -0.775844  0.624658  0.088702  -0.021406  -0.166571  0.985797  -0.008190  0.000149  -0.010138  -0.494157  1.145560  -0.562853  1.000000  
57.646352 0.003973  -0.006396  0.007355  0.631221  0.762666  0.141070  -0.775350  0.625133  0.089668  -0.019801  -0.165979  0.985931  -0.008226  -0.000002  -0.009777  -0.494857  1.157677  -0.560837  1.000000  
57.647579 0.003963  -0.006396  0.007345  0.632037  0.762278  0.139505  -0.774722  0.625795  0.090482  -0.018329  -0.165266  0.986079  -0.008289  -0.000068  -0.009479  -0.499759  1.173348  -0.567179  1.000000  
57.648582 0.003954  -0.006396  0.007338  0.632527  0.762071  0.138412  -0.774346  0.626173  0.091082  -0.017259  -0.164790  0.986178  -0.008314  -0.000174  -0.009321  -0.500496  1.177409  -0.566974  1.000000  
57.649583 0.003945  -0.006397  0.007331  0.633177  0.761747  0.137215  -0.773840  0.626691  0.091811  -0.016055  -0.164315  0.986277  -0.008346  -0.000280  -0.009171  -0.501463  1.189631  -0.564535  1.000000  
57.650599 0.003937  -0.006399  0.007323  0.633667  0.761551  0.136037  -0.773464  0.627053  0.092510  -0.014851  -0.163840  0.986375  -0.008391  -0.000444  -0.009016  -0.501907  1.197340  -0.563180  1.000000  
57.651831 0.003926  -0.006400  0.007313  0.634475  0.761143  0.134550  -0.772826  0.627736  0.093213  -0.013513  -0.163125  0.986513  -0.008466  -0.000581  -0.008792  -0.507574  1.202884  -0.563937  1.000000  
57.653073 0.003914  -0.006402  0.007303  0.635282  0.760730  0.133070  -0.772187  0.628390  0.094092  -0.012042  -0.162530  0.986630  -0.008612  -0.000729  -0.008572  -0.503865  1.210823  -0.563499  1.000000  
57.654078 0.003905  -0.006404  0.007297  0.635767  0.760546  0.131795  -0.771805  0.628767  0.094710  -0.010837  -0.161933  0.986742  -0.008727  -0.000810  -0.008190  -0.508809  1.219517  -0.562764  1.000000  
57.655323 0.003893  -0.006407  0.007290  0.636572  0.760143  0.130228  -0.771162  0.629407  0.095685  -0.009232  -0.161338  0.986856  -0.008839  -0.001034  -0.007757  -0.509838  1.227753  -0.561923  1.000000  
57.656324 0.003883  -0.006408  0.007285  0.637213  0.759811  0.129023  -0.770646  0.629930  0.096403  -0.008028  -0.160860  0.986945  -0.008934  -0.001133  -0.007423  -0.510989  1.232570  -0.562103  1.000000  
57.657576 0.003869  -0.006412  0.007280  0.637854  0.759520  0.127557  -0.770129  0.630432  0.097245  -0.006556  -0.160264  0.987052  -0.009156  -0.001302  -0.006967  -0.512070  1.236657  -0.562138  1.000000  
57.658823 0.003856  -0.006415  0.007274  0.638653  0.759112  0.125984  -0.769479  0.631075  0.098213  -0.004951  -0.159666  0.987159  -0.009283  -0.001432  -0.006710  -0.512901  1.244418  -0.561102  1.000000  
57.660075 0.003844  -0.006418  0.007267  0.639448  0.758688  0.124494  -0.768826  0.631736  0.099077  -0.003479  -0.159069  0.987261  -0.009414  -0.001563  -0.006456  -0.510603  1.253984  -0.560231  1.000000  
57.661323 0.003830  -0.006421  0.007260  0.640084  0.758377  0.123114  -0.768302  0.632229  0.099989  -0.002007  -0.158590  0.987342  -0.009569  -0.001681  -0.006312  -0.507084  1.260442  -0.553029  1.000000  
57.662575 0.003817  -0.006423  0.007254  0.640876  0.757949  0.121620  -0.767645  0.632891  0.100847  -0.000535  -0.157992  0.987440  -0.009712  -0.001841  -0.006120  -0.504133  1.264556  -0.553185  1.000000  
57.663576 0.003806  -0.006426  0.007249  0.641507  0.757622  0.120322  -0.767116  0.633403  0.101654  0.000803  -0.157513  0.987517  -0.009872  -0.002003  -0.005940  -0.505004  1.272996  -0.552301  1.000000  
57.664581 0.003795  -0.006429  0.007244  0.642138  0.757265  0.119199  -0.766587  0.633918  0.102434  0.002007  -0.157153  0.987572  -0.010009  -0.002118  -0.005784  -0.501898  1.277364  -0.552206  1.000000  
57.665832 0.003781  -0.006432  0.007238  0.642766  0.756977  0.117636  -0.766054  0.634411  0.103362  0.003613  -0.156553  0.987663  -0.010246  -0.002222  -0.005468  -0.498985  1.290374  -0.549968  1.000000  
57.666837 0.003770  -0.006436  0.007234  0.643393  0.756618  0.116511  -0.765521  0.634928  0.104138  0.004817  -0.156193  0.987715  -0.010407  -0.002382  -0.005127  -0.495648  1.294269  -0.549660  1.000000  
57.668078 0.003755  -0.006440  0.007231  0.644176  0.756168  0.115094  -0.764852  0.635610  0.104883  0.006155  -0.155593  0.987802  -0.010603  -0.002527  -0.004744  -0.492719  1.294265  -0.550689  1.000000  
57.669079 0.003743  -0.006443  0.007228  0.644801  0.755821  0.113873  -0.764315  0.636141  0.105578  0.007359  -0.155112  0.987869  -0.010740  -0.002579  -0.004563  -0.489463  1.295045  -0.558215  1.000000  
57.670324 0.003729  -0.006447  0.007224  0.645578  0.755381  0.112374  -0.763641  0.636780  0.106598  0.008964  -0.154631  0.987932  -0.010882  -0.002697  -0.004406  -0.486467  1.303065  -0.558236  1.000000  
57.671324 0.003718  -0.006450  0.007220  0.646201  0.755017  0.111237  -0.763102  0.637328  0.107188  0.010035  -0.154150  0.987996  -0.010997  -0.002794  -0.004357  -0.483117  1.303685  -0.565649  1.000000  
57.672327 0.003706  -0.006454  0.007216  0.646820  0.754666  0.110013  -0.762560  0.637860  0.107878  0.011239  -0.153669  0.988059  -0.011056  -0.002846  -0.004325  -0.484078  1.303507  -0.566330  1.000000  
57.673575 0.003693  -0.006458  0.007210  0.647594  0.754208  0.108594  -0.761880  0.638517  0.108789  0.012711  -0.153187  0.988116  -0.011075  -0.002891  -0.004298  -0.477116  1.308889  -0.573284  1.000000  
57.674823 0.003680  -0.006462  0.007205  0.648363  0.753775  0.106996  -0.761196  0.639172  0.109721  0.014316  -0.152584  0.988187  -0.011116  -0.002985  -0.004244  -0.476006  1.313166  -0.576207  1.000000  
57.675823 0.003669  -0.006465  0.007200  0.648978  0.753406  0.105859  -0.760648  0.639693  0.110481  0.015520  -0.152222  0.988225  -0.011105  -0.003063  -0.004163  -0.471139  1.309211  -0.581434  1.000000  
57.677073 0.003655  -0.006469  0.007195  0.649744  0.752969  0.104258  -0.759960  0.640351  0.111408  0.017125  -0.151618  0.988291  -0.011162  -0.003138  -0.004058  -0.468469  1.313705  -0.581814  1.000000  
57.678073 0.003645  -0.006472  0.007192  0.650356  0.752598  0.103118  -0.759409  0.640873  0.112164  0.018329  -0.151255  0.988325  -0.011168  -0.003134  -0.003904  -0.465260  1.313156  -0.582238  1.000000  
57.679114 0.003633  -0.006475  0.007188  0.651122  0.752106  0.101862  -0.758721  0.641564  0.112862  0.019533  -0.150772  0.988375  -0.011131  -0.003140  -0.003791  -0.465529  1.314298  -0.595301  1.000000  
57.680329 0.003620  -0.006479  0.007184  0.651880  0.751677  0.100169  -0.758024  0.642208  0.113881  0.021272  -0.150168  0.988432  -0.011130  -0.003245  -0.003770  -0.467366  1.327666  -0.595025  1.000000  
57.681331 0.003609  -0.006482  0.007181  0.652485  0.751315  0.098939  -0.757465  0.642716  0.114732  0.022610  -0.149804  0.988457  -0.011094  -0.003234  -0.003748  -0.460278  1.332731  -0.601690  1.000000  
57.682583 0.003596  -0.006487  0.007175  0.653084  0.751002  0.097352  -0.756899  0.643223  0.115625  0.024215  -0.149198  0.988511  -0.010997  -0.003251  -0.003818  -0.461230  1.336602  -0.594521  1.000000  
57.683833 0.003583  -0.006490  0.007170  0.653836  0.750543  0.095831  -0.756196  0.643871  0.116613  0.025820  -0.148713  0.988543  -0.010874  -0.003243  -0.003970  -0.454368  1.341796  -0.601478  1.000000  
57.685076 0.003570  -0.006494  0.007163  0.654586  0.750093  0.094217  -0.755490  0.644534  0.117520  0.027425  -0.148107  0.988591  -0.010782  -0.003202  -0.004174  -0.455664  1.341452  -0.602291  1.000000  
57.686082 0.003560  -0.006497  0.007157  0.655030  0.749846  0.093091  -0.755060  0.644906  0.118243  0.028629  -0.147742  0.988611  -0.010693  -0.003157  -0.004224  -0.452435  1.339984  -0.595951  1.000000  
57.687327 0.003548  -0.006500  0.007152  0.655774  0.749406  0.091387  -0.754347  0.645556  0.119245  0.030368  -0.147135  0.988650  -0.010580  -0.003104  -0.004283  -0.453894  1.349867  -0.602337  1.000000  
57.688331 0.003537  -0.006503  0.007147  0.656370  0.749023  0.090234  -0.753778  0.646083  0.119983  0.031571  -0.146770  0.988667  -0.010541  -0.003052  -0.004277  -0.450682  1.349301  -0.602761  1.000000  
57.689576 0.003526  -0.006506  0.007142  0.657112  0.748556  0.088704  -0.753063  0.646734  0.120958  0.033176  -0.146282  0.988686  -0.010427  -0.002977  -0.004254  -0.447902  1.353599  -0.602876  1.000000  
57.690829 0.003513  -0.006509  0.007137  0.657847  0.748100  0.087084  -0.752342  0.647372  0.122030  0.034914  -0.145794  0.988699  -0.010374  -0.002896  -0.004203  -0.449257  1.363107  -0.608921  1.000000  
57.692080 0.003501  -0.006511  0.007132  0.658584  0.747629  0.085550  -0.751621  0.648026  0.122999  0.036519  -0.145306  0.988713  -0.010237  -0.002773  -0.004205  -0.446464  1.362721  -0.609621  1.000000  
57.693327 0.003489  -0.006514  0.007126  0.659314  0.747169  0.083926  -0.750894  0.648665  0.124064  0.038257  -0.144817  0.988719  -0.010142  -0.002749  -0.004310  -0.443843  1.367141  -0.609799  1.000000  
57.694588 0.003477  -0.006517  0.007121  0.660045  0.746694  0.082387  -0.750168  0.649320  0.125027  0.039861  -0.144328  0.988727  -0.010026  -0.002720  -0.004406  -0.445089  1.371882  -0.616399  1.000000  
57.695836 0.003465  -0.006520  0.007115  0.660774  0.746208  0.080937  -0.749439  0.649961  0.126066  0.041466  -0.143959  0.988715  -0.009924  -0.002565  -0.004464  -0.438279  1.371670  -0.617077  1.000000  
57.697082 0.003454  -0.006523  0.007109  0.661496  0.745743  0.079307  -0.748703  0.650603  0.127123  0.043204  -0.143469  0.988711  -0.009805  -0.002494  -0.004594  -0.440157  1.379056  -0.616784  1.000000  
57.698333 0.003442  -0.006526  0.007103  0.662220  0.745264  0.077762  -0.747969  0.651260  0.128077  0.044808  -0.142979  0.988711  -0.009723  -0.002497  -0.004619  -0.436745  1.384286  -0.616385  1.000000  
57.699354 0.003433  -0.006527  0.007098  0.662795  0.744882  0.076508  -0.747378  0.651777  0.128893  0.046144  -0.142610  0.988703  -0.009607  -0.002353  -0.004564  -0.433356  1.391962  -0.615189  1.000000  
57.700585 0.003422  -0.006531  0.007092  0.663514  0.744390  0.075050  -0.746639  0.652420  0.129921  0.047748  -0.142240  0.988680  -0.009528  -0.002329  -0.004520  -0.430859  1.392556  -0.616125  1.000000  
57.701826 0.003411  -0.006533  0.007087  0.664226  0.743918  0.073412  -0.745892  0.653064  0.130966  0.049485  -0.141748  0.988665  -0.009464  -0.002316  -0.004495  -0.428340  1.406540  -0.615287  1.000000  
57.702844 0.003402  -0.006536  0.007083  0.664800  0.743512  0.072331  -0.745300  0.653581  0.131756  0.050688  -0.141500  0.988640  -0.009391  -0.002266  -0.004388  -0.424831  1.404979  -0.615084  1.000000  
57.704101 0.003391  -0.006538  0.007078  0.665665  0.742881  0.070840  -0.744417  0.654378  0.132790  0.052291  -0.141128  0.988609  -0.009268  -0.002253  -0.004383  -0.418093  1.405260  -0.622371  1.000000  
57.705326 0.003381  -0.006541  0.007072  0.666369  0.742396  0.069285  -0.743662  0.655008  0.133905  0.054028  -0.140755  0.988569  -0.009188  -0.002217  -0.004443  -0.415762  1.410678  -0.622813  1.000000  
57.706329 0.003372  -0.006543  0.007068  0.667085  0.741872  0.067994  -0.742921  0.655681  0.134722  0.055364  -0.140385  0.988548  -0.009113  -0.002235  -0.004516  -0.412979  1.415862  -0.629557  1.000000  
57.707591 0.003361  -0.006546  0.007061  0.667784  0.741384  0.066435  -0.742161  0.656313  0.135831  0.057101  -0.140012  0.988502  -0.008955  -0.002259  -0.004610  -0.406003  1.419259  -0.629210  1.000000  
57.708829 0.003352  -0.006550  0.007055  0.668491  0.740870  0.065052  -0.741410  0.656972  0.136741  0.058570  -0.139640  0.988469  -0.008783  -0.002255  -0.004638  -0.404254  1.417895  -0.623968  1.000000  
57.710077 0.003342  -0.006553  0.007049  0.669342  0.740224  0.063639  -0.740513  0.657754  0.137839  0.060173  -0.139387  0.988408  -0.008690  -0.002292  -0.004610  -0.393468  1.417713  -0.630905  1.000000  
57.711328 0.003332  -0.006555  0.007044  0.670044  0.739707  0.062251  -0.739758  0.658414  0.138743  0.061642  -0.139015  0.988370  -0.008526  -0.002268  -0.004582  -0.390769  1.408652  -0.632760  1.000000  
57.712580 0.003323  -0.006558  0.007038  0.670890  0.739058  0.060834  -0.738855  0.659196  0.139835  0.063245  -0.138761  0.988304  -0.008387  -0.002294  -0.004529  -0.380574  1.410354  -0.646875  1.000000  
57.713610 0.003316  -0.006561  0.007035  0.671598  0.738506  0.059710  -0.738107  0.659867  0.140618  0.064446  -0.138511  0.988262  -0.008263  -0.002339  -0.004390  -0.376409  1.407095  -0.654011  1.000000  
