1-Time 2-Px 3-Py 4-Pz 5-R11 6-R21 7-R31 8-R12 9-R22 10-R32 11-R13 12-R23 13-R33 14-Vx 15-Vy 16-Vz 17-Wx 18-Wy 19-Wz 20-state
111.198570 0.016042  -0.025911  -0.011206  0.758668  0.504926  0.411671  -0.522607  0.094397  0.847332  0.388979  -0.857986  0.335494  0.010695  -0.002446  -0.024902  0.535594  -0.879073  0.324526  1.000000  
111.199752 0.016050  -0.025914  -0.011221  0.758560  0.504845  0.411968  -0.522763  0.094088  0.847270  0.388979  -0.858067  0.335286  0.009116  -0.003415  -0.016388  0.000000  0.000000  0.000000  1.000000  
111.200875 0.016059  -0.025912  -0.011229  0.758453  0.504714  0.412326  -0.522919  0.093676  0.847219  0.388979  -0.858189  0.334974  0.008228  -0.000688  -0.011273  0.000000  0.000000  0.000000  1.000000  
111.202125 0.016064  -0.025906  -0.011228  0.758345  0.504584  0.412684  -0.523076  0.093264  0.847168  0.388979  -0.858311  0.334661  0.006727  0.001327  -0.006616  0.000000  0.000000  0.000000  1.000000  
111.203379 0.016071  -0.025901  -0.011233  0.758130  0.504472  0.413216  -0.523388  0.092748  0.847032  0.388979  -0.858432  0.334349  0.006420  0.002110  -0.005981  0.000000  0.000000  0.000000  1.000000  
111.204627 0.016076  -0.025896  -0.011243  0.757957  0.504365  0.413663  -0.523730  0.092502  0.846848  0.388856  -0.858521  0.334264  0.005898  0.002603  -0.006360  0.000000  0.000000  0.000000  1.000000  
111.205879 0.016078  -0.025886  -0.011256  0.757892  0.504189  0.413996  -0.523915  0.092258  0.846759  0.388732  -0.858651  0.334074  0.005167  0.003516  -0.007130  0.000000  0.000000  0.000000  1.000000  
111.206880 0.016077  -0.025876  -0.011269  0.757784  0.504108  0.414293  -0.524071  0.091949  0.846696  0.388732  -0.858732  0.333866  0.004388  0.004337  -0.007833  0.000000  0.000000  0.000000  1.000000  
111.207887 0.016074  -0.025866  -0.011282  0.757719  0.503982  0.414565  -0.524257  0.091808  0.846597  0.388609  -0.858821  0.333781  0.003588  0.004947  -0.008368  0.000000  0.000000  0.000000  1.000000  
111.209130 0.016071  -0.025854  -0.011294  0.757568  0.503995  0.414825  -0.524383  0.091434  0.846559  0.388732  -0.858853  0.333554  0.002832  0.005465  -0.008547  0.000000  0.000000  0.000000  1.000000  
111.210376 0.016069  -0.025842  -0.011303  0.757352  0.503931  0.415296  -0.524695  0.091021  0.846410  0.388732  -0.858934  0.333345  0.002322  0.005952  -0.008390  0.000000  0.000000  0.000000  1.000000  
111.211384 0.016067  -0.025831  -0.011309  0.757201  0.503944  0.415556  -0.524821  0.090646  0.846372  0.388856  -0.858967  0.333118  0.002004  0.006394  -0.008216  0.000000  0.000000  0.000000  1.000000  
111.212626 0.016063  -0.025816  -0.011316  0.757093  0.503811  0.415913  -0.524977  0.090235  0.846320  0.388856  -0.859088  0.332805  0.001555  0.006899  -0.008017  0.000000  0.000000  0.000000  1.000000  
111.213875 0.016058  -0.025799  -0.011319  0.756920  0.503602  0.416482  -0.525318  0.089785  0.846156  0.388732  -0.859257  0.332512  0.000921  0.007660  -0.007361  0.000000  0.000000  0.000000  1.000000  
111.215125 0.016053  -0.025781  -0.011315  0.756704  0.503437  0.417074  -0.525630  0.089167  0.846027  0.388732  -0.859419  0.332095  -0.000059  0.008911  -0.005965  0.339729  -0.212542  0.064962  1.000000  
111.216131 0.016050  -0.025765  -0.011311  0.756746  0.503241  0.417233  -0.525660  0.089027  0.846024  0.388609  -0.859548  0.331905  -0.000696  0.009857  -0.005548  0.333954  -0.202967  0.053928  1.000000  
111.217375 0.016047  -0.025744  -0.011311  0.756854  0.503122  0.417181  -0.525504  0.088926  0.846131  0.388609  -0.859628  0.331696  -0.001410  0.010857  -0.005598  0.320306  -0.179789  0.046573  1.000000  
111.218375 0.016043  -0.025725  -0.011318  0.756963  0.503002  0.417129  -0.525348  0.088824  0.846239  0.388609  -0.859709  0.331488  -0.001867  0.011773  -0.005648  0.312215  -0.161513  0.040645  1.000000  
111.219625 0.016035  -0.025699  -0.011327  0.756963  0.502952  0.417190  -0.525348  0.088721  0.846249  0.388609  -0.859749  0.331383  -0.002714  0.013118  -0.005598  0.299257  -0.151790  0.038188  1.000000  
111.220879 0.016025  -0.025673  -0.011331  0.757156  0.502643  0.417210  -0.525252  0.088751  0.846306  0.388362  -0.859926  0.331212  -0.003600  0.014300  -0.004918  0.289580  -0.139522  0.021549  1.000000  
111.222125 0.016015  -0.025646  -0.011328  0.757392  0.502291  0.417206  -0.525184  0.088948  0.846327  0.387992  -0.860112  0.331164  -0.004077  0.015176  -0.003771  0.275818  -0.130699  0.001352  1.000000  
111.223128 0.016007  -0.025626  -0.011320  0.757694  0.502065  0.416930  -0.524932  0.089286  0.846448  0.387746  -0.860209  0.331201  -0.004483  0.015857  -0.002428  0.000000  0.000000  0.000000  1.000000  
111.224147 0.015997  -0.025606  -0.011307  0.757887  0.501807  0.416890  -0.524835  0.089418  0.846495  0.387499  -0.860346  0.331134  -0.004981  0.016644  -0.000751  0.000000  0.000000  0.000000  1.000000  
111.225380 0.015986  -0.025580  -0.011289  0.758080  0.501548  0.416849  -0.524738  0.089549  0.846541  0.387252  -0.860483  0.331067  -0.005552  0.017573  0.001001  0.000000  0.000000  0.000000  1.000000  
111.226382 0.015977  -0.025557  -0.011277  0.758382  0.501271  0.416634  -0.524484  0.089784  0.846673  0.387006  -0.860619  0.331000  -0.006020  0.018211  0.002135  0.000000  0.000000  0.000000  1.000000  
111.227394 0.015968  -0.025534  -0.011270  0.758532  0.501057  0.416618  -0.524358  0.089748  0.846755  0.386882  -0.860748  0.330810  -0.006456  0.019046  0.003149  0.000000  0.000000  0.000000  1.000000  
111.228633 0.015956  -0.025507  -0.011267  0.758833  0.500780  0.416403  -0.524104  0.089982  0.846887  0.386636  -0.860885  0.330742  -0.006912  0.019826  0.003528  0.215752  -0.066526  -0.065804  1.000000  
111.229879 0.015945  -0.025481  -0.011266  0.759134  0.500452  0.416249  -0.523850  0.090114  0.847030  0.386389  -0.861061  0.330570  -0.007320  0.020354  0.003289  0.203967  -0.052006  -0.081247  1.000000  
111.230894 0.015936  -0.025460  -0.011265  0.759392  0.500270  0.415997  -0.523567  0.090282  0.847187  0.386265  -0.861150  0.330485  -0.007728  0.020657  0.003075  0.187428  -0.035685  -0.092215  1.000000  
111.232141 0.015925  -0.025433  -0.011266  0.759585  0.499961  0.416017  -0.523469  0.090310  0.847245  0.386019  -0.861326  0.330313  -0.008223  0.021052  0.003042  0.175321  -0.021060  -0.107511  1.000000  
111.233388 0.015911  -0.025406  -0.011268  0.759820  0.499556  0.416073  -0.523401  0.090404  0.847277  0.385648  -0.861551  0.330159  -0.008916  0.021222  0.003483  0.167300  -0.008050  -0.126996  1.000000  
111.234654 0.015894  -0.025381  -0.011268  0.760013  0.499247  0.416092  -0.523303  0.090432  0.847335  0.385401  -0.861728  0.329987  -0.009417  0.021159  0.004083  0.161861  0.002261  -0.135709  1.000000  
111.235896 0.015875  -0.025358  -0.011260  0.760248  0.498842  0.416148  -0.523234  0.090525  0.847367  0.385031  -0.861952  0.329833  -0.010110  0.020933  0.004951  0.160682  0.010956  -0.148759  1.000000  
111.236904 0.015859  -0.025339  -0.011248  0.760548  0.498565  0.415932  -0.522979  0.090759  0.847499  0.384784  -0.862088  0.329765  -0.010561  0.020789  0.005411  0.148555  0.027215  -0.159792  1.000000  
111.238143 0.015838  -0.025314  -0.011232  0.760891  0.498242  0.415692  -0.522754  0.091160  0.847596  0.384413  -0.862232  0.329821  -0.011262  0.020765  0.005826  0.132453  0.040255  -0.179313  1.000000  
111.239166 0.015821  -0.025293  -0.011219  0.761083  0.497983  0.415651  -0.522655  0.091290  0.847642  0.384166  -0.862368  0.329753  -0.011758  0.020802  0.005696  0.120265  0.053255  -0.198603  1.000000  
111.240401 0.015802  -0.025265  -0.011211  0.761318  0.497678  0.415585  -0.522586  0.091589  0.847653  0.383796  -0.862512  0.329808  -0.012263  0.020951  0.005022  0.106853  0.060367  -0.215846  1.000000  
111.241647 0.015784  -0.025234  -0.011208  0.761552  0.497374  0.415520  -0.522516  0.091887  0.847664  0.383425  -0.862656  0.329863  -0.012719  0.021118  0.004376  0.090741  0.071818  -0.239557  1.000000  
111.242903 0.015766  -0.025203  -0.011207  0.761787  0.497070  0.415455  -0.522446  0.092185  0.847674  0.383054  -0.862800  0.329918  -0.013197  0.021326  0.004086  0.073199  0.080532  -0.252442  1.000000  
111.244141 0.015747  -0.025173  -0.011202  0.762021  0.496765  0.415389  -0.522376  0.092483  0.847685  0.382683  -0.862944  0.329973  -0.013731  0.021509  0.004367  0.048967  0.093680  -0.272026  1.000000  
111.245145 0.015731  -0.025151  -0.011190  0.762148  0.496530  0.415438  -0.522463  0.092782  0.847599  0.382313  -0.863047  0.330132  -0.014260  0.021633  0.005150  0.034112  0.096414  -0.282614  1.000000  
111.246147 0.015716  -0.025130  -0.011174  0.762340  0.496320  0.415337  -0.522364  0.093015  0.847634  0.382065  -0.863142  0.330169  -0.014707  0.021658  0.006160  0.023331  0.099213  -0.293354  1.000000  
111.247383 0.015697  -0.025102  -0.011155  0.762466  0.496084  0.415386  -0.522451  0.093314  0.847548  0.381694  -0.863245  0.330328  -0.015059  0.021693  0.007377  0.009736  0.088486  -0.303701  1.000000  
111.248386 0.015681  -0.025080  -0.011142  0.762550  0.495894  0.415459  -0.522508  0.093444  0.847498  0.381447  -0.863341  0.330365  -0.015330  0.021742  0.008391  0.008349  0.079330  -0.309804  1.000000  
111.249400 0.015664  -0.025059  -0.011130  0.762677  0.495608  0.415568  -0.522595  0.093640  0.847423  0.381076  -0.863484  0.330419  -0.015556  0.021833  0.009317  0.004308  0.074489  -0.322228  1.000000  
111.250636 0.015644  -0.025034  -0.011118  0.762803  0.495372  0.415618  -0.522681  0.093939  0.847337  0.380705  -0.863586  0.330579  -0.015639  0.021900  0.009611  -0.005195  0.067007  -0.324348  1.000000  
111.251641 0.015630  -0.025013  -0.011108  0.762887  0.495182  0.415691  -0.522739  0.094069  0.847287  0.380457  -0.863682  0.330615  -0.015588  0.022063  0.009529  -0.002476  0.062660  -0.317775  1.000000  
111.252648 0.015617  -0.024991  -0.011101  0.762905  0.494966  0.415914  -0.522982  0.094266  0.847115  0.380086  -0.863784  0.330774  -0.015265  0.022239  0.009067  -0.005259  0.049156  -0.317455  1.000000  
111.253893 0.015604  -0.024961  -0.011094  0.763031  0.494730  0.415964  -0.523069  0.094565  0.847028  0.379715  -0.863886  0.330934  -0.014829  0.022460  0.008601  -0.007987  0.035360  -0.314610  1.000000  
111.255177 0.015589  -0.024930  -0.011089  0.763198  0.494399  0.416050  -0.523183  0.094929  0.846917  0.379220  -0.864036  0.331111  -0.014397  0.022670  0.008235  -0.013474  0.026439  -0.322784  1.000000  
111.256387 0.015575  -0.024899  -0.011082  0.763407  0.494023  0.416113  -0.523327  0.095461  0.846768  0.378600  -0.864192  0.331412  -0.014161  0.022795  0.008435  -0.020359  0.009713  -0.331263  1.000000  
111.257633 0.015561  -0.024868  -0.011068  0.763616  0.493647  0.416176  -0.523470  0.095994  0.846620  0.377981  -0.864348  0.331712  -0.013949  0.022743  0.009370  -0.031346  -0.007043  -0.339636  1.000000  
111.258640 0.015549  -0.024843  -0.011051  0.763783  0.493367  0.416203  -0.523584  0.096461  0.846496  0.377486  -0.864456  0.331994  -0.013721  0.022813  0.010364  -0.044923  -0.017820  -0.349475  1.000000  
111.259896 0.015535  -0.024812  -0.011024  0.764099  0.493021  0.416033  -0.523569  0.097197  0.846421  0.376866  -0.864571  0.332399  -0.013254  0.022973  0.011250  -0.055883  -0.034608  -0.357424  1.000000  
111.261133 0.015521  -0.024780  -0.010998  0.764307  0.492695  0.416037  -0.523712  0.097832  0.846259  0.376246  -0.864685  0.332804  -0.012983  0.023366  0.011763  -0.073653  -0.045465  -0.368115  1.000000  
111.262389 0.015507  -0.024746  -0.010977  0.764580  0.492445  0.415830  -0.523668  0.098503  0.846208  0.375750  -0.864752  0.333191  -0.012524  0.023796  0.011825  -0.093929  -0.048660  -0.376191  1.000000  
111.263408 0.015495  -0.024719  -0.010964  0.764746  0.492214  0.415798  -0.523782  0.099073  0.846072  0.375254  -0.864818  0.333578  -0.012254  0.024131  0.011830  -0.111604  -0.057848  -0.382178  1.000000  
111.264629 0.015481  -0.024683  -0.010952  0.764953  0.491939  0.415744  -0.523923  0.099810  0.845897  0.374634  -0.864890  0.334088  -0.011867  0.024810  0.011756  -0.128445  -0.068253  -0.389843  1.000000  
111.265884 0.015468  -0.024648  -0.010940  0.765268  0.491642  0.415516  -0.523907  0.100649  0.845808  0.374014  -0.864961  0.334598  -0.011505  0.025416  0.011711  -0.152616  -0.071459  -0.397995  1.000000  
111.267137 0.015457  -0.024611  -0.010925  0.765515  0.491321  0.415439  -0.524077  0.101554  0.845595  0.373269  -0.865038  0.335231  -0.011085  0.026155  0.012045  -0.171697  -0.088237  -0.406055  1.000000  
111.268154 0.015447  -0.024581  -0.010912  0.765721  0.490995  0.415446  -0.524218  0.102188  0.845431  0.372648  -0.865148  0.335636  -0.010968  0.026558  0.012487  -0.179868  -0.105718  -0.416892  1.000000  
111.269383 0.015434  -0.024543  -0.010892  0.765968  0.490623  0.415430  -0.524387  0.102991  0.845229  0.371903  -0.865264  0.336164  -0.010970  0.027050  0.013467  -0.196173  -0.115766  -0.424075  1.000000  
111.270387 0.015421  -0.024513  -0.010877  0.766132  0.490443  0.415341  -0.524499  0.103662  0.845077  0.371406  -0.865286  0.336656  -0.011028  0.027437  0.014251  -0.209726  -0.124995  -0.430052  1.000000  
111.271387 0.015408  -0.024483  -0.010862  0.766337  0.490116  0.415348  -0.524639  0.104297  0.844912  0.370785  -0.865395  0.337061  -0.011164  0.027813  0.014779  -0.219208  -0.135791  -0.440140  1.000000  
111.272405 0.015395  -0.024452  -0.010847  0.766541  0.489790  0.415356  -0.524779  0.104931  0.844746  0.370164  -0.865503  0.337466  -0.011194  0.028150  0.014944  -0.231256  -0.139038  -0.448310  1.000000  
111.273632 0.015379  -0.024412  -0.010830  0.766786  0.489468  0.415283  -0.524947  0.105836  0.844529  0.369418  -0.865575  0.338099  -0.011317  0.028754  0.014744  -0.249062  -0.150035  -0.458809  1.000000  
111.274637 0.015366  -0.024380  -0.010817  0.766990  0.489192  0.415232  -0.525086  0.106573  0.844350  0.368796  -0.865641  0.338608  -0.011459  0.029293  0.014033  -0.262556  -0.159238  -0.464631  1.000000  
111.275916 0.015349  -0.024339  -0.010805  0.767166  0.488847  0.415312  -0.525439  0.107545  0.844007  0.367925  -0.865715  0.339364  -0.011621  0.029811  0.013048  -0.279663  -0.179055  -0.480124  1.000000  
111.277165 0.015331  -0.024297  -0.010795  0.767450  0.488531  0.415160  -0.525634  0.108720  0.843735  0.367054  -0.865747  0.340225  -0.011947  0.030415  0.012348  -0.303951  -0.185692  -0.496546  1.000000  
111.278392 0.015312  -0.024253  -0.010785  0.767734  0.488164  0.415068  -0.525828  0.109792  0.843475  0.366183  -0.865819  0.340981  -0.012263  0.031090  0.011979  -0.328645  -0.192529  -0.513643  1.000000  
111.279627 0.015294  -0.024207  -0.010771  0.767908  0.487870  0.415091  -0.526180  0.110866  0.843116  0.365311  -0.865847  0.341842  -0.012475  0.031792  0.012068  -0.354809  -0.205371  -0.528327  1.000000  
111.280671 0.015279  -0.024168  -0.010755  0.768150  0.487598  0.414962  -0.526345  0.111872  0.842879  0.364564  -0.865871  0.342580  -0.012778  0.032444  0.012448  -0.374827  -0.211911  -0.544468  1.000000  
111.281893 0.015261  -0.024120  -0.010729  0.768431  0.487282  0.414814  -0.526538  0.113046  0.842602  0.363692  -0.865897  0.343440  -0.013293  0.033231  0.013282  -0.399442  -0.217165  -0.557165  1.000000  
111.283139 0.015241  -0.024070  -0.010700  0.768712  0.486965  0.414666  -0.526730  0.114220  0.842324  0.362819  -0.865921  0.344301  -0.013751  0.034042  0.014116  -0.430493  -0.217931  -0.576097  1.000000  
111.284398 0.015220  -0.024020  -0.010674  0.768883  0.486772  0.414574  -0.527080  0.115497  0.841930  0.361946  -0.865860  0.345372  -0.014286  0.035010  0.014571  -0.456350  -0.229158  -0.586044  1.000000  
111.285661 0.015199  -0.023969  -0.010654  0.769202  0.486410  0.414407  -0.527299  0.116838  0.841608  0.360948  -0.865883  0.346356  -0.014616  0.035806  0.014516  -0.484995  -0.236095  -0.602814  1.000000  
111.286888 0.015178  -0.023916  -0.010638  0.769412  0.486072  0.414415  -0.527676  0.118079  0.841199  0.359950  -0.865905  0.347339  -0.014891  0.036734  0.014427  -0.502861  -0.247033  -0.612154  1.000000  
111.287891 0.015162  -0.023874  -0.010626  0.769690  0.485755  0.414271  -0.527866  0.119252  0.840914  0.359076  -0.865922  0.348200  -0.015115  0.037483  0.014305  -0.527228  -0.252274  -0.624610  1.000000  
111.289170 0.015140  -0.023822  -0.010609  0.769937  0.485372  0.414260  -0.528269  0.120659  0.840460  0.357952  -0.865942  0.349307  -0.015550  0.038453  0.014319  -0.552754  -0.265389  -0.638908  1.000000  
111.290391 0.015118  -0.023769  -0.010591  0.770222  0.484844  0.414348  -0.528698  0.122030  0.839992  0.356702  -0.866046  0.350326  -0.015876  0.039204  0.014614  -0.564069  -0.285654  -0.654455  1.000000  
111.291410 0.015099  -0.023726  -0.010575  0.770428  0.484456  0.414419  -0.529072  0.123168  0.839590  0.355702  -0.866101  0.351205  -0.016148  0.039747  0.015137  -0.582099  -0.299151  -0.669373  1.000000  
111.292649 0.015077  -0.023672  -0.010553  0.770710  0.483979  0.414451  -0.529500  0.124641  0.839103  0.354451  -0.866158  0.352329  -0.016416  0.040623  0.015933  -0.598167  -0.321977  -0.690288  1.000000  
111.293656 0.015060  -0.023628  -0.010534  0.770914  0.483643  0.414466  -0.529873  0.125881  0.838683  0.353450  -0.866166  0.353312  -0.016595  0.041136  0.016659  -0.616271  -0.335190  -0.704645  1.000000  
111.294895 0.015038  -0.023571  -0.010507  0.771045  0.483288  0.414634  -0.530431  0.127188  0.838132  0.352323  -0.866173  0.354419  -0.016830  0.041689  0.017330  -0.630940  -0.353990  -0.715487  1.000000  
111.295914 0.015022  -0.023525  -0.010485  0.771285  0.482858  0.414690  -0.530830  0.128493  0.837681  0.351196  -0.866221  0.355420  -0.016943  0.042213  0.017597  -0.647592  -0.376252  -0.733159  1.000000  
111.297125 0.015001  -0.023466  -0.010458  0.771453  0.482510  0.414783  -0.531414  0.130068  0.837067  0.349943  -0.866179  0.356754  -0.017117  0.043011  0.017776  -0.664960  -0.392849  -0.741515  1.000000  
111.298129 0.014984  -0.023418  -0.010435  0.771690  0.482130  0.414783  -0.531811  0.131474  0.836595  0.348814  -0.866178  0.357860  -0.017159  0.043520  0.017673  -0.687161  -0.406192  -0.755765  1.000000  
111.299399 0.014964  -0.023358  -0.010411  0.771892  0.481739  0.414861  -0.532420  0.133217  0.835932  0.347435  -0.866130  0.359317  -0.017080  0.044168  0.017482  -0.716353  -0.428972  -0.773266  1.000000  
111.300632 0.014943  -0.023296  -0.010388  0.772203  0.481372  0.414710  -0.532869  0.135159  0.835334  0.346054  -0.866033  0.360878  -0.017099  0.044956  0.017784  -0.748346  -0.442051  -0.788688  1.000000  
111.301639 0.014925  -0.023246  -0.010368  0.772288  0.481168  0.414788  -0.533397  0.136501  0.834779  0.345050  -0.865936  0.362071  -0.017146  0.045453  0.018292  -0.769962  -0.461755  -0.798170  1.000000  
111.302888 0.014903  -0.023184  -0.010339  0.772523  0.480735  0.414852  -0.534029  0.138409  0.834060  0.343542  -0.865874  0.363650  -0.017300  0.045988  0.019102  -0.799574  -0.484223  -0.819685  1.000000  
111.304135 0.014880  -0.023122  -0.010304  0.772755  0.480353  0.414861  -0.534660  0.140417  0.833319  0.342034  -0.865762  0.365334  -0.017416  0.046760  0.020371  -0.833543  -0.508589  -0.841379  1.000000  
111.305145 0.014860  -0.023073  -0.010274  0.772983  0.480079  0.414754  -0.535053  0.142023  0.832795  0.340902  -0.865652  0.366649  -0.017463  0.047152  0.021366  -0.852971  -0.518895  -0.848261  1.000000  
111.306386 0.014836  -0.023011  -0.010237  0.773102  0.479729  0.414938  -0.535842  0.143932  0.831960  0.339392  -0.865531  0.368333  -0.017554  0.047798  0.022526  -0.880769  -0.540386  -0.863488  1.000000  
111.307647 0.014813  -0.022948  -0.010205  0.773365  0.479256  0.414994  -0.536496  0.146004  0.831177  0.337756  -0.865446  0.370033  -0.017619  0.048285  0.023261  -0.911968  -0.566579  -0.885794  1.000000  
111.308649 0.014795  -0.022896  -0.010181  0.773588  0.478729  0.415186  -0.537123  0.147708  0.830471  0.336244  -0.865448  0.371401  -0.017654  0.048812  0.023583  -0.927655  -0.589790  -0.905141  1.000000  
111.309889 0.014774  -0.022831  -0.010154  0.773809  0.478150  0.415442  -0.537985  0.149913  0.829517  0.334353  -0.865389  0.373242  -0.017621  0.049401  0.023551  -0.956000  -0.615090  -0.933352  1.000000  
111.310898 0.014757  -0.022779  -0.010134  0.773991  0.477721  0.415597  -0.538584  0.151550  0.828831  0.332966  -0.865341  0.374591  -0.017694  0.049781  0.023454  -0.974827  -0.639631  -0.951217  1.000000  
111.312149 0.014735  -0.022715  -0.010109  0.774057  0.477324  0.415930  -0.539577  0.153691  0.827790  0.331199  -0.865183  0.376518  -0.017710  0.050038  0.023223  -0.998720  -0.673682  -0.966273  1.000000  
111.313157 0.014718  -0.022664  -0.010088  0.774270  0.476904  0.416015  -0.540199  0.155594  0.827028  0.329684  -0.865074  0.378094  -0.017725  0.050276  0.023201  -1.022289  -0.700839  -0.988525  1.000000  
111.314177 0.014700  -0.022613  -0.010066  0.774369  0.476518  0.416273  -0.540979  0.157398  0.826176  0.328167  -0.864960  0.379670  -0.017800  0.050391  0.023382  -1.041835  -0.724235  -1.007065  1.000000  
111.315382 0.014677  -0.022550  -0.010038  0.774537  0.476096  0.416443  -0.541809  0.159634  0.825203  0.326397  -0.864783  0.381596  -0.017962  0.050595  0.023725  -1.068030  -0.752122  -1.024189  1.000000  
111.316392 0.014658  -0.022499  -0.010012  0.774742  0.475681  0.416535  -0.542428  0.161535  0.824426  0.324879  -0.864658  0.383171  -0.018066  0.050606  0.024081  -1.094707  -0.772378  -1.045147  1.000000  
111.317635 0.014635  -0.022437  -0.009979  0.774904  0.475365  0.416595  -0.543254  0.163969  0.823401  0.323107  -0.864374  0.385305  -0.018188  0.050692  0.024409  -1.124040  -0.798077  -1.056983  1.000000  
111.318880 0.014611  -0.022373  -0.009944  0.775062  0.475052  0.416658  -0.544080  0.166402  0.822367  0.321334  -0.864081  0.387438  -0.018203  0.050781  0.024436  -1.159456  -0.825239  -1.073163  1.000000  
111.319894 0.014592  -0.022322  -0.009918  0.775260  0.474693  0.416701  -0.544695  0.168400  0.821553  0.319813  -0.863891  0.389116  -0.018141  0.050927  0.024105  -1.189105  -0.838982  -1.085090  1.000000  
111.321143 0.014570  -0.022258  -0.009888  0.775446  0.474289  0.416812  -0.545542  0.170896  0.820475  0.317911  -0.863623  0.391265  -0.018050  0.051030  0.023648  -1.221907  -0.861938  -1.099340  1.000000  
111.322413 0.014549  -0.022192  -0.009863  0.775551  0.473881  0.417082  -0.546571  0.173460  0.819251  0.315880  -0.863336  0.393536  -0.017874  0.051188  0.023135  -1.255007  -0.891721  -1.113645  1.000000  
111.323653 0.014528  -0.022125  -0.009840  0.775652  0.473476  0.417355  -0.547598  0.176021  0.818018  0.313848  -0.863039  0.395806  -0.017815  0.051246  0.022765  -1.283438  -0.918788  -1.128483  1.000000  
111.324795 0.014511  -0.022073  -0.009819  0.775758  0.473220  0.417447  -0.548391  0.178281  0.816996  0.312197  -0.862716  0.397813  -0.017642  0.050850  0.022478  -1.318344  -0.936843  -1.144439  1.000000  
111.325880 0.014489  -0.022009  -0.009791  0.775963  0.472837  0.417501  -0.549255  0.181035  0.815809  0.310162  -0.862352  0.400185  -0.017887  0.051427  0.022862  -1.360186  -0.961382  -1.163743  1.000000  
111.326896 0.014471  -0.021957  -0.009769  0.776062  0.472586  0.417599  -0.550045  0.183292  0.814773  0.308508  -0.862013  0.402190  -0.017858  0.051405  0.023055  -1.391797  -0.981203  -1.179268  1.000000  
111.327947 0.014454  -0.021907  -0.009745  0.776306  0.472206  0.417577  -0.550698  0.185710  0.813783  0.306726  -0.861703  0.404211  -0.017839  0.051210  0.023185  -1.420492  -0.996724  -1.193649  1.000000  
111.329143 0.014433  -0.021845  -0.009716  0.776419  0.471827  0.417796  -0.551740  0.188527  0.812429  0.304560  -0.861300  0.406701  -0.017885  0.051289  0.023377  -1.457043  -1.024786  -1.213911  1.000000  
111.330378 0.014412  -0.021784  -0.009690  0.776640  0.471361  0.417909  -0.552620  0.191340  0.811172  0.302393  -0.860934  0.409086  -0.017710  0.051032  0.023202  -1.482049  -1.045360  -1.229503  1.000000  
111.331412 0.014395  -0.021737  -0.009670  0.776726  0.471123  0.418019  -0.553404  0.193589  0.810104  0.300734  -0.860562  0.411086  -0.017662  0.051162  0.022895  -1.507314  -1.066726  -1.245837  1.000000  
111.332650 0.014375  -0.021677  -0.009649  0.776857  0.470712  0.418238  -0.554462  0.196564  0.808662  0.298436  -0.860112  0.413694  -0.017294  0.050528  0.021834  -1.541052  -1.093101  -1.263146  1.000000  
111.333892 0.014356  -0.021617  -0.009629  0.777097  0.470265  0.418295  -0.555358  0.199633  0.807294  0.296137  -0.859649  0.416300  -0.016944  0.050327  0.020903  -1.572648  -1.113439  -1.282706  1.000000  
111.335165 0.014338  -0.021558  -0.009609  0.777281  0.469778  0.418500  -0.556457  0.202932  0.805713  0.293580  -0.859143  0.419147  -0.016661  0.050075  0.020103  -1.610073  -1.145480  -1.311449  1.000000  
111.336397 0.014320  -0.021499  -0.009589  0.777478  0.469484  0.418464  -0.557325  0.206025  0.804327  0.291405  -0.858568  0.421835  -0.016405  0.049710  0.019558  -1.645493  -1.164032  -1.326422  1.000000  
111.337633 0.014303  -0.021439  -0.009568  0.777555  0.469287  0.418542  -0.558350  0.209116  0.802817  0.289228  -0.857928  0.424626  -0.016145  0.049360  0.019401  -1.682159  -1.181302  -1.332603  1.000000  
111.338638 0.014288  -0.021391  -0.009548  0.777649  0.469026  0.418660  -0.559145  0.211515  0.801634  0.287435  -0.857482  0.426739  -0.016005  0.048994  0.019475  -1.709029  -1.193455  -1.335613  1.000000  
111.339650 0.014273  -0.021344  -0.009526  0.777770  0.468777  0.418715  -0.559962  0.214174  0.800358  0.285512  -0.856958  0.429075  -0.016013  0.049056  0.019773  -1.743470  -1.205713  -1.343085  1.000000  
111.340902 0.014255  -0.021285  -0.009497  0.777772  0.468779  0.418709  -0.560936  0.217121  0.798880  0.283588  -0.856216  0.431825  -0.015592  0.048100  0.019577  -1.784214  -1.217925  -1.347272  1.000000  
111.342129 0.014236  -0.021228  -0.009470  0.777977  0.468563  0.418570  -0.561814  0.220554  0.797321  0.281277  -0.855456  0.434831  -0.015427  0.047851  0.019506  -1.823760  -1.224926  -1.356984  1.000000  
111.343135 0.014221  -0.021182  -0.009450  0.778055  0.468518  0.418474  -0.562602  0.223329  0.795992  0.279479  -0.854760  0.437352  -0.015247  0.047448  0.019207  -1.859087  -1.237877  -1.359598  1.000000  
111.344402 0.014203  -0.021124  -0.009428  0.778134  0.468357  0.418508  -0.563636  0.226657  0.794318  0.277166  -0.853972  0.440353  -0.015016  0.047162  0.018765  -1.902506  -1.251041  -1.365958  1.000000  
111.345691 0.014183  -0.021067  -0.009409  0.778268  0.468117  0.418529  -0.564710  0.230307  0.792503  0.274594  -0.853127  0.443591  -0.014882  0.046917  0.018304  -1.943161  -1.270597  -1.381486  1.000000  
111.346877 0.014165  -0.021010  -0.009389  0.778277  0.467830  0.418831  -0.565941  0.233663  0.790640  0.272020  -0.852371  0.446619  -0.014841  0.046925  0.018210  -1.983106  -1.302243  -1.400903  1.000000  
111.347882 0.014152  -0.020965  -0.009373  0.778397  0.467567  0.418903  -0.566763  0.236459  0.789219  0.269959  -0.851744  0.449059  -0.014570  0.046689  0.018175  -2.009610  -1.318656  -1.410563  1.000000  
111.348883 0.014139  -0.020920  -0.009355  0.778512  0.467359  0.418922  -0.567583  0.239348  0.787757  0.267897  -0.851051  0.451600  -0.014454  0.046509  0.018240  -2.039448  -1.336702  -1.423622  1.000000  
111.349902 0.014126  -0.020877  -0.009337  0.778505  0.467255  0.419049  -0.568561  0.242232  0.786169  0.265834  -0.850292  0.454242  -0.014419  0.046215  0.018499  -2.074541  -1.353670  -1.433270  1.000000  
111.351128 0.014109  -0.020822  -0.009312  0.778608  0.467043  0.419094  -0.569620  0.245856  0.784275  0.263254  -0.849368  0.457463  -0.014340  0.045923  0.018776  -2.109341  -1.375563  -1.445408  1.000000  
111.352149 0.014096  -0.020778  -0.009293  0.778592  0.466950  0.419229  -0.570593  0.248731  0.782660  0.261188  -0.848582  0.460098  -0.014198  0.045526  0.018921  -2.144507  -1.391084  -1.453746  1.000000  
111.353154 0.014084  -0.020735  -0.009273  0.778543  0.466953  0.419317  -0.571543  0.251535  0.781069  0.259250  -0.847753  0.462714  -0.014065  0.045216  0.018955  -2.174689  -1.403692  -1.454419  1.000000  
111.354380 0.014067  -0.020682  -0.009248  0.778537  0.466720  0.419585  -0.572773  0.255113  0.779005  0.256535  -0.846812  0.465940  -0.013967  0.044874  0.018880  -2.204479  -1.425319  -1.465656  1.000000  
111.355411 0.014055  -0.020640  -0.009231  0.778533  0.466552  0.419780  -0.573759  0.258042  0.777313  0.254336  -0.846017  0.468582  -0.013719  0.044486  0.018379  -2.228125  -1.447975  -1.473342  1.000000  
111.356653 0.014039  -0.020587  -0.009209  0.778396  0.466540  0.420048  -0.575142  0.261794  0.775032  0.251618  -0.844869  0.472107  -0.013541  0.044176  0.017975  -2.266971  -1.475392  -1.482826  1.000000  
111.357928 0.014023  -0.020534  -0.009188  0.778368  0.466433  0.420218  -0.576362  0.265541  0.772849  0.248897  -0.843758  0.475523  -0.013364  0.043806  0.017653  -2.298285  -1.500829  -1.486045  1.000000  
111.359130 0.014007  -0.020480  -0.009169  0.778333  0.466437  0.420279  -0.577577  0.269467  0.770579  0.246175  -0.842511  0.479138  -0.013257  0.043702  0.017473  -2.342119  -1.519861  -1.493542  1.000000  
111.360150 0.013994  -0.020437  -0.009152  0.778331  0.466256  0.420484  -0.578570  0.272533  0.768754  0.243840  -0.841624  0.481882  -0.013061  0.043442  0.017628  -2.374962  -1.543208  -1.500919  1.000000  
111.361393 0.013979  -0.020383  -0.009127  0.778255  0.466314  0.420559  -0.579759  0.276283  0.766517  0.241244  -0.840368  0.485368  -0.012896  0.043330  0.018064  -2.412932  -1.563546  -1.507404  1.000000  
111.362399 0.013966  -0.020340  -0.009105  0.778215  0.466287  0.420663  -0.580726  0.279363  0.764666  0.239036  -0.839365  0.488189  -0.012826  0.043089  0.018497  -2.445352  -1.578205  -1.510334  1.000000  
111.363627 0.013951  -0.020286  -0.009076  0.778152  0.466372  0.420686  -0.581927  0.283349  0.762283  0.236307  -0.837980  0.491883  -0.012704  0.043033  0.018943  -2.483404  -1.603425  -1.511943  1.000000  
111.364627 0.013939  -0.020244  -0.009053  0.778151  0.466229  0.420846  -0.582926  0.286641  0.760286  0.233836  -0.836939  0.494827  -0.012674  0.042956  0.019213  -2.514954  -1.619640  -1.515735  1.000000  
111.365627 0.013927  -0.020200  -0.009032  0.777998  0.466242  0.421114  -0.584063  0.289765  0.758226  0.231493  -0.835856  0.497751  -0.012601  0.042899  0.019322  -2.544298  -1.643626  -1.520070  1.000000  
111.366699 0.013916  -0.020157  -0.009013  0.777961  0.466151  0.421285  -0.585037  0.292885  0.756274  0.229150  -0.834818  0.500569  -0.012391  0.042678  0.019160  -2.566145  -1.658937  -1.524499  1.000000  
111.367888 0.013902  -0.020103  -0.008991  0.777893  0.466077  0.421490  -0.586240  0.296722  0.753842  0.226284  -0.833504  0.504051  -0.012333  0.042925  0.019148  -2.598522  -1.690613  -1.535263  1.000000  
111.369148 0.013888  -0.020050  -0.008970  0.777818  0.466064  0.421645  -0.587440  0.300639  0.751352  0.223415  -0.832106  0.507627  -0.012125  0.042842  0.018835  -2.627632  -1.708358  -1.537908  1.000000  
111.370152 0.013877  -0.020008  -0.008953  0.777713  0.466274  0.421605  -0.588367  0.303786  0.749358  0.221328  -0.830845  0.510599  -0.012114  0.042882  0.018865  -2.659288  -1.727250  -1.545131  1.000000  
111.371393 0.013862  -0.019956  -0.008929  0.777478  0.466634  0.421640  -0.589701  0.307885  0.746632  0.218587  -0.829132  0.514548  -0.012072  0.042752  0.018957  -2.702945  -1.754215  -1.547963  1.000000  
111.372416 0.013850  -0.019915  -0.008910  0.777363  0.466857  0.421606  -0.590623  0.311015  0.744604  0.216498  -0.827837  0.517507  -0.011991  0.042596  0.019182  -2.724960  -1.768415  -1.545710  1.000000  
111.373630 0.013834  -0.019864  -0.008883  0.777159  0.466906  0.421927  -0.591983  0.314954  0.741862  0.213492  -0.826319  0.521170  -0.011961  0.042508  0.019628  -2.749343  -1.797536  -1.552841  1.000000  
111.374666 0.013822  -0.019821  -0.008861  0.777078  0.467018  0.421952  -0.592933  0.318291  0.739676  0.211139  -0.824976  0.524248  -0.011907  0.042381  0.019980  -2.777039  -1.815090  -1.554868  1.000000  
111.375882 0.013806  -0.019769  -0.008833  0.776958  0.467212  0.421960  -0.594108  0.322417  0.736942  0.208261  -0.823262  0.528078  -0.011881  0.042387  0.020283  -2.813256  -1.831454  -1.549929  1.000000  
111.376906 0.013794  -0.019726  -0.008810  0.776864  0.467287  0.422048  -0.595051  0.325646  0.734758  0.205905  -0.821947  0.531042  -0.011864  0.042264  0.020350  -2.835741  -1.840726  -1.553984  1.000000  
111.378131 0.013779  -0.019673  -0.008782  0.776707  0.467585  0.422007  -0.596200  0.329682  0.732021  0.203154  -0.820167  0.534841  -0.011877  0.042310  0.020310  -2.866113  -1.855745  -1.548439  1.000000  
111.379157 0.013767  -0.019630  -0.008762  0.776580  0.467813  0.421988  -0.597120  0.332915  0.729805  0.200926  -0.818730  0.537876  -0.011805  0.042249  0.020068  -2.894215  -1.868717  -1.542219  1.000000  
111.380392 0.013752  -0.019575  -0.008736  0.776286  0.468147  0.422159  -0.598421  0.336743  0.726978  0.198173  -0.816972  0.541558  -0.011862  0.042337  0.020028  -2.913788  -1.889037  -1.531829  1.000000  
111.381399 0.013741  -0.019530  -0.008717  0.776004  0.468648  0.422123  -0.599477  0.339969  0.724602  0.196074  -0.815346  0.544761  -0.011918  0.042593  0.020141  -2.942449  -1.899921  -1.522992  1.000000  
111.382630 0.013725  -0.019476  -0.008691  0.775819  0.469084  0.421978  -0.600611  0.344132  0.721692  0.193318  -0.813347  0.548721  -0.012025  0.042472  0.020312  -2.977640  -1.909147  -1.519198  1.000000  
111.383642 0.013712  -0.019434  -0.008669  0.775793  0.469321  0.421762  -0.601358  0.347509  0.719449  0.191086  -0.811773  0.551824  -0.012134  0.042459  0.020709  -3.009293  -1.913165  -1.524191  1.000000  
111.384874 0.013695  -0.019382  -0.008638  0.775595  0.469671  0.421737  -0.602483  0.351470  0.716577  0.188328  -0.809863  0.555567  -0.012329  0.042469  0.021244  -3.034708  -1.918782  -1.515884  1.000000  
111.385876 0.013681  -0.019340  -0.008611  0.775310  0.470014  0.421878  -0.603543  0.354546  0.714166  0.186093  -0.808322  0.558557  -0.012436  0.042493  0.021772  -3.056810  -1.921448  -1.505890  1.000000  
111.387123 0.013664  -0.019287  -0.008579  0.775098  0.470485  0.421743  -0.604659  0.358655  0.711164  0.183332  -0.806232  0.562476  -0.012568  0.042563  0.022371  -3.085695  -1.929528  -1.498792  1.000000  
111.388128 0.013651  -0.019246  -0.008554  0.774782  0.471083  0.421655  -0.605697  0.361901  0.708632  0.181227  -0.804431  0.565728  -0.012598  0.042571  0.022637  -3.114329  -1.940135  -1.485068  1.000000  
111.389140 0.013638  -0.019204  -0.008531  0.774462  0.471637  0.421625  -0.606732  0.365050  0.706126  0.179121  -0.802681  0.568874  -0.012679  0.042582  0.022713  -3.131047  -1.946189  -1.469025  1.000000  
111.390383 0.013622  -0.019152  -0.008504  0.773961  0.472319  0.421781  -0.608142  0.368770  0.702974  0.176488  -0.800577  0.572651  -0.012734  0.042568  0.022627  -3.157079  -1.962780  -1.450844  1.000000  
111.391385 0.013610  -0.019110  -0.008483  0.773611  0.472974  0.421689  -0.609156  0.371830  0.700480  0.174512  -0.798773  0.575766  -0.012758  0.042537  0.022605  -3.173684  -1.969399  -1.436632  1.000000  
111.392631 0.013594  -0.019058  -0.008456  0.773096  0.473729  0.421786  -0.610558  0.375606  0.697237  0.171876  -0.796556  0.579618  -0.012811  0.042446  0.022482  -3.194420  -1.985231  -1.417440  1.000000  
111.393936 0.013578  -0.019006  -0.008429  0.772573  0.474445  0.421938  -0.611954  0.379280  0.694016  0.169240  -0.794385  0.583361  -0.012802  0.042219  0.022530  -3.203629  -1.992933  -1.386899  1.000000  
111.395131 0.013561  -0.018953  -0.008400  0.772043  0.475225  0.422032  -0.613347  0.383023  0.690724  0.166602  -0.792120  0.587188  -0.012950  0.042263  0.022804  -3.226107  -2.007822  -1.366607  1.000000  
111.396373 0.013545  -0.018902  -0.008370  0.771504  0.476069  0.422066  -0.614734  0.386831  0.687360  0.163962  -0.789759  0.591098  -0.013081  0.041979  0.023137  -3.250282  -2.013855  -1.346079  1.000000  
111.397376 0.013531  -0.018862  -0.008344  0.771126  0.476869  0.421853  -0.615732  0.389991  0.684676  0.161982  -0.787720  0.594356  -0.013122  0.041752  0.023510  -3.280281  -2.017540  -1.324431  1.000000  
111.398624 0.013513  -0.018810  -0.008311  0.770701  0.477705  0.421685  -0.616953  0.393946  0.681304  0.159341  -0.785242  0.598336  -0.013241  0.041623  0.023868  -3.312888  -2.023489  -1.303991  1.000000  
111.399630 0.013500  -0.018770  -0.008286  0.770186  0.478551  0.421667  -0.618103  0.396897  0.678544  0.157359  -0.783238  0.601478  -0.013211  0.041451  0.023870  -3.328234  -2.034311  -1.281569  1.000000  
111.400873 0.013483  -0.018719  -0.008255  0.769587  0.479601  0.421567  -0.619448  0.400506  0.675188  0.154981  -0.780755  0.605312  -0.013227  0.041367  0.023743  -3.346275  -2.038605  -1.257817  1.000000  
111.401873 0.013470  -0.018679  -0.008232  0.769174  0.480462  0.421340  -0.620421  0.403462  0.672529  0.153130  -0.778701  0.608421  -0.013203  0.041242  0.023550  -3.360996  -2.044993  -1.239842  1.000000  
111.403123 0.013454  -0.018629  -0.008203  0.768691  0.481550  0.420979  -0.621601  0.407299  0.669118  0.150749  -0.776027  0.612419  -0.013171  0.041102  0.023420  -3.386378  -2.039747  -1.215255  1.000000  
111.404126 0.013442  -0.018590  -0.008182  0.768157  0.482429  0.420949  -0.622739  0.410193  0.666286  0.148765  -0.773954  0.615520  -0.013094  0.040967  0.023342  -3.401778  -2.047328  -1.188954  1.000000  
111.405375 0.013427  -0.018541  -0.008153  0.767678  0.483352  0.420763  -0.623924  0.413898  0.662878  0.146251  -0.771401  0.619315  -0.013022  0.040731  0.023432  -3.416020  -2.051040  -1.164997  1.000000  
111.406382 0.013415  -0.018502  -0.008130  0.767246  0.484242  0.420527  -0.624886  0.416798  0.660149  0.144397  -0.769278  0.622383  -0.012993  0.040546  0.023527  -3.433470  -2.050669  -1.139245  1.000000  
111.407385 0.013404  -0.018464  -0.008105  0.766826  0.485110  0.420294  -0.625858  0.419830  0.657301  0.142411  -0.767080  0.625546  -0.012861  0.040274  0.023830  -3.450413  -2.055220  -1.120301  1.000000  
111.408632 0.013389  -0.018418  -0.008074  0.766315  0.486241  0.419918  -0.627020  0.423578  0.653780  0.140027  -0.764298  0.629477  -0.012871  0.040024  0.024165  -3.474502  -2.057284  -1.090166  1.000000  
111.409634 0.013377  -0.018381  -0.008050  0.765871  0.487202  0.419614  -0.627973  0.426515  0.650949  0.138172  -0.762050  0.632605  -0.012763  0.039521  0.024118  -3.494100  -2.054245  -1.077448  1.000000  
111.410875 0.013362  -0.018336  -0.008021  0.765465  0.488238  0.419150  -0.628959  0.430103  0.647628  0.135919  -0.759364  0.636311  -0.012586  0.039120  0.024076  -3.505577  -2.049190  -1.053908  1.000000  
111.411878 0.013351  -0.018300  -0.007999  0.765128  0.489150  0.418702  -0.629739  0.432969  0.644955  0.134195  -0.757146  0.639313  -0.012432  0.038738  0.023798  -3.517524  -2.040242  -1.039859  1.000000  
111.413124 0.013337  -0.018255  -0.007973  0.764699  0.490329  0.418107  -0.630707  0.436536  0.641595  0.132074  -0.754330  0.643073  -0.012215  0.038304  0.023417  -3.523348  -2.031460  -1.012100  1.000000  
111.414125 0.013326  -0.018221  -0.007951  0.764356  0.491200  0.417712  -0.631482  0.439296  0.638944  0.130349  -0.752158  0.645962  -0.011993  0.037943  0.023072  -3.530919  -2.026206  -0.982480  1.000000  
111.415376 0.013312  -0.018179  -0.007926  0.763931  0.492262  0.417237  -0.632456  0.442816  0.635542  0.128094  -0.749395  0.649615  -0.011812  0.037315  0.022700  -3.551526  -2.020391  -0.956157  1.000000  
