1-Time 2-Px 3-Py 4-Pz 5-R11 6-R21 7-R31 8-R12 9-R22 10-R32 11-R13 12-R23 13-R33 14-Vx 15-Vy 16-Vz 17-Wx 18-Wy 19-Wz 20-state
169.375598 0.009166  -0.005464  -0.012992  0.623046  0.751508  0.216906  -0.775037  0.630545  0.041603  -0.105504  -0.194031  0.975305  0.000080  -0.000137  -0.000942  0.000000  0.000000  0.000000  1.000000  
169.376682 0.009166  -0.005464  -0.012992  0.623046  0.751508  0.216906  -0.775037  0.630545  0.041603  -0.105504  -0.194031  0.975305  0.000000  0.000000  0.000000  0.000000  0.000000  0.000000  1.000000  
169.377929 0.009164  -0.005464  -0.012982  0.623046  0.751508  0.216906  -0.775037  0.630545  0.041603  -0.105504  -0.194031  0.975305  -0.001421  -0.000004  0.005089  0.000000  0.000000  0.000000  1.000000  
169.378935 0.009160  -0.005464  -0.012971  0.623046  0.751508  0.216906  -0.775037  0.630545  0.041603  -0.105504  -0.194031  0.975305  -0.002187  0.000305  0.007055  0.000000  0.000000  0.000000  1.000000  
169.380180 0.009156  -0.005463  -0.012960  0.623206  0.751379  0.216898  -0.774909  0.630700  0.041648  -0.105504  -0.194031  0.975305  -0.002424  0.000433  0.007580  0.000000  0.000000  0.000000  1.000000  
169.381430 0.009153  -0.005461  -0.012954  0.623206  0.751379  0.216898  -0.774909  0.630700  0.041648  -0.105504  -0.194031  0.975305  -0.002459  0.000588  0.007058  0.000000  0.000000  0.000000  1.000000  
169.382433 0.009148  -0.005460  -0.012948  0.623206  0.751379  0.216898  -0.774909  0.630700  0.041648  -0.105504  -0.194031  0.975305  -0.002767  0.000767  0.006814  0.000000  0.000000  0.000000  1.000000  
169.383690 0.009141  -0.005457  -0.012942  0.623206  0.751379  0.216898  -0.774909  0.630700  0.041648  -0.105504  -0.194031  0.975305  -0.003223  0.000966  0.006541  0.000000  0.000000  0.000000  1.000000  
169.384929 0.009136  -0.005454  -0.012935  0.623215  0.751395  0.216816  -0.774920  0.630680  0.041749  -0.105371  -0.194034  0.975319  -0.003376  0.001131  0.006348  0.000000  0.000000  0.000000  1.000000  
169.385953 0.009132  -0.005452  -0.012929  0.623215  0.751369  0.216907  -0.774920  0.630674  0.041826  -0.105371  -0.194152  0.975296  -0.003403  0.001208  0.006284  0.000000  0.000000  0.000000  1.000000  
169.387186 0.009127  -0.005450  -0.012921  0.623215  0.751369  0.216907  -0.774920  0.630674  0.041826  -0.105371  -0.194152  0.975296  -0.003497  0.001301  0.006374  0.000000  0.000000  0.000000  1.000000  
169.388201 0.009122  -0.005448  -0.012913  0.623215  0.751342  0.216998  -0.774920  0.630669  0.041902  -0.105371  -0.194270  0.975272  -0.003619  0.001384  0.006494  0.000000  0.000000  0.000000  1.000000  
169.389445 0.009116  -0.005445  -0.012901  0.623215  0.751342  0.216998  -0.774920  0.630669  0.041902  -0.105371  -0.194270  0.975272  -0.003734  0.001434  0.006752  0.000000  0.000000  0.000000  1.000000  
169.390446 0.009110  -0.005445  -0.012890  0.623215  0.751342  0.216998  -0.774920  0.630669  0.041902  -0.105371  -0.194270  0.975272  -0.003898  0.001375  0.007025  0.000000  0.000000  0.000000  1.000000  
169.391684 0.009102  -0.005443  -0.012873  0.623215  0.751316  0.217089  -0.774920  0.630664  0.041979  -0.105371  -0.194389  0.975249  -0.004357  0.001435  0.008048  0.000000  0.000000  0.000000  1.000000  
169.392684 0.009096  -0.005442  -0.012858  0.623206  0.751300  0.217171  -0.774909  0.630685  0.041877  -0.105504  -0.194386  0.975235  -0.004597  0.001553  0.008389  0.000000  0.000000  0.000000  1.000000  
169.393934 0.009090  -0.005439  -0.012844  0.623206  0.751273  0.217262  -0.774909  0.630680  0.041954  -0.105504  -0.194504  0.975211  -0.004684  0.001630  0.008504  0.000000  0.000000  0.000000  1.000000  
169.395184 0.009084  -0.005434  -0.012835  0.623206  0.751273  0.217262  -0.774909  0.630680  0.041954  -0.105504  -0.194504  0.975211  -0.004868  0.001901  0.008387  0.000000  0.000000  0.000000  1.000000  
169.396185 0.009079  -0.005431  -0.012829  0.623206  0.751273  0.217262  -0.774909  0.630680  0.041954  -0.105504  -0.194504  0.975211  -0.005025  0.002064  0.008457  0.000000  0.000000  0.000000  1.000000  
169.397433 0.009071  -0.005426  -0.012818  0.623365  0.751143  0.217254  -0.774780  0.630834  0.041998  -0.105504  -0.194504  0.975211  -0.005177  0.002208  0.008683  0.000000  0.000000  0.000000  1.000000  
169.398684 0.009064  -0.005423  -0.012802  0.623365  0.751143  0.217254  -0.774780  0.630834  0.041998  -0.105504  -0.194504  0.975211  -0.005181  0.002268  0.009301  0.000000  0.000000  0.000000  1.000000  
169.399934 0.009059  -0.005418  -0.012783  0.623525  0.751013  0.217245  -0.774652  0.630989  0.042043  -0.105504  -0.194504  0.975211  -0.005131  0.002478  0.010237  0.000000  0.000000  0.000000  1.000000  
169.401184 0.009055  -0.005412  -0.012761  0.623534  0.751030  0.217163  -0.774663  0.630969  0.042145  -0.105371  -0.194507  0.975225  -0.005109  0.002616  0.011152  0.000000  0.000000  0.000000  1.000000  
169.402189 0.009049  -0.005408  -0.012744  0.623693  0.750900  0.217155  -0.774534  0.631123  0.042190  -0.105371  -0.194507  0.975225  -0.005218  0.002744  0.011857  0.000000  0.000000  0.000000  1.000000  
169.403437 0.009042  -0.005404  -0.012725  0.623693  0.750900  0.217155  -0.774534  0.631123  0.042190  -0.105371  -0.194507  0.975225  -0.005250  0.002880  0.012382  0.000000  0.000000  0.000000  1.000000  
169.404439 0.009036  -0.005401  -0.012711  0.623862  0.750786  0.217064  -0.774417  0.631257  0.042336  -0.105238  -0.194510  0.975239  -0.005319  0.002948  0.012660  0.000000  0.000000  0.000000  1.000000  
169.405690 0.009030  -0.005397  -0.012697  0.623862  0.750786  0.217064  -0.774417  0.631257  0.042336  -0.105238  -0.194510  0.975239  -0.005179  0.003181  0.012669  0.000000  0.000000  0.000000  1.000000  
169.406933 0.009024  -0.005393  -0.012684  0.624021  0.750683  0.216964  -0.774289  0.631417  0.042304  -0.105238  -0.194391  0.975262  -0.005065  0.003420  0.012275  0.000000  0.000000  0.000000  1.000000  
169.407933 0.009019  -0.005389  -0.012676  0.624180  0.750553  0.216956  -0.774160  0.631572  0.042349  -0.105238  -0.194391  0.975262  -0.004985  0.003535  0.011861  0.000000  0.000000  0.000000  1.000000  
169.409184 0.009012  -0.005384  -0.012667  0.624340  0.750423  0.216947  -0.774032  0.631726  0.042393  -0.105238  -0.194391  0.975262  -0.005079  0.003598  0.011598  0.000000  0.000000  0.000000  1.000000  
169.410434 0.009005  -0.005380  -0.012657  0.624499  0.750319  0.216847  -0.773903  0.631886  0.042361  -0.105238  -0.194273  0.975286  -0.005162  0.003526  0.011896  0.000000  0.000000  0.000000  1.000000  
169.411684 0.008998  -0.005377  -0.012644  0.624658  0.750189  0.216838  -0.773774  0.632040  0.042406  -0.105238  -0.194273  0.975286  -0.005135  0.003495  0.012165  0.000000  0.000000  0.000000  1.000000  
169.412934 0.008990  -0.005373  -0.012626  0.624818  0.750085  0.216739  -0.773646  0.632200  0.042374  -0.105238  -0.194155  0.975310  -0.005155  0.003513  0.012436  0.000000  0.000000  0.000000  1.000000  
169.414184 0.008982  -0.005368  -0.012606  0.624968  0.749938  0.216812  -0.773506  0.632374  0.042317  -0.105371  -0.194152  0.975296  -0.005359  0.003467  0.012549  0.000000  0.000000  0.000000  1.000000  
169.415434 0.008975  -0.005364  -0.012588  0.625127  0.749834  0.216712  -0.773378  0.632534  0.042285  -0.105371  -0.194034  0.975319  -0.005579  0.003441  0.012342  0.000000  0.000000  0.000000  1.000000  
169.416683 0.008966  -0.005360  -0.012573  0.625286  0.749731  0.216613  -0.773249  0.632693  0.042253  -0.105371  -0.193916  0.975343  -0.005720  0.003374  0.011996  0.000000  0.000000  0.000000  1.000000  
169.417684 0.008960  -0.005357  -0.012563  0.625446  0.749627  0.216513  -0.773120  0.632853  0.042221  -0.105371  -0.193797  0.975366  -0.005770  0.003306  0.011564  0.000000  0.000000  0.000000  1.000000  
169.418690 0.008953  -0.005354  -0.012555  0.625605  0.749522  0.216413  -0.772991  0.633012  0.042188  -0.105371  -0.193679  0.975390  -0.005801  0.003300  0.011099  0.000000  0.000000  0.000000  1.000000  
169.419936 0.008945  -0.005349  -0.012543  0.625764  0.749418  0.216314  -0.772863  0.633172  0.042156  -0.105371  -0.193561  0.975413  -0.005931  0.003355  0.010825  0.000000  0.000000  0.000000  1.000000  
169.421186 0.008937  -0.005345  -0.012528  0.626073  0.749168  0.216288  -0.772594  0.633505  0.042067  -0.105504  -0.193440  0.975423  -0.006117  0.003359  0.010912  0.000000  0.000000  0.000000  1.000000  
169.422190 0.008930  -0.005341  -0.012514  0.626232  0.749090  0.216097  -0.772465  0.633670  0.041958  -0.105504  -0.193203  0.975470  -0.006212  0.003343  0.011222  0.000000  0.000000  0.000000  1.000000  
169.423431 0.008922  -0.005337  -0.012497  0.626541  0.748839  0.216071  -0.772196  0.634003  0.041868  -0.105637  -0.193082  0.975479  -0.006311  0.003295  0.011730  0.000000  0.000000  0.000000  1.000000  
169.424437 0.008915  -0.005335  -0.012482  0.626700  0.748734  0.215972  -0.772067  0.634163  0.041836  -0.105637  -0.192963  0.975503  -0.006424  0.003229  0.012283  0.000000  0.000000  0.000000  1.000000  
169.425438 0.008908  -0.005332  -0.012468  0.627009  0.748509  0.215855  -0.771798  0.634501  0.041670  -0.105770  -0.192724  0.975536  -0.006500  0.003176  0.012713  0.000000  0.000000  0.000000  1.000000  
169.426684 0.008900  -0.005328  -0.012450  0.627159  0.748388  0.215838  -0.771658  0.634680  0.041536  -0.105903  -0.192603  0.975545  -0.006506  0.003244  0.012961  0.000000  0.000000  0.000000  1.000000  
169.427933 0.008893  -0.005326  -0.012434  0.627468  0.748137  0.215813  -0.771389  0.635013  0.041446  -0.106036  -0.192482  0.975555  -0.006477  0.003144  0.012801  -0.049863  0.017025  -0.177501  1.000000  
169.429183 0.008886  -0.005323  -0.012420  0.627768  0.747895  0.215779  -0.771108  0.635371  0.041179  -0.106303  -0.192240  0.975573  -0.006386  0.003053  0.012420  -0.056473  0.010907  -0.192625  1.000000  
169.430433 0.008881  -0.005320  -0.012409  0.628076  0.747643  0.215754  -0.770839  0.635704  0.041089  -0.106436  -0.192119  0.975583  -0.006268  0.002935  0.011930  -0.059790  0.003472  -0.201054  1.000000  
169.431433 0.008876  -0.005317  -0.012401  0.628217  0.747506  0.215820  -0.770687  0.635903  0.040854  -0.106702  -0.191995  0.975578  -0.006141  0.002876  0.011628  -0.063636  -0.003999  -0.211329  1.000000  
169.432435 0.008870  -0.005316  -0.012393  0.628525  0.747254  0.215795  -0.770417  0.636235  0.040765  -0.106835  -0.191874  0.975587  -0.006067  0.002800  0.011511  -0.066407  -0.007029  -0.217125  1.000000  
169.433436 0.008864  -0.005314  -0.012381  0.628665  0.747117  0.215861  -0.770266  0.636434  0.040530  -0.107101  -0.191750  0.975583  -0.006029  0.002751  0.011725  -0.069668  -0.014465  -0.225466  1.000000  
169.434683 0.008858  -0.005310  -0.012363  0.628964  0.746875  0.215828  -0.769985  0.636791  0.040262  -0.107367  -0.191508  0.975601  -0.005898  0.002673  0.012163  -0.077009  -0.026294  -0.234749  1.000000  
169.435691 0.008853  -0.005307  -0.012345  0.629263  0.746606  0.215886  -0.769703  0.637143  0.040071  -0.107633  -0.191384  0.975596  -0.005747  0.002584  0.012560  -0.076869  -0.034025  -0.245146  1.000000  
169.436941 0.008848  -0.005303  -0.012323  0.629403  0.746495  0.215862  -0.769551  0.637346  0.039759  -0.107899  -0.191142  0.975614  -0.005602  0.002556  0.012987  -0.084242  -0.041538  -0.253598  1.000000  
169.438189 0.008841  -0.005299  -0.012301  0.629702  0.746226  0.215921  -0.769270  0.637698  0.039569  -0.108165  -0.191018  0.975609  -0.005445  0.002585  0.013217  -0.087623  -0.049084  -0.262308  1.000000  
169.439435 0.008835  -0.005294  -0.012283  0.629991  0.745994  0.215881  -0.768977  0.638078  0.039122  -0.108564  -0.190654  0.975636  -0.005346  0.002719  0.013248  -0.094942  -0.061028  -0.271516  1.000000  
169.440683 0.008829  -0.005289  -0.012267  0.630122  0.745866  0.215940  -0.768813  0.638301  0.038709  -0.108963  -0.190409  0.975639  -0.005148  0.002856  0.013080  -0.103048  -0.074301  -0.274121  1.000000  
169.441683 0.008825  -0.005284  -0.012255  0.630419  0.745597  0.215999  -0.768531  0.638652  0.038519  -0.109229  -0.190285  0.975633  -0.005025  0.002957  0.012999  -0.105464  -0.081132  -0.280251  1.000000  
169.442932 0.008820  -0.005278  -0.012238  0.630550  0.745470  0.216059  -0.768368  0.638873  0.038106  -0.109628  -0.190040  0.975636  -0.004848  0.003153  0.013050  -0.109459  -0.094316  -0.282828  1.000000  
169.443933 0.008816  -0.005274  -0.012225  0.630838  0.745185  0.216202  -0.768074  0.639244  0.037814  -0.110027  -0.189914  0.975616  -0.004788  0.003316  0.013212  -0.113639  -0.102623  -0.293675  1.000000  
169.444933 0.008811  -0.005270  -0.012211  0.630968  0.745031  0.216352  -0.767910  0.639461  0.037479  -0.110426  -0.189787  0.975596  -0.004829  0.003319  0.013451  -0.112835  -0.114567  -0.303002  1.000000  
169.445934 0.008806  -0.005267  -0.012195  0.631266  0.744761  0.216412  -0.767627  0.639811  0.037289  -0.110692  -0.189663  0.975590  -0.004810  0.003458  0.014134  -0.115167  -0.121073  -0.308899  1.000000  
169.447182 0.008799  -0.005263  -0.012175  0.631544  0.744486  0.216548  -0.767321  0.640205  0.036819  -0.111224  -0.189415  0.975577  -0.004838  0.003504  0.014711  -0.119135  -0.138637  -0.312308  1.000000  
169.448190 0.008793  -0.005260  -0.012158  0.631822  0.744184  0.216774  -0.767015  0.640594  0.036428  -0.111756  -0.189285  0.975542  -0.004796  0.003627  0.015133  -0.115230  -0.156186  -0.325109  1.000000  
169.449432 0.008787  -0.005255  -0.012137  0.632099  0.743882  0.217001  -0.766709  0.640983  0.036036  -0.112287  -0.189155  0.975506  -0.004761  0.003735  0.015318  -0.113468  -0.171153  -0.332567  1.000000  
169.450684 0.008781  -0.005250  -0.012118  0.632525  0.743432  0.217304  -0.766260  0.641544  0.035589  -0.112952  -0.189023  0.975455  -0.004818  0.003797  0.015167  -0.111851  -0.186081  -0.349358  1.000000  
169.451696 0.008776  -0.005246  -0.012105  0.632644  0.743262  0.217539  -0.766083  0.641780  0.035154  -0.113484  -0.188893  0.975418  -0.004863  0.003895  0.014736  -0.113406  -0.206563  -0.348788  1.000000  
169.452936 0.008769  -0.005240  -0.012090  0.633068  0.742838  0.217753  -0.765633  0.642344  0.034629  -0.114149  -0.188642  0.975389  -0.004884  0.004002  0.014374  -0.111785  -0.221700  -0.365744  1.000000  
169.453937 0.008763  -0.005236  -0.012078  0.633345  0.742562  0.217891  -0.765325  0.642736  0.034161  -0.114680  -0.188393  0.975375  -0.004913  0.004034  0.014110  -0.115808  -0.239486  -0.369243  1.000000  
169.455181 0.008757  -0.005229  -0.012063  0.633758  0.742121  0.218190  -0.764863  0.643319  0.033536  -0.115478  -0.188139  0.975330  -0.004945  0.004132  0.014086  -0.117212  -0.256814  -0.383741  1.000000  
169.456189 0.008751  -0.005224  -0.012047  0.634024  0.741802  0.218503  -0.764542  0.643726  0.033046  -0.116142  -0.188006  0.975277  -0.005092  0.004140  0.014317  -0.113957  -0.276631  -0.390247  1.000000  
169.457432 0.008744  -0.005217  -0.012025  0.634436  0.741361  0.218802  -0.764079  0.644308  0.032422  -0.116939  -0.187752  0.975230  -0.005220  0.004222  0.014712  -0.116158  -0.295048  -0.397980  1.000000  
169.458433 0.008737  -0.005212  -0.012005  0.634868  0.740952  0.218936  -0.763638  0.644851  0.032000  -0.117471  -0.187504  0.975214  -0.005377  0.004256  0.015090  -0.120318  -0.309515  -0.410564  1.000000  
169.459684 0.008728  -0.005207  -0.011981  0.635279  0.740511  0.219238  -0.763173  0.645431  0.031377  -0.118268  -0.187249  0.975167  -0.005587  0.004321  0.015561  -0.122653  -0.324618  -0.427412  1.000000  
169.460930 0.008720  -0.005201  -0.011959  0.635679  0.740053  0.219623  -0.762696  0.646031  0.030654  -0.119198  -0.186992  0.975103  -0.005761  0.004396  0.015747  -0.124724  -0.347002  -0.435620  1.000000  
169.462179 0.008711  -0.005194  -0.011938  0.636235  0.739462  0.220004  -0.762086  0.646782  0.029977  -0.120128  -0.186734  0.975038  -0.005853  0.004618  0.015811  -0.122981  -0.366505  -0.453271  1.000000  
169.463179 0.008704  -0.005189  -0.011923  0.636654  0.739009  0.220314  -0.761631  0.647338  0.029534  -0.120792  -0.186601  0.974982  -0.005942  0.004777  0.015641  -0.121211  -0.377014  -0.469032  1.000000  
169.464186 0.008697  -0.005184  -0.011909  0.637061  0.738566  0.220619  -0.761163  0.647916  0.028912  -0.121589  -0.186346  0.974931  -0.006088  0.004847  0.015486  -0.125280  -0.396550  -0.482958  1.000000  
169.465429 0.008689  -0.005178  -0.011892  0.637615  0.737974  0.221003  -0.760550  0.648665  0.028237  -0.122519  -0.186088  0.974864  -0.006221  0.004883  0.015355  -0.121765  -0.416122  -0.504426  1.000000  
169.466431 0.008681  -0.005173  -0.011880  0.638021  0.737531  0.221309  -0.760081  0.649241  0.027616  -0.123315  -0.185833  0.974813  -0.006386  0.004930  0.015203  -0.124728  -0.432221  -0.514136  1.000000  
169.467433 0.008674  -0.005168  -0.011867  0.638426  0.737088  0.221617  -0.759611  0.649818  0.026996  -0.124112  -0.185578  0.974760  -0.006577  0.004937  0.015299  -0.126947  -0.447235  -0.530782  1.000000  
169.468433 0.008666  -0.005163  -0.011853  0.638976  0.736494  0.222004  -0.758995  0.650564  0.026323  -0.125041  -0.185320  0.974690  -0.006719  0.005019  0.015452  -0.126126  -0.470585  -0.552834  1.000000  
169.469439 0.008658  -0.005158  -0.011837  0.639369  0.736034  0.222397  -0.758511  0.651157  0.025604  -0.125970  -0.185061  0.974620  -0.006835  0.005046  0.015707  -0.124187  -0.490041  -0.570247  1.000000  
169.470440 0.008650  -0.005152  -0.011820  0.639906  0.735424  0.222871  -0.757881  0.651921  0.024832  -0.127032  -0.184800  0.974532  -0.007054  0.005015  0.015874  -0.121385  -0.508339  -0.594541  1.000000  
169.471683 0.008640  -0.005147  -0.011798  0.640431  0.734798  0.223430  -0.757236  0.652702  0.023961  -0.128227  -0.184534  0.974425  -0.007249  0.004960  0.015941  -0.122456  -0.532412  -0.608856  1.000000  
169.472684 0.008632  -0.005142  -0.011781  0.640965  0.734214  0.223817  -0.756603  0.653466  0.023111  -0.129288  -0.184154  0.974357  -0.007390  0.004913  0.015819  -0.124704  -0.555243  -0.638206  1.000000  
169.473928 0.008621  -0.005137  -0.011763  0.641642  0.733479  0.224285  -0.755824  0.654398  0.022209  -0.130482  -0.183771  0.974270  -0.007507  0.004893  0.015486  -0.128890  -0.573349  -0.657972  1.000000  
169.474930 0.008612  -0.005131  -0.011750  0.642174  0.732867  0.224765  -0.755188  0.655157  0.021441  -0.131543  -0.183508  0.974177  -0.007602  0.004935  0.015089  -0.130038  -0.591507  -0.682053  1.000000  
169.476181 0.008602  -0.005123  -0.011734  0.642836  0.732142  0.225233  -0.754392  0.656108  0.020362  -0.132869  -0.183003  0.974092  -0.007695  0.005054  0.014663  -0.137061  -0.620631  -0.706023  1.000000  
169.477429 0.008592  -0.005116  -0.011718  0.643496  0.731390  0.225792  -0.753594  0.657055  0.019363  -0.134195  -0.182616  0.973983  -0.007869  0.005095  0.014413  -0.140981  -0.642487  -0.725865  1.000000  
169.478435 0.008584  -0.005110  -0.011703  0.644023  0.730804  0.226187  -0.752955  0.657812  0.018518  -0.135256  -0.182235  0.973908  -0.007930  0.005175  0.014402  -0.148107  -0.663075  -0.748497  1.000000  
169.479679 0.008572  -0.005104  -0.011684  0.644667  0.730062  0.226747  -0.752139  0.658776  0.017343  -0.136714  -0.181725  0.973799  -0.008137  0.005195  0.014551  -0.155845  -0.684719  -0.767980  1.000000  
169.480945 0.008561  -0.005095  -0.011664  0.645297  0.729303  0.227394  -0.751308  0.659756  0.016070  -0.138304  -0.181213  0.973670  -0.008258  0.005322  0.014867  -0.161863  -0.713116  -0.798996  1.000000  
169.482179 0.008548  -0.005088  -0.011644  0.645949  0.728576  0.227873  -0.750502  0.660698  0.014996  -0.139629  -0.180706  0.973575  -0.008459  0.005388  0.015108  -0.169550  -0.730452  -0.817699  1.000000  
169.483179 0.008538  -0.005083  -0.011628  0.646444  0.727957  0.228446  -0.749828  0.661486  0.013957  -0.140954  -0.180318  0.973456  -0.008596  0.005404  0.015217  -0.172047  -0.755550  -0.828849  1.000000  
169.484181 0.008529  -0.005078  -0.011614  0.646950  0.727354  0.228936  -0.749166  0.662254  0.013017  -0.142146  -0.179932  0.973354  -0.008757  0.005383  0.015197  -0.179169  -0.772765  -0.851469  1.000000  
169.485186 0.008519  -0.005073  -0.011599  0.647454  0.726778  0.229340  -0.748503  0.663023  0.011997  -0.143338  -0.179429  0.973273  -0.008860  0.005429  0.015015  -0.184852  -0.788103  -0.867795  1.000000  
169.486187 0.008509  -0.005067  -0.011588  0.647803  0.726311  0.229835  -0.747972  0.663639  0.011011  -0.144530  -0.179043  0.973167  -0.008990  0.005444  0.014586  -0.189972  -0.806939  -0.872102  1.000000  
169.487265 0.008499  -0.005061  -0.011577  0.648291  0.725719  0.230327  -0.747292  0.664422  0.009895  -0.145854  -0.178536  0.973063  -0.009074  0.005494  0.014061  -0.197487  -0.828116  -0.886581  1.000000  
169.488437 0.008487  -0.005055  -0.011565  0.648893  0.724943  0.231075  -0.746431  0.665408  0.008532  -0.147574  -0.178018  0.972898  -0.009221  0.005635  0.013599  -0.204320  -0.860296  -0.901023  1.000000  
169.489682 0.008475  -0.005049  -0.011554  0.649645  0.724058  0.231737  -0.745435  0.666540  0.007137  -0.149294  -0.177382  0.972752  -0.009304  0.005595  0.013282  -0.210298  -0.888173  -0.927381  1.000000  
169.490934 0.008463  -0.005042  -0.011540  0.650227  0.723294  0.232490  -0.744554  0.667539  0.005599  -0.151146  -0.176741  0.972583  -0.009455  0.005497  0.013176  -0.222185  -0.921068  -0.946075  1.000000  
169.492184 0.008451  -0.005036  -0.011523  0.650819  0.722545  0.233159  -0.743685  0.668517  0.004160  -0.152865  -0.176104  0.972430  -0.009533  0.005450  0.013228  -0.232473  -0.946865  -0.957333  1.000000  
169.493432 0.008439  -0.005029  -0.011505  0.651394  0.721781  0.233918  -0.742798  0.669510  0.002625  -0.154716  -0.175464  0.972253  -0.009641  0.005381  0.013185  -0.241720  -0.975778  -0.976053  1.000000  
169.494679 0.008427  -0.005022  -0.011487  0.652118  0.720908  0.234592  -0.741774  0.670649  0.001058  -0.156567  -0.174704  0.972093  -0.009721  0.005390  0.013072  -0.255020  -1.004822  -0.994732  1.000000  
169.495679 0.008417  -0.005016  -0.011473  0.652729  0.720161  0.235187  -0.740929  0.671584  -0.000100  -0.158020  -0.174192  0.971950  -0.009756  0.005358  0.012951  -0.261293  -1.026064  -1.005063  1.000000  
169.496929 0.008404  -0.005010  -0.011458  0.653280  0.719410  0.235955  -0.740017  0.672586  -0.001810  -0.160002  -0.173428  0.971762  -0.009761  0.005309  0.012584  -0.275414  -1.056425  -1.016965  1.000000  
169.498180 0.008392  -0.005003  -0.011446  0.653994  0.718536  0.236640  -0.738984  0.673715  -0.003371  -0.161850  -0.172668  0.971592  -0.009781  0.005336  0.012099  -0.285241  -1.079458  -1.034251  1.000000  
169.499429 0.008379  -0.004996  -0.011433  0.654689  0.717646  0.237416  -0.737931  0.674858  -0.005029  -0.163830  -0.171904  0.971395  -0.009783  0.005342  0.011722  -0.294139  -1.104234  -1.051955  1.000000  
169.500486 0.008369  -0.004991  -0.011424  0.655287  0.716956  0.237849  -0.737076  0.675781  -0.006344  -0.165282  -0.171155  0.971281  -0.009742  0.005319  0.011465  -0.311151  -1.120590  -1.059519  1.000000  
169.501692 0.008357  -0.004985  -0.011411  0.655960  0.716051  0.238719  -0.736000  0.676933  -0.008095  -0.167393  -0.170387  0.971055  -0.009830  0.005265  0.011452  -0.320460  -1.147440  -1.079027  1.000000  
169.502938 0.008344  -0.004979  -0.011398  0.656644  0.715161  0.239506  -0.734937  0.678065  -0.009747  -0.169371  -0.169622  0.970846  -0.009844  0.005280  0.011505  -0.330137  -1.168666  -1.088665  1.000000  
169.504191 0.008332  -0.004974  -0.011383  0.657277  0.714226  0.240558  -0.733819  0.679244  -0.011687  -0.171745  -0.168845  0.970564  -0.009814  0.005185  0.011734  -0.339700  -1.207709  -1.101566  1.000000  
169.505436 0.008320  -0.004968  -0.011368  0.658102  0.713225  0.241271  -0.732613  0.680514  -0.013367  -0.173721  -0.167961  0.970366  -0.009860  0.005103  0.011841  -0.352438  -1.228139  -1.118098  1.000000  
169.506681 0.008308  -0.004963  -0.011354  0.658756  0.712349  0.242072  -0.731522  0.681649  -0.015191  -0.175829  -0.167074  0.970139  -0.009916  0.004968  0.011759  -0.362111  -1.254460  -1.128724  1.000000  
169.507932 0.008295  -0.004958  -0.011342  0.659422  0.711488  0.242791  -0.730444  0.682763  -0.016916  -0.177805  -0.166190  0.969931  -0.009903  0.004896  0.011296  -0.372267  -1.277892  -1.139881  1.000000  
169.509179 0.008283  -0.004954  -0.011332  0.660200  0.710487  0.243606  -0.729192  0.684050  -0.018865  -0.180042  -0.165181  0.969691  -0.009879  0.004775  0.010823  -0.388153  -1.297939  -1.154256  1.000000  
169.510179 0.008273  -0.004950  -0.011325  0.660922  0.709656  0.244072  -0.728178  0.685092  -0.020120  -0.181490  -0.164430  0.969548  -0.009918  0.004631  0.010317  -0.396952  -1.305263  -1.168489  1.000000  
169.511179 0.008263  -0.004946  -0.011319  0.661458  0.708966  0.244625  -0.727263  0.686016  -0.021698  -0.183200  -0.163554  0.969375  -0.009925  0.004515  0.009893  -0.410585  -1.322147  -1.177051  1.000000  
169.512186 0.008253  -0.004942  -0.011313  0.662140  0.708105  0.245272  -0.726209  0.687084  -0.023142  -0.184910  -0.162796  0.969178  -0.009930  0.004366  0.009579  -0.419436  -1.341295  -1.193833  1.000000  
169.513429 0.008240  -0.004938  -0.011303  0.662934  0.707162  0.245846  -0.724979  0.688318  -0.024975  -0.186882  -0.161676  0.968987  -0.009994  0.004241  0.009339  -0.431927  -1.358028  -1.209280  1.000000  
169.514679 0.008226  -0.004933  -0.011291  0.663706  0.706175  0.246598  -0.723726  0.689566  -0.026819  -0.188984  -0.160670  0.968747  -0.010027  0.004082  0.009361  -0.444140  -1.374325  -1.224550  1.000000  
169.515929 0.008213  -0.004929  -0.011278  0.664604  0.705062  0.247364  -0.722314  0.690966  -0.028788  -0.191218  -0.159542  0.968495  -0.010138  0.003978  0.009360  -0.457359  -1.393452  -1.252821  1.000000  
169.517183 0.008199  -0.004924  -0.011264  0.665348  0.704091  0.248131  -0.721034  0.692215  -0.030806  -0.193450  -0.158414  0.968237  -0.010212  0.003869  0.009380  -0.470453  -1.417803  -1.271663  1.000000  
169.518438 0.008186  -0.004920  -0.011252  0.666086  0.703120  0.248903  -0.719749  0.693458  -0.032821  -0.195681  -0.157286  0.967972  -0.010228  0.003778  0.009303  -0.486022  -1.430356  -1.284847  1.000000  
169.519447 0.008175  -0.004916  -0.011243  0.666576  0.702448  0.249488  -0.718793  0.694364  -0.034568  -0.197517  -0.156288  0.967761  -0.010260  0.003757  0.009053  -0.500392  -1.448228  -1.285825  1.000000  
169.520688 0.008162  -0.004912  -0.011235  0.667303  0.701478  0.250270  -0.717501  0.695596  -0.036579  -0.199747  -0.155160  0.967485  -0.010366  0.003677  0.008602  -0.512325  -1.460910  -1.300401  1.000000  
169.521934 0.008149  -0.004908  -0.011228  0.668191  0.700379  0.250979  -0.716087  0.696952  -0.038442  -0.201844  -0.154036  0.967229  -0.010414  0.003669  0.008200  -0.522999  -1.472133  -1.321383  1.000000  
169.523183 0.008134  -0.004904  -0.011221  0.669054  0.699266  0.251782  -0.714648  0.698316  -0.040396  -0.204071  -0.152908  0.966941  -0.010558  0.003565  0.007881  -0.533368  -1.483163  -1.342093  1.000000  
169.524185 0.008123  -0.004901  -0.011217  0.669692  0.698466  0.252304  -0.713561  0.699333  -0.041990  -0.205774  -0.151914  0.966736  -0.010665  0.003487  0.007641  -0.542518  -1.491750  -1.348583  1.000000  
169.525433 0.008109  -0.004897  -0.011210  0.670563  0.697367  0.253031  -0.712135  0.700672  -0.043846  -0.207868  -0.150790  0.966464  -0.010773  0.003472  0.007584  -0.554156  -1.499698  -1.361935  1.000000  
169.526679 0.008095  -0.004894  -0.011203  0.671262  0.696430  0.253758  -0.710823  0.701870  -0.045931  -0.210092  -0.149545  0.966177  -0.010896  0.003343  0.007593  -0.565617  -1.507906  -1.375107  1.000000  
169.527929 0.008079  -0.004891  -0.011194  0.672121  0.695362  0.254412  -0.709388  0.703191  -0.047867  -0.212185  -0.148305  0.965911  -0.011060  0.003269  0.007534  -0.577115  -1.515987  -1.388141  1.000000  
169.529179 0.008064  -0.004887  -0.011185  0.672954  0.694311  0.255078  -0.707928  0.704514  -0.049980  -0.214407  -0.146943  0.965628  -0.011178  0.003206  0.007352  -0.592465  -1.524141  -1.400983  1.000000  
169.530180 0.008051  -0.004884  -0.011179  0.673715  0.693398  0.255551  -0.706687  0.705643  -0.051598  -0.216106  -0.145833  0.965418  -0.011322  0.003152  0.007068  -0.602255  -1.531394  -1.411437  1.000000  
169.531432 0.008036  -0.004879  -0.011173  0.674537  0.692349  0.256230  -0.705219  0.706952  -0.053707  -0.218326  -0.144471  0.965123  -0.011451  0.003167  0.006589  -0.615629  -1.536517  -1.426702  1.000000  
169.532435 0.008023  -0.004876  -0.011169  0.675143  0.691582  0.256703  -0.704110  0.707928  -0.055374  -0.220023  -0.143362  0.964903  -0.011596  0.003134  0.006137  -0.629045  -1.539158  -1.436152  1.000000  
169.533764 0.008008  -0.004871  -0.011164  0.675953  0.690564  0.257310  -0.702635  0.709218  -0.057565  -0.222241  -0.141884  0.964613  -0.011622  0.003147  0.005658  -0.645724  -1.535869  -1.439173  1.000000  
169.534930 0.007992  -0.004867  -0.011159  0.676633  0.689675  0.257906  -0.701316  0.710352  -0.059628  -0.224328  -0.140528  0.964328  -0.011853  0.003173  0.005377  -0.661433  -1.539997  -1.444743  1.000000  
169.535934 0.007979  -0.004862  -0.011155  0.677350  0.688750  0.258496  -0.700037  0.711468  -0.061331  -0.226153  -0.139414  0.964063  -0.012009  0.003255  0.005168  -0.671279  -1.548546  -1.460550  1.000000  
169.536935 0.007965  -0.004858  -0.011149  0.678104  0.687883  0.258828  -0.698799  0.712545  -0.062933  -0.227717  -0.138193  0.963871  -0.012230  0.003296  0.005205  -0.682664  -1.543223  -1.471091  1.000000  
169.538186 0.007949  -0.004853  -0.011141  0.678891  0.686868  0.259460  -0.697308  0.713808  -0.065116  -0.229931  -0.136717  0.963556  -0.012423  0.003437  0.005404  -0.698958  -1.548428  -1.476180  1.000000  
169.539189 0.007935  -0.004849  -0.011133  0.679615  0.685956  0.259976  -0.696042  0.714894  -0.066722  -0.231624  -0.135609  0.963307  -0.012577  0.003469  0.005572  -0.702117  -1.547808  -1.487583  1.000000  
169.540431 0.007916  -0.004844  -0.011124  0.680346  0.684917  0.260802  -0.694499  0.716170  -0.069085  -0.234096  -0.134125  0.962917  -0.012856  0.003535  0.005720  -0.715496  -1.570466  -1.492343  1.000000  
169.541440 0.007902  -0.004839  -0.011117  0.680917  0.684154  0.261314  -0.693366  0.717105  -0.070740  -0.235787  -0.133018  0.962658  -0.013046  0.003704  0.005814  -0.724236  -1.572133  -1.493198  1.000000  
169.542679 0.007884  -0.004834  -0.011110  0.681582  0.683346  0.261694  -0.692046  0.718166  -0.072872  -0.237736  -0.131435  0.962396  -0.013218  0.003880  0.005724  -0.742391  -1.574682  -1.491202  1.000000  
169.543930 0.007866  -0.004827  -0.011104  0.682362  0.682347  0.262268  -0.690559  0.719382  -0.074953  -0.239815  -0.129966  0.962080  -0.013450  0.004063  0.005499  -0.751951  -1.576630  -1.488590  1.000000  
169.545179 0.007848  -0.004820  -0.011100  0.683135  0.681349  0.262849  -0.689068  0.720591  -0.077033  -0.241893  -0.128497  0.961757  -0.013578  0.004241  0.005273  -0.764082  -1.573187  -1.492205  1.000000  
169.546432 0.007829  -0.004814  -0.011095  0.683807  0.680556  0.263157  -0.687760  0.721619  -0.079069  -0.243710  -0.126921  0.961507  -0.013798  0.004371  0.005176  -0.777623  -1.557255  -1.486679  1.000000  
169.547679 0.007811  -0.004808  -0.011090  0.684615  0.679615  0.263487  -0.686308  0.722781  -0.081050  -0.245526  -0.125345  0.961252  -0.014005  0.004461  0.005188  -0.784671  -1.547879  -1.492501  1.000000  
169.548679 0.007795  -0.004803  -0.011085  0.685183  0.678932  0.263773  -0.685183  0.723652  -0.082781  -0.247083  -0.124012  0.961026  -0.014256  0.004581  0.005314  -0.798867  -1.545396  -1.489923  1.000000  
169.549929 0.007776  -0.004796  -0.011076  0.685840  0.678141  0.264097  -0.683866  0.724661  -0.084815  -0.248897  -0.122438  0.960760  -0.014384  0.004710  0.005535  -0.812625  -1.534562  -1.485688  1.000000  
169.550929 0.007761  -0.004791  -0.011068  0.686424  0.677439  0.264383  -0.682760  0.725521  -0.086365  -0.250322  -0.121226  0.960543  -0.014567  0.004770  0.005810  -0.818435  -1.522654  -1.481296  1.000000  
169.551938 0.007745  -0.004785  -0.011060  0.686981  0.676758  0.264681  -0.681627  0.726377  -0.088094  -0.251877  -0.119895  0.960304  -0.014740  0.004910  0.005903  -0.833921  -1.516512  -1.474359  1.000000  
169.553188 0.007726  -0.004777  -0.011050  0.687742  0.675841  0.265048  -0.680138  0.727508  -0.090249  -0.253818  -0.118202  0.960002  -0.014925  0.005040  0.006049  -0.849924  -1.512900  -1.477335  1.000000  
169.554235 0.007710  -0.004771  -0.011042  0.688266  0.675150  0.265447  -0.678977  0.728364  -0.092065  -0.255500  -0.116867  0.959720  -0.014973  0.005126  0.006037  -0.858705  -1.512448  -1.472914  1.000000  
169.555436 0.007689  -0.004764  -0.011033  0.688901  0.674364  0.265798  -0.677648  0.729342  -0.094093  -0.257311  -0.115296  0.959426  -0.015145  0.005341  0.006040  -0.875457  -1.508891  -1.464721  1.000000  
169.556443 0.007673  -0.004758  -0.011027  0.689442  0.673686  0.266115  -0.676506  0.730177  -0.095818  -0.258862  -0.113967  0.959167  -0.015282  0.005427  0.006019  -0.885359  -1.501469  -1.460982  1.000000  
169.557451 0.007657  -0.004751  -0.011021  0.689979  0.673009  0.266436  -0.675362  0.731007  -0.097542  -0.260413  -0.112639  0.958904  -0.015339  0.005623  0.005972  -0.896869  -1.499223  -1.451053  1.000000  
169.558683 0.007637  -0.004742  -0.011013  0.690601  0.672258  0.266720  -0.674025  0.731956  -0.099655  -0.262221  -0.110954  0.958608  -0.015508  0.005787  0.006205  -0.908730  -1.489945  -1.440585  1.000000  
169.559931 0.007616  -0.004734  -0.011003  0.691332  0.671346  0.267122  -0.672519  0.733045  -0.101802  -0.264157  -0.109266  0.958270  -0.015704  0.005861  0.006537  -0.918497  -1.487899  -1.437251  1.000000  
169.561181 0.007595  -0.004726  -0.010992  0.691944  0.670597  0.267419  -0.671176  0.733979  -0.103913  -0.265963  -0.107583  0.957961  -0.015832  0.005989  0.007029  -0.929948  -1.477802  -1.426095  1.000000  
169.562433 0.007575  -0.004718  -0.010980  0.692689  0.669731  0.267661  -0.669688  0.735031  -0.106056  -0.267768  -0.105785  0.957658  -0.015984  0.006150  0.007467  -0.940931  -1.470359  -1.425341  1.000000  
169.563462 0.007558  -0.004711  -0.010971  0.693257  0.669111  0.267740  -0.668583  0.735800  -0.107686  -0.269057  -0.104352  0.957454  -0.016083  0.006209  0.007753  -0.951603  -1.457781  -1.419648  1.000000  
169.564683 0.007536  -0.004703  -0.010959  0.694130  0.668062  0.268098  -0.666947  0.736988  -0.109684  -0.270861  -0.102672  0.957127  -0.016268  0.006317  0.007965  -0.956210  -1.446728  -1.426395  1.000000  
169.565933 0.007515  -0.004695  -0.010949  0.694723  0.667350  0.268337  -0.665593  0.737881  -0.111880  -0.272664  -0.100877  0.956806  -0.016410  0.006406  0.007945  -0.970359  -1.437040  -1.412069  1.000000  
169.567183 0.007493  -0.004686  -0.010940  0.695448  0.666487  0.268604  -0.664094  0.738903  -0.114020  -0.274465  -0.099083  0.956479  -0.016558  0.006473  0.007795  -0.980012  -1.430544  -1.407959  1.000000  
169.568186 0.007476  -0.004680  -0.010934  0.696111  0.665707  0.268819  -0.662812  0.739796  -0.115680  -0.275880  -0.097650  0.956219  -0.016670  0.006479  0.007687  -0.989398  -1.423803  -1.400901  1.000000  
169.569193 0.007458  -0.004674  -0.010927  0.696634  0.665049  0.269095  -0.661672  0.740561  -0.117305  -0.277295  -0.096333  0.955943  -0.016859  0.006523  0.007661  -0.995382  -1.416330  -1.397285  1.000000  
169.570434 0.007435  -0.004666  -0.010919  0.697371  0.664165  0.269367  -0.660191  0.741569  -0.119264  -0.278965  -0.094662  0.955624  -0.016957  0.006533  0.007595  -1.001070  -1.392017  -1.391362  1.000000  
169.571435 0.007417  -0.004659  -0.010912  0.697887  0.663540  0.269571  -0.659046  0.742309  -0.120978  -0.280378  -0.093231  0.955351  -0.017102  0.006554  0.007709  -1.009829  -1.386212  -1.385336  1.000000  
169.572452 0.007398  -0.004652  -0.010902  0.698427  0.662925  0.269686  -0.657926  0.743036  -0.122603  -0.281663  -0.091804  0.955112  -0.017302  0.006562  0.007996  -1.013044  -1.377177  -1.383765  1.000000  
169.573681 0.007374  -0.004644  -0.010890  0.699123  0.662067  0.269987  -0.656412  0.744019  -0.124736  -0.283459  -0.090017  0.954750  -0.017519  0.006488  0.008194  -1.023584  -1.371602  -1.380850  1.000000  
169.574936 0.007351  -0.004636  -0.010877  0.699870  0.661261  0.270028  -0.654948  0.744962  -0.126785  -0.284999  -0.088122  0.954469  -0.017677  0.006523  0.008400  -1.037429  -1.355896  -1.375634  1.000000  
169.576185 0.007328  -0.004628  -0.010865  0.700585  0.660447  0.270169  -0.653456  0.745906  -0.128920  -0.286666  -0.086224  0.954143  -0.017852  0.006517  0.008433  -1.045738  -1.353319  -1.378932  1.000000  
169.577431 0.007304  -0.004620  -0.010854  0.701322  0.659642  0.270223  -0.651987  0.746834  -0.130967  -0.288203  -0.084332  0.953848  -0.018064  0.006495  0.008399  -1.055905  -1.346944  -1.375067  1.000000  
169.578433 0.007285  -0.004613  -0.010846  0.701843  0.659030  0.270362  -0.650857  0.747533  -0.132589  -0.289484  -0.082910  0.953585  -0.018213  0.006569  0.008289  -1.058117  -1.339883  -1.371633  1.000000  
169.579679 0.007261  -0.004605  -0.010837  0.702601  0.658234  0.270333  -0.649410  0.748440  -0.134549  -0.290893  -0.081023  0.953319  -0.018346  0.006545  0.008097  -1.066583  -1.328414  -1.374092  1.000000  
169.580929 0.007237  -0.004597  -0.010829  0.703325  0.657431  0.270404  -0.647935  0.749348  -0.136595  -0.292429  -0.079134  0.953008  -0.018490  0.006511  0.008022  -1.076347  -1.322605  -1.373645  1.000000  
169.581929 0.007218  -0.004591  -0.010823  0.703836  0.656822  0.270556  -0.646800  0.750031  -0.138215  -0.293708  -0.077715  0.952731  -0.018631  0.006476  0.007946  -1.078875  -1.316055  -1.370744  1.000000  
169.583179 0.007193  -0.004584  -0.010813  0.704419  0.656142  0.270689  -0.645466  0.750807  -0.140225  -0.295242  -0.075944  0.952399  -0.018840  0.006438  0.008061  -1.082588  -1.305878  -1.359876  1.000000  
169.584185 0.007173  -0.004578  -0.010806  0.704923  0.655567  0.270769  -0.644328  0.751462  -0.141935  -0.296520  -0.074411  0.952123  -0.018967  0.006382  0.008091  -1.090310  -1.296387  -1.357986  1.000000  
169.585524 0.007148  -0.004571  -0.010795  0.705660  0.654741  0.270847  -0.642872  0.752354  -0.143801  -0.297926  -0.072645  0.951821  -0.019048  0.006267  0.008240  -1.089892  -1.277663  -1.350655  1.000000  
169.586685 0.007122  -0.004564  -0.010784  0.706260  0.654071  0.270901  -0.641559  0.753105  -0.145723  -0.299330  -0.070881  0.951513  -0.019305  0.006199  0.008345  -1.095448  -1.268355  -1.354713  1.000000  
169.587934 0.007097  -0.004557  -0.010773  0.706959  0.653305  0.270926  -0.640071  0.753954  -0.147857  -0.300862  -0.068883  0.951177  -0.019439  0.006152  0.008215  -1.104964  -1.261513  -1.350267  1.000000  
169.588936 0.007077  -0.004551  -0.010766  0.707480  0.652740  0.270930  -0.638954  0.754582  -0.149480  -0.302010  -0.067358  0.950922  -0.019473  0.006134  0.007972  -1.113626  -1.247373  -1.349177  1.000000  
169.590180 0.007052  -0.004544  -0.010758  0.708200  0.651950  0.270951  -0.637490  0.755429  -0.151436  -0.303413  -0.065482  0.950607  -0.019628  0.006036  0.007659  -1.119017  -1.233840  -1.348340  1.000000  
169.591191 0.007032  -0.004538  -0.010752  0.708745  0.651392  0.270868  -0.636397  0.756041  -0.152973  -0.304432  -0.063961  0.950384  -0.019743  0.005982  0.007522  -1.122068  -1.224896  -1.341317  1.000000  
169.592437 0.007007  -0.004530  -0.010744  0.709457  0.650603  0.270899  -0.634930  0.756876  -0.154928  -0.305834  -0.062087  0.950058  -0.019737  0.005980  0.007308  -1.124161  -1.214103  -1.337298  1.000000  
