1-Time 2-Px 3-Py 4-Pz 5-R11 6-R21 7-R31 8-R12 9-R22 10-R32 11-R13 12-R23 13-R33 14-Vx 15-Vy 16-Vz 17-Wx 18-Wy 19-Wz 20-state
37.451446 0.014102  -0.014368  -0.041821  0.367703  0.617116  0.695674  -0.913947  0.377970  0.147783  -0.171745  -0.690149  0.702992  -0.000024  -0.000042  0.000151  0.000000  0.000000  0.000000  1.000000  
37.452561 0.014102  -0.014368  -0.041820  0.367703  0.617116  0.695674  -0.913947  0.377970  0.147783  -0.171745  -0.690149  0.702992  -0.000100  0.000086  0.001157  0.000000  0.000000  0.000000  1.000000  
37.453782 0.014102  -0.014370  -0.041783  0.367694  0.617082  0.695709  -0.913925  0.378056  0.147696  -0.171876  -0.690133  0.702976  -0.000196  -0.001055  0.018689  0.000000  0.000000  0.000000  1.000000  
37.454789 0.014101  -0.014372  -0.041734  0.367694  0.617082  0.695709  -0.913925  0.378056  0.147696  -0.171876  -0.690133  0.702976  -0.000390  -0.001335  0.028799  0.000000  0.000000  0.000000  1.000000  
37.455795 0.014100  -0.014370  -0.041695  0.367694  0.617166  0.695634  -0.913925  0.378074  0.147650  -0.171876  -0.690048  0.703060  -0.000628  -0.000574  0.031416  0.000000  0.000000  0.000000  1.000000  
37.456817 0.014097  -0.014365  -0.041668  0.367882  0.617088  0.695604  -0.913850  0.378201  0.147794  -0.171876  -0.690048  0.703060  -0.000985  0.000534  0.030294  0.000000  0.000000  0.000000  1.000000  
37.458050 0.014091  -0.014355  -0.041649  0.367882  0.617173  0.695529  -0.913850  0.378219  0.147748  -0.171876  -0.689962  0.703143  -0.001760  0.002009  0.027361  0.000000  0.000000  0.000000  1.000000  
37.459278 0.014079  -0.014344  -0.041632  0.367686  0.617301  0.695519  -0.913904  0.378195  0.147471  -0.172008  -0.689861  0.703210  -0.003054  0.003185  0.025223  0.000000  0.000000  0.000000  1.000000  
37.460294 0.014069  -0.014336  -0.041618  0.367686  0.617301  0.695519  -0.913904  0.378195  0.147471  -0.172008  -0.689861  0.703210  -0.003931  0.003753  0.023792  0.000000  0.000000  0.000000  1.000000  
37.461546 0.014059  -0.014325  -0.041596  0.367686  0.617301  0.695519  -0.913904  0.378195  0.147471  -0.172008  -0.689861  0.703210  -0.004393  0.004351  0.023051  0.000000  0.000000  0.000000  1.000000  
37.462794 0.014053  -0.014318  -0.041566  0.367498  0.617294  0.695625  -0.913980  0.378051  0.147374  -0.172008  -0.689946  0.703127  -0.004447  0.004569  0.023115  0.000000  0.000000  0.000000  1.000000  
37.463795 0.014047  -0.014313  -0.041538  0.367498  0.617294  0.695625  -0.913980  0.378051  0.147374  -0.172008  -0.689946  0.703127  -0.004564  0.004584  0.023573  0.000000  0.000000  0.000000  1.000000  
37.465140 0.014036  -0.014307  -0.041500  0.367489  0.617091  0.695809  -0.913958  0.378100  0.147378  -0.172140  -0.690101  0.702943  -0.004945  0.004535  0.023972  0.000000  0.000000  0.000000  1.000000  
37.466279 0.014023  -0.014301  -0.041458  0.367104  0.617043  0.696055  -0.914088  0.377896  0.147096  -0.172272  -0.690255  0.702759  -0.005464  0.004627  0.025008  0.000000  0.000000  0.000000  1.000000  
37.467528 0.014009  -0.014297  -0.041405  0.367095  0.616840  0.696240  -0.914067  0.377946  0.147101  -0.172404  -0.690409  0.702575  -0.006183  0.004725  0.027742  0.000000  0.000000  0.000000  1.000000  
37.468528 0.014001  -0.014295  -0.041356  0.366899  0.616714  0.696454  -0.914121  0.377869  0.146962  -0.172535  -0.690564  0.702391  -0.006731  0.005028  0.029164  0.000000  0.000000  0.000000  1.000000  
37.469779 0.013994  -0.014290  -0.041298  0.366890  0.616511  0.696639  -0.914099  0.377920  0.146966  -0.172667  -0.690718  0.702207  -0.007109  0.005491  0.029119  0.000000  0.000000  0.000000  1.000000  
37.471029 0.013988  -0.014278  -0.041256  0.366890  0.616342  0.696789  -0.914099  0.377884  0.147058  -0.172667  -0.690888  0.702040  -0.007438  0.006034  0.028735  0.000000  0.000000  0.000000  1.000000  
37.472046 0.013979  -0.014266  -0.041232  0.366890  0.616257  0.696863  -0.914099  0.377866  0.147104  -0.172667  -0.690973  0.701956  -0.007880  0.006478  0.028942  0.000000  0.000000  0.000000  1.000000  
37.473279 0.013961  -0.014250  -0.041202  0.366881  0.616223  0.696898  -0.914078  0.377952  0.147017  -0.172799  -0.690957  0.701939  -0.008541  0.006836  0.029882  0.000000  0.000000  0.000000  1.000000  
37.474553 0.013942  -0.014234  -0.041158  0.367061  0.616026  0.696978  -0.913981  0.378147  0.147119  -0.172931  -0.691026  0.701839  -0.008928  0.007152  0.031676  0.000000  0.000000  0.000000  1.000000  
37.475780 0.013930  -0.014221  -0.041093  0.367241  0.615998  0.696908  -0.913884  0.378377  0.147129  -0.173063  -0.690925  0.701906  -0.008975  0.007373  0.034511  0.000000  0.000000  0.000000  1.000000  
37.476786 0.013923  -0.014210  -0.041028  0.367241  0.615998  0.696908  -0.913884  0.378377  0.147129  -0.173063  -0.690925  0.701906  -0.009005  0.007545  0.037541  0.000000  0.000000  0.000000  1.000000  
37.478039 0.013915  -0.014199  -0.040939  0.367429  0.615920  0.696877  -0.913808  0.378504  0.147273  -0.173063  -0.690925  0.701906  -0.009098  0.007836  0.041341  0.000000  0.000000  0.000000  1.000000  
37.479289 0.013902  -0.014188  -0.040855  0.367617  0.615927  0.696772  -0.913733  0.378649  0.147370  -0.173063  -0.690839  0.701990  -0.009414  0.008238  0.044749  0.000000  0.000000  0.000000  1.000000  
37.480538 0.013885  -0.014172  -0.040788  0.367805  0.615849  0.696742  -0.913657  0.378775  0.147514  -0.173063  -0.690839  0.701990  -0.009684  0.008868  0.046641  0.000000  0.000000  0.000000  1.000000  
37.481781 0.013868  -0.014153  -0.040739  0.367993  0.615856  0.696637  -0.913581  0.378920  0.147611  -0.173063  -0.690754  0.702074  -0.009925  0.009835  0.046685  0.000000  0.000000  0.000000  1.000000  
37.482784 0.013855  -0.014139  -0.040704  0.368181  0.615778  0.696607  -0.913505  0.379047  0.147755  -0.173063  -0.690754  0.702074  -0.010146  0.010666  0.045838  0.000000  0.000000  0.000000  1.000000  
37.484029 0.013840  -0.014123  -0.040657  0.368369  0.615699  0.696576  -0.913430  0.379174  0.147898  -0.173063  -0.690754  0.702074  -0.010571  0.011521  0.044892  0.000000  0.000000  0.000000  1.000000  
37.485279 0.013828  -0.014110  -0.040605  0.368549  0.615671  0.696506  -0.913332  0.379404  0.147908  -0.173194  -0.690653  0.702141  -0.010922  0.011746  0.044903  0.000000  0.000000  0.000000  1.000000  
37.486529 0.013813  -0.014098  -0.040551  0.368737  0.615509  0.696550  -0.913256  0.379513  0.148098  -0.173194  -0.690738  0.702057  -0.011447  0.011642  0.046593  0.000000  0.000000  0.000000  1.000000  
37.487529 0.013799  -0.014089  -0.040507  0.368925  0.615431  0.696520  -0.913180  0.379639  0.148241  -0.173194  -0.690738  0.702057  -0.011636  0.011373  0.047630  0.000000  0.000000  0.000000  1.000000  
37.488779 0.013776  -0.014078  -0.040444  0.369300  0.615274  0.696459  -0.913028  0.379893  0.148528  -0.173194  -0.690738  0.702057  -0.011835  0.011041  0.049565  0.000000  0.000000  0.000000  1.000000  
37.489783 0.013758  -0.014071  -0.040389  0.369488  0.615196  0.696428  -0.912952  0.380020  0.148671  -0.173194  -0.690738  0.702057  -0.012098  0.010711  0.050463  0.000000  0.000000  0.000000  1.000000  
37.491030 0.013737  -0.014063  -0.040315  0.369864  0.615039  0.696367  -0.912800  0.380273  0.148958  -0.173194  -0.690738  0.702057  -0.012731  0.010370  0.050910  0.000000  0.000000  0.000000  1.000000  
37.492279 0.013721  -0.014053  -0.040241  0.370240  0.615052  0.696156  -0.912648  0.380562  0.149152  -0.173194  -0.690568  0.702225  -0.013315  0.010238  0.050135  0.000000  0.000000  0.000000  1.000000  
37.493298 0.013708  -0.014042  -0.040187  0.370428  0.615142  0.695976  -0.912572  0.380725  0.149203  -0.173194  -0.690397  0.702392  -0.013728  0.010330  0.048587  0.000000  0.000000  0.000000  1.000000  
37.494535 0.013690  -0.014025  -0.040129  0.370992  0.615160  0.695660  -0.912343  0.381159  0.149495  -0.173194  -0.690142  0.702644  -0.013928  0.010625  0.047308  0.000000  0.000000  0.000000  1.000000  
37.495535 0.013674  -0.014009  -0.040088  0.371367  0.615256  0.695375  -0.912190  0.381467  0.149642  -0.173194  -0.689886  0.702895  -0.014107  0.010880  0.046721  0.000000  0.000000  0.000000  1.000000  
37.496783 0.013651  -0.013988  -0.040035  0.372118  0.615279  0.694953  -0.911884  0.382046  0.150029  -0.173194  -0.689545  0.703229  -0.014499  0.010974  0.047138  -0.000332  0.109634  -0.150219  1.000000  
37.497788 0.013634  -0.013972  -0.039985  0.372494  0.615375  0.694667  -0.911730  0.382354  0.150176  -0.173194  -0.689289  0.703480  -0.014755  0.011101  0.048182  -0.017111  0.127131  -0.161639  1.000000  
37.498796 0.013619  -0.013959  -0.039922  0.372869  0.615554  0.694307  -0.911577  0.382681  0.150277  -0.173194  -0.688948  0.703815  -0.014949  0.011087  0.049826  -0.039163  0.136612  -0.171327  1.000000  
37.500029 0.013604  -0.013946  -0.039832  0.373432  0.615654  0.693915  -0.911346  0.383134  0.150520  -0.173194  -0.688606  0.704149  -0.015170  0.011080  0.052407  -0.059548  0.152927  -0.181382  1.000000  
37.501033 0.013593  -0.013937  -0.039757  0.373986  0.615719  0.693559  -0.911094  0.383672  0.150675  -0.173326  -0.688248  0.704466  -0.015158  0.011098  0.054532  -0.076818  0.165261  -0.200656  1.000000  
37.502034 0.013578  -0.013927  -0.039686  0.374352  0.615863  0.693234  -0.910919  0.384084  0.150687  -0.173458  -0.687890  0.704783  -0.015289  0.011076  0.056410  -0.094046  0.170205  -0.211890  1.000000  
37.503279 0.013555  -0.013915  -0.039608  0.374727  0.616125  0.692799  -0.910764  0.384429  0.150739  -0.173458  -0.687462  0.705201  -0.015315  0.011214  0.057575  -0.115034  0.181160  -0.217370  1.000000  
37.504529 0.013531  -0.013902  -0.039542  0.375281  0.616188  0.692442  -0.910511  0.384968  0.150893  -0.173590  -0.687104  0.705517  -0.015420  0.011393  0.057476  -0.129734  0.192282  -0.228258  1.000000  
37.505531 0.013514  -0.013891  -0.039495  0.375647  0.616330  0.692117  -0.910335  0.385380  0.150904  -0.173721  -0.686745  0.705834  -0.015354  0.011727  0.056598  -0.141706  0.198428  -0.234908  1.000000  
37.506785 0.013498  -0.013878  -0.039437  0.376200  0.616477  0.691686  -0.910082  0.385937  0.151010  -0.173853  -0.686301  0.706234  -0.015307  0.011957  0.055493  -0.157155  0.207697  -0.250630  1.000000  
37.508030 0.013484  -0.013865  -0.039370  0.376753  0.616623  0.691255  -0.909828  0.386494  0.151116  -0.173985  -0.685856  0.706633  -0.015201  0.012021  0.055450  -0.175016  0.213936  -0.263547  1.000000  
37.509032 0.013471  -0.013854  -0.039311  0.377119  0.616763  0.690930  -0.909651  0.386906  0.151125  -0.174117  -0.685497  0.706949  -0.015168  0.011961  0.056337  -0.185884  0.215328  -0.271489  1.000000  
37.510035 0.013458  -0.013845  -0.039243  0.377484  0.616904  0.690605  -0.909474  0.387318  0.151134  -0.174248  -0.685138  0.707265  -0.014963  0.011484  0.057673  -0.202506  0.218585  -0.281804  1.000000  
37.511037 0.013443  -0.013836  -0.039174  0.377850  0.617044  0.690279  -0.909297  0.387730  0.151143  -0.174380  -0.684778  0.707580  -0.014787  0.011011  0.059576  -0.214159  0.220706  -0.290766  1.000000  
37.512284 0.013425  -0.013823  -0.039084  0.378402  0.617355  0.689698  -0.909042  0.388324  0.151152  -0.174512  -0.684161  0.708145  -0.014391  0.010364  0.061979  -0.236467  0.229073  -0.305236  1.000000  
37.513288 0.013414  -0.013811  -0.039007  0.378955  0.617498  0.689267  -0.908786  0.388882  0.151255  -0.174644  -0.683715  0.708543  -0.014161  0.010232  0.063177  -0.256339  0.237128  -0.320681  1.000000  
37.514623 0.013401  -0.013796  -0.038907  0.379685  0.617776  0.688616  -0.908431  0.389706  0.151270  -0.174907  -0.682995  0.709172  -0.013924  0.010255  0.063560  -0.281549  0.242506  -0.332714  1.000000  
37.515786 0.013387  -0.013780  -0.038811  0.380424  0.618171  0.687854  -0.908096  0.390464  0.151323  -0.175039  -0.682204  0.709901  -0.013949  0.010641  0.064128  -0.315424  0.254059  -0.351614  1.000000  
37.517029 0.013370  -0.013761  -0.038723  0.381154  0.618529  0.687127  -0.907740  0.391307  0.151287  -0.175302  -0.681396  0.710611  -0.013869  0.011052  0.064193  -0.349657  0.259552  -0.369639  1.000000  
37.518029 0.013355  -0.013745  -0.038660  0.381705  0.618918  0.686470  -0.907482  0.391920  0.151244  -0.175434  -0.680690  0.711255  -0.013679  0.011555  0.064152  -0.382767  0.267810  -0.385778  1.000000  
37.519031 0.013340  -0.013726  -0.038598  0.382434  0.619273  0.685744  -0.907124  0.392763  0.151205  -0.175697  -0.679881  0.711964  -0.013278  0.012128  0.064809  -0.412369  0.273104  -0.403520  1.000000  
37.520282 0.013320  -0.013703  -0.038517  0.383162  0.619710  0.684942  -0.906766  0.393624  0.151117  -0.175961  -0.678984  0.712754  -0.013271  0.012874  0.066447  -0.454021  0.278096  -0.423019  1.000000  
37.521529 0.013304  -0.013683  -0.038424  0.384077  0.620147  0.684034  -0.906328  0.394631  0.151120  -0.176224  -0.678000  0.713625  -0.013156  0.013168  0.068380  -0.491249  0.285610  -0.444299  1.000000  
37.522531 0.013291  -0.013669  -0.038341  0.384814  0.620450  0.683345  -0.905989  0.395371  0.151211  -0.176356  -0.677291  0.714265  -0.013277  0.013459  0.070743  -0.512158  0.294049  -0.458725  1.000000  
37.523782 0.013275  -0.013653  -0.038230  0.385719  0.620764  0.682549  -0.905527  0.396444  0.151170  -0.176751  -0.676376  0.715035  -0.013315  0.013654  0.073245  -0.536490  0.297959  -0.482590  1.000000  
37.525029 0.013257  -0.013636  -0.038127  0.386632  0.621112  0.681715  -0.905086  0.397433  0.151215  -0.177015  -0.675475  0.715820  -0.013379  0.013944  0.074487  -0.562292  0.300500  -0.498715  1.000000  
37.526035 0.013241  -0.013622  -0.038053  0.387359  0.621375  0.681063  -0.904724  0.398257  0.151214  -0.177278  -0.674748  0.716441  -0.013485  0.014245  0.074756  -0.581288  0.298437  -0.510009  1.000000  
37.527053 0.013225  -0.013606  -0.037987  0.388085  0.621718  0.680336  -0.904361  0.399100  0.151163  -0.177541  -0.673933  0.717143  -0.013598  0.014651  0.074268  -0.604637  0.298444  -0.525118  1.000000  
37.528287 0.013204  -0.013585  -0.037909  0.389183  0.622061  0.679395  -0.903838  0.400235  0.151293  -0.177805  -0.672943  0.718006  -0.014031  0.015043  0.073158  -0.624442  0.310418  -0.551540  1.000000  
37.529534 0.013183  -0.013564  -0.037832  0.390280  0.622482  0.678378  -0.903312  0.401389  0.151371  -0.178068  -0.671865  0.718950  -0.014619  0.015564  0.072117  -0.653380  0.317522  -0.572865  1.000000  
37.530535 0.013166  -0.013548  -0.037764  0.391377  0.622737  0.677512  -0.902786  0.402507  0.151544  -0.178331  -0.670960  0.719730  -0.014912  0.015693  0.071061  -0.674111  0.327901  -0.591048  1.000000  
37.531781 0.013146  -0.013527  -0.037673  0.392658  0.623152  0.676388  -0.902177  0.403808  0.151708  -0.178595  -0.669791  0.720752  -0.015197  0.015883  0.071191  -0.701850  0.342838  -0.614335  1.000000  
37.533032 0.013123  -0.013504  -0.037577  0.393753  0.623728  0.675219  -0.901648  0.405000  0.151679  -0.178858  -0.668534  0.721853  -0.015477  0.015966  0.072380  -0.733405  0.354287  -0.640520  1.000000  
37.534280 0.013097  -0.013480  -0.037475  0.395033  0.624218  0.674019  -0.901035  0.406321  0.151785  -0.179121  -0.667275  0.722952  -0.015874  0.016036  0.074059  -0.769200  0.369078  -0.663800  1.000000  
37.535282 0.013077  -0.013459  -0.037391  0.396126  0.624624  0.673000  -0.900503  0.407477  0.151847  -0.179384  -0.666189  0.723888  -0.016252  0.016220  0.075089  -0.795921  0.386797  -0.688733  1.000000  
37.536284 0.013057  -0.013438  -0.037306  0.397229  0.625226  0.671790  -0.899991  0.408588  0.151896  -0.179516  -0.664943  0.725000  -0.016733  0.016595  0.075735  -0.832433  0.401763  -0.707136  1.000000  
37.537530 0.013033  -0.013410  -0.037198  0.398506  0.625866  0.670436  -0.899374  0.409947  0.151891  -0.179779  -0.663502  0.726254  -0.017200  0.017274  0.076164  -0.872374  0.416322  -0.730673  1.000000  
37.538780 0.013008  -0.013380  -0.037097  0.399967  0.626580  0.668897  -0.898672  0.411472  0.151920  -0.180042  -0.661882  0.727665  -0.017824  0.018201  0.075593  -0.919144  0.435350  -0.759189  1.000000  
37.539803 0.012986  -0.013355  -0.037022  0.401067  0.627170  0.667685  -0.898155  0.412585  0.151957  -0.180174  -0.660629  0.728770  -0.018350  0.019043  0.074755  -0.954240  0.452828  -0.778996  1.000000  
37.541031 0.012958  -0.013323  -0.036936  0.402710  0.627869  0.666037  -0.897367  0.414259  0.152061  -0.180437  -0.658916  0.730255  -0.018864  0.019965  0.074484  -0.999020  0.477354  -0.811342  1.000000  
37.542280 0.012928  -0.013292  -0.036852  0.404168  0.628566  0.664495  -0.896658  0.415786  0.152072  -0.180700  -0.657288  0.731656  -0.019502  0.020705  0.074590  -1.037113  0.495813  -0.839711  1.000000  
37.543292 0.012904  -0.013268  -0.036781  0.405450  0.629218  0.663096  -0.896053  0.417068  0.152132  -0.180832  -0.655850  0.732912  -0.020052  0.021232  0.075484  -1.078236  0.515787  -0.859028  1.000000  
37.544535 0.012874  -0.013241  -0.036684  0.406905  0.629903  0.661552  -0.895340  0.418597  0.152131  -0.181095  -0.654216  0.734306  -0.020691  0.021630  0.076661  -1.115008  0.531594  -0.883205  1.000000  
37.545536 0.012850  -0.013221  -0.036598  0.408185  0.630385  0.660303  -0.894730  0.419843  0.152282  -0.181227  -0.652952  0.735398  -0.021211  0.021838  0.077860  -1.135019  0.547235  -0.901120  1.000000  
37.546539 0.012826  -0.013202  -0.036510  0.409648  0.630856  0.658945  -0.894035  0.421238  0.152514  -0.181358  -0.651597  0.736567  -0.021650  0.022030  0.078784  -1.163529  0.568751  -0.929182  1.000000  
37.547888 0.012796  -0.013176  -0.036403  0.411283  0.631518  0.657291  -0.893230  0.422917  0.152581  -0.181622  -0.649866  0.738030  -0.021989  0.022062  0.078984  -1.189770  0.588137  -0.952039  1.000000  
37.549034 0.012764  -0.013149  -0.036304  0.412917  0.632253  0.655558  -0.892422  0.424616  0.152590  -0.181885  -0.648041  0.739568  -0.022606  0.022452  0.079391  -1.225302  0.606709  -0.976482  1.000000  
37.550280 0.012730  -0.013119  -0.036213  0.414549  0.632980  0.653824  -0.891612  0.426315  0.152591  -0.182148  -0.646213  0.741101  -0.023110  0.022686  0.078549  -1.256297  0.627450  -0.999566  1.000000  
37.551529 0.012697  -0.013088  -0.036122  0.416363  0.633849  0.651826  -0.890712  0.428202  0.152563  -0.182411  -0.644111  0.742864  -0.023772  0.022948  0.077306  -1.302105  0.648670  -1.029287  1.000000  
37.552530 0.012670  -0.013062  -0.036048  0.417819  0.634527  0.650233  -0.890003  0.429657  0.152609  -0.182542  -0.642472  0.744250  -0.024209  0.023184  0.076678  -1.333630  0.664505  -1.046806  1.000000  
37.553530 0.012643  -0.013036  -0.035971  0.419447  0.635232  0.648495  -0.889183  0.431359  0.152587  -0.182806  -0.640633  0.745769  -0.024763  0.023304  0.076289  -1.380275  0.689728  -1.074033  1.000000  
37.554780 0.012608  -0.013002  -0.035870  0.421438  0.636064  0.646384  -0.888187  0.433397  0.152614  -0.183069  -0.638427  0.747594  -0.025230  0.023560  0.076906  -1.429375  0.714688  -1.105688  1.000000  
37.555803 0.012579  -0.012975  -0.035784  0.423062  0.636830  0.644566  -0.887360  0.435119  0.152523  -0.183332  -0.636489  0.749180  -0.025652  0.023511  0.077991  -1.474856  0.734940  -1.131562  1.000000  
37.557033 0.012540  -0.012941  -0.035672  0.425049  0.637721  0.642375  -0.886355  0.437178  0.152477  -0.183595  -0.634183  0.751070  -0.026276  0.023750  0.079996  -1.520181  0.758880  -1.160384  1.000000  
37.558034 0.012508  -0.012915  -0.035579  0.426670  0.638470  0.640554  -0.885522  0.438902  0.152368  -0.183858  -0.632236  0.752645  -0.026794  0.023937  0.081509  -1.562314  0.774134  -1.181116  1.000000  
37.559280 0.012468  -0.012883  -0.035461  0.428652  0.639339  0.638360  -0.884509  0.440962  0.152301  -0.184121  -0.629919  0.754521  -0.027506  0.024225  0.082924  -1.612498  0.793955  -1.208186  1.000000  
37.560288 0.012436  -0.012858  -0.035367  0.430269  0.640148  0.636459  -0.883669  0.442705  0.152121  -0.184384  -0.627872  0.756161  -0.028044  0.024666  0.083396  -1.659474  0.806811  -1.229935  1.000000  
37.561288 0.012405  -0.012832  -0.035278  0.431884  0.641025  0.634479  -0.882826  0.444467  0.151879  -0.184647  -0.625728  0.757872  -0.028478  0.024995  0.083598  -1.706922  0.818776  -1.254791  1.000000  
37.562537 0.012365  -0.012799  -0.035175  0.434042  0.641925  0.632092  -0.881712  0.446699  0.151802  -0.184910  -0.623212  0.759879  -0.029385  0.025734  0.083849  -1.753197  0.837967  -1.282409  1.000000  
37.563789 0.012324  -0.012767  -0.035078  0.436196  0.642887  0.629626  -0.880593  0.448951  0.151656  -0.185173  -0.620596  0.761953  -0.029834  0.025866  0.083072  -1.803523  0.856943  -1.310177  1.000000  
37.565031 0.012281  -0.012735  -0.034983  0.438337  0.643723  0.627281  -0.879446  0.451259  0.151461  -0.185567  -0.618050  0.763923  -0.030437  0.026048  0.083406  -1.845961  0.875989  -1.338375  1.000000  
37.566038 0.012246  -0.012711  -0.034902  0.440136  0.644426  0.625296  -0.878519  0.453063  0.151452  -0.185699  -0.615994  0.765550  -0.030998  0.025924  0.083947  -1.872991  0.890639  -1.360682  1.000000  
37.567280 0.012203  -0.012683  -0.034793  0.442452  0.645295  0.622761  -0.877272  0.455542  0.151249  -0.186093  -0.613251  0.767654  -0.031652  0.025689  0.085070  -1.913103  0.907209  -1.390605  1.000000  
37.568530 0.012160  -0.012657  -0.034678  0.444595  0.646279  0.620209  -0.876132  0.457815  0.150994  -0.186356  -0.610516  0.769767  -0.032238  0.025256  0.086281  -1.957390  0.923677  -1.420452  1.000000  
37.569780 0.012116  -0.012632  -0.034561  0.446916  0.647228  0.617545  -0.874894  0.460240  0.150797  -0.186619  -0.607680  0.771945  -0.032893  0.024700  0.087313  -1.998170  0.940011  -1.451118  1.000000  
37.570780 0.012079  -0.012610  -0.034468  0.448693  0.648000  0.615444  -0.873928  0.462156  0.150539  -0.186882  -0.605399  0.773671  -0.033377  0.024381  0.087850  -2.028849  0.948874  -1.467713  1.000000  
37.571782 0.012041  -0.012589  -0.034378  0.450648  0.648665  0.613310  -0.872865  0.464206  0.150398  -0.187145  -0.603114  0.775391  -0.033826  0.023983  0.087752  -2.059723  0.959221  -1.493397  1.000000  
37.572802 0.012001  -0.012566  -0.034293  0.452601  0.649320  0.611176  -0.871798  0.466257  0.150245  -0.187408  -0.600823  0.777104  -0.034320  0.023643  0.087074  -2.092478  0.976065  -1.523627  1.000000  
37.574033 0.011953  -0.012537  -0.034187  0.454741  0.650569  0.608252  -0.870655  0.468534  0.149788  -0.187539  -0.597692  0.779482  -0.034876  0.023459  0.086320  -2.141975  0.985369  -1.540256  1.000000  
37.575282 0.011906  -0.012506  -0.034081  0.456688  0.651934  0.605325  -0.869578  0.470766  0.149041  -0.187802  -0.594442  0.781901  -0.035376  0.023430  0.085801  -2.202549  0.993400  -1.559067  1.000000  
37.576316 0.011868  -0.012482  -0.033995  0.458466  0.652904  0.602930  -0.868614  0.472667  0.148647  -0.187933  -0.591863  0.783823  -0.035768  0.023219  0.085419  -2.255026  0.996336  -1.573143  1.000000  
37.577536 0.011821  -0.012454  -0.033882  0.460956  0.653909  0.599936  -0.867267  0.475215  0.148390  -0.188065  -0.588706  0.786166  -0.036312  0.023022  0.086216  -2.315323  1.020690  -1.606759  1.000000  
37.578541 0.011782  -0.012432  -0.033788  0.462728  0.654852  0.597537  -0.866294  0.477116  0.147970  -0.188196  -0.586113  0.788070  -0.036725  0.022687  0.087464  -2.347657  1.025616  -1.619426  1.000000  
37.579591 0.011741  -0.012412  -0.033692  0.464689  0.655722  0.595057  -0.865244  0.479085  0.147755  -0.188196  -0.583529  0.789985  -0.037116  0.022372  0.088589  -2.383983  1.039245  -1.629333  1.000000  
37.580782 0.011691  -0.012389  -0.033568  0.467169  0.656749  0.591975  -0.863878  0.481653  0.147391  -0.188328  -0.580251  0.792364  -0.037596  0.021837  0.090276  -2.430731  1.060422  -1.659770  1.000000  
37.582072 0.011641  -0.012369  -0.033445  0.469479  0.657820  0.588950  -0.862625  0.484002  0.147039  -0.188328  -0.577075  0.794681  -0.037965  0.021209  0.091186  -2.463974  1.073003  -1.671436  1.000000  
37.583281 0.011592  -0.012352  -0.033324  0.471786  0.658802  0.586002  -0.861366  0.486334  0.146728  -0.188328  -0.573986  0.796915  -0.038489  0.020669  0.091845  -2.497199  1.084276  -1.682517  1.000000  
37.584530 0.011540  -0.012338  -0.033210  0.474279  0.659632  0.583049  -0.860024  0.488718  0.146673  -0.188196  -0.571000  0.799088  -0.038993  0.019912  0.091544  -2.521836  1.101890  -1.693948  1.000000  
37.585780 0.011488  -0.012325  -0.033103  0.476579  0.660507  0.580174  -0.858752  0.491036  0.146388  -0.188196  -0.567991  0.801229  -0.039418  0.019014  0.090940  -2.537899  1.111873  -1.700444  1.000000  
37.587030 0.011433  -0.012314  -0.032999  0.479064  0.661302  0.577215  -0.857397  0.493425  0.146299  -0.188065  -0.564989  0.803380  -0.040178  0.017962  0.091254  -2.556415  1.128267  -1.710864  1.000000  
37.588030 0.011388  -0.012307  -0.032913  0.480841  0.662068  0.574855  -0.856430  0.495164  0.146079  -0.187933  -0.562564  0.805110  -0.040210  0.016895  0.090567  -2.571192  1.138211  -1.711215  1.000000  
37.589033 0.011345  -0.012300  -0.032824  0.482603  0.662786  0.572546  -0.855439  0.496970  0.145756  -0.187933  -0.560120  0.806812  -0.040575  0.015626  0.091027  -2.593165  1.145249  -1.717733  1.000000  
37.590280 0.011291  -0.012294  -0.032703  0.484740  0.663639  0.569747  -0.854288  0.498991  0.145604  -0.187670  -0.557307  0.808819  -0.040997  0.014131  0.091867  -2.597049  1.157337  -1.712983  1.000000  
37.591529 0.011235  -0.012290  -0.032576  0.486861  0.664508  0.566917  -0.853109  0.501096  0.145282  -0.187539  -0.554375  0.810862  -0.041631  0.012464  0.093169  -2.603411  1.169516  -1.711565  1.000000  
37.592530 0.011190  -0.012287  -0.032472  0.488453  0.665262  0.564659  -0.852228  0.502687  0.144964  -0.187408  -0.552026  0.812494  -0.042081  0.011148  0.094004  -2.612903  1.167900  -1.704160  1.000000  
37.593537 0.011143  -0.012283  -0.032369  0.490219  0.666039  0.562207  -0.851242  0.504450  0.144630  -0.187276  -0.549475  0.814251  -0.042631  0.009941  0.094580  -2.628642  1.174559  -1.703004  1.000000  
37.594785 0.011082  -0.012279  -0.032244  0.492158  0.667107  0.559239  -0.850151  0.506456  0.144032  -0.187145  -0.546324  0.816399  -0.043308  0.008546  0.094899  -2.649544  1.178658  -1.690696  1.000000  
37.595787 0.011032  -0.012275  -0.032145  0.493920  0.667859  0.556783  -0.849158  0.508221  0.143676  -0.187013  -0.543761  0.818138  -0.044030  0.007432  0.094808  -2.666312  1.181197  -1.689108  1.000000  
37.597036 0.010969  -0.012272  -0.032021  0.496042  0.668830  0.553724  -0.847978  0.510303  0.143260  -0.186750  -0.540608  0.820285  -0.044914  0.006522  0.095120  -2.679005  1.188813  -1.674296  1.000000  
37.598281 0.010905  -0.012270  -0.031896  0.497986  0.669888  0.550690  -0.846896  0.512250  0.142716  -0.186488  -0.537448  0.822419  -0.045825  0.005476  0.095170  -2.693043  1.193455  -1.662972  1.000000  
37.599286 0.010851  -0.012270  -0.031795  0.499741  0.670601  0.548227  -0.845890  0.514017  0.142323  -0.186356  -0.534865  0.824130  -0.046719  0.004621  0.095943  -2.700540  1.199131  -1.658391  1.000000  
37.600530 0.010782  -0.012271  -0.031665  0.501668  0.671659  0.545163  -0.844778  0.516044  0.141595  -0.186225  -0.531575  0.826286  -0.047851  0.003639  0.097506  -2.714935  1.194633  -1.641313  1.000000  
37.601780 0.010709  -0.012275  -0.031531  0.503766  0.672594  0.542067  -0.843557  0.518209  0.140963  -0.186093  -0.528277  0.828428  -0.049041  0.002661  0.099483  -2.728294  1.195423  -1.632674  1.000000  
37.603030 0.010636  -0.012280  -0.031393  0.506048  0.673309  0.539046  -0.842249  0.520419  0.140647  -0.185830  -0.525185  0.830450  -0.050151  0.001793  0.101363  -2.728321  1.203904  -1.626945  1.000000  
37.604280 0.010562  -0.012287  -0.031254  0.508140  0.674078  0.536108  -0.841017  0.522551  0.140110  -0.185699  -0.522072  0.832440  -0.051735  0.000801  0.103648  -2.720555  1.208757  -1.624224  1.000000  
37.605314 0.010503  -0.012293  -0.031142  0.509896  0.674695  0.533660  -0.840012  0.524244  0.139815  -0.185436  -0.519571  0.834062  -0.052544  0.000073  0.103896  -2.708352  1.218660  -1.626573  1.000000  
37.606530 0.010428  -0.012300  -0.031005  0.511810  0.675607  0.530665  -0.838876  0.526255  0.139076  -0.185304  -0.516343  0.836093  -0.053950  -0.000729  0.104772  -2.706202  1.211898  -1.614932  1.000000  
37.607786 0.010351  -0.012307  -0.030873  0.513907  0.676494  0.527499  -0.837651  0.528364  0.138464  -0.185041  -0.513018  0.838196  -0.055271  -0.001490  0.105015  -2.704634  1.210302  -1.603164  1.000000  
37.609031 0.010273  -0.012314  -0.030743  0.516160  0.677091  0.524526  -0.836294  0.530636  0.137976  -0.184910  -0.509875  0.840140  -0.056416  -0.002181  0.105074  -2.698941  1.213626  -1.606061  1.000000  
37.610037 0.010210  -0.012319  -0.030640  0.517906  0.677655  0.522069  -0.835272  0.532333  0.137633  -0.184647  -0.507351  0.841725  -0.057431  -0.002878  0.105349  -2.688000  1.211994  -1.599212  1.000000  
37.611285 0.010130  -0.012326  -0.030507  0.519994  0.678366  0.519062  -0.834032  0.534410  0.137105  -0.184384  -0.504208  0.843669  -0.058449  -0.003449  0.105927  -2.685179  1.210660  -1.586804  1.000000  
37.612286 0.010067  -0.012332  -0.030394  0.521895  0.678948  0.516387  -0.832873  0.536354  0.136555  -0.184252  -0.501352  0.845398  -0.059413  -0.004155  0.106930  -2.688494  1.206183  -1.583426  1.000000  
37.613534 0.009987  -0.012340  -0.030246  0.524161  0.679926  0.512792  -0.831535  0.538614  0.135808  -0.183858  -0.497590  0.847703  -0.060462  -0.004782  0.108471  -2.713935  1.207446  -1.583841  1.000000  
37.614789 0.009906  -0.012346  -0.030092  0.526595  0.680646  0.509331  -0.830084  0.540982  0.135277  -0.183463  -0.494024  0.849872  -0.061278  -0.005136  0.110111  -2.728364  1.215729  -1.586563  1.000000  
37.615803 0.009839  -0.012351  -0.029968  0.528684  0.681138  0.506502  -0.828842  0.542956  0.134979  -0.183069  -0.491171  0.851608  -0.061880  -0.005341  0.111250  -2.738473  1.225145  -1.588273  1.000000  
37.617036 0.009755  -0.012357  -0.029815  0.531123  0.681854  0.502974  -0.827397  0.545272  0.134508  -0.182542  -0.487600  0.853771  -0.062749  -0.005498  0.112632  -2.755394  1.234434  -1.592513  1.000000  
37.618285 0.009673  -0.012361  -0.029665  0.533729  0.682495  0.499333  -0.825835  0.547746  0.134054  -0.182016  -0.483915  0.855977  -0.063295  -0.005384  0.113352  -2.774117  1.246796  -1.602106  1.000000  
37.619285 0.009607  -0.012365  -0.029546  0.535977  0.682823  0.496469  -0.824465  0.549866  0.133812  -0.181622  -0.481041  0.857679  -0.063748  -0.005221  0.113773  -2.787681  1.264308  -1.626288  1.000000  
37.620287 0.009541  -0.012368  -0.029428  0.538052  0.683249  0.493631  -0.823199  0.551846  0.133452  -0.181227  -0.478161  0.859371  -0.064203  -0.005061  0.114485  -2.799734  1.273407  -1.635109  1.000000  
37.621535 0.009458  -0.012372  -0.029280  0.540489  0.683799  0.490195  -0.821746  0.554083  0.133138  -0.180569  -0.474775  0.861384  -0.064736  -0.004767  0.115023  -2.810724  1.289908  -1.642559  1.000000  
37.622785 0.009373  -0.012376  -0.029130  0.542922  0.684387  0.486673  -0.820285  0.556338  0.132738  -0.179911  -0.471277  0.863441  -0.065195  -0.004539  0.116174  -2.822335  1.306460  -1.650675  1.000000  
37.623795 0.009304  -0.012380  -0.029009  0.545013  0.684891  0.483617  -0.819042  0.558234  0.132458  -0.179253  -0.468294  0.865199  -0.065630  -0.004464  0.117495  -2.830329  1.326410  -1.662587  1.000000  
37.625035 0.009217  -0.012386  -0.028855  0.547633  0.685451  0.479849  -0.817494  0.560549  0.132245  -0.178331  -0.464696  0.867327  -0.066225  -0.004448  0.119027  -2.840781  1.349911  -1.674576  1.000000  
37.626303 0.009128  -0.012392  -0.028698  0.550429  0.685791  0.476150  -0.815843  0.562925  0.132343  -0.177278  -0.461309  0.869348  -0.066772  -0.004427  0.120519  -2.839052  1.383412  -1.686224  1.000000  
37.627536 0.009039  -0.012398  -0.028539  0.553052  0.686223  0.472473  -0.814296  0.565166  0.132321  -0.176224  -0.457914  0.871355  -0.067534  -0.004309  0.121735  -2.842124  1.411149  -1.696606  1.000000  
37.628541 0.008966  -0.012402  -0.028412  0.555155  0.686608  0.469439  -0.813063  0.566942  0.132306  -0.175302  -0.455134  0.872996  -0.068113  -0.004181  0.122200  -2.843516  1.439358  -1.705298  1.000000  
37.629785 0.008874  -0.012404  -0.028254  0.557782  0.687203  0.465436  -0.811519  0.569190  0.132137  -0.174117  -0.451414  0.875162  -0.068798  -0.003864  0.122576  -2.850931  1.472591  -1.714396  1.000000  
37.631035 0.008779  -0.012404  -0.028100  0.560571  0.687711  0.461317  -0.809849  0.571602  0.131972  -0.172931  -0.447576  0.877366  -0.069560  -0.003441  0.122517  -2.866320  1.507405  -1.725657  1.000000  
37.632037 0.008702  -0.012404  -0.027978  0.562842  0.688068  0.458008  -0.808497  0.573515  0.131960  -0.171876  -0.444571  0.879099  -0.070228  -0.003085  0.122507  -2.878818  1.542604  -1.738820  1.000000  
37.633285 0.008607  -0.012400  -0.027824  0.565660  0.688518  0.453841  -0.806864  0.575760  0.132181  -0.170294  -0.440958  0.881224  -0.071129  -0.002574  0.122817  -2.893518  1.589011  -1.738914  1.000000  
37.634536 0.008509  -0.012396  -0.027663  0.568140  0.689288  0.449554  -0.805452  0.577762  0.132053  -0.168712  -0.437119  0.883438  -0.072239  -0.001992  0.123688  -2.917606  1.627906  -1.735770  1.000000  
37.635788 0.008408  -0.012391  -0.027496  0.570781  0.689858  0.445314  -0.803914  0.579897  0.132067  -0.167129  -0.433375  0.885581  -0.073460  -0.001451  0.124932  -2.928198  1.669999  -1.738998  1.000000  
37.637036 0.008305  -0.012386  -0.027324  0.573429  0.690382  0.441082  -0.802383  0.581978  0.132225  -0.165414  -0.429738  0.887673  -0.074627  -0.000853  0.126413  -2.937938  1.723656  -1.744266  1.000000  
37.638037 0.008221  -0.012382  -0.027184  0.575538  0.690768  0.437717  -0.801143  0.583668  0.132298  -0.164094  -0.426816  0.889326  -0.075778  -0.000297  0.127897  -2.945613  1.760291  -1.742985  1.000000  
37.639287 0.008114  -0.012377  -0.027009  0.578175  0.691296  0.433385  -0.799592  0.585780  0.132346  -0.162378  -0.423050  0.891438  -0.077144  0.000384  0.129352  -2.969834  1.803424  -1.738878  1.000000  
37.640288 0.008027  -0.012373  -0.026871  0.580289  0.691729  0.429855  -0.798353  0.587452  0.132412  -0.160926  -0.420013  0.893136  -0.078289  0.001021  0.130271  -2.988603  1.847354  -1.741911  1.000000  
37.641534 0.007917  -0.012367  -0.026702  0.582928  0.692241  0.425437  -0.796799  0.589534  0.132516  -0.159077  -0.416236  0.895233  -0.079720  0.001897  0.131032  -3.002268  1.897622  -1.740104  1.000000  
37.642534 0.007829  -0.012362  -0.026568  0.584882  0.692788  0.421851  -0.795682  0.591032  0.132559  -0.157492  -0.413190  0.896923  -0.080680  0.002441  0.131435  -3.003522  1.928425  -1.723193  1.000000  
37.643546 0.007740  -0.012357  -0.026435  0.586995  0.693094  0.418398  -0.794437  0.592646  0.132819  -0.155906  -0.410355  0.898500  -0.081839  0.003122  0.131709  -2.991024  1.960723  -1.716759  1.000000  
37.644785 0.007628  -0.012350  -0.026267  0.589631  0.693516  0.413969  -0.792870  0.594692  0.133034  -0.153923  -0.406665  0.900517  -0.083165  0.003720  0.132599  -2.994304  2.003250  -1.708923  1.000000  
37.645785 0.007537  -0.012345  -0.026131  0.591735  0.693883  0.410335  -0.791608  0.596353  0.133118  -0.152336  -0.403595  0.902167  -0.084212  0.004054  0.133455  -3.002188  2.034243  -1.698776  1.000000  
37.647036 0.007425  -0.012337  -0.025958  0.594197  0.694378  0.405917  -0.790142  0.598274  0.133208  -0.150353  -0.399884  0.904150  -0.085189  0.004444  0.134672  -3.003444  2.069818  -1.684732  1.000000  
37.648037 0.007335  -0.012330  -0.025816  0.596130  0.694779  0.402382  -0.788986  0.599788  0.133249  -0.148765  -0.396908  0.905723  -0.086223  0.004788  0.136106  -3.003081  2.100605  -1.666726  1.000000  
37.649065 0.007245  -0.012322  -0.025672  0.598070  0.695147  0.398852  -0.787839  0.601250  0.133447  -0.147045  -0.394042  0.907254  -0.086821  0.005090  0.136909  -3.000794  2.127271  -1.640224  1.000000  
37.650279 0.007131  -0.012312  -0.025491  0.600690  0.695479  0.394310  -0.786236  0.603297  0.133662  -0.144927  -0.390310  0.909205  -0.087870  0.005380  0.138247  -3.007773  2.167430  -1.629991  1.000000  
37.651279 0.007041  -0.012304  -0.025345  0.602610  0.695824  0.390756  -0.785058  0.604830  0.133659  -0.143338  -0.387310  0.910739  -0.088396  0.005700  0.138885  -3.014097  2.194051  -1.621826  1.000000  
37.652280 0.006950  -0.012295  -0.025200  0.604676  0.696089  0.387075  -0.783733  0.606586  0.133479  -0.141881  -0.384075  0.912336  -0.088928  0.005983  0.139299  -3.032364  2.220366  -1.622598  1.000000  
37.653530 0.006837  -0.012283  -0.025018  0.607439  0.696315  0.382314  -0.781975  0.608832  0.133565  -0.139762  -0.380092  0.914328  -0.089486  0.006468  0.139766  -3.037999  2.255973  -1.619397  1.000000  
37.654780 0.006724  -0.012270  -0.024838  0.610034  0.696542  0.377740  -0.780329  0.610911  0.133695  -0.137642  -0.376320  0.916208  -0.089888  0.007014  0.140210  -3.041702  2.285631  -1.612368  1.000000  
37.655787 0.006634  -0.012259  -0.024692  0.612107  0.696664  0.374145  -0.779007  0.612557  0.133875  -0.135919  -0.373407  0.917656  -0.089993  0.007469  0.140704  -3.045617  2.311317  -1.598294  1.000000  
37.657030 0.006521  -0.012245  -0.024508  0.614860  0.696745  0.369452  -0.777227  0.614757  0.134135  -0.133665  -0.369622  0.919518  -0.090223  0.007955  0.141832  -3.057746  2.343703  -1.598928  1.000000  
37.658280 0.006408  -0.012232  -0.024319  0.617753  0.696593  0.364884  -0.775292  0.617132  0.134423  -0.131543  -0.365932  0.921298  -0.090392  0.008429  0.143437  -3.062780  2.370780  -1.607870  1.000000  
37.659282 0.006319  -0.012221  -0.024166  0.620116  0.696322  0.361375  -0.773672  0.619107  0.134677  -0.129951  -0.363101  0.922643  -0.090268  0.008783  0.144616  -3.051254  2.391208  -1.619141  1.000000  
37.660286 0.006229  -0.012210  -0.024010  0.622336  0.696264  0.357650  -0.772198  0.620884  0.134957  -0.128094  -0.360165  0.924052  -0.090239  0.009201  0.145935  -3.046710  2.416998  -1.614276  1.000000  
37.661535 0.006117  -0.012195  -0.023816  0.624889  0.696292  0.353117  -0.770484  0.622994  0.135029  -0.125970  -0.356449  0.925784  -0.090175  0.009705  0.147615  -3.040709  2.432900  -1.608539  1.000000  
37.662536 0.006029  -0.012182  -0.023662  0.627086  0.696162  0.349459  -0.768977  0.624821  0.135176  -0.124245  -0.353493  0.927149  -0.090084  0.010157  0.148514  -3.038661  2.447744  -1.614890  1.000000  
37.663793 0.005918  -0.012166  -0.023471  0.629773  0.696021  0.344879  -0.767099  0.627142  0.135104  -0.122253  -0.349641  0.928873  -0.089971  0.010557  0.149284  -3.038190  2.451506  -1.621171  1.000000  
37.665031 0.005807  -0.012149  -0.023283  0.632609  0.695637  0.340434  -0.765077  0.629579  0.135228  -0.120261  -0.346005  0.930493  -0.089852  0.011062  0.149621  -3.028317  2.462821  -1.646621  1.000000  
37.666034 0.005718  -0.012133  -0.023134  0.634787  0.695441  0.336760  -0.763541  0.631422  0.135316  -0.118534  -0.343027  0.931817  -0.089674  0.011535  0.149814  -3.026779  2.472240  -1.656162  1.000000  
37.667280 0.005607  -0.012114  -0.022948  0.637450  0.695135  0.332333  -0.761627  0.633728  0.135323  -0.116541  -0.339375  0.933404  -0.089517  0.012099  0.150168  -3.018514  2.476541  -1.669999  1.000000  
37.668530 0.005495  -0.012094  -0.022760  0.640124  0.694819  0.327822  -0.759724  0.635955  0.135573  -0.114281  -0.335838  0.934961  -0.089452  0.012678  0.150645  -3.010432  2.493332  -1.678470  1.000000  
37.669778 0.005384  -0.012073  -0.022569  0.642936  0.694354  0.323274  -0.757664  0.638383  0.135692  -0.112154  -0.332174  0.936526  -0.089333  0.013153  0.151310  -3.002289  2.500683  -1.699197  1.000000  
