1-Time 2-Px 3-Py 4-Pz 5-R11 6-R21 7-R31 8-R12 9-R22 10-R32 11-R13 12-R23 13-R33 14-Vx 15-Vy 16-Vz 17-Wx 18-Wy 19-Wz 20-state 21-PR11 22-PR21 23-PR31 24-PR12 25-PR22 26-PR32 27-PR13 28-PR23 29-PR33 
72.126207 0.008586  0.085321  0.002120  0.989422  0.144271  0.015170  -0.144829  0.988367  0.046429  -0.008295  -0.048135  0.998806  -0.000513  0.001472  -0.000767  0.000000  0.000000  0.000000  2.000000  1.000000  0.000000  0.000000  -0.000000  1.000000  0.000000  0.000000  -0.000000  1.000000  1.000000  -0.000212  0.000124  0.000212  1.000000  0.000002  -0.000124  -0.000002  1.000000  1.000000  0.000000  0.000000  0.000000  1.000000  0.000000  0.000000  0.000000  1.000000  0.650033  0.454558  -0.608961  -0.539987  0.840144  0.050717  0.534668  0.295864  0.791577  0.000000  0.000000  
72.127211 0.008585  0.085322  0.002120  0.989422  0.144269  0.015188  -0.144829  0.988361  0.046549  -0.008295  -0.048256  0.998801  -0.000523  0.001446  -0.000718  0.000000  0.000000  0.000000  2.000000  1.000000  0.000000  0.000000  0.000000  1.000000  0.000000  0.000000  0.000000  1.000000  1.000000  -0.000212  0.000124  0.000212  1.000000  0.000002  -0.000124  -0.000002  1.000000  1.000000  0.000000  0.000000  0.000000  1.000000  0.000000  0.000000  0.000000  1.000000  1.000000  0.000000  0.000000  0.000000  1.000000  0.000000  0.000000  0.000000  1.000000  0.000000  0.000000  
72.128214 0.008585  0.085321  0.002119  0.989331  0.144873  0.015349  -0.145440  0.988273  0.046520  -0.008429  -0.048256  0.998799  -0.000480  0.001237  -0.000729  0.000000  0.000000  0.000000  2.000000  1.000000  0.000000  0.000000  0.000000  1.000000  0.000000  0.000000  0.000000  1.000000  1.000000  0.000193  0.000277  -0.000193  1.000000  0.000120  -0.000277  -0.000120  1.000000  1.000000  0.000000  0.000000  0.000000  1.000000  0.000000  0.000000  0.000000  1.000000  1.000000  0.000000  0.000000  0.000000  1.000000  0.000000  0.000000  0.000000  1.000000  0.000000  0.000000  
72.129461 0.008586  0.085317  0.002118  0.989180  0.145882  0.015546  -0.146458  0.988118  0.046604  -0.008563  -0.048377  0.998792  -0.000418  0.000854  -0.000731  0.000000  0.000000  0.000000  2.000000  1.000000  0.000000  0.000000  0.000000  1.000000  0.000000  0.000000  0.000000  1.000000  0.999999  0.001214  0.000461  -0.001214  0.999999  0.000232  -0.000460  -0.000233  1.000000  1.000000  0.000000  0.000000  0.000000  1.000000  0.000000  0.000000  0.000000  1.000000  1.000000  0.000000  0.000000  0.000000  1.000000  0.000000  0.000000  0.000000  1.000000  0.000000  0.000000  
72.130475 0.008587  0.085314  0.002118  0.989088  0.146484  0.015725  -0.147069  0.988024  0.046695  -0.008697  -0.048498  0.998785  -0.000290  0.000525  -0.000686  0.000000  0.000000  0.000000  2.000000  1.000000  0.000000  0.000000  0.000000  1.000000  0.000000  0.000000  0.000000  1.000000  0.999998  0.002030  0.000634  -0.002030  0.999998  0.000346  -0.000634  -0.000347  1.000000  1.000000  0.000000  0.000000  0.000000  1.000000  0.000000  0.000000  0.000000  1.000000  1.000000  0.000000  0.000000  0.000000  1.000000  0.000000  0.000000  0.000000  1.000000  0.000000  0.000000  
72.131710 0.008589  0.085309  0.002118  0.988996  0.147084  0.015922  -0.147679  0.987922  0.046905  -0.008831  -0.048740  0.998772  -0.000111  0.000051  -0.000611  0.000000  0.000000  0.000000  2.000000  1.000000  0.000000  0.000000  0.000000  1.000000  0.000000  0.000000  0.000000  1.000000  0.999996  0.002641  0.000798  -0.002641  0.999996  0.000461  -0.000797  -0.000464  1.000000  1.000000  0.000000  0.000000  0.000000  1.000000  0.000000  0.000000  0.000000  1.000000  1.000000  0.000000  0.000000  0.000000  1.000000  0.000000  0.000000  0.000000  1.000000  0.000000  0.000000  
72.132715 0.008590  0.085305  0.002118  0.988904  0.147692  0.015969  -0.148290  0.987826  0.047015  -0.008831  -0.048861  0.998767  0.000024  -0.000305  -0.000553  0.000000  0.000000  0.000000  2.000000  1.000000  0.000000  0.000000  0.000000  1.000000  0.000000  0.000000  0.000000  1.000000  0.999995  0.003052  0.000819  -0.003052  0.999995  0.000700  -0.000817  -0.000703  0.999999  1.000000  0.000000  0.000000  0.000000  1.000000  0.000000  0.000000  0.000000  1.000000  1.000000  0.000000  0.000000  0.000000  1.000000  0.000000  0.000000  0.000000  1.000000  0.000000  0.000000  
72.133965 0.008593  0.085302  0.002119  0.988783  0.148508  0.015911  -0.149104  0.987691  0.047261  -0.008697  -0.049104  0.998756  0.000246  -0.000641  -0.000473  0.000000  0.000000  0.000000  2.000000  1.000000  0.000000  0.000000  0.000000  1.000000  0.000000  0.000000  0.000000  1.000000  0.999992  0.003881  0.000726  -0.003881  0.999992  0.000815  -0.000723  -0.000818  0.999999  1.000000  0.000000  0.000000  0.000000  1.000000  0.000000  0.000000  0.000000  1.000000  1.000000  0.000000  0.000000  0.000000  1.000000  0.000000  0.000000  0.000000  1.000000  0.000000  0.000000  
72.135214 0.008596  0.085298  0.002120  0.988601  0.149739  0.015724  -0.150326  0.987499  0.047402  -0.008429  -0.049225  0.998752  0.000540  -0.000999  -0.000273  0.035188  -0.017736  0.179193  2.000000  1.000000  0.000064  0.000006  -0.000064  1.000000  0.000013  -0.000006  -0.000013  1.000000  0.999987  0.005127  0.000521  -0.005128  0.999986  0.001048  -0.000515  -0.001050  0.999999  1.000000  0.000064  0.000006  -0.000064  1.000000  0.000013  -0.000006  -0.000013  1.000000  1.000000  0.000064  0.000006  -0.000064  1.000000  0.000013  -0.000006  -0.000013  1.000000  0.000044  0.005259  
72.136536 0.008599  0.085294  0.002121  0.988384  0.151165  0.015697  -0.151751  0.987270  0.047639  -0.008295  -0.049467  0.998741  0.000797  -0.001418  -0.000185  0.042852  -0.015593  0.227235  2.000000  1.000000  0.000431  0.000039  -0.000431  1.000000  0.000086  -0.000039  -0.000086  1.000000  0.999980  0.006367  0.000449  -0.006368  0.999979  0.001280  -0.000441  -0.001283  0.999999  1.000000  0.000080  0.000006  -0.000080  1.000000  0.000016  -0.000006  -0.000016  1.000000  1.000000  0.000431  0.000039  -0.000431  1.000000  0.000086  -0.000039  -0.000086  1.000000  0.000055  0.006511  
72.137712 0.008603  0.085289  0.002120  0.988195  0.152375  0.015906  -0.152971  0.987078  0.047719  -0.008429  -0.049588  0.998734  0.001068  -0.001809  -0.000179  0.046672  -0.022163  0.269019  2.000000  1.000000  0.000795  0.000066  -0.000795  1.000000  0.000154  -0.000066  -0.000154  1.000000  0.999969  0.007807  0.000521  -0.007807  0.999969  0.001388  -0.000510  -0.001392  0.999999  1.000000  0.000098  0.000006  -0.000098  1.000000  0.000017  -0.000006  -0.000017  1.000000  1.000000  0.000795  0.000066  -0.000795  1.000000  0.000154  -0.000066  -0.000154  1.000000  0.000067  0.007947  
72.138958 0.008608  0.085286  0.002121  0.987971  0.153781  0.016276  -0.154395  0.986848  0.047894  -0.008697  -0.049831  0.998720  0.001410  -0.002208  -0.000050  0.054385  -0.033553  0.316978  2.000000  0.999999  0.001334  0.000109  -0.001334  0.999999  0.000248  -0.000109  -0.000248  1.000000  0.999957  0.009232  0.000862  -0.009234  0.999956  0.001615  -0.000847  -0.001623  0.999998  1.000000  0.000115  0.000011  -0.000115  1.000000  0.000020  -0.000011  -0.000020  1.000000  0.999999  0.001334  0.000109  -0.001334  0.999999  0.000248  -0.000109  -0.000248  1.000000  0.000077  0.009413  
72.139960 0.008612  0.085283  0.002123  0.987778  0.154991  0.016486  -0.155615  0.986652  0.047972  -0.008831  -0.049952  0.998713  0.001762  -0.002483  0.000181  0.058085  -0.040097  0.358197  2.000000  0.999998  0.001837  0.000156  -0.001837  0.999998  0.000330  -0.000155  -0.000330  1.000000  0.999945  0.010459  0.001058  -0.010461  0.999944  0.001724  -0.001040  -0.001735  0.999998  1.000000  0.000131  0.000013  -0.000131  1.000000  0.000022  -0.000013  -0.000022  1.000000  0.999998  0.001837  0.000156  -0.001837  0.999998  0.000330  -0.000155  -0.000330  1.000000  0.000088  0.010654  
72.140960 0.008616  0.085279  0.002126  0.987585  0.156208  0.016564  -0.156835  0.986454  0.048072  -0.008831  -0.050073  0.998707  0.002040  -0.002836  0.000415  0.061309  -0.041817  0.396428  2.000000  0.999997  0.002401  0.000210  -0.002401  0.999997  0.000419  -0.000209  -0.000420  1.000000  0.999931  0.011692  0.001121  -0.011695  0.999930  0.001834  -0.001100  -0.001847  0.999998  1.000000  0.000146  0.000014  -0.000146  1.000000  0.000023  -0.000014  -0.000023  1.000000  0.999997  0.002401  0.000210  -0.002401  0.999997  0.000419  -0.000209  -0.000420  1.000000  0.000098  0.011890  
72.142210 0.008619  0.085272  0.002129  0.987358  0.157625  0.016672  -0.158258  0.986216  0.048287  -0.008831  -0.050315  0.998694  0.002291  -0.003369  0.000606  0.069556  -0.044594  0.448065  2.000000  0.999995  0.003040  0.000269  -0.003040  0.999995  0.000515  -0.000267  -0.000516  1.000000  0.999910  0.013337  0.001205  -0.013339  0.999909  0.001939  -0.001179  -0.001955  0.999997  1.000000  0.000167  0.000015  -0.000167  1.000000  0.000024  -0.000015  -0.000024  1.000000  0.999995  0.003040  0.000269  -0.003040  0.999995  0.000515  -0.000267  -0.000516  1.000000  0.000112  0.013533  
72.143456 0.008623  0.085262  0.002131  0.987129  0.159044  0.016761  -0.159681  0.985982  0.048383  -0.008831  -0.050436  0.998688  0.002531  -0.003883  0.000846  0.072624  -0.046625  0.492385  2.000000  0.999992  0.003925  0.000346  -0.003925  0.999992  0.000647  -0.000344  -0.000648  1.000000  0.999890  0.014776  0.001281  -0.014779  0.999888  0.002168  -0.001249  -0.002187  0.999997  1.000000  0.000185  0.000016  -0.000185  1.000000  0.000027  -0.000016  -0.000027  1.000000  0.999992  0.003925  0.000346  -0.003925  0.999992  0.000647  -0.000344  -0.000648  1.000000  0.000124  0.014991  
72.144466 0.008627  0.085253  0.002134  0.986965  0.160062  0.016717  -0.160697  0.985805  0.048626  -0.008697  -0.050679  0.998677  0.002761  -0.004319  0.001070  0.081099  -0.044277  0.531092  2.000000  0.999989  0.004695  0.000407  -0.004695  0.999989  0.000760  -0.000403  -0.000762  1.000000  0.999874  0.015810  0.001201  -0.015813  0.999872  0.002282  -0.001165  -0.002300  0.999997  1.000000  0.000198  0.000015  -0.000198  1.000000  0.000029  -0.000015  -0.000029  1.000000  0.999989  0.004695  0.000407  -0.004695  0.999989  0.000760  -0.000403  -0.000762  1.000000  0.000133  0.016021  
72.145466 0.008630  0.085243  0.002137  0.986801  0.161079  0.016674  -0.161713  0.985627  0.048869  -0.008563  -0.050921  0.998666  0.002879  -0.004721  0.001312  0.088988  -0.041561  0.565804  2.000000  0.999985  0.005519  0.000468  -0.005519  0.999984  0.000883  -0.000463  -0.000885  1.000000  0.999857  0.016838  0.001257  -0.016841  0.999855  0.002515  -0.001215  -0.002535  0.999996  1.000000  0.000211  0.000015  -0.000211  1.000000  0.000032  -0.000015  -0.000032  1.000000  0.999985  0.005519  0.000468  -0.005519  0.999984  0.000883  -0.000463  -0.000885  1.000000  0.000142  0.017073  
72.146714 0.008634  0.085228  0.002141  0.986533  0.162698  0.016794  -0.163338  0.985349  0.049081  -0.008563  -0.051163  0.998654  0.003023  -0.005382  0.001612  0.096639  -0.039889  0.621316  2.000000  0.999978  0.006626  0.000541  -0.006626  0.999977  0.001053  -0.000534  -0.001057  0.999999  0.999832  0.018283  0.001203  -0.018287  0.999829  0.002867  -0.001151  -0.002888  0.999995  1.000000  0.000229  0.000015  -0.000229  1.000000  0.000036  -0.000015  -0.000036  1.000000  0.999978  0.006626  0.000541  -0.006626  0.999977  0.001053  -0.000534  -0.001057  0.999999  0.000154  0.018548  
72.147966 0.008639  0.085212  0.002145  0.986295  0.164105  0.017057  -0.164759  0.985096  0.049393  -0.008697  -0.051526  0.998634  0.003203  -0.006218  0.001826  0.108345  -0.047246  0.676306  2.000000  0.999969  0.007824  0.000625  -0.007825  0.999969  0.001241  -0.000616  -0.001246  0.999999  0.999805  0.019715  0.001417  -0.019719  0.999801  0.003093  -0.001356  -0.003120  0.999994  1.000000  0.000246  0.000017  -0.000246  1.000000  0.000039  -0.000017  -0.000039  1.000000  0.999969  0.007824  0.000625  -0.007825  0.999969  0.001241  -0.000616  -0.001246  0.999999  0.000167  0.020010  
72.149215 0.008645  0.085195  0.002147  0.986057  0.165518  0.017188  -0.166181  0.984841  0.049727  -0.008697  -0.051890  0.998615  0.003400  -0.007105  0.001866  0.120177  -0.049798  0.724762  2.000000  0.999958  0.009090  0.000709  -0.009091  0.999958  0.001443  -0.000696  -0.001450  0.999999  0.999792  0.020338  0.001320  -0.020342  0.999788  0.003330  -0.001252  -0.003356  0.999994  1.000000  0.000254  0.000016  -0.000254  1.000000  0.000042  -0.000016  -0.000042  1.000000  0.999958  0.009090  0.000709  -0.009091  0.999958  0.001443  -0.000696  -0.001450  0.999999  0.000181  0.020655  
72.150468 0.008649  0.085176  0.002148  0.985851  0.166728  0.017310  -0.167398  0.984617  0.050064  -0.008697  -0.052253  0.998596  0.003517  -0.008088  0.001866  0.132021  -0.052002  0.766032  2.000000  0.999948  0.010131  0.000773  -0.010132  0.999947  0.001620  -0.000756  -0.001628  0.999998  0.999780  0.020961  0.001226  -0.020965  0.999774  0.003566  -0.001151  -0.003591  0.999993  1.000000  0.000262  0.000015  -0.000262  1.000000  0.000045  -0.000015  -0.000045  1.000000  0.999948  0.010131  0.000773  -0.010132  0.999947  0.001620  -0.000756  -0.001628  0.999998  0.000193  0.021301  
72.151714 0.008654  0.085157  0.002149  0.985643  0.167940  0.017413  -0.168616  0.984399  0.050281  -0.008697  -0.052495  0.998583  0.003594  -0.009148  0.001937  0.139835  -0.054189  0.807575  2.000000  0.999934  0.011449  0.000845  -0.011450  0.999933  0.001852  -0.000824  -0.001862  0.999998  0.999771  0.021379  0.001122  -0.021383  0.999764  0.003805  -0.001040  -0.003828  0.999992  1.000000  0.000267  0.000014  -0.000267  1.000000  0.000048  -0.000014  -0.000048  1.000000  0.999934  0.011449  0.000845  -0.011450  0.999933  0.001852  -0.000824  -0.001862  0.999998  0.000204  0.021747  
72.152956 0.008658  0.085137  0.002148  0.985469  0.168947  0.017526  -0.169631  0.984207  0.050621  -0.008697  -0.052859  0.998564  0.003602  -0.010093  0.001887  0.151811  -0.056099  0.842351  2.000000  0.999918  0.012800  0.000908  -0.012802  0.999916  0.002088  -0.000882  -0.002100  0.999997  0.999762  0.021797  0.001015  -0.021800  0.999755  0.003800  -0.000932  -0.003822  0.999992  1.000000  0.000273  0.000012  -0.000273  1.000000  0.000048  -0.000012  -0.000048  1.000000  0.999918  0.012800  0.000908  -0.012802  0.999916  0.002088  -0.000882  -0.002100  0.999997  0.000211  0.022152  
72.153960 0.008662  0.085122  0.002149  0.985329  0.169753  0.017609  -0.170442  0.984055  0.050846  -0.008697  -0.053101  0.998551  0.003611  -0.011073  0.001870  0.159703  -0.057593  0.869848  2.000000  0.999903  0.013900  0.000960  -0.013903  0.999901  0.002281  -0.000928  -0.002294  0.999997  0.999757  0.022002  0.001031  -0.022006  0.999751  0.003798  -0.000947  -0.003820  0.999992  1.000000  0.000275  0.000012  -0.000275  1.000000  0.000048  -0.000012  -0.000048  1.000000  0.999903  0.013900  0.000960  -0.013903  0.999901  0.002281  -0.000928  -0.002294  0.999997  0.000220  0.022355  
72.154961 0.008665  0.085105  0.002150  0.985153  0.170764  0.017682  -0.171456  0.983874  0.050947  -0.008697  -0.053222  0.998545  0.003548  -0.012037  0.001747  0.163481  -0.059397  0.904368  2.000000  0.999887  0.015005  0.001021  -0.015008  0.999884  0.002477  -0.000984  -0.002492  0.999996  0.999753  0.022193  0.001315  -0.022198  0.999746  0.003918  -0.001227  -0.003946  0.999991  1.000000  0.000277  0.000016  -0.000277  1.000000  0.000049  -0.000016  -0.000049  1.000000  0.999887  0.015005  0.001021  -0.015008  0.999884  0.002477  -0.000984  -0.002492  0.999996  0.000229  0.022579  
72.156213 0.008669  0.085083  0.002151  0.984940  0.171967  0.017918  -0.172673  0.983651  0.051141  -0.008831  -0.053464  0.998531  0.003538  -0.013099  0.001597  0.171289  -0.066134  0.945991  2.000000  0.999865  0.016386  0.001115  -0.016389  0.999862  0.002723  -0.001070  -0.002741  0.999996  0.999753  0.022178  0.001587  -0.022184  0.999746  0.003915  -0.001500  -0.003949  0.999991  1.000000  0.000277  0.000019  -0.000277  1.000000  0.000049  -0.000019  -0.000049  1.000000  0.999865  0.016386  0.001115  -0.016389  0.999862  0.002723  -0.001070  -0.002741  0.999996  0.000239  0.022582  
72.157460 0.008672  0.085061  0.002153  0.984797  0.172773  0.018002  -0.173484  0.983496  0.051364  -0.008831  -0.053707  0.998518  0.003437  -0.013965  0.001550  0.173702  -0.067166  0.965698  2.000000  0.999842  0.017749  0.001218  -0.017753  0.999838  0.002968  -0.001165  -0.002990  0.999995  0.999771  0.021356  0.001549  -0.021362  0.999764  0.003923  -0.001464  -0.003955  0.999991  1.000000  0.000267  0.000019  -0.000267  1.000000  0.000049  -0.000019  -0.000049  1.000000  0.999842  0.017749  0.001218  -0.017753  0.999838  0.002968  -0.001165  -0.002990  0.999995  0.000246  0.021773  
72.158714 0.008674  0.085038  0.002155  0.984653  0.173574  0.018197  -0.174294  0.983349  0.051446  -0.008964  -0.053828  0.998510  0.003326  -0.014880  0.001541  0.179179  -0.067064  0.959707  2.000000  0.999822  0.018817  0.001295  -0.018821  0.999818  0.003167  -0.001235  -0.003191  0.999994  0.999771  0.021363  0.001418  -0.021368  0.999764  0.003923  -0.001333  -0.003952  0.999991  1.000000  0.000267  0.000017  -0.000267  1.000000  0.000049  -0.000017  -0.000049  1.000000  0.999822  0.018817  0.001295  -0.018821  0.999818  0.003167  -0.001235  -0.003191  0.999994  0.000246  0.021771  
72.159960 0.008677  0.085014  0.002158  0.984509  0.174379  0.018282  -0.175105  0.983193  0.051669  -0.008964  -0.054070  0.998497  0.003257  -0.015578  0.001535  0.181687  -0.062232  0.952042  2.000000  0.999797  0.020118  0.001387  -0.020123  0.999792  0.003415  -0.001319  -0.003442  0.999993  0.999788  0.020540  0.001378  -0.020546  0.999781  0.004049  -0.001295  -0.004077  0.999991  1.000000  0.000257  0.000017  -0.000257  1.000000  0.000051  -0.000017  -0.000051  1.000000  0.999797  0.020118  0.001387  -0.020123  0.999792  0.003415  -0.001319  -0.003442  0.999993  0.000243  0.020985  
72.160965 0.008679  0.084994  0.002161  0.984364  0.175186  0.018345  -0.175916  0.983043  0.051773  -0.008964  -0.054191  0.998490  0.003140  -0.016302  0.001421  0.178896  -0.054286  0.967132  2.000000  0.999776  0.021130  0.001453  -0.021135  0.999770  0.003615  -0.001376  -0.003645  0.999992  0.999796  0.020136  0.001225  -0.020141  0.999789  0.004054  -0.001143  -0.004077  0.999991  1.000000  0.000252  0.000015  -0.000252  1.000000  0.000051  -0.000015  -0.000051  1.000000  0.999776  0.021130  0.001453  -0.021135  0.999770  0.003615  -0.001376  -0.003645  0.999992  0.000245  0.020581  
72.161966 0.008679  0.084973  0.002164  0.984256  0.175789  0.018420  -0.176524  0.982922  0.052000  -0.008964  -0.054433  0.998477  0.002957  -0.016835  0.001429  0.182927  -0.054824  0.974120  2.000000  0.999754  0.022108  0.001515  -0.022113  0.999748  0.003814  -0.001430  -0.003847  0.999992  0.999817  0.019109  0.001172  -0.019113  0.999810  0.003943  -0.001096  -0.003964  0.999992  1.000000  0.000239  0.000014  -0.000239  1.000000  0.000049  -0.000014  -0.000049  1.000000  0.999754  0.022108  0.001515  -0.022113  0.999748  0.003814  -0.001430  -0.003847  0.999992  0.000246  0.019550  
72.163224 0.008679  0.084944  0.002167  0.984146  0.176394  0.018474  -0.177132  0.982807  0.052108  -0.008964  -0.054554  0.998471  0.002567  -0.017691  0.001454  0.179040  -0.059154  0.967306  2.000000  0.999728  0.023278  0.001590  -0.023285  0.999721  0.004066  -0.001495  -0.004102  0.999990  0.999828  0.018492  0.001143  -0.018496  0.999821  0.004070  -0.001067  -0.004090  0.999991  1.000000  0.000231  0.000014  -0.000231  1.000000  0.000051  -0.000014  -0.000051  1.000000  0.999728  0.023278  0.001590  -0.023285  0.999721  0.004066  -0.001495  -0.004102  0.999990  0.000248  0.018972  
72.164464 0.008680  0.084915  0.002170  0.984038  0.177003  0.018417  -0.177740  0.982684  0.052359  -0.008831  -0.054797  0.998458  0.002259  -0.018548  0.001523  0.179307  -0.063145  0.952988  2.000000  0.999701  0.024398  0.001664  -0.024405  0.999693  0.004317  -0.001558  -0.004356  0.999989  0.999847  0.017464  0.001091  -0.017468  0.999839  0.004082  -0.001020  -0.004101  0.999991  1.000000  0.000218  0.000013  -0.000218  1.000000  0.000051  -0.000013  -0.000051  1.000000  0.999701  0.024398  0.001664  -0.024405  0.999693  0.004317  -0.001558  -0.004356  0.999989  0.000243  0.017971  
72.165714 0.008681  0.084886  0.002173  0.983965  0.177406  0.018460  -0.178145  0.982604  0.052471  -0.008831  -0.054918  0.998452  0.002035  -0.019122  0.001658  0.179594  -0.061453  0.918361  2.000000  0.999674  0.025465  0.001735  -0.025473  0.999665  0.004565  -0.001618  -0.004608  0.999988  0.999858  0.016847  0.001059  -0.016851  0.999850  0.003967  -0.000992  -0.003985  0.999992  1.000000  0.000211  0.000013  -0.000211  1.000000  0.000050  -0.000013  -0.000050  1.000000  0.999674  0.025465  0.001735  -0.025473  0.999665  0.004565  -0.001618  -0.004608  0.999988  0.000238  0.017343  
72.166966 0.008680  0.084856  0.002176  0.983856  0.178015  0.018404  -0.178753  0.982481  0.052721  -0.008697  -0.055160  0.998440  0.001712  -0.019774  0.001874  0.179820  -0.056093  0.897782  2.000000  0.999653  0.026284  0.001792  -0.026292  0.999643  0.004760  -0.001666  -0.004805  0.999987  0.999871  0.016025  0.001018  -0.016029  0.999864  0.003977  -0.000954  -0.003993  0.999992  1.000000  0.000200  0.000012  -0.000200  1.000000  0.000050  -0.000012  -0.000050  1.000000  0.999653  0.026284  0.001792  -0.026292  0.999643  0.004760  -0.001666  -0.004805  0.999987  0.000229  0.016545  
72.168216 0.008679  0.084825  0.002179  0.983782  0.178415  0.018469  -0.179158  0.982394  0.052952  -0.008697  -0.055402  0.998426  0.001328  -0.020546  0.002099  0.184150  -0.049951  0.863524  2.000000  0.999627  0.027257  0.001853  -0.027266  0.999616  0.004998  -0.001717  -0.005047  0.999986  0.999884  0.015210  0.000841  -0.015213  0.999877  0.003743  -0.000784  -0.003755  0.999993  1.000000  0.000190  0.000010  -0.000190  1.000000  0.000047  -0.000010  -0.000047  1.000000  0.999627  0.027257  0.001853  -0.027266  0.999616  0.004998  -0.001717  -0.005047  0.999986  0.000223  0.015688  
72.169461 0.008677  0.084793  0.002181  0.983708  0.178818  0.018513  -0.179563  0.982314  0.053064  -0.008697  -0.055523  0.998420  0.000883  -0.021419  0.002165  0.182805  -0.043741  0.829183  2.000000  0.999602  0.028163  0.001908  -0.028173  0.999589  0.005228  -0.001760  -0.005280  0.999985  0.999899  0.014182  0.000788  -0.014185  0.999893  0.003631  -0.000736  -0.003642  0.999993  1.000000  0.000177  0.000010  -0.000177  1.000000  0.000045  -0.000010  -0.000045  1.000000  0.999602  0.028163  0.001908  -0.028173  0.999589  0.005228  -0.001760  -0.005280  0.999985  0.000216  0.014663  
72.170468 0.008675  0.084766  0.002181  0.983671  0.179018  0.018546  -0.179765  0.982271  0.053179  -0.008697  -0.055644  0.998413  0.000529  -0.022063  0.002161  0.180516  -0.037563  0.794667  2.000000  0.999582  0.028836  0.001950  -0.028846  0.999569  0.005403  -0.001793  -0.005457  0.999984  0.999916  0.012949  0.000721  -0.012951  0.999910  0.003400  -0.000677  -0.003409  0.999994  1.000000  0.000162  0.000009  -0.000162  1.000000  0.000043  -0.000009  -0.000043  1.000000  0.999582  0.028836  0.001950  -0.028846  0.999569  0.005403  -0.001793  -0.005457  0.999984  0.000206  0.013409  
72.171712 0.008673  0.084732  0.002181  0.983596  0.179412  0.018721  -0.180170  0.982192  0.053266  -0.008831  -0.055766  0.998405  0.000115  -0.022892  0.001945  0.179283  -0.040363  0.760746  2.000000  0.999559  0.029619  0.001998  -0.029630  0.999545  0.005610  -0.001831  -0.005667  0.999982  0.999924  0.012332  0.000688  -0.012334  0.999919  0.003285  -0.000648  -0.003293  0.999994  1.000000  0.000154  0.000008  -0.000154  1.000000  0.000041  -0.000008  -0.000041  1.000000  0.999559  0.029619  0.001998  -0.029630  0.999545  0.005610  -0.001831  -0.005667  0.999982  0.000197  0.012782  
72.172960 0.008669  0.084698  0.002180  0.983522  0.179814  0.018764  -0.180575  0.982112  0.053378  -0.008831  -0.055887  0.998398  -0.000276  -0.023560  0.001771  0.175527  -0.038673  0.726403  2.000000  0.999537  0.030342  0.002052  -0.030354  0.999522  0.005806  -0.001875  -0.005865  0.999981  0.999936  0.011297  0.000766  -0.011299  0.999932  0.003050  -0.000731  -0.003059  0.999995  1.000000  0.000141  0.000009  -0.000141  1.000000  0.000038  -0.000009  -0.000038  1.000000  0.999537  0.030342  0.002052  -0.030354  0.999522  0.005806  -0.001875  -0.005865  0.999981  0.000187  0.011728  
72.174215 0.008665  0.084665  0.002181  0.983484  0.180014  0.018797  -0.180778  0.982068  0.053493  -0.008831  -0.056008  0.998391  -0.000732  -0.024312  0.001593  0.175954  -0.041025  0.685113  2.000000  0.999520  0.030896  0.002093  -0.030908  0.999504  0.005956  -0.001908  -0.006018  0.999980  0.999940  0.010886  0.000744  -0.010888  0.999936  0.002933  -0.000712  -0.002941  0.999995  1.000000  0.000136  0.000009  -0.000136  1.000000  0.000037  -0.000009  -0.000037  1.000000  0.999520  0.030896  0.002093  -0.030908  0.999504  0.005956  -0.001908  -0.006018  0.999980  0.000179  0.011300  
72.175460 0.008660  0.084632  0.002182  0.983411  0.180424  0.018710  -0.181183  0.981986  0.053629  -0.008697  -0.056129  0.998386  -0.001172  -0.024879  0.001500  0.168203  -0.039723  0.657716  2.000000  0.999500  0.031546  0.002140  -0.031558  0.999483  0.006135  -0.001945  -0.006200  0.999979  0.999949  0.010071  0.000566  -0.010073  0.999945  0.002821  -0.000537  -0.002826  0.999996  1.000000  0.000126  0.000007  -0.000126  1.000000  0.000035  -0.000007  -0.000035  1.000000  0.999500  0.031546  0.002140  -0.031558  0.999483  0.006135  -0.001945  -0.006200  0.999979  0.000172  0.010475  
72.176708 0.008655  0.084598  0.002182  0.983374  0.180624  0.018743  -0.181385  0.981942  0.053744  -0.008697  -0.056250  0.998379  -0.001557  -0.025376  0.001281  0.164575  -0.037263  0.609736  2.000000  0.999481  0.032136  0.002174  -0.032149  0.999463  0.006307  -0.001970  -0.006373  0.999978  0.999959  0.009051  0.000376  -0.009052  0.999955  0.002709  -0.000351  -0.002712  0.999996  1.000000  0.000113  0.000005  -0.000113  1.000000  0.000034  -0.000005  -0.000034  1.000000  0.999481  0.032136  0.002174  -0.032149  0.999463  0.006307  -0.001970  -0.006373  0.999978  0.000162  0.009456  
72.177732 0.008651  0.084570  0.002183  0.983336  0.180824  0.018776  -0.181588  0.981899  0.053859  -0.008697  -0.056371  0.998372  -0.001901  -0.025711  0.001108  0.157998  -0.030968  0.573174  2.000000  0.999467  0.032562  0.002195  -0.032576  0.999449  0.006439  -0.001984  -0.006507  0.999977  0.999966  0.008229  0.000330  -0.008230  0.999962  0.002716  -0.000308  -0.002719  0.999996  1.000000  0.000103  0.000004  -0.000103  1.000000  0.000034  -0.000004  -0.000034  1.000000  0.999467  0.032562  0.002195  -0.032576  0.999449  0.006439  -0.001984  -0.006507  0.999977  0.000151  0.008672  
72.178733 0.008646  0.084542  0.002185  0.983299  0.181026  0.018787  -0.181790  0.981861  0.053855  -0.008697  -0.056371  0.998372  -0.002247  -0.026002  0.001073  0.150059  -0.029536  0.545438  2.000000  0.999457  0.032868  0.002210  -0.032882  0.999438  0.006534  -0.001994  -0.006603  0.999976  0.999969  0.007818  0.000307  -0.007819  0.999966  0.002477  -0.000288  -0.002480  0.999997  1.000000  0.000098  0.000004  -0.000098  1.000000  0.000031  -0.000004  -0.000031  1.000000  0.999457  0.032868  0.002210  -0.032882  0.999438  0.006534  -0.001994  -0.006603  0.999976  0.000142  0.008207  
72.179967 0.008641  0.084508  0.002188  0.983224  0.181428  0.018831  -0.182195  0.981780  0.053967  -0.008697  -0.056492  0.998365  -0.002653  -0.026355  0.001100  0.142301  -0.027808  0.511227  2.000000  0.999444  0.033253  0.002226  -0.033268  0.999424  0.006661  -0.002003  -0.006731  0.999975  0.999971  0.007620  0.000163  -0.007620  0.999968  0.002479  -0.000144  -0.002481  0.999997  1.000000  0.000095  0.000002  -0.000095  1.000000  0.000031  -0.000002  -0.000031  1.000000  0.999444  0.033253  0.002226  -0.033268  0.999424  0.006661  -0.002003  -0.006731  0.999975  0.000136  0.008015  
72.181212 0.008636  0.084474  0.002192  0.983186  0.181628  0.018864  -0.182397  0.981736  0.054082  -0.008697  -0.056613  0.998358  -0.002978  -0.026707  0.001190  0.137292  -0.026555  0.486553  2.000000  0.999429  0.033716  0.002240  -0.033731  0.999408  0.006815  -0.002009  -0.006887  0.999974  0.999974  0.007209  0.000141  -0.007209  0.999971  0.002483  -0.000123  -0.002484  0.999997  1.000000  0.000090  0.000002  -0.000090  1.000000  0.000031  -0.000002  -0.000031  1.000000  0.999429  0.033716  0.002240  -0.033731  0.999408  0.006815  -0.002009  -0.006887  0.999974  0.000128  0.007626  
72.182213 0.008632  0.084447  0.002195  0.983149  0.181830  0.018875  -0.182600  0.981699  0.054078  -0.008697  -0.056613  0.998358  -0.003239  -0.026891  0.001210  0.126488  -0.024970  0.455992  2.000000  0.999420  0.033976  0.002247  -0.033991  0.999398  0.006904  -0.002011  -0.006976  0.999974  0.999977  0.006798  0.000117  -0.006798  0.999974  0.002366  -0.000101  -0.002366  0.999997  1.000000  0.000085  0.000001  -0.000085  1.000000  0.000030  -0.000001  -0.000030  1.000000  0.999420  0.033976  0.002247  -0.033991  0.999398  0.006904  -0.002011  -0.006976  0.999974  0.000121  0.007199  
72.183464 0.008627  0.084412  0.002199  0.983111  0.182029  0.018908  -0.182802  0.981655  0.054193  -0.008697  -0.056734  0.998351  -0.003516  -0.027127  0.001288  0.122642  -0.023533  0.428315  2.000000  0.999406  0.034382  0.002258  -0.034397  0.999383  0.007047  -0.002014  -0.007120  0.999973  0.999981  0.006181  0.000083  -0.006181  0.999978  0.002250  -0.000069  -0.002250  0.999997  1.000000  0.000077  0.000001  -0.000077  1.000000  0.000028  -0.000001  -0.000028  1.000000  0.999406  0.034382  0.002258  -0.034397  0.999383  0.007047  -0.002014  -0.007120  0.999973  0.000113  0.006578  
72.184713 0.008621  0.084377  0.002201  0.983075  0.182239  0.018788  -0.183005  0.981616  0.054214  -0.008563  -0.056734  0.998353  -0.003783  -0.027330  0.001356  0.114826  -0.017194  0.394050  2.000000  0.999393  0.034755  0.002263  -0.034771  0.999370  0.007180  -0.002012  -0.007254  0.999972  0.999983  0.005778  -0.000074  -0.005777  0.999981  0.002012  0.000085  -0.002011  0.999998  1.000000  0.000072  -0.000001  -0.000072  1.000000  0.000025  0.000001  -0.000025  1.000000  0.999393  0.034755  0.002263  -0.034771  0.999370  0.007180  -0.002012  -0.007254  0.999972  0.000105  0.006118  
72.185966 0.008615  0.084341  0.002203  0.982999  0.182641  0.018833  -0.183409  0.981534  0.054325  -0.008563  -0.056856  0.998346  -0.003965  -0.027422  0.001525  0.110958  -0.011248  0.366644  2.000000  0.999381  0.035108  0.002269  -0.035124  0.999356  0.007304  -0.002011  -0.007379  0.999971  0.999985  0.005565  0.000049  -0.005565  0.999982  0.002014  -0.000038  -0.002014  0.999998  1.000000  0.000070  0.000001  -0.000070  1.000000  0.000025  -0.000001  -0.000025  1.000000  0.999381  0.035108  0.002269  -0.035124  0.999356  0.007304  -0.002011  -0.007379  0.999971  0.000096  0.005918  
72.187212 0.008611  0.084306  0.002204  0.982962  0.182843  0.018844  -0.183612  0.981497  0.054321  -0.008563  -0.056856  0.998346  -0.003966  -0.027516  0.001603  0.102992  -0.010146  0.345937  2.000000  0.999369  0.035450  0.002277  -0.035466  0.999343  0.007422  -0.002012  -0.007498  0.999970  0.999986  0.005351  0.000171  -0.005352  0.999984  0.001773  -0.000161  -0.001774  0.999998  1.000000  0.000067  0.000002  -0.000067  1.000000  0.000022  -0.000002  -0.000022  1.000000  0.999369  0.035450  0.002277  -0.035466  0.999343  0.007422  -0.002012  -0.007498  0.999970  0.000091  0.005640  
72.188212 0.008608  0.084277  0.002205  0.982885  0.183240  0.018998  -0.184016  0.981423  0.054289  -0.008697  -0.056855  0.998345  -0.003997  -0.027625  0.001658  0.098234  -0.014170  0.336320  2.000000  0.999360  0.035709  0.002291  -0.035726  0.999333  0.007506  -0.002022  -0.007583  0.999969  0.999987  0.005138  0.000293  -0.005139  0.999985  0.001653  -0.000284  -0.001654  0.999999  1.000000  0.000064  0.000004  -0.000064  1.000000  0.000021  -0.000004  -0.000021  1.000000  0.999360  0.035709  0.002291  -0.035726  0.999333  0.007506  -0.002022  -0.007583  0.999969  0.000088  0.005406  
72.189224 0.008606  0.084249  0.002205  0.982847  0.183439  0.019031  -0.184219  0.981378  0.054404  -0.008697  -0.056977  0.998338  -0.003906  -0.027713  0.001667  0.099072  -0.008670  0.318169  2.000000  0.999355  0.035838  0.002300  -0.035854  0.999329  0.007546  -0.002028  -0.007623  0.999969  0.999988  0.004933  0.000281  -0.004933  0.999987  0.001533  -0.000274  -0.001535  0.999999  1.000000  0.000000  0.000000  0.000000  1.000000  0.000000  0.000000  0.000000  1.000000  0.999355  0.035838  0.002300  -0.035854  0.999329  0.007546  -0.002028  -0.007623  0.999969  0.000083  0.000000  
72.190461 0.008603  0.084214  0.002206  0.982808  0.183634  0.019173  -0.184421  0.981342  0.054375  -0.008831  -0.056976  0.998336  -0.003798  -0.027877  0.001658  0.090329  -0.012333  0.301785  2.000000  0.999353  0.035902  0.002304  -0.035918  0.999326  0.007565  -0.002031  -0.007642  0.999969  0.999988  0.004925  0.000415  -0.004926  0.999987  0.001411  -0.000408  -0.001413  0.999999  1.000000  0.000000  0.000000  0.000000  1.000000  0.000000  0.000000  0.000000  1.000000  0.999353  0.035902  0.002304  -0.035918  0.999326  0.007565  -0.002031  -0.007642  0.999969  0.000079  0.000000  
72.191711 0.008602  0.084179  0.002207  0.982770  0.183834  0.019207  -0.184623  0.981298  0.054490  -0.008831  -0.057098  0.998330  -0.003573  -0.027935  0.001681  0.090505  -0.011222  0.281203  2.000000  0.999353  0.035902  0.002304  -0.035918  0.999326  0.007565  -0.002031  -0.007642  0.999969  0.999988  0.004925  0.000416  -0.004926  0.999987  0.001411  -0.000409  -0.001413  0.999999  1.000000  0.000000  0.000000  0.000000  1.000000  0.000000  0.000000  0.000000  1.000000  0.999353  0.035902  0.002304  -0.035918  0.999326  0.007565  -0.002031  -0.007642  0.999969  0.000076  0.000000  
72.192962 0.008601  0.084143  0.002206  0.982732  0.184036  0.019218  -0.184825  0.981260  0.054486  -0.008831  -0.057098  0.998330  -0.003231  -0.028011  0.001507  0.083312  -0.010193  0.262889  2.000000  0.999353  0.035902  0.002304  -0.035918  0.999326  0.007565  -0.002031  -0.007642  0.999969  0.999989  0.004727  0.000270  -0.004727  0.999988  0.001292  -0.000264  -0.001293  0.999999  1.000000  0.000000  0.000000  0.000000  1.000000  0.000000  0.000000  0.000000  1.000000  0.999353  0.035902  0.002304  -0.035918  0.999326  0.007565  -0.002031  -0.007642  0.999969  0.000070  0.000000  
72.194221 0.008600  0.084108  0.002206  0.982656  0.184437  0.019263  -0.185230  0.981177  0.054598  -0.008831  -0.057219  0.998323  -0.002866  -0.028030  0.001295  0.079263  -0.014337  0.255564  2.000000  0.999353  0.035902  0.002304  -0.035918  0.999326  0.007565  -0.002031  -0.007642  0.999969  0.999989  0.004727  0.000271  -0.004727  0.999988  0.001292  -0.000265  -0.001293  0.999999  1.000000  0.000000  0.000000  0.000000  1.000000  0.000000  0.000000  0.000000  1.000000  0.999353  0.035902  0.002304  -0.035918  0.999326  0.007565  -0.002031  -0.007642  0.999969  0.000068  0.000000  
72.195460 0.008600  0.084072  0.002206  0.982617  0.184637  0.019297  -0.185432  0.981133  0.054713  -0.008831  -0.057340  0.998316  -0.002567  -0.028175  0.001109  0.078684  -0.013867  0.246649  2.000000  0.999353  0.035902  0.002304  -0.035918  0.999326  0.007565  -0.002031  -0.007642  0.999969  0.999990  0.004522  0.000259  -0.004522  0.999989  0.001051  -0.000254  -0.001052  0.999999  1.000000  0.000000  0.000000  0.000000  1.000000  0.000000  0.000000  0.000000  1.000000  0.999353  0.035902  0.002304  -0.035918  0.999326  0.007565  -0.002031  -0.007642  0.999969  0.000066  0.000000  
72.196461 0.008600  0.084044  0.002207  0.982579  0.184839  0.019308  -0.185635  0.981095  0.054709  -0.008831  -0.057340  0.998316  -0.002306  -0.028363  0.000871  0.074728  -0.017951  0.239580  2.000000  0.999353  0.035902  0.002304  -0.035918  0.999326  0.007565  -0.002031  -0.007642  0.999969  0.999990  0.004514  0.000393  -0.004514  0.999989  0.001172  -0.000388  -0.001174  0.999999  1.000000  0.000000  0.000000  0.000000  1.000000  0.000000  0.000000  0.000000  1.000000  0.999353  0.035902  0.002304  -0.035918  0.999326  0.007565  -0.002031  -0.007642  0.999969  0.000065  0.000000  
72.197463 0.008601  0.084015  0.002208  0.982540  0.185033  0.019450  -0.185837  0.981058  0.054680  -0.008964  -0.057340  0.998314  -0.001957  -0.028336  0.000766  0.067240  -0.022231  0.234413  2.000000  0.999353  0.035902  0.002304  -0.035918  0.999326  0.007565  -0.002031  -0.007642  0.999969  0.999990  0.004506  0.000527  -0.004507  0.999989  0.001050  -0.000522  -0.001053  0.999999  1.000000  0.000000  0.000000  0.000000  1.000000  0.000000  0.000000  0.000000  1.000000  0.999353  0.035902  0.002304  -0.035918  0.999326  0.007565  -0.002031  -0.007642  0.999969  0.000061  0.000000  
72.198715 0.008603  0.083980  0.002210  0.982463  0.185435  0.019495  -0.186241  0.980975  0.054791  -0.008964  -0.057461  0.998308  -0.001475  -0.028339  0.000708  0.063156  -0.022272  0.234384  2.000000  0.999353  0.035902  0.002304  -0.035918  0.999326  0.007565  -0.002031  -0.007642  0.999969  0.999989  0.004712  0.000539  -0.004712  0.999988  0.001049  -0.000534  -0.001051  0.999999  1.000000  0.000000  0.000000  0.000000  1.000000  0.000000  0.000000  0.000000  1.000000  0.999353  0.035902  0.002304  -0.035918  0.999326  0.007565  -0.002031  -0.007642  0.999969  0.000062  0.000000  
72.199963 0.008606  0.083945  0.002212  0.982425  0.185637  0.019507  -0.186444  0.980937  0.054787  -0.008964  -0.057461  0.998308  -0.000937  -0.028345  0.000652  0.058649  -0.021712  0.225583  2.000000  0.999353  0.035902  0.002304  -0.035918  0.999326  0.007565  -0.002031  -0.007642  0.999969  0.999990  0.004506  0.000527  -0.004507  0.999989  0.000929  -0.000523  -0.000932  0.999999  1.000000  0.000000  0.000000  0.000000  1.000000  0.000000  0.000000  0.000000  1.000000  0.999353  0.035902  0.002304  -0.035918  0.999326  0.007565  -0.002031  -0.007642  0.999969  0.000060  0.000000  
72.200965 0.008608  0.083917  0.002214  0.982349  0.186048  0.019398  -0.186848  0.980859  0.054804  -0.008831  -0.057461  0.998309  -0.000468  -0.028293  0.000718  0.055008  -0.017807  0.234594  2.000000  0.999353  0.035902  0.002304  -0.035918  0.999326  0.007565  -0.002031  -0.007642  0.999969  0.999990  0.004506  0.000527  -0.004507  0.999990  0.000808  -0.000524  -0.000810  1.000000  1.000000  0.000000  0.000000  0.000000  1.000000  0.000000  0.000000  0.000000  1.000000  0.999353  0.035902  0.002304  -0.035918  0.999326  0.007565  -0.002031  -0.007642  0.999969  0.000059  0.000000  
72.201966 0.008611  0.083889  0.002217  0.982311  0.186250  0.019409  -0.187050  0.980821  0.054800  -0.008831  -0.057461  0.998309  -0.000024  -0.028207  0.000849  0.050912  -0.013331  0.234832  2.000000  0.999353  0.035902  0.002304  -0.035918  0.999326  0.007565  -0.002031  -0.007642  0.999969  0.999991  0.004308  0.000382  -0.004309  0.999990  0.000810  -0.000378  -0.000812  1.000000  1.000000  0.000000  0.000000  0.000000  1.000000  0.000000  0.000000  0.000000  1.000000  0.999353  0.035902  0.002304  -0.035918  0.999326  0.007565  -0.002031  -0.007642  0.999969  0.000059  0.000000  
