1-Time 2-Px 3-Py 4-Pz 5-R11 6-R21 7-R31 8-R12 9-R22 10-R32 11-R13 12-R23 13-R33 14-Vx 15-Vy 16-Vz 17-Wx 18-Wy 19-Wz 20-state 21-PR11 22-PR21 23-PR31 24-PR12 25-PR22 26-PR32 27-PR13 28-PR23 29-PR33 
43.989410 0.005142  0.086145  0.002107  0.988500  0.149613  0.022010  -0.150519  0.987451  0.047791  -0.014584  -0.050554  0.998615  -0.000455  0.001621  -0.000957  0.000000  0.000000  0.000000  2.000000  1.000000  0.000000  0.000000  -0.000000  1.000000  0.000000  0.000000  -0.000000  1.000000  1.000000  -0.000206  -0.000010  0.000206  1.000000  0.000003  0.000010  -0.000003  1.000000  1.000000  0.000000  0.000000  0.000000  1.000000  0.000000  0.000000  0.000000  1.000000  0.711539  0.413944  -0.567770  -0.520489  0.853336  -0.030144  0.472021  0.316966  0.822635  0.000000  0.000000  
43.990417 0.005142  0.086146  0.002106  0.988469  0.149817  0.022020  -0.150722  0.987420  0.047786  -0.014584  -0.050554  0.998615  -0.000480  0.001567  -0.000966  0.000000  0.000000  0.000000  2.000000  1.000000  0.000000  0.000000  0.000000  1.000000  0.000000  0.000000  0.000000  1.000000  1.000000  -0.000206  -0.000010  0.000206  1.000000  0.000003  0.000010  -0.000003  1.000000  1.000000  0.000000  0.000000  0.000000  1.000000  0.000000  0.000000  0.000000  1.000000  1.000000  0.000000  0.000000  0.000000  1.000000  0.000000  0.000000  0.000000  1.000000  0.000000  0.000000  
43.991667 0.005141  0.086144  0.002105  0.988342  0.150620  0.022209  -0.151536  0.987292  0.047867  -0.014717  -0.050675  0.998607  -0.000481  0.001323  -0.000953  0.000000  0.000000  0.000000  2.000000  1.000000  0.000000  0.000000  0.000000  1.000000  0.000000  0.000000  0.000000  1.000000  1.000000  0.000610  0.000165  -0.000610  1.000000  0.000112  -0.000165  -0.000112  1.000000  1.000000  0.000000  0.000000  0.000000  1.000000  0.000000  0.000000  0.000000  1.000000  1.000000  0.000000  0.000000  0.000000  1.000000  0.000000  0.000000  0.000000  1.000000  0.000000  0.000000  
43.992667 0.005141  0.086142  0.002104  0.988215  0.151424  0.022399  -0.152350  0.987163  0.047949  -0.014851  -0.050796  0.998599  -0.000460  0.001047  -0.000960  0.000000  0.000000  0.000000  2.000000  1.000000  0.000000  0.000000  0.000000  1.000000  0.000000  0.000000  0.000000  1.000000  0.999999  0.001425  0.000340  -0.001426  0.999999  0.000221  -0.000340  -0.000222  1.000000  1.000000  0.000000  0.000000  0.000000  1.000000  0.000000  0.000000  0.000000  1.000000  1.000000  0.000000  0.000000  0.000000  1.000000  0.000000  0.000000  0.000000  1.000000  0.000000  0.000000  
43.993917 0.005141  0.086138  0.002103  0.988085  0.152218  0.022740  -0.153163  0.987028  0.048129  -0.015119  -0.051038  0.998582  -0.000396  0.000658  -0.000949  0.000000  0.000000  0.000000  2.000000  1.000000  0.000000  0.000000  0.000000  1.000000  0.000000  0.000000  0.000000  1.000000  0.999997  0.002447  0.000527  -0.002447  0.999997  0.000327  -0.000526  -0.000328  1.000000  1.000000  0.000000  0.000000  0.000000  1.000000  0.000000  0.000000  0.000000  1.000000  1.000000  0.000000  0.000000  0.000000  1.000000  0.000000  0.000000  0.000000  1.000000  0.000000  0.000000  
43.994932 0.005141  0.086134  0.002103  0.987991  0.152825  0.022788  -0.153773  0.986928  0.048234  -0.015119  -0.051159  0.998576  -0.000347  0.000276  -0.000905  0.000000  0.000000  0.000000  2.000000  1.000000  0.000000  0.000000  0.000000  1.000000  0.000000  0.000000  0.000000  1.000000  0.999996  0.002851  0.000682  -0.002851  0.999996  0.000563  -0.000680  -0.000565  1.000000  1.000000  0.000000  0.000000  0.000000  1.000000  0.000000  0.000000  0.000000  1.000000  1.000000  0.000000  0.000000  0.000000  1.000000  0.000000  0.000000  0.000000  1.000000  0.000000  0.000000  
43.996171 0.005142  0.086131  0.002103  0.987895  0.153429  0.022855  -0.154383  0.986822  0.048460  -0.015119  -0.051401  0.998564  -0.000260  -0.000106  -0.000827  0.000000  0.000000  0.000000  2.000000  1.000000  0.000000  0.000000  0.000000  1.000000  0.000000  0.000000  0.000000  1.000000  0.999994  0.003467  0.000714  -0.003468  0.999994  0.000675  -0.000712  -0.000677  1.000000  1.000000  0.000000  0.000000  0.000000  1.000000  0.000000  0.000000  0.000000  1.000000  1.000000  0.000000  0.000000  0.000000  1.000000  0.000000  0.000000  0.000000  1.000000  0.000000  0.000000  
43.997422 0.005143  0.086128  0.002104  0.987738  0.154448  0.022792  -0.155400  0.986657  0.048576  -0.014985  -0.051523  0.998559  -0.000156  -0.000456  -0.000695  0.000000  0.000000  0.000000  2.000000  1.000000  0.000000  0.000000  0.000000  1.000000  0.000000  0.000000  0.000000  1.000000  0.999990  0.004502  0.000634  -0.004503  0.999989  0.000902  -0.000630  -0.000905  0.999999  1.000000  0.000000  0.000000  0.000000  1.000000  0.000000  0.000000  0.000000  1.000000  1.000000  0.000000  0.000000  0.000000  1.000000  0.000000  0.000000  0.000000  1.000000  0.000000  0.000000  
43.998671 0.005145  0.086125  0.002104  0.987517  0.155878  0.022635  -0.156824  0.986419  0.048825  -0.014717  -0.051765  0.998551  -0.000027  -0.000752  -0.000554  0.037715  -0.015106  0.206990  2.000000  1.000000  0.000272  0.000027  -0.000272  1.000000  0.000052  -0.000027  -0.000052  1.000000  0.999983  0.005742  0.000565  -0.005743  0.999983  0.001127  -0.000559  -0.001130  0.999999  1.000000  0.000072  0.000007  -0.000072  1.000000  0.000014  -0.000007  -0.000014  1.000000  1.000000  0.000272  0.000027  -0.000272  1.000000  0.000052  -0.000027  -0.000052  1.000000  0.000049  0.005879  
43.999921 0.005146  0.086122  0.002104  0.987322  0.157091  0.022734  -0.158044  0.986214  0.049036  -0.014717  -0.052007  0.998538  0.000139  -0.001087  -0.000466  0.045257  -0.017259  0.248430  2.000000  1.000000  0.000688  0.000057  -0.000688  1.000000  0.000126  -0.000057  -0.000126  1.000000  0.999974  0.007188  0.000507  -0.007189  0.999973  0.001227  -0.000498  -0.001230  0.999999  1.000000  0.000090  0.000006  -0.000090  1.000000  0.000015  -0.000006  -0.000015  1.000000  1.000000  0.000688  0.000057  -0.000688  1.000000  0.000126  -0.000057  -0.000126  1.000000  0.000061  0.007310  
44.001170 0.005149  0.086119  0.002104  0.987090  0.158496  0.023088  -0.159466  0.985983  0.049080  -0.014985  -0.052128  0.998528  0.000343  -0.001460  -0.000431  0.048584  -0.028740  0.296322  2.000000  0.999999  0.001188  0.000098  -0.001188  0.999999  0.000211  -0.000098  -0.000212  1.000000  0.999963  0.008620  0.000717  -0.008621  0.999962  0.001447  -0.000705  -0.001453  0.999999  1.000000  0.000108  0.000009  -0.000108  1.000000  0.000018  -0.000009  -0.000018  1.000000  0.999999  0.001188  0.000098  -0.001188  0.999999  0.000211  -0.000098  -0.000212  1.000000  0.000074  0.008770  
44.002487 0.005152  0.086117  0.002106  0.986857  0.159907  0.023309  -0.160888  0.985748  0.049145  -0.015119  -0.052249  0.998520  0.000579  -0.001721  -0.000199  0.051805  -0.035656  0.343671  2.000000  0.999998  0.001772  0.000157  -0.001772  0.999998  0.000304  -0.000156  -0.000304  1.000000  0.999951  0.009839  0.001050  -0.009841  0.999950  0.001546  -0.001035  -0.001556  0.999998  1.000000  0.000123  0.000013  -0.000123  1.000000  0.000019  -0.000013  -0.000019  1.000000  0.999998  0.001772  0.000157  -0.001772  0.999998  0.000304  -0.000156  -0.000304  1.000000  0.000084  0.010016  
44.003669 0.005155  0.086113  0.002109  0.986620  0.161310  0.023663  -0.162309  0.985513  0.049187  -0.015386  -0.052370  0.998509  0.000841  -0.002077  0.000069  0.055225  -0.047229  0.392335  2.000000  0.999997  0.002318  0.000217  -0.002318  0.999997  0.000385  -0.000216  -0.000386  1.000000  0.999933  0.011476  0.001271  -0.011479  0.999933  0.001640  -0.001252  -0.001655  0.999998  1.000000  0.000143  0.000016  -0.000143  1.000000  0.000021  -0.000016  -0.000021  1.000000  0.999997  0.002318  0.000217  -0.002318  0.999997  0.000385  -0.000216  -0.000386  1.000000  0.000098  0.011664  
44.004919 0.005158  0.086109  0.002112  0.986351  0.162930  0.023764  -0.163934  0.985240  0.049268  -0.015386  -0.052491  0.998503  0.001074  -0.002527  0.000388  0.058472  -0.050104  0.447591  2.000000  0.999995  0.003102  0.000308  -0.003102  0.999995  0.000492  -0.000306  -0.000493  1.000000  0.999910  0.013319  0.001503  -0.013322  0.999910  0.001730  -0.001480  -0.001750  0.999997  1.000000  0.000167  0.000019  -0.000167  1.000000  0.000022  -0.000019  -0.000022  1.000000  0.999995  0.003102  0.000308  -0.003102  0.999995  0.000492  -0.000306  -0.000493  1.000000  0.000112  0.013517  
44.005920 0.005160  0.086103  0.002115  0.986148  0.164144  0.023845  -0.165152  0.985032  0.049358  -0.015386  -0.052612  0.998496  0.001240  -0.002870  0.000623  0.061925  -0.052272  0.489029  2.000000  0.999993  0.003627  0.000365  -0.003627  0.999993  0.000559  -0.000363  -0.000561  1.000000  0.999896  0.014347  0.001558  -0.014350  0.999895  0.001835  -0.001532  -0.001857  0.999997  1.000000  0.000179  0.000019  -0.000179  1.000000  0.000023  -0.000019  -0.000023  1.000000  0.999993  0.003627  0.000365  -0.003627  0.999993  0.000559  -0.000363  -0.000561  1.000000  0.000120  0.014549  
44.007167 0.005161  0.086093  0.002117  0.985943  0.165355  0.023946  -0.166370  0.984817  0.049567  -0.015386  -0.052855  0.998484  0.001387  -0.003341  0.000920  0.069476  -0.054495  0.530641  2.000000  0.999989  0.004580  0.000465  -0.004581  0.999989  0.000681  -0.000462  -0.000683  1.000000  0.999874  0.015785  0.001638  -0.015789  0.999873  0.002054  -0.001605  -0.002080  0.999997  1.000000  0.000197  0.000020  -0.000197  1.000000  0.000026  -0.000020  -0.000026  1.000000  0.999989  0.004580  0.000465  -0.004581  0.999989  0.000681  -0.000462  -0.000683  1.000000  0.000133  0.016005  
44.008167 0.005163  0.086085  0.002120  0.985737  0.166569  0.024027  -0.167588  0.984606  0.049657  -0.015386  -0.052976  0.998477  0.001506  -0.003707  0.001166  0.072944  -0.056686  0.572197  2.000000  0.999985  0.005403  0.000549  -0.005403  0.999985  0.000786  -0.000544  -0.000789  1.000000  0.999857  0.016813  0.001694  -0.016816  0.999856  0.002159  -0.001657  -0.002187  0.999996  1.000000  0.000210  0.000021  -0.000210  1.000000  0.000027  -0.000021  -0.000027  1.000000  0.999985  0.005403  0.000549  -0.005403  0.999985  0.000786  -0.000544  -0.000789  1.000000  0.000141  0.017038  
44.009417 0.005165  0.086073  0.002124  0.985529  0.167779  0.024129  -0.168805  0.984387  0.049866  -0.015386  -0.053218  0.998464  0.001608  -0.004189  0.001443  0.080450  -0.058891  0.613456  2.000000  0.999979  0.006508  0.000657  -0.006508  0.999978  0.000928  -0.000651  -0.000933  0.999999  0.999832  0.018251  0.001774  -0.018255  0.999831  0.002378  -0.001730  -0.002410  0.999996  1.000000  0.000228  0.000022  -0.000228  1.000000  0.000030  -0.000022  -0.000030  1.000000  0.999979  0.006508  0.000657  -0.006508  0.999978  0.000928  -0.000651  -0.000933  0.999999  0.000154  0.018494  
44.010429 0.005167  0.086062  0.002128  0.985320  0.168989  0.024232  -0.170023  0.984167  0.050075  -0.015386  -0.053460  0.998451  0.001711  -0.004737  0.001673  0.087962  -0.061111  0.654761  2.000000  0.999972  0.007454  0.000747  -0.007454  0.999972  0.001053  -0.000739  -0.001059  0.999999  0.999812  0.019278  0.001833  -0.019283  0.999811  0.002603  -0.001783  -0.002638  0.999995  1.000000  0.000241  0.000023  -0.000241  1.000000  0.000033  -0.000023  -0.000033  1.000000  0.999972  0.007454  0.000747  -0.007454  0.999972  0.001053  -0.000739  -0.001059  0.999999  0.000163  0.019543  
44.011671 0.005171  0.086048  0.002131  0.985037  0.170594  0.024508  -0.171645  0.983870  0.050370  -0.015520  -0.053823  0.998430  0.001913  -0.005461  0.001847  0.099312  -0.068609  0.709785  2.000000  0.999962  0.008717  0.000871  -0.008718  0.999961  0.001222  -0.000861  -0.001230  0.999999  0.999783  0.020709  0.002048  -0.020715  0.999782  0.002698  -0.001992  -0.002740  0.999994  1.000000  0.000259  0.000025  -0.000259  1.000000  0.000034  -0.000025  -0.000034  1.000000  0.999962  0.008717  0.000871  -0.008718  0.999961  0.001222  -0.000861  -0.001230  0.999999  0.000176  0.020989  
44.012674 0.005175  0.086035  0.002132  0.984822  0.171796  0.024744  -0.172861  0.983648  0.050556  -0.015654  -0.054065  0.998415  0.002100  -0.006173  0.001911  0.106778  -0.075348  0.750912  2.000000  0.999952  0.009769  0.000970  -0.009770  0.999951  0.001366  -0.000956  -0.001376  0.999999  0.999775  0.021120  0.002076  -0.021126  0.999773  0.002931  -0.002013  -0.002974  0.999994  1.000000  0.000264  0.000026  -0.000264  1.000000  0.000037  -0.000026  -0.000037  1.000000  0.999952  0.009769  0.000970  -0.009770  0.999951  0.001366  -0.000956  -0.001376  0.999999  0.000187  0.021427  
44.013922 0.005178  0.086019  0.002134  0.984572  0.173207  0.024858  -0.174280  0.983387  0.050758  -0.015654  -0.054308  0.998402  0.002228  -0.007097  0.001974  0.114098  -0.078345  0.806210  2.000000  0.999941  0.010850  0.001072  -0.010852  0.999940  0.001520  -0.001055  -0.001532  0.999998  0.999762  0.021743  0.001983  -0.021749  0.999758  0.003163  -0.001914  -0.003206  0.999993  1.000000  0.000272  0.000024  -0.000272  1.000000  0.000040  -0.000024  -0.000040  1.000000  0.999941  0.010850  0.001072  -0.010852  0.999940  0.001520  -0.001055  -0.001532  0.999998  0.000201  0.022066  
44.015171 0.005181  0.086001  0.002135  0.984356  0.174415  0.024963  -0.175496  0.983160  0.050966  -0.015654  -0.054550  0.998388  0.002295  -0.007989  0.002024  0.121620  -0.080624  0.847636  2.000000  0.999925  0.012225  0.001188  -0.012227  0.999924  0.001719  -0.001167  -0.001733  0.999998  0.999753  0.022168  0.001743  -0.022173  0.999749  0.003156  -0.001673  -0.003194  0.999993  1.000000  0.000277  0.000021  -0.000277  1.000000  0.000040  -0.000021  -0.000040  1.000000  0.999925  0.012225  0.001188  -0.012227  0.999924  0.001719  -0.001167  -0.001733  0.999998  0.000212  0.022463  
44.016421 0.005184  0.085983  0.002135  0.984172  0.175414  0.025190  -0.176509  0.982969  0.051155  -0.015788  -0.054792  0.998373  0.002297  -0.009126  0.002089  0.129196  -0.087043  0.881981  2.000000  0.999906  0.013633  0.001304  -0.013636  0.999905  0.001919  -0.001278  -0.001936  0.999997  0.999744  0.022578  0.001771  -0.022584  0.999740  0.003146  -0.001700  -0.003185  0.999993  1.000000  0.000282  0.000022  -0.000282  1.000000  0.000040  -0.000022  -0.000040  1.000000  0.999906  0.013633  0.001304  -0.013636  0.999905  0.001919  -0.001278  -0.001936  0.999997  0.000222  0.022870  
44.017668 0.005187  0.085966  0.002137  0.983952  0.176615  0.025427  -0.177724  0.982740  0.051339  -0.015921  -0.055034  0.998358  0.002311  -0.010171  0.002026  0.136656  -0.093831  0.923184  2.000000  0.999886  0.015054  0.001426  -0.015057  0.999884  0.002118  -0.001394  -0.002139  0.999997  0.999739  0.022769  0.002055  -0.022775  0.999736  0.003143  -0.001983  -0.003189  0.999993  1.000000  0.000285  0.000025  -0.000285  1.000000  0.000040  -0.000025  -0.000040  1.000000  0.999886  0.015054  0.001426  -0.015057  0.999884  0.002118  -0.001394  -0.002139  0.999997  0.000233  0.023081  
44.018921 0.005190  0.085947  0.002138  0.983731  0.177822  0.025534  -0.178939  0.982509  0.051546  -0.015921  -0.055276  0.998344  0.002245  -0.011203  0.001899  0.144161  -0.096131  0.964541  2.000000  0.999863  0.016471  0.001569  -0.016475  0.999862  0.002315  -0.001530  -0.002340  0.999996  0.999738  0.022754  0.002325  -0.022761  0.999736  0.003140  -0.002253  -0.003192  0.999992  1.000000  0.000284  0.000029  -0.000284  1.000000  0.000040  -0.000029  -0.000040  1.000000  0.999863  0.016471  0.001569  -0.016475  0.999862  0.002315  -0.001530  -0.002340  0.999996  0.000243  0.023092  
44.020170 0.005191  0.085927  0.002141  0.983581  0.178621  0.025729  -0.179749  0.982357  0.051620  -0.016055  -0.055397  0.998335  0.002204  -0.012142  0.001861  0.147900  -0.101810  0.985323  2.000000  0.999839  0.017880  0.001723  -0.017884  0.999837  0.002509  -0.001678  -0.002539  0.999995  0.999747  0.022327  0.002575  -0.022335  0.999746  0.003144  -0.002504  -0.003200  0.999992  1.000000  0.000279  0.000032  -0.000279  1.000000  0.000040  -0.000032  -0.000040  1.000000  0.999839  0.017880  0.001723  -0.017884  0.999837  0.002509  -0.001678  -0.002539  0.999995  0.000250  0.022700  
44.021172 0.005192  0.085911  0.002144  0.983470  0.179228  0.025761  -0.180356  0.982247  0.051604  -0.016055  -0.055397  0.998335  0.002135  -0.012730  0.001903  0.143744  -0.097370  0.985465  2.000000  0.999818  0.018981  0.001849  -0.018986  0.999816  0.002661  -0.001798  -0.002695  0.999995  0.999757  0.021924  0.002419  -0.021931  0.999755  0.003029  -0.002352  -0.003082  0.999992  1.000000  0.000274  0.000030  -0.000274  1.000000  0.000038  -0.000030  -0.000038  1.000000  0.999818  0.018981  0.001849  -0.018986  0.999816  0.002661  -0.001798  -0.002695  0.999995  0.000252  0.022269  
44.022418 0.005193  0.085891  0.002147  0.983319  0.180026  0.025957  -0.181166  0.982094  0.051678  -0.016189  -0.055518  0.998326  0.002046  -0.013492  0.001922  0.143741  -0.097137  0.978691  2.000000  0.999797  0.020064  0.001972  -0.020069  0.999795  0.002811  -0.001915  -0.002850  0.999994  0.999766  0.021512  0.002399  -0.021520  0.999764  0.003034  -0.002333  -0.003084  0.999993  1.000000  0.000269  0.000030  -0.000269  1.000000  0.000038  -0.000030  -0.000038  1.000000  0.999797  0.020064  0.001972  -0.020069  0.999795  0.002811  -0.001915  -0.002850  0.999994  0.000248  0.021862  
44.023667 0.005193  0.085869  0.002151  0.983168  0.180824  0.026153  -0.181975  0.981940  0.051751  -0.016323  -0.055639  0.998318  0.001935  -0.014173  0.001902  0.139473  -0.092828  0.978953  2.000000  0.999769  0.021380  0.002121  -0.021386  0.999767  0.002995  -0.002056  -0.003040  0.999993  0.999788  0.020492  0.002211  -0.020498  0.999786  0.002927  -0.002150  -0.002972  0.999993  1.000000  0.000256  0.000027  -0.000256  1.000000  0.000037  -0.000027  -0.000037  1.000000  0.999769  0.021380  0.002121  -0.021386  0.999767  0.002995  -0.002056  -0.003040  0.999993  0.000246  0.020822  
44.024917 0.005192  0.085846  0.002155  0.983015  0.181622  0.026349  -0.182784  0.981786  0.051824  -0.016456  -0.055760  0.998309  0.001735  -0.014778  0.001937  0.138211  -0.097044  0.977918  2.000000  0.999741  0.022639  0.002260  -0.022647  0.999738  0.003177  -0.002187  -0.003227  0.999992  0.999800  0.019875  0.002179  -0.019882  0.999798  0.002935  -0.002120  -0.002978  0.999993  1.000000  0.000248  0.000027  -0.000248  1.000000  0.000037  -0.000027  -0.000037  1.000000  0.999741  0.022639  0.002260  -0.022647  0.999738  0.003177  -0.002187  -0.003227  0.999992  0.000248  0.020213  
44.026167 0.005191  0.085822  0.002159  0.982864  0.182427  0.026414  -0.183594  0.981630  0.051922  -0.016456  -0.055881  0.998302  0.001391  -0.015463  0.001994  0.134006  -0.097553  0.984381  2.000000  0.999713  0.023843  0.002396  -0.023851  0.999710  0.003356  -0.002316  -0.003412  0.999991  0.999820  0.018848  0.002122  -0.018854  0.999818  0.002832  -0.002068  -0.002872  0.999994  1.000000  0.000236  0.000026  -0.000236  1.000000  0.000036  -0.000026  -0.000036  1.000000  0.999713  0.023843  0.002396  -0.023851  0.999710  0.003356  -0.002316  -0.003412  0.999991  0.000250  0.019181  
44.027167 0.005190  0.085801  0.002162  0.982789  0.182832  0.026435  -0.183998  0.981555  0.051911  -0.016456  -0.055881  0.998302  0.001115  -0.016027  0.002042  0.130233  -0.101320  0.970338  2.000000  0.999690  0.024761  0.002504  -0.024770  0.999687  0.003498  -0.002416  -0.003559  0.999991  0.999835  0.018026  0.002078  -0.018031  0.999833  0.002847  -0.002027  -0.002884  0.999994  1.000000  0.000225  0.000026  -0.000225  1.000000  0.000036  -0.000026  -0.000036  1.000000  0.999690  0.024761  0.002504  -0.024770  0.999687  0.003498  -0.002416  -0.003559  0.999991  0.000246  0.018371  
44.028175 0.005188  0.085780  0.002165  0.982713  0.183233  0.026479  -0.184403  0.981473  0.052019  -0.016456  -0.056002  0.998295  0.000851  -0.016572  0.002136  0.127710  -0.105316  0.950301  2.000000  0.999668  0.025647  0.002609  -0.025656  0.999664  0.003636  -0.002515  -0.003702  0.999990  0.999846  0.017409  0.002046  -0.017414  0.999845  0.002736  -0.001998  -0.002771  0.999994  1.000000  0.000218  0.000025  -0.000218  1.000000  0.000034  -0.000025  -0.000034  1.000000  0.999668  0.025647  0.002609  -0.025656  0.999664  0.003636  -0.002515  -0.003702  0.999990  0.000241  0.017745  
44.029417 0.005187  0.085754  0.002169  0.982637  0.183633  0.026522  -0.184808  0.981391  0.052127  -0.016456  -0.056123  0.998288  0.000481  -0.017194  0.002352  0.127187  -0.107565  0.915089  2.000000  0.999640  0.026703  0.002738  -0.026714  0.999636  0.003805  -0.002636  -0.003877  0.999989  0.999860  0.016587  0.002002  -0.016592  0.999859  0.002750  -0.001956  -0.002783  0.999994  1.000000  0.000207  0.000025  -0.000207  1.000000  0.000035  -0.000025  -0.000035  1.000000  0.999640  0.026703  0.002738  -0.026714  0.999636  0.003805  -0.002636  -0.003877  0.999989  0.000233  0.016935  
44.030423 0.005185  0.085733  0.002173  0.982563  0.184042  0.026435  -0.185213  0.981308  0.052260  -0.016323  -0.056245  0.998284  0.000200  -0.017697  0.002579  0.128682  -0.098096  0.895572  2.000000  0.999623  0.027312  0.002813  -0.027323  0.999619  0.003904  -0.002705  -0.003979  0.999988  0.999871  0.015977  0.001836  -0.015982  0.999869  0.002642  -0.001794  -0.002671  0.999995  1.000000  0.000200  0.000023  -0.000200  1.000000  0.000033  -0.000023  -0.000033  1.000000  0.999623  0.027312  0.002813  -0.027323  0.999619  0.003904  -0.002705  -0.003979  0.999988  0.000227  0.016301  
44.031672 0.005181  0.085705  0.002177  0.982484  0.184435  0.026610  -0.185617  0.981227  0.052343  -0.016456  -0.056366  0.998275  -0.000213  -0.018339  0.002793  0.124951  -0.091874  0.861109  2.000000  0.999596  0.028285  0.002928  -0.028296  0.999591  0.004063  -0.002812  -0.004144  0.999987  0.999884  0.015155  0.001792  -0.015160  0.999882  0.002533  -0.001753  -0.002560  0.999995  1.000000  0.000189  0.000022  -0.000189  1.000000  0.000032  -0.000022  -0.000032  1.000000  0.999596  0.028285  0.002928  -0.028296  0.999591  0.004063  -0.002812  -0.004144  0.999987  0.000222  0.015472  
44.032924 0.005177  0.085675  0.002179  0.982408  0.184836  0.026654  -0.186021  0.981145  0.052451  -0.016456  -0.056487  0.998268  -0.000766  -0.019160  0.002826  0.124377  -0.085327  0.827354  2.000000  0.999569  0.029182  0.003040  -0.029195  0.999565  0.004212  -0.002916  -0.004299  0.999987  0.999902  0.013922  0.001724  -0.013926  0.999900  0.002311  -0.001692  -0.002335  0.999996  1.000000  0.000174  0.000021  -0.000174  1.000000  0.000029  -0.000021  -0.000029  1.000000  0.999569  0.029182  0.003040  -0.029195  0.999565  0.004212  -0.002916  -0.004299  0.999987  0.000212  0.014220  
44.034171 0.005172  0.085645  0.002180  0.982329  0.185229  0.026829  -0.186425  0.981064  0.052534  -0.016590  -0.056608  0.998259  -0.001214  -0.019867  0.002732  0.125989  -0.083437  0.785295  2.000000  0.999545  0.030001  0.003142  -0.030014  0.999540  0.004347  -0.003010  -0.004440  0.999986  0.999918  0.012689  0.001656  -0.012692  0.999917  0.002088  -0.001630  -0.002109  0.999996  1.000000  0.000159  0.000021  -0.000159  1.000000  0.000026  -0.000021  -0.000026  1.000000  0.999545  0.030001  0.003142  -0.030014  0.999540  0.004347  -0.003010  -0.004440  0.999986  0.000204  0.012968  
44.035173 0.005167  0.085621  0.002180  0.982291  0.185428  0.026863  -0.186628  0.981019  0.052648  -0.016590  -0.056729  0.998252  -0.001667  -0.020496  0.002619  0.126550  -0.081646  0.750789  2.000000  0.999526  0.030604  0.003225  -0.030618  0.999521  0.004446  -0.003088  -0.004542  0.999985  0.999928  0.011866  0.001611  -0.011870  0.999928  0.001981  -0.001588  -0.002000  0.999997  1.000000  0.000148  0.000020  -0.000148  1.000000  0.000025  -0.000020  -0.000025  1.000000  0.999526  0.030604  0.003225  -0.030618  0.999521  0.004446  -0.003088  -0.004542  0.999985  0.000195  0.012140  
44.036420 0.005160  0.085590  0.002182  0.982214  0.185832  0.026884  -0.187032  0.980943  0.052637  -0.016590  -0.056729  0.998252  -0.002139  -0.021213  0.002485  0.123023  -0.079795  0.716221  2.000000  0.999504  0.031312  0.003322  -0.031327  0.999499  0.004562  -0.003178  -0.004664  0.999984  0.999938  0.011052  0.001431  -0.011055  0.999937  0.001753  -0.001412  -0.001769  0.999997  1.000000  0.000138  0.000018  -0.000138  1.000000  0.000022  -0.000018  -0.000022  1.000000  0.999504  0.031312  0.003322  -0.031327  0.999499  0.004562  -0.003178  -0.004664  0.999984  0.000186  0.011283  
44.037666 0.005154  0.085561  0.002183  0.982137  0.186232  0.026928  -0.187436  0.980860  0.052745  -0.016590  -0.056850  0.998245  -0.002566  -0.021719  0.002353  0.118299  -0.078139  0.689772  2.000000  0.999487  0.031851  0.003395  -0.031867  0.999481  0.004649  -0.003245  -0.004755  0.999983  0.999942  0.010641  0.001409  -0.010643  0.999942  0.001760  -0.001390  -0.001775  0.999997  1.000000  0.000133  0.000017  -0.000133  1.000000  0.000022  -0.000017  -0.000022  1.000000  0.999487  0.031851  0.003395  -0.031867  0.999481  0.004649  -0.003245  -0.004755  0.999983  0.000178  0.010878  
44.038668 0.005149  0.085537  0.002184  0.982059  0.186636  0.026950  -0.187841  0.980783  0.052734  -0.016590  -0.056850  0.998245  -0.003013  -0.022203  0.002215  0.115655  -0.077313  0.667904  2.000000  0.999470  0.032355  0.003463  -0.032371  0.999465  0.004728  -0.003308  -0.004838  0.999983  0.999951  0.009826  0.001229  -0.009828  0.999951  0.001531  -0.001214  -0.001543  0.999998  1.000000  0.000123  0.000015  -0.000123  1.000000  0.000019  -0.000015  -0.000019  1.000000  0.999470  0.032355  0.003463  -0.032371  0.999465  0.004728  -0.003308  -0.004838  0.999983  0.000171  0.010022  
44.039917 0.005141  0.085507  0.002186  0.982021  0.186835  0.026984  -0.188043  0.980738  0.052847  -0.016590  -0.056971  0.998238  -0.003470  -0.022675  0.002034  0.111205  -0.074902  0.628112  2.000000  0.999451  0.032935  0.003541  -0.032952  0.999445  0.004824  -0.003380  -0.004938  0.999982  0.999961  0.008799  0.001172  -0.008801  0.999960  0.001549  -0.001158  -0.001559  0.999998  1.000000  0.000110  0.000015  -0.000110  1.000000  0.000019  -0.000015  -0.000019  1.000000  0.999451  0.032935  0.003541  -0.032952  0.999445  0.004824  -0.003380  -0.004938  0.999982  0.000160  0.009012  
44.041166 0.005133  0.085477  0.002188  0.981982  0.187037  0.026995  -0.188245  0.980700  0.052841  -0.016590  -0.056971  0.998238  -0.003846  -0.022971  0.001889  0.099884  -0.067959  0.580848  2.000000  0.999433  0.033466  0.003610  -0.033484  0.999427  0.004915  -0.003444  -0.005033  0.999981  0.999964  0.008395  0.001015  -0.008397  0.999964  0.001435  -0.001003  -0.001443  0.999998  1.000000  0.000105  0.000013  -0.000105  1.000000  0.000018  -0.000013  -0.000018  1.000000  0.999433  0.033466  0.003610  -0.033484  0.999427  0.004915  -0.003444  -0.005033  0.999981  0.000150  0.008578  
44.042167 0.005127  0.085453  0.002190  0.981941  0.187231  0.027137  -0.188447  0.980662  0.052811  -0.016724  -0.056971  0.998236  -0.004193  -0.023186  0.001831  0.092237  -0.070529  0.545900  2.000000  0.999420  0.033868  0.003665  -0.033886  0.999413  0.004983  -0.003495  -0.005105  0.999981  0.999969  0.007779  0.000980  -0.007780  0.999969  0.001323  -0.000969  -0.001331  0.999999  1.000000  0.000097  0.000012  -0.000097  1.000000  0.000017  -0.000012  -0.000017  1.000000  0.999420  0.033868  0.003665  -0.033886  0.999413  0.004983  -0.003495  -0.005105  0.999981  0.000143  0.007952  
44.043167 0.005121  0.085429  0.002193  0.981863  0.187635  0.027158  -0.188851  0.980585  0.052799  -0.016724  -0.056971  0.998236  -0.004482  -0.023408  0.001874  0.084621  -0.064665  0.519124  2.000000  0.999407  0.034246  0.003714  -0.034264  0.999400  0.005048  -0.003539  -0.005173  0.999980  0.999972  0.007375  0.000823  -0.007377  0.999972  0.001330  -0.000813  -0.001336  0.999999  1.000000  0.000092  0.000010  -0.000092  1.000000  0.000017  -0.000010  -0.000017  1.000000  0.999407  0.034246  0.003714  -0.034264  0.999400  0.005048  -0.003539  -0.005173  0.999980  0.000132  0.007540  
44.044424 0.005115  0.085400  0.002198  0.981824  0.187837  0.027169  -0.189053  0.980547  0.052794  -0.016724  -0.056971  0.998236  -0.004918  -0.023799  0.001835  0.073695  -0.062929  0.481543  2.000000  0.999391  0.034699  0.003768  -0.034718  0.999384  0.005124  -0.003587  -0.005252  0.999980  0.999975  0.006964  0.000799  -0.006965  0.999975  0.001216  -0.000791  -0.001221  0.999999  1.000000  0.000087  0.000010  -0.000087  1.000000  0.000015  -0.000010  -0.000015  1.000000  0.999391  0.034699  0.003768  -0.034718  0.999384  0.005124  -0.003587  -0.005252  0.999980  0.000125  0.007115  
44.045425 0.005109  0.085375  0.002201  0.981788  0.188043  0.027072  -0.189256  0.980500  0.052933  -0.016590  -0.057092  0.998231  -0.005085  -0.023850  0.001848  0.074129  -0.052450  0.454319  2.000000  0.999382  0.034955  0.003794  -0.034974  0.999375  0.005170  -0.003611  -0.005300  0.999979  0.999977  0.006766  0.000655  -0.006767  0.999976  0.001219  -0.000646  -0.001224  0.999999  1.000000  0.000085  0.000008  -0.000085  1.000000  0.000015  -0.000008  -0.000015  1.000000  0.999382  0.034955  0.003794  -0.034974  0.999375  0.005170  -0.003611  -0.005300  0.999979  0.000119  0.006907  
44.046670 0.005102  0.085344  0.002205  0.981749  0.188245  0.027083  -0.189458  0.980461  0.052927  -0.016590  -0.057092  0.998231  -0.005281  -0.024051  0.001871  0.065792  -0.050939  0.430184  2.000000  0.999368  0.035354  0.003827  -0.035374  0.999360  0.005246  -0.003639  -0.005378  0.999979  0.999981  0.006158  0.000486  -0.006158  0.999980  0.001231  -0.000478  -0.001234  0.999999  1.000000  0.000077  0.000006  -0.000077  1.000000  0.000015  -0.000006  -0.000015  1.000000  0.999368  0.035354  0.003827  -0.035374  0.999360  0.005246  -0.003639  -0.005378  0.999979  0.000111  0.006298  
44.047673 0.005097  0.085319  0.002208  0.981673  0.188659  0.026950  -0.189863  0.980389  0.052822  -0.016456  -0.056971  0.998240  -0.005417  -0.024146  0.001932  0.054548  -0.040851  0.406578  2.000000  0.999357  0.035654  0.003853  -0.035674  0.999349  0.005296  -0.003661  -0.005430  0.999979  0.999982  0.005952  0.000473  -0.005953  0.999982  0.000992  -0.000468  -0.000994  0.999999  1.000000  0.000074  0.000006  -0.000074  1.000000  0.000012  -0.000006  -0.000012  1.000000  0.999357  0.035654  0.003853  -0.035674  0.999349  0.005296  -0.003661  -0.005430  0.999979  0.000103  0.006053  
44.048921 0.005091  0.085288  0.002210  0.981634  0.188861  0.026961  -0.190065  0.980350  0.052817  -0.016456  -0.056971  0.998240  -0.005454  -0.024184  0.002060  0.050495  -0.038995  0.375787  2.000000  0.999344  0.036019  0.003875  -0.036039  0.999336  0.005352  -0.003680  -0.005488  0.999978  0.999983  0.005754  0.000328  -0.005755  0.999983  0.000875  -0.000323  -0.000876  1.000000  1.000000  0.000072  0.000004  -0.000072  1.000000  0.000011  -0.000004  -0.000011  1.000000  0.999344  0.036019  0.003875  -0.036039  0.999336  0.005352  -0.003680  -0.005488  0.999978  0.000096  0.005830  
44.050170 0.005086  0.085257  0.002212  0.981555  0.189265  0.026983  -0.190469  0.980272  0.052806  -0.016456  -0.056971  0.998240  -0.005386  -0.024266  0.002088  0.046649  -0.033793  0.362331  2.000000  0.999330  0.036380  0.003898  -0.036401  0.999323  0.005399  -0.003699  -0.005538  0.999978  0.999983  0.005754  0.000328  -0.005754  0.999983  0.000753  -0.000324  -0.000755  1.000000  1.000000  0.000072  0.000004  -0.000072  1.000000  0.000009  -0.000004  -0.000009  1.000000  0.999330  0.036380  0.003898  -0.036401  0.999323  0.005399  -0.003699  -0.005538  0.999978  0.000093  0.005813  
44.051425 0.005082  0.085225  0.002213  0.981475  0.189661  0.027136  -0.190873  0.980195  0.052769  -0.016590  -0.056971  0.998238  -0.005204  -0.024347  0.002149  0.043244  -0.032923  0.344562  2.000000  0.999318  0.036724  0.003925  -0.036745  0.999310  0.005437  -0.003723  -0.005577  0.999978  0.999986  0.005336  0.000438  -0.005336  0.999986  0.000518  -0.000436  -0.000520  1.000000  1.000000  0.000067  0.000005  -0.000067  1.000000  0.000006  -0.000005  -0.000006  1.000000  0.999318  0.036724  0.003925  -0.036745  0.999310  0.005437  -0.003723  -0.005577  0.999978  0.000088  0.005379  
44.052671 0.005078  0.085194  0.002215  0.981435  0.189863  0.027147  -0.191075  0.980156  0.052763  -0.016590  -0.056971  0.998238  -0.005050  -0.024484  0.002125  0.043568  -0.027270  0.324130  2.000000  0.999305  0.037059  0.003956  -0.037081  0.999297  0.005465  -0.003750  -0.005608  0.999977  0.999986  0.005336  0.000438  -0.005336  0.999986  0.000396  -0.000436  -0.000398  1.000000  1.000000  0.000067  0.000005  -0.000067  1.000000  0.000005  -0.000005  -0.000005  1.000000  0.999305  0.037059  0.003956  -0.037081  0.999297  0.005465  -0.003750  -0.005608  0.999977  0.000085  0.005368  
44.053913 0.005076  0.085163  0.002216  0.981357  0.190266  0.027168  -0.191479  0.980078  0.052752  -0.016590  -0.056971  0.998238  -0.004769  -0.024571  0.002112  0.039285  -0.026683  0.314662  2.000000  0.999295  0.037326  0.003978  -0.037347  0.999287  0.005484  -0.003771  -0.005629  0.999977  0.999986  0.005336  0.000438  -0.005336  0.999986  0.000396  -0.000436  -0.000398  1.000000  1.000000  0.000067  0.000005  -0.000067  1.000000  0.000005  -0.000005  -0.000005  1.000000  0.999295  0.037326  0.003978  -0.037347  0.999287  0.005484  -0.003771  -0.005629  0.999977  0.000080  0.005368  
44.054918 0.005074  0.085139  0.002217  0.981317  0.190468  0.027179  -0.191681  0.980039  0.052747  -0.016590  -0.056971  0.998238  -0.004446  -0.024567  0.002111  0.035853  -0.021261  0.296777  2.000000  0.999285  0.037593  0.003997  -0.037614  0.999277  0.005497  -0.003788  -0.005643  0.999977  0.999986  0.005343  0.000305  -0.005343  0.999986  0.000274  -0.000303  -0.000276  1.000000  1.000000  0.000067  0.000004  -0.000067  1.000000  0.000003  -0.000004  -0.000003  1.000000  0.999285  0.037593  0.003997  -0.037614  0.999277  0.005497  -0.003788  -0.005643  0.999977  0.000077  0.005359  
44.056167 0.005073  0.085109  0.002218  0.981238  0.190875  0.027178  -0.192085  0.979967  0.052617  -0.016590  -0.056850  0.998245  -0.003977  -0.024544  0.002007  0.027583  -0.020699  0.287471  2.000000  0.999272  0.037926  0.004016  -0.037948  0.999265  0.005506  -0.003805  -0.005654  0.999977  0.999986  0.005343  0.000304  -0.005343  0.999986  0.000032  -0.000304  -0.000033  1.000000  1.000000  0.000067  0.000004  -0.000067  1.000000  0.000000  -0.000004  -0.000000  1.000000  0.999272  0.037926  0.004016  -0.037948  0.999265  0.005506  -0.003805  -0.005654  0.999977  0.000073  0.005352  
44.057417 0.005073  0.085079  0.002219  0.981159  0.191278  0.027200  -0.192489  0.979888  0.052605  -0.016590  -0.056850  0.998245  -0.003493  -0.024550  0.001918  0.023542  -0.020718  0.287493  2.000000  0.999260  0.038255  0.004035  -0.038277  0.999252  0.005506  -0.003822  -0.005656  0.999977  0.999987  0.005138  0.000292  -0.005138  0.999987  -0.000086  -0.000293  0.000085  1.000000  1.000000  0.000064  0.000004  -0.000064  1.000000  -0.000001  -0.000004  0.000001  1.000000  0.999260  0.038255  0.004035  -0.038277  0.999252  0.005506  -0.003822  -0.005656  0.999977  0.000071  0.005147  
44.058422 0.005073  0.085055  0.002220  0.981119  0.191480  0.027210  -0.192691  0.979849  0.052600  -0.016590  -0.056850  0.998245  -0.003108  -0.024558  0.001712  0.019776  -0.020518  0.282996  2.000000  0.999250  0.038514  0.004050  -0.038536  0.999242  0.005501  -0.003835  -0.005653  0.999977  0.999987  0.005138  0.000292  -0.005138  0.999987  -0.000086  -0.000293  0.000085  1.000000  1.000000  0.000064  0.000004  -0.000064  1.000000  -0.000001  -0.000004  0.000001  1.000000  0.999250  0.038514  0.004050  -0.038536  0.999242  0.005501  -0.003835  -0.005653  0.999977  0.000071  0.005147  
44.059666 0.005073  0.085025  0.002223  0.981038  0.191876  0.027363  -0.193094  0.979771  0.052563  -0.016724  -0.056850  0.998243  -0.002658  -0.024606  0.001590  0.015817  -0.024668  0.276212  2.000000  0.999237  0.038840  0.004070  -0.038862  0.999229  0.005493  -0.003853  -0.005647  0.999977  0.999986  0.005336  0.000438  -0.005336  0.999986  -0.000212  -0.000439  0.000209  1.000000  1.000000  0.000067  0.000005  -0.000067  1.000000  -0.000003  -0.000005  0.000003  1.000000  0.999237  0.038840  0.004070  -0.038862  0.999229  0.005493  -0.003853  -0.005647  0.999977  0.000071  0.005358  
44.060670 0.005073  0.085002  0.002224  0.980998  0.192078  0.027374  -0.193296  0.979732  0.052557  -0.016724  -0.056850  0.998243  -0.002327  -0.024509  0.001477  0.015681  -0.028881  0.273271  2.000000  0.999227  0.039107  0.004091  -0.039129  0.999219  0.005482  -0.003874  -0.005638  0.999977  0.999986  0.005336  0.000438  -0.005336  0.999986  -0.000212  -0.000439  0.000209  1.000000  1.000000  0.000067  0.000005  -0.000067  1.000000  -0.000003  -0.000005  0.000003  1.000000  0.999227  0.039107  0.004091  -0.039129  0.999219  0.005482  -0.003874  -0.005638  0.999977  0.000069  0.005358  
44.061671 0.005074  0.084978  0.002227  0.980918  0.192481  0.027396  -0.193700  0.979653  0.052546  -0.016724  -0.056850  0.998243  -0.001867  -0.024424  0.001383  0.011619  -0.024445  0.273525  2.000000  0.999219  0.039312  0.004108  -0.039334  0.999211  0.005473  -0.003889  -0.005630  0.999977  0.999985  0.005541  0.000449  -0.005541  0.999985  -0.000215  -0.000451  0.000213  1.000000  1.000000  0.000069  0.000006  -0.000069  1.000000  -0.000003  -0.000006  0.000003  1.000000  0.999219  0.039312  0.004108  -0.039334  0.999211  0.005473  -0.003889  -0.005630  0.999977  0.000069  0.005563  
44.062671 0.005076  0.084955  0.002230  0.980838  0.192884  0.027417  -0.194104  0.979573  0.052535  -0.016724  -0.056850  0.998243  -0.001412  -0.024278  0.001472  0.007640  -0.024669  0.275835  2.000000  0.999208  0.039589  0.004125  -0.039611  0.999200  0.005462  -0.003905  -0.005621  0.999977  0.999985  0.005549  0.000316  -0.005549  0.999985  -0.000215  -0.000317  0.000213  1.000000  1.000000  0.000069  0.000004  -0.000069  1.000000  -0.000003  -0.000004  0.000003  1.000000  0.999208  0.039589  0.004125  -0.039611  0.999200  0.005462  -0.003905  -0.005621  0.999977  0.000069  0.005562  
44.063922 0.005078  0.084927  0.002235  0.980758  0.193291  0.027415  -0.194508  0.979500  0.052404  -0.016724  -0.056729  0.998250  -0.000783  -0.024043  0.001620  -0.000534  -0.020175  0.276051  2.000000  0.999193  0.039943  0.004144  -0.039966  0.999186  0.005441  -0.003923  -0.005603  0.999977  0.999985  0.005549  0.000315  -0.005549  0.999985  -0.000336  -0.000317  0.000335  1.000000  1.000000  0.000069  0.000004  -0.000069  1.000000  -0.000004  -0.000004  0.000004  1.000000  0.999193  0.039943  0.004144  -0.039966  0.999186  0.005441  -0.003923  -0.005603  0.999977  0.000069  0.005568  
44.065171 0.005081  0.084899  0.002239  0.980678  0.193694  0.027437  -0.194912  0.979420  0.052393  -0.016724  -0.056729  0.998250  -0.000295  -0.023840  0.001856  -0.004687  -0.020415  0.280624  2.000000  0.999179  0.040300  0.004164  -0.040322  0.999172  0.005419  -0.003942  -0.005583  0.999977  0.999983  0.005754  0.000327  -0.005754  0.999983  -0.000340  -0.000329  0.000338  1.000000  1.000000  0.000072  0.000004  -0.000072  1.000000  -0.000004  -0.000004  0.000004  1.000000  0.999179  0.040300  0.004164  -0.040322  0.999172  0.005419  -0.003942  -0.005583  0.999977  0.000069  0.005774  
