1-Time 2-Px 3-Py 4-Pz 5-R11 6-R21 7-R31 8-R12 9-R22 10-R32 11-R13 12-R23 13-R33 14-Vx 15-Vy 16-Vz 17-Wx 18-Wy 19-Wz 20-state 21-PR11 22-PR21 23-PR31 24-PR12 25-PR22 26-PR32 27-PR13 28-PR23 29-PR33 
74.870466 0.006804  0.087115  -0.003452  0.995678  0.047710  -0.079677  -0.043484  0.997596  0.053966  0.082060  -0.050268  0.995359  -0.000647  0.000834  0.001555  0.000000  0.000000  0.000000  2.000000  1.000000  0.000000  0.000000  -0.000000  1.000000  0.000000  0.000000  -0.000000  1.000000  1.000000  0.000007  -0.000134  -0.000007  1.000000  -0.000121  0.000134  0.000121  1.000000  1.000000  0.000000  0.000000  0.000000  1.000000  0.000000  0.000000  0.000000  1.000000  0.785369  0.443987  -0.431359  -0.444515  0.889457  0.106175  0.430815  0.108359  0.895911  0.000000  0.000000  
74.871718 0.006803  0.087115  -0.003450  0.995669  0.047916  -0.079666  -0.043689  0.997586  0.053982  0.082060  -0.050268  0.995359  -0.000657  0.000775  0.001510  0.000000  0.000000  0.000000  2.000000  1.000000  0.000000  0.000000  0.000000  1.000000  0.000000  0.000000  0.000000  1.000000  1.000000  0.000212  -0.000123  -0.000212  1.000000  -0.000104  0.000123  0.000104  1.000000  1.000000  0.000000  0.000000  0.000000  1.000000  0.000000  0.000000  0.000000  1.000000  1.000000  0.000000  0.000000  0.000000  1.000000  0.000000  0.000000  0.000000  1.000000  0.000000  0.000000  
74.872974 0.006803  0.087112  -0.003450  0.995638  0.048144  -0.079915  -0.043893  0.997569  0.054131  0.082327  -0.050388  0.995331  -0.000609  0.000513  0.001409  0.000000  0.000000  0.000000  2.000000  1.000000  0.000000  0.000000  0.000000  1.000000  0.000000  0.000000  0.000000  1.000000  1.000000  0.000423  -0.000247  -0.000423  1.000000  0.000034  0.000247  -0.000034  1.000000  1.000000  0.000000  0.000000  0.000000  1.000000  0.000000  0.000000  0.000000  1.000000  1.000000  0.000000  0.000000  0.000000  1.000000  0.000000  0.000000  0.000000  1.000000  0.000000  0.000000  
74.874215 0.006803  0.087108  -0.003451  0.995607  0.048373  -0.080164  -0.044097  0.997552  0.054281  0.082593  -0.050507  0.995303  -0.000571  0.000193  0.001265  0.000000  0.000000  0.000000  2.000000  1.000000  0.000000  0.000000  0.000000  1.000000  0.000000  0.000000  0.000000  1.000000  1.000000  0.000649  -0.000637  -0.000649  1.000000  0.000172  0.000637  -0.000172  1.000000  1.000000  0.000000  0.000000  0.000000  1.000000  0.000000  0.000000  0.000000  1.000000  1.000000  0.000000  0.000000  0.000000  1.000000  0.000000  0.000000  0.000000  1.000000  0.000000  0.000000  
74.875218 0.006803  0.087104  -0.003451  0.995576  0.048611  -0.080407  -0.044301  0.997528  0.054551  0.082860  -0.050748  0.995268  -0.000485  -0.000154  0.001165  0.000000  0.000000  0.000000  2.000000  1.000000  0.000000  0.000000  0.000000  1.000000  0.000000  0.000000  0.000000  1.000000  0.999999  0.000861  -0.000760  -0.000860  1.000000  0.000432  0.000760  -0.000431  1.000000  1.000000  0.000000  0.000000  0.000000  1.000000  0.000000  0.000000  0.000000  1.000000  1.000000  0.000000  0.000000  0.000000  1.000000  0.000000  0.000000  0.000000  1.000000  0.000000  0.000000  
74.876466 0.006805  0.087099  -0.003451  0.995543  0.048651  -0.080794  -0.044299  0.997514  0.054811  0.083260  -0.050987  0.995223  -0.000294  -0.000548  0.000970  0.000000  0.000000  0.000000  2.000000  1.000000  0.000000  0.000000  0.000000  1.000000  0.000000  0.000000  0.000000  1.000000  0.999999  0.000874  -0.001027  -0.000874  0.999999  0.000675  0.001028  -0.000674  0.999999  1.000000  0.000000  0.000000  0.000000  1.000000  0.000000  0.000000  0.000000  1.000000  1.000000  0.000000  0.000000  0.000000  1.000000  0.000000  0.000000  0.000000  1.000000  0.000000  0.000000  
74.877468 0.006806  0.087095  -0.003451  0.995513  0.049078  -0.080899  -0.044709  0.997487  0.054971  0.083393  -0.051107  0.995205  -0.000176  -0.000868  0.000891  0.000000  0.000000  0.000000  2.000000  1.000000  0.000000  0.000000  0.000000  1.000000  0.000000  0.000000  0.000000  1.000000  0.999999  0.001093  -0.001284  -0.001092  0.999999  0.000814  0.001284  -0.000812  0.999999  1.000000  0.000000  0.000000  0.000000  1.000000  0.000000  0.000000  0.000000  1.000000  1.000000  0.000000  0.000000  0.000000  1.000000  0.000000  0.000000  0.000000  1.000000  0.000000  0.000000  
74.878717 0.006808  0.087090  -0.003450  0.995461  0.049529  -0.081263  -0.045117  0.997452  0.055264  0.083793  -0.051347  0.995159  0.000034  -0.001279  0.000811  0.000000  0.000000  0.000000  2.000000  1.000000  0.000000  0.000000  0.000000  1.000000  0.000000  0.000000  0.000000  1.000000  0.999998  0.001517  -0.001529  -0.001515  0.999998  0.001091  0.001531  -0.001089  0.999998  1.000000  0.000000  0.000000  0.000000  1.000000  0.000000  0.000000  0.000000  1.000000  1.000000  0.000000  0.000000  0.000000  1.000000  0.000000  0.000000  0.000000  1.000000  0.000000  0.000000  
74.879966 0.006811  0.087086  -0.003450  0.995420  0.049964  -0.081500  -0.045526  0.997424  0.055431  0.084060  -0.051467  0.995131  0.000268  -0.001636  0.000741  0.000000  0.000000  0.000000  2.000000  1.000000  0.000000  0.000000  0.000000  1.000000  0.000000  0.000000  0.000000  1.000000  0.999996  0.002146  -0.001765  -0.002144  0.999997  0.001264  0.001767  -0.001261  0.999998  1.000000  0.000000  0.000000  0.000000  1.000000  0.000000  0.000000  0.000000  1.000000  1.000000  0.000000  0.000000  0.000000  1.000000  0.000000  0.000000  0.000000  1.000000  0.000000  0.000000  
74.880969 0.006812  0.087082  -0.003450  0.995379  0.050398  -0.081738  -0.045935  0.997396  0.055598  0.084327  -0.051586  0.995102  0.000400  -0.001962  0.000627  0.000000  0.000000  0.000000  2.000000  1.000000  0.000000  0.000000  0.000000  1.000000  0.000000  0.000000  0.000000  1.000000  0.999995  0.002570  -0.002010  -0.002567  0.999996  0.001421  0.002014  -0.001416  0.999997  1.000000  0.000000  0.000000  0.000000  1.000000  0.000000  0.000000  0.000000  1.000000  1.000000  0.000000  0.000000  0.000000  1.000000  0.000000  0.000000  0.000000  1.000000  0.000000  0.000000  
74.882220 0.006814  0.087078  -0.003451  0.995326  0.050839  -0.082107  -0.046343  0.997368  0.055771  0.084727  -0.051705  0.995062  0.000575  -0.002303  0.000408  0.000000  0.000000  0.000000  2.000000  1.000000  0.000000  0.000000  0.000000  1.000000  0.000000  0.000000  0.000000  1.000000  0.999993  0.003001  -0.002389  -0.002996  0.999994  0.001699  0.002394  -0.001692  0.999996  1.000000  0.000000  0.000000  0.000000  1.000000  0.000000  0.000000  0.000000  1.000000  1.000000  0.000000  0.000000  0.000000  1.000000  0.000000  0.000000  0.000000  1.000000  0.000000  0.000000  
74.883465 0.006816  0.087075  -0.003452  0.995273  0.051271  -0.082483  -0.046751  0.997346  0.055824  0.085127  -0.051703  0.995028  0.000735  -0.002591  0.000166  0.000000  0.000000  0.000000  2.000000  1.000000  0.000000  0.000000  0.000000  1.000000  0.000000  0.000000  0.000000  1.000000  0.999991  0.003233  -0.002913  -0.003228  0.999993  0.001718  0.002919  -0.001709  0.999994  1.000000  0.000000  0.000000  0.000000  1.000000  0.000000  0.000000  0.000000  1.000000  1.000000  0.000000  0.000000  0.000000  1.000000  0.000000  0.000000  0.000000  1.000000  0.000000  0.000000  
74.884471 0.006818  0.087072  -0.003453  0.995229  0.051507  -0.082865  -0.046954  0.997327  0.055980  0.085527  -0.051822  0.994987  0.000922  -0.002786  0.000024  0.000000  0.000000  0.000000  2.000000  1.000000  0.000000  0.000000  0.000000  1.000000  0.000000  0.000000  0.000000  1.000000  0.999988  0.003664  -0.003292  -0.003658  0.999992  0.001876  0.003299  -0.001864  0.999993  1.000000  0.000000  0.000000  0.000000  1.000000  0.000000  0.000000  0.000000  1.000000  1.000000  0.000000  0.000000  0.000000  1.000000  0.000000  0.000000  0.000000  1.000000  0.000000  0.000000  
74.885726 0.006820  0.087068  -0.003454  0.995154  0.052161  -0.083356  -0.047567  0.997287  0.056178  0.086060  -0.051941  0.994935  0.001105  -0.003155  -0.000183  0.000000  0.000000  0.000000  2.000000  1.000000  0.000000  0.000000  0.000000  1.000000  0.000000  0.000000  0.000000  1.000000  0.999984  0.004102  -0.003805  -0.004095  0.999990  0.002035  0.003813  -0.002019  0.999991  1.000000  0.000000  0.000000  0.000000  1.000000  0.000000  0.000000  0.000000  1.000000  1.000000  0.000000  0.000000  0.000000  1.000000  0.000000  0.000000  0.000000  1.000000  0.000000  0.000000  
74.886966 0.006822  0.087062  -0.003456  0.995076  0.052616  -0.083991  -0.047974  0.997257  0.056365  0.086726  -0.052058  0.994871  0.001276  -0.003494  -0.000372  0.000000  0.000000  0.000000  2.000000  1.000000  0.000000  0.000000  0.000000  1.000000  0.000000  0.000000  0.000000  1.000000  0.999979  0.004745  -0.004306  -0.004736  0.999986  0.002212  0.004317  -0.002191  0.999988  1.000000  0.000000  0.000000  0.000000  1.000000  0.000000  0.000000  0.000000  1.000000  1.000000  0.000000  0.000000  0.000000  1.000000  0.000000  0.000000  0.000000  1.000000  0.000000  0.000000  
74.887984 0.006825  0.087057  -0.003456  0.995022  0.053058  -0.084360  -0.048382  0.997227  0.056540  0.087126  -0.052177  0.994830  0.001506  -0.003680  -0.000372  0.075147  0.162028  0.173922  2.000000  1.000000  0.000083  0.000027  -0.000083  1.000000  0.000029  -0.000027  -0.000029  1.000000  0.999976  0.005177  -0.004685  -0.005166  0.999984  0.002370  0.004697  -0.002346  0.999986  1.000000  0.000083  0.000027  -0.000083  1.000000  0.000029  -0.000027  -0.000029  1.000000  1.000000  0.000083  0.000027  -0.000083  1.000000  0.000029  -0.000027  -0.000029  1.000000  0.000062  0.007369  
74.889223 0.006828  0.087050  -0.003455  0.994955  0.053517  -0.084856  -0.048789  0.997190  0.056843  0.087659  -0.052416  0.994771  0.001747  -0.003827  -0.000285  0.084535  0.179297  0.188678  2.000000  1.000000  0.000438  0.000133  -0.000438  1.000000  0.000154  -0.000133  -0.000154  1.000000  0.999971  0.005616  -0.005196  -0.005602  0.999981  0.002652  0.005211  -0.002623  0.999983  1.000000  0.000091  0.000028  -0.000091  1.000000  0.000033  -0.000028  -0.000033  1.000000  1.000000  0.000438  0.000133  -0.000438  1.000000  0.000154  -0.000133  -0.000154  1.000000  0.000068  0.008093  
74.890245 0.006831  0.087044  -0.003454  0.994888  0.053976  -0.085351  -0.049197  0.997153  0.057146  0.088192  -0.052655  0.994711  0.001839  -0.004009  -0.000169  0.093840  0.196369  0.203236  2.000000  1.000000  0.000822  0.000245  -0.000822  1.000000  0.000290  -0.000245  -0.000290  1.000000  0.999967  0.005850  -0.005719  -0.005834  0.999979  0.002794  0.005735  -0.002761  0.999980  1.000000  0.000099  0.000027  -0.000099  1.000000  0.000035  -0.000027  -0.000035  1.000000  1.000000  0.000822  0.000245  -0.000822  1.000000  0.000290  -0.000245  -0.000290  1.000000  0.000072  0.008639  
74.891466 0.006834  0.087034  -0.003452  0.994820  0.054446  -0.085839  -0.049604  0.997108  0.057570  0.088725  -0.053014  0.994644  0.001934  -0.004323  -0.000038  0.111471  0.213787  0.218158  2.000000  0.999999  0.001240  0.000366  -0.001240  0.999999  0.000444  -0.000366  -0.000445  1.000000  0.999960  0.006495  -0.006218  -0.006475  0.999974  0.003216  0.006239  -0.003175  0.999975  1.000000  0.000108  0.000031  -0.000108  1.000000  0.000040  -0.000031  -0.000040  1.000000  0.999999  0.001240  0.000366  -0.001240  0.999999  0.000444  -0.000366  -0.000445  1.000000  0.000080  0.009543  
74.892716 0.006837  0.087022  -0.003451  0.994740  0.054924  -0.086460  -0.050010  0.997063  0.058002  0.089392  -0.053373  0.994565  0.002025  -0.004783  -0.000009  0.124954  0.235480  0.233126  2.000000  0.999998  0.001804  0.000516  -0.001805  0.999998  0.000659  -0.000515  -0.000660  1.000000  0.999954  0.006738  -0.006873  -0.006713  0.999971  0.003602  0.006897  -0.003556  0.999970  1.000000  0.000117  0.000030  -0.000117  1.000000  0.000045  -0.000030  -0.000045  1.000000  0.999998  0.001804  0.000516  -0.001805  0.999998  0.000659  -0.000515  -0.000660  1.000000  0.000087  0.010269  
74.893965 0.006840  0.087011  -0.003449  0.994660  0.055401  -0.087081  -0.050417  0.997017  0.058434  0.090058  -0.053732  0.994486  0.002082  -0.005303  0.000046  0.138448  0.257171  0.248105  2.000000  0.999997  0.002405  0.000659  -0.002405  0.999997  0.000892  -0.000657  -0.000894  0.999999  0.999949  0.006966  -0.007260  -0.006938  0.999968  0.003868  0.007287  -0.003817  0.999966  1.000000  0.000122  0.000030  -0.000122  1.000000  0.000048  -0.000030  -0.000048  1.000000  0.999997  0.002405  0.000659  -0.002405  0.999997  0.000892  -0.000657  -0.000894  0.999999  0.000095  0.010771  
74.895213 0.006842  0.086998  -0.003449  0.994578  0.055880  -0.087701  -0.050823  0.996971  0.058867  0.090724  -0.054090  0.994406  0.002086  -0.005757  0.000045  0.151959  0.278872  0.263105  2.000000  0.999995  0.002906  0.000770  -0.002906  0.999995  0.001094  -0.000767  -0.001097  0.999999  0.999946  0.006991  -0.007658  -0.006959  0.999967  0.004115  0.007687  -0.004061  0.999962  1.000000  0.000127  0.000028  -0.000127  1.000000  0.000051  -0.000028  -0.000051  1.000000  0.999995  0.002906  0.000770  -0.002906  0.999995  0.001094  -0.000767  -0.001097  0.999999  0.000101  0.011146  
74.896215 0.006845  0.086988  -0.003450  0.994531  0.056128  -0.088073  -0.051026  0.996944  0.059147  0.091124  -0.054330  0.994356  0.002194  -0.006246  0.000040  0.160762  0.291952  0.270728  2.000000  0.999994  0.003421  0.000885  -0.003423  0.999993  0.001302  -0.000880  -0.001305  0.999999  0.999944  0.007204  -0.007779  -0.007172  0.999966  0.004136  0.007808  -0.004080  0.999961  1.000000  0.000129  0.000029  -0.000129  1.000000  0.000051  -0.000029  -0.000051  1.000000  0.999994  0.003421  0.000885  -0.003423  0.999993  0.001302  -0.000880  -0.001305  0.999999  0.000106  0.011371  
74.897466 0.006849  0.086976  -0.003450  0.994472  0.056384  -0.088579  -0.051228  0.996917  0.059434  0.091657  -0.054568  0.994294  0.002314  -0.006799  0.000105  0.169611  0.309566  0.278631  2.000000  0.999991  0.004080  0.001031  -0.004082  0.999990  0.001567  -0.001024  -0.001571  0.999998  0.999940  0.007427  -0.008032  -0.007392  0.999964  0.004280  0.008064  -0.004220  0.999959  1.000000  0.000133  0.000030  -0.000133  1.000000  0.000053  -0.000030  -0.000053  1.000000  0.999991  0.004080  0.001031  -0.004082  0.999990  0.001567  -0.001024  -0.001571  0.999998  0.000112  0.011736  
74.898713 0.006853  0.086965  -0.003450  0.994414  0.056838  -0.088939  -0.051636  0.996878  0.059733  0.092057  -0.054807  0.994244  0.002477  -0.007292  0.000154  0.179014  0.322264  0.293131  2.000000  0.999988  0.004753  0.001182  -0.004755  0.999987  0.001836  -0.001173  -0.001842  0.999998  0.999939  0.007436  -0.008164  -0.007400  0.999963  0.004404  0.008196  -0.004343  0.999957  1.000000  0.000135  0.000029  -0.000135  1.000000  0.000055  -0.000029  -0.000055  1.000000  0.999988  0.004753  0.001182  -0.004755  0.999987  0.001836  -0.001173  -0.001842  0.999998  0.000117  0.011877  
74.899715 0.006856  0.086956  -0.003450  0.994356  0.057292  -0.089299  -0.052044  0.996839  0.060033  0.092456  -0.055046  0.994194  0.002550  -0.007727  0.000207  0.188409  0.334934  0.307610  2.000000  0.999985  0.005291  0.001297  -0.005294  0.999984  0.002050  -0.001286  -0.002057  0.999997  0.999940  0.007232  -0.008174  -0.007197  0.999965  0.004267  0.008205  -0.004207  0.999957  1.000000  0.000134  0.000027  -0.000134  1.000000  0.000053  -0.000027  -0.000053  1.000000  0.999985  0.005291  0.001297  -0.005294  0.999984  0.002050  -0.001286  -0.002057  0.999997  0.000121  0.011708  
74.900719 0.006860  0.086947  -0.003449  0.994320  0.057523  -0.089546  -0.052247  0.996819  0.060186  0.092723  -0.055166  0.994163  0.002657  -0.008050  0.000312  0.191561  0.340743  0.312429  2.000000  0.999982  0.005832  0.001400  -0.005835  0.999980  0.002265  -0.001387  -0.002274  0.999996  0.999938  0.007248  -0.008440  -0.007212  0.999964  0.004391  0.008471  -0.004330  0.999955  1.000000  0.000137  0.000025  -0.000137  1.000000  0.000055  -0.000025  -0.000055  1.000000  0.999982  0.005832  0.001400  -0.005835  0.999980  0.002265  -0.001387  -0.002274  0.999996  0.000126  0.011949  
74.901725 0.006864  0.086940  -0.003447  0.994272  0.057761  -0.089925  -0.052450  0.996799  0.060346  0.093123  -0.055284  0.994119  0.002792  -0.008264  0.000604  0.197273  0.357000  0.315731  2.000000  0.999979  0.006374  0.001497  -0.006377  0.999977  0.002482  -0.001481  -0.002492  0.999996  0.999939  0.007045  -0.008450  -0.007008  0.999966  0.004373  0.008481  -0.004314  0.999955  1.000000  0.000136  0.000023  -0.000136  1.000000  0.000054  -0.000023  -0.000054  1.000000  0.999979  0.006374  0.001497  -0.006377  0.999977  0.002482  -0.001481  -0.002492  0.999996  0.000128  0.011828  
74.902986 0.006868  0.086931  -0.003443  0.994235  0.057805  -0.090309  -0.052448  0.996783  0.060609  0.093522  -0.055523  0.994068  0.002898  -0.008503  0.000874  0.200254  0.362206  0.302295  2.000000  0.999975  0.006919  0.001583  -0.006923  0.999972  0.002703  -0.001565  -0.002714  0.999995  0.999938  0.006855  -0.008728  -0.006817  0.999967  0.004479  0.008759  -0.004419  0.999952  1.000000  0.000137  0.000019  -0.000137  1.000000  0.000056  -0.000019  -0.000056  1.000000  0.999975  0.006919  0.001583  -0.006923  0.999972  0.002703  -0.001565  -0.002714  0.999995  0.000129  0.011958  
74.903986 0.006872  0.086923  -0.003439  0.994186  0.058043  -0.090688  -0.052650  0.996762  0.060770  0.093922  -0.055642  0.994023  0.002942  -0.008634  0.001093  0.200822  0.366044  0.309242  2.000000  0.999972  0.007328  0.001641  -0.007333  0.999969  0.002871  -0.001620  -0.002883  0.999995  0.999938  0.006857  -0.008727  -0.006817  0.999966  0.004602  0.008758  -0.004542  0.999951  1.000000  0.000137  0.000019  -0.000137  1.000000  0.000057  -0.000019  -0.000057  1.000000  0.999972  0.007328  0.001641  -0.007333  0.999969  0.002871  -0.001620  -0.002883  0.999995  0.000129  0.012004  
74.905223 0.006876  0.086912  -0.003434  0.994138  0.058293  -0.091060  -0.052853  0.996734  0.061051  0.094321  -0.055881  0.993972  0.002996  -0.008792  0.001308  0.201048  0.366168  0.309489  2.000000  0.999968  0.007875  0.001713  -0.007881  0.999964  0.003103  -0.001688  -0.003116  0.999994  0.999938  0.006661  -0.008871  -0.006619  0.999967  0.004708  0.008902  -0.004649  0.999950  1.000000  0.000138  0.000016  -0.000138  1.000000  0.000058  -0.000016  -0.000058  1.000000  0.999968  0.007875  0.001713  -0.007881  0.999964  0.003103  -0.001688  -0.003116  0.999994  0.000131  0.012040  
74.906468 0.006879  0.086899  -0.003429  0.994076  0.058550  -0.091564  -0.053055  0.996706  0.061340  0.094854  -0.056119  0.993908  0.003027  -0.008961  0.001562  0.201169  0.375084  0.310059  2.000000  0.999962  0.008551  0.001792  -0.008557  0.999958  0.003400  -0.001763  -0.003415  0.999993  0.999941  0.006451  -0.008747  -0.006409  0.999968  0.004812  0.008778  -0.004756  0.999950  1.000000  0.000135  0.000015  -0.000135  1.000000  0.000060  -0.000015  -0.000060  1.000000  0.999962  0.008551  0.001792  -0.008557  0.999958  0.003400  -0.001763  -0.003415  0.999993  0.000132  0.011875  
74.907719 0.006881  0.086885  -0.003424  0.994038  0.058595  -0.091949  -0.053053  0.996690  0.061603  0.095254  -0.056358  0.993856  0.002929  -0.009168  0.001813  0.200675  0.379924  0.303545  2.000000  0.999956  0.009210  0.001857  -0.009217  0.999951  0.003706  -0.001822  -0.003723  0.999991  0.999947  0.005824  -0.008513  -0.005782  0.999971  0.004998  0.008542  -0.004949  0.999951  1.000000  0.000129  0.000010  -0.000129  1.000000  0.000062  -0.000010  -0.000062  1.000000  0.999956  0.009210  0.001857  -0.009217  0.999951  0.003706  -0.001822  -0.003723  0.999991  0.000131  0.011451  
74.908969 0.006884  0.086871  -0.003418  0.994002  0.058838  -0.092187  -0.053256  0.996662  0.061878  0.095520  -0.056598  0.993817  0.002973  -0.009295  0.002127  0.203568  0.380581  0.289817  2.000000  0.999950  0.009840  0.001896  -0.009847  0.999943  0.004015  -0.001857  -0.004034  0.999990  0.999950  0.005409  -0.008402  -0.005366  0.999973  0.005082  0.008429  -0.005037  0.999952  1.000000  0.000125  0.000006  -0.000125  1.000000  0.000063  -0.000006  -0.000063  1.000000  0.999950  0.009840  0.001896  -0.009847  0.999943  0.004015  -0.001857  -0.004034  0.999990  0.000129  0.011200  
74.910216 0.006886  0.086856  -0.003413  0.993963  0.058894  -0.092564  -0.053254  0.996638  0.062262  0.095920  -0.056957  0.993758  0.002924  -0.009454  0.002492  0.206528  0.381284  0.276189  2.000000  0.999944  0.010442  0.001928  -0.010450  0.999936  0.004327  -0.001882  -0.004347  0.999989  0.999955  0.004979  -0.008023  -0.004939  0.999975  0.005044  0.008048  -0.005004  0.999955  1.000000  0.000118  0.000003  -0.000118  1.000000  0.000063  -0.000003  -0.000063  1.000000  0.999944  0.010442  0.001928  -0.010450  0.999936  0.004327  -0.001882  -0.004347  0.999989  0.000129  0.010696  
74.911466 0.006889  0.086841  -0.003406  0.993925  0.058951  -0.092941  -0.053252  0.996614  0.062646  0.096319  -0.057316  0.993699  0.002908  -0.009625  0.002924  0.215783  0.383264  0.260548  2.000000  0.999939  0.010908  0.001938  -0.010917  0.999930  0.004584  -0.001888  -0.004605  0.999988  0.999957  0.004769  -0.007899  -0.004728  0.999975  0.005269  0.007924  -0.005231  0.999955  1.000000  0.000115  0.000002  -0.000115  1.000000  0.000066  -0.000002  -0.000066  1.000000  0.999939  0.010908  0.001938  -0.010917  0.999930  0.004584  -0.001888  -0.004605  0.999988  0.000128  0.010616  
74.912715 0.006893  0.086827  -0.003399  0.993888  0.059205  -0.093172  -0.053455  0.996578  0.063042  0.096586  -0.057677  0.993652  0.002858  -0.009797  0.003437  0.223342  0.379148  0.253582  2.000000  0.999932  0.011466  0.001938  -0.011476  0.999922  0.004899  -0.001881  -0.004921  0.999986  0.999961  0.004346  -0.007655  -0.004308  0.999978  0.004988  0.007676  -0.004955  0.999958  1.000000  0.000110  -0.000001  -0.000110  1.000000  0.000062  0.000001  -0.000062  1.000000  0.999932  0.011466  0.001938  -0.011476  0.999922  0.004899  -0.001881  -0.004921  0.999986  0.000128  0.010110  
74.913715 0.006895  0.086815  -0.003394  0.993862  0.059243  -0.093423  -0.053454  0.996562  0.063298  0.096852  -0.057916  0.993612  0.002756  -0.009984  0.003810  0.230876  0.375031  0.246545  2.000000  0.999927  0.011892  0.001932  -0.011902  0.999916  0.005152  -0.001870  -0.005174  0.999985  0.999965  0.003924  -0.007410  -0.003886  0.999980  0.005071  0.007430  -0.005042  0.999960  1.000000  0.000105  -0.000004  -0.000105  1.000000  0.000063  0.000004  -0.000063  1.000000  0.999927  0.011892  0.001932  -0.011902  0.999916  0.005152  -0.001870  -0.005174  0.999985  0.000127  0.009791  
74.914966 0.006898  0.086801  -0.003389  0.993836  0.059293  -0.093667  -0.053453  0.996538  0.063675  0.097118  -0.058276  0.993565  0.002693  -0.010220  0.004143  0.239199  0.365827  0.227331  2.000000  0.999921  0.012394  0.001914  -0.012404  0.999908  0.005461  -0.001846  -0.005484  0.999983  0.999969  0.003492  -0.007033  -0.003458  0.999982  0.004910  0.007050  -0.004886  0.999963  1.000000  0.000098  -0.000006  -0.000098  1.000000  0.000061  0.000006  -0.000061  1.000000  0.999921  0.012394  0.001914  -0.012404  0.999908  0.005461  -0.001846  -0.005484  0.999983  0.000124  0.009255  
74.915968 0.006900  0.086789  -0.003385  0.993823  0.059323  -0.093785  -0.053452  0.996522  0.063924  0.097251  -0.058516  0.993538  0.002617  -0.010439  0.004222  0.242141  0.357685  0.213200  2.000000  0.999917  0.012766  0.001893  -0.012776  0.999902  0.005701  -0.001820  -0.005725  0.999982  0.999974  0.003258  -0.006510  -0.003227  0.999983  0.004769  0.006525  -0.004748  0.999967  1.000000  0.000091  -0.000006  -0.000091  1.000000  0.000059  0.000006  -0.000059  1.000000  0.999917  0.012766  0.001893  -0.012776  0.999902  0.005701  -0.001820  -0.005725  0.999982  0.000121  0.008697  
74.916969 0.006903  0.086778  -0.003382  0.993810  0.059354  -0.093904  -0.053451  0.996506  0.064173  0.097385  -0.058757  0.993511  0.002511  -0.010789  0.004349  0.244923  0.349323  0.198933  2.000000  0.999912  0.013114  0.001867  -0.013124  0.999896  0.005938  -0.001789  -0.005962  0.999981  0.999976  0.002834  -0.006266  -0.002805  0.999985  0.004729  0.006279  -0.004712  0.999969  1.000000  0.000086  -0.000009  -0.000086  1.000000  0.000059  0.000009  -0.000059  1.000000  0.999912  0.013114  0.001867  -0.013124  0.999896  0.005938  -0.001789  -0.005962  0.999981  0.000118  0.008341  
74.917991 0.006905  0.086766  -0.003378  0.993797  0.059373  -0.094029  -0.053451  0.996498  0.064301  0.097518  -0.058876  0.993491  0.002406  -0.011065  0.004369  0.241629  0.334852  0.185755  2.000000  0.999909  0.013361  0.001848  -0.013372  0.999892  0.006115  -0.001766  -0.006139  0.999980  0.999979  0.002812  -0.005865  -0.002784  0.999985  0.004729  0.005878  -0.004713  0.999972  1.000000  0.000081  -0.000006  -0.000081  1.000000  0.000059  0.000006  -0.000059  1.000000  0.999909  0.013361  0.001848  -0.013372  0.999892  0.006115  -0.001766  -0.006139  0.999980  0.000114  0.008037  
74.919221 0.006908  0.086752  -0.003374  0.993797  0.059396  -0.094015  -0.053451  0.996482  0.064543  0.097518  -0.059117  0.993476  0.002322  -0.011338  0.004257  0.241048  0.320737  0.175407  2.000000  0.999905  0.013677  0.001815  -0.013689  0.999886  0.006351  -0.001728  -0.006375  0.999978  0.999981  0.002396  -0.005755  -0.002369  0.999986  0.004690  0.005766  -0.004676  0.999972  1.000000  0.000077  -0.000010  -0.000077  1.000000  0.000059  0.000010  -0.000059  1.000000  0.999905  0.013677  0.001815  -0.013689  0.999886  0.006351  -0.001728  -0.006375  0.999978  0.000110  0.007797  
74.920235 0.006909  0.086739  -0.003371  0.993797  0.059407  -0.094008  -0.053451  0.996475  0.064664  0.097518  -0.059238  0.993469  0.002228  -0.011561  0.004224  0.235835  0.303741  0.160857  2.000000  0.999902  0.013899  0.001786  -0.013910  0.999882  0.006526  -0.001695  -0.006550  0.999977  0.999983  0.002176  -0.005500  -0.002151  0.999987  0.004669  0.005510  -0.004657  0.999974  1.000000  0.000073  -0.000011  -0.000073  1.000000  0.000058  0.000011  -0.000058  1.000000  0.999902  0.013899  0.001786  -0.013910  0.999882  0.006526  -0.001695  -0.006550  0.999977  0.000105  0.007532  
74.921466 0.006911  0.086724  -0.003366  0.993808  0.059225  -0.094007  -0.053246  0.996471  0.064886  0.097518  -0.059479  0.993455  0.002159  -0.011676  0.004191  0.229837  0.286940  0.139420  2.000000  0.999898  0.014174  0.001742  -0.014186  0.999877  0.006761  -0.001646  -0.006785  0.999976  0.999985  0.001744  -0.005123  -0.001720  0.999987  0.004750  0.005131  -0.004742  0.999976  1.000000  0.000066  -0.000013  -0.000066  1.000000  0.000059  0.000013  -0.000059  1.000000  0.999898  0.014174  0.001742  -0.014186  0.999877  0.006761  -0.001646  -0.006785  0.999976  0.000100  0.007198  
74.922488 0.006912  0.086712  -0.003362  0.993795  0.059244  -0.094132  -0.053245  0.996463  0.065014  0.097651  -0.059599  0.993435  0.002099  -0.011718  0.004199  0.222198  0.271929  0.125782  2.000000  0.999895  0.014365  0.001700  -0.014377  0.999873  0.006935  -0.001600  -0.006959  0.999975  0.999987  0.001320  -0.004880  -0.001297  0.999989  0.004589  0.004886  -0.004583  0.999978  1.000000  0.000000  0.000000  0.000000  1.000000  0.000000  0.000000  0.000000  1.000000  0.999895  0.014365  0.001700  -0.014377  0.999873  0.006935  -0.001600  -0.006959  0.999975  0.000095  0.000000  
74.923722 0.006913  0.086697  -0.003355  0.993795  0.059267  -0.094118  -0.053245  0.996447  0.065256  0.097651  -0.059840  0.993420  0.001993  -0.011772  0.004268  0.216982  0.250380  0.110894  2.000000  0.999895  0.014365  0.001700  -0.014377  0.999873  0.006935  -0.001600  -0.006959  0.999975  0.999989  0.001092  -0.004492  -0.001071  0.999988  0.004690  0.004497  -0.004685  0.999979  1.000000  0.000000  0.000000  0.000000  1.000000  0.000000  0.000000  0.000000  1.000000  0.999895  0.014365  0.001700  -0.014377  0.999873  0.006935  -0.001600  -0.006959  0.999975  0.000089  0.000000  
74.924965 0.006914  0.086682  -0.003348  0.993782  0.059309  -0.094229  -0.053245  0.996423  0.065626  0.097784  -0.060200  0.993385  0.001917  -0.011788  0.004355  0.215752  0.233213  0.096212  2.000000  0.999895  0.014365  0.001700  -0.014377  0.999873  0.006935  -0.001600  -0.006959  0.999975  0.999992  0.000856  -0.003969  -0.000838  0.999989  0.004670  0.003973  -0.004667  0.999981  1.000000  0.000000  0.000000  0.000000  1.000000  0.000000  0.000000  0.000000  1.000000  0.999895  0.014365  0.001700  -0.014377  0.999873  0.006935  -0.001600  -0.006959  0.999975  0.000084  0.000000  
74.925967 0.006916  0.086670  -0.003342  0.993782  0.059321  -0.094222  -0.053245  0.996415  0.065746  0.097784  -0.060321  0.993378  0.001886  -0.011822  0.004426  0.211041  0.220126  0.088600  2.000000  0.999895  0.014365  0.001700  -0.014377  0.999873  0.006935  -0.001600  -0.006959  0.999975  0.999993  0.000628  -0.003581  -0.000611  0.999989  0.004650  0.003584  -0.004648  0.999983  1.000000  0.000000  0.000000  0.000000  1.000000  0.000000  0.000000  0.000000  1.000000  0.999895  0.014365  0.001700  -0.014377  0.999873  0.006935  -0.001600  -0.006959  0.999975  0.000081  0.000000  
74.927215 0.006918  0.086655  -0.003335  0.993780  0.059158  -0.094347  -0.053039  0.996403  0.066097  0.097917  -0.060682  0.993343  0.001785  -0.011839  0.004442  0.213845  0.207441  0.074134  2.000000  0.999895  0.014365  0.001700  -0.014377  0.999873  0.006935  -0.001600  -0.006959  0.999975  0.999994  0.000408  -0.003326  -0.000393  0.999989  0.004630  0.003328  -0.004628  0.999984  1.000000  0.000000  0.000000  0.000000  1.000000  0.000000  0.000000  0.000000  1.000000  0.999895  0.014365  0.001700  -0.014377  0.999873  0.006935  -0.001600  -0.006959  0.999975  0.000077  0.000000  
74.928465 0.006919  0.086639  -0.003329  0.993780  0.059181  -0.094332  -0.053039  0.996386  0.066338  0.097917  -0.060923  0.993328  0.001656  -0.011956  0.004419  0.212526  0.194739  0.059639  2.000000  0.999895  0.014365  0.001700  -0.014377  0.999873  0.006935  -0.001600  -0.006959  0.999975  0.999996  0.000180  -0.002938  -0.000166  0.999989  0.004731  0.002939  -0.004730  0.999984  1.000000  0.000000  0.000000  0.000000  1.000000  0.000000  0.000000  0.000000  1.000000  0.999895  0.014365  0.001700  -0.014377  0.999873  0.006935  -0.001600  -0.006959  0.999975  0.000074  0.000000  
74.929465 0.006921  0.086626  -0.003326  0.993780  0.059204  -0.094318  -0.053039  0.996370  0.066580  0.097917  -0.061163  0.993313  0.001613  -0.012043  0.004353  0.214170  0.184615  0.051842  2.000000  0.999895  0.014365  0.001700  -0.014377  0.999873  0.006935  -0.001600  -0.006959  0.999975  0.999997  0.000156  -0.002537  -0.000144  0.999989  0.004609  0.002538  -0.004609  0.999986  1.000000  0.000000  0.000000  0.000000  1.000000  0.000000  0.000000  0.000000  1.000000  0.999895  0.014365  0.001700  -0.014377  0.999873  0.006935  -0.001600  -0.006959  0.999975  0.000072  0.000000  
74.930714 0.006923  0.086610  -0.003321  0.993780  0.059227  -0.094303  -0.053039  0.996354  0.066822  0.097917  -0.061404  0.993298  0.001560  -0.012164  0.004326  0.212901  0.172070  0.037469  2.000000  0.999895  0.014365  0.001700  -0.014377  0.999873  0.006935  -0.001600  -0.006959  0.999975  0.999997  -0.000064  -0.002283  0.000075  0.999989  0.004711  0.002283  -0.004711  0.999986  1.000000  0.000000  0.000000  0.000000  1.000000  0.000000  0.000000  0.000000  1.000000  0.999895  0.014365  0.001700  -0.014377  0.999873  0.006935  -0.001600  -0.006959  0.999975  0.000069  0.000000  
74.931715 0.006926  0.086597  -0.003318  0.993780  0.059250  -0.094289  -0.053039  0.996338  0.067064  0.097917  -0.061645  0.993283  0.001557  -0.012250  0.004294  0.216330  0.159131  0.029898  2.000000  0.999895  0.014365  0.001700  -0.014377  0.999873  0.006935  -0.001600  -0.006959  0.999975  0.999998  -0.000089  -0.001882  0.000097  0.999990  0.004468  0.001882  -0.004468  0.999988  1.000000  0.000000  0.000000  0.000000  1.000000  0.000000  0.000000  0.000000  1.000000  0.999895  0.014365  0.001700  -0.014377  0.999873  0.006935  -0.001600  -0.006959  0.999975  0.000067  0.000000  
74.932718 0.006928  0.086584  -0.003315  0.993780  0.059261  -0.094282  -0.053039  0.996330  0.067184  0.097917  -0.061766  0.993276  0.001522  -0.012363  0.004242  0.214133  0.147030  0.029391  2.000000  0.999895  0.014365  0.001700  -0.014377  0.999873  0.006935  -0.001600  -0.006959  0.999975  0.999999  -0.000105  -0.001615  0.000112  0.999991  0.004347  0.001615  -0.004347  0.999989  1.000000  0.000000  0.000000  0.000000  1.000000  0.000000  0.000000  0.000000  1.000000  0.999895  0.014365  0.001700  -0.014377  0.999873  0.006935  -0.001600  -0.006959  0.999975  0.000066  0.000000  
74.933965 0.006930  0.086568  -0.003312  0.993780  0.059284  -0.094268  -0.053039  0.996313  0.067426  0.097917  -0.062007  0.993261  0.001527  -0.012441  0.004169  0.215764  0.132854  0.021560  2.000000  0.999895  0.014365  0.001700  -0.014377  0.999873  0.006935  -0.001600  -0.006959  0.999975  0.999999  -0.000326  -0.001361  0.000332  0.999991  0.004326  0.001359  -0.004327  0.999990  1.000000  0.000000  0.000000  0.000000  1.000000  0.000000  0.000000  0.000000  1.000000  0.999895  0.014365  0.001700  -0.014377  0.999873  0.006935  -0.001600  -0.006959  0.999975  0.000064  0.000000  
74.934969 0.006933  0.086555  -0.003310  0.993793  0.059299  -0.094120  -0.053040  0.996298  0.067661  0.097784  -0.062249  0.993259  0.001607  -0.012451  0.004096  0.216789  0.116336  0.013817  2.000000  0.999895  0.014365  0.001700  -0.014377  0.999873  0.006935  -0.001600  -0.006959  0.999975  0.999999  -0.000351  -0.000960  0.000355  0.999991  0.004205  0.000959  -0.004205  0.999991  1.000000  0.000000  0.000000  0.000000  1.000000  0.000000  0.000000  0.000000  1.000000  0.999895  0.014365  0.001700  -0.014377  0.999873  0.006935  -0.001600  -0.006959  0.999975  0.000062  0.000000  
74.936223 0.006937  0.086540  -0.003307  0.993793  0.059310  -0.094113  -0.053040  0.996289  0.067782  0.097784  -0.062369  0.993251  0.001762  -0.012466  0.003993  0.211983  0.098754  0.005888  2.000000  0.999895  0.014365  0.001700  -0.014377  0.999873  0.006935  -0.001600  -0.006959  0.999975  1.000000  -0.000367  -0.000693  0.000370  0.999992  0.004084  0.000692  -0.004084  0.999991  1.000000  0.000000  0.000000  0.000000  1.000000  0.000000  0.000000  0.000000  1.000000  0.999895  0.014365  0.001700  -0.014377  0.999873  0.006935  -0.001600  -0.006959  0.999975  0.000060  0.000000  
74.937228 0.006940  0.086528  -0.003305  0.993806  0.059313  -0.093973  -0.053041  0.996282  0.067895  0.097651  -0.062490  0.993257  0.001931  -0.012516  0.003854  0.207849  0.085263  0.005100  2.000000  0.999895  0.014365  0.001700  -0.014377  0.999873  0.006935  -0.001600  -0.006959  0.999975  1.000000  -0.000384  -0.000426  0.000385  0.999992  0.003963  0.000425  -0.003963  0.999992  1.000000  0.000000  0.000000  0.000000  1.000000  0.000000  0.000000  0.000000  1.000000  0.999895  0.014365  0.001700  -0.014377  0.999873  0.006935  -0.001600  -0.006959  0.999975  0.000058  0.000000  
74.938469 0.006944  0.086512  -0.003302  0.993806  0.059336  -0.093959  -0.053041  0.996265  0.068137  0.097651  -0.062731  0.993242  0.002107  -0.012588  0.003582  0.207910  0.071820  0.004313  2.000000  0.999895  0.014365  0.001700  -0.014377  0.999873  0.006935  -0.001600  -0.006959  0.999975  1.000000  -0.000392  -0.000293  0.000393  0.999992  0.003963  0.000291  -0.003963  0.999992  1.000000  0.000000  0.000000  0.000000  1.000000  0.000000  0.000000  0.000000  1.000000  0.999895  0.014365  0.001700  -0.014377  0.999873  0.006935  -0.001600  -0.006959  0.999975  0.000056  0.000000  
74.939722 0.006949  0.086496  -0.003300  0.993819  0.059350  -0.093812  -0.053041  0.996249  0.068372  0.097518  -0.062973  0.993239  0.002321  -0.012610  0.003284  0.203140  0.058761  -0.003352  2.000000  0.999895  0.014365  0.001700  -0.014377  0.999873  0.006935  -0.001600  -0.006959  0.999975  1.000000  -0.000409  -0.000026  0.000409  0.999993  0.003841  0.000024  -0.003841  0.999993  1.000000  0.000000  0.000000  0.000000  1.000000  0.000000  0.000000  0.000000  1.000000  0.999895  0.014365  0.001700  -0.014377  0.999873  0.006935  -0.001600  -0.006959  0.999975  0.000054  0.000000  
74.940971 0.006953  0.086480  -0.003298  0.993819  0.059373  -0.093797  -0.053041  0.996232  0.068613  0.097518  -0.063214  0.993224  0.002480  -0.012674  0.002899  0.199075  0.045300  -0.004151  2.000000  0.999895  0.014365  0.001700  -0.014377  0.999873  0.006935  -0.001600  -0.006959  0.999975  1.000000  -0.000409  -0.000026  0.000409  0.999993  0.003720  0.000024  -0.003720  0.999993  1.000000  0.000000  0.000000  0.000000  1.000000  0.000000  0.000000  0.000000  1.000000  0.999895  0.014365  0.001700  -0.014377  0.999873  0.006935  -0.001600  -0.006959  0.999975  0.000052  0.000000  
74.942221 0.006957  0.086463  -0.003296  0.993819  0.059396  -0.093783  -0.053041  0.996216  0.068855  0.097518  -0.063455  0.993209  0.002631  -0.012755  0.002560  0.198404  0.032255  -0.011833  2.000000  0.999895  0.014365  0.001700  -0.014377  0.999873  0.006935  -0.001600  -0.006959  0.999975  1.000000  -0.000204  -0.000013  0.000205  0.999993  0.003861  0.000012  -0.003861  0.999993  1.000000  0.000000  0.000000  0.000000  1.000000  0.000000  0.000000  0.000000  1.000000  0.999895  0.014365  0.001700  -0.014377  0.999873  0.006935  -0.001600  -0.006959  0.999975  0.000050  0.000000  
74.943465 0.006962  0.086447  -0.003294  0.993806  0.059416  -0.093909  -0.053041  0.996207  0.068983  0.097651  -0.063575  0.993188  0.002848  -0.012786  0.002356  0.190287  0.027776  -0.012102  2.000000  0.999895  0.014365  0.001700  -0.014377  0.999873  0.006935  -0.001600  -0.006959  0.999975  1.000000  -0.000213  0.000120  0.000213  0.999993  0.003861  -0.000121  -0.003861  0.999993  1.000000  0.000000  0.000000  0.000000  1.000000  0.000000  0.000000  0.000000  1.000000  0.999895  0.014365  0.001700  -0.014377  0.999873  0.006935  -0.001600  -0.006959  0.999975  0.000048  0.000000  
74.944714 0.006967  0.086432  -0.003291  0.993795  0.059643  -0.093880  -0.053245  0.996178  0.069244  0.097651  -0.063816  0.993173  0.003043  -0.012737  0.002224  0.186886  0.018379  -0.005771  2.000000  0.999895  0.014365  0.001700  -0.014377  0.999873  0.006935  -0.001600  -0.006959  0.999975  1.000000  -0.000009  0.000134  0.000008  0.999992  0.003881  -0.000134  -0.003881  0.999992  1.000000  0.000000  0.000000  0.000000  1.000000  0.000000  0.000000  0.000000  1.000000  0.999895  0.014365  0.001700  -0.014377  0.999873  0.006935  -0.001600  -0.006959  0.999975  0.000048  0.000000  
74.945715 0.006971  0.086419  -0.003288  0.993795  0.059666  -0.093865  -0.053245  0.996161  0.069486  0.097651  -0.064057  0.993157  0.003175  -0.012694  0.002230  0.189363  0.013775  -0.005994  2.000000  0.999895  0.014365  0.001700  -0.014377  0.999873  0.006935  -0.001600  -0.006959  0.999975  1.000000  -0.000009  0.000134  0.000008  0.999993  0.003760  -0.000134  -0.003760  0.999993  1.000000  0.000000  0.000000  0.000000  1.000000  0.000000  0.000000  0.000000  1.000000  0.999895  0.014365  0.001700  -0.014377  0.999873  0.006935  -0.001600  -0.006959  0.999975  0.000047  0.000000  
