1-Time 2-Px 3-Py 4-Pz 5-R11 6-R21 7-R31 8-R12 9-R22 10-R32 11-R13 12-R23 13-R33 14-Vx 15-Vy 16-Vz 17-Wx 18-Wy 19-Wz 20-state 21-PR11 22-PR21 23-PR31 24-PR12 25-PR22 26-PR32 27-PR13 28-PR23 29-PR33 
101.911757 0.009807  0.087631  0.001306  0.992089  0.125527  -0.001545  -0.125454  0.991808  0.024034  0.004549  -0.023650  0.999710  -0.000144  0.000557  -0.000447  0.000000  0.000000  0.000000  2.000000  1.000000  0.000000  0.000000  -0.000000  1.000000  0.000000  0.000000  -0.000000  1.000000  1.000000  0.000000  0.000000  0.000000  1.000000  0.000000  0.000000  -0.000000  1.000000  1.000000  0.000000  0.000000  0.000000  1.000000  0.000000  0.000000  0.000000  1.000000  0.637008  0.568766  -0.520314  -0.607860  0.785717  0.114696  0.474055  0.243215  0.846238  0.000000  0.000000  
101.912761 0.009807  0.087631  0.001305  0.992089  0.125527  -0.001545  -0.125454  0.991808  0.024034  0.004549  -0.023650  0.999710  -0.000128  0.000551  -0.000481  0.000000  0.000000  0.000000  2.000000  1.000000  0.000000  0.000000  0.000000  1.000000  0.000000  0.000000  0.000000  1.000000  1.000000  0.000000  0.000000  0.000000  1.000000  0.000000  0.000000  -0.000000  1.000000  1.000000  0.000000  0.000000  0.000000  1.000000  0.000000  0.000000  0.000000  1.000000  1.000000  0.000000  0.000000  0.000000  1.000000  0.000000  0.000000  0.000000  1.000000  0.000000  0.000000  
101.914010 0.009808  0.087629  0.001305  0.992011  0.126140  -0.001530  -0.126067  0.991730  0.024035  0.004549  -0.023650  0.999710  -0.000027  0.000339  -0.000494  0.000000  0.000000  0.000000  2.000000  1.000000  0.000000  0.000000  0.000000  1.000000  0.000000  0.000000  0.000000  1.000000  1.000000  0.000412  0.000010  -0.000412  1.000000  0.000002  -0.000010  -0.000002  1.000000  1.000000  0.000000  0.000000  0.000000  1.000000  0.000000  0.000000  0.000000  1.000000  1.000000  0.000000  0.000000  0.000000  1.000000  0.000000  0.000000  0.000000  1.000000  0.000000  0.000000  
101.915261 0.009810  0.087626  0.001304  0.991907  0.126957  -0.001495  -0.126884  0.991623  0.024157  0.004549  -0.023772  0.999707  0.000098  0.000093  -0.000528  0.000000  0.000000  0.000000  2.000000  1.000000  0.000000  0.000000  0.000000  1.000000  0.000000  0.000000  0.000000  1.000000  0.999999  0.001441  0.000034  -0.001441  0.999999  0.000128  -0.000034  -0.000128  1.000000  1.000000  0.000000  0.000000  0.000000  1.000000  0.000000  0.000000  0.000000  1.000000  1.000000  0.000000  0.000000  0.000000  1.000000  0.000000  0.000000  0.000000  1.000000  0.000000  0.000000  
101.916509 0.009812  0.087622  0.001303  0.991829  0.127566  -0.001332  -0.127497  0.991542  0.024261  0.004415  -0.023893  0.999705  0.000294  -0.000213  -0.000535  0.000000  0.000000  0.000000  2.000000  1.000000  0.000000  0.000000  0.000000  1.000000  0.000000  0.000000  0.000000  1.000000  0.999998  0.002055  0.000183  -0.002055  0.999998  0.000252  -0.000182  -0.000252  1.000000  1.000000  0.000000  0.000000  0.000000  1.000000  0.000000  0.000000  0.000000  1.000000  1.000000  0.000000  0.000000  0.000000  1.000000  0.000000  0.000000  0.000000  1.000000  0.000000  0.000000  
101.917760 0.009816  0.087618  0.001302  0.991777  0.127975  -0.001306  -0.127905  0.991487  0.024382  0.004415  -0.024014  0.999702  0.000593  -0.000502  -0.000554  0.000000  0.000000  0.000000  2.000000  1.000000  0.000000  0.000000  0.000000  1.000000  0.000000  0.000000  0.000000  1.000000  0.999997  0.002467  0.000193  -0.002467  0.999997  0.000253  -0.000192  -0.000254  1.000000  1.000000  0.000000  0.000000  0.000000  1.000000  0.000000  0.000000  0.000000  1.000000  1.000000  0.000000  0.000000  0.000000  1.000000  0.000000  0.000000  0.000000  1.000000  0.000000  0.000000  
101.918761 0.009819  0.087616  0.001302  0.991697  0.128590  -0.001424  -0.128518  0.991407  0.024400  0.004549  -0.024014  0.999701  0.000770  -0.000681  -0.000535  0.000000  0.000000  0.000000  2.000000  1.000000  0.000000  0.000000  0.000000  1.000000  0.000000  0.000000  0.000000  1.000000  0.999996  0.002881  0.000069  -0.002881  0.999996  0.000377  -0.000068  -0.000377  1.000000  1.000000  0.000000  0.000000  0.000000  1.000000  0.000000  0.000000  0.000000  1.000000  1.000000  0.000000  0.000000  0.000000  1.000000  0.000000  0.000000  0.000000  1.000000  0.000000  0.000000  
101.920006 0.009824  0.087614  0.001301  0.991589  0.129413  -0.001653  -0.129334  0.991297  0.024556  0.004817  -0.024135  0.999697  0.001137  -0.000897  -0.000529  0.000000  0.000000  0.000000  2.000000  1.000000  0.000000  0.000000  0.000000  1.000000  0.000000  0.000000  0.000000  1.000000  0.999993  0.003711  -0.000178  -0.003711  0.999993  0.000503  0.000180  -0.000502  1.000000  1.000000  0.000000  0.000000  0.000000  1.000000  0.000000  0.000000  0.000000  1.000000  1.000000  0.000000  0.000000  0.000000  1.000000  0.000000  0.000000  0.000000  1.000000  0.000000  0.000000  
101.921007 0.009828  0.087611  0.001301  0.991482  0.130233  -0.001750  -0.130150  0.991187  0.024695  0.004951  -0.024257  0.999694  0.001412  -0.001152  -0.000526  0.000000  0.000000  0.000000  2.000000  1.000000  0.000000  0.000000  0.000000  1.000000  0.000000  0.000000  0.000000  1.000000  0.999990  0.004538  -0.000291  -0.004537  0.999990  0.000629  0.000294  -0.000627  1.000000  1.000000  0.000000  0.000000  0.000000  1.000000  0.000000  0.000000  0.000000  1.000000  1.000000  0.000000  0.000000  0.000000  1.000000  0.000000  0.000000  0.000000  1.000000  0.000000  0.000000  
101.922257 0.009833  0.087607  0.001299  0.991320  0.131460  -0.001836  -0.131375  0.991022  0.024835  0.005084  -0.024378  0.999690  0.001790  -0.001432  -0.000625  0.025425  0.013163  0.201012  2.000000  1.000000  0.000209  -0.000015  -0.000209  1.000000  0.000024  0.000015  -0.000024  1.000000  0.999983  0.005776  -0.000395  -0.005775  0.999983  0.000635  0.000399  -0.000633  1.000000  1.000000  0.000072  -0.000005  -0.000072  1.000000  0.000008  0.000005  -0.000008  1.000000  1.000000  0.000209  -0.000015  -0.000209  1.000000  0.000024  0.000015  -0.000024  1.000000  0.000049  0.005824  
101.923279 0.009838  0.087604  0.001297  0.991211  0.132276  -0.001816  -0.132191  0.990913  0.024836  0.005084  -0.024378  0.999690  0.002093  -0.001648  -0.000751  0.025559  0.012498  0.228684  2.000000  1.000000  0.000523  -0.000034  -0.000523  1.000000  0.000062  0.000034  -0.000062  1.000000  0.999978  0.006599  -0.000374  -0.006599  0.999978  0.000761  0.000379  -0.000758  1.000000  1.000000  0.000082  -0.000005  -0.000082  1.000000  0.000009  0.000005  -0.000009  1.000000  1.000000  0.000523  -0.000034  -0.000523  1.000000  0.000062  0.000034  -0.000062  1.000000  0.000056  0.006653  
101.924289 0.009843  0.087602  0.001294  0.991103  0.133089  -0.001646  -0.133007  0.990801  0.024940  0.004951  -0.024499  0.999688  0.002438  -0.001865  -0.000841  0.029734  0.007319  0.256093  2.000000  1.000000  0.000791  -0.000046  -0.000791  1.000000  0.000090  0.000046  -0.000090  1.000000  0.999972  0.007419  -0.000220  -0.007419  0.999972  0.000764  0.000226  -0.000762  1.000000  1.000000  0.000093  -0.000003  -0.000093  1.000000  0.000010  0.000003  -0.000010  1.000000  1.000000  0.000791  -0.000046  -0.000791  1.000000  0.000090  0.000046  -0.000090  1.000000  0.000063  0.007461  
101.925507 0.009849  0.087599  0.001293  0.990938  0.134313  -0.001616  -0.134232  0.990636  0.024942  0.004951  -0.024499  0.999688  0.002838  -0.002058  -0.000883  0.029704  0.006272  0.295318  2.000000  0.999999  0.001203  -0.000056  -0.001203  0.999999  0.000135  0.000056  -0.000135  1.000000  0.999963  0.008654  -0.000189  -0.008653  0.999962  0.000891  0.000197  -0.000889  1.000000  1.000000  0.000108  -0.000002  -0.000108  1.000000  0.000011  0.000002  -0.000011  1.000000  0.999999  0.001203  -0.000056  -0.001203  0.999999  0.000135  0.000056  -0.000135  1.000000  0.000074  0.008701  
101.926756 0.009856  0.087595  0.001292  0.990771  0.135537  -0.001568  -0.135456  0.990466  0.025064  0.004951  -0.024621  0.999685  0.003263  -0.002386  -0.000920  0.034225  0.005304  0.339272  2.000000  0.999998  0.001788  -0.000067  -0.001788  0.999998  0.000194  0.000068  -0.000193  1.000000  0.999951  0.009888  -0.000158  -0.009888  0.999951  0.001018  0.000168  -0.001016  0.999999  1.000000  0.000124  -0.000002  -0.000124  1.000000  0.000013  0.000002  -0.000013  1.000000  0.999998  0.001788  -0.000067  -0.001788  0.999998  0.000194  0.000068  -0.000193  1.000000  0.000084  0.009942  
101.927763 0.009860  0.087590  0.001291  0.990630  0.136560  -0.001675  -0.136475  0.990326  0.025084  0.005084  -0.024620  0.999684  0.003631  -0.002812  -0.001019  0.034410  0.008964  0.373929  2.000000  0.999998  0.002182  -0.000076  -0.002182  0.999998  0.000232  0.000077  -0.000232  1.000000  0.999940  0.010921  -0.000266  -0.010920  0.999940  0.001024  0.000277  -0.001021  0.999999  1.000000  0.000137  -0.000003  -0.000137  1.000000  0.000013  0.000003  -0.000013  1.000000  0.999998  0.002182  -0.000076  -0.002182  0.999998  0.000232  0.000077  -0.000232  1.000000  0.000093  0.010972  
101.929010 0.009867  0.087582  0.001288  0.990460  0.137786  -0.001760  -0.137699  0.990153  0.025225  0.005218  -0.024742  0.999680  0.003950  -0.003156  -0.001119  0.038710  0.012430  0.415484  2.000000  0.999996  0.002906  -0.000097  -0.002906  0.999996  0.000301  0.000098  -0.000300  1.000000  0.999926  0.012159  -0.000368  -0.012158  0.999925  0.001153  0.000382  -0.001149  0.999999  1.000000  0.000152  -0.000005  -0.000152  1.000000  0.000014  0.000005  -0.000014  1.000000  0.999996  0.002906  -0.000097  -0.002906  0.999996  0.000301  0.000098  -0.000300  1.000000  0.000104  0.012219  
101.930269 0.009873  0.087573  0.001286  0.990317  0.138812  -0.001982  -0.138718  0.990007  0.025384  0.005486  -0.024863  0.999676  0.004281  -0.003527  -0.001178  0.043001  0.020549  0.450147  2.000000  0.999993  0.003705  -0.000126  -0.003705  0.999993  0.000373  0.000127  -0.000372  1.000000  0.999913  0.013191  -0.000476  -0.013190  0.999912  0.001160  0.000491  -0.001154  0.999999  1.000000  0.000165  -0.000006  -0.000165  1.000000  0.000014  0.000006  -0.000014  1.000000  0.999993  0.003705  -0.000126  -0.003705  0.999993  0.000373  0.000127  -0.000372  1.000000  0.000112  0.013251  
101.931507 0.009880  0.087562  0.001284  0.990145  0.140035  -0.001934  -0.139941  0.989831  0.025506  0.005486  -0.024984  0.999673  0.004482  -0.003988  -0.001248  0.047300  0.019519  0.491791  2.000000  0.999990  0.004578  -0.000163  -0.004578  0.999989  0.000453  0.000165  -0.000452  1.000000  0.999896  0.014429  -0.000577  -0.014428  0.999895  0.001289  0.000596  -0.001281  0.999999  1.000000  0.000180  -0.000007  -0.000180  1.000000  0.000016  0.000007  -0.000016  1.000000  0.999990  0.004578  -0.000163  -0.004578  0.999989  0.000453  0.000165  -0.000452  1.000000  0.000123  0.014498  
101.932507 0.009885  0.087553  0.001283  0.989999  0.141058  -0.002023  -0.140960  0.989683  0.025647  0.005620  -0.025105  0.999669  0.004682  -0.004442  -0.001274  0.051584  0.023140  0.526479  2.000000  0.999986  0.005328  -0.000196  -0.005328  0.999986  0.000524  0.000199  -0.000523  1.000000  0.999880  0.015461  -0.000684  -0.015460  0.999879  0.001418  0.000705  -0.001407  0.999999  1.000000  0.000193  -0.000009  -0.000193  1.000000  0.000018  0.000009  -0.000018  1.000000  0.999986  0.005328  -0.000196  -0.005328  0.999986  0.000524  0.000199  -0.000523  1.000000  0.000132  0.015542  
101.933760 0.009893  0.087540  0.001281  0.989824  0.142280  -0.001974  -0.142183  0.989505  0.025770  0.005620  -0.025227  0.999666  0.004942  -0.005035  -0.001346  0.055457  0.021930  0.563768  2.000000  0.999980  0.006341  -0.000238  -0.006341  0.999980  0.000620  0.000242  -0.000619  1.000000  0.999860  0.016696  -0.000651  -0.016695  0.999859  0.001546  0.000676  -0.001535  0.999999  1.000000  0.000209  -0.000008  -0.000209  1.000000  0.000019  0.000008  -0.000019  1.000000  0.999980  0.006341  -0.000238  -0.006341  0.999980  0.000620  0.000242  -0.000619  1.000000  0.000142  0.016781  
101.935010 0.009901  0.087526  0.001279  0.989618  0.143709  -0.002069  -0.143609  0.989298  0.025792  0.005753  -0.025227  0.999665  0.005168  -0.005898  -0.001519  0.056155  0.025403  0.616459  2.000000  0.999972  0.007413  -0.000281  -0.007412  0.999972  0.000725  0.000286  -0.000722  1.000000  0.999850  0.017317  -0.000767  -0.017316  0.999849  0.001673  0.000796  -0.001659  0.999998  1.000000  0.000216  -0.000010  -0.000216  1.000000  0.000021  0.000010  -0.000021  1.000000  0.999972  0.007413  -0.000281  -0.007412  0.999972  0.000725  0.000286  -0.000722  1.000000  0.000153  0.017415  
101.936257 0.009908  0.087511  0.001276  0.989469  0.144728  -0.002025  -0.144628  0.989147  0.025914  0.005753  -0.025348  0.999662  0.005294  -0.006580  -0.001676  0.060425  0.024525  0.651221  2.000000  0.999966  0.008297  -0.000319  -0.008296  0.999965  0.000810  0.000326  -0.000807  1.000000  0.999843  0.017729  -0.000754  -0.017727  0.999841  0.001675  0.000784  -0.001661  0.999998  1.000000  0.000222  -0.000010  -0.000222  1.000000  0.000021  0.000010  -0.000021  1.000000  0.999966  0.008297  -0.000319  -0.008296  0.999965  0.000810  0.000326  -0.000807  1.000000  0.000163  0.017824  
101.937259 0.009913  0.087499  0.001272  0.989379  0.145342  -0.002124  -0.145239  0.989054  0.026054  0.005887  -0.025469  0.999658  0.005358  -0.007300  -0.001750  0.064636  0.028464  0.671902  2.000000  0.999958  0.009196  -0.000366  -0.009196  0.999957  0.000894  0.000375  -0.000890  1.000000  0.999835  0.018147  -0.001011  -0.018145  0.999834  0.001679  0.001041  -0.001661  0.999998  1.000000  0.000227  -0.000013  -0.000227  1.000000  0.000021  0.000013  -0.000021  1.000000  0.999958  0.009196  -0.000366  -0.009196  0.999957  0.000894  0.000375  -0.000890  1.000000  0.000170  0.018253  
101.938511 0.009919  0.087482  0.001267  0.989229  0.146360  -0.002097  -0.146257  0.988903  0.026056  0.005887  -0.025469  0.999658  0.005353  -0.008216  -0.001911  0.064811  0.027612  0.706424  2.000000  0.999946  0.010335  -0.000429  -0.010335  0.999946  0.000999  0.000440  -0.000994  0.999999  0.999827  0.018559  -0.000998  -0.018557  0.999826  0.001682  0.001029  -0.001663  0.999998  1.000000  0.000232  -0.000013  -0.000232  1.000000  0.000021  0.000013  -0.000021  1.000000  0.999946  0.010335  -0.000429  -0.010335  0.999946  0.000999  0.000440  -0.000994  0.999999  0.000177  0.018662  
101.939756 0.009926  0.087466  0.001263  0.989108  0.147178  -0.002190  -0.147071  0.988779  0.026198  0.006021  -0.025590  0.999654  0.005355  -0.008953  -0.002046  0.069096  0.031389  0.734371  2.000000  0.999934  0.011503  -0.000491  -0.011502  0.999933  0.001101  0.000504  -0.001095  0.999999  0.999823  0.018764  -0.000991  -0.018763  0.999823  0.001685  0.001022  -0.001666  0.999998  1.000000  0.000235  -0.000013  -0.000235  1.000000  0.000021  0.000013  -0.000021  1.000000  0.999934  0.011503  -0.000491  -0.011502  0.999933  0.001101  0.000504  -0.001095  0.999999  0.000183  0.018866  
101.940758 0.009930  0.087453  0.001259  0.988986  0.147993  -0.002168  -0.147886  0.988657  0.026200  0.006021  -0.025590  0.999654  0.005308  -0.009711  -0.002267  0.068687  0.030461  0.755925  2.000000  0.999922  0.012441  -0.000534  -0.012440  0.999922  0.001181  0.000549  -0.001174  0.999999  0.999824  0.018758  -0.000723  -0.018756  0.999823  0.001564  0.000753  -0.001550  0.999999  1.000000  0.000234  -0.000009  -0.000234  1.000000  0.000019  0.000009  -0.000019  1.000000  0.999922  0.012441  -0.000534  -0.012440  0.999922  0.001181  0.000549  -0.001174  0.999999  0.000190  0.018837  
101.942006 0.009935  0.087435  0.001255  0.988895  0.148603  -0.002152  -0.148497  0.988566  0.026201  0.006021  -0.025590  0.999654  0.005241  -0.010676  -0.002488  0.068802  0.029957  0.776578  2.000000  0.999907  0.013603  -0.000574  -0.013602  0.999907  0.001276  0.000591  -0.001268  0.999999  0.999828  0.018548  -0.000595  -0.018548  0.999827  0.001441  0.000622  -0.001430  0.999999  1.000000  0.000232  -0.000008  -0.000232  1.000000  0.000018  0.000008  -0.000018  1.000000  0.999907  0.013603  -0.000574  -0.013602  0.999907  0.001276  0.000591  -0.001268  0.999999  0.000196  0.018614  
101.943257 0.009939  0.087417  0.001251  0.988772  0.149417  -0.002130  -0.149311  0.988443  0.026203  0.006021  -0.025590  0.999654  0.005085  -0.011287  -0.002571  0.068897  0.029444  0.797001  2.000000  0.999891  0.014734  -0.000605  -0.014733  0.999891  0.001364  0.000625  -0.001355  0.999999  0.999839  0.017928  -0.000477  -0.017927  0.999838  0.001317  0.000501  -0.001308  0.999999  1.000000  0.000224  -0.000006  -0.000224  1.000000  0.000016  0.000006  -0.000016  1.000000  0.999891  0.014734  -0.000605  -0.014733  0.999891  0.001364  0.000625  -0.001355  0.999999  0.000201  0.017983  
101.944266 0.009942  0.087403  0.001249  0.988711  0.149821  -0.001987  -0.149718  0.988382  0.026184  0.005887  -0.025590  0.999655  0.004932  -0.011876  -0.002632  0.069326  0.025527  0.789476  2.000000  0.999881  0.015403  -0.000619  -0.015402  0.999880  0.001414  0.000641  -0.001404  0.999999  0.999843  0.017718  -0.000349  -0.017718  0.999842  0.001313  0.000372  -0.001307  0.999999  1.000000  0.000221  -0.000005  -0.000221  1.000000  0.000016  0.000005  -0.000016  1.000000  0.999881  0.015403  -0.000619  -0.015402  0.999880  0.001414  0.000641  -0.001404  0.999999  0.000199  0.017771  
101.945512 0.009947  0.087385  0.001246  0.988619  0.150431  -0.001971  -0.150329  0.988289  0.026185  0.005887  -0.025590  0.999655  0.004812  -0.012375  -0.002632  0.065170  0.030149  0.782779  2.000000  0.999867  0.016279  -0.000640  -0.016278  0.999866  0.001478  0.000664  -0.001467  0.999999  0.999850  0.017310  -0.000493  -0.017310  0.999849  0.001190  0.000513  -0.001181  0.999999  1.000000  0.000216  -0.000006  -0.000216  1.000000  0.000015  0.000006  -0.000015  1.000000  0.999867  0.016279  -0.000640  -0.016278  0.999866  0.001478  0.000664  -0.001467  0.999999  0.000197  0.017359  
101.946761 0.009950  0.087365  0.001243  0.988525  0.151041  -0.001955  -0.150939  0.988196  0.026186  0.005887  -0.025590  0.999655  0.004616  -0.012989  -0.002767  0.061132  0.029931  0.789726  2.000000  0.999850  0.017325  -0.000671  -0.017324  0.999849  0.001552  0.000698  -0.001540  0.999999  0.999864  0.016487  -0.000514  -0.016487  0.999863  0.001185  0.000534  -0.001177  0.999999  1.000000  0.000206  -0.000007  -0.000206  1.000000  0.000015  0.000007  -0.000015  1.000000  0.999850  0.017325  -0.000671  -0.017324  0.999849  0.001552  0.000698  -0.001540  0.999999  0.000197  0.016538  
101.947763 0.009952  0.087348  0.001242  0.988463  0.151448  -0.001944  -0.151346  0.988134  0.026187  0.005887  -0.025590  0.999655  0.004302  -0.013537  -0.002791  0.057058  0.029885  0.789768  2.000000  0.999835  0.018134  -0.000696  -0.018133  0.999834  0.001607  0.000725  -0.001594  0.999998  0.999871  0.016076  -0.000525  -0.016075  0.999870  0.001062  0.000542  -0.001053  0.999999  1.000000  0.000201  -0.000007  -0.000201  1.000000  0.000013  0.000007  -0.000013  1.000000  0.999835  0.018134  -0.000696  -0.018133  0.999834  0.001607  0.000725  -0.001594  0.999998  0.000200  0.016120  
101.949010 0.009955  0.087327  0.001239  0.988401  0.151855  -0.001933  -0.151753  0.988071  0.026188  0.005887  -0.025590  0.999655  0.004008  -0.014066  -0.002786  0.053066  0.021024  0.782844  2.000000  0.999818  0.019089  -0.000720  -0.019088  0.999816  0.001672  0.000751  -0.001658  0.999998  0.999887  0.015040  -0.000284  -0.015040  0.999886  0.000935  0.000298  -0.000930  1.000000  1.000000  0.000188  -0.000004  -0.000188  1.000000  0.000012  0.000004  -0.000012  1.000000  0.999818  0.019089  -0.000720  -0.019088  0.999816  0.001672  0.000751  -0.001658  0.999998  0.000197  0.015072  
101.950262 0.009957  0.087304  0.001237  0.988338  0.152262  -0.001923  -0.152160  0.988009  0.026188  0.005887  -0.025590  0.999655  0.003599  -0.014727  -0.002796  0.053042  0.012543  0.761633  2.000000  0.999800  0.019993  -0.000734  -0.019992  0.999799  0.001730  0.000769  -0.001715  0.999998  0.999899  0.014213  -0.000171  -0.014213  0.999899  0.000930  0.000184  -0.000928  1.000000  1.000000  0.000178  -0.000002  -0.000178  1.000000  0.000012  0.000002  -0.000012  1.000000  0.999800  0.019993  -0.000734  -0.019992  0.999799  0.001730  0.000769  -0.001715  0.999998  0.000193  0.014245  
101.951510 0.009960  0.087281  0.001235  0.988276  0.152669  -0.001912  -0.152567  0.987946  0.026189  0.005887  -0.025590  0.999655  0.003345  -0.015146  -0.002655  0.048868  0.008692  0.733903  2.000000  0.999786  0.020683  -0.000739  -0.020682  0.999785  0.001774  0.000776  -0.001758  0.999998  0.999910  0.013387  -0.000058  -0.013387  0.999910  0.000804  0.000069  -0.000803  1.000000  1.000000  0.000167  -0.000001  -0.000167  1.000000  0.000010  0.000001  -0.000010  1.000000  0.999786  0.020683  -0.000739  -0.020682  0.999785  0.001774  0.000776  -0.001758  0.999998  0.000186  0.013412  
101.952758 0.009961  0.087258  0.001234  0.988244  0.152872  -0.001906  -0.152771  0.987915  0.026190  0.005887  -0.025590  0.999655  0.003004  -0.015675  -0.002447  0.044637  0.009339  0.706194  2.000000  0.999769  0.021499  -0.000741  -0.021498  0.999767  0.001821  0.000780  -0.001805  0.999998  0.999919  0.012766  0.000060  -0.012766  0.999918  0.000680  -0.000051  -0.000680  1.000000  1.000000  0.000160  0.000001  -0.000160  1.000000  0.000008  -0.000001  -0.000008  1.000000  0.999769  0.021499  -0.000741  -0.021498  0.999767  0.001821  0.000780  -0.001805  0.999998  0.000179  0.012785  
101.954008 0.009962  0.087234  0.001232  0.988181  0.153279  -0.001914  -0.153178  0.987855  0.026071  0.005887  -0.025469  0.999658  0.002661  -0.016187  -0.002195  0.036370  0.014371  0.686426  2.000000  0.999752  0.022258  -0.000738  -0.022257  0.999751  0.001859  0.000779  -0.001842  0.999998  0.999931  0.011737  0.000033  -0.011737  0.999931  0.000553  -0.000027  -0.000553  1.000000  1.000000  0.000147  0.000000  -0.000147  1.000000  0.000007  -0.000000  -0.000007  1.000000  0.999752  0.022258  -0.000738  -0.022257  0.999751  0.001859  0.000779  -0.001842  0.999998  0.000174  0.011751  
101.955256 0.009963  0.087209  0.001230  0.988150  0.153482  -0.001909  -0.153381  0.987823  0.026071  0.005887  -0.025469  0.999658  0.002357  -0.016701  -0.002085  0.035880  0.014922  0.652542  2.000000  0.999736  0.022955  -0.000736  -0.022954  0.999735  0.001881  0.000779  -0.001863  0.999998  0.999943  0.010708  0.000005  -0.010708  0.999943  0.000304  -0.000002  -0.000304  1.000000  1.000000  0.000134  0.000000  -0.000134  1.000000  0.000004  -0.000000  -0.000004  1.000000  0.999736  0.022955  -0.000736  -0.022954  0.999735  0.001881  0.000779  -0.001863  0.999998  0.000165  0.010713  
101.956258 0.009964  0.087189  0.001226  0.988119  0.153682  -0.001771  -0.153585  0.987792  0.026051  0.005753  -0.025469  0.999659  0.002082  -0.017151  -0.002054  0.031871  0.011377  0.623241  2.000000  0.999724  0.023465  -0.000728  -0.023463  0.999723  0.001894  0.000772  -0.001877  0.999998  0.999953  0.009672  0.000247  -0.009673  0.999953  0.000176  -0.000245  -0.000178  1.000000  1.000000  0.000121  0.000003  -0.000121  1.000000  0.000002  -0.000003  -0.000002  1.000000  0.999724  0.023465  -0.000728  -0.023463  0.999723  0.001894  0.000772  -0.001877  0.999998  0.000158  0.009677  
101.957506 0.009964  0.087164  0.001222  0.988087  0.153885  -0.001785  -0.153788  0.987764  0.025931  0.005753  -0.025348  0.999662  0.001822  -0.017619  -0.002060  0.027464  0.007549  0.590680  2.000000  0.999711  0.024038  -0.000710  -0.024037  0.999709  0.001902  0.000756  -0.001884  0.999998  0.999961  0.008846  0.000358  -0.008846  0.999961  0.000050  -0.000358  -0.000053  1.000000  1.000000  0.000111  0.000004  -0.000111  1.000000  0.000001  -0.000004  -0.000001  1.000000  0.999711  0.024038  -0.000710  -0.024037  0.999709  0.001902  0.000756  -0.001884  0.999998  0.000152  0.008853  
101.958756 0.009963  0.087140  0.001219  0.988055  0.154089  -0.001779  -0.153991  0.987732  0.025932  0.005753  -0.025348  0.999662  0.001522  -0.018026  -0.002047  0.023269  0.003913  0.556222  2.000000  0.999698  0.024570  -0.000688  -0.024569  0.999696  0.001898  0.000735  -0.001881  0.999998  0.999966  0.008229  0.000343  -0.008229  0.999966  -0.000075  -0.000343  0.000072  1.000000  1.000000  0.000103  0.000004  -0.000103  1.000000  -0.000001  -0.000004  0.000001  1.000000  0.999698  0.024570  -0.000688  -0.024569  0.999696  0.001898  0.000735  -0.001881  0.999998  0.000143  0.008236  
101.960004 0.009963  0.087116  0.001216  0.987992  0.154495  -0.001769  -0.154398  0.987668  0.025932  0.005753  -0.025348  0.999662  0.001183  -0.018439  -0.002070  0.023191  -0.000030  0.535497  2.000000  0.999688  0.024966  -0.000672  -0.024965  0.999687  0.001894  0.000719  -0.001877  0.999998  0.999969  0.007817  0.000332  -0.007817  0.999969  -0.000077  -0.000333  0.000074  1.000000  1.000000  0.000098  0.000004  -0.000098  1.000000  -0.000001  -0.000004  0.000001  1.000000  0.999688  0.024966  -0.000672  -0.024965  0.999687  0.001894  0.000719  -0.001877  0.999998  0.000134  0.007824  
101.961011 0.009962  0.087097  0.001213  0.987992  0.154495  -0.001787  -0.154398  0.987671  0.025813  0.005753  -0.025227  0.999665  0.000890  -0.018772  -0.002068  0.015032  -0.003487  0.498314  2.000000  0.999679  0.025341  -0.000649  -0.025340  0.999677  0.001882  0.000696  -0.001865  0.999998  0.999974  0.007196  0.000449  -0.007196  0.999974  -0.000323  -0.000452  0.000320  1.000000  1.000000  0.000090  0.000006  -0.000090  1.000000  -0.000004  -0.000006  0.000004  1.000000  0.999679  0.025341  -0.000649  -0.025340  0.999677  0.001882  0.000696  -0.001865  0.999998  0.000127  0.007217  
101.962257 0.009961  0.087072  0.001209  0.987961  0.154695  -0.001650  -0.154602  0.987640  0.025792  0.005620  -0.025227  0.999666  0.000591  -0.019057  -0.002223  0.010711  -0.011718  0.466580  2.000000  0.999668  0.025765  -0.000617  -0.025764  0.999666  0.001861  0.000665  -0.001844  0.999998  0.999978  0.006575  0.000568  -0.006575  0.999978  -0.000327  -0.000570  0.000324  1.000000  1.000000  0.000082  0.000007  -0.000082  1.000000  -0.000004  -0.000007  0.000004  1.000000  0.999668  0.025765  -0.000617  -0.025764  0.999666  0.001861  0.000665  -0.001844  0.999998  0.000118  0.006608  
101.963258 0.009958  0.087052  0.001207  0.987961  0.154695  -0.001650  -0.154602  0.987640  0.025792  0.005620  -0.025227  0.999666  0.000309  -0.019260  -0.002229  0.006474  -0.010882  0.432266  2.000000  0.999660  0.026073  -0.000590  -0.026072  0.999658  0.001844  0.000637  -0.001828  0.999998  0.999982  0.005958  0.000552  -0.005958  0.999982  -0.000331  -0.000554  0.000327  1.000000  1.000000  0.000074  0.000007  -0.000074  1.000000  -0.000004  -0.000007  0.000004  1.000000  0.999660  0.026073  -0.000590  -0.026072  0.999658  0.001844  0.000637  -0.001828  0.999998  0.000109  0.005993  
101.964510 0.009955  0.087026  0.001204  0.987929  0.154898  -0.001663  -0.154805  0.987611  0.025673  0.005620  -0.025105  0.999669  -0.000044  -0.019403  -0.002262  -0.001834  -0.014421  0.394149  2.000000  0.999651  0.026428  -0.000558  -0.026426  0.999649  0.001816  0.000606  -0.001801  0.999998  0.999986  0.005344  0.000402  -0.005344  0.999986  -0.000455  -0.000404  0.000453  1.000000  1.000000  0.000067  0.000005  -0.000067  1.000000  -0.000006  -0.000005  0.000006  1.000000  0.999651  0.026428  -0.000558  -0.026426  0.999649  0.001816  0.000606  -0.001801  0.999998  0.000101  0.005378  
101.965762 0.009953  0.087002  0.001203  0.987866  0.155301  -0.001540  -0.155212  0.987551  0.025533  0.005486  -0.024984  0.999673  -0.000338  -0.019548  -0.002202  -0.010169  -0.018219  0.366357  2.000000  0.999645  0.026625  -0.000543  -0.026624  0.999644  0.001799  0.000591  -0.001784  0.999998  0.999988  0.004933  0.000392  -0.004932  0.999988  -0.000458  -0.000394  0.000456  1.000000  1.000000  0.000000  0.000000  0.000000  1.000000  0.000000  0.000000  0.000000  1.000000  0.999645  0.026625  -0.000543  -0.026624  0.999644  0.001799  0.000591  -0.001784  0.999998  0.000093  0.000000  
101.967013 0.009951  0.086977  0.001203  0.987866  0.155301  -0.001540  -0.155212  0.987551  0.025533  0.005486  -0.024984  0.999673  -0.000668  -0.019643  -0.002162  -0.014379  -0.022039  0.338582  2.000000  0.999645  0.026625  -0.000543  -0.026624  0.999644  0.001799  0.000591  -0.001784  0.999998  0.999990  0.004518  0.000514  -0.004517  0.999990  -0.000582  -0.000517  0.000580  1.000000  1.000000  0.000000  0.000000  0.000000  1.000000  0.000000  0.000000  0.000000  1.000000  0.999645  0.026625  -0.000543  -0.026624  0.999644  0.001799  0.000591  -0.001784  0.999998  0.000085  0.000000  
101.968262 0.009948  0.086953  0.001202  0.987833  0.155508  -0.001685  -0.155415  0.987522  0.025434  0.005620  -0.024863  0.999675  -0.000932  -0.019719  -0.002079  -0.018593  -0.016828  0.311056  2.000000  0.999645  0.026625  -0.000543  -0.026624  0.999644  0.001799  0.000591  -0.001784  0.999998  0.999991  0.004109  0.000370  -0.004109  0.999991  -0.000705  -0.000373  0.000703  1.000000  1.000000  0.000000  0.000000  0.000000  1.000000  0.000000  0.000000  0.000000  1.000000  0.999645  0.026625  -0.000543  -0.026624  0.999644  0.001799  0.000591  -0.001784  0.999998  0.000080  0.000000  
101.969507 0.009945  0.086928  0.001201  0.987801  0.155711  -0.001680  -0.155619  0.987490  0.025435  0.005620  -0.024863  0.999675  -0.001188  -0.019771  -0.002009  -0.022771  -0.020819  0.290193  2.000000  0.999645  0.026625  -0.000543  -0.026624  0.999644  0.001799  0.000591  -0.001784  0.999998  0.999993  0.003698  0.000360  -0.003698  0.999993  -0.000707  -0.000362  0.000706  1.000000  1.000000  0.000000  0.000000  0.000000  1.000000  0.000000  0.000000  0.000000  1.000000  0.999645  0.026625  -0.000543  -0.026624  0.999644  0.001799  0.000591  -0.001784  0.999998  0.000073  0.000000  
101.970515 0.009943  0.086908  0.001200  0.987801  0.155711  -0.001699  -0.155619  0.987493  0.025315  0.005620  -0.024742  0.999678  -0.001363  -0.019740  -0.001905  -0.027003  -0.020101  0.262468  2.000000  0.999645  0.026625  -0.000543  -0.026624  0.999644  0.001799  0.000591  -0.001784  0.999998  0.999993  0.003698  0.000359  -0.003698  0.999993  -0.000828  -0.000362  0.000827  1.000000  1.000000  0.000000  0.000000  0.000000  1.000000  0.000000  0.000000  0.000000  1.000000  0.999645  0.026625  -0.000543  -0.026624  0.999644  0.001799  0.000591  -0.001784  0.999998  0.000069  0.000000  
101.971758 0.009941  0.086883  0.001198  0.987769  0.155914  -0.001713  -0.155822  0.987464  0.025195  0.005620  -0.024620  0.999681  -0.001494  -0.019744  -0.001792  -0.031166  -0.019741  0.248689  2.000000  0.999645  0.026625  -0.000543  -0.026624  0.999644  0.001799  0.000591  -0.001784  0.999998  0.999994  0.003492  0.000354  -0.003492  0.999993  -0.000951  -0.000357  0.000950  0.999999  1.000000  0.000000  0.000000  0.000000  1.000000  0.000000  0.000000  0.000000  1.000000  0.999645  0.026625  -0.000543  -0.026624  0.999644  0.001799  0.000591  -0.001784  0.999998  0.000064  0.000000  
101.973007 0.009941  0.086858  0.001196  0.987737  0.156117  -0.001707  -0.156025  0.987432  0.025196  0.005620  -0.024620  0.999681  -0.001495  -0.019703  -0.001700  -0.031289  -0.019221  0.227947  2.000000  0.999645  0.026625  -0.000543  -0.026624  0.999644  0.001799  0.000591  -0.001784  0.999998  0.999995  0.003286  0.000349  -0.003286  0.999994  -0.000952  -0.000352  0.000951  0.999999  1.000000  0.000000  0.000000  0.000000  1.000000  0.000000  0.000000  0.000000  1.000000  0.999645  0.026625  -0.000543  -0.026624  0.999644  0.001799  0.000591  -0.001784  0.999998  0.000061  0.000000  
101.974007 0.009939  0.086839  0.001193  0.987705  0.156320  -0.001721  -0.156229  0.987403  0.025076  0.005620  -0.024499  0.999684  -0.001584  -0.019760  -0.001651  -0.035092  -0.014591  0.226200  2.000000  0.999645  0.026625  -0.000543  -0.026624  0.999644  0.001799  0.000591  -0.001784  0.999998  0.999995  0.003286  0.000348  -0.003286  0.999994  -0.001073  -0.000352  0.001072  0.999999  1.000000  0.000000  0.000000  0.000000  1.000000  0.000000  0.000000  0.000000  1.000000  0.999645  0.026625  -0.000543  -0.026624  0.999644  0.001799  0.000591  -0.001784  0.999998  0.000057  0.000000  
101.975257 0.009939  0.086814  0.001191  0.987673  0.156520  -0.001584  -0.156432  0.987371  0.025056  0.005486  -0.024499  0.999685  -0.001578  -0.019791  -0.001560  -0.035181  -0.018704  0.212337  2.000000  0.999645  0.026625  -0.000543  -0.026624  0.999644  0.001799  0.000591  -0.001784  0.999998  0.999995  0.003077  0.000477  -0.003077  0.999995  -0.000954  -0.000480  0.000952  0.999999  1.000000  0.000000  0.000000  0.000000  1.000000  0.000000  0.000000  0.000000  1.000000  0.999645  0.026625  -0.000543  -0.026624  0.999644  0.001799  0.000591  -0.001784  0.999998  0.000054  0.000000  
101.976258 0.009938  0.086795  0.001189  0.987641  0.156724  -0.001579  -0.156635  0.987339  0.025056  0.005486  -0.024499  0.999685  -0.001570  -0.019800  -0.001545  -0.035261  -0.018362  0.198630  2.000000  0.999645  0.026625  -0.000543  -0.026624  0.999644  0.001799  0.000591  -0.001784  0.999998  0.999996  0.002871  0.000472  -0.002871  0.999995  -0.000955  -0.000475  0.000953  0.999999  1.000000  0.000000  0.000000  0.000000  1.000000  0.000000  0.000000  0.000000  1.000000  0.999645  0.026625  -0.000543  -0.026624  0.999644  0.001799  0.000591  -0.001784  0.999998  0.000049  0.000000  
101.977275 0.009938  0.086775  0.001187  0.987641  0.156723  -0.001598  -0.156635  0.987342  0.024936  0.005486  -0.024378  0.999688  -0.001467  -0.019783  -0.001477  -0.039730  -0.017975  0.179440  2.000000  0.999645  0.026625  -0.000543  -0.026624  0.999644  0.001799  0.000591  -0.001784  0.999998  0.999995  0.003081  0.000343  -0.003080  0.999995  -0.001075  -0.000346  0.001074  0.999999  1.000000  0.000000  0.000000  0.000000  1.000000  0.000000  0.000000  0.000000  1.000000  0.999645  0.026625  -0.000543  -0.026624  0.999644  0.001799  0.000591  -0.001784  0.999998  0.000049  0.000000  
101.978508 0.009938  0.086751  0.001184  0.987609  0.156927  -0.001593  -0.156839  0.987309  0.024937  0.005486  -0.024378  0.999688  -0.001268  -0.019725  -0.001486  -0.039421  -0.017835  0.178045  2.000000  0.999645  0.026625  -0.000543  -0.026624  0.999644  0.001799  0.000591  -0.001784  0.999998  0.999995  0.003081  0.000343  -0.003080  0.999995  -0.000954  -0.000346  0.000952  0.999999  1.000000  0.000000  0.000000  0.000000  1.000000  0.000000  0.000000  0.000000  1.000000  0.999645  0.026625  -0.000543  -0.026624  0.999644  0.001799  0.000591  -0.001784  0.999998  0.000046  0.000000  
101.979760 0.009939  0.086726  0.001180  0.987577  0.157130  -0.001588  -0.157042  0.987277  0.024937  0.005486  -0.024378  0.999688  -0.001044  -0.019680  -0.001588  -0.039460  -0.017664  0.171184  2.000000  0.999645  0.026625  -0.000543  -0.026624  0.999644  0.001799  0.000591  -0.001784  0.999998  0.999995  0.003081  0.000343  -0.003080  0.999995  -0.000954  -0.000346  0.000952  0.999999  1.000000  0.000000  0.000000  0.000000  1.000000  0.000000  0.000000  0.000000  1.000000  0.999645  0.026625  -0.000543  -0.026624  0.999644  0.001799  0.000591  -0.001784  0.999998  0.000045  0.000000  
101.980780 0.009940  0.086706  0.001178  0.987544  0.157333  -0.001582  -0.157245  0.987245  0.024937  0.005486  -0.024378  0.999688  -0.000886  -0.019699  -0.001716  0.000000  0.000000  0.000000  2.000000  0.999645  0.026625  -0.000543  -0.026624  0.999644  0.001799  0.000591  -0.001784  0.999998  0.999996  0.002875  0.000338  -0.002874  0.999995  -0.000955  -0.000341  0.000954  0.999999  1.000000  0.000000  0.000000  0.000000  1.000000  0.000000  0.000000  0.000000  1.000000  0.999645  0.026625  -0.000543  -0.026624  0.999644  0.001799  0.000591  -0.001784  0.999998  0.000000  0.000000  
101.982010 0.009940  0.086681  0.001175  0.987512  0.157537  -0.001558  -0.157449  0.987209  0.025057  0.005486  -0.024499  0.999685  -0.000722  -0.019748  -0.001821  0.000000  0.000000  0.000000  2.000000  0.999645  0.026625  -0.000543  -0.026624  0.999644  0.001799  0.000591  -0.001784  0.999998  0.999995  0.003081  0.000343  -0.003080  0.999995  -0.000832  -0.000345  0.000831  1.000000  1.000000  0.000000  0.000000  0.000000  1.000000  0.000000  0.000000  0.000000  1.000000  0.999645  0.026625  -0.000543  -0.026624  0.999644  0.001799  0.000591  -0.001784  0.999998  0.000000  0.000000  
101.983010 0.009941  0.086662  0.001173  0.987479  0.157740  -0.001553  -0.157652  0.987177  0.025058  0.005486  -0.024499  0.999685  -0.000520  -0.019750  -0.001981  0.000000  0.000000  0.000000  2.000000  0.999645  0.026625  -0.000543  -0.026624  0.999644  0.001799  0.000591  -0.001784  0.999998  0.999996  0.002878  0.000204  -0.002878  0.999996  -0.000712  -0.000206  0.000711  1.000000  1.000000  0.000000  0.000000  0.000000  1.000000  0.000000  0.000000  0.000000  1.000000  0.999645  0.026625  -0.000543  -0.026624  0.999644  0.001799  0.000591  -0.001784  0.999998  0.000000  0.000000  
101.984260 0.009943  0.086637  0.001171  0.987447  0.157943  -0.001548  -0.157855  0.987144  0.025058  0.005486  -0.024499  0.999685  -0.000148  -0.019685  -0.002060  0.000000  0.000000  0.000000  2.000000  0.999645  0.026625  -0.000543  -0.026624  0.999644  0.001799  0.000591  -0.001784  0.999998  0.999995  0.003290  0.000214  -0.003289  0.999994  -0.000710  -0.000217  0.000709  1.000000  1.000000  0.000000  0.000000  0.000000  1.000000  0.000000  0.000000  0.000000  1.000000  0.999645  0.026625  -0.000543  -0.026624  0.999644  0.001799  0.000591  -0.001784  0.999998  0.000000  0.000000  
101.985509 0.009946  0.086614  0.001169  0.987415  0.158146  -0.001543  -0.158059  0.987112  0.025058  0.005486  -0.024499  0.999685  0.000140  -0.019634  -0.002057  0.000000  0.000000  0.000000  2.000000  0.999645  0.026625  -0.000543  -0.026624  0.999644  0.001799  0.000591  -0.001784  0.999998  0.999995  0.003290  0.000214  -0.003289  0.999994  -0.000589  -0.000216  0.000588  1.000000  1.000000  0.000000  0.000000  0.000000  1.000000  0.000000  0.000000  0.000000  1.000000  0.999645  0.026625  -0.000543  -0.026624  0.999644  0.001799  0.000591  -0.001784  0.999998  0.000000  0.000000  
101.986511 0.009948  0.086595  0.001169  0.987382  0.158349  -0.001538  -0.158262  0.987079  0.025059  0.005486  -0.024499  0.999685  0.000432  -0.019514  -0.001977  0.000000  0.000000  0.000000  2.000000  0.999645  0.026625  -0.000543  -0.026624  0.999644  0.001799  0.000591  -0.001784  0.999998  0.999995  0.003084  0.000209  -0.003084  0.999995  -0.000590  -0.000211  0.000589  1.000000  1.000000  0.000000  0.000000  0.000000  1.000000  0.000000  0.000000  0.000000  1.000000  0.999645  0.026625  -0.000543  -0.026624  0.999644  0.001799  0.000591  -0.001784  0.999998  0.000000  0.000000  
101.987758 0.009951  0.086572  0.001168  0.987382  0.158349  -0.001538  -0.158262  0.987079  0.025059  0.005486  -0.024499  0.999685  0.000703  -0.019392  -0.001861  0.000000  0.000000  0.000000  2.000000  0.999645  0.026625  -0.000543  -0.026624  0.999644  0.001799  0.000591  -0.001784  0.999998  0.999995  0.003087  0.000076  -0.003087  0.999995  -0.000468  -0.000077  0.000468  1.000000  1.000000  0.000000  0.000000  0.000000  1.000000  0.000000  0.000000  0.000000  1.000000  0.999645  0.026625  -0.000543  -0.026624  0.999644  0.001799  0.000591  -0.001784  0.999998  0.000000  0.000000  
