1-Time 2-Px 3-Py 4-Pz 5-R11 6-R21 7-R31 8-R12 9-R22 10-R32 11-R13 12-R23 13-R33 14-Vx 15-Vy 16-Vz 17-Wx 18-Wy 19-Wz 20-state 21-PR11 22-PR21 23-PR31 24-PR12 25-PR22 26-PR32 27-PR13 28-PR23 29-PR33 
206.486835 0.013033  0.082404  0.007167  0.988992  0.141700  0.042612  -0.049721  0.047016  0.997656  0.139364  -0.988792  0.053544  -0.000909  0.003957  -0.002190  0.000000  0.000000  0.000000  2.000000  1.000000  0.000000  0.000000  0.000000  -0.000000  1.000000  0.000000  -1.000000  -0.000000  1.000000  0.000523  -0.000233  -0.000523  1.000000  -0.000029  0.000233  0.000029  1.000000  1.000000  0.000000  0.000000  0.000000  1.000000  0.000000  0.000000  0.000000  1.000000  0.712681  0.563654  0.417588  -0.400008  -0.162482  0.901994  0.576263  -0.809873  0.109669  0.000000  0.000000  
206.488065 0.013032  0.082410  0.007165  0.988982  0.141710  0.042817  -0.049925  0.046987  0.997647  0.139364  -0.988792  0.053544  -0.000883  0.004018  -0.002179  0.000000  0.000000  0.000000  2.000000  1.000000  0.000000  0.000000  0.000000  -0.000000  1.000000  0.000000  -1.000000  -0.000000  1.000000  0.000523  -0.000233  -0.000523  1.000000  -0.000029  0.000233  0.000029  1.000000  1.000000  0.000000  0.000000  0.000000  1.000000  0.000000  0.000000  0.000000  1.000000  1.000000  0.000000  0.000000  0.000000  -0.000000  1.000000  0.000000  -1.000000  -0.000000  0.000000  0.000000  
206.489068 0.013033  0.082410  0.007164  0.988969  0.141607  0.043440  -0.050537  0.046906  0.997620  0.139232  -0.988811  0.053545  -0.000797  0.003806  -0.002036  0.000000  0.000000  0.000000  2.000000  1.000000  0.000000  0.000000  0.000000  -0.000000  1.000000  0.000000  -1.000000  -0.000000  1.000000  0.000556  0.000378  -0.000556  1.000000  0.000057  -0.000378  -0.000057  1.000000  1.000000  0.000000  0.000000  0.000000  1.000000  0.000000  0.000000  0.000000  1.000000  1.000000  0.000000  0.000000  0.000000  -0.000000  1.000000  0.000000  -1.000000  -0.000000  0.000000  0.000000  
206.490070 0.013035  0.082410  0.007164  0.988935  0.141523  0.044474  -0.051556  0.046768  0.997574  0.139099  -0.988830  0.053546  -0.000575  0.003562  -0.001919  0.000000  0.000000  0.000000  2.000000  1.000000  0.000000  0.000000  0.000000  -0.000000  1.000000  0.000000  -1.000000  -0.000000  0.999999  0.000200  0.001214  -0.000200  1.000000  0.000172  -0.001214  -0.000172  0.999999  1.000000  0.000000  0.000000  0.000000  1.000000  0.000000  0.000000  0.000000  1.000000  1.000000  0.000000  0.000000  0.000000  -0.000000  1.000000  0.000000  -1.000000  -0.000000  0.000000  0.000000  
206.491076 0.013037  0.082410  0.007164  0.988919  0.141307  0.045516  -0.052576  0.046636  0.997527  0.138834  -0.988867  0.053548  -0.000369  0.003240  -0.001683  0.000000  0.000000  0.000000  2.000000  1.000000  0.000000  0.000000  0.000000  -0.000000  1.000000  0.000000  -1.000000  -0.000000  0.999997  -0.000013  0.002247  0.000012  1.000000  0.000315  -0.002247  -0.000315  0.999997  1.000000  0.000000  0.000000  0.000000  1.000000  0.000000  0.000000  0.000000  1.000000  1.000000  0.000000  0.000000  0.000000  -0.000000  1.000000  0.000000  -1.000000  -0.000000  0.000000  0.000000  
206.492092 0.013039  0.082408  0.007165  0.988912  0.141081  0.046351  -0.053392  0.046534  0.997489  0.138569  -0.988904  0.053550  -0.000171  0.002849  -0.001491  0.000000  0.000000  0.000000  2.000000  1.000000  0.000000  0.000000  0.000000  -0.000000  1.000000  0.000000  -1.000000  -0.000000  0.999995  -0.000225  0.003279  0.000224  1.000000  0.000457  -0.003279  -0.000457  0.999995  1.000000  0.000000  0.000000  0.000000  1.000000  0.000000  0.000000  0.000000  1.000000  1.000000  0.000000  0.000000  0.000000  -0.000000  1.000000  0.000000  -1.000000  -0.000000  0.000000  0.000000  
206.493315 0.013043  0.082406  0.007166  0.988916  0.140845  0.046982  -0.054005  0.046461  0.997459  0.138304  -0.988941  0.053552  0.000146  0.002376  -0.001257  0.000000  0.000000  0.000000  2.000000  1.000000  0.000000  0.000000  0.000000  -0.000000  1.000000  0.000000  -1.000000  -0.000000  0.999991  -0.000449  0.004108  0.000446  1.000000  0.000572  -0.004108  -0.000570  0.999991  1.000000  0.000000  0.000000  0.000000  1.000000  0.000000  0.000000  0.000000  1.000000  1.000000  0.000000  0.000000  0.000000  -0.000000  1.000000  0.000000  -1.000000  -0.000000  0.000000  0.000000  
206.494329 0.013046  0.082404  0.007167  0.988883  0.140874  0.047598  -0.054615  0.046374  0.997430  0.138304  -0.988941  0.053552  0.000450  0.001982  -0.001026  0.000000  0.000000  0.000000  2.000000  1.000000  0.000000  0.000000  0.000000  -0.000000  1.000000  0.000000  -1.000000  -0.000000  0.999990  -0.000561  0.004522  0.000558  1.000000  0.000629  -0.004522  -0.000627  0.999990  1.000000  0.000000  0.000000  0.000000  1.000000  0.000000  0.000000  0.000000  1.000000  1.000000  0.000000  0.000000  0.000000  -0.000000  1.000000  0.000000  -1.000000  -0.000000  0.000000  0.000000  
206.495566 0.013052  0.082402  0.007169  0.988807  0.141059  0.048600  -0.055632  0.046343  0.997375  0.138437  -0.988916  0.053671  0.000914  0.001501  -0.000713  0.022795  -0.192428  -0.003086  2.000000  1.000000  -0.000016  0.000200  -0.000200  -0.000023  1.000000  -0.000016  -1.000000  -0.000023  0.999985  -0.000372  0.005533  0.000368  1.000000  0.000651  -0.005533  -0.000649  0.999984  1.000000  -0.000005  0.000069  0.000005  1.000000  0.000008  -0.000069  -0.000008  1.000000  1.000000  -0.000016  0.000200  -0.000200  -0.000023  1.000000  -0.000016  -1.000000  -0.000023  0.000046  0.005583  
206.496815 0.013058  0.082398  0.007170  0.988720  0.141249  0.049825  -0.056853  0.046161  0.997315  0.138569  -0.988897  0.053670  0.001357  0.000958  -0.000485  0.028555  -0.233137  0.003631  2.000000  1.000000  -0.000031  0.000596  -0.000596  -0.000071  1.000000  -0.000031  -1.000000  -0.000071  0.999976  -0.000162  0.006951  0.000156  1.000000  0.000851  -0.006951  -0.000850  0.999975  1.000000  -0.000002  0.000087  0.000002  1.000000  0.000011  -0.000087  -0.000011  1.000000  1.000000  -0.000031  0.000596  -0.000596  -0.000071  1.000000  -0.000031  -1.000000  -0.000071  0.000057  0.007004  
206.497818 0.013062  0.082395  0.007172  0.988667  0.141174  0.051064  -0.058075  0.045994  0.997252  0.138437  -0.988916  0.053671  0.001741  0.000456  -0.000239  0.034295  -0.274434  0.001367  2.000000  1.000000  -0.000038  0.000974  -0.000974  -0.000118  1.000000  -0.000038  -1.000000  -0.000118  0.999968  -0.000108  0.007968  0.000100  1.000000  0.000994  -0.007968  -0.000993  0.999968  1.000000  -0.000001  0.000100  0.000001  1.000000  0.000012  -0.000100  -0.000012  1.000000  1.000000  -0.000038  0.000974  -0.000974  -0.000118  1.000000  -0.000038  -1.000000  -0.000118  0.000066  0.008031  
206.498880 0.013066  0.082392  0.007172  0.988625  0.141089  0.052098  -0.059094  0.045857  0.997199  0.138304  -0.988934  0.053672  0.002094  -0.000036  0.000003  0.039000  -0.308340  -0.001266  2.000000  0.999999  -0.000049  0.001414  -0.001414  -0.000173  0.999999  -0.000049  -1.000000  -0.000173  0.999958  -0.000310  0.009204  0.000300  0.999999  0.001165  -0.009205  -0.001162  0.999957  1.000000  -0.000004  0.000115  0.000004  1.000000  0.000015  -0.000115  -0.000015  1.000000  0.999999  -0.000049  0.001414  -0.001414  -0.000173  0.999999  -0.000049  -1.000000  -0.000173  0.000076  0.009283  
206.500067 0.013071  0.082389  0.007173  0.988582  0.140768  0.053761  -0.060725  0.045648  0.997110  0.137907  -0.988990  0.053675  0.002467  -0.000606  0.000244  0.046720  -0.364832  -0.016272  2.000000  0.999998  -0.000077  0.001921  -0.001921  -0.000238  0.999998  -0.000077  -1.000000  -0.000238  0.999943  -0.000769  0.010658  0.000755  0.999999  0.001366  -0.010659  -0.001358  0.999942  1.000000  -0.000010  0.000133  0.000010  1.000000  0.000017  -0.000133  -0.000017  1.000000  0.999998  -0.000077  0.001921  -0.001921  -0.000238  0.999998  -0.000077  -1.000000  -0.000238  0.000089  0.010773  
206.501067 0.013074  0.082385  0.007175  0.988561  0.140435  0.054998  -0.061950  0.045620  0.997036  0.137509  -0.989038  0.053798  0.002774  -0.001166  0.000481  0.048274  -0.406347  -0.027478  2.000000  0.999997  -0.000123  0.002498  -0.002498  -0.000309  0.999997  -0.000122  -1.000000  -0.000309  0.999926  -0.001094  0.012105  0.001076  0.999998  0.001445  -0.012107  -0.001432  0.999926  1.000000  -0.000014  0.000151  0.000014  1.000000  0.000018  -0.000151  -0.000018  1.000000  0.999997  -0.000123  0.002498  -0.002498  -0.000309  0.999997  -0.000122  -1.000000  -0.000309  0.000101  0.012239  
206.502068 0.013077  0.082380  0.007177  0.988508  0.140243  0.056432  -0.063377  0.045556  0.996949  0.137244  -0.989069  0.053920  0.003028  -0.001801  0.000794  0.050828  -0.454700  -0.033827  2.000000  0.999996  -0.000167  0.002980  -0.002980  -0.000366  0.999995  -0.000166  -1.000000  -0.000367  0.999910  -0.001296  0.013341  0.001275  0.999998  0.001616  -0.013343  -0.001599  0.999910  1.000000  -0.000016  0.000167  0.000016  1.000000  0.000020  -0.000167  -0.000020  1.000000  0.999996  -0.000167  0.002980  -0.002980  -0.000366  0.999995  -0.000166  -1.000000  -0.000367  0.000111  0.013500  
206.503072 0.013080  0.082375  0.007181  0.988465  0.140042  0.057660  -0.064600  0.045521  0.996872  0.136979  -0.989099  0.054042  0.003256  -0.002395  0.001126  0.052444  -0.496421  -0.045028  2.000000  0.999993  -0.000236  0.003691  -0.003691  -0.000445  0.999993  -0.000234  -1.000000  -0.000446  0.999890  -0.001485  0.014781  0.001462  0.999998  0.001573  -0.014783  -0.001551  0.999890  1.000000  -0.000018  0.000185  0.000018  1.000000  0.000020  -0.000185  -0.000020  1.000000  0.999993  -0.000236  0.003691  -0.003691  -0.000445  0.999993  -0.000234  -1.000000  -0.000446  0.000124  0.014938  
206.504321 0.013084  0.082367  0.007187  0.988412  0.139735  0.059290  -0.066232  0.045558  0.996764  0.136582  -0.989140  0.054285  0.003433  -0.002966  0.001564  0.051858  -0.552280  -0.055487  2.000000  0.999989  -0.000336  0.004668  -0.004669  -0.000545  0.999989  -0.000333  -1.000000  -0.000547  0.999867  -0.001676  0.016221  0.001649  0.999997  0.001651  -0.016223  -0.001624  0.999867  1.000000  -0.000021  0.000203  0.000021  1.000000  0.000020  -0.000203  -0.000020  1.000000  0.999989  -0.000336  0.004668  -0.004669  -0.000545  0.999989  -0.000333  -1.000000  -0.000547  0.000135  0.016390  
206.505569 0.013088  0.082358  0.007194  0.988352  0.139551  0.060707  -0.067658  0.045617  0.996665  0.136316  -0.989164  0.054527  0.003472  -0.003432  0.001983  0.051230  -0.607269  -0.061382  2.000000  0.999985  -0.000430  0.005534  -0.005534  -0.000625  0.999984  -0.000426  -1.000000  -0.000627  0.999838  -0.001987  0.017871  0.001958  0.999997  0.001639  -0.017874  -0.001603  0.999839  1.000000  -0.000025  0.000223  0.000025  1.000000  0.000020  -0.000223  -0.000020  1.000000  0.999985  -0.000430  0.005534  -0.005534  -0.000625  0.999984  -0.000426  -1.000000  -0.000627  0.000151  0.018055  
206.506571 0.013091  0.082351  0.007197  0.988290  0.139360  0.062141  -0.069085  0.045555  0.996570  0.136051  -0.989193  0.054649  0.003528  -0.003855  0.002155  0.053734  -0.655645  -0.067700  2.000000  0.999979  -0.000537  0.006464  -0.006464  -0.000702  0.999979  -0.000532  -1.000000  -0.000706  0.999815  -0.002185  0.019108  0.002156  0.999996  0.001567  -0.019111  -0.001525  0.999816  1.000000  -0.000027  0.000239  0.000027  1.000000  0.000019  -0.000239  -0.000019  1.000000  0.999979  -0.000537  0.006464  -0.006464  -0.000702  0.999979  -0.000532  -1.000000  -0.000706  0.000162  0.019295  
206.507822 0.013094  0.082341  0.007201  0.988229  0.139054  0.063770  -0.070717  0.045595  0.996454  0.135654  -0.989235  0.054892  0.003558  -0.004395  0.002349  0.053117  -0.711593  -0.082599  2.000000  0.999970  -0.000688  0.007723  -0.007723  -0.000799  0.999970  -0.000682  -0.999999  -0.000804  0.999781  -0.002495  0.020759  0.002464  0.999996  0.001552  -0.020763  -0.001501  0.999783  1.000000  -0.000031  0.000260  0.000031  1.000000  0.000019  -0.000260  -0.000019  1.000000  0.999970  -0.000688  0.007723  -0.007723  -0.000799  0.999970  -0.000682  -0.999999  -0.000804  0.000175  0.020965  
206.509069 0.013098  0.082331  0.007203  0.988151  0.138759  0.065605  -0.072552  0.045608  0.996321  0.135256  -0.989275  0.055135  0.003511  -0.004986  0.002411  0.052926  -0.767526  -0.091829  2.000000  0.999958  -0.000854  0.009097  -0.009098  -0.000899  0.999958  -0.000846  -0.999999  -0.000907  0.999736  -0.002786  0.022817  0.002748  0.999995  0.001715  -0.022821  -0.001652  0.999738  1.000000  -0.000035  0.000285  0.000035  1.000000  0.000021  -0.000285  -0.000021  1.000000  0.999958  -0.000854  0.009097  -0.009098  -0.000899  0.999958  -0.000846  -0.999999  -0.000907  0.000192  0.023050  
206.510111 0.013103  0.082321  0.007203  0.988048  0.138710  0.067236  -0.074180  0.045511  0.996206  0.135123  -0.989287  0.055256  0.003523  -0.005513  0.002363  0.056737  -0.827534  -0.093866  2.000000  0.999950  -0.000965  0.009984  -0.009985  -0.000959  0.999950  -0.000956  -0.999999  -0.000969  0.999706  -0.002984  0.024053  0.002945  0.999994  0.001643  -0.024058  -0.001572  0.999709  1.000000  -0.000037  0.000301  0.000037  1.000000  0.000020  -0.000301  -0.000020  1.000000  0.999950  -0.000965  0.009984  -0.009985  -0.000959  0.999950  -0.000956  -0.999999  -0.000969  0.000206  0.024293  
206.511317 0.013108  0.082310  0.007203  0.987945  0.138547  0.069063  -0.076014  0.045515  0.996067  0.134858  -0.989309  0.055498  0.003525  -0.006025  0.002229  0.057110  -0.891135  -0.099516  2.000000  0.999936  -0.001119  0.011230  -0.011232  -0.001038  0.999936  -0.001107  -0.999999  -0.001050  0.999676  -0.003047  0.025283  0.003008  0.999994  0.001568  -0.025288  -0.001491  0.999679  1.000000  -0.000038  0.000316  0.000038  1.000000  0.000019  -0.000316  -0.000019  1.000000  0.999936  -0.001119  0.011230  -0.011232  -0.001038  0.999936  -0.001107  -0.999999  -0.001050  0.000221  0.025515  
206.512322 0.013113  0.082300  0.007202  0.987886  0.138347  0.070291  -0.077237  0.045486  0.995975  0.134593  -0.989339  0.055620  0.003514  -0.006519  0.002086  0.058614  -0.932954  -0.106201  2.000000  0.999921  -0.001272  0.012510  -0.012511  -0.001111  0.999921  -0.001258  -0.999999  -0.001127  0.999665  -0.003022  0.025691  0.002985  0.999994  0.001500  -0.025695  -0.001423  0.999669  1.000000  -0.000038  0.000321  0.000038  1.000000  0.000018  -0.000321  -0.000018  1.000000  0.999921  -0.001272  0.012510  -0.012511  -0.001111  0.999921  -0.001258  -0.999999  -0.001127  0.000232  0.025912  
206.513566 0.013119  0.082287  0.007200  0.987776  0.138308  0.071905  -0.078865  0.045510  0.995846  0.134461  -0.989343  0.055861  0.003613  -0.007107  0.001859  0.058020  -0.987893  -0.112002  2.000000  0.999899  -0.001456  0.014128  -0.014130  -0.001194  0.999899  -0.001439  -0.999998  -0.001215  0.999661  -0.002871  0.025889  0.002839  0.999995  0.001275  -0.025893  -0.001201  0.999664  1.000000  -0.000036  0.000324  0.000036  1.000000  0.000015  -0.000324  -0.000015  1.000000  0.999899  -0.001456  0.014128  -0.014130  -0.001194  0.999899  -0.001439  -0.999998  -0.001215  0.000248  0.026080  
206.514568 0.013124  0.082275  0.007198  0.987697  0.138118  0.073339  -0.080291  0.045453  0.995735  0.134195  -0.989372  0.055983  0.003700  -0.007666  0.001681  0.060424  -1.036081  -0.118239  2.000000  0.999880  -0.001596  0.015435  -0.015437  -0.001252  0.999880  -0.001577  -0.999998  -0.001277  0.999650  -0.002847  0.026298  0.002816  0.999995  0.001203  -0.026301  -0.001129  0.999653  1.000000  -0.000035  0.000329  0.000035  1.000000  0.000015  -0.000329  -0.000015  1.000000  0.999880  -0.001596  0.015435  -0.015437  -0.001252  0.999880  -0.001577  -0.999998  -0.001277  0.000258  0.026480  
206.515574 0.013129  0.082263  0.007195  0.987616  0.137938  0.074755  -0.081718  0.045517  0.995616  0.133930  -0.989394  0.056225  0.003803  -0.008355  0.001368  0.058745  -1.084354  -0.124413  2.000000  0.999858  -0.001734  0.016778  -0.016780  -0.001308  0.999858  -0.001711  -0.999998  -0.001337  0.999628  -0.002800  0.027113  0.002769  0.999995  0.001191  -0.027116  -0.001116  0.999632  1.000000  -0.000035  0.000339  0.000035  1.000000  0.000014  -0.000339  -0.000014  1.000000  0.999858  -0.001734  0.016778  -0.016780  -0.001308  0.999858  -0.001711  -0.999998  -0.001337  0.000270  0.027285  
206.516823 0.013135  0.082245  0.007190  0.987516  0.137758  0.076393  -0.083347  0.045433  0.995484  0.133665  -0.989423  0.056347  0.003952  -0.009153  0.000870  0.061619  -1.131143  -0.129312  2.000000  0.999833  -0.001889  0.018158  -0.018160  -0.001361  0.999834  -0.001864  -0.999997  -0.001395  0.999609  -0.003295  0.027754  0.003264  0.999994  0.001158  -0.027757  -0.001067  0.999614  1.000000  -0.000041  0.000347  0.000041  1.000000  0.000014  -0.000347  -0.000014  1.000000  0.999833  -0.001889  0.018158  -0.018160  -0.001361  0.999834  -0.001864  -0.999997  -0.001395  0.000284  0.027974  
206.518072 0.013141  0.082226  0.007185  0.987430  0.137456  0.078021  -0.084978  0.045481  0.995344  0.133267  -0.989463  0.056590  0.004072  -0.009971  0.000190  0.060314  -1.188472  -0.140957  2.000000  0.999799  -0.002109  0.019921  -0.019924  -0.001423  0.999800  -0.002080  -0.999997  -0.001465  0.999590  -0.003656  0.028387  0.003629  0.999993  0.001004  -0.028391  -0.000901  0.999596  1.000000  -0.000046  0.000355  0.000046  1.000000  0.000012  -0.000355  -0.000012  1.000000  0.999799  -0.002109  0.019921  -0.019924  -0.001423  0.999800  -0.002080  -0.999997  -0.001465  0.000297  0.028642  
206.519316 0.013148  0.082207  0.007179  0.987342  0.137277  0.079438  -0.086404  0.045548  0.995218  0.133002  -0.989485  0.056833  0.004222  -0.010673  -0.000532  0.053823  -1.202762  -0.144572  2.000000  0.999762  -0.002349  0.021701  -0.021704  -0.001472  0.999763  -0.002316  -0.999996  -0.001522  0.999590  -0.003783  0.028397  0.003763  0.999993  0.000758  -0.028399  -0.000651  0.999596  1.000000  -0.000047  0.000355  0.000047  1.000000  0.000009  -0.000355  -0.000009  1.000000  0.999762  -0.002349  0.021701  -0.021704  -0.001472  0.999763  -0.002316  -0.999996  -0.001522  0.000303  0.028660  
206.520320 0.013153  0.082192  0.007173  0.987253  0.137220  0.080641  -0.087625  0.045631  0.995108  0.132869  -0.989489  0.057074  0.004381  -0.011244  -0.001278  0.046375  -1.209503  -0.139562  2.000000  0.999729  -0.002543  0.023121  -0.023125  -0.001499  0.999731  -0.002508  -0.999996  -0.001558  0.999589  -0.003913  0.028405  0.003897  0.999992  0.000633  -0.028407  -0.000522  0.999596  1.000000  -0.000049  0.000355  0.000049  1.000000  0.000007  -0.000355  -0.000007  1.000000  0.999729  -0.002543  0.023121  -0.023125  -0.001499  0.999731  -0.002508  -0.999996  -0.001558  0.000303  0.028683  
206.521567 0.013161  0.082173  0.007165  0.987161  0.137175  0.081828  -0.088846  0.045836  0.994990  0.132737  -0.989486  0.057435  0.004705  -0.011867  -0.002119  0.034561  -1.206346  -0.133381  2.000000  0.999687  -0.002770  0.024872  -0.024876  -0.001511  0.999689  -0.002732  -0.999995  -0.001580  0.999602  -0.003524  0.027978  0.003520  0.999994  0.000198  -0.027979  -0.000099  0.999609  1.000000  -0.000044  0.000350  0.000044  1.000000  0.000002  -0.000350  -0.000002  1.000000  0.999687  -0.002770  0.024872  -0.024876  -0.001511  0.999689  -0.002732  -0.999995  -0.001580  0.000305  0.028204  
206.522571 0.013170  0.082159  0.007159  0.987087  0.137110  0.082826  -0.089864  0.045948  0.994894  0.132604  -0.989490  0.057676  0.005118  -0.012353  -0.002831  0.027374  -1.222333  -0.129392  2.000000  0.999651  -0.002937  0.026255  -0.026259  -0.001509  0.999654  -0.002896  -0.999995  -0.001586  0.999620  -0.003283  0.027355  0.003285  0.999995  -0.000019  -0.027354  0.000109  0.999626  1.000000  -0.000041  0.000342  0.000041  1.000000  -0.000001  -0.000342  0.000001  1.000000  0.999651  -0.002937  0.026255  -0.026259  -0.001509  0.999654  -0.002896  -0.999995  -0.001586  0.000308  0.027555  
206.523818 0.013181  0.082142  0.007151  0.987010  0.136934  0.084021  -0.091086  0.046165  0.994772  0.132339  -0.989504  0.058038  0.005605  -0.012762  -0.003487  0.018508  -1.240537  -0.131110  2.000000  0.999605  -0.003132  0.027943  -0.027948  -0.001488  0.999608  -0.003090  -0.999994  -0.001575  0.999638  -0.003039  0.026731  0.003047  0.999995  -0.000235  -0.026730  0.000316  0.999643  1.000000  -0.000038  0.000334  0.000038  1.000000  -0.000003  -0.000334  0.000003  1.000000  0.999605  -0.003132  0.027943  -0.027948  -0.001488  0.999608  -0.003090  -0.999994  -0.001575  0.000313  0.026908  
206.524819 0.013190  0.082129  0.007146  0.986934  0.136870  0.085019  -0.092104  0.046277  0.994673  0.132206  -0.989507  0.058279  0.005902  -0.012966  -0.003839  0.014578  -1.250880  -0.140898  2.000000  0.999576  -0.003249  0.028948  -0.028953  -0.001467  0.999580  -0.003205  -0.999994  -0.001560  0.999632  -0.003152  0.026944  0.003165  0.999995  -0.000453  -0.026943  0.000538  0.999637  1.000000  -0.000039  0.000337  0.000039  1.000000  -0.000006  -0.000337  0.000006  1.000000  0.999576  -0.003249  0.028948  -0.028953  -0.001467  0.999580  -0.003205  -0.999994  -0.001560  0.000315  0.027136  
206.526069 0.013203  0.082114  0.007140  0.986874  0.136685  0.086009  -0.093123  0.046523  0.994567  0.131941  -0.989521  0.058641  0.006393  -0.013241  -0.004243  0.002266  -1.251632  -0.154132  2.000000  0.999526  -0.003442  0.030601  -0.030606  -0.001422  0.999531  -0.003397  -0.999993  -0.001527  0.999654  -0.003057  0.026124  0.003073  0.999995  -0.000575  -0.026122  0.000655  0.999659  1.000000  -0.000038  0.000327  0.000038  1.000000  -0.000008  -0.000327  0.000008  1.000000  0.999526  -0.003442  0.030601  -0.030606  -0.001422  0.999531  -0.003397  -0.999993  -0.001527  0.000316  0.026313  
206.527322 0.013216  0.082098  0.007134  0.986812  0.136501  0.086999  -0.094142  0.046770  0.994460  0.131676  -0.989535  0.059003  0.006928  -0.013526  -0.004635  -0.011999  -1.238446  -0.163653  2.000000  0.999475  -0.003633  0.032210  -0.032215  -0.001366  0.999480  -0.003587  -0.999992  -0.001482  0.999670  -0.003081  0.025516  0.003103  0.999995  -0.000787  -0.025513  0.000866  0.999674  1.000000  -0.000039  0.000319  0.000039  1.000000  -0.000010  -0.000319  0.000010  1.000000  0.999475  -0.003633  0.032210  -0.032215  -0.001366  0.999480  -0.003587  -0.999992  -0.001482  0.000313  0.025717  
206.528565 0.013229  0.082081  0.007129  0.986750  0.136317  0.087988  -0.095161  0.047016  0.994351  0.131411  -0.989549  0.059366  0.007329  -0.013712  -0.004747  -0.025311  -1.223060  -0.162671  2.000000  0.999422  -0.003813  0.033778  -0.033784  -0.001295  0.999428  -0.003767  -0.999992  -0.001423  0.999686  -0.002839  0.024891  0.002865  0.999995  -0.001001  -0.024888  0.001072  0.999690  1.000000  -0.000036  0.000311  0.000036  1.000000  -0.000013  -0.000311  0.000013  1.000000  0.999422  -0.003813  0.033778  -0.033784  -0.001295  0.999428  -0.003767  -0.999992  -0.001423  0.000309  0.025077  
206.529567 0.013240  0.082067  0.007124  0.986691  0.136379  0.088553  -0.095771  0.047294  0.994279  0.131411  -0.989527  0.059726  0.007694  -0.013902  -0.004925  -0.040351  -1.200944  -0.154539  2.000000  0.999380  -0.003952  0.034994  -0.035000  -0.001225  0.999387  -0.003906  -0.999991  -0.001363  0.999711  -0.002755  0.023867  0.002789  0.999995  -0.001389  -0.023863  0.001455  0.999714  1.000000  -0.000035  0.000298  0.000035  1.000000  -0.000018  -0.000298  0.000018  1.000000  0.999380  -0.003952  0.034994  -0.035000  -0.001225  0.999387  -0.003906  -0.999991  -0.001363  0.000305  0.024070  
206.530578 0.013249  0.082052  0.007119  0.986632  0.136430  0.089134  -0.096380  0.047451  0.994213  0.131411  -0.989513  0.059966  0.008099  -0.014049  -0.005099  -0.049716  -1.175210  -0.139549  2.000000  0.999338  -0.004074  0.036159  -0.036164  -0.001141  0.999345  -0.004030  -0.999991  -0.001288  0.999737  -0.002404  0.022827  0.002442  0.999996  -0.001657  -0.022823  0.001713  0.999738  1.000000  -0.000030  0.000285  0.000030  1.000000  -0.000021  -0.000285  0.000021  1.000000  0.999338  -0.004074  0.036159  -0.036164  -0.001141  0.999345  -0.004030  -0.999991  -0.001288  0.000300  0.023017  
206.531588 0.013260  0.082037  0.007113  0.986590  0.136360  0.089706  -0.096991  0.047741  0.994140  0.131278  -0.989508  0.060327  0.008418  -0.014078  -0.005192  -0.064942  -1.154114  -0.135987  2.000000  0.999307  -0.004158  0.036991  -0.036996  -0.001067  0.999315  -0.004116  -0.999991  -0.001220  0.999756  -0.002176  0.021998  0.002221  0.999996  -0.002016  -0.021994  0.002064  0.999756  1.000000  -0.000027  0.000275  0.000027  1.000000  -0.000025  -0.000275  0.000026  1.000000  0.999307  -0.004158  0.036991  -0.036996  -0.001067  0.999315  -0.004116  -0.999991  -0.001220  0.000295  0.022201  
206.532827 0.013272  0.082017  0.007105  0.986509  0.136443  0.090459  -0.097804  0.048111  0.994042  0.131278  -0.989479  0.060807  0.008883  -0.014180  -0.005430  -0.076995  -1.126897  -0.128251  2.000000  0.999266  -0.004268  0.038063  -0.038067  -0.000951  0.999275  -0.004229  -0.999990  -0.001113  0.999773  -0.002213  0.021185  0.002263  0.999995  -0.002371  -0.021180  0.002419  0.999773  1.000000  -0.000028  0.000265  0.000028  1.000000  -0.000030  -0.000265  0.000030  1.000000  0.999266  -0.004268  0.038063  -0.038067  -0.000951  0.999275  -0.004229  -0.999990  -0.001113  0.000284  0.021437  
206.534069 0.013285  0.081996  0.007094  0.986466  0.136396  0.090998  -0.098415  0.048643  0.993956  0.131145  -0.989459  0.061408  0.009283  -0.014291  -0.005678  -0.094177  -1.092503  -0.120824  2.000000  0.999226  -0.004374  0.039104  -0.039108  -0.000814  0.999235  -0.004339  -0.999990  -0.000985  0.999786  -0.002239  0.020576  0.002297  0.999993  -0.002821  -0.020570  0.002867  0.999784  1.000000  -0.000028  0.000257  0.000028  1.000000  -0.000036  -0.000257  0.000036  1.000000  0.999226  -0.004374  0.039104  -0.039108  -0.000814  0.999235  -0.004339  -0.999990  -0.000985  0.000280  0.020893  
206.535328 0.013300  0.081976  0.007083  0.986402  0.136349  0.091758  -0.099229  0.049026  0.993856  0.131013  -0.989447  0.061889  0.009806  -0.014379  -0.006040  -0.105287  -1.071395  -0.117103  2.000000  0.999175  -0.004504  0.040354  -0.040357  -0.000617  0.999185  -0.004475  -0.999990  -0.000798  0.999807  -0.002156  0.019552  0.002219  0.999992  -0.003206  -0.019545  0.003248  0.999804  1.000000  -0.000027  0.000244  0.000027  1.000000  -0.000040  -0.000244  0.000040  1.000000  0.999175  -0.004504  0.040354  -0.040357  -0.000617  0.999185  -0.004475  -0.999990  -0.000798  0.000273  0.019934  
206.536330 0.013312  0.081960  0.007073  0.986358  0.136281  0.092331  -0.099840  0.049317  0.993781  0.130880  -0.989442  0.062250  0.010191  -0.014453  -0.006245  -0.117345  -1.043800  -0.113971  2.000000  0.999136  -0.004602  0.041313  -0.041316  -0.000441  0.999146  -0.004580  -0.999989  -0.000631  0.999819  -0.002052  0.018934  0.002119  0.999992  -0.003536  -0.018926  0.003575  0.999814  1.000000  -0.000026  0.000237  0.000026  1.000000  -0.000044  -0.000237  0.000044  1.000000  0.999136  -0.004602  0.041313  -0.041316  -0.000441  0.999146  -0.004580  -0.999989  -0.000631  0.000266  0.019375  
206.537569 0.013328  0.081941  0.007060  0.986296  0.136357  0.092878  -0.100449  0.049715  0.993699  0.130880  -0.989412  0.062730  0.010541  -0.014515  -0.006588  -0.130367  -1.009252  -0.102202  2.000000  0.999097  -0.004692  0.042224  -0.042225  -0.000246  0.999108  -0.004677  -0.999989  -0.000444  0.999842  -0.001850  0.017697  0.001920  0.999990  -0.003947  -0.017689  0.003981  0.999836  1.000000  -0.000024  0.000221  0.000024  1.000000  -0.000050  -0.000221  0.000050  1.000000  0.999097  -0.004692  0.042224  -0.042225  -0.000246  0.999108  -0.004677  -0.999989  -0.000444  0.000257  0.018231  
206.538589 0.013341  0.081927  0.007052  0.986255  0.136411  0.093238  -0.100855  0.050020  0.993643  0.130880  -0.989389  0.063091  0.010868  -0.014559  -0.006746  -0.144056  -0.966806  -0.095344  2.000000  0.999060  -0.004768  0.043085  -0.043086  -0.000032  0.999071  -0.004762  -0.999989  -0.000237  0.999856  -0.001626  0.016867  0.001699  0.999989  -0.004304  -0.016860  0.004332  0.999848  1.000000  -0.000021  0.000211  0.000021  1.000000  -0.000054  -0.000211  0.000054  1.000000  0.999060  -0.004768  0.043085  -0.043086  -0.000032  0.999071  -0.004762  -0.999989  -0.000237  0.000248  0.017487  
206.539833 0.013359  0.081911  0.007041  0.986175  0.136619  0.093777  -0.101462  0.050405  0.993562  0.131013  -0.989341  0.063569  0.011261  -0.014587  -0.007020  -0.158062  -0.926594  -0.084146  2.000000  0.999024  -0.004831  0.043905  -0.043905  0.000202  0.999036  -0.004835  -0.999988  -0.000010  0.999871  -0.001268  0.016028  0.001345  0.999988  -0.004781  -0.016022  0.004802  0.999860  1.000000  -0.000016  0.000200  0.000016  1.000000  -0.000060  -0.000200  0.000060  1.000000  0.999024  -0.004831  0.043905  -0.043905  0.000202  0.999036  -0.004835  -0.999988  -0.000010  0.000237  0.016778  
206.540867 0.013372  0.081897  0.007033  0.986116  0.136817  0.094111  -0.101866  0.050817  0.993499  0.131145  -0.989292  0.064048  0.011421  -0.014657  -0.007230  -0.170474  -0.889372  -0.072222  2.000000  0.998998  -0.004867  0.044498  -0.044497  0.000391  0.999009  -0.004879  -0.999988  0.000174  0.999877  -0.001152  0.015613  0.001232  0.999986  -0.005080  -0.015607  0.005099  0.999865  1.000000  -0.000015  0.000195  0.000015  1.000000  -0.000064  -0.000195  0.000064  1.000000  0.998998  -0.004867  0.044498  -0.044497  0.000391  0.999009  -0.004879  -0.999988  0.000174  0.000229  0.016463  
206.542083 0.013390  0.081878  0.007023  0.986053  0.136894  0.094658  -0.102475  0.051214  0.993416  0.131145  -0.989261  0.064528  0.011742  -0.014887  -0.007511  -0.187606  -0.855644  -0.065136  2.000000  0.998963  -0.004899  0.045266  -0.045263  0.000666  0.998975  -0.004925  -0.999988  0.000443  0.999884  -0.000768  0.015181  0.000853  0.999984  -0.005624  -0.015176  0.005636  0.999869  1.000000  -0.000010  0.000190  0.000010  1.000000  -0.000070  -0.000190  0.000070  1.000000  0.998963  -0.004899  0.045266  -0.045263  0.000666  0.998975  -0.004925  -0.999988  0.000443  0.000220  0.016210  
206.543313 0.013406  0.081858  0.007014  0.985993  0.137105  0.094976  -0.102880  0.051747  0.993347  0.131278  -0.989204  0.065127  0.011930  -0.015120  -0.007709  -0.202835  -0.814510  -0.057441  2.000000  0.998929  -0.004924  0.046008  -0.046003  0.000954  0.998941  -0.004963  -0.999987  0.000726  0.999894  -0.000533  0.014553  0.000617  0.999983  -0.005829  -0.014550  0.005837  0.999877  1.000000  -0.000007  0.000182  0.000007  1.000000  -0.000073  -0.000182  0.000073  1.000000  0.998929  -0.004924  0.046008  -0.046003  0.000954  0.998941  -0.004963  -0.999987  0.000726  0.000212  0.015688  
206.544317 0.013418  0.081841  0.007007  0.985929  0.137183  0.095523  -0.103489  0.052144  0.993263  0.131278  -0.989172  0.065607  0.012126  -0.015293  -0.007921  -0.217811  -0.793636  -0.049542  2.000000  0.998896  -0.004938  0.046715  -0.046710  0.001258  0.998908  -0.004992  -0.999987  0.001026  0.999903  -0.000431  0.013934  0.000517  0.999981  -0.006155  -0.013931  0.006161  0.999884  1.000000  -0.000006  0.000174  0.000006  1.000000  -0.000077  -0.000174  0.000077  1.000000  0.998896  -0.004938  0.046715  -0.046710  0.001258  0.998908  -0.004992  -0.999987  0.001026  0.000206  0.015241  
206.545568 0.013434  0.081820  0.007000  0.985886  0.137274  0.095832  -0.103894  0.052810  0.993185  0.131278  -0.989124  0.066327  0.012291  -0.015491  -0.007967  -0.240481  -0.745649  -0.043200  2.000000  0.998864  -0.004946  0.047403  -0.047395  0.001583  0.998875  -0.005015  -0.999987  0.001347  0.999909  -0.000314  0.013518  0.000405  0.999977  -0.006696  -0.013516  0.006701  0.999886  1.000000  -0.000004  0.000169  0.000004  1.000000  -0.000084  -0.000169  0.000084  1.000000  0.998864  -0.004946  0.047403  -0.047395  0.001583  0.998875  -0.005015  -0.999987  0.001347  0.000200  0.015091  
206.546816 0.013449  0.081799  0.006994  0.985805  0.137497  0.096353  -0.104501  0.053314  0.993095  0.131411  -0.989066  0.066926  0.012506  -0.015602  -0.007873  -0.261263  -0.710908  -0.031688  2.000000  0.998832  -0.004941  0.048064  -0.048055  0.001930  0.998843  -0.005028  -0.999986  0.001690  0.999917  -0.000079  0.012890  0.000170  0.999975  -0.007022  -0.012889  0.007023  0.999892  1.000000  -0.000002  0.000161  0.000002  1.000000  -0.000088  -0.000161  0.000088  1.000000  0.998832  -0.004941  0.048064  -0.048055  0.001930  0.998843  -0.005028  -0.999986  0.001690  0.000189  0.014680  
206.548064 0.013464  0.081778  0.006989  0.985744  0.137709  0.096669  -0.104906  0.053845  0.993023  0.131543  -0.989008  0.067524  0.012642  -0.015656  -0.007614  -0.278962  -0.669118  -0.016134  2.000000  0.998802  -0.004919  0.048693  -0.048682  0.002293  0.998812  -0.005025  -0.999985  0.002051  0.999922  0.000302  0.012456  -0.000209  0.999972  -0.007443  -0.012458  0.007440  0.999895  1.000000  0.000003  0.000156  -0.000003  1.000000  -0.000093  -0.000156  0.000093  1.000000  0.998802  -0.004919  0.048693  -0.048682  0.002293  0.998812  -0.005025  -0.999985  0.002051  0.000183  0.014513  
206.549068 0.013476  0.081762  0.006985  0.985683  0.137922  0.096986  -0.105310  0.054377  0.992952  0.131676  -0.988949  0.068123  0.012751  -0.015585  -0.007283  -0.294654  -0.641232  -0.008659  2.000000  0.998772  -0.004878  0.049301  -0.049289  0.002672  0.998781  -0.005004  -0.999985  0.002428  0.999928  0.000683  0.012022  -0.000590  0.999970  -0.007743  -0.012027  0.007735  0.999898  1.000000  0.000008  0.000150  -0.000008  1.000000  -0.000097  -0.000150  0.000097  1.000000  0.998772  -0.004878  0.049301  -0.049289  0.002672  0.998781  -0.005004  -0.999985  0.002428  0.000178  0.014314  
206.550069 0.013489  0.081747  0.006982  0.985622  0.138135  0.097302  -0.105713  0.054908  0.992880  0.131808  -0.988890  0.068721  0.012829  -0.015532  -0.006836  -0.313988  -0.611550  0.002832  2.000000  0.998743  -0.004823  0.049888  -0.049874  0.003069  0.998751  -0.004970  -0.999984  0.002825  0.999932  0.000796  0.011605  -0.000701  0.999966  -0.008163  -0.011611  0.008154  0.999899  1.000000  0.000009  0.000145  -0.000009  1.000000  -0.000102  -0.000145  0.000102  1.000000  0.998743  -0.004823  0.049888  -0.049874  0.003069  0.998751  -0.004970  -0.999984  0.002825  0.000175  0.014208  
206.551076 0.013502  0.081733  0.006980  0.985579  0.138228  0.097610  -0.106119  0.055574  0.992799  0.131808  -0.988840  0.069441  0.012896  -0.015408  -0.006315  -0.332985  -0.590553  0.006300  2.000000  0.998715  -0.004752  0.050454  -0.050437  0.003487  0.998721  -0.004921  -0.999983  0.003242  0.999937  0.001042  0.011179  -0.000946  0.999963  -0.008582  -0.011187  0.008571  0.999901  1.000000  0.000012  0.000140  -0.000012  1.000000  -0.000107  -0.000140  0.000107  1.000000  0.998715  -0.004752  0.050454  -0.050437  0.003487  0.998721  -0.004921  -0.999983  0.003242  0.000170  0.014129  
206.552320 0.013519  0.081714  0.006977  0.985495  0.138466  0.098113  -0.106726  0.056197  0.992699  0.131941  -0.988772  0.070159  0.012931  -0.015453  -0.005671  -0.348064  -0.569611  0.014273  2.000000  0.998681  -0.004649  0.051136  -0.051117  0.004033  0.998685  -0.004849  -0.999981  0.003790  0.999941  0.001289  0.010752  -0.001194  0.999960  -0.008880  -0.010763  0.008866  0.999903  1.000000  0.000016  0.000134  -0.000016  1.000000  -0.000111  -0.000134  0.000111  1.000000  0.998681  -0.004649  0.051136  -0.051117  0.004033  0.998685  -0.004849  -0.999981  0.003790  0.000167  0.014000  
206.553568 0.013535  0.081695  0.006973  0.985451  0.138548  0.098438  -0.107132  0.056742  0.992624  0.131941  -0.988729  0.070759  0.012962  -0.015538  -0.005281  -0.359937  -0.541625  0.021743  2.000000  0.998647  -0.004543  0.051797  -0.051776  0.004601  0.998648  -0.004775  -0.999979  0.004359  0.999946  0.001268  0.010344  -0.001173  0.999957  -0.009176  -0.010355  0.009164  0.999904  1.000000  0.000015  0.000129  -0.000015  1.000000  -0.000115  -0.000129  0.000115  1.000000  0.998647  -0.004543  0.051797  -0.051776  0.004601  0.998648  -0.004775  -0.999979  0.004359  0.000164  0.013882  
206.554569 0.013549  0.081679  0.006968  0.985367  0.138775  0.098957  -0.107739  0.057244  0.992530  0.132074  -0.988668  0.071357  0.012956  -0.015687  -0.004980  -0.373994  -0.527333  0.030051  2.000000  0.998621  -0.004449  0.052308  -0.052285  0.005062  0.998619  -0.004708  -0.999977  0.004823  0.999948  0.001527  0.010121  -0.001433  0.999955  -0.009326  -0.010134  0.009311  0.999905  1.000000  0.000019  0.000127  -0.000018  1.000000  -0.000116  -0.000127  0.000116  1.000000  0.998621  -0.004449  0.052308  -0.052285  0.005062  0.998619  -0.004708  -0.999977  0.004823  0.000163  0.013842  
206.555569 0.013562  0.081663  0.006965  0.985323  0.138859  0.099282  -0.108144  0.057788  0.992454  0.132074  -0.988625  0.071957  0.012885  -0.015792  -0.004699  -0.384120  -0.515745  0.038490  2.000000  0.998601  -0.004375  0.052689  -0.052665  0.005416  0.998598  -0.004654  -0.999976  0.005178  0.999948  0.001533  0.010120  -0.001436  0.999953  -0.009568  -0.010134  0.009553  0.999903  1.000000  0.000019  0.000127  -0.000019  1.000000  -0.000120  -0.000127  0.000120  1.000000  0.998601  -0.004375  0.052689  -0.052665  0.005416  0.998598  -0.004654  -0.999976  0.005178  0.000162  0.014007  
206.556818 0.013579  0.081642  0.006959  0.985238  0.139099  0.099784  -0.108751  0.058410  0.992351  0.132206  -0.988554  0.072675  0.012846  -0.016027  -0.004358  -0.397977  -0.501105  0.051207  2.000000  0.998569  -0.004236  0.053307  -0.053281  0.006018  0.998561  -0.004551  -0.999973  0.005784  0.999951  0.001912  0.009683  -0.001816  0.999950  -0.009867  -0.009701  0.009849  0.999904  1.000000  0.000023  0.000121  -0.000023  1.000000  -0.000123  -0.000121  0.000123  1.000000  0.998569  -0.004236  0.053307  -0.053281  0.006018  0.998561  -0.004551  -0.999973  0.005784  0.000160  0.013950  
206.557822 0.013592  0.081625  0.006956  0.985176  0.139315  0.100098  -0.109155  0.058940  0.992276  0.132339  -0.988492  0.073273  0.012867  -0.016083  -0.004095  -0.412111  -0.484033  0.059467  2.000000  0.998544  -0.004114  0.053795  -0.053768  0.006511  0.998532  -0.004458  -0.999970  0.006280  0.999951  0.002051  0.009671  -0.001953  0.999947  -0.010110  -0.009692  0.010091  0.999902  1.000000  0.000025  0.000121  -0.000025  1.000000  -0.000126  -0.000121  0.000126  1.000000  0.998544  -0.004114  0.053795  -0.053768  0.006511  0.998532  -0.004458  -0.999970  0.006280  0.000161  0.014134  
206.559064 0.013609  0.081601  0.006951  0.985108  0.139424  0.100610  -0.109763  0.059576  0.992171  0.132339  -0.988439  0.073993  0.012910  -0.016312  -0.003834  -0.426003  -0.473133  0.063228  2.000000  0.998512  -0.003947  0.054394  -0.054365  0.007141  0.998496  -0.004329  -0.999967  0.006916  0.999953  0.002176  0.009457  -0.002079  0.999945  -0.010259  -0.009478  0.010239  0.999903  1.000000  0.000027  0.000118  -0.000027  1.000000  -0.000128  -0.000118  0.000128  1.000000  0.998512  -0.003947  0.054394  -0.054365  0.007141  0.998496  -0.004329  -0.999967  0.006916  0.000159  0.014115  
