1-Time 2-Px 3-Py 4-Pz 5-R11 6-R21 7-R31 8-R12 9-R22 10-R32 11-R13 12-R23 13-R33 14-Vx 15-Vy 16-Vz 17-Wx 18-Wy 19-Wz 20-state 21-PR11 22-PR21 23-PR31 24-PR12 25-PR22 26-PR32 27-PR13 28-PR23 29-PR33 
75.570209 0.007707  0.085551  -0.000849  0.988971  0.146430  0.022242  -0.147467  0.987487  0.055884  -0.013781  -0.058547  0.998190  -0.000088  0.000861  -0.000219  0.000000  0.000000  0.000000  2.000000  1.000000  0.000000  0.000000  -0.000000  1.000000  0.000000  0.000000  -0.000000  1.000000  1.000000  -0.000016  0.000267  0.000016  1.000000  0.000000  -0.000267  0.000000  1.000000  1.000000  0.000000  0.000000  0.000000  1.000000  0.000000  0.000000  0.000000  1.000000  0.648956  0.569439  -0.504575  -0.594905  0.793207  0.130042  0.474283  0.215782  0.853518  0.000000  0.000000  
75.571255 0.007706  0.085552  -0.000849  0.988971  0.146430  0.022242  -0.147467  0.987487  0.055884  -0.013781  -0.058547  0.998190  -0.000081  0.000831  -0.000206  0.000000  0.000000  0.000000  2.000000  1.000000  0.000000  0.000000  0.000000  1.000000  0.000000  0.000000  0.000000  1.000000  1.000000  -0.000016  0.000267  0.000016  1.000000  0.000000  -0.000267  0.000000  1.000000  1.000000  0.000000  0.000000  0.000000  1.000000  0.000000  0.000000  0.000000  1.000000  1.000000  0.000000  0.000000  0.000000  1.000000  0.000000  0.000000  0.000000  1.000000  0.000000  0.000000  
75.572464 0.007707  0.085549  -0.000851  0.988847  0.147233  0.022438  -0.148281  0.987360  0.055965  -0.013915  -0.058668  0.998181  -0.000048  0.000568  -0.000266  0.000000  0.000000  0.000000  2.000000  1.000000  0.000000  0.000000  0.000000  1.000000  0.000000  0.000000  0.000000  1.000000  1.000000  0.000593  0.000437  -0.000593  1.000000  0.000113  -0.000437  -0.000113  1.000000  1.000000  0.000000  0.000000  0.000000  1.000000  0.000000  0.000000  0.000000  1.000000  1.000000  0.000000  0.000000  0.000000  1.000000  0.000000  0.000000  0.000000  1.000000  0.000000  0.000000  
75.573466 0.007707  0.085545  -0.000853  0.988692  0.148239  0.022646  -0.149299  0.987203  0.056042  -0.014048  -0.058789  0.998172  -0.000010  0.000235  -0.000405  0.000000  0.000000  0.000000  2.000000  1.000000  0.000000  0.000000  0.000000  1.000000  0.000000  0.000000  0.000000  1.000000  0.999999  0.001620  0.000498  -0.001620  0.999999  0.000219  -0.000497  -0.000220  1.000000  1.000000  0.000000  0.000000  0.000000  1.000000  0.000000  0.000000  0.000000  1.000000  1.000000  0.000000  0.000000  0.000000  1.000000  0.000000  0.000000  0.000000  1.000000  0.000000  0.000000  
75.574715 0.007709  0.085540  -0.000854  0.988565  0.149033  0.022974  -0.150113  0.987076  0.056103  -0.014316  -0.058910  0.998161  0.000114  -0.000214  -0.000493  0.000000  0.000000  0.000000  2.000000  1.000000  0.000000  0.000000  0.000000  1.000000  0.000000  0.000000  0.000000  1.000000  0.999997  0.002434  0.000680  -0.002435  0.999997  0.000329  -0.000679  -0.000330  1.000000  1.000000  0.000000  0.000000  0.000000  1.000000  0.000000  0.000000  0.000000  1.000000  1.000000  0.000000  0.000000  0.000000  1.000000  0.000000  0.000000  0.000000  1.000000  0.000000  0.000000  
75.575716 0.007710  0.085536  -0.000855  0.988470  0.149629  0.023177  -0.150723  0.986971  0.056308  -0.014450  -0.059152  0.998144  0.000228  -0.000539  -0.000554  0.000000  0.000000  0.000000  2.000000  1.000000  0.000000  0.000000  0.000000  1.000000  0.000000  0.000000  0.000000  1.000000  0.999995  0.003043  0.000850  -0.003043  0.999995  0.000441  -0.000849  -0.000443  1.000000  1.000000  0.000000  0.000000  0.000000  1.000000  0.000000  0.000000  0.000000  1.000000  1.000000  0.000000  0.000000  0.000000  1.000000  0.000000  0.000000  0.000000  1.000000  0.000000  0.000000  
75.576965 0.007713  0.085531  -0.000855  0.988379  0.150244  0.023098  -0.151333  0.986871  0.056434  -0.014316  -0.059273  0.998139  0.000413  -0.000964  -0.000560  0.000000  0.000000  0.000000  2.000000  1.000000  0.000000  0.000000  0.000000  1.000000  0.000000  0.000000  0.000000  1.000000  0.999993  0.003651  0.001021  -0.003652  0.999993  0.000674  -0.001018  -0.000678  0.999999  1.000000  0.000000  0.000000  0.000000  1.000000  0.000000  0.000000  0.000000  1.000000  1.000000  0.000000  0.000000  0.000000  1.000000  0.000000  0.000000  0.000000  1.000000  0.000000  0.000000  
75.577970 0.007715  0.085528  -0.000856  0.988256  0.151059  0.023049  -0.152148  0.986732  0.056674  -0.014182  -0.059516  0.998127  0.000564  -0.001191  -0.000555  0.000000  0.000000  0.000000  2.000000  1.000000  0.000000  0.000000  0.000000  1.000000  0.000000  0.000000  0.000000  1.000000  0.999990  0.004481  0.000937  -0.004482  0.999990  0.000784  -0.000933  -0.000788  0.999999  1.000000  0.000000  0.000000  0.000000  1.000000  0.000000  0.000000  0.000000  1.000000  1.000000  0.000000  0.000000  0.000000  1.000000  0.000000  0.000000  0.000000  1.000000  0.000000  0.000000  
75.579223 0.007718  0.085524  -0.000855  0.988069  0.152283  0.023006  -0.153369  0.986536  0.056786  -0.014048  -0.059637  0.998121  0.000796  -0.001539  -0.000495  0.033911  -0.029801  0.199141  2.000000  1.000000  0.000202  0.000029  -0.000202  1.000000  0.000035  -0.000029  -0.000035  1.000000  0.999983  0.005730  0.000744  -0.005730  0.999983  0.001010  -0.000738  -0.001014  0.999999  1.000000  0.000072  0.000009  -0.000072  1.000000  0.000013  -0.000009  -0.000013  1.000000  1.000000  0.000202  0.000029  -0.000202  1.000000  0.000035  -0.000029  -0.000035  1.000000  0.000049  0.005866  
75.580477 0.007722  0.085520  -0.000855  0.987849  0.153709  0.022974  -0.154793  0.986307  0.056893  -0.013915  -0.059758  0.998116  0.001001  -0.001900  -0.000483  0.037333  -0.028188  0.247714  2.000000  1.000000  0.000609  0.000076  -0.000609  1.000000  0.000101  -0.000076  -0.000101  1.000000  0.999974  0.007176  0.000697  -0.007177  0.999974  0.001111  -0.000689  -0.001116  0.999999  1.000000  0.000090  0.000009  -0.000090  1.000000  0.000014  -0.000009  -0.000014  1.000000  1.000000  0.000609  0.000076  -0.000609  1.000000  0.000101  -0.000076  -0.000101  1.000000  0.000061  0.007295  
75.581493 0.007724  0.085516  -0.000856  0.987655  0.154917  0.023195  -0.156012  0.986111  0.056963  -0.014048  -0.059879  0.998107  0.001190  -0.002205  -0.000496  0.040795  -0.035126  0.288691  2.000000  0.999999  0.000998  0.000118  -0.000998  0.999999  0.000160  -0.000118  -0.000161  1.000000  0.999966  0.008195  0.000893  -0.008196  0.999966  0.001217  -0.000883  -0.001224  0.999999  1.000000  0.000102  0.000011  -0.000102  1.000000  0.000015  -0.000011  -0.000015  1.000000  0.999999  0.000998  0.000118  -0.000998  0.999999  0.000160  -0.000118  -0.000161  1.000000  0.000070  0.008334  
75.582722 0.007729  0.085513  -0.000856  0.987426  0.156319  0.023560  -0.157435  0.985883  0.057007  -0.014316  -0.060000  0.998096  0.001525  -0.002501  -0.000489  0.044187  -0.047013  0.336690  2.000000  0.999999  0.001457  0.000170  -0.001457  0.999999  0.000225  -0.000170  -0.000225  1.000000  0.999953  0.009625  0.001114  -0.009627  0.999953  0.001316  -0.001101  -0.001326  0.999999  1.000000  0.000120  0.000014  -0.000120  1.000000  0.000017  -0.000014  -0.000017  1.000000  0.999999  0.001457  0.000170  -0.001457  0.999999  0.000225  -0.000170  -0.000225  1.000000  0.000082  0.009779  
75.583970 0.007734  0.085509  -0.000854  0.987196  0.157726  0.023812  -0.158857  0.985644  0.057191  -0.014450  -0.060242  0.998079  0.001851  -0.002866  -0.000373  0.051614  -0.049931  0.385027  2.000000  0.999998  0.002114  0.000255  -0.002114  0.999998  0.000313  -0.000254  -0.000313  1.000000  0.999938  0.011047  0.001469  -0.011050  0.999938  0.001413  -0.001453  -0.001429  0.999998  1.000000  0.000138  0.000018  -0.000138  1.000000  0.000018  -0.000018  -0.000018  1.000000  0.999998  0.002114  0.000255  -0.002114  0.999998  0.000313  -0.000254  -0.000313  1.000000  0.000094  0.011235  
75.585220 0.007739  0.085504  -0.000852  0.986931  0.159338  0.024057  -0.160483  0.985377  0.057250  -0.014584  -0.060363  0.998070  0.002204  -0.003229  -0.000189  0.054883  -0.057733  0.439999  2.000000  0.999996  0.002869  0.000348  -0.002869  0.999996  0.000408  -0.000347  -0.000409  1.000000  0.999918  0.012691  0.001569  -0.012693  0.999918  0.001507  -0.001550  -0.001527  0.999998  1.000000  0.000159  0.000019  -0.000159  1.000000  0.000019  -0.000019  -0.000019  1.000000  0.999996  0.002869  0.000348  -0.002869  0.999996  0.000408  -0.000347  -0.000409  1.000000  0.000108  0.012878  
75.586531 0.007743  0.085496  -0.000849  0.986699  0.160755  0.024159  -0.161905  0.985139  0.057335  -0.014584  -0.060484  0.998063  0.002430  -0.003695  0.000026  0.058153  -0.060515  0.487307  2.000000  0.999994  0.003557  0.000430  -0.003558  0.999994  0.000490  -0.000428  -0.000492  1.000000  0.999896  0.014334  0.001671  -0.014337  0.999896  0.001724  -0.001647  -0.001748  0.999997  1.000000  0.000179  0.000021  -0.000179  1.000000  0.000022  -0.000021  -0.000022  1.000000  0.999994  0.003557  0.000430  -0.003558  0.999994  0.000490  -0.000428  -0.000492  1.000000  0.000122  0.014536  
75.587722 0.007747  0.085487  -0.000848  0.986433  0.162379  0.024161  -0.163530  0.984858  0.057556  -0.014450  -0.060726  0.998050  0.002721  -0.004057  0.000246  0.065677  -0.059510  0.543787  2.000000  0.999991  0.004321  0.000511  -0.004321  0.999990  0.000581  -0.000509  -0.000583  1.000000  0.999874  0.015780  0.001627  -0.015783  0.999874  0.001825  -0.001598  -0.001851  0.999997  1.000000  0.000197  0.000020  -0.000197  1.000000  0.000023  -0.000020  -0.000023  1.000000  0.999991  0.004321  0.000511  -0.004321  0.999990  0.000581  -0.000509  -0.000583  1.000000  0.000134  0.015971  
75.588967 0.007751  0.085476  -0.000845  0.986198  0.163804  0.024133  -0.164952  0.984615  0.057662  -0.014316  -0.060847  0.998044  0.002881  -0.004456  0.000522  0.069122  -0.057955  0.592470  2.000000  0.999987  0.005161  0.000592  -0.005162  0.999986  0.000681  -0.000588  -0.000684  1.000000  0.999850  0.017226  0.001584  -0.017229  0.999849  0.002048  -0.001549  -0.002075  0.999997  1.000000  0.000215  0.000020  -0.000215  1.000000  0.000026  -0.000020  -0.000026  1.000000  0.999987  0.005161  0.000592  -0.005162  0.999986  0.000681  -0.000588  -0.000684  1.000000  0.000146  0.017422  
75.590216 0.007755  0.085464  -0.000843  0.985993  0.165011  0.024264  -0.166170  0.984391  0.057991  -0.014316  -0.061210  0.998022  0.003039  -0.004941  0.000814  0.080790  -0.060564  0.634058  2.000000  0.999980  0.006292  0.000694  -0.006292  0.999980  0.000817  -0.000689  -0.000822  0.999999  0.999824  0.018664  0.001676  -0.018668  0.999823  0.002268  -0.001633  -0.002299  0.999996  1.000000  0.000233  0.000021  -0.000233  1.000000  0.000029  -0.000021  -0.000029  1.000000  0.999980  0.006292  0.000694  -0.006292  0.999980  0.000817  -0.000689  -0.000822  0.999999  0.000159  0.018879  
75.591466 0.007760  0.085449  -0.000840  0.985751  0.166412  0.024540  -0.167590  0.984132  0.058291  -0.014450  -0.061573  0.997998  0.003248  -0.005558  0.001034  0.092358  -0.068123  0.682572  2.000000  0.999971  0.007507  0.000805  -0.007508  0.999971  0.000972  -0.000798  -0.000978  0.999999  0.999796  0.020093  0.001905  -0.020098  0.999795  0.002607  -0.001852  -0.002645  0.999995  1.000000  0.000251  0.000023  -0.000251  1.000000  0.000033  -0.000023  -0.000033  1.000000  0.999971  0.007507  0.000805  -0.007508  0.999971  0.000972  -0.000798  -0.000978  0.999999  0.000171  0.020355  
75.592716 0.007766  0.085433  -0.000839  0.985508  0.167824  0.024664  -0.169011  0.983877  0.058495  -0.014450  -0.061816  0.997983  0.003396  -0.006347  0.001096  0.099839  -0.071124  0.730962  2.000000  0.999961  0.008812  0.000927  -0.008813  0.999961  0.001148  -0.000917  -0.001157  0.999999  0.999771  0.021325  0.001988  -0.021331  0.999768  0.002952  -0.001924  -0.002993  0.999994  1.000000  0.000267  0.000024  -0.000267  1.000000  0.000037  -0.000024  -0.000037  1.000000  0.999961  0.008812  0.000927  -0.008813  0.999961  0.001148  -0.000917  -0.001157  0.999999  0.000182  0.021624  
75.593971 0.007771  0.085417  -0.000840  0.985227  0.169427  0.024954  -0.170633  0.983579  0.058789  -0.014584  -0.062179  0.997958  0.003576  -0.007297  0.001065  0.111086  -0.074529  0.785479  2.000000  0.999948  0.010170  0.001053  -0.010172  0.999947  0.001336  -0.001039  -0.001346  0.999999  0.999757  0.021940  0.002034  -0.021947  0.999754  0.003181  -0.001963  -0.003225  0.999993  1.000000  0.000274  0.000025  -0.000274  1.000000  0.000040  -0.000025  -0.000040  1.000000  0.999948  0.010170  0.001053  -0.010172  0.999947  0.001336  -0.001039  -0.001346  0.999999  0.000196  0.022268  
75.595214 0.007776  0.085399  -0.000841  0.985015  0.170633  0.025088  -0.171850  0.983348  0.059116  -0.014584  -0.062542  0.997936  0.003690  -0.008098  0.000968  0.122747  -0.077200  0.827050  2.000000  0.999936  0.011283  0.001150  -0.011285  0.999935  0.001497  -0.001133  -0.001510  0.999998  0.999748  0.022359  0.001931  -0.022365  0.999744  0.003296  -0.001857  -0.003338  0.999993  1.000000  0.000280  0.000024  -0.000280  1.000000  0.000041  -0.000024  -0.000041  1.000000  0.999936  0.011283  0.001150  -0.011285  0.999935  0.001497  -0.001133  -0.001510  0.999998  0.000208  0.022688  
75.596224 0.007780  0.085384  -0.000843  0.984873  0.171437  0.025179  -0.172661  0.983193  0.059334  -0.014584  -0.062784  0.997921  0.003763  -0.009000  0.000864  0.130485  -0.078965  0.854517  2.000000  0.999922  0.012409  0.001239  -0.012411  0.999922  0.001670  -0.001219  -0.001685  0.999998  0.999744  0.022580  0.001685  -0.022586  0.999739  0.003535  -0.001605  -0.003572  0.999992  1.000000  0.000282  0.000021  -0.000282  1.000000  0.000044  -0.000021  -0.000044  1.000000  0.999922  0.012409  0.001239  -0.012411  0.999922  0.001670  -0.001219  -0.001685  0.999998  0.000215  0.022922  
75.597469 0.007785  0.085365  -0.000845  0.984659  0.172642  0.025315  -0.173877  0.982958  0.059661  -0.014584  -0.063147  0.997898  0.003775  -0.010026  0.000764  0.142110  -0.081639  0.895851  2.000000  0.999903  0.013838  0.001343  -0.013841  0.999902  0.001890  -0.001317  -0.001909  0.999997  0.999729  0.023204  0.001598  -0.023210  0.999724  0.003647  -0.001513  -0.003683  0.999992  1.000000  0.000290  0.000019  -0.000290  1.000000  0.000046  -0.000019  -0.000046  1.000000  0.999903  0.013838  0.001343  -0.013841  0.999902  0.001890  -0.001317  -0.001909  0.999997  0.000226  0.023548  
75.598717 0.007790  0.085346  -0.000846  0.984444  0.173847  0.025452  -0.175094  0.982723  0.059987  -0.014584  -0.063510  0.997875  0.003774  -0.011046  0.000549  0.153757  -0.084341  0.937324  2.000000  0.999882  0.015298  0.001448  -0.015302  0.999881  0.002119  -0.001415  -0.002141  0.999997  0.999725  0.023401  0.001751  -0.023407  0.999719  0.003643  -0.001665  -0.003683  0.999992  1.000000  0.000293  0.000021  -0.000293  1.000000  0.000046  -0.000021  -0.000046  1.000000  0.999882  0.015298  0.001448  -0.015302  0.999881  0.002119  -0.001415  -0.002141  0.999997  0.000235  0.023753  
75.599970 0.007795  0.085326  -0.000847  0.984225  0.175046  0.025700  -0.176309  0.982494  0.060170  -0.014717  -0.063752  0.997857  0.003772  -0.012065  0.000333  0.161248  -0.091477  0.978430  2.000000  0.999858  0.016765  0.001571  -0.016769  0.999857  0.002354  -0.001531  -0.002380  0.999996  0.999720  0.023580  0.002173  -0.023588  0.999714  0.003879  -0.002081  -0.003929  0.999990  1.000000  0.000295  0.000027  -0.000295  1.000000  0.000049  -0.000027  -0.000049  1.000000  0.999858  0.016765  0.001571  -0.016769  0.999857  0.002354  -0.001531  -0.002380  0.999996  0.000247  0.024002  
75.601219 0.007799  0.085306  -0.000846  0.984043  0.176051  0.025804  -0.177322  0.982299  0.060382  -0.014717  -0.063994  0.997842  0.003799  -0.012991  0.000195  0.167760  -0.093079  1.006073  2.000000  0.999833  0.018221  0.001707  -0.018225  0.999831  0.002591  -0.001659  -0.002622  0.999995  0.999729  0.023169  0.002149  -0.023177  0.999724  0.003765  -0.002062  -0.003813  0.999991  1.000000  0.000290  0.000026  -0.000290  1.000000  0.000047  -0.000026  -0.000047  1.000000  0.999833  0.018221  0.001707  -0.018225  0.999831  0.002591  -0.001659  -0.002622  0.999995  0.000254  0.023577  
75.602474 0.007802  0.085286  -0.000845  0.983933  0.176654  0.025863  -0.177930  0.982183  0.060485  -0.014717  -0.064115  0.997834  0.003728  -0.013666  0.000213  0.169042  -0.088504  0.999431  2.000000  0.999805  0.019640  0.001845  -0.019645  0.999803  0.002832  -0.001789  -0.002868  0.999994  0.999743  0.022552  0.002116  -0.022561  0.999738  0.003896  -0.002027  -0.003943  0.999990  1.000000  0.000282  0.000026  -0.000282  1.000000  0.000049  -0.000026  -0.000049  1.000000  0.999805  0.019640  0.001845  -0.019645  0.999803  0.002832  -0.001789  -0.002868  0.999994  0.000256  0.022990  
75.603716 0.007804  0.085265  -0.000842  0.983784  0.177448  0.026087  -0.178740  0.982024  0.060678  -0.014851  -0.064357  0.997816  0.003602  -0.014269  0.000244  0.173185  -0.083379  0.986266  2.000000  0.999783  0.020737  0.001950  -0.020742  0.999780  0.003028  -0.001887  -0.003067  0.999994  0.999762  0.021730  0.002068  -0.021739  0.999756  0.004027  -0.001980  -0.004071  0.999990  1.000000  0.000272  0.000025  -0.000272  1.000000  0.000051  -0.000025  -0.000051  1.000000  0.999783  0.020737  0.001950  -0.020742  0.999780  0.003028  -0.001887  -0.003067  0.999994  0.000251  0.022203  
75.604966 0.007807  0.085243  -0.000840  0.983637  0.178254  0.026159  -0.179550  0.981870  0.060776  -0.014851  -0.064478  0.997809  0.003492  -0.015014  0.000166  0.167521  -0.078830  0.985089  2.000000  0.999754  0.022069  0.002069  -0.022076  0.999751  0.003275  -0.001996  -0.003320  0.999992  0.999775  0.021131  0.001764  -0.021138  0.999768  0.004037  -0.001679  -0.004074  0.999990  1.000000  0.000264  0.000022  -0.000264  1.000000  0.000051  -0.000022  -0.000051  1.000000  0.999754  0.022069  0.002069  -0.022076  0.999751  0.003275  -0.001996  -0.003320  0.999992  0.000251  0.021591  
75.606215 0.007808  0.085218  -0.000838  0.983526  0.178854  0.026240  -0.180157  0.981745  0.060998  -0.014851  -0.064720  0.997793  0.003256  -0.015672  0.000161  0.171510  -0.074563  0.985422  2.000000  0.999725  0.023351  0.002177  -0.023359  0.999721  0.003527  -0.002094  -0.003577  0.999991  0.999796  0.020112  0.001570  -0.020119  0.999789  0.004175  -0.001485  -0.004206  0.999990  1.000000  0.000251  0.000019  -0.000251  1.000000  0.000052  -0.000019  -0.000052  1.000000  0.999725  0.023351  0.002177  -0.023359  0.999721  0.003527  -0.002094  -0.003577  0.999991  0.000251  0.020606  
75.607215 0.007808  0.085198  -0.000837  0.983414  0.179454  0.026321  -0.180765  0.981619  0.061220  -0.014851  -0.064962  0.997777  0.002960  -0.016205  0.000175  0.173157  -0.079506  0.986713  2.000000  0.999702  0.024323  0.002256  -0.024331  0.999697  0.003732  -0.002165  -0.003786  0.999990  0.999817  0.019085  0.001506  -0.019091  0.999809  0.004071  -0.001428  -0.004099  0.999991  1.000000  0.000239  0.000018  -0.000239  1.000000  0.000051  -0.000018  -0.000051  1.000000  0.999702  0.024323  0.002256  -0.024331  0.999697  0.003732  -0.002165  -0.003786  0.999990  0.000252  0.019577  
75.608216 0.007809  0.085177  -0.000836  0.983377  0.179653  0.026355  -0.180967  0.981575  0.061333  -0.014851  -0.065083  0.997769  0.002733  -0.016636  0.000226  0.171953  -0.082547  0.964356  2.000000  0.999679  0.025245  0.002338  -0.025254  0.999673  0.003938  -0.002238  -0.003996  0.999990  0.999836  0.018049  0.001577  -0.018056  0.999828  0.004208  -0.001501  -0.004236  0.999990  1.000000  0.000226  0.000019  -0.000226  1.000000  0.000053  -0.000019  -0.000053  1.000000  0.999679  0.025245  0.002338  -0.025254  0.999673  0.003938  -0.002238  -0.003996  0.999990  0.000248  0.018605  
75.609217 0.007809  0.085156  -0.000835  0.983304  0.180059  0.026293  -0.181372  0.981484  0.061585  -0.014717  -0.065325  0.997755  0.002436  -0.017193  0.000339  0.176435  -0.081442  0.943861  2.000000  0.999656  0.026106  0.002418  -0.026116  0.999650  0.004142  -0.002309  -0.004204  0.999989  0.999854  0.017022  0.001513  -0.017028  0.999847  0.004106  -0.001442  -0.004131  0.999990  1.000000  0.000213  0.000018  -0.000213  1.000000  0.000051  -0.000018  -0.000051  1.000000  0.999656  0.026106  0.002418  -0.026116  0.999650  0.004142  -0.002309  -0.004204  0.999989  0.000243  0.017579  
75.610474 0.007810  0.085131  -0.000834  0.983230  0.180457  0.026362  -0.181777  0.981395  0.061812  -0.014717  -0.065567  0.997740  0.002175  -0.017718  0.000527  0.181013  -0.083905  0.909211  2.000000  0.999634  0.026931  0.002496  -0.026942  0.999628  0.004349  -0.002377  -0.004415  0.999987  0.999864  0.016406  0.001476  -0.016412  0.999857  0.004115  -0.001409  -0.004139  0.999990  1.000000  0.000205  0.000018  -0.000205  1.000000  0.000052  -0.000018  -0.000052  1.000000  0.999634  0.026931  0.002496  -0.026942  0.999628  0.004349  -0.002377  -0.004415  0.999987  0.000234  0.016982  
75.611721 0.007810  0.085104  -0.000832  0.983117  0.181056  0.026444  -0.182384  0.981268  0.062034  -0.014717  -0.065810  0.997724  0.001849  -0.018190  0.000855  0.183122  -0.073763  0.883880  2.000000  0.999607  0.027915  0.002589  -0.027926  0.999599  0.004607  -0.002459  -0.004677  0.999986  0.999881  0.015387  0.001279  -0.015392  0.999873  0.004132  -0.001216  -0.004151  0.999991  1.000000  0.000192  0.000016  -0.000192  1.000000  0.000052  -0.000016  -0.000052  1.000000  0.999607  0.027915  0.002589  -0.027926  0.999599  0.004607  -0.002459  -0.004677  0.999986  0.000226  0.015987  
75.612989 0.007809  0.085076  -0.000831  0.983042  0.181454  0.026514  -0.182789  0.981179  0.062261  -0.014717  -0.066052  0.997708  0.001440  -0.018796  0.000990  0.187269  -0.067109  0.847859  2.000000  0.999580  0.028839  0.002672  -0.028852  0.999572  0.004859  -0.002531  -0.004934  0.999985  0.999896  0.014360  0.001216  -0.014365  0.999889  0.004026  -0.001158  -0.004044  0.999991  1.000000  0.000180  0.000015  -0.000180  1.000000  0.000050  -0.000015  -0.000050  1.000000  0.999580  0.028839  0.002672  -0.028852  0.999572  0.004859  -0.002531  -0.004934  0.999985  0.000220  0.014966  
75.614216 0.007807  0.085047  -0.000833  0.982967  0.181851  0.026584  -0.183194  0.981089  0.062488  -0.014717  -0.066294  0.997692  0.001021  -0.019415  0.000891  0.190298  -0.060585  0.814575  2.000000  0.999560  0.029536  0.002733  -0.029550  0.999550  0.005061  -0.002582  -0.005140  0.999983  0.999905  0.013752  0.001045  -0.013757  0.999897  0.004036  -0.000989  -0.004050  0.999991  1.000000  0.000172  0.000013  -0.000172  1.000000  0.000051  -0.000013  -0.000051  1.000000  0.999560  0.029536  0.002733  -0.029550  0.999550  0.005061  -0.002582  -0.005140  0.999983  0.000211  0.014373  
75.615489 0.007804  0.085017  -0.000836  0.982927  0.182038  0.026772  -0.183396  0.981038  0.062696  -0.014851  -0.066536  0.997674  0.000519  -0.020078  0.000740  0.196595  -0.057236  0.758513  2.000000  0.999536  0.030333  0.002805  -0.030348  0.999525  0.005305  -0.002642  -0.005388  0.999982  0.999926  0.012100  0.001073  -0.012104  0.999919  0.003818  -0.001026  -0.003830  0.999992  1.000000  0.000151  0.000013  -0.000151  1.000000  0.000048  -0.000013  -0.000048  1.000000  0.999536  0.030333  0.002805  -0.030348  0.999525  0.005305  -0.002642  -0.005388  0.999982  0.000200  0.012736  
75.616721 0.007801  0.084987  -0.000839  0.982851  0.182439  0.026820  -0.183801  0.980955  0.062804  -0.014851  -0.066657  0.997665  0.000046  -0.020822  0.000450  0.193203  -0.059698  0.724179  2.000000  0.999518  0.030922  0.002862  -0.030937  0.999506  0.005496  -0.002691  -0.005582  0.999981  0.999931  0.011689  0.001048  -0.011693  0.999924  0.003824  -0.001003  -0.003836  0.999992  1.000000  0.000146  0.000013  -0.000146  1.000000  0.000048  -0.000013  -0.000048  1.000000  0.999518  0.030922  0.002862  -0.030937  0.999506  0.005496  -0.002691  -0.005582  0.999981  0.000192  0.012346  
75.617970 0.007798  0.084957  -0.000841  0.982776  0.182836  0.026890  -0.184205  0.980865  0.063031  -0.014851  -0.066899  0.997649  -0.000385  -0.021398  0.000165  0.198011  -0.057215  0.683158  2.000000  0.999496  0.031618  0.002931  -0.031635  0.999483  0.005727  -0.002749  -0.005816  0.999979  0.999943  0.010662  0.000981  -0.010666  0.999937  0.003597  -0.000943  -0.003608  0.999993  1.000000  0.000133  0.000012  -0.000133  1.000000  0.000045  -0.000012  -0.000045  1.000000  0.999496  0.031618  0.002931  -0.031635  0.999483  0.005727  -0.002749  -0.005816  0.999979  0.000180  0.011297  
75.619220 0.007794  0.084928  -0.000843  0.982738  0.183035  0.026925  -0.184408  0.980819  0.063144  -0.014851  -0.067020  0.997641  -0.000831  -0.021920  -0.000146  0.192650  -0.059523  0.649385  2.000000  0.999479  0.032138  0.002984  -0.032155  0.999465  0.005905  -0.002793  -0.005998  0.999978  0.999947  0.010251  0.000956  -0.010255  0.999941  0.003604  -0.000919  -0.003613  0.999993  1.000000  0.000128  0.000012  -0.000128  1.000000  0.000045  -0.000012  -0.000045  1.000000  0.999479  0.032138  0.002984  -0.032155  0.999465  0.005905  -0.002793  -0.005998  0.999978  0.000172  0.010910  
75.620475 0.007789  0.084898  -0.000845  0.982700  0.183234  0.026960  -0.184610  0.980774  0.063258  -0.014851  -0.067141  0.997633  -0.001257  -0.022320  -0.000368  0.186768  -0.057054  0.606317  2.000000  0.999459  0.032734  0.003047  -0.032752  0.999445  0.006120  -0.002845  -0.006217  0.999977  0.999957  0.009224  0.000888  -0.009227  0.999952  0.003377  -0.000857  -0.003385  0.999994  1.000000  0.000115  0.000011  -0.000115  1.000000  0.000042  -0.000011  -0.000042  1.000000  0.999459  0.032734  0.003047  -0.032752  0.999445  0.006120  -0.002845  -0.006217  0.999977  0.000163  0.009865  
75.621714 0.007784  0.084869  -0.000846  0.982662  0.183432  0.026996  -0.184812  0.980729  0.063371  -0.014851  -0.067262  0.997625  -0.001640  -0.022625  -0.000605  0.181599  -0.050489  0.574370  2.000000  0.999442  0.033262  0.003097  -0.033281  0.999426  0.006329  -0.002885  -0.006429  0.999975  0.999966  0.008206  0.000687  -0.008208  0.999961  0.003272  -0.000660  -0.003277  0.999994  1.000000  0.000103  0.000008  -0.000103  1.000000  0.000041  -0.000008  -0.000041  1.000000  0.999442  0.033262  0.003097  -0.033281  0.999426  0.006329  -0.002885  -0.006429  0.999975  0.000153  0.008862  
75.622715 0.007780  0.084845  -0.000846  0.982624  0.183631  0.027031  -0.185015  0.980683  0.063485  -0.014851  -0.067383  0.997617  -0.001936  -0.022845  -0.000660  0.178044  -0.048373  0.540078  2.000000  0.999429  0.033648  0.003135  -0.033668  0.999412  0.006494  -0.002915  -0.006596  0.999974  0.999971  0.007590  0.000646  -0.007592  0.999966  0.003281  -0.000621  -0.003286  0.999994  1.000000  0.000095  0.000008  -0.000095  1.000000  0.000041  -0.000008  -0.000041  1.000000  0.999429  0.033648  0.003135  -0.033668  0.999412  0.006494  -0.002915  -0.006596  0.999974  0.000143  0.008295  
75.623965 0.007774  0.084816  -0.000846  0.982585  0.183829  0.027066  -0.185217  0.980638  0.063598  -0.014851  -0.067504  0.997608  -0.002357  -0.023056  -0.000679  0.170660  -0.040946  0.492515  2.000000  0.999413  0.034104  0.003179  -0.034124  0.999395  0.006696  -0.002948  -0.006801  0.999973  0.999976  0.006983  0.000472  -0.006984  0.999971  0.003169  -0.000450  -0.003173  0.999995  1.000000  0.000087  0.000006  -0.000087  1.000000  0.000040  -0.000006  -0.000040  1.000000  0.999413  0.034104  0.003179  -0.034124  0.999395  0.006696  -0.002948  -0.006801  0.999973  0.000134  0.007684  
75.624965 0.007770  0.084793  -0.000844  0.982547  0.184028  0.027102  -0.185419  0.980592  0.063711  -0.014851  -0.067625  0.997600  -0.002695  -0.023238  -0.000694  0.167006  -0.039247  0.465071  2.000000  0.999402  0.034442  0.003207  -0.034463  0.999382  0.006853  -0.002969  -0.006959  0.999971  0.999978  0.006572  0.000445  -0.006573  0.999973  0.003176  -0.000424  -0.003179  0.999995  1.000000  0.000082  0.000005  -0.000082  1.000000  0.000040  -0.000005  -0.000040  1.000000  0.999402  0.034442  0.003207  -0.034463  0.999382  0.006853  -0.002969  -0.006959  0.999971  0.000126  0.007313  
75.625966 0.007767  0.084770  -0.000842  0.982509  0.184227  0.027137  -0.185621  0.980546  0.063825  -0.014851  -0.067746  0.997592  -0.002922  -0.023381  -0.000599  0.159210  -0.038014  0.444486  2.000000  0.999390  0.034760  0.003233  -0.034782  0.999370  0.007008  -0.002987  -0.007116  0.999970  0.999981  0.006161  0.000418  -0.006163  0.999976  0.003182  -0.000399  -0.003185  0.999995  1.000000  0.000077  0.000005  -0.000077  1.000000  0.000040  -0.000005  -0.000040  1.000000  0.999390  0.034760  0.003233  -0.034782  0.999370  0.007008  -0.002987  -0.007116  0.999970  0.000121  0.006948  
75.627216 0.007761  0.084741  -0.000841  0.982471  0.184428  0.027150  -0.185824  0.980508  0.063819  -0.014851  -0.067746  0.997592  -0.003243  -0.023510  -0.000601  0.147601  -0.035853  0.410286  2.000000  0.999380  0.035054  0.003258  -0.035077  0.999359  0.007159  -0.003005  -0.007269  0.999969  0.999983  0.005750  0.000390  -0.005752  0.999979  0.002946  -0.000373  -0.002948  0.999996  1.000000  0.000072  0.000005  -0.000072  1.000000  0.000037  -0.000005  -0.000037  1.000000  0.999380  0.035054  0.003258  -0.035077  0.999359  0.007159  -0.003005  -0.007269  0.999969  0.000110  0.006473  
75.628220 0.007757  0.084717  -0.000841  0.982473  0.184434  0.027042  -0.185824  0.980499  0.063963  -0.014717  -0.067867  0.997586  -0.003487  -0.023569  -0.000596  0.144003  -0.029678  0.383222  2.000000  0.999370  0.035331  0.003278  -0.035354  0.999348  0.007304  -0.003018  -0.007416  0.999968  0.999986  0.005349  0.000230  -0.005349  0.999981  0.002953  -0.000214  -0.002954  0.999996  1.000000  0.000067  0.000003  -0.000067  1.000000  0.000037  -0.000003  -0.000037  1.000000  0.999370  0.035331  0.003278  -0.035354  0.999348  0.007304  -0.003018  -0.007416  0.999968  0.000104  0.006114  
75.629468 0.007751  0.084687  -0.000841  0.982435  0.184636  0.027055  -0.186026  0.980461  0.063957  -0.014717  -0.067867  0.997586  -0.003691  -0.023592  -0.000518  0.136493  -0.022565  0.342417  2.000000  0.999359  0.035652  0.003297  -0.035676  0.999335  0.007478  -0.003028  -0.007591  0.999967  0.999987  0.005143  0.000216  -0.005144  0.999983  0.002713  -0.000202  -0.002714  0.999996  1.000000  0.000064  0.000003  -0.000064  1.000000  0.000034  -0.000003  -0.000034  1.000000  0.999359  0.035652  0.003297  -0.035676  0.999335  0.007478  -0.003028  -0.007591  0.999967  0.000093  0.005819  
75.630472 0.007747  0.084663  -0.000843  0.982396  0.184834  0.027090  -0.186229  0.980415  0.064071  -0.014717  -0.067988  0.997578  -0.003805  -0.023647  -0.000457  0.133934  -0.020986  0.317582  2.000000  0.999359  0.035652  0.003297  -0.035676  0.999335  0.007478  -0.003028  -0.007591  0.999967  0.999988  0.004929  0.000336  -0.004930  0.999984  0.002595  -0.000323  -0.002597  0.999997  1.000000  0.000000  0.000000  0.000000  1.000000  0.000000  0.000000  0.000000  1.000000  0.999359  0.035652  0.003297  -0.035676  0.999335  0.007478  -0.003028  -0.007591  0.999967  0.000089  0.000000  
75.631720 0.007743  0.084633  -0.000844  0.982318  0.185226  0.027270  -0.186633  0.980333  0.064153  -0.014851  -0.068109  0.997567  -0.003857  -0.023579  -0.000364  0.130043  -0.024617  0.303480  2.000000  0.999359  0.035652  0.003297  -0.035676  0.999335  0.007478  -0.003028  -0.007591  0.999967  0.999990  0.004509  0.000442  -0.004510  0.999987  0.002479  -0.000431  -0.002481  0.999997  1.000000  0.000000  0.000000  0.000000  1.000000  0.000000  0.000000  0.000000  1.000000  0.999359  0.035652  0.003297  -0.035676  0.999335  0.007478  -0.003028  -0.007591  0.999967  0.000084  0.000000  
75.632747 0.007740  0.084609  -0.000846  0.982318  0.185226  0.027270  -0.186633  0.980333  0.064153  -0.014851  -0.068109  0.997567  -0.003878  -0.023594  -0.000312  0.126129  -0.018756  0.282782  2.000000  0.999359  0.035652  0.003297  -0.035676  0.999335  0.007478  -0.003028  -0.007591  0.999967  0.999991  0.004304  0.000428  -0.004305  0.999988  0.002240  -0.000418  -0.002242  0.999997  1.000000  0.000000  0.000000  0.000000  1.000000  0.000000  0.000000  0.000000  1.000000  0.999359  0.035652  0.003297  -0.035676  0.999335  0.007478  -0.003028  -0.007591  0.999967  0.000081  0.000000  
75.633965 0.007737  0.084579  -0.000848  0.982277  0.185415  0.027437  -0.186835  0.980289  0.064242  -0.014985  -0.068229  0.997557  -0.003820  -0.023706  -0.000344  0.126457  -0.022381  0.268988  2.000000  0.999359  0.035652  0.003297  -0.035676  0.999335  0.007478  -0.003028  -0.007591  0.999967  0.999991  0.004089  0.000548  -0.004090  0.999989  0.002121  -0.000539  -0.002123  0.999998  1.000000  0.000000  0.000000  0.000000  1.000000  0.000000  0.000000  0.000000  1.000000  0.999359  0.035652  0.003297  -0.035676  0.999335  0.007478  -0.003028  -0.007591  0.999967  0.000075  0.000000  
75.634965 0.007735  0.084555  -0.000850  0.982239  0.185614  0.027473  -0.187037  0.980243  0.064355  -0.014985  -0.068350  0.997549  -0.003739  -0.023727  -0.000412  0.125599  -0.021314  0.253030  2.000000  0.999359  0.035652  0.003297  -0.035676  0.999335  0.007478  -0.003028  -0.007591  0.999967  0.999992  0.003884  0.000534  -0.003885  0.999991  0.001882  -0.000526  -0.001884  0.999998  1.000000  0.000000  0.000000  0.000000  1.000000  0.000000  0.000000  0.000000  1.000000  0.999359  0.035652  0.003297  -0.035676  0.999335  0.007478  -0.003028  -0.007591  0.999967  0.000071  0.000000  
75.636218 0.007734  0.084525  -0.000853  0.982200  0.185816  0.027486  -0.187239  0.980204  0.064349  -0.014985  -0.068350  0.997549  -0.003502  -0.023709  -0.000449  0.114728  -0.020156  0.234431  2.000000  0.999359  0.035652  0.003297  -0.035676  0.999335  0.007478  -0.003028  -0.007591  0.999967  0.999992  0.003893  0.000401  -0.003894  0.999991  0.001760  -0.000394  -0.001762  0.999998  1.000000  0.000000  0.000000  0.000000  1.000000  0.000000  0.000000  0.000000  1.000000  0.999359  0.035652  0.003297  -0.035676  0.999335  0.007478  -0.003028  -0.007591  0.999967  0.000068  0.000000  
75.637474 0.007732  0.084494  -0.000856  0.982162  0.186014  0.027522  -0.187441  0.980158  0.064463  -0.014985  -0.068471  0.997541  -0.003216  -0.023739  -0.000636  0.114902  -0.019256  0.220559  2.000000  0.999359  0.035652  0.003297  -0.035676  0.999335  0.007478  -0.003028  -0.007591  0.999967  0.999993  0.003687  0.000387  -0.003688  0.999992  0.001642  -0.000381  -0.001644  0.999999  1.000000  0.000000  0.000000  0.000000  1.000000  0.000000  0.000000  0.000000  1.000000  0.999359  0.035652  0.003297  -0.035676  0.999335  0.007478  -0.003028  -0.007591  0.999967  0.000063  0.000000  
75.638718 0.007732  0.084464  -0.000859  0.982123  0.186213  0.027558  -0.187643  0.980112  0.064576  -0.014985  -0.068592  0.997532  -0.002894  -0.023825  -0.000881  0.110980  -0.023327  0.213423  2.000000  0.999359  0.035652  0.003297  -0.035676  0.999335  0.007478  -0.003028  -0.007591  0.999967  0.999994  0.003482  0.000373  -0.003483  0.999993  0.001645  -0.000368  -0.001647  0.999999  1.000000  0.000000  0.000000  0.000000  1.000000  0.000000  0.000000  0.000000  1.000000  0.999359  0.035652  0.003297  -0.035676  0.999335  0.007478  -0.003028  -0.007591  0.999967  0.000062  0.000000  
75.639964 0.007731  0.084434  -0.000862  0.982082  0.186402  0.027725  -0.187845  0.980068  0.064664  -0.015119  -0.068713  0.997522  -0.002617  -0.023956  -0.001179  0.105998  -0.027621  0.211343  2.000000  0.999359  0.035652  0.003297  -0.035676  0.999335  0.007478  -0.003028  -0.007591  0.999967  0.999994  0.003473  0.000507  -0.003474  0.999993  0.001524  -0.000502  -0.001525  0.999999  1.000000  0.000000  0.000000  0.000000  1.000000  0.000000  0.000000  0.000000  1.000000  0.999359  0.035652  0.003297  -0.035676  0.999335  0.007478  -0.003028  -0.007591  0.999967  0.000060  0.000000  
75.640964 0.007730  0.084409  -0.000863  0.982044  0.186600  0.027761  -0.188047  0.980021  0.064777  -0.015119  -0.068834  0.997514  -0.002407  -0.024016  -0.001419  0.106126  -0.027192  0.204542  2.000000  0.999359  0.035652  0.003297  -0.035676  0.999335  0.007478  -0.003028  -0.007591  0.999967  0.999994  0.003473  0.000508  -0.003473  0.999993  0.001524  -0.000502  -0.001525  0.999999  1.000000  0.000000  0.000000  0.000000  1.000000  0.000000  0.000000  0.000000  1.000000  0.999359  0.035652  0.003297  -0.035676  0.999335  0.007478  -0.003028  -0.007591  0.999967  0.000058  0.000000  
75.642214 0.007732  0.084379  -0.000865  0.982003  0.186793  0.027905  -0.188249  0.979985  0.064746  -0.015252  -0.068834  0.997512  -0.001963  -0.024075  -0.001605  0.094237  -0.030772  0.190645  2.000000  0.999359  0.035652  0.003297  -0.035676  0.999335  0.007478  -0.003028  -0.007591  0.999967  0.999994  0.003463  0.000641  -0.003464  0.999993  0.001402  -0.000636  -0.001404  0.999999  1.000000  0.000000  0.000000  0.000000  1.000000  0.000000  0.000000  0.000000  1.000000  0.999359  0.035652  0.003297  -0.035676  0.999335  0.007478  -0.003028  -0.007591  0.999967  0.000056  0.000000  
75.643215 0.007732  0.084356  -0.000865  0.981964  0.186991  0.027941  -0.188451  0.979938  0.064859  -0.015252  -0.068955  0.997503  -0.001607  -0.024053  -0.001644  0.090999  -0.030580  0.185225  2.000000  0.999359  0.035652  0.003297  -0.035676  0.999335  0.007478  -0.003028  -0.007591  0.999967  0.999994  0.003258  0.000627  -0.003259  0.999994  0.001405  -0.000623  -0.001407  0.999999  1.000000  0.000000  0.000000  0.000000  1.000000  0.000000  0.000000  0.000000  1.000000  0.999359  0.035652  0.003297  -0.035676  0.999335  0.007478  -0.003028  -0.007591  0.999967  0.000052  0.000000  
75.644224 0.007733  0.084333  -0.000866  0.981964  0.186991  0.027941  -0.188451  0.979938  0.064859  -0.015252  -0.068955  0.997503  -0.001213  -0.023987  -0.001658  0.086999  -0.030115  0.178266  2.000000  0.999359  0.035652  0.003297  -0.035676  0.999335  0.007478  -0.003028  -0.007591  0.999967  0.999994  0.003258  0.000627  -0.003259  0.999994  0.001405  -0.000623  -0.001407  0.999999  1.000000  0.000000  0.000000  0.000000  1.000000  0.000000  0.000000  0.000000  1.000000  0.999359  0.035652  0.003297  -0.035676  0.999335  0.007478  -0.003028  -0.007591  0.999967  0.000050  0.000000  
75.645467 0.007735  0.084305  -0.000865  0.981925  0.187193  0.027955  -0.188653  0.979900  0.064854  -0.015252  -0.068955  0.997503  -0.000804  -0.023903  -0.001518  0.078237  -0.025455  0.177216  2.000000  0.999359  0.035652  0.003297  -0.035676  0.999335  0.007478  -0.003028  -0.007591  0.999967  0.999994  0.003258  0.000627  -0.003259  0.999994  0.001284  -0.000623  -0.001286  0.999999  1.000000  0.000000  0.000000  0.000000  1.000000  0.000000  0.000000  0.000000  1.000000  0.999359  0.035652  0.003297  -0.035676  0.999335  0.007478  -0.003028  -0.007591  0.999967  0.000049  0.000000  
75.646468 0.007737  0.084282  -0.000864  0.981886  0.187395  0.027968  -0.188856  0.979861  0.064848  -0.015252  -0.068955  0.997503  -0.000418  -0.023737  -0.001367  0.074870  -0.025194  0.171685  2.000000  0.999359  0.035652  0.003297  -0.035676  0.999335  0.007478  -0.003028  -0.007591  0.999967  0.999995  0.003053  0.000613  -0.003053  0.999995  0.001166  -0.000610  -0.001167  0.999999  1.000000  0.000000  0.000000  0.000000  1.000000  0.000000  0.000000  0.000000  1.000000  0.999359  0.035652  0.003297  -0.035676  0.999335  0.007478  -0.003028  -0.007591  0.999967  0.000047  0.000000  
