1-Time 2-Px 3-Py 4-Pz 5-R11 6-R21 7-R31 8-R12 9-R22 10-R32 11-R13 12-R23 13-R33 14-Vx 15-Vy 16-Vz 17-Wx 18-Wy 19-Wz 20-state 21-PR11 22-PR21 23-PR31 24-PR12 25-PR22 26-PR32 27-PR13 28-PR23 29-PR33 
71.156003 0.005972  0.085768  0.005945  0.987528  0.155896  -0.022009  -0.154742  0.986841  0.046898  0.029030  -0.042908  0.998657  0.000151  0.000035  -0.000017  0.000000  0.000000  0.000000  2.000000  1.000000  0.000000  0.000000  -0.000000  1.000000  0.000000  0.000000  -0.000000  1.000000  1.000000  -0.000411  -0.000018  0.000411  1.000000  -0.000012  0.000018  0.000012  1.000000  1.000000  0.000000  0.000000  0.000000  1.000000  0.000000  0.000000  0.000000  1.000000  0.699975  0.479052  -0.529664  -0.560698  0.827983  0.007878  0.442327  0.291467  0.848171  0.000000  0.000000  
71.157007 0.005972  0.085768  0.005946  0.987528  0.155896  -0.022009  -0.154742  0.986841  0.046898  0.029030  -0.042908  0.998657  0.000189  0.000036  0.000019  0.000000  0.000000  0.000000  2.000000  1.000000  0.000000  0.000000  0.000000  1.000000  0.000000  0.000000  0.000000  1.000000  1.000000  -0.000411  -0.000018  0.000411  1.000000  -0.000012  0.000018  0.000012  1.000000  1.000000  0.000000  0.000000  0.000000  1.000000  0.000000  0.000000  0.000000  1.000000  1.000000  0.000000  0.000000  0.000000  1.000000  0.000000  0.000000  0.000000  1.000000  0.000000  0.000000  
71.158009 0.005972  0.085766  0.005946  0.987432  0.156505  -0.021980  -0.155352  0.986745  0.046912  0.029030  -0.042908  0.998657  0.000189  -0.000126  0.000065  0.000000  0.000000  0.000000  2.000000  1.000000  0.000000  0.000000  0.000000  1.000000  0.000000  0.000000  0.000000  1.000000  1.000000  -0.000000  -0.000000  0.000000  1.000000  0.000000  -0.000000  -0.000000  1.000000  1.000000  0.000000  0.000000  0.000000  1.000000  0.000000  0.000000  0.000000  1.000000  1.000000  0.000000  0.000000  0.000000  1.000000  0.000000  0.000000  0.000000  1.000000  0.000000  0.000000  
71.159256 0.005973  0.085762  0.005948  0.987240  0.157727  -0.021902  -0.156572  0.986545  0.047059  0.029030  -0.043029  0.998652  0.000238  -0.000389  0.000233  0.000000  0.000000  0.000000  2.000000  1.000000  0.000000  0.000000  0.000000  1.000000  0.000000  0.000000  0.000000  1.000000  0.999999  0.001234  0.000053  -0.001234  0.999999  0.000157  -0.000053  -0.000157  1.000000  1.000000  0.000000  0.000000  0.000000  1.000000  0.000000  0.000000  0.000000  1.000000  1.000000  0.000000  0.000000  0.000000  1.000000  0.000000  0.000000  0.000000  1.000000  0.000000  0.000000  
71.160507 0.005974  0.085756  0.005951  0.987111  0.158544  -0.021825  -0.157385  0.986403  0.047316  0.029030  -0.043271  0.998641  0.000290  -0.000766  0.000388  0.000000  0.000000  0.000000  2.000000  1.000000  0.000000  0.000000  0.000000  1.000000  0.000000  0.000000  0.000000  1.000000  0.999997  0.002467  0.000107  -0.002467  0.999997  0.000314  -0.000106  -0.000314  1.000000  1.000000  0.000000  0.000000  0.000000  1.000000  0.000000  0.000000  0.000000  1.000000  1.000000  0.000000  0.000000  0.000000  1.000000  0.000000  0.000000  0.000000  1.000000  0.000000  0.000000  
71.161754 0.005976  0.085750  0.005953  0.987009  0.159162  -0.021909  -0.157994  0.986298  0.047470  0.029164  -0.043392  0.998632  0.000364  -0.001177  0.000524  0.000000  0.000000  0.000000  2.000000  1.000000  0.000000  0.000000  0.000000  1.000000  0.000000  0.000000  0.000000  1.000000  0.999995  0.003084  0.000134  -0.003084  0.999995  0.000575  -0.000132  -0.000575  1.000000  1.000000  0.000000  0.000000  0.000000  1.000000  0.000000  0.000000  0.000000  1.000000  1.000000  0.000000  0.000000  0.000000  1.000000  0.000000  0.000000  0.000000  1.000000  0.000000  0.000000  
71.162755 0.005977  0.085746  0.005956  0.986908  0.159780  -0.021992  -0.158603  0.986193  0.047625  0.029298  -0.043513  0.998623  0.000467  -0.001446  0.000696  0.000000  0.000000  0.000000  2.000000  1.000000  0.000000  0.000000  0.000000  1.000000  0.000000  0.000000  0.000000  1.000000  0.999994  0.003507  -0.000115  -0.003507  0.999994  0.000709  0.000117  -0.000708  1.000000  1.000000  0.000000  0.000000  0.000000  1.000000  0.000000  0.000000  0.000000  1.000000  1.000000  0.000000  0.000000  0.000000  1.000000  0.000000  0.000000  0.000000  1.000000  0.000000  0.000000  
71.163755 0.005978  0.085743  0.005959  0.986736  0.160809  -0.022187  -0.159617  0.986021  0.047810  0.029565  -0.043634  0.998610  0.000516  -0.001669  0.000951  0.000000  0.000000  0.000000  2.000000  1.000000  0.000000  0.000000  0.000000  1.000000  0.000000  0.000000  0.000000  1.000000  0.999991  0.004335  -0.000212  -0.004335  0.999990  0.000855  0.000216  -0.000854  1.000000  1.000000  0.000000  0.000000  0.000000  1.000000  0.000000  0.000000  0.000000  1.000000  1.000000  0.000000  0.000000  0.000000  1.000000  0.000000  0.000000  0.000000  1.000000  0.000000  0.000000  
71.165005 0.005981  0.085739  0.005963  0.986526  0.162049  -0.022484  -0.160834  0.985807  0.048141  0.029966  -0.043876  0.998587  0.000654  -0.001985  0.001219  0.038331  0.023043  0.194847  2.000000  1.000000  0.000207  -0.000021  -0.000207  1.000000  0.000038  0.000021  -0.000038  1.000000  0.999983  0.005797  -0.000683  -0.005797  0.999983  0.001021  0.000689  -0.001017  0.999999  1.000000  0.000072  -0.000009  -0.000072  1.000000  0.000013  0.000009  -0.000013  1.000000  1.000000  0.000207  -0.000021  -0.000207  1.000000  0.000038  0.000021  -0.000038  1.000000  0.000048  0.005926  
71.166005 0.005982  0.085735  0.005966  0.986286  0.163484  -0.022659  -0.162254  0.985564  0.048336  0.030234  -0.043996  0.998574  0.000757  -0.002253  0.001390  0.043512  0.029669  0.241628  2.000000  1.000000  0.000533  -0.000059  -0.000533  1.000000  0.000096  0.000059  -0.000096  1.000000  0.999975  0.007037  -0.000762  -0.007036  0.999975  0.001180  0.000770  -0.001175  0.999999  1.000000  0.000088  -0.000010  -0.000088  1.000000  0.000015  0.000010  -0.000015  1.000000  1.000000  0.000533  -0.000059  -0.000533  1.000000  0.000096  0.000059  -0.000096  1.000000  0.000058  0.007175  
71.167006 0.005984  0.085731  0.005967  0.986081  0.164710  -0.022711  -0.163472  0.985355  0.048505  0.030368  -0.044117  0.998565  0.000886  -0.002509  0.001484  0.049189  0.032580  0.285234  2.000000  1.000000  0.000926  -0.000104  -0.000926  1.000000  0.000164  0.000104  -0.000164  1.000000  0.999965  0.008282  -0.000972  -0.008281  0.999965  0.001462  0.000984  -0.001453  0.999998  1.000000  0.000104  -0.000012  -0.000104  1.000000  0.000018  0.000012  -0.000018  1.000000  1.000000  0.000926  -0.000104  -0.000926  1.000000  0.000164  0.000104  -0.000164  1.000000  0.000070  0.008466  
71.168255 0.005987  0.085727  0.005970  0.985810  0.166335  -0.022611  -0.165096  0.985076  0.048662  0.030368  -0.044239  0.998559  0.001059  -0.002791  0.001628  0.054905  0.030149  0.340484  2.000000  0.999999  0.001513  -0.000162  -0.001513  0.999999  0.000260  0.000162  -0.000260  1.000000  0.999948  0.010133  -0.000889  -0.010131  0.999947  0.001638  0.000905  -0.001629  0.999998  1.000000  0.000127  -0.000011  -0.000127  1.000000  0.000020  0.000011  -0.000020  1.000000  0.999999  0.001513  -0.000162  -0.001513  0.999999  0.000260  0.000162  -0.000260  1.000000  0.000083  0.010302  
71.169256 0.005989  0.085725  0.005973  0.985601  0.167561  -0.022662  -0.166312  0.984863  0.048832  0.030501  -0.044359  0.998550  0.001178  -0.002898  0.001819  0.060239  0.032808  0.382128  2.000000  0.999998  0.002061  -0.000210  -0.002061  0.999998  0.000346  0.000210  -0.000346  1.000000  0.999935  0.011372  -0.000966  -0.011370  0.999934  0.001798  0.000986  -0.001787  0.999998  1.000000  0.000142  -0.000012  -0.000142  1.000000  0.000022  0.000012  -0.000022  1.000000  0.999998  0.002061  -0.000210  -0.002061  0.999998  0.000346  0.000210  -0.000346  1.000000  0.000094  0.011553  
71.170508 0.005993  0.085721  0.005978  0.985326  0.169188  -0.022541  -0.167935  0.984574  0.049108  0.030501  -0.044602  0.998539  0.001438  -0.003206  0.002196  0.070230  0.030031  0.444217  2.000000  0.999996  0.002836  -0.000267  -0.002836  0.999996  0.000466  0.000269  -0.000465  1.000000  0.999915  0.013017  -0.000891  -0.013015  0.999913  0.001969  0.000916  -0.001957  0.999998  1.000000  0.000163  -0.000011  -0.000163  1.000000  0.000025  0.000011  -0.000025  1.000000  0.999996  0.002836  -0.000267  -0.002836  0.999996  0.000466  0.000269  -0.000465  1.000000  0.000109  0.013194  
71.171758 0.005996  0.085715  0.005983  0.985005  0.171026  -0.022692  -0.169759  0.984251  0.049314  0.030769  -0.044722  0.998526  0.001635  -0.003605  0.002542  0.076236  0.036264  0.506849  2.000000  0.999994  0.003554  -0.000316  -0.003554  0.999994  0.000576  0.000318  -0.000575  1.000000  0.999886  0.015084  -0.001062  -0.015082  0.999884  0.002277  0.001096  -0.002261  0.999997  1.000000  0.000189  -0.000013  -0.000189  1.000000  0.000028  0.000013  -0.000028  1.000000  0.999994  0.003554  -0.000316  -0.003554  0.999994  0.000576  0.000318  -0.000575  1.000000  0.000127  0.015291  
71.173008 0.006000  0.085706  0.005988  0.984645  0.173070  -0.022812  -0.171785  0.983883  0.049645  0.031036  -0.044964  0.998506  0.001848  -0.003955  0.002743  0.086528  0.042143  0.576294  2.000000  0.999990  0.004561  -0.000387  -0.004561  0.999989  0.000726  0.000390  -0.000724  1.000000  0.999856  0.016947  -0.001241  -0.016943  0.999853  0.002580  0.001285  -0.002558  0.999996  1.000000  0.000212  -0.000016  -0.000212  1.000000  0.000032  0.000016  -0.000032  1.000000  0.999990  0.004561  -0.000387  -0.004561  0.999989  0.000726  0.000390  -0.000724  1.000000  0.000143  0.017186  
71.174254 0.006003  0.085696  0.005993  0.984313  0.174916  -0.023072  -0.173607  0.983545  0.049996  0.031438  -0.045206  0.998483  0.002009  -0.004413  0.002975  0.096682  0.052807  0.639100  2.000000  0.999984  0.005688  -0.000472  -0.005687  0.999983  0.000895  0.000477  -0.000892  0.999999  0.999822  0.018809  -0.001420  -0.018805  0.999819  0.002883  0.001474  -0.002856  0.999995  1.000000  0.000235  -0.000018  -0.000235  1.000000  0.000036  0.000018  -0.000036  1.000000  0.999984  0.005688  -0.000472  -0.005687  0.999983  0.000895  0.000477  -0.000892  0.999999  0.000159  0.019080  
71.175257 0.006006  0.085686  0.005998  0.984054  0.176350  -0.023220  -0.175024  0.983278  0.050314  0.031705  -0.045448  0.998463  0.002194  -0.004736  0.003187  0.106377  0.059566  0.687776  2.000000  0.999978  0.006673  -0.000554  -0.006672  0.999977  0.001046  0.000561  -0.001043  0.999999  0.999793  0.020266  -0.001750  -0.020260  0.999790  0.003178  0.001814  -0.003142  0.999993  1.000000  0.000253  -0.000022  -0.000253  1.000000  0.000040  0.000022  -0.000039  1.000000  0.999978  0.006673  -0.000554  -0.006672  0.999977  0.001046  0.000561  -0.001043  0.999999  0.000172  0.020587  
71.176507 0.006011  0.085674  0.006005  0.983715  0.178201  -0.023435  -0.176845  0.982921  0.050905  0.032106  -0.045932  0.998429  0.002370  -0.005214  0.003537  0.124716  0.070106  0.750541  2.000000  0.999968  0.008009  -0.000671  -0.008008  0.999967  0.001258  0.000681  -0.001252  0.999999  0.999753  0.022129  -0.001924  -0.022122  0.999749  0.003604  0.002003  -0.003561  0.999992  1.000000  0.000277  -0.000025  -0.000277  1.000000  0.000045  0.000025  -0.000045  1.000000  0.999968  0.008009  -0.000671  -0.008008  0.999967  0.001258  0.000681  -0.001252  0.999999  0.000188  0.022501  
71.177752 0.006017  0.085658  0.006012  0.983377  0.180043  -0.023538  -0.178666  0.982569  0.051354  0.032374  -0.046295  0.998403  0.002642  -0.005872  0.003785  0.139209  0.075889  0.820282  2.000000  0.999955  0.009459  -0.000800  -0.009458  0.999954  0.001500  0.000814  -0.001492  0.999999  0.999715  0.023786  -0.002106  -0.023777  0.999709  0.004025  0.002201  -0.003974  0.999990  1.000000  0.000297  -0.000027  -0.000297  1.000000  0.000050  0.000027  -0.000050  1.000000  0.999955  0.009459  -0.000800  -0.009458  0.999954  0.001500  0.000814  -0.001492  0.999999  0.000204  0.024214  
71.178774 0.006022  0.085645  0.006018  0.983114  0.181473  -0.023529  -0.180082  0.982288  0.051769  0.032507  -0.046658  0.998382  0.002914  -0.006568  0.003937  0.152864  0.078002  0.868188  2.000000  0.999943  0.010675  -0.000913  -0.010673  0.999942  0.001714  0.000931  -0.001704  0.999998  0.999699  0.024415  -0.002335  -0.024405  0.999692  0.004415  0.002442  -0.004357  0.999988  1.000000  0.000305  -0.000030  -0.000305  1.000000  0.000055  0.000030  -0.000055  1.000000  0.999943  0.010675  -0.000913  -0.010673  0.999942  0.001714  0.000931  -0.001704  0.999998  0.000218  0.024918  
71.180003 0.006029  0.085629  0.006024  0.982770  0.183314  -0.023629  -0.181902  0.981929  0.052219  0.032775  -0.047021  0.998356  0.003230  -0.007344  0.004075  0.167236  0.084080  0.931373  2.000000  0.999928  0.011929  -0.001035  -0.011927  0.999927  0.001944  0.001058  -0.001931  0.999998  0.999673  0.025456  -0.002544  -0.025444  0.999665  0.004696  0.002663  -0.004630  0.999986  1.000000  0.000318  -0.000033  -0.000318  1.000000  0.000058  0.000033  -0.000058  1.000000  0.999928  0.011929  -0.001035  -0.011927  0.999927  0.001944  0.001058  -0.001931  0.999998  0.000234  0.026007  
71.181005 0.006034  0.085614  0.006029  0.982536  0.184545  -0.023783  -0.183114  0.981687  0.052535  0.033042  -0.047262  0.998336  0.003468  -0.008040  0.004252  0.176782  0.091069  0.973133  2.000000  0.999912  0.013220  -0.001166  -0.013218  0.999910  0.002184  0.001195  -0.002168  0.999997  0.999656  0.026080  -0.002642  -0.026067  0.999648  0.004841  0.002767  -0.004770  0.999985  1.000000  0.000326  -0.000034  -0.000326  1.000000  0.000060  0.000034  -0.000060  1.000000  0.999912  0.013220  -0.001166  -0.013218  0.999910  0.002184  0.001195  -0.002168  0.999997  0.000247  0.026653  
71.182255 0.006040  0.085596  0.006035  0.982263  0.185978  -0.023924  -0.184528  0.981405  0.052856  0.033310  -0.047504  0.998315  0.003713  -0.009041  0.004547  0.186628  0.097773  1.022211  2.000000  0.999888  0.014884  -0.001342  -0.014881  0.999886  0.002491  0.001379  -0.002471  0.999996  0.999634  0.026915  -0.002860  -0.026901  0.999626  0.004995  0.002993  -0.004916  0.999983  1.000000  0.000336  -0.000037  -0.000336  1.000000  0.000062  0.000037  -0.000062  1.000000  0.999888  0.014884  -0.001342  -0.014881  0.999886  0.002491  0.001379  -0.002471  0.999996  0.000260  0.027520  
71.183257 0.006045  0.085581  0.006039  0.982068  0.187000  -0.023956  -0.185538  0.981199  0.053144  0.033443  -0.047746  0.998299  0.003935  -0.009831  0.004732  0.195874  0.100544  1.056674  2.000000  0.999867  0.016248  -0.001485  -0.016244  0.999864  0.002743  0.001530  -0.002719  0.999995  0.999617  0.027532  -0.002826  -0.027517  0.999609  0.005022  0.002964  -0.004942  0.999983  1.000000  0.000344  -0.000036  -0.000344  1.000000  0.000062  0.000036  -0.000062  1.000000  0.999867  0.016248  -0.001485  -0.016244  0.999864  0.002743  0.001530  -0.002719  0.999995  0.000269  0.028125  
71.184503 0.006052  0.085563  0.006044  0.981752  0.188634  -0.024085  -0.187154  0.980874  0.053471  0.033711  -0.047988  0.998279  0.004151  -0.010724  0.004731  0.205914  0.106888  1.112422  2.000000  0.999837  0.017969  -0.001657  -0.017964  0.999834  0.003064  0.001712  -0.003034  0.999994  0.999617  0.027526  -0.002683  -0.027512  0.999608  0.005150  0.002823  -0.005075  0.999983  1.000000  0.000344  -0.000034  -0.000344  1.000000  0.000064  0.000034  -0.000064  1.000000  0.999837  0.017969  -0.001657  -0.017964  0.999834  0.003064  0.001712  -0.003034  0.999994  0.000279  0.028129  
71.185510 0.006057  0.085547  0.006049  0.981554  0.189656  -0.024115  -0.188163  0.980665  0.053759  0.033845  -0.048230  0.998263  0.004352  -0.011833  0.004759  0.215191  0.109650  1.146992  2.000000  0.999811  0.019350  -0.001785  -0.019344  0.999807  0.003327  0.001849  -0.003292  0.999993  0.999612  0.027725  -0.002532  -0.027712  0.999602  0.005282  0.002678  -0.005210  0.999983  1.000000  0.000347  -0.000033  -0.000347  1.000000  0.000066  0.000033  -0.000066  1.000000  0.999811  0.019350  -0.001785  -0.019344  0.999807  0.003327  0.001849  -0.003292  0.999993  0.000292  0.028334  
71.186757 0.006063  0.085527  0.006054  0.981312  0.190885  -0.024265  -0.189374  0.980415  0.054077  0.034112  -0.048472  0.998242  0.004429  -0.012532  0.004731  0.224891  0.116640  1.189315  2.000000  0.999783  0.020734  -0.001906  -0.020727  0.999779  0.003595  0.001980  -0.003555  0.999992  0.999619  0.027514  -0.002405  -0.027501  0.999608  0.005279  0.002550  -0.005211  0.999983  1.000000  0.000344  -0.000031  -0.000344  1.000000  0.000066  0.000031  -0.000066  1.000000  0.999783  0.020734  -0.001906  -0.020727  0.999779  0.003595  0.001980  -0.003555  0.999992  0.000300  0.028116  
71.187758 0.006067  0.085510  0.006059  0.981117  0.191898  -0.024186  -0.190384  0.980211  0.054221  0.034112  -0.048593  0.998236  0.004543  -0.013316  0.004813  0.227711  0.114655  1.199978  2.000000  0.999761  0.021771  -0.001998  -0.021763  0.999756  0.003800  0.002080  -0.003755  0.999991  0.999613  0.027719  -0.002388  -0.027706  0.999601  0.005411  0.002537  -0.005342  0.999983  1.000000  0.000346  -0.000031  -0.000346  1.000000  0.000067  0.000031  -0.000067  1.000000  0.999761  0.021771  -0.001998  -0.021763  0.999756  0.003800  0.002080  -0.003755  0.999991  0.000306  0.028341  
71.189008 0.006072  0.085489  0.006064  0.980955  0.192717  -0.024225  -0.191191  0.980038  0.054504  0.034246  -0.048835  0.998220  0.004670  -0.013977  0.004827  0.233108  0.120836  1.189468  2.000000  0.999722  0.023470  -0.002152  -0.023461  0.999716  0.004143  0.002249  -0.004091  0.999989  0.999635  0.026905  -0.002556  -0.026890  0.999623  0.005508  0.002704  -0.005438  0.999982  1.000000  0.000336  -0.000033  -0.000336  1.000000  0.000068  0.000033  -0.000068  1.000000  0.999722  0.023470  -0.002152  -0.023461  0.999716  0.004143  0.002249  -0.004091  0.999989  0.000304  0.027578  
71.190258 0.006078  0.085467  0.006070  0.980753  0.193738  -0.024253  -0.192200  0.979825  0.054793  0.034379  -0.049077  0.998203  0.004758  -0.014736  0.004780  0.233414  0.124723  1.196651  2.000000  0.999682  0.025128  -0.002304  -0.025118  0.999674  0.004490  0.002416  -0.004431  0.999987  0.999651  0.026289  -0.002581  -0.026274  0.999639  0.005613  0.002727  -0.005543  0.999981  1.000000  0.000329  -0.000033  -0.000329  1.000000  0.000070  0.000033  -0.000070  1.000000  0.999682  0.025128  -0.002304  -0.025118  0.999674  0.004490  0.002416  -0.004431  0.999987  0.000305  0.027001  
71.191507 0.006082  0.085443  0.006077  0.980595  0.194554  -0.024137  -0.193007  0.979645  0.055169  0.034379  -0.049440  0.998185  0.004764  -0.015354  0.004784  0.241846  0.119610  1.203278  2.000000  0.999639  0.026748  -0.002462  -0.026736  0.999631  0.004842  0.002590  -0.004774  0.999985  0.999672  0.025468  -0.002616  -0.025453  0.999660  0.005585  0.002757  -0.005517  0.999981  1.000000  0.000318  -0.000034  -0.000318  1.000000  0.000069  0.000034  -0.000069  1.000000  0.999639  0.026748  -0.002462  -0.026736  0.999631  0.004842  0.002590  -0.004774  0.999985  0.000306  0.026200  
71.192508 0.006085  0.085423  0.006083  0.980431  0.195370  -0.024199  -0.193814  0.979477  0.055334  0.034513  -0.049561  0.998175  0.004602  -0.015960  0.004789  0.242231  0.119144  1.210216  2.000000  0.999605  0.027978  -0.002585  -0.027964  0.999596  0.005126  0.002728  -0.005052  0.999984  0.999698  0.024434  -0.002528  -0.024420  0.999686  0.005676  0.002665  -0.005612  0.999981  1.000000  0.000305  -0.000032  -0.000305  1.000000  0.000071  0.000032  -0.000071  1.000000  0.999605  0.027978  -0.002585  -0.027964  0.999596  0.005126  0.002728  -0.005052  0.999984  0.000308  0.025207  
71.193758 0.006088  0.085396  0.006090  0.980302  0.195996  -0.024356  -0.194417  0.979333  0.055757  0.034781  -0.049923  0.998147  0.004415  -0.016610  0.004813  0.246035  0.115256  1.189272  2.000000  0.999562  0.029454  -0.002735  -0.029438  0.999552  0.005482  0.002895  -0.005399  0.999981  0.999733  0.022990  -0.002461  -0.022976  0.999720  0.005631  0.002590  -0.005573  0.999981  1.000000  0.000287  -0.000032  -0.000287  1.000000  0.000070  0.000032  -0.000070  1.000000  0.999562  0.029454  -0.002735  -0.029438  0.999552  0.005482  0.002895  -0.005399  0.999981  0.000307  0.023792  
71.195003 0.006091  0.085369  0.006098  0.980177  0.196614  -0.024405  -0.195022  0.979197  0.056035  0.034914  -0.050165  0.998130  0.004149  -0.017341  0.004909  0.247861  0.110292  1.165667  2.000000  0.999520  0.030854  -0.002878  -0.030837  0.999507  0.005840  0.003057  -0.005749  0.999979  0.999761  0.021751  -0.002382  -0.021737  0.999747  0.005716  0.002506  -0.005663  0.999981  1.000000  0.000272  -0.000031  -0.000272  1.000000  0.000071  0.000031  -0.000071  1.000000  0.999520  0.030854  -0.002878  -0.030837  0.999507  0.005840  0.003057  -0.005749  0.999979  0.000301  0.022611  
71.196305 0.006095  0.085342  0.006106  0.980047  0.197241  -0.024560  -0.195625  0.979052  0.056459  0.035182  -0.050528  0.998103  0.003958  -0.017866  0.005042  0.256343  0.113011  1.124989  2.000000  0.999486  0.031924  -0.002987  -0.031905  0.999472  0.006126  0.003181  -0.006028  0.999977  0.999778  0.020923  -0.002285  -0.020910  0.999765  0.005691  0.002404  -0.005642  0.999981  1.000000  0.000261  -0.000029  -0.000261  1.000000  0.000071  0.000029  -0.000071  1.000000  0.999486  0.031924  -0.002987  -0.031905  0.999472  0.006126  0.003181  -0.006028  0.999977  0.000292  0.021798  
71.197504 0.006099  0.085315  0.006115  0.979962  0.197656  -0.024620  -0.196028  0.978956  0.056733  0.035316  -0.050770  0.998086  0.003775  -0.018553  0.005302  0.255616  0.114926  1.085687  2.000000  0.999452  0.032947  -0.003094  -0.032926  0.999437  0.006414  0.003304  -0.006309  0.999975  0.999795  0.020102  -0.002320  -0.020088  0.999782  0.005668  0.002433  -0.005621  0.999981  1.000000  0.000251  -0.000030  -0.000251  1.000000  0.000071  0.000030  -0.000071  1.000000  0.999452  0.032947  -0.003094  -0.032926  0.999437  0.006414  0.003304  -0.006309  0.999975  0.000284  0.021009  
71.198753 0.006101  0.085286  0.006123  0.979841  0.198267  -0.024537  -0.196633  0.978820  0.056986  0.035316  -0.051012  0.998073  0.003529  -0.019242  0.005468  0.256945  0.110309  1.055983  2.000000  0.999412  0.034149  -0.003222  -0.034126  0.999395  0.006761  0.003451  -0.006647  0.999972  0.999824  0.018650  -0.002122  -0.018638  0.999811  0.005497  0.002224  -0.005457  0.999983  1.000000  0.000233  -0.000027  -0.000233  1.000000  0.000068  0.000027  -0.000068  1.000000  0.999412  0.034149  -0.003222  -0.034126  0.999395  0.006761  0.003451  -0.006647  0.999972  0.000276  0.019555  
71.199754 0.006103  0.085263  0.006128  0.979796  0.198481  -0.024608  -0.196834  0.978764  0.057254  0.035449  -0.051254  0.998056  0.003235  -0.019825  0.005509  0.261652  0.117853  1.016706  2.000000  0.999380  0.035050  -0.003319  -0.035026  0.999362  0.007028  0.003564  -0.006908  0.999970  0.999843  0.017616  -0.002039  -0.017605  0.999831  0.005222  0.002131  -0.005185  0.999984  1.000000  0.000220  -0.000026  -0.000220  1.000000  0.000065  0.000026  -0.000065  1.000000  0.999380  0.035050  -0.003319  -0.035026  0.999362  0.007028  0.003564  -0.006908  0.999970  0.000269  0.018483  
71.200756 0.006104  0.085239  0.006133  0.979715  0.198887  -0.024560  -0.197237  0.978675  0.057383  0.035449  -0.051375  0.998050  0.003016  -0.020339  0.005551  0.260569  0.114895  0.981924  2.000000  0.999350  0.035879  -0.003410  -0.035854  0.999330  0.007284  0.003669  -0.007157  0.999968  0.999871  0.015959  -0.001854  -0.015950  0.999860  0.005044  0.001934  -0.005013  0.999986  1.000000  0.000199  -0.000024  -0.000199  1.000000  0.000063  0.000024  -0.000063  1.000000  0.999350  0.035879  -0.003410  -0.035854  0.999330  0.007284  0.003669  -0.007157  0.999968  0.000259  0.016836  
71.202009 0.006106  0.085209  0.006138  0.979679  0.199085  -0.024393  -0.197440  0.978628  0.057481  0.035316  -0.051496  0.998049  0.002768  -0.021001  0.005559  0.254687  0.103892  0.925881  2.000000  0.999315  0.036830  -0.003511  -0.036803  0.999294  0.007590  0.003788  -0.007456  0.999965  0.999890  0.014713  -0.001649  -0.014705  0.999881  0.004758  0.001718  -0.004733  0.999987  1.000000  0.000184  -0.000021  -0.000184  1.000000  0.000059  0.000021  -0.000059  1.000000  0.999315  0.036830  -0.003511  -0.036803  0.999294  0.007590  0.003788  -0.007456  0.999965  0.000247  0.015548  
71.203258 0.006107  0.085180  0.006144  0.979597  0.199493  -0.024321  -0.197843  0.978532  0.057728  0.035316  -0.051738  0.998036  0.002544  -0.021415  0.005571  0.255626  0.095624  0.883623  2.000000  0.999289  0.037537  -0.003576  -0.037509  0.999266  0.007827  0.003868  -0.007688  0.999963  0.999903  0.013877  -0.001423  -0.013871  0.999893  0.004606  0.001486  -0.004586  0.999988  1.000000  0.000173  -0.000018  -0.000173  1.000000  0.000057  0.000018  -0.000057  1.000000  0.999289  0.037537  -0.003576  -0.037509  0.999266  0.007827  0.003868  -0.007688  0.999963  0.000233  0.014688  
71.204506 0.006109  0.085153  0.006151  0.979552  0.199705  -0.024416  -0.198044  0.978483  0.057878  0.035449  -0.051859  0.998025  0.002273  -0.021917  0.005661  0.247532  0.090589  0.821520  2.000000  0.999257  0.038364  -0.003650  -0.038333  0.999232  0.008119  0.003959  -0.007973  0.999960  0.999917  0.012843  -0.001339  -0.012837  0.999907  0.004572  0.001398  -0.004555  0.999989  1.000000  0.000161  -0.000017  -0.000161  1.000000  0.000057  0.000017  -0.000057  1.000000  0.999257  0.038364  -0.003650  -0.038333  0.999232  0.008119  0.003959  -0.007973  0.999960  0.000219  0.013696  
71.205757 0.006110  0.085125  0.006156  0.979511  0.199912  -0.024356  -0.198246  0.978428  0.058121  0.035449  -0.052101  0.998012  0.002023  -0.022244  0.005574  0.241753  0.079572  0.765614  2.000000  0.999228  0.039112  -0.003715  -0.039080  0.999201  0.008401  0.004041  -0.008249  0.999958  0.999934  0.011391  -0.001146  -0.011386  0.999925  0.004401  0.001196  -0.004388  0.999990  1.000000  0.000142  -0.000015  -0.000142  1.000000  0.000055  0.000015  -0.000055  1.000000  0.999228  0.039112  -0.003715  -0.039080  0.999201  0.008401  0.004041  -0.008249  0.999958  0.000206  0.012263  
71.207002 0.006110  0.085096  0.006162  0.979470  0.200116  -0.024319  -0.198447  0.978379  0.058244  0.035449  -0.052222  0.998006  0.001832  -0.022448  0.005454  0.230310  0.076293  0.717919  2.000000  0.999202  0.039773  -0.003772  -0.039739  0.999172  0.008673  0.004114  -0.008516  0.999955  0.999952  0.009734  -0.000963  -0.009730  0.999944  0.004222  0.001004  -0.004212  0.999991  1.000000  0.000122  -0.000012  -0.000122  1.000000  0.000053  0.000012  -0.000053  1.000000  0.999202  0.039773  -0.003772  -0.039739  0.999172  0.008673  0.004114  -0.008516  0.999955  0.000190  0.010652  
71.208011 0.006110  0.085073  0.006166  0.979470  0.200119  -0.024295  -0.198447  0.978372  0.058363  0.035449  -0.052343  0.998000  0.001596  -0.022646  0.005348  0.220493  0.069932  0.662795  2.000000  0.999183  0.040239  -0.003810  -0.040204  0.999152  0.008884  0.004165  -0.008723  0.999953  0.999962  0.008700  -0.000882  -0.008696  0.999954  0.004065  0.000918  -0.004057  0.999991  1.000000  0.000109  -0.000011  -0.000109  1.000000  0.000051  0.000011  -0.000051  1.000000  0.999183  0.040239  -0.003810  -0.040204  0.999152  0.008884  0.004165  -0.008723  0.999953  0.000177  0.009641  
71.209257 0.006111  0.085044  0.006173  0.979434  0.200320  -0.024104  -0.198650  0.978318  0.058579  0.035316  -0.052586  0.997992  0.001394  -0.022758  0.005294  0.214827  0.058744  0.614093  2.000000  0.999162  0.040754  -0.003851  -0.040718  0.999129  0.009141  0.004220  -0.008977  0.999951  0.999967  0.008069  -0.000646  -0.008067  0.999959  0.004163  0.000679  -0.004158  0.999991  1.000000  0.000101  -0.000008  -0.000101  1.000000  0.000052  0.000008  -0.000052  1.000000  0.999162  0.040754  -0.003851  -0.040718  0.999129  0.009141  0.004220  -0.008977  0.999951  0.000165  0.009102  
71.210259 0.006111  0.085021  0.006179  0.979393  0.200524  -0.024067  -0.198852  0.978270  0.058702  0.035316  -0.052707  0.997985  0.001247  -0.022861  0.005239  0.206626  0.052856  0.563429  2.000000  0.999146  0.041138  -0.003877  -0.041100  0.999111  0.009345  0.004258  -0.009178  0.999949  0.999972  0.007453  -0.000677  -0.007450  0.999964  0.004020  0.000707  -0.004015  0.999992  1.000000  0.000093  -0.000009  -0.000093  1.000000  0.000050  0.000009  -0.000050  1.000000  0.999146  0.041138  -0.003877  -0.041100  0.999111  0.009345  0.004258  -0.009178  0.999949  0.000154  0.008494  
71.211503 0.006112  0.084992  0.006186  0.979352  0.200731  -0.024006  -0.199053  0.978214  0.058945  0.035316  -0.052949  0.997973  0.001048  -0.023052  0.005203  0.205317  0.045829  0.521647  2.000000  0.999131  0.041490  -0.003899  -0.041451  0.999095  0.009547  0.004292  -0.009377  0.999947  0.999977  0.006830  -0.000575  -0.006827  0.999969  0.003999  0.000602  -0.003995  0.999992  1.000000  0.000085  -0.000007  -0.000085  1.000000  0.000050  0.000007  -0.000050  1.000000  0.999131  0.041490  -0.003899  -0.041451  0.999095  0.009547  0.004292  -0.009377  0.999947  0.000143  0.007934  
71.212504 0.006114  0.084969  0.006193  0.979352  0.200734  -0.023982  -0.199053  0.978207  0.059063  0.035316  -0.053070  0.997966  0.000968  -0.023056  0.005190  0.199883  0.038842  0.479757  2.000000  0.999118  0.041811  -0.003921  -0.041772  0.999080  0.009744  0.004325  -0.009571  0.999945  0.999981  0.006213  -0.000607  -0.006211  0.999973  0.003856  0.000631  -0.003852  0.999992  1.000000  0.000078  -0.000008  -0.000078  1.000000  0.000048  0.000008  -0.000048  1.000000  0.999118  0.041811  -0.003921  -0.041772  0.999080  0.009744  0.004325  -0.009571  0.999945  0.000134  0.007337  
71.213755 0.006114  0.084939  0.006202  0.979311  0.200941  -0.023921  -0.199255  0.978152  0.059305  0.035316  -0.053312  0.997953  0.000842  -0.023157  0.005205  0.198484  0.036335  0.438093  2.000000  0.999103  0.042169  -0.003943  -0.042128  0.999062  0.009982  0.004361  -0.009807  0.999942  0.999984  0.005590  -0.000505  -0.005588  0.999977  0.003713  0.000526  -0.003710  0.999993  1.000000  0.000070  -0.000006  -0.000070  1.000000  0.000046  0.000006  -0.000046  1.000000  0.999103  0.042169  -0.003943  -0.042128  0.999062  0.009982  0.004361  -0.009807  0.999942  0.000125  0.006729  
71.215003 0.006114  0.084910  0.006209  0.979307  0.200951  -0.024028  -0.199254  0.978143  0.059451  0.035449  -0.053433  0.997942  0.000735  -0.023142  0.005303  0.191690  0.033242  0.399984  2.000000  0.999094  0.042366  -0.003954  -0.042324  0.999053  0.010123  0.004379  -0.009946  0.999941  0.999989  0.004761  -0.000415  -0.004760  0.999982  0.003685  0.000432  -0.003683  0.999993  1.000000  0.000000  0.000000  0.000000  1.000000  0.000000  0.000000  0.000000  1.000000  0.999094  0.042366  -0.003954  -0.042324  0.999053  0.010123  0.004379  -0.009946  0.999941  0.000112  0.000000  
71.216006 0.006116  0.084886  0.006215  0.979265  0.201156  -0.023991  -0.199455  0.978094  0.059574  0.035449  -0.053554  0.997936  0.000748  -0.023073  0.005448  0.186503  0.030467  0.365554  2.000000  0.999094  0.042366  -0.003954  -0.042324  0.999053  0.010123  0.004379  -0.009946  0.999941  0.999990  0.004549  -0.000292  -0.004547  0.999984  0.003435  0.000308  -0.003434  0.999994  1.000000  0.000000  0.000000  0.000000  1.000000  0.000000  0.000000  0.000000  1.000000  0.999094  0.042366  -0.003954  -0.042324  0.999053  0.010123  0.004379  -0.009946  0.999941  0.000103  0.000000  
71.217253 0.006118  0.084858  0.006223  0.979224  0.201360  -0.023954  -0.199657  0.978046  0.059698  0.035449  -0.053675  0.997929  0.000783  -0.023049  0.005577  0.181360  0.027711  0.331208  2.000000  0.999094  0.042366  -0.003954  -0.042324  0.999053  0.010123  0.004379  -0.009946  0.999941  0.999992  0.003918  -0.000057  -0.003918  0.999988  0.003049  0.000069  -0.003049  0.999995  1.000000  0.000000  0.000000  0.000000  1.000000  0.000000  0.000000  0.000000  1.000000  0.999094  0.042366  -0.003954  -0.042324  0.999053  0.010123  0.004379  -0.009946  0.999941  0.000095  0.000000  
71.218258 0.006121  0.084835  0.006228  0.979224  0.201360  -0.023954  -0.199657  0.978046  0.059698  0.035449  -0.053675  0.997929  0.000889  -0.023054  0.005584  0.177737  0.024830  0.305906  2.000000  0.999094  0.042366  -0.003954  -0.042324  0.999053  0.010123  0.004379  -0.009946  0.999941  0.999994  0.003500  0.000054  -0.003500  0.999989  0.003035  -0.000044  -0.003035  0.999995  1.000000  0.000000  0.000000  0.000000  1.000000  0.000000  0.000000  0.000000  1.000000  0.999094  0.042366  -0.003954  -0.042324  0.999053  0.010123  0.004379  -0.009946  0.999941  0.000090  0.000000  
71.219507 0.006124  0.084807  0.006235  0.979188  0.201557  -0.023787  -0.199860  0.977998  0.059795  0.035316  -0.053796  0.997927  0.001034  -0.023081  0.005632  0.172712  0.021710  0.278114  2.000000  0.999094  0.042366  -0.003954  -0.042324  0.999053  0.010123  0.004379  -0.009946  0.999941  0.999995  0.003287  0.000177  -0.003288  0.999990  0.002906  -0.000168  -0.002906  0.999996  1.000000  0.000000  0.000000  0.000000  1.000000  0.000000  0.000000  0.000000  1.000000  0.999094  0.042366  -0.003954  -0.042324  0.999053  0.010123  0.004379  -0.009946  0.999941  0.000085  0.000000  
71.220762 0.006128  0.084779  0.006241  0.979147  0.201761  -0.023750  -0.200061  0.977950  0.059918  0.035316  -0.053917  0.997921  0.001204  -0.023035  0.005685  0.163585  0.018577  0.250219  2.000000  0.999094  0.042366  -0.003954  -0.042324  0.999053  0.010123  0.004379  -0.009946  0.999941  0.999995  0.003074  0.000300  -0.003075  0.999991  0.002777  -0.000292  -0.002778  0.999996  1.000000  0.000000  0.000000  0.000000  1.000000  0.000000  0.000000  0.000000  1.000000  0.999094  0.042366  -0.003954  -0.042324  0.999053  0.010123  0.004379  -0.009946  0.999941  0.000078  0.000000  
71.222004 0.006133  0.084752  0.006246  0.979151  0.201757  -0.023595  -0.200062  0.977944  0.060010  0.035182  -0.054039  0.997919  0.001530  -0.022936  0.005667  0.158586  0.010987  0.222194  2.000000  0.999094  0.042366  -0.003954  -0.042324  0.999053  0.010123  0.004379  -0.009946  0.999941  0.999996  0.002862  0.000423  -0.002863  0.999992  0.002770  -0.000415  -0.002771  0.999996  1.000000  0.000000  0.000000  0.000000  1.000000  0.000000  0.000000  0.000000  1.000000  0.999094  0.042366  -0.003954  -0.042324  0.999053  0.010123  0.004379  -0.009946  0.999941  0.000070  0.000000  
71.223007 0.006137  0.084730  0.006250  0.979110  0.201961  -0.023558  -0.200264  0.977895  0.060134  0.035182  -0.054160  0.997912  0.001775  -0.022872  0.005627  0.154003  0.007173  0.208097  2.000000  0.999094  0.042366  -0.003954  -0.042324  0.999053  0.010123  0.004379  -0.009946  0.999941  0.999996  0.002869  0.000290  -0.002870  0.999992  0.002770  -0.000282  -0.002771  0.999996  1.000000  0.000000  0.000000  0.000000  1.000000  0.000000  0.000000  0.000000  1.000000  0.999094  0.042366  -0.003954  -0.042324  0.999053  0.010123  0.004379  -0.009946  0.999941  0.000068  0.000000  
71.224252 0.006143  0.084703  0.006256  0.979106  0.201971  -0.023664  -0.200263  0.977886  0.060279  0.035316  -0.054280  0.997901  0.002121  -0.022748  0.005530  0.148265  0.007794  0.192722  2.000000  0.999094  0.042366  -0.003954  -0.042324  0.999053  0.010123  0.004379  -0.009946  0.999941  0.999997  0.002465  0.000134  -0.002466  0.999993  0.002634  -0.000128  -0.002635  0.999997  1.000000  0.000000  0.000000  0.000000  1.000000  0.000000  0.000000  0.000000  1.000000  0.999094  0.042366  -0.003954  -0.042324  0.999053  0.010123  0.004379  -0.009946  0.999941  0.000062  0.000000  
71.225289 0.006147  0.084681  0.006259  0.979069  0.202168  -0.023496  -0.200465  0.977839  0.060376  0.035182  -0.054402  0.997899  0.002424  -0.022637  0.005378  0.144762  -0.004920  0.179574  2.000000  0.999094  0.042366  -0.003954  -0.042324  0.999053  0.010123  0.004379  -0.009946  0.999941  0.999997  0.002451  0.000402  -0.002452  0.999994  0.002634  -0.000395  -0.002635  0.999996  1.000000  0.000000  0.000000  0.000000  1.000000  0.000000  0.000000  0.000000  1.000000  0.999094  0.042366  -0.003954  -0.042324  0.999053  0.010123  0.004379  -0.009946  0.999941  0.000059  0.000000  
71.226505 0.006152  0.084654  0.006265  0.979069  0.202171  -0.023472  -0.200465  0.977831  0.060494  0.035182  -0.054523  0.997893  0.002691  -0.022531  0.005216  0.000000  0.000000  0.000000  2.000000  0.999094  0.042366  -0.003954  -0.042324  0.999053  0.010123  0.004379  -0.009946  0.999941  0.999997  0.002245  0.000391  -0.002246  0.999994  0.002627  -0.000385  -0.002628  0.999996  1.000000  0.000000  0.000000  0.000000  1.000000  0.000000  0.000000  0.000000  1.000000  0.999094  0.042366  -0.003954  -0.042324  0.999053  0.010123  0.004379  -0.009946  0.999941  0.000054  0.000000  
71.227547 0.006157  0.084632  0.006270  0.979028  0.202375  -0.023435  -0.200667  0.977782  0.060618  0.035182  -0.054644  0.997886  0.002948  -0.022356  0.005074  0.000000  0.000000  0.000000  2.000000  0.999094  0.042366  -0.003954  -0.042324  0.999053  0.010123  0.004379  -0.009946  0.999941  0.999997  0.002451  0.000402  -0.002452  0.999994  0.002513  -0.000396  -0.002514  0.999997  1.000000  0.000000  0.000000  0.000000  1.000000  0.000000  0.000000  0.000000  1.000000  0.999094  0.042366  -0.003954  -0.042324  0.999053  0.010123  0.004379  -0.009946  0.999941  0.000000  0.000000  
71.228756 0.006163  0.084605  0.006277  0.978986  0.202582  -0.023373  -0.200868  0.977726  0.060860  0.035182  -0.054886  0.997873  0.003351  -0.022243  0.004965  0.000000  0.000000  0.000000  2.000000  0.999094  0.042366  -0.003954  -0.042324  0.999053  0.010123  0.004379  -0.009946  0.999941  0.999997  0.002450  0.000403  -0.002452  0.999994  0.002634  -0.000396  -0.002635  0.999996  1.000000  0.000000  0.000000  0.000000  1.000000  0.000000  0.000000  0.000000  1.000000  0.999094  0.042366  -0.003954  -0.042324  0.999053  0.010123  0.004379  -0.009946  0.999941  0.000000  0.000000  
71.230005 0.006171  0.084578  0.006284  0.978986  0.202585  -0.023349  -0.200868  0.977719  0.060978  0.035182  -0.055007  0.997866  0.003812  -0.022087  0.004959  0.000000  0.000000  0.000000  2.000000  0.999094  0.042366  -0.003954  -0.042324  0.999053  0.010123  0.004379  -0.009946  0.999941  0.999997  0.002245  0.000392  -0.002246  0.999994  0.002627  -0.000386  -0.002628  0.999996  1.000000  0.000000  0.000000  0.000000  1.000000  0.000000  0.000000  0.000000  1.000000  0.999094  0.042366  -0.003954  -0.042324  0.999053  0.010123  0.004379  -0.009946  0.999941  0.000000  0.000000  
71.231005 0.006177  0.084556  0.006290  0.978945  0.202789  -0.023312  -0.201070  0.977669  0.061102  0.035182  -0.055128  0.997859  0.004090  -0.022018  0.004990  0.000000  0.000000  0.000000  2.000000  0.999094  0.042366  -0.003954  -0.042324  0.999053  0.010123  0.004379  -0.009946  0.999941  0.999997  0.002252  0.000259  -0.002253  0.999994  0.002505  -0.000253  -0.002506  0.999997  1.000000  0.000000  0.000000  0.000000  1.000000  0.000000  0.000000  0.000000  1.000000  0.999094  0.042366  -0.003954  -0.042324  0.999053  0.010123  0.004379  -0.009946  0.999941  0.000000  0.000000  
