1-Time 2-Px 3-Py 4-Pz 5-R11 6-R21 7-R31 8-R12 9-R22 10-R32 11-R13 12-R23 13-R33 14-Vx 15-Vy 16-Vz 17-Wx 18-Wy 19-Wz 20-state 21-PR11 22-PR21 23-PR31 24-PR12 25-PR22 26-PR32 27-PR13 28-PR23 29-PR33 
209.878078 0.012870  0.082055  0.005687  0.993017  0.097739  0.066068  -0.072087  0.059380  0.995629  0.093389  -0.993439  0.066011  -0.000523  0.002369  -0.000920  0.000000  0.000000  0.000000  2.000000  1.000000  0.000000  0.000000  0.000000  -0.000000  1.000000  0.000000  -1.000000  -0.000000  0.999999  0.000068  0.001023  -0.000068  1.000000  0.000096  -0.001023  -0.000096  0.999999  1.000000  0.000000  0.000000  0.000000  1.000000  0.000000  0.000000  0.000000  1.000000  0.686519  0.612610  0.391663  -0.381022  -0.155677  0.911366  0.619285  -0.774902  0.126542  0.000000  0.000000  
209.879085 0.012870  0.082057  0.005686  0.993002  0.097752  0.066273  -0.072291  0.059360  0.995616  0.093389  -0.993439  0.066011  -0.000473  0.002389  -0.000931  0.000000  0.000000  0.000000  2.000000  1.000000  0.000000  0.000000  0.000000  -0.000000  1.000000  0.000000  -1.000000  -0.000000  0.999999  0.000081  0.001227  -0.000082  1.000000  0.000115  -0.001227  -0.000115  0.999999  1.000000  0.000000  0.000000  0.000000  1.000000  0.000000  0.000000  0.000000  1.000000  1.000000  0.000000  0.000000  0.000000  -0.000000  1.000000  0.000000  -1.000000  -0.000000  0.000000  0.000000  
209.880329 0.012871  0.082057  0.005686  0.992984  0.097643  0.066692  -0.072701  0.059329  0.995588  0.093256  -0.993451  0.066012  -0.000350  0.002150  -0.000858  0.000000  0.000000  0.000000  2.000000  1.000000  0.000000  0.000000  0.000000  -0.000000  1.000000  0.000000  -1.000000  -0.000000  0.999999  -0.000025  0.001645  0.000025  1.000000  0.000154  -0.001645  -0.000154  0.999999  1.000000  0.000000  0.000000  0.000000  1.000000  0.000000  0.000000  0.000000  1.000000  1.000000  0.000000  0.000000  0.000000  -0.000000  1.000000  0.000000  -1.000000  -0.000000  0.000000  0.000000  
209.881334 0.012873  0.082054  0.005686  0.992949  0.097435  0.067518  -0.073521  0.059389  0.995524  0.092989  -0.993468  0.066134  -0.000197  0.001796  -0.000723  0.000000  0.000000  0.000000  2.000000  1.000000  0.000000  0.000000  0.000000  -0.000000  1.000000  0.000000  -1.000000  -0.000000  0.999998  -0.000265  0.002072  0.000264  1.000000  0.000071  -0.002072  -0.000070  0.999998  1.000000  0.000000  0.000000  0.000000  1.000000  0.000000  0.000000  0.000000  1.000000  1.000000  0.000000  0.000000  0.000000  -0.000000  1.000000  0.000000  -1.000000  -0.000000  0.000000  0.000000  
209.882339 0.012875  0.082051  0.005688  0.992925  0.097087  0.068364  -0.074341  0.059339  0.995466  0.092590  -0.993505  0.066137  -0.000005  0.001437  -0.000551  0.000000  0.000000  0.000000  2.000000  1.000000  0.000000  0.000000  0.000000  -0.000000  1.000000  0.000000  -1.000000  -0.000000  0.999996  -0.000477  0.002908  0.000477  1.000000  0.000148  -0.002908  -0.000146  0.999996  1.000000  0.000000  0.000000  0.000000  1.000000  0.000000  0.000000  0.000000  1.000000  1.000000  0.000000  0.000000  0.000000  -0.000000  1.000000  0.000000  -1.000000  -0.000000  0.000000  0.000000  
209.883665 0.012879  0.082047  0.005690  0.992901  0.096746  0.069198  -0.075161  0.059410  0.995400  0.092190  -0.993534  0.066259  0.000265  0.000974  -0.000330  0.000000  0.000000  0.000000  2.000000  1.000000  0.000000  0.000000  0.000000  -0.000000  1.000000  0.000000  -1.000000  -0.000000  0.999993  -0.000823  0.003753  0.000823  1.000000  0.000103  -0.003753  -0.000100  0.999993  1.000000  0.000000  0.000000  0.000000  1.000000  0.000000  0.000000  0.000000  1.000000  1.000000  0.000000  0.000000  0.000000  -0.000000  1.000000  0.000000  -1.000000  -0.000000  0.000000  0.000000  
209.884822 0.012882  0.082043  0.005693  0.992894  0.096505  0.069626  -0.075572  0.059390  0.995370  0.091924  -0.993559  0.066261  0.000551  0.000455  -0.000081  0.000000  0.000000  0.000000  2.000000  1.000000  0.000000  0.000000  0.000000  -0.000000  1.000000  0.000000  -1.000000  -0.000000  0.999990  -0.001183  0.004393  0.001182  0.999999  0.000161  -0.004393  -0.000155  0.999990  1.000000  0.000000  0.000000  0.000000  1.000000  0.000000  0.000000  0.000000  1.000000  1.000000  0.000000  0.000000  0.000000  -0.000000  1.000000  0.000000  -1.000000  -0.000000  0.000000  0.000000  
209.885836 0.012886  0.082040  0.005694  0.992860  0.096410  0.070250  -0.076186  0.059341  0.995326  0.091790  -0.993571  0.066262  0.000823  0.000165  0.000052  0.008497  -0.182188  -0.041916  2.000000  1.000000  0.000000  0.000000  0.000000  -0.000000  1.000000  0.000000  -1.000000  -0.000000  0.999989  -0.001303  0.004606  0.001302  0.999999  0.000180  -0.004606  -0.000174  0.999989  1.000000  0.000000  0.000000  0.000000  1.000000  0.000000  0.000000  0.000000  1.000000  1.000000  0.000000  0.000000  0.000000  -0.000000  1.000000  0.000000  -1.000000  -0.000000  0.000045  0.000000  
209.887080 0.012891  0.082035  0.005697  0.992797  0.096458  0.071069  -0.077004  0.059261  0.995268  0.091790  -0.993571  0.066262  0.001223  -0.000399  0.000321  0.010425  -0.202925  -0.040570  2.000000  1.000000  -0.000047  0.000196  -0.000196  -0.000009  1.000000  -0.000047  -1.000000  -0.000009  0.999985  -0.001249  0.005424  0.001247  0.999999  0.000256  -0.005425  -0.000250  0.999985  1.000000  -0.000016  0.000068  0.000016  1.000000  0.000003  -0.000068  -0.000003  1.000000  1.000000  -0.000047  0.000196  -0.000196  -0.000009  1.000000  -0.000047  -1.000000  -0.000009  0.000052  0.005572  
209.888080 0.012896  0.082030  0.005699  0.992749  0.096504  0.071672  -0.077617  0.059322  0.995217  0.091790  -0.993563  0.066382  0.001595  -0.000915  0.000530  0.008267  -0.223472  -0.039170  2.000000  1.000000  -0.000093  0.000415  -0.000415  -0.000017  1.000000  -0.000093  -1.000000  -0.000017  0.999981  -0.001207  0.006038  0.001206  0.999999  0.000193  -0.006038  -0.000185  0.999982  1.000000  -0.000015  0.000075  0.000015  1.000000  0.000002  -0.000075  -0.000002  1.000000  1.000000  -0.000093  0.000415  -0.000415  -0.000017  1.000000  -0.000093  -1.000000  -0.000017  0.000055  0.006161  
209.889087 0.012900  0.082025  0.005701  0.992681  0.096432  0.072705  -0.078640  0.059233  0.995142  0.091657  -0.993575  0.066383  0.001897  -0.001446  0.000745  0.011454  -0.258170  -0.041372  2.000000  1.000000  -0.000138  0.000667  -0.000667  -0.000026  1.000000  -0.000138  -1.000000  -0.000026  0.999974  -0.001273  0.007070  0.001271  0.999999  0.000288  -0.007070  -0.000279  0.999975  1.000000  -0.000016  0.000088  0.000016  1.000000  0.000004  -0.000088  -0.000004  1.000000  1.000000  -0.000138  0.000667  -0.000667  -0.000026  1.000000  -0.000138  -1.000000  -0.000026  0.000064  0.007189  
209.890089 0.012904  0.082020  0.005703  0.992652  0.096092  0.073540  -0.079460  0.059307  0.995072  0.091257  -0.993604  0.066506  0.002156  -0.001973  0.000921  0.009886  -0.286680  -0.053001  2.000000  1.000000  -0.000190  0.000947  -0.000947  -0.000038  1.000000  -0.000190  -1.000000  -0.000038  0.999969  -0.001500  0.007701  0.001497  0.999999  0.000346  -0.007701  -0.000334  0.999970  1.000000  -0.000019  0.000096  0.000019  1.000000  0.000004  -0.000096  -0.000004  1.000000  1.000000  -0.000190  0.000947  -0.000947  -0.000038  1.000000  -0.000190  -1.000000  -0.000038  0.000071  0.007853  
209.891339 0.012908  0.082013  0.005705  0.992618  0.095623  0.074599  -0.080486  0.059251  0.994993  0.090724  -0.993653  0.066509  0.002497  -0.002605  0.001146  0.012255  -0.312762  -0.068542  2.000000  0.999999  -0.000279  0.001367  -0.001367  -0.000052  0.999999  -0.000279  -1.000000  -0.000052  0.999960  -0.001965  0.008759  0.001962  0.999998  0.000320  -0.008760  -0.000303  0.999962  1.000000  -0.000025  0.000109  0.000025  1.000000  0.000004  -0.000109  -0.000004  1.000000  0.999999  -0.000279  0.001367  -0.001367  -0.000052  0.999999  -0.000279  -1.000000  -0.000052  0.000079  0.008983  
209.892343 0.012911  0.082007  0.005708  0.992571  0.095296  0.075639  -0.081510  0.059305  0.994906  0.090325  -0.993681  0.066632  0.002755  -0.003187  0.001387  0.011390  -0.350439  -0.080211  2.000000  0.999998  -0.000361  0.001722  -0.001722  -0.000063  0.999999  -0.000361  -1.000000  -0.000063  0.999949  -0.002297  0.009809  0.002294  0.999997  0.000294  -0.009810  -0.000272  0.999952  1.000000  -0.000029  0.000123  0.000029  1.000000  0.000004  -0.000123  -0.000004  1.000000  0.999998  -0.000361  0.001722  -0.001722  -0.000063  0.999999  -0.000361  -1.000000  -0.000063  0.000088  0.010079  
209.893583 0.012914  0.081997  0.005712  0.992501  0.094861  0.077096  -0.082945  0.059333  0.994786  0.089792  -0.993721  0.066756  0.002967  -0.003945  0.001718  0.011594  -0.397601  -0.094404  2.000000  0.999997  -0.000495  0.002254  -0.002254  -0.000077  0.999997  -0.000495  -1.000000  -0.000078  0.999934  -0.002882  0.011081  0.002879  0.999996  0.000288  -0.011082  -0.000256  0.999939  1.000000  -0.000036  0.000139  0.000036  1.000000  0.000003  -0.000139  -0.000003  1.000000  0.999997  -0.000495  0.002254  -0.002254  -0.000077  0.999997  -0.000495  -1.000000  -0.000078  0.000099  0.011453  
209.894821 0.012918  0.081986  0.005718  0.992445  0.094423  0.078338  -0.084175  0.059502  0.994673  0.089259  -0.993752  0.067001  0.003169  -0.004725  0.002174  0.006512  -0.432088  -0.109680  2.000000  0.999996  -0.000650  0.002845  -0.002845  -0.000086  0.999996  -0.000650  -1.000000  -0.000088  0.999921  -0.003211  0.012132  0.003210  0.999995  0.000140  -0.012132  -0.000101  0.999926  1.000000  -0.000040  0.000152  0.000040  1.000000  0.000002  -0.000152  -0.000002  1.000000  0.999996  -0.000650  0.002845  -0.002845  -0.000086  0.999996  -0.000650  -1.000000  -0.000088  0.000109  0.012550  
209.895827 0.012921  0.081977  0.005724  0.992411  0.094094  0.079161  -0.084995  0.059700  0.994591  0.088859  -0.993772  0.067244  0.003271  -0.005191  0.002553  0.000847  -0.464059  -0.122144  2.000000  0.999994  -0.000780  0.003329  -0.003329  -0.000088  0.999994  -0.000780  -1.000000  -0.000091  0.999907  -0.003541  0.013182  0.003541  0.999994  -0.000007  -0.013182  0.000054  0.999913  1.000000  -0.000044  0.000165  0.000044  1.000000  -0.000000  -0.000165  0.000000  1.000000  0.999994  -0.000780  0.003329  -0.003329  -0.000088  0.999994  -0.000780  -1.000000  -0.000091  0.000118  0.013650  
209.896860 0.012923  0.081967  0.005729  0.992359  0.093777  0.080189  -0.086020  0.059878  0.994492  0.088459  -0.993791  0.067487  0.003275  -0.005736  0.002783  -0.004247  -0.498741  -0.133072  2.000000  0.999992  -0.000921  0.003850  -0.003850  -0.000086  0.999993  -0.000921  -1.000000  -0.000089  0.999891  -0.003872  0.014232  0.003873  0.999993  -0.000033  -0.014232  0.000088  0.999899  1.000000  -0.000048  0.000178  0.000048  1.000000  -0.000001  -0.000178  0.000001  1.000000  0.999992  -0.000921  0.003850  -0.003850  -0.000086  0.999993  -0.000921  -1.000000  -0.000089  0.000126  0.014750  
209.898113 0.012926  0.081955  0.005735  0.992299  0.093341  0.081430  -0.087249  0.060050  0.994375  0.087926  -0.993822  0.067732  0.003285  -0.006267  0.003044  -0.009389  -0.534271  -0.148615  2.000000  0.999989  -0.001129  0.004596  -0.004596  -0.000073  0.999989  -0.001129  -0.999999  -0.000078  0.999874  -0.004332  0.015292  0.004337  0.999991  -0.000302  -0.015291  0.000368  0.999883  1.000000  -0.000054  0.000191  0.000054  1.000000  -0.000004  -0.000191  0.000004  1.000000  0.999989  -0.001129  0.004596  -0.004596  -0.000073  0.999989  -0.001129  -0.999999  -0.000078  0.000135  0.015898  
209.899342 0.012929  0.081943  0.005739  0.992219  0.092928  0.082866  -0.088684  0.060325  0.994231  0.087393  -0.993844  0.068097  0.003211  -0.006872  0.003188  -0.017387  -0.584117  -0.163344  2.000000  0.999984  -0.001359  0.005408  -0.005408  -0.000051  0.999985  -0.001359  -0.999999  -0.000059  0.999852  -0.004780  0.016557  0.004788  0.999988  -0.000430  -0.016555  0.000509  0.999863  1.000000  -0.000060  0.000207  0.000060  1.000000  -0.000006  -0.000207  0.000006  1.000000  0.999984  -0.001359  0.005408  -0.005408  -0.000051  0.999985  -0.001359  -0.999999  -0.000059  0.000148  0.017240  
209.900576 0.012933  0.081929  0.005741  0.992136  0.092505  0.084312  -0.090118  0.060480  0.994093  0.086860  -0.993874  0.068341  0.003167  -0.007450  0.003169  -0.021343  -0.633975  -0.178100  2.000000  0.999979  -0.001615  0.006290  -0.006290  -0.000019  0.999980  -0.001615  -0.999999  -0.000029  0.999820  -0.005198  0.018231  0.005210  0.999986  -0.000642  -0.018227  0.000737  0.999834  1.000000  -0.000065  0.000228  0.000065  1.000000  -0.000009  -0.000228  0.000009  1.000000  0.999979  -0.001615  0.006290  -0.006290  -0.000019  0.999980  -0.001615  -0.999999  -0.000029  0.000163  0.018971  
209.901826 0.012937  0.081915  0.005743  0.992070  0.092081  0.085543  -0.091347  0.060776  0.993963  0.086326  -0.993895  0.068706  0.003135  -0.008078  0.003097  -0.030399  -0.664484  -0.192117  2.000000  0.999972  -0.001893  0.007244  -0.007244  0.000021  0.999974  -0.001894  -0.999998  0.000008  0.999793  -0.005778  0.019505  0.005794  0.999983  -0.000770  -0.019500  0.000883  0.999809  1.000000  -0.000072  0.000244  0.000072  1.000000  -0.000010  -0.000244  0.000010  1.000000  0.999972  -0.001893  0.007244  -0.007244  0.000021  0.999974  -0.001894  -0.999998  0.000008  0.000171  0.020361  
209.903075 0.012942  0.081902  0.005744  0.992003  0.091648  0.086785  -0.092577  0.060953  0.993838  0.085793  -0.993924  0.068950  0.003073  -0.008538  0.003057  -0.035224  -0.711740  -0.208549  2.000000  0.999961  -0.002266  0.008513  -0.008513  0.000086  0.999964  -0.002267  -0.999997  0.000066  0.999766  -0.006088  0.020762  0.006111  0.999981  -0.001020  -0.020755  0.001147  0.999784  1.000000  -0.000076  0.000260  0.000076  1.000000  -0.000014  -0.000260  0.000014  1.000000  0.999961  -0.002266  0.008513  -0.008513  0.000086  0.999964  -0.002267  -0.999997  0.000066  0.000184  0.021665  
209.904343 0.012947  0.081887  0.005746  0.991933  0.091225  0.088016  -0.093806  0.061252  0.993704  0.085260  -0.993945  0.069315  0.003037  -0.009152  0.002993  -0.043901  -0.753770  -0.223406  2.000000  0.999948  -0.002664  0.009845  -0.009845  0.000166  0.999952  -0.002666  -0.999996  0.000140  0.999745  -0.006559  0.021619  0.006589  0.999977  -0.001308  -0.021610  0.001450  0.999765  1.000000  -0.000082  0.000270  0.000082  1.000000  -0.000017  -0.000270  0.000017  1.000000  0.999948  -0.002664  0.009845  -0.009845  0.000166  0.999952  -0.002666  -0.999996  0.000140  0.000195  0.022636  
209.905575 0.012952  0.081871  0.005747  0.991850  0.090936  0.089238  -0.095035  0.061538  0.993570  0.084860  -0.993954  0.069679  0.003110  -0.009763  0.002893  -0.053225  -0.789636  -0.234530  2.000000  0.999936  -0.002999  0.010950  -0.010949  0.000244  0.999940  -0.003001  -0.999995  0.000212  0.999729  -0.006776  0.022254  0.006811  0.999976  -0.001500  -0.022243  0.001651  0.999751  1.000000  -0.000085  0.000278  0.000085  1.000000  -0.000020  -0.000278  0.000020  1.000000  0.999936  -0.002999  0.010950  -0.010949  0.000244  0.999940  -0.003001  -0.999995  0.000212  0.000205  0.023318  
209.906577 0.012955  0.081858  0.005748  0.991797  0.090492  0.090276  -0.096060  0.061737  0.993459  0.084327  -0.993982  0.069923  0.003101  -0.010339  0.002835  -0.058522  -0.825465  -0.250079  2.000000  0.999922  -0.003334  0.012065  -0.012064  0.000333  0.999927  -0.003338  -0.999994  0.000293  0.999729  -0.006770  0.022257  0.006811  0.999975  -0.001751  -0.022244  0.001902  0.999751  1.000000  -0.000085  0.000278  0.000085  1.000000  -0.000023  -0.000278  0.000023  1.000000  0.999922  -0.003334  0.012065  -0.012064  0.000333  0.999927  -0.003338  -0.999994  0.000293  0.000213  0.023337  
209.907829 0.012959  0.081839  0.005747  0.991702  0.090085  0.091712  -0.097494  0.062020  0.993302  0.083793  -0.994001  0.070288  0.003103  -0.010956  0.002526  -0.066673  -0.874862  -0.264560  2.000000  0.999902  -0.003753  0.013469  -0.013467  0.000458  0.999909  -0.003758  -0.999993  0.000407  0.999720  -0.006737  0.022668  0.006780  0.999975  -0.001847  -0.022655  0.002000  0.999741  1.000000  -0.000084  0.000283  0.000084  1.000000  -0.000024  -0.000283  0.000024  1.000000  0.999902  -0.003753  0.013469  -0.013467  0.000458  0.999909  -0.003758  -0.999993  0.000407  0.000225  0.023728  
209.909069 0.012963  0.081820  0.005747  0.991626  0.089666  0.092944  -0.098723  0.062323  0.993161  0.083260  -0.994020  0.070653  0.003169  -0.011557  0.002168  -0.075484  -0.903457  -0.277799  2.000000  0.999885  -0.004096  0.014626  -0.014624  0.000569  0.999893  -0.004103  -0.999991  0.000510  0.999700  -0.006939  0.023508  0.006991  0.999973  -0.002142  -0.023492  0.002306  0.999721  1.000000  -0.000087  0.000294  0.000087  1.000000  -0.000028  -0.000294  0.000028  1.000000  0.999885  -0.004096  0.014626  -0.014624  0.000569  0.999893  -0.004103  -0.999991  0.000510  0.000235  0.024614  
209.910073 0.012967  0.081803  0.005745  0.991577  0.089343  0.093768  -0.099543  0.062530  0.993067  0.082860  -0.994036  0.070897  0.003187  -0.012094  0.001678  -0.083266  -0.925162  -0.287951  2.000000  0.999865  -0.004450  0.015800  -0.015797  0.000696  0.999875  -0.004461  -0.999990  0.000625  0.999697  -0.007200  0.023529  0.007258  0.999971  -0.002387  -0.023511  0.002557  0.999720  1.000000  -0.000090  0.000294  0.000090  1.000000  -0.000031  -0.000294  0.000031  1.000000  0.999865  -0.004450  0.015800  -0.015797  0.000696  0.999875  -0.004461  -0.999990  0.000625  0.000241  0.024732  
209.911318 0.012972  0.081783  0.005742  0.991507  0.089045  0.094786  -0.100567  0.062839  0.992944  0.082460  -0.994043  0.071261  0.003304  -0.012664  0.001069  -0.090389  -0.925011  -0.289410  2.000000  0.999839  -0.004916  0.017272  -0.017268  0.000870  0.999851  -0.004930  -0.999988  0.000785  0.999694  -0.007591  0.023560  0.007655  0.999967  -0.002630  -0.023539  0.002809  0.999719  1.000000  -0.000095  0.000294  0.000095  1.000000  -0.000034  -0.000294  0.000034  1.000000  0.999839  -0.004916  0.017272  -0.017268  0.000870  0.999851  -0.004930  -0.999988  0.000785  0.000243  0.024905  
209.912321 0.012978  0.081767  0.005740  0.991446  0.088867  0.095590  -0.101386  0.063154  0.992841  0.082193  -0.994039  0.071624  0.003516  -0.013062  0.000532  -0.102834  -0.924850  -0.284809  2.000000  0.999816  -0.005302  0.018435  -0.018430  0.001025  0.999830  -0.005320  -0.999985  0.000927  0.999702  -0.007745  0.023164  0.007817  0.999965  -0.003034  -0.023140  0.003214  0.999727  1.000000  -0.000097  0.000289  0.000097  1.000000  -0.000039  -0.000289  0.000039  1.000000  0.999816  -0.005302  0.018435  -0.018430  0.001025  0.999830  -0.005320  -0.999985  0.000927  0.000243  0.024626  
209.913322 0.012984  0.081752  0.005736  0.991405  0.088664  0.096201  -0.102000  0.063368  0.992764  0.081927  -0.994044  0.071867  0.003817  -0.013454  -0.000047  -0.107069  -0.924469  -0.284500  2.000000  0.999792  -0.005682  0.019572  -0.019566  0.001198  0.999808  -0.005705  -0.999983  0.001087  0.999718  -0.007513  0.022535  0.007590  0.999966  -0.003344  -0.022509  0.003514  0.999740  1.000000  -0.000094  0.000282  0.000094  1.000000  -0.000043  -0.000282  0.000043  1.000000  0.999792  -0.005682  0.019572  -0.019566  0.001198  0.999808  -0.005705  -0.999983  0.001087  0.000243  0.024003  
209.914575 0.012993  0.081734  0.005731  0.991332  0.088380  0.097209  -0.103024  0.063799  0.992631  0.081527  -0.994042  0.072351  0.004246  -0.013726  -0.000579  -0.123415  -0.945878  -0.285636  2.000000  0.999761  -0.006145  0.020971  -0.020962  0.001436  0.999779  -0.006174  -0.999980  0.001306  0.999728  -0.007397  0.022122  0.007482  0.999965  -0.003759  -0.022093  0.003924  0.999748  1.000000  -0.000093  0.000276  0.000093  1.000000  -0.000048  -0.000276  0.000048  1.000000  0.999761  -0.006145  0.020971  -0.020962  0.001436  0.999779  -0.006174  -0.999980  0.001306  0.000247  0.023642  
209.915579 0.013001  0.081722  0.005728  0.991301  0.088070  0.097808  -0.103640  0.064268  0.992536  0.081127  -0.994039  0.072836  0.004579  -0.013893  -0.000905  -0.138230  -0.945677  -0.291492  2.000000  0.999736  -0.006501  0.022053  -0.022043  0.001644  0.999756  -0.006536  -0.999978  0.001500  0.999744  -0.007032  0.021483  0.007121  0.999966  -0.004071  -0.021453  0.004223  0.999761  1.000000  -0.000088  0.000268  0.000088  1.000000  -0.000052  -0.000268  0.000052  1.000000  0.999736  -0.006501  0.022053  -0.022043  0.001644  0.999756  -0.006536  -0.999978  0.001500  0.000248  0.022984  
209.916836 0.013012  0.081706  0.005725  0.991258  0.087641  0.098622  -0.104461  0.064732  0.992420  0.080593  -0.994047  0.073321  0.004982  -0.014007  -0.001192  -0.156504  -0.947845  -0.312054  2.000000  0.999709  -0.006855  0.023118  -0.023106  0.001868  0.999731  -0.006897  -0.999975  0.001709  0.999748  -0.007170  0.021292  0.007264  0.999964  -0.004340  -0.021260  0.004494  0.999764  1.000000  -0.000090  0.000266  0.000090  1.000000  -0.000055  -0.000266  0.000055  1.000000  0.999709  -0.006855  0.023118  -0.023106  0.001868  0.999731  -0.006897  -0.999975  0.001709  0.000253  0.022899  
209.918075 0.013024  0.081689  0.005723  0.991182  0.087360  0.099630  -0.105484  0.065166  0.992283  0.080193  -0.994043  0.073806  0.005448  -0.014206  -0.001438  -0.166392  -0.954996  -0.321670  2.000000  0.999675  -0.007295  0.024409  -0.024393  0.002163  0.999700  -0.007346  -0.999971  0.001984  0.999769  -0.007100  0.020265  0.007194  0.999964  -0.004565  -0.020232  0.004710  0.999784  1.000000  -0.000089  0.000253  0.000089  1.000000  -0.000058  -0.000253  0.000058  1.000000  0.999675  -0.007295  0.024409  -0.024393  0.002163  0.999700  -0.007346  -0.999971  0.001984  0.000255  0.021969  
209.919075 0.013033  0.081675  0.005721  0.991149  0.087040  0.100241  -0.106100  0.065515  0.992195  0.079793  -0.994048  0.074170  0.005827  -0.014395  -0.001701  -0.179989  -0.942270  -0.331431  2.000000  0.999648  -0.007639  0.025412  -0.025394  0.002409  0.999675  -0.007698  -0.999968  0.002215  0.999780  -0.006855  0.019839  0.006951  0.999965  -0.004733  -0.019806  0.004870  0.999792  1.000000  -0.000086  0.000248  0.000086  1.000000  -0.000060  -0.000248  0.000060  1.000000  0.999648  -0.007639  0.025412  -0.025394  0.002409  0.999675  -0.007698  -0.999968  0.002215  0.000253  0.021534  
209.920335 0.013044  0.081657  0.005720  0.991104  0.086864  0.100831  -0.106714  0.065971  0.992099  0.079526  -0.994033  0.074654  0.006246  -0.014475  -0.001853  -0.195877  -0.929025  -0.326411  2.000000  0.999613  -0.008051  0.026621  -0.026600  0.002729  0.999642  -0.008120  -0.999964  0.002514  0.999798  -0.006506  0.018996  0.006600  0.999966  -0.004938  -0.018963  0.005063  0.999807  1.000000  -0.000082  0.000237  0.000082  1.000000  -0.000063  -0.000237  0.000063  1.000000  0.999613  -0.008051  0.026621  -0.026600  0.002729  0.999642  -0.008120  -0.999964  0.002514  0.000252  0.020694  
209.921571 0.013054  0.081638  0.005717  0.991049  0.086834  0.101401  -0.107327  0.066534  0.991995  0.079393  -0.993999  0.075258  0.006604  -0.014647  -0.002023  -0.214311  -0.907787  -0.314160  2.000000  0.999579  -0.008437  0.027752  -0.027727  0.003064  0.999611  -0.008518  -0.999960  0.002828  0.999823  -0.006185  0.017744  0.006280  0.999966  -0.005299  -0.017710  0.005410  0.999829  1.000000  -0.000078  0.000222  0.000078  1.000000  -0.000067  -0.000222  0.000067  1.000000  0.999579  -0.008437  0.027752  -0.027727  0.003064  0.999611  -0.008518  -0.999960  0.002828  0.000249  0.019540  
209.922571 0.013063  0.081623  0.005715  0.990993  0.086780  0.101992  -0.107941  0.066855  0.991907  0.079259  -0.993982  0.075620  0.006971  -0.014640  -0.002150  -0.227974  -0.892968  -0.301454  2.000000  0.999553  -0.008721  0.028603  -0.028575  0.003343  0.999586  -0.008813  -0.999956  0.003092  0.999841  -0.005706  0.016888  0.005797  0.999969  -0.005379  -0.016857  0.005476  0.999843  1.000000  -0.000072  0.000211  0.000072  1.000000  -0.000068  -0.000211  0.000068  1.000000  0.999553  -0.008721  0.028603  -0.028575  0.003343  0.999586  -0.008813  -0.999956  0.003092  0.000244  0.018635  
209.923821 0.013074  0.081603  0.005711  0.990936  0.086752  0.102562  -0.108554  0.067418  0.991802  0.079126  -0.993946  0.076224  0.007495  -0.014716  -0.002437  -0.242263  -0.871547  -0.289110  2.000000  0.999520  -0.009060  0.029632  -0.029599  0.003708  0.999555  -0.009166  -0.999952  0.003438  0.999853  -0.005475  0.016258  0.005570  0.999968  -0.005804  -0.016226  0.005894  0.999851  1.000000  -0.000069  0.000203  0.000069  1.000000  -0.000073  -0.000203  0.000073  1.000000  0.999520  -0.009060  0.029632  -0.029599  0.003708  0.999555  -0.009166  -0.999952  0.003438  0.000238  0.018126  
209.924821 0.013083  0.081585  0.005706  0.990902  0.086697  0.102939  -0.108963  0.067878  0.991726  0.078993  -0.993920  0.076707  0.007903  -0.014833  -0.002666  -0.255067  -0.849959  -0.279551  2.000000  0.999500  -0.009258  0.030232  -0.030197  0.003939  0.999536  -0.009373  -0.999949  0.003657  0.999860  -0.005364  0.015842  0.005461  0.999967  -0.006086  -0.015809  0.006171  0.999856  1.000000  -0.000068  0.000198  0.000068  1.000000  -0.000077  -0.000198  0.000077  1.000000  0.999500  -0.009258  0.030232  -0.030197  0.003939  0.999536  -0.009373  -0.999949  0.003657  0.000235  0.017814  
209.925826 0.013093  0.081568  0.005701  0.990856  0.086512  0.103540  -0.109577  0.068214  0.991635  0.078726  -0.993913  0.077070  0.008316  -0.014872  -0.002850  -0.258492  -0.843022  -0.278643  2.000000  0.999474  -0.009510  0.031010  -0.030971  0.004253  0.999511  -0.009637  -0.999946  0.003956  0.999871  -0.005138  0.015211  0.005232  0.999967  -0.006146  -0.015178  0.006225  0.999865  1.000000  -0.000065  0.000190  0.000065  1.000000  -0.000077  -0.000190  0.000077  1.000000  0.999474  -0.009510  0.031010  -0.030971  0.004253  0.999511  -0.009637  -0.999946  0.003956  0.000232  0.017206  
209.927069 0.013107  0.081547  0.005694  0.990809  0.086353  0.104121  -0.110192  0.068792  0.991527  0.078459  -0.993887  0.077675  0.008746  -0.014903  -0.003088  -0.271531  -0.822316  -0.273682  2.000000  0.999442  -0.009813  0.031942  -0.031897  0.004660  0.999480  -0.009956  -0.999941  0.004345  0.999882  -0.004909  0.014580  0.005004  0.999967  -0.006448  -0.014548  0.006520  0.999873  1.000000  -0.000062  0.000182  0.000062  1.000000  -0.000081  -0.000182  0.000081  1.000000  0.999442  -0.009813  0.031942  -0.031897  0.004660  0.999480  -0.009956  -0.999941  0.004345  0.000227  0.016696  
209.928071 0.013118  0.081532  0.005689  0.990784  0.086168  0.104508  -0.110602  0.069267  0.991448  0.078192  -0.993870  0.078159  0.009104  -0.014892  -0.003182  -0.283129  -0.802510  -0.268010  2.000000  0.999416  -0.010044  0.032660  -0.032611  0.005003  0.999456  -0.010201  -0.999937  0.004672  0.999889  -0.004667  0.014153  0.004763  0.999966  -0.006731  -0.014121  0.006797  0.999877  1.000000  -0.000059  0.000177  0.000059  1.000000  -0.000085  -0.000177  0.000085  1.000000  0.999416  -0.010044  0.032660  -0.032611  0.005003  0.999456  -0.010201  -0.999937  0.004672  0.000226  0.016366  
209.929071 0.013130  0.081518  0.005684  0.990739  0.086248  0.104874  -0.111010  0.069712  0.991371  0.078192  -0.993832  0.078641  0.009418  -0.014933  -0.003250  -0.292759  -0.780253  -0.255575  2.000000  0.999392  -0.010258  0.033336  -0.033282  0.005358  0.999432  -0.010431  -0.999933  0.005014  0.999905  -0.004340  0.013102  0.004433  0.999965  -0.007066  -0.013070  0.007123  0.999889  1.000000  -0.000055  0.000164  0.000055  1.000000  -0.000089  -0.000164  0.000089  1.000000  0.999392  -0.010258  0.033336  -0.033282  0.005358  0.999432  -0.010431  -0.999933  0.005014  0.000220  0.015519  
209.930071 0.013142  0.081505  0.005680  0.990693  0.086327  0.105240  -0.111418  0.070158  0.991294  0.078192  -0.993793  0.079123  0.009693  -0.014922  -0.003364  -0.303313  -0.751737  -0.239513  2.000000  0.999368  -0.010451  0.033977  -0.033919  0.005724  0.999408  -0.010640  -0.999929  0.005366  0.999912  -0.003965  0.012663  0.004057  0.999966  -0.007226  -0.012634  0.007277  0.999894  1.000000  -0.000050  0.000158  0.000050  1.000000  -0.000091  -0.000158  0.000091  1.000000  0.999368  -0.010451  0.033977  -0.033919  0.005724  0.999408  -0.010640  -0.999929  0.005366  0.000213  0.015122  
209.931321 0.013157  0.081487  0.005674  0.990624  0.086422  0.105811  -0.112030  0.070585  0.991195  0.078192  -0.993755  0.079605  0.009996  -0.015014  -0.003493  -0.309803  -0.723213  -0.223425  2.000000  0.999339  -0.010668  0.034748  -0.034683  0.006193  0.999379  -0.010876  -0.999924  0.005819  0.999922  -0.003474  0.012010  0.003563  0.999966  -0.007405  -0.011983  0.007447  0.999900  1.000000  -0.000044  0.000150  0.000044  1.000000  -0.000093  -0.000150  0.000093  1.000000  0.999339  -0.010668  0.034748  -0.034683  0.006193  0.999379  -0.010876  -0.999924  0.005819  0.000205  0.014541  
209.932326 0.013169  0.081473  0.005670  0.990590  0.086620  0.105962  -0.112232  0.071033  0.991140  0.078326  -0.993706  0.080086  0.010176  -0.015111  -0.003621  -0.320196  -0.694578  -0.207381  2.000000  0.999322  -0.010785  0.035195  -0.035126  0.006486  0.999362  -0.011006  -0.999921  0.006102  0.999925  -0.003218  0.011785  0.003310  0.999964  -0.007787  -0.011760  0.007825  0.999900  1.000000  -0.000041  0.000147  0.000041  1.000000  -0.000098  -0.000147  0.000098  1.000000  0.999322  -0.010785  0.035195  -0.035126  0.006486  0.999362  -0.011006  -0.999921  0.006102  0.000200  0.014498  
209.933580 0.013183  0.081454  0.005665  0.990544  0.086727  0.106307  -0.112640  0.071719  0.991044  0.078326  -0.993647  0.080810  0.010337  -0.015301  -0.003843  -0.338050  -0.664627  -0.193346  2.000000  0.999295  -0.010957  0.035917  -0.035841  0.006990  0.999333  -0.011201  -0.999916  0.006593  0.999932  -0.002842  0.011347  0.002934  0.999963  -0.008068  -0.011323  0.008100  0.999903  1.000000  -0.000036  0.000142  0.000036  1.000000  -0.000101  -0.000142  0.000101  1.000000  0.999295  -0.010957  0.035917  -0.035841  0.006990  0.999333  -0.011201  -0.999916  0.006593  0.000194  0.014219  
209.934829 0.013197  0.081432  0.005660  0.990474  0.086836  0.106867  -0.113252  0.072266  0.990935  0.078326  -0.993598  0.081412  0.010507  -0.015524  -0.004051  -0.348100  -0.642796  -0.176670  2.000000  0.999268  -0.011107  0.036606  -0.036524  0.007509  0.999305  -0.011374  -0.999910  0.007098  0.999940  -0.002485  0.010702  0.002573  0.999963  -0.008244  -0.010682  0.008271  0.999909  1.000000  -0.000032  0.000134  0.000032  1.000000  -0.000103  -0.000134  0.000103  1.000000  0.999268  -0.011107  0.036606  -0.036524  0.007509  0.999305  -0.011374  -0.999910  0.007098  0.000188  0.013744  
209.936070 0.013209  0.081409  0.005654  0.990427  0.086944  0.107211  -0.113660  0.072952  0.990838  0.078326  -0.993539  0.082135  0.010631  -0.015799  -0.004361  -0.363267  -0.616218  -0.163155  2.000000  0.999242  -0.011229  0.037271  -0.037182  0.008040  0.999276  -0.011521  -0.999905  0.007617  0.999943  -0.002094  0.010467  0.002183  0.999961  -0.008507  -0.010449  0.008529  0.999909  1.000000  -0.000027  0.000131  0.000027  1.000000  -0.000106  -0.000131  0.000106  1.000000  0.999242  -0.011229  0.037271  -0.037182  0.008040  0.999276  -0.011521  -0.999905  0.007617  0.000185  0.013657  
209.937073 0.013219  0.081391  0.005651  0.990381  0.087039  0.107567  -0.114068  0.073517  0.990749  0.078326  -0.993489  0.082738  0.010700  -0.016018  -0.004452  -0.377152  -0.594744  -0.151107  2.000000  0.999222  -0.011303  0.037774  -0.037679  0.008471  0.999254  -0.011615  -0.999900  0.008039  0.999951  -0.001606  0.009811  0.001690  0.999962  -0.008562  -0.009797  0.008578  0.999915  1.000000  -0.000021  0.000123  0.000021  1.000000  -0.000107  -0.000123  0.000107  1.000000  0.999222  -0.011303  0.037774  -0.037679  0.008471  0.999254  -0.011615  -0.999900  0.008039  0.000181  0.013126  
209.938331 0.013231  0.081368  0.005646  0.990334  0.087148  0.107911  -0.114475  0.074202  0.990651  0.078326  -0.993428  0.083461  0.010811  -0.016162  -0.004456  -0.396249  -0.557035  -0.132868  2.000000  0.999199  -0.011366  0.038376  -0.038274  0.009025  0.999227  -0.011704  -0.999895  0.008582  0.999956  -0.001099  0.009359  0.001182  0.999960  -0.008843  -0.009349  0.008853  0.999917  1.000000  -0.000014  0.000117  0.000014  1.000000  -0.000111  -0.000117  0.000111  1.000000  0.999199  -0.011366  0.038376  -0.038274  0.009025  0.999227  -0.011704  -0.999895  0.008582  0.000176  0.012926  
209.939570 0.013244  0.081347  0.005644  0.990276  0.087389  0.108244  -0.114882  0.074872  0.990554  0.078459  -0.993357  0.084183  0.010923  -0.016136  -0.004213  -0.406160  -0.537301  -0.114701  2.000000  0.999176  -0.011400  0.038944  -0.038836  0.009593  0.999200  -0.011765  -0.999889  0.009142  0.999960  -0.000593  0.008906  0.000675  0.999958  -0.009121  -0.008900  0.009127  0.999919  1.000000  -0.000008  0.000111  0.000008  1.000000  -0.000114  -0.000111  0.000114  1.000000  0.999176  -0.011400  0.038944  -0.038836  0.009593  0.999200  -0.011765  -0.999889  0.009142  0.000172  0.012764  
209.940821 0.013258  0.081326  0.005642  0.990218  0.087631  0.108577  -0.115288  0.075541  0.990456  0.078592  -0.993285  0.084905  0.010975  -0.016140  -0.003908  -0.424087  -0.512548  -0.095094  2.000000  0.999159  -0.011406  0.039384  -0.039270  0.010064  0.999178  -0.011793  -0.999884  0.009608  0.999964  -0.000354  0.008475  0.000435  0.999953  -0.009640  -0.008471  0.009644  0.999918  1.000000  -0.000005  0.000106  0.000005  1.000000  -0.000121  -0.000106  0.000121  1.000000  0.999159  -0.011406  0.039384  -0.039270  0.010064  0.999178  -0.011793  -0.999884  0.009608  0.000168  0.012842  
209.941822 0.013269  0.081309  0.005642  0.990184  0.087844  0.108717  -0.115491  0.076108  0.990388  0.078726  -0.993222  0.085507  0.010990  -0.016132  -0.003560  -0.433882  -0.490831  -0.083012  2.000000  0.999142  -0.011396  0.039812  -0.039692  0.010546  0.999156  -0.011807  -0.999879  0.010085  0.999964  -0.000083  0.008452  0.000164  0.999954  -0.009642  -0.008451  0.009643  0.999918  1.000000  -0.000002  0.000106  0.000002  1.000000  -0.000121  -0.000106  0.000121  1.000000  0.999142  -0.011396  0.039812  -0.039692  0.010546  0.999156  -0.011807  -0.999879  0.010085  0.000166  0.012823  
209.942823 0.013280  0.081293  0.005641  0.990126  0.088061  0.109070  -0.115897  0.076537  0.990308  0.078859  -0.993170  0.085988  0.011008  -0.016196  -0.003261  -0.438569  -0.482948  -0.069905  2.000000  0.999126  -0.011376  0.040234  -0.040109  0.011036  0.999134  -0.011811  -0.999874  0.010570  0.999964  0.000055  0.008441  0.000028  0.999951  -0.009885  -0.008441  0.009885  0.999916  1.000000  0.000000  0.000106  -0.000000  1.000000  -0.000124  -0.000106  0.000124  1.000000  0.999126  -0.011376  0.040234  -0.040109  0.011036  0.999134  -0.011811  -0.999874  0.010570  0.000166  0.012999  
209.944071 0.013296  0.081273  0.005640  0.990078  0.088172  0.109414  -0.116305  0.077222  0.990207  0.078859  -0.993108  0.086710  0.011069  -0.016356  -0.002969  -0.448565  -0.460991  -0.053338  2.000000  0.999105  -0.011337  0.040749  -0.040617  0.011659  0.999107  -0.011802  -0.999868  0.011188  0.999966  0.000310  0.008213  -0.000228  0.999950  -0.010024  -0.008216  0.010022  0.999916  1.000000  0.000003  0.000103  -0.000003  1.000000  -0.000125  -0.000103  0.000125  1.000000  0.999105  -0.011337  0.040749  -0.040617  0.011659  0.999107  -0.011802  -0.999868  0.011188  0.000163  0.012962  
209.945072 0.013308  0.081256  0.005638  0.990030  0.088270  0.109768  -0.116713  0.077786  0.990115  0.078859  -0.993055  0.087313  0.011010  -0.016684  -0.002758  -0.457073  -0.456518  -0.043813  2.000000  0.999089  -0.011293  0.041151  -0.041014  0.012160  0.999085  -0.011784  -0.999862  0.011685  0.999968  0.000564  0.007985  -0.000484  0.999949  -0.010042  -0.007990  0.010038  0.999918  1.000000  0.000007  0.000100  -0.000007  1.000000  -0.000126  -0.000100  0.000126  1.000000  0.999089  -0.011293  0.041151  -0.041014  0.012160  0.999085  -0.011784  -0.999862  0.011685  0.000163  0.012841  
209.946072 0.013320  0.081238  0.005636  0.989971  0.088501  0.110110  -0.117119  0.078334  0.990024  0.078993  -0.992991  0.087914  0.011024  -0.016890  -0.002582  -0.466335  -0.441480  -0.026912  2.000000  0.999073  -0.011235  0.041545  -0.041402  0.012668  0.999062  -0.011751  -0.999857  0.012191  0.999970  0.000951  0.007745  -0.000871  0.999947  -0.010303  -0.007754  0.010296  0.999917  1.000000  0.000011  0.000097  -0.000011  1.000000  -0.000129  -0.000097  0.000129  1.000000  0.999073  -0.011235  0.041545  -0.041402  0.012668  0.999062  -0.011751  -0.999857  0.012191  0.000161  0.012922  
209.947321 0.013335  0.081216  0.005633  0.989888  0.088762  0.110646  -0.117729  0.078984  0.989900  0.079126  -0.992916  0.088636  0.011047  -0.017183  -0.002463  -0.474962  -0.433171  -0.009415  2.000000  0.999058  -0.011161  0.041932  -0.041784  0.013190  0.999040  -0.011704  -0.999851  0.012711  0.999971  0.001205  0.007516  -0.001126  0.999944  -0.010563  -0.007529  0.010554  0.999916  1.000000  0.000015  0.000094  -0.000015  1.000000  -0.000132  -0.000094  0.000132  1.000000  0.999058  -0.011161  0.041932  -0.041784  0.013190  0.999040  -0.011704  -0.999851  0.012711  0.000161  0.013017  
209.948324 0.013346  0.081196  0.005630  0.989854  0.088991  0.110773  -0.117932  0.079671  0.989821  0.079259  -0.992841  0.089357  0.011059  -0.017460  -0.002355  -0.484741  -0.411261  0.006947  2.000000  0.999043  -0.011071  0.042313  -0.042160  0.013719  0.999017  -0.011640  -0.999845  0.013239  0.999971  0.001476  0.007492  -0.001396  0.999942  -0.010686  -0.007507  0.010675  0.999915  1.000000  0.000018  0.000094  -0.000018  1.000000  -0.000134  -0.000094  0.000134  1.000000  0.999043  -0.011071  0.042313  -0.042160  0.013719  0.999017  -0.011640  -0.999845  0.013239  0.000159  0.013130  
209.949327 0.013358  0.081176  0.005629  0.989805  0.089091  0.111126  -0.118339  0.080234  0.989726  0.079259  -0.992787  0.089959  0.011138  -0.017674  -0.002191  -0.493377  -0.407001  0.015624  2.000000  0.999028  -0.010965  0.042688  -0.042530  0.014255  0.998994  -0.011562  -0.999838  0.013775  0.999971  0.001747  0.007467  -0.001666  0.999940  -0.010808  -0.007485  0.010795  0.999914  1.000000  0.000021  0.000093  -0.000021  1.000000  -0.000135  -0.000093  0.000135  1.000000  0.999028  -0.010965  0.042688  -0.042530  0.014255  0.998994  -0.011562  -0.999838  0.013775  0.000159  0.013247  
209.950572 0.013373  0.081149  0.005627  0.989721  0.089354  0.111661  -0.118949  0.080884  0.989600  0.079393  -0.992710  0.090681  0.011280  -0.018002  -0.001932  -0.501582  -0.402624  0.029055  2.000000  0.999010  -0.010826  0.043154  -0.042990  0.014935  0.998964  -0.011459  -0.999830  0.014455  0.999972  0.001868  0.007249  -0.001788  0.999937  -0.011067  -0.007269  0.011054  0.999912  1.000000  0.000023  0.000091  -0.000023  1.000000  -0.000138  -0.000091  0.000138  1.000000  0.999010  -0.010826  0.043154  -0.042990  0.014935  0.998964  -0.011459  -0.999830  0.014455  0.000161  0.013356  
209.951573 0.013385  0.081127  0.005627  0.989672  0.089455  0.112014  -0.119357  0.081447  0.989505  0.079393  -0.992655  0.091283  0.011422  -0.018209  -0.001677  -0.506371  -0.398739  0.033451  2.000000  0.998995  -0.010710  0.043530  -0.043362  0.015489  0.998939  -0.011372  -0.999823  0.015009  0.999970  0.001891  0.007452  -0.001807  0.999935  -0.011293  -0.007473  0.011280  0.999908  1.000000  0.000023  0.000093  -0.000023  1.000000  -0.000141  -0.000093  0.000141  1.000000  0.998995  -0.010710  0.043530  -0.043362  0.015489  0.998939  -0.011372  -0.999823  0.015009  0.000162  0.013657  
