1-Time 2-Px 3-Py 4-Pz 5-R11 6-R21 7-R31 8-R12 9-R22 10-R32 11-R13 12-R23 13-R33 14-Vx 15-Vy 16-Vz 17-Wx 18-Wy 19-Wz 20-state 21-PR11 22-PR21 23-PR31 24-PR12 25-PR22 26-PR32 27-PR13 28-PR23 29-PR33 
85.369691 0.010387  0.093349  0.001696  0.994043  0.089476  -0.062228  0.055516  0.075643  0.995588  0.093789  -0.993112  0.070225  0.000038  -0.000036  -0.000055  0.000000  0.000000  0.000000  2.000000  1.000000  0.000000  0.000000  0.000000  -0.000000  1.000000  0.000000  -1.000000  -0.000000  1.000000  -0.000000  -0.000000  0.000000  1.000000  0.000121  -0.000000  -0.000121  1.000000  1.000000  0.000000  0.000000  0.000000  1.000000  0.000000  0.000000  0.000000  1.000000  0.663197  0.597369  0.450910  -0.416698  -0.205749  0.885455  0.621718  -0.775124  0.112470  0.000000  0.000000  
85.370695 0.010387  0.093349  0.001697  0.994043  0.089469  -0.062239  0.055516  0.075764  0.995579  0.093789  -0.993104  0.070346  0.000047  -0.000062  -0.000043  0.000000  0.000000  0.000000  2.000000  1.000000  0.000000  0.000000  0.000000  -0.000000  1.000000  0.000000  -1.000000  -0.000000  1.000000  -0.000000  -0.000000  0.000000  1.000000  0.000121  -0.000000  -0.000121  1.000000  1.000000  0.000000  0.000000  0.000000  1.000000  0.000000  0.000000  0.000000  1.000000  1.000000  0.000000  0.000000  0.000000  -0.000000  1.000000  0.000000  -1.000000  -0.000000  0.000000  0.000000  
85.371697 0.010389  0.093349  0.001697  0.994053  0.089633  -0.061839  0.055106  0.075735  0.995604  0.093922  -0.993091  0.070345  0.000134  -0.000079  0.000039  0.000000  0.000000  0.000000  2.000000  1.000000  0.000000  0.000000  0.000000  -0.000000  1.000000  0.000000  -1.000000  -0.000000  1.000000  0.000148  0.000195  -0.000148  1.000000  0.000019  -0.000195  -0.000019  1.000000  1.000000  0.000000  0.000000  0.000000  1.000000  0.000000  0.000000  0.000000  1.000000  1.000000  0.000000  0.000000  0.000000  -0.000000  1.000000  0.000000  -1.000000  -0.000000  0.000000  0.000000  
85.372697 0.010391  0.093348  0.001699  0.994075  0.089812  -0.061233  0.054492  0.075686  0.995642  0.094055  -0.993079  0.070344  0.000284  -0.000124  0.000135  0.000000  0.000000  0.000000  2.000000  1.000000  0.000000  0.000000  0.000000  -0.000000  1.000000  0.000000  -1.000000  -0.000000  1.000000  0.000325  0.000799  -0.000325  1.000000  0.000077  -0.000799  -0.000077  1.000000  1.000000  0.000000  0.000000  0.000000  1.000000  0.000000  0.000000  0.000000  1.000000  1.000000  0.000000  0.000000  0.000000  -0.000000  1.000000  0.000000  -1.000000  -0.000000  0.000000  0.000000  
85.373697 0.010393  0.093347  0.001700  0.994094  0.090132  -0.060443  0.053672  0.075748  0.995681  0.094321  -0.993045  0.070463  0.000443  -0.000195  0.000243  0.000000  0.000000  0.000000  2.000000  1.000000  0.000000  0.000000  0.000000  -0.000000  1.000000  0.000000  -1.000000  -0.000000  0.999999  0.000516  0.001607  -0.000516  1.000000  0.000154  -0.001607  -0.000155  0.999999  1.000000  0.000000  0.000000  0.000000  1.000000  0.000000  0.000000  0.000000  1.000000  1.000000  0.000000  0.000000  0.000000  -0.000000  1.000000  0.000000  -1.000000  -0.000000  0.000000  0.000000  
85.374950 0.010396  0.093346  0.001702  0.994114  0.090312  -0.059838  0.053057  0.075699  0.995718  0.094455  -0.993032  0.070462  0.000656  -0.000266  0.000352  0.000000  0.000000  0.000000  2.000000  1.000000  0.000000  0.000000  0.000000  -0.000000  1.000000  0.000000  -1.000000  -0.000000  0.999997  0.000708  0.002416  -0.000708  1.000000  0.000110  -0.002415  -0.000112  0.999997  1.000000  0.000000  0.000000  0.000000  1.000000  0.000000  0.000000  0.000000  1.000000  1.000000  0.000000  0.000000  0.000000  -0.000000  1.000000  0.000000  -1.000000  -0.000000  0.000000  0.000000  
85.376197 0.010400  0.093345  0.001703  0.994123  0.090476  -0.059437  0.052647  0.075669  0.995742  0.094588  -0.993020  0.070461  0.000900  -0.000308  0.000484  0.000000  0.000000  0.000000  2.000000  1.000000  0.000000  0.000000  0.000000  -0.000000  1.000000  0.000000  -1.000000  -0.000000  0.999996  0.000870  0.002815  -0.000870  1.000000  0.000149  -0.002815  -0.000151  0.999996  1.000000  0.000000  0.000000  0.000000  1.000000  0.000000  0.000000  0.000000  1.000000  1.000000  0.000000  0.000000  0.000000  -0.000000  1.000000  0.000000  -1.000000  -0.000000  0.000000  0.000000  
85.377198 0.010404  0.093345  0.001704  0.994143  0.090648  -0.058842  0.052032  0.075741  0.995769  0.094721  -0.992999  0.070580  0.001142  -0.000303  0.000557  0.000000  0.000000  0.000000  2.000000  1.000000  0.000000  0.000000  0.000000  -0.000000  1.000000  0.000000  -1.000000  -0.000000  0.999994  0.001166  0.003205  -0.001166  0.999999  0.000066  -0.003205  -0.000070  0.999995  1.000000  0.000000  0.000000  0.000000  1.000000  0.000000  0.000000  0.000000  1.000000  1.000000  0.000000  0.000000  0.000000  -0.000000  1.000000  0.000000  -1.000000  -0.000000  0.000000  0.000000  
85.378202 0.010407  0.093345  0.001706  0.994137  0.091086  -0.058267  0.051416  0.075826  0.995795  0.095121  -0.992952  0.070698  0.001363  -0.000339  0.000678  0.000000  0.000000  0.000000  2.000000  1.000000  0.000000  0.000000  0.000000  -0.000000  1.000000  0.000000  -1.000000  -0.000000  0.999992  0.001477  0.003799  -0.001477  0.999999  0.000003  -0.003799  -0.000008  0.999993  1.000000  0.000000  0.000000  0.000000  1.000000  0.000000  0.000000  0.000000  1.000000  1.000000  0.000000  0.000000  0.000000  -0.000000  1.000000  0.000000  -1.000000  -0.000000  0.000000  0.000000  
85.379451 0.010412  0.093344  0.001709  0.994151  0.091555  -0.057281  0.050391  0.075873  0.995843  0.095520  -0.992905  0.070816  0.001723  -0.000384  0.000857  0.000066  -0.167576  0.070501  2.000000  1.000000  0.000000  0.000000  0.000000  -0.000000  1.000000  0.000000  -1.000000  -0.000000  0.999986  0.002084  0.004783  -0.002084  0.999998  -0.000022  -0.004783  0.000013  0.999989  1.000000  0.000000  0.000000  0.000000  1.000000  0.000000  0.000000  0.000000  1.000000  1.000000  0.000000  0.000000  0.000000  -0.000000  1.000000  0.000000  -1.000000  -0.000000  0.000000  0.000000  
85.380697 0.010417  0.093343  0.001712  0.994141  0.092141  -0.056510  0.049570  0.075945  0.995879  0.096053  -0.992846  0.070933  0.002016  -0.000447  0.001036  -0.001337  -0.193812  0.090423  2.000000  1.000000  0.000121  0.000269  -0.000269  0.000002  1.000000  0.000121  -1.000000  0.000002  0.999981  0.002543  0.005572  -0.002542  0.999997  -0.000067  -0.005572  0.000053  0.999984  1.000000  0.000032  0.000070  -0.000032  1.000000  -0.000001  -0.000070  0.000001  1.000000  1.000000  0.000121  0.000269  -0.000269  0.000002  1.000000  0.000121  -1.000000  0.000002  0.000051  0.006125  
85.381697 0.010419  0.093343  0.001713  0.994143  0.092588  -0.055741  0.048749  0.076130  0.995905  0.096452  -0.992790  0.071171  0.002196  -0.000462  0.001154  -0.006816  -0.220284  0.105844  2.000000  1.000000  0.000264  0.000572  -0.000572  0.000007  1.000000  0.000264  -1.000000  0.000008  0.999975  0.003002  0.006361  -0.003001  0.999995  -0.000111  -0.006361  0.000092  0.999980  1.000000  0.000038  0.000080  -0.000038  1.000000  -0.000001  -0.000080  0.000001  1.000000  1.000000  0.000264  0.000572  -0.000572  0.000007  1.000000  0.000264  -1.000000  0.000008  0.000059  0.007034  
85.382702 0.010422  0.093343  0.001714  0.994147  0.092894  -0.055156  0.048134  0.076207  0.995930  0.096719  -0.992755  0.071289  0.002382  -0.000456  0.001226  -0.008814  -0.238335  0.115373  2.000000  0.999999  0.000425  0.000910  -0.000910  0.000016  1.000000  0.000425  -1.000000  0.000017  0.999970  0.003313  0.006955  -0.003312  0.999995  -0.000175  -0.006955  0.000152  0.999976  1.000000  0.000041  0.000087  -0.000041  1.000000  -0.000002  -0.000087  0.000002  1.000000  0.999999  0.000425  0.000910  -0.000910  0.000016  1.000000  0.000425  -1.000000  0.000017  0.000065  0.007705  
85.383949 0.010425  0.093343  0.001715  0.994157  0.093357  -0.054182  0.047109  0.076372  0.995966  0.097118  -0.992699  0.071527  0.002585  -0.000455  0.001265  -0.013688  -0.273657  0.132257  2.000000  0.999999  0.000653  0.001381  -0.001381  0.000033  0.999999  0.000653  -1.000000  0.000034  0.999961  0.003788  0.007947  -0.003785  0.999993  -0.000321  -0.007948  0.000291  0.999968  1.000000  0.000047  0.000099  -0.000047  1.000000  -0.000004  -0.000099  0.000004  1.000000  0.999999  0.000653  0.001381  -0.001381  0.000033  0.999999  0.000653  -1.000000  0.000034  0.000074  0.008809  
85.385198 0.010429  0.093343  0.001716  0.994176  0.093836  -0.053003  0.045879  0.076516  0.996012  0.097518  -0.992643  0.071765  0.002774  -0.000418  0.001305  -0.017810  -0.313840  0.148671  2.000000  0.999998  0.000862  0.001818  -0.001818  0.000053  0.999998  0.000862  -1.000000  0.000055  0.999949  0.004411  0.009134  -0.004407  0.999990  -0.000449  -0.009136  0.000408  0.999958  1.000000  0.000055  0.000114  -0.000055  1.000000  -0.000005  -0.000114  0.000005  1.000000  0.999998  0.000862  0.001818  -0.001818  0.000053  0.999998  0.000862  -1.000000  0.000055  0.000085  0.010153  
85.386202 0.010432  0.093343  0.001717  0.994174  0.094285  -0.052235  0.045059  0.076699  0.996036  0.097917  -0.992586  0.072003  0.002967  -0.000423  0.001364  -0.023241  -0.340266  0.164103  2.000000  0.999997  0.001095  0.002300  -0.002300  0.000082  0.999997  0.001095  -0.999999  0.000085  0.999939  0.004873  0.009921  -0.004866  0.999988  -0.000736  -0.009925  0.000687  0.999951  1.000000  0.000061  0.000124  -0.000061  1.000000  -0.000009  -0.000124  0.000009  1.000000  0.999997  0.001095  0.002300  -0.002300  0.000082  0.999997  0.001095  -0.999999  0.000085  0.000093  0.011077  
85.387452 0.010436  0.093343  0.001719  0.994167  0.094876  -0.051282  0.044033  0.076987  0.996059  0.098450  -0.992508  0.072361  0.003067  -0.000312  0.001386  -0.032049  -0.373281  0.184570  2.000000  0.999995  0.001415  0.002957  -0.002958  0.000131  0.999996  0.001415  -0.999999  0.000136  0.999926  0.005349  0.010913  -0.005340  0.999985  -0.000882  -0.010918  0.000824  0.999940  1.000000  0.000067  0.000136  -0.000067  1.000000  -0.000011  -0.000136  0.000011  1.000000  0.999995  0.001415  0.002957  -0.002958  0.000131  0.999996  0.001415  -0.999999  0.000136  0.000102  0.012184  
85.388697 0.010440  0.093344  0.001721  0.994159  0.095467  -0.050330  0.043007  0.077275  0.996082  0.098982  -0.992429  0.072718  0.003123  -0.000224  0.001397  -0.040845  -0.406355  0.205084  2.000000  0.999992  0.001773  0.003676  -0.003677  0.000196  0.999993  0.001772  -0.999998  0.000203  0.999911  0.005960  0.011894  -0.005947  0.999982  -0.001150  -0.011901  0.001079  0.999929  1.000000  0.000074  0.000149  -0.000074  1.000000  -0.000014  -0.000149  0.000014  1.000000  0.999992  0.001773  0.003676  -0.003677  0.000196  0.999993  0.001772  -0.999998  0.000203  0.000112  0.013351  
85.389699 0.010443  0.093344  0.001723  0.994155  0.095911  -0.049574  0.042187  0.077576  0.996093  0.099382  -0.992362  0.073076  0.003166  -0.000116  0.001441  -0.050311  -0.432769  0.220574  2.000000  0.999989  0.002086  0.004296  -0.004296  0.000266  0.999991  0.002085  -0.999998  0.000275  0.999899  0.006424  0.012680  -0.006405  0.999978  -0.001559  -0.012690  0.001477  0.999918  1.000000  0.000080  0.000159  -0.000080  1.000000  -0.000019  -0.000159  0.000019  1.000000  0.999989  0.002086  0.004296  -0.004296  0.000266  0.999991  0.002085  -0.999998  0.000275  0.000120  0.014296  
85.390948 0.010447  0.093344  0.001724  0.994153  0.096520  -0.048418  0.040957  0.077842  0.996124  0.099914  -0.992283  0.073433  0.003212  -0.000091  0.001430  -0.058401  -0.472646  0.241584  2.000000  0.999984  0.002511  0.005133  -0.005134  0.000370  0.999987  0.002509  -0.999997  0.000383  0.999879  0.007051  0.013865  -0.007027  0.999974  -0.001808  -0.013877  0.001710  0.999902  1.000000  0.000088  0.000173  -0.000088  1.000000  -0.000022  -0.000173  0.000022  1.000000  0.999984  0.002511  0.005133  -0.005134  0.000370  0.999987  0.002509  -0.999997  0.000383  0.000131  0.015655  
85.391950 0.010450  0.093343  0.001725  0.994154  0.096980  -0.047457  0.039932  0.078121  0.996144  0.100314  -0.992216  0.073792  0.003163  -0.000175  0.001376  -0.067182  -0.506018  0.257648  2.000000  0.999979  0.002875  0.005846  -0.005847  0.000460  0.999983  0.002872  -0.999996  0.000477  0.999868  0.007368  0.014456  -0.007340  0.999971  -0.001991  -0.014470  0.001884  0.999894  1.000000  0.000092  0.000181  -0.000092  1.000000  -0.000024  -0.000181  0.000024  1.000000  0.999979  0.002875  0.005846  -0.005847  0.000460  0.999983  0.002872  -0.999996  0.000477  0.000139  0.016341  
85.393195 0.010454  0.093340  0.001725  0.994141  0.097574  -0.046507  0.038906  0.078404  0.996162  0.100846  -0.992135  0.074149  0.003116  -0.000323  0.001266  -0.075306  -0.534739  0.275982  2.000000  0.999973  0.003260  0.006588  -0.006590  0.000566  0.999978  0.003256  -0.999995  0.000587  0.999856  0.007818  0.015036  -0.007784  0.999967  -0.002295  -0.015054  0.002178  0.999884  1.000000  0.000098  0.000188  -0.000098  1.000000  -0.000028  -0.000188  0.000028  1.000000  0.999973  0.003260  0.006588  -0.006590  0.000566  0.999978  0.003256  -0.999995  0.000587  0.000149  0.017095  
85.394202 0.010457  0.093336  0.001726  0.994132  0.098020  -0.045752  0.038086  0.078702  0.996170  0.101246  -0.992068  0.074507  0.002997  -0.000513  0.001117  -0.085314  -0.565361  0.293701  2.000000  0.999966  0.003661  0.007339  -0.007341  0.000687  0.999973  0.003656  -0.999993  0.000714  0.999855  0.008090  0.015013  -0.008051  0.999964  -0.002657  -0.015034  0.002535  0.999884  1.000000  0.000101  0.000188  -0.000101  1.000000  -0.000032  -0.000188  0.000032  1.000000  0.999966  0.003661  0.007339  -0.007341  0.000687  0.999973  0.003656  -0.999993  0.000714  0.000159  0.017252  
85.395446 0.010460  0.093332  0.001725  0.994103  0.098748  -0.044812  0.037060  0.078988  0.996186  0.101911  -0.991973  0.074862  0.002986  -0.000664  0.000925  -0.093964  -0.598007  0.318748  2.000000  0.999957  0.004184  0.008286  -0.008290  0.000851  0.999965  0.004177  -0.999991  0.000886  0.999847  0.008644  0.015174  -0.008602  0.999959  -0.002878  -0.015198  0.002747  0.999881  1.000000  0.000108  0.000190  -0.000108  1.000000  -0.000035  -0.000190  0.000035  1.000000  0.999957  0.004184  0.008286  -0.008290  0.000851  0.999965  0.004177  -0.999991  0.000886  0.000169  0.017690  
85.396455 0.010463  0.093328  0.001724  0.994092  0.099200  -0.044046  0.036240  0.079163  0.996203  0.102310  -0.991914  0.075100  0.002949  -0.000963  0.000708  -0.099251  -0.624266  0.334192  2.000000  0.999948  0.004624  0.009060  -0.009064  0.000998  0.999958  0.004615  -0.999989  0.001040  0.999839  0.008947  0.015559  -0.008898  0.999955  -0.003201  -0.015587  0.003062  0.999874  1.000000  0.000112  0.000195  -0.000112  1.000000  -0.000039  -0.000195  0.000039  1.000000  0.999948  0.004624  0.009060  -0.009064  0.000998  0.999958  0.004615  -0.999989  0.001040  0.000177  0.018220  
85.397702 0.010467  0.093322  0.001720  0.994060  0.099924  -0.043119  0.035214  0.079567  0.996207  0.102976  -0.991809  0.075576  0.002969  -0.001435  0.000389  -0.111936  -0.656865  0.359293  2.000000  0.999936  0.005201  0.010054  -0.010060  0.001194  0.999949  0.005189  -0.999986  0.001246  0.999829  0.009383  0.015934  -0.009330  0.999951  -0.003400  -0.015965  0.003251  0.999867  1.000000  0.000117  0.000199  -0.000117  1.000000  -0.000042  -0.000199  0.000042  1.000000  0.999936  0.005201  0.010054  -0.010060  0.001194  0.999949  0.005189  -0.999986  0.001246  0.000187  0.018789  
85.398952 0.010470  0.093314  0.001715  0.994034  0.100505  -0.042376  0.034394  0.079866  0.996212  0.103508  -0.991726  0.075933  0.002976  -0.001959  0.000002  -0.125323  -0.682939  0.379323  2.000000  0.999922  0.005791  0.011062  -0.011070  0.001404  0.999938  0.005775  -0.999982  0.001468  0.999825  0.009538  0.016124  -0.009480  0.999949  -0.003617  -0.016158  0.003463  0.999863  1.000000  0.000119  0.000202  -0.000119  1.000000  -0.000044  -0.000202  0.000044  1.000000  0.999922  0.005791  0.011062  -0.011070  0.001404  0.999938  0.005775  -0.999982  0.001468  0.000197  0.019066  
85.400200 0.010473  0.093307  0.001710  0.994027  0.100969  -0.041418  0.033369  0.080138  0.996225  0.103907  -0.991657  0.076290  0.002958  -0.002448  -0.000406  -0.132940  -0.710588  0.392338  2.000000  0.999907  0.006382  0.012057  -0.012067  0.001632  0.999926  0.006362  -0.999978  0.001709  0.999829  0.009396  0.015924  -0.009334  0.999948  -0.003991  -0.015961  0.003842  0.999865  1.000000  0.000117  0.000199  -0.000117  1.000000  -0.000049  -0.000199  0.000049  1.000000  0.999907  0.006382  0.012057  -0.012067  0.001632  0.999926  0.006362  -0.999978  0.001709  0.000205  0.018901  
85.401450 0.010476  0.093298  0.001704  0.994019  0.101430  -0.040472  0.032344  0.080531  0.996227  0.104307  -0.991578  0.076768  0.002911  -0.002990  -0.000911  -0.144008  -0.736241  0.406283  2.000000  0.999894  0.006857  0.012867  -0.012880  0.001825  0.999915  0.006833  -0.999975  0.001913  0.999821  0.009566  0.016319  -0.009499  0.999946  -0.004188  -0.016358  0.004032  0.999858  1.000000  0.000119  0.000204  -0.000119  1.000000  -0.000051  -0.000204  0.000051  1.000000  0.999894  0.006857  0.012867  -0.012880  0.001825  0.999915  0.006833  -0.999975  0.001913  0.000213  0.019359  
85.402701 0.010481  0.093291  0.001697  0.993989  0.102012  -0.039730  0.031524  0.080826  0.996230  0.104839  -0.991494  0.077125  0.002957  -0.003584  -0.001504  -0.155943  -0.735525  0.415414  2.000000  0.999876  0.007453  0.013879  -0.013895  0.002080  0.999901  0.007423  -0.999970  0.002183  0.999825  0.009559  0.016109  -0.009488  0.999945  -0.004443  -0.016151  0.004290  0.999860  1.000000  0.000119  0.000202  -0.000119  1.000000  -0.000055  -0.000202  0.000055  1.000000  0.999876  0.007453  0.013879  -0.013895  0.002080  0.999901  0.007423  -0.999970  0.002183  0.000214  0.019235  
85.403950 0.010485  0.093283  0.001690  0.993973  0.102458  -0.038990  0.030704  0.081238  0.996222  0.105238  -0.991415  0.077603  0.002932  -0.004180  -0.002242  -0.167960  -0.734670  0.424582  2.000000  0.999857  0.008053  0.014892  -0.014912  0.002351  0.999886  0.008017  -0.999965  0.002471  0.999825  0.009564  0.016105  -0.009490  0.999944  -0.004679  -0.016149  0.004525  0.999859  1.000000  0.000119  0.000202  -0.000119  1.000000  -0.000058  -0.000202  0.000058  1.000000  0.999857  0.008053  0.014892  -0.014912  0.002351  0.999886  0.008017  -0.999965  0.002471  0.000216  0.019289  
85.405197 0.010489  0.093274  0.001681  0.993941  0.103036  -0.038261  0.029884  0.081653  0.996213  0.105770  -0.991320  0.078079  0.002931  -0.004767  -0.002912  -0.183333  -0.740463  0.438762  2.000000  0.999836  0.008655  0.015882  -0.015905  0.002635  0.999870  0.008612  -0.999959  0.002772  0.999835  0.009525  0.015487  -0.009451  0.999944  -0.004851  -0.015532  0.004704  0.999868  1.000000  0.000119  0.000194  -0.000119  1.000000  -0.000060  -0.000194  0.000060  1.000000  0.999836  0.008655  0.015882  -0.015905  0.002635  0.999870  0.008612  -0.999959  0.002772  0.000218  0.018800  
85.406203 0.010492  0.093267  0.001675  0.993911  0.103454  -0.037920  0.029474  0.081985  0.996198  0.106169  -0.991250  0.078436  0.002935  -0.005163  -0.003414  -0.192878  -0.745842  0.451652  2.000000  0.999820  0.009133  0.016648  -0.016674  0.002873  0.999857  0.009084  -0.999954  0.003025  0.999838  0.009515  0.015278  -0.009440  0.999943  -0.004986  -0.015325  0.004841  0.999871  1.000000  0.000118  0.000191  -0.000118  1.000000  -0.000061  -0.000191  0.000061  1.000000  0.999820  0.009133  0.016648  -0.016674  0.002873  0.999857  0.009084  -0.999954  0.003025  0.000222  0.018658  
85.407446 0.010496  0.093260  0.001667  0.993892  0.103897  -0.037194  0.028654  0.082515  0.996178  0.106569  -0.991159  0.079034  0.003000  -0.005462  -0.003873  -0.210712  -0.746035  0.453138  2.000000  0.999798  0.009730  0.017583  -0.017614  0.003180  0.999840  0.009672  -0.999948  0.003351  0.999844  0.009492  0.014864  -0.009415  0.999942  -0.005262  -0.014913  0.005121  0.999876  1.000000  0.000118  0.000186  -0.000118  1.000000  -0.000065  -0.000186  0.000065  1.000000  0.999798  0.009730  0.017583  -0.017614  0.003180  0.999840  0.009672  -0.999948  0.003351  0.000222  0.018385  
85.408698 0.010501  0.093252  0.001660  0.993867  0.104327  -0.036661  0.028039  0.082946  0.996160  0.106968  -0.991078  0.079512  0.003045  -0.005805  -0.004458  -0.219860  -0.732303  0.447797  2.000000  0.999776  0.010322  0.018497  -0.018534  0.003503  0.999822  0.010256  -0.999941  0.003693  0.999852  0.009334  0.014460  -0.009256  0.999942  -0.005415  -0.014510  0.005280  0.999881  1.000000  0.000116  0.000181  -0.000116  1.000000  -0.000067  -0.000181  0.000067  1.000000  0.999776  0.010322  0.018497  -0.018534  0.003503  0.999822  0.010256  -0.999941  0.003693  0.000222  0.018024  
85.409947 0.010505  0.093243  0.001652  0.993841  0.104754  -0.036141  0.027424  0.083496  0.996131  0.107367  -0.990987  0.080109  0.003087  -0.006153  -0.004984  -0.234660  -0.719417  0.443942  2.000000  0.999757  0.010792  0.019215  -0.019257  0.003774  0.999807  0.010718  -0.999935  0.003981  0.999855  0.009326  0.014250  -0.009245  0.999940  -0.005793  -0.014303  0.005660  0.999882  1.000000  0.000116  0.000178  -0.000116  1.000000  -0.000072  -0.000178  0.000072  1.000000  0.999757  0.010792  0.019215  -0.019257  0.003774  0.999807  0.010718  -0.999935  0.003981  0.000219  0.017968  
85.411197 0.010509  0.093235  0.001645  0.993824  0.105032  -0.035816  0.027014  0.084065  0.996094  0.107633  -0.990909  0.080708  0.003149  -0.006323  -0.005276  -0.252040  -0.706117  0.438814  2.000000  0.999734  0.011368  0.020084  -0.020132  0.004127  0.999789  0.011283  -0.999927  0.004354  0.999866  0.009019  0.013653  -0.008938  0.999942  -0.005967  -0.013706  0.005845  0.999889  1.000000  0.000112  0.000171  -0.000112  1.000000  -0.000074  -0.000171  0.000074  1.000000  0.999734  0.011368  0.020084  -0.020132  0.004127  0.999789  0.011283  -0.999927  0.004354  0.000218  0.017397  
85.412447 0.010513  0.093226  0.001638  0.993811  0.105328  -0.035287  0.026399  0.084611  0.996064  0.107899  -0.990832  0.081307  0.003162  -0.006515  -0.005582  -0.267458  -0.698650  0.432688  2.000000  0.999710  0.011929  0.020911  -0.020966  0.004497  0.999770  0.011832  -0.999919  0.004746  0.999876  0.008845  0.013045  -0.008764  0.999942  -0.006264  -0.013099  0.006149  0.999895  1.000000  0.000110  0.000163  -0.000110  1.000000  -0.000078  -0.000163  0.000078  1.000000  0.999710  0.011929  0.020911  -0.020966  0.004497  0.999770  0.011832  -0.999919  0.004746  0.000216  0.016939  
85.413702 0.010518  0.093218  0.001631  0.993779  0.105735  -0.034986  0.025989  0.085303  0.996016  0.108298  -0.990729  0.082024  0.003252  -0.006505  -0.005694  -0.285544  -0.677665  0.431334  2.000000  0.999687  0.012468  0.021686  -0.021748  0.004880  0.999752  0.012359  -0.999910  0.005150  0.999890  0.008386  0.012255  -0.008308  0.999945  -0.006458  -0.012308  0.006356  0.999904  1.000000  0.000104  0.000154  -0.000104  1.000000  -0.000080  -0.000154  0.000080  1.000000  0.999687  0.012468  0.021686  -0.021748  0.004880  0.999752  0.012359  -0.999910  0.005150  0.000214  0.016174  
85.414702 0.010522  0.093212  0.001625  0.993760  0.106018  -0.034649  0.025579  0.085749  0.995988  0.108564  -0.990660  0.082502  0.003334  -0.006533  -0.005783  -0.296757  -0.658789  0.427228  2.000000  0.999669  0.012890  0.022281  -0.022349  0.005204  0.999737  0.012771  -0.999903  0.005490  0.999895  0.008360  0.011841  -0.008281  0.999943  -0.006737  -0.011897  0.006638  0.999907  1.000000  0.000104  0.000148  -0.000104  1.000000  -0.000084  -0.000148  0.000084  1.000000  0.999669  0.012890  0.022281  -0.022349  0.005204  0.999737  0.012771  -0.999903  0.005490  0.000212  0.015964  
85.415953 0.010527  0.093204  0.001618  0.993727  0.106430  -0.034337  0.025169  0.086320  0.995950  0.108963  -0.990566  0.083100  0.003432  -0.006484  -0.005918  -0.309719  -0.636488  0.424185  2.000000  0.999646  0.013403  0.022992  -0.023069  0.005623  0.999718  0.013270  -0.999894  0.005930  0.999905  0.007917  0.011256  -0.007838  0.999945  -0.007034  -0.011312  0.006945  0.999912  1.000000  0.000098  0.000141  -0.000098  1.000000  -0.000087  -0.000141  0.000087  1.000000  0.999646  0.013403  0.022992  -0.023069  0.005623  0.999718  0.013270  -0.999894  0.005930  0.000207  0.015436  
85.417204 0.010532  0.093196  0.001610  0.993708  0.106706  -0.034027  0.024759  0.087007  0.995900  0.109229  -0.990476  0.083818  0.003512  -0.006516  -0.006007  -0.323825  -0.616326  0.413927  2.000000  0.999628  0.013806  0.023535  -0.023620  0.005980  0.999703  0.013661  -0.999887  0.006304  0.999910  0.007891  0.010842  -0.007810  0.999941  -0.007556  -0.010901  0.007471  0.999913  1.000000  0.000098  0.000136  -0.000098  1.000000  -0.000094  -0.000136  0.000094  1.000000  0.999628  0.013806  0.023535  -0.023620  0.005980  0.999703  0.013661  -0.999887  0.006304  0.000204  0.015372  
85.418452 0.010538  0.093188  0.001601  0.993694  0.107000  -0.033512  0.024144  0.087673  0.995857  0.109495  -0.990386  0.084536  0.003611  -0.006534  -0.006108  -0.337210  -0.603011  0.404172  2.000000  0.999605  0.014291  0.024186  -0.024280  0.006448  0.999684  0.014131  -0.999877  0.006792  0.999920  0.007448  0.010257  -0.007367  0.999942  -0.007855  -0.010315  0.007778  0.999917  1.000000  0.000093  0.000129  -0.000093  1.000000  -0.000098  -0.000129  0.000098  1.000000  0.999605  0.014291  0.024186  -0.024280  0.006448  0.999684  0.014131  -0.999877  0.006792  0.000201  0.014893  
85.419702 0.010544  0.093181  0.001592  0.993675  0.107277  -0.033203  0.023735  0.088360  0.995806  0.109761  -0.990295  0.085255  0.003783  -0.006450  -0.006189  -0.351419  -0.583004  0.393961  2.000000  0.999583  0.014759  0.024809  -0.024914  0.006937  0.999666  0.014582  -0.999867  0.007302  0.999924  0.007170  0.010071  -0.007088  0.999942  -0.008113  -0.010129  0.008041  0.999916  1.000000  0.000089  0.000126  -0.000089  1.000000  -0.000101  -0.000126  0.000101  1.000000  0.999583  0.014759  0.024809  -0.024914  0.006937  0.999666  0.014582  -0.999867  0.007302  0.000198  0.014768  
85.420950 0.010550  0.093174  0.001582  0.993660  0.107577  -0.032676  0.023120  0.088903  0.995772  0.110027  -0.990214  0.085853  0.003929  -0.006359  -0.006273  -0.357390  -0.562838  0.383612  2.000000  0.999561  0.015210  0.025410  -0.025525  0.007448  0.999646  0.015016  -0.999857  0.007833  0.999931  0.006992  0.009465  -0.006911  0.999940  -0.008536  -0.009524  0.008470  0.999919  1.000000  0.000087  0.000119  -0.000087  1.000000  -0.000106  -0.000119  0.000106  1.000000  0.999561  0.015210  0.025410  -0.025525  0.007448  0.999646  0.015016  -0.999857  0.007833  0.000193  0.014518  
85.422197 0.010557  0.093166  0.001572  0.993640  0.107855  -0.032367  0.022710  0.089590  0.995720  0.110293  -0.990122  0.086571  0.004096  -0.006320  -0.006420  -0.372828  -0.536653  0.373259  2.000000  0.999540  0.015640  0.025968  -0.026095  0.007975  0.999628  0.015427  -0.999846  0.008379  0.999939  0.006546  0.008882  -0.006467  0.999940  -0.008838  -0.008940  0.008780  0.999921  1.000000  0.000081  0.000111  -0.000081  1.000000  -0.000110  -0.000111  0.000110  1.000000  0.999540  0.015640  0.025968  -0.026095  0.007975  0.999628  0.015427  -0.999846  0.008379  0.000189  0.014119  
85.423197 0.010563  0.093161  0.001565  0.993634  0.108009  -0.032021  0.022301  0.090032  0.995689  0.110426  -0.990065  0.087050  0.004255  -0.006278  -0.006475  -0.377774  -0.522850  0.362958  2.000000  0.999524  0.015973  0.026401  -0.026538  0.008408  0.999612  0.015745  -0.999837  0.008828  0.999942  0.006399  0.008687  -0.006321  0.999940  -0.008977  -0.008744  0.008921  0.999922  1.000000  0.000080  0.000109  -0.000079  1.000000  -0.000112  -0.000109  0.000112  1.000000  0.999524  0.015973  0.026401  -0.026538  0.008408  0.999612  0.015745  -0.999837  0.008828  0.000187  0.014018  
85.424197 0.010569  0.093156  0.001559  0.993614  0.108291  -0.031700  0.021891  0.090597  0.995647  0.110692  -0.989982  0.087648  0.004480  -0.006157  -0.006531  -0.387354  -0.511544  0.359611  2.000000  0.999507  0.016299  0.026819  -0.026966  0.008856  0.999597  0.016055  -0.999828  0.009291  0.999944  0.006253  0.008490  -0.006175  0.999938  -0.009238  -0.008548  0.009185  0.999921  1.000000  0.000078  0.000106  -0.000078  1.000000  -0.000115  -0.000106  0.000115  1.000000  0.999507  0.016299  0.026819  -0.026966  0.008856  0.999597  0.016055  -0.999828  0.009291  0.000184  0.014002  
85.425445 0.010577  0.093149  0.001551  0.993597  0.108589  -0.031188  0.021277  0.091260  0.995600  0.110958  -0.989889  0.088365  0.004669  -0.005984  -0.006591  -0.400652  -0.498763  0.345395  2.000000  0.999491  0.016618  0.027227  -0.027385  0.009321  0.999582  0.016357  -0.999818  0.009771  0.999947  0.006108  0.008293  -0.006028  0.999936  -0.009620  -0.008352  0.009570  0.999919  1.000000  0.000076  0.000104  -0.000076  1.000000  -0.000120  -0.000104  0.000120  1.000000  0.999491  0.016618  0.027227  -0.027385  0.009321  0.999582  0.016357  -0.999818  0.009771  0.000182  0.014077  
85.426447 0.010582  0.093144  0.001544  0.993591  0.108741  -0.030855  0.020867  0.091822  0.995557  0.111091  -0.989820  0.088964  0.004819  -0.005933  -0.006600  -0.414200  -0.485847  0.335666  2.000000  0.999475  0.016929  0.027628  -0.027796  0.009798  0.999566  0.016651  -0.999809  0.010263  0.999949  0.005962  0.008097  -0.005882  0.999934  -0.009881  -0.008156  0.009833  0.999918  1.000000  0.000074  0.000102  -0.000074  1.000000  -0.000123  -0.000102  0.000123  1.000000  0.999475  0.016929  0.027628  -0.027796  0.009798  0.999566  0.016651  -0.999809  0.010263  0.000180  0.014081  
85.427447 0.010587  0.093138  0.001538  0.993570  0.109025  -0.030536  0.020458  0.092386  0.995513  0.111357  -0.989737  0.089562  0.004946  -0.005836  -0.006646  -0.423704  -0.470220  0.323558  2.000000  0.999459  0.017231  0.028023  -0.028203  0.010285  0.999549  0.016935  -0.999799  0.010766  0.999953  0.005682  0.007914  -0.005602  0.999934  -0.010021  -0.007970  0.009976  0.999918  1.000000  0.000071  0.000099  -0.000071  1.000000  -0.000125  -0.000099  0.000125  1.000000  0.999459  0.017231  0.028023  -0.028203  0.010285  0.999549  0.016935  -0.999799  0.010766  0.000178  0.013960  
85.428698 0.010595  0.093132  0.001532  0.993563  0.109173  -0.030217  0.020048  0.093069  0.995458  0.111490  -0.989656  0.090281  0.005130  -0.005786  -0.006634  -0.437246  -0.457424  0.309205  2.000000  0.999439  0.017595  0.028511  -0.028706  0.010904  0.999528  0.017275  -0.999786  0.011403  0.999953  0.005554  0.007921  -0.005474  0.999934  -0.010139  -0.007977  0.010095  0.999917  1.000000  0.000069  0.000099  -0.000069  1.000000  -0.000126  -0.000099  0.000126  1.000000  0.999439  0.017595  0.028511  -0.028706  0.010904  0.999528  0.017275  -0.999786  0.011403  0.000177  0.013998  
85.429702 0.010600  0.093126  0.001526  0.993557  0.109322  -0.029899  0.019639  0.093751  0.995402  0.111623  -0.989575  0.091000  0.005235  -0.005703  -0.006600  -0.450358  -0.446967  0.301788  2.000000  0.999423  0.017876  0.028892  -0.029099  0.011412  0.999511  0.017538  -0.999775  0.011926  0.999956  0.005274  0.007738  -0.005194  0.999934  -0.010279  -0.007792  0.010238  0.999917  1.000000  0.000065  0.000097  -0.000065  1.000000  -0.000128  -0.000097  0.000128  1.000000  0.999423  0.017876  0.028892  -0.029099  0.011412  0.999511  0.017538  -0.999775  0.011926  0.000176  0.013890  
85.430949 0.010607  0.093120  0.001521  0.993539  0.109620  -0.029401  0.019025  0.094534  0.995340  0.111889  -0.989468  0.091837  0.005397  -0.005585  -0.006479  -0.467902  -0.433591  0.296487  2.000000  0.999403  0.018217  0.029358  -0.029581  0.012056  0.999490  0.017853  -0.999761  0.012588  0.999958  0.005262  0.007530  -0.005182  0.999931  -0.010541  -0.007584  0.010502  0.999916  1.000000  0.000065  0.000094  -0.000065  1.000000  -0.000132  -0.000094  0.000132  1.000000  0.999403  0.018217  0.029358  -0.029581  0.012056  0.999490  0.017853  -0.999761  0.012588  0.000175  0.013967  
85.431956 0.010613  0.093116  0.001517  0.993531  0.109774  -0.029071  0.018615  0.095095  0.995294  0.112021  -0.989397  0.092436  0.005480  -0.005446  -0.006296  -0.477215  -0.424049  0.289036  2.000000  0.999387  0.018486  0.029732  -0.029967  0.012580  0.999472  0.018102  -0.999750  0.013126  0.999958  0.005133  0.007538  -0.005053  0.999930  -0.010660  -0.007593  0.010622  0.999915  1.000000  0.000064  0.000095  -0.000064  1.000000  -0.000133  -0.000095  0.000133  1.000000  0.999387  0.018486  0.029732  -0.029967  0.012580  0.999472  0.018102  -0.999750  0.013126  0.000174  0.014015  
85.433201 0.010620  0.093110  0.001512  0.993509  0.110053  -0.028779  0.018206  0.095899  0.995225  0.112287  -0.989288  0.093273  0.005553  -0.005248  -0.006028  -0.494951  -0.411005  0.279208  2.000000  0.999371  0.018752  0.030110  -0.030359  0.013117  0.999453  0.018347  -0.999738  0.013678  0.999957  0.005025  0.007750  -0.004940  0.999927  -0.011000  -0.007805  0.010961  0.999909  1.000000  0.000062  0.000097  -0.000062  1.000000  -0.000137  -0.000097  0.000137  1.000000  0.999371  0.018752  0.030110  -0.030359  0.013117  0.999453  0.018347  -0.999738  0.013678  0.000174  0.014349  
85.434205 0.010625  0.093106  0.001508  0.993501  0.110208  -0.028448  0.017796  0.096460  0.995178  0.112420  -0.989217  0.093872  0.005576  -0.005157  -0.005775  -0.504267  -0.397742  0.269132  2.000000  0.999354  0.019015  0.030489  -0.030751  0.013666  0.999434  0.018588  -0.999726  0.014241  0.999958  0.004898  0.007759  -0.004810  0.999925  -0.011240  -0.007813  0.011203  0.999907  1.000000  0.000061  0.000097  -0.000061  1.000000  -0.000140  -0.000097  0.000140  1.000000  0.999354  0.019015  0.030489  -0.030751  0.013666  0.999434  0.018588  -0.999726  0.014241  0.000175  0.014496  
85.435452 0.010632  0.093102  0.001505  0.993497  0.110376  -0.027940  0.017182  0.097239  0.995113  0.112553  -0.989122  0.094710  0.005599  -0.004966  -0.005360  -0.516486  -0.398411  0.260490  2.000000  0.999334  0.019333  0.030962  -0.031242  0.014354  0.999409  0.018877  -0.999710  0.014949  0.999958  0.004770  0.007768  -0.004683  0.999926  -0.011237  -0.007821  0.011200  0.999907  1.000000  0.000059  0.000097  -0.000059  1.000000  -0.000140  -0.000097  0.000140  1.000000  0.999334  0.019333  0.030962  -0.031242  0.014354  0.999409  0.018877  -0.999710  0.014949  0.000174  0.014456  
85.436703 0.010638  0.093097  0.001501  0.993504  0.110392  -0.027624  0.016773  0.098038  0.995041  0.112553  -0.989041  0.095550  0.005578  -0.004775  -0.004975  -0.525234  -0.392897  0.242233  2.000000  0.999313  0.019636  0.031441  -0.031739  0.015058  0.999383  0.019151  -0.999694  0.015671  0.999958  0.004397  0.008006  -0.004305  0.999925  -0.011454  -0.008055  0.011419  0.999902  1.000000  0.000054  0.000100  -0.000054  1.000000  -0.000143  -0.000100  0.000143  1.000000  0.999313  0.019636  0.031441  -0.031739  0.015058  0.999383  0.019151  -0.999694  0.015671  0.000175  0.014637  
85.437947 0.010644  0.093093  0.001496  0.993499  0.110562  -0.027116  0.016160  0.098817  0.994974  0.112686  -0.988944  0.096388  0.005522  -0.004632  -0.004721  -0.538233  -0.386755  0.232981  2.000000  0.999292  0.019922  0.031922  -0.032238  0.015763  0.999356  0.019406  -0.999677  0.016394  0.999961  0.004118  0.007823  -0.004028  0.999925  -0.011595  -0.007870  0.011563  0.999902  1.000000  0.000051  0.000098  -0.000051  1.000000  -0.000145  -0.000098  0.000145  1.000000  0.999292  0.019922  0.031922  -0.032238  0.015763  0.999356  0.019406  -0.999677  0.016394  0.000175  0.014569  
85.439198 0.010650  0.093087  0.001491  0.993491  0.110713  -0.026813  0.015750  0.099619  0.994901  0.112819  -0.988847  0.097226  0.005399  -0.004553  -0.004417  -0.547415  -0.380784  0.223843  2.000000  0.999271  0.020196  0.032405  -0.032740  0.016479  0.999328  0.019648  -0.999660  0.017128  0.999960  0.004012  0.008036  -0.003918  0.999924  -0.011692  -0.008082  0.011660  0.999899  1.000000  0.000050  0.000101  -0.000050  1.000000  -0.000146  -0.000101  0.000146  1.000000  0.999271  0.020196  0.032405  -0.032740  0.016479  0.999328  0.019648  -0.999660  0.017128  0.000177  0.014731  
85.440447 0.010655  0.093081  0.001486  0.993500  0.110752  -0.026293  0.015137  0.100395  0.994833  0.112819  -0.988764  0.098066  0.005244  -0.004513  -0.004276  -0.554354  -0.387996  0.215615  2.000000  0.999250  0.020458  0.032887  -0.033241  0.017202  0.999299  0.019878  -0.999643  0.017869  0.999962  0.003731  0.007856  -0.003639  0.999925  -0.011712  -0.007899  0.011683  0.999901  1.000000  0.000046  0.000098  -0.000046  1.000000  -0.000146  -0.000098  0.000146  1.000000  0.999250  0.020458  0.032887  -0.033241  0.017202  0.999299  0.019878  -0.999643  0.017869  0.000176  0.014577  
85.441447 0.010659  0.093076  0.001481  0.993491  0.110907  -0.025977  0.014727  0.101075  0.994770  0.112952  -0.988678  0.098784  0.005127  -0.004471  -0.004159  -0.561826  -0.384652  0.214034  2.000000  0.999237  0.020614  0.033183  -0.033548  0.017645  0.999281  0.020014  -0.999632  0.018323  0.999959  0.003777  0.008260  -0.003678  0.999921  -0.012030  -0.008305  0.011999  0.999894  1.000000  0.000047  0.000104  -0.000047  1.000000  -0.000150  -0.000104  0.000150  1.000000  0.999237  0.020614  0.033183  -0.033548  0.017645  0.999281  0.020014  -0.999632  0.018323  0.000178  0.015062  
85.442696 0.010664  0.093070  0.001476  0.993500  0.110947  -0.025457  0.014114  0.101851  0.994699  0.112952  -0.988593  0.099624  0.005037  -0.004438  -0.004027  -0.569212  -0.392593  0.201659  2.000000  0.999215  0.020867  0.033677  -0.034062  0.018396  0.999250  0.020232  -0.999613  0.019093  0.999961  0.003631  0.008067  -0.003532  0.999920  -0.012172  -0.008110  0.012143  0.999893  1.000000  0.000045  0.000101  -0.000045  1.000000  -0.000152  -0.000101  0.000152  1.000000  0.999215  0.020867  0.033677  -0.034062  0.018396  0.999250  0.020232  -0.999613  0.019093  0.000179  0.015036  
85.443697 0.010668  0.093064  0.001472  0.993491  0.111106  -0.025128  0.013704  0.102411  0.994648  0.113085  -0.988518  0.100222  0.004878  -0.004481  -0.003973  -0.569066  -0.392826  0.197432  2.000000  0.999197  0.021064  0.034073  -0.034475  0.019006  0.999225  0.020400  -0.999597  0.019717  0.999961  0.003504  0.008077  -0.003403  0.999917  -0.012413  -0.008120  0.012385  0.999890  1.000000  0.000043  0.000101  -0.000043  1.000000  -0.000155  -0.000101  0.000155  1.000000  0.999197  0.021064  0.034073  -0.034475  0.019006  0.999225  0.020400  -0.999597  0.019717  0.000180  0.015207  
85.444699 0.010672  0.093058  0.001468  0.993496  0.111130  -0.024800  0.013295  0.103089  0.994583  0.113085  -0.988445  0.100941  0.004760  -0.004522  -0.003885  -0.577070  -0.393504  0.188777  2.000000  0.999180  0.021254  0.034475  -0.034893  0.019620  0.999198  0.020560  -0.999582  0.020346  0.999960  0.003397  0.008292  -0.003293  0.999916  -0.012510  -0.008333  0.012483  0.999887  1.000000  0.000042  0.000104  -0.000042  1.000000  -0.000156  -0.000104  0.000156  1.000000  0.999180  0.021254  0.034475  -0.034893  0.019620  0.999198  0.020560  -0.999582  0.020346  0.000181  0.015377  
