1-Time 2-Px 3-Py 4-Pz 5-R11 6-R21 7-R31 8-R12 9-R22 10-R32 11-R13 12-R23 13-R33 14-Vx 15-Vy 16-Vz 17-Wx 18-Wy 19-Wz 20-state 21-PR11 22-PR21 23-PR31 24-PR12 25-PR22 26-PR32 27-PR13 28-PR23 29-PR33 
74.769924 0.009401  0.090243  0.002520  0.994970  0.093103  0.036965  -0.041606  0.048408  0.997961  0.091124  -0.994479  0.052038  -0.000080  0.000003  -0.000220  0.000000  0.000000  0.000000  2.000000  1.000000  0.000000  0.000000  0.000000  -0.000000  1.000000  0.000000  -1.000000  -0.000000  1.000000  0.000401  -0.000021  -0.000401  1.000000  0.000000  0.000021  0.000000  1.000000  1.000000  0.000000  0.000000  0.000000  1.000000  0.000000  0.000000  0.000000  1.000000  0.632043  0.577296  0.516963  -0.488735  -0.220749  0.844043  0.601382  -0.786129  0.142622  0.000000  0.000000  
74.770930 0.009400  0.090242  0.002520  0.994970  0.093103  0.036965  -0.041606  0.048408  0.997961  0.091124  -0.994479  0.052038  -0.000104  -0.000053  -0.000229  0.000000  0.000000  0.000000  2.000000  1.000000  0.000000  0.000000  0.000000  -0.000000  1.000000  0.000000  -1.000000  -0.000000  1.000000  0.000401  -0.000021  -0.000401  1.000000  0.000000  0.000021  0.000000  1.000000  1.000000  0.000000  0.000000  0.000000  1.000000  0.000000  0.000000  0.000000  1.000000  1.000000  0.000000  0.000000  0.000000  -0.000000  1.000000  0.000000  -1.000000  -0.000000  0.000000  0.000000  
74.771930 0.009402  0.090241  0.002520  0.994965  0.092995  0.037372  -0.042016  0.048496  0.997939  0.090991  -0.994485  0.052159  -0.000010  -0.000141  -0.000223  0.000000  0.000000  0.000000  2.000000  1.000000  0.000000  0.000000  0.000000  -0.000000  1.000000  0.000000  -1.000000  -0.000000  1.000000  0.000422  0.000388  -0.000422  1.000000  -0.000084  -0.000388  0.000084  1.000000  1.000000  0.000000  0.000000  0.000000  1.000000  0.000000  0.000000  0.000000  1.000000  1.000000  0.000000  0.000000  0.000000  -0.000000  1.000000  0.000000  -1.000000  -0.000000  0.000000  0.000000  
74.772931 0.009403  0.090239  0.002520  0.994942  0.092902  0.038200  -0.042836  0.048425  0.997908  0.090858  -0.994497  0.052160  0.000123  -0.000227  -0.000182  0.000000  0.000000  0.000000  2.000000  1.000000  0.000000  0.000000  0.000000  -0.000000  1.000000  0.000000  -1.000000  -0.000000  0.999999  0.000321  0.001010  -0.000321  1.000000  -0.000028  -0.001010  0.000028  0.999999  1.000000  0.000000  0.000000  0.000000  1.000000  0.000000  0.000000  0.000000  1.000000  1.000000  0.000000  0.000000  0.000000  -0.000000  1.000000  0.000000  -1.000000  -0.000000  0.000000  0.000000  
74.774180 0.009405  0.090237  0.002522  0.994919  0.092809  0.039029  -0.043656  0.048354  0.997876  0.090724  -0.994509  0.052160  0.000289  -0.000420  -0.000089  0.000000  0.000000  0.000000  2.000000  1.000000  0.000000  0.000000  0.000000  -0.000000  1.000000  0.000000  -1.000000  -0.000000  0.999998  0.000096  0.001843  -0.000097  1.000000  0.000047  -0.001843  -0.000047  0.999998  1.000000  0.000000  0.000000  0.000000  1.000000  0.000000  0.000000  0.000000  1.000000  1.000000  0.000000  0.000000  0.000000  -0.000000  1.000000  0.000000  -1.000000  -0.000000  0.000000  0.000000  
74.775181 0.009407  0.090234  0.002522  0.994916  0.092578  0.039648  -0.044271  0.048430  0.997845  0.090458  -0.994527  0.052282  0.000406  -0.000588  -0.000044  0.000000  0.000000  0.000000  2.000000  1.000000  0.000000  0.000000  0.000000  -0.000000  1.000000  0.000000  -1.000000  -0.000000  0.999997  -0.000005  0.002464  0.000005  1.000000  -0.000019  -0.002464  0.000019  0.999997  1.000000  0.000000  0.000000  0.000000  1.000000  0.000000  0.000000  0.000000  1.000000  1.000000  0.000000  0.000000  0.000000  -0.000000  1.000000  0.000000  -1.000000  -0.000000  0.000000  0.000000  
74.776431 0.009410  0.090232  0.002523  0.994897  0.092597  0.040059  -0.044681  0.048392  0.997829  0.090458  -0.994527  0.052282  0.000603  -0.000752  0.000071  0.000000  0.000000  0.000000  2.000000  1.000000  0.000000  0.000000  0.000000  -0.000000  1.000000  0.000000  -1.000000  -0.000000  0.999995  -0.000240  0.003092  0.000240  1.000000  0.000038  -0.003092  -0.000037  0.999995  1.000000  0.000000  0.000000  0.000000  1.000000  0.000000  0.000000  0.000000  1.000000  1.000000  0.000000  0.000000  0.000000  -0.000000  1.000000  0.000000  -1.000000  -0.000000  0.000000  0.000000  
74.777680 0.009413  0.090229  0.002525  0.994870  0.092632  0.040664  -0.045295  0.048456  0.997798  0.090458  -0.994521  0.052403  0.000862  -0.000946  0.000200  0.000000  0.000000  0.000000  2.000000  1.000000  0.000000  0.000000  0.000000  -0.000000  1.000000  0.000000  -1.000000  -0.000000  0.999994  -0.000218  0.003502  0.000218  1.000000  -0.000046  -0.003502  0.000047  0.999994  1.000000  0.000000  0.000000  0.000000  1.000000  0.000000  0.000000  0.000000  1.000000  1.000000  0.000000  0.000000  0.000000  -0.000000  1.000000  0.000000  -1.000000  -0.000000  0.000000  0.000000  
74.778931 0.009417  0.090226  0.002526  0.994820  0.092805  0.041479  -0.046114  0.048373  0.997764  0.090591  -0.994509  0.052402  0.001090  -0.001168  0.000307  0.000000  0.000000  0.000000  2.000000  1.000000  0.000000  0.000000  0.000000  -0.000000  1.000000  0.000000  -1.000000  -0.000000  0.999991  -0.000175  0.004321  0.000175  1.000000  0.000028  -0.004321  -0.000028  0.999991  1.000000  0.000000  0.000000  0.000000  1.000000  0.000000  0.000000  0.000000  1.000000  1.000000  0.000000  0.000000  0.000000  -0.000000  1.000000  0.000000  -1.000000  -0.000000  0.000000  0.000000  
74.779934 0.009420  0.090224  0.002528  0.994791  0.092840  0.042084  -0.046728  0.048437  0.997733  0.090591  -0.994502  0.052523  0.001278  -0.001305  0.000409  -0.000625  -0.172260  0.004553  2.000000  1.000000  0.000000  0.000000  0.000000  -0.000000  1.000000  0.000000  -1.000000  -0.000000  0.999988  -0.000009  0.004928  0.000009  1.000000  -0.000037  -0.004928  0.000037  0.999988  1.000000  0.000000  0.000000  0.000000  1.000000  0.000000  0.000000  0.000000  1.000000  1.000000  0.000000  0.000000  0.000000  -0.000000  1.000000  0.000000  -1.000000  -0.000000  0.000000  0.000000  
74.780939 0.009421  0.090221  0.002529  0.994765  0.092752  0.042901  -0.047548  0.048488  0.997691  0.090458  -0.994508  0.052644  0.001390  -0.001495  0.000501  -0.002205  -0.199939  0.001521  2.000000  1.000000  -0.000001  0.000272  -0.000272  -0.000000  1.000000  -0.000001  -1.000000  -0.000000  0.999983  -0.000100  0.005754  0.000099  1.000000  0.000038  -0.005754  -0.000037  0.999983  1.000000  -0.000001  0.000072  0.000001  1.000000  0.000000  -0.000072  -0.000000  1.000000  1.000000  -0.000001  0.000272  -0.000272  -0.000000  1.000000  -0.000001  -1.000000  -0.000000  0.000048  0.005755  
74.782196 0.009424  0.090218  0.002530  0.994739  0.092536  0.043942  -0.048573  0.048405  0.997646  0.090191  -0.994532  0.052645  0.001591  -0.001682  0.000628  0.000896  -0.234751  -0.005645  2.000000  1.000000  -0.000008  0.000670  -0.000670  0.000001  1.000000  -0.000008  -1.000000  0.000001  0.999977  -0.000179  0.006785  0.000179  1.000000  0.000010  -0.006785  -0.000008  0.999977  1.000000  -0.000002  0.000085  0.000002  1.000000  0.000000  -0.000085  -0.000000  1.000000  1.000000  -0.000008  0.000670  -0.000670  0.000001  1.000000  -0.000008  -1.000000  0.000001  0.000057  0.006787  
74.783436 0.009426  0.090214  0.002531  0.994703  0.092336  0.045177  -0.049803  0.048425  0.997584  0.089925  -0.994550  0.052767  0.001750  -0.001938  0.000677  0.000539  -0.276577  -0.012436  2.000000  0.999999  -0.000032  0.001046  -0.001046  0.000002  0.999999  -0.000032  -1.000000  0.000002  0.999968  -0.000515  0.008034  0.000515  1.000000  0.000001  -0.008034  0.000003  0.999968  1.000000  -0.000006  0.000100  0.000006  1.000000  -0.000000  -0.000100  0.000000  1.000000  0.999999  -0.000032  0.001046  -0.001046  0.000002  0.999999  -0.000032  -1.000000  0.000002  0.000067  0.008051  
74.784680 0.009428  0.090210  0.002533  0.994675  0.092131  0.046196  -0.050828  0.048586  0.997525  0.089658  -0.994561  0.053010  0.001854  -0.002197  0.000874  -0.004531  -0.311522  -0.019568  2.000000  0.999999  -0.000076  0.001587  -0.001587  0.000003  0.999999  -0.000076  -1.000000  0.000003  0.999959  -0.000727  0.009072  0.000727  1.000000  -0.000027  -0.009072  0.000034  0.999959  1.000000  -0.000009  0.000113  0.000009  1.000000  -0.000000  -0.000113  0.000000  1.000000  0.999999  -0.000076  0.001587  -0.001587  0.000003  0.999999  -0.000076  -1.000000  0.000003  0.000076  0.009101  
74.785681 0.009430  0.090207  0.002535  0.994634  0.092054  0.047218  -0.051853  0.048619  0.997471  0.089525  -0.994566  0.053131  0.001997  -0.002405  0.001047  -0.005486  -0.346374  -0.026708  2.000000  0.999998  -0.000108  0.001954  -0.001954  0.000008  0.999998  -0.000108  -1.000000  0.000008  0.999948  -0.000938  0.010110  0.000940  1.000000  -0.000176  -0.010110  0.000186  0.999949  1.000000  -0.000012  0.000126  0.000012  1.000000  -0.000002  -0.000126  0.000002  1.000000  0.999998  -0.000108  0.001954  -0.001954  0.000008  0.999998  -0.000108  -1.000000  0.000008  0.000085  0.010155  
74.786685 0.009431  0.090204  0.002538  0.994603  0.091967  0.048036  -0.052672  0.048671  0.997425  0.089392  -0.994572  0.053252  0.002029  -0.002519  0.001247  -0.007091  -0.374091  -0.029716  2.000000  0.999997  -0.000157  0.002485  -0.002485  0.000018  0.999997  -0.000157  -1.000000  0.000018  0.999940  -0.001028  0.010936  0.001030  0.999999  -0.000223  -0.010936  0.000234  0.999940  1.000000  -0.000013  0.000137  0.000013  1.000000  -0.000003  -0.000137  0.000003  1.000000  0.999997  -0.000157  0.002485  -0.002485  0.000018  0.999997  -0.000157  -1.000000  0.000018  0.000092  0.010987  
74.787935 0.009433  0.090199  0.002542  0.994572  0.091763  0.049054  -0.053698  0.048833  0.997362  0.089125  -0.994583  0.053495  0.002031  -0.002662  0.001425  -0.012179  -0.408993  -0.036826  2.000000  0.999995  -0.000224  0.003207  -0.003207  0.000038  0.999995  -0.000224  -1.000000  0.000038  0.999928  -0.001105  0.011967  0.001109  0.999999  -0.000373  -0.011967  0.000386  0.999928  1.000000  -0.000014  0.000150  0.000014  1.000000  -0.000005  -0.000150  0.000005  1.000000  0.999995  -0.000224  0.003207  -0.003207  0.000038  0.999995  -0.000224  -1.000000  0.000038  0.000101  0.012024  
74.789178 0.009435  0.090195  0.002545  0.994517  0.091702  0.050271  -0.054927  0.048969  0.997289  0.088992  -0.994582  0.053737  0.001969  -0.002788  0.001555  -0.016628  -0.450595  -0.039077  2.000000  0.999992  -0.000306  0.003999  -0.003999  0.000068  0.999992  -0.000306  -1.000000  0.000066  0.999912  -0.001437  0.013217  0.001444  0.999999  -0.000502  -0.013217  0.000521  0.999913  1.000000  -0.000018  0.000165  0.000018  1.000000  -0.000006  -0.000165  0.000006  1.000000  0.999992  -0.000306  0.003999  -0.003999  0.000068  0.999992  -0.000306  -1.000000  0.000066  0.000111  0.013306  
74.790431 0.009437  0.090190  0.002546  0.994472  0.091510  0.051495  -0.056156  0.049112  0.997213  0.088725  -0.994592  0.053979  0.001923  -0.002887  0.001569  -0.021111  -0.492312  -0.045796  2.000000  0.999988  -0.000402  0.004867  -0.004867  0.000105  0.999988  -0.000402  -1.000000  0.000103  0.999894  -0.001636  0.014460  0.001646  0.999998  -0.000633  -0.014459  0.000657  0.999895  1.000000  -0.000021  0.000181  0.000021  1.000000  -0.000008  -0.000181  0.000008  1.000000  0.999988  -0.000402  0.004867  -0.004867  0.000105  0.999988  -0.000402  -1.000000  0.000103  0.000122  0.014568  
74.791680 0.009438  0.090185  0.002547  0.994425  0.091317  0.052719  -0.057386  0.049256  0.997136  0.088459  -0.994603  0.054222  0.001830  -0.003111  0.001531  -0.025608  -0.534121  -0.052513  2.000000  0.999983  -0.000508  0.005814  -0.005814  0.000152  0.999983  -0.000509  -1.000000  0.000149  0.999875  -0.001835  0.015704  0.001847  0.999998  -0.000764  -0.015702  0.000793  0.999876  1.000000  -0.000023  0.000196  0.000023  1.000000  -0.000010  -0.000196  0.000010  1.000000  0.999983  -0.000508  0.005814  -0.005814  0.000152  0.999983  -0.000509  -1.000000  0.000149  0.000133  0.015830  
74.792929 0.009441  0.090180  0.002547  0.994377  0.091125  0.053943  -0.058616  0.049401  0.997058  0.088192  -0.994613  0.054465  0.001753  -0.003254  0.001456  -0.029834  -0.571496  -0.063193  2.000000  0.999977  -0.000625  0.006822  -0.006822  0.000199  0.999977  -0.000626  -1.000000  0.000194  0.999865  -0.001932  0.016326  0.001945  0.999998  -0.000832  -0.016324  0.000863  0.999866  1.000000  -0.000024  0.000204  0.000024  1.000000  -0.000011  -0.000204  0.000011  1.000000  0.999977  -0.000625  0.006822  -0.006822  0.000199  0.999977  -0.000626  -1.000000  0.000194  0.000142  0.016462  
74.793931 0.009442  0.090175  0.002546  0.994328  0.091057  0.054955  -0.059640  0.049557  0.996989  0.088059  -0.994612  0.054707  0.001656  -0.003378  0.001331  -0.035170  -0.610807  -0.066281  2.000000  0.999972  -0.000699  0.007439  -0.007439  0.000234  0.999972  -0.000701  -1.000000  0.000228  0.999862  -0.001919  0.016531  0.001934  0.999998  -0.000937  -0.016529  0.000968  0.999863  1.000000  -0.000024  0.000207  0.000024  1.000000  -0.000012  -0.000207  0.000012  1.000000  0.999972  -0.000699  0.007439  -0.007439  0.000234  0.999972  -0.000701  -1.000000  0.000228  0.000150  0.016670  
74.794936 0.009444  0.090171  0.002545  0.994302  0.090839  0.055779  -0.060460  0.049619  0.996937  0.087793  -0.994629  0.054828  0.001647  -0.003480  0.001198  -0.036851  -0.638770  -0.073738  2.000000  0.999965  -0.000795  0.008284  -0.008284  0.000288  0.999966  -0.000798  -1.000000  0.000281  0.999855  -0.001893  0.016941  0.001912  0.999998  -0.001144  -0.016939  0.001177  0.999856  1.000000  -0.000024  0.000212  0.000024  1.000000  -0.000015  -0.000212  0.000015  1.000000  0.999965  -0.000795  0.008284  -0.008284  0.000288  0.999966  -0.000798  -1.000000  0.000281  0.000159  0.017087  
74.796189 0.009447  0.090165  0.002545  0.994251  0.090771  0.056791  -0.061484  0.049776  0.996866  0.087659  -0.994627  0.055070  0.001637  -0.003667  0.001033  -0.041619  -0.668045  -0.075688  2.000000  0.999956  -0.000917  0.009348  -0.009348  0.000363  0.999956  -0.000920  -1.000000  0.000354  0.999851  -0.001877  0.017146  0.001899  0.999997  -0.001252  -0.017144  0.001284  0.999852  1.000000  -0.000024  0.000214  0.000024  1.000000  -0.000016  -0.000214  0.000016  1.000000  0.999956  -0.000917  0.009348  -0.009348  0.000363  0.999956  -0.000920  -1.000000  0.000354  0.000167  0.017296  
74.797189 0.009448  0.090160  0.002543  0.994224  0.090560  0.057604  -0.062305  0.049959  0.996806  0.087393  -0.994637  0.055313  0.001618  -0.003848  0.000881  -0.047715  -0.701270  -0.083687  2.000000  0.999947  -0.001015  0.010218  -0.010218  0.000429  0.999948  -0.001019  -0.999999  0.000419  0.999844  -0.001987  0.017563  0.002011  0.999997  -0.001336  -0.017561  0.001371  0.999845  1.000000  -0.000025  0.000220  0.000025  1.000000  -0.000017  -0.000220  0.000017  1.000000  0.999947  -0.001015  0.010218  -0.010218  0.000429  0.999948  -0.001019  -0.999999  0.000419  0.000175  0.017728  
74.798430 0.009450  0.090152  0.002541  0.994169  0.090363  0.058839  -0.063534  0.049985  0.996727  0.087126  -0.994654  0.055435  0.001569  -0.004123  0.000655  -0.048155  -0.743558  -0.094914  2.000000  0.999935  -0.001150  0.011345  -0.011344  0.000519  0.999936  -0.001156  -0.999999  0.000506  0.999832  -0.002216  0.018193  0.002242  0.999997  -0.001402  -0.018190  0.001443  0.999834  1.000000  -0.000028  0.000227  0.000028  1.000000  -0.000018  -0.000227  0.000018  1.000000  0.999935  -0.001150  0.011345  -0.011344  0.000519  0.999936  -0.001156  -0.999999  0.000506  0.000186  0.018384  
74.799435 0.009451  0.090145  0.002539  0.994140  0.090153  0.059653  -0.064354  0.050170  0.996665  0.086860  -0.994663  0.055678  0.001528  -0.004376  0.000382  -0.053934  -0.771454  -0.102294  2.000000  0.999924  -0.001271  0.012263  -0.012262  0.000597  0.999925  -0.001278  -0.999999  0.000581  0.999827  -0.002468  0.018413  0.002498  0.999996  -0.001626  -0.018409  0.001672  0.999829  1.000000  -0.000031  0.000230  0.000031  1.000000  -0.000021  -0.000230  0.000021  1.000000  0.999924  -0.001271  0.012263  -0.012262  0.000597  0.999925  -0.001278  -0.999999  0.000581  0.000193  0.018652  
74.800687 0.009452  0.090137  0.002536  0.994096  0.089954  0.060672  -0.065379  0.050336  0.996590  0.086593  -0.994673  0.055920  0.001479  -0.004641  -0.000029  -0.059122  -0.806479  -0.109326  2.000000  0.999909  -0.001444  0.013420  -0.013419  0.000700  0.999910  -0.001453  -0.999999  0.000681  0.999822  -0.002855  0.018640  0.002886  0.999995  -0.001605  -0.018636  0.001659  0.999825  1.000000  -0.000036  0.000233  0.000036  1.000000  -0.000020  -0.000233  0.000020  1.000000  0.999909  -0.001444  0.013420  -0.013419  0.000700  0.999910  -0.001453  -0.999999  0.000681  0.000200  0.018929  
74.801930 0.009454  0.090129  0.002533  0.994040  0.089888  0.061684  -0.066403  0.050494  0.996514  0.086460  -0.994671  0.056162  0.001459  -0.004923  -0.000430  -0.062089  -0.820431  -0.108450  2.000000  0.999896  -0.001593  0.014360  -0.014359  0.000791  0.999897  -0.001604  -0.999998  0.000768  0.999818  -0.002973  0.018853  0.003006  0.999994  -0.001711  -0.018848  0.001767  0.999821  1.000000  -0.000037  0.000236  0.000037  1.000000  -0.000022  -0.000236  0.000022  1.000000  0.999896  -0.001593  0.014360  -0.014359  0.000791  0.999897  -0.001604  -0.999998  0.000768  0.000207  0.019167  
74.803184 0.009457  0.090121  0.002528  0.994008  0.089679  0.062497  -0.067223  0.050680  0.996450  0.086193  -0.994680  0.056405  0.001517  -0.005195  -0.001000  -0.070399  -0.820621  -0.112829  2.000000  0.999878  -0.001778  0.015536  -0.015534  0.000916  0.999879  -0.001792  -0.999998  0.000889  0.999822  -0.002844  0.018643  0.002884  0.999994  -0.002098  -0.018637  0.002151  0.999824  1.000000  -0.000036  0.000233  0.000036  1.000000  -0.000027  -0.000233  0.000027  1.000000  0.999878  -0.001778  0.015536  -0.015534  0.000916  0.999879  -0.001792  -0.999998  0.000889  0.000206  0.018979  
74.804430 0.009460  0.090113  0.002523  0.993964  0.089611  0.063293  -0.068043  0.050978  0.996379  0.086060  -0.994671  0.056767  0.001657  -0.005383  -0.001497  -0.079337  -0.813641  -0.108531  2.000000  0.999859  -0.001954  0.016678  -0.016676  0.001056  0.999860  -0.001971  -0.999998  0.001023  0.999834  -0.002740  0.018022  0.002781  0.999994  -0.002279  -0.018016  0.002329  0.999835  1.000000  -0.000035  0.000225  0.000035  1.000000  -0.000029  -0.000225  0.000029  1.000000  0.999859  -0.001954  0.016678  -0.016676  0.001056  0.999860  -0.001971  -0.999998  0.001023  0.000206  0.018375  
74.805677 0.009464  0.090107  0.002518  0.993919  0.089535  0.064099  -0.068862  0.051155  0.996314  0.085926  -0.994669  0.057009  0.001793  -0.005475  -0.001885  -0.085668  -0.820630  -0.106790  2.000000  0.999839  -0.002122  0.017794  -0.017791  0.001207  0.999841  -0.002144  -0.999997  0.001169  0.999845  -0.002767  0.017410  0.002811  0.999993  -0.002460  -0.017403  0.002509  0.999845  1.000000  -0.000035  0.000218  0.000035  1.000000  -0.000031  -0.000218  0.000031  1.000000  0.999839  -0.002122  0.017794  -0.017791  0.001207  0.999841  -0.002144  -0.999997  0.001169  0.000208  0.017803  
74.806680 0.009468  0.090102  0.002513  0.993888  0.089458  0.064690  -0.069477  0.051471  0.996255  0.085793  -0.994660  0.057372  0.001943  -0.005528  -0.002215  -0.098062  -0.834651  -0.111644  2.000000  0.999823  -0.002255  0.018656  -0.018653  0.001334  0.999825  -0.002279  -0.999997  0.001292  0.999849  -0.002641  0.017198  0.002684  0.999993  -0.002483  -0.017192  0.002529  0.999849  1.000000  -0.000033  0.000215  0.000033  1.000000  -0.000031  -0.000215  0.000031  1.000000  0.999823  -0.002255  0.018656  -0.018653  0.001334  0.999825  -0.002279  -0.999997  0.001292  0.000212  0.017580  
74.807682 0.009472  0.090097  0.002510  0.993867  0.089248  0.065288  -0.070092  0.051797  0.996195  0.085527  -0.994662  0.057735  0.002114  -0.005584  -0.002525  -0.106310  -0.835054  -0.120403  2.000000  0.999807  -0.002391  0.019509  -0.019506  0.001472  0.999809  -0.002419  -0.999996  0.001425  0.999852  -0.002780  0.017002  0.002827  0.999992  -0.002746  -0.016995  0.002794  0.999852  1.000000  -0.000035  0.000212  0.000035  1.000000  -0.000035  -0.000212  0.000035  1.000000  0.999807  -0.002391  0.019509  -0.019506  0.001472  0.999809  -0.002419  -0.999996  0.001425  0.000212  0.017450  
74.808932 0.009477  0.090092  0.002505  0.993847  0.089038  0.065886  -0.070707  0.052124  0.996134  0.085260  -0.994663  0.058098  0.002317  -0.005580  -0.002785  -0.115127  -0.828949  -0.134052  2.000000  0.999790  -0.002531  0.020357  -0.020353  0.001618  0.999792  -0.002564  -0.999995  0.001566  0.999854  -0.002919  0.016807  0.002968  0.999991  -0.002888  -0.016798  0.002937  0.999855  1.000000  -0.000037  0.000210  0.000037  1.000000  -0.000036  -0.000210  0.000036  1.000000  0.999790  -0.002531  0.020357  -0.020353  0.001618  0.999792  -0.002564  -0.999995  0.001566  0.000212  0.017306  
74.810185 0.009482  0.090087  0.002500  0.993826  0.088821  0.066495  -0.071323  0.052329  0.996080  0.084993  -0.994672  0.058341  0.002478  -0.005570  -0.003025  -0.122378  -0.822677  -0.141759  2.000000  0.999768  -0.002709  0.021389  -0.021384  0.001812  0.999770  -0.002747  -0.999995  0.001753  0.999862  -0.002803  0.016391  0.002853  0.999991  -0.003050  -0.016382  0.003096  0.999861  1.000000  -0.000035  0.000205  0.000035  1.000000  -0.000038  -0.000205  0.000038  1.000000  0.999768  -0.002709  0.021389  -0.021384  0.001812  0.999770  -0.002747  -0.999995  0.001753  0.000212  0.016911  
74.811431 0.009487  0.090081  0.002495  0.993793  0.088745  0.067086  -0.071937  0.052646  0.996019  0.084860  -0.994662  0.058704  0.002697  -0.005504  -0.003267  -0.131781  -0.809094  -0.142328  2.000000  0.999745  -0.002889  0.022389  -0.022383  0.002012  0.999747  -0.002933  -0.999994  0.001947  0.999871  -0.002968  0.015786  0.003017  0.999991  -0.003106  -0.015776  0.003153  0.999871  1.000000  -0.000037  0.000197  0.000037  1.000000  -0.000039  -0.000197  0.000039  1.000000  0.999745  -0.002889  0.022389  -0.022383  0.002012  0.999747  -0.002933  -0.999994  0.001947  0.000209  0.016365  
74.812687 0.009492  0.090076  0.002490  0.993748  0.088802  0.067669  -0.072551  0.052954  0.995958  0.084860  -0.994641  0.059066  0.002889  -0.005411  -0.003521  -0.141262  -0.795465  -0.134074  2.000000  0.999723  -0.003060  0.023339  -0.023332  0.002222  0.999725  -0.003111  -0.999993  0.002150  0.999887  -0.002754  0.014748  0.002803  0.999991  -0.003322  -0.014738  0.003363  0.999886  1.000000  -0.000035  0.000184  0.000035  1.000000  -0.000042  -0.000184  0.000042  1.000000  0.999723  -0.003060  0.023339  -0.023332  0.002222  0.999725  -0.003111  -0.999993  0.002150  0.000205  0.015371  
74.813935 0.009496  0.090070  0.002485  0.993729  0.088708  0.068065  -0.072961  0.053169  0.995917  0.084727  -0.994638  0.059308  0.003123  -0.005200  -0.003696  -0.149642  -0.766629  -0.127907  2.000000  0.999705  -0.003190  0.024066  -0.024058  0.002403  0.999708  -0.003247  -0.999992  0.002325  0.999894  -0.002639  0.014332  0.002691  0.999990  -0.003604  -0.014322  0.003643  0.999891  1.000000  -0.000033  0.000179  0.000033  1.000000  -0.000045  -0.000179  0.000045  1.000000  0.999705  -0.003190  0.024066  -0.024058  0.002403  0.999708  -0.003247  -0.999992  0.002325  0.000198  0.015017  
74.814936 0.009500  0.090066  0.002481  0.993726  0.088611  0.068246  -0.073167  0.053523  0.995883  0.084593  -0.994627  0.059670  0.003278  -0.005087  -0.003822  -0.160325  -0.739219  -0.129293  2.000000  0.999688  -0.003312  0.024754  -0.024745  0.002586  0.999690  -0.003375  -0.999991  0.002503  0.999906  -0.002416  0.013498  0.002466  0.999990  -0.003680  -0.013489  0.003713  0.999902  1.000000  -0.000031  0.000169  0.000031  1.000000  -0.000046  -0.000169  0.000046  1.000000  0.999688  -0.003312  0.024754  -0.024745  0.002586  0.999690  -0.003375  -0.999991  0.002503  0.000193  0.014202  
74.816186 0.009506  0.090060  0.002474  0.993707  0.088525  0.068632  -0.073577  0.053858  0.995834  0.084460  -0.994617  0.060033  0.003514  -0.004951  -0.004036  -0.166328  -0.718254  -0.125735  2.000000  0.999667  -0.003463  0.025575  -0.025565  0.002828  0.999669  -0.003534  -0.999990  0.002738  0.999914  -0.002448  0.012885  0.002498  0.999989  -0.003857  -0.012875  0.003889  0.999910  1.000000  -0.000031  0.000161  0.000031  1.000000  -0.000048  -0.000161  0.000048  1.000000  0.999667  -0.003463  0.025575  -0.025565  0.002828  0.999669  -0.003534  -0.999990  0.002738  0.000188  0.013676  
74.817435 0.009512  0.090054  0.002467  0.993672  0.088451  0.069223  -0.074191  0.054176  0.995771  0.084327  -0.994606  0.060395  0.003815  -0.004762  -0.004235  -0.169706  -0.705623  -0.124885  2.000000  0.999650  -0.003582  0.026207  -0.026196  0.003035  0.999652  -0.003660  -0.999989  0.002940  0.999919  -0.002467  0.012477  0.002519  0.999988  -0.004139  -0.012466  0.004170  0.999914  1.000000  -0.000031  0.000156  0.000031  1.000000  -0.000052  -0.000156  0.000052  1.000000  0.999650  -0.003582  0.026207  -0.026196  0.003035  0.999652  -0.003660  -0.999989  0.002940  0.000184  0.013380  
74.818688 0.009518  0.090049  0.002460  0.993653  0.088374  0.069598  -0.074601  0.054633  0.995716  0.084193  -0.994588  0.060879  0.004017  -0.004580  -0.004434  -0.182352  -0.676670  -0.123120  2.000000  0.999629  -0.003728  0.026964  -0.026951  0.003308  0.999631  -0.003816  -0.999988  0.003206  0.999929  -0.002377  0.011651  0.002429  0.999987  -0.004456  -0.011640  0.004484  0.999922  1.000000  -0.000030  0.000146  0.000030  1.000000  -0.000056  -0.000146  0.000056  1.000000  0.999629  -0.003728  0.026964  -0.026951  0.003308  0.999631  -0.003816  -0.999988  0.003206  0.000178  0.012704  
74.819933 0.009525  0.090045  0.002453  0.993633  0.088290  0.069984  -0.075011  0.054969  0.995667  0.084060  -0.994577  0.061241  0.004249  -0.004327  -0.004517  -0.186236  -0.657737  -0.122738  2.000000  0.999609  -0.003870  0.027675  -0.027661  0.003599  0.999611  -0.003968  -0.999986  0.003491  0.999937  -0.002275  0.011030  0.002328  0.999986  -0.004755  -0.011019  0.004780  0.999928  1.000000  -0.000029  0.000138  0.000029  1.000000  -0.000060  -0.000138  0.000060  1.000000  0.999609  -0.003870  0.027675  -0.027661  0.003599  0.999611  -0.003968  -0.999986  0.003491  0.000174  0.012230  
74.821183 0.009532  0.090042  0.002447  0.993618  0.088335  0.070146  -0.075216  0.055433  0.995625  0.084060  -0.994547  0.061724  0.004447  -0.004128  -0.004581  -0.200230  -0.614239  -0.112845  2.000000  0.999590  -0.003998  0.028344  -0.028328  0.003906  0.999591  -0.004107  -0.999984  0.003791  0.999944  -0.002041  0.010401  0.002093  0.999986  -0.004932  -0.010390  0.004954  0.999934  1.000000  -0.000026  0.000130  0.000026  1.000000  -0.000062  -0.000130  0.000062  1.000000  0.999590  -0.003998  0.028344  -0.028328  0.003906  0.999591  -0.004107  -0.999984  0.003791  0.000165  0.011695  
74.822430 0.009541  0.090039  0.002441  0.993587  0.088392  0.070513  -0.075625  0.055880  0.995569  0.084060  -0.994517  0.062206  0.004687  -0.003958  -0.004624  -0.213144  -0.590194  -0.108794  2.000000  0.999572  -0.004110  0.028958  -0.028941  0.004232  0.999572  -0.004231  -0.999983  0.004111  0.999954  -0.001832  0.009362  0.001882  0.999984  -0.005266  -0.009352  0.005284  0.999942  1.000000  -0.000023  0.000117  0.000023  1.000000  -0.000066  -0.000117  0.000066  1.000000  0.999572  -0.004110  0.028958  -0.028941  0.004232  0.999572  -0.004231  -0.999983  0.004111  0.000159  0.010901  
74.823431 0.009547  0.090037  0.002436  0.993571  0.088429  0.070686  -0.075829  0.056224  0.995534  0.084060  -0.994494  0.062568  0.004807  -0.003816  -0.004701  -0.218560  -0.567888  -0.100666  2.000000  0.999559  -0.004190  0.029414  -0.029395  0.004502  0.999558  -0.004321  -0.999981  0.004377  0.999959  -0.001721  0.008945  0.001769  0.999984  -0.005424  -0.008935  0.005440  0.999945  1.000000  -0.000022  0.000112  0.000022  1.000000  -0.000068  -0.000112  0.000068  1.000000  0.999559  -0.004190  0.029414  -0.029395  0.004502  0.999558  -0.004321  -0.999981  0.004377  0.000155  0.010606  
74.824431 0.009552  0.090034  0.002431  0.993556  0.088467  0.070858  -0.076034  0.056568  0.995499  0.084060  -0.994472  0.062930  0.004883  -0.003741  -0.004804  -0.227339  -0.537634  -0.098819  2.000000  0.999545  -0.004265  0.029849  -0.029828  0.004782  0.999544  -0.004406  -0.999979  0.004652  0.999962  -0.001609  0.008528  0.001657  0.999983  -0.005582  -0.008518  0.005596  0.999948  1.000000  -0.000020  0.000107  0.000020  1.000000  -0.000070  -0.000107  0.000070  1.000000  0.999545  -0.004265  0.029849  -0.029828  0.004782  0.999544  -0.004406  -0.999979  0.004652  0.000150  0.010322  
74.825680 0.009559  0.090030  0.002425  0.993540  0.088513  0.071020  -0.076238  0.057033  0.995457  0.084060  -0.994441  0.063413  0.005009  -0.003659  -0.004878  -0.239428  -0.512220  -0.090154  2.000000  0.999533  -0.004335  0.030263  -0.030241  0.005072  0.999530  -0.004487  -0.999978  0.004939  0.999966  -0.001498  0.008111  0.001545  0.999982  -0.005861  -0.008102  0.005873  0.999950  1.000000  -0.000019  0.000101  0.000019  1.000000  -0.000073  -0.000101  0.000073  1.000000  0.999533  -0.004335  0.030263  -0.030241  0.005072  0.999530  -0.004487  -0.999978  0.004939  0.000144  0.010122  
74.826680 0.009564  0.090026  0.002420  0.993508  0.088562  0.071398  -0.076647  0.057359  0.995407  0.084060  -0.994418  0.063775  0.005047  -0.003650  -0.004991  -0.244741  -0.498450  -0.086383  2.000000  0.999520  -0.004400  0.030659  -0.030635  0.005374  0.999516  -0.004562  -0.999976  0.005237  0.999969  -0.001386  0.007693  0.001433  0.999980  -0.006140  -0.007685  0.006151  0.999952  1.000000  -0.000018  0.000096  0.000018  1.000000  -0.000077  -0.000096  0.000077  1.000000  0.999520  -0.004400  0.030659  -0.030635  0.005374  0.999516  -0.004562  -0.999976  0.005237  0.000141  0.009944  
74.827680 0.009567  0.090022  0.002415  0.993504  0.088476  0.071569  -0.076853  0.057834  0.995364  0.083927  -0.994398  0.064258  0.005056  -0.003631  -0.005039  -0.259255  -0.470787  -0.083399  2.000000  0.999508  -0.004457  0.031039  -0.031014  0.005681  0.999503  -0.004632  -0.999974  0.005540  0.999972  -0.001409  0.007285  0.001454  0.999980  -0.006176  -0.007276  0.006186  0.999954  1.000000  -0.000018  0.000091  0.000018  1.000000  -0.000077  -0.000091  0.000077  1.000000  0.999508  -0.004457  0.031039  -0.031014  0.005681  0.999503  -0.004632  -0.999974  0.005540  0.000136  0.009657  
74.828680 0.009571  0.090018  0.002409  0.993488  0.088514  0.071741  -0.077057  0.058178  0.995328  0.083927  -0.994374  0.064620  0.005063  -0.003610  -0.005085  -0.265144  -0.450162  -0.080057  2.000000  0.999497  -0.004509  0.031401  -0.031374  0.005997  0.999490  -0.004695  -0.999972  0.005852  0.999974  -0.001152  0.007063  0.001197  0.999979  -0.006317  -0.007056  0.006325  0.999955  1.000000  -0.000015  0.000088  0.000015  1.000000  -0.000079  -0.000088  0.000079  1.000000  0.999497  -0.004509  0.031401  -0.031374  0.005997  0.999490  -0.004695  -0.999972  0.005852  0.000134  0.009549  
74.829686 0.009575  0.090014  0.002405  0.993472  0.088561  0.071903  -0.077262  0.058642  0.995285  0.083927  -0.994343  0.065102  0.005077  -0.003529  -0.005087  -0.277849  -0.425740  -0.073231  2.000000  0.999486  -0.004549  0.031734  -0.031705  0.006314  0.999477  -0.004747  -0.999970  0.006167  0.999979  -0.000922  0.006433  0.000963  0.999979  -0.006371  -0.006427  0.006377  0.999959  1.000000  -0.000012  0.000080  0.000012  1.000000  -0.000080  -0.000080  0.000080  1.000000  0.999486  -0.004549  0.031734  -0.031705  0.006314  0.999477  -0.004747  -0.999970  0.006167  0.000128  0.009103  
74.830930 0.009581  0.090010  0.002401  0.993445  0.088741  0.072056  -0.077466  0.059097  0.995242  0.084060  -0.994300  0.065584  0.005071  -0.003378  -0.004983  -0.292582  -0.397573  -0.061342  2.000000  0.999473  -0.004584  0.032124  -0.032093  0.006729  0.999462  -0.004798  -0.999967  0.006578  0.999982  -0.000545  0.005997  0.000585  0.999977  -0.006771  -0.005994  0.006775  0.999959  1.000000  -0.000007  0.000075  0.000007  1.000000  -0.000085  -0.000075  0.000085  1.000000  0.999473  -0.004584  0.032124  -0.032093  0.006729  0.999462  -0.004798  -0.999967  0.006578  0.000125  0.009063  
74.831942 0.009584  0.090007  0.002397  0.993445  0.088776  0.072013  -0.077466  0.059580  0.995213  0.084060  -0.994268  0.066066  0.005022  -0.003226  -0.004835  -0.303091  -0.369443  -0.053899  2.000000  0.999464  -0.004598  0.032415  -0.032382  0.007069  0.999451  -0.004825  -0.999964  0.006916  0.999984  -0.000436  0.005580  0.000474  0.999976  -0.006928  -0.005576  0.006931  0.999960  1.000000  -0.000006  0.000070  0.000006  1.000000  -0.000087  -0.000070  0.000087  1.000000  0.999464  -0.004598  0.032415  -0.032382  0.007069  0.999451  -0.004825  -0.999964  0.006916  0.000121  0.008907  
74.833186 0.009589  0.090005  0.002394  0.993429  0.088832  0.072164  -0.077670  0.060165  0.995162  0.084060  -0.994228  0.066669  0.004901  -0.003047  -0.004596  -0.313108  -0.348624  -0.050521  2.000000  0.999455  -0.004610  0.032693  -0.032658  0.007425  0.999439  -0.004850  -0.999962  0.007271  0.999985  -0.000446  0.005375  0.000485  0.999974  -0.007188  -0.005372  0.007191  0.999960  1.000000  -0.000006  0.000067  0.000006  1.000000  -0.000090  -0.000067  0.000090  1.000000  0.999455  -0.004610  0.032693  -0.032658  0.007425  0.999439  -0.004850  -0.999962  0.007271  0.000119  0.008988  
74.834435 0.009594  0.090002  0.002390  0.993397  0.088892  0.072531  -0.078079  0.060611  0.995103  0.084060  -0.994195  0.067152  0.004761  -0.002975  -0.004389  -0.322386  -0.334516  -0.046750  2.000000  0.999444  -0.004619  0.033025  -0.032988  0.007880  0.999425  -0.004877  -0.999958  0.007723  0.999987  -0.000324  0.005162  0.000361  0.999973  -0.007328  -0.005159  0.007329  0.999960  1.000000  -0.000004  0.000065  0.000004  1.000000  -0.000092  -0.000065  0.000092  1.000000  0.999444  -0.004619  0.033025  -0.032988  0.007880  0.999425  -0.004877  -0.999958  0.007723  0.000116  0.008970  
74.835688 0.009598  0.089999  0.002386  0.993381  0.088948  0.072682  -0.078284  0.061196  0.995051  0.084060  -0.994155  0.067754  0.004582  -0.002892  -0.004232  -0.331695  -0.320454  -0.042958  2.000000  0.999433  -0.004623  0.033345  -0.033305  0.008351  0.999410  -0.004899  -0.999954  0.008192  0.999988  -0.000201  0.004948  0.000238  0.999971  -0.007588  -0.004947  0.007589  0.999959  1.000000  -0.000003  0.000062  0.000003  1.000000  -0.000095  -0.000062  0.000095  1.000000  0.999433  -0.004623  0.033345  -0.033305  0.008351  0.999410  -0.004899  -0.999954  0.008192  0.000115  0.009062  
74.836709 0.009602  0.089997  0.002383  0.993365  0.088996  0.072844  -0.078488  0.061661  0.995006  0.084060  -0.994122  0.068237  0.004397  -0.002880  -0.004048  -0.336735  -0.305917  -0.034690  2.000000  0.999425  -0.004622  0.033589  -0.033547  0.008737  0.999399  -0.004912  -0.999951  0.008577  0.999989  -0.000213  0.004744  0.000250  0.999970  -0.007727  -0.004742  0.007728  0.999959  1.000000  -0.000003  0.000059  0.000003  1.000000  -0.000097  -0.000059  0.000097  1.000000  0.999425  -0.004622  0.033589  -0.033547  0.008737  0.999399  -0.004912  -0.999951  0.008577  0.000113  0.009070  
74.837934 0.009606  0.089994  0.002379  0.993349  0.089053  0.072994  -0.078693  0.062246  0.994954  0.084060  -0.994080  0.068840  0.004156  -0.002909  -0.003936  -0.347063  -0.285054  -0.026916  2.000000  0.999417  -0.004612  0.033824  -0.033781  0.009136  0.999387  -0.004918  -0.999948  0.008975  0.999990  0.000043  0.004521  -0.000007  0.999967  -0.008109  -0.004521  0.008109  0.999957  1.000000  0.000000  0.000057  -0.000000  1.000000  -0.000101  -0.000057  0.000101  1.000000  0.999417  -0.004612  0.033824  -0.033781  0.009136  0.999387  -0.004918  -0.999948  0.008975  0.000112  0.009285  
74.839179 0.009611  0.089991  0.002376  0.993349  0.089106  0.072930  -0.078693  0.062970  0.994908  0.084060  -0.994030  0.069563  0.004012  -0.002874  -0.003795  -0.362042  -0.261882  -0.023413  2.000000  0.999408  -0.004590  0.034101  -0.034056  0.009650  0.999373  -0.004916  -0.999943  0.009488  0.999991  0.000166  0.004307  -0.000130  0.999965  -0.008370  -0.004308  0.008369  0.999956  1.000000  0.000002  0.000054  -0.000002  1.000000  -0.000105  -0.000054  0.000105  1.000000  0.999408  -0.004590  0.034101  -0.034056  0.009650  0.999373  -0.004916  -0.999943  0.009488  0.000112  0.009414  
74.840183 0.009614  0.089988  0.002374  0.993332  0.089163  0.073080  -0.078897  0.063555  0.994855  0.084060  -0.993987  0.070166  0.003831  -0.002864  -0.003557  -0.374797  -0.254503  -0.014841  2.000000  0.999401  -0.004565  0.034310  -0.034263  0.010074  0.999362  -0.004907  -0.999939  0.009911  0.999992  0.000287  0.004093  -0.000252  0.999964  -0.008509  -0.004095  0.008508  0.999955  1.000000  0.000003  0.000051  -0.000003  1.000000  -0.000106  -0.000051  0.000106  1.000000  0.999401  -0.004565  0.034310  -0.034263  0.010074  0.999362  -0.004907  -0.999939  0.009911  0.000113  0.009446  
74.841431 0.009617  0.089983  0.002370  0.993316  0.089212  0.073242  -0.079102  0.064019  0.994809  0.084060  -0.993953  0.070648  0.003645  -0.002878  -0.003333  -0.379994  -0.240559  -0.011169  2.000000  0.999394  -0.004536  0.034517  -0.034468  0.010513  0.999351  -0.004896  -0.999934  0.010351  0.999992  0.000290  0.004093  -0.000254  0.999961  -0.008873  -0.004095  0.008872  0.999952  1.000000  0.000003  0.000051  -0.000003  1.000000  -0.000111  -0.000051  0.000111  1.000000  0.999394  -0.004536  0.034517  -0.034468  0.010513  0.999351  -0.004896  -0.999934  0.010351  0.000113  0.009775  
74.842678 0.009621  0.089979  0.002369  0.993283  0.089283  0.073597  -0.079511  0.064586  0.994740  0.084060  -0.993910  0.071251  0.003556  -0.002827  -0.003064  -0.388773  -0.233809  -0.011503  2.000000  0.999385  -0.004500  0.034768  -0.034716  0.011066  0.999336  -0.004882  -0.999929  0.010903  0.999992  0.000278  0.003888  -0.000243  0.999960  -0.008890  -0.003890  0.008889  0.999953  1.000000  0.000003  0.000049  -0.000003  1.000000  -0.000111  -0.000049  0.000111  1.000000  0.999385  -0.004500  0.034768  -0.034716  0.011066  0.999336  -0.004882  -0.999929  0.010903  0.000113  0.009707  
74.843680 0.009623  0.089975  0.002367  0.993267  0.089332  0.073759  -0.079715  0.065050  0.994693  0.084060  -0.993875  0.071733  0.003431  -0.002848  -0.002800  -0.396816  -0.233485  -0.006965  2.000000  0.999378  -0.004471  0.034969  -0.034916  0.011515  0.999324  -0.004871  -0.999924  0.011352  0.999992  0.000279  0.003888  -0.000244  0.999959  -0.009011  -0.003890  0.009010  0.999952  1.000000  0.000003  0.000049  -0.000003  1.000000  -0.000113  -0.000049  0.000113  1.000000  0.999378  -0.004471  0.034969  -0.034916  0.011515  0.999324  -0.004871  -0.999924  0.011352  0.000114  0.009818  
74.844939 0.009626  0.089969  0.002366  0.993251  0.089390  0.073909  -0.079920  0.065635  0.994638  0.084060  -0.993832  0.072336  0.003292  -0.002973  -0.002558  -0.409439  -0.221365  -0.003334  2.000000  0.999370  -0.004434  0.035222  -0.035166  0.012085  0.999308  -0.004857  -0.999917  0.011921  0.999992  0.000297  0.004092  -0.000259  0.999958  -0.009115  -0.004095  0.009114  0.999950  1.000000  0.000003  0.000051  -0.000003  1.000000  -0.000114  -0.000051  0.000114  1.000000  0.999370  -0.004434  0.035222  -0.035166  0.012085  0.999308  -0.004857  -0.999917  0.011921  0.000116  0.009996  
