1-Time 2-Px 3-Py 4-Pz 5-R11 6-R21 7-R31 8-R12 9-R22 10-R32 11-R13 12-R23 13-R33 14-Vx 15-Vy 16-Vz 17-Wx 18-Wy 19-Wz 20-state 21-PR11 22-PR21 23-PR31 24-PR12 25-PR22 26-PR32 27-PR13 28-PR23 29-PR33 
137.117745 0.013341  0.084525  0.001781  0.996676  0.045022  -0.067893  -0.043116  0.998641  0.029280  0.069119  -0.026255  0.997263  0.000401  0.001204  -0.002101  0.000000  0.000000  0.000000  2.000000  1.000000  0.000000  0.000000  -0.000000  1.000000  0.000000  0.000000  -0.000000  1.000000  1.000000  -0.000004  0.000134  0.000004  1.000000  0.000000  -0.000134  0.000000  1.000000  1.000000  0.000000  0.000000  0.000000  1.000000  0.000000  0.000000  0.000000  1.000000  0.770160  0.539847  -0.339735  -0.565661  0.824185  0.027327  0.294757  0.171129  0.940124  0.000000  0.000000  
137.118751 0.013341  0.084525  0.001779  0.996676  0.045022  -0.067893  -0.043116  0.998641  0.029280  0.069119  -0.026255  0.997263  0.000425  0.001166  -0.002122  0.000000  0.000000  0.000000  2.000000  1.000000  0.000000  0.000000  0.000000  1.000000  0.000000  0.000000  0.000000  1.000000  1.000000  -0.000004  0.000134  0.000004  1.000000  0.000000  -0.000134  0.000000  1.000000  1.000000  0.000000  0.000000  0.000000  1.000000  0.000000  0.000000  0.000000  1.000000  1.000000  0.000000  0.000000  0.000000  1.000000  0.000000  0.000000  0.000000  1.000000  0.000000  0.000000  
137.119753 0.013344  0.084524  0.001776  0.996658  0.045231  -0.068020  -0.043321  0.998631  0.029300  0.069252  -0.026255  0.997254  0.000545  0.000980  -0.002232  0.000000  0.000000  0.000000  2.000000  1.000000  0.000000  0.000000  0.000000  1.000000  0.000000  0.000000  0.000000  1.000000  1.000000  -0.000000  0.000000  -0.000000  1.000000  0.000000  0.000000  0.000000  1.000000  1.000000  0.000000  0.000000  0.000000  1.000000  0.000000  0.000000  0.000000  1.000000  1.000000  0.000000  0.000000  0.000000  1.000000  0.000000  0.000000  0.000000  1.000000  0.000000  0.000000  
137.121001 0.013347  0.084521  0.001772  0.996631  0.045452  -0.068275  -0.043525  0.998618  0.029447  0.069519  -0.026376  0.997232  0.000779  0.000628  -0.002307  0.000000  0.000000  0.000000  2.000000  1.000000  0.000000  0.000000  0.000000  1.000000  0.000000  0.000000  0.000000  1.000000  1.000000  0.000414  -0.000123  -0.000414  1.000000  0.000029  0.000123  -0.000029  1.000000  1.000000  0.000000  0.000000  0.000000  1.000000  0.000000  0.000000  0.000000  1.000000  1.000000  0.000000  0.000000  0.000000  1.000000  0.000000  0.000000  0.000000  1.000000  0.000000  0.000000  
137.122024 0.013351  0.084516  0.001769  0.996621  0.045455  -0.068408  -0.043525  0.998618  0.029452  0.069653  -0.026375  0.997223  0.000954  0.000284  -0.002380  0.000000  0.000000  0.000000  2.000000  1.000000  0.000000  0.000000  0.000000  1.000000  0.000000  0.000000  0.000000  1.000000  1.000000  0.000421  -0.000390  -0.000421  1.000000  0.000150  0.000390  -0.000150  1.000000  1.000000  0.000000  0.000000  0.000000  1.000000  0.000000  0.000000  0.000000  1.000000  1.000000  0.000000  0.000000  0.000000  1.000000  0.000000  0.000000  0.000000  1.000000  0.000000  0.000000  
137.123251 0.013356  0.084511  0.001766  0.996603  0.045479  -0.068664  -0.043524  0.998611  0.029706  0.069920  -0.026617  0.997197  0.001270  -0.000167  -0.002416  0.000000  0.000000  0.000000  2.000000  1.000000  0.000000  0.000000  0.000000  1.000000  0.000000  0.000000  0.000000  1.000000  1.000000  0.000428  -0.000658  -0.000428  1.000000  0.000271  0.000658  -0.000271  1.000000  1.000000  0.000000  0.000000  0.000000  1.000000  0.000000  0.000000  0.000000  1.000000  1.000000  0.000000  0.000000  0.000000  1.000000  0.000000  0.000000  0.000000  1.000000  0.000000  0.000000  
137.124252 0.013362  0.084507  0.001763  0.996575  0.045902  -0.068779  -0.043934  0.998588  0.029862  0.070053  -0.026738  0.997185  0.001667  -0.000514  -0.002500  0.000000  0.000000  0.000000  2.000000  1.000000  0.000000  0.000000  0.000000  1.000000  0.000000  0.000000  0.000000  1.000000  0.999999  0.000641  -0.000920  -0.000641  1.000000  0.000407  0.000920  -0.000407  0.999999  1.000000  0.000000  0.000000  0.000000  1.000000  0.000000  0.000000  0.000000  1.000000  1.000000  0.000000  0.000000  0.000000  1.000000  0.000000  0.000000  0.000000  1.000000  0.000000  0.000000  
137.125255 0.013368  0.084503  0.001760  0.996547  0.046123  -0.069034  -0.044138  0.998575  0.030009  0.070320  -0.026858  0.997163  0.002014  -0.000883  -0.002572  0.000000  0.000000  0.000000  2.000000  1.000000  0.000000  0.000000  0.000000  1.000000  0.000000  0.000000  0.000000  1.000000  0.999999  0.001055  -0.001042  -0.001055  0.999999  0.000557  0.001043  -0.000556  0.999999  1.000000  0.000000  0.000000  0.000000  1.000000  0.000000  0.000000  0.000000  1.000000  1.000000  0.000000  0.000000  0.000000  1.000000  0.000000  0.000000  0.000000  1.000000  0.000000  0.000000  
137.126501 0.013376  0.084497  0.001756  0.996520  0.046538  -0.069155  -0.044548  0.998555  0.030043  0.070453  -0.026858  0.997153  0.002582  -0.001405  -0.002621  0.000000  0.000000  0.000000  2.000000  1.000000  0.000000  0.000000  0.000000  1.000000  0.000000  0.000000  0.000000  1.000000  0.999998  0.001473  -0.001299  -0.001472  0.999999  0.000708  0.001300  -0.000706  0.999999  1.000000  0.000000  0.000000  0.000000  1.000000  0.000000  0.000000  0.000000  1.000000  1.000000  0.000000  0.000000  0.000000  1.000000  0.000000  0.000000  0.000000  1.000000  0.000000  0.000000  
137.127501 0.013384  0.084492  0.001752  0.996492  0.046759  -0.069410  -0.044752  0.998542  0.030190  0.070720  -0.026978  0.997131  0.003068  -0.001828  -0.002712  0.000000  0.000000  0.000000  2.000000  1.000000  0.000000  0.000000  0.000000  1.000000  0.000000  0.000000  0.000000  1.000000  0.999998  0.001682  -0.001427  -0.001681  0.999998  0.000723  0.001428  -0.000720  0.999999  1.000000  0.000000  0.000000  0.000000  1.000000  0.000000  0.000000  0.000000  1.000000  1.000000  0.000000  0.000000  0.000000  1.000000  0.000000  0.000000  0.000000  1.000000  0.000000  0.000000  
137.128754 0.013393  0.084485  0.001747  0.996454  0.047178  -0.069664  -0.045162  0.998522  0.030231  0.070987  -0.026978  0.997112  0.003643  -0.002370  -0.002906  0.000000  0.000000  0.000000  2.000000  1.000000  0.000000  0.000000  0.000000  1.000000  0.000000  0.000000  0.000000  1.000000  0.999996  0.002100  -0.001683  -0.002099  0.999997  0.000874  0.001685  -0.000870  0.999998  1.000000  0.000000  0.000000  0.000000  1.000000  0.000000  0.000000  0.000000  1.000000  1.000000  0.000000  0.000000  0.000000  1.000000  0.000000  0.000000  0.000000  1.000000  0.000000  0.000000  
137.129755 0.013400  0.084481  0.001741  0.996417  0.047596  -0.069918  -0.045571  0.998502  0.030272  0.071254  -0.026977  0.997093  0.004063  -0.002744  -0.003172  0.000000  0.000000  0.000000  2.000000  1.000000  0.000000  0.000000  0.000000  1.000000  0.000000  0.000000  0.000000  1.000000  0.999995  0.002313  -0.001945  -0.002311  0.999997  0.000889  0.001947  -0.000884  0.999998  1.000000  0.000000  0.000000  0.000000  1.000000  0.000000  0.000000  0.000000  1.000000  1.000000  0.000000  0.000000  0.000000  1.000000  0.000000  0.000000  0.000000  1.000000  0.000000  0.000000  
137.131007 0.013409  0.084476  0.001734  0.996388  0.047809  -0.070178  -0.045776  0.998492  0.030299  0.071521  -0.026977  0.997074  0.004678  -0.003181  -0.003457  0.000000  0.000000  0.000000  2.000000  1.000000  0.000000  0.000000  0.000000  1.000000  0.000000  0.000000  0.000000  1.000000  0.999994  0.002734  -0.002335  -0.002732  0.999996  0.000919  0.002338  -0.000913  0.999997  1.000000  0.000000  0.000000  0.000000  1.000000  0.000000  0.000000  0.000000  1.000000  1.000000  0.000000  0.000000  0.000000  1.000000  0.000000  0.000000  0.000000  1.000000  0.000000  0.000000  
137.132252 0.013418  0.084470  0.001727  0.996340  0.048239  -0.070560  -0.046185  0.998468  0.030467  0.071922  -0.027097  0.997042  0.005270  -0.003678  -0.003752  0.000000  0.000000  0.000000  2.000000  1.000000  0.000000  0.000000  0.000000  1.000000  0.000000  0.000000  0.000000  1.000000  0.999992  0.003152  -0.002591  -0.003149  0.999994  0.001071  0.002594  -0.001063  0.999996  1.000000  0.000000  0.000000  0.000000  1.000000  0.000000  0.000000  0.000000  1.000000  1.000000  0.000000  0.000000  0.000000  1.000000  0.000000  0.000000  0.000000  1.000000  0.000000  0.000000  
137.133254 0.013426  0.084463  0.001720  0.996302  0.048657  -0.070814  -0.046594  0.998448  0.030509  0.072188  -0.027096  0.997023  0.005748  -0.004212  -0.003986  0.000000  0.000000  0.000000  2.000000  1.000000  0.000000  0.000000  0.000000  1.000000  0.000000  0.000000  0.000000  1.000000  0.999989  0.003574  -0.002981  -0.003570  0.999993  0.001102  0.002985  -0.001091  0.999995  1.000000  0.000000  0.000000  0.000000  1.000000  0.000000  0.000000  0.000000  1.000000  1.000000  0.000000  0.000000  0.000000  1.000000  0.000000  0.000000  0.000000  1.000000  0.000000  0.000000  
137.134505 0.013436  0.084453  0.001712  0.996254  0.049079  -0.071201  -0.047003  0.998427  0.030557  0.072589  -0.027096  0.996994  0.006232  -0.004819  -0.004301  0.000000  0.000000  0.000000  2.000000  1.000000  0.000000  0.000000  0.000000  1.000000  0.000000  0.000000  0.000000  1.000000  0.999986  0.003995  -0.003371  -0.003991  0.999991  0.001133  0.003375  -0.001119  0.999994  1.000000  0.000000  0.000000  0.000000  1.000000  0.000000  0.000000  0.000000  1.000000  1.000000  0.000000  0.000000  0.000000  1.000000  0.000000  0.000000  0.000000  1.000000  0.000000  0.000000  
137.135755 0.013447  0.084441  0.001705  0.996205  0.049510  -0.071582  -0.047411  0.998403  0.030726  0.072989  -0.027216  0.996961  0.006716  -0.005382  -0.004521  0.000000  0.000000  0.000000  2.000000  1.000000  0.000000  0.000000  0.000000  1.000000  0.000000  0.000000  0.000000  1.000000  0.999983  0.004417  -0.003760  -0.004412  0.999989  0.001286  0.003766  -0.001269  0.999992  1.000000  0.000000  0.000000  0.000000  1.000000  0.000000  0.000000  0.000000  1.000000  1.000000  0.000000  0.000000  0.000000  1.000000  0.000000  0.000000  0.000000  1.000000  0.000000  0.000000  
137.136757 0.013455  0.084431  0.001701  0.996156  0.049941  -0.071963  -0.047820  0.998378  0.030896  0.073389  -0.027336  0.996929  0.007083  -0.005791  -0.004586  0.000000  0.000000  0.000000  2.000000  1.000000  0.000000  0.000000  0.000000  1.000000  0.000000  0.000000  0.000000  1.000000  0.999981  0.004630  -0.004022  -0.004625  0.999988  0.001423  0.004028  -0.001405  0.999991  1.000000  0.000000  0.000000  0.000000  1.000000  0.000000  0.000000  0.000000  1.000000  1.000000  0.000000  0.000000  0.000000  1.000000  0.000000  0.000000  0.000000  1.000000  0.000000  0.000000  
137.138006 0.013465  0.084417  0.001696  0.996097  0.050375  -0.072477  -0.048229  0.998353  0.031072  0.073923  -0.027456  0.996886  0.007419  -0.006347  -0.004716  0.053129  0.157153  0.176800  2.000000  1.000000  0.000240  0.000080  -0.000240  1.000000  0.000057  -0.000080  -0.000057  1.000000  0.999977  0.005056  -0.004545  -0.005049  0.999986  0.001577  0.004552  -0.001555  0.999988  1.000000  0.000081  0.000026  -0.000081  1.000000  0.000020  -0.000026  -0.000020  1.000000  1.000000  0.000240  0.000080  -0.000240  1.000000  0.000057  -0.000080  -0.000057  1.000000  0.000059  0.006976  
137.139251 0.013476  0.084402  0.001690  0.996037  0.050819  -0.072985  -0.048637  0.998324  0.031370  0.074457  -0.027696  0.996840  0.007637  -0.006987  -0.004836  0.062321  0.174741  0.191102  2.000000  1.000000  0.000674  0.000222  -0.000674  1.000000  0.000163  -0.000222  -0.000163  1.000000  0.999971  0.005687  -0.005062  -0.005679  0.999982  0.001747  0.005071  -0.001719  0.999986  1.000000  0.000090  0.000030  -0.000090  1.000000  0.000022  -0.000030  -0.000022  1.000000  1.000000  0.000674  0.000222  -0.000674  1.000000  0.000163  -0.000222  -0.000163  1.000000  0.000066  0.007808  
137.140253 0.013485  0.084388  0.001685  0.995977  0.051254  -0.073499  -0.049045  0.998298  0.031548  0.074991  -0.027816  0.996796  0.007824  -0.007672  -0.004979  0.067445  0.192335  0.205394  2.000000  0.999999  0.001048  0.000337  -0.001048  0.999999  0.000257  -0.000337  -0.000258  1.000000  0.999969  0.005700  -0.005461  -0.005689  0.999982  0.001993  0.005473  -0.001962  0.999983  1.000000  0.000095  0.000027  -0.000095  1.000000  0.000025  -0.000027  -0.000025  1.000000  0.999999  0.001048  0.000337  -0.001048  0.999999  0.000257  -0.000337  -0.000258  1.000000  0.000070  0.008138  
137.141501 0.013496  0.084369  0.001679  0.995927  0.051483  -0.074019  -0.049248  0.998283  0.031710  0.075524  -0.027936  0.996753  0.008006  -0.008592  -0.005157  0.072075  0.210113  0.212787  2.000000  0.999999  0.001447  0.000451  -0.001447  0.999999  0.000358  -0.000451  -0.000359  1.000000  0.999965  0.005917  -0.005856  -0.005904  0.999980  0.002133  0.005869  -0.002098  0.999981  1.000000  0.000100  0.000027  -0.000100  1.000000  0.000026  -0.000027  -0.000026  1.000000  0.999999  0.001447  0.000451  -0.001447  0.999999  0.000358  -0.000451  -0.000359  1.000000  0.000076  0.008590  
137.142502 0.013505  0.084354  0.001673  0.995866  0.051909  -0.074539  -0.049656  0.998261  0.031767  0.076058  -0.027935  0.996712  0.008066  -0.009264  -0.005269  0.073137  0.227726  0.227076  2.000000  0.999998  0.001859  0.000564  -0.001859  0.999998  0.000459  -0.000563  -0.000460  1.000000  0.999962  0.006130  -0.006118  -0.006117  0.999979  0.002030  0.006130  -0.001993  0.999979  1.000000  0.000105  0.000028  -0.000105  1.000000  0.000025  -0.000028  -0.000025  1.000000  0.999998  0.001859  0.000564  -0.001859  0.999998  0.000459  -0.000563  -0.000460  1.000000  0.000080  0.008891  
137.143752 0.013515  0.084334  0.001665  0.995825  0.052135  -0.074925  -0.049859  0.998246  0.031924  0.076458  -0.028055  0.996678  0.008167  -0.010061  -0.005432  0.077773  0.241043  0.234385  2.000000  0.999997  0.002399  0.000715  -0.002400  0.999997  0.000585  -0.000714  -0.000587  1.000000  0.999959  0.006544  -0.006239  -0.006532  0.999977  0.002064  0.006252  -0.002023  0.999978  1.000000  0.000108  0.000032  -0.000108  1.000000  0.000026  -0.000032  -0.000026  1.000000  0.999997  0.002399  0.000715  -0.002400  0.999997  0.000585  -0.000714  -0.000587  1.000000  0.000085  0.009270  
137.145002 0.013526  0.084315  0.001656  0.995774  0.052566  -0.075305  -0.050268  0.998220  0.032096  0.076858  -0.028175  0.996644  0.008288  -0.011004  -0.005527  0.082908  0.254147  0.248570  2.000000  0.999995  0.002952  0.000862  -0.002953  0.999995  0.000708  -0.000860  -0.000710  0.999999  0.999958  0.006351  -0.006645  -0.006339  0.999978  0.001930  0.006658  -0.001888  0.999976  1.000000  0.000112  0.000027  -0.000112  1.000000  0.000024  -0.000027  -0.000024  1.000000  0.999995  0.002952  0.000862  -0.002953  0.999995  0.000708  -0.000860  -0.000710  0.999999  0.000090  0.009389  
137.146252 0.013537  0.084297  0.001648  0.995722  0.052998  -0.075685  -0.050676  0.998194  0.032268  0.077259  -0.028295  0.996610  0.008394  -0.011888  -0.005650  0.088030  0.267192  0.262700  2.000000  0.999993  0.003511  0.001007  -0.003512  0.999993  0.000823  -0.001004  -0.000826  0.999999  0.999958  0.006351  -0.006645  -0.006339  0.999978  0.001811  0.006657  -0.001768  0.999976  1.000000  0.000112  0.000027  -0.000112  1.000000  0.000022  -0.000027  -0.000022  1.000000  0.999993  0.003511  0.001007  -0.003512  0.999993  0.000823  -0.001004  -0.000826  0.999999  0.000094  0.009365  
137.147256 0.013545  0.084282  0.001641  0.995702  0.053207  -0.075812  -0.050881  0.998183  0.032291  0.077392  -0.028295  0.996599  0.008518  -0.012787  -0.005715  0.088543  0.271462  0.269684  2.000000  0.999992  0.003959  0.001118  -0.003960  0.999992  0.000918  -0.001114  -0.000923  0.999999  0.999958  0.006352  -0.006645  -0.006339  0.999978  0.001934  0.006657  -0.001891  0.999976  1.000000  0.000112  0.000027  -0.000112  1.000000  0.000024  -0.000027  -0.000024  1.000000  0.999992  0.003959  0.001118  -0.003960  0.999992  0.000918  -0.001114  -0.000923  0.999999  0.000097  0.009389  
137.148504 0.013555  0.084261  0.001632  0.995660  0.053424  -0.076205  -0.051084  0.998171  0.032327  0.077792  -0.028294  0.996568  0.008477  -0.013345  -0.005768  0.089125  0.284825  0.277012  2.000000  0.999989  0.004519  0.001250  -0.004520  0.999989  0.001032  -0.001245  -0.001038  0.999999  0.999958  0.006352  -0.006645  -0.006340  0.999978  0.001814  0.006656  -0.001772  0.999976  1.000000  0.000112  0.000027  -0.000112  1.000000  0.000022  -0.000027  -0.000022  1.000000  0.999989  0.004519  0.001250  -0.004520  0.999989  0.001032  -0.001245  -0.001038  0.999999  0.000101  0.009365  
137.149757 0.013565  0.084242  0.001625  0.995629  0.053637  -0.076464  -0.051288  0.998160  0.032356  0.078059  -0.028293  0.996547  0.008428  -0.013989  -0.005737  0.089175  0.289308  0.277119  2.000000  0.999987  0.004969  0.001345  -0.004971  0.999987  0.001121  -0.001340  -0.001128  0.999998  0.999957  0.006154  -0.006918  -0.006142  0.999980  0.001800  0.006929  -0.001758  0.999974  1.000000  0.000113  0.000023  -0.000113  1.000000  0.000022  -0.000023  -0.000022  1.000000  0.999987  0.004969  0.001345  -0.004971  0.999987  0.001121  -0.001340  -0.001128  0.999998  0.000103  0.009429  
137.151007 0.013575  0.084223  0.001618  0.995587  0.053863  -0.076850  -0.051491  0.998144  0.032514  0.078459  -0.028413  0.996512  0.008374  -0.014452  -0.005788  0.089257  0.293743  0.277247  2.000000  0.999984  0.005528  0.001458  -0.005530  0.999984  0.001233  -0.001451  -0.001241  0.999998  0.999959  0.005946  -0.006789  -0.005933  0.999981  0.001907  0.006801  -0.001867  0.999975  1.000000  0.000111  0.000022  -0.000111  1.000000  0.000024  -0.000022  -0.000024  1.000000  0.999984  0.005528  0.001458  -0.005530  0.999984  0.001233  -0.001451  -0.001241  0.999998  0.000101  0.009220  
137.152255 0.013584  0.084202  0.001612  0.995555  0.054076  -0.077110  -0.051695  0.998133  0.032543  0.078726  -0.028412  0.996491  0.008356  -0.014991  -0.005851  0.085767  0.293537  0.284156  2.000000  0.999980  0.006083  0.001561  -0.006085  0.999981  0.001350  -0.001553  -0.001359  0.999998  0.999959  0.005744  -0.006929  -0.005731  0.999982  0.001893  0.006940  -0.001854  0.999974  1.000000  0.000111  0.000019  -0.000111  1.000000  0.000023  -0.000019  -0.000023  1.000000  0.999980  0.006083  0.001561  -0.006085  0.999981  0.001350  -0.001553  -0.001359  0.999998  0.000103  0.009193  
137.153510 0.013593  0.084180  0.001606  0.995534  0.054093  -0.077370  -0.051694  0.998128  0.032678  0.078993  -0.028533  0.996467  0.008242  -0.015494  -0.005837  0.085324  0.293688  0.277285  2.000000  0.999977  0.006628  0.001655  -0.006630  0.999977  0.001464  -0.001645  -0.001475  0.999998  0.999964  0.005327  -0.006673  -0.005314  0.999984  0.001862  0.006683  -0.001827  0.999976  1.000000  0.000106  0.000016  -0.000106  1.000000  0.000023  -0.000016  -0.000023  1.000000  0.999977  0.006628  0.001655  -0.006630  0.999977  0.001464  -0.001645  -0.001475  0.999998  0.000104  0.008735  
137.154510 0.013601  0.084160  0.001602  0.995502  0.054315  -0.077623  -0.051898  0.998113  0.032829  0.079259  -0.028653  0.996442  0.008149  -0.015917  -0.005830  0.085382  0.298165  0.277456  2.000000  0.999974  0.007050  0.001719  -0.007052  0.999974  0.001559  -0.001708  -0.001571  0.999997  0.999964  0.005327  -0.006672  -0.005314  0.999984  0.001985  0.006683  -0.001949  0.999976  1.000000  0.000106  0.000016  -0.000106  1.000000  0.000025  -0.000016  -0.000025  1.000000  0.999974  0.007050  0.001719  -0.007052  0.999974  0.001559  -0.001708  -0.001571  0.999997  0.000104  0.008762  
137.155752 0.013611  0.084135  0.001598  0.995481  0.054333  -0.077882  -0.051897  0.998108  0.032964  0.079526  -0.028773  0.996417  0.008100  -0.016373  -0.005711  0.084435  0.298580  0.263750  2.000000  0.999970  0.007560  0.001785  -0.007563  0.999970  0.001675  -0.001772  -0.001689  0.999997  0.999966  0.004913  -0.006550  -0.004901  0.999986  0.001832  0.006559  -0.001800  0.999977  1.000000  0.000102  0.000012  -0.000102  1.000000  0.000023  -0.000012  -0.000023  1.000000  0.999970  0.007560  0.001785  -0.007563  0.999970  0.001675  -0.001772  -0.001689  0.999997  0.000102  0.008387  
137.156753 0.013619  0.084113  0.001594  0.995449  0.054546  -0.078142  -0.052101  0.998097  0.032994  0.079793  -0.028773  0.996396  0.008050  -0.016786  -0.005585  0.083966  0.303271  0.256977  2.000000  0.999967  0.007953  0.001827  -0.007956  0.999967  0.001771  -0.001813  -0.001786  0.999997  0.999969  0.004700  -0.006288  -0.004688  0.999987  0.001938  0.006297  -0.001908  0.999978  1.000000  0.000097  0.000011  -0.000097  1.000000  0.000024  -0.000011  -0.000024  1.000000  0.999967  0.007953  0.001827  -0.007956  0.999967  0.001771  -0.001813  -0.001786  0.999997  0.000102  0.008083  
137.158000 0.013630  0.084087  0.001591  0.995438  0.054559  -0.078268  -0.052100  0.998092  0.033122  0.079926  -0.028893  0.996382  0.008071  -0.017245  -0.005253  0.082822  0.296529  0.247971  2.000000  0.999964  0.008336  0.001866  -0.008340  0.999963  0.001863  -0.001850  -0.001879  0.999997  0.999972  0.004287  -0.006166  -0.004275  0.999989  0.001906  0.006174  -0.001880  0.999979  1.000000  0.000094  0.000008  -0.000094  1.000000  0.000024  -0.000008  -0.000024  1.000000  0.999964  0.008336  0.001866  -0.008340  0.999963  0.001863  -0.001850  -0.001879  0.999997  0.000100  0.007745  
137.159005 0.013638  0.084066  0.001589  0.995417  0.054778  -0.078388  -0.052305  0.998077  0.033266  0.080060  -0.029014  0.996368  0.008045  -0.017623  -0.004973  0.087086  0.294584  0.242946  2.000000  0.999960  0.008702  0.001896  -0.008706  0.999960  0.001950  -0.001879  -0.001966  0.999996  0.999974  0.004074  -0.005905  -0.004064  0.999990  0.001648  0.005911  -0.001624  0.999981  1.000000  0.000089  0.000007  -0.000089  1.000000  0.000020  -0.000007  -0.000020  1.000000  0.999960  0.008702  0.001896  -0.008706  0.999960  0.001950  -0.001879  -0.001966  0.999996  0.000098  0.007358  
137.160251 0.013649  0.084041  0.001586  0.995395  0.054786  -0.078654  -0.052303  0.998077  0.033280  0.080326  -0.029013  0.996346  0.008094  -0.018077  -0.004576  0.085942  0.292456  0.234185  2.000000  0.999956  0.009133  0.001932  -0.009137  0.999956  0.002056  -0.001914  -0.002073  0.999996  0.999977  0.003857  -0.005509  -0.003848  0.999991  0.001632  0.005515  -0.001610  0.999983  1.000000  0.000084  0.000007  -0.000084  1.000000  0.000020  -0.000007  -0.000020  1.000000  0.999956  0.009133  0.001932  -0.009137  0.999956  0.002056  -0.001914  -0.002073  0.999996  0.000096  0.006918  
137.161503 0.013660  0.084014  0.001583  0.995385  0.054799  -0.078781  -0.052303  0.998072  0.033408  0.080460  -0.029134  0.996332  0.008087  -0.018622  -0.004213  0.085653  0.286220  0.222085  2.000000  0.999954  0.009375  0.001948  -0.009379  0.999954  0.002112  -0.001928  -0.002131  0.999996  0.999983  0.003223  -0.004858  -0.003215  0.999994  0.001583  0.004863  -0.001567  0.999987  1.000000  0.000000  0.000000  0.000000  1.000000  0.000000  0.000000  0.000000  1.000000  0.999954  0.009375  0.001948  -0.009379  0.999954  0.002112  -0.001928  -0.002131  0.999996  0.000093  0.000000  
137.162506 0.013669  0.083993  0.001580  0.995385  0.054799  -0.078781  -0.052303  0.998072  0.033408  0.080460  -0.029134  0.996332  0.008163  -0.019042  -0.003853  0.084725  0.277943  0.208278  2.000000  0.999954  0.009375  0.001948  -0.009379  0.999954  0.002112  -0.001928  -0.002131  0.999996  0.999985  0.003010  -0.004597  -0.003003  0.999994  0.001445  0.004601  -0.001431  0.999988  1.000000  0.000000  0.000000  0.000000  1.000000  0.000000  0.000000  0.000000  1.000000  0.999954  0.009375  0.001948  -0.009379  0.999954  0.002112  -0.001928  -0.002131  0.999996  0.000090  0.000000  
137.163506 0.013679  0.083972  0.001577  0.995385  0.054799  -0.078781  -0.052303  0.998072  0.033408  0.080460  -0.029134  0.996332  0.008253  -0.019427  -0.003561  0.083572  0.268937  0.193926  2.000000  0.999954  0.009375  0.001948  -0.009379  0.999954  0.002112  -0.001928  -0.002131  0.999996  0.999987  0.002793  -0.004201  -0.002787  0.999995  0.001307  0.004205  -0.001295  0.999990  1.000000  0.000000  0.000000  0.000000  1.000000  0.000000  0.000000  0.000000  1.000000  0.999954  0.009375  0.001948  -0.009379  0.999954  0.002112  -0.001928  -0.002131  0.999996  0.000087  0.000000  
137.164778 0.013690  0.083946  0.001574  0.995385  0.054799  -0.078781  -0.052303  0.998072  0.033408  0.080460  -0.029134  0.996332  0.008340  -0.019770  -0.003332  0.078420  0.255660  0.179646  2.000000  0.999954  0.009375  0.001948  -0.009379  0.999954  0.002112  -0.001928  -0.002131  0.999996  0.999989  0.002576  -0.003806  -0.002571  0.999996  0.001291  0.003810  -0.001281  0.999992  1.000000  0.000000  0.000000  0.000000  1.000000  0.000000  0.000000  0.000000  1.000000  0.999954  0.009375  0.001948  -0.009379  0.999954  0.002112  -0.001928  -0.002131  0.999996  0.000082  0.000000  
137.166001 0.013702  0.083921  0.001570  0.995374  0.055014  -0.078767  -0.052508  0.998057  0.033546  0.080460  -0.029255  0.996328  0.008478  -0.020157  -0.003208  0.081392  0.240577  0.171112  2.000000  0.999954  0.009375  0.001948  -0.009379  0.999954  0.002112  -0.001928  -0.002131  0.999996  0.999991  0.002363  -0.003545  -0.002358  0.999996  0.001274  0.003548  -0.001266  0.999993  1.000000  0.000000  0.000000  0.000000  1.000000  0.000000  0.000000  0.000000  1.000000  0.999954  0.009375  0.001948  -0.009379  0.999954  0.002112  -0.001928  -0.002131  0.999996  0.000078  0.000000  
137.167003 0.013710  0.083900  0.001567  0.995385  0.055010  -0.078634  -0.052508  0.998057  0.033539  0.080326  -0.029255  0.996339  0.008497  -0.020446  -0.003070  0.076836  0.222909  0.163765  2.000000  0.999954  0.009375  0.001948  -0.009379  0.999954  0.002112  -0.001928  -0.002131  0.999996  0.999993  0.002146  -0.003149  -0.002142  0.999997  0.001257  0.003152  -0.001250  0.999994  1.000000  0.000000  0.000000  0.000000  1.000000  0.000000  0.000000  0.000000  1.000000  0.999954  0.009375  0.001948  -0.009379  0.999954  0.002112  -0.001928  -0.002131  0.999996  0.000073  0.000000  
137.168007 0.013719  0.083879  0.001565  0.995385  0.055020  -0.078628  -0.052508  0.998053  0.033660  0.080326  -0.029376  0.996336  0.008606  -0.020691  -0.002856  0.072371  0.207141  0.150855  2.000000  0.999954  0.009375  0.001948  -0.009379  0.999954  0.002112  -0.001928  -0.002131  0.999996  0.999994  0.001933  -0.002888  -0.001930  0.999998  0.001119  0.002890  -0.001114  0.999995  1.000000  0.000000  0.000000  0.000000  1.000000  0.000000  0.000000  0.000000  1.000000  0.999954  0.009375  0.001948  -0.009379  0.999954  0.002112  -0.001928  -0.002131  0.999996  0.000069  0.000000  
137.169251 0.013730  0.083852  0.001562  0.995385  0.055020  -0.078628  -0.052508  0.998053  0.033660  0.080326  -0.029376  0.996336  0.008711  -0.020878  -0.002730  0.066696  0.192439  0.135559  2.000000  0.999954  0.009375  0.001948  -0.009379  0.999954  0.002112  -0.001928  -0.002131  0.999996  0.999995  0.001515  -0.002632  -0.001512  0.999998  0.001207  0.002634  -0.001204  0.999996  1.000000  0.000000  0.000000  0.000000  1.000000  0.000000  0.000000  0.000000  1.000000  0.999954  0.009375  0.001948  -0.009379  0.999954  0.002112  -0.001928  -0.002131  0.999996  0.000062  0.000000  
137.170510 0.013741  0.083825  0.001561  0.995395  0.055025  -0.078488  -0.052509  0.998049  0.033774  0.080193  -0.029497  0.996343  0.008799  -0.020993  -0.002455  0.000000  0.000000  0.000000  2.000000  0.999954  0.009375  0.001948  -0.009379  0.999954  0.002112  -0.001928  -0.002131  0.999996  0.999997  0.001298  -0.002237  -0.001295  0.999998  0.001312  0.002239  -0.001309  0.999997  1.000000  0.000000  0.000000  0.000000  1.000000  0.000000  0.000000  0.000000  1.000000  0.999954  0.009375  0.001948  -0.009379  0.999954  0.002112  -0.001928  -0.002131  0.999996  0.000056  0.000000  
137.171756 0.013752  0.083797  0.001561  0.995395  0.055035  -0.078481  -0.052509  0.998045  0.033895  0.080193  -0.029618  0.996339  0.008883  -0.021073  -0.002202  0.000000  0.000000  0.000000  2.000000  0.999954  0.009375  0.001948  -0.009379  0.999954  0.002112  -0.001928  -0.002131  0.999996  0.999998  0.001077  -0.001708  -0.001075  0.999999  0.001174  0.001709  -0.001172  0.999998  1.000000  0.000000  0.000000  0.000000  1.000000  0.000000  0.000000  0.000000  1.000000  0.999954  0.009375  0.001948  -0.009379  0.999954  0.002112  -0.001928  -0.002131  0.999996  0.000000  0.000000  
137.173000 0.013764  0.083770  0.001562  0.995395  0.055035  -0.078481  -0.052509  0.998045  0.033895  0.080193  -0.029618  0.996339  0.008920  -0.021175  -0.001960  0.000000  0.000000  0.000000  2.000000  0.999954  0.009375  0.001948  -0.009379  0.999954  0.002112  -0.001928  -0.002131  0.999996  0.999998  0.001069  -0.001441  -0.001068  0.999999  0.001296  0.001442  -0.001294  0.999998  1.000000  0.000000  0.000000  0.000000  1.000000  0.000000  0.000000  0.000000  1.000000  0.999954  0.009375  0.001948  -0.009379  0.999954  0.002112  -0.001928  -0.002131  0.999996  0.000000  0.000000  
137.174002 0.013773  0.083748  0.001562  0.995385  0.055250  -0.078467  -0.052714  0.998030  0.034032  0.080193  -0.029739  0.996336  0.008970  -0.021228  -0.001750  0.000000  0.000000  0.000000  2.000000  0.999954  0.009375  0.001948  -0.009379  0.999954  0.002112  -0.001928  -0.002131  0.999996  0.999999  0.000856  -0.001179  -0.000855  0.999999  0.001279  0.001180  -0.001278  0.999998  1.000000  0.000000  0.000000  0.000000  1.000000  0.000000  0.000000  0.000000  1.000000  0.999954  0.009375  0.001948  -0.009379  0.999954  0.002112  -0.001928  -0.002131  0.999996  0.000000  0.000000  
137.175002 0.013782  0.083725  0.001563  0.995395  0.055255  -0.078328  -0.052714  0.998026  0.034146  0.080060  -0.029860  0.996343  0.008974  -0.021418  -0.001581  0.000000  0.000000  0.000000  2.000000  0.999954  0.009375  0.001948  -0.009379  0.999954  0.002112  -0.001928  -0.002131  0.999996  0.999999  0.000849  -0.000912  -0.000847  0.999999  0.001279  0.000913  -0.001278  0.999999  1.000000  0.000000  0.000000  0.000000  1.000000  0.000000  0.000000  0.000000  1.000000  0.999954  0.009375  0.001948  -0.009379  0.999954  0.002112  -0.001928  -0.002131  0.999996  0.000000  0.000000  
137.176008 0.013791  0.083702  0.001564  0.995395  0.055255  -0.078328  -0.052714  0.998026  0.034146  0.080060  -0.029860  0.996343  0.009007  -0.021506  -0.001395  0.000000  0.000000  0.000000  2.000000  0.999954  0.009375  0.001948  -0.009379  0.999954  0.002112  -0.001928  -0.002131  0.999996  0.999999  0.000841  -0.000644  -0.000840  0.999999  0.001279  0.000645  -0.001278  0.999999  1.000000  0.000000  0.000000  0.000000  1.000000  0.000000  0.000000  0.000000  1.000000  0.999954  0.009375  0.001948  -0.009379  0.999954  0.002112  -0.001928  -0.002131  0.999996  0.000000  0.000000  
137.177251 0.013803  0.083674  0.001563  0.995384  0.055470  -0.078314  -0.052919  0.998010  0.034283  0.080060  -0.029981  0.996339  0.009091  -0.021688  -0.001158  0.000000  0.000000  0.000000  2.000000  0.999954  0.009375  0.001948  -0.009379  0.999954  0.002112  -0.001928  -0.002131  0.999996  0.999999  0.001038  -0.000370  -0.001037  0.999999  0.001295  0.000372  -0.001295  0.999999  1.000000  0.000000  0.000000  0.000000  1.000000  0.000000  0.000000  0.000000  1.000000  0.999954  0.009375  0.001948  -0.009379  0.999954  0.002112  -0.001928  -0.002131  0.999996  0.000000  0.000000  
137.178507 0.013816  0.083645  0.001562  0.995395  0.055466  -0.078181  -0.052920  0.998010  0.034276  0.079926  -0.029981  0.996350  0.009167  -0.021838  -0.000927  0.000000  0.000000  0.000000  2.000000  0.999954  0.009375  0.001948  -0.009379  0.999954  0.002112  -0.001928  -0.002131  0.999996  1.000000  0.000820  0.000025  -0.000821  0.999999  0.001157  -0.000024  -0.001158  0.999999  1.000000  0.000000  0.000000  0.000000  1.000000  0.000000  0.000000  0.000000  1.000000  0.999954  0.009375  0.001948  -0.009379  0.999954  0.002112  -0.001928  -0.002131  0.999996  0.000000  0.000000  
137.179756 0.013828  0.083618  0.001561  0.995384  0.055672  -0.078174  -0.053125  0.997999  0.034292  0.079926  -0.029981  0.996350  0.009245  -0.021933  -0.000849  0.000000  0.000000  0.000000  2.000000  0.999954  0.009375  0.001948  -0.009379  0.999954  0.002112  -0.001928  -0.002131  0.999996  1.000000  0.000816  0.000158  -0.000817  0.999999  0.001036  -0.000158  -0.001036  0.999999  1.000000  0.000000  0.000000  0.000000  1.000000  0.000000  0.000000  0.000000  1.000000  0.999954  0.009375  0.001948  -0.009379  0.999954  0.002112  -0.001928  -0.002131  0.999996  0.000000  0.000000  
137.181002 0.013841  0.083590  0.001560  0.995395  0.055677  -0.078034  -0.053125  0.997995  0.034406  0.079793  -0.030102  0.996357  0.009302  -0.022025  -0.000630  0.000000  0.000000  0.000000  2.000000  0.999954  0.009375  0.001948  -0.009379  0.999954  0.002112  -0.001928  -0.002131  0.999996  1.000000  0.000808  0.000426  -0.000809  0.999999  0.001157  -0.000425  -0.001158  0.999999  1.000000  0.000000  0.000000  0.000000  1.000000  0.000000  0.000000  0.000000  1.000000  0.999954  0.009375  0.001948  -0.009379  0.999954  0.002112  -0.001928  -0.002131  0.999996  0.000000  0.000000  
137.182006 0.013851  0.083568  0.001558  0.995384  0.055883  -0.078027  -0.053330  0.997983  0.034422  0.079793  -0.030102  0.996357  0.009363  -0.022118  -0.000549  0.000000  0.000000  0.000000  2.000000  0.999954  0.009375  0.001948  -0.009379  0.999954  0.002112  -0.001928  -0.002131  0.999996  0.999999  0.001009  0.000566  -0.001010  0.999999  0.001052  -0.000565  -0.001053  0.999999  1.000000  0.000000  0.000000  0.000000  1.000000  0.000000  0.000000  0.000000  1.000000  0.999954  0.009375  0.001948  -0.009379  0.999954  0.002112  -0.001928  -0.002131  0.999996  0.000000  0.000000  
137.183259 0.013864  0.083541  0.001556  0.995394  0.055879  -0.077894  -0.053331  0.997984  0.034415  0.079660  -0.030102  0.996368  0.009526  -0.022179  -0.000493  0.000000  0.000000  0.000000  2.000000  0.999954  0.009375  0.001948  -0.009379  0.999954  0.002112  -0.001928  -0.002131  0.999996  0.999999  0.001001  0.000833  -0.001002  0.999999  0.001052  -0.000832  -0.001053  0.999999  1.000000  0.000000  0.000000  0.000000  1.000000  0.000000  0.000000  0.000000  1.000000  0.999954  0.009375  0.001948  -0.009379  0.999954  0.002112  -0.001928  -0.002131  0.999996  0.000000  0.000000  
137.184501 0.013877  0.083512  0.001554  0.995383  0.056094  -0.077880  -0.053536  0.997968  0.034552  0.079660  -0.030223  0.996364  0.009632  -0.022300  -0.000504  0.000000  0.000000  0.000000  2.000000  0.999954  0.009375  0.001948  -0.009379  0.999954  0.002112  -0.001928  -0.002131  0.999996  0.999999  0.001206  0.000840  -0.001207  0.999999  0.001190  -0.000838  -0.001191  0.999999  1.000000  0.000000  0.000000  0.000000  1.000000  0.000000  0.000000  0.000000  1.000000  0.999954  0.009375  0.001948  -0.009379  0.999954  0.002112  -0.001928  -0.002131  0.999996  0.000000  0.000000  
137.185755 0.013889  0.083483  0.001551  0.995383  0.056295  -0.077739  -0.053741  0.997957  0.034561  0.079526  -0.030224  0.996374  0.009776  -0.022414  -0.000636  0.000000  0.000000  0.000000  2.000000  0.999954  0.009375  0.001948  -0.009379  0.999954  0.002112  -0.001928  -0.002131  0.999996  0.999999  0.001202  0.000974  -0.001203  0.999999  0.001069  -0.000972  -0.001070  0.999999  1.000000  0.000000  0.000000  0.000000  1.000000  0.000000  0.000000  0.000000  1.000000  0.999954  0.009375  0.001948  -0.009379  0.999954  0.002112  -0.001928  -0.002131  0.999996  0.000000  0.000000  
137.187005 0.013902  0.083453  0.001549  0.995372  0.056510  -0.077725  -0.053946  0.997941  0.034698  0.079526  -0.030344  0.996371  0.009855  -0.022560  -0.000849  0.000000  0.000000  0.000000  2.000000  0.999954  0.009375  0.001948  -0.009379  0.999954  0.002112  -0.001928  -0.002131  0.999996  0.999999  0.001206  0.000840  -0.001207  0.999999  0.001190  -0.000839  -0.001191  0.999999  1.000000  0.000000  0.000000  0.000000  1.000000  0.000000  0.000000  0.000000  1.000000  0.999954  0.009375  0.001948  -0.009379  0.999954  0.002112  -0.001928  -0.002131  0.999996  0.000000  0.000000  
137.188008 0.013912  0.083429  0.001547  0.995372  0.056519  -0.077719  -0.053946  0.997937  0.034819  0.079526  -0.030465  0.996367  0.009917  -0.022692  -0.001026  0.000000  0.000000  0.000000  2.000000  0.999954  0.009375  0.001948  -0.009379  0.999954  0.002112  -0.001928  -0.002131  0.999996  0.999999  0.001411  0.000846  -0.001412  0.999998  0.001328  -0.000845  -0.001329  0.999999  1.000000  0.000000  0.000000  0.000000  1.000000  0.000000  0.000000  0.000000  1.000000  0.999954  0.009375  0.001948  -0.009379  0.999954  0.002112  -0.001928  -0.002131  0.999996  0.000000  0.000000  
137.189252 0.013925  0.083399  0.001544  0.995361  0.056734  -0.077705  -0.054151  0.997921  0.034956  0.079526  -0.030586  0.996363  0.010001  -0.022835  -0.001245  0.000000  0.000000  0.000000  2.000000  0.999954  0.009375  0.001948  -0.009379  0.999954  0.002112  -0.001928  -0.002131  0.999996  0.999998  0.001616  0.000853  -0.001617  0.999998  0.001344  -0.000851  -0.001345  0.999999  1.000000  0.000000  0.000000  0.000000  1.000000  0.000000  0.000000  0.000000  1.000000  0.999954  0.009375  0.001948  -0.009379  0.999954  0.002112  -0.001928  -0.002131  0.999996  0.000000  0.000000  
137.190502 0.013938  0.083368  0.001541  0.995361  0.056744  -0.077698  -0.054151  0.997916  0.035077  0.079526  -0.030707  0.996360  0.010160  -0.023037  -0.001473  0.000000  0.000000  0.000000  2.000000  0.999954  0.009375  0.001948  -0.009379  0.999954  0.002112  -0.001928  -0.002131  0.999996  0.999998  0.001616  0.000853  -0.001617  0.999998  0.001465  -0.000851  -0.001467  0.999999  1.000000  0.000000  0.000000  0.000000  1.000000  0.000000  0.000000  0.000000  1.000000  0.999954  0.009375  0.001948  -0.009379  0.999954  0.002112  -0.001928  -0.002131  0.999996  0.000000  0.000000  
137.191503 0.013949  0.083343  0.001539  0.995350  0.056958  -0.077683  -0.054356  0.997900  0.035214  0.079526  -0.030828  0.996356  0.010207  -0.023166  -0.001614  0.000000  0.000000  0.000000  2.000000  0.999954  0.009375  0.001948  -0.009379  0.999954  0.002112  -0.001928  -0.002131  0.999996  0.999998  0.001825  0.000726  -0.001826  0.999997  0.001482  -0.000723  -0.001483  0.999999  1.000000  0.000000  0.000000  0.000000  1.000000  0.000000  0.000000  0.000000  1.000000  0.999954  0.009375  0.001948  -0.009379  0.999954  0.002112  -0.001928  -0.002131  0.999996  0.000000  0.000000  
137.192503 0.013960  0.083319  0.001538  0.995328  0.057168  -0.077809  -0.054560  0.997889  0.035237  0.079660  -0.030828  0.996345  0.010295  -0.023297  -0.001717  0.000000  0.000000  0.000000  2.000000  0.999954  0.009375  0.001948  -0.009379  0.999954  0.002112  -0.001928  -0.002131  0.999996  0.999998  0.001829  0.000592  -0.001830  0.999997  0.001361  -0.000590  -0.001362  0.999999  1.000000  0.000000  0.000000  0.000000  1.000000  0.000000  0.000000  0.000000  1.000000  0.999954  0.009375  0.001948  -0.009379  0.999954  0.002112  -0.001928  -0.002131  0.999996  0.000000  0.000000  
