1-Time 2-Px 3-Py 4-Pz 5-R11 6-R21 7-R31 8-R12 9-R22 10-R32 11-R13 12-R23 13-R33 14-Vx 15-Vy 16-Vz 17-Wx 18-Wy 19-Wz 20-state 21-PR11 22-PR21 23-PR31 24-PR12 25-PR22 26-PR32 27-PR13 28-PR23 29-PR33 
166.129796 0.015767  0.085236  0.002229  0.997486  0.055506  -0.044065  -0.053443  0.997479  0.046683  0.046545  -0.044211  0.997937  0.000356  0.000022  -0.001325  0.000000  0.000000  0.000000  2.000000  1.000000  0.000000  0.000000  -0.000000  1.000000  0.000000  0.000000  -0.000000  1.000000  1.000000  -0.000000  -0.000000  -0.000000  1.000000  0.000000  0.000000  0.000000  1.000000  1.000000  0.000000  0.000000  0.000000  1.000000  0.000000  0.000000  0.000000  1.000000  0.811420  0.551928  -0.192283  -0.544383  0.833436  0.095034  0.212707  0.027563  0.976727  0.000000  0.000000  
166.130801 0.015767  0.085235  0.002227  0.997486  0.055506  -0.044065  -0.053443  0.997479  0.046683  0.046545  -0.044211  0.997937  0.000364  -0.000009  -0.001310  0.000000  0.000000  0.000000  2.000000  1.000000  0.000000  0.000000  0.000000  1.000000  0.000000  0.000000  0.000000  1.000000  1.000000  -0.000000  -0.000000  -0.000000  1.000000  0.000000  0.000000  0.000000  1.000000  1.000000  0.000000  0.000000  0.000000  1.000000  0.000000  0.000000  0.000000  1.000000  1.000000  0.000000  0.000000  0.000000  1.000000  0.000000  0.000000  0.000000  1.000000  0.000000  0.000000  
166.132049 0.015770  0.085232  0.002226  0.997457  0.055928  -0.044172  -0.053853  0.997450  0.046830  0.046679  -0.044332  0.997926  0.000529  -0.000254  -0.001318  0.000000  0.000000  0.000000  2.000000  1.000000  0.000000  0.000000  0.000000  1.000000  0.000000  0.000000  0.000000  1.000000  1.000000  0.000205  0.000009  -0.000205  1.000000  0.000131  -0.000009  -0.000131  1.000000  1.000000  0.000000  0.000000  0.000000  1.000000  0.000000  0.000000  0.000000  1.000000  1.000000  0.000000  0.000000  0.000000  1.000000  0.000000  0.000000  0.000000  1.000000  0.000000  0.000000  
166.133050 0.015774  0.085228  0.002225  0.997440  0.056139  -0.044296  -0.054058  0.997438  0.046846  0.046812  -0.044331  0.997919  0.000720  -0.000493  -0.001251  0.000000  0.000000  0.000000  2.000000  1.000000  0.000000  0.000000  0.000000  1.000000  0.000000  0.000000  0.000000  1.000000  1.000000  0.000622  -0.000106  -0.000622  1.000000  0.000150  0.000106  -0.000150  1.000000  1.000000  0.000000  0.000000  0.000000  1.000000  0.000000  0.000000  0.000000  1.000000  1.000000  0.000000  0.000000  0.000000  1.000000  0.000000  0.000000  0.000000  1.000000  0.000000  0.000000  
166.134050 0.015777  0.085223  0.002224  0.997440  0.056150  -0.044282  -0.054058  0.997427  0.047088  0.046812  -0.044574  0.997909  0.000935  -0.000868  -0.001239  0.000000  0.000000  0.000000  2.000000  1.000000  0.000000  0.000000  0.000000  1.000000  0.000000  0.000000  0.000000  1.000000  1.000000  0.000628  -0.000240  -0.000628  1.000000  0.000271  0.000240  -0.000271  1.000000  1.000000  0.000000  0.000000  0.000000  1.000000  0.000000  0.000000  0.000000  1.000000  1.000000  0.000000  0.000000  0.000000  1.000000  0.000000  0.000000  0.000000  1.000000  0.000000  0.000000  
166.135301 0.015783  0.085216  0.002222  0.997422  0.056366  -0.044399  -0.054263  0.997409  0.047225  0.046946  -0.044694  0.997897  0.001298  -0.001329  -0.001231  0.000000  0.000000  0.000000  2.000000  1.000000  0.000000  0.000000  0.000000  1.000000  0.000000  0.000000  0.000000  1.000000  1.000000  0.000840  -0.000364  -0.000840  1.000000  0.000524  0.000365  -0.000524  1.000000  1.000000  0.000000  0.000000  0.000000  1.000000  0.000000  0.000000  0.000000  1.000000  1.000000  0.000000  0.000000  0.000000  1.000000  0.000000  0.000000  0.000000  1.000000  0.000000  0.000000  
166.136551 0.015791  0.085209  0.002220  0.997387  0.056800  -0.044633  -0.054673  0.997374  0.047500  0.047213  -0.044936  0.997874  0.001793  -0.001814  -0.001256  0.000000  0.000000  0.000000  2.000000  1.000000  0.000000  0.000000  0.000000  1.000000  0.000000  0.000000  0.000000  1.000000  0.999999  0.001051  -0.000488  -0.001051  0.999999  0.000776  0.000489  -0.000776  1.000000  1.000000  0.000000  0.000000  0.000000  1.000000  0.000000  0.000000  0.000000  1.000000  1.000000  0.000000  0.000000  0.000000  1.000000  0.000000  0.000000  0.000000  1.000000  0.000000  0.000000  
166.137551 0.015799  0.085205  0.002220  0.997370  0.057016  -0.044749  -0.054878  0.997356  0.047638  0.047347  -0.045057  0.997862  0.002312  -0.002041  -0.001206  0.000000  0.000000  0.000000  2.000000  1.000000  0.000000  0.000000  0.000000  1.000000  0.000000  0.000000  0.000000  1.000000  0.999999  0.001474  -0.000737  -0.001474  0.999998  0.000917  0.000738  -0.000916  0.999999  1.000000  0.000000  0.000000  0.000000  1.000000  0.000000  0.000000  0.000000  1.000000  1.000000  0.000000  0.000000  0.000000  1.000000  0.000000  0.000000  0.000000  1.000000  0.000000  0.000000  
166.138796 0.015808  0.085198  0.002218  0.997341  0.057444  -0.044849  -0.055289  0.997321  0.047905  0.047481  -0.045298  0.997844  0.002907  -0.002536  -0.001192  0.000000  0.000000  0.000000  2.000000  1.000000  0.000000  0.000000  0.000000  1.000000  0.000000  0.000000  0.000000  1.000000  0.999998  0.001891  -0.000852  -0.001890  0.999998  0.001058  0.000854  -0.001057  0.999999  1.000000  0.000000  0.000000  0.000000  1.000000  0.000000  0.000000  0.000000  1.000000  1.000000  0.000000  0.000000  0.000000  1.000000  0.000000  0.000000  0.000000  1.000000  0.000000  0.000000  
166.139799 0.015815  0.085191  0.002217  0.997312  0.057861  -0.044963  -0.055699  0.997296  0.047931  0.047614  -0.045298  0.997838  0.003386  -0.003013  -0.001180  0.000000  0.000000  0.000000  2.000000  1.000000  0.000000  0.000000  0.000000  1.000000  0.000000  0.000000  0.000000  1.000000  0.999997  0.002308  -0.000967  -0.002307  0.999997  0.001199  0.000969  -0.001197  0.999999  1.000000  0.000000  0.000000  0.000000  1.000000  0.000000  0.000000  0.000000  1.000000  1.000000  0.000000  0.000000  0.000000  1.000000  0.000000  0.000000  0.000000  1.000000  0.000000  0.000000  
166.141046 0.015825  0.085184  0.002214  0.997264  0.058494  -0.045192  -0.056314  0.997254  0.048095  0.047882  -0.045419  0.997820  0.004037  -0.003506  -0.001325  0.000000  0.000000  0.000000  2.000000  1.000000  0.000000  0.000000  0.000000  1.000000  0.000000  0.000000  0.000000  1.000000  0.999996  0.002725  -0.001081  -0.002724  0.999995  0.001341  0.001085  -0.001338  0.999999  1.000000  0.000000  0.000000  0.000000  1.000000  0.000000  0.000000  0.000000  1.000000  1.000000  0.000000  0.000000  0.000000  1.000000  0.000000  0.000000  0.000000  1.000000  0.000000  0.000000  
166.142296 0.015836  0.085179  0.002210  0.997235  0.058916  -0.045299  -0.056724  0.997224  0.048242  0.048015  -0.045539  0.997808  0.004754  -0.003841  -0.001390  0.000000  0.000000  0.000000  2.000000  1.000000  0.000000  0.000000  0.000000  1.000000  0.000000  0.000000  0.000000  1.000000  0.999994  0.003348  -0.001186  -0.003346  0.999993  0.001492  0.001191  -0.001488  0.999998  1.000000  0.000000  0.000000  0.000000  1.000000  0.000000  0.000000  0.000000  1.000000  1.000000  0.000000  0.000000  0.000000  1.000000  0.000000  0.000000  0.000000  1.000000  0.000000  0.000000  
166.143296 0.015845  0.085174  0.002208  0.997205  0.059339  -0.045405  -0.057135  0.997193  0.048389  0.048149  -0.045660  0.997796  0.005349  -0.004130  -0.001473  0.000000  0.000000  0.000000  2.000000  1.000000  0.000000  0.000000  0.000000  1.000000  0.000000  0.000000  0.000000  1.000000  0.999992  0.003765  -0.001301  -0.003763  0.999992  0.001633  0.001307  -0.001628  0.999998  1.000000  0.000000  0.000000  0.000000  1.000000  0.000000  0.000000  0.000000  1.000000  1.000000  0.000000  0.000000  0.000000  1.000000  0.000000  0.000000  0.000000  1.000000  0.000000  0.000000  
166.144297 0.015854  0.085169  0.002206  0.997175  0.059761  -0.045511  -0.057545  0.997162  0.048537  0.048283  -0.045781  0.997784  0.005833  -0.004438  -0.001527  0.000000  0.000000  0.000000  2.000000  1.000000  0.000000  0.000000  0.000000  1.000000  0.000000  0.000000  0.000000  1.000000  0.999990  0.004182  -0.001415  -0.004180  0.999990  0.001775  0.001422  -0.001769  0.999997  1.000000  0.000000  0.000000  0.000000  1.000000  0.000000  0.000000  0.000000  1.000000  1.000000  0.000000  0.000000  0.000000  1.000000  0.000000  0.000000  0.000000  1.000000  0.000000  0.000000  
166.145546 0.015866  0.085161  0.002203  0.997133  0.060388  -0.045607  -0.058160  0.997119  0.048694  0.048416  -0.045901  0.997772  0.006601  -0.004998  -0.001637  0.000000  0.000000  0.000000  2.000000  1.000000  0.000000  0.000000  0.000000  1.000000  0.000000  0.000000  0.000000  1.000000  0.999987  0.004811  -0.001653  -0.004808  0.999987  0.001927  0.001663  -0.001919  0.999997  1.000000  0.000000  0.000000  0.000000  1.000000  0.000000  0.000000  0.000000  1.000000  1.000000  0.000000  0.000000  0.000000  1.000000  0.000000  0.000000  0.000000  1.000000  0.000000  0.000000  
166.146553 0.015876  0.085153  0.002201  0.997096  0.060817  -0.045846  -0.058570  0.997087  0.048849  0.048683  -0.046022  0.997753  0.007214  -0.005446  -0.001708  0.069370  0.064056  0.175814  2.000000  1.000000  0.000155  0.000131  -0.000155  1.000000  0.000074  -0.000131  -0.000074  1.000000  0.999984  0.005234  -0.001901  -0.005230  0.999984  0.002069  0.001912  -0.002060  0.999996  1.000000  0.000053  0.000045  -0.000053  1.000000  0.000026  -0.000045  -0.000026  1.000000  1.000000  0.000155  0.000131  -0.000155  1.000000  0.000074  -0.000131  -0.000074  1.000000  0.000050  0.005939  
166.147802 0.015889  0.085141  0.002199  0.997046  0.061456  -0.046068  -0.059185  0.997037  0.049135  0.048951  -0.046263  0.997729  0.007809  -0.005888  -0.001758  0.078526  0.072070  0.196913  2.000000  1.000000  0.000437  0.000370  -0.000437  1.000000  0.000209  -0.000370  -0.000209  1.000000  0.999981  0.005863  -0.002139  -0.005858  0.999980  0.002222  0.002152  -0.002210  0.999995  1.000000  0.000060  0.000050  -0.000060  1.000000  0.000028  -0.000050  -0.000028  1.000000  1.000000  0.000437  0.000370  -0.000437  1.000000  0.000209  -0.000370  -0.000209  1.000000  0.000056  0.006623  
166.149046 0.015902  0.085129  0.002198  0.996990  0.062101  -0.046422  -0.059800  0.996986  0.049429  0.049352  -0.046504  0.997698  0.008316  -0.006259  -0.001727  0.087728  0.084594  0.218280  2.000000  1.000000  0.000752  0.000629  -0.000752  1.000000  0.000358  -0.000629  -0.000359  1.000000  0.999977  0.006287  -0.002386  -0.006281  0.999977  0.002487  0.002401  -0.002472  0.999994  1.000000  0.000065  0.000053  -0.000065  1.000000  0.000031  -0.000053  -0.000031  1.000000  1.000000  0.000752  0.000629  -0.000752  1.000000  0.000358  -0.000629  -0.000359  1.000000  0.000060  0.007167  
166.150049 0.015912  0.085117  0.002197  0.996952  0.062536  -0.046653  -0.060209  0.996947  0.049706  0.049619  -0.046746  0.997674  0.008704  -0.006712  -0.001720  0.096563  0.092911  0.232479  2.000000  0.999999  0.001029  0.000851  -0.001029  0.999999  0.000492  -0.000850  -0.000493  1.000000  0.999974  0.006711  -0.002632  -0.006704  0.999974  0.002751  0.002650  -0.002733  0.999993  1.000000  0.000071  0.000056  -0.000071  1.000000  0.000034  -0.000056  -0.000034  1.000000  0.999999  0.001029  0.000851  -0.001029  0.999999  0.000492  -0.000850  -0.000493  1.000000  0.000065  0.007713  
166.151301 0.015925  0.085101  0.002195  0.996901  0.063175  -0.046873  -0.060824  0.996896  0.049993  0.049886  -0.046987  0.997649  0.009077  -0.007306  -0.001730  0.105741  0.100914  0.253594  2.000000  0.999998  0.001406  0.001148  -0.001407  0.999999  0.000678  -0.001147  -0.000680  0.999999  0.999969  0.007347  -0.003001  -0.007337  0.999968  0.003148  0.003024  -0.003126  0.999991  1.000000  0.000079  0.000061  -0.000079  1.000000  0.000039  -0.000061  -0.000039  1.000000  0.999998  0.001406  0.001148  -0.001407  0.999999  0.000678  -0.001147  -0.000680  0.999999  0.000072  0.008534  
166.152551 0.015939  0.085084  0.002193  0.996843  0.063821  -0.047227  -0.061439  0.996843  0.050289  0.050287  -0.047228  0.997618  0.009342  -0.008091  -0.001756  0.114940  0.113401  0.274912  2.000000  0.999997  0.001813  0.001455  -0.001815  0.999998  0.000876  -0.001453  -0.000878  0.999999  0.999966  0.007566  -0.003257  -0.007555  0.999966  0.003283  0.003282  -0.003258  0.999989  1.000000  0.000083  0.000061  -0.000083  1.000000  0.000041  -0.000061  -0.000041  1.000000  0.999997  0.001813  0.001455  -0.001815  0.999998  0.000876  -0.001453  -0.000878  0.999999  0.000078  0.008863  
166.153801 0.015952  0.085065  0.002191  0.996798  0.064262  -0.047590  -0.061848  0.996803  0.050575  0.050688  -0.047469  0.997586  0.009647  -0.008917  -0.001821  0.123823  0.126211  0.289359  2.000000  0.999996  0.002157  0.001712  -0.002159  0.999997  0.001045  -0.001709  -0.001049  0.999998  0.999962  0.007984  -0.003369  -0.007972  0.999962  0.003548  0.003397  -0.003521  0.999988  1.000000  0.000086  0.000065  -0.000086  1.000000  0.000044  -0.000065  -0.000044  1.000000  0.999996  0.002157  0.001712  -0.002159  0.999997  0.001045  -0.001709  -0.001049  0.999998  0.000084  0.009359  
166.155047 0.015964  0.085044  0.002187  0.996759  0.064697  -0.047820  -0.062258  0.996764  0.050853  0.050955  -0.047711  0.997561  0.009795  -0.009780  -0.001938  0.132705  0.134541  0.303632  2.000000  0.999995  0.002605  0.002041  -0.002608  0.999996  0.001260  -0.002038  -0.001265  0.999997  0.999960  0.008202  -0.003626  -0.008190  0.999961  0.003440  0.003654  -0.003410  0.999988  1.000000  0.000091  0.000066  -0.000091  1.000000  0.000043  -0.000066  -0.000043  1.000000  0.999995  0.002605  0.002041  -0.002608  0.999996  0.001260  -0.002038  -0.001265  0.999997  0.000089  0.009600  
166.156049 0.015974  0.085028  0.002183  0.996719  0.065126  -0.048058  -0.062667  0.996730  0.051010  0.051222  -0.047831  0.997541  0.009917  -0.010474  -0.002049  0.137487  0.142858  0.317836  2.000000  0.999993  0.002977  0.002309  -0.002980  0.999995  0.001434  -0.002305  -0.001441  0.999996  0.999957  0.008421  -0.003881  -0.008407  0.999958  0.003574  0.003911  -0.003541  0.999986  1.000000  0.000095  0.000067  -0.000095  1.000000  0.000044  -0.000067  -0.000044  1.000000  0.999993  0.002977  0.002309  -0.002980  0.999995  0.001434  -0.002305  -0.001441  0.999996  0.000092  0.009932  
166.157298 0.015987  0.085010  0.002178  0.996680  0.065555  -0.048295  -0.063077  0.996696  0.051168  0.051490  -0.047951  0.997522  0.010095  -0.011404  -0.002174  0.142287  0.151188  0.332071  2.000000  0.999991  0.003450  0.002655  -0.003455  0.999993  0.001648  -0.002650  -0.001657  0.999995  0.999956  0.008621  -0.003736  -0.008608  0.999957  0.003465  0.003766  -0.003432  0.999987  1.000000  0.000094  0.000070  -0.000094  1.000000  0.000043  -0.000070  -0.000043  1.000000  0.999991  0.003450  0.002655  -0.003455  0.999993  0.001648  -0.002650  -0.001657  0.999995  0.000098  0.010008  
166.158546 0.016000  0.084991  0.002172  0.996634  0.066189  -0.048381  -0.063692  0.996643  0.051448  0.051623  -0.048193  0.997503  0.010155  -0.012262  -0.002367  0.151487  0.154688  0.353021  2.000000  0.999988  0.003925  0.003004  -0.003931  0.999991  0.001860  -0.002996  -0.001871  0.999994  0.999956  0.008621  -0.003734  -0.008608  0.999957  0.003467  0.003764  -0.003434  0.999987  1.000000  0.000094  0.000070  -0.000094  1.000000  0.000043  -0.000070  -0.000043  1.000000  0.999988  0.003925  0.003004  -0.003931  0.999991  0.001860  -0.002996  -0.001871  0.999994  0.000102  0.010009  
166.159795 0.016012  0.084972  0.002167  0.996593  0.066618  -0.048618  -0.064101  0.996608  0.051606  0.051891  -0.048313  0.997483  0.010236  -0.012939  -0.002549  0.155039  0.161705  0.364310  2.000000  0.999985  0.004401  0.003351  -0.004408  0.999988  0.002072  -0.003342  -0.002087  0.999992  0.999955  0.008628  -0.003867  -0.008615  0.999957  0.003469  0.003897  -0.003436  0.999987  1.000000  0.000096  0.000069  -0.000096  1.000000  0.000043  -0.000069  -0.000043  1.000000  0.999985  0.004401  0.003351  -0.004408  0.999988  0.002072  -0.003342  -0.002087  0.999992  0.000106  0.010066  
166.160796 0.016022  0.084956  0.002163  0.996573  0.066835  -0.048732  -0.064306  0.996588  0.051745  0.052024  -0.048434  0.997471  0.010244  -0.013615  -0.002648  0.159463  0.165839  0.371415  2.000000  0.999982  0.004783  0.003626  -0.004791  0.999986  0.002244  -0.003615  -0.002261  0.999991  0.999955  0.008629  -0.003866  -0.008615  0.999957  0.003470  0.003896  -0.003437  0.999987  1.000000  0.000096  0.000069  -0.000096  1.000000  0.000043  -0.000069  -0.000043  1.000000  0.999982  0.004783  0.003626  -0.004791  0.999986  0.002244  -0.003615  -0.002261  0.999991  0.000109  0.010066  
166.162043 0.016033  0.084936  0.002159  0.996546  0.067059  -0.048980  -0.064510  0.996567  0.051893  0.052291  -0.048554  0.997451  0.010149  -0.014179  -0.002751  0.159199  0.170572  0.364798  2.000000  0.999979  0.005165  0.003895  -0.005175  0.999984  0.002418  -0.003882  -0.002438  0.999989  0.999956  0.008430  -0.004008  -0.008416  0.999958  0.003583  0.004038  -0.003549  0.999986  1.000000  0.000096  0.000066  -0.000096  1.000000  0.000045  -0.000066  -0.000045  1.000000  0.999979  0.005165  0.003895  -0.005175  0.999984  0.002418  -0.003882  -0.002438  0.999989  0.000110  0.009993  
166.163062 0.016043  0.084920  0.002157  0.996526  0.067277  -0.049094  -0.064715  0.996546  0.052033  0.052425  -0.048675  0.997438  0.010064  -0.014684  -0.002846  0.160484  0.171853  0.367651  2.000000  0.999976  0.005546  0.004153  -0.005556  0.999981  0.002590  -0.004139  -0.002613  0.999988  0.999958  0.008225  -0.004018  -0.008211  0.999960  0.003573  0.004047  -0.003540  0.999986  1.000000  0.000095  0.000064  -0.000095  1.000000  0.000044  -0.000064  -0.000044  1.000000  0.999976  0.005546  0.004153  -0.005556  0.999981  0.002590  -0.004139  -0.002613  0.999988  0.000110  0.009821  
166.164303 0.016055  0.084899  0.002154  0.996485  0.067712  -0.049322  -0.065124  0.996505  0.052312  0.052692  -0.048916  0.997412  0.010004  -0.015205  -0.002961  0.163772  0.174669  0.372056  2.000000  0.999973  0.005926  0.004403  -0.005938  0.999979  0.002767  -0.004387  -0.002793  0.999986  0.999958  0.008226  -0.004017  -0.008211  0.999960  0.003574  0.004046  -0.003541  0.999986  1.000000  0.000095  0.000064  -0.000095  1.000000  0.000044  -0.000064  -0.000044  1.000000  0.999973  0.005926  0.004403  -0.005938  0.999979  0.002767  -0.004387  -0.002793  0.999986  0.000112  0.009821  
166.165550 0.016065  0.084876  0.002152  0.996465  0.067930  -0.049437  -0.065329  0.996484  0.052452  0.052826  -0.049037  0.997399  0.009903  -0.015737  -0.002952  0.160032  0.174186  0.378732  2.000000  0.999968  0.006400  0.004706  -0.006414  0.999975  0.002992  -0.004687  -0.003022  0.999984  0.999961  0.007822  -0.004169  -0.007807  0.999963  0.003676  0.004197  -0.003644  0.999985  1.000000  0.000094  0.000058  -0.000094  1.000000  0.000046  -0.000058  -0.000046  1.000000  0.999968  0.006400  0.004706  -0.006414  0.999975  0.002992  -0.004687  -0.003022  0.999984  0.000113  0.009590  
166.166805 0.016076  0.084850  0.002151  0.996437  0.068160  -0.049676  -0.065533  0.996457  0.052721  0.053093  -0.049278  0.997373  0.009696  -0.016303  -0.002915  0.161100  0.180371  0.375251  2.000000  0.999964  0.006857  0.004983  -0.006873  0.999971  0.003216  -0.004961  -0.003250  0.999982  0.999964  0.007412  -0.004188  -0.007397  0.999966  0.003657  0.004215  -0.003626  0.999985  1.000000  0.000092  0.000054  -0.000092  1.000000  0.000046  -0.000054  -0.000046  1.000000  0.999964  0.006857  0.004983  -0.006873  0.999971  0.003216  -0.004961  -0.003250  0.999982  0.000111  0.009259  
166.168051 0.016087  0.084823  0.002150  0.996409  0.068384  -0.049923  -0.065737  0.996435  0.052870  0.053360  -0.049399  0.997353  0.009523  -0.016883  -0.002847  0.159578  0.179225  0.365451  2.000000  0.999960  0.007299  0.005239  -0.007317  0.999967  0.003441  -0.005214  -0.003479  0.999980  0.999967  0.006996  -0.004073  -0.006981  0.999969  0.003636  0.004098  -0.003607  0.999985  1.000000  0.000088  0.000050  -0.000088  1.000000  0.000045  -0.000050  -0.000045  1.000000  0.999960  0.007299  0.005239  -0.007317  0.999967  0.003441  -0.005214  -0.003479  0.999980  0.000109  0.008868  
166.169300 0.016098  0.084795  0.002149  0.996389  0.068608  -0.050028  -0.065942  0.996408  0.053131  0.053494  -0.049640  0.997334  0.009437  -0.017430  -0.002669  0.164251  0.181217  0.354535  2.000000  0.999955  0.007724  0.005475  -0.007744  0.999963  0.003661  -0.005447  -0.003704  0.999978  0.999971  0.006579  -0.003959  -0.006565  0.999972  0.003494  0.003982  -0.003468  0.999986  1.000000  0.000084  0.000046  -0.000084  1.000000  0.000044  -0.000046  -0.000044  1.000000  0.999955  0.007724  0.005475  -0.007744  0.999963  0.003661  -0.005447  -0.003704  0.999978  0.000109  0.008431  
166.170548 0.016109  0.084768  0.002149  0.996381  0.068621  -0.050153  -0.065942  0.996401  0.053261  0.053628  -0.049761  0.997320  0.009344  -0.017889  -0.002350  0.163601  0.181838  0.340760  2.000000  0.999952  0.008053  0.005654  -0.008074  0.999960  0.003837  -0.005622  -0.003882  0.999977  0.999974  0.006162  -0.003844  -0.006149  0.999975  0.003473  0.003866  -0.003450  0.999987  1.000000  0.000080  0.000043  -0.000080  1.000000  0.000043  -0.000043  -0.000043  1.000000  0.999952  0.008053  0.005654  -0.008074  0.999960  0.003837  -0.005622  -0.003882  0.999977  0.000105  0.008046  
166.171553 0.016118  0.084746  0.002149  0.996361  0.068839  -0.050267  -0.066146  0.996380  0.053401  0.053761  -0.049881  0.997307  0.009250  -0.018364  -0.002097  0.163247  0.182075  0.333781  2.000000  0.999948  0.008370  0.005824  -0.008393  0.999957  0.004007  -0.005790  -0.004055  0.999975  0.999975  0.005950  -0.003720  -0.005938  0.999977  0.003342  0.003740  -0.003320  0.999987  1.000000  0.000078  0.000041  -0.000078  1.000000  0.000042  -0.000041  -0.000042  1.000000  0.999948  0.008370  0.005824  -0.008393  0.999957  0.004007  -0.005790  -0.004055  0.999975  0.000104  0.007768  
166.172800 0.016130  0.084718  0.002148  0.996353  0.068858  -0.050383  -0.066146  0.996367  0.053651  0.053895  -0.050123  0.997288  0.009131  -0.019004  -0.001756  0.166347  0.183050  0.313182  2.000000  0.999944  0.008741  0.006012  -0.008766  0.999953  0.004212  -0.005975  -0.004265  0.999973  0.999980  0.005322  -0.003483  -0.005310  0.999980  0.003309  0.003500  -0.003291  0.999988  1.000000  0.000071  0.000036  -0.000071  1.000000  0.000041  -0.000036  -0.000041  1.000000  0.999944  0.008741  0.006012  -0.008766  0.999953  0.004212  -0.005975  -0.004265  0.999973  0.000102  0.007165  
166.174047 0.016141  0.084690  0.002147  0.996333  0.069076  -0.050497  -0.066350  0.996345  0.053791  0.054028  -0.050244  0.997275  0.009062  -0.019672  -0.001524  0.166080  0.178881  0.306131  2.000000  0.999942  0.008880  0.006083  -0.008906  0.999951  0.004292  -0.006045  -0.004346  0.999972  0.999983  0.004898  -0.003236  -0.004888  0.999983  0.003167  0.003251  -0.003151  0.999990  1.000000  0.000000  0.000000  0.000000  1.000000  0.000000  0.000000  0.000000  1.000000  0.999942  0.008880  0.006083  -0.008906  0.999951  0.004292  -0.006045  -0.004346  0.999972  0.000099  0.000000  
166.175296 0.016152  0.084662  0.002144  0.996333  0.069082  -0.050489  -0.066350  0.996339  0.053912  0.054028  -0.050364  0.997268  0.009019  -0.020192  -0.001380  0.165035  0.175350  0.285223  2.000000  0.999942  0.008880  0.006083  -0.008906  0.999951  0.004292  -0.006045  -0.004346  0.999972  0.999986  0.004474  -0.002989  -0.004465  0.999985  0.003023  0.003002  -0.003010  0.999991  1.000000  0.000000  0.000000  0.000000  1.000000  0.000000  0.000000  0.000000  1.000000  0.999942  0.008880  0.006083  -0.008906  0.999951  0.004292  -0.006045  -0.004346  0.999972  0.000093  0.000000  
166.176296 0.016162  0.084639  0.002143  0.996333  0.069088  -0.050480  -0.066350  0.996332  0.054033  0.054028  -0.050485  0.997262  0.009042  -0.020629  -0.001223  0.163043  0.165659  0.268828  2.000000  0.999942  0.008880  0.006083  -0.008906  0.999951  0.004292  -0.006045  -0.004346  0.999972  0.999988  0.004050  -0.002742  -0.004042  0.999987  0.003001  0.002754  -0.002990  0.999992  1.000000  0.000000  0.000000  0.000000  1.000000  0.000000  0.000000  0.000000  1.000000  0.999942  0.008880  0.006083  -0.008906  0.999951  0.004292  -0.006045  -0.004346  0.999972  0.000091  0.000000  
166.177546 0.016173  0.084611  0.002141  0.996340  0.069087  -0.050339  -0.066351  0.996326  0.054145  0.053895  -0.050607  0.997263  0.009006  -0.021163  -0.001084  0.161963  0.153218  0.247598  2.000000  0.999942  0.008880  0.006083  -0.008906  0.999951  0.004292  -0.006045  -0.004346  0.999972  0.999991  0.003620  -0.002361  -0.003613  0.999989  0.002857  0.002372  -0.002848  0.999993  1.000000  0.000000  0.000000  0.000000  1.000000  0.000000  0.000000  0.000000  1.000000  0.999942  0.008880  0.006083  -0.008906  0.999951  0.004292  -0.006045  -0.004346  0.999972  0.000085  0.000000  
166.178800 0.016184  0.084583  0.002139  0.996340  0.069093  -0.050331  -0.066351  0.996320  0.054266  0.053895  -0.050728  0.997257  0.008952  -0.021711  -0.001036  0.157234  0.144920  0.233484  2.000000  0.999942  0.008880  0.006083  -0.008906  0.999951  0.004292  -0.006045  -0.004346  0.999972  0.999993  0.002990  -0.002125  -0.002984  0.999992  0.002824  0.002134  -0.002817  0.999994  1.000000  0.000000  0.000000  0.000000  1.000000  0.000000  0.000000  0.000000  1.000000  0.999942  0.008880  0.006083  -0.008906  0.999951  0.004292  -0.006045  -0.004346  0.999972  0.000079  0.000000  
166.179806 0.016193  0.084560  0.002139  0.996340  0.069100  -0.050322  -0.066351  0.996313  0.054387  0.053895  -0.050849  0.997251  0.008934  -0.022047  -0.000930  0.149336  0.133586  0.214060  2.000000  0.999942  0.008880  0.006083  -0.008906  0.999951  0.004292  -0.006045  -0.004346  0.999972  0.999994  0.002778  -0.002002  -0.002773  0.999992  0.002813  0.002010  -0.002807  0.999994  1.000000  0.000000  0.000000  0.000000  1.000000  0.000000  0.000000  0.000000  1.000000  0.999942  0.008880  0.006083  -0.008906  0.999951  0.004292  -0.006045  -0.004346  0.999972  0.000076  0.000000  
166.181051 0.016204  0.084530  0.002138  0.996340  0.069106  -0.050314  -0.066351  0.996306  0.054508  0.053895  -0.050970  0.997245  0.008935  -0.022367  -0.000864  0.144241  0.125608  0.192980  2.000000  0.999942  0.008880  0.006083  -0.008906  0.999951  0.004292  -0.006045  -0.004346  0.999972  0.999996  0.002354  -0.001755  -0.002349  0.999993  0.002791  0.001762  -0.002786  0.999995  1.000000  0.000000  0.000000  0.000000  1.000000  0.000000  0.000000  0.000000  1.000000  0.999942  0.008880  0.006083  -0.008906  0.999951  0.004292  -0.006045  -0.004346  0.999972  0.000070  0.000000  
166.182296 0.016215  0.084500  0.002139  0.996347  0.069105  -0.050172  -0.066351  0.996300  0.054620  0.053761  -0.051091  0.997246  0.008975  -0.022644  -0.000749  0.139134  0.108645  0.171441  2.000000  0.999942  0.008880  0.006083  -0.008906  0.999951  0.004292  -0.006045  -0.004346  0.999972  0.999997  0.001923  -0.001375  -0.001920  0.999995  0.002647  0.001380  -0.002644  0.999996  1.000000  0.000000  0.000000  0.000000  1.000000  0.000000  0.000000  0.000000  1.000000  0.999942  0.008880  0.006083  -0.008906  0.999951  0.004292  -0.006045  -0.004346  0.999972  0.000065  0.000000  
166.183297 0.016223  0.084475  0.002141  0.996347  0.069111  -0.050164  -0.066351  0.996294  0.054740  0.053761  -0.051212  0.997240  0.008947  -0.022854  -0.000579  0.000000  0.000000  0.000000  2.000000  0.999942  0.008880  0.006083  -0.008906  0.999951  0.004292  -0.006045  -0.004346  0.999972  0.999998  0.001711  -0.001252  -0.001708  0.999995  0.002636  0.001256  -0.002634  0.999996  1.000000  0.000000  0.000000  0.000000  1.000000  0.000000  0.000000  0.000000  1.000000  0.999942  0.008880  0.006083  -0.008906  0.999951  0.004292  -0.006045  -0.004346  0.999972  0.000000  0.000000  
166.184302 0.016233  0.084450  0.002143  0.996347  0.069117  -0.050156  -0.066351  0.996287  0.054861  0.053761  -0.051333  0.997234  0.008988  -0.023058  -0.000417  0.000000  0.000000  0.000000  2.000000  0.999942  0.008880  0.006083  -0.008906  0.999951  0.004292  -0.006045  -0.004346  0.999972  0.999999  0.001294  -0.001139  -0.001291  0.999996  0.002614  0.001143  -0.002612  0.999996  1.000000  0.000000  0.000000  0.000000  1.000000  0.000000  0.000000  0.000000  1.000000  0.999942  0.008880  0.006083  -0.008906  0.999951  0.004292  -0.006045  -0.004346  0.999972  0.000000  0.000000  
166.185551 0.016244  0.084419  0.002147  0.996347  0.069129  -0.050139  -0.066351  0.996274  0.055103  0.053761  -0.051575  0.997221  0.009021  -0.023214  -0.000126  0.000000  0.000000  0.000000  2.000000  0.999942  0.008880  0.006083  -0.008906  0.999951  0.004292  -0.006045  -0.004346  0.999972  0.999999  0.001075  -0.000882  -0.001073  0.999996  0.002481  0.000885  -0.002480  0.999997  1.000000  0.000000  0.000000  0.000000  1.000000  0.000000  0.000000  0.000000  1.000000  0.999942  0.008880  0.006083  -0.008906  0.999951  0.004292  -0.006045  -0.004346  0.999972  0.000000  0.000000  
166.186557 0.016253  0.084395  0.002149  0.996347  0.069135  -0.050130  -0.066351  0.996267  0.055224  0.053761  -0.051696  0.997215  0.009004  -0.023434  0.000026  0.000000  0.000000  0.000000  2.000000  0.999942  0.008880  0.006083  -0.008906  0.999951  0.004292  -0.006045  -0.004346  0.999972  0.999999  0.000863  -0.000759  -0.000861  0.999997  0.002470  0.000761  -0.002470  0.999997  1.000000  0.000000  0.000000  0.000000  1.000000  0.000000  0.000000  0.000000  1.000000  0.999942  0.008880  0.006083  -0.008906  0.999951  0.004292  -0.006045  -0.004346  0.999972  0.000000  0.000000  
166.187799 0.016266  0.084363  0.002153  0.996347  0.069141  -0.050122  -0.066351  0.996260  0.055345  0.053761  -0.051817  0.997208  0.009082  -0.023693  0.000311  0.000000  0.000000  0.000000  2.000000  0.999942  0.008880  0.006083  -0.008906  0.999951  0.004292  -0.006045  -0.004346  0.999972  1.000000  0.000644  -0.000503  -0.000642  0.999997  0.002338  0.000504  -0.002338  0.999997  1.000000  0.000000  0.000000  0.000000  1.000000  0.000000  0.000000  0.000000  1.000000  0.999942  0.008880  0.006083  -0.008906  0.999951  0.004292  -0.006045  -0.004346  0.999972  0.000000  0.000000  
166.188800 0.016276  0.084338  0.002156  0.996333  0.069347  -0.050111  -0.066556  0.996246  0.055355  0.053761  -0.051817  0.997208  0.009134  -0.023854  0.000604  0.000000  0.000000  0.000000  2.000000  0.999942  0.008880  0.006083  -0.008906  0.999951  0.004292  -0.006045  -0.004346  0.999972  1.000000  0.000637  -0.000369  -0.000636  0.999997  0.002338  0.000370  -0.002338  0.999997  1.000000  0.000000  0.000000  0.000000  1.000000  0.000000  0.000000  0.000000  1.000000  0.999942  0.008880  0.006083  -0.008906  0.999951  0.004292  -0.006045  -0.004346  0.999972  0.000000  0.000000  
166.190047 0.016289  0.084307  0.002158  0.996333  0.069353  -0.050102  -0.066556  0.996239  0.055476  0.053761  -0.051938  0.997202  0.009268  -0.024069  0.000933  0.000000  0.000000  0.000000  2.000000  0.999942  0.008880  0.006083  -0.008906  0.999951  0.004292  -0.006045  -0.004346  0.999972  1.000000  0.000623  -0.000102  -0.000623  0.999997  0.002217  0.000103  -0.002216  0.999998  1.000000  0.000000  0.000000  0.000000  1.000000  0.000000  0.000000  0.000000  1.000000  0.999942  0.008880  0.006083  -0.008906  0.999951  0.004292  -0.006045  -0.004346  0.999972  0.000000  0.000000  
166.191296 0.016302  0.084275  0.002160  0.996333  0.069359  -0.050094  -0.066556  0.996233  0.055597  0.053761  -0.052059  0.997196  0.009350  -0.024255  0.001103  0.000000  0.000000  0.000000  2.000000  0.999942  0.008880  0.006083  -0.008906  0.999951  0.004292  -0.006045  -0.004346  0.999972  1.000000  0.000411  0.000021  -0.000411  0.999997  0.002205  -0.000021  -0.002205  0.999998  1.000000  0.000000  0.000000  0.000000  1.000000  0.000000  0.000000  0.000000  1.000000  0.999942  0.008880  0.006083  -0.008906  0.999951  0.004292  -0.006045  -0.004346  0.999972  0.000000  0.000000  
166.192296 0.016313  0.084251  0.002161  0.996340  0.069352  -0.049961  -0.066557  0.996233  0.055588  0.053628  -0.052059  0.997203  0.009440  -0.024406  0.001324  0.000000  0.000000  0.000000  2.000000  0.999942  0.008880  0.006083  -0.008906  0.999951  0.004292  -0.006045  -0.004346  0.999972  1.000000  0.000404  0.000155  -0.000404  0.999998  0.002084  -0.000154  -0.002084  0.999998  1.000000  0.000000  0.000000  0.000000  1.000000  0.000000  0.000000  0.000000  1.000000  0.999942  0.008880  0.006083  -0.008906  0.999951  0.004292  -0.006045  -0.004346  0.999972  0.000000  0.000000  
166.193549 0.016327  0.084219  0.002163  0.996327  0.069563  -0.049941  -0.066762  0.996212  0.055719  0.053628  -0.052180  0.997197  0.009633  -0.024615  0.001602  0.000000  0.000000  0.000000  2.000000  0.999942  0.008880  0.006083  -0.008906  0.999951  0.004292  -0.006045  -0.004346  0.999972  1.000000  0.000602  0.000299  -0.000602  0.999998  0.001974  -0.000298  -0.001974  0.999998  1.000000  0.000000  0.000000  0.000000  1.000000  0.000000  0.000000  0.000000  1.000000  0.999942  0.008880  0.006083  -0.008906  0.999951  0.004292  -0.006045  -0.004346  0.999972  0.000000  0.000000  
166.194554 0.016337  0.084194  0.002164  0.996334  0.069562  -0.049799  -0.066762  0.996206  0.055831  0.053494  -0.052301  0.997198  0.009774  -0.024793  0.001717  0.000000  0.000000  0.000000  2.000000  0.999942  0.008880  0.006083  -0.008906  0.999951  0.004292  -0.006045  -0.004346  0.999972  1.000000  0.000390  0.000422  -0.000390  0.999998  0.001963  -0.000422  -0.001963  0.999998  1.000000  0.000000  0.000000  0.000000  1.000000  0.000000  0.000000  0.000000  1.000000  0.999942  0.008880  0.006083  -0.008906  0.999951  0.004292  -0.006045  -0.004346  0.999972  0.000000  0.000000  
166.195556 0.016349  0.084169  0.002165  0.996320  0.069767  -0.049788  -0.066968  0.996191  0.055841  0.053494  -0.052301  0.997198  0.009947  -0.024894  0.001803  0.000000  0.000000  0.000000  2.000000  0.999942  0.008880  0.006083  -0.008906  0.999951  0.004292  -0.006045  -0.004346  0.999972  1.000000  0.000588  0.000567  -0.000589  0.999998  0.001974  -0.000566  -0.001974  0.999998  1.000000  0.000000  0.000000  0.000000  1.000000  0.000000  0.000000  0.000000  1.000000  0.999942  0.008880  0.006083  -0.008906  0.999951  0.004292  -0.006045  -0.004346  0.999972  0.000000  0.000000  
166.196802 0.016363  0.084135  0.002165  0.996320  0.069773  -0.049779  -0.066968  0.996185  0.055962  0.053494  -0.052422  0.997191  0.010200  -0.025119  0.001810  0.000000  0.000000  0.000000  2.000000  0.999942  0.008880  0.006083  -0.008906  0.999951  0.004292  -0.006045  -0.004346  0.999972  1.000000  0.000588  0.000567  -0.000589  0.999998  0.001974  -0.000566  -0.001974  0.999998  1.000000  0.000000  0.000000  0.000000  1.000000  0.000000  0.000000  0.000000  1.000000  0.999942  0.008880  0.006083  -0.008906  0.999951  0.004292  -0.006045  -0.004346  0.999972  0.000000  0.000000  
166.198048 0.016376  0.084101  0.002166  0.996313  0.069977  -0.049626  -0.067173  0.996164  0.056084  0.053360  -0.052544  0.997192  0.010375  -0.025322  0.001698  0.000000  0.000000  0.000000  2.000000  0.999942  0.008880  0.006083  -0.008906  0.999951  0.004292  -0.006045  -0.004346  0.999972  1.000000  0.000793  0.000578  -0.000794  0.999998  0.001985  -0.000576  -0.001985  0.999998  1.000000  0.000000  0.000000  0.000000  1.000000  0.000000  0.000000  0.000000  1.000000  0.999942  0.008880  0.006083  -0.008906  0.999951  0.004292  -0.006045  -0.004346  0.999972  0.000000  0.000000  
166.199050 0.016388  0.084074  0.002167  0.996300  0.070188  -0.049606  -0.067378  0.996143  0.056215  0.053360  -0.052665  0.997186  0.010514  -0.025478  0.001638  0.000000  0.000000  0.000000  2.000000  0.999942  0.008880  0.006083  -0.008906  0.999951  0.004292  -0.006045  -0.004346  0.999972  1.000000  0.000793  0.000578  -0.000794  0.999998  0.001985  -0.000576  -0.001985  0.999998  1.000000  0.000000  0.000000  0.000000  1.000000  0.000000  0.000000  0.000000  1.000000  0.999942  0.008880  0.006083  -0.008906  0.999951  0.004292  -0.006045  -0.004346  0.999972  0.000000  0.000000  
166.200303 0.016402  0.084040  0.002168  0.996300  0.070200  -0.049589  -0.067378  0.996129  0.056457  0.053360  -0.052906  0.997173  0.010675  -0.025725  0.001468  0.000000  0.000000  0.000000  2.000000  0.999942  0.008880  0.006083  -0.008906  0.999951  0.004292  -0.006045  -0.004346  0.999972  0.999999  0.000998  0.000589  -0.000999  0.999998  0.001996  -0.000587  -0.001996  0.999998  1.000000  0.000000  0.000000  0.000000  1.000000  0.000000  0.000000  0.000000  1.000000  0.999942  0.008880  0.006083  -0.008906  0.999951  0.004292  -0.006045  -0.004346  0.999972  0.000000  0.000000  
166.201551 0.016417  0.084005  0.002169  0.996286  0.070411  -0.049569  -0.067583  0.996108  0.056588  0.053360  -0.053027  0.997166  0.010875  -0.025990  0.001355  0.000000  0.000000  0.000000  2.000000  0.999942  0.008880  0.006083  -0.008906  0.999951  0.004292  -0.006045  -0.004346  0.999972  0.999999  0.001203  0.000600  -0.001205  0.999997  0.002128  -0.000597  -0.002129  0.999998  1.000000  0.000000  0.000000  0.000000  1.000000  0.000000  0.000000  0.000000  1.000000  0.999942  0.008880  0.006083  -0.008906  0.999951  0.004292  -0.006045  -0.004346  0.999972  0.000000  0.000000  
166.202798 0.016432  0.083969  0.002172  0.996272  0.070622  -0.049549  -0.067788  0.996086  0.056719  0.053360  -0.053148  0.997160  0.011082  -0.026266  0.001241  0.000000  0.000000  0.000000  2.000000  0.999942  0.008880  0.006083  -0.008906  0.999951  0.004292  -0.006045  -0.004346  0.999972  0.999999  0.001416  0.000477  -0.001417  0.999997  0.002139  -0.000474  -0.002140  0.999998  1.000000  0.000000  0.000000  0.000000  1.000000  0.000000  0.000000  0.000000  1.000000  0.999942  0.008880  0.006083  -0.008906  0.999951  0.004292  -0.006045  -0.004346  0.999972  0.000000  0.000000  
166.203801 0.016444  0.083941  0.002174  0.996251  0.070841  -0.049661  -0.067993  0.996064  0.056859  0.053494  -0.053269  0.997146  0.011248  -0.026499  0.001202  0.000000  0.000000  0.000000  2.000000  0.999942  0.008880  0.006083  -0.008906  0.999951  0.004292  -0.006045  -0.004346  0.999972  0.999999  0.001628  0.000355  -0.001629  0.999996  0.002150  -0.000352  -0.002151  0.999998  1.000000  0.000000  0.000000  0.000000  1.000000  0.000000  0.000000  0.000000  1.000000  0.999942  0.008880  0.006083  -0.008906  0.999951  0.004292  -0.006045  -0.004346  0.999972  0.000000  0.000000  
166.205137 0.016460  0.083904  0.002176  0.996237  0.071052  -0.049641  -0.068198  0.996043  0.056990  0.053494  -0.053390  0.997140  0.011328  -0.026697  0.001194  0.000000  0.000000  0.000000  2.000000  0.999942  0.008880  0.006083  -0.008906  0.999951  0.004292  -0.006045  -0.004346  0.999972  0.999998  0.001833  0.000366  -0.001834  0.999996  0.002040  -0.000362  -0.002040  0.999998  1.000000  0.000000  0.000000  0.000000  1.000000  0.000000  0.000000  0.000000  1.000000  0.999942  0.008880  0.006083  -0.008906  0.999951  0.004292  -0.006045  -0.004346  0.999972  0.000000  0.000000  
