1-Time 2-Px 3-Py 4-Pz 5-R11 6-R21 7-R31 8-R12 9-R22 10-R32 11-R13 12-R23 13-R33 14-Vx 15-Vy 16-Vz 17-Wx 18-Wy 19-Wz 20-state 21-PR11 22-PR21 23-PR31 24-PR12 25-PR22 26-PR32 27-PR13 28-PR23 29-PR33 
58.466160 0.009807  0.088966  0.008057  0.983218  0.111984  -0.144024  0.136485  0.072337  0.987998  0.121058  -0.991074  0.055838  -0.000008  0.000512  -0.000038  0.000000  0.000000  0.000000  2.000000  1.000000  0.000000  0.000000  0.000000  -0.000000  1.000000  0.000000  -1.000000  -0.000000  1.000000  -0.000378  0.000431  0.000378  1.000000  0.000293  -0.000431  -0.000292  1.000000  1.000000  0.000000  0.000000  0.000000  1.000000  0.000000  0.000000  0.000000  1.000000  0.671336  0.584368  0.455875  -0.414501  -0.213872  0.884561  0.614408  -0.782798  0.098641  0.000000  0.000000  
58.467404 0.009808  0.088966  0.008058  0.983230  0.112130  -0.143828  0.136281  0.072332  0.988026  0.121191  -0.991058  0.055837  0.000022  0.000494  0.000045  0.000000  0.000000  0.000000  2.000000  1.000000  0.000000  0.000000  0.000000  -0.000000  1.000000  0.000000  -1.000000  -0.000000  1.000000  -0.000244  0.000423  0.000244  1.000000  0.000293  -0.000423  -0.000292  1.000000  1.000000  0.000000  0.000000  0.000000  1.000000  0.000000  0.000000  0.000000  1.000000  1.000000  0.000000  0.000000  0.000000  -0.000000  1.000000  0.000000  -1.000000  -0.000000  0.000000  0.000000  
58.468408 0.009809  0.088965  0.008060  0.983265  0.112569  -0.143240  0.135667  0.072317  0.988112  0.121589  -0.991009  0.055835  0.000097  0.000359  0.000152  0.000000  0.000000  0.000000  2.000000  1.000000  0.000000  0.000000  0.000000  -0.000000  1.000000  0.000000  -1.000000  -0.000000  0.999999  0.000057  0.001020  -0.000058  1.000000  0.000368  -0.001020  -0.000368  0.999999  1.000000  0.000000  0.000000  0.000000  1.000000  0.000000  0.000000  0.000000  1.000000  1.000000  0.000000  0.000000  0.000000  -0.000000  1.000000  0.000000  -1.000000  -0.000000  0.000000  0.000000  
58.469654 0.009811  0.088963  0.008063  0.983368  0.113183  -0.142049  0.134443  0.072250  0.988284  0.122120  -0.990944  0.055831  0.000270  0.000148  0.000376  0.000000  0.000000  0.000000  2.000000  1.000000  0.000000  0.000000  0.000000  -0.000000  1.000000  0.000000  -1.000000  -0.000000  0.999998  0.000649  0.002010  -0.000650  1.000000  0.000493  -0.002010  -0.000494  0.999998  1.000000  0.000000  0.000000  0.000000  1.000000  0.000000  0.000000  0.000000  1.000000  1.000000  0.000000  0.000000  0.000000  -0.000000  1.000000  0.000000  -1.000000  -0.000000  0.000000  0.000000  
58.470655 0.009813  0.088961  0.008067  0.983413  0.113768  -0.141265  0.133625  0.072228  0.988396  0.122651  -0.990878  0.055827  0.000420  -0.000030  0.000618  0.000000  0.000000  0.000000  2.000000  1.000000  0.000000  0.000000  0.000000  -0.000000  1.000000  0.000000  -1.000000  -0.000000  0.999995  0.001229  0.002796  -0.001231  0.999999  0.000592  -0.002795  -0.000596  0.999996  1.000000  0.000000  0.000000  0.000000  1.000000  0.000000  0.000000  0.000000  1.000000  1.000000  0.000000  0.000000  0.000000  -0.000000  1.000000  0.000000  -1.000000  -0.000000  0.000000  0.000000  
58.471672 0.009815  0.088959  0.008069  0.983463  0.114093  -0.140655  0.133013  0.072073  0.988490  0.122917  -0.990852  0.055705  0.000499  -0.000239  0.000799  0.000000  0.000000  0.000000  2.000000  1.000000  0.000000  0.000000  0.000000  -0.000000  1.000000  0.000000  -1.000000  -0.000000  0.999993  0.001797  0.003378  -0.001800  0.999998  0.000667  -0.003377  -0.000673  0.999994  1.000000  0.000000  0.000000  0.000000  1.000000  0.000000  0.000000  0.000000  1.000000  1.000000  0.000000  0.000000  0.000000  -0.000000  1.000000  0.000000  -1.000000  -0.000000  0.000000  0.000000  
58.472906 0.009819  0.088956  0.008073  0.983496  0.114531  -0.140067  0.132399  0.072056  0.988574  0.123315  -0.990803  0.055703  0.000768  -0.000453  0.001066  0.000000  0.000000  0.000000  2.000000  1.000000  0.000000  0.000000  0.000000  -0.000000  1.000000  0.000000  -1.000000  -0.000000  0.999990  0.002232  0.003968  -0.002235  0.999997  0.000742  -0.003966  -0.000751  0.999992  1.000000  0.000000  0.000000  0.000000  1.000000  0.000000  0.000000  0.000000  1.000000  1.000000  0.000000  0.000000  0.000000  -0.000000  1.000000  0.000000  -1.000000  -0.000000  0.000000  0.000000  
58.473906 0.009822  0.088954  0.008077  0.983539  0.115116  -0.139282  0.131580  0.072032  0.988685  0.123846  -0.990737  0.055699  0.001027  -0.000639  0.001318  0.034293  -0.173688  0.090863  2.000000  1.000000  0.000000  0.000000  0.000000  -0.000000  1.000000  0.000000  -1.000000  -0.000000  0.999985  0.002678  0.004762  -0.002682  0.999996  0.000842  -0.004759  -0.000854  0.999988  1.000000  0.000000  0.000000  0.000000  1.000000  0.000000  0.000000  0.000000  1.000000  1.000000  0.000000  0.000000  0.000000  -0.000000  1.000000  0.000000  -1.000000  -0.000000  0.000048  0.000000  
58.475155 0.009828  0.088950  0.008082  0.983591  0.115847  -0.138301  0.130557  0.072000  0.988823  0.124510  -0.990654  0.055694  0.001394  -0.000930  0.001700  0.038603  -0.206672  0.115233  2.000000  1.000000  0.000156  0.000273  -0.000273  -0.000047  1.000000  0.000156  -1.000000  -0.000047  0.999978  0.003403  0.005744  -0.003409  0.999994  0.000966  -0.005741  -0.000986  0.999983  1.000000  0.000043  0.000072  -0.000043  1.000000  0.000012  -0.000072  -0.000012  1.000000  1.000000  0.000156  0.000273  -0.000273  -0.000047  1.000000  0.000156  -1.000000  -0.000047  0.000058  0.006748  
58.476155 0.009833  0.088948  0.008087  0.983669  0.116577  -0.137131  0.129331  0.072063  0.988979  0.125174  -0.990564  0.055810  0.001732  -0.001112  0.002027  0.039724  -0.246555  0.140035  2.000000  1.000000  0.000347  0.000592  -0.000592  -0.000097  1.000000  0.000347  -1.000000  -0.000097  0.999969  0.004128  0.006726  -0.004135  0.999991  0.000970  -0.006722  -0.000997  0.999977  1.000000  0.000052  0.000084  -0.000052  1.000000  0.000012  -0.000084  -0.000012  1.000000  1.000000  0.000347  0.000592  -0.000592  -0.000097  1.000000  0.000347  -1.000000  -0.000097  0.000068  0.007953  
58.477405 0.009837  0.088946  0.008094  0.983711  0.117569  -0.135975  0.128100  0.072159  0.989133  0.126103  -0.990440  0.055923  0.002058  -0.001272  0.002488  0.040900  -0.285854  0.173782  2.000000  0.999999  0.000638  0.001067  -0.001066  -0.000166  0.999999  0.000638  -1.000000  -0.000165  0.999955  0.005009  0.008109  -0.005018  0.999987  0.001144  -0.008104  -0.001185  0.999966  1.000000  0.000063  0.000101  -0.000063  1.000000  0.000015  -0.000101  -0.000015  1.000000  0.999999  0.000638  0.001067  -0.001066  -0.000166  0.999999  0.000638  -1.000000  -0.000165  0.000082  0.009603  
58.478409 0.009841  0.088945  0.008098  0.983759  0.118300  -0.134994  0.127077  0.072123  0.989267  0.126767  -0.990355  0.055918  0.002265  -0.001364  0.002763  0.045288  -0.318818  0.198148  2.000000  0.999998  0.000915  0.001498  -0.001498  -0.000222  0.999999  0.000916  -1.000000  -0.000220  0.999942  0.005868  0.009084  -0.005878  0.999982  0.001147  -0.009077  -0.001201  0.999958  1.000000  0.000073  0.000114  -0.000073  1.000000  0.000015  -0.000114  -0.000015  1.000000  0.999998  0.000915  0.001498  -0.001498  -0.000222  0.999999  0.000916  -1.000000  -0.000220  0.000093  0.010878  
58.479658 0.009845  0.088945  0.008103  0.983771  0.119278  -0.134042  0.126049  0.072239  0.989390  0.127696  -0.990229  0.056032  0.002558  -0.001431  0.003067  0.044818  -0.344451  0.231159  2.000000  0.999997  0.001318  0.002102  -0.002102  -0.000299  0.999998  0.001318  -0.999999  -0.000297  0.999926  0.006860  0.010050  -0.006872  0.999976  0.001149  -0.010042  -0.001218  0.999949  1.000000  0.000086  0.000126  -0.000086  1.000000  0.000015  -0.000126  -0.000015  1.000000  0.999997  0.001318  0.002102  -0.002102  -0.000299  0.999998  0.001318  -0.999999  -0.000297  0.000103  0.012226  
58.480910 0.009848  0.088943  0.008107  0.983850  0.120155  -0.132675  0.124618  0.072287  0.989568  0.128492  -0.990120  0.056146  0.002779  -0.001578  0.003370  0.046904  -0.390561  0.265283  2.000000  0.999995  0.001786  0.002779  -0.002779  -0.000380  0.999996  0.001787  -0.999998  -0.000375  0.999904  0.007875  0.011425  -0.007890  0.999968  0.001202  -0.011415  -0.001292  0.999934  1.000000  0.000099  0.000143  -0.000099  1.000000  0.000016  -0.000143  -0.000016  1.000000  0.999995  0.001786  0.002779  -0.002779  -0.000380  0.999996  0.001787  -0.999998  -0.000375  0.000116  0.013932  
58.481931 0.009851  0.088942  0.008111  0.983900  0.121017  -0.131512  0.123390  0.072358  0.989717  0.129288  -0.990010  0.056260  0.002996  -0.001674  0.003608  0.044082  -0.429796  0.294315  2.000000  0.999993  0.002101  0.003227  -0.003226  -0.000428  0.999995  0.002103  -0.999998  -0.000422  0.999888  0.008723  0.012194  -0.008738  0.999961  0.001181  -0.012184  -0.001287  0.999925  1.000000  0.000109  0.000152  -0.000109  1.000000  0.000015  -0.000152  -0.000015  1.000000  0.999993  0.002101  0.003227  -0.003226  -0.000428  0.999995  0.002103  -0.999998  -0.000422  0.000127  0.015044  
58.483161 0.009855  0.088938  0.008117  0.983939  0.122141  -0.130175  0.121955  0.072554  0.989880  0.130349  -0.989857  0.056493  0.003127  -0.001820  0.003873  0.042292  -0.475926  0.333181  2.000000  0.999989  0.002571  0.003888  -0.003887  -0.000494  0.999992  0.002573  -0.999997  -0.000484  0.999858  0.009750  0.013772  -0.009768  0.999951  0.001258  -0.013759  -0.001393  0.999904  1.000000  0.000122  0.000172  -0.000122  1.000000  0.000017  -0.000172  -0.000017  1.000000  0.999989  0.002571  0.003888  -0.003887  -0.000494  0.999992  0.002573  -0.999997  -0.000484  0.000143  0.016927  
58.484409 0.009860  0.088936  0.008124  0.983975  0.123265  -0.128839  0.120520  0.072746  0.990042  0.131411  -0.989704  0.056725  0.003318  -0.001857  0.004120  0.040530  -0.521833  0.371918  2.000000  0.999983  0.003227  0.004795  -0.004793  -0.000570  0.999988  0.003229  -0.999995  -0.000554  0.999829  0.010889  0.014933  -0.010906  0.999940  0.001044  -0.014921  -0.001206  0.999888  1.000000  0.000136  0.000187  -0.000136  1.000000  0.000014  -0.000187  -0.000014  1.000000  0.999983  0.003227  0.004795  -0.004793  -0.000570  0.999988  0.003229  -0.999995  -0.000554  0.000157  0.018517  
58.485659 0.009865  0.088933  0.008131  0.984000  0.124244  -0.127699  0.119290  0.072946  0.990176  0.132339  -0.989567  0.056958  0.003489  -0.001814  0.004327  0.037895  -0.561039  0.405719  2.000000  0.999975  0.003951  0.005779  -0.005777  -0.000637  0.999983  0.003954  -0.999992  -0.000615  0.999795  0.012042  0.016295  -0.012058  0.999927  0.000854  -0.016284  -0.001050  0.999867  1.000000  0.000151  0.000204  -0.000151  1.000000  0.000012  -0.000204  -0.000012  1.000000  0.999975  0.003951  0.005779  -0.005777  -0.000637  0.999983  0.003954  -0.999992  -0.000615  0.000172  0.020286  
58.486910 0.009869  0.088930  0.008139  0.984023  0.125209  -0.126574  0.118059  0.073263  0.990300  0.133267  -0.989422  0.057311  0.003607  -0.001839  0.004599  0.031224  -0.600207  0.439567  2.000000  0.999965  0.004741  0.006839  -0.006836  -0.000699  0.999976  0.004746  -0.999989  -0.000666  0.999761  0.013182  0.017455  -0.013198  0.999913  0.000758  -0.017444  -0.000988  0.999847  1.000000  0.000165  0.000218  -0.000165  1.000000  0.000011  -0.000218  -0.000011  1.000000  0.999965  0.004741  0.006839  -0.006836  -0.000699  0.999976  0.004746  -0.999989  -0.000666  0.000184  0.021893  
58.488155 0.009876  0.088925  0.008147  0.984068  0.126204  -0.125231  0.116626  0.073432  0.990458  0.134195  -0.989283  0.057543  0.003750  -0.002039  0.004892  0.029560  -0.646410  0.473908  2.000000  0.999953  0.005600  0.007976  -0.007972  -0.000754  0.999968  0.005605  -0.999984  -0.000709  0.999728  0.014056  0.018629  -0.014071  0.999901  0.000667  -0.018618  -0.000929  0.999826  1.000000  0.000176  0.000233  -0.000176  1.000000  0.000010  -0.000233  -0.000010  1.000000  0.999953  0.005600  0.007976  -0.007972  -0.000754  0.999968  0.005605  -0.999984  -0.000709  0.000199  0.023353  
58.489405 0.009882  0.088917  0.008156  0.984092  0.127331  -0.123895  0.115191  0.073613  0.990612  0.135256  -0.989125  0.057775  0.003860  -0.002335  0.005164  0.027931  -0.691890  0.517097  2.000000  0.999937  0.006502  0.009165  -0.009159  -0.000802  0.999958  0.006509  -0.999979  -0.000742  0.999707  0.014764  0.019196  -0.014774  0.999891  0.000386  -0.019188  -0.000669  0.999816  1.000000  0.000185  0.000240  -0.000185  1.000000  0.000007  -0.000240  -0.000007  1.000000  0.999937  0.006502  0.009165  -0.009159  -0.000802  0.999958  0.006509  -0.999979  -0.000742  0.000214  0.024225  
58.490655 0.009889  0.088909  0.008165  0.984071  0.128575  -0.122772  0.113957  0.073833  0.990738  0.136449  -0.988947  0.058005  0.003914  -0.002687  0.005307  0.025561  -0.730550  0.559943  2.000000  0.999922  0.007257  0.010136  -0.010130  -0.000832  0.999948  0.007265  -0.999973  -0.000758  0.999695  0.015314  0.019364  -0.015321  0.999883  0.000180  -0.019359  -0.000476  0.999812  1.000000  0.000191  0.000242  -0.000191  1.000000  0.000004  -0.000242  -0.000004  1.000000  0.999922  0.007257  0.010136  -0.010130  -0.000832  0.999948  0.007265  -0.999973  -0.000758  0.000228  0.024692  
58.491905 0.009897  0.088899  0.008172  0.984065  0.129688  -0.121641  0.112724  0.074035  0.990864  0.137509  -0.988787  0.058237  0.004077  -0.003178  0.005347  0.022294  -0.762653  0.597950  2.000000  0.999902  0.008233  0.011355  -0.011349  -0.000860  0.999935  0.008243  -0.999966  -0.000766  0.999683  0.015862  0.019533  -0.015867  0.999874  0.000095  -0.019529  -0.000404  0.999809  1.000000  0.000198  0.000244  -0.000198  1.000000  0.000003  -0.000244  -0.000003  1.000000  0.999902  0.008233  0.011355  -0.011349  -0.000860  0.999935  0.008243  -0.999966  -0.000766  0.000240  0.025166  
58.492905 0.009903  0.088890  0.008176  0.984052  0.130670  -0.120691  0.111697  0.074126  0.990974  0.138437  -0.988651  0.058349  0.004212  -0.003745  0.005333  0.019007  -0.795104  0.631394  2.000000  0.999883  0.009046  0.012343  -0.012336  -0.000872  0.999924  0.009056  -0.999959  -0.000760  0.999667  0.016423  0.019905  -0.016423  0.999865  -0.000210  -0.019905  -0.000117  0.999802  1.000000  0.000205  0.000249  -0.000205  1.000000  -0.000001  -0.000249  0.000001  1.000000  0.999883  0.009046  0.012343  -0.012336  -0.000872  0.999924  0.009056  -0.999959  -0.000760  0.000250  0.025808  
58.494156 0.009911  0.088878  0.008178  0.983982  0.132046  -0.119764  0.110663  0.074260  0.991080  0.139762  -0.988458  0.058458  0.004529  -0.004517  0.005188  0.020001  -0.826629  0.678291  2.000000  0.999856  0.010107  0.013603  -0.013595  -0.000881  0.999907  0.010118  -0.999949  -0.000744  0.999650  0.017238  0.020058  -0.017236  0.999851  -0.000294  -0.020060  -0.000051  0.999799  1.000000  0.000215  0.000251  -0.000215  1.000000  -0.000002  -0.000251  0.000001  1.000000  0.999856  0.010107  0.013603  -0.013595  -0.000881  0.999907  0.010118  -0.999949  -0.000744  0.000265  0.026451  
58.495157 0.009917  0.088867  0.008179  0.983965  0.133014  -0.118831  0.109636  0.074467  0.991178  0.140689  -0.988313  0.058690  0.004696  -0.005193  0.004988  0.016796  -0.859484  0.712258  2.000000  0.999833  0.010984  0.014613  -0.014604  -0.000885  0.999893  0.010996  -0.999939  -0.000724  0.999637  0.017786  0.020227  -0.017782  0.999842  -0.000381  -0.020231  0.000022  0.999795  1.000000  0.000222  0.000253  -0.000222  1.000000  -0.000003  -0.000253  0.000002  1.000000  0.999833  0.010984  0.014613  -0.014604  -0.000885  0.999893  0.010996  -0.999939  -0.000724  0.000274  0.026939  
58.496159 0.009923  0.088855  0.008179  0.983923  0.133981  -0.118086  0.108811  0.074579  0.991261  0.141616  -0.988174  0.058802  0.004954  -0.005978  0.004773  0.016569  -0.876942  0.743235  2.000000  0.999807  0.011880  0.015621  -0.015611  -0.000882  0.999878  0.011892  -0.999929  -0.000697  0.999637  0.018044  0.020003  -0.018037  0.999837  -0.000514  -0.020009  0.000153  0.999800  1.000000  0.000226  0.000250  -0.000226  1.000000  -0.000004  -0.000250  0.000004  1.000000  0.999807  0.011880  0.015621  -0.015611  -0.000882  0.999878  0.011892  -0.999929  -0.000697  0.000288  0.026944  
58.497160 0.009929  0.088841  0.008179  0.983899  0.134816  -0.117332  0.107988  0.074676  0.991344  0.142411  -0.988053  0.058915  0.005163  -0.006719  0.004462  0.015799  -0.903256  0.773000  2.000000  0.999780  0.012789  0.016615  -0.016605  -0.000880  0.999862  0.012802  -0.999918  -0.000667  0.999637  0.018302  0.019780  -0.018295  0.999833  -0.000525  -0.019786  0.000163  0.999804  1.000000  0.000229  0.000247  -0.000229  1.000000  -0.000004  -0.000247  0.000004  1.000000  0.999780  0.012789  0.016615  -0.016605  -0.000880  0.999862  0.012802  -0.999918  -0.000667  0.000297  0.026953  
58.498167 0.009935  0.088829  0.008178  0.983896  0.135682  -0.116359  0.106963  0.074623  0.991459  0.143206  -0.987938  0.058908  0.005351  -0.007363  0.004063  0.018199  -0.915983  0.787160  2.000000  0.999759  0.013479  0.017356  -0.017346  -0.000875  0.999849  0.013492  -0.999909  -0.000641  0.999632  0.018571  0.019760  -0.018562  0.999828  -0.000635  -0.019768  0.000268  0.999805  1.000000  0.000232  0.000247  -0.000232  1.000000  -0.000006  -0.000247  0.000006  1.000000  0.999759  0.013479  0.017356  -0.017346  -0.000875  0.999849  0.013492  -0.999909  -0.000641  0.000301  0.027124  
58.499460 0.009942  0.088812  0.008177  0.983852  0.136782  -0.115434  0.105933  0.074837  0.991553  0.144265  -0.987770  0.059139  0.005527  -0.008286  0.003478  0.009882  -0.906478  0.803562  2.000000  0.999720  0.014640  0.018599  -0.018588  -0.000871  0.999827  0.014654  -0.999892  -0.000598  0.999630  0.018706  0.019747  -0.018698  0.999825  -0.000615  -0.019755  0.000246  0.999805  1.000000  0.000234  0.000247  -0.000234  1.000000  -0.000005  -0.000247  0.000005  1.000000  0.999720  0.014640  0.018599  -0.018588  -0.000871  0.999827  0.014654  -0.999892  -0.000598  0.000305  0.027208  
58.500659 0.009949  0.088796  0.008174  0.983785  0.137881  -0.114697  0.105107  0.074957  0.991632  0.145324  -0.987608  0.059249  0.005646  -0.009130  0.002878  0.005662  -0.900193  0.822732  2.000000  0.999687  0.015584  0.019593  -0.019582  -0.000864  0.999808  0.015598  -0.999878  -0.000559  0.999621  0.018987  0.019931  -0.018979  0.999820  -0.000575  -0.019938  0.000196  0.999801  1.000000  0.000237  0.000249  -0.000237  1.000000  -0.000005  -0.000249  0.000005  1.000000  0.999687  0.015584  0.019593  -0.019582  -0.000864  0.999808  0.015598  -0.999878  -0.000559  0.000305  0.027534  
58.501659 0.009954  0.088783  0.008173  0.983755  0.138717  -0.113945  0.104284  0.075047  0.991712  0.146118  -0.987484  0.059362  0.005755  -0.010024  0.002275  -0.000122  -0.905505  0.834782  2.000000  0.999652  0.016536  0.020571  -0.020559  -0.000856  0.999788  0.016550  -0.999863  -0.000516  0.999627  0.019099  0.019511  -0.019089  0.999818  -0.000731  -0.019522  0.000359  0.999809  1.000000  0.000239  0.000244  -0.000239  1.000000  -0.000007  -0.000244  0.000007  1.000000  0.999652  0.016536  0.020571  -0.020559  -0.000856  0.999788  0.016550  -0.999863  -0.000516  0.000309  0.027312  
58.502908 0.009961  0.088766  0.008171  0.983665  0.139947  -0.113216  0.103456  0.075177  0.991789  0.147309  -0.987301  0.059471  0.005745  -0.010717  0.001701  -0.004273  -0.912316  0.866315  2.000000  0.999606  0.017728  0.021751  -0.021739  -0.000843  0.999763  0.017742  -0.999842  -0.000457  0.999648  0.019045  0.018485  -0.019033  0.999818  -0.000841  -0.018497  0.000489  0.999829  1.000000  0.000238  0.000231  -0.000238  1.000000  -0.000008  -0.000231  0.000008  1.000000  0.999606  0.017728  0.021751  -0.021739  -0.000843  0.999763  0.017742  -0.999842  -0.000457  0.000314  0.026552  
58.503911 0.009965  0.088752  0.008170  0.983570  0.140870  -0.112897  0.103036  0.075457  0.991811  0.148236  -0.987148  0.059702  0.005731  -0.011339  0.001034  -0.012756  -0.896148  0.881027  2.000000  0.999569  0.018670  0.022642  -0.022630  -0.000828  0.999744  0.018684  -0.999825  -0.000405  0.999666  0.018869  0.017671  -0.018856  0.999822  -0.000927  -0.017685  0.000593  0.999843  1.000000  0.000236  0.000221  -0.000236  1.000000  -0.000010  -0.000221  0.000009  1.000000  0.999569  0.018670  0.022642  -0.022630  -0.000828  0.999744  0.018684  -0.999825  -0.000405  0.000314  0.025865  
58.505155 0.009972  0.088735  0.008170  0.983475  0.141927  -0.112400  0.102412  0.075840  0.991847  0.149294  -0.986968  0.060052  0.005727  -0.011840  0.000536  -0.024904  -0.881009  0.886964  2.000000  0.999531  0.019625  0.023503  -0.023492  -0.000807  0.999724  0.019638  -0.999807  -0.000345  0.999666  0.019250  0.017232  -0.019234  0.999814  -0.001086  -0.017250  0.000754  0.999851  1.000000  0.000241  0.000216  -0.000241  1.000000  -0.000012  -0.000216  0.000011  1.000000  0.999531  0.019625  0.023503  -0.023492  -0.000807  0.999724  0.019638  -0.999807  -0.000345  0.000315  0.025856  
58.506163 0.009977  0.088720  0.008170  0.983418  0.142735  -0.111870  0.101792  0.076075  0.991893  0.150088  -0.986833  0.060284  0.005667  -0.012351  0.000077  -0.032240  -0.860540  0.892726  2.000000  0.999492  0.020583  0.024339  -0.024328  -0.000780  0.999704  0.020596  -0.999788  -0.000279  0.999677  0.019218  0.016615  -0.019202  0.999815  -0.001152  -0.016634  0.000833  0.999861  1.000000  0.000240  0.000208  -0.000240  1.000000  -0.000012  -0.000208  0.000012  1.000000  0.999492  0.020583  0.024339  -0.024328  -0.000780  0.999704  0.020596  -0.999788  -0.000279  0.000311  0.025427  
58.507405 0.009984  0.088702  0.008171  0.983341  0.143661  -0.111366  0.101171  0.076442  0.991928  0.151014  -0.986670  0.060634  0.005637  -0.012806  -0.000241  -0.042426  -0.839897  0.891946  2.000000  0.999441  0.021780  0.025345  -0.025335  -0.000743  0.999679  0.021792  -0.999763  -0.000190  0.999691  0.019176  0.015791  -0.019159  0.999816  -0.001244  -0.015812  0.000941  0.999875  1.000000  0.000240  0.000198  -0.000240  1.000000  -0.000014  -0.000198  0.000014  1.000000  0.999441  0.021780  0.025345  -0.025335  -0.000743  0.999679  0.021792  -0.999763  -0.000190  0.000307  0.024868  
58.508657 0.009991  0.088685  0.008172  0.983241  0.144571  -0.111066  0.100751  0.076838  0.991940  0.151940  -0.986507  0.060985  0.005589  -0.013270  -0.000421  -0.056364  -0.811777  0.892379  2.000000  0.999390  0.022968  0.026308  -0.026299  -0.000693  0.999654  0.022978  -0.999736  -0.000089  0.999706  0.018881  0.015185  -0.018859  0.999821  -0.001551  -0.015211  0.001264  0.999884  1.000000  0.000236  0.000190  -0.000236  1.000000  -0.000018  -0.000190  0.000018  1.000000  0.999390  0.022968  0.026308  -0.026299  -0.000693  0.999654  0.022978  -0.999736  -0.000089  0.000303  0.024272  
58.509905 0.009998  0.088668  0.008173  0.983182  0.145352  -0.110573  0.100132  0.077310  0.991966  0.152733  -0.986355  0.061456  0.005516  -0.013497  -0.000387  -0.070649  -0.791520  0.887187  2.000000  0.999338  0.024151  0.027216  -0.027209  -0.000629  0.999630  0.024159  -0.999708  0.000029  0.999719  0.018837  0.014361  -0.018814  0.999821  -0.001768  -0.014392  0.001497  0.999895  1.000000  0.000235  0.000180  -0.000235  1.000000  -0.000020  -0.000180  0.000020  1.000000  0.999338  0.024151  0.027216  -0.027209  -0.000629  0.999630  0.024159  -0.999708  0.000029  0.000300  0.023746  
58.510905 0.010004  0.088655  0.008175  0.983121  0.146014  -0.110241  0.099716  0.077558  0.991989  0.153394  -0.986238  0.061689  0.005494  -0.013543  -0.000242  -0.077024  -0.770839  0.886015  2.000000  0.999296  0.025078  0.027895  -0.027889  -0.000566  0.999611  0.025084  -0.999685  0.000134  0.999745  0.018368  0.013156  -0.018343  0.999830  -0.002040  -0.013191  0.001798  0.999911  1.000000  0.000229  0.000165  -0.000229  1.000000  -0.000024  -0.000165  0.000024  1.000000  0.999296  0.025078  0.027895  -0.027889  -0.000566  0.999611  0.025084  -0.999685  0.000134  0.000295  0.022677  
58.511907 0.010010  0.088642  0.008178  0.983019  0.146778  -0.110139  0.099502  0.077968  0.991978  0.154187  -0.986092  0.062040  0.005513  -0.013547  -0.000026  -0.089374  -0.737101  0.884748  2.000000  0.999255  0.025989  0.028536  -0.028533  -0.000494  0.999593  0.025992  -0.999662  0.000248  0.999758  0.018067  0.012556  -0.018042  0.999835  -0.002111  -0.012592  0.001884  0.999919  1.000000  0.000226  0.000157  -0.000226  1.000000  -0.000025  -0.000157  0.000025  1.000000  0.999255  0.025989  0.028536  -0.028533  -0.000494  0.999593  0.025992  -0.999662  0.000248  0.000290  0.022094  
58.513158 0.010017  0.088624  0.008181  0.982915  0.147689  -0.109843  0.099082  0.078361  0.991989  0.155113  -0.985925  0.062389  0.005486  -0.013665  0.000172  -0.097463  -0.702560  0.877847  2.000000  0.999213  0.026899  0.029145  -0.029145  -0.000406  0.999575  0.026899  -0.999638  0.000378  0.999763  0.018048  0.012138  -0.018019  0.999834  -0.002518  -0.012181  0.002299  0.999923  1.000000  0.000225  0.000152  -0.000225  1.000000  -0.000030  -0.000152  0.000030  1.000000  0.999213  0.026899  0.029145  -0.029145  -0.000406  0.999575  0.026899  -0.999638  0.000378  0.000284  0.021885  
58.514405 0.010025  0.088605  0.008182  0.982832  0.148455  -0.109556  0.098665  0.078861  0.991991  0.155906  -0.985770  0.062860  0.005503  -0.013881  0.000366  -0.109778  -0.668801  0.867172  2.000000  0.999161  0.028021  0.029862  -0.029866  -0.000279  0.999554  0.028016  -0.999607  0.000558  0.999781  0.017723  0.011129  -0.017693  0.999840  -0.002766  -0.011176  0.002568  0.999934  1.000000  0.000221  0.000139  -0.000221  1.000000  -0.000033  -0.000139  0.000033  1.000000  0.999161  0.028021  0.029862  -0.029866  -0.000279  0.999554  0.028016  -0.999607  0.000558  0.000276  0.021098  
58.515406 0.010031  0.088590  0.008182  0.982727  0.149232  -0.109438  0.098450  0.079150  0.991989  0.156699  -0.985629  0.063091  0.005534  -0.013937  0.000490  -0.115070  -0.640200  0.868040  2.000000  0.999120  0.028899  0.030401  -0.030409  -0.000161  0.999538  0.028890  -0.999582  0.000718  0.999793  0.017421  0.010528  -0.017390  0.999844  -0.003083  -0.010580  0.002900  0.999940  1.000000  0.000218  0.000132  -0.000218  1.000000  -0.000037  -0.000132  0.000037  1.000000  0.999120  0.028899  0.030401  -0.030409  -0.000161  0.999538  0.028890  -0.999582  0.000718  0.000272  0.020575  
58.516463 0.010036  0.088576  0.008182  0.982663  0.149881  -0.109126  0.098035  0.079515  0.992001  0.157359  -0.985501  0.063443  0.005534  -0.013979  0.000640  -0.121419  -0.618430  0.860816  2.000000  0.999079  0.029764  0.030906  -0.030919  -0.000031  0.999522  0.029750  -0.999557  0.000889  0.999804  0.017119  0.009929  -0.017087  0.999849  -0.003279  -0.009983  0.003109  0.999945  1.000000  0.000214  0.000124  -0.000214  1.000000  -0.000040  -0.000124  0.000040  1.000000  0.999079  0.029764  0.030906  -0.030919  -0.000031  0.999522  0.029750  -0.999557  0.000889  0.000269  0.020047  
58.517659 0.010044  0.088558  0.008181  0.982599  0.150530  -0.108815  0.097620  0.079879  0.992013  0.158020  -0.985373  0.063795  0.005672  -0.014070  0.000666  -0.130236  -0.585615  0.851515  2.000000  0.999038  0.030620  0.031393  -0.031411  0.000115  0.999507  0.030601  -0.999531  0.001076  0.999809  0.016977  0.009724  -0.016942  0.999850  -0.003663  -0.009785  0.003498  0.999946  1.000000  0.000212  0.000122  -0.000212  1.000000  -0.000045  -0.000122  0.000045  1.000000  0.999038  0.030620  0.031393  -0.031411  0.000115  0.999507  0.030601  -0.999531  0.001076  0.000263  0.019891  
58.518905 0.010053  0.088540  0.008181  0.982512  0.151298  -0.108531  0.097203  0.080377  0.992014  0.158813  -0.985215  0.064264  0.005877  -0.014115  0.000768  -0.139753  -0.560023  0.843366  2.000000  0.998987  0.031668  0.031963  -0.031989  0.000317  0.999488  0.031641  -0.999498  0.001330  0.999826  0.016395  0.008937  -0.016360  0.999858  -0.004009  -0.009002  0.003862  0.999952  1.000000  0.000205  0.000112  -0.000205  1.000000  -0.000049  -0.000112  0.000049  1.000000  0.998987  0.031668  0.031963  -0.031989  0.000317  0.999488  0.031641  -0.999498  0.001330  0.000257  0.019084  
58.519906 0.010061  0.088526  0.008182  0.982447  0.151800  -0.108416  0.096992  0.080758  0.992003  0.159341  -0.985107  0.064617  0.006040  -0.014130  0.000783  -0.148416  -0.526674  0.828106  2.000000  0.998948  0.032484  0.032374  -0.032407  0.000500  0.999475  0.032451  -0.999472  0.001552  0.999838  0.016079  0.008135  -0.016044  0.999862  -0.004362  -0.008204  0.004231  0.999957  1.000000  0.000201  0.000102  -0.000201  1.000000  -0.000054  -0.000102  0.000054  1.000000  0.998948  0.032484  0.032374  -0.032407  0.000500  0.999475  0.032451  -0.999472  0.001552  0.000249  0.018526  
58.520910 0.010070  0.088512  0.008182  0.982381  0.152449  -0.108106  0.096577  0.081121  0.992014  0.160002  -0.984976  0.064969  0.006256  -0.014152  0.000802  -0.157310  -0.504178  0.819874  2.000000  0.998919  0.033089  0.032662  -0.032701  0.000649  0.999465  0.033050  -0.999452  0.001731  0.999845  0.015909  0.007527  -0.015874  0.999863  -0.004687  -0.007600  0.004566  0.999961  1.000000  0.000199  0.000095  -0.000199  1.000000  -0.000058  -0.000095  0.000058  1.000000  0.998919  0.033089  0.032662  -0.032701  0.000649  0.999465  0.033050  -0.999452  0.001731  0.000245  0.018199  
58.522160 0.010081  0.088494  0.008185  0.982273  0.153200  -0.108028  0.096363  0.081648  0.991992  0.160794  -0.984816  0.065438  0.006527  -0.014089  0.001003  -0.173122  -0.477386  0.804864  2.000000  0.998870  0.034080  0.033111  -0.033162  0.000923  0.999450  0.034031  -0.999419  0.002052  0.999853  0.015619  0.007129  -0.015583  0.999866  -0.005101  -0.007208  0.004990  0.999962  1.000000  0.000195  0.000090  -0.000195  1.000000  -0.000063  -0.000090  0.000063  1.000000  0.998870  0.034080  0.033111  -0.033162  0.000923  0.999450  0.034031  -0.999419  0.002052  0.000241  0.017896  
58.523401 0.010092  0.088478  0.008190  0.982183  0.153969  -0.107747  0.095946  0.082143  0.991991  0.161586  -0.984655  0.065907  0.006804  -0.013979  0.001242  -0.182454  -0.453142  0.792811  2.000000  0.998823  0.035052  0.033525  -0.033588  0.001221  0.999435  0.034992  -0.999385  0.002397  0.999861  0.015316  0.006528  -0.015280  0.999869  -0.005426  -0.006610  0.005325  0.999964  1.000000  0.000191  0.000082  -0.000191  1.000000  -0.000067  -0.000082  0.000067  1.000000  0.998823  0.035052  0.033525  -0.033588  0.001221  0.999435  0.034992  -0.999385  0.002397  0.000233  0.017496  
58.524402 0.010101  0.088466  0.008194  0.982117  0.154471  -0.107634  0.095735  0.082524  0.991980  0.162114  -0.984545  0.066260  0.007027  -0.013854  0.001478  -0.194334  -0.426689  0.777915  2.000000  0.998786  0.035812  0.033836  -0.033911  0.001476  0.999424  0.035742  -0.999357  0.002689  0.999869  0.014904  0.006345  -0.014868  0.999873  -0.005692  -0.006429  0.005597  0.999964  1.000000  0.000186  0.000080  -0.000186  1.000000  -0.000071  -0.000080  0.000071  1.000000  0.998786  0.035812  0.033836  -0.033911  0.001476  0.999424  0.035742  -0.999357  0.002689  0.000228  0.017155  
58.525405 0.010110  0.088454  0.008199  0.982050  0.154973  -0.107521  0.095524  0.082904  0.991969  0.162642  -0.984434  0.066612  0.007271  -0.013852  0.001667  -0.205129  -0.407183  0.758774  2.000000  0.998749  0.036545  0.034133  -0.034219  0.001740  0.999413  0.036464  -0.999331  0.002988  0.999881  0.014213  0.005976  -0.014178  0.999882  -0.005866  -0.006058  0.005781  0.999965  1.000000  0.000177  0.000075  -0.000177  1.000000  -0.000073  -0.000075  0.000073  1.000000  0.998749  0.036545  0.034133  -0.034219  0.001740  0.999413  0.036464  -0.999331  0.002988  0.000223  0.016482  
58.526405 0.010119  0.088441  0.008206  0.982003  0.155480  -0.107224  0.095112  0.083372  0.991969  0.163170  -0.984315  0.067084  0.007519  -0.013839  0.001906  -0.219082  -0.394000  0.749250  2.000000  0.998713  0.037258  0.034415  -0.034514  0.002011  0.999402  0.037167  -0.999304  0.003294  0.999884  0.014068  0.005776  -0.014033  0.999883  -0.006013  -0.005860  0.005931  0.999965  1.000000  0.000176  0.000073  -0.000176  1.000000  -0.000075  -0.000073  0.000075  1.000000  0.998713  0.037258  0.034415  -0.034514  0.002011  0.999402  0.037167  -0.999304  0.003294  0.000220  0.016339  
58.527655 0.010131  0.088424  0.008214  0.981913  0.156087  -0.107159  0.094899  0.084005  0.991936  0.163830  -0.984165  0.067673  0.007790  -0.013776  0.002294  -0.239092  -0.367462  0.734320  2.000000  0.998668  0.038126  0.034755  -0.034870  0.002368  0.999389  0.038021  -0.999270  0.003694  0.999891  0.013657  0.005591  -0.013622  0.999887  -0.006280  -0.005676  0.006204  0.999965  1.000000  0.000171  0.000070  -0.000170  1.000000  -0.000078  -0.000070  0.000078  1.000000  0.998668  0.038126  0.034755  -0.034870  0.002368  0.999389  0.038021  -0.999270  0.003694  0.000215  0.016024  
58.528903 0.010143  0.088408  0.008224  0.981843  0.156712  -0.106890  0.094484  0.084606  0.991925  0.164490  -0.984014  0.068263  0.008070  -0.013665  0.002795  -0.259135  -0.340921  0.719330  2.000000  0.998633  0.038815  0.035013  -0.035143  0.002670  0.999379  0.038697  -0.999243  0.004030  0.999894  0.013513  0.005388  -0.013477  0.999887  -0.006670  -0.005477  0.006597  0.999963  1.000000  0.000169  0.000068  -0.000169  1.000000  -0.000083  -0.000068  0.000083  1.000000  0.998633  0.038815  0.035013  -0.035143  0.002670  0.999379  0.038697  -0.999243  0.004030  0.000211  0.015989  
58.529913 0.010152  0.088395  0.008232  0.981775  0.157189  -0.106818  0.094273  0.085225  0.991892  0.165018  -0.983884  0.068853  0.008348  -0.013458  0.003326  -0.278397  -0.321077  0.709632  2.000000  0.998597  0.039497  0.035264  -0.035409  0.002985  0.999368  0.039367  -0.999215  0.004379  0.999897  0.013369  0.005185  -0.013333  0.999887  -0.006940  -0.005277  0.006870  0.999962  1.000000  0.000167  0.000065  -0.000167  1.000000  -0.000086  -0.000065  0.000086  1.000000  0.998597  0.039497  0.035264  -0.035409  0.002985  0.999368  0.039367  -0.999215  0.004379  0.000208  0.015916  
58.531154 0.010163  0.088381  0.008243  0.981706  0.157666  -0.106746  0.094063  0.085845  0.991858  0.165546  -0.983754  0.069444  0.008585  -0.013245  0.004084  -0.297314  -0.301443  0.690184  2.000000  0.998553  0.040340  0.035553  -0.035718  0.003397  0.999356  0.040193  -0.999180  0.004833  0.999901  0.013210  0.004780  -0.013175  0.999887  -0.007241  -0.004875  0.007177  0.999962  1.000000  0.000165  0.000060  -0.000165  1.000000  -0.000090  -0.000060  0.000090  1.000000  0.998553  0.040340  0.035553  -0.035718  0.003397  0.999356  0.040193  -0.999180  0.004833  0.000205  0.015791  
58.532161 0.010173  0.088369  0.008252  0.981659  0.158025  -0.106646  0.093854  0.086331  0.991836  0.165942  -0.983654  0.069916  0.008864  -0.013030  0.004784  -0.311352  -0.288829  0.671567  2.000000  0.998519  0.040996  0.035777  -0.035960  0.003738  0.999346  0.040836  -0.999152  0.005206  0.999906  0.012812  0.004801  -0.012777  0.999891  -0.007358  -0.004895  0.007296  0.999961  1.000000  0.000160  0.000061  -0.000160  1.000000  -0.000092  -0.000061  0.000092  1.000000  0.998519  0.040996  0.035777  -0.035960  0.003738  0.999346  0.040836  -0.999152  0.005206  0.000200  0.015521  
58.533406 0.010185  0.088354  0.008263  0.981609  0.158520  -0.106371  0.093442  0.086917  0.991824  0.166470  -0.983523  0.070506  0.009081  -0.012865  0.005466  -0.325360  -0.276139  0.652965  2.000000  0.998476  0.041787  0.036051  -0.036257  0.004175  0.999334  0.041609  -0.999118  0.005684  0.999916  0.012133  0.004637  -0.012098  0.999899  -0.007505  -0.004728  0.007448  0.999961  1.000000  0.000151  0.000059  -0.000151  1.000000  -0.000093  -0.000059  0.000093  1.000000  0.998476  0.041787  0.036051  -0.036257  0.004175  0.999334  0.041609  -0.999118  0.005684  0.000196  0.014988  
58.534659 0.010197  0.088339  0.008274  0.981562  0.158867  -0.106292  0.093233  0.087524  0.991790  0.166865  -0.983413  0.071098  0.009226  -0.012680  0.006209  -0.335363  -0.264036  0.625501  2.000000  0.998434  0.042542  0.036322  -0.036551  0.004623  0.999321  0.042346  -0.999084  0.006171  0.999922  0.011602  0.004668  -0.011566  0.999903  -0.007743  -0.004757  0.007688  0.999959  1.000000  0.000145  0.000059  -0.000145  1.000000  -0.000096  -0.000059  0.000096  1.000000  0.998434  0.042542  0.036322  -0.036551  0.004623  0.999321  0.042346  -0.999084  0.006171  0.000191  0.014695  
58.535910 0.010210  0.088324  0.008285  0.981556  0.159101  -0.105999  0.092825  0.088084  0.991779  0.167129  -0.983325  0.071691  0.009363  -0.012479  0.006948  -0.348308  -0.254382  0.598560  2.000000  0.998393  0.043268  0.036591  -0.036845  0.005084  0.999308  0.043052  -0.999051  0.006670  0.999927  0.011190  0.004486  -0.011155  0.999907  -0.007892  -0.004574  0.007842  0.999959  1.000000  0.000140  0.000057  -0.000140  1.000000  -0.000098  -0.000057  0.000098  1.000000  0.998393  0.043268  0.036591  -0.036845  0.005084  0.999308  0.043052  -0.999051  0.006670  0.000187  0.014396  
58.537159 0.010223  0.088308  0.008296  0.981508  0.159447  -0.105920  0.092617  0.088690  0.991744  0.167525  -0.983214  0.072283  0.009475  -0.012394  0.007375  -0.358397  -0.241587  0.579690  2.000000  0.998361  0.043824  0.036806  -0.037080  0.005468  0.999297  0.043592  -0.999024  0.007084  0.999932  0.010674  0.004721  -0.010635  0.999910  -0.008220  -0.004808  0.008169  0.999955  1.000000  0.000133  0.000060  -0.000133  1.000000  -0.000102  -0.000060  0.000102  1.000000  0.998361  0.043824  0.036806  -0.037080  0.005468  0.999297  0.043592  -0.999024  0.007084  0.000182  0.014261  
58.538405 0.010235  0.088292  0.008306  0.981482  0.159663  -0.105832  0.092410  0.089284  0.991710  0.167789  -0.983126  0.072876  0.009596  -0.012467  0.007833  -0.367564  -0.236037  0.557024  2.000000  0.998322  0.044490  0.037058  -0.037359  0.005961  0.999284  0.044237  -0.998992  0.007613  0.999938  0.010247  0.004338  -0.010210  0.999913  -0.008402  -0.004423  0.008357  0.999955  1.000000  0.000128  0.000055  -0.000128  1.000000  -0.000105  -0.000055  0.000105  1.000000  0.998322  0.044490  0.037058  -0.037359  0.005961  0.999284  0.044237  -0.998992  0.007613  0.000179  0.013930  
58.539405 0.010246  0.088277  0.008313  0.981456  0.159892  -0.105725  0.092204  0.089756  0.991687  0.168053  -0.983045  0.073349  0.009670  -0.012622  0.007990  -0.373701  -0.223051  0.542682  2.000000  0.998292  0.044999  0.037254  -0.037577  0.006365  0.999273  0.044729  -0.998967  0.008045  0.999943  0.009834  0.004159  -0.009798  0.999915  -0.008553  -0.004243  0.008512  0.999955  1.000000  0.000123  0.000053  -0.000123  1.000000  -0.000107  -0.000053  0.000107  1.000000  0.998292  0.044999  0.037254  -0.037577  0.006365  0.999273  0.044729  -0.998967  0.008045  0.000176  0.013668  
58.540406 0.010257  0.088263  0.008321  0.981431  0.160122  -0.105618  0.091998  0.090229  0.991663  0.168316  -0.982965  0.073823  0.009771  -0.012745  0.008127  -0.377643  -0.223718  0.529295  2.000000  0.998262  0.045494  0.037447  -0.037794  0.006776  0.999263  0.045206  -0.998942  0.008483  0.999947  0.009435  0.004184  -0.009399  0.999918  -0.008672  -0.004266  0.008632  0.999954  1.000000  0.000118  0.000053  -0.000118  1.000000  -0.000108  -0.000053  0.000108  1.000000  0.998262  0.045494  0.037447  -0.037794  0.006776  0.999263  0.045206  -0.998942  0.008483  0.000173  0.013468  
