1-Time 2-Px 3-Py 4-Pz 5-R11 6-R21 7-R31 8-R12 9-R22 10-R32 11-R13 12-R23 13-R33 14-Vx 15-Vy 16-Vz 17-Wx 18-Wy 19-Wz 20-state 21-PR11 22-PR21 23-PR31 24-PR12 25-PR22 26-PR32 27-PR13 28-PR23 29-PR33 
158.021054 0.011483  0.088566  0.005538  0.993930  0.109753  0.007575  -0.017804  0.092520  0.995552  0.108564  -0.989644  0.093912  0.000095  -0.000053  0.000102  0.000000  0.000000  0.000000  2.000000  1.000000  0.000000  0.000000  0.000000  -0.000000  1.000000  0.000000  -1.000000  -0.000000  1.000000  0.000133  -0.000013  -0.000133  1.000000  -0.000121  0.000013  0.000121  1.000000  1.000000  0.000000  0.000000  0.000000  1.000000  0.000000  0.000000  0.000000  1.000000  0.711131  0.565768  0.417372  -0.406999  -0.152781  0.900561  0.573275  -0.810287  0.121620  0.000000  0.000000  
158.022059 0.011484  0.088566  0.005537  0.993926  0.109772  0.007780  -0.018009  0.092497  0.995550  0.108564  -0.989644  0.093912  0.000135  -0.000002  0.000078  0.000000  0.000000  0.000000  2.000000  1.000000  0.000000  0.000000  0.000000  -0.000000  1.000000  0.000000  -1.000000  -0.000000  1.000000  0.000133  -0.000013  -0.000133  1.000000  -0.000121  0.000013  0.000121  1.000000  1.000000  0.000000  0.000000  0.000000  1.000000  0.000000  0.000000  0.000000  1.000000  1.000000  0.000000  0.000000  0.000000  -0.000000  1.000000  0.000000  -1.000000  -0.000000  0.000000  0.000000  
158.023059 0.011486  0.088564  0.005539  0.993919  0.109811  0.008177  -0.018418  0.092573  0.995536  0.108564  -0.989632  0.094032  0.000245  -0.000111  0.000208  0.000000  0.000000  0.000000  2.000000  1.000000  0.000000  0.000000  0.000000  -0.000000  1.000000  0.000000  -1.000000  -0.000000  1.000000  0.000172  0.000395  -0.000172  1.000000  -0.000077  -0.000395  0.000077  1.000000  1.000000  0.000000  0.000000  0.000000  1.000000  0.000000  0.000000  0.000000  1.000000  1.000000  0.000000  0.000000  0.000000  -0.000000  1.000000  0.000000  -1.000000  -0.000000  0.000000  0.000000  
158.024312 0.011489  0.088563  0.005542  0.993914  0.109774  0.009214  -0.019441  0.092462  0.995526  0.108431  -0.989647  0.094034  0.000522  -0.000192  0.000439  0.000000  0.000000  0.000000  2.000000  1.000000  0.000000  0.000000  0.000000  -0.000000  1.000000  0.000000  -1.000000  -0.000000  0.999999  0.000135  0.001426  -0.000135  1.000000  0.000035  -0.001426  -0.000035  0.999999  1.000000  0.000000  0.000000  0.000000  1.000000  0.000000  0.000000  0.000000  1.000000  1.000000  0.000000  0.000000  0.000000  -0.000000  1.000000  0.000000  -1.000000  -0.000000  0.000000  0.000000  
158.025559 0.011492  0.088560  0.005546  0.993908  0.109738  0.010238  -0.020465  0.092473  0.995505  0.108298  -0.989650  0.094155  0.000734  -0.000382  0.000684  0.000000  0.000000  0.000000  2.000000  1.000000  0.000000  0.000000  0.000000  -0.000000  1.000000  0.000000  -1.000000  -0.000000  0.999997  0.000099  0.002458  -0.000099  1.000000  0.000025  -0.002458  -0.000025  0.999997  1.000000  0.000000  0.000000  0.000000  1.000000  0.000000  0.000000  0.000000  1.000000  1.000000  0.000000  0.000000  0.000000  -0.000000  1.000000  0.000000  -1.000000  -0.000000  0.000000  0.000000  
158.026807 0.011496  0.088558  0.005550  0.993909  0.109664  0.010852  -0.021079  0.092528  0.995487  0.108165  -0.989653  0.094276  0.000955  -0.000506  0.000925  0.000000  0.000000  0.000000  2.000000  1.000000  0.000000  0.000000  0.000000  -0.000000  1.000000  0.000000  -1.000000  -0.000000  0.999995  0.000043  0.003285  -0.000044  1.000000  0.000114  -0.003285  -0.000114  0.999995  1.000000  0.000000  0.000000  0.000000  1.000000  0.000000  0.000000  0.000000  1.000000  1.000000  0.000000  0.000000  0.000000  -0.000000  1.000000  0.000000  -1.000000  -0.000000  0.000000  0.000000  
158.027818 0.011500  0.088557  0.005553  0.993901  0.109702  0.011262  -0.021488  0.092483  0.995482  0.108165  -0.989653  0.094276  0.001240  -0.000568  0.001157  0.000000  0.000000  0.000000  2.000000  1.000000  0.000000  0.000000  0.000000  -0.000000  1.000000  0.000000  -1.000000  -0.000000  0.999993  0.000082  0.003693  -0.000082  1.000000  0.000037  -0.003693  -0.000038  0.999993  1.000000  0.000000  0.000000  0.000000  1.000000  0.000000  0.000000  0.000000  1.000000  1.000000  0.000000  0.000000  0.000000  -0.000000  1.000000  0.000000  -1.000000  -0.000000  0.000000  0.000000  
158.029061 0.011505  0.088555  0.005557  0.993868  0.109913  0.012043  -0.022306  0.092631  0.995451  0.108298  -0.989615  0.094515  0.001557  -0.000740  0.001396  0.000000  0.000000  0.000000  2.000000  1.000000  0.000000  0.000000  0.000000  -0.000000  1.000000  0.000000  -1.000000  -0.000000  0.999991  0.000141  0.004304  -0.000141  1.000000  -0.000017  -0.004304  0.000017  0.999991  1.000000  0.000000  0.000000  0.000000  1.000000  0.000000  0.000000  0.000000  1.000000  1.000000  0.000000  0.000000  0.000000  -0.000000  1.000000  0.000000  -1.000000  -0.000000  0.000000  0.000000  
158.030075 0.011509  0.088552  0.005560  0.993840  0.110105  0.012631  -0.022920  0.092681  0.995432  0.108431  -0.989589  0.094634  0.001839  -0.000940  0.001610  -0.009025  -0.177922  0.016938  2.000000  1.000000  0.000000  0.000000  0.000000  -0.000000  1.000000  0.000000  -1.000000  -0.000000  0.999988  0.000466  0.004890  -0.000465  1.000000  -0.000072  -0.004890  0.000070  0.999988  1.000000  0.000000  0.000000  0.000000  1.000000  0.000000  0.000000  0.000000  1.000000  1.000000  0.000000  0.000000  0.000000  -0.000000  1.000000  0.000000  -1.000000  -0.000000  0.000043  0.000000  
158.031313 0.011515  0.088548  0.005565  0.993796  0.110353  0.013835  -0.024147  0.092663  0.995405  0.108564  -0.989563  0.094752  0.002205  -0.001140  0.001902  -0.009338  -0.211773  0.024690  2.000000  1.000000  0.000040  0.000353  -0.000353  0.000008  1.000000  0.000040  -1.000000  0.000008  0.999981  0.000716  0.006099  -0.000715  1.000000  -0.000181  -0.006099  0.000177  0.999981  1.000000  0.000009  0.000076  -0.000009  1.000000  -0.000002  -0.000076  0.000002  1.000000  1.000000  0.000040  0.000353  -0.000353  0.000008  1.000000  0.000040  -1.000000  0.000008  0.000051  0.006144  
158.032316 0.011518  0.088546  0.005568  0.993756  0.110582  0.014834  -0.025169  0.092666  0.995379  0.108697  -0.989537  0.094871  0.002425  -0.001308  0.002099  -0.009645  -0.245570  0.032440  2.000000  1.000000  0.000084  0.000688  -0.000688  0.000017  1.000000  0.000084  -1.000000  0.000017  0.999974  0.000947  0.007105  -0.000946  1.000000  -0.000191  -0.007105  0.000185  0.999975  1.000000  0.000012  0.000089  -0.000012  1.000000  -0.000002  -0.000089  0.000002  1.000000  1.000000  0.000084  0.000688  -0.000688  0.000017  1.000000  0.000084  -1.000000  0.000017  0.000060  0.007170  
158.033559 0.011523  0.088544  0.005572  0.993753  0.110436  0.016062  -0.026398  0.092778  0.995337  0.108431  -0.989543  0.095114  0.002742  -0.001481  0.002339  -0.009256  -0.287572  0.027465  2.000000  0.999999  0.000141  0.001174  -0.001174  0.000030  0.999999  0.000140  -1.000000  0.000030  0.999965  0.000931  0.008340  -0.000930  1.000000  -0.000180  -0.008340  0.000172  0.999965  1.000000  0.000012  0.000104  -0.000012  1.000000  -0.000002  -0.000104  0.000002  1.000000  0.999999  0.000141  0.001174  -0.001174  0.000030  0.999999  0.000140  -1.000000  0.000030  0.000071  0.008394  
158.034579 0.011527  0.088541  0.005574  0.993740  0.110401  0.017086  -0.027421  0.092789  0.995308  0.108298  -0.989546  0.095235  0.002944  -0.001683  0.002478  -0.009595  -0.321975  0.026257  2.000000  0.999999  0.000183  0.001617  -0.001617  0.000045  0.999999  0.000183  -1.000000  0.000045  0.999958  0.000878  0.009168  -0.000875  1.000000  -0.000334  -0.009168  0.000326  0.999958  1.000000  0.000011  0.000115  -0.000011  1.000000  -0.000004  -0.000115  0.000004  1.000000  0.999999  0.000183  0.001617  -0.001617  0.000045  0.999999  0.000183  -1.000000  0.000045  0.000077  0.009215  
158.035813 0.011531  0.088537  0.005578  0.993706  0.110522  0.018275  -0.028648  0.093015  0.995253  0.108298  -0.989512  0.095595  0.003239  -0.001915  0.002709  -0.017329  -0.363223  0.030263  2.000000  0.999998  0.000223  0.002125  -0.002125  0.000064  0.999998  0.000223  -1.000000  0.000064  0.999943  0.000750  0.010619  -0.000745  1.000000  -0.000420  -0.010619  0.000412  0.999944  1.000000  0.000009  0.000133  -0.000009  1.000000  -0.000005  -0.000133  0.000005  1.000000  0.999998  0.000223  0.002125  -0.002125  0.000064  0.999998  0.000223  -1.000000  0.000064  0.000089  0.010654  
158.037059 0.011536  0.088533  0.005583  0.993678  0.110531  0.019682  -0.030081  0.093221  0.995191  0.108165  -0.989491  0.095957  0.003450  -0.002173  0.003032  -0.024340  -0.411622  0.030455  2.000000  0.999996  0.000259  0.002697  -0.002697  0.000094  0.999996  0.000259  -1.000000  0.000095  0.999929  0.000737  0.011854  -0.000729  1.000000  -0.000651  -0.011854  0.000642  0.999930  1.000000  0.000009  0.000148  -0.000009  1.000000  -0.000008  -0.000148  0.000008  1.000000  0.999996  0.000259  0.002697  -0.002697  0.000094  0.999996  0.000259  -1.000000  0.000095  0.000100  0.011895  
158.038310 0.011541  0.088528  0.005588  0.993640  0.110654  0.020871  -0.031308  0.093447  0.995132  0.108165  -0.989456  0.096317  0.003657  -0.002427  0.003237  -0.032072  -0.452681  0.034478  2.000000  0.999994  0.000311  0.003491  -0.003491  0.000146  0.999994  0.000310  -1.000000  0.000148  0.999911  0.000880  0.013279  -0.000867  0.999999  -0.000982  -0.013280  0.000970  0.999911  1.000000  0.000011  0.000166  -0.000011  1.000000  -0.000012  -0.000166  0.000012  1.000000  0.999994  0.000311  0.003491  -0.003491  0.000146  0.999994  0.000310  -1.000000  0.000148  0.000112  0.013345  
158.039310 0.011545  0.088524  0.005593  0.993607  0.110758  0.021855  -0.032331  0.093695  0.995076  0.108165  -0.989421  0.096677  0.003720  -0.002582  0.003384  -0.040552  -0.486885  0.037855  2.000000  0.999991  0.000357  0.004183  -0.004183  0.000200  0.999991  0.000356  -1.000000  0.000201  0.999897  0.000981  0.014298  -0.000965  0.999999  -0.001114  -0.014299  0.001100  0.999897  1.000000  0.000012  0.000179  -0.000012  1.000000  -0.000014  -0.000179  0.000014  1.000000  0.999991  0.000357  0.004183  -0.004183  0.000200  0.999991  0.000356  -1.000000  0.000201  0.000121  0.014374  
158.040559 0.011549  0.088519  0.005598  0.993566  0.110882  0.023043  -0.033558  0.093920  0.995014  0.108165  -0.989386  0.097037  0.003797  -0.002719  0.003489  -0.048287  -0.527987  0.041909  2.000000  0.999987  0.000423  0.005120  -0.005120  0.000282  0.999987  0.000421  -1.000000  0.000284  0.999879  0.001106  0.015519  -0.001083  0.999998  -0.001467  -0.015521  0.001450  0.999878  1.000000  0.000014  0.000194  -0.000014  1.000000  -0.000018  -0.000194  0.000018  1.000000  0.999987  0.000423  0.005120  -0.005120  0.000282  0.999987  0.000421  -1.000000  0.000284  0.000130  0.015627  
158.041559 0.011553  0.088515  0.005602  0.993546  0.110855  0.024040  -0.034582  0.094173  0.994955  0.108032  -0.989365  0.097398  0.003900  -0.002947  0.003526  -0.056820  -0.562775  0.040849  2.000000  0.999982  0.000477  0.005924  -0.005924  0.000361  0.999982  0.000475  -1.000000  0.000363  0.999862  0.001077  0.016550  -0.001048  0.999998  -0.001720  -0.016552  0.001703  0.999862  1.000000  0.000013  0.000207  -0.000013  1.000000  -0.000021  -0.000207  0.000021  1.000000  0.999982  0.000477  0.005924  -0.005924  0.000361  0.999982  0.000475  -1.000000  0.000363  0.000140  0.016674  
158.042807 0.011559  0.088508  0.005605  0.993495  0.111003  0.025420  -0.036013  0.094496  0.994874  0.108032  -0.989317  0.097879  0.003916  -0.003261  0.003428  -0.067883  -0.610685  0.045630  2.000000  0.999975  0.000549  0.007002  -0.007002  0.000476  0.999975  0.000546  -1.000000  0.000480  0.999845  0.001181  0.017568  -0.001147  0.999997  -0.001974  -0.017571  0.001954  0.999844  1.000000  0.000015  0.000220  -0.000015  1.000000  -0.000025  -0.000220  0.000025  1.000000  0.999975  0.000549  0.007002  -0.007002  0.000476  0.999975  0.000546  -1.000000  0.000480  0.000149  0.017718  
158.044057 0.011564  0.088501  0.005608  0.993450  0.111133  0.026595  -0.037241  0.094841  0.994796  0.108032  -0.989270  0.098358  0.003937  -0.003615  0.003381  -0.079698  -0.651761  0.049770  2.000000  0.999967  0.000627  0.008138  -0.008139  0.000611  0.999967  0.000622  -1.000000  0.000616  0.999830  0.001269  0.018382  -0.001228  0.999997  -0.002250  -0.018385  0.002227  0.999828  1.000000  0.000016  0.000230  -0.000016  1.000000  -0.000028  -0.000230  0.000028  1.000000  0.999967  0.000627  0.008138  -0.008139  0.000611  0.999967  0.000622  -1.000000  0.000616  0.000162  0.018563  
158.045069 0.011568  0.088494  0.005610  0.993411  0.111240  0.027579  -0.038263  0.095089  0.994733  0.108032  -0.989234  0.098718  0.003906  -0.003827  0.003300  -0.088091  -0.686060  0.048719  2.000000  0.999961  0.000679  0.008837  -0.008838  0.000705  0.999961  0.000672  -1.000000  0.000711  0.999823  0.001451  0.018776  -0.001401  0.999995  -0.002694  -0.018780  0.002667  0.999820  1.000000  0.000018  0.000235  -0.000018  1.000000  -0.000034  -0.000235  0.000034  1.000000  0.999961  0.000679  0.008837  -0.008838  0.000705  0.999961  0.000672  -1.000000  0.000711  0.000172  0.019023  
158.046311 0.011573  0.088486  0.005612  0.993363  0.111375  0.028740  -0.039490  0.095554  0.994641  0.108032  -0.989174  0.099318  0.003890  -0.004134  0.003157  -0.104007  -0.727359  0.052955  2.000000  0.999950  0.000775  0.010018  -0.010019  0.000883  0.999949  0.000766  -0.999999  0.000891  0.999819  0.001613  0.018966  -0.001556  0.999994  -0.003038  -0.018971  0.003008  0.999816  1.000000  0.000020  0.000237  -0.000020  1.000000  -0.000038  -0.000237  0.000038  1.000000  0.999950  0.000775  0.010018  -0.010019  0.000883  0.999949  0.000766  -0.999999  0.000891  0.000182  0.019274  
158.047564 0.011578  0.088478  0.005613  0.993313  0.111507  0.029914  -0.040717  0.095899  0.994558  0.108032  -0.989126  0.099798  0.003933  -0.004543  0.002991  -0.115789  -0.768240  0.057139  2.000000  0.999937  0.000885  0.011215  -0.011216  0.001086  0.999937  0.000872  -0.999999  0.001096  0.999811  0.001796  0.019359  -0.001729  0.999992  -0.003482  -0.019365  0.003448  0.999807  1.000000  0.000022  0.000242  -0.000022  1.000000  -0.000043  -0.000242  0.000043  1.000000  0.999937  0.000885  0.011215  -0.011216  0.001086  0.999937  0.000872  -0.999999  0.001096  0.000193  0.019750  
158.048813 0.011583  0.088468  0.005613  0.993254  0.111661  0.031293  -0.042149  0.096221  0.994467  0.108032  -0.989077  0.100278  0.003922  -0.005007  0.002741  -0.126850  -0.816160  0.062029  2.000000  0.999922  0.001001  0.012456  -0.012457  0.001310  0.999922  0.000984  -0.999999  0.001323  0.999795  0.001886  0.020173  -0.001810  0.999991  -0.003759  -0.020180  0.003721  0.999789  1.000000  0.000023  0.000252  -0.000023  1.000000  -0.000047  -0.000252  0.000047  1.000000  0.999922  0.001001  0.012456  -0.012457  0.001310  0.999922  0.000984  -0.999999  0.001323  0.000204  0.020605  
158.049814 0.011586  0.088459  0.005611  0.993210  0.111775  0.032263  -0.043171  0.096589  0.994388  0.108032  -0.989028  0.100758  0.003919  -0.005487  0.002457  -0.139407  -0.850380  0.065595  2.000000  0.999909  0.001095  0.013472  -0.013474  0.001503  0.999908  0.001075  -0.999998  0.001517  0.999791  0.001783  0.020389  -0.001702  0.999991  -0.003977  -0.020396  0.003941  0.999784  1.000000  0.000022  0.000255  -0.000022  1.000000  -0.000049  -0.000255  0.000049  1.000000  0.999909  0.001095  0.013472  -0.013474  0.001503  0.999908  0.001075  -0.999998  0.001517  0.000213  0.020847  
158.051065 0.011590  0.088447  0.005608  0.993170  0.111779  0.033450  -0.044398  0.096939  0.994300  0.107899  -0.988994  0.101239  0.003888  -0.006057  0.001951  -0.151295  -0.892002  0.065388  2.000000  0.999890  0.001200  0.014770  -0.014772  0.001761  0.999889  0.001174  -0.999998  0.001779  0.999782  0.001434  0.020835  -0.001345  0.999990  -0.004291  -0.020841  0.004262  0.999774  1.000000  0.000017  0.000260  -0.000017  1.000000  -0.000053  -0.000260  0.000053  1.000000  0.999890  0.001200  0.014770  -0.014772  0.001761  0.999889  0.001174  -0.999998  0.001779  0.000225  0.021320  
158.052312 0.011594  0.088433  0.005604  0.993124  0.111899  0.034406  -0.045421  0.097427  0.994206  0.107899  -0.988932  0.101839  0.003810  -0.006599  0.001349  -0.169436  -0.912559  0.067693  2.000000  0.999870  0.001290  0.016072  -0.016075  0.002046  0.999869  0.001257  -0.999997  0.002066  0.999782  0.001314  0.020848  -0.001214  0.999988  -0.004774  -0.020854  0.004747  0.999771  1.000000  0.000016  0.000261  -0.000016  1.000000  -0.000060  -0.000261  0.000060  1.000000  0.999870  0.001290  0.016072  -0.016075  0.002046  0.999869  0.001257  -0.999997  0.002066  0.000233  0.021426  
158.053561 0.011598  0.088421  0.005600  0.993076  0.112021  0.035361  -0.046443  0.097914  0.994111  0.107899  -0.988870  0.102439  0.003713  -0.007145  0.000615  -0.185228  -0.919810  0.073249  2.000000  0.999853  0.001359  0.017112  -0.017115  0.002295  0.999851  0.001319  -0.999996  0.002318  0.999782  0.001459  0.020834  -0.001352  0.999986  -0.005140  -0.020841  0.005111  0.999770  1.000000  0.000018  0.000260  -0.000018  1.000000  -0.000064  -0.000260  0.000064  1.000000  0.999853  0.001359  0.017112  -0.017115  0.002295  0.999851  0.001319  -0.999996  0.002318  0.000235  0.021506  
158.054809 0.011603  0.088408  0.005594  0.993028  0.112148  0.036303  -0.047465  0.098522  0.994002  0.107899  -0.988795  0.103159  0.003758  -0.007577  -0.000115  -0.207281  -0.918483  0.078090  2.000000  0.999830  0.001456  0.018406  -0.018409  0.002636  0.999827  0.001407  -0.999995  0.002662  0.999786  0.001587  0.020615  -0.001468  0.999982  -0.005772  -0.020624  0.005740  0.999771  1.000000  0.000019  0.000258  -0.000019  1.000000  -0.000072  -0.000258  0.000072  1.000000  0.999830  0.001456  0.018406  -0.018409  0.002636  0.999827  0.001407  -0.999995  0.002662  0.000236  0.021464  
158.055809 0.011607  0.088399  0.005588  0.992989  0.112247  0.037067  -0.048283  0.098912  0.993924  0.107899  -0.988745  0.103638  0.003794  -0.007934  -0.000748  -0.219336  -0.917419  0.082756  2.000000  0.999810  0.001540  0.019428  -0.019433  0.002930  0.999807  0.001483  -0.999995  0.002960  0.999795  0.001688  0.020194  -0.001566  0.999980  -0.006061  -0.020204  0.006028  0.999778  1.000000  0.000020  0.000253  -0.000020  1.000000  -0.000076  -0.000253  0.000076  1.000000  0.999810  0.001540  0.019428  -0.019433  0.002930  0.999807  0.001483  -0.999995  0.002960  0.000236  0.021148  
158.056809 0.011612  0.088389  0.005582  0.992959  0.112331  0.037613  -0.048896  0.099446  0.993841  0.107899  -0.988682  0.104238  0.003870  -0.008289  -0.001343  -0.237453  -0.924956  0.083775  2.000000  0.999790  0.001628  0.020414  -0.020420  0.003240  0.999786  0.001561  -0.999993  0.003272  0.999811  0.001750  0.019365  -0.001626  0.999978  -0.006394  -0.019376  0.006361  0.999792  1.000000  0.000021  0.000242  -0.000021  1.000000  -0.000080  -0.000242  0.000080  1.000000  0.999790  0.001628  0.020414  -0.020420  0.003240  0.999786  0.001561  -0.999993  0.003272  0.000239  0.020464  
158.058059 0.011619  0.088379  0.005576  0.992918  0.112441  0.038349  -0.049714  0.100076  0.993737  0.107899  -0.988606  0.104958  0.003946  -0.008505  -0.001971  -0.257153  -0.932000  0.084879  2.000000  0.999765  0.001740  0.021606  -0.021613  0.003645  0.999760  0.001661  -0.999992  0.003682  0.999819  0.001719  0.018957  -0.001593  0.999976  -0.006680  -0.018968  0.006649  0.999798  1.000000  0.000021  0.000237  -0.000021  1.000000  -0.000083  -0.000237  0.000083  1.000000  0.999765  0.001740  0.021606  -0.021613  0.003645  0.999760  0.001661  -0.999992  0.003682  0.000242  0.020169  
158.059310 0.011626  0.088367  0.005569  0.992902  0.112394  0.038909  -0.050328  0.100616  0.993652  0.107766  -0.988556  0.105559  0.004096  -0.008830  -0.002707  -0.271154  -0.924991  0.075623  2.000000  0.999739  0.001850  0.022770  -0.022778  0.004074  0.999732  0.001757  -0.999990  0.004115  0.999826  0.001557  0.018563  -0.001428  0.999975  -0.006966  -0.018573  0.006939  0.999803  1.000000  0.000019  0.000232  -0.000019  1.000000  -0.000087  -0.000232  0.000087  1.000000  0.999739  0.001850  0.022770  -0.022778  0.004074  0.999732  0.001757  -0.999990  0.004115  0.000243  0.019884  
158.060311 0.011633  0.088359  0.005565  0.992870  0.112480  0.039454  -0.050941  0.101149  0.993566  0.107766  -0.988492  0.106158  0.004239  -0.008927  -0.003047  -0.287940  -0.919045  0.066393  2.000000  0.999718  0.001931  0.023677  -0.023686  0.004433  0.999710  0.001826  -0.999988  0.004477  0.999834  0.001526  0.018155  -0.001392  0.999972  -0.007374  -0.018166  0.007348  0.999808  1.000000  0.000018  0.000227  -0.000018  1.000000  -0.000092  -0.000227  0.000092  1.000000  0.999718  0.001931  0.023677  -0.023686  0.004433  0.999710  0.001826  -0.999988  0.004477  0.000244  0.019651  
158.061565 0.011640  0.088348  0.005559  0.992828  0.112598  0.040177  -0.051759  0.101900  0.993447  0.107766  -0.988402  0.106997  0.004403  -0.009168  -0.003649  -0.312900  -0.912727  0.061713  2.000000  0.999696  0.002012  0.024567  -0.024576  0.004813  0.999686  0.001893  -0.999986  0.004861  0.999841  0.001496  0.017747  -0.001358  0.999969  -0.007782  -0.017758  0.007757  0.999812  1.000000  0.000018  0.000222  -0.000018  1.000000  -0.000097  -0.000222  0.000097  1.000000  0.999696  0.002012  0.024567  -0.024576  0.004813  0.999686  0.001893  -0.999986  0.004861  0.000241  0.019432  
158.062814 0.011647  0.088336  0.005553  0.992782  0.112827  0.040680  -0.052371  0.102667  0.993336  0.107899  -0.988296  0.107835  0.004554  -0.009341  -0.004053  -0.335304  -0.891308  0.068988  2.000000  0.999669  0.002121  0.025646  -0.025657  0.005314  0.999657  0.001984  -0.999984  0.005367  0.999856  0.001690  0.016903  -0.001551  0.999965  -0.008236  -0.016916  0.008208  0.999823  1.000000  0.000020  0.000211  -0.000020  1.000000  -0.000103  -0.000211  0.000103  1.000000  0.999669  0.002121  0.025646  -0.025657  0.005314  0.999657  0.001984  -0.999984  0.005367  0.000238  0.018873  
158.064064 0.011655  0.088323  0.005546  0.992760  0.112899  0.041007  -0.052780  0.103344  0.993244  0.107899  -0.988217  0.108554  0.004715  -0.009500  -0.004416  -0.358884  -0.865660  0.071081  2.000000  0.999642  0.002234  0.026678  -0.026691  0.005845  0.999627  0.002078  -0.999980  0.005902  0.999866  0.001638  0.016291  -0.001497  0.999961  -0.008665  -0.016305  0.008640  0.999830  1.000000  0.000020  0.000204  -0.000020  1.000000  -0.000108  -0.000204  0.000108  1.000000  0.999642  0.002234  0.026678  -0.026691  0.005845  0.999627  0.002078  -0.999980  0.005902  0.000236  0.018520  
158.065065 0.011661  0.088314  0.005541  0.992724  0.113099  0.041333  -0.053188  0.103892  0.993165  0.108032  -0.988137  0.109152  0.004905  -0.009493  -0.004635  -0.372958  -0.842494  0.078152  2.000000  0.999620  0.002325  0.027461  -0.027475  0.006286  0.999603  0.002152  -0.999978  0.006347  0.999882  0.001671  0.015258  -0.001535  0.999959  -0.008896  -0.015272  0.008872  0.999844  1.000000  0.000020  0.000191  -0.000020  1.000000  -0.000111  -0.000191  0.000111  1.000000  0.999620  0.002325  0.027461  -0.027475  0.006286  0.999603  0.002152  -0.999978  0.006347  0.000233  0.017736  
158.066321 0.011669  0.088302  0.005534  0.992702  0.113182  0.041632  -0.053597  0.104810  0.993047  0.108032  -0.988031  0.110111  0.005243  -0.009441  -0.004920  -0.396779  -0.807647  0.079591  2.000000  0.999594  0.002439  0.028385  -0.028401  0.006856  0.999573  0.002243  -0.999974  0.006923  0.999894  0.001595  0.014443  -0.001460  0.999955  -0.009348  -0.014457  0.009326  0.999852  1.000000  0.000019  0.000181  -0.000019  1.000000  -0.000117  -0.000181  0.000117  1.000000  0.999594  0.002439  0.028385  -0.028401  0.006856  0.999573  0.002243  -0.999974  0.006923  0.000227  0.017273  
158.067564 0.011677  0.088289  0.005527  0.992668  0.113283  0.042149  -0.054210  0.105583  0.992932  0.108032  -0.987937  0.110950  0.005538  -0.009490  -0.005198  -0.415339  -0.787635  0.077977  2.000000  0.999569  0.002549  0.029259  -0.029277  0.007455  0.999544  0.002330  -0.999969  0.007527  0.999906  0.001517  0.013628  -0.001383  0.999951  -0.009800  -0.013642  0.009780  0.999859  1.000000  0.000018  0.000170  -0.000018  1.000000  -0.000122  -0.000170  0.000122  1.000000  0.999569  0.002549  0.029259  -0.029277  0.007455  0.999544  0.002330  -0.999969  0.007527  0.000223  0.016849  
158.068813 0.011687  0.088277  0.005518  0.992646  0.113357  0.042476  -0.054618  0.106259  0.992837  0.108032  -0.987856  0.111669  0.005875  -0.009466  -0.005392  -0.431365  -0.752959  0.074772  2.000000  0.999548  0.002636  0.029931  -0.029951  0.007957  0.999520  0.002396  -0.999965  0.008032  0.999912  0.001483  0.013220  -0.001348  0.999947  -0.010208  -0.013234  0.010189  0.999861  1.000000  0.000018  0.000165  -0.000018  1.000000  -0.000127  -0.000165  0.000127  1.000000  0.999548  0.002636  0.029931  -0.029951  0.007957  0.999520  0.002396  -0.999965  0.008032  0.000220  0.016763  
158.070060 0.011697  0.088265  0.005509  0.992612  0.113459  0.042993  -0.055231  0.107032  0.992720  0.108032  -0.987761  0.112507  0.006166  -0.009382  -0.005519  -0.445862  -0.732425  0.073103  2.000000  0.999524  0.002741  0.030725  -0.030748  0.008611  0.999490  0.002475  -0.999959  0.008692  0.999922  0.001403  0.012405  -0.001271  0.999942  -0.010659  -0.012419  0.010643  0.999866  1.000000  0.000017  0.000155  -0.000017  1.000000  -0.000133  -0.000155  0.000133  1.000000  0.999524  0.002741  0.030725  -0.030748  0.008611  0.999490  0.002475  -0.999959  0.008692  0.000217  0.016411  
158.071060 0.011706  0.088258  0.005502  0.992601  0.113513  0.043114  -0.055436  0.107731  0.992633  0.108032  -0.987679  0.113226  0.006451  -0.009291  -0.005671  -0.461160  -0.704594  0.075064  2.000000  0.999505  0.002823  0.031326  -0.031351  0.009150  0.999467  0.002535  -0.999954  0.009234  0.999930  0.001341  0.011794  -0.001212  0.999939  -0.010968  -0.011808  0.010953  0.999870  1.000000  0.000016  0.000148  -0.000016  1.000000  -0.000137  -0.000148  0.000137  1.000000  0.999505  0.002823  0.031326  -0.031351  0.009150  0.999467  0.002535  -0.999954  0.009234  0.000214  0.016157  
158.072311 0.011716  0.088248  0.005493  0.992552  0.113743  0.043630  -0.056048  0.108376  0.992529  0.108165  -0.987582  0.113943  0.006793  -0.009121  -0.005775  -0.470938  -0.684715  0.077810  2.000000  0.999483  0.002932  0.032027  -0.032055  0.009846  0.999438  0.002615  -0.999947  0.009935  0.999939  0.001525  0.010949  -0.001401  0.999935  -0.011300  -0.010966  0.011284  0.999876  1.000000  0.000018  0.000137  -0.000018  1.000000  -0.000141  -0.000137  0.000141  1.000000  0.999483  0.002932  0.032027  -0.032055  0.009846  0.999438  0.002615  -0.999947  0.009935  0.000209  0.015803  
158.073559 0.011728  0.088239  0.005485  0.992514  0.113962  0.043912  -0.056456  0.109284  0.992406  0.108298  -0.987456  0.114900  0.007115  -0.008998  -0.005906  -0.494840  -0.650285  0.079049  2.000000  0.999461  0.003044  0.032689  -0.032720  0.010557  0.999409  0.002697  -0.999940  0.010651  0.999945  0.001464  0.010338  -0.001345  0.999933  -0.011487  -0.010354  0.011473  0.999881  1.000000  0.000018  0.000129  -0.000018  1.000000  -0.000144  -0.000129  0.000144  1.000000  0.999461  0.003044  0.032689  -0.032720  0.010557  0.999409  0.002697  -0.999940  0.010651  0.000207  0.015519  
158.074809 0.011740  0.088229  0.005476  0.992491  0.114045  0.044224  -0.056864  0.110080  0.992295  0.108298  -0.987358  0.115738  0.007354  -0.008953  -0.006049  -0.505893  -0.623088  0.076577  2.000000  0.999440  0.003162  0.033304  -0.033338  0.011287  0.999380  0.002784  -0.999931  0.011386  0.999952  0.001536  0.009711  -0.001420  0.999928  -0.011917  -0.009729  0.011903  0.999882  1.000000  0.000018  0.000122  -0.000018  1.000000  -0.000149  -0.000122  0.000149  1.000000  0.999440  0.003162  0.033304  -0.033338  0.011287  0.999380  0.002784  -0.999931  0.011386  0.000203  0.015444  
158.075810 0.011750  0.088221  0.005470  0.992453  0.114254  0.044534  -0.057272  0.110747  0.992197  0.108431  -0.987259  0.116455  0.007601  -0.008913  -0.006178  -0.520169  -0.602162  0.079126  2.000000  0.999424  0.003257  0.033773  -0.033809  0.011880  0.999358  0.002854  -0.999924  0.011983  0.999956  0.001627  0.009288  -0.001516  0.999927  -0.011961  -0.009307  0.011947  0.999885  1.000000  0.000020  0.000116  -0.000020  1.000000  -0.000149  -0.000116  0.000149  1.000000  0.999424  0.003257  0.033773  -0.033809  0.011880  0.999358  0.002854  -0.999924  0.011983  0.000200  0.015226  
158.077058 0.011761  0.088210  0.005463  0.992417  0.114356  0.045064  -0.057885  0.111399  0.992088  0.108431  -0.987174  0.117174  0.007835  -0.008870  -0.006277  -0.530554  -0.581845  0.077270  2.000000  0.999408  0.003356  0.034227  -0.034267  0.012489  0.999335  0.002926  -0.999916  0.012597  0.999957  0.001611  0.009083  -0.001499  0.999923  -0.012347  -0.009103  0.012333  0.999883  1.000000  0.000019  0.000114  -0.000019  1.000000  -0.000154  -0.000114  0.000154  1.000000  0.999408  0.003356  0.034227  -0.034267  0.012489  0.999335  0.002926  -0.999916  0.012597  0.000198  0.015408  
158.078062 0.011769  0.088201  0.005457  0.992379  0.114566  0.045373  -0.058293  0.112066  0.991989  0.108564  -0.987074  0.117890  0.007997  -0.008834  -0.006325  -0.546048  -0.558752  0.079717  2.000000  0.999393  0.003458  0.034674  -0.034717  0.013104  0.999311  0.003001  -0.999908  0.013216  0.999959  0.001727  0.008863  -0.001616  0.999921  -0.012490  -0.008884  0.012476  0.999883  1.000000  0.000021  0.000111  -0.000021  1.000000  -0.000156  -0.000111  0.000156  1.000000  0.999393  0.003458  0.034674  -0.034717  0.013104  0.999311  0.003001  -0.999908  0.013216  0.000197  0.015407  
158.079065 0.011777  0.088191  0.005452  0.992355  0.114651  0.045684  -0.058702  0.112861  0.991875  0.108564  -0.986974  0.118728  0.008166  -0.008824  -0.006291  -0.559236  -0.540562  0.077896  2.000000  0.999377  0.003563  0.035108  -0.035154  0.013728  0.999288  0.003078  -0.999899  0.013845  0.999961  0.001709  0.008659  -0.001600  0.999919  -0.012634  -0.008680  0.012619  0.999883  1.000000  0.000021  0.000108  -0.000021  1.000000  -0.000158  -0.000108  0.000158  1.000000  0.999377  0.003563  0.035108  -0.035154  0.013728  0.999288  0.003078  -0.999899  0.013845  0.000195  0.015406  
158.080065 0.011785  0.088182  0.005448  0.992316  0.114863  0.045993  -0.059109  0.113528  0.991775  0.108697  -0.986873  0.119445  0.008334  -0.008748  -0.006251  -0.569460  -0.519620  0.080380  2.000000  0.999362  0.003671  0.035531  -0.035580  0.014368  0.999264  0.003158  -0.999890  0.014489  0.999963  0.001825  0.008438  -0.001715  0.999914  -0.013021  -0.008461  0.013006  0.999880  1.000000  0.000022  0.000106  -0.000022  1.000000  -0.000163  -0.000106  0.000163  1.000000  0.999362  0.003671  0.035531  -0.035580  0.014368  0.999264  0.003158  -0.999890  0.014489  0.000194  0.015617  
158.081315 0.011795  0.088171  0.005444  0.992292  0.114955  0.046290  -0.059518  0.114443  0.991645  0.108697  -0.986756  0.120403  0.008416  -0.008726  -0.006015  -0.588626  -0.491934  0.082144  2.000000  0.999343  0.003818  0.036042  -0.036096  0.015179  0.999233  0.003268  -0.999878  0.015307  0.999966  0.001917  0.008014  -0.001812  0.999913  -0.013065  -0.008038  0.013050  0.999883  1.000000  0.000023  0.000100  -0.000023  1.000000  -0.000163  -0.000100  0.000163  1.000000  0.999343  0.003818  0.036042  -0.036096  0.015179  0.999233  0.003268  -0.999878  0.015307  0.000194  0.015440  
158.082574 0.011805  0.088160  0.005440  0.992240  0.115208  0.046761  -0.060130  0.115446  0.991492  0.108830  -0.986610  0.121478  0.008577  -0.008558  -0.005736  -0.607849  -0.474841  0.085410  2.000000  0.999325  0.003970  0.036534  -0.036593  0.015998  0.999202  0.003383  -0.999864  0.016133  0.999968  0.002032  0.007792  -0.001928  0.999909  -0.013329  -0.007819  0.013314  0.999881  1.000000  0.000025  0.000098  -0.000025  1.000000  -0.000167  -0.000098  0.000167  1.000000  0.999325  0.003970  0.036534  -0.036593  0.015998  0.999202  0.003383  -0.999864  0.016133  0.000193  0.015567  
158.083817 0.011815  0.088150  0.005437  0.992201  0.115439  0.047027  -0.060538  0.116473  0.991347  0.108963  -0.986462  0.122553  0.008549  -0.008439  -0.005356  -0.626447  -0.453809  0.087953  2.000000  0.999306  0.004125  0.037020  -0.037085  0.016831  0.999170  0.003499  -0.999850  0.016973  0.999968  0.002041  0.007790  -0.001935  0.999906  -0.013571  -0.007817  0.013555  0.999878  1.000000  0.000025  0.000098  -0.000025  1.000000  -0.000170  -0.000098  0.000170  1.000000  0.999306  0.004125  0.037020  -0.037085  0.016831  0.999170  0.003499  -0.999850  0.016973  0.000195  0.015774  
158.085063 0.011825  0.088141  0.005435  0.992149  0.115689  0.047510  -0.061149  0.117356  0.991206  0.109096  -0.986328  0.123508  0.008550  -0.008324  -0.004933  -0.636118  -0.439584  0.091242  2.000000  0.999291  0.004257  0.037415  -0.037484  0.017516  0.999144  0.003598  -0.999838  0.017663  0.999966  0.002206  0.007975  -0.002095  0.999901  -0.013913  -0.008005  0.013895  0.999871  1.000000  0.000027  0.000100  -0.000027  1.000000  -0.000174  -0.000100  0.000174  1.000000  0.999291  0.004257  0.037415  -0.037484  0.017516  0.999144  0.003598  -0.999838  0.017663  0.000195  0.016180  
158.086314 0.011835  0.088131  0.005432  0.992096  0.115940  0.047994  -0.061761  0.118238  0.991063  0.109229  -0.986194  0.124464  0.008479  -0.008311  -0.004490  -0.644924  -0.432106  0.095281  2.000000  0.999271  0.004420  0.037913  -0.037988  0.018388  0.999109  0.003718  -0.999821  0.018543  0.999964  0.002241  0.008175  -0.002125  0.999898  -0.014132  -0.008206  0.014114  0.999867  1.000000  0.000027  0.000102  -0.000027  1.000000  -0.000177  -0.000102  0.000177  1.000000  0.999271  0.004420  0.037913  -0.037988  0.018388  0.999109  0.003718  -0.999821  0.018543  0.000197  0.016472  
158.087559 0.011845  0.088122  0.005429  0.992058  0.116066  0.048479  -0.062374  0.119248  0.990903  0.109229  -0.986057  0.125540  0.008416  -0.008322  -0.004162  -0.659880  -0.428508  0.094842  2.000000  0.999251  0.004590  0.038420  -0.038502  0.019265  0.999073  0.003845  -0.999804  0.019427  0.999962  0.002274  0.008376  -0.002155  0.999896  -0.014231  -0.008408  0.014213  0.999864  1.000000  0.000028  0.000105  -0.000028  1.000000  -0.000178  -0.000105  0.000178  1.000000  0.999251  0.004590  0.038420  -0.038502  0.019265  0.999073  0.003845  -0.999804  0.019427  0.000198  0.016662  
158.088562 0.011853  0.088113  0.005426  0.992004  0.116319  0.048961  -0.062986  0.120129  0.990758  0.109362  -0.985920  0.126495  0.008276  -0.008410  -0.003853  -0.674191  -0.424598  0.099654  2.000000  0.999235  0.004731  0.038828  -0.038915  0.019977  0.999043  0.003951  -0.999789  0.020145  0.999964  0.002389  0.008154  -0.002272  0.999894  -0.014375  -0.008187  0.014356  0.999863  1.000000  0.000029  0.000102  -0.000029  1.000000  -0.000180  -0.000102  0.000180  1.000000  0.999235  0.004731  0.038828  -0.038915  0.019977  0.999043  0.003951  -0.999789  0.020145  0.000200  0.016691  
158.089811 0.011863  0.088103  0.005423  0.991965  0.116447  0.049446  -0.063598  0.121139  0.990596  0.109362  -0.985782  0.127571  0.008145  -0.008409  -0.003521  -0.687270  -0.417193  0.103708  2.000000  0.999214  0.004913  0.039344  -0.039439  0.020873  0.999004  0.004087  -0.999770  0.021050  0.999962  0.002424  0.008354  -0.002302  0.999891  -0.014595  -0.008389  0.014575  0.999859  1.000000  0.000030  0.000105  -0.000030  1.000000  -0.000182  -0.000105  0.000182  1.000000  0.999214  0.004913  0.039344  -0.039439  0.020873  0.999004  0.004087  -0.999770  0.021050  0.000202  0.016983  
158.091059 0.011872  0.088091  0.005420  0.991911  0.116708  0.049914  -0.064210  0.122140  0.990434  0.109495  -0.985627  0.128646  0.007993  -0.008470  -0.003199  -0.697434  -0.420169  0.108507  2.000000  0.999192  0.005098  0.039870  -0.039972  0.021786  0.998963  0.004225  -0.999750  0.021972  0.999960  0.002459  0.008554  -0.002333  0.999888  -0.014816  -0.008590  0.014795  0.999854  1.000000  0.000030  0.000107  -0.000030  1.000000  -0.000185  -0.000107  0.000185  1.000000  0.999192  0.005098  0.039870  -0.039972  0.021786  0.998963  0.004225  -0.999750  0.021972  0.000204  0.017276  
158.092059 0.011878  0.088082  0.005418  0.991871  0.116826  0.050426  -0.064823  0.122908  0.990299  0.109495  -0.985518  0.129482  0.007870  -0.008539  -0.002944  -0.705267  -0.419936  0.108773  2.000000  0.999174  0.005256  0.040301  -0.040410  0.022527  0.998929  0.004342  -0.999732  0.022721  0.999958  0.002626  0.008738  -0.002494  0.999884  -0.015036  -0.008776  0.015014  0.999849  1.000000  0.000032  0.000109  -0.000032  1.000000  -0.000188  -0.000109  0.000188  1.000000  0.999174  0.005256  0.040301  -0.040410  0.022527  0.998929  0.004342  -0.999732  0.022721  0.000206  0.017579  
158.093307 0.011887  0.088069  0.005416  0.991818  0.116977  0.051128  -0.065639  0.123773  0.990137  0.109495  -0.985392  0.130439  0.007717  -0.008659  -0.002663  -0.708418  -0.427073  0.105527  2.000000  0.999155  0.005411  0.040745  -0.040861  0.023283  0.998894  0.004456  -0.999714  0.023485  0.999955  0.002556  0.009158  -0.002415  0.999879  -0.015355  -0.009196  0.015332  0.999840  1.000000  0.000031  0.000115  -0.000031  1.000000  -0.000192  -0.000115  0.000192  1.000000  0.999155  0.005411  0.040745  -0.040861  0.023283  0.998894  0.004456  -0.999714  0.023485  0.000208  0.018052  
158.094311 0.011893  0.088058  0.005415  0.991762  0.117229  0.051623  -0.066251  0.124533  0.990001  0.109628  -0.985266  0.131273  0.007615  -0.008757  -0.002430  -0.715865  -0.433309  0.111110  2.000000  0.999135  0.005566  0.041202  -0.041325  0.024047  0.998856  0.004569  -0.999695  0.024256  0.999953  0.002458  0.009377  -0.002313  0.999878  -0.015453  -0.009413  0.015431  0.999837  1.000000  0.000030  0.000117  -0.000030  1.000000  -0.000193  -0.000117  0.000193  1.000000  0.999135  0.005566  0.041202  -0.041325  0.024047  0.998856  0.004569  -0.999695  0.024256  0.000211  0.018233  
158.095314 0.011900  0.088047  0.005414  0.991735  0.117324  0.051931  -0.066659  0.125325  0.989874  0.109628  -0.985154  0.132110  0.007511  -0.008925  -0.002241  -0.719750  -0.433682  0.107003  2.000000  0.999115  0.005725  0.041674  -0.041804  0.024814  0.998818  0.004684  -0.999676  0.025031  0.999951  0.002624  0.009560  -0.002476  0.999878  -0.015431  -0.009599  0.015406  0.999835  1.000000  0.000032  0.000120  -0.000032  1.000000  -0.000193  -0.000120  0.000193  1.000000  0.999115  0.005725  0.041674  -0.041804  0.024814  0.998818  0.004684  -0.999676  0.025031  0.000212  0.018332  
158.096560 0.011908  0.088031  0.005412  0.991680  0.117478  0.052632  -0.067476  0.126189  0.989709  0.109628  -0.985025  0.133066  0.007391  -0.009178  -0.002048  -0.723969  -0.448162  0.109320  2.000000  0.999089  0.005921  0.042272  -0.042411  0.025778  0.998768  0.004824  -0.999650  0.026006  0.999949  0.002528  0.009778  -0.002376  0.999877  -0.015529  -0.009816  0.015505  0.999832  1.000000  0.000031  0.000122  -0.000031  1.000000  -0.000194  -0.000122  0.000194  1.000000  0.999089  0.005921  0.042272  -0.042411  0.025778  0.998768  0.004824  -0.999650  0.026006  0.000213  0.018515  
