1-Time 2-Px 3-Py 4-Pz 5-R11 6-R21 7-R31 8-R12 9-R22 10-R32 11-R13 12-R23 13-R33 14-Vx 15-Vy 16-Vz 17-Wx 18-Wy 19-Wz 20-state 21-PR11 22-PR21 23-PR31 24-PR12 25-PR22 26-PR32 27-PR13 28-PR23 29-PR33 
195.658146 0.011146  0.085490  0.000344  0.997768  0.057605  -0.033765  -0.055724  0.996973  0.054222  0.036786  -0.052220  0.997958  0.000012  0.000548  -0.000108  0.000000  0.000000  0.000000  2.000000  1.000000  0.000000  0.000000  -0.000000  1.000000  0.000000  0.000000  -0.000000  1.000000  1.000000  0.000000  0.000000  0.000000  1.000000  -0.000243  -0.000000  0.000243  1.000000  1.000000  0.000000  0.000000  0.000000  1.000000  0.000000  0.000000  0.000000  1.000000  0.739942  0.543381  -0.396512  -0.558087  0.824985  0.089099  0.375531  0.155360  0.913695  0.000000  0.000000  
195.659152 0.011146  0.085490  0.000344  0.997768  0.057605  -0.033765  -0.055724  0.996973  0.054222  0.036786  -0.052220  0.997958  -0.000005  0.000461  -0.000104  0.000000  0.000000  0.000000  2.000000  1.000000  0.000000  0.000000  0.000000  1.000000  0.000000  0.000000  0.000000  1.000000  1.000000  0.000000  -0.000000  -0.000000  1.000000  -0.000121  0.000000  0.000121  1.000000  1.000000  0.000000  0.000000  0.000000  1.000000  0.000000  0.000000  0.000000  1.000000  1.000000  0.000000  0.000000  0.000000  1.000000  0.000000  0.000000  0.000000  1.000000  0.000000  0.000000  
195.660153 0.011147  0.085488  0.000343  0.997757  0.057815  -0.033747  -0.055930  0.996954  0.054350  0.036786  -0.052341  0.997952  0.000089  0.000268  -0.000131  0.000000  0.000000  0.000000  2.000000  1.000000  0.000000  0.000000  0.000000  1.000000  0.000000  0.000000  0.000000  1.000000  1.000000  0.000205  0.000011  -0.000205  1.000000  0.000008  -0.000011  -0.000008  1.000000  1.000000  0.000000  0.000000  0.000000  1.000000  0.000000  0.000000  0.000000  1.000000  1.000000  0.000000  0.000000  0.000000  1.000000  0.000000  0.000000  0.000000  1.000000  0.000000  0.000000  
195.661156 0.011149  0.085484  0.000343  0.997729  0.058232  -0.033858  -0.056340  0.996930  0.054372  0.036920  -0.052341  0.997947  0.000223  -0.000019  -0.000154  0.000000  0.000000  0.000000  2.000000  1.000000  0.000000  0.000000  0.000000  1.000000  0.000000  0.000000  0.000000  1.000000  1.000000  0.000418  -0.000112  -0.000418  1.000000  0.000015  0.000112  -0.000015  1.000000  1.000000  0.000000  0.000000  0.000000  1.000000  0.000000  0.000000  0.000000  1.000000  1.000000  0.000000  0.000000  0.000000  1.000000  0.000000  0.000000  0.000000  1.000000  0.000000  0.000000  
195.662402 0.011152  0.085479  0.000342  0.997712  0.058453  -0.033966  -0.056545  0.996904  0.054628  0.037054  -0.052582  0.997929  0.000404  -0.000428  -0.000159  0.000000  0.000000  0.000000  2.000000  1.000000  0.000000  0.000000  0.000000  1.000000  0.000000  0.000000  0.000000  1.000000  1.000000  0.000836  -0.000224  -0.000836  1.000000  0.000273  0.000224  -0.000273  1.000000  1.000000  0.000000  0.000000  0.000000  1.000000  0.000000  0.000000  0.000000  1.000000  1.000000  0.000000  0.000000  0.000000  1.000000  0.000000  0.000000  0.000000  1.000000  0.000000  0.000000  
195.663652 0.011155  0.085473  0.000342  0.997696  0.058673  -0.034074  -0.056751  0.996879  0.054884  0.037187  -0.052824  0.997911  0.000655  -0.000866  -0.000183  0.000000  0.000000  0.000000  2.000000  1.000000  0.000000  0.000000  0.000000  1.000000  0.000000  0.000000  0.000000  1.000000  0.999999  0.001048  -0.000347  -0.001048  0.999999  0.000402  0.000347  -0.000402  1.000000  1.000000  0.000000  0.000000  0.000000  1.000000  0.000000  0.000000  0.000000  1.000000  1.000000  0.000000  0.000000  0.000000  1.000000  0.000000  0.000000  0.000000  1.000000  0.000000  0.000000  
195.664653 0.011159  0.085468  0.000341  0.997679  0.058889  -0.034188  -0.056956  0.996859  0.055020  0.037321  -0.052945  0.997900  0.000928  -0.001240  -0.000181  0.000000  0.000000  0.000000  2.000000  1.000000  0.000000  0.000000  0.000000  1.000000  0.000000  0.000000  0.000000  1.000000  0.999999  0.001254  -0.000335  -0.001254  0.999999  0.000652  0.000336  -0.000652  1.000000  1.000000  0.000000  0.000000  0.000000  1.000000  0.000000  0.000000  0.000000  1.000000  1.000000  0.000000  0.000000  0.000000  1.000000  0.000000  0.000000  0.000000  1.000000  0.000000  0.000000  
195.665662 0.011163  0.085464  0.000342  0.997650  0.059315  -0.034285  -0.057366  0.996821  0.055284  0.037455  -0.053187  0.997882  0.001189  -0.001598  -0.000175  0.000000  0.000000  0.000000  2.000000  1.000000  0.000000  0.000000  0.000000  1.000000  0.000000  0.000000  0.000000  1.000000  0.999999  0.001467  -0.000458  -0.001466  0.999999  0.000782  0.000459  -0.000781  1.000000  1.000000  0.000000  0.000000  0.000000  1.000000  0.000000  0.000000  0.000000  1.000000  1.000000  0.000000  0.000000  0.000000  1.000000  0.000000  0.000000  0.000000  1.000000  0.000000  0.000000  
195.666910 0.011169  0.085457  0.000342  0.997622  0.059737  -0.034388  -0.057777  0.996790  0.055426  0.037589  -0.053308  0.997870  0.001603  -0.002065  -0.000165  0.000000  0.000000  0.000000  2.000000  1.000000  0.000000  0.000000  0.000000  1.000000  0.000000  0.000000  0.000000  1.000000  0.999998  0.001892  -0.000703  -0.001891  0.999998  0.001040  0.000705  -0.001039  0.999999  1.000000  0.000000  0.000000  0.000000  1.000000  0.000000  0.000000  0.000000  1.000000  1.000000  0.000000  0.000000  0.000000  1.000000  0.000000  0.000000  0.000000  1.000000  0.000000  0.000000  
195.667910 0.011174  0.085452  0.000342  0.997593  0.060159  -0.034491  -0.058187  0.996758  0.055569  0.037722  -0.053428  0.997859  0.001929  -0.002461  -0.000146  0.000000  0.000000  0.000000  2.000000  1.000000  0.000000  0.000000  0.000000  1.000000  0.000000  0.000000  0.000000  1.000000  0.999997  0.002310  -0.000814  -0.002309  0.999997  0.001177  0.000817  -0.001175  0.999999  1.000000  0.000000  0.000000  0.000000  1.000000  0.000000  0.000000  0.000000  1.000000  1.000000  0.000000  0.000000  0.000000  1.000000  0.000000  0.000000  0.000000  1.000000  0.000000  0.000000  
195.669156 0.011180  0.085445  0.000340  0.997564  0.060580  -0.034594  -0.058598  0.996726  0.055712  0.037856  -0.053549  0.997847  0.002368  -0.002914  -0.000220  0.000000  0.000000  0.000000  2.000000  1.000000  0.000000  0.000000  0.000000  1.000000  0.000000  0.000000  0.000000  1.000000  0.999995  0.002933  -0.000914  -0.002932  0.999995  0.001322  0.000918  -0.001319  0.999999  1.000000  0.000000  0.000000  0.000000  1.000000  0.000000  0.000000  0.000000  1.000000  1.000000  0.000000  0.000000  0.000000  1.000000  0.000000  0.000000  0.000000  1.000000  0.000000  0.000000  
195.670157 0.011186  0.085442  0.000340  0.997534  0.061002  -0.034697  -0.059008  0.996694  0.055855  0.037990  -0.053670  0.997836  0.002726  -0.003229  -0.000240  0.000000  0.000000  0.000000  2.000000  1.000000  0.000000  0.000000  0.000000  1.000000  0.000000  0.000000  0.000000  1.000000  0.999994  0.003344  -0.000892  -0.003343  0.999993  0.001459  0.000897  -0.001456  0.999999  1.000000  0.000000  0.000000  0.000000  1.000000  0.000000  0.000000  0.000000  1.000000  1.000000  0.000000  0.000000  0.000000  1.000000  0.000000  0.000000  0.000000  1.000000  0.000000  0.000000  
195.671407 0.011193  0.085437  0.000339  0.997498  0.061622  -0.034655  -0.059624  0.996649  0.055997  0.037990  -0.053791  0.997829  0.003220  -0.003595  -0.000282  0.000000  0.000000  0.000000  2.000000  1.000000  0.000000  0.000000  0.000000  1.000000  0.000000  0.000000  0.000000  1.000000  0.999992  0.003763  -0.001003  -0.003761  0.999991  0.001717  0.001009  -0.001714  0.999998  1.000000  0.000000  0.000000  0.000000  1.000000  0.000000  0.000000  0.000000  1.000000  1.000000  0.000000  0.000000  0.000000  1.000000  0.000000  0.000000  0.000000  1.000000  0.000000  0.000000  
195.672438 0.011199  0.085432  0.000339  0.997468  0.062044  -0.034758  -0.060034  0.996616  0.056141  0.038123  -0.053912  0.997818  0.003628  -0.003911  -0.000301  0.000000  0.000000  0.000000  2.000000  1.000000  0.000000  0.000000  0.000000  1.000000  0.000000  0.000000  0.000000  1.000000  0.999991  0.004181  -0.001114  -0.004179  0.999990  0.001855  0.001121  -0.001850  0.999998  1.000000  0.000000  0.000000  0.000000  1.000000  0.000000  0.000000  0.000000  1.000000  1.000000  0.000000  0.000000  0.000000  1.000000  0.000000  0.000000  0.000000  1.000000  0.000000  0.000000  
195.673660 0.011207  0.085425  0.000340  0.997421  0.062678  -0.034982  -0.060650  0.996570  0.056299  0.038391  -0.054032  0.997801  0.004123  -0.004453  -0.000264  0.063291  0.045036  0.168514  2.000000  1.000000  0.000044  0.000047  -0.000044  1.000000  0.000025  -0.000047  -0.000025  1.000000  0.999987  0.005010  -0.001202  -0.005007  0.999985  0.002008  0.001212  -0.002002  0.999997  1.000000  0.000044  0.000047  -0.000044  1.000000  0.000025  -0.000047  -0.000025  1.000000  1.000000  0.000044  0.000047  -0.000044  1.000000  0.000025  -0.000047  -0.000025  1.000000  0.000046  0.005528  
195.674906 0.011215  0.085416  0.000339  0.997378  0.063305  -0.035073  -0.061266  0.996524  0.056450  0.038524  -0.054153  0.997789  0.004587  -0.004902  -0.000266  0.068166  0.048415  0.189482  2.000000  1.000000  0.000283  0.000292  -0.000283  1.000000  0.000154  -0.000292  -0.000154  1.000000  0.999983  0.005641  -0.001435  -0.005638  0.999982  0.002154  0.001447  -0.002146  0.999997  1.000000  0.000051  0.000052  -0.000051  1.000000  0.000027  -0.000052  -0.000027  1.000000  1.000000  0.000283  0.000292  -0.000283  1.000000  0.000154  -0.000292  -0.000154  1.000000  0.000052  0.006205  
195.675948 0.011222  0.085408  0.000340  0.997342  0.063734  -0.035308  -0.061676  0.996490  0.056602  0.038792  -0.054273  0.997772  0.004927  -0.005135  -0.000205  0.072700  0.056575  0.203518  2.000000  1.000000  0.000494  0.000507  -0.000494  1.000000  0.000266  -0.000507  -0.000267  1.000000  0.999980  0.006059  -0.001546  -0.006056  0.999979  0.002292  0.001560  -0.002283  0.999996  1.000000  0.000055  0.000056  -0.000055  1.000000  0.000029  -0.000056  -0.000029  1.000000  1.000000  0.000494  0.000507  -0.000494  1.000000  0.000266  -0.000507  -0.000267  1.000000  0.000056  0.006658  
195.677153 0.011230  0.085397  0.000341  0.997299  0.064365  -0.035391  -0.062291  0.996436  0.056873  0.038926  -0.054515  0.997754  0.005341  -0.005571  -0.000064  0.081756  0.060013  0.224770  2.000000  0.999999  0.000729  0.000740  -0.000729  1.000000  0.000387  -0.000740  -0.000388  1.000000  0.999977  0.006485  -0.001789  -0.006480  0.999976  0.002552  0.001805  -0.002540  0.999995  1.000000  0.000060  0.000059  -0.000060  1.000000  0.000032  -0.000059  -0.000032  1.000000  0.999999  0.000729  0.000740  -0.000729  1.000000  0.000387  -0.000740  -0.000388  1.000000  0.000060  0.007193  
195.678153 0.011237  0.085387  0.000342  0.997262  0.064799  -0.035618  -0.062701  0.996395  0.057146  0.039193  -0.054757  0.997730  0.005605  -0.005891  0.000035  0.090454  0.068217  0.239038  2.000000  0.999999  0.000981  0.000990  -0.000982  0.999999  0.000521  -0.000989  -0.000522  0.999999  0.999973  0.007109  -0.001887  -0.007104  0.999971  0.002819  0.001907  -0.002806  0.999994  1.000000  0.000065  0.000065  -0.000065  1.000000  0.000035  -0.000065  -0.000035  1.000000  0.999999  0.000981  0.000990  -0.000982  0.999999  0.000521  -0.000989  -0.000522  0.999999  0.000066  0.007875  
195.679403 0.011245  0.085373  0.000343  0.997213  0.065442  -0.035826  -0.063316  0.996333  0.057548  0.039460  -0.055119  0.997700  0.005828  -0.006449  0.000097  0.103518  0.076047  0.260274  2.000000  0.999998  0.001325  0.001323  -0.001326  0.999999  0.000706  -0.001322  -0.000708  0.999999  0.999969  0.007535  -0.002130  -0.007528  0.999967  0.003080  0.002153  -0.003064  0.999993  1.000000  0.000070  0.000068  -0.000070  1.000000  0.000038  -0.000068  -0.000038  1.000000  0.999998  0.001325  0.001323  -0.001326  0.999999  0.000706  -0.001322  -0.000708  0.999999  0.000070  0.008411  
195.680404 0.011252  0.085360  0.000343  0.997182  0.065868  -0.035919  -0.063727  0.996291  0.057813  0.039594  -0.055361  0.997681  0.006027  -0.007015  0.000087  0.115349  0.079130  0.272102  2.000000  0.999997  0.001621  0.001608  -0.001622  0.999998  0.000869  -0.001607  -0.000872  0.999998  0.999965  0.007961  -0.002372  -0.007953  0.999963  0.003341  0.002399  -0.003322  0.999992  1.000000  0.000076  0.000071  -0.000076  1.000000  0.000042  -0.000071  -0.000042  1.000000  0.999997  0.001621  0.001608  -0.001622  0.999998  0.000869  -0.001607  -0.000872  0.999998  0.000077  0.008950  
195.681404 0.011260  0.085346  0.000343  0.997131  0.066502  -0.036142  -0.064342  0.996243  0.057973  0.039861  -0.055481  0.997664  0.006167  -0.007573  0.000093  0.121209  0.087629  0.295548  2.000000  0.999997  0.001852  0.001828  -0.001854  0.999998  0.000996  -0.001827  -0.000999  0.999998  0.999964  0.008167  -0.002359  -0.008159  0.999961  0.003471  0.002387  -0.003452  0.999991  1.000000  0.000077  0.000074  -0.000077  1.000000  0.000043  -0.000074  -0.000043  1.000000  0.999997  0.001852  0.001828  -0.001854  0.999998  0.000996  -0.001827  -0.000999  0.999998  0.000081  0.009179  
195.682409 0.011267  0.085333  0.000343  0.997100  0.066929  -0.036235  -0.064752  0.996201  0.058238  0.039995  -0.055723  0.997645  0.006337  -0.008190  0.000057  0.129874  0.091309  0.309515  2.000000  0.999995  0.002172  0.002128  -0.002175  0.999997  0.001173  -0.002125  -0.001178  0.999997  0.999961  0.008388  -0.002612  -0.008378  0.999958  0.003603  0.002642  -0.003581  0.999990  1.000000  0.000081  0.000074  -0.000081  1.000000  0.000045  -0.000074  -0.000045  1.000000  0.999995  0.002172  0.002128  -0.002175  0.999997  0.001173  -0.002125  -0.001178  0.999997  0.000085  0.009491  
195.683656 0.011275  0.085315  0.000341  0.997062  0.067363  -0.036461  -0.065162  0.996158  0.058512  0.040263  -0.055964  0.997621  0.006451  -0.008852  -0.000025  0.138601  0.099503  0.323822  2.000000  0.999994  0.002501  0.002437  -0.002504  0.999996  0.001356  -0.002433  -0.001362  0.999996  0.999958  0.008807  -0.002721  -0.008797  0.999954  0.003743  0.002753  -0.003718  0.999989  1.000000  0.000085  0.000078  -0.000085  1.000000  0.000047  -0.000078  -0.000047  1.000000  0.999994  0.002501  0.002437  -0.002504  0.999996  0.001356  -0.002433  -0.001362  0.999996  0.000092  0.009944  
195.684659 0.011282  0.085301  0.000340  0.997030  0.067789  -0.036554  -0.065572  0.996115  0.058778  0.040396  -0.056206  0.997602  0.006593  -0.009567  -0.000024  0.147290  0.103190  0.337840  2.000000  0.999992  0.002844  0.002756  -0.002848  0.999995  0.001542  -0.002752  -0.001549  0.999995  0.999956  0.009012  -0.002708  -0.009002  0.999952  0.003752  0.002742  -0.003727  0.999989  1.000000  0.000086  0.000080  -0.000086  1.000000  0.000047  -0.000080  -0.000047  1.000000  0.999992  0.002844  0.002756  -0.002848  0.999995  0.001542  -0.002752  -0.001549  0.999995  0.000095  0.010126  
195.685903 0.011291  0.085284  0.000337  0.996984  0.068421  -0.036634  -0.066188  0.996058  0.059051  0.040530  -0.056448  0.997583  0.006668  -0.010306  -0.000172  0.156309  0.106541  0.358903  2.000000  0.999990  0.003280  0.003167  -0.003286  0.999993  0.001776  -0.003161  -0.001786  0.999993  0.999954  0.009218  -0.002694  -0.009208  0.999951  0.003761  0.002729  -0.003736  0.999989  1.000000  0.000087  0.000083  -0.000087  1.000000  0.000047  -0.000083  -0.000047  1.000000  0.999990  0.003280  0.003167  -0.003286  0.999993  0.001776  -0.003161  -0.001786  0.999993  0.000099  0.010310  
195.686903 0.011297  0.085270  0.000335  0.996965  0.068642  -0.036738  -0.066392  0.996029  0.059309  0.040664  -0.056690  0.997563  0.006742  -0.010954  -0.000320  0.164741  0.110603  0.366038  2.000000  0.999987  0.003626  0.003500  -0.003632  0.999991  0.001962  -0.003492  -0.001975  0.999992  0.999954  0.009219  -0.002692  -0.009209  0.999951  0.003763  0.002726  -0.003738  0.999989  1.000000  0.000087  0.000083  -0.000087  1.000000  0.000047  -0.000083  -0.000047  1.000000  0.999987  0.003626  0.003500  -0.003632  0.999991  0.001962  -0.003492  -0.001975  0.999992  0.000104  0.010310  
195.688157 0.011306  0.085253  0.000334  0.996932  0.069064  -0.036839  -0.066803  0.995993  0.059454  0.040797  -0.056810  0.997551  0.006835  -0.011765  -0.000405  0.169449  0.114363  0.380252  2.000000  0.999984  0.004055  0.003917  -0.004063  0.999989  0.002201  -0.003908  -0.002217  0.999990  0.999954  0.009212  -0.002556  -0.009202  0.999950  0.003884  0.002592  -0.003860  0.999989  1.000000  0.000085  0.000084  -0.000085  1.000000  0.000048  -0.000084  -0.000048  1.000000  0.999984  0.004055  0.003917  -0.004063  0.999989  0.002201  -0.003908  -0.002217  0.999990  0.000108  0.010315  
195.689403 0.011315  0.085235  0.000332  0.996904  0.069483  -0.036797  -0.067213  0.995950  0.059710  0.040797  -0.057052  0.997537  0.006871  -0.012325  -0.000472  0.177842  0.113919  0.387105  2.000000  0.999981  0.004395  0.004247  -0.004405  0.999987  0.002395  -0.004236  -0.002413  0.999988  0.999954  0.009213  -0.002554  -0.009202  0.999950  0.004006  0.002591  -0.003983  0.999989  1.000000  0.000085  0.000084  -0.000085  1.000000  0.000050  -0.000084  -0.000050  1.000000  0.999981  0.004395  0.004247  -0.004405  0.999987  0.002395  -0.004236  -0.002413  0.999988  0.000112  0.010361  
195.690407 0.011321  0.085221  0.000332  0.996885  0.069701  -0.036910  -0.067418  0.995928  0.059848  0.040931  -0.057173  0.997525  0.006818  -0.012867  -0.000501  0.178110  0.114012  0.387590  2.000000  0.999978  0.004731  0.004573  -0.004743  0.999985  0.002591  -0.004561  -0.002613  0.999986  0.999956  0.009007  -0.002565  -0.008997  0.999952  0.003999  0.002600  -0.003976  0.999989  1.000000  0.000084  0.000081  -0.000084  1.000000  0.000050  -0.000081  -0.000050  1.000000  0.999978  0.004731  0.004573  -0.004743  0.999985  0.002591  -0.004561  -0.002613  0.999986  0.000110  0.010179  
195.691651 0.011329  0.085203  0.000333  0.996852  0.070127  -0.037001  -0.067828  0.995884  0.060114  0.041065  -0.057415  0.997506  0.006812  -0.013248  -0.000512  0.180819  0.112506  0.390858  2.000000  0.999974  0.005144  0.004967  -0.005158  0.999983  0.002839  -0.004952  -0.002865  0.999984  0.999960  0.008597  -0.002586  -0.008587  0.999955  0.004105  0.002621  -0.004083  0.999988  1.000000  0.000082  0.000077  -0.000082  1.000000  0.000051  -0.000077  -0.000051  1.000000  0.999974  0.005144  0.004967  -0.005158  0.999983  0.002839  -0.004952  -0.002865  0.999984  0.000110  0.009867  
195.692904 0.011337  0.085184  0.000333  0.996838  0.070341  -0.036972  -0.068033  0.995855  0.060363  0.041065  -0.057657  0.997492  0.006781  -0.013722  -0.000585  0.182287  0.113324  0.394059  2.000000  0.999970  0.005550  0.005353  -0.005567  0.999980  0.003095  -0.005336  -0.003124  0.999981  0.999960  0.008590  -0.002450  -0.008580  0.999954  0.004226  0.002487  -0.004205  0.999988  1.000000  0.000080  0.000078  -0.000080  1.000000  0.000053  -0.000078  -0.000053  1.000000  0.999970  0.005550  0.005353  -0.005567  0.999980  0.003095  -0.005336  -0.003124  0.999981  0.000112  0.009878  
195.694152 0.011344  0.085163  0.000335  0.996818  0.070563  -0.037075  -0.068238  0.995826  0.060621  0.041198  -0.057898  0.997472  0.006692  -0.014253  -0.000557  0.184889  0.112325  0.390851  2.000000  0.999966  0.005944  0.005722  -0.005964  0.999977  0.003357  -0.005702  -0.003391  0.999978  0.999965  0.007975  -0.002484  -0.007964  0.999959  0.004323  0.002519  -0.004304  0.999988  1.000000  0.000077  0.000071  -0.000077  1.000000  0.000054  -0.000071  -0.000054  1.000000  0.999966  0.005944  0.005722  -0.005964  0.999977  0.003357  -0.005702  -0.003391  0.999978  0.000113  0.009401  
195.695153 0.011349  0.085145  0.000336  0.996798  0.070785  -0.037179  -0.068443  0.995796  0.060879  0.041332  -0.058140  0.997452  0.006545  -0.014613  -0.000457  0.185182  0.112924  0.385092  2.000000  0.999963  0.006244  0.006001  -0.006266  0.999974  0.003569  -0.005978  -0.003606  0.999976  0.999967  0.007770  -0.002495  -0.007759  0.999961  0.004316  0.002529  -0.004297  0.999988  1.000000  0.000076  0.000068  -0.000076  1.000000  0.000054  -0.000068  -0.000054  1.000000  0.999963  0.006244  0.006001  -0.006266  0.999974  0.003569  -0.005978  -0.003606  0.999976  0.000111  0.009227  
195.696154 0.011354  0.085126  0.000337  0.996784  0.070994  -0.037158  -0.068648  0.995774  0.061008  0.041332  -0.058261  0.997445  0.006429  -0.014971  -0.000435  0.184688  0.108107  0.383776  2.000000  0.999959  0.006534  0.006264  -0.006558  0.999971  0.003782  -0.006239  -0.003823  0.999973  0.999970  0.007352  -0.002384  -0.007341  0.999964  0.004299  0.002416  -0.004282  0.999988  1.000000  0.000072  0.000065  -0.000072  1.000000  0.000054  -0.000065  -0.000054  1.000000  0.999959  0.006534  0.006264  -0.006558  0.999971  0.003782  -0.006239  -0.003823  0.999973  0.000110  0.008840  
195.697405 0.011362  0.085102  0.000339  0.996765  0.071216  -0.037261  -0.068853  0.995744  0.061266  0.041466  -0.058503  0.997426  0.006334  -0.015370  -0.000274  0.188237  0.108804  0.370095  2.000000  0.999956  0.006810  0.006514  -0.006836  0.999969  0.003999  -0.006487  -0.004043  0.999971  0.999975  0.006728  -0.002285  -0.006718  0.999968  0.004396  0.002315  -0.004381  0.999988  1.000000  0.000067  0.000058  -0.000067  1.000000  0.000055  -0.000058  -0.000055  1.000000  0.999956  0.006810  0.006514  -0.006836  0.999969  0.003999  -0.006487  -0.004043  0.999971  0.000107  0.008352  
195.698408 0.011367  0.085084  0.000340  0.996759  0.071233  -0.037377  -0.068852  0.995728  0.061517  0.041599  -0.058744  0.997406  0.006223  -0.015691  -0.000048  0.189339  0.105913  0.359163  2.000000  0.999952  0.007074  0.006756  -0.007103  0.999966  0.004217  -0.006726  -0.004265  0.999968  0.999975  0.006721  -0.002150  -0.006711  0.999968  0.004397  0.002179  -0.004382  0.999988  1.000000  0.000065  0.000059  -0.000065  1.000000  0.000055  -0.000059  -0.000055  1.000000  0.999952  0.007074  0.006756  -0.007103  0.999966  0.004217  -0.006726  -0.004265  0.999968  0.000106  0.008310  
195.699658 0.011374  0.085060  0.000343  0.996745  0.071447  -0.037347  -0.069058  0.995699  0.061766  0.041599  -0.058986  0.997392  0.006149  -0.016081  0.000220  0.192831  0.106607  0.345311  2.000000  0.999948  0.007383  0.007036  -0.007414  0.999962  0.004485  -0.007003  -0.004537  0.999965  0.999978  0.006295  -0.001905  -0.006286  0.999971  0.004380  0.001933  -0.004368  0.999989  1.000000  0.000060  0.000056  -0.000060  1.000000  0.000055  -0.000056  -0.000055  1.000000  0.999948  0.007383  0.007036  -0.007414  0.999962  0.004485  -0.007003  -0.004537  0.999965  0.000104  0.007899  
195.700911 0.011381  0.085036  0.000344  0.996739  0.071464  -0.037463  -0.069057  0.995683  0.062017  0.041733  -0.059228  0.997372  0.005994  -0.016613  0.000512  0.196384  0.107317  0.331495  2.000000  0.999944  0.007668  0.007297  -0.007703  0.999959  0.004750  -0.007260  -0.004806  0.999962  0.999982  0.005679  -0.001941  -0.005671  0.999975  0.004234  0.001965  -0.004223  0.999989  1.000000  0.000057  0.000049  -0.000057  1.000000  0.000053  -0.000049  -0.000053  1.000000  0.999944  0.007668  0.007297  -0.007703  0.999959  0.004750  -0.007260  -0.004806  0.999962  0.000100  0.007342  
195.702156 0.011388  0.085011  0.000344  0.996725  0.071678  -0.037433  -0.069263  0.995653  0.062266  0.041733  -0.059470  0.997357  0.005898  -0.017037  0.000607  0.200201  0.103693  0.317887  2.000000  0.999940  0.007927  0.007533  -0.007964  0.999956  0.005007  -0.007493  -0.005066  0.999959  0.999986  0.005039  -0.001576  -0.005033  0.999979  0.004087  0.001597  -0.004079  0.999990  1.000000  0.000049  0.000045  -0.000049  1.000000  0.000051  -0.000045  -0.000051  1.000000  0.999940  0.007927  0.007533  -0.007964  0.999956  0.005007  -0.007493  -0.005066  0.999959  0.000098  0.006675  
195.703406 0.011395  0.084987  0.000344  0.996731  0.071675  -0.037291  -0.069263  0.995646  0.062378  0.041599  -0.059591  0.997356  0.005785  -0.017548  0.000723  0.199196  0.091261  0.296109  2.000000  0.999939  0.007975  0.007578  -0.008013  0.999955  0.005057  -0.007538  -0.005118  0.999958  0.999990  0.004400  -0.001211  -0.004395  0.999983  0.003940  0.001228  -0.003934  0.999992  1.000000  0.000000  0.000000  0.000000  1.000000  0.000000  0.000000  0.000000  1.000000  0.999939  0.007975  0.007578  -0.008013  0.999955  0.005057  -0.007538  -0.005118  0.999958  0.000094  0.000000  
195.704657 0.011402  0.084962  0.000344  0.996716  0.071889  -0.037261  -0.069468  0.995616  0.062627  0.041599  -0.059833  0.997341  0.005700  -0.017941  0.000778  0.202713  0.087494  0.282024  2.000000  0.999939  0.007975  0.007578  -0.008013  0.999955  0.005057  -0.007538  -0.005118  0.999958  0.999991  0.003981  -0.001102  -0.003977  0.999985  0.003801  0.001117  -0.003797  0.999992  1.000000  0.000000  0.000000  0.000000  1.000000  0.000000  0.000000  0.000000  1.000000  0.999939  0.007975  0.007578  -0.008013  0.999955  0.005057  -0.007538  -0.005118  0.999958  0.000089  0.000000  
195.705672 0.011408  0.084943  0.000343  0.996716  0.071893  -0.037252  -0.069468  0.995609  0.062748  0.041599  -0.059954  0.997334  0.005662  -0.018296  0.000724  0.200511  0.083071  0.265764  2.000000  0.999939  0.007975  0.007578  -0.008013  0.999955  0.005057  -0.007538  -0.005118  0.999958  0.999992  0.003768  -0.000980  -0.003764  0.999985  0.003914  0.000994  -0.003910  0.999992  1.000000  0.000000  0.000000  0.000000  1.000000  0.000000  0.000000  0.000000  1.000000  0.999939  0.007975  0.007578  -0.008013  0.999955  0.005057  -0.007538  -0.005118  0.999958  0.000087  0.000000  
195.706905 0.011415  0.084920  0.000344  0.996722  0.071890  -0.037110  -0.069468  0.995602  0.062859  0.041466  -0.060075  0.997332  0.005626  -0.018680  0.000740  0.195955  0.070458  0.251347  2.000000  0.999939  0.007975  0.007578  -0.008013  0.999955  0.005057  -0.007538  -0.005118  0.999958  0.999994  0.003342  -0.000737  -0.003339  0.999987  0.003775  0.000749  -0.003773  0.999993  1.000000  0.000000  0.000000  0.000000  1.000000  0.000000  0.000000  0.000000  1.000000  0.999939  0.007975  0.007578  -0.008013  0.999955  0.005057  -0.007538  -0.005118  0.999958  0.000082  0.000000  
195.708154 0.011422  0.084896  0.000344  0.996722  0.071899  -0.037093  -0.069468  0.995586  0.063101  0.041466  -0.060317  0.997318  0.005576  -0.018921  0.000683  0.192412  0.063577  0.225310  2.000000  0.999939  0.007975  0.007578  -0.008013  0.999955  0.005057  -0.007538  -0.005118  0.999958  0.999996  0.002923  -0.000628  -0.002921  0.999989  0.003637  0.000638  -0.003635  0.999993  1.000000  0.000000  0.000000  0.000000  1.000000  0.000000  0.000000  0.000000  1.000000  0.999939  0.007975  0.007578  -0.008013  0.999955  0.005057  -0.007538  -0.005118  0.999958  0.000077  0.000000  
195.709155 0.011427  0.084876  0.000344  0.996722  0.071903  -0.037084  -0.069468  0.995579  0.063222  0.041466  -0.060438  0.997310  0.005604  -0.019155  0.000619  0.187783  0.055349  0.210970  2.000000  0.999939  0.007975  0.007578  -0.008013  0.999955  0.005057  -0.007538  -0.005118  0.999958  0.999996  0.002710  -0.000506  -0.002708  0.999990  0.003628  0.000516  -0.003627  0.999993  1.000000  0.000000  0.000000  0.000000  1.000000  0.000000  0.000000  0.000000  1.000000  0.999939  0.007975  0.007578  -0.008013  0.999955  0.005057  -0.007538  -0.005118  0.999958  0.000074  0.000000  
195.710402 0.011434  0.084851  0.000346  0.996722  0.071908  -0.037075  -0.069468  0.995571  0.063342  0.041466  -0.060559  0.997303  0.005592  -0.019292  0.000631  0.181655  0.051200  0.195297  2.000000  0.999939  0.007975  0.007578  -0.008013  0.999955  0.005057  -0.007538  -0.005118  0.999958  0.999997  0.002291  -0.000397  -0.002290  0.999991  0.003611  0.000405  -0.003610  0.999993  1.000000  0.000000  0.000000  0.000000  1.000000  0.000000  0.000000  0.000000  1.000000  0.999939  0.007975  0.007578  -0.008013  0.999955  0.005057  -0.007538  -0.005118  0.999958  0.000068  0.000000  
195.711402 0.011439  0.084831  0.000347  0.996728  0.071904  -0.036933  -0.069469  0.995564  0.063454  0.041332  -0.060681  0.997301  0.005598  -0.019450  0.000658  0.180832  0.039014  0.173988  2.000000  0.999939  0.007975  0.007578  -0.008013  0.999955  0.005057  -0.007538  -0.005118  0.999958  0.999998  0.002078  -0.000276  -0.002077  0.999992  0.003481  0.000283  -0.003481  0.999994  1.000000  0.000000  0.000000  0.000000  1.000000  0.000000  0.000000  0.000000  1.000000  0.999939  0.007975  0.007578  -0.008013  0.999955  0.005057  -0.007538  -0.005118  0.999958  0.000065  0.000000  
195.712652 0.011447  0.084807  0.000351  0.996713  0.072118  -0.036903  -0.069674  0.995534  0.063703  0.041332  -0.060922  0.997286  0.005600  -0.019425  0.000780  0.177763  0.031122  0.161157  2.000000  0.999939  0.007975  0.007578  -0.008013  0.999955  0.005057  -0.007538  -0.005118  0.999958  0.999998  0.001864  -0.000154  -0.001864  0.999992  0.003473  0.000161  -0.003472  0.999994  1.000000  0.000000  0.000000  0.000000  1.000000  0.000000  0.000000  0.000000  1.000000  0.999939  0.007975  0.007578  -0.008013  0.999955  0.005057  -0.007538  -0.005118  0.999958  0.000062  0.000000  
195.713652 0.011453  0.084787  0.000354  0.996713  0.072122  -0.036894  -0.069674  0.995526  0.063824  0.041332  -0.061043  0.997279  0.005640  -0.019499  0.000870  0.175995  0.026789  0.152695  2.000000  0.999939  0.007975  0.007578  -0.008013  0.999955  0.005057  -0.007538  -0.005118  0.999958  0.999999  0.001659  -0.000167  -0.001658  0.999993  0.003464  0.000172  -0.003464  0.999994  1.000000  0.000000  0.000000  0.000000  1.000000  0.000000  0.000000  0.000000  1.000000  0.999939  0.007975  0.007578  -0.008013  0.999955  0.005057  -0.007538  -0.005118  0.999958  0.000059  0.000000  
195.714900 0.011460  0.084762  0.000358  0.996713  0.072131  -0.036876  -0.069674  0.995511  0.064065  0.041332  -0.061285  0.997264  0.005664  -0.019554  0.001004  0.175175  0.023510  0.131910  2.000000  0.999939  0.007975  0.007578  -0.008013  0.999955  0.005057  -0.007538  -0.005118  0.999958  0.999999  0.001445  -0.000045  -0.001445  0.999993  0.003335  0.000050  -0.003334  0.999994  1.000000  0.000000  0.000000  0.000000  1.000000  0.000000  0.000000  0.000000  1.000000  0.999939  0.007975  0.007578  -0.008013  0.999955  0.005057  -0.007538  -0.005118  0.999958  0.000055  0.000000  
195.715905 0.011466  0.084742  0.000360  0.996708  0.072144  -0.037001  -0.069674  0.995502  0.064195  0.041466  -0.061406  0.997251  0.005695  -0.019583  0.001090  0.172005  0.024497  0.119205  2.000000  0.999939  0.007975  0.007578  -0.008013  0.999955  0.005057  -0.007538  -0.005118  0.999958  0.999999  0.001232  0.000076  -0.001232  0.999994  0.003205  -0.000072  -0.003205  0.999995  1.000000  0.000000  0.000000  0.000000  1.000000  0.000000  0.000000  0.000000  1.000000  0.999939  0.007975  0.007578  -0.008013  0.999955  0.005057  -0.007538  -0.005118  0.999958  0.000000  0.000000  
195.717156 0.011474  0.084717  0.000364  0.996708  0.072149  -0.036992  -0.069674  0.995494  0.064316  0.041466  -0.061527  0.997244  0.005747  -0.019619  0.001314  0.000000  0.000000  0.000000  2.000000  0.999939  0.007975  0.007578  -0.008013  0.999955  0.005057  -0.007538  -0.005118  0.999958  0.999999  0.001027  0.000063  -0.001027  0.999994  0.003196  -0.000060  -0.003196  0.999995  1.000000  0.000000  0.000000  0.000000  1.000000  0.000000  0.000000  0.000000  1.000000  0.999939  0.007975  0.007578  -0.008013  0.999955  0.005057  -0.007538  -0.005118  0.999958  0.000000  0.000000  
195.718405 0.011483  0.084693  0.000366  0.996708  0.072153  -0.036983  -0.069674  0.995487  0.064437  0.041466  -0.061648  0.997236  0.005863  -0.019596  0.001498  0.000000  0.000000  0.000000  2.000000  0.999939  0.007975  0.007578  -0.008013  0.999955  0.005057  -0.007538  -0.005118  0.999958  1.000000  0.000813  0.000184  -0.000814  0.999995  0.003067  -0.000182  -0.003067  0.999995  1.000000  0.000000  0.000000  0.000000  1.000000  0.000000  0.000000  0.000000  1.000000  0.999939  0.007975  0.007578  -0.008013  0.999955  0.005057  -0.007538  -0.005118  0.999958  0.000000  0.000000  
195.719405 0.011490  0.084674  0.000368  0.996693  0.072362  -0.036961  -0.069879  0.995464  0.064565  0.041466  -0.061769  0.997229  0.005983  -0.019568  0.001616  0.000000  0.000000  0.000000  2.000000  0.999939  0.007975  0.007578  -0.008013  0.999955  0.005057  -0.007538  -0.005118  0.999958  1.000000  0.000813  0.000184  -0.000813  0.999995  0.002945  -0.000182  -0.002945  0.999996  1.000000  0.000000  0.000000  0.000000  1.000000  0.000000  0.000000  0.000000  1.000000  0.999939  0.007975  0.007578  -0.008013  0.999955  0.005057  -0.007538  -0.005118  0.999958  0.000000  0.000000  
195.720669 0.011499  0.084650  0.000370  0.996693  0.072367  -0.036952  -0.069879  0.995456  0.064686  0.041466  -0.061890  0.997221  0.006080  -0.019583  0.001738  0.000000  0.000000  0.000000  2.000000  0.999939  0.007975  0.007578  -0.008013  0.999955  0.005057  -0.007538  -0.005118  0.999958  1.000000  0.000813  0.000185  -0.000813  0.999996  0.002824  -0.000182  -0.002824  0.999996  1.000000  0.000000  0.000000  0.000000  1.000000  0.000000  0.000000  0.000000  1.000000  0.999939  0.007975  0.007578  -0.008013  0.999955  0.005057  -0.007538  -0.005118  0.999958  0.000000  0.000000  
195.721907 0.011508  0.084626  0.000371  0.996699  0.072363  -0.036811  -0.069879  0.995449  0.064797  0.041332  -0.062011  0.997219  0.006176  -0.019608  0.001851  0.000000  0.000000  0.000000  2.000000  0.999939  0.007975  0.007578  -0.008013  0.999955  0.005057  -0.007538  -0.005118  0.999958  1.000000  0.000591  0.000439  -0.000592  0.999996  0.002815  -0.000437  -0.002816  0.999996  1.000000  0.000000  0.000000  0.000000  1.000000  0.000000  0.000000  0.000000  1.000000  0.999939  0.007975  0.007578  -0.008013  0.999955  0.005057  -0.007538  -0.005118  0.999958  0.000000  0.000000  
195.722907 0.011515  0.084607  0.000372  0.996684  0.072573  -0.036788  -0.070084  0.995426  0.064926  0.041332  -0.062132  0.997212  0.006338  -0.019564  0.001935  0.000000  0.000000  0.000000  2.000000  0.999939  0.007975  0.007578  -0.008013  0.999955  0.005057  -0.007538  -0.005118  0.999958  1.000000  0.000591  0.000439  -0.000592  0.999996  0.002694  -0.000437  -0.002694  0.999996  1.000000  0.000000  0.000000  0.000000  1.000000  0.000000  0.000000  0.000000  1.000000  0.999939  0.007975  0.007578  -0.008013  0.999955  0.005057  -0.007538  -0.005118  0.999958  0.000000  0.000000  
195.724153 0.011526  0.084583  0.000373  0.996684  0.072577  -0.036780  -0.070084  0.995418  0.065046  0.041332  -0.062253  0.997204  0.006549  -0.019527  0.001943  0.000000  0.000000  0.000000  2.000000  0.999939  0.007975  0.007578  -0.008013  0.999955  0.005057  -0.007538  -0.005118  0.999958  1.000000  0.000804  0.000318  -0.000805  0.999996  0.002703  -0.000316  -0.002703  0.999996  1.000000  0.000000  0.000000  0.000000  1.000000  0.000000  0.000000  0.000000  1.000000  0.999939  0.007975  0.007578  -0.008013  0.999955  0.005057  -0.007538  -0.005118  0.999958  0.000000  0.000000  
195.725405 0.011536  0.084558  0.000375  0.996684  0.072581  -0.036771  -0.070084  0.995410  0.065167  0.041332  -0.062374  0.997197  0.006822  -0.019469  0.001936  0.000000  0.000000  0.000000  2.000000  0.999939  0.007975  0.007578  -0.008013  0.999955  0.005057  -0.007538  -0.005118  0.999958  1.000000  0.000599  0.000306  -0.000600  0.999997  0.002573  -0.000304  -0.002573  0.999997  1.000000  0.000000  0.000000  0.000000  1.000000  0.000000  0.000000  0.000000  1.000000  0.999939  0.007975  0.007578  -0.008013  0.999955  0.005057  -0.007538  -0.005118  0.999958  0.000000  0.000000  
195.726654 0.011545  0.084533  0.000376  0.996670  0.072795  -0.036740  -0.070290  0.995379  0.065416  0.041332  -0.062616  0.997181  0.006967  -0.019512  0.001868  0.000000  0.000000  0.000000  2.000000  0.999939  0.007975  0.007578  -0.008013  0.999955  0.005057  -0.007538  -0.005118  0.999958  1.000000  0.000813  0.000185  -0.000813  0.999996  0.002581  -0.000183  -0.002581  0.999997  1.000000  0.000000  0.000000  0.000000  1.000000  0.000000  0.000000  0.000000  1.000000  0.999939  0.007975  0.007578  -0.008013  0.999955  0.005057  -0.007538  -0.005118  0.999958  0.000000  0.000000  
195.727903 0.011555  0.084508  0.000378  0.996670  0.072800  -0.036731  -0.070290  0.995371  0.065537  0.041332  -0.062737  0.997174  0.007142  -0.019562  0.001728  0.000000  0.000000  0.000000  2.000000  0.999939  0.007975  0.007578  -0.008013  0.999955  0.005057  -0.007538  -0.005118  0.999958  1.000000  0.000813  0.000185  -0.000813  0.999996  0.002581  -0.000183  -0.002581  0.999997  1.000000  0.000000  0.000000  0.000000  1.000000  0.000000  0.000000  0.000000  1.000000  0.999939  0.007975  0.007578  -0.008013  0.999955  0.005057  -0.007538  -0.005118  0.999958  0.000000  0.000000  
195.729153 0.011566  0.084483  0.000380  0.996650  0.073022  -0.036833  -0.070494  0.995340  0.065795  0.041466  -0.062978  0.997153  0.007313  -0.019621  0.001637  0.000000  0.000000  0.000000  2.000000  0.999939  0.007975  0.007578  -0.008013  0.999955  0.005057  -0.007538  -0.005118  0.999958  0.999999  0.001018  0.000198  -0.001019  0.999996  0.002711  -0.000196  -0.002711  0.999996  1.000000  0.000000  0.000000  0.000000  1.000000  0.000000  0.000000  0.000000  1.000000  0.999939  0.007975  0.007578  -0.008013  0.999955  0.005057  -0.007538  -0.005118  0.999958  0.000000  0.000000  
195.730407 0.011577  0.084457  0.000383  0.996650  0.073026  -0.036824  -0.070494  0.995332  0.065916  0.041466  -0.063099  0.997145  0.007564  -0.019672  0.001570  0.000000  0.000000  0.000000  2.000000  0.999939  0.007975  0.007578  -0.008013  0.999955  0.005057  -0.007538  -0.005118  0.999958  0.999999  0.001026  0.000065  -0.001027  0.999996  0.002711  -0.000062  -0.002711  0.999996  1.000000  0.000000  0.000000  0.000000  1.000000  0.000000  0.000000  0.000000  1.000000  0.999939  0.007975  0.007578  -0.008013  0.999955  0.005057  -0.007538  -0.005118  0.999958  0.000000  0.000000  
195.731649 0.011587  0.084431  0.000386  0.996635  0.073240  -0.036793  -0.070700  0.995301  0.066165  0.041466  -0.063341  0.997130  0.007757  -0.019750  0.001553  0.000000  0.000000  0.000000  2.000000  0.999939  0.007975  0.007578  -0.008013  0.999955  0.005057  -0.007538  -0.005118  0.999958  0.999999  0.001240  -0.000055  -0.001240  0.999996  0.002598  0.000059  -0.002598  0.999997  1.000000  0.000000  0.000000  0.000000  1.000000  0.000000  0.000000  0.000000  1.000000  0.999939  0.007975  0.007578  -0.008013  0.999955  0.005057  -0.007538  -0.005118  0.999958  0.000000  0.000000  
195.732660 0.011597  0.084411  0.000389  0.996630  0.073249  -0.036926  -0.070699  0.995300  0.066175  0.041599  -0.063341  0.997125  0.007963  -0.019768  0.001579  0.000000  0.000000  0.000000  2.000000  0.999939  0.007975  0.007578  -0.008013  0.999955  0.005057  -0.007538  -0.005118  0.999958  0.999999  0.001043  -0.000202  -0.001043  0.999996  0.002590  0.000205  -0.002590  0.999997  1.000000  0.000000  0.000000  0.000000  1.000000  0.000000  0.000000  0.000000  1.000000  0.999939  0.007975  0.007578  -0.008013  0.999955  0.005057  -0.007538  -0.005118  0.999958  0.000000  0.000000  
