1-Time 2-Px 3-Py 4-Pz 5-R11 6-R21 7-R31 8-R12 9-R22 10-R32 11-R13 12-R23 13-R33 14-Vx 15-Vy 16-Vz 17-Wx 18-Wy 19-Wz 20-state 21-PR11 22-PR21 23-PR31 24-PR12 25-PR22 26-PR32 27-PR13 28-PR23 29-PR33 
180.497568 0.017007  0.085803  0.001535  0.996180  0.070827  -0.051081  -0.069637  0.997266  0.024726  0.052692  -0.021075  0.998388  0.000137  -0.000044  -0.000181  0.000000  0.000000  0.000000  2.000000  1.000000  0.000000  0.000000  -0.000000  1.000000  0.000000  0.000000  -0.000000  1.000000  1.000000  0.000000  0.000000  -0.000000  1.000000  0.000000  0.000000  0.000000  1.000000  1.000000  0.000000  0.000000  0.000000  1.000000  0.000000  0.000000  0.000000  1.000000  0.774543  0.624669  -0.099358  -0.623329  0.780494  0.047857  0.107443  0.024865  0.993900  0.000000  0.000000  
180.498570 0.017007  0.085803  0.001535  0.996180  0.070827  -0.051081  -0.069637  0.997266  0.024726  0.052692  -0.021075  0.998388  0.000148  -0.000075  -0.000170  0.000000  0.000000  0.000000  2.000000  1.000000  0.000000  0.000000  0.000000  1.000000  0.000000  0.000000  0.000000  1.000000  1.000000  0.000000  0.000000  -0.000000  1.000000  0.000000  0.000000  0.000000  1.000000  1.000000  0.000000  0.000000  0.000000  1.000000  0.000000  0.000000  0.000000  1.000000  1.000000  0.000000  0.000000  0.000000  1.000000  0.000000  0.000000  0.000000  1.000000  0.000000  0.000000  
180.499577 0.017009  0.085800  0.001534  0.996158  0.071042  -0.051200  -0.069841  0.997248  0.024867  0.052826  -0.021196  0.998379  0.000281  -0.000253  -0.000171  0.000000  0.000000  0.000000  2.000000  1.000000  0.000000  0.000000  0.000000  1.000000  0.000000  0.000000  0.000000  1.000000  1.000000  0.000208  -0.000129  -0.000208  1.000000  0.000132  0.000129  -0.000132  1.000000  1.000000  0.000000  0.000000  0.000000  1.000000  0.000000  0.000000  0.000000  1.000000  1.000000  0.000000  0.000000  0.000000  1.000000  0.000000  0.000000  0.000000  1.000000  0.000000  0.000000  
180.500823 0.017014  0.085796  0.001534  0.996115  0.071458  -0.051456  -0.070251  0.997218  0.024907  0.053093  -0.021195  0.998365  0.000648  -0.000562  -0.000200  0.000000  0.000000  0.000000  2.000000  1.000000  0.000000  0.000000  0.000000  1.000000  0.000000  0.000000  0.000000  1.000000  1.000000  0.000622  -0.000254  -0.000622  1.000000  0.000154  0.000255  -0.000154  1.000000  1.000000  0.000000  0.000000  0.000000  1.000000  0.000000  0.000000  0.000000  1.000000  1.000000  0.000000  0.000000  0.000000  1.000000  0.000000  0.000000  0.000000  1.000000  0.000000  0.000000  
180.501824 0.017018  0.085791  0.001534  0.996094  0.071672  -0.051576  -0.070455  0.997200  0.025048  0.053227  -0.021316  0.998355  0.000890  -0.000878  -0.000180  0.000000  0.000000  0.000000  2.000000  1.000000  0.000000  0.000000  0.000000  1.000000  0.000000  0.000000  0.000000  1.000000  1.000000  0.000831  -0.000384  -0.000831  1.000000  0.000286  0.000384  -0.000286  1.000000  1.000000  0.000000  0.000000  0.000000  1.000000  0.000000  0.000000  0.000000  1.000000  1.000000  0.000000  0.000000  0.000000  1.000000  0.000000  0.000000  0.000000  1.000000  0.000000  0.000000  
180.503072 0.017024  0.085784  0.001534  0.996072  0.071887  -0.051695  -0.070660  0.997182  0.025189  0.053360  -0.021437  0.998345  0.001308  -0.001319  -0.000189  0.000000  0.000000  0.000000  2.000000  1.000000  0.000000  0.000000  0.000000  1.000000  0.000000  0.000000  0.000000  1.000000  0.999999  0.001042  -0.000647  -0.001042  0.999999  0.000419  0.000647  -0.000418  1.000000  1.000000  0.000000  0.000000  0.000000  1.000000  0.000000  0.000000  0.000000  1.000000  1.000000  0.000000  0.000000  0.000000  1.000000  0.000000  0.000000  0.000000  1.000000  0.000000  0.000000  
180.504073 0.017031  0.085779  0.001533  0.996036  0.072300  -0.051818  -0.071069  0.997153  0.025220  0.053494  -0.021437  0.998338  0.001741  -0.001667  -0.000202  0.000000  0.000000  0.000000  2.000000  1.000000  0.000000  0.000000  0.000000  1.000000  0.000000  0.000000  0.000000  1.000000  0.999999  0.001250  -0.000776  -0.001250  0.999999  0.000430  0.000777  -0.000429  1.000000  1.000000  0.000000  0.000000  0.000000  1.000000  0.000000  0.000000  0.000000  1.000000  1.000000  0.000000  0.000000  0.000000  1.000000  0.000000  0.000000  0.000000  1.000000  0.000000  0.000000  
180.505320 0.017041  0.085774  0.001533  0.995970  0.072931  -0.052193  -0.071683  0.997104  0.025402  0.053895  -0.021558  0.998314  0.002374  -0.002079  -0.000233  0.000000  0.000000  0.000000  2.000000  1.000000  0.000000  0.000000  0.000000  1.000000  0.000000  0.000000  0.000000  1.000000  0.999998  0.001873  -0.001030  -0.001872  0.999998  0.000585  0.001031  -0.000583  0.999999  1.000000  0.000000  0.000000  0.000000  1.000000  0.000000  0.000000  0.000000  1.000000  1.000000  0.000000  0.000000  0.000000  1.000000  0.000000  0.000000  0.000000  1.000000  0.000000  0.000000  
180.506321 0.017049  0.085769  0.001532  0.995934  0.073351  -0.052307  -0.072092  0.997071  0.025554  0.054028  -0.021679  0.998304  0.002945  -0.002382  -0.000232  0.000000  0.000000  0.000000  2.000000  1.000000  0.000000  0.000000  0.000000  1.000000  0.000000  0.000000  0.000000  1.000000  0.999996  0.002495  -0.001284  -0.002495  0.999997  0.000740  0.001286  -0.000737  0.999999  1.000000  0.000000  0.000000  0.000000  1.000000  0.000000  0.000000  0.000000  1.000000  1.000000  0.000000  0.000000  0.000000  1.000000  0.000000  0.000000  0.000000  1.000000  0.000000  0.000000  
180.507322 0.017059  0.085763  0.001532  0.995874  0.073972  -0.052558  -0.072706  0.997025  0.025605  0.054296  -0.021678  0.998290  0.003576  -0.002793  -0.000262  0.000000  0.000000  0.000000  2.000000  1.000000  0.000000  0.000000  0.000000  1.000000  0.000000  0.000000  0.000000  1.000000  0.999995  0.002909  -0.001409  -0.002908  0.999995  0.000763  0.001411  -0.000758  0.999999  1.000000  0.000000  0.000000  0.000000  1.000000  0.000000  0.000000  0.000000  1.000000  1.000000  0.000000  0.000000  0.000000  1.000000  0.000000  0.000000  0.000000  1.000000  0.000000  0.000000  
180.508568 0.017070  0.085755  0.001530  0.995815  0.074594  -0.052808  -0.073320  0.996978  0.025657  0.054563  -0.021678  0.998275  0.004349  -0.003304  -0.000412  0.000000  0.000000  0.000000  2.000000  1.000000  0.000000  0.000000  0.000000  1.000000  0.000000  0.000000  0.000000  1.000000  0.999992  0.003532  -0.001663  -0.003531  0.999993  0.000797  0.001666  -0.000791  0.999998  1.000000  0.000000  0.000000  0.000000  1.000000  0.000000  0.000000  0.000000  1.000000  1.000000  0.000000  0.000000  0.000000  1.000000  0.000000  0.000000  0.000000  1.000000  0.000000  0.000000  
180.509569 0.017080  0.085751  0.001528  0.995762  0.075219  -0.052917  -0.073935  0.996929  0.025821  0.054696  -0.021799  0.998265  0.004994  -0.003568  -0.000512  0.000000  0.000000  0.000000  2.000000  1.000000  0.000000  0.000000  0.000000  1.000000  0.000000  0.000000  0.000000  1.000000  0.999990  0.004154  -0.001917  -0.004153  0.999991  0.000832  0.001920  -0.000824  0.999998  1.000000  0.000000  0.000000  0.000000  1.000000  0.000000  0.000000  0.000000  1.000000  1.000000  0.000000  0.000000  0.000000  1.000000  0.000000  0.000000  0.000000  1.000000  0.000000  0.000000  
180.510819 0.017093  0.085746  0.001525  0.995702  0.075840  -0.053167  -0.074549  0.996882  0.025873  0.054964  -0.021799  0.998250  0.005866  -0.003881  -0.000718  0.000000  0.000000  0.000000  2.000000  1.000000  0.000000  0.000000  0.000000  1.000000  0.000000  0.000000  0.000000  1.000000  0.999986  0.004980  -0.002032  -0.004978  0.999987  0.000998  0.002037  -0.000988  0.999997  1.000000  0.000000  0.000000  0.000000  1.000000  0.000000  0.000000  0.000000  1.000000  1.000000  0.000000  0.000000  0.000000  1.000000  0.000000  0.000000  0.000000  1.000000  0.000000  0.000000  
180.511819 0.017104  0.085741  0.001523  0.995648  0.076459  -0.053284  -0.075163  0.996834  0.025916  0.055097  -0.021799  0.998243  0.006601  -0.004221  -0.000825  0.034589  0.077054  0.188569  2.000000  1.000000  0.000173  0.000134  -0.000173  1.000000  0.000038  -0.000134  -0.000038  1.000000  0.999982  0.005602  -0.002286  -0.005600  0.999984  0.001034  0.002292  -0.001021  0.999997  1.000000  0.000060  0.000046  -0.000060  1.000000  0.000013  -0.000046  -0.000013  1.000000  1.000000  0.000173  0.000134  -0.000173  1.000000  0.000038  -0.000134  -0.000038  1.000000  0.000052  0.006137  
180.512827 0.017115  0.085735  0.001520  0.995571  0.077292  -0.053520  -0.075982  0.996768  0.026101  0.055364  -0.021919  0.998226  0.007329  -0.004631  -0.000980  0.039809  0.084633  0.214365  2.000000  1.000000  0.000363  0.000282  -0.000363  1.000000  0.000080  -0.000282  -0.000080  1.000000  0.999977  0.006225  -0.002539  -0.006222  0.999980  0.001191  0.002546  -0.001175  0.999996  1.000000  0.000066  0.000051  -0.000066  1.000000  0.000015  -0.000051  -0.000015  1.000000  1.000000  0.000363  0.000282  -0.000363  1.000000  0.000080  -0.000282  -0.000080  1.000000  0.000057  0.006826  
180.514069 0.017130  0.085726  0.001517  0.995486  0.078122  -0.053898  -0.076800  0.996703  0.026176  0.055765  -0.021919  0.998203  0.008151  -0.005061  -0.001157  0.041663  0.098183  0.243949  2.000000  1.000000  0.000720  0.000561  -0.000720  1.000000  0.000156  -0.000560  -0.000156  1.000000  0.999971  0.007056  -0.002922  -0.007052  0.999974  0.001239  0.002930  -0.001218  0.999995  1.000000  0.000076  0.000058  -0.000076  1.000000  0.000015  -0.000058  -0.000015  1.000000  1.000000  0.000720  0.000561  -0.000720  1.000000  0.000156  -0.000560  -0.000156  1.000000  0.000065  0.007735  
180.515110 0.017143  0.085717  0.001515  0.995416  0.078753  -0.054272  -0.077413  0.996651  0.026362  0.056166  -0.022039  0.998178  0.008861  -0.005421  -0.001261  0.046854  0.111055  0.264602  2.000000  0.999999  0.000878  0.000685  -0.000878  1.000000  0.000188  -0.000685  -0.000189  1.000000  0.999966  0.007676  -0.003041  -0.007671  0.999970  0.001396  0.003051  -0.001372  0.999994  1.000000  0.000081  0.000064  -0.000081  1.000000  0.000017  -0.000064  -0.000017  1.000000  0.999999  0.000878  0.000685  -0.000878  1.000000  0.000188  -0.000685  -0.000189  1.000000  0.000071  0.008371  
180.516322 0.017160  0.085705  0.001513  0.995329  0.079589  -0.054640  -0.078231  0.996581  0.026559  0.056567  -0.022160  0.998153  0.009573  -0.005919  -0.001361  0.052555  0.124070  0.292867  2.000000  0.999999  0.001235  0.000958  -0.001236  0.999999  0.000259  -0.000957  -0.000260  1.000000  0.999957  0.008509  -0.003557  -0.008504  0.999963  0.001446  0.003570  -0.001416  0.999993  1.000000  0.000092  0.000070  -0.000092  1.000000  0.000018  -0.000070  -0.000018  1.000000  0.999999  0.001235  0.000958  -0.001236  0.999999  0.000259  -0.000957  -0.000260  1.000000  0.000079  0.009334  
180.517574 0.017176  0.085692  0.001512  0.995242  0.080425  -0.055007  -0.079049  0.996512  0.026756  0.056967  -0.022281  0.998127  0.010344  -0.006368  -0.001442  0.058199  0.136922  0.320750  2.000000  0.999998  0.001725  0.001328  -0.001725  0.999998  0.000359  -0.001328  -0.000361  0.999999  0.999949  0.009341  -0.003938  -0.009335  0.999955  0.001739  0.003954  -0.001702  0.999991  1.000000  0.000101  0.000076  -0.000101  1.000000  0.000021  -0.000076  -0.000022  1.000000  0.999998  0.001725  0.001328  -0.001725  0.999998  0.000359  -0.001328  -0.000361  0.999999  0.000087  0.010283  
180.518823 0.017192  0.085676  0.001511  0.995153  0.081261  -0.055375  -0.079867  0.996441  0.026954  0.057368  -0.022401  0.998102  0.010949  -0.006970  -0.001466  0.063862  0.149785  0.348672  2.000000  0.999996  0.002261  0.001729  -0.002262  0.999997  0.000471  -0.001728  -0.000474  0.999998  0.999939  0.010173  -0.004319  -0.010165  0.999947  0.001911  0.004338  -0.001867  0.999989  1.000000  0.000110  0.000083  -0.000110  1.000000  0.000024  -0.000083  -0.000024  1.000000  0.999996  0.002261  0.001729  -0.002262  0.999997  0.000471  -0.001728  -0.000474  0.999998  0.000095  0.011212  
180.520073 0.017211  0.085659  0.001510  0.995064  0.082097  -0.055742  -0.080684  0.996370  0.027153  0.057769  -0.022522  0.998076  0.011534  -0.007760  -0.001518  0.069535  0.162644  0.376591  2.000000  0.999994  0.002846  0.002167  -0.002847  0.999996  0.000594  -0.002165  -0.000600  0.999997  0.999928  0.011005  -0.004700  -0.010995  0.999937  0.002085  0.004723  -0.002033  0.999987  1.000000  0.000120  0.000090  -0.000120  1.000000  0.000026  -0.000090  -0.000026  1.000000  0.999994  0.002846  0.002167  -0.002847  0.999996  0.000594  -0.002165  -0.000600  0.999997  0.000103  0.012142  
180.521319 0.017229  0.085641  0.001510  0.994966  0.082937  -0.056242  -0.081501  0.996298  0.027364  0.058303  -0.022642  0.998042  0.012008  -0.008513  -0.001502  0.075255  0.180017  0.404661  2.000000  0.999991  0.003345  0.002538  -0.003347  0.999994  0.000696  -0.002536  -0.000704  0.999997  0.999922  0.011425  -0.005090  -0.011415  0.999933  0.002113  0.005114  -0.002055  0.999985  1.000000  0.000127  0.000092  -0.000127  1.000000  0.000026  -0.000092  -0.000026  1.000000  0.999991  0.003345  0.002538  -0.003347  0.999994  0.000696  -0.002536  -0.000704  0.999997  0.000111  0.012681  
180.522322 0.017244  0.085626  0.001508  0.994900  0.083565  -0.056481  -0.082114  0.996242  0.027541  0.058570  -0.022763  0.998024  0.012410  -0.009174  -0.001613  0.080532  0.188511  0.425546  2.000000  0.999988  0.003860  0.002915  -0.003862  0.999992  0.000802  -0.002912  -0.000814  0.999995  0.999916  0.011840  -0.005213  -0.011828  0.999927  0.002263  0.005239  -0.002201  0.999984  1.000000  0.000131  0.000095  -0.000131  1.000000  0.000028  -0.000095  -0.000028  1.000000  0.999988  0.003860  0.002915  -0.003862  0.999992  0.000802  -0.002912  -0.000814  0.999995  0.000117  0.013128  
180.523569 0.017261  0.085606  0.001505  0.994826  0.084196  -0.056853  -0.082727  0.996186  0.027730  0.058971  -0.022883  0.997997  0.012778  -0.010068  -0.001692  0.085860  0.201533  0.446611  2.000000  0.999984  0.004526  0.003397  -0.004529  0.999989  0.000936  -0.003393  -0.000951  0.999994  0.999912  0.012051  -0.005476  -0.012040  0.999925  0.002158  0.005501  -0.002092  0.999983  1.000000  0.000135  0.000096  -0.000135  1.000000  0.000027  -0.000096  -0.000027  1.000000  0.999984  0.004526  0.003397  -0.004529  0.999989  0.000936  -0.003393  -0.000951  0.999994  0.000124  0.013407  
180.524819 0.017279  0.085586  0.001500  0.994751  0.084821  -0.057235  -0.083339  0.996133  0.027799  0.059372  -0.022883  0.997974  0.013098  -0.010902  -0.001770  0.087112  0.214564  0.467624  2.000000  0.999979  0.005215  0.003896  -0.005219  0.999986  0.001071  -0.003891  -0.001091  0.999992  0.999907  0.012466  -0.005598  -0.012454  0.999920  0.002186  0.005625  -0.002116  0.999982  1.000000  0.000139  0.000100  -0.000139  1.000000  0.000027  -0.000100  -0.000027  1.000000  0.999979  0.005215  0.003896  -0.005219  0.999986  0.001071  -0.003891  -0.001091  0.999992  0.000129  0.013834  
180.526069 0.017297  0.085568  0.001497  0.994666  0.085654  -0.057468  -0.084157  0.996059  0.027989  0.059639  -0.023003  0.997955  0.013426  -0.011817  -0.001837  0.092057  0.221122  0.491468  2.000000  0.999973  0.005917  0.004414  -0.005922  0.999982  0.001205  -0.004407  -0.001231  0.999990  0.999902  0.012874  -0.005453  -0.012862  0.999915  0.002214  0.005481  -0.002143  0.999983  1.000000  0.000140  0.000105  -0.000140  1.000000  0.000027  -0.000105  -0.000027  1.000000  0.999973  0.005917  0.004414  -0.005922  0.999982  0.001205  -0.004407  -0.001231  0.999990  0.000137  0.014151  
180.527320 0.017314  0.085549  0.001492  0.994598  0.086282  -0.057706  -0.084770  0.996002  0.028168  0.059906  -0.023124  0.997936  0.013712  -0.012756  -0.001920  0.098135  0.231466  0.516489  2.000000  0.999966  0.006618  0.004933  -0.006624  0.999977  0.001338  -0.004924  -0.001371  0.999987  0.999904  0.012672  -0.005590  -0.012660  0.999917  0.002206  0.005618  -0.002135  0.999982  1.000000  0.000140  0.000102  -0.000140  1.000000  0.000027  -0.000102  -0.000027  1.000000  0.999966  0.006618  0.004933  -0.006624  0.999977  0.001338  -0.004924  -0.001371  0.999987  0.000143  0.014020  
180.528324 0.017328  0.085533  0.001490  0.994547  0.086699  -0.057961  -0.085178  0.995966  0.028215  0.060173  -0.023124  0.997920  0.013827  -0.013264  -0.001960  0.098975  0.240130  0.530450  2.000000  0.999960  0.007179  0.005350  -0.007187  0.999973  0.001444  -0.005339  -0.001482  0.999985  0.999901  0.012878  -0.005585  -0.012866  0.999915  0.002220  0.005614  -0.002148  0.999982  1.000000  0.000141  0.000104  -0.000141  1.000000  0.000027  -0.000104  -0.000027  1.000000  0.999960  0.007179  0.005350  -0.007187  0.999973  0.001444  -0.005339  -0.001482  0.999985  0.000148  0.014206  
180.529571 0.017344  0.085511  0.001487  0.994496  0.087115  -0.058215  -0.085586  0.995930  0.028261  0.060440  -0.023123  0.997904  0.014000  -0.014125  -0.001958  0.094636  0.242493  0.533184  2.000000  0.999953  0.007742  0.005759  -0.007751  0.999969  0.001550  -0.005747  -0.001595  0.999982  0.999904  0.012672  -0.005590  -0.012660  0.999917  0.002211  0.005618  -0.002140  0.999982  1.000000  0.000140  0.000102  -0.000140  1.000000  0.000027  -0.000102  -0.000027  1.000000  0.999953  0.007742  0.005759  -0.007751  0.999969  0.001550  -0.005747  -0.001595  0.999982  0.000150  0.014021  
180.530823 0.017361  0.085491  0.001485  0.994427  0.087743  -0.058453  -0.086199  0.995872  0.028441  0.060707  -0.023244  0.997885  0.013890  -0.014671  -0.001919  0.099190  0.242255  0.539924  2.000000  0.999945  0.008442  0.006264  -0.008453  0.999963  0.001688  -0.006250  -0.001741  0.999979  0.999907  0.012467  -0.005594  -0.012454  0.999920  0.002324  0.005622  -0.002254  0.999982  1.000000  0.000139  0.000100  -0.000139  1.000000  0.000029  -0.000100  -0.000029  1.000000  0.999945  0.008442  0.006264  -0.008453  0.999963  0.001688  -0.006250  -0.001741  0.999979  0.000150  0.013855  
180.532072 0.017378  0.085468  0.001484  0.994375  0.088166  -0.058697  -0.086607  0.995832  0.028609  0.060974  -0.023365  0.997866  0.013933  -0.015236  -0.001958  0.099302  0.246661  0.540075  2.000000  0.999935  0.009137  0.006754  -0.009150  0.999956  0.001820  -0.006737  -0.001882  0.999976  0.999908  0.012265  -0.005731  -0.012252  0.999922  0.002314  0.005759  -0.002244  0.999981  1.000000  0.000139  0.000097  -0.000139  1.000000  0.000028  -0.000097  -0.000028  1.000000  0.999935  0.009137  0.006754  -0.009150  0.999956  0.001820  -0.006737  -0.001882  0.999976  0.000153  0.013729  
180.533323 0.017393  0.085443  0.001483  0.994331  0.088587  -0.058807  -0.087016  0.995792  0.028766  0.061108  -0.023485  0.997855  0.013846  -0.015944  -0.001903  0.100635  0.244000  0.551406  2.000000  0.999926  0.009824  0.007228  -0.009839  0.999950  0.001959  -0.007208  -0.002030  0.999972  0.999911  0.012060  -0.005734  -0.012047  0.999924  0.002426  0.005763  -0.002357  0.999981  1.000000  0.000138  0.000095  -0.000138  1.000000  0.000030  -0.000095  -0.000030  1.000000  0.999926  0.009824  0.007228  -0.009839  0.999950  0.001959  -0.007208  -0.002030  0.999972  0.000155  0.013567  
180.534337 0.017405  0.085423  0.001484  0.994297  0.088798  -0.059067  -0.087219  0.995773  0.028801  0.061375  -0.023485  0.997838  0.013657  -0.016480  -0.001829  0.096225  0.248505  0.544361  2.000000  0.999918  0.010353  0.007583  -0.010369  0.999944  0.002067  -0.007562  -0.002146  0.999969  0.999921  0.011235  -0.005621  -0.011222  0.999934  0.002258  0.005646  -0.002195  0.999982  1.000000  0.000131  0.000086  -0.000131  1.000000  0.000028  -0.000086  -0.000028  1.000000  0.999918  0.010353  0.007583  -0.010369  0.999944  0.002067  -0.007562  -0.002146  0.999969  0.000154  0.012759  
180.535573 0.017421  0.085394  0.001484  0.994244  0.089221  -0.059310  -0.087627  0.995732  0.028970  0.061642  -0.023606  0.997819  0.013475  -0.017201  -0.001743  0.096002  0.248679  0.537660  2.000000  0.999909  0.010873  0.007926  -0.010890  0.999938  0.002179  -0.007902  -0.002265  0.999966  0.999923  0.011030  -0.005624  -0.011017  0.999937  0.002370  0.005650  -0.002308  0.999981  1.000000  0.000130  0.000084  -0.000130  1.000000  0.000029  -0.000084  -0.000029  1.000000  0.999909  0.010873  0.007926  -0.010890  0.999938  0.002179  -0.007902  -0.002265  0.999966  0.000153  0.012600  
180.536823 0.017437  0.085366  0.001485  0.994210  0.089440  -0.059560  -0.087830  0.995710  0.029126  0.061909  -0.023726  0.997800  0.013364  -0.017895  -0.001571  0.099415  0.248955  0.523841  2.000000  0.999900  0.011474  0.008315  -0.011494  0.999931  0.002312  -0.008288  -0.002408  0.999963  0.999937  0.009990  -0.005113  -0.009979  0.999948  0.002308  0.005136  -0.002257  0.999984  1.000000  0.000118  0.000076  -0.000118  1.000000  0.000029  -0.000076  -0.000029  1.000000  0.999900  0.011474  0.008315  -0.011494  0.999931  0.002312  -0.008288  -0.002408  0.999963  0.000149  0.011453  
180.538070 0.017453  0.085336  0.001486  0.994165  0.089853  -0.059681  -0.088239  0.995672  0.029162  0.062043  -0.023726  0.997791  0.013280  -0.018477  -0.001304  0.099129  0.244647  0.516892  2.000000  0.999892  0.011936  0.008608  -0.011957  0.999926  0.002416  -0.008579  -0.002519  0.999960  0.999942  0.009576  -0.004989  -0.009565  0.999952  0.002164  0.005010  -0.002116  0.999985  1.000000  0.000114  0.000072  -0.000114  1.000000  0.000027  -0.000072  -0.000027  1.000000  0.999892  0.011936  0.008608  -0.011957  0.999926  0.002416  -0.008579  -0.002519  0.999960  0.000145  0.011008  
180.539320 0.017469  0.085307  0.001489  0.994131  0.090072  -0.059930  -0.088442  0.995650  0.029319  0.062310  -0.023847  0.997772  0.013117  -0.019212  -0.000797  0.098050  0.245056  0.496190  2.000000  0.999882  0.012490  0.008959  -0.012513  0.999918  0.002541  -0.008926  -0.002653  0.999957  0.999947  0.009159  -0.004730  -0.009150  0.999956  0.002018  0.004749  -0.001975  0.999987  1.000000  0.000109  0.000069  -0.000109  1.000000  0.000025  -0.000069  -0.000025  1.000000  0.999882  0.012490  0.008959  -0.012513  0.999918  0.002541  -0.008926  -0.002653  0.999957  0.000143  0.010500  
180.540570 0.017484  0.085277  0.001491  0.994104  0.090287  -0.060046  -0.088646  0.995627  0.029464  0.062443  -0.023968  0.997761  0.012949  -0.020009  -0.000422  0.101415  0.240851  0.482290  2.000000  0.999872  0.013013  0.009280  -0.013038  0.999911  0.002657  -0.009245  -0.002778  0.999953  0.999955  0.008334  -0.004617  -0.008325  0.999964  0.001848  0.004632  -0.001809  0.999988  1.000000  0.000102  0.000061  -0.000102  1.000000  0.000023  -0.000061  -0.000023  1.000000  0.999872  0.013013  0.009280  -0.013038  0.999911  0.002657  -0.009245  -0.002778  0.999953  0.000139  0.009701  
180.541818 0.017500  0.085247  0.001493  0.994086  0.090492  -0.060040  -0.088850  0.995609  0.029477  0.062443  -0.023968  0.997761  0.012855  -0.020699  -0.000105  0.099803  0.234718  0.464508  2.000000  0.999863  0.013492  0.009575  -0.013519  0.999905  0.002769  -0.009537  -0.002898  0.999950  0.999962  0.007705  -0.004096  -0.007697  0.999969  0.001809  0.004110  -0.001778  0.999990  1.000000  0.000093  0.000058  -0.000093  1.000000  0.000022  -0.000058  -0.000022  1.000000  0.999863  0.013492  0.009575  -0.013519  0.999905  0.002769  -0.009537  -0.002898  0.999950  0.000135  0.008908  
180.542818 0.017513  0.085222  0.001494  0.994059  0.090700  -0.060166  -0.089054  0.995590  0.029501  0.062577  -0.023967  0.997752  0.012743  -0.021283  0.000168  0.094663  0.230765  0.443985  2.000000  0.999856  0.013844  0.009793  -0.013873  0.999900  0.002852  -0.009753  -0.002987  0.999948  0.999968  0.007082  -0.003843  -0.007076  0.999974  0.001651  0.003855  -0.001623  0.999991  1.000000  0.000086  0.000053  -0.000086  1.000000  0.000020  -0.000053  -0.000020  1.000000  0.999856  0.013844  0.009793  -0.013873  0.999900  0.002852  -0.009753  -0.002987  0.999948  0.000128  0.008222  
180.543819 0.017525  0.085196  0.001494  0.994059  0.090700  -0.060166  -0.089054  0.995590  0.029501  0.062577  -0.023967  0.997752  0.012713  -0.021883  0.000393  0.093518  0.217825  0.423057  2.000000  0.999849  0.014176  0.010002  -0.014206  0.999895  0.002930  -0.009959  -0.003072  0.999946  0.999971  0.006664  -0.003586  -0.006659  0.999977  0.001625  0.003597  -0.001601  0.999992  1.000000  0.000081  0.000050  -0.000081  1.000000  0.000020  -0.000050  -0.000020  1.000000  0.999849  0.014176  0.010002  -0.014206  0.999895  0.002930  -0.009959  -0.003072  0.999946  0.000124  0.007738  
180.544820 0.017537  0.085172  0.001496  0.994041  0.090912  -0.060149  -0.089259  0.995568  0.029634  0.062577  -0.024088  0.997749  0.012643  -0.022400  0.000603  0.093268  0.206842  0.406090  2.000000  0.999845  0.014411  0.010155  -0.014442  0.999891  0.002985  -0.010111  -0.003132  0.999944  0.999972  0.006658  -0.003318  -0.006653  0.999977  0.001504  0.003328  -0.001481  0.999993  1.000000  0.000078  0.000051  -0.000078  1.000000  0.000019  -0.000051  -0.000019  1.000000  0.999845  0.014411  0.010155  -0.014442  0.999891  0.002985  -0.010111  -0.003132  0.999944  0.000119  0.007587  
180.545821 0.017549  0.085147  0.001497  0.994022  0.091117  -0.060143  -0.089464  0.995549  0.029646  0.062577  -0.024088  0.997749  0.012523  -0.022919  0.000812  0.091604  0.196243  0.388260  2.000000  0.999838  0.014705  0.010346  -0.014737  0.999887  0.003062  -0.010300  -0.003214  0.999942  0.999977  0.006035  -0.003065  -0.006031  0.999981  0.001586  0.003075  -0.001568  0.999994  1.000000  0.000071  0.000046  -0.000071  1.000000  0.000020  -0.000046  -0.000020  1.000000  0.999838  0.014705  0.010346  -0.014737  0.999887  0.003062  -0.010300  -0.003214  0.999942  0.000113  0.006951  
180.547072 0.017563  0.085115  0.001499  0.994022  0.091117  -0.060143  -0.089464  0.995549  0.029646  0.062577  -0.024088  0.997749  0.012335  -0.023533  0.001024  0.086410  0.183322  0.367418  2.000000  0.999831  0.015042  0.010566  -0.015076  0.999881  0.003150  -0.010518  -0.003309  0.999939  0.999981  0.005413  -0.002813  -0.005409  0.999984  0.001426  0.002821  -0.001411  0.999995  1.000000  0.000064  0.000041  -0.000064  1.000000  0.000018  -0.000041  -0.000018  1.000000  0.999831  0.015042  0.010566  -0.015076  0.999881  0.003150  -0.010518  -0.003309  0.999939  0.000107  0.006263  
180.548329 0.017576  0.085082  0.001502  0.994031  0.091122  -0.059999  -0.089464  0.995545  0.029755  0.062443  -0.024210  0.997755  0.012231  -0.024128  0.001223  0.081002  0.167544  0.335441  2.000000  0.999828  0.015166  0.010648  -0.015201  0.999879  0.003184  -0.010599  -0.003346  0.999938  0.999986  0.004787  -0.002426  -0.004783  0.999988  0.001387  0.002433  -0.001376  0.999996  1.000000  0.000000  0.000000  0.000000  1.000000  0.000000  0.000000  0.000000  1.000000  0.999828  0.015166  0.010648  -0.015201  0.999879  0.003184  -0.010599  -0.003346  0.999938  0.000098  0.000000  
180.549576 0.017590  0.085049  0.001505  0.994031  0.091122  -0.059999  -0.089464  0.995545  0.029755  0.062443  -0.024210  0.997755  0.012111  -0.024664  0.001449  0.075364  0.150216  0.307459  2.000000  0.999828  0.015166  0.010648  -0.015201  0.999879  0.003184  -0.010599  -0.003346  0.999938  0.999989  0.004161  -0.002040  -0.004158  0.999990  0.001349  0.002046  -0.001340  0.999997  1.000000  0.000000  0.000000  0.000000  1.000000  0.000000  0.000000  0.000000  1.000000  0.999828  0.015166  0.010648  -0.015201  0.999879  0.003184  -0.010599  -0.003346  0.999938  0.000089  0.000000  
180.550821 0.017603  0.085014  0.001510  0.994012  0.091334  -0.059982  -0.089669  0.995523  0.029888  0.062443  -0.024331  0.997752  0.011956  -0.024968  0.001697  0.073599  0.140616  0.284408  2.000000  0.999828  0.015166  0.010648  -0.015201  0.999879  0.003184  -0.010599  -0.003346  0.999938  0.999991  0.003949  -0.001777  -0.003946  0.999991  0.001336  0.001782  -0.001329  0.999998  1.000000  0.000000  0.000000  0.000000  1.000000  0.000000  0.000000  0.000000  1.000000  0.999828  0.015166  0.010648  -0.015201  0.999879  0.003184  -0.010599  -0.003346  0.999938  0.000084  0.000000  
180.552073 0.017617  0.084980  0.001516  0.993994  0.091546  -0.059965  -0.089874  0.995501  0.030021  0.062443  -0.024452  0.997749  0.011755  -0.025369  0.002049  0.072990  0.124177  0.265484  2.000000  0.999828  0.015166  0.010648  -0.015201  0.999879  0.003184  -0.010599  -0.003346  0.999938  0.999993  0.003326  -0.001524  -0.003324  0.999993  0.001419  0.001529  -0.001413  0.999998  1.000000  0.000000  0.000000  0.000000  1.000000  0.000000  0.000000  0.000000  1.000000  0.999828  0.015166  0.010648  -0.015201  0.999879  0.003184  -0.010599  -0.003346  0.999938  0.000076  0.000000  
180.553324 0.017631  0.084945  0.001523  0.993994  0.091553  -0.059954  -0.089874  0.995497  0.030142  0.062443  -0.024573  0.997746  0.011668  -0.025734  0.002421  0.071772  0.111134  0.244425  2.000000  0.999828  0.015166  0.010648  -0.015201  0.999879  0.003184  -0.010599  -0.003346  0.999938  0.999994  0.003323  -0.001390  -0.003321  0.999993  0.001419  0.001395  -0.001414  0.999998  1.000000  0.000000  0.000000  0.000000  1.000000  0.000000  0.000000  0.000000  1.000000  0.999828  0.015166  0.010648  -0.015201  0.999879  0.003184  -0.010599  -0.003346  0.999938  0.000072  0.000000  
180.554573 0.017645  0.084910  0.001531  0.994002  0.091550  -0.059821  -0.089874  0.995497  0.030130  0.062310  -0.024573  0.997754  0.011570  -0.026063  0.002779  0.070542  0.093646  0.223286  2.000000  0.999828  0.015166  0.010648  -0.015201  0.999879  0.003184  -0.010599  -0.003346  0.999938  0.999995  0.002902  -0.000999  -0.002901  0.999995  0.001271  0.001003  -0.001268  0.999999  1.000000  0.000000  0.000000  0.000000  1.000000  0.000000  0.000000  0.000000  1.000000  0.999828  0.015166  0.010648  -0.015201  0.999879  0.003184  -0.010599  -0.003346  0.999938  0.000065  0.000000  
180.555819 0.017659  0.084875  0.001539  0.993984  0.091762  -0.059803  -0.090079  0.995475  0.030263  0.062310  -0.024694  0.997751  0.011417  -0.026425  0.003136  0.069317  0.085136  0.202399  2.000000  0.999828  0.015166  0.010648  -0.015201  0.999879  0.003184  -0.010599  -0.003346  0.999938  0.999997  0.002485  -0.000741  -0.002484  0.999996  0.001246  0.000744  -0.001244  0.999999  1.000000  0.000000  0.000000  0.000000  1.000000  0.000000  0.000000  0.000000  1.000000  0.999828  0.015166  0.010648  -0.015201  0.999879  0.003184  -0.010599  -0.003346  0.999938  0.000060  0.000000  
180.557069 0.017673  0.084839  0.001547  0.993984  0.091762  -0.059803  -0.090079  0.995475  0.030263  0.062310  -0.024694  0.997751  0.011315  -0.026777  0.003540  0.064001  0.076632  0.181480  2.000000  0.999828  0.015166  0.010648  -0.015201  0.999879  0.003184  -0.010599  -0.003346  0.999938  0.999997  0.002273  -0.000479  -0.002272  0.999997  0.001233  0.000482  -0.001232  0.999999  1.000000  0.000000  0.000000  0.000000  1.000000  0.000000  0.000000  0.000000  1.000000  0.999828  0.015166  0.010648  -0.015201  0.999879  0.003184  -0.010599  -0.003346  0.999938  0.000054  0.000000  
180.558069 0.017686  0.084810  0.001553  0.993965  0.091967  -0.059797  -0.090284  0.995456  0.030275  0.062310  -0.024694  0.997751  0.011303  -0.027055  0.003904  0.063062  0.071701  0.173019  2.000000  0.999828  0.015166  0.010648  -0.015201  0.999879  0.003184  -0.010599  -0.003346  0.999938  0.999997  0.002266  -0.000211  -0.002266  0.999997  0.001111  0.000214  -0.001111  0.999999  1.000000  0.000000  0.000000  0.000000  1.000000  0.000000  0.000000  0.000000  1.000000  0.999828  0.015166  0.010648  -0.015201  0.999879  0.003184  -0.010599  -0.003346  0.999938  0.000051  0.000000  
180.559319 0.017700  0.084774  0.001560  0.993946  0.092179  -0.059780  -0.090488  0.995433  0.030408  0.062310  -0.024815  0.997748  0.011286  -0.027364  0.004322  0.066710  0.062939  0.165965  2.000000  0.999828  0.015166  0.010648  -0.015201  0.999879  0.003184  -0.010599  -0.003346  0.999938  0.999998  0.002057  -0.000083  -0.002057  0.999997  0.000977  0.000085  -0.000977  1.000000  1.000000  0.000000  0.000000  0.000000  1.000000  0.000000  0.000000  0.000000  1.000000  0.999828  0.015166  0.010648  -0.015201  0.999879  0.003184  -0.010599  -0.003346  0.999938  0.000047  0.000000  
180.560570 0.017715  0.084738  0.001567  0.993955  0.092176  -0.059647  -0.090489  0.995433  0.030396  0.062176  -0.024815  0.997757  0.011261  -0.027735  0.004720  0.000000  0.000000  0.000000  2.000000  0.999828  0.015166  0.010648  -0.015201  0.999879  0.003184  -0.010599  -0.003346  0.999938  0.999998  0.001845  0.000180  -0.001846  0.999998  0.001086  -0.000178  -0.001086  0.999999  1.000000  0.000000  0.000000  0.000000  1.000000  0.000000  0.000000  0.000000  1.000000  0.999828  0.015166  0.010648  -0.015201  0.999879  0.003184  -0.010599  -0.003346  0.999938  0.000000  0.000000  
180.561819 0.017730  0.084702  0.001574  0.993936  0.092381  -0.059641  -0.090694  0.995414  0.030409  0.062176  -0.024815  0.997757  0.011292  -0.027991  0.005044  0.000000  0.000000  0.000000  2.000000  0.999828  0.015166  0.010648  -0.015201  0.999879  0.003184  -0.010599  -0.003346  0.999938  0.999998  0.002047  0.000319  -0.002048  0.999997  0.000977  -0.000317  -0.000978  0.999999  1.000000  0.000000  0.000000  0.000000  1.000000  0.000000  0.000000  0.000000  1.000000  0.999828  0.015166  0.010648  -0.015201  0.999879  0.003184  -0.010599  -0.003346  0.999938  0.000000  0.000000  
180.562822 0.017742  0.084673  0.001580  0.993926  0.092583  -0.059501  -0.090899  0.995396  0.030409  0.062043  -0.024815  0.997765  0.011404  -0.028210  0.005335  0.000000  0.000000  0.000000  2.000000  0.999828  0.015166  0.010648  -0.015201  0.999879  0.003184  -0.010599  -0.003346  0.999938  0.999998  0.002044  0.000452  -0.002045  0.999997  0.000977  -0.000450  -0.000978  0.999999  1.000000  0.000000  0.000000  0.000000  1.000000  0.000000  0.000000  0.000000  1.000000  0.999828  0.015166  0.010648  -0.015201  0.999879  0.003184  -0.010599  -0.003346  0.999938  0.000000  0.000000  
180.563824 0.017754  0.084643  0.001586  0.993907  0.092795  -0.059484  -0.091104  0.995373  0.030542  0.062043  -0.024936  0.997762  0.011524  -0.028413  0.005541  0.000000  0.000000  0.000000  2.000000  0.999828  0.015166  0.010648  -0.015201  0.999879  0.003184  -0.010599  -0.003346  0.999938  0.999998  0.002041  0.000586  -0.002041  0.999997  0.001098  -0.000584  -0.001099  0.999999  1.000000  0.000000  0.000000  0.000000  1.000000  0.000000  0.000000  0.000000  1.000000  0.999828  0.015166  0.010648  -0.015201  0.999879  0.003184  -0.010599  -0.003346  0.999938  0.000000  0.000000  
180.564824 0.017767  0.084613  0.001591  0.993896  0.092996  -0.059345  -0.091309  0.995354  0.030542  0.061909  -0.024937  0.997770  0.011629  -0.028615  0.005631  0.000000  0.000000  0.000000  2.000000  0.999828  0.015166  0.010648  -0.015201  0.999879  0.003184  -0.010599  -0.003346  0.999938  0.999998  0.001832  0.000715  -0.001833  0.999998  0.001085  -0.000713  -0.001086  0.999999  1.000000  0.000000  0.000000  0.000000  1.000000  0.000000  0.000000  0.000000  1.000000  0.999828  0.015166  0.010648  -0.015201  0.999879  0.003184  -0.010599  -0.003346  0.999938  0.000000  0.000000  
180.566068 0.017782  0.084575  0.001598  0.993878  0.093208  -0.059327  -0.091514  0.995331  0.030675  0.061909  -0.025058  0.997767  0.011765  -0.028852  0.005771  0.000000  0.000000  0.000000  2.000000  0.999828  0.015166  0.010648  -0.015201  0.999879  0.003184  -0.010599  -0.003346  0.999938  0.999997  0.002243  0.000726  -0.002243  0.999997  0.001111  -0.000723  -0.001112  0.999999  1.000000  0.000000  0.000000  0.000000  1.000000  0.000000  0.000000  0.000000  1.000000  0.999828  0.015166  0.010648  -0.015201  0.999879  0.003184  -0.010599  -0.003346  0.999938  0.000000  0.000000  
180.567073 0.017794  0.084544  0.001604  0.993859  0.093420  -0.059309  -0.091718  0.995308  0.030808  0.061909  -0.025179  0.997764  0.011874  -0.029225  0.005874  0.000000  0.000000  0.000000  2.000000  0.999828  0.015166  0.010648  -0.015201  0.999879  0.003184  -0.010599  -0.003346  0.999938  0.999998  0.002037  0.000721  -0.002038  0.999997  0.001219  -0.000718  -0.001221  0.999999  1.000000  0.000000  0.000000  0.000000  1.000000  0.000000  0.000000  0.000000  1.000000  0.999828  0.015166  0.010648  -0.015201  0.999879  0.003184  -0.010599  -0.003346  0.999938  0.000000  0.000000  
180.568324 0.017810  0.084505  0.001612  0.993840  0.093633  -0.059292  -0.091923  0.995285  0.030941  0.061909  -0.025300  0.997761  0.011911  -0.029328  0.005905  0.000000  0.000000  0.000000  2.000000  0.999828  0.015166  0.010648  -0.015201  0.999879  0.003184  -0.010599  -0.003346  0.999938  0.999997  0.002451  0.000598  -0.002452  0.999996  0.001245  -0.000595  -0.001246  0.999999  1.000000  0.000000  0.000000  0.000000  1.000000  0.000000  0.000000  0.000000  1.000000  0.999828  0.015166  0.010648  -0.015201  0.999879  0.003184  -0.010599  -0.003346  0.999938  0.000000  0.000000  
180.569573 0.017826  0.084465  0.001620  0.993821  0.093845  -0.059274  -0.092127  0.995262  0.031074  0.061909  -0.025421  0.997758  0.012041  -0.029679  0.005942  0.000000  0.000000  0.000000  2.000000  0.999828  0.015166  0.010648  -0.015201  0.999879  0.003184  -0.010599  -0.003346  0.999938  0.999996  0.002657  0.000603  -0.002657  0.999996  0.001379  -0.000600  -0.001380  0.999999  1.000000  0.000000  0.000000  0.000000  1.000000  0.000000  0.000000  0.000000  1.000000  0.999828  0.015166  0.010648  -0.015201  0.999879  0.003184  -0.010599  -0.003346  0.999938  0.000000  0.000000  
180.570822 0.017843  0.084425  0.001628  0.993783  0.094262  -0.059250  -0.092537  0.995220  0.031219  0.061909  -0.025542  0.997755  0.012237  -0.029983  0.005949  0.000000  0.000000  0.000000  2.000000  0.999828  0.015166  0.010648  -0.015201  0.999879  0.003184  -0.010599  -0.003346  0.999938  0.999995  0.003067  0.000614  -0.003068  0.999994  0.001404  -0.000610  -0.001406  0.999999  1.000000  0.000000  0.000000  0.000000  1.000000  0.000000  0.000000  0.000000  1.000000  0.999828  0.015166  0.010648  -0.015201  0.999879  0.003184  -0.010599  -0.003346  0.999938  0.000000  0.000000  
180.572069 0.017860  0.084385  0.001638  0.993764  0.094474  -0.059232  -0.092741  0.995197  0.031352  0.061909  -0.025663  0.997752  0.012425  -0.030233  0.006099  0.000000  0.000000  0.000000  2.000000  0.999828  0.015166  0.010648  -0.015201  0.999879  0.003184  -0.010599  -0.003346  0.999938  0.999995  0.003067  0.000615  -0.003068  0.999994  0.001525  -0.000610  -0.001527  0.999999  1.000000  0.000000  0.000000  0.000000  1.000000  0.000000  0.000000  0.000000  1.000000  0.999828  0.015166  0.010648  -0.015201  0.999879  0.003184  -0.010599  -0.003346  0.999938  0.000000  0.000000  
180.573069 0.017873  0.084353  0.001646  0.993725  0.094891  -0.059207  -0.093150  0.995154  0.031497  0.061909  -0.025784  0.997749  0.012524  -0.030467  0.006242  0.000000  0.000000  0.000000  2.000000  0.999828  0.015166  0.010648  -0.015201  0.999879  0.003184  -0.010599  -0.003346  0.999938  0.999995  0.003067  0.000615  -0.003068  0.999994  0.001525  -0.000610  -0.001527  0.999999  1.000000  0.000000  0.000000  0.000000  1.000000  0.000000  0.000000  0.000000  1.000000  0.999828  0.015166  0.010648  -0.015201  0.999879  0.003184  -0.010599  -0.003346  0.999938  0.000000  0.000000  
