1-Time 2-Px 3-Py 4-Pz 5-R11 6-R21 7-R31 8-R12 9-R22 10-R32 11-R13 12-R23 13-R33 14-Vx 15-Vy 16-Vz 17-Wx 18-Wy 19-Wz 20-state 21-PR11 22-PR21 23-PR31 24-PR12 25-PR22 26-PR32 27-PR13 28-PR23 29-PR33 
95.854142 0.011525  0.083293  0.005028  0.996849  0.077464  0.017100  -0.022989  0.075786  0.996859  0.075925  -0.994111  0.077328  -0.000964  0.001732  -0.001516  0.000000  0.000000  0.000000  2.000000  1.000000  0.000000  0.000000  0.000000  -0.000000  1.000000  0.000000  -1.000000  -0.000000  0.999999  0.000496  0.001197  -0.000496  1.000000  -0.000028  -0.001197  0.000027  0.999999  1.000000  0.000000  0.000000  0.000000  1.000000  0.000000  0.000000  0.000000  1.000000  0.585514  0.682549  0.437380  -0.477610  -0.145507  0.866439  0.655028  -0.716209  0.240796  0.000000  0.000000  
95.855150 0.011525  0.083295  0.005027  0.996849  0.077464  0.017100  -0.022989  0.075786  0.996859  0.075925  -0.994111  0.077328  -0.000898  0.001788  -0.001468  0.000000  0.000000  0.000000  2.000000  1.000000  0.000000  0.000000  0.000000  -0.000000  1.000000  0.000000  -1.000000  -0.000000  0.999999  0.000496  0.001197  -0.000496  1.000000  -0.000028  -0.001197  0.000027  0.999999  1.000000  0.000000  0.000000  0.000000  1.000000  0.000000  0.000000  0.000000  1.000000  1.000000  0.000000  0.000000  0.000000  -0.000000  1.000000  0.000000  -1.000000  -0.000000  0.000000  0.000000  
95.856151 0.011525  0.083294  0.005026  0.996839  0.077497  0.017501  -0.023399  0.075875  0.996843  0.075925  -0.994101  0.077449  -0.000822  0.001593  -0.001451  0.000000  0.000000  0.000000  2.000000  1.000000  0.000000  0.000000  0.000000  -0.000000  1.000000  0.000000  -1.000000  -0.000000  0.999999  0.000528  0.001606  -0.000527  1.000000  -0.000118  -0.001606  0.000117  0.999999  1.000000  0.000000  0.000000  0.000000  1.000000  0.000000  0.000000  0.000000  1.000000  1.000000  0.000000  0.000000  0.000000  -0.000000  1.000000  0.000000  -1.000000  -0.000000  0.000000  0.000000  
95.857396 0.011526  0.083291  0.005026  0.996830  0.077429  0.018322  -0.024221  0.075936  0.996819  0.075791  -0.994102  0.077570  -0.000637  0.001277  -0.001300  0.000000  0.000000  0.000000  2.000000  1.000000  0.000000  0.000000  0.000000  -0.000000  1.000000  0.000000  -1.000000  -0.000000  0.999997  0.000575  0.002220  -0.000575  1.000000  -0.000072  -0.002220  0.000070  0.999998  1.000000  0.000000  0.000000  0.000000  1.000000  0.000000  0.000000  0.000000  1.000000  1.000000  0.000000  0.000000  0.000000  -0.000000  1.000000  0.000000  -1.000000  -0.000000  0.000000  0.000000  
95.858397 0.011528  0.083289  0.005028  0.996819  0.077358  0.019154  -0.025042  0.075875  0.996803  0.075658  -0.994112  0.077571  -0.000445  0.001030  -0.001109  0.000000  0.000000  0.000000  2.000000  1.000000  0.000000  0.000000  0.000000  -0.000000  1.000000  0.000000  -1.000000  -0.000000  0.999996  0.000357  0.002855  -0.000356  1.000000  -0.000146  -0.002855  0.000145  0.999996  1.000000  0.000000  0.000000  0.000000  1.000000  0.000000  0.000000  0.000000  1.000000  1.000000  0.000000  0.000000  0.000000  -0.000000  1.000000  0.000000  -1.000000  -0.000000  0.000000  0.000000  
95.859682 0.011530  0.083286  0.005029  0.996814  0.077275  0.019770  -0.025658  0.075952  0.996781  0.075524  -0.994113  0.077692  -0.000178  0.000705  -0.000875  0.000000  0.000000  0.000000  2.000000  1.000000  0.000000  0.000000  0.000000  -0.000000  1.000000  0.000000  -1.000000  -0.000000  0.999994  0.000138  0.003490  -0.000137  1.000000  -0.000221  -0.003490  0.000220  0.999994  1.000000  0.000000  0.000000  0.000000  1.000000  0.000000  0.000000  0.000000  1.000000  1.000000  0.000000  0.000000  0.000000  -0.000000  1.000000  0.000000  -1.000000  -0.000000  0.000000  0.000000  
95.860890 0.011534  0.083283  0.005030  0.996803  0.077306  0.020181  -0.026068  0.075920  0.996773  0.075524  -0.994113  0.077692  0.000110  0.000350  -0.000670  0.000000  0.000000  0.000000  2.000000  1.000000  0.000000  0.000000  0.000000  -0.000000  1.000000  0.000000  -1.000000  -0.000000  0.999992  0.000186  0.004104  -0.000185  1.000000  -0.000174  -0.004104  0.000174  0.999992  1.000000  0.000000  0.000000  0.000000  1.000000  0.000000  0.000000  0.000000  1.000000  1.000000  0.000000  0.000000  0.000000  -0.000000  1.000000  0.000000  -1.000000  -0.000000  0.000000  0.000000  
95.861897 0.011537  0.083281  0.005032  0.996792  0.077340  0.020582  -0.026478  0.076009  0.996756  0.075524  -0.994103  0.077813  0.000401  0.000089  -0.000433  0.000000  0.000000  0.000000  2.000000  1.000000  0.000000  0.000000  0.000000  -0.000000  1.000000  0.000000  -1.000000  -0.000000  0.999991  0.000202  0.004308  -0.000201  1.000000  -0.000280  -0.004308  0.000279  0.999991  1.000000  0.000000  0.000000  0.000000  1.000000  0.000000  0.000000  0.000000  1.000000  1.000000  0.000000  0.000000  0.000000  -0.000000  1.000000  0.000000  -1.000000  -0.000000  0.000000  0.000000  
95.863144 0.011541  0.083276  0.005034  0.996750  0.077671  0.021372  -0.027299  0.076059  0.996730  0.075791  -0.994074  0.077932  0.000768  -0.000367  -0.000179  -0.010245  -0.183571  0.023275  2.000000  1.000000  0.000000  0.000000  0.000000  -0.000000  1.000000  0.000000  -1.000000  -0.000000  0.999988  0.000384  0.004912  -0.000383  1.000000  -0.000234  -0.004912  0.000232  0.999988  1.000000  0.000000  0.000000  0.000000  1.000000  0.000000  0.000000  0.000000  1.000000  1.000000  0.000000  0.000000  0.000000  -0.000000  1.000000  0.000000  -1.000000  -0.000000  0.000045  0.000000  
95.864394 0.011546  0.083271  0.005035  0.996727  0.077736  0.022184  -0.028119  0.076116  0.996702  0.075791  -0.994064  0.078053  0.001176  -0.000868  0.000020  -0.012308  -0.212520  0.025617  2.000000  1.000000  0.000033  0.000340  -0.000340  0.000012  1.000000  0.000033  -1.000000  0.000012  0.999983  0.000448  0.005730  -0.000447  1.000000  -0.000171  -0.005730  0.000168  0.999984  1.000000  0.000006  0.000072  -0.000006  1.000000  -0.000002  -0.000072  0.000002  1.000000  1.000000  0.000033  0.000340  -0.000340  0.000012  1.000000  0.000033  -1.000000  0.000012  0.000052  0.005750  
95.865397 0.011550  0.083268  0.005036  0.996704  0.077801  0.022995  -0.028940  0.076173  0.996675  0.075791  -0.994055  0.078173  0.001450  -0.001183  0.000176  -0.014289  -0.239999  0.027776  2.000000  1.000000  0.000057  0.000649  -0.000649  0.000025  1.000000  0.000057  -1.000000  0.000025  0.999980  0.000497  0.006344  -0.000495  1.000000  -0.000246  -0.006344  0.000243  0.999980  1.000000  0.000006  0.000079  -0.000006  1.000000  -0.000003  -0.000079  0.000003  1.000000  1.000000  0.000057  0.000649  -0.000649  0.000025  1.000000  0.000057  -1.000000  0.000025  0.000059  0.006368  
95.866647 0.011554  0.083263  0.005037  0.996700  0.077598  0.023837  -0.029762  0.076116  0.996655  0.075524  -0.994075  0.078175  0.001832  -0.001725  0.000389  -0.012230  -0.268194  0.020960  2.000000  0.999999  0.000086  0.001077  -0.001077  0.000045  0.999999  0.000086  -1.000000  0.000045  0.999974  0.000428  0.007173  -0.000426  1.000000  -0.000305  -0.007173  0.000302  0.999974  1.000000  0.000005  0.000090  -0.000005  1.000000  -0.000004  -0.000090  0.000004  1.000000  0.999999  0.000086  0.001077  -0.001077  0.000045  0.999999  0.000086  -1.000000  0.000045  0.000066  0.007192  
95.867647 0.011556  0.083259  0.005037  0.996685  0.077534  0.024649  -0.030583  0.076298  0.996616  0.075391  -0.994066  0.078417  0.002038  -0.002175  0.000491  -0.018816  -0.289542  0.013644  2.000000  0.999999  0.000101  0.001462  -0.001462  0.000063  0.999999  0.000101  -1.000000  0.000063  0.999968  0.000226  0.008013  -0.000223  1.000000  -0.000364  -0.008013  0.000363  0.999968  1.000000  0.000003  0.000100  -0.000003  1.000000  -0.000005  -0.000100  0.000005  1.000000  0.999999  0.000101  0.001462  -0.001462  0.000063  0.999999  0.000101  -1.000000  0.000063  0.000071  0.008024  
95.868906 0.011559  0.083251  0.005038  0.996663  0.077483  0.025676  -0.031609  0.076344  0.996580  0.075257  -0.994066  0.078538  0.002317  -0.002869  0.000674  -0.020292  -0.324139  0.011868  2.000000  0.999998  0.000113  0.001996  -0.001996  0.000094  0.999998  0.000112  -1.000000  0.000094  0.999961  0.000159  0.008842  -0.000154  1.000000  -0.000545  -0.008842  0.000544  0.999961  1.000000  0.000002  0.000111  -0.000002  1.000000  -0.000007  -0.000111  0.000007  1.000000  0.999998  0.000113  0.001996  -0.001996  0.000094  0.999998  0.000112  -1.000000  0.000094  0.000079  0.008860  
95.870152 0.011562  0.083243  0.005040  0.996640  0.077435  0.026694  -0.032635  0.076510  0.996535  0.075124  -0.994057  0.078780  0.002558  -0.003523  0.000913  -0.025861  -0.358936  0.010126  2.000000  0.999997  0.000118  0.002472  -0.002472  0.000126  0.999997  0.000118  -1.000000  0.000126  0.999951  0.000108  0.009876  -0.000101  1.000000  -0.000710  -0.009876  0.000709  0.999951  1.000000  0.000001  0.000123  -0.000001  1.000000  -0.000009  -0.000123  0.000009  1.000000  0.999997  0.000118  0.002472  -0.002472  0.000126  0.999997  0.000118  -1.000000  0.000126  0.000088  0.009902  
95.871402 0.011564  0.083233  0.005044  0.996616  0.077391  0.027702  -0.033661  0.076797  0.996478  0.074991  -0.994039  0.079143  0.002637  -0.004083  0.001186  -0.036026  -0.386791  0.007873  2.000000  0.999995  0.000118  0.003128  -0.003128  0.000178  0.999995  0.000117  -1.000000  0.000179  0.999940  -0.000075  0.010920  0.000085  1.000000  -0.000996  -0.010920  0.000997  0.999940  1.000000  -0.000001  0.000137  0.000001  1.000000  -0.000012  -0.000137  0.000012  1.000000  0.999995  0.000118  0.003128  -0.003128  0.000178  0.999995  0.000117  -1.000000  0.000179  0.000095  0.010966  
95.872647 0.011567  0.083222  0.005048  0.996588  0.077464  0.028494  -0.034482  0.077096  0.996427  0.074991  -0.994010  0.079504  0.002680  -0.004545  0.001387  -0.042099  -0.414356  0.010138  2.000000  0.999993  0.000115  0.003836  -0.003836  0.000248  0.999993  0.000114  -1.000000  0.000248  0.999933  -0.000023  0.011534  0.000037  0.999999  -0.001192  -0.011534  0.001192  0.999933  1.000000  -0.000000  0.000144  0.000000  1.000000  -0.000015  -0.000144  0.000015  1.000000  0.999993  0.000115  0.003836  -0.003836  0.000248  0.999993  0.000114  -1.000000  0.000248  0.000102  0.011595  
95.873650 0.011569  0.083214  0.005050  0.996569  0.077402  0.029306  -0.035303  0.077279  0.996384  0.074857  -0.994000  0.079746  0.002780  -0.004956  0.001497  -0.047882  -0.439344  0.007829  2.000000  0.999990  0.000111  0.004439  -0.004439  0.000314  0.999990  0.000110  -1.000000  0.000315  0.999924  -0.000089  0.012363  0.000106  0.999999  -0.001373  -0.012363  0.001374  0.999923  1.000000  -0.000001  0.000155  0.000001  1.000000  -0.000017  -0.000155  0.000017  1.000000  0.999990  0.000111  0.004439  -0.004439  0.000314  0.999990  0.000110  -1.000000  0.000315  0.000110  0.012440  
95.874899 0.011572  0.083203  0.005053  0.996542  0.077359  0.030315  -0.036329  0.077566  0.996325  0.074724  -0.993981  0.080109  0.002771  -0.005525  0.001586  -0.058333  -0.470378  0.001175  2.000000  0.999986  0.000103  0.005245  -0.005245  0.000414  0.999986  0.000101  -1.000000  0.000415  0.999913  -0.000153  0.013192  0.000175  0.999999  -0.001675  -0.013192  0.001677  0.999912  1.000000  -0.000002  0.000165  0.000002  1.000000  -0.000021  -0.000165  0.000021  1.000000  0.999986  0.000103  0.005245  -0.005245  0.000414  0.999986  0.000101  -1.000000  0.000415  0.000117  0.013299  
95.876147 0.011576  0.083191  0.005055  0.996507  0.077334  0.031528  -0.037561  0.077838  0.996258  0.074590  -0.993962  0.080471  0.002770  -0.006171  0.001598  -0.067479  -0.512063  0.000054  2.000000  0.999982  0.000094  0.005944  -0.005944  0.000509  0.999982  0.000091  -1.000000  0.000510  0.999896  -0.000184  0.014431  0.000212  0.999998  -0.001946  -0.014430  0.001949  0.999894  1.000000  -0.000002  0.000180  0.000002  1.000000  -0.000024  -0.000180  0.000024  1.000000  0.999982  0.000094  0.005944  -0.005944  0.000509  0.999982  0.000091  -1.000000  0.000510  0.000127  0.014563  
95.877393 0.011580  0.083179  0.005056  0.996477  0.077293  0.032536  -0.038587  0.078126  0.996196  0.074457  -0.993943  0.080834  0.002772  -0.006682  0.001571  -0.077149  -0.546857  -0.001599  2.000000  0.999978  0.000084  0.006683  -0.006683  0.000613  0.999977  0.000080  -1.000000  0.000613  0.999887  -0.000262  0.015055  0.000295  0.999998  -0.002143  -0.015055  0.002147  0.999884  1.000000  -0.000003  0.000188  0.000003  1.000000  -0.000027  -0.000188  0.000027  1.000000  0.999978  0.000084  0.006683  -0.006683  0.000613  0.999977  0.000080  -1.000000  0.000613  0.000136  0.015210  
95.878394 0.011583  0.083169  0.005057  0.996445  0.077365  0.033337  -0.039407  0.078304  0.996150  0.074457  -0.993923  0.081075  0.002745  -0.007104  0.001553  -0.083735  -0.567445  0.000111  2.000000  0.999974  0.000075  0.007253  -0.007253  0.000702  0.999973  0.000070  -1.000000  0.000703  0.999884  -0.000241  0.015260  0.000279  0.999997  -0.002491  -0.015259  0.002495  0.999880  1.000000  -0.000003  0.000191  0.000003  1.000000  -0.000031  -0.000191  0.000031  1.000000  0.999974  0.000075  0.007253  -0.007253  0.000702  0.999973  0.000070  -1.000000  0.000703  0.000142  0.015465  
95.879398 0.011587  0.083159  0.005058  0.996421  0.077426  0.033925  -0.040023  0.078619  0.996101  0.074457  -0.993893  0.081436  0.002725  -0.007554  0.001552  -0.094375  -0.588498  -0.002620  2.000000  0.999968  0.000068  0.008021  -0.008021  0.000828  0.999967  0.000062  -1.000000  0.000828  0.999884  -0.000103  0.015249  0.000143  0.999997  -0.002615  -0.015249  0.002616  0.999880  1.000000  -0.000002  0.000191  0.000002  1.000000  -0.000033  -0.000191  0.000033  1.000000  0.999968  0.000068  0.008021  -0.008021  0.000828  0.999967  0.000062  -1.000000  0.000828  0.000147  0.015473  
95.880408 0.011591  0.083148  0.005059  0.996387  0.077499  0.034726  -0.040843  0.078797  0.996054  0.074457  -0.993874  0.081678  0.002751  -0.008082  0.001507  -0.100405  -0.615752  -0.000348  2.000000  0.999963  0.000069  0.008600  -0.008600  0.000933  0.999963  0.000061  -1.000000  0.000934  0.999878  0.000067  0.015648  -0.000022  0.999996  -0.002829  -0.015648  0.002828  0.999874  1.000000  0.000001  0.000196  -0.000001  1.000000  -0.000035  -0.000196  0.000035  1.000000  0.999963  0.000069  0.008600  -0.008600  0.000933  0.999963  0.000061  -1.000000  0.000934  0.000154  0.015902  
95.881648 0.011596  0.083133  0.005059  0.996345  0.077593  0.035723  -0.041869  0.079080  0.995989  0.074457  -0.993844  0.082039  0.002836  -0.008731  0.001439  -0.110596  -0.643526  0.001969  2.000000  0.999956  0.000077  0.009395  -0.009395  0.001082  0.999955  0.000067  -0.999999  0.001083  0.999871  0.000239  0.016046  -0.000190  0.999995  -0.003043  -0.016047  0.003039  0.999867  1.000000  0.000003  0.000201  -0.000003  1.000000  -0.000038  -0.000201  0.000038  1.000000  0.999956  0.000077  0.009395  -0.009395  0.001082  0.999955  0.000067  -0.999999  0.001083  0.000160  0.016334  
95.882649 0.011599  0.083120  0.005057  0.996310  0.077671  0.036515  -0.042689  0.079378  0.995930  0.074457  -0.993814  0.082401  0.002839  -0.009270  0.001322  -0.120742  -0.671020  0.004297  2.000000  0.999948  0.000090  0.010207  -0.010208  0.001246  0.999947  0.000077  -0.999999  0.001247  0.999865  0.000278  0.016455  -0.000223  0.999994  -0.003376  -0.016456  0.003372  0.999859  1.000000  0.000003  0.000206  -0.000003  1.000000  -0.000042  -0.000206  0.000042  1.000000  0.999948  0.000090  0.010207  -0.010208  0.001246  0.999947  0.000077  -0.999999  0.001247  0.000169  0.016800  
95.883659 0.011602  0.083107  0.005056  0.996285  0.077613  0.037327  -0.043510  0.079561  0.995880  0.074323  -0.993804  0.082643  0.002892  -0.009787  0.001194  -0.127317  -0.691675  0.001556  2.000000  0.999941  0.000101  0.010832  -0.010832  0.001375  0.999940  0.000087  -0.999999  0.001376  0.999858  0.000316  0.016864  -0.000257  0.999994  -0.003467  -0.016865  0.003462  0.999852  1.000000  0.000004  0.000211  -0.000004  1.000000  -0.000043  -0.000211  0.000043  1.000000  0.999941  0.000101  0.010832  -0.010832  0.001375  0.999940  0.000087  -0.999999  0.001376  0.000176  0.017220  
95.884898 0.011606  0.083088  0.005054  0.996239  0.077709  0.038324  -0.044536  0.079844  0.995812  0.074323  -0.993774  0.083004  0.003018  -0.010469  0.000913  -0.137036  -0.726542  0.004457  2.000000  0.999932  0.000106  0.011687  -0.011687  0.001561  0.999930  0.000087  -0.999999  0.001562  0.999850  0.000091  0.017295  -0.000025  0.999993  -0.003798  -0.017295  0.003797  0.999843  1.000000  0.000001  0.000216  -0.000001  1.000000  -0.000047  -0.000216  0.000047  1.000000  0.999932  0.000106  0.011687  -0.011687  0.001561  0.999930  0.000087  -0.999999  0.001562  0.000183  0.017708  
95.885905 0.011609  0.083073  0.005052  0.996212  0.077772  0.038911  -0.045151  0.080158  0.995759  0.074323  -0.993743  0.083366  0.003097  -0.010913  0.000636  -0.144639  -0.733261  0.005188  2.000000  0.999924  0.000105  0.012336  -0.012336  0.001709  0.999922  0.000083  -0.999999  0.001710  0.999850  -0.000038  0.017306  0.000108  0.999992  -0.004038  -0.017306  0.004039  0.999842  1.000000  -0.000001  0.000216  0.000001  1.000000  -0.000050  -0.000216  0.000050  1.000000  0.999924  0.000105  0.012336  -0.012336  0.001709  0.999922  0.000083  -0.999999  0.001710  0.000185  0.017772  
95.887158 0.011615  0.083055  0.005049  0.996174  0.077858  0.039693  -0.045971  0.080577  0.995688  0.074323  -0.993703  0.083848  0.003286  -0.011441  0.000166  -0.156892  -0.732786  0.009891  2.000000  0.999913  0.000105  0.013211  -0.013211  0.001924  0.999911  0.000079  -0.999998  0.001925  0.999847  -0.000013  0.017511  0.000090  0.999990  -0.004387  -0.017511  0.004388  0.999837  1.000000  -0.000001  0.000219  0.000001  1.000000  -0.000055  -0.000219  0.000055  1.000000  0.999913  0.000105  0.013211  -0.013211  0.001924  0.999911  0.000079  -0.999998  0.001925  0.000186  0.018053  
95.888401 0.011622  0.083037  0.005046  0.996145  0.077927  0.040270  -0.046587  0.081012  0.995624  0.074323  -0.993662  0.084330  0.003559  -0.012025  -0.000321  -0.173784  -0.725642  0.013992  2.000000  0.999901  0.000105  0.014084  -0.014084  0.002156  0.999898  0.000075  -0.999998  0.002157  0.999850  -0.000022  0.017306  0.000104  0.999989  -0.004766  -0.017306  0.004767  0.999839  1.000000  -0.000001  0.000216  0.000001  1.000000  -0.000060  -0.000216  0.000060  1.000000  0.999901  0.000105  0.014084  -0.014084  0.002156  0.999898  0.000075  -0.999998  0.002157  0.000185  0.017952  
95.889402 0.011628  0.083023  0.005042  0.996116  0.077992  0.040857  -0.047202  0.081326  0.995569  0.074323  -0.993631  0.084692  0.003791  -0.012359  -0.000695  -0.182225  -0.726233  0.018674  2.000000  0.999891  0.000111  0.014740  -0.014740  0.002344  0.999889  0.000077  -0.999997  0.002346  0.999847  0.000135  0.017500  -0.000046  0.999987  -0.005117  -0.017500  0.005115  0.999834  1.000000  0.000001  0.000219  -0.000001  1.000000  -0.000064  -0.000219  0.000064  1.000000  0.999891  0.000111  0.014740  -0.014740  0.002344  0.999889  0.000077  -0.999997  0.002346  0.000187  0.018234  
95.890413 0.011634  0.083009  0.005039  0.996097  0.078045  0.041229  -0.047612  0.081777  0.995513  0.074323  -0.993590  0.085174  0.004050  -0.012638  -0.001060  -0.196230  -0.726443  0.019238  2.000000  0.999881  0.000123  0.015396  -0.015396  0.002545  0.999878  0.000084  -0.999997  0.002547  0.999847  0.000277  0.017488  -0.000181  0.999985  -0.005483  -0.017490  0.005479  0.999832  1.000000  0.000003  0.000219  -0.000003  1.000000  -0.000069  -0.000219  0.000069  1.000000  0.999881  0.000123  0.015396  -0.015396  0.002545  0.999878  0.000084  -0.999997  0.002547  0.000190  0.018330  
95.891649 0.011643  0.082993  0.005034  0.996077  0.077983  0.041817  -0.048228  0.082218  0.995447  0.074190  -0.993559  0.085657  0.004366  -0.012890  -0.001397  -0.210085  -0.732643  0.015133  2.000000  0.999868  0.000143  0.016260  -0.016260  0.002831  0.999864  0.000097  -0.999996  0.002833  0.999851  0.000402  0.017272  -0.000300  0.999983  -0.005867  -0.017275  0.005861  0.999834  1.000000  0.000004  0.000216  -0.000004  1.000000  -0.000073  -0.000216  0.000073  1.000000  0.999868  0.000143  0.016260  -0.016260  0.002831  0.999864  0.000097  -0.999996  0.002833  0.000190  0.018246  
95.892651 0.011651  0.082980  0.005032  0.996057  0.078032  0.042199  -0.048638  0.082549  0.995399  0.074190  -0.993527  0.086018  0.004688  -0.013192  -0.001693  -0.218667  -0.725992  0.010259  2.000000  0.999857  0.000160  0.016900  -0.016900  0.003057  0.999853  0.000108  -0.999995  0.003059  0.999854  0.000390  0.017068  -0.000286  0.999981  -0.006125  -0.017070  0.006119  0.999836  1.000000  0.000004  0.000213  -0.000004  1.000000  -0.000077  -0.000213  0.000077  1.000000  0.999857  0.000160  0.016900  -0.016900  0.003057  0.999853  0.000108  -0.999995  0.003059  0.000190  0.018138  
95.893929 0.011661  0.082963  0.005030  0.996027  0.078109  0.042766  -0.049253  0.083104  0.995323  0.074190  -0.993475  0.086621  0.005039  -0.013436  -0.001904  -0.239279  -0.718766  0.005424  2.000000  0.999843  0.000187  0.017729  -0.017730  0.003373  0.999837  0.000127  -0.999994  0.003376  0.999865  0.000481  0.016443  -0.000374  0.999979  -0.006536  -0.016445  0.006529  0.999843  1.000000  0.000005  0.000206  -0.000005  1.000000  -0.000082  -0.000206  0.000082  1.000000  0.999843  0.000187  0.017729  -0.017730  0.003373  0.999837  0.000127  -0.999994  0.003376  0.000188  0.017700  
95.895148 0.011671  0.082946  0.005029  0.995997  0.078297  0.043126  -0.049662  0.083548  0.995265  0.074323  -0.993423  0.087102  0.005368  -0.013699  -0.002004  -0.249223  -0.698600  0.008457  2.000000  0.999828  0.000219  0.018546  -0.018547  0.003706  0.999821  0.000150  -0.999993  0.003709  0.999868  0.000738  0.016215  -0.000630  0.999978  -0.006675  -0.016219  0.006664  0.999846  1.000000  0.000009  0.000203  -0.000009  1.000000  -0.000083  -0.000203  0.000083  1.000000  0.999828  0.000219  0.018546  -0.018547  0.003706  0.999821  0.000150  -0.999993  0.003709  0.000187  0.017549  
95.896408 0.011681  0.082928  0.005028  0.995966  0.078491  0.043477  -0.050072  0.084113  0.995197  0.074457  -0.993360  0.087704  0.005795  -0.013920  -0.002080  -0.270606  -0.683511  0.020959  2.000000  0.999813  0.000259  0.019339  -0.019340  0.004054  0.999805  0.000180  -0.999992  0.004058  0.999878  0.000695  0.015601  -0.000584  0.999975  -0.007085  -0.015605  0.007075  0.999853  1.000000  0.000008  0.000195  -0.000008  1.000000  -0.000088  -0.000195  0.000088  1.000000  0.999813  0.000259  0.019339  -0.019340  0.004054  0.999805  0.000180  -0.999992  0.004058  0.000184  0.017147  
95.897645 0.011691  0.082910  0.005026  0.995956  0.078535  0.043634  -0.050277  0.084700  0.995137  0.074457  -0.993307  0.088306  0.006168  -0.014055  -0.002036  -0.282195  -0.657294  0.023810  2.000000  0.999798  0.000308  0.020118  -0.020119  0.004421  0.999788  0.000219  -0.999990  0.004426  0.999881  0.000953  0.015372  -0.000838  0.999972  -0.007466  -0.015379  0.007452  0.999854  1.000000  0.000011  0.000192  -0.000011  1.000000  -0.000093  -0.000192  0.000093  1.000000  0.999798  0.000308  0.020118  -0.020119  0.004421  0.999788  0.000219  -0.999990  0.004426  0.000180  0.017114  
95.898673 0.011699  0.082895  0.005025  0.995925  0.078724  0.043994  -0.050687  0.085144  0.995079  0.074590  -0.993254  0.088787  0.006577  -0.014123  -0.002076  -0.298140  -0.640962  0.031415  2.000000  0.999786  0.000350  0.020684  -0.020685  0.004708  0.999775  0.000253  -0.999989  0.004714  0.999888  0.001058  0.014951  -0.000942  0.999970  -0.007739  -0.014959  0.007724  0.999858  1.000000  0.000013  0.000187  -0.000012  1.000000  -0.000097  -0.000187  0.000097  1.000000  0.999786  0.000350  0.020684  -0.020685  0.004708  0.999775  0.000253  -0.999989  0.004714  0.000176  0.016866  
95.899908 0.011709  0.082874  0.005023  0.995915  0.078768  0.044151  -0.050892  0.085731  0.995018  0.074590  -0.993200  0.089390  0.007028  -0.014278  -0.002080  -0.312607  -0.613341  0.033854  2.000000  0.999770  0.000415  0.021420  -0.021422  0.005108  0.999757  0.000305  -0.999987  0.005115  0.999894  0.001164  0.014530  -0.001045  0.999966  -0.008135  -0.014539  0.008119  0.999861  1.000000  0.000014  0.000182  -0.000014  1.000000  -0.000102  -0.000182  0.000102  1.000000  0.999770  0.000415  0.021420  -0.021422  0.005108  0.999757  0.000305  -0.999987  0.005115  0.000173  0.016689  
95.901154 0.011720  0.082853  0.005020  0.995894  0.078836  0.044503  -0.051302  0.086423  0.994937  0.074590  -0.993134  0.090112  0.007328  -0.014469  -0.002098  -0.326474  -0.592403  0.036918  2.000000  0.999755  0.000483  0.022113  -0.022115  0.005527  0.999740  0.000361  -0.999985  0.005537  0.999905  0.001234  0.013699  -0.001117  0.999963  -0.008561  -0.013709  0.008545  0.999870  1.000000  0.000015  0.000171  -0.000015  1.000000  -0.000107  -0.000171  0.000107  1.000000  0.999755  0.000483  0.022113  -0.022115  0.005527  0.999740  0.000361  -0.999985  0.005537  0.000170  0.016198  
95.902155 0.011729  0.082837  0.005018  0.995883  0.078875  0.044670  -0.051507  0.086889  0.994886  0.074590  -0.993091  0.090594  0.007618  -0.014539  -0.002102  -0.335600  -0.578531  0.035950  2.000000  0.999744  0.000535  0.022608  -0.022611  0.005853  0.999727  0.000402  -0.999983  0.005863  0.999914  0.001319  0.013073  -0.001203  0.999960  -0.008851  -0.013084  0.008834  0.999875  1.000000  0.000016  0.000163  -0.000016  1.000000  -0.000111  -0.000163  0.000111  1.000000  0.999744  0.000535  0.022608  -0.022611  0.005853  0.999727  0.000402  -0.999983  0.005863  0.000167  0.015838  
95.903398 0.011741  0.082817  0.005013  0.995862  0.078944  0.045022  -0.051917  0.087581  0.994804  0.074590  -0.993024  0.091317  0.007938  -0.014636  -0.002141  -0.349546  -0.557713  0.038985  2.000000  0.999730  0.000606  0.023239  -0.023242  0.006303  0.999710  0.000460  -0.999980  0.006315  0.999922  0.001273  0.012459  -0.001157  0.999956  -0.009260  -0.012470  0.009245  0.999880  1.000000  0.000015  0.000156  -0.000015  1.000000  -0.000116  -0.000156  0.000116  1.000000  0.999730  0.000606  0.023239  -0.023242  0.006303  0.999710  0.000460  -0.999980  0.006315  0.000166  0.015571  
95.904410 0.011751  0.082802  0.005010  0.995841  0.079116  0.045176  -0.052121  0.088040  0.994752  0.074724  -0.992970  0.091798  0.008265  -0.014721  -0.002106  -0.359046  -0.535989  0.046340  2.000000  0.999719  0.000663  0.023698  -0.023702  0.006655  0.999697  0.000505  -0.999978  0.006669  0.999924  0.001393  0.012241  -0.001277  0.999954  -0.009518  -0.012254  0.009501  0.999880  1.000000  0.000017  0.000153  -0.000017  1.000000  -0.000119  -0.000153  0.000119  1.000000  0.999719  0.000663  0.023698  -0.023702  0.006655  0.999697  0.000505  -0.999978  0.006669  0.000163  0.015564  
95.905647 0.011764  0.082785  0.005006  0.995820  0.079295  0.045321  -0.052326  0.088620  0.994690  0.074857  -0.992904  0.092399  0.008580  -0.014790  -0.002058  -0.366420  -0.503791  0.052757  2.000000  0.999705  0.000741  0.024284  -0.024289  0.007138  0.999679  0.000567  -0.999974  0.007154  0.999934  0.001459  0.011411  -0.001347  0.999951  -0.009821  -0.011424  0.009805  0.999887  1.000000  0.000018  0.000143  -0.000018  1.000000  -0.000123  -0.000143  0.000123  1.000000  0.999705  0.000741  0.024284  -0.024289  0.007138  0.999679  0.000567  -0.999974  0.007154  0.000157  0.015121  
95.906659 0.011774  0.082770  0.005004  0.995800  0.079468  0.045475  -0.052530  0.089080  0.994638  0.074991  -0.992849  0.092880  0.008816  -0.014941  -0.002019  -0.375403  -0.479837  0.055463  2.000000  0.999695  0.000803  0.024694  -0.024699  0.007511  0.999667  0.000617  -0.999971  0.007528  0.999941  0.001541  0.010784  -0.001432  0.999948  -0.010109  -0.010799  0.010093  0.999891  1.000000  0.000019  0.000135  -0.000019  1.000000  -0.000126  -0.000135  0.000126  1.000000  0.999695  0.000803  0.024694  -0.024699  0.007511  0.999667  0.000617  -0.999971  0.007528  0.000154  0.014856  
95.907906 0.011788  0.082751  0.005001  0.995768  0.079670  0.045814  -0.052940  0.089764  0.994555  0.075124  -0.992771  0.093602  0.009008  -0.015066  -0.002038  -0.389691  -0.461668  0.062952  2.000000  0.999682  0.000890  0.025217  -0.025224  0.008023  0.999650  0.000688  -0.999967  0.008042  0.999945  0.001642  0.010362  -0.001535  0.999945  -0.010382  -0.010378  0.010365  0.999892  1.000000  0.000020  0.000130  -0.000020  1.000000  -0.000130  -0.000130  0.000130  1.000000  0.999682  0.000890  0.025217  -0.025224  0.008023  0.999650  0.000688  -0.999967  0.008042  0.000152  0.014754  
95.909148 0.011801  0.082731  0.004999  0.995747  0.079849  0.045957  -0.053144  0.090343  0.994492  0.075257  -0.992704  0.094203  0.009214  -0.015274  -0.002065  -0.399272  -0.440771  0.065809  2.000000  0.999669  0.000983  0.025707  -0.025714  0.008555  0.999633  0.000763  -0.999963  0.008577  0.999953  0.001706  0.009531  -0.001603  0.999940  -0.010808  -0.009548  0.010792  0.999896  1.000000  0.000021  0.000119  -0.000021  1.000000  -0.000135  -0.000119  0.000135  1.000000  0.999669  0.000983  0.025707  -0.025714  0.008555  0.999633  0.000763  -0.999963  0.008577  0.000150  0.014505  
95.910162 0.011811  0.082714  0.004997  0.995736  0.079890  0.046123  -0.053349  0.090809  0.994438  0.075257  -0.992659  0.094684  0.009353  -0.015472  -0.002129  -0.408682  -0.416852  0.064095  2.000000  0.999660  0.001059  0.026046  -0.026054  0.008962  0.999620  0.000825  -0.999959  0.008987  0.999959  0.001786  0.008904  -0.001688  0.999938  -0.010974  -0.008923  0.010959  0.999900  1.000000  0.000022  0.000111  -0.000022  1.000000  -0.000137  -0.000111  0.000137  1.000000  0.999660  0.001059  0.026046  -0.026054  0.008962  0.999620  0.000825  -0.999959  0.008987  0.000148  0.014239  
95.911415 0.011822  0.082692  0.004996  0.995714  0.079961  0.046475  -0.053759  0.091500  0.994353  0.075257  -0.992589  0.095407  0.009456  -0.015719  -0.002132  -0.422282  -0.396027  0.062453  2.000000  0.999649  0.001159  0.026473  -0.026483  0.009523  0.999604  0.000907  -0.999954  0.009551  0.999964  0.001734  0.008290  -0.001640  0.999934  -0.011384  -0.008309  0.011370  0.999901  1.000000  0.000021  0.000104  -0.000021  1.000000  -0.000142  -0.000104  0.000142  1.000000  0.999649  0.001159  0.026473  -0.026483  0.009523  0.999604  0.000907  -0.999954  0.009551  0.000146  0.014183  
95.912652 0.011834  0.082670  0.004996  0.995693  0.080147  0.046608  -0.053964  0.092200  0.994277  0.075391  -0.992510  0.096128  0.009586  -0.015964  -0.002061  -0.437046  -0.364617  0.064680  2.000000  0.999638  0.001263  0.026876  -0.026888  0.010096  0.999587  0.000991  -0.999948  0.010127  0.999967  0.001834  0.007867  -0.001742  0.999931  -0.011657  -0.007887  0.011642  0.999901  1.000000  0.000022  0.000098  -0.000022  1.000000  -0.000146  -0.000098  0.000146  1.000000  0.999638  0.001263  0.026876  -0.026888  0.010096  0.999587  0.000991  -0.999948  0.010127  0.000144  0.014176  
95.913678 0.011843  0.082652  0.004996  0.995672  0.080327  0.046752  -0.054168  0.092780  0.994212  0.075524  -0.992441  0.096729  0.009648  -0.016118  -0.001929  -0.450615  -0.342716  0.071939  2.000000  0.999630  0.001341  0.027163  -0.027176  0.010538  0.999575  0.001055  -0.999944  0.010570  0.999969  0.001819  0.007661  -0.001728  0.999928  -0.011914  -0.007682  0.011901  0.999900  1.000000  0.000022  0.000096  -0.000022  1.000000  -0.000149  -0.000096  0.000149  1.000000  0.999630  0.001341  0.027163  -0.027176  0.010538  0.999575  0.001055  -0.999944  0.010570  0.000144  0.014276  
95.914894 0.011854  0.082630  0.004996  0.995649  0.080399  0.047102  -0.054578  0.093470  0.994125  0.075524  -0.992371  0.097451  0.009659  -0.016316  -0.001771  -0.460082  -0.330372  0.070330  2.000000  0.999620  0.001452  0.027527  -0.027542  0.011138  0.999559  0.001144  -0.999937  0.011173  0.999973  0.001898  0.007034  -0.001812  0.999924  -0.012202  -0.007056  0.012189  0.999901  1.000000  0.000023  0.000088  -0.000023  1.000000  -0.000152  -0.000088  0.000152  1.000000  0.999620  0.001452  0.027527  -0.027542  0.011138  0.999559  0.001144  -0.999937  0.011173  0.000142  0.014207  
95.915900 0.011863  0.082612  0.004998  0.995628  0.080580  0.047245  -0.054782  0.094049  0.994059  0.075658  -0.992301  0.098052  0.009710  -0.016410  -0.001534  -0.469182  -0.316302  0.073688  2.000000  0.999610  0.001565  0.027868  -0.027884  0.011739  0.999542  0.001237  -0.999930  0.011778  0.999976  0.001994  0.006611  -0.001914  0.999925  -0.012111  -0.006635  0.012099  0.999905  1.000000  0.000024  0.000083  -0.000024  1.000000  -0.000151  -0.000083  0.000151  1.000000  0.999610  0.001565  0.027868  -0.027884  0.011739  0.999542  0.001237  -0.999930  0.011778  0.000142  0.013937  
95.916903 0.011873  0.082594  0.004999  0.995606  0.080755  0.047398  -0.054987  0.094507  0.994004  0.075791  -0.992243  0.098533  0.009711  -0.016467  -0.001245  -0.474626  -0.297869  0.077042  2.000000  0.999603  0.001659  0.028109  -0.028128  0.012199  0.999530  0.001316  -0.999924  0.012241  0.999977  0.002245  0.006379  -0.002165  0.999921  -0.012370  -0.006407  0.012356  0.999903  1.000000  0.000028  0.000080  -0.000028  1.000000  -0.000155  -0.000080  0.000155  1.000000  0.999603  0.001659  0.028109  -0.028128  0.012199  0.999530  0.001316  -0.999924  0.012241  0.000141  0.014092  
95.917909 0.011882  0.082578  0.005002  0.995585  0.080941  0.047530  -0.055191  0.095207  0.993926  0.075925  -0.992161  0.099254  0.009694  -0.016529  -0.000864  -0.487124  -0.290399  0.081009  2.000000  0.999597  0.001759  0.028345  -0.028365  0.012664  0.999517  0.001399  -0.999918  0.012709  0.999977  0.002382  0.006365  -0.002301  0.999918  -0.012613  -0.006394  0.012598  0.999900  1.000000  0.000029  0.000080  -0.000029  1.000000  -0.000158  -0.000080  0.000158  1.000000  0.999597  0.001759  0.028345  -0.028365  0.012664  0.999517  0.001399  -0.999918  0.012709  0.000143  0.014321  
95.918921 0.011892  0.082561  0.005003  0.995563  0.081122  0.047672  -0.055396  0.095786  0.993859  0.076058  -0.992091  0.099854  0.009706  -0.016637  -0.000505  -0.496139  -0.276118  0.084324  2.000000  0.999590  0.001859  0.028576  -0.028598  0.013138  0.999505  0.001483  -0.999912  0.013186  0.999978  0.002365  0.006159  -0.002286  0.999916  -0.012749  -0.006189  0.012735  0.999900  1.000000  0.000029  0.000077  -0.000029  1.000000  -0.000159  -0.000077  0.000159  1.000000  0.999590  0.001859  0.028576  -0.028598  0.013138  0.999505  0.001483  -0.999912  0.013186  0.000142  0.014349  
95.920153 0.011904  0.082539  0.005005  0.995541  0.081197  0.048022  -0.055806  0.096475  0.993770  0.076058  -0.992018  0.100576  0.009659  -0.016873  -0.000128  -0.501235  -0.269465  0.083950  2.000000  0.999581  0.001997  0.028873  -0.028898  0.013784  0.999487  0.001598  -0.999903  0.013836  0.999980  0.002350  0.005953  -0.002271  0.999911  -0.013127  -0.005983  0.013113  0.999896  1.000000  0.000029  0.000075  -0.000029  1.000000  -0.000164  -0.000075  0.000164  1.000000  0.999581  0.001997  0.028873  -0.028898  0.013784  0.999487  0.001598  -0.999903  0.013836  0.000144  0.014598  
95.921398 0.011917  0.082517  0.005007  0.995507  0.081410  0.048349  -0.056215  0.097278  0.993668  0.076191  -0.991922  0.101418  0.009648  -0.017112  0.000191  -0.513791  -0.259537  0.091661  2.000000  0.999572  0.002133  0.029172  -0.029200  0.014442  0.999469  0.001711  -0.999893  0.014499  0.999978  0.002509  0.006141  -0.002426  0.999908  -0.013355  -0.006174  0.013339  0.999892  1.000000  0.000031  0.000077  -0.000031  1.000000  -0.000167  -0.000077  0.000167  1.000000  0.999572  0.002133  0.029172  -0.029200  0.014442  0.999469  0.001711  -0.999893  0.014499  0.000146  0.014905  
95.922414 0.011926  0.082499  0.005009  0.995496  0.081460  0.048504  -0.056420  0.097864  0.993599  0.076191  -0.991860  0.102019  0.009578  -0.017307  0.000541  -0.522260  -0.254577  0.091845  2.000000  0.999565  0.002235  0.029397  -0.029427  0.014944  0.999455  0.001795  -0.999886  0.015003  0.999980  0.002358  0.005949  -0.002278  0.999906  -0.013490  -0.005980  0.013476  0.999891  1.000000  0.000029  0.000075  -0.000029  1.000000  -0.000169  -0.000075  0.000169  1.000000  0.999565  0.002235  0.029397  -0.029427  0.014944  0.999455  0.001795  -0.999886  0.015003  0.000147  0.014925  
95.923657 0.011939  0.082476  0.005012  0.995462  0.081674  0.048830  -0.056829  0.098667  0.993497  0.076325  -0.991763  0.102860  0.009554  -0.017523  0.000835  -0.531555  -0.247514  0.095965  2.000000  0.999556  0.002369  0.029699  -0.029732  0.015623  0.999436  0.001903  -0.999875  0.015686  0.999978  0.002251  0.006165  -0.002167  0.999904  -0.013717  -0.006195  0.013703  0.999887  1.000000  0.000028  0.000077  -0.000028  1.000000  -0.000171  -0.000077  0.000171  1.000000  0.999556  0.002369  0.029699  -0.029732  0.015623  0.999436  0.001903  -0.999875  0.015686  0.000149  0.015201  
95.924899 0.011951  0.082451  0.005015  0.995439  0.081756  0.049170  -0.057239  0.099476  0.993392  0.076325  -0.991676  0.103702  0.009518  -0.017809  0.001131  -0.542936  -0.245657  0.090812  2.000000  0.999547  0.002506  0.030000  -0.030037  0.016312  0.999416  0.002015  -0.999864  0.016380  0.999978  0.002390  0.006149  -0.002304  0.999900  -0.013959  -0.006182  0.013945  0.999884  1.000000  0.000029  0.000077  -0.000029  1.000000  -0.000174  -0.000077  0.000174  1.000000  0.999547  0.002506  0.030000  -0.030037  0.016312  0.999416  0.002015  -0.999864  0.016380  0.000151  0.015434  
95.926162 0.011963  0.082426  0.005017  0.995405  0.081972  0.049496  -0.057648  0.100278  0.993288  0.076458  -0.991577  0.104543  0.009548  -0.018082  0.001445  -0.551418  -0.247591  0.091749  2.000000  0.999537  0.002648  0.030306  -0.030347  0.017007  0.999395  0.002131  -0.999852  0.017080  0.999978  0.002528  0.006133  -0.002441  0.999898  -0.014081  -0.006168  0.014065  0.999882  1.000000  0.000031  0.000077  -0.000031  1.000000  -0.000176  -0.000077  0.000176  1.000000  0.999537  0.002648  0.030306  -0.030347  0.017007  0.999395  0.002131  -0.999852  0.017080  0.000153  0.015559  
95.927397 0.011975  0.082399  0.005021  0.995371  0.082182  0.049831  -0.058058  0.100960  0.993195  0.076592  -0.991490  0.105264  0.009539  -0.018364  0.001663  -0.554625  -0.251963  0.096279  2.000000  0.999527  0.002794  0.030617  -0.030662  0.017709  0.999373  0.002250  -0.999839  0.017787  0.999977  0.002554  0.006335  -0.002464  0.999896  -0.014187  -0.006371  0.014171  0.999879  1.000000  0.000031  0.000079  -0.000031  1.000000  -0.000177  -0.000079  0.000177  1.000000  0.999527  0.002794  0.030617  -0.030662  0.017709  0.999373  0.002250  -0.999839  0.017787  0.000154  0.015739  
95.928428 0.011984  0.082377  0.005024  0.995347  0.082254  0.050190  -0.058467  0.101528  0.993113  0.076592  -0.991426  0.105865  0.009563  -0.018660  0.001878  -0.558040  -0.259113  0.092629  2.000000  0.999520  0.002909  0.030850  -0.030898  0.018238  0.999356  0.002345  -0.999829  0.018319  0.999976  0.002691  0.006320  -0.002601  0.999896  -0.014187  -0.006357  0.014170  0.999879  1.000000  0.000033  0.000079  -0.000033  1.000000  -0.000177  -0.000079  0.000177  1.000000  0.999520  0.002909  0.030850  -0.030898  0.018238  0.999356  0.002345  -0.999829  0.018319  0.000156  0.015755  
