1-Time 2-Px 3-Py 4-Pz 5-R11 6-R21 7-R31 8-R12 9-R22 10-R32 11-R13 12-R23 13-R33 14-Vx 15-Vy 16-Vz 17-Wx 18-Wy 19-Wz 20-state 21-PR11 22-PR21 23-PR31 24-PR12 25-PR22 26-PR32 27-PR13 28-PR23 29-PR33 
81.816440 0.010013  0.092748  0.001539  0.997063  0.075496  -0.012894  0.007800  0.067378  0.997697  0.076191  -0.994867  0.066591  0.000041  0.000043  0.000125  0.000000  0.000000  0.000000  2.000000  1.000000  0.000000  0.000000  0.000000  -0.000000  1.000000  0.000000  -1.000000  -0.000000  1.000000  0.000294  0.000392  -0.000294  1.000000  0.000031  -0.000392  -0.000031  1.000000  1.000000  0.000000  0.000000  0.000000  1.000000  0.000000  0.000000  0.000000  1.000000  0.690010  0.544320  0.477076  -0.449448  -0.194434  0.871890  0.567347  -0.816034  0.110482  0.000000  0.000000  
81.817441 0.010013  0.092747  0.001539  0.997063  0.075496  -0.012894  0.007800  0.067378  0.997697  0.076191  -0.994867  0.066591  0.000049  0.000017  0.000137  0.000000  0.000000  0.000000  2.000000  1.000000  0.000000  0.000000  0.000000  -0.000000  1.000000  0.000000  -1.000000  -0.000000  1.000000  0.000281  0.000187  -0.000281  1.000000  0.000016  -0.000187  -0.000016  1.000000  1.000000  0.000000  0.000000  0.000000  1.000000  0.000000  0.000000  0.000000  1.000000  1.000000  0.000000  0.000000  0.000000  -0.000000  1.000000  0.000000  -1.000000  -0.000000  0.000000  0.000000  
81.818696 0.010015  0.092747  0.001539  0.997066  0.075524  -0.012483  0.007390  0.067346  0.997702  0.076191  -0.994867  0.066591  0.000174  -0.000037  0.000164  0.000000  0.000000  0.000000  2.000000  1.000000  0.000000  0.000000  0.000000  -0.000000  1.000000  0.000000  -1.000000  -0.000000  1.000000  0.000308  0.000597  -0.000308  1.000000  0.000047  -0.000597  -0.000047  1.000000  1.000000  0.000000  0.000000  0.000000  1.000000  0.000000  0.000000  0.000000  1.000000  1.000000  0.000000  0.000000  0.000000  -0.000000  1.000000  0.000000  -1.000000  -0.000000  0.000000  0.000000  
81.819941 0.010018  0.092745  0.001541  0.997072  0.075578  -0.011671  0.006569  0.067405  0.997704  0.076191  -0.994859  0.066711  0.000356  -0.000140  0.000250  0.000000  0.000000  0.000000  2.000000  1.000000  0.000000  0.000000  0.000000  -0.000000  1.000000  0.000000  -1.000000  -0.000000  0.999999  0.000216  0.001220  -0.000216  1.000000  -0.000027  -0.001220  0.000027  0.999999  1.000000  0.000000  0.000000  0.000000  1.000000  0.000000  0.000000  0.000000  1.000000  1.000000  0.000000  0.000000  0.000000  -0.000000  1.000000  0.000000  -1.000000  -0.000000  0.000000  0.000000  
81.821196 0.010021  0.092744  0.001542  0.997075  0.075620  -0.011054  0.005953  0.067359  0.997711  0.076191  -0.994859  0.066711  0.000507  -0.000272  0.000314  0.000000  0.000000  0.000000  2.000000  1.000000  0.000000  0.000000  0.000000  -0.000000  1.000000  0.000000  -1.000000  -0.000000  0.999998  0.000271  0.002039  -0.000271  1.000000  0.000035  -0.002039  -0.000036  0.999998  1.000000  0.000000  0.000000  0.000000  1.000000  0.000000  0.000000  0.000000  1.000000  1.000000  0.000000  0.000000  0.000000  -0.000000  1.000000  0.000000  -1.000000  -0.000000  0.000000  0.000000  
81.822441 0.010023  0.092742  0.001543  0.997089  0.075527  -0.010438  0.005337  0.067432  0.997710  0.076058  -0.994861  0.066833  0.000703  -0.000380  0.000366  0.000000  0.000000  0.000000  2.000000  1.000000  0.000000  0.000000  0.000000  -0.000000  1.000000  0.000000  -1.000000  -0.000000  0.999997  0.000165  0.002458  -0.000165  1.000000  -0.000055  -0.002458  0.000054  0.999997  1.000000  0.000000  0.000000  0.000000  1.000000  0.000000  0.000000  0.000000  1.000000  1.000000  0.000000  0.000000  0.000000  -0.000000  1.000000  0.000000  -1.000000  -0.000000  0.000000  0.000000  
81.823442 0.010026  0.092741  0.001544  0.997080  0.075674  -0.010242  0.005132  0.067417  0.997712  0.076191  -0.994851  0.066832  0.000923  -0.000432  0.000429  0.000000  0.000000  0.000000  2.000000  1.000000  0.000000  0.000000  0.000000  -0.000000  1.000000  0.000000  -1.000000  -0.000000  0.999996  0.000326  0.002858  -0.000326  1.000000  -0.000024  -0.002858  0.000023  0.999996  1.000000  0.000000  0.000000  0.000000  1.000000  0.000000  0.000000  0.000000  1.000000  1.000000  0.000000  0.000000  0.000000  -0.000000  1.000000  0.000000  -1.000000  -0.000000  0.000000  0.000000  
81.824447 0.010029  0.092741  0.001545  0.997072  0.075834  -0.009849  0.004721  0.067508  0.997708  0.076325  -0.994833  0.066952  0.001118  -0.000453  0.000513  0.000000  0.000000  0.000000  2.000000  1.000000  0.000000  0.000000  0.000000  -0.000000  1.000000  0.000000  -1.000000  -0.000000  0.999995  0.000487  0.003259  -0.000487  1.000000  -0.000114  -0.003259  0.000112  0.999995  1.000000  0.000000  0.000000  0.000000  1.000000  0.000000  0.000000  0.000000  1.000000  1.000000  0.000000  0.000000  0.000000  -0.000000  1.000000  0.000000  -1.000000  -0.000000  0.000000  0.000000  
81.825693 0.010034  0.092739  0.001547  0.997055  0.076154  -0.009055  0.003900  0.067567  0.997707  0.076592  -0.994804  0.067071  0.001448  -0.000555  0.000636  0.000000  0.000000  0.000000  2.000000  1.000000  0.000000  0.000000  0.000000  -0.000000  1.000000  0.000000  -1.000000  -0.000000  0.999992  0.000662  0.003864  -0.000662  1.000000  -0.000188  -0.003865  0.000186  0.999993  1.000000  0.000000  0.000000  0.000000  1.000000  0.000000  0.000000  0.000000  1.000000  1.000000  0.000000  0.000000  0.000000  -0.000000  1.000000  0.000000  -1.000000  -0.000000  0.000000  0.000000  
81.826941 0.010038  0.092738  0.001549  0.997048  0.076342  -0.008252  0.003079  0.067626  0.997706  0.076725  -0.994786  0.067191  0.001639  -0.000684  0.000735  0.000000  0.000000  0.000000  2.000000  1.000000  0.000000  0.000000  0.000000  -0.000000  1.000000  0.000000  -1.000000  -0.000000  0.999989  0.000985  0.004666  -0.000984  0.999999  -0.000247  -0.004666  0.000242  0.999989  1.000000  0.000000  0.000000  0.000000  1.000000  0.000000  0.000000  0.000000  1.000000  1.000000  0.000000  0.000000  0.000000  -0.000000  1.000000  0.000000  -1.000000  -0.000000  0.000000  0.000000  
81.827944 0.010041  0.092737  0.001550  0.997039  0.076516  -0.007654  0.002463  0.067700  0.997703  0.076858  -0.994767  0.067311  0.001843  -0.000731  0.000831  -0.010187  -0.183709  0.043908  2.000000  1.000000  0.000027  0.000129  -0.000129  0.000008  1.000000  0.000027  -1.000000  0.000008  0.999985  0.001160  0.005271  -0.001159  0.999999  -0.000322  -0.005271  0.000315  0.999986  1.000000  0.000014  0.000066  -0.000014  1.000000  -0.000004  -0.000066  0.000004  1.000000  1.000000  0.000027  0.000129  -0.000129  0.000008  1.000000  0.000027  -1.000000  0.000008  0.000046  0.005406  
81.829195 0.010044  0.092735  0.001551  0.997041  0.076571  -0.006841  0.001642  0.067758  0.997700  0.076858  -0.994759  0.067432  0.002039  -0.000839  0.000884  -0.012135  -0.211538  0.041288  2.000000  1.000000  0.000102  0.000489  -0.000489  0.000030  1.000000  0.000102  -1.000000  0.000030  0.999981  0.001216  0.006090  -0.001214  0.999999  -0.000381  -0.006090  0.000373  0.999981  1.000000  0.000015  0.000076  -0.000015  1.000000  -0.000005  -0.000076  0.000005  1.000000  1.000000  0.000102  0.000489  -0.000489  0.000030  1.000000  0.000102  -1.000000  0.000030  0.000052  0.006222  
81.830196 0.010046  0.092735  0.001552  0.997042  0.076625  -0.006038  0.000821  0.067937  0.997689  0.076858  -0.994743  0.067673  0.002204  -0.000890  0.000945  -0.018170  -0.239047  0.043168  2.000000  1.000000  0.000164  0.000812  -0.000812  0.000052  1.000000  0.000164  -1.000000  0.000052  0.999977  0.001258  0.006704  -0.001255  0.999999  -0.000455  -0.006705  0.000447  0.999977  1.000000  0.000016  0.000084  -0.000016  1.000000  -0.000006  -0.000084  0.000006  1.000000  1.000000  0.000164  0.000812  -0.000812  0.000052  1.000000  0.000164  -1.000000  0.000052  0.000059  0.006836  
81.831449 0.010049  0.092733  0.001553  0.997032  0.076827  -0.005039  -0.000205  0.068100  0.997678  0.076992  -0.994716  0.067914  0.002417  -0.001003  0.000964  -0.023657  -0.273119  0.050004  2.000000  0.999999  0.000248  0.001269  -0.001269  0.000089  0.999999  0.000248  -1.000000  0.000090  0.999969  0.001462  0.007719  -0.001458  0.999999  -0.000620  -0.007720  0.000609  0.999970  1.000000  0.000018  0.000096  -0.000018  1.000000  -0.000008  -0.000096  0.000008  1.000000  0.999999  0.000248  0.001269  -0.001269  0.000089  0.999999  0.000248  -1.000000  0.000090  0.000068  0.007880  
81.832695 0.010052  0.092731  0.001554  0.997021  0.077015  -0.004245  -0.001026  0.068279  0.997666  0.077125  -0.994689  0.068155  0.002587  -0.001059  0.001056  -0.029672  -0.300352  0.056390  2.000000  0.999999  0.000323  0.001683  -0.001683  0.000130  0.999999  0.000323  -1.000000  0.000131  0.999962  0.001521  0.008537  -0.001513  0.999998  -0.000922  -0.008539  0.000909  0.999963  1.000000  0.000019  0.000107  -0.000019  1.000000  -0.000011  -0.000107  0.000011  1.000000  0.999999  0.000323  0.001683  -0.001683  0.000130  0.999999  0.000323  -1.000000  0.000131  0.000075  0.008720  
81.833948 0.010056  0.092730  0.001556  0.997020  0.077070  -0.003452  -0.001847  0.068579  0.997644  0.077125  -0.994664  0.068517  0.002709  -0.001070  0.001143  -0.039775  -0.327834  0.058308  2.000000  0.999997  0.000429  0.002252  -0.002252  0.000196  0.999997  0.000429  -1.000000  0.000197  0.999955  0.001713  0.009347  -0.001702  0.999998  -0.001223  -0.009349  0.001207  0.999956  1.000000  0.000021  0.000117  -0.000021  1.000000  -0.000015  -0.000117  0.000015  1.000000  0.999997  0.000429  0.002252  -0.002252  0.000196  0.999997  0.000429  -1.000000  0.000197  0.000082  0.009580  
81.835191 0.010059  0.092729  0.001558  0.997008  0.077258  -0.002677  -0.002668  0.068999  0.997613  0.077259  -0.994621  0.068998  0.002734  -0.001020  0.001181  -0.053944  -0.355101  0.064760  2.000000  0.999996  0.000542  0.002872  -0.002872  0.000281  0.999996  0.000541  -1.000000  0.000283  0.999947  0.001906  0.010156  -0.001891  0.999997  -0.001525  -0.010159  0.001506  0.999947  1.000000  0.000024  0.000127  -0.000024  1.000000  -0.000019  -0.000127  0.000019  1.000000  0.999996  0.000542  0.002872  -0.002872  0.000281  0.999996  0.000541  -1.000000  0.000283  0.000089  0.010444  
81.836191 0.010062  0.092728  0.001559  0.997005  0.077314  -0.001883  -0.003489  0.069298  0.997590  0.077259  -0.994596  0.069360  0.002772  -0.001055  0.001127  -0.064049  -0.382609  0.066705  2.000000  0.999994  0.000632  0.003406  -0.003406  0.000365  0.999994  0.000631  -1.000000  0.000368  0.999938  0.001833  0.010984  -0.001813  0.999997  -0.001826  -0.010987  0.001806  0.999938  1.000000  0.000023  0.000137  -0.000023  1.000000  -0.000023  -0.000137  0.000023  1.000000  0.999994  0.000632  0.003406  -0.003406  0.000365  0.999994  0.000631  -1.000000  0.000368  0.000097  0.011283  
81.837445 0.010066  0.092726  0.001559  0.996991  0.077504  -0.001109  -0.004310  0.069718  0.997557  0.077392  -0.994551  0.069842  0.002832  -0.001077  0.001111  -0.078196  -0.409770  0.073163  2.000000  0.999991  0.000755  0.004120  -0.004120  0.000493  0.999991  0.000753  -1.000000  0.000496  0.999928  0.002028  0.011793  -0.002002  0.999995  -0.002249  -0.011797  0.002225  0.999928  1.000000  0.000025  0.000147  -0.000025  1.000000  -0.000028  -0.000147  0.000028  1.000000  0.999991  0.000755  0.004120  -0.004120  0.000493  0.999991  0.000753  -1.000000  0.000496  0.000104  0.012173  
81.838691 0.010069  0.092723  0.001559  0.996976  0.077709  -0.000120  -0.005337  0.070000  0.997533  0.077525  -0.994516  0.070203  0.002787  -0.001229  0.001001  -0.087782  -0.444066  0.080127  2.000000  0.999988  0.000884  0.004888  -0.004888  0.000645  0.999988  0.000881  -0.999999  0.000649  0.999918  0.002090  0.012611  -0.002058  0.999995  -0.002550  -0.012616  0.002524  0.999917  1.000000  0.000026  0.000158  -0.000026  1.000000  -0.000032  -0.000158  0.000032  1.000000  0.999988  0.000884  0.004888  -0.004888  0.000645  0.999988  0.000881  -0.999999  0.000649  0.000113  0.013033  
81.839693 0.010072  0.092720  0.001559  0.996971  0.077767  0.000674  -0.006158  0.070299  0.997507  0.077525  -0.994490  0.070565  0.002731  -0.001353  0.000878  -0.098375  -0.464492  0.081595  2.000000  0.999984  0.000996  0.005525  -0.005526  0.000784  0.999984  0.000991  -0.999999  0.000790  0.999915  0.002242  0.012805  -0.002205  0.999993  -0.002899  -0.012812  0.002870  0.999914  1.000000  0.000028  0.000160  -0.000028  1.000000  -0.000036  -0.000160  0.000036  1.000000  0.999984  0.000996  0.005525  -0.005526  0.000784  0.999984  0.000991  -0.999999  0.000790  0.000119  0.013317  
81.840943 0.010075  0.092716  0.001558  0.996956  0.077958  0.001457  -0.006978  0.070597  0.997480  0.077659  -0.994454  0.070926  0.002693  -0.001484  0.000722  -0.108447  -0.491701  0.088069  2.000000  0.999980  0.001111  0.006181  -0.006182  0.000936  0.999980  0.001105  -0.999999  0.000943  0.999910  0.002410  0.013204  -0.002368  0.999992  -0.003232  -0.013212  0.003200  0.999908  1.000000  0.000030  0.000165  -0.000030  1.000000  -0.000040  -0.000165  0.000040  1.000000  0.999980  0.001111  0.006181  -0.006182  0.000936  0.999980  0.001105  -0.999999  0.000943  0.000128  0.013803  
81.842195 0.010078  0.092712  0.001557  0.996937  0.078165  0.002437  -0.008005  0.071000  0.997444  0.077792  -0.994409  0.071408  0.002626  -0.001678  0.000492  -0.122053  -0.525759  0.095058  2.000000  0.999975  0.001262  0.007011  -0.007013  0.001147  0.999975  0.001254  -0.999999  0.001156  0.999907  0.002430  0.013408  -0.002382  0.999991  -0.003580  -0.013417  0.003548  0.999904  1.000000  0.000030  0.000168  -0.000030  1.000000  -0.000045  -0.000168  0.000045  1.000000  0.999975  0.001262  0.007011  -0.007013  0.001147  0.999975  0.001254  -0.999999  0.001156  0.000135  0.014085  
81.843440 0.010081  0.092708  0.001554  0.996931  0.078225  0.003229  -0.008826  0.071298  0.997416  0.077792  -0.994383  0.071770  0.002615  -0.001899  0.000239  -0.131099  -0.548858  0.096295  2.000000  0.999968  0.001430  0.007866  -0.007868  0.001375  0.999968  0.001419  -0.999998  0.001386  0.999901  0.002730  0.013798  -0.002678  0.999989  -0.003793  -0.013808  0.003756  0.999898  1.000000  0.000034  0.000173  -0.000034  1.000000  -0.000047  -0.000173  0.000047  1.000000  0.999968  0.001430  0.007866  -0.007868  0.001375  0.999968  0.001419  -0.999998  0.001386  0.000141  0.014563  
81.844694 0.010084  0.092701  0.001550  0.996911  0.078433  0.004209  -0.009852  0.071700  0.997378  0.077926  -0.994338  0.072252  0.002599  -0.002267  -0.000087  -0.145730  -0.587703  0.099614  2.000000  0.999960  0.001600  0.008749  -0.008752  0.001625  0.999960  0.001585  -0.999997  0.001639  0.999895  0.002633  0.014215  -0.002575  0.999988  -0.004123  -0.014226  0.004086  0.999890  1.000000  0.000033  0.000178  -0.000033  1.000000  -0.000051  -0.000178  0.000051  1.000000  0.999960  0.001600  0.008749  -0.008752  0.001625  0.999960  0.001585  -0.999997  0.001639  0.000152  0.015029  
81.845965 0.010086  0.092694  0.001546  0.996892  0.078627  0.004982  -0.010672  0.072118  0.997339  0.078059  -0.994292  0.072733  0.002567  -0.002627  -0.000479  -0.159766  -0.614524  0.106107  2.000000  0.999952  0.001764  0.009645  -0.009649  0.001894  0.999952  0.001746  -0.999997  0.001911  0.999893  0.002654  0.014418  -0.002590  0.999987  -0.004469  -0.014430  0.004431  0.999886  1.000000  0.000033  0.000180  -0.000033  1.000000  -0.000056  -0.000180  0.000056  1.000000  0.999952  0.001764  0.009645  -0.009649  0.001894  0.999952  0.001746  -0.999997  0.001911  0.000159  0.015322  
81.847195 0.010089  0.092688  0.001541  0.996882  0.078690  0.005765  -0.011493  0.072537  0.997299  0.078059  -0.994257  0.073216  0.002519  -0.002935  -0.000844  -0.172622  -0.637188  0.107377  2.000000  0.999944  0.001890  0.010374  -0.010378  0.002127  0.999944  0.001868  -0.999996  0.002146  0.999890  0.002409  0.014641  -0.002339  0.999986  -0.004813  -0.014653  0.004779  0.999881  1.000000  0.000030  0.000183  -0.000030  1.000000  -0.000060  -0.000183  0.000060  1.000000  0.999944  0.001890  0.010374  -0.010378  0.002127  0.999944  0.001868  -0.999996  0.002146  0.000167  0.015595  
81.848449 0.010091  0.092681  0.001535  0.996862  0.078886  0.006538  -0.012314  0.072955  0.997259  0.078192  -0.994211  0.073697  0.002416  -0.003380  -0.001397  -0.189244  -0.655876  0.113877  2.000000  0.999934  0.002040  0.011294  -0.011299  0.002438  0.999933  0.002013  -0.999995  0.002461  0.999890  0.002283  0.014650  -0.002207  0.999984  -0.005175  -0.014661  0.005143  0.999879  1.000000  0.000028  0.000183  -0.000028  1.000000  -0.000064  -0.000183  0.000064  1.000000  0.999934  0.002040  0.011294  -0.011299  0.002438  0.999933  0.002013  -0.999995  0.002461  0.000171  0.015699  
81.849692 0.010094  0.092674  0.001529  0.996852  0.078949  0.007321  -0.013135  0.073374  0.997218  0.078192  -0.994175  0.074180  0.002441  -0.003697  -0.001912  -0.199313  -0.657356  0.113636  2.000000  0.999925  0.002163  0.012036  -0.012042  0.002706  0.999924  0.002131  -0.999994  0.002732  0.999887  0.002439  0.014843  -0.002357  0.999982  -0.005524  -0.014857  0.005488  0.999875  1.000000  0.000030  0.000186  -0.000030  1.000000  -0.000069  -0.000186  0.000069  1.000000  0.999925  0.002163  0.012036  -0.012042  0.002706  0.999924  0.002131  -0.999994  0.002732  0.000174  0.016019  
81.850697 0.010098  0.092669  0.001523  0.996843  0.078998  0.007899  -0.013751  0.073809  0.997178  0.078192  -0.994139  0.074662  0.002438  -0.004048  -0.002462  -0.217758  -0.655747  0.114224  2.000000  0.999916  0.002286  0.012773  -0.012780  0.002992  0.999914  0.002248  -0.999993  0.003021  0.999890  0.002431  0.014638  -0.002344  0.999980  -0.005903  -0.014652  0.005868  0.999875  1.000000  0.000030  0.000183  -0.000030  1.000000  -0.000074  -0.000183  0.000074  1.000000  0.999916  0.002286  0.012773  -0.012780  0.002992  0.999914  0.002248  -0.999993  0.003021  0.000175  0.015963  
81.851946 0.010102  0.092663  0.001515  0.996824  0.079181  0.008466  -0.014366  0.074242  0.997137  0.078326  -0.994092  0.075144  0.002493  -0.004313  -0.002989  -0.229466  -0.661991  0.123891  2.000000  0.999904  0.002443  0.013674  -0.013682  0.003371  0.999901  0.002397  -0.999991  0.003404  0.999896  0.002407  0.014227  -0.002320  0.999978  -0.006175  -0.014241  0.006141  0.999880  1.000000  0.000030  0.000178  -0.000030  1.000000  -0.000077  -0.000178  0.000077  1.000000  0.999904  0.002443  0.013674  -0.013682  0.003371  0.999901  0.002397  -0.999991  0.003404  0.000176  0.015689  
81.853195 0.010106  0.092656  0.001507  0.996815  0.079232  0.009034  -0.014982  0.074798  0.997086  0.078326  -0.994046  0.075747  0.002502  -0.004556  -0.003564  -0.249287  -0.669202  0.120108  2.000000  0.999891  0.002596  0.014547  -0.014557  0.003766  0.999887  0.002541  -0.999990  0.003803  0.999902  0.002385  0.013816  -0.002296  0.999977  -0.006449  -0.013831  0.006417  0.999884  1.000000  0.000029  0.000173  -0.000029  1.000000  -0.000080  -0.000173  0.000080  1.000000  0.999891  0.002596  0.014547  -0.014557  0.003766  0.999887  0.002541  -0.999990  0.003803  0.000179  0.015426  
81.854197 0.010109  0.092652  0.001501  0.996809  0.079268  0.009406  -0.015392  0.075249  0.997046  0.078326  -0.994009  0.076229  0.002589  -0.004666  -0.003948  -0.261497  -0.669550  0.115837  2.000000  0.999880  0.002711  0.015230  -0.015241  0.004094  0.999875  0.002648  -0.999988  0.004135  0.999905  0.002243  0.013620  -0.002152  0.999975  -0.006706  -0.013635  0.006676  0.999885  1.000000  0.000027  0.000170  -0.000027  1.000000  -0.000084  -0.000170  0.000084  1.000000  0.999880  0.002711  0.015230  -0.015241  0.004094  0.999875  0.002648  -0.999988  0.004135  0.000182  0.015340  
81.855441 0.010114  0.092646  0.001494  0.996799  0.079320  0.009974  -0.016008  0.075805  0.996994  0.078326  -0.993963  0.076832  0.002693  -0.004764  -0.004336  -0.275464  -0.664291  0.110672  2.000000  0.999867  0.002853  0.016071  -0.016083  0.004518  0.999860  0.002780  -0.999986  0.004564  0.999910  0.002087  0.013220  -0.001995  0.999974  -0.006978  -0.013234  0.006951  0.999888  1.000000  0.000026  0.000165  -0.000026  1.000000  -0.000087  -0.000165  0.000087  1.000000  0.999867  0.002853  0.016071  -0.016083  0.004518  0.999860  0.002780  -0.999986  0.004564  0.000182  0.015088  
81.856442 0.010117  0.092641  0.001487  0.996793  0.079358  0.010336  -0.016418  0.076376  0.996944  0.078326  -0.993916  0.077434  0.002757  -0.004947  -0.004760  -0.295020  -0.656601  0.101855  2.000000  0.999856  0.002961  0.016731  -0.016745  0.004871  0.999848  0.002879  -0.999984  0.004920  0.999913  0.002079  0.013014  -0.001985  0.999972  -0.007236  -0.013029  0.007210  0.999889  1.000000  0.000025  0.000163  -0.000025  1.000000  -0.000090  -0.000163  0.000090  1.000000  0.999856  0.002961  0.016731  -0.016745  0.004871  0.999848  0.002879  -0.999984  0.004920  0.000180  0.015029  
81.857443 0.010121  0.092636  0.001481  0.996786  0.079394  0.010708  -0.016829  0.076828  0.996902  0.078326  -0.993878  0.077917  0.002844  -0.004997  -0.005013  -0.307767  -0.650065  0.097074  2.000000  0.999847  0.003040  0.017218  -0.017234  0.005145  0.999838  0.002951  -0.999982  0.005197  0.999913  0.001952  0.013023  -0.001855  0.999970  -0.007477  -0.013037  0.007452  0.999887  1.000000  0.000024  0.000163  -0.000024  1.000000  -0.000093  -0.000163  0.000093  1.000000  0.999847  0.003040  0.017218  -0.017234  0.005145  0.999838  0.002951  -0.999982  0.005197  0.000182  0.015138  
81.858689 0.010125  0.092630  0.001473  0.996768  0.079566  0.011060  -0.017239  0.077397  0.996851  0.078459  -0.993820  0.078519  0.002908  -0.005074  -0.005369  -0.321900  -0.637532  0.100458  2.000000  0.999833  0.003173  0.018015  -0.018033  0.005612  0.999822  0.003071  -0.999979  0.005668  0.999918  0.002061  0.012602  -0.001965  0.999969  -0.007630  -0.012618  0.007604  0.999891  1.000000  0.000025  0.000158  -0.000025  1.000000  -0.000095  -0.000158  0.000095  1.000000  0.999833  0.003173  0.018015  -0.018033  0.005612  0.999822  0.003071  -0.999979  0.005668  0.000182  0.014869  
81.859691 0.010129  0.092626  0.001468  0.996761  0.079604  0.011422  -0.017649  0.077969  0.996800  0.078459  -0.993773  0.079121  0.003003  -0.005045  -0.005526  -0.339161  -0.623886  0.099690  2.000000  0.999821  0.003278  0.018627  -0.018646  0.005999  0.999808  0.003166  -0.999977  0.006059  0.999926  0.001888  0.011998  -0.001793  0.999967  -0.007918  -0.012012  0.007896  0.999897  1.000000  0.000023  0.000150  -0.000023  1.000000  -0.000099  -0.000150  0.000099  1.000000  0.999821  0.003278  0.018627  -0.018646  0.005999  0.999808  0.003166  -0.999977  0.006059  0.000179  0.014493  
81.860941 0.010134  0.092621  0.001460  0.996743  0.079778  0.011764  -0.018060  0.078659  0.996738  0.078592  -0.993704  0.079844  0.003177  -0.004923  -0.005737  -0.356849  -0.603351  0.098471  2.000000  0.999810  0.003382  0.019220  -0.019241  0.006401  0.999794  0.003259  -0.999974  0.006465  0.999929  0.002013  0.011781  -0.001916  0.999964  -0.008298  -0.011797  0.008275  0.999896  1.000000  0.000025  0.000147  -0.000025  1.000000  -0.000104  -0.000147  0.000104  1.000000  0.999810  0.003382  0.019220  -0.019241  0.006401  0.999794  0.003259  -0.999974  0.006465  0.000178  0.014544  
81.862191 0.010139  0.092614  0.001452  0.996725  0.079952  0.012105  -0.018470  0.079349  0.996676  0.078726  -0.993635  0.080566  0.003337  -0.004894  -0.005919  -0.374120  -0.589427  0.102210  2.000000  0.999795  0.003510  0.019919  -0.019943  0.006924  0.999777  0.003371  -0.999970  0.006993  0.999936  0.001973  0.011166  -0.001877  0.999961  -0.008586  -0.011182  0.008565  0.999901  1.000000  0.000024  0.000140  -0.000024  1.000000  -0.000107  -0.000140  0.000107  1.000000  0.999795  0.003510  0.019919  -0.019943  0.006924  0.999777  0.003371  -0.999970  0.006993  0.000176  0.014217  
81.863195 0.010144  0.092610  0.001445  0.996718  0.079992  0.012467  -0.018880  0.079921  0.996622  0.078726  -0.993586  0.081169  0.003553  -0.004802  -0.006103  -0.386887  -0.573853  0.097290  2.000000  0.999784  0.003612  0.020456  -0.020482  0.007359  0.999763  0.003460  -0.999966  0.007431  0.999943  0.001797  0.010562  -0.001703  0.999959  -0.008875  -0.010577  0.008856  0.999905  1.000000  0.000022  0.000132  -0.000022  1.000000  -0.000111  -0.000132  0.000111  1.000000  0.999784  0.003612  0.020456  -0.020482  0.007359  0.999763  0.003460  -0.999966  0.007431  0.000174  0.013906  
81.864445 0.010150  0.092604  0.001436  0.996710  0.080035  0.012819  -0.019291  0.080613  0.996559  0.078726  -0.993527  0.081892  0.003740  -0.004720  -0.006282  -0.400101  -0.560295  0.092062  2.000000  0.999773  0.003709  0.020983  -0.021011  0.007815  0.999749  0.003544  -0.999963  0.007891  0.999943  0.001804  0.010560  -0.001706  0.999955  -0.009360  -0.010577  0.009341  0.999900  1.000000  0.000022  0.000132  -0.000022  1.000000  -0.000117  -0.000132  0.000117  1.000000  0.999773  0.003709  0.020983  -0.021011  0.007815  0.999749  0.003544  -0.999963  0.007891  0.000175  0.014220  
81.865695 0.010156  0.092600  0.001427  0.996702  0.080079  0.013162  -0.019701  0.081426  0.996485  0.078726  -0.993457  0.082735  0.003888  -0.004597  -0.006380  -0.413483  -0.546573  0.091400  2.000000  0.999759  0.003822  0.021613  -0.021645  0.008409  0.999730  0.003640  -0.999957  0.008489  0.999949  0.001628  0.009956  -0.001532  0.999952  -0.009649  -0.009971  0.009633  0.999904  1.000000  0.000020  0.000125  -0.000020  1.000000  -0.000121  -0.000125  0.000121  1.000000  0.999759  0.003822  0.021613  -0.021645  0.008409  0.999730  0.003640  -0.999957  0.008489  0.000174  0.013955  
81.866945 0.010163  0.092596  0.001417  0.996683  0.080257  0.013493  -0.020111  0.082237  0.996410  0.078859  -0.993376  0.083578  0.004097  -0.004464  -0.006549  -0.426652  -0.532661  0.090689  2.000000  0.999745  0.003936  0.022220  -0.022255  0.009025  0.999712  0.003734  -0.999952  0.009110  0.999953  0.001603  0.009546  -0.001507  0.999948  -0.010043  -0.009561  0.010028  0.999904  1.000000  0.000019  0.000119  -0.000019  1.000000  -0.000125  -0.000119  0.000125  1.000000  0.999745  0.003936  0.022220  -0.022255  0.009025  0.999712  0.003734  -0.999952  0.009110  0.000174  0.013943  
81.867946 0.010169  0.092592  0.001410  0.996675  0.080299  0.013854  -0.020522  0.082808  0.996354  0.078859  -0.993325  0.084180  0.004319  -0.004345  -0.006605  -0.435892  -0.518867  0.089881  2.000000  0.999735  0.004023  0.022675  -0.022713  0.009534  0.999697  0.003806  -0.999946  0.009623  0.999957  0.001575  0.009135  -0.001481  0.999946  -0.010318  -0.009151  0.010304  0.999905  1.000000  0.000019  0.000114  -0.000019  1.000000  -0.000129  -0.000114  0.000129  1.000000  0.999735  0.004023  0.022675  -0.022713  0.009534  0.999697  0.003806  -0.999946  0.009623  0.000173  0.013866  
81.869196 0.010177  0.092589  0.001401  0.996655  0.080478  0.014185  -0.020932  0.083618  0.996278  0.078993  -0.993243  0.085023  0.004495  -0.004223  -0.006663  -0.453728  -0.498148  0.088576  2.000000  0.999722  0.004139  0.023220  -0.023262  0.010188  0.999677  0.003901  -0.999940  0.010282  0.999961  0.001681  0.008714  -0.001588  0.999943  -0.010592  -0.008731  0.010578  0.999906  1.000000  0.000020  0.000109  -0.000020  1.000000  -0.000132  -0.000109  0.000132  1.000000  0.999722  0.004139  0.023220  -0.023262  0.010188  0.999677  0.003901  -0.999940  0.010282  0.000170  0.013813  
81.870443 0.010185  0.092585  0.001392  0.996636  0.080656  0.014525  -0.021342  0.084307  0.996211  0.079126  -0.993170  0.085745  0.004762  -0.004049  -0.006746  -0.463512  -0.477532  0.087265  2.000000  0.999709  0.004251  0.023732  -0.023777  0.010861  0.999658  0.003992  -0.999932  0.010958  0.999966  0.001636  0.008099  -0.001547  0.999940  -0.010882  -0.008116  0.010869  0.999908  1.000000  0.000020  0.000101  -0.000020  1.000000  -0.000136  -0.000101  0.000136  1.000000  0.999709  0.004251  0.023732  -0.023777  0.010861  0.999658  0.003992  -0.999932  0.010958  0.000170  0.013658  
81.871692 0.010192  0.092581  0.001383  0.996617  0.080836  0.014855  -0.021752  0.085117  0.996134  0.079259  -0.993086  0.086587  0.004945  -0.003905  -0.006851  -0.480860  -0.463352  0.090943  2.000000  0.999697  0.004373  0.024225  -0.024274  0.011544  0.999639  0.004092  -0.999924  0.011647  0.999967  0.001757  0.007882  -0.001670  0.999938  -0.011019  -0.007901  0.011005  0.999908  1.000000  0.000021  0.000099  -0.000021  1.000000  -0.000138  -0.000099  0.000138  1.000000  0.999697  0.004373  0.024225  -0.024274  0.011544  0.999639  0.004092  -0.999924  0.011647  0.000169  0.013656  
81.872694 0.010198  0.092578  0.001376  0.996597  0.081013  0.015205  -0.022162  0.085685  0.996076  0.079393  -0.993023  0.087188  0.005076  -0.003842  -0.006884  -0.489460  -0.456395  0.090611  2.000000  0.999690  0.004446  0.024514  -0.024566  0.011968  0.999627  0.004151  -0.999918  0.012074  0.999967  0.001763  0.007880  -0.001672  0.999932  -0.011503  -0.007900  0.011489  0.999903  1.000000  0.000021  0.000099  -0.000021  1.000000  -0.000144  -0.000099  0.000144  1.000000  0.999690  0.004446  0.024514  -0.024566  0.011968  0.999627  0.004151  -0.999918  0.012074  0.000169  0.014049  
81.873943 0.010204  0.092573  0.001368  0.996573  0.081213  0.015739  -0.022777  0.086477  0.995993  0.079526  -0.992938  0.088031  0.005227  -0.003738  -0.006966  -0.502134  -0.445805  0.089599  2.000000  0.999677  0.004574  0.024993  -0.025049  0.012692  0.999606  0.004255  -0.999909  0.012802  0.999969  0.001885  0.007663  -0.001795  0.999929  -0.011761  -0.007684  0.011747  0.999901  1.000000  0.000023  0.000096  -0.000023  1.000000  -0.000147  -0.000096  0.000147  1.000000  0.999677  0.004574  0.024993  -0.025049  0.012692  0.999606  0.004255  -0.999909  0.012802  0.000170  0.014158  
81.875191 0.010211  0.092569  0.001360  0.996552  0.081395  0.016068  -0.023187  0.087286  0.995913  0.079660  -0.992852  0.088873  0.005353  -0.003677  -0.006996  -0.520108  -0.428811  0.088967  2.000000  0.999665  0.004708  0.025467  -0.025528  0.013431  0.999584  0.004364  -0.999899  0.013547  0.999969  0.001891  0.007661  -0.001799  0.999926  -0.012004  -0.007683  0.011990  0.999899  1.000000  0.000023  0.000096  -0.000023  1.000000  -0.000150  -0.000096  0.000150  1.000000  0.999665  0.004708  0.025467  -0.025528  0.013431  0.999584  0.004364  -0.999899  0.013547  0.000171  0.014360  
81.876441 0.010218  0.092564  0.001353  0.996527  0.081596  0.016602  -0.023803  0.088078  0.995829  0.079793  -0.992766  0.089715  0.005444  -0.003590  -0.006930  -0.532582  -0.418096  0.092392  2.000000  0.999652  0.004850  0.025934  -0.026000  0.014187  0.999561  0.004480  -0.999888  0.014308  0.999970  0.002013  0.007443  -0.001921  0.999923  -0.012263  -0.007467  0.012248  0.999897  1.000000  0.000025  0.000093  -0.000025  1.000000  -0.000153  -0.000093  0.000153  1.000000  0.999652  0.004850  0.025934  -0.026000  0.014187  0.999561  0.004480  -0.999888  0.014308  0.000171  0.014479  
81.877691 0.010224  0.092560  0.001347  0.996507  0.081781  0.016921  -0.024213  0.089008  0.995737  0.079926  -0.992668  0.090677  0.005537  -0.003464  -0.006776  -0.549756  -0.403978  0.096006  2.000000  0.999639  0.005002  0.026400  -0.026472  0.014951  0.999538  0.004605  -0.999876  0.015078  0.999970  0.002152  0.007429  -0.002061  0.999923  -0.012263  -0.007455  0.012247  0.999897  1.000000  0.000026  0.000093  -0.000026  1.000000  -0.000153  -0.000093  0.000153  1.000000  0.999639  0.005002  0.026400  -0.026472  0.014951  0.999538  0.004605  -0.999876  0.015078  0.000172  0.014492  
81.878941 0.010230  0.092556  0.001340  0.996481  0.081986  0.017444  -0.024828  0.089920  0.995639  0.080060  -0.992569  0.091639  0.005538  -0.003341  -0.006657  -0.566466  -0.397119  0.095740  2.000000  0.999626  0.005160  0.026861  -0.026939  0.015726  0.999513  0.004735  -0.999863  0.015859  0.999970  0.002293  0.007415  -0.002199  0.999918  -0.012625  -0.007443  0.012609  0.999893  1.000000  0.000028  0.000093  -0.000028  1.000000  -0.000158  -0.000093  0.000158  1.000000  0.999626  0.005160  0.026861  -0.026939  0.015726  0.999513  0.004735  -0.999863  0.015859  0.000174  0.014813  
81.879945 0.010235  0.092554  0.001335  0.996460  0.082166  0.017792  -0.025238  0.090487  0.995578  0.080193  -0.992502  0.092240  0.005542  -0.003240  -0.006444  -0.570941  -0.389815  0.099815  2.000000  0.999615  0.005290  0.027229  -0.027312  0.016361  0.999493  0.004842  -0.999852  0.016499  0.999970  0.002298  0.007413  -0.002204  0.999916  -0.012747  -0.007442  0.012730  0.999891  1.000000  0.000028  0.000093  -0.000028  1.000000  -0.000159  -0.000093  0.000159  1.000000  0.999615  0.005290  0.027229  -0.027312  0.016361  0.999493  0.004842  -0.999852  0.016499  0.000174  0.014917  
81.881202 0.010241  0.092550  0.001330  0.996439  0.082354  0.018110  -0.025648  0.091416  0.995482  0.080326  -0.992402  0.093202  0.005481  -0.003180  -0.006216  -0.584805  -0.379167  0.099800  2.000000  0.999604  0.005424  0.027604  -0.027692  0.017003  0.999472  0.004952  -0.999841  0.017146  0.999968  0.002323  0.007615  -0.002225  0.999913  -0.012972  -0.007645  0.012955  0.999887  1.000000  0.000028  0.000095  -0.000028  1.000000  -0.000162  -0.000095  0.000162  1.000000  0.999604  0.005424  0.027604  -0.027692  0.017003  0.999472  0.004952  -0.999841  0.017146  0.000176  0.015214  
81.882445 0.010247  0.092547  0.001324  0.996412  0.082559  0.018642  -0.026263  0.092207  0.995393  0.080460  -0.992311  0.094044  0.005387  -0.003110  -0.005981  -0.597107  -0.378778  0.104551  2.000000  0.999590  0.005598  0.028078  -0.028173  0.017814  0.999444  0.005094  -0.999826  0.017965  0.999966  0.002483  0.007805  -0.002380  0.999910  -0.013199  -0.007837  0.013180  0.999882  1.000000  0.000030  0.000098  -0.000030  1.000000  -0.000165  -0.000098  0.000165  1.000000  0.999590  0.005598  0.028078  -0.028173  0.017814  0.999444  0.005094  -0.999826  0.017965  0.000180  0.015526  
81.883695 0.010253  0.092544  0.001318  0.996395  0.082635  0.019177  -0.026878  0.093121  0.995292  0.080460  -0.992220  0.095007  0.005284  -0.003076  -0.005749  -0.607783  -0.382377  0.104544  2.000000  0.999575  0.005773  0.028559  -0.028662  0.018634  0.999415  0.005237  -0.999810  0.018792  0.999966  0.002490  0.007803  -0.002387  0.999910  -0.013198  -0.007835  0.013179  0.999882  1.000000  0.000030  0.000098  -0.000030  1.000000  -0.000165  -0.000098  0.000165  1.000000  0.999575  0.005773  0.028559  -0.028662  0.018634  0.999415  0.005237  -0.999810  0.018792  0.000181  0.015525  
81.884945 0.010258  0.092540  0.001312  0.996368  0.082844  0.019698  -0.027493  0.094032  0.995189  0.080593  -0.992116  0.095969  0.005112  -0.003074  -0.005573  -0.619895  -0.381912  0.109290  2.000000  0.999560  0.005956  0.029042  -0.029153  0.019456  0.999386  0.005387  -0.999793  0.019621  0.999966  0.002631  0.007787  -0.002527  0.999908  -0.013319  -0.007822  0.013299  0.999881  1.000000  0.000032  0.000098  -0.000032  1.000000  -0.000166  -0.000098  0.000166  1.000000  0.999560  0.005956  0.029042  -0.029153  0.019456  0.999386  0.005387  -0.999793  0.019621  0.000183  0.015643  
81.886198 0.010263  0.092536  0.001306  0.996340  0.083052  0.020230  -0.028109  0.094822  0.995097  0.080726  -0.992024  0.096810  0.004908  -0.003102  -0.005352  -0.624933  -0.384543  0.114989  2.000000  0.999545  0.006145  0.029534  -0.029654  0.020287  0.999354  0.005541  -0.999775  0.020460  0.999964  0.002791  0.007976  -0.002684  0.999906  -0.013424  -0.008013  0.013402  0.999878  1.000000  0.000034  0.000100  -0.000034  1.000000  -0.000168  -0.000100  0.000168  1.000000  0.999545  0.006145  0.029534  -0.029654  0.020287  0.999354  0.005541  -0.999775  0.020460  0.000186  0.015854  
81.887441 0.010268  0.092531  0.001300  0.996322  0.083131  0.020764  -0.028724  0.095737  0.994992  0.080726  -0.991929  0.097772  0.004704  -0.003131  -0.005199  -0.635504  -0.388164  0.114939  2.000000  0.999529  0.006334  0.030032  -0.030159  0.021122  0.999322  0.005696  -0.999757  0.021303  0.999963  0.002685  0.008191  -0.002575  0.999907  -0.013407  -0.008226  0.013385  0.999877  1.000000  0.000033  0.000103  -0.000033  1.000000  -0.000167  -0.000103  0.000167  1.000000  0.999529  0.006334  0.030032  -0.030159  0.021122  0.999322  0.005696  -0.999757  0.021303  0.000188  0.015930  
81.888442 0.010271  0.092527  0.001295  0.996300  0.083318  0.021100  -0.029134  0.096423  0.994914  0.080860  -0.991847  0.098493  0.004575  -0.003191  -0.005062  -0.644771  -0.391285  0.116148  2.000000  0.999516  0.006490  0.030437  -0.030572  0.021794  0.999295  0.005822  -0.999741  0.021981  0.999963  0.002824  0.008176  -0.002713  0.999905  -0.013528  -0.008213  0.013506  0.999875  1.000000  0.000035  0.000102  -0.000035  1.000000  -0.000169  -0.000102  0.000169  1.000000  0.999516  0.006490  0.030437  -0.030572  0.021794  0.999295  0.005822  -0.999741  0.021981  0.000189  0.016048  
81.889695 0.010275  0.092522  0.001289  0.996271  0.083529  0.021630  -0.029749  0.097212  0.994819  0.080993  -0.991752  0.099334  0.004406  -0.003255  -0.004960  -0.650298  -0.394567  0.117488  2.000000  0.999502  0.006644  0.030853  -0.030995  0.022476  0.999267  0.005945  -0.999725  0.022671  0.999961  0.002719  0.008390  -0.002602  0.999900  -0.013875  -0.008427  0.013853  0.999869  1.000000  0.000033  0.000105  -0.000033  1.000000  -0.000173  -0.000105  0.000173  1.000000  0.999502  0.006644  0.030853  -0.030995  0.022476  0.999267  0.005945  -0.999725  0.022671  0.000192  0.016432  
81.890938 0.010279  0.092515  0.001283  0.996252  0.083610  0.022163  -0.030364  0.098126  0.994711  0.080993  -0.991656  0.100297  0.004249  -0.003384  -0.004834  -0.654563  -0.401549  0.117053  2.000000  0.999484  0.006842  0.031385  -0.031537  0.023334  0.999230  0.006104  -0.999704  0.023538  0.999959  0.002746  0.008592  -0.002627  0.999901  -0.013858  -0.008629  0.013835  0.999867  1.000000  0.000034  0.000108  -0.000034  1.000000  -0.000173  -0.000108  0.000173  1.000000  0.999484  0.006842  0.031385  -0.031537  0.023334  0.999230  0.006104  -0.999704  0.023538  0.000193  0.016526  
81.891940 0.010281  0.092510  0.001279  0.996229  0.083800  0.022498  -0.030774  0.098811  0.994630  0.081127  -0.991571  0.101017  0.004090  -0.003537  -0.004772  -0.659956  -0.404801  0.118322  2.000000  0.999469  0.006996  0.031818  -0.031978  0.024029  0.999200  0.006225  -0.999687  0.024240  0.999957  0.002774  0.008794  -0.002650  0.999897  -0.014083  -0.008832  0.014059  0.999862  1.000000  0.000034  0.000110  -0.000034  1.000000  -0.000176  -0.000110  0.000176  1.000000  0.999469  0.006996  0.031818  -0.031978  0.024029  0.999200  0.006225  -0.999687  0.024240  0.000196  0.016824  
81.892942 0.010284  0.092504  0.001274  0.996209  0.083877  0.023052  -0.031389  0.099483  0.994544  0.081127  -0.991498  0.101739  0.003846  -0.003727  -0.004708  -0.661546  -0.415044  0.118852  2.000000  0.999454  0.007151  0.032257  -0.032424  0.024723  0.999168  0.006347  -0.999669  0.024941  0.999958  0.002648  0.008806  -0.002525  0.999899  -0.013961  -0.008842  0.013938  0.999864  1.000000  0.000032  0.000110  -0.000032  1.000000  -0.000174  -0.000110  0.000174  1.000000  0.999454  0.007151  0.032257  -0.032424  0.024723  0.999168  0.006347  -0.999669  0.024941  0.000198  0.016708  
