1-Time 2-Px 3-Py 4-Pz 5-R11 6-R21 7-R31 8-R12 9-R22 10-R32 11-R13 12-R23 13-R33 14-Vx 15-Vy 16-Vz 17-Wx 18-Wy 19-Wz 20-state 21-PR11 22-PR21 23-PR31 24-PR12 25-PR22 26-PR32 27-PR13 28-PR23 29-PR33 
68.042495 0.006266  0.085545  0.006828  0.986888  0.159922  -0.021837  -0.158600  0.985933  0.052754  0.029966  -0.048599  0.998369  -0.000040  0.000394  -0.000200  0.000000  0.000000  0.000000  2.000000  1.000000  0.000000  0.000000  -0.000000  1.000000  0.000000  0.000000  -0.000000  1.000000  1.000000  -0.000199  -0.000144  0.000199  1.000000  -0.000006  0.000144  0.000006  1.000000  1.000000  0.000000  0.000000  0.000000  1.000000  0.000000  0.000000  0.000000  1.000000  0.696243  0.493489  -0.521261  -0.565394  0.824432  0.025317  0.442239  0.277091  0.853021  0.000000  0.000000  
68.043498 0.006266  0.085545  0.006828  0.986855  0.160125  -0.021826  -0.158803  0.985900  0.052759  0.029966  -0.048599  0.998369  -0.000034  0.000368  -0.000187  0.000000  0.000000  0.000000  2.000000  1.000000  0.000000  0.000000  0.000000  1.000000  0.000000  0.000000  0.000000  1.000000  1.000000  -0.000199  -0.000144  0.000199  1.000000  -0.000006  0.000144  0.000006  1.000000  1.000000  0.000000  0.000000  0.000000  1.000000  0.000000  0.000000  0.000000  1.000000  1.000000  0.000000  0.000000  0.000000  1.000000  0.000000  0.000000  0.000000  1.000000  0.000000  0.000000  
68.044498 0.006266  0.085542  0.006830  0.986757  0.160736  -0.021774  -0.159412  0.985794  0.052892  0.029966  -0.048720  0.998363  -0.000031  0.000134  -0.000068  0.000000  0.000000  0.000000  2.000000  1.000000  0.000000  0.000000  0.000000  1.000000  0.000000  0.000000  0.000000  1.000000  1.000000  0.000418  -0.000114  -0.000418  1.000000  0.000012  0.000114  -0.000012  1.000000  1.000000  0.000000  0.000000  0.000000  1.000000  0.000000  0.000000  0.000000  1.000000  1.000000  0.000000  0.000000  0.000000  1.000000  0.000000  0.000000  0.000000  1.000000  0.000000  0.000000  
68.045498 0.006266  0.085539  0.006831  0.986626  0.161548  -0.021731  -0.160225  0.985662  0.052910  0.029966  -0.048720  0.998363  -0.000022  -0.000127  0.000064  0.000000  0.000000  0.000000  2.000000  1.000000  0.000000  0.000000  0.000000  1.000000  0.000000  0.000000  0.000000  1.000000  0.999999  0.001240  -0.000073  -0.001240  0.999999  0.000158  0.000074  -0.000158  1.000000  1.000000  0.000000  0.000000  0.000000  1.000000  0.000000  0.000000  0.000000  1.000000  1.000000  0.000000  0.000000  0.000000  1.000000  0.000000  0.000000  0.000000  1.000000  0.000000  0.000000  
68.046752 0.006267  0.085534  0.006833  0.986460  0.162568  -0.021637  -0.161240  0.985482  0.053171  0.029966  -0.048962  0.998351  0.000066  -0.000509  0.000259  0.000000  0.000000  0.000000  2.000000  1.000000  0.000000  0.000000  0.000000  1.000000  0.000000  0.000000  0.000000  1.000000  0.999997  0.002267  -0.000023  -0.002267  0.999997  0.000310  0.000024  -0.000310  1.000000  1.000000  0.000000  0.000000  0.000000  1.000000  0.000000  0.000000  0.000000  1.000000  1.000000  0.000000  0.000000  0.000000  1.000000  0.000000  0.000000  0.000000  1.000000  0.000000  0.000000  
68.047998 0.006268  0.085527  0.006836  0.986360  0.163181  -0.021564  -0.161849  0.985368  0.053423  0.029966  -0.049205  0.998339  0.000143  -0.000999  0.000473  0.000000  0.000000  0.000000  2.000000  1.000000  0.000000  0.000000  0.000000  1.000000  0.000000  0.000000  0.000000  1.000000  0.999995  0.003090  0.000018  -0.003090  0.999995  0.000577  -0.000016  -0.000578  1.000000  1.000000  0.000000  0.000000  0.000000  1.000000  0.000000  0.000000  0.000000  1.000000  1.000000  0.000000  0.000000  0.000000  1.000000  0.000000  0.000000  0.000000  1.000000  0.000000  0.000000  
68.048999 0.006270  0.085523  0.006839  0.986256  0.163799  -0.021643  -0.162458  0.985260  0.053578  0.030100  -0.049325  0.998329  0.000257  -0.001324  0.000675  0.000000  0.000000  0.000000  2.000000  1.000000  0.000000  0.000000  0.000000  1.000000  0.000000  0.000000  0.000000  1.000000  0.999994  0.003507  -0.000094  -0.003507  0.999994  0.000833  0.000097  -0.000832  1.000000  1.000000  0.000000  0.000000  0.000000  1.000000  0.000000  0.000000  0.000000  1.000000  1.000000  0.000000  0.000000  0.000000  1.000000  0.000000  0.000000  0.000000  1.000000  0.000000  0.000000  
68.050018 0.006271  0.085519  0.006842  0.986114  0.164626  -0.021843  -0.163269  0.985116  0.053759  0.030368  -0.049446  0.998315  0.000356  -0.001641  0.000909  0.000000  0.000000  0.000000  2.000000  1.000000  0.000000  0.000000  0.000000  1.000000  0.000000  0.000000  0.000000  1.000000  0.999991  0.004343  -0.000320  -0.004342  0.999990  0.000980  0.000325  -0.000979  0.999999  1.000000  0.000000  0.000000  0.000000  1.000000  0.000000  0.000000  0.000000  1.000000  1.000000  0.000000  0.000000  0.000000  1.000000  0.000000  0.000000  0.000000  1.000000  0.000000  0.000000  
68.051248 0.006273  0.085514  0.006847  0.985862  0.166077  -0.022252  -0.164687  0.984860  0.054117  0.030903  -0.049688  0.998287  0.000483  -0.001982  0.001227  0.042435  0.025858  0.200445  2.000000  1.000000  0.000279  -0.000026  -0.000279  1.000000  0.000058  0.000026  -0.000058  1.000000  0.999982  0.006007  -0.000638  -0.006006  0.999981  0.001274  0.000646  -0.001271  0.999999  1.000000  0.000075  -0.000008  -0.000075  1.000000  0.000016  0.000008  -0.000016  1.000000  1.000000  0.000279  -0.000026  -0.000279  1.000000  0.000058  0.000026  -0.000058  1.000000  0.000050  0.006173  
68.052254 0.006275  0.085510  0.006850  0.985649  0.167309  -0.022428  -0.165903  0.984645  0.054308  0.031170  -0.049808  0.998272  0.000613  -0.002272  0.001483  0.048154  0.032999  0.243982  2.000000  1.000000  0.000616  -0.000067  -0.000616  1.000000  0.000126  0.000067  -0.000126  1.000000  0.999973  0.007253  -0.000843  -0.007252  0.999973  0.001435  0.000853  -0.001429  0.999999  1.000000  0.000091  -0.000011  -0.000091  1.000000  0.000018  0.000011  -0.000018  1.000000  1.000000  0.000616  -0.000067  -0.000616  1.000000  0.000126  0.000067  -0.000126  1.000000  0.000060  0.007441  
68.053497 0.006277  0.085504  0.006853  0.985371  0.168943  -0.022429  -0.167526  0.984354  0.054607  0.031304  -0.050050  0.998256  0.000774  -0.002667  0.001650  0.057543  0.034447  0.297026  2.000000  0.999999  0.001026  -0.000117  -0.001026  0.999999  0.000205  0.000117  -0.000205  1.000000  0.999962  0.008705  -0.001036  -0.008704  0.999961  0.001724  0.001051  -0.001715  0.999998  1.000000  0.000109  -0.000013  -0.000109  1.000000  0.000021  0.000013  -0.000021  1.000000  0.999999  0.001026  -0.000117  -0.001026  0.999999  0.000205  0.000117  -0.000205  1.000000  0.000073  0.008934  
68.054498 0.006280  0.085501  0.006854  0.985159  0.170168  -0.022473  -0.168742  0.984137  0.054776  0.031438  -0.050171  0.998246  0.000941  -0.002926  0.001784  0.062874  0.036854  0.338394  2.000000  0.999999  0.001502  -0.000167  -0.001502  0.999999  0.000297  0.000167  -0.000297  1.000000  0.999950  0.009939  -0.000973  -0.009937  0.999949  0.001884  0.000991  -0.001874  0.999998  1.000000  0.000124  -0.000012  -0.000124  1.000000  0.000023  0.000012  -0.000023  1.000000  0.999999  0.001502  -0.000167  -0.001502  0.999999  0.000297  0.000167  -0.000297  1.000000  0.000083  0.010161  
68.055503 0.006283  0.085498  0.006858  0.984950  0.171389  -0.022364  -0.169959  0.983913  0.055043  0.031438  -0.050413  0.998234  0.001138  -0.003111  0.002023  0.072796  0.035050  0.382519  2.000000  0.999998  0.002043  -0.000220  -0.002043  0.999998  0.000397  0.000221  -0.000397  1.000000  0.999935  0.011384  -0.001032  -0.011382  0.999933  0.002051  0.001055  -0.002039  0.999997  1.000000  0.000142  -0.000013  -0.000142  1.000000  0.000026  0.000013  -0.000026  1.000000  0.999998  0.002043  -0.000220  -0.002043  0.999998  0.000397  0.000221  -0.000397  1.000000  0.000095  0.011612  
68.056755 0.006286  0.085494  0.006864  0.984598  0.173417  -0.022229  -0.171986  0.983551  0.055208  0.031438  -0.050534  0.998227  0.001411  -0.003420  0.002470  0.078982  0.031594  0.451529  2.000000  0.999996  0.002819  -0.000282  -0.002818  0.999996  0.000538  0.000283  -0.000537  1.000000  0.999912  0.013234  -0.000935  -0.013231  0.999910  0.002351  0.000966  -0.002338  0.999997  1.000000  0.000165  -0.000012  -0.000165  1.000000  0.000029  0.000012  -0.000029  1.000000  0.999996  0.002819  -0.000282  -0.002818  0.999996  0.000538  0.000283  -0.000537  1.000000  0.000111  0.013473  
68.058003 0.006291  0.085489  0.006871  0.984269  0.175258  -0.022347  -0.173809  0.983212  0.055534  0.031705  -0.050776  0.998207  0.001667  -0.003815  0.002925  0.088407  0.037131  0.510080  2.000000  0.999994  0.003540  -0.000331  -0.003539  0.999994  0.000663  0.000333  -0.000662  1.000000  0.999886  0.015090  -0.000970  -0.015088  0.999883  0.002652  0.001010  -0.002637  0.999996  1.000000  0.000189  -0.000012  -0.000189  1.000000  0.000033  0.000012  -0.000033  1.000000  0.999994  0.003540  -0.000331  -0.003539  0.999994  0.000663  0.000333  -0.000662  1.000000  0.000127  0.015351  
68.059251 0.006295  0.085480  0.006877  0.983901  0.177300  -0.022453  -0.175833  0.982834  0.055865  0.031972  -0.051018  0.998186  0.001943  -0.004209  0.003201  0.099535  0.042928  0.584046  2.000000  0.999990  0.004563  -0.000400  -0.004563  0.999989  0.000837  0.000404  -0.000835  1.000000  0.999852  0.017159  -0.001128  -0.017155  0.999848  0.002963  0.001179  -0.002943  0.999995  1.000000  0.000214  -0.000014  -0.000214  1.000000  0.000037  0.000014  -0.000037  1.000000  0.999990  0.004563  -0.000400  -0.004563  0.999989  0.000837  0.000404  -0.000835  1.000000  0.000145  0.017448  
68.060252 0.006298  0.085472  0.006881  0.983601  0.178938  -0.022580  -0.177452  0.982524  0.056188  0.032240  -0.051259  0.998165  0.002144  -0.004514  0.003430  0.109663  0.048715  0.646455  2.000000  0.999985  0.005473  -0.000464  -0.005472  0.999985  0.000990  0.000470  -0.000987  0.999999  0.999822  0.018816  -0.001308  -0.018812  0.999818  0.003140  0.001367  -0.003115  0.999994  1.000000  0.000235  -0.000017  -0.000235  1.000000  0.000039  0.000017  -0.000039  1.000000  0.999985  0.005473  -0.000464  -0.005472  0.999985  0.000990  0.000470  -0.000987  0.999999  0.000161  0.019120  
68.061499 0.006303  0.085460  0.006889  0.983299  0.180574  -0.022707  -0.179070  0.982212  0.056511  0.032507  -0.051501  0.998144  0.002384  -0.004984  0.003745  0.119594  0.054833  0.701974  2.000000  0.999977  0.006714  -0.000553  -0.006713  0.999977  0.001202  0.000561  -0.001198  0.999999  0.999789  0.020474  -0.001482  -0.020469  0.999784  0.003563  0.001555  -0.003532  0.999993  1.000000  0.000256  -0.000019  -0.000256  1.000000  0.000044  0.000019  -0.000044  1.000000  0.999977  0.006714  -0.000553  -0.006713  0.999977  0.001202  0.000561  -0.001198  0.999999  0.000175  0.020834  
68.062752 0.006307  0.085447  0.006897  0.982990  0.182221  -0.022941  -0.180687  0.981889  0.056978  0.032909  -0.051864  0.998112  0.002645  -0.005444  0.004124  0.133724  0.065408  0.758057  2.000000  0.999967  0.008063  -0.000654  -0.008062  0.999966  0.001439  0.000666  -0.001433  0.999999  0.999749  0.022338  -0.001645  -0.022331  0.999743  0.003991  0.001733  -0.003953  0.999991  1.000000  0.000279  -0.000021  -0.000279  1.000000  0.000050  0.000021  -0.000050  1.000000  0.999967  0.008063  -0.000654  -0.008062  0.999966  0.001439  0.000666  -0.001433  0.999999  0.000190  0.022750  
68.063998 0.006313  0.085432  0.006905  0.982645  0.184064  -0.023009  -0.182506  0.981519  0.057546  0.033176  -0.052348  0.998078  0.002878  -0.006090  0.004434  0.152096  0.071064  0.820705  2.000000  0.999954  0.009522  -0.000770  -0.009520  0.999953  0.001704  0.000786  -0.001696  0.999998  0.999710  0.024003  -0.001950  -0.023994  0.999702  0.004416  0.002056  -0.004368  0.999988  1.000000  0.000300  -0.000025  -0.000300  1.000000  0.000055  0.000025  -0.000055  1.000000  0.999954  0.009522  -0.000770  -0.009520  0.999953  0.001704  0.000786  -0.001696  0.999998  0.000206  0.024481  
68.065248 0.006320  0.085414  0.006914  0.982258  0.186107  -0.023085  -0.184527  0.981115  0.057999  0.033443  -0.052710  0.998050  0.003254  -0.006943  0.004696  0.165287  0.075778  0.883105  2.000000  0.999938  0.011071  -0.000894  -0.011069  0.999937  0.001998  0.000916  -0.001988  0.999998  0.999679  0.025243  -0.002006  -0.025233  0.999670  0.004823  0.002127  -0.004771  0.999986  1.000000  0.000316  -0.000026  -0.000316  1.000000  0.000060  0.000026  -0.000060  1.000000  0.999938  0.011071  -0.000894  -0.011069  0.999937  0.001998  0.000916  -0.001988  0.999998  0.000224  0.025776  
68.066252 0.006327  0.085400  0.006920  0.982025  0.187334  -0.023077  -0.185739  0.980861  0.058409  0.033577  -0.053073  0.998026  0.003630  -0.007673  0.004911  0.180214  0.078603  0.931856  2.000000  0.999927  0.012039  -0.000976  -0.012037  0.999925  0.002187  0.001003  -0.002175  0.999997  0.999657  0.026080  -0.002219  -0.026068  0.999647  0.005220  0.002355  -0.005160  0.999984  1.000000  0.000326  -0.000029  -0.000326  1.000000  0.000065  0.000029  -0.000065  1.000000  0.999927  0.012039  -0.000976  -0.012037  0.999925  0.002187  0.001003  -0.002175  0.999997  0.000235  0.026687  
68.067500 0.006334  0.085381  0.006928  0.981670  0.189173  -0.023162  -0.187557  0.980489  0.058859  0.033845  -0.053436  0.997998  0.003940  -0.008618  0.005181  0.194532  0.084230  0.994402  2.000000  0.999906  0.013692  -0.001124  -0.013689  0.999903  0.002519  0.001158  -0.002503  0.999996  0.999640  0.026711  -0.002444  -0.026697  0.999628  0.005489  0.002589  -0.005422  0.999982  1.000000  0.000334  -0.000031  -0.000334  1.000000  0.000068  0.000031  -0.000068  1.000000  0.999906  0.013692  -0.001124  -0.013689  0.999903  0.002519  0.001158  -0.002503  0.999996  0.000251  0.027375  
68.068762 0.006341  0.085362  0.006935  0.981390  0.190612  -0.023247  -0.188970  0.980184  0.059418  0.034112  -0.053920  0.997962  0.004265  -0.009542  0.005510  0.212467  0.090465  1.042987  2.000000  0.999881  0.015393  -0.001284  -0.015389  0.999877  0.002863  0.001328  -0.002843  0.999995  0.999617  0.027548  -0.002656  -0.027533  0.999605  0.005644  0.002810  -0.005569  0.999981  1.000000  0.000344  -0.000034  -0.000344  1.000000  0.000070  0.000034  -0.000070  1.000000  0.999881  0.015393  -0.001284  -0.015389  0.999877  0.002863  0.001328  -0.002843  0.999995  0.000266  0.028242  
68.070006 0.006349  0.085343  0.006942  0.981108  0.192047  -0.023354  -0.190382  0.979883  0.059859  0.034379  -0.054282  0.997934  0.004570  -0.010574  0.005752  0.226460  0.092275  1.091575  2.000000  0.999858  0.016799  -0.001415  -0.016794  0.999854  0.003151  0.001467  -0.003127  0.999994  0.999594  0.028370  -0.002600  -0.028355  0.999581  0.005796  0.002764  -0.005720  0.999980  1.000000  0.000355  -0.000034  -0.000355  1.000000  0.000072  0.000034  -0.000072  1.000000  0.999858  0.016799  -0.001415  -0.016794  0.999854  0.003151  0.001467  -0.003127  0.999994  0.000274  0.029069  
68.071250 0.006357  0.085323  0.006948  0.980828  0.193474  -0.023328  -0.191795  0.979582  0.060275  0.034513  -0.054645  0.997909  0.004809  -0.011552  0.005753  0.240353  0.094078  1.140318  2.000000  0.999826  0.018577  -0.001572  -0.018571  0.999821  0.003521  0.001637  -0.003491  0.999993  0.999595  0.028364  -0.002456  -0.028349  0.999581  0.005925  0.002623  -0.005853  0.999979  1.000000  0.000355  -0.000032  -0.000355  1.000000  0.000074  0.000032  -0.000074  1.000000  0.999826  0.018577  -0.001572  -0.018571  0.999821  0.003521  0.001637  -0.003491  0.999993  0.000289  0.029077  
68.072251 0.006363  0.085306  0.006953  0.980626  0.194495  -0.023350  -0.192803  0.979367  0.060562  0.034647  -0.054887  0.997891  0.004996  -0.012447  0.005751  0.249725  0.096650  1.175223  2.000000  0.999799  0.020000  -0.001684  -0.019993  0.999793  0.003824  0.001760  -0.003789  0.999991  0.999590  0.028555  -0.002171  -0.028541  0.999574  0.006057  0.002343  -0.005992  0.999979  1.000000  0.000357  -0.000028  -0.000357  1.000000  0.000075  0.000028  -0.000075  1.000000  0.999799  0.020000  -0.001684  -0.019993  0.999793  0.003824  0.001760  -0.003789  0.999991  0.000300  0.029268  
68.073503 0.006370  0.085284  0.006960  0.980382  0.195718  -0.023358  -0.194014  0.979110  0.060854  0.034781  -0.055129  0.997873  0.005247  -0.013572  0.005778  0.259044  0.099192  1.209856  2.000000  0.999761  0.021764  -0.001811  -0.021756  0.999754  0.004206  0.001903  -0.004165  0.999990  0.999608  0.027932  -0.002065  -0.027919  0.999592  0.006040  0.002233  -0.005980  0.999980  1.000000  0.000349  -0.000027  -0.000349  1.000000  0.000075  0.000027  -0.000075  1.000000  0.999761  0.021764  -0.001811  -0.021756  0.999754  0.004206  0.001903  -0.004165  0.999990  0.000309  0.028649  
68.074755 0.006377  0.085262  0.006967  0.980177  0.196738  -0.023379  -0.195022  0.978891  0.061142  0.034914  -0.055371  0.997855  0.005437  -0.014349  0.005888  0.263203  0.103462  1.210118  2.000000  0.999730  0.023153  -0.001909  -0.023144  0.999722  0.004511  0.002013  -0.004466  0.999988  0.999613  0.027727  -0.002070  -0.027714  0.999598  0.006037  0.002236  -0.005977  0.999980  1.000000  0.000347  -0.000027  -0.000347  1.000000  0.000075  0.000027  -0.000075  1.000000  0.999730  0.023153  -0.001909  -0.023144  0.999722  0.004511  0.002013  -0.004466  0.999988  0.000311  0.028449  
68.075999 0.006384  0.085240  0.006974  0.979976  0.197749  -0.023292  -0.196031  0.978681  0.061285  0.034914  -0.055492  0.997849  0.005589  -0.015059  0.005891  0.263274  0.103343  1.210456  2.000000  0.999689  0.024862  -0.002030  -0.024852  0.999679  0.004897  0.002151  -0.004845  0.999986  0.999631  0.027103  -0.001964  -0.027091  0.999614  0.006137  0.002130  -0.006082  0.999979  1.000000  0.000339  -0.000026  -0.000339  1.000000  0.000076  0.000026  -0.000076  1.000000  0.999689  0.024862  -0.002030  -0.024852  0.999679  0.004897  0.002151  -0.004845  0.999986  0.000311  0.027856  
68.077006 0.006389  0.085221  0.006980  0.979814  0.198560  -0.023193  -0.196838  0.978503  0.061541  0.034914  -0.055734  0.997835  0.005654  -0.015693  0.005892  0.263472  0.102677  1.217269  2.000000  0.999654  0.026200  -0.002126  -0.026188  0.999643  0.005206  0.002261  -0.005148  0.999984  0.999647  0.026488  -0.001993  -0.026475  0.999630  0.006238  0.002157  -0.006183  0.999979  1.000000  0.000331  -0.000026  -0.000331  1.000000  0.000078  0.000026  -0.000078  1.000000  0.999654  0.026200  -0.002126  -0.026188  0.999643  0.005206  0.002261  -0.005148  0.999984  0.000310  0.027282  
68.078255 0.006395  0.085196  0.006988  0.979647  0.199379  -0.023225  -0.197643  0.978322  0.061824  0.035048  -0.055975  0.997817  0.005710  -0.016393  0.005853  0.267681  0.102444  1.217148  2.000000  0.999611  0.027806  -0.002246  -0.027793  0.999598  0.005593  0.002400  -0.005528  0.999982  0.999684  0.025051  -0.002068  -0.025037  0.999667  0.006193  0.002223  -0.006139  0.999979  1.000000  0.000313  -0.000027  -0.000313  1.000000  0.000077  0.000027  -0.000077  1.000000  0.999611  0.027806  -0.002246  -0.027793  0.999598  0.005593  0.002400  -0.005528  0.999982  0.000313  0.025884  
68.079503 0.006399  0.085169  0.006998  0.979480  0.200200  -0.023232  -0.198449  0.978134  0.062226  0.035182  -0.056338  0.997792  0.005541  -0.017167  0.005921  0.272019  0.097593  1.217023  2.000000  0.999567  0.029325  -0.002363  -0.029311  0.999552  0.005979  0.002537  -0.005907  0.999979  0.999715  0.023804  -0.001865  -0.023792  0.999698  0.006151  0.002011  -0.006105  0.999979  1.000000  0.000298  -0.000024  -0.000297  1.000000  0.000077  0.000024  -0.000077  1.000000  0.999567  0.029325  -0.002363  -0.029311  0.999552  0.005979  0.002537  -0.005907  0.999979  0.000313  0.024653  
68.080750 0.006404  0.085140  0.007007  0.979352  0.200817  -0.023276  -0.199053  0.977993  0.062504  0.035316  -0.056580  0.997773  0.005372  -0.017854  0.006028  0.271465  0.089801  1.189088  2.000000  0.999524  0.030762  -0.002473  -0.030745  0.999507  0.006365  0.002668  -0.006286  0.999977  0.999748  0.022359  -0.001806  -0.022347  0.999731  0.006227  0.001944  -0.006185  0.999979  1.000000  0.000279  -0.000023  -0.000279  1.000000  0.000078  0.000023  -0.000078  1.000000  0.999524  0.030762  -0.002473  -0.030745  0.999507  0.006365  0.002668  -0.006286  0.999977  0.000306  0.023276  
68.081998 0.006409  0.085111  0.007017  0.979224  0.201437  -0.023295  -0.199657  0.977845  0.062901  0.035449  -0.056943  0.997748  0.005208  -0.018537  0.006128  0.276903  0.085434  1.158676  2.000000  0.999481  0.032118  -0.002575  -0.032100  0.999462  0.006751  0.002791  -0.006665  0.999974  0.999771  0.021325  -0.001726  -0.021314  0.999754  0.006076  0.001855  -0.006038  0.999980  1.000000  0.000267  -0.000022  -0.000267  1.000000  0.000076  0.000022  -0.000076  1.000000  0.999481  0.032118  -0.002575  -0.032100  0.999462  0.006751  0.002791  -0.006665  0.999974  0.000300  0.022237  
68.083000 0.006414  0.085087  0.007025  0.979137  0.201853  -0.023351  -0.200059  0.977745  0.063174  0.035583  -0.057185  0.997729  0.005074  -0.019155  0.006312  0.278275  0.083224  1.133516  2.000000  0.999455  0.032902  -0.002630  -0.032883  0.999435  0.006982  0.002859  -0.006892  0.999972  0.999785  0.020693  -0.001489  -0.020684  0.999768  0.006055  0.001614  -0.006023  0.999981  1.000000  0.000259  -0.000019  -0.000259  1.000000  0.000075  0.000019  -0.000075  1.000000  0.999455  0.032902  -0.002630  -0.032883  0.999435  0.006982  0.002859  -0.006892  0.999972  0.000294  0.021609  
68.084003 0.006417  0.085063  0.007034  0.979055  0.202261  -0.023276  -0.200462  0.977646  0.063421  0.035583  -0.057427  0.997715  0.004935  -0.019756  0.006504  0.281390  0.084496  1.105756  2.000000  0.999421  0.033906  -0.002703  -0.033885  0.999399  0.007291  0.002948  -0.007195  0.999970  0.999805  0.019667  -0.001542  -0.019657  0.999788  0.006143  0.001662  -0.006112  0.999980  1.000000  0.000246  -0.000020  -0.000246  1.000000  0.000077  0.000020  -0.000077  1.000000  0.999421  0.033906  -0.002703  -0.033885  0.999399  0.007291  0.002948  -0.007195  0.999970  0.000287  0.020658  
68.085262 0.006421  0.085032  0.007044  0.978968  0.202680  -0.023307  -0.200865  0.977538  0.063813  0.035717  -0.057790  0.997690  0.004611  -0.020481  0.006765  0.284140  0.086384  1.064039  2.000000  0.999380  0.035089  -0.002785  -0.035066  0.999356  0.007666  0.003053  -0.007564  0.999967  0.999829  0.018427  -0.001475  -0.018418  0.999813  0.005860  0.001583  -0.005832  0.999982  1.000000  0.000230  -0.000019  -0.000230  1.000000  0.000073  0.000019  -0.000073  1.000000  0.999380  0.035089  -0.002785  -0.035066  0.999356  0.007666  0.003053  -0.007564  0.999967  0.000279  0.019390  
68.086501 0.006424  0.085000  0.007053  0.978885  0.203088  -0.023231  -0.201268  0.977439  0.064060  0.035717  -0.058032  0.997676  0.004386  -0.021211  0.006873  0.286495  0.089238  1.009305  2.000000  0.999349  0.035969  -0.002845  -0.035945  0.999322  0.007964  0.003130  -0.007857  0.999964  0.999852  0.017180  -0.001274  -0.017172  0.999835  0.005939  0.001376  -0.005916  0.999982  1.000000  0.000215  -0.000017  -0.000215  1.000000  0.000074  0.000017  -0.000074  1.000000  0.999349  0.035969  -0.002845  -0.035945  0.999322  0.007964  0.003130  -0.007857  0.999964  0.000268  0.018219  
68.087752 0.006427  0.084968  0.007060  0.978802  0.203496  -0.023155  -0.201671  0.977340  0.064306  0.035717  -0.058274  0.997662  0.004077  -0.022021  0.006960  0.284972  0.082646  0.960397  2.000000  0.999319  0.036778  -0.002895  -0.036753  0.999290  0.008249  0.003197  -0.008137  0.999962  0.999876  0.015727  -0.001087  -0.015720  0.999860  0.005646  0.001176  -0.005628  0.999983  1.000000  0.000197  -0.000014  -0.000197  1.000000  0.000070  0.000014  -0.000070  1.000000  0.999319  0.036778  -0.002895  -0.036753  0.999290  0.008249  0.003197  -0.008137  0.999962  0.000253  0.016743  
68.089003 0.006431  0.084937  0.007068  0.978765  0.203695  -0.022962  -0.201873  0.977284  0.064521  0.035583  -0.058516  0.997652  0.003877  -0.022575  0.006992  0.282904  0.072346  0.897425  2.000000  0.999284  0.037712  -0.002944  -0.037686  0.999253  0.008597  0.003266  -0.008480  0.999959  0.999895  0.014471  -0.000756  -0.014467  0.999880  0.005480  0.000835  -0.005468  0.999985  1.000000  0.000181  -0.000010  -0.000181  1.000000  0.000068  0.000010  -0.000068  1.000000  0.999284  0.037712  -0.002944  -0.037686  0.999253  0.008597  0.003266  -0.008480  0.999959  0.000241  0.015491  
68.090250 0.006435  0.084907  0.007076  0.978682  0.204103  -0.022886  -0.202276  0.977184  0.064768  0.035583  -0.058758  0.997638  0.003656  -0.023137  0.007096  0.279308  0.064896  0.848500  2.000000  0.999258  0.038405  -0.002970  -0.038377  0.999224  0.008865  0.003308  -0.008744  0.999956  0.999907  0.013642  -0.000669  -0.013638  0.999893  0.005209  0.000740  -0.005199  0.999986  1.000000  0.000171  -0.000009  -0.000171  1.000000  0.000065  0.000009  -0.000065  1.000000  0.999258  0.038405  -0.002970  -0.038377  0.999224  0.008865  0.003308  -0.008744  0.999956  0.000226  0.014617  
68.091502 0.006438  0.084877  0.007084  0.978640  0.204310  -0.022823  -0.202478  0.977127  0.065010  0.035583  -0.059000  0.997624  0.003384  -0.023693  0.007154  0.275568  0.055145  0.792578  2.000000  0.999227  0.039193  -0.002994  -0.039164  0.999191  0.009184  0.003351  -0.009060  0.999953  0.999926  0.012189  -0.000484  -0.012186  0.999913  0.005037  0.000546  -0.005031  0.999987  1.000000  0.000152  -0.000006  -0.000152  1.000000  0.000063  0.000006  -0.000063  1.000000  0.999227  0.039193  -0.002994  -0.039164  0.999191  0.009184  0.003351  -0.009060  0.999953  0.000214  0.013196  
68.092748 0.006441  0.084847  0.007092  0.978599  0.204514  -0.022785  -0.202679  0.977077  0.065133  0.035583  -0.059121  0.997616  0.003258  -0.023939  0.007110  0.268234  0.047555  0.751459  2.000000  0.999199  0.039906  -0.003011  -0.039876  0.999160  0.009494  0.003387  -0.009366  0.999950  0.999940  0.010949  -0.000421  -0.010946  0.999928  0.004873  0.000475  -0.004868  0.999988  1.000000  0.000137  -0.000006  -0.000137  1.000000  0.000061  0.000006  -0.000061  1.000000  0.999199  0.039906  -0.003011  -0.039876  0.999160  0.009494  0.003387  -0.009366  0.999950  0.000202  0.011991  
68.093751 0.006443  0.084823  0.007098  0.978599  0.204516  -0.022760  -0.202679  0.977069  0.065251  0.035583  -0.059242  0.997609  0.003086  -0.024178  0.007070  0.256157  0.042210  0.694965  2.000000  0.999178  0.040420  -0.003019  -0.040389  0.999137  0.009730  0.003410  -0.009601  0.999948  0.999951  0.009914  -0.000348  -0.009912  0.999940  0.004715  0.000395  -0.004712  0.999989  1.000000  0.000124  -0.000005  -0.000124  1.000000  0.000059  0.000005  -0.000059  1.000000  0.999178  0.040420  -0.003019  -0.040389  0.999137  0.009730  0.003410  -0.009601  0.999948  0.000190  0.010983  
68.094752 0.006445  0.084798  0.007104  0.978557  0.204723  -0.022697  -0.202880  0.977011  0.065493  0.035583  -0.059484  0.997595  0.002975  -0.024316  0.006962  0.250451  0.040226  0.646371  2.000000  0.999159  0.040887  -0.003025  -0.040855  0.999115  0.009964  0.003430  -0.009832  0.999946  0.999959  0.009084  -0.000262  -0.009083  0.999948  0.004565  0.000304  -0.004563  0.999990  1.000000  0.000114  -0.000004  -0.000114  1.000000  0.000057  0.000004  -0.000057  1.000000  0.999159  0.040887  -0.003025  -0.040855  0.999115  0.009964  0.003430  -0.009832  0.999946  0.000179  0.010170  
68.095999 0.006448  0.084767  0.007113  0.978520  0.204919  -0.022528  -0.203083  0.976962  0.065589  0.035449  -0.059605  0.997592  0.002808  -0.024519  0.006917  0.240730  0.029337  0.597440  2.000000  0.999138  0.041409  -0.003025  -0.041376  0.999091  0.010249  0.003447  -0.010115  0.999943  0.999968  0.008042  -0.000055  -0.008041  0.999957  0.004528  0.000091  -0.004527  0.999990  1.000000  0.000101  -0.000001  -0.000101  1.000000  0.000057  0.000001  -0.000057  1.000000  0.999138  0.041409  -0.003025  -0.041376  0.999091  0.010249  0.003447  -0.010115  0.999943  0.000165  0.009229  
68.097249 0.006451  0.084736  0.007123  0.978478  0.205126  -0.022464  -0.203284  0.976904  0.065831  0.035449  -0.059847  0.997578  0.002688  -0.024688  0.006951  0.234798  0.023309  0.541653  2.000000  0.999118  0.041881  -0.003020  -0.041847  0.999069  0.010530  0.003458  -0.010394  0.999940  0.999974  0.007220  -0.000102  -0.007220  0.999964  0.004499  0.000135  -0.004498  0.999990  1.000000  0.000090  -0.000001  -0.000090  1.000000  0.000056  0.000001  -0.000056  1.000000  0.999118  0.041881  -0.003020  -0.041847  0.999069  0.010530  0.003458  -0.010394  0.999940  0.000152  0.008508  
68.098254 0.006454  0.084711  0.007132  0.978436  0.205329  -0.022426  -0.203486  0.976854  0.065954  0.035449  -0.059968  0.997571  0.002620  -0.024708  0.006905  0.225475  0.016163  0.506535  2.000000  0.999107  0.042139  -0.003018  -0.042105  0.999056  0.010698  0.003466  -0.010562  0.999938  0.999977  0.006809  -0.000126  -0.006809  0.999967  0.004485  0.000157  -0.004484  0.999990  1.000000  0.000085  -0.000002  -0.000085  1.000000  0.000056  0.000002  -0.000056  1.000000  0.999107  0.042139  -0.003018  -0.042105  0.999056  0.010698  0.003466  -0.010562  0.999938  0.000143  0.008154  
68.099498 0.006458  0.084679  0.007143  0.978436  0.205335  -0.022376  -0.203486  0.976838  0.066191  0.035449  -0.060210  0.997556  0.002606  -0.024747  0.006959  0.222495  0.013418  0.467959  2.000000  0.999090  0.042534  -0.003013  -0.042499  0.999036  0.010974  0.003477  -0.010836  0.999935  0.999982  0.005980  -0.000041  -0.005980  0.999972  0.004456  0.000067  -0.004456  0.999990  1.000000  0.000075  -0.000001  -0.000075  1.000000  0.000056  0.000001  -0.000056  1.000000  0.999090  0.042534  -0.003013  -0.042499  0.999036  0.010974  0.003477  -0.010836  0.999935  0.000131  0.007458  
68.100753 0.006461  0.084647  0.007153  0.978431  0.205348  -0.022457  -0.203485  0.976820  0.066455  0.035583  -0.060452  0.997537  0.002564  -0.024862  0.007003  0.216823  0.016035  0.420004  2.000000  0.999076  0.042878  -0.003008  -0.042841  0.999019  0.011243  0.003488  -0.011103  0.999932  0.999987  0.005158  -0.000090  -0.005158  0.999978  0.004185  0.000111  -0.004185  0.999991  1.000000  0.000064  -0.000001  -0.000064  1.000000  0.000052  0.000001  -0.000052  1.000000  0.999076  0.042878  -0.003008  -0.042841  0.999019  0.011243  0.003488  -0.011103  0.999932  0.000121  0.006643  
68.102005 0.006465  0.084615  0.007164  0.978389  0.205552  -0.022418  -0.203686  0.976770  0.066578  0.035583  -0.060573  0.997529  0.002640  -0.024882  0.007180  0.204720  0.009855  0.374594  2.000000  0.999073  0.042942  -0.003007  -0.042906  0.999015  0.011297  0.003490  -0.011157  0.999932  0.999989  0.004740  0.000020  -0.004740  0.999980  0.004171  -0.000000  -0.004171  0.999991  1.000000  0.000000  0.000000  0.000000  1.000000  0.000000  0.000000  0.000000  1.000000  0.999073  0.042942  -0.003007  -0.042906  0.999015  0.011297  0.003490  -0.011157  0.999932  0.000109  0.000000  
68.103249 0.006470  0.084583  0.007173  0.978343  0.205767  -0.022485  -0.203887  0.976710  0.066847  0.035717  -0.060815  0.997510  0.002744  -0.024802  0.007364  0.206171  0.011297  0.344143  2.000000  0.999073  0.042942  -0.003007  -0.042906  0.999015  0.011297  0.003490  -0.011157  0.999932  0.999991  0.004123  -0.000016  -0.004123  0.999983  0.004028  0.000033  -0.004028  0.999992  1.000000  0.000000  0.000000  0.000000  1.000000  0.000000  0.000000  0.000000  1.000000  0.999073  0.042942  -0.003007  -0.042906  0.999015  0.011297  0.003490  -0.011157  0.999932  0.000100  0.000000  
68.104502 0.006476  0.084552  0.007183  0.978343  0.205772  -0.022436  -0.203887  0.976693  0.067084  0.035717  -0.061057  0.997495  0.002889  -0.024935  0.007491  0.202404  0.009215  0.305383  2.000000  0.999073  0.042942  -0.003007  -0.042906  0.999015  0.011297  0.003490  -0.011157  0.999932  0.999993  0.003705  0.000093  -0.003705  0.999986  0.003892  -0.000079  -0.003892  0.999992  1.000000  0.000000  0.000000  0.000000  1.000000  0.000000  0.000000  0.000000  1.000000  0.999073  0.042942  -0.003007  -0.042906  0.999015  0.011297  0.003490  -0.011157  0.999932  0.000094  0.000000  
68.105502 0.006481  0.084527  0.007191  0.978347  0.205767  -0.022280  -0.203888  0.976687  0.067175  0.035583  -0.061178  0.997492  0.003031  -0.024920  0.007534  0.201400  0.006302  0.277492  2.000000  0.999073  0.042942  -0.003007  -0.042906  0.999015  0.011297  0.003490  -0.011157  0.999932  0.999995  0.003277  0.000335  -0.003279  0.999988  0.003756  -0.000323  -0.003757  0.999993  1.000000  0.000000  0.000000  0.000000  1.000000  0.000000  0.000000  0.000000  1.000000  0.999073  0.042942  -0.003007  -0.042906  0.999015  0.011297  0.003490  -0.011157  0.999932  0.000089  0.000000  
68.106755 0.006488  0.084496  0.007200  0.978305  0.205973  -0.022216  -0.204089  0.976628  0.067417  0.035583  -0.061420  0.997478  0.003282  -0.025040  0.007619  0.200417  0.007856  0.249867  2.000000  0.999073  0.042942  -0.003007  -0.042906  0.999015  0.011297  0.003490  -0.011157  0.999932  0.999995  0.003072  0.000323  -0.003073  0.999989  0.003506  -0.000312  -0.003507  0.999994  1.000000  0.000000  0.000000  0.000000  1.000000  0.000000  0.000000  0.000000  1.000000  0.999073  0.042942  -0.003007  -0.042906  0.999015  0.011297  0.003490  -0.011157  0.999932  0.000082  0.000000  
68.108002 0.006496  0.084466  0.007209  0.978305  0.205976  -0.022191  -0.204089  0.976620  0.067535  0.035583  -0.061541  0.997470  0.003596  -0.025004  0.007710  0.194008  0.004503  0.227000  2.000000  0.999073  0.042942  -0.003007  -0.042906  0.999015  0.011297  0.003490  -0.011157  0.999932  0.999996  0.002661  0.000298  -0.002662  0.999990  0.003491  -0.000289  -0.003492  0.999994  1.000000  0.000000  0.000000  0.000000  1.000000  0.000000  0.000000  0.000000  1.000000  0.999073  0.042942  -0.003007  -0.042906  0.999015  0.011297  0.003490  -0.011157  0.999932  0.000075  0.000000  
68.109004 0.006502  0.084442  0.007215  0.978263  0.206180  -0.022152  -0.204290  0.976569  0.067658  0.035583  -0.061662  0.997463  0.003893  -0.024987  0.007742  0.189463  0.005270  0.213290  2.000000  0.999073  0.042942  -0.003007  -0.042906  0.999015  0.011297  0.003490  -0.011157  0.999932  0.999996  0.002661  0.000299  -0.002662  0.999991  0.003370  -0.000290  -0.003371  0.999994  1.000000  0.000000  0.000000  0.000000  1.000000  0.000000  0.000000  0.000000  1.000000  0.999073  0.042942  -0.003007  -0.042906  0.999015  0.011297  0.003490  -0.011157  0.999932  0.000072  0.000000  
68.110252 0.006511  0.084412  0.007224  0.978263  0.206185  -0.022102  -0.204290  0.976553  0.067895  0.035583  -0.061904  0.997448  0.004336  -0.024921  0.007748  0.185990  0.002399  0.187177  2.000000  0.999073  0.042942  -0.003007  -0.042906  0.999015  0.011297  0.003490  -0.011157  0.999932  0.999997  0.002259  0.000140  -0.002259  0.999992  0.003234  -0.000133  -0.003234  0.999995  1.000000  0.000000  0.000000  0.000000  1.000000  0.000000  0.000000  0.000000  1.000000  0.999073  0.042942  -0.003007  -0.042906  0.999015  0.011297  0.003490  -0.011157  0.999932  0.000066  0.000000  
68.111497 0.006519  0.084382  0.007233  0.978221  0.206391  -0.022038  -0.204492  0.976494  0.068136  0.035583  -0.062146  0.997433  0.004680  -0.024851  0.007727  0.184239  -0.001709  0.178536  2.000000  0.999073  0.042942  -0.003007  -0.042906  0.999015  0.011297  0.003490  -0.011157  0.999932  0.999998  0.001848  0.000115  -0.001848  0.999993  0.003220  -0.000109  -0.003220  0.999995  1.000000  0.000000  0.000000  0.000000  1.000000  0.000000  0.000000  0.000000  1.000000  0.999073  0.042942  -0.003007  -0.042906  0.999015  0.011297  0.003490  -0.011157  0.999932  0.000063  0.000000  
68.112500 0.006527  0.084357  0.007241  0.978221  0.206394  -0.022013  -0.204492  0.976486  0.068255  0.035583  -0.062267  0.997425  0.005030  -0.024912  0.007702  0.179682  -0.004971  0.157911  2.000000  0.999073  0.042942  -0.003007  -0.042906  0.999015  0.011297  0.003490  -0.011157  0.999932  0.999998  0.002053  0.000128  -0.002054  0.999992  0.003348  -0.000121  -0.003348  0.999994  1.000000  0.000000  0.000000  0.000000  1.000000  0.000000  0.000000  0.000000  1.000000  0.999073  0.042942  -0.003007  -0.042906  0.999015  0.011297  0.003490  -0.011157  0.999932  0.000060  0.000000  
68.113748 0.006536  0.084326  0.007251  0.978221  0.206399  -0.021963  -0.204492  0.976469  0.068492  0.035583  -0.062509  0.997410  0.005371  -0.024811  0.007643  0.000000  0.000000  0.000000  2.000000  0.999073  0.042942  -0.003007  -0.042906  0.999015  0.011297  0.003490  -0.011157  0.999932  0.999998  0.001848  0.000116  -0.001848  0.999993  0.003341  -0.000110  -0.003341  0.999994  1.000000  0.000000  0.000000  0.000000  1.000000  0.000000  0.000000  0.000000  1.000000  0.999073  0.042942  -0.003007  -0.042906  0.999015  0.011297  0.003490  -0.011157  0.999932  0.000000  0.000000  
68.114999 0.006547  0.084295  0.007262  0.978179  0.206606  -0.021899  -0.204693  0.976410  0.068733  0.035583  -0.062751  0.997395  0.005862  -0.024757  0.007655  0.000000  0.000000  0.000000  2.000000  0.999073  0.042942  -0.003007  -0.042906  0.999015  0.011297  0.003490  -0.011157  0.999932  0.999998  0.001848  0.000116  -0.001848  0.999992  0.003462  -0.000110  -0.003462  0.999994  1.000000  0.000000  0.000000  0.000000  1.000000  0.000000  0.000000  0.000000  1.000000  0.999073  0.042942  -0.003007  -0.042906  0.999015  0.011297  0.003490  -0.011157  0.999932  0.000000  0.000000  
68.116249 0.006558  0.084263  0.007274  0.978137  0.206815  -0.021809  -0.204895  0.976342  0.069093  0.035583  -0.063114  0.997372  0.006383  -0.024700  0.007800  0.000000  0.000000  0.000000  2.000000  0.999073  0.042942  -0.003007  -0.042906  0.999015  0.011297  0.003490  -0.011157  0.999932  0.999998  0.001848  0.000117  -0.001848  0.999992  0.003462  -0.000110  -0.003462  0.999994  1.000000  0.000000  0.000000  0.000000  1.000000  0.000000  0.000000  0.000000  1.000000  0.999073  0.042942  -0.003007  -0.042906  0.999015  0.011297  0.003490  -0.011157  0.999932  0.000000  0.000000  
68.117252 0.006567  0.084238  0.007285  0.978132  0.206826  -0.021915  -0.204894  0.976332  0.069239  0.035717  -0.063234  0.997359  0.006722  -0.024722  0.007930  0.000000  0.000000  0.000000  2.000000  0.999073  0.042942  -0.003007  -0.042906  0.999015  0.011297  0.003490  -0.011157  0.999932  0.999999  0.001660  -0.000163  -0.001659  0.999992  0.003576  0.000169  -0.003576  0.999994  1.000000  0.000000  0.000000  0.000000  1.000000  0.000000  0.000000  0.000000  1.000000  0.999073  0.042942  -0.003007  -0.042906  0.999015  0.011297  0.003490  -0.011157  0.999932  0.000000  0.000000  
68.118498 0.006578  0.084206  0.007298  0.978132  0.206834  -0.021840  -0.204894  0.976307  0.069594  0.035717  -0.063597  0.997336  0.007109  -0.024760  0.008165  0.174964  -0.001849  0.103828  2.000000  0.999073  0.042942  -0.003007  -0.042906  0.999015  0.011297  0.003490  -0.011157  0.999932  0.999999  0.001454  -0.000176  -0.001454  0.999993  0.003569  0.000181  -0.003569  0.999994  1.000000  0.000000  0.000000  0.000000  1.000000  0.000000  0.000000  0.000000  1.000000  0.999073  0.042942  -0.003007  -0.042906  0.999015  0.011297  0.003490  -0.011157  0.999932  0.000000  0.000000  
