1-Time 2-Px 3-Py 4-Pz 5-R11 6-R21 7-R31 8-R12 9-R22 10-R32 11-R13 12-R23 13-R33 14-Vx 15-Vy 16-Vz 17-Wx 18-Wy 19-Wz 20-state 21-PR11 22-PR21 23-PR31 24-PR12 25-PR22 26-PR32 27-PR13 28-PR23 29-PR33 
138.017210 0.011046  0.080070  0.007343  0.984263  0.135441  0.113500  -0.124465  0.075418  0.989354  0.125439  -0.987911  0.091088  0.000173  0.000459  -0.000080  0.000000  0.000000  0.000000  2.000000  1.000000  0.000000  0.000000  0.000000  -0.000000  1.000000  0.000000  -1.000000  -0.000000  0.999998  0.002113  -0.000400  -0.002113  0.999998  -0.000025  0.000400  0.000026  1.000000  1.000000  0.000000  0.000000  0.000000  1.000000  0.000000  0.000000  0.000000  1.000000  0.581632  0.684508  0.439492  -0.459290  -0.169577  0.871950  0.671384  -0.709008  0.215756  0.000000  0.000000  
138.018227 0.011046  0.080070  0.007343  0.984263  0.135441  0.113500  -0.124465  0.075418  0.989354  0.125439  -0.987911  0.091088  0.000196  0.000419  -0.000099  0.000000  0.000000  0.000000  2.000000  1.000000  0.000000  0.000000  0.000000  -0.000000  1.000000  0.000000  -1.000000  -0.000000  0.999998  0.001980  -0.000388  -0.001980  0.999998  -0.000025  0.000388  0.000026  1.000000  1.000000  0.000000  0.000000  0.000000  1.000000  0.000000  0.000000  0.000000  1.000000  1.000000  0.000000  0.000000  0.000000  -0.000000  1.000000  0.000000  -1.000000  -0.000000  0.000000  0.000000  
138.019460 0.011048  0.080064  0.007344  0.984177  0.135386  0.114310  -0.125277  0.075443  0.989249  0.125307  -0.987916  0.091210  0.000290  -0.000003  -0.000043  0.000000  0.000000  0.000000  2.000000  1.000000  0.000000  0.000000  0.000000  -0.000000  1.000000  0.000000  -1.000000  -0.000000  0.999998  0.001770  0.000247  -0.001770  0.999998  0.000051  -0.000247  -0.000051  1.000000  1.000000  0.000000  0.000000  0.000000  1.000000  0.000000  0.000000  0.000000  1.000000  1.000000  0.000000  0.000000  0.000000  -0.000000  1.000000  0.000000  -1.000000  -0.000000  0.000000  0.000000  
138.020713 0.011049  0.080057  0.007347  0.984088  0.134955  0.115580  -0.126502  0.075343  0.989101  0.124776  -0.987983  0.091216  0.000391  -0.000541  0.000110  0.000000  0.000000  0.000000  2.000000  1.000000  0.000000  0.000000  0.000000  -0.000000  1.000000  0.000000  -1.000000  -0.000000  0.999998  0.001368  0.001720  -0.001368  0.999999  0.000108  -0.001720  -0.000110  0.999999  1.000000  0.000000  0.000000  0.000000  1.000000  0.000000  0.000000  0.000000  1.000000  1.000000  0.000000  0.000000  0.000000  -0.000000  1.000000  0.000000  -1.000000  -0.000000  0.000000  0.000000  
138.021713 0.011052  0.080052  0.007350  0.984049  0.134506  0.116427  -0.127320  0.075420  0.988990  0.124245  -0.988038  0.091342  0.000557  -0.000894  0.000322  0.000000  0.000000  0.000000  2.000000  1.000000  0.000000  0.000000  0.000000  -0.000000  1.000000  0.000000  -1.000000  -0.000000  0.999996  0.000910  0.002583  -0.000910  1.000000  0.000088  -0.002583  -0.000091  0.999997  1.000000  0.000000  0.000000  0.000000  1.000000  0.000000  0.000000  0.000000  1.000000  1.000000  0.000000  0.000000  0.000000  -0.000000  1.000000  0.000000  -1.000000  -0.000000  0.000000  0.000000  
138.022960 0.011055  0.080045  0.007354  0.984010  0.134044  0.117290  -0.128139  0.075377  0.988888  0.123714  -0.988104  0.091348  0.000703  -0.001421  0.000622  0.000000  0.000000  0.000000  2.000000  1.000000  0.000000  0.000000  0.000000  -0.000000  1.000000  0.000000  -1.000000  -0.000000  0.999994  0.000319  0.003458  -0.000320  1.000000  0.000190  -0.003458  -0.000191  0.999994  1.000000  0.000000  0.000000  0.000000  1.000000  0.000000  0.000000  0.000000  1.000000  1.000000  0.000000  0.000000  0.000000  -0.000000  1.000000  0.000000  -1.000000  -0.000000  0.000000  0.000000  
138.023961 0.011058  0.080039  0.007357  0.983990  0.133827  0.117705  -0.128549  0.075476  0.988827  0.123448  -0.988126  0.091471  0.000892  -0.001814  0.000816  0.000000  0.000000  0.000000  2.000000  1.000000  0.000000  0.000000  0.000000  -0.000000  1.000000  0.000000  -1.000000  -0.000000  0.999992  -0.000024  0.004105  0.000024  1.000000  0.000146  -0.004105  -0.000146  0.999992  1.000000  0.000000  0.000000  0.000000  1.000000  0.000000  0.000000  0.000000  1.000000  1.000000  0.000000  0.000000  0.000000  -0.000000  1.000000  0.000000  -1.000000  -0.000000  0.000000  0.000000  
138.024966 0.011060  0.080033  0.007360  0.983910  0.133874  0.118316  -0.129156  0.075393  0.988754  0.123448  -0.988126  0.091471  0.001087  -0.002236  0.001024  0.000000  0.000000  0.000000  2.000000  1.000000  0.000000  0.000000  0.000000  -0.000000  1.000000  0.000000  -1.000000  -0.000000  0.999990  -0.000253  0.004537  0.000252  1.000000  0.000197  -0.004537  -0.000196  0.999990  1.000000  0.000000  0.000000  0.000000  1.000000  0.000000  0.000000  0.000000  1.000000  1.000000  0.000000  0.000000  0.000000  -0.000000  1.000000  0.000000  -1.000000  -0.000000  0.000000  0.000000  
138.026212 0.011064  0.080025  0.007364  0.983803  0.133950  0.119114  -0.129967  0.075403  0.988647  0.123448  -0.988115  0.091591  0.001338  -0.002853  0.001290  0.005876  -0.176894  0.025383  2.000000  1.000000  -0.000009  0.000196  -0.000196  -0.000006  1.000000  -0.000009  -1.000000  -0.000006  0.999986  -0.000311  0.005363  0.000310  1.000000  0.000179  -0.005363  -0.000177  0.999986  1.000000  -0.000004  0.000067  0.000004  1.000000  0.000002  -0.000067  -0.000002  1.000000  1.000000  -0.000009  0.000196  -0.000196  -0.000006  1.000000  -0.000009  -1.000000  -0.000006  0.000043  0.005375  
138.027462 0.011069  0.080015  0.007367  0.983659  0.133912  0.120347  -0.131184  0.075255  0.988498  0.123315  -0.988132  0.091592  0.001657  -0.003543  0.001591  0.010995  -0.218743  0.020222  2.000000  1.000000  -0.000027  0.000577  -0.000577  -0.000023  1.000000  -0.000027  -1.000000  -0.000023  0.999978  -0.000332  0.006596  0.000330  1.000000  0.000331  -0.006596  -0.000329  0.999978  1.000000  -0.000004  0.000082  0.000004  1.000000  0.000004  -0.000082  -0.000004  1.000000  1.000000  -0.000027  0.000577  -0.000577  -0.000023  1.000000  -0.000027  -1.000000  -0.000023  0.000053  0.006612  
138.028711 0.011073  0.080005  0.007371  0.983561  0.133496  0.121600  -0.132408  0.075280  0.988333  0.122784  -0.988186  0.091718  0.001904  -0.004258  0.001830  0.011985  -0.261843  0.001647  2.000000  0.999999  -0.000067  0.001037  -0.001037  -0.000045  0.999999  -0.000067  -1.000000  -0.000045  0.999969  -0.000885  0.007878  0.000882  1.000000  0.000365  -0.007878  -0.000358  0.999969  1.000000  -0.000011  0.000098  0.000011  1.000000  0.000005  -0.000098  -0.000005  1.000000  0.999999  -0.000067  0.001037  -0.001037  -0.000045  0.999999  -0.000067  -1.000000  -0.000045  0.000064  0.007936  
138.029959 0.011077  0.079995  0.007375  0.983483  0.132687  0.123110  -0.133840  0.075212  0.988145  0.121855  -0.988300  0.091729  0.002174  -0.004970  0.002144  0.018678  -0.319956  -0.029117  2.000000  0.999999  -0.000149  0.001583  -0.001583  -0.000073  0.999999  -0.000149  -1.000000  -0.000074  0.999955  -0.001687  0.009388  0.001682  0.999998  0.000544  -0.009389  -0.000529  0.999956  1.000000  -0.000021  0.000117  0.000021  1.000000  0.000007  -0.000117  -0.000007  1.000000  0.999999  -0.000149  0.001583  -0.001583  -0.000073  0.999999  -0.000149  -1.000000  -0.000074  0.000078  0.009553  
138.030959 0.011080  0.079986  0.007380  0.983413  0.132009  0.124387  -0.135068  0.075276  0.987973  0.121058  -0.988386  0.091858  0.002345  -0.005623  0.002506  0.019574  -0.363859  -0.056638  2.000000  0.999998  -0.000257  0.002091  -0.002091  -0.000100  0.999998  -0.000257  -1.000000  -0.000100  0.999940  -0.002373  0.010683  0.002367  0.999997  0.000576  -0.010684  -0.000551  0.999943  1.000000  -0.000030  0.000134  0.000030  1.000000  0.000007  -0.000134  -0.000007  1.000000  0.999998  -0.000257  0.002091  -0.002091  -0.000100  0.999998  -0.000257  -1.000000  -0.000100  0.000090  0.010958  
138.032213 0.011083  0.079972  0.007387  0.983301  0.131246  0.126067  -0.136703  0.075426  0.987736  0.120128  -0.988476  0.092108  0.002511  -0.006637  0.002974  0.018033  -0.421974  -0.087355  2.000000  0.999996  -0.000451  0.002819  -0.002819  -0.000134  0.999996  -0.000451  -1.000000  -0.000135  0.999917  -0.003420  0.012422  0.003414  0.999994  0.000539  -0.012424  -0.000497  0.999923  1.000000  -0.000043  0.000155  0.000043  1.000000  0.000006  -0.000155  -0.000006  1.000000  0.999996  -0.000451  0.002819  -0.002819  -0.000134  0.999996  -0.000451  -1.000000  -0.000135  0.000105  0.012895  
138.033467 0.011086  0.079958  0.007396  0.983186  0.130484  0.127748  -0.138338  0.075578  0.987497  0.119198  -0.988566  0.092358  0.002625  -0.007410  0.003553  0.016435  -0.479784  -0.117985  2.000000  0.999994  -0.000654  0.003495  -0.003495  -0.000159  0.999994  -0.000654  -1.000000  -0.000161  0.999891  -0.004333  0.014149  0.004327  0.999991  0.000502  -0.014151  -0.000441  0.999900  1.000000  -0.000054  0.000177  0.000054  1.000000  0.000006  -0.000177  -0.000006  1.000000  0.999994  -0.000654  0.003495  -0.003495  -0.000159  0.999994  -0.000654  -1.000000  -0.000161  0.000122  0.014806  
138.034468 0.011087  0.079945  0.007405  0.983064  0.129970  0.129200  -0.139766  0.075723  0.987285  0.118534  -0.988622  0.092605  0.002681  -0.007984  0.004031  0.014034  -0.530132  -0.140324  2.000000  0.999991  -0.000894  0.004243  -0.004243  -0.000180  0.999991  -0.000893  -1.000000  -0.000184  0.999868  -0.005017  0.015445  0.005011  0.999987  0.000414  -0.015447  -0.000337  0.999881  1.000000  -0.000063  0.000193  0.000063  1.000000  0.000005  -0.000193  -0.000005  1.000000  0.999991  -0.000894  0.004243  -0.004243  -0.000180  0.999991  -0.000893  -1.000000  -0.000184  0.000133  0.016245  
138.035710 0.011090  0.079928  0.007415  0.982942  0.129225  0.130865  -0.141401  0.075999  0.987031  0.117604  -0.988699  0.092976  0.002694  -0.008594  0.004563  0.008296  -0.588361  -0.170981  2.000000  0.999985  -0.001238  0.005273  -0.005273  -0.000200  0.999986  -0.001237  -0.999999  -0.000207  0.999836  -0.005796  0.017161  0.005790  0.999983  0.000378  -0.017163  -0.000279  0.999853  1.000000  -0.000072  0.000215  0.000072  1.000000  0.000004  -0.000215  -0.000004  1.000000  0.999985  -0.001238  0.005273  -0.005273  -0.000200  0.999986  -0.001237  -0.999999  -0.000207  0.000149  0.018117  
138.036713 0.011092  0.079915  0.007422  0.982844  0.128697  0.132114  -0.142626  0.076174  0.986841  0.116939  -0.988754  0.093223  0.002684  -0.009207  0.004837  0.004959  -0.631452  -0.189444  2.000000  0.999980  -0.001554  0.006177  -0.006177  -0.000211  0.999981  -0.001553  -0.999999  -0.000220  0.999804  -0.006593  0.018673  0.006588  0.999978  0.000316  -0.018675  -0.000193  0.999826  1.000000  -0.000082  0.000233  0.000082  1.000000  0.000003  -0.000233  -0.000003  1.000000  0.999980  -0.001554  0.006177  -0.006177  -0.000211  0.999981  -0.001553  -0.999999  -0.000220  0.000163  0.019806  
138.037964 0.011093  0.079897  0.007427  0.982641  0.128100  0.134189  -0.144663  0.076264  0.986538  0.116142  -0.988825  0.093471  0.002583  -0.009871  0.004942  0.004923  -0.702774  -0.214304  2.000000  0.999971  -0.001993  0.007411  -0.007411  -0.000218  0.999973  -0.001991  -0.999998  -0.000233  0.999761  -0.007350  0.020593  0.007347  0.999973  0.000185  -0.020594  -0.000033  0.999788  1.000000  -0.000092  0.000257  0.000092  1.000000  0.000001  -0.000257  -0.000001  1.000000  0.999971  -0.001993  0.007411  -0.007411  -0.000218  0.999973  -0.001991  -0.999998  -0.000233  0.000180  0.021868  
138.039214 0.011096  0.079879  0.007431  0.982479  0.127358  0.136072  -0.146499  0.076402  0.986256  0.115212  -0.988910  0.093722  0.002529  -0.010659  0.004916  0.003962  -0.767722  -0.244268  2.000000  0.999959  -0.002480  0.008762  -0.008763  -0.000220  0.999962  -0.002478  -0.999997  -0.000242  0.999718  -0.008127  0.022310  0.008125  0.999967  0.000146  -0.022311  0.000035  0.999751  1.000000  -0.000102  0.000279  0.000102  1.000000  0.000001  -0.000279  -0.000001  1.000000  0.999959  -0.002480  0.008762  -0.008763  -0.000220  0.999962  -0.002478  -0.999997  -0.000242  0.000198  0.023747  
138.040463 0.011101  0.079862  0.007433  0.982312  0.126634  0.137940  -0.148335  0.076663  0.985961  0.114281  -0.988983  0.094092  0.002585  -0.011199  0.004777  -0.001123  -0.832767  -0.274188  2.000000  0.999944  -0.003007  0.010189  -0.010190  -0.000217  0.999948  -0.003004  -0.999995  -0.000248  0.999695  -0.008578  0.023177  0.008578  0.999963  0.000118  -0.023177  0.000081  0.999731  1.000000  -0.000107  0.000290  0.000107  1.000000  0.000000  -0.000290  -0.000000  1.000000  0.999944  -0.003007  0.010189  -0.010190  -0.000217  0.999948  -0.003004  -0.999995  -0.000248  0.000216  0.024716  
138.041726 0.011106  0.079846  0.007436  0.982141  0.125894  0.139823  -0.150171  0.076808  0.985672  0.113351  -0.989066  0.094342  0.002580  -0.011699  0.004747  -0.002182  -0.897291  -0.303962  2.000000  0.999929  -0.003449  0.011378  -0.011379  -0.000207  0.999935  -0.003447  -0.999994  -0.000246  0.999670  -0.009030  0.024045  0.009033  0.999959  -0.000032  -0.024043  0.000250  0.999711  1.000000  -0.000113  0.000301  0.000113  1.000000  -0.000002  -0.000301  0.000002  1.000000  0.999929  -0.003449  0.011378  -0.011379  -0.000207  0.999935  -0.003447  -0.999994  -0.000246  0.000234  0.025687  
138.042963 0.011112  0.079830  0.007439  0.981996  0.125139  0.141503  -0.151805  0.076981  0.985408  0.112420  -0.989148  0.094592  0.002704  -0.012121  0.004725  -0.004114  -0.956081  -0.334734  2.000000  0.999913  -0.003911  0.012612  -0.012613  -0.000190  0.999920  -0.003908  -0.999992  -0.000239  0.999646  -0.009345  0.024901  0.009352  0.999956  -0.000187  -0.024898  0.000420  0.999690  1.000000  -0.000117  0.000311  0.000117  1.000000  -0.000004  -0.000311  0.000004  1.000000  0.999913  -0.003911  0.012612  -0.012613  -0.000190  0.999920  -0.003908  -0.999992  -0.000239  0.000250  0.026602  
138.044209 0.011117  0.079811  0.007441  0.981849  0.124385  0.143183  -0.153438  0.077157  0.985141  0.111490  -0.989230  0.094842  0.002803  -0.012717  0.004552  -0.006089  -1.014290  -0.365290  2.000000  0.999889  -0.004506  0.014211  -0.014212  -0.000161  0.999899  -0.004503  -0.999990  -0.000225  0.999610  -0.009757  0.026176  0.009768  0.999952  -0.000289  -0.026172  0.000544  0.999657  1.000000  -0.000122  0.000327  0.000122  1.000000  -0.000005  -0.000327  0.000005  1.000000  0.999889  -0.004506  0.014211  -0.014212  -0.000161  0.999899  -0.004503  -0.999990  -0.000225  0.000268  0.027942  
138.045213 0.011120  0.079795  0.007443  0.981697  0.123632  0.144863  -0.155071  0.077335  0.984872  0.110559  -0.989310  0.095092  0.002841  -0.013215  0.004423  -0.008105  -1.072256  -0.395737  2.000000  0.999867  -0.005007  0.015541  -0.015542  -0.000135  0.999879  -0.005004  -0.999987  -0.000213  0.999582  -0.010207  0.027043  0.010220  0.999948  -0.000316  -0.027039  0.000593  0.999634  1.000000  -0.000128  0.000338  0.000128  1.000000  -0.000006  -0.000338  0.000006  1.000000  0.999867  -0.005007  0.015541  -0.015542  -0.000135  0.999879  -0.005004  -0.999987  -0.000213  0.000282  0.028913  
138.046213 0.011124  0.079778  0.007445  0.981560  0.122995  0.146328  -0.156500  0.077521  0.984631  0.109761  -0.989375  0.095340  0.002899  -0.013729  0.004221  -0.010908  -1.123259  -0.422446  2.000000  0.999841  -0.005543  0.016919  -0.016920  -0.000101  0.999857  -0.005541  -0.999985  -0.000195  0.999554  -0.011076  0.027746  0.011090  0.999938  -0.000362  -0.027740  0.000670  0.999615  1.000000  -0.000139  0.000347  0.000139  1.000000  -0.000006  -0.000347  0.000006  1.000000  0.999841  -0.005543  0.016919  -0.016920  -0.000101  0.999857  -0.005541  -0.999985  -0.000195  0.000297  0.029884  
138.047460 0.011128  0.079756  0.007447  0.981398  0.122016  0.148221  -0.158339  0.077841  0.984312  0.108564  -0.989471  0.095713  0.003030  -0.014234  0.003855  -0.016294  -1.179682  -0.457483  2.000000  0.999805  -0.006267  0.018703  -0.018703  -0.000052  0.999825  -0.006265  -0.999980  -0.000169  0.999516  -0.012058  0.028665  0.012077  0.999927  -0.000504  -0.028656  0.000850  0.999589  1.000000  -0.000151  0.000358  0.000151  1.000000  -0.000008  -0.000358  0.000008  1.000000  0.999805  -0.006267  0.018703  -0.018703  -0.000052  0.999825  -0.006265  -0.999980  -0.000169  0.000313  0.031110  
138.048710 0.011133  0.079733  0.007447  0.981250  0.121135  0.149914  -0.159974  0.078049  0.984031  0.107500  -0.989563  0.095964  0.003125  -0.014764  0.003264  -0.019401  -1.231489  -0.488680  2.000000  0.999773  -0.006895  0.020172  -0.020172  0.000003  0.999797  -0.006893  -0.999976  -0.000136  0.999476  -0.012750  0.029764  0.012778  0.999918  -0.000750  -0.029752  0.001130  0.999557  1.000000  -0.000160  0.000372  0.000160  1.000000  -0.000012  -0.000372  0.000012  1.000000  0.999773  -0.006895  0.020172  -0.020172  0.000003  0.999797  -0.006893  -0.999976  -0.000136  0.000329  0.032399  
138.049716 0.011137  0.079714  0.007447  0.981123  0.120615  0.151163  -0.161197  0.078245  0.983816  0.106835  -0.989611  0.096211  0.003277  -0.015167  0.002551  -0.023454  -1.248493  -0.500381  2.000000  0.999737  -0.007545  0.021661  -0.021661  0.000064  0.999765  -0.007545  -0.999972  -0.000099  0.999463  -0.013123  0.030011  0.013155  0.999913  -0.000858  -0.029997  0.001252  0.999549  1.000000  -0.000164  0.000375  0.000164  1.000000  -0.000013  -0.000375  0.000013  1.000000  0.999737  -0.007545  0.021661  -0.021661  0.000064  0.999765  -0.007545  -0.999972  -0.000099  0.000337  0.032777  
138.050722 0.011142  0.079697  0.007445  0.980993  0.120113  0.152398  -0.162421  0.078562  0.983589  0.106169  -0.989647  0.096578  0.003500  -0.015466  0.001889  -0.035517  -1.256164  -0.508372  2.000000  0.999698  -0.008199  0.023159  -0.023159  0.000140  0.999732  -0.008200  -0.999966  -0.000050  0.999463  -0.013115  0.030016  0.013155  0.999913  -0.001120  -0.029999  0.001514  0.999549  1.000000  -0.000164  0.000375  0.000164  1.000000  -0.000016  -0.000375  0.000016  1.000000  0.999698  -0.008199  0.023159  -0.023159  0.000140  0.999732  -0.008200  -0.999966  -0.000050  0.000339  0.032789  
138.051966 0.011151  0.079675  0.007441  0.980856  0.119368  0.153861  -0.163851  0.078900  0.983325  0.105238  -0.989710  0.096948  0.003975  -0.015769  0.001146  -0.043059  -1.271283  -0.515845  2.000000  0.999656  -0.008856  0.024671  -0.024670  0.000230  0.999696  -0.008859  -0.999961  0.000012  0.999455  -0.013218  0.030240  0.013265  0.999911  -0.001361  -0.030219  0.001761  0.999542  1.000000  -0.000166  0.000378  0.000166  1.000000  -0.000019  -0.000378  0.000020  1.000000  0.999656  -0.008856  0.024671  -0.024670  0.000230  0.999696  -0.008859  -0.999961  0.000012  0.000343  0.033045  
138.053214 0.011161  0.079656  0.007438  0.980729  0.118494  0.155338  -0.165283  0.079261  0.983056  0.104174  -0.989786  0.097319  0.004503  -0.015870  0.000605  -0.048951  -1.300960  -0.535266  2.000000  0.999601  -0.009672  0.026555  -0.026553  0.000360  0.999647  -0.009679  -0.999953  0.000103  0.999463  -0.013092  0.030032  0.013144  0.999912  -0.001537  -0.030009  0.001931  0.999548  1.000000  -0.000164  0.000375  0.000164  1.000000  -0.000022  -0.000375  0.000022  1.000000  0.999601  -0.009672  0.026555  -0.026553  0.000360  0.999647  -0.009679  -0.999953  0.000103  0.000349  0.032813  
138.054463 0.011174  0.079639  0.007435  0.980599  0.117620  0.156814  -0.166714  0.079626  0.982785  0.103109  -0.989861  0.097690  0.005168  -0.015758  0.000186  -0.057536  -1.327503  -0.558509  2.000000  0.999541  -0.010489  0.028404  -0.028401  0.000504  0.999596  -0.010499  -0.999945  0.000206  0.999480  -0.013135  0.029432  0.013196  0.999911  -0.001882  -0.029405  0.002270  0.999565  1.000000  -0.000165  0.000368  0.000165  1.000000  -0.000026  -0.000368  0.000026  1.000000  0.999541  -0.010489  0.028404  -0.028401  0.000504  0.999596  -0.010499  -0.999945  0.000206  0.000360  0.032302  
138.055714 0.011188  0.079623  0.007432  0.980480  0.116637  0.158289  -0.168148  0.080134  0.982499  0.101911  -0.989937  0.098182  0.005793  -0.015785  -0.000126  -0.069445  -1.356206  -0.601643  2.000000  0.999479  -0.011320  0.030235  -0.030230  0.000659  0.999543  -0.011335  -0.999936  0.000316  0.999482  -0.013409  0.029263  0.013472  0.999907  -0.001932  -0.029234  0.002325  0.999570  1.000000  -0.000168  0.000366  0.000168  1.000000  -0.000027  -0.000366  0.000027  1.000000  0.999479  -0.011320  0.030235  -0.030230  0.000659  0.999543  -0.011335  -0.999936  0.000316  0.000366  0.032265  
138.056963 0.011203  0.079606  0.007431  0.980357  0.115636  0.159780  -0.169582  0.080527  0.982221  0.100713  -0.990022  0.098555  0.006392  -0.015892  -0.000431  -0.081765  -1.366757  -0.636560  2.000000  0.999425  -0.012011  0.031706  -0.031699  0.000795  0.999497  -0.012030  -0.999928  0.000414  0.999473  -0.013931  0.029323  0.013997  0.999900  -0.002071  -0.029291  0.002481  0.999568  1.000000  -0.000175  0.000366  0.000175  1.000000  -0.000028  -0.000366  0.000028  1.000000  0.999425  -0.012011  0.031706  -0.031699  0.000795  0.999497  -0.012030  -0.999928  0.000414  0.000375  0.032549  
138.058211 0.011216  0.079588  0.007430  0.980252  0.114769  0.161041  -0.170811  0.081042  0.981965  0.099648  -0.990081  0.099046  0.006941  -0.015896  -0.000713  -0.094959  -1.369368  -0.658586  2.000000  0.999354  -0.012892  0.033538  -0.033528  0.000978  0.999437  -0.012917  -0.999916  0.000545  0.999474  -0.014202  0.029155  0.014276  0.999895  -0.002359  -0.029119  0.002774  0.999572  1.000000  -0.000178  0.000364  0.000178  1.000000  -0.000032  -0.000364  0.000032  1.000000  0.999354  -0.012892  0.033538  -0.033528  0.000978  0.999437  -0.012917  -0.999916  0.000545  0.000379  0.032537  
138.059459 0.011229  0.079568  0.007428  0.980119  0.114145  0.162291  -0.172035  0.081395  0.981722  0.098849  -0.990124  0.099414  0.007431  -0.015888  -0.000892  -0.106485  -1.365394  -0.656621  2.000000  0.999281  -0.013783  0.035333  -0.035320  0.001175  0.999375  -0.013816  -0.999904  0.000687  0.999491  -0.014250  0.028553  0.014326  0.999894  -0.002455  -0.028515  0.002863  0.999589  1.000000  -0.000179  0.000357  0.000179  1.000000  -0.000033  -0.000357  0.000033  1.000000  0.999281  -0.013783  0.035333  -0.035320  0.001175  0.999375  -0.013816  -0.999904  0.000687  0.000380  0.032027  
138.060709 0.011242  0.079548  0.007427  0.980019  0.113525  0.163325  -0.173058  0.081892  0.981501  0.098050  -0.990154  0.099902  0.008052  -0.015865  -0.001220  -0.121996  -1.344879  -0.653713  2.000000  0.999205  -0.014670  0.037080  -0.037063  0.001392  0.999312  -0.014712  -0.999891  0.000847  0.999520  -0.014202  0.027532  0.014286  0.999894  -0.002839  -0.027489  0.003231  0.999617  1.000000  -0.000178  0.000344  0.000178  1.000000  -0.000038  -0.000344  0.000038  1.000000  0.999205  -0.014670  0.037080  -0.037063  0.001392  0.999312  -0.014712  -0.999891  0.000847  0.000376  0.031133  
138.061710 0.011252  0.079531  0.007423  0.979928  0.113131  0.164144  -0.173874  0.082248  0.981327  0.097518  -0.990170  0.100268  0.008413  -0.015879  -0.001491  -0.132521  -1.330306  -0.641402  2.000000  0.999143  -0.015374  0.038441  -0.038422  0.001577  0.999260  -0.015423  -0.999881  0.000985  0.999538  -0.014119  0.026915  0.014206  0.999894  -0.003047  -0.026870  0.003428  0.999633  1.000000  -0.000177  0.000336  0.000177  1.000000  -0.000040  -0.000336  0.000041  1.000000  0.999143  -0.015374  0.038441  -0.038422  0.001577  0.999260  -0.015423  -0.999881  0.000985  0.000373  0.030570  
138.062959 0.011265  0.079509  0.007417  0.979838  0.112383  0.165192  -0.174899  0.082771  0.981101  0.096586  -0.990212  0.100757  0.009011  -0.015904  -0.002014  -0.144027  -1.310420  -0.642956  2.000000  0.999065  -0.016235  0.040067  -0.040042  0.001828  0.999196  -0.016295  -0.999867  0.001176  0.999582  -0.013714  0.025448  0.013804  0.999899  -0.003362  -0.025399  0.003712  0.999671  1.000000  -0.000172  0.000318  0.000172  1.000000  -0.000044  -0.000318  0.000044  1.000000  0.999065  -0.016235  0.040067  -0.040042  0.001828  0.999196  -0.016295  -0.999867  0.001176  0.000367  0.029127  
138.063960 0.011276  0.079490  0.007412  0.979733  0.111746  0.166241  -0.175921  0.083152  0.980886  0.095787  -0.990252  0.101125  0.009528  -0.015931  -0.002349  -0.150456  -1.297557  -0.648314  2.000000  0.999002  -0.016917  0.041328  -0.041299  0.002042  0.999145  -0.016987  -0.999855  0.001341  0.999587  -0.013725  0.025251  0.013821  0.999898  -0.003647  -0.025199  0.003994  0.999674  1.000000  -0.000172  0.000315  0.000172  1.000000  -0.000048  -0.000315  0.000048  1.000000  0.999002  -0.016917  0.041328  -0.041299  0.002042  0.999145  -0.016987  -0.999855  0.001341  0.000366  0.028997  
138.065211 0.011292  0.079467  0.007405  0.979652  0.110869  0.167303  -0.176947  0.083701  0.980655  0.094721  -0.990304  0.101616  0.010202  -0.015894  -0.002748  -0.157109  -1.285236  -0.657960  2.000000  0.998938  -0.017616  0.042578  -0.042544  0.002276  0.999092  -0.017697  -0.999842  0.001524  0.999588  -0.014282  0.024909  0.014388  0.999888  -0.004070  -0.024848  0.004427  0.999681  1.000000  -0.000179  0.000311  0.000179  1.000000  -0.000053  -0.000311  0.000053  1.000000  0.998938  -0.017616  0.042578  -0.042544  0.002276  0.999092  -0.017697  -0.999842  0.001524  0.000364  0.029029  
138.066221 0.011306  0.079451  0.007399  0.979580  0.110238  0.168138  -0.177768  0.084228  0.980461  0.093922  -0.990330  0.102105  0.010698  -0.015802  -0.003007  -0.171212  -1.261044  -0.661567  2.000000  0.998872  -0.018319  0.043799  -0.043760  0.002522  0.999039  -0.018412  -0.999829  0.001717  0.999609  -0.014221  0.024089  0.014329  0.999888  -0.004303  -0.024025  0.004646  0.999701  1.000000  -0.000178  0.000301  0.000178  1.000000  -0.000056  -0.000301  0.000056  1.000000  0.998872  -0.018319  0.043799  -0.043760  0.002522  0.999039  -0.018412  -0.999829  0.001717  0.000361  0.028333  
138.067463 0.011324  0.079433  0.007393  0.979520  0.109476  0.168986  -0.178590  0.084779  0.980264  0.092989  -0.990367  0.102594  0.011343  -0.015638  -0.003165  -0.180000  -1.228036  -0.669101  2.000000  0.998806  -0.019027  0.044993  -0.044948  0.002787  0.998985  -0.019133  -0.999815  0.001928  0.999616  -0.014384  0.023704  0.014497  0.999884  -0.004608  -0.023635  0.004950  0.999708  1.000000  -0.000181  0.000296  0.000181  1.000000  -0.000060  -0.000296  0.000060  1.000000  0.998806  -0.019027  0.044993  -0.044948  0.002787  0.998985  -0.019133  -0.999815  0.001928  0.000356  0.028139  
138.068716 0.011343  0.079416  0.007388  0.979445  0.108847  0.169821  -0.179410  0.085308  0.980069  0.092190  -0.990391  0.103082  0.011836  -0.015569  -0.003252  -0.192720  -1.193514  -0.667475  2.000000  0.998723  -0.019907  0.046427  -0.046374  0.003141  0.998919  -0.020032  -0.999797  0.002214  0.999649  -0.014094  0.022453  0.014210  0.999886  -0.005009  -0.022380  0.005326  0.999735  1.000000  -0.000177  0.000280  0.000177  1.000000  -0.000065  -0.000280  0.000065  1.000000  0.998723  -0.019907  0.046427  -0.046374  0.003141  0.998919  -0.020032  -0.999797  0.002214  0.000348  0.027012  
138.069963 0.011363  0.079400  0.007383  0.979358  0.108369  0.170631  -0.180227  0.085932  0.979864  0.091524  -0.990390  0.103689  0.012235  -0.015592  -0.003412  -0.206161  -1.163864  -0.663616  2.000000  0.998642  -0.020753  0.047780  -0.047717  0.003512  0.998855  -0.020897  -0.999778  0.002517  0.999682  -0.013676  0.021185  0.013791  0.999891  -0.005286  -0.021111  0.005577  0.999762  1.000000  -0.000172  0.000264  0.000172  1.000000  -0.000068  -0.000264  0.000068  1.000000  0.998642  -0.020753  0.047780  -0.047717  0.003512  0.998855  -0.020897  -0.999778  0.002517  0.000340  0.025797  
138.071210 0.011382  0.079382  0.007378  0.979294  0.107983  0.171238  -0.180841  0.086437  0.979707  0.090991  -0.990388  0.104175  0.012534  -0.015600  -0.003543  -0.219481  -1.122386  -0.649944  2.000000  0.998562  -0.021583  0.049079  -0.049005  0.003904  0.998791  -0.021748  -0.999759  0.002841  0.999704  -0.013351  0.020338  0.013465  0.999894  -0.005512  -0.020262  0.005785  0.999778  1.000000  -0.000168  0.000254  0.000168  1.000000  -0.000071  -0.000254  0.000071  1.000000  0.998562  -0.021583  0.049079  -0.049005  0.003904  0.998791  -0.021748  -0.999759  0.002841  0.000330  0.024978  
138.072464 0.011400  0.079362  0.007373  0.979230  0.107620  0.171833  -0.181455  0.087061  0.979538  0.090458  -0.990373  0.104781  0.012857  -0.015767  -0.003849  -0.236427  -1.079922  -0.639837  2.000000  0.998483  -0.022387  0.050311  -0.050227  0.004311  0.998729  -0.022575  -0.999740  0.003180  0.999731  -0.012912  0.019274  0.013027  0.999898  -0.005882  -0.019196  0.006132  0.999797  1.000000  -0.000162  0.000240  0.000162  1.000000  -0.000075  -0.000240  0.000075  1.000000  0.998483  -0.022387  0.050311  -0.050227  0.004311  0.998729  -0.022575  -0.999740  0.003180  0.000323  0.023966  
138.073714 0.011417  0.079340  0.007369  0.979140  0.107124  0.172656  -0.182272  0.087569  0.979341  0.089792  -0.990382  0.105268  0.013101  -0.016016  -0.004080  -0.247528  -1.046762  -0.635393  2.000000  0.998420  -0.023018  0.051263  -0.051170  0.004651  0.998679  -0.023226  -0.999724  0.003465  0.999740  -0.012811  0.018860  0.012928  0.999898  -0.006060  -0.018781  0.006303  0.999804  1.000000  -0.000161  0.000235  0.000161  1.000000  -0.000077  -0.000235  0.000077  1.000000  0.998420  -0.023018  0.051263  -0.051170  0.004651  0.998679  -0.023226  -0.999724  0.003465  0.000315  0.023625  
138.074959 0.011434  0.079316  0.007364  0.979097  0.106502  0.173279  -0.182890  0.088242  0.979165  0.088992  -0.990389  0.105876  0.013302  -0.016294  -0.004251  -0.261484  -1.012647  -0.633306  2.000000  0.998342  -0.023794  0.052416  -0.052309  0.005092  0.998618  -0.024028  -0.999704  0.003839  0.999758  -0.012619  0.018027  0.012737  0.999898  -0.006406  -0.017944  0.006634  0.999817  1.000000  -0.000158  0.000225  0.000158  1.000000  -0.000081  -0.000225  0.000082  1.000000  0.998342  -0.023794  0.052416  -0.052309  0.005092  0.998618  -0.024028  -0.999704  0.003839  0.000307  0.022952  
138.076223 0.011449  0.079292  0.007359  0.979043  0.106010  0.173890  -0.183506  0.088892  0.978991  0.088326  -0.990384  0.106483  0.013541  -0.016545  -0.004405  -0.277806  -0.962731  -0.620253  2.000000  0.998279  -0.024404  0.053317  -0.053199  0.005461  0.998569  -0.024660  -0.999687  0.004153  0.999765  -0.012364  0.017804  0.012484  0.999900  -0.006685  -0.017720  0.006906  0.999819  1.000000  -0.000155  0.000222  0.000155  1.000000  -0.000085  -0.000222  0.000085  1.000000  0.998279  -0.024404  0.053317  -0.053199  0.005461  0.998569  -0.024660  -0.999687  0.004153  0.000298  0.022718  
138.077459 0.011465  0.079267  0.007355  0.978998  0.105390  0.174514  -0.184123  0.089567  0.978814  0.087526  -0.990389  0.107091  0.013737  -0.016724  -0.004301  -0.291214  -0.927861  -0.613307  2.000000  0.998203  -0.025137  0.054388  -0.054255  0.005938  0.998509  -0.025422  -0.999666  0.004563  0.999795  -0.011685  0.016506  0.011801  0.999906  -0.006954  -0.016423  0.007148  0.999840  1.000000  -0.000147  0.000206  0.000147  1.000000  -0.000088  -0.000206  0.000088  1.000000  0.998203  -0.025137  0.054388  -0.054255  0.005938  0.998509  -0.025422  -0.999666  0.004563  0.000288  0.021419  
138.078709 0.011482  0.079245  0.007353  0.978968  0.105033  0.174897  -0.184535  0.090334  0.978666  0.086993  -0.990357  0.107817  0.013957  -0.016614  -0.004020  -0.312085  -0.885637  -0.599306  2.000000  0.998131  -0.025840  0.055385  -0.055237  0.006436  0.998453  -0.026156  -0.999645  0.004997  0.999816  -0.011383  0.015454  0.011499  0.999906  -0.007436  -0.015368  0.007613  0.999853  1.000000  -0.000143  0.000193  0.000143  1.000000  -0.000094  -0.000193  0.000094  1.000000  0.998131  -0.025840  0.055385  -0.055237  0.006436  0.998453  -0.026156  -0.999645  0.004997  0.000280  0.020618  
138.079709 0.011496  0.079228  0.007352  0.978938  0.104634  0.175306  -0.184947  0.090864  0.978539  0.086460  -0.990351  0.108302  0.014028  -0.016536  -0.003716  -0.323387  -0.858447  -0.597477  2.000000  0.998074  -0.026385  0.056144  -0.055981  0.006848  0.998408  -0.026727  -0.999628  0.005358  0.999830  -0.011197  0.014617  0.011310  0.999907  -0.007650  -0.014530  0.007814  0.999864  1.000000  -0.000141  0.000182  0.000141  1.000000  -0.000097  -0.000182  0.000097  1.000000  0.998074  -0.026385  0.056144  -0.055981  0.006848  0.998408  -0.026727  -0.999628  0.005358  0.000274  0.019972  
138.080709 0.011510  0.079212  0.007352  0.978934  0.104369  0.175487  -0.185155  0.091510  0.978439  0.086060  -0.990320  0.108907  0.014129  -0.016439  -0.003276  -0.335263  -0.824031  -0.591822  2.000000  0.998018  -0.026922  0.056871  -0.056695  0.007276  0.998365  -0.027291  -0.999611  0.005735  0.999838  -0.011099  0.014203  0.011213  0.999906  -0.007940  -0.014114  0.008098  0.999868  1.000000  -0.000139  0.000177  0.000139  1.000000  -0.000100  -0.000177  0.000100  1.000000  0.998018  -0.026922  0.056871  -0.056695  0.007276  0.998365  -0.027291  -0.999611  0.005735  0.000268  0.019730  
138.081709 0.011525  0.079197  0.007352  0.978891  0.104101  0.175882  -0.185564  0.092016  0.978314  0.085660  -0.990301  0.109391  0.014164  -0.016474  -0.002927  -0.346328  -0.795470  -0.580860  2.000000  0.997977  -0.027317  0.057401  -0.057214  0.007607  0.998333  -0.027708  -0.999598  0.006029  0.999842  -0.010982  0.013991  0.011097  0.999905  -0.008209  -0.013899  0.008363  0.999868  1.000000  -0.000138  0.000174  0.000138  1.000000  -0.000104  -0.000174  0.000104  1.000000  0.997977  -0.027317  0.057401  -0.057214  0.007607  0.998333  -0.027708  -0.999598  0.006029  0.000262  0.019623  
138.082972 0.011543  0.079176  0.007351  0.978860  0.103725  0.176280  -0.185976  0.092665  0.978175  0.085127  -0.990280  0.109997  0.014064  -0.016718  -0.002594  -0.357752  -0.758786  -0.567019  2.000000  0.997909  -0.027973  0.058260  -0.058053  0.008172  0.998280  -0.028401  -0.999575  0.006531  0.999851  -0.010907  0.013373  0.011020  0.999904  -0.008399  -0.013280  0.008545  0.999875  1.000000  -0.000137  0.000167  0.000137  1.000000  -0.000106  -0.000167  0.000106  1.000000  0.997909  -0.027973  0.058260  -0.058053  0.008172  0.998280  -0.028401  -0.999575  0.006531  0.000256  0.019225  
138.084213 0.011562  0.079154  0.007349  0.978789  0.103391  0.176866  -0.186589  0.093412  0.977987  0.084593  -0.990245  0.110722  0.014052  -0.017097  -0.002455  -0.373229  -0.730044  -0.551735  2.000000  0.997843  -0.028612  0.059082  -0.058854  0.008753  0.998228  -0.029079  -0.999552  0.007050  0.999863  -0.010566  0.012726  0.010677  0.999905  -0.008712  -0.012633  0.008846  0.999881  1.000000  -0.000133  0.000159  0.000133  1.000000  -0.000110  -0.000158  0.000110  1.000000  0.997843  -0.028612  0.059082  -0.058854  0.008753  0.998228  -0.029079  -0.999552  0.007050  0.000249  0.018727  
138.085213 0.011576  0.079136  0.007346  0.978784  0.103127  0.177049  -0.186797  0.094058  0.977885  0.084193  -0.990211  0.111327  0.013939  -0.017419  -0.002407  -0.384536  -0.702926  -0.540128  2.000000  0.997791  -0.029107  0.059712  -0.059466  0.009228  0.998188  -0.029605  -0.999534  0.007477  0.999875  -0.010229  0.012076  0.010337  0.999907  -0.008901  -0.011984  0.009025  0.999887  1.000000  -0.000129  0.000150  0.000129  1.000000  -0.000112  -0.000150  0.000112  1.000000  0.997791  -0.029107  0.059712  -0.059466  0.009228  0.998188  -0.029605  -0.999534  0.007477  0.000242  0.018189  
138.086468 0.011593  0.079112  0.007342  0.978751  0.102753  0.177448  -0.187208  0.094709  0.977744  0.083660  -0.990188  0.111932  0.013832  -0.017775  -0.002344  -0.396217  -0.664559  -0.517188  2.000000  0.997730  -0.029683  0.060440  -0.060172  0.009831  0.998140  -0.030222  -0.999511  0.008022  0.999892  -0.009513  0.011180  0.009616  0.999912  -0.009115  -0.011093  0.009221  0.999896  1.000000  -0.000120  0.000139  0.000120  1.000000  -0.000115  -0.000139  0.000115  1.000000  0.997730  -0.029683  0.060440  -0.060172  0.009831  0.998140  -0.030222  -0.999511  0.008022  0.000236  0.017309  
138.087711 0.011610  0.079086  0.007339  0.978707  0.102531  0.177820  -0.187617  0.095453  0.977593  0.083260  -0.990140  0.112657  0.013795  -0.018106  -0.002169  -0.408091  -0.630475  -0.497844  2.000000  0.997673  -0.030224  0.061119  -0.060828  0.010439  0.998094  -0.030805  -0.999489  0.008576  0.999908  -0.008801  0.010282  0.008895  0.999918  -0.009204  -0.010200  0.009294  0.999905  1.000000  -0.000111  0.000128  0.000111  1.000000  -0.000116  -0.000128  0.000116  1.000000  0.997673  -0.030224  0.061119  -0.060828  0.010439  0.998094  -0.030805  -0.999489  0.008576  0.000226  0.016393  
138.088712 0.011624  0.079066  0.007338  0.978701  0.102247  0.178016  -0.187825  0.095981  0.977502  0.082860  -0.990118  0.113141  0.013754  -0.018259  -0.002049  -0.415011  -0.599802  -0.487449  2.000000  0.997640  -0.030532  0.061507  -0.061203  0.010814  0.998067  -0.031138  -0.999475  0.008920  0.999912  -0.008685  0.010069  0.008780  0.999917  -0.009470  -0.009986  0.009558  0.999904  1.000000  -0.000109  0.000125  0.000109  1.000000  -0.000119  -0.000125  0.000119  1.000000  0.997640  -0.030532  0.061507  -0.061203  0.010814  0.998067  -0.031138  -0.999475  0.008920  0.000223  0.016351  
138.089713 0.011637  0.079044  0.007337  0.978656  0.101982  0.178414  -0.188234  0.096488  0.977373  0.082460  -0.990096  0.113625  0.013763  -0.018450  -0.001790  -0.420631  -0.585367  -0.479724  2.000000  0.997596  -0.030935  0.062009  -0.061685  0.011318  0.998031  -0.031576  -0.999457  0.009382  0.999917  -0.008593  0.009651  0.008686  0.999916  -0.009634  -0.009568  0.009717  0.999907  1.000000  -0.000108  0.000120  0.000108  1.000000  -0.000121  -0.000120  0.000121  1.000000  0.997596  -0.030935  0.062009  -0.061685  0.011318  0.998031  -0.031576  -0.999457  0.009382  0.000217  0.016144  
138.090965 0.011652  0.079016  0.007337  0.978650  0.101742  0.178586  -0.188442  0.097253  0.977257  0.082060  -0.990046  0.114349  0.013760  -0.018722  -0.001513  -0.435449  -0.559946  -0.473272  2.000000  0.997543  -0.031428  0.062614  -0.062265  0.011957  0.997988  -0.032114  -0.999434  0.009971  0.999922  -0.008367  0.009220  0.008457  0.999916  -0.009798  -0.009137  0.009876  0.999909  1.000000  -0.000105  0.000115  0.000105  1.000000  -0.000123  -0.000115  0.000123  1.000000  0.997543  -0.031428  0.062614  -0.062265  0.011957  0.997988  -0.032114  -0.999434  0.009971  0.000214  0.015868  
138.092216 0.011668  0.078987  0.007337  0.978605  0.101500  0.178972  -0.188851  0.097879  0.977116  0.081660  -0.990009  0.114954  0.013732  -0.018962  -0.001233  -0.441798  -0.535463  -0.461870  2.000000  0.997491  -0.031916  0.063199  -0.062824  0.012609  0.997945  -0.032647  -0.999411  0.010572  0.999924  -0.008385  0.009022  0.008474  0.999915  -0.009943  -0.008938  0.010018  0.999910  1.000000  -0.000105  0.000112  0.000105  1.000000  -0.000125  -0.000112  0.000125  1.000000  0.997491  -0.031916  0.063199  -0.062824  0.012609  0.997945  -0.032647  -0.999411  0.010572  0.000210  0.015853  
138.093459 0.011683  0.078959  0.007337  0.978559  0.101281  0.179345  -0.189260  0.098624  0.976962  0.081260  -0.989957  0.115678  0.013613  -0.019379  -0.001069  -0.452795  -0.506489  -0.446729  2.000000  0.997439  -0.032398  0.063760  -0.063359  0.013271  0.997903  -0.033177  -0.999387  0.011184  0.999929  -0.008293  0.008605  0.008379  0.999914  -0.010105  -0.008521  0.010177  0.999912  1.000000  -0.000104  0.000107  0.000104  1.000000  -0.000127  -0.000107  0.000127  1.000000  0.997439  -0.032398  0.063760  -0.063359  0.013271  0.997903  -0.033177  -0.999387  0.011184  0.000206  0.015674  
