1-Time 2-Px 3-Py 4-Pz 5-R11 6-R21 7-R31 8-R12 9-R22 10-R32 11-R13 12-R23 13-R33 14-Vx 15-Vy 16-Vz 17-Wx 18-Wy 19-Wz 20-state 21-PR11 22-PR21 23-PR31 24-PR12 25-PR22 26-PR32 27-PR13 28-PR23 29-PR33 
125.261476 0.014663  0.084365  0.001729  0.994921  0.052419  -0.085927  -0.048993  0.997936  0.041506  0.087926  -0.037085  0.995436  0.000958  -0.000290  -0.002028  0.000000  0.000000  0.000000  2.000000  1.000000  0.000000  0.000000  -0.000000  1.000000  0.000000  0.000000  -0.000000  1.000000  1.000000  0.000000  -0.000000  0.000000  1.000000  -0.000000  -0.000000  0.000000  1.000000  1.000000  0.000000  0.000000  0.000000  1.000000  0.000000  0.000000  0.000000  1.000000  0.779530  0.548464  -0.302523  -0.561087  0.826125  0.051950  0.278415  0.129245  0.951725  0.000000  0.000000  
125.262482 0.014664  0.084364  0.001727  0.994921  0.052419  -0.085927  -0.048993  0.997936  0.041506  0.087926  -0.037085  0.995436  0.000966  -0.000320  -0.002014  0.000000  0.000000  0.000000  2.000000  1.000000  0.000000  0.000000  0.000000  1.000000  0.000000  0.000000  0.000000  1.000000  1.000000  0.000000  -0.000000  0.000000  1.000000  -0.000000  -0.000000  0.000000  1.000000  1.000000  0.000000  0.000000  0.000000  1.000000  0.000000  0.000000  0.000000  1.000000  1.000000  0.000000  0.000000  0.000000  1.000000  0.000000  0.000000  0.000000  1.000000  0.000000  0.000000  
125.263491 0.014666  0.084361  0.001725  0.994900  0.052629  -0.086052  -0.049197  0.997925  0.041530  0.088059  -0.037085  0.995425  0.001014  -0.000546  -0.002022  0.000000  0.000000  0.000000  2.000000  1.000000  0.000000  0.000000  0.000000  1.000000  0.000000  0.000000  0.000000  1.000000  1.000000  0.000005  -0.000134  -0.000005  1.000000  0.000000  0.000134  0.000000  1.000000  1.000000  0.000000  0.000000  0.000000  1.000000  0.000000  0.000000  0.000000  1.000000  1.000000  0.000000  0.000000  0.000000  1.000000  0.000000  0.000000  0.000000  1.000000  0.000000  0.000000  
125.264738 0.014670  0.084355  0.001721  0.994854  0.052860  -0.086436  -0.049400  0.997909  0.041689  0.088459  -0.037204  0.995385  0.001234  -0.000897  -0.002061  0.000000  0.000000  0.000000  2.000000  1.000000  0.000000  0.000000  0.000000  1.000000  0.000000  0.000000  0.000000  1.000000  1.000000  0.000425  -0.000386  -0.000425  1.000000  0.000158  0.000386  -0.000158  1.000000  1.000000  0.000000  0.000000  0.000000  1.000000  0.000000  0.000000  0.000000  1.000000  1.000000  0.000000  0.000000  0.000000  1.000000  0.000000  0.000000  0.000000  1.000000  0.000000  0.000000  
125.265989 0.014675  0.084348  0.001718  0.994819  0.052885  -0.086829  -0.049398  0.997903  0.041830  0.088859  -0.037324  0.995345  0.001495  -0.001348  -0.002095  0.000000  0.000000  0.000000  2.000000  1.000000  0.000000  0.000000  0.000000  1.000000  0.000000  0.000000  0.000000  1.000000  1.000000  0.000440  -0.000787  -0.000440  1.000000  0.000279  0.000787  -0.000279  1.000000  1.000000  0.000000  0.000000  0.000000  1.000000  0.000000  0.000000  0.000000  1.000000  1.000000  0.000000  0.000000  0.000000  1.000000  0.000000  0.000000  0.000000  1.000000  0.000000  0.000000  
125.267234 0.014682  0.084340  0.001715  0.994785  0.053122  -0.087073  -0.049602  0.997881  0.042103  0.089125  -0.037564  0.995312  0.001838  -0.001846  -0.002151  0.000000  0.000000  0.000000  2.000000  1.000000  0.000000  0.000000  0.000000  1.000000  0.000000  0.000000  0.000000  1.000000  0.999999  0.000660  -0.001180  -0.000660  1.000000  0.000419  0.001180  -0.000418  0.999999  1.000000  0.000000  0.000000  0.000000  1.000000  0.000000  0.000000  0.000000  1.000000  1.000000  0.000000  0.000000  0.000000  1.000000  0.000000  0.000000  0.000000  1.000000  0.000000  0.000000  
125.268236 0.014688  0.084334  0.001713  0.994750  0.053348  -0.087324  -0.049806  0.997865  0.042255  0.089392  -0.037684  0.995283  0.002181  -0.002245  -0.002173  0.000000  0.000000  0.000000  2.000000  1.000000  0.000000  0.000000  0.000000  1.000000  0.000000  0.000000  0.000000  1.000000  0.999999  0.000875  -0.001440  -0.000874  0.999999  0.000680  0.001440  -0.000679  0.999999  1.000000  0.000000  0.000000  0.000000  1.000000  0.000000  0.000000  0.000000  1.000000  1.000000  0.000000  0.000000  0.000000  1.000000  0.000000  0.000000  0.000000  1.000000  0.000000  0.000000  
125.269489 0.014697  0.084327  0.001710  0.994694  0.053785  -0.087699  -0.050213  0.997837  0.042432  0.089792  -0.037804  0.995243  0.002720  -0.002708  -0.002212  0.000000  0.000000  0.000000  2.000000  1.000000  0.000000  0.000000  0.000000  1.000000  0.000000  0.000000  0.000000  1.000000  0.999998  0.001296  -0.001691  -0.001294  0.999999  0.000839  0.001692  -0.000836  0.999998  1.000000  0.000000  0.000000  0.000000  1.000000  0.000000  0.000000  0.000000  1.000000  1.000000  0.000000  0.000000  0.000000  1.000000  0.000000  0.000000  0.000000  1.000000  0.000000  0.000000  
125.270737 0.014707  0.084318  0.001706  0.994639  0.054422  -0.087932  -0.050826  0.997798  0.042621  0.090058  -0.037923  0.995214  0.003294  -0.003242  -0.002262  0.000000  0.000000  0.000000  2.000000  1.000000  0.000000  0.000000  0.000000  1.000000  0.000000  0.000000  0.000000  1.000000  0.999996  0.001721  -0.002077  -0.001719  0.999998  0.000997  0.002078  -0.000994  0.999997  1.000000  0.000000  0.000000  0.000000  1.000000  0.000000  0.000000  0.000000  1.000000  1.000000  0.000000  0.000000  0.000000  1.000000  0.000000  0.000000  0.000000  1.000000  0.000000  0.000000  
125.271754 0.014714  0.084311  0.001702  0.994604  0.054648  -0.088183  -0.051030  0.997781  0.042774  0.090325  -0.038043  0.995186  0.003722  -0.003758  -0.002385  0.000000  0.000000  0.000000  2.000000  1.000000  0.000000  0.000000  0.000000  1.000000  0.000000  0.000000  0.000000  1.000000  0.999995  0.002141  -0.002328  -0.002139  0.999997  0.001035  0.002331  -0.001030  0.999997  1.000000  0.000000  0.000000  0.000000  1.000000  0.000000  0.000000  0.000000  1.000000  1.000000  0.000000  0.000000  0.000000  1.000000  0.000000  0.000000  0.000000  1.000000  0.000000  0.000000  
125.272984 0.014723  0.084303  0.001696  0.994524  0.055284  -0.088688  -0.051642  0.997746  0.042856  0.090858  -0.038041  0.995137  0.004307  -0.004262  -0.002649  0.000000  0.000000  0.000000  2.000000  1.000000  0.000000  0.000000  0.000000  1.000000  0.000000  0.000000  0.000000  1.000000  0.999993  0.002566  -0.002713  -0.002563  0.999996  0.001195  0.002716  -0.001188  0.999996  1.000000  0.000000  0.000000  0.000000  1.000000  0.000000  0.000000  0.000000  1.000000  1.000000  0.000000  0.000000  0.000000  1.000000  0.000000  0.000000  0.000000  1.000000  0.000000  0.000000  
125.274231 0.014733  0.084296  0.001689  0.994466  0.055721  -0.089063  -0.052049  0.997717  0.043034  0.091257  -0.038161  0.995096  0.004847  -0.004663  -0.002917  0.000000  0.000000  0.000000  2.000000  1.000000  0.000000  0.000000  0.000000  1.000000  0.000000  0.000000  0.000000  1.000000  0.999991  0.002992  -0.003098  -0.002988  0.999995  0.001354  0.003102  -0.001345  0.999994  1.000000  0.000000  0.000000  0.000000  1.000000  0.000000  0.000000  0.000000  1.000000  1.000000  0.000000  0.000000  0.000000  1.000000  0.000000  0.000000  0.000000  1.000000  0.000000  0.000000  
125.275233 0.014740  0.084290  0.001684  0.994419  0.055942  -0.089453  -0.052252  0.997705  0.043074  0.091657  -0.038159  0.995059  0.005336  -0.005085  -0.003171  0.000000  0.000000  0.000000  2.000000  1.000000  0.000000  0.000000  0.000000  1.000000  0.000000  0.000000  0.000000  1.000000  0.999988  0.003417  -0.003484  -0.003412  0.999993  0.001393  0.003488  -0.001381  0.999993  1.000000  0.000000  0.000000  0.000000  1.000000  0.000000  0.000000  0.000000  1.000000  1.000000  0.000000  0.000000  0.000000  1.000000  0.000000  0.000000  0.000000  1.000000  0.000000  0.000000  
125.276233 0.014748  0.084284  0.001679  0.994360  0.056379  -0.089827  -0.052660  0.997675  0.043253  0.092057  -0.038278  0.995018  0.005811  -0.005500  -0.003389  0.000000  0.000000  0.000000  2.000000  1.000000  0.000000  0.000000  0.000000  1.000000  0.000000  0.000000  0.000000  1.000000  0.999985  0.003643  -0.004010  -0.003637  0.999992  0.001535  0.004016  -0.001521  0.999991  1.000000  0.000000  0.000000  0.000000  1.000000  0.000000  0.000000  0.000000  1.000000  1.000000  0.000000  0.000000  0.000000  1.000000  0.000000  0.000000  0.000000  1.000000  0.000000  0.000000  
125.277233 0.014756  0.084275  0.001672  0.994289  0.056810  -0.090341  -0.053066  0.997651  0.043318  0.092590  -0.038277  0.994968  0.006199  -0.005967  -0.003713  0.000000  0.000000  0.000000  2.000000  1.000000  0.000000  0.000000  0.000000  1.000000  0.000000  0.000000  0.000000  1.000000  0.999982  0.004068  -0.004395  -0.004061  0.999991  0.001575  0.004402  -0.001557  0.999989  1.000000  0.000000  0.000000  0.000000  1.000000  0.000000  0.000000  0.000000  1.000000  1.000000  0.000000  0.000000  0.000000  1.000000  0.000000  0.000000  0.000000  1.000000  0.000000  0.000000  
125.278233 0.014765  0.084266  0.001665  0.994218  0.057252  -0.090848  -0.053473  0.997621  0.043505  0.093123  -0.038395  0.994914  0.006731  -0.006454  -0.004048  0.058619  0.169494  0.158123  2.000000  1.000000  0.000000  0.000000  0.000000  1.000000  0.000000  0.000000  0.000000  1.000000  0.999977  0.004704  -0.004906  -0.004696  0.999987  0.001755  0.004914  -0.001732  0.999986  1.000000  0.000000  0.000000  0.000000  1.000000  0.000000  0.000000  0.000000  1.000000  1.000000  0.000000  0.000000  0.000000  1.000000  0.000000  0.000000  0.000000  1.000000  0.000059  0.000000  
125.279484 0.014777  0.084252  0.001659  0.994146  0.057695  -0.091355  -0.053880  0.997591  0.043692  0.093655  -0.038514  0.994859  0.007170  -0.006925  -0.004232  0.063990  0.186927  0.172575  2.000000  1.000000  0.000435  0.000104  -0.000435  1.000000  0.000115  -0.000104  -0.000115  1.000000  0.999972  0.005135  -0.005424  -0.005125  0.999985  0.001918  0.005434  -0.001890  0.999983  1.000000  0.000091  0.000022  -0.000091  1.000000  0.000024  -0.000022  -0.000024  1.000000  1.000000  0.000435  0.000104  -0.000435  1.000000  0.000115  -0.000104  -0.000115  1.000000  0.000065  0.007708  
125.280493 0.014787  0.084241  0.001655  0.994073  0.058148  -0.091854  -0.054286  0.997555  0.044001  0.094188  -0.038753  0.994800  0.007598  -0.007372  -0.004316  0.073430  0.204310  0.187007  2.000000  1.000000  0.000817  0.000189  -0.000817  1.000000  0.000215  -0.000189  -0.000215  1.000000  0.999968  0.005362  -0.005950  -0.005350  0.999984  0.002061  0.005961  -0.002029  0.999980  1.000000  0.000098  0.000021  -0.000098  1.000000  0.000026  -0.000021  -0.000026  1.000000  1.000000  0.000817  0.000189  -0.000817  1.000000  0.000215  -0.000189  -0.000215  1.000000  0.000070  0.008266  
125.281735 0.014798  0.084224  0.001650  0.993988  0.058607  -0.092486  -0.054692  0.997519  0.044317  0.094854  -0.038992  0.994727  0.007955  -0.007953  -0.004458  0.082915  0.226249  0.201675  2.000000  0.999999  0.001339  0.000302  -0.001339  0.999999  0.000356  -0.000301  -0.000356  1.000000  0.999960  0.006004  -0.006593  -0.005989  0.999979  0.002366  0.006607  -0.002326  0.999975  1.000000  0.000109  0.000024  -0.000109  1.000000  0.000029  -0.000024  -0.000029  1.000000  0.999999  0.001339  0.000302  -0.001339  0.999999  0.000356  -0.000301  -0.000356  1.000000  0.000078  0.009220  
125.282740 0.014808  0.084210  0.001646  0.993901  0.059056  -0.093125  -0.055098  0.997488  0.044513  0.095520  -0.039110  0.994659  0.008211  -0.008499  -0.004522  0.088311  0.248134  0.216277  2.000000  0.999998  0.001794  0.000398  -0.001795  0.999998  0.000481  -0.000397  -0.000482  1.000000  0.999954  0.006436  -0.007110  -0.006418  0.999976  0.002651  0.007127  -0.002605  0.999971  1.000000  0.000117  0.000025  -0.000117  1.000000  0.000033  -0.000025  -0.000033  1.000000  0.999998  0.001794  0.000398  -0.001795  0.999998  0.000481  -0.000397  -0.000482  1.000000  0.000084  0.009944  
125.283986 0.014820  0.084191  0.001642  0.993802  0.059520  -0.093890  -0.055503  0.997451  0.044838  0.096319  -0.039349  0.994572  0.008440  -0.009313  -0.004608  0.097829  0.274560  0.231124  2.000000  0.999997  0.002412  0.000519  -0.002412  0.999997  0.000656  -0.000517  -0.000657  1.000000  0.999947  0.006675  -0.007902  -0.006652  0.999974  0.002919  0.007921  -0.002866  0.999965  1.000000  0.000127  0.000023  -0.000127  1.000000  0.000036  -0.000023  -0.000036  1.000000  0.999997  0.002412  0.000519  -0.002412  0.999997  0.000656  -0.000517  -0.000657  1.000000  0.000092  0.010741  
125.285237 0.014833  0.084169  0.001636  0.993701  0.059986  -0.094654  -0.055908  0.997414  0.045163  0.097118  -0.039587  0.994485  0.008682  -0.010217  -0.004838  0.107342  0.300939  0.245939  2.000000  0.999995  0.002939  0.000609  -0.002940  0.999995  0.000807  -0.000607  -0.000809  0.999999  0.999941  0.006903  -0.008427  -0.006877  0.999972  0.003065  0.008448  -0.003007  0.999960  1.000000  0.000134  0.000022  -0.000134  1.000000  0.000038  -0.000022  -0.000038  1.000000  0.999995  0.002939  0.000609  -0.002940  0.999995  0.000807  -0.000607  -0.000809  0.999999  0.000100  0.011309  
125.286272 0.014842  0.084152  0.001631  0.993613  0.060446  -0.095285  -0.056313  0.997377  0.045482  0.097784  -0.039826  0.994410  0.008776  -0.010912  -0.004889  0.116722  0.322468  0.260302  2.000000  0.999994  0.003488  0.000700  -0.003488  0.999993  0.000964  -0.000697  -0.000966  0.999999  0.999937  0.007119  -0.008685  -0.007091  0.999970  0.003211  0.008708  -0.003149  0.999957  1.000000  0.000139  0.000023  -0.000139  1.000000  0.000040  -0.000023  -0.000040  1.000000  0.999994  0.003488  0.000700  -0.003488  0.999993  0.000964  -0.000697  -0.000966  0.999999  0.000106  0.011672  
125.287488 0.014854  0.084128  0.001624  0.993536  0.060689  -0.095932  -0.056514  0.997357  0.045660  0.098450  -0.039944  0.994340  0.008962  -0.011910  -0.004959  0.121669  0.345046  0.268387  2.000000  0.999991  0.004063  0.000794  -0.004063  0.999991  0.001125  -0.000790  -0.001128  0.999999  0.999931  0.007347  -0.009210  -0.007318  0.999968  0.003237  0.009233  -0.003169  0.999952  1.000000  0.000146  0.000022  -0.000146  1.000000  0.000040  -0.000022  -0.000040  1.000000  0.999991  0.004063  0.000794  -0.004063  0.999991  0.001125  -0.000790  -0.001128  0.999999  0.000114  0.012209  
125.288729 0.014866  0.084107  0.001616  0.993447  0.061150  -0.096563  -0.056919  0.997319  0.045980  0.099116  -0.040182  0.994264  0.009122  -0.012780  -0.005054  0.131236  0.367044  0.283137  2.000000  0.999988  0.004803  0.000912  -0.004804  0.999988  0.001328  -0.000906  -0.001332  0.999999  0.999927  0.007564  -0.009468  -0.007533  0.999966  0.003261  0.009492  -0.003190  0.999950  1.000000  0.000150  0.000022  -0.000150  1.000000  0.000040  -0.000022  -0.000040  1.000000  0.999988  0.004803  0.000912  -0.004804  0.999988  0.001328  -0.000906  -0.001332  0.999999  0.000119  0.012540  
125.289734 0.014876  0.084090  0.001610  0.993383  0.061589  -0.096935  -0.057326  0.997288  0.046163  0.099515  -0.040301  0.994220  0.009271  -0.013581  -0.005108  0.136631  0.379880  0.297374  2.000000  0.999985  0.005406  0.001004  -0.005407  0.999984  0.001489  -0.000996  -0.001494  0.999998  0.999927  0.007566  -0.009466  -0.007535  0.999966  0.003264  0.009490  -0.003192  0.999950  1.000000  0.000150  0.000023  -0.000150  1.000000  0.000040  -0.000022  -0.000040  1.000000  0.999985  0.005406  0.001004  -0.005407  0.999984  0.001489  -0.000996  -0.001494  0.999998  0.000125  0.012541  
125.290983 0.014888  0.084068  0.001602  0.993306  0.062033  -0.097439  -0.057732  0.997255  0.046355  0.100048  -0.040419  0.994161  0.009447  -0.014602  -0.005216  0.142105  0.397361  0.311905  2.000000  0.999980  0.006164  0.001110  -0.006166  0.999980  0.001690  -0.001099  -0.001697  0.999998  0.999925  0.007373  -0.009741  -0.007342  0.999968  0.003247  0.009764  -0.003176  0.999947  1.000000  0.000152  0.000019  -0.000152  1.000000  0.000040  -0.000019  -0.000040  1.000000  0.999980  0.006164  0.001110  -0.006166  0.999980  0.001690  -0.001099  -0.001697  0.999998  0.000129  0.012632  
125.291984 0.014898  0.084050  0.001596  0.993254  0.062266  -0.097821  -0.057934  0.997236  0.046519  0.100447  -0.040538  0.994116  0.009593  -0.015247  -0.005156  0.146923  0.410639  0.319399  2.000000  0.999976  0.006773  0.001184  -0.006775  0.999975  0.001852  -0.001171  -0.001860  0.999998  0.999925  0.007175  -0.009882  -0.007142  0.999969  0.003351  0.009906  -0.003280  0.999946  1.000000  0.000152  0.000016  -0.000152  1.000000  0.000041  -0.000016  -0.000041  1.000000  0.999976  0.006773  0.001184  -0.006775  0.999975  0.001852  -0.001171  -0.001860  0.999998  0.000132  0.012654  
125.293233 0.014909  0.084028  0.001589  0.993200  0.062300  -0.098344  -0.057931  0.997229  0.046671  0.100979  -0.040657  0.994057  0.009617  -0.015825  -0.005038  0.150477  0.424453  0.313117  2.000000  0.999972  0.007388  0.001249  -0.007391  0.999971  0.002014  -0.001234  -0.002024  0.999997  0.999924  0.007181  -0.010015  -0.007148  0.999969  0.003355  0.010039  -0.003283  0.999944  1.000000  0.000153  0.000015  -0.000153  1.000000  0.000041  -0.000015  -0.000041  1.000000  0.999972  0.007388  0.001249  -0.007391  0.999971  0.002014  -0.001234  -0.002024  0.999997  0.000137  0.012763  
125.294483 0.014921  0.084007  0.001584  0.993134  0.062539  -0.098858  -0.058132  0.997209  0.046844  0.101512  -0.040775  0.993998  0.009616  -0.016378  -0.004975  0.149308  0.429700  0.310829  2.000000  0.999966  0.008156  0.001310  -0.008159  0.999964  0.002222  -0.001292  -0.002232  0.999997  0.999924  0.006983  -0.010156  -0.006948  0.999970  0.003459  0.010180  -0.003388  0.999942  1.000000  0.000154  0.000012  -0.000154  1.000000  0.000043  -0.000012  -0.000043  1.000000  0.999966  0.008156  0.001310  -0.008159  0.999964  0.002222  -0.001292  -0.002232  0.999997  0.000137  0.012792  
125.295490 0.014931  0.083988  0.001580  0.993082  0.062772  -0.099239  -0.058334  0.997190  0.047008  0.101911  -0.040894  0.993953  0.009599  -0.016817  -0.005004  0.151306  0.432901  0.320291  2.000000  0.999961  0.008766  0.001344  -0.008769  0.999959  0.002390  -0.001323  -0.002401  0.999996  0.999927  0.006574  -0.010173  -0.006539  0.999973  0.003420  0.010195  -0.003353  0.999942  1.000000  0.000151  0.000007  -0.000151  1.000000  0.000042  -0.000007  -0.000042  1.000000  0.999961  0.008766  0.001344  -0.008769  0.999959  0.002390  -0.001323  -0.002401  0.999996  0.000138  0.012577  
125.296736 0.014943  0.083964  0.001576  0.993027  0.062818  -0.099755  -0.058331  0.997177  0.047281  0.102444  -0.041133  0.993888  0.009646  -0.017450  -0.004962  0.154901  0.437721  0.313733  2.000000  0.999954  0.009525  0.001381  -0.009528  0.999951  0.002607  -0.001356  -0.002620  0.999996  0.999928  0.006371  -0.010180  -0.006336  0.999974  0.003523  0.010202  -0.003458  0.999942  1.000000  0.000150  0.000005  -0.000150  1.000000  0.000044  -0.000005  -0.000044  1.000000  0.999954  0.009525  0.001381  -0.009528  0.999951  0.002607  -0.001356  -0.002620  0.999996  0.000139  0.012506  
125.297988 0.014953  0.083937  0.001572  0.992974  0.063064  -0.100128  -0.058533  0.997152  0.047567  0.102843  -0.041372  0.993837  0.009541  -0.018051  -0.004870  0.154987  0.442101  0.313981  2.000000  0.999946  0.010261  0.001398  -0.010265  0.999943  0.002828  -0.001369  -0.002843  0.999995  0.999933  0.005951  -0.009929  -0.005916  0.999976  0.003605  0.009950  -0.003546  0.999944  1.000000  0.000145  0.000002  -0.000145  1.000000  0.000045  -0.000002  -0.000045  1.000000  0.999946  0.010261  0.001398  -0.010265  0.999943  0.002828  -0.001369  -0.002843  0.999995  0.000140  0.012116  
125.299238 0.014965  0.083908  0.001570  0.992933  0.063093  -0.100519  -0.058531  0.997145  0.047712  0.103242  -0.041491  0.993791  0.009467  -0.018667  -0.004695  0.153780  0.442642  0.300279  2.000000  0.999939  0.010972  0.001395  -0.010976  0.999935  0.003053  -0.001361  -0.003068  0.999994  0.999936  0.005339  -0.009953  -0.005303  0.999979  0.003665  0.009973  -0.003612  0.999944  1.000000  0.000141  -0.000005  -0.000141  1.000000  0.000045  0.000005  -0.000045  1.000000  0.999939  0.010972  0.001395  -0.010976  0.999935  0.003053  -0.001361  -0.003068  0.999994  0.000139  0.011867  
125.300487 0.014976  0.083877  0.001568  0.992891  0.063134  -0.100902  -0.058528  0.997132  0.047977  0.103641  -0.041731  0.993739  0.009398  -0.019242  -0.004427  0.155938  0.447900  0.279878  2.000000  0.999931  0.011661  0.001371  -0.011665  0.999927  0.003278  -0.001333  -0.003294  0.999994  0.999941  0.004921  -0.009702  -0.004886  0.999981  0.003625  0.009720  -0.003577  0.999946  1.000000  0.000136  -0.000008  -0.000136  1.000000  0.000045  0.000008  -0.000045  1.000000  0.999931  0.011661  0.001371  -0.011665  0.999927  0.003278  -0.001333  -0.003294  0.999994  0.000138  0.011459  
125.301743 0.014988  0.083846  0.001567  0.992838  0.063381  -0.101275  -0.058730  0.997107  0.048263  0.104041  -0.041970  0.993687  0.009461  -0.019786  -0.004092  0.158827  0.448738  0.277899  2.000000  0.999925  0.012197  0.001349  -0.012202  0.999920  0.003462  -0.001307  -0.003478  0.999993  0.999943  0.004911  -0.009433  -0.004876  0.999981  0.003747  0.009452  -0.003701  0.999948  1.000000  0.000133  -0.000006  -0.000133  1.000000  0.000047  0.000006  -0.000047  1.000000  0.999925  0.012197  0.001349  -0.012202  0.999920  0.003462  -0.001307  -0.003478  0.999993  0.000137  0.011269  
125.302988 0.015000  0.083815  0.001567  0.992810  0.063417  -0.101525  -0.058729  0.997094  0.048521  0.104307  -0.042210  0.993649  0.009389  -0.020339  -0.003563  0.166296  0.444046  0.259105  2.000000  0.999917  0.012841  0.001306  -0.012846  0.999911  0.003692  -0.001258  -0.003708  0.999992  0.999949  0.004288  -0.009191  -0.004254  0.999984  0.003684  0.009207  -0.003645  0.999951  1.000000  0.000126  -0.000011  -0.000126  1.000000  0.000046  0.000011  -0.000046  1.000000  0.999917  0.012841  0.001306  -0.012846  0.999911  0.003692  -0.001258  -0.003708  0.999992  0.000136  0.010784  
125.304235 0.015012  0.083785  0.001568  0.992768  0.063458  -0.101907  -0.058726  0.997081  0.048786  0.104706  -0.042449  0.993597  0.009438  -0.020968  -0.002957  0.169156  0.440137  0.245274  2.000000  0.999909  0.013447  0.001248  -0.013452  0.999902  0.003918  -0.001196  -0.003935  0.999992  0.999955  0.003857  -0.008673  -0.003826  0.999986  0.003642  0.008687  -0.003609  0.999956  1.000000  0.000118  -0.000013  -0.000118  1.000000  0.000045  0.000013  -0.000045  1.000000  0.999909  0.013447  0.001248  -0.013452  0.999902  0.003918  -0.001196  -0.003935  0.999992  0.000133  0.010161  
125.305483 0.015024  0.083754  0.001567  0.992740  0.063494  -0.102157  -0.058724  0.997069  0.049044  0.104972  -0.042689  0.993559  0.009366  -0.021600  -0.002466  0.171973  0.431696  0.231235  2.000000  0.999901  0.014008  0.001183  -0.014013  0.999893  0.004137  -0.001125  -0.004153  0.999991  0.999963  0.003215  -0.008031  -0.003189  0.999989  0.003336  0.008042  -0.003310  0.999962  1.000000  0.000107  -0.000016  -0.000107  1.000000  0.000042  0.000016  -0.000042  1.000000  0.999901  0.014008  0.001183  -0.014013  0.999893  0.004137  -0.001125  -0.004153  0.999991  0.000131  0.009267  
125.306487 0.015034  0.083730  0.001567  0.992726  0.063512  -0.102282  -0.058724  0.997062  0.049173  0.105105  -0.042809  0.993539  0.009439  -0.022003  -0.002045  0.174720  0.423204  0.217100  2.000000  0.999895  0.014419  0.001127  -0.014423  0.999887  0.004306  -0.001064  -0.004322  0.999990  0.999967  0.002988  -0.007505  -0.002964  0.999990  0.003315  0.007515  -0.003292  0.999966  1.000000  0.000100  -0.000015  -0.000100  1.000000  0.000041  0.000015  -0.000041  1.000000  0.999895  0.014419  0.001127  -0.014423  0.999887  0.004306  -0.001064  -0.004322  0.999990  0.000128  0.008727  
125.307733 0.015047  0.083700  0.001566  0.992712  0.063531  -0.102407  -0.058723  0.997056  0.049302  0.105238  -0.042929  0.993520  0.009490  -0.022511  -0.001710  0.172026  0.406972  0.201209  2.000000  0.999889  0.014888  0.001054  -0.014893  0.999879  0.004514  -0.000987  -0.004529  0.999989  0.999974  0.002546  -0.006720  -0.002524  0.999991  0.003272  0.006728  -0.003254  0.999972  1.000000  0.000089  -0.000015  -0.000089  1.000000  0.000041  0.000015  -0.000041  1.000000  0.999889  0.014888  0.001054  -0.014893  0.999879  0.004514  -0.000987  -0.004529  0.999989  0.000122  0.007892  
125.308734 0.015056  0.083676  0.001565  0.992698  0.063549  -0.102532  -0.058722  0.997050  0.049430  0.105371  -0.043049  0.993501  0.009500  -0.022891  -0.001441  0.172125  0.397373  0.188591  2.000000  0.999885  0.015149  0.001009  -0.015153  0.999874  0.004636  -0.000939  -0.004651  0.999989  0.999976  0.002336  -0.006595  -0.002315  0.999992  0.003250  0.006602  -0.003235  0.999973  1.000000  0.000086  -0.000016  -0.000086  1.000000  0.000041  0.000016  -0.000041  1.000000  0.999885  0.015149  0.001009  -0.015153  0.999874  0.004636  -0.000939  -0.004651  0.999989  0.000119  0.007711  
125.309983 0.015068  0.083647  0.001565  0.992698  0.063561  -0.102525  -0.058722  0.997044  0.049551  0.105371  -0.043169  0.993496  0.009486  -0.023485  -0.001045  0.169373  0.376784  0.172688  2.000000  0.999879  0.015548  0.000928  -0.015552  0.999867  0.004838  -0.000852  -0.004852  0.999988  0.999981  0.001899  -0.005944  -0.001880  0.999993  0.003207  0.005950  -0.003195  0.999977  1.000000  0.000076  -0.000017  -0.000076  1.000000  0.000040  0.000017  -0.000040  1.000000  0.999879  0.015548  0.000928  -0.015552  0.999867  0.004838  -0.000852  -0.004852  0.999988  0.000113  0.007013  
125.311023 0.015077  0.083622  0.001565  0.992698  0.063586  -0.102509  -0.058722  0.997032  0.049793  0.105371  -0.043410  0.993485  0.009427  -0.023776  -0.000838  0.169238  0.357529  0.159323  2.000000  0.999874  0.015838  0.000857  -0.015842  0.999862  0.004997  -0.000777  -0.005010  0.999987  0.999983  0.001473  -0.005561  -0.001455  0.999994  0.003163  0.005565  -0.003155  0.999980  1.000000  0.000069  -0.000019  -0.000069  1.000000  0.000039  0.000019  -0.000039  1.000000  0.999874  0.015838  0.000857  -0.015842  0.999862  0.004997  -0.000777  -0.005010  0.999987  0.000108  0.006563  
125.312237 0.015088  0.083591  0.001565  0.992712  0.063593  -0.102369  -0.058723  0.997026  0.049906  0.105238  -0.043531  0.993494  0.009430  -0.024166  -0.000651  0.163323  0.331829  0.137819  2.000000  0.999870  0.016099  0.000786  -0.016103  0.999857  0.005157  -0.000703  -0.005169  0.999986  0.999987  0.001246  -0.005035  -0.001229  0.999994  0.003263  0.005039  -0.003256  0.999982  1.000000  0.000062  -0.000018  -0.000062  1.000000  0.000041  0.000018  -0.000041  1.000000  0.999870  0.016099  0.000786  -0.016103  0.999857  0.005157  -0.000703  -0.005169  0.999986  0.000101  0.006126  
125.313491 0.015099  0.083559  0.001566  0.992712  0.063618  -0.102353  -0.058723  0.997014  0.050148  0.105238  -0.043772  0.993483  0.009424  -0.024455  -0.000358  0.161965  0.300879  0.122806  2.000000  0.999869  0.016161  0.000769  -0.016165  0.999856  0.005198  -0.000684  -0.005210  0.999986  0.999989  0.001018  -0.004509  -0.001004  0.999994  0.003241  0.004512  -0.003236  0.999985  1.000000  0.000000  0.000000  0.000000  1.000000  0.000000  0.000000  0.000000  1.000000  0.999869  0.016161  0.000769  -0.016165  0.999856  0.005198  -0.000684  -0.005210  0.999986  0.000093  0.000000  
125.314738 0.015110  0.083526  0.001569  0.992698  0.063636  -0.102478  -0.058722  0.997008  0.050277  0.105371  -0.043892  0.993464  0.009408  -0.024582  -0.000026  0.155271  0.281178  0.107474  2.000000  0.999869  0.016161  0.000769  -0.016165  0.999856  0.005198  -0.000684  -0.005210  0.999986  0.999991  0.000797  -0.004117  -0.000783  0.999994  0.003340  0.004119  -0.003337  0.999986  1.000000  0.000000  0.000000  0.000000  1.000000  0.000000  0.000000  0.000000  1.000000  0.999869  0.016161  0.000769  -0.016165  0.999856  0.005198  -0.000684  -0.005210  0.999986  0.000087  0.000000  
125.315989 0.015122  0.083494  0.001573  0.992698  0.063661  -0.102463  -0.058722  0.996995  0.050519  0.105371  -0.044133  0.993453  0.009380  -0.024685  0.000361  0.155387  0.252921  0.093459  2.000000  0.999869  0.016161  0.000769  -0.016165  0.999856  0.005198  -0.000684  -0.005210  0.999986  0.999993  0.000774  -0.003582  -0.000762  0.999994  0.003340  0.003584  -0.003338  0.999988  1.000000  0.000000  0.000000  0.000000  1.000000  0.000000  0.000000  0.000000  1.000000  0.999869  0.016161  0.000769  -0.016165  0.999856  0.005198  -0.000684  -0.005210  0.999986  0.000080  0.000000  
125.317238 0.015133  0.083460  0.001578  0.992698  0.063698  -0.102440  -0.058722  0.996977  0.050882  0.105371  -0.044495  0.993437  0.009374  -0.024885  0.000704  0.162693  0.230445  0.085583  2.000000  0.999869  0.016161  0.000769  -0.016165  0.999856  0.005198  -0.000684  -0.005210  0.999986  0.999995  0.000552  -0.003190  -0.000541  0.999994  0.003440  0.003192  -0.003438  0.999989  1.000000  0.000000  0.000000  0.000000  1.000000  0.000000  0.000000  0.000000  1.000000  0.999869  0.016161  0.000769  -0.016165  0.999856  0.005198  -0.000684  -0.005210  0.999986  0.000074  0.000000  
125.318487 0.015145  0.083427  0.001583  0.992712  0.063717  -0.102292  -0.058723  0.996965  0.051116  0.105238  -0.044736  0.993440  0.009333  -0.025075  0.001028  0.163996  0.206814  0.070319  2.000000  0.999869  0.016161  0.000769  -0.016165  0.999856  0.005198  -0.000684  -0.005210  0.999986  0.999996  0.000325  -0.002664  -0.000316  0.999994  0.003418  0.002665  -0.003417  0.999991  1.000000  0.000000  0.000000  0.000000  1.000000  0.000000  0.000000  0.000000  1.000000  0.999869  0.016161  0.000769  -0.016165  0.999856  0.005198  -0.000684  -0.005210  0.999986  0.000069  0.000000  
125.319736 0.015157  0.083393  0.001588  0.992712  0.063742  -0.102276  -0.058723  0.996952  0.051357  0.105238  -0.044977  0.993429  0.009347  -0.025321  0.001418  0.163968  0.186647  0.056236  2.000000  0.999869  0.016161  0.000769  -0.016165  0.999856  0.005198  -0.000684  -0.005210  0.999986  0.999998  0.000301  -0.002129  -0.000294  0.999994  0.003539  0.002130  -0.003539  0.999991  1.000000  0.000000  0.000000  0.000000  1.000000  0.000000  0.000000  0.000000  1.000000  0.999869  0.016161  0.000769  -0.016165  0.999856  0.005198  -0.000684  -0.005210  0.999986  0.000065  0.000000  
125.320737 0.015168  0.083366  0.001592  0.992700  0.063972  -0.102250  -0.058927  0.996927  0.051620  0.105238  -0.045218  0.993418  0.009411  -0.025538  0.001679  0.167328  0.173437  0.048807  2.000000  0.999869  0.016161  0.000769  -0.016165  0.999856  0.005198  -0.000684  -0.005210  0.999986  0.999998  0.000494  -0.001853  -0.000487  0.999994  0.003561  0.001854  -0.003560  0.999992  1.000000  0.000000  0.000000  0.000000  1.000000  0.000000  0.000000  0.000000  1.000000  0.999869  0.016161  0.000769  -0.016165  0.999856  0.005198  -0.000684  -0.005210  0.999986  0.000062  0.000000  
125.321738 0.015178  0.083338  0.001595  0.992700  0.063984  -0.102242  -0.058927  0.996920  0.051741  0.105238  -0.045339  0.993413  0.009439  -0.025724  0.001919  0.166622  0.160247  0.041368  2.000000  0.999869  0.016161  0.000769  -0.016165  0.999856  0.005198  -0.000684  -0.005210  0.999986  0.999999  0.000272  -0.001461  -0.000266  0.999994  0.003539  0.001462  -0.003539  0.999993  1.000000  0.000000  0.000000  0.000000  1.000000  0.000000  0.000000  0.000000  1.000000  0.999869  0.016161  0.000769  -0.016165  0.999856  0.005198  -0.000684  -0.005210  0.999986  0.000061  0.000000  
125.322981 0.015191  0.083304  0.001598  0.992702  0.064208  -0.102083  -0.059132  0.996895  0.051996  0.105105  -0.045580  0.993416  0.009476  -0.026043  0.002176  0.171456  0.137509  0.047308  2.000000  0.999869  0.016161  0.000769  -0.016165  0.999856  0.005198  -0.000684  -0.005210  0.999986  0.999999  0.000452  -0.000917  -0.000449  0.999994  0.003561  0.000918  -0.003560  0.999993  1.000000  0.000000  0.000000  0.000000  1.000000  0.000000  0.000000  0.000000  1.000000  0.999869  0.016161  0.000769  -0.016165  0.999856  0.005198  -0.000684  -0.005210  0.999986  0.000058  0.000000  
125.324235 0.015204  0.083270  0.001602  0.992702  0.064233  -0.102068  -0.059132  0.996882  0.052238  0.105105  -0.045821  0.993405  0.009536  -0.026305  0.002456  0.174809  0.119812  0.039667  2.000000  0.999869  0.016161  0.000769  -0.016165  0.999856  0.005198  -0.000684  -0.005210  0.999986  1.000000  0.000440  -0.000649  -0.000438  0.999994  0.003561  0.000651  -0.003561  0.999993  1.000000  0.000000  0.000000  0.000000  1.000000  0.000000  0.000000  0.000000  1.000000  0.999869  0.016161  0.000769  -0.016165  0.999856  0.005198  -0.000684  -0.005210  0.999986  0.000056  0.000000  
125.325483 0.015217  0.083237  0.001605  0.992703  0.064457  -0.101909  -0.059338  0.996857  0.052493  0.104972  -0.046063  0.993408  0.009644  -0.026486  0.002688  0.177448  0.101012  0.038588  2.000000  0.999869  0.016161  0.000769  -0.016165  0.999856  0.005198  -0.000684  -0.005210  0.999986  1.000000  0.000415  -0.000115  -0.000415  0.999994  0.003561  0.000116  -0.003561  0.999994  1.000000  0.000000  0.000000  0.000000  1.000000  0.000000  0.000000  0.000000  1.000000  0.999869  0.016161  0.000769  -0.016165  0.999856  0.005198  -0.000684  -0.005210  0.999986  0.000053  0.000000  
125.326733 0.015231  0.083203  0.001608  0.992717  0.064475  -0.101760  -0.059338  0.996844  0.052727  0.104839  -0.046305  0.993411  0.009816  -0.026738  0.002913  0.177432  0.078709  0.037626  2.000000  0.999869  0.016161  0.000769  -0.016165  0.999856  0.005198  -0.000684  -0.005210  0.999986  1.000000  0.000601  0.000296  -0.000602  0.999993  0.003582  -0.000294  -0.003583  0.999994  1.000000  0.000000  0.000000  0.000000  1.000000  0.000000  0.000000  0.000000  1.000000  0.999869  0.016161  0.000769  -0.016165  0.999856  0.005198  -0.000684  -0.005210  0.999986  0.000049  0.000000  
125.327736 0.015242  0.083175  0.001610  0.992705  0.064693  -0.101742  -0.059543  0.996825  0.052869  0.104839  -0.046425  0.993405  0.009976  -0.026847  0.003036  0.174844  0.065880  0.037359  2.000000  0.999869  0.016161  0.000769  -0.016165  0.999856  0.005198  -0.000684  -0.005210  0.999986  1.000000  0.000799  0.000439  -0.000801  0.999993  0.003725  -0.000436  -0.003726  0.999993  1.000000  0.000000  0.000000  0.000000  1.000000  0.000000  0.000000  0.000000  1.000000  0.999869  0.016161  0.000769  -0.016165  0.999856  0.005198  -0.000684  -0.005210  0.999986  0.000049  0.000000  
125.328986 0.015256  0.083140  0.001612  0.992707  0.064916  -0.101582  -0.059748  0.996799  0.053124  0.104706  -0.046667  0.993408  0.010181  -0.027044  0.002992  0.179650  0.047596  0.043450  2.000000  0.999869  0.016161  0.000769  -0.016165  0.999856  0.005198  -0.000684  -0.005210  0.999986  0.999999  0.000991  0.000716  -0.000994  0.999992  0.003747  -0.000713  -0.003747  0.999993  1.000000  0.000000  0.000000  0.000000  1.000000  0.000000  0.000000  0.000000  1.000000  0.999869  0.016161  0.000769  -0.016165  0.999856  0.005198  -0.000684  -0.005210  0.999986  0.000048  0.000000  
125.329987 0.015267  0.083112  0.001613  0.992721  0.064935  -0.101434  -0.059749  0.996786  0.053357  0.104573  -0.046908  0.993410  0.010326  -0.027208  0.002903  0.179621  0.029607  0.042652  2.000000  0.999869  0.016161  0.000769  -0.016165  0.999856  0.005198  -0.000684  -0.005210  0.999986  0.999999  0.000985  0.000850  -0.000988  0.999992  0.003747  -0.000846  -0.003747  0.999993  1.000000  0.000000  0.000000  0.000000  1.000000  0.000000  0.000000  0.000000  1.000000  0.999869  0.016161  0.000769  -0.016165  0.999856  0.005198  -0.000684  -0.005210  0.999986  0.000047  0.000000  
125.331240 0.015280  0.083076  0.001615  0.992708  0.065165  -0.101407  -0.059953  0.996760  0.053620  0.104573  -0.047149  0.993399  0.010460  -0.027534  0.002741  0.182290  0.020456  0.041929  2.000000  0.999869  0.016161  0.000769  -0.016165  0.999856  0.005198  -0.000684  -0.005210  0.999986  0.999999  0.001189  0.000860  -0.001192  0.999992  0.003889  -0.000855  -0.003890  0.999992  1.000000  0.000000  0.000000  0.000000  1.000000  0.000000  0.000000  0.000000  1.000000  0.999869  0.016161  0.000769  -0.016165  0.999856  0.005198  -0.000684  -0.005210  0.999986  0.000046  0.000000  
125.332489 0.015294  0.083039  0.001616  0.992696  0.065394  -0.101380  -0.060158  0.996734  0.053883  0.104573  -0.047390  0.993387  0.010570  -0.027683  0.002437  0.180335  0.006814  0.048520  2.000000  0.999869  0.016161  0.000769  -0.016165  0.999856  0.005198  -0.000684  -0.005210  0.999986  0.999999  0.001400  0.000736  -0.001403  0.999991  0.003911  -0.000731  -0.003912  0.999992  1.000000  0.000000  0.000000  0.000000  1.000000  0.000000  0.000000  0.000000  1.000000  0.999869  0.016161  0.000769  -0.016165  0.999856  0.005198  -0.000684  -0.005210  0.999986  0.000047  0.000000  
125.333734 0.015309  0.083002  0.001617  0.992684  0.065624  -0.101353  -0.060362  0.996707  0.054145  0.104573  -0.047631  0.993376  0.010750  -0.027900  0.002183  0.183673  -0.002470  0.054551  2.000000  0.999869  0.016161  0.000769  -0.016165  0.999856  0.005198  -0.000684  -0.005210  0.999986  0.999998  0.001604  0.000747  -0.001607  0.999990  0.004175  -0.000740  -0.004176  0.999991  1.000000  0.000000  0.000000  0.000000  1.000000  0.000000  0.000000  0.000000  1.000000  0.999869  0.016161  0.000769  -0.016165  0.999856  0.005198  -0.000684  -0.005210  0.999986  0.000048  0.000000  
125.334738 0.015320  0.082971  0.001618  0.992671  0.065854  -0.101326  -0.060566  0.996680  0.054408  0.104573  -0.047872  0.993364  0.010870  -0.028149  0.001958  0.185905  -0.011801  0.061461  2.000000  0.999869  0.016161  0.000769  -0.016165  0.999856  0.005198  -0.000684  -0.005210  0.999986  0.999998  0.001597  0.000881  -0.001601  0.999991  0.004054  -0.000874  -0.004055  0.999991  1.000000  0.000000  0.000000  0.000000  1.000000  0.000000  0.000000  0.000000  1.000000  0.999869  0.016161  0.000769  -0.016165  0.999856  0.005198  -0.000684  -0.005210  0.999986  0.000048  0.000000  
125.335739 0.015332  0.082941  0.001619  0.992671  0.065879  -0.101310  -0.060566  0.996667  0.054650  0.104573  -0.048113  0.993353  0.010998  -0.028331  0.001797  0.188439  -0.016172  0.060754  2.000000  0.999869  0.016161  0.000769  -0.016165  0.999856  0.005198  -0.000684  -0.005210  0.999986  0.999998  0.001802  0.000891  -0.001805  0.999990  0.004196  -0.000883  -0.004198  0.999991  1.000000  0.000000  0.000000  0.000000  1.000000  0.000000  0.000000  0.000000  1.000000  0.999869  0.016161  0.000769  -0.016165  0.999856  0.005198  -0.000684  -0.005210  0.999986  0.000049  0.000000  
125.336985 0.015348  0.082902  0.001621  0.992645  0.066115  -0.101416  -0.060770  0.996640  0.054921  0.104706  -0.048354  0.993327  0.011203  -0.028597  0.001667  0.190731  -0.021128  0.067917  2.000000  0.999869  0.016161  0.000769  -0.016165  0.999856  0.005198  -0.000684  -0.005210  0.999986  0.999998  0.002012  0.000768  -0.002016  0.999990  0.004097  -0.000759  -0.004099  0.999991  1.000000  0.000000  0.000000  0.000000  1.000000  0.000000  0.000000  0.000000  1.000000  0.999869  0.016161  0.000769  -0.016165  0.999856  0.005198  -0.000684  -0.005210  0.999986  0.000051  0.000000  
