1-Time 2-Px 3-Py 4-Pz 5-R11 6-R21 7-R31 8-R12 9-R22 10-R32 11-R13 12-R23 13-R33 14-Vx 15-Vy 16-Vz 17-Wx 18-Wy 19-Wz 20-state 21-PR11 22-PR21 23-PR31 24-PR12 25-PR22 26-PR32 27-PR13 28-PR23 29-PR33 
88.841947 0.008035  0.092533  0.003455  0.989964  0.128178  0.059517  -0.068793  0.069196  0.995228  0.123448  -0.989334  0.077319  0.000143  -0.000070  -0.000281  0.000000  0.000000  0.000000  2.000000  1.000000  0.000000  0.000000  0.000000  -0.000000  1.000000  0.000000  -1.000000  -0.000000  0.999999  0.001105  -0.001316  -0.001105  0.999999  0.000092  0.001316  -0.000090  0.999999  1.000000  0.000000  0.000000  0.000000  1.000000  0.000000  0.000000  0.000000  1.000000  0.698216  0.544337  0.464964  -0.439511  -0.186739  0.878612  0.565088  -0.817818  0.108858  0.000000  0.000000  
88.842953 0.008036  0.092533  0.003455  0.989964  0.128178  0.059517  -0.068793  0.069196  0.995228  0.123448  -0.989334  0.077319  0.000197  -0.000071  -0.000279  0.000000  0.000000  0.000000  2.000000  1.000000  0.000000  0.000000  0.000000  -0.000000  1.000000  0.000000  -1.000000  -0.000000  0.999998  0.000956  -0.001509  -0.000955  1.000000  0.000066  0.001509  -0.000065  0.999999  1.000000  0.000000  0.000000  0.000000  1.000000  0.000000  0.000000  0.000000  1.000000  1.000000  0.000000  0.000000  0.000000  -0.000000  1.000000  0.000000  -1.000000  -0.000000  0.000000  0.000000  
88.843955 0.008037  0.092532  0.003455  0.989938  0.128089  0.060142  -0.069405  0.069126  0.995191  0.123315  -0.989351  0.077320  0.000251  -0.000118  -0.000219  0.000000  0.000000  0.000000  2.000000  1.000000  0.000000  0.000000  0.000000  -0.000000  1.000000  0.000000  -1.000000  -0.000000  0.999999  0.000987  -0.001102  -0.000987  1.000000  -0.000005  0.001102  0.000006  0.999999  1.000000  0.000000  0.000000  0.000000  1.000000  0.000000  0.000000  0.000000  1.000000  1.000000  0.000000  0.000000  0.000000  -0.000000  1.000000  0.000000  -1.000000  -0.000000  0.000000  0.000000  
88.845202 0.008039  0.092531  0.003456  0.989913  0.127889  0.060966  -0.070223  0.069160  0.995131  0.123050  -0.989374  0.077443  0.000444  -0.000137  -0.000134  0.000000  0.000000  0.000000  2.000000  1.000000  0.000000  0.000000  0.000000  -0.000000  1.000000  0.000000  -1.000000  -0.000000  1.000000  0.000534  -0.000042  -0.000534  1.000000  0.000121  0.000042  -0.000121  1.000000  1.000000  0.000000  0.000000  0.000000  1.000000  0.000000  0.000000  0.000000  1.000000  1.000000  0.000000  0.000000  0.000000  -0.000000  1.000000  0.000000  -1.000000  -0.000000  0.000000  0.000000  
88.846207 0.008041  0.092530  0.003458  0.989904  0.127550  0.061817  -0.071041  0.069083  0.995078  0.122651  -0.989423  0.077447  0.000575  -0.000175  -0.000005  0.000000  0.000000  0.000000  2.000000  1.000000  0.000000  0.000000  0.000000  -0.000000  1.000000  0.000000  -1.000000  -0.000000  1.000000  0.000331  0.000794  -0.000331  1.000000  0.000101  -0.000794  -0.000101  1.000000  1.000000  0.000000  0.000000  0.000000  1.000000  0.000000  0.000000  0.000000  1.000000  1.000000  0.000000  0.000000  0.000000  -0.000000  1.000000  0.000000  -1.000000  -0.000000  0.000000  0.000000  
88.847457 0.008044  0.092528  0.003459  0.989878  0.127350  0.062642  -0.071859  0.069118  0.995017  0.122386  -0.989447  0.077569  0.000760  -0.000299  0.000095  0.000000  0.000000  0.000000  2.000000  1.000000  0.000000  0.000000  0.000000  -0.000000  1.000000  0.000000  -1.000000  -0.000000  0.999999  -0.000139  0.001650  0.000139  1.000000  0.000081  -0.001650  -0.000080  0.999999  1.000000  0.000000  0.000000  0.000000  1.000000  0.000000  0.000000  0.000000  1.000000  1.000000  0.000000  0.000000  0.000000  -0.000000  1.000000  0.000000  -1.000000  -0.000000  0.000000  0.000000  
88.848457 0.008047  0.092527  0.003461  0.989879  0.127240  0.062841  -0.072064  0.069222  0.994995  0.122253  -0.989454  0.077691  0.000953  -0.000364  0.000238  0.000000  0.000000  0.000000  2.000000  1.000000  0.000000  0.000000  0.000000  -0.000000  1.000000  0.000000  -1.000000  -0.000000  0.999997  -0.000225  0.002272  0.000224  1.000000  0.000156  -0.002272  -0.000156  0.999997  1.000000  0.000000  0.000000  0.000000  1.000000  0.000000  0.000000  0.000000  1.000000  1.000000  0.000000  0.000000  0.000000  -0.000000  1.000000  0.000000  -1.000000  -0.000000  0.000000  0.000000  
88.849707 0.008051  0.092526  0.003463  0.989835  0.127283  0.063456  -0.072675  0.069143  0.994956  0.122253  -0.989454  0.077691  0.001162  -0.000479  0.000406  0.000000  0.000000  0.000000  2.000000  1.000000  0.000000  0.000000  0.000000  -0.000000  1.000000  0.000000  -1.000000  -0.000000  0.999996  -0.000310  0.002894  0.000310  1.000000  0.000111  -0.002894  -0.000110  0.999996  1.000000  0.000000  0.000000  0.000000  1.000000  0.000000  0.000000  0.000000  1.000000  1.000000  0.000000  0.000000  0.000000  -0.000000  1.000000  0.000000  -1.000000  -0.000000  0.000000  0.000000  
88.850957 0.008054  0.092524  0.003465  0.989774  0.127347  0.064260  -0.073490  0.069159  0.994895  0.122253  -0.989444  0.077811  0.001401  -0.000565  0.000595  0.000000  0.000000  0.000000  2.000000  1.000000  0.000000  0.000000  0.000000  -0.000000  1.000000  0.000000  -1.000000  -0.000000  0.999994  -0.000262  0.003505  0.000262  1.000000  0.000065  -0.003505  -0.000064  0.999994  1.000000  0.000000  0.000000  0.000000  1.000000  0.000000  0.000000  0.000000  1.000000  1.000000  0.000000  0.000000  0.000000  -0.000000  1.000000  0.000000  -1.000000  -0.000000  0.000000  0.000000  
88.852206 0.008057  0.092523  0.003468  0.989683  0.127440  0.065473  -0.074713  0.069122  0.994807  0.122253  -0.989435  0.077931  0.001609  -0.000680  0.000763  0.000000  0.000000  0.000000  2.000000  1.000000  0.000000  0.000000  0.000000  -0.000000  1.000000  0.000000  -1.000000  -0.000000  0.999988  -0.000283  0.004941  0.000283  1.000000  0.000121  -0.004941  -0.000120  0.999988  1.000000  0.000000  0.000000  0.000000  1.000000  0.000000  0.000000  0.000000  1.000000  1.000000  0.000000  0.000000  0.000000  -0.000000  1.000000  0.000000  -1.000000  -0.000000  0.000000  0.000000  
88.853206 0.008060  0.092521  0.003469  0.989638  0.127256  0.066502  -0.075734  0.069132  0.994729  0.121987  -0.989458  0.078053  0.001740  -0.000803  0.000862  0.006518  -0.185865  0.001087  2.000000  1.000000  -0.000015  0.000275  -0.000275  -0.000003  1.000000  -0.000015  -1.000000  -0.000003  0.999982  -0.000337  0.005970  0.000336  1.000000  0.000005  -0.005970  -0.000003  0.999982  1.000000  -0.000004  0.000075  0.000004  1.000000  0.000000  -0.000075  -0.000000  1.000000  1.000000  -0.000015  0.000275  -0.000275  -0.000003  1.000000  -0.000015  -1.000000  -0.000003  0.000045  0.005979  
88.854457 0.008063  0.092520  0.003471  0.989577  0.126967  0.067952  -0.077164  0.069100  0.994621  0.121589  -0.989497  0.078177  0.001941  -0.000893  0.001017  0.005080  -0.241661  -0.008051  2.000000  1.000000  -0.000049  0.000703  -0.000703  -0.000007  1.000000  -0.000049  -1.000000  -0.000007  0.999972  -0.000758  0.007438  0.000757  1.000000  0.000061  -0.007438  -0.000055  0.999972  1.000000  -0.000009  0.000093  0.000009  1.000000  0.000001  -0.000093  -0.000001  1.000000  1.000000  -0.000049  0.000703  -0.000703  -0.000007  1.000000  -0.000049  -1.000000  -0.000007  0.000057  0.007477  
88.855702 0.008067  0.092517  0.003473  0.989529  0.126547  0.069411  -0.078595  0.069080  0.994510  0.121058  -0.989552  0.078302  0.002166  -0.001059  0.001210  0.006854  -0.291388  -0.026678  2.000000  0.999999  -0.000113  0.001226  -0.001226  -0.000013  0.999999  -0.000113  -1.000000  -0.000013  0.999960  -0.001179  0.008906  0.001178  0.999999  0.000116  -0.008906  -0.000105  0.999960  1.000000  -0.000015  0.000111  0.000015  1.000000  0.000001  -0.000111  -0.000001  1.000000  0.999999  -0.000113  0.001226  -0.001226  -0.000013  0.999999  -0.000113  -1.000000  -0.000013  0.000070  0.008984  
88.856953 0.008070  0.092514  0.003477  0.989496  0.126122  0.070651  -0.079823  0.069207  0.994404  0.120526  -0.989598  0.078547  0.002370  -0.001241  0.001481  0.003669  -0.333873  -0.041331  2.000000  0.999998  -0.000211  0.001846  -0.001846  -0.000018  0.999998  -0.000211  -1.000000  -0.000019  0.999942  -0.001716  0.010588  0.001716  0.999999  0.000076  -0.010588  -0.000058  0.999944  1.000000  -0.000021  0.000132  0.000021  1.000000  0.000001  -0.000132  -0.000001  1.000000  0.999998  -0.000211  0.001846  -0.001846  -0.000018  0.999998  -0.000211  -1.000000  -0.000019  0.000082  0.010727  
88.857955 0.008073  0.092513  0.003480  0.989461  0.125814  0.071675  -0.080845  0.069351  0.994311  0.120128  -0.989627  0.078791  0.002555  -0.001370  0.001726  0.000512  -0.376377  -0.055976  2.000000  0.999997  -0.000283  0.002269  -0.002269  -0.000019  0.999997  -0.000283  -1.000000  -0.000020  0.999930  -0.002034  0.011639  0.002035  0.999998  -0.000040  -0.011639  0.000064  0.999932  1.000000  -0.000025  0.000145  0.000025  1.000000  -0.000001  -0.000145  0.000001  1.000000  0.999997  -0.000283  0.002269  -0.002269  -0.000019  0.999997  -0.000283  -1.000000  -0.000020  0.000093  0.011816  
88.858957 0.008077  0.092511  0.003484  0.989409  0.125639  0.072689  -0.081866  0.069484  0.994218  0.119862  -0.989640  0.079034  0.002694  -0.001395  0.001954  -0.003495  -0.411324  -0.062188  2.000000  0.999996  -0.000394  0.002885  -0.002885  -0.000014  0.999996  -0.000394  -1.000000  -0.000015  0.999917  -0.002352  0.012690  0.002354  0.999997  -0.000157  -0.012689  0.000187  0.999919  1.000000  -0.000029  0.000159  0.000029  1.000000  -0.000002  -0.000159  0.000002  1.000000  0.999996  -0.000394  0.002885  -0.002885  -0.000014  0.999996  -0.000394  -1.000000  -0.000015  0.000102  0.012907  
88.860253 0.008081  0.092509  0.003489  0.989338  0.125371  0.074108  -0.083296  0.069698  0.994084  0.119464  -0.989659  0.079398  0.002787  -0.001464  0.002198  -0.009895  -0.459946  -0.076120  2.000000  0.999994  -0.000524  0.003567  -0.003567  -0.000003  0.999994  -0.000524  -1.000000  -0.000005  0.999896  -0.002770  0.014158  0.002773  0.999996  -0.000222  -0.014158  0.000261  0.999900  1.000000  -0.000035  0.000177  0.000035  1.000000  -0.000003  -0.000177  0.000003  1.000000  0.999994  -0.000524  0.003567  -0.003567  -0.000003  0.999994  -0.000524  -1.000000  -0.000005  0.000113  0.014429  
88.861455 0.008085  0.092506  0.003492  0.989298  0.124956  0.075333  -0.084523  0.069950  0.993963  0.118932  -0.989693  0.079763  0.002866  -0.001562  0.002299  -0.016407  -0.510041  -0.090275  2.000000  0.999990  -0.000670  0.004324  -0.004324  0.000017  0.999991  -0.000671  -1.000000  0.000014  0.999873  -0.003053  0.015617  0.003060  0.999995  -0.000409  -0.015616  0.000457  0.999878  1.000000  -0.000038  0.000195  0.000038  1.000000  -0.000005  -0.000195  0.000005  1.000000  0.999990  -0.000670  0.004324  -0.004324  0.000017  0.999991  -0.000671  -1.000000  0.000014  0.000128  0.015919  
88.862709 0.008089  0.092503  0.003495  0.989239  0.124548  0.076777  -0.085954  0.070057  0.993833  0.118401  -0.989737  0.080008  0.002906  -0.001693  0.002352  -0.022888  -0.559682  -0.108827  2.000000  0.999985  -0.000880  0.005355  -0.005355  0.000053  0.999986  -0.000881  -1.000000  0.000048  0.999847  -0.003601  0.017097  0.003612  0.999993  -0.000595  -0.017095  0.000657  0.999854  1.000000  -0.000045  0.000214  0.000045  1.000000  -0.000008  -0.000214  0.000008  1.000000  0.999985  -0.000880  0.005355  -0.005355  0.000053  0.999986  -0.000881  -1.000000  0.000048  0.000141  0.017485  
88.863959 0.008093  0.092499  0.003494  0.989177  0.124150  0.078207  -0.087385  0.070285  0.993692  0.117870  -0.989771  0.080374  0.002951  -0.001877  0.002194  -0.028563  -0.616358  -0.126786  2.000000  0.999978  -0.001118  0.006492  -0.006492  0.000096  0.999979  -0.001119  -0.999999  0.000089  0.999816  -0.004000  0.018771  0.004015  0.999992  -0.000758  -0.018768  0.000833  0.999824  1.000000  -0.000050  0.000235  0.000050  1.000000  -0.000010  -0.000235  0.000010  1.000000  0.999978  -0.001118  0.006492  -0.006492  0.000096  0.999979  -0.001119  -0.999999  0.000089  0.000155  0.019210  
88.865206 0.008097  0.092495  0.003494  0.989078  0.123898  0.079831  -0.089019  0.070478  0.993533  0.117471  -0.989789  0.080738  0.002989  -0.002037  0.002025  -0.034255  -0.672245  -0.135744  2.000000  0.999969  -0.001381  0.007694  -0.007694  0.000153  0.999970  -0.001382  -0.999999  0.000143  0.999798  -0.004331  0.019619  0.004349  0.999990  -0.000902  -0.019615  0.000988  0.999807  1.000000  -0.000054  0.000245  0.000054  1.000000  -0.000012  -0.000245  0.000012  1.000000  0.999969  -0.001381  0.007694  -0.007694  0.000153  0.999970  -0.001382  -0.999999  0.000143  0.000168  0.020115  
88.866210 0.008101  0.092492  0.003494  0.989033  0.123595  0.080856  -0.090041  0.070627  0.993431  0.117072  -0.989816  0.080982  0.003047  -0.002141  0.001863  -0.037499  -0.714595  -0.150263  2.000000  0.999963  -0.001544  0.008448  -0.008448  0.000196  0.999964  -0.001545  -0.999999  0.000183  0.999786  -0.004277  0.020232  0.004300  0.999990  -0.001075  -0.020227  0.001162  0.999795  1.000000  -0.000054  0.000253  0.000054  1.000000  -0.000014  -0.000253  0.000014  1.000000  0.999963  -0.001544  0.008448  -0.008448  0.000196  0.999964  -0.001545  -0.999999  0.000183  0.000179  0.020711  
88.867453 0.008105  0.092489  0.003493  0.988968  0.123316  0.082070  -0.091267  0.070873  0.993301  0.116674  -0.989833  0.081346  0.003134  -0.002241  0.001658  -0.044898  -0.756981  -0.160322  2.000000  0.999951  -0.001819  0.009721  -0.009720  0.000277  0.999953  -0.001821  -0.999998  0.000259  0.999781  -0.004387  0.020449  0.004414  0.999989  -0.001301  -0.020443  0.001391  0.999790  1.000000  -0.000055  0.000256  0.000055  1.000000  -0.000017  -0.000256  0.000017  1.000000  0.999951  -0.001819  0.009721  -0.009720  0.000277  0.999953  -0.001821  -0.999998  0.000259  0.000192  0.020959  
88.868453 0.008109  0.092485  0.003491  0.988920  0.123014  0.083095  -0.092289  0.071024  0.993196  0.116275  -0.989860  0.081590  0.003245  -0.002384  0.001417  -0.049003  -0.792664  -0.175401  2.000000  0.999940  -0.002038  0.010756  -0.010756  0.000351  0.999942  -0.002042  -0.999998  0.000329  0.999773  -0.004349  0.020858  0.004379  0.999989  -0.001378  -0.020852  0.001469  0.999782  1.000000  -0.000055  0.000261  0.000055  1.000000  -0.000018  -0.000261  0.000018  1.000000  0.999940  -0.002038  0.010756  -0.010756  0.000351  0.999942  -0.002042  -0.999998  0.000329  0.000201  0.021356  
88.869706 0.008114  0.092480  0.003488  0.988848  0.122619  0.084525  -0.093720  0.071258  0.993045  0.115743  -0.989892  0.081955  0.003369  -0.002642  0.001156  -0.054818  -0.848869  -0.188757  2.000000  0.999924  -0.002323  0.012089  -0.012088  0.000455  0.999927  -0.002328  -0.999997  0.000427  0.999753  -0.004676  0.021707  0.004710  0.999988  -0.001524  -0.021700  0.001625  0.999763  1.000000  -0.000059  0.000271  0.000059  1.000000  -0.000020  -0.000271  0.000020  1.000000  0.999924  -0.002323  0.012089  -0.012088  0.000455  0.999927  -0.002328  -0.999997  0.000427  0.000214  0.022263  
88.870958 0.008118  0.092473  0.003485  0.988793  0.122211  0.085751  -0.094947  0.071518  0.992910  0.115212  -0.989924  0.082320  0.003424  -0.002899  0.000752  -0.062253  -0.891745  -0.207677  2.000000  0.999906  -0.002628  0.013465  -0.013464  0.000569  0.999909  -0.002635  -0.999996  0.000534  0.999737  -0.005152  0.022364  0.005191  0.999985  -0.001692  -0.022355  0.001807  0.999748  1.000000  -0.000065  0.000280  0.000065  1.000000  -0.000022  -0.000280  0.000022  1.000000  0.999906  -0.002628  0.013465  -0.013464  0.000569  0.999909  -0.002635  -0.999996  0.000534  0.000227  0.023019  
88.872202 0.008122  0.092466  0.003481  0.988736  0.121793  0.086992  -0.096175  0.071659  0.992782  0.114680  -0.989965  0.082565  0.003400  -0.003277  0.000188  -0.064376  -0.933993  -0.219928  2.000000  0.999885  -0.002968  0.014877  -0.014875  0.000694  0.999889  -0.002978  -0.999995  0.000650  0.999724  -0.005644  0.022818  0.005689  0.999982  -0.001884  -0.022807  0.002014  0.999738  1.000000  -0.000071  0.000285  0.000071  1.000000  -0.000024  -0.000285  0.000024  1.000000  0.999885  -0.002968  0.014877  -0.014875  0.000694  0.999889  -0.002978  -0.999995  0.000650  0.000240  0.023588  
88.873203 0.008125  0.092459  0.003477  0.988682  0.121503  0.088002  -0.097197  0.071934  0.992662  0.114281  -0.989981  0.082929  0.003401  -0.003526  -0.000261  -0.074023  -0.970123  -0.232769  2.000000  0.999866  -0.003263  0.016019  -0.016017  0.000804  0.999871  -0.003276  -0.999994  0.000752  0.999721  -0.006039  0.022853  0.006089  0.999979  -0.002127  -0.022839  0.002265  0.999737  1.000000  -0.000076  0.000286  0.000076  1.000000  -0.000027  -0.000286  0.000027  1.000000  0.999866  -0.003263  0.016019  -0.016017  0.000804  0.999871  -0.003276  -0.999994  0.000752  0.000248  0.023741  
88.874207 0.008128  0.092453  0.003473  0.988627  0.121203  0.089028  -0.098219  0.072089  0.992550  0.113883  -0.990007  0.083173  0.003384  -0.003876  -0.000949  -0.080778  -0.984473  -0.240470  2.000000  0.999851  -0.003495  0.016882  -0.016879  0.000894  0.999857  -0.003510  -0.999993  0.000835  0.999714  -0.006280  0.023081  0.006336  0.999977  -0.002347  -0.023066  0.002493  0.999731  1.000000  -0.000079  0.000288  0.000079  1.000000  -0.000030  -0.000288  0.000030  1.000000  0.999851  -0.003495  0.016882  -0.016879  0.000894  0.999857  -0.003510  -0.999993  0.000835  0.000252  0.024045  
88.875452 0.008133  0.092446  0.003465  0.988591  0.120911  0.089820  -0.099038  0.072510  0.992438  0.113484  -0.990012  0.083658  0.003436  -0.004253  -0.001722  -0.094231  -0.977961  -0.240779  2.000000  0.999825  -0.003889  0.018317  -0.018313  0.001061  0.999832  -0.003907  -0.999992  0.000990  0.999718  -0.006288  0.022881  0.006350  0.999976  -0.002624  -0.022864  0.002768  0.999735  1.000000  -0.000079  0.000286  0.000079  1.000000  -0.000034  -0.000286  0.000034  1.000000  0.999825  -0.003889  0.018317  -0.018313  0.001061  0.999832  -0.003907  -0.999992  0.000990  0.000254  0.023884  
88.876452 0.008137  0.092440  0.003458  0.988540  0.120729  0.090630  -0.099855  0.072678  0.992344  0.113218  -0.990021  0.083900  0.003507  -0.004421  -0.002268  -0.100999  -0.976884  -0.238152  2.000000  0.999802  -0.004199  0.019438  -0.019433  0.001213  0.999810  -0.004221  -0.999990  0.001131  0.999733  -0.006197  0.022262  0.006264  0.999976  -0.002949  -0.022243  0.003088  0.999748  1.000000  -0.000078  0.000278  0.000078  1.000000  -0.000038  -0.000278  0.000038  1.000000  0.999802  -0.004199  0.019438  -0.019433  0.001213  0.999810  -0.004221  -0.999990  0.001131  0.000252  0.023307  
88.877703 0.008143  0.092433  0.003450  0.988502  0.120438  0.091422  -0.100673  0.073100  0.992230  0.112819  -0.990026  0.084385  0.003646  -0.004685  -0.002975  -0.112682  -0.983576  -0.237243  2.000000  0.999773  -0.004577  0.020811  -0.020805  0.001421  0.999783  -0.004605  -0.999989  0.001325  0.999748  -0.005970  0.021633  0.006042  0.999976  -0.003280  -0.021613  0.003410  0.999761  1.000000  -0.000075  0.000270  0.000075  1.000000  -0.000042  -0.000270  0.000042  1.000000  0.999773  -0.004577  0.020811  -0.020805  0.001421  0.999783  -0.004605  -0.999989  0.001325  0.000253  0.022692  
88.878952 0.008151  0.092427  0.003441  0.988464  0.120147  0.092215  -0.101492  0.073523  0.992116  0.112420  -0.990030  0.084869  0.003869  -0.004800  -0.003544  -0.124282  -0.991349  -0.245311  2.000000  0.999742  -0.004952  0.022146  -0.022138  0.001646  0.999754  -0.004987  -0.999986  0.001536  0.999761  -0.006013  0.021026  0.006087  0.999975  -0.003486  -0.021005  0.003613  0.999773  1.000000  -0.000076  0.000263  0.000076  1.000000  -0.000044  -0.000263  0.000044  1.000000  0.999742  -0.004952  0.022146  -0.022138  0.001646  0.999754  -0.004987  -0.999986  0.001536  0.000258  0.022157  
88.879957 0.008157  0.092422  0.003434  0.988425  0.119847  0.093022  -0.102311  0.073826  0.992009  0.112021  -0.990044  0.085233  0.004051  -0.004953  -0.004096  -0.130870  -1.006315  -0.261689  2.000000  0.999717  -0.005253  0.023188  -0.023178  0.001838  0.999730  -0.005294  -0.999985  0.001716  0.999764  -0.006153  0.020837  0.006232  0.999974  -0.003758  -0.020814  0.003887  0.999776  1.000000  -0.000077  0.000260  0.000077  1.000000  -0.000048  -0.000260  0.000048  1.000000  0.999717  -0.005253  0.023188  -0.023178  0.001838  0.999730  -0.005294  -0.999985  0.001716  0.000262  0.022062  
88.881210 0.008164  0.092417  0.003425  0.988400  0.119426  0.093826  -0.103131  0.074263  0.991892  0.111490  -0.990062  0.085718  0.004229  -0.005014  -0.004616  -0.145227  -1.009184  -0.281980  2.000000  0.999692  -0.005559  0.024207  -0.024196  0.002039  0.999705  -0.005607  -0.999982  0.001904  0.999775  -0.006329  0.020241  0.006408  0.999972  -0.003839  -0.020216  0.003968  0.999788  1.000000  -0.000080  0.000253  0.000080  1.000000  -0.000049  -0.000253  0.000049  1.000000  0.999692  -0.005559  0.024207  -0.024196  0.002039  0.999705  -0.005607  -0.999982  0.001904  0.000264  0.021566  
88.882454 0.008171  0.092411  0.003415  0.988374  0.119006  0.094631  -0.103951  0.074702  0.991773  0.110958  -0.990079  0.086204  0.004414  -0.005150  -0.005203  -0.157252  -0.995885  -0.297754  2.000000  0.999659  -0.005943  0.025441  -0.025428  0.002300  0.999674  -0.006000  -0.999980  0.002148  0.999792  -0.006255  0.019419  0.006335  0.999972  -0.004067  -0.019393  0.004190  0.999803  1.000000  -0.000079  0.000243  0.000079  1.000000  -0.000052  -0.000243  0.000052  1.000000  0.999659  -0.005943  0.025441  -0.025428  0.002300  0.999674  -0.006000  -0.999980  0.002148  0.000263  0.020817  
88.883456 0.008177  0.092407  0.003408  0.988354  0.118691  0.095235  -0.104566  0.075031  0.991684  0.110559  -0.990092  0.086568  0.004526  -0.005204  -0.005564  -0.174386  -0.976801  -0.302302  2.000000  0.999632  -0.006250  0.026399  -0.026384  0.002519  0.999649  -0.006314  -0.999977  0.002353  0.999800  -0.006149  0.019004  0.006231  0.999972  -0.004247  -0.018977  0.004365  0.999810  1.000000  -0.000077  0.000237  0.000077  1.000000  -0.000054  -0.000237  0.000054  1.000000  0.999632  -0.006250  0.026399  -0.026384  0.002519  0.999649  -0.006314  -0.999977  0.002353  0.000260  0.020434  
88.884701 0.008183  0.092402  0.003398  0.988318  0.118521  0.095813  -0.105179  0.075467  0.991586  0.110293  -0.990080  0.087051  0.004643  -0.005177  -0.006032  -0.186995  -0.954982  -0.296222  2.000000  0.999598  -0.006627  0.027554  -0.027536  0.002807  0.999617  -0.006701  -0.999974  0.002624  0.999817  -0.005943  0.018170  0.006026  0.999972  -0.004474  -0.018143  0.004583  0.999825  1.000000  -0.000075  0.000227  0.000075  1.000000  -0.000057  -0.000227  0.000057  1.000000  0.999598  -0.006627  0.027554  -0.027536  0.002807  0.999617  -0.006701  -0.999974  0.002624  0.000254  0.019648  
88.885703 0.008188  0.092397  0.003389  0.988289  0.118455  0.096189  -0.105588  0.075793  0.991517  0.110160  -0.990063  0.087413  0.004765  -0.005184  -0.006494  -0.196960  -0.927780  -0.287849  2.000000  0.999572  -0.006921  0.028438  -0.028418  0.003051  0.999591  -0.007005  -0.999971  0.002853  0.999832  -0.005872  0.017347  0.005956  0.999971  -0.004820  -0.017319  0.004922  0.999838  1.000000  -0.000074  0.000217  0.000074  1.000000  -0.000061  -0.000217  0.000061  1.000000  0.999572  -0.006921  0.028438  -0.028418  0.003051  0.999591  -0.007005  -0.999971  0.002853  0.000248  0.018952  
88.886959 0.008195  0.092390  0.003378  0.988275  0.118281  0.096549  -0.105998  0.076374  0.991429  0.109894  -0.990039  0.088016  0.004964  -0.005095  -0.006986  -0.216119  -0.893458  -0.284297  2.000000  0.999539  -0.007275  0.029474  -0.029450  0.003369  0.999561  -0.007371  -0.999968  0.003153  0.999851  -0.005685  0.016309  0.005766  0.999971  -0.004948  -0.016281  0.005041  0.999855  1.000000  -0.000072  0.000204  0.000072  1.000000  -0.000062  -0.000204  0.000062  1.000000  0.999539  -0.007275  0.029474  -0.029450  0.003369  0.999561  -0.007371  -0.999968  0.003153  0.000243  0.017980  
88.888204 0.008202  0.092383  0.003365  0.988253  0.117992  0.097125  -0.106613  0.076944  0.991319  0.109495  -0.990029  0.088620  0.005212  -0.005039  -0.007576  -0.225792  -0.872589  -0.284294  2.000000  0.999507  -0.007623  0.030456  -0.030429  0.003710  0.999530  -0.007732  -0.999964  0.003476  0.999867  -0.005631  0.015283  0.005715  0.999969  -0.005437  -0.015252  0.005523  0.999868  1.000000  -0.000071  0.000191  0.000071  1.000000  -0.000068  -0.000191  0.000069  1.000000  0.999507  -0.007623  0.030456  -0.030429  0.003710  0.999530  -0.007732  -0.999964  0.003476  0.000237  0.017186  
88.889460 0.008210  0.092376  0.003352  0.988253  0.117688  0.097497  -0.107025  0.077540  0.991228  0.109096  -0.990019  0.089224  0.005400  -0.004982  -0.007988  -0.241616  -0.846308  -0.286483  2.000000  0.999481  -0.007901  0.031214  -0.031183  0.004003  0.999506  -0.008022  -0.999961  0.003754  0.999873  -0.005658  0.014880  0.005744  0.999967  -0.005732  -0.014847  0.005817  0.999873  1.000000  -0.000071  0.000186  0.000071  1.000000  -0.000072  -0.000186  0.000072  1.000000  0.999481  -0.007901  0.031214  -0.031183  0.004003  0.999506  -0.008022  -0.999961  0.003754  0.000233  0.016935  
88.890701 0.008218  0.092371  0.003338  0.988245  0.117257  0.098100  -0.107641  0.078005  0.991125  0.108564  -0.990033  0.089710  0.005598  -0.004877  -0.008359  -0.248365  -0.825798  -0.287766  2.000000  0.999450  -0.008249  0.032120  -0.032085  0.004386  0.999476  -0.008386  -0.999956  0.004118  0.999882  -0.005705  0.014273  0.005792  0.999965  -0.006053  -0.014238  0.006135  0.999880  1.000000  -0.000072  0.000178  0.000072  1.000000  -0.000076  -0.000178  0.000076  1.000000  0.999450  -0.008249  0.032120  -0.032085  0.004386  0.999476  -0.008386  -0.999956  0.004118  0.000228  0.016535  
88.891702 0.008225  0.092367  0.003328  0.988229  0.117073  0.098475  -0.108051  0.078467  0.991044  0.108298  -0.990019  0.090193  0.005784  -0.004756  -0.008587  -0.259598  -0.798135  -0.289582  2.000000  0.999425  -0.008530  0.032815  -0.032776  0.004705  0.999452  -0.008680  -0.999953  0.004423  0.999890  -0.005752  0.013665  0.005838  0.999963  -0.006251  -0.013629  0.006330  0.999887  1.000000  -0.000072  0.000171  0.000072  1.000000  -0.000079  -0.000171  0.000079  1.000000  0.999425  -0.008530  0.032815  -0.032776  0.004705  0.999452  -0.008680  -0.999953  0.004423  0.000225  0.016106  
88.892702 0.008234  0.092365  0.003318  0.988213  0.116890  0.098850  -0.108461  0.078928  0.990962  0.108032  -0.990004  0.090676  0.006024  -0.004554  -0.008786  -0.270385  -0.777301  -0.282222  2.000000  0.999401  -0.008805  0.033479  -0.033436  0.005040  0.999428  -0.008969  -0.999949  0.004743  0.999899  -0.005667  0.013045  0.005753  0.999962  -0.006569  -0.013008  0.006643  0.999893  1.000000  -0.000071  0.000163  0.000071  1.000000  -0.000083  -0.000163  0.000083  1.000000  0.999401  -0.008805  0.033479  -0.033436  0.005040  0.999428  -0.008969  -0.999949  0.004743  0.000219  0.015683  
88.893952 0.008244  0.092362  0.003307  0.988197  0.116732  0.099198  -0.108871  0.079630  0.990861  0.107766  -0.989966  0.091399  0.006264  -0.004344  -0.008965  -0.286694  -0.742750  -0.275857  2.000000  0.999371  -0.009138  0.034265  -0.034216  0.005482  0.999399  -0.009321  -0.999943  0.005166  0.999911  -0.005465  0.012211  0.005552  0.999960  -0.007033  -0.012172  0.007100  0.999901  1.000000  -0.000069  0.000152  0.000069  1.000000  -0.000088  -0.000152  0.000088  1.000000  0.999371  -0.009138  0.034265  -0.034216  0.005482  0.999399  -0.009321  -0.999943  0.005166  0.000212  0.015130  
88.894952 0.008253  0.092359  0.003298  0.988167  0.116681  0.099561  -0.109280  0.080077  0.990780  0.107633  -0.989936  0.091881  0.006424  -0.004184  -0.009066  -0.298005  -0.714776  -0.269012  2.000000  0.999349  -0.009389  0.034844  -0.034790  0.005851  0.999378  -0.009587  -0.999939  0.005521  0.999922  -0.005134  0.011362  0.005217  0.999960  -0.007252  -0.011325  0.007311  0.999909  1.000000  -0.000065  0.000142  0.000065  1.000000  -0.000091  -0.000142  0.000091  1.000000  0.999349  -0.009389  0.034844  -0.034790  0.005851  0.999378  -0.009587  -0.999939  0.005521  0.000206  0.014439  
88.895961 0.008262  0.092357  0.003289  0.988144  0.116746  0.099709  -0.109483  0.080534  0.990721  0.107633  -0.989891  0.092361  0.006607  -0.004070  -0.009234  -0.309381  -0.678607  -0.261114  2.000000  0.999327  -0.009629  0.035393  -0.035334  0.006232  0.999356  -0.009844  -0.999934  0.005888  0.999928  -0.004900  0.010933  0.004981  0.999960  -0.007424  -0.010896  0.007478  0.999913  1.000000  -0.000062  0.000136  0.000062  1.000000  -0.000093  -0.000136  0.000093  1.000000  0.999327  -0.009629  0.035393  -0.035334  0.006232  0.999356  -0.009844  -0.999934  0.005888  0.000199  0.014109  
88.897203 0.008272  0.092353  0.003276  0.988113  0.116708  0.100058  -0.109892  0.081101  0.990629  0.107500  -0.989849  0.092963  0.006815  -0.003955  -0.009418  -0.321446  -0.651986  -0.251584  2.000000  0.999306  -0.009862  0.035927  -0.035863  0.006627  0.999335  -0.010093  -0.999929  0.006269  0.999933  -0.004798  0.010517  0.004880  0.999957  -0.007837  -0.010479  0.007888  0.999914  1.000000  -0.000060  0.000131  0.000060  1.000000  -0.000098  -0.000131  0.000098  1.000000  0.999306  -0.009862  0.035927  -0.035863  0.006627  0.999335  -0.010093  -0.999929  0.006269  0.000193  0.013980  
88.898205 0.008280  0.092350  0.003266  0.988082  0.116659  0.100422  -0.110300  0.081549  0.990547  0.107367  -0.989818  0.093444  0.006966  -0.003926  -0.009656  -0.331950  -0.631293  -0.248694  2.000000  0.999285  -0.010086  0.036440  -0.036370  0.007030  0.999314  -0.010335  -0.999924  0.006659  0.999938  -0.004697  0.010099  0.004777  0.999957  -0.007886  -0.010062  0.007934  0.999918  1.000000  -0.000059  0.000126  0.000059  1.000000  -0.000099  -0.000126  0.000099  1.000000  0.999285  -0.010086  0.036440  -0.036370  0.007030  0.999314  -0.010335  -0.999924  0.006659  0.000189  0.013661  
88.899206 0.008287  0.092345  0.003255  0.988074  0.116593  0.100581  -0.110505  0.082020  0.990485  0.107234  -0.989787  0.093926  0.007125  -0.003924  -0.009796  -0.342818  -0.601168  -0.240067  2.000000  0.999265  -0.010298  0.036937  -0.036861  0.007441  0.999293  -0.010566  -0.999919  0.007056  0.999943  -0.004464  0.009670  0.004542  0.999957  -0.008057  -0.009633  0.008101  0.999921  1.000000  -0.000056  0.000121  0.000056  1.000000  -0.000101  -0.000121  0.000101  1.000000  0.999265  -0.010298  0.036937  -0.036861  0.007441  0.999293  -0.010566  -0.999919  0.007056  0.000184  0.013368  
88.900210 0.008294  0.092341  0.003245  0.988042  0.116544  0.100945  -0.110914  0.082467  0.990403  0.107101  -0.989756  0.094407  0.007254  -0.003866  -0.009929  -0.349431  -0.580060  -0.232734  2.000000  0.999245  -0.010502  0.037417  -0.037336  0.007860  0.999272  -0.010788  -0.999914  0.007462  0.999947  -0.004212  0.009443  0.004290  0.999957  -0.008205  -0.009408  0.008245  0.999922  1.000000  -0.000053  0.000118  0.000053  1.000000  -0.000103  -0.000118  0.000103  1.000000  0.999245  -0.010502  0.037417  -0.037336  0.007860  0.999272  -0.010788  -0.999914  0.007462  0.000181  0.013213  
88.901452 0.008303  0.092336  0.003233  0.988025  0.116388  0.101293  -0.111324  0.083170  0.990298  0.106835  -0.989715  0.095130  0.007387  -0.003839  -0.009960  -0.369762  -0.545082  -0.226539  2.000000  0.999221  -0.010735  0.037985  -0.037896  0.008389  0.999246  -0.011045  -0.999907  0.007976  0.999954  -0.003865  0.008797  0.003939  0.999957  -0.008401  -0.008764  0.008435  0.999926  1.000000  -0.000049  0.000110  0.000049  1.000000  -0.000105  -0.000110  0.000105  1.000000  0.999221  -0.010735  0.037985  -0.037896  0.008389  0.999246  -0.011045  -0.999907  0.007976  0.000176  0.012775  
88.902459 0.008311  0.092333  0.003225  0.987979  0.116472  0.101645  -0.111730  0.083602  0.990216  0.106835  -0.989669  0.095611  0.007562  -0.003655  -0.009886  -0.376191  -0.523358  -0.214692  2.000000  0.999202  -0.010905  0.038412  -0.038317  0.008826  0.999227  -0.011235  -0.999902  0.008401  0.999959  -0.003499  0.008354  0.003571  0.999956  -0.008693  -0.008323  0.008722  0.999927  1.000000  -0.000044  0.000104  0.000044  1.000000  -0.000109  -0.000104  0.000109  1.000000  0.999202  -0.010905  0.038412  -0.038317  0.008826  0.999227  -0.011235  -0.999902  0.008401  0.000171  0.012564  
88.903703 0.008320  0.092329  0.003215  0.987970  0.116432  0.101776  -0.111935  0.084314  0.990132  0.106702  -0.989613  0.096332  0.007643  -0.003471  -0.009724  -0.391704  -0.498026  -0.205652  2.000000  0.999181  -0.011097  0.038923  -0.038820  0.009386  0.999202  -0.011453  -0.999894  0.008947  0.999963  -0.003266  0.007924  0.003337  0.999954  -0.008984  -0.007894  0.009010  0.999928  1.000000  -0.000041  0.000099  0.000041  1.000000  -0.000112  -0.000099  0.000112  1.000000  0.999181  -0.011097  0.038923  -0.038820  0.009386  0.999202  -0.011453  -0.999894  0.008947  0.000167  0.012426  
88.904955 0.008329  0.092327  0.003206  0.987924  0.116528  0.102113  -0.112342  0.084866  0.990039  0.106702  -0.989555  0.096932  0.007768  -0.003161  -0.009381  -0.402982  -0.466419  -0.192296  2.000000  0.999164  -0.011236  0.039315  -0.039205  0.009848  0.999183  -0.011614  -0.999888  0.009400  0.999966  -0.003014  0.007696  0.003085  0.999952  -0.009251  -0.007668  0.009274  0.999928  1.000000  -0.000038  0.000096  0.000038  1.000000  -0.000116  -0.000096  0.000116  1.000000  0.999164  -0.011236  0.039315  -0.039205  0.009848  0.999183  -0.011614  -0.999888  0.009400  0.000163  0.012414  
88.906209 0.008339  0.092325  0.003196  0.987878  0.116638  0.102436  -0.112749  0.085539  0.989935  0.106702  -0.989484  0.097653  0.007780  -0.002962  -0.009117  -0.416754  -0.451529  -0.179833  2.000000  0.999143  -0.011394  0.039795  -0.039677  0.010441  0.999158  -0.011800  -0.999881  0.009980  0.999967  -0.002742  0.007672  0.002814  0.999952  -0.009374  -0.007646  0.009396  0.999927  1.000000  -0.000035  0.000096  0.000035  1.000000  -0.000117  -0.000096  0.000117  1.000000  0.999143  -0.011394  0.039795  -0.039677  0.010441  0.999158  -0.011800  -0.999881  0.009980  0.000161  0.012429  
88.907452 0.008348  0.092323  0.003187  0.987845  0.116616  0.102772  -0.113157  0.086226  0.989828  0.106569  -0.989427  0.098374  0.007761  -0.002833  -0.008938  -0.426657  -0.437248  -0.171914  2.000000  0.999122  -0.011539  0.040267  -0.040140  0.011044  0.999133  -0.011974  -0.999872  0.010571  0.999969  -0.002624  0.007458  0.002695  0.999950  -0.009641  -0.007432  0.009661  0.999926  1.000000  -0.000033  0.000093  0.000033  1.000000  -0.000121  -0.000093  0.000121  1.000000  0.999122  -0.011539  0.040267  -0.040140  0.011044  0.999133  -0.011974  -0.999872  0.010571  0.000160  0.012476  
88.908704 0.008358  0.092321  0.003178  0.987799  0.116727  0.103095  -0.113564  0.086898  0.989723  0.106569  -0.989355  0.099094  0.007686  -0.002745  -0.008735  -0.436362  -0.422366  -0.159469  2.000000  0.999102  -0.011671  0.040736  -0.040600  0.011656  0.999107  -0.012135  -0.999864  0.011172  0.999970  -0.002352  0.007433  0.002424  0.999949  -0.009765  -0.007410  0.009782  0.999925  1.000000  -0.000030  0.000093  0.000030  1.000000  -0.000122  -0.000093  0.000122  1.000000  0.999102  -0.011671  0.040736  -0.040600  0.011656  0.999107  -0.012135  -0.999864  0.011172  0.000158  0.012502  
88.909953 0.008366  0.092319  0.003168  0.987752  0.116851  0.103403  -0.113971  0.087691  0.989606  0.106569  -0.989271  0.099934  0.007558  -0.002674  -0.008634  -0.450575  -0.404209  -0.145866  2.000000  0.999082  -0.011775  0.041189  -0.041045  0.012272  0.999082  -0.012269  -0.999855  0.011778  0.999973  -0.001834  0.007178  0.001905  0.999950  -0.009791  -0.007160  0.009804  0.999926  1.000000  -0.000023  0.000090  0.000023  1.000000  -0.000122  -0.000090  0.000122  1.000000  0.999082  -0.011775  0.041189  -0.041045  0.012272  0.999082  -0.012269  -0.999855  0.011778  0.000155  0.012284  
88.911202 0.008376  0.092317  0.003159  0.987719  0.116831  0.103739  -0.114379  0.088378  0.989498  0.106436  -0.989212  0.100656  0.007462  -0.002619  -0.008454  -0.460350  -0.389525  -0.133594  2.000000  0.999063  -0.011851  0.041630  -0.041477  0.012906  0.999056  -0.012378  -0.999846  0.012403  0.999975  -0.001449  0.006936  0.001520  0.999947  -0.010181  -0.006921  0.010191  0.999924  1.000000  -0.000019  0.000087  0.000019  1.000000  -0.000127  -0.000087  0.000127  1.000000  0.999063  -0.011851  0.041630  -0.041477  0.012906  0.999056  -0.012378  -0.999846  0.012403  0.000155  0.012408  
88.912203 0.008383  0.092315  0.003151  0.987672  0.116930  0.104075  -0.114786  0.088930  0.989402  0.106436  -0.989151  0.101255  0.007396  -0.002557  -0.008355  -0.469256  -0.381540  -0.120723  2.000000  0.999048  -0.011896  0.041976  -0.041816  0.013421  0.999035  -0.012448  -0.999839  0.012911  0.999975  -0.001179  0.006909  0.001250  0.999946  -0.010304  -0.006897  0.010312  0.999923  1.000000  -0.000015  0.000086  0.000015  1.000000  -0.000129  -0.000086  0.000129  1.000000  0.999048  -0.011896  0.041976  -0.041816  0.013421  0.999035  -0.012448  -0.999839  0.012911  0.000155  0.012466  
88.913231 0.008389  0.092313  0.003144  0.987625  0.117043  0.104397  -0.115192  0.089602  0.989294  0.106436  -0.989077  0.101975  0.007305  -0.002420  -0.008041  -0.482420  -0.369013  -0.104778  2.000000  0.999037  -0.011919  0.042234  -0.042068  0.013816  0.999019  -0.012491  -0.999834  0.013301  0.999977  -0.000929  0.006679  0.001000  0.999944  -0.010571  -0.006669  0.010577  0.999922  1.000000  -0.000012  0.000083  0.000012  1.000000  -0.000132  -0.000083  0.000132  1.000000  0.999037  -0.011919  0.042234  -0.042068  0.013816  0.999019  -0.012491  -0.999834  0.013301  0.000154  0.012542  
88.914465 0.008397  0.092309  0.003136  0.987577  0.117156  0.104719  -0.115599  0.090274  0.989185  0.106436  -0.989002  0.102695  0.007239  -0.002320  -0.007712  -0.491553  -0.361520  -0.096301  2.000000  0.999022  -0.011938  0.042584  -0.042411  0.014357  0.998997  -0.012537  -0.999826  0.013837  0.999976  -0.000770  0.006870  0.000844  0.999941  -0.010792  -0.006861  0.010798  0.999918  1.000000  -0.000010  0.000086  0.000010  1.000000  -0.000135  -0.000086  0.000135  1.000000  0.999022  -0.011938  0.042584  -0.042411  0.014357  0.998997  -0.012537  -0.999826  0.013837  0.000156  0.012819  
88.915704 0.008405  0.092305  0.003128  0.987505  0.117301  0.105231  -0.116209  0.091041  0.989043  0.106436  -0.988915  0.103535  0.007162  -0.002241  -0.007470  -0.503346  -0.367766  -0.086495  2.000000  0.999006  -0.011948  0.042938  -0.042758  0.014908  0.998974  -0.012575  -0.999817  0.014382  0.999975  -0.000610  0.007060  0.000688  0.999938  -0.011135  -0.007053  0.011139  0.999913  1.000000  -0.000008  0.000088  0.000008  1.000000  -0.000139  -0.000088  0.000139  1.000000  0.999006  -0.011948  0.042938  -0.042758  0.014908  0.998974  -0.012575  -0.999817  0.014382  0.000156  0.013201  
88.916708 0.008411  0.092301  0.003123  0.987457  0.117403  0.105567  -0.116616  0.091592  0.988945  0.106436  -0.988852  0.104135  0.007060  -0.002252  -0.007189  -0.507444  -0.367379  -0.081817  2.000000  0.998991  -0.011950  0.043301  -0.043115  0.015468  0.998950  -0.012607  -0.999809  0.014937  0.999974  -0.000451  0.007251  0.000532  0.999937  -0.011235  -0.007245  0.011239  0.999911  1.000000  -0.000006  0.000091  0.000006  1.000000  -0.000140  -0.000091  0.000140  1.000000  0.998991  -0.011950  0.043301  -0.043115  0.015468  0.998950  -0.012607  -0.999809  0.014937  0.000158  0.013381  
