1-Time 2-Px 3-Py 4-Pz 5-R11 6-R21 7-R31 8-R12 9-R22 10-R32 11-R13 12-R23 13-R33 14-Vx 15-Vy 16-Vz 17-Wx 18-Wy 19-Wz 20-state 21-PR11 22-PR21 23-PR31 24-PR12 25-PR22 26-PR32 27-PR13 28-PR23 29-PR33 
50.742173 0.004019  0.088526  -0.003770  0.996466  0.033692  -0.076946  -0.028933  0.997648  0.062144  0.078859  -0.059698  0.995097  -0.000042  -0.000082  -0.000064  0.000000  0.000000  0.000000  2.000000  1.000000  0.000000  0.000000  -0.000000  1.000000  0.000000  0.000000  -0.000000  1.000000  1.000000  -0.000205  -0.000012  0.000205  1.000000  -0.000016  0.000012  0.000016  1.000000  1.000000  0.000000  0.000000  0.000000  1.000000  0.000000  0.000000  0.000000  1.000000  0.800955  0.386059  -0.457635  -0.422084  0.906192  0.025727  0.424637  0.172554  0.888768  0.000000  0.000000  
50.743177 0.004019  0.088526  -0.003770  0.996455  0.033700  -0.077080  -0.028933  0.997647  0.062148  0.078993  -0.059698  0.995086  -0.000042  -0.000082  -0.000064  0.000000  0.000000  0.000000  2.000000  1.000000  0.000000  0.000000  0.000000  1.000000  0.000000  0.000000  0.000000  1.000000  1.000000  -0.000205  -0.000012  0.000205  1.000000  -0.000016  0.000012  0.000016  1.000000  1.000000  0.000000  0.000000  0.000000  1.000000  0.000000  0.000000  0.000000  1.000000  1.000000  0.000000  0.000000  0.000000  1.000000  0.000000  0.000000  0.000000  1.000000  0.000000  0.000000  
50.744178 0.004019  0.088523  -0.003772  0.996439  0.033923  -0.077196  -0.029138  0.997633  0.062289  0.079126  -0.059818  0.995068  -0.000065  -0.000275  -0.000183  0.000000  0.000000  0.000000  2.000000  1.000000  0.000000  0.000000  0.000000  1.000000  0.000000  0.000000  0.000000  1.000000  1.000000  0.000008  -0.000134  -0.000008  1.000000  0.000000  0.000134  0.000000  1.000000  1.000000  0.000000  0.000000  0.000000  1.000000  0.000000  0.000000  0.000000  1.000000  1.000000  0.000000  0.000000  0.000000  1.000000  0.000000  0.000000  0.000000  1.000000  0.000000  0.000000  
50.745427 0.004018  0.088519  -0.003776  0.996417  0.033939  -0.077462  -0.029137  0.997632  0.062297  0.079393  -0.059817  0.995047  -0.000102  -0.000559  -0.000434  0.000000  0.000000  0.000000  2.000000  1.000000  0.000000  0.000000  0.000000  1.000000  0.000000  0.000000  0.000000  1.000000  1.000000  0.000032  -0.000534  -0.000032  1.000000  0.000121  0.000534  -0.000121  1.000000  1.000000  0.000000  0.000000  0.000000  1.000000  0.000000  0.000000  0.000000  1.000000  1.000000  0.000000  0.000000  0.000000  1.000000  0.000000  0.000000  0.000000  1.000000  0.000000  0.000000  
50.746675 0.004018  0.088514  -0.003778  0.996386  0.033982  -0.077853  -0.029136  0.997616  0.062550  0.079793  -0.060056  0.995001  -0.000067  -0.000861  -0.000576  0.000000  0.000000  0.000000  2.000000  1.000000  0.000000  0.000000  0.000000  1.000000  0.000000  0.000000  0.000000  1.000000  1.000000  0.000048  -0.000801  -0.000048  1.000000  0.000364  0.000801  -0.000364  1.000000  1.000000  0.000000  0.000000  0.000000  1.000000  0.000000  0.000000  0.000000  1.000000  1.000000  0.000000  0.000000  0.000000  1.000000  0.000000  0.000000  0.000000  1.000000  0.000000  0.000000  
50.747678 0.004019  0.088510  -0.003780  0.996364  0.034017  -0.078111  -0.029136  0.997601  0.062800  0.080060  -0.060296  0.994965  -0.000001  -0.001136  -0.000698  0.000000  0.000000  0.000000  2.000000  1.000000  0.000000  0.000000  0.000000  1.000000  0.000000  0.000000  0.000000  1.000000  0.999999  0.000065  -0.001068  -0.000064  1.000000  0.000485  0.001068  -0.000485  0.999999  1.000000  0.000000  0.000000  0.000000  1.000000  0.000000  0.000000  0.000000  1.000000  1.000000  0.000000  0.000000  0.000000  1.000000  0.000000  0.000000  0.000000  1.000000  0.000000  0.000000  
50.748928 0.004020  0.088505  -0.003782  0.996337  0.034248  -0.078360  -0.029340  0.997586  0.062945  0.080326  -0.060415  0.994936  0.000055  -0.001468  -0.000864  0.000000  0.000000  0.000000  2.000000  1.000000  0.000000  0.000000  0.000000  1.000000  0.000000  0.000000  0.000000  1.000000  0.999999  0.000294  -0.001457  -0.000293  1.000000  0.000744  0.001457  -0.000744  0.999999  1.000000  0.000000  0.000000  0.000000  1.000000  0.000000  0.000000  0.000000  1.000000  1.000000  0.000000  0.000000  0.000000  1.000000  0.000000  0.000000  0.000000  1.000000  0.000000  0.000000  
50.750178 0.004022  0.088500  -0.003784  0.996303  0.034694  -0.078592  -0.029750  0.997556  0.063227  0.080593  -0.060656  0.994900  0.000158  -0.001823  -0.000987  0.000000  0.000000  0.000000  2.000000  1.000000  0.000000  0.000000  0.000000  1.000000  0.000000  0.000000  0.000000  1.000000  0.999998  0.000516  -0.001711  -0.000514  0.999999  0.001004  0.001712  -0.001003  0.999998  1.000000  0.000000  0.000000  0.000000  1.000000  0.000000  0.000000  0.000000  1.000000  1.000000  0.000000  0.000000  0.000000  1.000000  0.000000  0.000000  0.000000  1.000000  0.000000  0.000000  
50.751185 0.004023  0.088495  -0.003786  0.996275  0.034925  -0.078840  -0.029954  0.997540  0.063373  0.080860  -0.060775  0.994871  0.000224  -0.002098  -0.001109  0.000000  0.000000  0.000000  2.000000  1.000000  0.000000  0.000000  0.000000  1.000000  0.000000  0.000000  0.000000  1.000000  0.999998  0.000729  -0.001832  -0.000727  0.999999  0.001142  0.001833  -0.001140  0.999998  1.000000  0.000000  0.000000  0.000000  1.000000  0.000000  0.000000  0.000000  1.000000  1.000000  0.000000  0.000000  0.000000  1.000000  0.000000  0.000000  0.000000  1.000000  0.000000  0.000000  
50.752434 0.004024  0.088491  -0.003788  0.996247  0.035156  -0.079089  -0.030159  0.997525  0.063518  0.081127  -0.060894  0.994842  0.000351  -0.002403  -0.001222  0.000000  0.000000  0.000000  2.000000  1.000000  0.000000  0.000000  0.000000  1.000000  0.000000  0.000000  0.000000  1.000000  0.999997  0.001155  -0.002074  -0.001152  0.999998  0.001296  0.002076  -0.001294  0.999997  1.000000  0.000000  0.000000  0.000000  1.000000  0.000000  0.000000  0.000000  1.000000  1.000000  0.000000  0.000000  0.000000  1.000000  0.000000  0.000000  0.000000  1.000000  0.000000  0.000000  
50.753681 0.004025  0.088486  -0.003792  0.996209  0.035396  -0.079471  -0.030363  0.997509  0.063667  0.081527  -0.061013  0.994802  0.000413  -0.002652  -0.001456  0.000000  0.000000  0.000000  2.000000  1.000000  0.000000  0.000000  0.000000  1.000000  0.000000  0.000000  0.000000  1.000000  0.999996  0.001385  -0.002462  -0.001381  0.999998  0.001435  0.002464  -0.001432  0.999996  1.000000  0.000000  0.000000  0.000000  1.000000  0.000000  0.000000  0.000000  1.000000  1.000000  0.000000  0.000000  0.000000  1.000000  0.000000  0.000000  0.000000  1.000000  0.000000  0.000000  
50.754932 0.004026  0.088483  -0.003795  0.996159  0.035643  -0.079986  -0.030567  0.997493  0.063821  0.082060  -0.061131  0.994751  0.000484  -0.002923  -0.001656  0.000000  0.000000  0.000000  2.000000  1.000000  0.000000  0.000000  0.000000  1.000000  0.000000  0.000000  0.000000  1.000000  0.999994  0.001623  -0.002983  -0.001618  0.999997  0.001574  0.002986  -0.001569  0.999994  1.000000  0.000000  0.000000  0.000000  1.000000  0.000000  0.000000  0.000000  1.000000  1.000000  0.000000  0.000000  0.000000  1.000000  0.000000  0.000000  0.000000  1.000000  0.000000  0.000000  
50.755943 0.004028  0.088480  -0.003798  0.996126  0.035678  -0.080380  -0.030566  0.997485  0.063954  0.082460  -0.061250  0.994710  0.000580  -0.003079  -0.001870  0.000000  0.000000  0.000000  2.000000  1.000000  0.000000  0.000000  0.000000  1.000000  0.000000  0.000000  0.000000  1.000000  0.999993  0.001647  -0.003384  -0.001642  0.999997  0.001574  0.003387  -0.001569  0.999993  1.000000  0.000000  0.000000  0.000000  1.000000  0.000000  0.000000  0.000000  1.000000  1.000000  0.000000  0.000000  0.000000  1.000000  0.000000  0.000000  0.000000  1.000000  0.000000  0.000000  
50.757184 0.004030  0.088477  -0.003801  0.996069  0.036121  -0.080886  -0.030974  0.997469  0.064004  0.082993  -0.061247  0.994666  0.000726  -0.003324  -0.002121  0.000000  0.000000  0.000000  2.000000  1.000000  0.000000  0.000000  0.000000  1.000000  0.000000  0.000000  0.000000  1.000000  0.999990  0.002090  -0.003893  -0.002084  0.999996  0.001731  0.003896  -0.001723  0.999991  1.000000  0.000000  0.000000  0.000000  1.000000  0.000000  0.000000  0.000000  1.000000  1.000000  0.000000  0.000000  0.000000  1.000000  0.000000  0.000000  0.000000  1.000000  0.000000  0.000000  
50.758428 0.004033  0.088473  -0.003805  0.996018  0.036369  -0.081401  -0.031178  0.997453  0.064158  0.083527  -0.061365  0.994614  0.000890  -0.003538  -0.002316  0.000000  0.000000  0.000000  2.000000  1.000000  0.000000  0.000000  0.000000  1.000000  0.000000  0.000000  0.000000  1.000000  0.999987  0.002533  -0.004401  -0.002525  0.999995  0.001887  0.004406  -0.001876  0.999989  1.000000  0.000000  0.000000  0.000000  1.000000  0.000000  0.000000  0.000000  1.000000  1.000000  0.000000  0.000000  0.000000  1.000000  0.000000  0.000000  0.000000  1.000000  0.000000  0.000000  
50.759681 0.004035  0.088467  -0.003809  0.995966  0.036627  -0.081911  -0.031382  0.997428  0.064434  0.084060  -0.061603  0.994555  0.001151  -0.003634  -0.002360  0.071410  0.170396  0.086369  2.000000  1.000000  0.000000  0.000000  0.000000  1.000000  0.000000  0.000000  0.000000  1.000000  0.999984  0.002772  -0.004922  -0.002762  0.999994  0.002027  0.004928  -0.002014  0.999986  1.000000  0.000000  0.000000  0.000000  1.000000  0.000000  0.000000  0.000000  1.000000  1.000000  0.000000  0.000000  0.000000  1.000000  0.000000  0.000000  0.000000  1.000000  0.000050  0.000000  
50.760928 0.004039  0.088462  -0.003811  0.995926  0.036877  -0.082287  -0.031586  0.997404  0.064705  0.084460  -0.061842  0.994506  0.001325  -0.003707  -0.002274  0.080149  0.183444  0.094101  2.000000  1.000000  0.000373  -0.000002  -0.000373  1.000000  0.000138  0.000002  -0.000138  1.000000  0.999981  0.003003  -0.005310  -0.002991  0.999993  0.002288  0.005316  -0.002272  0.999983  1.000000  0.000076  -0.000001  -0.000076  1.000000  0.000029  0.000001  -0.000029  1.000000  1.000000  0.000373  -0.000002  -0.000373  1.000000  0.000138  0.000002  -0.000138  1.000000  0.000054  0.006512  
50.761928 0.004041  0.088456  -0.003811  0.995886  0.037127  -0.082664  -0.031790  0.997380  0.064977  0.084860  -0.062082  0.994457  0.001517  -0.003770  -0.002220  0.088883  0.196474  0.101828  2.000000  1.000000  0.000693  -0.000004  -0.000693  1.000000  0.000262  0.000005  -0.000262  1.000000  0.999979  0.003234  -0.005697  -0.003219  0.999992  0.002550  0.005705  -0.002531  0.999981  1.000000  0.000082  -0.000001  -0.000082  1.000000  0.000032  0.000001  -0.000032  1.000000  1.000000  0.000693  -0.000004  -0.000693  1.000000  0.000262  0.000005  -0.000262  1.000000  0.000058  0.007026  
50.763179 0.004044  0.088449  -0.003813  0.995834  0.037396  -0.083169  -0.031993  0.997348  0.065374  0.085393  -0.062441  0.994389  0.001654  -0.003922  -0.002125  0.101701  0.213979  0.109843  2.000000  0.999999  0.001125  -0.000011  -0.001125  0.999999  0.000435  0.000011  -0.000435  1.000000  0.999975  0.003474  -0.006217  -0.003456  0.999990  0.002933  0.006227  -0.002911  0.999976  1.000000  0.000089  -0.000001  -0.000089  1.000000  0.000037  0.000001  -0.000037  1.000000  0.999999  0.001125  -0.000011  -0.001125  0.999999  0.000435  0.000011  -0.000435  1.000000  0.000064  0.007698  
50.764428 0.004047  0.088440  -0.003814  0.995770  0.037674  -0.083807  -0.032196  0.997315  0.065775  0.086060  -0.062799  0.994309  0.001777  -0.004196  -0.002081  0.114577  0.236067  0.118189  2.000000  0.999999  0.001592  -0.000019  -0.001592  0.999999  0.000632  0.000020  -0.000632  1.000000  0.999971  0.003510  -0.006750  -0.003488  0.999988  0.003299  0.006761  -0.003275  0.999972  1.000000  0.000095  -0.000004  -0.000095  1.000000  0.000041  0.000004  -0.000041  1.000000  0.999999  0.001592  -0.000019  -0.001592  0.999999  0.000632  0.000020  -0.000632  1.000000  0.000070  0.008288  
50.765678 0.004051  0.088431  -0.003816  0.995705  0.037952  -0.084444  -0.032399  0.997282  0.066177  0.086726  -0.063157  0.994228  0.001906  -0.004462  -0.002106  0.127392  0.258016  0.126474  2.000000  0.999998  0.002085  -0.000038  -0.002085  0.999997  0.000847  0.000040  -0.000847  1.000000  0.999968  0.003743  -0.007136  -0.003717  0.999987  0.003561  0.007149  -0.003535  0.999968  1.000000  0.000101  -0.000004  -0.000101  1.000000  0.000044  0.000004  -0.000044  1.000000  0.999998  0.002085  -0.000038  -0.002085  0.999997  0.000847  0.000040  -0.000847  1.000000  0.000077  0.008804  
50.766928 0.004054  0.088421  -0.003819  0.995629  0.038239  -0.085214  -0.032602  0.997248  0.066583  0.087526  -0.063514  0.994135  0.002011  -0.004779  -0.002141  0.140807  0.284049  0.141939  2.000000  0.999997  0.002500  -0.000058  -0.002500  0.999996  0.001035  0.000061  -0.001035  0.999999  0.999963  0.003984  -0.007655  -0.003955  0.999985  0.003825  0.007671  -0.003794  0.999963  1.000000  0.000108  -0.000005  -0.000108  1.000000  0.000048  0.000005  -0.000048  1.000000  0.999997  0.002500  -0.000058  -0.002500  0.999996  0.001035  0.000061  -0.001035  0.999999  0.000085  0.009434  
50.767937 0.004057  0.088412  -0.003823  0.995593  0.038285  -0.085604  -0.032601  0.997231  0.066838  0.087926  -0.063753  0.994085  0.002173  -0.005125  -0.002200  0.148973  0.297471  0.142795  2.000000  0.999996  0.002933  -0.000078  -0.002933  0.999995  0.001232  0.000082  -0.001232  0.999999  0.999962  0.003995  -0.007788  -0.003965  0.999984  0.003948  0.007803  -0.003917  0.999962  1.000000  0.000109  -0.000006  -0.000109  1.000000  0.000049  0.000006  -0.000049  1.000000  0.999996  0.002933  -0.000078  -0.002933  0.999995  0.001232  0.000082  -0.001232  0.999999  0.000090  0.009595  
50.769178 0.004061  0.088404  -0.003826  0.995539  0.038556  -0.086108  -0.032804  0.997198  0.067236  0.088459  -0.064112  0.994014  0.002376  -0.005419  -0.002216  0.161818  0.314978  0.150850  2.000000  0.999994  0.003379  -0.000101  -0.003379  0.999993  0.001437  0.000106  -0.001436  0.999999  0.999960  0.004015  -0.008053  -0.003982  0.999983  0.004192  0.008070  -0.004160  0.999959  1.000000  0.000112  -0.000007  -0.000112  1.000000  0.000052  0.000007  -0.000052  1.000000  0.999994  0.003379  -0.000101  -0.003379  0.999993  0.001437  0.000106  -0.001436  0.999999  0.000095  0.009921  
50.770187 0.004065  0.088396  -0.003829  0.995509  0.038799  -0.086350  -0.033008  0.997173  0.067505  0.088725  -0.064351  0.993975  0.002553  -0.005803  -0.002266  0.170522  0.323419  0.158285  2.000000  0.999993  0.003831  -0.000130  -0.003831  0.999991  0.001647  0.000137  -0.001647  0.999999  0.999958  0.004026  -0.008186  -0.003991  0.999983  0.004315  0.008203  -0.004282  0.999957  1.000000  0.000114  -0.000008  -0.000114  1.000000  0.000054  0.000008  -0.000054  1.000000  0.999993  0.003831  -0.000130  -0.003831  0.999991  0.001647  0.000137  -0.001647  0.999999  0.000099  0.010084  
50.771187 0.004069  0.088390  -0.003832  0.995473  0.038846  -0.086740  -0.033007  0.997156  0.067760  0.089125  -0.064590  0.993924  0.002712  -0.006075  -0.002229  0.178693  0.336846  0.159156  2.000000  0.999991  0.004282  -0.000162  -0.004281  0.999989  0.001859  0.000170  -0.001858  0.999998  0.999959  0.003823  -0.008198  -0.003788  0.999984  0.004298  0.008214  -0.004266  0.999957  1.000000  0.000113  -0.000010  -0.000113  1.000000  0.000054  0.000010  -0.000054  1.000000  0.999991  0.004282  -0.000162  -0.004281  0.999989  0.001859  0.000170  -0.001858  0.999998  0.000102  0.010008  
50.772448 0.004074  0.088383  -0.003834  0.995443  0.039090  -0.086982  -0.033211  0.997130  0.068029  0.089392  -0.064830  0.993884  0.002918  -0.006292  -0.002097  0.187397  0.345285  0.166595  2.000000  0.999988  0.004849  -0.000213  -0.004849  0.999986  0.002128  0.000223  -0.002127  0.999998  0.999958  0.003834  -0.008331  -0.003797  0.999983  0.004420  0.008347  -0.004388  0.999956  1.000000  0.000114  -0.000011  -0.000114  1.000000  0.000055  0.000011  -0.000055  1.000000  0.999988  0.004849  -0.000213  -0.004849  0.999986  0.002128  0.000223  -0.002127  0.999998  0.000107  0.010173  
50.773683 0.004080  0.088376  -0.003835  0.995407  0.039137  -0.087371  -0.033210  0.997113  0.068284  0.089792  -0.065069  0.993833  0.003139  -0.006369  -0.001908  0.195124  0.354892  0.160422  2.000000  0.999986  0.005308  -0.000262  -0.005307  0.999983  0.002348  0.000274  -0.002347  0.999997  0.999957  0.003639  -0.008477  -0.003601  0.999983  0.004525  0.008493  -0.004494  0.999954  1.000000  0.000114  -0.000014  -0.000114  1.000000  0.000056  0.000014  -0.000056  1.000000  0.999986  0.005308  -0.000262  -0.005307  0.999983  0.002348  0.000274  -0.002347  0.999997  0.000109  0.010268  
50.774929 0.004085  0.088371  -0.003834  0.995371  0.039184  -0.087761  -0.033209  0.997096  0.068539  0.090191  -0.065307  0.993781  0.003307  -0.006356  -0.001682  0.199277  0.354900  0.160499  2.000000  0.999983  0.005767  -0.000322  -0.005766  0.999980  0.002575  0.000337  -0.002573  0.999997  0.999957  0.003445  -0.008623  -0.003406  0.999983  0.004629  0.008639  -0.004599  0.999952  1.000000  0.000115  -0.000017  -0.000115  1.000000  0.000058  0.000017  -0.000058  1.000000  0.999983  0.005767  -0.000322  -0.005766  0.999980  0.002575  0.000337  -0.002573  0.999997  0.000110  0.010369  
50.776183 0.004090  0.088365  -0.003834  0.995322  0.039240  -0.088283  -0.033207  0.997078  0.068799  0.090724  -0.065545  0.993717  0.003425  -0.006398  -0.001530  0.199278  0.363739  0.161103  2.000000  0.999980  0.006333  -0.000406  -0.006332  0.999976  0.002870  0.000424  -0.002867  0.999996  0.999959  0.003234  -0.008502  -0.003194  0.999984  0.004732  0.008517  -0.004705  0.999953  1.000000  0.000112  -0.000018  -0.000112  1.000000  0.000059  0.000018  -0.000059  1.000000  0.999980  0.006333  -0.000406  -0.006332  0.999976  0.002870  0.000424  -0.002867  0.999996  0.000111  0.010248  
50.777428 0.004094  0.088358  -0.003833  0.995286  0.039299  -0.088667  -0.033206  0.997052  0.069175  0.091124  -0.065904  0.993656  0.003430  -0.006411  -0.001386  0.205819  0.365248  0.160183  2.000000  0.999976  0.006891  -0.000495  -0.006889  0.999971  0.003173  0.000516  -0.003169  0.999995  0.999960  0.003227  -0.008368  -0.003186  0.999983  0.004855  0.008383  -0.004828  0.999953  1.000000  0.000111  -0.000018  -0.000111  1.000000  0.000061  0.000018  -0.000061  1.000000  0.999976  0.006891  -0.000495  -0.006889  0.999971  0.003173  0.000516  -0.003169  0.999995  0.000111  0.010192  
50.778430 0.004097  0.088351  -0.003832  0.995261  0.039338  -0.088923  -0.033205  0.997034  0.069426  0.091391  -0.066144  0.993616  0.003443  -0.006448  -0.001232  0.206973  0.364177  0.154426  2.000000  0.999973  0.007322  -0.000572  -0.007320  0.999967  0.003424  0.000597  -0.003419  0.999994  0.999963  0.002802  -0.008127  -0.002761  0.999983  0.005060  0.008141  -0.005038  0.999954  1.000000  0.000105  -0.000021  -0.000105  1.000000  0.000063  0.000021  -0.000063  1.000000  0.999973  0.007322  -0.000572  -0.007320  0.999967  0.003424  0.000597  -0.003419  0.999994  0.000111  0.009970  
50.779678 0.004100  0.088341  -0.003831  0.995237  0.039378  -0.089179  -0.033205  0.997017  0.069676  0.091657  -0.066383  0.993575  0.003448  -0.006459  -0.001089  0.206429  0.364610  0.147645  2.000000  0.999969  0.007836  -0.000675  -0.007833  0.999962  0.003744  0.000704  -0.003738  0.999993  0.999966  0.002582  -0.007873  -0.002541  0.999983  0.005164  0.007886  -0.005143  0.999956  1.000000  0.000101  -0.000022  -0.000101  1.000000  0.000064  0.000022  -0.000064  1.000000  0.999969  0.007836  -0.000675  -0.007833  0.999962  0.003744  0.000704  -0.003738  0.999993  0.000112  0.009758  
50.780678 0.004102  0.088333  -0.003830  0.995212  0.039417  -0.089436  -0.033204  0.996999  0.069927  0.091924  -0.066623  0.993535  0.003394  -0.006486  -0.000899  0.208207  0.366474  0.139956  2.000000  0.999966  0.008233  -0.000763  -0.008230  0.999958  0.004006  0.000796  -0.004000  0.999992  0.999968  0.002361  -0.007619  -0.002321  0.999983  0.005266  0.007631  -0.005248  0.999957  1.000000  0.000097  -0.000022  -0.000097  1.000000  0.000066  0.000022  -0.000066  1.000000  0.999966  0.008233  -0.000763  -0.008230  0.999958  0.004006  0.000796  -0.004000  0.999992  0.000111  0.009553  
50.781678 0.004104  0.088326  -0.003828  0.995188  0.039457  -0.089692  -0.033203  0.996982  0.070178  0.092190  -0.066862  0.993494  0.003388  -0.006458  -0.000623  0.211677  0.371333  0.133481  2.000000  0.999962  0.008619  -0.000860  -0.008615  0.999954  0.004272  0.000897  -0.004264  0.999991  0.999969  0.002158  -0.007632  -0.002118  0.999983  0.005369  0.007644  -0.005353  0.999956  1.000000  0.000096  -0.000025  -0.000096  1.000000  0.000067  0.000025  -0.000067  1.000000  0.999962  0.008619  -0.000860  -0.008615  0.999954  0.004272  0.000897  -0.004264  0.999991  0.000112  0.009574  
50.782929 0.004107  0.088316  -0.003826  0.995163  0.039507  -0.089943  -0.033202  0.996956  0.070549  0.092456  -0.067222  0.993445  0.003324  -0.006436  -0.000193  0.220455  0.366336  0.120352  2.000000  0.999959  0.008997  -0.000962  -0.008993  0.999949  0.004540  0.001002  -0.004531  0.999989  0.999970  0.001948  -0.007512  -0.001906  0.999983  0.005472  0.007523  -0.005457  0.999957  1.000000  0.000093  -0.000026  -0.000093  1.000000  0.000068  0.000026  -0.000068  1.000000  0.999959  0.008997  -0.000962  -0.008993  0.999949  0.004540  0.001002  -0.004531  0.999989  0.000112  0.009491  
50.784180 0.004109  0.088306  -0.003823  0.995138  0.039558  -0.090194  -0.033201  0.996929  0.070921  0.092723  -0.067582  0.993396  0.003185  -0.006480  0.000282  0.230758  0.363236  0.119405  2.000000  0.999955  0.009455  -0.001093  -0.009450  0.999943  0.004879  0.001139  -0.004869  0.999987  0.999971  0.001736  -0.007392  -0.001696  0.999984  0.005453  0.007401  -0.005441  0.999958  1.000000  0.000091  -0.000028  -0.000091  1.000000  0.000068  0.000028  -0.000068  1.000000  0.999955  0.009455  -0.001093  -0.009450  0.999943  0.004879  0.001139  -0.004869  0.999987  0.000112  0.009345  
50.785186 0.004111  0.088299  -0.003820  0.995120  0.039393  -0.090465  -0.032996  0.996920  0.071153  0.092989  -0.067821  0.993355  0.003087  -0.006513  0.000589  0.235575  0.358143  0.106119  2.000000  0.999951  0.009802  -0.001204  -0.009796  0.999939  0.005149  0.001255  -0.005137  0.999986  0.999975  0.001302  -0.007019  -0.001264  0.999985  0.005415  0.007026  -0.005406  0.999961  1.000000  0.000084  -0.000030  -0.000084  1.000000  0.000068  0.000030  -0.000068  1.000000  0.999951  0.009802  -0.001204  -0.009796  0.999939  0.005149  0.001255  -0.005137  0.999986  0.000111  0.008957  
50.786195 0.004114  0.088291  -0.003819  0.995108  0.039435  -0.090584  -0.032995  0.996893  0.071520  0.093123  -0.068182  0.993317  0.002927  -0.006601  0.000888  0.243247  0.349741  0.098784  2.000000  0.999948  0.010130  -0.001323  -0.010123  0.999934  0.005416  0.001378  -0.005402  0.999984  0.999977  0.001080  -0.006766  -0.001045  0.999986  0.005275  0.006771  -0.005268  0.999963  1.000000  0.000080  -0.000031  -0.000080  1.000000  0.000066  0.000031  -0.000066  1.000000  0.999948  0.010130  -0.001323  -0.010123  0.999934  0.005416  0.001378  -0.005402  0.999984  0.000109  0.008644  
50.787431 0.004116  0.088282  -0.003818  0.995083  0.039486  -0.090835  -0.032994  0.996867  0.071892  0.093389  -0.068541  0.993268  0.002760  -0.006728  0.001093  0.250742  0.336582  0.091073  2.000000  0.999944  0.010440  -0.001438  -0.010432  0.999929  0.005683  0.001498  -0.005668  0.999983  0.999979  0.001055  -0.006365  -0.001022  0.999986  0.005275  0.006370  -0.005268  0.999966  1.000000  0.000075  -0.000029  -0.000075  1.000000  0.000066  0.000029  -0.000066  1.000000  0.999944  0.010440  -0.001438  -0.010432  0.999929  0.005683  0.001498  -0.005668  0.999983  0.000108  0.008331  
50.788683 0.004118  0.088273  -0.003817  0.995070  0.039517  -0.090958  -0.032994  0.996849  0.072138  0.093522  -0.068781  0.993238  0.002478  -0.007024  0.001263  0.254202  0.328012  0.083659  2.000000  0.999941  0.010791  -0.001576  -0.010781  0.999924  0.006012  0.001640  -0.005995  0.999981  0.999983  0.000816  -0.005845  -0.000785  0.999986  0.005255  0.005849  -0.005251  0.999969  1.000000  0.000068  -0.000028  -0.000068  1.000000  0.000066  0.000028  -0.000066  1.000000  0.999941  0.010791  -0.001576  -0.010781  0.999924  0.006012  0.001640  -0.005995  0.999981  0.000106  0.007901  
50.789932 0.004120  0.088263  -0.003816  0.995070  0.039550  -0.090944  -0.032994  0.996822  0.072501  0.093522  -0.069143  0.993213  0.002270  -0.007229  0.001265  0.261141  0.310945  0.068802  2.000000  0.999938  0.011047  -0.001678  -0.011036  0.999919  0.006271  0.001748  -0.006252  0.999979  0.999986  0.000576  -0.005325  -0.000548  0.999987  0.005115  0.005328  -0.005112  0.999973  1.000000  0.000061  -0.000027  -0.000061  1.000000  0.000064  0.000027  -0.000064  1.000000  0.999938  0.011047  -0.001678  -0.011036  0.999919  0.006271  0.001748  -0.006252  0.999979  0.000103  0.007405  
50.791182 0.004122  0.088254  -0.003815  0.995077  0.039367  -0.090949  -0.032789  0.996813  0.072724  0.093522  -0.069384  0.993197  0.002077  -0.007410  0.001223  0.255853  0.298385  0.054254  2.000000  0.999934  0.011329  -0.001810  -0.011317  0.999914  0.006591  0.001885  -0.006570  0.999977  0.999988  0.000336  -0.004805  -0.000311  0.999987  0.005095  0.004807  -0.005094  0.999975  1.000000  0.000054  -0.000027  -0.000054  1.000000  0.000064  0.000027  -0.000064  1.000000  0.999934  0.011329  -0.001810  -0.011317  0.999914  0.006591  0.001885  -0.006570  0.999977  0.000100  0.007011  
50.792430 0.004123  0.088244  -0.003815  0.995077  0.039389  -0.090940  -0.032789  0.996795  0.072966  0.093522  -0.069625  0.993180  0.001890  -0.007578  0.001211  0.255246  0.280880  0.046258  2.000000  0.999932  0.011482  -0.001892  -0.011469  0.999911  0.006782  0.001970  -0.006760  0.999975  0.999990  0.000104  -0.004419  -0.000082  0.999987  0.005076  0.004419  -0.005075  0.999977  1.000000  0.000048  -0.000027  -0.000048  1.000000  0.000063  0.000027  -0.000063  1.000000  0.999932  0.011482  -0.001892  -0.011469  0.999911  0.006782  0.001970  -0.006760  0.999975  0.000096  0.006731  
50.793678 0.004123  0.088235  -0.003813  0.995065  0.039432  -0.091058  -0.032789  0.996768  0.073333  0.093655  -0.069985  0.993142  0.001729  -0.007624  0.001211  0.254656  0.263393  0.038289  2.000000  0.999930  0.011665  -0.001998  -0.011651  0.999907  0.007037  0.002080  -0.007013  0.999973  0.999991  -0.000109  -0.004300  0.000130  0.999987  0.005056  0.004299  -0.005057  0.999978  1.000000  0.000046  -0.000028  -0.000046  1.000000  0.000063  0.000028  -0.000063  1.000000  0.999930  0.011665  -0.001998  -0.011651  0.999907  0.007037  0.002080  -0.007013  0.999973  0.000093  0.006639  
50.794679 0.004124  0.088227  -0.003811  0.995065  0.039454  -0.091048  -0.032789  0.996751  0.073575  0.093655  -0.070226  0.993125  0.001612  -0.007604  0.001315  0.251923  0.248297  0.030320  2.000000  0.999928  0.011834  -0.002101  -0.011818  0.999904  0.007291  0.002187  -0.007265  0.999971  0.999992  -0.000136  -0.003899  0.000156  0.999987  0.005056  0.003899  -0.005057  0.999980  1.000000  0.000041  -0.000026  -0.000041  1.000000  0.000063  0.000026  -0.000063  1.000000  0.999928  0.011834  -0.002101  -0.011818  0.999904  0.007291  0.002187  -0.007265  0.999971  0.000089  0.006387  
50.795928 0.004125  0.088218  -0.003808  0.995071  0.039271  -0.091054  -0.032584  0.996741  0.073798  0.093655  -0.070467  0.993108  0.001469  -0.007558  0.001443  0.245605  0.224220  0.022007  2.000000  0.999925  0.012019  -0.002219  -0.012002  0.999899  0.007608  0.002310  -0.007581  0.999969  0.999994  -0.000377  -0.003380  0.000394  0.999987  0.005037  0.003378  -0.005038  0.999982  1.000000  0.000034  -0.000025  -0.000034  1.000000  0.000063  0.000025  -0.000063  1.000000  0.999925  0.012019  -0.002219  -0.012002  0.999899  0.007608  0.002310  -0.007581  0.999969  0.000084  0.006078  
50.797177 0.004126  0.088210  -0.003804  0.995059  0.039313  -0.091173  -0.032583  0.996714  0.074165  0.093789  -0.070828  0.993070  0.001349  -0.007499  0.001561  0.242634  0.209176  0.014154  2.000000  0.999923  0.012176  -0.002334  -0.012157  0.999895  0.007926  0.002430  -0.007897  0.999966  0.999995  -0.000404  -0.002980  0.000419  0.999987  0.005037  0.002978  -0.005038  0.999983  1.000000  0.000030  -0.000023  -0.000030  1.000000  0.000063  0.000023  -0.000063  1.000000  0.999923  0.012176  -0.002334  -0.012157  0.999895  0.007926  0.002430  -0.007897  0.999966  0.000080  0.005867  
50.798428 0.004126  0.088201  -0.003799  0.995059  0.039336  -0.091163  -0.032583  0.996696  0.074407  0.093789  -0.071069  0.993052  0.001225  -0.007418  0.001674  0.238602  0.186928  0.012705  2.000000  0.999922  0.012290  -0.002421  -0.012270  0.999891  0.008185  0.002521  -0.008154  0.999964  0.999996  -0.000422  -0.002713  0.000436  0.999987  0.005158  0.002711  -0.005159  0.999983  1.000000  0.000027  -0.000022  -0.000027  1.000000  0.000064  0.000022  -0.000064  1.000000  0.999922  0.012290  -0.002421  -0.012270  0.999891  0.008185  0.002521  -0.008154  0.999964  0.000077  0.005844  
50.799680 0.004127  0.088191  -0.003795  0.995065  0.039163  -0.091164  -0.032379  0.996676  0.074751  0.093789  -0.071430  0.993026  0.001094  -0.007408  0.001748  0.241356  0.174476  -0.001788  2.000000  0.999920  0.012414  -0.002523  -0.012393  0.999887  0.008511  0.002628  -0.008479  0.999961  0.999997  -0.000645  -0.002461  0.000658  0.999986  0.005260  0.002458  -0.005262  0.999983  1.000000  0.000023  -0.000022  -0.000023  1.000000  0.000066  0.000022  -0.000066  1.000000  0.999920  0.012414  -0.002523  -0.012393  0.999887  0.008511  0.002628  -0.008479  0.999961  0.000075  0.005844  
50.800695 0.004128  0.088183  -0.003793  0.995078  0.039176  -0.091022  -0.032379  0.996659  0.074988  0.093655  -0.071672  0.993022  0.001014  -0.007414  0.001767  0.240768  0.161620  -0.009480  2.000000  0.999919  0.012495  -0.002604  -0.012472  0.999884  0.008772  0.002713  -0.008739  0.999958  0.999998  -0.000673  -0.002061  0.000684  0.999986  0.005260  0.002057  -0.005261  0.999984  1.000000  0.000018  -0.000020  -0.000018  1.000000  0.000066  0.000020  -0.000066  1.000000  0.999919  0.012495  -0.002604  -0.012472  0.999884  0.008772  0.002713  -0.008739  0.999958  0.000073  0.005690  
50.801927 0.004129  0.088174  -0.003791  0.995078  0.039209  -0.091008  -0.032379  0.996631  0.075351  0.093655  -0.072033  0.992995  0.000962  -0.007394  0.001821  0.244138  0.148715  -0.017165  2.000000  0.999918  0.012560  -0.002678  -0.012536  0.999881  0.009035  0.002791  -0.009000  0.999956  0.999998  -0.000692  -0.001794  0.000702  0.999986  0.005260  0.001790  -0.005261  0.999985  1.000000  0.000015  -0.000019  -0.000015  1.000000  0.000066  0.000019  -0.000066  1.000000  0.999918  0.012560  -0.002678  -0.012536  0.999881  0.009035  0.002791  -0.009000  0.999956  0.000071  0.005601  
50.802929 0.004130  0.088167  -0.003789  0.995078  0.039231  -0.090998  -0.032379  0.996613  0.075592  0.093655  -0.072274  0.992978  0.000881  -0.007408  0.001843  0.244340  0.135486  -0.018066  2.000000  0.999917  0.012615  -0.002747  -0.012589  0.999878  0.009298  0.002864  -0.009263  0.999953  0.999999  -0.000711  -0.001527  0.000719  0.999986  0.005260  0.001524  -0.005261  0.999985  1.000000  0.000012  -0.000017  -0.000012  1.000000  0.000066  0.000017  -0.000066  1.000000  0.999917  0.012615  -0.002747  -0.012589  0.999878  0.009298  0.002864  -0.009263  0.999953  0.000070  0.005524  
50.804189 0.004131  0.088158  -0.003788  0.995078  0.039253  -0.090989  -0.032379  0.996595  0.075834  0.093655  -0.072515  0.992960  0.000851  -0.007410  0.001871  0.246267  0.123096  -0.019109  2.000000  0.999916  0.012667  -0.002825  -0.012639  0.999874  0.009622  0.002946  -0.009586  0.999950  0.999999  -0.000730  -0.001261  0.000737  0.999987  0.005139  0.001257  -0.005140  0.999986  1.000000  0.000009  -0.000016  -0.000009  1.000000  0.000064  0.000016  -0.000064  1.000000  0.999916  0.012667  -0.002825  -0.012639  0.999874  0.009622  0.002946  -0.009586  0.999950  0.000069  0.005342  
50.805432 0.004133  0.088149  -0.003786  0.995078  0.039275  -0.090979  -0.032379  0.996576  0.076076  0.093655  -0.072756  0.992943  0.000817  -0.007367  0.001969  0.242097  0.109598  -0.020001  2.000000  0.999915  0.012701  -0.002894  -0.012672  0.999870  0.009938  0.003020  -0.009901  0.999946  0.999999  -0.000749  -0.000994  0.000754  0.999987  0.005017  0.000990  -0.005018  0.999987  1.000000  0.000006  -0.000014  -0.000006  1.000000  0.000063  0.000014  -0.000063  1.000000  0.999915  0.012701  -0.002894  -0.012672  0.999870  0.009938  0.003020  -0.009901  0.999946  0.000068  0.005170  
50.806682 0.004135  0.088140  -0.003785  0.995091  0.039288  -0.090837  -0.032379  0.996558  0.076313  0.093522  -0.072998  0.992938  0.000830  -0.007333  0.002019  0.244131  0.090895  -0.021058  2.000000  0.999915  0.012719  -0.002936  -0.012689  0.999868  0.010190  0.003065  -0.010152  0.999944  1.000000  -0.000574  -0.000579  0.000577  0.999987  0.005037  0.000576  -0.005037  0.999987  1.000000  0.000003  -0.000010  -0.000003  1.000000  0.000063  0.000010  -0.000063  1.000000  0.999915  0.012719  -0.002936  -0.012689  0.999868  0.010190  0.003065  -0.010152  0.999944  0.000066  0.005102  
50.807931 0.004137  0.088132  -0.003784  0.995091  0.039310  -0.090827  -0.032379  0.996539  0.076555  0.093522  -0.073238  0.992920  0.000942  -0.007214  0.001995  0.242039  0.078185  -0.022144  2.000000  0.999915  0.012719  -0.002936  -0.012689  0.999868  0.010190  0.003065  -0.010152  0.999944  1.000000  -0.000594  -0.000312  0.000595  0.999988  0.004794  0.000309  -0.004794  0.999988  1.000000  0.000000  0.000000  0.000000  1.000000  0.000000  0.000000  0.000000  1.000000  0.999915  0.012719  -0.002936  -0.012689  0.999868  0.010190  0.003065  -0.010152  0.999944  0.000065  0.000000  
50.808934 0.004139  0.088125  -0.003783  0.995103  0.039322  -0.090685  -0.032380  0.996521  0.076793  0.093389  -0.073480  0.992914  0.001001  -0.007199  0.001947  0.242033  0.064732  -0.023071  2.000000  0.999915  0.012719  -0.002936  -0.012689  0.999868  0.010190  0.003065  -0.010152  0.999944  1.000000  -0.000613  -0.000045  0.000613  0.999989  0.004673  0.000042  -0.004673  0.999989  1.000000  0.000000  0.000000  0.000000  1.000000  0.000000  0.000000  0.000000  1.000000  0.999915  0.012719  -0.002936  -0.012689  0.999868  0.010190  0.003065  -0.010152  0.999944  0.000062  0.000000  
50.810178 0.004141  0.088117  -0.003783  0.995116  0.039323  -0.090547  -0.032380  0.996512  0.076909  0.093256  -0.073602  0.992918  0.001130  -0.007102  0.001810  0.236013  0.050861  -0.023813  2.000000  0.999915  0.012719  -0.002936  -0.012689  0.999868  0.010190  0.003065  -0.010152  0.999944  1.000000  -0.000623  0.000088  0.000623  0.999989  0.004552  -0.000091  -0.004552  0.999990  1.000000  0.000000  0.000000  0.000000  1.000000  0.000000  0.000000  0.000000  1.000000  0.999915  0.012719  -0.002936  -0.012689  0.999868  0.010190  0.003065  -0.010152  0.999944  0.000061  0.000000  
50.811179 0.004143  0.088110  -0.003784  0.995116  0.039345  -0.090538  -0.032380  0.996493  0.077151  0.093256  -0.073842  0.992900  0.001223  -0.007133  0.001512  0.233905  0.042322  -0.024631  2.000000  0.999915  0.012719  -0.002936  -0.012689  0.999868  0.010190  0.003065  -0.010152  0.999944  1.000000  -0.000429  0.000236  0.000428  0.999989  0.004571  -0.000238  -0.004571  0.999990  1.000000  0.000000  0.000000  0.000000  1.000000  0.000000  0.000000  0.000000  1.000000  0.999915  0.012719  -0.002936  -0.012689  0.999868  0.010190  0.003065  -0.010152  0.999944  0.000060  0.000000  
50.812179 0.004145  0.088103  -0.003784  0.995116  0.039356  -0.090533  -0.032380  0.996484  0.077272  0.093256  -0.073963  0.992891  0.001343  -0.007114  0.001212  0.232129  0.037552  -0.024755  2.000000  0.999915  0.012719  -0.002936  -0.012689  0.999868  0.010190  0.003065  -0.010152  0.999944  1.000000  -0.000429  0.000236  0.000428  0.999989  0.004571  -0.000238  -0.004571  0.999990  1.000000  0.000000  0.000000  0.000000  1.000000  0.000000  0.000000  0.000000  1.000000  0.999915  0.012719  -0.002936  -0.012689  0.999868  0.010190  0.003065  -0.010152  0.999944  0.000060  0.000000  
50.813428 0.004147  0.088094  -0.003785  0.995128  0.039368  -0.090391  -0.032381  0.996466  0.077509  0.093123  -0.074205  0.992886  0.001398  -0.007140  0.000941  0.227919  0.019738  -0.025994  2.000000  0.999915  0.012719  -0.002936  -0.012689  0.999868  0.010190  0.003065  -0.010152  0.999944  1.000000  -0.000439  0.000370  0.000437  0.999990  0.004450  -0.000372  -0.004449  0.999990  1.000000  0.000000  0.000000  0.000000  1.000000  0.000000  0.000000  0.000000  1.000000  0.999915  0.012719  -0.002936  -0.012689  0.999868  0.010190  0.003065  -0.010152  0.999944  0.000058  0.000000  
50.814678 0.004150  0.088085  -0.003786  0.995116  0.039400  -0.090514  -0.032380  0.996447  0.077755  0.093256  -0.074445  0.992855  0.001499  -0.007109  0.000606  0.223963  0.015303  -0.026317  2.000000  0.999915  0.012719  -0.002936  -0.012689  0.999868  0.010190  0.003065  -0.010152  0.999944  1.000000  -0.000439  0.000370  0.000437  0.999990  0.004450  -0.000372  -0.004449  0.999990  1.000000  0.000000  0.000000  0.000000  1.000000  0.000000  0.000000  0.000000  1.000000  0.999915  0.012719  -0.002936  -0.012689  0.999868  0.010190  0.003065  -0.010152  0.999944  0.000057  0.000000  
50.815697 0.004152  0.088078  -0.003787  0.995116  0.039422  -0.090504  -0.032380  0.996428  0.077997  0.093256  -0.074685  0.992837  0.001634  -0.007014  0.000390  0.222198  0.005965  -0.020284  2.000000  0.999915  0.012719  -0.002936  -0.012689  0.999868  0.010190  0.003065  -0.010152  0.999944  1.000000  -0.000439  0.000370  0.000437  0.999990  0.004450  -0.000371  -0.004449  0.999990  1.000000  0.000000  0.000000  0.000000  1.000000  0.000000  0.000000  0.000000  1.000000  0.999915  0.012719  -0.002936  -0.012689  0.999868  0.010190  0.003065  -0.010152  0.999944  0.000056  0.000000  
50.816934 0.004155  0.088070  -0.003786  0.995116  0.039444  -0.090495  -0.032380  0.996409  0.078239  0.093256  -0.074926  0.992819  0.001741  -0.006917  0.000311  0.216434  0.001476  -0.020446  2.000000  0.999915  0.012719  -0.002936  -0.012689  0.999868  0.010190  0.003065  -0.010152  0.999944  1.000000  -0.000235  0.000385  0.000233  0.999991  0.004347  -0.000386  -0.004347  0.999990  1.000000  0.000000  0.000000  0.000000  1.000000  0.000000  0.000000  0.000000  1.000000  0.999915  0.012719  -0.002936  -0.012689  0.999868  0.010190  0.003065  -0.010152  0.999944  0.000054  0.000000  
50.817935 0.004157  0.088064  -0.003785  0.995116  0.039455  -0.090490  -0.032380  0.996399  0.078360  0.093256  -0.075047  0.992810  0.001816  -0.006821  0.000261  0.214133  -0.007479  -0.021263  2.000000  0.999915  0.012719  -0.002936  -0.012689  0.999868  0.010190  0.003065  -0.010152  0.999944  1.000000  -0.000235  0.000385  0.000233  0.999991  0.004347  -0.000386  -0.004347  0.999990  1.000000  0.000000  0.000000  0.000000  1.000000  0.000000  0.000000  0.000000  1.000000  0.999915  0.012719  -0.002936  -0.012689  0.999868  0.010190  0.003065  -0.010152  0.999944  0.000054  0.000000  
