1-Time 2-Px 3-Py 4-Pz 5-R11 6-R21 7-R31 8-R12 9-R22 10-R32 11-R13 12-R23 13-R33 14-Vx 15-Vy 16-Vz 17-Wx 18-Wy 19-Wz 20-state 21-PR11 22-PR21 23-PR31 24-PR12 25-PR22 26-PR32 27-PR13 28-PR23 29-PR33 
41.751780 0.006630  0.091624  0.008265  0.991292  0.119882  -0.054484  0.038795  0.129519  0.990818  0.125838  -0.984303  0.123740  -0.000162  0.000078  -0.000226  0.000000  0.000000  0.000000  2.000000  1.000000  0.000000  0.000000  0.000000  -0.000000  1.000000  0.000000  -1.000000  -0.000000  1.000000  -0.000000  0.000000  0.000000  1.000000  0.000121  -0.000000  -0.000121  1.000000  1.000000  0.000000  0.000000  0.000000  1.000000  0.000000  0.000000  0.000000  1.000000  0.631710  0.525720  0.569702  -0.483315  -0.307489  0.819669  0.606094  -0.793139  0.059845  0.000000  0.000000  
41.752782 0.006629  0.091624  0.008265  0.991292  0.119882  -0.054484  0.038795  0.129519  0.990818  0.125838  -0.984303  0.123740  -0.000169  0.000103  -0.000239  0.000000  0.000000  0.000000  2.000000  1.000000  0.000000  0.000000  0.000000  -0.000000  1.000000  0.000000  -1.000000  -0.000000  1.000000  -0.000000  0.000000  0.000000  1.000000  0.000121  -0.000000  -0.000121  1.000000  1.000000  0.000000  0.000000  0.000000  1.000000  0.000000  0.000000  0.000000  1.000000  1.000000  0.000000  0.000000  0.000000  -0.000000  1.000000  0.000000  -1.000000  -0.000000  0.000000  0.000000  
41.754036 0.006631  0.091623  0.008267  0.991307  0.120113  -0.053699  0.037978  0.129545  0.990846  0.125970  -0.984272  0.123857  -0.000058  0.000071  -0.000075  0.000000  0.000000  0.000000  2.000000  1.000000  0.000000  0.000000  0.000000  -0.000000  1.000000  0.000000  -1.000000  -0.000000  1.000000  0.000209  0.000591  -0.000209  1.000000  -0.000044  -0.000591  0.000043  1.000000  1.000000  0.000000  0.000000  0.000000  1.000000  0.000000  0.000000  0.000000  1.000000  1.000000  0.000000  0.000000  0.000000  -0.000000  1.000000  0.000000  -1.000000  -0.000000  0.000000  0.000000  
41.755282 0.006632  0.091623  0.008271  0.991329  0.120372  -0.052710  0.036957  0.129546  0.990884  0.126103  -0.984240  0.123975  0.000028  0.000025  0.000164  0.000000  0.000000  0.000000  2.000000  1.000000  0.000000  0.000000  0.000000  -0.000000  1.000000  0.000000  -1.000000  -0.000000  0.999999  0.000470  0.001588  -0.000469  1.000000  -0.000035  -0.001588  0.000035  0.999999  1.000000  0.000000  0.000000  0.000000  1.000000  0.000000  0.000000  0.000000  1.000000  1.000000  0.000000  0.000000  0.000000  -0.000000  1.000000  0.000000  -1.000000  -0.000000  0.000000  0.000000  
41.756537 0.006633  0.091623  0.008275  0.991349  0.120624  -0.051736  0.035936  0.129668  0.990906  0.126236  -0.984193  0.124211  0.000136  -0.000012  0.000469  0.000000  0.000000  0.000000  2.000000  1.000000  0.000000  0.000000  0.000000  -0.000000  1.000000  0.000000  -1.000000  -0.000000  0.999996  0.000730  0.002584  -0.000730  1.000000  -0.000028  -0.002584  0.000026  0.999997  1.000000  0.000000  0.000000  0.000000  1.000000  0.000000  0.000000  0.000000  1.000000  1.000000  0.000000  0.000000  0.000000  -0.000000  1.000000  0.000000  -1.000000  -0.000000  0.000000  0.000000  
41.757781 0.006635  0.091623  0.008280  0.991371  0.120698  -0.051139  0.035323  0.129713  0.990922  0.126236  -0.984178  0.124331  0.000305  0.000010  0.000819  0.000000  0.000000  0.000000  2.000000  1.000000  0.000000  0.000000  0.000000  -0.000000  1.000000  0.000000  -1.000000  -0.000000  0.999993  0.000858  0.003597  -0.000858  1.000000  -0.000020  -0.003597  0.000017  0.999994  1.000000  0.000000  0.000000  0.000000  1.000000  0.000000  0.000000  0.000000  1.000000  1.000000  0.000000  0.000000  0.000000  -0.000000  1.000000  0.000000  -1.000000  -0.000000  0.000000  0.000000  
41.758783 0.006637  0.091623  0.008283  0.991376  0.120904  -0.050558  0.034710  0.129764  0.990937  0.126369  -0.984146  0.124448  0.000415  0.000018  0.001067  0.000000  0.000000  0.000000  2.000000  1.000000  0.000000  0.000000  0.000000  -0.000000  1.000000  0.000000  -1.000000  -0.000000  0.999992  0.001042  0.003985  -0.001042  0.999999  -0.000211  -0.003986  0.000206  0.999992  1.000000  0.000000  0.000000  0.000000  1.000000  0.000000  0.000000  0.000000  1.000000  1.000000  0.000000  0.000000  0.000000  -0.000000  1.000000  0.000000  -1.000000  -0.000000  0.000000  0.000000  
41.760048 0.006639  0.091623  0.008288  0.991360  0.121420  -0.049617  0.033688  0.129893  0.990956  0.126767  -0.984066  0.124680  0.000583  0.000039  0.001416  -0.006686  -0.166227  0.052703  2.000000  1.000000  0.000000  0.000000  0.000000  -0.000000  1.000000  0.000000  -1.000000  -0.000000  0.999987  0.001569  0.004948  -0.001568  0.999999  -0.000324  -0.004948  0.000316  0.999988  1.000000  0.000000  0.000000  0.000000  1.000000  0.000000  0.000000  0.000000  1.000000  1.000000  0.000000  0.000000  0.000000  -0.000000  1.000000  0.000000  -1.000000  -0.000000  0.000000  0.000000  
41.761280 0.006642  0.091624  0.008294  0.991333  0.122089  -0.048505  0.032461  0.130121  0.990967  0.127298  -0.983953  0.125030  0.000762  0.000069  0.001804  -0.013621  -0.204910  0.075777  2.000000  1.000000  0.000118  0.000348  -0.000348  0.000024  1.000000  0.000118  -1.000000  0.000024  0.999979  0.002122  0.006113  -0.002120  0.999998  -0.000412  -0.006114  0.000399  0.999981  1.000000  0.000027  0.000076  -0.000027  1.000000  -0.000005  -0.000076  0.000005  1.000000  1.000000  0.000118  0.000348  -0.000348  0.000024  1.000000  0.000118  -1.000000  0.000024  0.000053  0.006483  
41.762531 0.006645  0.091625  0.008299  0.991304  0.122764  -0.047377  0.031235  0.130227  0.990992  0.127828  -0.983855  0.125260  0.000975  0.000121  0.002207  -0.016447  -0.243425  0.098792  2.000000  1.000000  0.000281  0.000770  -0.000770  0.000057  1.000000  0.000281  -1.000000  0.000057  0.999969  0.002942  0.007243  -0.002937  0.999995  -0.000621  -0.007245  0.000600  0.999974  1.000000  0.000037  0.000091  -0.000037  1.000000  -0.000008  -0.000091  0.000008  1.000000  1.000000  0.000281  0.000770  -0.000770  0.000057  1.000000  0.000281  -1.000000  0.000057  0.000064  0.007842  
41.763781 0.006647  0.091627  0.008303  0.991291  0.123303  -0.046248  0.030009  0.130448  0.991001  0.128227  -0.983758  0.125611  0.001116  0.000243  0.002504  -0.027428  -0.282563  0.117380  2.000000  0.999999  0.000484  0.001264  -0.001264  0.000102  0.999999  0.000483  -1.000000  0.000102  0.999959  0.003496  0.008407  -0.003489  0.999994  -0.000831  -0.008410  0.000801  0.999964  1.000000  0.000044  0.000105  -0.000044  1.000000  -0.000010  -0.000105  0.000010  1.000000  0.999999  0.000484  0.001264  -0.001264  0.000102  0.999999  0.000483  -1.000000  0.000102  0.000075  0.009142  
41.765030 0.006649  0.091629  0.008306  0.991281  0.123869  -0.044915  0.028579  0.130642  0.991018  0.128625  -0.983661  0.125963  0.001252  0.000349  0.002705  -0.033167  -0.325846  0.135757  2.000000  0.999998  0.000718  0.001839  -0.001839  0.000156  0.999998  0.000718  -1.000000  0.000158  0.999944  0.003945  0.009790  -0.003935  0.999992  -0.001015  -0.009794  0.000976  0.999952  1.000000  0.000049  0.000122  -0.000049  1.000000  -0.000012  -0.000122  0.000012  1.000000  0.999998  0.000718  0.001839  -0.001839  0.000156  0.999998  0.000718  -1.000000  0.000158  0.000087  0.010602  
41.766032 0.006650  0.091630  0.008308  0.991282  0.124278  -0.043770  0.027353  0.130857  0.991024  0.128890  -0.983581  0.126316  0.001364  0.000402  0.002895  -0.040345  -0.368299  0.151082  2.000000  0.999997  0.000929  0.002357  -0.002358  0.000211  0.999997  0.000929  -1.000000  0.000213  0.999933  0.004342  0.010767  -0.004329  0.999990  -0.001250  -0.010773  0.001204  0.999941  1.000000  0.000054  0.000135  -0.000054  1.000000  -0.000015  -0.000135  0.000015  1.000000  0.999997  0.000929  0.002357  -0.002358  0.000211  0.999997  0.000929  -1.000000  0.000213  0.000096  0.011675  
41.767032 0.006651  0.091630  0.008312  0.991275  0.124655  -0.042844  0.026332  0.131216  0.991004  0.129155  -0.983485  0.126789  0.001443  0.000428  0.003080  -0.052187  -0.401126  0.164412  2.000000  0.999995  0.001104  0.002791  -0.002791  0.000260  0.999996  0.001104  -0.999999  0.000263  0.999917  0.004766  0.011947  -0.004749  0.999988  -0.001460  -0.011954  0.001404  0.999928  1.000000  0.000059  0.000149  -0.000059  1.000000  -0.000018  -0.000149  0.000018  1.000000  0.999995  0.001104  0.002791  -0.002791  0.000260  0.999996  0.001104  -0.999999  0.000263  0.000107  0.012942  
41.768036 0.006652  0.091631  0.008315  0.991272  0.125060  -0.041715  0.025106  0.131550  0.990992  0.129421  -0.983389  0.127262  0.001523  0.000444  0.003374  -0.062256  -0.447590  0.179506  2.000000  0.999994  0.001296  0.003265  -0.003266  0.000321  0.999995  0.001295  -0.999999  0.000326  0.999903  0.005299  0.012906  -0.005276  0.999984  -0.001817  -0.012916  0.001749  0.999915  1.000000  0.000066  0.000161  -0.000066  1.000000  -0.000022  -0.000161  0.000022  1.000000  0.999994  0.001296  0.003265  -0.003266  0.000321  0.999995  0.001295  -0.999999  0.000326  0.000120  0.014066  
41.769289 0.006655  0.091631  0.008320  0.991243  0.125778  -0.040227  0.023472  0.131957  0.990977  0.129951  -0.983243  0.127849  0.001597  0.000492  0.003529  -0.075399  -0.499463  0.204350  2.000000  0.999990  0.001648  0.004126  -0.004127  0.000447  0.999991  0.001646  -0.999999  0.000454  0.999881  0.005887  0.014269  -0.005855  0.999980  -0.002245  -0.014282  0.002161  0.999896  1.000000  0.000073  0.000178  -0.000073  1.000000  -0.000028  -0.000178  0.000028  1.000000  0.999990  0.001648  0.004126  -0.004127  0.000447  0.999991  0.001646  -0.999999  0.000454  0.000133  0.015593  
41.770537 0.006656  0.091631  0.008325  0.991206  0.126470  -0.038944  0.022042  0.132388  0.990953  0.130482  -0.983096  0.128436  0.001605  0.000552  0.003569  -0.089445  -0.544816  0.228477  2.000000  0.999985  0.002043  0.005076  -0.005077  0.000595  0.999987  0.002040  -0.999998  0.000605  0.999853  0.006634  0.015817  -0.006593  0.999975  -0.002647  -0.015834  0.002542  0.999871  1.000000  0.000083  0.000198  -0.000083  1.000000  -0.000032  -0.000198  0.000032  1.000000  0.999985  0.002043  0.005076  -0.005077  0.000595  0.999987  0.002040  -0.999998  0.000605  0.000147  0.017348  
41.771787 0.006658  0.091632  0.008331  0.991184  0.127033  -0.037644  0.020613  0.132815  0.990926  0.130880  -0.982966  0.129026  0.001651  0.000616  0.003646  -0.103482  -0.590585  0.248111  2.000000  0.999978  0.002481  0.006111  -0.006112  0.000771  0.999981  0.002476  -0.999997  0.000786  0.999826  0.007224  0.017178  -0.007172  0.999970  -0.003074  -0.017200  0.002951  0.999848  1.000000  0.000090  0.000215  -0.000090  1.000000  -0.000038  -0.000215  0.000038  1.000000  0.999978  0.002481  0.006111  -0.006112  0.000771  0.999981  0.002476  -0.999997  0.000786  0.000160  0.018878  
41.773036 0.006661  0.091631  0.008335  0.991146  0.127751  -0.036174  0.018979  0.133337  0.990889  0.131411  -0.982803  0.129732  0.001674  0.000585  0.003627  -0.120639  -0.642544  0.273145  2.000000  0.999969  0.002961  0.007235  -0.007237  0.000974  0.999973  0.002953  -0.999995  0.000996  0.999797  0.007951  0.018521  -0.007885  0.999962  -0.003623  -0.018549  0.003477  0.999822  1.000000  0.000099  0.000232  -0.000099  1.000000  -0.000044  -0.000232  0.000044  1.000000  0.999969  0.002961  0.007235  -0.007237  0.000974  0.999973  0.002953  -0.999995  0.000996  0.000174  0.020467  
41.774283 0.006663  0.091629  0.008339  0.991120  0.128312  -0.034892  0.017550  0.133881  0.990842  0.131808  -0.982656  0.130440  0.001666  0.000419  0.003582  -0.138745  -0.688459  0.292964  2.000000  0.999958  0.003477  0.008436  -0.008440  0.001207  0.999964  0.003466  -0.999993  0.001237  0.999775  0.008361  0.019492  -0.008282  0.999957  -0.004100  -0.019525  0.003937  0.999802  1.000000  0.000104  0.000244  -0.000104  1.000000  -0.000050  -0.000244  0.000050  1.000000  0.999958  0.003477  0.008436  -0.008440  0.001207  0.999964  0.003466  -0.999993  0.001237  0.000187  0.021588  
41.775536 0.006665  0.091627  0.008342  0.991070  0.128979  -0.033832  0.016324  0.134452  0.990786  0.132339  -0.982490  0.131146  0.001601  0.000213  0.003463  -0.157633  -0.726772  0.316307  2.000000  0.999945  0.004018  0.009670  -0.009676  0.001474  0.999952  0.004004  -0.999991  0.001513  0.999764  0.008825  0.019837  -0.008735  0.999951  -0.004652  -0.019877  0.004478  0.999792  1.000000  0.000110  0.000248  -0.000110  1.000000  -0.000057  -0.000248  0.000057  1.000000  0.999945  0.004018  0.009670  -0.009676  0.001474  0.999952  0.004004  -0.999991  0.001513  0.000200  0.022188  
41.776539 0.006667  0.091625  0.008346  0.991033  0.129491  -0.032943  0.015303  0.134926  0.990737  0.132737  -0.982358  0.131735  0.001554  0.000065  0.003360  -0.173359  -0.758818  0.334266  2.000000  0.999936  0.004361  0.010422  -0.010430  0.001652  0.999944  0.004344  -0.999989  0.001698  0.999753  0.009286  0.020185  -0.009185  0.999945  -0.005086  -0.020231  0.004899  0.999783  1.000000  0.000115  0.000253  -0.000115  1.000000  -0.000062  -0.000253  0.000062  1.000000  0.999936  0.004361  0.010422  -0.010430  0.001652  0.999944  0.004344  -0.999989  0.001698  0.000210  0.022774  
41.777783 0.006668  0.091623  0.008348  0.990980  0.130160  -0.031884  0.014078  0.135495  0.990678  0.133267  -0.982191  0.132440  0.001545  -0.000204  0.003183  -0.193154  -0.790516  0.356871  2.000000  0.999919  0.004954  0.011685  -0.011694  0.001977  0.999930  0.004931  -0.999986  0.002035  0.999746  0.009725  0.020326  -0.009614  0.999938  -0.005542  -0.020379  0.005346  0.999778  1.000000  0.000121  0.000254  -0.000121  1.000000  -0.000068  -0.000254  0.000068  1.000000  0.999919  0.004954  0.011685  -0.011694  0.001977  0.999930  0.004931  -0.999986  0.002035  0.000220  0.023183  
41.778783 0.006670  0.091620  0.008348  0.990938  0.130651  -0.031185  0.013261  0.135874  0.990637  0.133665  -0.982074  0.132910  0.001550  -0.000524  0.003032  -0.205702  -0.815883  0.373991  2.000000  0.999904  0.005456  0.012709  -0.012721  0.002261  0.999917  0.005427  -0.999983  0.002330  0.999734  0.010188  0.020671  -0.010067  0.999931  -0.005976  -0.020731  0.005766  0.999768  1.000000  0.000127  0.000259  -0.000127  1.000000  -0.000073  -0.000259  0.000073  1.000000  0.999904  0.005456  0.012709  -0.012721  0.002261  0.999917  0.005427  -0.999983  0.002330  0.000228  0.023784  
41.780035 0.006671  0.091615  0.008347  0.990882  0.131319  -0.030144  0.012036  0.136560  0.990559  0.134195  -0.981889  0.133734  0.001541  -0.000919  0.002745  -0.228614  -0.854207  0.397525  2.000000  0.999883  0.006109  0.014009  -0.014025  0.002640  0.999898  0.006072  -0.999978  0.002726  0.999728  0.010495  0.020830  -0.010363  0.999926  -0.006430  -0.020896  0.006212  0.999762  1.000000  0.000130  0.000261  -0.000130  1.000000  -0.000079  -0.000261  0.000079  1.000000  0.999883  0.006109  0.014009  -0.014025  0.002640  0.999898  0.006072  -0.999978  0.002726  0.000240  0.024168  
41.781278 0.006671  0.091608  0.008345  0.990840  0.131832  -0.029274  0.011016  0.137150  0.990489  0.134593  -0.981738  0.134441  0.001433  -0.001463  0.002352  -0.248475  -0.886619  0.415825  2.000000  0.999860  0.006764  0.015310  -0.015331  0.003050  0.999878  0.006717  -0.999972  0.003153  0.999729  0.010380  0.020837  -0.010236  0.999923  -0.007024  -0.020909  0.006809  0.999758  1.000000  0.000129  0.000261  -0.000129  1.000000  -0.000086  -0.000261  0.000086  1.000000  0.999860  0.006764  0.015310  -0.015331  0.003050  0.999878  0.006717  -0.999972  0.003153  0.000250  0.024288  
41.782278 0.006671  0.091602  0.008342  0.990794  0.132322  -0.028592  0.010199  0.137646  0.990429  0.134991  -0.981603  0.135029  0.001336  -0.001904  0.001942  -0.262845  -0.904290  0.429426  2.000000  0.999840  0.007286  0.016343  -0.016368  0.003397  0.999860  0.007230  -0.999968  0.003516  0.999733  0.010365  0.020628  -0.010214  0.999920  -0.007405  -0.020703  0.007193  0.999760  1.000000  0.000129  0.000258  -0.000129  1.000000  -0.000091  -0.000258  0.000091  1.000000  0.999840  0.007286  0.016343  -0.016368  0.003397  0.999860  0.007230  -0.999968  0.003516  0.000257  0.024214  
41.783530 0.006672  0.091595  0.008339  0.990768  0.132702  -0.027722  0.009179  0.138353  0.990340  0.135256  -0.981452  0.135857  0.001235  -0.002367  0.001396  -0.284252  -0.923805  0.437001  2.000000  0.999813  0.007930  0.017622  -0.017653  0.003857  0.999837  0.007860  -0.999961  0.003997  0.999739  0.010220  0.020435  -0.010063  0.999919  -0.007783  -0.020513  0.007576  0.999761  1.000000  0.000127  0.000256  -0.000127  1.000000  -0.000096  -0.000256  0.000096  1.000000  0.999813  0.007930  0.017622  -0.017653  0.003857  0.999837  0.007860  -0.999961  0.003997  0.000265  0.024106  
41.784535 0.006672  0.091589  0.008334  0.990721  0.133194  -0.027042  0.008363  0.138847  0.990278  0.135654  -0.981316  0.136445  0.001117  -0.002762  0.000868  -0.303536  -0.923211  0.448938  2.000000  0.999796  0.008316  0.018387  -0.018422  0.004150  0.999822  0.008238  -0.999957  0.004303  0.999739  0.010235  0.020426  -0.010068  0.999915  -0.008263  -0.020509  0.008055  0.999757  1.000000  0.000127  0.000256  -0.000127  1.000000  -0.000102  -0.000256  0.000102  1.000000  0.999796  0.008316  0.018387  -0.018422  0.004150  0.999822  0.008238  -0.999957  0.004303  0.000267  0.024262  
41.785787 0.006672  0.091582  0.008328  0.990673  0.133680  -0.026394  0.007546  0.139581  0.990182  0.136051  -0.981146  0.137271  0.001040  -0.003273  0.000127  -0.328634  -0.914946  0.457379  2.000000  0.999767  0.008964  0.019640  -0.019682  0.004670  0.999795  0.008871  -0.999949  0.004846  0.999751  0.010302  0.019792  -0.010129  0.999910  -0.008820  -0.019881  0.008617  0.999765  1.000000  0.000128  0.000248  -0.000128  1.000000  -0.000109  -0.000248  0.000109  1.000000  0.999767  0.008964  0.019640  -0.019682  0.004670  0.999795  0.008871  -0.999949  0.004846  0.000268  0.023957  
41.787040 0.006672  0.091574  0.008321  0.990624  0.134163  -0.025764  0.006730  0.140435  0.990067  0.136449  -0.980958  0.138215  0.000911  -0.003822  -0.000702  -0.356898  -0.912686  0.471145  2.000000  0.999736  0.009614  0.020856  -0.020907  0.005222  0.999768  0.009503  -0.999940  0.005422  0.999764  0.010235  0.019175  -0.010056  0.999905  -0.009375  -0.019270  0.009180  0.999772  1.000000  0.000127  0.000240  -0.000127  1.000000  -0.000116  -0.000240  0.000116  1.000000  0.999736  0.009614  0.020856  -0.020907  0.005222  0.999768  0.009503  -0.999940  0.005422  0.000269  0.023635  
41.788281 0.006673  0.091568  0.008315  0.990573  0.134619  -0.025339  0.006118  0.141315  0.989946  0.136847  -0.980769  0.139159  0.000836  -0.004166  -0.001391  -0.382084  -0.903902  0.476701  2.000000  0.999705  0.010254  0.022000  -0.022061  0.005800  0.999740  0.010124  -0.999931  0.006024  0.999793  0.009924  0.017768  -0.009753  0.999906  -0.009668  -0.017862  0.009493  0.999795  1.000000  0.000123  0.000223  -0.000123  1.000000  -0.000120  -0.000223  0.000120  1.000000  0.999705  0.010254  0.022000  -0.022061  0.005800  0.999740  0.010124  -0.999931  0.006024  0.000273  0.022495  
41.789285 0.006674  0.091563  0.008310  0.990539  0.134922  -0.025067  0.005710  0.141982  0.989853  0.137112  -0.980631  0.139868  0.000735  -0.004465  -0.002040  -0.398990  -0.896356  0.480675  2.000000  0.999681  0.010760  0.022865  -0.022933  0.006281  0.999717  0.010613  -0.999922  0.006525  0.999803  0.009986  0.017133  -0.009814  0.999901  -0.010106  -0.017233  0.009936  0.999802  1.000000  0.000124  0.000215  -0.000124  1.000000  -0.000125  -0.000215  0.000125  1.000000  0.999681  0.010760  0.022865  -0.022933  0.006281  0.999717  0.010613  -0.999922  0.006525  0.000275  0.022221  
41.790536 0.006676  0.091557  0.008304  0.990487  0.135376  -0.024659  0.005098  0.142981  0.989712  0.137509  -0.980423  0.140930  0.000721  -0.004687  -0.002541  -0.428932  -0.884052  0.473568  2.000000  0.999650  0.011378  0.023897  -0.023977  0.006912  0.999689  0.011209  -0.999911  0.007183  0.999820  0.009624  0.016352  -0.009452  0.999900  -0.010566  -0.016452  0.010409  0.999810  1.000000  0.000119  0.000205  -0.000119  1.000000  -0.000131  -0.000205  0.000131  1.000000  0.999650  0.011378  0.023897  -0.023977  0.006912  0.999689  0.011209  -0.999911  0.007183  0.000274  0.021681  
41.791781 0.006678  0.091550  0.008300  0.990453  0.135703  -0.024217  0.004486  0.143859  0.989588  0.137774  -0.980250  0.141877  0.000712  -0.004962  -0.003092  -0.451226  -0.863682  0.464005  2.000000  0.999619  0.011980  0.024874  -0.024966  0.007574  0.999660  0.011788  -0.999900  0.007870  0.999838  0.009364  0.015350  -0.009195  0.999897  -0.011053  -0.015452  0.010910  0.999821  1.000000  0.000116  0.000193  -0.000116  1.000000  -0.000137  -0.000193  0.000137  1.000000  0.999619  0.011980  0.024874  -0.024966  0.007574  0.999660  0.011788  -0.999900  0.007870  0.000270  0.021070  
41.792785 0.006679  0.091545  0.008296  0.990418  0.136005  -0.023963  0.004078  0.144644  0.989475  0.138039  -0.980092  0.142703  0.000660  -0.005239  -0.003538  -0.474543  -0.844465  0.455708  2.000000  0.999600  0.012335  0.025433  -0.025533  0.007990  0.999642  0.012128  -0.999892  0.008302  0.999849  0.009157  0.014755  -0.008987  0.999892  -0.011613  -0.014860  0.011479  0.999824  1.000000  0.000113  0.000185  -0.000113  1.000000  -0.000144  -0.000185  0.000144  1.000000  0.999600  0.012335  0.025433  -0.025533  0.007990  0.999642  0.012128  -0.999892  0.008302  0.000267  0.020855  
41.794036 0.006679  0.091537  0.008291  0.990384  0.136331  -0.023539  0.003466  0.145641  0.989331  0.138304  -0.979899  0.143768  0.000603  -0.005460  -0.003772  -0.506474  -0.816864  0.452488  2.000000  0.999570  0.012917  0.026324  -0.026438  0.008712  0.999612  0.012682  -0.999879  0.009050  0.999862  0.009057  0.013936  -0.008889  0.999888  -0.012078  -0.014044  0.011952  0.999830  1.000000  0.000112  0.000175  -0.000112  1.000000  -0.000150  -0.000175  0.000150  1.000000  0.999570  0.012917  0.026324  -0.026438  0.008712  0.999612  0.012682  -0.999879  0.009050  0.000265  0.020510  
41.795037 0.006680  0.091532  0.008288  0.990347  0.136606  -0.023474  0.003262  0.146334  0.989230  0.138569  -0.979758  0.144476  0.000623  -0.005571  -0.003962  -0.522365  -0.789714  0.449356  2.000000  0.999546  0.013369  0.026994  -0.027119  0.009310  0.999589  0.013112  -0.999867  0.009669  0.999876  0.008687  0.013159  -0.008523  0.999887  -0.012422  -0.013266  0.012308  0.999836  1.000000  0.000108  0.000165  -0.000108  1.000000  -0.000155  -0.000165  0.000155  1.000000  0.999546  0.013369  0.026994  -0.027119  0.009310  0.999589  0.013112  -0.999867  0.009669  0.000263  0.020039  
41.796040 0.006681  0.091526  0.008286  0.990311  0.136909  -0.023221  0.002854  0.147118  0.989115  0.138834  -0.979598  0.145302  0.000661  -0.005605  -0.004009  -0.543668  -0.762638  0.444576  2.000000  0.999523  0.013813  0.027623  -0.027761  0.009924  0.999565  0.013533  -0.999855  0.010303  0.999887  0.008578  0.012344  -0.008422  0.999885  -0.012645  -0.012451  0.012539  0.999844  1.000000  0.000106  0.000155  -0.000106  1.000000  -0.000157  -0.000155  0.000157  1.000000  0.999523  0.013813  0.027623  -0.027761  0.009924  0.999565  0.013533  -0.999855  0.010303  0.000259  0.019610  
41.797278 0.006683  0.091519  0.008282  0.990256  0.137307  -0.023226  0.002650  0.148171  0.988958  0.139232  -0.979384  0.146363  0.000748  -0.005578  -0.003976  -0.565597  -0.715463  0.440830  2.000000  0.999495  0.014346  0.028347  -0.028502  0.010711  0.999536  0.014036  -0.999840  0.011114  0.999903  0.008046  0.011384  -0.007897  0.999884  -0.013014  -0.011487  0.012923  0.999851  1.000000  0.000100  0.000143  -0.000100  1.000000  -0.000162  -0.000143  0.000162  1.000000  0.999495  0.014346  0.028347  -0.028502  0.010711  0.999536  0.014036  -0.999840  0.011114  0.000254  0.019040  
41.798279 0.006684  0.091513  0.008280  0.990220  0.137608  -0.022991  0.002242  0.149074  0.988823  0.139497  -0.979204  0.147308  0.000853  -0.005586  -0.003976  -0.582049  -0.694813  0.435190  2.000000  0.999474  0.014763  0.028888  -0.029057  0.011364  0.999513  0.014427  -0.999826  0.011787  0.999911  0.007834  0.010790  -0.007689  0.999880  -0.013454  -0.010894  0.013370  0.999851  1.000000  0.000097  0.000136  -0.000097  1.000000  -0.000168  -0.000136  0.000168  1.000000  0.999474  0.014763  0.028888  -0.029057  0.011364  0.999513  0.014427  -0.999826  0.011787  0.000253  0.018913  
41.799530 0.006687  0.091505  0.008275  0.990183  0.137903  -0.022791  0.001835  0.150218  0.988651  0.139762  -0.978988  0.148490  0.001018  -0.005613  -0.003941  -0.610447  -0.661737  0.422050  2.000000  0.999452  0.015171  0.029404  -0.029588  0.012049  0.999490  0.014809  -0.999812  0.012491  0.999916  0.007787  0.010376  -0.007639  0.999870  -0.014232  -0.010486  0.014151  0.999845  1.000000  0.000096  0.000130  -0.000096  1.000000  -0.000177  -0.000130  0.000177  1.000000  0.999452  0.015171  0.029404  -0.029588  0.012049  0.999490  0.014809  -0.999812  0.012491  0.000249  0.019228  
41.800782 0.006690  0.091498  0.008270  0.990147  0.138203  -0.022574  0.001427  0.151240  0.988496  0.140027  -0.978788  0.149553  0.001190  -0.005584  -0.003875  -0.627014  -0.628308  0.413479  2.000000  0.999427  0.015663  0.030008  -0.030212  0.012934  0.999460  0.015266  -0.999794  0.013400  0.999926  0.007412  0.009600  -0.007271  0.999867  -0.014578  -0.009707  0.014507  0.999848  1.000000  0.000092  0.000121  -0.000092  1.000000  -0.000182  -0.000121  0.000182  1.000000  0.999427  0.015663  0.030008  -0.030212  0.012934  0.999460  0.015266  -0.999794  0.013400  0.000245  0.018937  
41.801791 0.006693  0.091493  0.008266  0.990128  0.138374  -0.022322  0.001019  0.152143  0.988358  0.140159  -0.978624  0.150500  0.001416  -0.005493  -0.003739  -0.649824  -0.594306  0.398221  2.000000  0.999407  0.016045  0.030464  -0.030684  0.013664  0.999436  0.015620  -0.999778  0.014148  0.999931  0.007227  0.009210  -0.007089  0.999862  -0.014994  -0.009317  0.014927  0.999845  1.000000  0.000089  0.000116  -0.000089  1.000000  -0.000187  -0.000116  0.000187  1.000000  0.999407  0.016045  0.030464  -0.030684  0.013664  0.999436  0.015620  -0.999778  0.014148  0.000243  0.018998  
41.803042 0.006697  0.091488  0.008261  0.990091  0.138706  -0.021903  0.000408  0.153136  0.988205  0.140424  -0.978422  0.151562  0.001614  -0.005406  -0.003660  -0.665366  -0.567201  0.390270  2.000000  0.999383  0.016507  0.031006  -0.031248  0.014600  0.999405  0.016044  -0.999757  0.015107  0.999939  0.006880  0.008637  -0.006746  0.999858  -0.015435  -0.008742  0.015376  0.999844  1.000000  0.000085  0.000109  -0.000085  1.000000  -0.000193  -0.000109  0.000193  1.000000  0.999383  0.016507  0.031006  -0.031248  0.014600  0.999405  0.016044  -0.999757  0.015107  0.000240  0.018955  
41.804282 0.006703  0.091484  0.008256  0.990054  0.139005  -0.021705  0.000000  0.154278  0.988028  0.140689  -0.978200  0.152743  0.001928  -0.005278  -0.003565  -0.683757  -0.535971  0.379332  2.000000  0.999359  0.016958  0.031515  -0.031780  0.015567  0.999374  0.016456  -0.999735  0.016096  0.999945  0.006797  0.008024  -0.006669  0.999852  -0.015879  -0.008130  0.015825  0.999842  1.000000  0.000084  0.000101  -0.000084  1.000000  -0.000198  -0.000101  0.000198  1.000000  0.999359  0.016958  0.031515  -0.031780  0.015567  0.999374  0.016456  -0.999735  0.016096  0.000237  0.019024  
41.805536 0.006709  0.091480  0.008253  0.990016  0.139304  -0.021508  -0.000408  0.155419  0.987849  0.140954  -0.977977  0.153924  0.002237  -0.005105  -0.003424  -0.703436  -0.509936  0.367101  2.000000  0.999337  0.017390  0.031979  -0.032268  0.016554  0.999342  0.016849  -0.999712  0.017104  0.999950  0.006480  0.007653  -0.006355  0.999849  -0.016173  -0.007757  0.016123  0.999840  1.000000  0.000080  0.000096  -0.000080  1.000000  -0.000202  -0.000096  0.000202  1.000000  0.999337  0.017390  0.031979  -0.032268  0.016554  0.999342  0.016849  -0.999712  0.017104  0.000236  0.019009  
41.806782 0.006715  0.091476  0.008250  0.989959  0.139732  -0.021350  -0.000815  0.156679  0.987649  0.141352  -0.977715  0.155220  0.002527  -0.004959  -0.003302  -0.727361  -0.483399  0.359370  2.000000  0.999316  0.017816  0.032420  -0.032733  0.017568  0.999310  0.017234  -0.999687  0.018139  0.999954  0.006294  0.007262  -0.006172  0.999841  -0.016710  -0.007366  0.016665  0.999834  1.000000  0.000078  0.000091  -0.000078  1.000000  -0.000209  -0.000091  0.000209  1.000000  0.999316  0.017816  0.032420  -0.032733  0.017568  0.999310  0.017234  -0.999687  0.018139  0.000236  0.019258  
41.807783 0.006719  0.091471  0.008248  0.989940  0.139905  -0.021117  -0.001223  0.157699  0.987486  0.141484  -0.977526  0.156284  0.002704  -0.004885  -0.003194  -0.746015  -0.464064  0.347879  2.000000  0.999303  0.018069  0.032675  -0.033004  0.018196  0.999290  0.017462  -0.999671  0.018779  0.999955  0.006269  0.007054  -0.006148  0.999835  -0.017100  -0.007160  0.017056  0.999829  1.000000  0.000078  0.000089  -0.000078  1.000000  -0.000213  -0.000089  0.000213  1.000000  0.999303  0.018069  0.032675  -0.033004  0.018196  0.999290  0.017462  -0.999671  0.018779  0.000236  0.019513  
41.808785 0.006723  0.091468  0.008247  0.989901  0.140211  -0.020888  -0.001630  0.158599  0.987342  0.141749  -0.977337  0.157226  0.002988  -0.004669  -0.002998  -0.763138  -0.448641  0.339303  2.000000  0.999286  0.018402  0.033010  -0.033360  0.019053  0.999262  0.017760  -0.999649  0.019654  0.999958  0.006113  0.006867  -0.005992  0.999829  -0.017489  -0.006973  0.017448  0.999823  1.000000  0.000076  0.000086  -0.000076  1.000000  -0.000218  -0.000087  0.000218  1.000000  0.999286  0.018402  0.033010  -0.033360  0.019053  0.999262  0.017760  -0.999649  0.019654  0.000237  0.019741  
41.810035 0.006729  0.091464  0.008246  0.989881  0.140412  -0.020487  -0.002242  0.159830  0.987142  0.141881  -0.977107  0.158527  0.003215  -0.004527  -0.002790  -0.782772  -0.432411  0.326063  2.000000  0.999264  0.018811  0.033423  -0.033800  0.020144  0.999226  0.018123  -0.999620  0.020765  0.999958  0.005990  0.006880  -0.005866  0.999823  -0.017850  -0.006986  0.017809  0.999817  1.000000  0.000074  0.000087  -0.000074  1.000000  -0.000223  -0.000087  0.000223  1.000000  0.999264  0.018811  0.033423  -0.033800  0.020144  0.999226  0.018123  -0.999620  0.020765  0.000238  0.020029  
41.811044 0.006732  0.091459  0.008247  0.989842  0.140715  -0.020293  -0.002649  0.160968  0.986956  0.142146  -0.976877  0.159706  0.003457  -0.004411  -0.002603  -0.807919  -0.415805  0.321541  2.000000  0.999247  0.019132  0.033750  -0.034151  0.021033  0.999195  0.018407  -0.999596  0.021670  0.999961  0.005832  0.006693  -0.005710  0.999820  -0.018119  -0.006798  0.018080  0.999813  1.000000  0.000072  0.000084  -0.000072  1.000000  -0.000226  -0.000084  0.000226  1.000000  0.999247  0.019132  0.033750  -0.034151  0.021033  0.999195  0.018407  -0.999596  0.021670  0.000239  0.020161  
41.812278 0.006737  0.091454  0.008248  0.989821  0.140919  -0.019893  -0.003260  0.162198  0.986753  0.142279  -0.976644  0.161006  0.003646  -0.004309  -0.002286  -0.826726  -0.406858  0.309603  2.000000  0.999226  0.019530  0.034159  -0.034590  0.022167  0.999156  0.018756  -0.999563  0.022826  0.999960  0.005743  0.006907  -0.005614  0.999812  -0.018573  -0.007013  0.018533  0.999804  1.000000  0.000071  0.000087  -0.000071  1.000000  -0.000232  -0.000087  0.000232  1.000000  0.999226  0.019530  0.034159  -0.034590  0.022167  0.999156  0.018756  -0.999563  0.022826  0.000243  0.020615  
41.813530 0.006743  0.091449  0.008251  0.989781  0.141254  -0.019515  -0.003872  0.163426  0.986548  0.142544  -0.976391  0.162303  0.003875  -0.004112  -0.001868  -0.844666  -0.393057  0.307991  2.000000  0.999204  0.019922  0.034564  -0.035025  0.023313  0.999114  0.019099  -0.999530  0.023992  0.999961  0.005719  0.006698  -0.005594  0.999811  -0.018599  -0.006803  0.018561  0.999805  1.000000  0.000071  0.000084  -0.000071  1.000000  -0.000232  -0.000084  0.000232  1.000000  0.999204  0.019922  0.034564  -0.035025  0.023313  0.999114  0.019099  -0.999530  0.023992  0.000245  0.020563  
41.814532 0.006746  0.091446  0.008253  0.989741  0.141562  -0.019307  -0.004279  0.164444  0.986377  0.142808  -0.976175  0.163363  0.003967  -0.003904  -0.001432  -0.862677  -0.380048  0.301881  2.000000  0.999186  0.020233  0.034888  -0.035375  0.024241  0.999080  0.019369  -0.999501  0.024937  0.999962  0.005594  0.006714  -0.005467  0.999808  -0.018840  -0.006818  0.018802  0.999800  1.000000  0.000069  0.000085  -0.000069  1.000000  -0.000235  -0.000085  0.000235  1.000000  0.999186  0.020233  0.034888  -0.035375  0.024241  0.999080  0.019369  -0.999501  0.024937  0.000247  0.020752  
41.815805 0.006751  0.091442  0.008257  0.989700  0.141897  -0.018948  -0.004890  0.165791  0.986149  0.143073  -0.975899  0.164777  0.004061  -0.003706  -0.000858  -0.883395  -0.369743  0.298179  2.000000  0.999168  0.020553  0.035222  -0.035736  0.025192  0.999044  0.019646  -0.999471  0.025905  0.999958  0.005803  0.007085  -0.005664  0.999794  -0.019509  -0.007197  0.019468  0.999785  1.000000  0.000072  0.000089  -0.000072  1.000000  -0.000244  -0.000089  0.000244  1.000000  0.999168  0.020553  0.035222  -0.035736  0.025192  0.999044  0.019646  -0.999471  0.025905  0.000251  0.021534  
41.817035 0.006756  0.091439  0.008261  0.989658  0.142234  -0.018590  -0.005501  0.167137  0.985918  0.143338  -0.975620  0.166191  0.004180  -0.003517  -0.000282  -0.900798  -0.367273  0.291899  2.000000  0.999149  0.020873  0.035569  -0.036111  0.026170  0.999005  0.019921  -0.999440  0.026901  0.999956  0.005847  0.007278  -0.005700  0.999784  -0.019963  -0.007393  0.019921  0.999774  1.000000  0.000072  0.000092  -0.000072  1.000000  -0.000249  -0.000092  0.000249  1.000000  0.999149  0.020873  0.035569  -0.036111  0.026170  0.999005  0.019921  -0.999440  0.026901  0.000253  0.022021  
41.818043 0.006760  0.091437  0.008264  0.989636  0.142448  -0.018159  -0.006112  0.168124  0.985747  0.143471  -0.975419  0.167252  0.004169  -0.003454  0.000276  -0.911816  -0.371221  0.285680  2.000000  0.999130  0.021194  0.035930  -0.036501  0.027166  0.998964  0.020195  -0.999406  0.027916  0.999954  0.005792  0.007695  -0.005635  0.999779  -0.020268  -0.007811  0.020224  0.999765  1.000000  0.000071  0.000097  -0.000071  1.000000  -0.000253  -0.000097  0.000253  1.000000  0.999130  0.021194  0.035930  -0.036501  0.027166  0.998964  0.020195  -0.999406  0.027916  0.000257  0.022422  
41.819285 0.006765  0.091433  0.008268  0.989592  0.142822  -0.017600  -0.006927  0.169440  0.985516  0.143735  -0.975137  0.168665  0.004123  -0.003393  0.000834  -0.926795  -0.381371  0.285928  2.000000  0.999104  0.021589  0.036404  -0.037011  0.028421  0.998911  0.020531  -0.999363  0.029194  0.999951  0.005607  0.008135  -0.005441  0.999779  -0.020329  -0.008247  0.020284  0.999760  1.000000  0.000069  0.000102  -0.000069  1.000000  -0.000254  -0.000102  0.000254  1.000000  0.999104  0.021589  0.036404  -0.037011  0.028421  0.998911  0.020531  -0.999363  0.029194  0.000258  0.022584  
41.820536 0.006770  0.091430  0.008271  0.989567  0.143069  -0.017002  -0.007742  0.170636  0.985304  0.143868  -0.974892  0.169963  0.004063  -0.003321  0.001281  -0.938510  -0.385590  0.279924  2.000000  0.999077  0.021978  0.036898  -0.037543  0.029671  0.998854  0.020858  -0.999318  0.030469  0.999948  0.005556  0.008551  -0.005381  0.999778  -0.020390  -0.008662  0.020343  0.999756  1.000000  0.000068  0.000108  -0.000068  1.000000  -0.000255  -0.000108  0.000255  1.000000  0.999077  0.021978  0.036898  -0.037543  0.029671  0.998854  0.020858  -0.999318  0.030469  0.000262  0.022779  
41.821781 0.006774  0.091426  0.008275  0.989541  0.143316  -0.016422  -0.008556  0.171951  0.985068  0.144000  -0.974625  0.171379  0.003963  -0.003332  0.001669  -0.953791  -0.396808  0.275009  2.000000  0.999050  0.022366  0.037412  -0.038095  0.030934  0.998795  0.021182  -0.999271  0.031756  0.999946  0.005603  0.008744  -0.005423  0.999776  -0.020482  -0.008857  0.020433  0.999752  1.000000  0.000069  0.000110  -0.000069  1.000000  -0.000256  -0.000110  0.000256  1.000000  0.999050  0.022366  0.037412  -0.038095  0.030934  0.998795  0.021182  -0.999271  0.031756  0.000265  0.022944  
41.822782 0.006777  0.091422  0.008277  0.989516  0.143536  -0.015993  -0.009167  0.172936  0.984890  0.144133  -0.974418  0.172439  0.003836  -0.003332  0.001969  -0.956059  -0.403365  0.272878  2.000000  0.999027  0.022677  0.037837  -0.038552  0.031953  0.998746  0.021439  -0.999232  0.032796  0.999945  0.005517  0.008961  -0.005329  0.999769  -0.020814  -0.009073  0.020765  0.999743  1.000000  0.000068  0.000113  -0.000068  1.000000  -0.000260  -0.000113  0.000260  1.000000  0.999027  0.022677  0.037837  -0.038552  0.031953  0.998746  0.021439  -0.999232  0.032796  0.000268  0.023303  
41.823783 0.006779  0.091417  0.008280  0.989491  0.143756  -0.015565  -0.009778  0.173922  0.984711  0.144265  -0.974210  0.173499  0.003724  -0.003422  0.002212  -0.963976  -0.407151  0.271165  2.000000  0.999009  0.022912  0.038167  -0.038906  0.032730  0.998707  0.021633  -0.999202  0.033589  0.999941  0.005597  0.009356  -0.005399  0.999762  -0.021120  -0.009472  0.021068  0.999733  1.000000  0.000069  0.000118  -0.000069  1.000000  -0.000264  -0.000118  0.000264  1.000000  0.999009  0.022912  0.038167  -0.038906  0.032730  0.998707  0.021633  -0.999202  0.033589  0.000270  0.023747  
41.824786 0.006781  0.091412  0.008283  0.989463  0.144013  -0.014934  -0.010593  0.174877  0.984533  0.144397  -0.974001  0.174559  0.003582  -0.003487  0.002483  -0.973108  -0.427870  0.270386  2.000000  0.998984  0.023227  0.038623  -0.039395  0.033774  0.998653  0.021892  -0.999160  0.034655  0.999936  0.005679  0.009751  -0.005471  0.999761  -0.021182  -0.009869  0.021128  0.999728  1.000000  0.000070  0.000123  -0.000070  1.000000  -0.000264  -0.000123  0.000264  1.000000  0.998984  0.023227  0.038623  -0.039395  0.033774  0.998653  0.021892  -0.999160  0.034655  0.000273  0.023978  
41.826037 0.006784  0.091405  0.008286  0.989435  0.144267  -0.014357  -0.011407  0.176189  0.984290  0.144530  -0.973727  0.175974  0.003443  -0.003615  0.002599  -0.983269  -0.438154  0.266449  2.000000  0.998951  0.023621  0.039218  -0.040033  0.035086  0.998582  0.022212  -0.999105  0.035995  0.999932  0.005633  0.010167  -0.005415  0.999757  -0.021365  -0.010285  0.021308  0.999720  1.000000  0.000069  0.000128  -0.000069  1.000000  -0.000267  -0.000128  0.000267  1.000000  0.998951  0.023621  0.039218  -0.040033  0.035086  0.998582  0.022212  -0.999105  0.035995  0.000277  0.024299  
41.827279 0.006785  0.091397  0.008289  0.989406  0.144522  -0.013780  -0.012222  0.177501  0.984045  0.144662  -0.973451  0.177387  0.003181  -0.003780  0.002742  -0.993453  -0.457151  0.258223  2.000000  0.998917  0.024011  0.039841  -0.040700  0.036407  0.998508  0.022524  -0.999049  0.037345  0.999929  0.005455  0.010608  -0.005227  0.999757  -0.021425  -0.010722  0.021368  0.999714  1.000000  0.000067  0.000133  -0.000067  1.000000  -0.000267  -0.000133  0.000267  1.000000  0.998917  0.024011  0.039841  -0.040700  0.036407  0.998508  0.022524  -0.999049  0.037345  0.000280  0.024499  
