1-Time 2-Px 3-Py 4-Pz 5-R11 6-R21 7-R31 8-R12 9-R22 10-R32 11-R13 12-R23 13-R33 14-Vx 15-Vy 16-Vz 17-Wx 18-Wy 19-Wz 20-state 21-PR11 22-PR21 23-PR31 24-PR12 25-PR22 26-PR32 27-PR13 28-PR23 29-PR33 
77.967733 0.006301  0.086751  -0.003956  0.997355  0.029441  -0.066450  -0.025877  0.998212  0.053876  0.067917  -0.052014  0.996334  -0.000037  0.000600  0.000232  0.000000  0.000000  0.000000  2.000000  1.000000  0.000000  0.000000  -0.000000  1.000000  0.000000  0.000000  -0.000000  1.000000  1.000000  0.000198  0.000144  -0.000198  1.000000  0.000014  -0.000144  -0.000014  1.000000  1.000000  0.000000  0.000000  0.000000  1.000000  0.000000  0.000000  0.000000  1.000000  0.803954  0.365555  -0.469071  -0.391387  0.919103  0.045464  0.447744  0.147038  0.881989  0.000000  0.000000  
77.968981 0.006301  0.086751  -0.003955  0.997355  0.029441  -0.066450  -0.025877  0.998212  0.053876  0.067917  -0.052014  0.996334  -0.000062  0.000547  0.000222  0.000000  0.000000  0.000000  2.000000  1.000000  0.000000  0.000000  0.000000  1.000000  0.000000  0.000000  0.000000  1.000000  1.000000  0.000198  0.000144  -0.000198  1.000000  0.000014  -0.000144  -0.000014  1.000000  1.000000  0.000000  0.000000  0.000000  1.000000  0.000000  0.000000  0.000000  1.000000  1.000000  0.000000  0.000000  0.000000  1.000000  0.000000  0.000000  0.000000  1.000000  0.000000  0.000000  
77.970249 0.006301  0.086748  -0.003957  0.997341  0.029662  -0.066569  -0.026082  0.998199  0.054014  0.068051  -0.052134  0.996319  -0.000055  0.000287  0.000089  0.000000  0.000000  0.000000  2.000000  1.000000  0.000000  0.000000  0.000000  1.000000  0.000000  0.000000  0.000000  1.000000  1.000000  0.000410  0.000021  -0.000410  1.000000  0.000149  -0.000021  -0.000149  1.000000  1.000000  0.000000  0.000000  0.000000  1.000000  0.000000  0.000000  0.000000  1.000000  1.000000  0.000000  0.000000  0.000000  1.000000  0.000000  0.000000  0.000000  1.000000  0.000000  0.000000  
77.971475 0.006301  0.086743  -0.003961  0.997317  0.029889  -0.066820  -0.026287  0.998186  0.054156  0.068318  -0.052254  0.996294  -0.000086  -0.000122  -0.000190  0.000000  0.000000  0.000000  2.000000  1.000000  0.000000  0.000000  0.000000  1.000000  0.000000  0.000000  0.000000  1.000000  1.000000  0.000629  -0.000235  -0.000629  1.000000  0.000285  0.000235  -0.000285  1.000000  1.000000  0.000000  0.000000  0.000000  1.000000  0.000000  0.000000  0.000000  1.000000  1.000000  0.000000  0.000000  0.000000  1.000000  0.000000  0.000000  0.000000  1.000000  0.000000  0.000000  
77.972723 0.006301  0.086738  -0.003964  0.997299  0.029920  -0.067080  -0.026286  0.998173  0.054405  0.068585  -0.052495  0.996263  -0.000037  -0.000531  -0.000403  0.000000  0.000000  0.000000  2.000000  1.000000  0.000000  0.000000  0.000000  1.000000  0.000000  0.000000  0.000000  1.000000  1.000000  0.000643  -0.000502  -0.000643  1.000000  0.000528  0.000502  -0.000527  1.000000  1.000000  0.000000  0.000000  0.000000  1.000000  0.000000  0.000000  0.000000  1.000000  1.000000  0.000000  0.000000  0.000000  1.000000  0.000000  0.000000  0.000000  1.000000  0.000000  0.000000  
77.973984 0.006303  0.086732  -0.003966  0.997275  0.030155  -0.067328  -0.026491  0.998153  0.054668  0.068852  -0.052735  0.996232  0.000105  -0.000945  -0.000586  0.000000  0.000000  0.000000  2.000000  1.000000  0.000000  0.000000  0.000000  1.000000  0.000000  0.000000  0.000000  1.000000  1.000000  0.000453  -0.000780  -0.000452  1.000000  0.000756  0.000780  -0.000756  0.999999  1.000000  0.000000  0.000000  0.000000  1.000000  0.000000  0.000000  0.000000  1.000000  1.000000  0.000000  0.000000  0.000000  1.000000  0.000000  0.000000  0.000000  1.000000  0.000000  0.000000  
77.975232 0.006305  0.086726  -0.003968  0.997251  0.030391  -0.067575  -0.026696  0.998133  0.054931  0.069119  -0.052976  0.996201  0.000209  -0.001409  -0.000743  0.000000  0.000000  0.000000  2.000000  1.000000  0.000000  0.000000  0.000000  1.000000  0.000000  0.000000  0.000000  1.000000  0.999999  0.000884  -0.001159  -0.000883  0.999999  0.000906  0.001160  -0.000905  0.999999  1.000000  0.000000  0.000000  0.000000  1.000000  0.000000  0.000000  0.000000  1.000000  1.000000  0.000000  0.000000  0.000000  1.000000  0.000000  0.000000  0.000000  1.000000  0.000000  0.000000  
77.976237 0.006307  0.086723  -0.003969  0.997236  0.030612  -0.067694  -0.026901  0.998120  0.055070  0.069252  -0.053096  0.996185  0.000358  -0.001698  -0.000800  0.000000  0.000000  0.000000  2.000000  1.000000  0.000000  0.000000  0.000000  1.000000  0.000000  0.000000  0.000000  1.000000  0.999999  0.001097  -0.001281  -0.001095  0.999999  0.001163  0.001283  -0.001162  0.999999  1.000000  0.000000  0.000000  0.000000  1.000000  0.000000  0.000000  0.000000  1.000000  1.000000  0.000000  0.000000  0.000000  1.000000  0.000000  0.000000  0.000000  1.000000  0.000000  0.000000  
77.977484 0.006309  0.086717  -0.003971  0.997222  0.030833  -0.067812  -0.027106  0.998107  0.055208  0.069386  -0.053217  0.996169  0.000541  -0.002116  -0.000951  0.000000  0.000000  0.000000  2.000000  1.000000  0.000000  0.000000  0.000000  1.000000  0.000000  0.000000  0.000000  1.000000  0.999998  0.001309  -0.001404  -0.001307  0.999998  0.001299  0.001406  -0.001297  0.999998  1.000000  0.000000  0.000000  0.000000  1.000000  0.000000  0.000000  0.000000  1.000000  1.000000  0.000000  0.000000  0.000000  1.000000  0.000000  0.000000  0.000000  1.000000  0.000000  0.000000  
77.978499 0.006311  0.086712  -0.003973  0.997192  0.031266  -0.068052  -0.027516  0.998087  0.055365  0.069653  -0.053337  0.996144  0.000620  -0.002493  -0.001141  0.000000  0.000000  0.000000  2.000000  1.000000  0.000000  0.000000  0.000000  1.000000  0.000000  0.000000  0.000000  1.000000  0.999997  0.001529  -0.001660  -0.001526  0.999998  0.001435  0.001662  -0.001432  0.999998  1.000000  0.000000  0.000000  0.000000  1.000000  0.000000  0.000000  0.000000  1.000000  1.000000  0.000000  0.000000  0.000000  1.000000  0.000000  0.000000  0.000000  1.000000  0.000000  0.000000  
77.979729 0.006313  0.086708  -0.003976  0.997167  0.031494  -0.068303  -0.027721  0.998073  0.055507  0.069920  -0.053456  0.996119  0.000780  -0.002831  -0.001327  0.000000  0.000000  0.000000  2.000000  1.000000  0.000000  0.000000  0.000000  1.000000  0.000000  0.000000  0.000000  1.000000  0.999996  0.001953  -0.001905  -0.001950  0.999997  0.001585  0.001908  -0.001581  0.999997  1.000000  0.000000  0.000000  0.000000  1.000000  0.000000  0.000000  0.000000  1.000000  1.000000  0.000000  0.000000  0.000000  1.000000  0.000000  0.000000  0.000000  1.000000  0.000000  0.000000  
77.980969 0.006315  0.086704  -0.003979  0.997134  0.031730  -0.068687  -0.027926  0.998060  0.055653  0.070320  -0.053576  0.996085  0.000939  -0.003121  -0.001573  0.000000  0.000000  0.000000  2.000000  1.000000  0.000000  0.000000  0.000000  1.000000  0.000000  0.000000  0.000000  1.000000  0.999995  0.002180  -0.002294  -0.002176  0.999996  0.001722  0.002298  -0.001717  0.999996  1.000000  0.000000  0.000000  0.000000  1.000000  0.000000  0.000000  0.000000  1.000000  1.000000  0.000000  0.000000  0.000000  1.000000  0.000000  0.000000  0.000000  1.000000  0.000000  0.000000  
77.981971 0.006317  0.086701  -0.003981  0.997099  0.031965  -0.069072  -0.028130  0.998046  0.055800  0.070720  -0.053695  0.996050  0.001087  -0.003366  -0.001690  0.000000  0.000000  0.000000  2.000000  1.000000  0.000000  0.000000  0.000000  1.000000  0.000000  0.000000  0.000000  1.000000  0.999994  0.002400  -0.002551  -0.002395  0.999996  0.001737  0.002555  -0.001731  0.999995  1.000000  0.000000  0.000000  0.000000  1.000000  0.000000  0.000000  0.000000  1.000000  1.000000  0.000000  0.000000  0.000000  1.000000  0.000000  0.000000  0.000000  1.000000  0.000000  0.000000  
77.982981 0.006319  0.086697  -0.003984  0.997075  0.032185  -0.069327  -0.028335  0.998039  0.055822  0.070987  -0.053694  0.996031  0.001253  -0.003680  -0.001923  0.000000  0.000000  0.000000  2.000000  1.000000  0.000000  0.000000  0.000000  1.000000  0.000000  0.000000  0.000000  1.000000  0.999993  0.002620  -0.002806  -0.002614  0.999995  0.001873  0.002811  -0.001866  0.999994  1.000000  0.000000  0.000000  0.000000  1.000000  0.000000  0.000000  0.000000  1.000000  1.000000  0.000000  0.000000  0.000000  1.000000  0.000000  0.000000  0.000000  1.000000  0.000000  0.000000  
77.984237 0.006322  0.086691  -0.003988  0.997040  0.032420  -0.069711  -0.028539  0.998025  0.055968  0.071388  -0.053813  0.995996  0.001427  -0.004019  -0.002142  0.000000  0.000000  0.000000  2.000000  1.000000  0.000000  0.000000  0.000000  1.000000  0.000000  0.000000  0.000000  1.000000  0.999991  0.002847  -0.003196  -0.002840  0.999994  0.002010  0.003201  -0.002001  0.999993  1.000000  0.000000  0.000000  0.000000  1.000000  0.000000  0.000000  0.000000  1.000000  1.000000  0.000000  0.000000  0.000000  1.000000  0.000000  0.000000  0.000000  1.000000  0.000000  0.000000  
77.985485 0.006325  0.086684  -0.003990  0.997000  0.032870  -0.070079  -0.028949  0.997997  0.056251  0.071788  -0.054053  0.995954  0.001681  -0.004172  -0.002092  0.000000  0.000000  0.000000  2.000000  1.000000  0.000000  0.000000  0.000000  1.000000  0.000000  0.000000  0.000000  1.000000  0.999988  0.003286  -0.003708  -0.003278  0.999992  0.002163  0.003715  -0.002150  0.999991  1.000000  0.000000  0.000000  0.000000  1.000000  0.000000  0.000000  0.000000  1.000000  1.000000  0.000000  0.000000  0.000000  1.000000  0.000000  0.000000  0.000000  1.000000  0.000000  0.000000  
77.986724 0.006329  0.086677  -0.003991  0.996965  0.033114  -0.070459  -0.029153  0.997976  0.056519  0.072188  -0.054293  0.995912  0.001852  -0.004386  -0.001983  0.000000  0.000000  0.000000  2.000000  1.000000  0.000000  0.000000  0.000000  1.000000  0.000000  0.000000  0.000000  1.000000  0.999986  0.003507  -0.003963  -0.003497  0.999991  0.002421  0.003971  -0.002407  0.999989  1.000000  0.000000  0.000000  0.000000  1.000000  0.000000  0.000000  0.000000  1.000000  1.000000  0.000000  0.000000  0.000000  1.000000  0.000000  0.000000  0.000000  1.000000  0.000000  0.000000  
77.987735 0.006332  0.086670  -0.003992  0.996930  0.033350  -0.070843  -0.029358  0.997961  0.056666  0.072589  -0.054413  0.995877  0.002016  -0.004507  -0.001892  0.000000  0.000000  0.000000  2.000000  1.000000  0.000000  0.000000  0.000000  1.000000  0.000000  0.000000  0.000000  1.000000  0.999984  0.003735  -0.004351  -0.003723  0.999989  0.002680  0.004361  -0.002663  0.999987  1.000000  0.000000  0.000000  0.000000  1.000000  0.000000  0.000000  0.000000  1.000000  1.000000  0.000000  0.000000  0.000000  1.000000  0.000000  0.000000  0.000000  1.000000  0.000000  0.000000  
77.988980 0.006335  0.086661  -0.003993  0.996895  0.033603  -0.071219  -0.029562  0.997933  0.057056  0.072989  -0.054773  0.995828  0.002112  -0.004789  -0.001782  0.102535  0.163981  0.133200  2.000000  1.000000  0.000000  0.000000  0.000000  1.000000  0.000000  0.000000  0.000000  1.000000  0.999981  0.003963  -0.004740  -0.003949  0.999988  0.002939  0.004752  -0.002920  0.999984  1.000000  0.000000  0.000000  0.000000  1.000000  0.000000  0.000000  0.000000  1.000000  1.000000  0.000000  0.000000  0.000000  1.000000  0.000000  0.000000  0.000000  1.000000  0.000000  0.000000  
77.990225 0.006339  0.086650  -0.003995  0.996843  0.034069  -0.071716  -0.029971  0.997898  0.057464  0.073523  -0.055134  0.995768  0.002260  -0.005127  -0.001782  0.115839  0.181274  0.148057  2.000000  1.000000  0.000327  0.000053  -0.000327  1.000000  0.000162  -0.000053  -0.000162  1.000000  0.999977  0.004199  -0.005262  -0.004182  0.999986  0.003320  0.005275  -0.003298  0.999981  1.000000  0.000083  0.000012  -0.000083  1.000000  0.000041  -0.000012  -0.000041  1.000000  1.000000  0.000327  0.000053  -0.000327  1.000000  0.000162  -0.000053  -0.000162  1.000000  0.000063  0.007501  
77.991248 0.006342  0.086640  -0.003996  0.996807  0.034314  -0.072095  -0.030176  0.997876  0.057733  0.073923  -0.055374  0.995725  0.002352  -0.005454  -0.001806  0.124319  0.194056  0.155454  2.000000  1.000000  0.000589  0.000089  -0.000589  1.000000  0.000294  -0.000089  -0.000294  1.000000  0.999975  0.004223  -0.005661  -0.004202  0.999985  0.003565  0.005676  -0.003541  0.999978  1.000000  0.000088  0.000010  -0.000088  1.000000  0.000044  -0.000010  -0.000044  1.000000  1.000000  0.000589  0.000089  -0.000589  1.000000  0.000294  -0.000089  -0.000294  1.000000  0.000068  0.007906  
77.992473 0.006345  0.086628  -0.003999  0.996758  0.034369  -0.072753  -0.030174  0.997861  0.057996  0.074590  -0.055612  0.995662  0.002390  -0.005906  -0.001898  0.132706  0.216781  0.156914  2.000000  1.000000  0.000956  0.000131  -0.000956  0.999999  0.000479  -0.000131  -0.000479  1.000000  0.999973  0.004247  -0.006061  -0.004224  0.999984  0.003809  0.006077  -0.003784  0.999974  1.000000  0.000092  0.000008  -0.000092  1.000000  0.000047  -0.000008  -0.000047  1.000000  1.000000  0.000956  0.000131  -0.000956  0.999999  0.000479  -0.000131  -0.000479  1.000000  0.000073  0.008318  
77.993475 0.006348  0.086618  -0.004002  0.996721  0.034615  -0.073132  -0.030378  0.997839  0.058265  0.074991  -0.055852  0.995619  0.002515  -0.006253  -0.001967  0.140180  0.227905  0.163159  2.000000  0.999999  0.001331  0.000168  -0.001331  0.999999  0.000671  -0.000168  -0.000671  1.000000  0.999971  0.004461  -0.006182  -0.004437  0.999982  0.003948  0.006199  -0.003920  0.999973  1.000000  0.000095  0.000009  -0.000095  1.000000  0.000049  -0.000009  -0.000049  1.000000  0.999999  0.001331  0.000168  -0.001331  0.999999  0.000671  -0.000168  -0.000671  1.000000  0.000078  0.008578  
77.994489 0.006352  0.086609  -0.004006  0.996695  0.034853  -0.073378  -0.030583  0.997817  0.058530  0.075257  -0.056093  0.995585  0.002656  -0.006619  -0.002055  0.149923  0.238240  0.171816  2.000000  0.999999  0.001623  0.000199  -0.001623  0.999998  0.000817  -0.000197  -0.000817  1.000000  0.999968  0.004683  -0.006436  -0.004657  0.999981  0.003965  0.006454  -0.003935  0.999971  1.000000  0.000099  0.000010  -0.000099  1.000000  0.000049  -0.000010  -0.000049  1.000000  0.999999  0.001623  0.000199  -0.001623  0.999998  0.000817  -0.000197  -0.000817  1.000000  0.000083  0.008885  
77.995721 0.006357  0.086598  -0.004010  0.996658  0.035099  -0.073757  -0.030787  0.997795  0.058800  0.075658  -0.056332  0.995541  0.002830  -0.007095  -0.002098  0.157386  0.249384  0.178088  2.000000  0.999998  0.002023  0.000244  -0.002023  0.999997  0.001018  -0.000242  -0.001018  0.999999  0.999967  0.004889  -0.006423  -0.004863  0.999980  0.004103  0.006443  -0.004071  0.999971  1.000000  0.000100  0.000013  -0.000100  1.000000  0.000051  -0.000013  -0.000051  1.000000  0.999998  0.002023  0.000244  -0.002023  0.999997  0.001018  -0.000242  -0.001018  0.999999  0.000086  0.009048  
77.996971 0.006362  0.086588  -0.004013  0.996632  0.035337  -0.074002  -0.030992  0.997773  0.059065  0.075925  -0.056573  0.995507  0.003005  -0.007616  -0.002144  0.167394  0.260081  0.187008  2.000000  0.999997  0.002432  0.000290  -0.002433  0.999996  0.001222  -0.000287  -0.001223  0.999999  0.999966  0.004906  -0.006689  -0.004878  0.999980  0.004105  0.006709  -0.004072  0.999969  1.000000  0.000103  0.000011  -0.000103  1.000000  0.000051  -0.000011  -0.000051  1.000000  0.999997  0.002432  0.000290  -0.002433  0.999996  0.001222  -0.000287  -0.001223  0.999999  0.000090  0.009248  
77.998000 0.006366  0.086580  -0.004015  0.996605  0.035576  -0.074248  -0.031196  0.997751  0.059331  0.076191  -0.056813  0.995473  0.003137  -0.007891  -0.002071  0.175974  0.268517  0.194314  2.000000  0.999996  0.002742  0.000324  -0.002742  0.999995  0.001378  -0.000320  -0.001379  0.999999  0.999966  0.004907  -0.006688  -0.004879  0.999979  0.004227  0.006709  -0.004194  0.999969  1.000000  0.000103  0.000011  -0.000103  1.000000  0.000053  -0.000011  -0.000053  1.000000  0.999996  0.002742  0.000324  -0.002742  0.999995  0.001378  -0.000320  -0.001379  0.999999  0.000094  0.009303  
77.999233 0.006371  0.086570  -0.004016  0.996578  0.035814  -0.074493  -0.031401  0.997729  0.059596  0.076458  -0.057053  0.995439  0.003280  -0.008034  -0.001918  0.184273  0.273149  0.194709  2.000000  0.999995  0.003158  0.000358  -0.003158  0.999994  0.001587  -0.000353  -0.001588  0.999999  0.999965  0.004718  -0.006966  -0.004689  0.999980  0.004213  0.006986  -0.004180  0.999967  1.000000  0.000105  0.000007  -0.000105  1.000000  0.000052  -0.000007  -0.000052  1.000000  0.999995  0.003158  0.000358  -0.003158  0.999994  0.001587  -0.000353  -0.001588  0.999999  0.000095  0.009402  
78.000482 0.006377  0.086562  -0.004016  0.996558  0.035848  -0.074750  -0.031400  0.997714  0.059847  0.076725  -0.057294  0.995405  0.003429  -0.008141  -0.001775  0.187830  0.277902  0.188054  2.000000  0.999994  0.003577  0.000388  -0.003578  0.999992  0.001799  -0.000382  -0.001801  0.999998  0.999964  0.004728  -0.007099  -0.004697  0.999980  0.004335  0.007119  -0.004302  0.999965  1.000000  0.000106  0.000007  -0.000106  1.000000  0.000054  -0.000007  -0.000054  1.000000  0.999994  0.003577  0.000388  -0.003578  0.999992  0.001799  -0.000382  -0.001801  0.999998  0.000097  0.009560  
78.001722 0.006382  0.086554  -0.004015  0.996527  0.035889  -0.075141  -0.031399  0.997698  0.060102  0.077125  -0.057533  0.995360  0.003587  -0.008190  -0.001588  0.190459  0.280143  0.186871  2.000000  0.999992  0.003996  0.000405  -0.003996  0.999990  0.002017  -0.000397  -0.002019  0.999998  0.999965  0.004319  -0.007121  -0.004288  0.999981  0.004426  0.007140  -0.004395  0.999965  1.000000  0.000104  0.000002  -0.000104  1.000000  0.000055  -0.000002  -0.000055  1.000000  0.999992  0.003996  0.000405  -0.003996  0.999990  0.002017  -0.000397  -0.002019  0.999998  0.000096  0.009425  
78.002733 0.006386  0.086546  -0.004014  0.996500  0.036128  -0.075386  -0.031604  0.997676  0.060367  0.077392  -0.057774  0.995325  0.003643  -0.008292  -0.001474  0.192468  0.281861  0.195255  2.000000  0.999991  0.004311  0.000413  -0.004311  0.999988  0.002186  -0.000404  -0.002188  0.999998  0.999965  0.004321  -0.007120  -0.004289  0.999980  0.004549  0.007140  -0.004518  0.999964  1.000000  0.000104  0.000002  -0.000104  1.000000  0.000057  -0.000002  -0.000057  1.000000  0.999991  0.004311  0.000413  -0.004311  0.999988  0.002186  -0.000404  -0.002188  0.999998  0.000098  0.009483  
78.003974 0.006390  0.086535  -0.004013  0.996479  0.036162  -0.075644  -0.031603  0.997661  0.060618  0.077659  -0.058014  0.995291  0.003700  -0.008396  -0.001361  0.190532  0.284497  0.187242  2.000000  0.999989  0.004729  0.000419  -0.004730  0.999986  0.002419  -0.000407  -0.002421  0.999997  0.999966  0.004118  -0.007131  -0.004084  0.999981  0.004655  0.007150  -0.004626  0.999964  1.000000  0.000103  -0.000000  -0.000103  1.000000  0.000058  0.000000  -0.000058  1.000000  0.999989  0.004729  0.000419  -0.004730  0.999986  0.002419  -0.000407  -0.002421  0.999997  0.000098  0.009452  
78.004989 0.006393  0.086525  -0.004013  0.996458  0.036196  -0.075901  -0.031602  0.997645  0.060868  0.077926  -0.058254  0.995256  0.003671  -0.008449  -0.001230  0.191560  0.287062  0.181884  2.000000  0.999987  0.005136  0.000418  -0.005137  0.999983  0.002660  -0.000405  -0.002662  0.999996  0.999968  0.003906  -0.007009  -0.003872  0.999981  0.004882  0.007028  -0.004855  0.999964  1.000000  0.000100  -0.000002  -0.000100  1.000000  0.000061  0.000002  -0.000061  1.000000  0.999987  0.005136  0.000418  -0.005137  0.999983  0.002660  -0.000405  -0.002662  0.999996  0.000098  0.009386  
78.006225 0.006397  0.086512  -0.004012  0.996441  0.036427  -0.076013  -0.031807  0.997623  0.061130  0.078059  -0.058495  0.995231  0.003673  -0.008563  -0.001074  0.194155  0.284823  0.180536  2.000000  0.999985  0.005536  0.000410  -0.005537  0.999980  0.002909  -0.000394  -0.002911  0.999996  0.999969  0.003704  -0.007019  -0.003668  0.999980  0.005110  0.007038  -0.005084  0.999962  1.000000  0.000099  -0.000004  -0.000099  1.000000  0.000064  0.000004  -0.000064  1.000000  0.999985  0.005536  0.000410  -0.005537  0.999980  0.002909  -0.000394  -0.002911  0.999996  0.000097  0.009433  
78.007236 0.006400  0.086502  -0.004012  0.996420  0.036461  -0.076270  -0.031807  0.997608  0.061381  0.078326  -0.058735  0.995196  0.003697  -0.008577  -0.000847  0.199288  0.291918  0.175375  2.000000  0.999982  0.005926  0.000405  -0.005927  0.999977  0.003166  -0.000386  -0.003168  0.999995  0.999970  0.003690  -0.006751  -0.003654  0.999980  0.005232  0.006771  -0.005207  0.999964  1.000000  0.000096  -0.000003  -0.000096  1.000000  0.000065  0.000003  -0.000065  1.000000  0.999982  0.005926  0.000405  -0.005927  0.999977  0.003166  -0.000386  -0.003168  0.999995  0.000097  0.009297  
78.008472 0.006403  0.086489  -0.004010  0.996399  0.036505  -0.076523  -0.031806  0.997585  0.061752  0.078592  -0.059096  0.995154  0.003656  -0.008626  -0.000501  0.204953  0.290520  0.160485  2.000000  0.999980  0.006301  0.000390  -0.006302  0.999974  0.003429  -0.000368  -0.003432  0.999994  0.999973  0.003265  -0.006508  -0.003231  0.999981  0.005321  0.006525  -0.005300  0.999965  1.000000  0.000091  -0.000006  -0.000091  1.000000  0.000066  0.000006  -0.000066  1.000000  0.999980  0.006301  0.000390  -0.006302  0.999974  0.003429  -0.000368  -0.003432  0.999994  0.000097  0.009012  
78.009483 0.006406  0.086479  -0.004009  0.996389  0.036532  -0.076647  -0.031806  0.997569  0.061999  0.078726  -0.059337  0.995129  0.003628  -0.008698  -0.000180  0.208420  0.286287  0.153372  2.000000  0.999978  0.006577  0.000373  -0.006578  0.999972  0.003632  -0.000349  -0.003634  0.999993  0.999973  0.003275  -0.006641  -0.003239  0.999980  0.005444  0.006658  -0.005422  0.999963  1.000000  0.000092  -0.000006  -0.000092  1.000000  0.000068  0.000006  -0.000068  1.000000  0.999978  0.006577  0.000373  -0.006578  0.999972  0.003632  -0.000349  -0.003634  0.999993  0.000097  0.009184  
78.010727 0.006410  0.086467  -0.004006  0.996378  0.036567  -0.076767  -0.031805  0.997546  0.062366  0.078859  -0.059698  0.995097  0.003577  -0.008785  0.000359  0.217677  0.279839  0.147207  2.000000  0.999976  0.006934  0.000344  -0.006935  0.999968  0.003907  -0.000317  -0.003909  0.999992  0.999975  0.003056  -0.006385  -0.003021  0.999980  0.005549  0.006401  -0.005530  0.999964  1.000000  0.000088  -0.000007  -0.000088  1.000000  0.000069  0.000007  -0.000069  1.000000  0.999976  0.006934  0.000344  -0.006935  0.999968  0.003907  -0.000317  -0.003909  0.999992  0.000096  0.008988  
78.011738 0.006413  0.086456  -0.004006  0.996368  0.036594  -0.076891  -0.031805  0.997531  0.062612  0.078993  -0.059939  0.995072  0.003488  -0.008909  0.000486  0.221207  0.271150  0.139815  2.000000  0.999974  0.007193  0.000318  -0.007194  0.999966  0.004119  -0.000289  -0.004121  0.999991  0.999976  0.002845  -0.006263  -0.002809  0.999980  0.005654  0.006279  -0.005637  0.999964  1.000000  0.000086  -0.000009  -0.000086  1.000000  0.000071  0.000009  -0.000071  1.000000  0.999974  0.007193  0.000318  -0.007194  0.999966  0.004119  -0.000289  -0.004121  0.999991  0.000095  0.008899  
78.012742 0.006415  0.086446  -0.004006  0.996357  0.036621  -0.077015  -0.031805  0.997516  0.062858  0.079126  -0.060180  0.995046  0.003357  -0.009086  0.000647  0.228915  0.267101  0.132735  2.000000  0.999972  0.007446  0.000290  -0.007447  0.999963  0.004332  -0.000258  -0.004334  0.999991  0.999978  0.002633  -0.006141  -0.002599  0.999981  0.005638  0.006156  -0.005622  0.999965  1.000000  0.000083  -0.000010  -0.000083  1.000000  0.000070  0.000010  -0.000070  1.000000  0.999972  0.007446  0.000290  -0.007447  0.999963  0.004332  -0.000258  -0.004334  0.999991  0.000094  0.008738  
78.013985 0.006419  0.086433  -0.004007  0.996347  0.036648  -0.077140  -0.031804  0.997500  0.063105  0.079259  -0.060421  0.995021  0.003255  -0.009280  0.000623  0.232602  0.258607  0.125434  2.000000  0.999970  0.007771  0.000250  -0.007772  0.999959  0.004615  -0.000214  -0.004617  0.999989  0.999980  0.002414  -0.005886  -0.002381  0.999981  0.005622  0.005899  -0.005608  0.999967  1.000000  0.000079  -0.000011  -0.000079  1.000000  0.000070  0.000011  -0.000070  1.000000  0.999970  0.007771  0.000250  -0.007772  0.999959  0.004615  -0.000214  -0.004617  0.999989  0.000093  0.008485  
78.015236 0.006422  0.086421  -0.004007  0.996347  0.036666  -0.077131  -0.031804  0.997485  0.063347  0.079259  -0.060662  0.995007  0.003073  -0.009579  0.000612  0.231555  0.245875  0.110929  2.000000  0.999967  0.008073  0.000209  -0.008074  0.999955  0.004897  -0.000170  -0.004899  0.999988  0.999983  0.002178  -0.005363  -0.002148  0.999982  0.005606  0.005375  -0.005594  0.999970  1.000000  0.000072  -0.000010  -0.000072  1.000000  0.000070  0.000010  -0.000070  1.000000  0.999967  0.008073  0.000209  -0.008074  0.999955  0.004897  -0.000170  -0.004899  0.999988  0.000090  0.008054  
78.016241 0.006424  0.086410  -0.004009  0.996347  0.036685  -0.077122  -0.031804  0.997469  0.063589  0.079259  -0.060903  0.994992  0.002897  -0.009851  0.000429  0.235031  0.237182  0.103525  2.000000  0.999966  0.008278  0.000180  -0.008279  0.999953  0.005106  -0.000137  -0.005107  0.999987  0.999986  0.001949  -0.004975  -0.001922  0.999983  0.005468  0.004985  -0.005459  0.999973  1.000000  0.000066  -0.000010  -0.000066  1.000000  0.000068  0.000010  -0.000068  1.000000  0.999966  0.008278  0.000180  -0.008279  0.999953  0.005106  -0.000137  -0.005107  0.999987  0.000088  0.007642  
78.017246 0.006426  0.086400  -0.004010  0.996347  0.036694  -0.077117  -0.031804  0.997462  0.063710  0.079259  -0.061024  0.994984  0.002756  -0.010012  0.000301  0.230420  0.224070  0.095888  2.000000  0.999964  0.008467  0.000155  -0.008468  0.999950  0.005315  -0.000110  -0.005316  0.999986  0.999988  0.001926  -0.004574  -0.001900  0.999983  0.005589  0.004584  -0.005581  0.999974  1.000000  0.000062  -0.000008  -0.000062  1.000000  0.000070  0.000008  -0.000070  1.000000  0.999964  0.008467  0.000155  -0.008468  0.999950  0.005315  -0.000110  -0.005316  0.999986  0.000085  0.007471  
78.018475 0.006428  0.086387  -0.004011  0.996347  0.036722  -0.077104  -0.031804  0.997438  0.064072  0.079259  -0.061386  0.994962  0.002685  -0.010178  0.000179  0.234182  0.211157  0.088360  2.000000  0.999962  0.008700  0.000122  -0.008700  0.999947  0.005593  -0.000073  -0.005593  0.999984  0.999990  0.001697  -0.004185  -0.001674  0.999983  0.005573  0.004194  -0.005566  0.999976  1.000000  0.000056  -0.000008  -0.000056  1.000000  0.000070  0.000008  -0.000070  1.000000  0.999962  0.008700  0.000122  -0.008700  0.999947  0.005593  -0.000073  -0.005593  0.999984  0.000082  0.007170  
78.019495 0.006430  0.086377  -0.004011  0.996353  0.036526  -0.077113  -0.031599  0.997438  0.064178  0.079259  -0.061507  0.994955  0.002544  -0.010205  0.000118  0.224806  0.198312  0.073782  2.000000  0.999961  0.008854  0.000092  -0.008854  0.999944  0.005799  -0.000041  -0.005800  0.999983  0.999991  0.001272  -0.003943  -0.001250  0.999984  0.005540  0.003950  -0.005535  0.999977  1.000000  0.000051  -0.000011  -0.000051  1.000000  0.000069  0.000011  -0.000069  1.000000  0.999961  0.008854  0.000092  -0.008854  0.999944  0.005799  -0.000041  -0.005800  0.999983  0.000078  0.006916  
78.020724 0.006432  0.086364  -0.004010  0.996353  0.036554  -0.077099  -0.031599  0.997415  0.064541  0.079259  -0.061869  0.994932  0.002425  -0.010207  0.000159  0.226587  0.179334  0.065386  2.000000  0.999959  0.009041  0.000049  -0.009041  0.999941  0.006074  0.000006  -0.006075  0.999982  0.999993  0.001043  -0.003555  -0.001024  0.999984  0.005524  0.003560  -0.005520  0.999978  1.000000  0.000045  -0.000011  -0.000045  1.000000  0.000069  0.000011  -0.000069  1.000000  0.999959  0.009041  0.000049  -0.009041  0.999941  0.006074  0.000006  -0.006075  0.999982  0.000074  0.006650  
78.021730 0.006433  0.086354  -0.004009  0.996342  0.036581  -0.077224  -0.031599  0.997399  0.064787  0.079393  -0.062110  0.994907  0.002355  -0.010192  0.000197  0.227936  0.167733  0.058284  2.000000  0.999958  0.009168  0.000014  -0.009168  0.999938  0.006281  0.000044  -0.006281  0.999980  0.999994  0.000831  -0.003434  -0.000812  0.999985  0.005508  0.003438  -0.005505  0.999979  1.000000  0.000042  -0.000013  -0.000042  1.000000  0.000069  0.000013  -0.000069  1.000000  0.999958  0.009168  0.000014  -0.009168  0.999938  0.006281  0.000044  -0.006281  0.999980  0.000072  0.006542  
78.022736 0.006435  0.086344  -0.004006  0.996342  0.036600  -0.077215  -0.031599  0.997383  0.065029  0.079393  -0.062351  0.994892  0.002225  -0.010197  0.000284  0.227368  0.154630  0.050629  2.000000  0.999957  0.009290  -0.000025  -0.009289  0.999936  0.006491  0.000086  -0.006490  0.999979  0.999994  0.000619  -0.003313  -0.000600  0.999985  0.005491  0.003316  -0.005489  0.999979  1.000000  0.000040  -0.000014  -0.000040  1.000000  0.000069  0.000014  -0.000069  1.000000  0.999957  0.009290  -0.000025  -0.009289  0.999936  0.006491  0.000086  -0.006490  0.999979  0.000070  0.006442  
78.023994 0.006436  0.086331  -0.004003  0.996342  0.036619  -0.077206  -0.031599  0.997367  0.065271  0.079393  -0.062592  0.994876  0.002041  -0.010199  0.000374  0.222761  0.137069  0.042718  2.000000  0.999955  0.009437  -0.000073  -0.009436  0.999933  0.006773  0.000137  -0.006772  0.999977  0.999996  0.000595  -0.002912  -0.000578  0.999983  0.005734  0.002915  -0.005732  0.999979  1.000000  0.000035  -0.000012  -0.000035  1.000000  0.000072  0.000012  -0.000072  1.000000  0.999955  0.009437  -0.000073  -0.009436  0.999933  0.006773  0.000137  -0.006772  0.999977  0.000068  0.006458  
78.025231 0.006437  0.086318  -0.004001  0.996342  0.036647  -0.077193  -0.031599  0.997343  0.065634  0.079393  -0.062954  0.994854  0.001915  -0.010212  0.000422  0.226328  0.128506  0.035341  2.000000  0.999954  0.009567  -0.000124  -0.009566  0.999929  0.007058  0.000192  -0.007057  0.999975  0.999996  0.000374  -0.002658  -0.000358  0.999984  0.005717  0.002660  -0.005717  0.999980  1.000000  0.000031  -0.000013  -0.000031  1.000000  0.000071  0.000013  -0.000071  1.000000  0.999954  0.009567  -0.000124  -0.009566  0.999929  0.007058  0.000192  -0.007057  0.999975  0.000066  0.006316  
78.026232 0.006439  0.086307  -0.004000  0.996342  0.036656  -0.077188  -0.031599  0.997335  0.065755  0.079393  -0.063075  0.994846  0.001801  -0.010290  0.000435  0.223976  0.118972  0.027707  2.000000  0.999953  0.009656  -0.000158  -0.009654  0.999927  0.007273  0.000228  -0.007271  0.999974  0.999997  0.000357  -0.002391  -0.000344  0.999984  0.005717  0.002393  -0.005717  0.999981  1.000000  0.000028  -0.000011  -0.000028  1.000000  0.000071  0.000011  -0.000071  1.000000  0.999953  0.009656  -0.000158  -0.009654  0.999927  0.007273  0.000228  -0.007271  0.999974  0.000064  0.006207  
78.027244 0.006440  0.086296  -0.003999  0.996342  0.036675  -0.077179  -0.031599  0.997319  0.065997  0.079393  -0.063316  0.994831  0.001706  -0.010327  0.000463  0.225148  0.111316  0.020525  2.000000  0.999953  0.009734  -0.000189  -0.009733  0.999925  0.007487  0.000262  -0.007485  0.999972  0.999998  0.000136  -0.002136  -0.000124  0.999984  0.005701  0.002137  -0.005701  0.999981  1.000000  0.000024  -0.000012  -0.000024  1.000000  0.000071  0.000012  -0.000071  1.000000  0.999953  0.009734  -0.000189  -0.009733  0.999925  0.007487  0.000262  -0.007485  0.999972  0.000064  0.006090  
78.028474 0.006441  0.086283  -0.003999  0.996342  0.036694  -0.077170  -0.031599  0.997303  0.066238  0.079393  -0.063558  0.994815  0.001584  -0.010424  0.000477  0.225290  0.102403  0.020021  2.000000  0.999952  0.009823  -0.000230  -0.009820  0.999922  0.007774  0.000307  -0.007772  0.999970  0.999998  0.000119  -0.001869  -0.000109  0.999984  0.005701  0.001870  -0.005701  0.999982  1.000000  0.000021  -0.000010  -0.000021  1.000000  0.000071  0.000010  -0.000071  1.000000  0.999952  0.009823  -0.000230  -0.009820  0.999922  0.007774  0.000307  -0.007772  0.999970  0.000062  0.006001  
78.029498 0.006443  0.086271  -0.003999  0.996342  0.036713  -0.077161  -0.031599  0.997287  0.066480  0.079393  -0.063799  0.994800  0.001481  -0.010466  0.000546  0.228744  0.093806  0.012604  2.000000  0.999951  0.009881  -0.000257  -0.009879  0.999919  0.007990  0.000336  -0.007987  0.999968  0.999998  0.000111  -0.001736  -0.000101  0.999983  0.005822  0.001736  -0.005822  0.999982  1.000000  0.000019  -0.000010  -0.000019  1.000000  0.000073  0.000010  -0.000073  1.000000  0.999951  0.009881  -0.000257  -0.009879  0.999919  0.007990  0.000336  -0.007987  0.999968  0.000062  0.006077  
78.030734 0.006445  0.086258  -0.003999  0.996353  0.036723  -0.077019  -0.031599  0.997271  0.066718  0.079259  -0.064041  0.994795  0.001425  -0.010503  0.000600  0.228823  0.080370  0.011810  2.000000  0.999950  0.009948  -0.000288  -0.009946  0.999916  0.008277  0.000370  -0.008273  0.999966  0.999999  0.000086  -0.001335  -0.000078  0.999984  0.005701  0.001336  -0.005701  0.999983  1.000000  0.000015  -0.000007  -0.000015  1.000000  0.000071  0.000007  -0.000071  1.000000  0.999950  0.009948  -0.000288  -0.009946  0.999916  0.008277  0.000370  -0.008273  0.999966  0.000061  0.005856  
78.031970 0.006446  0.086245  -0.004000  0.996353  0.036741  -0.077011  -0.031599  0.997255  0.066960  0.079259  -0.064282  0.994779  0.001370  -0.010562  0.000652  0.224403  0.067382  0.004129  2.000000  0.999950  0.009999  -0.000316  -0.009996  0.999913  0.008562  0.000402  -0.008558  0.999963  0.999999  -0.000136  -0.001081  0.000142  0.999984  0.005685  0.001081  -0.005685  0.999983  1.000000  0.000011  -0.000008  -0.000011  1.000000  0.000071  0.000008  -0.000071  1.000000  0.999950  0.009999  -0.000316  -0.009996  0.999913  0.008562  0.000402  -0.008558  0.999963  0.000059  0.005788  
78.032978 0.006449  0.086234  -0.004000  0.996353  0.036760  -0.077002  -0.031599  0.997239  0.067202  0.079259  -0.064524  0.994764  0.001404  -0.010527  0.000683  0.228321  0.058356  0.003586  2.000000  0.999950  0.010030  -0.000338  -0.010026  0.999911  0.008775  0.000426  -0.008771  0.999961  1.000000  -0.000144  -0.000948  0.000150  0.999984  0.005685  0.000947  -0.005685  0.999983  1.000000  0.000009  -0.000008  -0.000009  1.000000  0.000071  0.000008  -0.000071  1.000000  0.999950  0.010030  -0.000338  -0.010026  0.999911  0.008775  0.000426  -0.008771  0.999961  0.000058  0.005765  
78.034235 0.006451  0.086221  -0.004001  0.996364  0.036770  -0.076860  -0.031599  0.997223  0.067440  0.079126  -0.064766  0.994759  0.001429  -0.010575  0.000669  0.224253  0.044890  0.002772  2.000000  0.999949  0.010058  -0.000361  -0.010054  0.999908  0.009058  0.000452  -0.009054  0.999959  1.000000  -0.000170  -0.000547  0.000173  0.999985  0.005563  0.000546  -0.005563  0.999984  1.000000  0.000005  -0.000005  -0.000005  1.000000  0.000070  0.000005  -0.000070  1.000000  0.999949  0.010058  -0.000361  -0.010054  0.999908  0.009058  0.000452  -0.009054  0.999959  0.000057  0.005593  
78.035488 0.006454  0.086208  -0.004002  0.996364  0.036789  -0.076851  -0.031599  0.997206  0.067682  0.079126  -0.065007  0.994743  0.001538  -0.010587  0.000525  0.224142  0.035894  0.002225  2.000000  0.999949  0.010073  -0.000377  -0.010069  0.999906  0.009336  0.000471  -0.009332  0.999956  1.000000  -0.000179  -0.000414  0.000181  0.999985  0.005442  0.000413  -0.005442  0.999985  1.000000  0.000003  -0.000005  -0.000003  1.000000  0.000068  0.000005  -0.000068  1.000000  0.999949  0.010073  -0.000377  -0.010069  0.999906  0.009336  0.000471  -0.009332  0.999956  0.000056  0.005461  
78.036725 0.006457  0.086193  -0.004004  0.996368  0.037004  -0.076695  -0.031805  0.997183  0.067935  0.078993  -0.065249  0.994738  0.001556  -0.010721  0.000328  0.222386  0.026709  0.001663  2.000000  0.999949  0.010075  -0.000386  -0.010071  0.999903  0.009608  0.000483  -0.009604  0.999954  1.000000  -0.000205  -0.000013  0.000205  0.999986  0.005321  0.000012  -0.005321  0.999986  1.000000  -0.000001  -0.000002  0.000001  1.000000  0.000067  0.000002  -0.000067  1.000000  0.999949  0.010075  -0.000386  -0.010071  0.999903  0.009608  0.000483  -0.009604  0.999954  0.000055  0.005325  
78.037729 0.006459  0.086182  -0.004005  0.996368  0.037023  -0.076686  -0.031805  0.997166  0.068177  0.078993  -0.065490  0.994722  0.001630  -0.010813  0.000076  0.222404  0.017807  0.001113  2.000000  0.999949  0.010073  -0.000383  -0.010069  0.999901  0.009812  0.000482  -0.009807  0.999952  1.000000  -0.000009  0.000134  0.000008  0.999986  0.005337  -0.000134  -0.005337  0.999986  1.000000  -0.000001  0.000001  0.000001  1.000000  0.000067  -0.000001  -0.000067  1.000000  0.999949  0.010073  -0.000383  -0.010069  0.999901  0.009812  0.000482  -0.009807  0.999952  0.000055  0.005339  
78.038732 0.006461  0.086170  -0.004007  0.996368  0.037032  -0.076681  -0.031805  0.997158  0.068298  0.078993  -0.065611  0.994714  0.001687  -0.010931  -0.000249  0.216178  0.013471  0.000845  2.000000  0.999949  0.010067  -0.000378  -0.010063  0.999899  0.010015  0.000479  -0.010010  0.999950  1.000000  -0.000018  0.000267  0.000016  0.999985  0.005458  -0.000267  -0.005458  0.999985  1.000000  -0.000003  0.000001  0.000003  1.000000  0.000068  -0.000001  -0.000068  1.000000  0.999949  0.010067  -0.000378  -0.010063  0.999899  0.010015  0.000479  -0.010010  0.999950  0.000055  0.005465  
78.039740 0.006463  0.086158  -0.004008  0.996368  0.037050  -0.076672  -0.031805  0.997141  0.068540  0.078993  -0.065852  0.994698  0.001745  -0.010999  -0.000469  0.216075  0.008976  0.000565  2.000000  0.999949  0.010058  -0.000372  -0.010054  0.999897  0.010218  0.000474  -0.010214  0.999948  1.000000  -0.000018  0.000267  0.000016  0.999985  0.005458  -0.000267  -0.005458  0.999985  1.000000  -0.000003  0.000001  0.000003  1.000000  0.000068  -0.000001  -0.000068  1.000000  0.999949  0.010058  -0.000372  -0.010054  0.999897  0.010218  0.000474  -0.010214  0.999948  0.000055  0.005465  
78.040982 0.006466  0.086143  -0.004010  0.996368  0.037069  -0.076663  -0.031805  0.997125  0.068782  0.078993  -0.066094  0.994682  0.001847  -0.011114  -0.000633  0.211962  -0.000000  -0.000000  2.000000  0.999949  0.010047  -0.000363  -0.010042  0.999895  0.010488  0.000468  -0.010483  0.999945  1.000000  -0.000018  0.000267  0.000016  0.999985  0.005458  -0.000267  -0.005458  0.999985  1.000000  -0.000003  0.000001  0.000003  1.000000  0.000068  -0.000001  -0.000068  1.000000  0.999949  0.010047  -0.000363  -0.010042  0.999895  0.010488  0.000468  -0.010483  0.999945  0.000054  0.005465  
78.042254 0.006469  0.086129  -0.004010  0.996357  0.037096  -0.076787  -0.031805  0.997108  0.069028  0.079126  -0.066334  0.994655  0.001914  -0.011172  -0.000753  0.211880  0.000000  -0.000000  2.000000  0.999950  0.010036  -0.000355  -0.010032  0.999892  0.010756  0.000463  -0.010752  0.999942  1.000000  -0.000009  0.000134  0.000008  0.999986  0.005337  -0.000134  -0.005337  0.999986  1.000000  -0.000001  0.000001  0.000001  1.000000  0.000067  -0.000001  -0.000067  1.000000  0.999950  0.010036  -0.000355  -0.010032  0.999892  0.010756  0.000463  -0.010752  0.999942  0.000053  0.005339  
