1-Time 2-Px 3-Py 4-Pz 5-R11 6-R21 7-R31 8-R12 9-R22 10-R32 11-R13 12-R23 13-R33 14-Vx 15-Vy 16-Vz 17-Wx 18-Wy 19-Wz 20-state 21-PR11 22-PR21 23-PR31 24-PR12 25-PR22 26-PR32 27-PR13 28-PR23 29-PR33 
71.943960 0.007155  0.087176  -0.003917  0.995176  0.022942  -0.095387  -0.018646  0.998782  0.045690  0.096319  -0.043691  0.994391  -0.000276  -0.000146  -0.000055  0.000000  0.000000  0.000000  2.000000  1.000000  0.000000  0.000000  -0.000000  1.000000  0.000000  0.000000  -0.000000  1.000000  1.000000  0.000807  0.000303  -0.000807  1.000000  -0.000042  -0.000303  0.000042  1.000000  1.000000  0.000000  0.000000  0.000000  1.000000  0.000000  0.000000  0.000000  1.000000  0.769068  0.428008  -0.474705  -0.470312  0.881876  0.033174  0.432830  0.197746  0.879520  0.000000  0.000000  
71.944960 0.007155  0.087175  -0.003917  0.995172  0.023148  -0.095378  -0.018851  0.998777  0.045710  0.096319  -0.043691  0.994391  -0.000300  -0.000200  -0.000065  0.000000  0.000000  0.000000  2.000000  1.000000  0.000000  0.000000  0.000000  1.000000  0.000000  0.000000  0.000000  1.000000  0.999999  0.001012  0.000312  -0.001012  0.999999  -0.000022  -0.000312  0.000022  1.000000  1.000000  0.000000  0.000000  0.000000  1.000000  0.000000  0.000000  0.000000  1.000000  1.000000  0.000000  0.000000  0.000000  1.000000  0.000000  0.000000  0.000000  1.000000  0.000000  0.000000  
71.945960 0.007154  0.087172  -0.003919  0.995146  0.023171  -0.095641  -0.018850  0.998771  0.045836  0.096586  -0.043811  0.994360  -0.000330  -0.000376  -0.000199  0.000000  0.000000  0.000000  2.000000  1.000000  0.000000  0.000000  0.000000  1.000000  0.000000  0.000000  0.000000  1.000000  0.999999  0.001018  0.000179  -0.001018  0.999999  0.000099  -0.000179  -0.000099  1.000000  1.000000  0.000000  0.000000  0.000000  1.000000  0.000000  0.000000  0.000000  1.000000  1.000000  0.000000  0.000000  0.000000  1.000000  0.000000  0.000000  0.000000  1.000000  0.000000  0.000000  
71.947210 0.007154  0.087168  -0.003922  0.995103  0.023406  -0.096028  -0.019055  0.998760  0.045985  0.096985  -0.043930  0.994316  -0.000285  -0.000676  -0.000393  0.000000  0.000000  0.000000  2.000000  1.000000  0.000000  0.000000  0.000000  1.000000  0.000000  0.000000  0.000000  1.000000  0.999999  0.001240  -0.000213  -0.001240  0.999999  0.000120  0.000213  -0.000119  1.000000  1.000000  0.000000  0.000000  0.000000  1.000000  0.000000  0.000000  0.000000  1.000000  1.000000  0.000000  0.000000  0.000000  1.000000  0.000000  0.000000  0.000000  1.000000  0.000000  0.000000  
71.948211 0.007154  0.087163  -0.003925  0.995077  0.023430  -0.096291  -0.019054  0.998755  0.046111  0.097251  -0.044049  0.994285  -0.000287  -0.000998  -0.000572  0.000000  0.000000  0.000000  2.000000  1.000000  0.000000  0.000000  0.000000  1.000000  0.000000  0.000000  0.000000  1.000000  0.999999  0.001059  -0.000757  -0.001059  0.999999  0.000221  0.000757  -0.000221  1.000000  1.000000  0.000000  0.000000  0.000000  1.000000  0.000000  0.000000  0.000000  1.000000  1.000000  0.000000  0.000000  0.000000  1.000000  0.000000  0.000000  0.000000  1.000000  0.000000  0.000000  
71.949463 0.007156  0.087157  -0.003928  0.995038  0.023471  -0.096684  -0.019053  0.998743  0.046361  0.097651  -0.044289  0.994235  -0.000160  -0.001448  -0.000813  0.000000  0.000000  0.000000  2.000000  1.000000  0.000000  0.000000  0.000000  1.000000  0.000000  0.000000  0.000000  1.000000  0.999999  0.001077  -0.001157  -0.001076  0.999999  0.000464  0.001158  -0.000463  0.999999  1.000000  0.000000  0.000000  0.000000  1.000000  0.000000  0.000000  0.000000  1.000000  1.000000  0.000000  0.000000  0.000000  1.000000  0.000000  0.000000  0.000000  1.000000  0.000000  0.000000  
71.950465 0.007157  0.087152  -0.003930  0.995008  0.023700  -0.096938  -0.019258  0.998732  0.046507  0.097917  -0.044408  0.994203  -0.000035  -0.001747  -0.000940  0.000000  0.000000  0.000000  2.000000  1.000000  0.000000  0.000000  0.000000  1.000000  0.000000  0.000000  0.000000  1.000000  0.999998  0.001294  -0.001415  -0.001293  0.999999  0.000727  0.001416  -0.000726  0.999999  1.000000  0.000000  0.000000  0.000000  1.000000  0.000000  0.000000  0.000000  1.000000  1.000000  0.000000  0.000000  0.000000  1.000000  0.000000  0.000000  0.000000  1.000000  0.000000  0.000000  
71.951713 0.007160  0.087145  -0.003933  0.994974  0.024147  -0.097179  -0.019667  0.998711  0.046794  0.098184  -0.044648  0.994166  0.000133  -0.002196  -0.001148  0.000000  0.000000  0.000000  2.000000  1.000000  0.000000  0.000000  0.000000  1.000000  0.000000  0.000000  0.000000  1.000000  0.999997  0.001511  -0.001673  -0.001509  0.999998  0.000869  0.001675  -0.000867  0.999998  1.000000  0.000000  0.000000  0.000000  1.000000  0.000000  0.000000  0.000000  1.000000  1.000000  0.000000  0.000000  0.000000  1.000000  0.000000  0.000000  0.000000  1.000000  0.000000  0.000000  
71.952714 0.007162  0.087140  -0.003935  0.994944  0.024364  -0.097435  -0.019871  0.998706  0.046820  0.098450  -0.044647  0.994140  0.000312  -0.002501  -0.001277  0.000000  0.000000  0.000000  2.000000  1.000000  0.000000  0.000000  0.000000  1.000000  0.000000  0.000000  0.000000  1.000000  0.999996  0.001932  -0.001922  -0.001930  0.999998  0.001031  0.001924  -0.001028  0.999998  1.000000  0.000000  0.000000  0.000000  1.000000  0.000000  0.000000  0.000000  1.000000  1.000000  0.000000  0.000000  0.000000  1.000000  0.000000  0.000000  0.000000  1.000000  0.000000  0.000000  
71.953970 0.007165  0.087134  -0.003938  0.994900  0.024600  -0.097822  -0.020075  0.998695  0.046969  0.098849  -0.044766  0.994095  0.000558  -0.002900  -0.001476  0.000000  0.000000  0.000000  2.000000  1.000000  0.000000  0.000000  0.000000  1.000000  0.000000  0.000000  0.000000  1.000000  0.999996  0.001945  -0.002189  -0.001942  0.999997  0.001153  0.002191  -0.001149  0.999997  1.000000  0.000000  0.000000  0.000000  1.000000  0.000000  0.000000  0.000000  1.000000  1.000000  0.000000  0.000000  0.000000  1.000000  0.000000  0.000000  0.000000  1.000000  0.000000  0.000000  
71.955216 0.007167  0.087129  -0.003943  0.994852  0.025041  -0.098198  -0.020484  0.998678  0.047139  0.099249  -0.044884  0.994050  0.000730  -0.003281  -0.001791  0.000000  0.000000  0.000000  2.000000  1.000000  0.000000  0.000000  0.000000  1.000000  0.000000  0.000000  0.000000  1.000000  0.999994  0.002174  -0.002714  -0.002170  0.999997  0.001296  0.002717  -0.001290  0.999995  1.000000  0.000000  0.000000  0.000000  1.000000  0.000000  0.000000  0.000000  1.000000  1.000000  0.000000  0.000000  0.000000  1.000000  0.000000  0.000000  0.000000  1.000000  0.000000  0.000000  
71.956463 0.007170  0.087124  -0.003948  0.994785  0.025071  -0.098863  -0.020483  0.998678  0.047152  0.099914  -0.044881  0.993983  0.000933  -0.003585  -0.002142  0.000000  0.000000  0.000000  2.000000  1.000000  0.000000  0.000000  0.000000  1.000000  0.000000  0.000000  0.000000  1.000000  0.999992  0.002403  -0.003240  -0.002398  0.999996  0.001318  0.003243  -0.001310  0.999994  1.000000  0.000000  0.000000  0.000000  1.000000  0.000000  0.000000  0.000000  1.000000  1.000000  0.000000  0.000000  0.000000  1.000000  0.000000  0.000000  0.000000  1.000000  0.000000  0.000000  
71.957469 0.007172  0.087120  -0.003953  0.994727  0.025312  -0.099382  -0.020686  0.998666  0.047305  0.100447  -0.045000  0.993924  0.001153  -0.003811  -0.002497  0.000000  0.000000  0.000000  2.000000  1.000000  0.000000  0.000000  0.000000  1.000000  0.000000  0.000000  0.000000  1.000000  0.999989  0.002433  -0.003908  -0.002427  0.999996  0.001440  0.003911  -0.001431  0.999991  1.000000  0.000000  0.000000  0.000000  1.000000  0.000000  0.000000  0.000000  1.000000  1.000000  0.000000  0.000000  0.000000  1.000000  0.000000  0.000000  0.000000  1.000000  0.000000  0.000000  
71.958716 0.007176  0.087115  -0.003960  0.994656  0.025548  -0.100037  -0.020890  0.998660  0.047339  0.101113  -0.044997  0.993857  0.001392  -0.004151  -0.002906  0.000000  0.000000  0.000000  2.000000  1.000000  0.000000  0.000000  0.000000  1.000000  0.000000  0.000000  0.000000  1.000000  0.999986  0.002668  -0.004567  -0.002661  0.999995  0.001584  0.004571  -0.001572  0.999988  1.000000  0.000000  0.000000  0.000000  1.000000  0.000000  0.000000  0.000000  1.000000  1.000000  0.000000  0.000000  0.000000  1.000000  0.000000  0.000000  0.000000  1.000000  0.000000  0.000000  
71.959984 0.007180  0.087109  -0.003966  0.994583  0.025796  -0.100689  -0.021093  0.998649  0.047495  0.101778  -0.045114  0.993784  0.001683  -0.004492  -0.003314  0.055091  0.174955  0.111131  2.000000  1.000000  0.000148  -0.000002  -0.000148  1.000000  0.000041  0.000002  -0.000041  1.000000  0.999982  0.002904  -0.005225  -0.002895  0.999994  0.001728  0.005230  -0.001713  0.999985  1.000000  0.000075  -0.000001  -0.000075  1.000000  0.000022  0.000001  -0.000022  1.000000  1.000000  0.000148  -0.000002  -0.000148  1.000000  0.000041  0.000002  -0.000041  1.000000  0.000053  0.006221  
71.961216 0.007184  0.087101  -0.003973  0.994511  0.026044  -0.101341  -0.021296  0.998637  0.047651  0.102444  -0.045231  0.993710  0.002049  -0.004668  -0.003563  0.059911  0.197166  0.119065  2.000000  1.000000  0.000470  -0.000010  -0.000470  1.000000  0.000130  0.000010  -0.000130  1.000000  0.999978  0.003140  -0.005884  -0.003129  0.999993  0.001872  0.005890  -0.001854  0.999981  1.000000  0.000083  -0.000003  -0.000083  1.000000  0.000023  0.000003  -0.000023  1.000000  1.000000  0.000470  -0.000010  -0.000470  1.000000  0.000130  0.000010  -0.000130  1.000000  0.000059  0.006924  
71.962460 0.007190  0.087094  -0.003979  0.994447  0.026504  -0.101846  -0.021705  0.998614  0.047947  0.102976  -0.045470  0.993644  0.002394  -0.004857  -0.003727  0.068799  0.214863  0.126802  2.000000  1.000000  0.000906  -0.000034  -0.000905  1.000000  0.000249  0.000035  -0.000249  1.000000  0.999974  0.003165  -0.006418  -0.003152  0.999993  0.001995  0.006424  -0.001975  0.999977  1.000000  0.000089  -0.000006  -0.000089  1.000000  0.000025  0.000006  -0.000025  1.000000  1.000000  0.000906  -0.000034  -0.000905  1.000000  0.000249  0.000035  -0.000249  1.000000  0.000064  0.007426  
71.963460 0.007194  0.087087  -0.003982  0.994392  0.026541  -0.102375  -0.021703  0.998608  0.048080  0.103508  -0.045588  0.993583  0.002631  -0.004996  -0.003793  0.072896  0.232788  0.127600  2.000000  0.999999  0.001282  -0.000057  -0.001282  0.999999  0.000357  0.000057  -0.000357  1.000000  0.999970  0.003395  -0.006942  -0.003380  0.999992  0.002261  0.006950  -0.002237  0.999973  1.000000  0.000096  -0.000007  -0.000096  1.000000  0.000028  0.000007  -0.000028  1.000000  0.999999  0.001282  -0.000057  -0.001282  0.999999  0.000357  0.000057  -0.000357  1.000000  0.000068  0.008049  
71.964461 0.007198  0.087079  -0.003985  0.994332  0.026796  -0.102890  -0.021907  0.998590  0.048355  0.104041  -0.045826  0.993517  0.002782  -0.005182  -0.003802  0.081802  0.250518  0.135360  2.000000  0.999999  0.001686  -0.000084  -0.001686  0.999998  0.000477  0.000085  -0.000476  1.000000  0.999966  0.003627  -0.007467  -0.003608  0.999990  0.002527  0.007476  -0.002500  0.999969  1.000000  0.000103  -0.000008  -0.000103  1.000000  0.000031  0.000008  -0.000031  1.000000  0.999999  0.001686  -0.000084  -0.001686  0.999998  0.000477  0.000085  -0.000476  1.000000  0.000073  0.008673  
71.965463 0.007202  0.087070  -0.003988  0.994257  0.027070  -0.103535  -0.022110  0.998566  0.048754  0.104706  -0.046185  0.993430  0.002976  -0.005452  -0.003874  0.094749  0.272584  0.143263  2.000000  0.999998  0.002120  -0.000122  -0.002120  0.999998  0.000610  0.000123  -0.000610  1.000000  0.999960  0.003659  -0.008134  -0.003637  0.999990  0.002772  0.008144  -0.002742  0.999963  1.000000  0.000111  -0.000011  -0.000111  1.000000  0.000034  0.000011  -0.000034  1.000000  0.999998  0.002120  -0.000122  -0.002120  0.999998  0.000610  0.000123  -0.000610  1.000000  0.000079  0.009336  
71.966711 0.007208  0.087059  -0.003993  0.994154  0.027344  -0.104448  -0.022313  0.998548  0.049038  0.105637  -0.046421  0.993321  0.003200  -0.005779  -0.003958  0.107037  0.304012  0.144696  2.000000  0.999996  0.002701  -0.000186  -0.002701  0.999996  0.000795  0.000188  -0.000795  1.000000  0.999954  0.003898  -0.008791  -0.003872  0.999988  0.003039  0.008803  -0.003005  0.999957  1.000000  0.000120  -0.000013  -0.000120  1.000000  0.000038  0.000013  -0.000038  1.000000  0.999996  0.002701  -0.000186  -0.002701  0.999996  0.000795  0.000188  -0.000795  1.000000  0.000087  0.010081  
71.967714 0.007212  0.087048  -0.003997  0.994083  0.027400  -0.105106  -0.022311  0.998535  0.049295  0.106303  -0.046659  0.993239  0.003332  -0.006152  -0.004198  0.115219  0.330930  0.145948  2.000000  0.999995  0.003071  -0.000236  -0.003070  0.999995  0.000913  0.000239  -0.000912  1.000000  0.999950  0.003721  -0.009335  -0.003690  0.999988  0.003263  0.009347  -0.003228  0.999951  1.000000  0.000124  -0.000018  -0.000124  1.000000  0.000041  0.000018  -0.000041  1.000000  0.999995  0.003071  -0.000236  -0.003070  0.999995  0.000913  0.000239  -0.000912  1.000000  0.000094  0.010560  
71.968965 0.007217  0.087035  -0.004003  0.993979  0.027688  -0.106016  -0.022513  0.998510  0.049702  0.107234  -0.047016  0.993122  0.003479  -0.006579  -0.004334  0.128190  0.361968  0.154285  2.000000  0.999993  0.003713  -0.000326  -0.003713  0.999992  0.001122  0.000330  -0.001121  0.999999  0.999945  0.003946  -0.009725  -0.003913  0.999987  0.003409  0.009738  -0.003370  0.999947  1.000000  0.000130  -0.000018  -0.000130  1.000000  0.000042  0.000018  -0.000042  1.000000  0.999993  0.003713  -0.000326  -0.003713  0.999992  0.001122  0.000330  -0.001121  0.999999  0.000101  0.011029  
71.970213 0.007223  0.087023  -0.004011  0.993902  0.027951  -0.106663  -0.022716  0.998492  0.049981  0.107899  -0.047253  0.993038  0.003705  -0.007054  -0.004529  0.137120  0.384163  0.162257  2.000000  0.999990  0.004381  -0.000420  -0.004381  0.999990  0.001338  0.000426  -0.001336  0.999999  0.999940  0.004172  -0.010115  -0.004138  0.999986  0.003434  0.010129  -0.003392  0.999943  1.000000  0.000136  -0.000018  -0.000136  1.000000  0.000043  0.000018  -0.000043  1.000000  0.999990  0.004381  -0.000420  -0.004381  0.999990  0.001338  0.000426  -0.001336  0.999999  0.000109  0.011462  
71.971466 0.007230  0.087011  -0.004018  0.993825  0.028201  -0.107313  -0.022919  0.998479  0.050139  0.108564  -0.047370  0.992960  0.004004  -0.007581  -0.004619  0.141215  0.406529  0.163271  2.000000  0.999987  0.005066  -0.000520  -0.005065  0.999986  0.001554  0.000528  -0.001551  0.999999  0.999937  0.004187  -0.010381  -0.004152  0.999985  0.003436  0.010396  -0.003393  0.999940  1.000000  0.000139  -0.000020  -0.000139  1.000000  0.000043  0.000020  -0.000043  1.000000  0.999987  0.005066  -0.000520  -0.005065  0.999986  0.001554  0.000528  -0.001551  0.999999  0.000114  0.011704  
71.972714 0.007237  0.087000  -0.004025  0.993748  0.028465  -0.107960  -0.023122  0.998460  0.050419  0.109229  -0.047607  0.992876  0.004328  -0.008012  -0.004710  0.148969  0.425348  0.169903  2.000000  0.999983  0.005766  -0.000633  -0.005765  0.999982  0.001767  0.000643  -0.001763  0.999998  0.999934  0.004004  -0.010791  -0.003968  0.999986  0.003417  0.010805  -0.003374  0.999936  1.000000  0.000142  -0.000024  -0.000142  1.000000  0.000042  0.000024  -0.000042  1.000000  0.999983  0.005766  -0.000633  -0.005765  0.999982  0.001767  0.000643  -0.001763  0.999998  0.000121  0.012001  
71.973714 0.007243  0.086992  -0.004030  0.993704  0.028497  -0.108355  -0.023121  0.998454  0.050549  0.109628  -0.047726  0.992826  0.004477  -0.008202  -0.004713  0.154274  0.442234  0.171912  2.000000  0.999980  0.006332  -0.000734  -0.006331  0.999978  0.001938  0.000747  -0.001934  0.999998  0.999933  0.003807  -0.010934  -0.003769  0.999987  0.003517  0.010948  -0.003475  0.999934  1.000000  0.000142  -0.000027  -0.000142  1.000000  0.000044  0.000027  -0.000044  1.000000  0.999980  0.006332  -0.000734  -0.006331  0.999978  0.001938  0.000747  -0.001934  0.999998  0.000124  0.012095  
71.974723 0.007249  0.086984  -0.004034  0.993655  0.028735  -0.108739  -0.023325  0.998441  0.050702  0.110027  -0.047844  0.992776  0.004694  -0.008451  -0.004615  0.158337  0.455573  0.172508  2.000000  0.999976  0.006906  -0.000848  -0.006904  0.999974  0.002108  0.000863  -0.002102  0.999997  0.999930  0.003820  -0.011202  -0.003782  0.999987  0.003397  0.011214  -0.003355  0.999931  1.000000  0.000145  -0.000029  -0.000145  1.000000  0.000042  0.000029  -0.000042  1.000000  0.999976  0.006906  -0.000848  -0.006904  0.999974  0.002108  0.000863  -0.002102  0.999997  0.000128  0.012307  
71.975965 0.007256  0.086975  -0.004039  0.993581  0.028780  -0.109400  -0.023323  0.998435  0.050839  0.110692  -0.047961  0.992697  0.004884  -0.008555  -0.004433  0.157738  0.469482  0.166356  2.000000  0.999972  0.007486  -0.000971  -0.007483  0.999969  0.002283  0.000988  -0.002275  0.999997  0.999929  0.003625  -0.011344  -0.003585  0.999987  0.003498  0.011357  -0.003457  0.999930  1.000000  0.000145  -0.000032  -0.000145  1.000000  0.000043  0.000032  -0.000043  1.000000  0.999972  0.007486  -0.000971  -0.007483  0.999969  0.002283  0.000988  -0.002275  0.999997  0.000130  0.012407  
71.977212 0.007264  0.086966  -0.004042  0.993522  0.028819  -0.109928  -0.023322  0.998428  0.050972  0.111224  -0.048078  0.992632  0.005028  -0.008635  -0.004298  0.157810  0.473968  0.166619  2.000000  0.999966  0.008213  -0.001140  -0.008210  0.999963  0.002503  0.001160  -0.002494  0.999996  0.999930  0.003421  -0.011354  -0.003380  0.999988  0.003598  0.011366  -0.003559  0.999929  1.000000  0.000144  -0.000034  -0.000144  1.000000  0.000045  0.000034  -0.000045  1.000000  0.999966  0.008213  -0.001140  -0.008210  0.999963  0.002503  0.001160  -0.002494  0.999996  0.000131  0.012387  
71.978216 0.007270  0.086959  -0.004044  0.993462  0.028858  -0.110455  -0.023320  0.998421  0.051106  0.111756  -0.048196  0.992566  0.005137  -0.008694  -0.004243  0.157854  0.478370  0.166853  2.000000  0.999961  0.008787  -0.001280  -0.008784  0.999958  0.002686  0.001303  -0.002675  0.999996  0.999930  0.003218  -0.011363  -0.003176  0.999988  0.003698  0.011375  -0.003661  0.999929  1.000000  0.000143  -0.000036  -0.000143  1.000000  0.000046  0.000036  -0.000046  1.000000  0.999961  0.008787  -0.001280  -0.008784  0.999958  0.002686  0.001303  -0.002675  0.999996  0.000133  0.012370  
71.979462 0.007276  0.086947  -0.004047  0.993402  0.028911  -0.110979  -0.023319  0.998408  0.051361  0.112287  -0.048434  0.992495  0.005198  -0.008782  -0.004153  0.156644  0.483397  0.166038  2.000000  0.999954  0.009493  -0.001460  -0.009489  0.999951  0.002919  0.001488  -0.002905  0.999995  0.999934  0.003003  -0.011105  -0.002961  0.999988  0.003797  0.011117  -0.003764  0.999931  1.000000  0.000139  -0.000037  -0.000139  1.000000  0.000047  0.000037  -0.000047  1.000000  0.999954  0.009493  -0.001460  -0.009489  0.999951  0.002919  0.001488  -0.002905  0.999995  0.000134  0.012110  
71.980462 0.007280  0.086937  -0.004049  0.993357  0.028944  -0.111374  -0.023318  0.998401  0.051491  0.112686  -0.048552  0.992444  0.005208  -0.008859  -0.004084  0.155978  0.488181  0.159492  2.000000  0.999948  0.010041  -0.001609  -0.010036  0.999945  0.003110  0.001640  -0.003094  0.999994  0.999937  0.002786  -0.010848  -0.002745  0.999989  0.003775  0.010858  -0.003745  0.999934  1.000000  0.000135  -0.000038  -0.000135  1.000000  0.000047  0.000038  -0.000047  1.000000  0.999948  0.010041  -0.001609  -0.010036  0.999945  0.003110  0.001640  -0.003094  0.999994  0.000134  0.011814  
71.981463 0.007285  0.086927  -0.004052  0.993312  0.028990  -0.111765  -0.023317  0.998388  0.051743  0.113085  -0.048791  0.992387  0.005223  -0.008935  -0.004035  0.159328  0.492884  0.152955  2.000000  0.999943  0.010571  -0.001762  -0.010565  0.999939  0.003302  0.001797  -0.003283  0.999993  0.999941  0.002570  -0.010590  -0.002530  0.999990  0.003753  0.010600  -0.003726  0.999937  1.000000  0.000131  -0.000039  -0.000131  1.000000  0.000047  0.000039  -0.000047  1.000000  0.999943  0.010571  -0.001762  -0.010565  0.999939  0.003302  0.001797  -0.003283  0.999993  0.000134  0.011521  
71.982465 0.007289  0.086916  -0.004054  0.993266  0.029024  -0.112160  -0.023316  0.998381  0.051873  0.113484  -0.048909  0.992335  0.005222  -0.009035  -0.003899  0.157947  0.498057  0.139614  2.000000  0.999937  0.011089  -0.001920  -0.011082  0.999932  0.003496  0.001959  -0.003474  0.999992  0.999941  0.002368  -0.010600  -0.002327  0.999990  0.003851  0.010609  -0.003827  0.999936  1.000000  0.000129  -0.000041  -0.000129  1.000000  0.000048  0.000041  -0.000048  1.000000  0.999937  0.011089  -0.001920  -0.011082  0.999932  0.003496  0.001959  -0.003474  0.999992  0.000136  0.011520  
71.983716 0.007295  0.086902  -0.004056  0.993221  0.029071  -0.112551  -0.023314  0.998368  0.052125  0.113883  -0.049147  0.992278  0.005277  -0.009060  -0.003582  0.162654  0.502514  0.133991  2.000000  0.999930  0.011603  -0.002088  -0.011596  0.999926  0.003691  0.002131  -0.003666  0.999991  0.999941  0.002166  -0.010609  -0.002124  0.999990  0.003950  0.010618  -0.003928  0.999936  1.000000  0.000128  -0.000043  -0.000128  1.000000  0.000049  0.000043  -0.000049  1.000000  0.999930  0.011603  -0.002088  -0.011596  0.999926  0.003691  0.002131  -0.003666  0.999991  0.000136  0.011523  
71.984718 0.007300  0.086890  -0.004057  0.993175  0.029118  -0.112942  -0.023313  0.998355  0.052376  0.114281  -0.049386  0.992220  0.005256  -0.009159  -0.003241  0.166005  0.502719  0.127179  2.000000  0.999924  0.012107  -0.002259  -0.012098  0.999919  0.003886  0.002306  -0.003858  0.999990  0.999945  0.001950  -0.010352  -0.001910  0.999990  0.003927  0.010359  -0.003907  0.999939  1.000000  0.000124  -0.000044  -0.000124  1.000000  0.000049  0.000044  -0.000049  1.000000  0.999924  0.012107  -0.002259  -0.012098  0.999919  0.003886  0.002306  -0.003858  0.999990  0.000136  0.011239  
71.985968 0.007306  0.086877  -0.004058  0.993114  0.029172  -0.113466  -0.023312  0.998342  0.052631  0.114813  -0.049623  0.992147  0.005247  -0.009248  -0.002797  0.173469  0.503024  0.120361  2.000000  0.999916  0.012719  -0.002476  -0.012709  0.999911  0.004125  0.002528  -0.004094  0.999988  0.999948  0.001735  -0.010094  -0.001697  0.999991  0.003783  0.010101  -0.003766  0.999942  1.000000  0.000120  -0.000045  -0.000120  1.000000  0.000047  0.000045  -0.000047  1.000000  0.999916  0.012719  -0.002476  -0.012709  0.999911  0.004125  0.002528  -0.004094  0.999988  0.000137  0.010916  
71.987215 0.007312  0.086864  -0.004058  0.993067  0.029219  -0.113857  -0.023311  0.998329  0.052882  0.115212  -0.049862  0.992089  0.005161  -0.009390  -0.002361  0.176887  0.494446  0.113169  2.000000  0.999908  0.013307  -0.002695  -0.013295  0.999902  0.004359  0.002753  -0.004323  0.999987  0.999950  0.001519  -0.009837  -0.001484  0.999992  0.003638  0.009842  -0.003624  0.999945  1.000000  0.000116  -0.000045  -0.000116  1.000000  0.000045  0.000045  -0.000045  1.000000  0.999908  0.013307  -0.002695  -0.013295  0.999902  0.004359  0.002753  -0.004323  0.999987  0.000136  0.010595  
71.988472 0.007318  0.086851  -0.004060  0.993026  0.029061  -0.114259  -0.023105  0.998321  0.053110  0.115611  -0.050100  0.992030  0.005101  -0.009536  -0.001994  0.183525  0.485932  0.099013  2.000000  0.999900  0.013853  -0.002903  -0.013840  0.999894  0.004586  0.002967  -0.004545  0.999985  0.999958  0.001277  -0.009045  -0.001245  0.999993  0.003493  0.009050  -0.003482  0.999953  1.000000  0.000106  -0.000043  -0.000106  1.000000  0.000044  0.000043  -0.000044  1.000000  0.999900  0.013853  -0.002903  -0.013840  0.999894  0.004586  0.002967  -0.004545  0.999985  0.000134  0.009778  
71.989714 0.007324  0.086838  -0.004062  0.992995  0.029103  -0.114517  -0.023105  0.998308  0.053359  0.115876  -0.050339  0.991987  0.004985  -0.009752  -0.001829  0.187052  0.473197  0.091663  2.000000  0.999892  0.014361  -0.003118  -0.014346  0.999886  0.004804  0.003186  -0.004758  0.999984  0.999963  0.001047  -0.008521  -0.001018  0.999993  0.003470  0.008524  -0.003461  0.999958  1.000000  0.000099  -0.000042  -0.000099  1.000000  0.000043  0.000042  -0.000043  1.000000  0.999892  0.014361  -0.003118  -0.014346  0.999886  0.004804  0.003186  -0.004758  0.999984  0.000131  0.009258  
71.990964 0.007330  0.086825  -0.004064  0.992964  0.029130  -0.114779  -0.023104  0.998301  0.053486  0.116142  -0.050458  0.991950  0.004886  -0.009993  -0.001670  0.186213  0.459747  0.084140  2.000000  0.999886  0.014745  -0.003286  -0.014729  0.999879  0.004977  0.003359  -0.004928  0.999982  0.999966  0.000830  -0.008264  -0.000803  0.999994  0.003324  0.008267  -0.003318  0.999960  1.000000  0.000095  -0.000043  -0.000095  1.000000  0.000042  0.000043  -0.000042  1.000000  0.999886  0.014745  -0.003286  -0.014729  0.999879  0.004977  0.003359  -0.004928  0.999982  0.000127  0.008945  
71.991964 0.007334  0.086814  -0.004066  0.992948  0.029165  -0.114905  -0.023104  0.998288  0.053731  0.116275  -0.050698  0.991922  0.004743  -0.010299  -0.001616  0.187965  0.451775  0.076491  2.000000  0.999880  0.015111  -0.003451  -0.015093  0.999873  0.005147  0.003529  -0.005094  0.999981  0.999969  0.000606  -0.007873  -0.000580  0.999994  0.003300  0.007875  -0.003296  0.999964  1.000000  0.000089  -0.000043  -0.000089  1.000000  0.000041  0.000043  -0.000041  1.000000  0.999880  0.015111  -0.003451  -0.015093  0.999873  0.005147  0.003529  -0.005094  0.999981  0.000125  0.008558  
71.993210 0.007339  0.086801  -0.004068  0.992933  0.029185  -0.115034  -0.023103  0.998281  0.053855  0.116408  -0.050817  0.991901  0.004632  -0.010511  -0.001592  0.183186  0.434263  0.068891  2.000000  0.999873  0.015536  -0.003654  -0.015516  0.999865  0.005356  0.003737  -0.005298  0.999979  0.999973  0.000376  -0.007349  -0.000352  0.999995  0.003155  0.007350  -0.003152  0.999968  1.000000  0.000082  -0.000042  -0.000082  1.000000  0.000039  0.000042  -0.000039  1.000000  0.999873  0.015536  -0.003654  -0.015516  0.999865  0.005356  0.003737  -0.005298  0.999979  0.000120  0.008006  
71.994220 0.007342  0.086790  -0.004070  0.992917  0.029206  -0.115163  -0.023103  0.998275  0.053980  0.116541  -0.050937  0.991879  0.004528  -0.010660  -0.001575  0.179851  0.420140  0.061783  2.000000  0.999867  0.015855  -0.003815  -0.015834  0.999859  0.005521  0.003902  -0.005459  0.999977  0.999975  0.000363  -0.007082  -0.000340  0.999995  0.003155  0.007083  -0.003152  0.999970  1.000000  0.000079  -0.000040  -0.000079  1.000000  0.000039  0.000040  -0.000039  1.000000  0.999867  0.015855  -0.003815  -0.015834  0.999859  0.005521  0.003902  -0.005459  0.999977  0.000117  0.007761  
71.995461 0.007347  0.086776  -0.004072  0.992902  0.029227  -0.115292  -0.023102  0.998268  0.054104  0.116674  -0.051056  0.991857  0.004447  -0.010731  -0.001511  0.169582  0.399279  0.053703  2.000000  0.999860  0.016226  -0.004010  -0.016203  0.999852  0.005729  0.004103  -0.005663  0.999976  0.999978  0.000133  -0.006558  -0.000111  0.999995  0.003252  0.006558  -0.003251  0.999973  1.000000  0.000072  -0.000040  -0.000072  1.000000  0.000041  0.000040  -0.000041  1.000000  0.999860  0.016226  -0.004010  -0.016203  0.999852  0.005729  0.004103  -0.005663  0.999976  0.000109  0.007321  
71.996462 0.007350  0.086765  -0.004072  0.992886  0.029248  -0.115421  -0.023102  0.998261  0.054228  0.116807  -0.051176  0.991835  0.004352  -0.010760  -0.001345  0.164780  0.381762  0.046083  2.000000  0.999855  0.016498  -0.004159  -0.016474  0.999847  0.005894  0.004255  -0.005825  0.999974  0.999982  0.000106  -0.006023  -0.000086  0.999995  0.003252  0.006024  -0.003251  0.999977  1.000000  0.000066  -0.000037  -0.000066  1.000000  0.000041  0.000037  -0.000041  1.000000  0.999855  0.016498  -0.004159  -0.016474  0.999847  0.005894  0.004255  -0.005825  0.999974  0.000105  0.006846  
71.997473 0.007353  0.086755  -0.004072  0.992875  0.029077  -0.115558  -0.022897  0.998254  0.054449  0.116939  -0.051415  0.991807  0.004264  -0.010667  -0.001142  0.165356  0.358234  0.038349  2.000000  0.999850  0.016751  -0.004305  -0.016725  0.999842  0.006060  0.004406  -0.005987  0.999972  0.999983  -0.000111  -0.005767  0.000130  0.999995  0.003228  0.005766  -0.003228  0.999978  1.000000  0.000062  -0.000037  -0.000062  1.000000  0.000040  0.000037  -0.000040  1.000000  0.999850  0.016751  -0.004305  -0.016725  0.999842  0.006060  0.004406  -0.005987  0.999972  0.000099  0.006610  
71.998709 0.007357  0.086742  -0.004070  0.992859  0.029098  -0.115687  -0.022897  0.998247  0.054574  0.117072  -0.051535  0.991785  0.004177  -0.010681  -0.000938  0.159229  0.337879  0.030411  2.000000  0.999846  0.016991  -0.004448  -0.016963  0.999837  0.006230  0.004553  -0.006153  0.999971  0.999985  -0.000124  -0.005500  0.000142  0.999994  0.003349  0.005499  -0.003350  0.999979  1.000000  0.000059  -0.000036  -0.000059  1.000000  0.000042  0.000036  -0.000042  1.000000  0.999846  0.016991  -0.004448  -0.016963  0.999837  0.006230  0.004553  -0.006153  0.999971  0.000095  0.006440  
71.999960 0.007361  0.086728  -0.004068  0.992844  0.029133  -0.115813  -0.022897  0.998234  0.054819  0.117205  -0.051775  0.991757  0.004025  -0.010641  -0.000691  0.158484  0.315980  0.022575  2.000000  0.999840  0.017268  -0.004614  -0.017238  0.999831  0.006442  0.004725  -0.006361  0.999969  0.999987  -0.000144  -0.005099  0.000161  0.999994  0.003349  0.005098  -0.003349  0.999981  1.000000  0.000054  -0.000034  -0.000054  1.000000  0.000042  0.000034  -0.000042  1.000000  0.999840  0.017268  -0.004614  -0.017238  0.999831  0.006442  0.004725  -0.006361  0.999969  0.000090  0.006102  
72.000968 0.007364  0.086717  -0.004067  0.992844  0.029147  -0.115809  -0.022897  0.998227  0.054940  0.117205  -0.051895  0.991751  0.003893  -0.010679  -0.000602  0.154896  0.296389  0.014824  2.000000  0.999840  0.017268  -0.004614  -0.017238  0.999831  0.006442  0.004725  -0.006361  0.999969  0.999989  -0.000164  -0.004698  0.000180  0.999994  0.003349  0.004697  -0.003349  0.999983  1.000000  0.000000  0.000000  0.000000  1.000000  0.000000  0.000000  0.000000  1.000000  0.999840  0.017268  -0.004614  -0.017238  0.999831  0.006442  0.004725  -0.006361  0.999969  0.000085  0.000000  
72.002210 0.007368  0.086702  -0.004066  0.992844  0.029175  -0.115802  -0.022897  0.998214  0.055182  0.117205  -0.052136  0.991738  0.003761  -0.010763  -0.000504  0.157709  0.276211  0.013865  2.000000  0.999840  0.017268  -0.004614  -0.017238  0.999831  0.006442  0.004725  -0.006361  0.999969  0.999991  -0.000191  -0.004163  0.000205  0.999994  0.003348  0.004163  -0.003349  0.999986  1.000000  0.000000  0.000000  0.000000  1.000000  0.000000  0.000000  0.000000  1.000000  0.999840  0.017268  -0.004614  -0.017238  0.999831  0.006442  0.004725  -0.006361  0.999969  0.000080  0.000000  
72.003464 0.007373  0.086688  -0.004065  0.992828  0.029210  -0.115928  -0.022896  0.998200  0.055427  0.117338  -0.052375  0.991710  0.003643  -0.010849  -0.000348  0.156915  0.263161  0.006447  2.000000  0.999840  0.017268  -0.004614  -0.017238  0.999831  0.006442  0.004725  -0.006361  0.999969  0.999992  -0.000204  -0.003896  0.000217  0.999994  0.003348  0.003896  -0.003349  0.999987  1.000000  0.000000  0.000000  0.000000  1.000000  0.000000  0.000000  0.000000  1.000000  0.999840  0.017268  -0.004614  -0.017238  0.999831  0.006442  0.004725  -0.006361  0.999969  0.000078  0.000000  
72.004465 0.007376  0.086676  -0.004065  0.992828  0.029224  -0.115924  -0.022896  0.998193  0.055548  0.117338  -0.052496  0.991704  0.003520  -0.010942  -0.000230  0.157479  0.247804  -0.001242  2.000000  0.999840  0.017268  -0.004614  -0.017238  0.999831  0.006442  0.004725  -0.006361  0.999969  0.999994  -0.000225  -0.003496  0.000236  0.999994  0.003348  0.003495  -0.003349  0.999988  1.000000  0.000000  0.000000  0.000000  1.000000  0.000000  0.000000  0.000000  1.000000  0.999840  0.017268  -0.004614  -0.017238  0.999831  0.006442  0.004725  -0.006361  0.999969  0.000074  0.000000  
72.005710 0.007380  0.086662  -0.004065  0.992828  0.029238  -0.115921  -0.022896  0.998187  0.055669  0.117338  -0.052616  0.991697  0.003407  -0.011025  -0.000173  0.156122  0.227857  -0.002104  2.000000  0.999840  0.017268  -0.004614  -0.017238  0.999831  0.006442  0.004725  -0.006361  0.999969  0.999996  -0.000253  -0.002961  0.000262  0.999995  0.003106  0.002960  -0.003106  0.999991  1.000000  0.000000  0.000000  0.000000  1.000000  0.000000  0.000000  0.000000  1.000000  0.999840  0.017268  -0.004614  -0.017238  0.999831  0.006442  0.004725  -0.006361  0.999969  0.000071  0.000000  
72.006714 0.007383  0.086651  -0.004066  0.992828  0.029252  -0.115917  -0.022896  0.998180  0.055790  0.117338  -0.052736  0.991691  0.003335  -0.011088  -0.000030  0.157416  0.211786  -0.003006  2.000000  0.999840  0.017268  -0.004614  -0.017238  0.999831  0.006442  0.004725  -0.006361  0.999969  0.999996  -0.000266  -0.002694  0.000275  0.999995  0.003106  0.002693  -0.003106  0.999992  1.000000  0.000000  0.000000  0.000000  1.000000  0.000000  0.000000  0.000000  1.000000  0.999840  0.017268  -0.004614  -0.017238  0.999831  0.006442  0.004725  -0.006361  0.999969  0.000067  0.000000  
72.007963 0.007387  0.086637  -0.004066  0.992848  0.029054  -0.115792  -0.022692  0.998179  0.055885  0.117205  -0.052857  0.991700  0.003258  -0.011128  0.000171  0.156654  0.185228  -0.011220  2.000000  0.999840  0.017268  -0.004614  -0.017238  0.999831  0.006442  0.004725  -0.006361  0.999969  0.999998  -0.000506  -0.002037  0.000512  0.999995  0.002960  0.002035  -0.002961  0.999994  1.000000  0.000000  0.000000  0.000000  1.000000  0.000000  0.000000  0.000000  1.000000  0.999840  0.017268  -0.004614  -0.017238  0.999831  0.006442  0.004725  -0.006361  0.999969  0.000062  0.000000  
72.009213 0.007392  0.086624  -0.004066  0.992848  0.029068  -0.115789  -0.022692  0.998173  0.056006  0.117205  -0.052978  0.991694  0.003310  -0.011081  0.000327  0.000000  0.000000  0.000000  2.000000  0.999840  0.017268  -0.004614  -0.017238  0.999831  0.006442  0.004725  -0.006361  0.999969  0.999999  -0.000527  -0.001636  0.000532  0.999996  0.002839  0.001634  -0.002840  0.999995  1.000000  0.000000  0.000000  0.000000  1.000000  0.000000  0.000000  0.000000  1.000000  0.999840  0.017268  -0.004614  -0.017238  0.999831  0.006442  0.004725  -0.006361  0.999969  0.000000  0.000000  
72.010217 0.007396  0.086613  -0.004066  0.992864  0.029075  -0.115653  -0.022693  0.998166  0.056124  0.117072  -0.053099  0.991703  0.003313  -0.011083  0.000402  0.000000  0.000000  0.000000  2.000000  0.999840  0.017268  -0.004614  -0.017238  0.999831  0.006442  0.004725  -0.006361  0.999969  0.999999  -0.000337  -0.001358  0.000341  0.999996  0.002863  0.001357  -0.002863  0.999995  1.000000  0.000000  0.000000  0.000000  1.000000  0.000000  0.000000  0.000000  1.000000  0.999840  0.017268  -0.004614  -0.017238  0.999831  0.006442  0.004725  -0.006361  0.999969  0.000000  0.000000  
72.011462 0.007400  0.086599  -0.004067  0.992859  0.029294  -0.115638  -0.022897  0.998153  0.056269  0.117072  -0.053219  0.991696  0.003341  -0.011097  0.000331  0.000000  0.000000  0.000000  2.000000  0.999840  0.017268  -0.004614  -0.017238  0.999831  0.006442  0.004725  -0.006361  0.999969  1.000000  -0.000154  -0.000946  0.000157  0.999996  0.002766  0.000946  -0.002766  0.999996  1.000000  0.000000  0.000000  0.000000  1.000000  0.000000  0.000000  0.000000  1.000000  0.999840  0.017268  -0.004614  -0.017238  0.999831  0.006442  0.004725  -0.006361  0.999969  0.000000  0.000000  
72.012467 0.007404  0.086588  -0.004068  0.992875  0.029301  -0.115501  -0.022897  0.998146  0.056387  0.116939  -0.053340  0.991706  0.003421  -0.011162  0.000245  0.000000  0.000000  0.000000  2.000000  0.999840  0.017268  -0.004614  -0.017238  0.999831  0.006442  0.004725  -0.006361  0.999969  1.000000  -0.000168  -0.000679  0.000170  0.999996  0.002766  0.000679  -0.002766  0.999996  1.000000  0.000000  0.000000  0.000000  1.000000  0.000000  0.000000  0.000000  1.000000  0.999840  0.017268  -0.004614  -0.017238  0.999831  0.006442  0.004725  -0.006361  0.999969  0.000000  0.000000  
72.013711 0.007409  0.086573  -0.004070  0.992891  0.029308  -0.115365  -0.022898  0.998140  0.056505  0.116807  -0.053461  0.991715  0.003436  -0.011264  -0.000042  0.000000  0.000000  0.000000  2.000000  0.999840  0.017268  -0.004614  -0.017238  0.999831  0.006442  0.004725  -0.006361  0.999969  1.000000  -0.000183  -0.000412  0.000184  0.999996  0.002766  0.000411  -0.002766  0.999996  1.000000  0.000000  0.000000  0.000000  1.000000  0.000000  0.000000  0.000000  1.000000  0.999840  0.017268  -0.004614  -0.017238  0.999831  0.006442  0.004725  -0.006361  0.999969  0.000000  0.000000  
72.014959 0.007414  0.086558  -0.004072  0.992891  0.029322  -0.115362  -0.022898  0.998133  0.056626  0.116807  -0.053582  0.991708  0.003515  -0.011337  -0.000260  0.000000  0.000000  0.000000  2.000000  0.999840  0.017268  -0.004614  -0.017238  0.999831  0.006442  0.004725  -0.006361  0.999969  1.000000  -0.000190  -0.000278  0.000191  0.999996  0.002766  0.000278  -0.002766  0.999996  1.000000  0.000000  0.000000  0.000000  1.000000  0.000000  0.000000  0.000000  1.000000  0.999840  0.017268  -0.004614  -0.017238  0.999831  0.006442  0.004725  -0.006361  0.999969  0.000000  0.000000  
72.015963 0.007417  0.086546  -0.004074  0.992906  0.029329  -0.115225  -0.022898  0.998126  0.056744  0.116674  -0.053703  0.991717  0.003537  -0.011427  -0.000511  0.000000  0.000000  0.000000  2.000000  0.999840  0.017268  -0.004614  -0.017238  0.999831  0.006442  0.004725  -0.006361  0.999969  1.000000  -0.000197  -0.000145  0.000197  0.999996  0.002645  0.000144  -0.002645  0.999996  1.000000  0.000000  0.000000  0.000000  1.000000  0.000000  0.000000  0.000000  1.000000  0.999840  0.017268  -0.004614  -0.017238  0.999831  0.006442  0.004725  -0.006361  0.999969  0.000000  0.000000  
72.017220 0.007422  0.086531  -0.004076  0.992906  0.029357  -0.115218  -0.022898  0.998112  0.056986  0.116674  -0.053943  0.991704  0.003633  -0.011609  -0.000705  0.000000  0.000000  0.000000  2.000000  0.999840  0.017268  -0.004614  -0.017238  0.999831  0.006442  0.004725  -0.006361  0.999969  1.000000  -0.000204  -0.000011  0.000204  0.999996  0.002766  0.000011  -0.002766  0.999996  1.000000  0.000000  0.000000  0.000000  1.000000  0.000000  0.000000  0.000000  1.000000  0.999840  0.017268  -0.004614  -0.017238  0.999831  0.006442  0.004725  -0.006361  0.999969  0.000000  0.000000  
72.018225 0.007426  0.086518  -0.004077  0.992906  0.029371  -0.115215  -0.022898  0.998105  0.057107  0.116674  -0.054064  0.991698  0.003599  -0.011510  -0.000824  0.000000  0.000000  0.000000  2.000000  0.999840  0.017268  -0.004614  -0.017238  0.999831  0.006442  0.004725  -0.006361  0.999969  1.000000  -0.000007  0.000134  0.000007  0.999996  0.002790  -0.000134  -0.002790  0.999996  1.000000  0.000000  0.000000  0.000000  1.000000  0.000000  0.000000  0.000000  1.000000  0.999840  0.017268  -0.004614  -0.017238  0.999831  0.006442  0.004725  -0.006361  0.999969  0.000000  0.000000  
