1-Time 2-Px 3-Py 4-Pz 5-R11 6-R21 7-R31 8-R12 9-R22 10-R32 11-R13 12-R23 13-R33 14-Vx 15-Vy 16-Vz 17-Wx 18-Wy 19-Wz 20-state 21-PR11 22-PR21 23-PR31 24-PR12 25-PR22 26-PR32 27-PR13 28-PR23 29-PR33 
47.010632 0.010504  0.089521  0.008417  0.975508  0.151688  -0.159297  0.147513  0.086075  0.985308  0.163170  -0.984674  0.061591  0.000121  0.000377  0.000074  0.000000  0.000000  0.000000  2.000000  1.000000  0.000000  0.000000  0.000000  -0.000000  1.000000  0.000000  -1.000000  -0.000000  1.000000  -0.000401  0.000025  0.000401  1.000000  0.000121  -0.000025  -0.000121  1.000000  1.000000  0.000000  0.000000  0.000000  1.000000  0.000000  0.000000  0.000000  1.000000  0.711479  0.548451  0.439317  -0.482556  -0.073134  0.872806  0.510821  -0.832978  0.212625  0.000000  0.000000  
47.011638 0.010504  0.089521  0.008418  0.975508  0.151688  -0.159297  0.147513  0.086075  0.985308  0.163170  -0.984674  0.061591  0.000176  0.000373  0.000079  0.000000  0.000000  0.000000  2.000000  1.000000  0.000000  0.000000  0.000000  -0.000000  1.000000  0.000000  -1.000000  -0.000000  1.000000  -0.000267  0.000017  0.000267  1.000000  0.000121  -0.000017  -0.000121  1.000000  1.000000  0.000000  0.000000  0.000000  1.000000  0.000000  0.000000  0.000000  1.000000  1.000000  0.000000  0.000000  0.000000  -0.000000  1.000000  0.000000  -1.000000  -0.000000  0.000000  0.000000  
47.012640 0.010506  0.089520  0.008419  0.975564  0.152149  -0.158510  0.146700  0.086009  0.985435  0.163566  -0.984608  0.061587  0.000275  0.000295  0.000197  0.000000  0.000000  0.000000  2.000000  1.000000  0.000000  0.000000  0.000000  -0.000000  1.000000  0.000000  -1.000000  -0.000000  1.000000  0.000038  0.000608  -0.000038  1.000000  0.000222  -0.000608  -0.000222  1.000000  1.000000  0.000000  0.000000  0.000000  1.000000  0.000000  0.000000  0.000000  1.000000  1.000000  0.000000  0.000000  0.000000  -0.000000  1.000000  0.000000  -1.000000  -0.000000  0.000000  0.000000  
47.013643 0.010508  0.089519  0.008423  0.975649  0.152629  -0.157520  0.145686  0.085910  0.985594  0.163962  -0.984542  0.061582  0.000404  0.000200  0.000398  0.000000  0.000000  0.000000  2.000000  1.000000  0.000000  0.000000  0.000000  -0.000000  1.000000  0.000000  -1.000000  -0.000000  0.999999  0.000635  0.001588  -0.000636  1.000000  0.000390  -0.001588  -0.000391  0.999999  1.000000  0.000000  0.000000  0.000000  1.000000  0.000000  0.000000  0.000000  1.000000  1.000000  0.000000  0.000000  0.000000  -0.000000  1.000000  0.000000  -1.000000  -0.000000  0.000000  0.000000  
47.014643 0.010511  0.089518  0.008426  0.975712  0.153238  -0.156538  0.144669  0.085830  0.985750  0.164490  -0.984455  0.061577  0.000596  0.000074  0.000619  0.000000  0.000000  0.000000  2.000000  1.000000  0.000000  0.000000  0.000000  -0.000000  1.000000  0.000000  -1.000000  -0.000000  0.999996  0.001233  0.002568  -0.001234  0.999999  0.000559  -0.002568  -0.000562  0.999997  1.000000  0.000000  0.000000  0.000000  1.000000  0.000000  0.000000  0.000000  1.000000  1.000000  0.000000  0.000000  0.000000  -0.000000  1.000000  0.000000  -1.000000  -0.000000  0.000000  0.000000  
47.015892 0.010514  0.089516  0.008430  0.975751  0.153978  -0.155564  0.143649  0.085769  0.985905  0.165150  -0.984345  0.061570  0.000785  -0.000101  0.000899  0.000000  0.000000  0.000000  2.000000  1.000000  0.000000  0.000000  0.000000  -0.000000  1.000000  0.000000  -1.000000  -0.000000  0.999992  0.001830  0.003549  -0.001832  0.999998  0.000727  -0.003547  -0.000733  0.999993  1.000000  0.000000  0.000000  0.000000  1.000000  0.000000  0.000000  0.000000  1.000000  1.000000  0.000000  0.000000  0.000000  -0.000000  1.000000  0.000000  -1.000000  -0.000000  0.000000  0.000000  
47.016900 0.010517  0.089513  0.008433  0.975774  0.154441  -0.154961  0.143036  0.085611  0.986008  0.165546  -0.984286  0.061447  0.001008  -0.000289  0.001115  0.000000  0.000000  0.000000  2.000000  1.000000  0.000000  0.000000  0.000000  -0.000000  1.000000  0.000000  -1.000000  -0.000000  0.999989  0.002267  0.004132  -0.002271  0.999997  0.000949  -0.004130  -0.000958  0.999991  1.000000  0.000000  0.000000  0.000000  1.000000  0.000000  0.000000  0.000000  1.000000  1.000000  0.000000  0.000000  0.000000  -0.000000  1.000000  0.000000  -1.000000  -0.000000  0.000000  0.000000  
47.018146 0.010523  0.089511  0.008438  0.975833  0.155050  -0.153979  0.142019  0.085528  0.986162  0.166074  -0.984197  0.061441  0.001347  -0.000470  0.001444  0.038928  -0.178493  0.096735  2.000000  1.000000  0.000036  0.000064  -0.000064  -0.000013  1.000000  0.000036  -1.000000  -0.000013  0.999983  0.002864  0.005112  -0.002869  0.999995  0.000995  -0.005109  -0.001010  0.999986  1.000000  0.000036  0.000064  -0.000036  1.000000  0.000013  -0.000064  -0.000013  1.000000  1.000000  0.000036  0.000064  -0.000064  -0.000013  1.000000  0.000036  -1.000000  -0.000013  0.000050  0.005945  
47.019387 0.010529  0.089509  0.008445  0.975882  0.156067  -0.152633  0.140590  0.085556  0.986364  0.166997  -0.984034  0.061551  0.001803  -0.000643  0.001886  0.042956  -0.224237  0.131176  2.000000  1.000000  0.000248  0.000432  -0.000432  -0.000078  1.000000  0.000248  -1.000000  -0.000078  0.999972  0.003753  0.006481  -0.003760  0.999992  0.001109  -0.006476  -0.001134  0.999978  1.000000  0.000047  0.000081  -0.000047  1.000000  0.000014  -0.000081  -0.000014  1.000000  1.000000  0.000248  0.000432  -0.000432  -0.000078  1.000000  0.000248  -1.000000  -0.000078  0.000063  0.007573  
47.020389 0.010535  0.089507  0.008451  0.975951  0.156954  -0.151280  0.139165  0.085562  0.986566  0.167789  -0.983893  0.061662  0.002163  -0.000814  0.002284  0.046993  -0.270173  0.161090  2.000000  1.000000  0.000470  0.000792  -0.000792  -0.000137  1.000000  0.000470  -1.000000  -0.000137  0.999959  0.004763  0.007638  -0.004773  0.999988  0.001189  -0.007632  -0.001225  0.999970  1.000000  0.000060  0.000095  -0.000060  1.000000  0.000015  -0.000095  -0.000015  1.000000  1.000000  0.000470  0.000792  -0.000792  -0.000137  1.000000  0.000470  -1.000000  -0.000137  0.000075  0.009082  
47.021395 0.010540  0.089506  0.008457  0.976017  0.157841  -0.149926  0.137739  0.085566  0.986766  0.168580  -0.983750  0.061773  0.002492  -0.000924  0.002686  0.051038  -0.315763  0.195460  2.000000  0.999999  0.000738  0.001223  -0.001223  -0.000204  0.999999  0.000739  -1.000000  -0.000203  0.999942  0.005665  0.009209  -0.005677  0.999983  0.001336  -0.009201  -0.001388  0.999957  1.000000  0.000071  0.000115  -0.000071  1.000000  0.000017  -0.000115  -0.000017  1.000000  0.999999  0.000738  0.001223  -0.001223  -0.000204  0.999999  0.000739  -1.000000  -0.000203  0.000091  0.010897  
47.022638 0.010546  0.089506  0.008463  0.976085  0.158876  -0.148377  0.136110  0.085552  0.986993  0.169503  -0.983585  0.061882  0.002872  -0.000921  0.003109  0.056340  -0.368290  0.230352  2.000000  0.999998  0.001136  0.001854  -0.001854  -0.000296  0.999998  0.001137  -0.999999  -0.000294  0.999919  0.006833  0.010763  -0.006850  0.999975  0.001483  -0.010752  -0.001556  0.999941  1.000000  0.000086  0.000134  -0.000086  1.000000  0.000019  -0.000134  -0.000019  1.000000  0.999998  0.001136  0.001854  -0.001854  -0.000296  0.999998  0.001137  -0.999999  -0.000294  0.000107  0.012839  
47.023642 0.010550  0.089507  0.008467  0.976145  0.159763  -0.147023  0.134684  0.085551  0.987188  0.170294  -0.983441  0.061993  0.003126  -0.000897  0.003404  0.060488  -0.414146  0.260249  2.000000  0.999996  0.001504  0.002426  -0.002425  -0.000376  0.999997  0.001505  -0.999999  -0.000373  0.999899  0.007710  0.011928  -0.007729  0.999969  0.001563  -0.011915  -0.001655  0.999928  1.000000  0.000096  0.000149  -0.000096  1.000000  0.000020  -0.000149  -0.000020  1.000000  0.999996  0.001504  0.002426  -0.002425  -0.000376  0.999997  0.001505  -0.999999  -0.000373  0.000120  0.014294  
47.024890 0.010555  0.089508  0.008472  0.976185  0.160912  -0.145502  0.133052  0.085670  0.987400  0.171349  -0.983244  0.062220  0.003444  -0.000905  0.003720  0.061835  -0.466294  0.299636  2.000000  0.999993  0.002025  0.003232  -0.003231  -0.000485  0.999995  0.002027  -0.999998  -0.000478  0.999871  0.008745  0.013490  -0.008769  0.999960  0.001709  -0.013474  -0.001828  0.999908  1.000000  0.000109  0.000169  -0.000109  1.000000  0.000022  -0.000169  -0.000022  1.000000  0.999993  0.002025  0.003232  -0.003231  -0.000485  0.999995  0.002027  -0.999998  -0.000478  0.000135  0.016174  
47.026142 0.010560  0.089507  0.008479  0.976247  0.162078  -0.143777  0.131218  0.085751  0.987638  0.172404  -0.983045  0.062447  0.003774  -0.000924  0.004150  0.064445  -0.525592  0.339700  2.000000  0.999989  0.002503  0.003967  -0.003966  -0.000575  0.999992  0.002506  -0.999997  -0.000565  0.999835  0.009927  0.015244  -0.009955  0.999949  0.001768  -0.015226  -0.001920  0.999882  1.000000  0.000124  0.000190  -0.000124  1.000000  0.000023  -0.000190  -0.000023  1.000000  0.999989  0.002503  0.003967  -0.003966  -0.000575  0.999992  0.002506  -0.999997  -0.000565  0.000153  0.018286  
47.027387 0.010565  0.089507  0.008486  0.976282  0.163358  -0.142081  0.129382  0.085966  0.987861  0.173590  -0.982814  0.062791  0.004022  -0.000921  0.004495  0.058930  -0.583945  0.383856  2.000000  0.999982  0.003179  0.004993  -0.004990  -0.000692  0.999987  0.003183  -0.999995  -0.000676  0.999787  0.011391  0.017182  -0.011422  0.999933  0.001740  -0.017161  -0.001935  0.999851  1.000000  0.000143  0.000215  -0.000143  1.000000  0.000023  -0.000215  -0.000023  1.000000  0.999982  0.003179  0.004993  -0.004990  -0.000692  0.999987  0.003183  -0.999995  -0.000676  0.000173  0.020698  
47.028388 0.010570  0.089507  0.008492  0.976280  0.164343  -0.140959  0.128155  0.086123  0.988008  0.174512  -0.982636  0.063019  0.004145  -0.000852  0.004694  0.058082  -0.622747  0.417957  2.000000  0.999976  0.003783  0.005885  -0.005882  -0.000784  0.999982  0.003788  -0.999993  -0.000762  0.999753  0.012537  0.018328  -0.012570  0.999920  0.001696  -0.018305  -0.001926  0.999831  1.000000  0.000157  0.000229  -0.000157  1.000000  0.000023  -0.000229  -0.000023  1.000000  0.999976  0.003783  0.005885  -0.005882  -0.000784  0.999982  0.003788  -0.999993  -0.000762  0.000186  0.022281  
47.029637 0.010576  0.089508  0.008500  0.976280  0.165607  -0.139467  0.126520  0.086364  0.988197  0.175697  -0.982403  0.063363  0.004343  -0.000687  0.004946  0.055123  -0.668638  0.462549  2.000000  0.999964  0.004609  0.007081  -0.007077  -0.000895  0.999975  0.004615  -0.999989  -0.000863  0.999713  0.013698  0.019673  -0.013731  0.999904  0.001566  -0.019650  -0.001836  0.999805  1.000000  0.000171  0.000246  -0.000171  1.000000  0.000021  -0.000246  -0.000021  1.000000  0.999964  0.004609  0.007081  -0.007077  -0.000895  0.999975  0.004615  -0.999989  -0.000863  0.000201  0.024035  
47.030642 0.010581  0.089508  0.008507  0.976270  0.166428  -0.138561  0.125497  0.086654  0.988302  0.176488  -0.982239  0.063711  0.004555  -0.000543  0.005178  0.049497  -0.706170  0.495463  2.000000  0.999953  0.005327  0.008100  -0.008095  -0.000981  0.999967  0.005334  -0.999985  -0.000937  0.999675  0.014713  0.020824  -0.014746  0.999890  0.001403  -0.020801  -0.001710  0.999782  1.000000  0.000184  0.000260  -0.000184  1.000000  0.000019  -0.000260  -0.000019  1.000000  0.999953  0.005327  0.008100  -0.008095  -0.000981  0.999967  0.005334  -0.999985  -0.000937  0.000214  0.025548  
47.031895 0.010588  0.089506  0.008514  0.976265  0.167842  -0.136875  0.123658  0.086870  0.988515  0.177805  -0.981979  0.064053  0.004715  -0.000505  0.005417  0.048387  -0.764415  0.544405  2.000000  0.999935  0.006292  0.009457  -0.009450  -0.001080  0.999955  0.006302  -0.999980  -0.001021  0.999622  0.016024  0.022360  -0.016054  0.999870  0.001186  -0.022338  -0.001544  0.999749  1.000000  0.000201  0.000279  -0.000201  1.000000  0.000017  -0.000279  -0.000017  1.000000  0.999935  0.006292  0.009457  -0.009450  -0.001080  0.999955  0.006302  -0.999980  -0.001021  0.000231  0.027546  
47.033145 0.010595  0.089501  0.008522  0.976280  0.169110  -0.135202  0.121822  0.087185  0.988715  0.178989  -0.981733  0.064516  0.004840  -0.000688  0.005587  0.043216  -0.822721  0.588809  2.000000  0.999914  0.007330  0.010893  -0.010884  -0.001172  0.999940  0.007342  -0.999972  -0.001092  0.999585  0.016895  0.023314  -0.016922  0.999856  0.000999  -0.023293  -0.001393  0.999728  1.000000  0.000211  0.000291  -0.000211  1.000000  0.000015  -0.000291  -0.000015  1.000000  0.999914  0.007330  0.010893  -0.010884  -0.001172  0.999940  0.007342  -0.999972  -0.001092  0.000249  0.028820  
47.034395 0.010603  0.089494  0.008531  0.976241  0.170508  -0.133721  0.120185  0.087427  0.988894  0.180306  -0.981470  0.064857  0.004918  -0.000979  0.005748  0.041069  -0.873934  0.637235  2.000000  0.999893  0.008205  0.012084  -0.012074  -0.001233  0.999926  0.008219  -0.999966  -0.001134  0.999551  0.017887  0.024055  -0.017911  0.999839  0.000780  -0.024037  -0.001210  0.999710  1.000000  0.000224  0.000301  -0.000224  1.000000  0.000012  -0.000301  -0.000012  1.000000  0.999893  0.008205  0.012084  -0.012074  -0.001233  0.999926  0.008219  -0.999966  -0.001134  0.000268  0.029997  
47.035641 0.010612  0.089486  0.008538  0.976197  0.171908  -0.132241  0.118547  0.087664  0.989071  0.181622  -0.981205  0.065198  0.005018  -0.001395  0.005743  0.039004  -0.925300  0.685812  2.000000  0.999864  0.009344  0.013593  -0.013582  -0.001296  0.999907  0.009361  -0.999956  -0.001169  0.999529  0.018587  0.024406  -0.018605  0.999827  0.000501  -0.024393  -0.000954  0.999702  1.000000  0.000232  0.000305  -0.000232  1.000000  0.000009  -0.000305  -0.000009  1.000000  0.999864  0.009344  0.013593  -0.013582  -0.001296  0.999907  0.009361  -0.999956  -0.001169  0.000286  0.030692  
47.036646 0.010618  0.089479  0.008543  0.976100  0.173287  -0.131148  0.117312  0.087848  0.989202  0.182937  -0.980946  0.065420  0.005130  -0.001820  0.005665  0.038683  -0.962856  0.733299  2.000000  0.999837  0.010294  0.014822  -0.014809  -0.001336  0.999889  0.010313  -0.999946  -0.001184  0.999507  0.019288  0.024758  -0.019300  0.999814  0.000219  -0.024749  -0.000696  0.999693  1.000000  0.000241  0.000309  -0.000241  1.000000  0.000006  -0.000309  -0.000006  1.000000  0.999837  0.010294  0.014822  -0.014809  -0.001336  0.999889  0.010313  -0.999946  -0.001184  0.000299  0.031393  
47.037892 0.010627  0.089468  0.008545  0.976000  0.174800  -0.129881  0.115874  0.088129  0.989347  0.184384  -0.980652  0.065759  0.005385  -0.002580  0.005403  0.035554  -1.006808  0.790453  2.000000  0.999799  0.011546  0.016384  -0.016369  -0.001370  0.999865  0.011567  -0.999932  -0.001181  0.999477  0.020390  0.025082  -0.020391  0.999792  -0.000184  -0.025081  -0.000328  0.999685  1.000000  0.000255  0.000314  -0.000255  1.000000  0.000001  -0.000314  -0.000001  1.000000  0.999799  0.011546  0.016384  -0.016369  -0.001370  0.999865  0.011567  -0.999932  -0.001181  0.000318  0.032330  
47.039135 0.010635  0.089455  0.008544  0.975871  0.176443  -0.128625  0.114433  0.088420  0.989488  0.185962  -0.980331  0.066096  0.005610  -0.003505  0.005000  0.032640  -1.050850  0.847743  2.000000  0.999756  0.012853  0.017959  -0.017943  -0.001391  0.999838  0.012876  -0.999916  -0.001160  0.999457  0.021211  0.025220  -0.021209  0.999775  -0.000370  -0.025222  -0.000165  0.999682  1.000000  0.000265  0.000315  -0.000265  1.000000  -0.000001  -0.000315  0.000001  1.000000  0.999756  0.012853  0.017959  -0.017943  -0.001391  0.999838  0.012876  -0.999916  -0.001160  0.000335  0.032960  
47.040141 0.010642  0.089444  0.008542  0.975788  0.177694  -0.127524  0.113201  0.088578  0.989616  0.187145  -0.980091  0.066318  0.005843  -0.004317  0.004576  0.032424  -1.088681  0.890805  2.000000  0.999718  0.013930  0.019219  -0.019201  -0.001401  0.999815  0.013955  -0.999902  -0.001133  0.999446  0.021751  0.025176  -0.021743  0.999763  -0.000594  -0.025183  0.000046  0.999683  1.000000  0.000272  0.000315  -0.000272  1.000000  -0.000004  -0.000315  0.000004  1.000000  0.999718  0.013930  0.019219  -0.019201  -0.001401  0.999815  0.013955  -0.999902  -0.001133  0.000349  0.033278  
47.041383 0.010650  0.089427  0.008538  0.975701  0.179078  -0.126251  0.111766  0.088831  0.989756  0.188459  -0.979816  0.066658  0.005977  -0.005336  0.003906  0.029247  -1.124023  0.931490  2.000000  0.999667  0.015299  0.020776  -0.020756  -0.001406  0.999784  0.015325  -0.999882  -0.001088  0.999452  0.021998  0.024742  -0.021989  0.999758  -0.000634  -0.024750  0.000089  0.999694  1.000000  0.000275  0.000309  -0.000275  1.000000  -0.000005  -0.000309  0.000004  1.000000  0.999667  0.015299  0.020776  -0.020756  -0.001406  0.999784  0.015325  -0.999882  -0.001088  0.000365  0.033115  
47.042384 0.010657  0.089415  0.008535  0.975662  0.180069  -0.125134  0.110541  0.088954  0.989883  0.189379  -0.979624  0.066884  0.006102  -0.006095  0.003282  0.025508  -1.142587  0.955218  2.000000  0.999634  0.016134  0.021705  -0.021685  -0.001404  0.999764  0.016161  -0.999869  -0.001054  0.999438  0.022416  0.024910  -0.022403  0.999749  -0.000827  -0.024922  0.000269  0.999689  1.000000  0.000280  0.000312  -0.000280  1.000000  -0.000007  -0.000312  0.000007  1.000000  0.999634  0.016134  0.021705  -0.021685  -0.001404  0.999764  0.016161  -0.999869  -0.001054  0.000372  0.033522  
47.043387 0.010662  0.089403  0.008531  0.975573  0.181188  -0.124209  0.109514  0.089005  0.989992  0.190430  -0.979413  0.066988  0.006141  -0.006947  0.002592  0.022435  -1.141408  0.973263  2.000000  0.999588  0.017261  0.022939  -0.022918  -0.001398  0.999736  0.017289  -0.999850  -0.001001  0.999438  0.022676  0.024680  -0.022659  0.999743  -0.000961  -0.024696  0.000402  0.999695  1.000000  0.000283  0.000309  -0.000283  1.000000  -0.000009  -0.000309  0.000008  1.000000  0.999588  0.017261  0.022939  -0.022918  -0.001398  0.999736  0.017289  -0.999850  -0.001001  0.000376  0.033529  
47.044388 0.010668  0.089390  0.008526  0.975505  0.182309  -0.123101  0.108286  0.089137  0.990115  0.191480  -0.979192  0.067212  0.006226  -0.007987  0.001739  0.016532  -1.146389  0.991374  2.000000  0.999539  0.018401  0.024162  -0.024140  -0.001388  0.999708  0.018430  -0.999830  -0.000943  0.999443  0.022922  0.024248  -0.022902  0.999737  -0.001131  -0.024268  0.000575  0.999705  1.000000  0.000286  0.000303  -0.000286  1.000000  -0.000011  -0.000303  0.000011  1.000000  0.999539  0.018401  0.024162  -0.024140  -0.001388  0.999708  0.018430  -0.999830  -0.000943  0.000377  0.033385  
47.045391 0.010672  0.089376  0.008520  0.975389  0.183395  -0.122402  0.107460  0.089342  0.990187  0.192531  -0.978971  0.067435  0.006169  -0.008735  0.001035  0.008259  -1.147674  1.017270  2.000000  0.999487  0.019554  0.025370  -0.025348  -0.001374  0.999678  0.019583  -0.999808  -0.000878  0.999443  0.023179  0.024021  -0.023158  0.999731  -0.001144  -0.024041  0.000588  0.999711  1.000000  0.000290  0.000300  -0.000290  1.000000  -0.000011  -0.000300  0.000011  1.000000  0.999487  0.019554  0.025370  -0.025348  -0.001374  0.999678  0.019583  -0.999808  -0.000878  0.000382  0.033398  
47.046644 0.010677  0.089359  0.008513  0.975238  0.184893  -0.121344  0.106225  0.089632  0.990294  0.193975  -0.978663  0.067772  0.006054  -0.009975  -0.000102  -0.003153  -1.156091  1.046239  2.000000  0.999420  0.021001  0.026822  -0.026799  -0.001350  0.999640  0.021029  -0.999779  -0.000786  0.999465  0.023255  0.022986  -0.023232  0.999729  -0.001286  -0.023010  0.000751  0.999735  1.000000  0.000291  0.000288  -0.000291  1.000000  -0.000013  -0.000288  0.000013  1.000000  0.999420  0.021001  0.026822  -0.026799  -0.001350  0.999640  0.021029  -0.999779  -0.000786  0.000388  0.032719  
47.047886 0.010681  0.089340  0.008507  0.975088  0.186243  -0.120483  0.105193  0.089942  0.990376  0.195287  -0.978378  0.068110  0.005850  -0.010794  -0.000951  -0.014135  -1.153623  1.072857  2.000000  0.999349  0.022454  0.028221  -0.028198  -0.001318  0.999601  0.022483  -0.999747  -0.000684  0.999482  0.023344  0.022154  -0.023318  0.999727  -0.001398  -0.022180  0.000881  0.999754  1.000000  0.000292  0.000277  -0.000292  1.000000  -0.000014  -0.000277  0.000014  1.000000  0.999349  0.022454  0.028221  -0.028198  -0.001318  0.999601  0.022483  -0.999747  -0.000684  0.000393  0.032208  
47.048888 0.010685  0.089326  0.008502  0.974945  0.187296  -0.120012  0.104568  0.090299  0.990410  0.196337  -0.978144  0.068452  0.005680  -0.011418  -0.001668  -0.026280  -1.135093  1.089329  2.000000  0.999306  0.023336  0.029040  -0.029018  -0.001293  0.999578  0.023364  -0.999727  -0.000615  0.999486  0.023592  0.021719  -0.023561  0.999721  -0.001692  -0.021753  0.001180  0.999763  1.000000  0.000295  0.000272  -0.000295  1.000000  -0.000018  -0.000272  0.000018  1.000000  0.999306  0.023336  0.029040  -0.029018  -0.001293  0.999578  0.023364  -0.999727  -0.000615  0.000393  0.032105  
47.049959 0.010689  0.089312  0.008499  0.974821  0.188368  -0.119338  0.103743  0.090616  0.990468  0.197386  -0.977909  0.068793  0.005464  -0.011992  -0.002499  -0.035746  -1.117755  1.095029  2.000000  0.999246  0.024525  0.030113  -0.030091  -0.001255  0.999546  0.024551  -0.999698  -0.000516  0.999489  0.023840  0.021284  -0.023808  0.999715  -0.001745  -0.021319  0.001237  0.999772  1.000000  0.000298  0.000266  -0.000298  1.000000  -0.000019  -0.000266  0.000019  1.000000  0.999246  0.024525  0.030113  -0.030091  -0.001255  0.999546  0.024551  -0.999698  -0.000516  0.000392  0.031998  
47.051137 0.010694  0.089292  0.008494  0.974695  0.189426  -0.118687  0.102918  0.091051  0.990514  0.198435  -0.977664  0.069252  0.005258  -0.012685  -0.003141  -0.051590  -1.083025  1.095920  2.000000  0.999183  0.025724  0.031167  -0.031146  -0.001209  0.999514  0.025749  -0.999668  -0.000407  0.999488  0.024103  0.021048  -0.024066  0.999708  -0.002001  -0.021090  0.001494  0.999776  1.000000  0.000301  0.000263  -0.000301  1.000000  -0.000022  -0.000263  0.000022  1.000000  0.999183  0.025724  0.031167  -0.031146  -0.001209  0.999514  0.025749  -0.999668  -0.000407  0.000387  0.032052  
47.052140 0.010698  0.089277  0.008490  0.974595  0.190368  -0.118005  0.102096  0.091351  0.990571  0.199353  -0.977453  0.069595  0.005102  -0.013199  -0.003633  -0.064107  -1.064654  1.098934  2.000000  0.999119  0.026926  0.032200  -0.032180  -0.001158  0.999481  0.026949  -0.999637  -0.000291  0.999505  0.023936  0.020438  -0.023898  0.999712  -0.002089  -0.020482  0.001599  0.999789  1.000000  0.000299  0.000256  -0.000299  1.000000  -0.000023  -0.000256  0.000023  1.000000  0.999119  0.026926  0.032200  -0.032180  -0.001158  0.999481  0.026949  -0.999637  -0.000291  0.000384  0.031534  
47.053392 0.010703  0.089258  0.008486  0.974466  0.191427  -0.117356  0.101271  0.091783  0.990616  0.200402  -0.977206  0.070054  0.004811  -0.013740  -0.004017  -0.080335  -1.036754  1.101999  2.000000  0.999037  0.028417  0.033444  -0.033426  -0.001087  0.999441  0.028437  -0.999596  -0.000136  0.999525  0.023758  0.019623  -0.023719  0.999716  -0.002208  -0.019670  0.001741  0.999805  1.000000  0.000297  0.000246  -0.000297  1.000000  -0.000025  -0.000246  0.000025  1.000000  0.999037  0.028417  0.033444  -0.033426  -0.001087  0.999441  0.028437  -0.999596  -0.000136  0.000380  0.030882  
47.054639 0.010709  0.089241  0.008483  0.974335  0.192486  -0.116709  0.100447  0.092214  0.990660  0.201451  -0.976957  0.070512  0.004670  -0.013950  -0.004107  -0.092467  -1.009032  1.100568  2.000000  0.998954  0.029889  0.034619  -0.034604  -0.001003  0.999401  0.029906  -0.999553  0.000033  0.999563  0.023271  0.018220  -0.023230  0.999727  -0.002432  -0.018272  0.002007  0.999831  1.000000  0.000291  0.000228  -0.000291  1.000000  -0.000028  -0.000228  0.000028  1.000000  0.998954  0.029889  0.034619  -0.034604  -0.001003  0.999401  0.029906  -0.999553  0.000033  0.000376  0.029642  
47.055887 0.010717  0.089225  0.008482  0.974155  0.193643  -0.116299  0.099820  0.092815  0.990667  0.202630  -0.976672  0.071087  0.004678  -0.013955  -0.003845  -0.111268  -0.967427  1.102809  2.000000  0.998870  0.031333  0.035721  -0.035710  -0.000898  0.999362  0.031345  -0.999509  0.000221  0.999589  0.022945  0.017211  -0.022899  0.999734  -0.002833  -0.017271  0.002438  0.999848  1.000000  0.000287  0.000216  -0.000287  1.000000  -0.000033  -0.000216  0.000033  1.000000  0.998870  0.031333  0.035721  -0.035710  -0.000898  0.999362  0.031345  -0.999509  0.000221  0.000368  0.028807  
47.056888 0.010723  0.089211  0.008481  0.974006  0.194549  -0.116028  0.099400  0.093189  0.990674  0.203547  -0.976456  0.071429  0.004659  -0.014062  -0.003708  -0.122111  -0.926350  1.095631  2.000000  0.998820  0.032201  0.036353  -0.036345  -0.000823  0.999339  0.032210  -0.999481  0.000348  0.999590  0.023190  0.016776  -0.023142  0.999728  -0.003013  -0.016842  0.002624  0.999855  1.000000  0.000290  0.000210  -0.000290  1.000000  -0.000035  -0.000210  0.000035  1.000000  0.998820  0.032201  0.036353  -0.036345  -0.000823  0.999339  0.032210  -0.999481  0.000348  0.000363  0.028764  
47.058142 0.010732  0.089193  0.008480  0.973796  0.195836  -0.115630  0.098771  0.093802  0.990679  0.204857  -0.976140  0.072001  0.004721  -0.014177  -0.003443  -0.134298  -0.897753  1.103046  2.000000  0.998736  0.033631  0.037364  -0.037362  -0.000682  0.999302  0.033633  -0.999434  0.000575  0.999614  0.022743  0.015979  -0.022691  0.999737  -0.003377  -0.016051  0.003013  0.999867  1.000000  0.000284  0.000200  -0.000284  1.000000  -0.000040  -0.000200  0.000040  1.000000  0.998736  0.033631  0.037364  -0.037362  -0.000682  0.999302  0.033633  -0.999434  0.000575  0.000357  0.027981  
47.059387 0.010739  0.089175  0.008477  0.973658  0.196897  -0.114986  0.097947  0.094225  0.990721  0.205905  -0.975886  0.072458  0.004778  -0.014341  -0.003256  -0.142935  -0.876072  1.097850  2.000000  0.998651  0.035037  0.038324  -0.038330  -0.000521  0.999265  0.035031  -0.999386  0.000823  0.999636  0.022293  0.015185  -0.022240  0.999746  -0.003622  -0.015262  0.003283  0.999878  1.000000  0.000278  0.000190  -0.000278  1.000000  -0.000043  -0.000190  0.000043  1.000000  0.998651  0.035037  0.038324  -0.038330  -0.000521  0.999265  0.035031  -0.999386  0.000823  0.000354  0.027196  
47.060387 0.010746  0.089160  0.008474  0.973506  0.197803  -0.114718  0.097526  0.094596  0.990727  0.206821  -0.975667  0.072799  0.004922  -0.014448  -0.003090  -0.147322  -0.848710  1.096402  2.000000  0.998583  0.036143  0.039058  -0.039070  -0.000378  0.999236  0.036130  -0.999347  0.001034  0.999652  0.021990  0.014585  -0.021934  0.999752  -0.003959  -0.014669  0.003638  0.999886  1.000000  0.000275  0.000183  -0.000275  1.000000  -0.000048  -0.000183  0.000047  1.000000  0.998583  0.036143  0.039058  -0.039070  -0.000378  0.999236  0.036130  -0.999347  0.001034  0.000352  0.026662  
47.061637 0.010754  0.089141  0.008470  0.973365  0.198865  -0.114076  0.096703  0.095017  0.990768  0.207868  -0.975410  0.073256  0.005128  -0.014498  -0.002879  -0.155411  -0.815492  1.089870  2.000000  0.998498  0.037500  0.039933  -0.039954  -0.000183  0.999201  0.037477  -0.999297  0.001316  0.999673  0.021538  0.013793  -0.021480  0.999760  -0.004332  -0.013883  0.004035  0.999895  1.000000  0.000269  0.000173  -0.000269  1.000000  -0.000052  -0.000173  0.000052  1.000000  0.998498  0.037500  0.039933  -0.039954  -0.000183  0.999201  0.037477  -0.999297  0.001316  0.000345  0.025919  
47.062888 0.010764  0.089124  0.008467  0.973203  0.199907  -0.113639  0.096080  0.095478  0.990784  0.208915  -0.975152  0.073712  0.005571  -0.014474  -0.002599  -0.162585  -0.780815  1.083587  2.000000  0.998414  0.038833  0.040757  -0.040789  0.000030  0.999168  0.038799  -0.999246  0.001614  0.999699  0.020938  0.012811  -0.020880  0.999771  -0.004625  -0.012905  0.004357  0.999907  1.000000  0.000261  0.000161  -0.000261  1.000000  -0.000056  -0.000161  0.000056  1.000000  0.998414  0.038833  0.040757  -0.040789  0.000030  0.999168  0.038799  -0.999246  0.001614  0.000339  0.024956  
47.063893 0.010772  0.089108  0.008464  0.973094  0.200690  -0.113183  0.095462  0.095911  0.990802  0.209700  -0.974948  0.074172  0.005834  -0.014539  -0.002521  -0.171251  -0.754295  1.073573  2.000000  0.998348  0.039878  0.041373  -0.041414  0.000217  0.999142  0.039835  -0.999205  0.001868  0.999713  0.020631  0.012216  -0.020574  0.999777  -0.004849  -0.012313  0.004596  0.999914  1.000000  0.000258  0.000153  -0.000258  1.000000  -0.000059  -0.000153  0.000059  1.000000  0.998348  0.039878  0.041373  -0.041414  0.000217  0.999142  0.039835  -0.999205  0.001868  0.000331  0.024440  
47.065142 0.010784  0.089089  0.008463  0.972929  0.201733  -0.112748  0.094839  0.096369  0.990817  0.210746  -0.974688  0.074628  0.006273  -0.014582  -0.002331  -0.185017  -0.713278  1.060755  2.000000  0.998281  0.040918  0.041965  -0.042017  0.000420  0.999117  0.040865  -0.999162  0.002139  0.999718  0.020607  0.011800  -0.020548  0.999776  -0.005155  -0.011904  0.004911  0.999917  1.000000  0.000257  0.000148  -0.000257  1.000000  -0.000063  -0.000148  0.000063  1.000000  0.998281  0.040918  0.041965  -0.042017  0.000420  0.999117  0.040865  -0.999162  0.002139  0.000324  0.024276  
47.066392 0.010796  0.089071  0.008462  0.972763  0.202763  -0.112339  0.094217  0.096946  0.990820  0.211793  -0.974417  0.075202  0.006740  -0.014502  -0.002039  -0.197635  -0.686963  1.041483  2.000000  0.998197  0.042205  0.042671  -0.042738  0.000699  0.999086  0.042137  -0.999109  0.002502  0.999729  0.020318  0.011402  -0.020255  0.999779  -0.005580  -0.011512  0.005348  0.999919  1.000000  0.000254  0.000143  -0.000254  1.000000  -0.000068  -0.000143  0.000068  1.000000  0.998197  0.042205  0.042671  -0.042738  0.000699  0.999086  0.042137  -0.999109  0.002502  0.000318  0.023932  
47.067640 0.010808  0.089054  0.008464  0.972614  0.203813  -0.111727  0.093394  0.097480  0.990846  0.212839  -0.974145  0.075775  0.007267  -0.014357  -0.001516  -0.208941  -0.666914  1.026835  2.000000  0.998114  0.043473  0.043345  -0.043430  0.001002  0.999056  0.043388  -0.999054  0.002888  0.999744  0.019879  0.010813  -0.019816  0.999786  -0.005924  -0.010928  0.005708  0.999924  1.000000  0.000248  0.000136  -0.000248  1.000000  -0.000073  -0.000136  0.000073  1.000000  0.998114  0.043473  0.043345  -0.043430  0.001002  0.999056  0.043388  -0.999054  0.002888  0.000312  0.023366  
47.068888 0.010821  0.089038  0.008470  0.972472  0.204728  -0.111285  0.092774  0.097921  0.990860  0.213754  -0.973909  0.076232  0.007789  -0.014208  -0.000942  -0.217576  -0.640753  1.002529  2.000000  0.998031  0.044713  0.043995  -0.044098  0.001319  0.999026  0.044612  -0.998999  0.003288  0.999756  0.019453  0.010428  -0.019390  0.999793  -0.006109  -0.010545  0.005905  0.999927  1.000000  0.000243  0.000131  -0.000243  1.000000  -0.000075  -0.000131  0.000075  1.000000  0.998031  0.044713  0.043995  -0.044098  0.001319  0.999026  0.044612  -0.998999  0.003288  0.000304  0.022877  
47.069891 0.010832  0.089026  0.008475  0.972387  0.205383  -0.110823  0.092160  0.098337  0.990877  0.214407  -0.973729  0.076694  0.008092  -0.014092  -0.000517  -0.229251  -0.621333  0.983410  2.000000  0.997965  0.045674  0.044501  -0.044620  0.001578  0.999003  0.045558  -0.998955  0.003613  0.999769  0.018909  0.010256  -0.018847  0.999804  -0.006134  -0.010370  0.005939  0.999929  1.000000  0.000236  0.000129  -0.000236  1.000000  -0.000075  -0.000129  0.000075  1.000000  0.997965  0.045674  0.044501  -0.044620  0.001578  0.999003  0.045558  -0.998955  0.003613  0.000297  0.022344  
47.070892 0.010843  0.089014  0.008481  0.972282  0.206005  -0.110591  0.091746  0.098915  0.990857  0.215061  -0.973539  0.077273  0.008501  -0.014113  -0.000021  -0.246440  -0.594688  0.968130  2.000000  0.997899  0.046614  0.044995  -0.045130  0.001848  0.998979  0.046484  -0.998911  0.003948  0.999780  0.018366  0.010083  -0.018302  0.999812  -0.006404  -0.010199  0.006218  0.999929  1.000000  0.000229  0.000127  -0.000229  1.000000  -0.000079  -0.000127  0.000079  1.000000  0.997899  0.046614  0.044995  -0.045130  0.001848  0.998979  0.046484  -0.998911  0.003948  0.000293  0.021883  
47.072136 0.010857  0.088998  0.008490  0.972137  0.206894  -0.110202  0.091127  0.099594  0.990847  0.215975  -0.973281  0.077965  0.008786  -0.013995  0.000590  -0.264388  -0.569636  0.959863  2.000000  0.997818  0.047762  0.045591  -0.045748  0.002197  0.998951  0.047611  -0.998856  0.004377  0.999792  0.017941  0.009699  -0.017877  0.999818  -0.006593  -0.009815  0.006419  0.999931  1.000000  0.000224  0.000122  -0.000224  1.000000  -0.000081  -0.000122  0.000081  1.000000  0.997818  0.047762  0.045591  -0.045748  0.002197  0.998951  0.047611  -0.998856  0.004377  0.000288  0.021409  
47.073138 0.010867  0.088985  0.008497  0.972078  0.207407  -0.109757  0.090516  0.100115  0.990850  0.216498  -0.973118  0.078546  0.009041  -0.013880  0.001158  -0.278552  -0.556519  0.940419  2.000000  0.997769  0.048447  0.045941  -0.046112  0.002418  0.998933  0.048284  -0.998823  0.004646  0.999792  0.017947  0.009686  -0.017881  0.999817  -0.006829  -0.009807  0.006654  0.999930  1.000000  0.000224  0.000122  -0.000224  1.000000  -0.000084  -0.000122  0.000084  1.000000  0.997769  0.048447  0.045941  -0.046112  0.002418  0.998933  0.048284  -0.998823  0.004646  0.000282  0.021481  
47.074142 0.010878  0.088973  0.008506  0.971971  0.208030  -0.109528  0.090102  0.100691  0.990829  0.217151  -0.972926  0.079124  0.009357  -0.013653  0.001987  -0.299515  -0.528478  0.923445  2.000000  0.997703  0.049354  0.046403  -0.046594  0.002727  0.998910  0.049174  -0.998778  0.005020  0.999797  0.017803  0.009484  -0.017736  0.999817  -0.007103  -0.009608  0.006934  0.999930  1.000000  0.000222  0.000119  -0.000222  1.000000  -0.000088  -0.000119  0.000088  1.000000  0.997703  0.049354  0.046403  -0.046594  0.002727  0.998910  0.049174  -0.998778  0.005020  0.000278  0.021359  
47.075387 0.010890  0.088958  0.008517  0.971881  0.208661  -0.109120  0.089488  0.101343  0.990819  0.217804  -0.972723  0.079821  0.009588  -0.013441  0.002884  -0.314167  -0.517970  0.902390  2.000000  0.997621  0.050466  0.046961  -0.047179  0.003131  0.998882  0.050263  -0.998721  0.005505  0.999808  0.017379  0.009097  -0.017311  0.999822  -0.007539  -0.009226  0.007380  0.999930  1.000000  0.000217  0.000115  -0.000217  1.000000  -0.000093  -0.000115  0.000093  1.000000  0.997621  0.050466  0.046961  -0.047179  0.003131  0.998882  0.050263  -0.998721  0.005505  0.000272  0.020988  
47.076388 0.010900  0.088947  0.008526  0.971802  0.209155  -0.108882  0.089077  0.101905  0.990798  0.218326  -0.972558  0.080401  0.009869  -0.013194  0.003842  -0.330111  -0.497174  0.876853  2.000000  0.997556  0.051336  0.047402  -0.047642  0.003466  0.998858  0.051113  -0.998675  0.005903  0.999812  0.017000  0.009318  -0.016930  0.999828  -0.007609  -0.009446  0.007450  0.999928  1.000000  0.000212  0.000117  -0.000212  1.000000  -0.000094  -0.000117  0.000094  1.000000  0.997556  0.051336  0.047402  -0.047642  0.003466  0.998858  0.051113  -0.998675  0.005903  0.000267  0.020799  
47.077638 0.010911  0.088932  0.008539  0.971740  0.209657  -0.108465  0.088467  0.102545  0.990787  0.218848  -0.972383  0.081099  0.010005  -0.012992  0.004888  -0.344478  -0.487134  0.851398  2.000000  0.997476  0.052378  0.047950  -0.048219  0.003893  0.998829  0.052130  -0.998620  0.006409  0.999829  0.016057  0.009179  -0.015986  0.999842  -0.007758  -0.009303  0.007610  0.999928  1.000000  0.000200  0.000116  -0.000200  1.000000  -0.000096  -0.000116  0.000096  1.000000  0.997476  0.052378  0.047950  -0.048219  0.003893  0.998829  0.052130  -0.998620  0.006409  0.000261  0.020030  
47.078639 0.010921  0.088920  0.008549  0.971707  0.210044  -0.108013  0.087859  0.103051  0.990788  0.219240  -0.972246  0.081681  0.010072  -0.012848  0.005651  -0.352143  -0.488321  0.829350  2.000000  0.997412  0.053179  0.048388  -0.048682  0.004243  0.998805  0.052910  -0.998576  0.006821  0.999837  0.015529  0.009212  -0.015457  0.999850  -0.007869  -0.009333  0.007725  0.999927  1.000000  0.000194  0.000116  -0.000194  1.000000  -0.000097  -0.000116  0.000097  1.000000  0.997412  0.053179  0.048388  -0.048682  0.004243  0.998805  0.052910  -0.998576  0.006821  0.000258  0.019669  
47.079890 0.010932  0.088904  0.008562  0.971615  0.210664  -0.107634  0.087245  0.103821  0.990762  0.219893  -0.972030  0.082494  0.010085  -0.012549  0.006733  -0.367407  -0.477057  0.808200  2.000000  0.997333  0.054146  0.048941  -0.049267  0.004694  0.998775  0.053850  -0.998522  0.007349  0.999845  0.015003  0.009244  -0.014928  0.999856  -0.008101  -0.009364  0.007961  0.999924  1.000000  0.000187  0.000116  -0.000187  1.000000  -0.000100  -0.000116  0.000100  1.000000  0.997333  0.054146  0.048941  -0.049267  0.004694  0.998775  0.053850  -0.998522  0.007349  0.000253  0.019367  
47.081141 0.010944  0.088888  0.008574  0.971551  0.211168  -0.107220  0.086635  0.104458  0.990749  0.220415  -0.971852  0.083192  0.010033  -0.012385  0.007606  -0.380224  -0.468009  0.785509  2.000000  0.997270  0.054898  0.049383  -0.049736  0.005071  0.998750  0.054578  -0.998479  0.007787  0.999850  0.014609  0.009265  -0.014531  0.999859  -0.008455  -0.009387  0.008319  0.999921  1.000000  0.000182  0.000117  -0.000182  1.000000  -0.000105  -0.000117  0.000105  1.000000  0.997270  0.054898  0.049383  -0.049736  0.005071  0.998750  0.054578  -0.998479  0.007787  0.000248  0.019226  
47.082392 0.010954  0.088871  0.008586  0.971516  0.211557  -0.106770  0.086027  0.104963  0.990748  0.220806  -0.971713  0.083774  0.009920  -0.012365  0.008253  -0.380774  -0.465038  0.761472  2.000000  0.997192  0.055809  0.049932  -0.050319  0.005560  0.998718  0.055460  -0.998426  0.008352  0.999860  0.014066  0.009097  -0.013987  0.999864  -0.008730  -0.009219  0.008601  0.999921  1.000000  0.000175  0.000114  -0.000175  1.000000  -0.000108  -0.000114  0.000108  1.000000  0.997192  0.055809  0.049932  -0.050319  0.005560  0.998718  0.055460  -0.998426  0.008352  0.000243  0.018861  
47.083394 0.010963  0.088857  0.008595  0.971463  0.211924  -0.106524  0.085619  0.105511  0.990725  0.221198  -0.971574  0.084355  0.009797  -0.012509  0.008576  -0.391962  -0.449894  0.743941  2.000000  0.997131  0.056512  0.050367  -0.050784  0.005962  0.998692  0.056138  -0.998384  0.008815  0.999867  0.013538  0.009133  -0.013457  0.999870  -0.008843  -0.009251  0.008719  0.999919  1.000000  0.000169  0.000115  -0.000169  1.000000  -0.000110  -0.000115  0.000110  1.000000  0.997131  0.056512  0.050367  -0.050784  0.005962  0.998692  0.056138  -0.998384  0.008815  0.000240  0.018543  
47.084643 0.010974  0.088837  0.008605  0.971427  0.212313  -0.106075  0.085011  0.106015  0.990724  0.221589  -0.971434  0.084937  0.009631  -0.012819  0.008797  -0.397157  -0.444483  0.721274  2.000000  0.997055  0.057362  0.050910  -0.051364  0.006475  0.998659  0.056955  -0.998332  0.009402  0.999873  0.013010  0.009169  -0.012928  0.999876  -0.008954  -0.009284  0.008835  0.999918  1.000000  0.000162  0.000115  -0.000162  1.000000  -0.000111  -0.000115  0.000111  1.000000  0.997055  0.057362  0.050910  -0.051364  0.006475  0.998659  0.056955  -0.998332  0.009402  0.000236  0.018234  
