1-Time 2-Px 3-Py 4-Pz 5-R11 6-R21 7-R31 8-R12 9-R22 10-R32 11-R13 12-R23 13-R33 14-Vx 15-Vy 16-Vz 17-Wx 18-Wy 19-Wz 20-state 21-PR11 22-PR21 23-PR31 24-PR12 25-PR22 26-PR32 27-PR13 28-PR23 29-PR33 
96.846537 0.006471  0.086188  0.007712  0.986832  0.161204  -0.013282  -0.160467  0.986019  0.044913  0.020336  -0.042190  0.998903  -0.000227  0.001703  -0.000911  0.000000  0.000000  0.000000  2.000000  1.000000  0.000000  0.000000  -0.000000  1.000000  0.000000  0.000000  -0.000000  1.000000  1.000000  -0.000000  0.000000  0.000000  1.000000  0.000121  -0.000000  -0.000121  1.000000  1.000000  0.000000  0.000000  0.000000  1.000000  0.000000  0.000000  0.000000  1.000000  0.703768  0.502534  -0.502165  -0.576748  0.816870  0.009176  0.414815  0.283165  0.864723  0.000000  0.000000  
96.847543 0.006471  0.086189  0.007711  0.986832  0.161204  -0.013282  -0.160467  0.986019  0.044913  0.020336  -0.042190  0.998903  -0.000214  0.001649  -0.000883  0.000000  0.000000  0.000000  2.000000  1.000000  0.000000  0.000000  0.000000  1.000000  0.000000  0.000000  0.000000  1.000000  1.000000  -0.000000  0.000000  0.000000  1.000000  0.000121  -0.000000  -0.000121  1.000000  1.000000  0.000000  0.000000  0.000000  1.000000  0.000000  0.000000  0.000000  1.000000  1.000000  0.000000  0.000000  0.000000  1.000000  0.000000  0.000000  0.000000  1.000000  0.000000  0.000000  
96.848793 0.006471  0.086189  0.007711  0.986666  0.162220  -0.013216  -0.161482  0.985847  0.045046  0.020336  -0.042311  0.998897  -0.000174  0.001465  -0.000787  0.000000  0.000000  0.000000  2.000000  1.000000  0.000000  0.000000  0.000000  1.000000  0.000000  0.000000  0.000000  1.000000  1.000000  0.000617  0.000026  -0.000617  1.000000  0.000134  -0.000026  -0.000134  1.000000  1.000000  0.000000  0.000000  0.000000  1.000000  0.000000  0.000000  0.000000  1.000000  1.000000  0.000000  0.000000  0.000000  1.000000  0.000000  0.000000  0.000000  1.000000  0.000000  0.000000  
96.850043 0.006472  0.086186  0.007713  0.986499  0.163235  -0.013169  -0.162498  0.985679  0.045060  0.020336  -0.042311  0.998897  -0.000072  0.001144  -0.000550  0.000000  0.000000  0.000000  2.000000  1.000000  0.000000  0.000000  0.000000  1.000000  0.000000  0.000000  0.000000  1.000000  0.999998  0.001851  0.000078  -0.001851  0.999998  0.000280  -0.000078  -0.000280  1.000000  1.000000  0.000000  0.000000  0.000000  1.000000  0.000000  0.000000  0.000000  1.000000  1.000000  0.000000  0.000000  0.000000  1.000000  0.000000  0.000000  0.000000  1.000000  0.000000  0.000000  
96.851045 0.006472  0.086184  0.007715  0.986368  0.164044  -0.012961  -0.163311  0.985535  0.045288  0.020202  -0.042554  0.998890  -0.000018  0.000854  -0.000364  0.000000  0.000000  0.000000  2.000000  1.000000  0.000000  0.000000  0.000000  1.000000  0.000000  0.000000  0.000000  1.000000  0.999996  0.002668  0.000247  -0.002668  0.999996  0.000418  -0.000246  -0.000418  1.000000  1.000000  0.000000  0.000000  0.000000  1.000000  0.000000  0.000000  0.000000  1.000000  1.000000  0.000000  0.000000  0.000000  1.000000  0.000000  0.000000  0.000000  1.000000  0.000000  0.000000  
96.852046 0.006474  0.086180  0.007717  0.986301  0.164452  -0.012922  -0.163717  0.985462  0.045413  0.020202  -0.042675  0.998885  0.000071  0.000475  -0.000169  0.000000  0.000000  0.000000  2.000000  1.000000  0.000000  0.000000  0.000000  1.000000  0.000000  0.000000  0.000000  1.000000  0.999995  0.003285  0.000274  -0.003285  0.999994  0.000673  -0.000272  -0.000674  1.000000  1.000000  0.000000  0.000000  0.000000  1.000000  0.000000  0.000000  0.000000  1.000000  1.000000  0.000000  0.000000  0.000000  1.000000  0.000000  0.000000  0.000000  1.000000  0.000000  0.000000  
96.853296 0.006475  0.086177  0.007720  0.986160  0.165276  -0.013128  -0.164528  0.985318  0.045587  0.020470  -0.042796  0.998874  0.000214  0.000133  0.000117  0.000000  0.000000  0.000000  2.000000  1.000000  0.000000  0.000000  0.000000  1.000000  0.000000  0.000000  0.000000  1.000000  0.999992  0.003913  0.000034  -0.003913  0.999992  0.000808  -0.000031  -0.000808  1.000000  1.000000  0.000000  0.000000  0.000000  1.000000  0.000000  0.000000  0.000000  1.000000  1.000000  0.000000  0.000000  0.000000  1.000000  0.000000  0.000000  0.000000  1.000000  0.000000  0.000000  
96.854302 0.006477  0.086176  0.007723  0.986019  0.166102  -0.013314  -0.165339  0.985169  0.045881  0.020737  -0.043038  0.998858  0.000363  -0.000074  0.000369  0.000000  0.000000  0.000000  2.000000  1.000000  0.000000  0.000000  0.000000  1.000000  0.000000  0.000000  0.000000  1.000000  0.999989  0.004747  -0.000198  -0.004747  0.999988  0.000947  0.000202  -0.000946  1.000000  1.000000  0.000000  0.000000  0.000000  1.000000  0.000000  0.000000  0.000000  1.000000  1.000000  0.000000  0.000000  0.000000  1.000000  0.000000  0.000000  0.000000  1.000000  0.000000  0.000000  
96.855547 0.006479  0.086174  0.007727  0.985771  0.167540  -0.013623  -0.166759  0.984920  0.046086  0.021139  -0.043159  0.998845  0.000499  -0.000348  0.000728  0.041127  0.017811  0.215344  2.000000  1.000000  0.000287  -0.000020  -0.000287  1.000000  0.000057  0.000020  -0.000057  1.000000  0.999981  0.006204  -0.000535  -0.006203  0.999980  0.001221  0.000543  -0.001218  0.999999  1.000000  0.000078  -0.000007  -0.000078  1.000000  0.000015  0.000007  -0.000015  1.000000  1.000000  0.000287  -0.000020  -0.000287  1.000000  0.000057  0.000020  -0.000057  1.000000  0.000053  0.006345  
96.856796 0.006482  0.086171  0.007730  0.985490  0.169177  -0.013769  -0.168381  0.984630  0.046392  0.021406  -0.043401  0.998828  0.000696  -0.000697  0.001018  0.050463  0.024404  0.271013  2.000000  1.000000  0.000729  -0.000059  -0.000729  1.000000  0.000139  0.000059  -0.000139  1.000000  0.999970  0.007655  -0.000739  -0.007654  0.999970  0.001375  0.000750  -0.001369  0.999999  1.000000  0.000096  -0.000009  -0.000096  1.000000  0.000017  0.000009  -0.000017  1.000000  1.000000  0.000729  -0.000059  -0.000729  1.000000  0.000139  0.000059  -0.000139  1.000000  0.000066  0.007812  
96.857797 0.006484  0.086169  0.007731  0.985278  0.170400  -0.013823  -0.169598  0.984413  0.046551  0.021540  -0.043522  0.998820  0.000862  -0.000951  0.001152  0.055424  0.027102  0.312657  2.000000  0.999999  0.001155  -0.000094  -0.001155  0.999999  0.000217  0.000095  -0.000216  1.000000  0.999958  0.009094  -0.000674  -0.009093  0.999957  0.001648  0.000689  -0.001641  0.999998  1.000000  0.000114  -0.000009  -0.000114  1.000000  0.000021  0.000009  -0.000021  1.000000  0.999999  0.001155  -0.000094  -0.001155  0.999999  0.000217  0.000095  -0.000216  1.000000  0.000078  0.009267  
96.859047 0.006488  0.086167  0.007734  0.984997  0.172023  -0.013725  -0.171220  0.984126  0.046694  0.021540  -0.043643  0.998815  0.001143  -0.001204  0.001396  0.060658  0.024711  0.367932  2.000000  0.999998  0.001780  -0.000143  -0.001780  0.999998  0.000324  0.000143  -0.000323  1.000000  0.999942  0.010745  -0.000735  -0.010744  0.999941  0.001805  0.000754  -0.001797  0.999998  1.000000  0.000134  -0.000009  -0.000134  1.000000  0.000023  0.000009  -0.000023  1.000000  0.999998  0.001780  -0.000143  -0.001780  0.999998  0.000324  0.000143  -0.000323  1.000000  0.000092  0.010920  
96.860294 0.006492  0.086166  0.007739  0.984646  0.174046  -0.013455  -0.173248  0.983759  0.046937  0.021406  -0.043885  0.998807  0.001429  -0.001401  0.001827  0.070236  0.017204  0.436885  2.000000  0.999997  0.002516  -0.000180  -0.002516  0.999997  0.000444  0.000181  -0.000443  1.000000  0.999921  0.012590  -0.000518  -0.012589  0.999919  0.001964  0.000543  -0.001957  0.999998  1.000000  0.000157  -0.000007  -0.000157  1.000000  0.000025  0.000007  -0.000025  1.000000  0.999997  0.002516  -0.000180  -0.002516  0.999997  0.000444  0.000181  -0.000443  1.000000  0.000107  0.012753  
96.861543 0.006496  0.086164  0.007745  0.984284  0.176078  -0.013469  -0.175274  0.983392  0.047107  0.021540  -0.044006  0.998799  0.001680  -0.001674  0.002295  0.075789  0.018692  0.506180  2.000000  0.999994  0.003375  -0.000213  -0.003375  0.999994  0.000578  0.000215  -0.000578  1.000000  0.999892  0.014652  -0.000557  -0.014651  0.999890  0.002251  0.000590  -0.002242  0.999997  1.000000  0.000183  -0.000007  -0.000183  1.000000  0.000028  0.000007  -0.000028  1.000000  0.999994  0.003375  -0.000213  -0.003375  0.999994  0.000578  0.000215  -0.000578  1.000000  0.000125  0.014834  
96.862544 0.006499  0.086160  0.007750  0.983991  0.177707  -0.013480  -0.176895  0.983088  0.047392  0.021674  -0.044249  0.998785  0.001941  -0.001967  0.002630  0.085137  0.020734  0.561652  2.000000  0.999992  0.003966  -0.000234  -0.003965  0.999992  0.000662  0.000236  -0.000661  1.000000  0.999867  0.016303  -0.000616  -0.016301  0.999865  0.002287  0.000653  -0.002277  0.999997  1.000000  0.000204  -0.000008  -0.000204  1.000000  0.000029  0.000008  -0.000029  1.000000  0.999992  0.003966  -0.000234  -0.003965  0.999992  0.000662  0.000236  -0.000661  1.000000  0.000138  0.016474  
96.863793 0.006503  0.086153  0.007755  0.983656  0.179541  -0.013633  -0.178716  0.982749  0.047584  0.021941  -0.044369  0.998774  0.002207  -0.002376  0.002955  0.089933  0.026793  0.619615  2.000000  0.999987  0.005057  -0.000274  -0.005057  0.999987  0.000817  0.000279  -0.000816  1.000000  0.999835  0.018159  -0.000663  -0.018157  0.999832  0.002571  0.000710  -0.002559  0.999996  1.000000  0.000227  -0.000009  -0.000227  1.000000  0.000032  0.000009  -0.000032  1.000000  0.999987  0.005057  -0.000274  -0.005057  0.999987  0.000817  0.000279  -0.000816  1.000000  0.000155  0.018352  
96.865043 0.006508  0.086144  0.007761  0.983317  0.181377  -0.013764  -0.180538  0.982401  0.047895  0.022209  -0.044611  0.998758  0.002405  -0.002793  0.003215  0.100194  0.033212  0.687033  2.000000  0.999980  0.006264  -0.000328  -0.006264  0.999980  0.000988  0.000334  -0.000986  0.999999  0.999799  0.020028  -0.000976  -0.020025  0.999795  0.002861  0.001033  -0.002840  0.999995  1.000000  0.000250  -0.000013  -0.000250  1.000000  0.000036  0.000013  -0.000036  1.000000  0.999980  0.006264  -0.000328  -0.006264  0.999980  0.000988  0.000334  -0.000986  0.999999  0.000170  0.020254  
96.866301 0.006513  0.086134  0.007769  0.983013  0.183012  -0.013881  -0.182156  0.982081  0.048324  0.022476  -0.044975  0.998735  0.002752  -0.003201  0.003569  0.113653  0.039646  0.742403  2.000000  0.999971  0.007583  -0.000395  -0.007583  0.999971  0.001179  0.000404  -0.001176  0.999999  0.999760  0.021890  -0.001152  -0.021886  0.999755  0.003270  0.001223  -0.003244  0.999994  1.000000  0.000274  -0.000015  -0.000274  1.000000  0.000041  0.000015  -0.000041  1.000000  0.999971  0.007583  -0.000395  -0.007583  0.999971  0.001179  0.000404  -0.001176  0.999999  0.000186  0.022163  
96.867543 0.006519  0.086122  0.007777  0.982630  0.185052  -0.013955  -0.184178  0.981677  0.048878  0.022744  -0.045459  0.998707  0.002986  -0.003803  0.003920  0.131565  0.045428  0.812031  2.000000  0.999959  0.009016  -0.000469  -0.009015  0.999958  0.001395  0.000482  -0.001391  0.999999  0.999717  0.023747  -0.001193  -0.023742  0.999711  0.003676  0.001280  -0.003647  0.999993  1.000000  0.000297  -0.000015  -0.000297  1.000000  0.000046  0.000015  -0.000046  1.000000  0.999959  0.009016  -0.000469  -0.009015  0.999958  0.001395  0.000482  -0.001391  0.999999  0.000202  0.024059  
96.868545 0.006525  0.086112  0.007783  0.982360  0.186475  -0.013970  -0.185593  0.981396  0.049161  0.022878  -0.045701  0.998693  0.003300  -0.004396  0.004195  0.140800  0.047690  0.860502  2.000000  0.999947  0.010245  -0.000534  -0.010244  0.999946  0.001591  0.000550  -0.001585  0.999999  0.999687  0.024986  -0.001260  -0.024981  0.999680  0.004070  0.001362  -0.004037  0.999991  1.000000  0.000312  -0.000016  -0.000312  1.000000  0.000051  0.000016  -0.000051  1.000000  0.999947  0.010245  -0.000534  -0.010244  0.999946  0.001591  0.000550  -0.001585  0.999999  0.000215  0.025347  
96.869547 0.006531  0.086100  0.007789  0.982050  0.188103  -0.013952  -0.187210  0.981069  0.049566  0.023011  -0.046064  0.998673  0.003587  -0.005082  0.004374  0.154286  0.049587  0.916003  2.000000  0.999937  0.011205  -0.000586  -0.011204  0.999936  0.001750  0.000605  -0.001743  0.999998  0.999666  0.025815  -0.001347  -0.025809  0.999657  0.004334  0.001458  -0.004297  0.999990  1.000000  0.000323  -0.000018  -0.000323  1.000000  0.000054  0.000018  -0.000054  1.000000  0.999937  0.011205  -0.000586  -0.011204  0.999936  0.001750  0.000605  -0.001743  0.999998  0.000229  0.026211  
96.870796 0.006538  0.086085  0.007797  0.981699  0.189931  -0.013922  -0.189029  0.980699  0.049974  0.023145  -0.046428  0.998653  0.003907  -0.005917  0.004641  0.167927  0.051156  0.978397  2.000000  0.999921  0.012535  -0.000661  -0.012534  0.999919  0.001978  0.000686  -0.001970  0.999998  0.999638  0.026856  -0.001556  -0.026848  0.999628  0.004727  0.001682  -0.004683  0.999988  1.000000  0.000336  -0.000020  -0.000336  1.000000  0.000059  0.000020  -0.000059  1.000000  0.999921  0.012535  -0.000661  -0.012534  0.999919  0.001978  0.000686  -0.001970  0.999998  0.000245  0.027312  
96.871799 0.006544  0.086071  0.007802  0.981461  0.191154  -0.013922  -0.190241  0.980444  0.050373  0.023279  -0.046791  0.998633  0.004158  -0.006720  0.004905  0.177026  0.053556  1.019941  2.000000  0.999903  0.013899  -0.000745  -0.013897  0.999901  0.002218  0.000775  -0.002208  0.999997  0.999621  0.027485  -0.001788  -0.027476  0.999611  0.004865  0.001921  -0.004814  0.999987  1.000000  0.000344  -0.000023  -0.000344  1.000000  0.000061  0.000023  -0.000061  1.000000  0.999903  0.013899  -0.000745  -0.013897  0.999901  0.002218  0.000775  -0.002208  0.999997  0.000257  0.027969  
96.873046 0.006551  0.086054  0.007809  0.981180  0.192582  -0.014065  -0.191654  0.980153  0.050682  0.023546  -0.047033  0.998616  0.004396  -0.007602  0.005163  0.186386  0.060257  1.068780  2.000000  0.999877  0.015645  -0.000863  -0.015643  0.999874  0.002526  0.000902  -0.002512  0.999996  0.999597  0.028321  -0.002005  -0.028310  0.999587  0.005012  0.002147  -0.004953  0.999985  1.000000  0.000354  -0.000026  -0.000354  1.000000  0.000062  0.000026  -0.000062  1.000000  0.999877  0.015645  -0.000863  -0.015643  0.999874  0.002526  0.000902  -0.002512  0.999996  0.000270  0.028829  
96.874302 0.006559  0.086038  0.007816  0.980900  0.194006  -0.014052  -0.193067  0.979855  0.051085  0.023680  -0.047396  0.998595  0.004721  -0.008694  0.005426  0.199709  0.062371  1.117135  2.000000  0.999848  0.017435  -0.000978  -0.017433  0.999844  0.002843  0.001027  -0.002826  0.999995  0.999580  0.028931  -0.001835  -0.028921  0.999568  0.005151  0.001984  -0.005096  0.999985  1.000000  0.000362  -0.000024  -0.000362  1.000000  0.000064  0.000024  -0.000064  1.000000  0.999848  0.017435  -0.000978  -0.017433  0.999844  0.002843  0.001027  -0.002826  0.999995  0.000282  0.029443  
96.875546 0.006566  0.086021  0.007821  0.980577  0.195629  -0.014052  -0.194682  0.979520  0.051372  0.023814  -0.047638  0.998581  0.004915  -0.009806  0.005391  0.209194  0.064253  1.172838  2.000000  0.999814  0.019240  -0.001074  -0.019237  0.999810  0.003167  0.001135  -0.003146  0.999994  0.999581  0.028919  -0.001557  -0.028910  0.999568  0.005276  0.001709  -0.005229  0.999985  1.000000  0.000361  -0.000020  -0.000361  1.000000  0.000066  0.000020  -0.000066  1.000000  0.999814  0.019240  -0.001074  -0.019237  0.999810  0.003167  0.001135  -0.003146  0.999994  0.000295  0.029437  
96.876797 0.006573  0.086002  0.007827  0.980293  0.197050  -0.014061  -0.196094  0.979224  0.051656  0.023948  -0.047880  0.998566  0.005086  -0.010872  0.005367  0.218541  0.066434  1.221675  2.000000  0.999778  0.021052  -0.001151  -0.021048  0.999772  0.003497  0.001224  -0.003472  0.999993  0.999582  0.028900  -0.001149  -0.028893  0.999569  0.005276  0.001301  -0.005240  0.999985  1.000000  0.000361  -0.000015  -0.000361  1.000000  0.000066  0.000015  -0.000066  1.000000  0.999778  0.021052  -0.001151  -0.021048  0.999772  0.003497  0.001224  -0.003472  0.999993  0.000307  0.029401  
96.878044 0.006578  0.085983  0.007833  0.980090  0.198061  -0.013960  -0.197103  0.979008  0.051907  0.023948  -0.048123  0.998554  0.005144  -0.011688  0.005369  0.227260  0.065379  1.243003  2.000000  0.999738  0.022848  -0.001222  -0.022843  0.999732  0.003832  0.001309  -0.003803  0.999992  0.999593  0.028489  -0.001163  -0.028482  0.999580  0.005391  0.001316  -0.005356  0.999985  1.000000  0.000356  -0.000015  -0.000356  1.000000  0.000067  0.000016  -0.000067  1.000000  0.999738  0.022848  -0.001222  -0.022843  0.999732  0.003832  0.001309  -0.003803  0.999992  0.000316  0.029019  
96.879044 0.006582  0.085967  0.007837  0.979928  0.198871  -0.013869  -0.197910  0.978832  0.052156  0.023948  -0.048365  0.998543  0.005220  -0.012408  0.005404  0.231095  0.065441  1.235620  2.000000  0.999713  0.023911  -0.001261  -0.023906  0.999706  0.004033  0.001357  -0.004002  0.999991  0.999600  0.028277  -0.001035  -0.028271  0.999586  0.005387  0.001187  -0.005355  0.999985  1.000000  0.000353  -0.000014  -0.000353  1.000000  0.000067  0.000014  -0.000067  1.000000  0.999713  0.023911  -0.001261  -0.023906  0.999706  0.004033  0.001357  -0.004002  0.999991  0.000315  0.028805  
96.880296 0.006588  0.085947  0.007843  0.979723  0.199881  -0.013767  -0.198919  0.978614  0.052408  0.023948  -0.048607  0.998531  0.005305  -0.013159  0.005361  0.235146  0.065210  1.235499  2.000000  0.999670  0.025658  -0.001324  -0.025652  0.999661  0.004375  0.001436  -0.004339  0.999990  0.999616  0.027667  -0.001193  -0.027661  0.999603  0.005373  0.001341  -0.005338  0.999985  1.000000  0.000346  -0.000016  -0.000346  1.000000  0.000067  0.000016  -0.000067  1.000000  0.999670  0.025658  -0.001324  -0.025652  0.999661  0.004375  0.001436  -0.004339  0.999990  0.000315  0.028210  
96.881544 0.006593  0.085925  0.007849  0.979515  0.200898  -0.013795  -0.199926  0.978393  0.052686  0.024081  -0.048849  0.998516  0.005291  -0.013841  0.005307  0.237613  0.072749  1.239750  2.000000  0.999625  0.027351  -0.001395  -0.027344  0.999615  0.004721  0.001524  -0.004681  0.999988  0.999639  0.026846  -0.001223  -0.026839  0.999624  0.005597  0.001373  -0.005562  0.999984  1.000000  0.000336  -0.000016  -0.000336  1.000000  0.000070  0.000016  -0.000070  1.000000  0.999625  0.027351  -0.001395  -0.027344  0.999615  0.004721  0.001524  -0.004681  0.999988  0.000317  0.027450  
96.882791 0.006596  0.085900  0.007857  0.979350  0.201709  -0.013678  -0.200733  0.978208  0.053054  0.024081  -0.049212  0.998498  0.005067  -0.014617  0.005276  0.241745  0.067919  1.239598  2.000000  0.999579  0.028972  -0.001471  -0.028964  0.999568  0.005073  0.001617  -0.005028  0.999986  0.999687  0.024996  -0.001309  -0.024989  0.999672  0.005558  0.001447  -0.005523  0.999984  1.000000  0.000312  -0.000017  -0.000312  1.000000  0.000069  0.000017  -0.000069  1.000000  0.999579  0.028972  -0.001471  -0.028964  0.999568  0.005073  0.001617  -0.005028  0.999986  0.000316  0.025639  
96.883793 0.006599  0.085880  0.007863  0.979223  0.202323  -0.013727  -0.201337  0.978069  0.053326  0.024215  -0.049454  0.998483  0.004808  -0.015329  0.005270  0.246042  0.063240  1.239424  2.000000  0.999543  0.030196  -0.001524  -0.030187  0.999530  0.005355  0.001685  -0.005307  0.999984  0.999707  0.024161  -0.001077  -0.024155  0.999692  0.005660  0.001213  -0.005632  0.999983  1.000000  0.000302  -0.000014  -0.000302  1.000000  0.000071  0.000014  -0.000071  1.000000  0.999543  0.030196  -0.001524  -0.030187  0.999530  0.005355  0.001685  -0.005307  0.999984  0.000319  0.024838  
96.884798 0.006601  0.085859  0.007870  0.979098  0.202930  -0.013645  -0.201942  0.977931  0.053572  0.024215  -0.049697  0.998471  0.004595  -0.015962  0.005294  0.247828  0.050941  1.228174  2.000000  0.999506  0.031376  -0.001577  -0.031366  0.999492  0.005641  0.001753  -0.005588  0.999983  0.999732  0.023134  -0.001122  -0.023127  0.999717  0.005640  0.001252  -0.005612  0.999983  1.000000  0.000289  -0.000015  -0.000289  1.000000  0.000070  0.000015  -0.000070  1.000000  0.999506  0.031376  -0.001577  -0.031366  0.999492  0.005641  0.001753  -0.005588  0.999983  0.000313  0.023837  
96.885799 0.006604  0.085838  0.007876  0.979012  0.203343  -0.013704  -0.202344  0.977833  0.053842  0.024349  -0.049939  0.998455  0.004390  -0.016486  0.005314  0.253644  0.046877  1.197274  2.000000  0.999470  0.032509  -0.001623  -0.032499  0.999454  0.005928  0.001815  -0.005872  0.999981  0.999751  0.022306  -0.001024  -0.022299  0.999735  0.005745  0.001152  -0.005720  0.999983  1.000000  0.000279  -0.000014  -0.000279  1.000000  0.000072  0.000014  -0.000072  1.000000  0.999470  0.032509  -0.001623  -0.032499  0.999454  0.005928  0.001815  -0.005872  0.999981  0.000309  0.023055  
96.887050 0.006608  0.085811  0.007885  0.978883  0.203956  -0.013752  -0.202948  0.977693  0.054115  0.024483  -0.050181  0.998440  0.004159  -0.017178  0.005447  0.254914  0.048908  1.165552  2.000000  0.999434  0.033601  -0.001665  -0.033590  0.999416  0.006217  0.001873  -0.006158  0.999979  0.999769  0.021477  -0.000924  -0.021471  0.999753  0.005728  0.001047  -0.005707  0.999983  1.000000  0.000268  -0.000012  -0.000268  1.000000  0.000071  0.000012  -0.000071  1.000000  0.999434  0.033601  -0.001665  -0.033590  0.999416  0.006217  0.001873  -0.006158  0.999979  0.000301  0.022246  
96.888295 0.006611  0.085783  0.007895  0.978755  0.204572  -0.013775  -0.203552  0.977546  0.054506  0.024616  -0.050544  0.998418  0.003859  -0.017845  0.005657  0.260620  0.049201  1.135580  2.000000  0.999389  0.034899  -0.001718  -0.034887  0.999370  0.006574  0.001947  -0.006510  0.999977  0.999795  0.020244  -0.000982  -0.020238  0.999780  0.005581  0.001095  -0.005560  0.999984  1.000000  0.000253  -0.000013  -0.000253  1.000000  0.000070  0.000013  -0.000070  1.000000  0.999389  0.034899  -0.001718  -0.034887  0.999370  0.006574  0.001947  -0.006510  0.999977  0.000293  0.021021  
96.889561 0.006613  0.085755  0.007903  0.978625  0.205186  -0.013823  -0.204156  0.977405  0.054779  0.024750  -0.050786  0.998403  0.003445  -0.018690  0.005807  0.261408  0.060909  1.089748  2.000000  0.999346  0.036115  -0.001766  -0.036102  0.999324  0.006920  0.002015  -0.006852  0.999974  0.999819  0.019004  -0.000907  -0.018999  0.999805  0.005433  0.001010  -0.005415  0.999985  1.000000  0.000238  -0.000012  -0.000238  1.000000  0.000068  0.000012  -0.000068  1.000000  0.999346  0.036115  -0.001766  -0.036102  0.999324  0.006920  0.002015  -0.006852  0.999974  0.000285  0.019785  
96.890793 0.006614  0.085726  0.007910  0.978541  0.205591  -0.013750  -0.204559  0.977307  0.055022  0.024750  -0.051028  0.998390  0.003121  -0.019424  0.005808  0.260333  0.058815  1.034812  2.000000  0.999314  0.037001  -0.001804  -0.036987  0.999290  0.007182  0.002069  -0.007110  0.999973  0.999856  0.016943  -0.000874  -0.016938  0.999844  0.005020  0.000959  -0.005004  0.999987  1.000000  0.000212  -0.000011  -0.000212  1.000000  0.000063  0.000011  -0.000063  1.000000  0.999314  0.037001  -0.001804  -0.036987  0.999290  0.007182  0.002069  -0.007110  0.999973  0.000272  0.017691  
96.891796 0.006616  0.085703  0.007914  0.978457  0.205995  -0.013703  -0.204962  0.977215  0.055146  0.024750  -0.051149  0.998384  0.002879  -0.019979  0.005839  0.259552  0.060710  0.994041  2.000000  0.999283  0.037811  -0.001834  -0.037797  0.999258  0.007435  0.002114  -0.007360  0.999971  0.999877  0.015696  -0.000667  -0.015692  0.999864  0.004990  0.000745  -0.004979  0.999987  1.000000  0.000196  -0.000009  -0.000196  1.000000  0.000062  0.000009  -0.000062  1.000000  0.999283  0.037811  -0.001834  -0.037797  0.999258  0.007435  0.002114  -0.007360  0.999971  0.000260  0.016483  
96.893045 0.006617  0.085674  0.007920  0.978418  0.206191  -0.013536  -0.205164  0.977168  0.055240  0.024616  -0.051271  0.998381  0.002522  -0.020731  0.005877  0.254054  0.049655  0.937341  2.000000  0.999247  0.038756  -0.001861  -0.038740  0.999219  0.007738  0.002160  -0.007660  0.999968  0.999893  0.014655  -0.000451  -0.014652  0.999882  0.004721  0.000520  -0.004714  0.999989  1.000000  0.000183  -0.000006  -0.000183  1.000000  0.000059  0.000006  -0.000059  1.000000  0.999247  0.038756  -0.001861  -0.038740  0.999219  0.007738  0.002160  -0.007660  0.999968  0.000247  0.015402  
96.894294 0.006619  0.085647  0.007927  0.978333  0.206597  -0.013463  -0.205567  0.977069  0.055482  0.024616  -0.051513  0.998369  0.002276  -0.021138  0.005908  0.255187  0.042147  0.888146  2.000000  0.999219  0.039462  -0.001873  -0.039446  0.999190  0.007974  0.002186  -0.007893  0.999966  0.999904  0.013826  -0.000356  -0.013824  0.999893  0.004701  0.000421  -0.004696  0.999989  1.000000  0.000173  -0.000005  -0.000173  1.000000  0.000059  0.000005  -0.000059  1.000000  0.999219  0.039462  -0.001873  -0.039446  0.999190  0.007974  0.002186  -0.007893  0.999966  0.000233  0.014607  
96.895295 0.006620  0.085627  0.007933  0.978288  0.206807  -0.013557  -0.205767  0.977018  0.055631  0.024750  -0.051634  0.998359  0.002093  -0.021335  0.005980  0.252225  0.040170  0.846791  2.000000  0.999193  0.040128  -0.001883  -0.040111  0.999162  0.008204  0.002210  -0.008122  0.999965  0.999915  0.013004  -0.000397  -0.013002  0.999905  0.004562  0.000456  -0.004556  0.999990  1.000000  0.000163  -0.000005  -0.000163  1.000000  0.000057  0.000005  -0.000057  1.000000  0.999193  0.040128  -0.001883  -0.040111  0.999162  0.008204  0.002210  -0.008122  0.999965  0.000225  0.013786  
96.896296 0.006621  0.085605  0.007938  0.978246  0.207009  -0.013520  -0.205969  0.976969  0.055752  0.024750  -0.051755  0.998353  0.001879  -0.021654  0.005982  0.245570  0.036569  0.812386  2.000000  0.999168  0.040744  -0.001895  -0.040727  0.999135  0.008429  0.002236  -0.008345  0.999963  0.999928  0.011969  -0.000316  -0.011968  0.999919  0.004416  0.000368  -0.004412  0.999990  1.000000  0.000150  -0.000004  -0.000150  1.000000  0.000055  0.000004  -0.000055  1.000000  0.999168  0.040744  -0.001895  -0.040727  0.999135  0.008429  0.002236  -0.008345  0.999963  0.000214  0.012761  
96.897543 0.006621  0.085578  0.007943  0.978206  0.207207  -0.013328  -0.206171  0.976914  0.055965  0.024616  -0.051997  0.998344  0.001707  -0.021862  0.005833  0.236040  0.025914  0.749950  2.000000  0.999139  0.041438  -0.001907  -0.041420  0.999104  0.008701  0.002266  -0.008615  0.999960  0.999942  0.010736  -0.000379  -0.010734  0.999933  0.004265  0.000424  -0.004260  0.999991  1.000000  0.000134  -0.000005  -0.000134  1.000000  0.000053  0.000005  -0.000053  1.000000  0.999139  0.041438  -0.001907  -0.041420  0.999104  0.008701  0.002266  -0.008615  0.999960  0.000198  0.011558  
96.898791 0.006621  0.085551  0.007949  0.978164  0.207410  -0.013291  -0.206372  0.976865  0.056086  0.024616  -0.052118  0.998337  0.001518  -0.021968  0.005723  0.224293  0.024814  0.687221  2.000000  0.999113  0.042057  -0.001907  -0.042038  0.999076  0.008968  0.002283  -0.008880  0.999958  0.999955  0.009489  -0.000173  -0.009488  0.999946  0.004234  0.000214  -0.004232  0.999991  1.000000  0.000119  -0.000002  -0.000119  1.000000  0.000053  0.000002  -0.000053  1.000000  0.999113  0.042057  -0.001907  -0.042038  0.999076  0.008968  0.002283  -0.008880  0.999958  0.000185  0.010392  
96.899793 0.006622  0.085529  0.007955  0.978121  0.207614  -0.013229  -0.206574  0.976808  0.056326  0.024616  -0.052360  0.998325  0.001361  -0.022026  0.005642  0.219346  0.022528  0.639317  2.000000  0.999094  0.042508  -0.001909  -0.042489  0.999055  0.009178  0.002297  -0.009088  0.999956  0.999962  0.008667  -0.000215  -0.008666  0.999954  0.004092  0.000251  -0.004090  0.999992  1.000000  0.000108  -0.000003  -0.000108  1.000000  0.000051  0.000003  -0.000051  1.000000  0.999094  0.042508  -0.001909  -0.042489  0.999055  0.009178  0.002297  -0.009088  0.999956  0.000169  0.009587  
96.900794 0.006623  0.085506  0.007961  0.978079  0.207817  -0.013192  -0.206775  0.976759  0.056447  0.024616  -0.052482  0.998318  0.001232  -0.022102  0.005642  0.216597  0.019135  0.605460  2.000000  0.999076  0.042926  -0.001913  -0.042907  0.999035  0.009385  0.002314  -0.009295  0.999954  0.999968  0.008051  -0.000246  -0.008049  0.999959  0.004199  0.000280  -0.004197  0.999991  1.000000  0.000101  -0.000003  -0.000101  1.000000  0.000052  0.000003  -0.000052  1.000000  0.999076  0.042926  -0.001913  -0.042907  0.999035  0.009385  0.002314  -0.009295  0.999954  0.000163  0.009083  
96.901798 0.006624  0.085484  0.007967  0.978079  0.207818  -0.013167  -0.206775  0.976752  0.056565  0.024616  -0.052603  0.998312  0.001120  -0.022145  0.005566  0.207552  0.016579  0.564090  2.000000  0.999064  0.043220  -0.001916  -0.043200  0.999021  0.009540  0.002327  -0.009448  0.999953  0.999971  0.007640  -0.000267  -0.007638  0.999963  0.004067  0.000298  -0.004065  0.999992  1.000000  0.000095  -0.000004  -0.000095  1.000000  0.000051  0.000004  -0.000051  1.000000  0.999064  0.043220  -0.001916  -0.043200  0.999021  0.009540  0.002327  -0.009448  0.999953  0.000152  0.008659  
96.903043 0.006626  0.085457  0.007977  0.978036  0.208023  -0.013105  -0.206976  0.976695  0.056805  0.024616  -0.052845  0.998299  0.001072  -0.022163  0.005563  0.206649  0.009590  0.522566  2.000000  0.999044  0.043669  -0.001919  -0.043649  0.998999  0.009792  0.002345  -0.009699  0.999950  0.999977  0.006810  -0.000175  -0.006810  0.999969  0.004048  0.000202  -0.004046  0.999992  1.000000  0.000085  -0.000002  -0.000085  1.000000  0.000051  0.000002  -0.000051  1.000000  0.999044  0.043669  -0.001919  -0.043649  0.998999  0.009792  0.002345  -0.009699  0.999950  0.000142  0.007924  
96.904046 0.006627  0.085434  0.007984  0.978036  0.208024  -0.013080  -0.206976  0.976689  0.056923  0.024616  -0.052966  0.998293  0.001021  -0.022184  0.005574  0.199114  0.007483  0.478408  2.000000  0.999030  0.043992  -0.001921  -0.043971  0.998983  0.009987  0.002358  -0.009893  0.999948  0.999981  0.006194  -0.000207  -0.006193  0.999973  0.003911  0.000231  -0.003910  0.999992  1.000000  0.000077  -0.000003  -0.000077  1.000000  0.000049  0.000003  -0.000049  1.000000  0.999030  0.043992  -0.001921  -0.043971  0.998983  0.009987  0.002358  -0.009893  0.999948  0.000132  0.007328  
96.905047 0.006629  0.085412  0.007991  0.978033  0.208033  -0.013185  -0.206976  0.976680  0.057070  0.024750  -0.053087  0.998283  0.001021  -0.022210  0.005678  0.196626  0.013542  0.440313  2.000000  0.999017  0.044281  -0.001921  -0.044259  0.998968  0.010176  0.002370  -0.010081  0.999946  0.999984  0.005570  -0.000105  -0.005570  0.999977  0.003775  0.000126  -0.003774  0.999993  1.000000  0.000070  -0.000001  -0.000070  1.000000  0.000047  0.000001  -0.000047  1.000000  0.999017  0.044281  -0.001921  -0.044259  0.998968  0.010176  0.002370  -0.010081  0.999946  0.000124  0.006730  
96.906303 0.006632  0.085385  0.007999  0.977990  0.208235  -0.013148  -0.207177  0.976630  0.057191  0.024750  -0.053208  0.998277  0.001075  -0.021966  0.005837  0.188906  0.011501  0.395274  2.000000  0.999002  0.044614  -0.001924  -0.044592  0.998951  0.010403  0.002386  -0.010306  0.999944  0.999987  0.005159  -0.000127  -0.005159  0.999980  0.003523  0.000145  -0.003522  0.999994  1.000000  0.000064  -0.000002  -0.000064  1.000000  0.000044  0.000002  -0.000044  1.000000  0.999002  0.044614  -0.001924  -0.044592  0.998951  0.010403  0.002386  -0.010306  0.999944  0.000111  0.006248  
96.907543 0.006635  0.085357  0.008008  0.977948  0.208438  -0.013111  -0.207378  0.976581  0.057312  0.024750  -0.053329  0.998270  0.001230  -0.021895  0.005996  0.182719  0.008276  0.364500  2.000000  0.999000  0.044679  -0.001924  -0.044656  0.998948  0.010445  0.002389  -0.010349  0.999944  0.999990  0.004536  -0.000025  -0.004535  0.999984  0.003265  0.000040  -0.003265  0.999995  1.000000  0.000000  0.000000  0.000000  1.000000  0.000000  0.000000  0.000000  1.000000  0.999000  0.044679  -0.001924  -0.044656  0.998948  0.010445  0.002389  -0.010349  0.999944  0.000103  0.000000  
96.908551 0.006639  0.085336  0.008015  0.977908  0.208634  -0.012944  -0.207580  0.976532  0.057405  0.024616  -0.053450  0.998267  0.001400  -0.021857  0.006149  0.183507  0.005215  0.339603  2.000000  0.999000  0.044679  -0.001924  -0.044656  0.998948  0.010445  0.002389  -0.010349  0.999944  0.999991  0.004323  0.000098  -0.004323  0.999986  0.003139  -0.000084  -0.003139  0.999995  1.000000  0.000000  0.000000  0.000000  1.000000  0.000000  0.000000  0.000000  1.000000  0.999000  0.044679  -0.001924  -0.044656  0.998948  0.010445  0.002389  -0.010349  0.999944  0.000098  0.000000  
96.909793 0.006643  0.085310  0.008022  0.977908  0.208635  -0.012918  -0.207580  0.976525  0.057524  0.024616  -0.053571  0.998261  0.001587  -0.021814  0.006176  0.177317  0.006513  0.309458  2.000000  0.999000  0.044679  -0.001924  -0.044656  0.998948  0.010445  0.002389  -0.010349  0.999944  0.999993  0.003699  0.000199  -0.003700  0.999989  0.003002  -0.000188  -0.003003  0.999995  1.000000  0.000000  0.000000  0.000000  1.000000  0.000000  0.000000  0.000000  1.000000  0.999000  0.044679  -0.001924  -0.044656  0.998948  0.010445  0.002389  -0.010349  0.999944  0.000090  0.000000  
96.911043 0.006648  0.085285  0.008030  0.977865  0.208836  -0.012906  -0.207782  0.976482  0.057526  0.024616  -0.053571  0.998261  0.001835  -0.021734  0.006247  0.168560  0.007879  0.282047  2.000000  0.999000  0.044679  -0.001924  -0.044656  0.998948  0.010445  0.002389  -0.010349  0.999944  0.999995  0.003281  0.000310  -0.003282  0.999991  0.002749  -0.000301  -0.002750  0.999996  1.000000  0.000000  0.000000  0.000000  1.000000  0.000000  0.000000  0.000000  1.000000  0.999000  0.044679  -0.001924  -0.044656  0.998948  0.010445  0.002389  -0.010349  0.999944  0.000084  0.000000  
96.912044 0.006653  0.085264  0.008035  0.977865  0.208838  -0.012881  -0.207782  0.976475  0.057645  0.024616  -0.053692  0.998254  0.002161  -0.021639  0.006304  0.161021  0.005164  0.249677  2.000000  0.999000  0.044679  -0.001924  -0.044656  0.998948  0.010445  0.002389  -0.010349  0.999944  0.999995  0.003075  0.000300  -0.003076  0.999992  0.002744  -0.000291  -0.002745  0.999996  1.000000  0.000000  0.000000  0.000000  1.000000  0.000000  0.000000  0.000000  1.000000  0.999000  0.044679  -0.001924  -0.044656  0.998948  0.010445  0.002389  -0.010349  0.999944  0.000076  0.000000  
96.913293 0.006660  0.085240  0.008042  0.977823  0.209040  -0.012844  -0.207983  0.976425  0.057766  0.024616  -0.053814  0.998248  0.002595  -0.021420  0.006351  0.155289  0.005783  0.233875  2.000000  0.999000  0.044679  -0.001924  -0.044656  0.998948  0.010445  0.002389  -0.010349  0.999944  0.999996  0.002877  0.000155  -0.002878  0.999993  0.002497  -0.000148  -0.002497  0.999997  1.000000  0.000000  0.000000  0.000000  1.000000  0.000000  0.000000  0.000000  1.000000  0.999000  0.044679  -0.001924  -0.044656  0.998948  0.010445  0.002389  -0.010349  0.999944  0.000070  0.000000  
96.914298 0.006666  0.085220  0.008047  0.977783  0.209234  -0.012701  -0.208185  0.976384  0.057741  0.024483  -0.053814  0.998251  0.002986  -0.021244  0.006338  0.148061  -0.002464  0.221496  2.000000  0.999000  0.044679  -0.001924  -0.044656  0.998948  0.010445  0.002389  -0.010349  0.999944  0.999997  0.002459  0.000267  -0.002460  0.999994  0.002486  -0.000261  -0.002487  0.999997  1.000000  0.000000  0.000000  0.000000  1.000000  0.000000  0.000000  0.000000  1.000000  0.999000  0.044679  -0.001924  -0.044656  0.998948  0.010445  0.002389  -0.010349  0.999944  0.000067  0.000000  
96.915543 0.006673  0.085195  0.008053  0.977783  0.209237  -0.012651  -0.208185  0.976370  0.057978  0.024483  -0.054056  0.998238  0.003420  -0.021064  0.006256  0.146389  -0.005883  0.198936  2.000000  0.999000  0.044679  -0.001924  -0.044656  0.998948  0.010445  0.002389  -0.010349  0.999944  0.999997  0.002452  0.000401  -0.002453  0.999994  0.002365  -0.000395  -0.002366  0.999997  1.000000  0.000000  0.000000  0.000000  1.000000  0.000000  0.000000  0.000000  1.000000  0.999000  0.044679  -0.001924  -0.044656  0.998948  0.010445  0.002389  -0.010349  0.999944  0.000063  0.000000  
96.916792 0.006680  0.085170  0.008060  0.977740  0.209440  -0.012613  -0.208386  0.976319  0.058099  0.024483  -0.054177  0.998231  0.003701  -0.020936  0.006202  0.137978  -0.009669  0.184997  2.000000  0.999000  0.044679  -0.001924  -0.044656  0.998948  0.010445  0.002389  -0.010349  0.999944  0.999997  0.002246  0.000390  -0.002247  0.999994  0.002481  -0.000384  -0.002482  0.999997  1.000000  0.000000  0.000000  0.000000  1.000000  0.000000  0.000000  0.000000  1.000000  0.999000  0.044679  -0.001924  -0.044656  0.998948  0.010445  0.002389  -0.010349  0.999944  0.000057  0.000000  
96.918065 0.006688  0.085145  0.008068  0.977740  0.209442  -0.012588  -0.208386  0.976312  0.058217  0.024483  -0.054298  0.998225  0.004155  -0.020748  0.006082  0.130385  -0.013189  0.165459  2.000000  0.999000  0.044679  -0.001924  -0.044656  0.998948  0.010445  0.002389  -0.010349  0.999944  0.999997  0.002246  0.000390  -0.002247  0.999994  0.002481  -0.000385  -0.002482  0.999997  1.000000  0.000000  0.000000  0.000000  1.000000  0.000000  0.000000  0.000000  1.000000  0.999000  0.044679  -0.001924  -0.044656  0.998948  0.010445  0.002389  -0.010349  0.999944  0.000054  0.000000  
96.919293 0.006696  0.085119  0.008076  0.977697  0.209646  -0.012525  -0.208587  0.976255  0.058456  0.024483  -0.054540  0.998211  0.004562  -0.020608  0.006055  0.000000  0.000000  0.000000  2.000000  0.999000  0.044679  -0.001924  -0.044656  0.998948  0.010445  0.002389  -0.010349  0.999944  0.999997  0.002459  0.000268  -0.002459  0.999994  0.002365  -0.000262  -0.002366  0.999997  1.000000  0.000000  0.000000  0.000000  1.000000  0.000000  0.000000  0.000000  1.000000  0.999000  0.044679  -0.001924  -0.044656  0.998948  0.010445  0.002389  -0.010349  0.999944  0.000000  0.000000  
96.920298 0.006703  0.085099  0.008084  0.977654  0.209848  -0.012487  -0.208789  0.976205  0.058577  0.024483  -0.054661  0.998205  0.004993  -0.020451  0.006052  0.000000  0.000000  0.000000  2.000000  0.999000  0.044679  -0.001924  -0.044656  0.998948  0.010445  0.002389  -0.010349  0.999944  0.999997  0.002459  0.000269  -0.002459  0.999994  0.002486  -0.000263  -0.002487  0.999997  1.000000  0.000000  0.000000  0.000000  1.000000  0.000000  0.000000  0.000000  1.000000  0.999000  0.044679  -0.001924  -0.044656  0.998948  0.010445  0.002389  -0.010349  0.999944  0.000000  0.000000  
96.921544 0.006713  0.085073  0.008093  0.977654  0.209850  -0.012462  -0.208789  0.976198  0.058696  0.024483  -0.054782  0.998198  0.005422  -0.020376  0.006094  0.000000  0.000000  0.000000  2.000000  0.999000  0.044679  -0.001924  -0.044656  0.998948  0.010445  0.002389  -0.010349  0.999944  0.999997  0.002253  0.000258  -0.002254  0.999995  0.002360  -0.000252  -0.002361  0.999997  1.000000  0.000000  0.000000  0.000000  1.000000  0.000000  0.000000  0.000000  1.000000  0.999000  0.044679  -0.001924  -0.044656  0.998948  0.010445  0.002389  -0.010349  0.999944  0.000000  0.000000  
