1-Time 2-Px 3-Py 4-Pz 5-R11 6-R21 7-R31 8-R12 9-R22 10-R32 11-R13 12-R23 13-R33 14-Vx 15-Vy 16-Vz 17-Wx 18-Wy 19-Wz 20-state 21-PR11 22-PR21 23-PR31 24-PR12 25-PR22 26-PR32 27-PR13 28-PR23 29-PR33 
82.393977 0.008588  0.087639  0.000784  0.991298  0.131244  0.010160  -0.131580  0.990187  0.047088  -0.003880  -0.048015  0.998839  -0.000668  0.002633  -0.001015  0.000000  0.000000  0.000000  2.000000  1.000000  0.000000  0.000000  -0.000000  1.000000  0.000000  0.000000  -0.000000  1.000000  1.000000  -0.000206  -0.000010  0.000206  1.000000  0.000001  0.000010  -0.000001  1.000000  1.000000  0.000000  0.000000  0.000000  1.000000  0.000000  0.000000  0.000000  1.000000  0.637938  0.572860  -0.514652  -0.609200  0.784221  0.117783  0.471074  0.238388  0.849270  0.000000  0.000000  
82.394983 0.008587  0.087641  0.000784  0.991271  0.131448  0.010170  -0.131784  0.990160  0.047086  -0.003880  -0.048015  0.998839  -0.000660  0.002604  -0.001002  0.000000  0.000000  0.000000  2.000000  1.000000  0.000000  0.000000  0.000000  1.000000  0.000000  0.000000  0.000000  1.000000  1.000000  -0.000206  -0.000010  0.000206  1.000000  0.000001  0.000010  -0.000001  1.000000  1.000000  0.000000  0.000000  0.000000  1.000000  0.000000  0.000000  0.000000  1.000000  1.000000  0.000000  0.000000  0.000000  1.000000  0.000000  0.000000  0.000000  1.000000  0.000000  0.000000  
82.396235 0.008587  0.087641  0.000782  0.991189  0.132060  0.010199  -0.132396  0.990078  0.047079  -0.003880  -0.048015  0.998839  -0.000624  0.002340  -0.001060  0.000000  0.000000  0.000000  2.000000  1.000000  0.000000  0.000000  0.000000  1.000000  0.000000  0.000000  0.000000  1.000000  1.000000  0.000411  0.000020  -0.000411  1.000000  -0.000002  -0.000020  0.000002  1.000000  1.000000  0.000000  0.000000  0.000000  1.000000  0.000000  0.000000  0.000000  1.000000  1.000000  0.000000  0.000000  0.000000  1.000000  0.000000  0.000000  0.000000  1.000000  0.000000  0.000000  
82.397484 0.008587  0.087640  0.000780  0.991052  0.133071  0.010396  -0.133416  0.989937  0.047171  -0.004014  -0.048136  0.998833  -0.000526  0.002044  -0.001105  0.000000  0.000000  0.000000  2.000000  1.000000  0.000000  0.000000  0.000000  1.000000  0.000000  0.000000  0.000000  1.000000  0.999999  0.001639  0.000213  -0.001639  0.999999  0.000115  -0.000213  -0.000115  1.000000  1.000000  0.000000  0.000000  0.000000  1.000000  0.000000  0.000000  0.000000  1.000000  1.000000  0.000000  0.000000  0.000000  1.000000  0.000000  0.000000  0.000000  1.000000  0.000000  0.000000  
82.398731 0.008589  0.087637  0.000778  0.990969  0.133673  0.010590  -0.134028  0.989844  0.047387  -0.004148  -0.048378  0.998820  -0.000365  0.001668  -0.001076  0.000000  0.000000  0.000000  2.000000  1.000000  0.000000  0.000000  0.000000  1.000000  0.000000  0.000000  0.000000  1.000000  0.999997  0.002455  0.000386  -0.002455  0.999997  0.000232  -0.000386  -0.000233  1.000000  1.000000  0.000000  0.000000  0.000000  1.000000  0.000000  0.000000  0.000000  1.000000  1.000000  0.000000  0.000000  0.000000  1.000000  0.000000  0.000000  0.000000  1.000000  0.000000  0.000000  
82.399977 0.008590  0.087635  0.000778  0.990885  0.134277  0.010768  -0.134640  0.989756  0.047482  -0.004282  -0.048499  0.998814  -0.000196  0.001264  -0.001036  0.000000  0.000000  0.000000  2.000000  1.000000  0.000000  0.000000  0.000000  1.000000  0.000000  0.000000  0.000000  1.000000  0.999996  0.002859  0.000541  -0.002860  0.999996  0.000473  -0.000539  -0.000474  1.000000  1.000000  0.000000  0.000000  0.000000  1.000000  0.000000  0.000000  0.000000  1.000000  1.000000  0.000000  0.000000  0.000000  1.000000  0.000000  0.000000  0.000000  1.000000  0.000000  0.000000  
82.400981 0.008592  0.087634  0.000777  0.990830  0.134690  0.010671  -0.135048  0.989694  0.047616  -0.004148  -0.048621  0.998809  -0.000018  0.000969  -0.001010  0.000000  0.000000  0.000000  2.000000  1.000000  0.000000  0.000000  0.000000  1.000000  0.000000  0.000000  0.000000  1.000000  0.999994  0.003483  0.000437  -0.003483  0.999994  0.000592  -0.000435  -0.000593  1.000000  1.000000  0.000000  0.000000  0.000000  1.000000  0.000000  0.000000  0.000000  1.000000  1.000000  0.000000  0.000000  0.000000  1.000000  0.000000  0.000000  0.000000  1.000000  0.000000  0.000000  
82.402234 0.008595  0.087632  0.000778  0.990692  0.135719  0.010488  -0.136068  0.989542  0.047881  -0.003880  -0.048863  0.998798  0.000239  0.000675  -0.000915  0.000000  0.000000  0.000000  2.000000  1.000000  0.000000  0.000000  0.000000  1.000000  0.000000  0.000000  0.000000  1.000000  0.999991  0.004312  0.000344  -0.004312  0.999990  0.000710  -0.000341  -0.000711  1.000000  1.000000  0.000000  0.000000  0.000000  1.000000  0.000000  0.000000  0.000000  1.000000  1.000000  0.000000  0.000000  0.000000  1.000000  0.000000  0.000000  0.000000  1.000000  0.000000  0.000000  
82.403477 0.008598  0.087630  0.000778  0.990524  0.136946  0.010432  -0.137292  0.989367  0.048007  -0.003746  -0.048984  0.998793  0.000497  0.000334  -0.000761  0.031895  -0.004568  0.186781  2.000000  1.000000  0.000136  0.000003  -0.000136  1.000000  0.000022  -0.000003  -0.000022  1.000000  0.999985  0.005558  0.000139  -0.005558  0.999984  0.000949  -0.000133  -0.000950  1.000000  1.000000  0.000069  0.000002  -0.000069  1.000000  0.000012  -0.000002  -0.000012  1.000000  1.000000  0.000136  0.000003  -0.000136  1.000000  0.000022  -0.000003  -0.000022  1.000000  0.000046  0.005641  
82.404729 0.008601  0.087628  0.000778  0.990353  0.138167  0.010508  -0.138515  0.989191  0.048114  -0.003746  -0.049105  0.998787  0.000753  -0.000048  -0.000697  0.035850  -0.006602  0.228471  2.000000  1.000000  0.000530  0.000014  -0.000530  1.000000  0.000084  -0.000014  -0.000084  1.000000  0.999977  0.006792  0.000200  -0.006792  0.999976  0.001065  -0.000193  -0.001066  0.999999  1.000000  0.000085  0.000002  -0.000085  1.000000  0.000013  -0.000002  -0.000013  1.000000  1.000000  0.000530  0.000014  -0.000530  1.000000  0.000084  -0.000014  -0.000084  1.000000  0.000056  0.006878  
82.405976 0.008605  0.087626  0.000777  0.990152  0.139584  0.010726  -0.139942  0.988986  0.048200  -0.003880  -0.049226  0.998780  0.001064  -0.000386  -0.000693  0.039689  -0.013455  0.276409  2.000000  0.999999  0.001003  0.000029  -0.001003  0.999999  0.000155  -0.000029  -0.000155  1.000000  0.999968  0.008026  0.000261  -0.008026  0.999967  0.001181  -0.000252  -0.001183  0.999999  1.000000  0.000100  0.000003  -0.000100  1.000000  0.000015  -0.000003  -0.000015  1.000000  0.999999  0.001003  0.000029  -0.001003  0.999999  0.000155  -0.000029  -0.000155  1.000000  0.000067  0.008117  
82.406976 0.008608  0.087625  0.000777  0.990008  0.140601  0.010793  -0.140961  0.988836  0.048309  -0.003880  -0.049347  0.998774  0.001306  -0.000624  -0.000623  0.043612  -0.015496  0.317931  2.000000  0.999999  0.001440  0.000050  -0.001440  0.999999  0.000219  -0.000050  -0.000219  1.000000  0.999959  0.009047  0.000447  -0.009048  0.999958  0.001297  -0.000435  -0.001301  0.999999  1.000000  0.000113  0.000006  -0.000113  1.000000  0.000016  -0.000006  -0.000016  1.000000  0.999999  0.001440  0.000050  -0.001440  0.999999  0.000219  -0.000050  -0.000219  1.000000  0.000075  0.009151  
82.407976 0.008612  0.087624  0.000778  0.989832  0.141815  0.011002  -0.142184  0.988656  0.048396  -0.004014  -0.049469  0.998768  0.001612  -0.000856  -0.000450  0.047500  -0.022029  0.359148  2.000000  0.999998  0.001934  0.000079  -0.001934  0.999998  0.000287  -0.000079  -0.000287  1.000000  0.999947  0.010274  0.000643  -0.010275  0.999946  0.001412  -0.000628  -0.001418  0.999999  1.000000  0.000128  0.000008  -0.000128  1.000000  0.000018  -0.000008  -0.000018  1.000000  0.999998  0.001934  0.000079  -0.001934  0.999998  0.000287  -0.000079  -0.000287  1.000000  0.000087  0.010391  
82.409226 0.008615  0.087622  0.000781  0.989626  0.143238  0.011089  -0.143610  0.988445  0.048500  -0.004014  -0.049590  0.998762  0.001880  -0.001179  -0.000256  0.051385  -0.024414  0.407520  2.000000  0.999997  0.002635  0.000122  -0.002635  0.999996  0.000378  -0.000121  -0.000378  1.000000  0.999931  0.011713  0.000715  -0.011714  0.999930  0.001526  -0.000697  -0.001535  0.999999  1.000000  0.000146  0.000009  -0.000146  1.000000  0.000019  -0.000009  -0.000019  1.000000  0.999997  0.002635  0.000122  -0.002635  0.999996  0.000378  -0.000121  -0.000378  1.000000  0.000099  0.011835  
82.410228 0.008618  0.087618  0.000782  0.989449  0.144464  0.011034  -0.144833  0.988261  0.048626  -0.003880  -0.049711  0.998756  0.002086  -0.001536  -0.000092  0.055329  -0.021976  0.449213  2.000000  0.999995  0.003108  0.000150  -0.003108  0.999995  0.000438  -0.000149  -0.000438  1.000000  0.999916  0.012947  0.000778  -0.012948  0.999915  0.001642  -0.000757  -0.001652  0.999998  1.000000  0.000162  0.000010  -0.000162  1.000000  0.000021  -0.000010  -0.000021  1.000000  0.999995  0.003108  0.000150  -0.003108  0.999995  0.000438  -0.000149  -0.000438  1.000000  0.000110  0.013075  
82.411229 0.008621  0.087613  0.000783  0.989299  0.145480  0.011102  -0.145851  0.988105  0.048734  -0.003880  -0.049832  0.998750  0.002286  -0.001869  0.000060  0.059257  -0.023691  0.483655  2.000000  0.999993  0.003791  0.000184  -0.003791  0.999993  0.000523  -0.000182  -0.000524  1.000000  0.999902  0.013981  0.000697  -0.013983  0.999901  0.001760  -0.000673  -0.001770  0.999998  1.000000  0.000175  0.000009  -0.000175  1.000000  0.000022  -0.000009  -0.000022  1.000000  0.999993  0.003791  0.000184  -0.003791  0.999993  0.000523  -0.000182  -0.000524  1.000000  0.000119  0.014110  
82.412481 0.008624  0.087605  0.000784  0.989119  0.146704  0.011066  -0.147073  0.987912  0.048980  -0.003746  -0.050074  0.998738  0.002447  -0.002296  0.000295  0.067275  -0.021292  0.525267  2.000000  0.999989  0.004719  0.000225  -0.004719  0.999989  0.000641  -0.000222  -0.000642  1.000000  0.999881  0.015427  0.000639  -0.015428  0.999879  0.001998  -0.000608  -0.002008  0.999998  1.000000  0.000193  0.000008  -0.000193  1.000000  0.000025  -0.000008  -0.000025  1.000000  0.999989  0.004719  0.000225  -0.004719  0.999989  0.000641  -0.000222  -0.000642  1.000000  0.000131  0.015570  
82.413730 0.008627  0.087596  0.000788  0.988937  0.147928  0.011030  -0.148295  0.987717  0.049226  -0.003613  -0.050317  0.998727  0.002531  -0.002735  0.000609  0.075309  -0.018907  0.566968  2.000000  0.999984  0.005725  0.000264  -0.005725  0.999983  0.000772  -0.000259  -0.000773  1.000000  0.999861  0.016667  0.000571  -0.016668  0.999859  0.002237  -0.000534  -0.002247  0.999997  1.000000  0.000208  0.000007  -0.000208  1.000000  0.000028  -0.000007  -0.000028  1.000000  0.999984  0.005725  0.000264  -0.005725  0.999983  0.000772  -0.000259  -0.000773  1.000000  0.000141  0.016828  
82.414730 0.008629  0.087587  0.000790  0.988783  0.148942  0.011117  -0.149313  0.987553  0.049454  -0.003613  -0.050559  0.998715  0.002621  -0.003191  0.000788  0.083328  -0.020680  0.601492  2.000000  0.999978  0.006584  0.000293  -0.006584  0.999978  0.000889  -0.000287  -0.000891  1.000000  0.999847  0.017489  0.000617  -0.017491  0.999844  0.002476  -0.000573  -0.002487  0.999997  1.000000  0.000219  0.000007  -0.000219  1.000000  0.000031  -0.000007  -0.000031  1.000000  0.999978  0.006584  0.000293  -0.006584  0.999978  0.000889  -0.000287  -0.000891  1.000000  0.000148  0.017676  
82.415981 0.008633  0.087575  0.000792  0.988567  0.150362  0.011224  -0.150737  0.987325  0.049677  -0.003613  -0.050801  0.998702  0.002685  -0.003924  0.000955  0.091295  -0.023145  0.649836  2.000000  0.999970  0.007723  0.000334  -0.007724  0.999970  0.001052  -0.000326  -0.001054  0.999999  0.999828  0.018517  0.000673  -0.018519  0.999825  0.002714  -0.000623  -0.002726  0.999996  1.000000  0.000231  0.000008  -0.000231  1.000000  0.000034  -0.000008  -0.000034  1.000000  0.999970  0.007723  0.000334  -0.007724  0.999970  0.001052  -0.000326  -0.001054  0.999999  0.000161  0.018729  
82.417230 0.008637  0.087561  0.000793  0.988380  0.151578  0.011341  -0.151958  0.987120  0.050023  -0.003613  -0.051165  0.998684  0.002770  -0.004729  0.001012  0.103369  -0.025322  0.691310  2.000000  0.999960  0.008906  0.000374  -0.008907  0.999960  0.001227  -0.000363  -0.001231  0.999999  0.999817  0.019140  0.000576  -0.019142  0.999813  0.002833  -0.000521  -0.002843  0.999996  1.000000  0.000239  0.000007  -0.000239  1.000000  0.000035  -0.000007  -0.000035  1.000000  0.999960  0.008906  0.000374  -0.008907  0.999960  0.001227  -0.000363  -0.001231  0.999999  0.000173  0.019359  
82.418486 0.008640  0.087546  0.000793  0.988223  0.152591  0.011429  -0.152976  0.986952  0.050250  -0.003613  -0.051407  0.998671  0.002790  -0.005654  0.000994  0.111369  -0.027121  0.725714  2.000000  0.999951  0.009871  0.000402  -0.009872  0.999950  0.001380  -0.000388  -0.001383  0.999999  0.999813  0.019352  0.000460  -0.019354  0.999808  0.003074  -0.000400  -0.003082  0.999995  1.000000  0.000242  0.000005  -0.000242  1.000000  0.000038  -0.000005  -0.000038  1.000000  0.999951  0.009871  0.000402  -0.009872  0.999950  0.001380  -0.000388  -0.001383  0.999999  0.000182  0.019602  
82.419725 0.008642  0.087531  0.000792  0.988065  0.153604  0.011518  -0.153993  0.986782  0.050478  -0.003613  -0.051649  0.998659  0.002735  -0.006450  0.000970  0.119430  -0.028942  0.760512  2.000000  0.999938  0.011099  0.000432  -0.011099  0.999937  0.001575  -0.000414  -0.001579  0.999999  0.999805  0.019763  0.000486  -0.019765  0.999800  0.003194  -0.000422  -0.003202  0.999995  1.000000  0.000247  0.000006  -0.000247  1.000000  0.000040  -0.000006  -0.000040  1.000000  0.999938  0.011099  0.000432  -0.011099  0.999937  0.001575  -0.000414  -0.001579  0.999999  0.000191  0.020028  
82.420726 0.008644  0.087519  0.000792  0.987938  0.154414  0.011597  -0.154807  0.986643  0.050708  -0.003613  -0.051891  0.998646  0.002679  -0.007278  0.001003  0.127475  -0.030416  0.788132  2.000000  0.999927  0.012103  0.000450  -0.012103  0.999925  0.001736  -0.000429  -0.001741  0.999998  0.999796  0.020181  0.000376  -0.020183  0.999791  0.003192  -0.000311  -0.003199  0.999995  1.000000  0.000252  0.000004  -0.000252  1.000000  0.000040  -0.000004  -0.000040  1.000000  0.999927  0.012103  0.000450  -0.012103  0.999925  0.001736  -0.000429  -0.001741  0.999998  0.000198  0.020438  
82.421726 0.008647  0.087507  0.000791  0.987842  0.155022  0.011648  -0.155417  0.986541  0.050820  -0.003613  -0.052013  0.998640  0.002630  -0.008044  0.000931  0.131472  -0.031502  0.808855  2.000000  0.999914  0.013117  0.000475  -0.013117  0.999912  0.001900  -0.000450  -0.001906  0.999998  0.999792  0.020380  0.000525  -0.020382  0.999787  0.003312  -0.000457  -0.003322  0.999994  1.000000  0.000255  0.000006  -0.000255  1.000000  0.000041  -0.000006  -0.000041  1.000000  0.999914  0.013117  0.000475  -0.013117  0.999912  0.001900  -0.000450  -0.001906  0.999998  0.000203  0.020656  
82.422976 0.008650  0.087491  0.000791  0.987682  0.156034  0.011738  -0.156433  0.986368  0.051047  -0.003613  -0.052255  0.998627  0.002531  -0.009011  0.000808  0.139494  -0.033334  0.843399  2.000000  0.999897  0.014377  0.000520  -0.014378  0.999894  0.002104  -0.000489  -0.002111  0.999998  0.999796  0.020160  0.000786  -0.020163  0.999791  0.003313  -0.000719  -0.003328  0.999994  1.000000  0.000252  0.000009  -0.000252  1.000000  0.000042  -0.000009  -0.000042  1.000000  0.999897  0.014377  0.000520  -0.014378  0.999894  0.002104  -0.000489  -0.002111  0.999998  0.000212  0.020448  
82.423977 0.008652  0.087478  0.000791  0.987553  0.156845  0.011799  -0.157247  0.986233  0.051157  -0.003613  -0.052376  0.998621  0.002474  -0.009748  0.000723  0.142313  -0.034495  0.864037  2.000000  0.999882  0.015377  0.000565  -0.015378  0.999879  0.002269  -0.000530  -0.002277  0.999997  0.999801  0.019948  0.000912  -0.019951  0.999795  0.003314  -0.000845  -0.003331  0.999994  1.000000  0.000249  0.000011  -0.000249  1.000000  0.000042  -0.000011  -0.000042  1.000000  0.999882  0.015377  0.000565  -0.015378  0.999879  0.002269  -0.000530  -0.002277  0.999997  0.000219  0.020244  
82.425226 0.008653  0.087461  0.000792  0.987455  0.157453  0.011849  -0.157857  0.986130  0.051270  -0.003613  -0.052497  0.998615  0.002307  -0.010438  0.000689  0.146315  -0.035240  0.877807  2.000000  0.999862  0.016600  0.000622  -0.016602  0.999859  0.002476  -0.000580  -0.002486  0.999997  0.999813  0.019331  0.000882  -0.019334  0.999808  0.003317  -0.000817  -0.003333  0.999994  1.000000  0.000242  0.000011  -0.000242  1.000000  0.000042  -0.000011  -0.000042  1.000000  0.999862  0.016600  0.000622  -0.016602  0.999859  0.002476  -0.000580  -0.002486  0.999997  0.000221  0.019636  
82.426487 0.008654  0.087445  0.000795  0.987357  0.158053  0.012032  -0.158466  0.986028  0.051361  -0.003746  -0.052618  0.998608  0.002158  -0.011174  0.000758  0.147412  -0.034930  0.870949  2.000000  0.999846  0.017551  0.000671  -0.017553  0.999842  0.002641  -0.000625  -0.002653  0.999996  0.999821  0.018913  0.000996  -0.018916  0.999816  0.003316  -0.000933  -0.003334  0.999994  1.000000  0.000236  0.000012  -0.000236  1.000000  0.000042  -0.000012  -0.000042  1.000000  0.999846  0.017551  0.000671  -0.017553  0.999842  0.002641  -0.000625  -0.002653  0.999996  0.000221  0.019230  
82.427736 0.008655  0.087427  0.000796  0.987292  0.158458  0.012073  -0.158873  0.985956  0.051475  -0.003746  -0.052739  0.998601  0.002014  -0.011769  0.000720  0.147417  -0.029848  0.857403  2.000000  0.999825  0.018702  0.000725  -0.018704  0.999821  0.002847  -0.000672  -0.002860  0.999996  0.999836  0.018097  0.000821  -0.018100  0.999831  0.003320  -0.000761  -0.003334  0.999994  1.000000  0.000226  0.000010  -0.000226  1.000000  0.000042  -0.000010  -0.000042  1.000000  0.999825  0.018702  0.000725  -0.018704  0.999821  0.002847  -0.000672  -0.002860  0.999996  0.000218  0.018420  
82.428976 0.008655  0.087408  0.000799  0.987194  0.159065  0.012124  -0.159483  0.985852  0.051588  -0.003746  -0.052860  0.998595  0.001836  -0.012398  0.000701  0.146244  -0.029714  0.850577  2.000000  0.999804  0.019795  0.000769  -0.019797  0.999799  0.003052  -0.000708  -0.003067  0.999995  0.999854  0.017077  0.000635  -0.017079  0.999849  0.003325  -0.000579  -0.003335  0.999994  1.000000  0.000213  0.000008  -0.000213  1.000000  0.000042  -0.000008  -0.000042  1.000000  0.999804  0.019795  0.000769  -0.019797  0.999799  0.003052  -0.000708  -0.003067  0.999995  0.000216  0.017411  
82.429982 0.008654  0.087392  0.000801  0.987128  0.159470  0.012164  -0.159889  0.985780  0.051702  -0.003746  -0.052982  0.998588  0.001593  -0.012914  0.000689  0.147386  -0.025571  0.857779  2.000000  0.999787  0.020626  0.000801  -0.020628  0.999782  0.003217  -0.000735  -0.003233  0.999995  0.999868  0.016254  0.000594  -0.016256  0.999862  0.003328  -0.000540  -0.003338  0.999994  1.000000  0.000203  0.000007  -0.000203  1.000000  0.000042  -0.000007  -0.000042  1.000000  0.999787  0.020626  0.000801  -0.020628  0.999782  0.003217  -0.000735  -0.003233  0.999995  0.000216  0.016604  
82.431070 0.008653  0.087374  0.000802  0.987062  0.159874  0.012205  -0.160296  0.985708  0.051817  -0.003746  -0.053103  0.998582  0.001288  -0.013351  0.000682  0.144286  -0.034195  0.848246  2.000000  0.999771  0.021402  0.000835  -0.021405  0.999765  0.003380  -0.000762  -0.003397  0.999994  0.999884  0.015219  0.000675  -0.015222  0.999879  0.003333  -0.000624  -0.003343  0.999994  1.000000  0.000190  0.000008  -0.000190  1.000000  0.000042  -0.000008  -0.000042  1.000000  0.999771  0.021402  0.000835  -0.021405  0.999765  0.003380  -0.000762  -0.003397  0.999994  0.000216  0.015596  
82.432226 0.008651  0.087352  0.000804  0.987029  0.160076  0.012235  -0.160499  0.985669  0.051934  -0.003746  -0.053224  0.998576  0.000964  -0.013974  0.000762  0.142445  -0.037589  0.822844  2.000000  0.999754  0.022147  0.000870  -0.022150  0.999748  0.003542  -0.000791  -0.003560  0.999993  0.999893  0.014603  0.000644  -0.014605  0.999888  0.003215  -0.000597  -0.003224  0.999995  1.000000  0.000183  0.000008  -0.000183  1.000000  0.000040  -0.000008  -0.000040  1.000000  0.999754  0.022147  0.000870  -0.022150  0.999748  0.003542  -0.000791  -0.003560  0.999993  0.000211  0.014968  
82.433226 0.008651  0.087334  0.000806  0.986996  0.160284  0.012133  -0.160702  0.985628  0.052072  -0.003613  -0.053345  0.998570  0.000774  -0.014330  0.000867  0.143847  -0.036226  0.794998  2.000000  0.999739  0.022849  0.000908  -0.022852  0.999732  0.003702  -0.000823  -0.003722  0.999993  0.999905  0.013780  0.000602  -0.013782  0.999900  0.003220  -0.000557  -0.003228  0.999995  1.000000  0.000172  0.000007  -0.000172  1.000000  0.000040  -0.000007  -0.000040  1.000000  0.999739  0.022849  0.000908  -0.022852  0.999732  0.003702  -0.000823  -0.003722  0.999993  0.000204  0.014166  
82.434227 0.008649  0.087316  0.000808  0.986963  0.160485  0.012163  -0.160905  0.985589  0.052189  -0.003613  -0.053466  0.998563  0.000531  -0.014732  0.001031  0.143946  -0.034902  0.767334  2.000000  0.999727  0.023355  0.000934  -0.023358  0.999720  0.003822  -0.000844  -0.003843  0.999992  0.999910  0.013362  0.000715  -0.013364  0.999906  0.003222  -0.000672  -0.003231  0.999995  1.000000  0.000167  0.000009  -0.000167  1.000000  0.000040  -0.000009  -0.000040  1.000000  0.999727  0.023355  0.000934  -0.023358  0.999720  0.003822  -0.000844  -0.003843  0.999992  0.000197  0.013765  
82.435481 0.008647  0.087294  0.000810  0.986897  0.160890  0.012204  -0.161312  0.985517  0.052304  -0.003613  -0.053587  0.998557  0.000207  -0.015230  0.001254  0.144025  -0.033567  0.739567  2.000000  0.999708  0.024146  0.000980  -0.024150  0.999700  0.004014  -0.000882  -0.004037  0.999991  0.999924  0.012334  0.000662  -0.012336  0.999919  0.002984  -0.000625  -0.002992  0.999995  1.000000  0.000154  0.000008  -0.000154  1.000000  0.000037  -0.000008  -0.000037  1.000000  0.999708  0.024146  0.000980  -0.024150  0.999700  0.004014  -0.000882  -0.004037  0.999991  0.000189  0.012708  
82.436724 0.008644  0.087270  0.000812  0.986864  0.161091  0.012235  -0.161515  0.985477  0.052421  -0.003613  -0.053708  0.998550  -0.000184  -0.015759  0.001401  0.142904  -0.027514  0.706345  2.000000  0.999690  0.024875  0.001022  -0.024880  0.999682  0.004199  -0.000917  -0.004223  0.999991  0.999936  0.011306  0.000608  -0.011308  0.999932  0.002867  -0.000575  -0.002873  0.999996  1.000000  0.000141  0.000007  -0.000141  1.000000  0.000036  -0.000007  -0.000036  1.000000  0.999690  0.024875  0.001022  -0.024880  0.999682  0.004199  -0.000917  -0.004223  0.999991  0.000182  0.011681  
82.437727 0.008641  0.087251  0.000811  0.986830  0.161293  0.012265  -0.161718  0.985438  0.052538  -0.003613  -0.053829  0.998544  -0.000618  -0.016303  0.001353  0.144237  -0.020837  0.664107  2.000000  0.999677  0.025407  0.001054  -0.025411  0.999668  0.004340  -0.000943  -0.004365  0.999990  0.999945  0.010484  0.000565  -0.010485  0.999941  0.002749  -0.000536  -0.002755  0.999996  1.000000  0.000131  0.000007  -0.000131  1.000000  0.000034  -0.000007  -0.000034  1.000000  0.999677  0.025407  0.001054  -0.025411  0.999668  0.004340  -0.000943  -0.004365  0.999990  0.000173  0.010854  
82.438976 0.008637  0.087226  0.000809  0.986797  0.161494  0.012296  -0.161921  0.985398  0.052655  -0.003613  -0.053951  0.998537  -0.001000  -0.016790  0.001201  0.144400  -0.018769  0.622660  2.000000  0.999661  0.026003  0.001089  -0.026008  0.999652  0.004504  -0.000972  -0.004530  0.999989  0.999959  0.009045  0.000489  -0.009046  0.999956  0.002512  -0.000466  -0.002517  0.999997  1.000000  0.000113  0.000006  -0.000113  1.000000  0.000031  -0.000006  -0.000031  1.000000  0.999661  0.026003  0.001089  -0.026008  0.999652  0.004504  -0.000972  -0.004530  0.999989  0.000162  0.009401  
82.440222 0.008631  0.087202  0.000808  0.986797  0.161492  0.012315  -0.161921  0.985392  0.052774  -0.003613  -0.054072  0.998531  -0.001429  -0.017331  0.001040  0.143418  -0.021008  0.576222  2.000000  0.999647  0.026542  0.001122  -0.026547  0.999637  0.004656  -0.000998  -0.004684  0.999989  0.999966  0.008223  0.000445  -0.008224  0.999963  0.002394  -0.000425  -0.002398  0.999997  1.000000  0.000103  0.000005  -0.000103  1.000000  0.000030  -0.000005  -0.000030  1.000000  0.999647  0.026542  0.001122  -0.026547  0.999637  0.004656  -0.000998  -0.004684  0.999989  0.000152  0.008576  
82.441227 0.008627  0.087182  0.000807  0.986764  0.161695  0.012326  -0.162124  0.985358  0.052772  -0.003613  -0.054072  0.998531  -0.001815  -0.017826  0.000832  0.139465  -0.019615  0.548754  2.000000  0.999639  0.026840  0.001140  -0.026845  0.999628  0.004742  -0.001012  -0.004771  0.999988  0.999969  0.007812  0.000423  -0.007812  0.999967  0.002275  -0.000405  -0.002278  0.999997  1.000000  0.000098  0.000005  -0.000098  1.000000  0.000028  -0.000005  -0.000028  1.000000  0.999639  0.026840  0.001140  -0.026845  0.999628  0.004742  -0.001012  -0.004771  0.999988  0.000145  0.008148  
82.442481 0.008621  0.087159  0.000806  0.986730  0.161897  0.012356  -0.162327  0.985319  0.052889  -0.003613  -0.054193  0.998524  -0.002255  -0.018161  0.000717  0.135576  -0.022379  0.514216  2.000000  0.999626  0.027307  0.001168  -0.027313  0.999615  0.004878  -0.001035  -0.004908  0.999987  0.999974  0.007195  0.000390  -0.007196  0.999972  0.002156  -0.000375  -0.002159  0.999998  1.000000  0.000090  0.000005  -0.000090  1.000000  0.000027  -0.000005  -0.000027  1.000000  0.999626  0.027307  0.001168  -0.027313  0.999615  0.004878  -0.001035  -0.004908  0.999987  0.000134  0.007521  
82.443482 0.008617  0.087140  0.000805  0.986697  0.162100  0.012367  -0.162530  0.985285  0.052886  -0.003613  -0.054193  0.998524  -0.002610  -0.018461  0.000473  0.128708  -0.025310  0.483697  2.000000  0.999617  0.027646  0.001189  -0.027652  0.999605  0.004980  -0.001051  -0.005011  0.999987  0.999978  0.006578  0.000357  -0.006579  0.999976  0.002037  -0.000344  -0.002039  0.999998  1.000000  0.000082  0.000004  -0.000082  1.000000  0.000025  -0.000004  -0.000025  1.000000  0.999617  0.027646  0.001189  -0.027652  0.999605  0.004980  -0.001051  -0.005011  0.999987  0.000130  0.006896  
82.444733 0.008610  0.087116  0.000804  0.986697  0.162100  0.012367  -0.162530  0.985285  0.052886  -0.003613  -0.054193  0.998524  -0.002996  -0.018709  0.000239  0.116632  -0.023222  0.442251  2.000000  0.999607  0.028019  0.001212  -0.028025  0.999594  0.005097  -0.001069  -0.005129  0.999986  0.999985  0.005550  0.000301  -0.005551  0.999983  0.001799  -0.000291  -0.001800  0.999998  1.000000  0.000069  0.000004  -0.000069  1.000000  0.000022  -0.000004  -0.000022  1.000000  0.999607  0.028019  0.001212  -0.028025  0.999594  0.005097  -0.001069  -0.005129  0.999986  0.000119  0.005842  
82.445984 0.008602  0.087091  0.000804  0.986663  0.162302  0.012378  -0.162734  0.985252  0.052884  -0.003613  -0.054193  0.998524  -0.003409  -0.018949  0.000139  0.108635  -0.021095  0.400809  2.000000  0.999597  0.028345  0.001233  -0.028351  0.999584  0.005204  -0.001085  -0.005237  0.999986  0.999987  0.005139  0.000279  -0.005140  0.999985  0.001679  -0.000270  -0.001680  0.999999  1.000000  0.000064  0.000003  -0.000064  1.000000  0.000021  -0.000003  -0.000021  1.000000  0.999597  0.028345  0.001233  -0.028351  0.999584  0.005204  -0.001085  -0.005237  0.999986  0.000106  0.005414  
82.447228 0.008595  0.087068  0.000804  0.986630  0.162504  0.012409  -0.162937  0.985212  0.053001  -0.003613  -0.054314  0.998517  -0.003836  -0.018981  -0.000043  0.103790  -0.019545  0.370070  2.000000  0.999597  0.028345  0.001233  -0.028351  0.999584  0.005204  -0.001085  -0.005237  0.999986  0.999990  0.004530  0.000112  -0.004530  0.999988  0.001681  -0.000105  -0.001682  0.999999  1.000000  0.000000  0.000000  0.000000  1.000000  0.000000  0.000000  0.000000  1.000000  0.999597  0.028345  0.001233  -0.028351  0.999584  0.005204  -0.001085  -0.005237  0.999986  0.000097  0.000000  
82.448230 0.008589  0.087048  0.000805  0.986596  0.162707  0.012420  -0.163140  0.985178  0.052998  -0.003613  -0.054314  0.998517  -0.004176  -0.019120  -0.000123  0.096621  -0.018293  0.345582  2.000000  0.999597  0.028345  0.001233  -0.028351  0.999584  0.005204  -0.001085  -0.005237  0.999986  0.999991  0.004324  0.000101  -0.004324  0.999989  0.001561  -0.000094  -0.001561  0.999999  1.000000  0.000000  0.000000  0.000000  1.000000  0.000000  0.000000  0.000000  1.000000  0.999597  0.028345  0.001233  -0.028351  0.999584  0.005204  -0.001085  -0.005237  0.999986  0.000092  0.000000  
82.449481 0.008583  0.087026  0.000807  0.986563  0.162909  0.012431  -0.163343  0.985145  0.052996  -0.003613  -0.054314  0.998517  -0.004395  -0.019083  -0.000106  0.088532  -0.016862  0.317815  2.000000  0.999597  0.028345  0.001233  -0.028351  0.999584  0.005204  -0.001085  -0.005237  0.999986  0.999992  0.004119  0.000090  -0.004119  0.999990  0.001440  -0.000084  -0.001441  0.999999  1.000000  0.000000  0.000000  0.000000  1.000000  0.000000  0.000000  0.000000  1.000000  0.999597  0.028345  0.001233  -0.028351  0.999584  0.005204  -0.001085  -0.005237  0.999986  0.000086  0.000000  
82.450726 0.008577  0.087002  0.000808  0.986563  0.162916  0.012299  -0.163343  0.985144  0.053017  -0.003479  -0.054314  0.998518  -0.004625  -0.019132  -0.000150  0.079843  -0.010852  0.288049  2.000000  0.999597  0.028345  0.001233  -0.028351  0.999584  0.005204  -0.001085  -0.005237  0.999986  0.999993  0.003715  -0.000066  -0.003715  0.999992  0.001321  0.000071  -0.001321  0.999999  1.000000  0.000000  0.000000  0.000000  1.000000  0.000000  0.000000  0.000000  1.000000  0.999597  0.028345  0.001233  -0.028351  0.999584  0.005204  -0.001085  -0.005237  0.999986  0.000077  0.000000  
82.451726 0.008571  0.086983  0.000808  0.986530  0.163119  0.012310  -0.163546  0.985110  0.053015  -0.003479  -0.054314  0.998518  -0.004874  -0.019130  -0.000224  0.075848  -0.010139  0.274343  2.000000  0.999597  0.028345  0.001233  -0.028351  0.999584  0.005204  -0.001085  -0.005237  0.999986  0.999994  0.003509  -0.000077  -0.003509  0.999993  0.001200  0.000081  -0.001200  0.999999  1.000000  0.000000  0.000000  0.000000  1.000000  0.000000  0.000000  0.000000  1.000000  0.999597  0.028345  0.001233  -0.028351  0.999584  0.005204  -0.001085  -0.005237  0.999986  0.000072  0.000000  
82.452977 0.008565  0.086960  0.000808  0.986496  0.163324  0.012301  -0.163749  0.985083  0.052893  -0.003479  -0.054193  0.998524  -0.005032  -0.019096  -0.000220  0.064376  -0.008400  0.242096  2.000000  0.999597  0.028345  0.001233  -0.028351  0.999584  0.005204  -0.001085  -0.005237  0.999986  0.999995  0.003098  -0.000100  -0.003098  0.999995  0.000959  0.000103  -0.000959  1.000000  1.000000  0.000000  0.000000  0.000000  1.000000  0.000000  0.000000  0.000000  1.000000  0.999597  0.028345  0.001233  -0.028351  0.999584  0.005204  -0.001085  -0.005237  0.999986  0.000064  0.000000  
82.454228 0.008560  0.086936  0.000806  0.986462  0.163526  0.012312  -0.163952  0.985049  0.052890  -0.003479  -0.054193  0.998524  -0.005050  -0.018997  -0.000205  0.056292  -0.007321  0.221350  2.000000  0.999597  0.028345  0.001233  -0.028351  0.999584  0.005204  -0.001085  -0.005237  0.999986  0.999995  0.003091  0.000034  -0.003091  0.999995  0.000717  -0.000032  -0.000717  1.000000  1.000000  0.000000  0.000000  0.000000  1.000000  0.000000  0.000000  0.000000  1.000000  0.999597  0.028345  0.001233  -0.028351  0.999584  0.005204  -0.001085  -0.005237  0.999986  0.000059  0.000000  
82.455477 0.008555  0.086912  0.000804  0.986428  0.163729  0.012323  -0.164155  0.985016  0.052888  -0.003479  -0.054193  0.998524  -0.005047  -0.018981  -0.000251  0.052253  -0.002105  0.207782  2.000000  0.999597  0.028345  0.001233  -0.028351  0.999584  0.005204  -0.001085  -0.005237  0.999986  0.999995  0.003091  0.000034  -0.003091  0.999995  0.000595  -0.000032  -0.000596  1.000000  1.000000  0.000000  0.000000  0.000000  1.000000  0.000000  0.000000  0.000000  1.000000  0.999597  0.028345  0.001233  -0.028351  0.999584  0.005204  -0.001085  -0.005237  0.999986  0.000054  0.000000  
82.456726 0.008551  0.086889  0.000802  0.986394  0.163925  0.012465  -0.164358  0.984983  0.052863  -0.003613  -0.054193  0.998524  -0.004906  -0.018914  -0.000286  0.051842  -0.006176  0.199010  2.000000  0.999597  0.028345  0.001233  -0.028351  0.999584  0.005204  -0.001085  -0.005237  0.999986  0.999995  0.003084  0.000167  -0.003084  0.999995  0.000474  -0.000166  -0.000474  1.000000  1.000000  0.000000  0.000000  0.000000  1.000000  0.000000  0.000000  0.000000  1.000000  0.999597  0.028345  0.001233  -0.028351  0.999584  0.005204  -0.001085  -0.005237  0.999986  0.000051  0.000000  
82.457976 0.008547  0.086865  0.000799  0.986360  0.164128  0.012476  -0.164561  0.984949  0.052861  -0.003613  -0.054193  0.998524  -0.004760  -0.018914  -0.000399  0.047849  -0.005454  0.185304  2.000000  0.999597  0.028345  0.001233  -0.028351  0.999584  0.005204  -0.001085  -0.005237  0.999986  0.999996  0.002878  0.000156  -0.002878  0.999996  0.000353  -0.000155  -0.000354  1.000000  1.000000  0.000000  0.000000  0.000000  1.000000  0.000000  0.000000  0.000000  1.000000  0.999597  0.028345  0.001233  -0.028351  0.999584  0.005204  -0.001085  -0.005237  0.999986  0.000050  0.000000  
82.459227 0.008545  0.086843  0.000797  0.986326  0.164332  0.012467  -0.164765  0.984922  0.052739  -0.003613  -0.054072  0.998531  -0.004504  -0.018838  -0.000472  0.039782  -0.005087  0.178431  2.000000  0.999597  0.028345  0.001233  -0.028351  0.999584  0.005204  -0.001085  -0.005237  0.999986  0.999996  0.002878  0.000156  -0.002878  0.999996  0.000111  -0.000156  -0.000111  1.000000  1.000000  0.000000  0.000000  0.000000  1.000000  0.000000  0.000000  0.000000  1.000000  0.999597  0.028345  0.001233  -0.028351  0.999584  0.005204  -0.001085  -0.005237  0.999986  0.000044  0.000000  
82.460481 0.008543  0.086819  0.000794  0.986292  0.164535  0.012478  -0.164968  0.984888  0.052736  -0.003613  -0.054072  0.998531  -0.004118  -0.018754  -0.000631  0.000000  0.000000  0.000000  2.000000  0.999597  0.028345  0.001233  -0.028351  0.999584  0.005204  -0.001085  -0.005237  0.999986  0.999996  0.002878  0.000156  -0.002878  0.999996  -0.000011  -0.000156  0.000010  1.000000  1.000000  0.000000  0.000000  0.000000  1.000000  0.000000  0.000000  0.000000  1.000000  0.999597  0.028345  0.001233  -0.028351  0.999584  0.005204  -0.001085  -0.005237  0.999986  0.000000  0.000000  
82.461486 0.008542  0.086800  0.000792  0.986292  0.164535  0.012478  -0.164968  0.984888  0.052736  -0.003613  -0.054072  0.998531  -0.003749  -0.018700  -0.000826  0.000000  0.000000  0.000000  2.000000  0.999597  0.028345  0.001233  -0.028351  0.999584  0.005204  -0.001085  -0.005237  0.999986  0.999996  0.002878  0.000156  -0.002878  0.999996  -0.000011  -0.000156  0.000010  1.000000  1.000000  0.000000  0.000000  0.000000  1.000000  0.000000  0.000000  0.000000  1.000000  0.999597  0.028345  0.001233  -0.028351  0.999584  0.005204  -0.001085  -0.005237  0.999986  0.000000  0.000000  
82.462733 0.008540  0.086777  0.000788  0.986258  0.164737  0.012489  -0.165171  0.984854  0.052734  -0.003613  -0.054072  0.998531  -0.003371  -0.018732  -0.001123  0.000000  0.000000  0.000000  2.000000  0.999597  0.028345  0.001233  -0.028351  0.999584  0.005204  -0.001085  -0.005237  0.999986  0.999996  0.002878  0.000156  -0.002878  0.999996  -0.000132  -0.000156  0.000131  1.000000  1.000000  0.000000  0.000000  0.000000  1.000000  0.000000  0.000000  0.000000  1.000000  0.999597  0.028345  0.001233  -0.028351  0.999584  0.005204  -0.001085  -0.005237  0.999986  0.000000  0.000000  
82.463981 0.008540  0.086754  0.000786  0.986224  0.164933  0.012632  -0.165374  0.984821  0.052709  -0.003746  -0.054072  0.998530  -0.003028  -0.018714  -0.001364  0.000000  0.000000  0.000000  2.000000  0.999597  0.028345  0.001233  -0.028351  0.999584  0.005204  -0.001085  -0.005237  0.999986  0.999996  0.002871  0.000289  -0.002871  0.999996  -0.000132  -0.000290  0.000131  1.000000  1.000000  0.000000  0.000000  0.000000  1.000000  0.000000  0.000000  0.000000  1.000000  0.999597  0.028345  0.001233  -0.028351  0.999584  0.005204  -0.001085  -0.005237  0.999986  0.000000  0.000000  
82.465230 0.008540  0.086731  0.000785  0.986190  0.165136  0.012642  -0.165577  0.984788  0.052706  -0.003746  -0.054072  0.998530  -0.002592  -0.018709  -0.001569  0.000000  0.000000  0.000000  2.000000  0.999597  0.028345  0.001233  -0.028351  0.999584  0.005204  -0.001085  -0.005237  0.999986  0.999995  0.003076  0.000301  -0.003076  0.999995  -0.000133  -0.000301  0.000132  1.000000  1.000000  0.000000  0.000000  0.000000  1.000000  0.000000  0.000000  0.000000  1.000000  0.999597  0.028345  0.001233  -0.028351  0.999584  0.005204  -0.001085  -0.005237  0.999986  0.000000  0.000000  
82.466486 0.008540  0.086708  0.000784  0.986156  0.165338  0.012653  -0.165780  0.984753  0.052704  -0.003746  -0.054072  0.998530  -0.002119  -0.018619  -0.001660  0.000000  0.000000  0.000000  2.000000  0.999597  0.028345  0.001233  -0.028351  0.999584  0.005204  -0.001085  -0.005237  0.999986  0.999995  0.003076  0.000301  -0.003076  0.999995  -0.000133  -0.000301  0.000132  1.000000  1.000000  0.000000  0.000000  0.000000  1.000000  0.000000  0.000000  0.000000  1.000000  0.999597  0.028345  0.001233  -0.028351  0.999584  0.005204  -0.001085  -0.005237  0.999986  0.000000  0.000000  
82.467730 0.008541  0.086687  0.000783  0.986122  0.165541  0.012664  -0.165983  0.984719  0.052701  -0.003746  -0.054072  0.998530  -0.001591  -0.018516  -0.001661  0.000000  0.000000  0.000000  2.000000  0.999597  0.028345  0.001233  -0.028351  0.999584  0.005204  -0.001085  -0.005237  0.999986  0.999995  0.003076  0.000301  -0.003076  0.999995  -0.000254  -0.000301  0.000253  1.000000  1.000000  0.000000  0.000000  0.000000  1.000000  0.000000  0.000000  0.000000  1.000000  0.999597  0.028345  0.001233  -0.028351  0.999584  0.005204  -0.001085  -0.005237  0.999986  0.000000  0.000000  
82.468980 0.008543  0.086665  0.000784  0.986088  0.165751  0.012543  -0.166186  0.984684  0.052721  -0.003613  -0.054072  0.998531  -0.001140  -0.018375  -0.001489  0.000000  0.000000  0.000000  2.000000  0.999597  0.028345  0.001233  -0.028351  0.999584  0.005204  -0.001085  -0.005237  0.999986  0.999996  0.002878  0.000156  -0.002878  0.999996  -0.000253  -0.000157  0.000253  1.000000  1.000000  0.000000  0.000000  0.000000  1.000000  0.000000  0.000000  0.000000  1.000000  0.999597  0.028345  0.001233  -0.028351  0.999584  0.005204  -0.001085  -0.005237  0.999986  0.000000  0.000000  
82.470226 0.008545  0.086643  0.000784  0.986054  0.165955  0.012534  -0.166389  0.984656  0.052599  -0.003613  -0.053951  0.998537  -0.000728  -0.018267  -0.001316  0.000000  0.000000  0.000000  2.000000  0.999597  0.028345  0.001233  -0.028351  0.999584  0.005204  -0.001085  -0.005237  0.999986  0.999995  0.003084  0.000167  -0.003083  0.999995  -0.000254  -0.000168  0.000253  1.000000  1.000000  0.000000  0.000000  0.000000  1.000000  0.000000  0.000000  0.000000  1.000000  0.999597  0.028345  0.001233  -0.028351  0.999584  0.005204  -0.001085  -0.005237  0.999986  0.000000  0.000000  
