1-Time 2-Px 3-Py 4-Pz 5-R11 6-R21 7-R31 8-R12 9-R22 10-R32 11-R13 12-R23 13-R33 14-Vx 15-Vy 16-Vz 17-Wx 18-Wy 19-Wz 20-state
168.157408 0.038929  -0.004833  -0.048544  0.490913  0.703654  0.513688  -0.788834  0.609280  -0.080737  -0.369791  -0.365580  0.854170  0.000298  0.000405  -0.000007  0.000000  0.000000  0.000000  1.000000  
168.158531 0.038929  -0.004832  -0.048543  0.490939  0.703680  0.513628  -0.788876  0.609239  -0.080640  -0.369667  -0.365599  0.854215  -0.000012  0.000064  0.001178  0.000000  0.000000  0.000000  1.000000  
168.159738 0.038922  -0.004845  -0.048502  0.490939  0.703680  0.513628  -0.788876  0.609239  -0.080640  -0.369667  -0.365599  0.854215  -0.003330  -0.006013  0.020992  0.000000  0.000000  0.000000  1.000000  
168.160742 0.038914  -0.004859  -0.048449  0.490939  0.703680  0.513628  -0.788876  0.609239  -0.080640  -0.369667  -0.365599  0.854215  -0.004840  -0.008695  0.031653  0.000000  0.000000  0.000000  1.000000  
168.161988 0.038904  -0.004867  -0.048396  0.490939  0.703680  0.513628  -0.788876  0.609239  -0.080640  -0.369667  -0.365599  0.854215  -0.005781  -0.008144  0.034828  0.000000  0.000000  0.000000  1.000000  
168.163231 0.038890  -0.004867  -0.048363  0.490939  0.703680  0.513628  -0.788876  0.609239  -0.080640  -0.369667  -0.365599  0.854215  -0.007075  -0.006298  0.032893  0.000000  0.000000  0.000000  1.000000  
168.164235 0.038870  -0.004867  -0.048345  0.490939  0.703617  0.513713  -0.788876  0.609249  -0.080566  -0.369667  -0.365703  0.854171  -0.009030  -0.005336  0.030658  0.000000  0.000000  0.000000  1.000000  
168.165481 0.038837  -0.004870  -0.048324  0.490803  0.703769  0.513636  -0.789019  0.609062  -0.080575  -0.369542  -0.365722  0.854216  -0.011857  -0.004774  0.028437  0.000000  0.000000  0.000000  1.000000  
168.166735 0.038804  -0.004869  -0.048303  0.490803  0.703706  0.513722  -0.789019  0.609072  -0.080501  -0.369542  -0.365826  0.854172  -0.013923  -0.004026  0.026792  0.000000  0.000000  0.000000  1.000000  
168.167980 0.038777  -0.004862  -0.048278  0.490803  0.703644  0.513807  -0.789019  0.609082  -0.080427  -0.369542  -0.365930  0.854128  -0.014864  -0.002875  0.025915  0.000000  0.000000  0.000000  1.000000  
168.168982 0.038757  -0.004857  -0.048252  0.490641  0.703707  0.513876  -0.789120  0.608947  -0.080459  -0.369542  -0.366033  0.854083  -0.015254  -0.002151  0.025963  0.000000  0.000000  0.000000  1.000000  
168.170007 0.038737  -0.004854  -0.048217  0.490641  0.703582  0.514046  -0.789120  0.608966  -0.080311  -0.369542  -0.366240  0.853994  -0.015658  -0.001786  0.026659  0.000000  0.000000  0.000000  1.000000  
168.171233 0.038704  -0.004859  -0.048162  0.490452  0.703557  0.514261  -0.789179  0.608883  -0.080366  -0.369667  -0.366428  0.853860  -0.016664  -0.001982  0.028261  0.000000  0.000000  0.000000  1.000000  
168.172481 0.038664  -0.004872  -0.048099  0.490290  0.703495  0.514500  -0.789280  0.608767  -0.080251  -0.369667  -0.366739  0.853727  -0.017952  -0.002668  0.030156  0.000000  0.000000  0.000000  1.000000  
168.173485 0.038630  -0.004886  -0.048044  0.490127  0.703433  0.514740  -0.789381  0.608651  -0.080135  -0.369667  -0.367049  0.853593  -0.019980  -0.003553  0.033344  0.000000  0.000000  0.000000  1.000000  
168.174734 0.038588  -0.004902  -0.047978  0.490127  0.703246  0.514996  -0.789381  0.608680  -0.079913  -0.369667  -0.367360  0.853460  -0.022319  -0.003822  0.034926  0.000000  0.000000  0.000000  1.000000  
168.175736 0.038553  -0.004912  -0.047930  0.490127  0.703058  0.515252  -0.789381  0.608709  -0.079692  -0.369667  -0.367671  0.853326  -0.024075  -0.003564  0.034566  0.000000  0.000000  0.000000  1.000000  
168.176742 0.038518  -0.004919  -0.047890  0.490127  0.702933  0.515422  -0.789381  0.608729  -0.079544  -0.369667  -0.367878  0.853237  -0.026165  -0.003523  0.034265  0.000000  0.000000  0.000000  1.000000  
168.177986 0.038471  -0.004924  -0.047850  0.489965  0.702871  0.515662  -0.789482  0.608613  -0.079429  -0.369667  -0.368188  0.853103  -0.028216  -0.003762  0.034609  0.000000  0.000000  0.000000  1.000000  
168.178987 0.038431  -0.004926  -0.047819  0.490127  0.702621  0.515848  -0.789381  0.608777  -0.079175  -0.369667  -0.368395  0.853013  -0.029804  -0.003954  0.035656  0.000000  0.000000  0.000000  1.000000  
168.180231 0.038382  -0.004928  -0.047770  0.490316  0.702459  0.515890  -0.789322  0.608889  -0.078898  -0.369542  -0.368518  0.853014  -0.030772  -0.003913  0.037212  0.000000  0.000000  0.000000  1.000000  
168.181231 0.038348  -0.004929  -0.047718  0.490478  0.702271  0.515991  -0.789221  0.609043  -0.078718  -0.369542  -0.368622  0.852969  -0.031257  -0.003989  0.039894  0.000000  0.000000  0.000000  1.000000  
168.182481 0.038313  -0.004926  -0.047634  0.490641  0.702083  0.516092  -0.789120  0.609197  -0.078538  -0.369542  -0.368725  0.852925  -0.031594  -0.004042  0.043688  0.000000  0.000000  0.000000  1.000000  
168.183731 0.038280  -0.004922  -0.047534  0.490667  0.702046  0.516117  -0.789162  0.609165  -0.078367  -0.369418  -0.368848  0.852925  -0.032151  -0.004261  0.048347  0.000000  0.000000  0.000000  1.000000  
168.184737 0.038251  -0.004922  -0.047451  0.491044  0.701785  0.516114  -0.789044  0.609380  -0.077887  -0.369169  -0.368991  0.852971  -0.032949  -0.004581  0.051954  0.000000  0.000000  0.000000  1.000000  
168.185745 0.038220  -0.004924  -0.047375  0.491421  0.701586  0.516025  -0.788925  0.609585  -0.077481  -0.368921  -0.369030  0.853062  -0.033192  -0.004478  0.054088  0.000000  0.000000  0.000000  1.000000  
168.186987 0.038177  -0.004927  -0.047293  0.491960  0.701262  0.515952  -0.788705  0.609934  -0.076968  -0.368672  -0.369069  0.853152  -0.033634  -0.003876  0.055454  0.000000  0.000000  0.000000  1.000000  
168.187991 0.038137  -0.004927  -0.047242  0.492175  0.701251  0.515762  -0.788688  0.609985  -0.076742  -0.368423  -0.369005  0.853288  -0.033976  -0.003009  0.055269  0.000000  0.000000  0.000000  1.000000  
168.189232 0.038085  -0.004926  -0.047189  0.492415  0.701204  0.515597  -0.788712  0.610004  -0.076346  -0.368050  -0.369063  0.853423  -0.034640  -0.002029  0.054386  0.000000  0.000000  0.000000  1.000000  
168.190233 0.038044  -0.004927  -0.047147  0.492766  0.700979  0.515568  -0.788551  0.610251  -0.076036  -0.367925  -0.369083  0.853469  -0.035149  -0.001312  0.053758  0.000000  0.000000  0.000000  1.000000  
168.191240 0.038005  -0.004926  -0.047102  0.493117  0.700754  0.515538  -0.788389  0.610498  -0.075727  -0.367801  -0.369103  0.853514  -0.035434  -0.000575  0.054025  0.000000  0.000000  0.000000  1.000000  
168.192244 0.037968  -0.004927  -0.047051  0.493656  0.700429  0.515464  -0.788168  0.610847  -0.075215  -0.367552  -0.369142  0.853604  -0.035451  -0.000328  0.055152  0.000000  0.000000  0.000000  1.000000  
168.193487 0.037921  -0.004927  -0.046980  0.494059  0.700256  0.515313  -0.788090  0.611009  -0.074713  -0.367179  -0.369200  0.853739  -0.035300  -0.000136  0.057020  0.000000  0.000000  0.000000  1.000000  
168.194736 0.037873  -0.004927  -0.046900  0.494650  0.699921  0.515201  -0.787951  0.611283  -0.073933  -0.366681  -0.369382  0.853875  -0.035155  0.000059  0.059665  0.174765  0.143319  -0.071388  1.000000  
168.195980 0.037824  -0.004926  -0.046818  0.495053  0.699748  0.515049  -0.787872  0.611446  -0.073431  -0.366308  -0.369440  0.854010  -0.035488  0.000184  0.060972  0.180888  0.162009  -0.083109  1.000000  
168.196984 0.037787  -0.004924  -0.046752  0.495455  0.699638  0.514811  -0.787792  0.611600  -0.073003  -0.365934  -0.369395  0.854190  -0.036097  0.000155  0.061028  0.179292  0.180834  -0.090295  1.000000  
168.198232 0.037741  -0.004920  -0.046675  0.496020  0.699402  0.514589  -0.787610  0.611897  -0.072469  -0.365560  -0.369349  0.854369  -0.036986  0.000219  0.059610  0.181292  0.203419  -0.108623  1.000000  
168.199480 0.037694  -0.004914  -0.046603  0.496448  0.699442  0.514120  -0.787571  0.611992  -0.072093  -0.365062  -0.369116  0.854683  -0.037662  0.000511  0.057928  0.164570  0.223171  -0.112429  1.000000  
168.200480 0.037655  -0.004909  -0.046550  0.496851  0.699456  0.513712  -0.787491  0.612128  -0.071814  -0.364689  -0.368863  0.854952  -0.038221  0.000945  0.056208  0.153272  0.245267  -0.125909  1.000000  
168.201485 0.037612  -0.004906  -0.046501  0.497279  0.699496  0.513243  -0.787451  0.612223  -0.071438  -0.364190  -0.368629  0.855265  -0.038875  0.001359  0.054731  0.137797  0.270811  -0.128779  1.000000  
168.202731 0.037556  -0.004899  -0.046441  0.497759  0.699713  0.512481  -0.787493  0.612218  -0.071018  -0.363442  -0.368226  0.855757  -0.039480  0.001872  0.054233  0.112699  0.303228  -0.135928  1.000000  
168.203980 0.037499  -0.004892  -0.046375  0.498376  0.699715  0.511879  -0.787391  0.612408  -0.070514  -0.362819  -0.367906  0.856158  -0.039807  0.002321  0.054849  0.090207  0.334333  -0.150854  1.000000  
168.204985 0.037458  -0.004886  -0.046313  0.498829  0.699843  0.511262  -0.787390  0.612454  -0.070117  -0.362196  -0.367587  0.856560  -0.039688  0.002778  0.056576  0.070656  0.359855  -0.153780  1.000000  
168.206230 0.037410  -0.004882  -0.046219  0.499445  0.699906  0.510574  -0.787287  0.612636  -0.069689  -0.361572  -0.367162  0.857005  -0.039653  0.002978  0.058939  0.045154  0.384919  -0.161383  1.000000  
168.207480 0.037363  -0.004880  -0.046113  0.499899  0.700095  0.509871  -0.787285  0.612675  -0.069366  -0.360948  -0.366738  0.857450  -0.039717  0.003139  0.061681  0.017719  0.410472  -0.164412  1.000000  
168.208491 0.037326  -0.004877  -0.046030  0.500139  0.700295  0.509361  -0.787304  0.612662  -0.069268  -0.360574  -0.366378  0.857761  -0.039743  0.003395  0.063322  -0.008210  0.428693  -0.166371  1.000000  
168.209739 0.037276  -0.004870  -0.045935  0.500754  0.700295  0.508756  -0.787198  0.612854  -0.068766  -0.359950  -0.366057  0.858160  -0.039778  0.003821  0.064319  -0.023672  0.450265  -0.171229  1.000000  
168.210988 0.037226  -0.004861  -0.045862  0.501370  0.700294  0.508150  -0.787092  0.613047  -0.068265  -0.359325  -0.365735  0.858559  -0.039913  0.004410  0.063614  -0.039122  0.476004  -0.174333  1.000000  
168.211988 0.037186  -0.004854  -0.045812  0.501797  0.700393  0.507591  -0.787048  0.613137  -0.067966  -0.358826  -0.365393  0.858913  -0.040079  0.004697  0.062620  -0.057074  0.495037  -0.173280  1.000000  
168.213231 0.037135  -0.004849  -0.045755  0.502412  0.700392  0.506984  -0.786940  0.613331  -0.067466  -0.358201  -0.365070  0.859311  -0.040418  0.004716  0.061281  -0.070061  0.519295  -0.184148  1.000000  
168.214482 0.037085  -0.004845  -0.045691  0.502865  0.700578  0.506278  -0.786934  0.613373  -0.067145  -0.357577  -0.364643  0.859753  -0.040624  0.004601  0.060832  -0.094720  0.531806  -0.179067  1.000000  
168.215747 0.037038  -0.004842  -0.045614  0.503454  0.700550  0.505731  -0.786785  0.613608  -0.066742  -0.357077  -0.364300  0.860106  -0.040351  0.004403  0.061749  -0.108607  0.542284  -0.181535  1.000000  
168.216983 0.036992  -0.004842  -0.045522  0.504230  0.700482  0.505050  -0.786571  0.613940  -0.066213  -0.356452  -0.363871  0.860546  -0.039859  0.004018  0.063632  -0.125663  0.552829  -0.180959  1.000000  
168.218230 0.036950  -0.004843  -0.045426  0.504981  0.700388  0.504431  -0.786316  0.614313  -0.065782  -0.355952  -0.363423  0.860942  -0.038892  0.003517  0.066008  -0.134556  0.564412  -0.197114  1.000000  
168.219231 0.036917  -0.004841  -0.045345  0.505570  0.700480  0.503713  -0.786164  0.614534  -0.065531  -0.355452  -0.362871  0.861382  -0.038043  0.003199  0.067854  -0.154006  0.577567  -0.205635  1.000000  
168.220481 0.036878  -0.004838  -0.045243  0.506345  0.700472  0.502945  -0.785947  0.614859  -0.065079  -0.354826  -0.362336  0.861865  -0.037359  0.003092  0.068853  -0.177459  0.597318  -0.208289  1.000000  
168.221730 0.036838  -0.004831  -0.045145  0.507283  0.700397  0.502104  -0.785625  0.615322  -0.064599  -0.354201  -0.361695  0.862391  -0.036900  0.003339  0.068868  -0.199559  0.613896  -0.211716  1.000000  
168.222981 0.036798  -0.004823  -0.045053  0.508382  0.700193  0.501276  -0.785196  0.615929  -0.064017  -0.353575  -0.361054  0.862916  -0.036490  0.003770  0.067971  -0.218144  0.631901  -0.232072  1.000000  
168.223981 0.036766  -0.004813  -0.044984  0.509131  0.700156  0.500568  -0.784936  0.616297  -0.063666  -0.353074  -0.360499  0.863353  -0.035960  0.004139  0.067066  -0.237681  0.640969  -0.242422  1.000000  
168.224992 0.036735  -0.004801  -0.044919  0.510041  0.699929  0.499957  -0.784570  0.616818  -0.063137  -0.352574  -0.360048  0.863746  -0.035323  0.004381  0.066761  -0.259298  0.655289  -0.254737  1.000000  
168.226236 0.036697  -0.004786  -0.044836  0.510977  0.699910  0.499027  -0.784242  0.617275  -0.062737  -0.351947  -0.359300  0.864313  -0.034639  0.004826  0.067461  -0.284732  0.671087  -0.269487  1.000000  
168.227238 0.036666  -0.004776  -0.044764  0.511913  0.699708  0.498351  -0.783912  0.617757  -0.062114  -0.351321  -0.358866  0.864748  -0.033868  0.005180  0.069453  -0.293866  0.686867  -0.284159  1.000000  
168.228486 0.036627  -0.004767  -0.044663  0.513035  0.699525  0.497453  -0.783515  0.618328  -0.061442  -0.350569  -0.358240  0.865312  -0.033064  0.005469  0.072413  -0.307133  0.706733  -0.297241  1.000000  
168.229730 0.036588  -0.004760  -0.044553  0.514318  0.699213  0.496566  -0.783010  0.619043  -0.060670  -0.349817  -0.357612  0.865876  -0.032425  0.005656  0.075247  -0.311500  0.727599  -0.324126  1.000000  
168.230779 0.036558  -0.004755  -0.044462  0.515278  0.699034  0.495822  -0.782714  0.619487  -0.059954  -0.349065  -0.357194  0.866352  -0.031809  0.005905  0.076701  -0.312145  0.742158  -0.338460  1.000000  
168.231978 0.036521  -0.004748  -0.044352  0.516399  0.698847  0.494919  -0.782311  0.620060  -0.059288  -0.348313  -0.356565  0.866914  -0.031434  0.006311  0.078019  -0.312846  0.755293  -0.357054  1.000000  
168.232994 0.036490  -0.004740  -0.044273  0.517358  0.698726  0.494088  -0.782012  0.620498  -0.058649  -0.347560  -0.356040  0.867432  -0.031111  0.006970  0.078098  -0.316533  0.768479  -0.378322  1.000000  
168.234250 0.036449  -0.004729  -0.044184  0.518529  0.698589  0.493053  -0.781682  0.620994  -0.057792  -0.346556  -0.355444  0.868077  -0.031136  0.007580  0.077236  -0.317880  0.783962  -0.393447  1.000000  
168.235479 0.036408  -0.004715  -0.044106  0.519699  0.698509  0.491932  -0.781349  0.621485  -0.057013  -0.345552  -0.354741  0.868765  -0.031340  0.008189  0.075810  -0.322437  0.804123  -0.407985  1.000000  
168.236479 0.036375  -0.004701  -0.044046  0.520683  0.698411  0.491031  -0.781083  0.621886  -0.056282  -0.344673  -0.354231  0.869322  -0.031390  0.008788  0.074507  -0.323753  0.823709  -0.421259  1.000000  
168.237730 0.036335  -0.004681  -0.043966  0.522038  0.698287  0.489768  -0.780676  0.622477  -0.055383  -0.343542  -0.353438  0.870092  -0.031398  0.009604  0.073655  -0.327522  0.860295  -0.449226  1.000000  
168.238980 0.036296  -0.004660  -0.043874  0.523232  0.698229  0.488575  -0.780374  0.622933  -0.054512  -0.342411  -0.352748  0.870818  -0.031341  0.010168  0.074009  -0.335764  0.882755  -0.461113  1.000000  
168.240231 0.036257  -0.004640  -0.043773  0.524476  0.698281  0.487164  -0.780144  0.623306  -0.053525  -0.341028  -0.351986  0.871668  -0.031372  0.010541  0.075439  -0.345537  0.914586  -0.469698  1.000000  
168.241493 0.036216  -0.004622  -0.043667  0.525905  0.698287  0.485612  -0.779840  0.623780  -0.052419  -0.339518  -0.351132  0.872602  -0.031495  0.010788  0.076841  -0.362357  0.953911  -0.482245  1.000000  
168.242734 0.036174  -0.004603  -0.043558  0.527173  0.698361  0.484129  -0.779641  0.624119  -0.051340  -0.338008  -0.350382  0.873489  -0.031743  0.011322  0.077841  -0.370918  0.988688  -0.489528  1.000000  
168.243740 0.036138  -0.004586  -0.043474  0.528253  0.698476  0.482782  -0.779509  0.624362  -0.050383  -0.336622  -0.349718  0.874290  -0.032092  0.012024  0.077660  -0.383916  1.028835  -0.502251  1.000000  
168.244986 0.036092  -0.004564  -0.043371  0.529705  0.698502  0.481152  -0.779230  0.624805  -0.049187  -0.334984  -0.348874  0.875256  -0.032629  0.013101  0.076979  -0.399786  1.075917  -0.512122  1.000000  
168.245987 0.036055  -0.004544  -0.043294  0.530623  0.698684  0.479875  -0.779200  0.624915  -0.048256  -0.333597  -0.348312  0.876009  -0.033204  0.014157  0.076345  -0.408452  1.110653  -0.513628  1.000000  
168.247239 0.036010  -0.004518  -0.043202  0.532122  0.698874  0.477935  -0.778986  0.625276  -0.047022  -0.331704  -0.347283  0.877136  -0.033647  0.015297  0.075273  -0.430587  1.162386  -0.513988  1.000000  
168.248483 0.035965  -0.004492  -0.043112  0.533484  0.699157  0.475999  -0.778912  0.625465  -0.045717  -0.329684  -0.346372  0.878257  -0.034040  0.016294  0.075021  -0.447597  1.212993  -0.509089  1.000000  
168.249731 0.035918  -0.004464  -0.043022  0.534819  0.699411  0.474124  -0.778796  0.625696  -0.044510  -0.327788  -0.345441  0.879332  -0.034331  0.017356  0.075559  -0.460451  1.259262  -0.505985  1.000000  
168.250981 0.035873  -0.004435  -0.042929  0.536313  0.699475  0.472338  -0.778565  0.626080  -0.043132  -0.325891  -0.344613  0.880362  -0.034522  0.018255  0.076789  -0.471081  1.301429  -0.502894  1.000000  
168.252230 0.035829  -0.004406  -0.042831  0.537694  0.699775  0.470319  -0.778510  0.626243  -0.041736  -0.323740  -0.343707  0.881509  -0.034838  0.018889  0.077947  -0.486254  1.352913  -0.490639  1.000000  
168.253231 0.035794  -0.004382  -0.042749  0.538839  0.700009  0.468658  -0.778453  0.626390  -0.040578  -0.321967  -0.342963  0.882447  -0.035030  0.019353  0.078828  -0.499893  1.394988  -0.475922  1.000000  
168.254481 0.035750  -0.004355  -0.042641  0.540562  0.700127  0.466492  -0.778199  0.626807  -0.038972  -0.319686  -0.341957  0.883666  -0.035427  0.019839  0.079737  -0.517109  1.460762  -0.473937  1.000000  
168.255730 0.035704  -0.004328  -0.042534  0.542121  0.700371  0.464312  -0.778049  0.627086  -0.037466  -0.317403  -0.340946  0.884879  -0.035785  0.020357  0.079745  -0.533865  1.510985  -0.460812  1.000000  
168.256740 0.035666  -0.004306  -0.042457  0.543421  0.700467  0.462644  -0.777865  0.627387  -0.036218  -0.315626  -0.340193  0.885804  -0.036217  0.020837  0.079250  -0.547650  1.556303  -0.453101  1.000000  
168.258001 0.035615  -0.004278  -0.042369  0.544976  0.700703  0.460451  -0.777701  0.627675  -0.034717  -0.313340  -0.339174  0.887006  -0.036575  0.021490  0.077676  -0.567056  1.607779  -0.441318  1.000000  
168.259235 0.035563  -0.004249  -0.042284  0.546577  0.701043  0.458031  -0.777598  0.627890  -0.033101  -0.310798  -0.338071  0.888320  -0.037102  0.021963  0.076490  -0.595249  1.669031  -0.426767  1.000000  
168.260254 0.035521  -0.004225  -0.042212  0.547919  0.701238  0.456125  -0.777464  0.628126  -0.031742  -0.308762  -0.337229  0.889349  -0.037377  0.022269  0.075896  -0.610352  1.716262  -0.416504  1.000000  
168.261493 0.035471  -0.004195  -0.042117  0.549650  0.701414  0.453765  -0.777199  0.628533  -0.030135  -0.306344  -0.336102  0.890612  -0.037728  0.022633  0.075969  -0.629306  1.765053  -0.412922  1.000000  
168.262731 0.035422  -0.004165  -0.042012  0.551378  0.701531  0.451483  -0.776925  0.628949  -0.028456  -0.303923  -0.335078  0.891826  -0.037922  0.022890  0.076974  -0.651686  1.821677  -0.408433  1.000000  
168.263733 0.035385  -0.004139  -0.041922  0.553010  0.701485  0.449555  -0.776512  0.629520  -0.027094  -0.302010  -0.334101  0.892842  -0.037982  0.023233  0.078334  -0.666493  1.869780  -0.412547  1.000000  
168.264738 0.035347  -0.004112  -0.041829  0.554503  0.701536  0.447631  -0.776238  0.629918  -0.025655  -0.299968  -0.333243  0.893850  -0.038053  0.023529  0.079585  -0.680718  1.915283  -0.404765  1.000000  
168.265980 0.035300  -0.004078  -0.041713  0.556406  0.701645  0.445093  -0.775859  0.630452  -0.023951  -0.297415  -0.332002  0.895164  -0.038227  0.023837  0.081056  -0.700635  1.968411  -0.408414  1.000000  
168.266981 0.035260  -0.004052  -0.041624  0.557894  0.701742  0.443071  -0.775571  0.630855  -0.022595  -0.295370  -0.331028  0.896202  -0.038542  0.023967  0.081885  -0.718752  2.012056  -0.408851  1.000000  
168.268230 0.035210  -0.004020  -0.041516  0.559973  0.701682  0.440536  -0.775091  0.631513  -0.020637  -0.292684  -0.329899  0.897498  -0.038926  0.024191  0.082175  -0.727708  2.063820  -0.416116  1.000000  
168.269231 0.035169  -0.003993  -0.041433  0.561638  0.701668  0.438435  -0.774705  0.632035  -0.019101  -0.290509  -0.328929  0.898560  -0.039354  0.024567  0.081906  -0.740270  2.112363  -0.425679  1.000000  
168.270481 0.035116  -0.003960  -0.041332  0.563710  0.701650  0.435795  -0.774203  0.632702  -0.017231  -0.287819  -0.327681  0.899881  -0.039901  0.024979  0.081500  -0.753976  2.162238  -0.437590  1.000000  
168.271731 0.035060  -0.003928  -0.041232  0.565915  0.701470  0.433220  -0.773544  0.633556  -0.015376  -0.285255  -0.326413  0.901157  -0.040377  0.025217  0.081702  -0.768066  2.202965  -0.450654  1.000000  
168.272739 0.035016  -0.003904  -0.041151  0.567571  0.701441  0.431096  -0.773132  0.634094  -0.013856  -0.283074  -0.325430  0.902200  -0.040685  0.025392  0.082596  -0.778050  2.237951  -0.457281  1.000000  
168.273981 0.034959  -0.003875  -0.041049  0.569631  0.701354  0.428513  -0.772599  0.634783  -0.011928  -0.280378  -0.324274  0.903457  -0.041010  0.025288  0.083468  -0.783897  2.277076  -0.470337  1.000000  
168.274987 0.034912  -0.003853  -0.040964  0.571280  0.701316  0.426374  -0.772170  0.635330  -0.010417  -0.278194  -0.323283  0.904487  -0.041321  0.025179  0.084423  -0.796795  2.312635  -0.485305  1.000000  
168.275987 0.034866  -0.003831  -0.040875  0.573245  0.701012  0.424233  -0.771498  0.636171  -0.008736  -0.276009  -0.322287  0.905511  -0.041652  0.025081  0.085357  -0.796798  2.349263  -0.510197  1.000000  
168.276990 0.034820  -0.003809  -0.040784  0.575047  0.700834  0.422082  -0.770936  0.636872  -0.007149  -0.273822  -0.321287  0.906530  -0.042143  0.025013  0.086228  -0.799131  2.379383  -0.530651  1.000000  
168.278233 0.034765  -0.003780  -0.040670  0.577114  0.700751  0.419390  -0.770392  0.637549  -0.005148  -0.270990  -0.320124  0.907791  -0.042606  0.024815  0.086540  -0.801360  2.412593  -0.545383  1.000000  
168.279483 0.034709  -0.003749  -0.040560  0.579355  0.700606  0.416531  -0.769746  0.638343  -0.003050  -0.268026  -0.318856  0.909116  -0.043234  0.024629  0.086117  -0.807641  2.458128  -0.573520  1.000000  
168.280739 0.034651  -0.003717  -0.040456  0.581571  0.700429  0.413733  -0.769058  0.639178  -0.001056  -0.265189  -0.317571  0.910398  -0.043942  0.024443  0.085185  -0.819009  2.495814  -0.591868  1.000000  
168.281985 0.034593  -0.003685  -0.040355  0.583643  0.700401  0.410851  -0.768506  0.639842  0.000941  -0.262221  -0.316290  0.911702  -0.044536  0.024453  0.084532  -0.827005  2.530079  -0.612348  1.000000  
168.283230 0.034534  -0.003654  -0.040254  0.585869  0.700235  0.407956  -0.767820  0.640659  0.003015  -0.259250  -0.315003  0.912996  -0.045099  0.024400  0.084126  -0.832030  2.560231  -0.635076  1.000000  
168.284235 0.034487  -0.003629  -0.040170  0.587710  0.700151  0.405445  -0.767281  0.641293  0.004777  -0.256664  -0.313898  0.914107  -0.045541  0.024224  0.084219  -0.840634  2.591384  -0.648257  1.000000  
168.285480 0.034428  -0.003598  -0.040058  0.589946  0.699996  0.402454  -0.766597  0.642091  0.006932  -0.253559  -0.312610  0.915414  -0.045886  0.024090  0.084923  -0.845955  2.625118  -0.669496  1.000000  
168.286480 0.034381  -0.003575  -0.039964  0.591778  0.699899  0.399924  -0.766037  0.642738  0.008682  -0.250970  -0.311495  0.916507  -0.046078  0.023938  0.085985  -0.851815  2.652456  -0.685035  1.000000  
168.287734 0.034322  -0.003548  -0.039842  0.594201  0.699697  0.396673  -0.765258  0.643630  0.011018  -0.247601  -0.310104  0.917894  -0.046273  0.023704  0.087289  -0.862579  2.703387  -0.708388  1.000000  
168.288736 0.034275  -0.003527  -0.039747  0.596002  0.699563  0.394199  -0.764649  0.644322  0.012656  -0.245137  -0.308967  0.918938  -0.046367  0.023647  0.088239  -0.865300  2.721083  -0.727210  1.000000  
168.289979 0.034214  -0.003499  -0.039633  0.598392  0.699319  0.390998  -0.763816  0.645263  0.014877  -0.241893  -0.307553  0.920271  -0.046554  0.023622  0.088778  -0.872413  2.751336  -0.756280  1.000000  
168.290986 0.034167  -0.003476  -0.039547  0.600165  0.699100  0.388667  -0.763162  0.645997  0.016482  -0.239555  -0.306508  0.921231  -0.046584  0.023700  0.088583  -0.876116  2.767160  -0.768568  1.000000  
168.291997 0.034120  -0.003453  -0.039464  0.602012  0.699023  0.385938  -0.762598  0.646611  0.018390  -0.236697  -0.305387  0.922341  -0.046691  0.023719  0.087885  -0.882227  2.805059  -0.782392  1.000000  
168.293014 0.034074  -0.003430  -0.039383  0.604011  0.698761  0.383280  -0.761900  0.647372  0.020449  -0.233836  -0.304373  0.923406  -0.046692  0.023650  0.087028  -0.883479  2.840509  -0.798239  1.000000  
168.294236 0.034018  -0.003402  -0.039282  0.606433  0.698471  0.379971  -0.761085  0.648241  0.023081  -0.230192  -0.303187  0.924710  -0.046791  0.023549  0.086657  -0.880419  2.879736  -0.808350  1.000000  
168.295241 0.033974  -0.003380  -0.039201  0.608320  0.698360  0.377148  -0.760558  0.648773  0.025414  -0.226935  -0.302303  0.925804  -0.046700  0.023269  0.086352  -0.881155  2.920782  -0.812074  1.000000  
168.296321 0.033930  -0.003359  -0.039119  0.610318  0.698060  0.374464  -0.759844  0.649518  0.027625  -0.223937  -0.301394  0.926830  -0.046250  0.022833  0.085932  -0.875568  2.946169  -0.817013  1.000000  
168.297485 0.033875  -0.003335  -0.039013  0.612579  0.697908  0.371041  -0.759131  0.650235  0.030247  -0.220154  -0.300197  0.928124  -0.046253  0.022413  0.086858  -0.876297  2.996926  -0.825230  1.000000  
168.298730 0.033820  -0.003312  -0.038904  0.614848  0.697685  0.367693  -0.758422  0.650922  0.033114  -0.216236  -0.299227  0.929357  -0.046068  0.021972  0.087427  -0.869461  3.028871  -0.825285  1.000000  
168.299733 0.033776  -0.003296  -0.038816  0.616705  0.697508  0.364907  -0.757838  0.651476  0.035496  -0.212969  -0.298432  0.930367  -0.045775  0.021318  0.087402  -0.867515  3.067938  -0.825325  1.000000  
168.300735 0.033733  -0.003280  -0.038726  0.618693  0.697168  0.362181  -0.757093  0.652210  0.037850  -0.209831  -0.297622  0.931339  -0.045470  0.020817  0.087143  -0.861808  3.101499  -0.830623  1.000000  
168.301980 0.033678  -0.003260  -0.038616  0.621126  0.696886  0.358541  -0.756249  0.653005  0.040877  -0.205643  -0.296536  0.932619  -0.045221  0.020300  0.086442  -0.857107  3.158518  -0.826814  1.000000  
168.303230 0.033624  -0.003240  -0.038510  0.623496  0.696521  0.355121  -0.755322  0.653901  0.043603  -0.201844  -0.295417  0.933803  -0.045016  0.019853  0.085574  -0.852785  3.190637  -0.833710  1.000000  
168.304480 0.033569  -0.003219  -0.038408  0.625906  0.696181  0.351529  -0.754438  0.654709  0.046685  -0.197649  -0.294427  0.935012  -0.044669  0.019440  0.084699  -0.847209  3.244316  -0.839607  1.000000  
168.305484 0.033525  -0.003201  -0.038328  0.627723  0.695979  0.348681  -0.753781  0.655295  0.049025  -0.194369  -0.293603  0.935959  -0.044343  0.019074  0.084039  -0.841078  3.274866  -0.831144  1.000000  
168.306486 0.033482  -0.003184  -0.038247  0.629564  0.695780  0.345745  -0.753150  0.655820  0.051629  -0.190824  -0.292902  0.936907  -0.044104  0.018761  0.083859  -0.838302  3.311776  -0.823113  1.000000  
168.307730 0.033428  -0.003163  -0.038141  0.631959  0.695405  0.342111  -0.752230  0.656613  0.054856  -0.186488  -0.292013  0.938057  -0.043852  0.018153  0.084148  -0.827250  3.364409  -0.819027  1.000000  
168.308753 0.033387  -0.003147  -0.038052  0.633750  0.695147  0.339311  -0.751531  0.657209  0.057251  -0.183200  -0.291286  0.938930  -0.043467  0.017620  0.084719  -0.818106  3.393278  -0.815395  1.000000  
168.309988 0.033335  -0.003130  -0.037937  0.635936  0.694805  0.335904  -0.750667  0.657926  0.060274  -0.179121  -0.290482  0.939966  -0.043397  0.016992  0.085671  -0.807274  3.430496  -0.816933  1.000000  
168.311237 0.033282  -0.003115  -0.037819  0.638265  0.694282  0.332552  -0.749653  0.658784  0.063434  -0.175039  -0.289786  0.940949  -0.043453  0.016328  0.087178  -0.787869  3.470506  -0.816778  1.000000  
168.312238 0.033238  -0.003105  -0.037727  0.640044  0.693955  0.329802  -0.748927  0.659351  0.066059  -0.171613  -0.289278  0.941736  -0.043171  0.015588  0.087182  -0.768785  3.503758  -0.810479  1.000000  
168.313479 0.033182  -0.003094  -0.037616  0.642072  0.693666  0.326451  -0.748176  0.659860  0.069415  -0.167261  -0.288812  0.942662  -0.043289  0.014852  0.087393  -0.747442  3.537231  -0.796112  1.000000  
168.314485 0.033135  -0.003087  -0.037530  0.643847  0.693320  0.323678  -0.747438  0.660397  0.072200  -0.163698  -0.288415  0.943408  -0.043439  0.014203  0.087181  -0.723406  3.567986  -0.797602  1.000000  
168.315730 0.033077  -0.003079  -0.037424  0.645670  0.693073  0.320563  -0.746751  0.660821  0.075360  -0.159605  -0.288038  0.944225  -0.043769  0.013423  0.086865  -0.695245  3.595409  -0.775592  1.000000  
168.316735 0.033029  -0.003072  -0.037339  0.647245  0.692769  0.318033  -0.746085  0.661271  0.077953  -0.156302  -0.287734  0.944870  -0.044005  0.012709  0.086550  -0.669484  3.613696  -0.766718  1.000000  
168.317980 0.032968  -0.003065  -0.037230  0.649213  0.692369  0.314877  -0.745249  0.661806  0.081338  -0.152072  -0.287468  0.945641  -0.044428  0.011845  0.086788  -0.632868  3.633382  -0.757044  1.000000  
168.319230 0.032908  -0.003057  -0.037119  0.650989  0.692015  0.311975  -0.744499  0.662250  0.084539  -0.148103  -0.287299  0.946322  -0.044825  0.010980  0.087425  -0.595026  3.661221  -0.734047  1.000000  
168.320232 0.032858  -0.003051  -0.037026  0.652538  0.691670  0.309496  -0.743794  0.662698  0.087191  -0.144795  -0.287096  0.946895  -0.045202  0.010305  0.088205  -0.569138  3.679737  -0.724792  1.000000  
168.321232 0.032808  -0.003045  -0.036930  0.654078  0.691286  0.307091  -0.743077  0.663137  0.089918  -0.141484  -0.287005  0.947423  -0.045629  0.009548  0.089280  -0.535276  3.699638  -0.715815  1.000000  
168.322482 0.032745  -0.003037  -0.036806  0.655825  0.690930  0.304153  -0.742284  0.663587  0.093096  -0.137509  -0.286823  0.948063  -0.046335  0.008537  0.090504  -0.505979  3.700545  -0.696919  1.000000  
168.323484 0.032693  -0.003031  -0.036704  0.657324  0.690495  0.301896  -0.741516  0.664087  0.095620  -0.134461  -0.286714  0.948533  -0.046928  0.008038  0.091414  -0.478976  3.711871  -0.688692  1.000000  
168.324737 0.032628  -0.003024  -0.036577  0.659050  0.690138  0.298936  -0.740694  0.664541  0.098782  -0.130482  -0.286522  0.949147  -0.047816  0.007300  0.092213  -0.442630  3.694969  -0.673556  1.000000  
168.325738 0.032575  -0.003018  -0.036476  0.660545  0.689727  0.296575  -0.739916  0.665015  0.101387  -0.127298  -0.286412  0.949612  -0.048556  0.006876  0.092756  -0.422260  3.695699  -0.667853  1.000000  
168.326988 0.032507  -0.003012  -0.036350  0.662413  0.689185  0.293653  -0.738941  0.665561  0.104850  -0.123182  -0.286446  0.950144  -0.049457  0.006380  0.093360  -0.381302  3.700899  -0.657653  1.000000  
168.328237 0.032437  -0.003007  -0.036226  0.664096  0.688765  0.290824  -0.738063  0.666037  0.107974  -0.119331  -0.286352  0.950664  -0.050518  0.005938  0.094189  -0.349699  3.691812  -0.650133  1.000000  
168.329487 0.032365  -0.003001  -0.036099  0.665768  0.688310  0.288067  -0.737169  0.666501  0.111170  -0.115478  -0.286368  0.951135  -0.051393  0.005704  0.095522  -0.318195  3.679424  -0.643620  1.000000  
168.330489 0.032308  -0.002998  -0.035995  0.667217  0.687803  0.285918  -0.736331  0.666980  0.113814  -0.112420  -0.286469  0.951471  -0.052072  0.005440  0.096794  -0.292030  3.671530  -0.634201  1.000000  
168.331733 0.032236  -0.002995  -0.035859  0.669029  0.687203  0.283112  -0.735284  0.667544  0.117227  -0.108431  -0.286596  0.951896  -0.052851  0.005154  0.098698  -0.249490  3.658285  -0.628104  1.000000  
168.332980 0.032166  -0.002992  -0.035718  0.670820  0.686543  0.280462  -0.734210  0.668122  0.120618  -0.104573  -0.286831  0.952256  -0.053544  0.004890  0.101001  -0.205220  3.654534  -0.618517  1.000000  
168.333981 0.032110  -0.002989  -0.035604  0.672252  0.686064  0.278196  -0.733348  0.668572  0.123335  -0.101379  -0.286927  0.952573  -0.054091  0.004620  0.102664  -0.175073  3.648048  -0.616080  1.000000  
168.335230 0.032038  -0.002985  -0.035463  0.674022  0.685374  0.275604  -0.732247  0.669133  0.126789  -0.097518  -0.287269  0.952873  -0.054702  0.004363  0.104219  -0.135265  3.630793  -0.609482  1.000000  
168.336234 0.031980  -0.002981  -0.035351  0.675427  0.684837  0.273488  -0.731352  0.669596  0.129479  -0.094455  -0.287470  0.953121  -0.055279  0.004217  0.105390  -0.105322  3.616433  -0.609283  1.000000  
168.337483 0.031907  -0.002976  -0.035215  0.677159  0.684131  0.270962  -0.730206  0.670227  0.132648  -0.090858  -0.287682  0.953406  -0.055891  0.004050  0.106139  -0.064520  3.581674  -0.608538  1.000000  
168.338730 0.031834  -0.002971  -0.035081  0.679046  0.683307  0.268305  -0.728923  0.670924  0.136131  -0.086993  -0.288013  0.953667  -0.056497  0.003851  0.106618  -0.027604  3.576055  -0.613876  1.000000  
168.339732 0.031775  -0.002968  -0.034973  0.680418  0.682716  0.266329  -0.727987  0.671396  0.138787  -0.084060  -0.288317  0.953838  -0.056876  0.003755  0.106926  0.002727  3.559216  -0.612663  1.000000  
168.340734 0.031716  -0.002964  -0.034863  0.681939  0.682046  0.264146  -0.726911  0.671995  0.141503  -0.080993  -0.288507  0.954046  -0.057302  0.003603  0.107527  0.029935  3.555458  -0.615996  1.000000  
168.341737 0.031656  -0.002961  -0.034752  0.683460  0.681371  0.261948  -0.725832  0.672548  0.144386  -0.077792  -0.288812  0.954220  -0.057722  0.003441  0.108330  0.056796  3.545868  -0.619933  1.000000  
168.342987 0.031581  -0.002958  -0.034608  0.685439  0.680362  0.259386  -0.724340  0.673436  0.147700  -0.074190  -0.289123  0.954413  -0.058003  0.003294  0.109702  0.089893  3.521348  -0.636309  1.000000  
168.344050 0.031522  -0.002955  -0.034490  0.687096  0.679609  0.256964  -0.723104  0.674116  0.150630  -0.070854  -0.289309  0.954610  -0.057915  0.003214  0.110314  0.109221  3.507280  -0.645629  1.000000  
168.345240 0.031447  -0.002952  -0.034340  0.689071  0.678682  0.254109  -0.721604  0.674915  0.154200  -0.066849  -0.289621  0.954804  -0.058403  0.003157  0.112180  0.133486  3.511675  -0.670648  1.000000  
168.346481 0.031372  -0.002947  -0.034191  0.691032  0.677726  0.251320  -0.720087  0.675693  0.157839  -0.062844  -0.290044  0.954948  -0.058582  0.003257  0.113111  0.160872  3.513338  -0.686633  1.000000  
168.347488 0.031312  -0.002943  -0.034072  0.692650  0.676920  0.249031  -0.718804  0.676378  0.160728  -0.059639  -0.290333  0.955065  -0.058794  0.003357  0.113510  0.177136  3.511688  -0.701607  1.000000  
168.348732 0.031236  -0.002937  -0.033925  0.694732  0.675858  0.246096  -0.717114  0.677310  0.164312  -0.055632  -0.290632  0.955216  -0.059213  0.003473  0.113818  0.196821  3.514153  -0.723932  1.000000  
168.349980 0.031160  -0.002931  -0.033784  0.696941  0.674602  0.243280  -0.715258  0.678386  0.167922  -0.051757  -0.291040  0.955310  -0.059537  0.003612  0.113750  0.214016  3.516629  -0.758992  1.000000  
168.350984 0.031097  -0.002926  -0.033673  0.698667  0.673632  0.241006  -0.713789  0.679231  0.170739  -0.048683  -0.291317  0.955387  -0.059954  0.003729  0.113859  0.230607  3.514775  -0.782080  1.000000  
168.352232 0.031017  -0.002920  -0.033535  0.700711  0.672573  0.238013  -0.712054  0.680106  0.174455  -0.044540  -0.291721  0.955466  -0.060314  0.003814  0.113895  0.250182  3.526071  -0.808883  1.000000  
168.353484 0.030936  -0.002914  -0.033395  0.702880  0.671348  0.235056  -0.710153  0.681145  0.178115  -0.040530  -0.292119  0.955523  -0.060874  0.003847  0.114263  0.265571  3.538646  -0.832671  1.000000  
168.354486 0.030870  -0.002911  -0.033282  0.704436  0.670605  0.232508  -0.708800  0.681761  0.181121  -0.037054  -0.292390  0.955581  -0.061322  0.003878  0.114573  0.281855  3.553355  -0.852291  1.000000  
168.355730 0.030786  -0.002908  -0.033137  0.706426  0.669496  0.229645  -0.707008  0.682683  0.184615  -0.033176  -0.292777  0.955605  -0.061993  0.003752  0.115097  0.296028  3.556061  -0.871966  1.000000  
168.356731 0.030718  -0.002906  -0.033021  0.708098  0.668532  0.227296  -0.705478  0.683466  0.187549  -0.029966  -0.293155  0.955595  -0.062566  0.003657  0.115449  0.307736  3.561813  -0.891531  1.000000  
168.358016 0.030632  -0.002905  -0.032877  0.710060  0.667426  0.224402  -0.703657  0.684382  0.191016  -0.026088  -0.293535  0.955592  -0.063260  0.003508  0.115170  0.323055  3.561922  -0.920744  1.000000  
168.359257 0.030543  -0.002903  -0.032737  0.712012  0.666352  0.221390  -0.701824  0.685217  0.194731  -0.021941  -0.294027  0.955545  -0.064229  0.003387  0.114747  0.337696  3.579831  -0.944673  1.000000  
168.360491 0.030454  -0.002902  -0.032599  0.713947  0.665307  0.218280  -0.699974  0.686072  0.198347  -0.017794  -0.294399  0.955517  -0.065213  0.003271  0.114021  0.343602  3.596509  -0.962189  1.000000  
168.361739 0.030364  -0.002899  -0.032463  0.715723  0.664463  0.215011  -0.698256  0.686732  0.202082  -0.013379  -0.294767  0.955475  -0.066285  0.003154  0.113093  0.347916  3.611504  -0.964653  1.000000  
168.363014 0.030274  -0.002895  -0.032327  0.717765  0.663227  0.211997  -0.696222  0.687721  0.205705  -0.009366  -0.295244  0.955376  -0.067129  0.003019  0.112071  0.353964  3.622958  -0.994827  1.000000  
168.364235 0.030184  -0.002893  -0.032188  0.719648  0.662218  0.208743  -0.694320  0.688540  0.209362  -0.005084  -0.295601  0.955298  -0.068214  0.002758  0.111968  0.355269  3.642210  -1.012765  1.000000  
168.365488 0.030092  -0.002892  -0.032047  0.721513  0.661129  0.205736  -0.692400  0.689385  0.212909  -0.001070  -0.296068  0.955166  -0.069171  0.002398  0.112094  0.360582  3.657021  -1.029187  1.000000  
168.366504 0.030017  -0.002892  -0.031931  0.723078  0.660205  0.203195  -0.690763  0.690171  0.215661  0.002141  -0.296300  0.955093  -0.069834  0.002094  0.112277  0.359160  3.670735  -1.045679  1.000000  
168.367733 0.029923  -0.002892  -0.031785  0.724911  0.659178  0.199973  -0.688813  0.690955  0.219356  0.006422  -0.296757  0.954931  -0.070791  0.001687  0.112987  0.358264  3.690644  -1.057491  1.000000  
168.368738 0.029848  -0.002893  -0.031666  0.726309  0.658346  0.197626  -0.687302  0.691603  0.222039  0.009500  -0.297098  0.954800  -0.071505  0.001332  0.113330  0.361829  3.697155  -1.065331  1.000000  
168.369980 0.029751  -0.002896  -0.031519  0.728115  0.657208  0.194745  -0.685327  0.692490  0.225355  0.013246  -0.297548  0.954615  -0.072410  0.000901  0.113714  0.362587  3.698944  -1.079267  1.000000  
168.370980 0.029675  -0.002899  -0.031404  0.729634  0.656184  0.192502  -0.683647  0.693267  0.228053  0.016189  -0.297998  0.954429  -0.073050  0.000592  0.113595  0.364767  3.698855  -1.092587  1.000000  
168.372230 0.029578  -0.002903  -0.031260  0.731269  0.655223  0.189548  -0.681794  0.693985  0.231390  0.020068  -0.298440  0.954217  -0.073786  0.000173  0.113609  0.367306  3.705280  -1.093387  1.000000  
168.373230 0.029501  -0.002907  -0.031147  0.732764  0.654203  0.187282  -0.680093  0.694756  0.234066  0.023011  -0.298884  0.954012  -0.074242  -0.000140  0.113437  0.369101  3.703172  -1.099985  1.000000  
