1-Time 2-Px 3-Py 4-Pz 5-R11 6-R21 7-R31 8-R12 9-R22 10-R32 11-R13 12-R23 13-R33 14-Vx 15-Vy 16-Vz 17-Wx 18-Wy 19-Wz 20-state
98.804378 0.035225  -0.007859  -0.065778  0.543704  0.393692  0.741210  -0.810907  0.474101  0.343012  -0.216367  -0.787550  0.577019  -0.000696  -0.000377  -0.000283  0.000000  0.000000  0.000000  1.000000  
98.805565 0.035225  -0.007860  -0.065775  0.543704  0.393692  0.741210  -0.810907  0.474101  0.343012  -0.216367  -0.787550  0.577019  0.000022  -0.001647  0.003598  0.000000  0.000000  0.000000  1.000000  
98.806816 0.035230  -0.007881  -0.065702  0.543704  0.393782  0.741162  -0.810907  0.474143  0.342955  -0.216367  -0.787480  0.577114  0.002261  -0.009955  0.033632  0.000000  0.000000  0.000000  1.000000  
98.808081 0.035234  -0.007903  -0.065614  0.543688  0.393724  0.741205  -0.810883  0.474230  0.342891  -0.216498  -0.787456  0.577097  0.002578  -0.012591  0.046581  0.000000  0.000000  0.000000  1.000000  
98.809302 0.035234  -0.007911  -0.065549  0.543688  0.393813  0.741157  -0.810883  0.474272  0.342833  -0.216498  -0.787386  0.577193  0.001931  -0.011109  0.048322  0.000000  0.000000  0.000000  1.000000  
98.810552 0.035221  -0.007910  -0.065511  0.543688  0.393813  0.741157  -0.810883  0.474272  0.342833  -0.216498  -0.787386  0.577193  -0.000661  -0.008552  0.044483  0.000000  0.000000  0.000000  1.000000  
98.811562 0.035199  -0.007907  -0.065497  0.543505  0.393942  0.741223  -0.810971  0.474320  0.342559  -0.216628  -0.787293  0.577271  -0.003660  -0.006964  0.040160  0.000000  0.000000  0.000000  1.000000  
98.812800 0.035162  -0.007904  -0.065485  0.543338  0.394040  0.741293  -0.811083  0.474239  0.342406  -0.216628  -0.787293  0.577271  -0.007618  -0.005466  0.035540  0.000000  0.000000  0.000000  1.000000  
98.813813 0.035134  -0.007898  -0.065474  0.543171  0.394138  0.741364  -0.811195  0.474158  0.342254  -0.216628  -0.787293  0.577271  -0.009788  -0.004271  0.032847  0.000000  0.000000  0.000000  1.000000  
98.814815 0.035113  -0.007891  -0.065456  0.543171  0.394228  0.741316  -0.811195  0.474199  0.342196  -0.216628  -0.787223  0.577367  -0.010856  -0.003162  0.031391  0.000000  0.000000  0.000000  1.000000  
98.816059 0.035095  -0.007885  -0.065417  0.543004  0.394235  0.741434  -0.811307  0.474076  0.342101  -0.216628  -0.787293  0.577271  -0.011310  -0.002304  0.031363  0.000000  0.000000  0.000000  1.000000  
98.817300 0.035076  -0.007886  -0.065358  0.542821  0.394274  0.741548  -0.811394  0.474083  0.341884  -0.216759  -0.787270  0.577254  -0.011645  -0.002149  0.032941  0.000000  0.000000  0.000000  1.000000  
98.818547 0.035051  -0.007894  -0.065285  0.542471  0.394231  0.741827  -0.811594  0.473925  0.341629  -0.216890  -0.787386  0.577046  -0.012380  -0.002563  0.035226  0.000000  0.000000  0.000000  1.000000  
98.819549 0.035027  -0.007904  -0.065222  0.542104  0.394219  0.742101  -0.811769  0.473897  0.341253  -0.217151  -0.787409  0.576916  -0.013217  -0.003030  0.037129  0.000000  0.000000  0.000000  1.000000  
98.820553 0.034998  -0.007918  -0.065155  0.541921  0.394078  0.742310  -0.811856  0.473820  0.341151  -0.217281  -0.787526  0.576708  -0.015111  -0.003823  0.041352  0.000000  0.000000  0.000000  1.000000  
98.821557 0.034970  -0.007932  -0.065091  0.541738  0.393847  0.742566  -0.811943  0.473703  0.341106  -0.217412  -0.787712  0.576404  -0.017605  -0.003476  0.041464  0.000000  0.000000  0.000000  1.000000  
98.822829 0.034935  -0.007948  -0.065019  0.541555  0.393616  0.742823  -0.812031  0.473585  0.341062  -0.217543  -0.787898  0.576100  -0.020260  -0.003045  0.040315  0.000000  0.000000  0.000000  1.000000  
98.824052 0.034897  -0.007957  -0.064963  0.541387  0.393443  0.743036  -0.812142  0.473380  0.341081  -0.217543  -0.788108  0.575813  -0.022807  -0.003124  0.039734  0.000000  0.000000  0.000000  1.000000  
98.825320 0.034855  -0.007960  -0.064916  0.541220  0.393270  0.743249  -0.812254  0.473175  0.341100  -0.217543  -0.788317  0.575527  -0.024796  -0.003420  0.040354  0.000000  0.000000  0.000000  1.000000  
98.826547 0.034808  -0.007963  -0.064863  0.541387  0.393082  0.743227  -0.812142  0.473215  0.341311  -0.217543  -0.788387  0.575431  -0.026111  -0.003716  0.042285  0.000000  0.000000  0.000000  1.000000  
98.827548 0.034772  -0.007964  -0.064814  0.541387  0.392992  0.743275  -0.812142  0.473173  0.341368  -0.217543  -0.788457  0.575335  -0.026581  -0.003945  0.044875  0.000000  0.000000  0.000000  1.000000  
98.828796 0.034734  -0.007965  -0.064736  0.541538  0.392746  0.743295  -0.812007  0.473300  0.341515  -0.217673  -0.788503  0.575223  -0.026710  -0.004455  0.049292  0.000000  0.000000  0.000000  1.000000  
98.829799 0.034710  -0.007965  -0.064653  0.541522  0.392687  0.743337  -0.811982  0.473388  0.341451  -0.217804  -0.788480  0.575205  -0.026924  -0.004933  0.053599  0.000000  0.000000  0.000000  1.000000  
98.831046 0.034684  -0.007968  -0.064527  0.541673  0.392531  0.743310  -0.811847  0.473557  0.341540  -0.217934  -0.788456  0.575188  -0.027394  -0.005531  0.059404  0.000000  0.000000  0.000000  1.000000  
98.832057 0.034663  -0.007973  -0.064418  0.541840  0.392524  0.743192  -0.811735  0.473679  0.341635  -0.217934  -0.788386  0.575284  -0.028000  -0.005879  0.063716  0.000000  0.000000  0.000000  1.000000  
98.833296 0.034631  -0.007977  -0.064294  0.542342  0.392322  0.742933  -0.811400  0.473963  0.342037  -0.217934  -0.788317  0.575379  -0.028404  -0.005659  0.067109  0.000000  0.000000  0.000000  1.000000  
98.834296 0.034600  -0.007976  -0.064214  0.542692  0.392365  0.742654  -0.811201  0.474120  0.342291  -0.217804  -0.788201  0.575588  -0.028886  -0.004950  0.068353  0.000000  0.000000  0.000000  1.000000  
98.835296 0.034562  -0.007970  -0.064157  0.543026  0.392350  0.742418  -0.810978  0.474364  0.342482  -0.217804  -0.788061  0.575779  -0.029632  -0.003735  0.067680  0.000000  0.000000  0.000000  1.000000  
98.836301 0.034519  -0.007964  -0.064107  0.543360  0.392335  0.742182  -0.810754  0.474609  0.342673  -0.217804  -0.787921  0.575970  -0.030504  -0.002395  0.066683  0.000000  0.000000  0.000000  1.000000  
98.837302 0.034476  -0.007960  -0.064058  0.543677  0.392261  0.741988  -0.810506  0.474941  0.342799  -0.217934  -0.787758  0.576144  -0.031624  -0.001014  0.066016  0.000000  0.000000  0.000000  1.000000  
98.838306 0.034434  -0.007959  -0.064002  0.544178  0.392147  0.741681  -0.810170  0.475267  0.343142  -0.217934  -0.787618  0.576335  -0.032411  -0.000304  0.066559  0.000000  0.000000  0.000000  1.000000  
98.839550 0.034388  -0.007960  -0.063921  0.544662  0.391885  0.741465  -0.809810  0.475638  0.343478  -0.218065  -0.787525  0.576414  -0.032855  -0.000009  0.068694  0.000000  0.000000  0.000000  1.000000  
98.840797 0.034347  -0.007965  -0.063821  0.545328  0.391583  0.741134  -0.809361  0.476002  0.344031  -0.218065  -0.787455  0.576509  -0.032598  -0.000206  0.071592  0.000000  0.000000  0.000000  1.000000  
98.841818 0.034314  -0.007970  -0.063733  0.545828  0.391379  0.740874  -0.809024  0.476286  0.344431  -0.218065  -0.787385  0.576605  -0.032146  -0.000407  0.075023  0.000000  0.000000  0.000000  1.000000  
98.843048 0.034272  -0.007977  -0.063616  0.546494  0.391076  0.740543  -0.808574  0.476650  0.344983  -0.218065  -0.787315  0.576700  -0.032235  -0.000854  0.078275  0.000000  0.000000  0.000000  1.000000  
98.844296 0.034227  -0.007980  -0.063508  0.547326  0.390675  0.740140  -0.808011  0.477094  0.345687  -0.218065  -0.787245  0.576796  -0.032920  -0.001048  0.079290  0.050944  0.111539  -0.142621  1.000000  
98.845546 0.034183  -0.007980  -0.063412  0.548008  0.390521  0.739717  -0.807584  0.477412  0.346245  -0.217934  -0.787128  0.577004  -0.034050  -0.000878  0.077809  0.050303  0.141199  -0.158861  1.000000  
98.846546 0.034150  -0.007978  -0.063339  0.548506  0.390495  0.739361  -0.807246  0.477779  0.346528  -0.217934  -0.786918  0.577290  -0.035131  -0.000406  0.075147  0.044104  0.162686  -0.174631  1.000000  
98.847803 0.034107  -0.007976  -0.063246  0.549321  0.390302  0.738858  -0.806656  0.478437  0.346993  -0.218065  -0.786615  0.577655  -0.036019  0.000063  0.072580  0.033155  0.199290  -0.196411  1.000000  
98.849046 0.034060  -0.007971  -0.063153  0.550151  0.390347  0.738217  -0.806091  0.479091  0.347404  -0.218065  -0.786194  0.578227  -0.036551  0.000351  0.071947  0.011107  0.240165  -0.220952  1.000000  
98.850296 0.034010  -0.007963  -0.063063  0.550980  0.390390  0.737575  -0.805524  0.479746  0.347815  -0.218065  -0.785773  0.578799  -0.036821  0.000447  0.072917  -0.010842  0.281187  -0.239733  1.000000  
98.851548 0.033959  -0.007953  -0.062969  0.551660  0.390680  0.736913  -0.805094  0.480276  0.348078  -0.217934  -0.785305  0.579483  -0.036661  0.000674  0.075191  -0.043813  0.313373  -0.252418  1.000000  
98.852806 0.033912  -0.007945  -0.062860  0.552472  0.390841  0.736219  -0.804502  0.481103  0.348306  -0.218065  -0.784719  0.580228  -0.036077  0.000975  0.078455  -0.079315  0.345836  -0.276450  1.000000  
98.854050 0.033867  -0.007940  -0.062736  0.553465  0.390960  0.735409  -0.803819  0.481924  0.348748  -0.218065  -0.784155  0.580989  -0.035921  0.001315  0.081305  -0.113274  0.383276  -0.304147  1.000000  
98.855051 0.033832  -0.007938  -0.062626  0.554110  0.391217  0.734787  -0.803338  0.482671  0.348821  -0.218195  -0.783568  0.581732  -0.035960  0.001586  0.083763  -0.151591  0.411161  -0.330648  1.000000  
98.856069 0.033798  -0.007936  -0.062514  0.554755  0.391383  0.734211  -0.802858  0.483376  0.348952  -0.218326  -0.783050  0.582380  -0.036092  0.002071  0.085560  -0.177915  0.429544  -0.349976  1.000000  
98.857299 0.033755  -0.007931  -0.062383  0.555548  0.391656  0.733466  -0.802238  0.484374  0.348992  -0.218587  -0.782296  0.583294  -0.036238  0.002908  0.086760  -0.214979  0.442343  -0.370621  1.000000  
98.858551 0.033710  -0.007922  -0.062274  0.556505  0.391738  0.732696  -0.801503  0.485411  0.349240  -0.218848  -0.781612  0.584113  -0.036274  0.003895  0.086471  -0.249840  0.470260  -0.397535  1.000000  
98.859796 0.033663  -0.007909  -0.062183  0.557296  0.392007  0.731951  -0.800882  0.486410  0.349276  -0.219109  -0.780856  0.585025  -0.036495  0.004846  0.085823  -0.280637  0.490475  -0.418084  1.000000  
98.860796 0.033623  -0.007898  -0.062113  0.557757  0.392297  0.731444  -0.800490  0.487162  0.349127  -0.219370  -0.780241  0.585748  -0.036857  0.005472  0.085576  -0.309825  0.498316  -0.429818  1.000000  
98.862046 0.033574  -0.007889  -0.062014  0.558530  0.392414  0.730791  -0.799843  0.488204  0.349154  -0.219762  -0.779531  0.586546  -0.037315  0.005967  0.086038  -0.336152  0.511772  -0.456965  1.000000  
98.863296 0.033531  -0.007886  -0.061895  0.559303  0.392440  0.730186  -0.799195  0.489203  0.349239  -0.220154  -0.778891  0.587249  -0.037164  0.005922  0.087809  -0.360199  0.518464  -0.479885  1.000000  
98.864546 0.033495  -0.007889  -0.061759  0.560091  0.392702  0.729440  -0.798571  0.490201  0.349267  -0.220415  -0.778131  0.588158  -0.036348  0.005273  0.090618  -0.388999  0.521921  -0.498905  1.000000  
98.865796 0.033463  -0.007891  -0.061615  0.560698  0.392915  0.728859  -0.798037  0.491162  0.349138  -0.220806  -0.777418  0.588954  -0.035135  0.004513  0.094084  -0.415156  0.523386  -0.518425  1.000000  
98.866796 0.033434  -0.007891  -0.061501  0.561304  0.393037  0.728327  -0.797502  0.492079  0.349068  -0.221198  -0.776775  0.589654  -0.034320  0.003973  0.096481  -0.432920  0.521575  -0.533280  1.000000  
98.868047 0.033395  -0.007888  -0.061365  0.562056  0.393262  0.727625  -0.796827  0.493289  0.348902  -0.221720  -0.775893  0.590618  -0.033844  0.003701  0.098197  -0.465868  0.523622  -0.552169  1.000000  
98.869058 0.033360  -0.007883  -0.061265  0.562643  0.393410  0.727091  -0.796267  0.494333  0.348703  -0.222241  -0.775154  0.591393  -0.033758  0.003835  0.097839  -0.496367  0.524745  -0.571769  1.000000  
98.870062 0.033325  -0.007874  -0.061171  0.563394  0.393543  0.726437  -0.795590  0.495499  0.348592  -0.222763  -0.774341  0.592260  -0.033765  0.004341  0.096616  -0.529663  0.524225  -0.594429  1.000000  
98.871302 0.033284  -0.007860  -0.061056  0.564109  0.393818  0.725733  -0.794864  0.496961  0.348169  -0.223546  -0.773264  0.593371  -0.033715  0.005023  0.095374  -0.576858  0.513004  -0.620603  1.000000  
98.872554 0.033246  -0.007843  -0.060935  0.564986  0.393987  0.724958  -0.794020  0.498502  0.347891  -0.224328  -0.772185  0.594480  -0.033399  0.005758  0.094954  -0.626452  0.507037  -0.650623  1.000000  
98.873566 0.033214  -0.007830  -0.060831  0.565698  0.394081  0.724352  -0.793291  0.499876  0.347582  -0.225110  -0.771249  0.595400  -0.032954  0.006069  0.096411  -0.665077  0.495476  -0.676280  1.000000  
98.874798 0.033175  -0.007815  -0.060693  0.566736  0.394317  0.723412  -0.792328  0.501580  0.347325  -0.225893  -0.770021  0.596691  -0.032421  0.006176  0.099853  -0.713600  0.492251  -0.714487  1.000000  
98.875800 0.033143  -0.007804  -0.060576  0.567608  0.394389  0.722688  -0.791479  0.503074  0.347097  -0.226674  -0.769008  0.597700  -0.031871  0.006165  0.102925  -0.745311  0.491416  -0.748589  1.000000  
98.877046 0.033104  -0.007791  -0.060426  0.568606  0.394585  0.721796  -0.790463  0.504984  0.346640  -0.227717  -0.767655  0.599042  -0.031205  0.006521  0.106197  -0.790736  0.482238  -0.782458  1.000000  
98.878046 0.033074  -0.007782  -0.060304  0.569475  0.394738  0.721027  -0.789612  0.506518  0.346343  -0.228498  -0.766565  0.600139  -0.030996  0.007085  0.107869  -0.823744  0.477310  -0.809839  1.000000  
98.879296 0.033036  -0.007771  -0.060152  0.570415  0.394657  0.720328  -0.788517  0.508630  0.345741  -0.229931  -0.765207  0.601324  -0.031072  0.008023  0.108948  -0.861082  0.455533  -0.860658  1.000000  
98.880548 0.033000  -0.007758  -0.060005  0.571351  0.394660  0.719584  -0.787419  0.510780  0.345072  -0.231363  -0.763772  0.602597  -0.031367  0.009023  0.109132  -0.892329  0.440236  -0.912681  1.000000  
98.881549 0.032969  -0.007746  -0.059897  0.572195  0.394655  0.718916  -0.786537  0.512348  0.344759  -0.232274  -0.762724  0.603574  -0.031555  0.009697  0.108816  -0.913290  0.428031  -0.949867  1.000000  
98.882796 0.032928  -0.007730  -0.059772  0.573325  0.394663  0.718011  -0.785367  0.514408  0.344358  -0.233445  -0.761331  0.604879  -0.031704  0.010732  0.108012  -0.939660  0.422780  -0.987400  1.000000  
98.884048 0.032884  -0.007712  -0.059652  0.574451  0.394666  0.717109  -0.784195  0.516465  0.343951  -0.234616  -0.759936  0.606179  -0.031727  0.011447  0.107575  -0.968116  0.407277  -1.027684  1.000000  
98.885296 0.032840  -0.007693  -0.059530  0.575555  0.394517  0.716305  -0.782994  0.518560  0.343535  -0.235917  -0.758586  0.607364  -0.031786  0.011921  0.107968  -0.982916  0.399678  -1.068725  1.000000  
98.886317 0.032805  -0.007679  -0.059425  0.576533  0.394416  0.715574  -0.781960  0.520323  0.343224  -0.236957  -0.757430  0.608401  -0.031887  0.012007  0.109123  -1.003061  0.392626  -1.110561  1.000000  
98.887555 0.032766  -0.007664  -0.059277  0.577754  0.394116  0.714754  -0.780584  0.522696  0.342750  -0.238516  -0.755950  0.609630  -0.032018  0.011901  0.110636  -1.023005  0.386982  -1.158203  1.000000  
98.888557 0.032735  -0.007652  -0.059152  0.578706  0.394033  0.714029  -0.779519  0.524577  0.342300  -0.239685  -0.754690  0.610732  -0.031945  0.011844  0.112059  -1.045204  0.374251  -1.196969  1.000000  
98.889567 0.032704  -0.007641  -0.059026  0.579675  0.394093  0.713209  -0.778478  0.526415  0.341847  -0.240724  -0.753378  0.611942  -0.031871  0.011816  0.112883  -1.067770  0.368839  -1.233991  1.000000  
98.890887 0.032661  -0.007623  -0.058874  0.581064  0.394073  0.712089  -0.776998  0.528942  0.341311  -0.242153  -0.751616  0.613543  -0.031939  0.012020  0.112660  -1.095301  0.375131  -1.284628  1.000000  
98.892052 0.032611  -0.007600  -0.058734  0.582269  0.394180  0.711045  -0.775609  0.531505  0.340490  -0.243710  -0.749749  0.615208  -0.032845  0.012797  0.112562  -1.143881  0.369895  -1.337239  1.000000  
98.893296 0.032559  -0.007572  -0.058604  0.583647  0.394316  0.709838  -0.774121  0.534105  0.339806  -0.245137  -0.747828  0.616978  -0.033902  0.013904  0.111081  -1.184759  0.370995  -1.383303  1.000000  
98.894563 0.032506  -0.007541  -0.058478  0.585021  0.394358  0.708683  -0.772629  0.536659  0.339177  -0.246564  -0.745975  0.618650  -0.034947  0.015221  0.109305  -1.227376  0.369806  -1.439773  1.000000  
98.895795 0.032457  -0.007510  -0.058341  0.586350  0.394443  0.707537  -0.771081  0.539448  0.338275  -0.248249  -0.743916  0.620453  -0.035715  0.016510  0.109147  -1.265873  0.370018  -1.496404  1.000000  
98.896796 0.032420  -0.007486  -0.058222  0.587556  0.394322  0.706603  -0.769702  0.541787  0.337678  -0.249675  -0.742278  0.621840  -0.036052  0.017179  0.109958  -1.297045  0.371269  -1.545488  1.000000  
98.897798 0.032383  -0.007462  -0.058096  0.588578  0.394332  0.705746  -0.768414  0.544159  0.336795  -0.251229  -0.740536  0.623290  -0.036338  0.017894  0.111963  -1.334250  0.364556  -1.599612  1.000000  
98.899046 0.032337  -0.007431  -0.057934  0.590029  0.394306  0.704549  -0.766705  0.547130  0.335876  -0.253042  -0.738358  0.625138  -0.036479  0.018713  0.114610  -1.371392  0.366650  -1.651492  1.000000  
98.900048 0.032299  -0.007406  -0.057805  0.591220  0.394250  0.703581  -0.765315  0.549493  0.335188  -0.254465  -0.736630  0.626596  -0.036685  0.019491  0.116924  -1.399985  0.364670  -1.693099  1.000000  
98.901296 0.032250  -0.007373  -0.057647  0.592637  0.394059  0.702494  -0.763569  0.552487  0.334247  -0.256406  -0.734490  0.628316  -0.037079  0.020423  0.118673  -1.428174  0.366294  -1.749428  1.000000  
98.902299 0.032209  -0.007348  -0.057526  0.593797  0.393928  0.701588  -0.762144  0.554916  0.333474  -0.257957  -0.732727  0.629738  -0.037629  0.021257  0.118753  -1.457903  0.364223  -1.798200  1.000000  
98.903302 0.032167  -0.007324  -0.057406  0.595088  0.393701  0.700621  -0.760565  0.557538  0.332704  -0.259637  -0.730856  0.631219  -0.038403  0.022141  0.118484  -1.484874  0.366714  -1.844838  1.000000  
98.904560 0.032113  -0.007294  -0.057260  0.596485  0.393654  0.699458  -0.758804  0.560589  0.331596  -0.261575  -0.728544  0.633089  -0.039431  0.023133  0.117778  -1.515470  0.356601  -1.892032  1.000000  
98.905799 0.032058  -0.007263  -0.057118  0.598009  0.393505  0.698240  -0.756887  0.563829  0.330483  -0.263641  -0.726120  0.635014  -0.040442  0.024156  0.117727  -1.547787  0.351474  -1.937341  1.000000  
98.906803 0.032012  -0.007236  -0.057009  0.599302  0.393481  0.697144  -0.755322  0.566432  0.329611  -0.265189  -0.724105  0.636669  -0.040666  0.024608  0.116804  -1.577696  0.353464  -1.980303  1.000000  
98.907803 0.031966  -0.007209  -0.056903  0.600723  0.393187  0.696086  -0.753601  0.569146  0.328874  -0.266866  -0.722134  0.638205  -0.040913  0.024972  0.117046  -1.599757  0.354647  -2.026354  1.000000  
98.909049 0.031906  -0.007175  -0.056764  0.602202  0.393031  0.694896  -0.751639  0.572473  0.327587  -0.269057  -0.719584  0.640161  -0.041394  0.025185  0.117894  -1.637235  0.357349  -2.069179  1.000000  
98.910296 0.031847  -0.007140  -0.056615  0.603803  0.392852  0.693606  -0.749518  0.576023  0.326221  -0.271376  -0.716843  0.642254  -0.041937  0.025450  0.118772  -1.676934  0.361661  -2.119964  1.000000  
98.911547 0.031792  -0.007107  -0.056452  0.605240  0.392780  0.692393  -0.747514  0.579479  0.324696  -0.273693  -0.714092  0.644332  -0.042467  0.025665  0.120009  -1.718557  0.351669  -2.166006  1.000000  
98.912547 0.031749  -0.007079  -0.056318  0.606430  0.392613  0.691446  -0.745838  0.582303  0.323494  -0.275623  -0.711884  0.645952  -0.042896  0.025944  0.120684  -1.749344  0.343578  -2.210534  1.000000  
98.913796 0.031696  -0.007041  -0.056153  0.608002  0.392566  0.690091  -0.743697  0.585893  0.321939  -0.277937  -0.708958  0.648174  -0.043456  0.026459  0.120691  -1.804353  0.333875  -2.266638  1.000000  
98.914798 0.031651  -0.007008  -0.056026  0.609329  0.392427  0.688999  -0.741885  0.588855  0.320712  -0.279865  -0.706577  0.649942  -0.043906  0.026927  0.120616  -1.847289  0.328026  -2.307961  1.000000  
98.915801 0.031604  -0.006974  -0.055907  0.610649  0.392361  0.687867  -0.740069  0.591846  0.319400  -0.281791  -0.704110  0.651784  -0.044476  0.027502  0.120081  -1.889240  0.326909  -2.354774  1.000000  
98.917046 0.031541  -0.006930  -0.055762  0.612344  0.392405  0.686333  -0.737781  0.595594  0.317720  -0.284101  -0.700918  0.654217  -0.045231  0.028295  0.119578  -1.946718  0.325804  -2.396318  1.000000  
98.918046 0.031489  -0.006894  -0.055648  0.613647  0.392400  0.685171  -0.735953  0.598600  0.316307  -0.286025  -0.698355  0.656118  -0.045982  0.029079  0.119311  -1.989165  0.324589  -2.431024  1.000000  
98.919313 0.031427  -0.006852  -0.055497  0.615472  0.392375  0.683547  -0.733525  0.602438  0.314657  -0.288332  -0.695061  0.658601  -0.046518  0.029967  0.119473  -2.047227  0.320272  -2.489126  1.000000  
98.920551 0.031366  -0.006812  -0.055337  0.617059  0.392277  0.682171  -0.731126  0.606391  0.312640  -0.291021  -0.691670  0.660983  -0.046878  0.030482  0.120650  -2.092699  0.300682  -2.538937  1.000000  
98.921565 0.031318  -0.006781  -0.055203  0.618433  0.392159  0.680993  -0.729093  0.609656  0.311036  -0.293196  -0.688862  0.662952  -0.046994  0.030834  0.122342  -2.135927  0.297597  -2.585275  1.000000  
98.922803 0.031256  -0.006745  -0.055035  0.620320  0.391840  0.679459  -0.726453  0.613664  0.309326  -0.295753  -0.685476  0.665321  -0.047285  0.030961  0.124771  -2.174223  0.287758  -2.646348  1.000000  
98.924048 0.031191  -0.006709  -0.054871  0.622016  0.391571  0.678062  -0.723900  0.617642  0.307386  -0.298436  -0.682049  0.667641  -0.047707  0.031055  0.126192  -2.213530  0.275393  -2.699095  1.000000  
98.925051 0.031137  -0.006679  -0.054747  0.623357  0.391414  0.676920  -0.721846  0.620861  0.305730  -0.300607  -0.679211  0.669558  -0.048160  0.031245  0.126552  -2.251083  0.262702  -2.743481  1.000000  
98.926297 0.031070  -0.006641  -0.054599  0.624879  0.391489  0.675472  -0.719406  0.624831  0.303383  -0.303285  -0.675516  0.672083  -0.048937  0.031620  0.125636  -2.302074  0.245127  -2.780744  1.000000  
98.927552 0.031003  -0.006602  -0.054456  0.626682  0.391290  0.673915  -0.716699  0.628941  0.301289  -0.305961  -0.671807  0.674583  -0.049846  0.031809  0.123944  -2.340092  0.241334  -2.826274  1.000000  
98.928796 0.030938  -0.006562  -0.054313  0.628469  0.391073  0.672376  -0.713983  0.633029  0.299171  -0.308635  -0.668084  0.677058  -0.050554  0.031884  0.122716  -2.384897  0.236051  -2.873138  1.000000  
98.930046 0.030871  -0.006524  -0.054170  0.630184  0.390883  0.670879  -0.711195  0.637299  0.296737  -0.311561  -0.664124  0.679609  -0.051225  0.031747  0.121743  -2.431532  0.220089  -2.919813  1.000000  
98.931046 0.030818  -0.006494  -0.054055  0.631410  0.390788  0.669781  -0.709042  0.640671  0.294619  -0.313976  -0.660928  0.681611  -0.051598  0.031469  0.121506  -2.481597  0.203568  -2.961612  1.000000  
98.932055 0.030762  -0.006464  -0.053937  0.632973  0.390615  0.668404  -0.706685  0.644091  0.292818  -0.316134  -0.657698  0.683735  -0.051871  0.030957  0.121741  -2.523927  0.201939  -2.999903  1.000000  
98.933295 0.030693  -0.006429  -0.053785  0.634643  0.390459  0.666911  -0.703871  0.648328  0.290236  -0.319052  -0.653615  0.686289  -0.052257  0.030380  0.122322  -2.571441  0.185999  -3.035193  1.000000  
98.934296 0.030638  -0.006401  -0.053659  0.636180  0.390419  0.665469  -0.701499  0.651781  0.288236  -0.321207  -0.650196  0.688529  -0.052653  0.030070  0.122709  -2.621353  0.183383  -3.073290  1.000000  
98.935296 0.030584  -0.006375  -0.053528  0.637820  0.390172  0.664042  -0.698958  0.655361  0.286286  -0.323487  -0.646736  0.690716  -0.052943  0.029684  0.122795  -2.659554  0.176837  -3.115391  1.000000  
98.936306 0.030531  -0.006348  -0.053395  0.639476  0.389968  0.662567  -0.696441  0.658860  0.284384  -0.325638  -0.643296  0.692914  -0.053426  0.029404  0.122660  -2.706551  0.176627  -3.157282  1.000000  
98.937567 0.030464  -0.006313  -0.053234  0.641286  0.390126  0.660723  -0.693524  0.663128  0.281576  -0.328294  -0.638798  0.695816  -0.053621  0.029279  0.121980  -2.764264  0.169077  -3.191550  1.000000  
98.938801 0.030395  -0.006276  -0.053082  0.643017  0.390147  0.659025  -0.690533  0.667492  0.278601  -0.331199  -0.634224  0.698618  -0.053872  0.029385  0.121410  -2.830684  0.153503  -3.233265  1.000000  
98.940052 0.030323  -0.006238  -0.052939  0.645013  0.390030  0.657141  -0.687266  0.672052  0.275701  -0.334101  -0.629462  0.701537  -0.054212  0.029371  0.120548  -2.888442  0.149058  -3.275871  1.000000  
98.941295 0.030250  -0.006201  -0.052800  0.647018  0.389868  0.655264  -0.684020  0.676485  0.272918  -0.336874  -0.624797  0.704375  -0.054678  0.029340  0.119948  -2.934928  0.156662  -3.316931  1.000000  
98.942300 0.030193  -0.006171  -0.052686  0.648566  0.389837  0.653750  -0.681429  0.680062  0.270498  -0.339141  -0.620920  0.706712  -0.054925  0.029188  0.119987  -2.989714  0.152065  -3.353053  1.000000  
98.943546 0.030123  -0.006137  -0.052539  0.650672  0.389729  0.651719  -0.678030  0.684615  0.267540  -0.341908  -0.615966  0.709707  -0.055220  0.028844  0.120252  -3.038756  0.154430  -3.396405  1.000000  
98.944548 0.030069  -0.006113  -0.052414  0.652328  0.389679  0.650091  -0.675289  0.688288  0.265037  -0.344171  -0.611890  0.712135  -0.055300  0.028434  0.120931  -3.087780  0.152689  -3.429285  1.000000  
98.945795 0.030001  -0.006084  -0.052259  0.654702  0.389295  0.647931  -0.671632  0.692880  0.262349  -0.346807  -0.606932  0.715093  -0.055360  0.027786  0.121585  -3.136117  0.163731  -3.472025  1.000000  
98.946796 0.029945  -0.006063  -0.052137  0.656527  0.389019  0.646248  -0.668805  0.696404  0.260232  -0.348814  -0.603063  0.717386  -0.055429  0.027239  0.122013  -3.165754  0.169093  -3.505325  1.000000  
98.947798 0.029887  -0.006043  -0.052020  0.658271  0.388848  0.644575  -0.665904  0.700116  0.257700  -0.351071  -0.598862  0.719801  -0.055624  0.026623  0.121734  -3.211258  0.169459  -3.544701  1.000000  
98.949046 0.029812  -0.006018  -0.051884  0.660548  0.388489  0.642459  -0.662182  0.704737  0.254678  -0.353825  -0.593651  0.722763  -0.056002  0.026022  0.120470  -3.259869  0.167373  -3.592084  1.000000  
98.950048 0.029751  -0.005998  -0.051778  0.662289  0.388333  0.640758  -0.659296  0.708339  0.252160  -0.355952  -0.589452  0.725151  -0.056470  0.025531  0.118611  -3.288459  0.177584  -3.617019  1.000000  
98.951078 0.029692  -0.005978  -0.051674  0.664015  0.388159  0.639075  -0.656403  0.711917  0.249618  -0.358076  -0.585241  0.727512  -0.056806  0.025025  0.116476  -3.327328  0.182210  -3.637698  1.000000  
98.952296 0.029618  -0.005954  -0.051542  0.666260  0.388014  0.636823  -0.652683  0.716477  0.246306  -0.360699  -0.579747  0.730609  -0.057311  0.024408  0.114985  -3.378673  0.188000  -3.673482  1.000000  
98.953312 0.029559  -0.005935  -0.051434  0.667950  0.387954  0.635086  -0.649773  0.720059  0.243536  -0.362819  -0.575332  0.733046  -0.057584  0.023609  0.113721  -3.432350  0.187782  -3.694226  1.000000  
98.954552 0.029486  -0.005912  -0.051296  0.670451  0.387436  0.632763  -0.645789  0.724626  0.240569  -0.365311  -0.569921  0.736028  -0.057789  0.022597  0.113341  -3.475829  0.208132  -3.731255  1.000000  
98.955800 0.029412  -0.005888  -0.051155  0.672959  0.387170  0.630258  -0.641825  0.729189  0.237366  -0.367677  -0.564254  0.739210  -0.057818  0.021684  0.113369  -3.532167  0.235175  -3.777097  1.000000  
98.956803 0.029351  -0.005870  -0.051042  0.674927  0.387080  0.628206  -0.638680  0.732826  0.234637  -0.369542  -0.559585  0.741824  -0.058051  0.021075  0.113532  -3.580583  0.248486  -3.799686  1.000000  
98.958050 0.029276  -0.005847  -0.050899  0.677350  0.386699  0.625828  -0.634659  0.737370  0.231288  -0.372028  -0.553851  0.744879  -0.058419  0.020142  0.113141  -3.621511  0.261784  -3.838931  1.000000  
98.959052 0.029215  -0.005829  -0.050784  0.679243  0.386658  0.623799  -0.631461  0.741053  0.228249  -0.374014  -0.548941  0.747514  -0.058791  0.019706  0.112917  -3.676582  0.274588  -3.866576  1.000000  
98.960053 0.029154  -0.005812  -0.050669  0.681284  0.386420  0.621717  -0.628149  0.744711  0.225467  -0.375874  -0.544138  0.750089  -0.059309  0.019156  0.111989  -3.717622  0.297238  -3.888792  1.000000  
98.961295 0.029076  -0.005791  -0.050532  0.683671  0.386231  0.619208  -0.624129  0.749177  0.221805  -0.378229  -0.538107  0.753249  -0.059829  0.018801  0.111042  -3.776202  0.319096  -3.921950  1.000000  
98.962295 0.029013  -0.005775  -0.050426  0.685671  0.386093  0.617080  -0.620798  0.752826  0.218776  -0.380086  -0.533090  0.755877  -0.060246  0.018557  0.110092  -3.811660  0.331160  -3.940174  1.000000  
98.963296 0.028947  -0.005759  -0.050324  0.687780  0.385850  0.614882  -0.617317  0.756552  0.215753  -0.381942  -0.527967  0.758532  -0.060631  0.018228  0.109414  -3.862346  0.350394  -3.972772  1.000000  
98.964296 0.028881  -0.005743  -0.050224  0.689906  0.385411  0.612771  -0.613861  0.760123  0.213043  -0.383672  -0.523136  0.761002  -0.061067  0.017905  0.108962  -3.894852  0.371456  -3.996103  1.000000  
98.965298 0.028814  -0.005730  -0.050125  0.691888  0.385328  0.610585  -0.610538  0.763665  0.209902  -0.385401  -0.518014  0.763628  -0.061643  0.017543  0.108767  -3.936331  0.379461  -4.012499  1.000000  
98.966548 0.028731  -0.005716  -0.049997  0.694609  0.384845  0.607794  -0.606105  0.768168  0.206287  -0.387499  -0.511675  0.766833  -0.062093  0.016819  0.108379  -3.979153  0.402798  -4.046697  1.000000  
98.967796 0.028649  -0.005705  -0.049864  0.697174  0.384336  0.605173  -0.601801  0.772498  0.202688  -0.389595  -0.505502  0.769859  -0.062701  0.016035  0.108345  -4.007711  0.427425  -4.077526  1.000000  
98.968796 0.028583  -0.005696  -0.049754  0.699213  0.384011  0.603023  -0.598306  0.776017  0.199568  -0.391319  -0.500333  0.772358  -0.063136  0.015305  0.108390  -4.039158  0.445399  -4.101896  1.000000  
98.969810 0.028518  -0.005688  -0.049644  0.701233  0.383736  0.600849  -0.594802  0.779530  0.196325  -0.393043  -0.495056  0.774879  -0.063613  0.014552  0.108190  -4.073754  0.461787  -4.120158  1.000000  
98.971052 0.028433  -0.005679  -0.049510  0.703963  0.382955  0.598148  -0.590174  0.783947  0.192668  -0.395133  -0.488643  0.777880  -0.064220  0.013649  0.107828  -4.106954  0.484947  -4.153388  1.000000  
98.972057 0.028364  -0.005672  -0.049407  0.705979  0.382675  0.595948  -0.586685  0.787349  0.189426  -0.396730  -0.483364  0.780361  -0.064881  0.012749  0.106967  -4.137112  0.501349  -4.171339  1.000000  
98.973301 0.028276  -0.005663  -0.049282  0.708410  0.382224  0.593347  -0.582323  0.791547  0.185347  -0.398817  -0.476821  0.783317  -0.065979  0.011900  0.106162  -4.169357  0.511230  -4.189758  1.000000  
98.974429 0.028206  -0.005656  -0.049182  0.710501  0.381657  0.591207  -0.578670  0.794936  0.182259  -0.400412  -0.471609  0.785656  -0.065767  0.011061  0.103739  -4.169039  0.524626  -4.190195  1.000000  
98.975795 0.028098  -0.005645  -0.049029  0.713662  0.381298  0.587621  -0.573224  0.800044  0.177041  -0.402617  -0.463186  0.789530  -0.067286  0.010314  0.103785  -4.247896  0.538167  -4.224167  1.000000  
98.977044 0.028009  -0.005637  -0.048895  0.716203  0.380953  0.584746  -0.568745  0.804181  0.172693  -0.404454  -0.456254  0.792622  -0.067934  0.009462  0.103778  -4.303670  0.547794  -4.240062  1.000000  
98.978046 0.027937  -0.005633  -0.048784  0.718377  0.380459  0.582397  -0.564945  0.807576  0.169289  -0.405922  -0.450635  0.795082  -0.068501  0.008551  0.104413  -4.332926  0.559772  -4.255868  1.000000  
98.979295 0.027846  -0.005628  -0.048641  0.720904  0.380091  0.579507  -0.560475  0.811584  0.164922  -0.407633  -0.443692  0.798106  -0.069015  0.007726  0.105522  -4.373632  0.583425  -4.269824  1.000000  
98.980544 0.027753  -0.005625  -0.048496  0.723358  0.379708  0.576693  -0.555960  0.815597  0.160344  -0.409465  -0.436604  0.801071  -0.069615  0.006860  0.106862  -4.411545  0.587240  -4.285383  1.000000  
98.981556 0.027679  -0.005622  -0.048379  0.725231  0.379532  0.574452  -0.552428  0.818737  0.156499  -0.410929  -0.430842  0.803438  -0.070117  0.006242  0.107810  -4.448820  0.595034  -4.290303  1.000000  
98.982795 0.027584  -0.005621  -0.048234  0.727856  0.378467  0.571829  -0.547592  0.822736  0.152475  -0.412758  -0.424109  0.806079  -0.070953  0.005548  0.108708  -4.459254  0.609416  -4.317336  1.000000  
98.984051 0.027490  -0.005623  -0.048088  0.730379  0.377925  0.568964  -0.542925  0.826663  0.147855  -0.414463  -0.416894  0.808962  -0.071923  0.004731  0.109288  -4.499930  0.614292  -4.329386  1.000000  
98.985295 0.027394  -0.005627  -0.047946  0.733156  0.376650  0.566230  -0.537759  0.830766  0.143676  -0.416289  -0.409832  0.811629  -0.072675  0.003844  0.109742  -4.520123  0.614860  -4.354267  1.000000  
98.986301 0.027316  -0.005632  -0.047833  0.735153  0.375815  0.564193  -0.533889  0.833845  0.140232  -0.417748  -0.404308  0.813647  -0.073303  0.003042  0.110084  -4.528470  0.615176  -4.374330  1.000000  
98.987305 0.027236  -0.005640  -0.047720  0.737127  0.374821  0.562275  -0.530009  0.836858  0.136965  -0.419206  -0.398972  0.815529  -0.074040  0.002004  0.110916  -4.546722  0.618317  -4.399356  1.000000  
98.988548 0.027134  -0.005651  -0.047575  0.739374  0.373937  0.559908  -0.525415  0.840463  0.132519  -0.421028  -0.392165  0.817889  -0.075026  0.000593  0.112409  -4.545561  0.611119  -4.403088  1.000000  
98.989548 0.027052  -0.005663  -0.047456  0.741146  0.373233  0.558032  -0.521639  0.843401  0.128713  -0.422605  -0.386486  0.819776  -0.075781  -0.000756  0.113647  -4.545993  0.594914  -4.399874  1.000000  
98.990798 0.026948  -0.005680  -0.047301  0.743124  0.372577  0.555836  -0.517332  0.846743  0.124075  -0.424423  -0.379754  0.821980  -0.076786  -0.002466  0.115340  -4.551730  0.579164  -4.396935  1.000000  
98.991803 0.026864  -0.005696  -0.047173  0.745003  0.371496  0.554041  -0.513420  0.849606  0.120703  -0.425876  -0.374380  0.823692  -0.077619  -0.003970  0.116728  -4.539348  0.571690  -4.406670  1.000000  
98.993047 0.026757  -0.005716  -0.047009  0.747185  0.370550  0.551732  -0.508821  0.852995  0.116191  -0.427570  -0.367549  0.825888  -0.078683  -0.005731  0.118378  -4.536609  0.558292  -4.402864  1.000000  
98.994295 0.026648  -0.005736  -0.046848  0.749033  0.369781  0.549738  -0.504456  0.856221  0.111399  -0.429504  -0.360760  0.827876  -0.079908  -0.007397  0.119568  -4.544178  0.526652  -4.393177  1.000000  
98.995295 0.026558  -0.005751  -0.046720  0.750584  0.368886  0.548222  -0.500798  0.858829  0.107769  -0.431075  -0.355438  0.829360  -0.081022  -0.008562  0.120451  -4.530274  0.505105  -4.397075  1.000000  
98.996545 0.026442  -0.005771  -0.046560  0.752632  0.367961  0.546031  -0.496141  0.862123  0.102896  -0.432885  -0.348351  0.831422  -0.082538  -0.009906  0.121406  -4.537689  0.476412  -4.393240  1.000000  
98.997548 0.026347  -0.005787  -0.046431  0.754341  0.366676  0.544535  -0.492160  0.864806  0.099447  -0.434452  -0.343015  0.832822  -0.083867  -0.011198  0.122220  -4.530703  0.455786  -4.404081  1.000000  
98.998796 0.026227  -0.005808  -0.046263  0.756181  0.365583  0.542714  -0.487610  0.867903  0.094765  -0.436379  -0.336292  0.834554  -0.085684  -0.012586  0.123804  -4.518510  0.424031  -4.402604  1.000000  
99.000053 0.026104  -0.005833  -0.046088  0.757991  0.364404  0.540980  -0.483052  0.870937  0.090162  -0.438304  -0.329663  0.836189  -0.087470  -0.013923  0.125881  -4.504631  0.393648  -4.392842  1.000000  
99.001296 0.025978  -0.005859  -0.045908  0.759474  0.363746  0.539340  -0.478956  0.873695  0.085200  -0.440228  -0.323027  0.837767  -0.089248  -0.015113  0.128415  -4.500486  0.353662  -4.365080  1.000000  
99.002546 0.025848  -0.005888  -0.045724  0.760589  0.363643  0.537837  -0.475293  0.876209  0.079717  -0.442269  -0.316262  0.839272  -0.091236  -0.016408  0.131199  -4.500470  0.297406  -4.331967  1.000000  
99.003547 0.025742  -0.005912  -0.045575  0.761837  0.362977  0.536518  -0.471939  0.878358  0.075892  -0.443708  -0.311021  0.840469  -0.092838  -0.017429  0.133383  -4.490797  0.268311  -4.317013  1.000000  
99.004802 0.025607  -0.005943  -0.045389  0.763303  0.362185  0.534968  -0.467861  0.880934  0.071141  -0.445506  -0.304593  0.841872  -0.095123  -0.018576  0.136035  -4.475991  0.221684  -4.287399  1.000000  
99.006047 0.025470  -0.005975  -0.045202  0.764890  0.361166  0.533387  -0.463650  0.883508  0.066645  -0.447182  -0.298281  0.843242  -0.097102  -0.019392  0.137800  -4.434588  0.180100  -4.260269  1.000000  
99.007047 0.025359  -0.006001  -0.045053  0.766081  0.360402  0.532193  -0.460284  0.885542  0.062879  -0.448618  -0.293131  0.844285  -0.099142  -0.020103  0.139237  -4.408381  0.144430  -4.241165  1.000000  
99.008052 0.025248  -0.006026  -0.044907  0.767256  0.359565  0.531066  -0.456915  0.887538  0.059208  -0.450052  -0.288080  0.845259  -0.100817  -0.020736  0.140311  -4.380758  0.106698  -4.215707  1.000000  
99.009297 0.025107  -0.006059  -0.044723  0.768829  0.358670  0.529394  -0.452721  0.889985  0.054502  -0.451605  -0.281571  0.846623  -0.102879  -0.021636  0.141877  -4.355986  0.071716  -4.200704  1.000000  
99.010545 0.024964  -0.006092  -0.044538  0.770046  0.358087  0.528017  -0.448966  0.892165  0.049717  -0.453275  -0.275346  0.847777  -0.104898  -0.022563  0.143544  -4.318114  0.026991  -4.162010  1.000000  
99.011545 0.024849  -0.006118  -0.044387  0.771087  0.357589  0.526834  -0.445964  0.893868  0.046010  -0.454467  -0.270427  0.848722  -0.106399  -0.023266  0.145059  -4.292423  0.002152  -4.134612  1.000000  
99.012795 0.024704  -0.006152  -0.044194  0.772321  0.357019  0.525412  -0.442233  0.895951  0.041252  -0.456016  -0.264214  0.849847  -0.108128  -0.024119  0.147129  -4.272734  -0.044217  -4.080491  1.000000  
99.013796 0.024588  -0.006181  -0.044035  0.773386  0.356598  0.524130  -0.439255  0.897580  0.037469  -0.457087  -0.259205  0.850814  -0.109295  -0.024820  0.148520  -4.250242  -0.076418  -4.040732  1.000000  
99.014800 0.024472  -0.006209  -0.043873  0.774475  0.355891  0.523001  -0.436086  0.899269  0.033836  -0.458277  -0.254278  0.851660  -0.110621  -0.025550  0.150199  -4.227923  -0.109963  -3.992429  1.000000  
99.016051 0.024327  -0.006246  -0.043667  0.775852  0.355165  0.521452  -0.432245  0.901281  0.029254  -0.459585  -0.248092  0.852779  -0.111872  -0.026253  0.151868  -4.213795  -0.134906  -3.951695  1.000000  
99.017296 0.024181  -0.006284  -0.043461  0.777297  0.354240  0.519927  -0.428240  0.903326  0.024763  -0.460891  -0.241902  0.853852  -0.112872  -0.026795  0.153294  -4.200203  -0.161803  -3.905515  1.000000  
99.018298 0.024064  -0.006312  -0.043297  0.778445  0.353563  0.518669  -0.425120  0.904889  0.021203  -0.461841  -0.237002  0.854712  -0.113671  -0.027127  0.154355  -4.182562  -0.177814  -3.872134  1.000000  
99.019298 0.023947  -0.006342  -0.043134  0.779547  0.353090  0.517333  -0.422187  0.906338  0.017580  -0.462671  -0.232116  0.855604  -0.114369  -0.027432  0.155330  -4.164534  -0.191590  -3.831775  1.000000  
99.020301 0.023830  -0.006370  -0.042971  0.780638  0.352609  0.516015  -0.419250  0.907763  0.013947  -0.463502  -0.227227  0.856466  -0.114823  -0.027592  0.156298  -4.136596  -0.199197  -3.798794  1.000000  
