1-Time 2-Px 3-Py 4-Pz 5-R11 6-R21 7-R31 8-R12 9-R22 10-R32 11-R13 12-R23 13-R33 14-Vx 15-Vy 16-Vz 17-Wx 18-Wy 19-Wz 20-state
198.259319 0.049278  -0.014797  0.018013  0.585010  0.762220  0.277101  -0.804848  0.587708  0.082574  -0.099914  -0.271331  0.957286  -0.000717  -0.001184  0.000023  0.000000  0.000000  0.000000  1.000000  
198.260549 0.049277  -0.014799  0.018012  0.585175  0.762099  0.277084  -0.804728  0.587865  0.082631  -0.099914  -0.271331  0.957286  -0.001676  -0.001672  -0.000491  0.000000  0.000000  0.000000  1.000000  
198.261552 0.049260  -0.014809  0.018000  0.585175  0.762099  0.277084  -0.804728  0.587865  0.082631  -0.099914  -0.271331  0.957286  -0.009273  -0.005959  -0.006458  0.000000  0.000000  0.000000  1.000000  
198.262801 0.049229  -0.014826  0.017980  0.585175  0.762099  0.277084  -0.804728  0.587865  0.082631  -0.099914  -0.271331  0.957286  -0.015171  -0.008785  -0.010276  0.000000  0.000000  0.000000  1.000000  
198.263803 0.049209  -0.014835  0.017967  0.585168  0.762077  0.277159  -0.804717  0.587894  0.082528  -0.100048  -0.271327  0.957273  -0.016353  -0.008859  -0.010793  0.000000  0.000000  0.000000  1.000000  
198.265050 0.049192  -0.014836  0.017961  0.585168  0.762077  0.277159  -0.804717  0.587894  0.082528  -0.100048  -0.271327  0.957273  -0.015728  -0.007060  -0.009513  0.000000  0.000000  0.000000  1.000000  
198.266051 0.049177  -0.014831  0.017957  0.585168  0.762077  0.277159  -0.804717  0.587894  0.082528  -0.100048  -0.271327  0.957273  -0.015560  -0.005309  -0.008566  0.000000  0.000000  0.000000  1.000000  
198.267052 0.049156  -0.014826  0.017954  0.585168  0.762077  0.277159  -0.804717  0.587894  0.082528  -0.100048  -0.271327  0.957273  -0.016258  -0.003808  -0.007895  0.000000  0.000000  0.000000  1.000000  
198.268056 0.049130  -0.014821  0.017947  0.585168  0.762077  0.277159  -0.804717  0.587894  0.082528  -0.100048  -0.271327  0.957273  -0.017472  -0.002774  -0.007700  0.000000  0.000000  0.000000  1.000000  
198.269311 0.049093  -0.014816  0.017939  0.585175  0.762099  0.277084  -0.804728  0.587865  0.082631  -0.099914  -0.271331  0.957286  -0.019026  -0.001989  -0.007558  0.000000  0.000000  0.000000  1.000000  
198.270559 0.049058  -0.014814  0.017932  0.585175  0.762099  0.277084  -0.804728  0.587865  0.082631  -0.099914  -0.271331  0.957286  -0.019985  -0.001528  -0.007333  0.000000  0.000000  0.000000  1.000000  
198.271560 0.049034  -0.014811  0.017924  0.585183  0.762120  0.277008  -0.804739  0.587836  0.082735  -0.099781  -0.271334  0.957299  -0.020349  -0.001175  -0.007379  0.000000  0.000000  0.000000  1.000000  
198.272801 0.049003  -0.014804  0.017910  0.585191  0.762175  0.276840  -0.804749  0.587816  0.082767  -0.099648  -0.271222  0.957345  -0.020816  -0.000527  -0.007743  0.000000  0.000000  0.000000  1.000000  
198.274053 0.048963  -0.014797  0.017892  0.585199  0.762230  0.276673  -0.804760  0.587797  0.082800  -0.099515  -0.271109  0.957390  -0.021744  0.000013  -0.008318  0.000000  0.000000  0.000000  1.000000  
198.275303 0.048913  -0.014797  0.017872  0.585199  0.762263  0.276580  -0.804760  0.587807  0.082728  -0.099515  -0.270993  0.957423  -0.024386  0.000026  -0.009442  0.000000  0.000000  0.000000  1.000000  
198.276552 0.048859  -0.014804  0.017851  0.585372  0.762231  0.276303  -0.804650  0.587955  0.082746  -0.099382  -0.270765  0.957502  -0.026762  0.000544  -0.009852  0.000000  0.000000  0.000000  1.000000  
198.277554 0.048816  -0.014811  0.017835  0.585538  0.762143  0.276193  -0.804530  0.588122  0.082732  -0.099382  -0.270648  0.957535  -0.027989  0.001001  -0.009774  0.000000  0.000000  0.000000  1.000000  
198.278611 0.048775  -0.014814  0.017820  0.585704  0.762089  0.275991  -0.804409  0.588299  0.082646  -0.099382  -0.270416  0.957600  -0.029269  0.001385  -0.009919  0.000000  0.000000  0.000000  1.000000  
198.279624 0.048735  -0.014812  0.017808  0.586027  0.761859  0.275940  -0.804157  0.588652  0.082585  -0.099515  -0.270296  0.957620  -0.031026  0.001636  -0.010305  0.000000  0.000000  0.000000  1.000000  
198.280799 0.048684  -0.014804  0.017795  0.586177  0.761729  0.275982  -0.804015  0.588877  0.082363  -0.099781  -0.270173  0.957627  -0.033185  0.001927  -0.010911  0.000000  0.000000  0.000000  1.000000  
198.281804 0.048645  -0.014793  0.017784  0.586500  0.761498  0.275931  -0.803763  0.589230  0.082301  -0.099914  -0.270053  0.957647  -0.034694  0.002205  -0.011494  0.000000  0.000000  0.000000  1.000000  
198.282862 0.048607  -0.014782  0.017773  0.586988  0.761113  0.275956  -0.803390  0.589729  0.082368  -0.100048  -0.270050  0.957634  -0.035293  0.002595  -0.011813  0.000000  0.000000  0.000000  1.000000  
198.284111 0.048562  -0.014772  0.017750  0.587477  0.760761  0.275888  -0.803016  0.590238  0.082364  -0.100181  -0.269930  0.957654  -0.035871  0.003025  -0.012773  0.000000  0.000000  0.000000  1.000000  
198.285312 0.048516  -0.014765  0.017722  0.587964  0.760408  0.275821  -0.802642  0.590747  0.082359  -0.100314  -0.269810  0.957674  -0.036764  0.003282  -0.014267  0.000000  0.000000  0.000000  1.000000  
198.286562 0.048467  -0.014761  0.017691  0.588609  0.759879  0.275905  -0.802136  0.591431  0.082380  -0.100580  -0.269803  0.957648  -0.038042  0.003295  -0.015674  0.000000  0.000000  0.000000  1.000000  
198.287809 0.048416  -0.014757  0.017660  0.589089  0.759471  0.276005  -0.801751  0.591959  0.082344  -0.100846  -0.269795  0.957622  -0.039253  0.003104  -0.016741  0.000000  0.000000  0.000000  1.000000  
198.289052 0.048362  -0.014752  0.017636  0.589568  0.759062  0.276106  -0.801365  0.592486  0.082308  -0.101113  -0.269788  0.957596  -0.040060  0.002971  -0.017084  -0.033820  0.013590  -0.198234  1.000000  
198.290053 0.048318  -0.014749  0.017620  0.590046  0.758653  0.276208  -0.800979  0.593012  0.082272  -0.101379  -0.269781  0.957570  -0.040320  0.003218  -0.017075  -0.032120  0.008563  -0.212291  1.000000  
198.291305 0.048263  -0.014746  0.017601  0.590525  0.758277  0.276217  -0.800593  0.593549  0.082164  -0.101645  -0.269657  0.957577  -0.040373  0.003941  -0.016929  -0.034062  0.005506  -0.234508  1.000000  
198.292552 0.048206  -0.014742  0.017581  0.591176  0.757800  0.276133  -0.800095  0.594212  0.082216  -0.101778  -0.269537  0.957596  -0.040697  0.004598  -0.016934  -0.035337  0.008649  -0.262256  1.000000  
198.293554 0.048157  -0.014738  0.017564  0.591489  0.757546  0.276160  -0.799830  0.594592  0.082052  -0.102044  -0.269414  0.957603  -0.041358  0.005097  -0.017127  -0.037653  0.007980  -0.274454  1.000000  
198.294861 0.048097  -0.014729  0.017543  0.591959  0.757115  0.276338  -0.799431  0.595147  0.081914  -0.102444  -0.269403  0.957563  -0.041806  0.005508  -0.017574  -0.035732  0.000671  -0.299623  1.000000  
198.296052 0.048041  -0.014714  0.017520  0.592428  0.756716  0.276424  -0.799032  0.595711  0.081703  -0.102843  -0.269275  0.957556  -0.042388  0.005701  -0.018309  -0.037718  -0.006720  -0.323773  1.000000  
198.297301 0.047988  -0.014693  0.017497  0.592732  0.756440  0.276528  -0.798755  0.596119  0.081436  -0.103242  -0.269148  0.957549  -0.042513  0.006264  -0.018736  -0.040332  -0.015987  -0.340731  1.000000  
198.298552 0.047935  -0.014672  0.017469  0.593036  0.756130  0.276724  -0.798478  0.596517  0.081241  -0.103641  -0.269137  0.957509  -0.043185  0.006887  -0.019449  -0.038538  -0.025027  -0.354701  1.000000  
198.299556 0.047889  -0.014659  0.017446  0.593184  0.755931  0.276951  -0.798333  0.596721  0.081165  -0.103907  -0.269245  0.957450  -0.043687  0.007311  -0.019641  -0.033769  -0.036025  -0.364866  1.000000  
198.300802 0.047825  -0.014648  0.017416  0.593504  0.755663  0.276994  -0.798078  0.597061  0.081176  -0.104041  -0.269242  0.957436  -0.044788  0.007694  -0.019546  -0.032378  -0.040911  -0.380530  1.000000  
198.301808 0.047772  -0.014641  0.017395  0.593660  0.755485  0.277146  -0.797945  0.597236  0.081203  -0.104174  -0.269354  0.957390  -0.045764  0.008007  -0.019163  -0.023778  -0.048022  -0.392630  1.000000  
198.303061 0.047704  -0.014632  0.017371  0.593643  0.755409  0.277390  -0.797922  0.597284  0.081070  -0.104440  -0.269463  0.957331  -0.046749  0.008384  -0.018911  -0.019648  -0.056644  -0.395000  1.000000  
198.304305 0.047636  -0.014621  0.017348  0.593799  0.755197  0.277633  -0.797789  0.597448  0.081169  -0.104573  -0.269691  0.957252  -0.047763  0.008841  -0.018976  -0.006667  -0.062951  -0.401188  1.000000  
198.305552 0.047565  -0.014610  0.017324  0.593627  0.755264  0.277818  -0.797900  0.597312  0.081082  -0.104706  -0.269803  0.957206  -0.048764  0.009164  -0.019259  0.000049  -0.070899  -0.388899  1.000000  
198.306552 0.047507  -0.014603  0.017301  0.593618  0.755209  0.277986  -0.797888  0.597331  0.081052  -0.104839  -0.269916  0.957160  -0.049645  0.009486  -0.019822  0.011573  -0.082035  -0.387934  1.000000  
198.307553 0.047450  -0.014595  0.017276  0.593618  0.755175  0.278078  -0.797888  0.597321  0.081124  -0.104839  -0.270032  0.957127  -0.050440  0.009893  -0.020438  0.019564  -0.081361  -0.384744  1.000000  
198.308553 0.047393  -0.014584  0.017247  0.593618  0.755142  0.278169  -0.797888  0.597312  0.081196  -0.104839  -0.270148  0.957094  -0.050965  0.010268  -0.021160  0.031056  -0.083408  -0.378940  1.000000  
198.309803 0.047324  -0.014567  0.017209  0.593618  0.755142  0.278169  -0.797888  0.597312  0.081196  -0.104839  -0.270148  0.957094  -0.051731  0.010877  -0.022308  0.038116  -0.079230  -0.366386  1.000000  
198.311052 0.047259  -0.014544  0.017170  0.593618  0.755108  0.278261  -0.797888  0.597302  0.081269  -0.104839  -0.270264  0.957061  -0.052179  0.011341  -0.023338  0.044873  -0.078609  -0.351744  1.000000  
198.312112 0.047207  -0.014524  0.017140  0.593610  0.755086  0.278337  -0.797877  0.597331  0.081166  -0.104972  -0.270260  0.957048  -0.052773  0.011399  -0.024092  0.042627  -0.083916  -0.330604  1.000000  
198.313302 0.047142  -0.014502  0.017105  0.593774  0.754930  0.278412  -0.797755  0.597476  0.081296  -0.104972  -0.270376  0.957015  -0.053801  0.011542  -0.024654  0.049765  -0.080957  -0.320767  1.000000  
198.314361 0.047088  -0.014487  0.017079  0.593783  0.754951  0.278336  -0.797766  0.597447  0.081399  -0.104839  -0.270380  0.957028  -0.054123  0.011627  -0.024782  0.047994  -0.078488  -0.300758  1.000000  
198.315554 0.047015  -0.014472  0.017043  0.594119  0.754693  0.278317  -0.797533  0.597719  0.081688  -0.104706  -0.270500  0.957009  -0.054909  0.011922  -0.025297  0.055042  -0.071207  -0.289659  1.000000  
198.316802 0.046940  -0.014461  0.017005  0.594292  0.754592  0.278224  -0.797422  0.597846  0.081848  -0.104573  -0.270504  0.957023  -0.055487  0.012013  -0.025981  0.053651  -0.062038  -0.272884  1.000000  
198.317829 0.046882  -0.014452  0.016974  0.594629  0.754367  0.278114  -0.797188  0.598127  0.082066  -0.104440  -0.270507  0.957036  -0.055679  0.012196  -0.026904  0.053354  -0.051390  -0.264614  1.000000  
198.319056 0.046812  -0.014440  0.016932  0.594965  0.754109  0.278095  -0.796955  0.598399  0.082355  -0.104307  -0.270627  0.957017  -0.055864  0.012272  -0.028200  0.056079  -0.037840  -0.246672  1.000000  
198.320308 0.046744  -0.014426  0.016888  0.595466  0.753761  0.277967  -0.796598  0.598835  0.082630  -0.104174  -0.270631  0.957030  -0.055643  0.012528  -0.029530  0.056080  -0.029186  -0.244231  1.000000  
198.321555 0.046676  -0.014411  0.016839  0.596130  0.753289  0.277822  -0.796119  0.599427  0.082961  -0.104041  -0.270635  0.957044  -0.055375  0.012871  -0.030867  0.060173  -0.016218  -0.240570  1.000000  
198.322804 0.046608  -0.014393  0.016788  0.596793  0.752817  0.277677  -0.795639  0.600018  0.083292  -0.103907  -0.270639  0.957057  -0.055336  0.013343  -0.032112  0.065044  -0.001382  -0.243779  1.000000  
198.323818 0.046556  -0.014378  0.016747  0.597285  0.752446  0.277625  -0.795270  0.600483  0.083464  -0.103907  -0.270639  0.957057  -0.054906  0.013550  -0.032800  0.069055  0.007257  -0.240980  1.000000  
198.325053 0.046493  -0.014357  0.016697  0.598111  0.751883  0.277371  -0.794666  0.601238  0.083779  -0.103774  -0.270526  0.957103  -0.054593  0.013665  -0.033634  0.070587  0.028295  -0.249602  1.000000  
198.326301 0.046430  -0.014335  0.016650  0.598937  0.751319  0.277117  -0.794061  0.601993  0.084093  -0.103641  -0.270414  0.957149  -0.054466  0.013570  -0.034252  0.072730  0.051166  -0.264474  1.000000  
198.327304 0.046378  -0.014316  0.016614  0.599591  0.750857  0.276956  -0.793567  0.602622  0.084248  -0.103641  -0.270298  0.957182  -0.054510  0.013488  -0.034714  0.070847  0.069726  -0.280654  1.000000  
198.328551 0.046311  -0.014295  0.016568  0.600579  0.750167  0.276684  -0.792837  0.603530  0.084619  -0.103508  -0.270186  0.957228  -0.054472  0.013466  -0.035532  0.069085  0.089417  -0.301006  1.000000  
198.329610 0.046255  -0.014281  0.016528  0.601395  0.749579  0.276505  -0.792218  0.604313  0.084831  -0.103508  -0.270070  0.957261  -0.054452  0.013515  -0.036336  0.063569  0.104199  -0.320276  1.000000  
198.330804 0.046184  -0.014267  0.016475  0.602390  0.748943  0.276064  -0.791497  0.605201  0.085229  -0.103242  -0.269845  0.957353  -0.054275  0.013642  -0.037414  0.055100  0.131137  -0.349456  1.000000  
198.332052 0.046114  -0.014254  0.016421  0.603538  0.748159  0.275681  -0.790639  0.606272  0.085582  -0.103109  -0.269616  0.957432  -0.054052  0.013744  -0.038529  0.050767  0.145322  -0.384591  1.000000  
198.333113 0.046057  -0.014242  0.016378  0.604369  0.747611  0.275347  -0.790039  0.606995  0.085995  -0.102843  -0.269508  0.957491  -0.053827  0.013854  -0.039158  0.042454  0.172838  -0.415167  1.000000  
198.334302 0.045986  -0.014223  0.016324  0.605352  0.746950  0.274981  -0.789303  0.607910  0.086290  -0.102710  -0.269279  0.957570  -0.054117  0.014275  -0.039987  0.033617  0.189579  -0.443048  1.000000  
198.335311 0.045929  -0.014207  0.016282  0.606181  0.746401  0.274645  -0.788701  0.608632  0.086702  -0.102444  -0.269170  0.957629  -0.054289  0.014631  -0.040424  0.030001  0.215260  -0.482669  1.000000  
198.336560 0.045858  -0.014185  0.016230  0.607172  0.745759  0.274201  -0.787974  0.609518  0.087096  -0.102177  -0.268945  0.957720  -0.054517  0.015062  -0.040633  0.017958  0.239417  -0.518730  1.000000  
198.337807 0.045787  -0.014161  0.016180  0.608161  0.745116  0.273756  -0.787245  0.610403  0.087490  -0.101911  -0.268720  0.957812  -0.054785  0.015472  -0.040473  0.013935  0.257599  -0.552655  1.000000  
198.339052 0.045715  -0.014137  0.016132  0.609150  0.744472  0.273310  -0.786514  0.611287  0.087882  -0.101645  -0.268495  0.957903  -0.055262  0.015770  -0.040342  0.006001  0.279083  -0.593593  1.000000  
198.340302 0.045640  -0.014111  0.016084  0.610146  0.743848  0.272785  -0.785793  0.612143  0.088375  -0.101246  -0.268274  0.958008  -0.056084  0.016050  -0.040288  0.001979  0.300665  -0.624522  1.000000  
198.341552 0.045563  -0.014085  0.016035  0.610979  0.743350  0.272277  -0.785197  0.612845  0.088810  -0.100846  -0.268053  0.958112  -0.057032  0.016284  -0.040534  -0.006760  0.322814  -0.653928  1.000000  
198.342612 0.045500  -0.014064  0.015993  0.611651  0.742977  0.271787  -0.784725  0.613393  0.089189  -0.100447  -0.267831  0.958216  -0.057525  0.016401  -0.040702  -0.016272  0.349604  -0.679819  1.000000  
198.343861 0.045419  -0.014040  0.015942  0.612491  0.742500  0.271199  -0.784138  0.614067  0.089724  -0.099914  -0.267613  0.958332  -0.058348  0.016745  -0.040907  -0.021870  0.370541  -0.703871  1.000000  
198.345051 0.045337  -0.014018  0.015889  0.613169  0.742148  0.270629  -0.783675  0.614587  0.090202  -0.099382  -0.267395  0.958448  -0.059866  0.017286  -0.041680  -0.027949  0.386046  -0.714646  1.000000  
198.346051 0.045270  -0.014001  0.015846  0.613686  0.741922  0.270077  -0.783338  0.614954  0.090624  -0.098849  -0.267176  0.958564  -0.060246  0.017567  -0.041440  -0.038876  0.406630  -0.722565  1.000000  
198.347053 0.045203  -0.013984  0.015802  0.614202  0.741695  0.269525  -0.783000  0.615322  0.091045  -0.098317  -0.266958  0.958680  -0.060786  0.018115  -0.041245  -0.046922  0.424779  -0.731634  1.000000  
198.348329 0.045118  -0.013960  0.015751  0.614887  0.741364  0.268874  -0.782546  0.615815  0.091622  -0.097651  -0.266743  0.958808  -0.061825  0.018691  -0.041090  -0.058045  0.445498  -0.739621  1.000000  
198.349551 0.045036  -0.013933  0.015703  0.615580  0.741054  0.268142  -0.782100  0.616279  0.092299  -0.096852  -0.266531  0.958948  -0.062425  0.019116  -0.040754  -0.064716  0.467336  -0.741450  1.000000  
198.350552 0.044972  -0.013908  0.015665  0.616103  0.740849  0.267508  -0.781771  0.616619  0.092819  -0.096186  -0.266316  0.959075  -0.062938  0.019658  -0.040442  -0.073127  0.484338  -0.736573  1.000000  
198.351564 0.044908  -0.013884  0.015629  0.616625  0.740610  0.266964  -0.781441  0.616948  0.093413  -0.095520  -0.266217  0.959169  -0.063569  0.020128  -0.040205  -0.078121  0.505453  -0.737615  1.000000  
198.352804 0.044830  -0.013851  0.015580  0.617324  0.740354  0.266060  -0.781002  0.617396  0.094113  -0.094588  -0.265892  0.959351  -0.063774  0.020707  -0.040035  -0.091506  0.529559  -0.723999  1.000000  
198.353808 0.044766  -0.013826  0.015539  0.617853  0.740137  0.265434  -0.780680  0.617698  0.094806  -0.093789  -0.265795  0.959456  -0.064297  0.021075  -0.040134  -0.094487  0.552982  -0.717739  1.000000  
198.355056 0.044684  -0.013797  0.015487  0.618703  0.739730  0.264589  -0.780103  0.618327  0.095458  -0.092989  -0.265466  0.959625  -0.064828  0.021274  -0.040449  -0.104457  0.576946  -0.710850  1.000000  
198.356302 0.044602  -0.013768  0.015434  0.619559  0.739311  0.263752  -0.779533  0.618917  0.096283  -0.092057  -0.265256  0.959773  -0.065171  0.021506  -0.040734  -0.109007  0.602948  -0.703899  1.000000  
198.357362 0.044536  -0.013745  0.015392  0.620254  0.739020  0.262933  -0.779090  0.619354  0.097054  -0.091124  -0.265046  0.959920  -0.065292  0.021622  -0.040741  -0.113227  0.631760  -0.694051  1.000000  
198.358551 0.044454  -0.013717  0.015342  0.621284  0.738549  0.261823  -0.778408  0.620053  0.098056  -0.089925  -0.264726  0.960122  -0.065426  0.021826  -0.040733  -0.120511  0.663927  -0.686985  1.000000  
198.359558 0.044388  -0.013694  0.015301  0.622138  0.738128  0.260981  -0.777834  0.620643  0.098877  -0.088992  -0.264515  0.960267  -0.065666  0.022268  -0.040801  -0.125176  0.695159  -0.680006  1.000000  
198.360802 0.044305  -0.013668  0.015251  0.623164  0.737624  0.259957  -0.777148  0.621330  0.099951  -0.087793  -0.264311  0.960433  -0.065486  0.022470  -0.040349  -0.125575  0.723870  -0.670666  1.000000  
198.361802 0.044239  -0.013646  0.015212  0.624182  0.737096  0.259010  -0.776450  0.622045  0.100923  -0.086726  -0.264102  0.960588  -0.065325  0.022905  -0.039996  -0.127787  0.758226  -0.661396  1.000000  
198.362802 0.044174  -0.013624  0.015174  0.625032  0.736673  0.258163  -0.775870  0.622635  0.101739  -0.085793  -0.263891  0.960729  -0.065138  0.023101  -0.039788  -0.130186  0.782871  -0.663441  1.000000  
198.364051 0.044095  -0.013596  0.015127  0.626381  0.735962  0.256919  -0.774928  0.623611  0.102937  -0.084460  -0.263571  0.960935  -0.064877  0.023213  -0.039646  -0.135766  0.822275  -0.658288  1.000000  
198.365331 0.044017  -0.013566  0.015080  0.627727  0.735218  0.255761  -0.773983  0.624573  0.104207  -0.083127  -0.263368  0.961107  -0.064559  0.023202  -0.039648  -0.135092  0.860010  -0.661845  1.000000  
198.366554 0.043941  -0.013534  0.015031  0.629077  0.734526  0.254429  -0.773042  0.625521  0.105497  -0.081660  -0.263050  0.961320  -0.064498  0.023294  -0.039884  -0.141007  0.897497  -0.666127  1.000000  
198.367558 0.043879  -0.013511  0.014990  0.630252  0.733885  0.253366  -0.772210  0.626359  0.106609  -0.080460  -0.262843  0.961478  -0.064459  0.023028  -0.040002  -0.142183  0.936866  -0.670093  1.000000  
198.368807 0.043801  -0.013484  0.014937  0.631922  0.732923  0.251990  -0.771010  0.627569  0.108172  -0.078859  -0.262643  0.961665  -0.064349  0.022807  -0.040173  -0.140505  0.987298  -0.684892  1.000000  
198.369809 0.043736  -0.013465  0.014894  0.633251  0.732150  0.250898  -0.770041  0.628557  0.109329  -0.077659  -0.262435  0.961820  -0.064274  0.022482  -0.040150  -0.139375  1.018571  -0.697875  1.000000  
198.371055 0.043654  -0.013441  0.014844  0.634907  0.731191  0.249505  -0.768823  0.629806  0.110708  -0.076191  -0.262114  0.962024  -0.064251  0.022108  -0.040008  -0.143554  1.060206  -0.721683  1.000000  
198.372062 0.043586  -0.013423  0.014806  0.636236  0.730467  0.248235  -0.767854  0.630780  0.111880  -0.074857  -0.261791  0.962217  -0.064648  0.021916  -0.039881  -0.148144  1.101949  -0.741937  1.000000  
198.373303 0.043502  -0.013400  0.014759  0.638050  0.729396  0.246728  -0.766502  0.632151  0.113399  -0.073256  -0.261472  0.962427  -0.064535  0.021460  -0.039486  -0.147832  1.144394  -0.771940  1.000000  
198.374552 0.043416  -0.013379  0.014714  0.639713  0.728466  0.245161  -0.765291  0.633303  0.115137  -0.071388  -0.261274  0.962621  -0.064845  0.021046  -0.039095  -0.145567  1.198246  -0.800116  1.000000  
198.375558 0.043347  -0.013360  0.014677  0.641203  0.727650  0.243689  -0.764191  0.634373  0.116544  -0.069786  -0.260953  0.962826  -0.064896  0.020833  -0.038921  -0.145287  1.247247  -0.822574  1.000000  
198.376617 0.043278  -0.013342  0.014639  0.642683  0.726780  0.242383  -0.763080  0.635455  0.117925  -0.068318  -0.260746  0.962987  -0.064845  0.020524  -0.038716  -0.142651  1.285674  -0.852741  1.000000  
198.377863 0.043192  -0.013319  0.014591  0.644497  0.725764  0.240603  -0.761726  0.636743  0.119718  -0.066315  -0.260431  0.963212  -0.065167  0.020255  -0.038734  -0.143756  1.343449  -0.894601  1.000000  
198.379052 0.043106  -0.013295  0.014542  0.646311  0.724740  0.238820  -0.760371  0.637990  0.121679  -0.064179  -0.260234  0.963410  -0.065958  0.020028  -0.039013  -0.141964  1.402390  -0.931755  1.000000  
198.380301 0.043020  -0.013272  0.014491  0.648113  0.723718  0.237025  -0.759001  0.639277  0.123457  -0.062176  -0.259916  0.963627  -0.066638  0.019639  -0.039317  -0.146204  1.448070  -0.965546  1.000000  
198.381303 0.042950  -0.013253  0.014451  0.649583  0.722862  0.235613  -0.757874  0.640330  0.124915  -0.060574  -0.259708  0.963786  -0.067207  0.019048  -0.039292  -0.144394  1.493182  -0.996252  1.000000  
198.382583 0.042862  -0.013231  0.014403  0.651380  0.721858  0.233721  -0.756498  0.641591  0.126779  -0.058437  -0.259390  0.964003  -0.067908  0.018672  -0.039043  -0.144546  1.544923  -1.035820  1.000000  
198.383821 0.042770  -0.013210  0.014355  0.653022  0.720977  0.231850  -0.755254  0.642660  0.128763  -0.056166  -0.259190  0.964192  -0.068714  0.018185  -0.038711  -0.143745  1.599527  -1.064843  1.000000  
198.385061 0.042677  -0.013191  0.014308  0.654497  0.720233  0.229996  -0.754131  0.643623  0.130517  -0.054028  -0.258870  0.964400  -0.069568  0.017909  -0.038394  -0.148065  1.646100  -1.081862  1.000000  
198.386308 0.042584  -0.013173  0.014263  0.656127  0.719376  0.228024  -0.752873  0.644709  0.132409  -0.051757  -0.258550  0.964610  -0.070263  0.017560  -0.038093  -0.147947  1.698170  -1.104118  1.000000  
198.387557 0.042490  -0.013155  0.014217  0.657752  0.718517  0.226044  -0.751607  0.645795  0.134295  -0.049485  -0.258229  0.964816  -0.070912  0.017323  -0.038081  -0.152212  1.747036  -1.128194  1.000000  
198.388802 0.042398  -0.013134  0.014170  0.659379  0.717701  0.223887  -0.750344  0.646829  0.136367  -0.046946  -0.257909  0.965028  -0.071354  0.017144  -0.038104  -0.153162  1.796692  -1.143513  1.000000  
198.389803 0.042325  -0.013117  0.014132  0.660671  0.717035  0.222206  -0.749321  0.647698  0.137856  -0.045075  -0.257580  0.965205  -0.071658  0.017110  -0.038227  -0.158167  1.827865  -1.157165  1.000000  
198.391054 0.042235  -0.013094  0.014082  0.662132  0.716348  0.220063  -0.748179  0.648586  0.139869  -0.042535  -0.257258  0.965406  -0.072194  0.017194  -0.038595  -0.164341  1.874715  -1.159585  1.000000  
198.392301 0.042147  -0.013070  0.014032  0.663740  0.715498  0.217970  -0.746893  0.649605  0.141998  -0.039995  -0.257051  0.965570  -0.072260  0.017228  -0.038740  -0.163563  1.919328  -1.169570  1.000000  
198.393359 0.042078  -0.013052  0.013993  0.664871  0.715006  0.216130  -0.745998  0.650277  0.143619  -0.037856  -0.256721  0.965744  -0.071738  0.017049  -0.038343  -0.167883  1.955393  -1.164235  1.000000  
198.394551 0.041992  -0.013028  0.013945  0.666471  0.714176  0.213937  -0.744701  0.651271  0.145831  -0.035182  -0.256512  0.965901  -0.071967  0.017182  -0.038414  -0.168216  2.001524  -1.170012  1.000000  
198.395554 0.041925  -0.013009  0.013906  0.667742  0.713498  0.212228  -0.743653  0.652099  0.147468  -0.033176  -0.256295  0.966029  -0.071867  0.017205  -0.038292  -0.172397  2.039624  -1.174538  1.000000  
198.396801 0.041840  -0.012985  0.013858  0.669176  0.712799  0.210051  -0.742478  0.652947  0.149623  -0.030501  -0.256082  0.966174  -0.071661  0.017198  -0.038233  -0.171788  2.078597  -1.164946  1.000000  
198.398052 0.041757  -0.012963  0.013812  0.670600  0.712100  0.207867  -0.741292  0.653839  0.151595  -0.027960  -0.255750  0.966339  -0.071562  0.017326  -0.038214  -0.176788  2.108085  -1.157967  1.000000  
198.399301 0.041673  -0.012942  0.013766  0.672328  0.711151  0.205524  -0.739826  0.654956  0.153916  -0.025151  -0.255534  0.966473  -0.070690  0.017359  -0.038004  -0.180217  2.144065  -1.156028  1.000000  
198.400302 0.041607  -0.012925  0.013729  0.673580  0.710489  0.203704  -0.738756  0.655759  0.155624  -0.023011  -0.255313  0.966585  -0.070114  0.017511  -0.037994  -0.178831  2.177887  -1.147397  1.000000  
198.401306 0.041542  -0.012908  0.013691  0.674829  0.709825  0.201877  -0.737682  0.656519  0.157502  -0.020737  -0.255208  0.966664  -0.069438  0.017665  -0.038098  -0.177799  2.207766  -1.139806  1.000000  
198.402308 0.041480  -0.012890  0.013652  0.676073  0.709183  0.199959  -0.736603  0.657298  0.159295  -0.018463  -0.254985  0.966769  -0.068458  0.017960  -0.038259  -0.179181  2.244778  -1.131351  1.000000  
198.403557 0.041403  -0.012864  0.013603  0.677624  0.708409  0.197442  -0.735248  0.658219  0.161734  -0.015386  -0.254764  0.966881  -0.067409  0.018271  -0.038439  -0.179240  2.289426  -1.112225  1.000000  
198.404558 0.041343  -0.012844  0.013564  0.678856  0.707764  0.195511  -0.734155  0.658999  0.163514  -0.013112  -0.254538  0.966974  -0.066541  0.018454  -0.038522  -0.182450  2.310639  -1.106986  1.000000  
198.405802 0.041270  -0.012817  0.013517  0.680388  0.706940  0.193153  -0.732780  0.659971  0.165747  -0.010302  -0.254311  0.967067  -0.065586  0.018691  -0.038347  -0.182597  2.339582  -1.093339  1.000000  
198.406802 0.041211  -0.012797  0.013480  0.681759  0.706133  0.191261  -0.731533  0.660877  0.167634  -0.008028  -0.254199  0.967118  -0.064779  0.018851  -0.038180  -0.182054  2.365210  -1.089972  1.000000  
198.407805 0.041152  -0.012776  0.013444  0.683124  0.705349  0.189273  -0.730280  0.661758  0.169609  -0.005620  -0.254086  0.967165  -0.064166  0.019081  -0.038012  -0.179030  2.388538  -1.084733  1.000000  
198.409052 0.041080  -0.012749  0.013401  0.684785  0.704429  0.186679  -0.728741  0.662825  0.172045  -0.002542  -0.253855  0.967239  -0.062946  0.019321  -0.037462  -0.181126  2.421379  -1.073260  1.000000  
198.410120 0.041022  -0.012729  0.013366  0.686136  0.703642  0.184677  -0.727473  0.663706  0.174005  -0.000134  -0.253738  0.967273  -0.062035  0.019235  -0.037032  -0.180066  2.437172  -1.065513  1.000000  
198.411362 0.040949  -0.012704  0.013324  0.688078  0.702399  0.182166  -0.725631  0.665066  0.176484  0.002810  -0.253620  0.967300  -0.061373  0.019315  -0.036743  -0.175687  2.471544  -1.071816  1.000000  
198.412549 0.040874  -0.012681  0.013281  0.689859  0.701337  0.179502  -0.723919  0.666231  0.179101  0.006021  -0.253499  0.967317  -0.061090  0.019379  -0.036645  -0.174318  2.511568  -1.074257  1.000000  
198.413552 0.040814  -0.012663  0.013248  0.691336  0.700386  0.177522  -0.722485  0.667233  0.181154  0.008429  -0.253495  0.967300  -0.060608  0.019435  -0.036424  -0.169351  2.530068  -1.082426  1.000000  
198.414552 0.040754  -0.012646  0.013215  0.692807  0.699409  0.175629  -0.721045  0.668304  0.182931  0.010570  -0.253372  0.967311  -0.060102  0.019496  -0.036127  -0.168110  2.547635  -1.099241  1.000000  
198.415559 0.040693  -0.012628  0.013182  0.694271  0.698455  0.173634  -0.719597  0.669303  0.184969  0.012978  -0.253365  0.967284  -0.059698  0.019576  -0.035866  -0.161191  2.576901  -1.106442  1.000000  
198.416802 0.040619  -0.012604  0.013141  0.696314  0.697019  0.171208  -0.717564  0.670803  0.187419  0.015788  -0.253355  0.967245  -0.059469  0.019662  -0.035384  -0.155132  2.597252  -1.129967  1.000000  
198.417817 0.040560  -0.012584  0.013109  0.697907  0.695968  0.168982  -0.715954  0.671941  0.189485  0.018329  -0.253227  0.967233  -0.059235  0.019677  -0.034857  -0.152328  2.627250  -1.143675  1.000000  
198.419054 0.040486  -0.012557  0.013070  0.699777  0.694712  0.166391  -0.714040  0.673245  0.192062  0.021406  -0.253211  0.967174  -0.059136  0.019743  -0.034124  -0.144898  2.650670  -1.160104  1.000000  
198.420055 0.040425  -0.012536  0.013041  0.701352  0.693638  0.164231  -0.712412  0.674358  0.194191  0.023948  -0.253196  0.967118  -0.059220  0.019797  -0.033621  -0.136485  2.674852  -1.182780  1.000000  
198.421305 0.040350  -0.012510  0.013007  0.703342  0.692287  0.161395  -0.710327  0.675752  0.196962  0.027292  -0.253175  0.967036  -0.059353  0.019805  -0.032611  -0.129474  2.708474  -1.203508  1.000000  
198.422551 0.040274  -0.012485  0.012973  0.705175  0.691050  0.158676  -0.708377  0.677027  0.199594  0.030501  -0.253151  0.966946  -0.059862  0.019805  -0.032187  -0.122479  2.734913  -1.218215  1.000000  
198.423558 0.040212  -0.012465  0.012945  0.706724  0.689946  0.156577  -0.706724  0.678159  0.201599  0.032909  -0.253132  0.966872  -0.060178  0.019732  -0.031806  -0.118510  2.749759  -1.242705  1.000000  
198.424803 0.040133  -0.012442  0.012909  0.708679  0.688565  0.153794  -0.704606  0.679571  0.204239  0.036118  -0.253104  0.966765  -0.060577  0.019495  -0.031168  -0.116014  2.774594  -1.265488  1.000000  
198.426051 0.040052  -0.012420  0.012872  0.710473  0.687345  0.150947  -0.702618  0.680816  0.206923  0.039460  -0.253072  0.966642  -0.060736  0.019256  -0.030699  -0.109590  2.807679  -1.285982  1.000000  
198.427141 0.039989  -0.012402  0.012843  0.711984  0.686266  0.148718  -0.700930  0.681871  0.209162  0.042134  -0.253161  0.966506  -0.060727  0.019125  -0.030121  -0.105957  2.821483  -1.297393  1.000000  
198.428317 0.039909  -0.012379  0.012809  0.713748  0.685068  0.145756  -0.698916  0.683089  0.211912  0.045610  -0.253123  0.966358  -0.061295  0.019244  -0.029743  -0.100231  2.866038  -1.320012  1.000000  
198.429552 0.039829  -0.012357  0.012774  0.715637  0.683734  0.142726  -0.696736  0.684397  0.214849  0.049218  -0.253196  0.966162  -0.061667  0.019292  -0.029412  -0.094766  2.898793  -1.334032  1.000000  
198.430559 0.039765  -0.012338  0.012748  0.717254  0.682552  0.140246  -0.694867  0.685589  0.217090  0.052024  -0.253160  0.966024  -0.061935  0.019367  -0.028845  -0.092164  2.922204  -1.356141  1.000000  
198.431563 0.039701  -0.012319  0.012720  0.718723  0.681469  0.137976  -0.693142  0.686636  0.219284  0.054696  -0.253241  0.965856  -0.062168  0.019339  -0.028499  -0.089480  2.940825  -1.372869  1.000000  
198.432615 0.039638  -0.012299  0.012695  0.720314  0.680292  0.135465  -0.691250  0.687774  0.221676  0.057635  -0.253317  0.965665  -0.062258  0.019262  -0.027979  -0.083235  2.960141  -1.392806  1.000000  
198.433799 0.039560  -0.012273  0.012663  0.722148  0.678937  0.132467  -0.689023  0.689046  0.224641  0.061241  -0.253496  0.965396  -0.062682  0.019274  -0.027632  -0.073643  2.994937  -1.412369  1.000000  
198.434809 0.039498  -0.012253  0.012638  0.723585  0.677851  0.130167  -0.687270  0.690087  0.226803  0.063912  -0.253571  0.965203  -0.062933  0.019268  -0.027417  -0.068228  3.012210  -1.432861  1.000000  
198.436059 0.039420  -0.012228  0.012606  0.725390  0.676509  0.127060  -0.685019  0.691381  0.229655  0.067517  -0.253628  0.964943  -0.063038  0.019073  -0.027172  -0.063717  3.044725  -1.452567  1.000000  
198.437308 0.039341  -0.012204  0.012572  0.727319  0.675009  0.123972  -0.682604  0.692784  0.232599  0.071121  -0.253798  0.964639  -0.063188  0.019019  -0.027142  -0.058886  3.079774  -1.471854  1.000000  
198.438555 0.039263  -0.012181  0.012539  0.729099  0.673626  0.121011  -0.680332  0.694067  0.235413  0.074590  -0.253967  0.964332  -0.063286  0.018992  -0.027055  -0.054767  3.101356  -1.489591  1.000000  
198.439558 0.039199  -0.012163  0.012510  0.730466  0.672596  0.118467  -0.678520  0.695001  0.237875  0.077659  -0.254142  0.964044  -0.063281  0.018912  -0.027002  -0.048932  3.121138  -1.488435  1.000000  
198.440802 0.039121  -0.012141  0.012476  0.732331  0.671143  0.115147  -0.676051  0.696348  0.240945  0.081527  -0.254297  0.963684  -0.063134  0.018918  -0.026831  -0.045280  3.157316  -1.500280  1.000000  
198.442052 0.039042  -0.012119  0.012444  0.734046  0.669808  0.111955  -0.673727  0.697576  0.243886  0.085260  -0.254451  0.963320  -0.063466  0.018960  -0.026808  -0.041599  3.178143  -1.508538  1.000000  
198.443149 0.038980  -0.012101  0.012418  0.735390  0.668741  0.109485  -0.671898  0.698579  0.246049  0.088059  -0.254505  0.963054  -0.062605  0.018744  -0.026359  -0.039808  3.180938  -1.506967  1.000000  
198.444302 0.038903  -0.012077  0.012386  0.737083  0.667367  0.106444  -0.669558  0.699795  0.248958  0.091657  -0.254773  0.962647  -0.062756  0.018914  -0.026378  -0.031310  3.219788  -1.511231  1.000000  
198.445361 0.038843  -0.012057  0.012359  0.738532  0.666167  0.103888  -0.667551  0.700878  0.251290  0.094588  -0.254936  0.962321  -0.062298  0.018961  -0.026225  -0.029959  3.234788  -1.516514  1.000000  
198.446364 0.038781  -0.012038  0.012334  0.739978  0.664941  0.101418  -0.665544  0.701981  0.253524  0.097385  -0.255100  0.961998  -0.062158  0.018979  -0.026106  -0.027880  3.257489  -1.516387  1.000000  
198.447558 0.038706  -0.012013  0.012301  0.741753  0.663447  0.098190  -0.663008  0.703301  0.256493  0.101113  -0.255355  0.961546  -0.062425  0.019171  -0.026345  -0.020073  3.284703  -1.521370  1.000000  
198.448801 0.038629  -0.011988  0.012269  0.743497  0.661967  0.094930  -0.660449  0.704562  0.259614  0.104972  -0.255719  0.961035  -0.062061  0.018976  -0.026268  -0.012671  3.311275  -1.521159  1.000000  
198.449895 0.038567  -0.011969  0.012243  0.744767  0.660874  0.092559  -0.658565  0.705488  0.261874  0.107766  -0.255991  0.960653  -0.061637  0.018815  -0.026221  -0.006648  3.310622  -1.517435  1.000000  
198.451057 0.038489  -0.011946  0.012210  0.746489  0.659369  0.089367  -0.655991  0.706765  0.264876  0.111490  -0.256352  0.960132  -0.062065  0.018795  -0.026428  0.000912  3.337164  -1.524604  1.000000  
198.452057 0.038425  -0.011929  0.012184  0.747722  0.658303  0.086880  -0.654080  0.707662  0.267196  0.114414  -0.256615  0.959718  -0.062126  0.018703  -0.026350  0.006746  3.350027  -1.519962  1.000000  
198.453058 0.038360  -0.011912  0.012160  0.749102  0.657040  0.084522  -0.652027  0.708737  0.269354  0.117072  -0.256884  0.959325  -0.062248  0.018560  -0.026119  0.012014  3.362256  -1.529915  1.000000  
198.454305 0.038278  -0.011891  0.012130  0.750812  0.655459  0.081581  -0.649451  0.710069  0.272057  0.120394  -0.257247  0.958817  -0.062450  0.018472  -0.025792  0.020095  3.368820  -1.534161  1.000000  
198.455558 0.038196  -0.011869  0.012102  0.752358  0.654040  0.078665  -0.647008  0.711205  0.274897  0.123846  -0.257718  0.958250  -0.062711  0.018415  -0.025357  0.032450  3.373035  -1.531175  1.000000  
198.456803 0.038113  -0.011848  0.012076  0.754021  0.652486  0.075599  -0.644397  0.712505  0.277649  0.127298  -0.258069  0.957703  -0.063034  0.018376  -0.024948  0.038939  3.385541  -1.540055  1.000000  
198.457820 0.038045  -0.011831  0.012054  0.755216  0.651361  0.073334  -0.642465  0.713397  0.279826  0.129951  -0.258444  0.957246  -0.063578  0.018337  -0.024769  0.043995  3.381799  -1.545573  1.000000  
198.459051 0.037962  -0.011809  0.012029  0.756847  0.649799  0.070321  -0.639834  0.714654  0.282634  0.133400  -0.258905  0.956647  -0.063849  0.018193  -0.024179  0.054671  3.380420  -1.554697  1.000000  
198.460052 0.037895  -0.011792  0.012008  0.758149  0.648528  0.067979  -0.637730  0.715673  0.284802  0.136051  -0.259275  0.956173  -0.064419  0.018152  -0.023977  0.060284  3.376450  -1.554247  1.000000  
198.461112 0.037827  -0.011775  0.011987  0.759338  0.647353  0.065883  -0.635800  0.716600  0.286781  0.138437  -0.259652  0.955728  -0.064664  0.017875  -0.023562  0.067833  3.357794  -1.551551  1.000000  
198.462301 0.037742  -0.011753  0.011963  0.760836  0.645860  0.063188  -0.633333  0.717776  0.289286  0.141484  -0.260118  0.955155  -0.065203  0.017654  -0.022989  0.075443  3.356494  -1.554206  1.000000  
198.463558 0.037657  -0.011732  0.011940  0.762175  0.644537  0.060520  -0.631001  0.718757  0.291933  0.144662  -0.260692  0.954522  -0.065895  0.017346  -0.022325  0.088001  3.332100  -1.547277  1.000000  
198.464801 0.037570  -0.011713  0.011917  0.763643  0.643040  0.057879  -0.628516  0.719888  0.294496  0.147706  -0.261268  0.953898  -0.066893  0.017210  -0.021881  0.096590  3.323719  -1.547056  1.000000  
198.465802 0.037501  -0.011698  0.011900  0.764916  0.641705  0.055841  -0.626401  0.720860  0.296619  0.150088  -0.261867  0.953362  -0.067229  0.016951  -0.021178  0.109739  3.308515  -1.556099  1.000000  
198.466802 0.037430  -0.011683  0.011882  0.766050  0.640528  0.053778  -0.624437  0.721732  0.298632  0.152469  -0.262349  0.952852  -0.067376  0.016731  -0.020608  0.120644  3.298057  -1.549756  1.000000  
198.467830 0.037360  -0.011669  0.011865  0.767175  0.639345  0.051786  -0.622467  0.722564  0.300725  0.154848  -0.262943  0.952304  -0.067651  0.016414  -0.020001  0.132911  3.274568  -1.550713  1.000000  
198.469058 0.037272  -0.011653  0.011845  0.768624  0.637793  0.049378  -0.619978  0.723683  0.303167  0.157624  -0.263635  0.951657  -0.068195  0.016123  -0.019329  0.145815  3.251239  -1.556088  1.000000  
198.470310 0.037185  -0.011636  0.011825  0.770203  0.636060  0.047072  -0.617335  0.724912  0.305614  0.160266  -0.264444  0.950991  -0.068538  0.015837  -0.018800  0.162542  3.212633  -1.563658  1.000000  
198.471561 0.037097  -0.011619  0.011806  0.771641  0.634478  0.044817  -0.614843  0.726003  0.308039  0.162906  -0.265251  0.950318  -0.068840  0.015541  -0.018260  0.179442  3.178647  -1.570224  1.000000  
198.472802 0.037011  -0.011601  0.011786  0.773065  0.632898  0.042550  -0.612344  0.727087  0.310451  0.165546  -0.266054  0.949637  -0.069043  0.015376  -0.017863  0.193497  3.157296  -1.580314  1.000000  
198.473802 0.036942  -0.011587  0.011770  0.774295  0.631513  0.040723  -0.610211  0.728031  0.312431  0.167657  -0.266764  0.949067  -0.069123  0.015056  -0.017562  0.206685  3.132985  -1.587676  1.000000  
198.474865 0.036874  -0.011573  0.011753  0.775409  0.630255  0.038976  -0.608247  0.728900  0.314229  0.169635  -0.267363  0.948547  -0.068906  0.014737  -0.017175  0.221589  3.098763  -1.585423  1.000000  
198.476112 0.036789  -0.011556  0.011734  0.776816  0.628648  0.036855  -0.605743  0.729950  0.316619  0.172140  -0.268280  0.947836  -0.069179  0.014590  -0.016862  0.235955  3.069474  -1.584966  1.000000  
