1-Time 2-Px 3-Py 4-Pz 5-R11 6-R21 7-R31 8-R12 9-R22 10-R32 11-R13 12-R23 13-R33 14-Vx 15-Vy 16-Vz 17-Wx 18-Wy 19-Wz 20-state
59.854214 0.052431  -0.005189  -0.014945  0.396567  0.708111  0.584221  -0.842027  0.534086  -0.075780  -0.365685  -0.461878  0.808049  0.000038  0.000560  -0.001955  0.000000  0.000000  0.000000  1.000000  
59.855315 0.052431  -0.005189  -0.014946  0.396567  0.708111  0.584221  -0.842027  0.534086  -0.075780  -0.365685  -0.461878  0.808049  0.000167  -0.000231  -0.001172  0.000000  0.000000  0.000000  1.000000  
59.856559 0.052413  -0.005201  -0.014937  0.396567  0.708111  0.584221  -0.842027  0.534086  -0.075780  -0.365685  -0.461878  0.808049  -0.009048  -0.006174  0.003925  0.000000  0.000000  0.000000  1.000000  
59.857808 0.052382  -0.005220  -0.014926  0.396567  0.708111  0.584221  -0.842027  0.534086  -0.075780  -0.365685  -0.461878  0.808049  -0.014931  -0.009521  0.006031  0.000000  0.000000  0.000000  1.000000  
59.859103 0.052360  -0.005229  -0.014917  0.396567  0.708111  0.584221  -0.842027  0.534086  -0.075780  -0.365685  -0.461878  0.808049  -0.015687  -0.008812  0.006165  0.000000  0.000000  0.000000  1.000000  
59.860328 0.052339  -0.005231  -0.014909  0.396393  0.708150  0.584291  -0.842109  0.533950  -0.075836  -0.365685  -0.461976  0.807993  -0.015998  -0.007266  0.006313  0.000000  0.000000  0.000000  1.000000  
59.861551 0.052309  -0.005231  -0.014900  0.396393  0.708150  0.584291  -0.842109  0.533950  -0.075836  -0.365685  -0.461976  0.807993  -0.017412  -0.005993  0.006531  0.000000  0.000000  0.000000  1.000000  
59.862802 0.052272  -0.005233  -0.014891  0.396220  0.708260  0.584276  -0.842190  0.533804  -0.075956  -0.365685  -0.461976  0.807993  -0.019232  -0.005344  0.006576  0.000000  0.000000  0.000000  1.000000  
59.864058 0.052238  -0.005231  -0.014884  0.396220  0.708189  0.584361  -0.842190  0.533813  -0.075891  -0.365685  -0.462074  0.807937  -0.020309  -0.004384  0.006404  0.000000  0.000000  0.000000  1.000000  
59.865414 0.052207  -0.005226  -0.014879  0.396220  0.708189  0.584361  -0.842190  0.533813  -0.075891  -0.365685  -0.462074  0.807937  -0.020626  -0.003359  0.006150  0.000000  0.000000  0.000000  1.000000  
59.866544 0.052174  -0.005222  -0.014871  0.396047  0.708228  0.584432  -0.842272  0.533676  -0.075947  -0.365685  -0.462172  0.807881  -0.021422  -0.002710  0.006170  0.000000  0.000000  0.000000  1.000000  
59.867545 0.052143  -0.005220  -0.014862  0.396047  0.708157  0.584518  -0.842272  0.533686  -0.075882  -0.365685  -0.462270  0.807825  -0.022140  -0.002407  0.006410  0.000000  0.000000  0.000000  1.000000  
59.868545 0.052107  -0.005223  -0.014848  0.395873  0.708196  0.584588  -0.842353  0.533549  -0.075938  -0.365685  -0.462368  0.807769  -0.023169  -0.002450  0.006973  0.000000  0.000000  0.000000  1.000000  
59.869797 0.052056  -0.005234  -0.014825  0.395894  0.708151  0.584628  -0.842398  0.533502  -0.075775  -0.365560  -0.462490  0.807755  -0.025044  -0.002998  0.008010  0.000000  0.000000  0.000000  1.000000  
59.870810 0.052012  -0.005247  -0.014808  0.395894  0.708080  0.584714  -0.842398  0.533511  -0.075710  -0.365560  -0.462588  0.807699  -0.027836  -0.003540  0.009127  0.000000  0.000000  0.000000  1.000000  
59.872059 0.051957  -0.005263  -0.014792  0.396047  0.707944  0.584775  -0.842272  0.533713  -0.075688  -0.365685  -0.462564  0.807657  -0.029578  -0.003550  0.009413  0.000000  0.000000  0.000000  1.000000  
59.873302 0.051901  -0.005275  -0.014783  0.396026  0.707847  0.584907  -0.842227  0.533778  -0.075721  -0.365810  -0.462637  0.807558  -0.031420  -0.003313  0.009214  0.000000  0.000000  0.000000  1.000000  
59.874553 0.051843  -0.005282  -0.014777  0.396178  0.707711  0.584969  -0.842102  0.533980  -0.075698  -0.365934  -0.462613  0.807516  -0.033967  -0.003466  0.009147  0.000000  0.000000  0.000000  1.000000  
59.875793 0.051785  -0.005288  -0.014765  0.396352  0.707601  0.584984  -0.842020  0.534126  -0.075578  -0.365934  -0.462613  0.807516  -0.036219  -0.003783  0.009348  0.000000  0.000000  0.000000  1.000000  
59.876797 0.051742  -0.005290  -0.014753  0.396677  0.707283  0.585147  -0.841812  0.534482  -0.075370  -0.366059  -0.462687  0.807417  -0.037492  -0.003884  0.009671  0.000000  0.000000  0.000000  1.000000  
59.878043 0.051693  -0.005286  -0.014733  0.397350  0.706888  0.585169  -0.841441  0.535111  -0.075051  -0.366183  -0.462564  0.807431  -0.038177  -0.003578  0.010429  0.000000  0.000000  0.000000  1.000000  
59.879294 0.051648  -0.005278  -0.014710  0.397848  0.706531  0.585262  -0.841151  0.535604  -0.074787  -0.366308  -0.462540  0.807388  -0.038982  -0.003280  0.011495  0.000000  0.000000  0.000000  1.000000  
59.880295 0.051610  -0.005273  -0.014690  0.398000  0.706465  0.585238  -0.841025  0.535796  -0.074829  -0.366432  -0.462418  0.807402  -0.040147  -0.003180  0.012684  0.000000  0.000000  0.000000  1.000000  
59.881543 0.051558  -0.005270  -0.014666  0.398672  0.706068  0.585260  -0.840653  0.536424  -0.074510  -0.366557  -0.462295  0.807415  -0.041055  -0.003212  0.013718  0.000000  0.000000  0.000000  1.000000  
59.882543 0.051514  -0.005272  -0.014646  0.399170  0.705710  0.585352  -0.840362  0.536916  -0.074246  -0.366681  -0.462271  0.807373  -0.041935  -0.003417  0.014405  0.000000  0.000000  0.000000  1.000000  
59.883794 0.051458  -0.005278  -0.014622  0.399841  0.705312  0.585374  -0.839989  0.537544  -0.073926  -0.366806  -0.462149  0.807386  -0.042642  -0.003491  0.014716  0.000000  0.000000  0.000000  1.000000  
59.885042 0.051402  -0.005285  -0.014601  0.400684  0.704874  0.585325  -0.839532  0.538308  -0.073552  -0.366930  -0.461928  0.807456  -0.042946  -0.003197  0.014663  0.075037  0.040562  -0.160854  1.000000  
59.886043 0.051355  -0.005290  -0.014589  0.401202  0.704612  0.585285  -0.839285  0.538734  -0.073256  -0.366930  -0.461831  0.807512  -0.043170  -0.002698  0.014307  0.078516  0.050055  -0.177452  1.000000  
59.887050 0.051307  -0.005294  -0.014580  0.401527  0.704434  0.585276  -0.839075  0.539071  -0.073178  -0.367054  -0.461708  0.807525  -0.043353  -0.002044  0.014120  0.079511  0.052507  -0.190750  1.000000  
59.888055 0.051258  -0.005295  -0.014572  0.402024  0.704146  0.585283  -0.838783  0.539553  -0.072979  -0.367179  -0.461586  0.807538  -0.043573  -0.001387  0.014308  0.082992  0.058106  -0.209516  1.000000  
59.889296 0.051198  -0.005295  -0.014560  0.402866  0.703634  0.585319  -0.838324  0.540324  -0.072539  -0.367303  -0.461464  0.807552  -0.043771  -0.000909  0.014565  0.090853  0.073930  -0.247282  1.000000  
59.890547 0.051141  -0.005290  -0.014542  0.403534  0.703304  0.585255  -0.837948  0.540942  -0.072286  -0.367428  -0.461243  0.807621  -0.043626  -0.000159  0.015134  0.092775  0.082699  -0.271643  1.000000  
59.891795 0.051085  -0.005282  -0.014521  0.404203  0.702903  0.585276  -0.837571  0.541568  -0.071967  -0.367552  -0.461121  0.807634  -0.043806  0.000494  0.015474  0.098032  0.090779  -0.293739  1.000000  
59.893054 0.051027  -0.005270  -0.014500  0.404699  0.702683  0.585197  -0.837277  0.542040  -0.071834  -0.367677  -0.460901  0.807703  -0.044495  0.001075  0.015482  0.100865  0.100364  -0.320785  1.000000  
59.894296 0.050968  -0.005256  -0.014481  0.405194  0.702392  0.585203  -0.836983  0.542520  -0.071636  -0.367801  -0.460778  0.807716  -0.045410  0.001464  0.015200  0.099518  0.105157  -0.336970  1.000000  
59.895545 0.050908  -0.005243  -0.014463  0.405711  0.702270  0.584992  -0.836732  0.542928  -0.071472  -0.367801  -0.460484  0.807884  -0.046172  0.001844  0.014673  0.091673  0.115595  -0.356642  1.000000  
59.896794 0.050846  -0.005236  -0.014450  0.406228  0.702077  0.584865  -0.836481  0.543345  -0.071243  -0.367801  -0.460288  0.807996  -0.046817  0.002376  0.013914  0.093663  0.128311  -0.378992  1.000000  
59.897794 0.050792  -0.005233  -0.014441  0.406572  0.701995  0.584724  -0.836314  0.543616  -0.071134  -0.367801  -0.460092  0.808107  -0.047475  0.002798  0.013207  0.089042  0.137860  -0.395765  1.000000  
59.898803 0.050735  -0.005230  -0.014432  0.406938  0.702010  0.584451  -0.836191  0.543824  -0.070994  -0.367677  -0.459822  0.808317  -0.048260  0.003298  0.012585  0.077764  0.148076  -0.404665  1.000000  
59.900049 0.050662  -0.005228  -0.014418  0.407282  0.701999  0.584225  -0.836023  0.544087  -0.070951  -0.367677  -0.459528  0.808485  -0.049337  0.003972  0.012132  0.065989  0.149343  -0.414875  1.000000  
59.901295 0.050591  -0.005223  -0.014403  0.407476  0.702126  0.583936  -0.835984  0.544151  -0.070931  -0.367552  -0.459258  0.808695  -0.050186  0.004664  0.012257  0.052308  0.160155  -0.415879  1.000000  
59.902296 0.050537  -0.005217  -0.014390  0.407842  0.702071  0.583748  -0.835860  0.544368  -0.070726  -0.367428  -0.459086  0.808849  -0.050548  0.005165  0.012549  0.046731  0.167234  -0.419460  1.000000  
59.903307 0.050483  -0.005208  -0.014374  0.408208  0.702086  0.583474  -0.835736  0.544576  -0.070586  -0.367303  -0.458816  0.809059  -0.050842  0.005997  0.013102  0.035846  0.182611  -0.429328  1.000000  
59.904397 0.050429  -0.005196  -0.014356  0.408552  0.702003  0.583333  -0.835568  0.544848  -0.070478  -0.367303  -0.458620  0.809170  -0.051031  0.006582  0.013528  0.030174  0.189101  -0.431462  1.000000  
59.905567 0.050362  -0.005180  -0.014333  0.408745  0.702130  0.583044  -0.835528  0.544911  -0.070459  -0.367179  -0.458350  0.809379  -0.051957  0.007411  0.013851  0.017993  0.193385  -0.430313  1.000000  
59.906873 0.050298  -0.005162  -0.014315  0.409089  0.702189  0.582732  -0.835360  0.545166  -0.070484  -0.367179  -0.457957  0.809602  -0.052316  0.007932  0.013616  -0.007433  0.196039  -0.417469  1.000000  
59.908054 0.050235  -0.005143  -0.014304  0.409433  0.702176  0.582506  -0.835191  0.545430  -0.070442  -0.367179  -0.457662  0.809768  -0.052832  0.008438  0.013065  -0.015538  0.194709  -0.414897  1.000000  
59.909299 0.050169  -0.005125  -0.014298  0.409949  0.702051  0.582294  -0.834938  0.545838  -0.070281  -0.367179  -0.457368  0.809935  -0.053334  0.008629  0.012183  -0.023662  0.198543  -0.412779  1.000000  
59.910545 0.050101  -0.005112  -0.014292  0.410464  0.701996  0.581997  -0.834685  0.546237  -0.070186  -0.367179  -0.456975  0.810157  -0.053955  0.008731  0.011407  -0.039943  0.202382  -0.410670  1.000000  
59.911794 0.050030  -0.005105  -0.014285  0.410980  0.701941  0.581699  -0.834431  0.546637  -0.070092  -0.367179  -0.456582  0.810378  -0.054382  0.008716  0.010976  -0.052146  0.206177  -0.408530  1.000000  
59.912794 0.049976  -0.005099  -0.014277  0.411323  0.701998  0.581388  -0.834262  0.546892  -0.070118  -0.367179  -0.456188  0.810600  -0.054401  0.009005  0.010923  -0.069422  0.203592  -0.395144  1.000000  
59.914044 0.049911  -0.005090  -0.014265  0.412010  0.701830  0.581105  -0.833923  0.547436  -0.069905  -0.367179  -0.455795  0.810821  -0.053979  0.009300  0.010942  -0.081625  0.207386  -0.392992  1.000000  
59.915050 0.049860  -0.005082  -0.014254  0.412525  0.701773  0.580807  -0.833668  0.547836  -0.069812  -0.367179  -0.455401  0.811042  -0.053346  0.009861  0.010896  -0.096341  0.207943  -0.385122  1.000000  
59.916294 0.049798  -0.005070  -0.014238  0.413212  0.701604  0.580524  -0.833328  0.548380  -0.069600  -0.367179  -0.455008  0.811263  -0.052882  0.010208  0.011042  -0.106056  0.211052  -0.390886  1.000000  
59.917295 0.049749  -0.005059  -0.014225  0.413876  0.701406  0.580289  -0.832944  0.548978  -0.069485  -0.367303  -0.454590  0.811441  -0.052508  0.010574  0.010984  -0.112235  0.215514  -0.398896  1.000000  
59.918545 0.049690  -0.005043  -0.014210  0.414733  0.701193  0.579936  -0.832517  0.549658  -0.069221  -0.367303  -0.454098  0.811716  -0.052008  0.010805  0.010626  -0.125843  0.222357  -0.402267  1.000000  
59.919545 0.049646  -0.005027  -0.014201  0.415418  0.701021  0.579652  -0.832175  0.550202  -0.069010  -0.367303  -0.453704  0.811936  -0.051377  0.011028  0.009855  -0.135018  0.227978  -0.403489  1.000000  
59.920547 0.049603  -0.005010  -0.014194  0.416082  0.700822  0.579418  -0.831789  0.550800  -0.068897  -0.367428  -0.453286  0.812114  -0.050674  0.011356  0.009304  -0.147142  0.231730  -0.401273  1.000000  
59.921796 0.049549  -0.004988  -0.014188  0.417258  0.700422  0.579055  -0.831145  0.551813  -0.068561  -0.367552  -0.452671  0.812400  -0.050176  0.011635  0.008535  -0.157304  0.244217  -0.423810  1.000000  
59.923049 0.049493  -0.004967  -0.014180  0.418433  0.700020  0.578693  -0.830498  0.552827  -0.068226  -0.367677  -0.452056  0.812687  -0.049457  0.011778  0.008281  -0.162064  0.250653  -0.444879  1.000000  
59.924297 0.049435  -0.004948  -0.014170  0.419436  0.699730  0.578317  -0.829937  0.553696  -0.068011  -0.367801  -0.451440  0.812972  -0.048974  0.011809  0.008500  -0.171974  0.261911  -0.465389  1.000000  
59.925298 0.049387  -0.004936  -0.014161  0.420290  0.699511  0.577963  -0.829505  0.554375  -0.067752  -0.367801  -0.450947  0.813246  -0.048390  0.011940  0.008901  -0.179118  0.268026  -0.476729  1.000000  
59.926547 0.049325  -0.004924  -0.014147  0.421463  0.699174  0.577515  -0.828854  0.555379  -0.067488  -0.367925  -0.450233  0.813585  -0.047766  0.012260  0.009383  -0.189287  0.276445  -0.501516  1.000000  
59.927793 0.049264  -0.004911  -0.014133  0.422657  0.698863  0.577019  -0.828246  0.556329  -0.067128  -0.367925  -0.449542  0.813967  -0.047448  0.012565  0.009639  -0.195332  0.289520  -0.525395  1.000000  
59.928793 0.049215  -0.004898  -0.014124  0.423657  0.698568  0.576643  -0.827680  0.557197  -0.066917  -0.368050  -0.448925  0.814251  -0.047218  0.012940  0.009636  -0.197415  0.294002  -0.552331  1.000000  
59.929793 0.049166  -0.004883  -0.014116  0.424679  0.698299  0.576217  -0.827156  0.558011  -0.066611  -0.368050  -0.448333  0.814578  -0.047126  0.013359  0.009369  -0.200919  0.309244  -0.580192  1.000000  
59.931043 0.049106  -0.004864  -0.014107  0.425701  0.698098  0.575706  -0.826631  0.558817  -0.066374  -0.368050  -0.447641  0.814958  -0.046994  0.013918  0.008905  -0.207031  0.317446  -0.604835  1.000000  
59.932048 0.049059  -0.004846  -0.014102  0.426552  0.698011  0.575182  -0.826192  0.559479  -0.066256  -0.368050  -0.446949  0.815338  -0.046784  0.014403  0.008362  -0.217459  0.325183  -0.629087  1.000000  
59.933293 0.049001  -0.004823  -0.014099  0.427742  0.697762  0.574600  -0.825576  0.560421  -0.065971  -0.368050  -0.446157  0.815771  -0.046703  0.014876  0.007611  -0.223419  0.333886  -0.654495  1.000000  
59.934543 0.048942  -0.004796  -0.014095  0.428761  0.697627  0.574004  -0.825047  0.561219  -0.065806  -0.368050  -0.445366  0.816204  -0.046949  0.015384  0.007081  -0.235597  0.348900  -0.682985  1.000000  
59.935545 0.048893  -0.004775  -0.014092  0.429610  0.697536  0.573480  -0.824606  0.561881  -0.065692  -0.368050  -0.444672  0.816582  -0.047371  0.015613  0.006797  -0.243785  0.354090  -0.701914  1.000000  
59.936795 0.048829  -0.004751  -0.014082  0.430482  0.697471  0.572904  -0.824207  0.562491  -0.065483  -0.367925  -0.444002  0.817002  -0.048040  0.015836  0.007043  -0.248862  0.367505  -0.718087  1.000000  
59.937796 0.048776  -0.004732  -0.014073  0.430991  0.697610  0.572353  -0.823941  0.562866  -0.065607  -0.367925  -0.443309  0.817379  -0.048635  0.015903  0.007279  -0.266268  0.369752  -0.722984  1.000000  
59.938800 0.048722  -0.004714  -0.014061  0.431692  0.697660  0.571763  -0.823629  0.563332  -0.065517  -0.367801  -0.442638  0.817798  -0.049108  0.016149  0.007560  -0.275356  0.382064  -0.737468  1.000000  
59.940050 0.048652  -0.004692  -0.014045  0.432393  0.697916  0.570920  -0.823317  0.563775  -0.065633  -0.367677  -0.441669  0.818378  -0.049819  0.016538  0.007817  -0.301349  0.388464  -0.741103  1.000000  
59.941308 0.048579  -0.004671  -0.014033  0.433263  0.698055  0.570090  -0.822915  0.564361  -0.065633  -0.367552  -0.440699  0.818956  -0.050562  0.017150  0.007754  -0.320680  0.397871  -0.750327  1.000000  
59.942543 0.048505  -0.004649  -0.014022  0.434133  0.698123  0.569344  -0.822512  0.564956  -0.065566  -0.367428  -0.439828  0.819480  -0.051376  0.017681  0.007602  -0.330878  0.407313  -0.759414  1.000000  
59.943794 0.048432  -0.004624  -0.014015  0.435002  0.698259  0.568514  -0.822108  0.565543  -0.065569  -0.367303  -0.438857  0.820057  -0.052267  0.018363  0.007218  -0.352663  0.413647  -0.763208  1.000000  
59.945043 0.048360  -0.004595  -0.014007  0.435871  0.698324  0.567768  -0.821703  0.566139  -0.065505  -0.367179  -0.437985  0.820578  -0.053042  0.018978  0.007101  -0.366455  0.420081  -0.767208  1.000000  
59.946043 0.048304  -0.004571  -0.014001  0.436402  0.698552  0.567079  -0.821477  0.566455  -0.065607  -0.367054  -0.437211  0.821046  -0.053452  0.019508  0.007107  -0.386688  0.423445  -0.765280  1.000000  
59.947043 0.048249  -0.004545  -0.013992  0.436932  0.698780  0.566390  -0.821251  0.566771  -0.065710  -0.366930  -0.436437  0.821514  -0.054000  0.020065  0.007345  -0.405346  0.427622  -0.755643  1.000000  
59.948047 0.048195  -0.004519  -0.013983  0.437608  0.698862  0.565766  -0.820891  0.567283  -0.065794  -0.366930  -0.435640  0.821937  -0.054652  0.020596  0.007844  -0.423464  0.427474  -0.756571  1.000000  
59.949293 0.048126  -0.004486  -0.013969  0.438307  0.699108  0.564920  -0.820573  0.567727  -0.065920  -0.366806  -0.434666  0.822508  -0.055320  0.021025  0.008558  -0.444313  0.427266  -0.748627  1.000000  
59.950543 0.048057  -0.004454  -0.013954  0.439175  0.699167  0.564173  -0.820165  0.568323  -0.065862  -0.366681  -0.433790  0.823025  -0.055755  0.021413  0.009214  -0.460529  0.434512  -0.744806  1.000000  
59.951794 0.047986  -0.004425  -0.013938  0.440042  0.699361  0.563256  -0.819756  0.568904  -0.065943  -0.366557  -0.432715  0.823647  -0.056209  0.021704  0.009585  -0.485764  0.435492  -0.729745  1.000000  
59.952795 0.047927  -0.004404  -0.013927  0.440717  0.699507  0.562547  -0.819393  0.569408  -0.066101  -0.366557  -0.431815  0.824119  -0.056589  0.021853  0.009742  -0.506904  0.432705  -0.716719  1.000000  
59.953798 0.047868  -0.004384  -0.013917  0.441560  0.699534  0.561851  -0.818939  0.570056  -0.066144  -0.366557  -0.430915  0.824590  -0.056967  0.021981  0.009603  -0.525873  0.436573  -0.715309  1.000000  
59.955049 0.047793  -0.004359  -0.013906  0.442594  0.699674  0.560862  -0.818436  0.570773  -0.066184  -0.366432  -0.429737  0.825260  -0.057246  0.022206  0.009266  -0.547319  0.439157  -0.713313  1.000000  
59.956297 0.047720  -0.004333  -0.013897  0.443605  0.699716  0.560010  -0.817889  0.571549  -0.066253  -0.366432  -0.428636  0.825832  -0.057280  0.022519  0.009031  -0.569160  0.439876  -0.706306  1.000000  
59.957300 0.047662  -0.004311  -0.013890  0.444447  0.699806  0.559230  -0.817432  0.572189  -0.066371  -0.366432  -0.427634  0.826352  -0.057129  0.022895  0.008982  -0.587906  0.436079  -0.700935  1.000000  
59.958547 0.047592  -0.004280  -0.013878  0.445624  0.699862  0.558222  -0.816790  0.573093  -0.066469  -0.366432  -0.426330  0.827025  -0.056930  0.023310  0.009285  -0.612348  0.439214  -0.699374  1.000000  
59.959793 0.047523  -0.004247  -0.013862  0.446801  0.699915  0.557214  -0.816147  0.573997  -0.066570  -0.366432  -0.425026  0.827696  -0.056758  0.023581  0.009843  -0.633101  0.437806  -0.699770  1.000000  
59.961044 0.047455  -0.004213  -0.013843  0.447977  0.699965  0.556206  -0.815503  0.574900  -0.066673  -0.366432  -0.423720  0.828365  -0.056624  0.023811  0.010555  -0.654661  0.440498  -0.706165  1.000000  
59.962293 0.047388  -0.004180  -0.013824  0.449295  0.699934  0.555181  -0.814721  0.575989  -0.066832  -0.366557  -0.422290  0.829040  -0.056518  0.023863  0.011104  -0.676543  0.438589  -0.714547  1.000000  
59.963543 0.047321  -0.004146  -0.013804  0.450637  0.699859  0.554188  -0.813980  0.577037  -0.066828  -0.366557  -0.420982  0.829705  -0.056438  0.023938  0.011593  -0.691912  0.443723  -0.726567  1.000000  
59.964543 0.047266  -0.004120  -0.013788  0.451809  0.699766  0.553350  -0.813329  0.577956  -0.066800  -0.366557  -0.419875  0.830266  -0.056417  0.023923  0.011837  -0.703047  0.448861  -0.738356  1.000000  
59.965793 0.047195  -0.004090  -0.013771  0.453148  0.699685  0.552357  -0.812584  0.579003  -0.066802  -0.366557  -0.418565  0.830927  -0.056482  0.023847  0.011956  -0.718563  0.454030  -0.750557  1.000000  
59.966795 0.047138  -0.004069  -0.013758  0.454319  0.699653  0.551435  -0.811930  0.579914  -0.066850  -0.366557  -0.417355  0.831535  -0.056725  0.023882  0.012098  -0.734754  0.457318  -0.769309  1.000000  
59.968050 0.047064  -0.004043  -0.013744  0.455822  0.699513  0.550371  -0.811087  0.581097  -0.066815  -0.366557  -0.415943  0.832243  -0.056445  0.023808  0.012021  -0.744000  0.468492  -0.802431  1.000000  
59.969293 0.046990  -0.004018  -0.013729  0.457182  0.699583  0.549153  -0.810378  0.582079  -0.066871  -0.366432  -0.414450  0.833042  -0.056543  0.023756  0.012226  -0.757050  0.481850  -0.822066  1.000000  
59.970313 0.046930  -0.003998  -0.013717  0.458349  0.699475  0.548316  -0.809718  0.582998  -0.066857  -0.366432  -0.413338  0.833594  -0.056464  0.023792  0.012530  -0.761641  0.486247  -0.842206  1.000000  
59.971547 0.046854  -0.003971  -0.013701  0.459515  0.699631  0.547140  -0.809057  0.583884  -0.067129  -0.366432  -0.411820  0.834345  -0.056710  0.023805  0.013054  -0.781451  0.487167  -0.856845  1.000000  
59.972550 0.046794  -0.003948  -0.013686  0.460705  0.699546  0.546248  -0.808437  0.584755  -0.067024  -0.366308  -0.410728  0.834938  -0.056937  0.023697  0.013498  -0.786025  0.494924  -0.874439  1.000000  
59.973796 0.046720  -0.003919  -0.013666  0.462036  0.699508  0.545171  -0.807677  0.585793  -0.067119  -0.366308  -0.409310  0.835634  -0.057227  0.023513  0.013937  -0.795072  0.498646  -0.894748  1.000000  
59.974799 0.046661  -0.003895  -0.013650  0.463224  0.699550  0.544109  -0.807052  0.586648  -0.067162  -0.366183  -0.408013  0.836322  -0.057507  0.023380  0.014167  -0.811821  0.506223  -0.912340  1.000000  
59.976049 0.046586  -0.003864  -0.013631  0.464552  0.699571  0.542947  -0.806288  0.587678  -0.067335  -0.366183  -0.406491  0.837063  -0.057959  0.023249  0.014160  -0.822081  0.512494  -0.938075  1.000000  
59.977293 0.046510  -0.003833  -0.013614  0.465738  0.699804  0.541630  -0.805661  0.588508  -0.067598  -0.366059  -0.404887  0.837895  -0.058609  0.023005  0.013913  -0.839283  0.519901  -0.956403  1.000000  
59.978543 0.046432  -0.003804  -0.013600  0.467114  0.699938  0.540271  -0.804977  0.589436  -0.067656  -0.365810  -0.403303  0.838767  -0.059218  0.022795  0.013598  -0.854808  0.529731  -0.970073  1.000000  
59.979543 0.046368  -0.003783  -0.013588  0.468132  0.700153  0.539109  -0.804442  0.590139  -0.067894  -0.365685  -0.401899  0.839495  -0.059829  0.022478  0.013316  -0.877396  0.542648  -0.988500  1.000000  
59.980543 0.046304  -0.003764  -0.013577  0.469175  0.700392  0.537891  -0.803947  0.590796  -0.068037  -0.365436  -0.400515  0.840265  -0.060439  0.022135  0.013122  -0.896918  0.551103  -0.998694  1.000000  
59.981795 0.046222  -0.003740  -0.013561  0.470548  0.700645  0.536360  -0.803258  0.591708  -0.068249  -0.365187  -0.398721  0.841225  -0.061056  0.021900  0.013167  -0.920062  0.563251  -1.017209  1.000000  
59.983043 0.046142  -0.003717  -0.013541  0.471779  0.701042  0.534757  -0.802705  0.592431  -0.068478  -0.364813  -0.396946  0.842226  -0.061531  0.021775  0.013521  -0.944430  0.575309  -1.015973  1.000000  
59.984050 0.046078  -0.003696  -0.013524  0.472820  0.701270  0.533537  -0.802206  0.593090  -0.068631  -0.364564  -0.395556  0.842988  -0.061816  0.021823  0.013880  -0.957694  0.581856  -1.023647  1.000000  
59.985293 0.045998  -0.003671  -0.013502  0.473910  0.701808  0.531861  -0.801789  0.593624  -0.068880  -0.364066  -0.393797  0.844026  -0.062175  0.021770  0.014388  -0.982135  0.595968  -1.016786  1.000000  
59.986547 0.045919  -0.003646  -0.013480  0.475304  0.702069  0.530269  -0.801133  0.594494  -0.069010  -0.363692  -0.392015  0.845016  -0.062395  0.021636  0.014684  -1.004315  0.613921  -1.026326  1.000000  
59.987565 0.045857  -0.003625  -0.013465  0.476203  0.702437  0.528974  -0.800769  0.594964  -0.069183  -0.363318  -0.390641  0.845813  -0.062507  0.021495  0.014729  -1.022830  0.621420  -1.015038  1.000000  
59.988802 0.045780  -0.003598  -0.013448  0.477596  0.702689  0.527380  -0.800109  0.595836  -0.069322  -0.362944  -0.388854  0.846797  -0.062697  0.021364  0.014493  -1.034672  0.637467  -1.022359  1.000000  
59.989805 0.045719  -0.003576  -0.013436  0.478683  0.703018  0.525955  -0.799685  0.596400  -0.069366  -0.362445  -0.387393  0.847679  -0.062778  0.021168  0.014242  -1.055182  0.652039  -1.015414  1.000000  
59.991050 0.045645  -0.003549  -0.013422  0.479935  0.703474  0.524201  -0.799160  0.597076  -0.069596  -0.361946  -0.385519  0.848746  -0.062826  0.020961  0.013918  -1.080098  0.666408  -1.009118  1.000000  
59.992052 0.045585  -0.003527  -0.013410  0.481186  0.703735  0.522701  -0.798634  0.597778  -0.069611  -0.361447  -0.383951  0.849669  -0.062683  0.020771  0.013818  -1.100704  0.685052  -1.000552  1.000000  
59.993294 0.045510  -0.003503  -0.013397  0.482437  0.704245  0.520859  -0.798105  0.598448  -0.069921  -0.360948  -0.381967  0.850775  -0.062526  0.020470  0.013756  -1.132386  0.696746  -0.988745  1.000000  
59.994543 0.045434  -0.003480  -0.013381  0.483876  0.704652  0.518970  -0.797515  0.599220  -0.070030  -0.360324  -0.380001  0.851919  -0.062270  0.020192  0.013824  -1.157279  0.712074  -0.978183  1.000000  
59.995543 0.045374  -0.003464  -0.013367  0.484986  0.705049  0.517392  -0.797123  0.599738  -0.070066  -0.359700  -0.378444  0.852875  -0.061985  0.019989  0.013979  -1.184636  0.731180  -0.966508  1.000000  
59.996795 0.045299  -0.003444  -0.013349  0.486448  0.705534  0.515355  -0.796569  0.600462  -0.070159  -0.358951  -0.376387  0.854100  -0.061532  0.019701  0.014034  -1.211944  0.750730  -0.950837  1.000000  
59.997795 0.045241  -0.003427  -0.013334  0.487532  0.705958  0.513748  -0.796132  0.601018  -0.070372  -0.358451  -0.374702  0.855050  -0.061090  0.019638  0.014004  -1.239581  0.762937  -0.939021  1.000000  
59.999043 0.045169  -0.003405  -0.013316  0.489018  0.706456  0.511646  -0.795613  0.601703  -0.070377  -0.357577  -0.372657  0.856310  -0.060590  0.019431  0.013873  -1.261099  0.784362  -0.933080  1.000000  
60.000293 0.045100  -0.003382  -0.013299  0.490806  0.706674  0.509630  -0.794849  0.602725  -0.070274  -0.356827  -0.370588  0.857519  -0.059894  0.019315  0.013518  -1.288265  0.809979  -0.930098  1.000000  
60.001293 0.045045  -0.003362  -0.013287  0.492101  0.707010  0.507911  -0.794384  0.603346  -0.070198  -0.356077  -0.368932  0.858544  -0.059259  0.019235  0.013116  -1.305707  0.834921  -0.925736  1.000000  
60.002296 0.044991  -0.003343  -0.013275  0.493371  0.707438  0.506079  -0.793876  0.603994  -0.070370  -0.355452  -0.367046  0.859611  -0.058748  0.019252  0.012953  -1.336080  0.856310  -0.923984  1.000000  
60.003304 0.044937  -0.003323  -0.013264  0.494829  0.707762  0.504200  -0.793304  0.604748  -0.070345  -0.354701  -0.365175  0.860717  -0.058202  0.018998  0.012662  -1.370108  0.879091  -0.918024  1.000000  
60.004549 0.044869  -0.003299  -0.013248  0.496474  0.708347  0.501755  -0.792667  0.605557  -0.070564  -0.353825  -0.362692  0.862127  -0.057719  0.018849  0.012702  -1.405316  0.904389  -0.915416  1.000000  
60.005559 0.044814  -0.003280  -0.013235  0.497955  0.708683  0.499809  -0.792129  0.606275  -0.070451  -0.352949  -0.360832  0.863266  -0.057319  0.018540  0.012795  -1.428669  0.936263  -0.915643  1.000000  
60.006801 0.044745  -0.003257  -0.013216  0.499811  0.709056  0.497422  -0.791461  0.607171  -0.070237  -0.351822  -0.358584  0.864661  -0.056979  0.018301  0.013180  -1.453160  0.970350  -0.919661  1.000000  
60.007801 0.044688  -0.003240  -0.013201  0.501453  0.709253  0.495484  -0.790811  0.608040  -0.070033  -0.350945  -0.356716  0.865789  -0.056795  0.018174  0.013441  -1.475169  1.003498  -0.924214  1.000000  
60.009046 0.044617  -0.003220  -0.013180  0.503332  0.709695  0.492941  -0.790172  0.608896  -0.069808  -0.349692  -0.354371  0.867258  -0.056429  0.017975  0.013821  -1.500046  1.039682  -0.924481  1.000000  
60.010046 0.044559  -0.003205  -0.013166  0.504834  0.710088  0.490834  -0.789657  0.609577  -0.069693  -0.348689  -0.352407  0.868461  -0.056650  0.017948  0.014005  -1.520257  1.071871  -0.925985  1.000000  
60.011293 0.044487  -0.003186  -0.013149  0.506873  0.710504  0.488124  -0.788904  0.610571  -0.069529  -0.347435  -0.349840  0.870001  -0.056139  0.017741  0.013833  -1.545037  1.106529  -0.936359  1.000000  
60.012320 0.044429  -0.003170  -0.013138  0.508535  0.710755  0.486024  -0.788275  0.611405  -0.069326  -0.346431  -0.347866  0.871192  -0.055939  0.017699  0.013559  -1.556947  1.138652  -0.949369  1.000000  
60.013543 0.044356  -0.003150  -0.013124  0.510570  0.711150  0.483305  -0.787510  0.612407  -0.069178  -0.345175  -0.345287  0.872715  -0.056171  0.017596  0.013310  -1.582526  1.173384  -0.960581  1.000000  
60.014543 0.044298  -0.003132  -0.013113  0.512255  0.711469  0.481048  -0.786910  0.613201  -0.068964  -0.344045  -0.343215  0.873977  -0.056229  0.017575  0.013045  -1.604328  1.211088  -0.973133  1.000000  
60.015545 0.044241  -0.003114  -0.013102  0.513801  0.711931  0.478709  -0.786450  0.613815  -0.068756  -0.342788  -0.341154  0.875277  -0.056374  0.017459  0.012924  -1.626584  1.245687  -0.981547  1.000000  
60.016796 0.044170  -0.003091  -0.013088  0.515721  0.712586  0.475661  -0.785850  0.614591  -0.068683  -0.341280  -0.338377  0.876943  -0.056607  0.017395  0.012864  -1.657424  1.280071  -0.985151  1.000000  
60.018043 0.044097  -0.003069  -0.013070  0.517663  0.713252  0.472542  -0.785281  0.615336  -0.068520  -0.339644  -0.335608  0.878640  -0.056863  0.017231  0.013092  -1.692409  1.326370  -0.989903  1.000000  
60.019294 0.044023  -0.003048  -0.013053  0.519629  0.713986  0.469265  -0.784743  0.616042  -0.068341  -0.337882  -0.332740  0.880409  -0.057328  0.017050  0.013236  -1.733596  1.369776  -0.988866  1.000000  
60.020300 0.043963  -0.003031  -0.013038  0.521357  0.714363  0.466768  -0.784192  0.616777  -0.068039  -0.336496  -0.330564  0.881759  -0.057657  0.016847  0.013278  -1.760629  1.412766  -1.000703  1.000000  
60.021548 0.043886  -0.003013  -0.013019  0.523320  0.715070  0.463477  -0.783640  0.617496  -0.067876  -0.334732  -0.327678  0.883505  -0.058199  0.016558  0.013380  -1.794889  1.448593  -0.998701  1.000000  
60.022550 0.043823  -0.002999  -0.013004  0.524908  0.715578  0.460891  -0.783222  0.618058  -0.067583  -0.333218  -0.325505  0.884880  -0.058648  0.016306  0.013310  -1.816064  1.488735  -0.999398  1.000000  
60.023801 0.043744  -0.002982  -0.012985  0.527053  0.716155  0.457534  -0.782585  0.618902  -0.067243  -0.331325  -0.322618  0.886646  -0.059124  0.016123  0.013213  -1.846531  1.538654  -1.008832  1.000000  
60.024887 0.043680  -0.002969  -0.012971  0.528663  0.716776  0.454695  -0.782192  0.619423  -0.067015  -0.329684  -0.320231  0.888122  -0.059276  0.015880  0.013100  -1.876543  1.574995  -1.012033  1.000000  
60.026048 0.043600  -0.002951  -0.012956  0.530828  0.717348  0.451257  -0.781575  0.620247  -0.066594  -0.327662  -0.317341  0.889906  -0.060113  0.015881  0.013115  -1.903976  1.625250  -1.017262  1.000000  
60.027049 0.043536  -0.002937  -0.012944  0.532410  0.717921  0.448473  -0.781133  0.620815  -0.066477  -0.326144  -0.314924  0.891321  -0.060616  0.015807  0.013164  -1.933472  1.656980  -1.022262  1.000000  
60.028051 0.043473  -0.002922  -0.012931  0.534016  0.718508  0.445616  -0.780722  0.621354  -0.066268  -0.324500  -0.312515  0.892768  -0.060805  0.015725  0.013227  -1.959247  1.693024  -1.026041  1.000000  
60.029294 0.043394  -0.002903  -0.012913  0.536038  0.719296  0.441900  -0.780228  0.622002  -0.066015  -0.322347  -0.309396  0.894632  -0.061271  0.015552  0.013610  -2.000317  1.738801  -1.020469  1.000000  
60.030544 0.043315  -0.002884  -0.012893  0.538219  0.719939  0.438188  -0.779613  0.622808  -0.065681  -0.320193  -0.306266  0.896481  -0.061759  0.015372  0.013971  -2.039064  1.782701  -1.022871  1.000000  
60.031805 0.043235  -0.002866  -0.012873  0.540421  0.720691  0.434223  -0.779023  0.623573  -0.065411  -0.317911  -0.302921  0.898427  -0.062307  0.014975  0.014280  -2.077098  1.829819  -1.024019  1.000000  
60.033044 0.043155  -0.002849  -0.012854  0.542620  0.721318  0.430423  -0.778424  0.624365  -0.065000  -0.315626  -0.299781  0.900284  -0.062871  0.014669  0.014453  -2.107340  1.876537  -1.020311  1.000000  
60.034293 0.043075  -0.002834  -0.012836  0.544680  0.722181  0.426355  -0.777960  0.624970  -0.064740  -0.313213  -0.296425  0.902236  -0.063255  0.014289  0.014499  -2.142013  1.919048  -1.016374  1.000000  
60.035294 0.043009  -0.002822  -0.012822  0.546345  0.722750  0.423248  -0.777608  0.625455  -0.064278  -0.311179  -0.294004  0.903731  -0.063683  0.013940  0.014400  -2.160424  1.958342  -1.006709  1.000000  
60.036549 0.042925  -0.002811  -0.012806  0.548399  0.723474  0.419337  -0.777126  0.626095  -0.063883  -0.308762  -0.290844  0.905580  -0.064144  0.013484  0.014135  -2.191219  1.996753  -0.998628  1.000000  
60.037551 0.042857  -0.002802  -0.012791  0.550035  0.724095  0.416110  -0.776726  0.626611  -0.063685  -0.306853  -0.288174  0.907082  -0.064464  0.013130  0.014174  -2.228199  2.025700  -0.986449  1.000000  
60.038554 0.042788  -0.002794  -0.012776  0.551805  0.724552  0.412959  -0.776172  0.627314  -0.063507  -0.305070  -0.285484  0.908533  -0.064794  0.012778  0.014215  -2.259387  2.054198  -0.989282  1.000000  
60.039808 0.042702  -0.002783  -0.012754  0.553851  0.725274  0.408934  -0.775663  0.627973  -0.063215  -0.302648  -0.282184  0.910372  -0.065489  0.012443  0.014542  -2.290592  2.088848  -0.983616  1.000000  
60.041052 0.042616  -0.002773  -0.012732  0.556076  0.725867  0.404841  -0.775062  0.628761  -0.062749  -0.300096  -0.278884  0.912231  -0.065574  0.011828  0.014933  -2.318535  2.128394  -0.977171  1.000000  
60.042298 0.042530  -0.002761  -0.012708  0.558298  0.726439  0.400737  -0.774450  0.629561  -0.062295  -0.297542  -0.275572  0.914073  -0.065997  0.011452  0.015566  -2.348639  2.164938  -0.972270  1.000000  
60.043548 0.042444  -0.002750  -0.012683  0.560515  0.727037  0.396535  -0.773825  0.630364  -0.061930  -0.294987  -0.272136  0.915928  -0.066504  0.010977  0.016023  -2.382327  2.207478  -0.965019  1.000000  
60.044794 0.042356  -0.002740  -0.012657  0.562729  0.727613  0.392322  -0.773190  0.631178  -0.061576  -0.292429  -0.268689  0.917765  -0.067193  0.010419  0.016590  -2.412382  2.239421  -0.962697  1.000000  
60.045795 0.042284  -0.002732  -0.012636  0.564551  0.728033  0.388909  -0.772681  0.631842  -0.061156  -0.290253  -0.265977  0.919244  -0.067728  0.009793  0.016902  -2.432005  2.272857  -0.964852  1.000000  
60.047044 0.042194  -0.002724  -0.012608  0.566598  0.728697  0.384665  -0.772140  0.632527  -0.060903  -0.287691  -0.262507  0.921045  -0.068327  0.009208  0.017384  -2.455601  2.299175  -0.964286  1.000000  
60.048050 0.042121  -0.002719  -0.012588  0.568392  0.729017  0.381398  -0.771583  0.633243  -0.060523  -0.285640  -0.259880  0.922427  -0.068995  0.008571  0.017808  -2.463835  2.319427  -0.970822  1.000000  
60.049294 0.042028  -0.002715  -0.012560  0.570590  0.729511  0.377148  -0.770906  0.634097  -0.060213  -0.283074  -0.256389  0.924194  -0.069834  0.007846  0.018452  -2.481426  2.342124  -0.978052  1.000000  
60.050294 0.041952  -0.002712  -0.012538  0.572378  0.729890  0.373690  -0.770332  0.634814  -0.060005  -0.281021  -0.253520  0.925611  -0.070529  0.007322  0.019075  -2.505114  2.361216  -0.979278  1.000000  
60.051294 0.041874  -0.002711  -0.012513  0.574343  0.730098  0.370253  -0.769662  0.635668  -0.059552  -0.278837  -0.250766  0.927020  -0.071238  0.006732  0.019849  -2.516044  2.388031  -0.991520  1.000000  
60.052306 0.041796  -0.002711  -0.012488  0.575989  0.730508  0.366873  -0.769221  0.636236  -0.059184  -0.276652  -0.248117  0.928387  -0.071843  0.006222  0.020480  -2.531693  2.408774  -0.992972  1.000000  
60.053564 0.041698  -0.002710  -0.012454  0.578194  0.730897  0.362603  -0.768533  0.637108  -0.058741  -0.273951  -0.244708  0.930091  -0.073283  0.005534  0.021683  -2.547398  2.430727  -0.994858  1.000000  
60.054800 0.041599  -0.002711  -0.012419  0.580237  0.731352  0.358399  -0.767952  0.637848  -0.058307  -0.271247  -0.241401  0.931746  -0.073585  0.004840  0.022358  -2.562694  2.453742  -1.001110  1.000000  
60.055803 0.041519  -0.002712  -0.012390  0.581872  0.731755  0.354908  -0.767485  0.638434  -0.058041  -0.269057  -0.238614  0.933098  -0.074395  0.004145  0.023183  -2.573922  2.462174  -0.995463  1.000000  
60.057047 0.041418  -0.002713  -0.012354  0.584065  0.732037  0.350699  -0.766763  0.639344  -0.057555  -0.266350  -0.235287  0.934718  -0.075379  0.003344  0.023951  -2.578887  2.483395  -1.003894  1.000000  
60.058049 0.041335  -0.002716  -0.012326  0.585672  0.732304  0.347447  -0.766252  0.639985  -0.057251  -0.264286  -0.232702  0.935950  -0.076312  0.002489  0.024594  -2.582120  2.493566  -1.008256  1.000000  
60.059300 0.041233  -0.002719  -0.012288  0.587676  0.732619  0.343375  -0.765603  0.640794  -0.056880  -0.261704  -0.229462  0.937474  -0.077299  0.001540  0.025391  -2.583104  2.506273  -1.015259  1.000000  
60.060545 0.041129  -0.002723  -0.012249  0.589698  0.732848  0.339396  -0.764971  0.641603  -0.056265  -0.258991  -0.226448  0.938959  -0.078352  0.000608  0.026265  -2.577618  2.514452  -1.015519  1.000000  
60.061795 0.041023  -0.002731  -0.012207  0.591736  0.733118  0.335242  -0.764354  0.642391  -0.055640  -0.256147  -0.223319  0.940488  -0.079387  -0.000429  0.027178  -2.567391  2.527672  -1.013648  1.000000  
60.062796 0.040938  -0.002739  -0.012173  0.593192  0.733392  0.332053  -0.763959  0.642901  -0.055183  -0.253948  -0.220941  0.941645  -0.080179  -0.001229  0.028038  -2.559983  2.531052  -1.012789  1.000000  
60.064050 0.040830  -0.002753  -0.012128  0.595022  0.733682  0.328115  -0.763392  0.643610  -0.054765  -0.251359  -0.217894  0.943049  -0.081205  -0.002573  0.029289  -2.548490  2.531979  -1.009533  1.000000  
60.065162 0.040742  -0.002766  -0.012089  0.596472  0.733850  0.325093  -0.762982  0.644146  -0.054165  -0.249156  -0.215732  0.944130  -0.081367  -0.003615  0.030179  -2.528319  2.522681  -1.005949  1.000000  
60.066294 0.040633  -0.002783  -0.012038  0.598158  0.734101  0.321408  -0.762547  0.644724  -0.053418  -0.246434  -0.213136  0.945433  -0.082829  -0.004915  0.031818  -2.518534  2.535279  -1.004599  1.000000  
60.067295 0.040544  -0.002800  -0.011994  0.599541  0.734115  0.318788  -0.762045  0.645353  -0.052972  -0.244618  -0.211172  0.946345  -0.083531  -0.005918  0.032937  -2.491139  2.527577  -1.006011  1.000000  
60.068545 0.040435  -0.002819  -0.011937  0.601021  0.734285  0.315592  -0.761666  0.645864  -0.052191  -0.242153  -0.209008  0.947458  -0.084340  -0.007266  0.034529  -2.453677  2.521656  -0.988194  1.000000  
60.069795 0.040324  -0.002841  -0.011878  0.602439  0.734354  0.312717  -0.761204  0.646454  -0.051635  -0.240075  -0.206934  0.948442  -0.085053  -0.008706  0.036121  -2.410890  2.501255  -0.981400  1.000000  
60.070800 0.040235  -0.002859  -0.011829  0.603520  0.734512  0.310251  -0.760959  0.646792  -0.050998  -0.238126  -0.205310  0.949286  -0.085618  -0.009788  0.037444  -2.376055  2.486916  -0.963591  1.000000  
60.071800 0.040144  -0.002877  -0.011780  0.604756  0.734493  0.307881  -0.760586  0.647292  -0.050222  -0.236177  -0.203797  0.950099  -0.086249  -0.010945  0.038766  -2.335685  2.475278  -0.952991  1.000000  
