1-Time 2-Px 3-Py 4-Pz 5-R11 6-R21 7-R31 8-R12 9-R22 10-R32 11-R13 12-R23 13-R33 14-Vx 15-Vy 16-Vz 17-Wx 18-Wy 19-Wz 20-state
155.125779 0.028074  -0.017232  -0.022801  0.690452  0.708246  0.147186  -0.715934  0.698167  -0.001056  -0.103508  -0.104647  0.989108  -0.000795  -0.002390  0.001577  0.000000  0.000000  0.000000  1.000000  
155.126987 0.028072  -0.017236  -0.022796  0.690609  0.708112  0.147095  -0.715802  0.698303  -0.000930  -0.103375  -0.104648  0.989122  -0.002538  -0.004282  0.004685  0.000000  0.000000  0.000000  1.000000  
155.128231 0.028059  -0.017241  -0.022769  0.690619  0.708121  0.147003  -0.715812  0.698293  -0.000835  -0.103242  -0.104650  0.989136  -0.006614  -0.004371  0.013991  0.000000  0.000000  0.000000  1.000000  
155.129248 0.028048  -0.017245  -0.022745  0.690628  0.708131  0.146911  -0.715822  0.698283  -0.000740  -0.103109  -0.104651  0.989149  -0.008042  -0.004092  0.016927  0.000000  0.000000  0.000000  1.000000  
155.130479 0.028037  -0.017248  -0.022721  0.690638  0.708159  0.146733  -0.715832  0.698272  -0.000729  -0.102976  -0.104533  0.989176  -0.008356  -0.003558  0.017704  0.000000  0.000000  0.000000  1.000000  
155.131480 0.028027  -0.017248  -0.022706  0.690795  0.708024  0.146641  -0.715699  0.698408  -0.000604  -0.102843  -0.104534  0.989190  -0.008615  -0.002946  0.017146  0.000000  0.000000  0.000000  1.000000  
155.132728 0.028009  -0.017247  -0.022691  0.690795  0.708024  0.146641  -0.715699  0.698408  -0.000604  -0.102843  -0.104534  0.989190  -0.009738  -0.002345  0.016208  0.000000  0.000000  0.000000  1.000000  
155.133976 0.027984  -0.017245  -0.022677  0.690657  0.708178  0.146549  -0.715852  0.698252  -0.000538  -0.102710  -0.104536  0.989203  -0.011233  -0.001709  0.015495  0.000000  0.000000  0.000000  1.000000  
155.135226 0.027961  -0.017242  -0.022662  0.690676  0.708180  0.146451  -0.715871  0.698232  -0.000263  -0.102444  -0.104658  0.989218  -0.012216  -0.001136  0.014972  0.000000  0.000000  0.000000  1.000000  
155.136232 0.027944  -0.017239  -0.022648  0.690676  0.708162  0.146537  -0.715871  0.698232  -0.000179  -0.102444  -0.104778  0.989205  -0.012738  -0.000764  0.014850  0.000000  0.000000  0.000000  1.000000  
155.137486 0.027922  -0.017236  -0.022627  0.690686  0.708154  0.146531  -0.715881  0.698222  0.000001  -0.102310  -0.104900  0.989206  -0.013265  -0.000413  0.015066  0.000000  0.000000  0.000000  1.000000  
155.138726 0.027898  -0.017232  -0.022602  0.690695  0.708146  0.146525  -0.715891  0.698212  0.000181  -0.102177  -0.105021  0.989207  -0.013799  -0.000036  0.015544  0.000000  0.000000  0.000000  1.000000  
155.139726 0.027876  -0.017231  -0.022580  0.690557  0.708264  0.146605  -0.716043  0.698056  0.000416  -0.102044  -0.105263  0.989195  -0.014451  0.000026  0.016040  0.000000  0.000000  0.000000  1.000000  
155.140728 0.027852  -0.017230  -0.022553  0.690557  0.708246  0.146691  -0.716043  0.698056  0.000500  -0.102044  -0.105383  0.989182  -0.015076  0.000076  0.016799  0.000000  0.000000  0.000000  1.000000  
155.141735 0.027826  -0.017230  -0.022522  0.690557  0.708228  0.146777  -0.716043  0.698056  0.000585  -0.102044  -0.105503  0.989169  -0.016461  0.000299  0.018484  0.000000  0.000000  0.000000  1.000000  
155.142982 0.027794  -0.017228  -0.022484  0.690557  0.708193  0.146949  -0.716043  0.698056  0.000754  -0.102044  -0.105743  0.989144  -0.017889  0.000862  0.019489  0.000000  0.000000  0.000000  1.000000  
155.143986 0.027771  -0.017223  -0.022457  0.690705  0.708031  0.147035  -0.715901  0.698201  0.000869  -0.102044  -0.105863  0.989131  -0.018822  0.001490  0.019531  0.000000  0.000000  0.000000  1.000000  
155.145230 0.027743  -0.017214  -0.022432  0.690557  0.708175  0.147035  -0.716043  0.698056  0.000839  -0.102044  -0.105863  0.989131  -0.019767  0.002198  0.019524  0.000000  0.000000  0.000000  1.000000  
155.146478 0.027712  -0.017204  -0.022413  0.690705  0.708013  0.147120  -0.715901  0.698201  0.000954  -0.102044  -0.105983  0.989118  -0.021027  0.002928  0.019552  0.000000  0.000000  0.000000  1.000000  
155.147730 0.027677  -0.017194  -0.022390  0.690852  0.707852  0.147206  -0.715759  0.698347  0.001069  -0.102044  -0.106103  0.989105  -0.022104  0.003572  0.020175  0.000000  0.000000  0.000000  1.000000  
155.148977 0.027644  -0.017185  -0.022358  0.690999  0.707708  0.147206  -0.715616  0.698493  0.001099  -0.102044  -0.106103  0.989105  -0.022775  0.004037  0.021402  0.000000  0.000000  0.000000  1.000000  
155.149977 0.027621  -0.017176  -0.022326  0.691147  0.707564  0.147206  -0.715474  0.698638  0.001130  -0.102044  -0.106103  0.989105  -0.023100  0.004495  0.022762  0.000000  0.000000  0.000000  1.000000  
155.151227 0.027594  -0.017163  -0.022277  0.691294  0.707402  0.147291  -0.715332  0.698784  0.001245  -0.102044  -0.106223  0.989092  -0.023336  0.005102  0.024724  0.000000  0.000000  0.000000  1.000000  
155.152477 0.027565  -0.017149  -0.022226  0.691441  0.707240  0.147377  -0.715189  0.698929  0.001360  -0.102044  -0.106343  0.989079  -0.023786  0.005813  0.026731  0.000000  0.000000  0.000000  1.000000  
155.153726 0.027533  -0.017138  -0.022179  0.691745  0.706963  0.147284  -0.714915  0.699210  0.001516  -0.101911  -0.106344  0.989093  -0.024403  0.006410  0.028337  0.000000  0.000000  0.000000  1.000000  
155.154729 0.027505  -0.017129  -0.022144  0.692039  0.706675  0.147284  -0.714630  0.699501  0.001576  -0.101911  -0.106344  0.989093  -0.024725  0.006872  0.029144  0.000000  0.000000  0.000000  1.000000  
155.155979 0.027472  -0.017118  -0.022108  0.692334  0.706386  0.147283  -0.714345  0.699792  0.001637  -0.101911  -0.106344  0.989093  -0.024886  0.007639  0.029096  0.000000  0.000000  0.000000  1.000000  
155.157227 0.027439  -0.017104  -0.022077  0.692628  0.706080  0.147368  -0.714059  0.700083  0.001782  -0.101911  -0.106464  0.989080  -0.024940  0.008370  0.028625  0.000000  0.000000  0.000000  1.000000  
155.158231 0.027412  -0.017092  -0.022056  0.692775  0.705936  0.147367  -0.713917  0.700228  0.001813  -0.101911  -0.106464  0.989080  -0.025076  0.008977  0.028087  0.000000  0.000000  0.000000  1.000000  
155.159238 0.027385  -0.017080  -0.022034  0.693059  0.705638  0.147459  -0.713622  0.700529  0.001779  -0.102044  -0.106463  0.989067  -0.025359  0.009458  0.027857  0.000000  0.000000  0.000000  1.000000  
155.160485 0.027350  -0.017065  -0.022007  0.693500  0.705205  0.147458  -0.713194  0.700965  0.001870  -0.102044  -0.106463  0.989067  -0.025789  0.009830  0.028292  0.000000  0.000000  0.000000  1.000000  
155.161729 0.027313  -0.017052  -0.021976  0.693793  0.704917  0.147457  -0.712908  0.701255  0.001930  -0.102044  -0.106463  0.989067  -0.026070  0.010039  0.029072  0.000000  0.000000  0.000000  1.000000  
155.162977 0.027275  -0.017039  -0.021940  0.694224  0.704473  0.147548  -0.712470  0.701700  0.001927  -0.102177  -0.106461  0.989053  -0.026325  0.010297  0.029811  0.082254  0.035412  -0.162377  1.000000  
155.163979 0.027244  -0.017028  -0.021906  0.694371  0.704329  0.147548  -0.712327  0.701845  0.001957  -0.102177  -0.106461  0.989053  -0.026690  0.010463  0.030214  0.078855  0.031672  -0.169657  1.000000  
155.165226 0.027206  -0.017013  -0.021861  0.694664  0.704040  0.147547  -0.712041  0.702135  0.002018  -0.102177  -0.106461  0.989053  -0.027357  0.010720  0.030259  0.079605  0.028428  -0.182325  1.000000  
155.166476 0.027169  -0.016998  -0.021820  0.694801  0.703903  0.147554  -0.711888  0.702291  0.001868  -0.102310  -0.106340  0.989052  -0.028024  0.010846  0.029631  0.072844  0.020458  -0.191700  1.000000  
155.167476 0.027139  -0.016985  -0.021792  0.694947  0.703759  0.147553  -0.711745  0.702436  0.001899  -0.102310  -0.106340  0.989052  -0.028422  0.010932  0.028981  0.068903  0.021026  -0.196912  1.000000  
155.168477 0.027107  -0.016973  -0.021768  0.695094  0.703632  0.147467  -0.711602  0.702581  0.001844  -0.102310  -0.106220  0.989065  -0.028869  0.011152  0.027877  0.061997  0.017455  -0.205819  1.000000  
155.169727 0.027065  -0.016956  -0.021742  0.695387  0.703378  0.147296  -0.711315  0.702871  0.001734  -0.102310  -0.105980  0.989091  -0.029365  0.011541  0.026779  0.047793  0.015175  -0.226821  1.000000  
155.170976 0.027022  -0.016938  -0.021715  0.695543  0.703279  0.147033  -0.711182  0.703006  0.001688  -0.102177  -0.105741  0.989130  -0.029960  0.012004  0.026236  0.032179  0.020379  -0.233204  1.000000  
155.171979 0.026990  -0.016923  -0.021688  0.695543  0.703297  0.146947  -0.711182  0.703006  0.001603  -0.102177  -0.105621  0.989143  -0.030459  0.012272  0.026404  0.027870  0.020197  -0.231283  1.000000  
155.173227 0.026949  -0.016905  -0.021649  0.695680  0.703178  0.146869  -0.711029  0.703161  0.001368  -0.102310  -0.105380  0.989155  -0.030891  0.012470  0.027094  0.012414  0.016487  -0.238564  1.000000  
155.174244 0.026917  -0.016892  -0.021613  0.695816  0.703059  0.146791  -0.710876  0.703316  0.001133  -0.102444  -0.105138  0.989167  -0.031281  0.012501  0.028137  0.000300  0.012130  -0.240874  1.000000  
155.175485 0.026874  -0.016874  -0.021568  0.695807  0.703067  0.146798  -0.710866  0.703327  0.000953  -0.102577  -0.105017  0.989166  -0.031699  0.012689  0.029276  -0.007129  0.008393  -0.248279  1.000000  
155.176740 0.026832  -0.016858  -0.021524  0.695797  0.703093  0.146720  -0.710856  0.703337  0.000688  -0.102710  -0.104776  0.989178  -0.032137  0.012892  0.030125  -0.015970  0.003161  -0.241858  1.000000  
155.177980 0.026789  -0.016842  -0.021485  0.695934  0.702974  0.146642  -0.710703  0.703492  0.000453  -0.102843  -0.104534  0.989190  -0.032424  0.013161  0.030294  -0.028188  -0.001324  -0.242401  1.000000  
155.179230 0.026749  -0.016824  -0.021453  0.695924  0.703000  0.146564  -0.710694  0.703502  0.000188  -0.102976  -0.104293  0.989201  -0.032559  0.013372  0.029547  -0.037035  -0.006554  -0.236033  1.000000  
155.180477 0.026710  -0.016807  -0.021425  0.695915  0.703008  0.146571  -0.710684  0.703512  0.000008  -0.103109  -0.104171  0.989200  -0.032637  0.013583  0.028423  -0.045888  -0.011755  -0.229690  1.000000  
155.181727 0.026673  -0.016788  -0.021397  0.696051  0.702889  0.146493  -0.710531  0.703666  -0.000227  -0.103242  -0.103930  0.989212  -0.032614  0.013766  0.027618  -0.054026  -0.016255  -0.230158  1.000000  
155.182976 0.026634  -0.016772  -0.021368  0.696032  0.702887  0.146593  -0.710511  0.703686  -0.000502  -0.103508  -0.103807  0.989197  -0.032596  0.013796  0.027370  -0.063046  -0.026433  -0.215612  1.000000  
155.183976 0.026604  -0.016758  -0.021343  0.696013  0.702903  0.146608  -0.710491  0.703706  -0.000861  -0.103774  -0.103564  0.989194  -0.032437  0.013838  0.027627  -0.073147  -0.041556  -0.205174  1.000000  
155.185226 0.026566  -0.016742  -0.021305  0.696130  0.702765  0.146716  -0.710318  0.703880  -0.001286  -0.104174  -0.103320  0.989178  -0.032104  0.013769  0.028433  -0.081965  -0.055718  -0.199716  1.000000  
155.186228 0.026539  -0.016728  -0.021270  0.696120  0.702773  0.146723  -0.710308  0.703890  -0.001465  -0.104307  -0.103198  0.989177  -0.031645  0.013751  0.029230  -0.087451  -0.061649  -0.186484  1.000000  
155.187231 0.026513  -0.016712  -0.021232  0.696246  0.702644  0.146738  -0.710145  0.704054  -0.001795  -0.104573  -0.102956  0.989174  -0.031170  0.013822  0.029857  0.000000  0.000000  0.000000  1.000000  
155.188478 0.026481  -0.016692  -0.021184  0.696373  0.702533  0.146668  -0.709981  0.704217  -0.002210  -0.104839  -0.102593  0.989183  -0.030615  0.014004  0.030351  0.000000  0.000000  0.000000  1.000000  
155.189480 0.026455  -0.016676  -0.021147  0.696636  0.702250  0.146777  -0.709664  0.704535  -0.002604  -0.105238  -0.102348  0.989166  -0.030285  0.014143  0.030499  -0.119705  -0.088548  -0.180953  1.000000  
155.190480 0.026428  -0.016659  -0.021115  0.696762  0.702139  0.146707  -0.709501  0.704698  -0.003019  -0.105504  -0.101986  0.989175  -0.029767  0.014361  0.030207  -0.132529  -0.098171  -0.175085  1.000000  
155.191488 0.026402  -0.016641  -0.021087  0.696888  0.702011  0.146723  -0.709337  0.704861  -0.003349  -0.105770  -0.101743  0.989172  -0.029127  0.014748  0.029616  -0.142422  -0.108629  -0.170551  1.000000  
155.192740 0.026371  -0.016618  -0.021055  0.696995  0.701881  0.146840  -0.709153  0.705043  -0.003953  -0.106303  -0.101377  0.989152  -0.028304  0.015152  0.029153  -0.156030  -0.123505  -0.158241  1.000000  
155.193980 0.026342  -0.016595  -0.021020  0.697247  0.701606  0.146957  -0.708826  0.705369  -0.004526  -0.106835  -0.101011  0.989132  -0.027581  0.015570  0.029300  -0.168276  -0.141467  -0.160146  1.000000  
155.195230 0.026313  -0.016572  -0.020982  0.697644  0.701186  0.147076  -0.708354  0.705839  -0.005069  -0.107367  -0.100645  0.989112  -0.026910  0.015915  0.030020  -0.178998  -0.157937  -0.175657  1.000000  
155.196231 0.026288  -0.016554  -0.020947  0.697905  0.700885  0.147272  -0.708036  0.706156  -0.005377  -0.107766  -0.100521  0.989081  -0.026553  0.016167  0.030872  -0.178227  -0.166186  -0.183411  1.000000  
155.197231 0.026263  -0.016537  -0.020911  0.698166  0.700601  0.147383  -0.707718  0.706472  -0.005771  -0.108165  -0.100277  0.989063  -0.026180  0.016335  0.031812  -0.185622  -0.178914  -0.191635  1.000000  
155.198477 0.026232  -0.016515  -0.020863  0.698417  0.700308  0.147587  -0.707389  0.706797  -0.006258  -0.108697  -0.100031  0.989029  -0.025706  0.016736  0.032974  -0.187381  -0.194525  -0.198672  1.000000  
155.199477 0.026207  -0.016498  -0.020827  0.698677  0.700025  0.147699  -0.707070  0.707112  -0.006651  -0.109096  -0.099787  0.989010  -0.025351  0.016985  0.033485  -0.188918  -0.209627  -0.201685  1.000000  
155.200733 0.026176  -0.016475  -0.020786  0.698917  0.699723  0.147997  -0.706730  0.707446  -0.007232  -0.109761  -0.099539  0.988961  -0.025047  0.017364  0.033454  -0.188094  -0.235753  -0.211211  1.000000  
155.201977 0.026145  -0.016450  -0.020747  0.699156  0.699439  0.148211  -0.706390  0.707779  -0.007899  -0.110426  -0.099172  0.988924  -0.025002  0.017719  0.032891  -0.193149  -0.254687  -0.225322  1.000000  
155.202977 0.026120  -0.016429  -0.020718  0.699260  0.699309  0.148331  -0.706204  0.707957  -0.008502  -0.110958  -0.098806  0.988901  -0.024907  0.018100  0.032259  -0.198766  -0.270297  -0.228497  1.000000  
155.204240 0.026088  -0.016402  -0.020683  0.699488  0.699016  0.148639  -0.705853  0.708298  -0.009263  -0.111756  -0.098438  0.988848  -0.024868  0.018539  0.031447  -0.200353  -0.289638  -0.235605  1.000000  
155.205480 0.026054  -0.016374  -0.020650  0.699725  0.698732  0.148854  -0.705511  0.708629  -0.009929  -0.112420  -0.098070  0.988809  -0.024906  0.019011  0.030967  -0.206887  -0.306058  -0.250930  1.000000  
155.206482 0.026027  -0.016351  -0.020622  0.699828  0.698604  0.148975  -0.705324  0.708806  -0.010532  -0.112952  -0.097705  0.988785  -0.025030  0.019332  0.031025  -0.210103  -0.323146  -0.259400  1.000000  
155.207732 0.025993  -0.016321  -0.020581  0.699920  0.698484  0.149104  -0.705127  0.708991  -0.011315  -0.113617  -0.097218  0.988757  -0.025218  0.019787  0.031577  -0.219898  -0.339351  -0.262796  1.000000  
155.208983 0.025959  -0.016292  -0.020533  0.700146  0.698192  0.149414  -0.704773  0.709330  -0.012075  -0.114414  -0.096849  0.988701  -0.025509  0.020193  0.032582  -0.222351  -0.360389  -0.278628  1.000000  
155.210230 0.025925  -0.016263  -0.020480  0.700237  0.698073  0.149544  -0.704575  0.709513  -0.012857  -0.115079  -0.096362  0.988671  -0.025885  0.020636  0.033480  -0.233730  -0.377678  -0.287166  1.000000  
155.211479 0.025888  -0.016232  -0.020427  0.700327  0.697954  0.149674  -0.704376  0.709696  -0.013640  -0.115743  -0.095874  0.988641  -0.026320  0.021206  0.033999  -0.241794  -0.395697  -0.288838  1.000000  
155.212728 0.025852  -0.016199  -0.020380  0.700406  0.697826  0.149898  -0.704166  0.709887  -0.014516  -0.116541  -0.095386  0.988595  -0.026602  0.022029  0.034040  -0.253127  -0.412989  -0.297345  1.000000  
155.213978 0.025817  -0.016166  -0.020338  0.700485  0.697681  0.150207  -0.703955  0.710080  -0.015306  -0.117338  -0.095017  0.988536  -0.026865  0.022834  0.033719  -0.256267  -0.425789  -0.305373  1.000000  
155.214983 0.025788  -0.016140  -0.020308  0.700430  0.697709  0.150335  -0.703899  0.710117  -0.016120  -0.118002  -0.094530  0.988504  -0.027132  0.023374  0.033444  -0.265045  -0.439973  -0.299681  1.000000  
155.216230 0.025751  -0.016107  -0.020272  0.700507  0.697582  0.150560  -0.703687  0.710306  -0.016996  -0.118800  -0.094041  0.988455  -0.027584  0.023961  0.033256  -0.272299  -0.457317  -0.308144  1.000000  
155.217476 0.025714  -0.016072  -0.020233  0.700440  0.697602  0.150781  -0.703620  0.710351  -0.017903  -0.119597  -0.093553  0.988405  -0.027953  0.024523  0.033253  -0.281141  -0.476100  -0.302956  1.000000  
155.218476 0.025683  -0.016043  -0.020200  0.700372  0.697604  0.151087  -0.703551  0.710398  -0.018724  -0.120394  -0.093184  0.988343  -0.028240  0.025011  0.033546  -0.283513  -0.495117  -0.295704  1.000000  
155.219484 0.025655  -0.016014  -0.020165  0.700315  0.697615  0.151300  -0.703494  0.710435  -0.019451  -0.121058  -0.092817  0.988297  -0.028478  0.025531  0.034253  -0.287258  -0.509563  -0.285119  1.000000  
155.220729 0.025618  -0.015980  -0.020119  0.700368  0.697491  0.151627  -0.703258  0.710637  -0.020600  -0.122120  -0.092205  0.988223  -0.028629  0.025931  0.034939  -0.296058  -0.532809  -0.280238  1.000000  
155.221979 0.025581  -0.015944  -0.020073  0.700275  0.697495  0.152035  -0.703165  0.710696  -0.021694  -0.123182  -0.091714  0.988137  -0.028858  0.026293  0.035546  -0.298293  -0.551416  -0.273080  1.000000  
155.223226 0.025545  -0.015910  -0.020026  0.700182  0.697519  0.152358  -0.703071  0.710752  -0.022875  -0.124245  -0.091102  0.988061  -0.029044  0.026676  0.035854  -0.311097  -0.574471  -0.268239  1.000000  
155.224227 0.025516  -0.015880  -0.019988  0.700088  0.697524  0.152766  -0.702976  0.710809  -0.023969  -0.125307  -0.090611  0.987972  -0.029088  0.027053  0.035647  -0.316535  -0.598019  -0.256522  1.000000  
155.225232 0.025487  -0.015851  -0.019953  0.700005  0.697538  0.153081  -0.702893  0.710857  -0.024970  -0.126236  -0.090121  0.987898  -0.029157  0.027495  0.034949  -0.328758  -0.617775  -0.246008  1.000000  
155.226478 0.025453  -0.015814  -0.019913  0.700053  0.697417  0.153409  -0.702652  0.711054  -0.026118  -0.127298  -0.089509  0.987818  -0.029026  0.027923  0.034306  -0.342523  -0.637208  -0.233808  1.000000  
155.227479 0.025425  -0.015783  -0.019882  0.699957  0.697424  0.153817  -0.702556  0.711108  -0.027212  -0.128359  -0.089018  0.987725  -0.028962  0.028245  0.033774  -0.352155  -0.660927  -0.222002  1.000000  
155.228730 0.025392  -0.015743  -0.019842  0.699847  0.697461  0.154149  -0.702446  0.711164  -0.028572  -0.129553  -0.088285  0.987634  -0.028819  0.028642  0.033656  -0.369944  -0.680210  -0.209678  1.000000  
155.229998 0.025356  -0.015704  -0.019798  0.699869  0.697344  0.154580  -0.702178  0.711369  -0.029994  -0.130880  -0.087551  0.987525  -0.028693  0.029055  0.034039  -0.386700  -0.707373  -0.204908  1.000000  
155.231227 0.025321  -0.015664  -0.019750  0.699720  0.697358  0.155192  -0.702028  0.711446  -0.031635  -0.132472  -0.086813  0.987378  -0.028618  0.029504  0.034796  -0.400734  -0.740634  -0.193926  1.000000  
155.232232 0.025294  -0.015633  -0.019708  0.699751  0.697232  0.155615  -0.701771  0.711644  -0.032877  -0.133665  -0.086201  0.987271  -0.028454  0.029758  0.035614  -0.412788  -0.762981  -0.195665  1.000000  
155.233476 0.025259  -0.015592  -0.019656  0.699743  0.697102  0.156234  -0.701474  0.711860  -0.034485  -0.135256  -0.085464  0.987118  -0.028316  0.030063  0.036272  -0.422273  -0.793041  -0.190174  1.000000  
155.234480 0.025231  -0.015560  -0.019615  0.699772  0.696978  0.156658  -0.701214  0.712055  -0.035726  -0.136449  -0.084851  0.987007  -0.028276  0.030289  0.036690  -0.431122  -0.811565  -0.184651  1.000000  
155.235727 0.025195  -0.015521  -0.019566  0.699747  0.696860  0.157286  -0.700901  0.712272  -0.037513  -0.138172  -0.083992  0.986840  -0.028176  0.030585  0.036917  -0.447178  -0.847241  -0.187421  1.000000  
155.236728 0.025166  -0.015489  -0.019530  0.699760  0.696730  0.157805  -0.700625  0.712471  -0.038847  -0.139497  -0.083378  0.986706  -0.028086  0.030872  0.036812  -0.455143  -0.873950  -0.189431  1.000000  
155.237979 0.025131  -0.015450  -0.019490  0.699732  0.696616  0.158434  -0.700309  0.712683  -0.040633  -0.141219  -0.082520  0.986533  -0.028043  0.031165  0.036302  -0.472042  -0.910188  -0.185332  1.000000  
155.238979 0.025104  -0.015419  -0.019460  0.699729  0.696480  0.159046  -0.700017  0.712887  -0.042060  -0.142676  -0.081905  0.986375  -0.027945  0.031270  0.035851  -0.480076  -0.937046  -0.187312  1.000000  
155.240226 0.025070  -0.015380  -0.019420  0.699655  0.696345  0.159957  -0.699655  0.713117  -0.044126  -0.144795  -0.081042  0.986137  -0.027861  0.031397  0.035542  -0.492053  -0.986030  -0.191055  1.000000  
155.241483 0.025035  -0.015342  -0.019380  0.699578  0.696212  0.160868  -0.699290  0.713344  -0.046191  -0.146912  -0.080179  0.985895  -0.027811  0.031470  0.035500  -0.504024  -1.038924  -0.195845  1.000000  
155.242730 0.025000  -0.015304  -0.019337  0.699512  0.696109  0.161601  -0.698936  0.713554  -0.048248  -0.148897  -0.079199  0.985676  -0.027883  0.031409  0.035865  -0.525223  -1.081360  -0.199064  1.000000  
155.243734 0.024972  -0.015273  -0.019301  0.699472  0.695983  0.162318  -0.698608  0.713759  -0.049946  -0.150617  -0.078461  0.985474  -0.027924  0.031380  0.036042  -0.536352  -1.115302  -0.201238  1.000000  
155.244995 0.024937  -0.015233  -0.019255  0.699386  0.695856  0.163230  -0.698235  0.713977  -0.052009  -0.152733  -0.077598  0.985216  -0.027972  0.031439  0.036237  -0.547305  -1.159253  -0.211139  1.000000  
155.246227 0.024901  -0.015194  -0.019207  0.699426  0.695616  0.164078  -0.697700  0.714329  -0.054304  -0.154981  -0.076496  0.984951  -0.027995  0.031329  0.036157  -0.562195  -1.203223  -0.219964  1.000000  
155.247230 0.024872  -0.015162  -0.019171  0.699234  0.695662  0.164700  -0.697508  0.714376  -0.056120  -0.156699  -0.075639  0.984746  -0.028091  0.031358  0.035780  -0.578869  -1.244575  -0.223621  1.000000  
155.248478 0.024837  -0.015123  -0.019130  0.699108  0.695568  0.165632  -0.697096  0.714584  -0.058541  -0.159077  -0.074535  0.984449  -0.028120  0.031307  0.034898  -0.598092  -1.293484  -0.233631  1.000000  
155.249482 0.024808  -0.015091  -0.019099  0.699039  0.695463  0.166359  -0.696740  0.714775  -0.060415  -0.160926  -0.073677  0.984213  -0.028167  0.031286  0.034267  -0.612311  -1.326944  -0.241527  1.000000  
155.250484 0.024780  -0.015059  -0.019070  0.698824  0.695528  0.166990  -0.696526  0.714812  -0.062410  -0.162774  -0.072699  0.983981  -0.028133  0.031318  0.033574  -0.630322  -1.365415  -0.237837  1.000000  
155.251732 0.024744  -0.015020  -0.019035  0.698688  0.695461  0.167838  -0.696104  0.715000  -0.064915  -0.165150  -0.071477  0.983675  -0.028141  0.031327  0.032983  -0.653607  -1.409973  -0.247197  1.000000  
155.252735 0.024715  -0.014989  -0.019005  0.698595  0.695355  0.168659  -0.695725  0.715188  -0.066881  -0.167129  -0.070618  0.983403  -0.028195  0.031246  0.032853  -0.664510  -1.445174  -0.255948  1.000000  
155.253983 0.024680  -0.014950  -0.018966  0.698292  0.695414  0.169671  -0.695423  0.715240  -0.069426  -0.169635  -0.069514  0.983052  -0.028216  0.031265  0.032900  -0.680601  -1.490325  -0.258343  1.000000  
155.254983 0.024653  -0.014919  -0.018933  0.698065  0.695487  0.170301  -0.695197  0.715262  -0.071419  -0.171481  -0.068538  0.982801  -0.028207  0.031257  0.033013  -0.696814  -1.522126  -0.259795  1.000000  
155.255985 0.024626  -0.014889  -0.018901  0.697820  0.695535  0.171108  -0.694953  0.715297  -0.073418  -0.173458  -0.067679  0.982513  -0.028170  0.031219  0.032998  -0.709742  -1.558417  -0.254744  1.000000  
155.257236 0.024593  -0.014852  -0.018860  0.697665  0.695481  0.171956  -0.694512  0.715464  -0.075920  -0.175829  -0.066459  0.982175  -0.028082  0.031131  0.032872  -0.728820  -1.598446  -0.263289  1.000000  
155.258240 0.024567  -0.014822  -0.018830  0.697430  0.695561  0.172585  -0.694279  0.715477  -0.077912  -0.177673  -0.065484  0.981908  -0.027976  0.031023  0.032492  -0.740743  -1.629806  -0.264413  1.000000  
155.259484 0.024535  -0.014784  -0.018797  0.697016  0.695841  0.173130  -0.694152  0.715326  -0.080385  -0.179779  -0.064149  0.981613  -0.027728  0.030978  0.031631  -0.767200  -1.658236  -0.251275  1.000000  
155.260737 0.024502  -0.014747  -0.018768  0.696708  0.695943  0.173961  -0.693845  0.715335  -0.082920  -0.182148  -0.062930  0.981255  -0.027501  0.030816  0.030384  -0.779325  -1.690194  -0.251962  1.000000  
155.261981 0.024472  -0.014708  -0.018740  0.696430  0.696038  0.174689  -0.693568  0.715337  -0.085183  -0.184252  -0.061834  0.980932  -0.027181  0.030767  0.029194  -0.792521  -1.709096  -0.244954  1.000000  
155.262983 0.024447  -0.014679  -0.018719  0.696166  0.696121  0.175408  -0.693306  0.715340  -0.087267  -0.186225  -0.060860  0.980620  -0.026918  0.030637  0.028336  -0.805447  -1.731760  -0.238367  1.000000  
155.263987 0.024423  -0.014649  -0.018697  0.695775  0.696380  0.175931  -0.693202  0.715180  -0.089380  -0.188065  -0.059768  0.980336  -0.026599  0.030453  0.027792  -0.824341  -1.756499  -0.225041  1.000000  
155.265228 0.024393  -0.014612  -0.018667  0.695452  0.696493  0.176759  -0.692880  0.715171  -0.091913  -0.190430  -0.058551  0.979953  -0.026266  0.030320  0.027352  -0.837114  -1.778829  -0.217910  1.000000  
155.266230 0.024369  -0.014584  -0.018642  0.695198  0.696588  0.177383  -0.692627  0.715157  -0.093903  -0.192268  -0.057579  0.979652  -0.025948  0.030134  0.027145  -0.850303  -1.797350  -0.210953  1.000000  
155.267476 0.024339  -0.014548  -0.018608  0.694868  0.696728  0.178125  -0.692298  0.715127  -0.096522  -0.194631  -0.056245  0.979263  -0.025565  0.029883  0.026999  -0.868619  -1.818980  -0.203245  1.000000  
155.268479 0.024316  -0.014520  -0.018580  0.694627  0.696854  0.178570  -0.692058  0.715089  -0.098504  -0.196337  -0.055157  0.978984  -0.025232  0.029746  0.026764  -0.884956  -1.834615  -0.196311  1.000000  
155.269727 0.024289  -0.014483  -0.018548  0.694167  0.697174  0.179112  -0.691884  0.714888  -0.101153  -0.198567  -0.053708  0.978615  -0.024757  0.029601  0.026298  -0.907686  -1.840524  -0.180901  1.000000  
155.270731 0.024267  -0.014454  -0.018523  0.693921  0.697326  0.179472  -0.691639  0.714829  -0.103222  -0.200271  -0.052502  0.978333  -0.024390  0.029497  0.025689  -0.925522  -1.843685  -0.172299  1.000000  
155.271978 0.024241  -0.014418  -0.018496  0.693597  0.697504  0.180033  -0.691316  0.714760  -0.105833  -0.202499  -0.051054  0.977951  -0.023950  0.029454  0.024740  -0.946952  -1.849020  -0.163730  1.000000  
155.273226 0.024214  -0.014382  -0.018471  0.693308  0.697695  0.180407  -0.691028  0.714675  -0.108259  -0.204464  -0.049610  0.977616  -0.023552  0.029388  0.023942  -0.964204  -1.849556  -0.154722  1.000000  
155.274501 0.024187  -0.014346  -0.018450  0.692996  0.697927  0.180704  -0.690717  0.714563  -0.110949  -0.206559  -0.047928  0.977260  -0.023123  0.029176  0.023048  -0.993057  -1.850795  -0.145631  1.000000  
155.275729 0.024160  -0.014311  -0.018426  0.692661  0.698137  0.181178  -0.690384  0.714462  -0.113645  -0.208784  -0.046365  0.976862  -0.022797  0.029090  0.022806  -1.014912  -1.850528  -0.136489  1.000000  
155.276981 0.024133  -0.014276  -0.018401  0.692485  0.698229  0.181497  -0.689924  0.714479  -0.116297  -0.210877  -0.044685  0.976491  -0.022504  0.028831  0.022609  -1.035584  -1.848256  -0.133692  1.000000  
155.278229 0.024106  -0.014242  -0.018375  0.692144  0.698444  0.181969  -0.689584  0.714364  -0.118991  -0.213100  -0.043124  0.976078  -0.022304  0.028562  0.022614  -1.053112  -1.844322  -0.124158  1.000000  
155.279233 0.024084  -0.014216  -0.018352  0.691880  0.698613  0.182324  -0.689321  0.714271  -0.121055  -0.214799  -0.041924  0.975758  -0.022145  0.028335  0.022622  -1.066073  -1.843277  -0.115543  1.000000  
155.280475 0.024057  -0.014183  -0.018326  0.691553  0.698838  0.182702  -0.688995  0.714140  -0.123655  -0.216890  -0.040366  0.975361  -0.021968  0.028158  0.022311  -1.078272  -1.834671  -0.112464  1.000000  
155.281478 0.024034  -0.014158  -0.018306  0.691264  0.699007  0.183148  -0.688707  0.714041  -0.125811  -0.218718  -0.039167  0.975002  -0.021906  0.027969  0.021912  -1.087489  -1.834881  -0.103715  1.000000  
155.282725 0.024008  -0.014125  -0.018283  0.690930  0.699261  0.183439  -0.688375  0.713883  -0.128496  -0.220806  -0.037493  0.974597  -0.021700  0.027754  0.021100  -1.109256  -1.822394  -0.093713  1.000000  
155.283976 0.023980  -0.014091  -0.018263  0.690573  0.699491  0.183906  -0.688019  0.713737  -0.131186  -0.223024  -0.035937  0.974150  -0.021620  0.027573  0.020307  -1.125370  -1.813483  -0.090799  1.000000  
155.284976 0.023959  -0.014065  -0.018247  0.690318  0.699719  0.183996  -0.687765  0.713585  -0.133328  -0.224589  -0.034507  0.973842  -0.021786  0.027616  0.019702  -1.141535  -1.804648  -0.088132  1.000000  
155.286225 0.023932  -0.014032  -0.018227  0.689955  0.699977  0.184376  -0.687403  0.713410  -0.136103  -0.226805  -0.032836  0.973387  -0.021641  0.027196  0.019013  -1.161671  -1.800166  -0.085383  1.000000  
155.287228 0.023910  -0.014004  -0.018210  0.689794  0.700034  0.184762  -0.686959  0.713413  -0.138304  -0.228629  -0.031523  0.973003  -0.021672  0.027049  0.018700  -1.173951  -1.796020  -0.083098  1.000000  
155.288475 0.023882  -0.013970  -0.018187  0.689380  0.700293  0.185325  -0.686547  0.713231  -0.141260  -0.231103  -0.029853  0.972471  -0.021710  0.026955  0.018701  -1.190297  -1.805294  -0.080931  1.000000  
155.289475 0.023861  -0.013944  -0.018166  0.689094  0.700504  0.185589  -0.686262  0.713077  -0.143405  -0.232795  -0.028543  0.972107  -0.021758  0.026855  0.018936  -1.196855  -1.804888  -0.085445  1.000000  
155.290477 0.023838  -0.013917  -0.018145  0.688806  0.700740  0.185767  -0.685976  0.712901  -0.145635  -0.234486  -0.027117  0.971741  -0.021837  0.026729  0.019051  -1.212929  -1.800386  -0.083044  1.000000  
155.291478 0.023816  -0.013890  -0.018123  0.688494  0.700976  0.186036  -0.685665  0.712722  -0.147957  -0.236307  -0.025691  0.971339  -0.021858  0.026628  0.019237  -1.232958  -1.804669  -0.081157  1.000000  
155.292479 0.023794  -0.013864  -0.018101  0.688201  0.701193  0.186298  -0.685373  0.712554  -0.150100  -0.237996  -0.024384  0.970960  -0.021929  0.026564  0.019232  -1.245042  -1.800242  -0.078880  1.000000  
155.293730 0.023765  -0.013831  -0.018078  0.687839  0.701474  0.186579  -0.685012  0.712332  -0.152776  -0.240075  -0.022724  0.970488  -0.022095  0.026605  0.019036  -1.258383  -1.788641  -0.082206  1.000000  
155.294978 0.023736  -0.013797  -0.018056  0.687519  0.701785  0.186590  -0.684694  0.712081  -0.155355  -0.241893  -0.020948  0.970077  -0.022096  0.026597  0.018655  -1.272125  -1.769372  -0.078753  1.000000  
155.295979 0.023714  -0.013770  -0.018041  0.687220  0.702009  0.186849  -0.684396  0.711897  -0.157495  -0.243580  -0.019645  0.969682  -0.022114  0.026681  0.018328  -1.290180  -1.767595  -0.076755  1.000000  
155.297224 0.023686  -0.013738  -0.018023  0.686872  0.702322  0.186950  -0.684050  0.711635  -0.160163  -0.245526  -0.017872  0.969225  -0.022134  0.026690  0.017974  -1.304266  -1.755962  -0.073507  1.000000  
155.298229 0.023664  -0.013711  -0.018007  0.686451  0.702721  0.186997  -0.683912  0.711275  -0.162335  -0.247083  -0.016454  0.968855  -0.022172  0.026735  0.017855  -1.320705  -1.748423  -0.064076  1.000000  
155.299477 0.023637  -0.013676  -0.017987  0.686027  0.703058  0.187285  -0.683490  0.710983  -0.165362  -0.249416  -0.014565  0.968287  -0.022183  0.026814  0.017892  -1.332543  -1.751726  -0.068126  1.000000  
155.300728 0.023609  -0.013643  -0.017965  0.685624  0.703377  0.187566  -0.683088  0.710702  -0.168209  -0.251618  -0.012796  0.967742  -0.022275  0.026770  0.018005  -1.344637  -1.756272  -0.065402  1.000000  
155.301976 0.023581  -0.013609  -0.017941  0.685076  0.703846  0.187809  -0.682823  0.710267  -0.171094  -0.253818  -0.011028  0.967189  -0.022355  0.026776  0.018151  -1.358307  -1.756580  -0.055843  1.000000  
155.303226 0.023553  -0.013575  -0.017916  0.684689  0.704195  0.187909  -0.682438  0.709948  -0.173933  -0.255888  -0.009146  0.966663  -0.022314  0.026807  0.018355  -1.374398  -1.761034  -0.052991  1.000000  
155.304230 0.023530  -0.013548  -0.017897  0.684208  0.704604  0.188130  -0.682239  0.709559  -0.176283  -0.257699  -0.007735  0.966194  -0.022401  0.026825  0.018265  -1.380370  -1.768350  -0.043680  1.000000  
155.305476 0.023502  -0.013514  -0.017874  0.683792  0.704958  0.188318  -0.681824  0.709225  -0.179211  -0.259896  -0.005856  0.965619  -0.022440  0.026923  0.018064  -1.388358  -1.766124  -0.040786  1.000000  
155.306477 0.023479  -0.013485  -0.017857  0.683305  0.705371  0.188535  -0.681619  0.708824  -0.181559  -0.261704  -0.004449  0.965138  -0.022519  0.027001  0.017724  -1.397841  -1.770513  -0.031872  1.000000  
155.307726 0.023450  -0.013451  -0.017836  0.682767  0.705878  0.188590  -0.681363  0.708329  -0.184432  -0.263770  -0.002574  0.964582  -0.022532  0.027145  0.017383  -1.409250  -1.770922  -0.015329  1.000000  
155.308732 0.023427  -0.013422  -0.017819  0.682441  0.706150  0.188749  -0.681037  0.708061  -0.186647  -0.265447  -0.001169  0.964125  -0.022549  0.027313  0.017286  -1.418227  -1.773777  -0.012474  1.000000  
155.309733 0.023403  -0.013393  -0.017802  0.681973  0.706570  0.188869  -0.680851  0.707643  -0.188901  -0.267124  0.000234  0.963662  -0.022588  0.027409  0.017232  -1.426609  -1.767572  -0.003301  1.000000  
155.311048 0.023374  -0.013357  -0.017779  0.681427  0.707084  0.188918  -0.680585  0.707126  -0.191770  -0.269186  0.002103  0.963086  -0.022590  0.027455  0.017484  -1.437511  -1.759431  0.006571  1.000000  
155.312228 0.023345  -0.013321  -0.017753  0.680992  0.707479  0.189009  -0.680151  0.706723  -0.194775  -0.271376  0.004086  0.962465  -0.022821  0.027773  0.018014  -1.457158  -1.767901  0.009694  1.000000  
155.313478 0.023314  -0.013286  -0.017727  0.680413  0.707999  0.189143  -0.679853  0.706188  -0.197732  -0.273565  0.005950  0.961835  -0.022986  0.027872  0.018524  -1.467089  -1.772453  0.019521  1.000000  
155.314479 0.023289  -0.013257  -0.017704  0.679962  0.708450  0.189077  -0.679682  0.705721  -0.199976  -0.275109  0.007463  0.961384  -0.023147  0.028031  0.018883  -1.477129  -1.768116  0.028846  1.000000  
155.315728 0.023258  -0.013222  -0.017678  0.679378  0.709022  0.189034  -0.679378  0.705122  -0.203100  -0.277295  0.009556  0.960737  -0.023394  0.028065  0.019139  -1.495273  -1.768111  0.038943  1.000000  
155.316728 0.023233  -0.013194  -0.017658  0.678922  0.709477  0.188964  -0.679202  0.704642  -0.205341  -0.278837  0.011066  0.960275  -0.023602  0.028150  0.019226  -1.507164  -1.763847  0.054931  1.000000  
155.317978 0.023200  -0.013159  -0.017636  0.678332  0.710031  0.189001  -0.678891  0.704050  -0.208377  -0.281021  0.013037  0.959613  -0.023930  0.028210  0.019006  -1.521160  -1.754594  0.064962  1.000000  
155.319226 0.023166  -0.013125  -0.017616  0.677653  0.710707  0.188897  -0.678770  0.703330  -0.211183  -0.282946  0.014891  0.959020  -0.024269  0.028215  0.018747  -1.533165  -1.745696  0.081549  1.000000  
155.320230 0.023139  -0.013097  -0.017600  0.677164  0.711192  0.188824  -0.678560  0.702804  -0.213596  -0.284614  0.016511  0.958500  -0.024551  0.028227  0.018589  -1.543158  -1.745467  0.090935  1.000000  
155.321476 0.023105  -0.013062  -0.017579  0.676647  0.711726  0.188667  -0.678321  0.702217  -0.216269  -0.286409  0.018361  0.957931  -0.024927  0.028213  0.018538  -1.548721  -1.731101  0.099708  1.000000  
155.322477 0.023077  -0.013035  -0.017560  0.676182  0.712190  0.188585  -0.678133  0.701706  -0.218503  -0.287947  0.019862  0.957440  -0.025257  0.028198  0.018706  -1.558811  -1.726532  0.108814  1.000000  
155.323728 0.023041  -0.013001  -0.017535  0.675466  0.712921  0.188385  -0.677973  0.700901  -0.221563  -0.289997  0.021938  0.956776  -0.025702  0.028067  0.018909  -1.578819  -1.726279  0.125332  1.000000  
155.324729 0.023013  -0.012974  -0.017513  0.674997  0.713388  0.188299  -0.677782  0.700377  -0.223795  -0.291533  0.023435  0.956274  -0.026034  0.027938  0.019289  -1.585877  -1.731422  0.135927  1.000000  
155.325730 0.022983  -0.012948  -0.017491  0.674526  0.713880  0.188124  -0.677588  0.699820  -0.226110  -0.293068  0.025047  0.955763  -0.026440  0.027752  0.019494  -1.599144  -1.725933  0.143687  1.000000  
155.326980 0.022947  -0.012913  -0.017463  0.673970  0.714425  0.188044  -0.677309  0.699195  -0.228866  -0.294987  0.026885  0.955123  -0.026946  0.027734  0.019776  -1.606146  -1.726102  0.154949  1.000000  
155.328229 0.022910  -0.012879  -0.017434  0.673301  0.715115  0.187823  -0.677193  0.698417  -0.231567  -0.296776  0.028722  0.954515  -0.027411  0.027541  0.019804  -1.611405  -1.720721  0.163193  1.000000  
155.329230 0.022880  -0.012852  -0.017413  0.672824  0.715611  0.187640  -0.676993  0.697841  -0.233878  -0.298309  0.030328  0.953987  -0.027751  0.027414  0.019723  -1.618806  -1.707623  0.174042  1.000000  
155.330479 0.022842  -0.012819  -0.017387  0.672290  0.716182  0.187375  -0.676734  0.697167  -0.236622  -0.300096  0.032276  0.953363  -0.028216  0.027277  0.019703  -1.629319  -1.693844  0.183787  1.000000  
155.331728 0.022805  -0.012786  -0.017364  0.671586  0.716902  0.187147  -0.676582  0.696333  -0.239493  -0.302010  0.034220  0.952690  -0.028533  0.027216  0.019599  -1.639727  -1.684383  0.193506  1.000000  
155.332729 0.022773  -0.012760  -0.017344  0.671161  0.717373  0.186864  -0.676432  0.695773  -0.241534  -0.303285  0.035707  0.952231  -0.028960  0.027020  0.019807  -1.641882  -1.670443  0.202536  1.000000  
155.333976 0.022735  -0.012728  -0.017319  0.670621  0.717972  0.186503  -0.676166  0.695046  -0.244357  -0.305070  0.037763  0.951581  -0.029271  0.026931  0.020104  -1.654932  -1.656274  0.210378  1.000000  
155.334977 0.022703  -0.012703  -0.017298  0.670025  0.718615  0.186168  -0.676122  0.694293  -0.246607  -0.306471  0.039361  0.951066  -0.029574  0.026747  0.020388  -1.661176  -1.646858  0.219427  1.000000  
155.336227 0.022663  -0.012671  -0.017271  0.669510  0.719213  0.185711  -0.675881  0.693554  -0.249335  -0.308126  0.041414  0.950444  -0.029922  0.026514  0.020865  -1.673772  -1.628657  0.222275  1.000000  
155.337231 0.022632  -0.012646  -0.017248  0.669080  0.719711  0.185333  -0.675725  0.692941  -0.251454  -0.309399  0.043009  0.949959  -0.030183  0.026310  0.021121  -1.685690  -1.609934  0.232838  1.000000  
155.338476 0.022592  -0.012616  -0.017220  0.668532  0.720293  0.185047  -0.675449  0.692213  -0.254184  -0.311179  0.044940  0.949288  -0.030434  0.026101  0.021387  -1.689202  -1.601543  0.233941  1.000000  
155.339482 0.022560  -0.012593  -0.017198  0.667902  0.720944  0.184790  -0.675369  0.691430  -0.256519  -0.312705  0.046528  0.948710  -0.030667  0.025862  0.021348  -1.703667  -1.596581  0.242733  1.000000  
155.340728 0.022521  -0.012562  -0.017174  0.667379  0.721525  0.184410  -0.675118  0.690691  -0.259155  -0.314357  0.048456  0.948067  -0.030803  0.025683  0.021149  -1.705529  -1.582023  0.252037  1.000000  
155.341731 0.022490  -0.012539  -0.017156  0.666776  0.722150  0.184145  -0.675063  0.689932  -0.261311  -0.315753  0.049927  0.947527  -0.030924  0.025386  0.020780  -1.707666  -1.572325  0.260705  1.000000  
