1-Time 2-Px 3-Py 4-Pz 5-R11 6-R21 7-R31 8-R12 9-R22 10-R32 11-R13 12-R23 13-R33 14-Vx 15-Vy 16-Vz 17-Wx 18-Wy 19-Wz 20-state
61.272778 0.029163  -0.015247  0.000995  0.663074  0.743675  0.085321  -0.744908  0.666780  -0.022724  -0.073790  -0.048488  0.996094  -0.000210  -0.000557  -0.001044  0.000000  0.000000  0.000000  1.000000  
61.273995 0.029162  -0.015247  0.000994  0.663081  0.743669  0.085323  -0.744915  0.666778  -0.022544  -0.073656  -0.048610  0.996098  -0.000516  -0.000543  -0.001285  0.000000  0.000000  0.000000  1.000000  
61.275002 0.029153  -0.015248  0.000992  0.663234  0.743532  0.085327  -0.744779  0.666931  -0.022526  -0.073656  -0.048610  0.996098  -0.004947  -0.000822  -0.001511  0.000000  0.000000  0.000000  1.000000  
61.276246 0.029137  -0.015248  0.000990  0.663234  0.743521  0.085417  -0.744779  0.666934  -0.022445  -0.073656  -0.048731  0.996092  -0.007832  -0.000574  -0.001610  0.000000  0.000000  0.000000  1.000000  
61.277246 0.029128  -0.015248  0.000987  0.663234  0.743511  0.085508  -0.744779  0.666937  -0.022364  -0.073656  -0.048851  0.996086  -0.008231  -0.000420  -0.001940  0.000000  0.000000  0.000000  1.000000  
61.278249 0.029120  -0.015247  0.000988  0.663241  0.743515  0.085419  -0.744786  0.666932  -0.022265  -0.073523  -0.048852  0.996096  -0.008053  -0.000144  -0.001416  0.000000  0.000000  0.000000  1.000000  
61.279249 0.029111  -0.015245  0.000988  0.663241  0.743505  0.085509  -0.744786  0.666935  -0.022184  -0.073523  -0.048973  0.996090  -0.008222  0.000325  -0.001196  0.000000  0.000000  0.000000  1.000000  
61.280496 0.029093  -0.015240  0.000986  0.663241  0.743495  0.085599  -0.744786  0.666937  -0.022103  -0.073523  -0.049093  0.996084  -0.009266  0.000854  -0.001179  0.000000  0.000000  0.000000  1.000000  
61.281746 0.029072  -0.015234  0.000984  0.663247  0.743489  0.085601  -0.744793  0.666935  -0.021923  -0.073389  -0.049215  0.996088  -0.010407  0.001388  -0.001265  0.000000  0.000000  0.000000  1.000000  
61.282747 0.029056  -0.015229  0.000981  0.663247  0.743478  0.085691  -0.744793  0.666938  -0.021842  -0.073389  -0.049336  0.996082  -0.010967  0.001788  -0.001404  0.000000  0.000000  0.000000  1.000000  
61.283748 0.029042  -0.015223  0.000981  0.663254  0.743472  0.085693  -0.744801  0.666936  -0.021661  -0.073256  -0.049457  0.996086  -0.011264  0.002152  -0.001280  0.000000  0.000000  0.000000  1.000000  
61.284996 0.029025  -0.015216  0.000981  0.663260  0.743466  0.085694  -0.744808  0.666933  -0.021481  -0.073123  -0.049578  0.996090  -0.011442  0.002569  -0.001153  0.000000  0.000000  0.000000  1.000000  
61.286008 0.029010  -0.015209  0.000980  0.663267  0.743460  0.085696  -0.744815  0.666931  -0.021300  -0.072989  -0.049700  0.996094  -0.011727  0.002892  -0.001134  0.000000  0.000000  0.000000  1.000000  
61.287250 0.028987  -0.015201  0.000980  0.663273  0.743454  0.085697  -0.744822  0.666928  -0.021120  -0.072856  -0.049821  0.996097  -0.012344  0.003168  -0.001073  0.000000  0.000000  0.000000  1.000000  
61.288252 0.028965  -0.015195  0.000978  0.663280  0.743459  0.085609  -0.744830  0.666923  -0.021021  -0.072722  -0.049821  0.996107  -0.013414  0.003480  -0.001073  0.000000  0.000000  0.000000  1.000000  
61.289499 0.028936  -0.015189  0.000977  0.663433  0.743321  0.085613  -0.744693  0.667076  -0.021003  -0.072722  -0.049821  0.996107  -0.014831  0.003870  -0.001035  0.000000  0.000000  0.000000  1.000000  
61.290746 0.028909  -0.015182  0.000975  0.663440  0.743326  0.085524  -0.744700  0.667071  -0.020903  -0.072589  -0.049822  0.996117  -0.015639  0.004392  -0.001039  0.000000  0.000000  0.000000  1.000000  
61.291747 0.028889  -0.015176  0.000972  0.663593  0.743189  0.085529  -0.744564  0.667225  -0.020886  -0.072589  -0.049822  0.996117  -0.016359  0.004916  -0.001058  0.000000  0.000000  0.000000  1.000000  
61.292996 0.028862  -0.015165  0.000968  0.663746  0.743051  0.085533  -0.744427  0.667377  -0.020868  -0.072589  -0.049822  0.996117  -0.017518  0.005564  -0.001321  0.000000  0.000000  0.000000  1.000000  
61.294246 0.028835  -0.015153  0.000965  0.663899  0.742914  0.085537  -0.744290  0.667530  -0.020851  -0.072589  -0.049822  0.996117  -0.018442  0.006118  -0.001474  0.000000  0.000000  0.000000  1.000000  
61.295496 0.028807  -0.015142  0.000962  0.664206  0.742628  0.085636  -0.744017  0.667839  -0.020734  -0.072589  -0.049943  0.996111  -0.019128  0.006595  -0.001614  0.000000  0.000000  0.000000  1.000000  
61.296503 0.028785  -0.015132  0.000961  0.664359  0.742481  0.085730  -0.743880  0.667994  -0.020636  -0.072589  -0.050063  0.996105  -0.019394  0.006930  -0.001586  0.000000  0.000000  0.000000  1.000000  
61.297746 0.028762  -0.015119  0.000959  0.664818  0.742057  0.085833  -0.743470  0.668455  -0.020502  -0.072589  -0.050184  0.996099  -0.019588  0.007321  -0.001506  0.000000  0.000000  0.000000  1.000000  
61.298996 0.028739  -0.015105  0.000959  0.665124  0.741772  0.085931  -0.743196  0.668763  -0.020385  -0.072589  -0.050305  0.996092  -0.020128  0.007789  -0.001532  0.000000  0.000000  0.000000  1.000000  
61.299999 0.028720  -0.015093  0.000959  0.665430  0.741496  0.085940  -0.742922  0.669068  -0.020350  -0.072589  -0.050305  0.996092  -0.020498  0.008220  -0.001505  0.000000  0.000000  0.000000  1.000000  
61.301246 0.028692  -0.015080  0.000957  0.665736  0.741210  0.086038  -0.742648  0.669376  -0.020233  -0.072589  -0.050426  0.996086  -0.020888  0.008531  -0.001595  0.000000  0.000000  0.000000  1.000000  
61.302250 0.028668  -0.015070  0.000955  0.666188  0.740792  0.086139  -0.742230  0.669839  -0.020279  -0.072722  -0.050425  0.996077  -0.021251  0.008755  -0.001653  0.000000  0.000000  0.000000  1.000000  
61.303499 0.028638  -0.015058  0.000952  0.666647  0.740378  0.086152  -0.741818  0.670296  -0.020226  -0.072722  -0.050425  0.996077  -0.021371  0.009157  -0.001764  0.000000  0.000000  0.000000  1.000000  
61.304501 0.028616  -0.015047  0.000948  0.666952  0.740102  0.086160  -0.741543  0.670601  -0.020191  -0.072722  -0.050425  0.996077  -0.021307  0.009586  -0.002020  0.072703  0.039337  -0.162504  1.000000  
61.305749 0.028587  -0.015032  0.000943  0.667403  0.739684  0.086262  -0.741124  0.671063  -0.020236  -0.072856  -0.050425  0.996067  -0.021459  0.010083  -0.002106  0.070764  0.036212  -0.184756  1.000000  
61.306997 0.028555  -0.015017  0.000938  0.667708  0.739418  0.086181  -0.740849  0.671365  -0.020282  -0.072856  -0.050304  0.996073  -0.021857  0.010477  -0.002164  0.063626  0.036900  -0.198549  1.000000  
61.307999 0.028530  -0.015005  0.000934  0.668007  0.739137  0.086278  -0.740567  0.671674  -0.020346  -0.072989  -0.050304  0.996063  -0.022169  0.010714  -0.002251  0.064642  0.028603  -0.212787  1.000000  
61.309249 0.028498  -0.014989  0.000930  0.668464  0.738722  0.086291  -0.740154  0.672131  -0.020292  -0.072989  -0.050304  0.996063  -0.022397  0.011033  -0.002347  0.061569  0.029400  -0.231521  1.000000  
61.310496 0.028468  -0.014970  0.000926  0.668921  0.738306  0.086303  -0.739741  0.672587  -0.020239  -0.072989  -0.050304  0.996063  -0.022543  0.011408  -0.002384  0.059032  0.030436  -0.252022  1.000000  
61.311508 0.028443  -0.014956  0.000924  0.669226  0.738019  0.086401  -0.739466  0.672893  -0.020122  -0.072989  -0.050424  0.996057  -0.022867  0.011763  -0.002451  0.060500  0.026910  -0.268040  1.000000  
61.312750 0.028411  -0.014937  0.000920  0.669530  0.737731  0.086499  -0.739190  0.673200  -0.020005  -0.072989  -0.050545  0.996051  -0.023471  0.012144  -0.002597  0.061524  0.027638  -0.281868  1.000000  
61.313751 0.028384  -0.014923  0.000917  0.669682  0.737582  0.086592  -0.739052  0.673354  -0.019905  -0.072989  -0.050666  0.996045  -0.024076  0.012322  -0.002828  0.062012  0.023529  -0.288987  1.000000  
61.315002 0.028349  -0.014906  0.000913  0.670138  0.737156  0.086694  -0.738639  0.673812  -0.019770  -0.072989  -0.050787  0.996039  -0.024777  0.012457  -0.003116  0.059433  0.015648  -0.310225  1.000000  
61.316249 0.028312  -0.014890  0.000907  0.670449  0.736883  0.086613  -0.738370  0.674110  -0.019636  -0.072856  -0.050787  0.996049  -0.025361  0.012678  -0.003434  0.059890  0.016206  -0.321281  1.000000  
61.317499 0.028273  -0.014873  0.000901  0.670601  0.736733  0.086706  -0.738232  0.674264  -0.019536  -0.072856  -0.050908  0.996042  -0.025962  0.012994  -0.003578  0.060879  0.012239  -0.331123  1.000000  
61.318770 0.028232  -0.014854  0.000894  0.670753  0.736584  0.086799  -0.738094  0.674418  -0.019436  -0.072856  -0.051029  0.996036  -0.026736  0.013420  -0.003750  0.064901  0.012248  -0.330835  1.000000  
61.320007 0.028193  -0.014837  0.000888  0.671057  0.736306  0.086807  -0.737818  0.674721  -0.019401  -0.072856  -0.051029  0.996036  -0.027570  0.013609  -0.003841  0.065934  0.012951  -0.344751  1.000000  
61.321250 0.028155  -0.014818  0.000882  0.671209  0.736167  0.086811  -0.737679  0.674873  -0.019383  -0.072856  -0.051029  0.996036  -0.028044  0.013868  -0.003928  0.065925  0.008463  -0.345054  1.000000  
61.322500 0.028115  -0.014798  0.000876  0.671512  0.735879  0.086909  -0.737403  0.675178  -0.019265  -0.072856  -0.051150  0.996030  -0.028550  0.014227  -0.004044  0.071009  0.009183  -0.358841  1.000000  
61.323748 0.028078  -0.014776  0.000870  0.671664  0.735740  0.086913  -0.737265  0.675330  -0.019247  -0.072856  -0.051150  0.996030  -0.028949  0.014623  -0.004102  0.070509  0.008834  -0.351968  1.000000  
61.324754 0.028048  -0.014758  0.000864  0.671816  0.735590  0.087006  -0.737126  0.675484  -0.019147  -0.072856  -0.051271  0.996024  -0.029264  0.014870  -0.004301  0.070554  0.008882  -0.352192  1.000000  
61.325997 0.028013  -0.014738  0.000856  0.671974  0.735456  0.086920  -0.736995  0.675630  -0.019031  -0.072722  -0.051271  0.996034  -0.029587  0.015040  -0.004647  0.069419  0.012913  -0.342069  1.000000  
61.327246 0.027978  -0.014718  0.000847  0.672278  0.735167  0.087017  -0.736718  0.675935  -0.018913  -0.072722  -0.051392  0.996027  -0.029769  0.015108  -0.004994  0.069406  0.012952  -0.342004  1.000000  
61.328246 0.027949  -0.014702  0.000840  0.672429  0.735017  0.087110  -0.736580  0.676089  -0.018813  -0.072722  -0.051513  0.996021  -0.029878  0.015216  -0.005274  0.069406  0.012993  -0.342002  1.000000  
61.329247 0.027920  -0.014686  0.000832  0.672588  0.734872  0.087113  -0.736449  0.676237  -0.018615  -0.072589  -0.051634  0.996024  -0.029993  0.015334  -0.005497  0.068960  0.016930  -0.330852  1.000000  
61.330496 0.027884  -0.014666  0.000822  0.672891  0.734583  0.087210  -0.736172  0.676542  -0.018497  -0.072589  -0.051755  0.996018  -0.030082  0.015558  -0.005945  0.068391  0.016830  -0.328120  1.000000  
61.331497 0.027854  -0.014651  0.000814  0.673194  0.734294  0.087307  -0.735895  0.676847  -0.018379  -0.072589  -0.051876  0.996012  -0.029972  0.015729  -0.006167  0.072435  0.016850  -0.328120  1.000000  
61.332746 0.027818  -0.014632  0.000804  0.673648  0.733865  0.087407  -0.735479  0.677302  -0.018243  -0.072589  -0.051997  0.996006  -0.029713  0.015871  -0.006351  0.076509  0.021327  -0.327924  1.000000  
61.333996 0.027783  -0.014612  0.000795  0.673944  0.733582  0.087504  -0.735194  0.677609  -0.018305  -0.072722  -0.051996  0.995996  -0.029436  0.015954  -0.006584  0.076044  0.016523  -0.321369  1.000000  
61.335250 0.027748  -0.014590  0.000785  0.674550  0.733013  0.087608  -0.734639  0.678215  -0.018151  -0.072722  -0.052117  0.995990  -0.029181  0.016188  -0.006801  0.080565  0.016890  -0.328111  1.000000  
61.336252 0.027720  -0.014571  0.000776  0.674852  0.732723  0.087705  -0.734361  0.678519  -0.018033  -0.072722  -0.052238  0.995983  -0.028921  0.016422  -0.007110  0.089394  0.021517  -0.330542  1.000000  
61.337504 0.027686  -0.014548  0.000765  0.675456  0.732164  0.087720  -0.733805  0.679123  -0.017960  -0.072722  -0.052238  0.995983  -0.028616  0.016612  -0.007419  0.089923  0.026363  -0.337212  1.000000  
61.338750 0.027653  -0.014525  0.000754  0.676054  0.731589  0.087913  -0.733242  0.679733  -0.017904  -0.072856  -0.052358  0.995967  -0.028269  0.016752  -0.007789  0.094534  0.022250  -0.344357  1.000000  
61.339998 0.027621  -0.014502  0.000742  0.676658  0.731018  0.088017  -0.732685  0.680337  -0.017749  -0.072856  -0.052479  0.995961  -0.028008  0.016844  -0.008043  0.099118  0.022627  -0.351257  1.000000  
61.341002 0.027595  -0.014484  0.000733  0.677110  0.730598  0.088028  -0.732267  0.680788  -0.017694  -0.072856  -0.052479  0.995961  -0.027866  0.016918  -0.008237  0.096051  0.023360  -0.365043  1.000000  
61.342247 0.027561  -0.014461  0.000723  0.677713  0.730026  0.088131  -0.731709  0.681392  -0.017539  -0.072856  -0.052600  0.995954  -0.027802  0.017132  -0.008351  0.100318  0.023900  -0.375758  1.000000  
61.343496 0.027526  -0.014438  0.000711  0.678466  0.729314  0.088237  -0.731011  0.682145  -0.017366  -0.072856  -0.052720  0.995948  -0.027734  0.017343  -0.008464  0.101824  0.025010  -0.396283  1.000000  
61.344746 0.027490  -0.014416  0.000702  0.679218  0.728601  0.088343  -0.730312  0.682897  -0.017192  -0.072856  -0.052841  0.995942  -0.027701  0.017477  -0.008436  0.103313  0.026121  -0.416738  1.000000  
61.345996 0.027452  -0.014394  0.000693  0.680119  0.727746  0.088453  -0.729472  0.683799  -0.017000  -0.072856  -0.052962  0.995935  -0.027762  0.017610  -0.008350  0.105301  0.023145  -0.444379  1.000000  
61.346997 0.027423  -0.014376  0.000684  0.680720  0.727182  0.088467  -0.728912  0.684398  -0.016927  -0.072856  -0.052962  0.995935  -0.027768  0.017823  -0.008376  0.102742  0.024238  -0.464819  1.000000  
61.348000 0.027392  -0.014357  0.000676  0.681320  0.726619  0.088481  -0.728351  0.684997  -0.016854  -0.072856  -0.052962  0.995935  -0.027924  0.018100  -0.008454  0.104588  0.025154  -0.482392  1.000000  
61.349246 0.027353  -0.014331  0.000665  0.682219  0.725761  0.088590  -0.727509  0.685896  -0.016662  -0.072856  -0.053083  0.995929  -0.028205  0.018395  -0.008542  0.106259  0.026799  -0.512745  1.000000  
61.350246 0.027321  -0.014311  0.000655  0.682818  0.725185  0.088691  -0.726947  0.686495  -0.016506  -0.072856  -0.053204  0.995922  -0.028459  0.018576  -0.008683  0.111787  0.027899  -0.533175  1.000000  
61.351247 0.027289  -0.014290  0.000645  0.683566  0.724478  0.088708  -0.726244  0.687241  -0.016414  -0.072856  -0.053204  0.995922  -0.028759  0.018737  -0.008683  0.113787  0.029330  -0.560520  1.000000  
61.352251 0.027256  -0.014270  0.000637  0.684313  0.723760  0.088813  -0.725540  0.687989  -0.016239  -0.072856  -0.053324  0.995916  -0.029162  0.018837  -0.008712  0.116236  0.030725  -0.585805  1.000000  
61.353499 0.027216  -0.014243  0.000627  0.685209  0.722899  0.088921  -0.724694  0.688884  -0.016046  -0.072856  -0.053445  0.995909  -0.029571  0.019067  -0.008651  0.121818  0.032300  -0.615135  1.000000  
61.354501 0.027182  -0.014222  0.000619  0.685961  0.722183  0.088933  -0.723995  0.689625  -0.015774  -0.072722  -0.053567  0.995913  -0.030173  0.019288  -0.008538  0.124821  0.038591  -0.647669  1.000000  
61.355749 0.027139  -0.014195  0.000610  0.686855  0.721320  0.089040  -0.723147  0.690518  -0.015581  -0.072722  -0.053687  0.995906  -0.030901  0.019589  -0.008370  0.131350  0.035949  -0.682262  1.000000  
61.356997 0.027095  -0.014169  0.000602  0.687747  0.720456  0.089146  -0.722298  0.691410  -0.015387  -0.072722  -0.053808  0.995900  -0.031588  0.019786  -0.008170  0.133371  0.037490  -0.709868  1.000000  
61.358247 0.027049  -0.014143  0.000595  0.688646  0.719595  0.089161  -0.721455  0.692296  -0.015096  -0.072589  -0.053929  0.995903  -0.032309  0.020017  -0.007857  0.135781  0.039399  -0.744293  1.000000  
61.359497 0.027003  -0.014117  0.000589  0.689536  0.718729  0.089266  -0.720604  0.693186  -0.014902  -0.072589  -0.054050  0.995896  -0.032998  0.020285  -0.007630  0.136663  0.040617  -0.765545  1.000000  
61.360746 0.026955  -0.014089  0.000582  0.690581  0.717723  0.089283  -0.719617  0.694218  -0.014593  -0.072455  -0.054172  0.995899  -0.033678  0.020683  -0.007516  0.140268  0.047376  -0.806197  1.000000  
61.361996 0.026908  -0.014060  0.000574  0.691469  0.716854  0.089387  -0.718763  0.695106  -0.014398  -0.072455  -0.054292  0.995893  -0.034296  0.021027  -0.007365  0.141089  0.048535  -0.826807  1.000000  
61.363249 0.026861  -0.014031  0.000565  0.692363  0.715989  0.089400  -0.717916  0.695987  -0.014108  -0.072322  -0.054414  0.995896  -0.034907  0.021422  -0.007201  0.143765  0.059125  -0.853859  1.000000  
61.364496 0.026813  -0.014002  0.000557  0.693397  0.714975  0.089507  -0.716917  0.697020  -0.013894  -0.072322  -0.054534  0.995889  -0.035496  0.021725  -0.006976  0.144566  0.060202  -0.874123  1.000000  
61.365497 0.026774  -0.013977  0.000551  0.694135  0.714246  0.089607  -0.716203  0.697757  -0.013717  -0.072322  -0.054655  0.995883  -0.035892  0.021934  -0.006804  0.150890  0.061512  -0.895424  1.000000  
61.366746 0.026726  -0.013946  0.000545  0.695166  0.713218  0.089800  -0.715202  0.698789  -0.013419  -0.072322  -0.054897  0.995869  -0.036438  0.022274  -0.006440  0.155647  0.062623  -0.915174  1.000000  
61.367748 0.026688  -0.013921  0.000539  0.696049  0.712344  0.089903  -0.714343  0.699671  -0.013223  -0.072322  -0.055018  0.995863  -0.036805  0.022568  -0.006189  0.161235  0.068232  -0.935365  1.000000  
61.368749 0.026650  -0.013896  0.000536  0.696791  0.711606  0.089996  -0.713633  0.700402  -0.012865  -0.072188  -0.055260  0.995859  -0.037253  0.022788  -0.005892  0.166209  0.073593  -0.948779  1.000000  
61.369750 0.026611  -0.013872  0.000530  0.697672  0.710730  0.090098  -0.712771  0.701282  -0.012669  -0.072188  -0.055381  0.995852  -0.037589  0.022985  -0.005777  0.168598  0.075069  -0.970462  1.000000  
61.371003 0.026559  -0.013843  0.000525  0.698698  0.709696  0.090288  -0.711765  0.702308  -0.012369  -0.072188  -0.055622  0.995839  -0.038059  0.023177  -0.005607  0.174144  0.076353  -0.990919  1.000000  
61.372252 0.026509  -0.013813  0.000519  0.699730  0.708667  0.090385  -0.710765  0.703328  -0.011973  -0.072055  -0.055864  0.995835  -0.038492  0.023408  -0.005462  0.183735  0.082089  -1.011350  1.000000  
61.373497 0.026458  -0.013783  0.000513  0.700900  0.707486  0.090576  -0.709611  0.704497  -0.011653  -0.072055  -0.056106  0.995821  -0.038871  0.023713  -0.005378  0.189340  0.083414  -1.032146  1.000000  
61.374498 0.026418  -0.013758  0.000508  0.701776  0.706593  0.090762  -0.708745  0.705373  -0.011370  -0.072055  -0.056347  0.995808  -0.039001  0.023919  -0.005346  0.194430  0.084362  -1.045969  1.000000  
61.375746 0.026367  -0.013727  0.000502  0.702796  0.705554  0.090949  -0.707733  0.706394  -0.011068  -0.072055  -0.056589  0.995794  -0.039212  0.024166  -0.005287  0.199019  0.084936  -1.052908  1.000000  
61.376747 0.026326  -0.013702  0.000499  0.703815  0.704524  0.091050  -0.706719  0.707411  -0.010851  -0.072055  -0.056710  0.995787  -0.039475  0.024324  -0.005090  0.204599  0.086138  -1.073574  1.000000  
61.377996 0.026274  -0.013670  0.000494  0.704978  0.703336  0.091239  -0.705559  0.708573  -0.010529  -0.072055  -0.056951  0.995773  -0.039775  0.024486  -0.004806  0.212996  0.087069  -1.092095  1.000000  
61.379249 0.026223  -0.013637  0.000490  0.706139  0.702146  0.091426  -0.704397  0.709733  -0.010207  -0.072055  -0.057193  0.995760  -0.039982  0.024703  -0.004518  0.219299  0.088356  -1.107815  1.000000  
61.380496 0.026172  -0.013605  0.000486  0.707443  0.700807  0.091615  -0.703087  0.711035  -0.009865  -0.072055  -0.057435  0.995746  -0.040150  0.024844  -0.004277  0.223550  0.089357  -1.126143  1.000000  
61.381497 0.026131  -0.013579  0.000485  0.708456  0.699759  0.091799  -0.702067  0.712046  -0.009560  -0.072055  -0.057676  0.995732  -0.040334  0.024921  -0.004063  0.229995  0.090694  -1.142424  1.000000  
61.382747 0.026078  -0.013549  0.000481  0.709755  0.698417  0.091986  -0.700753  0.713344  -0.009217  -0.072055  -0.057918  0.995718  -0.040679  0.024833  -0.003886  0.238696  0.092002  -1.167291  1.000000  
61.384003 0.026025  -0.013518  0.000477  0.711053  0.697071  0.092172  -0.699437  0.714639  -0.008873  -0.072055  -0.058159  0.995704  -0.041006  0.024836  -0.003807  0.245253  0.093365  -1.183843  1.000000  
61.385248 0.025970  -0.013488  0.000473  0.712347  0.695713  0.092441  -0.698118  0.715932  -0.008442  -0.072055  -0.058522  0.995682  -0.041302  0.024849  -0.003689  0.253225  0.089966  -1.201651  1.000000  
61.386254 0.025926  -0.013465  0.000469  0.713496  0.694510  0.092624  -0.696944  0.717079  -0.008116  -0.072055  -0.058763  0.995668  -0.041630  0.024877  -0.003586  0.260356  0.091694  -1.225156  1.000000  
61.387254 0.025882  -0.013442  0.000465  0.714650  0.693322  0.092626  -0.695775  0.718218  -0.007783  -0.071922  -0.058884  0.995671  -0.041710  0.024795  -0.003548  0.262148  0.093387  -1.252515  1.000000  
61.388499 0.025827  -0.013413  0.000461  0.716081  0.691809  0.092893  -0.694302  0.719646  -0.007331  -0.071922  -0.059247  0.995649  -0.042031  0.024692  -0.003437  0.267778  0.094962  -1.273418  1.000000  
61.389501 0.025783  -0.013390  0.000459  0.717366  0.690463  0.092990  -0.692974  0.720928  -0.007071  -0.071922  -0.059367  0.995642  -0.042322  0.024583  -0.003378  0.273812  0.096594  -1.300777  1.000000  
61.390746 0.025726  -0.013360  0.000455  0.719069  0.688640  0.093354  -0.691193  0.722639  -0.006671  -0.072055  -0.059729  0.995611  -0.042733  0.024459  -0.003158  0.283151  0.089957  -1.338573  1.000000  
61.391746 0.025681  -0.013337  0.000453  0.720348  0.687277  0.093533  -0.689860  0.723915  -0.006322  -0.072055  -0.059971  0.995596  -0.043019  0.024339  -0.003046  0.291104  0.092144  -1.370464  1.000000  
61.392996 0.025624  -0.013308  0.000451  0.721909  0.685613  0.093714  -0.688227  0.725471  -0.005934  -0.072055  -0.060212  0.995582  -0.043388  0.024168  -0.002879  0.297615  0.089896  -1.405307  1.000000  
61.393997 0.025578  -0.013284  0.000448  0.723183  0.684245  0.093890  -0.686888  0.726742  -0.005584  -0.072055  -0.060454  0.995567  -0.043751  0.023937  -0.002813  0.301645  0.091371  -1.427709  1.000000  
61.395250 0.025521  -0.013255  0.000445  0.724877  0.682414  0.094152  -0.685099  0.728432  -0.005087  -0.072055  -0.060816  0.995545  -0.044126  0.023702  -0.002784  0.314274  0.094069  -1.466983  1.000000  
61.396503 0.025462  -0.013228  0.000442  0.726575  0.680584  0.094315  -0.683313  0.730112  -0.004498  -0.071922  -0.061179  0.995532  -0.044605  0.023430  -0.002811  0.320708  0.100999  -1.500972  1.000000  
61.397746 0.025403  -0.013200  0.000438  0.728260  0.678743  0.094573  -0.681516  0.731792  -0.003998  -0.071922  -0.061541  0.995510  -0.045023  0.023231  -0.002880  0.329178  0.102947  -1.529859  1.000000  
61.398747 0.025355  -0.013179  0.000435  0.729662  0.677212  0.094745  -0.680015  0.733189  -0.003626  -0.071922  -0.061783  0.995495  -0.045473  0.022969  -0.002843  0.331560  0.100879  -1.564331  1.000000  
61.400002 0.025296  -0.013152  0.000431  0.731340  0.675365  0.095000  -0.678211  0.734861  -0.003124  -0.071922  -0.062145  0.995472  -0.045720  0.022755  -0.002812  0.339848  0.103405  -1.597792  1.000000  
61.401246 0.025236  -0.013127  0.000429  0.733159  0.673367  0.095155  -0.676257  0.736661  -0.002512  -0.071788  -0.062508  0.995459  -0.046032  0.022546  -0.002686  0.344954  0.110737  -1.639097  1.000000  
61.402253 0.025189  -0.013106  0.000426  0.734550  0.671826  0.095323  -0.674747  0.738046  -0.002137  -0.071788  -0.062749  0.995444  -0.046235  0.022424  -0.002601  0.348651  0.108376  -1.666491  1.000000  
61.403500 0.025129  -0.013079  0.000424  0.736353  0.669813  0.095572  -0.672778  0.739842  -0.001612  -0.071788  -0.063111  0.995421  -0.046572  0.022242  -0.002472  0.355809  0.111389  -1.708266  1.000000  
61.404500 0.025081  -0.013058  0.000422  0.737737  0.668266  0.095737  -0.671261  0.741220  -0.001236  -0.071788  -0.063353  0.995406  -0.046792  0.022111  -0.002461  0.361769  0.113323  -1.735299  1.000000  
61.405748 0.025022  -0.013031  0.000418  0.739668  0.666092  0.095983  -0.669132  0.743143  -0.000689  -0.071788  -0.063715  0.995383  -0.046980  0.021903  -0.002499  0.368866  0.116359  -1.776779  1.000000  
61.406997 0.024964  -0.013004  0.000413  0.741738  0.663765  0.096127  -0.666851  0.745191  -0.000033  -0.071655  -0.064078  0.995369  -0.046988  0.021710  -0.002639  0.376331  0.124324  -1.824854  1.000000  
61.408002 0.024917  -0.012983  0.000409  0.743246  0.662053  0.096287  -0.665169  0.746692  0.000366  -0.071655  -0.064319  0.995354  -0.047076  0.021542  -0.002750  0.378716  0.126834  -1.858783  1.000000  
61.409245 0.024859  -0.012959  0.000403  0.745160  0.659863  0.096526  -0.663025  0.748597  0.000916  -0.071655  -0.064682  0.995330  -0.047254  0.021299  -0.002976  0.387253  0.129205  -1.891872  1.000000  
61.410246 0.024812  -0.012939  0.000399  0.746796  0.657976  0.096763  -0.661182  0.750225  0.001427  -0.071655  -0.065044  0.995306  -0.047323  0.021114  -0.003095  0.393712  0.131864  -1.925765  1.000000  
61.411246 0.024765  -0.012919  0.000394  0.748292  0.656252  0.096919  -0.659489  0.751712  0.001829  -0.071655  -0.065285  0.995291  -0.047303  0.020967  -0.003260  0.395715  0.134030  -1.953223  1.000000  
61.412496 0.024707  -0.012894  0.000388  0.750325  0.653892  0.097150  -0.657175  0.753734  0.002403  -0.071655  -0.065647  0.995267  -0.047185  0.020775  -0.003395  0.402674  0.137153  -1.993983  1.000000  
61.413501 0.024660  -0.012875  0.000383  0.751953  0.652011  0.097202  -0.655325  0.755341  0.002913  -0.071521  -0.065890  0.995260  -0.047055  0.020593  -0.003533  0.407341  0.144543  -2.030747  1.000000  
61.414746 0.024603  -0.012851  0.000377  0.753973  0.649640  0.097429  -0.653000  0.757350  0.003489  -0.071521  -0.066252  0.995236  -0.047003  0.020434  -0.003697  0.411504  0.146968  -2.061953  1.000000  
61.416002 0.024546  -0.012827  0.000371  0.755986  0.647263  0.097653  -0.650669  0.759351  0.004066  -0.071521  -0.066614  0.995212  -0.046767  0.020332  -0.003923  0.418551  0.150191  -2.103162  1.000000  
61.417246 0.024489  -0.012803  0.000365  0.757992  0.644879  0.097875  -0.648331  0.761344  0.004645  -0.071521  -0.066976  0.995188  -0.046652  0.020163  -0.004055  0.424983  0.148564  -2.137932  1.000000  
61.418496 0.024433  -0.012779  0.000359  0.759997  0.642496  0.097992  -0.645994  0.763324  0.005311  -0.071388  -0.067339  0.995173  -0.046418  0.020013  -0.004357  0.427223  0.155939  -2.171401  1.000000  
61.419502 0.024389  -0.012759  0.000354  0.761724  0.640427  0.098133  -0.643957  0.765040  0.005759  -0.071388  -0.067580  0.995157  -0.046137  0.019868  -0.004537  0.431769  0.158648  -2.203213  1.000000  
61.420748 0.024333  -0.012735  0.000347  0.763841  0.637868  0.098346  -0.641445  0.767143  0.006361  -0.071388  -0.067942  0.995132  -0.045917  0.019746  -0.004711  0.437924  0.165549  -2.230158  1.000000  
61.421749 0.024289  -0.012715  0.000341  0.765555  0.635789  0.098483  -0.639398  0.768846  0.006811  -0.071388  -0.068184  0.995115  -0.045773  0.019593  -0.004842  0.439904  0.167863  -2.257653  1.000000  
61.422750 0.024244  -0.012698  0.000336  0.767001  0.634022  0.098621  -0.637663  0.770282  0.007221  -0.071388  -0.068425  0.995099  -0.045714  0.019419  -0.004930  0.440875  0.169292  -2.271280  1.000000  
61.423750 0.024199  -0.012680  0.000331  0.768574  0.632093  0.098756  -0.635766  0.771844  0.007652  -0.071388  -0.068667  0.995082  -0.045519  0.019223  -0.005006  0.442361  0.171183  -2.291900  1.000000  
61.424997 0.024142  -0.012658  0.000324  0.770664  0.629511  0.098959  -0.633231  0.773919  0.008258  -0.071388  -0.069029  0.995057  -0.045381  0.019024  -0.005089  0.444444  0.173853  -2.319907  1.000000  
61.426246 0.024085  -0.012636  0.000318  0.772745  0.626923  0.099160  -0.630689  0.775985  0.008867  -0.071388  -0.069391  0.995032  -0.045301  0.018843  -0.005059  0.444034  0.171933  -2.348683  1.000000  
61.427496 0.024029  -0.012614  0.000311  0.774818  0.624327  0.099357  -0.628140  0.778042  0.009476  -0.071388  -0.069753  0.995007  -0.045221  0.018639  -0.005112  0.448210  0.174674  -2.374976  1.000000  
61.428745 0.023971  -0.012593  0.000305  0.776883  0.621725  0.099552  -0.625585  0.780091  0.010088  -0.071388  -0.070115  0.994981  -0.045187  0.018450  -0.005081  0.451474  0.176653  -2.396175  1.000000  
61.429746 0.023925  -0.012577  0.000300  0.778555  0.619611  0.099675  -0.623503  0.781750  0.010544  -0.071388  -0.070356  0.994964  -0.045135  0.018304  -0.005107  0.448891  0.178737  -2.416531  1.000000  
61.430996 0.023868  -0.012555  0.000293  0.780604  0.617008  0.099789  -0.620935  0.783784  0.011062  -0.071388  -0.070598  0.994947  -0.045218  0.018115  -0.005217  0.446189  0.176405  -2.437436  1.000000  
61.432003 0.023822  -0.012539  0.000288  0.782263  0.614884  0.099908  -0.618844  0.785429  0.011520  -0.071388  -0.070839  0.994930  -0.045219  0.017906  -0.005269  0.450386  0.178927  -2.464508  1.000000  
61.433246 0.023764  -0.012518  0.000279  0.784298  0.612257  0.100093  -0.616264  0.787446  0.012135  -0.071388  -0.071201  0.994904  -0.045358  0.017696  -0.005410  0.449671  0.181128  -2.485403  1.000000  
61.434252 0.023718  -0.012502  0.000275  0.785944  0.610123  0.100208  -0.614163  0.789079  0.012594  -0.071388  -0.071442  0.994887  -0.045473  0.017474  -0.005380  0.450651  0.182656  -2.499011  1.000000  
61.435501 0.023659  -0.012481  0.000268  0.787711  0.607822  0.100319  -0.611895  0.790831  0.013075  -0.071388  -0.071684  0.994869  -0.045692  0.017228  -0.005348  0.449248  0.183966  -2.505484  1.000000  
61.436503 0.023612  -0.012465  0.000264  0.789220  0.605842  0.100433  -0.609947  0.792327  0.013515  -0.071388  -0.071925  0.994852  -0.045901  0.016967  -0.005205  0.449016  0.180065  -2.505404  1.000000  
61.437504 0.023564  -0.012450  0.000261  0.790850  0.603695  0.100543  -0.607833  0.793942  0.013976  -0.071388  -0.072166  0.994835  -0.046096  0.016757  -0.005091  0.445538  0.181338  -2.512808  1.000000  
61.438749 0.023503  -0.012431  0.000256  0.792723  0.601204  0.100718  -0.605387  0.795797  0.014576  -0.071388  -0.072528  0.994808  -0.046371  0.016568  -0.005007  0.446490  0.183188  -2.526310  1.000000  
61.440008 0.023442  -0.012413  0.000251  0.794581  0.598711  0.100924  -0.602931  0.797652  0.015000  -0.071521  -0.072769  0.994781  -0.046683  0.016287  -0.004858  0.442449  0.179414  -2.525780  1.000000  
61.441247 0.023380  -0.012394  0.000247  0.796563  0.596044  0.101091  -0.600310  0.799615  0.015624  -0.071521  -0.073131  0.994755  -0.047026  0.016070  -0.004747  0.443561  0.181341  -2.540180  1.000000  
61.442496 0.023318  -0.012375  0.000242  0.798536  0.593370  0.101255  -0.597683  0.801568  0.016248  -0.071521  -0.073493  0.994728  -0.047319  0.015959  -0.004633  0.445923  0.182526  -2.546583  1.000000  
61.443496 0.023268  -0.012360  0.000238  0.800010  0.591363  0.101358  -0.595709  0.803027  0.016693  -0.071521  -0.073734  0.994710  -0.047614  0.015779  -0.004547  0.445822  0.178726  -2.547262  1.000000  
61.444746 0.023206  -0.012341  0.000233  0.801968  0.588690  0.101445  -0.593070  0.804967  0.017222  -0.071521  -0.073976  0.994692  -0.047959  0.015650  -0.004461  0.440325  0.180149  -2.554231  1.000000  
61.445746 0.023156  -0.012326  0.000229  0.803674  0.586331  0.101608  -0.590756  0.806653  0.017808  -0.071521  -0.074338  0.994665  -0.048306  0.015529  -0.004319  0.445512  0.181949  -2.568662  1.000000  
61.446998 0.023092  -0.012306  0.000225  0.805608  0.583638  0.101798  -0.588100  0.808582  0.018260  -0.071655  -0.074578  0.994637  -0.048703  0.015518  -0.004193  0.441986  0.178685  -2.575116  1.000000  
61.448005 0.023042  -0.012291  0.000222  0.807179  0.581447  0.101890  -0.585942  0.810136  0.018729  -0.071655  -0.074820  0.994619  -0.048962  0.015402  -0.003863  0.442196  0.175274  -2.581638  1.000000  
61.449246 0.022977  -0.012271  0.000219  0.809104  0.578738  0.102038  -0.583280  0.812040  0.019360  -0.071655  -0.075181  0.994592  -0.049394  0.015354  -0.003719  0.444246  0.176147  -2.581854  1.000000  
61.450246 0.022926  -0.012257  0.000216  0.810535  0.576710  0.102168  -0.581274  0.813471  0.019633  -0.071788  -0.075301  0.994573  -0.049681  0.015253  -0.003550  0.435848  0.171836  -2.575315  1.000000  
61.451496 0.022862  -0.012236  0.000213  0.812326  0.574158  0.102316  -0.578768  0.815241  0.020246  -0.071788  -0.075663  0.994546  -0.050022  0.015259  -0.003411  0.439854  0.172602  -2.575048  1.000000  
61.452516 0.022809  -0.012221  0.000210  0.813635  0.572286  0.102409  -0.576927  0.816534  0.020675  -0.071788  -0.075905  0.994528  -0.050262  0.015260  -0.003348  0.437208  0.172729  -2.567405  1.000000  
61.453749 0.022743  -0.012202  0.000207  0.815523  0.569560  0.102587  -0.574238  0.818415  0.021134  -0.071922  -0.076145  0.994499  -0.050666  0.015269  -0.003240  0.435956  0.169549  -2.575093  1.000000  
61.455000 0.022678  -0.012182  0.000204  0.817057  0.567342  0.102668  -0.572054  0.819932  0.021608  -0.071922  -0.076386  0.994481  -0.050932  0.015397  -0.003129  0.428376  0.168849  -2.554644  1.000000  
61.456008 0.022626  -0.012166  0.000201  0.818350  0.565459  0.102756  -0.570202  0.821209  0.022039  -0.071922  -0.076628  0.994462  -0.051075  0.015479  -0.003090  0.427314  0.168431  -2.540411  1.000000  
61.457246 0.022560  -0.012145  0.000198  0.820099  0.562887  0.102933  -0.567667  0.822952  0.022481  -0.072055  -0.076868  0.994434  -0.051372  0.015611  -0.002957  0.423076  0.164274  -2.534759  1.000000  
61.458247 0.022507  -0.012128  0.000196  0.821616  0.560658  0.103009  -0.565470  0.824450  0.022956  -0.072055  -0.077109  0.994416  -0.051643  0.015776  -0.002864  0.423063  0.164884  -2.534643  1.000000  
61.459496 0.022440  -0.012106  0.000194  0.823350  0.558076  0.103183  -0.562924  0.826177  0.023399  -0.072188  -0.077350  0.994387  -0.051969  0.015978  -0.002637  0.420768  0.160716  -2.527915  1.000000  
61.460746 0.022373  -0.012084  0.000193  0.825076  0.555488  0.103355  -0.560374  0.827897  0.023844  -0.072322  -0.077590  0.994359  -0.052164  0.016176  -0.002455  0.418356  0.156282  -2.521557  1.000000  
61.461998 0.022306  -0.012061  0.000192  0.826680  0.553066  0.103530  -0.557988  0.829494  0.024269  -0.072455  -0.077831  0.994330  -0.052385  0.016347  -0.002204  0.415619  0.151683  -2.508188  1.000000  
61.462998 0.022252  -0.012042  0.000190  0.828056  0.550990  0.103603  -0.555944  0.830852  0.024726  -0.072455  -0.078072  0.994311  -0.052677  0.016567  -0.002121  0.412929  0.151615  -2.500971  1.000000  
61.464004 0.022198  -0.012024  0.000189  0.829419  0.548902  0.103786  -0.553891  0.832210  0.025110  -0.072589  -0.078312  0.994283  -0.052804  0.016754  -0.002012  0.412592  0.147217  -2.494335  1.000000  
61.465246 0.022129  -0.012001  0.000187  0.831344  0.545952  0.103941  -0.550980  0.834126  0.025602  -0.072722  -0.078553  0.994254  -0.053123  0.017058  -0.001951  0.411862  0.144748  -2.508405  1.000000  
61.466496 0.022061  -0.011977  0.000184  0.833146  0.543167  0.104099  -0.548233  0.835919  0.026074  -0.072856  -0.078793  0.994225  -0.053422  0.017306  -0.001922  0.413082  0.141967  -2.522733  1.000000  
61.467498 0.022005  -0.011958  0.000182  0.834490  0.541079  0.104211  -0.546168  0.837261  0.026359  -0.072989  -0.078913  0.994206  -0.053690  0.017544  -0.001867  0.408696  0.137454  -2.516096  1.000000  
61.468770 0.021936  -0.011934  0.000179  0.836500  0.537939  0.104354  -0.543066  0.839260  0.026876  -0.073123  -0.079154  0.994177  -0.053805  0.017850  -0.001834  0.407986  0.139237  -2.534638  1.000000  
61.470001 0.021866  -0.011909  0.000176  0.838165  0.535310  0.104513  -0.540475  0.840916  0.027331  -0.073256  -0.079394  0.994148  -0.054165  0.018244  -0.001807  0.406659  0.135950  -2.536869  1.000000  
61.471004 0.021811  -0.011888  0.000175  0.839489  0.533197  0.104686  -0.538398  0.842235  0.027721  -0.073389  -0.079634  0.994119  -0.054350  0.018489  -0.001722  0.403986  0.131209  -2.529802  1.000000  
61.472017 0.021755  -0.011868  0.000174  0.840800  0.531084  0.104906  -0.536311  0.843558  0.027939  -0.073656  -0.079753  0.994090  -0.054500  0.018725  -0.001662  0.399563  0.122119  -2.522393  1.000000  
61.473246 0.021685  -0.011841  0.000173  0.842554  0.528268  0.105054  -0.533534  0.845301  0.028418  -0.073790  -0.079994  0.994060  -0.054789  0.019101  -0.001553  0.396434  0.119018  -2.531309  1.000000  
61.474255 0.021629  -0.011820  0.000171  0.843642  0.526505  0.105172  -0.531793  0.846389  0.028666  -0.073923  -0.080113  0.994041  -0.054971  0.019335  -0.001604  0.390900  0.113360  -2.510203  1.000000  
61.475498 0.021557  -0.011793  0.000169  0.844836  0.524552  0.105346  -0.529876  0.847578  0.029039  -0.074057  -0.080354  0.994012  -0.055327  0.019694  -0.001603  0.384069  0.106454  -2.469837  1.000000  
61.476746 0.021486  -0.011765  0.000166  0.846451  0.521888  0.105608  -0.527254  0.849198  0.029430  -0.074323  -0.080593  0.993972  -0.055575  0.020088  -0.001713  0.384107  0.102044  -2.463543  1.000000  
61.477998 0.021414  -0.011737  0.000164  0.847851  0.519579  0.105768  -0.524981  0.850590  0.029849  -0.074457  -0.080834  0.993943  -0.055828  0.020346  -0.001766  0.381141  0.097359  -2.443780  1.000000  
61.479254 0.021343  -0.011709  0.000161  0.849343  0.517081  0.106034  -0.522525  0.852088  0.030221  -0.074724  -0.081073  0.993903  -0.056093  0.020735  -0.001903  0.377846  0.087201  -2.429140  1.000000  
61.480496 0.021271  -0.011681  0.000158  0.850944  0.514412  0.106178  -0.519894  0.853679  0.030686  -0.074857  -0.081313  0.993873  -0.056328  0.021039  -0.001986  0.376658  0.088701  -2.430155  1.000000  
61.481496 0.021213  -0.011658  0.000155  0.852102  0.512446  0.106398  -0.517956  0.854850  0.030892  -0.075124  -0.081432  0.993844  -0.056559  0.021290  -0.001984  0.374014  0.078746  -2.423529  1.000000  
61.482746 0.021140  -0.011630  0.000151  0.853795  0.509592  0.106533  -0.515141  0.856531  0.031381  -0.075257  -0.081673  0.993814  -0.056799  0.021596  -0.002067  0.373651  0.076948  -2.438245  1.000000  
61.484000 0.021069  -0.011600  0.000147  0.855259  0.507077  0.106793  -0.512667  0.858000  0.031759  -0.075524  -0.081912  0.993774  -0.056912  0.021916  -0.002085  0.371195  0.071670  -2.431676  1.000000  
61.485248 0.020996  -0.011571  0.000144  0.856934  0.504213  0.106925  -0.509842  0.859663  0.032252  -0.075658  -0.082152  0.993744  -0.057154  0.022209  -0.002145  0.374792  0.069780  -2.445577  1.000000  
61.486255 0.020939  -0.011548  0.000142  0.858183  0.502065  0.107020  -0.507719  0.860908  0.032552  -0.075791  -0.082272  0.993724  -0.057239  0.022394  -0.002226  0.368961  0.069835  -2.451422  1.000000  
61.487506 0.020867  -0.011518  0.000138  0.859625  0.499537  0.107276  -0.505233  0.862354  0.032935  -0.076058  -0.082511  0.993684  -0.057363  0.022675  -0.002391  0.368789  0.060919  -2.445305  1.000000  
61.488749 0.020796  -0.011487  0.000132  0.860862  0.497369  0.107430  -0.503102  0.863583  0.033343  -0.076191  -0.082752  0.993653  -0.057357  0.022952  -0.002668  0.367140  0.059307  -2.418254  1.000000  
61.490002 0.020725  -0.011457  0.000126  0.862084  0.495202  0.107637  -0.500964  0.864817  0.033579  -0.076458  -0.082870  0.993623  -0.057400  0.023153  -0.002944  0.361793  0.049111  -2.397952  1.000000  
61.491045 0.020668  -0.011432  0.000120  0.863208  0.493206  0.107796  -0.499005  0.865933  0.033966  -0.076592  -0.083111  0.993593  -0.057233  0.023246  -0.003154  0.361065  0.049062  -2.387509  1.000000  
61.492247 0.020597  -0.011402  0.000113  0.864522  0.490842  0.108054  -0.496683  0.867253  0.034333  -0.076858  -0.083350  0.993552  -0.057403  0.023462  -0.003496  0.361623  0.044681  -2.384880  1.000000  
