1-Time 2-Px 3-Py 4-Pz 5-R11 6-R21 7-R31 8-R12 9-R22 10-R32 11-R13 12-R23 13-R33 14-Vx 15-Vy 16-Vz 17-Wx 18-Wy 19-Wz 20-state
34.678083 0.028203  -0.040218  0.004642  0.504898  0.705928  0.496733  -0.818424  0.574404  0.015566  -0.274337  -0.414398  0.867764  0.000858  0.000747  -0.000609  0.391143  0.277668  -0.065963  1.000000  
34.679307 0.028203  -0.040217  0.004641  0.504898  0.705808  0.496904  -0.818424  0.574400  0.015706  -0.274337  -0.414608  0.867663  0.000781  0.000778  -0.000647  0.384193  0.264902  -0.066146  1.000000  
34.680553 0.028200  -0.040204  0.004637  0.504917  0.705716  0.497014  -0.818455  0.574349  0.015944  -0.274208  -0.414834  0.867596  -0.001099  0.006009  -0.002403  0.371016  0.255906  -0.061459  1.000000  
34.681554 0.028197  -0.040191  0.004633  0.504917  0.705656  0.497100  -0.818455  0.574347  0.016013  -0.274208  -0.414940  0.867545  -0.001720  0.008182  -0.002927  0.358257  0.240347  -0.055681  1.000000  
34.682803 0.028193  -0.040176  0.004629  0.504917  0.705656  0.497100  -0.818455  0.574347  0.016013  -0.274208  -0.414940  0.867545  -0.002021  0.009144  -0.002938  0.339777  0.229231  -0.053425  1.000000  
34.683806 0.028190  -0.040165  0.004627  0.505085  0.705538  0.497097  -0.818351  0.574492  0.016116  -0.274208  -0.414940  0.867545  -0.002348  0.009573  -0.002670  0.327480  0.217024  -0.059154  1.000000  
34.685145 0.028181  -0.040146  0.004626  0.504917  0.705656  0.497100  -0.818455  0.574347  0.016013  -0.274208  -0.414940  0.867545  -0.003109  0.010374  -0.002371  0.306424  0.202624  -0.050785  1.000000  
34.686305 0.028166  -0.040125  0.004621  0.504936  0.705625  0.497125  -0.818486  0.574298  0.016182  -0.274079  -0.415061  0.867528  -0.004501  0.011578  -0.002591  0.294811  0.194725  -0.046426  1.000000  
34.687309 0.028153  -0.040108  0.004617  0.504768  0.705743  0.497128  -0.818590  0.574153  0.016080  -0.274079  -0.415061  0.867528  -0.005496  0.012186  -0.002747  0.279026  0.181125  -0.038315  1.000000  
34.688557 0.028136  -0.040088  0.004612  0.504599  0.705801  0.497217  -0.818694  0.574005  0.016047  -0.274079  -0.415166  0.867478  -0.006528  0.012663  -0.002930  0.265115  0.164653  -0.032325  1.000000  
34.689809 0.028118  -0.040068  0.004610  0.504431  0.705859  0.497306  -0.818798  0.573858  0.016014  -0.274079  -0.415271  0.867428  -0.007313  0.012999  -0.002770  0.249034  0.150823  -0.024116  1.000000  
34.690817 0.028106  -0.040049  0.004608  0.504431  0.705799  0.497391  -0.818798  0.573856  0.016084  -0.274079  -0.415376  0.867377  -0.007744  0.013430  -0.002732  0.242967  0.139811  -0.021935  1.000000  
34.691817 0.028091  -0.040029  0.004602  0.504243  0.705827  0.497541  -0.818871  0.573756  0.015952  -0.274208  -0.415466  0.867294  -0.008262  0.013962  -0.002959  0.230982  0.125977  -0.013748  1.000000  
34.693062 0.028070  -0.039998  0.004594  0.504074  0.705885  0.497630  -0.818975  0.573609  0.015919  -0.274208  -0.415571  0.867243  -0.008940  0.014867  -0.003285  0.214979  0.108118  -0.007498  1.000000  
34.694309 0.028052  -0.039962  0.004583  0.504055  0.705856  0.497691  -0.818943  0.573656  0.015820  -0.274337  -0.415555  0.867210  -0.010181  0.017111  -0.003812  0.000000  0.000000  0.000000  1.000000  
34.695557 0.028036  -0.039923  0.004574  0.504055  0.705856  0.497691  -0.818943  0.573656  0.015820  -0.274337  -0.415555  0.867210  -0.011038  0.018808  -0.004155  0.000000  0.000000  0.000000  1.000000  
34.696805 0.028020  -0.039883  0.004566  0.504036  0.705827  0.497752  -0.818912  0.573704  0.015722  -0.274465  -0.415539  0.867177  -0.011873  0.020481  -0.004326  0.000000  0.000000  0.000000  1.000000  
34.698055 0.028001  -0.039841  0.004559  0.504204  0.705829  0.497577  -0.818808  0.573853  0.015685  -0.274465  -0.415329  0.867278  -0.012970  0.022345  -0.004695  0.000000  0.000000  0.000000  1.000000  
34.699305 0.027978  -0.039797  0.004552  0.504353  0.705742  0.497549  -0.818673  0.574047  0.015619  -0.274594  -0.415208  0.867295  -0.014023  0.024242  -0.005040  0.000000  0.000000  0.000000  1.000000  
34.700555 0.027955  -0.039752  0.004545  0.504315  0.705805  0.497500  -0.818611  0.574146  0.015282  -0.274851  -0.414966  0.867329  -0.014782  0.025750  -0.005332  0.000000  0.000000  0.000000  1.000000  
34.701808 0.027932  -0.039709  0.004538  0.504464  0.705778  0.497386  -0.818475  0.574342  0.015146  -0.274980  -0.414739  0.867397  -0.015215  0.027323  -0.005467  0.000000  0.000000  0.000000  1.000000  
34.703055 0.027910  -0.039666  0.004529  0.504801  0.705602  0.497294  -0.818268  0.574634  0.015281  -0.274980  -0.414634  0.867447  -0.015496  0.028660  -0.005608  0.000000  0.000000  0.000000  1.000000  
34.704062 0.027891  -0.039632  0.004524  0.504970  0.705604  0.497120  -0.818164  0.574783  0.015244  -0.274980  -0.414424  0.867548  -0.015849  0.030121  -0.005894  0.000000  0.000000  0.000000  1.000000  
34.705307 0.027868  -0.039585  0.004517  0.505306  0.705428  0.497028  -0.817956  0.575076  0.015379  -0.274980  -0.414318  0.867598  -0.016225  0.031607  -0.006178  0.000000  0.000000  0.000000  1.000000  
34.706315 0.027850  -0.039547  0.004511  0.505662  0.705280  0.496875  -0.817779  0.575321  0.015613  -0.274851  -0.414229  0.867681  -0.016618  0.032992  -0.006236  0.000000  0.000000  0.000000  1.000000  
34.707560 0.027826  -0.039499  0.004503  0.505999  0.705043  0.496869  -0.817571  0.575611  0.015817  -0.274851  -0.414229  0.867681  -0.016855  0.034278  -0.006263  0.000000  0.000000  0.000000  1.000000  
34.708569 0.027807  -0.039460  0.004497  0.506336  0.704867  0.496777  -0.817362  0.575903  0.015952  -0.274851  -0.414124  0.867732  -0.017100  0.035034  -0.006125  0.000000  0.000000  0.000000  1.000000  
34.709812 0.027783  -0.039410  0.004492  0.506653  0.704660  0.496746  -0.817122  0.576243  0.015988  -0.274980  -0.414003  0.867749  -0.017558  0.035862  -0.005812  0.000000  0.000000  0.000000  1.000000  
34.711055 0.027758  -0.039357  0.004486  0.506970  0.704454  0.496715  -0.816882  0.576582  0.016024  -0.275109  -0.413881  0.867766  -0.018148  0.036691  -0.005591  0.000000  0.000000  0.000000  1.000000  
34.712076 0.027735  -0.039315  0.004483  0.507306  0.704217  0.496708  -0.816674  0.576872  0.016229  -0.275109  -0.413881  0.867766  -0.018872  0.037329  -0.005406  0.000000  0.000000  0.000000  1.000000  
34.713305 0.027700  -0.039264  0.004476  0.507791  0.703891  0.496674  -0.816329  0.577355  0.016367  -0.275237  -0.413760  0.867783  -0.019769  0.037913  -0.005499  0.000000  0.000000  0.000000  1.000000  
34.714305 0.027673  -0.039225  0.004470  0.508127  0.703714  0.496582  -0.816120  0.577647  0.016501  -0.275237  -0.413655  0.867833  -0.020391  0.038183  -0.005465  0.000000  0.000000  0.000000  1.000000  
34.715305 0.027644  -0.039185  0.004463  0.508631  0.703477  0.496401  -0.815806  0.578086  0.016668  -0.275237  -0.413445  0.867933  -0.021080  0.038457  -0.005579  0.000000  0.000000  0.000000  1.000000  
34.716555 0.027609  -0.039133  0.004454  0.508967  0.703299  0.496309  -0.815596  0.578377  0.016802  -0.275237  -0.413339  0.867983  -0.021928  0.039045  -0.005697  0.000000  0.000000  0.000000  1.000000  
34.717811 0.027571  -0.039081  0.004445  0.509451  0.703033  0.496190  -0.815250  0.578863  0.016869  -0.275366  -0.413113  0.868050  -0.022945  0.039639  -0.005690  -0.016357  0.045387  -0.199519  1.000000  
34.719055 0.027532  -0.039031  0.004438  0.509619  0.702974  0.496101  -0.815146  0.579010  0.016901  -0.275366  -0.413008  0.868100  -0.023961  0.040072  -0.005744  -0.022610  0.048253  -0.205523  1.000000  
34.720062 0.027502  -0.038990  0.004432  0.509954  0.702796  0.496009  -0.814936  0.579301  0.017035  -0.275366  -0.412902  0.868151  -0.024853  0.040356  -0.005764  -0.020810  0.056367  -0.221694  1.000000  
34.721305 0.027465  -0.038936  0.004426  0.510309  0.702647  0.495855  -0.814757  0.579546  0.017268  -0.275237  -0.412813  0.868234  -0.025682  0.040762  -0.005705  -0.023261  0.068929  -0.237677  1.000000  
34.722306 0.027435  -0.038892  0.004422  0.510645  0.702468  0.495762  -0.814547  0.579837  0.017402  -0.275237  -0.412707  0.868284  -0.026350  0.041151  -0.005529  -0.027561  0.078637  -0.247661  1.000000  
34.723311 0.027405  -0.038848  0.004419  0.510813  0.702349  0.495759  -0.814442  0.579982  0.017504  -0.275237  -0.412707  0.868284  -0.027081  0.041531  -0.005322  -0.028061  0.085025  -0.261687  1.000000  
34.724560 0.027365  -0.038793  0.004414  0.511000  0.702319  0.495608  -0.814368  0.580081  0.017634  -0.275109  -0.412618  0.868367  -0.028183  0.041868  -0.005225  -0.030234  0.095984  -0.263801  1.000000  
34.725561 0.027333  -0.038748  0.004409  0.511187  0.702229  0.495543  -0.814294  0.580179  0.017834  -0.274980  -0.412634  0.868400  -0.029157  0.041985  -0.005323  -0.028350  0.102900  -0.267847  1.000000  
34.726809 0.027290  -0.038693  0.004403  0.511355  0.702169  0.495454  -0.814188  0.580326  0.017866  -0.274980  -0.412528  0.868451  -0.030172  0.042170  -0.005436  -0.028331  0.106926  -0.265927  1.000000  
34.728061 0.027246  -0.038638  0.004395  0.511690  0.701930  0.495446  -0.813978  0.580615  0.018070  -0.274980  -0.412528  0.868451  -0.030781  0.042421  -0.005455  -0.020432  0.116684  -0.275977  1.000000  
34.729306 0.027200  -0.038583  0.004385  0.511690  0.701991  0.495361  -0.813978  0.580617  0.017999  -0.274980  -0.412423  0.868501  -0.031548  0.042786  -0.005630  -0.018240  0.117846  -0.268097  1.000000  
34.730554 0.027153  -0.038527  0.004376  0.511690  0.702051  0.495276  -0.813978  0.580619  0.017929  -0.274980  -0.412318  0.868551  -0.032387  0.043143  -0.005597  -0.018071  0.120871  -0.263989  1.000000  
34.731555 0.027117  -0.038482  0.004370  0.511857  0.701991  0.495187  -0.813872  0.580766  0.017960  -0.274980  -0.412212  0.868601  -0.032822  0.043365  -0.005596  -0.014128  0.125911  -0.264322  1.000000  
34.732555 0.027082  -0.038436  0.004363  0.511857  0.701991  0.495187  -0.813872  0.580766  0.017960  -0.274980  -0.412212  0.868601  -0.033169  0.043750  -0.005574  -0.013855  0.120158  -0.252284  1.000000  
34.733805 0.027039  -0.038377  0.004353  0.512025  0.701932  0.495098  -0.813767  0.580913  0.017992  -0.274980  -0.412107  0.868651  -0.033418  0.044317  -0.005700  -0.009780  0.120141  -0.252366  1.000000  
34.734809 0.027006  -0.038329  0.004345  0.512045  0.702021  0.494951  -0.813798  0.580868  0.018020  -0.274851  -0.412017  0.868734  -0.033617  0.044761  -0.005856  -0.013599  0.118407  -0.238339  1.000000  
34.736061 0.026966  -0.038268  0.004337  0.512045  0.702081  0.494866  -0.813798  0.580871  0.017949  -0.274851  -0.411912  0.868784  -0.033806  0.045267  -0.006039  -0.017426  0.108638  -0.228346  1.000000  
34.737305 0.026926  -0.038206  0.004330  0.512212  0.702022  0.494777  -0.813693  0.581017  0.017981  -0.274851  -0.411807  0.868834  -0.033967  0.045718  -0.006130  -0.021327  0.107732  -0.226477  1.000000  
34.738557 0.026888  -0.038144  0.004321  0.512212  0.702082  0.494692  -0.813693  0.581019  0.017910  -0.274851  -0.411701  0.868884  -0.033983  0.046202  -0.006491  -0.026990  0.099215  -0.208637  1.000000  
34.739812 0.026849  -0.038081  0.004310  0.512380  0.702082  0.494518  -0.813587  0.581168  0.017871  -0.274851  -0.411490  0.868984  -0.033957  0.046770  -0.006992  -0.033164  0.101155  -0.202343  1.000000  
34.740830 0.026814  -0.038031  0.004301  0.512380  0.702142  0.494433  -0.813587  0.581170  0.017801  -0.274851  -0.411385  0.869033  -0.033967  0.047075  -0.007223  -0.036929  0.099414  -0.188279  1.000000  
34.742061 0.026771  -0.037969  0.004290  0.512547  0.702082  0.494344  -0.813482  0.581317  0.017832  -0.274851  -0.411280  0.869083  -0.034011  0.047606  -0.007479  -0.042604  0.095874  -0.181004  1.000000  
34.743309 0.026727  -0.037907  0.004279  0.512862  0.701933  0.494229  -0.813239  0.581657  0.017796  -0.274980  -0.411053  0.869150  -0.033954  0.048085  -0.007582  -0.044807  0.093711  -0.176404  1.000000  
34.744556 0.026682  -0.037844  0.004270  0.513030  0.701933  0.494055  -0.813134  0.581806  0.017757  -0.274980  -0.410842  0.869250  -0.033863  0.048602  -0.007598  0.000000  0.000000  0.000000  1.000000  
34.745805 0.026637  -0.037780  0.004261  0.513532  0.701754  0.493788  -0.812817  0.582246  0.017850  -0.274980  -0.410526  0.869399  -0.033832  0.049088  -0.007608  0.000000  0.000000  0.000000  1.000000  
34.746805 0.026600  -0.037727  0.004253  0.513866  0.701634  0.493611  -0.812605  0.582539  0.017912  -0.274980  -0.410315  0.869499  -0.033829  0.049634  -0.007626  0.000000  0.000000  0.000000  1.000000  
34.748056 0.026556  -0.037658  0.004243  0.514349  0.701364  0.493492  -0.812257  0.583023  0.017977  -0.275109  -0.410088  0.869565  -0.033912  0.050328  -0.007699  -0.062515  0.090025  -0.169180  1.000000  
34.749305 0.026512  -0.037590  0.004234  0.514683  0.701304  0.493229  -0.812045  0.583318  0.017968  -0.275109  -0.409772  0.869714  -0.034003  0.050915  -0.007710  0.000000  0.000000  0.000000  1.000000  
34.750555 0.026469  -0.037521  0.004223  0.515165  0.701093  0.493025  -0.811696  0.583804  0.017962  -0.275237  -0.409440  0.869830  -0.034143  0.051443  -0.007808  -0.073324  0.089422  -0.178501  1.000000  
34.751555 0.026435  -0.037465  0.004214  0.515666  0.700852  0.492844  -0.811377  0.584242  0.018125  -0.275237  -0.409229  0.869929  -0.034292  0.051906  -0.007934  -0.079596  0.088190  -0.186474  1.000000  
34.752807 0.026391  -0.037395  0.004202  0.516167  0.700730  0.492493  -0.811059  0.584683  0.018145  -0.275237  -0.408806  0.870127  -0.034755  0.052390  -0.008297  -0.089916  0.090967  -0.192496  1.000000  
34.754055 0.026345  -0.037326  0.004189  0.516835  0.700428  0.492223  -0.810633  0.585267  0.018338  -0.275237  -0.408490  0.870276  -0.035193  0.052815  -0.008491  -0.095649  0.094600  -0.210722  1.000000  
34.755306 0.026295  -0.037257  0.004178  0.517355  0.700334  0.491809  -0.810345  0.585662  0.018456  -0.275109  -0.408083  0.870508  -0.035834  0.053283  -0.008526  -0.104017  0.104202  -0.220780  1.000000  
34.756308 0.026255  -0.037202  0.004169  0.517855  0.700151  0.491543  -0.810025  0.586101  0.018546  -0.275109  -0.407766  0.870656  -0.036222  0.053618  -0.008498  -0.112379  0.105751  -0.234622  1.000000  
34.757312 0.026213  -0.037147  0.004161  0.518375  0.699997  0.491214  -0.809736  0.586495  0.018735  -0.274980  -0.407465  0.870838  -0.036659  0.053973  -0.008368  -0.117660  0.116298  -0.246680  1.000000  
34.758565 0.026160  -0.037077  0.004152  0.519209  0.699691  0.490770  -0.809202  0.587226  0.018884  -0.274980  -0.406937  0.871085  -0.037223  0.054495  -0.008342  -0.126357  0.127548  -0.270797  1.000000  
34.759810 0.026105  -0.037008  0.004143  0.519875  0.699505  0.490330  -0.808775  0.587814  0.018932  -0.274980  -0.406409  0.871331  -0.037931  0.054952  -0.008345  -0.139134  0.138802  -0.294922  1.000000  
34.761058 0.026049  -0.036935  0.004134  0.520374  0.699379  0.489979  -0.808453  0.588255  0.018949  -0.274980  -0.405986  0.871528  -0.038593  0.055484  -0.008371  -0.147565  0.144381  -0.307018  1.000000  
34.762309 0.025992  -0.036862  0.004126  0.521226  0.699159  0.489387  -0.807948  0.588943  0.019123  -0.274851  -0.405367  0.871857  -0.039426  0.055866  -0.008259  -0.158458  0.162465  -0.335277  1.000000  
34.763555 0.025938  -0.036786  0.004116  0.521891  0.698971  0.488947  -0.807519  0.589531  0.019168  -0.274851  -0.404838  0.872103  -0.040092  0.056355  -0.008235  -0.169080  0.170844  -0.353449  1.000000  
34.764806 0.025884  -0.036710  0.004107  0.522576  0.698870  0.488360  -0.807119  0.590075  0.019240  -0.274723  -0.404219  0.872430  -0.040679  0.056808  -0.008140  -0.180414  0.180498  -0.374524  1.000000  
34.766055 0.025829  -0.036634  0.004099  0.523260  0.698709  0.487856  -0.806720  0.590616  0.019381  -0.274594  -0.403705  0.872709  -0.041538  0.057273  -0.007967  -0.189099  0.195626  -0.396662  1.000000  
34.767055 0.025784  -0.036574  0.004093  0.523779  0.698670  0.487357  -0.806427  0.591014  0.019422  -0.274465  -0.403191  0.872987  -0.042273  0.057612  -0.007739  -0.203181  0.206796  -0.410131  1.000000  
34.768062 0.025739  -0.036513  0.004088  0.524297  0.698629  0.486858  -0.806134  0.591412  0.019462  -0.274337  -0.402677  0.873264  -0.043002  0.057918  -0.007352  -0.213768  0.219126  -0.426291  1.000000  
34.769304 0.025681  -0.036437  0.004082  0.524814  0.698647  0.486273  -0.805841  0.591813  0.019430  -0.274208  -0.402056  0.873591  -0.043658  0.058388  -0.006978  -0.226663  0.229623  -0.439049  1.000000  
34.770304 0.025636  -0.036376  0.004078  0.525332  0.698606  0.485774  -0.805548  0.592211  0.019469  -0.274079  -0.401542  0.873868  -0.043922  0.058743  -0.006648  -0.239145  0.239132  -0.449297  1.000000  
34.771305 0.025590  -0.036315  0.004072  0.525870  0.698593  0.485210  -0.805284  0.592565  0.019606  -0.273822  -0.401042  0.874178  -0.044315  0.059163  -0.006481  -0.251595  0.252612  -0.457547  1.000000  
34.772555 0.025531  -0.036237  0.004066  0.526387  0.698609  0.484626  -0.804990  0.592965  0.019572  -0.273693  -0.400421  0.874503  -0.044786  0.059736  -0.006230  -0.264017  0.261986  -0.467722  1.000000  
34.773564 0.025484  -0.036174  0.004061  0.526738  0.698747  0.484045  -0.804804  0.593223  0.019438  -0.273565  -0.399800  0.874827  -0.045095  0.060212  -0.006065  -0.280559  0.274835  -0.473874  1.000000  
34.774811 0.025425  -0.036094  0.004054  0.527275  0.698791  0.483396  -0.804540  0.593579  0.019500  -0.273307  -0.399194  0.875184  -0.045277  0.060939  -0.005939  -0.295048  0.285580  -0.476287  1.000000  
34.775812 0.025380  -0.036028  0.004048  0.527627  0.698927  0.482816  -0.804353  0.593836  0.019365  -0.273178  -0.398572  0.875508  -0.045352  0.061471  -0.005776  -0.311501  0.289535  -0.474713  1.000000  
34.777062 0.025323  -0.035946  0.004043  0.528143  0.699058  0.482061  -0.804057  0.594242  0.019185  -0.273050  -0.397737  0.875928  -0.045365  0.062096  -0.005618  -0.331748  0.297256  -0.470927  1.000000  
34.778304 0.025266  -0.035861  0.004038  0.528660  0.699129  0.481391  -0.803762  0.594646  0.019075  -0.272921  -0.397008  0.876298  -0.045564  0.062687  -0.005310  -0.352254  0.301161  -0.469330  1.000000  
34.779308 0.025221  -0.035794  0.004035  0.529011  0.699322  0.480725  -0.803574  0.594905  0.018866  -0.272792  -0.396279  0.876668  -0.045675  0.063178  -0.005058  -0.368529  0.304906  -0.467549  1.000000  
34.780554 0.025165  -0.035708  0.004030  0.529547  0.699478  0.479906  -0.803308  0.595267  0.018782  -0.272535  -0.395458  0.877119  -0.045763  0.063757  -0.004828  -0.387947  0.317063  -0.464334  1.000000  
34.781555 0.025120  -0.035640  0.004027  0.529918  0.699699  0.479175  -0.803151  0.595483  0.018669  -0.272277  -0.394743  0.877521  -0.045806  0.064251  -0.004669  -0.410115  0.322162  -0.454801  1.000000  
34.782555 0.025075  -0.035572  0.004026  0.530289  0.699918  0.478444  -0.802994  0.595699  0.018557  -0.272020  -0.394028  0.877922  -0.045809  0.064937  -0.004379  -0.427792  0.329992  -0.449090  1.000000  
34.783805 0.025018  -0.035488  0.004023  0.530825  0.700130  0.477538  -0.802727  0.596063  0.018398  -0.271762  -0.393099  0.878418  -0.045694  0.065323  -0.004126  -0.454191  0.335054  -0.439518  1.000000  
34.784813 0.024973  -0.035421  0.004021  0.531195  0.700348  0.476807  -0.802569  0.596279  0.018284  -0.271505  -0.392382  0.878818  -0.045711  0.065786  -0.003902  -0.472362  0.336023  -0.431700  1.000000  
34.786055 0.024916  -0.035335  0.004018  0.531731  0.700557  0.475901  -0.802301  0.596644  0.018123  -0.271247  -0.391452  0.879312  -0.045671  0.066435  -0.003659  -0.491039  0.343888  -0.430806  1.000000  
34.787305 0.024859  -0.035249  0.004015  0.532287  0.700794  0.474930  -0.802063  0.596966  0.018060  -0.270861  -0.390536  0.879838  -0.045557  0.066999  -0.003472  -0.513359  0.349003  -0.421479  1.000000  
34.788557 0.024804  -0.035160  0.004011  0.532987  0.700993  0.473849  -0.801685  0.597480  0.017850  -0.270603  -0.389391  0.880425  -0.045338  0.067641  -0.003336  -0.539583  0.354002  -0.412144  1.000000  
34.789808 0.024748  -0.035071  0.004008  0.533542  0.701285  0.472792  -0.801446  0.597805  0.017711  -0.270217  -0.388367  0.880996  -0.045153  0.068182  -0.003009  -0.561679  0.363034  -0.400879  1.000000  
34.790813 0.024704  -0.034999  0.004007  0.534077  0.701489  0.471885  -0.801176  0.598171  0.017546  -0.269959  -0.387434  0.881486  -0.044983  0.068739  -0.002742  -0.586717  0.373882  -0.400751  1.000000  
34.791815 0.024659  -0.034926  0.004006  0.534612  0.701691  0.470977  -0.800906  0.598537  0.017381  -0.269702  -0.386501  0.881974  -0.044972  0.069097  -0.002489  -0.609016  0.374892  -0.393108  1.000000  
34.793060 0.024603  -0.034835  0.004004  0.535476  0.701760  0.469892  -0.800416  0.599197  0.017262  -0.269444  -0.385352  0.882555  -0.044955  0.069533  -0.002269  -0.627626  0.385455  -0.395918  1.000000  
34.794305 0.024547  -0.034745  0.004001  0.536195  0.702035  0.468659  -0.800064  0.599672  0.017071  -0.269057  -0.384110  0.883214  -0.044961  0.069929  -0.002260  -0.652349  0.393319  -0.392767  1.000000  
34.795311 0.024502  -0.034673  0.003998  0.536894  0.702166  0.467662  -0.799682  0.600185  0.016925  -0.268800  -0.383067  0.883746  -0.044954  0.070159  -0.002174  -0.674899  0.399745  -0.397286  1.000000  
34.796556 0.024445  -0.034583  0.003994  0.537942  0.702246  0.466335  -0.799108  0.600952  0.016849  -0.268413  -0.381716  0.884447  -0.044906  0.070507  -0.002216  -0.699922  0.413008  -0.406337  1.000000  
34.797804 0.024388  -0.034494  0.003989  0.539009  0.702352  0.464943  -0.798562  0.601677  0.016869  -0.267897  -0.380378  0.885180  -0.044987  0.070846  -0.002373  -0.725669  0.429810  -0.416419  1.000000  
34.798804 0.024344  -0.034422  0.003985  0.539726  0.702561  0.463792  -0.798206  0.602151  0.016743  -0.267511  -0.379238  0.885786  -0.044990  0.071059  -0.002529  -0.747713  0.439959  -0.419000  1.000000  
34.799807 0.024298  -0.034352  0.003980  0.540588  0.702728  0.462534  -0.797710  0.602817  0.016466  -0.267253  -0.377869  0.886448  -0.044972  0.071292  -0.002740  -0.778792  0.452625  -0.433361  1.000000  
34.801055 0.024243  -0.034263  0.003975  0.541817  0.702756  0.461051  -0.797048  0.603691  0.016499  -0.266737  -0.376419  0.887220  -0.044914  0.071503  -0.002895  -0.801997  0.468427  -0.448677  1.000000  
34.802059 0.024199  -0.034192  0.003970  0.542698  0.702890  0.459810  -0.796578  0.604313  0.016389  -0.266350  -0.375169  0.887866  -0.044743  0.071642  -0.003079  -0.824986  0.484208  -0.463816  1.000000  
34.803304 0.024143  -0.034103  0.003964  0.543925  0.703077  0.458069  -0.795913  0.605194  0.016196  -0.265834  -0.373393  0.888769  -0.044778  0.071713  -0.003201  -0.859741  0.502635  -0.479654  1.000000  
34.804555 0.024088  -0.034013  0.003958  0.545336  0.703108  0.456342  -0.795163  0.606178  0.016264  -0.265189  -0.371736  0.889656  -0.044750  0.071784  -0.003411  -0.885180  0.534155  -0.509555  1.000000  
34.805805 0.024034  -0.033922  0.003952  0.546725  0.703105  0.454681  -0.794380  0.607204  0.016230  -0.264673  -0.370063  0.890506  -0.044699  0.071794  -0.003721  -0.912745  0.554925  -0.537195  1.000000  
34.806815 0.023990  -0.033850  0.003946  0.547786  0.703183  0.453282  -0.793821  0.607935  0.016225  -0.264157  -0.368712  0.891220  -0.044603  0.071755  -0.004031  -0.935137  0.579062  -0.555270  1.000000  
34.808066 0.023934  -0.033762  0.003937  0.549357  0.703073  0.451548  -0.792949  0.609067  0.016373  -0.263512  -0.367049  0.892097  -0.044530  0.071548  -0.004496  -0.960707  0.610521  -0.585568  1.000000  
34.809310 0.023879  -0.033673  0.003927  0.550946  0.703040  0.449659  -0.792104  0.610163  0.016539  -0.262737  -0.365289  0.893047  -0.044500  0.071408  -0.004963  -0.984995  0.644743  -0.622453  1.000000  
34.810311 0.023834  -0.033603  0.003917  0.552167  0.703089  0.448082  -0.791424  0.611046  0.016468  -0.262221  -0.363716  0.893841  -0.044480  0.071312  -0.005416  -1.010499  0.666863  -0.642595  1.000000  
34.811555 0.023779  -0.033516  0.003904  0.553753  0.703099  0.446105  -0.790572  0.612146  0.016549  -0.261446  -0.361842  0.894827  -0.044412  0.071134  -0.005989  -1.034387  0.695112  -0.674070  1.000000  
34.812555 0.023736  -0.033447  0.003893  0.554992  0.703165  0.444458  -0.789916  0.612991  0.016566  -0.260800  -0.360279  0.895646  -0.044306  0.070976  -0.006419  -1.057997  0.719512  -0.700301  1.000000  
34.813555 0.023692  -0.033378  0.003883  0.556088  0.703380  0.442744  -0.789401  0.613654  0.016587  -0.260025  -0.358726  0.896494  -0.044205  0.070825  -0.006848  -1.086313  0.748947  -0.718774  1.000000  
34.814807 0.023638  -0.033292  0.003868  0.557710  0.703428  0.440624  -0.788596  0.614681  0.016849  -0.258991  -0.356871  0.897534  -0.044015  0.070663  -0.007423  -1.109837  0.784508  -0.746502  1.000000  
34.815807 0.023596  -0.033222  0.003857  0.558824  0.703714  0.438752  -0.788104  0.615311  0.016885  -0.258087  -0.355217  0.898450  -0.043870  0.070576  -0.007969  -1.142502  0.818294  -0.763677  1.000000  
34.817055 0.023542  -0.033136  0.003842  0.560443  0.703854  0.436455  -0.787292  0.616347  0.016986  -0.257052  -0.353137  0.899565  -0.043783  0.070420  -0.008543  -1.177207  0.853279  -0.793643  1.000000  
34.818305 0.023490  -0.033049  0.003826  0.561918  0.704193  0.434005  -0.786619  0.617205  0.017014  -0.255888  -0.350957  0.900750  -0.043575  0.070197  -0.009250  -1.211565  0.891218  -0.808144  1.000000  
34.819557 0.023438  -0.032962  0.003809  0.563392  0.704523  0.431551  -0.785942  0.618065  0.017036  -0.254724  -0.348772  0.901928  -0.043366  0.070012  -0.010005  -1.248112  0.927426  -0.830536  1.000000  
34.820807 0.023385  -0.032875  0.003791  0.564864  0.704949  0.428923  -0.785262  0.618933  0.016902  -0.253559  -0.346364  0.903183  -0.043242  0.069774  -0.010759  -1.286379  0.959835  -0.844527  1.000000  
34.821809 0.023342  -0.032806  0.003777  0.565992  0.705334  0.426797  -0.784783  0.619541  0.016864  -0.252524  -0.344488  0.904190  -0.043235  0.069633  -0.011259  -1.318129  0.990814  -0.854538  1.000000  
34.823059 0.023286  -0.032721  0.003759  0.567482  0.705718  0.424178  -0.784123  0.620376  0.016891  -0.251229  -0.342193  0.905421  -0.043198  0.069413  -0.011915  -1.357958  1.029585  -0.861589  1.000000  
34.824066 0.023242  -0.032653  0.003744  0.568788  0.705988  0.421972  -0.783548  0.621097  0.017029  -0.250063  -0.340321  0.906449  -0.043138  0.069161  -0.012376  -1.388817  1.068847  -0.879056  1.000000  
34.825066 0.023198  -0.032585  0.003729  0.569933  0.706431  0.419681  -0.783088  0.621678  0.017000  -0.248897  -0.338336  0.907512  -0.043116  0.069013  -0.012722  -1.423083  1.101797  -0.881979  1.000000  
34.826311 0.023143  -0.032501  0.003709  0.571295  0.707020  0.416826  -0.782588  0.622307  0.017046  -0.247342  -0.335941  0.908826  -0.043121  0.068825  -0.013211  -1.463315  1.140078  -0.875884  1.000000  
34.827556 0.023089  -0.032416  0.003691  0.572637  0.707573  0.414038  -0.782056  0.622976  0.016988  -0.245916  -0.333530  0.910101  -0.043062  0.068718  -0.013531  -1.503671  1.170119  -0.873348  1.000000  
34.828562 0.023046  -0.032349  0.003676  0.573758  0.707915  0.411896  -0.781560  0.623600  0.016924  -0.244878  -0.331632  0.911074  -0.043048  0.068570  -0.013817  -1.529277  1.194278  -0.879636  1.000000  
34.829810 0.022994  -0.032263  0.003657  0.574936  0.708627  0.409019  -0.781140  0.624132  0.016696  -0.243451  -0.329100  0.912373  -0.042913  0.068520  -0.014076  -1.563108  1.225783  -0.869705  1.000000  
34.831054 0.022943  -0.032177  0.003639  0.576312  0.709252  0.405988  -0.780651  0.624743  0.016743  -0.241763  -0.326584  0.913725  -0.042805  0.068511  -0.014344  -1.602582  1.258119  -0.855540  1.000000  
34.832062 0.022902  -0.032109  0.003624  0.577448  0.709646  0.403678  -0.780171  0.625343  0.016688  -0.240595  -0.324575  0.914749  -0.042665  0.068365  -0.014565  -1.634641  1.285115  -0.850945  1.000000  
34.833305 0.022853  -0.032023  0.003604  0.578641  0.710402  0.400629  -0.779767  0.625853  0.016469  -0.239036  -0.321927  0.916092  -0.042531  0.068327  -0.014775  -1.670855  1.314651  -0.835639  1.000000  
34.834305 0.022813  -0.031955  0.003589  0.579813  0.710927  0.397994  -0.779333  0.626394  0.016450  -0.237606  -0.319708  0.917240  -0.042396  0.068279  -0.014924  -1.704731  1.342463  -0.827414  1.000000  
34.835555 0.022761  -0.031870  0.003570  0.581041  0.711711  0.394790  -0.778971  0.626844  0.016418  -0.235787  -0.317070  0.918625  -0.042297  0.068186  -0.014979  -1.746365  1.377819  -0.802613  1.000000  
34.836557 0.022719  -0.031803  0.003556  0.582049  0.712346  0.392150  -0.778650  0.627246  0.016310  -0.234356  -0.314841  0.919757  -0.042218  0.068038  -0.015004  -1.781942  1.398756  -0.786296  1.000000  
34.837805 0.022667  -0.031719  0.003537  0.583452  0.713098  0.388685  -0.778185  0.627823  0.016297  -0.232404  -0.311977  0.921227  -0.041981  0.067949  -0.015005  -1.827308  1.433833  -0.762270  1.000000  
34.839060 0.022615  -0.031636  0.003520  0.584692  0.713963  0.385217  -0.777835  0.628259  0.016197  -0.230452  -0.309106  0.922684  -0.041820  0.067844  -0.014943  -1.872508  1.464705  -0.739923  1.000000  
34.840069 0.022574  -0.031569  0.003506  0.585751  0.714641  0.382341  -0.777576  0.628575  0.016374  -0.228629  -0.306890  0.923876  -0.041568  0.067649  -0.014812  -1.908216  1.503609  -0.710589  1.000000  
34.841308 0.022522  -0.031486  0.003489  0.587164  0.715375  0.378784  -0.777120  0.629137  0.016443  -0.226544  -0.304015  0.925339  -0.041409  0.067629  -0.014678  -1.950286  1.539663  -0.687154  1.000000  
34.842310 0.022481  -0.031419  0.003476  0.588183  0.715982  0.376047  -0.776804  0.629528  0.016414  -0.224980  -0.301769  0.926455  -0.041191  0.067563  -0.014583  -1.979317  1.563193  -0.667423  1.000000  
34.843558 0.022431  -0.031336  0.003460  0.589592  0.716643  0.372565  -0.776338  0.630100  0.016549  -0.222894  -0.298993  0.927859  -0.041001  0.067495  -0.014391  -2.011611  1.593293  -0.653694  1.000000  
34.844807 0.022382  -0.031252  0.003444  0.590980  0.717266  0.369152  -0.775842  0.630710  0.016578  -0.220937  -0.296201  0.929221  -0.040766  0.067393  -0.014218  -2.045094  1.616500  -0.638991  1.000000  
34.846055 0.022333  -0.031169  0.003428  0.592401  0.717966  0.365494  -0.775386  0.631266  0.016723  -0.218718  -0.293306  0.930663  -0.040621  0.067187  -0.014025  -2.079772  1.653363  -0.626670  1.000000  
34.847304 0.022285  -0.031086  0.003414  0.593801  0.718627  0.361906  -0.774902  0.631859  0.016762  -0.216628  -0.290395  0.932064  -0.040539  0.067024  -0.013645  -2.113558  1.677051  -0.608732  1.000000  
34.848306 0.022245  -0.031020  0.003403  0.595004  0.719137  0.358904  -0.774488  0.632362  0.016906  -0.214799  -0.288026  0.933221  -0.040508  0.066833  -0.013345  -2.135230  1.705249  -0.602630  1.000000  
34.849554 0.022195  -0.030938  0.003391  0.596558  0.719639  0.355300  -0.773870  0.633117  0.017007  -0.212708  -0.285102  0.934597  -0.040464  0.066643  -0.012940  -2.158426  1.730083  -0.595858  1.000000  
34.850555 0.022155  -0.030872  0.003381  0.597915  0.719995  0.352284  -0.773323  0.633779  0.017213  -0.210877  -0.282721  0.935735  -0.040421  0.066488  -0.012619  -2.175808  1.762190  -0.592362  1.000000  
34.851555 0.022113  -0.030808  0.003372  0.599094  0.720448  0.349344  -0.772872  0.634327  0.017242  -0.209177  -0.280328  0.936836  -0.040435  0.066351  -0.012216  -2.193837  1.782291  -0.589805  1.000000  
34.852805 0.022060  -0.030728  0.003362  0.600815  0.720883  0.345469  -0.772135  0.635222  0.017337  -0.206952  -0.277165  0.938270  -0.040447  0.066070  -0.011727  -2.222811  1.812615  -0.592134  1.000000  
34.854055 0.022007  -0.030647  0.003349  0.602391  0.721411  0.341601  -0.771535  0.635946  0.017528  -0.204595  -0.274116  0.939682  -0.040587  0.065919  -0.011404  -2.245673  1.836646  -0.586464  1.000000  
34.855055 0.021964  -0.030582  0.003341  0.603721  0.721735  0.338555  -0.770945  0.636661  0.017531  -0.202892  -0.271591  0.940783  -0.040644  0.065841  -0.011063  -2.261970  1.854330  -0.592274  1.000000  
34.856064 0.021922  -0.030517  0.003330  0.605065  0.722029  0.335515  -0.770372  0.637349  0.017704  -0.201058  -0.269184  0.941868  -0.040636  0.065658  -0.010780  -2.277767  1.876038  -0.599697  1.000000  
34.857311 0.021869  -0.030437  0.003320  0.606789  0.722379  0.331626  -0.769627  0.638242  0.017940  -0.198698  -0.266114  0.943240  -0.040798  0.065452  -0.010338  -2.297170  1.908354  -0.609106  1.000000  
34.858561 0.021817  -0.030356  0.003310  0.608509  0.722710  0.327729  -0.768875  0.639142  0.018166  -0.196337  -0.263036  0.944597  -0.040959  0.065322  -0.009984  -2.316331  1.939889  -0.615380  1.000000  
34.859810 0.021764  -0.030275  0.003301  0.610400  0.722913  0.323743  -0.768008  0.640171  0.018547  -0.193844  -0.259958  0.945963  -0.041245  0.065091  -0.009480  -2.330663  1.979189  -0.633790  1.000000  
34.861057 0.021710  -0.030196  0.003292  0.612127  0.723189  0.319841  -0.767259  0.641058  0.018927  -0.191349  -0.256987  0.947282  -0.041598  0.064870  -0.009008  -2.342654  2.007362  -0.645344  1.000000  
34.862306 0.021655  -0.030117  0.003284  0.614007  0.723315  0.315928  -0.766374  0.642103  0.019363  -0.188853  -0.254008  0.948585  -0.041982  0.064606  -0.008621  -2.351622  2.048124  -0.667324  1.000000  
34.863555 0.021600  -0.030038  0.003277  0.615756  0.723596  0.311853  -0.765646  0.642954  0.019920  -0.186093  -0.251035  0.949921  -0.042371  0.064351  -0.008235  -2.355556  2.088886  -0.675580  1.000000  
34.864560 0.021555  -0.029975  0.003271  0.617108  0.723795  0.308704  -0.765066  0.643632  0.020313  -0.183989  -0.248715  0.950941  -0.042684  0.064079  -0.007932  -2.360491  2.106509  -0.682501  1.000000  
34.865562 0.021510  -0.029913  0.003265  0.618425  0.723978  0.305623  -0.764442  0.644368  0.020424  -0.182148  -0.246262  0.951933  -0.042941  0.063906  -0.007750  -2.367350  2.121268  -0.697230  1.000000  
34.866564 0.021466  -0.029850  0.003260  0.619756  0.724170  0.302458  -0.763833  0.645085  0.020627  -0.180174  -0.243811  0.952939  -0.043116  0.063801  -0.007516  -2.370404  2.140358  -0.710947  1.000000  
34.867812 0.021409  -0.029773  0.003253  0.621457  0.724419  0.298343  -0.763036  0.646022  0.020793  -0.177673  -0.240569  0.954232  -0.043331  0.063650  -0.007247  -2.377304  2.161175  -0.733249  1.000000  
34.869062 0.021353  -0.029694  0.003246  0.623168  0.724560  0.294404  -0.762248  0.646935  0.021283  -0.175039  -0.237672  0.955444  -0.043572  0.063530  -0.006807  -2.373610  2.180078  -0.748828  1.000000  
34.870313 0.021299  -0.029614  0.003240  0.624889  0.724739  0.290288  -0.761470  0.647834  0.021783  -0.172272  -0.234658  0.956691  -0.043664  0.063404  -0.006485  -2.372371  2.202401  -0.765876  1.000000  
34.871562 0.021244  -0.029535  0.003235  0.626448  0.725031  0.286170  -0.760810  0.648594  0.022213  -0.169503  -0.231636  0.957921  -0.043815  0.063347  -0.006052  -2.374028  2.228690  -0.784984  1.000000  
34.872809 0.021191  -0.029456  0.003231  0.628171  0.725156  0.282046  -0.760029  0.649486  0.022869  -0.166602  -0.228729  0.959128  -0.043821  0.063220  -0.005679  -2.374732  2.256007  -0.798458  1.000000  
34.874063 0.021138  -0.029377  0.003229  0.629889  0.725295  0.277826  -0.759238  0.650391  0.023435  -0.163698  -0.225698  0.960345  -0.043829  0.063119  -0.005149  -2.383024  2.287080  -0.810717  1.000000  
34.875317 0.021085  -0.029298  0.003226  0.631444  0.725581  0.273516  -0.758567  0.651158  0.023854  -0.160794  -0.222542  0.961572  -0.043744  0.063016  -0.004742  -2.389190  2.312261  -0.818414  1.000000  
34.876560 0.021032  -0.029221  0.003223  0.632980  0.725729  0.269544  -0.757870  0.651949  0.024402  -0.158020  -0.219725  0.962679  -0.043721  0.062841  -0.004336  -2.383609  2.329300  -0.828352  1.000000  
34.877563 0.020989  -0.029160  0.003221  0.634300  0.725790  0.266254  -0.757230  0.652677  0.024807  -0.155774  -0.217351  0.963584  -0.043643  0.062680  -0.004131  -2.381094  2.346441  -0.836884  1.000000  
34.878810 0.020936  -0.029083  0.003220  0.635696  0.726046  0.262198  -0.756679  0.653287  0.025560  -0.152733  -0.214648  0.964676  -0.043481  0.062607  -0.003711  -2.373792  2.368263  -0.831322  1.000000  
34.880062 0.020882  -0.029008  0.003219  0.637229  0.726131  0.258212  -0.755971  0.654078  0.026259  -0.149823  -0.211934  0.965731  -0.043405  0.062373  -0.003310  -2.365038  2.391865  -0.832450  1.000000  
34.881305 0.020830  -0.028932  0.003217  0.638587  0.726285  0.254397  -0.755371  0.654746  0.026877  -0.147045  -0.209327  0.966726  -0.043150  0.062245  -0.002914  -2.350031  2.405734  -0.829596  1.000000  
34.882305 0.020787  -0.028872  0.003217  0.639746  0.726413  0.251096  -0.754849  0.655327  0.027378  -0.144662  -0.207055  0.967575  -0.042994  0.062147  -0.002489  -2.341976  2.419408  -0.825336  1.000000  
34.883554 0.020736  -0.028797  0.003218  0.641274  0.726467  0.247008  -0.754130  0.656121  0.028151  -0.141616  -0.204328  0.968605  -0.042660  0.061929  -0.002035  -2.328948  2.437892  -0.822742  1.000000  
34.884555 0.020694  -0.028737  0.003220  0.642257  0.726657  0.243875  -0.753713  0.656582  0.028569  -0.139364  -0.202161  0.969386  -0.042498  0.061672  -0.001549  -2.318489  2.451076  -0.817299  1.000000  
34.885805 0.020643  -0.028663  0.003223  0.643595  0.726752  0.240038  -0.753081  0.657281  0.029158  -0.136582  -0.199534  0.970326  -0.042295  0.061294  -0.000977  -2.302159  2.463057  -0.809250  1.000000  
34.886808 0.020602  -0.028603  0.003226  0.644570  0.726889  0.236985  -0.752652  0.657750  0.029646  -0.134328  -0.197476  0.971061  -0.042082  0.061053  -0.000579  -2.291655  2.467138  -0.800598  1.000000  
34.888061 0.020552  -0.028530  0.003231  0.645765  0.727097  0.233062  -0.752166  0.658270  0.030450  -0.131278  -0.194964  0.971985  -0.041941  0.060766  -0.000008  -2.275306  2.485569  -0.780795  1.000000  
34.889308 0.020501  -0.028458  0.003236  0.646954  0.727288  0.229132  -0.751670  0.658799  0.031247  -0.128227  -0.192447  0.972894  -0.041757  0.060137  0.000621  -2.262118  2.494744  -0.760076  1.000000  
34.890315 0.020459  -0.028402  0.003241  0.647773  0.727516  0.226077  -0.751369  0.659113  0.031852  -0.125838  -0.190500  0.973589  -0.041719  0.059757  0.001027  -2.244559  2.496478  -0.742411  1.000000  
34.891561 0.020408  -0.028332  0.003248  0.648796  0.727762  0.222320  -0.750991  0.659499  0.032752  -0.122784  -0.188210  0.974424  -0.041623  0.059153  0.001760  -2.225050  2.508773  -0.711733  1.000000  
34.892813 0.020356  -0.028264  0.003257  0.649802  0.728005  0.218555  -0.750593  0.659917  0.033469  -0.119862  -0.185794  0.975251  -0.041490  0.058624  0.002429  -2.208400  2.505038  -0.691886  1.000000  
34.894057 0.020301  -0.028198  0.003266  0.650793  0.728138  0.215135  -0.750175  0.660348  0.034322  -0.117072  -0.183726  0.975981  -0.041593  0.058045  0.003122  -2.180129  2.502754  -0.674839  1.000000  
34.895309 0.020247  -0.028132  0.003277  0.651778  0.728287  0.211622  -0.749750  0.660790  0.035091  -0.114281  -0.181535  0.976721  -0.041638  0.057337  0.003977  -2.154645  2.503251  -0.653701  1.000000  
34.896555 0.020193  -0.028067  0.003289  0.652758  0.728398  0.208193  -0.749318  0.661235  0.035935  -0.111490  -0.179460  0.977427  -0.041687  0.056634  0.004796  -2.125735  2.509247  -0.631682  1.000000  
34.897804 0.020139  -0.028003  0.003301  0.653732  0.728472  0.204848  -0.748879  0.661682  0.036854  -0.108697  -0.177499  0.978100  -0.041925  0.055942  0.005567  -2.084220  2.510491  -0.610650  1.000000  
34.898805 0.020095  -0.027951  0.003311  0.654510  0.728513  0.202204  -0.748524  0.662037  0.037654  -0.106436  -0.176000  0.978619  -0.041997  0.055306  0.006261  -2.057241  2.509337  -0.595284  1.000000  
