1-Time 2-Px 3-Py 4-Pz 5-R11 6-R21 7-R31 8-R12 9-R22 10-R32 11-R13 12-R23 13-R33 14-Vx 15-Vy 16-Vz 17-Wx 18-Wy 19-Wz 20-state
7.726167 -0.046449  0.057850  0.001819  0.965892  0.073287  -0.248359  0.157878  0.593558  0.789153  0.205250  -0.801447  0.561743  0.000000  0.000000  0.000000  0.000000  0.000000  0.000000  1.000000  
7.727384 -0.046448  0.057848  0.001818  0.965859  0.073195  -0.248512  0.158077  0.593478  0.789174  0.205250  -0.801515  0.561646  0.001018  -0.001772  -0.000570  0.000000  0.000000  0.000000  1.000000  
7.728386 -0.046437  0.057835  0.001817  0.965859  0.073225  -0.248503  0.158077  0.593382  0.789246  0.205250  -0.801583  0.561548  0.005807  -0.007337  -0.000664  0.000000  0.000000  0.000000  1.000000  
7.729635 -0.046415  0.057810  0.001816  0.965859  0.073285  -0.248486  0.158077  0.593191  0.789390  0.205250  -0.801720  0.561354  0.010396  -0.012014  -0.000979  0.000000  0.000000  0.000000  1.000000  
7.730635 -0.046394  0.057788  0.001813  0.965859  0.073345  -0.248468  0.158077  0.592999  0.789534  0.205250  -0.801856  0.561159  0.012977  -0.014462  -0.001396  0.000000  0.000000  0.000000  1.000000  
7.731881 -0.046361  0.057756  0.001806  0.965827  0.073404  -0.248577  0.158276  0.592439  0.789914  0.205250  -0.802264  0.560576  0.015919  -0.017104  -0.002386  0.000000  0.000000  0.000000  1.000000  
7.732954 -0.046328  0.057725  0.001797  0.965800  0.073661  -0.248606  0.158271  0.591978  0.790261  0.205381  -0.802581  0.560073  0.018408  -0.019000  -0.003318  0.000000  0.000000  0.000000  1.000000  
7.734132 -0.046278  0.057679  0.001785  0.965740  0.073826  -0.248789  0.158466  0.591435  0.790628  0.205512  -0.802966  0.559473  0.021983  -0.022007  -0.004304  0.000000  0.000000  0.000000  1.000000  
7.735380 -0.046223  0.057627  0.001776  0.965675  0.073764  -0.249061  0.158863  0.590890  0.790956  0.205512  -0.803373  0.558889  0.025093  -0.024714  -0.004757  0.000000  0.000000  0.000000  1.000000  
7.736437 -0.046175  0.057582  0.001769  0.965642  0.073733  -0.249197  0.159062  0.590617  0.791120  0.205512  -0.803576  0.558596  0.027193  -0.026608  -0.004948  0.000000  0.000000  0.000000  1.000000  
7.737629 -0.046113  0.057522  0.001758  0.965625  0.073231  -0.249411  0.159672  0.590034  0.791432  0.205119  -0.804050  0.558058  0.029829  -0.029175  -0.005439  0.000000  0.000000  0.000000  1.000000  
7.738685 -0.046062  0.057472  0.001746  0.965673  0.072912  -0.249318  0.159884  0.589612  0.791703  0.204726  -0.804389  0.557715  0.031425  -0.030715  -0.005886  0.379992  0.109539  -0.129419  1.000000  
7.739882 -0.045997  0.057409  0.001730  0.965721  0.072593  -0.249225  0.160097  0.589190  0.791975  0.204333  -0.804727  0.557372  0.033439  -0.032648  -0.006589  0.379261  0.095131  -0.150909  1.000000  
7.741130 -0.045932  0.057342  0.001712  0.965763  0.072047  -0.249222  0.160512  0.588765  0.792207  0.203809  -0.805087  0.557043  0.035063  -0.034451  -0.007226  0.374392  0.088805  -0.183544  1.000000  
7.742187 -0.045877  0.057284  0.001699  0.965783  0.071774  -0.249220  0.160720  0.588553  0.792323  0.203547  -0.805267  0.556879  0.038529  -0.038068  -0.008081  0.361972  0.083658  -0.192404  1.000000  
7.743379 -0.045809  0.057208  0.001681  0.965738  0.071288  -0.249537  0.161325  0.588273  0.792407  0.203285  -0.805514  0.556617  0.041923  -0.041798  -0.009118  0.350646  0.098052  -0.212183  1.000000  
7.744683 -0.045740  0.057132  0.001662  0.965725  0.070894  -0.249699  0.161732  0.588074  0.792472  0.203023  -0.805694  0.556452  0.045256  -0.045490  -0.010391  0.334295  0.100809  -0.221613  1.000000  
7.745880 -0.045673  0.057054  0.001640  0.965718  0.070727  -0.249772  0.161935  0.587879  0.792575  0.202892  -0.805851  0.556272  0.047699  -0.048545  -0.011446  0.324127  0.099232  -0.219572  1.000000  
7.746881 -0.045618  0.056991  0.001621  0.965752  0.070939  -0.249583  0.161736  0.587576  0.792840  0.202892  -0.806054  0.555979  0.049816  -0.051350  -0.012383  0.328090  0.086342  -0.203204  1.000000  
7.747936 -0.045563  0.056928  0.001600  0.965752  0.071000  -0.249565  0.161736  0.587384  0.792983  0.202892  -0.806188  0.555783  0.051034  -0.053205  -0.013168  0.323251  0.082129  -0.193223  1.000000  
7.748999 -0.045507  0.056862  0.001576  0.965758  0.071318  -0.249450  0.161533  0.587098  0.793236  0.203023  -0.806368  0.555475  0.051877  -0.054938  -0.014052  0.326007  0.074358  -0.174182  1.000000  
7.750147 -0.045437  0.056778  0.001544  0.965771  0.071893  -0.249235  0.161126  0.586719  0.793599  0.203285  -0.806593  0.555052  0.053196  -0.057535  -0.015705  0.334196  0.063292  -0.146816  1.000000  
7.751152 -0.045382  0.056709  0.001516  0.965757  0.072545  -0.249101  0.160715  0.586454  0.793878  0.203678  -0.806727  0.554713  0.053838  -0.059127  -0.017051  0.338718  0.056621  -0.118249  1.000000  
7.752383 -0.045312  0.056621  0.001477  0.965742  0.073287  -0.248941  0.160304  0.585899  0.794371  0.204071  -0.807063  0.554079  0.054295  -0.060987  -0.019017  0.353838  0.050029  -0.091083  1.000000  
7.753387 -0.045256  0.056551  0.001442  0.965760  0.074119  -0.248625  0.159694  0.585424  0.794843  0.204464  -0.807332  0.553543  0.054746  -0.062404  -0.020547  0.367860  0.038267  -0.062714  1.000000  
7.754637 -0.045187  0.056462  0.001393  0.965783  0.075238  -0.248199  0.158881  0.584758  0.795496  0.204988  -0.807711  0.552795  0.054922  -0.064177  -0.022813  0.387609  0.023928  -0.028097  1.000000  
7.755640 -0.045133  0.056389  0.001352  0.965800  0.076070  -0.247880  0.158271  0.584281  0.795968  0.205381  -0.807978  0.552259  0.055035  -0.065472  -0.024675  0.399393  0.013932  -0.004080  1.000000  
7.756688 -0.045078  0.056315  0.001310  0.965789  0.076977  -0.247643  0.157657  0.583918  0.796357  0.205905  -0.808155  0.551805  0.055085  -0.066666  -0.026590  0.408390  0.007210  0.022305  1.000000  
7.757889 -0.045010  0.056221  0.001255  0.965809  0.078065  -0.247222  0.156844  0.583344  0.796938  0.206428  -0.808465  0.551154  0.055087  -0.067867  -0.028841  0.433078  -0.010328  0.055938  1.000000  
7.759141 -0.044940  0.056126  0.001200  0.965861  0.079242  -0.246644  0.155832  0.582848  0.797499  0.206952  -0.808708  0.550602  0.055097  -0.069151  -0.031558  0.460004  -0.028063  0.090417  1.000000  
7.760141 -0.044884  0.056051  0.001155  0.965907  0.080192  -0.246157  0.155024  0.582350  0.798020  0.207345  -0.808973  0.550064  0.055449  -0.070237  -0.033319  0.473888  -0.042735  0.116884  1.000000  
7.761389 -0.044814  0.055958  0.001099  0.965984  0.081261  -0.245504  0.154016  0.581834  0.798591  0.207737  -0.809238  0.549527  0.055450  -0.071046  -0.035680  0.482423  -0.068589  0.150990  1.000000  
7.762415 -0.044756  0.055884  0.001055  0.966024  0.081953  -0.245117  0.153411  0.581430  0.799002  0.207999  -0.809458  0.549103  0.055602  -0.071691  -0.037255  0.482210  -0.082767  0.166007  1.000000  
7.763665 -0.044680  0.055791  0.001001  0.966071  0.083098  -0.244544  0.152399  0.581025  0.799490  0.208522  -0.809632  0.548648  0.056369  -0.073074  -0.039260  0.482791  -0.106142  0.203780  1.000000  
7.764948 -0.044602  0.055696  0.000948  0.966086  0.084123  -0.244135  0.151586  0.580636  0.799927  0.209046  -0.809806  0.548192  0.056442  -0.073087  -0.040299  0.482666  -0.131905  0.237465  1.000000  
7.766133 -0.044522  0.055602  0.000896  0.966099  0.085118  -0.243735  0.150773  0.580342  0.800294  0.209569  -0.809912  0.547835  0.057416  -0.073876  -0.041336  0.487828  -0.149045  0.270163  1.000000  
7.767389 -0.044440  0.055507  0.000845  0.966085  0.086249  -0.243396  0.149956  0.579966  0.800720  0.210223  -0.810062  0.547363  0.058138  -0.074385  -0.042273  0.488763  -0.168917  0.328199  1.000000  
7.768634 -0.044358  0.055411  0.000793  0.966038  0.087261  -0.243221  0.149338  0.579607  0.801095  0.210877  -0.810210  0.546891  0.058955  -0.074862  -0.042698  0.491497  -0.170042  0.370773  1.000000  
7.769882 -0.044275  0.055313  0.000740  0.966021  0.088421  -0.242869  0.148521  0.579132  0.801591  0.211531  -0.810425  0.546321  0.059925  -0.075407  -0.042882  0.503307  -0.182055  0.429373  1.000000  
7.770889 -0.044207  0.055233  0.000698  0.966000  0.089326  -0.242620  0.147907  0.578753  0.801978  0.212054  -0.810596  0.545864  0.060845  -0.075857  -0.042916  0.513077  -0.186814  0.470475  1.000000  
7.772134 -0.044121  0.055130  0.000644  0.965951  0.090366  -0.242431  0.147289  0.578293  0.802423  0.212708  -0.810809  0.545293  0.061989  -0.076511  -0.042911  0.527868  -0.190445  0.508477  1.000000  
7.773387 -0.044036  0.055026  0.000590  0.965957  0.091192  -0.242096  0.146680  0.577799  0.802890  0.213100  -0.811068  0.544754  0.063045  -0.077137  -0.042907  0.549359  -0.215827  0.560488  1.000000  
7.774636 -0.043952  0.054922  0.000533  0.965993  0.092195  -0.241573  0.145871  0.577091  0.803547  0.213492  -0.811460  0.544017  0.064044  -0.077797  -0.043003  0.573309  -0.232475  0.590456  1.000000  
7.775638 -0.043884  0.054839  0.000485  0.966026  0.092912  -0.241164  0.145266  0.576578  0.804024  0.213754  -0.811742  0.543493  0.064813  -0.078326  -0.043213  0.595066  -0.249034  0.620565  1.000000  
7.776886 -0.043798  0.054734  0.000423  0.966061  0.093943  -0.240627  0.144458  0.575769  0.804750  0.214146  -0.812197  0.542657  0.065858  -0.079167  -0.043628  0.619962  -0.258679  0.643029  1.000000  
7.777887 -0.043728  0.054648  0.000373  0.966093  0.094659  -0.240216  0.143853  0.575255  0.805226  0.214407  -0.812479  0.542133  0.066568  -0.079891  -0.044040  0.632471  -0.268937  0.657457  1.000000  
7.778887 -0.043657  0.054564  0.000321  0.966125  0.095404  -0.239793  0.143248  0.574642  0.805771  0.214669  -0.812825  0.541510  0.067181  -0.080552  -0.044598  0.648951  -0.278476  0.669920  1.000000  
7.779888 -0.043587  0.054479  0.000270  0.966186  0.096237  -0.239214  0.142444  0.574106  0.806295  0.214930  -0.813106  0.540985  0.067912  -0.081472  -0.045340  0.657629  -0.288840  0.674770  1.000000  
7.780899 -0.043518  0.054394  0.000219  0.966245  0.096844  -0.238729  0.141843  0.573573  0.806780  0.215061  -0.813410  0.540475  0.067973  -0.081812  -0.045901  0.668913  -0.302282  0.676665  1.000000  
7.782139 -0.043432  0.054287  0.000155  0.966334  0.097852  -0.237959  0.140840  0.572819  0.807492  0.215322  -0.813820  0.539753  0.068369  -0.082674  -0.046770  0.675943  -0.316927  0.682085  1.000000  
7.783392 -0.043346  0.054180  0.000092  0.966421  0.098859  -0.237186  0.139837  0.572063  0.808201  0.215583  -0.814230  0.539030  0.068568  -0.083382  -0.047479  0.683151  -0.333158  0.679868  1.000000  
7.784634 -0.043261  0.054071  0.000031  0.966507  0.100061  -0.236329  0.138630  0.571398  0.808879  0.215975  -0.814550  0.538389  0.068692  -0.084127  -0.047960  0.682270  -0.347636  0.685381  1.000000  
7.785888 -0.043177  0.053959  -0.000027  0.966564  0.101144  -0.235637  0.137623  0.570752  0.809507  0.216367  -0.814869  0.537749  0.068645  -0.084929  -0.048345  0.684075  -0.356157  0.685171  1.000000  
7.787137 -0.043096  0.053846  -0.000084  0.966618  0.102452  -0.234847  0.136413  0.570098  0.810172  0.216890  -0.815164  0.537092  0.068377  -0.085634  -0.048611  0.691308  -0.370104  0.688530  1.000000  
7.788387 -0.043015  0.053734  -0.000139  0.966671  0.103730  -0.234068  0.135203  0.569540  0.810768  0.217412  -0.815392  0.536533  0.068094  -0.086195  -0.048595  0.690562  -0.381652  0.695719  1.000000  
7.789635 -0.042936  0.053620  -0.000196  0.966693  0.105143  -0.233346  0.133989  0.568896  0.811421  0.218065  -0.815661  0.535860  0.067729  -0.086794  -0.048585  0.696485  -0.382689  0.706607  1.000000  
7.790887 -0.042857  0.053505  -0.000254  0.966769  0.106536  -0.232396  0.132580  0.568311  0.812062  0.218587  -0.815888  0.535301  0.067282  -0.087568  -0.048467  0.695686  -0.394212  0.713690  1.000000  
7.792140 -0.042778  0.053389  -0.000314  0.966787  0.107948  -0.231669  0.131366  0.567661  0.812714  0.219240  -0.816155  0.534627  0.066705  -0.088247  -0.048233  0.704035  -0.398973  0.731244  1.000000  
7.793383 -0.042700  0.053273  -0.000375  0.966888  0.109258  -0.230630  0.129960  0.566957  0.813431  0.219632  -0.816470  0.533984  0.066197  -0.088907  -0.048166  0.714481  -0.412440  0.735509  1.000000  
7.794386 -0.042637  0.053179  -0.000426  0.966960  0.110395  -0.229784  0.128754  0.566470  0.813962  0.220023  -0.816655  0.533540  0.065731  -0.089486  -0.048156  0.723551  -0.429629  0.746758  1.000000  
7.795678 -0.042558  0.053060  -0.000493  0.967057  0.111730  -0.228729  0.127349  0.565661  0.814745  0.220415  -0.817034  0.532798  0.064929  -0.090254  -0.048138  0.739939  -0.449203  0.751391  1.000000  
7.796889 -0.042480  0.052939  -0.000563  0.967178  0.113180  -0.227503  0.125745  0.564826  0.815573  0.220806  -0.817411  0.532056  0.064541  -0.091420  -0.048681  0.763288  -0.477475  0.759181  1.000000  
7.798133 -0.042401  0.052816  -0.000635  0.967296  0.114628  -0.226274  0.124141  0.563988  0.816399  0.221198  -0.817788  0.531313  0.064147  -0.092398  -0.049283  0.778084  -0.505594  0.766429  1.000000  
7.799379 -0.042322  0.052690  -0.000709  0.967411  0.116101  -0.225028  0.122536  0.563047  0.817290  0.221589  -0.818229  0.530471  0.063829  -0.093595  -0.050179  0.801260  -0.537906  0.778252  1.000000  
7.800379 -0.042257  0.052587  -0.000769  0.967502  0.117176  -0.224074  0.121334  0.562335  0.817959  0.221850  -0.818565  0.529843  0.063601  -0.094513  -0.051027  0.814091  -0.559956  0.781446  1.000000  
7.801628 -0.042177  0.052455  -0.000846  0.967637  0.118760  -0.222654  0.119530  0.561363  0.818892  0.222241  -0.819004  0.529000  0.063458  -0.095799  -0.052385  0.834221  -0.593407  0.791995  1.000000  
7.802629 -0.042112  0.052349  -0.000909  0.967720  0.120057  -0.221597  0.118125  0.560635  0.819595  0.222633  -0.819314  0.528356  0.063458  -0.096863  -0.053546  0.850131  -0.621781  0.809989  1.000000  
7.803880 -0.042030  0.052214  -0.000988  0.967818  0.121771  -0.220226  0.116317  0.559568  0.820581  0.223154  -0.819790  0.527396  0.063603  -0.098293  -0.055076  0.870154  -0.650330  0.827646  1.000000  
7.805129 -0.041946  0.052077  -0.001067  0.967890  0.123341  -0.219035  0.114709  0.558622  0.821452  0.223676  -0.820201  0.526536  0.063864  -0.099821  -0.056513  0.880671  -0.668575  0.849227  1.000000  
7.806129 -0.041878  0.051967  -0.001130  0.967912  0.124652  -0.218194  0.113499  0.557822  0.822163  0.224198  -0.820546  0.525775  0.064261  -0.101071  -0.057600  0.893711  -0.681064  0.867191  1.000000  
7.807131 -0.041809  0.051856  -0.001192  0.967909  0.125821  -0.217535  0.112489  0.557146  0.822761  0.224719  -0.820828  0.525113  0.064666  -0.102296  -0.058573  0.897093  -0.687909  0.881393  1.000000  
7.808378 -0.041722  0.051715  -0.001269  0.967920  0.127379  -0.216575  0.111077  0.556227  0.823573  0.225371  -0.821210  0.524235  0.065205  -0.103866  -0.059620  0.906345  -0.700642  0.899259  1.000000  
7.809385 -0.041652  0.051603  -0.001331  0.967937  0.128660  -0.215743  0.109868  0.555519  0.824213  0.225893  -0.821489  0.523572  0.065661  -0.105077  -0.060308  0.915143  -0.712956  0.916965  1.000000  
7.810630 -0.041564  0.051461  -0.001408  0.967952  0.129992  -0.214877  0.108658  0.554609  0.824986  0.226414  -0.821895  0.522710  0.066540  -0.106928  -0.061226  0.923034  -0.720364  0.931420  1.000000  
7.811635 -0.041493  0.051348  -0.001471  0.967920  0.131041  -0.214380  0.107848  0.553950  0.825535  0.226935  -0.822173  0.522046  0.066886  -0.107735  -0.061494  0.923092  -0.715797  0.937931  1.000000  
7.812882 -0.041402  0.051204  -0.001551  0.967932  0.132344  -0.213526  0.106639  0.553134  0.826239  0.227456  -0.822513  0.521283  0.067659  -0.109179  -0.062031  0.925255  -0.717428  0.948595  1.000000  
7.813883 -0.041330  0.051086  -0.001616  0.967959  0.133173  -0.212887  0.105835  0.552447  0.826802  0.227717  -0.822841  0.520652  0.068253  -0.110342  -0.062442  0.929315  -0.715435  0.951622  1.000000  
7.814916 -0.041257  0.050968  -0.001682  0.967985  0.133976  -0.212263  0.105031  0.551860  0.827296  0.227977  -0.823105  0.520120  0.068730  -0.111265  -0.062778  0.929263  -0.712284  0.946879  1.000000  
7.816130 -0.041166  0.050818  -0.001767  0.968001  0.135052  -0.211505  0.104025  0.551054  0.827960  0.228368  -0.823469  0.519372  0.069584  -0.112821  -0.063491  0.936845  -0.713454  0.943339  1.000000  
7.817378 -0.041074  0.050667  -0.001855  0.967996  0.136014  -0.210915  0.103218  0.550274  0.828580  0.228759  -0.823832  0.518624  0.070255  -0.113926  -0.064167  0.939591  -0.706193  0.932948  1.000000  
7.818382 -0.041000  0.050545  -0.001928  0.967998  0.136700  -0.210458  0.102614  0.549711  0.829029  0.229020  -0.824094  0.518092  0.070888  -0.114984  -0.064809  0.939642  -0.696815  0.920240  1.000000  
7.819632 -0.040906  0.050391  -0.002021  0.968021  0.137576  -0.209780  0.101810  0.548816  0.829720  0.229280  -0.824545  0.517259  0.071630  -0.116187  -0.065734  0.945109  -0.693424  0.901040  1.000000  
7.820882 -0.040811  0.050233  -0.002115  0.968013  0.138560  -0.209168  0.101004  0.547931  0.830403  0.229671  -0.824968  0.516410  0.072329  -0.117515  -0.066791  0.953229  -0.679622  0.885943  1.000000  
7.822131 -0.040715  0.050074  -0.002210  0.968004  0.139543  -0.208555  0.100197  0.547045  0.831085  0.230061  -0.825391  0.515560  0.072999  -0.118856  -0.068006  0.958876  -0.673860  0.870646  1.000000  
7.823381 -0.040619  0.049914  -0.002307  0.967974  0.140412  -0.208112  0.099590  0.546186  0.831723  0.230452  -0.825812  0.514710  0.073591  -0.120176  -0.069293  0.960977  -0.651814  0.855422  1.000000  
7.824630 -0.040523  0.049753  -0.002403  0.967913  0.141391  -0.207735  0.098979  0.545337  0.832353  0.230973  -0.826206  0.513843  0.074148  -0.121623  -0.070598  0.961952  -0.621955  0.840736  1.000000  
7.825878 -0.040427  0.049591  -0.002500  0.967901  0.142396  -0.207099  0.098173  0.544344  0.833098  0.231363  -0.826688  0.512892  0.074613  -0.122816  -0.071755  0.965786  -0.605768  0.829322  1.000000  
7.827128 -0.040331  0.049428  -0.002598  0.967839  0.143373  -0.206719  0.097562  0.543492  0.833726  0.231884  -0.827080  0.512024  0.075080  -0.124200  -0.073016  0.962532  -0.575830  0.814585  1.000000  
7.828134 -0.040254  0.049297  -0.002676  0.967786  0.144078  -0.206475  0.097155  0.542859  0.834185  0.232274  -0.827373  0.511373  0.075385  -0.125262  -0.074060  0.958861  -0.552646  0.802709  1.000000  
7.829163 -0.040178  0.049165  -0.002753  0.967764  0.144671  -0.206163  0.096750  0.542214  0.834652  0.232535  -0.827692  0.510738  0.075502  -0.126005  -0.074742  0.950113  -0.526433  0.779474  1.000000  
7.830380 -0.040083  0.049001  -0.002850  0.967680  0.145510  -0.205968  0.096339  0.541490  0.835169  0.233055  -0.828019  0.509970  0.075873  -0.127134  -0.075635  0.942217  -0.491060  0.762132  1.000000  
7.831382 -0.040008  0.048870  -0.002927  0.967637  0.145992  -0.205825  0.096134  0.540874  0.835592  0.233315  -0.828337  0.509335  0.076011  -0.127953  -0.076220  0.928813  -0.457368  0.740087  1.000000  
7.832632 -0.039915  0.048706  -0.003023  0.967584  0.146695  -0.205578  0.095726  0.540238  0.836050  0.233706  -0.828628  0.508683  0.076092  -0.128806  -0.076707  0.909915  -0.420372  0.710688  1.000000  
7.833641 -0.039840  0.048574  -0.003100  0.967561  0.147263  -0.205280  0.095322  0.539692  0.836449  0.233966  -0.828883  0.508147  0.076041  -0.129340  -0.076848  0.893936  -0.394637  0.688502  1.000000  
7.834649 -0.039766  0.048442  -0.003176  0.967518  0.147719  -0.205153  0.095116  0.539176  0.836805  0.234226  -0.829137  0.507612  0.075954  -0.129787  -0.076947  0.881852  -0.368775  0.666264  1.000000  
7.835897 -0.039673  0.048278  -0.003272  0.967495  0.148286  -0.204854  0.094712  0.538629  0.837203  0.234486  -0.829391  0.507076  0.075766  -0.130237  -0.076997  0.856442  -0.342234  0.633120  1.000000  
7.836904 -0.039598  0.048147  -0.003348  0.967483  0.148607  -0.204677  0.094510  0.538203  0.837500  0.234616  -0.829611  0.506657  0.075592  -0.130478  -0.076995  0.841988  -0.326830  0.607063  1.000000  
7.838133 -0.039506  0.047981  -0.003444  0.967409  0.149173  -0.204617  0.094301  0.537697  0.837848  0.235006  -0.829837  0.506105  0.075451  -0.131034  -0.077063  0.821131  -0.297965  0.578183  1.000000  
7.839386 -0.039413  0.047816  -0.003540  0.967385  0.149789  -0.204279  0.093897  0.536945  0.838376  0.235266  -0.830213  0.505368  0.075203  -0.131284  -0.077080  0.809252  -0.276964  0.548573  1.000000  
7.840631 -0.039321  0.047649  -0.003639  0.967310  0.150380  -0.204199  0.093689  0.536336  0.838789  0.235656  -0.830500  0.504714  0.074979  -0.131663  -0.077175  0.797590  -0.251187  0.526843  1.000000  
7.841881 -0.039228  0.047481  -0.003737  0.967254  0.151106  -0.203927  0.093281  0.535593  0.839308  0.236047  -0.830847  0.503960  0.074763  -0.131970  -0.077246  0.792156  -0.240503  0.511475  1.000000  
7.842881 -0.039154  0.047346  -0.003816  0.967179  0.151696  -0.203846  0.093073  0.534983  0.839720  0.236437  -0.831132  0.503306  0.074648  -0.132272  -0.077362  0.785920  -0.218119  0.497173  1.000000  
7.843883 -0.039080  0.047210  -0.003895  0.967135  0.152152  -0.203714  0.092868  0.534464  0.840074  0.236697  -0.831383  0.502769  0.074659  -0.132793  -0.077550  0.777196  -0.201391  0.486464  1.000000  
7.845132 -0.038987  0.047040  -0.003992  0.967028  0.152902  -0.203661  0.092657  0.533660  0.840608  0.237217  -0.831762  0.501896  0.074442  -0.133132  -0.077541  0.775904  -0.174876  0.472648  1.000000  
7.846378 -0.038895  0.046869  -0.004089  0.966971  0.153627  -0.203385  0.092249  0.532914  0.841126  0.237606  -0.832106  0.501141  0.074226  -0.133407  -0.077524  0.776121  -0.165726  0.468901  1.000000  
7.847385 -0.038822  0.046732  -0.004166  0.966927  0.154082  -0.203252  0.092044  0.532393  0.841478  0.237866  -0.832356  0.500603  0.074038  -0.133762  -0.077493  0.767898  -0.144469  0.458458  1.000000  
7.848631 -0.038731  0.046562  -0.004262  0.966851  0.154672  -0.203166  0.091836  0.531781  0.841888  0.238256  -0.832638  0.499948  0.073990  -0.134203  -0.077564  0.759197  -0.125273  0.451658  1.000000  
7.849882 -0.038641  0.046393  -0.004356  0.966793  0.155371  -0.202906  0.091429  0.531136  0.842339  0.238646  -0.832919  0.499293  0.073868  -0.134581  -0.077485  0.748043  -0.114172  0.444562  1.000000  
7.851131 -0.038551  0.046224  -0.004449  0.966748  0.155850  -0.202753  0.091224  0.530511  0.842755  0.238906  -0.833228  0.498654  0.073678  -0.134949  -0.077330  0.735223  -0.099670  0.430132  1.000000  
7.852379 -0.038462  0.046057  -0.004539  0.966703  0.156329  -0.202598  0.091019  0.529887  0.843170  0.239166  -0.833536  0.498014  0.073386  -0.135137  -0.076979  0.723784  -0.090857  0.419102  1.000000  
7.853629 -0.038375  0.045890  -0.004628  0.966658  0.156807  -0.202443  0.090814  0.529262  0.843585  0.239426  -0.833843  0.497375  0.072926  -0.135051  -0.076398  0.712661  -0.084403  0.404421  1.000000  
7.854878 -0.038289  0.045724  -0.004716  0.966594  0.157152  -0.202481  0.090808  0.528771  0.843893  0.239685  -0.834089  0.496836  0.072562  -0.135119  -0.075818  0.693747  -0.066867  0.390510  1.000000  
7.855885 -0.038221  0.045592  -0.004784  0.966581  0.157495  -0.202277  0.090606  0.528237  0.844249  0.239815  -0.834363  0.496314  0.072087  -0.134936  -0.074989  0.679871  -0.063233  0.375085  1.000000  
7.857128 -0.038138  0.045427  -0.004867  0.966568  0.157837  -0.202074  0.090404  0.527703  0.844605  0.239945  -0.834636  0.495791  0.071422  -0.134696  -0.073984  0.664633  -0.056695  0.360467  1.000000  
7.858129 -0.038073  0.045295  -0.004932  0.966554  0.158155  -0.201890  0.090202  0.527271  0.844896  0.240075  -0.834849  0.495370  0.070843  -0.134512  -0.073064  0.657673  -0.055312  0.346416  1.000000  
7.859378 -0.037992  0.045130  -0.005011  0.966541  0.158522  -0.201666  0.090000  0.526633  0.845315  0.240205  -0.835182  0.494746  0.070056  -0.134175  -0.071842  0.649756  -0.057334  0.334418  1.000000  
7.860378 -0.037928  0.044999  -0.005074  0.966528  0.158864  -0.201462  0.089798  0.526098  0.845670  0.240335  -0.835454  0.494223  0.069456  -0.134005  -0.070829  0.646356  -0.053585  0.324100  1.000000  
7.861380 -0.037865  0.044867  -0.005136  0.966496  0.159097  -0.201431  0.089795  0.525596  0.845982  0.240465  -0.835726  0.493700  0.068579  -0.133368  -0.069650  0.640747  -0.050386  0.316805  1.000000  
7.862628 -0.037788  0.044702  -0.005214  0.966468  0.159683  -0.201098  0.089391  0.524935  0.846435  0.240724  -0.836029  0.493059  0.067765  -0.133139  -0.068555  0.640864  -0.052905  0.312961  1.000000  
7.863632 -0.037726  0.044570  -0.005276  0.966455  0.160048  -0.200873  0.089189  0.524296  0.846852  0.240854  -0.836360  0.492434  0.066897  -0.132722  -0.067431  0.643418  -0.049695  0.305710  1.000000  
7.864641 -0.037664  0.044439  -0.005338  0.966441  0.160389  -0.200667  0.088987  0.523760  0.847206  0.240984  -0.836631  0.491910  0.066147  -0.132370  -0.066557  0.643484  -0.052170  0.301861  1.000000  
7.865881 -0.037589  0.044276  -0.005416  0.966445  0.160887  -0.200247  0.088586  0.522984  0.847726  0.241114  -0.837020  0.491183  0.065225  -0.132090  -0.065594  0.651766  -0.054687  0.298060  1.000000  
7.867216 -0.037515  0.044113  -0.005493  0.966417  0.161495  -0.199892  0.088183  0.522218  0.848241  0.241374  -0.837381  0.490440  0.063849  -0.130995  -0.064292  0.661195  -0.060975  0.303127  1.000000  
7.868409 -0.037442  0.043950  -0.005570  0.966421  0.161991  -0.199471  0.087782  0.521441  0.848760  0.241504  -0.837770  0.489712  0.063125  -0.131251  -0.063693  0.666133  -0.065883  0.295727  1.000000  
7.869653 -0.037371  0.043788  -0.005645  0.966425  0.162510  -0.199029  0.087381  0.520561  0.849342  0.241633  -0.838217  0.488883  0.062129  -0.131053  -0.062869  0.676329  -0.074232  0.295398  1.000000  
7.870653 -0.037315  0.043657  -0.005704  0.966429  0.162957  -0.198646  0.086980  0.519988  0.849733  0.241763  -0.838485  0.488358  0.061325  -0.130981  -0.062265  0.673671  -0.082457  0.294793  1.000000  
7.871659 -0.037260  0.043528  -0.005762  0.966432  0.163427  -0.198242  0.086579  0.519313  0.850187  0.241893  -0.838812  0.487731  0.060463  -0.130687  -0.061633  0.677677  -0.087215  0.286949  1.000000  
7.872903 -0.037194  0.043366  -0.005832  0.966468  0.163833  -0.197733  0.086181  0.518420  0.850772  0.241893  -0.839285  0.486917  0.059450  -0.130525  -0.060951  0.683558  -0.100129  0.278737  1.000000  
7.874129 -0.037129  0.043205  -0.005901  0.966471  0.164302  -0.197328  0.085781  0.517743  0.851225  0.242023  -0.839611  0.486290  0.058474  -0.130495  -0.060333  0.681846  -0.113079  0.270714  1.000000  
7.875378 -0.037066  0.043044  -0.005969  0.966474  0.164794  -0.196903  0.085380  0.516962  0.851740  0.242153  -0.839996  0.485561  0.057515  -0.130290  -0.059660  0.682582  -0.117985  0.263123  1.000000  
7.876393 -0.037015  0.042916  -0.006022  0.966477  0.165238  -0.196516  0.084979  0.516388  0.852128  0.242283  -0.840262  0.485035  0.056543  -0.129867  -0.058951  0.679127  -0.128306  0.258278  1.000000  
7.877632 -0.036953  0.042756  -0.006089  0.966480  0.165729  -0.196089  0.084578  0.515606  0.852641  0.242412  -0.840645  0.484305  0.055539  -0.129684  -0.058258  0.685524  -0.136687  0.257932  1.000000  
7.878878 -0.036892  0.042597  -0.006152  0.966482  0.166196  -0.195682  0.084178  0.514926  0.853091  0.242542  -0.840970  0.483677  0.054600  -0.129401  -0.057399  0.685369  -0.145927  0.251293  1.000000  
7.879884 -0.036843  0.042471  -0.006202  0.966517  0.166503  -0.195250  0.083780  0.514444  0.853422  0.242542  -0.841204  0.483269  0.053644  -0.129038  -0.056470  0.682901  -0.151828  0.245514  1.000000  
7.880886 -0.036795  0.042344  -0.006251  0.966501  0.166839  -0.195038  0.083578  0.513901  0.853768  0.242672  -0.841469  0.482743  0.052775  -0.128716  -0.055531  0.682895  -0.154226  0.241515  1.000000  
7.882133 -0.036736  0.042185  -0.006311  0.966503  0.167304  -0.194629  0.083177  0.513221  0.854217  0.242802  -0.841792  0.482114  0.052237  -0.129292  -0.054852  0.684693  -0.162476  0.240935  1.000000  
7.883383 -0.036677  0.042026  -0.006371  0.966505  0.167769  -0.194219  0.082776  0.512540  0.854664  0.242932  -0.842114  0.481485  0.051085  -0.128514  -0.053533  0.686394  -0.170702  0.240306  1.000000  
7.884630 -0.036619  0.041866  -0.006431  0.966507  0.168234  -0.193809  0.082376  0.511858  0.855112  0.243061  -0.842436  0.480856  0.050223  -0.128331  -0.052488  0.693904  -0.184727  0.243080  1.000000  
7.885632 -0.036573  0.041737  -0.006479  0.966508  0.168674  -0.193419  0.081975  0.511279  0.855496  0.243191  -0.842700  0.480329  0.049520  -0.128186  -0.051779  0.695729  -0.190701  0.246383  1.000000  
7.886883 -0.036517  0.041577  -0.006540  0.966509  0.169161  -0.192987  0.081574  0.510493  0.856004  0.243321  -0.843079  0.479597  0.048768  -0.128121  -0.051013  0.705417  -0.196629  0.249552  1.000000  
7.887884 -0.036472  0.041448  -0.006589  0.966511  0.169600  -0.192596  0.081174  0.509913  0.856387  0.243451  -0.843341  0.479069  0.048189  -0.128036  -0.050515  0.711182  -0.202555  0.252803  1.000000  
7.889127 -0.036416  0.041286  -0.006651  0.966544  0.169973  -0.192099  0.080776  0.509116  0.856899  0.243451  -0.843748  0.478353  0.047544  -0.127923  -0.050027  0.715173  -0.209087  0.250082  1.000000  
7.890129 -0.036372  0.041157  -0.006702  0.966545  0.170412  -0.191706  0.080375  0.508535  0.857282  0.243580  -0.844009  0.477825  0.047028  -0.127955  -0.049701  0.718527  -0.220753  0.256619  1.000000  
7.891131 -0.036327  0.041027  -0.006753  0.966529  0.170768  -0.191469  0.080173  0.507886  0.857686  0.243710  -0.844328  0.477195  0.046672  -0.128059  -0.049583  0.724582  -0.222779  0.258599  1.000000  
7.892381 -0.036272  0.040865  -0.006816  0.966529  0.171252  -0.191035  0.079773  0.507096  0.858190  0.243840  -0.844705  0.476462  0.046202  -0.128283  -0.049440  0.728667  -0.225198  0.254500  1.000000  
7.893381 -0.036228  0.040736  -0.006867  0.966529  0.171689  -0.190641  0.079372  0.506514  0.858571  0.243970  -0.844965  0.475933  0.045783  -0.128298  -0.049314  0.726423  -0.231212  0.257734  1.000000  
7.894628 -0.036173  0.040575  -0.006927  0.966529  0.172172  -0.190204  0.078971  0.505723  0.859074  0.244099  -0.845341  0.475200  0.045460  -0.128492  -0.049179  0.730444  -0.235323  0.258832  1.000000  
7.895666 -0.036129  0.040445  -0.006975  0.966529  0.172608  -0.189809  0.078571  0.505140  0.859453  0.244229  -0.845600  0.474671  0.045250  -0.128733  -0.049080  0.727317  -0.237106  0.260416  1.000000  
7.896881 -0.036075  0.040283  -0.007032  0.966529  0.173090  -0.189372  0.078170  0.504348  0.859955  0.244359  -0.845974  0.473937  0.044895  -0.128921  -0.048879  0.730364  -0.240526  0.257358  1.000000  
7.897884 -0.036031  0.040153  -0.007078  0.966480  0.173511  -0.189237  0.077966  0.503914  0.860228  0.244618  -0.846147  0.473494  0.044596  -0.129106  -0.048689  0.718969  -0.235992  0.258483  1.000000  
7.899134 -0.035977  0.039990  -0.007134  0.966479  0.173969  -0.188820  0.077565  0.503225  0.860667  0.244748  -0.846463  0.472863  0.044306  -0.129286  -0.048448  0.714682  -0.236092  0.258188  1.000000  
7.900384 -0.035922  0.039827  -0.007189  0.966446  0.174516  -0.188485  0.077162  0.502649  0.861040  0.245008  -0.846692  0.472317  0.044138  -0.129493  -0.048141  0.706676  -0.234061  0.261892  1.000000  
7.901690 -0.035868  0.039664  -0.007245  0.966396  0.174983  -0.188307  0.076958  0.502004  0.861434  0.245267  -0.846978  0.471669  0.043802  -0.129210  -0.047651  0.695916  -0.221984  0.260707  1.000000  
7.902882 -0.035814  0.039500  -0.007301  0.966362  0.175552  -0.187950  0.076555  0.501323  0.861867  0.245526  -0.847264  0.471020  0.043866  -0.129933  -0.047502  0.691343  -0.216282  0.266575  1.000000  
7.903885 -0.035771  0.039368  -0.007347  0.966345  0.175860  -0.187750  0.076353  0.500878  0.862144  0.245656  -0.847464  0.470593  0.043731  -0.130008  -0.047117  0.686686  -0.212206  0.265108  1.000000  
7.905128 -0.035716  0.039203  -0.007403  0.966311  0.176406  -0.187414  0.075950  0.500300  0.862515  0.245916  -0.847692  0.470047  0.043731  -0.130301  -0.046759  0.678715  -0.210207  0.268906  1.000000  
7.906378 -0.035661  0.039038  -0.007460  0.966261  0.176871  -0.187233  0.075746  0.499654  0.862907  0.246175  -0.847976  0.469398  0.043694  -0.130515  -0.046223  0.675847  -0.200737  0.267267  1.000000  
7.907378 -0.035616  0.038905  -0.007506  0.966259  0.177303  -0.186833  0.075346  0.499066  0.863282  0.246305  -0.848232  0.468868  0.043732  -0.130720  -0.045982  0.675834  -0.198691  0.271015  1.000000  
7.908629 -0.035561  0.038738  -0.007563  0.966209  0.177745  -0.186672  0.075142  0.498523  0.863613  0.246564  -0.848458  0.468322  0.043766  -0.131027  -0.045575  0.667338  -0.194614  0.269696  1.000000  
7.909878 -0.035504  0.038571  -0.007621  0.966207  0.178199  -0.186250  0.074741  0.497830  0.864048  0.246694  -0.848770  0.467688  0.043856  -0.131520  -0.045376  0.670031  -0.191005  0.271276  1.000000  
7.911128 -0.035448  0.038402  -0.007679  0.966172  0.178766  -0.185889  0.074338  0.497145  0.864477  0.246953  -0.849052  0.467039  0.043976  -0.131920  -0.045399  0.670098  -0.189006  0.275022  1.000000  
7.912128 -0.035402  0.038265  -0.007727  0.966154  0.179072  -0.185686  0.074137  0.496698  0.864752  0.247083  -0.849250  0.466611  0.044115  -0.132382  -0.045559  0.666049  -0.189135  0.274895  1.000000  
7.913378 -0.035344  0.038095  -0.007787  0.966086  0.179729  -0.185408  0.073732  0.496125  0.865115  0.247471  -0.849445  0.466048  0.044373  -0.132931  -0.045780  0.662097  -0.184944  0.282547  1.000000  
7.914392 -0.035297  0.037959  -0.007835  0.966068  0.180057  -0.185183  0.073530  0.495572  0.865449  0.247601  -0.849699  0.465517  0.044556  -0.133185  -0.045975  0.661537  -0.180717  0.281352  1.000000  
7.915631 -0.035239  0.037788  -0.007895  0.965999  0.180713  -0.184903  0.073125  0.494999  0.865811  0.247990  -0.849894  0.464953  0.044876  -0.133794  -0.046332  0.656391  -0.175092  0.286799  1.000000  
7.916633 -0.035192  0.037651  -0.007943  0.965948  0.181154  -0.184739  0.072921  0.494453  0.866140  0.248249  -0.850117  0.464406  0.045234  -0.134693  -0.046723  0.652104  -0.168710  0.289732  1.000000  
7.917883 -0.035134  0.037480  -0.008002  0.965896  0.181594  -0.184575  0.072717  0.493908  0.866468  0.248508  -0.850340  0.463859  0.045386  -0.134634  -0.046688  0.645072  -0.159492  0.287885  1.000000  
7.918886 -0.035086  0.037343  -0.008048  0.965812  0.182126  -0.184494  0.072511  0.493475  0.866732  0.248897  -0.850478  0.463398  0.045620  -0.134964  -0.046716  0.636393  -0.148544  0.298621  1.000000  
7.919899 -0.035039  0.037206  -0.008092  0.965760  0.182521  -0.184372  0.072307  0.493139  0.866940  0.249156  -0.850588  0.463057  0.045851  -0.135169  -0.046653  0.626344  -0.140576  0.299100  1.000000  
7.921151 -0.034979  0.037036  -0.008148  0.965723  0.183063  -0.184028  0.071904  0.492555  0.867306  0.249416  -0.850810  0.462509  0.046145  -0.135505  -0.046560  0.618116  -0.138573  0.302857  1.000000  
7.922398 -0.034920  0.036865  -0.008203  0.965638  0.183594  -0.183945  0.071698  0.492122  0.867569  0.249804  -0.850946  0.462048  0.046417  -0.135806  -0.046459  0.604339  -0.128562  0.307415  1.000000  
7.923642 -0.034860  0.036695  -0.008259  0.965553  0.184148  -0.183840  0.071492  0.491583  0.867891  0.250193  -0.851138  0.461484  0.046680  -0.136108  -0.046363  0.594754  -0.118599  0.312045  1.000000  
7.924880 -0.034800  0.036526  -0.008315  0.965501  0.184565  -0.183695  0.071288  0.491141  0.868158  0.250452  -0.851303  0.461039  0.046950  -0.136311  -0.046285  0.581179  -0.110815  0.312826  1.000000  
7.926128 -0.034740  0.036356  -0.008372  0.965415  0.185096  -0.183611  0.071082  0.490706  0.868421  0.250841  -0.851438  0.460578  0.047153  -0.136315  -0.046140  0.570618  -0.102056  0.310816  1.000000  
7.927163 -0.034692  0.036220  -0.008418  0.965348  0.185390  -0.183667  0.071077  0.490407  0.868590  0.251100  -0.851546  0.460237  0.047250  -0.136035  -0.045971  0.560955  -0.094937  0.313762  1.000000  
7.928566 -0.034632  0.036050  -0.008476  0.965296  0.185830  -0.183498  0.070874  0.489859  0.868916  0.251359  -0.851766  0.459688  0.046935  -0.134610  -0.045354  0.552412  -0.088809  0.308891  1.000000  
7.929652 -0.034572  0.035880  -0.008533  0.965243  0.186247  -0.183351  0.070670  0.489415  0.869183  0.251618  -0.851930  0.459243  0.047542  -0.136205  -0.045670  0.549702  -0.081421  0.311253  1.000000  
7.930889 -0.034512  0.035709  -0.008591  0.965157  0.186800  -0.183243  0.070464  0.488875  0.869503  0.252006  -0.852119  0.458678  0.047688  -0.136269  -0.045508  0.544182  -0.073604  0.312028  1.000000  
7.932152 -0.034451  0.035538  -0.008648  0.965104  0.187217  -0.183096  0.070260  0.488431  0.869769  0.252265  -0.852282  0.458233  0.047826  -0.136059  -0.045354  0.539961  -0.073734  0.311864  1.000000  
7.933172 -0.034402  0.035402  -0.008694  0.965017  0.187747  -0.183009  0.070054  0.487995  0.870031  0.252653  -0.852415  0.457771  0.048242  -0.136794  -0.045537  0.533741  -0.063646  0.316210  1.000000  
7.934381 -0.034340  0.035233  -0.008751  0.964964  0.188186  -0.182838  0.069851  0.487445  0.870355  0.252912  -0.852633  0.457222  0.048269  -0.136382  -0.045489  0.534544  -0.063915  0.316607  1.000000  
7.935382 -0.034291  0.035099  -0.008796  0.964911  0.188603  -0.182689  0.069647  0.487000  0.870620  0.253171  -0.852795  0.456777  0.048321  -0.136150  -0.045458  0.530505  -0.064073  0.316555  1.000000  
7.936626 -0.034229  0.034931  -0.008852  0.964824  0.189155  -0.182578  0.069441  0.486458  0.870940  0.253559  -0.852982  0.456211  0.048455  -0.135945  -0.045509  0.528953  -0.054081  0.321281  1.000000  
7.937879 -0.034167  0.034764  -0.008908  0.964737  0.189685  -0.182489  0.069235  0.486021  0.871200  0.253948  -0.853114  0.455749  0.048635  -0.135653  -0.045571  0.520531  -0.051657  0.322463  1.000000  
7.939129 -0.034105  0.034599  -0.008963  0.964649  0.190238  -0.182377  0.069029  0.485478  0.871519  0.254336  -0.853300  0.455184  0.048776  -0.135376  -0.045488  0.515050  -0.044276  0.325864  1.000000  
7.940130 -0.034056  0.034467  -0.009006  0.964596  0.190632  -0.182250  0.068826  0.485138  0.871725  0.254595  -0.853405  0.454841  0.048808  -0.135018  -0.045298  0.509275  -0.036373  0.326602  1.000000  
7.941382 -0.033996  0.034302  -0.009058  0.964542  0.191048  -0.182099  0.068623  0.484692  0.871989  0.254854  -0.853566  0.454395  0.048823  -0.134653  -0.044946  0.501121  -0.036556  0.326541  1.000000  
7.942630 -0.033936  0.034139  -0.009108  0.964454  0.191578  -0.182009  0.068417  0.484253  0.872249  0.255242  -0.853696  0.453933  0.048793  -0.134272  -0.044452  0.495351  -0.026318  0.328538  1.000000  
7.943886 -0.033877  0.033976  -0.009157  0.964385  0.191872  -0.182060  0.068412  0.483952  0.872416  0.255500  -0.853801  0.453590  0.048686  -0.133661  -0.043770  0.479766  -0.017073  0.320944  1.000000  
7.945128 -0.033818  0.033815  -0.009204  0.964331  0.192288  -0.181908  0.068208  0.483505  0.872680  0.255759  -0.853960  0.453144  0.048740  -0.133462  -0.043232  0.475904  -0.017078  0.318317  1.000000  
7.946128 -0.033772  0.033687  -0.009240  0.964277  0.192681  -0.181779  0.068005  0.483164  0.872885  0.256018  -0.854065  0.452801  0.048526  -0.132648  -0.042519  0.471895  -0.017203  0.318298  1.000000  
7.947137 -0.033726  0.033559  -0.009277  0.964209  0.192953  -0.181853  0.068000  0.482969  0.872993  0.256276  -0.854114  0.452562  0.048367  -0.132074  -0.041929  0.455934  -0.005694  0.314498  1.000000  
