1-Time 2-Px 3-Py 4-Pz 5-R11 6-R21 7-R31 8-R12 9-R22 10-R32 11-R13 12-R23 13-R33 14-Vx 15-Vy 16-Vz 17-Wx 18-Wy 19-Wz 20-state
176.394766 0.063464  -0.008157  -0.014491  0.115572  0.956900  0.266432  -0.987348  0.139987  -0.074477  -0.108564  -0.254454  0.960972  -0.000091  -0.000113  -0.000734  0.000000  0.000000  0.000000  1.000000  
176.395859 0.063464  -0.008157  -0.014490  0.115572  0.956900  0.266432  -0.987348  0.139987  -0.074477  -0.108564  -0.254454  0.960972  -0.000127  0.000244  0.001235  0.000000  0.000000  0.000000  1.000000  
176.397117 0.063449  -0.008169  -0.014484  0.115572  0.956900  0.266432  -0.987348  0.139987  -0.074477  -0.108564  -0.254454  0.960972  -0.007629  -0.005981  0.003160  0.000000  0.000000  0.000000  1.000000  
176.398364 0.063418  -0.008192  -0.014475  0.115776  0.956871  0.266448  -0.987325  0.140184  -0.074422  -0.108564  -0.254454  0.960972  -0.014292  -0.010831  0.004986  0.000000  0.000000  0.000000  1.000000  
176.399599 0.063389  -0.008208  -0.014465  0.115776  0.956871  0.266448  -0.987325  0.140184  -0.074422  -0.108564  -0.254454  0.960972  -0.016726  -0.011501  0.005805  0.000000  0.000000  0.000000  1.000000  
176.400608 0.063370  -0.008213  -0.014457  0.115776  0.956871  0.266448  -0.987325  0.140184  -0.074422  -0.108564  -0.254454  0.960972  -0.017120  -0.010203  0.006140  0.000000  0.000000  0.000000  1.000000  
176.401617 0.063349  -0.008215  -0.014449  0.115572  0.956900  0.266432  -0.987348  0.139987  -0.074477  -0.108564  -0.254454  0.960972  -0.017821  -0.008860  0.006507  0.000000  0.000000  0.000000  1.000000  
176.402852 0.063313  -0.008217  -0.014436  0.115572  0.956900  0.266432  -0.987348  0.139987  -0.074477  -0.108564  -0.254454  0.960972  -0.019615  -0.007733  0.007110  0.000000  0.000000  0.000000  1.000000  
176.404092 0.063273  -0.008217  -0.014423  0.115572  0.956867  0.266548  -0.987348  0.139996  -0.074460  -0.108564  -0.254571  0.960941  -0.021357  -0.006679  0.007529  0.000000  0.000000  0.000000  1.000000  
176.405103 0.063243  -0.008214  -0.014413  0.115574  0.956871  0.266533  -0.987363  0.139962  -0.074332  -0.108431  -0.254574  0.960955  -0.022212  -0.005702  0.007780  0.000000  0.000000  0.000000  1.000000  
176.406131 0.063214  -0.008210  -0.014405  0.115574  0.956871  0.266533  -0.987363  0.139962  -0.074332  -0.108431  -0.254574  0.960955  -0.022777  -0.004818  0.007817  0.000000  0.000000  0.000000  1.000000  
176.407344 0.063175  -0.008205  -0.014398  0.115574  0.956839  0.266649  -0.987363  0.139971  -0.074315  -0.108431  -0.254691  0.960924  -0.023653  -0.003939  0.007624  0.000000  0.000000  0.000000  1.000000  
176.408592 0.063130  -0.008204  -0.014384  0.115371  0.956835  0.266750  -0.987387  0.139783  -0.074353  -0.108431  -0.254807  0.960893  -0.024841  -0.003463  0.007902  0.000000  0.000000  0.000000  1.000000  
176.409593 0.063086  -0.008209  -0.014367  0.115371  0.956835  0.266750  -0.987387  0.139783  -0.074353  -0.108431  -0.254807  0.960893  -0.026170  -0.003561  0.008536  0.000000  0.000000  0.000000  1.000000  
176.410597 0.063038  -0.008219  -0.014348  0.115372  0.956807  0.266851  -0.987401  0.139758  -0.074209  -0.108298  -0.254928  0.960876  -0.028479  -0.004119  0.009508  0.000000  0.000000  0.000000  1.000000  
176.411859 0.062975  -0.008236  -0.014321  0.115576  0.956778  0.266867  -0.987377  0.139955  -0.074154  -0.108298  -0.254928  0.960876  -0.032174  -0.004569  0.011069  0.000000  0.000000  0.000000  1.000000  
176.413093 0.062911  -0.008254  -0.014301  0.115779  0.956749  0.266882  -0.987353  0.140152  -0.074099  -0.108298  -0.254928  0.960876  -0.034286  -0.004495  0.011650  0.000000  0.000000  0.000000  1.000000  
176.414095 0.062858  -0.008267  -0.014291  0.115779  0.956717  0.266998  -0.987353  0.140161  -0.074082  -0.108298  -0.255044  0.960845  -0.036196  -0.004251  0.011833  0.000000  0.000000  0.000000  1.000000  
176.415345 0.062787  -0.008279  -0.014282  0.115979  0.956680  0.267043  -0.987301  0.140426  -0.074282  -0.108564  -0.255037  0.960817  -0.039270  -0.004483  0.011816  0.000000  0.000000  0.000000  1.000000  
176.416349 0.062730  -0.008288  -0.014274  0.116182  0.956619  0.267175  -0.987277  0.140632  -0.074210  -0.108564  -0.255153  0.960786  -0.041708  -0.004913  0.011741  0.000000  0.000000  0.000000  1.000000  
176.417376 0.062677  -0.008293  -0.014263  0.116587  0.956557  0.267220  -0.987214  0.141060  -0.074228  -0.108697  -0.255150  0.960772  -0.043693  -0.005152  0.011981  0.000000  0.000000  0.000000  1.000000  
176.418591 0.062616  -0.008291  -0.014243  0.117400  0.956440  0.267281  -0.987118  0.141847  -0.074008  -0.108697  -0.255150  0.960772  -0.044858  -0.004953  0.012357  0.000000  0.000000  0.000000  1.000000  
176.419841 0.062560  -0.008283  -0.014218  0.118008  0.956348  0.267342  -0.987031  0.142472  -0.073970  -0.108830  -0.255146  0.960758  -0.046030  -0.004528  0.013155  0.000000  0.000000  0.000000  1.000000  
176.420841 0.062513  -0.008277  -0.014196  0.118617  0.956228  0.267504  -0.986958  0.143071  -0.073788  -0.108830  -0.255262  0.960727  -0.047164  -0.004389  0.014054  0.000000  0.000000  0.000000  1.000000  
176.422096 0.062451  -0.008274  -0.014170  0.119225  0.956135  0.267565  -0.986870  0.143696  -0.073750  -0.108963  -0.255259  0.960713  -0.048812  -0.004553  0.015280  0.000000  0.000000  0.000000  1.000000  
176.423341 0.062385  -0.008278  -0.014144  0.120036  0.956012  0.267641  -0.986757  0.144517  -0.073657  -0.109096  -0.255255  0.960699  -0.050502  -0.005031  0.016300  0.000000  0.000000  0.000000  1.000000  
176.424343 0.062330  -0.008285  -0.014123  0.120849  0.955893  0.267701  -0.986658  0.145304  -0.073437  -0.109096  -0.255255  0.960699  -0.051250  -0.005172  0.016596  0.049024  0.028999  -0.180816  1.000000  
176.425591 0.062259  -0.008297  -0.014096  0.121661  0.955806  0.267646  -0.986558  0.146082  -0.073234  -0.109096  -0.255138  0.960730  -0.051911  -0.005203  0.016792  0.046728  0.035260  -0.202662  1.000000  
176.426603 0.062201  -0.008307  -0.014078  0.122270  0.955715  0.267691  -0.986483  0.146673  -0.073069  -0.109096  -0.255138  0.960730  -0.052483  -0.004779  0.016493  0.049311  0.040793  -0.224013  1.000000  
176.427843 0.062125  -0.008319  -0.014063  0.123083  0.955627  0.267635  -0.986382  0.147451  -0.072866  -0.109096  -0.255022  0.960761  -0.053277  -0.004542  0.016152  0.047878  0.047465  -0.248696  1.000000  
176.428852 0.062063  -0.008325  -0.014053  0.123692  0.955568  0.267564  -0.986305  0.148032  -0.072719  -0.109096  -0.254905  0.960792  -0.053849  -0.003977  0.016164  0.045312  0.050930  -0.261806  1.000000  
176.430097 0.061986  -0.008330  -0.014043  0.124908  0.955412  0.267554  -0.986137  0.149238  -0.072534  -0.109229  -0.254785  0.960809  -0.054310  -0.003421  0.016249  0.045767  0.057085  -0.302506  1.000000  
176.431099 0.061926  -0.008330  -0.014031  0.125517  0.955385  0.267367  -0.986060  0.149810  -0.072405  -0.109229  -0.254552  0.960871  -0.054543  -0.002901  0.016373  0.040688  0.064066  -0.329050  1.000000  
176.432105 0.061867  -0.008327  -0.014018  0.126327  0.955289  0.267327  -0.985942  0.150622  -0.072331  -0.109362  -0.254432  0.960887  -0.054980  -0.002302  0.016621  0.039637  0.066686  -0.356406  1.000000  
176.433431 0.061792  -0.008320  -0.013998  0.127137  0.955225  0.267171  -0.985823  0.151425  -0.072275  -0.109495  -0.254195  0.960935  -0.055554  -0.001942  0.016506  0.034760  0.069699  -0.386079  1.000000  
176.434589 0.061715  -0.008310  -0.013977  0.127947  0.955128  0.267131  -0.985703  0.152236  -0.072201  -0.109628  -0.254074  0.960952  -0.057094  -0.001710  0.016428  0.029478  0.067682  -0.412674  1.000000  
176.435592 0.061652  -0.008303  -0.013961  0.128759  0.955003  0.267191  -0.985598  0.153023  -0.071981  -0.109628  -0.254074  0.960952  -0.058381  -0.001717  0.015948  0.032467  0.074655  -0.438996  1.000000  
176.436841 0.061571  -0.008295  -0.013944  0.129568  0.954904  0.267151  -0.985477  0.153834  -0.071907  -0.109761  -0.253954  0.960968  -0.059680  -0.001429  0.015349  0.031462  0.077330  -0.466732  1.000000  
176.438092 0.061486  -0.008294  -0.013928  0.130585  0.954782  0.267092  -0.985357  0.154774  -0.071523  -0.109628  -0.253841  0.961013  -0.060958  -0.001113  0.014676  0.028045  0.092828  -0.509061  1.000000  
176.439342 0.061393  -0.008300  -0.013912  0.131396  0.954719  0.266919  -0.985250  0.155543  -0.071341  -0.109628  -0.253608  0.961075  -0.062490  -0.001008  0.014068  0.018677  0.099012  -0.531256  1.000000  
176.440344 0.061313  -0.008309  -0.013901  0.132007  0.954660  0.266830  -0.985183  0.156091  -0.071067  -0.109495  -0.253495  0.961120  -0.064136  -0.000823  0.013212  0.012868  0.105131  -0.555719  1.000000  
176.441591 0.061213  -0.008319  -0.013885  0.132818  0.954596  0.266657  -0.985074  0.156860  -0.070886  -0.109495  -0.253262  0.961181  -0.065901  -0.000813  0.012893  0.006978  0.110397  -0.575985  1.000000  
176.442841 0.061115  -0.008324  -0.013869  0.133629  0.954531  0.266484  -0.984964  0.157628  -0.070704  -0.109495  -0.253029  0.961243  -0.067317  -0.000345  0.012915  0.001819  0.116338  -0.597361  1.000000  
176.444096 0.061019  -0.008323  -0.013848  0.134239  0.954503  0.266279  -0.984896  0.158167  -0.070451  -0.109362  -0.252800  0.961318  -0.068602  0.000206  0.013508  -0.008889  0.129449  -0.613187  1.000000  
176.445106 0.060943  -0.008319  -0.013828  0.134847  0.954502  0.265975  -0.984813  0.158731  -0.070344  -0.109362  -0.252450  0.961410  -0.069626  0.000740  0.014302  -0.019564  0.137158  -0.625189  1.000000  
176.446109 0.060866  -0.008314  -0.013807  0.135456  0.954468  0.265787  -0.984729  0.159304  -0.070218  -0.109362  -0.252216  0.961471  -0.070768  0.001022  0.014966  -0.030283  0.140631  -0.638498  1.000000  
176.447360 0.060770  -0.008306  -0.013785  0.136064  0.954498  0.265367  -0.984645  0.159859  -0.070132  -0.109362  -0.251750  0.961593  -0.072275  0.001235  0.015234  -0.045451  0.145497  -0.639294  1.000000  
176.448597 0.060674  -0.008296  -0.013767  0.137077  0.954430  0.265092  -0.984505  0.160816  -0.069917  -0.109362  -0.251400  0.961685  -0.073711  0.001381  0.015056  -0.057278  0.148257  -0.650912  1.000000  
176.449841 0.060577  -0.008286  -0.013752  0.137886  0.954389  0.264820  -0.984377  0.161610  -0.069885  -0.109495  -0.251046  0.961762  -0.075066  0.001363  0.014724  -0.073496  0.148175  -0.650918  1.000000  
176.450842 0.060497  -0.008281  -0.013742  0.138694  0.954315  0.264664  -0.984249  0.162412  -0.069834  -0.109628  -0.250809  0.961809  -0.076181  0.001207  0.014357  -0.080090  0.147242  -0.665355  1.000000  
176.451842 0.060413  -0.008282  -0.013732  0.139505  0.954277  0.264374  -0.984134  0.163173  -0.069675  -0.109628  -0.250459  0.961900  -0.077367  0.000832  0.014179  -0.091538  0.153251  -0.671029  1.000000  
176.453091 0.060306  -0.008288  -0.013719  0.140518  0.954173  0.264214  -0.983990  0.164138  -0.069443  -0.109628  -0.250226  0.961961  -0.078649  0.000429  0.013900  -0.097351  0.155346  -0.678580  1.000000  
176.454092 0.060220  -0.008295  -0.013709  0.141531  0.954067  0.264054  -0.983845  0.165103  -0.069211  -0.109628  -0.249993  0.962022  -0.079481  0.000338  0.013722  -0.104663  0.161344  -0.684204  1.000000  
176.455341 0.060114  -0.008303  -0.013695  0.142746  0.953959  0.263792  -0.983669  0.166257  -0.068945  -0.109628  -0.249642  0.962112  -0.079949  0.000355  0.013712  -0.115269  0.164650  -0.697283  1.000000  
176.456343 0.060030  -0.008308  -0.013683  0.143758  0.953851  0.263631  -0.983522  0.167222  -0.068714  -0.109628  -0.249409  0.962173  -0.080190  0.000725  0.013665  -0.119597  0.167708  -0.710062  1.000000  
176.457591 0.059927  -0.008312  -0.013666  0.144971  0.953735  0.263388  -0.983329  0.168408  -0.068577  -0.109761  -0.249055  0.962249  -0.080561  0.000821  0.013772  -0.124346  0.166958  -0.724874  1.000000  
176.458842 0.059826  -0.008314  -0.013646  0.146185  0.953622  0.263125  -0.983149  0.169561  -0.068313  -0.109761  -0.248705  0.962340  -0.080968  0.000643  0.013688  -0.130979  0.170302  -0.738388  1.000000  
176.460097 0.059726  -0.008311  -0.013629  0.147805  0.953469  0.262775  -0.982907  0.171098  -0.067963  -0.109761  -0.248238  0.962461  -0.081180  0.000518  0.013328  -0.139367  0.177477  -0.749844  1.000000  
176.461341 0.059629  -0.008305  -0.013614  0.149421  0.953308  0.262443  -0.982648  0.172669  -0.067741  -0.109894  -0.247767  0.962567  -0.081185  0.000496  0.012605  -0.146543  0.180098  -0.777871  1.000000  
176.462359 0.059553  -0.008297  -0.013604  0.150635  0.953222  0.262064  -0.982462  0.173813  -0.067501  -0.109894  -0.247300  0.962687  -0.081147  0.000584  0.012063  -0.154281  0.189054  -0.796250  1.000000  
176.463595 0.059457  -0.008287  -0.013592  0.152050  0.953161  0.261468  -0.982244  0.175138  -0.067251  -0.109894  -0.246600  0.962867  -0.081128  0.000600  0.011616  -0.173133  0.196583  -0.808723  1.000000  
176.464845 0.059358  -0.008279  -0.013579  0.153666  0.953024  0.261020  -0.981978  0.176699  -0.067055  -0.110027  -0.246012  0.963002  -0.081647  0.000378  0.011596  -0.186295  0.203216  -0.835446  1.000000  
176.465846 0.059277  -0.008276  -0.013567  0.155080  0.952927  0.260539  -0.981756  0.178032  -0.066786  -0.110027  -0.245428  0.963151  -0.081290  0.000313  0.011689  -0.199513  0.214186  -0.861061  1.000000  
176.466873 0.059193  -0.008277  -0.013554  0.156697  0.952790  0.260070  -0.981499  0.179561  -0.066466  -0.110027  -0.244844  0.963299  -0.081056  0.000381  0.011867  -0.216597  0.220567  -0.886706  1.000000  
176.468094 0.059087  -0.008280  -0.013536  0.158715  0.952603  0.259534  -0.981160  0.181506  -0.066190  -0.110160  -0.244139  0.963463  -0.081137  0.000683  0.012237  -0.229336  0.220283  -0.923325  1.000000  
176.469340 0.058981  -0.008281  -0.013520  0.160737  0.952421  0.258956  -0.980845  0.183387  -0.065662  -0.110027  -0.243441  0.963655  -0.081104  0.001210  0.012443  -0.242463  0.234353  -0.960997  1.000000  
176.470342 0.058897  -0.008279  -0.013508  0.162352  0.952243  0.258602  -0.980579  0.184924  -0.065325  -0.110027  -0.242974  0.963773  -0.081079  0.001703  0.012425  -0.250898  0.238270  -0.995244  1.000000  
176.471590 0.058791  -0.008277  -0.013494  0.164371  0.952017  0.258158  -0.980243  0.186845  -0.064906  -0.110027  -0.242389  0.963920  -0.081216  0.002240  0.012322  -0.258495  0.248043  -1.034940  1.000000  
176.472591 0.058707  -0.008273  -0.013485  0.165985  0.951833  0.257803  -0.979971  0.188381  -0.064572  -0.110027  -0.241922  0.964037  -0.081321  0.002572  0.012064  -0.265771  0.256588  -1.070332  1.000000  
176.473591 0.058624  -0.008267  -0.013475  0.168004  0.951605  0.257337  -0.979642  0.190269  -0.064029  -0.109894  -0.241340  0.964198  -0.081456  0.003158  0.011610  -0.272073  0.269813  -1.123745  1.000000  
176.474842 0.058519  -0.008257  -0.013466  0.170021  0.951367  0.256891  -0.979294  0.192189  -0.063616  -0.109894  -0.240756  0.964344  -0.081850  0.003692  0.011045  -0.276689  0.278965  -1.160851  1.000000  
176.476095 0.058414  -0.008243  -0.013457  0.172037  0.951157  0.256329  -0.978942  0.194102  -0.063228  -0.109894  -0.240054  0.964519  -0.082367  0.004226  0.010613  -0.284417  0.288585  -1.201146  1.000000  
176.477345 0.058306  -0.008230  -0.013449  0.174052  0.950941  0.255767  -0.978585  0.196014  -0.062843  -0.109894  -0.239352  0.964694  -0.083198  0.004531  0.010349  -0.287240  0.299663  -1.247635  1.000000  
176.478594 0.058196  -0.008216  -0.013439  0.176069  0.950758  0.255066  -0.978239  0.197887  -0.062357  -0.109761  -0.238536  0.964911  -0.084108  0.004738  0.010220  -0.299616  0.311513  -1.279263  1.000000  
176.479847 0.058081  -0.008205  -0.013426  0.178082  0.950596  0.254271  -0.977875  0.199783  -0.062026  -0.109761  -0.237600  0.965142  -0.085194  0.004983  0.010198  -0.315173  0.326641  -1.325060  1.000000  
176.481108 0.057963  -0.008195  -0.013410  0.179896  0.950476  0.253440  -0.977558  0.201453  -0.061623  -0.109628  -0.236666  0.965386  -0.086136  0.005498  0.010203  -0.331702  0.340377  -1.346338  1.000000  
176.482348 0.057842  -0.008189  -0.013394  0.181707  0.950378  0.252516  -0.977223  0.203147  -0.061375  -0.109628  -0.235612  0.965644  -0.087377  0.005975  0.010222  -0.357297  0.346307  -1.373650  1.000000  
176.483374 0.057744  -0.008182  -0.013382  0.182917  0.950346  0.251761  -0.977012  0.204238  -0.061110  -0.109495  -0.234796  0.965858  -0.088059  0.006637  0.009982  -0.375886  0.352931  -1.384742  1.000000  
176.484592 0.057619  -0.008173  -0.013369  0.184327  0.950300  0.250903  -0.976762  0.205518  -0.060820  -0.109362  -0.233862  0.966100  -0.089514  0.007250  0.009835  -0.396054  0.358464  -1.392214  1.000000  
176.485593 0.057519  -0.008164  -0.013359  0.185534  0.950259  0.250171  -0.976533  0.206640  -0.060685  -0.109362  -0.233042  0.966298  -0.090539  0.007782  0.009724  -0.415646  0.359346  -1.398975  1.000000  
176.486841 0.057394  -0.008151  -0.013346  0.187546  0.950110  0.249234  -0.976164  0.208500  -0.060271  -0.109229  -0.231990  0.966566  -0.091921  0.008396  0.009710  -0.437193  0.369373  -1.424934  1.000000  
176.488098 0.057272  -0.008135  -0.013328  0.189358  0.949969  0.248399  -0.975829  0.210171  -0.059886  -0.109096  -0.231055  0.966805  -0.093036  0.009104  0.010085  -0.455229  0.382071  -1.442807  1.000000  
176.489342 0.057150  -0.008116  -0.013309  0.191168  0.949855  0.247448  -0.975491  0.211836  -0.059530  -0.108963  -0.230003  0.967071  -0.094257  0.009689  0.010769  -0.479090  0.387095  -1.448885  1.000000  
176.490591 0.057026  -0.008097  -0.013290  0.192978  0.949736  0.246496  -0.975149  0.213501  -0.059177  -0.108830  -0.228951  0.967335  -0.095328  0.010112  0.011417  -0.493202  0.392014  -1.456056  1.000000  
176.491591 0.056926  -0.008083  -0.013273  0.194584  0.949592  0.245787  -0.974830  0.215015  -0.058954  -0.108830  -0.228129  0.967529  -0.096531  0.010339  0.012110  -0.509664  0.398840  -1.468013  1.000000  
176.492842 0.056796  -0.008068  -0.013253  0.196593  0.949422  0.244846  -0.974441  0.216875  -0.058558  -0.108697  -0.227076  0.967792  -0.097778  0.010358  0.012800  -0.522599  0.405110  -1.481167  1.000000  
176.493844 0.056691  -0.008060  -0.013239  0.198398  0.949255  0.244033  -0.974075  0.218578  -0.058316  -0.108697  -0.226137  0.968012  -0.098908  0.010269  0.013214  -0.532407  0.408756  -1.501176  1.000000  
176.495095 0.056557  -0.008050  -0.013221  0.200807  0.949044  0.242884  -0.973597  0.220815  -0.057881  -0.108564  -0.224848  0.968327  -0.100100  0.010167  0.013378  -0.550928  0.424171  -1.532199  1.000000  
176.496100 0.056448  -0.008044  -0.013208  0.202611  0.948868  0.242070  -0.973223  0.222518  -0.057647  -0.108564  -0.223909  0.968545  -0.101057  0.010082  0.013431  -0.566273  0.424526  -1.538640  1.000000  
176.497347 0.056312  -0.008036  -0.013194  0.204614  0.948730  0.240923  -0.972804  0.224394  -0.057448  -0.108564  -0.222616  0.968843  -0.101974  0.010189  0.013345  -0.584662  0.427387  -1.539660  1.000000  
176.498597 0.056177  -0.008026  -0.013180  0.207217  0.948447  0.239811  -0.972253  0.226856  -0.057105  -0.108564  -0.221323  0.969139  -0.102819  0.010338  0.013361  -0.600767  0.426148  -1.559828  1.000000  
176.499597 0.056068  -0.008017  -0.013168  0.209215  0.948233  0.238920  -0.971810  0.228775  -0.056988  -0.108697  -0.220262  0.969366  -0.103403  0.010382  0.013523  -0.619499  0.423735  -1.574519  1.000000  
176.500843 0.055934  -0.008006  -0.013150  0.211818  0.947971  0.237664  -0.971261  0.231201  -0.056558  -0.108564  -0.218854  0.969699  -0.104065  0.010377  0.013848  -0.645962  0.431342  -1.594235  1.000000  
176.502093 0.055800  -0.007994  -0.013129  0.214017  0.947790  0.236412  -0.970778  0.233266  -0.056359  -0.108564  -0.217442  0.970017  -0.104699  0.010270  0.014279  -0.670041  0.432606  -1.608223  1.000000  
176.503341 0.055667  -0.007980  -0.013107  0.216414  0.947526  0.235287  -0.970247  0.235532  -0.056090  -0.108564  -0.216148  0.970306  -0.105466  0.009970  0.014522  -0.694261  0.425284  -1.602935  1.000000  
176.504344 0.055560  -0.007969  -0.013086  0.218215  0.947350  0.234328  -0.969858  0.237198  -0.055786  -0.108431  -0.215092  0.970556  -0.106067  0.009708  0.014818  -0.714686  0.428360  -1.602101  1.000000  
176.505591 0.055426  -0.007955  -0.013062  0.220810  0.947024  0.233213  -0.969271  0.239659  -0.055478  -0.108431  -0.213796  0.970842  -0.106766  0.009357  0.015181  -0.728545  0.432636  -1.629155  1.000000  
176.506841 0.055290  -0.007944  -0.013037  0.223406  0.946696  0.232069  -0.968690  0.242092  -0.055050  -0.108298  -0.212504  0.971140  -0.107422  0.009012  0.015458  -0.746624  0.439958  -1.648539  1.000000  
176.508094 0.055150  -0.007936  -0.013012  0.226001  0.946360  0.230923  -0.968103  0.244524  -0.054629  -0.108165  -0.211211  0.971437  -0.108660  0.008703  0.015946  -0.764542  0.443268  -1.669499  1.000000  
176.509342 0.055007  -0.007931  -0.012990  0.228993  0.945943  0.229684  -0.967415  0.247339  -0.054149  -0.108032  -0.209800  0.971758  -0.108694  0.008293  0.016154  -0.777412  0.452936  -1.701854  1.000000  
176.510401 0.054892  -0.007928  -0.012974  0.231187  0.945665  0.228629  -0.966908  0.249388  -0.053805  -0.107899  -0.208624  0.972026  -0.108848  0.008033  0.016285  -0.789177  0.461443  -1.725721  1.000000  
176.511590 0.054745  -0.007924  -0.012954  0.234175  0.945256  0.227273  -0.966203  0.252196  -0.053370  -0.107766  -0.207094  0.972368  -0.109992  0.007774  0.016563  -0.803462  0.467110  -1.761982  1.000000  
176.512617 0.054628  -0.007919  -0.012937  0.236565  0.944939  0.226113  -0.965636  0.254433  -0.053022  -0.107633  -0.205799  0.972657  -0.110318  0.007669  0.017056  -0.818940  0.474673  -1.802573  1.000000  
176.513844 0.054483  -0.007912  -0.012913  0.239549  0.944539  0.224640  -0.964915  0.257235  -0.052634  -0.107500  -0.204150  0.973019  -0.111051  0.007479  0.017561  -0.834007  0.489018  -1.857222  1.000000  
176.514846 0.054368  -0.007905  -0.012894  0.241935  0.944206  0.223478  -0.964334  0.259471  -0.052299  -0.107367  -0.202855  0.973305  -0.111583  0.007382  0.018099  -0.845931  0.495981  -1.897773  1.000000  
176.516097 0.054224  -0.007895  -0.012870  0.244919  0.943792  0.221972  -0.963610  0.262245  -0.051801  -0.107101  -0.201208  0.973676  -0.112521  0.007315  0.018472  -0.866248  0.506832  -1.937716  1.000000  
176.517340 0.054080  -0.007884  -0.012849  0.247703  0.943448  0.220340  -0.962928  0.264819  -0.051391  -0.106835  -0.199441  0.974069  -0.113048  0.007132  0.018428  -0.887466  0.513377  -1.961639  1.000000  
176.518345 0.053964  -0.007876  -0.012833  0.249890  0.943152  0.219132  -0.962392  0.266836  -0.050995  -0.106569  -0.198147  0.974362  -0.113792  0.006927  0.018236  -0.901875  0.522592  -1.991007  1.000000  
176.519592 0.053818  -0.007867  -0.012814  0.252871  0.942715  0.217588  -0.961657  0.269585  -0.050398  -0.106169  -0.196501  0.974739  -0.114521  0.006538  0.017791  -0.917665  0.538979  -2.037096  1.000000  
176.520592 0.053701  -0.007859  -0.012798  0.255257  0.942382  0.216240  -0.961070  0.271764  -0.049878  -0.105770  -0.195090  0.975065  -0.115091  0.006330  0.017494  -0.935423  0.555647  -2.061637  1.000000  
176.521842 0.053553  -0.007854  -0.012778  0.258235  0.941925  0.214692  -0.960318  0.274514  -0.049298  -0.105371  -0.193442  0.975437  -0.115795  0.006032  0.017166  -0.956711  0.573449  -2.093461  1.000000  
176.523091 0.053404  -0.007849  -0.012758  0.261214  0.941463  0.213108  -0.959571  0.277240  -0.048602  -0.104839  -0.191796  0.975819  -0.116421  0.005834  0.016972  -0.969319  0.587626  -2.114108  1.000000  
176.524093 0.053284  -0.007846  -0.012741  0.263796  0.941054  0.211729  -0.958922  0.279590  -0.047935  -0.104307  -0.190387  0.976152  -0.116842  0.005786  0.016898  -0.984599  0.610119  -2.142140  1.000000  
176.525340 0.053132  -0.007843  -0.012720  0.266771  0.940597  0.210025  -0.958157  0.282311  -0.047291  -0.103774  -0.188621  0.976552  -0.117787  0.005734  0.017050  -0.999130  0.625939  -2.168249  1.000000  
176.526404 0.053011  -0.007839  -0.012703  0.269353  0.940177  0.208605  -0.957506  0.284638  -0.046515  -0.103109  -0.187212  0.976893  -0.117088  0.005745  0.016969  -1.006829  0.649370  -2.186337  1.000000  
176.527592 0.052860  -0.007832  -0.012679  0.272721  0.939612  0.206765  -0.956623  0.287718  -0.045714  -0.102444  -0.185329  0.977322  -0.118053  0.005801  0.017219  -1.027712  0.675114  -2.222348  1.000000  
176.528594 0.052742  -0.007825  -0.012661  0.275493  0.939107  0.205384  -0.955886  0.290265  -0.045038  -0.101911  -0.183916  0.977645  -0.118022  0.005896  0.017223  -1.037610  0.695356  -2.246485  1.000000  
176.529598 0.052625  -0.007816  -0.012641  0.278069  0.938683  0.203841  -0.955210  0.292589  -0.044322  -0.101246  -0.182387  0.978000  -0.118148  0.006022  0.017137  -1.054729  0.724072  -2.260171  1.000000  
176.530601 0.052508  -0.007807  -0.012624  0.280443  0.938305  0.202323  -0.954572  0.294745  -0.043780  -0.100713  -0.180854  0.978340  -0.118204  0.006116  0.017014  -1.066258  0.736889  -2.271972  1.000000  
176.531848 0.052364  -0.007794  -0.012606  0.283805  0.937725  0.200318  -0.953662  0.297800  -0.042933  -0.099914  -0.178851  0.978790  -0.118206  0.006244  0.016787  -1.083388  0.767670  -2.308776  1.000000  
176.533092 0.052222  -0.007782  -0.012588  0.287164  0.937105  0.198422  -0.952740  0.300862  -0.042064  -0.099116  -0.176965  0.979214  -0.118240  0.006400  0.016628  -1.098055  0.794960  -2.339398  1.000000  
176.534093 0.052108  -0.007773  -0.012574  0.289928  0.936604  0.196761  -0.951971  0.303378  -0.041380  -0.098450  -0.175314  0.979578  -0.117934  0.006459  0.016483  -1.119936  0.816205  -2.370982  1.000000  
176.535342 0.051966  -0.007764  -0.012556  0.293285  0.935988  0.194705  -0.951038  0.306415  -0.040446  -0.097518  -0.173309  0.980028  -0.117654  0.006474  0.016420  -1.141775  0.850614  -2.392666  1.000000  
176.536343 0.051853  -0.007759  -0.012541  0.296044  0.935465  0.193037  -0.950251  0.308933  -0.039784  -0.096852  -0.171656  0.980385  -0.117308  0.006460  0.016380  -1.160249  0.870217  -2.417385  1.000000  
176.537592 0.051712  -0.007753  -0.012520  0.299591  0.934781  0.190866  -0.949234  0.312160  -0.038874  -0.095920  -0.169530  0.980846  -0.116776  0.006511  0.016341  -1.183271  0.898899  -2.439853  1.000000  
176.538843 0.051572  -0.007748  -0.012500  0.303329  0.934015  0.188698  -0.948140  0.315581  -0.037941  -0.094987  -0.167404  0.981302  -0.116076  0.006628  0.016336  -1.209560  0.926313  -2.471328  1.000000  
176.540094 0.051432  -0.007744  -0.012482  0.307066  0.933216  0.186597  -0.947042  0.318986  -0.036862  -0.093922  -0.165396  0.981745  -0.115226  0.006681  0.016116  -1.223769  0.960056  -2.499725  1.000000  
176.541341 0.051293  -0.007739  -0.012466  0.310597  0.932496  0.184338  -0.945969  0.322233  -0.036164  -0.093123  -0.163146  0.982197  -0.114959  0.006693  0.015869  -1.251171  0.981065  -2.517556  1.000000  
176.542342 0.051184  -0.007734  -0.012453  0.313540  0.931849  0.182618  -0.945076  0.324928  -0.035398  -0.092323  -0.161490  0.982546  -0.113820  0.006638  0.015371  -1.263070  1.003441  -2.536401  1.000000  
176.543404 0.051074  -0.007727  -0.012441  0.316480  0.931213  0.180782  -0.944173  0.327618  -0.034682  -0.091524  -0.159714  0.982911  -0.112610  0.006597  0.014804  -1.276038  1.022550  -2.550016  1.000000  
176.544592 0.050939  -0.007717  -0.012426  0.320203  0.930350  0.178660  -0.943021  0.331028  -0.033661  -0.090458  -0.157702  0.983335  -0.112423  0.006585  0.014363  -1.289132  1.051237  -2.577314  1.000000  
176.545608 0.050832  -0.007709  -0.012414  0.323334  0.929626  0.176780  -0.942040  0.333891  -0.032809  -0.089525  -0.155926  0.983703  -0.111591  0.006448  0.013962  -1.304012  1.082625  -2.601295  1.000000  
176.546845 0.050698  -0.007698  -0.012398  0.326854  0.928841  0.174415  -0.940926  0.337104  -0.031936  -0.088459  -0.153673  0.984154  -0.111074  0.006451  0.013843  -1.319934  1.109140  -2.627042  1.000000  
176.547845 0.050591  -0.007691  -0.012384  0.329786  0.928180  0.172406  -0.939990  0.339775  -0.031187  -0.087526  -0.151775  0.984532  -0.110614  0.006202  0.013774  -1.334504  1.126601  -2.650769  1.000000  
176.548852 0.050485  -0.007684  -0.012369  0.332714  0.927506  0.170394  -0.939044  0.342447  -0.030449  -0.086593  -0.149876  0.984905  -0.109967  0.006023  0.013877  -1.355083  1.148370  -2.670823  1.000000  
176.550095 0.050350  -0.007678  -0.012350  0.336613  0.926559  0.167870  -0.937763  0.346023  -0.029471  -0.085393  -0.147502  0.985369  -0.109548  0.005837  0.013972  -1.377499  1.174493  -2.700498  1.000000  
176.551107 0.050243  -0.007673  -0.012334  0.339727  0.925805  0.165743  -0.936724  0.348884  -0.028770  -0.084460  -0.145481  0.985749  -0.109081  0.005800  0.014019  -1.401799  1.192922  -2.728238  1.000000  
176.552344 0.050108  -0.007669  -0.012314  0.343427  0.924919  0.163044  -0.935493  0.352251  -0.027780  -0.083127  -0.142986  0.986228  -0.108766  0.005724  0.013974  -1.430928  1.223437  -2.754287  1.000000  
176.553592 0.049973  -0.007664  -0.012296  0.347126  0.923999  0.160405  -0.934257  0.355605  -0.026644  -0.081660  -0.140610  0.986692  -0.108393  0.005724  0.013832  -1.449848  1.246821  -2.776182  1.000000  
176.554842 0.049838  -0.007660  -0.012281  0.351012  0.923004  0.157651  -0.932931  0.359149  -0.025539  -0.080193  -0.138113  0.987165  -0.108071  0.005723  0.013596  -1.476761  1.278436  -2.805097  1.000000  
176.556096 0.049703  -0.007655  -0.012268  0.354891  0.921988  0.154890  -0.931587  0.362695  -0.024456  -0.078726  -0.135614  0.987629  -0.107770  0.005718  0.013443  -1.505013  1.301564  -2.837349  1.000000  
176.557342 0.049568  -0.007650  -0.012256  0.358765  0.920949  0.152120  -0.930225  0.366243  -0.023395  -0.077259  -0.133113  0.988085  -0.107737  0.005606  0.013159  -1.521278  1.319936  -2.846917  1.000000  
176.558592 0.049433  -0.007642  -0.012243  0.362634  0.919924  0.149121  -0.928845  0.369789  -0.022445  -0.075791  -0.130371  0.988564  -0.107649  0.005438  0.013041  -1.554943  1.343029  -2.866210  1.000000  
176.559841 0.049297  -0.007635  -0.012229  0.366495  0.918840  0.146337  -0.927447  0.373341  -0.021429  -0.074323  -0.127866  0.989003  -0.107695  0.005291  0.012945  -1.576304  1.363026  -2.893330  1.000000  
176.560843 0.049189  -0.007628  -0.012219  0.369585  0.917967  0.144024  -0.926326  0.376165  -0.020493  -0.072989  -0.125839  0.989362  -0.107800  0.005198  0.012780  -1.588634  1.388028  -2.918596  1.000000  
176.561852 0.049079  -0.007623  -0.012208  0.372483  0.917165  0.141652  -0.925279  0.378787  -0.019479  -0.071521  -0.123812  0.989725  -0.107935  0.004923  0.012626  -1.610525  1.413731  -2.928684  1.000000  
176.562875 0.048969  -0.007619  -0.012196  0.375191  0.916416  0.139331  -0.924307  0.381210  -0.018338  -0.069920  -0.121905  0.990076  -0.107992  0.004714  0.012493  -1.624596  1.438244  -2.923739  1.000000  
176.564108 0.048829  -0.007616  -0.012182  0.378853  0.915355  0.136367  -0.922951  0.384538  -0.017056  -0.068051  -0.119398  0.990512  -0.108516  0.004421  0.012128  -1.645214  1.470322  -2.938153  1.000000  
176.565359 0.048690  -0.007613  -0.012169  0.382512  0.914262  0.133453  -0.921587  0.387858  -0.015628  -0.066048  -0.117010  0.990932  -0.108827  0.004227  0.011687  -1.660993  1.499938  -2.942624  1.000000  
176.566598 0.048549  -0.007611  -0.012156  0.386161  0.913158  0.130469  -0.920196  0.391193  -0.014390  -0.064179  -0.114500  0.991348  -0.109268  0.004039  0.011260  -1.677219  1.526798  -2.956996  1.000000  
176.567608 0.048438  -0.007609  -0.012145  0.389230  0.912202  0.128014  -0.919013  0.394003  -0.013307  -0.062577  -0.112467  0.991683  -0.109476  0.003933  0.010935  -1.687057  1.553478  -2.968115  1.000000  
176.568847 0.048299  -0.007605  -0.012130  0.392684  0.911182  0.124686  -0.917685  0.397128  -0.011989  -0.060440  -0.109714  0.992124  -0.109800  0.003860  0.010784  -1.713750  1.581466  -2.961837  1.000000  
176.570092 0.048162  -0.007601  -0.012114  0.396513  0.909951  0.121520  -0.916184  0.400622  -0.010425  -0.058170  -0.107201  0.992534  -0.109962  0.003910  0.010965  -1.734914  1.614996  -2.961959  1.000000  
176.571095 0.048053  -0.007596  -0.012100  0.399569  0.908962  0.118878  -0.914965  0.403426  -0.009323  -0.056433  -0.105044  0.992865  -0.110023  0.003939  0.011163  -1.750165  1.650915  -2.972326  1.000000  
176.572342 0.047916  -0.007590  -0.012082  0.403004  0.907864  0.115632  -0.913586  0.406566  -0.008023  -0.054296  -0.102407  0.993260  -0.110108  0.003959  0.011573  -1.771261  1.677929  -2.966431  1.000000  
176.573342 0.047808  -0.007585  -0.012068  0.405671  0.906990  0.113137  -0.912499  0.409017  -0.007075  -0.052692  -0.100367  0.993554  -0.110117  0.003861  0.011839  -1.787261  1.701282  -2.965703  1.000000  
176.574592 0.047673  -0.007579  -0.012050  0.409097  0.905845  0.109929  -0.911097  0.412154  -0.005644  -0.050421  -0.097847  0.993923  -0.110143  0.003750  0.012099  -1.805531  1.729957  -2.952029  1.000000  
176.575592 0.047564  -0.007574  -0.012036  0.411760  0.904952  0.107312  -0.909998  0.414588  -0.004486  -0.048550  -0.095806  0.994215  -0.110158  0.003623  0.012355  -1.819976  1.754457  -2.939784  1.000000  
176.576842 0.047428  -0.007570  -0.012019  0.415364  0.903700  0.103922  -0.908484  0.417908  -0.003004  -0.046144  -0.093164  0.994581  -0.110137  0.003535  0.012598  -1.836238  1.791479  -2.944471  1.000000  
176.577843 0.047318  -0.007568  -0.012007  0.418016  0.902775  0.101289  -0.907360  0.420350  -0.001879  -0.044273  -0.091120  0.994855  -0.110268  0.003432  0.012663  -1.845070  1.815697  -2.937649  1.000000  
176.578858 0.047207  -0.007567  -0.011994  0.420663  0.901825  0.098759  -0.906225  0.422794  -0.000717  -0.042401  -0.089197  0.995111  -0.109957  0.003303  0.012769  -1.850210  1.846211  -2.927570  1.000000  
176.580098 0.047069  -0.007567  -0.011976  0.424061  0.900578  0.095560  -0.904750  0.425942  0.000786  -0.039995  -0.086791  0.995423  -0.109977  0.003127  0.013096  -1.857449  1.878433  -2.915103  1.000000  
176.581099 0.046958  -0.007566  -0.011962  0.426702  0.899597  0.093010  -0.903600  0.428373  0.002209  -0.037856  -0.084987  0.995663  -0.109727  0.003116  0.013347  -1.854476  1.904526  -2.903912  1.000000  
176.582349 0.046821  -0.007565  -0.011943  0.430273  0.898206  0.089950  -0.902008  0.431703  0.003915  -0.035316  -0.082820  0.995939  -0.109710  0.002963  0.013662  -1.848101  1.940658  -2.907724  1.000000  
176.583437 0.046710  -0.007565  -0.011925  0.432714  0.897264  0.087608  -0.900911  0.433974  0.005100  -0.033443  -0.081134  0.996142  -0.108892  0.002777  0.014040  -1.840610  1.949787  -2.880098  1.000000  
176.584592 0.046573  -0.007563  -0.011901  0.435898  0.896002  0.084696  -0.899461  0.436951  0.006665  -0.031036  -0.079086  0.996385  -0.109555  0.002599  0.014650  -1.837300  1.978374  -2.870036  1.000000  
176.585841 0.046436  -0.007562  -0.011874  0.439075  0.894721  0.081773  -0.897994  0.439931  0.008210  -0.028629  -0.077037  0.996617  -0.109596  0.002388  0.015253  -1.828352  2.001180  -2.851379  1.000000  
176.586842 0.046325  -0.007561  -0.011852  0.441501  0.893735  0.079459  -0.896866  0.442201  0.009526  -0.026623  -0.075469  0.996793  -0.109788  0.002038  0.015863  -1.817724  2.020336  -2.831341  1.000000  
176.587842 0.046214  -0.007559  -0.011828  0.444109  0.892661  0.076967  -0.895638  0.444649  0.010912  -0.024483  -0.073781  0.996974  -0.110043  0.001917  0.016522  -1.807271  2.044844  -2.818667  1.000000  
176.588843 0.046103  -0.007559  -0.011804  0.446526  0.891657  0.074578  -0.894491  0.446915  0.012323  -0.022343  -0.072212  0.997139  -0.110112  0.001542  0.017153  -1.796738  2.073327  -2.798221  1.000000  
176.590093 0.045963  -0.007558  -0.011771  0.449678  0.890302  0.071775  -0.892971  0.449895  0.014029  -0.019801  -0.070401  0.997322  -0.110373  0.001227  0.018203  -1.779274  2.091491  -2.782303  1.000000  
176.591345 0.045821  -0.007559  -0.011736  0.452458  0.889129  0.068785  -0.891626  0.452488  0.016046  -0.016858  -0.068590  0.997502  -0.111319  0.000868  0.019421  -1.759377  2.127142  -2.745851  1.000000  
176.592592 0.045678  -0.007561  -0.011697  0.455228  0.887916  0.066120  -0.890262  0.455097  0.017917  -0.014182  -0.067020  0.997651  -0.111233  0.000453  0.020983  -1.739502  2.143009  -2.739237  1.000000  
176.593842 0.045532  -0.007565  -0.011655  0.458174  0.886596  0.063439  -0.888788  0.457891  0.019786  -0.011506  -0.065449  0.997790  -0.111815  0.000166  0.022637  -1.718365  2.161877  -2.720283  1.000000  
176.594843 0.045415  -0.007568  -0.011619  0.460195  0.885677  0.061613  -0.887767  0.459802  0.021261  -0.009500  -0.064482  0.997874  -0.112160  -0.000104  0.024060  -1.687473  2.172213  -2.693762  1.000000  
176.595860 0.045297  -0.007571  -0.011582  0.462213  0.884756  0.059719  -0.886738  0.461707  0.022847  -0.007359  -0.063515  0.997954  -0.112569  -0.000361  0.025711  -1.660191  2.179844  -2.663868  1.000000  
176.597095 0.045147  -0.007576  -0.011532  0.464410  0.883748  0.057565  -0.885608  0.463765  0.024909  -0.004683  -0.062548  0.998031  -0.113415  -0.000690  0.027606  -1.615180  2.198355  -2.618336  1.000000  
176.598099 0.045028  -0.007579  -0.011492  0.466235  0.882894  0.055874  -0.884657  0.465484  0.026579  -0.002542  -0.061822  0.998084  -0.114708  -0.000947  0.029479  -1.575621  2.202814  -2.583527  1.000000  
176.599100 0.044908  -0.007582  -0.011451  0.468239  0.881942  0.054127  -0.883602  0.467397  0.028079  -0.000535  -0.060975  0.998139  -0.114706  -0.001286  0.030837  -1.534815  2.206995  -2.553827  1.000000  
176.600344 0.044758  -0.007586  -0.011398  0.470601  0.880800  0.052217  -0.882344  0.469641  0.030121  0.002007  -0.060248  0.998181  -0.115610  -0.001612  0.032568  -1.477685  2.212507  -2.508829  1.000000  
176.601593 0.044606  -0.007590  -0.011345  0.472957  0.879643  0.050402  -0.881074  0.471881  0.032210  0.004549  -0.059642  0.998209  -0.116513  -0.001975  0.034378  -1.411669  2.218253  -2.470175  1.000000  
176.602842 0.044454  -0.007594  -0.011288  0.475306  0.878478  0.048577  -0.879792  0.474121  0.034290  0.007091  -0.059036  0.998231  -0.117351  -0.002335  0.036010  -1.358320  2.224461  -2.445704  1.000000  
176.604095 0.044300  -0.007600  -0.011230  0.477651  0.877295  0.046932  -0.878501  0.476381  0.036008  0.009232  -0.058429  0.998249  -0.118399  -0.002812  0.038074  -1.294745  2.213923  -2.407598  1.000000  
176.605342 0.044147  -0.007606  -0.011168  0.479989  0.876114  0.045108  -0.877199  0.478638  0.037777  0.011506  -0.057701  0.998268  -0.119303  -0.003197  0.039948  -1.240221  2.208219  -2.384103  1.000000  
176.606362 0.044024  -0.007610  -0.011117  0.481964  0.875103  0.043655  -0.876091  0.480557  0.039109  0.013246  -0.057095  0.998281  -0.119721  -0.003438  0.041394  -1.203732  2.204760  -2.370182  1.000000  
176.607592 0.043869  -0.007617  -0.011051  0.484473  0.873795  0.042041  -0.874673  0.483002  0.040694  0.015252  -0.056488  0.998287  -0.120639  -0.003746  0.043228  -1.133132  2.179141  -2.336912  1.000000  
176.608842 0.043715  -0.007624  -0.010983  0.486974  0.872487  0.040289  -0.873241  0.485432  0.042504  0.017527  -0.055880  0.998284  -0.121138  -0.003940  0.044779  -1.084929  2.172496  -2.320490  1.000000  
176.610094 0.043561  -0.007630  -0.010914  0.489649  0.871066  0.038582  -0.871698  0.488047  0.044196  0.019667  -0.055273  0.998278  -0.121696  -0.004115  0.046454  -1.029708  2.157722  -2.302955  1.000000  
176.611341 0.043409  -0.007636  -0.010843  0.491958  0.869833  0.036990  -0.870346  0.490295  0.045921  0.021807  -0.054786  0.998260  -0.121906  -0.004197  0.047954  -0.975357  2.134507  -2.273177  1.000000  
