1-Time 2-Px 3-Py 4-Pz 5-R11 6-R21 7-R31 8-R12 9-R22 10-R32 11-R13 12-R23 13-R33 14-Vx 15-Vy 16-Vz 17-Wx 18-Wy 19-Wz 20-state
119.753696 0.011644  -0.027516  0.050341  0.387152  0.719554  0.576503  -0.868916  0.493866  -0.032889  -0.308381  -0.488199  0.816433  0.015124  0.014141  0.000843  0.288352  0.040254  -0.060313  1.000000  
119.754876 0.011660  -0.027505  0.050337  0.387152  0.719414  0.576677  -0.868916  0.493874  -0.032769  -0.308381  -0.488397  0.816315  0.016249  0.010886  -0.003911  0.000000  0.000000  0.000000  1.000000  
119.756138 0.011687  -0.027486  0.050299  0.387152  0.719204  0.576939  -0.868916  0.493886  -0.032590  -0.308381  -0.488694  0.816137  0.019091  0.012942  -0.018442  0.000000  0.000000  0.000000  1.000000  
119.757366 0.011714  -0.027465  0.050251  0.387152  0.719064  0.577114  -0.868916  0.493894  -0.032470  -0.308381  -0.488892  0.816018  0.019949  0.014376  -0.025880  0.000000  0.000000  0.000000  1.000000  
119.758369 0.011735  -0.027448  0.050221  0.387152  0.718994  0.577201  -0.868916  0.493898  -0.032410  -0.308381  -0.488991  0.815959  0.020123  0.015050  -0.026731  0.000000  0.000000  0.000000  1.000000  
119.759615 0.011757  -0.027427  0.050195  0.386973  0.718956  0.577368  -0.868995  0.493758  -0.032409  -0.308381  -0.489189  0.815840  0.019588  0.015382  -0.025495  0.000000  0.000000  0.000000  1.000000  
119.760617 0.011769  -0.027410  0.050174  0.386973  0.718886  0.577456  -0.868995  0.493761  -0.032349  -0.308381  -0.489288  0.815781  0.018464  0.015599  -0.024722  0.000000  0.000000  0.000000  1.000000  
119.761865 0.011774  -0.027387  0.050145  0.386973  0.718746  0.577630  -0.868995  0.493769  -0.032229  -0.308381  -0.489486  0.815662  0.016228  0.016140  -0.024474  0.000000  0.000000  0.000000  1.000000  
119.763112 0.011776  -0.027360  0.050114  0.387152  0.718574  0.577724  -0.868916  0.493921  -0.032050  -0.308381  -0.489585  0.815603  0.014292  0.016887  -0.024524  0.000000  0.000000  0.000000  1.000000  
119.764116 0.011782  -0.027336  0.050091  0.387169  0.718530  0.577767  -0.868953  0.493865  -0.031891  -0.308253  -0.489705  0.815579  0.013478  0.017549  -0.024446  0.000000  0.000000  0.000000  1.000000  
119.765394 0.011795  -0.027304  0.050061  0.387186  0.718557  0.577722  -0.868991  0.493805  -0.031791  -0.308126  -0.489726  0.815614  0.013121  0.018367  -0.024338  0.000000  0.000000  0.000000  1.000000  
119.766619 0.011810  -0.027272  0.050022  0.387219  0.718610  0.577633  -0.869066  0.493686  -0.031592  -0.307872  -0.489769  0.815685  0.013021  0.019097  -0.025039  0.000000  0.000000  0.000000  1.000000  
119.767863 0.011820  -0.027242  0.049968  0.387415  0.718606  0.577508  -0.869024  0.493770  -0.031433  -0.307744  -0.489691  0.815779  0.012556  0.019545  -0.026667  0.000000  0.000000  0.000000  1.000000  
119.768923 0.011826  -0.027218  0.049914  0.387611  0.718601  0.577383  -0.868982  0.493854  -0.031274  -0.307617  -0.489613  0.815874  0.012119  0.019994  -0.028931  0.000000  0.000000  0.000000  1.000000  
119.770114 0.011836  -0.027186  0.049843  0.387627  0.718767  0.577164  -0.869020  0.493787  -0.031295  -0.307490  -0.489436  0.816028  0.011408  0.021004  -0.032621  0.000000  0.000000  0.000000  1.000000  
119.771117 0.011847  -0.027158  0.049790  0.387823  0.718832  0.576952  -0.868977  0.493867  -0.031196  -0.307362  -0.489260  0.816182  0.010676  0.021930  -0.033997  0.000000  0.000000  0.000000  1.000000  
119.772120 0.011860  -0.027126  0.049743  0.387840  0.718999  0.576733  -0.869015  0.493800  -0.031216  -0.307235  -0.489083  0.816336  0.009879  0.022978  -0.034400  0.000000  0.000000  0.000000  1.000000  
119.773373 0.011869  -0.027085  0.049694  0.388019  0.718967  0.576652  -0.868935  0.493944  -0.031157  -0.307235  -0.488984  0.816395  0.008778  0.024322  -0.035332  0.000000  0.000000  0.000000  1.000000  
119.774616 0.011871  -0.027043  0.049645  0.388376  0.718904  0.576491  -0.868775  0.494233  -0.031040  -0.307235  -0.488786  0.816514  0.007531  0.025797  -0.036948  0.000000  0.000000  0.000000  1.000000  
119.775631 0.011870  -0.027011  0.049603  0.388555  0.718802  0.576497  -0.868695  0.494381  -0.030921  -0.307235  -0.488786  0.816514  0.006762  0.026778  -0.038307  0.000000  0.000000  0.000000  1.000000  
119.776863 0.011871  -0.026971  0.049544  0.388734  0.718770  0.576416  -0.868615  0.494525  -0.030862  -0.307235  -0.488687  0.816573  0.006486  0.027742  -0.040073  0.000000  0.000000  0.000000  1.000000  
119.777939 0.011875  -0.026940  0.049490  0.388913  0.718738  0.576335  -0.868535  0.494669  -0.030803  -0.307235  -0.488588  0.816633  0.006634  0.028310  -0.042087  0.000000  0.000000  0.000000  1.000000  
119.779131 0.011885  -0.026901  0.049413  0.389075  0.718610  0.576386  -0.868418  0.494877  -0.030785  -0.307362  -0.488566  0.816597  0.006828  0.029011  -0.045526  0.000000  0.000000  0.000000  1.000000  
119.780362 0.011899  -0.026862  0.049326  0.389416  0.718379  0.576444  -0.868220  0.495232  -0.030647  -0.307490  -0.488545  0.816562  0.006937  0.029546  -0.049060  0.000000  0.000000  0.000000  1.000000  
119.781613 0.011913  -0.026822  0.049239  0.389577  0.718250  0.576495  -0.868102  0.495440  -0.030628  -0.307617  -0.488524  0.816527  0.006834  0.030032  -0.052212  0.000000  0.000000  0.000000  1.000000  
119.782613 0.011920  -0.026790  0.049173  0.389918  0.718019  0.576552  -0.867904  0.495795  -0.030490  -0.307744  -0.488503  0.816491  0.006767  0.030687  -0.053918  0.000000  0.000000  0.000000  1.000000  
119.783614 0.011923  -0.026757  0.049113  0.390097  0.717917  0.576558  -0.867824  0.495943  -0.030371  -0.307744  -0.488503  0.816491  0.006564  0.031162  -0.054437  0.000000  0.000000  0.000000  1.000000  
119.784676 0.011924  -0.026724  0.049057  0.390258  0.717788  0.576609  -0.867706  0.496150  -0.030352  -0.307872  -0.488482  0.816456  0.006223  0.032024  -0.054948  0.000000  0.000000  0.000000  1.000000  
119.785926 0.011923  -0.026682  0.048996  0.390582  0.717530  0.576711  -0.867470  0.496565  -0.030314  -0.308126  -0.488440  0.816385  0.005125  0.032135  -0.053586  0.000000  0.000000  0.000000  1.000000  
119.787115 0.011922  -0.026638  0.048942  0.390922  0.717299  0.576769  -0.867272  0.496920  -0.030176  -0.308253  -0.488418  0.816350  0.004188  0.032562  -0.053397  0.000000  0.000000  0.000000  1.000000  
119.788118 0.011923  -0.026601  0.048900  0.391245  0.717041  0.576871  -0.867035  0.497334  -0.030138  -0.308508  -0.488376  0.816279  0.003699  0.032851  -0.053531  0.000000  0.000000  0.000000  1.000000  
119.789119 0.011921  -0.026566  0.048854  0.391407  0.716911  0.576922  -0.866917  0.497542  -0.030119  -0.308635  -0.488355  0.816244  0.003382  0.032958  -0.054108  0.000000  0.000000  0.000000  1.000000  
119.790121 0.011920  -0.026531  0.048801  0.391746  0.716749  0.576892  -0.866718  0.497893  -0.030041  -0.308762  -0.488235  0.816267  0.003266  0.032996  -0.054897  0.016742  0.079084  -0.158078  1.000000  
119.791370 0.011919  -0.026491  0.048724  0.392052  0.716464  0.577040  -0.866444  0.498366  -0.030102  -0.309144  -0.488171  0.816161  0.003286  0.033036  -0.056411  0.017111  0.074928  -0.177583  1.000000  
119.792613 0.011918  -0.026452  0.048642  0.392196  0.716307  0.577136  -0.866288  0.498633  -0.030182  -0.309399  -0.488129  0.816090  0.002998  0.033208  -0.057854  0.008984  0.067240  -0.182213  1.000000  
119.793634 0.011920  -0.026420  0.048575  0.392502  0.716021  0.577284  -0.866013  0.499106  -0.030243  -0.309780  -0.488065  0.815983  0.002678  0.033209  -0.058224  0.009204  0.058543  -0.202605  1.000000  
119.794864 0.011922  -0.026378  0.048498  0.392646  0.715794  0.577467  -0.865857  0.499376  -0.030262  -0.310035  -0.488121  0.815853  0.001728  0.033330  -0.057335  0.015440  0.050406  -0.215325  1.000000  
119.796116 0.011922  -0.026334  0.048425  0.392773  0.715470  0.577782  -0.865662  0.499709  -0.030320  -0.310416  -0.488255  0.815628  0.000949  0.033620  -0.056570  0.025548  0.038062  -0.228288  1.000000  
119.797364 0.011916  -0.026289  0.048357  0.392899  0.715146  0.578097  -0.865468  0.500042  -0.030378  -0.310798  -0.488389  0.815402  -0.000241  0.033957  -0.055322  0.038007  0.019105  -0.241748  1.000000  
119.798365 0.011909  -0.026252  0.048303  0.393043  0.714779  0.578454  -0.865311  0.500320  -0.030276  -0.311052  -0.488643  0.815153  -0.000977  0.034245  -0.054889  0.056007  0.010857  -0.252240  1.000000  
119.799367 0.011899  -0.026218  0.048248  0.393169  0.714454  0.578769  -0.865117  0.500653  -0.030333  -0.311434  -0.488776  0.814927  -0.001617  0.034420  -0.055090  0.068328  -0.000611  -0.259665  1.000000  
119.800370 0.011890  -0.026187  0.048190  0.393118  0.714162  0.579164  -0.865003  0.500842  -0.030449  -0.311815  -0.489008  0.814642  -0.002217  0.034291  -0.055654  0.087002  -0.019411  -0.264806  1.000000  
119.801378 0.011883  -0.026155  0.048128  0.393261  0.713864  0.579434  -0.864846  0.501116  -0.030406  -0.312069  -0.489163  0.814452  -0.002716  0.033876  -0.056595  0.105463  -0.027596  -0.277378  1.000000  
119.802620 0.011876  -0.026116  0.048043  0.393192  0.713545  0.579874  -0.864694  0.501365  -0.030621  -0.312578  -0.489373  0.814131  -0.003067  0.033703  -0.058739  0.118818  -0.049875  -0.281284  1.000000  
119.803679 0.011871  -0.026083  0.047969  0.393335  0.713247  0.580143  -0.864537  0.501639  -0.030578  -0.312832  -0.489528  0.813940  -0.003416  0.033180  -0.060579  0.135738  -0.057835  -0.287358  1.000000  
119.804869 0.011864  -0.026041  0.047874  0.393283  0.712954  0.580538  -0.864422  0.501829  -0.030693  -0.313213  -0.489759  0.813654  -0.003788  0.033266  -0.062882  0.148105  -0.076280  -0.283666  1.000000  
119.806119 0.011855  -0.025998  0.047782  0.393427  0.712585  0.580894  -0.864265  0.502106  -0.030589  -0.313467  -0.490012  0.813404  -0.004265  0.033346  -0.063928  0.163083  -0.083268  -0.285916  1.000000  
119.807120 0.011845  -0.025965  0.047713  0.393409  0.712417  0.581112  -0.864227  0.502173  -0.030566  -0.313594  -0.490187  0.813250  -0.004837  0.033543  -0.064235  0.176644  -0.087780  -0.290542  1.000000  
119.808126 0.011835  -0.025931  0.047651  0.393552  0.712118  0.581381  -0.864069  0.502447  -0.030522  -0.313848  -0.490341  0.813059  -0.005594  0.033694  -0.063860  0.184987  -0.095543  -0.295435  1.000000  
119.809380 0.011818  -0.025889  0.047577  0.393535  0.711950  0.581599  -0.864031  0.502514  -0.030499  -0.313976  -0.490517  0.812904  -0.007002  0.033700  -0.063327  0.188631  -0.102162  -0.283793  1.000000  
119.810674 0.011800  -0.025846  0.047503  0.393678  0.711581  0.581954  -0.863874  0.502791  -0.030395  -0.314230  -0.490769  0.812653  -0.008232  0.033600  -0.063148  0.200571  -0.105799  -0.285657  1.000000  
119.811865 0.011782  -0.025801  0.047424  0.393660  0.711412  0.582172  -0.863835  0.502858  -0.030372  -0.314357  -0.490945  0.812498  -0.009216  0.033696  -0.064165  0.204886  -0.112778  -0.275015  1.000000  
119.813114 0.011766  -0.025757  0.047335  0.393821  0.711140  0.582396  -0.863716  0.503072  -0.030229  -0.314484  -0.491120  0.812343  -0.009695  0.033585  -0.065645  0.213058  -0.112746  -0.275014  1.000000  
119.814363 0.011752  -0.025715  0.047238  0.393999  0.710825  0.582661  -0.863635  0.503229  -0.029926  -0.314484  -0.491415  0.812164  -0.009848  0.033542  -0.067332  0.223916  -0.108175  -0.271037  1.000000  
119.815382 0.011741  -0.025683  0.047155  0.394159  0.710623  0.582798  -0.863515  0.503439  -0.029843  -0.314611  -0.491492  0.812069  -0.009963  0.033629  -0.069229  0.227580  -0.112386  -0.267469  1.000000  
119.816613 0.011727  -0.025644  0.047049  0.394159  0.710411  0.583057  -0.863515  0.503450  -0.029660  -0.314611  -0.491788  0.811890  -0.010275  0.033621  -0.071000  0.233259  -0.110340  -0.249122  1.000000  
119.817613 0.011714  -0.025611  0.046963  0.394319  0.710138  0.583280  -0.863396  0.503663  -0.029517  -0.314738  -0.491963  0.811734  -0.010832  0.033633  -0.072040  0.239549  -0.113830  -0.243868  1.000000  
119.818620 0.011698  -0.025577  0.046880  0.394479  0.709866  0.583504  -0.863276  0.503876  -0.029373  -0.314865  -0.492138  0.811579  -0.011590  0.033860  -0.072866  0.247244  -0.114138  -0.237618  1.000000  
119.819794 0.011680  -0.025544  0.046801  0.394657  0.709550  0.583768  -0.863195  0.504033  -0.029070  -0.314865  -0.492433  0.811400  -0.012350  0.033291  -0.071866  0.262013  -0.109610  -0.233925  1.000000  
119.820893 0.011657  -0.025502  0.046709  0.394817  0.709206  0.584077  -0.863076  0.504249  -0.028865  -0.314992  -0.492707  0.811185  -0.013383  0.033583  -0.072644  0.273442  -0.109674  -0.227184  1.000000  
119.822140 0.011632  -0.025461  0.046618  0.395173  0.708786  0.584347  -0.862913  0.504552  -0.028441  -0.314992  -0.493002  0.811005  -0.014260  0.033522  -0.072998  0.283539  -0.101174  -0.220887  1.000000  
119.823372 0.011606  -0.025420  0.046527  0.395350  0.708469  0.584611  -0.862832  0.504708  -0.028137  -0.314992  -0.493297  0.810826  -0.015112  0.033495  -0.074106  0.296135  -0.090014  -0.207905  1.000000  
119.824616 0.011580  -0.025379  0.046428  0.395706  0.708048  0.584880  -0.862669  0.505010  -0.027712  -0.314992  -0.493592  0.810646  -0.015629  0.033378  -0.075957  0.306329  -0.078827  -0.208803  1.000000  
119.825866 0.011556  -0.025338  0.046324  0.396043  0.707671  0.585108  -0.862467  0.505368  -0.027447  -0.315119  -0.493766  0.810491  -0.016127  0.033311  -0.078230  0.308552  -0.067691  -0.209803  1.000000  
119.827116 0.011534  -0.025298  0.046216  0.396221  0.707496  0.585200  -0.862386  0.505517  -0.027266  -0.315119  -0.493865  0.810431  -0.016302  0.032871  -0.079384  0.304494  -0.056108  -0.202824  1.000000  
119.828127 0.011517  -0.025266  0.046131  0.396398  0.707392  0.585205  -0.862304  0.505662  -0.027145  -0.315119  -0.493865  0.810431  -0.016639  0.032647  -0.080255  0.292172  -0.048358  -0.198101  1.000000  
119.829199 0.011498  -0.025235  0.046047  0.396753  0.707184  0.585216  -0.862141  0.505954  -0.026904  -0.315119  -0.493865  0.810431  -0.017089  0.032377  -0.080283  0.285497  -0.033315  -0.196248  1.000000  
119.830366 0.011470  -0.025196  0.045948  0.397108  0.706904  0.585313  -0.861978  0.506248  -0.026602  -0.315119  -0.493963  0.810371  -0.018099  0.032554  -0.080558  0.280231  -0.014900  -0.199435  1.000000  
119.831615 0.011439  -0.025156  0.045855  0.397463  0.706767  0.585238  -0.861814  0.506536  -0.026422  -0.315119  -0.493865  0.810431  -0.019350  0.032538  -0.079428  0.270492  -0.000071  -0.198227  1.000000  
119.832678 0.011412  -0.025123  0.045784  0.397818  0.706558  0.585249  -0.861650  0.506827  -0.026181  -0.315119  -0.493865  0.810431  -0.020067  0.032423  -0.078156  0.264068  0.018264  -0.203498  1.000000  
119.833928 0.011379  -0.025082  0.045696  0.398155  0.706322  0.585305  -0.861448  0.507178  -0.026039  -0.315246  -0.493843  0.810395  -0.020955  0.032309  -0.077212  0.254335  0.029394  -0.204644  1.000000  
119.835116 0.011348  -0.025042  0.045604  0.398492  0.706085  0.585362  -0.861246  0.507528  -0.025896  -0.315373  -0.493821  0.810359  -0.021630  0.032374  -0.077461  0.244800  0.039788  -0.212050  1.000000  
119.836119 0.011323  -0.025011  0.045525  0.398829  0.705848  0.585418  -0.861043  0.507879  -0.025754  -0.315500  -0.493799  0.810323  -0.021866  0.032270  -0.077703  0.236780  0.047394  -0.217045  1.000000  
119.837180 0.011300  -0.024980  0.045443  0.399148  0.705583  0.585520  -0.860802  0.508289  -0.025709  -0.315753  -0.493755  0.810250  -0.022082  0.031938  -0.078129  0.232536  0.054102  -0.227763  1.000000  
119.838370 0.011271  -0.024942  0.045337  0.399484  0.705346  0.585576  -0.860600  0.508640  -0.025566  -0.315880  -0.493733  0.810214  -0.022328  0.031856  -0.079305  0.227066  0.057640  -0.233829  1.000000  
119.839622 0.011241  -0.024905  0.045228  0.399803  0.705152  0.585592  -0.860358  0.509047  -0.025584  -0.316134  -0.493591  0.810202  -0.022620  0.031537  -0.079955  0.217082  0.061049  -0.239426  1.000000  
119.840869 0.011210  -0.024869  0.045121  0.400299  0.704782  0.585699  -0.860035  0.509602  -0.025419  -0.316388  -0.493547  0.810130  -0.023132  0.031235  -0.080119  0.211966  0.067622  -0.259210  1.000000  
119.842134 0.011179  -0.024831  0.045019  0.400617  0.704587  0.585716  -0.859793  0.510009  -0.025436  -0.316642  -0.493404  0.810117  -0.023780  0.031038  -0.079556  0.201363  0.066995  -0.266385  1.000000  
119.843365 0.011148  -0.024792  0.044925  0.401094  0.704259  0.585783  -0.859430  0.510620  -0.025431  -0.317023  -0.493240  0.810069  -0.024298  0.031107  -0.078956  0.195873  0.069567  -0.288020  1.000000  
119.844428 0.011120  -0.024761  0.044852  0.401412  0.704135  0.585715  -0.859188  0.511024  -0.025510  -0.317276  -0.492999  0.810116  -0.024725  0.030954  -0.077926  0.181373  0.065127  -0.297604  1.000000  
119.845614 0.011085  -0.024723  0.044763  0.401906  0.703906  0.585652  -0.858863  0.511572  -0.025468  -0.317530  -0.492759  0.810163  -0.025309  0.030978  -0.077724  0.168510  0.067670  -0.309254  1.000000  
119.846677 0.011055  -0.024693  0.044692  0.402206  0.703824  0.585544  -0.858582  0.512031  -0.025708  -0.317911  -0.492398  0.810233  -0.025553  0.030821  -0.077712  0.151434  0.059939  -0.323692  1.000000  
119.847932 0.011019  -0.024656  0.044600  0.402700  0.703665  0.585396  -0.858256  0.512576  -0.025729  -0.318165  -0.492058  0.810339  -0.025679  0.030495  -0.077723  0.131450  0.062882  -0.337176  1.000000  
119.849114 0.010986  -0.024618  0.044504  0.403176  0.703548  0.585209  -0.857892  0.513177  -0.025911  -0.318545  -0.491599  0.810469  -0.025797  0.030387  -0.078243  0.107924  0.062249  -0.354608  1.000000  
119.850363 0.010955  -0.024581  0.044405  0.403651  0.703431  0.585022  -0.857527  0.513777  -0.026093  -0.318925  -0.491139  0.810598  -0.025820  0.030292  -0.078812  0.083000  0.060735  -0.366929  1.000000  
119.851613 0.010924  -0.024544  0.044305  0.404126  0.703313  0.584835  -0.857162  0.514377  -0.026276  -0.319306  -0.490680  0.810726  -0.025879  0.030126  -0.078733  0.059064  0.055972  -0.384758  1.000000  
119.852614 0.010898  -0.024513  0.044225  0.404442  0.703258  0.584683  -0.856918  0.514776  -0.026418  -0.319559  -0.490340  0.810832  -0.026028  0.030120  -0.078459  0.041065  0.051679  -0.394882  1.000000  
119.853681 0.010870  -0.024484  0.044148  0.404935  0.703097  0.584536  -0.856591  0.515319  -0.026441  -0.319813  -0.490001  0.810937  -0.026266  0.029958  -0.077291  0.019148  0.047706  -0.407519  1.000000  
119.854870 0.010833  -0.024446  0.044056  0.405409  0.703049  0.584265  -0.856224  0.515915  -0.026687  -0.320193  -0.489443  0.811124  -0.026809  0.030184  -0.076545  -0.007076  0.039590  -0.421035  1.000000  
119.855874 0.010802  -0.024417  0.043986  0.405882  0.702859  0.584165  -0.855857  0.516517  -0.026808  -0.320574  -0.489081  0.811192  -0.027232  0.030118  -0.075470  -0.022955  0.038647  -0.436789  1.000000  
119.857120 0.010765  -0.024379  0.043899  0.406374  0.702838  0.583849  -0.855529  0.517052  -0.026957  -0.320827  -0.488545  0.811415  -0.027640  0.030134  -0.074746  -0.042958  0.037636  -0.452648  1.000000  
119.858367 0.010728  -0.024342  0.043811  0.407023  0.702681  0.583585  -0.855078  0.517792  -0.027085  -0.321207  -0.487986  0.811600  -0.028100  0.030138  -0.074569  -0.058380  0.032475  -0.467056  1.000000  
119.859614 0.010691  -0.024305  0.043716  0.407672  0.702595  0.583236  -0.854626  0.518527  -0.027275  -0.321587  -0.487329  0.811845  -0.028184  0.029946  -0.074750  -0.080047  0.030973  -0.490679  1.000000  
119.860673 0.010661  -0.024276  0.043637  0.408181  0.702529  0.582959  -0.854335  0.519007  -0.027265  -0.321714  -0.486913  0.812044  -0.028055  0.029691  -0.074840  -0.096850  0.027218  -0.496361  1.000000  
119.861885 0.010626  -0.024240  0.043536  0.409023  0.702433  0.582484  -0.853837  0.519824  -0.027302  -0.321967  -0.486179  0.812383  -0.028190  0.029727  -0.075966  -0.111858  0.032661  -0.520846  1.000000  
119.863113 0.010592  -0.024204  0.043434  0.409689  0.702514  0.581919  -0.853422  0.520493  -0.027524  -0.322221  -0.485346  0.812781  -0.028090  0.029659  -0.076549  -0.141885  0.031911  -0.528369  1.000000  
119.864120 0.010563  -0.024176  0.043355  0.410372  0.702551  0.581392  -0.853046  0.521107  -0.027585  -0.322347  -0.484634  0.813156  -0.028209  0.029492  -0.076582  -0.167295  0.038750  -0.544457  1.000000  
119.865364 0.010527  -0.024138  0.043259  0.411232  0.702550  0.580786  -0.852584  0.521862  -0.027591  -0.322474  -0.483823  0.813588  -0.028577  0.029493  -0.076342  -0.189245  0.051537  -0.561579  1.000000  
119.866616 0.010488  -0.024101  0.043167  0.412109  0.702716  0.579962  -0.852160  0.522551  -0.027627  -0.322474  -0.482835  0.814175  -0.029104  0.029493  -0.075718  -0.225125  0.061678  -0.570035  1.000000  
119.867672 0.010456  -0.024070  0.043097  0.412792  0.702890  0.579265  -0.851782  0.523158  -0.027818  -0.322601  -0.481924  0.814664  -0.029303  0.029458  -0.074802  -0.258757  0.072352  -0.582788  1.000000  
119.868864 0.010415  -0.024033  0.043013  0.413844  0.703016  0.578362  -0.851271  0.523989  -0.027802  -0.322601  -0.480837  0.815306  -0.029842  0.029534  -0.074510  -0.292729  0.088686  -0.599004  1.000000  
119.869865 0.010384  -0.024003  0.042944  0.414739  0.703135  0.577575  -0.850883  0.524625  -0.027681  -0.322474  -0.479969  0.815868  -0.029993  0.029514  -0.074176  -0.318439  0.109811  -0.608863  1.000000  
119.870872 0.010352  -0.023975  0.042874  0.415614  0.703225  0.576836  -0.850456  0.525318  -0.027660  -0.322474  -0.479078  0.816392  -0.030055  0.029437  -0.074161  -0.351021  0.128174  -0.626147  1.000000  
119.872126 0.010313  -0.023939  0.042781  0.416858  0.703264  0.575889  -0.849895  0.526238  -0.027433  -0.322347  -0.478010  0.817067  -0.030168  0.029307  -0.074635  -0.377724  0.151042  -0.644647  1.000000  
119.873371 0.010275  -0.023904  0.042682  0.417927  0.703479  0.574851  -0.849418  0.527009  -0.027391  -0.322221  -0.476842  0.817799  -0.030194  0.029143  -0.075224  -0.417853  0.174202  -0.653295  1.000000  
119.874617 0.010239  -0.023868  0.042581  0.419344  0.703405  0.573909  -0.848767  0.528074  -0.027050  -0.322094  -0.475772  0.818472  -0.030161  0.029137  -0.075627  -0.440663  0.209045  -0.677206  1.000000  
119.875866 0.010201  -0.023833  0.042481  0.420586  0.703506  0.572875  -0.848201  0.528992  -0.026895  -0.321967  -0.474601  0.819201  -0.030309  0.029068  -0.075688  -0.468090  0.237117  -0.690252  1.000000  
119.877116 0.010163  -0.023798  0.042384  0.421827  0.703605  0.571841  -0.847632  0.529910  -0.026743  -0.321841  -0.473430  0.819928  -0.030476  0.029015  -0.075485  -0.494206  0.262957  -0.706716  1.000000  
119.878143 0.010130  -0.023770  0.042308  0.422893  0.703740  0.570886  -0.847149  0.530687  -0.026646  -0.321714  -0.472357  0.820597  -0.030768  0.028863  -0.074823  -0.519411  0.285709  -0.721822  1.000000  
119.879364 0.010086  -0.023736  0.042214  0.424326  0.703890  0.569636  -0.846528  0.531688  -0.026413  -0.321461  -0.471006  0.821472  -0.031388  0.028740  -0.074691  -0.546545  0.321728  -0.738665  1.000000  
119.880365 0.010051  -0.023709  0.042140  0.425565  0.703911  0.568686  -0.845954  0.532611  -0.026204  -0.321334  -0.469931  0.822137  -0.031711  0.028628  -0.074594  -0.570679  0.348624  -0.760801  1.000000  
119.881613 0.010008  -0.023674  0.042047  0.426977  0.704095  0.567398  -0.845291  0.533667  -0.026140  -0.321207  -0.468455  0.823028  -0.032001  0.028455  -0.074730  -0.608436  0.379900  -0.780349  1.000000  
119.882680 0.009974  -0.023646  0.041969  0.428060  0.704385  0.566221  -0.844839  0.534384  -0.026086  -0.320954  -0.467199  0.823841  -0.032019  0.028076  -0.075073  -0.636920  0.407468  -0.784487  1.000000  
119.883930 0.009933  -0.023611  0.041872  0.429296  0.704809  0.564756  -0.844260  0.535290  -0.026275  -0.320827  -0.465521  0.824840  -0.032038  0.027970  -0.075766  -0.681104  0.435317  -0.798840  1.000000  
119.885116 0.009891  -0.023576  0.041770  0.430725  0.705146  0.563245  -0.843628  0.536286  -0.026255  -0.320574  -0.463861  0.825873  -0.032270  0.027959  -0.077264  -0.718427  0.463370  -0.813532  1.000000  
119.886179 0.009857  -0.023549  0.041688  0.431980  0.705452  0.561899  -0.843083  0.537144  -0.026223  -0.320320  -0.462399  0.826790  -0.032333  0.027795  -0.077587  -0.756777  0.494779  -0.834103  1.000000  
119.887470 0.009815  -0.023515  0.041585  0.433600  0.705766  0.560255  -0.842395  0.538230  -0.026062  -0.319940  -0.460655  0.827910  -0.032466  0.027619  -0.077938  -0.799443  0.535637  -0.844816  1.000000  
119.888619 0.009773  -0.023480  0.041485  0.435026  0.706156  0.558655  -0.841756  0.539226  -0.026120  -0.319686  -0.458888  0.828989  -0.033108  0.027734  -0.078405  -0.846722  0.565254  -0.862607  1.000000  
119.889622 0.009737  -0.023454  0.041408  0.436105  0.706562  0.557300  -0.841294  0.539942  -0.026216  -0.319433  -0.457420  0.829897  -0.033590  0.027621  -0.078259  -0.880219  0.589198  -0.870748  1.000000  
119.890867 0.009691  -0.023419  0.041316  0.437702  0.706899  0.555617  -0.840560  0.541083  -0.026233  -0.319179  -0.455548  0.831024  -0.034072  0.027522  -0.077668  -0.922773  0.620223  -0.891763  1.000000  
119.891869 0.009654  -0.023393  0.041243  0.438780  0.707430  0.554089  -0.840095  0.541794  -0.026467  -0.318925  -0.453874  0.832037  -0.034477  0.027415  -0.077335  -0.961190  0.635283  -0.895487  1.000000  
119.893114 0.009605  -0.023361  0.041153  0.439857  0.708092  0.552387  -0.839627  0.542499  -0.026836  -0.318672  -0.451996  0.833155  -0.035014  0.027312  -0.077150  -1.003115  0.657498  -0.900357  1.000000  
119.894364 0.009557  -0.023330  0.041059  0.441279  0.708592  0.550610  -0.838977  0.543494  -0.027047  -0.318418  -0.450014  0.834325  -0.035307  0.027091  -0.077046  -1.045549  0.677481  -0.912034  1.000000  
119.895613 0.009512  -0.023298  0.040962  0.442700  0.709085  0.548831  -0.838325  0.544489  -0.027264  -0.318165  -0.448029  0.835489  -0.035441  0.026878  -0.077331  -1.080711  0.694835  -0.921655  1.000000  
119.896615 0.009475  -0.023274  0.040881  0.443947  0.709353  0.547475  -0.837761  0.545356  -0.027267  -0.317911  -0.446548  0.836378  -0.035545  0.026640  -0.077683  -1.102542  0.710900  -0.935268  1.000000  
119.897616 0.009441  -0.023249  0.040799  0.445174  0.709656  0.546085  -0.837158  0.546272  -0.027440  -0.317784  -0.444944  0.837280  -0.035734  0.026573  -0.078353  -1.126460  0.728237  -0.950862  1.000000  
119.898617 0.009404  -0.023226  0.040718  0.446248  0.710029  0.544722  -0.836682  0.546994  -0.027563  -0.317530  -0.443459  0.838164  -0.035920  0.026271  -0.078585  -1.146477  0.736418  -0.951432  1.000000  
119.899867 0.009357  -0.023198  0.040619  0.447665  0.710502  0.542939  -0.836021  0.547992  -0.027797  -0.317276  -0.441464  0.839312  -0.036135  0.025718  -0.078124  -1.182452  0.747703  -0.964345  1.000000  
119.900868 0.009319  -0.023175  0.040542  0.448890  0.710858  0.541460  -0.835413  0.548907  -0.028048  -0.317150  -0.439752  0.840258  -0.036552  0.025492  -0.078057  -1.206874  0.753681  -0.972600  1.000000  
119.901871 0.009281  -0.023152  0.040469  0.450133  0.711237  0.539928  -0.834840  0.549770  -0.028203  -0.316896  -0.438058  0.841239  -0.036921  0.025295  -0.077647  -1.241756  0.762345  -0.979987  1.000000  
119.902924 0.009243  -0.023130  0.040398  0.451356  0.711518  0.538535  -0.834227  0.550689  -0.028395  -0.316769  -0.436444  0.842125  -0.036947  0.024627  -0.076080  -1.263349  0.769553  -0.988453  1.000000  
119.904134 0.009195  -0.023103  0.040313  0.452941  0.711987  0.536581  -0.833464  0.551829  -0.028672  -0.316515  -0.434234  0.843362  -0.037304  0.024171  -0.075475  -1.297517  0.776093  -0.998711  1.000000  
119.905142 0.009157  -0.023083  0.040246  0.454183  0.712286  0.535132  -0.832885  0.552698  -0.028773  -0.316261  -0.432635  0.844278  -0.037499  0.023667  -0.074976  -1.327588  0.784086  -1.005191  1.000000  
119.906367 0.009108  -0.023060  0.040162  0.455594  0.712791  0.533256  -0.832210  0.553696  -0.029104  -0.316007  -0.430521  0.845453  -0.037651  0.023096  -0.074514  -1.358218  0.786647  -1.008681  1.000000  
119.907373 0.009068  -0.023043  0.040095  0.456834  0.713017  0.531892  -0.831626  0.554570  -0.029146  -0.315753  -0.429021  0.846310  -0.037669  0.022417  -0.074121  -1.378913  0.793568  -1.015327  1.000000  
119.908629 0.009019  -0.023024  0.040011  0.458415  0.713203  0.530280  -0.830853  0.555727  -0.029176  -0.315500  -0.427210  0.847320  -0.037794  0.021523  -0.073501  -1.395789  0.796341  -1.023247  1.000000  
119.909865 0.008969  -0.023008  0.039929  0.459823  0.713434  0.528748  -0.830170  0.556742  -0.029252  -0.315246  -0.425500  0.848275  -0.038022  0.020541  -0.072646  -1.409244  0.798972  -1.023404  1.000000  
119.910900 0.008929  -0.022995  0.039867  0.461060  0.713583  0.527468  -0.829580  0.557621  -0.029239  -0.314992  -0.424096  0.849072  -0.038303  0.019768  -0.071519  -1.416308  0.796606  -1.023729  1.000000  
119.912147 0.008877  -0.022980  0.039792  0.462467  0.713805  0.525934  -0.828894  0.558637  -0.029324  -0.314738  -0.422382  0.850020  -0.038713  0.018616  -0.069527  -1.421497  0.803370  -1.031296  1.000000  
119.913424 0.008823  -0.022967  0.039722  0.463873  0.713895  0.524572  -0.828204  0.559661  -0.029277  -0.314484  -0.420872  0.850862  -0.039272  0.017455  -0.067261  -1.415906  0.800436  -1.031556  1.000000  
119.914618 0.008765  -0.022956  0.039658  0.465107  0.714033  0.523291  -0.827608  0.560542  -0.029275  -0.314230  -0.419464  0.851651  -0.040176  0.016349  -0.065124  -1.403137  0.795608  -1.030803  1.000000  
119.915863 0.008706  -0.022947  0.039597  0.466340  0.714103  0.522095  -0.827010  0.561428  -0.029207  -0.313976  -0.418157  0.852387  -0.040928  0.015217  -0.063052  -1.389900  0.788967  -1.022545  1.000000  
119.916928 0.008658  -0.022941  0.039550  0.467233  0.714276  0.521060  -0.826603  0.562026  -0.029221  -0.313721  -0.417056  0.853020  -0.041416  0.013898  -0.060833  -1.379073  0.783767  -1.017178  1.000000  
119.918114 0.008599  -0.022934  0.039490  0.468104  0.714545  0.519907  -0.826158  0.562667  -0.029473  -0.313594  -0.415729  0.853714  -0.042430  0.012545  -0.059338  -1.362555  0.765161  -0.996826  1.000000  
119.919114 0.008551  -0.022930  0.039443  0.468826  0.714704  0.519039  -0.825845  0.563127  -0.029461  -0.313340  -0.414834  0.854243  -0.043000  0.011523  -0.058055  -1.346566  0.757573  -0.986099  1.000000  
119.920120 0.008503  -0.022926  0.039397  0.469526  0.714896  0.518139  -0.825495  0.563631  -0.029618  -0.313213  -0.413815  0.854783  -0.043640  0.010464  -0.056634  -1.326188  0.746158  -0.974618  1.000000  
119.921122 0.008455  -0.022924  0.039351  0.470247  0.715052  0.517270  -0.825181  0.564092  -0.029608  -0.312959  -0.412918  0.855310  -0.044214  0.009390  -0.055131  -1.304157  0.735503  -0.958044  1.000000  
119.922371 0.008393  -0.022921  0.039298  0.470968  0.715331  0.516227  -0.824866  0.564545  -0.029737  -0.312705  -0.411813  0.855935  -0.045054  0.008139  -0.053106  -1.278139  0.724668  -0.941730  1.000000  
119.923372 0.008341  -0.022921  0.039259  0.471668  0.715457  0.515414  -0.824515  0.565054  -0.029829  -0.312578  -0.410897  0.856422  -0.045973  0.007018  -0.051040  -1.252000  0.716268  -0.939068  1.000000  
119.924620 0.008276  -0.022921  0.039216  0.472389  0.715670  0.514456  -0.824198  0.565512  -0.029892  -0.312324  -0.409894  0.856995  -0.046989  0.005858  -0.048359  -1.220385  0.702769  -0.917117  1.000000  
119.925863 0.008208  -0.022923  0.039178  0.472939  0.715999  0.513492  -0.823979  0.565822  -0.030061  -0.312069  -0.408890  0.857567  -0.048193  0.004758  -0.046015  -1.194921  0.684459  -0.884730  1.000000  
119.926864 0.008152  -0.022925  0.039152  0.473320  0.716318  0.512696  -0.823857  0.565993  -0.030200  -0.311815  -0.408093  0.858039  -0.049059  0.003872  -0.043649  -1.177942  0.672048  -0.857561  1.000000  
119.927869 0.008096  -0.022927  0.039128  0.473849  0.716431  0.512049  -0.823600  0.566363  -0.030265  -0.311688  -0.407382  0.858423  -0.050006  0.002897  -0.041177  -1.145802  0.657467  -0.838491  1.000000  
119.928888 0.008039  -0.022930  0.039105  0.474400  0.716570  0.511344  -0.823380  0.566685  -0.030231  -0.311434  -0.406689  0.858844  -0.050817  0.002047  -0.039166  -1.123333  0.647192  -0.821243  1.000000  
119.930114 0.007968  -0.022934  0.039077  0.474950  0.716832  0.510466  -0.823159  0.567001  -0.030335  -0.311179  -0.405787  0.859363  -0.051580  0.001191  -0.037067  -1.091397  0.633445  -0.790839  1.000000  
119.931180 0.007912  -0.022938  0.039054  0.475309  0.716996  0.509899  -0.822999  0.567227  -0.030438  -0.311052  -0.405179  0.859696  -0.051967  0.000410  -0.035024  -1.052442  0.611620  -0.757666  1.000000  
119.932426 0.007843  -0.022944  0.039025  0.475859  0.717133  0.509194  -0.822777  0.567550  -0.030406  -0.310798  -0.404484  0.860115  -0.052690  -0.000463  -0.033056  -1.015110  0.595653  -0.731105  1.000000  
119.933634 0.007774  -0.022950  0.038997  0.476388  0.717241  0.508546  -0.822519  0.567920  -0.030474  -0.310671  -0.403772  0.860495  -0.053434  -0.001315  -0.031031  -0.968796  0.575652  -0.704431  1.000000  
119.934863 0.007707  -0.022956  0.038970  0.476938  0.717315  0.507927  -0.822297  0.568248  -0.030374  -0.310416  -0.403180  0.860864  -0.053890  -0.001926  -0.029224  -0.921539  0.557459  -0.670511  1.000000  
119.935930 0.007653  -0.022961  0.038952  0.477297  0.717416  0.507447  -0.822136  0.568478  -0.030410  -0.310289  -0.402676  0.861146  -0.054110  -0.002533  -0.026950  -0.877311  0.535593  -0.636202  1.000000  
119.937135 0.007586  -0.022969  0.038933  0.477846  0.717549  0.506741  -0.821913  0.568802  -0.030381  -0.310035  -0.401980  0.861563  -0.054630  -0.003202  -0.024773  -0.840884  0.521122  -0.608611  1.000000  
119.938140 0.007533  -0.022974  0.038919  0.478396  0.717559  0.506208  -0.821689  0.569134  -0.030214  -0.309780  -0.401492  0.861882  -0.054727  -0.003554  -0.023023  -0.812802  0.508811  -0.585434  1.000000  
119.939369 0.007467  -0.022980  0.038904  0.478945  0.717629  0.505589  -0.821465  0.569462  -0.030116  -0.309526  -0.400900  0.862249  -0.054809  -0.003958  -0.021112  -0.775332  0.493956  -0.556958  1.000000  
119.940617 0.007403  -0.022986  0.038889  0.479684  0.717670  0.504829  -0.821178  0.569889  -0.029885  -0.309144  -0.400220  0.862702  -0.054576  -0.004272  -0.019579  -0.749179  0.485958  -0.534842  1.000000  
119.941619 0.007352  -0.022993  0.038877  0.480212  0.717651  0.504354  -0.820917  0.570268  -0.029819  -0.309017  -0.399714  0.862982  -0.054249  -0.004593  -0.018594  -0.725129  0.473866  -0.511619  1.000000  
119.942864 0.007290  -0.022999  0.038861  0.480929  0.717663  0.503653  -0.820593  0.570742  -0.029689  -0.308762  -0.399015  0.863396  -0.053787  -0.004845  -0.017820  -0.696140  0.456998  -0.489769  1.000000  
119.943865 0.007240  -0.023005  0.038848  0.481478  0.717670  0.503119  -0.820367  0.571075  -0.029525  -0.308508  -0.398526  0.863713  -0.053314  -0.005017  -0.017160  -0.674679  0.452307  -0.470910  1.000000  
119.945113 0.007180  -0.023012  0.038832  0.482385  0.717529  0.502451  -0.819978  0.571654  -0.029125  -0.308126  -0.397949  0.864115  -0.052538  -0.005202  -0.016335  -0.650557  0.450014  -0.457588  1.000000  
119.946114 0.007132  -0.023017  0.038820  0.482933  0.717534  0.501917  -0.819750  0.571988  -0.028962  -0.307872  -0.397460  0.864431  -0.052254  -0.005303  -0.015660  -0.631063  0.444234  -0.446526  1.000000  
119.947364 0.007072  -0.023023  0.038808  0.483839  0.717452  0.501161  -0.819359  0.572565  -0.028633  -0.307490  -0.396777  0.864880  -0.051631  -0.005336  -0.014542  -0.609374  0.449204  -0.437602  1.000000  
119.948613 0.007011  -0.023030  0.038797  0.484914  0.717190  0.500497  -0.818867  0.573293  -0.028132  -0.307108  -0.396199  0.865281  -0.050976  -0.005330  -0.013324  -0.578607  0.455159  -0.441797  1.000000  
119.949680 0.006962  -0.023035  0.038791  0.485630  0.717075  0.499967  -0.818538  0.573776  -0.027869  -0.306853  -0.395708  0.865596  -0.050313  -0.005343  -0.012104  -0.555819  0.454591  -0.438962  1.000000  
119.950861 0.006900  -0.023042  0.038783  0.486535  0.716989  0.499209  -0.818144  0.574354  -0.027543  -0.306471  -0.395024  0.866044  -0.050424  -0.005404  -0.011310  -0.542611  0.462464  -0.439076  1.000000  
119.951863 0.006851  -0.023047  0.038777  0.487440  0.716781  0.498625  -0.817748  0.574939  -0.027079  -0.306089  -0.394550  0.866395  -0.049879  -0.005338  -0.010550  -0.524357  0.468795  -0.443420  1.000000  
119.953118 0.006790  -0.023054  0.038769  0.488366  0.716720  0.497806  -0.817386  0.575473  -0.026657  -0.305579  -0.393882  0.866879  -0.049613  -0.005388  -0.010034  -0.506293  0.479181  -0.446133  1.000000  
119.954138 0.006742  -0.023060  0.038759  0.489270  0.716571  0.497133  -0.816988  0.576056  -0.026265  -0.305197  -0.393301  0.867277  -0.049115  -0.005412  -0.009833  -0.491915  0.489268  -0.454118  1.000000  
119.955369 0.006681  -0.023067  0.038745  0.490363  0.716389  0.496318  -0.816523  0.576738  -0.025742  -0.304687  -0.392632  0.867759  -0.048915  -0.005455  -0.009793  -0.473793  0.505569  -0.469052  1.000000  
119.956369 0.006632  -0.023072  0.038733  0.491119  0.716383  0.495578  -0.816259  0.577130  -0.025356  -0.304178  -0.392068  0.868193  -0.048821  -0.005382  -0.009860  -0.463750  0.520238  -0.469870  1.000000  
119.957370 0.006582  -0.023078  0.038721  0.491854  0.716409  0.494811  -0.815959  0.577563  -0.025140  -0.303795  -0.391380  0.868637  -0.048846  -0.005393  -0.009813  -0.460983  0.530412  -0.475661  1.000000  
119.958615 0.006519  -0.023085  0.038706  0.492798  0.716429  0.493841  -0.815626  0.578053  -0.024694  -0.303158  -0.390621  0.869201  -0.048909  -0.005424  -0.009634  -0.452191  0.546636  -0.481694  1.000000  
119.959617 0.006466  -0.023091  0.038695  0.493533  0.716393  0.493159  -0.815324  0.578491  -0.024410  -0.302775  -0.390038  0.869596  -0.049206  -0.005496  -0.009589  -0.445660  0.557351  -0.490081  1.000000  
119.960681 0.006412  -0.023097  0.038686  0.494120  0.716562  0.492325  -0.815157  0.578734  -0.024198  -0.302265  -0.389365  0.870075  -0.049339  -0.005494  -0.009281  -0.449918  0.565060  -0.486747  1.000000  
119.961896 0.006344  -0.023104  0.038677  0.495064  0.716519  0.491439  -0.814821  0.579229  -0.023686  -0.301627  -0.388709  0.870590  -0.050043  -0.005552  -0.008998  -0.445414  0.586013  -0.494964  1.000000  
119.963114 0.006273  -0.023111  0.038668  0.495840  0.716653  0.490460  -0.814585  0.579574  -0.023346  -0.300989  -0.387946  0.871151  -0.050797  -0.005626  -0.008901  -0.447685  0.600525  -0.495967  1.000000  
119.964116 0.006216  -0.023117  0.038661  0.496259  0.716938  0.489619  -0.814518  0.579673  -0.023238  -0.300479  -0.387271  0.871627  -0.051588  -0.005646  -0.008999  -0.452647  0.613174  -0.487848  1.000000  
119.965388 0.006144  -0.023124  0.038651  0.497055  0.717097  0.488578  -0.814315  0.579975  -0.022800  -0.299713  -0.386523  0.872223  -0.052111  -0.005682  -0.009041  -0.459729  0.632828  -0.487726  1.000000  
119.966613 0.006072  -0.023133  0.038640  0.497683  0.717374  0.487530  -0.814213  0.580132  -0.022464  -0.298947  -0.385773  0.872817  -0.052833  -0.005835  -0.009323  -0.466265  0.646110  -0.482773  1.000000  
119.967613 0.006014  -0.023140  0.038629  0.498102  0.717657  0.486687  -0.814144  0.580232  -0.022358  -0.298436  -0.385097  0.873290  -0.053469  -0.005940  -0.009535  -0.476145  0.654542  -0.471282  1.000000  
119.968619 0.005955  -0.023148  0.038619  0.498520  0.717938  0.485842  -0.814075  0.580333  -0.022251  -0.297926  -0.384419  0.873763  -0.054160  -0.006071  -0.009619  -0.480500  0.662376  -0.468231  1.000000  
