1-Time 2-Px 3-Py 4-Pz 5-R11 6-R21 7-R31 8-R12 9-R22 10-R32 11-R13 12-R23 13-R33 14-Vx 15-Vy 16-Vz 17-Wx 18-Wy 19-Wz 20-state
108.004246 0.015470  0.006248  0.037531  0.370021  0.827520  0.422249  -0.688294  -0.061076  0.722856  0.623968  -0.558104  0.546978  0.001977  0.010908  0.018751  0.000000  0.000000  0.000000  1.000000  
108.005438 0.015467  0.006258  0.037546  0.370305  0.827443  0.422152  -0.688141  -0.060911  0.723015  0.623968  -0.558236  0.546842  -0.002657  0.009439  0.014339  0.000000  0.000000  0.000000  1.000000  
108.006650 0.015455  0.006255  0.037533  0.370588  0.827417  0.421955  -0.687989  -0.060658  0.723182  0.623968  -0.558303  0.546774  -0.006702  0.003182  0.001119  0.000000  0.000000  0.000000  1.000000  
108.007659 0.015443  0.006250  0.037516  0.370730  0.827327  0.422006  -0.687913  -0.060663  0.723254  0.623968  -0.558435  0.546639  -0.008167  0.000513  -0.004477  0.000000  0.000000  0.000000  1.000000  
108.008899 0.015434  0.006250  0.037505  0.371013  0.827198  0.422010  -0.687760  -0.060586  0.723406  0.623968  -0.558634  0.546436  -0.008011  0.000494  -0.005673  0.000000  0.000000  0.000000  1.000000  
108.009899 0.015431  0.006257  0.037505  0.371154  0.827109  0.422061  -0.687683  -0.060591  0.723478  0.623968  -0.558767  0.546300  -0.007061  0.001579  -0.004717  0.000000  0.000000  0.000000  1.000000  
108.011165 0.015427  0.006267  0.037505  0.371438  0.826980  0.422064  -0.687531  -0.060514  0.723630  0.623968  -0.558965  0.546097  -0.006284  0.002796  -0.003817  0.000000  0.000000  0.000000  1.000000  
108.012405 0.015415  0.006275  0.037499  0.371721  0.826902  0.421967  -0.687378  -0.060349  0.723789  0.623968  -0.559098  0.545961  -0.006917  0.003336  -0.003934  0.000000  0.000000  0.000000  1.000000  
108.013654 0.015397  0.006282  0.037494  0.372004  0.826774  0.421970  -0.687224  -0.060272  0.723941  0.623968  -0.559296  0.545758  -0.007887  0.003675  -0.003963  0.000000  0.000000  0.000000  1.000000  
108.014903 0.015383  0.006290  0.037491  0.372286  0.826696  0.421872  -0.687071  -0.060107  0.724100  0.623968  -0.559429  0.545622  -0.008267  0.003982  -0.003731  0.000000  0.000000  0.000000  1.000000  
108.015913 0.015376  0.006295  0.037489  0.372428  0.826657  0.421824  -0.686995  -0.060025  0.724179  0.623968  -0.559495  0.545554  -0.008168  0.004120  -0.003581  0.000000  0.000000  0.000000  1.000000  
108.016913 0.015369  0.006300  0.037483  0.372671  0.826667  0.421591  -0.686768  -0.059838  0.724410  0.624072  -0.559501  0.545428  -0.008036  0.004179  -0.003795  0.000000  0.000000  0.000000  1.000000  
108.018144 0.015356  0.006305  0.037466  0.372954  0.826640  0.421393  -0.686614  -0.059586  0.724576  0.624072  -0.559568  0.545360  -0.008277  0.004155  -0.004726  0.000000  0.000000  0.000000  1.000000  
108.019391 0.015337  0.006306  0.037435  0.373236  0.826613  0.421195  -0.686461  -0.059333  0.724742  0.624072  -0.559634  0.545292  -0.008853  0.003873  -0.006377  0.000000  0.000000  0.000000  1.000000  
108.020392 0.015320  0.006302  0.037404  0.373378  0.826626  0.421045  -0.686384  -0.059163  0.724829  0.624072  -0.559634  0.545292  -0.009873  0.002947  -0.009444  0.000000  0.000000  0.000000  1.000000  
108.021393 0.015304  0.006295  0.037375  0.373620  0.826686  0.420712  -0.686157  -0.058888  0.725066  0.624177  -0.559574  0.545234  -0.010297  0.002532  -0.010899  0.000000  0.000000  0.000000  1.000000  
108.022640 0.015286  0.006290  0.037348  0.374044  0.826722  0.420264  -0.685926  -0.058378  0.725326  0.624177  -0.559574  0.545234  -0.010526  0.002664  -0.011224  0.000000  0.000000  0.000000  1.000000  
108.023898 0.015268  0.006289  0.037332  0.374366  0.826659  0.420101  -0.685845  -0.058060  0.725428  0.624072  -0.559700  0.545224  -0.011085  0.002593  -0.011552  0.000000  0.000000  0.000000  1.000000  
108.025141 0.015247  0.006291  0.037317  0.374689  0.826545  0.420038  -0.685764  -0.057829  0.725523  0.623968  -0.559892  0.545147  -0.012196  0.002154  -0.012543  0.000000  0.000000  0.000000  1.000000  
108.026141 0.015232  0.006292  0.037298  0.374830  0.826506  0.419988  -0.685687  -0.057747  0.725602  0.623968  -0.559958  0.545079  -0.013067  0.001673  -0.013772  0.000000  0.000000  0.000000  1.000000  
108.027393 0.015215  0.006293  0.037268  0.375011  0.826380  0.420074  -0.685683  -0.057687  0.725611  0.623863  -0.560150  0.545001  -0.013285  0.001248  -0.015431  0.000000  0.000000  0.000000  1.000000  
108.028394 0.015206  0.006293  0.037237  0.375152  0.826290  0.420126  -0.685606  -0.057693  0.725683  0.623863  -0.560282  0.544865  -0.012985  0.000860  -0.017171  0.000000  0.000000  0.000000  1.000000  
108.029397 0.015199  0.006292  0.037204  0.375293  0.826200  0.420177  -0.685529  -0.057699  0.725756  0.623863  -0.560414  0.544729  -0.012614  0.000334  -0.019152  -0.025138  0.166669  -0.170153  1.000000  
108.030646 0.015190  0.006288  0.037157  0.375435  0.826059  0.420328  -0.685451  -0.057793  0.725821  0.623863  -0.560613  0.544526  -0.012481  -0.000400  -0.022178  -0.014972  0.163153  -0.166306  1.000000  
108.031901 0.015179  0.006280  0.037105  0.375475  0.825921  0.420563  -0.685524  -0.057904  0.725743  0.623759  -0.560805  0.544448  -0.012708  -0.001328  -0.025243  0.000000  0.000000  0.000000  1.000000  
108.033144 0.015164  0.006272  0.037052  0.375475  0.825819  0.420764  -0.685524  -0.058080  0.725729  0.623759  -0.560937  0.544312  -0.012841  -0.002237  -0.027603  0.000000  0.000000  0.000000  1.000000  
108.034145 0.015151  0.006264  0.037012  0.375515  0.825681  0.420999  -0.685598  -0.058190  0.725651  0.623654  -0.561129  0.544234  -0.012616  -0.002825  -0.028679  0.000000  0.000000  0.000000  1.000000  
108.035392 0.015136  0.006258  0.036973  0.375515  0.825579  0.421199  -0.685598  -0.058366  0.725637  0.623654  -0.561261  0.544097  -0.012131  -0.002873  -0.028704  0.000000  0.000000  0.000000  1.000000  
108.036642 0.015120  0.006255  0.036945  0.375515  0.825527  0.421299  -0.685598  -0.058454  0.725630  0.623654  -0.561327  0.544029  -0.011940  -0.002574  -0.028294  0.000000  0.000000  0.000000  1.000000  
108.037642 0.015106  0.006254  0.036927  0.375374  0.825464  0.421549  -0.685675  -0.058712  0.725536  0.623654  -0.561393  0.543961  -0.011901  -0.002403  -0.028227  0.000000  0.000000  0.000000  1.000000  
108.038649 0.015090  0.006252  0.036909  0.375414  0.825428  0.421584  -0.685748  -0.058646  0.725472  0.623550  -0.561453  0.544019  -0.012021  -0.002503  -0.028658  0.000000  0.000000  0.000000  1.000000  
108.039649 0.015074  0.006252  0.036887  0.375454  0.825341  0.421719  -0.685821  -0.058668  0.725401  0.623445  -0.561578  0.544009  -0.012023  -0.002579  -0.029355  0.000000  0.000000  0.000000  1.000000  
108.040899 0.015058  0.006252  0.036851  0.375353  0.825242  0.422003  -0.685972  -0.058860  0.725244  0.623340  -0.561704  0.543999  -0.011778  -0.002697  -0.030297  0.000000  0.000000  0.000000  1.000000  
108.041904 0.015049  0.006253  0.036816  0.375393  0.825206  0.422038  -0.686045  -0.058794  0.725180  0.623236  -0.561764  0.544057  -0.011441  -0.002692  -0.031057  0.000000  0.000000  0.000000  1.000000  
108.043149 0.015040  0.006256  0.036770  0.375291  0.825106  0.422322  -0.686195  -0.058986  0.725022  0.623131  -0.561890  0.544047  -0.011262  -0.002550  -0.031685  0.000000  0.000000  0.000000  1.000000  
108.044152 0.015030  0.006257  0.036732  0.375190  0.825007  0.422607  -0.686346  -0.059178  0.724864  0.623026  -0.562016  0.544037  -0.011318  -0.002386  -0.032094  0.000000  0.000000  0.000000  1.000000  
108.045165 0.015018  0.006254  0.036696  0.375230  0.824919  0.422742  -0.686419  -0.059200  0.724793  0.622922  -0.562142  0.544027  -0.011806  -0.002365  -0.031921  0.000000  0.000000  0.000000  1.000000  
108.046404 0.014997  0.006248  0.036651  0.375129  0.824768  0.423126  -0.686569  -0.059479  0.724627  0.622817  -0.562334  0.543948  -0.012464  -0.002345  -0.031468  0.000000  0.000000  0.000000  1.000000  
108.047649 0.014974  0.006239  0.036612  0.375067  0.824530  0.423645  -0.686793  -0.059781  0.724391  0.622608  -0.562651  0.543859  -0.013089  -0.002267  -0.030436  0.000000  0.000000  0.000000  1.000000  
108.048651 0.014955  0.006232  0.036583  0.374966  0.824327  0.424129  -0.686943  -0.060148  0.724218  0.622503  -0.562909  0.543712  -0.013510  -0.002306  -0.029702  0.000000  0.000000  0.000000  1.000000  
108.049899 0.014932  0.006226  0.036546  0.374904  0.824037  0.424747  -0.687166  -0.060537  0.723974  0.622294  -0.563293  0.543555  -0.014003  -0.002237  -0.029483  0.000000  0.000000  0.000000  1.000000  
108.050915 0.014914  0.006220  0.036512  0.374842  0.823797  0.425266  -0.687390  -0.060837  0.723736  0.622084  -0.563610  0.543465  -0.014452  -0.002411  -0.030013  0.000000  0.000000  0.000000  1.000000  
108.052146 0.014890  0.006212  0.036464  0.374780  0.823506  0.425884  -0.687613  -0.061225  0.723491  0.621875  -0.563994  0.543307  -0.014873  -0.002812  -0.031678  0.191593  -0.068835  -0.071049  1.000000  
108.053392 0.014868  0.006204  0.036409  0.374860  0.823227  0.426353  -0.687759  -0.061444  0.723334  0.621665  -0.564377  0.543149  -0.015108  -0.003240  -0.033647  0.216768  -0.083614  -0.063010  1.000000  
108.054419 0.014851  0.006198  0.036362  0.375081  0.823064  0.426474  -0.687828  -0.061317  0.723279  0.621455  -0.564629  0.543127  -0.015085  -0.003687  -0.035558  0.220647  -0.089779  -0.069425  1.000000  
108.055643 0.014831  0.006193  0.036300  0.375161  0.822836  0.426843  -0.687974  -0.061448  0.723129  0.621246  -0.564946  0.543037  -0.015316  -0.003984  -0.037318  0.233544  -0.100754  -0.065219  1.000000  
108.056894 0.014811  0.006188  0.036239  0.375280  0.822572  0.427246  -0.688193  -0.061512  0.722916  0.620931  -0.565324  0.543004  -0.015918  -0.004370  -0.038493  0.241907  -0.110878  -0.067944  1.000000  
108.057894 0.014791  0.006184  0.036196  0.375541  0.822321  0.427501  -0.688334  -0.061406  0.722790  0.620616  -0.565701  0.542971  -0.016723  -0.004728  -0.038864  0.245976  -0.120234  -0.077676  1.000000  
108.059141 0.014761  0.006176  0.036151  0.375802  0.822121  0.427656  -0.688476  -0.061213  0.722672  0.620302  -0.566013  0.543006  -0.017972  -0.005390  -0.038778  0.244139  -0.128626  -0.086755  1.000000  
108.060142 0.014732  0.006168  0.036119  0.376165  0.821970  0.427628  -0.688466  -0.060917  0.722705  0.620092  -0.566264  0.542984  -0.019081  -0.005799  -0.038524  0.239699  -0.130849  -0.096876  1.000000  
108.061392 0.014693  0.006155  0.036079  0.376568  0.821730  0.427734  -0.688530  -0.060642  0.722668  0.619777  -0.566641  0.542950  -0.020294  -0.006197  -0.038173  0.235205  -0.129281  -0.110797  1.000000  
108.062398 0.014662  0.006144  0.036044  0.376931  0.821578  0.427705  -0.688520  -0.060346  0.722702  0.619567  -0.566893  0.542927  -0.021096  -0.006410  -0.038402  0.228547  -0.128765  -0.125745  1.000000  
108.063648 0.014626  0.006133  0.035994  0.377436  0.821387  0.427628  -0.688433  -0.059968  0.722817  0.619357  -0.567210  0.542835  -0.021926  -0.006631  -0.039249  0.219677  -0.120113  -0.140279  1.000000  
108.064894 0.014593  0.006121  0.035937  0.377839  0.821095  0.427833  -0.688495  -0.059781  0.722773  0.619041  -0.567653  0.542732  -0.022596  -0.007013  -0.040591  0.219262  -0.121622  -0.157582  1.000000  
108.065895 0.014567  0.006111  0.035886  0.378384  0.820918  0.427691  -0.688479  -0.059250  0.722832  0.618726  -0.567964  0.542766  -0.023107  -0.007305  -0.041763  0.210435  -0.119219  -0.178596  1.000000  
108.067140 0.014534  0.006098  0.035817  0.378929  0.820637  0.427748  -0.688463  -0.058894  0.722876  0.618411  -0.568407  0.542662  -0.023762  -0.007607  -0.043145  0.208103  -0.115853  -0.198040  1.000000  
108.068142 0.014507  0.006087  0.035761  0.379474  0.820355  0.427804  -0.688446  -0.058538  0.722921  0.618095  -0.568850  0.542557  -0.024371  -0.007954  -0.044049  0.203181  -0.109536  -0.222624  1.000000  
108.069390 0.014475  0.006074  0.035692  0.380160  0.820086  0.427712  -0.688350  -0.058013  0.723055  0.617780  -0.569293  0.542452  -0.025151  -0.008269  -0.044758  0.198330  -0.100134  -0.244060  1.000000  
108.070640 0.014441  0.006060  0.035626  0.381029  0.819738  0.427606  -0.688248  -0.057341  0.723206  0.617359  -0.569861  0.542335  -0.026039  -0.008874  -0.044901  0.193031  -0.082912  -0.272907  1.000000  
108.071640 0.014412  0.006046  0.035577  0.381574  0.819455  0.427662  -0.688229  -0.056985  0.723252  0.617043  -0.570304  0.542229  -0.026851  -0.009469  -0.044912  0.192436  -0.077334  -0.290587  1.000000  
108.072641 0.014381  0.006034  0.035530  0.382221  0.819220  0.427534  -0.688059  -0.056528  0.723450  0.616832  -0.570686  0.542066  -0.027689  -0.010043  -0.045076  0.187348  -0.063993  -0.315687  1.000000  
108.073890 0.014338  0.006015  0.035472  0.383089  0.818922  0.427328  -0.687954  -0.055769  0.723609  0.616411  -0.571189  0.542016  -0.028691  -0.010805  -0.045806  0.169980  -0.046676  -0.344551  1.000000  
108.075140 0.014294  0.005998  0.035412  0.383958  0.818623  0.427121  -0.687847  -0.055010  0.723768  0.615989  -0.571691  0.541965  -0.029194  -0.011330  -0.047150  0.161017  -0.036354  -0.373130  1.000000  
108.076390 0.014254  0.005978  0.035346  0.384827  0.818323  0.426915  -0.687739  -0.054252  0.723928  0.615568  -0.572193  0.541915  -0.029276  -0.011800  -0.048908  0.143610  -0.022047  -0.405065  1.000000  
108.077392 0.014224  0.005963  0.035290  0.385372  0.818140  0.426773  -0.687716  -0.053722  0.723989  0.615251  -0.572504  0.541946  -0.029187  -0.012111  -0.050261  0.122614  -0.012464  -0.426387  1.000000  
108.078655 0.014187  0.005944  0.035219  0.386241  0.817890  0.426467  -0.687606  -0.052876  0.724156  0.614829  -0.572940  0.541963  -0.029306  -0.012618  -0.051807  0.093954  0.008168  -0.455580  1.000000  
108.079894 0.014149  0.005929  0.035149  0.387110  0.817690  0.426062  -0.687495  -0.051942  0.724329  0.614407  -0.573311  0.542050  -0.029706  -0.012864  -0.052576  0.063813  0.022462  -0.484081  1.000000  
108.081145 0.014111  0.005916  0.035083  0.387979  0.817489  0.425657  -0.687383  -0.051009  0.724502  0.613985  -0.573681  0.542137  -0.030045  -0.012865  -0.052645  0.030415  0.039979  -0.512967  1.000000  
108.082147 0.014081  0.005906  0.035035  0.388565  0.817318  0.425452  -0.687429  -0.050325  0.724506  0.613562  -0.573986  0.542293  -0.030259  -0.012812  -0.052030  0.001517  0.053216  -0.535558  1.000000  
108.083397 0.014042  0.005893  0.034979  0.389333  0.817066  0.425232  -0.687466  -0.049493  0.724528  0.613034  -0.574415  0.542436  -0.030650  -0.012809  -0.051096  -0.019454  0.059929  -0.560337  1.000000  
108.084643 0.014001  0.005877  0.034925  0.389960  0.816804  0.425162  -0.687582  -0.048830  0.724463  0.612505  -0.574845  0.542578  -0.031192  -0.012926  -0.050211  -0.031638  0.055224  -0.576238  1.000000  
108.085891 0.013959  0.005860  0.034869  0.390769  0.816513  0.424978  -0.687687  -0.047932  0.724423  0.611870  -0.575334  0.542775  -0.031647  -0.013095  -0.049706  -0.056857  0.062529  -0.605971  1.000000  
108.087140 0.013915  0.005841  0.034806  0.391578  0.816169  0.424894  -0.687792  -0.047121  0.724377  0.611235  -0.575889  0.542903  -0.032106  -0.013304  -0.049889  -0.069371  0.065460  -0.627170  1.000000  
108.088142 0.013882  0.005827  0.034752  0.392246  0.815917  0.424762  -0.687976  -0.046303  0.724255  0.610600  -0.576312  0.543169  -0.032102  -0.013275  -0.050397  -0.085935  0.068292  -0.648328  1.000000  
108.089390 0.013842  0.005808  0.034679  0.392954  0.815575  0.424764  -0.688230  -0.045506  0.724064  0.609858  -0.576859  0.543421  -0.031824  -0.013427  -0.051328  -0.089864  0.060202  -0.665324  1.000000  
108.090641 0.013805  0.005788  0.034600  0.393845  0.815202  0.424655  -0.688473  -0.044474  0.723898  0.609009  -0.577466  0.543729  -0.031496  -0.013413  -0.052424  -0.097240  0.049479  -0.686960  1.000000  
108.091892 0.013768  0.005768  0.034520  0.394634  0.814781  0.424731  -0.688865  -0.043542  0.723581  0.608054  -0.578132  0.544091  -0.031401  -0.013402  -0.053141  -0.105111  0.035425  -0.710445  1.000000  
108.093141 0.013731  0.005750  0.034444  0.395423  0.814409  0.424709  -0.689256  -0.042523  0.723269  0.607097  -0.578731  0.544522  -0.031363  -0.013390  -0.053515  -0.112788  0.014307  -0.733064  1.000000  
108.094141 0.013701  0.005737  0.034387  0.396172  0.814075  0.424651  -0.689574  -0.041570  0.723021  0.606246  -0.579270  0.544897  -0.031445  -0.013398  -0.053588  -0.124752  0.003287  -0.753476  1.000000  
108.095155 0.013671  0.005726  0.034335  0.396820  0.813745  0.424681  -0.690044  -0.040630  0.722626  0.605288  -0.579801  0.545396  -0.031346  -0.013374  -0.053331  -0.133297  -0.021957  -0.778418  1.000000  
108.096164 0.013641  0.005716  0.034287  0.397610  0.813421  0.424562  -0.690430  -0.039522  0.722319  0.604329  -0.580331  0.545895  -0.031324  -0.013409  -0.053109  -0.149289  -0.036153  -0.801723  1.000000  
108.097400 0.013604  0.005701  0.034226  0.398560  0.812940  0.424591  -0.691093  -0.038145  0.721758  0.602942  -0.581096  0.546615  -0.031244  -0.013576  -0.053298  -0.160977  -0.067506  -0.828724  1.000000  
108.098650 0.013565  0.005684  0.034162  0.399511  0.812510  0.424522  -0.691754  -0.036679  0.721201  0.601554  -0.581793  0.547403  -0.031171  -0.013710  -0.053893  -0.176427  -0.101874  -0.857109  1.000000  
108.099897 0.013525  0.005665  0.034094  0.400644  0.812096  0.424245  -0.692399  -0.034891  0.720671  0.600056  -0.582479  0.548316  -0.031116  -0.013883  -0.054837  -0.204387  -0.135400  -0.893414  1.000000  
108.100903 0.013493  0.005650  0.034037  0.401514  0.811739  0.424106  -0.692915  -0.033560  0.720238  0.598878  -0.583055  0.548991  -0.030978  -0.013986  -0.055465  -0.220031  -0.163646  -0.915851  1.000000  
108.102142 0.013453  0.005631  0.033965  0.402647  0.811269  0.423931  -0.693553  -0.031859  0.719701  0.597377  -0.583804  0.549830  -0.030772  -0.014075  -0.056160  -0.242111  -0.191628  -0.948374  1.000000  
108.103390 0.013414  0.005611  0.033891  0.403820  0.810808  0.423697  -0.694256  -0.030003  0.719102  0.595766  -0.584542  0.550793  -0.030655  -0.014109  -0.056414  -0.261555  -0.228823  -0.980616  1.000000  
108.104391 0.013382  0.005595  0.033832  0.404770  0.810366  0.423637  -0.694901  -0.028536  0.718539  0.594369  -0.585229  0.551574  -0.030701  -0.014170  -0.056348  -0.279289  -0.269104  -1.014315  1.000000  
108.105391 0.013349  0.005579  0.033775  0.405902  0.809836  0.423566  -0.695528  -0.026921  0.717995  0.592861  -0.586038  0.552336  -0.030915  -0.014146  -0.055911  -0.290948  -0.302578  -1.050604  1.000000  
108.106641 0.013306  0.005560  0.033706  0.407258  0.809281  0.423326  -0.696204  -0.024917  0.717412  0.591136  -0.586893  0.553277  -0.031330  -0.014116  -0.055222  -0.306580  -0.339135  -1.090202  1.000000  
108.107897 0.013263  0.005541  0.033640  0.408510  0.808677  0.423274  -0.697026  -0.023011  0.716676  0.589300  -0.587803  0.554269  -0.031741  -0.014194  -0.054488  -0.322123  -0.378688  -1.132899  1.000000  
108.109142 0.013221  0.005522  0.033573  0.410049  0.808027  0.423028  -0.697675  -0.020858  0.716111  0.587460  -0.588776  0.555187  -0.032068  -0.014400  -0.054317  -0.331274  -0.410243  -1.177480  1.000000  
108.110390 0.013178  0.005502  0.033502  0.411523  0.807287  0.423008  -0.698537  -0.018736  0.715329  0.585401  -0.589861  0.556210  -0.032413  -0.014776  -0.054826  -0.338451  -0.452407  -1.223029  1.000000  
108.111391 0.013144  0.005484  0.033441  0.412799  0.806795  0.422703  -0.699056  -0.016866  0.714868  0.583882  -0.590590  0.557033  -0.032629  -0.015233  -0.055637  -0.358195  -0.477665  -1.266477  1.000000  
108.112397 0.013109  0.005465  0.033376  0.414075  0.806248  0.422499  -0.699571  -0.015083  0.714404  0.582360  -0.591385  0.557782  -0.033020  -0.015705  -0.056670  -0.372765  -0.504820  -1.310538  1.000000  
108.113401 0.013073  0.005445  0.033309  0.415390  0.805709  0.422237  -0.700148  -0.013145  0.713877  0.580727  -0.592166  0.558655  -0.033366  -0.016208  -0.057830  -0.392496  -0.530134  -1.354223  1.000000  
108.114649 0.013028  0.005418  0.033226  0.416969  0.805046  0.421946  -0.700834  -0.010837  0.713242  0.578765  -0.593114  0.559685  -0.033694  -0.016746  -0.058815  -0.412157  -0.561663  -1.404913  1.000000  
108.115650 0.012990  0.005397  0.033160  0.418468  0.804458  0.421582  -0.701381  -0.008664  0.712734  0.577018  -0.593946  0.560606  -0.034059  -0.017137  -0.059454  -0.431860  -0.583029  -1.452700  1.000000  
108.116892 0.012942  0.005371  0.033084  0.420414  0.803705  0.421081  -0.702013  -0.005888  0.712140  0.574830  -0.594998  0.561736  -0.034623  -0.017593  -0.059678  -0.463681  -0.609428  -1.514671  1.000000  
108.117895 0.012902  0.005351  0.033027  0.421874  0.803148  0.420685  -0.702481  -0.003785  0.711693  0.573187  -0.595768  0.562599  -0.035291  -0.017945  -0.059599  -0.483476  -0.621604  -1.553511  1.000000  
108.119141 0.012849  0.005326  0.032958  0.423742  0.802514  0.420017  -0.702965  -0.001060  0.711224  0.571212  -0.596633  0.563690  -0.036097  -0.018216  -0.059293  -0.519035  -0.637696  -1.611756  1.000000  
108.120143 0.012807  0.005308  0.032906  0.425163  0.802038  0.419491  -0.703356  0.001061  0.710837  0.569673  -0.597273  0.564569  -0.036772  -0.018397  -0.058910  -0.546681  -0.649675  -1.649736  1.000000  
108.121390 0.012753  0.005286  0.032842  0.427110  0.801256  0.419006  -0.703955  0.003836  0.710234  0.567472  -0.598310  0.565687  -0.037504  -0.018565  -0.058559  -0.569277  -0.663301  -1.697988  1.000000  
108.122390 0.012708  0.005268  0.032790  0.428676  0.800768  0.418340  -0.704246  0.006121  0.709930  0.565928  -0.598944  0.566561  -0.038195  -0.018778  -0.058518  -0.605483  -0.664299  -1.741203  1.000000  
108.123391 0.012664  0.005250  0.032735  0.430136  0.800184  0.417958  -0.704684  0.008223  0.709474  0.564273  -0.599699  0.567413  -0.038772  -0.018939  -0.058588  -0.629224  -0.672560  -1.784488  1.000000  
108.124641 0.012607  0.005226  0.032662  0.432005  0.799515  0.417310  -0.705131  0.010945  0.708992  0.562283  -0.600546  0.568491  -0.039863  -0.019264  -0.058955  -0.650396  -0.673333  -1.817357  1.000000  
108.125641 0.012561  0.005207  0.032601  0.433611  0.798968  0.416692  -0.705468  0.013297  0.708617  0.560622  -0.601227  0.569412  -0.040720  -0.019415  -0.059060  -0.677761  -0.674526  -1.860898  1.000000  
108.126894 0.012502  0.005183  0.032523  0.435558  0.798150  0.416228  -0.706027  0.016069  0.708003  0.558404  -0.602244  0.570514  -0.041657  -0.019508  -0.059101  -0.695679  -0.678567  -1.898802  1.000000  
108.127902 0.012454  0.005162  0.032464  0.437203  0.797497  0.415754  -0.706413  0.018402  0.707560  0.556627  -0.603042  0.571408  -0.042572  -0.019542  -0.058444  -0.715886  -0.676437  -1.940476  1.000000  
108.129147 0.012394  0.005137  0.032392  0.439111  0.796757  0.415162  -0.706892  0.021190  0.707004  0.554513  -0.603928  0.572526  -0.043553  -0.019441  -0.057621  -0.732141  -0.674432  -1.970208  1.000000  
108.130150 0.012346  0.005118  0.032338  0.440717  0.796135  0.414654  -0.707202  0.023454  0.706623  0.552842  -0.604665  0.573364  -0.044307  -0.019270  -0.056901  -0.748420  -0.673151  -2.005094  1.000000  
108.131401 0.012284  0.005094  0.032273  0.442664  0.795286  0.414207  -0.707727  0.026224  0.706000  0.550610  -0.605666  0.574454  -0.045227  -0.019109  -0.055958  -0.762119  -0.670348  -2.044771  1.000000  
108.132648 0.012223  0.005071  0.032208  0.444718  0.794517  0.413483  -0.708088  0.029173  0.705521  0.548486  -0.606541  0.575562  -0.045980  -0.018956  -0.055498  -0.783980  -0.661449  -2.078364  1.000000  
108.133913 0.012164  0.005049  0.032143  0.446626  0.793745  0.412909  -0.708532  0.031958  0.704954  0.546358  -0.607410  0.576667  -0.046347  -0.018748  -0.055187  -0.801249  -0.653142  -2.103713  1.000000  
108.135143 0.012107  0.005029  0.032076  0.448533  0.792965  0.412339  -0.708967  0.034742  0.704385  0.544228  -0.608275  0.577769  -0.046652  -0.018598  -0.055304  -0.815347  -0.646569  -2.124432  1.000000  
108.136394 0.012050  0.005010  0.032009  0.450586  0.792220  0.411534  -0.709300  0.037774  0.703894  0.542093  -0.609066  0.578942  -0.046887  -0.018372  -0.055524  -0.836822  -0.638589  -2.150723  1.000000  
108.137642 0.011992  0.004990  0.031941  0.452386  0.791437  0.411064  -0.709871  0.040547  0.703164  0.539842  -0.609904  0.580161  -0.047047  -0.018214  -0.055717  -0.854414  -0.634859  -2.173910  1.000000  
108.138893 0.011933  0.004970  0.031875  0.454293  0.790683  0.410413  -0.710279  0.043413  0.702580  0.537701  -0.610685  0.581328  -0.047258  -0.018042  -0.055443  -0.871770  -0.631770  -2.188930  1.000000  
108.139896 0.011885  0.004954  0.031824  0.455898  0.790057  0.409839  -0.710530  0.045755  0.702177  0.536008  -0.611324  0.582219  -0.047429  -0.017804  -0.054745  -0.889344  -0.618433  -2.201342  1.000000  
108.141141 0.011823  0.004936  0.031767  0.457842  0.789243  0.409239  -0.710982  0.048688  0.701523  0.533747  -0.612148  0.583429  -0.047664  -0.017407  -0.053383  -0.899342  -0.618791  -2.215656  1.000000  
108.142392 0.011761  0.004919  0.031715  0.459825  0.788425  0.408591  -0.711484  0.051774  0.700793  0.531368  -0.612948  0.584759  -0.047879  -0.016799  -0.051747  -0.920447  -0.618956  -2.234597  1.000000  
108.143642 0.011697  0.004903  0.031666  0.461807  0.787549  0.408045  -0.711975  0.054773  0.700065  0.528986  -0.613812  0.586010  -0.048131  -0.016290  -0.050324  -0.933274  -0.619017  -2.253240  1.000000  
108.144646 0.011646  0.004891  0.031628  0.463340  0.786868  0.407621  -0.712411  0.057172  0.699430  0.527054  -0.614468  0.587063  -0.048314  -0.015785  -0.049155  -0.942775  -0.620404  -2.264533  1.000000  
108.145652 0.011595  0.004879  0.031587  0.464727  0.786144  0.407440  -0.712936  0.059323  0.698715  0.525120  -0.615190  0.588039  -0.048400  -0.015223  -0.048181  -0.944115  -0.624716  -2.264500  1.000000  
108.146901 0.011535  0.004865  0.031535  0.466560  0.785308  0.406956  -0.713498  0.062242  0.697887  0.522727  -0.615968  0.589355  -0.048327  -0.014590  -0.047388  -0.951454  -0.634535  -2.274552  1.000000  
108.147902 0.011489  0.004854  0.031490  0.467906  0.784619  0.406739  -0.713951  0.064324  0.697234  0.520900  -0.616632  0.590277  -0.048170  -0.014136  -0.046883  -0.939570  -0.644145  -2.265883  1.000000  
108.149148 0.011432  0.004840  0.031433  0.469737  0.783770  0.406266  -0.714497  0.067241  0.696400  0.518500  -0.617400  0.591587  -0.048089  -0.013684  -0.046451  -0.948926  -0.652771  -2.276723  1.000000  
108.150157 0.011386  0.004829  0.031385  0.471120  0.783075  0.406005  -0.714996  0.069474  0.695669  0.516554  -0.618035  0.592626  -0.048034  -0.013305  -0.045897  -0.942857  -0.666778  -2.275408  1.000000  
108.151395 0.011328  0.004815  0.031329  0.472876  0.782136  0.405772  -0.715736  0.072367  0.694611  0.513916  -0.618891  0.594024  -0.048120  -0.012891  -0.045153  -0.940844  -0.687282  -2.282432  1.000000  
108.152641 0.011268  0.004801  0.031277  0.474817  0.781080  0.405541  -0.716426  0.075405  0.693577  0.511159  -0.619862  0.595389  -0.048248  -0.012621  -0.044257  -0.942510  -0.709465  -2.299770  1.000000  
108.153641 0.011220  0.004790  0.031238  0.476419  0.780310  0.405144  -0.716919  0.078019  0.692778  0.508972  -0.620507  0.596588  -0.048282  -0.012284  -0.043312  -0.948234  -0.721602  -2.313646  1.000000  
108.154890 0.011159  0.004775  0.031192  0.478208  0.779304  0.404973  -0.717686  0.080978  0.691643  0.506206  -0.621392  0.598020  -0.048418  -0.011925  -0.042126  -0.945838  -0.744972  -2.322780  1.000000  
108.155893 0.011109  0.004764  0.031157  0.479697  0.778443  0.404867  -0.718317  0.083415  0.690697  0.503896  -0.622148  0.599183  -0.048406  -0.011652  -0.041322  -0.944024  -0.768320  -2.331600  1.000000  
108.156894 0.011059  0.004753  0.031121  0.481332  0.777609  0.404529  -0.718842  0.086096  0.689821  0.501583  -0.622826  0.600419  -0.048442  -0.011511  -0.040906  -0.949940  -0.784463  -2.341179  1.000000  
108.158141 0.010995  0.004739  0.031075  0.483263  0.776613  0.404140  -0.719481  0.089296  0.688748  0.498802  -0.623617  0.601912  -0.048455  -0.011340  -0.040673  -0.955650  -0.800936  -2.351687  1.000000  
108.159141 0.010944  0.004728  0.031037  0.484896  0.775765  0.403813  -0.719988  0.091974  0.687865  0.496481  -0.624283  0.603140  -0.048459  -0.011256  -0.040722  -0.961422  -0.817665  -2.366196  1.000000  
108.160143 0.010894  0.004718  0.030998  0.486600  0.774867  0.403487  -0.720597  0.094873  0.686833  0.493924  -0.624965  0.604532  -0.048545  -0.011213  -0.040761  -0.971432  -0.843215  -2.385579  1.000000  
108.161391 0.010831  0.004706  0.030948  0.488599  0.773753  0.403209  -0.721313  0.098207  0.685611  0.490896  -0.625829  0.606102  -0.048521  -0.010908  -0.040546  -0.980909  -0.865494  -2.402131  1.000000  
108.162398 0.010781  0.004697  0.030908  0.490226  0.772885  0.402898  -0.721793  0.100882  0.684717  0.488563  -0.626475  0.607318  -0.048791  -0.010820  -0.040200  -0.982688  -0.884694  -2.414117  1.000000  
108.163399 0.010730  0.004688  0.030869  0.492073  0.771944  0.402450  -0.722271  0.103935  0.683756  0.485992  -0.627136  0.608697  -0.049067  -0.010693  -0.039827  -0.992858  -0.906453  -2.432967  1.000000  
108.164650 0.010665  0.004676  0.030824  0.494177  0.770831  0.402007  -0.722798  0.107354  0.682670  0.483066  -0.627929  0.610206  -0.049635  -0.010584  -0.038868  -1.002139  -0.928024  -2.456586  1.000000  
108.165650 0.010611  0.004665  0.030790  0.495798  0.769991  0.401620  -0.723250  0.110107  0.681752  0.480722  -0.628483  0.611486  -0.050293  -0.010619  -0.038196  -1.012059  -0.940632  -2.470648  1.000000  
108.166893 0.010545  0.004651  0.030747  0.497970  0.768812  0.401190  -0.723859  0.113742  0.680508  0.477551  -0.629278  0.613152  -0.050627  -0.010578  -0.037406  -1.020480  -0.965668  -2.493646  1.000000  
108.167904 0.010491  0.004639  0.030713  0.499809  0.767838  0.400770  -0.724294  0.116788  0.679528  0.474962  -0.629909  0.614512  -0.051054  -0.010570  -0.036884  -1.030462  -0.987089  -2.519978  1.000000  
108.169141 0.010424  0.004623  0.030667  0.502088  0.766662  0.400171  -0.724721  0.120507  0.678423  0.471898  -0.630640  0.616121  -0.051496  -0.010730  -0.036840  -1.046840  -0.997586  -2.549352  1.000000  
108.170391 0.010357  0.004607  0.030616  0.504400  0.765378  0.399721  -0.725184  0.124210  0.677259  0.468710  -0.631481  0.617692  -0.051797  -0.010859  -0.037260  -1.055149  -1.018069  -2.580043  1.000000  
108.171391 0.010304  0.004593  0.030573  0.506232  0.764376  0.399322  -0.725585  0.127249  0.676265  0.466108  -0.632089  0.619037  -0.052007  -0.010994  -0.037804  -1.060566  -1.036910  -2.599953  1.000000  
108.172642 0.010238  0.004575  0.030518  0.508502  0.763215  0.398657  -0.725969  0.131041  0.675127  0.463027  -0.632717  0.620705  -0.052160  -0.011284  -0.038448  -1.076918  -1.045290  -2.617856  1.000000  
108.173895 0.010173  0.004558  0.030463  0.510620  0.762118  0.398048  -0.726444  0.134754  0.673885  0.459941  -0.633259  0.622445  -0.052308  -0.011480  -0.038910  -1.097300  -1.060021  -2.641752  1.000000  
108.175142 0.010107  0.004542  0.030410  0.512920  0.760885  0.397451  -0.726850  0.138608  0.672664  0.456730  -0.633910  0.624144  -0.052438  -0.011676  -0.039184  -1.112666  -1.070983  -2.668127  1.000000  
108.176143 0.010053  0.004529  0.030370  0.514592  0.759924  0.397129  -0.727310  0.141561  0.671551  0.454110  -0.634410  0.625546  -0.052735  -0.011994  -0.039203  -1.120958  -1.085872  -2.682287  1.000000  
108.177394 0.009985  0.004513  0.030322  0.516885  0.758717  0.396457  -0.727688  0.145489  0.670301  0.450888  -0.634966  0.627310  -0.053091  -0.012277  -0.039080  -1.144126  -1.096099  -2.709967  1.000000  
108.178645 0.009915  0.004497  0.030278  0.519210  0.757496  0.395754  -0.728099  0.149564  0.668956  0.447541  -0.635477  0.629187  -0.053419  -0.012551  -0.038825  -1.174848  -1.105617  -2.745833  1.000000  
108.179646 0.009860  0.004484  0.030243  0.521023  0.756526  0.395225  -0.728418  0.152745  0.667889  0.444907  -0.635875  0.630651  -0.053708  -0.012766  -0.038781  -1.194540  -1.112932  -2.770320  1.000000  
108.180649 0.009803  0.004470  0.030206  0.522799  0.755599  0.394655  -0.728680  0.155854  0.666885  0.442389  -0.636223  0.632070  -0.053892  -0.013040  -0.038997  -1.214714  -1.120834  -2.793687  1.000000  
108.181649 0.009747  0.004456  0.030168  0.524388  0.754746  0.394178  -0.728992  0.158736  0.665863  0.439987  -0.636523  0.633442  -0.054087  -0.013230  -0.039242  -1.230076  -1.119008  -2.798774  1.000000  
108.182901 0.009677  0.004437  0.030118  0.526665  0.753533  0.393463  -0.729303  0.162725  0.664559  0.436740  -0.636953  0.635255  -0.054288  -0.013462  -0.039630  -1.252725  -1.123220  -2.819820  1.000000  
108.183907 0.009622  0.004422  0.030078  0.528283  0.752663  0.392959  -0.729643  0.165751  0.663437  0.434211  -0.637201  0.636738  -0.054277  -0.013611  -0.039872  -1.272978  -1.125623  -2.830411  1.000000  
108.184971 0.009568  0.004408  0.030036  0.530048  0.751751  0.392325  -0.729865  0.168928  0.662390  0.431678  -0.637443  0.638217  -0.054108  -0.013649  -0.039805  -1.289707  -1.118435  -2.836373  1.000000  
108.186149 0.009501  0.004389  0.029986  0.531981  0.750724  0.391677  -0.730310  0.172687  0.660929  0.428538  -0.637647  0.640127  -0.054434  -0.013814  -0.039810  -1.317287  -1.125362  -2.846975  1.000000  
108.187399 0.009434  0.004372  0.029937  0.534026  0.749653  0.390943  -0.730586  0.176446  0.659630  0.425513  -0.637877  0.641913  -0.054515  -0.013757  -0.039343  -1.336962  -1.125291  -2.854952  1.000000  
108.188650 0.009367  0.004354  0.029891  0.535916  0.748610  0.390355  -0.730959  0.180047  0.658241  0.422484  -0.638096  0.643693  -0.054591  -0.013842  -0.038815  -1.353277  -1.126377  -2.855346  1.000000  
108.189650 0.009314  0.004339  0.029855  0.537369  0.747788  0.389933  -0.731361  0.182981  0.656985  0.419935  -0.638225  0.645231  -0.054640  -0.014000  -0.038290  -1.363379  -1.132237  -2.852056  1.000000  
108.190650 0.009261  0.004325  0.029821  0.538852  0.746910  0.389568  -0.731800  0.185980  0.655653  0.417262  -0.638386  0.646804  -0.054626  -0.014077  -0.037867  -1.376742  -1.140441  -2.850442  1.000000  
108.191903 0.009195  0.004305  0.029777  0.540766  0.745840  0.388966  -0.732185  0.189717  0.654150  0.414098  -0.638537  0.648686  -0.054472  -0.014333  -0.037562  -1.394014  -1.146189  -2.846735  1.000000  
108.193149 0.009129  0.004286  0.029732  0.542707  0.744711  0.388426  -0.732603  0.193518  0.652567  0.410807  -0.638715  0.650601  -0.054256  -0.014534  -0.037517  -1.406243  -1.152797  -2.847233  1.000000  
108.194151 0.009076  0.004269  0.029696  0.544147  0.743912  0.387942  -0.732968  0.196516  0.651260  0.408244  -0.638730  0.652197  -0.054175  -0.014753  -0.037615  -1.425344  -1.164164  -2.845298  1.000000  
108.195172 0.009023  0.004253  0.029658  0.545551  0.743112  0.387503  -0.733281  0.199364  0.650041  0.405799  -0.638779  0.653673  -0.053747  -0.014998  -0.037680  -1.434349  -1.165865  -2.835964  1.000000  
108.196401 0.008959  0.004232  0.029610  0.547265  0.742198  0.386838  -0.733690  0.203018  0.648446  0.402740  -0.638691  0.655648  -0.053459  -0.015175  -0.037850  -1.450461  -1.178367  -2.821203  1.000000  
108.197654 0.008893  0.004211  0.029564  0.548887  0.741216  0.386421  -0.734287  0.206651  0.646620  0.399431  -0.638666  0.657694  -0.053145  -0.015347  -0.037547  -1.465917  -1.190399  -2.805520  1.000000  
108.198897 0.008829  0.004190  0.029521  0.550656  0.740138  0.385971  -0.734759  0.210353  0.644889  0.396116  -0.638707  0.659655  -0.052926  -0.015499  -0.037163  -1.476992  -1.208230  -2.794999  1.000000  
108.199900 0.008778  0.004174  0.029488  0.552110  0.739306  0.385488  -0.735120  0.213478  0.643448  0.393412  -0.638634  0.661343  -0.052913  -0.015690  -0.036707  -1.496069  -1.218340  -2.785925  1.000000  
108.201148 0.008714  0.004153  0.029452  0.553717  0.738306  0.385100  -0.735682  0.217096  0.641592  0.390088  -0.638572  0.663368  -0.052486  -0.015741  -0.035615  -1.508792  -1.237905  -2.768334  1.000000  
108.202400 0.008651  0.004133  0.029415  0.555288  0.737397  0.384578  -0.736191  0.220717  0.639771  0.386882  -0.638380  0.665427  -0.052154  -0.015937  -0.034731  -1.521598  -1.257689  -2.750004  1.000000  
108.203650 0.008588  0.004112  0.029380  0.556854  0.736483  0.384066  -0.736688  0.224333  0.637938  0.383672  -0.638175  0.667479  -0.051931  -0.016128  -0.034055  -1.533764  -1.273537  -2.736564  1.000000  
108.204650 0.008538  0.004095  0.029349  0.558109  0.735728  0.383692  -0.737086  0.227219  0.636456  0.381076  -0.638025  0.669107  -0.051710  -0.016247  -0.033740  -1.546247  -1.285051  -2.719371  1.000000  
108.205650 0.008488  0.004077  0.029318  0.559391  0.734917  0.383379  -0.737517  0.230169  0.634895  0.378353  -0.637902  0.670768  -0.051489  -0.016499  -0.033558  -1.551314  -1.303840  -2.709363  1.000000  
108.206650 0.008439  0.004059  0.029284  0.560821  0.734101  0.382852  -0.737824  0.233344  0.633377  0.375626  -0.637689  0.672501  -0.051250  -0.016658  -0.033465  -1.569506  -1.309931  -2.703764  1.000000  
108.207903 0.008379  0.004035  0.029241  0.562429  0.733108  0.382395  -0.738361  0.237150  0.631335  0.372152  -0.637426  0.674678  -0.050861  -0.016970  -0.033311  -1.582699  -1.330025  -2.684878  1.000000  
108.209148 0.008317  0.004011  0.029196  0.564183  0.732060  0.381818  -0.738768  0.241100  0.629359  0.368672  -0.637149  0.676847  -0.050576  -0.017238  -0.033367  -1.597621  -1.343429  -2.676187  1.000000  
108.210398 0.008256  0.003986  0.029153  0.565779  0.731055  0.381383  -0.739279  0.244892  0.627292  0.365187  -0.636857  0.679008  -0.050339  -0.017554  -0.033000  -1.606164  -1.374160  -2.660268  1.000000  
108.211650 0.008193  0.003961  0.029111  0.567520  0.730039  0.380741  -0.739659  0.248903  0.625261  0.361697  -0.636467  0.681238  -0.050178  -0.017833  -0.032661  -1.625446  -1.390522  -2.660907  1.000000  
108.212676 0.008142  0.003941  0.029080  0.568986  0.729090  0.380371  -0.739992  0.252184  0.623551  0.358701  -0.636263  0.683010  -0.049996  -0.018018  -0.032191  -1.635476  -1.411228  -2.652275  1.000000  
108.213895 0.008079  0.003916  0.029041  0.570746  0.727962  0.379896  -0.740385  0.256172  0.621454  0.355076  -0.635962  0.685181  -0.049978  -0.018257  -0.032003  -1.649103  -1.429692  -2.657292  1.000000  
108.214896 0.008029  0.003897  0.029009  0.572173  0.727054  0.379488  -0.740659  0.259373  0.619799  0.352198  -0.635703  0.686905  -0.049924  -0.018482  -0.031941  -1.660702  -1.450389  -2.659136  1.000000  
108.215898 0.007979  0.003876  0.028977  0.573748  0.726133  0.378873  -0.740805  0.262794  0.618181  0.349316  -0.635351  0.688700  -0.049863  -0.018762  -0.032083  -1.672896  -1.456582  -2.659590  1.000000  
108.216900 0.007929  0.003855  0.028943  0.575138  0.725312  0.378337  -0.741023  0.265992  0.616550  0.346556  -0.634957  0.690455  -0.049820  -0.019108  -0.032443  -1.687912  -1.470041  -2.659945  1.000000  
108.218183 0.007866  0.003829  0.028898  0.576943  0.724304  0.377519  -0.741140  0.269975  0.614675  0.343291  -0.634427  0.692571  -0.049696  -0.019454  -0.033064  -1.707303  -1.474911  -2.658622  1.000000  
108.219392 0.007803  0.003803  0.028852  0.578825  0.723131  0.376885  -0.741352  0.274149  0.612568  0.339644  -0.633974  0.694779  -0.049876  -0.019788  -0.033664  -1.723360  -1.489344  -2.668109  1.000000  
108.220644 0.007739  0.003776  0.028807  0.580729  0.721988  0.376147  -0.741585  0.278529  0.610306  0.335866  -0.633368  0.697165  -0.049990  -0.020094  -0.034041  -1.750758  -1.498401  -2.680337  1.000000  
