1-Time 2-Px 3-Py 4-Pz 5-R11 6-R21 7-R31 8-R12 9-R22 10-R32 11-R13 12-R23 13-R33 14-Vx 15-Vy 16-Vz 17-Wx 18-Wy 19-Wz 20-state
219.886215 0.014456  0.049650  -0.027966  0.806280  -0.115568  0.580135  -0.365429  0.673897  0.642125  -0.465161  -0.729731  0.501117  -0.000579  -0.000583  -0.000041  0.000000  0.000000  0.000000  1.000000  
219.887386 0.014454  0.049647  -0.027964  0.806280  -0.115498  0.580149  -0.365429  0.673975  0.642043  -0.465161  -0.729670  0.501206  -0.001853  -0.003030  0.001346  0.000000  0.000000  0.000000  1.000000  
219.888633 0.014443  0.049621  -0.027948  0.806280  -0.115498  0.580149  -0.365429  0.673975  0.642043  -0.465161  -0.729670  0.501206  -0.005593  -0.012951  0.007697  0.000000  0.000000  0.000000  1.000000  
219.889875 0.014430  0.049587  -0.027927  0.806280  -0.115498  0.580149  -0.365429  0.673975  0.642043  -0.465161  -0.729670  0.501206  -0.007392  -0.018128  0.010984  0.000000  0.000000  0.000000  1.000000  
219.891122 0.014418  0.049557  -0.027910  0.806280  -0.115568  0.580135  -0.365429  0.673897  0.642125  -0.465161  -0.729731  0.501117  -0.007950  -0.019648  0.011735  0.000000  0.000000  0.000000  1.000000  
219.892125 0.014406  0.049532  -0.027898  0.806280  -0.115639  0.580121  -0.365429  0.673819  0.642207  -0.465161  -0.729792  0.501029  -0.008594  -0.020541  0.011707  0.000000  0.000000  0.000000  1.000000  
219.893372 0.014388  0.049497  -0.027883  0.806280  -0.115779  0.580093  -0.365429  0.673663  0.642370  -0.465161  -0.729913  0.500852  -0.009622  -0.021884  0.011853  0.000000  0.000000  0.000000  1.000000  
219.894623 0.014373  0.049461  -0.027866  0.806280  -0.115991  0.580051  -0.365429  0.673429  0.642615  -0.465161  -0.730095  0.500586  -0.009999  -0.022917  0.012099  0.000000  0.000000  0.000000  1.000000  
219.895623 0.014365  0.049434  -0.027854  0.806280  -0.116061  0.580037  -0.365429  0.673351  0.642697  -0.465161  -0.730156  0.500498  -0.009839  -0.023307  0.012040  0.000000  0.000000  0.000000  1.000000  
219.896623 0.014358  0.049407  -0.027843  0.806280  -0.116202  0.580009  -0.365429  0.673195  0.642860  -0.465161  -0.730277  0.500321  -0.009490  -0.023684  0.011987  0.000000  0.000000  0.000000  1.000000  
219.897625 0.014350  0.049380  -0.027830  0.806223  -0.116361  0.580055  -0.365403  0.673158  0.642914  -0.465279  -0.730287  0.500197  -0.009358  -0.023955  0.012062  0.000000  0.000000  0.000000  1.000000  
219.898694 0.014339  0.049352  -0.027814  0.806091  -0.116452  0.580220  -0.365544  0.673066  0.642931  -0.465397  -0.730357  0.499984  -0.009448  -0.024189  0.012288  0.000000  0.000000  0.000000  1.000000  
219.899874 0.014321  0.049316  -0.027789  0.805959  -0.116543  0.580385  -0.365684  0.672975  0.642947  -0.465516  -0.730427  0.499772  -0.009957  -0.024771  0.013053  0.000000  0.000000  0.000000  1.000000  
219.901141 0.014298  0.049268  -0.027759  0.805903  -0.116773  0.580418  -0.365658  0.672859  0.643082  -0.465634  -0.730496  0.499560  -0.010656  -0.025843  0.013960  0.000000  0.000000  0.000000  1.000000  
219.902378 0.014271  0.049206  -0.027726  0.805771  -0.116864  0.580583  -0.365798  0.672767  0.643099  -0.465753  -0.730566  0.499347  -0.012212  -0.029443  0.015876  0.000000  0.000000  0.000000  1.000000  
219.903379 0.014246  0.049148  -0.027695  0.805771  -0.116935  0.580569  -0.365798  0.672689  0.643180  -0.465753  -0.730627  0.499259  -0.013339  -0.031947  0.017194  0.000000  0.000000  0.000000  1.000000  
219.904628 0.014213  0.049077  -0.027655  0.805695  -0.116867  0.580687  -0.365964  0.672635  0.643142  -0.465753  -0.730687  0.499170  -0.014685  -0.034518  0.018412  0.000000  0.000000  0.000000  1.000000  
219.905632 0.014188  0.049020  -0.027627  0.805620  -0.116869  0.580791  -0.366130  0.672503  0.643186  -0.465753  -0.730808  0.498993  -0.015763  -0.036754  0.019355  0.000000  0.000000  0.000000  1.000000  
219.906876 0.014155  0.048947  -0.027596  0.805601  -0.116783  0.580834  -0.366322  0.672331  0.643257  -0.465634  -0.730981  0.498851  -0.017040  -0.039658  0.020504  0.000000  0.000000  0.000000  1.000000  
219.908132 0.014124  0.048871  -0.027563  0.805582  -0.116767  0.580864  -0.366513  0.672080  0.643410  -0.465516  -0.731214  0.498620  -0.017931  -0.042428  0.021672  0.000000  0.000000  0.000000  1.000000  
219.909190 0.014101  0.048810  -0.027533  0.805639  -0.116819  0.580775  -0.366539  0.671884  0.643600  -0.465397  -0.731386  0.498477  -0.018549  -0.044386  0.022648  0.000000  0.000000  0.000000  1.000000  
219.910391 0.014080  0.048740  -0.027491  0.805752  -0.116852  0.580611  -0.366591  0.671568  0.643900  -0.465161  -0.731670  0.498281  -0.019300  -0.047017  0.024558  0.000000  0.000000  0.000000  1.000000  
219.911392 0.014066  0.048686  -0.027455  0.805790  -0.116676  0.580594  -0.366808  0.671355  0.643999  -0.464924  -0.731894  0.498174  -0.019777  -0.048836  0.026275  0.000000  0.000000  0.000000  1.000000  
219.912684 0.014050  0.048620  -0.027407  0.805752  -0.116503  0.580681  -0.367191  0.671010  0.644140  -0.464687  -0.732239  0.497889  -0.020071  -0.050873  0.028339  0.000000  0.000000  0.000000  1.000000  
219.913975 0.014030  0.048549  -0.027364  0.805714  -0.116260  0.580783  -0.367575  0.670742  0.644201  -0.464450  -0.732522  0.497692  -0.020403  -0.053149  0.029686  0.000000  0.000000  0.000000  1.000000  
219.915124 0.014005  0.048472  -0.027325  0.805751  -0.116084  0.580766  -0.367792  0.670528  0.644299  -0.464213  -0.732746  0.497584  -0.020848  -0.056053  0.030695  0.000000  0.000000  0.000000  1.000000  
219.916203 0.013984  0.048405  -0.027297  0.805713  -0.115700  0.580896  -0.368175  0.670416  0.644197  -0.463976  -0.732909  0.497565  -0.020817  -0.057437  0.030752  0.000000  0.000000  0.000000  1.000000  
219.917435 0.013957  0.048318  -0.027264  0.805731  -0.115227  0.580966  -0.368585  0.670263  0.644122  -0.463620  -0.733123  0.497580  -0.020779  -0.058991  0.030669  0.132641  -0.052962  0.106809  1.000000  
219.918624 0.013927  0.048233  -0.027232  0.805748  -0.114754  0.581035  -0.368994  0.670110  0.644047  -0.463264  -0.733338  0.497596  -0.020780  -0.060129  0.030287  0.129545  -0.055159  0.124088  1.000000  
219.919629 0.013904  0.048165  -0.027206  0.805841  -0.114419  0.580972  -0.369237  0.669933  0.644092  -0.462909  -0.733552  0.497611  -0.020462  -0.060810  0.029923  0.131467  -0.053073  0.139678  1.000000  
219.920877 0.013879  0.048082  -0.027171  0.805914  -0.113857  0.580981  -0.369672  0.669738  0.644045  -0.462434  -0.733817  0.497661  -0.020075  -0.061777  0.030075  0.125074  -0.053088  0.161440  1.000000  
219.921881 0.013860  0.048014  -0.027141  0.805930  -0.113313  0.581065  -0.370081  0.669662  0.643889  -0.462078  -0.733971  0.497766  -0.019447  -0.062201  0.030445  0.114605  -0.055632  0.179492  1.000000  
219.923128 0.013840  0.047934  -0.027098  0.806058  -0.112591  0.581028  -0.370542  0.669503  0.643789  -0.461485  -0.734226  0.497939  -0.018912  -0.062428  0.030966  0.100094  -0.053137  0.204990  1.000000  
219.924128 0.013827  0.047874  -0.027060  0.806206  -0.112096  0.580918  -0.370811  0.669362  0.643780  -0.461010  -0.734431  0.498078  -0.018313  -0.062679  0.031695  0.088778  -0.048112  0.223307  1.000000  
219.925374 0.013816  0.047803  -0.027007  0.806466  -0.111423  0.580687  -0.371132  0.669139  0.643828  -0.460297  -0.734737  0.498285  -0.017563  -0.062535  0.032353  0.076862  -0.037728  0.247047  1.000000  
219.926376 0.013811  0.047746  -0.026966  0.806669  -0.110839  0.580517  -0.371427  0.668956  0.643848  -0.459703  -0.734992  0.498458  -0.017036  -0.062708  0.032611  0.069700  -0.030233  0.268908  1.000000  
219.927380 0.013805  0.047689  -0.026928  0.806795  -0.110046  0.580492  -0.371887  0.668874  0.643667  -0.459109  -0.735185  0.498719  -0.016652  -0.063335  0.032634  0.051696  -0.025462  0.300336  1.000000  
219.928641 0.013797  0.047614  -0.026883  0.807109  -0.109142  0.580227  -0.372233  0.668764  0.643581  -0.458277  -0.735420  0.499139  -0.015865  -0.063703  0.032763  0.035243  -0.005201  0.328013  1.000000  
219.929874 0.013786  0.047535  -0.026844  0.807421  -0.108238  0.579961  -0.372579  0.668654  0.643495  -0.457444  -0.735654  0.499558  -0.014971  -0.063551  0.032576  0.019079  0.014872  0.356897  1.000000  
219.930936 0.013775  0.047468  -0.026814  0.807699  -0.107651  0.579684  -0.372707  0.668604  0.643473  -0.456849  -0.735785  0.499909  -0.014208  -0.063602  0.032793  0.002977  0.030125  0.381589  1.000000  
219.932123 0.013762  0.047383  -0.026777  0.807878  -0.106628  0.579623  -0.373194  0.668635  0.643160  -0.456135  -0.735906  0.500382  -0.013292  -0.063653  0.033179  -0.016319  0.042502  0.408315  1.000000  
219.933373 0.013748  0.047298  -0.026737  0.808134  -0.105743  0.579429  -0.373513  0.668643  0.642966  -0.455420  -0.736027  0.500856  -0.012344  -0.063430  0.033433  -0.039622  0.052540  0.433897  1.000000  
219.934374 0.013738  0.047231  -0.026704  0.808355  -0.105175  0.579224  -0.373616  0.668711  0.642835  -0.454944  -0.736046  0.501261  -0.011469  -0.063405  0.033933  -0.052577  0.067648  0.445153  1.000000  
219.935374 0.013729  0.047163  -0.026668  0.808631  -0.104587  0.578945  -0.373743  0.668661  0.642813  -0.454348  -0.736176  0.501611  -0.010676  -0.063470  0.034457  -0.064645  0.080219  0.463615  1.000000  
219.936376 0.013721  0.047097  -0.026632  0.808851  -0.104019  0.578739  -0.373845  0.668729  0.642683  -0.453871  -0.736194  0.502016  -0.009907  -0.063418  0.034994  -0.081653  0.092807  0.471307  1.000000  
219.937627 0.013713  0.047017  -0.026587  0.809182  -0.103272  0.578411  -0.373998  0.668715  0.642608  -0.453156  -0.736312  0.502489  -0.008888  -0.063192  0.035259  -0.103505  0.111267  0.490248  1.000000  
219.938633 0.013709  0.046958  -0.026553  0.809457  -0.102685  0.578131  -0.374125  0.668664  0.642587  -0.452559  -0.736440  0.502838  -0.008152  -0.063066  0.035015  -0.116783  0.126692  0.502619  1.000000  
219.939877 0.013708  0.046884  -0.026510  0.809732  -0.101957  0.577875  -0.374252  0.668769  0.642404  -0.451963  -0.736446  0.503366  -0.007464  -0.063224  0.034378  -0.140257  0.133433  0.510336  1.000000  
219.941125 0.013708  0.046810  -0.026468  0.810083  -0.101367  0.577486  -0.374212  0.668853  0.642340  -0.451366  -0.736451  0.503894  -0.007012  -0.063487  0.033792  -0.167242  0.151914  0.517404  1.000000  
219.942376 0.013708  0.046732  -0.026424  0.810412  -0.100410  0.577192  -0.374364  0.669073  0.642023  -0.450649  -0.736383  0.504635  -0.006505  -0.063816  0.033603  -0.195779  0.170761  0.520668  1.000000  
219.943440 0.013707  0.046666  -0.026386  0.810762  -0.099751  0.576814  -0.374323  0.669235  0.641877  -0.450052  -0.736325  0.505251  -0.006093  -0.064049  0.033577  -0.219964  0.197159  0.528234  1.000000  
219.944622 0.013704  0.046583  -0.026336  0.811090  -0.098655  0.576542  -0.374475  0.669610  0.641398  -0.449335  -0.736132  0.506170  -0.005609  -0.064556  0.034398  -0.256079  0.211415  0.536738  1.000000  
219.945624 0.013700  0.046514  -0.026293  0.811440  -0.097926  0.576174  -0.374433  0.669850  0.641171  -0.448737  -0.736010  0.506876  -0.005183  -0.064935  0.035388  -0.281885  0.228976  0.540407  1.000000  
219.946628 0.013697  0.046444  -0.026247  0.811789  -0.097198  0.575804  -0.374392  0.670090  0.640944  -0.448139  -0.735888  0.507582  -0.004713  -0.064999  0.036388  -0.300964  0.251978  0.541445  1.000000  
219.947874 0.013693  0.046358  -0.026187  0.812193  -0.096171  0.575408  -0.374375  0.670523  0.640502  -0.447421  -0.735629  0.508590  -0.003933  -0.064933  0.037833  -0.332247  0.275134  0.542457  1.000000  
219.948937 0.013689  0.046286  -0.026139  0.812487  -0.095463  0.575110  -0.374308  0.670882  0.640165  -0.446943  -0.735394  0.509350  -0.003426  -0.064878  0.038651  -0.356932  0.291861  0.534557  1.000000  
219.950195 0.013686  0.046198  -0.026084  0.812781  -0.094686  0.574823  -0.374241  0.671319  0.639746  -0.446464  -0.735096  0.510200  -0.002904  -0.065072  0.039406  -0.387087  0.304636  0.530967  1.000000  
219.951374 0.013682  0.046113  -0.026036  0.813075  -0.093909  0.574534  -0.374173  0.671755  0.639327  -0.445985  -0.734797  0.511049  -0.002590  -0.065573  0.039750  -0.407800  0.320749  0.521018  1.000000  
219.952415 0.013680  0.046047  -0.026000  0.813315  -0.093361  0.574284  -0.374081  0.672078  0.639042  -0.445626  -0.734571  0.511686  -0.002192  -0.065625  0.039721  -0.425645  0.333303  0.506662  1.000000  
219.953629 0.013680  0.045966  -0.025957  0.813686  -0.092654  0.573874  -0.373845  0.672573  0.638659  -0.445146  -0.734208  0.512624  -0.001958  -0.066115  0.039730  -0.450276  0.351737  0.489379  1.000000  
219.954631 0.013682  0.045901  -0.025922  0.813925  -0.092038  0.573633  -0.373752  0.672973  0.638292  -0.444787  -0.733918  0.513350  -0.001763  -0.066649  0.039867  -0.472572  0.359574  0.478547  1.000000  
219.955634 0.013684  0.045834  -0.025885  0.814087  -0.091283  0.573524  -0.373827  0.673392  0.637806  -0.444427  -0.733628  0.514075  -0.001619  -0.067143  0.040091  -0.497901  0.359693  0.467399  1.000000  
219.956876 0.013687  0.045745  -0.025836  0.814380  -0.090439  0.573242  -0.373759  0.673905  0.637304  -0.443948  -0.733261  0.515013  -0.001428  -0.067956  0.040483  -0.525174  0.365351  0.453740  1.000000  
219.958125 0.013690  0.045652  -0.025781  0.814673  -0.089526  0.572969  -0.373690  0.674496  0.636719  -0.443468  -0.732830  0.516038  -0.001204  -0.069022  0.041126  -0.552507  0.368898  0.436322  1.000000  
219.959200 0.013690  0.045576  -0.025737  0.814835  -0.088703  0.572867  -0.373764  0.674991  0.636151  -0.443109  -0.732475  0.516852  -0.000983  -0.069071  0.041160  -0.574776  0.364663  0.418572  1.000000  
219.960373 0.013690  0.045479  -0.025680  0.815127  -0.087791  0.572591  -0.373695  0.675581  0.635565  -0.442629  -0.732041  0.517877  -0.000730  -0.070506  0.041796  -0.597724  0.370446  0.405276  1.000000  
219.961374 0.013692  0.045398  -0.025635  0.815342  -0.086880  0.572424  -0.373794  0.676034  0.635025  -0.442149  -0.731731  0.518724  -0.000416  -0.070959  0.041593  -0.619013  0.373246  0.397924  1.000000  
219.962374 0.013693  0.045318  -0.025592  0.815503  -0.085988  0.572329  -0.373868  0.676604  0.634373  -0.441789  -0.731309  0.519625  -0.000030  -0.071670  0.041189  -0.645550  0.374027  0.386327  1.000000  
219.963438 0.013695  0.045238  -0.025549  0.815718  -0.085007  0.572169  -0.373966  0.677134  0.633750  -0.441308  -0.730934  0.520560  0.000329  -0.072265  0.040824  -0.665408  0.375958  0.377931  1.000000  
219.964642 0.013698  0.045140  -0.025495  0.815986  -0.083800  0.571965  -0.374089  0.677775  0.632992  -0.440708  -0.730478  0.521707  0.000759  -0.072923  0.040746  -0.699221  0.374385  0.374557  1.000000  
219.965874 0.013702  0.045044  -0.025443  0.816331  -0.082732  0.571628  -0.374044  0.678398  0.632350  -0.440107  -0.730021  0.522852  0.001276  -0.073596  0.040792  -0.727766  0.379693  0.371788  1.000000  
219.967124 0.013708  0.044952  -0.025393  0.816545  -0.081615  0.571483  -0.374142  0.679079  0.631561  -0.439627  -0.729514  0.523963  0.001829  -0.074182  0.041102  -0.755728  0.374726  0.363904  1.000000  
219.968131 0.013713  0.044878  -0.025351  0.816706  -0.080655  0.571390  -0.374215  0.679723  0.630825  -0.439266  -0.729021  0.524951  0.002217  -0.074696  0.041511  -0.790490  0.370349  0.355511  1.000000  
219.969216 0.013718  0.044805  -0.025309  0.816789  -0.079626  0.571416  -0.374457  0.680305  0.630053  -0.438906  -0.728591  0.525849  0.002522  -0.074973  0.041916  -0.819611  0.361827  0.354030  1.000000  
219.970380 0.013725  0.044711  -0.025254  0.816925  -0.078300  0.571404  -0.374723  0.681076  0.629062  -0.438425  -0.728015  0.527047  0.002737  -0.075964  0.042745  -0.857903  0.350237  0.358924  1.000000  
219.971629 0.013730  0.044613  -0.025198  0.817138  -0.077045  0.571270  -0.374821  0.681904  0.628105  -0.437944  -0.727372  0.528332  0.002893  -0.076643  0.043140  -0.893542  0.345778  0.350423  1.000000  
219.972630 0.013733  0.044533  -0.025156  0.817221  -0.075946  0.571299  -0.375062  0.682560  0.627248  -0.437583  -0.726873  0.529318  0.002973  -0.077146  0.043148  -0.912924  0.335867  0.346295  1.000000  
219.973873 0.013737  0.044431  -0.025107  0.817356  -0.074482  0.571298  -0.375328  0.683477  0.626089  -0.437101  -0.726162  0.530689  0.003119  -0.077944  0.042896  -0.948108  0.323542  0.350231  1.000000  
219.974875 0.013739  0.044347  -0.025072  0.817491  -0.073226  0.571267  -0.375594  0.684165  0.625178  -0.436620  -0.725642  0.531796  0.003255  -0.078183  0.042131  -0.976356  0.309347  0.349641  1.000000  
219.975896 0.013742  0.044262  -0.025036  0.817626  -0.071970  0.571233  -0.375860  0.684851  0.624266  -0.436138  -0.725120  0.532902  0.003450  -0.078425  0.041357  -1.003416  0.299855  0.357495  1.000000  
219.976937 0.013745  0.044176  -0.025000  0.817708  -0.070802  0.571263  -0.376101  0.685577  0.623324  -0.435777  -0.724549  0.533973  0.003599  -0.078477  0.040630  -1.021107  0.283420  0.354582  1.000000  
219.978124 0.013752  0.044070  -0.024954  0.817895  -0.069251  0.571185  -0.376391  0.686446  0.622190  -0.435175  -0.723876  0.535376  0.003892  -0.079498  0.040525  -1.053953  0.271810  0.358552  1.000000  
219.979374 0.013761  0.043965  -0.024904  0.818082  -0.067700  0.571103  -0.376681  0.687314  0.621056  -0.434572  -0.723199  0.536777  0.004256  -0.079780  0.040138  -1.080856  0.265516  0.370105  1.000000  
219.980623 0.013771  0.043860  -0.024853  0.818268  -0.066080  0.571026  -0.376971  0.688254  0.619838  -0.433970  -0.722454  0.538266  0.004640  -0.080212  0.040050  -1.114716  0.255896  0.376765  1.000000  
219.981624 0.013780  0.043777  -0.024812  0.818401  -0.064756  0.570987  -0.377237  0.689007  0.618839  -0.433488  -0.721856  0.539456  0.004953  -0.080838  0.040042  -1.145639  0.248231  0.386612  1.000000  
219.982624 0.013788  0.043695  -0.024771  0.818534  -0.063432  0.570945  -0.377503  0.689759  0.617839  -0.433005  -0.721255  0.540645  0.005187  -0.081439  0.040034  -1.172490  0.241314  0.397396  1.000000  
219.983874 0.013797  0.043591  -0.024721  0.818719  -0.061744  0.570865  -0.377792  0.690767  0.616533  -0.432402  -0.720436  0.542218  0.005351  -0.082553  0.040038  -1.204927  0.235058  0.408159  1.000000  
219.985124 0.013806  0.043484  -0.024675  0.818904  -0.060057  0.570780  -0.378082  0.691773  0.615226  -0.431799  -0.719613  0.543789  0.005495  -0.083075  0.039331  -1.239538  0.228370  0.418786  1.000000  
219.986128 0.013811  0.043397  -0.024641  0.819036  -0.058596  0.570742  -0.378348  0.692668  0.614056  -0.431316  -0.718873  0.545150  0.005574  -0.083738  0.038648  -1.273436  0.221479  0.429251  1.000000  
219.987131 0.013816  0.043310  -0.024608  0.819167  -0.057066  0.570709  -0.378613  0.693635  0.612799  -0.430833  -0.718063  0.546597  0.005685  -0.084248  0.037858  -1.311146  0.218857  0.436074  1.000000  
219.988379 0.013821  0.043202  -0.024570  0.819403  -0.055154  0.570558  -0.378927  0.694741  0.611351  -0.430109  -0.717142  0.548373  0.005697  -0.084683  0.037143  -1.349803  0.214875  0.450356  1.000000  
219.989380 0.013824  0.043114  -0.024540  0.819534  -0.053625  0.570516  -0.379192  0.695702  0.610092  -0.429625  -0.716326  0.549817  0.005820  -0.084996  0.036628  -1.381401  0.213154  0.457413  1.000000  
219.990623 0.013830  0.043005  -0.024501  0.819768  -0.051645  0.570362  -0.379505  0.696876  0.608555  -0.428900  -0.715330  0.551677  0.005926  -0.085271  0.036312  -1.424177  0.209280  0.471738  1.000000  
219.991624 0.013836  0.042917  -0.024466  0.819898  -0.050047  0.570317  -0.379771  0.697905  0.607209  -0.428417  -0.714439  0.553205  0.006123  -0.085677  0.036358  -1.455686  0.207651  0.478764  1.000000  
219.992624 0.013843  0.042831  -0.024431  0.820080  -0.048363  0.570201  -0.380060  0.698892  0.605892  -0.427812  -0.713590  0.554766  0.006241  -0.085582  0.036160  -1.491219  0.206002  0.485806  1.000000  
219.993690 0.013851  0.042746  -0.024395  0.820158  -0.046784  0.570222  -0.380301  0.700029  0.604426  -0.427449  -0.712580  0.556342  0.006304  -0.085121  0.035662  -1.525158  0.198848  0.485106  1.000000  
219.994937 0.013861  0.042639  -0.024352  0.820338  -0.044755  0.570124  -0.380590  0.701375  0.602680  -0.426844  -0.711386  0.558332  0.006353  -0.085251  0.035208  -1.570048  0.189575  0.491671  1.000000  
219.996182 0.013872  0.042533  -0.024310  0.820519  -0.042796  0.570015  -0.380879  0.702644  0.601018  -0.426239  -0.710253  0.560233  0.006396  -0.085464  0.034594  -1.605848  0.188262  0.498766  1.000000  
219.997192 0.013880  0.042446  -0.024279  0.820726  -0.041277  0.569829  -0.380975  0.703722  0.599694  -0.425755  -0.709275  0.561838  0.006375  -0.085674  0.033858  -1.637500  0.191630  0.501820  1.000000  
219.998374 0.013889  0.042337  -0.024242  0.821035  -0.039309  0.569522  -0.381119  0.705008  0.598090  -0.425029  -0.708109  0.563855  0.006355  -0.086398  0.033188  -1.679209  0.203447  0.506112  1.000000  
219.999437 0.013896  0.042248  -0.024211  0.821242  -0.037792  0.569328  -0.381215  0.706081  0.596762  -0.424544  -0.707122  0.565456  0.006322  -0.086337  0.032537  -1.704198  0.206551  0.508340  1.000000  
220.000624 0.013903  0.042134  -0.024175  0.821421  -0.035699  0.569205  -0.381503  0.707479  0.594919  -0.423938  -0.705832  0.567519  0.006319  -0.087182  0.032186  -1.742206  0.208943  0.508403  1.000000  
220.001933 0.013910  0.042020  -0.024138  0.821678  -0.033752  0.568952  -0.381623  0.708866  0.593189  -0.423332  -0.704535  0.569579  0.006303  -0.087175  0.031803  -1.778661  0.219061  0.510943  1.000000  
220.003130 0.013915  0.041905  -0.024099  0.821883  -0.031685  0.568775  -0.381718  0.710503  0.591166  -0.422847  -0.702980  0.571855  0.006329  -0.087862  0.031918  -1.827884  0.225575  0.507608  1.000000  
220.004134 0.013918  0.041815  -0.024069  0.822088  -0.030034  0.568568  -0.381813  0.711705  0.589656  -0.422362  -0.701836  0.573617  0.006378  -0.088058  0.031921  -1.856834  0.231338  0.503226  1.000000  
220.005150 0.013923  0.041724  -0.024038  0.822242  -0.028262  0.568436  -0.381885  0.713158  0.587852  -0.421998  -0.700434  0.575596  0.006354  -0.088133  0.031814  -1.897792  0.234395  0.495177  1.000000  
220.006379 0.013930  0.041614  -0.024000  0.822368  -0.026051  0.568359  -0.382149  0.714785  0.585700  -0.421513  -0.698859  0.577861  0.006363  -0.088322  0.031589  -1.947886  0.236192  0.496004  1.000000  
220.007624 0.013937  0.041507  -0.023964  0.822572  -0.024058  0.568151  -0.382244  0.716330  0.583747  -0.421028  -0.697347  0.580037  0.006262  -0.088285  0.031147  -1.979077  0.239865  0.487010  1.000000  
220.008687 0.013943  0.041422  -0.023936  0.822726  -0.022427  0.567996  -0.382315  0.717626  0.582106  -0.420664  -0.696067  0.581835  0.006178  -0.088272  0.030598  -2.010987  0.241478  0.478204  1.000000  
220.009874 0.013952  0.041315  -0.023903  0.822930  -0.020298  0.567781  -0.382410  0.719302  0.579972  -0.420178  -0.694401  0.584172  0.006128  -0.088628  0.030076  -2.057428  0.245316  0.471308  1.000000  
220.010936 0.013960  0.041232  -0.023875  0.823082  -0.018600  0.567617  -0.382481  0.720660  0.578237  -0.419814  -0.693040  0.586048  0.005961  -0.088182  0.029501  -2.086621  0.247810  0.462418  1.000000  
220.012192 0.013968  0.041125  -0.023838  0.823156  -0.016409  0.567578  -0.382721  0.722366  0.575944  -0.419449  -0.691316  0.588340  0.005771  -0.087799  0.029243  -2.130683  0.243266  0.454667  1.000000  
220.013434 0.013975  0.041017  -0.023798  0.823360  -0.014284  0.567340  -0.382816  0.724023  0.573796  -0.418963  -0.689628  0.590663  0.005642  -0.087622  0.029381  -2.168936  0.246531  0.446773  1.000000  
220.014670 0.013982  0.040907  -0.023756  0.823484  -0.011943  0.567213  -0.383080  0.725746  0.571439  -0.418477  -0.687859  0.593065  0.005589  -0.087686  0.029864  -2.214855  0.244994  0.442898  1.000000  
220.015874 0.013989  0.040794  -0.023711  0.823687  -0.009752  0.566961  -0.383174  0.727459  0.569194  -0.417991  -0.686082  0.595461  0.005671  -0.087852  0.030473  -2.249685  0.249263  0.435439  1.000000  
220.017125 0.013996  0.040681  -0.023667  0.823811  -0.007276  0.566818  -0.383438  0.729303  0.566650  -0.417505  -0.684152  0.598018  0.005705  -0.087816  0.030934  -2.294414  0.247699  0.431345  1.000000  
220.018128 0.014001  0.040591  -0.023633  0.823884  -0.005227  0.566735  -0.383679  0.730835  0.564509  -0.417140  -0.682534  0.600118  0.005777  -0.087660  0.031057  -2.334571  0.242996  0.423844  1.000000  
220.019153 0.014007  0.040501  -0.023601  0.823928  -0.003014  0.566686  -0.384112  0.732255  0.562371  -0.416654  -0.681024  0.602168  0.005946  -0.087337  0.031129  -2.371190  0.238187  0.426919  1.000000  
220.020380 0.014016  0.040392  -0.023563  0.824051  -0.000540  0.566515  -0.384376  0.734075  0.559812  -0.416167  -0.679068  0.604708  0.006146  -0.087375  0.031163  -2.413273  0.233808  0.419568  1.000000  
220.021631 0.014026  0.040285  -0.023527  0.824094  0.002084  0.566449  -0.384809  0.735886  0.557130  -0.415681  -0.677103  0.607241  0.006364  -0.087120  0.031047  -2.452606  0.224436  0.415967  1.000000  
220.022877 0.014038  0.040181  -0.023492  0.824137  0.004708  0.566371  -0.385243  0.737686  0.554443  -0.415194  -0.675127  0.609768  0.006622  -0.087085  0.030976  -2.488546  0.220915  0.419415  1.000000  
220.024131 0.014050  0.040077  -0.023456  0.824100  0.007552  0.566394  -0.385846  0.739542  0.551544  -0.414707  -0.673068  0.612370  0.006894  -0.086839  0.031138  -2.527993  0.210887  0.423665  1.000000  
220.025391 0.014063  0.039974  -0.023419  0.824113  0.010477  0.566329  -0.386473  0.741347  0.548674  -0.414098  -0.671040  0.615003  0.007086  -0.086931  0.031483  -2.578572  0.201467  0.431116  1.000000  
220.026624 0.014073  0.039870  -0.023379  0.824154  0.013168  0.566213  -0.386906  0.743182  0.545880  -0.413611  -0.668960  0.617591  0.007316  -0.087138  0.031899  -2.612242  0.196230  0.430988  1.000000  
220.027689 0.014081  0.039785  -0.023346  0.824115  0.015668  0.566206  -0.387509  0.744672  0.543415  -0.413123  -0.667246  0.619767  0.007334  -0.086231  0.031681  -2.654629  0.181523  0.442210  1.000000  
220.028873 0.014090  0.039678  -0.023305  0.824205  0.018575  0.565986  -0.387966  0.746579  0.540465  -0.412514  -0.665037  0.622541  0.007541  -0.086748  0.031934  -2.706898  0.172101  0.446864  1.000000  
220.029874 0.014097  0.039592  -0.023272  0.824295  0.021001  0.565771  -0.388423  0.748017  0.538143  -0.411905  -0.663347  0.624744  0.007564  -0.086133  0.031627  -2.742358  0.166840  0.458249  1.000000  
220.030937 0.014103  0.039506  -0.023240  0.824304  0.023649  0.565653  -0.389049  0.749507  0.535611  -0.411295  -0.661574  0.627022  0.007578  -0.085468  0.031219  -2.781756  0.159747  0.468982  1.000000  
220.032142 0.014112  0.039397  -0.023201  0.824492  0.026849  0.565237  -0.389553  0.751435  0.532535  -0.410441  -0.659260  0.630011  0.007821  -0.085361  0.030970  -2.836812  0.158082  0.484322  1.000000  
220.033476 0.014121  0.039289  -0.023163  0.824598  0.030133  0.564916  -0.390227  0.753280  0.529427  -0.409587  -0.657010  0.632912  0.007892  -0.084631  0.030547  -2.867349  0.153991  0.504582  1.000000  
220.034626 0.014133  0.039182  -0.023125  0.824784  0.033259  0.564470  -0.390730  0.755117  0.526430  -0.408732  -0.654746  0.635803  0.008135  -0.085002  0.030726  -2.911635  0.157378  0.523334  1.000000  
220.035629 0.014142  0.039098  -0.023094  0.824838  0.035911  0.564227  -0.391380  0.756463  0.524008  -0.407999  -0.653049  0.638015  0.008315  -0.084924  0.030809  -2.933218  0.155442  0.537905  1.000000  
220.036630 0.014153  0.039015  -0.023063  0.824973  0.038543  0.563857  -0.391860  0.757936  0.521516  -0.407266  -0.651190  0.640380  0.008454  -0.084666  0.030935  -2.974946  0.155011  0.556978  1.000000  
220.037881 0.014167  0.038911  -0.023024  0.825155  0.041730  0.563362  -0.392363  0.759802  0.518413  -0.406411  -0.648814  0.643328  0.008606  -0.084578  0.031295  -3.014250  0.158331  0.573880  1.000000  
220.039131 0.014181  0.038807  -0.022986  0.825337  0.044913  0.562851  -0.392866  0.761655  0.515303  -0.405555  -0.646424  0.646267  0.008687  -0.084615  0.031372  -3.059953  0.158539  0.593028  1.000000  
220.040134 0.014191  0.038724  -0.022957  0.825518  0.047615  0.562364  -0.393369  0.763060  0.512835  -0.404698  -0.644571  0.648650  0.008728  -0.084799  0.031330  -3.084791  0.163103  0.614186  1.000000  
220.041379 0.014202  0.038617  -0.022923  0.825714  0.051105  0.561769  -0.394089  0.764804  0.509675  -0.403597  -0.642233  0.651649  0.008723  -0.084927  0.030887  -3.121041  0.175994  0.640813  1.000000  
220.042511 0.014210  0.038530  -0.022898  0.825925  0.053634  0.561223  -0.394398  0.766299  0.507185  -0.402862  -0.640242  0.654058  0.008709  -0.084705  0.030258  -3.146609  0.180122  0.653357  1.000000  
220.043637 0.014218  0.038420  -0.022868  0.826118  0.057251  0.560581  -0.395117  0.768140  0.503829  -0.401760  -0.637717  0.657195  0.008674  -0.085377  0.029706  -3.211116  0.185286  0.686222  1.000000  
220.044873 0.014226  0.038308  -0.022839  0.826391  0.060637  0.559822  -0.395666  0.769917  0.500676  -0.400657  -0.635256  0.660245  0.008566  -0.085610  0.028872  -3.232828  0.199488  0.702283  1.000000  
220.046123 0.014233  0.038195  -0.022809  0.826792  0.063936  0.558862  -0.396067  0.771657  0.497671  -0.399431  -0.632817  0.663323  0.008542  -0.085959  0.028154  -3.267923  0.222636  0.726992  1.000000  
220.047124 0.014238  0.038104  -0.022784  0.826966  0.066685  0.558283  -0.396569  0.773060  0.495086  -0.398572  -0.630818  0.665740  0.008410  -0.086312  0.027850  -3.290314  0.225986  0.741914  1.000000  
220.048131 0.014244  0.038012  -0.022757  0.827317  0.069490  0.557421  -0.396947  0.774455  0.492597  -0.397467  -0.628800  0.668304  0.008345  -0.087137  0.027696  -3.310043  0.250594  0.759031  1.000000  
220.049384 0.014252  0.037899  -0.022722  0.827632  0.073066  0.556495  -0.397518  0.776266  0.489276  -0.396239  -0.626157  0.671507  0.008055  -0.086911  0.027311  -3.349364  0.264665  0.778713  1.000000  
220.050624 0.014260  0.037786  -0.022685  0.828075  0.076415  0.555385  -0.397940  0.777923  0.486291  -0.394887  -0.623696  0.674587  0.007833  -0.087490  0.027305  -3.369030  0.290426  0.797671  1.000000  
220.051624 0.014266  0.037696  -0.022655  0.828373  0.079128  0.554560  -0.398293  0.779325  0.483752  -0.393904  -0.621604  0.677088  0.007554  -0.088009  0.027244  -3.388002  0.312817  0.807761  1.000000  
220.052641 0.014272  0.037604  -0.022625  0.828636  0.082072  0.553739  -0.398840  0.780664  0.481134  -0.392797  -0.619538  0.679620  0.007122  -0.088580  0.027051  -3.413724  0.333850  0.828885  1.000000  
220.053877 0.014279  0.037488  -0.022590  0.829074  0.085535  0.552558  -0.399261  0.782405  0.477947  -0.391443  -0.616868  0.682822  0.006708  -0.089353  0.026935  -3.438323  0.368563  0.841377  1.000000  
220.054902 0.014282  0.037394  -0.022562  0.829333  0.088602  0.551685  -0.399807  0.783839  0.475133  -0.390334  -0.614611  0.685487  0.006174  -0.090043  0.026716  -3.462896  0.386860  0.855164  1.000000  
220.056140 0.014285  0.037275  -0.022529  0.829768  0.091983  0.550477  -0.400227  0.785496  0.472032  -0.388979  -0.611993  0.688593  0.005607  -0.090949  0.026677  -3.482769  0.421668  0.867057  1.000000  
220.057149 0.014285  0.037178  -0.022503  0.830024  0.094970  0.549582  -0.400772  0.786851  0.469306  -0.387869  -0.609792  0.691166  0.005146  -0.091870  0.026797  -3.509146  0.441361  0.883023  1.000000  
220.058378 0.014284  0.037056  -0.022469  0.830325  0.098558  0.548494  -0.401339  0.788612  0.465852  -0.386636  -0.606941  0.694360  0.004503  -0.092543  0.027013  -3.533745  0.460399  0.893123  1.000000  
220.059626 0.014282  0.036933  -0.022434  0.830625  0.102138  0.547385  -0.401906  0.790357  0.462393  -0.385401  -0.604072  0.697540  0.003814  -0.093199  0.027460  -3.554106  0.481624  0.901791  1.000000  
220.060873 0.014279  0.036808  -0.022398  0.830932  0.106018  0.546179  -0.402688  0.791994  0.458898  -0.383919  -0.601253  0.700786  0.003188  -0.093975  0.027830  -3.580912  0.504768  0.916191  1.000000  
220.061874 0.014277  0.036707  -0.022367  0.831136  0.108909  0.545300  -0.403209  0.793335  0.456117  -0.382931  -0.598965  0.703282  0.002596  -0.094701  0.028292  -3.588542  0.514942  0.923608  1.000000  
220.062874 0.014274  0.036607  -0.022335  0.831338  0.111728  0.544421  -0.403730  0.794610  0.453429  -0.381942  -0.596752  0.705697  0.002074  -0.095290  0.028602  -3.600710  0.527189  0.928230  1.000000  
220.064130 0.014271  0.036482  -0.022296  0.831593  0.115382  0.543268  -0.404489  0.796129  0.450075  -0.380581  -0.594025  0.708726  0.001318  -0.096102  0.028862  -3.610608  0.539060  0.941760  1.000000  
220.065373 0.014268  0.036355  -0.022257  0.831762  0.119324  0.542156  -0.405418  0.797717  0.446412  -0.379220  -0.591109  0.711887  0.000682  -0.096954  0.028991  -3.633947  0.551295  0.955498  1.000000  
220.066375 0.014266  0.036252  -0.022225  0.832005  0.122196  0.541143  -0.405961  0.798921  0.443757  -0.378105  -0.588891  0.714313  0.000070  -0.097765  0.029142  -3.646372  0.564351  0.962975  1.000000  
220.067624 0.014263  0.036121  -0.022184  0.832215  0.126128  0.539917  -0.406912  0.800389  0.440228  -0.376618  -0.586063  0.717418  -0.000646  -0.098973  0.029388  -3.663083  0.576331  0.984937  1.000000  
220.068630 0.014259  0.036015  -0.022151  0.832325  0.129149  0.539033  -0.407603  0.801631  0.437318  -0.375626  -0.583702  0.719859  -0.001254  -0.099799  0.029744  -3.677277  0.581987  0.993637  1.000000  
220.069633 0.014255  0.035907  -0.022115  0.832478  0.132168  0.538062  -0.408316  0.802775  0.434546  -0.374510  -0.581449  0.722260  -0.001873  -0.100952  0.030340  -3.686254  0.593754  1.002551  1.000000  
220.070877 0.014248  0.035772  -0.022070  0.832596  0.136309  0.536846  -0.409437  0.804221  0.430801  -0.373021  -0.578488  0.725401  -0.002406  -0.101870  0.031121  -3.706527  0.595517  1.023477  1.000000  
220.071886 0.014241  0.035661  -0.022030  0.832746  0.139381  0.535824  -0.410150  0.805391  0.427928  -0.371903  -0.576123  0.727853  -0.002978  -0.102921  0.032058  -3.727566  0.599599  1.036391  1.000000  
220.073127 0.014232  0.035523  -0.021981  0.832813  0.143372  0.534666  -0.411249  0.806784  0.424234  -0.370537  -0.573188  0.730861  -0.003500  -0.103975  0.033110  -3.736145  0.604030  1.054057  1.000000  
220.074374 0.014223  0.035384  -0.021931  0.832921  0.147358  0.533412  -0.412369  0.808072  0.420679  -0.369045  -0.570355  0.733826  -0.003961  -0.104978  0.034064  -3.744445  0.605542  1.074052  1.000000  
220.075374 0.014215  0.035272  -0.021890  0.832935  0.150509  0.532510  -0.413230  0.809204  0.417647  -0.368050  -0.567922  0.736209  -0.004350  -0.105883  0.034935  -3.757416  0.600851  1.081738  1.000000  
220.076627 0.014205  0.035133  -0.021842  0.833034  0.154242  0.531285  -0.414135  0.810608  0.414013  -0.366806  -0.564911  0.739141  -0.004856  -0.106723  0.035541  -3.769951  0.600490  1.091827  1.000000  
220.077875 0.014194  0.034995  -0.021795  0.833046  0.158133  0.530121  -0.415211  0.811961  0.410268  -0.365560  -0.561884  0.742060  -0.005352  -0.107596  0.036103  -3.785149  0.585379  1.106351  1.000000  
220.079124 0.014184  0.034856  -0.021747  0.833055  0.161889  0.528972  -0.416286  0.813196  0.406717  -0.364315  -0.559021  0.744829  -0.005814  -0.108460  0.036595  -3.784796  0.577782  1.118870  1.000000  
220.080130 0.014175  0.034743  -0.021709  0.833060  0.164888  0.528037  -0.417146  0.814170  0.403875  -0.363318  -0.556721  0.747035  -0.006317  -0.109275  0.037143  -3.790122  0.568844  1.131244  1.000000  
220.081374 0.014163  0.034600  -0.021659  0.833107  0.168760  0.526737  -0.418243  0.815388  0.400268  -0.361946  -0.553771  0.749889  -0.006840  -0.110147  0.037715  -3.797695  0.559227  1.145448  1.000000  
220.082624 0.014150  0.034455  -0.021607  0.833108  0.172794  0.525427  -0.419533  0.816471  0.396697  -0.360449  -0.550925  0.752701  -0.007488  -0.111074  0.038515  -3.805011  0.551555  1.166372  1.000000  
220.083874 0.014137  0.034307  -0.021552  0.833148  0.176585  0.524101  -0.420629  0.817603  0.393187  -0.359076  -0.548035  0.755461  -0.008088  -0.112095  0.039330  -3.804567  0.540131  1.183425  1.000000  
220.084874 0.014125  0.034187  -0.021508  0.833100  0.179729  0.523108  -0.421681  0.818406  0.390380  -0.357952  -0.545811  0.757602  -0.008592  -0.112959  0.039938  -3.798600  0.532582  1.197627  1.000000  
220.085894 0.014113  0.034065  -0.021462  0.833136  0.182700  0.522020  -0.422562  0.819234  0.387681  -0.356827  -0.543577  0.759736  -0.009041  -0.113641  0.040474  -3.796424  0.521789  1.213948  1.000000  
220.087134 0.014097  0.033910  -0.021406  0.833081  0.186637  0.520713  -0.423828  0.820283  0.384064  -0.355452  -0.540650  0.762464  -0.009554  -0.114868  0.040924  -3.796858  0.513483  1.228384  1.000000  
220.088135 0.014083  0.033787  -0.021361  0.833025  0.189765  0.519672  -0.424880  0.821048  0.381259  -0.354326  -0.538396  0.764580  -0.010027  -0.115746  0.041284  -3.788093  0.506643  1.248417  1.000000  
220.089379 0.014066  0.033632  -0.021306  0.833051  0.193455  0.518268  -0.425974  0.822056  0.377849  -0.352949  -0.535536  0.767221  -0.010545  -0.116801  0.041627  -3.778950  0.503608  1.264624  1.000000  
220.090627 0.014049  0.033479  -0.021253  0.833027  0.197306  0.516853  -0.427261  0.822930  0.374480  -0.351446  -0.532782  0.769824  -0.011009  -0.117726  0.041893  -3.765027  0.496969  1.278053  1.000000  
220.091873 0.014031  0.033327  -0.021198  0.833046  0.200852  0.515454  -0.428354  0.823815  0.371271  -0.350068  -0.530083  0.772311  -0.011468  -0.118695  0.042374  -3.748853  0.496414  1.289341  1.000000  
220.093123 0.014014  0.033175  -0.021142  0.833061  0.204453  0.514011  -0.429447  0.824730  0.367963  -0.348689  -0.527276  0.774852  -0.011962  -0.119601  0.042998  -3.740950  0.495224  1.297904  1.000000  
220.094123 0.013999  0.033053  -0.021095  0.833080  0.207315  0.512834  -0.430325  0.825426  0.365367  -0.347560  -0.525065  0.776858  -0.012316  -0.120227  0.043463  -3.733481  0.493914  1.309541  1.000000  
220.095124 0.013984  0.032930  -0.021047  0.833055  0.210109  0.511736  -0.431182  0.826144  0.362723  -0.346556  -0.522819  0.778819  -0.012765  -0.120931  0.044132  -3.714143  0.492034  1.310505  1.000000  
220.096130 0.013968  0.032806  -0.020998  0.833029  0.212897  0.510625  -0.432038  0.826853  0.360079  -0.345552  -0.520566  0.780772  -0.013217  -0.121591  0.044789  -3.705414  0.484807  1.316572  1.000000  
220.097374 0.013947  0.032651  -0.020937  0.832945  0.216515  0.509239  -0.433301  0.827584  0.356869  -0.344171  -0.517906  0.783147  -0.013774  -0.122210  0.045380  -3.685444  0.478766  1.322898  1.000000  
220.098624 0.013925  0.032493  -0.020876  0.832946  0.219953  0.507761  -0.434392  0.828344  0.353766  -0.342788  -0.515235  0.785512  -0.014380  -0.122998  0.045852  -3.663465  0.482750  1.328937  1.000000  
220.099874 0.013902  0.032333  -0.020814  0.832945  0.223445  0.506236  -0.435482  0.829132  0.350563  -0.341405  -0.512457  0.787928  -0.014878  -0.123633  0.046229  -3.644979  0.484339  1.332612  1.000000  
220.100874 0.013883  0.032203  -0.020764  0.832860  0.226316  0.505099  -0.436530  0.829632  0.348069  -0.340273  -0.510384  0.789761  -0.015341  -0.124316  0.046590  -3.621368  0.480997  1.333638  1.000000  
220.102124 0.013859  0.032041  -0.020701  0.832893  0.229790  0.503474  -0.437641  0.830321  0.345019  -0.338763  -0.507704  0.792134  -0.015840  -0.124718  0.047023  -3.595141  0.486323  1.340130  1.000000  
