1-Time 2-Px 3-Py 4-Pz 5-R11 6-R21 7-R31 8-R12 9-R22 10-R32 11-R13 12-R23 13-R33 14-Vx 15-Vy 16-Vz 17-Wx 18-Wy 19-Wz 20-state
44.922535 0.044031  -0.006852  0.004886  0.612762  0.584719  0.531627  -0.785150  0.374010  0.493615  0.089792  -0.719875  0.688271  0.005752  0.000807  -0.004204  0.233039  0.062676  -0.054113  1.000000  
44.923571 0.044036  -0.006850  0.004883  0.612762  0.584654  0.531698  -0.785150  0.373951  0.493660  0.089792  -0.719959  0.688184  0.006685  0.001764  -0.004259  0.229552  0.057714  -0.049317  1.000000  
44.924576 0.044027  -0.006858  0.004876  0.612762  0.584654  0.531698  -0.785150  0.373951  0.493660  0.089792  -0.719959  0.688184  -0.002684  -0.003596  -0.005945  0.217906  0.052749  -0.044521  1.000000  
44.925822 0.044002  -0.006873  0.004864  0.612600  0.584731  0.531800  -0.785276  0.373830  0.493551  0.089792  -0.719959  0.688184  -0.009659  -0.007051  -0.007223  0.000000  0.000000  0.000000  1.000000  
44.927069 0.043985  -0.006880  0.004856  0.612600  0.584731  0.531800  -0.785276  0.373830  0.493551  0.089792  -0.719959  0.688184  -0.010999  -0.006758  -0.007170  0.000000  0.000000  0.000000  1.000000  
44.928336 0.043975  -0.006880  0.004853  0.612600  0.584731  0.531800  -0.785276  0.373830  0.493551  0.089792  -0.719959  0.688184  -0.010246  -0.005082  -0.006040  0.000000  0.000000  0.000000  1.000000  
44.929576 0.043962  -0.006875  0.004851  0.612593  0.584790  0.531743  -0.785267  0.373754  0.493623  0.089925  -0.719950  0.688176  -0.010206  -0.003389  -0.005231  0.000000  0.000000  0.000000  1.000000  
44.930808 0.043940  -0.006870  0.004847  0.612431  0.584867  0.531845  -0.785393  0.373634  0.493514  0.089925  -0.719950  0.688176  -0.011476  -0.002330  -0.004934  0.000000  0.000000  0.000000  1.000000  
44.932058 0.043913  -0.006866  0.004839  0.612269  0.584944  0.531946  -0.785519  0.373513  0.493404  0.089925  -0.719950  0.688176  -0.012851  -0.001578  -0.005090  0.000000  0.000000  0.000000  1.000000  
44.933059 0.043894  -0.006863  0.004832  0.612269  0.584944  0.531946  -0.785519  0.373513  0.493404  0.089925  -0.719950  0.688176  -0.013437  -0.001064  -0.005268  0.000000  0.000000  0.000000  1.000000  
44.934074 0.043877  -0.006859  0.004824  0.612262  0.585003  0.531890  -0.785509  0.373437  0.493477  0.090058  -0.719941  0.688167  -0.013678  -0.000666  -0.005476  0.000000  0.000000  0.000000  1.000000  
44.935305 0.043857  -0.006854  0.004816  0.612100  0.585145  0.531920  -0.785635  0.373377  0.493322  0.090058  -0.719858  0.688255  -0.013967  -0.000198  -0.005630  0.000000  0.000000  0.000000  1.000000  
44.936555 0.043831  -0.006849  0.004811  0.612093  0.585204  0.531864  -0.785626  0.373301  0.493395  0.090191  -0.719849  0.688246  -0.014598  0.000209  -0.005482  0.000000  0.000000  0.000000  1.000000  
44.937802 0.043794  -0.006849  0.004806  0.611931  0.585281  0.531965  -0.785752  0.373180  0.493285  0.090191  -0.719849  0.688246  -0.015806  0.000153  -0.005360  0.000000  0.000000  0.000000  1.000000  
44.938803 0.043759  -0.006858  0.004800  0.611923  0.585405  0.531838  -0.785742  0.373164  0.493313  0.090325  -0.719757  0.688325  -0.018461  -0.000477  -0.005430  0.000000  0.000000  0.000000  1.000000  
44.939804 0.043724  -0.006868  0.004793  0.612085  0.585392  0.531665  -0.785616  0.373345  0.493377  0.090325  -0.719673  0.688412  -0.019901  -0.000490  -0.005357  0.000000  0.000000  0.000000  1.000000  
44.940809 0.043690  -0.006878  0.004785  0.612085  0.585392  0.531665  -0.785616  0.373345  0.493377  0.090325  -0.719673  0.688412  -0.020828  -0.000332  -0.005330  0.000000  0.000000  0.000000  1.000000  
44.941809 0.043658  -0.006882  0.004776  0.612247  0.585380  0.531492  -0.785490  0.373525  0.493441  0.090325  -0.719590  0.688500  -0.021935  -0.000122  -0.005415  0.000000  0.000000  0.000000  1.000000  
44.943056 0.043619  -0.006880  0.004770  0.612254  0.585385  0.531478  -0.785500  0.373661  0.493323  0.090191  -0.719515  0.688595  -0.023904  -0.000024  -0.005506  0.000000  0.000000  0.000000  1.000000  
44.944062 0.043587  -0.006875  0.004769  0.612416  0.585373  0.531305  -0.785374  0.373841  0.493387  0.090191  -0.719432  0.688683  -0.025514  0.000069  -0.005504  0.000000  0.000000  0.000000  1.000000  
44.945304 0.043548  -0.006869  0.004766  0.612585  0.585301  0.531190  -0.785257  0.374097  0.493378  0.090058  -0.719357  0.688778  -0.026806  0.000198  -0.005480  0.000000  0.000000  0.000000  1.000000  
44.946554 0.043510  -0.006862  0.004760  0.612916  0.585152  0.530972  -0.785014  0.374474  0.493479  0.089925  -0.719282  0.688874  -0.027505  0.000365  -0.005471  0.000000  0.000000  0.000000  1.000000  
44.947803 0.043474  -0.006857  0.004751  0.613239  0.585062  0.530698  -0.784762  0.374775  0.493652  0.089925  -0.719198  0.688961  -0.028265  0.000439  -0.005523  0.000000  0.000000  0.000000  1.000000  
44.948803 0.043445  -0.006853  0.004745  0.613408  0.584990  0.530582  -0.784645  0.375031  0.493643  0.089792  -0.719123  0.689057  -0.029082  0.000517  -0.005490  0.000000  0.000000  0.000000  1.000000  
44.950053 0.043406  -0.006847  0.004739  0.613731  0.584964  0.530237  -0.784393  0.375392  0.493771  0.089792  -0.718956  0.689231  -0.030346  0.000539  -0.005217  0.000000  0.000000  0.000000  1.000000  
44.951054 0.043373  -0.006846  0.004737  0.613900  0.584892  0.530121  -0.784276  0.375648  0.493762  0.089658  -0.718881  0.689327  -0.031322  0.000283  -0.005055  0.000000  0.000000  0.000000  1.000000  
44.952059 0.043337  -0.006847  0.004735  0.614061  0.584815  0.530020  -0.784149  0.375768  0.493871  0.089658  -0.718881  0.689327  -0.032052  0.000097  -0.004858  0.000000  0.000000  0.000000  1.000000  
44.953302 0.043290  -0.006852  0.004732  0.614384  0.584788  0.529674  -0.783896  0.376129  0.493998  0.089658  -0.718714  0.689501  -0.032445  0.000048  -0.004724  0.000000  0.000000  0.000000  1.000000  
44.954303 0.043253  -0.006858  0.004725  0.614707  0.584698  0.529400  -0.783643  0.376429  0.494170  0.089658  -0.718630  0.689588  -0.032578  0.000305  -0.004836  0.000000  0.000000  0.000000  1.000000  
44.955553 0.043206  -0.006862  0.004714  0.615029  0.584671  0.529055  -0.783390  0.376790  0.494297  0.089658  -0.718463  0.689762  -0.032833  0.000940  -0.004888  0.000000  0.000000  0.000000  1.000000  
44.956562 0.043166  -0.006862  0.004706  0.615191  0.584658  0.528882  -0.783264  0.376970  0.494360  0.089658  -0.718379  0.689850  -0.033342  0.001350  -0.004730  0.000000  0.000000  0.000000  1.000000  
44.957806 0.043118  -0.006857  0.004699  0.615521  0.584443  0.528735  -0.783020  0.377287  0.494505  0.089525  -0.718388  0.689858  -0.033923  0.001598  -0.004801  0.000000  0.000000  0.000000  1.000000  
44.958807 0.043081  -0.006850  0.004695  0.615689  0.584370  0.528620  -0.782902  0.377542  0.494495  0.089392  -0.718313  0.689953  -0.034297  0.001716  -0.004956  0.000000  0.000000  0.000000  1.000000  
44.960063 0.043036  -0.006839  0.004690  0.616011  0.584278  0.528345  -0.782649  0.377843  0.494667  0.089392  -0.718229  0.690040  -0.034634  0.002046  -0.005129  0.000000  0.000000  0.000000  1.000000  
44.961302 0.042988  -0.006827  0.004683  0.616341  0.584127  0.528128  -0.782404  0.378219  0.494766  0.089259  -0.718154  0.690136  -0.035298  0.002441  -0.005248  -0.103771  0.103060  -0.129682  1.000000  
44.962305 0.042945  -0.006819  0.004675  0.616670  0.583912  0.527981  -0.782160  0.378535  0.494911  0.089125  -0.718163  0.690144  -0.036372  0.002587  -0.005262  -0.105540  0.114715  -0.147011  1.000000  
44.963552 0.042889  -0.006813  0.004666  0.616839  0.583839  0.527866  -0.782042  0.378791  0.494901  0.088992  -0.718088  0.690239  -0.037565  0.002686  -0.005342  -0.110189  0.116560  -0.154976  1.000000  
44.964553 0.042843  -0.006809  0.004661  0.617000  0.583825  0.527693  -0.781915  0.378971  0.494964  0.088992  -0.718004  0.690327  -0.038750  0.002690  -0.005391  -0.114923  0.118462  -0.163020  1.000000  
44.965801 0.042784  -0.006805  0.004656  0.617168  0.583751  0.527577  -0.781798  0.379227  0.494954  0.088859  -0.717929  0.690422  -0.039764  0.002734  -0.005437  -0.116084  0.125169  -0.175641  1.000000  
44.966803 0.042736  -0.006804  0.004651  0.617329  0.583737  0.527405  -0.781671  0.379407  0.495017  0.088859  -0.717845  0.690509  -0.040752  0.002914  -0.005709  -0.122374  0.133028  -0.189888  1.000000  
44.967804 0.042684  -0.006805  0.004644  0.617483  0.583782  0.527175  -0.781534  0.379512  0.495152  0.088992  -0.717753  0.690588  -0.041685  0.003147  -0.006106  -0.127076  0.141091  -0.191403  1.000000  
44.969052 0.042618  -0.006807  0.004632  0.617483  0.583846  0.527104  -0.781534  0.379572  0.495106  0.088992  -0.717669  0.690675  -0.042985  0.003280  -0.006345  -0.126491  0.133001  -0.189924  1.000000  
44.970056 0.042566  -0.006808  0.004623  0.617475  0.583970  0.526976  -0.781525  0.379556  0.495132  0.089125  -0.717577  0.690754  -0.044014  0.003630  -0.006339  -0.126538  0.136126  -0.186741  1.000000  
44.971301 0.042505  -0.006803  0.004612  0.617636  0.583892  0.526874  -0.781398  0.379677  0.495241  0.089125  -0.717577  0.690754  -0.044698  0.003960  -0.006414  -0.122036  0.139891  -0.189897  1.000000  
44.972303 0.042459  -0.006795  0.004605  0.617636  0.583956  0.526803  -0.781398  0.379737  0.495195  0.089125  -0.717493  0.690841  -0.045198  0.004286  -0.006479  -0.121412  0.134928  -0.185168  1.000000  
44.973312 0.042412  -0.006787  0.004598  0.617636  0.583956  0.526803  -0.781398  0.379737  0.495195  0.089125  -0.717493  0.690841  -0.045987  0.004395  -0.006642  -0.122375  0.139129  -0.183417  1.000000  
44.974555 0.042351  -0.006776  0.004589  0.617644  0.583896  0.526860  -0.781407  0.379812  0.495122  0.088992  -0.717501  0.690849  -0.046863  0.004446  -0.006921  -0.117046  0.129196  -0.173907  1.000000  
44.975556 0.042302  -0.006769  0.004581  0.617644  0.583896  0.526860  -0.781407  0.379812  0.495122  0.088992  -0.717501  0.690849  -0.047827  0.004265  -0.007160  -0.111430  0.123198  -0.167757  1.000000  
44.976807 0.042238  -0.006762  0.004567  0.617804  0.583818  0.526758  -0.781280  0.379932  0.495231  0.088992  -0.717501  0.690849  -0.048673  0.003988  -0.007392  -0.107635  0.122344  -0.161126  1.000000  
44.978053 0.042173  -0.006759  0.004551  0.617965  0.583676  0.526727  -0.781153  0.379992  0.495385  0.088992  -0.717585  0.690762  -0.049212  0.003728  -0.007847  -0.094628  0.121338  -0.159821  1.000000  
44.979303 0.042106  -0.006757  0.004535  0.618133  0.583538  0.526683  -0.781035  0.380188  0.495421  0.088859  -0.717594  0.690770  -0.049941  0.003475  -0.008524  -0.090696  0.117372  -0.156389  1.000000  
44.980553 0.042038  -0.006757  0.004523  0.618133  0.583538  0.526683  -0.781035  0.380188  0.495421  0.088859  -0.717594  0.690770  -0.050581  0.003257  -0.008937  -0.085275  0.114550  -0.147148  1.000000  
44.981803 0.041972  -0.006756  0.004511  0.618302  0.583400  0.526638  -0.780917  0.380383  0.495457  0.088725  -0.717602  0.690778  -0.050950  0.003177  -0.009342  -0.080606  0.106521  -0.145634  1.000000  
44.983052 0.041907  -0.006756  0.004496  0.618630  0.583120  0.526562  -0.780671  0.380638  0.495648  0.088592  -0.717695  0.690700  -0.050895  0.003348  -0.009754  -0.068466  0.103425  -0.148860  1.000000  
44.984059 0.041857  -0.006757  0.004482  0.618791  0.583042  0.526460  -0.780544  0.380758  0.495756  0.088592  -0.717695  0.690700  -0.050669  0.003437  -0.010024  -0.064332  0.099292  -0.145308  1.000000  
44.985304 0.041796  -0.006754  0.004463  0.619112  0.582885  0.526256  -0.780289  0.380999  0.495973  0.088592  -0.717695  0.690700  -0.050539  0.003552  -0.010536  -0.056189  0.099292  -0.145346  1.000000  
44.986553 0.041737  -0.006747  0.004448  0.619273  0.582806  0.526154  -0.780162  0.381119  0.496081  0.088592  -0.717695  0.690700  -0.050445  0.003622  -0.010775  -0.051695  0.098490  -0.144190  1.000000  
44.987553 0.041692  -0.006740  0.004437  0.619602  0.582526  0.526078  -0.779916  0.381373  0.496272  0.088459  -0.717787  0.690621  -0.050386  0.003556  -0.011055  -0.048229  0.103407  -0.148891  1.000000  
44.988816 0.041636  -0.006731  0.004423  0.619923  0.582305  0.525944  -0.779661  0.381553  0.496534  0.088459  -0.717871  0.690534  -0.050122  0.003317  -0.011487  -0.039830  0.102369  -0.142048  1.000000  
44.989820 0.041590  -0.006726  0.004410  0.620251  0.582088  0.525797  -0.779415  0.381868  0.496679  0.088326  -0.717879  0.690542  -0.049931  0.003134  -0.011882  -0.036364  0.104232  -0.150097  1.000000  
44.991055 0.041529  -0.006722  0.004391  0.620732  0.581788  0.525561  -0.779031  0.382167  0.497050  0.088326  -0.717963  0.690455  -0.049838  0.002940  -0.012312  -0.028818  0.112332  -0.151654  1.000000  
44.992061 0.041478  -0.006720  0.004375  0.621060  0.581571  0.525413  -0.778785  0.382482  0.497194  0.088192  -0.717971  0.690463  -0.049811  0.002717  -0.012627  -0.028557  0.111412  -0.150411  1.000000  
44.993304 0.041411  -0.006719  0.004353  0.621549  0.581211  0.525234  -0.778411  0.382856  0.497492  0.088059  -0.718064  0.690384  -0.049855  0.002657  -0.013005  -0.021841  0.122276  -0.161215  1.000000  
44.994346 0.041357  -0.006719  0.004338  0.621876  0.580930  0.525158  -0.778164  0.383109  0.497683  0.087926  -0.718156  0.690305  -0.049713  0.002659  -0.013133  -0.014267  0.123963  -0.169007  1.000000  
44.995555 0.041289  -0.006716  0.004320  0.622357  0.580693  0.524850  -0.777780  0.383468  0.498007  0.087926  -0.718156  0.690305  -0.049835  0.002710  -0.013594  -0.011418  0.137170  -0.175550  1.000000  
44.996555 0.041236  -0.006713  0.004306  0.622684  0.580411  0.524773  -0.777532  0.383722  0.498198  0.087793  -0.718248  0.690226  -0.049896  0.002891  -0.013878  -0.003861  0.139028  -0.183577  1.000000  
44.997802 0.041170  -0.006707  0.004287  0.623172  0.580114  0.524523  -0.777157  0.384155  0.498450  0.087659  -0.718257  0.690234  -0.049973  0.003359  -0.014158  -0.000998  0.141547  -0.197984  1.000000  
44.998803 0.041117  -0.006700  0.004270  0.623652  0.579813  0.524286  -0.776772  0.384453  0.498820  0.087659  -0.718340  0.690147  -0.050184  0.003805  -0.014389  0.005314  0.157630  -0.213963  1.000000  
44.999803 0.041064  -0.006693  0.004253  0.623979  0.579594  0.524138  -0.776524  0.384767  0.498964  0.087526  -0.718349  0.690155  -0.050468  0.004149  -0.014471  0.004058  0.159997  -0.228097  1.000000  
45.001053 0.040998  -0.006682  0.004235  0.624298  0.579436  0.523933  -0.776267  0.385005  0.499180  0.087526  -0.718349  0.690155  -0.050960  0.004461  -0.014648  0.006889  0.169846  -0.237595  1.000000  
45.002053 0.040947  -0.006672  0.004220  0.624625  0.579154  0.523855  -0.776019  0.385258  0.499370  0.087393  -0.718441  0.690076  -0.051271  0.004747  -0.014878  0.010346  0.171703  -0.245547  1.000000  
45.003303 0.040881  -0.006660  0.004204  0.625105  0.578916  0.523547  -0.775633  0.385616  0.499694  0.087393  -0.718441  0.690076  -0.051881  0.004955  -0.015091  0.012575  0.186510  -0.259828  1.000000  
45.004552 0.040813  -0.006649  0.004186  0.625431  0.578696  0.523399  -0.775385  0.385929  0.499837  0.087259  -0.718449  0.690084  -0.052591  0.005190  -0.015172  0.011405  0.196331  -0.269257  1.000000  
45.005553 0.040756  -0.006642  0.004171  0.625750  0.578537  0.523193  -0.775127  0.386167  0.500053  0.087259  -0.718449  0.690084  -0.053192  0.005371  -0.015230  0.010195  0.206181  -0.278728  1.000000  
45.006563 0.040696  -0.006637  0.004156  0.626070  0.578378  0.522987  -0.774870  0.386405  0.500268  0.087259  -0.718449  0.690084  -0.053895  0.005661  -0.015154  0.009668  0.212819  -0.285764  1.000000  
45.007815 0.040619  -0.006630  0.004136  0.626396  0.578095  0.522909  -0.774621  0.386657  0.500459  0.087126  -0.718541  0.690005  -0.054556  0.006023  -0.015042  0.009081  0.214664  -0.293698  1.000000  
45.009057 0.040543  -0.006624  0.004118  0.626874  0.577856  0.522600  -0.774234  0.387014  0.500781  0.087126  -0.718541  0.690005  -0.055328  0.006461  -0.014926  0.007889  0.227775  -0.300089  1.000000  
45.010060 0.040482  -0.006616  0.004105  0.627200  0.577637  0.522452  -0.773985  0.387327  0.500925  0.086993  -0.718550  0.690013  -0.055637  0.006860  -0.014836  0.006697  0.234567  -0.312846  1.000000  
45.011304 0.040407  -0.006605  0.004089  0.627526  0.577416  0.522304  -0.773735  0.387639  0.501068  0.086860  -0.718558  0.690021  -0.056189  0.007380  -0.014724  0.006142  0.239588  -0.317691  1.000000  
45.012306 0.040346  -0.006595  0.004074  0.627852  0.577133  0.522226  -0.773486  0.387891  0.501259  0.086726  -0.718650  0.689942  -0.056794  0.007680  -0.014672  0.009638  0.241447  -0.325678  1.000000  
45.013553 0.040271  -0.006580  0.004056  0.628337  0.576833  0.521974  -0.773107  0.388322  0.501509  0.086593  -0.718659  0.689950  -0.057379  0.008151  -0.014537  0.005009  0.246467  -0.330480  1.000000  
45.014562 0.040212  -0.006568  0.004041  0.628662  0.576612  0.521826  -0.772857  0.388634  0.501653  0.086460  -0.718667  0.689958  -0.057710  0.008493  -0.014415  0.004429  0.248230  -0.338376  1.000000  
45.015803 0.040140  -0.006552  0.004022  0.629154  0.576250  0.521632  -0.772487  0.389139  0.501832  0.086193  -0.718684  0.689974  -0.058057  0.008843  -0.014435  0.003249  0.249944  -0.351606  1.000000  
45.016803 0.040082  -0.006539  0.004009  0.629639  0.575886  0.521451  -0.772107  0.389509  0.502129  0.086060  -0.718776  0.689895  -0.058502  0.008991  -0.014329  0.002730  0.257058  -0.359305  1.000000  
45.017803 0.040024  -0.006528  0.003996  0.629964  0.575665  0.521302  -0.771856  0.389820  0.502273  0.085926  -0.718784  0.689903  -0.059020  0.009075  -0.014296  0.002760  0.254059  -0.362714  1.000000  
45.018817 0.039964  -0.006519  0.003984  0.630289  0.575443  0.521154  -0.771606  0.390132  0.502416  0.085793  -0.718792  0.689911  -0.059416  0.009073  -0.014123  -0.001289  0.250703  -0.365564  1.000000  
45.020055 0.039889  -0.006509  0.003967  0.630772  0.575141  0.520902  -0.771225  0.390561  0.502666  0.085660  -0.718801  0.689919  -0.059714  0.009117  -0.014099  -0.001818  0.253688  -0.367462  1.000000  
45.021056 0.039828  -0.006503  0.003954  0.631256  0.574776  0.520719  -0.770845  0.390930  0.502964  0.085527  -0.718893  0.689840  -0.059878  0.009196  -0.013968  -0.001804  0.252728  -0.373730  1.000000  
45.022305 0.039751  -0.006496  0.003936  0.631898  0.574393  0.520364  -0.770333  0.391478  0.503321  0.085393  -0.718901  0.689848  -0.059984  0.009122  -0.013872  -0.007023  0.262733  -0.383320  1.000000  
45.023311 0.039689  -0.006490  0.003924  0.632388  0.574029  0.520170  -0.769960  0.391981  0.503500  0.085127  -0.718917  0.689863  -0.059971  0.009201  -0.013723  -0.007529  0.264517  -0.391229  1.000000  
45.024558 0.039614  -0.006481  0.003909  0.632870  0.573662  0.519987  -0.769579  0.392349  0.503797  0.084993  -0.719009  0.689784  -0.059890  0.009330  -0.013520  -0.007468  0.264588  -0.391230  1.000000  
45.025558 0.039554  -0.006472  0.003897  0.633360  0.573235  0.519863  -0.769205  0.392790  0.504023  0.084727  -0.719109  0.689713  -0.059883  0.009342  -0.013399  -0.003895  0.266458  -0.399212  1.000000  
45.026808 0.039480  -0.006460  0.003883  0.634166  0.572644  0.519530  -0.768570  0.393467  0.504463  0.084460  -0.719209  0.689641  -0.059732  0.009362  -0.013277  -0.004429  0.265283  -0.410486  1.000000  
45.027826 0.039420  -0.006449  0.003869  0.634655  0.572279  0.519336  -0.768196  0.393969  0.504642  0.084193  -0.719225  0.689657  -0.059767  0.009249  -0.013163  -0.004925  0.266967  -0.418226  1.000000  
45.029055 0.039346  -0.006436  0.003852  0.635467  0.571626  0.519062  -0.767568  0.394719  0.505011  0.083793  -0.719333  0.689593  -0.059809  0.009150  -0.013050  -0.006018  0.267836  -0.437802  1.000000  
45.030058 0.039285  -0.006427  0.003838  0.635955  0.571196  0.518938  -0.767193  0.395159  0.505237  0.083527  -0.719433  0.689521  -0.059856  0.008926  -0.012949  -0.003000  0.272433  -0.446859  1.000000  
45.031302 0.039208  -0.006417  0.003822  0.636759  0.570603  0.518604  -0.766555  0.395834  0.505677  0.083260  -0.719533  0.689449  -0.060253  0.008534  -0.012879  -0.004104  0.281618  -0.463374  1.000000  
45.032303 0.039147  -0.006409  0.003810  0.637246  0.570173  0.518479  -0.766178  0.396273  0.505904  0.082993  -0.719633  0.689377  -0.060477  0.008272  -0.012857  -0.000546  0.280408  -0.474638  1.000000  
45.033554 0.039067  -0.006402  0.003794  0.638056  0.569517  0.518204  -0.765548  0.397020  0.506273  0.082593  -0.719740  0.689313  -0.060814  0.007950  -0.012877  0.002461  0.281068  -0.493932  1.000000  
45.034817 0.038987  -0.006396  0.003775  0.638700  0.569003  0.517974  -0.765039  0.397575  0.506606  0.082327  -0.719840  0.689241  -0.061144  0.007652  -0.013005  0.005472  0.287821  -0.506494  1.000000  
45.036060 0.038906  -0.006391  0.003757  0.639501  0.568345  0.517709  -0.764398  0.398185  0.507094  0.082060  -0.720023  0.689081  -0.061416  0.007426  -0.013041  0.012532  0.291741  -0.522719  1.000000  
45.037066 0.038841  -0.006388  0.003742  0.639987  0.567912  0.517583  -0.764020  0.398622  0.507321  0.081793  -0.720122  0.689009  -0.061632  0.007296  -0.013128  0.015511  0.295416  -0.538575  1.000000  
45.038307 0.038760  -0.006383  0.003724  0.640788  0.567315  0.517248  -0.763377  0.399293  0.507760  0.081527  -0.720222  0.688937  -0.061940  0.007137  -0.013291  0.013768  0.304872  -0.551693  1.000000  
45.039308 0.038696  -0.006377  0.003710  0.641266  0.566943  0.517062  -0.762990  0.399655  0.508058  0.081393  -0.720313  0.688857  -0.062157  0.007085  -0.013459  0.017999  0.304297  -0.559449  1.000000  
45.040555 0.038617  -0.006368  0.003692  0.642072  0.566220  0.516854  -0.762354  0.400336  0.508475  0.080993  -0.720504  0.688705  -0.062519  0.006940  -0.013664  0.025159  0.308190  -0.575604  1.000000  
45.041557 0.038553  -0.006360  0.003678  0.642550  0.565848  0.516668  -0.761966  0.400698  0.508773  0.080860  -0.720595  0.688625  -0.062846  0.006753  -0.013843  0.028156  0.318155  -0.585065  1.000000  
45.042558 0.038489  -0.006352  0.003663  0.643034  0.565350  0.516610  -0.761585  0.401071  0.509048  0.080593  -0.720778  0.688465  -0.063192  0.006606  -0.013979  0.031777  0.320093  -0.592947  1.000000  
45.043559 0.038425  -0.006345  0.003648  0.643675  0.564833  0.516378  -0.761072  0.401622  0.509381  0.080326  -0.720877  0.688392  -0.063450  0.006367  -0.014083  0.034821  0.326926  -0.605606  1.000000  
45.044812 0.038342  -0.006337  0.003628  0.644315  0.564252  0.516215  -0.760558  0.402111  0.509763  0.080060  -0.721059  0.688232  -0.063877  0.006137  -0.014280  0.042571  0.331974  -0.610313  1.000000  
45.046054 0.038259  -0.006329  0.003609  0.644955  0.563671  0.516050  -0.760043  0.402599  0.510146  0.079793  -0.721242  0.688072  -0.064351  0.005910  -0.014458  0.050865  0.329008  -0.613642  1.000000  
45.047303 0.038175  -0.006323  0.003590  0.645751  0.563006  0.515781  -0.759395  0.403202  0.510634  0.079526  -0.721424  0.687912  -0.064732  0.005671  -0.014733  0.053979  0.339130  -0.623189  1.000000  
45.048552 0.038091  -0.006318  0.003570  0.646397  0.562361  0.515676  -0.758887  0.403762  0.510946  0.079126  -0.721614  0.687759  -0.065081  0.005585  -0.014946  0.060673  0.340165  -0.633968  1.000000  
45.049552 0.038026  -0.006313  0.003553  0.646872  0.561986  0.515488  -0.758496  0.404121  0.511244  0.078993  -0.721705  0.687679  -0.065231  0.005597  -0.015122  0.064237  0.345122  -0.638623  1.000000  
45.050574 0.037960  -0.006308  0.003536  0.647354  0.561486  0.515428  -0.758113  0.404490  0.511520  0.078726  -0.721887  0.687518  -0.065166  0.005718  -0.015230  0.068937  0.344754  -0.646651  1.000000  
45.051808 0.037881  -0.006302  0.003513  0.647992  0.560902  0.515262  -0.757595  0.404975  0.511903  0.078459  -0.722069  0.687357  -0.065379  0.005872  -0.015574  0.077266  0.341920  -0.650216  1.000000  
45.053055 0.037804  -0.006293  0.003492  0.648636  0.560255  0.515156  -0.757085  0.405533  0.512216  0.078059  -0.722259  0.687204  -0.064848  0.006003  -0.015721  0.084353  0.338031  -0.656108  1.000000  
45.054304 0.037729  -0.006284  0.003471  0.649273  0.559608  0.515057  -0.756567  0.405954  0.512648  0.077792  -0.722524  0.686955  -0.064513  0.006233  -0.015928  0.092634  0.338227  -0.656086  1.000000  
45.055553 0.037656  -0.006273  0.003450  0.649909  0.558960  0.514958  -0.756047  0.406375  0.513081  0.077525  -0.722789  0.686707  -0.064055  0.006360  -0.016185  0.100356  0.343365  -0.660776  1.000000  
45.056556 0.037598  -0.006263  0.003431  0.650390  0.558457  0.514897  -0.755662  0.406742  0.513358  0.077259  -0.722970  0.686546  -0.063691  0.006431  -0.016504  0.106573  0.336356  -0.656664  1.000000  
45.057557 0.037541  -0.006255  0.003413  0.650870  0.557893  0.514902  -0.755275  0.407046  0.513685  0.076992  -0.723235  0.686297  -0.063222  0.006475  -0.016681  0.119062  0.336685  -0.657002  1.000000  
45.058558 0.037483  -0.006248  0.003395  0.651349  0.557390  0.514840  -0.754889  0.407413  0.513963  0.076725  -0.723417  0.686135  -0.062768  0.006468  -0.016831  0.123809  0.331620  -0.651793  1.000000  
45.059807 0.037411  -0.006240  0.003372  0.651984  0.556740  0.514740  -0.754368  0.407831  0.514396  0.076458  -0.723681  0.685886  -0.062087  0.006505  -0.017089  0.130521  0.334037  -0.651131  1.000000  
45.061093 0.037339  -0.006232  0.003350  0.652625  0.556027  0.514698  -0.753854  0.408322  0.514760  0.076058  -0.723953  0.685644  -0.061056  0.006521  -0.017264  0.140930  0.326502  -0.645979  1.000000  
45.062304 0.037267  -0.006224  0.003327  0.653259  0.555376  0.514597  -0.753331  0.408738  0.515194  0.075791  -0.724217  0.685394  -0.060397  0.006674  -0.017536  0.149486  0.330177  -0.643455  1.000000  
45.063553 0.037197  -0.006215  0.003305  0.653906  0.554536  0.514682  -0.752824  0.409238  0.515539  0.075257  -0.724579  0.685071  -0.059493  0.006928  -0.017677  0.160666  0.321541  -0.644577  1.000000  
45.064803 0.037129  -0.006206  0.003282  0.654545  0.553820  0.514639  -0.752308  0.409726  0.515905  0.074857  -0.724850  0.684828  -0.058685  0.007113  -0.017713  0.169060  0.318790  -0.648055  1.000000  
45.066053 0.037062  -0.006195  0.003259  0.655339  0.553020  0.514490  -0.751656  0.410328  0.516376  0.074457  -0.725121  0.684584  -0.057682  0.007392  -0.017865  0.173288  0.315844  -0.651037  1.000000  
45.067303 0.036997  -0.006183  0.003236  0.656132  0.552219  0.514340  -0.751004  0.410928  0.516848  0.074057  -0.725392  0.684341  -0.056756  0.007776  -0.017943  0.181090  0.317943  -0.659001  1.000000  
45.068553 0.036934  -0.006170  0.003213  0.656770  0.551501  0.514296  -0.750485  0.411413  0.517215  0.073656  -0.725662  0.684097  -0.055976  0.007995  -0.018002  0.189885  0.309990  -0.657268  1.000000  
45.069553 0.036884  -0.006158  0.003195  0.657407  0.550783  0.514251  -0.749966  0.411898  0.517581  0.073256  -0.725933  0.683853  -0.055255  0.008245  -0.018142  0.193639  0.312117  -0.665178  1.000000  
45.070814 0.036822  -0.006145  0.003171  0.658050  0.549938  0.514333  -0.749454  0.412392  0.517930  0.072722  -0.726293  0.683528  -0.054640  0.008327  -0.018249  0.206026  0.306169  -0.671513  1.000000  
45.072059 0.036760  -0.006133  0.003148  0.658840  0.549133  0.514181  -0.748798  0.412988  0.518403  0.072322  -0.726563  0.683283  -0.053911  0.008405  -0.018256  0.212603  0.303899  -0.672208  1.000000  
45.073067 0.036709  -0.006124  0.003129  0.659476  0.548413  0.514135  -0.748277  0.413470  0.518771  0.071922  -0.726832  0.683039  -0.053423  0.008523  -0.018344  0.216295  0.302881  -0.683273  1.000000  
45.074309 0.036644  -0.006115  0.003104  0.660117  0.547566  0.514215  -0.747763  0.413962  0.519121  0.071388  -0.727192  0.682712  -0.052930  0.008540  -0.018472  0.227081  0.300353  -0.690837  1.000000  
45.075555 0.036578  -0.006106  0.003080  0.660912  0.546632  0.514188  -0.747111  0.414565  0.519578  0.070854  -0.727551  0.682386  -0.052521  0.008642  -0.018598  0.234807  0.293646  -0.695284  1.000000  
45.076804 0.036513  -0.006096  0.003057  0.661706  0.545697  0.514160  -0.746459  0.415166  0.520035  0.070320  -0.727909  0.682058  -0.052310  0.008736  -0.018622  0.242703  0.295827  -0.703138  1.000000  
45.078052 0.036448  -0.006085  0.003033  0.662505  0.544697  0.514191  -0.745812  0.415839  0.520425  0.069653  -0.728274  0.681737  -0.051804  0.008839  -0.018755  0.250667  0.291960  -0.717650  1.000000  
45.079054 0.036397  -0.006077  0.003013  0.662990  0.543994  0.514310  -0.745431  0.416277  0.520621  0.069119  -0.728549  0.681497  -0.051551  0.008997  -0.018915  0.258086  0.278350  -0.720457  1.000000  
45.080059 0.036344  -0.006067  0.002993  0.663628  0.543142  0.514388  -0.744912  0.416764  0.520974  0.068585  -0.728907  0.681169  -0.051313  0.009063  -0.018932  0.265962  0.277426  -0.731517  1.000000  
45.081303 0.036280  -0.006054  0.002969  0.664419  0.542203  0.514357  -0.744256  0.417361  0.521434  0.068051  -0.729264  0.680840  -0.051204  0.009227  -0.018986  0.275172  0.276202  -0.744670  1.000000  
45.082304 0.036229  -0.006043  0.002948  0.665056  0.541412  0.514367  -0.743735  0.417908  0.521738  0.067517  -0.729538  0.680599  -0.051116  0.009363  -0.019169  0.277803  0.275713  -0.754069  1.000000  
45.083554 0.036167  -0.006028  0.002924  0.665851  0.540344  0.514462  -0.743084  0.418512  0.522182  0.066849  -0.729984  0.680188  -0.051102  0.009422  -0.019249  0.291005  0.274506  -0.766842  1.000000  
45.084838 0.036104  -0.006014  0.002901  0.666492  0.539423  0.514597  -0.742568  0.419067  0.522470  0.066182  -0.730346  0.679864  -0.051094  0.009373  -0.019259  0.293934  0.262616  -0.777325  1.000000  
45.086053 0.036040  -0.006001  0.002876  0.667286  0.538415  0.514625  -0.741915  0.419732  0.522865  0.065514  -0.730708  0.679539  -0.051282  0.009476  -0.019362  0.299551  0.262093  -0.791547  1.000000  
45.087323 0.035976  -0.005989  0.002850  0.667926  0.537493  0.514759  -0.741397  0.420284  0.523155  0.064847  -0.731070  0.679214  -0.051372  0.009406  -0.019467  0.302019  0.258161  -0.803470  1.000000  
45.088552 0.035911  -0.005979  0.002826  0.668718  0.536482  0.514785  -0.740741  0.420946  0.523552  0.064179  -0.731431  0.678889  -0.051516  0.009469  -0.019568  0.307188  0.257338  -0.816419  1.000000  
45.089564 0.035859  -0.005970  0.002806  0.669350  0.535623  0.514857  -0.740216  0.421424  0.523910  0.063645  -0.731785  0.678557  -0.051433  0.009550  -0.019600  0.314003  0.253595  -0.829362  1.000000  
45.090807 0.035795  -0.005959  0.002779  0.670140  0.534548  0.514947  -0.739558  0.422020  0.524360  0.062977  -0.732228  0.678142  -0.051375  0.009643  -0.019759  0.322562  0.253291  -0.841809  1.000000  
45.091809 0.035744  -0.005950  0.002759  0.670772  0.533687  0.515018  -0.739031  0.422496  0.524720  0.062443  -0.732581  0.677809  -0.051264  0.009768  -0.019825  0.327217  0.252312  -0.853722  1.000000  
45.093056 0.035680  -0.005938  0.002733  0.671413  0.532694  0.515210  -0.738515  0.423116  0.524947  0.061642  -0.732947  0.677488  -0.051166  0.009886  -0.019957  0.330578  0.243397  -0.861660  1.000000  
45.094367 0.035618  -0.005923  0.002707  0.672206  0.531549  0.515358  -0.737860  0.423780  0.525332  0.060841  -0.733393  0.677076  -0.050797  0.010039  -0.020005  0.338017  0.239177  -0.874312  1.000000  
45.095556 0.035556  -0.005910  0.002682  0.672998  0.530403  0.515506  -0.737203  0.424443  0.525718  0.060039  -0.733840  0.676664  -0.050842  0.010143  -0.020104  0.347327  0.230911  -0.885871  1.000000  
45.096803 0.035494  -0.005894  0.002655  0.673789  0.529255  0.515652  -0.736545  0.425105  0.526105  0.059238  -0.734285  0.676252  -0.050661  0.010244  -0.020211  0.352613  0.225381  -0.893085  1.000000  
45.097803 0.035445  -0.005883  0.002634  0.674270  0.528348  0.515953  -0.736158  0.425475  0.526348  0.058570  -0.734724  0.675833  -0.050696  0.010243  -0.020378  0.361570  0.211732  -0.898249  1.000000  
45.098814 0.035395  -0.005872  0.002614  0.674903  0.527415  0.516081  -0.735631  0.426016  0.526647  0.057902  -0.735081  0.675503  -0.050584  0.010207  -0.020413  0.368896  0.210707  -0.908391  1.000000  
45.100055 0.035333  -0.005858  0.002588  0.675696  0.526197  0.516286  -0.734976  0.426746  0.526971  0.056967  -0.735530  0.675093  -0.050609  0.010206  -0.020537  0.377223  0.204045  -0.926450  1.000000  
45.101303 0.035270  -0.005846  0.002561  0.676332  0.525132  0.516538  -0.734453  0.427294  0.527256  0.056166  -0.735973  0.674678  -0.050510  0.010201  -0.020664  0.382714  0.193752  -0.928660  1.000000  
45.102553 0.035206  -0.005834  0.002534  0.676972  0.524000  0.516850  -0.733934  0.427913  0.527477  0.055231  -0.736420  0.674266  -0.050425  0.010199  -0.020796  0.387572  0.179794  -0.933898  1.000000  
45.103805 0.035143  -0.005823  0.002507  0.677606  0.522995  0.517036  -0.733408  0.428523  0.527712  0.054429  -0.736780  0.673939  -0.050272  0.010272  -0.020923  0.388413  0.171626  -0.943934  1.000000  
45.105054 0.035080  -0.005810  0.002482  0.678239  0.521927  0.517286  -0.732882  0.429067  0.528001  0.053628  -0.737220  0.673521  -0.050207  0.010402  -0.020922  0.397262  0.160941  -0.945331  1.000000  
45.106306 0.035018  -0.005797  0.002456  0.678871  0.520794  0.517597  -0.732355  0.429547  0.528343  0.052826  -0.737742  0.673013  -0.050089  0.010572  -0.020909  0.406023  0.149730  -0.946943  1.000000  
45.107556 0.034955  -0.005783  0.002431  0.679352  0.519812  0.517954  -0.731966  0.429982  0.528528  0.052024  -0.738181  0.672594  -0.050040  0.010669  -0.020901  0.411483  0.137068  -0.940784  1.000000  
45.108558 0.034905  -0.005772  0.002411  0.679983  0.518803  0.518138  -0.731437  0.430587  0.528767  0.051222  -0.738538  0.672263  -0.050017  0.010697  -0.020797  0.411840  0.137380  -0.952328  1.000000  
45.109806 0.034842  -0.005757  0.002386  0.680613  0.517730  0.518384  -0.730906  0.431128  0.529061  0.050421  -0.738976  0.671843  -0.050044  0.010735  -0.020734  0.416677  0.128966  -0.950787  1.000000  
45.110807 0.034791  -0.005745  0.002366  0.681087  0.516812  0.518677  -0.730510  0.431488  0.529314  0.049753  -0.739408  0.671417  -0.050187  0.010792  -0.020711  0.425547  0.118244  -0.952479  1.000000  
45.111808 0.034739  -0.005733  0.002346  0.681565  0.515888  0.518969  -0.730118  0.431984  0.529450  0.048951  -0.739763  0.671085  -0.050578  0.010806  -0.020659  0.426420  0.107549  -0.954339  1.000000  
45.113054 0.034673  -0.005720  0.002322  0.682197  0.514681  0.519336  -0.729590  0.432529  0.529733  0.048015  -0.740285  0.670577  -0.050651  0.010721  -0.020476  0.435620  0.098163  -0.956414  1.000000  
45.114303 0.034605  -0.005707  0.002298  0.682828  0.513536  0.519641  -0.729061  0.433138  0.529964  0.047080  -0.740724  0.670158  -0.051000  0.010586  -0.020337  0.440210  0.092671  -0.962887  1.000000  
45.115553 0.034537  -0.005695  0.002274  0.683308  0.512479  0.520054  -0.728671  0.433640  0.530090  0.046144  -0.741163  0.669737  -0.051360  0.010526  -0.020215  0.445642  0.077099  -0.960265  1.000000  
45.116803 0.034467  -0.005684  0.002249  0.683937  0.511331  0.520357  -0.728139  0.434246  0.530325  0.045209  -0.741601  0.669316  -0.051813  0.010497  -0.020024  0.446580  0.066625  -0.962175  1.000000  
45.117807 0.034412  -0.005675  0.002230  0.684411  0.510339  0.520707  -0.727742  0.434674  0.530518  0.044407  -0.742033  0.668891  -0.052130  0.010542  -0.019911  0.455302  0.059600  -0.968891  1.000000  
45.119053 0.034342  -0.005663  0.002206  0.685039  0.509188  0.521008  -0.727209  0.435278  0.530755  0.043471  -0.742469  0.668468  -0.052589  0.010501  -0.019729  0.460291  0.048980  -0.970816  1.000000  
45.120060 0.034286  -0.005653  0.002187  0.685358  0.508415  0.521343  -0.726947  0.435591  0.530856  0.042802  -0.742815  0.668127  -0.052903  0.010489  -0.019571  0.461525  0.036233  -0.964986  1.000000  
45.121303 0.034218  -0.005641  0.002165  0.685983  0.507199  0.521705  -0.726412  0.436129  0.531147  0.041867  -0.743331  0.667613  -0.053366  0.010399  -0.019367  0.466227  0.027512  -0.966760  1.000000  
45.122304 0.034162  -0.005630  0.002147  0.686305  0.506356  0.522100  -0.726153  0.436514  0.531184  0.041065  -0.743679  0.667274  -0.053700  0.010395  -0.019172  0.471440  0.014802  -0.960764  1.000000  
45.123306 0.034106  -0.005620  0.002129  0.686776  0.505423  0.522385  -0.725753  0.437003  0.531330  0.040263  -0.744027  0.666935  -0.054092  0.010304  -0.019038  0.472127  0.007334  -0.967443  1.000000  
45.124555 0.034036  -0.005608  0.002107  0.687403  0.504135  0.522806  -0.725218  0.437610  0.531560  0.039193  -0.744544  0.666422  -0.054616  0.010083  -0.018848  0.477143  -0.003162  -0.969425  1.000000  
45.125805 0.033964  -0.005596  0.002085  0.687879  0.502935  0.523334  -0.724823  0.438112  0.531685  0.038123  -0.745060  0.665907  -0.055111  0.009898  -0.018741  0.482600  -0.018777  -0.967007  1.000000  
45.126806 0.033907  -0.005588  0.002067  0.688347  0.501998  0.523618  -0.724420  0.438599  0.531833  0.037321  -0.745405  0.665566  -0.055455  0.009698  -0.018635  0.484481  -0.026493  -0.967878  1.000000  
45.128059 0.033834  -0.005578  0.002046  0.688822  0.500796  0.524145  -0.724024  0.439100  0.531960  0.036251  -0.745919  0.665049  -0.055883  0.009460  -0.018413  0.484168  -0.033840  -0.964072  1.000000  
45.129304 0.033760  -0.005569  0.002024  0.689295  0.499592  0.524671  -0.723626  0.439600  0.532088  0.035182  -0.746431  0.664532  -0.056403  0.009200  -0.018230  0.489554  -0.049469  -0.961685  1.000000  
45.130553 0.033685  -0.005561  0.002003  0.689917  0.498296  0.525086  -0.723085  0.440202  0.532326  0.034112  -0.746942  0.664013  -0.056787  0.008948  -0.018062  0.493816  -0.052344  -0.968328  1.000000  
45.131802 0.033611  -0.005553  0.001981  0.690388  0.497090  0.525611  -0.722685  0.440700  0.532457  0.033042  -0.747452  0.663493  -0.057098  0.008728  -0.017896  0.498794  -0.059758  -0.967138  1.000000  
45.132803 0.033552  -0.005545  0.001964  0.690855  0.496079  0.525952  -0.722280  0.441255  0.532547  0.032106  -0.747797  0.663151  -0.057297  0.008652  -0.017733  0.499693  -0.067852  -0.973936  1.000000  
45.133803 0.033494  -0.005537  0.001947  0.691322  0.495002  0.526353  -0.721875  0.441744  0.532691  0.031170  -0.748221  0.662717  -0.057507  0.008545  -0.017612  0.508153  -0.075821  -0.975917  1.000000  
45.134806 0.033436  -0.005529  0.001930  0.691636  0.494149  0.526741  -0.721608  0.442123  0.532738  0.030368  -0.748561  0.662370  -0.057639  0.008474  -0.017472  0.509332  -0.086177  -0.974777  1.000000  
45.136059 0.033364  -0.005518  0.001908  0.692255  0.492777  0.527214  -0.721064  0.442792  0.532918  0.029164  -0.749070  0.661849  -0.057820  0.008287  -0.017402  0.509914  -0.094461  -0.984882  1.000000  
45.137302 0.033293  -0.005507  0.001887  0.692724  0.491559  0.527735  -0.720661  0.443424  0.532938  0.027960  -0.749497  0.661417  -0.057987  0.008179  -0.017388  0.510372  -0.105058  -0.990252  1.000000  
45.138305 0.033235  -0.005499  0.001869  0.693189  0.490408  0.528194  -0.720254  0.443982  0.533023  0.026890  -0.749920  0.660982  -0.058087  0.008026  -0.017328  0.514933  -0.113434  -1.000314  1.000000  
45.139566 0.033164  -0.005490  0.001848  0.693656  0.489186  0.528714  -0.719849  0.444612  0.533046  0.025687  -0.750345  0.660548  -0.058119  0.007828  -0.017216  0.516114  -0.126938  -1.002429  1.000000  
45.140806 0.033091  -0.005482  0.001826  0.694274  0.487668  0.529305  -0.719304  0.445421  0.533106  0.024215  -0.750853  0.660026  -0.058247  0.007667  -0.017222  0.516397  -0.137960  -1.019064  1.000000  
45.141808 0.033033  -0.005475  0.001809  0.694733  0.486583  0.529700  -0.718891  0.445905  0.533259  0.023279  -0.751269  0.659585  -0.058269  0.007503  -0.017245  0.520935  -0.140358  -1.022469  1.000000  
