1-Time 2-Px 3-Py 4-Pz 5-R11 6-R21 7-R31 8-R12 9-R22 10-R32 11-R13 12-R23 13-R33 14-Vx 15-Vy 16-Vz 17-Wx 18-Wy 19-Wz 20-state
163.523809 0.007871  -0.011289  0.065997  0.501062  0.794942  0.342058  -0.852529  0.521355  0.037196  -0.148765  -0.310252  0.938942  -0.002452  -0.000646  0.000991  0.000000  0.000000  0.000000  1.000000  
163.524835 0.007870  -0.011291  0.065997  0.500887  0.795091  0.341969  -0.852632  0.521196  0.037062  -0.148765  -0.310138  0.938980  -0.001033  -0.001962  -0.000776  0.000000  0.000000  0.000000  1.000000  
163.526071 0.007877  -0.011297  0.065959  0.500887  0.795132  0.341873  -0.852632  0.521200  0.036999  -0.148765  -0.310024  0.939018  0.003436  -0.003983  -0.019411  0.000000  0.000000  0.000000  1.000000  
163.527317 0.007889  -0.011305  0.065898  0.500711  0.795281  0.341784  -0.852735  0.521041  0.036865  -0.148765  -0.309910  0.939055  0.005750  -0.004766  -0.030735  0.000000  0.000000  0.000000  1.000000  
163.528567 0.007899  -0.011309  0.065846  0.500536  0.795430  0.341695  -0.852838  0.520882  0.036732  -0.148765  -0.309796  0.939093  0.006401  -0.004542  -0.033691  0.000000  0.000000  0.000000  1.000000  
163.529567 0.007903  -0.011311  0.065816  0.500536  0.795471  0.341599  -0.852838  0.520886  0.036669  -0.148765  -0.309682  0.939130  0.005876  -0.003941  -0.032981  0.000000  0.000000  0.000000  1.000000  
163.530568 0.007903  -0.011312  0.065786  0.500360  0.795620  0.341510  -0.852941  0.520727  0.036535  -0.148765  -0.309568  0.939168  0.004967  -0.003484  -0.032517  0.000000  0.000000  0.000000  1.000000  
163.531817 0.007895  -0.011313  0.065743  0.500360  0.795661  0.341413  -0.852941  0.520731  0.036472  -0.148765  -0.309454  0.939205  0.003193  -0.003150  -0.032895  0.000000  0.000000  0.000000  1.000000  
163.532819 0.007883  -0.011313  0.065707  0.500360  0.795703  0.341317  -0.852941  0.520736  0.036409  -0.148765  -0.309341  0.939243  0.001467  -0.002766  -0.033212  0.000000  0.000000  0.000000  1.000000  
163.534065 0.007872  -0.011308  0.065667  0.500184  0.795893  0.341131  -0.853044  0.520581  0.036212  -0.148765  -0.309113  0.939318  0.000114  -0.001929  -0.033094  0.000000  0.000000  0.000000  1.000000  
163.535066 0.007868  -0.011299  0.065636  0.500194  0.796038  0.340778  -0.853061  0.520558  0.036131  -0.148633  -0.308777  0.939449  -0.000186  -0.000889  -0.032823  0.000000  0.000000  0.000000  1.000000  
163.536072 0.007868  -0.011292  0.065600  0.500029  0.796290  0.340432  -0.853182  0.520372  0.035980  -0.148500  -0.308441  0.939581  -0.000243  -0.000206  -0.033138  0.000000  0.000000  0.000000  1.000000  
163.537316 0.007864  -0.011286  0.065540  0.500039  0.796476  0.339982  -0.853199  0.520354  0.035836  -0.148368  -0.307992  0.939749  -0.000501  0.000229  -0.034509  0.000000  0.000000  0.000000  1.000000  
163.538323 0.007859  -0.011286  0.065479  0.500225  0.796513  0.339621  -0.853113  0.520495  0.035825  -0.148236  -0.307656  0.939880  -0.000773  0.000240  -0.036360  0.000000  0.000000  0.000000  1.000000  
163.539569 0.007855  -0.011287  0.065390  0.500235  0.796781  0.338978  -0.853130  0.520485  0.035555  -0.148103  -0.306978  0.940122  -0.000987  0.000216  -0.040458  0.000000  0.000000  0.000000  1.000000  
163.540569 0.007854  -0.011288  0.065316  0.500245  0.797007  0.338431  -0.853147  0.520472  0.035348  -0.147971  -0.306414  0.940327  -0.001249  0.000427  -0.044450  0.000000  0.000000  0.000000  1.000000  
163.541818 0.007854  -0.011286  0.065226  0.500079  0.797340  0.337891  -0.853267  0.520293  0.035071  -0.147839  -0.305850  0.940532  -0.002224  0.001122  -0.046321  0.000000  0.000000  0.000000  1.000000  
163.543067 0.007852  -0.011280  0.065147  0.500089  0.797606  0.337247  -0.853284  0.520284  0.034801  -0.147706  -0.305171  0.940773  -0.002878  0.001868  -0.047904  -0.297076  0.033552  0.078673  1.000000  
163.544072 0.007844  -0.011273  0.065091  0.500265  0.797663  0.336853  -0.853181  0.520465  0.034618  -0.147706  -0.304715  0.940921  -0.003899  0.002585  -0.049629  -0.304889  0.035051  0.065034  1.000000  
163.545315 0.007831  -0.011262  0.065023  0.500450  0.797699  0.336492  -0.853095  0.520606  0.034606  -0.147574  -0.304378  0.941050  -0.004870  0.003220  -0.051433  -0.302727  0.041976  0.054066  1.000000  
163.546565 0.007815  -0.011255  0.064950  0.500275  0.797928  0.336208  -0.853198  0.520455  0.034348  -0.147574  -0.304036  0.941161  -0.005516  0.003847  -0.053415  -0.303439  0.036840  0.059659  1.000000  
163.547816 0.007802  -0.011250  0.064866  0.500099  0.798117  0.336022  -0.853301  0.520299  0.034152  -0.147574  -0.303807  0.941235  -0.005456  0.004219  -0.056086  -0.298961  0.032244  0.064666  1.000000  
163.549065 0.007794  -0.011245  0.064768  0.500099  0.798198  0.335828  -0.853301  0.520307  0.034026  -0.147574  -0.303579  0.941308  -0.005245  0.004119  -0.060409  -0.293719  0.030639  0.061428  1.000000  
163.550066 0.007793  -0.011241  0.064682  0.500265  0.798111  0.335788  -0.853181  0.520510  0.033924  -0.147706  -0.303459  0.941326  -0.005062  0.003827  -0.063668  -0.285910  0.027000  0.050017  1.000000  
163.551068 0.007794  -0.011239  0.064590  0.500255  0.798131  0.335755  -0.853164  0.520550  0.033752  -0.147839  -0.303339  0.941344  -0.004898  0.003499  -0.067336  -0.279787  0.021288  0.046619  1.000000  
163.552110 0.007794  -0.011237  0.064499  0.500245  0.798152  0.335722  -0.853147  0.520589  0.033580  -0.147971  -0.303218  0.941362  -0.004714  0.003295  -0.070392  -0.273713  0.015962  0.043404  1.000000  
163.553315 0.007793  -0.011233  0.064387  0.500059  0.798279  0.335696  -0.853233  0.520463  0.033339  -0.148103  -0.303098  0.941380  -0.004439  0.003488  -0.072823  -0.267631  0.008797  0.046815  1.000000  
163.554322 0.007787  -0.011230  0.064304  0.499873  0.798406  0.335669  -0.853319  0.520338  0.033098  -0.148236  -0.302978  0.941398  -0.004623  0.003887  -0.073612  -0.264082  0.002254  0.051125  1.000000  
163.555569 0.007775  -0.011225  0.064209  0.499863  0.798467  0.335539  -0.853302  0.520381  0.032863  -0.148368  -0.302743  0.941453  -0.005256  0.004174  -0.073761  -0.269606  0.000104  0.042967  1.000000  
163.556569 0.007764  -0.011222  0.064143  0.499863  0.798508  0.335442  -0.853302  0.520385  0.032800  -0.148368  -0.302629  0.941490  -0.006137  0.004385  -0.073405  -0.268933  0.000109  0.042860  1.000000  
163.557819 0.007750  -0.011215  0.064072  0.499678  0.798676  0.335319  -0.853387  0.520263  0.032496  -0.148500  -0.302395  0.941544  -0.006919  0.004402  -0.072831  -0.275308  -0.004159  0.041833  1.000000  
163.558820 0.007738  -0.011209  0.064018  0.499502  0.798864  0.335132  -0.853490  0.520107  0.032301  -0.148500  -0.302166  0.941617  -0.007219  0.004320  -0.072705  -0.279308  -0.004151  0.041822  1.000000  
163.560072 0.007725  -0.011201  0.063945  0.499502  0.798946  0.334938  -0.853490  0.520115  0.032175  -0.148500  -0.301938  0.941691  -0.007146  0.004183  -0.073059  -0.282337  -0.002027  0.035313  1.000000  
163.561315 0.007715  -0.011195  0.063855  0.499326  0.799134  0.334751  -0.853593  0.519958  0.031980  -0.148500  -0.301709  0.941764  -0.006907  0.004081  -0.074020  -0.285119  -0.004102  0.041483  1.000000  
163.562315 0.007710  -0.011192  0.063774  0.499140  0.799221  0.334821  -0.853679  0.519828  0.031802  -0.148633  -0.301703  0.941745  -0.006406  0.003987  -0.075136  -0.282126  -0.010439  0.046563  1.000000  
163.563315 0.007707  -0.011192  0.063690  0.499140  0.799261  0.334724  -0.853679  0.519832  0.031739  -0.148633  -0.301589  0.941781  -0.006055  0.003725  -0.075904  -0.278060  -0.010430  0.046561  1.000000  
163.564315 0.007706  -0.011189  0.063609  0.498965  0.799368  0.334731  -0.853781  0.519668  0.031670  -0.148633  -0.301589  0.941781  -0.005889  0.003671  -0.075709  -0.269976  -0.010424  0.046563  1.000000  
163.565565 0.007702  -0.011187  0.063510  0.498789  0.799394  0.334931  -0.853884  0.519495  0.031727  -0.148633  -0.301818  0.941708  -0.006163  0.003604  -0.074814  -0.250755  -0.021000  0.050263  1.000000  
163.566816 0.007692  -0.011183  0.063416  0.498613  0.799420  0.335132  -0.853987  0.519323  0.031784  -0.148633  -0.302046  0.941635  -0.006825  0.003668  -0.073730  -0.224314  -0.025445  0.049302  1.000000  
163.567820 0.007680  -0.011178  0.063344  0.498427  0.799384  0.335493  -0.854072  0.519182  0.031795  -0.148765  -0.302383  0.941506  -0.007671  0.003838  -0.072218  0.000000  0.000000  0.000000  1.000000  
163.569066 0.007661  -0.011172  0.063260  0.498241  0.799308  0.335950  -0.854158  0.519037  0.031869  -0.148897  -0.302833  0.941340  -0.008451  0.003965  -0.071027  0.000000  0.000000  0.000000  1.000000  
163.570315 0.007640  -0.011167  0.063179  0.498055  0.799231  0.336408  -0.854243  0.518892  0.031943  -0.149030  -0.303284  0.941174  -0.009160  0.003978  -0.069930  0.000000  0.000000  0.000000  1.000000  
163.571325 0.007626  -0.011163  0.063111  0.497880  0.799215  0.336706  -0.854345  0.518716  0.032062  -0.149030  -0.303626  0.941064  -0.009355  0.003966  -0.069944  0.000000  0.000000  0.000000  1.000000  
163.572569 0.007610  -0.011160  0.063018  0.497694  0.799138  0.337163  -0.854431  0.518571  0.032136  -0.149162  -0.304077  0.940897  -0.009466  0.003758  -0.071479  0.000000  0.000000  0.000000  1.000000  
163.573819 0.007599  -0.011156  0.062911  0.497342  0.799147  0.337661  -0.854636  0.518222  0.032311  -0.149162  -0.304647  0.940713  -0.009211  0.003518  -0.073822  0.000000  0.000000  0.000000  1.000000  
163.575069 0.007591  -0.011153  0.062796  0.496990  0.799196  0.338062  -0.854840  0.517877  0.032424  -0.149162  -0.305104  0.940565  -0.008926  0.003181  -0.076587  0.000000  0.000000  0.000000  1.000000  
163.576071 0.007584  -0.011150  0.062704  0.496814  0.799180  0.338360  -0.854943  0.517701  0.032542  -0.149162  -0.305446  0.940454  -0.008881  0.003040  -0.078028  0.000000  0.000000  0.000000  1.000000  
163.577315 0.007574  -0.011147  0.062591  0.496462  0.799229  0.338761  -0.855147  0.517356  0.032654  -0.149162  -0.305902  0.940306  -0.009140  0.003032  -0.078748  0.000000  0.000000  0.000000  1.000000  
163.578565 0.007558  -0.011146  0.062489  0.496120  0.799298  0.339099  -0.855369  0.516976  0.032874  -0.149030  -0.306365  0.940176  -0.010083  0.003011  -0.078627  0.000000  0.000000  0.000000  1.000000  
163.579816 0.007535  -0.011144  0.062399  0.495953  0.799260  0.339431  -0.855488  0.516760  0.033164  -0.148897  -0.306827  0.940046  -0.011440  0.003017  -0.077990  0.000000  0.000000  0.000000  1.000000  
163.581065 0.007509  -0.011140  0.062313  0.495787  0.799222  0.339762  -0.855607  0.516543  0.033454  -0.148765  -0.307289  0.939916  -0.012671  0.003049  -0.077332  0.000000  0.000000  0.000000  1.000000  
163.582315 0.007480  -0.011136  0.062225  0.495445  0.799291  0.340101  -0.855829  0.516162  0.033673  -0.148633  -0.307751  0.939786  -0.013768  0.002971  -0.076955  0.000000  0.000000  0.000000  1.000000  
163.583318 0.007457  -0.011133  0.062150  0.495279  0.799252  0.340433  -0.855948  0.515946  0.033962  -0.148500  -0.308213  0.939655  -0.014373  0.002763  -0.077456  0.000000  0.000000  0.000000  1.000000  
163.584565 0.007431  -0.011130  0.062049  0.495122  0.799193  0.340799  -0.856084  0.515689  0.034423  -0.148236  -0.308796  0.939506  -0.014800  0.002609  -0.078597  0.182810  -0.056674  0.174282  1.000000  
163.585816 0.007408  -0.011129  0.061937  0.495132  0.799049  0.341123  -0.856101  0.515636  0.034782  -0.148103  -0.309258  0.939375  -0.014946  0.002394  -0.080642  0.203002  -0.048216  0.177008  1.000000  
163.587065 0.007388  -0.011129  0.061816  0.495142  0.798862  0.341545  -0.856118  0.515579  0.035203  -0.147971  -0.309833  0.939206  -0.015193  0.002145  -0.082730  0.231341  -0.044012  0.178400  1.000000  
163.588074 0.007372  -0.011129  0.061716  0.494976  0.798824  0.341877  -0.856237  0.515362  0.035492  -0.147839  -0.310295  0.939074  -0.015689  0.001978  -0.083979  0.257668  -0.035839  0.182621  1.000000  
163.589318 0.007347  -0.011130  0.061590  0.494976  0.798616  0.342361  -0.856237  0.515340  0.035804  -0.147839  -0.310865  0.938886  -0.016763  0.001676  -0.084898  0.287262  -0.033756  0.176130  1.000000  
163.590319 0.007325  -0.011130  0.061492  0.494809  0.798577  0.342693  -0.856356  0.515122  0.036092  -0.147706  -0.311327  0.938754  -0.017799  0.001394  -0.085247  0.311728  -0.029502  0.177518  1.000000  
163.591319 0.007301  -0.011130  0.061401  0.494996  0.798325  0.343010  -0.856272  0.515233  0.036522  -0.147574  -0.311788  0.938621  -0.018962  0.001226  -0.085212  0.333106  -0.018859  0.173781  1.000000  
163.592566 0.007268  -0.011132  0.061291  0.495006  0.798096  0.343529  -0.856289  0.515170  0.037005  -0.147442  -0.312477  0.938413  -0.020209  0.001020  -0.085323  0.362739  -0.012516  0.168698  1.000000  
163.593566 0.007241  -0.011133  0.061206  0.495015  0.797950  0.343853  -0.856306  0.515116  0.037364  -0.147309  -0.312939  0.938280  -0.021213  0.000858  -0.085729  0.379063  -0.008283  0.170096  1.000000  
163.594816 0.007205  -0.011135  0.061097  0.495211  0.797719  0.344107  -0.856238  0.515189  0.037902  -0.147045  -0.313407  0.938165  -0.022021  0.000586  -0.086789  0.393376  0.004470  0.159890  1.000000  
163.596068 0.007170  -0.011140  0.060981  0.495231  0.797594  0.344368  -0.856272  0.515098  0.038369  -0.146780  -0.313874  0.938050  -0.022642  -0.000023  -0.089144  0.403553  0.017219  0.149671  1.000000  
163.597068 0.007143  -0.011144  0.060880  0.495417  0.797426  0.344491  -0.856187  0.515217  0.038674  -0.146648  -0.314108  0.937993  -0.022867  -0.000535  -0.091152  0.401265  0.027633  0.144780  1.000000  
163.598316 0.007110  -0.011150  0.060751  0.495613  0.797278  0.344550  -0.856119  0.515298  0.039087  -0.146383  -0.314348  0.937954  -0.023093  -0.001095  -0.093310  0.395217  0.040289  0.134675  1.000000  
163.599565 0.007080  -0.011155  0.060620  0.495809  0.797173  0.344513  -0.856051  0.515385  0.039438  -0.146118  -0.314474  0.937953  -0.023448  -0.001687  -0.095572  0.385138  0.057201  0.125975  1.000000  
163.600814 0.007050  -0.011159  0.060489  0.496015  0.797088  0.344413  -0.855999  0.515435  0.039897  -0.145721  -0.314607  0.937970  -0.023905  -0.002046  -0.096518  0.376164  0.080497  0.112257  1.000000  
163.601814 0.007023  -0.011164  0.060388  0.496210  0.796982  0.344376  -0.855931  0.515521  0.040247  -0.145456  -0.314733  0.937969  -0.024626  -0.002397  -0.096883  0.370021  0.097409  0.103541  1.000000  
163.602815 0.006991  -0.011168  0.060290  0.496406  0.796918  0.344241  -0.855862  0.515613  0.040535  -0.145192  -0.314745  0.938006  -0.025690  -0.002652  -0.096814  0.359872  0.110097  0.093443  1.000000  
163.604068 0.006949  -0.011173  0.060174  0.496621  0.796855  0.344078  -0.855827  0.515626  0.041103  -0.144662  -0.314884  0.938041  -0.026972  -0.002944  -0.096018  0.348607  0.132351  0.086897  1.000000  
163.605074 0.006913  -0.011177  0.060084  0.496817  0.796791  0.343943  -0.855758  0.515717  0.041391  -0.144397  -0.314896  0.938078  -0.027937  -0.003156  -0.095392  0.335234  0.147256  0.070225  1.000000  
163.606324 0.006869  -0.011182  0.059973  0.497198  0.796601  0.343833  -0.855604  0.515931  0.041921  -0.144000  -0.315028  0.938094  -0.028897  -0.003438  -0.095155  0.327139  0.168665  0.048523  1.000000  
163.607569 0.006825  -0.011188  0.059856  0.497413  0.796537  0.343669  -0.855568  0.515944  0.042488  -0.143471  -0.315166  0.938129  -0.029656  -0.003823  -0.095762  0.318391  0.188480  0.040879  1.000000  
163.608818 0.006785  -0.011196  0.059729  0.497618  0.796495  0.343471  -0.855515  0.515999  0.042884  -0.143073  -0.315185  0.938184  -0.029912  -0.004240  -0.097248  0.303665  0.205017  0.024605  1.000000  
163.609824 0.006754  -0.011203  0.059619  0.498009  0.796326  0.343297  -0.855376  0.516175  0.043522  -0.142544  -0.315323  0.938218  -0.030073  -0.004585  -0.098564  0.298460  0.224229  0.009399  1.000000  
163.611065 0.006715  -0.011214  0.059478  0.498213  0.796283  0.343099  -0.855323  0.516230  0.043919  -0.142146  -0.315341  0.938272  -0.030296  -0.004972  -0.100240  0.285920  0.235172  -0.000720  1.000000  
163.612068 0.006684  -0.011221  0.059363  0.498418  0.796199  0.342997  -0.855270  0.516279  0.044377  -0.141749  -0.315473  0.938288  -0.030545  -0.005170  -0.101146  0.279062  0.252135  -0.017318  1.000000  
163.613315 0.006646  -0.011231  0.059225  0.498632  0.796178  0.342735  -0.855233  0.516297  0.044882  -0.141219  -0.315497  0.938360  -0.030983  -0.005409  -0.101714  0.262571  0.267067  -0.025792  1.000000  
163.614317 0.006614  -0.011236  0.059120  0.498837  0.796135  0.342536  -0.855179  0.516352  0.045278  -0.140822  -0.315515  0.938413  -0.031613  -0.005513  -0.101664  0.246316  0.277868  -0.037505  1.000000  
163.615566 0.006570  -0.011242  0.058995  0.499051  0.796114  0.342273  -0.855141  0.516370  0.045782  -0.140292  -0.315539  0.938485  -0.032506  -0.005626  -0.101322  0.230973  0.292853  -0.039683  1.000000  
163.616815 0.006524  -0.011249  0.058875  0.499098  0.796262  0.341860  -0.855222  0.516193  0.046262  -0.139629  -0.315455  0.938612  -0.033365  -0.005706  -0.100866  0.206458  0.309935  -0.033935  1.000000  
163.617818 0.006484  -0.011255  0.058780  0.499302  0.796261  0.341564  -0.855168  0.516253  0.046595  -0.139232  -0.315359  0.938703  -0.033818  -0.005767  -0.100813  0.190555  0.324422  -0.042287  1.000000  
163.619066 0.006436  -0.011262  0.058662  0.499525  0.796302  0.341141  -0.855145  0.516241  0.047145  -0.138569  -0.315275  0.938829  -0.034177  -0.005928  -0.100809  0.167191  0.343461  -0.043011  1.000000  
163.620067 0.006400  -0.011269  0.058564  0.499563  0.796429  0.340791  -0.855209  0.516101  0.047516  -0.138039  -0.315185  0.938938  -0.034220  -0.006142  -0.101394  0.147912  0.358333  -0.045167  1.000000  
163.621074 0.006366  -0.011277  0.058462  0.499776  0.796449  0.340431  -0.855170  0.516125  0.047957  -0.137509  -0.315094  0.939046  -0.034066  -0.006464  -0.102443  0.124596  0.374038  -0.041179  1.000000  
163.622318 0.006326  -0.011287  0.058330  0.499831  0.796659  0.339857  -0.855265  0.515918  0.048483  -0.136714  -0.314901  0.939226  -0.033853  -0.006740  -0.103391  0.091918  0.395409  -0.033976  1.000000  
163.623319 0.006296  -0.011295  0.058221  0.500054  0.796700  0.339434  -0.855241  0.515906  0.049033  -0.136051  -0.314816  0.939351  -0.033639  -0.006835  -0.104014  0.072450  0.414643  -0.034705  1.000000  
163.624321 0.006266  -0.011302  0.058114  0.500090  0.796868  0.338986  -0.855303  0.515773  0.049342  -0.135521  -0.314612  0.939496  -0.033579  -0.006800  -0.103936  0.051017  0.420960  -0.025338  1.000000  
163.625566 0.006227  -0.011310  0.057984  0.500321  0.796930  0.338499  -0.855294  0.515725  0.050000  -0.134726  -0.314532  0.939637  -0.033622  -0.006687  -0.103222  0.031530  0.440273  -0.026065  1.000000  
163.626568 0.006194  -0.011316  0.057886  0.500543  0.796971  0.338074  -0.855269  0.515714  0.050550  -0.134063  -0.314447  0.939761  -0.033726  -0.006511  -0.102073  0.019232  0.457315  -0.020338  1.000000  
163.627815 0.006151  -0.011323  0.057770  0.500597  0.797140  0.337597  -0.855361  0.515502  0.051138  -0.133267  -0.314367  0.939901  -0.034000  -0.006381  -0.100614  0.006868  0.474706  -0.013075  1.000000  
163.628815 0.006116  -0.011328  0.057679  0.500818  0.797181  0.337172  -0.855335  0.515491  0.051688  -0.132604  -0.314281  0.940023  -0.034307  -0.006378  -0.099524  -0.001295  0.487436  -0.008838  1.000000  
163.629817 0.006080  -0.011334  0.057589  0.501039  0.797222  0.336746  -0.855308  0.515480  0.052238  -0.131941  -0.314195  0.940145  -0.034455  -0.006377  -0.098704  -0.013616  0.504329  -0.004609  1.000000  
163.631066 0.006036  -0.011341  0.057472  0.501268  0.797284  0.336257  -0.855296  0.515433  0.052896  -0.131145  -0.314114  0.940284  -0.034359  -0.006400  -0.098351  -0.017789  0.517044  -0.000370  1.000000  
163.632071 0.006003  -0.011348  0.057375  0.501488  0.797325  0.335831  -0.855268  0.515422  0.053445  -0.130482  -0.314028  0.940405  -0.033896  -0.006472  -0.098414  -0.026015  0.529750  0.003902  1.000000  
163.633315 0.005966  -0.011356  0.057251  0.501726  0.797449  0.335181  -0.855270  0.515346  0.054149  -0.129553  -0.313838  0.940596  -0.033243  -0.006592  -0.098862  -0.035236  0.544778  0.016033  1.000000  
163.634565 0.005929  -0.011366  0.057122  0.502139  0.797507  0.334423  -0.855168  0.515440  0.054859  -0.128625  -0.313534  0.940825  -0.032698  -0.006707  -0.099550  -0.050297  0.559482  0.015036  1.000000  
163.635815 0.005893  -0.011374  0.056994  0.502368  0.797609  0.333835  -0.855153  0.515401  0.055454  -0.127828  -0.313339  0.940999  -0.032107  -0.006634  -0.099657  -0.062519  0.572094  0.019231  1.000000  
163.637065 0.005857  -0.011383  0.056869  0.502780  0.797708  0.332979  -0.855049  0.515504  0.056101  -0.126899  -0.312920  0.941264  -0.031824  -0.006535  -0.099197  -0.078797  0.588976  0.024730  1.000000  
163.638072 0.005828  -0.011390  0.056773  0.503008  0.797850  0.332294  -0.855033  0.515472  0.056633  -0.126103  -0.312609  0.941474  -0.031769  -0.006444  -0.098346  -0.095069  0.601681  0.028885  1.000000  
163.639318 0.005789  -0.011397  0.056661  0.503428  0.797928  0.331469  -0.854942  0.515533  0.057451  -0.125041  -0.312309  0.941715  -0.031811  -0.006289  -0.096864  -0.111376  0.621615  0.026799  1.000000  
163.640320 0.005757  -0.011401  0.056576  0.503663  0.798091  0.330719  -0.854938  0.515466  0.058092  -0.124112  -0.312003  0.941940  -0.031866  -0.006160  -0.095445  -0.123713  0.638650  0.032363  1.000000  
163.641569 0.005715  -0.011408  0.056473  0.504091  0.798229  0.329731  -0.854859  0.515500  0.058955  -0.122917  -0.311592  0.942232  -0.031843  -0.006053  -0.094142  -0.144248  0.660005  0.039340  1.000000  
163.642816 0.005673  -0.011415  0.056370  0.504517  0.798407  0.328646  -0.854778  0.515542  0.059755  -0.121722  -0.311067  0.942561  -0.031749  -0.006087  -0.093413  -0.163873  0.687854  0.041146  1.000000  
163.643819 0.005641  -0.011420  0.056283  0.504927  0.798462  0.327882  -0.854668  0.515642  0.060463  -0.120792  -0.310760  0.942782  -0.031497  -0.006102  -0.093123  -0.174402  0.709230  0.033668  1.000000  
163.645119 0.005602  -0.011429  0.056169  0.505353  0.798639  0.326795  -0.854585  0.515685  0.061263  -0.119597  -0.310233  0.943108  -0.031068  -0.006172  -0.092780  -0.193714  0.731471  0.033958  1.000000  
163.646315 0.005564  -0.011438  0.056052  0.505777  0.798814  0.325707  -0.854500  0.515731  0.062062  -0.118401  -0.309706  0.943432  -0.030857  -0.006283  -0.093083  -0.207927  0.750099  0.034026  1.000000  
163.647315 0.005534  -0.011445  0.055956  0.506178  0.798847  0.325004  -0.854373  0.515868  0.062660  -0.117604  -0.309392  0.943634  -0.030751  -0.006301  -0.092882  -0.219279  0.764890  0.031628  1.000000  
163.648316 0.005503  -0.011452  0.055861  0.506593  0.798961  0.324076  -0.854273  0.515943  0.063412  -0.116541  -0.308973  0.943904  -0.030844  -0.006343  -0.092419  -0.231766  0.788447  0.022854  1.000000  
163.649565 0.005463  -0.011461  0.055746  0.507024  0.799155  0.322920  -0.854197  0.515956  0.064319  -0.115212  -0.308449  0.944238  -0.031070  -0.006363  -0.091564  -0.241499  0.810096  0.024276  1.000000  
163.650816 0.005422  -0.011467  0.055636  0.507454  0.799349  0.321763  -0.854120  0.515969  0.065225  -0.113883  -0.307923  0.944571  -0.031475  -0.006164  -0.090283  -0.256893  0.832926  0.024477  1.000000  
163.651819 0.005387  -0.011473  0.055551  0.507868  0.799500  0.320735  -0.854015  0.516055  0.065914  -0.112819  -0.307388  0.944873  -0.031899  -0.006101  -0.089355  -0.269720  0.852601  0.014075  1.000000  
163.653067 0.005343  -0.011479  0.055445  0.508479  0.799645  0.319401  -0.853843  0.516209  0.066931  -0.111357  -0.306751  0.945253  -0.032340  -0.005970  -0.088605  -0.286304  0.879627  0.010416  1.000000  
163.654068 0.005308  -0.011485  0.055360  0.508907  0.799874  0.318143  -0.853761  0.516235  0.067773  -0.110027  -0.306109  0.945617  -0.032598  -0.005970  -0.088189  -0.305113  0.905122  0.004048  1.000000  
163.655069 0.005274  -0.011490  0.055273  0.509150  0.800188  0.316964  -0.853770  0.516133  0.068441  -0.108830  -0.305461  0.945965  -0.032741  -0.006015  -0.088328  -0.324155  0.925230  0.007818  1.000000  
163.656075 0.005240  -0.011497  0.055183  0.509568  0.800394  0.315769  -0.853672  0.516197  0.069174  -0.107633  -0.304812  0.946311  -0.032720  -0.006113  -0.088861  -0.343077  0.950810  0.001359  1.000000  
163.657340 0.005200  -0.011505  0.055063  0.510183  0.800631  0.314170  -0.853504  0.516340  0.070172  -0.106036  -0.303946  0.946770  -0.032561  -0.006228  -0.089847  -0.370116  0.975913  -0.005254  1.000000  
163.658565 0.005160  -0.011514  0.054940  0.510622  0.801048  0.312389  -0.853439  0.516337  0.070980  -0.104440  -0.302849  0.947299  -0.032634  -0.006366  -0.090998  -0.403273  1.000427  -0.002675  1.000000  
163.659565 0.005128  -0.011522  0.054842  0.511058  0.801350  0.310898  -0.853371  0.516311  0.071975  -0.102843  -0.302095  0.947714  -0.032628  -0.006397  -0.091583  -0.430678  1.036600  -0.001389  1.000000  
163.660817 0.005087  -0.011530  0.054722  0.511684  0.801697  0.308968  -0.853219  0.516409  0.073064  -0.100979  -0.301003  0.948262  -0.032894  -0.006440  -0.091713  -0.466155  1.074995  -0.004058  1.000000  
163.662065 0.005042  -0.011539  0.054609  0.512307  0.802041  0.307036  -0.853064  0.516511  0.074151  -0.099116  -0.299909  0.948805  -0.033368  -0.006376  -0.091343  -0.497611  1.108685  -0.005345  1.000000  
163.663066 0.005004  -0.011544  0.054522  0.512739  0.802411  0.305345  -0.852988  0.516511  0.075019  -0.097518  -0.298921  0.949282  -0.033845  -0.006221  -0.090922  -0.529887  1.141303  -0.005789  1.000000  
163.664072 0.004965  -0.011548  0.054439  0.513164  0.802720  0.303815  -0.852899  0.516538  0.075841  -0.096053  -0.298042  0.949708  -0.034314  -0.006015  -0.090158  -0.553817  1.168825  -0.004757  1.000000  
163.665315 0.004915  -0.011552  0.054335  0.513620  0.803203  0.301761  -0.852862  0.516416  0.077081  -0.093922  -0.296951  0.950263  -0.034993  -0.005826  -0.089697  -0.581452  1.203940  0.001588  1.000000  
163.666315 0.004875  -0.011555  0.054250  0.514048  0.803565  0.300064  -0.852778  0.516424  0.077949  -0.092323  -0.295957  0.950729  -0.035303  -0.005648  -0.089497  -0.606171  1.233769  0.010236  1.000000  
163.667316 0.004836  -0.011559  0.054162  0.514663  0.803822  0.298315  -0.852607  0.516522  0.079158  -0.090458  -0.295085  0.951179  -0.035514  -0.005530  -0.089749  -0.630677  1.278369  0.005964  1.000000  
163.668565 0.004790  -0.011563  0.054048  0.515126  0.804408  0.295928  -0.852579  0.516362  0.080490  -0.088059  -0.293764  0.951813  -0.035672  -0.005441  -0.090326  -0.662396  1.318678  0.021020  1.000000  
163.669570 0.004755  -0.011566  0.053953  0.515561  0.804837  0.293996  -0.852507  0.516322  0.081511  -0.086193  -0.292657  0.952325  -0.035765  -0.005278  -0.090960  -0.690482  1.350487  0.022920  1.000000  
163.670818 0.004711  -0.011571  0.053831  0.516024  0.805435  0.291536  -0.852479  0.516138  0.082952  -0.083660  -0.291334  0.952956  -0.035892  -0.005053  -0.091676  -0.725555  1.400417  0.033905  1.000000  
163.672074 0.004667  -0.011576  0.053709  0.516483  0.806028  0.289074  -0.852446  0.515960  0.084394  -0.081127  -0.290007  0.953580  -0.036184  -0.004789  -0.091885  -0.759404  1.440892  0.052618  1.000000  
163.673319 0.004622  -0.011582  0.053589  0.516950  0.806656  0.286475  -0.852424  0.515720  0.086053  -0.078326  -0.288684  0.954215  -0.036428  -0.004589  -0.091585  -0.789703  1.486674  0.061787  1.000000  
163.674568 0.004577  -0.011588  0.053476  0.517227  0.807310  0.284122  -0.852485  0.515376  0.087499  -0.075791  -0.287467  0.954787  -0.036828  -0.004321  -0.090969  -0.818803  1.533674  0.085985  1.000000  
163.675815 0.004532  -0.011594  0.053367  0.517511  0.807966  0.281732  -0.852558  0.514960  0.089226  -0.072989  -0.286369  0.955335  -0.037000  -0.004212  -0.090341  -0.837607  1.578555  0.109140  1.000000  
163.676816 0.004496  -0.011598  0.053284  0.517606  0.808581  0.279786  -0.852713  0.514415  0.090866  -0.070453  -0.285610  0.955753  -0.037006  -0.004048  -0.089767  -0.858855  1.630691  0.135527  1.000000  
163.677817 0.004460  -0.011604  0.053201  0.517688  0.809121  0.278069  -0.852848  0.513927  0.092350  -0.068184  -0.284959  0.956112  -0.036879  -0.004064  -0.089564  -0.868992  1.669868  0.161087  1.000000  
163.679065 0.004413  -0.011612  0.053097  0.517970  0.809672  0.275933  -0.852917  0.513413  0.094549  -0.065114  -0.284322  0.956515  -0.036764  -0.004279  -0.089521  -0.870409  1.719706  0.178581  1.000000  
163.680072 0.004377  -0.011619  0.053014  0.518045  0.810141  0.274411  -0.853041  0.512907  0.096160  -0.062844  -0.283899  0.956793  -0.036453  -0.004600  -0.089517  -0.875878  1.757729  0.208135  1.000000  
163.681315 0.004330  -0.011630  0.052911  0.518139  0.810674  0.272654  -0.853196  0.512229  0.098381  -0.059906  -0.283602  0.957069  -0.036290  -0.005026  -0.089272  -0.861950  1.801258  0.230620  1.000000  
163.682315 0.004293  -0.011639  0.052828  0.518209  0.811074  0.271327  -0.853310  0.511701  0.100118  -0.057635  -0.283408  0.957266  -0.036224  -0.005390  -0.088946  -0.855591  1.835728  0.254898  1.000000  
163.683315 0.004255  -0.011648  0.052750  0.518275  0.811475  0.270000  -0.853420  0.511175  0.101855  -0.055364  -0.283212  0.957458  -0.036264  -0.005743  -0.088008  -0.844703  1.866653  0.282402  1.000000  
163.684565 0.004206  -0.011659  0.052655  0.518347  0.811881  0.268638  -0.853537  0.510572  0.103874  -0.052826  -0.283135  0.957624  -0.036612  -0.006179  -0.086526  -0.819231  1.890139  0.305532  1.000000  
163.685815 0.004153  -0.011668  0.052568  0.518239  0.812392  0.267297  -0.853756  0.509803  0.105838  -0.050287  -0.283056  0.957784  -0.037179  -0.006473  -0.084189  -0.797013  1.913752  0.333347  1.000000  
163.687065 0.004098  -0.011677  0.052489  0.518300  0.812778  0.266002  -0.853857  0.509233  0.107748  -0.047882  -0.282973  0.957932  -0.037928  -0.006766  -0.081421  -0.770280  1.939831  0.354559  1.000000  
163.688078 0.004055  -0.011684  0.052429  0.518173  0.813242  0.264829  -0.854044  0.508607  0.109214  -0.045877  -0.282767  0.958091  -0.038455  -0.006900  -0.078581  -0.746329  1.956005  0.384944  1.000000  
163.689317 0.004000  -0.011694  0.052358  0.517871  0.813829  0.263613  -0.854340  0.507781  0.110735  -0.043738  -0.282562  0.958251  -0.039078  -0.007134  -0.075995  -0.720441  1.957290  0.412743  1.000000  
163.690318 0.003960  -0.011701  0.052300  0.517734  0.814252  0.262575  -0.854510  0.507220  0.111984  -0.042000  -0.282351  0.958391  -0.039381  -0.007334  -0.073783  -0.698231  1.957985  0.440553  1.000000  
163.691568 0.003911  -0.011711  0.052227  0.517601  0.814776  0.261206  -0.854687  0.506623  0.113329  -0.039995  -0.281909  0.958607  -0.039601  -0.007557  -0.071806  -0.675561  1.956737  0.460019  1.000000  
163.692815 0.003866  -0.011721  0.052152  0.517292  0.815392  0.259894  -0.854971  0.505813  0.114793  -0.037856  -0.281583  0.958790  -0.039608  -0.007845  -0.069947  -0.645602  1.951482  0.492703  1.000000  
163.693817 0.003831  -0.011731  0.052090  0.516968  0.815909  0.258914  -0.855231  0.505164  0.115710  -0.036385  -0.281250  0.958945  -0.039480  -0.008042  -0.068273  -0.627297  1.944096  0.517906  1.000000  
163.694819 0.003796  -0.011740  0.052028  0.516641  0.816405  0.258001  -0.855485  0.504549  0.116518  -0.035048  -0.280914  0.959093  -0.039344  -0.008191  -0.066818  -0.608653  1.923008  0.538994  1.000000  
163.696072 0.003754  -0.011753  0.051956  0.516317  0.816940  0.256957  -0.855744  0.503869  0.117547  -0.033443  -0.280581  0.959248  -0.039075  -0.008297  -0.064727  -0.577803  1.902353  0.559843  1.000000  
163.697315 0.003710  -0.011766  0.051889  0.516163  0.817299  0.256120  -0.855888  0.503408  0.118471  -0.032106  -0.280360  0.959358  -0.038903  -0.008441  -0.062598  -0.550572  1.862275  0.575249  1.000000  
163.698315 0.003672  -0.011778  0.051841  0.515828  0.817723  0.255440  -0.856130  0.502844  0.119124  -0.031036  -0.280137  0.959458  -0.038881  -0.008627  -0.060556  -0.516061  1.827359  0.592012  1.000000  
163.699565 0.003622  -0.011791  0.051789  0.515673  0.818082  0.254604  -0.856271  0.502383  0.120049  -0.029699  -0.279916  0.959565  -0.038924  -0.008807  -0.057502  -0.480627  1.789841  0.600427  1.000000  
163.700816 0.003570  -0.011804  0.051741  0.515513  0.818402  0.253900  -0.856404  0.501987  0.120755  -0.028629  -0.279692  0.959663  -0.038819  -0.009087  -0.054922  -0.441225  1.737349  0.604541  1.000000  
163.701819 0.003528  -0.011815  0.051705  0.515523  0.818529  0.253470  -0.856420  0.501842  0.121244  -0.027960  -0.279581  0.959715  -0.038687  -0.009303  -0.053151  -0.400755  1.688276  0.603579  1.000000  
163.703068 0.003475  -0.011829  0.051658  0.515538  0.818683  0.252940  -0.856445  0.501585  0.122124  -0.026890  -0.279589  0.959743  -0.038673  -0.009660  -0.051437  -0.361227  1.634058  0.592766  1.000000  
163.704075 0.003436  -0.011840  0.051620  0.515550  0.818849  0.252377  -0.856466  0.501376  0.122833  -0.025954  -0.279479  0.959801  -0.038200  -0.009948  -0.050034  -0.319820  1.591934  0.594140  1.000000  
163.705318 0.003391  -0.011856  0.051569  0.515739  0.818881  0.251888  -0.856380  0.501320  0.123655  -0.025018  -0.279486  0.959824  -0.037955  -0.010366  -0.048752  -0.278562  1.534170  0.568819  1.000000  
163.706321 0.003356  -0.011870  0.051528  0.515926  0.818893  0.251465  -0.856291  0.501297  0.124367  -0.024215  -0.279491  0.959843  -0.037633  -0.010770  -0.047382  -0.245776  1.482673  0.552805  1.000000  
163.707567 0.003313  -0.011887  0.051478  0.515939  0.819017  0.251034  -0.856313  0.501025  0.125308  -0.023145  -0.279615  0.959833  -0.037449  -0.011205  -0.045673  -0.212959  1.422559  0.534509  1.000000  
163.708821 0.003271  -0.011904  0.051430  0.516127  0.819069  0.250478  -0.856227  0.500938  0.126240  -0.022075  -0.279622  0.959856  -0.037350  -0.011620  -0.043635  -0.188235  1.357755  0.514850  1.000000  
163.710068 0.003229  -0.011923  0.051387  0.516316  0.819090  0.250021  -0.856141  0.500834  0.127232  -0.021005  -0.279745  0.959845  -0.037338  -0.012057  -0.041453  -0.166044  1.310407  0.492589  1.000000  
163.711315 0.003187  -0.011942  0.051345  0.516679  0.819038  0.249437  -0.855947  0.500915  0.128214  -0.019935  -0.279751  0.959866  -0.037247  -0.012488  -0.039535  -0.153142  1.254289  0.461532  1.000000  
163.712315 0.003153  -0.011957  0.051313  0.516689  0.819174  0.248973  -0.855962  0.500691  0.128984  -0.018998  -0.279756  0.959883  -0.037102  -0.012750  -0.038385  -0.144915  1.211552  0.448814  1.000000  
163.713315 0.003119  -0.011974  0.051280  0.516875  0.819195  0.248514  -0.855873  0.500587  0.129975  -0.017928  -0.279878  0.959868  -0.036830  -0.013110  -0.037323  -0.132387  1.174993  0.430853  1.000000  
163.714565 0.003075  -0.011994  0.051235  0.517063  0.819286  0.247824  -0.855786  0.500436  0.131126  -0.016590  -0.279884  0.959890  -0.036459  -0.013585  -0.036934  -0.129019  1.130890  0.411354  1.000000  
163.715565 0.003041  -0.012011  0.051196  0.517248  0.819338  0.247265  -0.855695  0.500348  0.132056  -0.015520  -0.279889  0.959907  -0.035859  -0.014025  -0.036979  -0.124352  1.104444  0.389090  1.000000  
163.716815 0.002998  -0.012032  0.051143  0.517435  0.819428  0.246573  -0.855605  0.500196  0.133206  -0.014182  -0.279895  0.959926  -0.035331  -0.014482  -0.037416  -0.119946  1.071899  0.372260  1.000000  
163.717816 0.002964  -0.012049  0.051099  0.517442  0.819583  0.246041  -0.855618  0.499940  0.134085  -0.013112  -0.279899  0.959940  -0.034687  -0.014932  -0.037913  -0.114655  1.052312  0.358825  1.000000  
163.719065 0.002922  -0.012070  0.051043  0.517627  0.819674  0.245349  -0.855525  0.499788  0.135235  -0.011774  -0.279903  0.959956  -0.034339  -0.015285  -0.038459  -0.106086  1.026143  0.336707  1.000000  
163.720072 0.002886  -0.012086  0.050998  0.517634  0.819849  0.244751  -0.855537  0.499500  0.136224  -0.010570  -0.279907  0.959969  -0.034194  -0.015610  -0.038686  -0.093716  1.010932  0.324894  1.000000  
163.721073 0.002850  -0.012102  0.050955  0.517818  0.819959  0.243991  -0.855443  0.499316  0.137483  -0.009098  -0.279911  0.959983  -0.034298  -0.015780  -0.038872  -0.081694  1.007845  0.302401  1.000000  
163.722318 0.002801  -0.012123  0.050906  0.517825  0.820211  0.243126  -0.855455  0.498899  0.138911  -0.007359  -0.279915  0.959997  -0.034693  -0.015986  -0.038840  -0.069143  0.998927  0.285176  1.000000  
163.723319 0.002760  -0.012140  0.050868  0.517831  0.820464  0.242261  -0.855464  0.498483  0.140340  -0.005620  -0.279918  0.960007  -0.035155  -0.016177  -0.038702  -0.056629  1.011465  0.274231  1.000000  
163.724320 0.002720  -0.012157  0.050832  0.517835  0.820745  0.241297  -0.855472  0.498084  0.141708  -0.003880  -0.279804  0.960049  -0.035656  -0.016373  -0.038784  -0.048373  1.022077  0.269860  1.000000  
163.725565 0.002668  -0.012180  0.050785  0.517662  0.821187  0.240163  -0.855583  0.497420  0.143356  -0.001739  -0.279689  0.960089  -0.036344  -0.016659  -0.039079  -0.040154  1.041474  0.268044  1.000000  
163.726567 0.002627  -0.012197  0.050747  0.517663  0.821458  0.239232  -0.855585  0.496971  0.144895  0.000134  -0.279690  0.960090  -0.036817  -0.016769  -0.039486  -0.031825  1.071251  0.262183  1.000000  
163.727815 0.002576  -0.012220  0.050695  0.517485  0.821986  0.237799  -0.855688  0.496229  0.146814  0.002676  -0.279456  0.960155  -0.037371  -0.016936  -0.040256  -0.031649  1.109554  0.273489  1.000000  
163.728815 0.002533  -0.012239  0.050651  0.517305  0.822455  0.236567  -0.855788  0.495584  0.148404  0.004817  -0.279221  0.960215  -0.037872  -0.017135  -0.040733  -0.027834  1.146801  0.276347  1.000000  
163.729817 0.002492  -0.012257  0.050606  0.517122  0.822895  0.235434  -0.855883  0.494921  0.150054  0.006957  -0.279101  0.960237  -0.038334  -0.017212  -0.041350  -0.027996  1.183752  0.294162  1.000000  
163.731066 0.002439  -0.012280  0.050548  0.516935  0.823448  0.233904  -0.855972  0.494200  0.151916  0.009500  -0.278746  0.960318  -0.038942  -0.017349  -0.041816  -0.035931  1.229745  0.307646  1.000000  
163.732067 0.002396  -0.012298  0.050503  0.516747  0.823915  0.232673  -0.856059  0.493557  0.153508  0.011640  -0.278506  0.960364  -0.039610  -0.017397  -0.041924  -0.040437  1.272587  0.326650  1.000000  
163.733315 0.002340  -0.012320  0.050448  0.516377  0.824559  0.231209  -0.856242  0.492617  0.155493  0.014316  -0.278264  0.960398  -0.040405  -0.017547  -0.041934  -0.048753  1.325032  0.356130  1.000000  
163.734566 0.002283  -0.012343  0.050396  0.516178  0.825148  0.229547  -0.856310  0.491835  0.157578  0.017125  -0.277902  0.960457  -0.041405  -0.017643  -0.041655  -0.056522  1.372354  0.376902  1.000000  
163.735815 0.002225  -0.012365  0.050346  0.515974  0.825707  0.227987  -0.856372  0.491035  0.159723  0.019935  -0.277654  0.960474  -0.042235  -0.017764  -0.041339  -0.064670  1.428372  0.407270  1.000000  
163.737065 0.002167  -0.012388  0.050297  0.515589  0.826386  0.226394  -0.856530  0.490034  0.161932  0.022878  -0.277404  0.960481  -0.042937  -0.017946  -0.041221  -0.076819  1.482653  0.444361  1.000000  
163.738072 0.002120  -0.012407  0.050257  0.515383  0.826858  0.225135  -0.856587  0.489312  0.163808  0.025285  -0.277271  0.960459  -0.043436  -0.018086  -0.041465  -0.081481  1.538462  0.474975  1.000000  
163.739319 0.002063  -0.012431  0.050203  0.515164  0.827453  0.223444  -0.856622  0.488450  0.166176  0.028362  -0.277015  0.960447  -0.043759  -0.018277  -0.041890  -0.089535  1.599592  0.506905  1.000000  
