1-Time 2-Px 3-Py 4-Pz 5-R11 6-R21 7-R31 8-R12 9-R22 10-R32 11-R13 12-R23 13-R33 14-Vx 15-Vy 16-Vz 17-Wx 18-Wy 19-Wz 20-state
88.348407 0.020666  -0.013750  -0.027500  0.662548  0.727547  0.178063  -0.713565  0.685365  -0.145254  -0.227717  -0.030822  0.973239  0.000109  -0.001354  -0.001855  0.000000  0.000000  0.000000  1.000000  
88.349551 0.020665  -0.013752  -0.027498  0.662548  0.727547  0.178063  -0.713565  0.685365  -0.145254  -0.227717  -0.030822  0.973239  -0.000786  -0.002139  0.002109  0.000000  0.000000  0.000000  1.000000  
88.350797 0.020658  -0.013755  -0.027468  0.662548  0.727547  0.178063  -0.713565  0.685365  -0.145254  -0.227717  -0.030822  0.973239  -0.003540  -0.002113  0.013992  0.000000  0.000000  0.000000  1.000000  
88.351801 0.020651  -0.013755  -0.027438  0.662695  0.727427  0.178004  -0.713429  0.685498  -0.145300  -0.227717  -0.030704  0.973243  -0.004596  -0.001719  0.018986  0.000000  0.000000  0.000000  1.000000  
88.353062 0.020644  -0.013755  -0.027412  0.662695  0.727427  0.178004  -0.713429  0.685498  -0.145300  -0.227717  -0.030704  0.973243  -0.004797  -0.001053  0.019437  0.000000  0.000000  0.000000  1.000000  
88.354305 0.020636  -0.013752  -0.027397  0.662695  0.727427  0.178004  -0.713429  0.685498  -0.145300  -0.227717  -0.030704  0.973243  -0.005216  -0.000375  0.017818  0.000000  0.000000  0.000000  1.000000  
88.355305 0.020625  -0.013750  -0.027387  0.662695  0.727427  0.178004  -0.713429  0.685498  -0.145300  -0.227717  -0.030704  0.973243  -0.006042  0.000000  0.016681  0.000000  0.000000  0.000000  1.000000  
88.356306 0.020612  -0.013746  -0.027376  0.662695  0.727427  0.178004  -0.713429  0.685498  -0.145300  -0.227717  -0.030704  0.973243  -0.006943  0.000445  0.015927  0.000000  0.000000  0.000000  1.000000  
88.357309 0.020599  -0.013742  -0.027366  0.662695  0.727427  0.178004  -0.713429  0.685498  -0.145300  -0.227717  -0.030704  0.973243  -0.007697  0.000852  0.015250  0.000000  0.000000  0.000000  1.000000  
88.358547 0.020584  -0.013737  -0.027352  0.662695  0.727406  0.178092  -0.713429  0.685515  -0.145217  -0.227717  -0.030822  0.973239  -0.008235  0.001279  0.014825  0.000000  0.000000  0.000000  1.000000  
88.359549 0.020572  -0.013733  -0.027336  0.662695  0.727384  0.178181  -0.713429  0.685533  -0.145134  -0.227717  -0.030940  0.973236  -0.008530  0.001509  0.014930  0.000000  0.000000  0.000000  1.000000  
88.360797 0.020557  -0.013729  -0.027312  0.662674  0.727360  0.178357  -0.713407  0.685553  -0.145146  -0.227847  -0.031057  0.973201  -0.008892  0.001723  0.015350  0.000000  0.000000  0.000000  1.000000  
88.361800 0.020542  -0.013726  -0.027291  0.662674  0.727338  0.178446  -0.713407  0.685571  -0.145063  -0.227847  -0.031175  0.973198  -0.009334  0.001836  0.015743  0.000000  0.000000  0.000000  1.000000  
88.363047 0.020522  -0.013724  -0.027259  0.662674  0.727295  0.178622  -0.713407  0.685606  -0.144897  -0.227847  -0.031411  0.973190  -0.009932  0.001815  0.016647  0.000000  0.000000  0.000000  1.000000  
88.364049 0.020504  -0.013723  -0.027228  0.662674  0.727273  0.178710  -0.713407  0.685624  -0.144814  -0.227847  -0.031529  0.973186  -0.010779  0.001841  0.018136  0.000000  0.000000  0.000000  1.000000  
88.365054 0.020487  -0.013722  -0.027195  0.662674  0.727251  0.178799  -0.713407  0.685641  -0.144731  -0.227847  -0.031647  0.973182  -0.011842  0.002106  0.019466  0.000000  0.000000  0.000000  1.000000  
88.366297 0.020467  -0.013718  -0.027157  0.662821  0.727067  0.179005  -0.713270  0.685826  -0.144527  -0.227847  -0.031883  0.973175  -0.012514  0.002493  0.019736  0.000000  0.000000  0.000000  1.000000  
88.367297 0.020453  -0.013711  -0.027133  0.662821  0.727045  0.179093  -0.713270  0.685844  -0.144444  -0.227847  -0.032001  0.973171  -0.013150  0.002969  0.019595  0.000000  0.000000  0.000000  1.000000  
88.368299 0.020438  -0.013704  -0.027117  0.662821  0.727045  0.179093  -0.713270  0.685844  -0.144444  -0.227847  -0.032001  0.973171  -0.013683  0.003353  0.019507  0.000000  0.000000  0.000000  1.000000  
88.369555 0.020416  -0.013695  -0.027098  0.662821  0.727023  0.179181  -0.713270  0.685861  -0.144361  -0.227847  -0.032119  0.973167  -0.014541  0.003851  0.019937  0.000000  0.000000  0.000000  1.000000  
88.370558 0.020396  -0.013688  -0.027078  0.662968  0.726882  0.179211  -0.713134  0.686011  -0.144324  -0.227847  -0.032119  0.973167  -0.015030  0.004010  0.020429  0.000000  0.000000  0.000000  1.000000  
88.371809 0.020374  -0.013681  -0.027042  0.663261  0.726578  0.179358  -0.712861  0.686328  -0.144167  -0.227847  -0.032237  0.973163  -0.015451  0.004237  0.022166  0.000000  0.000000  0.000000  1.000000  
88.372868 0.020360  -0.013673  -0.027005  0.663429  0.726439  0.179299  -0.712746  0.686474  -0.144035  -0.227717  -0.032238  0.973194  -0.015504  0.004512  0.023786  0.000000  0.000000  0.000000  1.000000  
88.374051 0.020345  -0.013662  -0.026951  0.663596  0.726301  0.179240  -0.712632  0.686620  -0.143903  -0.227587  -0.032239  0.973224  -0.015561  0.004908  0.026184  0.000000  0.000000  0.000000  1.000000  
88.375302 0.020326  -0.013652  -0.026897  0.663764  0.726141  0.179269  -0.712518  0.686784  -0.143687  -0.227456  -0.032358  0.973251  -0.015869  0.005295  0.028416  0.000000  0.000000  0.000000  1.000000  
88.376548 0.020304  -0.013643  -0.026848  0.664078  0.725861  0.179240  -0.712267  0.687080  -0.143518  -0.227326  -0.032359  0.973281  -0.016169  0.005587  0.030069  0.000000  0.000000  0.000000  1.000000  
88.377797 0.020282  -0.013635  -0.026808  0.664392  0.725581  0.179210  -0.712015  0.687376  -0.143349  -0.227196  -0.032360  0.973311  -0.016298  0.005960  0.030525  0.000000  0.000000  0.000000  1.000000  
88.379047 0.020261  -0.013625  -0.026775  0.664559  0.725464  0.179062  -0.711901  0.687504  -0.143300  -0.227065  -0.032243  0.973346  -0.016241  0.006552  0.030209  0.000000  0.000000  0.000000  1.000000  
88.380049 0.020244  -0.013616  -0.026752  0.664873  0.725184  0.179033  -0.711649  0.687800  -0.143131  -0.226935  -0.032244  0.973376  -0.016191  0.007087  0.029574  0.000000  0.000000  0.000000  1.000000  
88.381296 0.020222  -0.013605  -0.026724  0.665040  0.725045  0.178973  -0.711535  0.687946  -0.142999  -0.226805  -0.032245  0.973406  -0.016298  0.007528  0.028868  0.000000  0.000000  0.000000  1.000000  
88.382299 0.020204  -0.013596  -0.026702  0.665333  0.724762  0.179032  -0.711261  0.688244  -0.142926  -0.226805  -0.032245  0.973406  -0.016603  0.007690  0.028935  0.000000  0.000000  0.000000  1.000000  
88.383550 0.020181  -0.013588  -0.026671  0.665667  0.724506  0.178825  -0.711031  0.688519  -0.142745  -0.226544  -0.032129  0.973471  -0.016821  0.007644  0.029775  0.000000  0.000000  0.000000  1.000000  
88.384797 0.020157  -0.013580  -0.026636  0.665855  0.724370  0.178676  -0.710938  0.688662  -0.142518  -0.226284  -0.032131  0.973531  -0.016911  0.007593  0.030740  0.000000  0.000000  0.000000  1.000000  
88.385797 0.020135  -0.013574  -0.026601  0.666168  0.724111  0.178558  -0.710686  0.688940  -0.142433  -0.226153  -0.032014  0.973566  -0.017085  0.007536  0.031365  0.000000  0.000000  0.000000  1.000000  
88.386809 0.020115  -0.013567  -0.026562  0.666335  0.723972  0.178498  -0.710571  0.689086  -0.142301  -0.226023  -0.032015  0.973596  -0.017300  0.007560  0.031982  0.080971  0.063437  -0.153072  1.000000  
88.388053 0.020090  -0.013557  -0.026513  0.666669  0.723716  0.178291  -0.710341  0.689360  -0.142122  -0.225762  -0.031899  0.973660  -0.017803  0.007552  0.032069  0.075906  0.072837  -0.166202  1.000000  
88.389053 0.020071  -0.013550  -0.026476  0.666690  0.723741  0.178114  -0.710363  0.689340  -0.142110  -0.225632  -0.031782  0.973694  -0.018326  0.007451  0.031447  0.067741  0.077331  -0.166058  1.000000  
88.390302 0.020046  -0.013539  -0.026438  0.667023  0.723506  0.177818  -0.710132  0.689597  -0.142014  -0.225371  -0.031548  0.973762  -0.018686  0.007485  0.030630  0.058639  0.091241  -0.179111  1.000000  
88.391550 0.020018  -0.013528  -0.026407  0.667211  0.723434  0.177406  -0.710039  0.689688  -0.142039  -0.225110  -0.031195  0.973834  -0.019103  0.007663  0.029338  0.043883  0.100439  -0.185605  1.000000  
88.392798 0.019988  -0.013515  -0.026377  0.667398  0.723341  0.177081  -0.709945  0.689797  -0.141980  -0.224850  -0.030961  0.973901  -0.019646  0.007955  0.028744  0.029115  0.109645  -0.192059  1.000000  
88.394047 0.019959  -0.013502  -0.026342  0.667606  0.723271  0.176579  -0.709873  0.689885  -0.141910  -0.224459  -0.030609  0.974003  -0.020183  0.008171  0.028940  0.014213  0.122301  -0.196745  1.000000  
88.395048 0.019937  -0.013491  -0.026308  0.667814  0.723181  0.176165  -0.709802  0.689991  -0.141756  -0.224067  -0.030376  0.974100  -0.020431  0.008297  0.029598  0.003594  0.135902  -0.203057  1.000000  
88.396049 0.019916  -0.013483  -0.026267  0.667855  0.723229  0.175811  -0.709845  0.689950  -0.141733  -0.223807  -0.030141  0.974167  -0.020768  0.008229  0.030989  -0.014275  0.145774  -0.197679  1.000000  
88.397297 0.019889  -0.013474  -0.026213  0.668042  0.723135  0.175486  -0.709751  0.690059  -0.141675  -0.223546  -0.029907  0.974235  -0.021021  0.008166  0.032621  -0.024765  0.153689  -0.202464  1.000000  
88.398300 0.019865  -0.013468  -0.026170  0.668229  0.723041  0.175161  -0.709657  0.690168  -0.141616  -0.223285  -0.029672  0.974301  -0.021450  0.008114  0.033923  -0.035665  0.164145  -0.210598  1.000000  
88.399551 0.019835  -0.013460  -0.026120  0.668270  0.723089  0.174807  -0.709701  0.690128  -0.141594  -0.223024  -0.029438  0.974368  -0.021854  0.008127  0.034944  -0.043495  0.171720  -0.208654  1.000000  
88.400797 0.019806  -0.013450  -0.026077  0.668311  0.723136  0.174453  -0.709744  0.690088  -0.141571  -0.222763  -0.029203  0.974435  -0.021979  0.008320  0.034874  -0.054703  0.180185  -0.195027  1.000000  
88.401801 0.019783  -0.013443  -0.026045  0.668498  0.723042  0.174128  -0.709650  0.690196  -0.141513  -0.222502  -0.028969  0.974502  -0.022116  0.008295  0.034469  -0.066871  0.189121  -0.194796  1.000000  
88.403056 0.019758  -0.013432  -0.026010  0.668685  0.722947  0.173803  -0.709556  0.690305  -0.141455  -0.222241  -0.028734  0.974568  -0.022151  0.008374  0.033397  -0.075610  0.195130  -0.196271  1.000000  
88.404303 0.019733  -0.013422  -0.025976  0.668892  0.722855  0.173388  -0.709483  0.690411  -0.141302  -0.221850  -0.028500  0.974664  -0.022220  0.008382  0.032837  -0.087873  0.204056  -0.195964  1.000000  
88.405304 0.019712  -0.013414  -0.025946  0.668933  0.722902  0.173034  -0.709526  0.690372  -0.141280  -0.221589  -0.028265  0.974730  -0.022246  0.008345  0.032913  -0.099171  0.208104  -0.182378  1.000000  
88.406557 0.019686  -0.013405  -0.025904  0.669140  0.722810  0.172619  -0.709453  0.690478  -0.141127  -0.221198  -0.028031  0.974826  -0.022093  0.008191  0.033644  -0.107361  0.217045  -0.182116  1.000000  
88.407559 0.019664  -0.013397  -0.025865  0.669327  0.722736  0.172206  -0.709358  0.690570  -0.141153  -0.220937  -0.027678  0.974895  -0.021956  0.007983  0.034698  -0.121169  0.221285  -0.175277  1.000000  
88.408799 0.019641  -0.013387  -0.025809  0.669513  0.722661  0.171793  -0.709263  0.690662  -0.141179  -0.220676  -0.027325  0.974964  -0.021522  0.007788  0.036085  -0.129403  0.225818  -0.175265  1.000000  
88.410048 0.019621  -0.013376  -0.025749  0.669866  0.722447  0.171320  -0.709052  0.690900  -0.141075  -0.220284  -0.026973  0.975063  -0.021130  0.007676  0.037251  -0.140517  0.232847  -0.173605  1.000000  
88.411297 0.019601  -0.013365  -0.025687  0.670093  0.722397  0.170640  -0.708999  0.690970  -0.140996  -0.219762  -0.026503  0.975193  -0.020667  0.007761  0.037929  -0.159602  0.248026  -0.167973  1.000000  
88.412298 0.019584  -0.013355  -0.025642  0.670445  0.722182  0.170166  -0.708788  0.691209  -0.140893  -0.219370  -0.026151  0.975291  -0.020274  0.007957  0.037988  -0.168920  0.259526  -0.172927  1.000000  
88.413549 0.019561  -0.013342  -0.025595  0.670943  0.721845  0.169634  -0.708437  0.691579  -0.140839  -0.218979  -0.025680  0.975392  -0.019845  0.008249  0.037640  -0.179576  0.264122  -0.179569  1.000000  
88.414808 0.019540  -0.013328  -0.025552  0.671316  0.721631  0.169070  -0.708246  0.691815  -0.140642  -0.218457  -0.025328  0.975518  -0.019167  0.008685  0.037279  -0.193318  0.275195  -0.180809  1.000000  
88.416054 0.019521  -0.013313  -0.025508  0.671687  0.721417  0.168506  -0.708054  0.692051  -0.140446  -0.217934  -0.024976  0.975644  -0.018497  0.009059  0.037478  -0.200056  0.284402  -0.187416  1.000000  
88.417297 0.019503  -0.013298  -0.025458  0.672205  0.721080  0.167883  -0.707724  0.692419  -0.140299  -0.217412  -0.024505  0.975772  -0.018052  0.009341  0.038187  -0.213170  0.295646  -0.192298  1.000000  
88.418298 0.019488  -0.013288  -0.025413  0.672556  0.720842  0.167496  -0.707510  0.692674  -0.140114  -0.217020  -0.024271  0.975865  -0.017669  0.009525  0.039365  -0.215751  0.304726  -0.198800  1.000000  
88.419555 0.019467  -0.013275  -0.025355  0.673073  0.720484  0.166960  -0.707178  0.693059  -0.139884  -0.216498  -0.023918  0.975990  -0.017329  0.009626  0.041102  -0.218603  0.316513  -0.213760  1.000000  
88.420573 0.019450  -0.013265  -0.025308  0.673444  0.720248  0.166483  -0.706985  0.693313  -0.139605  -0.215975  -0.023685  0.976112  -0.017067  0.009759  0.042153  -0.216998  0.325391  -0.220179  1.000000  
88.421811 0.019428  -0.013252  -0.025250  0.673980  0.719891  0.165856  -0.706673  0.693695  -0.139282  -0.215322  -0.023333  0.976264  -0.016809  0.010052  0.042990  -0.215733  0.339211  -0.226845  1.000000  
88.422816 0.019411  -0.013242  -0.025207  0.674350  0.719654  0.165378  -0.706479  0.693949  -0.139004  -0.214799  -0.023099  0.976385  -0.016489  0.010279  0.043133  -0.212685  0.348353  -0.240080  1.000000  
88.424054 0.019391  -0.013227  -0.025156  0.674886  0.719296  0.164751  -0.706166  0.694332  -0.138683  -0.214146  -0.022747  0.976537  -0.016352  0.010604  0.042640  -0.213938  0.357764  -0.253550  1.000000  
88.425300 0.019371  -0.013212  -0.025107  0.675440  0.718939  0.164033  -0.705873  0.694712  -0.138267  -0.213362  -0.022395  0.976717  -0.016375  0.010830  0.041744  -0.211124  0.371615  -0.266917  1.000000  
88.426548 0.019351  -0.013194  -0.025062  0.675849  0.718745  0.163199  -0.705719  0.694928  -0.137971  -0.212577  -0.021925  0.976898  -0.016357  0.011213  0.040814  -0.216112  0.386455  -0.271094  1.000000  
88.427799 0.019328  -0.013176  -0.025016  0.676403  0.718406  0.162393  -0.705424  0.695293  -0.137641  -0.211793  -0.021455  0.977079  -0.016391  0.011582  0.040447  -0.223230  0.407956  -0.286589  1.000000  
88.429048 0.019306  -0.013157  -0.024968  0.676830  0.718193  0.161554  -0.705288  0.695524  -0.137167  -0.210877  -0.021104  0.977285  -0.016439  0.011959  0.040730  -0.220387  0.430649  -0.299679  1.000000  
88.430051 0.019288  -0.013141  -0.024924  0.677238  0.717977  0.160806  -0.705131  0.695758  -0.136788  -0.210092  -0.020752  0.977461  -0.016531  0.012255  0.041324  -0.223836  0.449680  -0.310178  1.000000  
88.431297 0.019266  -0.013122  -0.024862  0.677683  0.717783  0.159789  -0.705014  0.695971  -0.136305  -0.209046  -0.020282  0.977696  -0.016766  0.012488  0.042444  -0.230657  0.471990  -0.316501  1.000000  
88.432297 0.019248  -0.013108  -0.024809  0.677945  0.717709  0.159012  -0.704995  0.696058  -0.135959  -0.208261  -0.019930  0.977870  -0.017029  0.012744  0.043297  -0.237443  0.489921  -0.322910  1.000000  
88.433557 0.019223  -0.013089  -0.024742  0.678408  0.717497  0.157990  -0.704896  0.696287  -0.135299  -0.207083  -0.019579  0.978127  -0.017366  0.013086  0.043948  -0.240256  0.521193  -0.329037  1.000000  
88.434797 0.019198  -0.013068  -0.024680  0.678871  0.717302  0.156881  -0.704796  0.696500  -0.134723  -0.205905  -0.019109  0.978385  -0.017671  0.013660  0.044234  -0.243153  0.548076  -0.335435  1.000000  
88.435797 0.019177  -0.013051  -0.024637  0.679150  0.717228  0.156011  -0.704795  0.696586  -0.134284  -0.204988  -0.018757  0.978585  -0.017902  0.014158  0.043928  -0.245937  0.570422  -0.341809  1.000000  
88.436801 0.019157  -0.013033  -0.024599  0.679428  0.717153  0.155142  -0.704793  0.696672  -0.133846  -0.204071  -0.018404  0.978783  -0.018108  0.014630  0.043454  -0.250355  0.592998  -0.341720  1.000000  
88.438050 0.019131  -0.013011  -0.024551  0.679888  0.716957  0.154031  -0.704689  0.696887  -0.133272  -0.202892  -0.017934  0.979037  -0.018369  0.015160  0.043079  -0.253090  0.619438  -0.347926  1.000000  
88.439052 0.019111  -0.012994  -0.024512  0.680165  0.716881  0.153160  -0.704686  0.696974  -0.132834  -0.201975  -0.017581  0.979233  -0.018656  0.015521  0.042959  -0.256806  0.646618  -0.343722  1.000000  
88.440056 0.019091  -0.012977  -0.024469  0.680459  0.716787  0.152286  -0.704701  0.697076  -0.132217  -0.200926  -0.017347  0.979453  -0.018977  0.015925  0.043252  -0.252926  0.668818  -0.343377  1.000000  
88.441298 0.019065  -0.012955  -0.024414  0.680936  0.716590  0.151082  -0.704613  0.697291  -0.131551  -0.199616  -0.016877  0.979729  -0.019333  0.016208  0.043721  -0.253317  0.700337  -0.343181  1.000000  
88.442324 0.019045  -0.012937  -0.024367  0.681229  0.716495  0.150206  -0.704626  0.697394  -0.130935  -0.198567  -0.016643  0.979946  -0.019456  0.016477  0.044563  -0.250731  0.721939  -0.335901  1.000000  
88.443549 0.019019  -0.012916  -0.024306  0.681576  0.716441  0.148882  -0.704695  0.697460  -0.130205  -0.197124  -0.016172  0.980245  -0.019724  0.016608  0.045588  -0.254670  0.751978  -0.326312  1.000000  
88.444797 0.018994  -0.012895  -0.024244  0.681941  0.716369  0.147554  -0.704782  0.697542  -0.129297  -0.195550  -0.015820  0.980566  -0.019927  0.016670  0.046178  -0.256547  0.787673  -0.319315  1.000000  
88.445797 0.018973  -0.012877  -0.024195  0.682394  0.716166  0.146438  -0.704669  0.697761  -0.128727  -0.194369  -0.015348  0.980808  -0.020134  0.016816  0.046217  -0.263033  0.816518  -0.321883  1.000000  
88.446798 0.018954  -0.012860  -0.024147  0.682720  0.716090  0.145291  -0.704715  0.697847  -0.128008  -0.193056  -0.014995  0.981073  -0.020225  0.017040  0.045960  -0.266105  0.847408  -0.307986  1.000000  
88.447807 0.018934  -0.012841  -0.024101  0.683026  0.716011  0.144234  -0.704741  0.697935  -0.127383  -0.191874  -0.014642  0.981310  -0.020247  0.017346  0.045093  -0.271767  0.873868  -0.300887  1.000000  
88.449047 0.018909  -0.012816  -0.024047  0.683530  0.715810  0.142842  -0.704680  0.698152  -0.126532  -0.190298  -0.014170  0.981624  -0.020302  0.017650  0.044628  -0.273994  0.902496  -0.298246  1.000000  
88.450047 0.018890  -0.012796  -0.024005  0.683996  0.715604  0.141632  -0.704580  0.698372  -0.125869  -0.188984  -0.013697  0.981885  -0.020202  0.017875  0.044250  -0.282425  0.933841  -0.298109  1.000000  
88.451048 0.018870  -0.012776  -0.023963  0.684335  0.715525  0.140391  -0.704638  0.698459  -0.125057  -0.187539  -0.013344  0.982167  -0.020144  0.018011  0.044276  -0.288142  0.964759  -0.291120  1.000000  
88.452053 0.018851  -0.012756  -0.023916  0.684799  0.715301  0.139266  -0.704536  0.698696  -0.124311  -0.186225  -0.012990  0.982421  -0.020083  0.018171  0.044962  -0.293803  0.991144  -0.284205  1.000000  
88.453055 0.018831  -0.012737  -0.023865  0.685407  0.714932  0.138166  -0.704291  0.699080  -0.123538  -0.184910  -0.012635  0.982674  -0.020075  0.018286  0.045953  -0.296744  1.017893  -0.290787  1.000000  
88.454055 0.018811  -0.012718  -0.023809  0.685869  0.714706  0.137039  -0.704185  0.699318  -0.122793  -0.183595  -0.012281  0.982925  -0.019962  0.018433  0.046928  -0.301003  1.044408  -0.286624  1.000000  
88.455304 0.018787  -0.012694  -0.023737  0.686509  0.714353  0.135666  -0.703971  0.699686  -0.121918  -0.182016  -0.011808  0.983225  -0.019872  0.018597  0.048151  -0.299857  1.075430  -0.293318  1.000000  
88.456551 0.018764  -0.012670  -0.023667  0.686985  0.714126  0.134446  -0.703880  0.699923  -0.121081  -0.180569  -0.011453  0.983496  -0.019729  0.018710  0.049065  -0.301577  1.097710  -0.286620  1.000000  
88.457798 0.018739  -0.012647  -0.023602  0.687783  0.713612  0.133090  -0.703537  0.700453  -0.120002  -0.178858  -0.011098  0.983812  -0.019690  0.018815  0.049451  -0.292764  1.124568  -0.297694  1.000000  
88.458799 0.018719  -0.012628  -0.023555  0.688223  0.713381  0.132051  -0.703407  0.700694  -0.119355  -0.177673  -0.010743  0.984031  -0.019674  0.018917  0.049295  -0.295547  1.142835  -0.300512  1.000000  
88.460050 0.018694  -0.012605  -0.023498  0.688872  0.713024  0.130581  -0.703202  0.701064  -0.118391  -0.175961  -0.010269  0.984344  -0.019587  0.019095  0.048924  -0.296226  1.164600  -0.304832  1.000000  
88.461297 0.018670  -0.012582  -0.023442  0.689681  0.712507  0.129127  -0.702868  0.701595  -0.117222  -0.174117  -0.009914  0.984675  -0.019567  0.019152  0.048579  -0.288499  1.197302  -0.321400  1.000000  
88.462298 0.018651  -0.012563  -0.023397  0.690133  0.712274  0.127993  -0.702750  0.701836  -0.116484  -0.172799  -0.009558  0.984911  -0.019481  0.019188  0.048530  -0.287446  1.210278  -0.328367  1.000000  
88.463548 0.018627  -0.012539  -0.023337  0.690937  0.711755  0.126536  -0.702411  0.702368  -0.115319  -0.170954  -0.009202  0.985236  -0.019467  0.019106  0.048821  -0.287092  1.231991  -0.339240  1.000000  
88.464569 0.018607  -0.012521  -0.023287  0.691402  0.711521  0.125307  -0.702305  0.702609  -0.114489  -0.169503  -0.008846  0.985490  -0.019504  0.018944  0.049404  -0.285600  1.249847  -0.342213  1.000000  
88.465798 0.018582  -0.012499  -0.023219  0.692186  0.711013  0.123853  -0.701944  0.703129  -0.113506  -0.167789  -0.008370  0.985787  -0.019576  0.018746  0.050441  -0.283759  1.273380  -0.356487  1.000000  
88.467048 0.018557  -0.012477  -0.023149  0.692870  0.710636  0.122181  -0.701771  0.703515  -0.112184  -0.165678  -0.008014  0.986147  -0.019610  0.018596  0.051160  -0.279422  1.302950  -0.367033  1.000000  
88.468050 0.018537  -0.012459  -0.023093  0.693474  0.710253  0.120972  -0.701515  0.703904  -0.111332  -0.164226  -0.007658  0.986393  -0.019598  0.018518  0.051453  -0.275860  1.323817  -0.384524  1.000000  
88.469051 0.018517  -0.012440  -0.023038  0.693947  0.710016  0.119645  -0.701416  0.704148  -0.110413  -0.162642  -0.007301  0.986658  -0.019663  0.018520  0.051413  -0.276630  1.338556  -0.387937  1.000000  
88.470056 0.018497  -0.012421  -0.022984  0.694548  0.709631  0.118433  -0.701157  0.704539  -0.109563  -0.161190  -0.006943  0.986899  -0.019717  0.018492  0.051007  -0.278201  1.353884  -0.398439  1.000000  
88.471324 0.018472  -0.012396  -0.022923  0.695207  0.709248  0.116847  -0.700956  0.704928  -0.108340  -0.159209  -0.006586  0.987223  -0.019755  0.018537  0.050400  -0.276222  1.375434  -0.412120  1.000000  
88.472554 0.018447  -0.012373  -0.022862  0.695864  0.708864  0.115260  -0.700752  0.705317  -0.107118  -0.157227  -0.006229  0.987543  -0.019792  0.018575  0.050152  -0.272676  1.397953  -0.423277  1.000000  
88.473800 0.018421  -0.012350  -0.022803  0.696518  0.708479  0.113671  -0.700544  0.705708  -0.105898  -0.155245  -0.005871  0.987859  -0.019868  0.018587  0.050134  -0.269019  1.412651  -0.440701  1.000000  
88.475048 0.018395  -0.012327  -0.022741  0.697169  0.708078  0.112165  -0.700333  0.706111  -0.104594  -0.153262  -0.005634  0.988170  -0.019945  0.018557  0.050422  -0.260458  1.430581  -0.447986  1.000000  
88.476049 0.018375  -0.012309  -0.022689  0.697644  0.707821  0.110824  -0.700234  0.706371  -0.103501  -0.151543  -0.005395  0.988436  -0.020016  0.018469  0.051088  -0.255887  1.443941  -0.455199  1.000000  
88.477298 0.018351  -0.012287  -0.022619  0.698304  0.707433  0.109135  -0.700031  0.706763  -0.102192  -0.149427  -0.005037  0.988760  -0.020068  0.018385  0.051942  -0.251538  1.461981  -0.462660  1.000000  
88.478548 0.018326  -0.012265  -0.022548  0.698816  0.707176  0.107510  -0.699968  0.707022  -0.100820  -0.147309  -0.004799  0.989079  -0.020090  0.018272  0.052616  -0.240184  1.479676  -0.463231  1.000000  
88.479548 0.018306  -0.012248  -0.022494  0.699285  0.706916  0.106164  -0.699861  0.707283  -0.099730  -0.145589  -0.004560  0.989335  -0.020087  0.018231  0.052904  -0.235647  1.497573  -0.470450  1.000000  
88.480797 0.018282  -0.012227  -0.022432  0.699819  0.706658  0.104348  -0.699819  0.707542  -0.098173  -0.143206  -0.004322  0.989684  -0.019966  0.018178  0.052488  -0.228532  1.515402  -0.471013  1.000000  
88.481808 0.018263  -0.012210  -0.022384  0.700282  0.706397  0.103000  -0.699705  0.707804  -0.097085  -0.141484  -0.004083  0.989932  -0.019861  0.018110  0.051842  -0.225155  1.528444  -0.471385  1.000000  
88.483047 0.018240  -0.012189  -0.022326  0.700796  0.706136  0.101275  -0.699643  0.708065  -0.095623  -0.139232  -0.003844  0.990252  -0.019766  0.018048  0.051155  -0.221321  1.547462  -0.461251  1.000000  
88.484049 0.018223  -0.012171  -0.022282  0.701110  0.706008  0.099989  -0.699668  0.708195  -0.094471  -0.137509  -0.003724  0.990493  -0.019596  0.017944  0.050401  -0.215049  1.560560  -0.454827  1.000000  
88.485050 0.018206  -0.012153  -0.022237  0.701579  0.705745  0.098543  -0.699560  0.708458  -0.093292  -0.135654  -0.003485  0.990750  -0.019369  0.017845  0.049866  -0.211708  1.582610  -0.455210  1.000000  
88.486051 0.018190  -0.012136  -0.022191  0.701915  0.705627  0.096982  -0.699607  0.708576  -0.092040  -0.133665  -0.003246  0.991021  -0.019142  0.017681  0.049564  -0.209559  1.604976  -0.448941  1.000000  
88.487052 0.018173  -0.012119  -0.022143  0.702404  0.705364  0.095346  -0.699518  0.708839  -0.090674  -0.131543  -0.003006  0.991306  -0.018924  0.017524  0.049558  -0.209107  1.635632  -0.446201  1.000000  
88.488056 0.018157  -0.012103  -0.022092  0.702734  0.705233  0.093869  -0.699558  0.708969  -0.089337  -0.129553  -0.002887  0.991568  -0.018586  0.017350  0.049843  -0.203815  1.657631  -0.432813  1.000000  
88.489300 0.018137  -0.012083  -0.022026  0.703253  0.704969  0.091947  -0.699499  0.709233  -0.087692  -0.127032  -0.002647  0.991895  -0.018225  0.017178  0.050172  -0.201752  1.689280  -0.426500  1.000000  
88.490302 0.018120  -0.012066  -0.021972  0.703732  0.704703  0.090306  -0.699399  0.709499  -0.086329  -0.124908  -0.002407  0.992165  -0.017935  0.017078  0.050399  -0.199460  1.715957  -0.420084  1.000000  
88.491546 0.018102  -0.012046  -0.021907  0.704122  0.704572  0.088260  -0.699499  0.709629  -0.084432  -0.122120  -0.002287  0.992513  -0.017572  0.016918  0.050273  -0.191692  1.746570  -0.410186  1.000000  
88.492549 0.018087  -0.012030  -0.021857  0.704594  0.704294  0.086701  -0.699391  0.709905  -0.082985  -0.119995  -0.002168  0.992772  -0.017212  0.016740  0.049777  -0.187991  1.769762  -0.400371  1.000000  
88.493796 0.018070  -0.012010  -0.021797  0.705096  0.704026  0.084772  -0.699314  0.710171  -0.081344  -0.117471  -0.001927  0.993074  -0.016718  0.016702  0.049065  -0.181770  1.797124  -0.394272  1.000000  
88.495046 0.018051  -0.011991  -0.021742  0.705616  0.703748  0.082738  -0.699253  0.710448  -0.079431  -0.114680  -0.001807  0.993401  -0.016376  0.016553  0.048458  -0.178023  1.826477  -0.384366  1.000000  
88.496052 0.018037  -0.011975  -0.021700  0.705933  0.703614  0.081158  -0.699279  0.710581  -0.078003  -0.112553  -0.001687  0.993644  -0.015957  0.016527  0.047942  -0.170110  1.851592  -0.374709  1.000000  
88.497295 0.018020  -0.011956  -0.021644  0.706453  0.703334  0.079026  -0.699218  0.710857  -0.075998  -0.109628  -0.001567  0.993971  -0.015572  0.016320  0.047802  -0.162301  1.879405  -0.364893  1.000000  
88.498296 0.018007  -0.011942  -0.021597  0.706916  0.703044  0.077449  -0.699101  0.711144  -0.074375  -0.107367  -0.001568  0.994218  -0.015266  0.016137  0.047871  -0.153191  1.904211  -0.361539  1.000000  
88.499298 0.017994  -0.011929  -0.021550  0.707376  0.702763  0.075786  -0.698979  0.711423  -0.072840  -0.105105  -0.001448  0.994460  -0.014943  0.015819  0.048125  -0.146698  1.926822  -0.355187  1.000000  
88.500546 0.017978  -0.011912  -0.021487  0.707900  0.702482  0.073458  -0.698922  0.711700  -0.070651  -0.101911  -0.001327  0.994793  -0.014643  0.015497  0.048451  -0.138252  1.968975  -0.352621  1.000000  
88.501567 0.017964  -0.011900  -0.021437  0.708361  0.702191  0.071781  -0.698800  0.711987  -0.068938  -0.099515  -0.001328  0.995035  -0.014450  0.015114  0.048592  -0.128770  1.997261  -0.348842  1.000000  
88.502798 0.017947  -0.011885  -0.021376  0.708845  0.701909  0.069733  -0.698702  0.712265  -0.067032  -0.096719  -0.001207  0.995311  -0.014319  0.014775  0.048597  -0.125371  2.021714  -0.339622  1.000000  
88.503807 0.017933  -0.011873  -0.021329  0.709296  0.701626  0.067967  -0.698572  0.712544  -0.065408  -0.094321  -0.001087  0.995541  -0.014080  0.014476  0.048117  -0.119857  2.051215  -0.336011  1.000000  
88.505056 0.017916  -0.011857  -0.021273  0.709770  0.701335  0.066000  -0.698463  0.712831  -0.063417  -0.091524  -0.001087  0.995802  -0.013883  0.014214  0.047358  -0.108492  2.073813  -0.336445  1.000000  
88.506301 0.017898  -0.011841  -0.021218  0.710255  0.701052  0.063756  -0.698365  0.713110  -0.061328  -0.088459  -0.000967  0.996079  -0.013820  0.013890  0.046682  -0.106138  2.110125  -0.330015  1.000000  
88.507549 0.017880  -0.011826  -0.021164  0.710869  0.700613  0.061702  -0.698105  0.713541  -0.059234  -0.085527  -0.000967  0.996335  -0.013818  0.013562  0.046037  -0.094769  2.137126  -0.330434  1.000000  
88.508550 0.017865  -0.011813  -0.021120  0.711301  0.700321  0.060013  -0.697955  0.713827  -0.057528  -0.083127  -0.000967  0.996539  -0.013912  0.013329  0.045940  -0.091385  2.159432  -0.330557  1.000000  
88.509797 0.017845  -0.011799  -0.021062  0.711904  0.699889  0.057868  -0.697684  0.714251  -0.055524  -0.080193  -0.000846  0.996779  -0.013984  0.013005  0.046151  -0.087442  2.182710  -0.337996  1.000000  
88.511048 0.017825  -0.011783  -0.020999  0.712500  0.699449  0.055806  -0.697406  0.714682  -0.053435  -0.077259  -0.000847  0.997011  -0.014164  0.012747  0.046690  -0.078677  2.199763  -0.342201  1.000000  
88.512054 0.017809  -0.011773  -0.020947  0.712911  0.699150  0.054291  -0.697234  0.714974  -0.051740  -0.074991  -0.000968  0.997184  -0.014354  0.012454  0.047250  -0.067889  2.217580  -0.345198  1.000000  
88.513297 0.017789  -0.011759  -0.020880  0.713496  0.698710  0.052223  -0.696944  0.715404  -0.049655  -0.072055  -0.000968  0.997400  -0.014558  0.012195  0.047862  -0.058621  2.239769  -0.356315  1.000000  
88.514297 0.017772  -0.011747  -0.020828  0.714062  0.698270  0.050343  -0.696636  0.715834  -0.047759  -0.069386  -0.000968  0.997589  -0.014745  0.012099  0.048094  -0.051177  2.267557  -0.366545  1.000000  
88.515298 0.017755  -0.011737  -0.020778  0.714610  0.697830  0.048652  -0.696309  0.716263  -0.046051  -0.066983  -0.000968  0.997754  -0.015085  0.011874  0.048115  -0.043122  2.285478  -0.373743  1.000000  
88.516301 0.017739  -0.011726  -0.020730  0.715010  0.697531  0.047033  -0.696125  0.716554  -0.044267  -0.064580  -0.001089  0.997912  -0.015263  0.011788  0.047994  -0.031053  2.299340  -0.380888  1.000000  
88.517548 0.017718  -0.011712  -0.020674  0.715716  0.696943  0.044963  -0.695666  0.717126  -0.042181  -0.061642  -0.001090  0.998098  -0.015482  0.011689  0.047618  -0.022334  2.311218  -0.391661  1.000000  
88.518548 0.017703  -0.011701  -0.020630  0.716244  0.696501  0.043360  -0.695319  0.717555  -0.040572  -0.059372  -0.001090  0.998235  -0.015547  0.011689  0.047430  -0.017876  2.315595  -0.405529  1.000000  
88.519554 0.017686  -0.011690  -0.020584  0.716631  0.696203  0.041735  -0.695122  0.717844  -0.038793  -0.056967  -0.001211  0.998375  -0.015767  0.011520  0.047398  -0.006822  2.330274  -0.409137  1.000000  
88.520808 0.017666  -0.011676  -0.020525  0.717315  0.695614  0.039752  -0.694640  0.718415  -0.036807  -0.054162  -0.001211  0.998531  -0.015915  0.011408  0.047660  0.001423  2.334029  -0.423172  1.000000  
88.522053 0.017647  -0.011662  -0.020463  0.717846  0.695168  0.037938  -0.694295  0.718846  -0.034837  -0.051490  -0.001332  0.998673  -0.016080  0.011307  0.048236  0.008996  2.330062  -0.430272  1.000000  
88.523056 0.017630  -0.011651  -0.020412  0.718357  0.694721  0.036410  -0.693932  0.719278  -0.033148  -0.049218  -0.001454  0.998787  -0.016164  0.011193  0.048706  0.017375  2.338614  -0.444040  1.000000  
88.524300 0.017610  -0.011639  -0.020348  0.719025  0.694127  0.034502  -0.693433  0.719850  -0.031083  -0.046411  -0.001575  0.998921  -0.016212  0.011040  0.049188  0.029497  2.343553  -0.458156  1.000000  
88.525548 0.017589  -0.011625  -0.020283  0.719544  0.693682  0.032583  -0.693077  0.720279  -0.029027  -0.043605  -0.001697  0.999047  -0.016231  0.010992  0.049378  0.036893  2.343737  -0.465194  1.000000  
88.526798 0.017569  -0.011611  -0.020220  0.720196  0.693088  0.030764  -0.692562  0.720851  -0.027059  -0.040931  -0.001818  0.999160  -0.016252  0.010905  0.049391  0.044772  2.334819  -0.479124  1.000000  
88.527798 0.017552  -0.011600  -0.020171  0.720550  0.692791  0.029124  -0.692332  0.721136  -0.025292  -0.038524  -0.001939  0.999256  -0.016307  0.010940  0.049005  0.047988  2.342349  -0.481901  1.000000  
88.529048 0.017533  -0.011584  -0.020111  0.721195  0.692198  0.027203  -0.691810  0.721705  -0.023237  -0.035717  -0.002061  0.999360  -0.016222  0.011054  0.048618  0.055489  2.339572  -0.493007  1.000000  
88.530048 0.017517  -0.011572  -0.020064  0.721530  0.691900  0.025848  -0.691562  0.721990  -0.021750  -0.033711  -0.002182  0.999429  -0.016193  0.011177  0.048373  0.062623  2.324492  -0.495794  1.000000  
88.531049 0.017501  -0.011559  -0.020018  0.722005  0.691451  0.024580  -0.691161  0.722419  -0.020172  -0.031705  -0.002425  0.999494  -0.016147  0.011326  0.048222  0.070468  2.307871  -0.506679  1.000000  
88.532053 0.017485  -0.011547  -0.019970  0.722337  0.691155  0.023126  -0.690909  0.722702  -0.018595  -0.029565  -0.002546  0.999560  -0.016118  0.011412  0.048491  0.077445  2.298576  -0.506704  1.000000  
88.533299 0.017465  -0.011530  -0.019908  0.722815  0.690708  0.021468  -0.690513  0.723129  -0.016650  -0.027024  -0.002789  0.999631  -0.016147  0.011571  0.048904  0.084127  2.289669  -0.509393  1.000000  
88.534549 0.017444  -0.011514  -0.019842  0.723294  0.690264  0.019529  -0.690116  0.723551  -0.014610  -0.024215  -0.002910  0.999703  -0.016154  0.011714  0.049522  0.091153  2.289246  -0.516236  1.000000  
88.535797 0.017425  -0.011498  -0.019775  0.723764  0.689819  0.017769  -0.689711  0.723975  -0.012577  -0.021540  -0.003153  0.999763  -0.016111  0.011860  0.050067  0.102165  2.275948  -0.523072  1.000000  
88.536804 0.017408  -0.011485  -0.019722  0.724080  0.689521  0.016391  -0.689443  0.724257  -0.010918  -0.019400  -0.003396  0.999806  -0.016143  0.011959  0.050232  0.109037  2.266841  -0.522823  1.000000  
88.538049 0.017388  -0.011470  -0.019660  0.724402  0.689227  0.014431  -0.689182  0.724536  -0.008707  -0.016456  -0.003638  0.999858  -0.016179  0.012125  0.050185  0.115228  2.267041  -0.515808  1.000000  
88.539050 0.017371  -0.011457  -0.019611  0.724709  0.688931  0.013050  -0.688906  0.724816  -0.007050  -0.014316  -0.003881  0.999890  -0.016175  0.012319  0.049944  0.127071  2.258805  -0.520054  1.000000  
88.540052 0.017354  -0.011444  -0.019566  0.725014  0.688637  0.011585  -0.688627  0.725095  -0.005483  -0.012175  -0.004002  0.999918  -0.016239  0.012448  0.049592  0.129621  2.249562  -0.513020  1.000000  
88.541298 0.017333  -0.011428  -0.019510  0.725318  0.688343  0.009896  -0.688348  0.725372  -0.003372  -0.009500  -0.004366  0.999945  -0.016255  0.012602  0.049021  0.139413  2.244648  -0.508444  1.000000  
88.542301 0.017316  -0.011415  -0.019466  0.725614  0.688049  0.008511  -0.688062  0.725650  -0.001719  -0.007359  -0.004609  0.999962  -0.016348  0.012705  0.048628  0.143044  2.236332  -0.505456  1.000000  
88.543548 0.017294  -0.011399  -0.019408  0.725910  0.687758  0.006639  -0.687775  0.725924  0.000393  -0.004549  -0.004852  0.999978  -0.016512  0.012740  0.048454  0.149442  2.227590  -0.498401  1.000000  
88.544550 0.017276  -0.011386  -0.019360  0.726057  0.687615  0.005252  -0.687630  0.726058  0.002043  -0.002408  -0.005094  0.999984  -0.016606  0.012838  0.048513  0.156226  2.218430  -0.485323  1.000000  
88.545797 0.017252  -0.011370  -0.019299  0.726483  0.687175  0.003556  -0.687184  0.726472  0.004149  0.000268  -0.005458  0.999985  -0.016861  0.012835  0.048734  0.161475  2.204801  -0.479846  1.000000  
88.546798 0.017232  -0.011357  -0.019248  0.726623  0.687033  0.002167  -0.687032  0.726604  0.005797  0.002408  -0.005701  0.999981  -0.017170  0.012870  0.049182  0.169312  2.196285  -0.469885  1.000000  
88.547839 0.017213  -0.011345  -0.019197  0.726900  0.686743  0.000678  -0.686728  0.726876  0.007536  0.004683  -0.005943  0.999971  -0.017284  0.012749  0.048900  0.175919  2.188908  -0.462133  1.000000  
88.549047 0.017188  -0.011330  -0.019134  0.727170  0.686456  -0.001119  -0.686416  0.727144  0.009730  0.007493  -0.006307  0.999952  -0.017580  0.012726  0.048982  0.181423  2.191665  -0.451507  1.000000  
88.550047 0.017168  -0.011317  -0.019085  0.727440  0.686167  -0.002333  -0.686105  0.727413  0.011371  0.009500  -0.006671  0.999933  -0.017854  0.012748  0.048711  0.192490  2.183755  -0.444499  1.000000  
88.551297 0.017142  -0.011302  -0.019026  0.727844  0.685732  -0.003941  -0.685637  0.727821  0.013377  0.012042  -0.007035  0.999903  -0.018257  0.012709  0.048239  0.199324  2.174489  -0.443940  1.000000  
88.552300 0.017122  -0.011289  -0.018980  0.728107  0.685444  -0.005158  -0.685319  0.728088  0.015016  0.014048  -0.007398  0.999874  -0.018554  0.012658  0.047751  0.210312  2.165150  -0.436643  1.000000  
88.553309 0.017101  -0.011277  -0.018934  0.728367  0.685157  -0.006377  -0.684999  0.728354  0.016654  0.016055  -0.007762  0.999841  -0.018843  0.012660  0.047544  0.218909  2.160424  -0.425967  1.000000  
88.554556 0.017076  -0.011262  -0.018878  0.728756  0.684725  -0.008088  -0.684517  0.728756  0.018747  0.018731  -0.008125  0.999792  -0.019117  0.012579  0.047392  0.225855  2.155951  -0.425466  1.000000  
88.555807 0.017051  -0.011247  -0.018818  0.729142  0.684295  -0.009621  -0.684032  0.729154  0.020835  0.021272  -0.008610  0.999737  -0.019417  0.012491  0.047611  0.236813  2.146793  -0.417902  1.000000  
88.557052 0.017024  -0.011234  -0.018756  0.729520  0.683867  -0.011255  -0.683540  0.729550  0.023012  0.023948  -0.009095  0.999672  -0.019767  0.012247  0.048115  0.247902  2.142784  -0.417356  1.000000  
88.558110 0.017003  -0.011224  -0.018705  0.729762  0.683585  -0.012578  -0.683203  0.729809  0.024735  0.026088  -0.009458  0.999615  -0.019919  0.012038  0.048257  0.254570  2.134190  -0.409151  1.000000  
88.559301 0.016977  -0.011211  -0.018642  0.730271  0.683010  -0.014221  -0.682552  0.730342  0.026906  0.028763  -0.009942  0.999537  -0.020227  0.011857  0.048693  0.262091  2.134137  -0.416140  1.000000  
88.560548 0.016951  -0.011199  -0.018580  0.730640  0.682585  -0.015583  -0.682051  0.730730  0.028983  0.031170  -0.010548  0.999458  -0.020412  0.011583  0.048705  0.277359  2.130007  -0.415436  1.000000  
88.561797 0.016925  -0.011187  -0.018521  0.731141  0.682012  -0.017135  -0.681393  0.731258  0.031057  0.033711  -0.011032  0.999371  -0.020501  0.011371  0.048497  0.282769  2.130718  -0.418939  1.000000  
88.562798 0.016905  -0.011177  -0.018474  0.731514  0.681584  -0.018193  -0.680897  0.731649  0.032677  0.035583  -0.011516  0.999300  -0.020594  0.011246  0.048356  0.295781  2.125792  -0.420956  1.000000  
