1-Time 2-Px 3-Py 4-Pz 5-R11 6-R21 7-R31 8-R12 9-R22 10-R32 11-R13 12-R23 13-R33 14-Vx 15-Vy 16-Vz 17-Wx 18-Wy 19-Wz 20-state
51.726995 0.024409  -0.005757  -0.039141  0.433270  0.761132  0.482655  -0.840477  0.534568  -0.088518  -0.325385  -0.367308  0.871326  0.001106  0.000170  0.000387  0.000000  0.000000  0.000000  1.000000  
51.728080 0.024410  -0.005756  -0.039140  0.433270  0.761132  0.482655  -0.840477  0.534568  -0.088518  -0.325385  -0.367308  0.871326  0.001011  0.000271  0.000531  0.000000  0.000000  0.000000  1.000000  
51.729326 0.024406  -0.005762  -0.039105  0.433289  0.761154  0.482602  -0.840516  0.534524  -0.088414  -0.325259  -0.367325  0.871366  -0.001811  -0.002633  0.017891  0.000000  0.000000  0.000000  1.000000  
51.730326 0.024400  -0.005768  -0.039064  0.433136  0.761287  0.482530  -0.840644  0.534324  -0.088410  -0.325132  -0.367342  0.871406  -0.003153  -0.003688  0.025813  0.000000  0.000000  0.000000  1.000000  
51.731331 0.024394  -0.005770  -0.039029  0.433136  0.761287  0.482530  -0.840644  0.534324  -0.088410  -0.325132  -0.367342  0.871406  -0.003721  -0.003408  0.028017  0.000000  0.000000  0.000000  1.000000  
51.732334 0.024388  -0.005770  -0.039007  0.433136  0.761287  0.482530  -0.840644  0.534324  -0.088410  -0.325132  -0.367342  0.871406  -0.004173  -0.002618  0.026821  0.000000  0.000000  0.000000  1.000000  
51.733581 0.024376  -0.005766  -0.038986  0.433156  0.761309  0.482477  -0.840682  0.534280  -0.088306  -0.325006  -0.367359  0.871446  -0.005305  -0.001492  0.024814  0.000000  0.000000  0.000000  1.000000  
51.734585 0.024360  -0.005764  -0.038970  0.432983  0.761419  0.482458  -0.840772  0.534123  -0.088405  -0.325006  -0.367359  0.871446  -0.006759  -0.001061  0.023536  0.000000  0.000000  0.000000  1.000000  
51.735835 0.024340  -0.005762  -0.038950  0.433003  0.761442  0.482405  -0.840810  0.534080  -0.088302  -0.324879  -0.367376  0.871486  -0.008125  -0.000667  0.022392  0.000000  0.000000  0.000000  1.000000  
51.737077 0.024326  -0.005757  -0.038928  0.432850  0.761516  0.482426  -0.840938  0.533890  -0.088233  -0.324753  -0.367499  0.871482  -0.008583  -0.000063  0.021858  0.000000  0.000000  0.000000  1.000000  
51.738326 0.024314  -0.005751  -0.038900  0.432677  0.761509  0.482592  -0.841027  0.533754  -0.088202  -0.324753  -0.367710  0.871393  -0.008689  0.000511  0.021909  0.000000  0.000000  0.000000  1.000000  
51.739326 0.024302  -0.005749  -0.038873  0.432677  0.761450  0.482685  -0.841027  0.533765  -0.088138  -0.324753  -0.367816  0.871348  -0.008935  0.000662  0.022365  0.000000  0.000000  0.000000  1.000000  
51.740326 0.024287  -0.005749  -0.038842  0.432484  0.761420  0.482905  -0.841077  0.533674  -0.088211  -0.324879  -0.368010  0.871219  -0.009377  0.000594  0.023028  0.000000  0.000000  0.000000  1.000000  
51.741328 0.024270  -0.005752  -0.038807  0.432311  0.761413  0.483071  -0.841166  0.533538  -0.088181  -0.324879  -0.368222  0.871129  -0.009972  0.000354  0.023850  0.000000  0.000000  0.000000  1.000000  
51.742576 0.024246  -0.005758  -0.038756  0.431964  0.761515  0.483220  -0.841344  0.533246  -0.088251  -0.324879  -0.368433  0.871040  -0.010896  -0.000120  0.025671  0.000000  0.000000  0.000000  1.000000  
51.743576 0.024225  -0.005766  -0.038710  0.431964  0.761340  0.483497  -0.841344  0.533278  -0.088057  -0.324879  -0.368750  0.870906  -0.012372  -0.000474  0.028066  0.000000  0.000000  0.000000  1.000000  
51.744576 0.024206  -0.005772  -0.038665  0.431791  0.761332  0.483663  -0.841433  0.533143  -0.088027  -0.324879  -0.368961  0.870816  -0.013360  -0.000520  0.028459  0.000000  0.000000  0.000000  1.000000  
51.745826 0.024185  -0.005775  -0.038618  0.431791  0.761215  0.483848  -0.841433  0.533164  -0.087898  -0.324879  -0.369172  0.870727  -0.014149  -0.000347  0.028454  0.000000  0.000000  0.000000  1.000000  
51.747076 0.024162  -0.005773  -0.038584  0.431618  0.761207  0.484014  -0.841522  0.533029  -0.087868  -0.324879  -0.369384  0.870637  -0.015215  -0.000239  0.028529  0.000000  0.000000  0.000000  1.000000  
51.748084 0.024140  -0.005771  -0.038562  0.431444  0.761258  0.484089  -0.841611  0.532883  -0.087903  -0.324879  -0.369489  0.870592  -0.016148  -0.000270  0.029023  0.000000  0.000000  0.000000  1.000000  
51.749336 0.024112  -0.005768  -0.038525  0.431444  0.761199  0.484181  -0.841611  0.532893  -0.087838  -0.324879  -0.369595  0.870548  -0.016850  -0.000269  0.030214  0.000000  0.000000  0.000000  1.000000  
51.750583 0.024087  -0.005766  -0.038472  0.431618  0.761090  0.484199  -0.841522  0.533050  -0.087739  -0.324879  -0.369595  0.870548  -0.017134  -0.000218  0.032431  0.000000  0.000000  0.000000  1.000000  
51.751826 0.024070  -0.005759  -0.038404  0.431618  0.761031  0.484291  -0.841522  0.533061  -0.087674  -0.324879  -0.369700  0.870503  -0.017192  -0.000087  0.035272  0.000000  0.000000  0.000000  1.000000  
51.752826 0.024059  -0.005754  -0.038340  0.431618  0.761031  0.484291  -0.841522  0.533061  -0.087674  -0.324879  -0.369700  0.870503  -0.017451  -0.000148  0.038366  0.000000  0.000000  0.000000  1.000000  
51.754077 0.024041  -0.005749  -0.038260  0.431811  0.760885  0.484349  -0.841472  0.533184  -0.087406  -0.324753  -0.369823  0.870498  -0.017675  -0.000016  0.041544  0.000000  0.000000  0.000000  1.000000  
51.755326 0.024018  -0.005747  -0.038188  0.432004  0.760798  0.484313  -0.841422  0.533297  -0.087203  -0.324626  -0.369840  0.870538  -0.017965  0.000148  0.043575  0.000000  0.000000  0.000000  1.000000  
51.756578 0.023993  -0.005745  -0.038129  0.432197  0.760769  0.484186  -0.841371  0.533399  -0.087064  -0.324500  -0.369751  0.870623  -0.018142  0.000656  0.044645  0.000000  0.000000  0.000000  1.000000  
51.757825 0.023967  -0.005740  -0.038083  0.432370  0.760659  0.484204  -0.841282  0.533555  -0.086964  -0.324500  -0.369751  0.870623  -0.018240  0.001387  0.044162  0.000000  0.000000  0.000000  1.000000  
51.758826 0.023946  -0.005736  -0.038048  0.432370  0.760718  0.484111  -0.841282  0.533545  -0.087029  -0.324500  -0.369646  0.870668  -0.018314  0.002123  0.043372  0.000000  0.000000  0.000000  1.000000  
51.759826 0.023926  -0.005732  -0.038014  0.432543  0.760608  0.484129  -0.841193  0.533701  -0.086929  -0.324500  -0.369646  0.870668  -0.018398  0.002856  0.042794  0.000000  0.000000  0.000000  1.000000  
51.761077 0.023903  -0.005729  -0.037967  0.432890  0.760389  0.484165  -0.841015  0.534014  -0.086730  -0.324500  -0.369646  0.870668  -0.018446  0.003102  0.042873  0.000000  0.000000  0.000000  1.000000  
51.762325 0.023881  -0.005726  -0.037918  0.433083  0.760360  0.484037  -0.840965  0.534116  -0.086592  -0.324373  -0.369557  0.870752  -0.018435  0.003104  0.044060  0.000000  0.000000  0.000000  1.000000  
51.763325 0.023861  -0.005722  -0.037875  0.433256  0.760250  0.484055  -0.840875  0.534273  -0.086492  -0.324373  -0.369557  0.870752  -0.018271  0.003228  0.045769  0.000000  0.000000  0.000000  1.000000  
51.764332 0.023838  -0.005720  -0.037829  0.433429  0.760140  0.484073  -0.840786  0.534429  -0.086392  -0.324373  -0.369557  0.870752  -0.018230  0.003242  0.046395  0.000000  0.000000  0.000000  1.000000  
51.765580 0.023812  -0.005716  -0.037763  0.433602  0.760089  0.483999  -0.840697  0.534575  -0.086357  -0.324373  -0.369451  0.870797  -0.018341  0.003298  0.047322  0.000000  0.000000  0.000000  1.000000  
51.766830 0.023790  -0.005711  -0.037696  0.433948  0.759986  0.483850  -0.840518  0.534867  -0.086288  -0.324373  -0.369240  0.870887  -0.018885  0.003184  0.046910  0.000000  0.000000  0.000000  1.000000  
51.768088 0.023770  -0.005706  -0.037634  0.434141  0.760016  0.483630  -0.840468  0.534959  -0.086215  -0.324247  -0.369046  0.871016  -0.019182  0.003096  0.045654  0.000000  0.000000  0.000000  1.000000  
51.769326 0.023747  -0.005699  -0.037580  0.434487  0.759971  0.483389  -0.840289  0.535241  -0.086210  -0.324247  -0.368729  0.871151  -0.019344  0.003360  0.044292  0.000000  0.000000  0.000000  1.000000  
51.770327 0.023724  -0.005693  -0.037544  0.434660  0.760096  0.483038  -0.840199  0.535355  -0.086370  -0.324247  -0.368306  0.871329  -0.019557  0.003658  0.042793  0.000000  0.000000  0.000000  1.000000  
51.771578 0.023694  -0.005684  -0.037500  0.435026  0.760191  0.482559  -0.840059  0.535572  -0.086393  -0.324120  -0.367794  0.871593  -0.019895  0.004034  0.041980  0.000000  0.000000  0.000000  1.000000  
51.772580 0.023671  -0.005677  -0.037461  0.435372  0.760263  0.482133  -0.839880  0.535833  -0.086519  -0.324120  -0.367266  0.871815  -0.020053  0.004249  0.042165  0.000000  0.000000  0.000000  1.000000  
51.773826 0.023645  -0.005669  -0.037402  0.435737  0.760415  0.481562  -0.839739  0.536039  -0.086607  -0.323993  -0.366648  0.872122  -0.020067  0.004457  0.043313  0.000000  0.000000  0.000000  1.000000  
51.774826 0.023626  -0.005664  -0.037345  0.436083  0.760428  0.481228  -0.839559  0.536310  -0.086669  -0.323993  -0.366225  0.872300  -0.019999  0.004598  0.044663  0.000000  0.000000  0.000000  1.000000  
51.775828 0.023609  -0.005660  -0.037283  0.436429  0.760499  0.480803  -0.839380  0.536571  -0.086796  -0.323993  -0.365696  0.872522  -0.019988  0.004669  0.046383  0.000000  0.000000  0.000000  1.000000  
51.777077 0.023586  -0.005655  -0.037205  0.436927  0.760494  0.480357  -0.839071  0.537021  -0.086994  -0.324120  -0.365044  0.872748  -0.019992  0.004822  0.048316  0.000000  0.000000  0.000000  1.000000  
51.778326 0.023560  -0.005649  -0.037136  0.437253  0.760658  0.479801  -0.838853  0.537303  -0.087356  -0.324247  -0.364286  0.873018  -0.020004  0.004969  0.049351  -0.129947  0.104675  -0.190666  1.000000  
51.779326 0.023538  -0.005644  -0.037089  0.437405  0.760758  0.479504  -0.838725  0.537460  -0.087621  -0.324373  -0.363846  0.873154  -0.020017  0.005036  0.049335  -0.146683  0.102042  -0.196570  1.000000  
51.780326 0.023518  -0.005639  -0.037050  0.437730  0.760805  0.479133  -0.838506  0.537764  -0.087854  -0.324500  -0.363299  0.873335  -0.019955  0.005213  0.048439  -0.164637  0.100367  -0.204278  1.000000  
51.781332 0.023499  -0.005633  -0.037016  0.437883  0.760962  0.478744  -0.838377  0.537910  -0.088185  -0.324626  -0.362753  0.873515  -0.019957  0.005323  0.047127  -0.188184  0.099525  -0.213746  1.000000  
51.782581 0.023479  -0.005628  -0.036970  0.438208  0.761066  0.478280  -0.838158  0.538202  -0.088483  -0.324753  -0.362101  0.873738  -0.020034  0.005324  0.045791  -0.208107  0.100348  -0.227557  1.000000  
51.783830 0.023457  -0.005624  -0.036920  0.438513  0.761206  0.477779  -0.837901  0.538526  -0.088951  -0.325006  -0.361325  0.873965  -0.019974  0.005201  0.045423  -0.238475  0.090359  -0.238858  1.000000  
51.785076 0.023433  -0.005621  -0.036864  0.438837  0.761367  0.477223  -0.837682  0.538806  -0.089315  -0.325132  -0.360567  0.874231  -0.019832  0.004880  0.045876  -0.264784  0.084495  -0.248424  1.000000  
51.786330 0.023409  -0.005620  -0.036801  0.439142  0.761505  0.476722  -0.837424  0.539129  -0.089783  -0.325385  -0.359791  0.874457  -0.019363  0.004388  0.047365  -0.286957  0.074442  -0.259681  1.000000  
51.787576 0.023388  -0.005617  -0.036731  0.439446  0.761701  0.476129  -0.837166  0.539440  -0.090318  -0.325638  -0.358909  0.874725  -0.018885  0.004001  0.048636  -0.317307  0.068537  -0.269226  1.000000  
51.788577 0.023372  -0.005615  -0.036672  0.439771  0.761860  0.475574  -0.836946  0.539720  -0.090684  -0.325765  -0.358150  0.874989  -0.018501  0.003645  0.049441  -0.337249  0.069289  -0.283063  1.000000  
51.789579 0.023358  -0.005611  -0.036611  0.439902  0.762166  0.474962  -0.836779  0.539873  -0.091317  -0.326018  -0.357268  0.875255  -0.018195  0.003606  0.049749  -0.366769  0.060340  -0.284172  1.000000  
51.790580 0.023344  -0.005605  -0.036552  0.440226  0.762382  0.474315  -0.836559  0.540140  -0.091749  -0.326144  -0.356402  0.875561  -0.017918  0.003709  0.049543  -0.400127  0.059054  -0.294300  1.000000  
51.791826 0.023327  -0.005596  -0.036483  0.440702  0.762636  0.473463  -0.836209  0.540573  -0.092385  -0.326397  -0.355200  0.875955  -0.017572  0.003989  0.048932  -0.435054  0.052607  -0.301364  1.000000  
51.792828 0.023312  -0.005586  -0.036435  0.441178  0.762774  0.472797  -0.835860  0.541027  -0.092890  -0.326650  -0.354211  0.876261  -0.017107  0.004348  0.048392  -0.470797  0.045415  -0.321117  1.000000  
51.794078 0.023294  -0.005572  -0.036382  0.441825  0.762972  0.471873  -0.835419  0.541603  -0.093497  -0.326903  -0.352903  0.876695  -0.016577  0.004892  0.047935  -0.506621  0.046492  -0.345996  1.000000  
51.795326 0.023275  -0.005559  -0.036324  0.442280  0.763200  0.471078  -0.835030  0.542074  -0.094239  -0.327283  -0.351684  0.877043  -0.016143  0.005285  0.048415  -0.544651  0.036326  -0.357041  1.000000  
51.796326 0.023263  -0.005551  -0.036270  0.442582  0.763504  0.470301  -0.834770  0.542356  -0.094911  -0.327535  -0.350587  0.877388  -0.015774  0.005494  0.049740  -0.578798  0.030306  -0.366470  1.000000  
51.797328 0.023250  -0.005545  -0.036209  0.443036  0.763616  0.469691  -0.834381  0.542848  -0.095524  -0.327915  -0.349580  0.877648  -0.015508  0.005567  0.051383  -0.606500  0.022627  -0.383494  1.000000  
51.798332 0.023237  -0.005540  -0.036143  0.443510  0.763749  0.469027  -0.834029  0.543298  -0.096034  -0.328167  -0.348590  0.877947  -0.015141  0.005696  0.053436  -0.633655  0.012530  -0.397821  1.000000  
51.799335 0.023225  -0.005536  -0.036077  0.443963  0.763859  0.468418  -0.833639  0.543788  -0.096649  -0.328547  -0.347583  0.878205  -0.014744  0.005833  0.054948  -0.653581  0.004703  -0.415060  1.000000  
51.800580 0.023207  -0.005530  -0.036001  0.444567  0.764005  0.467607  -0.833118  0.544439  -0.097471  -0.329052  -0.346239  0.878546  -0.014278  0.006143  0.056013  -0.677512  -0.011610  -0.435643  1.000000  
51.801830 0.023189  -0.005523  -0.035933  0.444998  0.764205  0.466870  -0.832688  0.544944  -0.098324  -0.329557  -0.345003  0.878843  -0.014032  0.006410  0.056124  -0.699634  -0.026243  -0.448456  1.000000  
51.802831 0.023174  -0.005517  -0.035885  0.445450  0.764369  0.466170  -0.832296  0.545418  -0.099008  -0.329936  -0.343888  0.879138  -0.013962  0.006702  0.055420  -0.717626  -0.040861  -0.461193  1.000000  
51.804079 0.023157  -0.005508  -0.035828  0.446031  0.764546  0.465324  -0.831734  0.546093  -0.100004  -0.330568  -0.342421  0.879473  -0.013886  0.007049  0.054141  -0.741531  -0.057350  -0.481682  1.000000  
51.805326 0.023140  -0.005497  -0.035770  0.446782  0.764664  0.464408  -0.831080  0.546911  -0.100972  -0.331199  -0.340847  0.879847  -0.013849  0.007360  0.053066  -0.769605  -0.073930  -0.502192  1.000000  
51.806578 0.023125  -0.005483  -0.035708  0.447361  0.764894  0.463471  -0.830516  0.547569  -0.102037  -0.331830  -0.339273  0.880217  -0.013718  0.007656  0.052569  -0.797401  -0.086368  -0.520818  1.000000  
51.807826 0.023107  -0.005469  -0.035640  0.448110  0.765121  0.462372  -0.829860  0.548356  -0.103143  -0.332461  -0.337484  0.880667  -0.013671  0.007799  0.053013  -0.828384  -0.095674  -0.541057  1.000000  
51.809076 0.023089  -0.005456  -0.035565  0.448858  0.765345  0.461274  -0.829202  0.549141  -0.104251  -0.333092  -0.335695  0.881112  -0.013669  0.007752  0.054440  -0.861811  -0.105783  -0.565508  1.000000  
51.810077 0.023074  -0.005445  -0.035501  0.449285  0.765703  0.460263  -0.828768  0.549593  -0.105314  -0.333597  -0.334135  0.881514  -0.013684  0.007743  0.055810  -0.893573  -0.118245  -0.583992  1.000000  
51.811078 0.023058  -0.005434  -0.035432  0.449882  0.765890  0.459368  -0.828241  0.550214  -0.106217  -0.334101  -0.332682  0.881873  -0.013881  0.007859  0.056806  -0.921371  -0.122450  -0.599247  1.000000  
51.812078 0.023043  -0.005422  -0.035363  0.450478  0.766131  0.458380  -0.827713  0.550820  -0.107189  -0.334606  -0.331121  0.882269  -0.014046  0.008294  0.057348  -0.952926  -0.130830  -0.615929  1.000000  
51.813327 0.023023  -0.005407  -0.035278  0.451372  0.766378  0.457087  -0.826920  0.551750  -0.108516  -0.335362  -0.328993  0.882777  -0.014304  0.008886  0.057688  -0.996134  -0.143063  -0.647900  1.000000  
51.814340 0.023006  -0.005394  -0.035216  0.451966  0.766615  0.456101  -0.826390  0.552350  -0.109492  -0.335866  -0.327431  0.883166  -0.014578  0.009553  0.057272  -1.025545  -0.146296  -0.674343  1.000000  
51.815582 0.022985  -0.005377  -0.035146  0.452687  0.766970  0.454788  -0.825688  0.553115  -0.110919  -0.336622  -0.325301  0.883665  -0.014823  0.010279  0.056901  -1.067515  -0.161255  -0.700571  1.000000  
51.816829 0.022962  -0.005359  -0.035081  0.453406  0.767321  0.453477  -0.824984  0.553876  -0.112349  -0.337378  -0.323171  0.884159  -0.015154  0.010915  0.056807  -1.102001  -0.168301  -0.725145  1.000000  
51.817829 0.022943  -0.005346  -0.035028  0.453976  0.767585  0.452458  -0.824413  0.554492  -0.113503  -0.338008  -0.321485  0.884533  -0.015397  0.011396  0.057106  -1.137125  -0.180991  -0.741804  1.000000  
51.819077 0.022920  -0.005330  -0.034956  0.454863  0.767817  0.451173  -0.823613  0.555402  -0.114846  -0.338763  -0.319353  0.885016  -0.015785  0.011902  0.058127  -1.168427  -0.193910  -0.773860  1.000000  
51.820079 0.022902  -0.005317  -0.034893  0.455601  0.768016  0.450088  -0.822946  0.556155  -0.115979  -0.339392  -0.317558  0.885421  -0.016152  0.012204  0.059452  -1.189636  -0.200703  -0.796499  1.000000  
51.821326 0.022880  -0.005301  -0.034810  0.456462  0.768221  0.448864  -0.822105  0.557094  -0.117432  -0.340273  -0.315410  0.885850  -0.016602  0.012338  0.060853  -1.215115  -0.216287  -0.822425  1.000000  
51.822576 0.022857  -0.005286  -0.034728  0.457322  0.768530  0.447456  -0.821261  0.557999  -0.119024  -0.341154  -0.313046  0.886350  -0.016969  0.012404  0.061789  -1.243977  -0.231879  -0.848743  1.000000  
51.823579 0.022835  -0.005275  -0.034664  0.457865  0.768870  0.446316  -0.820645  0.558604  -0.120429  -0.341908  -0.311127  0.886735  -0.017424  0.012455  0.062116  -1.278254  -0.247922  -0.859955  1.000000  
51.824826 0.022808  -0.005260  -0.034591  0.458699  0.769207  0.444877  -0.819759  0.559520  -0.122199  -0.342914  -0.308639  0.887216  -0.017920  0.012579  0.061744  -1.308922  -0.265864  -0.879830  1.000000  
51.825828 0.022786  -0.005245  -0.034535  0.459408  0.769534  0.443579  -0.819046  0.560244  -0.123654  -0.343668  -0.306504  0.887664  -0.018414  0.012826  0.060815  -1.347532  -0.277879  -0.903575  1.000000  
51.827077 0.022758  -0.005227  -0.034468  0.460261  0.769990  0.441899  -0.818197  0.561081  -0.125464  -0.344547  -0.303814  0.888248  -0.018988  0.013026  0.059705  -1.388874  -0.289982  -0.927319  1.000000  
51.828078 0.022736  -0.005212  -0.034412  0.460967  0.770363  0.440511  -0.817482  0.561780  -0.126993  -0.345301  -0.301570  0.888720  -0.019445  0.013227  0.058674  -1.426764  -0.299155  -0.943500  1.000000  
51.829331 0.022709  -0.005193  -0.034342  0.461963  0.770835  0.438639  -0.816494  0.562751  -0.129030  -0.346305  -0.298540  0.889352  -0.019847  0.013400  0.058318  -1.479834  -0.315740  -0.968429  1.000000  
51.830585 0.022681  -0.005173  -0.034265  0.462811  0.771435  0.436685  -0.815641  0.563519  -0.131059  -0.347184  -0.295523  0.890017  -0.020261  0.013514  0.058831  -1.541566  -0.326986  -0.984291  1.000000  
51.831849 0.022652  -0.005154  -0.034182  0.463824  0.771913  0.434760  -0.814690  0.564438  -0.133003  -0.348062  -0.292505  0.890670  -0.020616  0.013688  0.060030  -1.591945  -0.333098  -1.011894  1.000000  
51.833078 0.022624  -0.005134  -0.034092  0.464813  0.772366  0.432897  -0.813697  0.565383  -0.135056  -0.349065  -0.289471  0.891269  -0.020986  0.013925  0.061518  -1.646488  -0.346180  -1.036039  1.000000  
51.834079 0.022602  -0.005119  -0.034018  0.465655  0.772686  0.431418  -0.812838  0.566208  -0.136757  -0.349943  -0.286992  0.891726  -0.021282  0.014034  0.062510  -1.687531  -0.354412  -1.057958  1.000000  
51.835329 0.022574  -0.005100  -0.033929  0.466616  0.773160  0.429526  -0.811800  0.567152  -0.138993  -0.351071  -0.283833  0.892294  -0.021648  0.014203  0.063180  -1.735102  -0.369943  -1.075084  1.000000  
51.836331 0.022551  -0.005086  -0.033861  0.467620  0.773458  0.427894  -0.810842  0.568089  -0.140752  -0.351947  -0.281136  0.892802  -0.021963  0.014384  0.063234  -1.777935  -0.376442  -1.103066  1.000000  
51.837576 0.022521  -0.005068  -0.033784  0.468743  0.773959  0.425756  -0.809703  0.569121  -0.143118  -0.353074  -0.277651  0.893448  -0.022405  0.014615  0.062967  -1.825928  -0.388990  -1.124439  1.000000  
51.838826 0.022489  -0.005050  -0.033714  0.469862  0.774451  0.423623  -0.808562  0.570140  -0.145492  -0.354201  -0.274164  0.894078  -0.022760  0.014818  0.062379  -1.878604  -0.402886  -1.147112  1.000000  
51.839826 0.022462  -0.005037  -0.033661  0.470859  0.774782  0.421906  -0.807597  0.571034  -0.147337  -0.355076  -0.271355  0.894588  -0.023055  0.014860  0.061976  -1.917042  -0.409974  -1.174712  1.000000  
51.841080 0.022429  -0.005020  -0.033594  0.472114  0.775174  0.419777  -0.806312  0.572204  -0.149809  -0.356327  -0.267745  0.895178  -0.023443  0.014785  0.061990  -1.969272  -0.428059  -1.206804  1.000000  
51.842329 0.022397  -0.005004  -0.033520  0.473365  0.775660  0.417466  -0.805024  0.573324  -0.152429  -0.357577  -0.263916  0.895817  -0.023717  0.014556  0.062426  -2.026372  -0.442917  -1.229350  1.000000  
51.843335 0.022372  -0.004993  -0.033456  0.474330  0.776054  0.415633  -0.804011  0.574182  -0.154535  -0.358576  -0.260873  0.896308  -0.023955  0.014294  0.062978  -2.070842  -0.456918  -1.251813  1.000000  
51.844345 0.022346  -0.004983  -0.033391  0.475292  0.776493  0.413709  -0.802996  0.575011  -0.156715  -0.359575  -0.257721  0.896820  -0.024109  0.014018  0.063338  -2.120912  -0.469346  -1.276851  1.000000  
51.845607 0.022315  -0.004969  -0.033307  0.476673  0.776918  0.411317  -0.801560  0.576243  -0.159515  -0.360948  -0.253659  0.897426  -0.024406  0.013564  0.063682  -2.170295  -0.486733  -1.309345  1.000000  
51.846829 0.022282  -0.004955  -0.033226  0.478075  0.777398  0.408775  -0.800162  0.577410  -0.162291  -0.362196  -0.249499  0.898089  -0.024718  0.013270  0.063780  -2.236520  -0.498924  -1.344924  1.000000  
51.847843 0.022256  -0.004944  -0.033164  0.479357  0.777724  0.406648  -0.798942  0.578464  -0.164534  -0.363193  -0.246018  0.898647  -0.024947  0.012879  0.062863  -2.285823  -0.507621  -1.371270  1.000000  
51.848844 0.022230  -0.004932  -0.033103  0.480660  0.778058  0.404464  -0.797761  0.579479  -0.166681  -0.364066  -0.242548  0.899237  -0.025199  0.012675  0.061980  -2.337741  -0.510365  -1.403012  1.000000  
51.850082 0.022198  -0.004917  -0.033028  0.482377  0.778366  0.401820  -0.796153  0.580881  -0.169460  -0.365311  -0.238167  0.899902  -0.025475  0.012420  0.061052  -2.404077  -0.516979  -1.442344  1.000000  
51.851343 0.022166  -0.004903  -0.032954  0.483924  0.778828  0.399055  -0.794641  0.582085  -0.172404  -0.366557  -0.233675  0.900573  -0.025705  0.012139  0.060339  -2.471077  -0.525597  -1.474350  1.000000  
51.852377 0.022139  -0.004892  -0.032895  0.485216  0.779276  0.396603  -0.793450  0.582998  -0.174789  -0.367428  -0.229874  0.901196  -0.025778  0.011869  0.060026  -2.526747  -0.530775  -1.498102  1.000000  
51.853576 0.022105  -0.004880  -0.032817  0.486917  0.779736  0.393603  -0.791829  0.584263  -0.177886  -0.368672  -0.225051  0.901905  -0.026032  0.011576  0.060843  -2.594392  -0.535219  -1.540178  1.000000  
51.854578 0.022076  -0.004871  -0.032751  0.488364  0.780041  0.391199  -0.790531  0.585308  -0.180209  -0.369542  -0.221247  0.902490  -0.026172  0.011222  0.061686  -2.653573  -0.533413  -1.574139  1.000000  
51.855826 0.022040  -0.004862  -0.032668  0.490217  0.780351  0.388252  -0.788800  0.586697  -0.183249  -0.370785  -0.216422  0.903150  -0.026386  0.010748  0.062810  -2.707594  -0.537791  -1.612876  1.000000  
51.857076 0.022006  -0.004853  -0.032582  0.492251  0.780679  0.385005  -0.787005  0.588134  -0.186336  -0.371903  -0.211277  0.903908  -0.026511  0.010337  0.063533  -2.775305  -0.539209  -1.661779  1.000000  
51.858326 0.021971  -0.004845  -0.032500  0.494252  0.781019  0.381739  -0.785161  0.589550  -0.189613  -0.373145  -0.206010  0.904612  -0.026713  0.009850  0.063772  -2.845392  -0.543076  -1.704484  1.000000  
51.859327 0.021944  -0.004840  -0.032440  0.495841  0.781288  0.379117  -0.783744  0.590624  -0.192116  -0.374014  -0.201872  0.905186  -0.026859  0.009543  0.063456  -2.890042  -0.543320  -1.740380  1.000000  
51.860327 0.021915  -0.004834  -0.032385  0.497427  0.781545  0.376503  -0.782323  0.591684  -0.194630  -0.374882  -0.197733  0.905740  -0.027060  0.009186  0.062589  -2.938570  -0.547980  -1.777407  1.000000  
51.861327 0.021887  -0.004829  -0.032334  0.499169  0.781712  0.373840  -0.780796  0.592866  -0.197148  -0.375750  -0.193482  0.906298  -0.027221  0.008835  0.061690  -2.985036  -0.547273  -1.819665  1.000000  
51.862330 0.021858  -0.004824  -0.032286  0.500933  0.781970  0.370930  -0.779306  0.593964  -0.199720  -0.376494  -0.189021  0.906931  -0.027384  0.008365  0.060714  -3.048045  -0.542292  -1.860399  1.000000  
51.863576 0.021824  -0.004819  -0.032225  0.503278  0.782142  0.367376  -0.777313  0.595487  -0.202927  -0.377486  -0.183437  0.907665  -0.027588  0.007677  0.059688  -3.109616  -0.538459  -1.906319  1.000000  
51.864579 0.021797  -0.004817  -0.032172  0.505031  0.782322  0.364577  -0.775813  0.596575  -0.205454  -0.378229  -0.179083  0.908225  -0.027605  0.007036  0.059159  -3.161428  -0.531684  -1.939567  1.000000  
51.865580 0.021770  -0.004816  -0.032115  0.506780  0.782619  0.361500  -0.774309  0.597573  -0.208210  -0.378972  -0.174396  0.908827  -0.027741  0.006265  0.058976  -3.221533  -0.521406  -1.971840  1.000000  
51.866582 0.021742  -0.004815  -0.032055  0.508552  0.782912  0.358364  -0.772843  0.598536  -0.210876  -0.379591  -0.169718  0.909454  -0.027808  0.005588  0.058996  -3.285252  -0.515204  -2.006921  1.000000  
51.867584 0.021714  -0.004814  -0.031994  0.510478  0.783064  0.355278  -0.771267  0.599644  -0.213481  -0.380210  -0.165037  0.910057  -0.027852  0.004954  0.058921  -3.334883  -0.499638  -2.044641  1.000000  
51.868829 0.021679  -0.004813  -0.031919  0.512874  0.783256  0.351384  -0.769370  0.600958  -0.216611  -0.380828  -0.159250  0.910829  -0.027912  0.004247  0.058687  -3.401148  -0.482138  -2.081261  1.000000  
51.869831 0.021650  -0.004812  -0.031860  0.514976  0.783384  0.348007  -0.767719  0.602095  -0.219292  -0.381323  -0.154242  0.911483  -0.027882  0.003721  0.058181  -3.463208  -0.467635  -2.119355  1.000000  
51.871076 0.021613  -0.004810  -0.031790  0.517517  0.783609  0.343704  -0.765700  0.603393  -0.222755  -0.381942  -0.147895  0.912276  -0.028027  0.003203  0.057227  -3.533728  -0.447291  -2.158638  1.000000  
51.872083 0.021585  -0.004808  -0.031737  0.519635  0.783661  0.340373  -0.764079  0.604505  -0.225295  -0.382313  -0.143001  0.912901  -0.028068  0.002945  0.056154  -3.588704  -0.423609  -2.197875  1.000000  
51.873326 0.021550  -0.004805  -0.031673  0.522376  0.783807  0.335812  -0.762021  0.605831  -0.228676  -0.382683  -0.136441  0.913749  -0.028132  0.002672  0.054981  -3.659970  -0.394915  -2.241402  1.000000  
51.874576 0.021514  -0.004803  -0.031612  0.525109  0.783956  0.331169  -0.759954  0.607103  -0.232156  -0.383054  -0.129766  0.914566  -0.028225  0.002420  0.054280  -3.731346  -0.365518  -2.287508  1.000000  
51.875687 0.021485  -0.004802  -0.031563  0.527424  0.783947  0.327491  -0.758286  0.608207  -0.234704  -0.383178  -0.124543  0.915240  -0.027971  0.002005  0.053575  -3.796237  -0.326401  -2.325862  1.000000  
51.876826 0.021449  -0.004803  -0.031499  0.530201  0.784048  0.322731  -0.756285  0.609405  -0.238031  -0.383301  -0.117872  0.916071  -0.028208  0.001486  0.054176  -3.859773  -0.296335  -2.361203  1.000000  
51.877830 0.021422  -0.004805  -0.031445  0.532534  0.784071  0.318810  -0.754644  0.610404  -0.240665  -0.383301  -0.112425  0.916755  -0.028186  0.001037  0.054547  -3.917268  -0.265563  -2.390720  1.000000  
51.879076 0.021388  -0.004811  -0.031376  0.535327  0.784072  0.314096  -0.752665  0.611576  -0.243865  -0.383301  -0.105862  0.917537  -0.028175  0.000468  0.054872  -3.984904  -0.233075  -2.418349  1.000000  
51.880082 0.021361  -0.004817  -0.031319  0.537678  0.784045  0.310122  -0.751050  0.612528  -0.246439  -0.383178  -0.100412  0.918200  -0.028139  -0.000073  0.054915  -4.042683  -0.194918  -2.452687  1.000000  
51.881091 0.021335  -0.004823  -0.031264  0.540025  0.783991  0.306155  -0.749428  0.613467  -0.249031  -0.383054  -0.094958  0.918832  -0.028074  -0.000564  0.054614  -4.094620  -0.160330  -2.481630  1.000000  
51.882332 0.021302  -0.004832  -0.031198  0.542983  0.783807  0.301358  -0.747351  0.614699  -0.252213  -0.382931  -0.088274  0.919550  -0.028010  -0.001224  0.054126  -4.144860  -0.127171  -2.519944  1.000000  
51.883333 0.021274  -0.004841  -0.031149  0.545502  0.783573  0.297390  -0.745641  0.615755  -0.254684  -0.382683  -0.082816  0.920160  -0.027952  -0.001893  0.053190  -4.184840  -0.089398  -2.546594  1.000000  
51.884582 0.021239  -0.004852  -0.031092  0.548475  0.783321  0.292545  -0.743584  0.616938  -0.257818  -0.382436  -0.076125  0.920841  -0.027824  -0.002719  0.052056  -4.241455  -0.045635  -2.580700  1.000000  
51.885826 0.021204  -0.004866  -0.031033  0.551624  0.782907  0.287693  -0.741443  0.618252  -0.260821  -0.382065  -0.069433  0.921523  -0.027773  -0.003696  0.051386  -4.281615  -0.001750  -2.614638  1.000000  
51.886832 0.021176  -0.004877  -0.030982  0.554124  0.782544  0.283852  -0.739704  0.619290  -0.263284  -0.381818  -0.064074  0.922014  -0.027701  -0.004662  0.051154  -4.318388  0.033959  -2.640820  1.000000  
51.887843 0.021148  -0.004889  -0.030926  0.556467  0.782247  0.280060  -0.738071  0.620185  -0.265749  -0.381571  -0.058823  0.922466  -0.027684  -0.005695  0.051475  -4.345791  0.068610  -2.658356  1.000000  
51.889075 0.021112  -0.004907  -0.030848  0.559291  0.781781  0.275704  -0.736125  0.621315  -0.268490  -0.381200  -0.052788  0.922984  -0.027767  -0.006942  0.052606  -4.357953  0.103661  -2.675816  1.000000  
51.890076 0.021081  -0.004924  -0.030781  0.561775  0.781302  0.271987  -0.734360  0.622341  -0.270937  -0.380952  -0.047531  0.923372  -0.027880  -0.008113  0.053790  -4.385313  0.134032  -2.702653  1.000000  
51.891076 0.021050  -0.004942  -0.030709  0.563951  0.781119  0.267978  -0.732819  0.622965  -0.273663  -0.380705  -0.042047  0.923740  -0.028082  -0.009315  0.055323  -4.427098  0.161316  -2.710081  1.000000  
51.892105 0.021018  -0.004961  -0.030637  0.566274  0.780653  0.264414  -0.731154  0.623868  -0.276049  -0.380457  -0.037008  0.924058  -0.028303  -0.010647  0.056472  -4.438498  0.191321  -2.725109  1.000000  
51.893325 0.020976  -0.004987  -0.030545  0.568892  0.780286  0.259837  -0.729248  0.624672  -0.279252  -0.380210  -0.030622  0.924393  -0.028787  -0.012000  0.058190  -4.460623  0.213107  -2.733202  1.000000  
51.894575 0.020932  -0.005015  -0.030452  0.571503  0.779822  0.255464  -0.727332  0.625523  -0.282326  -0.379962  -0.024457  0.924679  -0.029574  -0.013450  0.059668  -4.481593  0.240871  -2.735721  1.000000  
51.895581 0.020894  -0.005039  -0.030377  0.573511  0.779444  0.252097  -0.725880  0.626161  -0.284641  -0.379715  -0.019748  0.924893  -0.030324  -0.014663  0.061070  -4.478064  0.265832  -2.742230  1.000000  
51.896825 0.020845  -0.005070  -0.030281  0.576079  0.778859  0.248013  -0.723908  0.627047  -0.287697  -0.379591  -0.013802  0.925051  -0.031376  -0.016144  0.062917  -4.476200  0.277904  -2.750014  1.000000  
51.897838 0.020802  -0.005097  -0.030201  0.577866  0.778595  0.244665  -0.722483  0.627463  -0.290360  -0.379591  -0.008977  0.925111  -0.032481  -0.017563  0.065136  -4.483470  0.287824  -2.738784  1.000000  
51.899077 0.020744  -0.005132  -0.030097  0.579978  0.778258  0.240708  -0.720854  0.627936  -0.293371  -0.379467  -0.003367  0.925199  -0.033928  -0.018988  0.067870  -4.472894  0.292961  -2.722721  1.000000  
51.900079 0.020695  -0.005162  -0.030008  0.581577  0.777938  0.237866  -0.719499  0.628340  -0.295820  -0.379591  0.000898  0.925154  -0.035474  -0.020481  0.071198  -4.452374  0.291632  -2.709617  1.000000  
51.901328 0.020630  -0.005201  -0.029889  0.583321  0.777789  0.234056  -0.718021  0.628494  -0.299069  -0.379715  0.006396  0.925082  -0.037378  -0.021999  0.074641  -4.434739  0.288215  -2.674864  1.000000  
51.902578 0.020559  -0.005242  -0.029765  0.585061  0.777672  0.230066  -0.716538  0.628553  -0.302480  -0.379839  0.012118  0.924973  -0.039731  -0.023710  0.078385  -4.421257  0.281317  -2.637103  1.000000  
51.903579 0.020500  -0.005275  -0.029661  0.586323  0.777536  0.227295  -0.715374  0.628628  -0.305069  -0.380086  0.016267  0.924808  -0.041949  -0.025141  0.081585  -4.392873  0.265805  -2.606136  1.000000  
51.904826 0.020422  -0.005317  -0.029527  0.588056  0.777270  0.223700  -0.713884  0.628798  -0.308191  -0.380210  0.021538  0.924649  -0.044465  -0.026468  0.084683  -4.359844  0.251345  -2.569232  1.000000  
51.906075 0.020340  -0.005359  -0.029392  0.589459  0.777165  0.220347  -0.712594  0.628740  -0.311281  -0.380457  0.026470  0.924420  -0.047376  -0.027834  0.087835  -4.323449  0.233569  -2.519307  1.000000  
51.907075 0.020271  -0.005394  -0.029282  0.590567  0.777064  0.217720  -0.711544  0.628688  -0.313780  -0.380705  0.030391  0.924197  -0.049863  -0.028896  0.090573  -4.281455  0.209557  -2.474289  1.000000  
51.908077 0.020201  -0.005428  -0.029169  0.591673  0.776953  0.215098  -0.710492  0.628623  -0.316282  -0.380952  0.034310  0.923958  -0.052257  -0.029739  0.093023  -4.241539  0.185309  -2.432357  1.000000  
51.909325 0.020110  -0.005471  -0.029020  0.592923  0.776985  0.211510  -0.709316  0.628281  -0.319583  -0.381200  0.039461  0.923650  -0.055700  -0.030894  0.097112  -4.213767  0.159756  -2.375334  1.000000  
51.910574 0.020018  -0.005514  -0.028864  0.594204  0.776944  0.208038  -0.708177  0.628003  -0.322642  -0.381323  0.044387  0.923376  -0.058383  -0.031635  0.100892  -4.171790  0.134154  -2.321128  1.000000  
51.911826 0.019924  -0.005556  -0.028699  0.595303  0.776995  0.204678  -0.707119  0.627582  -0.325766  -0.381571  0.049197  0.923030  -0.061636  -0.032481  0.105896  -4.130253  0.100174  -2.251503  1.000000  
51.913074 0.019829  -0.005600  -0.028525  0.596580  0.776895  0.201312  -0.705976  0.627309  -0.328757  -0.381694  0.054008  0.922709  -0.064118  -0.033071  0.110355  -4.086582  0.075907  -2.182468  1.000000  
51.914090 0.019751  -0.005634  -0.028383  0.597708  0.776692  0.198732  -0.704954  0.627222  -0.331108  -0.381818  0.057810  0.922428  -0.066481  -0.033512  0.114596  -4.037748  0.045090  -2.129704  1.000000  
51.915328 0.019653  -0.005677  -0.028204  0.599014  0.776534  0.195391  -0.703845  0.626967  -0.333938  -0.381818  0.062508  0.922121  -0.068949  -0.033886  0.119156  -4.008620  0.024302  -2.068954  1.000000  
51.916578 0.019554  -0.005721  -0.028024  0.600317  0.776359  0.192057  -0.702734  0.626697  -0.336772  -0.381818  0.067205  0.921791  -0.071028  -0.034136  0.123174  -3.960675  0.002521  -1.999154  1.000000  
51.917831 0.019455  -0.005764  -0.027845  0.601618  0.776123  0.188917  -0.701620  0.626495  -0.339460  -0.381818  0.071677  0.921454  -0.072867  -0.034304  0.126567  -3.911845  -0.022431  -1.936350  1.000000  
51.919150 0.019355  -0.005808  -0.027666  0.602917  0.775916  0.185595  -0.700505  0.626196  -0.342303  -0.381818  0.076370  0.921077  -0.074092  -0.034315  0.129129  -3.870164  -0.052129  -1.863533  1.000000  
51.920323 0.019256  -0.005852  -0.027487  0.604424  0.775550  0.182190  -0.699339  0.626059  -0.344928  -0.381571  0.081070  0.920778  -0.075546  -0.034562  0.132431  -3.842889  -0.061258  -1.821727  1.000000  
51.921327 0.019176  -0.005887  -0.027343  0.605465  0.775343  0.179598  -0.698506  0.625842  -0.347004  -0.381447  0.084648  0.920507  -0.076553  -0.034644  0.135171  -3.791405  -0.074608  -1.759046  1.000000  
51.922575 0.019076  -0.005930  -0.027159  0.607002  0.774852  0.176500  -0.697373  0.625859  -0.349243  -0.381076  0.088905  0.920259  -0.077297  -0.034649  0.137711  -3.742927  -0.077571  -1.719134  1.000000  
51.923825 0.018977  -0.005974  -0.026972  0.608680  0.774239  0.173386  -0.696112  0.625983  -0.351530  -0.380705  0.093273  0.919980  -0.077940  -0.034706  0.140618  -3.687238  -0.087070  -1.669256  1.000000  
51.925075 0.018879  -0.006017  -0.026782  0.610423  0.773571  0.170212  -0.694923  0.626159  -0.353564  -0.380086  0.097539  0.919794  -0.078409  -0.034692  0.143111  -3.639744  -0.076980  -1.637669  1.000000  
51.926075 0.018800  -0.006050  -0.026627  0.611844  0.773031  0.167542  -0.693943  0.626256  -0.355312  -0.379591  0.101131  0.919610  -0.078712  -0.034657  0.144838  -3.617419  -0.068912  -1.618567  1.000000  
51.927076 0.018720  -0.006084  -0.026472  0.613297  0.772430  0.164983  -0.692999  0.626443  -0.356822  -0.378972  0.104505  0.919488  -0.079051  -0.034594  0.146290  -3.569813  -0.057595  -1.588486  1.000000  
51.928081 0.018640  -0.006118  -0.026318  0.614891  0.771747  0.162220  -0.691924  0.626654  -0.358533  -0.378353  0.108214  0.919314  -0.079191  -0.034545  0.147200  -3.533892  -0.046236  -1.576180  1.000000  
51.929325 0.018540  -0.006159  -0.026126  0.616868  0.770918  0.158618  -0.690704  0.626860  -0.360519  -0.377362  0.112834  0.919166  -0.079549  -0.034470  0.148192  -3.510241  -0.013748  -1.571667  1.000000  
51.930590 0.018437  -0.006198  -0.025937  0.618842  0.770048  0.155116  -0.689478  0.627102  -0.362440  -0.376370  0.117344  0.919008  -0.079691  -0.034071  0.148658  -3.473355  0.018354  -1.567789  1.000000  
51.931827 0.018334  -0.006236  -0.025749  0.620738  0.769264  0.151383  -0.688449  0.627201  -0.364222  -0.375130  0.121867  0.918926  -0.080031  -0.033726  0.149424  -3.444478  0.054683  -1.565444  1.000000  
51.932831 0.018249  -0.006266  -0.025597  0.622423  0.768448  0.148583  -0.687467  0.627510  -0.365542  -0.374138  0.125376  0.918859  -0.080343  -0.033409  0.149932  -3.405018  0.093264  -1.569279  1.000000  
51.934077 0.018142  -0.006304  -0.025407  0.624489  0.767483  0.144854  -0.686333  0.627768  -0.367224  -0.372773  0.129910  0.918784  -0.081269  -0.033205  0.151377  -3.387316  0.137149  -1.580916  1.000000  
51.935077 0.018055  -0.006334  -0.025253  0.626237  0.766611  0.141898  -0.685414  0.628095  -0.368381  -0.371531  0.133435  0.918782  -0.081444  -0.032707  0.151585  -3.353182  0.185021  -1.592955  1.000000  
51.936325 0.017944  -0.006371  -0.025060  0.628224  0.765708  0.137938  -0.684469  0.628213  -0.369934  -0.369915  0.137987  0.918761  -0.082179  -0.032251  0.152198  -3.335696  0.243499  -1.606925  1.000000  
51.937327 0.017852  -0.006401  -0.024906  0.629718  0.765047  0.134755  -0.683833  0.628231  -0.371076  -0.368547  0.141524  0.918773  -0.083020  -0.031873  0.152721  -3.320113  0.295228  -1.613649  1.000000  
51.938575 0.017735  -0.006438  -0.024716  0.631592  0.764199  0.130736  -0.683041  0.628245  -0.372510  -0.366806  0.145976  0.918773  -0.084254  -0.031456  0.152990  -3.298606  0.358052  -1.629229  1.000000  
51.939825 0.017614  -0.006476  -0.024530  0.633323  0.763455  0.126644  -0.682372  0.628098  -0.373980  -0.365062  0.150432  0.918749  -0.085758  -0.031135  0.152669  -3.275384  0.421272  -1.639009  1.000000  
51.941075 0.017490  -0.006513  -0.024347  0.635225  0.762557  0.122458  -0.681601  0.628075  -0.375421  -0.363193  0.155009  0.918729  -0.087332  -0.030847  0.151968  -3.258107  0.479088  -1.654643  1.000000  
