1-Time 2-Px 3-Py 4-Pz 5-R11 6-R21 7-R31 8-R12 9-R22 10-R32 11-R13 12-R23 13-R33 14-Vx 15-Vy 16-Vz 17-Wx 18-Wy 19-Wz 20-state
193.718756 0.007204  -0.010582  -0.021801  0.485502  0.684603  0.543697  -0.787348  0.612701  -0.068417  -0.379962  -0.394862  0.836488  -0.000095  -0.000091  -0.000138  0.000000  0.000000  0.000000  1.000000  
193.719770 0.007204  -0.010582  -0.021801  0.485502  0.684603  0.543697  -0.787348  0.612701  -0.068417  -0.379962  -0.394862  0.836488  0.000000  0.000000  0.000000  0.000000  0.000000  0.000000  1.000000  
193.721030 0.007203  -0.010580  -0.021784  0.485340  0.684729  0.543683  -0.787447  0.612560  -0.068529  -0.379962  -0.394862  0.836488  -0.000582  0.000933  0.008525  0.000000  0.000000  0.000000  1.000000  
193.722038 0.007201  -0.010577  -0.021763  0.485340  0.684729  0.543683  -0.787447  0.612560  -0.068529  -0.379962  -0.394862  0.836488  -0.000993  0.001457  0.012485  0.000000  0.000000  0.000000  1.000000  
193.723042 0.007200  -0.010574  -0.021747  0.485340  0.684795  0.543600  -0.787447  0.612552  -0.068603  -0.379962  -0.394760  0.836536  -0.001106  0.001884  0.013346  0.000000  0.000000  0.000000  1.000000  
193.724268 0.007198  -0.010569  -0.021735  0.485340  0.684795  0.543600  -0.787447  0.612552  -0.068603  -0.379962  -0.394760  0.836536  -0.001214  0.002347  0.012602  0.000000  0.000000  0.000000  1.000000  
193.725511 0.007194  -0.010563  -0.021723  0.485340  0.684795  0.543600  -0.787447  0.612552  -0.068603  -0.379962  -0.394760  0.836536  -0.001600  0.002832  0.012080  0.000000  0.000000  0.000000  1.000000  
193.726764 0.007188  -0.010557  -0.021713  0.485151  0.684959  0.543561  -0.787504  0.612448  -0.068885  -0.380086  -0.394637  0.836538  -0.002098  0.003172  0.011413  0.000000  0.000000  0.000000  1.000000  
193.727768 0.007184  -0.010553  -0.021705  0.485151  0.684959  0.543561  -0.787504  0.612448  -0.068885  -0.380086  -0.394637  0.836538  -0.002335  0.003310  0.011024  0.000000  0.000000  0.000000  1.000000  
193.728790 0.007180  -0.010549  -0.021695  0.485178  0.684921  0.543585  -0.787547  0.612411  -0.068715  -0.379962  -0.394760  0.836536  -0.002483  0.003371  0.010858  0.000000  0.000000  0.000000  1.000000  
193.730009 0.007176  -0.010544  -0.021679  0.484989  0.685020  0.543630  -0.787604  0.612315  -0.068922  -0.380086  -0.394738  0.836490  -0.002599  0.003394  0.011065  0.000000  0.000000  0.000000  1.000000  
193.731014 0.007172  -0.010540  -0.021667  0.484989  0.684954  0.543713  -0.787604  0.612323  -0.068848  -0.380086  -0.394840  0.836442  -0.002679  0.003494  0.011185  0.000000  0.000000  0.000000  1.000000  
193.732019 0.007167  -0.010536  -0.021653  0.484827  0.685014  0.543782  -0.787704  0.612191  -0.068886  -0.380086  -0.394941  0.836395  -0.002848  0.003536  0.011420  0.000000  0.000000  0.000000  1.000000  
193.733273 0.007161  -0.010531  -0.021632  0.484827  0.684948  0.543865  -0.787704  0.612199  -0.068812  -0.380086  -0.395043  0.836347  -0.003038  0.003537  0.011862  0.000000  0.000000  0.000000  1.000000  
193.734512 0.007155  -0.010526  -0.021604  0.484665  0.684942  0.544017  -0.787804  0.612075  -0.068775  -0.380086  -0.395246  0.836251  -0.003249  0.003716  0.013144  0.000000  0.000000  0.000000  1.000000  
193.735515 0.007152  -0.010521  -0.021578  0.484503  0.685002  0.544086  -0.787903  0.611942  -0.068813  -0.380086  -0.395347  0.836203  -0.003465  0.003992  0.014312  0.000000  0.000000  0.000000  1.000000  
193.736525 0.007149  -0.010515  -0.021555  0.484476  0.684908  0.544228  -0.787860  0.611995  -0.068834  -0.380210  -0.395427  0.836109  -0.003605  0.004217  0.014543  0.000000  0.000000  0.000000  1.000000  
193.737767 0.007146  -0.010507  -0.021533  0.484503  0.684936  0.544169  -0.787903  0.611950  -0.068739  -0.380086  -0.395449  0.836155  -0.003624  0.004552  0.014538  0.000000  0.000000  0.000000  1.000000  
193.739021 0.007142  -0.010496  -0.021519  0.484341  0.684996  0.544238  -0.788003  0.611818  -0.068776  -0.380086  -0.395550  0.836107  -0.003805  0.004957  0.014646  0.000000  0.000000  0.000000  1.000000  
193.740264 0.007135  -0.010486  -0.021503  0.484341  0.684996  0.544238  -0.788003  0.611818  -0.068776  -0.380086  -0.395550  0.836107  -0.004018  0.005251  0.014877  0.000000  0.000000  0.000000  1.000000  
193.741514 0.007128  -0.010476  -0.021478  0.484341  0.684996  0.544238  -0.788003  0.611818  -0.068776  -0.380086  -0.395550  0.836107  -0.004042  0.005519  0.015904  0.000000  0.000000  0.000000  1.000000  
193.742764 0.007124  -0.010466  -0.021446  0.484341  0.684996  0.544238  -0.788003  0.611818  -0.068776  -0.380086  -0.395550  0.836107  -0.004013  0.005759  0.017234  0.000000  0.000000  0.000000  1.000000  
193.744023 0.007120  -0.010457  -0.021407  0.484367  0.685090  0.544096  -0.788046  0.611764  -0.068755  -0.379962  -0.395470  0.836201  -0.003924  0.006109  0.019159  0.000000  0.000000  0.000000  1.000000  
193.745263 0.007115  -0.010447  -0.021368  0.484367  0.685090  0.544096  -0.788046  0.611764  -0.068755  -0.379962  -0.395470  0.836201  -0.004028  0.006414  0.020594  0.000000  0.000000  0.000000  1.000000  
193.746264 0.007109  -0.010438  -0.021340  0.484394  0.685117  0.544038  -0.788090  0.611719  -0.068660  -0.379839  -0.395492  0.836247  -0.004086  0.006716  0.021551  0.000000  0.000000  0.000000  1.000000  
193.747517 0.007103  -0.010428  -0.021310  0.484420  0.685145  0.543979  -0.788133  0.611674  -0.068565  -0.379715  -0.395514  0.836293  -0.004118  0.007106  0.022445  0.000000  0.000000  0.000000  1.000000  
193.748765 0.007099  -0.010417  -0.021283  0.484420  0.685211  0.543896  -0.788133  0.611666  -0.068639  -0.379715  -0.395412  0.836341  -0.004022  0.007530  0.022605  0.000000  0.000000  0.000000  1.000000  
193.749766 0.007096  -0.010409  -0.021263  0.484447  0.685239  0.543837  -0.788176  0.611621  -0.068544  -0.379591  -0.395434  0.836387  -0.003942  0.007776  0.022224  0.000000  0.000000  0.000000  1.000000  
193.750772 0.007092  -0.010399  -0.021245  0.484609  0.685113  0.543852  -0.788077  0.611762  -0.068432  -0.379591  -0.395434  0.836387  -0.003985  0.008097  0.021738  0.000000  0.000000  0.000000  1.000000  
193.752024 0.007087  -0.010387  -0.021224  0.484609  0.685113  0.543852  -0.788077  0.611762  -0.068432  -0.379591  -0.395434  0.836387  -0.004083  0.008342  0.021419  0.000000  0.000000  0.000000  1.000000  
193.753270 0.007081  -0.010377  -0.021206  0.484636  0.685140  0.543793  -0.788120  0.611717  -0.068336  -0.379467  -0.395456  0.836433  -0.004231  0.008367  0.021599  0.000000  0.000000  0.000000  1.000000  
193.754512 0.007074  -0.010367  -0.021183  0.484636  0.685206  0.543710  -0.788120  0.611708  -0.068410  -0.379467  -0.395354  0.836481  -0.004323  0.008326  0.022008  0.000000  0.000000  0.000000  1.000000  
193.755514 0.007068  -0.010360  -0.021160  0.484662  0.685234  0.543651  -0.788163  0.611663  -0.068315  -0.379343  -0.395376  0.836526  -0.004365  0.008232  0.022555  0.000000  0.000000  0.000000  1.000000  
193.756517 0.007061  -0.010353  -0.021133  0.484689  0.685328  0.543509  -0.788206  0.611610  -0.068294  -0.379220  -0.395296  0.836620  -0.004487  0.008222  0.023001  0.000000  0.000000  0.000000  1.000000  
193.757762 0.007054  -0.010343  -0.021096  0.484716  0.685421  0.543368  -0.788249  0.611557  -0.068273  -0.379096  -0.395216  0.836714  -0.004611  0.008223  0.023335  0.000000  0.000000  0.000000  1.000000  
193.758767 0.007049  -0.010335  -0.021069  0.484742  0.685515  0.543226  -0.788293  0.611503  -0.068252  -0.378972  -0.395137  0.836808  -0.004858  0.008237  0.022930  0.000000  0.000000  0.000000  1.000000  
193.760019 0.007042  -0.010325  -0.021041  0.484769  0.685674  0.543001  -0.788336  0.611442  -0.068305  -0.378848  -0.394955  0.836950  -0.004934  0.008269  0.022105  0.000000  0.000000  0.000000  1.000000  
193.761265 0.007036  -0.010313  -0.021019  0.484822  0.685861  0.542717  -0.788422  0.611335  -0.068262  -0.378600  -0.394795  0.837137  -0.004848  0.008389  0.021352  0.000000  0.000000  0.000000  1.000000  
193.762306 0.007032  -0.010302  -0.021003  0.484848  0.686021  0.542492  -0.788465  0.611274  -0.068315  -0.378477  -0.394614  0.837279  -0.004793  0.008530  0.020775  0.000000  0.000000  0.000000  1.000000  
193.763514 0.007027  -0.010288  -0.020979  0.484901  0.686273  0.542125  -0.788552  0.611159  -0.068346  -0.378229  -0.394352  0.837514  -0.004834  0.008787  0.020569  0.000000  0.000000  0.000000  1.000000  
193.764764 0.007023  -0.010274  -0.020949  0.485117  0.686334  0.541855  -0.788538  0.611194  -0.068192  -0.377981  -0.394192  0.837701  -0.004834  0.008973  0.020935  0.000000  0.000000  0.000000  1.000000  
193.766014 0.007019  -0.010262  -0.020916  0.485196  0.686614  0.541429  -0.788667  0.611034  -0.068128  -0.377610  -0.393952  0.837982  -0.004795  0.008979  0.021666  0.000000  0.000000  0.000000  1.000000  
193.767022 0.007015  -0.010253  -0.020889  0.485249  0.686801  0.541145  -0.788753  0.610928  -0.068085  -0.377362  -0.393791  0.838168  -0.004761  0.008927  0.022373  0.000000  0.000000  0.000000  1.000000  
193.768023 0.007012  -0.010244  -0.020862  0.485302  0.686987  0.540861  -0.788839  0.610822  -0.068043  -0.377114  -0.393631  0.838355  -0.004710  0.008988  0.023256  0.000000  0.000000  0.000000  1.000000  
193.769024 0.007007  -0.010235  -0.020837  0.485355  0.687239  0.540493  -0.788925  0.610707  -0.068074  -0.376866  -0.393369  0.838590  -0.004666  0.009058  0.023805  0.000000  0.000000  0.000000  1.000000  
193.770267 0.007001  -0.010225  -0.020806  0.485408  0.687491  0.540126  -0.789011  0.610593  -0.068105  -0.376618  -0.393106  0.838824  -0.004491  0.009128  0.024020  0.000000  0.000000  0.000000  1.000000  
193.771514 0.006997  -0.010215  -0.020776  0.485487  0.687770  0.539699  -0.789140  0.610434  -0.068040  -0.376246  -0.392865  0.839104  -0.004259  0.009191  0.023790  -0.128237  0.130508  0.047380  1.000000  
193.772519 0.006995  -0.010206  -0.020755  0.485702  0.687830  0.539428  -0.789125  0.610469  -0.067886  -0.375998  -0.392704  0.839291  -0.003996  0.009263  0.023138  -0.134829  0.142450  0.045785  1.000000  
193.773765 0.006994  -0.010195  -0.020734  0.485755  0.688082  0.539060  -0.789211  0.610355  -0.067917  -0.375750  -0.392441  0.839525  -0.003674  0.009361  0.022317  -0.143052  0.146599  0.047684  1.000000  
193.775015 0.006992  -0.010183  -0.020714  0.485834  0.688426  0.538550  -0.789339  0.610188  -0.067926  -0.375378  -0.392098  0.839851  -0.003332  0.009452  0.021829  -0.159315  0.158772  0.053369  1.000000  
193.776021 0.006991  -0.010173  -0.020695  0.485886  0.688611  0.538265  -0.789425  0.610082  -0.067882  -0.375130  -0.391936  0.840038  -0.003027  0.009482  0.021919  -0.166165  0.161578  0.054829  1.000000  
193.777265 0.006990  -0.010161  -0.020667  0.486128  0.688829  0.537768  -0.789453  0.610057  -0.067780  -0.374758  -0.391592  0.840364  -0.002783  0.009441  0.022407  -0.181205  0.173757  0.053249  1.000000  
193.778515 0.006990  -0.010149  -0.020630  0.486180  0.689080  0.537399  -0.789538  0.609943  -0.067811  -0.374510  -0.391329  0.840597  -0.002424  0.009257  0.023275  -0.191818  0.180385  0.056559  1.000000  
193.779764 0.006990  -0.010137  -0.020589  0.486422  0.689297  0.536902  -0.789566  0.609919  -0.067709  -0.374138  -0.390984  0.840923  -0.002210  0.009151  0.023976  -0.201389  0.191198  0.054538  1.000000  
193.780764 0.006990  -0.010127  -0.020558  0.486663  0.689514  0.536404  -0.789594  0.609894  -0.067607  -0.373766  -0.390640  0.841249  -0.001978  0.009146  0.024234  -0.217598  0.203356  0.060175  1.000000  
193.782015 0.006989  -0.010114  -0.020521  0.486716  0.689894  0.535868  -0.789679  0.609764  -0.067785  -0.373517  -0.390171  0.841577  -0.001778  0.009318  0.024501  -0.237829  0.211460  0.063896  1.000000  
193.783018 0.006987  -0.010103  -0.020496  0.486957  0.690111  0.535369  -0.789706  0.609740  -0.067683  -0.373145  -0.389826  0.841902  -0.001639  0.009426  0.024435  -0.251380  0.222208  0.061850  1.000000  
193.784031 0.006986  -0.010091  -0.020473  0.487009  0.690425  0.534916  -0.789791  0.609619  -0.067787  -0.372897  -0.389459  0.842181  -0.001344  0.009631  0.024176  -0.265572  0.232106  0.066071  1.000000  
193.785269 0.006986  -0.010076  -0.020444  0.487250  0.690771  0.534250  -0.789818  0.609578  -0.067833  -0.372524  -0.388909  0.842600  -0.000990  0.009978  0.024099  -0.287527  0.243069  0.064001  1.000000  
193.786517 0.006986  -0.010061  -0.020413  0.487491  0.691051  0.533667  -0.789845  0.609547  -0.067805  -0.372152  -0.388460  0.842972  -0.000746  0.010301  0.024231  -0.301238  0.253949  0.061899  1.000000  
193.787519 0.006987  -0.010048  -0.020386  0.487570  0.691391  0.533154  -0.789972  0.609381  -0.067812  -0.371779  -0.388114  0.843296  -0.000568  0.010582  0.024614  -0.313476  0.262118  0.065617  1.000000  
193.788763 0.006987  -0.010032  -0.020351  0.487811  0.691671  0.532571  -0.789999  0.609350  -0.067784  -0.371406  -0.387665  0.843667  -0.000426  0.010861  0.025576  -0.324577  0.270816  0.062991  1.000000  
193.789764 0.006987  -0.010021  -0.020322  0.487889  0.692011  0.532057  -0.790125  0.609185  -0.067792  -0.371034  -0.387317  0.843990  -0.000362  0.011021  0.026582  -0.335503  0.281296  0.067217  1.000000  
193.790764 0.006987  -0.010009  -0.020292  0.487941  0.692323  0.531603  -0.790210  0.609064  -0.067895  -0.370785  -0.386949  0.844268  -0.000305  0.011145  0.027345  -0.344817  0.282992  0.068442  1.000000  
193.792020 0.006986  -0.009994  -0.020254  0.488208  0.692629  0.530959  -0.790278  0.608989  -0.067770  -0.370288  -0.386520  0.844683  -0.000284  0.011294  0.028019  -0.353696  0.296600  0.066914  1.000000  
193.793264 0.006986  -0.009979  -0.020216  0.488286  0.693032  0.530361  -0.790405  0.608816  -0.067851  -0.369915  -0.386069  0.845052  -0.000264  0.011475  0.028065  -0.361455  0.300366  0.068576  1.000000  
193.794517 0.006987  -0.009964  -0.020182  0.488553  0.693337  0.529717  -0.790472  0.608742  -0.067726  -0.369418  -0.385638  0.845466  -0.000178  0.011716  0.027641  -0.373672  0.308528  0.072213  1.000000  
193.795529 0.006987  -0.009952  -0.020157  0.488631  0.693675  0.529202  -0.790598  0.608577  -0.067733  -0.369045  -0.385290  0.845788  -0.000208  0.011880  0.027181  -0.381665  0.312490  0.073946  1.000000  
193.796762 0.006986  -0.009936  -0.020128  0.488735  0.694169  0.528459  -0.790766  0.608353  -0.067791  -0.368547  -0.384756  0.846248  -0.000221  0.012040  0.026640  -0.391089  0.318395  0.076982  1.000000  
193.797769 0.006985  -0.009922  -0.020105  0.488838  0.694597  0.527799  -0.790934  0.608137  -0.067774  -0.368050  -0.384324  0.846661  -0.000151  0.012227  0.026481  -0.406452  0.325040  0.079331  1.000000  
193.799013 0.006984  -0.009905  -0.020074  0.488942  0.695089  0.527055  -0.791101  0.607912  -0.067831  -0.367552  -0.383789  0.847120  -0.000104  0.012443  0.026675  -0.415314  0.330554  0.082238  1.000000  
193.800032 0.006984  -0.009890  -0.020043  0.489045  0.695516  0.526395  -0.791269  0.607697  -0.067814  -0.367054  -0.383356  0.847531  -0.000137  0.012594  0.027149  -0.426612  0.341250  0.086445  1.000000  
193.801091 0.006983  -0.009875  -0.020009  0.489148  0.696007  0.525650  -0.791436  0.607473  -0.067870  -0.366557  -0.382820  0.847989  -0.000200  0.012729  0.027657  -0.442020  0.348740  0.089840  1.000000  
193.802270 0.006983  -0.009856  -0.019964  0.489277  0.696587  0.524761  -0.791644  0.607198  -0.067903  -0.365934  -0.382200  0.848537  -0.000239  0.013015  0.028555  -0.457174  0.360131  0.094995  1.000000  
193.803517 0.006983  -0.009836  -0.019921  0.489431  0.697257  0.523726  -0.791894  0.606871  -0.067913  -0.365187  -0.381497  0.849175  -0.000273  0.013302  0.029121  -0.482464  0.371602  0.106683  1.000000  
193.804517 0.006983  -0.009819  -0.019887  0.489560  0.697772  0.522920  -0.792101  0.606605  -0.067871  -0.364564  -0.380979  0.849675  -0.000240  0.013654  0.029468  -0.494674  0.380751  0.111181  1.000000  
193.805518 0.006983  -0.009802  -0.019857  0.489688  0.698286  0.522113  -0.792309  0.606339  -0.067828  -0.363941  -0.380460  0.850175  -0.000246  0.013987  0.029509  -0.506902  0.396210  0.117455  1.000000  
193.806764 0.006983  -0.009781  -0.019820  0.489841  0.698890  0.521161  -0.792557  0.606021  -0.067762  -0.363193  -0.379857  0.850764  -0.000194  0.014469  0.029436  -0.523043  0.409299  0.123685  1.000000  
193.808021 0.006983  -0.009760  -0.019784  0.490020  0.699519  0.520148  -0.792846  0.605662  -0.067599  -0.362320  -0.379273  0.851397  -0.000196  0.014856  0.029260  -0.538038  0.422334  0.135819  1.000000  
193.809264 0.006984  -0.009740  -0.019749  0.490198  0.700147  0.519134  -0.793134  0.605302  -0.067434  -0.361447  -0.378687  0.852028  -0.000203  0.015202  0.029323  -0.552427  0.436674  0.149499  1.000000  
193.810264 0.006984  -0.009724  -0.019720  0.490350  0.700684  0.518265  -0.793381  0.604995  -0.067293  -0.360699  -0.378184  0.852569  -0.000229  0.015436  0.029608  -0.567781  0.450056  0.161914  1.000000  
193.811264 0.006982  -0.009708  -0.019691  0.490528  0.701247  0.517335  -0.793668  0.604645  -0.067053  -0.359825  -0.377700  0.853152  -0.000294  0.015612  0.029976  -0.575953  0.470636  0.170915  1.000000  
193.812514 0.006980  -0.009689  -0.019652  0.490730  0.701898  0.516259  -0.793995  0.604244  -0.066789  -0.358826  -0.377131  0.853824  -0.000322  0.015820  0.030626  -0.586844  0.488746  0.185754  1.000000  
193.813515 0.006979  -0.009673  -0.019618  0.490907  0.702459  0.515327  -0.794280  0.603896  -0.066549  -0.357952  -0.376645  0.854406  -0.000353  0.015977  0.031353  -0.594022  0.505035  0.193091  1.000000  
193.814766 0.006979  -0.009653  -0.019574  0.491133  0.703134  0.514189  -0.794647  0.603454  -0.066186  -0.356827  -0.376093  0.855119  -0.000340  0.016103  0.031830  -0.601509  0.527256  0.209369  1.000000  
193.815767 0.006978  -0.009637  -0.019537  0.491308  0.703755  0.513171  -0.794930  0.603098  -0.066016  -0.355952  -0.375501  0.855744  -0.000332  0.016217  0.032146  -0.613708  0.547865  0.218222  1.000000  
193.816792 0.006978  -0.009620  -0.019503  0.491508  0.704340  0.512177  -0.795254  0.602709  -0.065676  -0.354951  -0.375031  0.856365  -0.000338  0.016253  0.031827  -0.623935  0.565455  0.232806  1.000000  
193.818019 0.006979  -0.009597  -0.019464  0.491733  0.705073  0.510951  -0.795617  0.602261  -0.065383  -0.353825  -0.374370  0.857120  -0.000344  0.016485  0.031571  -0.635429  0.589864  0.243414  1.000000  
193.819270 0.006978  -0.009573  -0.019427  0.492006  0.705920  0.509517  -0.796059  0.601722  -0.064966  -0.352448  -0.373642  0.858005  -0.000337  0.016682  0.031214  -0.655364  0.621005  0.263592  1.000000  
193.820517 0.006978  -0.009549  -0.019389  0.492278  0.706764  0.508081  -0.796500  0.601184  -0.064548  -0.351071  -0.372911  0.858887  -0.000304  0.016887  0.031158  -0.671728  0.654131  0.277739  1.000000  
193.821763 0.006978  -0.009525  -0.019348  0.492738  0.707509  0.506597  -0.796877  0.600750  -0.063926  -0.349567  -0.372197  0.859810  -0.000315  0.017020  0.031486  -0.688289  0.687479  0.291914  1.000000  
193.822764 0.006978  -0.009507  -0.019312  0.492934  0.708209  0.505426  -0.797194  0.600350  -0.063726  -0.348564  -0.371510  0.860513  -0.000362  0.017163  0.032049  -0.704441  0.708079  0.300471  1.000000  
193.823765 0.006977  -0.009489  -0.019273  0.493155  0.708934  0.504193  -0.797551  0.599908  -0.063426  -0.347435  -0.370841  0.861258  -0.000422  0.017241  0.032696  -0.720714  0.732925  0.310873  1.000000  
193.825014 0.006976  -0.009467  -0.019224  0.493448  0.709857  0.502605  -0.798024  0.599326  -0.062977  -0.345929  -0.370015  0.862219  -0.000509  0.017413  0.033654  -0.743600  0.763517  0.330674  1.000000  
193.826263 0.006975  -0.009445  -0.019175  0.493739  0.710839  0.500929  -0.798496  0.598737  -0.062598  -0.344422  -0.369083  0.863222  -0.000477  0.017588  0.034421  -0.761696  0.794233  0.343399  1.000000  
193.827514 0.006974  -0.009423  -0.019128  0.494029  0.711817  0.499250  -0.798965  0.598150  -0.062217  -0.342914  -0.368147  0.864221  -0.000417  0.017742  0.035001  -0.786000  0.827271  0.357016  1.000000  
193.828764 0.006974  -0.009400  -0.019083  0.494531  0.712661  0.497547  -0.799408  0.597636  -0.061462  -0.341154  -0.367348  0.865257  -0.000391  0.017905  0.035141  -0.795689  0.871052  0.368202  1.000000  
193.829764 0.006974  -0.009383  -0.019049  0.494794  0.713428  0.496185  -0.799834  0.597117  -0.060958  -0.339770  -0.366704  0.866074  -0.000316  0.017982  0.035035  -0.810978  0.903898  0.381574  1.000000  
193.831014 0.006974  -0.009361  -0.019008  0.495128  0.714449  0.494378  -0.800374  0.596453  -0.060374  -0.338008  -0.365795  0.867148  -0.000326  0.018134  0.034719  -0.826089  0.939515  0.396102  1.000000  
193.832021 0.006974  -0.009343  -0.018977  0.495248  0.715420  0.492853  -0.800937  0.595741  -0.059942  -0.336496  -0.365058  0.868046  -0.000283  0.018129  0.034595  -0.841457  0.971610  0.415978  1.000000  
193.833267 0.006974  -0.009321  -0.018938  0.495602  0.716461  0.490981  -0.801509  0.595039  -0.059253  -0.334606  -0.364160  0.869153  -0.000272  0.018053  0.034672  -0.853705  1.009238  0.430978  1.000000  
193.834521 0.006974  -0.009300  -0.018895  0.495790  0.717680  0.489007  -0.802181  0.594185  -0.058735  -0.332714  -0.363152  0.870300  -0.000243  0.017875  0.035026  -0.876207  1.043956  0.451685  1.000000  
193.835536 0.006975  -0.009283  -0.018859  0.496093  0.718545  0.487427  -0.802672  0.593584  -0.058095  -0.331073  -0.362423  0.871229  -0.000213  0.017684  0.035356  -0.888249  1.077174  0.464894  1.000000  
193.836769 0.006976  -0.009262  -0.018809  0.496322  0.719808  0.485326  -0.803413  0.592652  -0.057371  -0.328926  -0.361442  0.872449  -0.000158  0.017564  0.035893  -0.911277  1.120898  0.489300  1.000000  
193.838015 0.006977  -0.009242  -0.018759  0.496549  0.721066  0.483222  -0.804149  0.591722  -0.056643  -0.326777  -0.360456  0.873664  -0.000098  0.017394  0.036206  -0.930697  1.155143  0.509496  1.000000  
193.839015 0.006977  -0.009225  -0.018721  0.496681  0.722160  0.481449  -0.804734  0.590966  -0.056238  -0.325132  -0.359506  0.874668  -0.000072  0.017275  0.036115  -0.956949  1.187380  0.528973  1.000000  
193.840021 0.006977  -0.009208  -0.018684  0.496834  0.723218  0.479700  -0.805353  0.590176  -0.055658  -0.323360  -0.358675  0.875666  0.000081  0.017236  0.035853  -0.975402  1.218201  0.547821  1.000000  
193.841264 0.006978  -0.009187  -0.018643  0.497098  0.724630  0.477289  -0.806153  0.589159  -0.054862  -0.320954  -0.357496  0.877032  0.000217  0.017173  0.035439  -1.002140  1.255741  0.568819  1.000000  
193.842265 0.006980  -0.009169  -0.018609  0.497269  0.725820  0.475298  -0.806802  0.588320  -0.054317  -0.319052  -0.356461  0.878146  0.000402  0.017242  0.035148  -1.033210  1.293367  0.590421  1.000000  
193.843265 0.006981  -0.009152  -0.018576  0.497460  0.727031  0.473243  -0.807484  0.587443  -0.053669  -0.317023  -0.355438  0.879296  0.000544  0.017222  0.034961  -1.059986  1.328820  0.610811  1.000000  
193.844515 0.006983  -0.009129  -0.018532  0.497737  0.728509  0.470673  -0.808306  0.586388  -0.052829  -0.314484  -0.354152  0.880725  0.000636  0.017253  0.035006  -1.094849  1.372731  0.634283  1.000000  
193.845515 0.006984  -0.009112  -0.018498  0.498111  0.729614  0.468561  -0.808913  0.585627  -0.051975  -0.312324  -0.353135  0.881901  0.000687  0.017194  0.035157  -1.114063  1.407337  0.646681  1.000000  
193.846517 0.006985  -0.009096  -0.018461  0.498337  0.730860  0.466373  -0.809653  0.584678  -0.051113  -0.310035  -0.352129  0.883110  0.000733  0.017068  0.035493  -1.140339  1.450591  0.669986  1.000000  
193.847764 0.006986  -0.009075  -0.018415  0.498646  0.732312  0.463757  -0.810530  0.583561  -0.049985  -0.307235  -0.350964  0.884551  0.000737  0.016926  0.035982  -1.166863  1.502675  0.696457  1.000000  
193.848766 0.006986  -0.009061  -0.018378  0.498823  0.733555  0.461598  -0.811191  0.582692  -0.049386  -0.305197  -0.349809  0.885713  0.000751  0.016812  0.036262  -1.193355  1.529976  0.712689  1.000000  
193.849772 0.006986  -0.009046  -0.018341  0.498872  0.734906  0.459391  -0.812020  0.581602  -0.048604  -0.302903  -0.348788  0.886903  0.000725  0.016602  0.036362  -1.215412  1.567213  0.740483  1.000000  
193.851015 0.006986  -0.009028  -0.018299  0.499190  0.736475  0.456524  -0.812913  0.580445  -0.047499  -0.299968  -0.347403  0.888442  0.000758  0.016408  0.036038  -1.244056  1.614999  0.763914  1.000000  
193.852020 0.006986  -0.009014  -0.018266  0.499274  0.737917  0.454098  -0.813800  0.579276  -0.046573  -0.297415  -0.346292  0.889734  0.000703  0.016253  0.035451  -1.276899  1.654849  0.799804  1.000000  
193.853269 0.006987  -0.008996  -0.018229  0.499476  0.739771  0.450846  -0.814883  0.577847  -0.045381  -0.294091  -0.344720  0.891447  0.000691  0.016077  0.034721  -1.313750  1.713793  0.834796  1.000000  
193.854515 0.006987  -0.008977  -0.018195  0.499692  0.741584  0.447616  -0.815989  0.576390  -0.044008  -0.290637  -0.343260  0.893142  0.000713  0.015947  0.033789  -1.346484  1.777015  0.871442  1.000000  
193.855526 0.006988  -0.008962  -0.018167  0.499800  0.743160  0.444874  -0.816921  0.575145  -0.042995  -0.287819  -0.341938  0.894561  0.000675  0.015786  0.033337  -1.374474  1.822638  0.901031  1.000000  
193.856766 0.006988  -0.008943  -0.018131  0.500003  0.745061  0.441454  -0.818008  0.573690  -0.041741  -0.284357  -0.340242  0.896312  0.000620  0.015603  0.032963  -1.415565  1.882481  0.935670  1.000000  
193.858014 0.006989  -0.008923  -0.018091  0.500049  0.747091  0.437957  -0.819221  0.572049  -0.040465  -0.280764  -0.338549  0.898085  0.000575  0.015504  0.032857  -1.450369  1.931715  0.971368  1.000000  
193.859014 0.006990  -0.008907  -0.018057  0.500179  0.748685  0.435077  -0.820192  0.570742  -0.039220  -0.277680  -0.337229  0.899539  0.000534  0.015354  0.032873  -1.488906  1.988044  1.013422  1.000000  
193.860017 0.006990  -0.008891  -0.018022  0.500302  0.750376  0.432010  -0.821155  0.569432  -0.038106  -0.274594  -0.335683  0.901063  0.000416  0.015237  0.032744  -1.528979  2.034363  1.042508  1.000000  
193.861264 0.006990  -0.008871  -0.017981  0.500402  0.752516  0.428156  -0.822461  0.567653  -0.036452  -0.270474  -0.333901  0.902969  0.000299  0.015244  0.032536  -1.567455  2.104690  1.087104  1.000000  
193.862266 0.006989  -0.008855  -0.017949  0.500549  0.754180  0.425046  -0.823466  0.566283  -0.035042  -0.267124  -0.332470  0.904493  0.000272  0.015275  0.032195  -1.597366  2.162359  1.113246  1.000000  
193.863517 0.006989  -0.008834  -0.017912  0.500611  0.756270  0.421243  -0.824715  0.564558  -0.033465  -0.263124  -0.330652  0.906330  0.000228  0.015400  0.031562  -1.634016  2.222226  1.151279  1.000000  
193.864764 0.006989  -0.008814  -0.017879  0.500698  0.758441  0.417216  -0.826009  0.562762  -0.031735  -0.258862  -0.328735  0.908253  0.000218  0.015487  0.030879  -1.677560  2.290239  1.186930  1.000000  
193.866014 0.006989  -0.008795  -0.017847  0.500963  0.760502  0.413125  -0.827214  0.561096  -0.029799  -0.254465  -0.326815  0.910187  0.000199  0.015578  0.030131  -1.715221  2.361236  1.216298  1.000000  
193.867029 0.006990  -0.008779  -0.017822  0.501113  0.762164  0.409868  -0.828230  0.559681  -0.028137  -0.250841  -0.325366  0.911711  0.000208  0.015710  0.029612  -1.746140  2.425600  1.246033  1.000000  
193.868268 0.006990  -0.008760  -0.017790  0.501374  0.764219  0.405701  -0.829433  0.557998  -0.026071  -0.246305  -0.323431  0.913634  0.000219  0.015767  0.029291  -1.781122  2.497558  1.280301  1.000000  
193.869518 0.006992  -0.008740  -0.017757  0.501402  0.766354  0.401619  -0.830637  0.556276  -0.024455  -0.242153  -0.321338  0.915480  0.000333  0.015852  0.029170  -1.825669  2.560405  1.314459  1.000000  
193.870772 0.006994  -0.008721  -0.017724  0.501778  0.768265  0.397476  -0.831648  0.554845  -0.022556  -0.237866  -0.319242  0.917335  0.000418  0.015899  0.029061  -1.852803  2.626003  1.332674  1.000000  
193.872021 0.006996  -0.008701  -0.017691  0.502021  0.770340  0.393130  -0.832826  0.553158  -0.020409  -0.233185  -0.317163  0.919256  0.000538  0.015899  0.028761  -1.884204  2.700436  1.354151  1.000000  
193.873264 0.007000  -0.008680  -0.017658  0.502471  0.772395  0.388495  -0.833960  0.551533  -0.017918  -0.228108  -0.314987  0.921276  0.000689  0.015950  0.028180  -1.912158  2.777466  1.373668  1.000000  
193.874265 0.007003  -0.008663  -0.017633  0.502939  0.773937  0.384803  -0.834738  0.550415  -0.016017  -0.224198  -0.313154  0.922860  0.000903  0.015995  0.027561  -1.941473  2.847940  1.389038  1.000000  
193.875518 0.007007  -0.008643  -0.017606  0.503319  0.775985  0.380154  -0.835757  0.548923  -0.013951  -0.219501  -0.310695  0.924818  0.001154  0.015996  0.026533  -1.980538  2.909707  1.403896  1.000000  
193.876764 0.007011  -0.008622  -0.017580  0.503873  0.777876  0.375528  -0.836677  0.547573  -0.011621  -0.214669  -0.308340  0.926738  0.001422  0.016064  0.025509  -2.014246  2.972369  1.417354  1.000000  
193.877764 0.007015  -0.008605  -0.017559  0.504314  0.779418  0.371718  -0.837409  0.546490  -0.009759  -0.210746  -0.306359  0.928294  0.001686  0.016129  0.025022  -2.045253  3.027975  1.423800  1.000000  
193.879013 0.007019  -0.008583  -0.017531  0.505018  0.781161  0.367075  -0.838188  0.545332  -0.007331  -0.205905  -0.303975  0.930163  0.001968  0.016166  0.024554  -2.076437  3.115024  1.427694  1.000000  
193.880014 0.007022  -0.008566  -0.017507  0.505600  0.782497  0.363410  -0.838762  0.544471  -0.005418  -0.202106  -0.302075  0.931614  0.002276  0.016273  0.024373  -2.091130  3.158961  1.420619  1.000000  
193.881314 0.007027  -0.008545  -0.017473  0.506283  0.784162  0.358842  -0.839505  0.543345  -0.002908  -0.197255  -0.299777  0.933394  0.002581  0.016347  0.024422  -2.115237  3.228796  1.417068  1.000000  
193.882515 0.007032  -0.008526  -0.017439  0.506967  0.785915  0.354008  -0.840248  0.542202  -0.000413  -0.192268  -0.297245  0.935242  0.002760  0.016389  0.024670  -2.143229  3.288198  1.406682  1.000000  
193.883523 0.007035  -0.008509  -0.017411  0.507708  0.787161  0.350158  -0.840693  0.541509  0.001634  -0.188328  -0.295205  0.936689  0.002989  0.016468  0.024834  -2.161232  3.348214  1.392738  1.000000  
193.884766 0.007039  -0.008489  -0.017376  0.508543  0.788765  0.345302  -0.841293  0.540563  0.004217  -0.183332  -0.292645  0.938482  0.003155  0.016468  0.025014  -2.182482  3.403495  1.373719  1.000000  
193.885769 0.007043  -0.008473  -0.017350  0.509241  0.789900  0.341660  -0.841665  0.539965  0.006124  -0.179648  -0.290682  0.939804  0.003274  0.016473  0.024953  -2.192012  3.441105  1.350386  1.000000  
193.887015 0.007047  -0.008453  -0.017318  0.510030  0.791428  0.336913  -0.842186  0.539120  0.008503  -0.174907  -0.288080  0.941497  0.003408  0.016526  0.024865  -2.209194  3.491361  1.328809  1.000000  
193.888021 0.007050  -0.008437  -0.017294  0.510737  0.792616  0.333028  -0.842569  0.538484  0.010569  -0.170954  -0.285997  0.942858  0.003429  0.016446  0.024696  -2.222141  3.531571  1.305675  1.000000  
193.889021 0.007053  -0.008422  -0.017270  0.511447  0.793811  0.329070  -0.842958  0.537829  0.012746  -0.166865  -0.283911  0.944220  0.003384  0.016366  0.024583  -2.234383  3.574900  1.276327  1.000000  
193.890264 0.007056  -0.008403  -0.017240  0.512413  0.795234  0.324092  -0.843375  0.537102  0.015533  -0.161718  -0.281290  0.945898  0.003326  0.016309  0.024763  -2.243526  3.628739  1.247615  1.000000  
193.891513 0.007057  -0.008385  -0.017209  0.513159  0.796728  0.319207  -0.843819  0.536330  0.017869  -0.156963  -0.278522  0.947517  0.003091  0.016086  0.025060  -2.260309  3.655485  1.209592  1.000000  
193.892764 0.007057  -0.008367  -0.017174  0.513914  0.798200  0.314274  -0.844279  0.535512  0.020494  -0.151940  -0.275867  0.949111  0.002801  0.015798  0.025740  -2.272230  3.691856  1.183176  1.000000  
193.893765 0.007057  -0.008353  -0.017143  0.514565  0.799292  0.310411  -0.844564  0.534983  0.022471  -0.148103  -0.273725  0.950337  0.002567  0.015585  0.026268  -2.284958  3.724413  1.147960  1.000000  
193.895015 0.007055  -0.008337  -0.017103  0.515308  0.800783  0.305295  -0.845000  0.534174  0.025150  -0.142941  -0.270934  0.951926  0.002126  0.015268  0.026887  -2.298063  3.758548  1.111597  1.000000  
193.896020 0.007054  -0.008323  -0.017071  0.515941  0.801844  0.301415  -0.845255  0.533673  0.027135  -0.139099  -0.268773  0.953107  0.001825  0.015113  0.027358  -2.304371  3.776581  1.079584  1.000000  
193.897263 0.007051  -0.008306  -0.017032  0.516641  0.803221  0.296509  -0.845620  0.532960  0.029671  -0.134195  -0.266063  0.954569  0.001391  0.014910  0.027579  -2.314612  3.797487  1.048273  1.000000  
193.898264 0.007048  -0.008293  -0.017001  0.517101  0.804434  0.292389  -0.845981  0.532266  0.031755  -0.130084  -0.263776  0.955772  0.000932  0.014696  0.027732  -2.331758  3.815006  1.030328  1.000000  
193.899515 0.007044  -0.008276  -0.016964  0.517788  0.805825  0.287299  -0.846322  0.531564  0.034346  -0.125041  -0.260931  0.957225  0.000399  0.014496  0.027972  -2.342278  3.853566  0.994790  1.000000  
193.900518 0.007041  -0.008262  -0.016934  0.518245  0.807007  0.283128  -0.846678  0.530838  0.036723  -0.120659  -0.258750  0.958379  -0.000105  0.014329  0.028126  -2.352193  3.892539  0.980068  1.000000  
193.901520 0.007037  -0.008250  -0.016904  0.518669  0.808120  0.279151  -0.846977  0.530213  0.038777  -0.116674  -0.256547  0.959464  -0.000629  0.014021  0.028517  -2.358124  3.906457  0.960307  1.000000  
193.902770 0.007030  -0.008235  -0.016863  0.519328  0.809436  0.274065  -0.847271  0.529533  0.041556  -0.111490  -0.253788  0.960813  -0.001355  0.013748  0.029213  -2.362642  3.917087  0.922584  1.000000  
193.904025 0.007024  -0.008220  -0.016822  0.519807  0.810824  0.269008  -0.847661  0.528673  0.044458  -0.106169  -0.251137  0.962111  -0.002011  0.013389  0.029986  -2.366483  3.929698  0.907091  1.000000  
193.905264 0.007016  -0.008207  -0.016778  0.520293  0.812274  0.263642  -0.848060  0.527755  0.047633  -0.100447  -0.248367  0.963444  -0.002675  0.012978  0.030972  -2.366710  3.968437  0.891216  1.000000  
193.906265 0.007011  -0.008198  -0.016742  0.520687  0.813322  0.259600  -0.848312  0.527132  0.049989  -0.096186  -0.246250  0.964422  -0.003129  0.012672  0.031645  -2.366415  3.980531  0.877742  1.000000  
193.907513 0.007003  -0.008187  -0.016698  0.520956  0.814773  0.254461  -0.848749  0.526137  0.052968  -0.090724  -0.243567  0.965632  -0.003670  0.012198  0.032316  -2.364174  4.001310  0.874691  1.000000  
193.908765 0.006995  -0.008178  -0.016655  0.521389  0.816050  0.249433  -0.849063  0.525290  0.056244  -0.085127  -0.241109  0.966757  -0.004170  0.011684  0.032582  -2.356920  4.024264  0.865488  1.000000  
193.910014 0.006988  -0.008170  -0.016615  0.521462  0.817450  0.244651  -0.849573  0.524078  0.059726  -0.079393  -0.238994  0.967770  -0.004479  0.011117  0.032587  -2.340655  4.049405  0.879160  1.000000  
193.911260 0.006982  -0.008165  -0.016574  0.521687  0.818707  0.239919  -0.849940  0.523080  0.063157  -0.073790  -0.236865  0.968736  -0.004804  0.010310  0.032616  -2.331024  4.078674  0.882859  1.000000  
193.912262 0.006977  -0.008162  -0.016541  0.521696  0.819802  0.236131  -0.850348  0.522017  0.066373  -0.068852  -0.235420  0.969452  -0.004966  0.009582  0.032694  -2.301480  4.099507  0.894504  1.000000  
193.913517 0.006970  -0.008161  -0.016497  0.521904  0.820966  0.231585  -0.850686  0.520938  0.070402  -0.062844  -0.233749  0.970264  -0.005186  0.008452  0.033238  -2.264538  4.128846  0.906021  1.000000  
193.914760 0.006964  -0.008161  -0.016446  0.521742  0.822248  0.227364  -0.851208  0.519509  0.074532  -0.056834  -0.232420  0.970954  -0.005256  0.007426  0.034068  -2.216586  4.153754  0.931181  1.000000  
193.916012 0.006957  -0.008163  -0.016390  0.521725  0.823336  0.223430  -0.851575  0.518331  0.078447  -0.051222  -0.231195  0.971558  -0.005454  0.006198  0.035356  -2.167229  4.175656  0.948916  1.000000  
193.917015 0.006950  -0.008167  -0.016341  0.521669  0.824222  0.220270  -0.851877  0.517317  0.081779  -0.046545  -0.230305  0.972005  -0.005642  0.005093  0.036493  -2.121645  4.201742  0.969600  1.000000  
193.918265 0.006939  -0.008173  -0.016275  0.521452  0.825353  0.216516  -0.852311  0.515905  0.086070  -0.040664  -0.229420  0.972478  -0.005965  0.003737  0.038159  -2.054556  4.226045  0.999971  1.000000  
193.919265 0.006929  -0.008177  -0.016223  0.521373  0.826192  0.213489  -0.852575  0.514858  0.089647  -0.035850  -0.228755  0.972824  -0.006231  0.002593  0.039367  -2.003749  4.238754  1.019930  1.000000  
193.920266 0.006918  -0.008181  -0.016170  0.521273  0.826962  0.210733  -0.852806  0.513920  0.092784  -0.031571  -0.228080  0.973130  -0.006628  0.001623  0.040578  -1.945269  4.243765  1.033202  1.000000  
193.921362 0.006906  -0.008184  -0.016116  0.520989  0.827850  0.207929  -0.853131  0.512789  0.095991  -0.027158  -0.227401  0.973422  -0.006924  0.000721  0.041552  -1.881203  4.242462  1.054151  1.000000  
193.922511 0.006890  -0.008189  -0.016048  0.520708  0.828885  0.204483  -0.853460  0.511469  0.100030  -0.021674  -0.226605  0.973746  -0.007487  -0.000126  0.043317  -1.821988  4.263575  1.080861  1.000000  
193.923760 0.006874  -0.008194  -0.015980  0.520412  0.829945  0.200904  -0.853767  0.510103  0.104296  -0.015921  -0.225802  0.974043  -0.008073  -0.001074  0.045032  -1.751873  4.285021  1.105885  1.000000  
193.924760 0.006860  -0.008199  -0.015923  0.520092  0.830778  0.198274  -0.854031  0.509001  0.107467  -0.011640  -0.225225  0.974237  -0.008590  -0.001770  0.046665  -1.689388  4.284087  1.126724  1.000000  
193.926010 0.006843  -0.008205  -0.015848  0.519589  0.831845  0.195093  -0.854392  0.507564  0.111319  -0.006422  -0.224526  0.974447  -0.009297  -0.002593  0.048913  -1.615433  4.287288  1.154326  1.000000  
193.927260 0.006826  -0.008212  -0.015771  0.519071  0.832922  0.191849  -0.854730  0.506107  0.115288  -0.001070  -0.223821  0.974630  -0.010043  -0.003317  0.051371  -1.540334  4.292839  1.182483  1.000000  
193.928262 0.006813  -0.008218  -0.015706  0.518717  0.833688  0.189462  -0.854941  0.505054  0.118308  0.002944  -0.223348  0.974734  -0.010693  -0.003870  0.053646  -1.472619  4.285143  1.194810  1.000000  
193.929517 0.006794  -0.008227  -0.015621  0.518175  0.834679  0.186562  -0.855237  0.503627  0.122185  0.008028  -0.222869  0.974815  -0.011532  -0.004437  0.055915  -1.376501  4.276036  1.219427  1.000000  
193.930760 0.006775  -0.008236  -0.015533  0.517621  0.835620  0.183869  -0.855515  0.502279  0.125732  0.012711  -0.222385  0.974876  -0.012333  -0.004935  0.058096  -1.301568  4.253862  1.234351  1.000000  
193.932014 0.006754  -0.008246  -0.015443  0.517057  0.836497  0.181451  -0.855777  0.500929  0.129293  0.017259  -0.222133  0.974864  -0.013049  -0.005264  0.059813  -1.209403  4.229783  1.256296  1.000000  
193.933264 0.006732  -0.008255  -0.015354  0.516661  0.837253  0.179076  -0.855916  0.499777  0.132782  0.021674  -0.221877  0.974834  -0.013810  -0.005505  0.061394  -1.116353  4.196205  1.261855  1.000000  
193.934272 0.006712  -0.008263  -0.015281  0.516263  0.837910  0.177144  -0.856053  0.498737  0.135775  0.025419  -0.221740  0.974775  -0.014513  -0.005750  0.062955  -1.031450  4.169871  1.271872  1.000000  
193.935517 0.006686  -0.008271  -0.015187  0.516025  0.838524  0.174915  -0.856058  0.497768  0.139252  0.029699  -0.221595  0.974686  -0.015302  -0.005995  0.064811  -0.937341  4.125852  1.268781  1.000000  
