1-Time 2-Px 3-Py 4-Pz 5-R11 6-R21 7-R31 8-R12 9-R22 10-R32 11-R13 12-R23 13-R33 14-Vx 15-Vy 16-Vz 17-Wx 18-Wy 19-Wz 20-state
27.979306 0.021332  0.026858  -0.023978  0.511608  0.653000  0.558433  -0.785563  0.618769  -0.003860  -0.348062  -0.436710  0.829540  -0.000875  0.003151  -0.001158  0.000000  0.000000  0.000000  1.000000  
27.980390 0.021332  0.026860  -0.023979  0.511634  0.653032  0.558373  -0.785602  0.618720  -0.003767  -0.347937  -0.436732  0.829582  -0.000881  0.003059  -0.001120  0.000000  0.000000  0.000000  1.000000  
27.981409 0.021323  0.026849  -0.023968  0.511634  0.653032  0.558373  -0.785602  0.618720  -0.003767  -0.347937  -0.436732  0.829582  -0.001407  0.002013  -0.000304  0.000000  0.000000  0.000000  1.000000  
27.982640 0.021306  0.026826  -0.023944  0.511634  0.653032  0.558373  -0.785602  0.618720  -0.003767  -0.347937  -0.436732  0.829582  -0.008900  -0.010804  0.011284  0.000000  0.000000  0.000000  1.000000  
27.983658 0.021294  0.026810  -0.023927  0.511634  0.653032  0.558373  -0.785602  0.618720  -0.003767  -0.347937  -0.436732  0.829582  -0.009585  -0.011867  0.012659  0.000000  0.000000  0.000000  1.000000  
27.984887 0.021280  0.026798  -0.023913  0.511634  0.652896  0.558531  -0.785602  0.618721  -0.003617  -0.347937  -0.436933  0.829476  -0.010080  -0.011524  0.012368  0.000000  0.000000  0.000000  1.000000  
27.985902 0.021265  0.026787  -0.023904  0.511659  0.652861  0.558550  -0.785641  0.618673  -0.003449  -0.347811  -0.437055  0.829464  -0.010862  -0.011404  0.011911  0.000000  0.000000  0.000000  1.000000  
27.986913 0.021246  0.026773  -0.023892  0.511659  0.652793  0.558629  -0.785641  0.618673  -0.003374  -0.347811  -0.437156  0.829411  -0.011884  -0.011706  0.011839  0.000000  0.000000  0.000000  1.000000  
27.988133 0.021226  0.026758  -0.023877  0.511659  0.652725  0.558708  -0.785641  0.618673  -0.003299  -0.347811  -0.437256  0.829358  -0.012509  -0.011766  0.011900  0.000000  0.000000  0.000000  1.000000  
27.989135 0.021215  0.026749  -0.023866  0.511659  0.652725  0.558708  -0.785641  0.618673  -0.003299  -0.347811  -0.437256  0.829358  -0.012425  -0.011533  0.011861  0.000000  0.000000  0.000000  1.000000  
27.990381 0.021200  0.026737  -0.023853  0.511659  0.652657  0.558787  -0.785641  0.618674  -0.003224  -0.347811  -0.437357  0.829305  -0.012380  -0.011278  0.011703  0.000000  0.000000  0.000000  1.000000  
27.991381 0.021185  0.026725  -0.023840  0.511659  0.652590  0.558867  -0.785641  0.618674  -0.003149  -0.347811  -0.437458  0.829252  -0.012589  -0.011320  0.011752  0.000000  0.000000  0.000000  1.000000  
27.992382 0.021167  0.026712  -0.023823  0.511472  0.652617  0.559006  -0.785708  0.618589  -0.003282  -0.347937  -0.437536  0.829157  -0.013019  -0.011446  0.012193  0.000000  0.000000  0.000000  1.000000  
27.993383 0.021146  0.026697  -0.023801  0.511472  0.652482  0.559164  -0.785708  0.618590  -0.003132  -0.347937  -0.437738  0.829051  -0.013553  -0.011743  0.012894  0.000000  0.000000  0.000000  1.000000  
27.994633 0.021118  0.026668  -0.023769  0.511497  0.652446  0.559183  -0.785747  0.618541  -0.002964  -0.347811  -0.437860  0.829039  -0.014286  -0.012649  0.013948  0.000000  0.000000  0.000000  1.000000  
27.995883 0.021084  0.026627  -0.023735  0.511497  0.652378  0.559262  -0.785747  0.618542  -0.002889  -0.347811  -0.437960  0.828986  -0.016269  -0.015290  0.016060  0.000000  0.000000  0.000000  1.000000  
27.996901 0.021055  0.026589  -0.023706  0.511659  0.652183  0.559341  -0.785641  0.618676  -0.002698  -0.347811  -0.438061  0.828933  -0.017414  -0.016724  0.016833  0.000000  0.000000  0.000000  1.000000  
27.998135 0.021021  0.026547  -0.023675  0.511659  0.652115  0.559420  -0.785641  0.618677  -0.002623  -0.347811  -0.438162  0.828880  -0.018540  -0.018015  0.017386  0.000000  0.000000  0.000000  1.000000  
27.999135 0.020995  0.026517  -0.023656  0.511659  0.651979  0.559579  -0.785641  0.618677  -0.002473  -0.347811  -0.438363  0.828774  -0.019573  -0.019239  0.017712  0.000000  0.000000  0.000000  1.000000  
28.000137 0.020969  0.026486  -0.023638  0.511659  0.651911  0.559658  -0.785641  0.618677  -0.002398  -0.347811  -0.438463  0.828720  -0.020544  -0.020748  0.018344  0.000000  0.000000  0.000000  1.000000  
28.001387 0.020936  0.026446  -0.023615  0.511684  0.651807  0.559755  -0.785680  0.618629  -0.002155  -0.347686  -0.438686  0.828655  -0.021338  -0.022299  0.018941  0.000000  0.000000  0.000000  1.000000  
28.002631 0.020907  0.026408  -0.023583  0.512033  0.651449  0.559854  -0.785509  0.618848  -0.001682  -0.347560  -0.438909  0.828590  -0.021770  -0.023687  0.020055  0.000000  0.000000  0.000000  1.000000  
28.003633 0.020890  0.026385  -0.023553  0.512220  0.651286  0.559872  -0.785442  0.618934  -0.001399  -0.347435  -0.439031  0.828578  -0.022010  -0.024565  0.021247  0.000000  0.000000  0.000000  1.000000  
28.004882 0.020871  0.026358  -0.023511  0.512246  0.651250  0.559891  -0.785481  0.618884  -0.001231  -0.347309  -0.439153  0.828565  -0.022302  -0.025606  0.023158  0.000000  0.000000  0.000000  1.000000  
28.006131 0.020849  0.026328  -0.023469  0.512433  0.651019  0.559989  -0.785414  0.618970  -0.000872  -0.347184  -0.439376  0.828500  -0.022677  -0.026695  0.024967  0.000000  0.000000  0.000000  1.000000  
28.007132 0.020827  0.026301  -0.023436  0.512458  0.651051  0.559928  -0.785453  0.618920  -0.000780  -0.347058  -0.439398  0.828541  -0.022936  -0.027656  0.026148  0.000000  0.000000  0.000000  1.000000  
28.008133 0.020804  0.026270  -0.023405  0.512807  0.650760  0.559947  -0.785281  0.619139  -0.000381  -0.346933  -0.439520  0.828529  -0.023197  -0.028907  0.026837  0.000000  0.000000  0.000000  1.000000  
28.009381 0.020775  0.026228  -0.023371  0.512994  0.650733  0.559807  -0.785214  0.619224  -0.000248  -0.346807  -0.439441  0.828623  -0.023297  -0.029791  0.026993  0.000000  0.000000  0.000000  1.000000  
28.010381 0.020751  0.026193  -0.023347  0.513045  0.650797  0.559686  -0.785292  0.619125  -0.000063  -0.346556  -0.439485  0.828705  -0.023211  -0.030137  0.026774  0.000000  0.000000  0.000000  1.000000  
28.011381 0.020725  0.026157  -0.023326  0.513096  0.650929  0.559486  -0.785370  0.619027  0.000048  -0.346305  -0.439428  0.828840  -0.022977  -0.030061  0.026318  0.000000  0.000000  0.000000  1.000000  
28.012381 0.020701  0.026123  -0.023305  0.513308  0.650866  0.559364  -0.785342  0.619063  0.000349  -0.346054  -0.439471  0.828922  -0.022726  -0.029918  0.025886  0.000000  0.000000  0.000000  1.000000  
28.013392 0.020678  0.026092  -0.023283  0.513520  0.650803  0.559243  -0.785313  0.619098  0.000650  -0.345803  -0.439514  0.829004  -0.022351  -0.029815  0.025834  0.000000  0.000000  0.000000  1.000000  
28.014641 0.020654  0.026053  -0.023256  0.513894  0.650613  0.559121  -0.785179  0.619268  0.001066  -0.345552  -0.439558  0.829085  -0.021818  -0.029868  0.026145  0.000000  0.000000  0.000000  1.000000  
28.015642 0.020635  0.026023  -0.023231  0.513945  0.650677  0.558999  -0.785257  0.619169  0.001251  -0.345301  -0.439601  0.829167  -0.021372  -0.029830  0.026539  0.000000  0.000000  0.000000  1.000000  
28.016646 0.020617  0.025995  -0.023204  0.514182  0.650646  0.558817  -0.785267  0.619155  0.001645  -0.344924  -0.439666  0.829290  -0.020777  -0.029496  0.027009  0.000000  0.000000  0.000000  1.000000  
28.017886 0.020597  0.025964  -0.023163  0.514445  0.650648  0.558573  -0.785315  0.619093  0.002131  -0.344422  -0.439752  0.829453  -0.020337  -0.029234  0.027504  0.000000  0.000000  0.000000  1.000000  
28.018900 0.020585  0.025943  -0.023131  0.514682  0.650617  0.558390  -0.785325  0.619079  0.002525  -0.344045  -0.439817  0.829575  -0.020173  -0.029192  0.027457  0.000000  0.000000  0.000000  1.000000  
28.020135 0.020569  0.025916  -0.023095  0.515107  0.650491  0.558146  -0.785267  0.619150  0.003126  -0.343542  -0.439903  0.829737  -0.019909  -0.029201  0.027022  0.000000  0.000000  0.000000  1.000000  
28.021383 0.020549  0.025884  -0.023066  0.515369  0.650560  0.557822  -0.785314  0.619087  0.003537  -0.343040  -0.439889  0.829953  -0.019604  -0.029218  0.026192  0.101783  0.202666  -0.017693  1.000000  
28.022633 0.020525  0.025848  -0.023039  0.515657  0.650730  0.557359  -0.785400  0.618976  0.003966  -0.342411  -0.439795  0.830262  -0.019454  -0.029177  0.025381  0.094307  0.232610  -0.016586  1.000000  
28.023889 0.020498  0.025811  -0.023014  0.515919  0.650934  0.556877  -0.785447  0.618915  0.004227  -0.341908  -0.439578  0.830584  -0.019169  -0.028886  0.024627  0.080334  0.251495  -0.013957  1.000000  
28.025133 0.020472  0.025774  -0.022987  0.516181  0.651139  0.556395  -0.785493  0.618854  0.004488  -0.341405  -0.439361  0.830906  -0.018897  -0.028411  0.024370  0.066400  0.266581  -0.013447  1.000000  
28.026133 0.020452  0.025745  -0.022964  0.516443  0.651275  0.555992  -0.785539  0.618793  0.004824  -0.340902  -0.439245  0.831174  -0.018493  -0.027942  0.024532  0.056500  0.285464  -0.010812  1.000000  
28.027383 0.020429  0.025710  -0.022930  0.516705  0.651479  0.555510  -0.785585  0.618732  0.005085  -0.340399  -0.439028  0.831495  -0.018059  -0.027476  0.025053  0.039840  0.299024  -0.002438  1.000000  
28.028637 0.020407  0.025679  -0.022891  0.517153  0.651588  0.554965  -0.785563  0.618757  0.005553  -0.339770  -0.438831  0.831855  -0.017762  -0.026980  0.025831  0.020403  0.327345  -0.003461  1.000000  
28.029893 0.020387  0.025650  -0.022851  0.517440  0.651891  0.554341  -0.785646  0.618649  0.005832  -0.339141  -0.438533  0.832269  -0.017364  -0.026246  0.026647  0.002342  0.350205  0.001214  1.000000  
28.031137 0.020370  0.025622  -0.022815  0.517702  0.652094  0.553857  -0.785691  0.618589  0.006093  -0.338637  -0.438315  0.832589  -0.016973  -0.025769  0.026875  -0.015724  0.365263  0.001727  1.000000  
28.032140 0.020360  0.025601  -0.022789  0.517913  0.652233  0.553496  -0.785660  0.618628  0.006168  -0.338385  -0.438054  0.832829  -0.016586  -0.025419  0.026611  -0.032058  0.369143  0.003770  1.000000  
28.033142 0.020350  0.025580  -0.022765  0.518311  0.652209  0.553151  -0.785560  0.618751  0.006525  -0.338008  -0.437915  0.833055  -0.016298  -0.025278  0.025925  -0.046031  0.380099  0.002204  1.000000  
28.034385 0.020337  0.025553  -0.022737  0.518709  0.652253  0.552727  -0.785459  0.618876  0.006806  -0.337630  -0.437675  0.833335  -0.016136  -0.025325  0.025262  -0.060028  0.391200  0.000591  1.000000  
28.035646 0.020320  0.025522  -0.022710  0.519132  0.652395  0.552162  -0.785396  0.618952  0.007106  -0.337126  -0.437355  0.833707  -0.016096  -0.025372  0.024851  -0.075704  0.409027  -0.004707  1.000000  
28.036647 0.020306  0.025493  -0.022687  0.519530  0.652438  0.551737  -0.785295  0.619077  0.007387  -0.336748  -0.437114  0.833986  -0.015854  -0.025505  0.024898  -0.089690  0.420014  -0.006330  1.000000  
28.037896 0.020286  0.025455  -0.022656  0.519953  0.652646  0.551092  -0.785232  0.619155  0.007611  -0.336244  -0.436692  0.834410  -0.015427  -0.025702  0.025310  -0.114217  0.431991  -0.000168  1.000000  
28.039139 0.020269  0.025416  -0.022620  0.520512  0.652628  0.550585  -0.785023  0.619416  0.007930  -0.335866  -0.436349  0.834741  -0.014861  -0.025809  0.026002  -0.121799  0.446105  -0.007635  1.000000  
28.040386 0.020252  0.025378  -0.022579  0.521072  0.652742  0.549920  -0.784813  0.619679  0.008098  -0.335488  -0.435804  0.835178  -0.014186  -0.025820  0.026922  -0.139253  0.459189  -0.022995  1.000000  
28.041636 0.020236  0.025340  -0.022536  0.521631  0.652856  0.549254  -0.784603  0.619943  0.008266  -0.335110  -0.435258  0.835615  -0.013672  -0.025969  0.027648  -0.155037  0.465314  -0.034741  1.000000  
28.042638 0.020226  0.025314  -0.022502  0.522004  0.652932  0.548810  -0.784463  0.620119  0.008377  -0.334858  -0.434894  0.835905  -0.013181  -0.026017  0.027972  -0.169033  0.468283  -0.040630  1.000000  
28.043884 0.020214  0.025283  -0.022464  0.522724  0.652917  0.548142  -0.784145  0.620517  0.008657  -0.334479  -0.434348  0.836341  -0.012542  -0.026058  0.027804  -0.185082  0.481626  -0.053517  1.000000  
28.044945 0.020207  0.025260  -0.022439  0.523283  0.652962  0.547554  -0.783934  0.620781  0.008898  -0.334101  -0.433902  0.836723  -0.011928  -0.025950  0.027384  -0.201956  0.490549  -0.065527  1.000000  
28.046132 0.020199  0.025232  -0.022409  0.524002  0.652946  0.546885  -0.783614  0.621181  0.009176  -0.333723  -0.433355  0.837158  -0.011422  -0.025972  0.027057  -0.218071  0.496440  -0.082485  1.000000  
28.047148 0.020194  0.025211  -0.022386  0.524697  0.652830  0.546356  -0.783256  0.621628  0.009435  -0.333471  -0.432888  0.837500  -0.011033  -0.026023  0.026869  -0.233254  0.505460  -0.102711  1.000000  
28.048391 0.020187  0.025183  -0.022352  0.525417  0.652879  0.545607  -0.782935  0.622029  0.009636  -0.333092  -0.432238  0.837986  -0.010698  -0.026179  0.027208  -0.254893  0.510473  -0.122355  1.000000  
28.049394 0.020181  0.025157  -0.022321  0.525975  0.652922  0.545017  -0.782721  0.622294  0.009875  -0.332714  -0.431791  0.838367  -0.010361  -0.026435  0.027837  -0.270762  0.516550  -0.134109  1.000000  
28.050659 0.020171  0.025119  -0.022281  0.526879  0.652806  0.544281  -0.782327  0.622782  0.010355  -0.332209  -0.431262  0.838839  -0.009911  -0.026815  0.028675  -0.284119  0.525184  -0.151598  1.000000  
28.051890 0.020158  0.025077  -0.022240  0.527809  0.652722  0.543482  -0.781968  0.623223  0.010927  -0.331578  -0.430753  0.839350  -0.009602  -0.027248  0.029500  -0.295618  0.537570  -0.175108  1.000000  
28.053140 0.020144  0.025036  -0.022199  0.528713  0.652670  0.542664  -0.781571  0.623713  0.011329  -0.331073  -0.430121  0.839873  -0.009181  -0.027356  0.030058  -0.302823  0.549536  -0.198617  1.000000  
28.054387 0.020130  0.024996  -0.022160  0.529641  0.652584  0.541862  -0.781210  0.624155  0.011898  -0.330441  -0.429610  0.840383  -0.008942  -0.027444  0.030091  -0.310151  0.561576  -0.222124  1.000000  
28.055387 0.020120  0.024963  -0.022130  0.530383  0.652527  0.541204  -0.780920  0.624510  0.012338  -0.329936  -0.429181  0.840801  -0.008740  -0.027557  0.029827  -0.309230  0.577513  -0.243528  1.000000  
28.056389 0.020112  0.024932  -0.022104  0.531126  0.652470  0.540545  -0.780628  0.624865  0.012777  -0.329431  -0.428751  0.841218  -0.008434  -0.027662  0.029301  -0.314738  0.586415  -0.261194  1.000000  
28.057637 0.020103  0.024897  -0.022074  0.531917  0.652542  0.539679  -0.780409  0.625127  0.013325  -0.328673  -0.428258  0.841765  -0.008179  -0.027816  0.028533  -0.322715  0.600388  -0.269095  1.000000  
28.058886 0.020094  0.024865  -0.022047  0.532844  0.652517  0.538793  -0.780043  0.625574  0.013814  -0.328041  -0.427643  0.842325  -0.007998  -0.027905  0.027861  -0.330168  0.612346  -0.292776  1.000000  
28.059887 0.020088  0.024842  -0.022024  0.533610  0.652490  0.538068  -0.779784  0.625884  0.014344  -0.327409  -0.427231  0.842779  -0.007999  -0.027980  0.027777  -0.328979  0.624083  -0.303917  1.000000  
28.061137 0.020080  0.024814  -0.021990  0.534425  0.652657  0.537056  -0.779597  0.626104  0.014906  -0.326524  -0.426653  0.843415  -0.007989  -0.027968  0.027985  -0.338646  0.644634  -0.315480  1.000000  
28.062141 0.020074  0.024791  -0.021960  0.535055  0.652854  0.536188  -0.779483  0.626236  0.015340  -0.325765  -0.426157  0.843959  -0.008031  -0.028022  0.028391  -0.351725  0.664823  -0.318172  1.000000  
28.063390 0.020065  0.024761  -0.021918  0.536054  0.652923  0.535106  -0.779219  0.626545  0.016105  -0.324753  -0.425597  0.844632  -0.008146  -0.028161  0.028911  -0.361615  0.693713  -0.325865  1.000000  
28.064397 0.020056  0.024733  -0.021885  0.536708  0.653215  0.534092  -0.779138  0.626634  0.016555  -0.323867  -0.425016  0.845264  -0.008322  -0.028251  0.028988  -0.373584  0.715230  -0.329661  1.000000  
28.065645 0.020042  0.024695  -0.021845  0.537546  0.653475  0.532931  -0.778980  0.626814  0.017131  -0.322854  -0.424351  0.845985  -0.008612  -0.028308  0.029087  -0.386820  0.735285  -0.329064  1.000000  
28.066656 0.020029  0.024663  -0.021815  0.538223  0.653733  0.531930  -0.778932  0.626857  0.017749  -0.321841  -0.423890  0.846603  -0.008761  -0.028038  0.028723  -0.396310  0.760057  -0.329931  1.000000  
28.067885 0.020013  0.024625  -0.021783  0.538948  0.654184  0.530639  -0.778953  0.626813  0.018401  -0.320574  -0.423260  0.847398  -0.008934  -0.027891  0.028270  -0.407752  0.784851  -0.319682  1.000000  
28.069135 0.019999  0.024589  -0.021754  0.539858  0.654537  0.529278  -0.778896  0.626858  0.019255  -0.319179  -0.422648  0.848230  -0.008958  -0.027660  0.027560  -0.422162  0.819224  -0.309904  1.000000  
28.070137 0.019988  0.024560  -0.021730  0.540557  0.654888  0.528128  -0.778877  0.626861  0.019889  -0.318038  -0.422098  0.848932  -0.008963  -0.027353  0.027173  -0.430684  0.846814  -0.296446  1.000000  
28.071383 0.019976  0.024525  -0.021698  0.541489  0.655206  0.526777  -0.778850  0.626861  0.020911  -0.316515  -0.421604  0.849746  -0.009050  -0.027180  0.027101  -0.437211  0.885479  -0.284869  1.000000  
28.072633 0.019967  0.024494  -0.021665  0.542420  0.655587  0.525344  -0.778820  0.626867  0.021857  -0.314992  -0.421004  0.850609  -0.009059  -0.026868  0.027293  -0.441525  0.927081  -0.279253  1.000000  
28.073883 0.019959  0.024466  -0.021630  0.543350  0.655966  0.523908  -0.778787  0.626874  0.022801  -0.313467  -0.420401  0.851470  -0.009019  -0.026628  0.027754  -0.450230  0.962656  -0.262080  1.000000  
28.075132 0.019951  0.024437  -0.021595  0.544303  0.656312  0.522483  -0.778785  0.626835  0.023915  -0.311815  -0.419919  0.852314  -0.009013  -0.026620  0.028166  -0.453002  1.003947  -0.241334  1.000000  
28.076133 0.019944  0.024413  -0.021565  0.545022  0.656627  0.521336  -0.778790  0.626798  0.024716  -0.310544  -0.419482  0.852993  -0.009058  -0.026789  0.028358  -0.461559  1.035716  -0.225832  1.000000  
28.077382 0.019934  0.024381  -0.021528  0.545836  0.657259  0.519687  -0.778928  0.626588  0.025663  -0.308762  -0.418806  0.853971  -0.009203  -0.026991  0.028292  -0.477205  1.068730  -0.197340  1.000000  
28.078637 0.019922  0.024346  -0.021494  0.546945  0.657598  0.518088  -0.778804  0.626698  0.026729  -0.307108  -0.418109  0.854909  -0.009409  -0.027174  0.027776  -0.483477  1.110713  -0.184252  1.000000  
28.079903 0.019908  0.024310  -0.021464  0.547893  0.658127  0.516412  -0.778789  0.626678  0.027612  -0.305452  -0.417305  0.855895  -0.009443  -0.027102  0.026798  -0.498456  1.148631  -0.165207  1.000000  
28.081139 0.019893  0.024273  -0.021437  0.549023  0.658557  0.514661  -0.778691  0.626751  0.028694  -0.303668  -0.416516  0.856913  -0.009470  -0.027059  0.026238  -0.514094  1.188166  -0.149287  1.000000  
28.082141 0.019882  0.024244  -0.021413  0.549922  0.658893  0.513270  -0.778603  0.626822  0.029540  -0.302265  -0.415879  0.857718  -0.009307  -0.026907  0.025986  -0.528621  1.221501  -0.131601  1.000000  
28.083391 0.019869  0.024208  -0.021380  0.550889  0.659447  0.511518  -0.778610  0.626765  0.030515  -0.300479  -0.415084  0.858730  -0.009136  -0.026828  0.026124  -0.547877  1.254646  -0.109117  1.000000  
28.084748 0.019857  0.024173  -0.021342  0.552198  0.659774  0.509683  -0.778420  0.626939  0.031792  -0.298564  -0.414303  0.859775  -0.009005  -0.026586  0.026527  -0.560810  1.293101  -0.096137  1.000000  
28.085887 0.019847  0.024139  -0.021301  0.553505  0.660097  0.507842  -0.778224  0.627116  0.033068  -0.296648  -0.413518  0.860815  -0.008912  -0.026606  0.027371  -0.575127  1.337294  -0.087053  1.000000  
28.087133 0.019839  0.024109  -0.021259  0.554788  0.660448  0.505984  -0.777990  0.627346  0.034171  -0.294859  -0.412608  0.861866  -0.008779  -0.026472  0.027934  -0.587826  1.379008  -0.082682  1.000000  
28.088135 0.019831  0.024084  -0.021227  0.556023  0.660547  0.504496  -0.777689  0.627657  0.035313  -0.293324  -0.411975  0.862692  -0.008871  -0.026604  0.028305  -0.596417  1.412725  -0.081895  1.000000  
28.089383 0.019821  0.024053  -0.021189  0.557508  0.660827  0.502486  -0.777395  0.627941  0.036704  -0.291277  -0.411093  0.863806  -0.009024  -0.026801  0.028506  -0.609378  1.458617  -0.075785  1.000000  
28.090633 0.019809  0.024019  -0.021155  0.558968  0.661072  0.500539  -0.777064  0.628274  0.037997  -0.289356  -0.410190  0.864880  -0.009292  -0.027139  0.028284  -0.620217  1.503397  -0.077599  1.000000  
28.091635 0.019798  0.023990  -0.021129  0.560198  0.661226  0.498957  -0.776749  0.628599  0.039056  -0.287819  -0.409443  0.865746  -0.009501  -0.027349  0.028031  -0.633026  1.533180  -0.079109  1.000000  
28.092883 0.019783  0.023952  -0.021098  0.561792  0.661364  0.496979  -0.776260  0.629125  0.040276  -0.286025  -0.408412  0.866827  -0.009800  -0.027667  0.027708  -0.645897  1.572785  -0.090995  1.000000  
28.094133 0.019765  0.023913  -0.021067  0.563246  0.661599  0.495016  -0.775913  0.629469  0.041561  -0.284101  -0.407498  0.867889  -0.010080  -0.027888  0.027667  -0.653083  1.605715  -0.099120  1.000000  
28.095139 0.019751  0.023882  -0.021041  0.564631  0.661616  0.493413  -0.775468  0.629940  0.042713  -0.282561  -0.406743  0.868746  -0.010290  -0.028056  0.027889  -0.657855  1.637157  -0.114676  1.000000  
28.096383 0.019731  0.023842  -0.021004  0.566241  0.661834  0.491270  -0.774994  0.630440  0.043940  -0.280635  -0.405612  0.869898  -0.010659  -0.028300  0.028406  -0.667122  1.672839  -0.129174  1.000000  
28.097389 0.019715  0.023809  -0.020973  0.567623  0.661845  0.489658  -0.774539  0.630917  0.045086  -0.279094  -0.404851  0.870748  -0.010968  -0.028469  0.028924  -0.672332  1.700828  -0.146905  1.000000  
28.098392 0.019700  0.023779  -0.020940  0.568866  0.662075  0.487902  -0.774227  0.631223  0.046146  -0.277423  -0.403998  0.871678  -0.011268  -0.028634  0.029333  -0.682832  1.731722  -0.156338  1.000000  
28.099642 0.019682  0.023742  -0.020899  0.570650  0.662184  0.485665  -0.773648  0.631828  0.047556  -0.275366  -0.402871  0.872851  -0.011775  -0.028906  0.029758  -0.692775  1.765684  -0.187055  1.000000  
28.100643 0.019668  0.023715  -0.020866  0.572027  0.662187  0.484039  -0.773180  0.632315  0.048692  -0.273822  -0.402102  0.873691  -0.012087  -0.028747  0.029425  -0.699908  1.785746  -0.201029  1.000000  
28.101891 0.019651  0.023682  -0.020828  0.573807  0.662288  0.481789  -0.772587  0.632929  0.050093  -0.271762  -0.400968  0.874854  -0.012722  -0.028952  0.029206  -0.709860  1.819023  -0.231887  1.000000  
28.103141 0.019632  0.023648  -0.020792  0.575605  0.662358  0.479542  -0.772016  0.633500  0.051659  -0.269573  -0.399949  0.875997  -0.013344  -0.029166  0.028932  -0.722005  1.853393  -0.254740  1.000000  
28.104388 0.019612  0.023613  -0.020758  0.577401  0.662482  0.477207  -0.771437  0.634082  0.053144  -0.267382  -0.398820  0.877183  -0.014053  -0.029377  0.028806  -0.734379  1.887949  -0.277970  1.000000  
28.105390 0.019594  0.023584  -0.020728  0.578927  0.662398  0.475470  -0.770828  0.634727  0.054286  -0.265834  -0.397933  0.878056  -0.014595  -0.029485  0.028881  -0.742265  1.905959  -0.308257  1.000000  
28.106391 0.019575  0.023554  -0.020698  0.580156  0.662663  0.473599  -0.770480  0.635066  0.055246  -0.264157  -0.396951  0.879006  -0.015145  -0.029583  0.029222  -0.758339  1.926491  -0.322912  1.000000  
28.107641 0.019550  0.023514  -0.020656  0.581944  0.662831  0.471165  -0.769881  0.635669  0.056640  -0.261962  -0.395703  0.880224  -0.015785  -0.029690  0.029975  -0.771170  1.952680  -0.350519  1.000000  
28.108890 0.019524  0.023474  -0.020613  0.583411  0.663198  0.468828  -0.769515  0.635998  0.057912  -0.259767  -0.394557  0.881389  -0.016337  -0.029765  0.030784  -0.779944  1.977539  -0.364338  1.000000  
28.109892 0.019503  0.023441  -0.020579  0.584834  0.663327  0.466869  -0.769086  0.636395  0.059224  -0.257828  -0.393699  0.882341  -0.016780  -0.029837  0.031334  -0.784022  2.001311  -0.374534  1.000000  
28.111140 0.019476  0.023402  -0.020537  0.586633  0.663455  0.464423  -0.768493  0.636966  0.060774  -0.255500  -0.392558  0.883526  -0.017235  -0.029837  0.031693  -0.791324  2.029472  -0.397497  1.000000  
28.112147 0.019456  0.023370  -0.020504  0.587892  0.663765  0.462384  -0.768173  0.637242  0.061906  -0.253559  -0.391586  0.884516  -0.017532  -0.029770  0.031799  -0.801622  2.050690  -0.404800  1.000000  
28.113402 0.019432  0.023334  -0.020467  0.589547  0.664047  0.459865  -0.767713  0.637645  0.063446  -0.251100  -0.390449  0.885719  -0.017981  -0.029802  0.031641  -0.808774  2.081634  -0.423030  1.000000  
28.114657 0.019410  0.023299  -0.020432  0.591357  0.664192  0.457325  -0.767122  0.638192  0.065076  -0.248638  -0.389307  0.886915  -0.018177  -0.029567  0.031045  -0.820209  2.110939  -0.435291  1.000000  
28.115892 0.019389  0.023265  -0.020397  0.592866  0.664572  0.454812  -0.766793  0.638421  0.066684  -0.246045  -0.388281  0.888088  -0.018459  -0.029514  0.030788  -0.827631  2.129565  -0.437681  1.000000  
28.116897 0.019373  0.023239  -0.020368  0.594252  0.664647  0.452890  -0.766301  0.638886  0.067879  -0.244229  -0.387387  0.888979  -0.018598  -0.029547  0.030697  -0.829908  2.146573  -0.447089  1.000000  
28.118138 0.019352  0.023204  -0.020331  0.595893  0.664910  0.450341  -0.765808  0.639313  0.069401  -0.241763  -0.386231  0.890155  -0.018680  -0.029642  0.030757  -0.843422  2.165916  -0.449556  1.000000  
28.119138 0.019335  0.023175  -0.020299  0.597116  0.665055  0.448503  -0.765427  0.639641  0.070574  -0.239945  -0.385438  0.890991  -0.018774  -0.029746  0.031122  -0.845841  2.169942  -0.450689  1.000000  
28.120141 0.019317  0.023145  -0.020264  0.598395  0.665346  0.446360  -0.765117  0.639859  0.071949  -0.237736  -0.384572  0.891956  -0.018762  -0.029743  0.031484  -0.850526  2.192705  -0.450590  1.000000  
28.121142 0.019299  0.023114  -0.020227  0.599830  0.665557  0.444116  -0.764678  0.640227  0.073335  -0.235526  -0.383594  0.892963  -0.018713  -0.029820  0.031914  -0.863498  2.210976  -0.449478  1.000000  
28.122391 0.019276  0.023075  -0.020181  0.601376  0.666060  0.441260  -0.764378  0.640376  0.075125  -0.232535  -0.382468  0.894229  -0.018591  -0.029805  0.032222  -0.872704  2.245479  -0.433951  1.000000  
28.123640 0.019253  0.023035  -0.020136  0.603113  0.666489  0.438231  -0.763993  0.640590  0.077191  -0.229280  -0.381360  0.895542  -0.018448  -0.029772  0.032411  -0.880215  2.290389  -0.418006  1.000000  
28.124641 0.019233  0.023004  -0.020101  0.604573  0.666750  0.435817  -0.763578  0.640896  0.078753  -0.226805  -0.380392  0.896583  -0.018349  -0.029753  0.032356  -0.889581  2.322329  -0.414861  1.000000  
28.125890 0.019211  0.022966  -0.020060  0.606261  0.667053  0.432999  -0.763124  0.641194  0.080698  -0.223807  -0.379356  0.897775  -0.018049  -0.029533  0.032287  -0.892735  2.354431  -0.404352  1.000000  
28.126890 0.019194  0.022937  -0.020028  0.607713  0.667252  0.430651  -0.762692  0.641501  0.082329  -0.221328  -0.378486  0.898756  -0.017753  -0.029396  0.032312  -0.896882  2.382035  -0.398272  1.000000  
28.127896 0.019179  0.022909  -0.019996  0.609004  0.667580  0.428313  -0.762378  0.641674  0.083869  -0.218848  -0.377613  0.899730  -0.017512  -0.029293  0.032364  -0.900075  2.404943  -0.381678  1.000000  
28.129140 0.019161  0.022874  -0.019954  0.610713  0.667880  0.425400  -0.761941  0.641903  0.086067  -0.215583  -0.376692  0.900903  -0.017230  -0.029251  0.032740  -0.899661  2.446327  -0.367820  1.000000  
28.130150 0.019146  0.022847  -0.019920  0.612152  0.668017  0.423112  -0.761484  0.642214  0.087764  -0.213100  -0.375918  0.901817  -0.017099  -0.029253  0.033210  -0.898102  2.470072  -0.360341  1.000000  
28.131391 0.019127  0.022811  -0.019874  0.613849  0.668258  0.420262  -0.761026  0.642444  0.090031  -0.209831  -0.375095  0.902926  -0.016979  -0.029456  0.033985  -0.895266  2.508802  -0.340349  1.000000  
28.132639 0.019107  0.022772  -0.019826  0.615383  0.668578  0.417502  -0.760682  0.642532  0.092284  -0.206559  -0.374376  0.903978  -0.016939  -0.029765  0.034732  -0.889140  2.531152  -0.315589  1.000000  
28.133642 0.019090  0.022739  -0.019788  0.616808  0.668654  0.415271  -0.760200  0.642847  0.094047  -0.204071  -0.373698  0.904823  -0.016981  -0.030130  0.035241  -0.882611  2.555081  -0.306259  1.000000  
28.134894 0.019067  0.022695  -0.019740  0.618313  0.668935  0.412571  -0.759814  0.642984  0.096197  -0.200926  -0.372957  0.905832  -0.016940  -0.030528  0.035545  -0.872738  2.581904  -0.283718  1.000000  
28.135895 0.019049  0.022658  -0.019702  0.619745  0.668938  0.410412  -0.759336  0.643246  0.098202  -0.198304  -0.372501  0.906597  -0.016959  -0.030881  0.035583  -0.859272  2.610825  -0.274391  1.000000  
28.137132 0.019023  0.022613  -0.019655  0.621428  0.669095  0.407601  -0.758844  0.643442  0.100695  -0.194893  -0.371880  0.907591  -0.017152  -0.031348  0.035706  -0.840570  2.644563  -0.267090  1.000000  
28.138133 0.019002  0.022575  -0.019617  0.622710  0.669307  0.405290  -0.758496  0.643547  0.102623  -0.192137  -0.371315  0.908410  -0.017336  -0.031774  0.035797  -0.828856  2.674639  -0.250402  1.000000  
28.139133 0.018981  0.022538  -0.019578  0.624143  0.669336  0.403032  -0.758011  0.643782  0.104710  -0.189379  -0.370856  0.909176  -0.017495  -0.032113  0.036000  -0.810071  2.705910  -0.247680  1.000000  
28.140383 0.018954  0.022493  -0.019528  0.625978  0.669336  0.400176  -0.757376  0.644079  0.107442  -0.185830  -0.370340  0.910118  -0.017745  -0.032571  0.036603  -0.793698  2.742785  -0.235880  1.000000  
28.141634 0.018927  0.022448  -0.019474  0.627618  0.669403  0.397486  -0.756818  0.644320  0.109898  -0.182542  -0.369799  0.911003  -0.018108  -0.033085  0.037486  -0.769242  2.767607  -0.229723  1.000000  
28.142882 0.018900  0.022405  -0.019415  0.629235  0.669436  0.394865  -0.756230  0.644604  0.112254  -0.179384  -0.369243  0.911856  -0.018615  -0.033599  0.038753  -0.748658  2.792456  -0.223415  1.000000  
28.143889 0.018877  0.022371  -0.019367  0.630444  0.669448  0.392913  -0.755782  0.644817  0.114038  -0.177015  -0.368851  0.912477  -0.019247  -0.034138  0.039841  -0.728574  2.802231  -0.220051  1.000000  
28.144890 0.018853  0.022335  -0.019315  0.631834  0.669341  0.390856  -0.755233  0.645080  0.116164  -0.174380  -0.368584  0.913092  -0.019766  -0.034615  0.041030  -0.707021  2.818082  -0.216016  1.000000  
28.146132 0.018822  0.022290  -0.019251  0.633463  0.669385  0.388134  -0.754652  0.645286  0.118772  -0.170954  -0.368144  0.913917  -0.020654  -0.035233  0.042224  -0.685669  2.849864  -0.209341  1.000000  
28.147146 0.018795  0.022251  -0.019199  0.634687  0.669409  0.386088  -0.754216  0.645417  0.120810  -0.168316  -0.367870  0.914517  -0.021424  -0.035812  0.043147  -0.664798  2.876073  -0.198505  1.000000  
28.148387 0.018759  0.022201  -0.019137  0.636472  0.669256  0.383406  -0.753498  0.645701  0.123736  -0.164754  -0.367650  0.915254  -0.022382  -0.036412  0.044079  -0.635809  2.916785  -0.194790  1.000000  
28.149388 0.018728  0.022159  -0.019087  0.637685  0.669279  0.381345  -0.753045  0.645837  0.125766  -0.162114  -0.367369  0.915838  -0.023224  -0.036915  0.044804  -0.613591  2.933934  -0.188956  1.000000  
28.150637 0.018690  0.022105  -0.019023  0.639258  0.669116  0.378989  -0.752387  0.646086  0.128400  -0.158945  -0.367227  0.916450  -0.024221  -0.037503  0.045947  -0.578385  2.936806  -0.186483  1.000000  
28.151889 0.018650  0.022050  -0.018956  0.640824  0.668999  0.376543  -0.751718  0.646353  0.130951  -0.155774  -0.366970  0.917097  -0.025313  -0.038138  0.047328  -0.548610  2.947213  -0.192848  1.000000  
28.153133 0.018609  0.021995  -0.018888  0.642396  0.668823  0.374170  -0.751053  0.646554  0.133746  -0.152469  -0.366939  0.917665  -0.026252  -0.038692  0.048814  -0.504320  2.960257  -0.191387  1.000000  
28.154134 0.018577  0.021950  -0.018829  0.643574  0.668721  0.372323  -0.750551  0.646704  0.135822  -0.149956  -0.366859  0.918111  -0.026989  -0.039225  0.050140  -0.472827  2.945370  -0.193222  1.000000  
28.155383 0.018537  0.021896  -0.018755  0.645120  0.668514  0.370014  -0.749851  0.646945  0.138514  -0.146780  -0.366813  0.918642  -0.027888  -0.039845  0.051680  -0.436514  2.949693  -0.194755  1.000000  
28.156633 0.018497  0.021843  -0.018678  0.646504  0.668395  0.367805  -0.749273  0.647033  0.141203  -0.143603  -0.366875  0.919120  -0.028682  -0.040356  0.053092  -0.393370  2.951413  -0.190034  1.000000  
28.157633 0.018464  0.021801  -0.018616  0.647666  0.668250  0.366021  -0.748748  0.647170  0.143346  -0.141087  -0.366897  0.919500  -0.029513  -0.040979  0.054217  -0.361528  2.948938  -0.186314  1.000000  
28.158882 0.018423  0.021746  -0.018537  0.649026  0.668101  0.363878  -0.748138  0.647297  0.145932  -0.138039  -0.366945  0.919944  -0.030230  -0.041646  0.055328  -0.326469  2.938204  -0.186269  1.000000  
28.159889 0.018390  0.021703  -0.018475  0.650178  0.667957  0.362081  -0.747598  0.647435  0.148068  -0.135521  -0.366962  0.920311  -0.030871  -0.042191  0.056020  -0.297568  2.939956  -0.188697  1.000000  
28.161133 0.018346  0.021646  -0.018397  0.651691  0.667708  0.359813  -0.746850  0.647665  0.150813  -0.132339  -0.367010  0.920755  -0.031752  -0.042991  0.056985  -0.265240  2.934319  -0.192917  1.000000  
28.162138 0.018311  0.021601  -0.018333  0.652832  0.667565  0.358004  -0.746296  0.647805  0.152941  -0.129819  -0.367021  0.921109  -0.032278  -0.043411  0.057800  -0.240299  2.930239  -0.196730  1.000000  
28.163149 0.018275  0.021554  -0.018268  0.653980  0.667456  0.356108  -0.745747  0.647910  0.155158  -0.127165  -0.367037  0.921473  -0.032763  -0.043835  0.058895  -0.215827  2.927698  -0.196497  1.000000  
28.164389 0.018229  0.021495  -0.018184  0.655485  0.667199  0.353816  -0.744984  0.648086  0.158059  -0.123846  -0.367192  0.921863  -0.033346  -0.044275  0.060282  -0.187226  2.938417  -0.197560  1.000000  
28.165389 0.018192  0.021448  -0.018115  0.656621  0.667048  0.351988  -0.744420  0.648173  0.160346  -0.121191  -0.367314  0.922168  -0.033726  -0.044589  0.061522  -0.163487  2.936005  -0.193049  1.000000  
28.166636 0.018146  0.021387  -0.018026  0.658101  0.666804  0.349680  -0.743625  0.648407  0.163065  -0.118002  -0.367344  0.922569  -0.034134  -0.044932  0.063048  -0.134016  2.928731  -0.202775  1.000000  
28.167893 0.018101  0.021327  -0.017937  0.659573  0.666476  0.347524  -0.742820  0.648602  0.165935  -0.114813  -0.367594  0.922872  -0.034440  -0.045278  0.064441  -0.101617  2.919693  -0.207947  1.000000  
28.169134 0.018057  0.021267  -0.017847  0.661047  0.666225  0.345196  -0.742015  0.648780  0.168812  -0.111490  -0.367734  0.923224  -0.034713  -0.045551  0.065456  -0.078551  2.913827  -0.205194  1.000000  
28.170382 0.018012  0.021209  -0.017760  0.662523  0.665967  0.342858  -0.741210  0.648902  0.171854  -0.108032  -0.367987  0.923534  -0.034977  -0.045851  0.066353  -0.052686  2.909211  -0.204599  1.000000  
28.171383 0.017978  0.021162  -0.017691  0.663781  0.665688  0.340960  -0.740467  0.649128  0.174189  -0.105371  -0.368093  0.923799  -0.035181  -0.046119  0.066927  -0.029481  2.910309  -0.210117  1.000000  
28.172632 0.017933  0.021104  -0.017606  0.665259  0.665500  0.338439  -0.739661  0.649176  0.177403  -0.101645  -0.368349  0.924114  -0.035403  -0.046443  0.067319  -0.001338  2.927154  -0.205068  1.000000  
28.173635 0.017896  0.021056  -0.017538  0.666513  0.665216  0.336524  -0.738911  0.649344  0.179897  -0.098849  -0.368565  0.924331  -0.035720  -0.046789  0.067713  0.020725  2.942668  -0.207577  1.000000  
28.174884 0.017850  0.020995  -0.017453  0.667956  0.664965  0.334150  -0.738063  0.649466  0.182915  -0.095387  -0.368802  0.924601  -0.036048  -0.047203  0.068095  0.037756  2.945940  -0.203255  1.000000  
28.175889 0.017811  0.020944  -0.017385  0.669196  0.664685  0.332220  -0.737295  0.649633  0.185399  -0.092590  -0.369012  0.924801  -0.036288  -0.047543  0.068600  0.061581  2.946129  -0.208275  1.000000  
28.177133 0.017761  0.020881  -0.017298  0.670782  0.664378  0.329626  -0.736296  0.649878  0.188484  -0.088992  -0.369134  0.925106  -0.036681  -0.048004  0.069027  0.075910  2.960309  -0.215243  1.000000  
28.178133 0.017721  0.020830  -0.017225  0.672008  0.664101  0.327681  -0.735510  0.650046  0.190957  -0.086193  -0.369337  0.925289  -0.036976  -0.048348  0.069567  0.092349  2.955321  -0.217812  1.000000  
28.179138 0.017679  0.020777  -0.017153  0.673387  0.663725  0.325606  -0.734586  0.650314  0.193583  -0.083260  -0.369542  0.925476  -0.037293  -0.048683  0.069941  0.109357  2.967305  -0.225639  1.000000  
28.180146 0.017638  0.020726  -0.017080  0.674608  0.663484  0.323563  -0.733793  0.650445  0.196137  -0.080326  -0.369744  0.925655  -0.037586  -0.048896  0.070123  0.122009  2.978836  -0.221316  1.000000  
28.181386 0.017585  0.020662  -0.016990  0.676015  0.663351  0.320888  -0.732897  0.650519  0.199219  -0.076592  -0.369853  0.925928  -0.038060  -0.049148  0.070282  0.126653  2.996023  -0.219987  1.000000  
28.182392 0.017542  0.020611  -0.016918  0.677221  0.663114  0.318830  -0.732084  0.650650  0.201761  -0.073656  -0.370047  0.926089  -0.038454  -0.049297  0.070212  0.138992  3.006980  -0.219338  1.000000  
28.183392 0.017499  0.020560  -0.016848  0.678439  0.662979  0.316512  -0.731284  0.650673  0.204570  -0.070320  -0.370249  0.926267  -0.038958  -0.049501  0.070134  0.148093  3.034707  -0.216309  1.000000  
28.184750 0.017446  0.020498  -0.016760  0.680130  0.662613  0.313636  -0.730086  0.650923  0.208021  -0.066315  -0.370463  0.926477  -0.039298  -0.049409  0.069573  0.156440  3.054077  -0.218973  1.000000  
28.185887 0.017392  0.020434  -0.016673  0.681652  0.662350  0.310875  -0.729007  0.651074  0.211307  -0.062443  -0.370668  0.926664  -0.040219  -0.050082  0.070152  0.165842  3.087627  -0.226585  1.000000  
28.186889 0.017347  0.020383  -0.016602  0.682830  0.662191  0.308619  -0.728161  0.651196  0.213835  -0.059372  -0.370738  0.926838  -0.040919  -0.050456  0.070342  0.166796  3.106866  -0.226853  1.000000  
28.188137 0.017290  0.020318  -0.016511  0.684480  0.661798  0.305793  -0.726916  0.651484  0.217168  -0.055498  -0.370933  0.927000  -0.041712  -0.050857  0.070735  0.172233  3.139940  -0.236499  1.000000  
28.189384 0.017232  0.020252  -0.016419  0.686114  0.661374  0.303039  -0.725651  0.651809  0.220400  -0.051757  -0.371120  0.927141  -0.042482  -0.051208  0.071251  0.176974  3.166381  -0.241409  1.000000  
28.190389 0.017184  0.020197  -0.016346  0.687410  0.661015  0.300878  -0.724627  0.652077  0.222958  -0.048817  -0.371288  0.927234  -0.043133  -0.051474  0.071571  0.182519  3.183636  -0.249505  1.000000  
28.191637 0.017123  0.020128  -0.016254  0.689025  0.660629  0.298016  -0.723342  0.652366  0.226261  -0.044941  -0.371468  0.927358  -0.043972  -0.051881  0.071929  0.186894  3.210187  -0.254428  1.000000  
28.192887 0.017059  0.020056  -0.016163  0.690773  0.660040  0.295261  -0.721897  0.652799  0.229604  -0.041198  -0.371753  0.927417  -0.044851  -0.052436  0.071999  0.196491  3.234832  -0.275409  1.000000  
28.194135 0.016996  0.019985  -0.016072  0.692367  0.659693  0.292289  -0.720587  0.653052  0.232975  -0.037187  -0.371924  0.927518  -0.045528  -0.052848  0.072090  0.196213  3.258388  -0.282074  1.000000  
28.195390 0.016933  0.019913  -0.015982  0.693938  0.659245  0.289562  -0.719252  0.653413  0.236067  -0.033577  -0.372084  0.927592  -0.046315  -0.053373  0.072019  0.196231  3.272634  -0.289595  1.000000  
28.196642 0.016869  0.019841  -0.015892  0.695645  0.658630  0.286854  -0.717761  0.653881  0.239288  -0.029966  -0.372352  0.927608  -0.047051  -0.053874  0.071961  0.204991  3.296712  -0.302265  1.000000  
