1-Time 2-Px 3-Py 4-Pz 5-R11 6-R21 7-R31 8-R12 9-R22 10-R32 11-R13 12-R23 13-R33 14-Vx 15-Vy 16-Vz 17-Wx 18-Wy 19-Wz 20-state
175.814856 0.032412  -0.000634  0.010675  0.314906  0.859649  0.402292  -0.891697  0.413159  -0.184868  -0.325132  -0.300506  0.896652  0.008159  0.004490  0.004991  -0.189725  -0.365131  0.209494  1.000000  
175.816097 0.032415  -0.000633  0.010678  0.314906  0.859649  0.402292  -0.891697  0.413159  -0.184868  -0.325132  -0.300506  0.896652  0.002925  0.001339  0.003293  0.000000  0.000000  0.000000  1.000000  
175.817320 0.032399  -0.000644  0.010671  0.314708  0.859720  0.402294  -0.891721  0.413020  -0.185064  -0.325259  -0.300492  0.896611  -0.005619  -0.004188  -0.001861  0.000000  0.000000  0.000000  1.000000  
175.818351 0.032383  -0.000654  0.010661  0.314693  0.859707  0.402334  -0.891680  0.413058  -0.185177  -0.325385  -0.300478  0.896570  -0.008895  -0.005925  -0.004086  0.000000  0.000000  0.000000  1.000000  
175.819424 0.032372  -0.000658  0.010657  0.314495  0.859778  0.402335  -0.891703  0.412919  -0.185373  -0.325512  -0.300465  0.896528  -0.009072  -0.005533  -0.004115  0.000000  0.000000  0.000000  1.000000  
175.820585 0.032366  -0.000659  0.010657  0.314481  0.859765  0.402375  -0.891662  0.412957  -0.185487  -0.325638  -0.300451  0.896487  -0.008245  -0.004459  -0.003152  0.000000  0.000000  0.000000  1.000000  
175.821835 0.032357  -0.000657  0.010660  0.314297  0.859850  0.402337  -0.891727  0.412780  -0.185569  -0.325638  -0.300451  0.896487  -0.008148  -0.003359  -0.002221  0.000000  0.000000  0.000000  1.000000  
175.822842 0.032343  -0.000656  0.010659  0.314283  0.859837  0.402377  -0.891686  0.412818  -0.185683  -0.325765  -0.300437  0.896446  -0.008813  -0.002776  -0.002069  0.000000  0.000000  0.000000  1.000000  
175.824088 0.032322  -0.000654  0.010656  0.314283  0.859837  0.402377  -0.891686  0.412818  -0.185683  -0.325765  -0.300437  0.896446  -0.010002  -0.002207  -0.002079  0.000000  0.000000  0.000000  1.000000  
175.825324 0.032303  -0.000653  0.010653  0.314099  0.859922  0.402339  -0.891750  0.412641  -0.185765  -0.325765  -0.300437  0.896446  -0.010655  -0.001820  -0.002155  0.000000  0.000000  0.000000  1.000000  
175.826328 0.032291  -0.000652  0.010650  0.314099  0.859922  0.402339  -0.891750  0.412641  -0.185765  -0.325765  -0.300437  0.896446  -0.010697  -0.001562  -0.002191  0.000000  0.000000  0.000000  1.000000  
175.827570 0.032277  -0.000651  0.010646  0.314099  0.859922  0.402339  -0.891750  0.412641  -0.185765  -0.325765  -0.300437  0.896446  -0.010811  -0.001386  -0.002321  0.000000  0.000000  0.000000  1.000000  
175.828817 0.032256  -0.000650  0.010640  0.314099  0.859922  0.402339  -0.891750  0.412641  -0.185765  -0.325765  -0.300437  0.896446  -0.011335  -0.001142  -0.002507  0.000000  0.000000  0.000000  1.000000  
175.829817 0.032233  -0.000653  0.010633  0.314114  0.859935  0.402299  -0.891792  0.412603  -0.185652  -0.325638  -0.300451  0.896487  -0.012121  -0.001286  -0.002848  0.000000  0.000000  0.000000  1.000000  
175.830817 0.032207  -0.000660  0.010624  0.314114  0.859984  0.402194  -0.891792  0.412580  -0.185702  -0.325638  -0.300342  0.896523  -0.013874  -0.001890  -0.003590  0.000000  0.000000  0.000000  1.000000  
175.831817 0.032179  -0.000672  0.010614  0.314297  0.859899  0.402233  -0.891727  0.412757  -0.185619  -0.325638  -0.300342  0.896523  -0.015226  -0.002261  -0.004029  0.000000  0.000000  0.000000  1.000000  
175.833066 0.032147  -0.000684  0.010603  0.314297  0.859948  0.402128  -0.891727  0.412735  -0.185670  -0.325638  -0.300233  0.896560  -0.016015  -0.002180  -0.004047  0.000000  0.000000  0.000000  1.000000  
175.834317 0.032118  -0.000691  0.010595  0.314481  0.859911  0.402062  -0.891662  0.412889  -0.185637  -0.325638  -0.300125  0.896596  -0.017052  -0.002186  -0.004139  0.000000  0.000000  0.000000  1.000000  
175.835320 0.032095  -0.000692  0.010590  0.314650  0.859813  0.402140  -0.891556  0.413104  -0.185667  -0.325765  -0.300111  0.896555  -0.018215  -0.002243  -0.004446  0.000000  0.000000  0.000000  1.000000  
175.836567 0.032065  -0.000693  0.010585  0.314819  0.859763  0.402114  -0.891450  0.413296  -0.185748  -0.325891  -0.299988  0.896550  -0.019652  -0.002380  -0.004939  0.000000  0.000000  0.000000  1.000000  
175.837585 0.032042  -0.000693  0.010578  0.315002  0.859678  0.402153  -0.891386  0.413473  -0.185665  -0.325891  -0.299988  0.896550  -0.020427  -0.002508  -0.005509  0.000000  0.000000  0.000000  1.000000  
175.838819 0.032016  -0.000693  0.010564  0.315369  0.859508  0.402229  -0.891256  0.413827  -0.185499  -0.325891  -0.299988  0.896550  -0.020663  -0.002569  -0.006119  0.000000  0.000000  0.000000  1.000000  
175.840078 0.031992  -0.000695  0.010548  0.315722  0.859324  0.402345  -0.891085  0.414219  -0.185447  -0.326018  -0.299974  0.896509  -0.020911  -0.002821  -0.006960  0.000000  0.000000  0.000000  1.000000  
175.841319 0.031969  -0.000698  0.010530  0.316089  0.859154  0.402422  -0.890955  0.414573  -0.185281  -0.326018  -0.299974  0.896509  -0.021499  -0.003062  -0.007987  0.000000  0.000000  0.000000  1.000000  
175.842566 0.031942  -0.000702  0.010515  0.316624  0.858884  0.402576  -0.890718  0.415141  -0.185145  -0.326144  -0.299960  0.896467  -0.022297  -0.003343  -0.008693  0.000000  0.000000  0.000000  1.000000  
175.843566 0.031918  -0.000706  0.010505  0.316976  0.858699  0.402693  -0.890547  0.415533  -0.185093  -0.326271  -0.299947  0.896426  -0.022832  -0.003719  -0.009117  0.000000  0.000000  0.000000  1.000000  
175.844567 0.031892  -0.000712  0.010494  0.317343  0.858528  0.402769  -0.890416  0.415886  -0.184927  -0.326271  -0.299947  0.896426  -0.023131  -0.003995  -0.009429  0.000000  0.000000  0.000000  1.000000  
175.845816 0.031860  -0.000721  0.010480  0.317893  0.858320  0.402779  -0.890220  0.416394  -0.184729  -0.326271  -0.299838  0.896462  -0.023136  -0.004044  -0.009584  0.000000  0.000000  0.000000  1.000000  
175.846816 0.031834  -0.000727  0.010471  0.318245  0.858184  0.402791  -0.890048  0.416763  -0.184726  -0.326397  -0.299715  0.896457  -0.023001  -0.003705  -0.009552  0.000000  0.000000  0.000000  1.000000  
175.848074 0.031802  -0.000732  0.010461  0.318794  0.857926  0.402905  -0.889851  0.417293  -0.184477  -0.326397  -0.299715  0.896457  -0.022996  -0.003107  -0.009504  0.000000  0.000000  0.000000  1.000000  
175.849317 0.031768  -0.000734  0.010452  0.319329  0.857704  0.402956  -0.889613  0.417838  -0.184392  -0.326524  -0.299593  0.896452  -0.023334  -0.002882  -0.009606  0.032219  0.021834  -0.178069  1.000000  
175.850566 0.031736  -0.000732  0.010439  0.319864  0.857432  0.403110  -0.889374  0.418405  -0.184256  -0.326650  -0.299579  0.896411  -0.023566  -0.002688  -0.010109  0.038867  0.027948  -0.196005  1.000000  
175.851817 0.031706  -0.000728  0.010424  0.320215  0.857246  0.403226  -0.889202  0.418796  -0.184203  -0.326777  -0.299565  0.896369  -0.023550  -0.002334  -0.010608  0.045598  0.029893  -0.215876  1.000000  
175.852818 0.031683  -0.000723  0.010410  0.320566  0.857109  0.403239  -0.889028  0.419164  -0.184201  -0.326903  -0.299442  0.896364  -0.023601  -0.001998  -0.011025  0.046072  0.034003  -0.228226  1.000000  
175.854072 0.031652  -0.000718  0.010392  0.320932  0.856936  0.403315  -0.888896  0.419517  -0.184034  -0.326903  -0.299442  0.896364  -0.024024  -0.001646  -0.011227  0.050541  0.038113  -0.240476  1.000000  
175.855320 0.031616  -0.000716  0.010374  0.321298  0.856763  0.403390  -0.888764  0.419870  -0.183868  -0.326903  -0.299442  0.896364  -0.024910  -0.001321  -0.011299  0.057240  0.044273  -0.258833  1.000000  
175.856324 0.031585  -0.000717  0.010361  0.321664  0.856542  0.403570  -0.888632  0.420245  -0.183651  -0.326903  -0.299551  0.896328  -0.025679  -0.001279  -0.011275  0.065765  0.048408  -0.271142  1.000000  
175.857571 0.031548  -0.000718  0.010348  0.321862  0.856469  0.403567  -0.888607  0.420383  -0.183455  -0.326777  -0.299565  0.896369  -0.026358  -0.001068  -0.011200  0.068533  0.055139  -0.278104  1.000000  
175.858816 0.031508  -0.000719  0.010333  0.322045  0.856333  0.403709  -0.888540  0.420582  -0.183321  -0.326777  -0.299674  0.896333  -0.026940  -0.000747  -0.011202  0.074257  0.056766  -0.281986  1.000000  
175.859819 0.031474  -0.000721  0.010320  0.322060  0.856347  0.403668  -0.888581  0.420544  -0.183209  -0.326650  -0.299688  0.896374  -0.027442  -0.000362  -0.011362  0.074830  0.057238  -0.284323  1.000000  
175.861066 0.031429  -0.000724  0.010301  0.322060  0.856298  0.403772  -0.888581  0.420567  -0.183158  -0.326650  -0.299796  0.896338  -0.028276  -0.000070  -0.011747  0.082313  0.056776  -0.282028  1.000000  
175.862066 0.031394  -0.000726  0.010285  0.322075  0.856311  0.403731  -0.888623  0.420529  -0.183045  -0.326524  -0.299810  0.896379  -0.028907  0.000216  -0.012316  0.084798  0.059421  -0.276748  1.000000  
175.863066 0.031361  -0.000724  0.010268  0.322090  0.856276  0.403794  -0.888664  0.420513  -0.182881  -0.326397  -0.299933  0.896384  -0.029371  0.000540  -0.012908  0.092942  0.063694  -0.275352  1.000000  
175.864072 0.031331  -0.000719  0.010251  0.322104  0.856290  0.403753  -0.888705  0.420476  -0.182768  -0.326271  -0.299947  0.896426  -0.029663  0.001035  -0.013601  0.090641  0.065865  -0.267647  1.000000  
175.865317 0.031292  -0.000709  0.010229  0.322119  0.856304  0.403712  -0.888746  0.420438  -0.182656  -0.326144  -0.299960  0.896467  -0.030044  0.001612  -0.014227  0.087676  0.071737  -0.256513  1.000000  
175.866566 0.031253  -0.000698  0.010205  0.322134  0.856268  0.403775  -0.888787  0.420422  -0.182492  -0.326018  -0.300083  0.896472  -0.030674  0.002024  -0.014805  0.093517  0.078130  -0.247506  1.000000  
175.867567 0.031223  -0.000690  0.010186  0.322134  0.856268  0.403775  -0.888787  0.420422  -0.182492  -0.326018  -0.300083  0.896472  -0.031158  0.002245  -0.015239  0.091338  0.076119  -0.241506  1.000000  
175.868817 0.031183  -0.000684  0.010163  0.321966  0.856368  0.403697  -0.888894  0.420208  -0.182462  -0.325891  -0.300097  0.896514  -0.031778  0.002259  -0.015542  0.084561  0.074131  -0.221505  1.000000  
175.870067 0.031142  -0.000682  0.010142  0.321996  0.856396  0.403615  -0.888976  0.420133  -0.182237  -0.325638  -0.300125  0.896596  -0.032115  0.002273  -0.015723  0.080094  0.082725  -0.205010  1.000000  
175.871081 0.031108  -0.000681  0.010124  0.322011  0.856409  0.403574  -0.889017  0.420095  -0.182124  -0.325512  -0.300138  0.896638  -0.032362  0.002465  -0.016073  0.076184  0.083470  -0.192750  1.000000  
175.872322 0.031066  -0.000678  0.010100  0.322025  0.856423  0.403533  -0.889058  0.420057  -0.182011  -0.325385  -0.300152  0.896679  -0.032606  0.002633  -0.016627  0.069438  0.085788  -0.171327  1.000000  
175.873569 0.031025  -0.000676  0.010075  0.322055  0.856451  0.403451  -0.889140  0.419982  -0.181785  -0.325132  -0.300180  0.896761  -0.032724  0.002909  -0.017412  0.064925  0.094438  -0.154658  1.000000  
175.874569 0.030995  -0.000674  0.010052  0.322070  0.856464  0.403411  -0.889181  0.419944  -0.181673  -0.325006  -0.300194  0.896803  -0.032534  0.003108  -0.018155  0.060403  0.094545  -0.140818  1.000000  
175.875816 0.030957  -0.000673  0.010020  0.322268  0.856440  0.403303  -0.889155  0.420060  -0.181528  -0.324879  -0.300099  0.896880  -0.032078  0.003386  -0.019021  0.000000  0.000000  0.000000  1.000000  
175.877068 0.030922  -0.000669  0.009987  0.322297  0.856468  0.403221  -0.889237  0.419985  -0.181302  -0.324626  -0.300126  0.896963  -0.031470  0.003794  -0.019912  0.000000  0.000000  0.000000  1.000000  
175.878316 0.030887  -0.000663  0.009953  0.322678  0.856357  0.403151  -0.889145  0.420278  -0.181074  -0.324500  -0.300031  0.897040  -0.031026  0.004025  -0.020768  0.000000  0.000000  0.000000  1.000000  
175.879317 0.030862  -0.000654  0.009927  0.322891  0.856347  0.403003  -0.889160  0.420357  -0.180816  -0.324247  -0.299950  0.897159  -0.030741  0.004149  -0.021355  0.000000  0.000000  0.000000  1.000000  
175.880566 0.030831  -0.000644  0.009897  0.323089  0.856323  0.402895  -0.889134  0.420473  -0.180672  -0.324120  -0.299855  0.897236  -0.030247  0.004089  -0.021821  0.000000  0.000000  0.000000  1.000000  
175.881567 0.030805  -0.000637  0.009872  0.323287  0.856299  0.402787  -0.889109  0.420590  -0.180527  -0.323993  -0.299760  0.897314  -0.029940  0.003939  -0.022237  0.000000  0.000000  0.000000  1.000000  
175.882567 0.030778  -0.000633  0.009847  0.323484  0.856275  0.402680  -0.889083  0.420707  -0.180382  -0.323867  -0.299665  0.897391  -0.029642  0.003790  -0.022659  0.000000  0.000000  0.000000  1.000000  
175.883817 0.030742  -0.000631  0.009814  0.323880  0.856227  0.402464  -0.889031  0.420940  -0.180093  -0.323614  -0.299474  0.897546  -0.029328  0.003624  -0.023402  0.000000  0.000000  0.000000  1.000000  
175.884818 0.030713  -0.000629  0.009788  0.324261  0.856165  0.402289  -0.888938  0.421211  -0.179916  -0.323487  -0.299270  0.897660  -0.029123  0.003554  -0.023992  0.000000  0.000000  0.000000  1.000000  
175.886070 0.030676  -0.000628  0.009753  0.324657  0.856116  0.402073  -0.888886  0.421445  -0.179627  -0.323234  -0.299080  0.897815  -0.028798  0.003520  -0.024717  0.000000  0.000000  0.000000  1.000000  
175.887323 0.030640  -0.000626  0.009719  0.325067  0.856130  0.401712  -0.888874  0.421620  -0.179277  -0.322854  -0.298794  0.898046  -0.028253  0.003530  -0.025575  0.000000  0.000000  0.000000  1.000000  
175.888326 0.030612  -0.000624  0.009690  0.325280  0.856217  0.401355  -0.888888  0.421656  -0.179122  -0.322601  -0.298494  0.898237  -0.027999  0.003484  -0.026133  0.000000  0.000000  0.000000  1.000000  
175.889573 0.030577  -0.000620  0.009654  0.325873  0.856144  0.401029  -0.888808  0.422007  -0.178689  -0.322221  -0.298208  0.898468  -0.027792  0.003615  -0.026536  0.000000  0.000000  0.000000  1.000000  
175.890819 0.030542  -0.000616  0.009620  0.326299  0.856219  0.400522  -0.888836  0.422123  -0.178277  -0.321714  -0.297827  0.898777  -0.027671  0.003836  -0.026668  0.000000  0.000000  0.000000  1.000000  
175.892097 0.030508  -0.000609  0.009586  0.326724  0.856246  0.400118  -0.888863  0.422261  -0.177814  -0.321207  -0.297554  0.899048  -0.027519  0.004014  -0.026656  0.000000  0.000000  0.000000  1.000000  
175.893316 0.030472  -0.000602  0.009555  0.327134  0.856307  0.399651  -0.888849  0.422416  -0.177516  -0.320827  -0.297158  0.899315  -0.027667  0.004047  -0.026564  -0.072646  0.237359  -0.086677  1.000000  
175.894317 0.030445  -0.000596  0.009528  0.327560  0.856334  0.399246  -0.888876  0.422555  -0.177054  -0.320320  -0.296884  0.899586  -0.027841  0.003809  -0.026687  -0.080455  0.254281  -0.094910  1.000000  
175.895566 0.030408  -0.000589  0.009494  0.327802  0.856495  0.398700  -0.888969  0.422496  -0.176725  -0.319813  -0.296501  0.899893  -0.028200  0.003618  -0.026899  -0.094587  0.269136  -0.096956  1.000000  
175.896567 0.030377  -0.000585  0.009466  0.328029  0.856594  0.398300  -0.889022  0.422497  -0.176457  -0.319433  -0.296214  0.900122  -0.028563  0.003464  -0.027119  -0.108699  0.279704  -0.100377  1.000000  
175.897817 0.030335  -0.000583  0.009429  0.328455  0.856668  0.397790  -0.889047  0.422615  -0.176046  -0.318925  -0.295831  0.900428  -0.029083  0.003329  -0.027443  -0.119613  0.294174  -0.107758  1.000000  
175.898838 0.030301  -0.000582  0.009399  0.328697  0.856781  0.397347  -0.889139  0.422579  -0.175666  -0.318418  -0.295556  0.900698  -0.029325  0.003316  -0.027681  -0.128356  0.313313  -0.116838  1.000000  
175.900069 0.030257  -0.000582  0.009360  0.328968  0.856969  0.396717  -0.889311  0.422448  -0.175111  -0.317657  -0.295199  0.901084  -0.029864  0.003168  -0.028092  -0.142617  0.336901  -0.116172  1.000000  
175.901316 0.030214  -0.000581  0.009323  0.329225  0.857143  0.396128  -0.889442  0.422354  -0.174669  -0.317023  -0.294827  0.901429  -0.030313  0.003170  -0.028279  -0.155552  0.353213  -0.115932  1.000000  
175.902317 0.030181  -0.000579  0.009294  0.329299  0.857355  0.395606  -0.889641  0.422106  -0.174257  -0.316388  -0.294565  0.901737  -0.030606  0.003167  -0.028330  -0.167746  0.370081  -0.110403  1.000000  
175.903568 0.030140  -0.000574  0.009260  0.329387  0.857629  0.394939  -0.889879  0.421800  -0.173783  -0.315626  -0.294206  0.902121  -0.030960  0.003309  -0.028201  -0.184014  0.386956  -0.104919  1.000000  
175.904593 0.030108  -0.000570  0.009234  0.329445  0.857875  0.394355  -0.890037  0.421568  -0.173535  -0.315119  -0.293821  0.902424  -0.031279  0.003325  -0.027984  -0.201769  0.402653  -0.101601  1.000000  
175.905820 0.030067  -0.000565  0.009202  0.329548  0.858209  0.393541  -0.890313  0.421205  -0.172997  -0.314230  -0.293364  0.902883  -0.031725  0.003305  -0.027877  -0.220576  0.422242  -0.088601  1.000000  
175.907070 0.030028  -0.000559  0.009171  0.329635  0.858530  0.392769  -0.890550  0.420880  -0.172573  -0.313467  -0.292894  0.903300  -0.032029  0.003360  -0.027741  -0.243230  0.441460  -0.075485  1.000000  
175.908072 0.029998  -0.000552  0.009145  0.329722  0.858802  0.392101  -0.890785  0.420576  -0.172097  -0.312705  -0.292534  0.903681  -0.032154  0.003384  -0.027746  -0.257775  0.460779  -0.062397  1.000000  
175.909315 0.029959  -0.000545  0.009112  0.329655  0.859234  0.391209  -0.891167  0.420001  -0.171525  -0.311688  -0.292088  0.904176  -0.032366  0.003397  -0.027675  -0.276361  0.478402  -0.041383  1.000000  
175.910317 0.029929  -0.000540  0.009086  0.329742  0.859505  0.390540  -0.891401  0.419698  -0.171048  -0.310925  -0.291726  0.904556  -0.032500  0.003376  -0.027624  -0.293175  0.501692  -0.028653  1.000000  
175.911317 0.029896  -0.000537  0.009059  0.329843  0.859789  0.389829  -0.891674  0.419359  -0.170456  -0.310035  -0.291376  0.904974  -0.032585  0.003262  -0.027597  -0.307701  0.525294  -0.014190  1.000000  
175.912566 0.029855  -0.000535  0.009025  0.329774  0.860220  0.388936  -0.892053  0.418787  -0.169882  -0.309017  -0.290929  0.905466  -0.032569  0.003162  -0.027371  -0.325784  0.546583  0.007797  1.000000  
175.913816 0.029814  -0.000534  0.008993  0.329705  0.860696  0.387939  -0.892430  0.418194  -0.169357  -0.307999  -0.290371  0.905992  -0.032499  0.003211  -0.027131  -0.348566  0.565957  0.034383  1.000000  
175.915067 0.029775  -0.000531  0.008960  0.329819  0.861086  0.386976  -0.892739  0.417780  -0.168751  -0.306980  -0.289811  0.906517  -0.032154  0.003412  -0.026675  -0.370344  0.590246  0.061432  1.000000  
175.916069 0.029744  -0.000528  0.008935  0.329720  0.861440  0.386271  -0.893038  0.417303  -0.168351  -0.306216  -0.289446  0.906892  -0.031868  0.003625  -0.026287  -0.383777  0.602534  0.080026  1.000000  
175.917317 0.029710  -0.000522  0.008904  0.329833  0.861828  0.385308  -0.893345  0.416890  -0.167743  -0.305197  -0.288885  0.907414  -0.031446  0.003789  -0.025964  -0.400375  0.619878  0.098984  1.000000  
175.918317 0.029683  -0.000516  0.008879  0.329748  0.862241  0.384456  -0.893680  0.416358  -0.167278  -0.304305  -0.288421  0.907861  -0.031024  0.003942  -0.025814  -0.412857  0.637167  0.117966  1.000000  
175.919568 0.029650  -0.000511  0.008847  0.329875  0.862640  0.383450  -0.894023  0.415911  -0.166555  -0.303158  -0.287871  0.908419  -0.030569  0.003951  -0.025825  -0.431434  0.656568  0.144442  1.000000  
175.920579 0.029623  -0.000507  0.008820  0.329789  0.863005  0.382703  -0.894357  0.415399  -0.166037  -0.302265  -0.287516  0.908829  -0.030099  0.003927  -0.025858  -0.441371  0.668597  0.168163  1.000000  
175.921821 0.029592  -0.000502  0.008787  0.329929  0.863463  0.381549  -0.894736  0.414898  -0.165248  -0.300989  -0.286866  0.909458  -0.029564  0.003894  -0.026035  -0.462603  0.691199  0.188789  1.000000  
175.922937 0.029567  -0.000497  0.008759  0.330040  0.863800  0.380688  -0.895038  0.414510  -0.164586  -0.299968  -0.286410  0.909938  -0.028979  0.003741  -0.025949  -0.472796  0.705252  0.206887  1.000000  
175.924072 0.029536  -0.000492  0.008727  0.330178  0.864255  0.379533  -0.895414  0.414012  -0.163795  -0.298692  -0.285758  0.910563  -0.028657  0.003623  -0.026139  -0.491090  0.729676  0.227975  1.000000  
175.925316 0.029504  -0.000488  0.008697  0.330146  0.864807  0.378302  -0.895893  0.413301  -0.162966  -0.297287  -0.285115  0.911224  -0.028287  0.003451  -0.025958  -0.507503  0.753850  0.249020  1.000000  
175.926322 0.029477  -0.000486  0.008672  0.330256  0.865188  0.377335  -0.896191  0.412897  -0.162351  -0.296265  -0.284547  0.911735  -0.027820  0.003424  -0.025764  -0.521955  0.775323  0.262369  1.000000  
175.927567 0.029445  -0.000484  0.008644  0.330420  0.865711  0.375989  -0.896636  0.412311  -0.161378  -0.294731  -0.283803  0.912464  -0.027292  0.003484  -0.025422  -0.542574  0.805890  0.285355  1.000000  
175.928816 0.029412  -0.000481  0.008616  0.330754  0.866135  0.374717  -0.896974  0.411942  -0.160440  -0.293324  -0.283045  0.913152  -0.026735  0.003525  -0.025122  -0.558664  0.829735  0.292163  1.000000  
175.929818 0.029387  -0.000478  0.008594  0.330889  0.866583  0.373558  -0.897342  0.411451  -0.159643  -0.292045  -0.282386  0.913766  -0.026291  0.003602  -0.024801  -0.576512  0.848599  0.304458  1.000000  
175.931066 0.029358  -0.000473  0.008567  0.331065  0.867115  0.372167  -0.897817  0.410837  -0.158550  -0.290381  -0.281648  0.914524  -0.025782  0.003665  -0.024576  -0.594706  0.880814  0.320873  1.000000  
175.932071 0.029334  -0.000467  0.008544  0.331199  0.867560  0.371007  -0.898181  0.410349  -0.157750  -0.289100  -0.280985  0.915133  -0.025424  0.003703  -0.024398  -0.611790  0.905429  0.328369  1.000000  
175.933317 0.029306  -0.000461  0.008515  0.331372  0.868133  0.369509  -0.898651  0.409720  -0.156703  -0.287435  -0.280132  0.915919  -0.025118  0.003671  -0.024296  -0.632236  0.935872  0.337217  1.000000  
175.934566 0.029277  -0.000456  0.008485  0.331545  0.868660  0.368115  -0.899119  0.409112  -0.155605  -0.285768  -0.279389  0.916667  -0.024856  0.003637  -0.024151  -0.643681  0.967485  0.346128  1.000000  
175.935566 0.029254  -0.000453  0.008461  0.331690  0.869114  0.366910  -0.899512  0.408595  -0.154686  -0.284357  -0.278732  0.917305  -0.024623  0.003620  -0.023966  -0.655217  0.992417  0.353228  1.000000  
175.936568 0.029232  -0.000450  0.008436  0.331847  0.869579  0.365662  -0.899940  0.408044  -0.153651  -0.282818  -0.278085  0.917977  -0.024451  0.003484  -0.023834  -0.667312  1.018208  0.360599  1.000000  
175.937575 0.029208  -0.000448  0.008413  0.332017  0.870057  0.364371  -0.900400  0.407461  -0.152498  -0.281149  -0.277448  0.918683  -0.024520  0.003324  -0.023647  -0.680717  1.052315  0.370793  1.000000  
175.938819 0.029178  -0.000446  0.008384  0.332039  0.870698  0.362815  -0.901031  0.406578  -0.151122  -0.279094  -0.276729  0.919526  -0.024310  0.003066  -0.023306  -0.693030  1.087179  0.380780  1.000000  
175.939821 0.029153  -0.000446  0.008362  0.332219  0.871229  0.361374  -0.901520  0.405946  -0.149899  -0.277295  -0.275986  0.920293  -0.024248  0.002859  -0.023067  -0.709228  1.121724  0.390669  1.000000  
175.941068 0.029122  -0.000445  0.008335  0.332264  0.871935  0.359625  -0.902212  0.404981  -0.148335  -0.274980  -0.275172  0.921231  -0.024122  0.002744  -0.022908  -0.725615  1.162077  0.408767  1.000000  
175.942316 0.029091  -0.000445  0.008306  0.332504  0.872612  0.357757  -0.902865  0.404147  -0.146627  -0.272535  -0.274252  0.922231  -0.023971  0.002618  -0.022893  -0.743721  1.211217  0.415949  1.000000  
175.943317 0.029067  -0.000444  0.008282  0.332519  0.873287  0.356092  -0.903479  0.403258  -0.145288  -0.270474  -0.273411  0.923087  -0.023819  0.002591  -0.023029  -0.762081  1.256070  0.428926  1.000000  
175.944319 0.029044  -0.000441  0.008259  0.332532  0.873916  0.354532  -0.904089  0.402389  -0.143896  -0.268413  -0.272678  0.923905  -0.023688  0.002568  -0.023061  -0.780298  1.297389  0.447576  1.000000  
175.945566 0.029017  -0.000437  0.008229  0.332592  0.874722  0.352482  -0.904828  0.401335  -0.142183  -0.265834  -0.271646  0.924954  -0.023502  0.002567  -0.023171  -0.798033  1.342558  0.459655  1.000000  
175.946567 0.028996  -0.000431  0.008206  0.332602  0.875389  0.350814  -0.905429  0.400455  -0.140834  -0.263770  -0.270796  0.925794  -0.023319  0.002559  -0.023344  -0.818831  1.386682  0.479150  1.000000  
175.947815 0.028969  -0.000425  0.008177  0.332681  0.876212  0.348677  -0.906222  0.399341  -0.138880  -0.260929  -0.269776  0.926896  -0.023250  0.002536  -0.023290  -0.840322  1.444038  0.494799  1.000000  
175.948815 0.028949  -0.000421  0.008155  0.332710  0.876897  0.346922  -0.906878  0.398401  -0.137290  -0.258604  -0.268938  0.927791  -0.023062  0.002568  -0.023199  -0.858282  1.485146  0.512835  1.000000  
175.949817 0.028928  -0.000418  0.008133  0.332761  0.877604  0.345081  -0.907593  0.397397  -0.135464  -0.256018  -0.268116  0.928746  -0.022951  0.002477  -0.023082  -0.877679  1.545586  0.530193  1.000000  
175.951066 0.028902  -0.000414  0.008106  0.332668  0.878564  0.342721  -0.908497  0.396033  -0.133381  -0.252912  -0.266990  0.929920  -0.022783  0.002520  -0.022847  -0.902774  1.602817  0.559020  1.000000  
175.952073 0.028881  -0.000410  0.008084  0.332537  0.879357  0.340808  -0.909298  0.394823  -0.131498  -0.250193  -0.266168  0.930891  -0.022606  0.002604  -0.022767  -0.925563  1.659137  0.588852  1.000000  
175.953317 0.028855  -0.000407  0.008057  0.332470  0.880343  0.338319  -0.910278  0.393370  -0.129051  -0.246694  -0.265059  0.932141  -0.022353  0.002673  -0.022600  -0.946881  1.725604  0.619969  1.000000  
175.954322 0.028835  -0.000404  0.008035  0.332320  0.881116  0.336449  -0.911032  0.392202  -0.127274  -0.244099  -0.264220  0.933061  -0.021993  0.002862  -0.022509  -0.965251  1.777650  0.648329  1.000000  
175.955332 0.028815  -0.000400  0.008012  0.332002  0.882030  0.334361  -0.911908  0.390775  -0.125374  -0.241244  -0.263282  0.934069  -0.021640  0.003082  -0.022585  -0.988670  1.829658  0.675914  1.000000  
175.956567 0.028792  -0.000395  0.007981  0.331745  0.883093  0.331803  -0.912956  0.389124  -0.122857  -0.237606  -0.262164  0.935315  -0.021171  0.003353  -0.022786  -1.010655  1.899004  0.715005  1.000000  
175.957570 0.028774  -0.000390  0.007956  0.331439  0.884020  0.329630  -0.913873  0.387641  -0.120708  -0.234486  -0.261233  0.936362  -0.020676  0.003702  -0.022968  -1.031959  1.958434  0.751428  1.000000  
175.958816 0.028753  -0.000381  0.007924  0.331214  0.885157  0.326795  -0.915013  0.385857  -0.117748  -0.230322  -0.260022  0.937732  -0.020200  0.004078  -0.023153  -1.054509  2.034316  0.797391  1.000000  
175.959818 0.028737  -0.000374  0.007900  0.330761  0.886251  0.324279  -0.916119  0.384026  -0.115106  -0.226544  -0.259006  0.938932  -0.019704  0.004396  -0.023147  -1.077989  2.113638  0.847487  1.000000  
175.961065 0.028719  -0.000362  0.007870  0.330332  0.887489  0.321315  -0.917296  0.382062  -0.112237  -0.222372  -0.257665  0.940297  -0.019129  0.004795  -0.023156  -1.107891  2.184116  0.891061  1.000000  
175.962316 0.028701  -0.000350  0.007841  0.329915  0.888742  0.318267  -0.918510  0.380042  -0.109120  -0.217934  -0.256331  0.941700  -0.018527  0.005173  -0.023101  -1.134251  2.267890  0.939767  1.000000  
175.963566 0.028683  -0.000339  0.007812  0.329509  0.889969  0.315244  -0.919759  0.377981  -0.105706  -0.213231  -0.255117  0.943105  -0.018089  0.005521  -0.023198  -1.161969  2.371564  0.996612  1.000000  
175.964567 0.028668  -0.000330  0.007789  0.329018  0.891020  0.312778  -0.920776  0.376211  -0.103139  -0.209569  -0.254064  0.944210  -0.017572  0.005942  -0.023363  -1.184320  2.438726  1.041094  1.000000  
175.965567 0.028654  -0.000320  0.007765  0.328729  0.892047  0.310143  -0.921764  0.374554  -0.100306  -0.205643  -0.252905  0.945384  -0.017094  0.006359  -0.023479  -1.208675  2.516155  1.081177  1.000000  
175.966567 0.028641  -0.000311  0.007741  0.328407  0.893034  0.307636  -0.922660  0.373000  -0.097822  -0.202106  -0.251718  0.946462  -0.016583  0.006809  -0.023677  -1.231161  2.568297  1.111109  1.000000  
175.967818 0.028625  -0.000299  0.007712  0.327977  0.894276  0.304469  -0.923862  0.370930  -0.094287  -0.197255  -0.250363  0.947844  -0.015864  0.007403  -0.023780  -1.261446  2.654276  1.159904  1.000000  
175.969066 0.028610  -0.000286  0.007682  0.327746  0.895454  0.301237  -0.925022  0.368992  -0.090437  -0.192137  -0.249011  0.949251  -0.015300  0.007888  -0.023927  -1.282617  2.745074  1.195303  1.000000  
175.970067 0.028598  -0.000276  0.007658  0.327429  0.896451  0.298606  -0.925944  0.367369  -0.087565  -0.188196  -0.247821  0.950351  -0.014763  0.008367  -0.024030  -1.302320  2.809727  1.230780  1.000000  
175.971086 0.028588  -0.000265  0.007633  0.327313  0.897387  0.295909  -0.926830  0.365877  -0.084382  -0.183989  -0.246638  0.951482  -0.014109  0.008956  -0.023968  -1.324647  2.891596  1.260343  1.000000  
175.972320 0.028576  -0.000249  0.007604  0.327032  0.898578  0.292589  -0.927857  0.364045  -0.080947  -0.179253  -0.245009  0.952806  -0.013394  0.009556  -0.023825  -1.352764  2.967428  1.297834  1.000000  
175.973568 0.028566  -0.000231  0.007577  0.326940  0.899694  0.289243  -0.928817  0.362381  -0.077320  -0.174380  -0.243375  0.954128  -0.012713  0.010200  -0.023546  -1.373271  3.037960  1.319387  1.000000  
175.974568 0.028559  -0.000216  0.007554  0.326787  0.900620  0.286521  -0.929605  0.360972  -0.074394  -0.170426  -0.242040  0.955181  -0.012169  0.010613  -0.023418  -1.389380  3.098067  1.338577  1.000000  
175.975817 0.028549  -0.000199  0.007526  0.326901  0.901651  0.283128  -0.930540  0.359406  -0.070161  -0.165018  -0.240527  0.956512  -0.011593  0.011059  -0.023370  -1.407806  3.191221  1.359157  1.000000  
175.977067 0.028540  -0.000181  0.007496  0.326983  0.902675  0.279751  -0.931387  0.357938  -0.066323  -0.160002  -0.238870  0.957779  -0.010893  0.011428  -0.023426  -1.426202  3.267027  1.374245  1.000000  
175.978317 0.028531  -0.000165  0.007465  0.327049  0.903645  0.276523  -0.932190  0.356523  -0.062553  -0.155113  -0.237314  0.958969  -0.010255  0.011828  -0.023538  -1.440209  3.334185  1.380345  1.000000  
175.979567 0.028522  -0.000149  0.007435  0.327313  0.904620  0.273001  -0.932941  0.355234  -0.058562  -0.149956  -0.235526  0.960230  -0.009710  0.012052  -0.023594  -1.456163  3.401152  1.384792  1.000000  
175.980817 0.028513  -0.000135  0.007405  0.327555  0.905498  0.269780  -0.933630  0.354034  -0.054719  -0.145059  -0.233951  0.961366  -0.009153  0.012270  -0.023548  -1.463607  3.463096  1.381382  1.000000  
175.982065 0.028504  -0.000119  0.007377  0.327795  0.906411  0.266402  -0.934314  0.352813  -0.050790  -0.140027  -0.232255  0.962523  -0.008723  0.012509  -0.023494  -1.475624  3.514012  1.371715  1.000000  
175.983066 0.028497  -0.000106  0.007354  0.328164  0.907086  0.263635  -0.934752  0.352069  -0.047808  -0.136184  -0.230745  0.963437  -0.008353  0.012693  -0.023437  -1.490236  3.558753  1.360228  1.000000  
175.984073 0.028491  -0.000094  0.007332  0.328530  0.907723  0.260975  -0.935176  0.351340  -0.044780  -0.132339  -0.229346  0.964306  -0.007863  0.012873  -0.023237  -1.496963  3.596353  1.341068  1.000000  
175.985317 0.028483  -0.000078  0.007305  0.328941  0.908570  0.257484  -0.935731  0.350343  -0.040822  -0.127298  -0.227508  0.965420  -0.007414  0.013068  -0.023114  -1.510985  3.654434  1.321767  1.000000  
175.986567 0.028476  -0.000062  0.007280  0.329344  0.909438  0.253878  -0.936262  0.349359  -0.036900  -0.122253  -0.225544  0.966532  -0.007169  0.013119  -0.022824  -1.527241  3.712050  1.296731  1.000000  
175.987577 0.028470  -0.000047  0.007260  0.329692  0.910115  0.250985  -0.936635  0.348659  -0.033944  -0.118401  -0.223890  0.967396  -0.006908  0.013209  -0.022616  -1.542222  3.739556  1.276624  1.000000  
175.988822 0.028462  -0.000030  0.007235  0.330070  0.910914  0.247566  -0.937094  0.347768  -0.030213  -0.113617  -0.222020  0.968400  -0.006764  0.013146  -0.022406  -1.551059  3.754501  1.238108  1.000000  
175.990070 0.028453  -0.000014  0.007209  0.330639  0.911672  0.243993  -0.937477  0.347049  -0.026346  -0.108697  -0.220027  0.969419  -0.006842  0.013067  -0.022350  -1.559371  3.784962  1.195917  1.000000  
175.991071 0.028445  -0.000002  0.007189  0.330975  0.912305  0.241154  -0.937813  0.346365  -0.023214  -0.104706  -0.218474  0.970209  -0.006837  0.012832  -0.022030  -1.564865  3.812074  1.161419  1.000000  
175.992074 0.028437  0.000009  0.007168  0.331309  0.912941  0.238269  -0.938146  0.345665  -0.019956  -0.100580  -0.216919  0.970994  -0.006884  0.012681  -0.021768  -1.571746  3.837580  1.133478  1.000000  
175.993317 0.028424  0.000022  0.007143  0.331664  0.913714  0.234787  -0.938536  0.344807  -0.016085  -0.095653  -0.215021  0.971914  -0.007101  0.012434  -0.021430  -1.582162  3.853005  1.094740  1.000000  
175.994567 0.028411  0.000033  0.007118  0.332011  0.914505  0.231190  -0.938902  0.343966  -0.012250  -0.090724  -0.212998  0.972831  -0.007427  0.012151  -0.021085  -1.592474  3.871740  1.056181  1.000000  
175.995817 0.028396  0.000043  0.007093  0.332354  0.915239  0.227766  -0.939257  0.343118  -0.008205  -0.085660  -0.211204  0.973681  -0.007801  0.011846  -0.020770  -1.591108  3.890818  1.017881  1.000000  
175.997067 0.028381  0.000054  0.007070  0.332689  0.915991  0.224227  -0.939587  0.342286  -0.004196  -0.080593  -0.209285  0.974528  -0.008192  0.011559  -0.020403  -1.597989  3.909206  0.979314  1.000000  
175.998315 0.028366  0.000066  0.007048  0.333015  0.916760  0.220572  -0.939892  0.341471  -0.000224  -0.075524  -0.207239  0.975371  -0.008665  0.011217  -0.019985  -1.605203  3.920005  0.946051  1.000000  
175.999316 0.028354  0.000073  0.007031  0.333120  0.917427  0.217619  -0.940188  0.340641  0.003135  -0.071254  -0.205647  0.976029  -0.009086  0.010888  -0.019699  -1.615015  3.934572  0.914361  1.000000  
176.000567 0.028338  0.000083  0.007008  0.333442  0.918187  0.213892  -0.940482  0.339757  0.007649  -0.065648  -0.203713  0.976827  -0.009649  0.010490  -0.019498  -1.619709  3.952777  0.890432  1.000000  
176.001819 0.028321  0.000093  0.006984  0.333557  0.919021  0.210095  -0.940808  0.338730  0.011961  -0.060173  -0.201649  0.977608  -0.010305  0.009976  -0.019380  -1.624923  3.979682  0.867089  1.000000  
176.003067 0.028303  0.000101  0.006961  0.333660  0.919809  0.206451  -0.941098  0.337747  0.016197  -0.054830  -0.199694  0.978323  -0.010937  0.009503  -0.019270  -1.631589  3.997253  0.848988  1.000000  
176.004076 0.028289  0.000107  0.006944  0.333735  0.920442  0.203488  -0.941310  0.336975  0.019573  -0.050554  -0.198077  0.978882  -0.011500  0.008851  -0.019032  -1.635590  4.003818  0.828137  1.000000  
176.005321 0.028270  0.000114  0.006922  0.333827  0.921212  0.199818  -0.941569  0.335948  0.024230  -0.044808  -0.196231  0.979533  -0.012114  0.008306  -0.018760  -1.637978  4.039478  0.815188  1.000000  
176.006321 0.028255  0.000119  0.006906  0.333892  0.921846  0.196764  -0.941751  0.335154  0.027861  -0.040263  -0.194605  0.980055  -0.012562  0.007809  -0.018448  -1.641160  4.039604  0.801787  1.000000  
176.007570 0.028235  0.000123  0.006886  0.333965  0.922629  0.192934  -0.941958  0.334142  0.032611  -0.034379  -0.192626  0.980670  -0.013149  0.007181  -0.018080  -1.646630  4.072092  0.791800  1.000000  
176.008826 0.028215  0.000125  0.006866  0.333830  0.923451  0.189196  -0.942194  0.333009  0.037080  -0.028763  -0.190637  0.981239  -0.013706  0.006518  -0.017736  -1.651458  4.084253  0.793011  1.000000  
176.010067 0.028195  0.000127  0.006847  0.333881  0.924210  0.185361  -0.942338  0.332038  0.041840  -0.022878  -0.188642  0.981779  -0.014011  0.005967  -0.017321  -1.654863  4.118474  0.793529  1.000000  
176.011317 0.028176  0.000129  0.006830  0.333922  0.924952  0.181548  -0.942452  0.331035  0.046894  -0.016724  -0.186759  0.982263  -0.014245  0.005333  -0.016967  -1.657085  4.154513  0.791276  1.000000  
176.012567 0.028159  0.000130  0.006811  0.333949  0.925674  0.177777  -0.942530  0.330077  0.051828  -0.010704  -0.184868  0.982705  -0.014444  0.004690  -0.016678  -1.658123  4.194205  0.798393  1.000000  
176.013567 0.028145  0.000131  0.006795  0.333963  0.926265  0.174648  -0.942569  0.329279  0.056019  -0.005620  -0.183326  0.983036  -0.014610  0.004131  -0.016546  -1.654348  4.230440  0.798910  1.000000  
176.014817 0.028128  0.000130  0.006777  0.334163  0.926916  0.170772  -0.942515  0.328503  0.061244  0.000669  -0.181420  0.983405  -0.014642  0.003544  -0.016278  -1.649468  4.271916  0.800393  1.000000  
176.016072 0.028110  0.000129  0.006758  0.334154  0.927610  0.166974  -0.942492  0.327527  0.066601  0.007091  -0.179626  0.983709  -0.014738  0.002712  -0.015994  -1.643724  4.318233  0.813908  1.000000  
176.017317 0.028093  0.000127  0.006741  0.334327  0.928191  0.163360  -0.942364  0.326798  0.071786  0.013246  -0.177945  0.983951  -0.014729  0.001940  -0.015505  -1.626714  4.354568  0.814173  1.000000  
176.018567 0.028076  0.000123  0.006726  0.334488  0.928782  0.159630  -0.942200  0.326098  0.076933  0.019400  -0.176136  0.984175  -0.014661  0.001241  -0.015118  -1.619312  4.400577  0.814758  1.000000  
176.019568 0.028062  0.000119  0.006715  0.334644  0.929225  0.156699  -0.942026  0.325554  0.081247  0.024483  -0.174803  0.984299  -0.014623  0.000580  -0.014692  -1.603330  4.440773  0.815692  1.000000  
176.020580 0.028048  0.000114  0.006703  0.334791  0.929669  0.153722  -0.941824  0.325000  0.085685  0.029699  -0.173465  0.984392  -0.014548  -0.000182  -0.014311  -1.588235  4.484870  0.822820  1.000000  
176.021819 0.028030  0.000107  0.006689  0.334916  0.930224  0.150050  -0.941561  0.324319  0.090998  0.035984  -0.171758  0.984482  -0.014468  -0.000873  -0.013906  -1.577285  4.524147  0.821831  1.000000  
176.022827 0.028016  0.000101  0.006680  0.335234  0.930596  0.147004  -0.941228  0.323964  0.095590  0.041332  -0.170409  0.984506  -0.014291  -0.001495  -0.013464  -1.564534  4.568955  0.816529  1.000000  
176.024077 0.027999  0.000093  0.006667  0.335525  0.931074  0.143260  -0.940820  0.323488  0.101056  0.047748  -0.168689  0.984512  -0.014092  -0.002233  -0.012985  -1.552640  4.619593  0.812038  1.000000  
176.025321 0.027981  0.000084  0.006656  0.335606  0.931584  0.139714  -0.940436  0.322794  0.106694  0.054296  -0.167199  0.984427  -0.013968  -0.002979  -0.012492  -1.532843  4.675163  0.812792  1.000000  
176.026572 0.027965  0.000075  0.006646  0.335861  0.932034  0.136054  -0.939927  0.322268  0.112607  0.061108  -0.165701  0.984281  -0.013807  -0.003683  -0.011910  -1.512764  4.734883  0.808689  1.000000  
176.027610 0.027952  0.000067  0.006639  0.336139  0.932331  0.133304  -0.939484  0.321986  0.117023  0.066182  -0.164573  0.984142  -0.013697  -0.004237  -0.011332  -1.490990  4.758007  0.799343  1.000000  
176.028819 0.027935  0.000056  0.006631  0.336376  0.932713  0.129993  -0.938926  0.321524  0.122637  0.072589  -0.163306  0.983901  -0.013758  -0.005050  -0.010629  -1.461048  4.812693  0.787067  1.000000  
176.030066 0.027916  0.000044  0.006626  0.336398  0.933154  0.126729  -0.938379  0.320829  0.128508  0.079259  -0.162149  0.983578  -0.013896  -0.005872  -0.009736  -1.433787  4.850928  0.781571  1.000000  
176.031067 0.027902  0.000033  0.006623  0.336632  0.933413  0.124174  -0.937817  0.320473  0.133404  0.084727  -0.161361  0.983252  -0.013883  -0.006394  -0.009021  -1.401837  4.887141  0.775284  1.000000  
176.032073 0.027887  0.000021  0.006621  0.336675  0.933713  0.121778  -0.937330  0.319994  0.137901  0.089792  -0.160573  0.982931  -0.013988  -0.007153  -0.008154  -1.369342  4.916084  0.765489  1.000000  
