1-Time 2-Px 3-Py 4-Pz 5-R11 6-R21 7-R31 8-R12 9-R22 10-R32 11-R13 12-R23 13-R33 14-Vx 15-Vy 16-Vz 17-Wx 18-Wy 19-Wz 20-state
122.250325 0.022349  -0.010472  0.004531  0.418975  0.799150  0.431068  -0.896781  0.438585  0.058539  -0.142279  -0.411099  0.900419  0.026143  0.009470  0.025344  0.000000  0.000000  0.000000  1.000000  
122.251524 0.022370  -0.010461  0.004556  0.418975  0.799150  0.431068  -0.896781  0.438585  0.058539  -0.142279  -0.411099  0.900419  0.021405  0.010752  0.025096  0.000000  0.000000  0.000000  1.000000  
122.252777 0.022380  -0.010454  0.004577  0.418975  0.799150  0.431068  -0.896781  0.438585  0.058539  -0.142279  -0.411099  0.900419  0.013817  0.008232  0.020433  0.000000  0.000000  0.000000  1.000000  
122.254019 0.022386  -0.010447  0.004596  0.418791  0.799292  0.430983  -0.896867  0.438428  0.058397  -0.142279  -0.410990  0.900469  0.010706  0.007325  0.018440  0.000000  0.000000  0.000000  1.000000  
122.255260 0.022399  -0.010435  0.004620  0.418799  0.799316  0.430932  -0.896885  0.438378  0.058506  -0.142146  -0.410998  0.900486  0.010507  0.007756  0.018704  0.000000  0.000000  0.000000  1.000000  
122.256508 0.022414  -0.010422  0.004648  0.418799  0.799316  0.430932  -0.896885  0.438378  0.058506  -0.142146  -0.410998  0.900486  0.010861  0.008364  0.019585  0.000000  0.000000  0.000000  1.000000  
122.257527 0.022421  -0.010410  0.004672  0.418799  0.799316  0.430932  -0.896885  0.438378  0.058506  -0.142146  -0.410998  0.900486  0.010251  0.008796  0.020107  0.000000  0.000000  0.000000  1.000000  
122.258756 0.022424  -0.010394  0.004699  0.418614  0.799406  0.430944  -0.896971  0.438213  0.058417  -0.142146  -0.410998  0.900486  0.009094  0.009462  0.020410  0.000000  0.000000  0.000000  1.000000  
122.260006 0.022424  -0.010377  0.004724  0.418614  0.799406  0.430944  -0.896971  0.438213  0.058417  -0.142146  -0.410998  0.900486  0.007972  0.010068  0.020367  0.000000  0.000000  0.000000  1.000000  
122.261272 0.022428  -0.010359  0.004750  0.418622  0.799481  0.430796  -0.896988  0.438170  0.058473  -0.142014  -0.410897  0.900553  0.007391  0.010511  0.020346  0.000000  0.000000  0.000000  1.000000  
122.262506 0.022434  -0.010342  0.004777  0.418446  0.799595  0.430757  -0.897091  0.437956  0.058494  -0.141881  -0.410905  0.900570  0.007107  0.010821  0.020489  0.000000  0.000000  0.000000  1.000000  
122.263754 0.022436  -0.010325  0.004801  0.418454  0.799670  0.430609  -0.897109  0.437913  0.058550  -0.141749  -0.410803  0.900637  0.006617  0.011082  0.020426  0.000000  0.000000  0.000000  1.000000  
122.264754 0.022433  -0.010312  0.004818  0.418462  0.799694  0.430558  -0.897126  0.437863  0.058659  -0.141616  -0.410811  0.900655  0.005945  0.011222  0.020181  0.000000  0.000000  0.000000  1.000000  
122.265755 0.022427  -0.010301  0.004833  0.418470  0.799769  0.430410  -0.897143  0.437821  0.058715  -0.141484  -0.410710  0.900722  0.004837  0.011260  0.019720  0.000000  0.000000  0.000000  1.000000  
122.266755 0.022417  -0.010292  0.004846  0.418478  0.799844  0.430262  -0.897160  0.437778  0.058771  -0.141352  -0.410608  0.900789  0.002948  0.011192  0.018985  0.000000  0.000000  0.000000  1.000000  
122.267769 0.022408  -0.010285  0.004859  0.418478  0.799897  0.430165  -0.897160  0.437785  0.058718  -0.141352  -0.410499  0.900839  0.001852  0.011249  0.018810  0.000000  0.000000  0.000000  1.000000  
122.269008 0.022397  -0.010273  0.004878  0.418670  0.799934  0.429908  -0.897091  0.437914  0.058810  -0.141219  -0.410288  0.900955  0.000733  0.011551  0.018848  0.000000  0.000000  0.000000  1.000000  
122.270015 0.022390  -0.010260  0.004897  0.418670  0.799986  0.429811  -0.897091  0.437922  0.058756  -0.141219  -0.410179  0.901005  -0.000371  0.011826  0.018815  0.000000  0.000000  0.000000  1.000000  
122.271258 0.022381  -0.010242  0.004923  0.419040  0.799858  0.429690  -0.896919  0.438258  0.058880  -0.141219  -0.410070  0.901055  -0.002231  0.012212  0.018602  0.000000  0.000000  0.000000  1.000000  
122.272258 0.022372  -0.010226  0.004942  0.419224  0.799768  0.429678  -0.896832  0.438423  0.058969  -0.141219  -0.410070  0.901055  -0.003272  0.012498  0.018356  0.000000  0.000000  0.000000  1.000000  
122.273504 0.022363  -0.010208  0.004962  0.419409  0.799729  0.429568  -0.896746  0.438595  0.059004  -0.141219  -0.409961  0.901105  -0.004142  0.012593  0.017848  0.000000  0.000000  0.000000  1.000000  
122.274508 0.022356  -0.010194  0.004975  0.419778  0.799601  0.429447  -0.896573  0.438931  0.059128  -0.141219  -0.409851  0.901154  -0.004533  0.012640  0.017415  0.000000  0.000000  0.000000  1.000000  
122.275755 0.022350  -0.010177  0.004989  0.420147  0.799472  0.429326  -0.896400  0.439267  0.059251  -0.141219  -0.409742  0.901204  -0.005286  0.012551  0.016470  0.000000  0.000000  0.000000  1.000000  
122.276756 0.022346  -0.010163  0.005000  0.420516  0.799291  0.429301  -0.896227  0.439596  0.059428  -0.141219  -0.409742  0.901204  -0.005619  0.012622  0.015967  0.000000  0.000000  0.000000  1.000000  
122.278007 0.022338  -0.010147  0.005018  0.420885  0.799162  0.429180  -0.896054  0.439933  0.059551  -0.141219  -0.409633  0.901254  -0.006610  0.012551  0.015307  0.000000  0.000000  0.000000  1.000000  
122.279341 0.022327  -0.010133  0.005035  0.421246  0.798958  0.429207  -0.895864  0.440311  0.059619  -0.141352  -0.409625  0.901237  -0.007241  0.012322  0.014825  0.000000  0.000000  0.000000  1.000000  
122.280504 0.022312  -0.010121  0.005051  0.421807  0.798761  0.429021  -0.895620  0.440762  0.059940  -0.141219  -0.409523  0.901303  -0.007729  0.012210  0.014709  0.000000  0.000000  0.000000  1.000000  
122.281505 0.022301  -0.010111  0.005065  0.422176  0.798631  0.428900  -0.895447  0.441099  0.060063  -0.141219  -0.409414  0.901353  -0.007861  0.012205  0.014759  0.000000  0.000000  0.000000  1.000000  
122.282505 0.022292  -0.010100  0.005081  0.422729  0.798411  0.428766  -0.895186  0.441599  0.060274  -0.141219  -0.409305  0.901403  -0.007886  0.012515  0.015050  0.000000  0.000000  0.000000  1.000000  
122.283508 0.022281  -0.010088  0.005100  0.423098  0.798281  0.428644  -0.895012  0.441935  0.060397  -0.141219  -0.409195  0.901452  -0.007985  0.012734  0.015345  0.000000  0.000000  0.000000  1.000000  
122.284509 0.022269  -0.010073  0.005119  0.423458  0.798128  0.428574  -0.894820  0.442321  0.060411  -0.141352  -0.409078  0.901485  -0.008330  0.012950  0.015403  0.000000  0.000000  0.000000  1.000000  
122.285512 0.022257  -0.010058  0.005137  0.424011  0.797906  0.428440  -0.894558  0.442821  0.060622  -0.141352  -0.408969  0.901534  -0.008722  0.012994  0.015256  -0.050003  0.104003  -0.163409  1.000000  
122.286514 0.022244  -0.010041  0.005152  0.424379  0.797776  0.428318  -0.894384  0.443157  0.060744  -0.141352  -0.408859  0.901584  -0.009021  0.013082  0.014884  -0.052112  0.109653  -0.175865  1.000000  
122.287763 0.022230  -0.010020  0.005167  0.424739  0.797622  0.428248  -0.894192  0.443542  0.060758  -0.141484  -0.408742  0.901616  -0.009253  0.013240  0.014351  -0.052828  0.113192  -0.194947  1.000000  
122.289008 0.022215  -0.009998  0.005180  0.425107  0.797491  0.428126  -0.894017  0.443878  0.060880  -0.141484  -0.408633  0.901666  -0.009602  0.013586  0.014079  -0.055341  0.119706  -0.208896  1.000000  
122.290260 0.022197  -0.009977  0.005194  0.425483  0.797384  0.427953  -0.893859  0.444164  0.061112  -0.141352  -0.408531  0.901733  -0.010429  0.013784  0.014128  -0.053410  0.125346  -0.221373  1.000000  
122.291505 0.022177  -0.009958  0.005211  0.425667  0.797292  0.427940  -0.893771  0.444328  0.061200  -0.141352  -0.408531  0.901733  -0.011467  0.013920  0.014251  -0.051035  0.129962  -0.231961  1.000000  
122.292755 0.022156  -0.009940  0.005228  0.426043  0.797133  0.427863  -0.893613  0.444607  0.061485  -0.141219  -0.408539  0.901750  -0.012353  0.013945  0.014207  -0.045479  0.132611  -0.248247  1.000000  
122.293755 0.022136  -0.009928  0.005244  0.426051  0.797208  0.427714  -0.893630  0.444565  0.061540  -0.141087  -0.408438  0.901817  -0.013077  0.014074  0.014412  -0.049591  0.132590  -0.248244  1.000000  
122.295005 0.022110  -0.009912  0.005261  0.426244  0.797140  0.427650  -0.893559  0.444680  0.061737  -0.140954  -0.408445  0.901834  -0.013839  0.014271  0.014477  -0.044576  0.135415  -0.254501  1.000000  
122.296017 0.022088  -0.009899  0.005274  0.426252  0.797164  0.427598  -0.893576  0.444631  0.061846  -0.140822  -0.408453  0.901851  -0.014623  0.014575  0.014443  -0.044579  0.139459  -0.252550  1.000000  
122.297255 0.022060  -0.009882  0.005287  0.426444  0.797096  0.427533  -0.893506  0.444745  0.062043  -0.140689  -0.408461  0.901868  -0.015669  0.014787  0.013990  -0.035502  0.142311  -0.258893  1.000000  
122.298506 0.022035  -0.009864  0.005300  0.426460  0.797143  0.427429  -0.893540  0.444647  0.062261  -0.140424  -0.408476  0.901902  -0.016406  0.014919  0.013329  -0.031227  0.145198  -0.254951  1.000000  
122.299755 0.022010  -0.009842  0.005313  0.426468  0.797218  0.427280  -0.893556  0.444605  0.062316  -0.140292  -0.408375  0.901969  -0.017049  0.015214  0.012636  -0.032212  0.146415  -0.246930  1.000000  
122.301008 0.021986  -0.009816  0.005322  0.426660  0.797150  0.427216  -0.893486  0.444720  0.062512  -0.140159  -0.408382  0.901986  -0.017634  0.015520  0.011804  -0.028187  0.150460  -0.245095  1.000000  
122.302011 0.021966  -0.009796  0.005328  0.426676  0.797249  0.427015  -0.893519  0.444629  0.062676  -0.139894  -0.408289  0.902070  -0.018185  0.015725  0.011276  -0.029191  0.155753  -0.235252  1.000000  
122.303014 0.021945  -0.009777  0.005334  0.426684  0.797272  0.426963  -0.893536  0.444579  0.062785  -0.139762  -0.408296  0.902087  -0.018734  0.015930  0.010908  -0.027310  0.155413  -0.222804  1.000000  
122.304019 0.021924  -0.009760  0.005343  0.426876  0.797256  0.426801  -0.893465  0.444702  0.062928  -0.139629  -0.408195  0.902153  -0.019456  0.015916  0.010858  -0.027357  0.159652  -0.221205  1.000000  
122.305028 0.021904  -0.009742  0.005353  0.427068  0.797188  0.426736  -0.893394  0.444817  0.063125  -0.139497  -0.408202  0.902170  -0.019851  0.015899  0.010731  -0.028305  0.160684  -0.212792  1.000000  
122.306256 0.021876  -0.009723  0.005366  0.427268  0.797195  0.426522  -0.893340  0.444890  0.063377  -0.139232  -0.408108  0.902254  -0.020430  0.015920  0.010565  -0.029330  0.166134  -0.203010  1.000000  
122.307259 0.021853  -0.009706  0.005376  0.427468  0.797203  0.426308  -0.893286  0.444963  0.063628  -0.138967  -0.408014  0.902337  -0.020774  0.016123  0.010221  -0.030330  0.171452  -0.193055  1.000000  
122.308505 0.021824  -0.009687  0.005386  0.427852  0.797118  0.426081  -0.893143  0.445201  0.063967  -0.138702  -0.407920  0.902421  -0.021139  0.016344  0.009606  -0.034429  0.183759  -0.187531  1.000000  
122.309507 0.021803  -0.009672  0.005390  0.428236  0.796982  0.425950  -0.893000  0.445431  0.064361  -0.138437  -0.407935  0.902454  -0.021151  0.016492  0.008939  -0.030131  0.190344  -0.182303  1.000000  
122.310755 0.021779  -0.009652  0.005394  0.428619  0.796898  0.425723  -0.892857  0.445668  0.064700  -0.138172  -0.407841  0.902538  -0.020974  0.016656  0.008241  -0.031401  0.193195  -0.175768  1.000000  
122.311761 0.021761  -0.009637  0.005396  0.429003  0.796813  0.425495  -0.892714  0.445906  0.065039  -0.137907  -0.407747  0.902621  -0.020713  0.016800  0.007591  -0.032392  0.198501  -0.165808  1.000000  
122.313023 0.021738  -0.009616  0.005397  0.429578  0.796660  0.425201  -0.892499  0.446258  0.065574  -0.137509  -0.407660  0.902721  -0.020411  0.017056  0.006754  -0.031462  0.213515  -0.166451  1.000000  
122.314258 0.021717  -0.009591  0.005398  0.430329  0.796443  0.424848  -0.892178  0.446832  0.066033  -0.137244  -0.407456  0.902853  -0.020213  0.017333  0.005962  -0.034611  0.228737  -0.167276  1.000000  
122.315282 0.021701  -0.009571  0.005401  0.430904  0.796289  0.424553  -0.891961  0.447185  0.066567  -0.136847  -0.407369  0.902953  -0.019994  0.017323  0.005596  -0.034635  0.240836  -0.161630  1.000000  
122.316509 0.021680  -0.009546  0.005403  0.431654  0.796020  0.424296  -0.891639  0.447750  0.067080  -0.136582  -0.407275  0.903035  -0.019725  0.017360  0.005239  -0.032502  0.252749  -0.169166  1.000000  
122.317773 0.021658  -0.009524  0.005407  0.432404  0.795852  0.423846  -0.891316  0.448332  0.067484  -0.136316  -0.406961  0.903217  -0.019469  0.017141  0.004922  -0.039005  0.272635  -0.177494  1.000000  
122.319007 0.021633  -0.009504  0.005410  0.433345  0.795565  0.423425  -0.890920  0.449021  0.068137  -0.135919  -0.406764  0.903365  -0.019408  0.017044  0.004488  -0.039937  0.291027  -0.189212  1.000000  
122.320018 0.021613  -0.009487  0.005412  0.434095  0.795396  0.422973  -0.890595  0.449603  0.068540  -0.135654  -0.406450  0.903546  -0.019398  0.017033  0.003999  -0.046556  0.303077  -0.201463  1.000000  
122.321258 0.021587  -0.009466  0.005413  0.435035  0.795159  0.422454  -0.890197  0.450300  0.069137  -0.135256  -0.406144  0.903744  -0.019133  0.017143  0.003027  -0.055028  0.326664  -0.220996  1.000000  
122.322508 0.021561  -0.009445  0.005413  0.435975  0.794920  0.421934  -0.889797  0.450997  0.069733  -0.134858  -0.405837  0.903941  -0.019007  0.017153  0.002204  -0.064481  0.343277  -0.236108  1.000000  
122.323753 0.021535  -0.009425  0.005412  0.436915  0.794681  0.421412  -0.889396  0.451695  0.070329  -0.134461  -0.405530  0.904138  -0.018917  0.017265  0.001628  -0.067408  0.362515  -0.261591  1.000000  
122.324758 0.021514  -0.009408  0.005410  0.437679  0.794557  0.420851  -0.889101  0.452180  0.070946  -0.133930  -0.405231  0.904351  -0.018949  0.017365  0.001210  -0.077470  0.386206  -0.277034  1.000000  
122.326005 0.021488  -0.009386  0.005408  0.438808  0.794298  0.420164  -0.888624  0.453001  0.071680  -0.133400  -0.404821  0.904613  -0.019121  0.017557  0.000905  -0.087531  0.412074  -0.306684  1.000000  
122.327006 0.021466  -0.009367  0.005409  0.439564  0.794150  0.419655  -0.888310  0.453536  0.072186  -0.133002  -0.404514  0.904809  -0.019340  0.017706  0.000818  -0.096000  0.431204  -0.327827  1.000000  
122.328012 0.021444  -0.009348  0.005411  0.440327  0.794025  0.419091  -0.888011  0.454022  0.072800  -0.132472  -0.404213  0.905021  -0.019642  0.017870  0.000919  -0.106327  0.455359  -0.343784  1.000000  
122.329037 0.021421  -0.009328  0.005413  0.441081  0.793875  0.418580  -0.887696  0.454557  0.073305  -0.132074  -0.403906  0.905216  -0.020067  0.017791  0.001015  -0.114822  0.474348  -0.364895  1.000000  
122.330256 0.021390  -0.009304  0.005416  0.442034  0.793679  0.417946  -0.887320  0.455160  0.074113  -0.131411  -0.403612  0.905444  -0.020723  0.017794  0.001037  -0.118650  0.501144  -0.391180  1.000000  
122.331256 0.021366  -0.009285  0.005418  0.442796  0.793603  0.417283  -0.887019  0.455656  0.074669  -0.130880  -0.403201  0.905704  -0.021243  0.017708  0.000999  -0.131251  0.517523  -0.401254  1.000000  
122.332257 0.021338  -0.009267  0.005417  0.443375  0.793570  0.416732  -0.886808  0.455980  0.075195  -0.130349  -0.402900  0.905914  -0.021950  0.017738  0.000765  -0.136746  0.537986  -0.414531  1.000000  
122.333257 0.021309  -0.009249  0.005416  0.444144  0.793517  0.416013  -0.886520  0.456430  0.075858  -0.129686  -0.402496  0.906189  -0.022552  0.017795  0.000541  -0.150379  0.562498  -0.425988  1.000000  
122.334509 0.021271  -0.009228  0.005413  0.445095  0.793419  0.415182  -0.886140  0.457052  0.076551  -0.129023  -0.401981  0.906512  -0.023540  0.017878  0.000103  -0.163165  0.585722  -0.445609  1.000000  
122.335511 0.021240  -0.009210  0.005410  0.445864  0.793365  0.414461  -0.885850  0.457503  0.077213  -0.128359  -0.401576  0.906786  -0.024222  0.017871  -0.000184  -0.174227  0.615270  -0.460937  1.000000  
122.336511 0.021210  -0.009193  0.005408  0.446449  0.793354  0.413851  -0.885651  0.457781  0.077844  -0.127696  -0.401281  0.907010  -0.024844  0.017873  -0.000332  -0.180832  0.633032  -0.468094  1.000000  
122.337513 0.021179  -0.009176  0.005407  0.447217  0.793348  0.413032  -0.885359  0.458242  0.078448  -0.127032  -0.400765  0.907331  -0.025514  0.017996  -0.000401  -0.198734  0.653480  -0.481503  1.000000  
122.338515 0.021148  -0.009157  0.005406  0.447802  0.793386  0.412325  -0.885158  0.458531  0.079022  -0.126369  -0.400359  0.907603  -0.026185  0.018116  -0.000359  -0.210354  0.668394  -0.482453  1.000000  
122.339755 0.021109  -0.009133  0.005407  0.448402  0.793522  0.411411  -0.884986  0.458735  0.079757  -0.125439  -0.399856  0.907954  -0.027041  0.018282  -0.000166  -0.226261  0.691837  -0.480044  1.000000  
122.340760 0.021078  -0.009114  0.005409  0.449176  0.793538  0.410534  -0.884706  0.459151  0.080467  -0.124643  -0.399346  0.908288  -0.027758  0.018446  0.000048  -0.241125  0.713666  -0.485529  1.000000  
122.341762 0.021048  -0.009093  0.005411  0.449775  0.793623  0.409713  -0.884532  0.459347  0.081256  -0.123714  -0.398952  0.908588  -0.028347  0.018555  0.000173  -0.256944  0.736834  -0.482829  1.000000  
122.342762 0.021018  -0.009073  0.005415  0.450366  0.793683  0.408947  -0.884343  0.459592  0.081937  -0.122917  -0.398551  0.908872  -0.028887  0.018609  0.000244  -0.268814  0.756343  -0.482318  1.000000  
122.343763 0.020988  -0.009053  0.005417  0.451139  0.793698  0.408066  -0.884059  0.460010  0.082644  -0.122120  -0.398039  0.909204  -0.029395  0.018689  0.000290  -0.284471  0.774986  -0.481333  1.000000  
122.345013 0.020949  -0.009028  0.005419  0.452108  0.793665  0.407057  -0.883710  0.460498  0.083651  -0.121058  -0.397540  0.909564  -0.029906  0.018741  0.000195  -0.297642  0.800087  -0.480278  1.000000  
122.346318 0.020910  -0.009004  0.005418  0.453076  0.793680  0.405948  -0.883359  0.460998  0.084601  -0.119995  -0.396929  0.909972  -0.030304  0.018701  0.000048  -0.315790  0.823914  -0.473747  1.000000  
122.347513 0.020870  -0.008981  0.005418  0.454043  0.793743  0.404742  -0.883006  0.461510  0.085493  -0.118932  -0.396207  0.910426  -0.030741  0.018757  0.000015  -0.332513  0.853148  -0.470825  1.000000  
122.348763 0.020829  -0.008959  0.005418  0.455192  0.793661  0.403612  -0.882557  0.462176  0.086523  -0.117870  -0.395595  0.910830  -0.031013  0.018758  0.000284  -0.344553  0.875481  -0.468813  1.000000  
122.350017 0.020788  -0.008937  0.005420  0.456165  0.793697  0.402441  -0.882214  0.462633  0.087576  -0.116674  -0.394988  0.911247  -0.031185  0.018852  0.000586  -0.357297  0.899705  -0.458538  1.000000  
122.351274 0.020749  -0.008913  0.005423  0.457500  0.793589  0.401135  -0.881679  0.463430  0.088737  -0.115478  -0.394270  0.911711  -0.031227  0.018986  0.000987  -0.376129  0.933874  -0.458115  1.000000  
122.352513 0.020711  -0.008889  0.005427  0.458827  0.793455  0.399883  -0.881128  0.464275  0.089786  -0.114414  -0.393544  0.912158  -0.031201  0.019085  0.001361  -0.391426  0.955820  -0.464176  1.000000  
122.353515 0.020680  -0.008871  0.005429  0.459783  0.793438  0.398817  -0.880750  0.464831  0.090617  -0.113484  -0.392923  0.912542  -0.031211  0.019099  0.001548  -0.403278  0.978925  -0.461991  1.000000  
122.354764 0.020643  -0.008847  0.005433  0.460934  0.793421  0.397522  -0.880302  0.465470  0.091688  -0.112287  -0.392201  0.913000  -0.031064  0.019038  0.001726  -0.415446  1.002199  -0.460077  1.000000  
122.356015 0.020606  -0.008824  0.005435  0.462090  0.793474  0.396070  -0.879864  0.466075  0.092808  -0.110958  -0.391374  0.913518  -0.030980  0.018955  0.001728  -0.436511  1.026444  -0.449924  1.000000  
122.357261 0.020570  -0.008800  0.005437  0.463782  0.793212  0.394615  -0.879124  0.467219  0.094061  -0.109761  -0.390540  0.914019  -0.030867  0.018903  0.001526  -0.450301  1.053806  -0.468804  1.000000  
122.358313 0.020541  -0.008782  0.005438  0.465103  0.793068  0.393348  -0.878558  0.468073  0.095097  -0.108697  -0.389809  0.914458  -0.030668  0.018690  0.001344  -0.463918  1.080513  -0.478575  1.000000  
122.359509 0.020504  -0.008759  0.005439  0.466798  0.792872  0.391731  -0.877822  0.469187  0.096394  -0.107367  -0.388867  0.915016  -0.030704  0.018546  0.001344  -0.482709  1.113731  -0.496621  1.000000  
122.360509 0.020473  -0.008743  0.005439  0.467936  0.792772  0.390574  -0.877346  0.469869  0.097400  -0.106303  -0.388246  0.915404  -0.030744  0.018322  0.001345  -0.494063  1.135578  -0.502789  1.000000  
122.361759 0.020433  -0.008724  0.005443  0.469808  0.792474  0.388929  -0.876505  0.471151  0.098770  -0.104972  -0.387301  0.915958  -0.030796  0.018044  0.001643  -0.510461  1.172239  -0.532656  1.000000  
122.362759 0.020399  -0.008709  0.005446  0.471310  0.792294  0.387475  -0.875841  0.472142  0.099923  -0.103774  -0.386461  0.916449  -0.030871  0.017856  0.001912  -0.524387  1.199235  -0.551650  1.000000  
122.363813 0.020366  -0.008694  0.005451  0.472818  0.792136  0.385958  -0.875185  0.473089  0.101181  -0.102444  -0.385625  0.916951  -0.030748  0.017640  0.002252  -0.537414  1.232284  -0.566121  1.000000  
122.365013 0.020324  -0.008674  0.005457  0.474690  0.791898  0.384145  -0.874341  0.474345  0.102586  -0.100979  -0.384570  0.917556  -0.030987  0.017511  0.002478  -0.554770  1.265189  -0.590840  1.000000  
122.366261 0.020282  -0.008654  0.005463  0.476746  0.791582  0.382246  -0.873405  0.475722  0.104172  -0.099382  -0.383519  0.918170  -0.031182  0.017300  0.002694  -0.576231  1.311833  -0.625914  1.000000  
122.367262 0.020247  -0.008639  0.005468  0.478241  0.791389  0.380775  -0.872723  0.476722  0.105309  -0.098184  -0.382674  0.918652  -0.031393  0.017056  0.002770  -0.584623  1.338586  -0.642552  1.000000  
122.368515 0.020203  -0.008619  0.005471  0.480291  0.791018  0.378960  -0.871775  0.478092  0.106941  -0.096586  -0.381731  0.919213  -0.031837  0.016724  0.002769  -0.599974  1.385912  -0.689874  1.000000  
122.369516 0.020168  -0.008603  0.005473  0.481962  0.790720  0.377458  -0.870985  0.479260  0.108146  -0.095387  -0.380883  0.919690  -0.032193  0.016535  0.002710  -0.610510  1.412367  -0.720006  1.000000  
122.370765 0.020124  -0.008584  0.005474  0.484192  0.790312  0.375453  -0.869935  0.480767  0.109893  -0.093655  -0.379830  0.920303  -0.032667  0.016259  0.002623  -0.622711  1.454527  -0.763647  1.000000  
122.371766 0.020088  -0.008570  0.005475  0.485864  0.790031  0.373882  -0.869145  0.481895  0.111196  -0.092323  -0.378984  0.920786  -0.033177  0.015891  0.002645  -0.636531  1.483795  -0.789336  1.000000  
122.372791 0.020050  -0.008556  0.005477  0.487533  0.789747  0.372306  -0.868350  0.483025  0.112494  -0.090991  -0.378137  0.921267  -0.033696  0.015554  0.002662  -0.649197  1.514579  -0.820789  1.000000  
122.374011 0.020002  -0.008539  0.005480  0.489587  0.789518  0.370088  -0.867401  0.484304  0.114301  -0.088992  -0.376975  0.921938  -0.034562  0.015164  0.002821  -0.665729  1.554573  -0.846709  1.000000  
122.375259 0.019952  -0.008524  0.005484  0.491459  0.789384  0.367886  -0.866545  0.485425  0.116025  -0.086993  -0.375812  0.922604  -0.035310  0.014824  0.002994  -0.686989  1.597991  -0.872272  1.000000  
122.376510 0.019901  -0.008510  0.005487  0.493505  0.789190  0.365557  -0.865580  0.486728  0.117758  -0.084993  -0.374533  0.923310  -0.036035  0.014533  0.002994  -0.709383  1.642157  -0.900108  1.000000  
122.377759 0.019850  -0.008495  0.005491  0.495554  0.789014  0.363158  -0.864616  0.487993  0.119591  -0.082860  -0.373256  0.924021  -0.036619  0.014268  0.002976  -0.729030  1.687194  -0.921303  1.000000  
122.379008 0.019798  -0.008480  0.005492  0.497415  0.788907  0.360838  -0.863736  0.489144  0.121233  -0.080860  -0.371972  0.924715  -0.037400  0.013995  0.002593  -0.752894  1.725691  -0.936571  1.000000  
122.380009 0.019758  -0.008466  0.005493  0.499089  0.788784  0.358789  -0.862943  0.490151  0.122807  -0.078993  -0.370906  0.925305  -0.037743  0.013920  0.002370  -0.772033  1.767213  -0.958035  1.000000  
122.381260 0.019706  -0.008449  0.005492  0.501126  0.788591  0.356367  -0.861955  0.491432  0.124617  -0.076858  -0.369620  0.925999  -0.038399  0.013647  0.001931  -0.792412  1.805982  -0.973815  1.000000  
122.382509 0.019655  -0.008432  0.005490  0.503158  0.788391  0.353936  -0.860958  0.492718  0.126418  -0.074724  -0.368332  0.926686  -0.038938  0.013504  0.001442  -0.812274  1.847698  -0.987360  1.000000  
122.383511 0.019614  -0.008418  0.005489  0.504828  0.788279  0.351804  -0.860151  0.493696  0.128079  -0.072722  -0.367262  0.927270  -0.039289  0.013404  0.001194  -0.828265  1.890253  -1.001019  1.000000  
122.384517 0.019574  -0.008405  0.005488  0.506494  0.788204  0.349570  -0.859339  0.494694  0.129674  -0.070720  -0.366078  0.927893  -0.039713  0.013210  0.001032  -0.852084  1.937491  -1.020347  1.000000  
122.385764 0.019523  -0.008389  0.005488  0.508528  0.788062  0.346926  -0.858341  0.495869  0.131773  -0.068184  -0.364791  0.928589  -0.040096  0.013026  0.000969  -0.868646  1.987146  -1.039635  1.000000  
122.386767 0.019482  -0.008376  0.005490  0.510191  0.787960  0.344709  -0.857521  0.496819  0.133522  -0.066048  -0.363717  0.929165  -0.040442  0.012857  0.000969  -0.886129  2.028378  -1.038949  1.000000  
122.388017 0.019430  -0.008363  0.005490  0.512393  0.787745  0.341924  -0.856399  0.498185  0.135615  -0.063512  -0.362311  0.929891  -0.040788  0.012695  0.000883  -0.905578  2.076035  -1.047656  1.000000  
122.389381 0.019379  -0.008348  0.005490  0.514769  0.787485  0.338939  -0.855168  0.499696  0.137813  -0.060841  -0.360792  0.930660  -0.040614  0.012466  0.000523  -0.921868  2.114672  -1.053449  1.000000  
122.390509 0.019329  -0.008335  0.005488  0.516962  0.787320  0.335971  -0.854029  0.501052  0.139930  -0.058170  -0.359268  0.931420  -0.040830  0.012461  0.000150  -0.950235  2.169645  -1.069835  1.000000  
122.391510 0.019290  -0.008324  0.005486  0.518607  0.787236  0.333626  -0.853175  0.502042  0.141586  -0.056032  -0.358069  0.932012  -0.040704  0.012415  -0.000202  -0.970064  2.209051  -1.065205  1.000000  
122.392512 0.019252  -0.008312  0.005482  0.520420  0.787018  0.331309  -0.852199  0.503240  0.143198  -0.054028  -0.356864  0.932593  -0.040518  0.012373  -0.000579  -0.984025  2.237921  -1.070634  1.000000  
122.393759 0.019205  -0.008298  0.005477  0.522423  0.786974  0.328247  -0.851139  0.504472  0.145157  -0.051356  -0.355217  0.933372  -0.040204  0.012338  -0.001009  -1.008063  2.271232  -1.069602  1.000000  
122.395009 0.019159  -0.008282  0.005473  0.524769  0.786674  0.325209  -0.849851  0.506018  0.147302  -0.048683  -0.353679  0.934099  -0.039901  0.012235  -0.001321  -1.024803  2.310905  -1.075621  1.000000  
122.396272 0.019114  -0.008267  0.005470  0.527112  0.786390  0.322094  -0.848557  0.507532  0.149539  -0.045877  -0.352139  0.934823  -0.039408  0.012135  -0.001481  -1.045291  2.356540  -1.076365  1.000000  
122.397509 0.019069  -0.008252  0.005467  0.529444  0.786071  0.319032  -0.847244  0.509094  0.151658  -0.043204  -0.350593  0.935531  -0.038989  0.011975  -0.001580  -1.067049  2.391717  -1.087002  1.000000  
122.398759 0.019024  -0.008237  0.005466  0.531943  0.785676  0.315832  -0.845810  0.510844  0.153767  -0.040530  -0.348929  0.936272  -0.038609  0.011861  -0.001518  -1.089446  2.434366  -1.095006  1.000000  
122.399761 0.018989  -0.008226  0.005467  0.533734  0.785490  0.313263  -0.844793  0.511958  0.155641  -0.038123  -0.347713  0.936826  -0.038397  0.011681  -0.001447  -1.104618  2.468775  -1.091335  1.000000  
122.401067 0.018943  -0.008214  0.005466  0.536222  0.785063  0.310068  -0.843338  0.513665  0.157892  -0.035316  -0.346157  0.937512  -0.037779  0.011430  -0.001548  -1.125137  2.506049  -1.086534  1.000000  
122.402267 0.018897  -0.008202  0.005466  0.538526  0.784670  0.307055  -0.841976  0.515236  0.160023  -0.032641  -0.344710  0.938142  -0.037516  0.011227  -0.001651  -1.142428  2.542724  -1.093396  1.000000  
122.403268 0.018861  -0.008194  0.005465  0.540641  0.784201  0.304527  -0.840700  0.516769  0.161781  -0.030501  -0.343481  0.938664  -0.037190  0.011048  -0.001697  -1.152801  2.569879  -1.107875  1.000000  
122.404333 0.018823  -0.008187  0.005464  0.542748  0.783663  0.302153  -0.839412  0.518324  0.163486  -0.028495  -0.342362  0.939136  -0.037139  0.010811  -0.001734  -1.160229  2.585404  -1.129242  1.000000  
122.405507 0.018777  -0.008177  0.005463  0.545207  0.783127  0.299101  -0.837908  0.520017  0.165811  -0.025687  -0.341021  0.939705  -0.036807  0.010571  -0.001668  -1.163554  2.621113  -1.150303  1.000000  
122.406507 0.018740  -0.008169  0.005463  0.547134  0.782768  0.296511  -0.836718  0.521363  0.167582  -0.023413  -0.339786  0.940211  -0.036672  0.010312  -0.001554  -1.174864  2.645691  -1.158590  1.000000  
122.407510 0.018703  -0.008161  0.005464  0.548883  0.782439  0.294138  -0.835632  0.522513  0.169409  -0.021139  -0.338776  0.940629  -0.036623  0.010072  -0.001202  -1.177248  2.667935  -1.163744  1.000000  
122.408758 0.018656  -0.008151  0.005468  0.550976  0.782095  0.291124  -0.834320  0.523900  0.171578  -0.018329  -0.337426  0.941174  -0.036564  0.009758  -0.000607  -1.181518  2.696597  -1.171270  1.000000  
122.409759 0.018618  -0.008144  0.005471  0.552886  0.781646  0.288697  -0.833102  0.525220  0.173447  -0.016055  -0.336411  0.941578  -0.036667  0.009352  -0.000138  -1.182111  2.711993  -1.178883  1.000000  
122.410759 0.018580  -0.008138  0.005477  0.554619  0.781301  0.286299  -0.831991  0.526383  0.175249  -0.013781  -0.335394  0.941977  -0.036868  0.009018  0.000390  -1.182043  2.725674  -1.183903  1.000000  
122.411759 0.018541  -0.008132  0.005482  0.556346  0.780950  0.283893  -0.830871  0.527550  0.177043  -0.011506  -0.334375  0.942370  -0.037035  0.008588  0.000872  -1.181808  2.743388  -1.187318  1.000000  
122.413008 0.018490  -0.008126  0.005489  0.558412  0.780486  0.281100  -0.829517  0.528954  0.179194  -0.008831  -0.333241  0.942800  -0.037490  0.007985  0.001515  -1.178602  2.756862  -1.192937  1.000000  
122.414259 0.018438  -0.008121  0.005498  0.560472  0.780006  0.278320  -0.828152  0.530303  0.181503  -0.006021  -0.332219  0.943183  -0.037862  0.007367  0.002079  -1.167606  2.770270  -1.198569  1.000000  
122.415261 0.018396  -0.008119  0.005505  0.562011  0.779623  0.276281  -0.827121  0.531293  0.183302  -0.003880  -0.331536  0.943435  -0.038374  0.006820  0.002539  -1.156709  2.771046  -1.202231  1.000000  
122.416510 0.018342  -0.008118  0.005514  0.563887  0.779176  0.273709  -0.825852  0.532445  0.185664  -0.001070  -0.330737  0.943722  -0.038828  0.006074  0.003152  -1.137361  2.776341  -1.201948  1.000000  
122.417511 0.018297  -0.008119  0.005524  0.565246  0.778863  0.271789  -0.824922  0.533258  0.187458  0.001070  -0.330164  0.943923  -0.039434  0.005444  0.003905  -1.121834  2.772862  -1.198149  1.000000  
122.418522 0.018252  -0.008121  0.005536  0.566601  0.778483  0.270052  -0.823986  0.534026  0.189376  0.003211  -0.329819  0.944039  -0.039979  0.004686  0.004844  -1.096082  2.769442  -1.182844  1.000000  
122.419764 0.018194  -0.008123  0.005554  0.568289  0.778013  0.267848  -0.822808  0.534995  0.191751  0.005887  -0.329357  0.944187  -0.040742  0.003960  0.006006  -1.061449  2.763932  -1.173234  1.000000  
122.420764 0.018147  -0.008126  0.005570  0.569635  0.777597  0.266192  -0.821858  0.535743  0.193723  0.008028  -0.329123  0.944253  -0.041470  0.003209  0.007229  -1.029442  2.758061  -1.162427  1.000000  
122.422015 0.018089  -0.008128  0.005593  0.571313  0.777010  0.264305  -0.820666  0.536740  0.196006  0.010436  -0.328887  0.944312  -0.042280  0.002344  0.008717  -0.981714  2.750363  -1.160446  1.000000  
122.423259 0.018029  -0.008131  0.005618  0.572817  0.776499  0.262544  -0.819583  0.537553  0.198295  0.012844  -0.328763  0.944325  -0.043183  0.001547  0.010263  -0.938020  2.733139  -1.143547  1.000000  
122.424508 0.017968  -0.008133  0.005645  0.574316  0.775963  0.260848  -0.818494  0.538403  0.200474  0.015119  -0.328638  0.944335  -0.043992  0.000861  0.011647  -0.886783  2.712418  -1.131479  1.000000  
122.425510 0.017919  -0.008135  0.005668  0.575308  0.775709  0.259416  -0.817757  0.538846  0.202281  0.017125  -0.328513  0.944344  -0.044767  0.000175  0.012963  -0.851731  2.699640  -1.106713  1.000000  
122.426759 0.017858  -0.008138  0.005696  0.576797  0.775197  0.257635  -0.816654  0.539661  0.204553  0.019533  -0.328384  0.944342  -0.045537  -0.000436  0.014276  -0.803893  2.675222  -1.090481  1.000000  
122.427759 0.017808  -0.008141  0.005719  0.577783  0.774885  0.256360  -0.815910  0.540116  0.206315  0.021406  -0.328371  0.944306  -0.046145  -0.000949  0.015363  -0.758536  2.654894  -1.065509  1.000000  
122.429013 0.017746  -0.008145  0.005749  0.579264  0.774346  0.254638  -0.814796  0.540968  0.208474  0.023680  -0.328240  0.944298  -0.046889  -0.001585  0.017061  -0.706539  2.624983  -1.041530  1.000000  
122.430261 0.017684  -0.008148  0.005783  0.580738  0.773802  0.252931  -0.813672  0.541758  0.210797  0.026088  -0.328220  0.944241  -0.047494  -0.001988  0.018762  -0.661418  2.605127  -1.021416  1.000000  
122.431509 0.017622  -0.008151  0.005817  0.582039  0.773369  0.251259  -0.812661  0.542389  0.213062  0.028495  -0.328199  0.944179  -0.047980  -0.002209  0.020216  -0.613213  2.577932  -0.994789  1.000000  
122.432528 0.017573  -0.008154  0.005847  0.583180  0.772920  0.249993  -0.811780  0.543040  0.214757  0.030234  -0.328182  0.944131  -0.048306  -0.002353  0.021660  -0.572204  2.559802  -0.973708  1.000000  
122.433762 0.017512  -0.008157  0.005886  0.584808  0.772237  0.248294  -0.810520  0.544024  0.217013  0.032507  -0.328159  0.944063  -0.048642  -0.002405  0.023274  -0.524032  2.530233  -0.949185  1.000000  
122.434767 0.017464  -0.008159  0.005918  0.586108  0.771644  0.247067  -0.809509  0.544807  0.218818  0.034246  -0.328254  0.943969  -0.048731  -0.002413  0.024444  -0.478935  2.510796  -0.928479  1.000000  
122.436011 0.017404  -0.008161  0.005958  0.587560  0.771043  0.245492  -0.808356  0.545605  0.221078  0.036519  -0.328342  0.943853  -0.048774  -0.002375  0.025534  -0.430450  2.481017  -0.910969  1.000000  
122.437258 0.017344  -0.008162  0.005998  0.589172  0.770329  0.243864  -0.807076  0.546561  0.223383  0.038792  -0.328428  0.943732  -0.049160  -0.002236  0.027011  -0.381931  2.460977  -0.897667  1.000000  
122.438260 0.017297  -0.008163  0.006031  0.590460  0.769736  0.242620  -0.806049  0.547340  0.225175  0.040530  -0.328520  0.943627  -0.048788  -0.002119  0.027633  -0.335611  2.435528  -0.886150  1.000000  
122.439324 0.017250  -0.008163  0.006064  0.591909  0.769000  0.241416  -0.804895  0.548250  0.227080  0.042268  -0.328725  0.943479  -0.048514  -0.002025  0.028257  -0.293377  2.404031  -0.879630  1.000000  
122.440508 0.017190  -0.008163  0.006105  0.593510  0.768230  0.239935  -0.803600  0.549211  0.229334  0.044407  -0.328924  0.943312  -0.048656  -0.001859  0.029141  -0.250702  2.384730  -0.876697  1.000000  
122.441755 0.017130  -0.008163  0.006147  0.595432  0.767259  0.238275  -0.802049  0.550450  0.231782  0.046679  -0.329118  0.943134  -0.048496  -0.001683  0.030065  -0.202303  2.367652  -0.883946  1.000000  
122.442755 0.017082  -0.008162  0.006181  0.597032  0.766409  0.237002  -0.800755  0.551513  0.233721  0.048416  -0.329320  0.942976  -0.048370  -0.001402  0.030852  -0.165025  2.354655  -0.889174  1.000000  
122.444007 0.017023  -0.008161  0.006225  0.598777  0.765550  0.235372  -0.799311  0.552590  0.236108  0.050688  -0.329511  0.942790  -0.048270  -0.001100  0.031692  -0.124517  2.334888  -0.889422  1.000000  
122.445255 0.016963  -0.008160  0.006270  0.600679  0.764576  0.233684  -0.797735  0.553823  0.238536  0.052959  -0.329701  0.942599  -0.048080  -0.000749  0.032475  -0.088278  2.324593  -0.901245  1.000000  
122.446255 0.016916  -0.008157  0.006306  0.602099  0.763838  0.232438  -0.796546  0.554723  0.240411  0.054696  -0.329899  0.942430  -0.047973  -0.000441  0.033041  -0.059180  2.307085  -0.907458  1.000000  
122.447256 0.016869  -0.008154  0.006340  0.603347  0.763241  0.231160  -0.795470  0.555429  0.242335  0.056567  -0.330093  0.942252  -0.047796  -0.000088  0.033406  -0.034145  2.298817  -0.910875  1.000000  
122.448257 0.016823  -0.008150  0.006375  0.604914  0.762442  0.229700  -0.794134  0.556413  0.244449  0.058570  -0.330283  0.942063  -0.047542  0.000409  0.033675  -0.013677  2.300049  -0.925913  1.000000  
122.449505 0.016764  -0.008145  0.006417  0.606786  0.761493  0.227901  -0.792523  0.557603  0.246953  0.060974  -0.330464  0.941847  -0.047434  0.000905  0.033845  0.001933  2.295326  -0.941533  1.000000  
122.450506 0.016717  -0.008141  0.006450  0.608346  0.760666  0.226501  -0.791180  0.558619  0.248955  0.062844  -0.330654  0.941657  -0.047398  0.001278  0.033880  0.018357  2.291153  -0.957388  1.000000  
122.451523 0.016670  -0.008136  0.006481  0.609743  0.759899  0.225316  -0.789964  0.559481  0.250875  0.064580  -0.330960  0.941432  -0.047291  0.001796  0.033819  0.035657  2.285504  -0.965471  1.000000  
122.452762 0.016610  -0.008129  0.006521  0.611758  0.758806  0.223529  -0.788204  0.560791  0.253472  0.066983  -0.331250  0.941162  -0.047318  0.002290  0.033729  0.046742  2.291135  -0.992927  1.000000  
122.454007 0.016550  -0.008122  0.006560  0.613602  0.757829  0.221784  -0.786561  0.561941  0.256015  0.069386  -0.331538  0.940887  -0.047674  0.002778  0.033788  0.057621  2.305427  -1.009660  1.000000  
122.455009 0.016500  -0.008117  0.006590  0.615127  0.757054  0.220198  -0.785177  0.562879  0.258193  0.071521  -0.331716  0.940664  -0.047600  0.003126  0.033468  0.066075  2.317834  -1.027005  1.000000  
122.456012 0.016449  -0.008111  0.006621  0.616497  0.756315  0.218906  -0.783930  0.563698  0.260191  0.073389  -0.332013  0.940415  -0.047780  0.003535  0.033306  0.074085  2.324510  -1.045882  1.000000  
122.457255 0.016385  -0.008104  0.006660  0.618314  0.755364  0.217055  -0.782255  0.564807  0.262812  0.075925  -0.332292  0.940116  -0.048085  0.003970  0.033023  0.084031  2.333850  -1.063386  1.000000  
122.458255 0.016333  -0.008098  0.006690  0.619821  0.754564  0.215537  -0.780852  0.565707  0.265040  0.078059  -0.332579  0.939839  -0.048365  0.004333  0.032701  0.091212  2.351473  -1.085728  1.000000  
122.459255 0.016281  -0.008091  0.006721  0.621315  0.753817  0.213841  -0.779433  0.566603  0.267292  0.080326  -0.332747  0.939589  -0.048716  0.004696  0.032407  0.098913  2.369453  -1.094296  1.000000  
122.460256 0.016229  -0.008085  0.006750  0.622809  0.753017  0.212307  -0.778016  0.567500  0.269508  0.082460  -0.333031  0.939303  -0.049004  0.005006  0.031947  0.106247  2.384190  -1.109850  1.000000  
122.461505 0.016164  -0.008076  0.006786  0.624589  0.752095  0.210339  -0.776301  0.568565  0.272197  0.085127  -0.333298  0.938971  -0.049403  0.005413  0.031331  0.112136  2.401697  -1.132041  1.000000  
122.462755 0.016098  -0.008067  0.006820  0.626200  0.751290  0.208416  -0.774704  0.569473  0.274834  0.087793  -0.333562  0.938631  -0.049825  0.005721  0.030846  0.118826  2.418869  -1.139800  1.000000  
122.464012 0.016033  -0.008058  0.006855  0.627810  0.750458  0.206562  -0.773108  0.570414  0.277365  0.090325  -0.333827  0.938297  -0.050312  0.006044  0.030260  0.127648  2.436661  -1.141972  1.000000  
122.465256 0.015968  -0.008048  0.006891  0.629396  0.749683  0.204540  -0.771485  0.571283  0.280082  0.093123  -0.334082  0.937932  -0.050785  0.006311  0.029896  0.128562  2.455856  -1.147473  1.000000  
122.466506 0.015903  -0.008038  0.006926  0.630981  0.748880  0.202587  -0.769862  0.572186  0.282694  0.095787  -0.334339  0.937573  -0.051189  0.006492  0.029710  0.131609  2.474979  -1.147062  1.000000  
