1-Time 2-Px 3-Py 4-Pz 5-R11 6-R21 7-R31 8-R12 9-R22 10-R32 11-R13 12-R23 13-R33 14-Vx 15-Vy 16-Vz 17-Wx 18-Wy 19-Wz 20-state 21-PR11 22-PR21 23-PR31 24-PR12 25-PR22 26-PR32 27-PR13 28-PR23 29-PR33 
45.233759 -0.003957  0.086701  0.008498  0.994275  0.084149  -0.065850  -0.082269  0.996135  0.030762  0.068184  -0.025168  0.997355  -0.000489  -0.000459  -0.000256  0.000000  0.000000  0.000000  2.000000  1.000000  0.000000  0.000000  0.000000  1.000000  0.000000  0.000000  0.000000  1.000000  0.999994  0.003114  -0.001260  -0.003114  0.999995  -0.000153  0.001259  0.000157  0.999999  1.000000  0.000000  0.000000  0.000000  1.000000  0.000000  0.000000  0.000000  1.000000  0.721142  0.523910  -0.453291  -0.545971  0.832551  0.093669  0.426462  0.179935  0.886427  0.000000  0.000000  
45.234769 -0.003958  0.086700  0.008498  0.994249  0.084357  -0.065977  -0.082473  0.996118  0.030787  0.068318  -0.025168  0.997346  -0.000530  -0.000501  -0.000236  0.000000  0.000000  0.000000  2.000000  1.000000  0.000000  0.000000  0.000000  1.000000  0.000000  0.000000  0.000000  1.000000  0.999994  0.003319  -0.001254  -0.003319  0.999994  -0.000139  0.001254  0.000143  0.999999  1.000000  0.000000  0.000000  0.000000  1.000000  0.000000  0.000000  0.000000  1.000000  1.000000  0.000000  0.000000  0.000000  1.000000  0.000000  0.000000  0.000000  1.000000  0.000000  0.000000  
45.236019 -0.003961  0.086696  0.008498  0.994162  0.085184  -0.066218  -0.083290  0.996047  0.030863  0.068585  -0.025168  0.997328  -0.000699  -0.000744  -0.000178  0.000000  0.000000  0.000000  2.000000  1.000000  0.000000  0.000000  0.000000  1.000000  0.000000  0.000000  0.000000  1.000000  0.999992  0.003733  -0.001378  -0.003733  0.999993  -0.000110  0.001377  0.000116  0.999999  1.000000  0.000000  0.000000  0.000000  1.000000  0.000000  0.000000  0.000000  1.000000  1.000000  0.000000  0.000000  0.000000  1.000000  0.000000  0.000000  0.000000  1.000000  0.000000  0.000000  
45.237269 -0.003965  0.086691  0.008500  0.994092  0.085806  -0.066464  -0.083902  0.995994  0.030926  0.068852  -0.025167  0.997309  -0.000946  -0.001094  -0.000067  -0.003655  0.071652  0.188217  2.000000  1.000000  0.000000  0.000000  0.000000  1.000000  0.000000  0.000000  0.000000  1.000000  0.999989  0.004356  -0.001629  -0.004356  0.999991  -0.000066  0.001629  0.000074  0.999999  1.000000  0.000000  0.000000  0.000000  1.000000  0.000000  0.000000  0.000000  1.000000  1.000000  0.000000  0.000000  0.000000  1.000000  0.000000  0.000000  0.000000  1.000000  0.000051  0.000000  
45.238517 -0.003968  0.086684  0.008502  0.994013  0.086439  -0.066834  -0.084514  0.995936  0.031122  0.069252  -0.025288  0.997279  -0.001129  -0.001480  0.000162  0.001398  0.084777  0.202375  2.000000  1.000000  0.000000  0.000000  0.000000  1.000000  0.000000  0.000000  0.000000  1.000000  0.999987  0.004770  -0.001752  -0.004770  0.999989  0.000084  0.001752  -0.000076  0.999998  1.000000  0.000000  0.000000  0.000000  1.000000  0.000000  0.000000  0.000000  1.000000  1.000000  0.000000  0.000000  0.000000  1.000000  0.000000  0.000000  0.000000  1.000000  0.000054  0.000000  
45.239768 -0.003972  0.086677  0.008505  0.993933  0.087072  -0.067203  -0.085125  0.995878  0.031318  0.069653  -0.025408  0.997248  -0.001383  -0.001932  0.000391  0.006470  0.093398  0.216402  2.000000  1.000000  0.000065  -0.000025  -0.000065  1.000000  0.000003  0.000025  -0.000003  1.000000  0.999985  0.004986  -0.002147  -0.004986  0.999988  0.000222  0.002149  -0.000211  0.999998  1.000000  0.000000  0.000000  0.000000  1.000000  0.000000  0.000000  0.000000  1.000000  1.000000  0.000065  -0.000025  -0.000065  1.000000  0.000003  0.000025  -0.000003  1.000000  0.000057  0.000000  
45.241012 -0.003978  0.086670  0.008509  0.993817  0.088116  -0.067559  -0.086146  0.995783  0.031543  0.070053  -0.025528  0.997217  -0.001714  -0.002395  0.000685  0.017032  0.106014  0.251278  2.000000  1.000000  0.000415  -0.000168  -0.000415  1.000000  0.000022  0.000168  -0.000022  1.000000  0.999979  0.006020  -0.002388  -0.006019  0.999982  0.000417  0.002390  -0.000403  0.999997  1.000000  0.000075  -0.000030  -0.000075  1.000000  0.000005  0.000030  -0.000005  1.000000  1.000000  0.000415  -0.000168  -0.000415  1.000000  0.000022  0.000168  -0.000022  1.000000  0.000066  0.006489  
45.242015 -0.003982  0.086664  0.008514  0.993717  0.088946  -0.067931  -0.086962  0.995709  0.031633  0.070453  -0.025527  0.997188  -0.001964  -0.002712  0.001000  0.018526  0.114487  0.272233  2.000000  1.000000  0.000654  -0.000269  -0.000654  1.000000  0.000042  0.000269  -0.000041  1.000000  0.999974  0.006646  -0.002773  -0.006644  0.999978  0.000584  0.002777  -0.000566  0.999996  1.000000  0.000083  -0.000035  -0.000083  1.000000  0.000007  0.000035  -0.000007  1.000000  1.000000  0.000654  -0.000269  -0.000654  1.000000  0.000042  0.000269  -0.000041  1.000000  0.000072  0.007224  
45.243265 -0.003988  0.086656  0.008518  0.993581  0.090194  -0.068280  -0.088187  0.995594  0.031873  0.070854  -0.025648  0.997157  -0.002320  -0.003220  0.001285  0.025036  0.127061  0.307059  2.000000  0.999999  0.001106  -0.000455  -0.001106  0.999999  0.000086  0.000455  -0.000086  1.000000  0.999966  0.007683  -0.003146  -0.007681  0.999970  0.000782  0.003152  -0.000757  0.999995  1.000000  0.000096  -0.000039  -0.000096  1.000000  0.000010  0.000039  -0.000010  1.000000  0.999999  0.001106  -0.000455  -0.001106  0.999999  0.000086  0.000455  -0.000086  1.000000  0.000082  0.008338  
45.244265 -0.003993  0.086650  0.008521  0.993461  0.091229  -0.068646  -0.089207  0.995500  0.031980  0.071254  -0.025647  0.997128  -0.002598  -0.003621  0.001517  0.027511  0.135175  0.341809  2.000000  0.999999  0.001513  -0.000622  -0.001513  0.999999  0.000127  0.000622  -0.000126  1.000000  0.999959  0.008310  -0.003531  -0.008307  0.999965  0.000829  0.003538  -0.000799  0.999993  1.000000  0.000104  -0.000044  -0.000104  1.000000  0.000010  0.000044  -0.000010  1.000000  0.999999  0.001513  -0.000622  -0.001513  0.999999  0.000127  0.000622  -0.000126  1.000000  0.000089  0.009066  
45.245266 -0.003998  0.086644  0.008524  0.993359  0.092068  -0.069007  -0.090022  0.995419  0.032193  0.071655  -0.025767  0.997097  -0.002881  -0.004001  0.001737  0.033095  0.148111  0.362867  2.000000  0.999998  0.001965  -0.000801  -0.001964  0.999998  0.000175  0.000801  -0.000173  1.000000  0.999949  0.009343  -0.003771  -0.009340  0.999956  0.001027  0.003780  -0.000992  0.999992  1.000000  0.000117  -0.000047  -0.000117  1.000000  0.000013  0.000047  -0.000013  1.000000  0.999998  0.001965  -0.000801  -0.001964  0.999998  0.000175  0.000801  -0.000173  1.000000  0.000096  0.010126  
45.246515 -0.004005  0.086636  0.008527  0.993199  0.093314  -0.069631  -0.091245  0.995303  0.032339  0.072322  -0.025766  0.997048  -0.003347  -0.004458  0.001988  0.035649  0.165195  0.397796  2.000000  0.999996  0.002582  -0.001051  -0.002582  0.999997  0.000241  0.001052  -0.000238  0.999999  0.999938  0.010380  -0.004145  -0.010376  0.999946  0.001106  0.004156  -0.001063  0.999991  1.000000  0.000130  -0.000052  -0.000130  1.000000  0.000014  0.000052  -0.000014  1.000000  0.999996  0.002582  -0.001051  -0.002582  0.999997  0.000241  0.001052  -0.000238  0.999999  0.000106  0.011230  
45.247515 -0.004011  0.086631  0.008531  0.993075  0.094358  -0.069985  -0.092265  0.995202  0.032569  0.072722  -0.025886  0.997016  -0.003709  -0.004821  0.002259  0.042220  0.177754  0.432616  2.000000  0.999994  0.003122  -0.001275  -0.003122  0.999995  0.000297  0.001276  -0.000293  0.999999  0.999926  0.011215  -0.004658  -0.011210  0.999936  0.001171  0.004671  -0.001119  0.999988  1.000000  0.000140  -0.000058  -0.000140  1.000000  0.000014  0.000058  -0.000014  1.000000  0.999994  0.003122  -0.001275  -0.003122  0.999995  0.000297  0.001276  -0.000293  0.999999  0.000116  0.012198  
45.248519 -0.004016  0.086624  0.008535  0.992941  0.095396  -0.070483  -0.093283  0.995103  0.032691  0.073256  -0.025885  0.996977  -0.003990  -0.005134  0.002476  0.044302  0.190504  0.460494  2.000000  0.999992  0.003706  -0.001517  -0.003706  0.999993  0.000369  0.001518  -0.000363  0.999999  0.999915  0.012048  -0.005036  -0.012040  0.999926  0.001478  0.005053  -0.001417  0.999986  1.000000  0.000151  -0.000063  -0.000151  1.000000  0.000018  0.000063  -0.000018  1.000000  0.999992  0.003706  -0.001517  -0.003706  0.999993  0.000369  0.001518  -0.000363  0.999999  0.000123  0.013138  
45.249764 -0.004024  0.086613  0.008538  0.992757  0.096847  -0.071099  -0.094709  0.994963  0.032855  0.073923  -0.025884  0.996928  -0.004440  -0.005817  0.002725  0.047388  0.211928  0.502499  2.000000  0.999989  0.004345  -0.001783  -0.004344  0.999990  0.000445  0.001785  -0.000438  0.999998  0.999899  0.013088  -0.005543  -0.013079  0.999913  0.001562  0.005563  -0.001489  0.999983  1.000000  0.000164  -0.000069  -0.000164  1.000000  0.000019  0.000069  -0.000019  1.000000  0.999989  0.004345  -0.001783  -0.004344  0.999990  0.000445  0.001785  -0.000438  0.999998  0.000133  0.014295  
45.250769 -0.004031  0.086603  0.008542  0.992619  0.097894  -0.071585  -0.095727  0.994857  0.033100  0.074457  -0.026004  0.996885  -0.004778  -0.006321  0.002974  0.054078  0.224465  0.537282  2.000000  0.999985  0.005036  -0.002076  -0.005035  0.999987  0.000529  0.002079  -0.000518  0.999998  0.999882  0.014129  -0.006049  -0.014119  0.999899  0.001766  0.006073  -0.001681  0.999980  1.000000  0.000177  -0.000076  -0.000177  1.000000  0.000022  0.000076  -0.000022  1.000000  0.999985  0.005036  -0.002076  -0.005035  0.999987  0.000529  0.002079  -0.000518  0.999998  0.000144  0.015466  
45.252018 -0.004039  0.086589  0.008547  0.992430  0.099353  -0.072189  -0.097153  0.994709  0.033389  0.075124  -0.026123  0.996832  -0.005065  -0.006861  0.003249  0.065407  0.241389  0.579158  2.000000  0.999979  0.005963  -0.002470  -0.005961  0.999982  0.000642  0.002474  -0.000627  0.999997  0.999863  0.015169  -0.006556  -0.015157  0.999883  0.001852  0.006583  -0.001753  0.999977  1.000000  0.000190  -0.000082  -0.000190  1.000000  0.000023  0.000082  -0.000023  1.000000  0.999979  0.005963  -0.002470  -0.005961  0.999982  0.000642  0.002474  -0.000627  0.999997  0.000155  0.016624  
45.253019 -0.004046  0.086578  0.008553  0.992290  0.100391  -0.072685  -0.098170  0.994605  0.033516  0.075658  -0.026122  0.996792  -0.005277  -0.007271  0.003493  0.067534  0.258625  0.607136  2.000000  0.999973  0.006757  -0.002812  -0.006755  0.999977  0.000746  0.002817  -0.000727  0.999996  0.999845  0.016207  -0.006927  -0.016192  0.999867  0.002180  0.006961  -0.002068  0.999974  1.000000  0.000203  -0.000087  -0.000203  1.000000  0.000027  0.000087  -0.000027  1.000000  0.999973  0.006757  -0.002812  -0.006755  0.999977  0.000746  0.002817  -0.000727  0.999996  0.000164  0.017754  
45.254265 -0.004053  0.086563  0.008561  0.992117  0.101655  -0.073282  -0.099391  0.994470  0.033913  0.076325  -0.026363  0.996734  -0.005537  -0.007854  0.003761  0.078428  0.275677  0.642209  2.000000  0.999964  0.007810  -0.003269  -0.007807  0.999969  0.000893  0.003276  -0.000867  0.999994  0.999823  0.017253  -0.007563  -0.017234  0.999848  0.002512  0.007605  -0.002381  0.999968  1.000000  0.000216  -0.000095  -0.000216  1.000000  0.000031  0.000095  -0.000031  1.000000  0.999964  0.007810  -0.003269  -0.007807  0.999969  0.000893  0.003276  -0.000867  0.999994  0.000174  0.018997  
45.255270 -0.004059  0.086548  0.008567  0.991973  0.102701  -0.073766  -0.100408  0.994360  0.034163  0.076858  -0.026482  0.996690  -0.005669  -0.008454  0.004043  0.084654  0.292832  0.670121  2.000000  0.999955  0.008698  -0.003660  -0.008694  0.999962  0.001023  0.003669  -0.000991  0.999993  0.999805  0.018085  -0.007939  -0.018064  0.999833  0.002705  0.007987  -0.002561  0.999965  1.000000  0.000226  -0.000100  -0.000226  1.000000  0.000033  0.000100  -0.000033  1.000000  0.999955  0.008698  -0.003660  -0.008694  0.999962  0.001023  0.003669  -0.000991  0.999993  0.000182  0.019927  
45.256513 -0.004066  0.086529  0.008576  0.991787  0.103969  -0.074494  -0.101627  0.994222  0.034577  0.077659  -0.026722  0.996622  -0.005742  -0.009159  0.004298  0.095655  0.314399  0.705387  2.000000  0.999943  0.009844  -0.004176  -0.009839  0.999951  0.001199  0.004187  -0.001157  0.999991  0.999793  0.018511  -0.008461  -0.018487  0.999825  0.002872  0.008512  -0.002715  0.999960  1.000000  0.000231  -0.000106  -0.000231  1.000000  0.000035  0.000106  -0.000035  1.000000  0.999943  0.009844  -0.004176  -0.009839  0.999951  0.001199  0.004187  -0.001157  0.999991  0.000193  0.020545  
45.257765 -0.004072  0.086510  0.008585  0.991598  0.105227  -0.075235  -0.102845  0.994086  0.034872  0.078459  -0.026842  0.996556  -0.005778  -0.010007  0.004590  0.106610  0.340446  0.740518  2.000000  0.999931  0.010796  -0.004614  -0.010790  0.999941  0.001353  0.004629  -0.001303  0.999988  0.999776  0.019143  -0.008973  -0.019115  0.999812  0.003178  0.009033  -0.003006  0.999955  1.000000  0.000239  -0.000113  -0.000239  1.000000  0.000039  0.000113  -0.000039  1.000000  0.999931  0.010796  -0.004614  -0.010790  0.999941  0.001353  0.004629  -0.001303  0.999988  0.000204  0.021368  
45.259014 -0.004077  0.086491  0.008594  0.991407  0.106486  -0.075974  -0.104064  0.993949  0.035169  0.079259  -0.026961  0.996489  -0.005721  -0.010728  0.004929  0.113576  0.361977  0.775607  2.000000  0.999914  0.012024  -0.005189  -0.012016  0.999927  0.001554  0.005207  -0.001491  0.999985  0.999761  0.019770  -0.009355  -0.019740  0.999800  0.003239  0.009417  -0.003054  0.999951  1.000000  0.000247  -0.000117  -0.000247  1.000000  0.000039  0.000117  -0.000039  1.000000  0.999914  0.012024  -0.005189  -0.012016  0.999927  0.001554  0.005207  -0.001491  0.999985  0.000213  0.022098  
45.260015 -0.004081  0.086475  0.008602  0.991257  0.107532  -0.076455  -0.105080  0.993833  0.035424  0.079793  -0.027081  0.996444  -0.005650  -0.011440  0.005277  0.119903  0.379191  0.803691  2.000000  0.999899  0.013031  -0.005669  -0.013021  0.999914  0.001717  0.005691  -0.001643  0.999982  0.999745  0.020397  -0.009736  -0.020366  0.999787  0.003301  0.009801  -0.003102  0.999947  1.000000  0.000255  -0.000122  -0.000255  1.000000  0.000040  0.000122  -0.000040  1.000000  0.999899  0.013031  -0.005669  -0.013021  0.999914  0.001717  0.005691  -0.001643  0.999982  0.000224  0.022829  
45.261263 -0.004086  0.086454  0.008610  0.991084  0.108774  -0.076942  -0.106299  0.993698  0.035575  0.080326  -0.027079  0.996401  -0.005455  -0.012222  0.005595  0.122771  0.391885  0.838762  2.000000  0.999878  0.014319  -0.006281  -0.014307  0.999896  0.001925  0.006308  -0.001835  0.999978  0.999739  0.020606  -0.009863  -0.020575  0.999783  0.003210  0.009927  -0.003006  0.999946  1.000000  0.000257  -0.000124  -0.000257  1.000000  0.000039  0.000124  -0.000039  1.000000  0.999878  0.014319  -0.006281  -0.014307  0.999896  0.001925  0.006308  -0.001835  0.999978  0.000230  0.023057  
45.262267 -0.004088  0.086438  0.008617  0.990931  0.109821  -0.077422  -0.107315  0.993579  0.035833  0.080860  -0.027199  0.996354  -0.005254  -0.013085  0.005808  0.133216  0.404495  0.866366  2.000000  0.999859  0.015354  -0.006772  -0.015340  0.999880  0.002093  0.006803  -0.001989  0.999975  0.999739  0.020606  -0.009861  -0.020574  0.999783  0.003339  0.009927  -0.003135  0.999946  1.000000  0.000257  -0.000124  -0.000257  1.000000  0.000040  0.000124  -0.000040  1.000000  0.999859  0.015354  -0.006772  -0.015340  0.999880  0.002093  0.006803  -0.001989  0.999975  0.000238  0.023074  
45.263517 -0.004092  0.086416  0.008625  0.990766  0.111059  -0.077775  -0.108535  0.993442  0.035972  0.081260  -0.027198  0.996322  -0.005072  -0.013855  0.006032  0.134953  0.413945  0.894435  2.000000  0.999834  0.016653  -0.007387  -0.016636  0.999859  0.002301  0.007424  -0.002177  0.999970  0.999735  0.020811  -0.009855  -0.020780  0.999779  0.003245  0.009920  -0.003040  0.999946  1.000000  0.000260  -0.000124  -0.000260  1.000000  0.000039  0.000124  -0.000039  1.000000  0.999834  0.016653  -0.007387  -0.016636  0.999859  0.002301  0.007424  -0.002177  0.999970  0.000249  0.023241  
45.264528 -0.004095  0.086399  0.008632  0.990621  0.112092  -0.078135  -0.109551  0.993326  0.036096  0.081660  -0.027197  0.996289  -0.004812  -0.014484  0.006336  0.138282  0.425326  0.928976  2.000000  0.999812  0.017696  -0.007877  -0.017677  0.999841  0.002467  0.007919  -0.002327  0.999966  0.999732  0.021012  -0.009715  -0.020981  0.999775  0.003267  0.009781  -0.003063  0.999947  1.000000  0.000262  -0.000122  -0.000262  1.000000  0.000040  0.000122  -0.000040  1.000000  0.999812  0.017696  -0.007877  -0.017677  0.999841  0.002467  0.007919  -0.002327  0.999966  0.000256  0.023366  
45.265769 -0.004099  0.086377  0.008641  0.990475  0.113126  -0.078496  -0.110567  0.993208  0.036220  0.082060  -0.027196  0.996256  -0.004509  -0.015031  0.006606  0.139155  0.429778  0.936269  2.000000  0.999789  0.018745  -0.008368  -0.018723  0.999821  0.002629  0.008416  -0.002472  0.999962  0.999731  0.021015  -0.009849  -0.020984  0.999775  0.003157  0.009913  -0.002950  0.999947  1.000000  0.000263  -0.000124  -0.000263  1.000000  0.000038  0.000124  -0.000038  1.000000  0.999789  0.018745  -0.008368  -0.018723  0.999821  0.002629  0.008416  -0.002472  0.999962  0.000261  0.023410  
45.266769 -0.004101  0.086360  0.008648  0.990351  0.113954  -0.078863  -0.111379  0.993114  0.036330  0.082460  -0.027196  0.996223  -0.004192  -0.015572  0.006801  0.139326  0.434901  0.942684  2.000000  0.999765  0.019791  -0.008856  -0.019767  0.999801  0.002791  0.008909  -0.002615  0.999957  0.999736  0.020805  -0.009721  -0.020775  0.999779  0.003146  0.009784  -0.002943  0.999948  1.000000  0.000260  -0.000122  -0.000260  1.000000  0.000038  0.000122  -0.000038  1.000000  0.999765  0.019791  -0.008856  -0.019767  0.999801  0.002791  0.008909  -0.002615  0.999957  0.000261  0.023167  
45.267770 -0.004104  0.086342  0.008654  0.990237  0.114779  -0.079098  -0.112192  0.993019  0.036425  0.082727  -0.027195  0.996201  -0.003927  -0.016001  0.006858  0.137213  0.433677  0.957077  2.000000  0.999739  0.020829  -0.009335  -0.020802  0.999779  0.002953  0.009395  -0.002758  0.999952  0.999742  0.020596  -0.009593  -0.020566  0.999784  0.003137  0.009655  -0.002939  0.999949  1.000000  0.000257  -0.000120  -0.000257  1.000000  0.000038  0.000120  -0.000038  1.000000  0.999739  0.020829  -0.009335  -0.020802  0.999779  0.002953  0.009395  -0.002758  0.999952  0.000264  0.022924  
45.269013 -0.004108  0.086318  0.008664  0.990088  0.115812  -0.079458  -0.113208  0.992899  0.036552  0.083127  -0.027194  0.996168  -0.003714  -0.016511  0.006953  0.133931  0.433991  0.969897  2.000000  0.999706  0.022111  -0.009926  -0.022081  0.999751  0.003150  0.009993  -0.002930  0.999946  0.999747  0.020386  -0.009465  -0.020358  0.999788  0.003007  0.009524  -0.002813  0.999951  1.000000  0.000255  -0.000119  -0.000255  1.000000  0.000036  0.000119  -0.000036  1.000000  0.999706  0.022111  -0.009926  -0.022081  0.999751  0.003150  0.009993  -0.002930  0.999946  0.000269  0.022666  
45.270014 -0.004111  0.086297  0.008671  0.989961  0.116641  -0.079825  -0.114019  0.992802  0.036663  0.083527  -0.027193  0.996134  -0.003588  -0.016988  0.007032  0.135415  0.437544  0.977806  2.000000  0.999679  0.023115  -0.010383  -0.023082  0.999728  0.003305  0.010456  -0.003064  0.999941  0.999760  0.019964  -0.009076  -0.019937  0.999797  0.002978  0.009133  -0.002796  0.999954  1.000000  0.000249  -0.000114  -0.000249  1.000000  0.000036  0.000114  -0.000036  1.000000  0.999679  0.023115  -0.010383  -0.023082  0.999728  0.003305  0.010456  -0.003064  0.999941  0.000270  0.022121  
45.271020 -0.004115  0.086277  0.008678  0.989868  0.117261  -0.080067  -0.114628  0.992729  0.036743  0.083793  -0.027192  0.996112  -0.003362  -0.017381  0.007068  0.131759  0.432468  0.971879  2.000000  0.999651  0.024098  -0.010828  -0.024062  0.999704  0.003456  0.010908  -0.003194  0.999935  0.999774  0.019340  -0.008826  -0.019316  0.999809  0.002811  0.008879  -0.002640  0.999957  1.000000  0.000242  -0.000111  -0.000242  1.000000  0.000034  0.000111  -0.000034  1.000000  0.999651  0.024098  -0.010828  -0.024062  0.999704  0.003456  0.010908  -0.003194  0.999935  0.000268  0.021434  
45.272269 -0.004119  0.086250  0.008687  0.989727  0.118300  -0.080280  -0.115644  0.992602  0.036976  0.084060  -0.027313  0.996086  -0.003272  -0.017931  0.007086  0.131436  0.428517  0.970602  2.000000  0.999622  0.025068  -0.011264  -0.025029  0.999680  0.003606  0.011351  -0.003323  0.999930  0.999775  0.019337  -0.008690  -0.019312  0.999809  0.002940  0.008745  -0.002771  0.999958  1.000000  0.000242  -0.000109  -0.000242  1.000000  0.000036  0.000109  -0.000036  1.000000  0.999622  0.025068  -0.011264  -0.025029  0.999680  0.003606  0.011351  -0.003323  0.999930  0.000268  0.021392  
45.273513 -0.004122  0.086223  0.008698  0.989609  0.119125  -0.080514  -0.116457  0.992504  0.037074  0.084327  -0.027312  0.996064  -0.003121  -0.018449  0.007121  0.130158  0.420773  0.955762  2.000000  0.999586  0.026262  -0.011788  -0.026219  0.999649  0.003791  0.011883  -0.003480  0.999923  0.999790  0.018709  -0.008306  -0.018687  0.999822  0.002772  0.008357  -0.002616  0.999962  1.000000  0.000234  -0.000104  -0.000234  1.000000  0.000034  0.000104  -0.000034  1.000000  0.999586  0.026262  -0.011788  -0.026219  0.999649  0.003791  0.011883  -0.003480  0.999923  0.000264  0.020648  
45.274765 -0.004127  0.086195  0.008708  0.989431  0.120371  -0.080850  -0.117675  0.992350  0.037341  0.084727  -0.027432  0.996027  -0.003081  -0.018999  0.007232  0.131197  0.415313  0.956502  2.000000  0.999548  0.027432  -0.012289  -0.027385  0.999617  0.003966  0.012393  -0.003627  0.999917  0.999794  0.018697  -0.007905  -0.018678  0.999822  0.002534  0.007951  -0.002386  0.999966  1.000000  0.000234  -0.000099  -0.000234  1.000000  0.000031  0.000099  -0.000031  1.000000  0.999548  0.027432  -0.012289  -0.027385  0.999617  0.003966  0.012393  -0.003627  0.999917  0.000263  0.020450  
45.276015 -0.004131  0.086165  0.008719  0.989287  0.121400  -0.081077  -0.118691  0.992225  0.037456  0.084993  -0.027431  0.996004  -0.003092  -0.019606  0.007402  0.130429  0.407432  0.948473  2.000000  0.999510  0.028593  -0.012767  -0.028542  0.999584  0.004136  0.012880  -0.003769  0.999910  0.999801  0.018481  -0.007508  -0.018463  0.999826  0.002521  0.007553  -0.002382  0.999969  1.000000  0.000231  -0.000094  -0.000231  1.000000  0.000031  0.000094  -0.000031  1.000000  0.999510  0.028593  -0.012767  -0.028542  0.999584  0.004136  0.012880  -0.003769  0.999910  0.000260  0.020099  
45.277015 -0.004135  0.086141  0.008727  0.989166  0.122224  -0.081310  -0.119503  0.992123  0.037554  0.085260  -0.027431  0.995981  -0.003177  -0.020104  0.007508  0.130872  0.397731  0.942237  2.000000  0.999478  0.029513  -0.013131  -0.029459  0.999557  0.004264  0.013251  -0.003875  0.999905  0.999808  0.018264  -0.007112  -0.018247  0.999831  0.002387  0.007155  -0.002257  0.999972  1.000000  0.000228  -0.000089  -0.000228  1.000000  0.000029  0.000089  -0.000029  1.000000  0.999478  0.029513  -0.013131  -0.029459  0.999557  0.004264  0.013251  -0.003875  0.999905  0.000259  0.019738  
45.278265 -0.004140  0.086110  0.008738  0.989045  0.123038  -0.081559  -0.120314  0.992026  0.037533  0.085527  -0.027309  0.995962  -0.003215  -0.020761  0.007672  0.121467  0.390164  0.927455  2.000000  0.999439  0.030626  -0.013550  -0.030569  0.999523  0.004405  0.013679  -0.003988  0.999898  0.999824  0.017628  -0.006464  -0.017616  0.999843  0.001976  0.006498  -0.001862  0.999977  1.000000  0.000220  -0.000081  -0.000220  1.000000  0.000024  0.000081  -0.000024  1.000000  0.999439  0.030626  -0.013550  -0.030569  0.999523  0.004405  0.013679  -0.003988  0.999898  0.000254  0.018875  
45.279268 -0.004144  0.086085  0.008747  0.988934  0.123859  -0.081660  -0.121127  0.991924  0.037616  0.085660  -0.027309  0.995950  -0.003301  -0.021266  0.007780  0.121751  0.375814  0.920910  2.000000  0.999408  0.031497  -0.013863  -0.031437  0.999496  0.004507  0.013998  -0.004068  0.999894  0.999829  0.017415  -0.006202  -0.017404  0.999847  0.001842  0.006233  -0.001733  0.999979  1.000000  0.000218  -0.000078  -0.000218  1.000000  0.000022  0.000078  -0.000022  1.000000  0.999408  0.031497  -0.013863  -0.031437  0.999496  0.004507  0.013998  -0.004068  0.999894  0.000251  0.018574  
45.280516 -0.004149  0.086055  0.008758  0.988761  0.125081  -0.081893  -0.122346  0.991774  0.037630  0.085926  -0.027188  0.995930  -0.003398  -0.021865  0.007911  0.113478  0.362543  0.913697  2.000000  0.999375  0.032381  -0.014153  -0.032318  0.999467  0.004601  0.014294  -0.004140  0.999889  0.999829  0.017604  -0.005663  -0.017595  0.999844  0.001619  0.005691  -0.001519  0.999983  1.000000  0.000220  -0.000071  -0.000220  1.000000  0.000020  0.000071  -0.000020  1.000000  0.999375  0.032381  -0.014153  -0.032318  0.999467  0.004601  0.014294  -0.004140  0.999889  0.000249  0.018560  
45.281531 -0.004153  0.086030  0.008766  0.988623  0.126096  -0.082002  -0.123362  0.991649  0.037610  0.086060  -0.027066  0.995922  -0.003528  -0.022329  0.008002  0.109617  0.348838  0.912577  2.000000  0.999342  0.033266  -0.014424  -0.033202  0.999438  0.004689  0.014571  -0.004207  0.999885  0.999828  0.017797  -0.005256  -0.017789  0.999840  0.001639  0.005285  -0.001545  0.999985  1.000000  0.000222  -0.000066  -0.000222  1.000000  0.000020  0.000066  -0.000020  1.000000  0.999342  0.033266  -0.014424  -0.033202  0.999438  0.004689  0.014571  -0.004207  0.999885  0.000246  0.018626  
45.282768 -0.004159  0.085998  0.008775  0.988458  0.127324  -0.082088  -0.124582  0.991492  0.037728  0.086193  -0.027066  0.995911  -0.003691  -0.022921  0.008062  0.105036  0.332743  0.905241  2.000000  0.999309  0.034161  -0.014679  -0.034094  0.999407  0.004768  0.014834  -0.004265  0.999881  0.999826  0.017994  -0.004985  -0.017987  0.999837  0.001416  0.005010  -0.001326  0.999987  1.000000  0.000225  -0.000062  -0.000225  1.000000  0.000017  0.000062  -0.000017  1.000000  0.999309  0.034161  -0.014679  -0.034094  0.999407  0.004768  0.014834  -0.004265  0.999881  0.000243  0.018723  
45.283768 -0.004163  0.085972  0.008782  0.988356  0.128131  -0.082072  -0.125396  0.991391  0.037676  0.086193  -0.026945  0.995914  -0.003758  -0.023384  0.007998  0.092867  0.313380  0.898464  2.000000  0.999274  0.035053  -0.014919  -0.034984  0.999376  0.004840  0.015079  -0.004315  0.999877  0.999831  0.017780  -0.004726  -0.017774  0.999841  0.001279  0.004748  -0.001195  0.999988  1.000000  0.000222  -0.000059  -0.000222  1.000000  0.000015  0.000059  -0.000015  1.000000  0.999274  0.035053  -0.014919  -0.034984  0.999376  0.004840  0.015079  -0.004315  0.999877  0.000241  0.018440  
45.284771 -0.004168  0.085947  0.008789  0.988214  0.129155  -0.082166  -0.126412  0.991258  0.037777  0.086326  -0.026945  0.995902  -0.003834  -0.023763  0.008033  0.089078  0.299807  0.898000  2.000000  0.999239  0.035939  -0.015143  -0.035869  0.999344  0.004910  0.015310  -0.004363  0.999873  0.999832  0.017772  -0.004458  -0.017767  0.999841  0.001282  0.004480  -0.001202  0.999989  1.000000  0.000222  -0.000056  -0.000222  1.000000  0.000016  0.000056  -0.000016  1.000000  0.999239  0.035939  -0.015143  -0.035869  0.999344  0.004910  0.015310  -0.004363  0.999873  0.000240  0.018366  
45.286018 -0.004174  0.085913  0.008798  0.988046  0.130373  -0.082267  -0.127631  0.991102  0.037775  0.086460  -0.026824  0.995894  -0.003994  -0.024239  0.008013  0.081350  0.277360  0.897454  2.000000  0.999195  0.037040  -0.015405  -0.036967  0.999304  0.004991  0.015579  -0.004417  0.999869  0.999838  0.017555  -0.004065  -0.017551  0.999845  0.001145  0.004084  -0.001074  0.999991  1.000000  0.000219  -0.000051  -0.000219  1.000000  0.000014  0.000051  -0.000014  1.000000  0.999195  0.037040  -0.015405  -0.036967  0.999304  0.004991  0.015579  -0.004417  0.999869  0.000238  0.018055  
45.287267 -0.004181  0.085880  0.008807  0.987850  0.131804  -0.082344  -0.129053  0.990913  0.037911  0.086593  -0.026824  0.995883  -0.004162  -0.024666  0.008017  0.078193  0.261721  0.904898  2.000000  0.999150  0.038144  -0.015647  -0.038069  0.999262  0.005070  0.015829  -0.004470  0.999865  0.999835  0.017752  -0.003791  -0.017748  0.999842  0.001165  0.003811  -0.001098  0.999992  1.000000  0.000222  -0.000048  -0.000222  1.000000  0.000014  0.000048  -0.000014  1.000000  0.999150  0.038144  -0.015647  -0.038069  0.999262  0.005070  0.015829  -0.004470  0.999865  0.000235  0.018189  
45.288518 -0.004187  0.085846  0.008817  0.987678  0.133032  -0.082430  -0.130272  0.990749  0.038030  0.086726  -0.026823  0.995871  -0.004372  -0.025142  0.007960  0.070453  0.236511  0.903083  2.000000  0.999112  0.039052  -0.015827  -0.038975  0.999227  0.005135  0.016015  -0.004514  0.999862  0.999825  0.018360  -0.003506  -0.018356  0.999831  0.001221  0.003528  -0.001156  0.999993  1.000000  0.000229  -0.000044  -0.000229  1.000000  0.000015  0.000044  -0.000015  1.000000  0.999112  0.039052  -0.015827  -0.038975  0.999227  0.005135  0.016015  -0.004514  0.999862  0.000235  0.018730  
45.289768 -0.004195  0.085811  0.008827  0.987505  0.134259  -0.082515  -0.131490  0.990583  0.038149  0.086860  -0.026823  0.995859  -0.004559  -0.025606  0.007916  0.066802  0.214000  0.902527  2.000000  0.999063  0.040207  -0.016039  -0.040128  0.999181  0.005219  0.016235  -0.004570  0.999858  0.999823  0.018557  -0.003233  -0.018553  0.999827  0.001241  0.003255  -0.001181  0.999994  1.000000  0.000232  -0.000041  -0.000232  1.000000  0.000015  0.000041  -0.000015  1.000000  0.999063  0.040207  -0.016039  -0.040128  0.999181  0.005219  0.016235  -0.004570  0.999858  0.000235  0.018877  
45.291015 -0.004202  0.085775  0.008838  0.987303  0.135680  -0.082608  -0.132911  0.990393  0.038166  0.086993  -0.026702  0.995851  -0.004716  -0.026048  0.007893  0.063603  0.200380  0.909002  2.000000  0.999012  0.041377  -0.016233  -0.041296  0.999133  0.005304  0.016438  -0.004628  0.999854  0.999820  0.018754  -0.002960  -0.018751  0.999823  0.001261  0.002983  -0.001205  0.999995  1.000000  0.000234  -0.000037  -0.000234  1.000000  0.000015  0.000037  -0.000015  1.000000  0.999012  0.041377  -0.016233  -0.041296  0.999133  0.005304  0.016438  -0.004628  0.999854  0.000234  0.019027  
45.292267 -0.004209  0.085738  0.008849  0.987115  0.136910  -0.082825  -0.134128  0.990223  0.038304  0.087259  -0.026701  0.995828  -0.004873  -0.026454  0.007947  0.059974  0.189577  0.908103  2.000000  0.998959  0.042572  -0.016410  -0.042489  0.999082  0.005383  0.016624  -0.004680  0.999851  0.999813  0.019156  -0.002683  -0.019153  0.999816  0.001178  0.002705  -0.001126  0.999996  1.000000  0.000239  -0.000034  -0.000239  1.000000  0.000014  0.000034  -0.000014  1.000000  0.998959  0.042572  -0.016410  -0.042489  0.999082  0.005383  0.016624  -0.004680  0.999851  0.000233  0.019379  
45.293518 -0.004216  0.085701  0.008861  0.986909  0.138341  -0.082902  -0.135548  0.990025  0.038441  0.087393  -0.026701  0.995816  -0.004985  -0.026818  0.008022  0.060780  0.177678  0.915312  2.000000  0.998904  0.043785  -0.016573  -0.043700  0.999030  0.005456  0.016796  -0.004726  0.999848  0.999805  0.019562  -0.002537  -0.019559  0.999808  0.001095  0.002558  -0.001045  0.999996  1.000000  0.000245  -0.000032  -0.000245  1.000000  0.000013  0.000032  -0.000013  1.000000  0.998904  0.043785  -0.016573  -0.043700  0.999030  0.005456  0.016796  -0.004726  0.999848  0.000234  0.019756  
45.294766 -0.004222  0.085663  0.008872  0.986673  0.139975  -0.082970  -0.137172  0.989795  0.038596  0.087526  -0.026701  0.995804  -0.005085  -0.027406  0.008072  0.062221  0.168383  0.929211  2.000000  0.998845  0.045033  -0.016727  -0.044946  0.998974  0.005532  0.016959  -0.004774  0.999845  0.999794  0.020173  -0.002386  -0.020170  0.999796  0.001151  0.002409  -0.001103  0.999996  1.000000  0.000252  -0.000030  -0.000252  1.000000  0.000014  0.000030  -0.000014  1.000000  0.998845  0.045033  -0.016727  -0.044946  0.998974  0.005532  0.016959  -0.004774  0.999845  0.000235  0.020346  
45.296015 -0.004228  0.085625  0.008883  0.986462  0.141405  -0.083046  -0.138592  0.989592  0.038734  0.087659  -0.026700  0.995793  -0.005131  -0.027924  0.008095  0.063672  0.157446  0.941364  2.000000  0.998785  0.046303  -0.016869  -0.046215  0.998916  0.005606  0.017111  -0.004819  0.999842  0.999785  0.020583  -0.002374  -0.020580  0.999788  0.001071  0.002396  -0.001022  0.999997  1.000000  0.000257  -0.000030  -0.000257  1.000000  0.000013  0.000030  -0.000013  1.000000  0.998785  0.046303  -0.016869  -0.046215  0.998916  0.005606  0.017111  -0.004819  0.999842  0.000240  0.020747  
45.297266 -0.004233  0.085586  0.008895  0.986221  0.143028  -0.083132  -0.140215  0.989362  0.038770  0.087793  -0.026579  0.995784  -0.005125  -0.028323  0.008210  0.061635  0.148037  0.961620  2.000000  0.998734  0.047352  -0.016979  -0.047262  0.998866  0.005660  0.017228  -0.004851  0.999840  0.999773  0.021193  -0.002225  -0.021191  0.999775  0.001007  0.002246  -0.000959  0.999997  1.000000  0.000265  -0.000028  -0.000265  1.000000  0.000012  0.000028  -0.000012  1.000000  0.998734  0.047352  -0.016979  -0.047262  0.998866  0.005660  0.017228  -0.004851  0.999840  0.000242  0.021334  
45.298278 -0.004237  0.085556  0.008905  0.986036  0.144253  -0.083216  -0.141431  0.989184  0.038891  0.087926  -0.026579  0.995772  -0.005075  -0.028688  0.008399  0.062978  0.140048  0.975942  2.000000  0.998681  0.048427  -0.017083  -0.048335  0.998815  0.005716  0.017339  -0.004883  0.999838  0.999765  0.021599  -0.002080  -0.021597  0.999766  0.001045  0.002102  -0.001000  0.999997  1.000000  0.000270  -0.000026  -0.000270  1.000000  0.000013  0.000026  -0.000013  1.000000  0.998681  0.048427  -0.017083  -0.048335  0.998815  0.005716  0.017339  -0.004883  0.999838  0.000245  0.021725  
45.299281 -0.004240  0.085524  0.008914  0.985837  0.145472  -0.083449  -0.142646  0.989009  0.038912  0.088192  -0.026457  0.995752  -0.004991  -0.029020  0.008567  0.060336  0.139707  0.989480  2.000000  0.998624  0.049537  -0.017182  -0.049444  0.998760  0.005776  0.017447  -0.004919  0.999836  0.999747  0.022415  -0.001925  -0.022413  0.999748  0.001120  0.001950  -0.001077  0.999998  1.000000  0.000280  -0.000024  -0.000280  1.000000  0.000014  0.000024  -0.000014  1.000000  0.998624  0.049537  -0.017182  -0.049444  0.998760  0.005776  0.017447  -0.004919  0.999836  0.000250  0.022526  
45.300518 -0.004244  0.085486  0.008926  0.985589  0.147094  -0.083534  -0.144268  0.988772  0.038949  0.088326  -0.026336  0.995743  -0.004784  -0.029429  0.008796  0.058937  0.130113  1.017327  2.000000  0.998551  0.050947  -0.017303  -0.050853  0.998689  0.005854  0.017578  -0.004966  0.999833  0.999747  0.022414  -0.001925  -0.022412  0.999748  0.001247  0.001953  -0.001204  0.999997  1.000000  0.000280  -0.000024  -0.000280  1.000000  0.000015  0.000024  -0.000015  1.000000  0.998551  0.050947  -0.017303  -0.050853  0.998689  0.005854  0.017578  -0.004966  0.999833  0.000253  0.022532  
45.301767 -0.004247  0.085446  0.008939  0.985338  0.148726  -0.083602  -0.145889  0.988528  0.039106  0.088459  -0.026336  0.995732  -0.004573  -0.029883  0.009039  0.056926  0.120512  1.037810  2.000000  0.998476  0.052373  -0.017416  -0.052277  0.998615  0.005931  0.017703  -0.005012  0.999831  0.999738  0.022824  -0.001916  -0.022822  0.999739  0.001165  0.001942  -0.001121  0.999997  1.000000  0.000285  -0.000024  -0.000285  1.000000  0.000014  0.000024  -0.000014  1.000000  0.998476  0.052373  -0.017416  -0.052277  0.998615  0.005931  0.017703  -0.005012  0.999831  0.000260  0.022935  
45.302769 -0.004249  0.085414  0.008949  0.985146  0.149950  -0.083685  -0.147104  0.988343  0.039229  0.088592  -0.026336  0.995720  -0.004400  -0.030271  0.009234  0.058366  0.118952  1.049629  2.000000  0.998413  0.053521  -0.017504  -0.053423  0.998554  0.005998  0.017800  -0.005054  0.999829  0.999738  0.022820  -0.001783  -0.022818  0.999739  0.001287  0.001812  -0.001246  0.999998  1.000000  0.000285  -0.000022  -0.000285  1.000000  0.000016  0.000022  -0.000016  1.000000  0.998413  0.053521  -0.017504  -0.053423  0.998554  0.005998  0.017800  -0.005054  0.999829  0.000263  0.022927  
45.304015 -0.004253  0.085373  0.008962  0.984933  0.151364  -0.083647  -0.148524  0.988130  0.039230  0.088592  -0.026215  0.995723  -0.004136  -0.030608  0.009354  0.055601  0.106364  1.065146  2.000000  0.998333  0.054969  -0.017613  -0.054870  0.998475  0.006084  0.017920  -0.005108  0.999826  0.999724  0.023434  -0.001768  -0.023432  0.999725  0.001344  0.001799  -0.001302  0.999998  1.000000  0.000293  -0.000022  -0.000293  1.000000  0.000017  0.000022  -0.000017  1.000000  0.998333  0.054969  -0.017613  -0.054870  0.998475  0.006084  0.017920  -0.005108  0.999826  0.000270  0.023540  
45.305018 -0.004255  0.085339  0.008972  0.984737  0.152588  -0.083730  -0.149739  0.987942  0.039353  0.088725  -0.026215  0.995711  -0.003904  -0.031026  0.009507  0.052851  0.105898  1.078621  2.000000  0.998282  0.055858  -0.017678  -0.055757  0.998425  0.006139  0.017993  -0.005142  0.999825  0.999714  0.023844  -0.001756  -0.023842  0.999715  0.001383  0.001789  -0.001341  0.999998  1.000000  0.000298  -0.000022  -0.000298  1.000000  0.000017  0.000022  -0.000017  1.000000  0.998282  0.055858  -0.017678  -0.055757  0.998425  0.006139  0.017993  -0.005142  0.999825  0.000271  0.023950  
45.306279 -0.004257  0.085297  0.008984  0.984477  0.154218  -0.083797  -0.151358  0.987689  0.039511  0.088859  -0.026214  0.995699  -0.003586  -0.031374  0.009594  0.054920  0.096309  1.098543  2.000000  0.998195  0.057365  -0.017787  -0.057262  0.998340  0.006236  0.018115  -0.005206  0.999822  0.999704  0.024254  -0.001745  -0.024251  0.999705  0.001544  0.001781  -0.001502  0.999997  1.000000  0.000303  -0.000022  -0.000303  1.000000  0.000019  0.000022  -0.000019  1.000000  0.998195  0.057365  -0.017787  -0.057262  0.998340  0.006236  0.018115  -0.005206  0.999822  0.000276  0.024366  
45.307515 -0.004260  0.085254  0.008998  0.984215  0.155848  -0.083864  -0.152978  0.987433  0.039669  0.088992  -0.026214  0.995687  -0.003297  -0.031813  0.009779  0.061673  0.094709  1.124174  2.000000  0.998122  0.058595  -0.017873  -0.058491  0.998268  0.006319  0.018212  -0.005262  0.999820  0.999694  0.024663  -0.001733  -0.024661  0.999695  0.001584  0.001771  -0.001541  0.999997  1.000000  0.000308  -0.000022  -0.000308  1.000000  0.000020  0.000022  -0.000020  1.000000  0.998122  0.058595  -0.017873  -0.058491  0.998268  0.006319  0.018212  -0.005262  0.999820  0.000282  0.024776  
45.308516 -0.004262  0.085219  0.009009  0.984013  0.157071  -0.083946  -0.154191  0.987239  0.039794  0.089125  -0.026214  0.995675  -0.003102  -0.032134  0.009899  0.063100  0.089890  1.137775  2.000000  0.998047  0.059835  -0.017959  -0.059729  0.998194  0.006403  0.018310  -0.005318  0.999818  0.999694  0.024663  -0.001733  -0.024660  0.999695  0.001587  0.001771  -0.001544  0.999997  1.000000  0.000308  -0.000022  -0.000308  1.000000  0.000020  0.000022  -0.000020  1.000000  0.998047  0.059835  -0.017959  -0.059729  0.998194  0.006403  0.018310  -0.005318  0.999818  0.000285  0.024776  
