1-Time 2-Px 3-Py 4-Pz 5-R11 6-R21 7-R31 8-R12 9-R22 10-R32 11-R13 12-R23 13-R33 14-Vx 15-Vy 16-Vz 17-Wx 18-Wy 19-Wz 20-state 21-PR11 22-PR21 23-PR31 24-PR12 25-PR22 26-PR32 27-PR13 28-PR23 29-PR33 
63.328671 0.011081  0.087818  -0.007653  0.994878  0.100390  -0.011801  -0.100081  0.994681  0.024348  0.014182  -0.023042  0.999634  0.000471  0.001388  0.000320  0.000000  0.000000  0.000000  2.000000  1.000000  0.000000  0.000000  0.000000  1.000000  0.000000  0.000000  0.000000  1.000000  1.000000  -0.000209  0.000129  0.000209  1.000000  -0.000003  -0.000129  0.000003  1.000000  1.000000  0.000000  0.000000  0.000000  1.000000  0.000000  0.000000  0.000000  1.000000  0.717602  0.518336  0.465162  -0.526357  0.841005  -0.125135  -0.456066  -0.155044  0.876336  0.000000  0.000000  
63.329674 0.011082  0.087819  -0.007652  0.994858  0.100595  -0.011796  -0.100286  0.994661  0.024350  0.014182  -0.023042  0.999634  0.000512  0.001387  0.000353  0.000000  0.000000  0.000000  2.000000  1.000000  0.000000  0.000000  0.000000  1.000000  0.000000  0.000000  0.000000  1.000000  1.000000  -0.000415  0.000124  0.000415  1.000000  -0.000006  -0.000124  0.000006  1.000000  1.000000  0.000000  0.000000  0.000000  1.000000  0.000000  0.000000  0.000000  1.000000  1.000000  0.000000  0.000000  0.000000  1.000000  0.000000  0.000000  0.000000  1.000000  0.000000  0.000000  
63.330926 0.011084  0.087817  -0.007656  0.994816  0.101006  -0.011773  -0.100696  0.994616  0.024476  0.014182  -0.023163  0.999631  0.000612  0.001121  0.000078  0.000000  0.000000  0.000000  2.000000  1.000000  0.000000  0.000000  0.000000  1.000000  0.000000  0.000000  0.000000  1.000000  1.000000  0.000206  0.000005  -0.000206  1.000000  0.000124  -0.000005  -0.000124  1.000000  1.000000  0.000000  0.000000  0.000000  1.000000  0.000000  0.000000  0.000000  1.000000  1.000000  0.000000  0.000000  0.000000  1.000000  0.000000  0.000000  0.000000  1.000000  0.000000  0.000000  
63.332183 0.011087  0.087814  -0.007660  0.994754  0.101620  -0.011758  -0.101310  0.994554  0.024483  0.014182  -0.023163  0.999631  0.000748  0.000817  -0.000261  0.000000  0.000000  0.000000  2.000000  1.000000  0.000000  0.000000  0.000000  1.000000  0.000000  0.000000  0.000000  1.000000  1.000000  0.000823  0.000019  -0.000823  1.000000  0.000133  -0.000019  -0.000133  1.000000  1.000000  0.000000  0.000000  0.000000  1.000000  0.000000  0.000000  0.000000  1.000000  1.000000  0.000000  0.000000  0.000000  1.000000  0.000000  0.000000  0.000000  1.000000  0.000000  0.000000  
63.333422 0.011090  0.087811  -0.007664  0.994712  0.102031  -0.011736  -0.101720  0.994509  0.024608  0.014182  -0.023285  0.999628  0.000968  0.000513  -0.000532  0.000000  0.000000  0.000000  2.000000  1.000000  0.000000  0.000000  0.000000  1.000000  0.000000  0.000000  0.000000  1.000000  0.999999  0.001441  0.000034  -0.001441  0.999999  0.000263  -0.000033  -0.000263  1.000000  1.000000  0.000000  0.000000  0.000000  1.000000  0.000000  0.000000  0.000000  1.000000  1.000000  0.000000  0.000000  0.000000  1.000000  0.000000  0.000000  0.000000  1.000000  0.000000  0.000000  
63.334425 0.011094  0.087808  -0.007667  0.994691  0.102237  -0.011718  -0.101924  0.994485  0.024732  0.014182  -0.023406  0.999625  0.001174  0.000213  -0.000766  0.000000  0.000000  0.000000  2.000000  1.000000  0.000000  0.000000  0.000000  1.000000  0.000000  0.000000  0.000000  1.000000  0.999999  0.001646  0.000039  -0.001646  0.999999  0.000387  -0.000038  -0.000387  1.000000  1.000000  0.000000  0.000000  0.000000  1.000000  0.000000  0.000000  0.000000  1.000000  1.000000  0.000000  0.000000  0.000000  1.000000  0.000000  0.000000  0.000000  1.000000  0.000000  0.000000  
63.335672 0.011100  0.087806  -0.007671  0.994626  0.102856  -0.011824  -0.102539  0.994418  0.024873  0.014316  -0.023527  0.999621  0.001541  -0.000051  -0.001072  0.000000  0.000000  0.000000  2.000000  1.000000  0.000000  0.000000  0.000000  1.000000  0.000000  0.000000  0.000000  1.000000  0.999998  0.002061  -0.000086  -0.002061  0.999998  0.000393  0.000086  -0.000393  1.000000  1.000000  0.000000  0.000000  0.000000  1.000000  0.000000  0.000000  0.000000  1.000000  1.000000  0.000000  0.000000  0.000000  1.000000  0.000000  0.000000  0.000000  1.000000  0.000000  0.000000  
63.336673 0.011105  0.087805  -0.007674  0.994561  0.103473  -0.011941  -0.103153  0.994354  0.024894  0.014450  -0.023527  0.999619  0.001882  -0.000217  -0.001267  0.000000  0.000000  0.000000  2.000000  1.000000  0.000000  0.000000  0.000000  1.000000  0.000000  0.000000  0.000000  1.000000  0.999996  0.002682  -0.000205  -0.002681  0.999996  0.000524  0.000206  -0.000523  1.000000  1.000000  0.000000  0.000000  0.000000  1.000000  0.000000  0.000000  0.000000  1.000000  1.000000  0.000000  0.000000  0.000000  1.000000  0.000000  0.000000  0.000000  1.000000  0.000000  0.000000  
63.337922 0.011112  0.087802  -0.007678  0.994473  0.104296  -0.012041  -0.103971  0.994265  0.025039  0.014584  -0.023648  0.999614  0.002292  -0.000482  -0.001540  0.000000  0.000000  0.000000  2.000000  1.000000  0.000000  0.000000  0.000000  1.000000  0.000000  0.000000  0.000000  1.000000  0.999994  0.003508  -0.000318  -0.003508  0.999994  0.000657  0.000321  -0.000656  1.000000  1.000000  0.000000  0.000000  0.000000  1.000000  0.000000  0.000000  0.000000  1.000000  1.000000  0.000000  0.000000  0.000000  1.000000  0.000000  0.000000  0.000000  1.000000  0.000000  0.000000  
63.339172 0.011118  0.087799  -0.007683  0.994387  0.105115  -0.012021  -0.104790  0.994179  0.025048  0.014584  -0.023648  0.999614  0.002705  -0.000814  -0.001898  0.000000  0.000000  0.000000  2.000000  1.000000  0.000000  0.000000  0.000000  1.000000  0.000000  0.000000  0.000000  1.000000  0.999991  0.004331  -0.000299  -0.004331  0.999990  0.000669  0.000302  -0.000668  1.000000  1.000000  0.000000  0.000000  0.000000  1.000000  0.000000  0.000000  0.000000  1.000000  1.000000  0.000000  0.000000  0.000000  1.000000  0.000000  0.000000  0.000000  1.000000  0.000000  0.000000  
63.340420 0.011125  0.087797  -0.007689  0.994277  0.106143  -0.012115  -0.105814  0.994067  0.025196  0.014717  -0.023769  0.999609  0.003151  -0.001133  -0.002381  0.027073  0.009277  0.180157  2.000000  1.000000  0.000132  -0.000010  -0.000132  1.000000  0.000019  0.000010  -0.000019  1.000000  0.999986  0.005363  -0.000408  -0.005363  0.999985  0.000806  0.000412  -0.000804  1.000000  1.000000  0.000067  -0.000005  -0.000067  1.000000  0.000010  0.000005  -0.000010  1.000000  1.000000  0.000132  -0.000010  -0.000132  1.000000  0.000019  0.000010  -0.000019  1.000000  0.000044  0.005439  
63.341420 0.011132  0.087796  -0.007694  0.994190  0.106962  -0.012094  -0.106632  0.993979  0.025205  0.014717  -0.023769  0.999609  0.003473  -0.001242  -0.002706  0.027237  0.013018  0.206235  2.000000  1.000000  0.000425  -0.000030  -0.000425  1.000000  0.000059  0.000030  -0.000059  1.000000  0.999981  0.006186  -0.000388  -0.006186  0.999981  0.000818  0.000393  -0.000816  1.000000  1.000000  0.000077  -0.000005  -0.000077  1.000000  0.000010  0.000005  -0.000010  1.000000  1.000000  0.000425  -0.000030  -0.000425  1.000000  0.000059  0.000030  -0.000059  1.000000  0.000050  0.006252  
63.342422 0.011139  0.087795  -0.007699  0.994103  0.107777  -0.011940  -0.107451  0.993891  0.025201  0.014584  -0.023769  0.999611  0.003963  -0.001422  -0.003077  0.027842  0.007980  0.235461  2.000000  1.000000  0.000760  -0.000046  -0.000760  1.000000  0.000100  0.000046  -0.000100  1.000000  0.999975  0.007006  -0.000235  -0.007006  0.999975  0.000829  0.000240  -0.000828  1.000000  1.000000  0.000088  -0.000003  -0.000088  1.000000  0.000010  0.000003  -0.000010  1.000000  1.000000  0.000760  -0.000046  -0.000760  1.000000  0.000100  0.000046  -0.000100  1.000000  0.000058  0.007059  
63.343425 0.011146  0.087793  -0.007703  0.994013  0.108599  -0.012053  -0.108270  0.993801  0.025225  0.014717  -0.023769  0.999609  0.004372  -0.001663  -0.003396  0.028354  0.011664  0.270111  2.000000  0.999999  0.001137  -0.000062  -0.001137  0.999999  0.000142  0.000062  -0.000142  1.000000  0.999969  0.007833  -0.000349  -0.007832  0.999969  0.000842  0.000355  -0.000839  1.000000  1.000000  0.000098  -0.000004  -0.000098  1.000000  0.000011  0.000004  -0.000011  1.000000  0.999999  0.001137  -0.000062  -0.001137  0.999999  0.000142  0.000062  -0.000142  1.000000  0.000066  0.007886  
63.344426 0.011153  0.087791  -0.007708  0.993923  0.109417  -0.012032  -0.109088  0.993712  0.025235  0.014717  -0.023769  0.999609  0.004754  -0.001852  -0.003672  0.028751  0.011015  0.297747  2.000000  0.999999  0.001451  -0.000075  -0.001451  0.999999  0.000174  0.000075  -0.000174  1.000000  0.999962  0.008656  -0.000329  -0.008656  0.999962  0.000854  0.000336  -0.000851  1.000000  1.000000  0.000108  -0.000004  -0.000108  1.000000  0.000011  0.000004  -0.000011  1.000000  0.999999  0.001451  -0.000075  -0.001451  0.999999  0.000174  0.000075  -0.000174  1.000000  0.000073  0.008704  
63.345676 0.011162  0.087787  -0.007715  0.993786  0.110647  -0.012134  -0.110316  0.993575  0.025265  0.014851  -0.023769  0.999607  0.005282  -0.002009  -0.003999  0.029374  0.014539  0.339348  2.000000  0.999998  0.002041  -0.000099  -0.002041  0.999998  0.000228  0.000100  -0.000228  1.000000  0.999951  0.009894  -0.000433  -0.009893  0.999951  0.000873  0.000442  -0.000869  1.000000  1.000000  0.000124  -0.000005  -0.000124  1.000000  0.000011  0.000005  -0.000011  1.000000  0.999998  0.002041  -0.000099  -0.002041  0.999998  0.000228  0.000100  -0.000228  1.000000  0.000084  0.009942  
63.346927 0.011171  0.087782  -0.007721  0.993670  0.111675  -0.012227  -0.111338  0.993458  0.025413  0.014985  -0.023891  0.999602  0.005741  -0.002149  -0.004106  0.033975  0.018200  0.374009  2.000000  0.999996  0.002698  -0.000131  -0.002698  0.999996  0.000283  0.000131  -0.000283  1.000000  0.999940  0.010926  -0.000542  -0.010925  0.999940  0.000890  0.000552  -0.000884  0.999999  1.000000  0.000137  -0.000007  -0.000137  1.000000  0.000011  0.000007  -0.000011  1.000000  0.999996  0.002698  -0.000131  -0.002698  0.999996  0.000283  0.000131  -0.000283  1.000000  0.000092  0.010975  
63.348176 0.011181  0.087776  -0.007726  0.993576  0.112496  -0.012339  -0.112156  0.993365  0.025438  0.015119  -0.023891  0.999600  0.006093  -0.002337  -0.004177  0.034406  0.022045  0.401777  2.000000  0.999994  0.003414  -0.000164  -0.003414  0.999994  0.000347  0.000165  -0.000346  1.000000  0.999931  0.011749  -0.000521  -0.011748  0.999930  0.001023  0.000533  -0.001017  0.999999  1.000000  0.000147  -0.000007  -0.000147  1.000000  0.000013  0.000007  -0.000013  1.000000  0.999994  0.003414  -0.000164  -0.003414  0.999994  0.000347  0.000165  -0.000346  1.000000  0.000099  0.011805  
63.349193 0.011189  0.087771  -0.007730  0.993483  0.113315  -0.012304  -0.112974  0.993269  0.025568  0.015119  -0.024012  0.999597  0.006437  -0.002481  -0.004223  0.038864  0.021358  0.429194  2.000000  0.999992  0.004030  -0.000196  -0.004030  0.999992  0.000402  0.000198  -0.000401  1.000000  0.999918  0.012781  -0.000629  -0.012780  0.999918  0.001161  0.000643  -0.001153  0.999999  1.000000  0.000160  -0.000008  -0.000160  1.000000  0.000014  0.000008  -0.000014  1.000000  0.999992  0.004030  -0.000196  -0.004030  0.999992  0.000402  0.000198  -0.000401  1.000000  0.000106  0.012849  
63.350422 0.011200  0.087763  -0.007736  0.993368  0.114336  -0.012131  -0.113997  0.993149  0.025686  0.014985  -0.024133  0.999596  0.006831  -0.002881  -0.004403  0.043444  0.016036  0.463970  2.000000  0.999989  0.004700  -0.000227  -0.004700  0.999989  0.000463  0.000229  -0.000462  1.000000  0.999907  0.013604  -0.000607  -0.013604  0.999907  0.001295  0.000625  -0.001286  0.999999  1.000000  0.000170  -0.000008  -0.000170  1.000000  0.000016  0.000008  -0.000016  1.000000  0.999989  0.004700  -0.000227  -0.004700  0.999989  0.000463  0.000229  -0.000462  1.000000  0.000115  0.013679  
63.351423 0.011211  0.087756  -0.007742  0.993274  0.115155  -0.012096  -0.114815  0.993051  0.025817  0.014985  -0.024254  0.999594  0.007139  -0.003239  -0.004612  0.047922  0.015353  0.491621  2.000000  0.999985  0.005401  -0.000250  -0.005401  0.999985  0.000523  0.000253  -0.000522  1.000000  0.999902  0.014013  -0.000463  -0.014012  0.999901  0.001178  0.000480  -0.001171  0.999999  1.000000  0.000175  -0.000006  -0.000175  1.000000  0.000015  0.000006  -0.000015  1.000000  0.999985  0.005401  -0.000250  -0.005401  0.999985  0.000523  0.000253  -0.000522  1.000000  0.000122  0.014070  
63.352672 0.011223  0.087746  -0.007752  0.993155  0.116178  -0.012069  -0.115838  0.992932  0.025829  0.014985  -0.024254  0.999594  0.007576  -0.003786  -0.005007  0.048434  0.014537  0.526285  2.000000  0.999981  0.006124  -0.000273  -0.006124  0.999981  0.000589  0.000276  -0.000587  1.000000  0.999893  0.014630  -0.000446  -0.014629  0.999892  0.001308  0.000466  -0.001301  0.999999  1.000000  0.000183  -0.000006  -0.000183  1.000000  0.000016  0.000006  -0.000016  1.000000  0.999981  0.006124  -0.000273  -0.006124  0.999981  0.000589  0.000276  -0.000587  1.000000  0.000130  0.014695  
63.353922 0.011235  0.087735  -0.007763  0.993059  0.116997  -0.012034  -0.116655  0.992833  0.025960  0.014985  -0.024376  0.999591  0.007887  -0.004315  -0.005420  0.052907  0.013847  0.553874  2.000000  0.999975  0.007049  -0.000300  -0.007049  0.999975  0.000674  0.000305  -0.000671  1.000000  0.999890  0.014836  -0.000440  -0.014835  0.999889  0.001311  0.000459  -0.001304  0.999999  1.000000  0.000185  -0.000006  -0.000185  1.000000  0.000016  0.000006  -0.000016  1.000000  0.999975  0.007049  -0.000300  -0.007049  0.999975  0.000674  0.000305  -0.000671  1.000000  0.000137  0.014900  
63.355170 0.011248  0.087724  -0.007774  0.992963  0.117816  -0.011998  -0.117473  0.992733  0.026090  0.014985  -0.024497  0.999588  0.008300  -0.004903  -0.005744  0.057398  0.013159  0.581656  2.000000  0.999968  0.008002  -0.000327  -0.008002  0.999968  0.000757  0.000333  -0.000755  1.000000  0.999881  0.015453  -0.000423  -0.015453  0.999880  0.001320  0.000443  -0.001313  0.999999  1.000000  0.000193  -0.000005  -0.000193  1.000000  0.000016  0.000005  -0.000016  1.000000  0.999968  0.008002  -0.000327  -0.008002  0.999968  0.000757  0.000333  -0.000755  1.000000  0.000144  0.015516  
63.356420 0.011261  0.087713  -0.007785  0.992866  0.118635  -0.011962  -0.118291  0.992633  0.026220  0.014985  -0.024618  0.999585  0.008603  -0.005525  -0.006065  0.061376  0.012362  0.604375  2.000000  0.999960  0.008983  -0.000351  -0.008983  0.999959  0.000842  0.000359  -0.000838  1.000000  0.999874  0.015861  -0.000277  -0.015861  0.999873  0.001447  0.000300  -0.001443  0.999999  1.000000  0.000198  -0.000004  -0.000198  1.000000  0.000018  0.000004  -0.000018  1.000000  0.999960  0.008983  -0.000351  -0.008983  0.999959  0.000842  0.000359  -0.000838  1.000000  0.000150  0.015930  
63.357670 0.011275  0.087702  -0.007796  0.992770  0.119449  -0.011808  -0.119109  0.992535  0.026214  0.014851  -0.024618  0.999587  0.008926  -0.006216  -0.006441  0.061760  0.007252  0.631973  2.000000  0.999950  0.009969  -0.000360  -0.009969  0.999950  0.000924  0.000369  -0.000921  1.000000  0.999878  0.015649  -0.000014  -0.015649  0.999877  0.001321  0.000035  -0.001321  0.999999  1.000000  0.000196  -0.000000  -0.000196  1.000000  0.000017  0.000000  -0.000017  1.000000  0.999950  0.009969  -0.000360  -0.009969  0.999950  0.000924  0.000369  -0.000921  1.000000  0.000158  0.015705  
63.358672 0.011285  0.087692  -0.007805  0.992696  0.120063  -0.011777  -0.119722  0.992458  0.026342  0.014851  -0.024739  0.999584  0.009212  -0.006818  -0.006770  0.066734  0.006610  0.664708  2.000000  0.999942  0.010757  -0.000356  -0.010757  0.999942  0.000984  0.000366  -0.000981  0.999999  0.999878  0.015646  0.000119  -0.015646  0.999877  0.001200  -0.000101  -0.001201  0.999999  1.000000  0.000196  0.000001  -0.000196  1.000000  0.000015  -0.000001  -0.000015  1.000000  0.999942  0.010757  -0.000356  -0.010757  0.999942  0.000984  0.000366  -0.000981  0.999999  0.000165  0.015693  
63.359676 0.011295  0.087682  -0.007813  0.992649  0.120468  -0.011634  -0.120131  0.992409  0.026330  0.014717  -0.024739  0.999586  0.009443  -0.007251  -0.006905  0.066778  0.001947  0.671410  2.000000  0.999933  0.011531  -0.000350  -0.011531  0.999933  0.001050  0.000362  -0.001046  0.999999  0.999881  0.015440  0.000116  -0.015440  0.999880  0.001318  -0.000096  -0.001320  0.999999  1.000000  0.000193  0.000001  -0.000193  1.000000  0.000016  -0.000001  -0.000016  1.000000  0.999933  0.011531  -0.000350  -0.011531  0.999933  0.001050  0.000362  -0.001046  0.999999  0.000167  0.015497  
63.360932 0.011308  0.087670  -0.007822  0.992599  0.120877  -0.011623  -0.120539  0.992359  0.026335  0.014717  -0.024739  0.999586  0.009643  -0.007804  -0.007100  0.062589  0.002072  0.664363  2.000000  0.999924  0.012298  -0.000334  -0.012298  0.999924  0.001116  0.000347  -0.001112  0.999999  0.999884  0.015228  0.000379  -0.015228  0.999883  0.001313  -0.000359  -0.001319  0.999999  1.000000  0.000190  0.000005  -0.000190  1.000000  0.000016  -0.000005  -0.000016  1.000000  0.999924  0.012298  -0.000334  -0.012298  0.999924  0.001116  0.000347  -0.001112  0.999999  0.000167  0.015290  
63.362182 0.011321  0.087658  -0.007831  0.992527  0.121487  -0.011474  -0.121153  0.992285  0.026326  0.014584  -0.024739  0.999588  0.009895  -0.008248  -0.007278  0.062137  -0.002568  0.665735  2.000000  0.999912  0.013229  -0.000305  -0.013229  0.999912  0.001190  0.000321  -0.001186  0.999999  0.999890  0.014813  0.000502  -0.014813  0.999890  0.001184  -0.000484  -0.001191  0.999999  1.000000  0.000185  0.000006  -0.000185  1.000000  0.000015  -0.000006  -0.000015  1.000000  0.999912  0.013229  -0.000305  -0.013229  0.999912  0.001190  0.000321  -0.001186  0.999999  0.000169  0.014869  
63.363428 0.011334  0.087646  -0.007840  0.992454  0.122096  -0.011325  -0.121766  0.992210  0.026317  0.014450  -0.024739  0.999589  0.010053  -0.008669  -0.007559  0.058629  -0.007292  0.678058  2.000000  0.999900  0.014132  -0.000275  -0.014131  0.999899  0.001263  0.000293  -0.001259  0.999999  0.999899  0.014195  0.000487  -0.014196  0.999899  0.001173  -0.000470  -0.001180  0.999999  1.000000  0.000177  0.000006  -0.000177  1.000000  0.000015  -0.000006  -0.000015  1.000000  0.999900  0.014132  -0.000275  -0.014131  0.999899  0.001263  0.000293  -0.001259  0.999999  0.000167  0.014253  
63.364676 0.011345  0.087631  -0.007850  0.992403  0.122503  -0.011329  -0.122174  0.992163  0.026201  0.014450  -0.024618  0.999592  0.010115  -0.009168  -0.007851  0.050476  -0.007292  0.678064  2.000000  0.999887  0.015001  -0.000236  -0.015000  0.999887  0.001336  0.000257  -0.001332  0.999999  0.999908  0.013575  0.000605  -0.013575  0.999907  0.001164  -0.000589  -0.001173  0.999999  1.000000  0.000170  0.000007  -0.000170  1.000000  0.000015  -0.000007  -0.000015  1.000000  0.999887  0.015001  -0.000236  -0.015000  0.999887  0.001336  0.000257  -0.001332  0.999999  0.000170  0.013639  
63.365929 0.011356  0.087616  -0.007860  0.992355  0.122908  -0.011185  -0.122583  0.992113  0.026190  0.014316  -0.024618  0.999594  0.009990  -0.009642  -0.008100  0.046294  -0.016156  0.670852  2.000000  0.999875  0.015818  -0.000189  -0.015818  0.999874  0.001400  0.000211  -0.001397  0.999999  0.999918  0.012745  0.000850  -0.012746  0.999918  0.001030  -0.000837  -0.001041  0.999999  1.000000  0.000159  0.000011  -0.000159  1.000000  0.000013  -0.000011  -0.000013  1.000000  0.999875  0.015818  -0.000189  -0.015818  0.999874  0.001400  0.000211  -0.001397  0.999999  0.000169  0.012816  
63.367177 0.011366  0.087601  -0.007872  0.992304  0.123317  -0.011174  -0.122992  0.992062  0.026194  0.014316  -0.024618  0.999594  0.009890  -0.009998  -0.008278  0.042113  -0.024855  0.656873  2.000000  0.999862  0.016589  -0.000132  -0.016589  0.999861  0.001464  0.000157  -0.001461  0.999999  0.999926  0.012125  0.000969  -0.012126  0.999926  0.001021  -0.000956  -0.001033  0.999999  1.000000  0.000152  0.000012  -0.000152  1.000000  0.000013  -0.000012  -0.000013  1.000000  0.999862  0.016589  -0.000132  -0.016589  0.999861  0.001464  0.000157  -0.001461  0.999999  0.000166  0.012207  
63.368440 0.011377  0.087585  -0.007884  0.992254  0.123725  -0.011164  -0.123400  0.992011  0.026199  0.014316  -0.024618  0.999594  0.009797  -0.010336  -0.008340  0.041791  -0.024342  0.635794  2.000000  0.999850  0.017318  -0.000072  -0.017318  0.999849  0.001521  0.000098  -0.001519  0.999999  0.999933  0.011507  0.000954  -0.011508  0.999933  0.000891  -0.000943  -0.000902  0.999999  1.000000  0.000144  0.000012  -0.000144  1.000000  0.000011  -0.000012  -0.000011  1.000000  0.999850  0.017318  -0.000072  -0.017318  0.999849  0.001521  0.000098  -0.001519  0.999999  0.000160  0.011582  
63.369674 0.011388  0.087570  -0.007894  0.992230  0.123926  -0.011026  -0.123605  0.991986  0.026185  0.014182  -0.024618  0.999596  0.009694  -0.010592  -0.008305  0.041519  -0.032849  0.615245  2.000000  0.999840  0.017883  -0.000017  -0.017883  0.999839  0.001563  0.000045  -0.001562  0.999999  0.999938  0.011089  0.001211  -0.011090  0.999938  0.000763  -0.001202  -0.000776  0.999999  1.000000  0.000139  0.000015  -0.000139  1.000000  0.000010  -0.000015  -0.000010  1.000000  0.999840  0.017883  -0.000017  -0.017883  0.999839  0.001563  0.000045  -0.001562  0.999999  0.000156  0.011182  
63.370922 0.011398  0.087555  -0.007905  0.992179  0.124335  -0.011015  -0.124013  0.991935  0.026189  0.014182  -0.024618  0.999596  0.009509  -0.010857  -0.008280  0.036934  -0.032283  0.596437  2.000000  0.999828  0.018540  0.000058  -0.018540  0.999827  0.001606  -0.000028  -0.001607  0.999999  0.999949  0.010060  0.001185  -0.010061  0.999949  0.000627  -0.001179  -0.000639  0.999999  1.000000  0.000126  0.000015  -0.000126  1.000000  0.000008  -0.000015  -0.000008  1.000000  0.999828  0.018540  0.000058  -0.018540  0.999827  0.001606  -0.000028  -0.001607  0.999999  0.000150  0.010150  
63.371923 0.011406  0.087541  -0.007915  0.992156  0.124536  -0.010877  -0.124218  0.991910  0.026175  0.014048  -0.024618  0.999598  0.009281  -0.011169  -0.008321  0.036555  -0.031781  0.575787  2.000000  0.999819  0.019028  0.000112  -0.019028  0.999818  0.001636  -0.000081  -0.001638  0.999999  0.999953  0.009649  0.001175  -0.009649  0.999953  0.000620  -0.001169  -0.000631  0.999999  1.000000  0.000121  0.000015  -0.000121  1.000000  0.000008  -0.000015  -0.000008  1.000000  0.999819  0.019028  0.000112  -0.019028  0.999818  0.001636  -0.000081  -0.001638  0.999999  0.000146  0.009740  
63.373172 0.011414  0.087523  -0.007929  0.992132  0.124737  -0.010739  -0.124422  0.991884  0.026160  0.013915  -0.024618  0.999600  0.008975  -0.011568  -0.008509  0.036169  -0.040042  0.548248  2.000000  0.999808  0.019587  0.000185  -0.019587  0.999807  0.001666  -0.000152  -0.001669  0.999999  0.999962  0.008620  0.001150  -0.008620  0.999963  0.000484  -0.001145  -0.000494  0.999999  1.000000  0.000108  0.000014  -0.000108  1.000000  0.000006  -0.000014  -0.000006  1.000000  0.999808  0.019587  0.000185  -0.019587  0.999807  0.001666  -0.000152  -0.001669  0.999999  0.000139  0.008710  
63.374172 0.011422  0.087509  -0.007941  0.992106  0.124941  -0.010733  -0.124627  0.991859  0.026163  0.013915  -0.024618  0.999600  0.008729  -0.011896  -0.008861  0.035882  -0.039553  0.527775  2.000000  0.999800  0.020000  0.000249  -0.020000  0.999799  0.001683  -0.000215  -0.001687  0.999999  0.999966  0.008205  0.001273  -0.008205  0.999966  0.000356  -0.001270  -0.000367  0.999999  1.000000  0.000103  0.000016  -0.000103  1.000000  0.000005  -0.000016  -0.000005  1.000000  0.999800  0.020000  0.000249  -0.020000  0.999799  0.001683  -0.000215  -0.001687  0.999999  0.000134  0.008311  
63.375422 0.011429  0.087491  -0.007957  0.992082  0.125142  -0.010595  -0.124831  0.991833  0.026148  0.013781  -0.024618  0.999602  0.008431  -0.012326  -0.009307  0.035578  -0.047861  0.490321  2.000000  0.999790  0.020487  0.000333  -0.020487  0.999789  0.001700  -0.000298  -0.001707  0.999998  0.999970  0.007584  0.001392  -0.007585  0.999971  0.000226  -0.001390  -0.000236  0.999999  1.000000  0.000095  0.000017  -0.000095  1.000000  0.000003  -0.000017  -0.000003  1.000000  0.999790  0.020487  0.000333  -0.020487  0.999789  0.001700  -0.000298  -0.001707  0.999998  0.000126  0.007715  
63.376426 0.011436  0.087476  -0.007970  0.992033  0.125547  -0.010452  -0.125240  0.991782  0.026136  0.013647  -0.024619  0.999604  0.008216  -0.012703  -0.009737  0.035183  -0.056215  0.479156  2.000000  0.999784  0.020763  0.000387  -0.020764  0.999783  0.001708  -0.000352  -0.001715  0.999998  0.999972  0.007375  0.001520  -0.007376  0.999973  0.000222  -0.001519  -0.000233  0.999999  1.000000  0.000092  0.000019  -0.000092  1.000000  0.000003  -0.000019  -0.000003  1.000000  0.999784  0.020763  0.000387  -0.020764  0.999783  0.001708  -0.000352  -0.001715  0.999998  0.000120  0.007534  
63.377701 0.011444  0.087458  -0.007986  0.992007  0.125750  -0.010462  -0.125444  0.991759  0.026018  0.013647  -0.024497  0.999607  0.007808  -0.013023  -0.010159  0.026898  -0.055956  0.455015  2.000000  0.999775  0.021201  0.000482  -0.021202  0.999774  0.001707  -0.000445  -0.001717  0.999998  0.999976  0.006758  0.001504  -0.006758  0.999977  -0.000029  -0.001504  0.000019  0.999999  1.000000  0.000084  0.000019  -0.000084  1.000000  -0.000000  -0.000019  0.000000  1.000000  0.999775  0.021201  0.000482  -0.021202  0.999774  0.001707  -0.000445  -0.001717  0.999998  0.000117  0.006924  
63.378922 0.011452  0.087441  -0.008002  0.991981  0.125954  -0.010456  -0.125648  0.991734  0.026020  0.013647  -0.024497  0.999607  0.007594  -0.013271  -0.010556  0.022397  -0.059547  0.431085  2.000000  0.999768  0.021526  0.000550  -0.021527  0.999767  0.001704  -0.000513  -0.001716  0.999998  0.999979  0.006350  0.001360  -0.006350  0.999980  -0.000035  -0.001361  0.000026  0.999999  1.000000  0.000079  0.000017  -0.000079  1.000000  -0.000000  -0.000017  0.000000  1.000000  0.999768  0.021526  0.000550  -0.021527  0.999767  0.001704  -0.000513  -0.001716  0.999998  0.000110  0.006494  
63.379926 0.011458  0.087426  -0.008014  0.991957  0.126155  -0.010318  -0.125853  0.991708  0.026005  0.013513  -0.024497  0.999609  0.007436  -0.013431  -0.010816  0.018034  -0.063551  0.410515  2.000000  0.999761  0.021830  0.000622  -0.021831  0.999760  0.001698  -0.000585  -0.001711  0.999998  0.999981  0.005935  0.001484  -0.005935  0.999982  -0.000162  -0.001485  0.000154  0.999999  1.000000  0.000074  0.000019  -0.000074  1.000000  -0.000002  -0.000019  0.000002  1.000000  0.999761  0.021830  0.000622  -0.021831  0.999760  0.001698  -0.000585  -0.001711  0.999998  0.000104  0.006120  
63.381175 0.011466  0.087409  -0.008029  0.991931  0.126359  -0.010313  -0.126057  0.991682  0.026007  0.013513  -0.024497  0.999609  0.007231  -0.013582  -0.011102  0.013576  -0.058729  0.379214  2.000000  0.999753  0.022191  0.000710  -0.022192  0.999752  0.001686  -0.000672  -0.001702  0.999998  0.999983  0.005732  0.001345  -0.005732  0.999984  -0.000165  -0.001346  0.000157  0.999999  1.000000  0.000072  0.000017  -0.000072  1.000000  -0.000002  -0.000017  0.000002  1.000000  0.999753  0.022191  0.000710  -0.022192  0.999752  0.001686  -0.000672  -0.001702  0.999998  0.000098  0.005890  
63.382431 0.011474  0.087392  -0.008043  0.991907  0.126560  -0.010175  -0.126261  0.991656  0.025992  0.013379  -0.024497  0.999610  0.006997  -0.013716  -0.011285  0.013156  -0.062537  0.351363  2.000000  0.999746  0.022531  0.000791  -0.022533  0.999745  0.001674  -0.000753  -0.001691  0.999998  0.999985  0.005321  0.001335  -0.005321  0.999986  -0.000171  -0.001336  0.000164  0.999999  1.000000  0.000067  0.000017  -0.000067  1.000000  -0.000002  -0.000017  0.000002  1.000000  0.999746  0.022531  0.000791  -0.022533  0.999745  0.001674  -0.000753  -0.001691  0.999998  0.000091  0.005488  
63.383676 0.011483  0.087375  -0.008057  0.991855  0.126968  -0.010164  -0.126670  0.991604  0.025997  0.013379  -0.024497  0.999610  0.006886  -0.013818  -0.011467  0.008885  -0.062231  0.337588  2.000000  0.999740  0.022790  0.000858  -0.022791  0.999739  0.001664  -0.000820  -0.001683  0.999998  0.999987  0.004913  0.001191  -0.004912  0.999988  -0.000177  -0.001192  0.000171  0.999999  1.000000  0.000000  0.000000  0.000000  1.000000  0.000000  0.000000  0.000000  1.000000  0.999740  0.022790  0.000858  -0.022791  0.999739  0.001664  -0.000820  -0.001683  0.999998  0.000087  0.000000  
63.384923 0.011492  0.087359  -0.008070  0.991830  0.127168  -0.010041  -0.126874  0.991582  0.025861  0.013246  -0.024376  0.999615  0.006799  -0.013887  -0.011611  0.000416  -0.066221  0.316735  2.000000  0.999738  0.022854  0.000873  -0.022855  0.999737  0.001662  -0.000834  -0.001681  0.999998  0.999988  0.004707  0.001186  -0.004707  0.999989  -0.000301  -0.001187  0.000295  0.999999  1.000000  0.000000  0.000000  0.000000  1.000000  0.000000  0.000000  0.000000  1.000000  0.999738  0.022854  0.000873  -0.022855  0.999737  0.001662  -0.000834  -0.001681  0.999998  0.000081  0.000000  
63.386179 0.011500  0.087342  -0.008083  0.991804  0.127372  -0.010036  -0.127078  0.991555  0.025863  0.013246  -0.024376  0.999615  0.006671  -0.013950  -0.011775  -0.003953  -0.065718  0.295919  2.000000  0.999738  0.022854  0.000873  -0.022855  0.999737  0.001662  -0.000834  -0.001681  0.999998  0.999989  0.004501  0.001181  -0.004501  0.999990  -0.000183  -0.001181  0.000178  0.999999  1.000000  0.000000  0.000000  0.000000  1.000000  0.000000  0.000000  0.000000  1.000000  0.999738  0.022854  0.000873  -0.022855  0.999737  0.001662  -0.000834  -0.001681  0.999998  0.000077  0.000000  
63.387423 0.011509  0.087326  -0.008097  0.991778  0.127576  -0.010031  -0.127283  0.991529  0.025866  0.013246  -0.024376  0.999615  0.006655  -0.013902  -0.011806  -0.004265  -0.060728  0.275343  2.000000  0.999738  0.022854  0.000873  -0.022855  0.999737  0.001662  -0.000834  -0.001681  0.999998  0.999989  0.004501  0.001181  -0.004501  0.999990  -0.000183  -0.001181  0.000178  0.999999  1.000000  0.000000  0.000000  0.000000  1.000000  0.000000  0.000000  0.000000  1.000000  0.999738  0.022854  0.000873  -0.022855  0.999737  0.001662  -0.000834  -0.001681  0.999998  0.000073  0.000000  
63.388672 0.011519  0.087309  -0.008113  0.991752  0.127780  -0.010025  -0.127487  0.991503  0.025868  0.013246  -0.024376  0.999615  0.006730  -0.013830  -0.011832  -0.008466  -0.059908  0.259354  2.000000  0.999738  0.022854  0.000873  -0.022855  0.999737  0.001662  -0.000834  -0.001681  0.999998  0.999990  0.004295  0.001176  -0.004295  0.999991  -0.000186  -0.001176  0.000180  0.999999  1.000000  0.000000  0.000000  0.000000  1.000000  0.000000  0.000000  0.000000  1.000000  0.999738  0.022854  0.000873  -0.022855  0.999737  0.001662  -0.000834  -0.001681  0.999998  0.000068  0.000000  
63.389922 0.011529  0.087293  -0.008128  0.991726  0.127984  -0.010020  -0.127691  0.991477  0.025870  0.013246  -0.024376  0.999615  0.006850  -0.013669  -0.011790  -0.008752  -0.055596  0.247901  2.000000  0.999738  0.022854  0.000873  -0.022855  0.999737  0.001662  -0.000834  -0.001681  0.999998  0.999991  0.004090  0.001171  -0.004089  0.999992  -0.000188  -0.001171  0.000183  0.999999  1.000000  0.000000  0.000000  0.000000  1.000000  0.000000  0.000000  0.000000  1.000000  0.999738  0.022854  0.000873  -0.022855  0.999737  0.001662  -0.000834  -0.001681  0.999998  0.000065  0.000000  
63.390923 0.011538  0.087280  -0.008139  0.991701  0.128185  -0.009882  -0.127895  0.991451  0.025855  0.013112  -0.024376  0.999617  0.006999  -0.013611  -0.011726  -0.008695  -0.059587  0.245705  2.000000  0.999738  0.022854  0.000873  -0.022855  0.999737  0.001662  -0.000834  -0.001681  0.999998  0.999991  0.004090  0.001171  -0.004089  0.999992  -0.000189  -0.001171  0.000184  0.999999  1.000000  0.000000  0.000000  0.000000  1.000000  0.000000  0.000000  0.000000  1.000000  0.999738  0.022854  0.000873  -0.022855  0.999737  0.001662  -0.000834  -0.001681  0.999998  0.000063  0.000000  
63.391925 0.011547  0.087268  -0.008151  0.991675  0.128389  -0.009877  -0.128099  0.991424  0.025857  0.013112  -0.024376  0.999617  0.007147  -0.013444  -0.011626  -0.008976  -0.055248  0.234029  2.000000  0.999738  0.022854  0.000873  -0.022855  0.999737  0.001662  -0.000834  -0.001681  0.999998  0.999991  0.004090  0.001171  -0.004089  0.999992  -0.000189  -0.001171  0.000184  0.999999  1.000000  0.000000  0.000000  0.000000  1.000000  0.000000  0.000000  0.000000  1.000000  0.999738  0.022854  0.000873  -0.022855  0.999737  0.001662  -0.000834  -0.001681  0.999998  0.000061  0.000000  
63.393180 0.011559  0.087252  -0.008165  0.991650  0.128590  -0.009739  -0.128304  0.991398  0.025842  0.012978  -0.024376  0.999619  0.007407  -0.013292  -0.011537  -0.009194  -0.054890  0.220119  2.000000  0.999738  0.022854  0.000873  -0.022855  0.999737  0.001662  -0.000834  -0.001681  0.999998  0.999991  0.004093  0.001037  -0.004093  0.999992  -0.000189  -0.001038  0.000185  0.999999  1.000000  0.000000  0.000000  0.000000  1.000000  0.000000  0.000000  0.000000  1.000000  0.999738  0.022854  0.000873  -0.022855  0.999737  0.001662  -0.000834  -0.001681  0.999998  0.000058  0.000000  
63.394427 0.011572  0.087236  -0.008181  0.991624  0.128794  -0.009734  -0.128508  0.991372  0.025844  0.012978  -0.024376  0.999619  0.007794  -0.013116  -0.011482  -0.005212  -0.054710  0.213215  2.000000  0.999738  0.022854  0.000873  -0.022855  0.999737  0.001662  -0.000834  -0.001681  0.999998  0.999991  0.004093  0.001037  -0.004093  0.999992  -0.000189  -0.001038  0.000185  0.999999  1.000000  0.000000  0.000000  0.000000  1.000000  0.000000  0.000000  0.000000  1.000000  0.999738  0.022854  0.000873  -0.022855  0.999737  0.001662  -0.000834  -0.001681  0.999998  0.000055  0.000000  
63.395672 0.011585  0.087220  -0.008196  0.991599  0.128995  -0.009596  -0.128712  0.991346  0.025828  0.012844  -0.024376  0.999620  0.008134  -0.013027  -0.011488  -0.005336  -0.054555  0.206355  2.000000  0.999738  0.022854  0.000873  -0.022855  0.999737  0.001662  -0.000834  -0.001681  0.999998  0.999991  0.004096  0.000903  -0.004096  0.999992  -0.000189  -0.000904  0.000186  1.000000  1.000000  0.000000  0.000000  0.000000  1.000000  0.000000  0.000000  0.000000  1.000000  0.999738  0.022854  0.000873  -0.022855  0.999737  0.001662  -0.000834  -0.001681  0.999998  0.000053  0.000000  
63.396926 0.011598  0.087204  -0.008212  0.991572  0.129201  -0.009575  -0.128917  0.991316  0.025951  0.012844  -0.024498  0.999617  0.008530  -0.012949  -0.011614  -0.001352  -0.054386  0.199390  2.000000  0.999738  0.022854  0.000873  -0.022855  0.999737  0.001662  -0.000834  -0.001681  0.999998  0.999992  0.003890  0.000898  -0.003890  0.999992  -0.000071  -0.000899  0.000068  1.000000  1.000000  0.000000  0.000000  0.000000  1.000000  0.000000  0.000000  0.000000  1.000000  0.999738  0.022854  0.000873  -0.022855  0.999737  0.001662  -0.000834  -0.001681  0.999998  0.000053  0.000000  
63.398173 0.011612  0.087188  -0.008228  0.991546  0.129405  -0.009569  -0.129121  0.991289  0.025953  0.012844  -0.024498  0.999617  0.008859  -0.012880  -0.011766  -0.001447  -0.054245  0.192577  2.000000  0.999738  0.022854  0.000873  -0.022855  0.999737  0.001662  -0.000834  -0.001681  0.999998  0.999993  0.003685  0.000893  -0.003685  0.999993  0.000047  -0.000893  -0.000051  1.000000  1.000000  0.000000  0.000000  0.000000  1.000000  0.000000  0.000000  0.000000  1.000000  0.999738  0.022854  0.000873  -0.022855  0.999737  0.001662  -0.000834  -0.001681  0.999998  0.000051  0.000000  
63.399176 0.011623  0.087175  -0.008241  0.991521  0.129607  -0.009416  -0.129325  0.991260  0.026057  0.012711  -0.024619  0.999616  0.009131  -0.012925  -0.011936  0.002605  -0.054220  0.192443  2.000000  0.999738  0.022854  0.000873  -0.022855  0.999737  0.001662  -0.000834  -0.001681  0.999998  0.999993  0.003681  0.001028  -0.003681  0.999993  0.000168  -0.001027  -0.000172  0.999999  1.000000  0.000000  0.000000  0.000000  1.000000  0.000000  0.000000  0.000000  1.000000  0.999738  0.022854  0.000873  -0.022855  0.999737  0.001662  -0.000834  -0.001681  0.999998  0.000050  0.000000  
63.400179 0.011634  0.087161  -0.008254  0.991494  0.129811  -0.009410  -0.129529  0.991233  0.026059  0.012711  -0.024619  0.999616  0.009390  -0.012923  -0.012128  0.002604  -0.054206  0.192392  2.000000  0.999738  0.022854  0.000873  -0.022855  0.999737  0.001662  -0.000834  -0.001681  0.999998  0.999992  0.003890  0.000899  -0.003890  0.999992  0.000171  -0.000898  -0.000174  1.000000  1.000000  0.000000  0.000000  0.000000  1.000000  0.000000  0.000000  0.000000  1.000000  0.999738  0.022854  0.000873  -0.022855  0.999737  0.001662  -0.000834  -0.001681  0.999998  0.000050  0.000000  
63.401423 0.011648  0.087145  -0.008269  0.991467  0.130015  -0.009405  -0.129733  0.991206  0.026061  0.012711  -0.024619  0.999616  0.009793  -0.012930  -0.012266  0.002584  -0.053775  0.190863  2.000000  0.999738  0.022854  0.000873  -0.022855  0.999737  0.001662  -0.000834  -0.001681  0.999998  0.999992  0.003890  0.000899  -0.003890  0.999992  0.000171  -0.000898  -0.000174  1.000000  1.000000  0.000000  0.000000  0.000000  1.000000  0.000000  0.000000  0.000000  1.000000  0.999738  0.022854  0.000873  -0.022855  0.999737  0.001662  -0.000834  -0.001681  0.999998  0.000050  0.000000  
63.402672 0.011663  0.087129  -0.008284  0.991441  0.130220  -0.009384  -0.129937  0.991176  0.026183  0.012711  -0.024740  0.999613  0.010138  -0.012911  -0.012247  0.006577  -0.049571  0.185657  2.000000  0.999738  0.022854  0.000873  -0.022855  0.999737  0.001662  -0.000834  -0.001681  0.999998  0.999993  0.003684  0.000894  -0.003685  0.999993  0.000290  -0.000893  -0.000293  1.000000  1.000000  0.000000  0.000000  0.000000  1.000000  0.000000  0.000000  0.000000  1.000000  0.999738  0.022854  0.000873  -0.022855  0.999737  0.001662  -0.000834  -0.001681  0.999998  0.000049  0.000000  
63.403675 0.011675  0.087116  -0.008295  0.991416  0.130421  -0.009246  -0.130142  0.991150  0.026168  0.012577  -0.024740  0.999615  0.010424  -0.012880  -0.012218  0.006551  -0.049567  0.185639  2.000000  0.999738  0.022854  0.000873  -0.022855  0.999737  0.001662  -0.000834  -0.001681  0.999998  0.999994  0.003479  0.000889  -0.003479  0.999994  0.000286  -0.000888  -0.000290  1.000000  1.000000  0.000000  0.000000  0.000000  1.000000  0.000000  0.000000  0.000000  1.000000  0.999738  0.022854  0.000873  -0.022855  0.999737  0.001662  -0.000834  -0.001681  0.999998  0.000048  0.000000  
63.404920 0.011689  0.087100  -0.008309  0.991416  0.130421  -0.009246  -0.130142  0.991150  0.026168  0.012577  -0.024740  0.999615  0.010656  -0.012862  -0.012065  0.006448  -0.044906  0.178855  2.000000  0.999738  0.022854  0.000873  -0.022855  0.999737  0.001662  -0.000834  -0.001681  0.999998  0.999994  0.003479  0.000889  -0.003479  0.999994  0.000408  -0.000888  -0.000411  1.000000  1.000000  0.000000  0.000000  0.000000  1.000000  0.000000  0.000000  0.000000  1.000000  0.999738  0.022854  0.000873  -0.022855  0.999737  0.001662  -0.000834  -0.001681  0.999998  0.000047  0.000000  
