1-Time 2-Px 3-Py 4-Pz 5-R11 6-R21 7-R31 8-R12 9-R22 10-R32 11-R13 12-R23 13-R33 14-Vx 15-Vy 16-Vz 17-Wx 18-Wy 19-Wz 20-state 21-PR11 22-PR21 23-PR31 24-PR12 25-PR22 26-PR32 27-PR13 28-PR23 29-PR33 
74.379698 -0.002792  0.085579  0.002521  0.991066  0.108233  0.077936  -0.114146  0.990560  0.075904  -0.068985  -0.084122  0.994065  -0.000129  -0.000080  0.000043  0.000000  0.000000  0.000000  2.000000  1.000000  0.000000  0.000000  0.000000  1.000000  0.000000  0.000000  0.000000  1.000000  1.000000  -0.000205  -0.000017  0.000205  1.000000  -0.000107  0.000017  0.000107  1.000000  1.000000  0.000000  0.000000  0.000000  1.000000  0.000000  0.000000  0.000000  1.000000  0.750164  0.630424  -0.199548  -0.639760  0.768258  0.022066  0.167215  0.111110  0.979640  0.000000  0.000000  
74.380947 -0.002792  0.085578  0.002521  0.991042  0.108437  0.077952  -0.114350  0.990538  0.075888  -0.068985  -0.084122  0.994065  -0.000152  -0.000152  0.000048  0.000000  0.000000  0.000000  2.000000  1.000000  0.000000  0.000000  0.000000  1.000000  0.000000  0.000000  0.000000  1.000000  1.000000  -0.000205  -0.000017  0.000205  1.000000  -0.000107  0.000017  0.000107  1.000000  1.000000  0.000000  0.000000  0.000000  1.000000  0.000000  0.000000  0.000000  1.000000  1.000000  0.000000  0.000000  0.000000  1.000000  0.000000  0.000000  0.000000  1.000000  0.000000  0.000000  
74.381948 -0.002795  0.085575  0.002520  0.990977  0.108813  0.078261  -0.114756  0.990486  0.075945  -0.069252  -0.084241  0.994036  -0.000285  -0.000367  -0.000003  0.000000  0.000000  0.000000  2.000000  1.000000  0.000000  0.000000  0.000000  1.000000  0.000000  0.000000  0.000000  1.000000  1.000000  0.000398  0.000168  -0.000398  1.000000  -0.000028  -0.000168  0.000028  1.000000  1.000000  0.000000  0.000000  0.000000  1.000000  0.000000  0.000000  0.000000  1.000000  1.000000  0.000000  0.000000  0.000000  1.000000  0.000000  0.000000  0.000000  1.000000  0.000000  0.000000  
74.383197 -0.002798  0.085570  0.002519  0.990854  0.109576  0.078746  -0.115569  0.990382  0.076075  -0.069653  -0.084479  0.993988  -0.000471  -0.000678  -0.000070  0.000000  0.000000  0.000000  2.000000  1.000000  0.000000  0.000000  0.000000  1.000000  0.000000  0.000000  0.000000  1.000000  0.999999  0.000978  0.000620  -0.000978  1.000000  0.000050  -0.000620  -0.000050  1.000000  1.000000  0.000000  0.000000  0.000000  1.000000  0.000000  0.000000  0.000000  1.000000  1.000000  0.000000  0.000000  0.000000  1.000000  0.000000  0.000000  0.000000  1.000000  0.000000  0.000000  
74.384448 -0.002800  0.085564  0.002520  0.990755  0.110134  0.079216  -0.116178  0.990300  0.076220  -0.070053  -0.084718  0.993939  -0.000644  -0.001100  -0.000047  0.000000  0.000000  0.000000  2.000000  1.000000  0.000000  0.000000  0.000000  1.000000  0.000000  0.000000  0.000000  1.000000  0.999998  0.001762  0.001090  -0.001763  0.999998  0.000234  -0.001089  -0.000236  0.999999  1.000000  0.000000  0.000000  0.000000  1.000000  0.000000  0.000000  0.000000  1.000000  1.000000  0.000000  0.000000  0.000000  1.000000  0.000000  0.000000  0.000000  1.000000  0.000000  0.000000  
74.385450 -0.002803  0.085559  0.002520  0.990688  0.110510  0.079525  -0.116584  0.990248  0.076276  -0.070320  -0.084837  0.993910  -0.000811  -0.001446  0.000002  0.000000  0.000000  0.000000  2.000000  1.000000  0.000000  0.000000  0.000000  1.000000  0.000000  0.000000  0.000000  1.000000  0.999997  0.001944  0.001374  -0.001945  0.999998  0.000462  -0.001373  -0.000465  0.999999  1.000000  0.000000  0.000000  0.000000  1.000000  0.000000  0.000000  0.000000  1.000000  1.000000  0.000000  0.000000  0.000000  1.000000  0.000000  0.000000  0.000000  1.000000  0.000000  0.000000  
74.386455 -0.002805  0.085554  0.002521  0.990640  0.110898  0.079583  -0.116992  0.990183  0.076484  -0.070320  -0.085078  0.993890  -0.000983  -0.001768  0.000039  0.000000  0.000000  0.000000  2.000000  1.000000  0.000000  0.000000  0.000000  1.000000  0.000000  0.000000  0.000000  1.000000  0.999996  0.002341  0.001543  -0.002343  0.999997  0.000675  -0.001542  -0.000679  0.999999  1.000000  0.000000  0.000000  0.000000  1.000000  0.000000  0.000000  0.000000  1.000000  1.000000  0.000000  0.000000  0.000000  1.000000  0.000000  0.000000  0.000000  1.000000  0.000000  0.000000  
74.387698 -0.002809  0.085549  0.002523  0.990544  0.111685  0.079687  -0.117807  0.990064  0.076778  -0.070320  -0.085440  0.993859  -0.001212  -0.002101  0.000157  0.000000  0.000000  0.000000  2.000000  1.000000  0.000000  0.000000  0.000000  1.000000  0.000000  0.000000  0.000000  1.000000  0.999994  0.003160  0.001614  -0.003161  0.999995  0.000860  -0.001611  -0.000865  0.999998  1.000000  0.000000  0.000000  0.000000  1.000000  0.000000  0.000000  0.000000  1.000000  1.000000  0.000000  0.000000  0.000000  1.000000  0.000000  0.000000  0.000000  1.000000  0.000000  0.000000  
74.388701 -0.002811  0.085544  0.002524  0.990471  0.112277  0.079761  -0.118419  0.989976  0.076969  -0.070320  -0.085681  0.993838  -0.001380  -0.002416  0.000246  0.000000  0.000000  0.000000  2.000000  1.000000  0.000000  0.000000  0.000000  1.000000  0.000000  0.000000  0.000000  1.000000  0.999991  0.003773  0.001667  -0.003775  0.999992  0.001059  -0.001663  -0.001065  0.999998  1.000000  0.000000  0.000000  0.000000  1.000000  0.000000  0.000000  0.000000  1.000000  1.000000  0.000000  0.000000  0.000000  1.000000  0.000000  0.000000  0.000000  1.000000  0.000000  0.000000  
74.389951 -0.002813  0.085540  0.002525  0.990339  0.113265  0.080000  -0.119437  0.989843  0.077111  -0.070453  -0.085921  0.993808  -0.001485  -0.002714  0.000334  0.045001  -0.063985  0.167664  2.000000  1.000000  0.000000  0.000000  0.000000  1.000000  0.000000  0.000000  0.000000  1.000000  0.999987  0.004784  0.001889  -0.004787  0.999988  0.001228  -0.001884  -0.001237  0.999997  1.000000  0.000000  0.000000  0.000000  1.000000  0.000000  0.000000  0.000000  1.000000  1.000000  0.000000  0.000000  0.000000  1.000000  0.000000  0.000000  0.000000  1.000000  0.000000  0.000000  
74.390952 -0.002815  0.085535  0.002527  0.990231  0.114049  0.080223  -0.120252  0.989732  0.077269  -0.070587  -0.086162  0.993777  -0.001590  -0.003011  0.000421  0.051208  -0.070839  0.194764  2.000000  1.000000  0.000035  0.000213  -0.000035  1.000000  0.000052  -0.000213  -0.000052  1.000000  0.999982  0.005591  0.002094  -0.005594  0.999983  0.001411  -0.002087  -0.001423  0.999997  1.000000  0.000012  0.000074  -0.000012  1.000000  0.000018  -0.000074  -0.000018  1.000000  1.000000  0.000035  0.000213  -0.000035  1.000000  0.000052  -0.000213  -0.000052  1.000000  0.000052  0.006136  
74.392201 -0.002817  0.085530  0.002529  0.990078  0.115024  0.080713  -0.121267  0.989609  0.077258  -0.070987  -0.086280  0.993739  -0.001708  -0.003369  0.000605  0.052842  -0.087269  0.228063  2.000000  1.000000  0.000102  0.000621  -0.000103  1.000000  0.000147  -0.000621  -0.000147  1.000000  0.999975  0.006579  0.002584  -0.006583  0.999977  0.001578  -0.002574  -0.001595  0.999995  1.000000  0.000013  0.000087  -0.000013  1.000000  0.000020  -0.000087  -0.000020  1.000000  1.000000  0.000102  0.000621  -0.000103  1.000000  0.000147  -0.000621  -0.000147  1.000000  0.000061  0.007244  
74.393446 -0.002818  0.085525  0.002535  0.989899  0.116202  0.081218  -0.122487  0.989461  0.077230  -0.071388  -0.086398  0.993700  -0.001767  -0.003687  0.000962  0.053950  -0.104251  0.268125  2.000000  0.999999  0.000176  0.001097  -0.000176  1.000000  0.000248  -0.001097  -0.000248  0.999999  0.999967  0.007578  0.002940  -0.007583  0.999970  0.001624  -0.002927  -0.001646  0.999994  1.000000  0.000016  0.000100  -0.000016  1.000000  0.000020  -0.000100  -0.000020  1.000000  0.999999  0.000176  0.001097  -0.000176  1.000000  0.000248  -0.001097  -0.000248  0.999999  0.000070  0.008291  
74.394695 -0.002819  0.085520  0.002540  0.989754  0.117188  0.081575  -0.123503  0.989334  0.077233  -0.071655  -0.086517  0.993670  -0.001770  -0.003990  0.001291  0.055173  -0.115377  0.299642  2.000000  0.999999  0.000264  0.001656  -0.000265  1.000000  0.000360  -0.001656  -0.000360  0.999999  0.999954  0.008975  0.003464  -0.008981  0.999958  0.001759  -0.003449  -0.001790  0.999992  1.000000  0.000019  0.000119  -0.000019  1.000000  0.000022  -0.000119  -0.000022  1.000000  0.999999  0.000264  0.001656  -0.000265  1.000000  0.000360  -0.001656  -0.000360  0.999999  0.000081  0.009783  
74.395704 -0.002821  0.085514  0.002543  0.989617  0.118184  0.081801  -0.124521  0.989205  0.077252  -0.071788  -0.086636  0.993650  -0.001901  -0.004383  0.001546  0.057160  -0.123596  0.335612  2.000000  0.999998  0.000328  0.002038  -0.000329  1.000000  0.000427  -0.002037  -0.000428  0.999998  0.999943  0.009986  0.003687  -0.009993  0.999948  0.001804  -0.003669  -0.001841  0.999992  1.000000  0.000023  0.000131  -0.000023  1.000000  0.000023  -0.000131  -0.000023  1.000000  0.999998  0.000328  0.002038  -0.000329  1.000000  0.000427  -0.002037  -0.000428  0.999998  0.000089  0.010800  
74.396947 -0.002824  0.085505  0.002548  0.989478  0.119171  0.082041  -0.125538  0.989066  0.077391  -0.071922  -0.086876  0.993620  -0.001963  -0.004722  0.001826  0.062865  -0.131105  0.369668  2.000000  0.999996  0.000451  0.002731  -0.000452  1.000000  0.000543  -0.002731  -0.000544  0.999996  0.999932  0.010997  0.003910  -0.011005  0.999938  0.001849  -0.003890  -0.001892  0.999991  1.000000  0.000027  0.000143  -0.000027  1.000000  0.000023  -0.000143  -0.000023  1.000000  0.999996  0.000451  0.002731  -0.000452  1.000000  0.000543  -0.002731  -0.000544  0.999996  0.000097  0.011821  
74.398197 -0.002826  0.085494  0.002551  0.989339  0.120168  0.082268  -0.126556  0.988934  0.077410  -0.072055  -0.086996  0.993599  -0.001906  -0.005047  0.002149  0.064498  -0.138616  0.403786  2.000000  0.999994  0.000596  0.003485  -0.000599  1.000000  0.000666  -0.003484  -0.000668  0.999994  0.999919  0.012008  0.004135  -0.012016  0.999926  0.002015  -0.004110  -0.002065  0.999989  1.000000  0.000030  0.000156  -0.000030  1.000000  0.000025  -0.000156  -0.000026  1.000000  0.999994  0.000596  0.003485  -0.000599  1.000000  0.000666  -0.003484  -0.000668  0.999994  0.000105  0.012863  
74.399448 -0.002828  0.085483  0.002555  0.989225  0.120951  0.082492  -0.127369  0.988818  0.077565  -0.072188  -0.087236  0.993569  -0.001821  -0.005383  0.002408  0.070650  -0.145476  0.430764  2.000000  0.999990  0.000762  0.004297  -0.000765  0.999999  0.000798  -0.004296  -0.000801  0.999990  0.999908  0.012813  0.004342  -0.012823  0.999915  0.002196  -0.004314  -0.002251  0.999988  1.000000  0.000033  0.000166  -0.000033  1.000000  0.000028  -0.000166  -0.000028  1.000000  0.999990  0.000762  0.004297  -0.000765  0.999999  0.000798  -0.004296  -0.000801  0.999990  0.000113  0.013711  
74.400448 -0.002829  0.085474  0.002558  0.989110  0.121723  0.082732  -0.128182  0.988691  0.077840  -0.072322  -0.087597  0.993527  -0.001729  -0.005671  0.002492  0.080899  -0.152420  0.457878  2.000000  0.999987  0.000904  0.004984  -0.000908  0.999999  0.000912  -0.004984  -0.000917  0.999987  0.999897  0.013619  0.004550  -0.013630  0.999904  0.002376  -0.004517  -0.002438  0.999987  1.000000  0.000036  0.000176  -0.000036  1.000000  0.000030  -0.000176  -0.000030  1.000000  0.999987  0.000904  0.004984  -0.000908  0.999999  0.000912  -0.004984  -0.000917  0.999987  0.000121  0.014560  
74.401454 -0.002829  0.085463  0.002559  0.988985  0.122494  0.083090  -0.128994  0.988575  0.077977  -0.072589  -0.087836  0.993487  -0.001569  -0.006089  0.002539  0.087004  -0.163768  0.484441  2.000000  0.999983  0.001054  0.005710  -0.001060  0.999999  0.001040  -0.005709  -0.001046  0.999983  0.999888  0.014220  0.004740  -0.014232  0.999895  0.002571  -0.004703  -0.002639  0.999985  1.000000  0.000038  0.000184  -0.000038  1.000000  0.000033  -0.000184  -0.000033  1.000000  0.999983  0.001054  0.005710  -0.001060  0.999999  0.001040  -0.005709  -0.001046  0.999983  0.000128  0.015214  
74.402701 -0.002828  0.085449  0.002559  0.988806  0.123661  0.083495  -0.130213  0.988397  0.078199  -0.072856  -0.088196  0.993435  -0.001270  -0.006704  0.002442  0.095721  -0.175477  0.522153  2.000000  0.999977  0.001253  0.006651  -0.001261  0.999998  0.001210  -0.006650  -0.001218  0.999977  0.999878  0.014831  0.004801  -0.014845  0.999886  0.002886  -0.004757  -0.002957  0.999984  1.000000  0.000041  0.000191  -0.000041  1.000000  0.000037  -0.000191  -0.000037  1.000000  0.999977  0.001253  0.006651  -0.001261  0.999998  0.001210  -0.006650  -0.001218  0.999977  0.000139  0.015860  
74.403702 -0.002827  0.085438  0.002559  0.988715  0.124229  0.083720  -0.130823  0.988294  0.078490  -0.072989  -0.088557  0.993393  -0.001060  -0.007202  0.002329  0.111016  -0.182732  0.545102  2.000000  0.999973  0.001378  0.007230  -0.001387  0.999998  0.001319  -0.007228  -0.001329  0.999973  0.999872  0.015239  0.004840  -0.015253  0.999879  0.002972  -0.004794  -0.003046  0.999984  1.000000  0.000043  0.000195  -0.000043  1.000000  0.000038  -0.000195  -0.000038  1.000000  0.999973  0.001378  0.007230  -0.001387  0.999998  0.001319  -0.007228  -0.001329  0.999973  0.000146  0.016270  
74.404950 -0.002827  0.085422  0.002557  0.988561  0.125182  0.084125  -0.131838  0.988130  0.078848  -0.073256  -0.089037  0.993331  -0.000880  -0.007847  0.002096  0.124295  -0.195420  0.585533  2.000000  0.999965  0.001602  0.008196  -0.001614  0.999998  0.001515  -0.008193  -0.001529  0.999965  0.999873  0.015260  0.004581  -0.015274  0.999878  0.003213  -0.004531  -0.003282  0.999984  1.000000  0.000046  0.000194  -0.000046  1.000000  0.000041  -0.000194  -0.000041  1.000000  0.999965  0.001602  0.008196  -0.001614  0.999998  0.001515  -0.008193  -0.001529  0.999965  0.000155  0.016261  
74.405952 -0.002826  0.085409  0.002555  0.988497  0.125557  0.084320  -0.132243  0.988061  0.079036  -0.073389  -0.089277  0.993299  -0.000701  -0.008420  0.001899  0.131415  -0.201160  0.598839  2.000000  0.999958  0.001793  0.008981  -0.001808  0.999997  0.001677  -0.008978  -0.001693  0.999958  0.999867  0.015667  0.004623  -0.015682  0.999872  0.003299  -0.004570  -0.003371  0.999984  1.000000  0.000048  0.000198  -0.000048  1.000000  0.000042  -0.000198  -0.000042  1.000000  0.999958  0.001793  0.008981  -0.001808  0.999997  0.001677  -0.008978  -0.001693  0.999958  0.000161  0.016672  
74.407200 -0.002824  0.085392  0.002553  0.988378  0.126318  0.084578  -0.133056  0.987921  0.079428  -0.073523  -0.089758  0.993246  -0.000501  -0.009177  0.001603  0.145710  -0.208199  0.625918  2.000000  0.999948  0.002034  0.009970  -0.002053  0.999996  0.001887  -0.009966  -0.001907  0.999949  0.999867  0.015665  0.004628  -0.015681  0.999871  0.003418  -0.004574  -0.003490  0.999983  1.000000  0.000048  0.000198  -0.000048  1.000000  0.000043  -0.000198  -0.000043  1.000000  0.999948  0.002034  0.009970  -0.002053  0.999996  0.001887  -0.009966  -0.001907  0.999949  0.000167  0.016696  
74.408452 -0.002824  0.085374  0.002551  0.988276  0.126873  0.084936  -0.133664  0.987817  0.079699  -0.073790  -0.090118  0.993194  -0.000388  -0.010151  0.001094  0.156359  -0.219062  0.645668  2.000000  0.999937  0.002262  0.010961  -0.002285  0.999995  0.002099  -0.010957  -0.002124  0.999938  0.999866  0.015639  0.004901  -0.015656  0.999872  0.003414  -0.004847  -0.003490  0.999982  1.000000  0.000045  0.000200  -0.000045  1.000000  0.000043  -0.000200  -0.000043  1.000000  0.999937  0.002262  0.010961  -0.002285  0.999995  0.002099  -0.010957  -0.002124  0.999938  0.000175  0.016749  
74.409455 -0.002824  0.085360  0.002550  0.988183  0.127451  0.085148  -0.134273  0.987721  0.079869  -0.073923  -0.090358  0.993162  -0.000324  -0.010837  0.000693  0.163014  -0.225473  0.665995  2.000000  0.999928  0.002435  0.011753  -0.002461  0.999994  0.002272  -0.011747  -0.002301  0.999928  0.999868  0.015421  0.005021  -0.015439  0.999875  0.003549  -0.004966  -0.003626  0.999981  1.000000  0.000042  0.000198  -0.000042  1.000000  0.000045  -0.000198  -0.000045  1.000000  0.999928  0.002435  0.011753  -0.002461  0.999994  0.002272  -0.011747  -0.002301  0.999928  0.000181  0.016610  
74.410697 -0.002823  0.085341  0.002548  0.988090  0.128028  0.085360  -0.134882  0.987624  0.080038  -0.074057  -0.090598  0.993130  -0.000160  -0.011503  0.000329  0.170173  -0.231299  0.679488  2.000000  0.999916  0.002636  0.012725  -0.002668  0.999993  0.002494  -0.012718  -0.002527  0.999916  0.999875  0.015010  0.004988  -0.015028  0.999881  0.003577  -0.004934  -0.003652  0.999981  1.000000  0.000040  0.000194  -0.000040  1.000000  0.000045  -0.000194  -0.000045  1.000000  0.999916  0.002636  0.012725  -0.002668  0.999993  0.002494  -0.012718  -0.002527  0.999916  0.000185  0.016226  
74.411948 -0.002823  0.085323  0.002546  0.987987  0.128593  0.085704  -0.135489  0.987528  0.080188  -0.074323  -0.090837  0.993088  0.000102  -0.012176  -0.000178  0.174054  -0.231409  0.679396  2.000000  0.999905  0.002789  0.013488  -0.002825  0.999992  0.002672  -0.013481  -0.002709  0.999905  0.999881  0.014600  0.004955  -0.014618  0.999887  0.003604  -0.004901  -0.003676  0.999981  1.000000  0.000038  0.000189  -0.000038  1.000000  0.000046  -0.000189  -0.000046  1.000000  0.999905  0.002789  0.013488  -0.002825  0.999992  0.002672  -0.013481  -0.002709  0.999905  0.000183  0.015842  
74.413195 -0.002823  0.085303  0.002544  0.987874  0.129146  0.086180  -0.136095  0.987434  0.080320  -0.074724  -0.091075  0.993037  0.000214  -0.012730  -0.000503  0.172348  -0.229671  0.673745  2.000000  0.999892  0.002974  0.014423  -0.003016  0.999991  0.002900  -0.014414  -0.002943  0.999892  0.999888  0.014201  0.004788  -0.014219  0.999892  0.003753  -0.004734  -0.003821  0.999981  1.000000  0.000037  0.000184  -0.000037  1.000000  0.000047  -0.000184  -0.000047  1.000000  0.999892  0.002974  0.014423  -0.003016  0.999991  0.002900  -0.014414  -0.002943  0.999892  0.000183  0.015458  
74.414197 -0.002824  0.085288  0.002542  0.987808  0.129530  0.086360  -0.136501  0.987373  0.080387  -0.074857  -0.091195  0.993016  0.000299  -0.013247  -0.000883  0.170025  -0.222143  0.673232  2.000000  0.999880  0.003112  0.015147  -0.003159  0.999990  0.003085  -0.015138  -0.003132  0.999881  0.999896  0.013587  0.004734  -0.013605  0.999900  0.003796  -0.004682  -0.003860  0.999982  1.000000  0.000034  0.000177  -0.000034  1.000000  0.000048  -0.000177  -0.000048  1.000000  0.999880  0.003112  0.015147  -0.003159  0.999990  0.003085  -0.015138  -0.003132  0.999881  0.000181  0.014889  
74.415448 -0.002825  0.085268  0.002540  0.987731  0.129891  0.086688  -0.136905  0.987303  0.080554  -0.075124  -0.091434  0.992973  0.000283  -0.013721  -0.001191  0.172478  -0.220424  0.667607  2.000000  0.999866  0.003273  0.016017  -0.003327  0.999989  0.003324  -0.016005  -0.003377  0.999866  0.999902  0.013177  0.004700  -0.013195  0.999905  0.003945  -0.004647  -0.004007  0.999981  1.000000  0.000032  0.000172  -0.000032  1.000000  0.000050  -0.000172  -0.000050  1.000000  0.999866  0.003273  0.016017  -0.003327  0.999989  0.003324  -0.016005  -0.003377  0.999866  0.000183  0.014544  
74.416697 -0.002827  0.085247  0.002536  0.987637  0.130457  0.086917  -0.137513  0.987195  0.080841  -0.075257  -0.091794  0.992930  0.000137  -0.014217  -0.001518  0.173921  -0.227053  0.672888  2.000000  0.999853  0.003414  0.016830  -0.003474  0.999988  0.003573  -0.016818  -0.003631  0.999852  0.999916  0.012165  0.004476  -0.012183  0.999918  0.004022  -0.004427  -0.004076  0.999982  1.000000  0.000028  0.000160  -0.000028  1.000000  0.000051  -0.000160  -0.000051  1.000000  0.999853  0.003414  0.016830  -0.003474  0.999988  0.003573  -0.016818  -0.003631  0.999852  0.000181  0.013581  
74.417698 -0.002828  0.085230  0.002533  0.987598  0.130638  0.087081  -0.137715  0.987160  0.080925  -0.075391  -0.091914  0.992909  -0.000014  -0.014589  -0.001710  0.169333  -0.228443  0.653012  2.000000  0.999841  0.003515  0.017458  -0.003581  0.999986  0.003779  -0.017445  -0.003841  0.999840  0.999921  0.011743  0.004575  -0.011762  0.999922  0.004173  -0.004526  -0.004226  0.999981  1.000000  0.000024  0.000156  -0.000024  1.000000  0.000052  -0.000156  -0.000052  1.000000  0.999841  0.003515  0.017458  -0.003581  0.999986  0.003779  -0.017445  -0.003841  0.999840  0.000180  0.013284  
74.418706 -0.002830  0.085214  0.002531  0.987570  0.130820  0.087129  -0.137919  0.987114  0.081146  -0.075391  -0.092155  0.992887  -0.000207  -0.014954  -0.001866  0.172225  -0.228618  0.637658  2.000000  0.999833  0.003583  0.017915  -0.003654  0.999986  0.003938  -0.017901  -0.004003  0.999832  0.999926  0.011345  0.004407  -0.011364  0.999926  0.004326  -0.004358  -0.004375  0.999981  1.000000  0.000024  0.000150  -0.000024  1.000000  0.000054  -0.000150  -0.000054  1.000000  0.999833  0.003583  0.017915  -0.003654  0.999986  0.003938  -0.017901  -0.004003  0.999832  0.000176  0.012926  
74.419968 -0.002834  0.085192  0.002527  0.987513  0.131195  0.087210  -0.138325  0.987030  0.081470  -0.075391  -0.092516  0.992853  -0.000504  -0.015359  -0.002039  0.177719  -0.222416  0.617190  2.000000  0.999819  0.003689  0.018648  -0.003768  0.999984  0.004211  -0.018632  -0.004280  0.999817  0.999931  0.010947  0.004239  -0.010966  0.999930  0.004357  -0.004191  -0.004403  0.999982  1.000000  0.000023  0.000145  -0.000023  1.000000  0.000055  -0.000145  -0.000055  1.000000  0.999819  0.003689  0.018648  -0.003768  0.999984  0.004211  -0.018632  -0.004280  0.999817  0.000171  0.012530  
74.421202 -0.002838  0.085170  0.002522  0.987446  0.131568  0.087407  -0.138730  0.986958  0.081655  -0.075524  -0.092756  0.992820  -0.000870  -0.015745  -0.002228  0.177235  -0.215189  0.599162  2.000000  0.999808  0.003766  0.019216  -0.003852  0.999983  0.004435  -0.019199  -0.004508  0.999806  0.999936  0.010537  0.004205  -0.010556  0.999934  0.004508  -0.004157  -0.004552  0.999981  1.000000  0.000021  0.000140  -0.000021  1.000000  0.000057  -0.000140  -0.000057  1.000000  0.999808  0.003766  0.019216  -0.003852  0.999983  0.004435  -0.019199  -0.004508  0.999806  0.000167  0.012216  
74.422446 -0.002845  0.085145  0.002515  0.987369  0.131917  0.087752  -0.139134  0.986878  0.081941  -0.075791  -0.093115  0.992766  -0.001376  -0.016229  -0.002520  0.186635  -0.209051  0.579064  2.000000  0.999795  0.003851  0.019891  -0.003945  0.999981  0.004713  -0.019872  -0.004790  0.999791  0.999945  0.009730  0.003998  -0.009748  0.999943  0.004449  -0.003955  -0.004487  0.999982  1.000000  0.000018  0.000130  -0.000018  1.000000  0.000056  -0.000130  -0.000056  1.000000  0.999795  0.003851  0.019891  -0.003945  0.999981  0.004713  -0.019872  -0.004790  0.999791  0.000161  0.011430  
74.423447 -0.002851  0.085125  0.002508  0.987330  0.132087  0.087932  -0.139336  0.986832  0.082144  -0.075925  -0.093355  0.992734  -0.001788  -0.016623  -0.002886  0.190657  -0.203383  0.549973  2.000000  0.999784  0.003905  0.020398  -0.004007  0.999980  0.004934  -0.020379  -0.005015  0.999780  0.999950  0.009104  0.004077  -0.009121  0.999949  0.004372  -0.004037  -0.004409  0.999982  1.000000  0.000013  0.000124  -0.000013  1.000000  0.000055  -0.000124  -0.000055  1.000000  0.999784  0.003905  0.020398  -0.004007  0.999980  0.004934  -0.020379  -0.005015  0.999780  0.000156  0.010898  
74.424451 -0.002857  0.085104  0.002501  0.987263  0.132470  0.088114  -0.139741  0.986770  0.082208  -0.076058  -0.093474  0.992712  -0.002237  -0.017021  -0.003283  0.195547  -0.197591  0.536342  2.000000  0.999774  0.003949  0.020871  -0.004058  0.999978  0.005152  -0.020851  -0.005235  0.999769  0.999956  0.008502  0.003889  -0.008518  0.999954  0.004297  -0.003852  -0.004330  0.999983  1.000000  0.000011  0.000116  -0.000011  1.000000  0.000054  -0.000116  -0.000054  1.000000  0.999774  0.003949  0.020871  -0.004058  0.999978  0.005152  -0.020851  -0.005235  0.999769  0.000152  0.010296  
74.425701 -0.002865  0.085078  0.002491  0.987185  0.132819  0.088459  -0.140145  0.986689  0.082494  -0.076325  -0.093834  0.992658  -0.002894  -0.017623  -0.003936  0.203481  -0.198718  0.511130  2.000000  0.999762  0.003992  0.021437  -0.004109  0.999977  0.005411  -0.021415  -0.005498  0.999756  0.999962  0.007887  0.003833  -0.007903  0.999960  0.004100  -0.003801  -0.004130  0.999984  1.000000  0.000008  0.000109  -0.000008  1.000000  0.000051  -0.000109  -0.000051  1.000000  0.999762  0.003992  0.021437  -0.004109  0.999977  0.005411  -0.021415  -0.005498  0.999756  0.000146  0.009687  
74.426949 -0.002874  0.085053  0.002481  0.987117  0.133192  0.088657  -0.140550  0.986615  0.082678  -0.076458  -0.094074  0.992625  -0.003418  -0.018012  -0.004423  0.207142  -0.197978  0.487803  2.000000  0.999753  0.004020  0.021879  -0.004143  0.999976  0.005616  -0.021855  -0.005706  0.999745  0.999962  0.007886  0.003835  -0.007902  0.999960  0.004098  -0.003802  -0.004129  0.999984  1.000000  0.000008  0.000109  -0.000008  1.000000  0.000051  -0.000109  -0.000051  1.000000  0.999753  0.004020  0.021879  -0.004143  0.999976  0.005616  -0.021855  -0.005706  0.999745  0.000142  0.009686  
74.427950 -0.002881  0.085033  0.002473  0.987078  0.133372  0.088821  -0.140752  0.986580  0.082761  -0.076592  -0.094193  0.992603  -0.003908  -0.018305  -0.004841  0.208609  -0.196148  0.467139  2.000000  0.999743  0.004048  0.022307  -0.004179  0.999974  0.005816  -0.022283  -0.005908  0.999734  0.999964  0.007693  0.003684  -0.007708  0.999962  0.003993  -0.003654  -0.004021  0.999985  1.000000  0.000008  0.000106  -0.000008  1.000000  0.000050  -0.000106  -0.000050  1.000000  0.999743  0.004048  0.022307  -0.004179  0.999974  0.005816  -0.022283  -0.005908  0.999734  0.000138  0.009425  
74.429198 -0.002890  0.085009  0.002463  0.987020  0.133756  0.088888  -0.141158  0.986505  0.082964  -0.076592  -0.094434  0.992580  -0.004505  -0.018639  -0.005344  0.209619  -0.190537  0.453783  2.000000  0.999731  0.004076  0.022821  -0.004216  0.999973  0.006055  -0.022796  -0.006150  0.999721  0.999969  0.007092  0.003494  -0.007106  0.999968  0.003797  -0.003467  -0.003822  0.999987  1.000000  0.000007  0.000099  -0.000007  1.000000  0.000048  -0.000099  -0.000048  1.000000  0.999731  0.004076  0.022821  -0.004216  0.999973  0.006055  -0.022796  -0.006150  0.999721  0.000133  0.008776  
74.430447 -0.002899  0.084984  0.002453  0.986981  0.133936  0.089053  -0.141360  0.986469  0.083046  -0.076725  -0.094553  0.992559  -0.004979  -0.018908  -0.005815  0.201269  -0.187193  0.429528  2.000000  0.999720  0.004105  0.023309  -0.004253  0.999971  0.006287  -0.023282  -0.006385  0.999709  0.999971  0.006900  0.003343  -0.006912  0.999969  0.003692  -0.003318  -0.003715  0.999988  1.000000  0.000007  0.000096  -0.000007  1.000000  0.000046  -0.000096  -0.000046  1.000000  0.999720  0.004105  0.023309  -0.004253  0.999971  0.006287  -0.023282  -0.006385  0.999709  0.000129  0.008515  
74.431448 -0.002907  0.084965  0.002444  0.986922  0.134321  0.089120  -0.141766  0.986393  0.083249  -0.076725  -0.094794  0.992536  -0.005465  -0.019134  -0.006243  0.202268  -0.177190  0.416735  2.000000  0.999711  0.004122  0.023684  -0.004276  0.999970  0.006468  -0.023657  -0.006568  0.999699  0.999973  0.006491  0.003305  -0.006502  0.999972  0.003601  -0.003282  -0.003623  0.999988  1.000000  0.000005  0.000091  -0.000005  1.000000  0.000045  -0.000091  -0.000045  1.000000  0.999711  0.004122  0.023684  -0.004276  0.999970  0.006468  -0.023657  -0.006568  0.999699  0.000124  0.008130  
74.432448 -0.002915  0.084945  0.002437  0.986883  0.134500  0.089284  -0.141968  0.986357  0.083331  -0.076858  -0.094914  0.992514  -0.005898  -0.019330  -0.006556  0.198291  -0.171112  0.386187  2.000000  0.999702  0.004145  0.024048  -0.004305  0.999969  0.006646  -0.024019  -0.006747  0.999689  0.999974  0.006503  0.003173  -0.006514  0.999973  0.003479  -0.003150  -0.003499  0.999989  1.000000  0.000006  0.000090  -0.000006  1.000000  0.000044  -0.000090  -0.000044  1.000000  0.999702  0.004145  0.024048  -0.004305  0.999969  0.006646  -0.024019  -0.006747  0.999689  0.000119  0.008033  
74.433450 -0.002924  0.084925  0.002429  0.986814  0.134883  0.089467  -0.142373  0.986294  0.083395  -0.076992  -0.095033  0.992492  -0.006259  -0.019522  -0.006817  0.193046  -0.169116  0.376099  2.000000  0.999694  0.004166  0.024398  -0.004334  0.999967  0.006821  -0.024369  -0.006925  0.999679  0.999976  0.006311  0.003021  -0.006321  0.999974  0.003494  -0.002999  -0.003513  0.999989  1.000000  0.000007  0.000087  -0.000007  1.000000  0.000044  -0.000087  -0.000044  1.000000  0.999694  0.004166  0.024398  -0.004334  0.999967  0.006821  -0.024369  -0.006925  0.999679  0.000115  0.007825  
74.434698 -0.002934  0.084900  0.002421  0.986745  0.135266  0.089649  -0.142777  0.986230  0.083459  -0.077125  -0.095152  0.992471  -0.006722  -0.019785  -0.007092  0.179854  -0.164296  0.359018  2.000000  0.999685  0.004193  0.024743  -0.004367  0.999966  0.006995  -0.024713  -0.007101  0.999669  0.999977  0.006118  0.002870  -0.006128  0.999975  0.003509  -0.002848  -0.003527  0.999990  1.000000  0.000007  0.000084  -0.000007  1.000000  0.000044  -0.000084  -0.000044  1.000000  0.999685  0.004193  0.024743  -0.004367  0.999966  0.006995  -0.024713  -0.007101  0.999669  0.000110  0.007619  
74.435951 -0.002945  0.084874  0.002413  0.986706  0.135445  0.089814  -0.142979  0.986194  0.083541  -0.077259  -0.095272  0.992449  -0.007249  -0.020048  -0.007363  0.174768  -0.162348  0.349157  2.000000  0.999674  0.004228  0.025165  -0.004411  0.999964  0.007210  -0.025134  -0.007318  0.999657  0.999977  0.006118  0.002871  -0.006127  0.999975  0.003387  -0.002850  -0.003404  0.999990  1.000000  0.000007  0.000084  -0.000007  1.000000  0.000042  -0.000084  -0.000042  1.000000  0.999674  0.004228  0.025165  -0.004411  0.999964  0.007210  -0.025134  -0.007318  0.999657  0.000106  0.007563  
74.437200 -0.002957  0.084848  0.002405  0.986647  0.135840  0.089865  -0.143385  0.986128  0.083623  -0.077259  -0.095392  0.992437  -0.007583  -0.020157  -0.007451  0.163647  -0.156741  0.335890  2.000000  0.999664  0.004265  0.025570  -0.004456  0.999963  0.007419  -0.025538  -0.007531  0.999645  0.999980  0.005734  0.002566  -0.005743  0.999978  0.003298  -0.002547  -0.003312  0.999991  1.000000  0.000008  0.000078  -0.000008  1.000000  0.000041  -0.000078  -0.000041  1.000000  0.999664  0.004265  0.025570  -0.004456  0.999963  0.007419  -0.025538  -0.007531  0.999645  0.000101  0.007098  
74.438451 -0.002969  0.084822  0.002396  0.986607  0.136009  0.090046  -0.143587  0.986081  0.083825  -0.077392  -0.095632  0.992404  -0.007925  -0.020196  -0.007494  0.160573  -0.151129  0.322630  2.000000  0.999654  0.004297  0.025966  -0.004496  0.999961  0.007622  -0.025932  -0.007737  0.999634  0.999980  0.005734  0.002567  -0.005742  0.999978  0.003175  -0.002548  -0.003190  0.999992  1.000000  0.000008  0.000078  -0.000008  1.000000  0.000040  -0.000078  -0.000040  1.000000  0.999654  0.004297  0.025966  -0.004496  0.999961  0.007622  -0.025932  -0.007737  0.999634  0.000098  0.007042  
74.439701 -0.002981  0.084796  0.002387  0.986577  0.136201  0.090080  -0.143790  0.986043  0.083926  -0.077392  -0.095752  0.992392  -0.008136  -0.020226  -0.007462  0.155298  -0.146049  0.305075  2.000000  0.999643  0.004329  0.026350  -0.004537  0.999959  0.007817  -0.026315  -0.007934  0.999622  0.999981  0.005529  0.002548  -0.005537  0.999980  0.003070  -0.002531  -0.003084  0.999992  1.000000  0.000007  0.000076  -0.000007  1.000000  0.000038  -0.000076  -0.000038  1.000000  0.999643  0.004329  0.026350  -0.004537  0.999959  0.007817  -0.026315  -0.007934  0.999622  0.000094  0.006821  
74.440951 -0.002992  0.084769  0.002377  0.986537  0.136380  0.090245  -0.143992  0.986007  0.084008  -0.077525  -0.095872  0.992370  -0.008384  -0.020356  -0.007452  0.152234  -0.140360  0.291776  2.000000  0.999633  0.004353  0.026727  -0.004568  0.999958  0.008001  -0.026691  -0.008120  0.999611  0.999983  0.005324  0.002529  -0.005331  0.999982  0.002843  -0.002514  -0.002856  0.999993  1.000000  0.000006  0.000073  -0.000006  1.000000  0.000036  -0.000073  -0.000036  1.000000  0.999633  0.004353  0.026727  -0.004568  0.999958  0.008001  -0.026691  -0.008120  0.999611  0.000090  0.006547  
74.441951 -0.003001  0.084748  0.002369  0.986498  0.136560  0.090410  -0.144193  0.985970  0.084090  -0.077659  -0.095991  0.992348  -0.008492  -0.020372  -0.007384  0.149149  -0.134641  0.278428  2.000000  0.999625  0.004370  0.027023  -0.004592  0.999956  0.008140  -0.026986  -0.008261  0.999602  0.999983  0.005324  0.002530  -0.005331  0.999982  0.002721  -0.002516  -0.002734  0.999993  1.000000  0.000006  0.000073  -0.000006  1.000000  0.000034  -0.000073  -0.000034  1.000000  0.999625  0.004370  0.027023  -0.004592  0.999956  0.008140  -0.026986  -0.008261  0.999602  0.000088  0.006495  
74.443199 -0.003012  0.084721  0.002360  0.986447  0.136715  0.090724  -0.144393  0.985925  0.084272  -0.077926  -0.096230  0.992304  -0.008632  -0.020526  -0.007364  0.153768  -0.134123  0.271689  2.000000  0.999617  0.004383  0.027314  -0.004611  0.999955  0.008276  -0.027277  -0.008398  0.999593  0.999983  0.005106  0.002645  -0.005113  0.999983  0.002736  -0.002631  -0.002749  0.999993  1.000000  0.000003  0.000072  -0.000003  1.000000  0.000034  -0.000072  -0.000034  1.000000  0.999617  0.004383  0.027314  -0.004611  0.999955  0.008276  -0.027277  -0.008398  0.999593  0.000085  0.006371  
74.444449 -0.003021  0.084694  0.002350  0.986397  0.136882  0.091020  -0.144593  0.985891  0.084334  -0.078192  -0.096348  0.992272  -0.008624  -0.020655  -0.007388  0.150566  -0.132777  0.257727  2.000000  0.999609  0.004393  0.027602  -0.004627  0.999954  0.008407  -0.027564  -0.008531  0.999584  0.999985  0.004901  0.002626  -0.004908  0.999984  0.002630  -0.002613  -0.002643  0.999993  1.000000  0.000000  0.000000  0.000000  1.000000  0.000000  0.000000  0.000000  1.000000  0.999609  0.004393  0.027602  -0.004627  0.999954  0.008407  -0.027564  -0.008531  0.999584  0.000083  0.000000  
74.445453 -0.003028  0.084673  0.002342  0.986357  0.137050  0.091202  -0.144795  0.985844  0.084535  -0.078326  -0.096588  0.992238  -0.008607  -0.020774  -0.007357  0.151041  -0.132172  0.250792  2.000000  0.999607  0.004396  0.027674  -0.004631  0.999954  0.008439  -0.027636  -0.008564  0.999581  0.999985  0.004901  0.002626  -0.004907  0.999985  0.002507  -0.002614  -0.002520  0.999993  1.000000  0.000000  0.000000  0.000000  1.000000  0.000000  0.000000  0.000000  1.000000  0.999607  0.004396  0.027674  -0.004631  0.999954  0.008439  -0.027636  -0.008564  0.999581  0.000082  0.000000  
74.446697 -0.003037  0.084647  0.002332  0.986306  0.137216  0.091499  -0.144995  0.985809  0.084598  -0.078592  -0.096706  0.992205  -0.008515  -0.020836  -0.007365  0.146242  -0.134932  0.241485  2.000000  0.999607  0.004396  0.027674  -0.004631  0.999954  0.008439  -0.027636  -0.008564  0.999581  0.999986  0.004709  0.002474  -0.004715  0.999986  0.002523  -0.002463  -0.002534  0.999994  1.000000  0.000000  0.000000  0.000000  1.000000  0.000000  0.000000  0.000000  1.000000  0.999607  0.004396  0.027674  -0.004631  0.999954  0.008439  -0.027636  -0.008564  0.999581  0.000080  0.000000  
74.447947 -0.003046  0.084620  0.002322  0.986266  0.137384  0.091681  -0.145196  0.985762  0.084799  -0.078726  -0.096946  0.992171  -0.008406  -0.020984  -0.007352  0.148139  -0.135625  0.236880  2.000000  0.999607  0.004396  0.027674  -0.004631  0.999954  0.008439  -0.027636  -0.008564  0.999581  0.999987  0.004274  0.002702  -0.004280  0.999988  0.002433  -0.002691  -0.002444  0.999993  1.000000  0.000000  0.000000  0.000000  1.000000  0.000000  0.000000  0.000000  1.000000  0.999607  0.004396  0.027674  -0.004631  0.999954  0.008439  -0.027636  -0.008564  0.999581  0.000077  0.000000  
74.448947 -0.003053  0.084598  0.002315  0.986255  0.137360  0.091829  -0.145195  0.985754  0.084899  -0.078859  -0.097065  0.992149  -0.008371  -0.021141  -0.007402  0.143223  -0.138191  0.227405  2.000000  0.999607  0.004396  0.027674  -0.004631  0.999954  0.008439  -0.027636  -0.008564  0.999581  0.999988  0.004069  0.002683  -0.004075  0.999989  0.002448  -0.002673  -0.002459  0.999993  1.000000  0.000000  0.000000  0.000000  1.000000  0.000000  0.000000  0.000000  1.000000  0.999607  0.004396  0.027674  -0.004631  0.999954  0.008439  -0.027636  -0.008564  0.999581  0.000077  0.000000  
74.449951 -0.003060  0.084575  0.002308  0.986245  0.137336  0.091977  -0.145193  0.985745  0.084999  -0.078993  -0.097184  0.992127  -0.008285  -0.021302  -0.007452  0.139759  -0.142088  0.220246  2.000000  0.999607  0.004396  0.027674  -0.004631  0.999954  0.008439  -0.027636  -0.008564  0.999581  0.999989  0.003851  0.002796  -0.003858  0.999990  0.002464  -0.002787  -0.002475  0.999993  1.000000  0.000000  0.000000  0.000000  1.000000  0.000000  0.000000  0.000000  1.000000  0.999607  0.004396  0.027674  -0.004631  0.999954  0.008439  -0.027636  -0.008564  0.999581  0.000075  0.000000  
74.451199 -0.003069  0.084547  0.002299  0.986194  0.137491  0.092291  -0.145393  0.985700  0.085181  -0.079259  -0.097423  0.992082  -0.008115  -0.021471  -0.007470  0.140172  -0.145857  0.212859  2.000000  0.999607  0.004396  0.027674  -0.004631  0.999954  0.008439  -0.027636  -0.008564  0.999581  0.999989  0.003646  0.002777  -0.003653  0.999991  0.002359  -0.002768  -0.002369  0.999993  1.000000  0.000000  0.000000  0.000000  1.000000  0.000000  0.000000  0.000000  1.000000  0.999607  0.004396  0.027674  -0.004631  0.999954  0.008439  -0.027636  -0.008564  0.999581  0.000072  0.000000  
74.452202 -0.003076  0.084525  0.002294  0.986184  0.137478  0.092422  -0.145392  0.985702  0.085161  -0.079393  -0.097422  0.992071  -0.007897  -0.021575  -0.007411  0.130107  -0.141283  0.201250  2.000000  0.999607  0.004396  0.027674  -0.004631  0.999954  0.008439  -0.027636  -0.008564  0.999581  0.999990  0.003416  0.003024  -0.003423  0.999991  0.002374  -0.003016  -0.002384  0.999993  1.000000  0.000000  0.000000  0.000000  1.000000  0.000000  0.000000  0.000000  1.000000  0.999607  0.004396  0.027674  -0.004631  0.999954  0.008439  -0.027636  -0.008564  0.999581  0.000072  0.000000  
74.453455 -0.003084  0.084497  0.002288  0.986133  0.137644  0.092719  -0.145592  0.985667  0.085223  -0.079660  -0.097540  0.992038  -0.007623  -0.021696  -0.007221  0.126539  -0.145149  0.193945  2.000000  0.999607  0.004396  0.027674  -0.004631  0.999954  0.008439  -0.027636  -0.008564  0.999581  0.999990  0.003211  0.003004  -0.003218  0.999992  0.002390  -0.002996  -0.002400  0.999993  1.000000  0.000000  0.000000  0.000000  1.000000  0.000000  0.000000  0.000000  1.000000  0.999607  0.004396  0.027674  -0.004631  0.999954  0.008439  -0.027636  -0.008564  0.999581  0.000069  0.000000  
74.454696 -0.003092  0.084469  0.002283  0.986122  0.137620  0.092867  -0.145590  0.985659  0.085323  -0.079793  -0.097659  0.992016  -0.007396  -0.021771  -0.006924  0.121973  -0.138922  0.185975  2.000000  0.999607  0.004396  0.027674  -0.004631  0.999954  0.008439  -0.027636  -0.008564  0.999581  0.999992  0.002802  0.002964  -0.002809  0.999993  0.002301  -0.002958  -0.002309  0.999993  1.000000  0.000000  0.000000  0.000000  1.000000  0.000000  0.000000  0.000000  1.000000  0.999607  0.004396  0.027674  -0.004631  0.999954  0.008439  -0.027636  -0.008564  0.999581  0.000066  0.000000  
