1-Time 2-Px 3-Py 4-Pz 5-R11 6-R21 7-R31 8-R12 9-R22 10-R32 11-R13 12-R23 13-R33 14-Vx 15-Vy 16-Vz 17-Wx 18-Wy 19-Wz 20-state 21-PR11 22-PR21 23-PR31 24-PR12 25-PR22 26-PR32 27-PR13 28-PR23 29-PR33 
152.163915 0.004295  0.088666  -0.010912  0.997602  0.065252  -0.023079  -0.063547  0.995649  0.068148  0.027425  -0.066518  0.997408  -0.001923  0.000617  0.005502  0.000000  0.000000  0.000000  2.000000  1.000000  0.000000  0.000000  0.000000  1.000000  0.000000  0.000000  0.000000  1.000000  0.999997  0.001527  0.001845  -0.001527  0.999999  0.000045  -0.001845  -0.000048  0.999998  1.000000  0.000000  0.000000  0.000000  1.000000  0.000000  0.000000  0.000000  1.000000  0.751340  0.322448  0.575773  -0.419404  0.906945  0.039378  -0.509497  -0.271068  0.816661  0.000000  0.000000  
152.164921 0.004293  0.088667  -0.010907  0.997606  0.065243  -0.022946  -0.063548  0.995650  0.068139  0.027292  -0.066518  0.997412  -0.001927  0.000595  0.005546  0.000000  0.000000  0.000000  2.000000  1.000000  0.000000  0.000000  0.000000  1.000000  0.000000  0.000000  0.000000  1.000000  0.999997  0.001518  0.001979  -0.001518  0.999999  0.000045  -0.001979  -0.000048  0.999998  1.000000  0.000000  0.000000  0.000000  1.000000  0.000000  0.000000  0.000000  1.000000  1.000000  0.000000  0.000000  0.000000  1.000000  0.000000  0.000000  0.000000  1.000000  0.000000  0.000000  
152.166170 0.004290  0.088664  -0.010904  0.997566  0.065860  -0.022896  -0.064164  0.995601  0.068274  0.027292  -0.066639  0.997404  -0.001987  0.000369  0.005260  0.000000  0.000000  0.000000  2.000000  1.000000  0.000000  0.000000  0.000000  1.000000  0.000000  0.000000  0.000000  1.000000  0.999996  0.001938  0.001873  -0.001938  0.999998  0.000056  -0.001872  -0.000060  0.999998  1.000000  0.000000  0.000000  0.000000  1.000000  0.000000  0.000000  0.000000  1.000000  1.000000  0.000000  0.000000  0.000000  1.000000  0.000000  0.000000  0.000000  1.000000  0.000000  0.000000  
152.167174 0.004287  0.088661  -0.010904  0.997540  0.066273  -0.022860  -0.064574  0.995566  0.068404  0.027292  -0.066760  0.997396  -0.002064  0.000112  0.004915  0.000000  0.000000  0.000000  2.000000  1.000000  0.000000  0.000000  0.000000  1.000000  0.000000  0.000000  0.000000  1.000000  0.999996  0.002152  0.001753  -0.002152  0.999998  0.000183  -0.001753  -0.000187  0.999998  1.000000  0.000000  0.000000  0.000000  1.000000  0.000000  0.000000  0.000000  1.000000  1.000000  0.000000  0.000000  0.000000  1.000000  0.000000  0.000000  0.000000  1.000000  0.000000  0.000000  
152.168421 0.004284  0.088656  -0.010903  0.997513  0.066689  -0.022815  -0.064985  0.995522  0.068655  0.027292  -0.067002  0.997380  -0.002092  -0.000226  0.004530  0.000000  0.000000  0.000000  2.000000  1.000000  0.000000  0.000000  0.000000  1.000000  0.000000  0.000000  0.000000  1.000000  0.999995  0.002571  0.001648  -0.002571  0.999997  0.000437  -0.001646  -0.000441  0.999999  1.000000  0.000000  0.000000  0.000000  1.000000  0.000000  0.000000  0.000000  1.000000  1.000000  0.000000  0.000000  0.000000  1.000000  0.000000  0.000000  0.000000  1.000000  0.000000  0.000000  
152.169424 0.004283  0.088652  -0.010903  0.997500  0.066896  -0.022793  -0.065191  0.995500  0.068781  0.027292  -0.067123  0.997371  -0.002040  -0.000523  0.004197  0.000000  0.000000  0.000000  2.000000  1.000000  0.000000  0.000000  0.000000  1.000000  0.000000  0.000000  0.000000  1.000000  0.999995  0.002776  0.001662  -0.002777  0.999996  0.000685  -0.001660  -0.000690  0.999998  1.000000  0.000000  0.000000  0.000000  1.000000  0.000000  0.000000  0.000000  1.000000  1.000000  0.000000  0.000000  0.000000  1.000000  0.000000  0.000000  0.000000  1.000000  0.000000  0.000000  
152.170429 0.004282  0.088649  -0.010902  0.997473  0.067312  -0.022748  -0.065601  0.995455  0.069032  0.027292  -0.067365  0.997355  -0.001960  -0.000829  0.003839  0.000000  0.000000  0.000000  2.000000  1.000000  0.000000  0.000000  0.000000  1.000000  0.000000  0.000000  0.000000  1.000000  0.999994  0.002990  0.001543  -0.002991  0.999995  0.000812  -0.001540  -0.000816  0.999998  1.000000  0.000000  0.000000  0.000000  1.000000  0.000000  0.000000  0.000000  1.000000  1.000000  0.000000  0.000000  0.000000  1.000000  0.000000  0.000000  0.000000  1.000000  0.000000  0.000000  
152.171670 0.004281  0.088645  -0.010901  0.997428  0.067941  -0.022822  -0.066217  0.995396  0.069296  0.027425  -0.067607  0.997335  -0.001837  -0.001128  0.003445  0.000000  0.000000  0.000000  2.000000  1.000000  0.000000  0.000000  0.000000  1.000000  0.000000  0.000000  0.000000  1.000000  0.999992  0.003614  0.001452  -0.003616  0.999993  0.001071  -0.001448  -0.001076  0.999998  1.000000  0.000000  0.000000  0.000000  1.000000  0.000000  0.000000  0.000000  1.000000  1.000000  0.000000  0.000000  0.000000  1.000000  0.000000  0.000000  0.000000  1.000000  0.000000  0.000000  
152.172672 0.004281  0.088642  -0.010901  0.997401  0.068354  -0.022785  -0.066628  0.995360  0.069426  0.027425  -0.067728  0.997327  -0.001708  -0.001421  0.003055  0.000000  0.000000  0.000000  2.000000  1.000000  0.000000  0.000000  0.000000  1.000000  0.000000  0.000000  0.000000  1.000000  0.999991  0.004034  0.001347  -0.004036  0.999991  0.001325  -0.001342  -0.001331  0.999998  1.000000  0.000000  0.000000  0.000000  1.000000  0.000000  0.000000  0.000000  1.000000  1.000000  0.000000  0.000000  0.000000  1.000000  0.000000  0.000000  0.000000  1.000000  0.000000  0.000000  
152.173674 0.004281  0.088639  -0.010900  0.997360  0.068974  -0.022726  -0.067244  0.995300  0.069682  0.027425  -0.067970  0.997310  -0.001596  -0.001660  0.002711  0.054193  -0.070872  0.182343  2.000000  1.000000  0.000000  0.000000  0.000000  1.000000  0.000000  0.000000  0.000000  1.000000  0.999989  0.004453  0.001242  -0.004455  0.999989  0.001458  -0.001235  -0.001463  0.999998  1.000000  0.000000  0.000000  0.000000  1.000000  0.000000  0.000000  0.000000  1.000000  1.000000  0.000000  0.000000  0.000000  1.000000  0.000000  0.000000  0.000000  1.000000  0.000049  0.000000  
152.174923 0.004281  0.088635  -0.010901  0.997318  0.069591  -0.022674  -0.067860  0.995249  0.069816  0.027425  -0.068091  0.997302  -0.001433  -0.001973  0.002141  0.058648  -0.067329  0.196444  2.000000  1.000000  0.000127  0.000029  -0.000127  1.000000  0.000041  -0.000029  -0.000041  1.000000  0.999986  0.005078  0.001152  -0.005080  0.999986  0.001717  -0.001143  -0.001723  0.999998  1.000000  0.000063  0.000014  -0.000063  1.000000  0.000022  -0.000014  -0.000022  1.000000  1.000000  0.000127  0.000029  -0.000127  1.000000  0.000041  -0.000029  -0.000041  1.000000  0.000054  0.005484  
152.176175 0.004281  0.088632  -0.010903  0.997258  0.070423  -0.022741  -0.068681  0.995182  0.069965  0.027559  -0.068211  0.997290  -0.001246  -0.002235  0.001580  0.063531  -0.064731  0.224378  2.000000  1.000000  0.000468  0.000097  -0.000468  1.000000  0.000151  -0.000097  -0.000151  1.000000  0.999983  0.005712  0.000928  -0.005714  0.999982  0.001856  -0.000917  -0.001861  0.999998  1.000000  0.000071  0.000012  -0.000071  1.000000  0.000023  -0.000012  -0.000023  1.000000  1.000000  0.000468  0.000097  -0.000468  1.000000  0.000151  -0.000097  -0.000151  1.000000  0.000059  0.006078  
152.177424 0.004282  0.088629  -0.010903  0.997201  0.071242  -0.022684  -0.069502  0.995124  0.069984  0.027559  -0.068211  0.997290  -0.001009  -0.002442  0.001096  0.064090  -0.061631  0.245336  2.000000  1.000000  0.000853  0.000153  -0.000853  1.000000  0.000268  -0.000153  -0.000268  1.000000  0.999980  0.006337  0.000836  -0.006339  0.999978  0.001873  -0.000824  -0.001878  0.999998  1.000000  0.000079  0.000010  -0.000079  1.000000  0.000023  -0.000010  -0.000023  1.000000  1.000000  0.000853  0.000153  -0.000853  1.000000  0.000268  -0.000153  -0.000268  1.000000  0.000064  0.006662  
152.178430 0.004284  0.088627  -0.010903  0.997154  0.071869  -0.022765  -0.070117  0.995071  0.070128  0.027693  -0.068332  0.997278  -0.000756  -0.002639  0.000713  0.068749  -0.054072  0.266628  2.000000  0.999999  0.001188  0.000194  -0.001188  0.999999  0.000367  -0.000194  -0.000367  1.000000  0.999975  0.006962  0.000746  -0.006964  0.999974  0.002012  -0.000732  -0.002017  0.999998  1.000000  0.000087  0.000009  -0.000087  1.000000  0.000025  -0.000009  -0.000025  1.000000  0.999999  0.001188  0.000194  -0.001188  0.999999  0.000367  -0.000194  -0.000367  1.000000  0.000069  0.007286  
152.179545 0.004285  0.088625  -0.010904  0.997107  0.072492  -0.022855  -0.070733  0.995025  0.070151  0.027827  -0.068332  0.997275  -0.000559  -0.002847  0.000243  0.068857  -0.045846  0.279883  2.000000  0.999999  0.001465  0.000218  -0.001465  0.999999  0.000443  -0.000218  -0.000443  1.000000  0.999971  0.007587  0.000655  -0.007589  0.999969  0.002028  -0.000639  -0.002033  0.999998  1.000000  0.000095  0.000008  -0.000095  1.000000  0.000025  -0.000008  -0.000025  1.000000  0.999999  0.001465  0.000218  -0.001465  0.999999  0.000443  -0.000218  -0.000443  1.000000  0.000074  0.007882  
152.180673 0.004286  0.088621  -0.010906  0.997045  0.073324  -0.022921  -0.071554  0.994956  0.070300  0.027960  -0.068452  0.997262  -0.000288  -0.002990  -0.000080  0.074024  -0.043437  0.308955  2.000000  0.999998  0.001863  0.000242  -0.001863  0.999998  0.000549  -0.000241  -0.000550  1.000000  0.999966  0.008231  0.000298  -0.008231  0.999964  0.002169  -0.000280  -0.002171  0.999998  1.000000  0.000103  0.000004  -0.000103  1.000000  0.000027  -0.000004  -0.000027  1.000000  0.999998  0.001863  0.000242  -0.001863  0.999998  0.000549  -0.000241  -0.000550  1.000000  0.000079  0.008517  
152.181938 0.004288  0.088617  -0.010907  0.996997  0.073953  -0.022993  -0.072169  0.994893  0.070565  0.028094  -0.068694  0.997242  0.000128  -0.002994  -0.000237  0.082537  -0.035426  0.323242  2.000000  0.999997  0.002408  0.000261  -0.002409  0.999997  0.000692  -0.000259  -0.000692  1.000000  0.999959  0.009061  0.000222  -0.009061  0.999956  0.002314  -0.000201  -0.002316  0.999997  1.000000  0.000113  0.000003  -0.000113  1.000000  0.000029  -0.000003  -0.000029  1.000000  0.999997  0.002408  0.000261  -0.002409  0.999997  0.000692  -0.000259  -0.000692  1.000000  0.000085  0.009355  
152.183169 0.004291  0.088612  -0.010907  0.996933  0.074787  -0.023050  -0.072990  0.994814  0.070835  0.028228  -0.068936  0.997222  0.000408  -0.003037  -0.000236  0.090768  -0.028153  0.348742  2.000000  0.999995  0.002988  0.000267  -0.002988  0.999995  0.000847  -0.000265  -0.000848  1.000000  0.999955  0.009481  0.000119  -0.009481  0.999952  0.002568  -0.000095  -0.002569  0.999997  1.000000  0.000119  0.000001  -0.000119  1.000000  0.000032  -0.000001  -0.000032  1.000000  0.999995  0.002988  0.000267  -0.002988  0.999995  0.000847  -0.000265  -0.000848  1.000000  0.000089  0.009823  
152.184175 0.004293  0.088607  -0.010907  0.996888  0.075407  -0.022988  -0.073606  0.994750  0.071091  0.028228  -0.069178  0.997205  0.000669  -0.003078  -0.000283  0.100246  -0.025353  0.372671  2.000000  0.999994  0.003489  0.000263  -0.003489  0.999993  0.000986  -0.000260  -0.000987  0.999999  0.999947  0.010320  -0.000089  -0.010320  0.999943  0.002834  0.000118  -0.002833  0.999996  1.000000  0.000129  -0.000001  -0.000129  1.000000  0.000035  0.000001  -0.000035  1.000000  0.999994  0.003489  0.000263  -0.003489  0.999993  0.000986  -0.000260  -0.000987  0.999999  0.000096  0.010703  
152.185431 0.004295  0.088600  -0.010908  0.996808  0.076446  -0.023029  -0.074632  0.994654  0.071366  0.028362  -0.069419  0.997184  0.000965  -0.003255  -0.000385  0.109130  -0.018297  0.400697  2.000000  0.999991  0.004149  0.000253  -0.004150  0.999991  0.001177  -0.000248  -0.001178  0.999999  0.999940  0.010955  -0.000309  -0.010954  0.999935  0.003216  0.000344  -0.003213  0.999995  1.000000  0.000137  -0.000004  -0.000137  1.000000  0.000040  0.000004  -0.000040  1.000000  0.999991  0.004149  0.000253  -0.004150  0.999991  0.001177  -0.000248  -0.001178  0.999999  0.000102  0.011421  
152.186676 0.004299  0.088592  -0.010911  0.996746  0.077276  -0.022933  -0.075452  0.994556  0.071867  0.028362  -0.069903  0.997151  0.001209  -0.003494  -0.000649  0.125270  -0.020130  0.425089  2.000000  0.999988  0.004849  0.000235  -0.004850  0.999987  0.001390  -0.000228  -0.001392  0.999999  0.999935  0.011365  -0.000276  -0.011364  0.999929  0.003592  0.000317  -0.003588  0.999994  1.000000  0.000142  -0.000004  -0.000142  1.000000  0.000045  0.000004  -0.000045  1.000000  0.999988  0.004849  0.000235  -0.004850  0.999987  0.001390  -0.000228  -0.001392  0.999999  0.000110  0.011922  
152.187678 0.004301  0.088585  -0.010914  0.996695  0.077905  -0.023002  -0.076068  0.994490  0.072133  0.028495  -0.070145  0.997130  0.001332  -0.003805  -0.000925  0.134767  -0.012311  0.442738  2.000000  0.999986  0.005281  0.000225  -0.005281  0.999985  0.001530  -0.000217  -0.001531  0.999999  0.999933  0.011571  -0.000257  -0.011570  0.999926  0.003840  0.000302  -0.003837  0.999993  1.000000  0.000145  -0.000003  -0.000145  1.000000  0.000048  0.000003  -0.000048  1.000000  0.999986  0.005281  0.000225  -0.005281  0.999985  0.001530  -0.000217  -0.001531  0.999999  0.000114  0.012194  
152.188926 0.004304  0.088576  -0.010920  0.996648  0.078530  -0.022920  -0.076683  0.994407  0.072630  0.028495  -0.070629  0.997096  0.001534  -0.004129  -0.001282  0.151615  -0.009356  0.463712  2.000000  0.999982  0.006015  0.000201  -0.006015  0.999980  0.001775  -0.000191  -0.001776  0.999998  0.999930  0.011786  -0.000372  -0.011784  0.999923  0.003968  0.000419  -0.003964  0.999992  1.000000  0.000147  -0.000005  -0.000147  1.000000  0.000050  0.000005  -0.000050  1.000000  0.999982  0.006015  0.000201  -0.006015  0.999980  0.001775  -0.000191  -0.001776  0.999998  0.000120  0.012441  
152.190171 0.004306  0.088566  -0.010926  0.996601  0.079153  -0.022846  -0.077299  0.994331  0.073006  0.028495  -0.070991  0.997070  0.001732  -0.004510  -0.001663  0.164236  -0.005908  0.477924  2.000000  0.999977  0.006772  0.000180  -0.006772  0.999975  0.002031  -0.000166  -0.002032  0.999998  0.999923  0.012401  -0.000324  -0.012400  0.999915  0.004107  0.000374  -0.004102  0.999992  1.000000  0.000155  -0.000004  -0.000155  1.000000  0.000051  0.000004  -0.000051  1.000000  0.999977  0.006772  0.000180  -0.006772  0.999975  0.002031  -0.000166  -0.002032  0.999998  0.000126  0.013067  
152.191172 0.004309  0.088559  -0.010931  0.996553  0.079772  -0.022782  -0.077914  0.994265  0.073261  0.028495  -0.071233  0.997053  0.001870  -0.004867  -0.001916  0.172933  -0.002909  0.498917  2.000000  0.999973  0.007389  0.000164  -0.007389  0.999970  0.002244  -0.000147  -0.002245  0.999997  0.999923  0.012402  -0.000319  -0.012400  0.999914  0.004349  0.000373  -0.004345  0.999990  1.000000  0.000155  -0.000004  -0.000155  1.000000  0.000054  0.000004  -0.000054  1.000000  0.999973  0.007389  0.000164  -0.007389  0.999970  0.002244  -0.000147  -0.002245  0.999997  0.000130  0.013146  
152.192177 0.004312  0.088551  -0.010936  0.996508  0.080385  -0.022574  -0.078530  0.994189  0.073626  0.028362  -0.071596  0.997030  0.002014  -0.005315  -0.002271  0.185513  -0.008441  0.512402  2.000000  0.999968  0.008011  0.000154  -0.008012  0.999965  0.002458  -0.000134  -0.002459  0.999997  0.999923  0.012392  -0.000183  -0.012391  0.999914  0.004348  0.000236  -0.004345  0.999991  1.000000  0.000155  -0.000003  -0.000155  1.000000  0.000054  0.000003  -0.000054  1.000000  0.999968  0.008011  0.000154  -0.008012  0.999965  0.002458  -0.000134  -0.002459  0.999997  0.000134  0.013134  
152.193425 0.004315  0.088542  -0.010941  0.996443  0.081209  -0.022494  -0.079351  0.994105  0.073886  0.028362  -0.071838  0.997013  0.002093  -0.005715  -0.002533  0.194366  -0.005931  0.540208  2.000000  0.999961  0.008793  0.000152  -0.008793  0.999958  0.002732  -0.000128  -0.002733  0.999996  0.999921  0.012588  -0.000030  -0.012588  0.999911  0.004475  0.000086  -0.004474  0.999990  1.000000  0.000157  -0.000001  -0.000157  1.000000  0.000056  0.000001  -0.000056  1.000000  0.999961  0.008793  0.000152  -0.008793  0.999958  0.002732  -0.000128  -0.002733  0.999996  0.000142  0.013360  
152.194670 0.004319  0.088534  -0.010944  0.996414  0.081617  -0.022301  -0.079761  0.994045  0.074246  0.028228  -0.072201  0.996991  0.002274  -0.006085  -0.002659  0.205089  -0.006459  0.542810  2.000000  0.999954  0.009571  0.000157  -0.009572  0.999950  0.003009  -0.000128  -0.003011  0.999995  0.999923  0.012373  0.000092  -0.012373  0.999913  0.004467  -0.000037  -0.004468  0.999990  1.000000  0.000155  0.000001  -0.000155  1.000000  0.000056  -0.000001  -0.000056  1.000000  0.999954  0.009571  0.000157  -0.009572  0.999950  0.003009  -0.000128  -0.003011  0.999995  0.000145  0.013155  
152.195728 0.004322  0.088528  -0.010945  0.996385  0.082019  -0.022127  -0.080172  0.994003  0.074365  0.028094  -0.072322  0.996986  0.002378  -0.006215  -0.002630  0.210400  -0.011009  0.545886  2.000000  0.999950  0.010035  0.000163  -0.010036  0.999945  0.003183  -0.000131  -0.003185  0.999995  0.999924  0.012363  0.000228  -0.012364  0.999913  0.004587  -0.000172  -0.004589  0.999989  1.000000  0.000155  0.000003  -0.000155  1.000000  0.000057  -0.000002  -0.000057  1.000000  0.999950  0.010035  0.000163  -0.010036  0.999945  0.003183  -0.000131  -0.003185  0.999995  0.000148  0.013189  
152.196921 0.004326  0.088521  -0.010945  0.996335  0.082639  -0.022061  -0.080787  0.993934  0.074620  0.028094  -0.072564  0.996968  0.002495  -0.006398  -0.002544  0.210864  -0.011166  0.547085  2.000000  0.999943  0.010653  0.000175  -0.010654  0.999937  0.003420  -0.000139  -0.003422  0.999994  0.999924  0.012363  0.000231  -0.012364  0.999912  0.004829  -0.000172  -0.004832  0.999988  1.000000  0.000155  0.000003  -0.000155  1.000000  0.000060  -0.000003  -0.000060  1.000000  0.999943  0.010653  0.000175  -0.010654  0.999937  0.003420  -0.000139  -0.003422  0.999994  0.000149  0.013276  
152.197922 0.004328  0.088515  -0.010945  0.996306  0.083043  -0.021878  -0.081198  0.993883  0.074859  0.027960  -0.072806  0.996954  0.002559  -0.006574  -0.002553  0.215072  -0.016234  0.553609  2.000000  0.999936  0.011268  0.000200  -0.011269  0.999930  0.003661  -0.000158  -0.003663  0.999993  0.999924  0.012344  0.000501  -0.012346  0.999912  0.004949  -0.000440  -0.004955  0.999988  1.000000  0.000154  0.000006  -0.000154  1.000000  0.000062  -0.000006  -0.000062  1.000000  0.999936  0.011268  0.000200  -0.011269  0.999930  0.003661  -0.000158  -0.003663  0.999993  0.000148  0.013310  
152.199174 0.004331  0.088507  -0.010943  0.996259  0.083653  -0.021678  -0.081813  0.993814  0.075103  0.027827  -0.073049  0.996940  0.002538  -0.006687  -0.002417  0.215231  -0.021340  0.560207  2.000000  0.999928  0.012024  0.000235  -0.012025  0.999920  0.003974  -0.000187  -0.003977  0.999992  0.999926  0.012128  0.000622  -0.012131  0.999914  0.005063  -0.000561  -0.005070  0.999987  1.000000  0.000152  0.000007  -0.000152  1.000000  0.000063  -0.000007  -0.000063  1.000000  0.999928  0.012024  0.000235  -0.012025  0.999920  0.003974  -0.000187  -0.003977  0.999992  0.000151  0.013159  
152.200422 0.004332  0.088498  -0.010943  0.996229  0.084058  -0.021494  -0.082224  0.993762  0.075342  0.027693  -0.073291  0.996926  0.002417  -0.006782  -0.002359  0.213451  -0.025752  0.555352  2.000000  0.999919  0.012755  0.000284  -0.012757  0.999909  0.004299  -0.000229  -0.004302  0.999991  0.999934  0.011493  0.000847  -0.011497  0.999920  0.005289  -0.000786  -0.005298  0.999986  1.000000  0.000144  0.000010  -0.000144  1.000000  0.000066  -0.000010  -0.000066  1.000000  0.999919  0.012755  0.000284  -0.012757  0.999909  0.004299  -0.000229  -0.004302  0.999991  0.000150  0.012682  
152.201422 0.004332  0.088490  -0.010944  0.996195  0.084472  -0.021442  -0.082634  0.993709  0.075592  0.027693  -0.073533  0.996908  0.002236  -0.006886  -0.002247  0.217468  -0.025850  0.555278  2.000000  0.999911  0.013314  0.000337  -0.013315  0.999901  0.004562  -0.000277  -0.004567  0.999990  0.999938  0.011063  0.001086  -0.011068  0.999924  0.005398  -0.001026  -0.005409  0.999985  1.000000  0.000138  0.000013  -0.000138  1.000000  0.000068  -0.000013  -0.000068  1.000000  0.999911  0.013314  0.000337  -0.013315  0.999901  0.004562  -0.000277  -0.004567  0.999990  0.000151  0.012360  
152.202435 0.004332  0.088483  -0.010944  0.996178  0.084682  -0.021406  -0.082839  0.993673  0.075838  0.027693  -0.073774  0.996890  0.002072  -0.006943  -0.002027  0.218831  -0.029694  0.545515  2.000000  0.999906  0.013724  0.000380  -0.013725  0.999894  0.004764  -0.000314  -0.004769  0.999989  0.999940  0.010857  0.001073  -0.010863  0.999926  0.005514  -0.001014  -0.005525  0.999984  1.000000  0.000136  0.000013  -0.000136  1.000000  0.000069  -0.000013  -0.000069  1.000000  0.999906  0.013724  0.000380  -0.013725  0.999894  0.004764  -0.000314  -0.004769  0.999989  0.000147  0.012227  
152.203671 0.004331  0.088474  -0.010944  0.996148  0.085089  -0.021211  -0.083250  0.993611  0.076197  0.027559  -0.074137  0.996867  0.001878  -0.006976  -0.001727  0.220934  -0.033587  0.534070  2.000000  0.999896  0.014388  0.000464  -0.014391  0.999883  0.005109  -0.000390  -0.005116  0.999987  0.999945  0.010427  0.001312  -0.010434  0.999930  0.005501  -0.001255  -0.005514  0.999984  1.000000  0.000130  0.000016  -0.000130  1.000000  0.000069  -0.000016  -0.000069  1.000000  0.999896  0.014388  0.000464  -0.014391  0.999883  0.005109  -0.000390  -0.005116  0.999987  0.000146  0.011865  
152.204673 0.004331  0.088466  -0.010944  0.996117  0.085493  -0.021026  -0.083660  0.993559  0.076435  0.027425  -0.074380  0.996853  0.001704  -0.006864  -0.001251  0.224737  -0.037641  0.526865  2.000000  0.999889  0.014904  0.000537  -0.014907  0.999874  0.005387  -0.000456  -0.005394  0.999985  0.999947  0.010211  0.001433  -0.010219  0.999933  0.005496  -0.001377  -0.005510  0.999984  1.000000  0.000128  0.000018  -0.000128  1.000000  0.000069  -0.000018  -0.000069  1.000000  0.999889  0.014904  0.000537  -0.014907  0.999874  0.005387  -0.000456  -0.005394  0.999985  0.000144  0.011688  
152.205674 0.004330  0.088459  -0.010944  0.996082  0.085907  -0.020974  -0.084070  0.993505  0.076685  0.027425  -0.074621  0.996835  0.001454  -0.006849  -0.000930  0.232636  -0.037216  0.520020  2.000000  0.999881  0.015401  0.000617  -0.015405  0.999865  0.005665  -0.000530  -0.005674  0.999984  0.999951  0.009790  0.001539  -0.009799  0.999936  0.005604  -0.001484  -0.005619  0.999983  1.000000  0.000122  0.000019  -0.000122  1.000000  0.000070  -0.000019  -0.000070  1.000000  0.999881  0.015401  0.000617  -0.015405  0.999865  0.005665  -0.000530  -0.005674  0.999984  0.000142  0.011389  
152.206926 0.004328  0.088450  -0.010945  0.996069  0.086109  -0.020794  -0.084276  0.993460  0.077040  0.027292  -0.074984  0.996811  0.001107  -0.006854  -0.000586  0.242154  -0.045137  0.502992  2.000000  0.999872  0.015997  0.000728  -0.016001  0.999854  0.006012  -0.000631  -0.006023  0.999982  0.999955  0.009359  0.001778  -0.009369  0.999941  0.005471  -0.001726  -0.005487  0.999983  1.000000  0.000117  0.000022  -0.000117  1.000000  0.000068  -0.000022  -0.000068  1.000000  0.999872  0.015997  0.000728  -0.016001  0.999854  0.006012  -0.000631  -0.006023  0.999982  0.000141  0.010990  
152.208175 0.004325  0.088440  -0.010948  0.996041  0.086506  -0.020465  -0.084686  0.993398  0.077387  0.027024  -0.075348  0.996791  0.000686  -0.006897  -0.000431  0.249961  -0.057736  0.488342  2.000000  0.999863  0.016558  0.000850  -0.016563  0.999843  0.006353  -0.000744  -0.006366  0.999979  0.999960  0.008723  0.002001  -0.008733  0.999948  0.005331  -0.001955  -0.005348  0.999984  1.000000  0.000109  0.000025  -0.000109  1.000000  0.000067  -0.000025  -0.000067  1.000000  0.999863  0.016558  0.000850  -0.016563  0.999843  0.006353  -0.000744  -0.006366  0.999979  0.000139  0.010421  
152.209426 0.004322  0.088429  -0.010952  0.996013  0.086902  -0.020135  -0.085097  0.993336  0.077734  0.026757  -0.075711  0.996771  0.000201  -0.007059  -0.000536  0.260797  -0.070468  0.478304  2.000000  0.999853  0.017090  0.000990  -0.017096  0.999831  0.006687  -0.000875  -0.006703  0.999977  0.999961  0.008497  0.002256  -0.008509  0.999950  0.005324  -0.002210  -0.005343  0.999983  1.000000  0.000106  0.000028  -0.000106  1.000000  0.000067  -0.000028  -0.000067  1.000000  0.999853  0.017090  0.000990  -0.017096  0.999831  0.006687  -0.000875  -0.006703  0.999977  0.000138  0.010283  
152.210671 0.004319  0.088419  -0.010957  0.995982  0.087306  -0.019949  -0.085507  0.993282  0.077972  0.026623  -0.075953  0.996756  -0.000186  -0.007252  -0.000773  0.263423  -0.078179  0.462049  2.000000  0.999846  0.017503  0.001114  -0.017511  0.999822  0.006953  -0.000992  -0.006972  0.999975  0.999963  0.008270  0.002510  -0.008284  0.999952  0.005317  -0.002466  -0.005337  0.999983  1.000000  0.000103  0.000031  -0.000103  1.000000  0.000067  -0.000031  -0.000067  1.000000  0.999846  0.017503  0.001114  -0.017511  0.999822  0.006953  -0.000992  -0.006972  0.999975  0.000136  0.010153  
152.211923 0.004315  0.088409  -0.010962  0.995954  0.087702  -0.019620  -0.085918  0.993219  0.078319  0.026355  -0.076316  0.996735  -0.000760  -0.007478  -0.001143  0.267369  -0.091208  0.454418  2.000000  0.999837  0.018007  0.001281  -0.018016  0.999811  0.007280  -0.001149  -0.007302  0.999973  0.999964  0.008054  0.002629  -0.008068  0.999954  0.005189  -0.002588  -0.005210  0.999983  1.000000  0.000101  0.000033  -0.000101  1.000000  0.000065  -0.000033  -0.000065  1.000000  0.999837  0.018007  0.001281  -0.018016  0.999811  0.007280  -0.001149  -0.007302  0.999973  0.000134  0.009941  
152.213172 0.004311  0.088399  -0.010967  0.995922  0.088108  -0.019422  -0.086328  0.993155  0.078677  0.026222  -0.076679  0.996711  -0.001246  -0.007645  -0.001572  0.272978  -0.099521  0.436604  2.000000  0.999828  0.018484  0.001453  -0.018495  0.999800  0.007605  -0.001312  -0.007631  0.999970  0.999969  0.007428  0.002718  -0.007442  0.999959  0.005171  -0.002680  -0.005191  0.999983  1.000000  0.000093  0.000034  -0.000093  1.000000  0.000065  -0.000034  -0.000065  1.000000  0.999828  0.018484  0.001453  -0.018495  0.999800  0.007605  -0.001312  -0.007631  0.999970  0.000131  0.009455  
152.214446 0.004306  0.088388  -0.010972  0.995911  0.088296  -0.019119  -0.086534  0.993120  0.078899  0.025954  -0.076922  0.996699  -0.001669  -0.007768  -0.001912  0.268037  -0.107009  0.414845  2.000000  0.999819  0.018935  0.001632  -0.018947  0.999789  0.007930  -0.001481  -0.007960  0.999967  0.999971  0.007006  0.002823  -0.007021  0.999961  0.005281  -0.002786  -0.005300  0.999982  1.000000  0.000088  0.000035  -0.000088  1.000000  0.000066  -0.000035  -0.000066  1.000000  0.999819  0.018935  0.001632  -0.018947  0.999789  0.007930  -0.001481  -0.007960  0.999967  0.000129  0.009222  
152.215670 0.004301  0.088378  -0.010976  0.995878  0.088702  -0.018922  -0.086944  0.993055  0.079256  0.025820  -0.077284  0.996675  -0.002052  -0.007857  -0.002156  0.269983  -0.114764  0.404355  2.000000  0.999812  0.019283  0.001779  -0.019296  0.999780  0.008190  -0.001620  -0.008223  0.999965  0.999973  0.006790  0.002942  -0.006805  0.999963  0.005274  -0.002906  -0.005293  0.999982  1.000000  0.000085  0.000037  -0.000085  1.000000  0.000066  -0.000037  -0.000066  1.000000  0.999812  0.019283  0.001779  -0.019296  0.999780  0.008190  -0.001620  -0.008223  0.999965  0.000124  0.009093  
152.216671 0.004297  0.088370  -0.010978  0.995864  0.088900  -0.018751  -0.087150  0.993019  0.079489  0.025687  -0.077527  0.996659  -0.002399  -0.007886  -0.002303  0.265335  -0.117809  0.383435  2.000000  0.999806  0.019625  0.001928  -0.019640  0.999771  0.008450  -0.001762  -0.008486  0.999962  0.999973  0.006789  0.002944  -0.006805  0.999963  0.005273  -0.002908  -0.005293  0.999982  1.000000  0.000085  0.000037  -0.000085  1.000000  0.000066  -0.000037  -0.000066  1.000000  0.999806  0.019625  0.001928  -0.019640  0.999771  0.008450  -0.001762  -0.008486  0.999962  0.000122  0.009092  
152.217674 0.004292  0.088362  -0.010979  0.995831  0.089303  -0.018564  -0.087560  0.992964  0.079726  0.025553  -0.077769  0.996644  -0.002661  -0.007891  -0.002331  0.265141  -0.126287  0.375892  2.000000  0.999799  0.019948  0.002080  -0.019966  0.999763  0.008709  -0.001906  -0.008749  0.999960  0.999975  0.006368  0.003047  -0.006384  0.999966  0.005261  -0.003013  -0.005281  0.999982  1.000000  0.000080  0.000038  -0.000080  1.000000  0.000066  -0.000038  -0.000066  1.000000  0.999799  0.019948  0.002080  -0.019966  0.999763  0.008709  -0.001906  -0.008749  0.999960  0.000119  0.008810  
152.218926 0.004286  0.088354  -0.010980  0.995817  0.089502  -0.018393  -0.087765  0.992927  0.079959  0.025419  -0.078011  0.996628  -0.002967  -0.007851  -0.002337  0.258638  -0.130434  0.357986  2.000000  0.999792  0.020267  0.002234  -0.020286  0.999754  0.008973  -0.002052  -0.009016  0.999957  0.999975  0.006367  0.003049  -0.006383  0.999965  0.005382  -0.003014  -0.005401  0.999981  1.000000  0.000080  0.000038  -0.000080  1.000000  0.000067  -0.000038  -0.000067  1.000000  0.999792  0.020267  0.002234  -0.020286  0.999754  0.008973  -0.002052  -0.009016  0.999957  0.000118  0.008883  
152.219956 0.004281  0.088347  -0.010980  0.995802  0.089700  -0.018222  -0.087971  0.992890  0.080192  0.025285  -0.078253  0.996613  -0.003301  -0.007827  -0.002424  0.254011  -0.134333  0.350244  2.000000  0.999785  0.020574  0.002390  -0.020596  0.999745  0.009237  -0.002200  -0.009285  0.999954  0.999978  0.005956  0.003018  -0.005972  0.999968  0.005371  -0.002986  -0.005389  0.999981  1.000000  0.000075  0.000038  -0.000075  1.000000  0.000067  -0.000038  -0.000067  1.000000  0.999785  0.020574  0.002390  -0.020596  0.999745  0.009237  -0.002200  -0.009285  0.999954  0.000114  0.008575  
152.221173 0.004275  0.088339  -0.010981  0.995769  0.090105  -0.018023  -0.088381  0.992825  0.080549  0.025151  -0.078616  0.996588  -0.003625  -0.007758  -0.002493  0.253927  -0.133599  0.336860  2.000000  0.999779  0.020874  0.002551  -0.020897  0.999736  0.009505  -0.002352  -0.009556  0.999952  0.999976  0.006150  0.003169  -0.006167  0.999967  0.005375  -0.003136  -0.005394  0.999981  1.000000  0.000077  0.000039  -0.000077  1.000000  0.000067  -0.000039  -0.000067  1.000000  0.999779  0.020874  0.002551  -0.020897  0.999736  0.009505  -0.002352  -0.009556  0.999952  0.000113  0.008767  
152.222426 0.004269  0.088331  -0.010984  0.995754  0.090304  -0.017852  -0.088586  0.992787  0.080782  0.025018  -0.078858  0.996572  -0.003894  -0.007645  -0.002571  0.249198  -0.136583  0.315690  2.000000  0.999772  0.021171  0.002714  -0.021196  0.999728  0.009778  -0.002506  -0.009833  0.999949  0.999977  0.005944  0.003154  -0.005961  0.999967  0.005490  -0.003122  -0.005509  0.999980  1.000000  0.000074  0.000039  -0.000074  1.000000  0.000069  -0.000039  -0.000069  1.000000  0.999772  0.021171  0.002714  -0.021196  0.999728  0.009778  -0.002506  -0.009833  0.999949  0.000108  0.008691  
152.223678 0.004262  0.088323  -0.010989  0.995721  0.090706  -0.017664  -0.088997  0.992731  0.081018  0.024884  -0.079100  0.996556  -0.004154  -0.007480  -0.002604  0.247143  -0.135556  0.313109  2.000000  0.999764  0.021534  0.002922  -0.021562  0.999716  0.010115  -0.002703  -0.010176  0.999945  0.999977  0.005932  0.003290  -0.005950  0.999967  0.005490  -0.003257  -0.005509  0.999980  1.000000  0.000074  0.000041  -0.000074  1.000000  0.000069  -0.000041  -0.000069  1.000000  0.999764  0.021534  0.002922  -0.021562  0.999716  0.010115  -0.002703  -0.010176  0.999945  0.000106  0.008733  
152.224921 0.004256  0.088315  -0.010994  0.995688  0.091109  -0.017475  -0.089407  0.992675  0.081254  0.024750  -0.079342  0.996540  -0.004346  -0.007375  -0.002708  0.245174  -0.140887  0.308758  2.000000  0.999755  0.021891  0.003129  -0.021923  0.999705  0.010450  -0.002900  -0.010516  0.999941  0.999978  0.005726  0.003275  -0.005744  0.999969  0.005362  -0.003244  -0.005381  0.999980  1.000000  0.000072  0.000041  -0.000072  1.000000  0.000067  -0.000041  -0.000067  1.000000  0.999755  0.021891  0.003129  -0.021923  0.999705  0.010450  -0.002900  -0.010516  0.999941  0.000104  0.008507  
152.225922 0.004250  0.088309  -0.010999  0.995672  0.091307  -0.017304  -0.089612  0.992638  0.081487  0.024616  -0.079584  0.996524  -0.004537  -0.007232  -0.002734  0.248766  -0.140268  0.301508  2.000000  0.999749  0.022172  0.003301  -0.022206  0.999696  0.010714  -0.003063  -0.010785  0.999937  0.999979  0.005520  0.003260  -0.005538  0.999970  0.005357  -0.003230  -0.005375  0.999980  1.000000  0.000069  0.000041  -0.000069  1.000000  0.000067  -0.000041  -0.000067  1.000000  0.999749  0.022172  0.003301  -0.022206  0.999696  0.010714  -0.003063  -0.010785  0.999937  0.000104  0.008360  
152.226927 0.004246  0.088303  -0.011003  0.995657  0.091504  -0.017132  -0.089817  0.992600  0.081719  0.024483  -0.079826  0.996508  -0.004662  -0.007026  -0.002726  0.248343  -0.139276  0.287658  2.000000  0.999744  0.022381  0.003431  -0.022417  0.999689  0.010913  -0.003186  -0.010987  0.999935  0.999979  0.005509  0.003395  -0.005527  0.999970  0.005356  -0.003365  -0.005375  0.999980  1.000000  0.000069  0.000042  -0.000069  1.000000  0.000067  -0.000042  -0.000067  1.000000  0.999744  0.022381  0.003431  -0.022417  0.999689  0.010913  -0.003186  -0.010987  0.999935  0.000101  0.008406  
152.228172 0.004241  0.088296  -0.011009  0.995645  0.091694  -0.016816  -0.090023  0.992553  0.082060  0.024215  -0.080189  0.996486  -0.004688  -0.006836  -0.002769  0.250115  -0.146579  0.277716  2.000000  0.999735  0.022721  0.003653  -0.022761  0.999678  0.011243  -0.003396  -0.011323  0.999930  0.999979  0.005497  0.003529  -0.005516  0.999970  0.005354  -0.003500  -0.005374  0.999979  1.000000  0.000069  0.000044  -0.000069  1.000000  0.000067  -0.000044  -0.000067  1.000000  0.999735  0.022721  0.003653  -0.022761  0.999678  0.011243  -0.003396  -0.011323  0.999930  0.000102  0.008453  
152.229423 0.004236  0.088289  -0.011015  0.995630  0.091891  -0.016644  -0.090228  0.992515  0.082292  0.024081  -0.080431  0.996469  -0.004716  -0.006625  -0.002868  0.251807  -0.146809  0.266208  2.000000  0.999727  0.023054  0.003876  -0.023098  0.999666  0.011568  -0.003608  -0.011655  0.999926  0.999980  0.005302  0.003381  -0.005320  0.999972  0.005227  -0.003353  -0.005245  0.999981  1.000000  0.000066  0.000042  -0.000066  1.000000  0.000065  -0.000042  -0.000065  1.000000  0.999727  0.023054  0.003876  -0.023098  0.999666  0.011568  -0.003608  -0.011655  0.999926  0.000099  0.008183  
152.230425 0.004232  0.088283  -0.011020  0.995618  0.092078  -0.016339  -0.090434  0.992478  0.082512  0.023814  -0.080673  0.996456  -0.004688  -0.006431  -0.003020  0.251562  -0.150818  0.258919  2.000000  0.999720  0.023318  0.004054  -0.023365  0.999657  0.011825  -0.003777  -0.011916  0.999922  0.999980  0.005301  0.003382  -0.005318  0.999973  0.005105  -0.003355  -0.005123  0.999981  1.000000  0.000066  0.000042  -0.000066  1.000000  0.000064  -0.000042  -0.000064  1.000000  0.999720  0.023318  0.004054  -0.023365  0.999657  0.011825  -0.003777  -0.011916  0.999922  0.000098  0.008106  
152.231425 0.004228  0.088277  -0.011025  0.995584  0.092480  -0.016150  -0.090844  0.992421  0.082748  0.023680  -0.080915  0.996440  -0.004635  -0.006297  -0.003232  0.253760  -0.156733  0.260812  2.000000  0.999713  0.023575  0.004231  -0.023624  0.999648  0.012079  -0.003945  -0.012176  0.999918  0.999981  0.005084  0.003501  -0.005102  0.999973  0.005221  -0.003474  -0.005238  0.999980  1.000000  0.000064  0.000044  -0.000064  1.000000  0.000065  -0.000044  -0.000065  1.000000  0.999713  0.023575  0.004231  -0.023624  0.999648  0.012079  -0.003945  -0.012176  0.999918  0.000098  0.008090  
152.232668 0.004224  0.088270  -0.011033  0.995568  0.092679  -0.015967  -0.091049  0.992373  0.083100  0.023546  -0.081278  0.996413  -0.004505  -0.006181  -0.003551  0.253543  -0.154201  0.256424  2.000000  0.999705  0.023884  0.004448  -0.023938  0.999637  0.012396  -0.004150  -0.012499  0.999913  0.999982  0.004889  0.003352  -0.004906  0.999975  0.005094  -0.003327  -0.005110  0.999981  1.000000  0.000061  0.000042  -0.000061  1.000000  0.000064  -0.000042  -0.000064  1.000000  0.999705  0.023884  0.004448  -0.023938  0.999637  0.012396  -0.004150  -0.012499  0.999913  0.000099  0.007821  
152.233672 0.004221  0.088263  -0.011038  0.995571  0.092672  -0.015811  -0.091050  0.992354  0.083329  0.023413  -0.081520  0.996397  -0.004433  -0.006144  -0.003985  0.255292  -0.158961  0.244383  2.000000  0.999698  0.024125  0.004621  -0.024182  0.999628  0.012648  -0.004314  -0.012756  0.999909  0.999983  0.004683  0.003336  -0.004700  0.999976  0.005088  -0.003312  -0.005104  0.999981  1.000000  0.000059  0.000042  -0.000059  1.000000  0.000064  -0.000042  -0.000064  1.000000  0.999698  0.024125  0.004621  -0.024182  0.999628  0.012648  -0.004314  -0.012756  0.999909  0.000097  0.007683  
152.234922 0.004217  0.088255  -0.011046  0.995537  0.093074  -0.015622  -0.091460  0.992296  0.083564  0.023279  -0.081762  0.996380  -0.004326  -0.006170  -0.004379  0.253286  -0.158219  0.249132  2.000000  0.999692  0.024361  0.004792  -0.024422  0.999618  0.012902  -0.004475  -0.013015  0.999905  0.999983  0.004682  0.003338  -0.004699  0.999975  0.005209  -0.003313  -0.005224  0.999981  1.000000  0.000059  0.000042  -0.000059  1.000000  0.000065  -0.000042  -0.000065  1.000000  0.999692  0.024361  0.004792  -0.024422  0.999618  0.012902  -0.004475  -0.013015  0.999905  0.000096  0.007764  
152.235924 0.004214  0.088249  -0.011051  0.995521  0.093273  -0.015438  -0.091665  0.992248  0.083916  0.023145  -0.082125  0.996353  -0.004182  -0.006140  -0.004682  0.253076  -0.162206  0.241867  2.000000  0.999685  0.024598  0.004959  -0.024661  0.999609  0.013156  -0.004634  -0.013274  0.999901  0.999984  0.004692  0.003206  -0.004709  0.999975  0.005208  -0.003181  -0.005223  0.999981  1.000000  0.000059  0.000040  -0.000059  1.000000  0.000065  -0.000040  -0.000065  1.000000  0.999685  0.024598  0.004959  -0.024661  0.999609  0.013156  -0.004634  -0.013274  0.999901  0.000095  0.007713  
152.237176 0.004211  0.088242  -0.011057  0.995505  0.093470  -0.015265  -0.091870  0.992209  0.084147  0.023011  -0.082367  0.996336  -0.003946  -0.006043  -0.004933  0.248815  -0.157297  0.235336  2.000000  0.999677  0.024885  0.005162  -0.024952  0.999598  0.013474  -0.004824  -0.013598  0.999896  0.999985  0.004497  0.003057  -0.004513  0.999976  0.005203  -0.003034  -0.005217  0.999982  1.000000  0.000056  0.000038  -0.000056  1.000000  0.000065  -0.000038  -0.000065  1.000000  0.999677  0.024885  0.005162  -0.024952  0.999598  0.013474  -0.004824  -0.013598  0.999896  0.000095  0.007531  
152.238426 0.004208  0.088235  -0.011062  0.995505  0.093476  -0.015231  -0.091870  0.992179  0.084508  0.023011  -0.082729  0.996306  -0.003677  -0.005959  -0.004977  0.252506  -0.151841  0.221968  2.000000  0.999669  0.025159  0.005361  -0.025231  0.999587  0.013790  -0.005012  -0.013921  0.999891  0.999986  0.004291  0.003041  -0.004306  0.999978  0.005077  -0.003019  -0.005090  0.999982  1.000000  0.000054  0.000038  -0.000054  1.000000  0.000064  -0.000038  -0.000064  1.000000  0.999669  0.025159  0.005361  -0.025231  0.999587  0.013790  -0.005012  -0.013921  0.999891  0.000093  0.007315  
