1-Time 2-Px 3-Py 4-Pz 5-R11 6-R21 7-R31 8-R12 9-R22 10-R32 11-R13 12-R23 13-R33 14-Vx 15-Vy 16-Vz 17-Wx 18-Wy 19-Wz 20-state 21-PR11 22-PR21 23-PR31 24-PR12 25-PR22 26-PR32 27-PR13 28-PR23 29-PR33 
157.906421 0.004469  0.088306  -0.012319  0.997440  0.043119  -0.057047  -0.039858  0.997571  0.057122  0.059372  -0.054702  0.996736  -0.000426  0.000092  0.001159  0.000000  0.000000  0.000000  2.000000  1.000000  0.000000  0.000000  0.000000  1.000000  0.000000  0.000000  0.000000  1.000000  1.000000  -0.000022  0.000401  0.000022  1.000000  0.000000  -0.000401  0.000000  1.000000  1.000000  0.000000  0.000000  0.000000  1.000000  0.000000  0.000000  0.000000  1.000000  0.761596  0.413476  0.499008  -0.433075  0.897552  -0.082740  -0.482097  -0.153093  0.862639  0.000000  0.000000  
157.907672 0.004468  0.088306  -0.012319  0.997440  0.043126  -0.057042  -0.039858  0.997564  0.057243  0.059372  -0.054823  0.996729  -0.000433  0.000059  0.001066  0.000000  0.000000  0.000000  2.000000  1.000000  0.000000  0.000000  0.000000  1.000000  0.000000  0.000000  0.000000  1.000000  1.000000  -0.000015  0.000267  0.000015  1.000000  0.000121  -0.000267  -0.000121  1.000000  1.000000  0.000000  0.000000  0.000000  1.000000  0.000000  0.000000  0.000000  1.000000  1.000000  0.000000  0.000000  0.000000  1.000000  0.000000  0.000000  0.000000  1.000000  0.000000  0.000000  
157.908920 0.004466  0.088302  -0.012324  0.997424  0.043339  -0.057163  -0.040063  0.997555  0.057260  0.059505  -0.054823  0.996721  -0.000524  -0.000251  0.000672  0.000000  0.000000  0.000000  2.000000  1.000000  0.000000  0.000000  0.000000  1.000000  0.000000  0.000000  0.000000  1.000000  1.000000  0.000198  0.000145  -0.000198  1.000000  0.000134  -0.000145  -0.000134  1.000000  1.000000  0.000000  0.000000  0.000000  1.000000  0.000000  0.000000  0.000000  1.000000  1.000000  0.000000  0.000000  0.000000  1.000000  0.000000  0.000000  0.000000  1.000000  0.000000  0.000000  
157.909920 0.004465  0.088298  -0.012329  0.997407  0.043559  -0.057280  -0.040268  0.997539  0.057398  0.059639  -0.054943  0.996707  -0.000567  -0.000518  0.000215  0.000000  0.000000  0.000000  2.000000  1.000000  0.000000  0.000000  0.000000  1.000000  0.000000  0.000000  0.000000  1.000000  1.000000  0.000410  0.000023  -0.000410  1.000000  0.000267  -0.000023  -0.000267  1.000000  1.000000  0.000000  0.000000  0.000000  1.000000  0.000000  0.000000  0.000000  1.000000  1.000000  0.000000  0.000000  0.000000  1.000000  0.000000  0.000000  0.000000  1.000000  0.000000  0.000000  
157.911172 0.004465  0.088292  -0.012335  0.997392  0.043587  -0.057535  -0.040267  0.997524  0.057651  0.059906  -0.055184  0.996677  -0.000564  -0.000889  -0.000239  0.000000  0.000000  0.000000  2.000000  1.000000  0.000000  0.000000  0.000000  1.000000  0.000000  0.000000  0.000000  1.000000  1.000000  0.000425  -0.000244  -0.000425  1.000000  0.000510  0.000245  -0.000510  1.000000  1.000000  0.000000  0.000000  0.000000  1.000000  0.000000  0.000000  0.000000  1.000000  1.000000  0.000000  0.000000  0.000000  1.000000  0.000000  0.000000  0.000000  1.000000  0.000000  0.000000  
157.912420 0.004465  0.088287  -0.012340  0.997375  0.043814  -0.057646  -0.040472  0.997501  0.057910  0.060039  -0.055425  0.996656  -0.000496  -0.001268  -0.000739  0.000000  0.000000  0.000000  2.000000  1.000000  0.000000  0.000000  0.000000  1.000000  0.000000  0.000000  0.000000  1.000000  1.000000  0.000638  -0.000367  -0.000638  1.000000  0.000644  0.000367  -0.000643  1.000000  1.000000  0.000000  0.000000  0.000000  1.000000  0.000000  0.000000  0.000000  1.000000  1.000000  0.000000  0.000000  0.000000  1.000000  0.000000  0.000000  0.000000  1.000000  0.000000  0.000000  
157.913670 0.004466  0.088282  -0.012345  0.997342  0.044253  -0.057878  -0.040882  0.997468  0.058187  0.060307  -0.055666  0.996627  -0.000390  -0.001588  -0.001125  0.000000  0.000000  0.000000  2.000000  1.000000  0.000000  0.000000  0.000000  1.000000  0.000000  0.000000  0.000000  1.000000  0.999999  0.001056  -0.000477  -0.001055  0.999999  0.000790  0.000478  -0.000789  1.000000  1.000000  0.000000  0.000000  0.000000  1.000000  0.000000  0.000000  0.000000  1.000000  1.000000  0.000000  0.000000  0.000000  1.000000  0.000000  0.000000  0.000000  1.000000  0.000000  0.000000  
157.914670 0.004467  0.088278  -0.012350  0.997334  0.044466  -0.057861  -0.041088  0.997452  0.058320  0.060307  -0.055787  0.996620  -0.000304  -0.001879  -0.001484  0.000000  0.000000  0.000000  2.000000  1.000000  0.000000  0.000000  0.000000  1.000000  0.000000  0.000000  0.000000  1.000000  0.999999  0.001268  -0.000599  -0.001268  0.999999  0.001045  0.000600  -0.001044  0.999999  1.000000  0.000000  0.000000  0.000000  1.000000  0.000000  0.000000  0.000000  1.000000  1.000000  0.000000  0.000000  0.000000  1.000000  0.000000  0.000000  0.000000  1.000000  0.000000  0.000000  
157.915918 0.004468  0.088273  -0.012355  0.997301  0.044899  -0.058098  -0.041498  0.997426  0.058476  0.060574  -0.055907  0.996597  -0.000172  -0.002208  -0.001944  0.000000  0.000000  0.000000  2.000000  1.000000  0.000000  0.000000  0.000000  1.000000  0.000000  0.000000  0.000000  1.000000  0.999998  0.001686  -0.000709  -0.001686  0.999998  0.001191  0.000711  -0.001190  0.999999  1.000000  0.000000  0.000000  0.000000  1.000000  0.000000  0.000000  0.000000  1.000000  1.000000  0.000000  0.000000  0.000000  1.000000  0.000000  0.000000  0.000000  1.000000  0.000000  0.000000  
157.916920 0.004469  0.088269  -0.012360  0.997275  0.045317  -0.058207  -0.041908  0.997407  0.058505  0.060707  -0.055907  0.996589  -0.000114  -0.002503  -0.002370  0.000000  0.000000  0.000000  2.000000  1.000000  0.000000  0.000000  0.000000  1.000000  0.000000  0.000000  0.000000  1.000000  0.999998  0.001914  -0.001099  -0.001913  0.999997  0.001204  0.001101  -0.001202  0.999999  1.000000  0.000000  0.000000  0.000000  1.000000  0.000000  0.000000  0.000000  1.000000  1.000000  0.000000  0.000000  0.000000  1.000000  0.000000  0.000000  0.000000  1.000000  0.000000  0.000000  
157.917920 0.004469  0.088265  -0.012366  0.997251  0.045544  -0.058456  -0.042113  0.997390  0.058650  0.060974  -0.056027  0.996566  -0.000048  -0.002754  -0.002888  0.000000  0.000000  0.000000  2.000000  1.000000  0.000000  0.000000  0.000000  1.000000  0.000000  0.000000  0.000000  1.000000  0.999997  0.002332  -0.001209  -0.002330  0.999996  0.001351  0.001212  -0.001348  0.999998  1.000000  0.000000  0.000000  0.000000  1.000000  0.000000  0.000000  0.000000  1.000000  1.000000  0.000000  0.000000  0.000000  1.000000  0.000000  0.000000  0.000000  1.000000  0.000000  0.000000  
157.918924 0.004470  0.088262  -0.012372  0.997217  0.045970  -0.058698  -0.042522  0.997371  0.058685  0.061241  -0.056026  0.996549  0.000038  -0.002976  -0.003350  0.000000  0.000000  0.000000  2.000000  1.000000  0.000000  0.000000  0.000000  1.000000  0.000000  0.000000  0.000000  1.000000  0.999996  0.002552  -0.001464  -0.002550  0.999996  0.001364  0.001468  -0.001360  0.999998  1.000000  0.000000  0.000000  0.000000  1.000000  0.000000  0.000000  0.000000  1.000000  1.000000  0.000000  0.000000  0.000000  1.000000  0.000000  0.000000  0.000000  1.000000  0.000000  0.000000  
157.919926 0.004472  0.088259  -0.012378  0.997192  0.046190  -0.058952  -0.042727  0.997360  0.058708  0.061509  -0.056025  0.996533  0.000167  -0.003175  -0.003828  0.000000  0.000000  0.000000  2.000000  1.000000  0.000000  0.000000  0.000000  1.000000  0.000000  0.000000  0.000000  1.000000  0.999994  0.002978  -0.001708  -0.002975  0.999995  0.001390  0.001713  -0.001385  0.999998  1.000000  0.000000  0.000000  0.000000  1.000000  0.000000  0.000000  0.000000  1.000000  1.000000  0.000000  0.000000  0.000000  1.000000  0.000000  0.000000  0.000000  1.000000  0.000000  0.000000  
157.921175 0.004474  0.088256  -0.012385  0.997149  0.046623  -0.059328  -0.043137  0.997340  0.058750  0.061909  -0.056023  0.996508  0.000355  -0.003417  -0.004447  0.000000  0.000000  0.000000  2.000000  1.000000  0.000000  0.000000  0.000000  1.000000  0.000000  0.000000  0.000000  1.000000  0.999992  0.003411  -0.002086  -0.003408  0.999993  0.001416  0.002091  -0.001409  0.999997  1.000000  0.000000  0.000000  0.000000  1.000000  0.000000  0.000000  0.000000  1.000000  1.000000  0.000000  0.000000  0.000000  1.000000  0.000000  0.000000  0.000000  1.000000  0.000000  0.000000  
157.922177 0.004475  0.088252  -0.012392  0.997115  0.047056  -0.059564  -0.043546  0.997313  0.058907  0.062176  -0.056143  0.996485  0.000526  -0.003675  -0.004980  0.000000  0.000000  0.000000  2.000000  1.000000  0.000000  0.000000  0.000000  1.000000  0.000000  0.000000  0.000000  1.000000  0.999991  0.003631  -0.002341  -0.003627  0.999992  0.001551  0.002347  -0.001543  0.999996  1.000000  0.000000  0.000000  0.000000  1.000000  0.000000  0.000000  0.000000  1.000000  1.000000  0.000000  0.000000  0.000000  1.000000  0.000000  0.000000  0.000000  1.000000  0.000000  0.000000  
157.923420 0.004477  0.088247  -0.012401  0.997080  0.047482  -0.059806  -0.043956  0.997293  0.058943  0.062443  -0.056142  0.996468  0.000714  -0.003790  -0.005293  0.000000  0.000000  0.000000  2.000000  1.000000  0.000000  0.000000  0.000000  1.000000  0.000000  0.000000  0.000000  1.000000  0.999987  0.004269  -0.002707  -0.004265  0.999990  0.001591  0.002714  -0.001580  0.999995  1.000000  0.000000  0.000000  0.000000  1.000000  0.000000  0.000000  0.000000  1.000000  1.000000  0.000000  0.000000  0.000000  1.000000  0.000000  0.000000  0.000000  1.000000  0.000000  0.000000  
157.924673 0.004480  0.088242  -0.012408  0.997037  0.047922  -0.060176  -0.044366  0.997265  0.059107  0.062844  -0.056262  0.996436  0.001042  -0.003813  -0.005373  0.000000  0.000000  0.000000  2.000000  1.000000  0.000000  0.000000  0.000000  1.000000  0.000000  0.000000  0.000000  1.000000  0.999984  0.004702  -0.003084  -0.004697  0.999987  0.001739  0.003092  -0.001725  0.999994  1.000000  0.000000  0.000000  0.000000  1.000000  0.000000  0.000000  0.000000  1.000000  1.000000  0.000000  0.000000  0.000000  1.000000  0.000000  0.000000  0.000000  1.000000  0.000000  0.000000  
157.925924 0.004483  0.088236  -0.012415  0.997002  0.048355  -0.060412  -0.044775  0.997238  0.059264  0.063111  -0.056382  0.996413  0.001232  -0.003857  -0.005461  0.063163  0.111966  0.172213  2.000000  1.000000  0.000064  -0.000042  -0.000064  1.000000  0.000023  0.000042  -0.000023  1.000000  0.999981  0.005128  -0.003327  -0.005122  0.999985  0.001888  0.003337  -0.001871  0.999993  1.000000  0.000064  -0.000042  -0.000064  1.000000  0.000023  0.000042  -0.000023  1.000000  1.000000  0.000064  -0.000042  -0.000064  1.000000  0.000023  0.000042  -0.000023  1.000000  0.000052  0.006396  
157.927171 0.004486  0.088228  -0.012422  0.996966  0.048795  -0.060642  -0.045185  0.997203  0.059543  0.063378  -0.056622  0.996382  0.001395  -0.003973  -0.005511  0.072190  0.120158  0.186523  2.000000  1.000000  0.000396  -0.000264  -0.000395  1.000000  0.000154  0.000264  -0.000154  1.000000  0.999978  0.005562  -0.003703  -0.005554  0.999982  0.002280  0.003716  -0.002259  0.999991  1.000000  0.000069  -0.000046  -0.000069  1.000000  0.000028  0.000046  -0.000028  1.000000  1.000000  0.000396  -0.000264  -0.000395  1.000000  0.000154  0.000264  -0.000154  1.000000  0.000058  0.007057  
157.928420 0.004489  0.088220  -0.012430  0.996922  0.049243  -0.061005  -0.045594  0.997167  0.059828  0.063779  -0.056863  0.996343  0.001573  -0.004210  -0.005765  0.081239  0.132844  0.201100  2.000000  1.000000  0.000759  -0.000505  -0.000759  1.000000  0.000298  0.000505  -0.000298  1.000000  0.999974  0.005989  -0.003946  -0.005979  0.999979  0.002428  0.003960  -0.002405  0.999989  1.000000  0.000075  -0.000049  -0.000075  1.000000  0.000030  0.000049  -0.000030  1.000000  1.000000  0.000759  -0.000505  -0.000759  1.000000  0.000298  0.000505  -0.000298  1.000000  0.000063  0.007568  
157.929670 0.004492  0.088211  -0.012440  0.996886  0.049684  -0.061235  -0.046004  0.997131  0.060108  0.064046  -0.057103  0.996312  0.001711  -0.004484  -0.006048  0.090266  0.141015  0.215393  2.000000  0.999999  0.001131  -0.000757  -0.001130  0.999999  0.000457  0.000758  -0.000456  1.000000  0.999974  0.005997  -0.004078  -0.005987  0.999979  0.002552  0.004093  -0.002528  0.999988  1.000000  0.000075  -0.000051  -0.000075  1.000000  0.000032  0.000051  -0.000032  1.000000  0.999999  0.001131  -0.000757  -0.001130  0.999999  0.000457  0.000758  -0.000456  1.000000  0.000068  0.007684  
157.930671 0.004495  0.088203  -0.012450  0.996859  0.049920  -0.061477  -0.046209  0.997106  0.060375  0.064313  -0.057344  0.996281  0.001829  -0.004771  -0.006472  0.098873  0.149577  0.222805  2.000000  0.999999  0.001361  -0.000915  -0.001360  0.999999  0.000557  0.000916  -0.000556  0.999999  0.999971  0.006219  -0.004332  -0.006207  0.999977  0.002809  0.004349  -0.002782  0.999987  1.000000  0.000078  -0.000054  -0.000078  1.000000  0.000035  0.000054  -0.000035  1.000000  0.999999  0.001361  -0.000915  -0.001360  0.999999  0.000557  0.000916  -0.000556  0.999999  0.000072  0.008078  
157.931671 0.004497  0.088194  -0.012461  0.996823  0.050360  -0.061706  -0.046618  0.997070  0.060654  0.064580  -0.057585  0.996250  0.001935  -0.005092  -0.006860  0.107917  0.157757  0.237126  2.000000  0.999998  0.001679  -0.001126  -0.001678  0.999998  0.000695  0.001128  -0.000693  0.999999  0.999971  0.006417  -0.004185  -0.006405  0.999975  0.002823  0.004203  -0.002796  0.999987  1.000000  0.000080  -0.000052  -0.000080  1.000000  0.000035  0.000052  -0.000035  1.000000  0.999998  0.001679  -0.001126  -0.001678  0.999998  0.000695  0.001128  -0.000693  0.999999  0.000074  0.008160  
157.932920 0.004501  0.088183  -0.012475  0.996805  0.050596  -0.061808  -0.046823  0.997037  0.061036  0.064713  -0.057947  0.996220  0.002156  -0.005505  -0.007337  0.120595  0.161820  0.244311  2.000000  0.999997  0.002086  -0.001396  -0.002085  0.999997  0.000873  0.001398  -0.000870  0.999999  0.999969  0.006631  -0.004305  -0.006619  0.999974  0.002838  0.004323  -0.002810  0.999987  1.000000  0.000083  -0.000054  -0.000083  1.000000  0.000035  0.000054  -0.000035  1.000000  0.999997  0.002086  -0.001396  -0.002085  0.999997  0.000873  0.001398  -0.000870  0.999999  0.000079  0.008395  
157.933921 0.004505  0.088175  -0.012486  0.996777  0.051029  -0.061904  -0.047233  0.997001  0.061310  0.064847  -0.058188  0.996197  0.002306  -0.005787  -0.007622  0.129612  0.169992  0.258637  2.000000  0.999996  0.002417  -0.001613  -0.002416  0.999997  0.001021  0.001616  -0.001017  0.999998  0.999969  0.006632  -0.004303  -0.006619  0.999974  0.002960  0.004323  -0.002932  0.999986  1.000000  0.000083  -0.000054  -0.000083  1.000000  0.000037  0.000054  -0.000037  1.000000  0.999996  0.002417  -0.001613  -0.002416  0.999997  0.001021  0.001616  -0.001017  0.999998  0.000082  0.008437  
157.935176 0.004509  0.088165  -0.012499  0.996749  0.051462  -0.061999  -0.047643  0.996964  0.061583  0.064980  -0.058429  0.996174  0.002476  -0.006236  -0.008029  0.138605  0.173621  0.272628  2.000000  0.999994  0.002832  -0.001880  -0.002829  0.999995  0.001207  0.001884  -0.001202  0.999998  0.999969  0.006633  -0.004301  -0.006620  0.999974  0.002961  0.004321  -0.002933  0.999986  1.000000  0.000083  -0.000054  -0.000083  1.000000  0.000037  0.000054  -0.000037  1.000000  0.999994  0.002832  -0.001880  -0.002829  0.999995  0.001207  0.001884  -0.001202  0.999998  0.000086  0.008437  
157.936424 0.004514  0.088156  -0.012511  0.996730  0.051683  -0.062114  -0.047848  0.996946  0.061723  0.065114  -0.058550  0.996159  0.002690  -0.006659  -0.008299  0.147405  0.177960  0.280158  2.000000  0.999992  0.003243  -0.002143  -0.003240  0.999994  0.001400  0.002147  -0.001393  0.999997  0.999969  0.006626  -0.004166  -0.006613  0.999973  0.003083  0.004187  -0.003056  0.999987  1.000000  0.000083  -0.000052  -0.000083  1.000000  0.000038  0.000052  -0.000038  1.000000  0.999992  0.003243  -0.002143  -0.003240  0.999994  0.001400  0.002147  -0.001393  0.999997  0.000091  0.008408  
157.937424 0.004518  0.088149  -0.012518  0.996720  0.051896  -0.062095  -0.048053  0.996928  0.061857  0.065114  -0.058670  0.996152  0.002837  -0.006784  -0.008281  0.147689  0.177356  0.286795  2.000000  0.999991  0.003569  -0.002348  -0.003566  0.999992  0.001556  0.002354  -0.001548  0.999996  0.999971  0.006414  -0.004044  -0.006401  0.999974  0.003191  0.004064  -0.003165  0.999987  1.000000  0.000080  -0.000051  -0.000080  1.000000  0.000040  0.000051  -0.000040  1.000000  0.999991  0.003569  -0.002348  -0.003566  0.999992  0.001556  0.002354  -0.001548  0.999996  0.000092  0.008221  
157.938675 0.004524  0.088142  -0.012525  0.996692  0.052322  -0.062196  -0.048463  0.996898  0.062010  0.065247  -0.058791  0.996136  0.003029  -0.006940  -0.008208  0.152217  0.176926  0.293666  2.000000  0.999989  0.003890  -0.002547  -0.003886  0.999991  0.001716  0.002553  -0.001706  0.999995  0.999972  0.006406  -0.003910  -0.006394  0.999974  0.003192  0.003930  -0.003167  0.999987  1.000000  0.000080  -0.000049  -0.000080  1.000000  0.000040  0.000049  -0.000040  1.000000  0.999989  0.003890  -0.002547  -0.003886  0.999991  0.001716  0.002553  -0.001706  0.999995  0.000092  0.008151  
157.939925 0.004529  0.088134  -0.012533  0.996682  0.052542  -0.062170  -0.048668  0.996872  0.062265  0.065247  -0.059032  0.996121  0.003225  -0.007133  -0.008229  0.152249  0.167870  0.293180  2.000000  0.999987  0.004287  -0.002781  -0.004282  0.999989  0.001922  0.002789  -0.001910  0.999994  0.999973  0.006391  -0.003642  -0.006379  0.999974  0.003313  0.003663  -0.003290  0.999988  1.000000  0.000080  -0.000046  -0.000080  1.000000  0.000041  0.000046  -0.000041  1.000000  0.999987  0.004287  -0.002781  -0.004282  0.999989  0.001922  0.002789  -0.001910  0.999994  0.000093  0.008063  
157.941177 0.004534  0.088126  -0.012539  0.996672  0.052755  -0.062151  -0.048873  0.996854  0.062398  0.065247  -0.059153  0.996114  0.003375  -0.007246  -0.008241  0.148181  0.163316  0.292931  2.000000  0.999985  0.004681  -0.002994  -0.004675  0.999987  0.002138  0.003004  -0.002124  0.999993  0.999976  0.006162  -0.003252  -0.006151  0.999975  0.003542  0.003274  -0.003522  0.999988  1.000000  0.000077  -0.000041  -0.000077  1.000000  0.000044  0.000041  -0.000044  1.000000  0.999985  0.004681  -0.002994  -0.004675  0.999987  0.002138  0.003004  -0.002124  0.999993  0.000093  0.007812  
157.942425 0.004538  0.088116  -0.012547  0.996661  0.052968  -0.062132  -0.049079  0.996836  0.062532  0.065247  -0.059274  0.996107  0.003435  -0.007361  -0.008282  0.148213  0.158805  0.292716  2.000000  0.999982  0.005061  -0.003182  -0.005053  0.999984  0.002361  0.003194  -0.002345  0.999992  0.999978  0.005934  -0.002863  -0.005924  0.999976  0.003529  0.002884  -0.003512  0.999990  1.000000  0.000074  -0.000036  -0.000074  1.000000  0.000044  0.000036  -0.000044  1.000000  0.999982  0.005061  -0.003182  -0.005053  0.999984  0.002361  0.003194  -0.002345  0.999992  0.000092  0.007470  
157.943673 0.004541  0.088107  -0.012556  0.996651  0.053180  -0.062112  -0.049284  0.996817  0.062666  0.065247  -0.059395  0.996100  0.003431  -0.007463  -0.008310  0.144989  0.151477  0.287810  2.000000  0.999980  0.005418  -0.003344  -0.005409  0.999982  0.002585  0.003358  -0.002567  0.999991  0.999982  0.005500  -0.002486  -0.005491  0.999978  0.003624  0.002506  -0.003610  0.999990  1.000000  0.000069  -0.000031  -0.000069  1.000000  0.000045  0.000031  -0.000045  1.000000  0.999980  0.005418  -0.003344  -0.005409  0.999982  0.002585  0.003358  -0.002567  0.999991  0.000090  0.007036  
157.944920 0.004544  0.088096  -0.012565  0.996641  0.053401  -0.062087  -0.049489  0.996791  0.062920  0.065247  -0.059636  0.996085  0.003380  -0.007541  -0.008175  0.147879  0.145675  0.285182  2.000000  0.999977  0.005759  -0.003489  -0.005749  0.999980  0.002815  0.003505  -0.002795  0.999990  0.999984  0.005279  -0.002230  -0.005271  0.999980  0.003610  0.002249  -0.003598  0.999991  1.000000  0.000066  -0.000028  -0.000066  1.000000  0.000045  0.000028  -0.000045  1.000000  0.999977  0.005759  -0.003489  -0.005749  0.999980  0.002815  0.003505  -0.002795  0.999990  0.000089  0.006770  
157.945921 0.004546  0.088087  -0.012572  0.996631  0.053613  -0.062067  -0.049694  0.996772  0.063054  0.065247  -0.059757  0.996078  0.003356  -0.007552  -0.007934  0.147438  0.141527  0.277997  2.000000  0.999975  0.006023  -0.003590  -0.006012  0.999977  0.003002  0.003608  -0.002980  0.999989  0.999984  0.005263  -0.001962  -0.005256  0.999979  0.003731  0.001982  -0.003721  0.999991  1.000000  0.000066  -0.000025  -0.000066  1.000000  0.000047  0.000025  -0.000047  1.000000  0.999975  0.006023  -0.003590  -0.006012  0.999977  0.003002  0.003608  -0.002980  0.999989  0.000088  0.006741  
157.947167 0.004549  0.088078  -0.012580  0.996629  0.053826  -0.061908  -0.049900  0.996746  0.063302  0.065114  -0.059999  0.996072  0.003339  -0.007470  -0.007507  0.154316  0.131428  0.275217  2.000000  0.999974  0.006281  -0.003677  -0.006269  0.999975  0.003190  0.003697  -0.003167  0.999988  0.999986  0.005034  -0.001573  -0.005029  0.999980  0.003717  0.001592  -0.003709  0.999992  1.000000  0.000063  -0.000020  -0.000063  1.000000  0.000046  0.000020  -0.000046  1.000000  0.999974  0.006281  -0.003677  -0.006269  0.999975  0.003190  0.003697  -0.003167  0.999988  0.000086  0.006451  
157.948173 0.004551  0.088070  -0.012586  0.996619  0.054038  -0.061888  -0.050105  0.996727  0.063436  0.065114  -0.060120  0.996065  0.003259  -0.007413  -0.007103  0.155224  0.119425  0.269850  2.000000  0.999973  0.006407  -0.003715  -0.006395  0.999974  0.003285  0.003736  -0.003261  0.999988  0.999988  0.004814  -0.001317  -0.004808  0.999981  0.003825  0.001336  -0.003819  0.999992  1.000000  0.000000  0.000000  0.000000  1.000000  0.000000  0.000000  0.000000  1.000000  0.999973  0.006407  -0.003715  -0.006395  0.999974  0.003285  0.003736  -0.003261  0.999988  0.000085  0.000000  
157.949418 0.004553  0.088060  -0.012594  0.996617  0.054250  -0.061729  -0.050310  0.996701  0.063683  0.064980  -0.060362  0.996059  0.003116  -0.007426  -0.006806  0.162041  0.105045  0.266846  2.000000  0.999973  0.006407  -0.003715  -0.006395  0.999974  0.003285  0.003736  -0.003261  0.999988  0.999989  0.004584  -0.000928  -0.004581  0.999983  0.003690  0.000945  -0.003686  0.999993  1.000000  0.000000  0.000000  0.000000  1.000000  0.000000  0.000000  0.000000  1.000000  0.999973  0.006407  -0.003715  -0.006395  0.999974  0.003285  0.003736  -0.003261  0.999988  0.000083  0.000000  
157.950420 0.004555  0.088052  -0.012601  0.996626  0.054250  -0.061589  -0.050311  0.996694  0.063798  0.064847  -0.060484  0.996061  0.002986  -0.007438  -0.006678  0.166641  0.093258  0.254544  2.000000  0.999973  0.006407  -0.003715  -0.006395  0.999974  0.003285  0.003736  -0.003261  0.999988  0.999990  0.004355  -0.000539  -0.004353  0.999984  0.003676  0.000555  -0.003674  0.999993  1.000000  0.000000  0.000000  0.000000  1.000000  0.000000  0.000000  0.000000  1.000000  0.999973  0.006407  -0.003715  -0.006395  0.999974  0.003285  0.003736  -0.003261  0.999988  0.000081  0.000000  
157.951670 0.004556  0.088041  -0.012613  0.996633  0.054454  -0.061297  -0.050517  0.996668  0.064039  0.064580  -0.060726  0.996063  0.002752  -0.007554  -0.006695  0.173130  0.070670  0.244584  2.000000  0.999973  0.006407  -0.003715  -0.006395  0.999974  0.003285  0.003736  -0.003261  0.999988  0.999992  0.004117  -0.000017  -0.004117  0.999985  0.003541  0.000031  -0.003541  0.999994  1.000000  0.000000  0.000000  0.000000  1.000000  0.000000  0.000000  0.000000  1.000000  0.999973  0.006407  -0.003715  -0.006395  0.999974  0.003285  0.003736  -0.003261  0.999988  0.000078  0.000000  
157.952677 0.004557  0.088032  -0.012622  0.996631  0.054658  -0.061144  -0.050723  0.996649  0.064165  0.064446  -0.060848  0.996064  0.002503  -0.007744  -0.006871  0.172561  0.057618  0.236756  2.000000  0.999973  0.006407  -0.003715  -0.006395  0.999974  0.003285  0.003736  -0.003261  0.999988  0.999992  0.004093  0.000385  -0.004094  0.999986  0.003419  -0.000371  -0.003420  0.999994  1.000000  0.000000  0.000000  0.000000  1.000000  0.000000  0.000000  0.000000  1.000000  0.999973  0.006407  -0.003715  -0.006395  0.999974  0.003285  0.003736  -0.003261  0.999988  0.000076  0.000000  
157.953926 0.004558  0.088020  -0.012636  0.996627  0.055067  -0.060838  -0.051134  0.996612  0.064419  0.064179  -0.061090  0.996067  0.002172  -0.008043  -0.007301  0.178005  0.035578  0.237296  2.000000  0.999973  0.006407  -0.003715  -0.006395  0.999974  0.003285  0.003736  -0.003261  0.999988  0.999992  0.003855  0.000907  -0.003858  0.999987  0.003404  -0.000894  -0.003408  0.999994  1.000000  0.000000  0.000000  0.000000  1.000000  0.000000  0.000000  0.000000  1.000000  0.999973  0.006407  -0.003715  -0.006395  0.999974  0.003285  0.003736  -0.003261  0.999988  0.000073  0.000000  
157.955174 0.004558  0.088008  -0.012650  0.996634  0.055271  -0.060545  -0.051340  0.996586  0.064659  0.063912  -0.061333  0.996069  0.001838  -0.008275  -0.007765  0.181655  0.017986  0.229363  2.000000  0.999973  0.006407  -0.003715  -0.006395  0.999974  0.003285  0.003736  -0.003261  0.999988  0.999992  0.003830  0.001308  -0.003835  0.999987  0.003282  -0.001296  -0.003287  0.999994  1.000000  0.000000  0.000000  0.000000  1.000000  0.000000  0.000000  0.000000  1.000000  0.999973  0.006407  -0.003715  -0.006395  0.999974  0.003285  0.003736  -0.003261  0.999988  0.000073  0.000000  
157.956175 0.004558  0.087999  -0.012661  0.996632  0.055475  -0.060392  -0.051545  0.996567  0.064786  0.063779  -0.061455  0.996070  0.001591  -0.008444  -0.008150  0.180147  0.008905  0.226935  2.000000  0.999973  0.006407  -0.003715  -0.006395  0.999974  0.003285  0.003736  -0.003261  0.999988  0.999992  0.003822  0.001442  -0.003826  0.999988  0.003160  -0.001430  -0.003166  0.999994  1.000000  0.000000  0.000000  0.000000  1.000000  0.000000  0.000000  0.000000  1.000000  0.999973  0.006407  -0.003715  -0.006395  0.999974  0.003285  0.003736  -0.003261  0.999988  0.000072  0.000000  
157.957175 0.004557  0.087990  -0.012671  0.996638  0.055671  -0.060106  -0.051752  0.996549  0.064905  0.063512  -0.061576  0.996080  0.001279  -0.008605  -0.008439  0.180771  -0.012677  0.213690  2.000000  0.999973  0.006407  -0.003715  -0.006395  0.999974  0.003285  0.003736  -0.003261  0.999988  0.999992  0.003600  0.001697  -0.003605  0.999989  0.003147  -0.001686  -0.003153  0.999994  1.000000  0.000000  0.000000  0.000000  1.000000  0.000000  0.000000  0.000000  1.000000  0.999973  0.006407  -0.003715  -0.006395  0.999974  0.003285  0.003736  -0.003261  0.999988  0.000069  0.000000  
157.958422 0.004556  0.087978  -0.012685  0.996636  0.055875  -0.059952  -0.051957  0.996530  0.065031  0.063378  -0.061698  0.996081  0.000974  -0.008716  -0.008741  0.172199  -0.025786  0.205999  2.000000  0.999973  0.006407  -0.003715  -0.006395  0.999974  0.003285  0.003736  -0.003261  0.999988  0.999992  0.003583  0.001965  -0.003589  0.999989  0.003146  -0.001954  -0.003153  0.999993  1.000000  0.000000  0.000000  0.000000  1.000000  0.000000  0.000000  0.000000  1.000000  0.999973  0.006407  -0.003715  -0.006395  0.999974  0.003285  0.003736  -0.003261  0.999988  0.000069  0.000000  
157.959425 0.004554  0.087969  -0.012693  0.996642  0.056071  -0.059666  -0.052163  0.996511  0.065151  0.063111  -0.061820  0.996090  0.000747  -0.008707  -0.008812  0.172182  -0.043763  0.204904  2.000000  0.999973  0.006407  -0.003715  -0.006395  0.999974  0.003285  0.003736  -0.003261  0.999988  0.999991  0.003566  0.002233  -0.003573  0.999989  0.003145  -0.002221  -0.003153  0.999993  1.000000  0.000000  0.000000  0.000000  1.000000  0.000000  0.000000  0.000000  1.000000  0.999973  0.006407  -0.003715  -0.006395  0.999974  0.003285  0.003736  -0.003261  0.999988  0.000068  0.000000  
157.960751 0.004552  0.087959  -0.012703  0.996629  0.056480  -0.059499  -0.052574  0.996480  0.065289  0.062977  -0.061941  0.996091  0.000434  -0.008678  -0.008853  0.163637  -0.057137  0.203582  2.000000  0.999973  0.006407  -0.003715  -0.006395  0.999974  0.003285  0.003736  -0.003261  0.999988  0.999991  0.003549  0.002500  -0.003557  0.999989  0.003144  -0.002489  -0.003153  0.999992  1.000000  0.000000  0.000000  0.000000  1.000000  0.000000  0.000000  0.000000  1.000000  0.999973  0.006407  -0.003715  -0.006395  0.999974  0.003285  0.003736  -0.003261  0.999988  0.000068  0.000000  
157.961924 0.004550  0.087949  -0.012712  0.996635  0.056676  -0.059213  -0.052780  0.996462  0.065408  0.062710  -0.062063  0.996100  0.000117  -0.008710  -0.008993  0.159990  -0.075282  0.203026  2.000000  0.999973  0.006407  -0.003715  -0.006395  0.999974  0.003285  0.003736  -0.003261  0.999988  0.999989  0.003746  0.002647  -0.003754  0.999988  0.003157  -0.002635  -0.003167  0.999992  1.000000  0.000000  0.000000  0.000000  1.000000  0.000000  0.000000  0.000000  1.000000  0.999973  0.006407  -0.003715  -0.006395  0.999974  0.003285  0.003736  -0.003261  0.999988  0.000067  0.000000  
157.963170 0.004548  0.087939  -0.012722  0.996633  0.056880  -0.059059  -0.052986  0.996443  0.065534  0.062577  -0.062184  0.996101  -0.000220  -0.008726  -0.009118  0.154196  -0.087637  0.193686  2.000000  0.999973  0.006407  -0.003715  -0.006395  0.999974  0.003285  0.003736  -0.003261  0.999988  0.999989  0.003729  0.002914  -0.003738  0.999988  0.003156  -0.002903  -0.003167  0.999991  1.000000  0.000000  0.000000  0.000000  1.000000  0.000000  0.000000  0.000000  1.000000  0.999973  0.006407  -0.003715  -0.006395  0.999974  0.003285  0.003736  -0.003261  0.999988  0.000067  0.000000  
157.964418 0.004545  0.087929  -0.012734  0.996627  0.057281  -0.058759  -0.053397  0.996412  0.065665  0.062310  -0.062306  0.996110  -0.000569  -0.008750  -0.009369  0.150148  -0.101034  0.192874  2.000000  0.999973  0.006407  -0.003715  -0.006395  0.999974  0.003285  0.003736  -0.003261  0.999988  0.999988  0.003712  0.003182  -0.003722  0.999988  0.003155  -0.003170  -0.003166  0.999990  1.000000  0.000000  0.000000  0.000000  1.000000  0.000000  0.000000  0.000000  1.000000  0.999973  0.006407  -0.003715  -0.006395  0.999974  0.003285  0.003736  -0.003261  0.999988  0.000066  0.000000  
157.965427 0.004541  0.087920  -0.012745  0.996625  0.057485  -0.058606  -0.053603  0.996393  0.065791  0.062176  -0.062427  0.996111  -0.000904  -0.008778  -0.009592  0.146096  -0.105525  0.192593  2.000000  0.999973  0.006407  -0.003715  -0.006395  0.999974  0.003285  0.003736  -0.003261  0.999988  0.999987  0.003908  0.003329  -0.003919  0.999987  0.003167  -0.003316  -0.003180  0.999989  1.000000  0.000000  0.000000  0.000000  1.000000  0.000000  0.000000  0.000000  1.000000  0.999973  0.006407  -0.003715  -0.006395  0.999974  0.003285  0.003736  -0.003261  0.999988  0.000066  0.000000  
157.966670 0.004538  0.087910  -0.012759  0.996630  0.057680  -0.058319  -0.053809  0.996374  0.065909  0.061909  -0.062549  0.996120  -0.001229  -0.008743  -0.009761  0.145672  -0.118511  0.184965  2.000000  0.999973  0.006407  -0.003715  -0.006395  0.999974  0.003285  0.003736  -0.003261  0.999988  0.999986  0.003899  0.003463  -0.003910  0.999988  0.003045  -0.003451  -0.003059  0.999989  1.000000  0.000000  0.000000  0.000000  1.000000  0.000000  0.000000  0.000000  1.000000  0.999973  0.006407  -0.003715  -0.006395  0.999974  0.003285  0.003736  -0.003261  0.999988  0.000067  0.000000  
157.967670 0.004535  0.087901  -0.012771  0.996627  0.057884  -0.058165  -0.054014  0.996354  0.066035  0.061776  -0.062671  0.996121  -0.001488  -0.008718  -0.009914  0.142792  -0.124020  0.186208  2.000000  0.999973  0.006407  -0.003715  -0.006395  0.999974  0.003285  0.003736  -0.003261  0.999988  0.999986  0.003890  0.003597  -0.003901  0.999988  0.002923  -0.003585  -0.002937  0.999989  1.000000  0.000000  0.000000  0.000000  1.000000  0.000000  0.000000  0.000000  1.000000  0.999973  0.006407  -0.003715  -0.006395  0.999974  0.003285  0.003736  -0.003261  0.999988  0.000068  0.000000  
157.968677 0.004532  0.087894  -0.012783  0.996625  0.058088  -0.058012  -0.054220  0.996335  0.066161  0.061642  -0.062792  0.996121  -0.001776  -0.008576  -0.009938  0.142753  -0.132986  0.185594  2.000000  0.999973  0.006407  -0.003715  -0.006395  0.999974  0.003285  0.003736  -0.003261  0.999988  0.999986  0.003882  0.003730  -0.003893  0.999989  0.002801  -0.003719  -0.002815  0.999989  1.000000  0.000000  0.000000  0.000000  1.000000  0.000000  0.000000  0.000000  1.000000  0.999973  0.006407  -0.003715  -0.006395  0.999974  0.003285  0.003736  -0.003261  0.999988  0.000068  0.000000  
157.969924 0.004528  0.087884  -0.012797  0.996619  0.058481  -0.057718  -0.054631  0.996312  0.066170  0.061375  -0.062793  0.996138  -0.002029  -0.008434  -0.009958  0.137944  -0.141224  0.190352  2.000000  0.999973  0.006407  -0.003715  -0.006395  0.999974  0.003285  0.003736  -0.003261  0.999988  0.999985  0.003873  0.003864  -0.003884  0.999989  0.002679  -0.003854  -0.002694  0.999989  1.000000  0.000000  0.000000  0.000000  1.000000  0.000000  0.000000  0.000000  1.000000  0.999973  0.006407  -0.003715  -0.006395  0.999974  0.003285  0.003736  -0.003261  0.999988  0.000068  0.000000  
157.970924 0.004525  0.087876  -0.012809  0.996624  0.058677  -0.057431  -0.054837  0.996293  0.066288  0.061108  -0.062915  0.996146  -0.002201  -0.008350  -0.010003  0.139086  -0.151423  0.191399  2.000000  0.999973  0.006407  -0.003715  -0.006395  0.999974  0.003285  0.003736  -0.003261  0.999988  0.999984  0.004078  0.003878  -0.004088  0.999988  0.002691  -0.003867  -0.002706  0.999989  1.000000  0.000000  0.000000  0.000000  1.000000  0.000000  0.000000  0.000000  1.000000  0.999973  0.006407  -0.003715  -0.006395  0.999974  0.003285  0.003736  -0.003261  0.999988  0.000068  0.000000  
157.971938 0.004522  0.087868  -0.012821  0.996620  0.058880  -0.057277  -0.055043  0.996273  0.066413  0.060974  -0.063036  0.996147  -0.002354  -0.008240  -0.010122  0.138974  -0.155825  0.190970  2.000000  0.999973  0.006407  -0.003715  -0.006395  0.999974  0.003285  0.003736  -0.003261  0.999988  0.999983  0.004274  0.004025  -0.004284  0.999987  0.002581  -0.004014  -0.002598  0.999989  1.000000  0.000000  0.000000  0.000000  1.000000  0.000000  0.000000  0.000000  1.000000  0.999973  0.006407  -0.003715  -0.006395  0.999974  0.003285  0.003736  -0.003261  0.999988  0.000071  0.000000  
157.973174 0.004519  0.087858  -0.012837  0.996625  0.059075  -0.056990  -0.055249  0.996254  0.066531  0.060707  -0.063158  0.996155  -0.002478  -0.008176  -0.010322  0.137880  -0.163555  0.188938  2.000000  0.999973  0.006407  -0.003715  -0.006395  0.999974  0.003285  0.003736  -0.003261  0.999988  0.999983  0.004274  0.004025  -0.004284  0.999988  0.002458  -0.004014  -0.002475  0.999989  1.000000  0.000000  0.000000  0.000000  1.000000  0.000000  0.000000  0.000000  1.000000  0.999973  0.006407  -0.003715  -0.006395  0.999974  0.003285  0.003736  -0.003261  0.999988  0.000071  0.000000  
157.974175 0.004516  0.087849  -0.012850  0.996619  0.059469  -0.056697  -0.055660  0.996230  0.066540  0.060440  -0.063159  0.996172  -0.002564  -0.008118  -0.010627  0.135342  -0.174309  0.196820  2.000000  0.999973  0.006407  -0.003715  -0.006395  0.999974  0.003285  0.003736  -0.003261  0.999988  0.999984  0.004069  0.004012  -0.004078  0.999989  0.002323  -0.004003  -0.002340  0.999989  1.000000  0.000000  0.000000  0.000000  1.000000  0.000000  0.000000  0.000000  1.000000  0.999973  0.006407  -0.003715  -0.006395  0.999974  0.003285  0.003736  -0.003261  0.999988  0.000072  0.000000  
157.975426 0.004513  0.087839  -0.012867  0.996623  0.059664  -0.056410  -0.055866  0.996211  0.066657  0.060173  -0.063281  0.996180  -0.002677  -0.008167  -0.011176  0.131233  -0.183314  0.196227  2.000000  0.999973  0.006407  -0.003715  -0.006395  0.999974  0.003285  0.003736  -0.003261  0.999988  0.999983  0.004273  0.004026  -0.004282  0.999988  0.002213  -0.004016  -0.002230  0.999989  1.000000  0.000000  0.000000  0.000000  1.000000  0.000000  0.000000  0.000000  1.000000  0.999973  0.006407  -0.003715  -0.006395  0.999974  0.003285  0.003736  -0.003261  0.999988  0.000075  0.000000  
157.976675 0.004509  0.087828  -0.012886  0.996616  0.060064  -0.056109  -0.056278  0.996179  0.066786  0.059906  -0.063403  0.996188  -0.002774  -0.008245  -0.011741  0.130609  -0.186802  0.201260  2.000000  0.999973  0.006407  -0.003715  -0.006395  0.999974  0.003285  0.003736  -0.003261  0.999988  0.999982  0.004478  0.004040  -0.004487  0.999987  0.002224  -0.004030  -0.002242  0.999989  1.000000  0.000000  0.000000  0.000000  1.000000  0.000000  0.000000  0.000000  1.000000  0.999973  0.006407  -0.003715  -0.006395  0.999974  0.003285  0.003736  -0.003261  0.999988  0.000077  0.000000  
157.977918 0.004506  0.087816  -0.012904  0.996621  0.060259  -0.055822  -0.056484  0.996159  0.066904  0.059639  -0.063525  0.996197  -0.002808  -0.008338  -0.012258  0.126488  -0.195672  0.200599  2.000000  0.999973  0.006407  -0.003715  -0.006395  0.999974  0.003285  0.003736  -0.003261  0.999988  0.999982  0.004477  0.004040  -0.004486  0.999987  0.002224  -0.004030  -0.002242  0.999989  1.000000  0.000000  0.000000  0.000000  1.000000  0.000000  0.000000  0.000000  1.000000  0.999973  0.006407  -0.003715  -0.006395  0.999974  0.003285  0.003736  -0.003261  0.999988  0.000077  0.000000  
157.978919 0.004503  0.087807  -0.012919  0.996597  0.060669  -0.055794  -0.056894  0.996134  0.066927  0.059639  -0.063525  0.996197  -0.002823  -0.008392  -0.012629  0.123281  -0.192074  0.214529  2.000000  0.999973  0.006407  -0.003715  -0.006395  0.999974  0.003285  0.003736  -0.003261  0.999988  0.999982  0.004486  0.003907  -0.004494  0.999988  0.002102  -0.003897  -0.002119  0.999990  1.000000  0.000000  0.000000  0.000000  1.000000  0.000000  0.000000  0.000000  1.000000  0.999973  0.006407  -0.003715  -0.006395  0.999974  0.003285  0.003736  -0.003261  0.999988  0.000077  0.000000  
157.979920 0.004501  0.087798  -0.012933  0.996594  0.060872  -0.055640  -0.057100  0.996114  0.067051  0.059505  -0.063646  0.996197  -0.002799  -0.008388  -0.012887  0.119206  -0.192111  0.214494  2.000000  0.999973  0.006407  -0.003715  -0.006395  0.999974  0.003285  0.003736  -0.003261  0.999988  0.999983  0.004281  0.003894  -0.004289  0.999989  0.002089  -0.003885  -0.002105  0.999990  1.000000  0.000000  0.000000  0.000000  1.000000  0.000000  0.000000  0.000000  1.000000  0.999973  0.006407  -0.003715  -0.006395  0.999974  0.003285  0.003736  -0.003261  0.999988  0.000077  0.000000  
157.981170 0.004498  0.087789  -0.012948  0.996598  0.061060  -0.055360  -0.057306  0.996103  0.067048  0.059238  -0.063647  0.996213  -0.002745  -0.008351  -0.013057  0.115117  -0.196575  0.214206  2.000000  0.999973  0.006407  -0.003715  -0.006395  0.999974  0.003285  0.003736  -0.003261  0.999988  0.999983  0.004494  0.003774  -0.004501  0.999988  0.001858  -0.003765  -0.001875  0.999991  1.000000  0.000000  0.000000  0.000000  1.000000  0.000000  0.000000  0.000000  1.000000  0.999973  0.006407  -0.003715  -0.006395  0.999974  0.003285  0.003736  -0.003261  0.999988  0.000078  0.000000  
