1-Time 2-Px 3-Py 4-Pz 5-R11 6-R21 7-R31 8-R12 9-R22 10-R32 11-R13 12-R23 13-R33 14-Vx 15-Vy 16-Vz 17-Wx 18-Wy 19-Wz 20-state 21-PR11 22-PR21 23-PR31 24-PR12 25-PR22 26-PR32 27-PR13 28-PR23 29-PR33 
112.925865 -0.005884  0.084546  0.003013  0.978900  0.113001  -0.170248  -0.112133  0.993584  0.014740  0.170822  0.004661  0.985291  0.012279  0.009945  -0.003937  -0.240551  0.841050  -0.000969  2.000000  1.000000  0.000000  0.000000  0.000000  1.000000  0.000000  0.000000  0.000000  1.000000  0.999865  -0.000078  -0.016456  0.000000  0.999989  -0.004731  0.016456  0.004730  0.999853  1.000000  0.000178  -0.000103  -0.000178  1.000000  -0.000059  0.000103  0.000059  1.000000  0.670568  0.693004  -0.264733  -0.701801  0.708265  0.076396  0.240444  0.134561  0.961291  0.000219  0.017124  
112.926871 -0.005872  0.084556  0.003008  0.978741  0.112956  -0.171193  -0.112114  0.993588  0.014604  0.171745  0.004899  0.985129  0.012290  0.009944  -0.004095  -0.240511  0.845408  -0.001179  2.000000  1.000000  0.000712  -0.000413  -0.000712  1.000000  -0.000236  0.000413  0.000237  1.000000  0.999865  -0.000082  -0.016456  0.000004  0.999989  -0.004731  0.016456  0.004730  0.999853  1.000000  0.000178  -0.000103  -0.000178  1.000000  -0.000059  0.000103  0.000059  1.000000  1.000000  0.000712  -0.000413  -0.000712  1.000000  -0.000236  0.000413  0.000237  1.000000  0.000219  0.017124  
112.928122 -0.005858  0.084565  0.003001  0.978350  0.113497  -0.173058  -0.112682  0.993524  0.014560  0.173590  0.005256  0.984804  0.012189  0.009714  -0.004320  -0.241260  0.872464  0.019007  2.000000  0.999998  0.001632  -0.000934  -0.001632  0.999999  -0.000525  0.000933  0.000526  0.999999  0.999851  0.000317  -0.017261  -0.000395  0.999990  -0.004538  0.017259  0.004544  0.999841  1.000000  0.000189  -0.000104  -0.000189  1.000000  -0.000057  0.000104  0.000057  1.000000  0.999998  0.001632  -0.000934  -0.001632  0.999999  -0.000525  0.000933  0.000526  0.999999  0.000224  0.017852  
112.929125 -0.005848  0.084572  0.002994  0.978002  0.113855  -0.174781  -0.113050  0.993482  0.014587  0.175302  0.005493  0.984499  0.012032  0.009473  -0.004507  -0.238900  0.899145  0.032383  2.000000  0.999996  0.002420  -0.001345  -0.002421  0.999997  -0.000751  0.001344  0.000754  0.999999  0.999834  0.000917  -0.018201  -0.000998  0.999990  -0.004429  0.018197  0.004447  0.999825  1.000000  0.000203  -0.000103  -0.000203  1.000000  -0.000055  0.000103  0.000055  1.000000  0.999996  0.002420  -0.001345  -0.002421  0.999997  -0.000751  0.001344  0.000754  0.999999  0.000231  0.018758  
112.930375 -0.005835  0.084579  0.002987  0.977534  0.114208  -0.177157  -0.113404  0.993440  0.014691  0.177673  0.005730  0.984073  0.011920  0.009103  -0.004692  -0.232505  0.944168  0.045649  2.000000  0.999992  0.003481  -0.001876  -0.003483  0.999993  -0.001029  0.001872  0.001035  0.999998  0.999808  0.001309  -0.019541  -0.001397  0.999989  -0.004475  0.019535  0.004502  0.999799  1.000000  0.000220  -0.000107  -0.000220  1.000000  -0.000056  0.000107  0.000056  1.000000  0.999992  0.003481  -0.001876  -0.003483  0.999993  -0.001029  0.001872  0.001035  0.999998  0.000243  0.020094  
112.931620 -0.005822  0.084585  0.002980  0.977082  0.114355  -0.179536  -0.113555  0.993422  0.014760  0.180042  0.005966  0.983641  0.011817  0.008729  -0.004876  -0.231309  0.989297  0.052124  2.000000  0.999986  0.004620  -0.002435  -0.004624  0.999988  -0.001299  0.002429  0.001310  0.999996  0.999784  0.001503  -0.020746  -0.001593  0.999989  -0.004314  0.020740  0.004346  0.999775  1.000000  0.000234  -0.000113  -0.000234  1.000000  -0.000054  0.000113  0.000054  1.000000  0.999986  0.004620  -0.002435  -0.004624  0.999988  -0.001299  0.002429  0.001310  0.999996  0.000252  0.021248  
112.932871 -0.005809  0.084591  0.002973  0.976579  0.115115  -0.181773  -0.114312  0.993333  0.014927  0.182279  0.006202  0.983227  0.011563  0.008206  -0.005011  -0.222510  1.029837  0.078978  2.000000  0.999978  0.005843  -0.003011  -0.005848  0.999982  -0.001560  0.003002  0.001578  0.999994  0.999757  0.002100  -0.021954  -0.002190  0.999989  -0.004077  0.021945  0.004124  0.999751  1.000000  0.000251  -0.000114  -0.000251  1.000000  -0.000051  0.000114  0.000051  1.000000  0.999978  0.005843  -0.003011  -0.005848  0.999982  -0.001560  0.003002  0.001578  0.999994  0.000261  0.022434  
112.933871 -0.005800  0.084594  0.002967  0.976145  0.116083  -0.183484  -0.115280  0.993219  0.015073  0.183989  0.006438  0.982907  0.011372  0.007813  -0.005089  -0.216570  1.056935  0.112725  2.000000  0.999972  0.006634  -0.003350  -0.006640  0.999976  -0.001713  0.003339  0.001735  0.999993  0.999727  0.003102  -0.023165  -0.003196  0.999987  -0.004005  0.023152  0.004078  0.999724  1.000000  0.000270  -0.000111  -0.000270  1.000000  -0.000051  0.000111  0.000051  1.000000  0.999972  0.006634  -0.003350  -0.006640  0.999976  -0.001713  0.003339  0.001735  0.999993  0.000270  0.023720  
112.934871 -0.005791  0.084597  0.002962  0.975658  0.117252  -0.185321  -0.116444  0.993080  0.015277  0.185830  0.006674  0.982559  0.011141  0.007348  -0.005223  -0.209403  1.093270  0.153260  2.000000  0.999963  0.007764  -0.003770  -0.007771  0.999968  -0.001903  0.003756  0.001933  0.999991  0.999699  0.004512  -0.024110  -0.004603  0.999982  -0.003732  0.024093  0.003842  0.999702  1.000000  0.000289  -0.000101  -0.000289  1.000000  -0.000047  0.000101  0.000047  1.000000  0.999963  0.007764  -0.003770  -0.007771  0.999968  -0.001903  0.003756  0.001933  0.999991  0.000277  0.024822  
112.936121 -0.005781  0.084600  0.002953  0.975042  0.118599  -0.187691  -0.117796  0.992917  0.015467  0.188196  0.007029  0.982106  0.010744  0.006716  -0.005489  -0.200845  1.143037  0.200370  2.000000  0.999948  0.009279  -0.004261  -0.009288  0.999955  -0.002136  0.004241  0.002175  0.999989  0.999658  0.005912  -0.025458  -0.006008  0.999975  -0.003693  0.025436  0.003845  0.999669  1.000000  0.000313  -0.000095  -0.000313  1.000000  -0.000047  0.000095  0.000047  1.000000  0.999948  0.009279  -0.004261  -0.009288  0.999955  -0.002136  0.004241  0.002175  0.999989  0.000291  0.026409  
112.937372 -0.005773  0.084603  0.002939  0.974391  0.119532  -0.190457  -0.118735  0.992803  0.015632  0.190955  0.007382  0.981571  0.010219  0.006081  -0.006034  -0.196998  1.201200  0.231939  2.000000  0.999929  0.010913  -0.004734  -0.010924  0.999938  -0.002356  0.004708  0.002408  0.999986  0.999610  0.006905  -0.027072  -0.007002  0.999969  -0.003481  0.027047  0.003670  0.999627  1.000000  0.000336  -0.000094  -0.000336  1.000000  -0.000045  0.000094  0.000045  1.000000  0.999929  0.010913  -0.004734  -0.010924  0.999938  -0.002356  0.004708  0.002408  0.999986  0.000307  0.028170  
112.938384 -0.005768  0.084607  0.002926  0.973834  0.120262  -0.192834  -0.119481  0.992712  0.015716  0.193318  0.007735  0.981106  0.009755  0.005592  -0.006653  -0.193186  1.255161  0.260173  2.000000  0.999911  0.012316  -0.005116  -0.012329  0.999921  -0.002526  0.005085  0.002589  0.999984  0.999555  0.007696  -0.028817  -0.007794  0.999964  -0.003305  0.028791  0.003528  0.999579  1.000000  0.000360  -0.000096  -0.000360  1.000000  -0.000043  0.000096  0.000043  1.000000  0.999911  0.012316  -0.005116  -0.012329  0.999921  -0.002526  0.005085  0.002589  0.999984  0.000321  0.030027  
112.939621 -0.005760  0.084612  0.002907  0.973088  0.120982  -0.196121  -0.120203  0.992622  0.015916  0.196599  0.008087  0.980451  0.009202  0.005116  -0.007504  -0.191846  1.332310  0.286680  2.000000  0.999883  0.014200  -0.005617  -0.014215  0.999895  -0.002735  0.005578  0.002814  0.999980  0.999485  0.008479  -0.030965  -0.008583  0.999958  -0.003240  0.030936  0.003504  0.999515  1.000000  0.000388  -0.000101  -0.000388  1.000000  -0.000042  0.000101  0.000042  1.000000  0.999883  0.014200  -0.005617  -0.014215  0.999895  -0.002735  0.005578  0.002814  0.999980  0.000340  0.032287  
112.940621 -0.005755  0.084615  0.002890  0.972489  0.121731  -0.198610  -0.120942  0.992528  0.016144  0.199091  0.008321  0.979946  0.008777  0.004628  -0.008317  -0.186382  1.390790  0.313178  2.000000  0.999857  0.015815  -0.006032  -0.015833  0.999870  -0.002893  0.005986  0.002988  0.999978  0.999422  0.009264  -0.032712  -0.009372  0.999951  -0.003176  0.032681  0.003481  0.999460  1.000000  0.000412  -0.000104  -0.000412  1.000000  -0.000042  0.000103  0.000042  1.000000  0.999857  0.015815  -0.006032  -0.015833  0.999870  -0.002893  0.005986  0.002988  0.999978  0.000355  0.034167  
112.941624 -0.005748  0.084616  0.002873  0.971857  0.122453  -0.201242  -0.121677  0.992436  0.016272  0.201713  0.008673  0.979406  0.008395  0.004062  -0.009157  -0.184889  1.453868  0.339528  2.000000  0.999833  0.017108  -0.006354  -0.017127  0.999849  -0.003007  0.006302  0.003116  0.999975  0.999342  0.010048  -0.034859  -0.010158  0.999944  -0.002985  0.034827  0.003337  0.999388  1.000000  0.000440  -0.000108  -0.000440  1.000000  -0.000040  0.000108  0.000040  1.000000  0.999833  0.017108  -0.006354  -0.017127  0.999849  -0.003007  0.006302  0.003116  0.999975  0.000372  0.036424  
112.942629 -0.005740  0.084616  0.002854  0.971220  0.123403  -0.203725  -0.122612  0.992317  0.016550  0.204202  0.008905  0.978888  0.008189  0.003566  -0.010034  -0.177949  1.507819  0.372721  2.000000  0.999798  0.018931  -0.006793  -0.018953  0.999815  -0.003154  0.006732  0.003282  0.999972  0.999269  0.011037  -0.036606  -0.011145  0.999934  -0.002750  0.036573  0.003156  0.999326  1.000000  0.000466  -0.000109  -0.000466  1.000000  -0.000037  0.000109  0.000037  1.000000  0.999798  0.018931  -0.006793  -0.018953  0.999815  -0.003154  0.006732  0.003282  0.999972  0.000387  0.038357  
112.943875 -0.005728  0.084616  0.002831  0.970440  0.124527  -0.206737  -0.123732  0.992173  0.016822  0.207214  0.009256  0.978252  0.008146  0.003043  -0.011036  -0.172329  1.575826  0.419378  2.000000  0.999745  0.021346  -0.007349  -0.021371  0.999766  -0.003326  0.007276  0.003482  0.999967  0.999176  0.012016  -0.038756  -0.012127  0.999923  -0.002623  0.038722  0.003090  0.999245  1.000000  0.000495  -0.000111  -0.000495  1.000000  -0.000036  0.000111  0.000036  1.000000  0.999745  0.021346  -0.007349  -0.021371  0.999766  -0.003326  0.007276  0.003482  0.999967  0.000407  0.040688  
112.945126 -0.005715  0.084617  0.002813  0.969675  0.125469  -0.209735  -0.124649  0.992052  0.017177  0.210223  0.009487  0.977607  0.008129  0.002568  -0.011806  -0.164986  1.643495  0.452397  2.000000  0.999683  0.023901  -0.007915  -0.023930  0.999708  -0.003483  0.007830  0.003671  0.999963  0.999084  0.012995  -0.040773  -0.013102  0.999911  -0.002369  0.040738  0.002901  0.999166  1.000000  0.000523  -0.000114  -0.000523  1.000000  -0.000033  0.000113  0.000033  1.000000  0.999683  0.023901  -0.007915  -0.023930  0.999708  -0.003483  0.007830  0.003671  0.999963  0.000426  0.042887  
112.946371 -0.005701  0.084615  0.002798  0.968843  0.126381  -0.213005  -0.125556  0.991933  0.017452  0.213492  0.009835  0.976895  0.008176  0.002048  -0.012333  -0.157466  1.720552  0.485169  2.000000  0.999610  0.026601  -0.008494  -0.026632  0.999639  -0.003625  0.008395  0.003850  0.999957  0.998981  0.013975  -0.042921  -0.014079  0.999899  -0.002108  0.042887  0.002710  0.999076  1.000000  0.000552  -0.000116  -0.000552  1.000000  -0.000030  0.000116  0.000030  1.000000  0.999610  0.026601  -0.008494  -0.026632  0.999639  -0.003625  0.008395  0.003850  0.999957  0.000445  0.045219  
112.947620 -0.005688  0.084610  0.002784  0.967997  0.127111  -0.216390  -0.126257  0.991837  0.017827  0.216890  0.010065  0.976144  0.008236  0.001300  -0.012778  -0.151066  1.801919  0.511218  2.000000  0.999525  0.029451  -0.009099  -0.029486  0.999558  -0.003751  0.008985  0.004018  0.999952  0.998869  0.014744  -0.045204  -0.014845  0.999888  -0.001881  0.045171  0.002550  0.998976  1.000000  0.000582  -0.000122  -0.000582  1.000000  -0.000028  0.000122  0.000028  1.000000  0.999525  0.029451  -0.009099  -0.029486  0.999558  -0.003751  0.008985  0.004018  0.999952  0.000466  0.047617  
112.948621 -0.005675  0.084604  0.002774  0.967311  0.127616  -0.219144  -0.126775  0.991769  0.017956  0.219632  0.010413  0.975527  0.008461  0.000728  -0.012994  -0.150191  1.869596  0.530384  2.000000  0.999448  0.031809  -0.009612  -0.031847  0.999485  -0.003848  0.009484  0.004152  0.999946  0.998814  0.014711  -0.046412  -0.014818  0.999888  -0.001961  0.046378  0.002646  0.998920  1.000000  0.000595  -0.000130  -0.000595  1.000000  -0.000029  0.000130  0.000029  1.000000  0.999448  0.031809  -0.009612  -0.031847  0.999485  -0.003848  0.009484  0.004152  0.999946  0.000484  0.048761  
112.949871 -0.005659  0.084596  0.002762  0.966383  0.128286  -0.222813  -0.127463  0.991678  0.018133  0.223285  0.010877  0.974693  0.008774  -0.000139  -0.013454  -0.147598  1.964462  0.555815  2.000000  0.999362  0.034251  -0.010157  -0.034292  0.999404  -0.003947  0.010016  0.004293  0.999941  0.998713  0.015072  -0.048424  -0.015184  0.999883  -0.001935  0.048389  0.002667  0.998825  1.000000  0.000619  -0.000139  -0.000619  1.000000  -0.000029  0.000139  0.000029  1.000000  0.999362  0.034251  -0.010157  -0.034292  0.999404  -0.003947  0.010016  0.004293  0.999941  0.000507  0.050790  
112.950873 -0.005645  0.084590  0.002753  0.965645  0.128551  -0.225841  -0.127770  0.991638  0.018137  0.226284  0.011342  0.973995  0.009232  -0.000711  -0.013523  -0.151896  2.040972  0.567807  2.000000  0.999267  0.036753  -0.010726  -0.036798  0.999315  -0.004049  0.010570  0.004440  0.999934  0.998658  0.015234  -0.049502  -0.015355  0.999880  -0.002084  0.049464  0.002841  0.998772  1.000000  0.000632  -0.000144  -0.000632  1.000000  -0.000031  0.000144  0.000031  1.000000  0.999267  0.036753  -0.010726  -0.036798  0.999315  -0.004049  0.010570  0.004440  0.999934  0.000527  0.051875  
112.952121 -0.005627  0.084581  0.002740  0.964749  0.128984  -0.229394  -0.128258  0.991575  0.018138  0.229801  0.011923  0.973165  0.009940  -0.001530  -0.013479  -0.158632  2.127023  0.586389  2.000000  0.999136  0.039955  -0.011467  -0.040005  0.999191  -0.004188  0.011290  0.004643  0.999925  0.998588  0.015383  -0.050848  -0.015529  0.999876  -0.002466  0.050804  0.003252  0.998703  1.000000  0.000647  -0.000150  -0.000647  1.000000  -0.000036  0.000150  0.000036  1.000000  0.999136  0.039955  -0.011467  -0.040005  0.999191  -0.004188  0.011290  0.004643  0.999925  0.000549  0.053226  
112.953371 -0.005606  0.084572  0.002727  0.963929  0.129184  -0.232706  -0.128553  0.991540  0.017941  0.233055  0.012621  0.972382  0.010781  -0.002321  -0.013253  -0.168129  2.203905  0.591103  2.000000  0.998991  0.043218  -0.012247  -0.043274  0.999054  -0.004346  0.012047  0.004872  0.999916  0.998536  0.015123  -0.051926  -0.015297  0.999879  -0.002946  0.051875  0.003736  0.998647  1.000000  0.000657  -0.000160  -0.000657  1.000000  -0.000042  0.000160  0.000042  1.000000  0.998991  0.043218  -0.012247  -0.043274  0.999054  -0.004346  0.012047  0.004872  0.999916  0.000569  0.054213  
112.954375 -0.005589  0.084565  0.002715  0.963286  0.129446  -0.235211  -0.128871  0.991500  0.017884  0.235526  0.013085  0.971780  0.011649  -0.003196  -0.013025  -0.172424  2.262406  0.603049  2.000000  0.998865  0.045836  -0.012917  -0.045897  0.998936  -0.004490  0.012697  0.005078  0.999906  0.998535  0.014279  -0.052193  -0.014466  0.999890  -0.003222  0.052141  0.003972  0.998632  1.000000  0.000655  -0.000171  -0.000655  1.000000  -0.000045  0.000171  0.000045  1.000000  0.998865  0.045836  -0.012917  -0.045897  0.998936  -0.004490  0.012697  0.005078  0.999906  0.000584  0.054256  
112.955620 -0.005564  0.084556  0.002700  0.962541  0.129672  -0.238116  -0.129175  0.991463  0.017759  0.238386  0.013664  0.971074  0.012726  -0.003882  -0.012727  -0.180580  2.326051  0.614874  2.000000  0.998698  0.049109  -0.013829  -0.049178  0.998779  -0.004691  0.013582  0.005365  0.999893  0.998515  0.013220  -0.052858  -0.013433  0.999903  -0.003667  0.052805  0.004371  0.998595  1.000000  0.000656  -0.000186  -0.000656  1.000000  -0.000050  0.000186  0.000050  1.000000  0.998698  0.049109  -0.013829  -0.049178  0.998779  -0.004691  0.013582  0.005365  0.999893  0.000600  0.054661  
112.956620 -0.005543  0.084551  0.002687  0.961980  0.129905  -0.240247  -0.129502  0.991424  0.017533  0.240465  0.014246  0.970553  0.013678  -0.004368  -0.012358  -0.187512  2.356574  0.621663  2.000000  0.998555  0.051723  -0.014609  -0.051799  0.998646  -0.004866  0.014337  0.005616  0.999881  0.998511  0.012370  -0.053124  -0.012611  0.999912  -0.004197  0.053067  0.004861  0.998579  1.000000  0.000653  -0.000197  -0.000653  1.000000  -0.000057  0.000197  0.000057  1.000000  0.998555  0.051723  -0.014609  -0.051799  0.998646  -0.004866  0.014337  0.005616  0.999881  0.000611  0.054760  
112.957621 -0.005521  0.084547  0.002676  0.961436  0.129755  -0.242498  -0.129429  0.991437  0.017347  0.242672  0.014708  0.969997  0.014629  -0.004650  -0.011846  -0.197280  2.387882  0.606818  2.000000  0.998442  0.053687  -0.015223  -0.053769  0.998541  -0.005011  0.014932  0.005821  0.999872  0.998481  0.011926  -0.053793  -0.012186  0.999916  -0.004511  0.053735  0.005159  0.998542  1.000000  0.000658  -0.000206  -0.000658  1.000000  -0.000060  0.000206  0.000061  1.000000  0.998442  0.053687  -0.015223  -0.053769  0.998541  -0.005011  0.014932  0.005821  0.999872  0.000618  0.055339  
112.958621 -0.005499  0.084543  0.002666  0.960854  0.129602  -0.244875  -0.129351  0.991450  0.017177  0.245008  0.015170  0.969402  0.015551  -0.004971  -0.011216  -0.209985  2.416742  0.590286  2.000000  0.998285  0.056294  -0.016079  -0.056384  0.998396  -0.005217  0.015759  0.006114  0.999857  0.998498  0.011088  -0.053655  -0.011369  0.999923  -0.004926  0.053596  0.005529  0.998547  1.000000  0.000651  -0.000214  -0.000651  1.000000  -0.000065  0.000214  0.000065  1.000000  0.998285  0.056294  -0.016079  -0.056384  0.998396  -0.005217  0.015759  0.006114  0.999857  0.000623  0.055065  
112.959622 -0.005476  0.084539  0.002657  0.960299  0.129448  -0.247123  -0.129276  0.991463  0.016990  0.247212  0.015631  0.968835  0.016276  -0.005126  -0.010878  -0.218326  2.430388  0.582226  2.000000  0.998121  0.058874  -0.016963  -0.058974  0.998245  -0.005434  0.016614  0.006424  0.999841  0.998519  0.010454  -0.053385  -0.010746  0.999929  -0.005172  0.053327  0.005738  0.998561  1.000000  0.000644  -0.000219  -0.000644  1.000000  -0.000068  0.000219  0.000068  1.000000  0.998121  0.058874  -0.016963  -0.058974  0.998245  -0.005434  0.016614  0.006424  0.999841  0.000626  0.054699  
112.960626 -0.005454  0.084535  0.002647  0.959733  0.129115  -0.249485  -0.128999  0.991501  0.016890  0.249545  0.015974  0.968231  0.017111  -0.005495  -0.010620  -0.224039  2.448153  0.567427  2.000000  0.997952  0.061424  -0.017877  -0.061533  0.998089  -0.005662  0.017495  0.006751  0.999824  0.998537  0.009422  -0.053241  -0.009730  0.999937  -0.005523  0.053186  0.006033  0.998566  1.000000  0.000636  -0.000229  -0.000636  1.000000  -0.000072  0.000229  0.000072  1.000000  0.997952  0.061424  -0.017877  -0.061533  0.998089  -0.005662  0.017495  0.006751  0.999824  0.000629  0.054403  
112.961876 -0.005427  0.084526  0.002634  0.959067  0.128920  -0.252130  -0.128909  0.991517  0.016633  0.252136  0.016550  0.967550  0.017977  -0.005828  -0.010514  -0.241862  2.461692  0.552546  2.000000  0.997733  0.064539  -0.019063  -0.064663  0.997889  -0.005962  0.018638  0.007182  0.999801  0.998612  0.008193  -0.052027  -0.008512  0.999946  -0.005928  0.051975  0.006363  0.998628  1.000000  0.000615  -0.000235  -0.000615  1.000000  -0.000077  0.000235  0.000077  1.000000  0.997733  0.064539  -0.019063  -0.064663  0.997889  -0.005962  0.018638  0.007182  0.999801  0.000631  0.053050  
112.963124 -0.005401  0.084515  0.002621  0.958395  0.128753  -0.254758  -0.128819  0.991531  0.016497  0.254724  0.017007  0.966864  0.018780  -0.006124  -0.010524  -0.252109  2.475330  0.517326  2.000000  0.997509  0.067558  -0.020289  -0.067698  0.997686  -0.006285  0.019817  0.007643  0.999774  0.998650  0.006955  -0.051478  -0.007298  0.999952  -0.006461  0.051431  0.006828  0.998653  1.000000  0.000602  -0.000245  -0.000602  1.000000  -0.000083  0.000245  0.000083  1.000000  0.997509  0.067558  -0.020289  -0.067698  0.997686  -0.006285  0.019817  0.007643  0.999774  0.000637  0.052393  
112.964370 -0.005375  0.084504  0.002609  0.957784  0.128556  -0.257143  -0.128737  0.991546  0.016206  0.257052  0.017582  0.966238  0.019415  -0.006399  -0.010538  -0.275322  2.479491  0.461957  2.000000  0.997324  0.069938  -0.021315  -0.070092  0.997519  -0.006560  0.020804  0.008036  0.999751  0.998657  0.005919  -0.051465  -0.006285  0.999956  -0.006949  0.051422  0.007263  0.998651  1.000000  0.000595  -0.000256  -0.000595  1.000000  -0.000089  0.000256  0.000089  1.000000  0.997324  0.069938  -0.021315  -0.070092  0.997519  -0.006560  0.020804  0.008036  0.999751  0.000635  0.052313  
112.965374 -0.005353  0.084494  0.002600  0.957340  0.128400  -0.258870  -0.128677  0.991558  0.015948  0.258733  0.018043  0.965780  0.020040  -0.006610  -0.010520  -0.286197  2.474478  0.426977  2.000000  0.997134  0.072274  -0.022373  -0.072444  0.997349  -0.006852  0.021818  0.008453  0.999726  0.998697  0.005098  -0.050786  -0.005480  0.999958  -0.007392  0.050747  0.007661  0.998682  1.000000  0.000583  -0.000260  -0.000583  1.000000  -0.000094  0.000260  0.000094  1.000000  0.997134  0.072274  -0.022373  -0.072444  0.997349  -0.006852  0.021818  0.008453  0.999726  0.000632  0.051616  
112.966621 -0.005326  0.084482  0.002591  0.956823  0.128238  -0.260853  -0.128608  0.991571  0.015725  0.260671  0.018501  0.965250  0.020540  -0.006816  -0.010314  -0.298714  2.449418  0.388984  2.000000  0.996893  0.075112  -0.023717  -0.075302  0.997134  -0.007242  0.023105  0.009006  0.999692  0.998762  0.004080  -0.049569  -0.004477  0.999959  -0.007891  0.049535  0.008103  0.998740  1.000000  0.000563  -0.000264  -0.000563  1.000000  -0.000100  0.000263  0.000100  1.000000  0.996893  0.075112  -0.023717  -0.075302  0.997134  -0.007242  0.023105  0.009006  0.999692  0.000626  0.050397  
112.967621 -0.005304  0.084474  0.002586  0.956338  0.128076  -0.262707  -0.128542  0.991583  0.015485  0.262479  0.018960  0.964751  0.021107  -0.006882  -0.009894  -0.308120  2.435833  0.361186  2.000000  0.996698  0.077311  -0.024803  -0.077520  0.996962  -0.007568  0.024142  0.009466  0.999664  0.998818  0.003477  -0.048491  -0.003877  0.999959  -0.008165  0.048460  0.008343  0.998790  1.000000  0.000548  -0.000263  -0.000548  1.000000  -0.000103  0.000263  0.000103  1.000000  0.996698  0.077311  -0.024803  -0.077520  0.996962  -0.007568  0.024142  0.009466  0.999664  0.000621  0.049331  
112.968871 -0.005276  0.084464  0.002582  0.955779  0.127843  -0.264846  -0.128467  0.991600  0.015039  0.264544  0.019651  0.964173  0.021481  -0.006944  -0.009232  -0.325551  2.396044  0.333525  2.000000  0.996454  0.079972  -0.026166  -0.080206  0.996746  -0.008003  0.025440  0.010073  0.999626  0.998878  0.002659  -0.047275  -0.003076  0.999957  -0.008736  0.047250  0.008872  0.998844  1.000000  0.000530  -0.000264  -0.000530  1.000000  -0.000110  0.000264  0.000110  1.000000  0.996454  0.079972  -0.026166  -0.080206  0.996746  -0.008003  0.025440  0.010073  0.999626  0.000613  0.048180  
112.970122 -0.005247  0.084455  0.002579  0.955144  0.127634  -0.267224  -0.128382  0.991615  0.014746  0.266866  0.020222  0.963521  0.021808  -0.007001  -0.008446  -0.340529  2.368520  0.299071  2.000000  0.996210  0.082508  -0.027527  -0.082768  0.996533  -0.008457  0.026734  0.010704  0.999585  0.998980  0.001668  -0.045119  -0.002082  0.999956  -0.009123  0.045101  0.009208  0.998940  1.000000  0.000500  -0.000262  -0.000500  1.000000  -0.000115  0.000262  0.000115  1.000000  0.996210  0.082508  -0.027527  -0.082768  0.996533  -0.008457  0.026734  0.010704  0.999585  0.000605  0.046086  
112.971377 -0.005217  0.084447  0.002576  0.954540  0.127392  -0.269489  -0.128301  0.991632  0.014317  0.269057  0.020910  0.962897  0.022075  -0.007026  -0.007521  -0.360244  2.333682  0.260312  2.000000  0.995969  0.084924  -0.028877  -0.085213  0.996323  -0.008925  0.028013  0.011350  0.999543  0.999047  0.001069  -0.043637  -0.001475  0.999956  -0.009283  0.043625  0.009339  0.999004  1.000000  0.000480  -0.000259  -0.000480  1.000000  -0.000116  0.000259  0.000116  1.000000  0.995969  0.084924  -0.028877  -0.085213  0.996323  -0.008925  0.028013  0.011350  0.999543  0.000596  0.044646  
112.972626 -0.005188  0.084441  0.002574  0.954003  0.127186  -0.271480  -0.128229  0.991646  0.013973  0.270990  0.021482  0.962343  0.022187  -0.007112  -0.006732  -0.376937  2.296455  0.223995  2.000000  0.995776  0.086797  -0.029952  -0.087110  0.996155  -0.009314  0.029029  0.011884  0.999508  0.999082  0.000653  -0.042827  -0.001066  0.999953  -0.009633  0.042819  0.009670  0.999036  1.000000  0.000469  -0.000258  -0.000469  1.000000  -0.000121  0.000258  0.000121  1.000000  0.995776  0.086797  -0.029952  -0.087110  0.996155  -0.009314  0.029029  0.011884  0.999508  0.000587  0.043920  
112.973877 -0.005160  0.084434  0.002572  0.953482  0.127326  -0.273241  -0.128558  0.991611  0.013466  0.272664  0.022288  0.961851  0.022208  -0.007270  -0.006050  -0.404019  2.247871  0.191802  2.000000  0.995535  0.089061  -0.031270  -0.089406  0.995947  -0.009809  0.030270  0.012561  0.999463  0.999150  0.000457  -0.041219  -0.000857  0.999953  -0.009686  0.041213  0.009713  0.999103  1.000000  0.000450  -0.000251  -0.000450  1.000000  -0.000121  0.000251  0.000121  1.000000  0.995535  0.089061  -0.031270  -0.089406  0.995947  -0.009809  0.030270  0.012561  0.999463  0.000575  0.042360  
112.975125 -0.005132  0.084425  0.002568  0.952994  0.127498  -0.274859  -0.128892  0.991573  0.013064  0.274208  0.022977  0.961396  0.022186  -0.007515  -0.005490  -0.419668  2.202093  0.176128  2.000000  0.995297  0.091233  -0.032550  -0.091611  0.995742  -0.010311  0.031471  0.013244  0.999417  0.999210  0.000261  -0.039745  -0.000653  0.999951  -0.009861  0.039740  0.009879  0.999161  1.000000  0.000433  -0.000244  -0.000433  1.000000  -0.000123  0.000243  0.000123  1.000000  0.995297  0.091233  -0.032550  -0.091611  0.995742  -0.010311  0.031471  0.013244  0.999417  0.000564  0.040964  
112.976371 -0.005106  0.084416  0.002562  0.952503  0.127669  -0.276476  -0.129225  0.991534  0.012663  0.275752  0.023666  0.960938  0.022146  -0.007610  -0.005150  -0.436318  2.143877  0.155835  2.000000  0.995062  0.093326  -0.033793  -0.093738  0.995538  -0.010824  0.032632  0.013939  0.999370  0.999262  0.000259  -0.038408  -0.000647  0.999949  -0.010101  0.038404  0.010119  0.999211  1.000000  0.000419  -0.000235  -0.000419  1.000000  -0.000126  0.000235  0.000126  1.000000  0.995062  0.093326  -0.033793  -0.093738  0.995538  -0.010824  0.032632  0.013939  0.999370  0.000552  0.039728  
112.977371 -0.005086  0.084409  0.002556  0.952147  0.127676  -0.277697  -0.129376  0.991520  0.012274  0.276909  0.024241  0.960590  0.022061  -0.007593  -0.004848  -0.456877  2.085058  0.137344  2.000000  0.994875  0.094947  -0.034760  -0.095388  0.995377  -0.011239  0.033533  0.014497  0.999332  0.999298  0.000258  -0.037473  -0.000637  0.999949  -0.010100  0.037468  0.010117  0.999247  1.000000  0.000409  -0.000229  -0.000409  1.000000  -0.000126  0.000229  0.000126  1.000000  0.994875  0.094947  -0.034760  -0.095388  0.995377  -0.011239  0.033533  0.014497  0.999332  0.000538  0.038823  
112.978391 -0.005067  0.084400  0.002551  0.951789  0.127716  -0.278902  -0.129527  0.991503  0.012006  0.278066  0.024698  0.960244  0.021949  -0.007478  -0.004417  -0.463740  2.029520  0.123861  2.000000  0.994693  0.096503  -0.035684  -0.096972  0.995219  -0.011650  0.034390  0.015048  0.999295  0.999356  0.000480  -0.035874  -0.000836  0.999950  -0.009920  0.035868  0.009943  0.999307  1.000000  0.000393  -0.000217  -0.000393  1.000000  -0.000124  0.000217  0.000124  1.000000  0.994693  0.096503  -0.035684  -0.096972  0.995219  -0.011650  0.034390  0.015048  0.999295  0.000525  0.037235  
112.979621 -0.005045  0.084391  0.002544  0.951329  0.127919  -0.280375  -0.129864  0.991463  0.011711  0.279479  0.025270  0.959819  0.021604  -0.007382  -0.004172  -0.471218  1.954331  0.110767  2.000000  0.994512  0.098025  -0.036569  -0.098522  0.995062  -0.012063  0.035206  0.015600  0.999258  0.999393  0.000884  -0.034815  -0.001231  0.999950  -0.009924  0.034805  0.009961  0.999344  1.000000  0.000384  -0.000206  -0.000384  1.000000  -0.000124  0.000206  0.000124  1.000000  0.994512  0.098025  -0.036569  -0.098522  0.995062  -0.012063  0.035206  0.015600  0.999258  0.000506  0.036225  
112.980869 -0.005024  0.084380  0.002538  0.950877  0.128327  -0.281718  -0.130400  0.991395  0.011457  0.280764  0.025842  0.959429  0.021208  -0.007270  -0.003882  -0.469345  1.880525  0.116473  2.000000  0.994332  0.099517  -0.037416  -0.100043  0.994905  -0.012479  0.035983  0.016151  0.999222  0.999425  0.001286  -0.033891  -0.001623  0.999949  -0.009927  0.033876  0.009976  0.999376  1.000000  0.000376  -0.000196  -0.000376  1.000000  -0.000124  0.000196  0.000124  1.000000  0.994332  0.099517  -0.037416  -0.100043  0.994905  -0.012479  0.035983  0.016151  0.999222  0.000489  0.035352  
112.981874 -0.005008  0.084372  0.002533  0.950525  0.128604  -0.282777  -0.130751  0.991350  0.011352  0.281791  0.026183  0.959119  0.020869  -0.007231  -0.003800  -0.466443  1.810354  0.111407  2.000000  0.994156  0.100967  -0.038204  -0.101523  0.994750  -0.012895  0.036701  0.016698  0.999187  0.999468  0.001906  -0.032570  -0.002225  0.999950  -0.009750  0.032550  0.009818  0.999422  1.000000  0.000365  -0.000181  -0.000365  1.000000  -0.000122  0.000181  0.000122  1.000000  0.994156  0.100967  -0.038204  -0.101523  0.994750  -0.012895  0.036701  0.016698  0.999187  0.000471  0.034067  
112.983121 -0.004986  0.084361  0.002526  0.950097  0.128840  -0.284106  -0.131090  0.991308  0.011163  0.283074  0.026637  0.958728  0.020393  -0.007188  -0.003896  -0.457990  1.743106  0.111599  2.000000  0.993939  0.102734  -0.039130  -0.103325  0.994557  -0.013407  0.037540  0.017369  0.999144  0.999505  0.002320  -0.031378  -0.002620  0.999951  -0.009508  0.031355  0.009586  0.999462  1.000000  0.000355  -0.000169  -0.000355  1.000000  -0.000119  0.000169  0.000119  1.000000  0.993939  0.102734  -0.039130  -0.103325  0.994557  -0.013407  0.037540  0.017369  0.999144  0.000457  0.032886  
112.984371 -0.004965  0.084351  0.002519  0.949715  0.129286  -0.285178  -0.131636  0.991237  0.010999  0.284101  0.027094  0.958412  0.019948  -0.007240  -0.004092  -0.452217  1.680037  0.117430  2.000000  0.993727  0.104439  -0.039980  -0.105066  0.994368  -0.013910  0.038302  0.018024  0.999104  0.999560  0.002952  -0.029524  -0.003225  0.999952  -0.009207  0.029496  0.009298  0.999522  1.000000  0.000339  -0.000151  -0.000339  1.000000  -0.000116  0.000151  0.000116  1.000000  0.993727  0.104439  -0.039980  -0.105066  0.994368  -0.013910  0.038302  0.018024  0.999104  0.000440  0.031085  
112.985372 -0.004947  0.084344  0.002514  0.949435  0.129534  -0.285998  -0.131995  0.991192  0.010741  0.284870  0.027552  0.958170  0.019592  -0.007288  -0.004315  -0.451956  1.630916  0.117589  2.000000  0.993565  0.105739  -0.040592  -0.106393  0.994221  -0.014305  0.038844  0.018532  0.999073  0.999596  0.003571  -0.028205  -0.003827  0.999952  -0.009028  0.028171  0.009132  0.999561  1.000000  0.000328  -0.000136  -0.000328  1.000000  -0.000113  0.000136  0.000114  1.000000  0.993565  0.105739  -0.040592  -0.106393  0.994221  -0.014305  0.038844  0.018532  0.999073  0.000426  0.029849  
112.986375 -0.004929  0.084336  0.002508  0.949164  0.130023  -0.286674  -0.132555  0.991118  0.010646  0.285512  0.027896  0.957969  0.019214  -0.007404  -0.004560  -0.440012  1.577632  0.131137  2.000000  0.993406  0.107011  -0.041155  -0.107692  0.994076  -0.014692  0.039339  0.019028  0.999045  0.999615  0.004178  -0.027421  -0.004419  0.999952  -0.008727  0.027383  0.008845  0.999586  1.000000  0.000324  -0.000125  -0.000324  1.000000  -0.000110  0.000125  0.000110  1.000000  0.993406  0.107011  -0.041155  -0.107692  0.994076  -0.014692  0.039339  0.019028  0.999045  0.000414  0.029099  
112.987620 -0.004907  0.084326  0.002501  0.948713  0.130631  -0.287886  -0.133289  0.991022  0.010441  0.286666  0.028466  0.957608  0.018762  -0.007673  -0.004919  -0.434234  1.524642  0.151138  2.000000  0.993210  0.108572  -0.041796  -0.109285  0.993895  -0.015172  0.039894  0.019636  0.999011  0.999641  0.004786  -0.026370  -0.005016  0.999950  -0.008665  0.026327  0.008795  0.999615  1.000000  0.000316  -0.000112  -0.000316  1.000000  -0.000109  0.000112  0.000109  1.000000  0.993210  0.108572  -0.041796  -0.109285  0.993895  -0.015172  0.039894  0.019636  0.999011  0.000401  0.028190  
112.988624 -0.004889  0.084317  0.002494  0.948392  0.130873  -0.288833  -0.133642  0.990977  0.010204  0.287563  0.028923  0.957325  0.018348  -0.007888  -0.005259  -0.429785  1.470474  0.166364  2.000000  0.993093  0.109500  -0.042148  -0.110232  0.993786  -0.015461  0.040193  0.020000  0.998992  0.999648  0.005379  -0.025988  -0.005604  0.999947  -0.008604  0.025941  0.008747  0.999625  1.000000  0.000315  -0.000103  -0.000315  1.000000  -0.000108  0.000103  0.000108  1.000000  0.993093  0.109500  -0.042148  -0.110232  0.993786  -0.015461  0.040193  0.020000  0.998992  0.000387  0.027924  
112.989624 -0.004872  0.084309  0.002488  0.948042  0.131318  -0.289778  -0.134190  0.990905  0.010027  0.288460  0.029379  0.957041  0.017986  -0.008021  -0.005436  -0.423870  1.421507  0.186708  2.000000  0.992939  0.110724  -0.042583  -0.111481  0.993640  -0.015840  0.040558  0.020476  0.998967  0.999666  0.005785  -0.025200  -0.005997  0.999947  -0.008358  0.025150  0.008506  0.999647  1.000000  0.000309  -0.000094  -0.000309  1.000000  -0.000105  0.000094  0.000105  1.000000  0.992939  0.110724  -0.042583  -0.111481  0.993640  -0.015840  0.040558  0.020476  0.998967  0.000378  0.027199  
112.990877 -0.004850  0.084298  0.002481  0.947615  0.131718  -0.290993  -0.134726  0.990835  0.009767  0.289612  0.029949  0.956675  0.017698  -0.008115  -0.005579  -0.420658  1.374773  0.211651  2.000000  0.992750  0.112219  -0.043066  -0.113007  0.993460  -0.016308  0.040954  0.021057  0.998939  0.999688  0.006394  -0.024151  -0.006593  0.999945  -0.008171  0.024097  0.008328  0.999675  1.000000  0.000302  -0.000081  -0.000302  1.000000  -0.000103  0.000080  0.000103  1.000000  0.992750  0.112219  -0.043066  -0.113007  0.993460  -0.016308  0.040954  0.021057  0.998939  0.000365  0.026313  
112.992125 -0.004827  0.084288  0.002474  0.947185  0.132117  -0.292207  -0.135262  0.990764  0.009509  0.290765  0.030518  0.956308  0.017525  -0.008153  -0.005591  -0.414610  1.326388  0.231706  2.000000  0.992566  0.113672  -0.043484  -0.114489  0.993283  -0.016772  0.041285  0.021626  0.998913  0.999709  0.007003  -0.023103  -0.007190  0.999942  -0.007982  0.023046  0.008146  0.999701  1.000000  0.000294  -0.000067  -0.000294  1.000000  -0.000101  0.000067  0.000101  1.000000  0.992566  0.113672  -0.043484  -0.114489  0.993283  -0.016772  0.041285  0.021626  0.998913  0.000354  0.025455  
112.993127 -0.004809  0.084280  0.002468  0.946898  0.132323  -0.293043  -0.135619  0.990719  0.009137  0.291533  0.031090  0.956055  0.017546  -0.008147  -0.005612  -0.417685  1.273420  0.250258  2.000000  0.992425  0.114795  -0.043763  -0.115634  0.993144  -0.017135  0.041496  0.022066  0.998895  0.999732  0.007420  -0.021915  -0.007591  0.999941  -0.007734  0.021857  0.007898  0.999730  1.000000  0.000284  -0.000056  -0.000284  1.000000  -0.000098  0.000056  0.000098  1.000000  0.992425  0.114795  -0.043763  -0.115634  0.993144  -0.017135  0.041496  0.022066  0.998895  0.000344  0.024424  
112.994378 -0.004786  0.084270  0.002461  0.946544  0.132692  -0.294021  -0.136165  0.990648  0.008725  0.292429  0.031777  0.955759  0.017614  -0.008205  -0.005642  -0.415684  1.225818  0.267833  2.000000  0.992252  0.116164  -0.044060  -0.117029  0.992973  -0.017583  0.041708  0.022603  0.998874  0.999744  0.008021  -0.021137  -0.008182  0.999938  -0.007545  0.021075  0.007716  0.999748  1.000000  0.000279  -0.000044  -0.000279  1.000000  -0.000095  0.000044  0.000095  1.000000  0.992252  0.116164  -0.044060  -0.117029  0.992973  -0.017583  0.041708  0.022603  0.998874  0.000334  0.023862  
112.995619 -0.004762  0.084257  0.002452  0.946227  0.133064  -0.294871  -0.136716  0.990576  0.008295  0.293196  0.032464  0.955501  0.017761  -0.008351  -0.005841  -0.414647  1.190640  0.285507  2.000000  0.992084  0.117498  -0.044318  -0.118389  0.992804  -0.018029  0.041880  0.023133  0.998855  0.999762  0.008230  -0.020213  -0.008383  0.999937  -0.007477  0.020150  0.007645  0.999768  1.000000  0.000270  -0.000036  -0.000270  1.000000  -0.000095  0.000036  0.000095  1.000000  0.992084  0.117498  -0.044318  -0.118389  0.992804  -0.018029  0.041880  0.023133  0.998855  0.000325  0.023099  
112.996624 -0.004743  0.084247  0.002442  0.945937  0.133267  -0.295708  -0.137071  0.990529  0.007926  0.293964  0.033036  0.955246  0.017902  -0.008486  -0.006168  -0.417616  1.155381  0.301421  2.000000  0.991984  0.118284  -0.044456  -0.119190  0.992703  -0.018299  0.041967  0.023451  0.998844  0.999765  0.008423  -0.019956  -0.008575  0.999935  -0.007532  0.019892  0.007702  0.999772  1.000000  0.000269  -0.000033  -0.000269  1.000000  -0.000095  0.000033  0.000095  1.000000  0.991984  0.118284  -0.044456  -0.119190  0.992703  -0.018299  0.041967  0.023451  0.998844  0.000318  0.022963  
112.997870 -0.004720  0.084234  0.002428  0.945579  0.133668  -0.296669  -0.137616  0.990456  0.007637  0.294859  0.033605  0.954950  0.018036  -0.008667  -0.006667  -0.412004  1.119723  0.318660  2.000000  0.991819  0.119578  -0.044668  -0.120509  0.992535  -0.018746  0.042093  0.023976  0.998826  0.999773  0.008421  -0.019560  -0.008567  0.999936  -0.007401  0.019497  0.007567  0.999781  1.000000  0.000265  -0.000030  -0.000265  1.000000  -0.000094  0.000030  0.000094  1.000000  0.991819  0.119578  -0.044668  -0.120509  0.992535  -0.018746  0.042093  0.023976  0.998826  0.000311  0.022575  
112.998872 -0.004701  0.084223  0.002415  0.945277  0.133696  -0.297617  -0.137771  0.990437  0.007346  0.295753  0.034059  0.954657  0.018174  -0.008827  -0.007205  -0.404787  1.084489  0.328371  2.000000  0.991689  0.120597  -0.044824  -0.121547  0.992402  -0.019098  0.042180  0.024387  0.998812  0.999783  0.008427  -0.019029  -0.008567  0.999937  -0.007272  0.018967  0.007434  0.999792  1.000000  0.000259  -0.000027  -0.000259  1.000000  -0.000092  0.000027  0.000092  1.000000  0.991689  0.120597  -0.044824  -0.121547  0.992402  -0.019098  0.042180  0.024387  0.998812  0.000304  0.022074  
113.000120 -0.004677  0.084209  0.002398  0.944935  0.133719  -0.298692  -0.137920  0.990418  0.007075  0.296776  0.034510  0.954323  0.018291  -0.009084  -0.007819  -0.399007  1.049171  0.332345  2.000000  0.991528  0.121843  -0.045007  -0.122817  0.992237  -0.019530  0.042278  0.024892  0.998796  0.999795  0.008235  -0.018492  -0.008367  0.999940  -0.007081  0.018433  0.007234  0.999804  1.000000  0.000252  -0.000026  -0.000252  1.000000  -0.000089  0.000026  0.000089  1.000000  0.991528  0.121843  -0.045007  -0.122817  0.992237  -0.019530  0.042278  0.024892  0.998796  0.000295  0.021473  
