1-Time 2-Px 3-Py 4-Pz 5-R11 6-R21 7-R31 8-R12 9-R22 10-R32 11-R13 12-R23 13-R33 14-Vx 15-Vy 16-Vz 17-Wx 18-Wy 19-Wz 20-state 21-PR11 22-PR21 23-PR31 24-PR12 25-PR22 26-PR32 27-PR13 28-PR23 29-PR33 
90.953159 0.010358  0.088998  -0.009205  0.996861  0.079025  -0.004825  -0.078764  0.996059  0.040766  0.008028  -0.040258  0.999157  -0.000319  -0.000019  0.000422  0.000000  0.000000  0.000000  2.000000  1.000000  0.000000  0.000000  0.000000  1.000000  0.000000  0.000000  0.000000  1.000000  1.000000  0.000000  0.000000  0.000000  1.000000  0.000000  0.000000  -0.000000  1.000000  1.000000  0.000000  0.000000  0.000000  1.000000  0.000000  0.000000  0.000000  1.000000  0.631238  0.547246  0.549600  -0.530877  0.821471  -0.208218  -0.565427  -0.160335  0.809064  0.000000  0.000000  
90.954169 0.010358  0.088998  -0.009205  0.996861  0.079025  -0.004825  -0.078764  0.996059  0.040766  0.008028  -0.040258  0.999157  -0.000292  0.000009  0.000450  0.000000  0.000000  0.000000  2.000000  1.000000  0.000000  0.000000  0.000000  1.000000  0.000000  0.000000  0.000000  1.000000  1.000000  0.000000  0.000000  0.000000  1.000000  0.000000  0.000000  -0.000000  1.000000  1.000000  0.000000  0.000000  0.000000  1.000000  0.000000  0.000000  0.000000  1.000000  1.000000  0.000000  0.000000  0.000000  1.000000  0.000000  0.000000  0.000000  1.000000  0.000000  0.000000  
90.955414 0.010359  0.088995  -0.009208  0.996828  0.079435  -0.004808  -0.079175  0.996027  0.040768  0.008028  -0.040258  0.999157  -0.000217  -0.000216  0.000199  0.000000  0.000000  0.000000  2.000000  1.000000  0.000000  0.000000  0.000000  1.000000  0.000000  0.000000  0.000000  1.000000  1.000000  0.000206  0.000008  -0.000206  1.000000  0.000002  -0.000008  -0.000002  1.000000  1.000000  0.000000  0.000000  0.000000  1.000000  0.000000  0.000000  0.000000  1.000000  1.000000  0.000000  0.000000  0.000000  1.000000  0.000000  0.000000  0.000000  1.000000  0.000000  0.000000  
90.956414 0.010360  0.088991  -0.009213  0.996796  0.079846  -0.004782  -0.079585  0.995989  0.040891  0.008028  -0.040380  0.999152  -0.000139  -0.000418  -0.000101  0.000000  0.000000  0.000000  2.000000  1.000000  0.000000  0.000000  0.000000  1.000000  0.000000  0.000000  0.000000  1.000000  1.000000  0.000823  0.000033  -0.000823  1.000000  0.000128  -0.000033  -0.000128  1.000000  1.000000  0.000000  0.000000  0.000000  1.000000  0.000000  0.000000  0.000000  1.000000  1.000000  0.000000  0.000000  0.000000  1.000000  0.000000  0.000000  0.000000  1.000000  0.000000  0.000000  
90.957415 0.010361  0.088988  -0.009217  0.996779  0.080052  -0.004764  -0.079790  0.995968  0.041013  0.008028  -0.040501  0.999147  -0.000028  -0.000680  -0.000417  0.000000  0.000000  0.000000  2.000000  1.000000  0.000000  0.000000  0.000000  1.000000  0.000000  0.000000  0.000000  1.000000  0.999999  0.001028  0.000042  -0.001028  0.999999  0.000251  -0.000041  -0.000251  1.000000  1.000000  0.000000  0.000000  0.000000  1.000000  0.000000  0.000000  0.000000  1.000000  1.000000  0.000000  0.000000  0.000000  1.000000  0.000000  0.000000  0.000000  1.000000  0.000000  0.000000  
90.958664 0.010364  0.088983  -0.009221  0.996746  0.080462  -0.004737  -0.080201  0.995930  0.041136  0.008028  -0.040622  0.999142  0.000156  -0.001002  -0.000716  0.000000  0.000000  0.000000  2.000000  1.000000  0.000000  0.000000  0.000000  1.000000  0.000000  0.000000  0.000000  1.000000  0.999999  0.001234  0.000050  -0.001234  0.999999  0.000374  -0.000050  -0.000374  1.000000  1.000000  0.000000  0.000000  0.000000  1.000000  0.000000  0.000000  0.000000  1.000000  1.000000  0.000000  0.000000  0.000000  1.000000  0.000000  0.000000  0.000000  1.000000  0.000000  0.000000  
90.959671 0.010366  0.088980  -0.009224  0.996730  0.080668  -0.004719  -0.080406  0.995908  0.041258  0.008028  -0.040743  0.999137  0.000395  -0.001239  -0.000981  0.000000  0.000000  0.000000  2.000000  1.000000  0.000000  0.000000  0.000000  1.000000  0.000000  0.000000  0.000000  1.000000  0.999999  0.001646  0.000067  -0.001646  0.999999  0.000498  -0.000066  -0.000498  1.000000  1.000000  0.000000  0.000000  0.000000  1.000000  0.000000  0.000000  0.000000  1.000000  1.000000  0.000000  0.000000  0.000000  1.000000  0.000000  0.000000  0.000000  1.000000  0.000000  0.000000  
90.960920 0.010371  0.088976  -0.009228  0.996678  0.081295  -0.004940  -0.081022  0.995847  0.041524  0.008295  -0.040985  0.999125  0.000734  -0.001460  -0.001269  0.000000  0.000000  0.000000  2.000000  1.000000  0.000000  0.000000  0.000000  1.000000  0.000000  0.000000  0.000000  1.000000  0.999998  0.002062  -0.000050  -0.002062  0.999998  0.000623  0.000051  -0.000623  1.000000  1.000000  0.000000  0.000000  0.000000  1.000000  0.000000  0.000000  0.000000  1.000000  1.000000  0.000000  0.000000  0.000000  1.000000  0.000000  0.000000  0.000000  1.000000  0.000000  0.000000  
90.962177 0.010376  0.088972  -0.009232  0.996628  0.081911  -0.004905  -0.081637  0.995792  0.041648  0.008295  -0.041107  0.999120  0.001050  -0.001734  -0.001565  0.000000  0.000000  0.000000  2.000000  1.000000  0.000000  0.000000  0.000000  1.000000  0.000000  0.000000  0.000000  1.000000  0.999996  0.002685  -0.000157  -0.002685  0.999996  0.000871  0.000160  -0.000871  1.000000  1.000000  0.000000  0.000000  0.000000  1.000000  0.000000  0.000000  0.000000  1.000000  1.000000  0.000000  0.000000  0.000000  1.000000  0.000000  0.000000  0.000000  1.000000  0.000000  0.000000  
90.963420 0.010380  0.088968  -0.009236  0.996576  0.082532  -0.005002  -0.082252  0.995735  0.041782  0.008429  -0.041228  0.999114  0.001390  -0.002042  -0.001890  0.000000  0.000000  0.000000  2.000000  1.000000  0.000000  0.000000  0.000000  1.000000  0.000000  0.000000  0.000000  1.000000  0.999994  0.003513  -0.000257  -0.003513  0.999993  0.000878  0.000260  -0.000877  1.000000  1.000000  0.000000  0.000000  0.000000  1.000000  0.000000  0.000000  0.000000  1.000000  1.000000  0.000000  0.000000  0.000000  1.000000  0.000000  0.000000  0.000000  1.000000  0.000000  0.000000  
90.964669 0.010385  0.088963  -0.009242  0.996508  0.083352  -0.004968  -0.083073  0.995667  0.041786  0.008429  -0.041228  0.999114  0.001713  -0.002358  -0.002322  0.000000  0.000000  0.000000  2.000000  1.000000  0.000000  0.000000  0.000000  1.000000  0.000000  0.000000  0.000000  1.000000  0.999991  0.004130  -0.000231  -0.004130  0.999991  0.001005  0.000235  -0.001004  0.999999  1.000000  0.000000  0.000000  0.000000  1.000000  0.000000  0.000000  0.000000  1.000000  1.000000  0.000000  0.000000  0.000000  1.000000  0.000000  0.000000  0.000000  1.000000  0.000000  0.000000  
90.965919 0.010390  0.088960  -0.009248  0.996439  0.084172  -0.004923  -0.083894  0.995593  0.041911  0.008429  -0.041349  0.999109  0.002106  -0.002596  -0.002760  0.038103  0.006419  0.173330  2.000000  1.000000  0.000000  0.000000  0.000000  1.000000  0.000000  0.000000  0.000000  1.000000  0.999988  0.004953  -0.000197  -0.004953  0.999987  0.001133  0.000202  -0.001132  0.999999  1.000000  0.000000  0.000000  0.000000  1.000000  0.000000  0.000000  0.000000  1.000000  1.000000  0.000000  0.000000  0.000000  1.000000  0.000000  0.000000  0.000000  1.000000  0.000000  0.000000  
90.967171 0.010396  0.088956  -0.009253  0.996387  0.084787  -0.004897  -0.084509  0.995541  0.041914  0.008429  -0.041349  0.999109  0.002553  -0.002838  -0.003201  0.038270  0.005572  0.194048  2.000000  1.000000  0.000338  -0.000011  -0.000338  1.000000  0.000071  0.000011  -0.000071  1.000000  0.999983  0.005776  -0.000163  -0.005776  0.999983  0.001140  0.000169  -0.001139  0.999999  1.000000  0.000072  -0.000002  -0.000072  1.000000  0.000014  0.000002  -0.000014  1.000000  1.000000  0.000338  -0.000011  -0.000338  1.000000  0.000071  0.000011  -0.000071  1.000000  0.000050  0.005889  
90.968415 0.010402  0.088951  -0.009258  0.996300  0.085812  -0.004854  -0.085535  0.995453  0.041919  0.008429  -0.041349  0.999109  0.002963  -0.003158  -0.003572  0.038563  0.004162  0.228649  2.000000  1.000000  0.000725  -0.000021  -0.000725  1.000000  0.000142  0.000021  -0.000142  1.000000  0.999978  0.006599  -0.000128  -0.006598  0.999978  0.001146  0.000136  -0.001145  0.999999  1.000000  0.000082  -0.000002  -0.000082  1.000000  0.000014  0.000002  -0.000014  1.000000  1.000000  0.000725  -0.000021  -0.000725  1.000000  0.000142  0.000021  -0.000142  1.000000  0.000057  0.006699  
90.969419 0.010407  0.088947  -0.009262  0.996245  0.086433  -0.004951  -0.086150  0.995394  0.042055  0.008563  -0.041470  0.999103  0.003247  -0.003373  -0.003853  0.042821  0.007791  0.249537  2.000000  1.000000  0.000988  -0.000028  -0.000988  0.999999  0.000189  0.000028  -0.000189  1.000000  0.999974  0.007221  -0.000236  -0.007221  0.999973  0.001274  0.000245  -0.001272  0.999999  1.000000  0.000090  -0.000003  -0.000090  1.000000  0.000016  0.000003  -0.000016  1.000000  1.000000  0.000988  -0.000028  -0.000988  0.999999  0.000189  0.000028  -0.000189  1.000000  0.000062  0.007336  
90.970663 0.010413  0.088942  -0.009268  0.996173  0.087259  -0.005039  -0.086970  0.995317  0.042191  0.008697  -0.041591  0.999097  0.003552  -0.003466  -0.003919  0.047154  0.011138  0.277424  2.000000  0.999999  0.001472  -0.000045  -0.001472  0.999999  0.000268  0.000045  -0.000268  1.000000  0.999968  0.008049  -0.000335  -0.008049  0.999967  0.001281  0.000345  -0.001279  0.999999  1.000000  0.000101  -0.000004  -0.000101  1.000000  0.000016  0.000004  -0.000016  1.000000  0.999999  0.001472  -0.000045  -0.001472  0.999999  0.000268  0.000045  -0.000268  1.000000  0.000069  0.008158  
90.971664 0.010418  0.088936  -0.009273  0.996137  0.087668  -0.005022  -0.087380  0.995281  0.042193  0.008697  -0.041591  0.999097  0.003892  -0.003598  -0.003951  0.047268  0.010571  0.291235  2.000000  0.999998  0.001893  -0.000061  -0.001893  0.999998  0.000339  0.000062  -0.000339  1.000000  0.999962  0.008667  -0.000308  -0.008666  0.999961  0.001408  0.000321  -0.001405  0.999999  1.000000  0.000108  -0.000004  -0.000108  1.000000  0.000018  0.000004  -0.000018  1.000000  0.999998  0.001893  -0.000061  -0.001893  0.999998  0.000339  0.000062  -0.000339  1.000000  0.000074  0.008785  
90.972665 0.010422  0.088930  -0.009276  0.996082  0.088289  -0.005118  -0.087995  0.995221  0.042329  0.008831  -0.041712  0.999091  0.004117  -0.003755  -0.003949  0.051538  0.014195  0.312156  2.000000  0.999997  0.002342  -0.000081  -0.002342  0.999997  0.000414  0.000082  -0.000414  1.000000  0.999957  0.009289  -0.000415  -0.009289  0.999956  0.001536  0.000430  -0.001532  0.999999  1.000000  0.000116  -0.000005  -0.000116  1.000000  0.000019  0.000005  -0.000019  1.000000  0.999997  0.002342  -0.000081  -0.002342  0.999997  0.000414  0.000082  -0.000414  1.000000  0.000080  0.009424  
90.973665 0.010427  0.088924  -0.009280  0.996009  0.089110  -0.005061  -0.088816  0.995138  0.042574  0.008831  -0.041955  0.999080  0.004262  -0.003961  -0.003951  0.059921  0.013019  0.339790  2.000000  0.999996  0.002822  -0.000101  -0.002822  0.999996  0.000495  0.000103  -0.000495  1.000000  0.999951  0.009906  -0.000388  -0.009906  0.999950  0.001662  0.000405  -0.001658  0.999999  1.000000  0.000124  -0.000005  -0.000124  1.000000  0.000021  0.000005  -0.000021  1.000000  0.999996  0.002822  -0.000101  -0.002822  0.999996  0.000495  0.000103  -0.000495  1.000000  0.000085  0.010052  
90.974665 0.010432  0.088916  -0.009285  0.995954  0.089725  -0.005024  -0.089431  0.995077  0.042698  0.008831  -0.042076  0.999075  0.004394  -0.004255  -0.004016  0.064173  0.012144  0.360533  2.000000  0.999994  0.003335  -0.000120  -0.003335  0.999994  0.000586  0.000122  -0.000586  1.000000  0.999945  0.010523  -0.000360  -0.010523  0.999943  0.001910  0.000380  -0.001906  0.999998  1.000000  0.000132  -0.000005  -0.000132  1.000000  0.000024  0.000005  -0.000024  1.000000  0.999994  0.003335  -0.000120  -0.003335  0.999994  0.000586  0.000122  -0.000586  1.000000  0.000090  0.010701  
90.975667 0.010438  0.088908  -0.009290  0.995900  0.090335  -0.004854  -0.090046  0.995017  0.042810  0.008697  -0.042197  0.999071  0.004553  -0.004653  -0.004216  0.068386  0.006773  0.381019  2.000000  0.999992  0.003882  -0.000136  -0.003882  0.999992  0.000685  0.000138  -0.000684  1.000000  0.999938  0.011135  -0.000199  -0.011134  0.999936  0.002035  0.000221  -0.002032  0.999998  1.000000  0.000139  -0.000003  -0.000139  1.000000  0.000025  0.000003  -0.000025  1.000000  0.999992  0.003882  -0.000136  -0.003882  0.999992  0.000685  0.000138  -0.000684  1.000000  0.000097  0.011321  
90.976669 0.010444  0.088899  -0.009298  0.995844  0.090950  -0.004805  -0.090661  0.994951  0.043054  0.008697  -0.042440  0.999061  0.004667  -0.005053  -0.004509  0.076712  0.005869  0.401762  2.000000  0.999991  0.004302  -0.000143  -0.004302  0.999990  0.000762  0.000146  -0.000762  1.000000  0.999936  0.011340  -0.000189  -0.011340  0.999934  0.002037  0.000212  -0.002034  0.999998  1.000000  0.000142  -0.000003  -0.000142  1.000000  0.000025  0.000003  -0.000025  1.000000  0.999991  0.004302  -0.000143  -0.004302  0.999990  0.000762  0.000146  -0.000762  1.000000  0.000103  0.011523  
90.977678 0.010449  0.088889  -0.009306  0.995788  0.091565  -0.004768  -0.091276  0.994889  0.043178  0.008697  -0.042561  0.999056  0.004748  -0.005479  -0.004823  0.080937  0.004984  0.422367  2.000000  0.999988  0.004869  -0.000153  -0.004869  0.999988  0.000872  0.000157  -0.000871  1.000000  0.999936  0.011340  -0.000186  -0.011340  0.999933  0.002279  0.000212  -0.002277  0.999997  1.000000  0.000142  -0.000002  -0.000142  1.000000  0.000028  0.000002  -0.000028  1.000000  0.999988  0.004869  -0.000153  -0.004869  0.999988  0.000872  0.000157  -0.000871  1.000000  0.000106  0.011569  
90.978920 0.010454  0.088875  -0.009317  0.995731  0.092181  -0.004719  -0.091891  0.994822  0.043422  0.008697  -0.042803  0.999046  0.004846  -0.006091  -0.005254  0.089289  0.004073  0.443246  2.000000  0.999985  0.005457  -0.000161  -0.005456  0.999985  0.000983  0.000166  -0.000982  1.000000  0.999928  0.011958  -0.000158  -0.011957  0.999926  0.002163  0.000184  -0.002161  0.999998  1.000000  0.000149  -0.000002  -0.000149  1.000000  0.000027  0.000002  -0.000027  1.000000  0.999985  0.005457  -0.000161  -0.005456  0.999985  0.000983  0.000166  -0.000982  1.000000  0.000113  0.012153  
90.980170 0.010461  0.088862  -0.009328  0.995674  0.092796  -0.004680  -0.092506  0.994759  0.043546  0.008697  -0.042924  0.999040  0.004925  -0.006720  -0.005598  0.093540  0.003183  0.463990  2.000000  0.999981  0.006214  -0.000170  -0.006214  0.999980  0.001126  0.000177  -0.001125  0.999999  0.999923  0.012369  -0.000138  -0.012369  0.999921  0.002287  0.000166  -0.002286  0.999997  1.000000  0.000155  -0.000002  -0.000155  1.000000  0.000029  0.000002  -0.000029  1.000000  0.999981  0.006214  -0.000170  -0.006214  0.999980  0.001126  0.000177  -0.001125  0.999999  0.000119  0.012580  
90.981174 0.010467  0.088852  -0.009337  0.995617  0.093411  -0.004631  -0.093121  0.994691  0.043790  0.008697  -0.043167  0.999030  0.005003  -0.007231  -0.005947  0.101841  0.002260  0.484614  2.000000  0.999977  0.006827  -0.000174  -0.006827  0.999976  0.001242  0.000183  -0.001240  0.999999  0.999926  0.012157  -0.000011  -0.012157  0.999923  0.002286  0.000039  -0.002285  0.999997  1.000000  0.000152  -0.000000  -0.000152  1.000000  0.000029  0.000000  -0.000029  1.000000  0.999977  0.006827  -0.000174  -0.006827  0.999976  0.001242  0.000183  -0.001240  0.999999  0.000123  0.012371  
90.982420 0.010474  0.088839  -0.009348  0.995560  0.094021  -0.004459  -0.093736  0.994629  0.043901  0.008563  -0.043288  0.999026  0.005087  -0.007838  -0.006340  0.106071  -0.003127  0.505230  2.000000  0.999971  0.007599  -0.000161  -0.007599  0.999970  0.001388  0.000171  -0.001386  0.999999  0.999924  0.012352  0.000268  -0.012352  0.999921  0.002407  -0.000238  -0.002410  0.999997  1.000000  0.000154  0.000003  -0.000154  1.000000  0.000030  -0.000003  -0.000030  1.000000  0.999971  0.007599  -0.000161  -0.007599  0.999970  0.001388  0.000171  -0.001386  0.999999  0.000130  0.012587  
90.983670 0.010480  0.088826  -0.009357  0.995503  0.094630  -0.004288  -0.094351  0.994566  0.044012  0.008429  -0.043409  0.999022  0.005158  -0.008425  -0.006549  0.110314  -0.008520  0.525917  2.000000  0.999965  0.008366  -0.000140  -0.008366  0.999964  0.001533  0.000153  -0.001532  0.999999  0.999926  0.012140  0.000394  -0.012141  0.999923  0.002405  -0.000365  -0.002410  0.999997  1.000000  0.000152  0.000005  -0.000152  1.000000  0.000030  -0.000005  -0.000030  1.000000  0.999965  0.008366  -0.000140  -0.008366  0.999964  0.001533  0.000153  -0.001532  0.999999  0.000133  0.012383  
90.984915 0.010487  0.088814  -0.009365  0.995464  0.095040  -0.004258  -0.094761  0.994521  0.044134  0.008429  -0.043530  0.999017  0.005232  -0.008841  -0.006685  0.114465  -0.008843  0.532912  2.000000  0.999960  0.008976  -0.000114  -0.008975  0.999958  0.001650  0.000128  -0.001649  0.999999  0.999926  0.012134  0.000529  -0.012135  0.999923  0.002404  -0.000500  -0.002410  0.999997  1.000000  0.000152  0.000006  -0.000152  1.000000  0.000030  -0.000006  -0.000030  1.000000  0.999960  0.008976  -0.000114  -0.008975  0.999958  0.001650  0.000128  -0.001649  0.999999  0.000137  0.012382  
90.985919 0.010493  0.088804  -0.009370  0.995426  0.095443  -0.004107  -0.095171  0.994483  0.044123  0.008295  -0.043530  0.999018  0.005288  -0.009156  -0.006740  0.110281  -0.013076  0.525740  2.000000  0.999954  0.009569  -0.000086  -0.009569  0.999953  0.001770  0.000103  -0.001770  0.999998  0.999931  0.011717  0.000645  -0.011719  0.999928  0.002399  -0.000617  -0.002406  0.999997  1.000000  0.000146  0.000008  -0.000146  1.000000  0.000030  -0.000008  -0.000030  1.000000  0.999954  0.009569  -0.000086  -0.009569  0.999953  0.001770  0.000103  -0.001770  0.999998  0.000135  0.011978  
90.987165 0.010500  0.088791  -0.009378  0.995388  0.095847  -0.003944  -0.095581  0.994438  0.044233  0.008162  -0.043652  0.999013  0.005342  -0.009602  -0.006934  0.110317  -0.017926  0.532534  2.000000  0.999947  0.010299  -0.000045  -0.010299  0.999945  0.001919  0.000065  -0.001918  0.999998  0.999934  0.011511  0.000637  -0.011513  0.999931  0.002397  -0.000610  -0.002405  0.999997  1.000000  0.000144  0.000008  -0.000144  1.000000  0.000030  -0.000008  -0.000030  1.000000  0.999947  0.010299  -0.000045  -0.010299  0.999945  0.001919  0.000065  -0.001918  0.999998  0.000135  0.011777  
90.988415 0.010506  0.088777  -0.009385  0.995349  0.096257  -0.003914  -0.095991  0.994394  0.044355  0.008162  -0.043773  0.999008  0.005363  -0.009948  -0.007098  0.110316  -0.017991  0.532530  2.000000  0.999939  0.011008  0.000004  -0.011008  0.999937  0.002070  0.000019  -0.002070  0.999998  0.999936  0.011300  0.000763  -0.011302  0.999933  0.002516  -0.000735  -0.002524  0.999997  1.000000  0.000141  0.000009  -0.000141  1.000000  0.000031  -0.000009  -0.000031  1.000000  0.999939  0.011008  0.000004  -0.011008  0.999937  0.002070  0.000019  -0.002070  0.999998  0.000138  0.011603  
90.989665 0.010512  0.088762  -0.009393  0.995310  0.096661  -0.003763  -0.096400  0.994354  0.044344  0.008028  -0.043773  0.999009  0.005297  -0.010308  -0.007268  0.105398  -0.022624  0.534882  2.000000  0.999932  0.011688  0.000056  -0.011688  0.999929  0.002225  -0.000030  -0.002225  0.999998  0.999943  0.010671  0.001004  -0.010673  0.999940  0.002388  -0.000978  -0.002399  0.999997  1.000000  0.000133  0.000012  -0.000133  1.000000  0.000030  -0.000012  -0.000030  1.000000  0.999932  0.011688  0.000056  -0.011688  0.999929  0.002225  -0.000030  -0.002225  0.999998  0.000137  0.010982  
90.990915 0.010517  0.088746  -0.009403  0.995290  0.096866  -0.003742  -0.096605  0.994329  0.044465  0.008028  -0.043894  0.999004  0.005133  -0.010653  -0.007407  0.101308  -0.031051  0.520754  2.000000  0.999924  0.012327  0.000121  -0.012327  0.999921  0.002378  -0.000091  -0.002379  0.999997  0.999949  0.010048  0.001112  -0.010051  0.999946  0.002505  -0.001086  -0.002516  0.999996  1.000000  0.000126  0.000014  -0.000126  1.000000  0.000031  -0.000014  -0.000031  1.000000  0.999924  0.012327  0.000121  -0.012327  0.999921  0.002378  -0.000091  -0.002379  0.999997  0.000135  0.010416  
90.991915 0.010521  0.088734  -0.009410  0.995251  0.097276  -0.003712  -0.097015  0.994284  0.044587  0.008028  -0.044015  0.998999  0.005077  -0.010795  -0.007410  0.101300  -0.031111  0.520712  2.000000  0.999918  0.012816  0.000176  -0.012817  0.999915  0.002498  -0.000144  -0.002500  0.999997  0.999953  0.009637  0.001093  -0.009639  0.999951  0.002380  -0.001070  -0.002391  0.999997  1.000000  0.000120  0.000014  -0.000120  1.000000  0.000030  -0.000014  -0.000030  1.000000  0.999918  0.012816  0.000176  -0.012817  0.999915  0.002498  -0.000144  -0.002500  0.999997  0.000132  0.009988  
90.992918 0.010525  0.088722  -0.009419  0.995232  0.097475  -0.003570  -0.097220  0.994264  0.044575  0.007894  -0.044015  0.999000  0.005042  -0.010955  -0.007345  0.101187  -0.039439  0.506615  2.000000  0.999913  0.013178  0.000223  -0.013178  0.999910  0.002590  -0.000189  -0.002593  0.999997  0.999953  0.009625  0.001362  -0.009628  0.999951  0.002379  -0.001339  -0.002392  0.999996  1.000000  0.000120  0.000017  -0.000120  1.000000  0.000030  -0.000017  -0.000030  1.000000  0.999913  0.013178  0.000223  -0.013178  0.999910  0.002590  -0.000189  -0.002593  0.999997  0.000131  0.010009  
90.993918 0.010529  0.088711  -0.009425  0.995212  0.097680  -0.003549  -0.097425  0.994239  0.044696  0.007894  -0.044136  0.998994  0.004991  -0.010962  -0.007212  0.101862  -0.038944  0.490096  2.000000  0.999907  0.013641  0.000292  -0.013642  0.999903  0.002711  -0.000255  -0.002715  0.999996  0.999957  0.009213  0.001345  -0.009217  0.999955  0.002376  -0.001323  -0.002388  0.999996  1.000000  0.000115  0.000017  -0.000115  1.000000  0.000030  -0.000017  -0.000030  1.000000  0.999907  0.013641  0.000292  -0.013642  0.999903  0.002711  -0.000255  -0.002715  0.999996  0.000129  0.009611  
90.995172 0.010535  0.088696  -0.009434  0.995193  0.097879  -0.003394  -0.097630  0.994214  0.044804  0.007760  -0.044258  0.998990  0.004904  -0.011078  -0.007038  0.101714  -0.042903  0.476057  2.000000  0.999899  0.014191  0.000378  -0.014192  0.999895  0.002859  -0.000337  -0.002864  0.999996  0.999962  0.008590  0.001452  -0.008594  0.999960  0.002370  -0.001432  -0.002383  0.999996  1.000000  0.000107  0.000018  -0.000107  1.000000  0.000030  -0.000018  -0.000030  1.000000  0.999899  0.014191  0.000378  -0.014192  0.999895  0.002859  -0.000337  -0.002864  0.999996  0.000124  0.009031  
90.996415 0.010540  0.088681  -0.009444  0.995153  0.098283  -0.003231  -0.098040  0.994168  0.044913  0.007626  -0.044379  0.998986  0.004774  -0.011206  -0.006972  0.105665  -0.046839  0.462107  2.000000  0.999892  0.014700  0.000467  -0.014701  0.999887  0.003000  -0.000423  -0.003006  0.999995  0.999969  0.007773  0.001283  -0.007776  0.999967  0.002243  -0.001266  -0.002253  0.999997  1.000000  0.000097  0.000016  -0.000097  1.000000  0.000028  -0.000016  -0.000028  1.000000  0.999892  0.014700  0.000467  -0.014701  0.999887  0.003000  -0.000423  -0.003006  0.999995  0.000120  0.008193  
90.997421 0.010543  0.088668  -0.009454  0.995133  0.098488  -0.003210  -0.098245  0.994143  0.045035  0.007626  -0.044500  0.998980  0.004612  -0.011346  -0.007044  0.109597  -0.046259  0.448134  2.000000  0.999886  0.015078  0.000539  -0.015079  0.999881  0.003108  -0.000492  -0.003116  0.999995  0.999972  0.007356  0.001399  -0.007359  0.999971  0.002117  -0.001384  -0.002128  0.999997  1.000000  0.000092  0.000017  -0.000092  1.000000  0.000027  -0.000017  -0.000027  1.000000  0.999886  0.015078  0.000539  -0.015079  0.999881  0.003108  -0.000492  -0.003116  0.999995  0.000117  0.007783  
90.998668 0.010547  0.088652  -0.009467  0.995114  0.098687  -0.003056  -0.098450  0.994118  0.045143  0.007493  -0.044621  0.998976  0.004448  -0.011604  -0.007320  0.109444  -0.054411  0.427058  2.000000  0.999879  0.015522  0.000634  -0.015524  0.999874  0.003236  -0.000583  -0.003245  0.999995  0.999975  0.006939  0.001515  -0.006942  0.999974  0.001992  -0.001502  -0.002003  0.999997  1.000000  0.000087  0.000019  -0.000087  1.000000  0.000025  -0.000019  -0.000025  1.000000  0.999879  0.015522  0.000634  -0.015524  0.999874  0.003236  -0.000583  -0.003245  0.999995  0.000113  0.007378  
90.999919 0.010551  0.088635  -0.009481  0.995095  0.098886  -0.002901  -0.098655  0.994092  0.045251  0.007359  -0.044742  0.998971  0.004178  -0.011947  -0.007791  0.113360  -0.062531  0.405948  2.000000  0.999874  0.015853  0.000715  -0.015855  0.999869  0.003333  -0.000662  -0.003344  0.999994  0.999977  0.006521  0.001632  -0.006524  0.999977  0.001988  -0.001619  -0.001999  0.999997  1.000000  0.000082  0.000020  -0.000082  1.000000  0.000025  -0.000020  -0.000025  1.000000  0.999874  0.015853  0.000715  -0.015855  0.999869  0.003333  -0.000662  -0.003344  0.999994  0.000108  0.007012  
91.001165 0.010554  0.088618  -0.009495  0.995055  0.099290  -0.002750  -0.099065  0.994052  0.045239  0.007225  -0.044742  0.998972  0.003928  -0.012212  -0.008232  0.109144  -0.066450  0.391917  2.000000  0.999868  0.016247  0.000825  -0.016250  0.999862  0.003448  -0.000768  -0.003461  0.999994  0.999980  0.006104  0.001747  -0.006107  0.999980  0.001742  -0.001736  -0.001753  0.999997  1.000000  0.000076  0.000022  -0.000076  1.000000  0.000022  -0.000022  -0.000022  1.000000  0.999868  0.016247  0.000825  -0.016250  0.999862  0.003448  -0.000768  -0.003461  0.999994  0.000104  0.006585  
91.002170 0.010556  0.088605  -0.009506  0.995056  0.099284  -0.002605  -0.099065  0.994047  0.045346  0.007091  -0.044864  0.998968  0.003714  -0.012419  -0.008636  0.108964  -0.074575  0.370729  2.000000  0.999863  0.016545  0.000913  -0.016548  0.999857  0.003535  -0.000854  -0.003550  0.999993  0.999982  0.005692  0.001729  -0.005695  0.999982  0.001738  -0.001719  -0.001748  0.999997  1.000000  0.000071  0.000022  -0.000071  1.000000  0.000022  -0.000022  -0.000022  1.000000  0.999863  0.016545  0.000913  -0.016548  0.999857  0.003535  -0.000854  -0.003550  0.999993  0.000101  0.006199  
91.003416 0.010559  0.088588  -0.009520  0.995035  0.099489  -0.002583  -0.099269  0.994021  0.045467  0.007091  -0.044985  0.998962  0.003493  -0.012585  -0.009035  0.107965  -0.073415  0.353982  2.000000  0.999857  0.016890  0.001022  -0.016894  0.999851  0.003639  -0.000960  -0.003656  0.999993  0.999985  0.005281  0.001711  -0.005284  0.999985  0.001736  -0.001702  -0.001745  0.999997  1.000000  0.000066  0.000021  -0.000066  1.000000  0.000022  -0.000021  -0.000022  1.000000  0.999857  0.016890  0.001022  -0.016894  0.999851  0.003639  -0.000960  -0.003656  0.999993  0.000096  0.005817  
91.004666 0.010561  0.088571  -0.009533  0.995016  0.099688  -0.002441  -0.099474  0.994001  0.045454  0.006957  -0.044985  0.998963  0.003301  -0.012745  -0.009362  0.100473  -0.077362  0.329092  2.000000  0.999852  0.017149  0.001108  -0.017153  0.999846  0.003720  -0.001044  -0.003739  0.999992  0.999987  0.004869  0.001693  -0.004872  0.999987  0.001611  -0.001685  -0.001619  0.999997  1.000000  0.000000  0.000000  0.000000  1.000000  0.000000  0.000000  0.000000  1.000000  0.999852  0.017149  0.001108  -0.017153  0.999846  0.003720  -0.001044  -0.003739  0.999992  0.000090  0.000000  
91.005915 0.010563  0.088554  -0.009546  0.994975  0.100097  -0.002410  -0.099884  0.993955  0.045576  0.006957  -0.045106  0.998958  0.003052  -0.012798  -0.009517  0.096290  -0.072342  0.315528  2.000000  0.999852  0.017149  0.001108  -0.017153  0.999846  0.003720  -0.001044  -0.003739  0.999992  0.999988  0.004664  0.001684  -0.004666  0.999988  0.001609  -0.001676  -0.001617  0.999997  1.000000  0.000000  0.000000  0.000000  1.000000  0.000000  0.000000  0.000000  1.000000  0.999852  0.017149  0.001108  -0.017153  0.999846  0.003720  -0.001044  -0.003739  0.999992  0.000086  0.000000  
91.006915 0.010565  0.088541  -0.009555  0.994955  0.100296  -0.002268  -0.100089  0.993935  0.045563  0.006824  -0.045106  0.998959  0.002905  -0.012855  -0.009626  0.091369  -0.075915  0.305844  2.000000  0.999852  0.017149  0.001108  -0.017153  0.999846  0.003720  -0.001044  -0.003739  0.999992  0.999989  0.004458  0.001675  -0.004460  0.999989  0.001486  -0.001668  -0.001494  0.999997  1.000000  0.000000  0.000000  0.000000  1.000000  0.000000  0.000000  0.000000  1.000000  0.999852  0.017149  0.001108  -0.017153  0.999846  0.003720  -0.001044  -0.003739  0.999992  0.000082  0.000000  
91.008166 0.010567  0.088526  -0.009566  0.994934  0.100500  -0.002258  -0.100294  0.993914  0.045563  0.006824  -0.045106  0.998959  0.002697  -0.012884  -0.009744  0.083190  -0.075364  0.292175  2.000000  0.999852  0.017149  0.001108  -0.017153  0.999846  0.003720  -0.001044  -0.003739  0.999992  0.999988  0.004670  0.001550  -0.004672  0.999988  0.001487  -0.001543  -0.001495  0.999998  1.000000  0.000000  0.000000  0.000000  1.000000  0.000000  0.000000  0.000000  1.000000  0.999852  0.017149  0.001108  -0.017153  0.999846  0.003720  -0.001044  -0.003739  0.999992  0.000079  0.000000  
91.009172 0.010568  0.088514  -0.009575  0.994935  0.100495  -0.002113  -0.100294  0.993909  0.045671  0.006690  -0.045227  0.998954  0.002462  -0.012940  -0.009907  0.082991  -0.078931  0.271326  2.000000  0.999852  0.017149  0.001108  -0.017153  0.999846  0.003720  -0.001044  -0.003739  0.999992  0.999990  0.004258  0.001532  -0.004260  0.999990  0.001485  -0.001526  -0.001491  0.999998  1.000000  0.000000  0.000000  0.000000  1.000000  0.000000  0.000000  0.000000  1.000000  0.999852  0.017149  0.001108  -0.017153  0.999846  0.003720  -0.001044  -0.003739  0.999992  0.000075  0.000000  
91.010420 0.010569  0.088499  -0.009587  0.994915  0.100699  -0.002104  -0.100499  0.993888  0.045671  0.006690  -0.045227  0.998954  0.002220  -0.012975  -0.010073  0.075360  -0.078697  0.252810  2.000000  0.999852  0.017149  0.001108  -0.017153  0.999846  0.003720  -0.001044  -0.003739  0.999992  0.999991  0.004053  0.001523  -0.004055  0.999991  0.001483  -0.001517  -0.001489  0.999998  1.000000  0.000000  0.000000  0.000000  1.000000  0.000000  0.000000  0.000000  1.000000  0.999852  0.017149  0.001108  -0.017153  0.999846  0.003720  -0.001044  -0.003739  0.999992  0.000072  0.000000  
91.011421 0.010570  0.088486  -0.009597  0.994894  0.100904  -0.002094  -0.100704  0.993868  0.045671  0.006690  -0.045227  0.998954  0.001961  -0.013015  -0.010194  0.071197  -0.073897  0.246037  2.000000  0.999852  0.017149  0.001108  -0.017153  0.999846  0.003720  -0.001044  -0.003739  0.999992  0.999991  0.004053  0.001523  -0.004055  0.999991  0.001361  -0.001517  -0.001368  0.999998  1.000000  0.000000  0.000000  0.000000  1.000000  0.000000  0.000000  0.000000  1.000000  0.999852  0.017149  0.001108  -0.017153  0.999846  0.003720  -0.001044  -0.003739  0.999992  0.000067  0.000000  
91.012666 0.010571  0.088471  -0.009611  0.994873  0.101108  -0.002085  -0.100908  0.993847  0.045672  0.006690  -0.045227  0.998954  0.001767  -0.012950  -0.010277  0.066486  -0.072721  0.230374  2.000000  0.999852  0.017149  0.001108  -0.017153  0.999846  0.003720  -0.001044  -0.003739  0.999992  0.999991  0.003847  0.001514  -0.003849  0.999992  0.001239  -0.001509  -0.001245  0.999998  1.000000  0.000000  0.000000  0.000000  1.000000  0.000000  0.000000  0.000000  1.000000  0.999852  0.017149  0.001108  -0.017153  0.999846  0.003720  -0.001044  -0.003739  0.999992  0.000065  0.000000  
91.013668 0.010571  0.088458  -0.009622  0.994852  0.101313  -0.002063  -0.101113  0.993820  0.045793  0.006690  -0.045349  0.998949  0.001621  -0.012918  -0.010348  0.066408  -0.067976  0.223670  2.000000  0.999852  0.017149  0.001108  -0.017153  0.999846  0.003720  -0.001044  -0.003739  0.999992  0.999992  0.003853  0.001380  -0.003854  0.999992  0.001239  -0.001376  -0.001244  0.999998  1.000000  0.000000  0.000000  0.000000  1.000000  0.000000  0.000000  0.000000  1.000000  0.999852  0.017149  0.001108  -0.017153  0.999846  0.003720  -0.001044  -0.003739  0.999992  0.000063  0.000000  
91.014919 0.010572  0.088442  -0.009637  0.994832  0.101512  -0.001921  -0.101318  0.993800  0.045780  0.006556  -0.045349  0.998950  0.001398  -0.012851  -0.010389  0.062808  -0.072732  0.218387  2.000000  0.999852  0.017149  0.001108  -0.017153  0.999846  0.003720  -0.001044  -0.003739  0.999992  0.999992  0.003641  0.001505  -0.003643  0.999993  0.001116  -0.001501  -0.001121  0.999998  1.000000  0.000000  0.000000  0.000000  1.000000  0.000000  0.000000  0.000000  1.000000  0.999852  0.017149  0.001108  -0.017153  0.999846  0.003720  -0.001044  -0.003739  0.999992  0.000059  0.000000  
91.016170 0.010573  0.088426  -0.009652  0.994812  0.101710  -0.001778  -0.101523  0.993780  0.045767  0.006422  -0.045349  0.998951  0.001227  -0.012838  -0.010476  0.062217  -0.071835  0.209753  2.000000  0.999852  0.017149  0.001108  -0.017153  0.999846  0.003720  -0.001044  -0.003739  0.999992  0.999992  0.003641  0.001505  -0.003643  0.999993  0.001115  -0.001501  -0.001121  0.999998  1.000000  0.000000  0.000000  0.000000  1.000000  0.000000  0.000000  0.000000  1.000000  0.999852  0.017149  0.001108  -0.017153  0.999846  0.003720  -0.001044  -0.003739  0.999992  0.000058  0.000000  
91.017419 0.010574  0.088409  -0.009666  0.994792  0.101915  -0.001757  -0.101728  0.993753  0.045887  0.006422  -0.045470  0.998945  0.001102  -0.012813  -0.010486  0.062613  -0.067342  0.197846  2.000000  0.999852  0.017149  0.001108  -0.017153  0.999846  0.003720  -0.001044  -0.003739  0.999992  0.999993  0.003441  0.001362  -0.003443  0.999993  0.001114  -0.001358  -0.001119  0.999998  1.000000  0.000000  0.000000  0.000000  1.000000  0.000000  0.000000  0.000000  1.000000  0.999852  0.017149  0.001108  -0.017153  0.999846  0.003720  -0.001044  -0.003739  0.999992  0.000054  0.000000  
91.018663 0.010576  0.088393  -0.009681  0.994771  0.102114  -0.001614  -0.101933  0.993733  0.045874  0.006288  -0.045470  0.998946  0.001064  -0.012794  -0.010570  0.057998  -0.070956  0.189178  2.000000  0.999852  0.017149  0.001108  -0.017153  0.999846  0.003720  -0.001044  -0.003739  0.999992  0.999993  0.003441  0.001362  -0.003443  0.999994  0.000992  -0.001359  -0.000997  0.999999  1.000000  0.000000  0.000000  0.000000  1.000000  0.000000  0.000000  0.000000  1.000000  0.999852  0.017149  0.001108  -0.017153  0.999846  0.003720  -0.001044  -0.003739  0.999992  0.000053  0.000000  
91.019914 0.010578  0.088376  -0.009696  0.994772  0.102108  -0.001469  -0.101933  0.993728  0.045981  0.006155  -0.045591  0.998941  0.001054  -0.012751  -0.010708  0.061965  -0.070659  0.182313  2.000000  0.999852  0.017149  0.001108  -0.017153  0.999846  0.003720  -0.001044  -0.003739  0.999992  0.999994  0.003242  0.001219  -0.003243  0.999994  0.000991  -0.001216  -0.000995  0.999999  1.000000  0.000000  0.000000  0.000000  1.000000  0.000000  0.000000  0.000000  1.000000  0.999852  0.017149  0.001108  -0.017153  0.999846  0.003720  -0.001044  -0.003739  0.999992  0.000051  0.000000  
91.020915 0.010580  0.088362  -0.009709  0.994751  0.102312  -0.001459  -0.102138  0.993707  0.045981  0.006155  -0.045591  0.998941  0.001116  -0.012803  -0.010912  0.057920  -0.070667  0.182302  2.000000  0.999852  0.017149  0.001108  -0.017153  0.999846  0.003720  -0.001044  -0.003739  0.999992  0.999994  0.003242  0.001219  -0.003243  0.999994  0.000869  -0.001217  -0.000873  0.999999  1.000000  0.000000  0.000000  0.000000  1.000000  0.000000  0.000000  0.000000  1.000000  0.999852  0.017149  0.001108  -0.017153  0.999846  0.003720  -0.001044  -0.003739  0.999992  0.000052  0.000000  
91.021915 0.010581  0.088349  -0.009722  0.994730  0.102517  -0.001438  -0.102342  0.993680  0.046102  0.006155  -0.045712  0.998936  0.001108  -0.012855  -0.011154  0.057871  -0.070382  0.175439  2.000000  0.999852  0.017149  0.001108  -0.017153  0.999846  0.003720  -0.001044  -0.003739  0.999992  0.999995  0.003036  0.001210  -0.003037  0.999995  0.000868  -0.001208  -0.000872  0.999999  1.000000  0.000000  0.000000  0.000000  1.000000  0.000000  0.000000  0.000000  1.000000  0.999852  0.017149  0.001108  -0.017153  0.999846  0.003720  -0.001044  -0.003739  0.999992  0.000050  0.000000  
91.022915 0.010583  0.088335  -0.009735  0.994731  0.102511  -0.001305  -0.102342  0.993681  0.046089  0.006021  -0.045712  0.998937  0.001115  -0.012973  -0.011465  0.057805  -0.070081  0.168600  2.000000  0.999852  0.017149  0.001108  -0.017153  0.999846  0.003720  -0.001044  -0.003739  0.999992  0.999995  0.003036  0.001210  -0.003037  0.999995  0.000867  -0.001208  -0.000871  0.999999  1.000000  0.000000  0.000000  0.000000  1.000000  0.000000  0.000000  0.000000  1.000000  0.999852  0.017149  0.001108  -0.017153  0.999846  0.003720  -0.001044  -0.003739  0.999992  0.000048  0.000000  
91.023916 0.010586  0.088320  -0.009748  0.994710  0.102716  -0.001283  -0.102547  0.993654  0.046209  0.006021  -0.045833  0.998931  0.001220  -0.013086  -0.011710  0.057803  -0.070099  0.168586  2.000000  0.999852  0.017149  0.001108  -0.017153  0.999846  0.003720  -0.001044  -0.003739  0.999992  0.999995  0.003036  0.001211  -0.003037  0.999995  0.000867  -0.001208  -0.000871  0.999999  1.000000  0.000000  0.000000  0.000000  1.000000  0.000000  0.000000  0.000000  1.000000  0.999852  0.017149  0.001108  -0.017153  0.999846  0.003720  -0.001044  -0.003739  0.999992  0.000000  0.000000  
91.025165 0.010589  0.088302  -0.009764  0.994710  0.102716  -0.001270  -0.102547  0.993649  0.046330  0.006021  -0.045955  0.998925  0.001297  -0.013289  -0.012010  0.000000  0.000000  0.000000  2.000000  0.999852  0.017149  0.001108  -0.017153  0.999846  0.003720  -0.001044  -0.003739  0.999992  0.999995  0.003042  0.001077  -0.003043  0.999995  0.000867  -0.001075  -0.000871  0.999999  1.000000  0.000000  0.000000  0.000000  1.000000  0.000000  0.000000  0.000000  1.000000  0.999852  0.017149  0.001108  -0.017153  0.999846  0.003720  -0.001044  -0.003739  0.999992  0.000000  0.000000  
91.026177 0.010591  0.088288  -0.009777  0.994689  0.102921  -0.001261  -0.102752  0.993627  0.046330  0.006021  -0.045955  0.998925  0.001408  -0.013463  -0.012242  0.000000  0.000000  0.000000  2.000000  0.999852  0.017149  0.001108  -0.017153  0.999846  0.003720  -0.001044  -0.003739  0.999992  0.999995  0.003042  0.001078  -0.003043  0.999995  0.000867  -0.001075  -0.000871  0.999999  1.000000  0.000000  0.000000  0.000000  1.000000  0.000000  0.000000  0.000000  1.000000  0.999852  0.017149  0.001108  -0.017153  0.999846  0.003720  -0.001044  -0.003739  0.999992  0.000000  0.000000  
91.027419 0.010594  0.088270  -0.009792  0.994690  0.102914  -0.001128  -0.102752  0.993628  0.046316  0.005887  -0.045955  0.998926  0.001593  -0.013562  -0.012273  0.000000  0.000000  0.000000  2.000000  0.999852  0.017149  0.001108  -0.017153  0.999846  0.003720  -0.001044  -0.003739  0.999992  0.999996  0.002630  0.001059  -0.002631  0.999996  0.000865  -0.001056  -0.000867  0.999999  1.000000  0.000000  0.000000  0.000000  1.000000  0.000000  0.000000  0.000000  1.000000  0.999852  0.017149  0.001108  -0.017153  0.999846  0.003720  -0.001044  -0.003739  0.999992  0.000000  0.000000  
