1-Time 2-Px 3-Py 4-Pz 5-R11 6-R21 7-R31 8-R12 9-R22 10-R32 11-R13 12-R23 13-R33 14-Vx 15-Vy 16-Vz 17-Wx 18-Wy 19-Wz 20-state 21-PR11 22-PR21 23-PR31 24-PR12 25-PR22 26-PR32 27-PR13 28-PR23 29-PR33 
19.109318 -0.010189  0.081354  0.006299  0.994409  0.096769  -0.042267  -0.094454  0.994080  0.053706  0.047213  -0.049414  0.997662  0.000345  -0.000000  -0.000989  0.000000  0.000000  0.000000  2.000000  1.000000  0.000000  0.000000  0.000000  1.000000  0.000000  0.000000  0.000000  1.000000  1.000000  0.000205  0.000010  -0.000205  1.000000  0.000010  -0.000010  -0.000010  1.000000  1.000000  0.000000  0.000000  0.000000  1.000000  0.000000  0.000000  0.000000  1.000000  0.762503  0.490127  -0.422332  -0.487791  0.864337  0.122397  0.425027  0.112682  0.898139  0.000000  0.000000  
19.110325 -0.010190  0.081353  0.006298  0.994409  0.096769  -0.042267  -0.094454  0.994080  0.053706  0.047213  -0.049414  0.997662  0.000293  -0.000065  -0.001030  0.000000  0.000000  0.000000  2.000000  1.000000  0.000000  0.000000  0.000000  1.000000  0.000000  0.000000  0.000000  1.000000  1.000000  0.000205  0.000010  -0.000205  1.000000  0.000010  -0.000010  -0.000010  1.000000  1.000000  0.000000  0.000000  0.000000  1.000000  0.000000  0.000000  0.000000  1.000000  1.000000  0.000000  0.000000  0.000000  1.000000  0.000000  0.000000  0.000000  1.000000  0.000000  0.000000  
19.111327 -0.010193  0.081349  0.006295  0.994370  0.097183  -0.042233  -0.094863  0.994033  0.053844  0.047213  -0.049535  0.997656  0.000076  -0.000332  -0.001158  0.000000  0.000000  0.000000  2.000000  1.000000  0.000000  0.000000  0.000000  1.000000  0.000000  0.000000  0.000000  1.000000  1.000000  0.000616  0.000031  -0.000616  1.000000  0.000150  -0.000031  -0.000150  1.000000  1.000000  0.000000  0.000000  0.000000  1.000000  0.000000  0.000000  0.000000  1.000000  1.000000  0.000000  0.000000  0.000000  1.000000  0.000000  0.000000  0.000000  1.000000  0.000000  0.000000  
19.112573 -0.010198  0.081342  0.006292  0.994305  0.097809  -0.042320  -0.095477  0.993966  0.054004  0.047347  -0.049656  0.997644  -0.000308  -0.000783  -0.001341  0.000000  0.000000  0.000000  2.000000  1.000000  0.000000  0.000000  0.000000  1.000000  0.000000  0.000000  0.000000  1.000000  0.999999  0.001034  -0.000083  -0.001034  0.999999  0.000170  0.000083  -0.000170  1.000000  1.000000  0.000000  0.000000  0.000000  1.000000  0.000000  0.000000  0.000000  1.000000  1.000000  0.000000  0.000000  0.000000  1.000000  0.000000  0.000000  0.000000  1.000000  0.000000  0.000000  
19.113824 -0.010203  0.081335  0.006289  0.994253  0.098236  -0.042552  -0.095885  0.993917  0.054167  0.047614  -0.049776  0.997625  -0.000684  -0.001336  -0.001432  0.000000  0.000000  0.000000  2.000000  1.000000  0.000000  0.000000  0.000000  1.000000  0.000000  0.000000  0.000000  1.000000  0.999999  0.001451  -0.000195  -0.001451  0.999999  0.000432  0.000196  -0.000432  1.000000  1.000000  0.000000  0.000000  0.000000  1.000000  0.000000  0.000000  0.000000  1.000000  1.000000  0.000000  0.000000  0.000000  1.000000  0.000000  0.000000  0.000000  1.000000  0.000000  0.000000  
19.114827 -0.010207  0.081328  0.006287  0.994233  0.098451  -0.042517  -0.096090  0.993884  0.054417  0.047614  -0.050018  0.997613  -0.000974  -0.001746  -0.001482  0.000000  0.000000  0.000000  2.000000  1.000000  0.000000  0.000000  0.000000  1.000000  0.000000  0.000000  0.000000  1.000000  0.999999  0.001663  -0.000318  -0.001663  0.999998  0.000685  0.000320  -0.000684  1.000000  1.000000  0.000000  0.000000  0.000000  1.000000  0.000000  0.000000  0.000000  1.000000  1.000000  0.000000  0.000000  0.000000  1.000000  0.000000  0.000000  0.000000  1.000000  0.000000  0.000000  
19.116078 -0.010213  0.081320  0.006285  0.994161  0.099089  -0.042725  -0.096702  0.993809  0.054710  0.047882  -0.050259  0.997588  -0.001422  -0.002268  -0.001500  0.000000  0.000000  0.000000  2.000000  1.000000  0.000000  0.000000  0.000000  1.000000  0.000000  0.000000  0.000000  1.000000  0.999998  0.002087  -0.000565  -0.002087  0.999997  0.000826  0.000567  -0.000825  0.999999  1.000000  0.000000  0.000000  0.000000  1.000000  0.000000  0.000000  0.000000  1.000000  1.000000  0.000000  0.000000  0.000000  1.000000  0.000000  0.000000  0.000000  1.000000  0.000000  0.000000  
19.117325 -0.010221  0.081312  0.006284  0.994062  0.099938  -0.043054  -0.097519  0.993711  0.055026  0.048283  -0.050500  0.997556  -0.001956  -0.002821  -0.001532  0.000000  0.000000  0.000000  2.000000  1.000000  0.000000  0.000000  0.000000  1.000000  0.000000  0.000000  0.000000  1.000000  0.999995  0.002923  -0.000790  -0.002922  0.999995  0.001109  0.000793  -0.001107  0.999999  1.000000  0.000000  0.000000  0.000000  1.000000  0.000000  0.000000  0.000000  1.000000  1.000000  0.000000  0.000000  0.000000  1.000000  0.000000  0.000000  0.000000  1.000000  0.000000  0.000000  
19.118326 -0.010227  0.081306  0.006282  0.993988  0.100570  -0.043274  -0.098132  0.993641  0.055199  0.048550  -0.050621  0.997537  -0.002404  -0.003285  -0.001584  0.000000  0.000000  0.000000  2.000000  1.000000  0.000000  0.000000  0.000000  1.000000  0.000000  0.000000  0.000000  1.000000  0.999993  0.003552  -0.001025  -0.003551  0.999993  0.001382  0.001030  -0.001378  0.999999  1.000000  0.000000  0.000000  0.000000  1.000000  0.000000  0.000000  0.000000  1.000000  1.000000  0.000000  0.000000  0.000000  1.000000  0.000000  0.000000  0.000000  1.000000  0.000000  0.000000  
19.119330 -0.010233  0.081299  0.006279  0.993915  0.101202  -0.043493  -0.098744  0.993571  0.055373  0.048817  -0.050741  0.997518  -0.002853  -0.003699  -0.001689  0.000000  0.000000  0.000000  2.000000  1.000000  0.000000  0.000000  0.000000  1.000000  0.000000  0.000000  0.000000  1.000000  0.999990  0.004388  -0.001250  -0.004386  0.999989  0.001544  0.001257  -0.001539  0.999998  1.000000  0.000000  0.000000  0.000000  1.000000  0.000000  0.000000  0.000000  1.000000  1.000000  0.000000  0.000000  0.000000  1.000000  0.000000  0.000000  0.000000  1.000000  0.000000  0.000000  
19.120579 -0.010241  0.081291  0.006275  0.993820  0.102039  -0.043700  -0.099561  0.993479  0.055556  0.049084  -0.050861  0.997499  -0.003434  -0.004273  -0.001892  0.057565  0.053841  0.182568  2.000000  1.000000  0.000128  -0.000037  -0.000128  1.000000  0.000042  0.000037  -0.000042  1.000000  0.999985  0.005223  -0.001475  -0.005220  0.999985  0.001707  0.001484  -0.001699  0.999997  1.000000  0.000065  -0.000018  -0.000065  1.000000  0.000021  0.000018  -0.000021  1.000000  1.000000  0.000128  -0.000037  -0.000128  1.000000  0.000042  0.000037  -0.000042  1.000000  0.000050  0.005688  
19.121828 -0.010250  0.081284  0.006272  0.993725  0.102876  -0.043908  -0.100379  0.993387  0.055739  0.049352  -0.050982  0.997479  -0.004036  -0.004764  -0.002018  0.063004  0.061425  0.210638  2.000000  1.000000  0.000478  -0.000143  -0.000478  1.000000  0.000156  0.000143  -0.000156  1.000000  0.999981  0.005860  -0.001843  -0.005856  0.999981  0.001861  0.001854  -0.001850  0.999997  1.000000  0.000073  -0.000023  -0.000073  1.000000  0.000023  0.000023  -0.000023  1.000000  1.000000  0.000478  -0.000143  -0.000478  1.000000  0.000156  0.000143  -0.000156  1.000000  0.000056  0.006417  
19.122830 -0.010257  0.081277  0.006270  0.993649  0.103509  -0.044126  -0.100991  0.993315  0.055913  0.049619  -0.051102  0.997460  -0.004559  -0.005183  -0.002060  0.068117  0.069353  0.231809  2.000000  1.000000  0.000797  -0.000241  -0.000797  1.000000  0.000253  0.000241  -0.000253  1.000000  0.999975  0.006695  -0.002067  -0.006691  0.999976  0.002024  0.002081  -0.002010  0.999996  1.000000  0.000084  -0.000026  -0.000084  1.000000  0.000025  0.000026  -0.000025  1.000000  1.000000  0.000797  -0.000241  -0.000797  1.000000  0.000253  0.000241  -0.000253  1.000000  0.000063  0.007292  
19.124078 -0.010267  0.081267  0.006267  0.993525  0.104552  -0.044467  -0.102012  0.993206  0.056000  0.050020  -0.051101  0.997440  -0.005236  -0.005850  -0.002182  0.069520  0.081448  0.260136  2.000000  0.999999  0.001242  -0.000379  -0.001242  0.999999  0.000381  0.000380  -0.000380  1.000000  0.999969  0.007530  -0.002292  -0.007525  0.999970  0.002067  0.002308  -0.002049  0.999995  1.000000  0.000094  -0.000029  -0.000094  1.000000  0.000026  0.000029  -0.000026  1.000000  0.999999  0.001242  -0.000379  -0.001242  0.999999  0.000381  0.000380  -0.000380  1.000000  0.000069  0.008136  
19.125326 -0.010278  0.081255  0.006262  0.993427  0.105388  -0.044674  -0.102828  0.993111  0.056184  0.050287  -0.051221  0.997420  -0.005941  -0.006619  -0.002372  0.074964  0.089003  0.288140  2.000000  0.999999  0.001644  -0.000506  -0.001644  0.999999  0.000490  0.000507  -0.000489  1.000000  0.999961  0.008372  -0.002650  -0.008367  0.999963  0.002232  0.002668  -0.002210  0.999994  1.000000  0.000105  -0.000033  -0.000105  1.000000  0.000028  0.000033  -0.000028  1.000000  0.999999  0.001644  -0.000506  -0.001644  0.999999  0.000490  0.000507  -0.000489  1.000000  0.000077  0.009058  
19.126577 -0.010290  0.081241  0.006258  0.993322  0.106232  -0.045013  -0.103644  0.993015  0.056383  0.050688  -0.051341  0.997394  -0.006436  -0.007189  -0.002455  0.080450  0.101061  0.316420  2.000000  0.999997  0.002204  -0.000684  -0.002204  0.999997  0.000632  0.000685  -0.000631  1.000000  0.999953  0.009215  -0.003007  -0.009208  0.999955  0.002398  0.003029  -0.002370  0.999993  1.000000  0.000115  -0.000038  -0.000115  1.000000  0.000030  0.000038  -0.000030  1.000000  0.999997  0.002204  -0.000684  -0.002204  0.999997  0.000632  0.000685  -0.000631  1.000000  0.000085  0.009982  
19.127825 -0.010301  0.081226  0.006255  0.993216  0.107076  -0.045351  -0.104460  0.992918  0.056582  0.051089  -0.051461  0.997367  -0.006823  -0.007694  -0.002425  0.085975  0.113151  0.344813  2.000000  0.999996  0.002819  -0.000880  -0.002818  0.999996  0.000787  0.000882  -0.000784  0.999999  0.999942  0.010256  -0.003220  -0.010248  0.999944  0.002574  0.003246  -0.002541  0.999992  1.000000  0.000128  -0.000040  -0.000128  1.000000  0.000032  0.000040  -0.000032  1.000000  0.999996  0.002819  -0.000880  -0.002818  0.999996  0.000787  0.000882  -0.000784  0.999999  0.000093  0.011049  
19.128826 -0.010309  0.081213  0.006254  0.993138  0.107714  -0.045556  -0.105072  0.992837  0.056879  0.051356  -0.051702  0.997341  -0.007157  -0.008138  -0.002371  0.095181  0.121023  0.365927  2.000000  0.999994  0.003348  -0.001054  -0.003347  0.999994  0.000919  0.001057  -0.000915  0.999999  0.999934  0.010893  -0.003587  -0.010883  0.999937  0.002730  0.003616  -0.002691  0.999990  1.000000  0.000136  -0.000045  -0.000136  1.000000  0.000034  0.000045  -0.000034  1.000000  0.999994  0.003348  -0.001054  -0.003347  0.999994  0.000919  0.001057  -0.000915  0.999999  0.000100  0.011785  
19.129826 -0.010317  0.081201  0.006252  0.993052  0.108353  -0.045906  -0.105683  0.992761  0.057070  0.051757  -0.051822  0.997314  -0.007361  -0.008525  -0.002367  0.100357  0.133422  0.387318  2.000000  0.999992  0.003908  -0.001241  -0.003907  0.999992  0.001064  0.001245  -0.001059  0.999999  0.999926  0.011524  -0.003819  -0.011512  0.999929  0.003007  0.003854  -0.002963  0.999988  1.000000  0.000144  -0.000048  -0.000144  1.000000  0.000037  0.000048  -0.000037  1.000000  0.999992  0.003908  -0.001241  -0.003907  0.999992  0.001064  0.001245  -0.001059  0.999999  0.000106  0.012502  
19.131082 -0.010328  0.081182  0.006249  0.992951  0.109201  -0.046084  -0.106499  0.992649  0.057498  0.052024  -0.052184  0.997281  -0.007662  -0.009292  -0.002469  0.113978  0.140887  0.415286  2.000000  0.999988  0.004650  -0.001494  -0.004648  0.999988  0.001261  0.001500  -0.001254  0.999998  0.999920  0.011956  -0.004196  -0.011943  0.999923  0.003276  0.004234  -0.003225  0.999986  1.000000  0.000149  -0.000053  -0.000149  1.000000  0.000041  0.000053  -0.000041  1.000000  0.999988  0.004650  -0.001494  -0.004648  0.999988  0.001261  0.001500  -0.001254  0.999998  0.000113  0.013082  
19.132324 -0.010338  0.081163  0.006245  0.992835  0.110058  -0.046541  -0.107314  0.992542  0.057834  0.052559  -0.052425  0.997241  -0.007782  -0.009947  -0.002581  0.123021  0.156626  0.441670  2.000000  0.999984  0.005418  -0.001765  -0.005415  0.999984  0.001475  0.001773  -0.001465  0.999997  0.999913  0.012382  -0.004437  -0.012367  0.999917  0.003545  0.004480  -0.003489  0.999984  1.000000  0.000155  -0.000056  -0.000155  1.000000  0.000044  0.000056  -0.000044  1.000000  0.999984  0.005418  -0.001765  -0.005415  0.999984  0.001475  0.001773  -0.001465  0.999997  0.000121  0.013616  
19.133327 -0.010345  0.081148  0.006242  0.992754  0.110696  -0.046743  -0.107926  0.992458  0.058132  0.052826  -0.052666  0.997214  -0.007894  -0.010614  -0.002700  0.132910  0.165308  0.465145  2.000000  0.999981  0.005888  -0.001939  -0.005885  0.999981  0.001611  0.001949  -0.001599  0.999997  0.999910  0.012603  -0.004690  -0.012586  0.999914  0.003680  0.004736  -0.003620  0.999982  1.000000  0.000157  -0.000059  -0.000157  1.000000  0.000046  0.000059  -0.000046  1.000000  0.999981  0.005888  -0.001939  -0.005885  0.999981  0.001611  0.001949  -0.001599  0.999997  0.000127  0.013934  
19.134330 -0.010352  0.081133  0.006237  0.992696  0.111130  -0.046958  -0.108333  0.992397  0.058421  0.053093  -0.052907  0.997187  -0.007940  -0.011085  -0.002800  0.141778  0.173477  0.479291  2.000000  0.999976  0.006524  -0.002180  -0.006520  0.999977  0.001798  0.002192  -0.001784  0.999996  0.999908  0.012618  -0.004954  -0.012599  0.999913  0.003806  0.005001  -0.003743  0.999980  1.000000  0.000158  -0.000062  -0.000158  1.000000  0.000047  0.000062  -0.000047  1.000000  0.999976  0.006524  -0.002180  -0.006520  0.999977  0.001798  0.002192  -0.001784  0.999996  0.000132  0.014072  
19.135578 -0.010361  0.081114  0.006232  0.992630  0.111571  -0.047305  -0.108739  0.992334  0.058725  0.053494  -0.053148  0.997153  -0.007983  -0.011789  -0.002927  0.150720  0.186179  0.493800  2.000000  0.999970  0.007333  -0.002490  -0.007328  0.999971  0.002038  0.002505  -0.002019  0.999995  0.999902  0.013037  -0.005062  -0.013018  0.999908  0.003831  0.005112  -0.003765  0.999980  1.000000  0.000163  -0.000064  -0.000163  1.000000  0.000047  0.000064  -0.000047  1.000000  0.999970  0.007333  -0.002490  -0.007328  0.999971  0.002038  0.002505  -0.002019  0.999995  0.000138  0.014492  
19.136827 -0.010371  0.081094  0.006226  0.992555  0.112203  -0.047374  -0.109352  0.992250  0.059009  0.053628  -0.053390  0.997133  -0.008059  -0.012630  -0.003070  0.159964  0.189559  0.514797  2.000000  0.999963  0.008140  -0.002805  -0.008134  0.999964  0.002279  0.002823  -0.002256  0.999993  0.999905  0.012833  -0.005070  -0.012814  0.999911  0.003824  0.005119  -0.003758  0.999980  1.000000  0.000160  -0.000064  -0.000160  1.000000  0.000047  0.000064  -0.000047  1.000000  0.999963  0.008140  -0.002805  -0.008134  0.999964  0.002279  0.002823  -0.002256  0.999993  0.000143  0.014310  
19.138078 -0.010382  0.081073  0.006220  0.992473  0.112841  -0.047575  -0.109963  0.992165  0.059309  0.053895  -0.053631  0.997105  -0.008208  -0.013598  -0.003337  0.169215  0.197387  0.535926  2.000000  0.999955  0.008931  -0.003110  -0.008923  0.999957  0.002513  0.003132  -0.002485  0.999992  0.999909  0.012614  -0.004813  -0.012596  0.999914  0.003693  0.004859  -0.003632  0.999982  1.000000  0.000158  -0.000060  -0.000158  1.000000  0.000046  0.000060  -0.000046  1.000000  0.999955  0.008931  -0.003110  -0.008923  0.999957  0.002513  0.003132  -0.002485  0.999992  0.000148  0.013989  
19.139331 -0.010392  0.081054  0.006215  0.992428  0.113255  -0.047537  -0.110372  0.992111  0.059448  0.053895  -0.053752  0.997099  -0.008216  -0.014170  -0.003405  0.174160  0.196834  0.550276  2.000000  0.999947  0.009701  -0.003404  -0.009692  0.999949  0.002746  0.003431  -0.002713  0.999990  0.999918  0.011984  -0.004577  -0.011967  0.999922  0.003662  0.004621  -0.003607  0.999983  1.000000  0.000150  -0.000057  -0.000150  1.000000  0.000045  0.000057  -0.000045  1.000000  0.999947  0.009701  -0.003404  -0.009692  0.999949  0.002746  0.003431  -0.002713  0.999990  0.000151  0.013333  
19.140574 -0.010402  0.081035  0.006211  0.992398  0.113467  -0.047657  -0.110575  0.992087  0.059473  0.054028  -0.053751  0.997092  -0.008181  -0.014482  -0.003382  0.172649  0.199539  0.545616  2.000000  0.999939  0.010443  -0.003687  -0.010432  0.999941  0.002972  0.003717  -0.002934  0.999989  0.999923  0.011566  -0.004465  -0.011551  0.999927  0.003520  0.004505  -0.003468  0.999984  1.000000  0.000144  -0.000056  -0.000144  1.000000  0.000044  0.000056  -0.000044  1.000000  0.999939  0.010443  -0.003687  -0.010432  0.999941  0.002972  0.003717  -0.002934  0.999989  0.000153  0.012881  
19.141575 -0.010411  0.081019  0.006208  0.992375  0.113677  -0.047631  -0.110779  0.992056  0.059603  0.054028  -0.053872  0.997085  -0.008090  -0.014746  -0.003358  0.172347  0.195385  0.538594  2.000000  0.999933  0.010871  -0.003850  -0.010860  0.999936  0.003106  0.003884  -0.003064  0.999988  0.999926  0.011354  -0.004341  -0.011339  0.999930  0.003509  0.004380  -0.003459  0.999984  1.000000  0.000142  -0.000055  -0.000142  1.000000  0.000044  0.000055  -0.000044  1.000000  0.999933  0.010871  -0.003850  -0.010860  0.999936  0.003106  0.003884  -0.003064  0.999988  0.000152  0.012645  
19.142575 -0.010420  0.081004  0.006205  0.992353  0.113881  -0.047619  -0.110984  0.992033  0.059613  0.054028  -0.053872  0.997085  -0.008112  -0.015000  -0.003397  0.169389  0.192846  0.535952  2.000000  0.999926  0.011426  -0.004057  -0.011413  0.999929  0.003282  0.004094  -0.003236  0.999986  0.999932  0.010929  -0.004096  -0.010915  0.999934  0.003487  0.004134  -0.003442  0.999986  1.000000  0.000137  -0.000051  -0.000137  1.000000  0.000043  0.000051  -0.000043  1.000000  0.999926  0.011426  -0.004057  -0.011413  0.999929  0.003282  0.004094  -0.003236  0.999986  0.000149  0.012175  
19.143578 -0.010430  0.080988  0.006202  0.992330  0.114091  -0.047593  -0.111188  0.992002  0.059743  0.054028  -0.053993  0.997079  -0.008203  -0.015291  -0.003524  0.169055  0.188629  0.528783  2.000000  0.999920  0.011954  -0.004252  -0.011940  0.999923  0.003457  0.004293  -0.003406  0.999985  0.999937  0.010504  -0.003850  -0.010491  0.999939  0.003465  0.003886  -0.003424  0.999987  1.000000  0.000131  -0.000048  -0.000131  1.000000  0.000043  0.000048  -0.000043  1.000000  0.999920  0.011954  -0.004252  -0.011940  0.999923  0.003457  0.004293  -0.003406  0.999985  0.000147  0.011706  
19.144831 -0.010444  0.080967  0.006198  0.992307  0.114301  -0.047567  -0.111392  0.991971  0.059873  0.054028  -0.054114  0.997072  -0.008462  -0.015620  -0.003618  0.164673  0.184416  0.521719  2.000000  0.999911  0.012580  -0.004477  -0.012563  0.999914  0.003676  0.004523  -0.003620  0.999983  0.999947  0.009662  -0.003493  -0.009649  0.999947  0.003542  0.003527  -0.003508  0.999988  1.000000  0.000121  -0.000044  -0.000121  1.000000  0.000044  0.000044  -0.000044  1.000000  0.999911  0.012580  -0.004477  -0.012563  0.999914  0.003676  0.004523  -0.003620  0.999983  0.000145  0.010862  
19.146097 -0.010458  0.080945  0.006194  0.992284  0.114511  -0.047540  -0.111597  0.991940  0.060003  0.054028  -0.054235  0.997065  -0.008698  -0.015794  -0.003624  0.157127  0.177439  0.511542  2.000000  0.999903  0.013153  -0.004680  -0.013134  0.999906  0.003895  0.004731  -0.003833  0.999981  0.999956  0.008819  -0.003136  -0.008808  0.999955  0.003498  0.003167  -0.003470  0.999989  1.000000  0.000110  -0.000039  -0.000110  1.000000  0.000044  0.000039  -0.000044  1.000000  0.999903  0.013153  -0.004680  -0.013134  0.999906  0.003895  0.004731  -0.003833  0.999981  0.000142  0.009987  
19.147325 -0.010473  0.080923  0.006190  0.992284  0.114523  -0.047513  -0.111597  0.991926  0.060244  0.054028  -0.054477  0.997052  -0.009097  -0.016038  -0.003707  0.158987  0.168074  0.486412  2.000000  0.999896  0.013573  -0.004827  -0.013553  0.999900  0.004071  0.004881  -0.004006  0.999980  0.999962  0.008189  -0.002902  -0.008179  0.999961  0.003465  0.002930  -0.003441  0.999990  1.000000  0.000102  -0.000036  -0.000102  1.000000  0.000043  0.000036  -0.000043  1.000000  0.999896  0.013573  -0.004827  -0.013553  0.999900  0.004071  0.004881  -0.004006  0.999980  0.000136  0.009349  
19.148347 -0.010485  0.080906  0.006186  0.992261  0.114733  -0.047486  -0.111801  0.991895  0.060374  0.054028  -0.054598  0.997046  -0.009377  -0.016173  -0.003687  0.157969  0.160107  0.465199  2.000000  0.999892  0.013870  -0.004928  -0.013849  0.999895  0.004206  0.004986  -0.004138  0.999979  0.999966  0.007764  -0.002655  -0.007755  0.999964  0.003564  0.002683  -0.003543  0.999990  1.000000  0.000097  -0.000033  -0.000097  1.000000  0.000044  0.000033  -0.000044  1.000000  0.999892  0.013870  -0.004928  -0.013849  0.999895  0.004206  0.004986  -0.004138  0.999979  0.000131  0.008942  
19.149581 -0.010501  0.080885  0.006183  0.992261  0.114744  -0.047459  -0.111801  0.991880  0.060615  0.054028  -0.054840  0.997032  -0.009835  -0.016328  -0.003580  0.156598  0.147949  0.436809  2.000000  0.999886  0.014240  -0.005051  -0.014218  0.999889  0.004389  0.005113  -0.004317  0.999978  0.999972  0.007134  -0.002420  -0.007125  0.999968  0.003652  0.002446  -0.003635  0.999990  1.000000  0.000089  -0.000030  -0.000089  1.000000  0.000046  0.000030  -0.000046  1.000000  0.999886  0.014240  -0.005051  -0.014218  0.999889  0.004389  0.005113  -0.004317  0.999978  0.000124  0.008368  
19.150830 -0.010519  0.080861  0.006178  0.992245  0.114952  -0.047286  -0.112006  0.991843  0.060850  0.053895  -0.055082  0.997026  -0.010419  -0.016592  -0.003488  0.159649  0.135514  0.415461  2.000000  0.999880  0.014584  -0.005158  -0.014561  0.999884  0.004571  0.005224  -0.004495  0.999976  0.999976  0.006694  -0.001908  -0.006687  0.999971  0.003629  0.001932  -0.003616  0.999992  1.000000  0.000084  -0.000024  -0.000084  1.000000  0.000045  0.000024  -0.000045  1.000000  0.999880  0.014584  -0.005158  -0.014561  0.999884  0.004571  0.005224  -0.004495  0.999976  0.000118  0.007847  
19.152085 -0.010539  0.080838  0.006172  0.992245  0.114958  -0.047272  -0.112006  0.991835  0.060970  0.053895  -0.055203  0.997020  -0.011107  -0.016813  -0.003470  0.158239  0.127926  0.387312  2.000000  0.999874  0.014975  -0.005266  -0.014950  0.999877  0.004795  0.005337  -0.004715  0.999975  0.999981  0.005859  -0.001685  -0.005853  0.999977  0.003464  0.001705  -0.003454  0.999993  1.000000  0.000073  -0.000021  -0.000073  1.000000  0.000043  0.000021  -0.000043  1.000000  0.999874  0.014975  -0.005266  -0.014950  0.999877  0.004795  0.005337  -0.004715  0.999975  0.000112  0.007009  
19.153329 -0.010559  0.080814  0.006165  0.992236  0.115159  -0.046966  -0.112212  0.991798  0.061191  0.053628  -0.055446  0.997021  -0.011703  -0.017031  -0.003566  0.164480  0.109861  0.369883  2.000000  0.999869  0.015260  -0.005332  -0.015233  0.999872  0.004967  0.005407  -0.004885  0.999973  0.999985  0.005419  -0.001173  -0.005415  0.999980  0.003319  0.001191  -0.003313  0.999994  1.000000  0.000068  -0.000015  -0.000068  1.000000  0.000041  0.000015  -0.000041  1.000000  0.999869  0.015260  -0.005332  -0.015233  0.999872  0.004967  0.005407  -0.004885  0.999973  0.000106  0.006460  
19.154578 -0.010580  0.080792  0.006158  0.992243  0.115157  -0.046820  -0.112213  0.991792  0.061296  0.053494  -0.055567  0.997021  -0.012389  -0.017188  -0.003732  0.162987  0.093387  0.341297  2.000000  0.999867  0.015390  -0.005355  -0.015363  0.999869  0.005051  0.005432  -0.004968  0.999973  0.999989  0.004560  -0.000550  -0.004559  0.999985  0.003032  0.000564  -0.003029  0.999995  1.000000  0.000000  0.000000  0.000000  1.000000  0.000000  0.000000  0.000000  1.000000  0.999867  0.015390  -0.005355  -0.015363  0.999869  0.005051  0.005432  -0.004968  0.999973  0.000098  0.000000  
19.155824 -0.010602  0.080769  0.006150  0.992234  0.115352  -0.046528  -0.112419  0.991762  0.061396  0.053227  -0.055689  0.997028  -0.013221  -0.017461  -0.004012  0.165627  0.072565  0.312732  2.000000  0.999867  0.015390  -0.005355  -0.015363  0.999869  0.005051  0.005432  -0.004968  0.999973  0.999992  0.003907  0.000084  -0.003908  0.999988  0.002876  -0.000073  -0.002877  0.999996  1.000000  0.000000  0.000000  0.000000  1.000000  0.000000  0.000000  0.000000  1.000000  0.999867  0.015390  -0.005355  -0.015363  0.999869  0.005051  0.005432  -0.004968  0.999973  0.000089  0.000000  
19.156825 -0.010619  0.080751  0.006142  0.992241  0.115345  -0.046395  -0.112419  0.991763  0.061381  0.053093  -0.055689  0.997036  -0.013716  -0.017628  -0.004308  0.160542  0.060290  0.291501  2.000000  0.999867  0.015390  -0.005355  -0.015363  0.999869  0.005051  0.005432  -0.004968  0.999973  0.999992  0.003885  0.000485  -0.003886  0.999989  0.002754  -0.000475  -0.002756  0.999996  1.000000  0.000000  0.000000  0.000000  1.000000  0.000000  0.000000  0.000000  1.000000  0.999867  0.015390  -0.005355  -0.015363  0.999869  0.005051  0.005432  -0.004968  0.999973  0.000085  0.000000  
19.158076 -0.010642  0.080729  0.006132  0.992232  0.115540  -0.046103  -0.112625  0.991734  0.061481  0.052826  -0.055811  0.997043  -0.014454  -0.017813  -0.004717  0.156406  0.039777  0.265168  2.000000  0.999867  0.015390  -0.005355  -0.015363  0.999869  0.005051  0.005432  -0.004968  0.999973  0.999994  0.003444  0.000997  -0.003447  0.999991  0.002611  -0.000988  -0.002614  0.999996  1.000000  0.000000  0.000000  0.000000  1.000000  0.000000  0.000000  0.000000  1.000000  0.999867  0.015390  -0.005355  -0.015363  0.999869  0.005051  0.005432  -0.004968  0.999973  0.000081  0.000000  
19.159329 -0.010665  0.080707  0.006121  0.992246  0.115531  -0.045824  -0.112627  0.991728  0.061571  0.052559  -0.055932  0.997050  -0.015187  -0.017925  -0.005262  0.150861  0.018757  0.236287  2.000000  0.999867  0.015390  -0.005355  -0.015363  0.999869  0.005051  0.005432  -0.004968  0.999973  0.999995  0.002806  0.001364  -0.002810  0.999993  0.002577  -0.001356  -0.002581  0.999996  1.000000  0.000000  0.000000  0.000000  1.000000  0.000000  0.000000  0.000000  1.000000  0.999867  0.015390  -0.005355  -0.015363  0.999869  0.005051  0.005432  -0.004968  0.999973  0.000073  0.000000  
19.160574 -0.010689  0.080685  0.006111  0.992230  0.115727  -0.045679  -0.112832  0.991705  0.061565  0.052425  -0.055933  0.997057  -0.015796  -0.017916  -0.005717  0.140839  0.005956  0.219945  2.000000  0.999867  0.015390  -0.005355  -0.015363  0.999869  0.005051  0.005432  -0.004968  0.999973  0.999995  0.002586  0.001619  -0.002590  0.999994  0.002445  -0.001613  -0.002449  0.999996  1.000000  0.000000  0.000000  0.000000  1.000000  0.000000  0.000000  0.000000  1.000000  0.999867  0.015390  -0.005355  -0.015363  0.999869  0.005051  0.005432  -0.004968  0.999973  0.000066  0.000000  
19.161582 -0.010708  0.080668  0.006102  0.992237  0.115726  -0.045533  -0.112833  0.991698  0.061671  0.052291  -0.056054  0.997057  -0.016254  -0.017914  -0.006054  0.136494  -0.010495  0.193166  2.000000  0.999867  0.015390  -0.005355  -0.015363  0.999869  0.005051  0.005432  -0.004968  0.999973  0.999996  0.002160  0.001864  -0.002165  0.999995  0.002423  -0.001858  -0.002427  0.999995  1.000000  0.000000  0.000000  0.000000  1.000000  0.000000  0.000000  0.000000  1.000000  0.999867  0.015390  -0.005355  -0.015363  0.999869  0.005051  0.005432  -0.004968  0.999973  0.000061  0.000000  
19.162823 -0.010732  0.080647  0.006091  0.992221  0.115928  -0.045373  -0.113038  0.991668  0.061785  0.052158  -0.056176  0.997058  -0.016891  -0.017903  -0.006451  0.131147  -0.027915  0.183976  2.000000  0.999867  0.015390  -0.005355  -0.015363  0.999869  0.005051  0.005432  -0.004968  0.999973  0.999996  0.002152  0.001998  -0.002157  0.999995  0.002423  -0.001992  -0.002427  0.999995  1.000000  0.000000  0.000000  0.000000  1.000000  0.000000  0.000000  0.000000  1.000000  0.999867  0.015390  -0.005355  -0.015363  0.999869  0.005051  0.005432  -0.004968  0.999973  0.000057  0.000000  
19.163824 -0.010752  0.080629  0.006083  0.992228  0.115920  -0.045241  -0.113039  0.991669  0.061770  0.052024  -0.056176  0.997065  -0.017381  -0.017893  -0.006761  0.121856  -0.040146  0.162523  2.000000  0.999867  0.015390  -0.005355  -0.015363  0.999869  0.005051  0.005432  -0.004968  0.999973  0.999996  0.001940  0.002120  -0.001945  0.999995  0.002412  -0.002115  -0.002416  0.999995  1.000000  0.000000  0.000000  0.000000  1.000000  0.000000  0.000000  0.000000  1.000000  0.999867  0.015390  -0.005355  -0.015363  0.999869  0.005051  0.005432  -0.004968  0.999973  0.000053  0.000000  
19.164835 -0.010772  0.080611  0.006076  0.992204  0.116130  -0.045214  -0.113243  0.991637  0.061900  0.052024  -0.056297  0.997058  -0.017919  -0.018021  -0.007089  0.000000  0.000000  0.000000  2.000000  0.999867  0.015390  -0.005355  -0.015363  0.999869  0.005051  0.005432  -0.004968  0.999973  0.999996  0.001939  0.002120  -0.001944  0.999995  0.002412  -0.002115  -0.002416  0.999995  1.000000  0.000000  0.000000  0.000000  1.000000  0.000000  0.000000  0.000000  1.000000  0.999867  0.015390  -0.005355  -0.015363  0.999869  0.005051  0.005432  -0.004968  0.999973  0.000000  0.000000  
19.166077 -0.010797  0.080588  0.006066  0.992211  0.116128  -0.045067  -0.113244  0.991631  0.062005  0.051891  -0.056418  0.997058  -0.018299  -0.017904  -0.007437  0.000000  0.000000  0.000000  2.000000  0.999867  0.015390  -0.005355  -0.015363  0.999869  0.005051  0.005432  -0.004968  0.999973  0.999996  0.001726  0.002242  -0.001732  0.999996  0.002401  -0.002238  -0.002405  0.999995  1.000000  0.000000  0.000000  0.000000  1.000000  0.000000  0.000000  0.000000  1.000000  0.999867  0.015390  -0.005355  -0.015363  0.999869  0.005051  0.005432  -0.004968  0.999973  0.000000  0.000000  
19.167079 -0.010818  0.080571  0.006057  0.992195  0.116330  -0.044908  -0.113449  0.991600  0.062119  0.051757  -0.056540  0.997058  -0.018587  -0.017837  -0.007673  0.000000  0.000000  0.000000  2.000000  0.999867  0.015390  -0.005355  -0.015363  0.999869  0.005051  0.005432  -0.004968  0.999973  0.999996  0.001521  0.002231  -0.001526  0.999996  0.002390  -0.002227  -0.002394  0.999995  1.000000  0.000000  0.000000  0.000000  1.000000  0.000000  0.000000  0.000000  1.000000  0.999867  0.015390  -0.005355  -0.015363  0.999869  0.005051  0.005432  -0.004968  0.999973  0.000000  0.000000  
19.168329 -0.010844  0.080547  0.006045  0.992195  0.116335  -0.044894  -0.113449  0.991592  0.062239  0.051757  -0.056660  0.997051  -0.018972  -0.017773  -0.008050  0.000000  0.000000  0.000000  2.000000  0.999867  0.015390  -0.005355  -0.015363  0.999869  0.005051  0.005432  -0.004968  0.999973  0.999996  0.001718  0.002376  -0.001724  0.999996  0.002401  -0.002372  -0.002405  0.999994  1.000000  0.000000  0.000000  0.000000  1.000000  0.000000  0.000000  0.000000  1.000000  0.999867  0.015390  -0.005355  -0.015363  0.999869  0.005051  0.005432  -0.004968  0.999973  0.000000  0.000000  
19.169578 -0.010869  0.080524  0.006033  0.992202  0.116333  -0.044747  -0.113449  0.991586  0.062345  0.051623  -0.056782  0.997051  -0.019277  -0.017839  -0.008356  0.000000  0.000000  0.000000  2.000000  0.999867  0.015390  -0.005355  -0.015363  0.999869  0.005051  0.005432  -0.004968  0.999973  0.999996  0.001505  0.002498  -0.001510  0.999997  0.002147  -0.002495  -0.002151  0.999995  1.000000  0.000000  0.000000  0.000000  1.000000  0.000000  0.000000  0.000000  1.000000  0.999867  0.015390  -0.005355  -0.015363  0.999869  0.005051  0.005432  -0.004968  0.999973  0.000000  0.000000  
19.170579 -0.010890  0.080505  0.006021  0.992178  0.116543  -0.044720  -0.113654  0.991554  0.062474  0.051623  -0.056903  0.997044  -0.019538  -0.017927  -0.008691  0.000000  0.000000  0.000000  2.000000  0.999867  0.015390  -0.005355  -0.015363  0.999869  0.005051  0.005432  -0.004968  0.999973  0.999995  0.001710  0.002510  -0.001715  0.999996  0.002036  -0.002506  -0.002041  0.999995  1.000000  0.000000  0.000000  0.000000  1.000000  0.000000  0.000000  0.000000  1.000000  0.999867  0.015390  -0.005355  -0.015363  0.999869  0.005051  0.005432  -0.004968  0.999973  0.000000  0.000000  
19.171824 -0.010915  0.080481  0.006007  0.992185  0.116541  -0.044573  -0.113655  0.991548  0.062579  0.051490  -0.057024  0.997044  -0.019743  -0.018001  -0.009023  0.000000  0.000000  0.000000  2.000000  0.999867  0.015390  -0.005355  -0.015363  0.999869  0.005051  0.005432  -0.004968  0.999973  0.999996  0.001512  0.002365  -0.001517  0.999997  0.001905  -0.002362  -0.001908  0.999995  1.000000  0.000000  0.000000  0.000000  1.000000  0.000000  0.000000  0.000000  1.000000  0.999867  0.015390  -0.005355  -0.015363  0.999869  0.005051  0.005432  -0.004968  0.999973  0.000000  0.000000  
19.173075 -0.010939  0.080459  0.005992  0.992185  0.116546  -0.044559  -0.113655  0.991540  0.062699  0.051490  -0.057145  0.997037  -0.019828  -0.017998  -0.009344  0.000000  0.000000  0.000000  2.000000  0.999867  0.015390  -0.005355  -0.015363  0.999869  0.005051  0.005432  -0.004968  0.999973  0.999996  0.001307  0.002353  -0.001311  0.999998  0.001772  -0.002351  -0.001776  0.999996  1.000000  0.000000  0.000000  0.000000  1.000000  0.000000  0.000000  0.000000  1.000000  0.999867  0.015390  -0.005355  -0.015363  0.999869  0.005051  0.005432  -0.004968  0.999973  0.000000  0.000000  
19.174075 -0.010959  0.080441  0.005980  0.992162  0.116750  -0.044546  -0.113859  0.991516  0.062709  0.051490  -0.057145  0.997037  -0.019918  -0.018016  -0.009564  0.000000  0.000000  0.000000  2.000000  0.999867  0.015390  -0.005355  -0.015363  0.999869  0.005051  0.005432  -0.004968  0.999973  0.999997  0.001314  0.002220  -0.001318  0.999998  0.001772  -0.002217  -0.001775  0.999996  1.000000  0.000000  0.000000  0.000000  1.000000  0.000000  0.000000  0.000000  1.000000  0.999867  0.015390  -0.005355  -0.015363  0.999869  0.005051  0.005432  -0.004968  0.999973  0.000000  0.000000  
19.175325 -0.010983  0.080419  0.005965  0.992169  0.116753  -0.044386  -0.113860  0.991502  0.062934  0.051356  -0.057387  0.997030  -0.019934  -0.018044  -0.009899  0.000000  0.000000  0.000000  2.000000  0.999867  0.015390  -0.005355  -0.015363  0.999869  0.005051  0.005432  -0.004968  0.999973  0.999997  0.001527  0.002098  -0.001531  0.999997  0.001783  -0.002095  -0.001786  0.999996  1.000000  0.000000  0.000000  0.000000  1.000000  0.000000  0.000000  0.000000  1.000000  0.999867  0.015390  -0.005355  -0.015363  0.999869  0.005051  0.005432  -0.004968  0.999973  0.000000  0.000000  
19.176575 -0.011005  0.080397  0.005950  0.992175  0.116751  -0.044239  -0.113860  0.991495  0.063039  0.051222  -0.057509  0.997030  -0.019858  -0.018062  -0.010158  0.000000  0.000000  0.000000  2.000000  0.999867  0.015390  -0.005355  -0.015363  0.999869  0.005051  0.005432  -0.004968  0.999973  0.999997  0.001329  0.001953  -0.001333  0.999998  0.001772  -0.001950  -0.001775  0.999997  1.000000  0.000000  0.000000  0.000000  1.000000  0.000000  0.000000  0.000000  1.000000  0.999867  0.015390  -0.005355  -0.015363  0.999869  0.005051  0.005432  -0.004968  0.999973  0.000000  0.000000  
19.177578 -0.011025  0.080379  0.005937  0.992152  0.116961  -0.044212  -0.114065  0.991463  0.063168  0.051222  -0.057630  0.997023  -0.019832  -0.018134  -0.010437  0.000000  0.000000  0.000000  2.000000  0.999867  0.015390  -0.005355  -0.015363  0.999869  0.005051  0.005432  -0.004968  0.999973  0.999997  0.001337  0.001819  -0.001340  0.999998  0.001772  -0.001817  -0.001774  0.999997  1.000000  0.000000  0.000000  0.000000  1.000000  0.000000  0.000000  0.000000  1.000000  0.999867  0.015390  -0.005355  -0.015363  0.999869  0.005051  0.005432  -0.004968  0.999973  0.000000  0.000000  
19.178842 -0.011049  0.080356  0.005923  0.992159  0.116958  -0.044065  -0.114065  0.991456  0.063273  0.051089  -0.057751  0.997023  -0.019754  -0.018159  -0.010731  0.000000  0.000000  0.000000  2.000000  0.999867  0.015390  -0.005355  -0.015363  0.999869  0.005051  0.005432  -0.004968  0.999973  0.999998  0.001344  0.001686  -0.001347  0.999997  0.001893  -0.001683  -0.001895  0.999997  1.000000  0.000000  0.000000  0.000000  1.000000  0.000000  0.000000  0.000000  1.000000  0.999867  0.015390  -0.005355  -0.015363  0.999869  0.005051  0.005432  -0.004968  0.999973  0.000000  0.000000  
19.180070 -0.011073  0.080333  0.005909  0.992159  0.116964  -0.044051  -0.114065  0.991449  0.063394  0.051089  -0.057872  0.997016  -0.019756  -0.018255  -0.011010  0.000000  0.000000  0.000000  2.000000  0.999867  0.015390  -0.005355  -0.015363  0.999869  0.005051  0.005432  -0.004968  0.999973  0.999998  0.001351  0.001553  -0.001355  0.999997  0.002014  -0.001550  -0.002016  0.999997  1.000000  0.000000  0.000000  0.000000  1.000000  0.000000  0.000000  0.000000  1.000000  0.999867  0.015390  -0.005355  -0.015363  0.999869  0.005051  0.005432  -0.004968  0.999973  0.000000  0.000000  
19.181079 -0.011092  0.080315  0.005898  0.992159  0.116969  -0.044037  -0.114065  0.991441  0.063514  0.051089  -0.057993  0.997009  -0.019678  -0.018306  -0.011271  0.000000  0.000000  0.000000  2.000000  0.999867  0.015390  -0.005355  -0.015363  0.999869  0.005051  0.005432  -0.004968  0.999973  0.999998  0.001154  0.001407  -0.001157  0.999997  0.002125  -0.001405  -0.002127  0.999997  1.000000  0.000000  0.000000  0.000000  1.000000  0.000000  0.000000  0.000000  1.000000  0.999867  0.015390  -0.005355  -0.015363  0.999869  0.005051  0.005432  -0.004968  0.999973  0.000000  0.000000  
19.182080 -0.011112  0.080296  0.005887  0.992159  0.116974  -0.044022  -0.114065  0.991433  0.063634  0.051089  -0.058114  0.997002  -0.019571  -0.018320  -0.011374  0.000000  0.000000  0.000000  2.000000  0.999867  0.015390  -0.005355  -0.015363  0.999869  0.005051  0.005432  -0.004968  0.999973  0.999999  0.001161  0.001274  -0.001164  0.999997  0.002125  -0.001271  -0.002127  0.999997  1.000000  0.000000  0.000000  0.000000  1.000000  0.000000  0.000000  0.000000  1.000000  0.999867  0.015390  -0.005355  -0.015363  0.999869  0.005051  0.005432  -0.004968  0.999973  0.000000  0.000000  
19.183328 -0.011136  0.080271  0.005873  0.992135  0.117184  -0.043995  -0.114270  0.991401  0.063763  0.051089  -0.058235  0.996995  -0.019491  -0.018399  -0.011446  0.000000  0.000000  0.000000  2.000000  0.999867  0.015390  -0.005355  -0.015363  0.999869  0.005051  0.005432  -0.004968  0.999973  0.999999  0.001169  0.001141  -0.001171  0.999997  0.002125  -0.001138  -0.002126  0.999997  1.000000  0.000000  0.000000  0.000000  1.000000  0.000000  0.000000  0.000000  1.000000  0.999867  0.015390  -0.005355  -0.015363  0.999869  0.005051  0.005432  -0.004968  0.999973  0.000000  0.000000  
19.184328 -0.011156  0.080252  0.005863  0.992135  0.117189  -0.043981  -0.114270  0.991394  0.063884  0.051089  -0.058356  0.996988  -0.019456  -0.018482  -0.011487  0.000000  0.000000  0.000000  2.000000  0.999867  0.015390  -0.005355  -0.015363  0.999869  0.005051  0.005432  -0.004968  0.999973  0.999999  0.001177  0.001007  -0.001179  0.999997  0.002125  -0.001005  -0.002126  0.999997  1.000000  0.000000  0.000000  0.000000  1.000000  0.000000  0.000000  0.000000  1.000000  0.999867  0.015390  -0.005355  -0.015363  0.999869  0.005051  0.005432  -0.004968  0.999973  0.000000  0.000000  
