1-Time 2-Px 3-Py 4-Pz 5-R11 6-R21 7-R31 8-R12 9-R22 10-R32 11-R13 12-R23 13-R33 14-Vx 15-Vy 16-Vz 17-Wx 18-Wy 19-Wz 20-state 21-PR11 22-PR21 23-PR31 24-PR12 25-PR22 26-PR32 27-PR13 28-PR23 29-PR33 
95.016181 0.005449  0.088219  -0.008127  0.997458  0.066468  -0.025666  -0.065188  0.996725  0.047852  0.028763  -0.046057  0.998525  0.000320  0.000959  0.001841  0.000000  0.000000  0.000000  2.000000  1.000000  0.000000  0.000000  0.000000  1.000000  0.000000  0.000000  0.000000  1.000000  1.000000  0.000399  0.000286  -0.000399  1.000000  0.000012  -0.000286  -0.000012  1.000000  1.000000  0.000000  0.000000  0.000000  1.000000  0.000000  0.000000  0.000000  1.000000  0.710712  0.358486  0.605291  -0.411348  0.909767  -0.055822  -0.570685  -0.209311  0.794045  0.000000  0.000000  
95.017187 0.005449  0.088219  -0.008126  0.997458  0.066468  -0.025666  -0.065188  0.996725  0.047852  0.028763  -0.046057  0.998525  0.000294  0.000949  0.001852  0.000000  0.000000  0.000000  2.000000  1.000000  0.000000  0.000000  0.000000  1.000000  0.000000  0.000000  0.000000  1.000000  1.000000  0.000399  0.000286  -0.000399  1.000000  0.000012  -0.000286  -0.000012  1.000000  1.000000  0.000000  0.000000  0.000000  1.000000  0.000000  0.000000  0.000000  1.000000  1.000000  0.000000  0.000000  0.000000  1.000000  0.000000  0.000000  0.000000  1.000000  0.000000  0.000000  
95.018444 0.005450  0.088217  -0.008126  0.997431  0.066882  -0.025638  -0.065599  0.996692  0.047984  0.028763  -0.046179  0.998519  0.000283  0.000749  0.001689  0.000000  0.000000  0.000000  2.000000  1.000000  0.000000  0.000000  0.000000  1.000000  0.000000  0.000000  0.000000  1.000000  1.000000  0.000810  0.000305  -0.000810  1.000000  0.000145  -0.000305  -0.000145  1.000000  1.000000  0.000000  0.000000  0.000000  1.000000  0.000000  0.000000  0.000000  1.000000  1.000000  0.000000  0.000000  0.000000  1.000000  0.000000  0.000000  0.000000  1.000000  0.000000  0.000000  
95.019696 0.005450  0.088214  -0.008129  0.997404  0.067295  -0.025610  -0.066009  0.996658  0.048115  0.028763  -0.046300  0.998513  0.000279  0.000429  0.001363  0.000000  0.000000  0.000000  2.000000  1.000000  0.000000  0.000000  0.000000  1.000000  0.000000  0.000000  0.000000  1.000000  0.999999  0.001015  0.000315  -0.001016  0.999999  0.000272  -0.000315  -0.000272  1.000000  1.000000  0.000000  0.000000  0.000000  1.000000  0.000000  0.000000  0.000000  1.000000  1.000000  0.000000  0.000000  0.000000  1.000000  0.000000  0.000000  0.000000  1.000000  0.000000  0.000000  
95.020937 0.005450  0.088210  -0.008131  0.997377  0.067712  -0.025574  -0.066420  0.996619  0.048367  0.028763  -0.046542  0.998502  0.000250  0.000057  0.001029  0.000000  0.000000  0.000000  2.000000  1.000000  0.000000  0.000000  0.000000  1.000000  0.000000  0.000000  0.000000  1.000000  0.999999  0.001426  0.000334  -0.001427  0.999999  0.000527  -0.000334  -0.000527  1.000000  1.000000  0.000000  0.000000  0.000000  1.000000  0.000000  0.000000  0.000000  1.000000  1.000000  0.000000  0.000000  0.000000  1.000000  0.000000  0.000000  0.000000  1.000000  0.000000  0.000000  
95.021937 0.005451  0.088207  -0.008133  0.997360  0.067929  -0.025681  -0.066625  0.996593  0.048623  0.028896  -0.046784  0.998487  0.000341  -0.000184  0.000765  0.000000  0.000000  0.000000  2.000000  1.000000  0.000000  0.000000  0.000000  1.000000  0.000000  0.000000  0.000000  1.000000  0.999999  0.001433  0.000201  -0.001433  0.999999  0.000648  -0.000200  -0.000648  1.000000  1.000000  0.000000  0.000000  0.000000  1.000000  0.000000  0.000000  0.000000  1.000000  1.000000  0.000000  0.000000  0.000000  1.000000  0.000000  0.000000  0.000000  1.000000  0.000000  0.000000  
95.022941 0.005453  0.088204  -0.008135  0.997346  0.068137  -0.025663  -0.066830  0.996573  0.048750  0.028896  -0.046905  0.998481  0.000427  -0.000447  0.000547  0.000000  0.000000  0.000000  2.000000  1.000000  0.000000  0.000000  0.000000  1.000000  0.000000  0.000000  0.000000  1.000000  0.999998  0.001850  0.000087  -0.001850  0.999998  0.000903  -0.000085  -0.000903  1.000000  1.000000  0.000000  0.000000  0.000000  1.000000  0.000000  0.000000  0.000000  1.000000  1.000000  0.000000  0.000000  0.000000  1.000000  0.000000  0.000000  0.000000  1.000000  0.000000  0.000000  
95.024189 0.005455  0.088201  -0.008137  0.997300  0.068765  -0.025749  -0.067446  0.996518  0.049016  0.029030  -0.047147  0.998466  0.000534  -0.000740  0.000305  0.000000  0.000000  0.000000  2.000000  1.000000  0.000000  0.000000  0.000000  1.000000  0.000000  0.000000  0.000000  1.000000  0.999997  0.002267  -0.000027  -0.002267  0.999997  0.001157  0.000029  -0.001157  0.999999  1.000000  0.000000  0.000000  0.000000  1.000000  0.000000  0.000000  0.000000  1.000000  1.000000  0.000000  0.000000  0.000000  1.000000  0.000000  0.000000  0.000000  1.000000  0.000000  0.000000  
95.025441 0.005457  0.088198  -0.008138  0.997255  0.069390  -0.025844  -0.068062  0.996469  0.049162  0.029164  -0.047268  0.998456  0.000655  -0.001037  0.000026  0.000000  0.000000  0.000000  2.000000  1.000000  0.000000  0.000000  0.000000  1.000000  0.000000  0.000000  0.000000  1.000000  0.999996  0.002884  0.000003  -0.002884  0.999995  0.001296  0.000001  -0.001296  0.999999  1.000000  0.000000  0.000000  0.000000  1.000000  0.000000  0.000000  0.000000  1.000000  1.000000  0.000000  0.000000  0.000000  1.000000  0.000000  0.000000  0.000000  1.000000  0.000000  0.000000  
95.026445 0.005459  0.088195  -0.008140  0.997227  0.069804  -0.025815  -0.068472  0.996434  0.049294  0.029164  -0.047389  0.998451  0.000732  -0.001273  -0.000202  0.000000  0.000000  0.000000  2.000000  1.000000  0.000000  0.000000  0.000000  1.000000  0.000000  0.000000  0.000000  1.000000  0.999994  0.003507  -0.000101  -0.003507  0.999993  0.001436  0.000106  -0.001436  0.999999  1.000000  0.000000  0.000000  0.000000  1.000000  0.000000  0.000000  0.000000  1.000000  1.000000  0.000000  0.000000  0.000000  1.000000  0.000000  0.000000  0.000000  1.000000  0.000000  0.000000  
95.027686 0.005460  0.088192  -0.008143  0.997184  0.070422  -0.025776  -0.069088  0.996385  0.049430  0.029164  -0.047510  0.998445  0.000808  -0.001607  -0.000604  0.000000  0.000000  0.000000  2.000000  1.000000  0.000000  0.000000  0.000000  1.000000  0.000000  0.000000  0.000000  1.000000  0.999991  0.004124  -0.000071  -0.004124  0.999990  0.001575  0.000078  -0.001575  0.999999  1.000000  0.000000  0.000000  0.000000  1.000000  0.000000  0.000000  0.000000  1.000000  1.000000  0.000000  0.000000  0.000000  1.000000  0.000000  0.000000  0.000000  1.000000  0.000000  0.000000  
95.028689 0.005462  0.088190  -0.008145  0.997141  0.071041  -0.025737  -0.069704  0.996336  0.049567  0.029164  -0.047631  0.998439  0.000927  -0.001774  -0.000904  0.000000  0.000000  0.000000  2.000000  1.000000  0.000000  0.000000  0.000000  1.000000  0.000000  0.000000  0.000000  1.000000  0.999990  0.004535  -0.000052  -0.004535  0.999988  0.001587  0.000059  -0.001587  0.999999  1.000000  0.000000  0.000000  0.000000  1.000000  0.000000  0.000000  0.000000  1.000000  1.000000  0.000000  0.000000  0.000000  1.000000  0.000000  0.000000  0.000000  1.000000  0.000000  0.000000  
95.029940 0.005465  0.088188  -0.008148  0.997094  0.071662  -0.025840  -0.070320  0.996291  0.049592  0.029298  -0.047631  0.998435  0.001069  -0.001972  -0.001231  0.058234  0.000557  0.180015  2.000000  1.000000  0.000129  -0.000004  -0.000129  1.000000  0.000043  0.000004  -0.000043  1.000000  0.999987  0.005158  -0.000155  -0.005158  0.999985  0.001727  0.000164  -0.001726  0.999998  1.000000  0.000064  -0.000002  -0.000064  1.000000  0.000022  0.000002  -0.000022  1.000000  1.000000  0.000129  -0.000004  -0.000129  1.000000  0.000043  0.000004  -0.000043  1.000000  0.000046  0.005441  
95.031190 0.005467  0.088186  -0.008149  0.997051  0.072281  -0.025800  -0.070935  0.996241  0.049729  0.029298  -0.047752  0.998429  0.001235  -0.002249  -0.001525  0.062896  0.004063  0.200931  2.000000  1.000000  0.000482  -0.000013  -0.000482  1.000000  0.000153  0.000013  -0.000153  1.000000  0.999982  0.005980  -0.000115  -0.005980  0.999980  0.001872  0.000127  -0.001871  0.999998  1.000000  0.000075  -0.000002  -0.000075  1.000000  0.000023  0.000002  -0.000023  1.000000  1.000000  0.000482  -0.000013  -0.000482  1.000000  0.000153  0.000013  -0.000153  1.000000  0.000053  0.006267  
95.032441 0.005470  0.088182  -0.008152  0.996988  0.073108  -0.025893  -0.071756  0.996180  0.049760  0.029431  -0.047752  0.998426  0.001379  -0.002494  -0.001794  0.063717  0.007256  0.228773  2.000000  1.000000  0.000794  -0.000023  -0.000794  1.000000  0.000247  0.000023  -0.000247  1.000000  0.999980  0.006398  -0.000229  -0.006397  0.999978  0.001885  0.000241  -0.001884  0.999998  1.000000  0.000080  -0.000003  -0.000080  1.000000  0.000024  0.000003  -0.000024  1.000000  1.000000  0.000794  -0.000023  -0.000794  1.000000  0.000247  0.000023  -0.000247  1.000000  0.000058  0.006673  
95.033687 0.005472  0.088178  -0.008155  0.996925  0.073937  -0.025976  -0.072577  0.996113  0.049912  0.029565  -0.047873  0.998416  0.001518  -0.002619  -0.001901  0.068636  0.010436  0.256683  2.000000  0.999999  0.001228  -0.000044  -0.001228  0.999999  0.000371  0.000045  -0.000371  1.000000  0.999974  0.007233  -0.000456  -0.007232  0.999972  0.002031  0.000471  -0.002028  0.999998  1.000000  0.000090  -0.000006  -0.000090  1.000000  0.000025  0.000006  -0.000025  1.000000  0.999999  0.001228  -0.000044  -0.001228  0.999999  0.000371  0.000045  -0.000371  1.000000  0.000064  0.007526  
95.034976 0.005475  0.088173  -0.008157  0.996876  0.074562  -0.026069  -0.073192  0.996061  0.050058  0.029699  -0.047994  0.998406  0.001677  -0.002672  -0.001854  0.073238  0.013918  0.277243  2.000000  0.999999  0.001706  -0.000073  -0.001706  0.999998  0.000503  0.000074  -0.000503  1.000000  0.999969  0.007856  -0.000559  -0.007854  0.999967  0.002172  0.000576  -0.002167  0.999997  1.000000  0.000098  -0.000007  -0.000098  1.000000  0.000027  0.000007  -0.000027  1.000000  0.999999  0.001706  -0.000073  -0.001706  0.999998  0.000503  0.000074  -0.000503  1.000000  0.000070  0.008169  
95.036200 0.005477  0.088168  -0.008158  0.996830  0.075184  -0.026020  -0.073808  0.996002  0.050316  0.029699  -0.048236  0.998394  0.001792  -0.002778  -0.001752  0.082057  0.012917  0.298193  2.000000  0.999998  0.002122  -0.000100  -0.002121  0.999998  0.000620  0.000102  -0.000620  1.000000  0.999964  0.008472  -0.000527  -0.008471  0.999961  0.002432  0.000548  -0.002428  0.999997  1.000000  0.000106  -0.000007  -0.000106  1.000000  0.000030  0.000007  -0.000030  1.000000  0.999998  0.002122  -0.000100  -0.002121  0.999998  0.000620  0.000102  -0.000620  1.000000  0.000076  0.008830  
95.037441 0.005480  0.088160  -0.008160  0.996769  0.076010  -0.025960  -0.074629  0.995928  0.050579  0.029699  -0.048478  0.998383  0.001852  -0.003027  -0.001746  0.091274  0.011606  0.326735  2.000000  0.999997  0.002571  -0.000126  -0.002571  0.999996  0.000750  0.000128  -0.000749  1.000000  0.999957  0.009295  -0.000485  -0.009293  0.999953  0.002699  0.000510  -0.002694  0.999996  1.000000  0.000116  -0.000006  -0.000116  1.000000  0.000034  0.000006  -0.000034  1.000000  0.999997  0.002571  -0.000126  -0.002571  0.999996  0.000750  0.000128  -0.000749  1.000000  0.000083  0.009690  
95.038444 0.005483  0.088154  -0.008162  0.996734  0.076433  -0.026054  -0.075039  0.995884  0.050841  0.029833  -0.048720  0.998367  0.001937  -0.003297  -0.001795  0.099608  0.015370  0.339887  2.000000  0.999995  0.003051  -0.000150  -0.003051  0.999995  0.000891  0.000152  -0.000891  1.000000  0.999953  0.009706  -0.000463  -0.009704  0.999949  0.002954  0.000491  -0.002949  0.999996  1.000000  0.000121  -0.000006  -0.000121  1.000000  0.000037  0.000006  -0.000037  1.000000  0.999995  0.003051  -0.000150  -0.003051  0.999995  0.000891  0.000152  -0.000891  1.000000  0.000089  0.010155  
95.039686 0.005486  0.088145  -0.008167  0.996672  0.077263  -0.025984  -0.075860  0.995802  0.051225  0.029833  -0.049084  0.998349  0.002014  -0.003662  -0.002000  0.112669  0.013995  0.367588  2.000000  0.999993  0.003668  -0.000187  -0.003668  0.999993  0.001079  0.000190  -0.001078  0.999999  0.999951  0.009918  -0.000584  -0.009916  0.999946  0.003082  0.000614  -0.003076  0.999995  1.000000  0.000124  -0.000007  -0.000124  1.000000  0.000038  0.000007  -0.000038  1.000000  0.999993  0.003668  -0.000187  -0.003668  0.999993  0.001079  0.000190  -0.001078  0.999999  0.000094  0.010402  
95.040687 0.005489  0.088138  -0.008171  0.996641  0.077676  -0.025953  -0.076270  0.995764  0.051357  0.029833  -0.049205  0.998343  0.002049  -0.003936  -0.002179  0.117148  0.013314  0.381393  2.000000  0.999992  0.004048  -0.000208  -0.004048  0.999991  0.001199  0.000213  -0.001199  0.999999  0.999949  0.010124  -0.000571  -0.010122  0.999944  0.003210  0.000604  -0.003204  0.999995  1.000000  0.000127  -0.000007  -0.000127  1.000000  0.000040  0.000007  -0.000040  1.000000  0.999992  0.004048  -0.000208  -0.004048  0.999991  0.001199  0.000213  -0.001199  0.999999  0.000098  0.010635  
95.041688 0.005491  0.088130  -0.008176  0.996609  0.078092  -0.025913  -0.076680  0.995719  0.051609  0.029833  -0.049447  0.998331  0.002114  -0.004293  -0.002347  0.125501  0.012937  0.388297  2.000000  0.999990  0.004567  -0.000236  -0.004567  0.999989  0.001363  0.000242  -0.001362  0.999999  0.999944  0.010535  -0.000548  -0.010533  0.999939  0.003343  0.000583  -0.003337  0.999994  1.000000  0.000132  -0.000007  -0.000132  1.000000  0.000042  0.000007  -0.000042  1.000000  0.999990  0.004567  -0.000236  -0.004567  0.999989  0.001363  0.000242  -0.001362  0.999999  0.000102  0.011065  
95.042940 0.005495  0.088120  -0.008183  0.996566  0.078710  -0.025720  -0.077296  0.995652  0.051977  0.029699  -0.049810  0.998317  0.002310  -0.004791  -0.002612  0.138271  0.011870  0.408985  2.000000  0.999986  0.005228  -0.000264  -0.005227  0.999985  0.001571  0.000272  -0.001569  0.999999  0.999942  0.010734  -0.000402  -0.010733  0.999937  0.003348  0.000438  -0.003343  0.999994  1.000000  0.000134  -0.000005  -0.000134  1.000000  0.000042  0.000005  -0.000042  1.000000  0.999986  0.005228  -0.000264  -0.005227  0.999985  0.001571  0.000272  -0.001569  0.999999  0.000106  0.011251  
95.044190 0.005500  0.088111  -0.008189  0.996518  0.079331  -0.025668  -0.077912  0.995591  0.052234  0.029699  -0.050053  0.998305  0.002416  -0.005297  -0.002868  0.147038  0.010824  0.429734  2.000000  0.999983  0.005906  -0.000280  -0.005905  0.999981  0.001783  0.000290  -0.001781  0.999998  0.999940  0.010933  -0.000254  -0.010932  0.999934  0.003475  0.000292  -0.003472  0.999994  1.000000  0.000137  -0.000003  -0.000137  1.000000  0.000043  0.000003  -0.000043  1.000000  0.999983  0.005906  -0.000280  -0.005905  0.999981  0.001783  0.000290  -0.001781  0.999998  0.000112  0.011474  
95.045263 0.005503  0.088104  -0.008193  0.996490  0.079740  -0.025494  -0.078322  0.995546  0.052476  0.029565  -0.050295  0.998297  0.002522  -0.005638  -0.003029  0.155187  0.005601  0.442257  2.000000  0.999979  0.006447  -0.000283  -0.006446  0.999977  0.001951  0.000295  -0.001949  0.999998  0.999943  0.010714  0.000004  -0.010714  0.999937  0.003346  0.000032  -0.003346  0.999994  1.000000  0.000134  -0.000000  -0.000134  1.000000  0.000042  0.000000  -0.000042  1.000000  0.999979  0.006447  -0.000283  -0.006446  0.999977  0.001951  0.000295  -0.001949  0.999998  0.000116  0.011224  
95.046440 0.005509  0.088095  -0.008197  0.996461  0.080147  -0.025330  -0.078733  0.995507  0.052597  0.029431  -0.050416  0.998295  0.002733  -0.006031  -0.003157  0.160047  0.000430  0.457027  2.000000  0.999976  0.006990  -0.000280  -0.006990  0.999973  0.002124  0.000295  -0.002122  0.999998  0.999940  0.010913  0.000151  -0.010913  0.999934  0.003472  -0.000113  -0.003473  0.999994  1.000000  0.000136  0.000002  -0.000136  1.000000  0.000043  -0.000002  -0.000043  1.000000  0.999976  0.006990  -0.000280  -0.006990  0.999973  0.002124  0.000295  -0.002122  0.999998  0.000121  0.011453  
95.047686 0.005513  0.088088  -0.008200  0.996429  0.080563  -0.025289  -0.079143  0.995461  0.052849  0.029431  -0.050658  0.998282  0.002876  -0.006255  -0.003090  0.167019  0.000039  0.460125  2.000000  0.999971  0.007659  -0.000262  -0.007658  0.999968  0.002344  0.000280  -0.002342  0.999997  0.999943  0.010700  0.000277  -0.010701  0.999936  0.003587  -0.000238  -0.003590  0.999994  1.000000  0.000134  0.000003  -0.000134  1.000000  0.000045  -0.000003  -0.000045  1.000000  0.999971  0.007659  -0.000262  -0.007658  0.999968  0.002344  0.000280  -0.002342  0.999997  0.000123  0.011290  
95.048935 0.005519  0.088081  -0.008200  0.996404  0.080962  -0.024991  -0.079554  0.995423  0.052959  0.029164  -0.050780  0.998284  0.003095  -0.006410  -0.002941  0.166967  -0.008926  0.459720  2.000000  0.999967  0.008181  -0.000244  -0.008180  0.999963  0.002521  0.000264  -0.002519  0.999997  0.999947  0.010282  0.000391  -0.010284  0.999941  0.003574  -0.000354  -0.003578  0.999994  1.000000  0.000129  0.000005  -0.000129  1.000000  0.000045  -0.000005  -0.000045  1.000000  0.999967  0.008181  -0.000244  -0.008180  0.999963  0.002521  0.000264  -0.002519  0.999997  0.000121  0.010894  
95.049936 0.005523  0.088074  -0.008201  0.996387  0.081170  -0.024970  -0.079759  0.995400  0.053084  0.029164  -0.050901  0.998278  0.003225  -0.006614  -0.002915  0.166783  -0.008649  0.452908  2.000000  0.999962  0.008695  -0.000217  -0.008694  0.999959  0.002704  0.000240  -0.002702  0.999996  0.999947  0.010276  0.000525  -0.010277  0.999940  0.003694  -0.000487  -0.003699  0.999993  1.000000  0.000128  0.000006  -0.000128  1.000000  0.000046  -0.000006  -0.000046  1.000000  0.999962  0.008695  -0.000217  -0.008694  0.999959  0.002704  0.000240  -0.002702  0.999996  0.000122  0.010933  
95.050937 0.005526  0.088067  -0.008202  0.996358  0.081579  -0.024795  -0.080170  0.995354  0.053325  0.029030  -0.051143  0.998269  0.003291  -0.006758  -0.002915  0.168346  -0.013663  0.463382  2.000000  0.999958  0.009198  -0.000182  -0.009198  0.999954  0.002887  0.000208  -0.002885  0.999996  0.999951  0.009851  0.000773  -0.009854  0.999945  0.003681  -0.000737  -0.003688  0.999993  1.000000  0.000123  0.000009  -0.000123  1.000000  0.000046  -0.000009  -0.000046  1.000000  0.999958  0.009198  -0.000182  -0.009198  0.999954  0.002887  0.000208  -0.002885  0.999996  0.000120  0.010546  
95.051937 0.005529  0.088060  -0.008203  0.996346  0.081780  -0.024641  -0.080375  0.995331  0.053441  0.028896  -0.051265  0.998267  0.003358  -0.006897  -0.002934  0.162883  -0.022540  0.459034  2.000000  0.999953  0.009691  -0.000139  -0.009690  0.999948  0.003077  0.000169  -0.003075  0.999995  0.999951  0.009844  0.000908  -0.009847  0.999944  0.003801  -0.000870  -0.003809  0.999992  1.000000  0.000123  0.000011  -0.000123  1.000000  0.000048  -0.000011  -0.000048  1.000000  0.999953  0.009691  -0.000139  -0.009690  0.999948  0.003077  0.000169  -0.003075  0.999995  0.000124  0.010593  
95.052940 0.005531  0.088052  -0.008204  0.996333  0.081981  -0.024487  -0.080581  0.995308  0.053556  0.028763  -0.051386  0.998265  0.003337  -0.006995  -0.002887  0.162862  -0.027052  0.458839  2.000000  0.999948  0.010162  -0.000092  -0.010162  0.999943  0.003269  0.000125  -0.003268  0.999995  0.999957  0.009220  0.001012  -0.009224  0.999950  0.003904  -0.000976  -0.003914  0.999992  1.000000  0.000115  0.000012  -0.000115  1.000000  0.000049  -0.000012  -0.000049  1.000000  0.999948  0.010162  -0.000092  -0.010162  0.999943  0.003269  0.000125  -0.003268  0.999995  0.000123  0.010066  
95.053949 0.005534  0.088043  -0.008206  0.996316  0.082189  -0.024466  -0.080786  0.995285  0.053681  0.028763  -0.051507  0.998258  0.003306  -0.007116  -0.002810  0.159720  -0.031161  0.448468  2.000000  0.999944  0.010608  -0.000034  -0.010607  0.999938  0.003466  0.000071  -0.003466  0.999994  0.999961  0.008802  0.001125  -0.008807  0.999953  0.004013  -0.001090  -0.004023  0.999991  1.000000  0.000110  0.000014  -0.000110  1.000000  0.000050  -0.000014  -0.000050  1.000000  0.999944  0.010608  -0.000034  -0.010607  0.999938  0.003466  0.000071  -0.003466  0.999994  0.000120  0.009741  
95.055189 0.005537  0.088034  -0.008209  0.996304  0.082393  -0.024302  -0.080991  0.995255  0.053917  0.028629  -0.051749  0.998250  0.003270  -0.007216  -0.002681  0.163463  -0.039554  0.434384  2.000000  0.999939  0.011032  0.000033  -0.011032  0.999932  0.003666  0.000008  -0.003666  0.999993  0.999964  0.008377  0.001373  -0.008383  0.999956  0.004121  -0.001339  -0.004133  0.999991  1.000000  0.000105  0.000017  -0.000105  1.000000  0.000052  -0.000017  -0.000052  1.000000  0.999939  0.011032  0.000033  -0.011032  0.999932  0.003666  0.000008  -0.003666  0.999993  0.000118  0.009439  
95.056441 0.005540  0.088025  -0.008210  0.996291  0.082597  -0.024138  -0.081196  0.995226  0.054153  0.028495  -0.051992  0.998241  0.003289  -0.007129  -0.002394  0.165932  -0.043420  0.423720  2.000000  0.999935  0.011440  0.000104  -0.011441  0.999927  0.003873  -0.000060  -0.003874  0.999992  0.999966  0.008164  0.001498  -0.008171  0.999958  0.004237  -0.001463  -0.004249  0.999990  1.000000  0.000102  0.000019  -0.000102  1.000000  0.000053  -0.000019  -0.000053  1.000000  0.999935  0.011440  0.000104  -0.011441  0.999927  0.003873  -0.000060  -0.003874  0.999992  0.000114  0.009322  
95.057691 0.005543  0.088015  -0.008212  0.996274  0.082807  -0.024106  -0.081402  0.995196  0.054399  0.028495  -0.052234  0.998228  0.003234  -0.007095  -0.001984  0.170778  -0.042820  0.406479  2.000000  0.999929  0.011920  0.000206  -0.011920  0.999920  0.004132  -0.000157  -0.004134  0.999991  0.999970  0.007540  0.001601  -0.007547  0.999963  0.004218  -0.001569  -0.004230  0.999990  1.000000  0.000094  0.000020  -0.000094  1.000000  0.000053  -0.000020  -0.000053  1.000000  0.999929  0.011920  0.000206  -0.011920  0.999920  0.004132  -0.000157  -0.004134  0.999991  0.000111  0.008790  
95.058941 0.005546  0.088006  -0.008214  0.996265  0.083004  -0.023809  -0.081607  0.995167  0.054624  0.028228  -0.052477  0.998223  0.003125  -0.007144  -0.001731  0.174406  -0.055669  0.391925  2.000000  0.999924  0.012357  0.000314  -0.012358  0.999914  0.004384  -0.000259  -0.004388  0.999990  0.999975  0.006917  0.001704  -0.006923  0.999968  0.004079  -0.001676  -0.004090  0.999990  1.000000  0.000087  0.000021  -0.000087  1.000000  0.000051  -0.000021  -0.000051  1.000000  0.999924  0.012357  0.000314  -0.012358  0.999914  0.004384  -0.000259  -0.004388  0.999990  0.000109  0.008211  
95.060191 0.005548  0.087996  -0.008218  0.996252  0.083208  -0.023644  -0.081813  0.995137  0.054859  0.028094  -0.052719  0.998214  0.002991  -0.007206  -0.001669  0.182149  -0.059518  0.377905  2.000000  0.999919  0.012758  0.000436  -0.012760  0.999908  0.004634  -0.000377  -0.004639  0.999989  0.999979  0.006073  0.002063  -0.006081  0.999973  0.004054  -0.002038  -0.004067  0.999990  1.000000  0.000076  0.000026  -0.000076  1.000000  0.000051  -0.000026  -0.000051  1.000000  0.999919  0.012758  0.000436  -0.012760  0.999908  0.004634  -0.000377  -0.004639  0.999989  0.000105  0.007591  
95.061192 0.005550  0.087988  -0.008222  0.996255  0.083207  -0.023491  -0.081813  0.995124  0.055089  0.027960  -0.052961  0.998205  0.002806  -0.007252  -0.001680  0.186988  -0.067739  0.352745  2.000000  0.999915  0.013056  0.000544  -0.013059  0.999903  0.004829  -0.000481  -0.004836  0.999988  0.999982  0.005655  0.002176  -0.005663  0.999976  0.003921  -0.002153  -0.003933  0.999990  1.000000  0.000071  0.000027  -0.000071  1.000000  0.000049  -0.000027  -0.000049  1.000000  0.999915  0.013056  0.000544  -0.013059  0.999903  0.004829  -0.000481  -0.004836  0.999988  0.000102  0.007220  
95.062436 0.005551  0.087978  -0.008227  0.996246  0.083400  -0.023203  -0.082019  0.995101  0.055193  0.027693  -0.053083  0.998206  0.002580  -0.007455  -0.001877  0.187733  -0.075217  0.339676  2.000000  0.999910  0.013397  0.000690  -0.013400  0.999897  0.005069  -0.000622  -0.005078  0.999987  0.999983  0.005229  0.002422  -0.005238  0.999979  0.003787  -0.002402  -0.003799  0.999990  1.000000  0.000065  0.000030  -0.000065  1.000000  0.000047  -0.000030  -0.000047  1.000000  0.999910  0.013397  0.000690  -0.013400  0.999897  0.005069  -0.000622  -0.005078  0.999987  0.000100  0.006899  
95.063437 0.005552  0.087970  -0.008231  0.996233  0.083603  -0.023039  -0.082224  0.995071  0.055428  0.027559  -0.053325  0.998197  0.002402  -0.007570  -0.002090  0.192757  -0.083829  0.321269  2.000000  0.999907  0.013593  0.000783  -0.013597  0.999894  0.005212  -0.000712  -0.005222  0.999986  0.999983  0.005228  0.002424  -0.005238  0.999979  0.003907  -0.002403  -0.003920  0.999989  1.000000  0.000065  0.000030  -0.000065  1.000000  0.000049  -0.000030  -0.000049  1.000000  0.999907  0.013593  0.000783  -0.013597  0.999894  0.005212  -0.000712  -0.005222  0.999986  0.000098  0.006966  
95.064687 0.005554  0.087959  -0.008237  0.996223  0.083800  -0.022741  -0.082430  0.995042  0.055652  0.027292  -0.053568  0.998191  0.002110  -0.007790  -0.002418  0.196682  -0.096789  0.307165  2.000000  0.999904  0.013846  0.000909  -0.013851  0.999889  0.005400  -0.000834  -0.005412  0.999985  0.999985  0.004810  0.002536  -0.004819  0.999982  0.003653  -0.002518  -0.003665  0.999990  1.000000  0.000000  0.000000  0.000000  1.000000  0.000000  0.000000  0.000000  1.000000  0.999904  0.013846  0.000909  -0.013851  0.999889  0.005400  -0.000834  -0.005412  0.999985  0.000094  0.000000  
95.065936 0.005554  0.087949  -0.008243  0.996210  0.084000  -0.022586  -0.082635  0.995018  0.055767  0.027158  -0.053689  0.998188  0.001878  -0.007912  -0.002762  0.190532  -0.100019  0.297117  2.000000  0.999904  0.013846  0.000909  -0.013851  0.999889  0.005400  -0.000834  -0.005412  0.999985  0.999987  0.004391  0.002648  -0.004401  0.999984  0.003640  -0.002632  -0.003652  0.999990  1.000000  0.000000  0.000000  0.000000  1.000000  0.000000  0.000000  0.000000  1.000000  0.999904  0.013846  0.000909  -0.013851  0.999889  0.005400  -0.000834  -0.005412  0.999985  0.000092  0.000000  
95.067186 0.005555  0.087939  -0.008247  0.996196  0.084203  -0.022421  -0.082841  0.994988  0.056002  0.027024  -0.053931  0.998179  0.001663  -0.007946  -0.002971  0.189932  -0.103493  0.276318  2.000000  0.999904  0.013846  0.000909  -0.013851  0.999889  0.005400  -0.000834  -0.005412  0.999985  0.999989  0.003980  0.002627  -0.003989  0.999986  0.003507  -0.002613  -0.003518  0.999990  1.000000  0.000000  0.000000  0.000000  1.000000  0.000000  0.000000  0.000000  1.000000  0.999904  0.013846  0.000909  -0.013851  0.999889  0.005400  -0.000834  -0.005412  0.999985  0.000089  0.000000  
95.068192 0.005555  0.087931  -0.008251  0.996186  0.084396  -0.022133  -0.083046  0.994965  0.056105  0.026757  -0.054053  0.998180  0.001495  -0.007919  -0.003107  0.187045  -0.117180  0.264117  2.000000  0.999904  0.013846  0.000909  -0.013851  0.999889  0.005400  -0.000834  -0.005412  0.999985  0.999988  0.003972  0.002761  -0.003982  0.999985  0.003628  -0.002747  -0.003639  0.999990  1.000000  0.000000  0.000000  0.000000  1.000000  0.000000  0.000000  0.000000  1.000000  0.999904  0.013846  0.000909  -0.013851  0.999889  0.005400  -0.000834  -0.005412  0.999985  0.000087  0.000000  
95.069436 0.005555  0.087922  -0.008253  0.996173  0.084599  -0.021968  -0.083252  0.994935  0.056340  0.026623  -0.054295  0.998170  0.001322  -0.007905  -0.003073  0.185096  -0.120023  0.247977  2.000000  0.999904  0.013846  0.000909  -0.013851  0.999889  0.005400  -0.000834  -0.005412  0.999985  0.999989  0.003759  0.002884  -0.003769  0.999987  0.003500  -0.002871  -0.003511  0.999990  1.000000  0.000000  0.000000  0.000000  1.000000  0.000000  0.000000  0.000000  1.000000  0.999904  0.013846  0.000909  -0.013851  0.999889  0.005400  -0.000834  -0.005412  0.999985  0.000084  0.000000  
95.070441 0.005555  0.087915  -0.008255  0.996159  0.084799  -0.021813  -0.083457  0.994911  0.056454  0.026489  -0.054416  0.998167  0.001193  -0.007836  -0.003085  0.182116  -0.124817  0.235922  2.000000  0.999904  0.013846  0.000909  -0.013851  0.999889  0.005400  -0.000834  -0.005412  0.999985  0.999990  0.003553  0.002874  -0.003563  0.999987  0.003616  -0.002861  -0.003626  0.999989  1.000000  0.000000  0.000000  0.000000  1.000000  0.000000  0.000000  0.000000  1.000000  0.999904  0.013846  0.000909  -0.013851  0.999889  0.005400  -0.000834  -0.005412  0.999985  0.000082  0.000000  
95.071696 0.005556  0.087907  -0.008255  0.996149  0.084995  -0.021514  -0.083663  0.994881  0.056677  0.026222  -0.054659  0.998161  0.001032  -0.007719  -0.003026  0.177613  -0.128664  0.221848  2.000000  0.999904  0.013846  0.000909  -0.013851  0.999889  0.005400  -0.000834  -0.005412  0.999985  0.999990  0.003340  0.002997  -0.003350  0.999988  0.003488  -0.002985  -0.003498  0.999989  1.000000  0.000000  0.000000  0.000000  1.000000  0.000000  0.000000  0.000000  1.000000  0.999904  0.013846  0.000909  -0.013851  0.999889  0.005400  -0.000834  -0.005412  0.999985  0.000079  0.000000  
95.072942 0.005556  0.087900  -0.008256  0.996139  0.085188  -0.021226  -0.083868  0.994858  0.056780  0.025954  -0.054780  0.998161  0.000866  -0.007611  -0.002953  0.173340  -0.137346  0.214481  2.000000  0.999904  0.013846  0.000909  -0.013851  0.999889  0.005400  -0.000834  -0.005412  0.999985  0.999990  0.003339  0.002997  -0.003350  0.999988  0.003609  -0.002985  -0.003619  0.999989  1.000000  0.000000  0.000000  0.000000  1.000000  0.000000  0.000000  0.000000  1.000000  0.999904  0.013846  0.000909  -0.013851  0.999889  0.005400  -0.000834  -0.005412  0.999985  0.000078  0.000000  
95.074191 0.005557  0.087892  -0.008258  0.996125  0.085388  -0.021071  -0.084074  0.994834  0.056894  0.025820  -0.054902  0.998158  0.000689  -0.007489  -0.002879  0.168854  -0.136663  0.200646  2.000000  0.999904  0.013846  0.000909  -0.013851  0.999889  0.005400  -0.000834  -0.005412  0.999985  0.999990  0.003331  0.003131  -0.003342  0.999988  0.003487  -0.003120  -0.003497  0.999989  1.000000  0.000000  0.000000  0.000000  1.000000  0.000000  0.000000  0.000000  1.000000  0.999904  0.013846  0.000909  -0.013851  0.999889  0.005400  -0.000834  -0.005412  0.999985  0.000074  0.000000  
95.075440 0.005557  0.087884  -0.008261  0.996111  0.085590  -0.020906  -0.084279  0.994803  0.057128  0.025687  -0.055144  0.998148  0.000571  -0.007350  -0.002856  0.168418  -0.140440  0.186514  2.000000  0.999904  0.013846  0.000909  -0.013851  0.999889  0.005400  -0.000834  -0.005412  0.999985  0.999990  0.003126  0.003120  -0.003136  0.999989  0.003360  -0.003110  -0.003369  0.999989  1.000000  0.000000  0.000000  0.000000  1.000000  0.000000  0.000000  0.000000  1.000000  0.999904  0.013846  0.000909  -0.013851  0.999889  0.005400  -0.000834  -0.005412  0.999985  0.000072  0.000000  
95.076442 0.005557  0.087878  -0.008264  0.996083  0.085988  -0.020605  -0.084690  0.994762  0.057235  0.025419  -0.055265  0.998148  0.000478  -0.007206  -0.002767  0.164305  -0.144967  0.186255  2.000000  0.999904  0.013846  0.000909  -0.013851  0.999889  0.005400  -0.000834  -0.005412  0.999985  0.999990  0.003118  0.003254  -0.003128  0.999990  0.003238  -0.003244  -0.003248  0.999989  1.000000  0.000000  0.000000  0.000000  1.000000  0.000000  0.000000  0.000000  1.000000  0.999904  0.013846  0.000909  -0.013851  0.999889  0.005400  -0.000834  -0.005412  0.999985  0.000071  0.000000  
95.077691 0.005557  0.087870  -0.008268  0.996072  0.086180  -0.020317  -0.084895  0.994739  0.057337  0.025151  -0.055387  0.998148  0.000338  -0.007031  -0.002601  0.165465  -0.150374  0.180607  2.000000  0.999904  0.013846  0.000909  -0.013851  0.999889  0.005400  -0.000834  -0.005412  0.999985  0.999989  0.003315  0.003400  -0.003326  0.999989  0.003242  -0.003389  -0.003253  0.999989  1.000000  0.000000  0.000000  0.000000  1.000000  0.000000  0.000000  0.000000  1.000000  0.999904  0.013846  0.000909  -0.013851  0.999889  0.005400  -0.000834  -0.005412  0.999985  0.000072  0.000000  
95.078938 0.005558  0.087862  -0.008272  0.996062  0.086373  -0.020029  -0.085101  0.994715  0.057439  0.024884  -0.055508  0.998148  0.000290  -0.006865  -0.002527  0.159988  -0.153660  0.178854  2.000000  0.999904  0.013846  0.000909  -0.013851  0.999889  0.005400  -0.000834  -0.005412  0.999985  0.999988  0.003307  0.003534  -0.003318  0.999990  0.003120  -0.003524  -0.003132  0.999989  1.000000  0.000000  0.000000  0.000000  1.000000  0.000000  0.000000  0.000000  1.000000  0.999904  0.013846  0.000909  -0.013851  0.999889  0.005400  -0.000834  -0.005412  0.999985  0.000071  0.000000  
95.080187 0.005559  0.087855  -0.008275  0.996051  0.086565  -0.019740  -0.085307  0.994692  0.057541  0.024616  -0.055630  0.998148  0.000306  -0.006641  -0.002395  0.158447  -0.156502  0.170272  2.000000  0.999904  0.013846  0.000909  -0.013851  0.999889  0.005400  -0.000834  -0.005412  0.999985  0.999987  0.003505  0.003680  -0.003516  0.999989  0.003124  -0.003669  -0.003137  0.999988  1.000000  0.000000  0.000000  0.000000  1.000000  0.000000  0.000000  0.000000  1.000000  0.999904  0.013846  0.000909  -0.013851  0.999889  0.005400  -0.000834  -0.005412  0.999985  0.000072  0.000000  
95.081188 0.005561  0.087850  -0.008278  0.996040  0.086758  -0.019452  -0.085512  0.994668  0.057643  0.024349  -0.055751  0.998148  0.000414  -0.006428  -0.002269  0.159716  -0.162303  0.171417  2.000000  0.999904  0.013846  0.000909  -0.013851  0.999889  0.005400  -0.000834  -0.005412  0.999985  0.999987  0.003504  0.003680  -0.003516  0.999989  0.003002  -0.003670  -0.003015  0.999989  1.000000  0.000000  0.000000  0.000000  1.000000  0.000000  0.000000  0.000000  1.000000  0.999904  0.013846  0.000909  -0.013851  0.999889  0.005400  -0.000834  -0.005412  0.999985  0.000071  0.000000  
95.082445 0.005563  0.087842  -0.008282  0.996011  0.087155  -0.019151  -0.085923  0.994627  0.057748  0.024081  -0.055873  0.998147  0.000525  -0.006267  -0.002207  0.155590  -0.171288  0.170878  2.000000  0.999904  0.013846  0.000909  -0.013851  0.999889  0.005400  -0.000834  -0.005412  0.999985  0.999985  0.003695  0.003959  -0.003706  0.999989  0.002884  -0.003949  -0.002899  0.999988  1.000000  0.000000  0.000000  0.000000  1.000000  0.000000  0.000000  0.000000  1.000000  0.999904  0.013846  0.000909  -0.013851  0.999889  0.005400  -0.000834  -0.005412  0.999985  0.000073  0.000000  
95.083686 0.005565  0.087835  -0.008286  0.996003  0.087341  -0.018719  -0.086129  0.994597  0.057959  0.023680  -0.056115  0.998143  0.000698  -0.006158  -0.002282  0.158340  -0.178856  0.169000  2.000000  0.999904  0.013846  0.000909  -0.013851  0.999889  0.005400  -0.000834  -0.005412  0.999985  0.999985  0.003694  0.003960  -0.003705  0.999989  0.002762  -0.003949  -0.002776  0.999988  1.000000  0.000000  0.000000  0.000000  1.000000  0.000000  0.000000  0.000000  1.000000  0.999904  0.013846  0.000909  -0.013851  0.999889  0.005400  -0.000834  -0.005412  0.999985  0.000073  0.000000  
95.084939 0.005568  0.087827  -0.008290  0.995973  0.087738  -0.018418  -0.086540  0.994555  0.058064  0.023413  -0.056237  0.998143  0.000880  -0.006037  -0.002422  0.154436  -0.183707  0.175574  2.000000  0.999904  0.013846  0.000909  -0.013851  0.999889  0.005400  -0.000834  -0.005412  0.999985  0.999985  0.003686  0.004094  -0.003697  0.999989  0.002760  -0.004084  -0.002775  0.999988  1.000000  0.000000  0.000000  0.000000  1.000000  0.000000  0.000000  0.000000  1.000000  0.999904  0.013846  0.000909  -0.013851  0.999889  0.005400  -0.000834  -0.005412  0.999985  0.000075  0.000000  
95.086190 0.005572  0.087820  -0.008294  0.995962  0.087930  -0.018130  -0.086745  0.994531  0.058166  0.023145  -0.056358  0.998142  0.001066  -0.005989  -0.002609  0.151606  -0.189759  0.176759  2.000000  0.999904  0.013846  0.000909  -0.013851  0.999889  0.005400  -0.000834  -0.005412  0.999985  0.999983  0.003883  0.004240  -0.003895  0.999989  0.002764  -0.004229  -0.002780  0.999987  1.000000  0.000000  0.000000  0.000000  1.000000  0.000000  0.000000  0.000000  1.000000  0.999904  0.013846  0.000909  -0.013851  0.999889  0.005400  -0.000834  -0.005412  0.999985  0.000077  0.000000  
95.087443 0.005576  0.087813  -0.008297  0.995953  0.088115  -0.017708  -0.086951  0.994508  0.058255  0.022744  -0.056480  0.998145  0.001282  -0.005983  -0.002797  0.147478  -0.203244  0.175975  2.000000  0.999904  0.013846  0.000909  -0.013851  0.999889  0.005400  -0.000834  -0.005412  0.999985  0.999983  0.003875  0.004374  -0.003887  0.999989  0.002641  -0.004364  -0.002658  0.999987  1.000000  0.000000  0.000000  0.000000  1.000000  0.000000  0.000000  0.000000  1.000000  0.999904  0.013846  0.000909  -0.013851  0.999889  0.005400  -0.000834  -0.005412  0.999985  0.000077  0.000000  
95.088687 0.005579  0.087805  -0.008301  0.995923  0.088513  -0.017396  -0.087362  0.994459  0.058480  0.022476  -0.056722  0.998137  0.001516  -0.006023  -0.002902  0.147631  -0.203704  0.182869  2.000000  0.999904  0.013846  0.000909  -0.013851  0.999889  0.005400  -0.000834  -0.005412  0.999985  0.999983  0.003874  0.004374  -0.003886  0.999989  0.002640  -0.004364  -0.002657  0.999987  1.000000  0.000000  0.000000  0.000000  1.000000  0.000000  0.000000  0.000000  1.000000  0.999904  0.013846  0.000909  -0.013851  0.999889  0.005400  -0.000834  -0.005412  0.999985  0.000077  0.000000  
95.089687 0.005583  0.087799  -0.008302  0.995908  0.088710  -0.017251  -0.087567  0.994441  0.058472  0.022343  -0.056722  0.998140  0.001780  -0.005948  -0.002844  0.142532  -0.206867  0.187959  2.000000  0.999904  0.013846  0.000909  -0.013851  0.999889  0.005400  -0.000834  -0.005412  0.999985  0.999981  0.004072  0.004520  -0.004084  0.999988  0.002644  -0.004509  -0.002662  0.999986  1.000000  0.000000  0.000000  0.000000  1.000000  0.000000  0.000000  0.000000  1.000000  0.999904  0.013846  0.000909  -0.013851  0.999889  0.005400  -0.000834  -0.005412  0.999985  0.000079  0.000000  
95.090942 0.005588  0.087793  -0.008303  0.995899  0.088894  -0.016829  -0.087773  0.994418  0.058561  0.021941  -0.056844  0.998142  0.002065  -0.005859  -0.002689  0.135478  -0.213097  0.189202  2.000000  0.999904  0.013846  0.000909  -0.013851  0.999889  0.005400  -0.000834  -0.005412  0.999985  0.999981  0.004064  0.004654  -0.004075  0.999989  0.002521  -0.004644  -0.002540  0.999986  1.000000  0.000000  0.000000  0.000000  1.000000  0.000000  0.000000  0.000000  1.000000  0.999904  0.013846  0.000909  -0.013851  0.999889  0.005400  -0.000834  -0.005412  0.999985  0.000078  0.000000  
95.091943 0.005592  0.087788  -0.008303  0.995887  0.089086  -0.016540  -0.087978  0.994394  0.058662  0.021674  -0.056965  0.998141  0.002336  -0.005752  -0.002450  0.135377  -0.213047  0.189112  2.000000  0.999904  0.013846  0.000909  -0.013851  0.999889  0.005400  -0.000834  -0.005412  0.999985  0.999981  0.004063  0.004655  -0.004075  0.999989  0.002520  -0.004644  -0.002539  0.999986  1.000000  0.000000  0.000000  0.000000  1.000000  0.000000  0.000000  0.000000  1.000000  0.999904  0.013846  0.000909  -0.013851  0.999889  0.005400  -0.000834  -0.005412  0.999985  0.000079  0.000000  
