1-Time 2-Px 3-Py 4-Pz 5-R11 6-R21 7-R31 8-R12 9-R22 10-R32 11-R13 12-R23 13-R33 14-Vx 15-Vy 16-Vz 17-Wx 18-Wy 19-Wz 20-state 21-PR11 22-PR21 23-PR31 24-PR12 25-PR22 26-PR32 27-PR13 28-PR23 29-PR33 
64.867689 0.006048  0.090342  -0.008763  0.996866  0.045928  -0.064416  -0.042096  0.997333  0.059629  0.066983  -0.056730  0.996140  -0.002118  0.001299  0.004895  -0.031497  -0.215458  0.172729  2.000000  1.000000  0.000000  0.000000  0.000000  1.000000  0.000000  0.000000  0.000000  1.000000  0.999985  0.003462  0.004218  -0.003460  0.999994  -0.000601  -0.004220  0.000586  0.999991  1.000000  0.000000  0.000000  0.000000  1.000000  0.000000  0.000000  0.000000  1.000000  0.661867  0.365522  0.654466  -0.458120  0.888285  -0.032811  -0.593345  -0.278108  0.755379  0.000071  0.000000  
64.868695 0.006045  0.090344  -0.008758  0.996866  0.046323  -0.064125  -0.042507  0.997314  0.059644  0.066716  -0.056731  0.996158  -0.002189  0.001340  0.004898  -0.031067  -0.215847  0.179562  2.000000  1.000000  0.000000  0.000000  0.000000  1.000000  0.000000  0.000000  0.000000  1.000000  0.999985  0.003462  0.004218  -0.003460  0.999994  -0.000480  -0.004220  0.000466  0.999991  1.000000  0.000000  0.000000  0.000000  1.000000  0.000000  0.000000  0.000000  1.000000  1.000000  0.000000  0.000000  0.000000  1.000000  0.000000  0.000000  0.000000  1.000000  0.000070  0.000000  
64.869698 0.006042  0.090343  -0.008755  0.996857  0.046924  -0.063822  -0.043124  0.997286  0.059672  0.066449  -0.056732  0.996176  -0.002217  0.001253  0.004794  -0.026825  -0.213481  0.188172  2.000000  1.000000  0.000000  0.000000  0.000000  1.000000  0.000000  0.000000  0.000000  1.000000  0.999984  0.003880  0.004108  -0.003878  0.999992  -0.000454  -0.004110  0.000438  0.999991  1.000000  0.000000  0.000000  0.000000  1.000000  0.000000  0.000000  0.000000  1.000000  1.000000  0.000000  0.000000  0.000000  1.000000  0.000000  0.000000  0.000000  1.000000  0.000070  0.000000  
64.870947 0.006040  0.090341  -0.008752  0.996830  0.047936  -0.063494  -0.044151  0.997238  0.059726  0.066182  -0.056733  0.996193  -0.002253  0.001051  0.004564  -0.024980  -0.210582  0.215997  2.000000  1.000000  0.000000  0.000000  0.000000  1.000000  0.000000  0.000000  0.000000  1.000000  0.999981  0.004708  0.004021  -0.004707  0.999989  -0.000279  -0.004023  0.000260  0.999992  1.000000  0.000000  0.000000  0.000000  1.000000  0.000000  0.000000  0.000000  1.000000  1.000000  0.000000  0.000000  0.000000  1.000000  0.000000  0.000000  0.000000  1.000000  0.000074  0.000000  
64.871948 0.006038  0.090340  -0.008751  0.996812  0.048559  -0.063312  -0.044767  0.997194  0.060001  0.066048  -0.056975  0.996188  -0.002249  0.000850  0.004363  -0.011844  -0.206892  0.230017  2.000000  1.000000  0.000194  0.000157  -0.000194  1.000000  -0.000004  -0.000157  0.000004  1.000000  0.999977  0.005315  0.004191  -0.005314  0.999986  -0.000118  -0.004191  0.000096  0.999991  1.000000  0.000066  0.000052  -0.000066  1.000000  -0.000001  -0.000052  0.000001  1.000000  1.000000  0.000194  0.000157  -0.000194  1.000000  -0.000004  -0.000157  0.000004  1.000000  0.000078  0.006769  
64.873196 0.006036  0.090337  -0.008748  0.996792  0.049373  -0.062991  -0.045589  0.997147  0.060162  0.065781  -0.057097  0.996199  -0.002157  0.000593  0.004155  -0.006391  -0.212596  0.250429  2.000000  1.000000  0.000544  0.000418  -0.000544  1.000000  0.000001  -0.000418  -0.000001  1.000000  0.999975  0.005724  0.004216  -0.005725  0.999984  0.000271  -0.004214  -0.000295  0.999991  1.000000  0.000072  0.000053  -0.000072  1.000000  0.000004  -0.000053  -0.000004  1.000000  1.000000  0.000544  0.000418  -0.000544  1.000000  0.000001  -0.000418  -0.000001  1.000000  0.000081  0.007115  
64.874452 0.006036  0.090335  -0.008744  0.996763  0.050194  -0.062802  -0.046410  0.997099  0.060328  0.065648  -0.057218  0.996201  -0.002016  0.000369  0.004008  0.003130  -0.209262  0.271312  2.000000  0.999999  0.000933  0.000682  -0.000933  1.000000  0.000025  -0.000682  -0.000025  1.000000  0.999970  0.006544  0.004264  -0.006545  0.999978  0.000445  -0.004261  -0.000473  0.999991  1.000000  0.000082  0.000053  -0.000082  1.000000  0.000006  -0.000053  -0.000006  1.000000  0.999999  0.000933  0.000682  -0.000933  1.000000  0.000025  -0.000682  -0.000025  1.000000  0.000085  0.007824  
64.875697 0.006036  0.090334  -0.008741  0.996715  0.051235  -0.062727  -0.047436  0.997032  0.060635  0.065648  -0.057460  0.996187  -0.001808  0.000198  0.003916  0.013157  -0.206428  0.299144  2.000000  0.999999  0.001294  0.000894  -0.001294  0.999999  0.000056  -0.000893  -0.000057  1.000000  0.999963  0.007575  0.004192  -0.007579  0.999971  0.000755  -0.004186  -0.000787  0.999991  1.000000  0.000095  0.000052  -0.000095  1.000000  0.000010  -0.000052  -0.000010  1.000000  0.999999  0.001294  0.000894  -0.001294  0.999999  0.000056  -0.000893  -0.000057  1.000000  0.000090  0.008692  
64.876946 0.006037  0.090333  -0.008737  0.996664  0.052467  -0.062513  -0.048667  0.996961  0.060827  0.065514  -0.057581  0.996189  -0.001587  0.000024  0.003788  0.023630  -0.208427  0.333610  2.000000  0.999998  0.001801  0.001154  -0.001801  0.999998  0.000116  -0.001154  -0.000118  0.999999  0.999954  0.008600  0.004252  -0.008605  0.999962  0.001063  -0.004243  -0.001100  0.999990  1.000000  0.000108  0.000053  -0.000108  1.000000  0.000014  -0.000053  -0.000014  1.000000  0.999998  0.001801  0.001154  -0.001801  0.999998  0.000116  -0.001154  -0.000118  0.999999  0.000097  0.009655  
64.878199 0.006038  0.090331  -0.008734  0.996612  0.053698  -0.062298  -0.049899  0.996889  0.061018  0.065381  -0.057703  0.996191  -0.001350  -0.000214  0.003541  0.029968  -0.201463  0.368572  2.000000  0.999996  0.002372  0.001412  -0.002372  0.999997  0.000190  -0.001411  -0.000194  0.999999  0.999945  0.009633  0.004180  -0.009638  0.999953  0.001250  -0.004168  -0.001290  0.999990  1.000000  0.000120  0.000052  -0.000120  1.000000  0.000016  -0.000052  -0.000016  1.000000  0.999996  0.002372  0.001412  -0.002372  0.999997  0.000190  -0.001411  -0.000194  0.999999  0.000104  0.010577  
64.879444 0.006039  0.090331  -0.008732  0.996567  0.054922  -0.061950  -0.051131  0.996815  0.061202  0.065114  -0.057825  0.996201  -0.001064  -0.000408  0.003234  0.040365  -0.203473  0.403064  2.000000  0.999994  0.003005  0.001669  -0.003006  0.999995  0.000281  -0.001669  -0.000286  0.999999  0.999935  0.010665  0.004108  -0.010672  0.999942  0.001558  -0.004091  -0.001602  0.999990  1.000000  0.000133  0.000051  -0.000133  1.000000  0.000020  -0.000051  -0.000020  1.000000  0.999994  0.003005  0.001669  -0.003006  0.999995  0.000281  -0.001669  -0.000286  0.999999  0.000111  0.011538  
64.880693 0.006041  0.090330  -0.008730  0.996501  0.056358  -0.061722  -0.052567  0.996728  0.061405  0.064980  -0.057946  0.996203  -0.000726  -0.000604  0.002921  0.051210  -0.196890  0.444941  2.000000  0.999991  0.003708  0.001925  -0.003709  0.999993  0.000385  -0.001923  -0.000392  0.999998  0.999923  0.011698  0.004036  -0.011705  0.999930  0.001743  -0.004015  -0.001790  0.999990  1.000000  0.000146  0.000050  -0.000146  1.000000  0.000022  -0.000050  -0.000022  1.000000  0.999991  0.003708  0.001925  -0.003709  0.999993  0.000385  -0.001923  -0.000392  0.999998  0.000121  0.012500  
64.881694 0.006043  0.090330  -0.008728  0.996444  0.057581  -0.061513  -0.053799  0.996658  0.061474  0.064847  -0.057946  0.996211  -0.000430  -0.000742  0.002659  0.053478  -0.198876  0.479384  2.000000  0.999988  0.004321  0.002126  -0.004322  0.999991  0.000475  -0.002124  -0.000485  0.999998  0.999914  0.012526  0.003950  -0.012533  0.999920  0.001915  -0.003926  -0.001964  0.999990  1.000000  0.000157  0.000049  -0.000157  1.000000  0.000024  -0.000049  -0.000024  1.000000  0.999988  0.004321  0.002126  -0.004322  0.999991  0.000475  -0.002124  -0.000485  0.999998  0.000127  0.013277  
64.882697 0.006045  0.090330  -0.008727  0.996397  0.058607  -0.061309  -0.054825  0.996591  0.061651  0.064713  -0.058068  0.996213  -0.000134  -0.000880  0.002398  0.059810  -0.200886  0.513793  2.000000  0.999985  0.004983  0.002327  -0.004985  0.999987  0.000575  -0.002325  -0.000587  0.999997  0.999900  0.013551  0.004013  -0.013559  0.999906  0.002100  -0.003984  -0.002155  0.999990  1.000000  0.000169  0.000050  -0.000169  1.000000  0.000027  -0.000050  -0.000027  1.000000  0.999985  0.004983  0.002327  -0.004985  0.999987  0.000575  -0.002325  -0.000587  0.999997  0.000137  0.014292  
64.883948 0.006047  0.090329  -0.008725  0.996325  0.060043  -0.061080  -0.056261  0.996498  0.061853  0.064580  -0.058189  0.996215  0.000260  -0.000997  0.002116  0.070647  -0.198815  0.555464  2.000000  0.999981  0.005699  0.002527  -0.005701  0.999984  0.000683  -0.002523  -0.000698  0.999997  0.999883  0.014789  0.003952  -0.014797  0.999888  0.002177  -0.003919  -0.002236  0.999990  1.000000  0.000185  0.000049  -0.000185  1.000000  0.000028  -0.000049  -0.000028  1.000000  0.999981  0.005699  0.002527  -0.005701  0.999984  0.000683  -0.002523  -0.000698  0.999997  0.000147  0.015466  
64.885195 0.006050  0.090327  -0.008724  0.996243  0.061486  -0.060983  -0.057697  0.996403  0.062062  0.064580  -0.058310  0.996208  0.000593  -0.001001  0.001980  0.077943  -0.197192  0.604064  2.000000  0.999974  0.006667  0.002773  -0.006670  0.999977  0.000833  -0.002767  -0.000852  0.999996  0.999864  0.016026  0.003895  -0.016036  0.999868  0.002620  -0.003853  -0.002682  0.999989  1.000000  0.000200  0.000048  -0.000200  1.000000  0.000033  -0.000048  -0.000033  1.000000  0.999974  0.006667  0.002773  -0.006670  0.999977  0.000833  -0.002767  -0.000852  0.999996  0.000158  0.016705  
64.886445 0.006054  0.090326  -0.008721  0.996168  0.062921  -0.060753  -0.059133  0.996307  0.062262  0.064446  -0.058431  0.996209  0.001015  -0.000985  0.002030  0.088775  -0.199556  0.645316  2.000000  0.999966  0.007703  0.003010  -0.007706  0.999970  0.001002  -0.003002  -0.001025  0.999995  0.999848  0.017066  0.003691  -0.017077  0.999850  0.002807  -0.003643  -0.002869  0.999989  1.000000  0.000213  0.000046  -0.000213  1.000000  0.000035  -0.000046  -0.000035  1.000000  0.999966  0.007703  0.003010  -0.007706  0.999970  0.001002  -0.003002  -0.001025  0.999995  0.000168  0.017691  
64.887448 0.006056  0.090323  -0.008718  0.996094  0.064167  -0.060661  -0.060363  0.996213  0.062579  0.064446  -0.058673  0.996195  0.001324  -0.001006  0.002105  0.099138  -0.192641  0.680215  2.000000  0.999958  0.008581  0.003199  -0.008585  0.999962  0.001150  -0.003189  -0.001178  0.999994  0.999833  0.017886  0.003745  -0.017897  0.999835  0.003099  -0.003689  -0.003166  0.999988  1.000000  0.000224  0.000046  -0.000224  1.000000  0.000039  -0.000046  -0.000039  1.000000  0.999958  0.008581  0.003199  -0.008585  0.999962  0.001150  -0.003189  -0.001178  0.999994  0.000175  0.018541  
64.888699 0.006060  0.090319  -0.008715  0.996014  0.065616  -0.060413  -0.061799  0.996097  0.063021  0.064313  -0.059036  0.996182  0.001591  -0.001145  0.002100  0.118049  -0.190621  0.721723  2.000000  0.999947  0.009742  0.003431  -0.009747  0.999952  0.001356  -0.003418  -0.001389  0.999993  0.999814  0.018918  0.003677  -0.018930  0.999815  0.003404  -0.003612  -0.003473  0.999987  1.000000  0.000237  0.000046  -0.000237  1.000000  0.000043  -0.000046  -0.000043  1.000000  0.999947  0.009742  0.003431  -0.009747  0.999952  0.001356  -0.003418  -0.001389  0.999993  0.000186  0.019578  
64.889700 0.006063  0.090315  -0.008713  0.995946  0.066853  -0.060186  -0.063030  0.996000  0.063328  0.064179  -0.059278  0.996176  0.001856  -0.001364  0.002059  0.128342  -0.188224  0.756394  2.000000  0.999936  0.010719  0.003612  -0.010725  0.999941  0.001537  -0.003595  -0.001575  0.999992  0.999799  0.019745  0.003598  -0.019759  0.999798  0.003696  -0.003524  -0.003766  0.999987  1.000000  0.000247  0.000045  -0.000247  1.000000  0.000047  -0.000045  -0.000047  1.000000  0.999936  0.010719  0.003612  -0.010725  0.999941  0.001537  -0.003595  -0.001575  0.999992  0.000194  0.020416  
64.890948 0.006069  0.090309  -0.008711  0.995871  0.068287  -0.059812  -0.064466  0.995889  0.063639  0.063912  -0.059521  0.996179  0.002151  -0.001652  0.001865  0.139042  -0.190752  0.797805  2.000000  0.999921  0.011971  0.003835  -0.011978  0.999927  0.001782  -0.003814  -0.001828  0.999991  0.999791  0.020162  0.003497  -0.020177  0.999788  0.004083  -0.003414  -0.004153  0.999986  1.000000  0.000252  0.000043  -0.000252  1.000000  0.000051  -0.000043  -0.000051  1.000000  0.999921  0.011971  0.003835  -0.011978  0.999927  0.001782  -0.003814  -0.001828  0.999991  0.000204  0.020875  
64.891950 0.006072  0.090303  -0.008711  0.995799  0.069524  -0.059584  -0.065697  0.995789  0.063946  0.063779  -0.059763  0.996173  0.002337  -0.002016  0.001644  0.153367  -0.188309  0.832431  2.000000  0.999911  0.012744  0.003971  -0.012752  0.999917  0.001938  -0.003946  -0.001988  0.999990  0.999778  0.020769  0.003670  -0.020784  0.999776  0.004116  -0.003584  -0.004192  0.999985  1.000000  0.000260  0.000045  -0.000260  1.000000  0.000052  -0.000045  -0.000052  1.000000  0.999911  0.012744  0.003971  -0.012752  0.999917  0.001938  -0.003946  -0.001988  0.999990  0.000213  0.021498  
64.893194 0.006075  0.090295  -0.008712  0.995734  0.070752  -0.059222  -0.066928  0.995687  0.064243  0.063512  -0.060006  0.996175  0.002517  -0.002441  0.001442  0.163137  -0.190064  0.860150  2.000000  0.999892  0.014063  0.004196  -0.014072  0.999899  0.002204  -0.004165  -0.002263  0.999989  0.999769  0.021186  0.003569  -0.021202  0.999766  0.004382  -0.003476  -0.004456  0.999984  1.000000  0.000265  0.000044  -0.000265  1.000000  0.000055  -0.000044  -0.000055  1.000000  0.999892  0.014063  0.004196  -0.014072  0.999899  0.002204  -0.004165  -0.002263  0.999989  0.000221  0.021936  
64.894448 0.006079  0.090287  -0.008713  0.995659  0.071989  -0.058992  -0.068159  0.995584  0.064549  0.063378  -0.060248  0.996169  0.002734  -0.002969  0.001302  0.177485  -0.192110  0.894468  2.000000  0.999871  0.015414  0.004427  -0.015425  0.999878  0.002479  -0.004389  -0.002547  0.999987  0.999756  0.021792  0.003746  -0.021809  0.999752  0.004414  -0.003649  -0.004495  0.999983  1.000000  0.000273  0.000046  -0.000273  1.000000  0.000056  -0.000046  -0.000056  1.000000  0.999871  0.015414  0.004427  -0.015425  0.999878  0.002479  -0.004389  -0.002547  0.999987  0.000229  0.022558  
64.895784 0.006084  0.090279  -0.008712  0.995591  0.073224  -0.058619  -0.069390  0.995472  0.064965  0.063111  -0.060611  0.996164  0.002902  -0.003462  0.001142  0.190727  -0.193345  0.919388  2.000000  0.999848  0.016788  0.004666  -0.016801  0.999855  0.002760  -0.004619  -0.002838  0.999985  0.999751  0.021988  0.003898  -0.022006  0.999748  0.004542  -0.003797  -0.004627  0.999982  1.000000  0.000275  0.000048  -0.000275  1.000000  0.000057  -0.000048  -0.000057  1.000000  0.999848  0.016788  0.004666  -0.016801  0.999855  0.002760  -0.004619  -0.002838  0.999985  0.000239  0.022799  
64.896948 0.006089  0.090271  -0.008712  0.995515  0.074648  -0.058109  -0.070826  0.995351  0.065263  0.062710  -0.060855  0.996175  0.003079  -0.003989  0.001068  0.201876  -0.205434  0.962869  2.000000  0.999828  0.017901  0.004871  -0.017916  0.999835  0.002988  -0.004817  -0.003075  0.999984  0.999741  0.022381  0.004196  -0.022400  0.999739  0.004562  -0.004092  -0.004654  0.999981  1.000000  0.000280  0.000052  -0.000280  1.000000  0.000058  -0.000052  -0.000058  1.000000  0.999828  0.017901  0.004871  -0.017916  0.999835  0.002988  -0.004817  -0.003075  0.999984  0.000249  0.023235  
64.898195 0.006094  0.090264  -0.008708  0.995452  0.075860  -0.057620  -0.072058  0.995252  0.065426  0.062310  -0.060977  0.996192  0.003205  -0.004379  0.001163  0.207430  -0.207206  0.990849  2.000000  0.999800  0.019304  0.005145  -0.019321  0.999808  0.003281  -0.005080  -0.003379  0.999981  0.999735  0.022569  0.004481  -0.022590  0.999734  0.004686  -0.004374  -0.004786  0.999979  1.000000  0.000282  0.000055  -0.000282  1.000000  0.000059  -0.000055  -0.000059  1.000000  0.999800  0.019304  0.005145  -0.019321  0.999808  0.003281  -0.005080  -0.003379  0.999981  0.000257  0.023494  
64.899445 0.006098  0.090257  -0.008705  0.995387  0.077079  -0.057122  -0.073289  0.995144  0.065710  0.061909  -0.061220  0.996202  0.003333  -0.004829  0.001342  0.216153  -0.212649  1.004441  2.000000  0.999771  0.020705  0.005435  -0.020724  0.999779  0.003575  -0.005360  -0.003686  0.999979  0.999735  0.022560  0.004620  -0.022582  0.999733  0.004799  -0.004510  -0.004902  0.999978  1.000000  0.000282  0.000057  -0.000282  1.000000  0.000061  -0.000057  -0.000061  1.000000  0.999771  0.020705  0.005435  -0.020724  0.999779  0.003575  -0.005360  -0.003686  0.999979  0.000262  0.023536  
64.900695 0.006103  0.090251  -0.008699  0.995329  0.078289  -0.056490  -0.074521  0.995034  0.065982  0.061375  -0.061464  0.996221  0.003440  -0.005062  0.001584  0.224339  -0.222158  1.010794  2.000000  0.999746  0.021828  0.005684  -0.021850  0.999754  0.003816  -0.005599  -0.003939  0.999977  0.999733  0.022535  0.005023  -0.022560  0.999733  0.004908  -0.004911  -0.005020  0.999975  1.000000  0.000282  0.000062  -0.000282  1.000000  0.000062  -0.000062  -0.000062  1.000000  0.999746  0.021828  0.005684  -0.021850  0.999754  0.003816  -0.005599  -0.003939  0.999977  0.000264  0.023618  
64.901944 0.006106  0.090243  -0.008694  0.995269  0.079499  -0.055857  -0.075753  0.994923  0.066252  0.060841  -0.061708  0.996238  0.003475  -0.005436  0.001712  0.223439  -0.235132  1.022067  2.000000  0.999712  0.023230  0.006013  -0.023255  0.999721  0.004123  -0.005915  -0.004261  0.999973  0.999732  0.022518  0.005295  -0.022544  0.999733  0.005017  -0.005181  -0.005135  0.999973  1.000000  0.000282  0.000065  -0.000282  1.000000  0.000063  -0.000065  -0.000063  1.000000  0.999712  0.023230  0.006013  -0.023255  0.999721  0.004123  -0.005915  -0.004261  0.999973  0.000268  0.023685  
64.902948 0.006108  0.090236  -0.008690  0.995215  0.080505  -0.055381  -0.076779  0.994835  0.066400  0.060440  -0.061830  0.996255  0.003393  -0.005698  0.001797  0.225364  -0.242091  1.037089  2.000000  0.999684  0.024341  0.006294  -0.024369  0.999693  0.004377  -0.006185  -0.004529  0.999971  0.999736  0.022295  0.005555  -0.022324  0.999737  0.005238  -0.005437  -0.005361  0.999971  1.000000  0.000279  0.000069  -0.000279  1.000000  0.000066  -0.000069  -0.000066  1.000000  0.999684  0.024341  0.006294  -0.024369  0.999693  0.004377  -0.006185  -0.004529  0.999971  0.000272  0.023582  
64.904203 0.006109  0.090228  -0.008686  0.995151  0.081714  -0.054747  -0.078011  0.994721  0.066668  0.059906  -0.062074  0.996272  0.003194  -0.005969  0.001870  0.229967  -0.256583  1.050090  2.000000  0.999647  0.025714  0.006664  -0.025745  0.999657  0.004699  -0.006541  -0.004869  0.999967  0.999743  0.021859  0.005935  -0.021891  0.999746  0.005323  -0.005817  -0.005452  0.999968  1.000000  0.000273  0.000073  -0.000273  1.000000  0.000067  -0.000073  -0.000067  1.000000  0.999647  0.025714  0.006664  -0.025745  0.999657  0.004699  -0.006541  -0.004869  0.999967  0.000276  0.023284  
64.905467 0.006110  0.090218  -0.008681  0.995102  0.082718  -0.054127  -0.079038  0.994623  0.066923  0.059372  -0.062317  0.996289  0.002856  -0.006244  0.002069  0.229536  -0.274619  1.048301  2.000000  0.999609  0.027054  0.007061  -0.027089  0.999620  0.005026  -0.006922  -0.005216  0.999962  0.999754  0.021209  0.006435  -0.021244  0.999760  0.005397  -0.006319  -0.005532  0.999965  1.000000  0.000265  0.000080  -0.000265  1.000000  0.000068  -0.000080  -0.000068  1.000000  0.999609  0.027054  0.007061  -0.027089  0.999620  0.005026  -0.006922  -0.005216  0.999962  0.000277  0.022830  
64.906695 0.006110  0.090208  -0.008677  0.995052  0.083728  -0.053496  -0.080065  0.994515  0.067298  0.058837  -0.062682  0.996298  0.002571  -0.006449  0.002306  0.237069  -0.288124  1.041303  2.000000  0.999577  0.028114  0.007406  -0.028154  0.999590  0.005292  -0.007254  -0.005498  0.999959  0.999751  0.021174  0.006974  -0.021213  0.999760  0.005507  -0.006856  -0.005653  0.999961  1.000000  0.000265  0.000086  -0.000265  1.000000  0.000070  -0.000086  -0.000070  1.000000  0.999577  0.028114  0.007406  -0.028154  0.999590  0.005292  -0.007254  -0.005498  0.999959  0.000276  0.022983  
64.907696 0.006110  0.090201  -0.008672  0.995017  0.084526  -0.052889  -0.080886  0.994432  0.067540  0.058303  -0.062925  0.996314  0.002367  -0.006540  0.002620  0.238878  -0.303746  1.031606  2.000000  0.999553  0.028906  0.007683  -0.028949  0.999566  0.005496  -0.007521  -0.005716  0.999955  0.999749  0.021147  0.007380  -0.021189  0.999760  0.005617  -0.007259  -0.005772  0.999957  1.000000  0.000265  0.000092  -0.000265  1.000000  0.000071  -0.000091  -0.000071  1.000000  0.999553  0.028906  0.007683  -0.028949  0.999566  0.005496  -0.007521  -0.005716  0.999955  0.000277  0.023113  
64.908698 0.006110  0.090193  -0.008667  0.994981  0.085324  -0.052281  -0.081708  0.994349  0.067781  0.057769  -0.063169  0.996329  0.002149  -0.006579  0.003060  0.243616  -0.314540  1.025611  2.000000  0.999519  0.029951  0.008073  -0.029998  0.999533  0.005769  -0.007897  -0.006008  0.999951  0.999755  0.020702  0.007892  -0.020746  0.999769  0.005582  -0.007775  -0.005744  0.999953  1.000000  0.000259  0.000098  -0.000259  1.000000  0.000071  -0.000098  -0.000071  1.000000  0.999519  0.029951  0.008073  -0.029998  0.999533  0.005769  -0.007897  -0.006008  0.999951  0.000276  0.022870  
64.909699 0.006109  0.090185  -0.008662  0.994944  0.086122  -0.051673  -0.082530  0.994264  0.068021  0.057235  -0.063413  0.996345  0.001900  -0.006684  0.003379  0.251025  -0.327747  1.017995  2.000000  0.999484  0.030978  0.008485  -0.031030  0.999500  0.006039  -0.008294  -0.006299  0.999946  0.999756  0.020470  0.008284  -0.020516  0.999774  0.005559  -0.008169  -0.005728  0.999950  1.000000  0.000256  0.000103  -0.000256  1.000000  0.000071  -0.000103  -0.000071  1.000000  0.999484  0.030978  0.008485  -0.031030  0.999500  0.006039  -0.008294  -0.006299  0.999946  0.000274  0.022794  
64.910700 0.006109  0.090177  -0.008658  0.994913  0.086911  -0.050931  -0.083353  0.994180  0.068249  0.056567  -0.063657  0.996367  0.001666  -0.006814  0.003683  0.254136  -0.340899  1.010012  2.000000  0.999449  0.031984  0.008916  -0.032041  0.999467  0.006306  -0.008709  -0.006589  0.999940  0.999762  0.020033  0.008663  -0.020081  0.999783  0.005525  -0.008551  -0.005698  0.999947  1.000000  0.000251  0.000108  -0.000251  1.000000  0.000070  -0.000108  -0.000070  1.000000  0.999449  0.031984  0.008916  -0.032041  0.999467  0.006306  -0.008709  -0.006589  0.999940  0.000274  0.022537  
64.911944 0.006108  0.090166  -0.008654  0.994872  0.087895  -0.050043  -0.084381  0.994078  0.068475  0.055765  -0.063901  0.996397  0.001250  -0.006978  0.003836  0.259289  -0.360122  0.993685  2.000000  0.999403  0.033214  0.009493  -0.033277  0.999424  0.006637  -0.009267  -0.006949  0.999933  0.999764  0.019568  0.009445  -0.019621  0.999792  0.005484  -0.009335  -0.005668  0.999940  1.000000  0.000245  0.000117  -0.000245  1.000000  0.000070  -0.000117  -0.000070  1.000000  0.999403  0.033214  0.009493  -0.033277  0.999424  0.006637  -0.009267  -0.006949  0.999933  0.000272  0.022434  
64.912944 0.006107  0.090158  -0.008652  0.994846  0.088674  -0.049168  -0.085204  0.993993  0.068689  0.054964  -0.064146  0.996426  0.000942  -0.007149  0.003806  0.263871  -0.384575  0.980109  2.000000  0.999366  0.034161  0.009981  -0.034231  0.999390  0.006897  -0.009739  -0.007235  0.999926  0.999777  0.018721  0.009796  -0.018774  0.999809  0.005426  -0.009693  -0.005609  0.999937  1.000000  0.000234  0.000122  -0.000234  1.000000  0.000069  -0.000122  -0.000069  1.000000  0.999366  0.034161  0.009981  -0.034231  0.999390  0.006897  -0.009739  -0.007235  0.999926  0.000272  0.021839  
64.914194 0.006106  0.090147  -0.008650  0.994791  0.089854  -0.048131  -0.086437  0.993871  0.068910  0.054028  -0.064391  0.996461  0.000562  -0.007429  0.003691  0.265207  -0.412646  0.969823  2.000000  0.999319  0.035324  0.010630  -0.035402  0.999347  0.007218  -0.010368  -0.007589  0.999917  0.999775  0.018470  0.010455  -0.018528  0.999814  0.005398  -0.010353  -0.005590  0.999931  1.000000  0.000231  0.000130  -0.000231  1.000000  0.000069  -0.000130  -0.000069  1.000000  0.999319  0.035324  0.010630  -0.035402  0.999347  0.007218  -0.010368  -0.007589  0.999917  0.000271  0.021925  
64.915194 0.006105  0.090139  -0.008648  0.994756  0.090641  -0.047389  -0.087259  0.993784  0.069133  0.053360  -0.064635  0.996481  0.000262  -0.007639  0.003535  0.268508  -0.434650  0.961538  2.000000  0.999290  0.036027  0.011047  -0.036110  0.999320  0.007410  -0.010772  -0.007803  0.999912  0.999760  0.018835  0.011154  -0.018897  0.999806  0.005526  -0.011047  -0.005735  0.999923  1.000000  0.000236  0.000139  -0.000236  1.000000  0.000070  -0.000139  -0.000070  1.000000  0.999290  0.036027  0.011047  -0.036110  0.999320  0.007410  -0.010772  -0.007803  0.999912  0.000273  0.022604  
64.916444 0.006104  0.090128  -0.008647  0.994721  0.091606  -0.046233  -0.088288  0.993679  0.069328  0.052291  -0.064881  0.996522  -0.000074  -0.007829  0.003304  0.271157  -0.465143  0.945898  2.000000  0.999239  0.037187  0.011780  -0.037279  0.999275  0.007726  -0.011484  -0.008159  0.999901  0.999761  0.018379  0.011799  -0.018443  0.999816  0.005365  -0.011698  -0.005582  0.999916  1.000000  0.000230  0.000147  -0.000230  1.000000  0.000068  -0.000147  -0.000068  1.000000  0.999239  0.037187  0.011780  -0.037279  0.999275  0.007726  -0.011484  -0.008159  0.999901  0.000272  0.022517  
64.917445 0.006103  0.090121  -0.008645  0.994690  0.092384  -0.045356  -0.089111  0.993591  0.069536  0.051490  -0.065125  0.996548  -0.000304  -0.007944  0.003097  0.269993  -0.491271  0.930548  2.000000  0.999197  0.038092  0.012398  -0.038192  0.999239  0.007973  -0.012085  -0.008440  0.999891  0.999763  0.017933  0.012307  -0.017998  0.999824  0.005208  -0.012212  -0.005428  0.999911  1.000000  0.000225  0.000153  -0.000225  1.000000  0.000066  -0.000153  -0.000067  1.000000  0.999197  0.038092  0.012398  -0.038192  0.999239  0.007973  -0.012085  -0.008440  0.999891  0.000272  0.022393  
64.918445 0.006101  0.090113  -0.008644  0.994650  0.093164  -0.044624  -0.089933  0.993511  0.069634  0.050822  -0.065248  0.996574  -0.000524  -0.008004  0.002936  0.265167  -0.508817  0.922524  2.000000  0.999155  0.038974  0.013041  -0.039084  0.999202  0.008216  -0.012710  -0.008719  0.999881  0.999761  0.017690  0.012832  -0.017760  0.999828  0.005305  -0.012736  -0.005531  0.999904  1.000000  0.000222  0.000160  -0.000222  1.000000  0.000068  -0.000160  -0.000068  1.000000  0.999155  0.038974  0.013041  -0.039084  0.999202  0.008216  -0.012710  -0.008719  0.999881  0.000271  0.022518  
64.919695 0.006098  0.090103  -0.008643  0.994592  0.094332  -0.043453  -0.091166  0.993384  0.069832  0.049753  -0.065493  0.996612  -0.000786  -0.008079  0.002735  0.259786  -0.539441  0.906839  2.000000  0.999101  0.040063  0.013875  -0.040183  0.999156  0.008516  -0.013522  -0.009066  0.999867  0.999757  0.017439  0.013490  -0.017511  0.999833  0.005275  -0.013396  -0.005510  0.999895  1.000000  0.000218  0.000168  -0.000218  1.000000  0.000067  -0.000168  -0.000067  1.000000  0.999101  0.040063  0.013875  -0.040183  0.999156  0.008516  -0.013522  -0.009066  0.999867  0.000272  0.022700  
64.920699 0.006096  0.090095  -0.008641  0.994556  0.095108  -0.042575  -0.091989  0.993294  0.070035  0.048951  -0.065738  0.996636  -0.000917  -0.008071  0.002636  0.260239  -0.560742  0.892360  2.000000  0.999056  0.040929  0.014567  -0.041059  0.999118  0.008754  -0.014196  -0.009344  0.999856  0.999757  0.017215  0.013745  -0.017287  0.999837  0.005130  -0.013655  -0.005366  0.999892  1.000000  0.000216  0.000171  -0.000216  1.000000  0.000066  -0.000171  -0.000066  1.000000  0.999056  0.040929  0.014567  -0.041059  0.999118  0.008754  -0.014196  -0.009344  0.999856  0.000272  0.022648  
64.921945 0.006094  0.090086  -0.008638  0.994500  0.096266  -0.041270  -0.093223  0.993166  0.070217  0.047748  -0.065983  0.996678  -0.001087  -0.008063  0.002506  0.257514  -0.592024  0.882775  2.000000  0.998998  0.041992  0.015460  -0.042135  0.999071  0.009051  -0.015065  -0.009693  0.999840  0.999749  0.017168  0.014417  -0.017245  0.999838  0.005232  -0.014325  -0.005479  0.999882  1.000000  0.000215  0.000180  -0.000215  1.000000  0.000067  -0.000180  -0.000067  1.000000  0.998998  0.041992  0.015460  -0.042135  0.999071  0.009051  -0.015065  -0.009693  0.999840  0.000273  0.023052  
64.922948 0.006092  0.090079  -0.008635  0.994460  0.097036  -0.040404  -0.094045  0.993083  0.070296  0.046946  -0.066107  0.996708  -0.001169  -0.007963  0.002387  0.253008  -0.614368  0.881175  2.000000  0.998962  0.042632  0.016020  -0.042784  0.999042  0.009228  -0.015611  -0.009903  0.999829  0.999741  0.017130  0.014955  -0.017210  0.999838  0.005216  -0.014863  -0.005472  0.999875  1.000000  0.000215  0.000186  -0.000215  1.000000  0.000067  -0.000186  -0.000067  1.000000  0.998962  0.042632  0.016020  -0.042784  0.999042  0.009228  -0.015611  -0.009903  0.999829  0.000276  0.023361  
64.924200 0.006089  0.090071  -0.008633  0.994419  0.097988  -0.039113  -0.095074  0.992973  0.070464  0.045743  -0.066352  0.996747  -0.001373  -0.007886  0.002066  0.253297  -0.649794  0.865702  2.000000  0.998901  0.043690  0.016983  -0.043856  0.998992  0.009522  -0.016550  -0.010256  0.999810  0.999738  0.016886  0.015479  -0.016968  0.999843  0.005188  -0.015389  -0.005449  0.999867  1.000000  0.000212  0.000193  -0.000212  1.000000  0.000066  -0.000193  -0.000067  1.000000  0.998901  0.043690  0.016983  -0.043856  0.998992  0.009522  -0.016550  -0.010256  0.999810  0.000278  0.023519  
64.925200 0.006087  0.090065  -0.008631  0.994382  0.098753  -0.038102  -0.095897  0.992881  0.070648  0.044808  -0.066597  0.996773  -0.001510  -0.007774  0.001850  0.252308  -0.671818  0.857009  2.000000  0.998850  0.044524  0.017783  -0.044703  0.998953  0.009755  -0.017330  -0.010539  0.999794  0.999733  0.016642  0.016003  -0.016729  0.999846  0.005284  -0.015913  -0.005550  0.999858  1.000000  0.000209  0.000200  -0.000209  1.000000  0.000068  -0.000199  -0.000068  1.000000  0.998850  0.044524  0.017783  -0.044703  0.998953  0.009755  -0.017330  -0.010539  0.999794  0.000278  0.023717  
64.926449 0.006084  0.090057  -0.008630  0.994316  0.099909  -0.036796  -0.097131  0.992749  0.070819  0.043605  -0.066842  0.996810  -0.001614  -0.007553  0.001691  0.251320  -0.703110  0.848118  2.000000  0.998784  0.045563  0.018819  -0.045758  0.998902  0.010041  -0.018341  -0.010890  0.999772  0.999720  0.016799  0.016688  -0.016889  0.999843  0.005272  -0.016597  -0.005552  0.999847  1.000000  0.000211  0.000208  -0.000211  1.000000  0.000068  -0.000208  -0.000068  1.000000  0.998784  0.045563  0.018819  -0.045758  0.998902  0.010041  -0.018341  -0.010890  0.999772  0.000283  0.024292  
64.927700 0.006082  0.090049  -0.008631  0.994241  0.101073  -0.035622  -0.098363  0.992615  0.071000  0.042535  -0.067087  0.996840  -0.001723  -0.007363  0.001438  0.250657  -0.725734  0.846518  2.000000  0.998716  0.046592  0.019887  -0.046804  0.998851  0.010315  -0.019384  -0.011232  0.999749  0.999721  0.016361  0.017063  -0.016447  0.999853  0.004870  -0.016981  -0.005149  0.999843  1.000000  0.000205  0.000213  -0.000205  1.000000  0.000063  -0.000213  -0.000063  1.000000  0.998716  0.046592  0.019887  -0.046804  0.998851  0.010315  -0.019384  -0.011232  0.999749  0.000285  0.024167  
64.929047 0.006079  0.090042  -0.008632  0.994195  0.102009  -0.034209  -0.099392  0.992510  0.071024  0.041198  -0.067212  0.996888  -0.001810  -0.007072  0.001224  0.244647  -0.754388  0.834776  2.000000  0.998645  0.047621  0.020982  -0.047851  0.998798  0.010578  -0.020453  -0.011568  0.999724  0.999708  0.016527  0.017615  -0.016615  0.999850  0.004857  -0.017532  -0.005149  0.999833  1.000000  0.000207  0.000220  -0.000207  1.000000  0.000063  -0.000220  -0.000063  1.000000  0.998645  0.047621  0.020982  -0.047851  0.998798  0.010578  -0.020453  -0.011568  0.999724  0.000289  0.024669  
64.930199 0.006077  0.090035  -0.008633  0.994141  0.102958  -0.032917  -0.100421  0.992396  0.071180  0.039995  -0.067457  0.996920  -0.001900  -0.006905  0.001001  0.248407  -0.779015  0.829080  2.000000  0.998586  0.048450  0.021894  -0.048694  0.998756  0.010781  -0.021344  -0.011832  0.999702  0.999693  0.016683  0.018300  -0.016774  0.999848  0.004845  -0.018216  -0.005150  0.999821  1.000000  0.000209  0.000228  -0.000209  1.000000  0.000062  -0.000228  -0.000063  1.000000  0.998586  0.048450  0.021894  -0.048694  0.998756  0.010781  -0.021344  -0.011832  0.999702  0.000291  0.025265  
64.931448 0.006076  0.090029  -0.008635  0.994089  0.103897  -0.031491  -0.101449  0.992281  0.071319  0.038658  -0.067702  0.996956  -0.001893  -0.006668  0.000785  0.247247  -0.805716  0.820313  2.000000  0.998523  0.049285  0.022845  -0.049546  0.998711  0.010980  -0.022274  -0.012096  0.999679  0.999676  0.016832  0.019117  -0.016925  0.999846  0.004708  -0.019034  -0.005031  0.999806  1.000000  0.000211  0.000238  -0.000211  1.000000  0.000061  -0.000238  -0.000061  1.000000  0.998523  0.049285  0.022845  -0.049546  0.998711  0.010980  -0.022274  -0.012096  0.999679  0.000294  0.025935  
64.932699 0.006075  0.090023  -0.008635  0.994014  0.105037  -0.030064  -0.102682  0.992153  0.071341  0.037321  -0.067827  0.996999  -0.001836  -0.006371  0.000645  0.242384  -0.832892  0.818556  2.000000  0.998442  0.050338  0.024066  -0.050619  0.998655  0.011220  -0.023469  -0.012421  0.999647  0.999665  0.017006  0.019535  -0.017099  0.999843  0.004571  -0.019454  -0.004903  0.999799  1.000000  0.000213  0.000244  -0.000213  1.000000  0.000059  -0.000244  -0.000059  1.000000  0.998442  0.050338  0.024066  -0.050619  0.998655  0.011220  -0.023469  -0.012421  0.999647  0.000297  0.026333  
64.933945 0.006074  0.090017  -0.008637  0.993935  0.106179  -0.028623  -0.103915  0.992014  0.071480  0.035984  -0.068072  0.997031  -0.001714  -0.006134  0.000458  0.239973  -0.857859  0.816484  2.000000  0.998358  0.051394  0.025314  -0.051697  0.998597  0.011447  -0.024691  -0.012737  0.999614  0.999657  0.016977  0.019937  -0.017069  0.999845  0.004426  -0.019859  -0.004765  0.999791  1.000000  0.000213  0.000249  -0.000213  1.000000  0.000057  -0.000249  -0.000057  1.000000  0.998358  0.051394  0.025314  -0.051697  0.998597  0.011447  -0.024691  -0.012737  0.999614  0.000301  0.026590  
64.934945 0.006074  0.090012  -0.008638  0.993891  0.106917  -0.027357  -0.104738  0.991926  0.071498  0.034781  -0.068196  0.997066  -0.001593  -0.005877  0.000249  0.235233  -0.884726  0.814625  2.000000  0.998287  0.052247  0.026335  -0.052567  0.998550  0.011622  -0.025690  -0.012987  0.999586  0.999643  0.017144  0.020487  -0.017236  0.999842  0.004290  -0.020410  -0.004642  0.999781  1.000000  0.000215  0.000256  -0.000215  1.000000  0.000056  -0.000256  -0.000056  1.000000  0.998287  0.052247  0.026335  -0.052567  0.998550  0.011622  -0.025690  -0.012987  0.999586  0.000305  0.027088  
64.936196 0.006074  0.090006  -0.008641  0.993807  0.108055  -0.025929  -0.105970  0.991795  0.071511  0.033443  -0.068320  0.997103  -0.001422  -0.005659  -0.000074  0.230833  -0.912589  0.820095  2.000000  0.998196  0.053296  0.027629  -0.053640  0.998490  0.011832  -0.026956  -0.013292  0.999548  0.999644  0.016926  0.020611  -0.017018  0.999846  0.004259  -0.020535  -0.004608  0.999779  1.000000  0.000212  0.000257  -0.000212  1.000000  0.000055  -0.000257  -0.000055  1.000000  0.998196  0.053296  0.027629  -0.053640  0.998490  0.011832  -0.026956  -0.013292  0.999548  0.000311  0.027039  
64.937204 0.006074  0.090001  -0.008643  0.993732  0.109009  -0.024768  -0.106997  0.991673  0.071664  0.032374  -0.068564  0.997121  -0.001272  -0.005485  -0.000400  0.230543  -0.931470  0.825948  2.000000  0.998122  0.054137  0.028677  -0.054499  0.998442  0.011992  -0.027983  -0.013532  0.999517  0.999639  0.016906  0.020879  -0.016996  0.999847  0.004118  -0.020807  -0.004472  0.999774  1.000000  0.000212  0.000261  -0.000212  1.000000  0.000054  -0.000261  -0.000054  1.000000  0.998122  0.054137  0.028677  -0.054499  0.998442  0.011992  -0.027983  -0.013532  0.999517  0.000315  0.027210  
64.938453 0.006074  0.089995  -0.008646  0.993664  0.109942  -0.023354  -0.108025  0.991562  0.071665  0.031036  -0.068688  0.997155  -0.001094  -0.005345  -0.000842  0.222754  -0.955734  0.823504  2.000000  0.998024  0.055198  0.030010  -0.055584  0.998380  0.012188  -0.029289  -0.013832  0.999475  0.999627  0.017080  0.021298  -0.017171  0.999844  0.004101  -0.021225  -0.004465  0.999765  1.000000  0.000214  0.000266  -0.000214  1.000000  0.000054  -0.000266  -0.000054  1.000000  0.998024  0.055198  0.030010  -0.055584  0.998380  0.012188  -0.029289  -0.013832  0.999475  0.000320  0.027638  
64.939699 0.006074  0.089989  -0.008648  0.993574  0.111071  -0.021780  -0.109257  0.991419  0.071774  0.029565  -0.068933  0.997183  -0.000931  -0.005267  -0.001127  0.220648  -0.980183  0.828201  2.000000  0.997943  0.056057  0.031106  -0.056463  0.998328  0.012343  -0.030362  -0.014074  0.999440  0.999606  0.017439  0.021998  -0.017536  0.999837  0.004207  -0.021921  -0.004591  0.999749  1.000000  0.000219  0.000275  -0.000219  1.000000  0.000055  -0.000275  -0.000055  1.000000  0.997943  0.056057  0.031106  -0.056463  0.998328  0.012343  -0.030362  -0.014074  0.999440  0.000325  0.028418  
64.940949 0.006075  0.089983  -0.008651  0.993476  0.112209  -0.020338  -0.110488  0.991274  0.071894  0.028228  -0.069178  0.997205  -0.000698  -0.005091  -0.001339  0.220010  -0.998757  0.833758  2.000000  0.997837  0.057138  0.032502  -0.057571  0.998263  0.012531  -0.031730  -0.014375  0.999393  0.999600  0.017416  0.022269  -0.017514  0.999838  0.004182  -0.022192  -0.004571  0.999743  1.000000  0.000218  0.000278  -0.000218  1.000000  0.000055  -0.000278  -0.000055  1.000000  0.997837  0.057138  0.032502  -0.057571  0.998263  0.012531  -0.031730  -0.014375  0.999393  0.000329  0.028611  
64.942200 0.006076  0.089979  -0.008651  0.993376  0.113346  -0.018896  -0.111719  0.991127  0.072010  0.026890  -0.069422  0.997225  -0.000439  -0.004875  -0.001382  0.216605  -1.015982  0.839571  2.000000  0.997727  0.058223  0.033918  -0.058683  0.998196  0.012715  -0.033116  -0.014676  0.999344  0.999591  0.017601  0.022552  -0.017697  0.999835  0.004042  -0.022477  -0.004439  0.999738  1.000000  0.000221  0.000281  -0.000221  1.000000  0.000053  -0.000281  -0.000053  1.000000  0.997727  0.058223  0.033918  -0.058683  0.998196  0.012715  -0.033116  -0.014676  0.999344  0.000333  0.028924  
64.943201 0.006077  0.089976  -0.008651  0.993315  0.114081  -0.017630  -0.112541  0.991034  0.072011  0.025687  -0.069545  0.997248  -0.000201  -0.004671  -0.001322  0.211705  -1.034202  0.838316  2.000000  0.997637  0.059086  0.035059  -0.059567  0.998142  0.012855  -0.034235  -0.014913  0.999303  0.999596  0.017180  0.022659  -0.017272  0.999843  0.003887  -0.022588  -0.004277  0.999736  1.000000  0.000215  0.000283  -0.000215  1.000000  0.000051  -0.000283  -0.000051  1.000000  0.997637  0.059086  0.035059  -0.059567  0.998142  0.012855  -0.034235  -0.014913  0.999303  0.000336  0.028731  
