1-Time 2-Px 3-Py 4-Pz 5-R11 6-R21 7-R31 8-R12 9-R22 10-R32 11-R13 12-R23 13-R33 14-Vx 15-Vy 16-Vz 17-Wx 18-Wy 19-Wz 20-state 21-PR11 22-PR21 23-PR31 24-PR12 25-PR22 26-PR32 27-PR13 28-PR23 29-PR33 
115.890740 0.000080  0.086354  -0.001771  0.996982  0.071302  0.030716  -0.072581  0.996446  0.042747  -0.027559  -0.044848  0.998614  -0.000702  -0.000508  -0.000316  0.000000  0.000000  0.000000  2.000000  1.000000  0.000000  0.000000  0.000000  1.000000  0.000000  0.000000  0.000000  1.000000  1.000000  -0.000000  0.000000  0.000000  1.000000  -0.000121  0.000000  0.000121  1.000000  1.000000  0.000000  0.000000  0.000000  1.000000  0.000000  0.000000  0.000000  1.000000  0.709527  0.540264  -0.452423  -0.545184  0.827645  0.133335  0.446482  0.152049  0.881780  0.000000  0.000000  
115.891747 0.000079  0.086353  -0.001771  0.996982  0.071302  0.030716  -0.072581  0.996446  0.042747  -0.027559  -0.044848  0.998614  -0.000741  -0.000552  -0.000292  0.000000  0.000000  0.000000  2.000000  1.000000  0.000000  0.000000  0.000000  1.000000  0.000000  0.000000  0.000000  1.000000  1.000000  -0.000000  0.000000  0.000000  1.000000  -0.000121  0.000000  0.000121  1.000000  1.000000  0.000000  0.000000  0.000000  1.000000  0.000000  0.000000  0.000000  1.000000  1.000000  0.000000  0.000000  0.000000  1.000000  0.000000  0.000000  0.000000  1.000000  0.000000  0.000000  
115.892998 0.000076  0.086349  -0.001774  0.996952  0.071709  0.030742  -0.072991  0.996411  0.042856  -0.027559  -0.044969  0.998608  -0.000907  -0.000833  -0.000449  0.000000  0.000000  0.000000  2.000000  1.000000  0.000000  0.000000  0.000000  1.000000  0.000000  0.000000  0.000000  1.000000  1.000000  0.000411  0.000019  -0.000411  1.000000  -0.000011  -0.000019  0.000011  1.000000  1.000000  0.000000  0.000000  0.000000  1.000000  0.000000  0.000000  0.000000  1.000000  1.000000  0.000000  0.000000  0.000000  1.000000  0.000000  0.000000  0.000000  1.000000  0.000000  0.000000  
115.894246 0.000072  0.086343  -0.001777  0.996903  0.072318  0.030902  -0.073607  0.996367  0.042827  -0.027693  -0.044969  0.998604  -0.001109  -0.001217  -0.000657  0.000000  0.000000  0.000000  2.000000  1.000000  0.000000  0.000000  0.000000  1.000000  0.000000  0.000000  0.000000  1.000000  1.000000  0.000816  0.000171  -0.000816  1.000000  -0.000023  -0.000171  0.000023  1.000000  1.000000  0.000000  0.000000  0.000000  1.000000  0.000000  0.000000  0.000000  1.000000  1.000000  0.000000  0.000000  0.000000  1.000000  0.000000  0.000000  0.000000  1.000000  0.000000  0.000000  
115.895501 0.000068  0.086336  -0.001779  0.996884  0.072510  0.031062  -0.073812  0.996342  0.043052  -0.027827  -0.045211  0.998590  -0.001275  -0.001644  -0.000778  0.000000  0.000000  0.000000  2.000000  1.000000  0.000000  0.000000  0.000000  1.000000  0.000000  0.000000  0.000000  1.000000  0.999999  0.001221  0.000323  -0.001221  0.999999  0.000087  -0.000323  -0.000087  1.000000  1.000000  0.000000  0.000000  0.000000  1.000000  0.000000  0.000000  0.000000  1.000000  1.000000  0.000000  0.000000  0.000000  1.000000  0.000000  0.000000  0.000000  1.000000  0.000000  0.000000  
115.896752 0.000065  0.086329  -0.001782  0.996850  0.072910  0.031222  -0.074222  0.996308  0.043150  -0.027960  -0.045332  0.998581  -0.001472  -0.002095  -0.000919  0.000000  0.000000  0.000000  2.000000  1.000000  0.000000  0.000000  0.000000  1.000000  0.000000  0.000000  0.000000  1.000000  0.999999  0.001421  0.000466  -0.001421  0.999999  0.000324  -0.000466  -0.000324  1.000000  1.000000  0.000000  0.000000  0.000000  1.000000  0.000000  0.000000  0.000000  1.000000  1.000000  0.000000  0.000000  0.000000  1.000000  0.000000  0.000000  0.000000  1.000000  0.000000  0.000000  
115.898000 0.000061  0.086322  -0.001784  0.996823  0.073323  0.031115  -0.074633  0.996272  0.043268  -0.027827  -0.045453  0.998579  -0.001690  -0.002517  -0.001038  0.000000  0.000000  0.000000  2.000000  1.000000  0.000000  0.000000  0.000000  1.000000  0.000000  0.000000  0.000000  1.000000  0.999998  0.001838  0.000351  -0.001838  0.999998  0.000434  -0.000351  -0.000434  1.000000  1.000000  0.000000  0.000000  0.000000  1.000000  0.000000  0.000000  0.000000  1.000000  1.000000  0.000000  0.000000  0.000000  1.000000  0.000000  0.000000  0.000000  1.000000  0.000000  0.000000  
115.899002 0.000057  0.086316  -0.001786  0.996792  0.073729  0.031142  -0.075043  0.996236  0.043376  -0.027827  -0.045574  0.998573  -0.001857  -0.002841  -0.001141  0.000000  0.000000  0.000000  2.000000  1.000000  0.000000  0.000000  0.000000  1.000000  0.000000  0.000000  0.000000  1.000000  0.999997  0.002249  0.000370  -0.002249  0.999997  0.000543  -0.000369  -0.000544  1.000000  1.000000  0.000000  0.000000  0.000000  1.000000  0.000000  0.000000  0.000000  1.000000  1.000000  0.000000  0.000000  0.000000  1.000000  0.000000  0.000000  0.000000  1.000000  0.000000  0.000000  
115.900249 0.000053  0.086309  -0.001788  0.996749  0.074343  0.031053  -0.075659  0.996180  0.043609  -0.027693  -0.045817  0.998566  -0.002075  -0.003264  -0.001261  0.000000  0.000000  0.000000  2.000000  1.000000  0.000000  0.000000  0.000000  1.000000  0.000000  0.000000  0.000000  1.000000  0.999996  0.002872  0.000265  -0.002872  0.999996  0.000648  -0.000263  -0.000649  1.000000  1.000000  0.000000  0.000000  0.000000  1.000000  0.000000  0.000000  0.000000  1.000000  1.000000  0.000000  0.000000  0.000000  1.000000  0.000000  0.000000  0.000000  1.000000  0.000000  0.000000  
115.901499 0.000048  0.086302  -0.001791  0.996683  0.075153  0.031232  -0.076480  0.996113  0.043694  -0.027827  -0.045938  0.998557  -0.002317  -0.003692  -0.001444  0.000000  0.000000  0.000000  2.000000  1.000000  0.000000  0.000000  0.000000  1.000000  0.000000  0.000000  0.000000  1.000000  0.999993  0.003688  0.000437  -0.003688  0.999993  0.000988  -0.000434  -0.000990  0.999999  1.000000  0.000000  0.000000  0.000000  1.000000  0.000000  0.000000  0.000000  1.000000  1.000000  0.000000  0.000000  0.000000  1.000000  0.000000  0.000000  0.000000  1.000000  0.000000  0.000000  
115.902750 0.000044  0.086295  -0.001794  0.996616  0.075964  0.031410  -0.077300  0.996046  0.043779  -0.027960  -0.046059  0.998547  -0.002558  -0.004119  -0.001626  0.000000  0.000000  0.000000  2.000000  1.000000  0.000000  0.000000  0.000000  1.000000  0.000000  0.000000  0.000000  1.000000  0.999990  0.004504  0.000609  -0.004505  0.999989  0.001086  -0.000604  -0.001089  0.999999  1.000000  0.000000  0.000000  0.000000  1.000000  0.000000  0.000000  0.000000  1.000000  1.000000  0.000000  0.000000  0.000000  1.000000  0.000000  0.000000  0.000000  1.000000  0.000000  0.000000  
115.903999 0.000039  0.086289  -0.001796  0.996564  0.076573  0.031570  -0.077915  0.996000  0.043749  -0.028094  -0.046058  0.998544  -0.002811  -0.004508  -0.001692  0.031683  -0.026156  0.178818  2.000000  1.000000  0.000130  0.000019  -0.000130  1.000000  0.000027  -0.000019  -0.000027  1.000000  0.999986  0.005320  0.000781  -0.005321  0.999985  0.001062  -0.000775  -0.001066  0.999999  1.000000  0.000067  0.000010  -0.000067  1.000000  0.000013  -0.000010  -0.000013  1.000000  1.000000  0.000130  0.000019  -0.000130  1.000000  0.000027  -0.000019  -0.000027  1.000000  0.000046  0.005482  
115.905246 0.000034  0.086281  -0.001797  0.996496  0.077383  0.031749  -0.078736  0.995931  0.043833  -0.028228  -0.046179  0.998534  -0.003082  -0.004972  -0.001756  0.034971  -0.031916  0.206220  2.000000  1.000000  0.000489  0.000069  -0.000489  1.000000  0.000099  -0.000069  -0.000099  1.000000  0.999981  0.006142  0.000819  -0.006143  0.999980  0.001160  -0.000812  -0.001165  0.999999  1.000000  0.000077  0.000010  -0.000077  1.000000  0.000015  -0.000010  -0.000015  1.000000  1.000000  0.000489  0.000069  -0.000489  1.000000  0.000099  -0.000069  -0.000099  1.000000  0.000053  0.006305  
115.906250 0.000029  0.086274  -0.001799  0.996431  0.078203  0.031785  -0.079556  0.995867  0.043807  -0.028228  -0.046179  0.998534  -0.003371  -0.005464  -0.001871  0.034194  -0.033172  0.233819  2.000000  1.000000  0.000811  0.000117  -0.000811  1.000000  0.000156  -0.000117  -0.000156  1.000000  0.999977  0.006753  0.000981  -0.006754  0.999977  0.001141  -0.000974  -0.001148  0.999999  1.000000  0.000084  0.000012  -0.000084  1.000000  0.000014  -0.000012  -0.000014  1.000000  1.000000  0.000811  0.000117  -0.000811  1.000000  0.000156  -0.000117  -0.000156  1.000000  0.000058  0.006919  
115.907497 0.000022  0.086263  -0.001802  0.996385  0.078820  0.031688  -0.080172  0.995813  0.043919  -0.028094  -0.046301  0.998532  -0.003695  -0.005922  -0.001933  0.037713  -0.029646  0.254774  2.000000  0.999999  0.001174  0.000166  -0.001174  0.999999  0.000217  -0.000166  -0.000217  1.000000  0.999971  0.007581  0.000886  -0.007582  0.999970  0.001240  -0.000877  -0.001247  0.999999  1.000000  0.000095  0.000011  -0.000095  1.000000  0.000016  -0.000011  -0.000016  1.000000  0.999999  0.001174  0.000166  -0.001174  0.999999  0.000217  -0.000166  -0.000217  1.000000  0.000065  0.007734  
115.908746 0.000014  0.086250  -0.001804  0.996319  0.079636  0.031734  -0.080992  0.995742  0.044014  -0.028094  -0.046422  0.998527  -0.003940  -0.006346  -0.001848  0.041021  -0.030928  0.282423  2.000000  0.999999  0.001671  0.000222  -0.001671  0.999999  0.000297  -0.000222  -0.000298  1.000000  0.999966  0.008198  0.000916  -0.008199  0.999965  0.001344  -0.000905  -0.001351  0.999999  1.000000  0.000102  0.000011  -0.000102  1.000000  0.000017  -0.000011  -0.000017  1.000000  0.999999  0.001671  0.000222  -0.001671  0.999999  0.000297  -0.000222  -0.000298  1.000000  0.000070  0.008358  
115.909998 0.000007  0.086237  -0.001806  0.996252  0.080453  0.031780  -0.081813  0.995671  0.044108  -0.028094  -0.046543  0.998521  -0.004222  -0.006767  -0.001793  0.044331  -0.032214  0.310081  2.000000  0.999998  0.002215  0.000281  -0.002215  0.999997  0.000383  -0.000280  -0.000384  1.000000  0.999959  0.009020  0.000955  -0.009021  0.999958  0.001442  -0.000942  -0.001450  0.999999  1.000000  0.000113  0.000012  -0.000113  1.000000  0.000018  -0.000012  -0.000018  1.000000  0.999998  0.002215  0.000281  -0.002215  0.999997  0.000383  -0.000280  -0.000384  1.000000  0.000077  0.009185  
115.911246 -0.000000  0.086223  -0.001808  0.996180  0.081259  0.031969  -0.082633  0.995594  0.044312  -0.028228  -0.046785  0.998506  -0.004445  -0.007200  -0.001780  0.055765  -0.037991  0.337495  2.000000  0.999996  0.002806  0.000345  -0.002807  0.999996  0.000482  -0.000343  -0.000483  1.000000  0.999951  0.009836  0.001129  -0.009838  0.999950  0.001660  -0.001113  -0.001671  0.999998  1.000000  0.000123  0.000014  -0.000123  1.000000  0.000021  -0.000014  -0.000021  1.000000  0.999996  0.002806  0.000345  -0.002807  0.999996  0.000482  -0.000343  -0.000483  1.000000  0.000085  0.010040  
115.912251 -0.000005  0.086211  -0.001811  0.996129  0.081866  0.032017  -0.083248  0.995533  0.044534  -0.028228  -0.047027  0.998495  -0.004593  -0.007675  -0.001872  0.063332  -0.038981  0.358178  2.000000  0.999994  0.003316  0.000402  -0.003316  0.999994  0.000571  -0.000400  -0.000572  1.000000  0.999945  0.010452  0.001160  -0.010454  0.999944  0.001884  -0.001141  -0.001896  0.999998  1.000000  0.000131  0.000014  -0.000131  1.000000  0.000024  -0.000014  -0.000024  1.000000  0.999994  0.003316  0.000402  -0.003316  0.999994  0.000571  -0.000400  -0.000572  1.000000  0.000090  0.010685  
115.913502 -0.000011  0.086195  -0.001815  0.996056  0.082671  0.032206  -0.084068  0.995455  0.044738  -0.028362  -0.047269  0.998479  -0.004692  -0.008255  -0.001990  0.070220  -0.044495  0.383054  2.000000  0.999992  0.003985  0.000478  -0.003985  0.999992  0.000693  -0.000476  -0.000695  1.000000  0.999940  0.010857  0.001316  -0.010859  0.999939  0.001992  -0.001294  -0.002007  0.999997  1.000000  0.000136  0.000016  -0.000136  1.000000  0.000025  -0.000016  -0.000025  1.000000  0.999992  0.003985  0.000478  -0.003985  0.999992  0.000693  -0.000476  -0.000695  1.000000  0.000098  0.011118  
115.914746 -0.000017  0.086179  -0.001820  0.996004  0.083278  0.032254  -0.084683  0.995393  0.044960  -0.028362  -0.047511  0.998468  -0.004768  -0.008824  -0.002174  0.077761  -0.045505  0.403736  2.000000  0.999989  0.004671  0.000554  -0.004672  0.999989  0.000826  -0.000550  -0.000829  1.000000  0.999938  0.011068  0.001195  -0.011071  0.999936  0.002229  -0.001170  -0.002242  0.999997  1.000000  0.000138  0.000015  -0.000138  1.000000  0.000028  -0.000015  -0.000028  1.000000  0.999989  0.004671  0.000554  -0.004672  0.999989  0.000826  -0.000550  -0.000829  1.000000  0.000105  0.011355  
115.915751 -0.000022  0.086166  -0.001825  0.995952  0.083885  0.032302  -0.085298  0.995331  0.045181  -0.028362  -0.047754  0.998456  -0.004882  -0.009416  -0.002400  0.085821  -0.046802  0.426994  2.000000  0.999987  0.005094  0.000594  -0.005095  0.999987  0.000910  -0.000590  -0.000913  0.999999  0.999936  0.011280  0.001073  -0.011282  0.999934  0.002344  -0.001047  -0.002356  0.999997  1.000000  0.000141  0.000013  -0.000141  1.000000  0.000029  -0.000013  -0.000029  1.000000  0.999987  0.005094  0.000594  -0.005095  0.999987  0.000910  -0.000590  -0.000913  0.999999  0.000108  0.011572  
115.917001 -0.000027  0.086149  -0.001832  0.995899  0.084492  0.032351  -0.085913  0.995268  0.045403  -0.028362  -0.047996  0.998445  -0.004945  -0.010090  -0.002646  0.093387  -0.047814  0.447684  2.000000  0.999983  0.005825  0.000658  -0.005826  0.999982  0.001057  -0.000652  -0.001061  0.999999  0.999929  0.011903  0.000972  -0.011905  0.999926  0.002448  -0.000943  -0.002459  0.999997  1.000000  0.000149  0.000012  -0.000149  1.000000  0.000031  -0.000012  -0.000031  1.000000  0.999983  0.005825  0.000658  -0.005826  0.999982  0.001057  -0.000652  -0.001061  0.999999  0.000116  0.012192  
115.918250 -0.000033  0.086132  -0.001838  0.995828  0.085304  0.032409  -0.086733  0.995187  0.045617  -0.028362  -0.048238  0.998433  -0.004982  -0.010819  -0.002902  0.100769  -0.049159  0.475330  2.000000  0.999978  0.006577  0.000721  -0.006578  0.999978  0.001205  -0.000713  -0.001210  0.999999  0.999926  0.012102  0.001117  -0.012104  0.999924  0.002321  -0.001089  -0.002334  0.999997  1.000000  0.000151  0.000014  -0.000151  1.000000  0.000029  -0.000014  -0.000029  1.000000  0.999978  0.006577  0.000721  -0.006578  0.999978  0.001205  -0.000713  -0.001210  0.999999  0.000121  0.012374  
115.919250 -0.000037  0.086117  -0.001843  0.995792  0.085710  0.032438  -0.087143  0.995146  0.045725  -0.028362  -0.048359  0.998427  -0.005043  -0.011449  -0.003202  0.104456  -0.049831  0.489135  2.000000  0.999974  0.007187  0.000777  -0.007188  0.999973  0.001325  -0.000767  -0.001331  0.999999  0.999924  0.012307  0.001130  -0.012310  0.999921  0.002436  -0.001100  -0.002450  0.999996  1.000000  0.000154  0.000014  -0.000154  1.000000  0.000031  -0.000014  -0.000031  1.000000  0.999974  0.007187  0.000777  -0.007188  0.999973  0.001325  -0.000767  -0.001331  0.999999  0.000126  0.012598  
115.920500 -0.000043  0.086099  -0.001848  0.995716  0.086519  0.032619  -0.087963  0.995070  0.045807  -0.028495  -0.048480  0.998418  -0.005077  -0.012103  -0.003429  0.107732  -0.055648  0.516594  2.000000  0.999968  0.007953  0.000856  -0.007954  0.999967  0.001476  -0.000844  -0.001483  0.999999  0.999923  0.012294  0.001399  -0.012297  0.999921  0.002434  -0.001368  -0.002451  0.999996  1.000000  0.000154  0.000017  -0.000154  1.000000  0.000031  -0.000017  -0.000031  1.000000  0.999968  0.007953  0.000856  -0.007954  0.999967  0.001476  -0.000844  -0.001483  0.999999  0.000132  0.012612  
115.921500 -0.000048  0.086085  -0.001852  0.995680  0.086924  0.032649  -0.088373  0.995029  0.045914  -0.028495  -0.048601  0.998412  -0.005056  -0.012515  -0.003535  0.111443  -0.056337  0.530516  2.000000  0.999963  0.008563  0.000921  -0.008564  0.999962  0.001595  -0.000907  -0.001603  0.999998  0.999924  0.012300  0.001266  -0.012303  0.999921  0.002434  -0.001236  -0.002450  0.999996  1.000000  0.000154  0.000016  -0.000154  1.000000  0.000031  -0.000016  -0.000031  1.000000  0.999963  0.008563  0.000921  -0.008564  0.999962  0.001595  -0.000907  -0.001603  0.999998  0.000137  0.012604  
115.922744 -0.000055  0.086067  -0.001856  0.995621  0.087528  0.032821  -0.088988  0.994970  0.046003  -0.028629  -0.048722  0.998402  -0.005000  -0.012911  -0.003614  0.111242  -0.061233  0.537345  2.000000  0.999956  0.009316  0.000998  -0.009318  0.999955  0.001740  -0.000982  -0.001749  0.999998  0.999929  0.011895  0.001114  -0.011898  0.999927  0.002325  -0.001087  -0.002338  0.999997  1.000000  0.000149  0.000014  -0.000149  1.000000  0.000029  -0.000014  -0.000029  1.000000  0.999956  0.009316  0.000998  -0.009318  0.999955  0.001740  -0.000982  -0.001749  0.999998  0.000138  0.012173  
115.923747 -0.000060  0.086052  -0.001859  0.995584  0.087938  0.032840  -0.089398  0.994934  0.045989  -0.028629  -0.048722  0.998402  -0.004908  -0.013274  -0.003719  0.111194  -0.056734  0.537499  2.000000  0.999952  0.009765  0.001045  -0.009767  0.999951  0.001826  -0.001028  -0.001837  0.999998  0.999926  0.012094  0.001258  -0.012097  0.999924  0.002317  -0.001230  -0.002332  0.999997  1.000000  0.000151  0.000016  -0.000151  1.000000  0.000029  -0.000016  -0.000029  1.000000  0.999952  0.009765  0.001045  -0.009767  0.999951  0.001826  -0.001028  -0.001837  0.999998  0.000139  0.012380  
115.924997 -0.000067  0.086033  -0.001862  0.995529  0.088549  0.032879  -0.090012  0.994874  0.046090  -0.028629  -0.048843  0.998396  -0.004895  -0.013601  -0.003754  0.110954  -0.052628  0.544570  2.000000  0.999944  0.010508  0.001117  -0.010510  0.999943  0.001974  -0.001097  -0.001986  0.999997  0.999929  0.011895  0.001116  -0.011898  0.999927  0.002323  -0.001088  -0.002336  0.999997  1.000000  0.000149  0.000014  -0.000149  1.000000  0.000029  -0.000014  -0.000029  1.000000  0.999944  0.010508  0.001117  -0.010510  0.999943  0.001974  -0.001097  -0.001986  0.999997  0.000140  0.012173  
115.926246 -0.000074  0.086013  -0.001865  0.995473  0.089159  0.032918  -0.090627  0.994813  0.046190  -0.028629  -0.048964  0.998390  -0.004947  -0.014017  -0.003836  0.106458  -0.048891  0.558635  2.000000  0.999936  0.011239  0.001184  -0.011241  0.999935  0.002121  -0.001160  -0.002134  0.999997  0.999931  0.011696  0.000974  -0.011698  0.999929  0.002451  -0.000945  -0.002462  0.999997  1.000000  0.000146  0.000012  -0.000146  1.000000  0.000031  -0.000012  -0.000031  1.000000  0.999936  0.011239  0.001184  -0.011241  0.999935  0.002121  -0.001160  -0.002134  0.999997  0.000144  0.011991  
115.927251 -0.000081  0.085997  -0.001869  0.995436  0.089565  0.032948  -0.091037  0.994771  0.046297  -0.028629  -0.049085  0.998384  -0.005060  -0.014265  -0.003854  0.106495  -0.053452  0.558420  2.000000  0.999930  0.011808  0.001233  -0.011811  0.999928  0.002242  -0.001206  -0.002257  0.999997  0.999936  0.011285  0.000953  -0.011287  0.999934  0.002341  -0.000927  -0.002352  0.999997  1.000000  0.000141  0.000012  -0.000141  1.000000  0.000029  -0.000012  -0.000029  1.000000  0.999930  0.011808  0.001233  -0.011811  0.999928  0.002242  -0.001206  -0.002257  0.999997  0.000144  0.011566  
115.928496 -0.000089  0.085977  -0.001873  0.995379  0.090175  0.032987  -0.091652  0.994710  0.046398  -0.028629  -0.049207  0.998378  -0.005180  -0.014536  -0.003885  0.105421  -0.053402  0.560645  2.000000  0.999921  0.012497  0.001299  -0.012500  0.999919  0.002396  -0.001269  -0.002412  0.999996  0.999940  0.010867  0.001068  -0.010870  0.999938  0.002475  -0.001041  -0.002486  0.999996  1.000000  0.000136  0.000013  -0.000136  1.000000  0.000031  -0.000013  -0.000031  1.000000  0.999921  0.012497  0.001299  -0.012500  0.999919  0.002396  -0.001269  -0.002412  0.999996  0.000143  0.011198  
115.929496 -0.000095  0.085962  -0.001877  0.995361  0.090376  0.033008  -0.091857  0.994685  0.046511  -0.028629  -0.049328  0.998372  -0.005301  -0.014742  -0.003842  0.105654  -0.057600  0.553586  2.000000  0.999914  0.013035  0.001353  -0.013039  0.999912  0.002521  -0.001320  -0.002539  0.999996  0.999943  0.010661  0.001061  -0.010664  0.999940  0.002602  -0.001033  -0.002613  0.999996  1.000000  0.000133  0.000013  -0.000133  1.000000  0.000033  -0.000013  -0.000033  1.000000  0.999914  0.013035  0.001353  -0.013039  0.999912  0.002521  -0.001320  -0.002539  0.999996  0.000144  0.011027  
115.930513 -0.000102  0.085946  -0.001880  0.995323  0.090781  0.033038  -0.092267  0.994642  0.046618  -0.028629  -0.049449  0.998366  -0.005471  -0.014945  -0.003707  0.106832  -0.052969  0.544306  2.000000  0.999909  0.013435  0.001394  -0.013439  0.999906  0.002617  -0.001359  -0.002635  0.999996  0.999943  0.010661  0.001062  -0.010664  0.999940  0.002602  -0.001034  -0.002613  0.999996  1.000000  0.000133  0.000013  -0.000133  1.000000  0.000033  -0.000013  -0.000033  1.000000  0.999909  0.013435  0.001394  -0.013439  0.999906  0.002617  -0.001359  -0.002635  0.999996  0.000142  0.011027  
115.931751 -0.000111  0.085925  -0.001885  0.995266  0.091392  0.033078  -0.092881  0.994581  0.046719  -0.028629  -0.049570  0.998360  -0.005667  -0.015204  -0.003578  0.106877  -0.053057  0.544528  2.000000  0.999901  0.013963  0.001446  -0.013967  0.999899  0.002745  -0.001408  -0.002765  0.999995  0.999945  0.010462  0.000920  -0.010465  0.999942  0.002487  -0.000894  -0.002496  0.999996  1.000000  0.000131  0.000011  -0.000131  1.000000  0.000031  -0.000011  -0.000031  1.000000  0.999901  0.013963  0.001446  -0.013967  0.999899  0.002745  -0.001408  -0.002765  0.999995  0.000140  0.010794  
115.932996 -0.000121  0.085903  -0.001890  0.995227  0.091793  0.033119  -0.093291  0.994531  0.046946  -0.028629  -0.049812  0.998348  -0.005977  -0.015466  -0.003542  0.110196  -0.047934  0.533385  2.000000  0.999892  0.014609  0.001505  -0.014613  0.999889  0.002902  -0.001462  -0.002924  0.999995  0.999947  0.010257  0.000912  -0.010259  0.999944  0.002493  -0.000887  -0.002502  0.999996  1.000000  0.000128  0.000011  -0.000128  1.000000  0.000031  -0.000011  -0.000031  1.000000  0.999892  0.014609  0.001505  -0.014613  0.999889  0.002902  -0.001462  -0.002924  0.999995  0.000137  0.010596  
115.934007 -0.000130  0.085885  -0.001896  0.995189  0.092199  0.033150  -0.093701  0.994488  0.047053  -0.028629  -0.049933  0.998342  -0.006316  -0.015768  -0.003557  0.111448  -0.043232  0.524114  2.000000  0.999885  0.015111  0.001550  -0.015116  0.999881  0.003025  -0.001504  -0.003048  0.999994  0.999949  0.010058  0.000770  -0.010059  0.999946  0.002499  -0.000744  -0.002506  0.999997  1.000000  0.000126  0.000009  -0.000126  1.000000  0.000031  -0.000009  -0.000031  1.000000  0.999885  0.015111  0.001550  -0.015116  0.999881  0.003025  -0.001504  -0.003048  0.999994  0.000137  0.010393  
115.935249 -0.000142  0.085861  -0.001904  0.995146  0.092597  0.033314  -0.094110  0.994445  0.047148  -0.028763  -0.050054  0.998332  -0.006684  -0.016098  -0.003781  0.115865  -0.042604  0.510366  2.000000  0.999875  0.015716  0.001600  -0.015721  0.999871  0.003172  -0.001550  -0.003197  0.999994  0.999953  0.009640  0.000884  -0.009642  0.999951  0.002267  -0.000862  -0.002275  0.999997  1.000000  0.000121  0.000011  -0.000121  1.000000  0.000028  -0.000011  -0.000028  1.000000  0.999875  0.015716  0.001600  -0.015721  0.999871  0.003172  -0.001550  -0.003197  0.999994  0.000133  0.009943  
115.936500 -0.000155  0.085838  -0.001912  0.995088  0.093203  0.033365  -0.094725  0.994376  0.047368  -0.028763  -0.050296  0.998320  -0.007082  -0.016438  -0.004020  0.120160  -0.042370  0.503538  2.000000  0.999866  0.016303  0.001656  -0.016309  0.999862  0.003314  -0.001602  -0.003340  0.999993  0.999957  0.009228  0.000866  -0.009230  0.999955  0.002279  -0.000845  -0.002287  0.999997  1.000000  0.000115  0.000011  -0.000115  1.000000  0.000029  -0.000011  -0.000029  1.000000  0.999866  0.016303  0.001656  -0.016309  0.999862  0.003314  -0.001602  -0.003340  0.999993  0.000130  0.009546  
115.937750 -0.000167  0.085815  -0.001920  0.995049  0.093609  0.033396  -0.095135  0.994332  0.047475  -0.028763  -0.050417  0.998314  -0.007564  -0.016868  -0.004337  0.124643  -0.046216  0.489412  2.000000  0.999856  0.016877  0.001712  -0.016883  0.999852  0.003448  -0.001653  -0.003476  0.999993  0.999957  0.009228  0.000867  -0.009230  0.999955  0.002157  -0.000847  -0.002165  0.999997  1.000000  0.000115  0.000011  -0.000115  1.000000  0.000027  -0.000011  -0.000027  1.000000  0.999856  0.016877  0.001712  -0.016883  0.999852  0.003448  -0.001653  -0.003476  0.999993  0.000129  0.009518  
115.938999 -0.000180  0.085792  -0.001929  0.995010  0.094014  0.033427  -0.095544  0.994287  0.047582  -0.028763  -0.050538  0.998308  -0.007932  -0.017103  -0.004634  0.124841  -0.045940  0.482506  2.000000  0.999848  0.017328  0.001756  -0.017334  0.999843  0.003554  -0.001694  -0.003584  0.999992  0.999959  0.009023  0.000857  -0.009025  0.999957  0.002163  -0.000838  -0.002171  0.999997  1.000000  0.000113  0.000011  -0.000113  1.000000  0.000027  -0.000011  -0.000027  1.000000  0.999848  0.017328  0.001756  -0.017334  0.999843  0.003554  -0.001694  -0.003584  0.999992  0.000126  0.009319  
115.940249 -0.000193  0.085768  -0.001938  0.994946  0.094617  0.033601  -0.096158  0.994224  0.047669  -0.028896  -0.050659  0.998298  -0.008372  -0.017424  -0.005042  0.119841  -0.050147  0.478716  2.000000  0.999838  0.017881  0.001812  -0.017888  0.999833  0.003681  -0.001746  -0.003713  0.999992  0.999961  0.008810  0.000982  -0.008812  0.999959  0.002047  -0.000964  -0.002055  0.999997  1.000000  0.000110  0.000012  -0.000110  1.000000  0.000026  -0.000012  -0.000026  1.000000  0.999838  0.017881  0.001812  -0.017888  0.999833  0.003681  -0.001746  -0.003713  0.999992  0.000124  0.009099  
115.941496 -0.000207  0.085745  -0.001947  0.994907  0.095023  0.033632  -0.096568  0.994179  0.047776  -0.028896  -0.050780  0.998292  -0.008814  -0.017683  -0.005426  0.116078  -0.045075  0.464903  2.000000  0.999829  0.018419  0.001871  -0.018426  0.999823  0.003806  -0.001801  -0.003839  0.999991  0.999964  0.008406  0.000828  -0.008408  0.999963  0.002059  -0.000811  -0.002066  0.999998  1.000000  0.000105  0.000010  -0.000105  1.000000  0.000026  -0.000010  -0.000026  1.000000  0.999829  0.018419  0.001871  -0.018426  0.999823  0.003806  -0.001801  -0.003839  0.999991  0.000120  0.008695  
115.942496 -0.000219  0.085726  -0.001954  0.994867  0.095428  0.033663  -0.096978  0.994134  0.047883  -0.028896  -0.050901  0.998286  -0.009156  -0.017832  -0.005667  0.113339  -0.044848  0.454855  2.000000  0.999821  0.018844  0.001914  -0.018852  0.999815  0.003903  -0.001840  -0.003939  0.999991  0.999963  0.008611  0.000839  -0.008613  0.999961  0.001932  -0.000822  -0.001939  0.999998  1.000000  0.000108  0.000010  -0.000108  1.000000  0.000024  -0.000010  -0.000024  1.000000  0.999821  0.018844  0.001914  -0.018852  0.999815  0.003903  -0.001840  -0.003939  0.999991  0.000119  0.008866  
115.943497 -0.000231  0.085707  -0.001961  0.994827  0.095837  0.033683  -0.097387  0.994095  0.047869  -0.028896  -0.050901  0.998286  -0.009516  -0.018051  -0.005904  0.108545  -0.039720  0.444537  2.000000  0.999812  0.019270  0.001958  -0.019277  0.999806  0.004004  -0.001880  -0.004041  0.999990  0.999963  0.008611  0.000840  -0.008613  0.999961  0.001932  -0.000823  -0.001939  0.999998  1.000000  0.000108  0.000010  -0.000108  1.000000  0.000024  -0.000010  -0.000024  1.000000  0.999812  0.019270  0.001958  -0.019277  0.999806  0.004004  -0.001880  -0.004041  0.999990  0.000116  0.008866  
115.944499 -0.000243  0.085689  -0.001968  0.994787  0.096242  0.033714  -0.097797  0.994049  0.047975  -0.028896  -0.051023  0.998279  -0.009931  -0.018257  -0.006142  0.104684  -0.039458  0.437622  2.000000  0.999804  0.019687  0.001994  -0.019695  0.999798  0.004103  -0.001913  -0.004142  0.999990  0.999964  0.008413  0.000697  -0.008414  0.999962  0.002059  -0.000680  -0.002065  0.999998  1.000000  0.000105  0.000009  -0.000105  1.000000  0.000026  -0.000009  -0.000026  1.000000  0.999804  0.019687  0.001994  -0.019695  0.999798  0.004103  -0.001913  -0.004142  0.999990  0.000115  0.008690  
115.945500 -0.000255  0.085670  -0.001973  0.994746  0.096648  0.033746  -0.098207  0.994004  0.048082  -0.028896  -0.051144  0.998273  -0.010181  -0.018382  -0.006185  0.101684  -0.039527  0.434379  2.000000  0.999796  0.020098  0.002030  -0.020106  0.999789  0.004201  -0.001945  -0.004241  0.999989  0.999966  0.008207  0.000686  -0.008208  0.999964  0.001944  -0.000670  -0.001949  0.999998  1.000000  0.000103  0.000008  -0.000103  1.000000  0.000024  -0.000008  -0.000024  1.000000  0.999796  0.020098  0.002030  -0.020106  0.999789  0.004201  -0.001945  -0.004241  0.999989  0.000113  0.008463  
115.946750 -0.000271  0.085647  -0.001980  0.994686  0.097261  0.033776  -0.098821  0.993944  0.048061  -0.028896  -0.051144  0.998273  -0.010664  -0.018540  -0.006356  0.093526  -0.039578  0.434361  2.000000  0.999788  0.020508  0.002066  -0.020516  0.999780  0.004304  -0.001977  -0.004346  0.999989  0.999966  0.008207  0.000687  -0.008208  0.999964  0.002065  -0.000670  -0.002071  0.999998  1.000000  0.000103  0.000008  -0.000103  1.000000  0.000026  -0.000008  -0.000026  1.000000  0.999788  0.020508  0.002066  -0.020516  0.999780  0.004304  -0.001977  -0.004346  0.999989  0.000111  0.008491  
115.948000 -0.000288  0.085622  -0.001988  0.994645  0.097667  0.033807  -0.099230  0.993898  0.048168  -0.028896  -0.051265  0.998267  -0.011169  -0.018729  -0.006529  0.089843  -0.038968  0.420527  2.000000  0.999777  0.021015  0.002111  -0.021024  0.999769  0.004428  -0.002017  -0.004471  0.999988  0.999968  0.008001  0.000678  -0.008003  0.999966  0.002071  -0.000661  -0.002076  0.999998  1.000000  0.000100  0.000008  -0.000100  1.000000  0.000026  -0.000008  -0.000026  1.000000  0.999777  0.021015  0.002111  -0.021024  0.999769  0.004428  -0.002017  -0.004471  0.999988  0.000109  0.008294  
115.949003 -0.000302  0.085603  -0.001995  0.994624  0.097871  0.033817  -0.099435  0.993878  0.048161  -0.028896  -0.051265  0.998267  -0.011443  -0.018773  -0.006615  0.085957  -0.038645  0.413580  2.000000  0.999768  0.021417  0.002146  -0.021427  0.999760  0.004525  -0.002049  -0.004570  0.999987  0.999968  0.008001  0.000678  -0.008003  0.999966  0.001950  -0.000662  -0.001955  0.999998  1.000000  0.000100  0.000008  -0.000100  1.000000  0.000024  -0.000008  -0.000024  1.000000  0.999768  0.021417  0.002146  -0.021427  0.999760  0.004525  -0.002049  -0.004570  0.999987  0.000108  0.008264  
115.950247 -0.000319  0.085578  -0.002005  0.994563  0.098481  0.033859  -0.100050  0.993811  0.048261  -0.028896  -0.051386  0.998261  -0.011821  -0.018900  -0.006754  0.085228  -0.033925  0.410425  2.000000  0.999757  0.021920  0.002191  -0.021930  0.999749  0.004644  -0.002089  -0.004691  0.999987  0.999968  0.008001  0.000679  -0.008003  0.999966  0.001828  -0.000664  -0.001834  0.999998  1.000000  0.000100  0.000008  -0.000100  1.000000  0.000023  -0.000008  -0.000023  1.000000  0.999757  0.021920  0.002191  -0.021930  0.999749  0.004644  -0.002089  -0.004691  0.999987  0.000105  0.008236  
115.951499 -0.000337  0.085552  -0.002016  0.994521  0.098886  0.033891  -0.100459  0.993765  0.048367  -0.028896  -0.051507  0.998254  -0.012179  -0.019055  -0.006914  0.085421  -0.033630  0.403552  2.000000  0.999746  0.022417  0.002235  -0.022427  0.999737  0.004755  -0.002128  -0.004804  0.999986  0.999969  0.007796  0.000669  -0.007797  0.999968  0.001713  -0.000656  -0.001718  0.999998  1.000000  0.000097  0.000008  -0.000097  1.000000  0.000021  -0.000008  -0.000021  1.000000  0.999746  0.022417  0.002235  -0.022427  0.999737  0.004755  -0.002128  -0.004804  0.999986  0.000102  0.008010  
115.952750 -0.000355  0.085526  -0.002027  0.994480  0.099291  0.033923  -0.100869  0.993718  0.048474  -0.028896  -0.051628  0.998248  -0.012568  -0.019236  -0.007093  0.087222  -0.029012  0.396582  2.000000  0.999735  0.022899  0.002279  -0.022910  0.999726  0.004858  -0.002167  -0.004909  0.999986  0.999971  0.007590  0.000659  -0.007591  0.999970  0.001598  -0.000647  -0.001603  0.999999  1.000000  0.000095  0.000008  -0.000095  1.000000  0.000020  -0.000008  -0.000020  1.000000  0.999735  0.022899  0.002279  -0.022910  0.999726  0.004858  -0.002167  -0.004909  0.999986  0.000101  0.007785  
115.954000 -0.000374  0.085500  -0.002038  0.994455  0.099489  0.034065  -0.101073  0.993698  0.048453  -0.029030  -0.051628  0.998244  -0.012979  -0.019406  -0.007226  0.082782  -0.032587  0.379191  2.000000  0.999724  0.023375  0.002322  -0.023387  0.999714  0.004957  -0.002206  -0.005010  0.999985  0.999971  0.007590  0.000660  -0.007591  0.999970  0.001477  -0.000648  -0.001482  0.999999  1.000000  0.000095  0.000008  -0.000095  1.000000  0.000018  -0.000008  -0.000018  1.000000  0.999724  0.023375  0.002322  -0.023387  0.999714  0.004957  -0.002206  -0.005010  0.999985  0.000100  0.007761  
115.955247 -0.000392  0.085474  -0.002050  0.994414  0.099894  0.034098  -0.101482  0.993651  0.048560  -0.029030  -0.051749  0.998238  -0.013241  -0.019631  -0.007444  0.087076  -0.032269  0.372362  2.000000  0.999715  0.023752  0.002363  -0.023763  0.999705  0.005033  -0.002243  -0.005088  0.999985  0.999971  0.007583  0.000794  -0.007584  0.999970  0.001476  -0.000783  -0.001482  0.999999  1.000000  0.000095  0.000010  -0.000095  1.000000  0.000018  -0.000010  -0.000018  1.000000  0.999715  0.023752  0.002363  -0.023763  0.999705  0.005033  -0.002243  -0.005088  0.999985  0.000099  0.007767  
115.956247 -0.000406  0.085453  -0.002059  0.994393  0.100094  0.034120  -0.101687  0.993625  0.048673  -0.029030  -0.051870  0.998232  -0.013434  -0.019747  -0.007568  0.087270  -0.031963  0.365426  2.000000  0.999706  0.024126  0.002399  -0.024138  0.999696  0.005108  -0.002275  -0.005164  0.999984  0.999973  0.007384  0.000651  -0.007385  0.999972  0.001482  -0.000640  -0.001486  0.999999  1.000000  0.000092  0.000008  -0.000092  1.000000  0.000019  -0.000008  -0.000019  1.000000  0.999706  0.024126  0.002399  -0.024138  0.999696  0.005108  -0.002275  -0.005164  0.999984  0.000096  0.007560  
115.957497 -0.000423  0.085427  -0.002071  0.994351  0.100499  0.034152  -0.102096  0.993578  0.048780  -0.029030  -0.051991  0.998226  -0.013653  -0.020010  -0.007792  0.087277  -0.032010  0.365451  2.000000  0.999695  0.024584  0.002442  -0.024597  0.999684  0.005197  -0.002313  -0.005255  0.999984  0.999973  0.007384  0.000652  -0.007385  0.999972  0.001482  -0.000641  -0.001486  0.999999  1.000000  0.000092  0.000008  -0.000092  1.000000  0.000019  -0.000008  -0.000019  1.000000  0.999695  0.024584  0.002442  -0.024597  0.999684  0.005197  -0.002313  -0.005255  0.999984  0.000096  0.007560  
115.958746 -0.000441  0.085399  -0.002082  0.994305  0.100897  0.034317  -0.102505  0.993531  0.048873  -0.029164  -0.052112  0.998215  -0.013823  -0.020241  -0.008002  0.087255  -0.036547  0.365228  2.000000  0.999684  0.025030  0.002483  -0.025043  0.999672  0.005284  -0.002350  -0.005345  0.999983  0.999975  0.006973  0.000631  -0.006974  0.999975  0.001494  -0.000621  -0.001498  0.999999  1.000000  0.000087  0.000008  -0.000087  1.000000  0.000019  -0.000008  -0.000019  1.000000  0.999684  0.025030  0.002483  -0.025043  0.999672  0.005284  -0.002350  -0.005345  0.999983  0.000093  0.007160  
115.959746 -0.000455  0.085377  -0.002091  0.994284  0.101102  0.034327  -0.102710  0.993510  0.048865  -0.029164  -0.052112  0.998215  -0.013947  -0.020455  -0.008226  0.083390  -0.036223  0.358372  2.000000  0.999675  0.025381  0.002523  -0.025394  0.999663  0.005352  -0.002387  -0.005414  0.999982  0.999975  0.006966  0.000765  -0.006967  0.999975  0.001371  -0.000755  -0.001377  0.999999  1.000000  0.000087  0.000010  -0.000087  1.000000  0.000017  -0.000010  -0.000017  1.000000  0.999675  0.025381  0.002523  -0.025394  0.999663  0.005352  -0.002387  -0.005414  0.999982  0.000094  0.007142  
115.960996 -0.000473  0.085349  -0.002103  0.994263  0.101302  0.034349  -0.102915  0.993484  0.048979  -0.029164  -0.052233  0.998209  -0.014126  -0.020769  -0.008478  0.078905  -0.035662  0.348772  2.000000  0.999664  0.025806  0.002567  -0.025819  0.999652  0.005437  -0.002426  -0.005502  0.999982  0.999977  0.006768  0.000621  -0.006768  0.999976  0.001378  -0.000612  -0.001382  0.999999  1.000000  0.000085  0.000008  -0.000085  1.000000  0.000017  -0.000008  -0.000017  1.000000  0.999664  0.025806  0.002567  -0.025819  0.999652  0.005437  -0.002426  -0.005502  0.999982  0.000091  0.006935  
115.962253 -0.000491  0.085321  -0.002114  0.994237  0.101495  0.034505  -0.103119  0.993457  0.049079  -0.029298  -0.052354  0.998199  -0.014252  -0.021128  -0.008746  0.079860  -0.039750  0.337277  2.000000  0.999653  0.026218  0.002608  -0.026232  0.999641  0.005518  -0.002462  -0.005585  0.999981  0.999978  0.006562  0.000612  -0.006563  0.999978  0.001384  -0.000602  -0.001388  0.999999  1.000000  0.000082  0.000008  -0.000082  1.000000  0.000017  -0.000008  -0.000017  1.000000  0.999653  0.026218  0.002608  -0.026232  0.999641  0.005518  -0.002462  -0.005585  0.999981  0.000089  0.006735  
115.963501 -0.000510  0.085292  -0.002124  0.994195  0.101905  0.034525  -0.103528  0.993416  0.049064  -0.029298  -0.052354  0.998199  -0.014314  -0.021366  -0.008824  0.071910  -0.039438  0.330378  2.000000  0.999644  0.026533  0.002646  -0.026547  0.999632  0.005584  -0.002497  -0.005652  0.999981  0.999981  0.006144  0.000724  -0.006145  0.999980  0.001274  -0.000716  -0.001278  0.999999  1.000000  0.000077  0.000009  -0.000077  1.000000  0.000016  -0.000009  -0.000016  1.000000  0.999644  0.026533  0.002646  -0.026547  0.999632  0.005584  -0.002497  -0.005652  0.999981  0.000085  0.006317  
115.964746 -0.000528  0.085264  -0.002133  0.994195  0.101905  0.034525  -0.103528  0.993416  0.049064  -0.029298  -0.052354  0.998199  -0.014363  -0.021587  -0.008847  0.067490  -0.038792  0.320883  2.000000  0.999634  0.026914  0.002693  -0.026929  0.999621  0.005661  -0.002539  -0.005731  0.999980  0.999982  0.005939  0.000713  -0.005939  0.999982  0.001158  -0.000706  -0.001163  0.999999  1.000000  0.000074  0.000009  -0.000074  1.000000  0.000015  -0.000009  -0.000015  1.000000  0.999634  0.026914  0.002693  -0.026929  0.999621  0.005661  -0.002539  -0.005731  0.999980  0.000084  0.006093  
115.965999 -0.000546  0.085235  -0.002143  0.994174  0.102105  0.034547  -0.103733  0.993389  0.049178  -0.029298  -0.052475  0.998192  -0.014381  -0.021824  -0.008794  0.067859  -0.033667  0.307368  2.000000  0.999624  0.027272  0.002738  -0.027287  0.999611  0.005734  -0.002581  -0.005807  0.999980  0.999984  0.005527  0.000692  -0.005528  0.999984  0.001292  -0.000685  -0.001296  0.999999  1.000000  0.000069  0.000009  -0.000069  1.000000  0.000016  -0.000009  -0.000016  1.000000  0.999624  0.027272  0.002738  -0.027287  0.999611  0.005734  -0.002581  -0.005807  0.999980  0.000081  0.005719  
115.967001 -0.000561  0.085213  -0.002150  0.994152  0.102309  0.034558  -0.103938  0.993368  0.049171  -0.029298  -0.052475  0.998192  -0.014413  -0.021972  -0.008684  0.060462  -0.033624  0.302969  2.000000  0.999617  0.027538  0.002774  -0.027554  0.999604  0.005792  -0.002613  -0.005866  0.999979  0.999986  0.005322  0.000681  -0.005323  0.999985  0.001177  -0.000675  -0.001180  0.999999  1.000000  0.000067  0.000008  -0.000067  1.000000  0.000015  -0.000008  -0.000015  1.000000  0.999617  0.027538  0.002774  -0.027554  0.999604  0.005792  -0.002613  -0.005866  0.999979  0.000079  0.005493  
