1-Time 2-Px 3-Py 4-Pz 5-R11 6-R21 7-R31 8-R12 9-R22 10-R32 11-R13 12-R23 13-R33 14-Vx 15-Vy 16-Vz 17-Wx 18-Wy 19-Wz 20-state 21-PR11 22-PR21 23-PR31 24-PR12 25-PR22 26-PR32 27-PR13 28-PR23 29-PR33 
192.595093 -0.001384  0.085608  0.000845  0.993831  0.101447  0.044825  -0.103904  0.992988  0.056377  -0.038792  -0.060687  0.997403  -0.007925  -0.004780  -0.001138  0.000000  0.000000  0.000000  2.000000  1.000000  0.000000  0.000000  0.000000  1.000000  0.000000  0.000000  0.000000  1.000000  1.000000  0.000821  0.000050  -0.000821  0.999999  -0.000881  -0.000051  0.000881  1.000000  1.000000  0.000000  0.000000  0.000000  1.000000  0.000000  0.000000  0.000000  1.000000  0.721066  0.652946  -0.231787  -0.571569  0.749648  0.333673  0.391629  -0.108118  0.913749  0.000000  0.000000  
192.596100 -0.001393  0.085602  0.000844  0.993831  0.101447  0.044825  -0.103904  0.992988  0.056377  -0.038792  -0.060687  0.997403  -0.007989  -0.004867  -0.001188  0.000000  0.000000  0.000000  2.000000  1.000000  0.000000  0.000000  0.000000  1.000000  0.000000  0.000000  0.000000  1.000000  1.000000  0.000821  0.000050  -0.000821  0.999999  -0.000881  -0.000051  0.000881  1.000000  1.000000  0.000000  0.000000  0.000000  1.000000  0.000000  0.000000  0.000000  1.000000  1.000000  0.000000  0.000000  0.000000  1.000000  0.000000  0.000000  0.000000  1.000000  0.000000  0.000000  
192.597350 -0.001406  0.085592  0.000842  0.993766  0.102061  0.044860  -0.104518  0.992925  0.056349  -0.038792  -0.060687  0.997403  -0.008188  -0.005177  -0.001224  0.000000  0.000000  0.000000  2.000000  1.000000  0.000000  0.000000  0.000000  1.000000  0.000000  0.000000  0.000000  1.000000  0.999999  0.001232  0.000075  -0.001232  0.999999  -0.000776  -0.000076  0.000776  1.000000  1.000000  0.000000  0.000000  0.000000  1.000000  0.000000  0.000000  0.000000  1.000000  1.000000  0.000000  0.000000  0.000000  1.000000  0.000000  0.000000  0.000000  1.000000  0.000000  0.000000  
192.598350 -0.001417  0.085582  0.000839  0.993691  0.102658  0.045161  -0.105131  0.992864  0.056293  -0.039059  -0.060686  0.997392  -0.008417  -0.005498  -0.001349  0.000000  0.000000  0.000000  2.000000  1.000000  0.000000  0.000000  0.000000  1.000000  0.000000  0.000000  0.000000  1.000000  0.999998  0.002045  0.000258  -0.002045  0.999998  -0.000808  -0.000260  0.000808  1.000000  1.000000  0.000000  0.000000  0.000000  1.000000  0.000000  0.000000  0.000000  1.000000  1.000000  0.000000  0.000000  0.000000  1.000000  0.000000  0.000000  0.000000  1.000000  0.000000  0.000000  
192.599600 -0.001431  0.085568  0.000836  0.993621  0.103257  0.045340  -0.105744  0.992794  0.056372  -0.039193  -0.060807  0.997380  -0.008689  -0.006024  -0.001411  0.000000  0.000000  0.000000  2.000000  1.000000  0.000000  0.000000  0.000000  1.000000  0.000000  0.000000  0.000000  1.000000  0.999996  0.002645  0.000563  -0.002645  0.999996  -0.000712  -0.000565  0.000710  1.000000  1.000000  0.000000  0.000000  0.000000  1.000000  0.000000  0.000000  0.000000  1.000000  1.000000  0.000000  0.000000  0.000000  1.000000  0.000000  0.000000  0.000000  1.000000  0.000000  0.000000  
192.600850 -0.001445  0.085554  0.000834  0.993550  0.103857  0.045521  -0.106357  0.992724  0.056450  -0.039327  -0.060927  0.997367  -0.008973  -0.006598  -0.001445  0.000000  0.000000  0.000000  2.000000  1.000000  0.000000  0.000000  0.000000  1.000000  0.000000  0.000000  0.000000  1.000000  0.999996  0.002842  0.000710  -0.002842  0.999996  -0.000477  -0.000711  0.000475  1.000000  1.000000  0.000000  0.000000  0.000000  1.000000  0.000000  0.000000  0.000000  1.000000  1.000000  0.000000  0.000000  0.000000  1.000000  0.000000  0.000000  0.000000  1.000000  0.000000  0.000000  
192.602103 -0.001460  0.085539  0.000833  0.993484  0.104464  0.045568  -0.106970  0.992653  0.056542  -0.039327  -0.061048  0.997360  -0.009324  -0.007165  -0.001447  0.000000  0.000000  0.000000  2.000000  1.000000  0.000000  0.000000  0.000000  1.000000  0.000000  0.000000  0.000000  1.000000  0.999994  0.003458  0.000748  -0.003458  0.999994  -0.000381  -0.000749  0.000378  1.000000  1.000000  0.000000  0.000000  0.000000  1.000000  0.000000  0.000000  0.000000  1.000000  1.000000  0.000000  0.000000  0.000000  1.000000  0.000000  0.000000  0.000000  1.000000  0.000000  0.000000  
192.603351 -0.001476  0.085525  0.000831  0.993401  0.105279  0.045508  -0.107789  0.992552  0.056760  -0.039193  -0.061291  0.997350  -0.009722  -0.007750  -0.001438  0.000000  0.000000  0.000000  2.000000  1.000000  0.000000  0.000000  0.000000  1.000000  0.000000  0.000000  0.000000  1.000000  0.999991  0.004287  0.000665  -0.004287  0.999991  -0.000170  -0.000665  0.000167  1.000000  1.000000  0.000000  0.000000  0.000000  1.000000  0.000000  0.000000  0.000000  1.000000  1.000000  0.000000  0.000000  0.000000  1.000000  0.000000  0.000000  0.000000  1.000000  0.000000  0.000000  
192.604354 -0.001489  0.085512  0.000830  0.993312  0.106091  0.045567  -0.108607  0.992458  0.056843  -0.039193  -0.061412  0.997343  -0.010042  -0.008264  -0.001431  -0.011630  -0.025373  0.192381  2.000000  1.000000  0.000024  0.000060  -0.000024  1.000000  0.000001  -0.000060  -0.000001  1.000000  0.999987  0.005109  0.000716  -0.005109  0.999987  0.000040  -0.000716  -0.000044  1.000000  1.000000  0.000024  0.000060  -0.000024  1.000000  0.000001  -0.000060  -0.000001  1.000000  1.000000  0.000024  0.000060  -0.000024  1.000000  0.000001  -0.000060  -0.000001  1.000000  0.000047  0.005159  
192.605354 -0.001501  0.085501  0.000828  0.993200  0.107107  0.045639  -0.109630  0.992342  0.056916  -0.039193  -0.061533  0.997335  -0.010316  -0.008717  -0.001491  -0.008901  -0.027508  0.226838  2.000000  1.000000  0.000136  0.000329  -0.000136  1.000000  0.000003  -0.000329  -0.000003  1.000000  0.999981  0.006135  0.000780  -0.006135  0.999981  0.000121  -0.000779  -0.000125  1.000000  1.000000  0.000030  0.000071  -0.000030  1.000000  0.000002  -0.000071  -0.000002  1.000000  1.000000  0.000136  0.000329  -0.000136  1.000000  0.000003  -0.000329  -0.000003  1.000000  0.000056  0.006186  
192.606354 -0.001513  0.085488  0.000827  0.993104  0.107910  0.045831  -0.110447  0.992247  0.056984  -0.039327  -0.061653  0.997323  -0.010665  -0.009244  -0.001549  -0.005651  -0.033289  0.247267  2.000000  1.000000  0.000259  0.000629  -0.000259  1.000000  0.000014  -0.000629  -0.000015  1.000000  0.999977  0.006743  0.000952  -0.006743  0.999977  0.000338  -0.000950  -0.000344  0.999999  1.000000  0.000032  0.000079  -0.000032  1.000000  0.000004  -0.000079  -0.000004  1.000000  1.000000  0.000259  0.000629  -0.000259  1.000000  0.000014  -0.000629  -0.000015  1.000000  0.000061  0.006818  
192.607605 -0.001529  0.085473  0.000826  0.992956  0.109114  0.046180  -0.111672  0.992108  0.057018  -0.039594  -0.061774  0.997305  -0.011008  -0.009868  -0.001483  0.000840  -0.044814  0.288069  2.000000  0.999999  0.000436  0.001070  -0.000436  1.000000  0.000035  -0.001070  -0.000036  0.999999  0.999968  0.007966  0.001162  -0.007967  0.999968  0.000409  -0.001159  -0.000418  0.999999  1.000000  0.000037  0.000093  -0.000037  1.000000  0.000005  -0.000093  -0.000005  1.000000  0.999999  0.000436  0.001070  -0.000436  1.000000  0.000035  -0.001070  -0.000036  0.999999  0.000071  0.008061  
192.608606 -0.001541  0.085461  0.000826  0.992835  0.110127  0.046371  -0.112694  0.991996  0.056956  -0.039728  -0.061773  0.997299  -0.011278  -0.010353  -0.001395  -0.000537  -0.051429  0.322272  2.000000  0.999999  0.000591  0.001475  -0.000591  1.000000  0.000056  -0.001475  -0.000057  0.999999  0.999959  0.008976  0.001493  -0.008977  0.999960  0.000487  -0.001488  -0.000500  0.999999  1.000000  0.000040  0.000106  -0.000040  1.000000  0.000006  -0.000106  -0.000006  1.000000  0.999999  0.000591  0.001475  -0.000591  1.000000  0.000056  -0.001475  -0.000057  0.999999  0.000080  0.009113  
192.609855 -0.001557  0.085444  0.000828  0.992690  0.111338  0.046588  -0.113919  0.991853  0.057003  -0.039861  -0.061894  0.997286  -0.011679  -0.011091  -0.001210  0.005960  -0.058479  0.363429  2.000000  0.999998  0.000807  0.002048  -0.000807  1.000000  0.000089  -0.002048  -0.000091  0.999998  0.999947  0.010200  0.001703  -0.010201  0.999948  0.000557  -0.001698  -0.000574  0.999998  1.000000  0.000045  0.000121  -0.000045  1.000000  0.000007  -0.000121  -0.000007  1.000000  0.999998  0.000807  0.002048  -0.000807  1.000000  0.000089  -0.002048  -0.000091  0.999998  0.000090  0.010357  
192.611104 -0.001574  0.085425  0.000827  0.992543  0.112555  0.046791  -0.115145  0.991716  0.056930  -0.039995  -0.061894  0.997281  -0.012133  -0.011886  -0.001096  0.004573  -0.065093  0.397627  2.000000  0.999996  0.001003  0.002566  -0.001003  0.999999  0.000115  -0.002565  -0.000118  0.999997  0.999935  0.011218  0.001900  -0.011219  0.999937  0.000514  -0.001894  -0.000535  0.999998  1.000000  0.000050  0.000133  -0.000050  1.000000  0.000007  -0.000133  -0.000007  1.000000  0.999996  0.001003  0.002566  -0.001003  0.999999  0.000115  -0.002565  -0.000118  0.999997  0.000099  0.011390  
192.612349 -0.001593  0.085403  0.000827  0.992400  0.113774  0.046875  -0.116371  0.991569  0.056993  -0.039995  -0.062014  0.997274  -0.012489  -0.012553  -0.000950  0.011091  -0.067665  0.439118  2.000000  0.999994  0.001270  0.003271  -0.001271  0.999999  0.000158  -0.003271  -0.000162  0.999995  0.999921  0.012450  0.001978  -0.012451  0.999922  0.000706  -0.001969  -0.000731  0.999998  1.000000  0.000056  0.000147  -0.000056  1.000000  0.000009  -0.000147  -0.000009  1.000000  0.999994  0.001270  0.003271  -0.001271  0.999999  0.000158  -0.003271  -0.000162  0.999995  0.000109  0.012626  
192.613352 -0.001609  0.085385  0.000828  0.992280  0.114789  0.046947  -0.117392  0.991445  0.057065  -0.039995  -0.062135  0.997266  -0.012784  -0.013142  -0.000705  0.013696  -0.069275  0.469889  2.000000  0.999991  0.001507  0.003883  -0.001508  0.999999  0.000195  -0.003882  -0.000201  0.999992  0.999910  0.013271  0.002030  -0.013272  0.999912  0.000794  -0.002019  -0.000821  0.999998  1.000000  0.000061  0.000156  -0.000061  1.000000  0.000010  -0.000156  -0.000010  1.000000  0.999991  0.001507  0.003883  -0.001508  0.999999  0.000195  -0.003882  -0.000201  0.999992  0.000116  0.013450  
192.614601 -0.001628  0.085361  0.000829  0.992159  0.115804  0.047020  -0.118414  0.991319  0.057137  -0.039995  -0.062256  0.997259  -0.013121  -0.013827  -0.000480  0.016516  -0.071977  0.508039  2.000000  0.999987  0.001835  0.004711  -0.001837  0.999998  0.000248  -0.004710  -0.000257  0.999989  0.999893  0.014502  0.002108  -0.014504  0.999894  0.000986  -0.002093  -0.001016  0.999997  1.000000  0.000068  0.000170  -0.000068  1.000000  0.000013  -0.000170  -0.000013  1.000000  0.999987  0.001835  0.004711  -0.001837  0.999998  0.000248  -0.004710  -0.000257  0.999989  0.000127  0.014689  
192.615849 -0.001645  0.085335  0.000829  0.992006  0.117008  0.047251  -0.119638  0.991162  0.057303  -0.040129  -0.062498  0.997238  -0.013324  -0.014570  -0.000329  0.027345  -0.078636  0.542279  2.000000  0.999982  0.002188  0.005603  -0.002190  0.999998  0.000316  -0.005603  -0.000328  0.999984  0.999877  0.015520  0.002308  -0.015523  0.999879  0.001184  -0.002290  -0.001220  0.999997  1.000000  0.000072  0.000182  -0.000072  1.000000  0.000015  -0.000182  -0.000015  1.000000  0.999982  0.002188  0.005603  -0.002190  0.999998  0.000316  -0.005603  -0.000328  0.999984  0.000135  0.015737  
192.616850 -0.001659  0.085314  0.000829  0.991877  0.118009  0.047471  -0.120659  0.991029  0.057479  -0.040263  -0.062740  0.997217  -0.013477  -0.015289  -0.000269  0.034099  -0.085345  0.576587  2.000000  0.999977  0.002487  0.006362  -0.002489  0.999997  0.000379  -0.006361  -0.000395  0.999980  0.999860  0.016537  0.002510  -0.016541  0.999862  0.001382  -0.002486  -0.001423  0.999996  1.000000  0.000076  0.000195  -0.000076  1.000000  0.000018  -0.000195  -0.000018  1.000000  0.999977  0.002487  0.006362  -0.002489  0.999997  0.000379  -0.006361  -0.000395  0.999980  0.000144  0.016786  
192.618100 -0.001676  0.085286  0.000827  0.991697  0.119411  0.047730  -0.122087  0.990838  0.057754  -0.040396  -0.063102  0.997189  -0.013527  -0.016201  -0.000276  0.048443  -0.092894  0.624520  2.000000  0.999969  0.002872  0.007351  -0.002875  0.999996  0.000473  -0.007350  -0.000494  0.999973  0.999853  0.016947  0.002539  -0.016951  0.999855  0.001605  -0.002512  -0.001648  0.999995  1.000000  0.000079  0.000199  -0.000079  1.000000  0.000020  -0.000199  -0.000020  1.000000  0.999969  0.002872  0.007351  -0.002875  0.999996  0.000473  -0.007350  -0.000494  0.999973  0.000155  0.017214  
192.619348 -0.001692  0.085257  0.000825  0.991565  0.120411  0.047951  -0.123108  0.990701  0.057929  -0.040530  -0.063344  0.997168  -0.013530  -0.017027  -0.000371  0.055190  -0.099624  0.658839  2.000000  0.999962  0.003195  0.008169  -0.003200  0.999995  0.000563  -0.008167  -0.000589  0.999966  0.999842  0.017562  0.002584  -0.017567  0.999844  0.001941  -0.002549  -0.001986  0.999995  1.000000  0.000082  0.000206  -0.000082  1.000000  0.000025  -0.000206  -0.000025  1.000000  0.999962  0.003195  0.008169  -0.003200  0.999995  0.000563  -0.008167  -0.000589  0.999966  0.000164  0.017860  
192.620352 -0.001703  0.085234  0.000822  0.991464  0.121215  0.048028  -0.123924  0.990588  0.058130  -0.040530  -0.063586  0.997153  -0.013479  -0.017765  -0.000426  0.062505  -0.100971  0.679357  2.000000  0.999953  0.003533  0.009004  -0.003539  0.999994  0.000659  -0.009001  -0.000691  0.999959  0.999835  0.017980  0.002481  -0.017985  0.999836  0.002045  -0.002443  -0.002090  0.999995  1.000000  0.000086  0.000210  -0.000086  1.000000  0.000026  -0.000210  -0.000026  1.000000  0.999953  0.003533  0.009004  -0.003539  0.999994  0.000659  -0.009001  -0.000691  0.999959  0.000171  0.018269  
192.621604 -0.001718  0.085204  0.000817  0.991336  0.122217  0.048132  -0.124945  0.990441  0.058441  -0.040530  -0.063948  0.997130  -0.013416  -0.018772  -0.000614  0.077433  -0.103206  0.713811  2.000000  0.999941  0.003974  0.010065  -0.003982  0.999992  0.000787  -0.010061  -0.000827  0.999949  0.999828  0.018399  0.002377  -0.018404  0.999828  0.002149  -0.002337  -0.002193  0.999995  1.000000  0.000089  0.000214  -0.000089  1.000000  0.000027  -0.000214  -0.000027  1.000000  0.999941  0.003974  0.010065  -0.003982  0.999992  0.000787  -0.010061  -0.000827  0.999949  0.000179  0.018679  
192.622849 -0.001731  0.085173  0.000813  0.991175  0.123420  0.048367  -0.126168  0.990276  0.058605  -0.040664  -0.064190  0.997109  -0.013272  -0.019791  -0.000863  0.083894  -0.110384  0.754980  2.000000  0.999928  0.004425  0.011156  -0.004435  0.999990  0.000924  -0.011151  -0.000974  0.999937  0.999816  0.019005  0.002557  -0.019011  0.999816  0.002364  -0.002511  -0.002412  0.999994  1.000000  0.000091  0.000222  -0.000091  1.000000  0.000030  -0.000222  -0.000030  1.000000  0.999928  0.004425  0.011156  -0.004435  0.999990  0.000924  -0.011151  -0.000974  0.999937  0.000190  0.019326  
192.623850 -0.001742  0.085147  0.000810  0.991071  0.124230  0.048430  -0.126984  0.990167  0.058685  -0.040664  -0.064311  0.997101  -0.013224  -0.020688  -0.001138  0.090945  -0.112112  0.782567  2.000000  0.999916  0.004784  0.012039  -0.004796  0.999988  0.001035  -0.012034  -0.001093  0.999927  0.999816  0.018996  0.002693  -0.019002  0.999817  0.002242  -0.002650  -0.002293  0.999994  1.000000  0.000090  0.000222  -0.000090  1.000000  0.000028  -0.000222  -0.000028  1.000000  0.999916  0.004784  0.012039  -0.004796  0.999988  0.001035  -0.012034  -0.001093  0.999927  0.000197  0.019321  
192.624850 -0.001753  0.085122  0.000806  0.990966  0.125034  0.048509  -0.127801  0.990050  0.058885  -0.040664  -0.064553  0.997085  -0.013104  -0.021514  -0.001417  0.098276  -0.113511  0.803283  2.000000  0.999903  0.005141  0.012930  -0.005157  0.999986  0.001146  -0.012923  -0.001213  0.999916  0.999816  0.018996  0.002695  -0.019002  0.999817  0.002242  -0.002652  -0.002293  0.999994  1.000000  0.000090  0.000222  -0.000090  1.000000  0.000028  -0.000222  -0.000028  1.000000  0.999903  0.005141  0.012930  -0.005157  0.999986  0.001146  -0.012923  -0.001213  0.999916  0.000204  0.019321  
192.625855 -0.001765  0.085095  0.000804  0.990855  0.125840  0.048690  -0.128616  0.989948  0.058828  -0.040797  -0.064552  0.997080  -0.012901  -0.022354  -0.001617  0.097128  -0.119740  0.830658  2.000000  0.999890  0.005491  0.013812  -0.005509  0.999984  0.001258  -0.013805  -0.001334  0.999904  0.999820  0.018782  0.002818  -0.018788  0.999821  0.002248  -0.002775  -0.002301  0.999994  1.000000  0.000087  0.000221  -0.000087  1.000000  0.000028  -0.000221  -0.000028  1.000000  0.999890  0.005491  0.013812  -0.005509  0.999984  0.001258  -0.013805  -0.001334  0.999904  0.000210  0.019129  
192.627104 -0.001778  0.085062  0.000800  0.990743  0.126641  0.048886  -0.129431  0.989838  0.058891  -0.040931  -0.064673  0.997067  -0.012528  -0.023128  -0.001841  0.100872  -0.124711  0.837266  2.000000  0.999875  0.005841  0.014694  -0.005862  0.999982  0.001368  -0.014686  -0.001454  0.999891  0.999820  0.018781  0.002820  -0.018788  0.999821  0.002246  -0.002777  -0.002298  0.999994  1.000000  0.000087  0.000221  -0.000087  1.000000  0.000028  -0.000221  -0.000028  1.000000  0.999875  0.005841  0.014694  -0.005862  0.999982  0.001368  -0.014686  -0.001454  0.999891  0.000213  0.019128  
192.628349 -0.001792  0.085028  0.000797  0.990604  0.127651  0.049079  -0.130450  0.989708  0.058823  -0.041065  -0.064673  0.997061  -0.012186  -0.023778  -0.002059  0.099333  -0.120104  0.844408  2.000000  0.999856  0.006275  0.015785  -0.006299  0.999979  0.001501  -0.015775  -0.001600  0.999874  0.999824  0.018584  0.002673  -0.018590  0.999825  0.002131  -0.002633  -0.002180  0.999994  1.000000  0.000087  0.000218  -0.000087  1.000000  0.000027  -0.000218  -0.000027  1.000000  0.999856  0.006275  0.015785  -0.006299  0.999979  0.001501  -0.015775  -0.001600  0.999874  0.000215  0.018900  
192.629353 -0.001803  0.085001  0.000795  0.990523  0.128262  0.049115  -0.131062  0.989629  0.058793  -0.041065  -0.064673  0.997061  -0.011894  -0.024443  -0.002311  0.096018  -0.116658  0.851643  2.000000  0.999840  0.006619  0.016641  -0.006647  0.999977  0.001604  -0.016630  -0.001714  0.999860  0.999832  0.018182  0.002513  -0.018188  0.999832  0.002148  -0.002474  -0.002193  0.999995  1.000000  0.000087  0.000212  -0.000087  1.000000  0.000027  -0.000212  -0.000027  1.000000  0.999840  0.006619  0.016641  -0.006647  0.999977  0.001604  -0.016630  -0.001714  0.999860  0.000215  0.018484  
192.630603 -0.001817  0.084966  0.000792  0.990382  0.129266  0.049323  -0.132081  0.989491  0.058845  -0.041198  -0.064793  0.997048  -0.011639  -0.025065  -0.002542  0.095347  -0.117632  0.865432  2.000000  0.999819  0.007048  0.017697  -0.007080  0.999973  0.001733  -0.017684  -0.001857  0.999842  0.999835  0.017977  0.002502  -0.017982  0.999836  0.002154  -0.002463  -0.002199  0.999995  1.000000  0.000085  0.000210  -0.000086  1.000000  0.000027  -0.000210  -0.000027  1.000000  0.999819  0.007048  0.017697  -0.007080  0.999973  0.001733  -0.017684  -0.001857  0.999842  0.000220  0.018281  
192.631850 -0.001831  0.084929  0.000788  0.990301  0.129878  0.049360  -0.132692  0.989411  0.058814  -0.041198  -0.064793  0.997048  -0.011480  -0.025633  -0.002728  0.091291  -0.117711  0.865620  2.000000  0.999797  0.007461  0.018714  -0.007497  0.999970  0.001861  -0.018699  -0.002001  0.999823  0.999846  0.017370  0.002329  -0.017374  0.999847  0.002059  -0.002293  -0.002099  0.999995  1.000000  0.000084  0.000203  -0.000084  1.000000  0.000026  -0.000203  -0.000026  1.000000  0.999797  0.007461  0.018714  -0.007497  0.999970  0.001861  -0.018699  -0.002001  0.999823  0.000219  0.017649  
192.632850 -0.001842  0.084900  0.000784  0.990224  0.130491  0.049280  -0.133305  0.989322  0.058921  -0.041065  -0.064915  0.997046  -0.011298  -0.026121  -0.002928  0.090581  -0.112375  0.858615  2.000000  0.999779  0.007787  0.019505  -0.007827  0.999967  0.001963  -0.019489  -0.002115  0.999808  0.999857  0.016762  0.002158  -0.016767  0.999857  0.002209  -0.002121  -0.002245  0.999995  1.000000  0.000082  0.000195  -0.000082  1.000000  0.000028  -0.000195  -0.000028  1.000000  0.999779  0.007787  0.019505  -0.007827  0.999967  0.001963  -0.019489  -0.002115  0.999808  0.000218  0.017048  
192.634100 -0.001856  0.084865  0.000779  0.990114  0.131300  0.049344  -0.134120  0.989207  0.059001  -0.041065  -0.065036  0.997038  -0.011150  -0.026573  -0.003071  0.086595  -0.116981  0.858303  2.000000  0.999761  0.008110  0.020283  -0.008154  0.999965  0.002065  -0.020265  -0.002230  0.999792  0.999861  0.016557  0.002147  -0.016562  0.999860  0.002217  -0.002110  -0.002253  0.999995  1.000000  0.000080  0.000193  -0.000080  1.000000  0.000028  -0.000193  -0.000028  1.000000  0.999761  0.008110  0.020283  -0.008154  0.999965  0.002065  -0.020265  -0.002230  0.999792  0.000218  0.016845  
192.635101 -0.001867  0.084836  0.000776  0.990064  0.131716  0.049236  -0.134528  0.989152  0.058998  -0.040931  -0.065036  0.997043  -0.011145  -0.026901  -0.003126  0.083442  -0.111290  0.838129  2.000000  0.999743  0.008426  0.021047  -0.008474  0.999962  0.002168  -0.021028  -0.002346  0.999776  0.999864  0.016352  0.002134  -0.016356  0.999864  0.002105  -0.002099  -0.002139  0.999996  1.000000  0.000079  0.000190  -0.000079  1.000000  0.000027  -0.000190  -0.000027  1.000000  0.999743  0.008426  0.021047  -0.008474  0.999962  0.002168  -0.021028  -0.002346  0.999776  0.000214  0.016627  
192.636349 -0.001881  0.084800  0.000771  0.989953  0.132524  0.049301  -0.135344  0.989036  0.059078  -0.040931  -0.065157  0.997035  -0.011099  -0.027338  -0.003131  0.083665  -0.106510  0.831589  2.000000  0.999720  0.008822  0.021969  -0.008874  0.999958  0.002290  -0.021948  -0.002485  0.999756  0.999874  0.015753  0.001829  -0.015757  0.999874  0.002012  -0.001797  -0.002040  0.999996  1.000000  0.000079  0.000182  -0.000079  1.000000  0.000025  -0.000182  -0.000025  1.000000  0.999720  0.008822  0.021969  -0.008874  0.999958  0.002290  -0.021948  -0.002485  0.999756  0.000211  0.015988  
192.637353 -0.001894  0.084769  0.000766  0.989869  0.133129  0.049353  -0.135955  0.988947  0.059167  -0.040931  -0.065278  0.997027  -0.011213  -0.027817  -0.003244  0.085083  -0.097200  0.818348  2.000000  0.999701  0.009136  0.022691  -0.009192  0.999955  0.002382  -0.022669  -0.002590  0.999740  0.999878  0.015556  0.001684  -0.015559  0.999877  0.001899  -0.001654  -0.001925  0.999997  1.000000  0.000079  0.000179  -0.000079  1.000000  0.000024  -0.000179  -0.000024  1.000000  0.999701  0.009136  0.022691  -0.009192  0.999955  0.002382  -0.022669  -0.002590  0.999740  0.000209  0.015764  
192.638353 -0.001908  0.084737  0.000760  0.989780  0.133731  0.049522  -0.136566  0.988865  0.059119  -0.041065  -0.065277  0.997022  -0.011391  -0.028271  -0.003438  0.085535  -0.096323  0.804561  2.000000  0.999682  0.009442  0.023391  -0.009502  0.999952  0.002466  -0.023367  -0.002688  0.999723  0.999887  0.014940  0.001644  -0.014943  0.999887  0.001680  -0.001619  -0.001705  0.999997  1.000000  0.000076  0.000172  -0.000076  1.000000  0.000021  -0.000172  -0.000021  1.000000  0.999682  0.009442  0.023391  -0.009502  0.999952  0.002466  -0.023367  -0.002688  0.999723  0.000204  0.015126  
192.639354 -0.001922  0.084704  0.000752  0.989695  0.134342  0.049559  -0.137177  0.988783  0.059088  -0.041065  -0.065277  0.997022  -0.011632  -0.028738  -0.003727  0.080999  -0.090677  0.791254  2.000000  0.999663  0.009738  0.024065  -0.009802  0.999949  0.002537  -0.024039  -0.002772  0.999707  0.999896  0.014333  0.001470  -0.014335  0.999896  0.001464  -0.001449  -0.001484  0.999998  1.000000  0.000074  0.000164  -0.000074  1.000000  0.000018  -0.000164  -0.000018  1.000000  0.999663  0.009738  0.024065  -0.009802  0.999949  0.002537  -0.024039  -0.002772  0.999707  0.000202  0.014484  
192.640599 -0.001940  0.084663  0.000742  0.989576  0.135141  0.049756  -0.137991  0.988666  0.059149  -0.041198  -0.065398  0.997008  -0.011879  -0.029226  -0.004106  0.085607  -0.094371  0.777838  2.000000  0.999639  0.010098  0.024879  -0.010166  0.999945  0.002614  -0.024851  -0.002866  0.999687  0.999899  0.014119  0.001592  -0.014121  0.999900  0.001228  -0.001575  -0.001250  0.999998  1.000000  0.000071  0.000163  -0.000071  1.000000  0.000015  -0.000163  -0.000015  1.000000  0.999639  0.010098  0.024879  -0.010166  0.999945  0.002614  -0.024851  -0.002866  0.999687  0.000197  0.014263  
192.641608 -0.001955  0.084631  0.000734  0.989491  0.135752  0.049792  -0.138602  0.988582  0.059118  -0.041198  -0.065398  0.997008  -0.012174  -0.029692  -0.004528  0.082965  -0.089318  0.763267  2.000000  0.999625  0.010310  0.025367  -0.010381  0.999943  0.002652  -0.025338  -0.002915  0.999675  0.999899  0.014119  0.001592  -0.014121  0.999900  0.001106  -0.001577  -0.001129  0.999998  1.000000  0.000071  0.000163  -0.000071  1.000000  0.000014  -0.000163  -0.000014  1.000000  0.999625  0.010310  0.025367  -0.010381  0.999943  0.002652  -0.025338  -0.002915  0.999675  0.000195  0.014253  
192.642855 -0.001974  0.084589  0.000723  0.989376  0.136566  0.049841  -0.139417  0.988470  0.059077  -0.041198  -0.065398  0.997008  -0.012527  -0.030221  -0.005022  0.079168  -0.088921  0.756349  2.000000  0.999600  0.010666  0.026181  -0.010740  0.999939  0.002700  -0.026150  -0.002980  0.999654  0.999899  0.014128  0.001459  -0.014129  0.999900  0.000743  -0.001448  -0.000763  0.999999  1.000000  0.000073  0.000162  -0.000073  1.000000  0.000009  -0.000162  -0.000009  1.000000  0.999600  0.010666  0.026181  -0.010740  0.999939  0.002700  -0.026150  -0.002980  0.999654  0.000193  0.014223  
192.644104 -0.001993  0.084548  0.000711  0.989261  0.137386  0.049873  -0.140232  0.988364  0.058916  -0.041198  -0.065277  0.997016  -0.012866  -0.030713  -0.005653  0.071576  -0.088039  0.742548  2.000000  0.999576  0.011017  0.026970  -0.011095  0.999935  0.002732  -0.026938  -0.003030  0.999633  0.999905  0.013717  0.001432  -0.013718  0.999906  0.000517  -0.001425  -0.000537  0.999999  1.000000  0.000070  0.000157  -0.000070  1.000000  0.000007  -0.000157  -0.000007  1.000000  0.999576  0.011017  0.026970  -0.011095  0.999935  0.002732  -0.026938  -0.003030  0.999633  0.000190  0.013802  
192.645350 -0.002012  0.084506  0.000700  0.989145  0.138200  0.049921  -0.141046  0.988251  0.058875  -0.041198  -0.065277  0.997016  -0.013249  -0.031153  -0.006246  0.063946  -0.082770  0.729137  2.000000  0.999550  0.011362  0.027746  -0.011443  0.999931  0.002744  -0.027713  -0.003061  0.999611  0.999908  0.013512  0.001417  -0.013513  0.999909  0.000283  -0.001413  -0.000302  0.999999  1.000000  0.000069  0.000155  -0.000069  1.000000  0.000004  -0.000155  -0.000004  1.000000  0.999550  0.011362  0.027746  -0.011443  0.999931  0.002744  -0.027713  -0.003061  0.999611  0.000186  0.013590  
192.646350 -0.002029  0.084473  0.000690  0.989029  0.139014  0.049970  -0.141861  0.988137  0.058834  -0.041198  -0.065277  0.997016  -0.013604  -0.031411  -0.006687  0.056022  -0.077923  0.722478  2.000000  0.999530  0.011637  0.028355  -0.011719  0.999928  0.002746  -0.028321  -0.003077  0.999594  0.999911  0.013316  0.001270  -0.013316  0.999911  0.000171  -0.001268  -0.000188  0.999999  1.000000  0.000069  0.000152  -0.000069  1.000000  0.000002  -0.000152  -0.000002  1.000000  0.999530  0.011637  0.028355  -0.011719  0.999928  0.002746  -0.028321  -0.003077  0.999594  0.000182  0.013378  
192.647354 -0.002045  0.084440  0.000681  0.988912  0.139833  0.050001  -0.142675  0.988029  0.058673  -0.041198  -0.065156  0.997024  -0.013912  -0.031719  -0.007074  0.044020  -0.073027  0.715776  2.000000  0.999509  0.011916  0.028963  -0.012000  0.999924  0.002744  -0.028928  -0.003090  0.999577  0.999911  0.013324  0.001137  -0.013324  0.999911  0.000049  -0.001136  -0.000065  0.999999  1.000000  0.000071  0.000151  -0.000071  1.000000  0.000001  -0.000151  -0.000001  1.000000  0.999509  0.011916  0.028963  -0.012000  0.999924  0.002744  -0.028928  -0.003090  0.999577  0.000180  0.013373  
192.648600 -0.002066  0.084399  0.000670  0.988764  0.140850  0.050062  -0.143693  0.987885  0.058621  -0.041198  -0.065156  0.997024  -0.014352  -0.032051  -0.007445  0.035594  -0.072559  0.710329  2.000000  0.999483  0.012272  0.029718  -0.012359  0.999920  0.002730  -0.029682  -0.003096  0.999555  0.999911  0.013333  0.001002  -0.013333  0.999911  -0.000072  -0.001003  0.000059  0.999999  1.000000  0.000072  0.000151  -0.000072  1.000000  -0.000001  -0.000151  0.000001  1.000000  0.999483  0.012272  0.029718  -0.012359  0.999920  0.002730  -0.029682  -0.003096  0.999555  0.000179  0.013371  
192.649601 -0.002082  0.084365  0.000662  0.988675  0.141461  0.050098  -0.144304  0.987797  0.058590  -0.041198  -0.065156  0.997024  -0.014770  -0.032418  -0.007804  0.027721  -0.067712  0.703367  2.000000  0.999467  0.012492  0.030174  -0.012580  0.999917  0.002722  -0.030138  -0.003100  0.999541  0.999908  0.013538  0.001015  -0.013538  0.999908  -0.000081  -0.001016  0.000067  0.999999  1.000000  0.000074  0.000153  -0.000074  1.000000  -0.000001  -0.000153  0.000001  1.000000  0.999467  0.012492  0.030174  -0.012580  0.999917  0.002722  -0.030138  -0.003100  0.999541  0.000177  0.013577  
192.650848 -0.002103  0.084323  0.000651  0.988562  0.142289  0.049997  -0.145119  0.987686  0.058449  -0.041065  -0.065036  0.997038  -0.015155  -0.032762  -0.008120  0.015919  -0.062864  0.696832  2.000000  0.999439  0.012861  0.030932  -0.012950  0.999913  0.002697  -0.030895  -0.003096  0.999518  0.999911  0.013350  0.000733  -0.013350  0.999911  -0.000313  -0.000737  0.000303  1.000000  1.000000  0.000075  0.000149  -0.000075  1.000000  -0.000004  -0.000149  0.000004  1.000000  0.999439  0.012861  0.030932  -0.012950  0.999913  0.002697  -0.030895  -0.003096  0.999518  0.000175  0.013375  
192.651849 -0.002121  0.084289  0.000644  0.988472  0.142905  0.050016  -0.145729  0.987605  0.058298  -0.041065  -0.064915  0.997046  -0.015540  -0.033024  -0.008360  0.004069  -0.062467  0.690016  2.000000  0.999416  0.013164  0.031530  -0.013255  0.999909  0.002672  -0.031492  -0.003089  0.999499  0.999911  0.013351  0.000731  -0.013350  0.999911  -0.000434  -0.000737  0.000424  1.000000  1.000000  0.000075  0.000149  -0.000075  1.000000  -0.000005  -0.000149  0.000005  1.000000  0.999416  0.013164  0.031530  -0.013255  0.999909  0.002672  -0.031492  -0.003089  0.999499  0.000173  0.013378  
192.653100 -0.002144  0.084246  0.000632  0.988352  0.143724  0.050046  -0.146543  0.987494  0.058137  -0.041065  -0.064794  0.997053  -0.015971  -0.033267  -0.008596  -0.007548  -0.057173  0.676614  2.000000  0.999387  0.013544  0.032283  -0.013636  0.999904  0.002634  -0.032244  -0.003072  0.999475  0.999908  0.013547  0.000878  -0.013547  0.999908  -0.000564  -0.000886  0.000552  0.999999  1.000000  0.000075  0.000152  -0.000075  1.000000  -0.000007  -0.000152  0.000007  1.000000  0.999387  0.013544  0.032283  -0.013636  0.999904  0.002634  -0.032244  -0.003072  0.999475  0.000171  0.013587  
192.654107 -0.002163  0.084211  0.000622  0.988231  0.144537  0.050094  -0.147357  0.987376  0.058096  -0.041065  -0.064794  0.997053  -0.016321  -0.033446  -0.008817  -0.015479  -0.057275  0.675222  2.000000  0.999363  0.013846  0.032891  -0.013939  0.999899  0.002591  -0.032851  -0.003048  0.999456  0.999908  0.013547  0.000877  -0.013547  0.999908  -0.000685  -0.000886  0.000673  0.999999  1.000000  0.000075  0.000152  -0.000075  1.000000  -0.000008  -0.000152  0.000008  1.000000  0.999363  0.013846  0.032891  -0.013939  0.999899  0.002591  -0.032851  -0.003048  0.999456  0.000170  0.013593  
192.655359 -0.002186  0.084166  0.000609  0.988109  0.145356  0.050124  -0.148171  0.987263  0.057935  -0.041065  -0.064673  0.997061  -0.016668  -0.033690  -0.009023  -0.023392  -0.052335  0.668549  2.000000  0.999332  0.014223  0.033650  -0.014316  0.999894  0.002526  -0.033611  -0.003006  0.999430  0.999908  0.013547  0.000875  -0.013547  0.999908  -0.000928  -0.000887  0.000916  0.999999  1.000000  0.000075  0.000152  -0.000075  1.000000  -0.000012  -0.000152  0.000012  1.000000  0.999332  0.014223  0.033650  -0.014316  0.999894  0.002526  -0.033611  -0.003006  0.999430  0.000168  0.013607  
192.656601 -0.002209  0.084121  0.000596  0.987987  0.146175  0.050154  -0.148984  0.987150  0.057774  -0.041065  -0.064552  0.997069  -0.016935  -0.033954  -0.009175  -0.031594  -0.052394  0.670479  2.000000  0.999301  0.014598  0.034422  -0.014691  0.999889  0.002446  -0.034383  -0.002950  0.999404  0.999905  0.013744  0.001020  -0.013743  0.999905  -0.001179  -0.001036  0.001165  0.999999  1.000000  0.000075  0.000155  -0.000075  1.000000  -0.000015  -0.000155  0.000015  1.000000  0.999301  0.014598  0.034422  -0.014691  0.999889  0.002446  -0.034383  -0.002950  0.999404  0.000168  0.013832  
192.657855 -0.002232  0.084077  0.000583  0.987863  0.146994  0.050184  -0.149798  0.987037  0.057613  -0.041065  -0.064431  0.997077  -0.017223  -0.034165  -0.009330  -0.035433  -0.042881  0.662347  2.000000  0.999275  0.014900  0.035044  -0.014992  0.999885  0.002371  -0.035005  -0.002894  0.999383  0.999905  0.013744  0.001018  -0.013743  0.999905  -0.001422  -0.001038  0.001407  0.999998  1.000000  0.000075  0.000155  -0.000075  1.000000  -0.000018  -0.000155  0.000018  1.000000  0.999275  0.014900  0.035044  -0.014992  0.999885  0.002371  -0.035005  -0.002894  0.999383  0.000166  0.013855  
192.658858 -0.002250  0.084041  0.000572  0.987765  0.147601  0.050333  -0.150407  0.986954  0.057442  -0.041198  -0.064310  0.997079  -0.017417  -0.034368  -0.009467  -0.039545  -0.047318  0.661907  2.000000  0.999248  0.015206  0.035673  -0.015297  0.999880  0.002287  -0.035634  -0.002831  0.999361  0.999902  0.013950  0.001030  -0.013948  0.999902  -0.001553  -0.001051  0.001539  0.999998  1.000000  0.000076  0.000158  -0.000076  1.000000  -0.000019  -0.000158  0.000019  1.000000  0.999248  0.015206  0.035673  -0.015297  0.999880  0.002287  -0.035634  -0.002831  0.999361  0.000166  0.014073  
192.660103 -0.002271  0.083996  0.000558  0.987641  0.148420  0.050363  -0.151221  0.986839  0.057281  -0.041198  -0.064189  0.997087  -0.017538  -0.034568  -0.009588  -0.047361  -0.042490  0.656915  2.000000  0.999214  0.015589  0.036458  -0.015679  0.999875  0.002177  -0.036420  -0.002746  0.999333  0.999902  0.013950  0.001028  -0.013948  0.999901  -0.001675  -0.001051  0.001660  0.999998  1.000000  0.000076  0.000158  -0.000076  1.000000  -0.000021  -0.000158  0.000021  1.000000  0.999214  0.015589  0.036458  -0.015679  0.999875  0.002177  -0.036420  -0.002746  0.999333  0.000165  0.014087  
192.661354 -0.002291  0.083952  0.000544  0.987516  0.149233  0.050410  -0.152034  0.986716  0.057239  -0.041198  -0.064189  0.997087  -0.017548  -0.034761  -0.009754  -0.047462  -0.042390  0.655381  2.000000  0.999178  0.015977  0.037244  -0.016064  0.999869  0.002052  -0.037206  -0.002649  0.999304  0.999902  0.013958  0.000895  -0.013957  0.999901  -0.001796  -0.000920  0.001783  0.999998  1.000000  0.000077  0.000157  -0.000077  1.000000  -0.000022  -0.000157  0.000022  1.000000  0.999178  0.015977  0.037244  -0.016064  0.999869  0.002052  -0.037206  -0.002649  0.999304  0.000165  0.014101  
192.662600 -0.002311  0.083907  0.000530  0.987422  0.149848  0.050427  -0.152644  0.986631  0.057088  -0.041198  -0.064068  0.997095  -0.017476  -0.034994  -0.009929  -0.055580  -0.046885  0.655192  2.000000  0.999143  0.016362  0.038014  -0.016447  0.999863  0.001924  -0.037977  -0.002547  0.999275  0.999908  0.013548  0.000867  -0.013546  0.999906  -0.001900  -0.000892  0.001888  0.999998  1.000000  0.000075  0.000152  -0.000075  1.000000  -0.000024  -0.000152  0.000024  1.000000  0.999143  0.016362  0.038014  -0.016447  0.999863  0.001924  -0.037977  -0.002547  0.999275  0.000163  0.013707  
192.663853 -0.002331  0.083861  0.000516  0.987328  0.150458  0.050462  -0.153253  0.986538  0.057057  -0.041198  -0.064068  0.997095  -0.017504  -0.035402  -0.010194  -0.059365  -0.046472  0.648213  2.000000  0.999108  0.016742  0.038772  -0.016824  0.999857  0.001793  -0.038736  -0.002443  0.999246  0.999908  0.013548  0.000867  -0.013546  0.999906  -0.001900  -0.000892  0.001888  0.999998  1.000000  0.000075  0.000152  -0.000075  1.000000  -0.000024  -0.000152  0.000024  1.000000  0.999108  0.016742  0.038772  -0.016824  0.999857  0.001793  -0.038736  -0.002443  0.999246  0.000165  0.013707  
192.665100 -0.002352  0.083814  0.000502  0.987196  0.151268  0.050623  -0.154066  0.986422  0.056875  -0.041332  -0.063946  0.997097  -0.017484  -0.035701  -0.010380  -0.063486  -0.055839  0.656007  2.000000  0.999072  0.017112  0.039524  -0.017191  0.999851  0.001660  -0.039489  -0.002338  0.999217  0.999911  0.013334  0.000986  -0.013332  0.999909  -0.001893  -0.001011  0.001880  0.999998  1.000000  0.000073  0.000151  -0.000073  1.000000  -0.000024  -0.000151  0.000024  1.000000  0.999072  0.017112  0.039524  -0.017191  0.999851  0.001660  -0.039489  -0.002338  0.999217  0.000165  0.013503  
192.666101 -0.002368  0.083776  0.000492  0.987132  0.151680  0.050628  -0.154472  0.986367  0.056735  -0.041332  -0.063825  0.997105  -0.017357  -0.035947  -0.010550  -0.071599  -0.055411  0.647672  2.000000  0.999050  0.017333  0.039976  -0.017410  0.999847  0.001580  -0.039943  -0.002275  0.999199  0.999908  0.013540  0.000997  -0.013537  0.999906  -0.002023  -0.001024  0.002009  0.999997  1.000000  0.000074  0.000153  -0.000074  1.000000  -0.000025  -0.000153  0.000025  1.000000  0.999050  0.017333  0.039976  -0.017410  0.999847  0.001580  -0.039943  -0.002275  0.999199  0.000165  0.013725  
192.667350 -0.002388  0.083728  0.000479  0.986999  0.152490  0.050788  -0.155284  0.986250  0.056553  -0.041466  -0.063704  0.997107  -0.017216  -0.036258  -0.010665  -0.079426  -0.059851  0.648925  2.000000  0.999014  0.017698  0.040721  -0.017772  0.999841  0.001442  -0.040689  -0.002164  0.999170  0.999913  0.013129  0.000971  -0.013127  0.999912  -0.002006  -0.000997  0.001993  0.999998  1.000000  0.000071  0.000148  -0.000071  1.000000  -0.000025  -0.000148  0.000025  1.000000  0.999014  0.017698  0.040721  -0.017772  0.999841  0.001442  -0.040689  -0.002164  0.999170  0.000162  0.013316  
192.668600 -0.002408  0.083680  0.000467  0.986903  0.153105  0.050804  -0.155894  0.986162  0.056402  -0.041466  -0.063583  0.997115  -0.017001  -0.036569  -0.010693  -0.083244  -0.054927  0.642476  2.000000  0.998978  0.018046  0.041450  -0.018115  0.999835  0.001301  -0.041419  -0.002051  0.999140  0.999919  0.012710  0.001077  -0.012708  0.999917  -0.001990  -0.001102  0.001976  0.999997  1.000000  0.000068  0.000144  -0.000068  1.000000  -0.000025  -0.000144  0.000025  1.000000  0.998978  0.018046  0.041450  -0.018115  0.999835  0.001301  -0.041419  -0.002051  0.999140  0.000162  0.012909  
192.669854 -0.002428  0.083632  0.000456  0.986839  0.153517  0.050809  -0.156300  0.986106  0.056261  -0.041466  -0.063462  0.997122  -0.016696  -0.036815  -0.010600  -0.091502  -0.054482  0.633892  2.000000  0.998942  0.018382  0.042155  -0.018448  0.999829  0.001157  -0.042126  -0.001934  0.999110  0.999924  0.012300  0.001049  -0.012297  0.999922  -0.002094  -0.001075  0.002081  0.999997  1.000000  0.000065  0.000140  -0.000065  1.000000  -0.000026  -0.000140  0.000026  1.000000  0.998942  0.018382  0.042155  -0.018448  0.999829  0.001157  -0.042126  -0.001934  0.999110  0.000161  0.012520  
