1-Time 2-Px 3-Py 4-Pz 5-R11 6-R21 7-R31 8-R12 9-R22 10-R32 11-R13 12-R23 13-R33 14-Vx 15-Vy 16-Vz 17-Wx 18-Wy 19-Wz 20-state 21-PR11 22-PR21 23-PR31 24-PR12 25-PR22 26-PR32 27-PR13 28-PR23 29-PR33 
91.969255 -0.006129  0.085506  0.006998  0.981023  0.077880  0.177563  -0.090737  0.993721  0.065467  -0.171349  -0.080336  0.981930  0.000415  0.000585  0.000385  0.000000  0.000000  0.000000  2.000000  1.000000  0.000000  0.000000  0.000000  1.000000  0.000000  0.000000  0.000000  1.000000  0.999999  -0.000082  -0.001483  0.000081  1.000000  -0.000450  0.001483  0.000450  0.999999  1.000000  0.000000  0.000000  0.000000  1.000000  0.000000  0.000000  0.000000  1.000000  0.731719  0.639803  -0.235031  -0.651005  0.758165  0.037118  0.201940  0.125846  0.971279  0.000000  0.000000  
91.970260 -0.006129  0.085506  0.006998  0.981046  0.077891  0.177432  -0.090740  0.993720  0.065479  -0.171217  -0.080338  0.981952  0.000400  0.000590  0.000412  0.000000  0.000000  0.000000  2.000000  1.000000  0.000000  0.000000  0.000000  1.000000  0.000000  0.000000  0.000000  1.000000  0.999999  -0.000071  -0.001617  0.000071  1.000000  -0.000329  0.001617  0.000328  0.999999  1.000000  0.000000  0.000000  0.000000  1.000000  0.000000  0.000000  0.000000  1.000000  1.000000  0.000000  0.000000  0.000000  1.000000  0.000000  0.000000  0.000000  1.000000  0.000000  0.000000  
91.971261 -0.006131  0.085504  0.006999  0.980940  0.078246  0.177861  -0.091137  0.993683  0.065490  -0.171613  -0.080452  0.981874  0.000285  0.000390  0.000423  0.000000  0.000000  0.000000  2.000000  1.000000  0.000000  0.000000  0.000000  1.000000  0.000000  0.000000  0.000000  1.000000  0.999999  0.000109  -0.001334  -0.000110  1.000000  -0.000364  0.001333  0.000364  0.999999  1.000000  0.000000  0.000000  0.000000  1.000000  0.000000  0.000000  0.000000  1.000000  1.000000  0.000000  0.000000  0.000000  1.000000  0.000000  0.000000  0.000000  1.000000  0.000000  0.000000  
91.972261 -0.006134  0.085501  0.007000  0.980811  0.078612  0.178411  -0.091532  0.993654  0.065368  -0.172140  -0.080444  0.981782  0.000066  0.000158  0.000478  0.000000  0.000000  0.000000  2.000000  1.000000  0.000000  0.000000  0.000000  1.000000  0.000000  0.000000  0.000000  1.000000  1.000000  0.000661  -0.000617  -0.000661  1.000000  -0.000349  0.000617  0.000349  1.000000  1.000000  0.000000  0.000000  0.000000  1.000000  0.000000  0.000000  0.000000  1.000000  1.000000  0.000000  0.000000  0.000000  1.000000  0.000000  0.000000  0.000000  1.000000  0.000000  0.000000  
91.973511 -0.006136  0.085496  0.007003  0.980616  0.079118  0.179255  -0.092125  0.993596  0.065425  -0.172931  -0.080671  0.981625  -0.000147  -0.000180  0.000620  0.000000  0.000000  0.000000  2.000000  1.000000  0.000000  0.000000  0.000000  1.000000  0.000000  0.000000  0.000000  1.000000  0.999999  0.001213  0.000099  -0.001213  0.999999  -0.000213  -0.000100  0.000213  1.000000  1.000000  0.000000  0.000000  0.000000  1.000000  0.000000  0.000000  0.000000  1.000000  1.000000  0.000000  0.000000  0.000000  1.000000  0.000000  0.000000  0.000000  1.000000  0.000000  0.000000  
91.974512 -0.006139  0.085492  0.007006  0.980509  0.079473  0.179684  -0.092522  0.993558  0.065435  -0.173326  -0.080784  0.981546  -0.000339  -0.000510  0.000822  0.000000  0.000000  0.000000  2.000000  1.000000  0.000000  0.000000  0.000000  1.000000  0.000000  0.000000  0.000000  1.000000  0.999998  0.001551  0.000933  -0.001551  0.999999  -0.000043  -0.000933  0.000041  1.000000  1.000000  0.000000  0.000000  0.000000  1.000000  0.000000  0.000000  0.000000  1.000000  1.000000  0.000000  0.000000  0.000000  1.000000  0.000000  0.000000  0.000000  1.000000  0.000000  0.000000  
91.975763 -0.006142  0.085487  0.007011  0.980401  0.079828  0.180113  -0.092920  0.993521  0.065444  -0.173721  -0.080898  0.981466  -0.000612  -0.000888  0.001140  0.000000  0.000000  0.000000  2.000000  1.000000  0.000000  0.000000  0.000000  1.000000  0.000000  0.000000  0.000000  1.000000  0.999997  0.001911  0.001500  -0.001911  0.999998  0.000006  -0.001500  -0.000009  0.999999  1.000000  0.000000  0.000000  0.000000  1.000000  0.000000  0.000000  0.000000  1.000000  1.000000  0.000000  0.000000  0.000000  1.000000  0.000000  0.000000  0.000000  1.000000  0.000000  0.000000  
91.977011 -0.006147  0.085482  0.007016  0.980340  0.080161  0.180300  -0.093321  0.993465  0.065719  -0.173853  -0.081253  0.981414  -0.000930  -0.001284  0.001466  0.000000  0.000000  0.000000  2.000000  1.000000  0.000000  0.000000  0.000000  1.000000  0.000000  0.000000  0.000000  1.000000  0.999996  0.002304  0.001667  -0.002304  0.999997  0.000177  -0.001666  -0.000181  0.999999  1.000000  0.000000  0.000000  0.000000  1.000000  0.000000  0.000000  0.000000  1.000000  1.000000  0.000000  0.000000  0.000000  1.000000  0.000000  0.000000  0.000000  1.000000  0.000000  0.000000  
91.978017 -0.006150  0.085478  0.007021  0.980297  0.080311  0.180463  -0.093521  0.993433  0.065911  -0.173985  -0.081489  0.981371  -0.001215  -0.001595  0.001748  0.000000  0.000000  0.000000  2.000000  1.000000  0.000000  0.000000  0.000000  1.000000  0.000000  0.000000  0.000000  1.000000  0.999994  0.002686  0.001967  -0.002686  0.999996  0.000347  -0.001966  -0.000353  0.999998  1.000000  0.000000  0.000000  0.000000  1.000000  0.000000  0.000000  0.000000  1.000000  1.000000  0.000000  0.000000  0.000000  1.000000  0.000000  0.000000  0.000000  1.000000  0.000000  0.000000  
91.979263 -0.006153  0.085473  0.007027  0.980193  0.080859  0.180785  -0.094122  0.993370  0.066015  -0.174248  -0.081723  0.981305  -0.001403  -0.001940  0.002176  0.000000  0.000000  0.000000  2.000000  1.000000  0.000000  0.000000  0.000000  1.000000  0.000000  0.000000  0.000000  1.000000  0.999992  0.003269  0.002285  -0.003271  0.999994  0.000724  -0.002283  -0.000732  0.999997  1.000000  0.000000  0.000000  0.000000  1.000000  0.000000  0.000000  0.000000  1.000000  1.000000  0.000000  0.000000  0.000000  1.000000  0.000000  0.000000  0.000000  1.000000  0.000000  0.000000  
91.980566 -0.006154  0.085469  0.007036  0.980022  0.081589  0.181382  -0.094920  0.993291  0.066056  -0.174775  -0.081954  0.981192  -0.001556  -0.002315  0.002677  0.000000  0.000000  0.000000  2.000000  1.000000  0.000000  0.000000  0.000000  1.000000  0.000000  0.000000  0.000000  1.000000  0.999989  0.003830  0.002869  -0.003833  0.999992  0.000857  -0.002866  -0.000868  0.999996  1.000000  0.000000  0.000000  0.000000  1.000000  0.000000  0.000000  0.000000  1.000000  1.000000  0.000000  0.000000  0.000000  1.000000  0.000000  0.000000  0.000000  1.000000  0.000000  0.000000  
91.981761 -0.006156  0.085464  0.007047  0.979824  0.082115  0.182216  -0.095511  0.993239  0.065988  -0.175566  -0.082061  0.981042  -0.001693  -0.002657  0.003358  0.000000  0.000000  0.000000  2.000000  1.000000  0.000000  0.000000  0.000000  1.000000  0.000000  0.000000  0.000000  1.000000  0.999983  0.004572  0.003737  -0.004575  0.999989  0.000832  -0.003733  -0.000849  0.999993  1.000000  0.000000  0.000000  0.000000  1.000000  0.000000  0.000000  0.000000  1.000000  1.000000  0.000000  0.000000  0.000000  1.000000  0.000000  0.000000  0.000000  1.000000  0.000000  0.000000  
91.982761 -0.006157  0.085460  0.007057  0.979627  0.082856  0.182934  -0.096307  0.993168  0.065895  -0.176224  -0.082170  0.980914  -0.001842  -0.003012  0.004104  0.020404  -0.136188  0.173255  2.000000  1.000000  -0.000016  0.000083  0.000016  1.000000  0.000011  -0.000083  -0.000011  1.000000  0.999977  0.005122  0.004454  -0.005125  0.999987  0.000841  -0.004450  -0.000864  0.999990  1.000000  -0.000016  0.000083  0.000016  1.000000  0.000011  -0.000083  -0.000011  1.000000  1.000000  -0.000016  0.000083  0.000016  1.000000  0.000011  -0.000083  -0.000011  1.000000  0.000053  0.006841  
91.984013 -0.006160  0.085454  0.007072  0.979430  0.083620  0.183641  -0.097102  0.993105  0.065679  -0.176883  -0.082160  0.980797  -0.002051  -0.003472  0.005028  0.019595  -0.165301  0.198164  2.000000  1.000000  -0.000119  0.000547  0.000119  1.000000  0.000058  -0.000547  -0.000058  1.000000  0.999968  0.005852  0.005455  -0.005856  0.999983  0.000691  -0.005450  -0.000723  0.999985  1.000000  -0.000022  0.000097  0.000022  1.000000  0.000009  -0.000097  -0.000009  1.000000  1.000000  -0.000119  0.000547  0.000119  1.000000  0.000058  -0.000547  -0.000058  1.000000  0.000063  0.008031  
91.985265 -0.006164  0.085447  0.007087  0.979252  0.084178  0.184334  -0.097695  0.993059  0.065501  -0.177541  -0.082150  0.980679  -0.002322  -0.003946  0.005990  0.015891  -0.189380  0.216646  2.000000  1.000000  -0.000220  0.000972  0.000220  1.000000  0.000088  -0.000972  -0.000088  1.000000  0.999958  0.006594  0.006321  -0.006597  0.999978  0.000541  -0.006318  -0.000582  0.999980  1.000000  -0.000027  0.000111  0.000027  1.000000  0.000007  -0.000111  -0.000007  1.000000  1.000000  -0.000220  0.000972  0.000220  1.000000  0.000088  -0.000972  -0.000088  1.000000  0.000071  0.009152  
91.986508 -0.006170  0.085438  0.007101  0.979097  0.084725  0.184907  -0.098290  0.993003  0.065455  -0.178068  -0.082261  0.980574  -0.002565  -0.004376  0.006790  0.015074  -0.214092  0.241967  2.000000  0.999999  -0.000370  0.001556  0.000370  1.000000  0.000129  -0.001556  -0.000129  0.999999  0.999950  0.007144  0.007039  -0.007148  0.999974  0.000670  -0.007034  -0.000720  0.999975  1.000000  -0.000032  0.000121  0.000032  1.000000  0.000009  -0.000121  -0.000009  1.000000  0.999999  -0.000370  0.001556  0.000370  1.000000  0.000129  -0.001556  -0.000129  0.999999  0.000080  0.010053  
91.987515 -0.006175  0.085429  0.007113  0.978985  0.085101  0.185326  -0.098686  0.992971  0.065339  -0.178463  -0.082255  0.980502  -0.002738  -0.004717  0.007572  0.012610  -0.233094  0.253997  2.000000  0.999998  -0.000502  0.002055  0.000502  1.000000  0.000162  -0.002055  -0.000161  0.999998  0.999944  0.007514  0.007472  -0.007519  0.999972  0.000593  -0.007467  -0.000649  0.999972  1.000000  -0.000034  0.000128  0.000034  1.000000  0.000008  -0.000128  -0.000008  1.000000  0.999998  -0.000502  0.002055  0.000502  1.000000  0.000162  -0.002055  -0.000161  0.999998  0.000085  0.010615  
91.988760 -0.006180  0.085419  0.007127  0.978873  0.085455  0.185755  -0.099082  0.992932  0.065344  -0.178858  -0.082368  0.980421  -0.002909  -0.005111  0.008339  0.018281  -0.247702  0.266490  2.000000  0.999996  -0.000690  0.002721  0.000689  1.000000  0.000203  -0.002721  -0.000201  0.999996  0.999936  0.007862  0.008173  -0.007867  0.999969  0.000637  -0.008168  -0.000701  0.999966  1.000000  -0.000039  0.000136  0.000039  1.000000  0.000008  -0.000136  -0.000008  1.000000  0.999996  -0.000690  0.002721  0.000689  1.000000  0.000203  -0.002721  -0.000201  0.999996  0.000091  0.011360  
91.989762 -0.006184  0.085410  0.007137  0.978716  0.085979  0.186338  -0.099677  0.992867  0.065417  -0.179384  -0.082598  0.980305  -0.002968  -0.005441  0.008793  0.022726  -0.271804  0.284924  2.000000  0.999994  -0.000855  0.003283  0.000854  1.000000  0.000239  -0.003284  -0.000237  0.999995  0.999928  0.008220  0.008741  -0.008227  0.999966  0.000681  -0.008735  -0.000753  0.999962  1.000000  -0.000043  0.000144  0.000043  1.000000  0.000009  -0.000144  -0.000009  1.000000  0.999994  -0.000855  0.003283  0.000854  1.000000  0.000239  -0.003284  -0.000237  0.999995  0.000097  0.012020  
91.991011 -0.006188  0.085397  0.007149  0.978511  0.086481  0.187182  -0.100267  0.992805  0.065462  -0.180174  -0.082824  0.980142  -0.002959  -0.005921  0.009239  0.027128  -0.304982  0.302709  2.000000  0.999991  -0.001091  0.004039  0.001090  0.999999  0.000291  -0.004039  -0.000287  0.999992  0.999914  0.008746  0.009726  -0.008754  0.999961  0.000805  -0.009718  -0.000890  0.999952  1.000000  -0.000051  0.000155  0.000051  1.000000  0.000011  -0.000155  -0.000011  1.000000  0.999991  -0.001091  0.004039  0.001090  0.999999  0.000291  -0.004039  -0.000287  0.999992  0.000106  0.013108  
91.992011 -0.006191  0.085387  0.007157  0.978374  0.086800  0.187752  -0.100660  0.992758  0.065572  -0.180700  -0.083053  0.980025  -0.002958  -0.006329  0.009521  0.032746  -0.324004  0.314668  2.000000  0.999988  -0.001294  0.004670  0.001293  0.999999  0.000340  -0.004670  -0.000334  0.999989  0.999911  0.008934  0.009878  -0.008943  0.999960  0.000884  -0.009870  -0.000972  0.999951  1.000000  -0.000051  0.000158  0.000051  1.000000  0.000012  -0.000158  -0.000012  1.000000  0.999988  -0.001294  0.004670  0.001293  0.999999  0.000340  -0.004670  -0.000334  0.999989  0.000112  0.013352  
91.993261 -0.006194  0.085374  0.007166  0.978167  0.087301  0.188596  -0.101249  0.992695  0.065616  -0.181490  -0.083279  0.979860  -0.002913  -0.006844  0.009641  0.037118  -0.357110  0.332354  2.000000  0.999985  -0.001511  0.005309  0.001509  0.999999  0.000399  -0.005310  -0.000391  0.999986  0.999909  0.008907  0.010148  -0.008920  0.999959  0.001241  -0.010136  -0.001331  0.999948  1.000000  -0.000054  0.000160  0.000054  1.000000  0.000016  -0.000160  -0.000016  1.000000  0.999985  -0.001511  0.005309  0.001509  0.999999  0.000399  -0.005310  -0.000391  0.999986  0.000120  0.013564  
91.994270 -0.006197  0.085363  0.007173  0.978052  0.087608  0.189046  -0.101644  0.992638  0.065859  -0.181885  -0.083629  0.979757  -0.002957  -0.007397  0.009780  0.046838  -0.376124  0.344259  2.000000  0.999981  -0.001730  0.005944  0.001727  0.999998  0.000469  -0.005945  -0.000458  0.999982  0.999911  0.008701  0.010133  -0.008716  0.999961  0.001394  -0.010120  -0.001482  0.999948  1.000000  -0.000055  0.000158  0.000055  1.000000  0.000018  -0.000158  -0.000018  1.000000  0.999981  -0.001730  0.005944  0.001727  0.999998  0.000469  -0.005945  -0.000458  0.999982  0.000127  0.013434  
91.995518 -0.006199  0.085349  0.007181  0.977889  0.087892  0.189757  -0.102034  0.992584  0.066074  -0.182542  -0.083975  0.979605  -0.002982  -0.008028  0.009733  0.060588  -0.404176  0.355510  2.000000  0.999977  -0.001942  0.006575  0.001938  0.999998  0.000545  -0.006576  -0.000532  0.999978  0.999912  0.008708  0.010003  -0.008723  0.999961  0.001510  -0.009989  -0.001597  0.999949  1.000000  -0.000054  0.000157  0.000054  1.000000  0.000019  -0.000157  -0.000019  1.000000  0.999977  -0.001942  0.006575  0.001938  0.999998  0.000545  -0.006576  -0.000532  0.999978  0.000133  0.013353  
91.996765 -0.006203  0.085333  0.007189  0.977795  0.088016  0.190183  -0.102228  0.992553  0.066235  -0.182937  -0.084207  0.979512  -0.003150  -0.008820  0.009481  0.066911  -0.414984  0.358305  2.000000  0.999970  -0.002210  0.007369  0.002205  0.999997  0.000652  -0.007371  -0.000636  0.999973  0.999910  0.008906  0.010023  -0.008923  0.999959  0.001711  -0.010007  -0.001801  0.999948  1.000000  -0.000053  0.000159  0.000053  1.000000  0.000022  -0.000159  -0.000022  1.000000  0.999970  -0.002210  0.007369  0.002205  0.999997  0.000652  -0.007371  -0.000636  0.999973  0.000137  0.013523  
91.998015 -0.006208  0.085315  0.007197  0.977656  0.088311  0.190764  -0.102620  0.992498  0.066463  -0.183463  -0.084555  0.979383  -0.003353  -0.009663  0.009087  0.077131  -0.441862  0.372727  2.000000  0.999964  -0.002492  0.008162  0.002486  0.999997  0.000763  -0.008164  -0.000742  0.999966  0.999908  0.008667  0.010408  -0.008684  0.999961  0.001623  -0.010393  -0.001713  0.999945  1.000000  -0.000058  0.000159  0.000058  1.000000  0.000021  -0.000159  -0.000021  1.000000  0.999964  -0.002492  0.008162  0.002486  0.999997  0.000763  -0.008164  -0.000742  0.999966  0.000145  0.013646  
91.999016 -0.006212  0.085301  0.007204  0.977586  0.088469  0.191049  -0.102816  0.992474  0.066517  -0.183726  -0.084669  0.979324  -0.003477  -0.010388  0.008688  0.079955  -0.455922  0.378371  2.000000  0.999958  -0.002732  0.008797  0.002725  0.999996  0.000851  -0.008799  -0.000827  0.999961  0.999906  0.008641  0.010676  -0.008658  0.999961  0.001619  -0.010662  -0.001712  0.999942  1.000000  -0.000061  0.000160  0.000061  1.000000  0.000021  -0.000160  -0.000021  1.000000  0.999958  -0.002732  0.008797  0.002725  0.999996  0.000851  -0.008799  -0.000827  0.999961  0.000149  0.013836  
92.000263 -0.006218  0.085282  0.007211  0.977445  0.088787  0.191619  -0.103208  0.992426  0.066624  -0.184252  -0.084898  0.979205  -0.003583  -0.010991  0.008288  0.085559  -0.475162  0.390462  2.000000  0.999949  -0.003050  0.009589  0.003041  0.999995  0.000957  -0.009592  -0.000928  0.999954  0.999906  0.008425  0.010794  -0.008442  0.999963  0.001533  -0.010780  -0.001623  0.999941  1.000000  -0.000064  0.000159  0.000064  1.000000  0.000020  -0.000159  -0.000020  1.000000  0.999949  -0.003050  0.009589  0.003041  0.999995  0.000957  -0.009592  -0.000928  0.999954  0.000155  0.013784  
92.001518 -0.006223  0.085263  0.007217  0.977326  0.088946  0.192154  -0.103399  0.992412  0.066530  -0.184778  -0.084890  0.979107  -0.003519  -0.011696  0.007653  0.083737  -0.478452  0.376397  2.000000  0.999942  -0.003318  0.010217  0.003307  0.999994  0.001039  -0.010220  -0.001005  0.999947  0.999909  0.008008  0.010893  -0.008025  0.999967  0.001483  -0.010881  -0.001570  0.999940  1.000000  -0.000068  0.000155  0.000068  1.000000  0.000019  -0.000155  -0.000019  1.000000  0.999942  -0.003318  0.010217  0.003307  0.999994  0.001039  -0.010220  -0.001005  0.999947  0.000155  0.013606  
92.002763 -0.006229  0.085244  0.007224  0.977209  0.089297  0.192583  -0.103794  0.992371  0.066529  -0.185173  -0.085002  0.979023  -0.003502  -0.012203  0.007198  0.084737  -0.464551  0.370702  2.000000  0.999933  -0.003655  0.010964  0.003643  0.999993  0.001140  -0.010969  -0.001100  0.999939  0.999916  0.007636  0.010460  -0.007653  0.999970  0.001554  -0.010448  -0.001634  0.999944  1.000000  -0.000065  0.000148  0.000065  1.000000  0.000020  -0.000148  -0.000020  1.000000  0.999933  -0.003655  0.010964  0.003643  0.999993  0.001140  -0.010969  -0.001100  0.999939  0.000152  0.013049  
92.004013 -0.006234  0.085225  0.007229  0.977092  0.089672  0.193001  -0.104188  0.992338  0.066408  -0.185567  -0.084996  0.978949  -0.003533  -0.012831  0.006552  0.077580  -0.450577  0.364956  2.000000  0.999924  -0.003983  0.011671  0.003969  0.999991  0.001243  -0.011675  -0.001197  0.999931  0.999927  0.006862  0.009991  -0.006878  0.999975  0.001582  -0.009980  -0.001651  0.999949  1.000000  -0.000065  0.000137  0.000065  1.000000  0.000020  -0.000137  -0.000020  1.000000  0.999924  -0.003983  0.011671  0.003969  0.999991  0.001243  -0.011675  -0.001197  0.999931  0.000147  0.012228  
92.005262 -0.006240  0.085206  0.007233  0.977022  0.089830  0.193286  -0.104384  0.992314  0.066461  -0.185830  -0.085110  0.978889  -0.003630  -0.013285  0.005984  0.077448  -0.446152  0.365267  2.000000  0.999915  -0.004301  0.012333  0.004285  0.999990  0.001349  -0.012339  -0.001296  0.999923  0.999936  0.006301  0.009406  -0.006318  0.999979  0.001695  -0.009395  -0.001754  0.999954  1.000000  -0.000062  0.000127  0.000062  1.000000  0.000022  -0.000127  -0.000022  1.000000  0.999915  -0.004301  0.012333  0.004285  0.999990  0.001349  -0.012339  -0.001296  0.999923  0.000146  0.011453  
92.006510 -0.006246  0.085188  0.007236  0.976997  0.089819  0.193416  -0.104381  0.992315  0.066447  -0.185962  -0.085108  0.978864  -0.003731  -0.013590  0.005550  0.071179  -0.441621  0.348933  2.000000  0.999906  -0.004605  0.012944  0.004587  0.999988  0.001471  -0.012951  -0.001411  0.999915  0.999945  0.005740  0.008822  -0.005758  0.999982  0.001930  -0.008811  -0.001981  0.999959  1.000000  -0.000060  0.000117  0.000060  1.000000  0.000024  -0.000117  -0.000024  1.000000  0.999906  -0.004605  0.012944  0.004587  0.999988  0.001471  -0.012951  -0.001411  0.999915  0.000143  0.010705  
92.007511 -0.006250  0.085174  0.007239  0.976975  0.089999  0.193441  -0.104583  0.992289  0.066528  -0.185962  -0.085227  0.978854  -0.003859  -0.013864  0.005200  0.068319  -0.436509  0.342373  2.000000  0.999898  -0.004838  0.013407  0.004817  0.999987  0.001569  -0.013414  -0.001505  0.999909  0.999948  0.005560  0.008539  -0.005577  0.999983  0.001968  -0.008527  -0.002016  0.999962  1.000000  -0.000058  0.000114  0.000058  1.000000  0.000025  -0.000114  -0.000025  1.000000  0.999898  -0.004838  0.013407  0.004817  0.999987  0.001569  -0.013414  -0.001505  0.999909  0.000141  0.010382  
92.008511 -0.006255  0.085160  0.007240  0.976975  0.089976  0.193452  -0.104583  0.992280  0.066648  -0.185962  -0.085345  0.978843  -0.004004  -0.014116  0.004815  0.065480  -0.431516  0.335911  2.000000  0.999891  -0.005060  0.013845  0.005038  0.999986  0.001678  -0.013854  -0.001608  0.999903  0.999954  0.005190  0.008105  -0.005208  0.999984  0.002166  -0.008093  -0.002208  0.999965  1.000000  -0.000055  0.000107  0.000055  1.000000  0.000027  -0.000107  -0.000027  1.000000  0.999891  -0.005060  0.013845  0.005038  0.999986  0.001678  -0.013854  -0.001608  0.999903  0.000139  0.009870  
92.009759 -0.006261  0.085142  0.007241  0.976954  0.090157  0.193476  -0.104784  0.992254  0.066729  -0.185962  -0.085464  0.978833  -0.004291  -0.014425  0.004327  0.063855  -0.421509  0.323105  2.000000  0.999884  -0.005272  0.014259  0.005247  0.999985  0.001789  -0.014268  -0.001714  0.999897  0.999958  0.005022  0.007688  -0.005039  0.999985  0.002204  -0.007677  -0.002243  0.999968  1.000000  -0.000052  0.000102  0.000052  1.000000  0.000028  -0.000102  -0.000028  1.000000  0.999884  -0.005272  0.014259  0.005247  0.999985  0.001789  -0.014268  -0.001714  0.999897  0.000133  0.009448  
92.010764 -0.006268  0.085126  0.007241  0.976954  0.090133  0.193487  -0.104784  0.992246  0.066849  -0.185962  -0.085583  0.978823  -0.004536  -0.014625  0.003878  0.065230  -0.400623  0.300690  2.000000  0.999878  -0.005470  0.014652  0.005443  0.999983  0.001901  -0.014662  -0.001821  0.999891  0.999964  0.004663  0.007121  -0.004679  0.999987  0.002159  -0.007110  -0.002193  0.999972  1.000000  -0.000048  0.000095  0.000048  1.000000  0.000027  -0.000095  -0.000027  1.000000  0.999878  -0.005470  0.014652  0.005443  0.999983  0.001901  -0.014662  -0.001821  0.999891  0.000128  0.008785  
92.012017 -0.006278  0.085104  0.007239  0.976907  0.090303  0.193642  -0.104982  0.992220  0.066916  -0.186093  -0.085699  0.978788  -0.004950  -0.015010  0.003215  0.072848  -0.376141  0.281948  2.000000  0.999870  -0.005691  0.015103  0.005661  0.999982  0.002040  -0.015114  -0.001955  0.999884  0.999970  0.004317  0.006420  -0.004330  0.999988  0.002114  -0.006410  -0.002141  0.999977  1.000000  -0.000042  0.000087  0.000042  1.000000  0.000027  -0.000087  -0.000027  1.000000  0.999870  -0.005691  0.015103  0.005661  0.999982  0.002040  -0.015114  -0.001955  0.999884  0.000121  0.008023  
92.013017 -0.006287  0.085086  0.007236  0.976861  0.090472  0.193797  -0.105181  0.992195  0.066982  -0.186225  -0.085816  0.978752  -0.005300  -0.015327  0.002487  0.076496  -0.356552  0.263109  2.000000  0.999864  -0.005851  0.015433  0.005819  0.999981  0.002147  -0.015446  -0.002057  0.999879  0.999974  0.004160  0.005869  -0.004172  0.999989  0.002030  -0.005861  -0.002055  0.999981  1.000000  -0.000037  0.000082  0.000037  1.000000  0.000026  -0.000082  -0.000026  1.000000  0.999864  -0.005851  0.015433  0.005819  0.999981  0.002147  -0.015446  -0.002057  0.999879  0.000114  0.007479  
92.014264 -0.006298  0.085062  0.007231  0.976839  0.090653  0.193822  -0.105382  0.992168  0.067062  -0.186225  -0.085935  0.978742  -0.005655  -0.015661  0.001704  0.084266  -0.332493  0.244707  2.000000  0.999857  -0.006022  0.015802  0.005987  0.999980  0.002269  -0.015815  -0.002174  0.999873  0.999981  0.003625  0.005017  -0.003634  0.999992  0.001781  -0.005011  -0.001799  0.999986  1.000000  -0.000032  0.000071  0.000032  1.000000  0.000022  -0.000071  -0.000022  1.000000  0.999857  -0.006022  0.015802  0.005987  0.999980  0.002269  -0.015815  -0.002174  0.999873  0.000107  0.006443  
92.015513 -0.006308  0.085039  0.007226  0.976839  0.090653  0.193822  -0.105382  0.992168  0.067062  -0.186225  -0.085935  0.978742  -0.005986  -0.015940  0.000831  0.085982  -0.310765  0.230712  2.000000  0.999857  -0.006022  0.015802  0.005987  0.999980  0.002269  -0.015815  -0.002174  0.999873  0.999985  0.003279  0.004316  -0.003286  0.999993  0.001615  -0.004311  -0.001629  0.999989  1.000000  0.000000  0.000000  0.000000  1.000000  0.000000  0.000000  0.000000  1.000000  0.999857  -0.006022  0.015802  0.005987  0.999980  0.002269  -0.015815  -0.002174  0.999873  0.000101  0.000000  
92.016766 -0.006319  0.085017  0.007221  0.976818  0.090834  0.193847  -0.105583  0.992141  0.067143  -0.186225  -0.086053  0.978731  -0.006320  -0.016178  0.000051  0.089157  -0.294314  0.220581  2.000000  0.999857  -0.006022  0.015802  0.005987  0.999980  0.002269  -0.015815  -0.002174  0.999873  0.999988  0.003123  0.003766  -0.003128  0.999994  0.001410  -0.003761  -0.001422  0.999992  1.000000  0.000000  0.000000  0.000000  1.000000  0.000000  0.000000  0.000000  1.000000  0.999857  -0.006022  0.015802  0.005987  0.999980  0.002269  -0.015815  -0.002174  0.999873  0.000095  0.000000  
92.018010 -0.006329  0.084995  0.007215  0.976845  0.091061  0.193600  -0.105789  0.992120  0.067131  -0.185962  -0.086058  0.978781  -0.006613  -0.016326  -0.000628  0.085613  -0.269101  0.213928  2.000000  0.999857  -0.006022  0.015802  0.005987  0.999980  0.002269  -0.015815  -0.002174  0.999873  0.999990  0.003170  0.003232  -0.003173  0.999994  0.001047  -0.003229  -0.001057  0.999994  1.000000  0.000000  0.000000  0.000000  1.000000  0.000000  0.000000  0.000000  1.000000  0.999857  -0.006022  0.015802  0.005987  0.999980  0.002269  -0.015815  -0.002174  0.999873  0.000090  0.000000  
92.019014 -0.006337  0.084979  0.007211  0.976870  0.091049  0.193481  -0.105792  0.992111  0.067266  -0.185830  -0.086179  0.978795  -0.006878  -0.016434  -0.001230  0.090050  -0.247166  0.197223  2.000000  0.999857  -0.006022  0.015802  0.005987  0.999980  0.002269  -0.015815  -0.002174  0.999873  0.999993  0.002824  0.002531  -0.002827  0.999996  0.001003  -0.002528  -0.001010  0.999996  1.000000  0.000000  0.000000  0.000000  1.000000  0.000000  0.000000  0.000000  1.000000  0.999857  -0.006022  0.015802  0.005987  0.999980  0.002269  -0.015815  -0.002174  0.999873  0.000085  0.000000  
92.020262 -0.006346  0.084959  0.007207  0.976873  0.091264  0.193365  -0.105996  0.992091  0.067240  -0.185699  -0.086181  0.978820  -0.007075  -0.016509  -0.001706  0.084360  -0.214673  0.186340  2.000000  0.999857  -0.006022  0.015802  0.005987  0.999980  0.002269  -0.015815  -0.002174  0.999873  0.999994  0.002883  0.001865  -0.002884  0.999995  0.000882  -0.001862  -0.000887  0.999998  1.000000  0.000000  0.000000  0.000000  1.000000  0.000000  0.000000  0.000000  1.000000  0.999857  -0.006022  0.015802  0.005987  0.999980  0.002269  -0.015815  -0.002174  0.999873  0.000077  0.000000  
92.021510 -0.006356  0.084939  0.007204  0.976876  0.091480  0.193248  -0.106200  0.992071  0.067214  -0.185567  -0.086183  0.978845  -0.007327  -0.016575  -0.002167  0.076792  -0.190126  0.179966  2.000000  0.999857  -0.006022  0.015802  0.005987  0.999980  0.002269  -0.015815  -0.002174  0.999873  0.999996  0.002740  0.001181  -0.002741  0.999996  0.000799  -0.001178  -0.000802  0.999999  1.000000  0.000000  0.000000  0.000000  1.000000  0.000000  0.000000  0.000000  1.000000  0.999857  -0.006022  0.015802  0.005987  0.999980  0.002269  -0.015815  -0.002174  0.999873  0.000069  0.000000  
92.022510 -0.006363  0.084924  0.007202  0.976854  0.091684  0.193262  -0.106401  0.992052  0.067174  -0.185567  -0.086183  0.978845  -0.007498  -0.016671  -0.002457  0.069956  -0.167485  0.175274  2.000000  0.999857  -0.006022  0.015802  0.005987  0.999980  0.002269  -0.015815  -0.002174  0.999873  0.999996  0.002775  0.000781  -0.002775  0.999996  0.000678  -0.000779  -0.000680  0.999999  1.000000  0.000000  0.000000  0.000000  1.000000  0.000000  0.000000  0.000000  1.000000  0.999857  -0.006022  0.015802  0.005987  0.999980  0.002269  -0.015815  -0.002174  0.999873  0.000064  0.000000  
92.023511 -0.006370  0.084909  0.007200  0.976857  0.091900  0.193146  -0.106604  0.992032  0.067149  -0.185436  -0.086185  0.978870  -0.007663  -0.016756  -0.002661  0.063034  -0.144571  0.170306  2.000000  0.999857  -0.006022  0.015802  0.005987  0.999980  0.002269  -0.015815  -0.002174  0.999873  0.999997  0.002620  0.000230  -0.002620  0.999996  0.000716  -0.000228  -0.000717  1.000000  1.000000  0.000000  0.000000  0.000000  1.000000  0.000000  0.000000  0.000000  1.000000  0.999857  -0.006022  0.015802  0.005987  0.999980  0.002269  -0.015815  -0.002174  0.999873  0.000059  0.000000  
92.024511 -0.006377  0.084893  0.007199  0.976835  0.092104  0.193160  -0.106806  0.992013  0.067109  -0.185436  -0.086185  0.978870  -0.007842  -0.016887  -0.002849  0.000000  0.000000  0.000000  2.000000  0.999857  -0.006022  0.015802  0.005987  0.999980  0.002269  -0.015815  -0.002174  0.999873  0.999997  0.002643  -0.000037  -0.002643  0.999996  0.000716  0.000038  -0.000716  1.000000  1.000000  0.000000  0.000000  0.000000  1.000000  0.000000  0.000000  0.000000  1.000000  0.999857  -0.006022  0.015802  0.005987  0.999980  0.002269  -0.015815  -0.002174  0.999873  0.000000  0.000000  
92.025511 -0.006385  0.084877  0.007199  0.976837  0.092343  0.193032  -0.107009  0.992000  0.066963  -0.185304  -0.086068  0.978905  -0.007964  -0.016926  -0.002830  0.000000  0.000000  0.000000  2.000000  0.999857  -0.006022  0.015802  0.005987  0.999980  0.002269  -0.015815  -0.002174  0.999873  0.999996  0.002655  -0.000170  -0.002655  0.999996  0.000595  0.000171  -0.000595  1.000000  1.000000  0.000000  0.000000  0.000000  1.000000  0.000000  0.000000  0.000000  1.000000  0.999857  -0.006022  0.015802  0.005987  0.999980  0.002269  -0.015815  -0.002174  0.999873  0.000000  0.000000  
92.026515 -0.006394  0.084861  0.007199  0.976837  0.092343  0.193032  -0.107009  0.992000  0.066963  -0.185304  -0.086068  0.978905  -0.008022  -0.016877  -0.002772  0.000000  0.000000  0.000000  2.000000  0.999857  -0.006022  0.015802  0.005987  0.999980  0.002269  -0.015815  -0.002174  0.999873  0.999996  0.002678  -0.000437  -0.002678  0.999996  0.000474  0.000438  -0.000473  1.000000  1.000000  0.000000  0.000000  0.000000  1.000000  0.000000  0.000000  0.000000  1.000000  0.999857  -0.006022  0.015802  0.005987  0.999980  0.002269  -0.015815  -0.002174  0.999873  0.000000  0.000000  
92.027767 -0.006404  0.084840  0.007199  0.976840  0.092559  0.192916  -0.107213  0.991980  0.066938  -0.185173  -0.086071  0.978929  -0.007999  -0.016658  -0.002507  0.000000  0.000000  0.000000  2.000000  0.999857  -0.006022  0.015802  0.005987  0.999980  0.002269  -0.015815  -0.002174  0.999873  0.999996  0.002690  -0.000570  -0.002690  0.999996  0.000353  0.000571  -0.000352  1.000000  1.000000  0.000000  0.000000  0.000000  1.000000  0.000000  0.000000  0.000000  1.000000  0.999857  -0.006022  0.015802  0.005987  0.999980  0.002269  -0.015815  -0.002174  0.999873  0.000000  0.000000  
92.029012 -0.006415  0.084819  0.007199  0.976843  0.092775  0.192799  -0.107417  0.991960  0.066912  -0.185041  -0.086073  0.978954  -0.007951  -0.016470  -0.002140  0.000000  0.000000  0.000000  2.000000  0.999857  -0.006022  0.015802  0.005987  0.999980  0.002269  -0.015815  -0.002174  0.999873  0.999996  0.002903  -0.000686  -0.002903  0.999996  0.000073  0.000686  -0.000071  1.000000  1.000000  0.000000  0.000000  0.000000  1.000000  0.000000  0.000000  0.000000  1.000000  0.999857  -0.006022  0.015802  0.005987  0.999980  0.002269  -0.015815  -0.002174  0.999873  0.000000  0.000000  
92.030016 -0.006422  0.084803  0.007199  0.976843  0.092775  0.192799  -0.107417  0.991960  0.066912  -0.185041  -0.086073  0.978954  -0.007876  -0.016356  -0.001850  0.000000  0.000000  0.000000  2.000000  0.999857  -0.006022  0.015802  0.005987  0.999980  0.002269  -0.015815  -0.002174  0.999873  0.999996  0.002702  -0.000703  -0.002702  0.999996  -0.000010  0.000703  0.000012  1.000000  1.000000  0.000000  0.000000  0.000000  1.000000  0.000000  0.000000  0.000000  1.000000  0.999857  -0.006022  0.015802  0.005987  0.999980  0.002269  -0.015815  -0.002174  0.999873  0.000000  0.000000  
92.031265 -0.006431  0.084782  0.007200  0.976820  0.092979  0.192813  -0.107618  0.991941  0.066873  -0.185041  -0.086073  0.978954  -0.007766  -0.016238  -0.001442  0.000000  0.000000  0.000000  2.000000  0.999857  -0.006022  0.015802  0.005987  0.999980  0.002269  -0.015815  -0.002174  0.999873  0.999996  0.002702  -0.000703  -0.002702  0.999996  -0.000132  0.000703  0.000134  1.000000  1.000000  0.000000  0.000000  0.000000  1.000000  0.000000  0.000000  0.000000  1.000000  0.999857  -0.006022  0.015802  0.005987  0.999980  0.002269  -0.015815  -0.002174  0.999873  0.000000  0.000000  
92.032515 -0.006439  0.084761  0.007202  0.976774  0.093148  0.192968  -0.107816  0.991915  0.066939  -0.185173  -0.086189  0.978919  -0.007598  -0.016171  -0.001006  0.000000  0.000000  0.000000  2.000000  0.999857  -0.006022  0.015802  0.005987  0.999980  0.002269  -0.015815  -0.002174  0.999873  0.999996  0.002903  -0.000686  -0.002903  0.999996  -0.000170  0.000685  0.000172  1.000000  1.000000  0.000000  0.000000  0.000000  1.000000  0.000000  0.000000  0.000000  1.000000  0.999857  -0.006022  0.015802  0.005987  0.999980  0.002269  -0.015815  -0.002174  0.999873  0.000000  0.000000  
92.033518 -0.006444  0.084745  0.007203  0.976751  0.093352  0.192982  -0.108018  0.991896  0.066899  -0.185173  -0.086189  0.978919  -0.007424  -0.016103  -0.000698  0.000000  0.000000  0.000000  2.000000  0.999857  -0.006022  0.015802  0.005987  0.999980  0.002269  -0.015815  -0.002174  0.999873  0.999996  0.002713  -0.000836  -0.002713  0.999996  -0.000132  0.000836  0.000134  1.000000  1.000000  0.000000  0.000000  0.000000  1.000000  0.000000  0.000000  0.000000  1.000000  0.999857  -0.006022  0.015802  0.005987  0.999980  0.002269  -0.015815  -0.002174  0.999873  0.000000  0.000000  
92.034523 -0.006449  0.084730  0.007205  0.976727  0.093341  0.193112  -0.108015  0.991897  0.066885  -0.185304  -0.086187  0.978894  -0.007182  -0.016048  -0.000273  0.000000  0.000000  0.000000  2.000000  0.999857  -0.006022  0.015802  0.005987  0.999980  0.002269  -0.015815  -0.002174  0.999873  0.999996  0.002702  -0.000703  -0.002702  0.999996  -0.000254  0.000702  0.000256  1.000000  1.000000  0.000000  0.000000  0.000000  1.000000  0.000000  0.000000  0.000000  1.000000  0.999857  -0.006022  0.015802  0.005987  0.999980  0.002269  -0.015815  -0.002174  0.999873  0.000000  0.000000  
92.035757 -0.006454  0.084711  0.007207  0.976704  0.093522  0.193137  -0.108216  0.991869  0.066965  -0.185304  -0.086306  0.978884  -0.006914  -0.016015  0.000129  0.000000  0.000000  0.000000  2.000000  0.999857  -0.006022  0.015802  0.005987  0.999980  0.002269  -0.015815  -0.002174  0.999873  0.999996  0.002903  -0.000685  -0.002903  0.999996  -0.000171  0.000685  0.000173  1.000000  1.000000  0.000000  0.000000  0.000000  1.000000  0.000000  0.000000  0.000000  1.000000  0.999857  -0.006022  0.015802  0.005987  0.999980  0.002269  -0.015815  -0.002174  0.999873  0.000000  0.000000  
92.036761 -0.006458  0.084695  0.007210  0.976704  0.093522  0.193137  -0.108216  0.991869  0.066965  -0.185304  -0.086306  0.978884  -0.006677  -0.016077  0.000469  0.000000  0.000000  0.000000  2.000000  0.999857  -0.006022  0.015802  0.005987  0.999980  0.002269  -0.015815  -0.002174  0.999873  0.999996  0.002702  -0.000703  -0.002702  0.999996  -0.000254  0.000702  0.000256  1.000000  1.000000  0.000000  0.000000  0.000000  1.000000  0.000000  0.000000  0.000000  1.000000  0.999857  -0.006022  0.015802  0.005987  0.999980  0.002269  -0.015815  -0.002174  0.999873  0.000000  0.000000  
92.037762 -0.006462  0.084679  0.007213  0.976704  0.093522  0.193137  -0.108216  0.991869  0.066965  -0.185304  -0.086306  0.978884  -0.006455  -0.016068  0.000846  0.000000  0.000000  0.000000  2.000000  0.999857  -0.006022  0.015802  0.005987  0.999980  0.002269  -0.015815  -0.002174  0.999873  0.999997  0.002488  -0.000587  -0.002489  0.999997  -0.000215  0.000587  0.000217  1.000000  1.000000  0.000000  0.000000  0.000000  1.000000  0.000000  0.000000  0.000000  1.000000  0.999857  -0.006022  0.015802  0.005987  0.999980  0.002269  -0.015815  -0.002174  0.999873  0.000000  0.000000  
92.039011 -0.006467  0.084659  0.007218  0.976658  0.093715  0.193281  -0.108414  0.991851  0.066911  -0.185436  -0.086304  0.978859  -0.006208  -0.016137  0.001233  0.000000  0.000000  0.000000  2.000000  0.999857  -0.006022  0.015802  0.005987  0.999980  0.002269  -0.015815  -0.002174  0.999873  0.999996  0.002655  -0.000170  -0.002655  0.999996  -0.000375  0.000169  0.000376  1.000000  1.000000  0.000000  0.000000  0.000000  1.000000  0.000000  0.000000  0.000000  1.000000  0.999857  -0.006022  0.015802  0.005987  0.999980  0.002269  -0.015815  -0.002174  0.999873  0.000000  0.000000  
92.040261 -0.006471  0.084639  0.007224  0.976635  0.093919  0.193295  -0.108615  0.991832  0.066871  -0.185436  -0.086304  0.978859  -0.005874  -0.016129  0.001696  0.000000  0.000000  0.000000  2.000000  0.999857  -0.006022  0.015802  0.005987  0.999980  0.002269  -0.015815  -0.002174  0.999873  0.999997  0.002442  -0.000054  -0.002442  0.999997  -0.000337  0.000053  0.000337  1.000000  1.000000  0.000000  0.000000  0.000000  1.000000  0.000000  0.000000  0.000000  1.000000  0.999857  -0.006022  0.015802  0.005987  0.999980  0.002269  -0.015815  -0.002174  0.999873  0.000000  0.000000  
92.041511 -0.006476  0.084618  0.007232  0.976586  0.093896  0.193555  -0.108610  0.991835  0.066842  -0.185699  -0.086299  0.978810  -0.005468  -0.016147  0.002208  0.000000  0.000000  0.000000  2.000000  0.999857  -0.006022  0.015802  0.005987  0.999980  0.002269  -0.015815  -0.002174  0.999873  0.999997  0.002418  0.000213  -0.002418  0.999997  -0.000337  -0.000213  0.000337  1.000000  1.000000  0.000000  0.000000  0.000000  1.000000  0.000000  0.000000  0.000000  1.000000  0.999857  -0.006022  0.015802  0.005987  0.999980  0.002269  -0.015815  -0.002174  0.999873  0.000000  0.000000  
92.042515 -0.006479  0.084602  0.007239  0.976539  0.094112  0.193688  -0.108808  0.991825  0.066668  -0.185830  -0.086179  0.978795  -0.005066  -0.016116  0.002721  0.000000  0.000000  0.000000  2.000000  0.999857  -0.006022  0.015802  0.005987  0.999980  0.002269  -0.015815  -0.002174  0.999873  0.999998  0.002205  0.000328  -0.002205  0.999998  -0.000299  -0.000329  0.000299  1.000000  1.000000  0.000000  0.000000  0.000000  1.000000  0.000000  0.000000  0.000000  1.000000  0.999857  -0.006022  0.015802  0.005987  0.999980  0.002269  -0.015815  -0.002174  0.999873  0.000000  0.000000  
92.043764 -0.006484  0.084582  0.007248  0.976514  0.094101  0.193818  -0.108805  0.991826  0.066653  -0.185962  -0.086176  0.978771  -0.004722  -0.016144  0.003242  0.000000  0.000000  0.000000  2.000000  0.999857  -0.006022  0.015802  0.005987  0.999980  0.002269  -0.015815  -0.002174  0.999873  0.999997  0.002182  0.000595  -0.002181  0.999998  -0.000421  -0.000595  0.000420  1.000000  1.000000  0.000000  0.000000  0.000000  1.000000  0.000000  0.000000  0.000000  1.000000  0.999857  -0.006022  0.015802  0.005987  0.999980  0.002269  -0.015815  -0.002174  0.999873  0.000000  0.000000  
