1-Time 2-Px 3-Py 4-Pz 5-R11 6-R21 7-R31 8-R12 9-R22 10-R32 11-R13 12-R23 13-R33 14-Vx 15-Vy 16-Vz 17-Wx 18-Wy 19-Wz 20-state 21-PR11 22-PR21 23-PR31 24-PR12 25-PR22 26-PR32 27-PR13 28-PR23 29-PR33 
41.358520 -0.006286  0.083959  0.001768  0.988856  0.104582  0.105957  -0.113067  0.990560  0.077500  -0.096852  -0.088617  0.991346  0.000109  0.000008  -0.000040  0.000000  0.000000  0.000000  2.000000  1.000000  0.000000  0.000000  0.000000  1.000000  0.000000  0.000000  0.000000  1.000000  0.999999  -0.001009  -0.000225  0.001009  0.999999  0.000100  0.000224  -0.000100  1.000000  1.000000  0.000000  0.000000  0.000000  1.000000  0.000000  0.000000  0.000000  1.000000  0.683409  0.665067  -0.301061  -0.674165  0.733167  0.089265  0.280095  0.141960  0.949418  0.000000  0.000000  
41.359524 -0.006286  0.083959  0.001768  0.988856  0.104582  0.105957  -0.113067  0.990560  0.077500  -0.096852  -0.088617  0.991346  0.000109  0.000008  -0.000040  0.000000  0.000000  0.000000  2.000000  1.000000  0.000000  0.000000  0.000000  1.000000  0.000000  0.000000  0.000000  1.000000  0.999999  -0.001009  -0.000225  0.001009  0.999999  0.000100  0.000224  -0.000100  1.000000  1.000000  0.000000  0.000000  0.000000  1.000000  0.000000  0.000000  0.000000  1.000000  1.000000  0.000000  0.000000  0.000000  1.000000  0.000000  0.000000  0.000000  1.000000  0.000000  0.000000  
41.360524 -0.006289  0.083956  0.001767  0.988796  0.104966  0.106134  -0.113473  0.990509  0.077561  -0.096985  -0.088736  0.991322  -0.000044  -0.000225  -0.000137  0.000000  0.000000  0.000000  2.000000  1.000000  0.000000  0.000000  0.000000  1.000000  0.000000  0.000000  0.000000  1.000000  1.000000  -0.000612  -0.000055  0.000612  1.000000  0.000181  0.000055  -0.000181  1.000000  1.000000  0.000000  0.000000  0.000000  1.000000  0.000000  0.000000  0.000000  1.000000  1.000000  0.000000  0.000000  0.000000  1.000000  0.000000  0.000000  0.000000  1.000000  0.000000  0.000000  
41.361529 -0.006292  0.083951  0.001765  0.988687  0.105529  0.106590  -0.114079  0.990439  0.077570  -0.097385  -0.088853  0.991273  -0.000267  -0.000520  -0.000229  0.000000  0.000000  0.000000  2.000000  1.000000  0.000000  0.000000  0.000000  1.000000  0.000000  0.000000  0.000000  1.000000  1.000000  -0.000024  0.000267  0.000024  1.000000  0.000243  -0.000267  -0.000243  1.000000  1.000000  0.000000  0.000000  0.000000  1.000000  0.000000  0.000000  0.000000  1.000000  1.000000  0.000000  0.000000  0.000000  1.000000  0.000000  0.000000  0.000000  1.000000  0.000000  0.000000  
41.362537 -0.006295  0.083946  0.001765  0.988578  0.106079  0.107059  -0.114685  0.990359  0.077699  -0.097784  -0.089089  0.991212  -0.000445  -0.000860  -0.000269  0.000000  0.000000  0.000000  2.000000  1.000000  0.000000  0.000000  0.000000  1.000000  0.000000  0.000000  0.000000  1.000000  1.000000  0.000552  0.000721  -0.000553  1.000000  0.000304  -0.000721  -0.000304  1.000000  1.000000  0.000000  0.000000  0.000000  1.000000  0.000000  0.000000  0.000000  1.000000  1.000000  0.000000  0.000000  0.000000  1.000000  0.000000  0.000000  0.000000  1.000000  0.000000  0.000000  
41.363780 -0.006298  0.083940  0.001765  0.988491  0.106425  0.107512  -0.115087  0.990300  0.077849  -0.098184  -0.089326  0.991151  -0.000685  -0.001310  -0.000283  0.000000  0.000000  0.000000  2.000000  1.000000  0.000000  0.000000  0.000000  1.000000  0.000000  0.000000  0.000000  1.000000  0.999999  0.001128  0.001176  -0.001129  0.999999  0.000607  -0.001176  -0.000608  0.999999  1.000000  0.000000  0.000000  0.000000  1.000000  0.000000  0.000000  0.000000  1.000000  1.000000  0.000000  0.000000  0.000000  1.000000  0.000000  0.000000  0.000000  1.000000  0.000000  0.000000  
41.364783 -0.006302  0.083934  0.001765  0.988418  0.106783  0.107833  -0.115491  0.990240  0.078014  -0.098450  -0.089565  0.991103  -0.000943  -0.001731  -0.000279  0.000000  0.000000  0.000000  2.000000  1.000000  0.000000  0.000000  0.000000  1.000000  0.000000  0.000000  0.000000  1.000000  0.999998  0.001308  0.001462  -0.001309  0.999999  0.000829  -0.001460  -0.000831  0.999999  1.000000  0.000000  0.000000  0.000000  1.000000  0.000000  0.000000  0.000000  1.000000  1.000000  0.000000  0.000000  0.000000  1.000000  0.000000  0.000000  0.000000  1.000000  0.000000  0.000000  
41.366032 -0.006306  0.083927  0.001766  0.988370  0.107152  0.107904  -0.115898  0.990168  0.078330  -0.098450  -0.089925  0.991071  -0.001270  -0.002182  -0.000193  0.000000  0.000000  0.000000  2.000000  1.000000  0.000000  0.000000  0.000000  1.000000  0.000000  0.000000  0.000000  1.000000  0.999997  0.001908  0.001651  -0.001910  0.999998  0.001132  -0.001649  -0.001135  0.999998  1.000000  0.000000  0.000000  0.000000  1.000000  0.000000  0.000000  0.000000  1.000000  1.000000  0.000000  0.000000  0.000000  1.000000  0.000000  0.000000  0.000000  1.000000  0.000000  0.000000  
41.367277 -0.006311  0.083921  0.001767  0.988274  0.107928  0.108008  -0.116712  0.990051  0.078602  -0.098450  -0.090286  0.991038  -0.001616  -0.002606  -0.000089  0.000000  0.000000  0.000000  2.000000  1.000000  0.000000  0.000000  0.000000  1.000000  0.000000  0.000000  0.000000  1.000000  0.999995  0.002723  0.001726  -0.002726  0.999995  0.001414  -0.001722  -0.001419  0.999998  1.000000  0.000000  0.000000  0.000000  1.000000  0.000000  0.000000  0.000000  1.000000  1.000000  0.000000  0.000000  0.000000  1.000000  0.000000  0.000000  0.000000  1.000000  0.000000  0.000000  
41.368277 -0.006314  0.083916  0.001768  0.988165  0.108705  0.108231  -0.117524  0.989944  0.078737  -0.098583  -0.090525  0.991003  -0.001801  -0.002931  -0.000010  0.000000  0.000000  0.000000  2.000000  1.000000  0.000000  0.000000  0.000000  1.000000  0.000000  0.000000  0.000000  1.000000  0.999992  0.003527  0.001934  -0.003530  0.999993  0.001575  -0.001928  -0.001582  0.999997  1.000000  0.000000  0.000000  0.000000  1.000000  0.000000  0.000000  0.000000  1.000000  1.000000  0.000000  0.000000  0.000000  1.000000  0.000000  0.000000  0.000000  1.000000  0.000000  0.000000  
41.369278 -0.006317  0.083911  0.001770  0.988066  0.109253  0.108582  -0.118131  0.989851  0.078999  -0.098849  -0.090883  0.990944  -0.002001  -0.003253  0.000098  0.000000  0.000000  0.000000  2.000000  1.000000  0.000000  0.000000  0.000000  1.000000  0.000000  0.000000  0.000000  1.000000  0.999989  0.004126  0.002124  -0.004130  0.999990  0.001756  -0.002116  -0.001765  0.999996  1.000000  0.000000  0.000000  0.000000  1.000000  0.000000  0.000000  0.000000  1.000000  1.000000  0.000000  0.000000  0.000000  1.000000  0.000000  0.000000  0.000000  1.000000  0.000000  0.000000  
41.370593 -0.006320  0.083905  0.001772  0.987904  0.110209  0.109085  -0.119144  0.989723  0.079080  -0.099249  -0.091120  0.990882  -0.002216  -0.003664  0.000262  0.000000  0.000000  0.000000  2.000000  1.000000  0.000004  0.000072  -0.000004  1.000000  0.000024  -0.000072  -0.000024  1.000000  0.999984  0.005109  0.002618  -0.005114  0.999985  0.001894  -0.002608  -0.001908  0.999995  1.000000  0.000004  0.000072  -0.000004  1.000000  0.000024  -0.000072  -0.000024  1.000000  1.000000  0.000004  0.000072  -0.000004  1.000000  0.000024  -0.000072  -0.000024  1.000000  0.000000  0.006048  
41.371779 -0.006322  0.083899  0.001778  0.987753  0.110962  0.109690  -0.119951  0.989628  0.079046  -0.099781  -0.091235  0.990818  -0.002396  -0.004110  0.000647  0.069924  -0.112057  0.190273  2.000000  1.000000  0.000014  0.000400  -0.000014  1.000000  0.000124  -0.000400  -0.000124  1.000000  0.999976  0.006068  0.003378  -0.006075  0.999979  0.002031  -0.003366  -0.002052  0.999992  1.000000  0.000001  0.000087  -0.000001  1.000000  0.000026  -0.000087  -0.000026  1.000000  1.000000  0.000014  0.000400  -0.000014  1.000000  0.000124  -0.000400  -0.000124  1.000000  0.000056  0.007239  
41.373024 -0.006324  0.083892  0.001784  0.987589  0.111931  0.110180  -0.120963  0.989508  0.079005  -0.100181  -0.091352  0.990767  -0.002546  -0.004537  0.001091  0.069878  -0.129253  0.230208  2.000000  1.000000  0.000022  0.000876  -0.000022  1.000000  0.000253  -0.000876  -0.000253  1.000000  0.999968  0.007051  0.003872  -0.007059  0.999973  0.002047  -0.003858  -0.002074  0.999990  1.000000  0.000002  0.000101  -0.000002  1.000000  0.000026  -0.000101  -0.000026  1.000000  1.000000  0.000022  0.000876  -0.000022  1.000000  0.000253  -0.000876  -0.000253  1.000000  0.000067  0.008304  
41.374028 -0.006327  0.083886  0.001790  0.987437  0.112912  0.110538  -0.121976  0.989386  0.078979  -0.100447  -0.091469  0.990729  -0.002735  -0.004940  0.001494  0.070499  -0.141320  0.263632  2.000000  0.999999  0.000030  0.001205  -0.000030  1.000000  0.000330  -0.001205  -0.000330  0.999999  0.999958  0.008034  0.004366  -0.008043  0.999966  0.002061  -0.004349  -0.002096  0.999988  1.000000  0.000003  0.000114  -0.000003  1.000000  0.000026  -0.000114  -0.000026  1.000000  0.999999  0.000030  0.001205  -0.000030  1.000000  0.000330  -0.001205  -0.000330  0.999999  0.000076  0.009377  
41.375274 -0.006332  0.083876  0.001796  0.987310  0.113689  0.110880  -0.122786  0.989286  0.078975  -0.100713  -0.091587  0.990691  -0.002952  -0.005359  0.001921  0.071810  -0.152799  0.290258  2.000000  0.999998  0.000054  0.001815  -0.000054  1.000000  0.000461  -0.001815  -0.000461  0.999998  0.999948  0.009029  0.004727  -0.009039  0.999957  0.002076  -0.004708  -0.002118  0.999987  1.000000  0.000005  0.000127  -0.000005  1.000000  0.000026  -0.000127  -0.000026  1.000000  0.999998  0.000054  0.001815  -0.000054  1.000000  0.000461  -0.001815  -0.000461  0.999998  0.000083  0.010405  
41.376524 -0.006338  0.083866  0.001802  0.987195  0.114464  0.111104  -0.123597  0.989174  0.079107  -0.100846  -0.091826  0.990655  -0.003053  -0.005729  0.002424  0.075905  -0.159142  0.321503  2.000000  0.999997  0.000092  0.002485  -0.000094  1.000000  0.000596  -0.002485  -0.000596  0.999997  0.999939  0.009831  0.004937  -0.009842  0.999949  0.002233  -0.004915  -0.002282  0.999985  1.000000  0.000008  0.000137  -0.000008  1.000000  0.000028  -0.000137  -0.000028  1.000000  0.999997  0.000092  0.002485  -0.000094  1.000000  0.000596  -0.002485  -0.000596  0.999997  0.000092  0.011231  
41.377524 -0.006342  0.083856  0.001806  0.987105  0.115049  0.111298  -0.124205  0.989095  0.079142  -0.100979  -0.091945  0.990631  -0.003123  -0.006010  0.002756  0.078527  -0.166818  0.344287  2.000000  0.999995  0.000131  0.003056  -0.000133  1.000000  0.000709  -0.003056  -0.000710  0.999995  0.999932  0.010430  0.005128  -0.010442  0.999943  0.002290  -0.005103  -0.002344  0.999984  1.000000  0.000010  0.000145  -0.000010  1.000000  0.000029  -0.000145  -0.000029  1.000000  0.999995  0.000131  0.003056  -0.000133  1.000000  0.000709  -0.003056  -0.000710  0.999995  0.000097  0.011852  
41.378536 -0.006345  0.083846  0.001810  0.987001  0.115595  0.111652  -0.124811  0.988998  0.079400  -0.101246  -0.092303  0.990570  -0.003156  -0.006327  0.003102  0.088613  -0.177639  0.363851  2.000000  0.999993  0.000175  0.003659  -0.000178  1.000000  0.000829  -0.003659  -0.000830  0.999993  0.999925  0.011029  0.005320  -0.011042  0.999936  0.002468  -0.005292  -0.002527  0.999983  1.000000  0.000012  0.000153  -0.000012  1.000000  0.000031  -0.000153  -0.000031  1.000000  0.999993  0.000175  0.003659  -0.000178  1.000000  0.000829  -0.003659  -0.000830  0.999993  0.000102  0.012497  
41.379778 -0.006348  0.083833  0.001815  0.986871  0.116344  0.112023  -0.125620  0.988877  0.079634  -0.101512  -0.092661  0.990510  -0.003098  -0.006730  0.003308  0.098072  -0.189224  0.390530  2.000000  0.999990  0.000240  0.004475  -0.000244  0.999999  0.000993  -0.004475  -0.000994  0.999989  0.999908  0.012214  0.005836  -0.012230  0.999922  0.002701  -0.005803  -0.002772  0.999979  1.000000  0.000013  0.000169  -0.000013  1.000000  0.000034  -0.000169  -0.000034  1.000000  0.999990  0.000240  0.004475  -0.000244  0.999999  0.000993  -0.004475  -0.000994  0.999989  0.000112  0.013811  
41.380784 -0.006351  0.083821  0.001817  0.986727  0.117081  0.112525  -0.126428  0.988757  0.079851  -0.101911  -0.093018  0.990435  -0.002993  -0.007179  0.003433  0.106789  -0.210308  0.423051  2.000000  0.999987  0.000292  0.005161  -0.000298  0.999999  0.001137  -0.005161  -0.001138  0.999986  0.999902  0.012607  0.006011  -0.012625  0.999916  0.002898  -0.005974  -0.002974  0.999978  1.000000  0.000014  0.000174  -0.000014  1.000000  0.000037  -0.000174  -0.000037  1.000000  0.999987  0.000292  0.005161  -0.000298  0.999999  0.001137  -0.005161  -0.001138  0.999986  0.000120  0.014273  
41.382025 -0.006353  0.083807  0.001818  0.986582  0.117817  0.113028  -0.127235  0.988636  0.080067  -0.102310  -0.093374  0.990360  -0.002810  -0.007745  0.003427  0.116190  -0.226368  0.449259  2.000000  0.999983  0.000344  0.005873  -0.000351  0.999999  0.001294  -0.005873  -0.001296  0.999982  0.999898  0.012783  0.006303  -0.012803  0.999913  0.003235  -0.006261  -0.003316  0.999975  1.000000  0.000012  0.000178  -0.000012  1.000000  0.000041  -0.000178  -0.000041  1.000000  0.999983  0.000344  0.005873  -0.000351  0.999999  0.001294  -0.005873  -0.001296  0.999982  0.000128  0.014624  
41.383278 -0.006354  0.083791  0.001818  0.986436  0.118539  0.113546  -0.128042  0.988504  0.080403  -0.102710  -0.093851  0.990274  -0.002685  -0.008408  0.003316  0.129623  -0.242404  0.475321  2.000000  0.999977  0.000407  0.006765  -0.000417  0.999999  0.001508  -0.006765  -0.001511  0.999976  0.999896  0.012996  0.006195  -0.013018  0.999909  0.003573  -0.006148  -0.003653  0.999974  1.000000  0.000014  0.000179  -0.000014  1.000000  0.000045  -0.000179  -0.000045  1.000000  0.999977  0.000407  0.006765  -0.000417  0.999999  0.001508  -0.006765  -0.001511  0.999976  0.000136  0.014844  
41.384279 -0.006356  0.083778  0.001817  0.986356  0.118879  0.113885  -0.128445  0.988429  0.080681  -0.102976  -0.094209  0.990212  -0.002598  -0.008953  0.003178  0.139738  -0.253391  0.495106  2.000000  0.999972  0.000465  0.007482  -0.000478  0.999998  0.001687  -0.007481  -0.001690  0.999971  0.999897  0.013006  0.006066  -0.013027  0.999909  0.003569  -0.006019  -0.003647  0.999975  1.000000  0.000016  0.000179  -0.000016  1.000000  0.000045  -0.000179  -0.000045  1.000000  0.999972  0.000465  0.007482  -0.000478  0.999998  0.001687  -0.007481  -0.001690  0.999971  0.000142  0.014798  
41.385527 -0.006357  0.083761  0.001816  0.986249  0.119409  0.114255  -0.129050  0.988320  0.081056  -0.103242  -0.094686  0.990139  -0.002524  -0.009668  0.002932  0.153878  -0.264335  0.514711  2.000000  0.999965  0.000541  0.008385  -0.000557  0.999998  0.001918  -0.008384  -0.001923  0.999963  0.999894  0.013194  0.006223  -0.013217  0.999906  0.003663  -0.006174  -0.003745  0.999974  1.000000  0.000015  0.000182  -0.000015  1.000000  0.000046  -0.000182  -0.000046  1.000000  0.999965  0.000541  0.008385  -0.000557  0.999998  0.001918  -0.008384  -0.001923  0.999963  0.000149  0.015052  
41.386776 -0.006359  0.083742  0.001816  0.986142  0.119939  0.114626  -0.129656  0.988210  0.081431  -0.103508  -0.095164  0.990066  -0.002505  -0.010442  0.002555  0.168028  -0.275316  0.534364  2.000000  0.999957  0.000618  0.009293  -0.000638  0.999997  0.002155  -0.009291  -0.002161  0.999954  0.999893  0.013178  0.006363  -0.013202  0.999906  0.003781  -0.006312  -0.003864  0.999973  1.000000  0.000014  0.000182  -0.000014  1.000000  0.000048  -0.000182  -0.000048  1.000000  0.999957  0.000618  0.009293  -0.000638  0.999997  0.002155  -0.009291  -0.002161  0.999954  0.000155  0.015126  
41.388024 -0.006362  0.083723  0.001816  0.986034  0.120482  0.114983  -0.130261  0.988109  0.081685  -0.103774  -0.095522  0.990003  -0.002539  -0.011469  0.001982  0.177415  -0.286931  0.560923  2.000000  0.999948  0.000679  0.010205  -0.000703  0.999997  0.002392  -0.010203  -0.002399  0.999945  0.999895  0.012959  0.006482  -0.012984  0.999908  0.003801  -0.006432  -0.003884  0.999972  1.000000  0.000011  0.000181  -0.000011  1.000000  0.000048  -0.000181  -0.000048  1.000000  0.999948  0.000679  0.010205  -0.000703  0.999997  0.002392  -0.010203  -0.002399  0.999945  0.000163  0.014991  
41.389024 -0.006365  0.083708  0.001816  0.985966  0.120849  0.115177  -0.130665  0.988041  0.081860  -0.103907  -0.095761  0.989966  -0.002554  -0.011915  0.001719  0.184177  -0.292813  0.574297  2.000000  0.999940  0.000716  0.010925  -0.000744  0.999996  0.002584  -0.010923  -0.002592  0.999937  0.999897  0.012741  0.006598  -0.012766  0.999911  0.003819  -0.006549  -0.003903  0.999971  1.000000  0.000009  0.000179  -0.000009  1.000000  0.000048  -0.000179  -0.000048  1.000000  0.999940  0.000716  0.010925  -0.000744  0.999996  0.002584  -0.010923  -0.002592  0.999937  0.000167  0.014859  
41.390026 -0.006367  0.083692  0.001816  0.985885  0.121216  0.115488  -0.131068  0.987985  0.081897  -0.104174  -0.095878  0.989927  -0.002387  -0.012468  0.001350  0.184073  -0.297385  0.573882  2.000000  0.999934  0.000738  0.011463  -0.000770  0.999996  0.002729  -0.011461  -0.002737  0.999931  0.999896  0.012726  0.006735  -0.012752  0.999911  0.003815  -0.006685  -0.003901  0.999970  1.000000  0.000007  0.000180  -0.000007  1.000000  0.000048  -0.000180  -0.000048  1.000000  0.999934  0.000738  0.011463  -0.000770  0.999996  0.002729  -0.011461  -0.002737  0.999931  0.000171  0.014906  
41.391274 -0.006371  0.083673  0.001815  0.985789  0.121556  0.115946  -0.131468  0.987920  0.082037  -0.104573  -0.096114  0.989862  -0.002255  -0.013081  0.000927  0.187151  -0.298933  0.562037  2.000000  0.999924  0.000766  0.012336  -0.000802  0.999995  0.002969  -0.012334  -0.002978  0.999919  0.999905  0.012125  0.006546  -0.012150  0.999919  0.003877  -0.006498  -0.003956  0.999971  1.000000  0.000005  0.000172  -0.000005  1.000000  0.000049  -0.000172  -0.000049  1.000000  0.999924  0.000766  0.012336  -0.000802  0.999995  0.002969  -0.012334  -0.002978  0.999919  0.000168  0.014325  
41.392275 -0.006374  0.083657  0.001815  0.985707  0.121910  0.116271  -0.131870  0.987853  0.082193  -0.104839  -0.096351  0.989811  -0.002185  -0.013530  0.000615  0.190960  -0.294531  0.562264  2.000000  0.999915  0.000780  0.013007  -0.000821  0.999995  0.003161  -0.013005  -0.003171  0.999910  0.999913  0.011525  0.006355  -0.011549  0.999926  0.003816  -0.006311  -0.003889  0.999973  1.000000  0.000004  0.000164  -0.000004  1.000000  0.000048  -0.000164  -0.000048  1.000000  0.999915  0.000780  0.013007  -0.000821  0.999995  0.003161  -0.013005  -0.003171  0.999910  0.000166  0.013714  
41.393527 -0.006378  0.083637  0.001815  0.985625  0.122277  0.116583  -0.132272  0.987797  0.082230  -0.105105  -0.096469  0.989771  -0.002224  -0.013974  0.000291  0.184852  -0.287506  0.560808  2.000000  0.999904  0.000795  0.013812  -0.000842  0.999994  0.003409  -0.013809  -0.003420  0.999899  0.999919  0.011128  0.006186  -0.011153  0.999930  0.003978  -0.006141  -0.004046  0.999973  1.000000  0.000003  0.000159  -0.000003  1.000000  0.000050  -0.000159  -0.000050  1.000000  0.999904  0.000795  0.013812  -0.000842  0.999994  0.003409  -0.013809  -0.003420  0.999899  0.000166  0.013349  
41.394529 -0.006382  0.083621  0.001814  0.985543  0.122629  0.116909  -0.132674  0.987730  0.082386  -0.105371  -0.096706  0.989720  -0.002285  -0.014386  -0.000052  0.184706  -0.287656  0.560752  2.000000  0.999896  0.000800  0.014417  -0.000852  0.999993  0.003613  -0.014414  -0.003625  0.999890  0.999930  0.010337  0.005843  -0.010361  0.999938  0.004185  -0.005800  -0.004245  0.999974  1.000000  0.000002  0.000148  -0.000002  1.000000  0.000053  -0.000148  -0.000053  1.000000  0.999896  0.000800  0.014417  -0.000852  0.999993  0.003613  -0.014414  -0.003625  0.999890  0.000166  0.012600  
41.395532 -0.006386  0.083605  0.001812  0.985515  0.122804  0.116955  -0.132877  0.987684  0.082602  -0.105371  -0.096946  0.989696  -0.002394  -0.014695  -0.000303  0.183227  -0.285488  0.556193  2.000000  0.999887  0.000799  0.014996  -0.000856  0.999992  0.003823  -0.014993  -0.003836  0.999880  0.999935  0.009941  0.005672  -0.009965  0.999941  0.004227  -0.005630  -0.004283  0.999975  1.000000  0.000001  0.000143  -0.000001  1.000000  0.000053  -0.000143  -0.000053  1.000000  0.999887  0.000799  0.014996  -0.000856  0.999992  0.003823  -0.014993  -0.003836  0.999880  0.000164  0.012211  
41.396778 -0.006392  0.083585  0.001810  0.985447  0.123170  0.117151  -0.133281  0.987615  0.082776  -0.105504  -0.097185  0.989658  -0.002638  -0.015047  -0.000521  0.179766  -0.289332  0.548649  2.000000  0.999879  0.000789  0.015553  -0.000852  0.999991  0.004045  -0.015550  -0.004058  0.999871  0.999941  0.009327  0.005616  -0.009353  0.999946  0.004534  -0.005574  -0.004586  0.999974  1.000000  -0.000002  0.000136  0.000002  1.000000  0.000057  -0.000136  -0.000057  1.000000  0.999879  0.000789  0.015553  -0.000852  0.999991  0.004045  -0.015550  -0.004058  0.999871  0.000162  0.011804  
41.398029 -0.006397  0.083565  0.001808  0.985419  0.123330  0.117212  -0.133484  0.987560  0.083111  -0.105504  -0.097545  0.989623  -0.002934  -0.015347  -0.000672  0.184751  -0.284205  0.519255  2.000000  0.999868  0.000773  0.016225  -0.000844  0.999990  0.004329  -0.016222  -0.004342  0.999859  0.999943  0.009135  0.005465  -0.009160  0.999948  0.004556  -0.005424  -0.004605  0.999975  1.000000  -0.000002  0.000133  0.000002  1.000000  0.000057  -0.000133  -0.000057  1.000000  0.999868  0.000773  0.016225  -0.000844  0.999990  0.004329  -0.016222  -0.004342  0.999859  0.000158  0.011589  
41.399278 -0.006405  0.083544  0.001805  0.985392  0.123505  0.117260  -0.133687  0.987514  0.083326  -0.105504  -0.097785  0.989599  -0.003271  -0.015609  -0.000817  0.182725  -0.273453  0.499462  2.000000  0.999858  0.000755  0.016862  -0.000833  0.999989  0.004620  -0.016858  -0.004634  0.999847  0.999950  0.008547  0.005143  -0.008571  0.999953  0.004621  -0.005103  -0.004665  0.999976  1.000000  -0.000002  0.000125  0.000002  1.000000  0.000058  -0.000125  -0.000058  1.000000  0.999858  0.000755  0.016862  -0.000833  0.999989  0.004620  -0.016858  -0.004634  0.999847  0.000153  0.011003  
41.400528 -0.006414  0.083521  0.001801  0.985323  0.123870  0.117455  -0.134091  0.987445  0.083500  -0.105637  -0.098024  0.989562  -0.003841  -0.016000  -0.001092  0.182874  -0.261694  0.483545  2.000000  0.999847  0.000736  0.017462  -0.000821  0.999988  0.004908  -0.017458  -0.004922  0.999835  0.999954  0.008151  0.004972  -0.008174  0.999956  0.004542  -0.004934  -0.004583  0.999977  1.000000  -0.000003  0.000119  0.000003  1.000000  0.000057  -0.000119  -0.000057  1.000000  0.999847  0.000736  0.017462  -0.000821  0.999988  0.004908  -0.017458  -0.004922  0.999835  0.000147  0.010582  
41.401774 -0.006426  0.083496  0.001794  0.985281  0.124018  0.117649  -0.134292  0.987391  0.083817  -0.105770  -0.098383  0.989512  -0.004421  -0.016390  -0.001486  0.192544  -0.246015  0.463388  2.000000  0.999837  0.000715  0.018021  -0.000808  0.999986  0.005190  -0.018017  -0.005204  0.999824  0.999964  0.007170  0.004474  -0.007190  0.999964  0.004408  -0.004442  -0.004440  0.999980  1.000000  -0.000003  0.000106  0.000003  1.000000  0.000055  -0.000106  -0.000055  1.000000  0.999837  0.000715  0.018021  -0.000808  0.999986  0.005190  -0.018017  -0.005204  0.999824  0.000142  0.009540  
41.402778 -0.006436  0.083475  0.001787  0.985197  0.124370  0.117976  -0.134694  0.987323  0.083972  -0.106036  -0.098620  0.989460  -0.004977  -0.016785  -0.001963  0.200159  -0.241645  0.446959  2.000000  0.999830  0.000696  0.018433  -0.000796  0.999985  0.005409  -0.018429  -0.005423  0.999815  0.999968  0.006775  0.004302  -0.006793  0.999968  0.004330  -0.004273  -0.004359  0.999981  1.000000  -0.000004  0.000100  0.000004  1.000000  0.000054  -0.000100  -0.000054  1.000000  0.999830  0.000696  0.018433  -0.000796  0.999985  0.005409  -0.018429  -0.005423  0.999815  0.000137  0.009126  
41.404024 -0.006449  0.083449  0.001778  0.985156  0.124531  0.118154  -0.134894  0.987279  0.084170  -0.106169  -0.098858  0.989422  -0.005586  -0.017211  -0.002537  0.205333  -0.232725  0.416550  2.000000  0.999821  0.000675  0.018926  -0.000782  0.999984  0.005672  -0.018922  -0.005685  0.999805  0.999970  0.006583  0.004150  -0.006600  0.999970  0.004107  -0.004123  -0.004134  0.999983  1.000000  -0.000004  0.000097  0.000004  1.000000  0.000052  -0.000097  -0.000052  1.000000  0.999821  0.000675  0.018926  -0.000782  0.999984  0.005672  -0.018922  -0.005685  0.999805  0.000132  0.008806  
41.405024 -0.006459  0.083429  0.001770  0.985086  0.124910  0.118335  -0.135298  0.987219  0.084223  -0.106303  -0.098977  0.989395  -0.006113  -0.017572  -0.003075  0.208369  -0.228898  0.406673  2.000000  0.999815  0.000662  0.019212  -0.000774  0.999983  0.005826  -0.019208  -0.005840  0.999798  0.999972  0.006391  0.003999  -0.006408  0.999971  0.004128  -0.003972  -0.004154  0.999983  1.000000  -0.000003  0.000094  0.000003  1.000000  0.000052  -0.000094  -0.000052  1.000000  0.999815  0.000662  0.019212  -0.000774  0.999983  0.005826  -0.019208  -0.005840  0.999798  0.000129  0.008602  
41.406028 -0.006470  0.083408  0.001762  0.985058  0.125085  0.118383  -0.135501  0.987173  0.084438  -0.106303  -0.099217  0.989371  -0.006712  -0.017918  -0.003612  0.209748  -0.223170  0.393295  2.000000  0.999808  0.000651  0.019584  -0.000769  0.999982  0.006026  -0.019579  -0.006040  0.999790  0.999972  0.006417  0.003734  -0.006432  0.999971  0.004007  -0.003708  -0.004031  0.999985  1.000000  -0.000000  0.000093  0.000000  1.000000  0.000050  -0.000093  -0.000050  1.000000  0.999808  0.000651  0.019584  -0.000769  0.999982  0.006026  -0.019579  -0.006040  0.999790  0.000127  0.008442  
41.407274 -0.006484  0.083383  0.001752  0.985030  0.125259  0.118431  -0.135704  0.987126  0.084653  -0.106303  -0.099457  0.989347  -0.007336  -0.018279  -0.004211  0.215980  -0.216810  0.373189  2.000000  0.999799  0.000642  0.020024  -0.000767  0.999980  0.006267  -0.020020  -0.006281  0.999780  0.999976  0.006035  0.003428  -0.006048  0.999974  0.003808  -0.003405  -0.003829  0.999987  1.000000  0.000001  0.000087  -0.000001  1.000000  0.000048  -0.000087  -0.000048  1.000000  0.999799  0.000642  0.020024  -0.000767  0.999980  0.006267  -0.020020  -0.006281  0.999780  0.000122  0.007922  
41.408524 -0.006498  0.083358  0.001743  0.985002  0.125434  0.118479  -0.135906  0.987080  0.084868  -0.106303  -0.099697  0.989323  -0.007959  -0.018591  -0.004802  0.211594  -0.205001  0.357424  2.000000  0.999791  0.000637  0.020437  -0.000770  0.999979  0.006501  -0.020433  -0.006516  0.999770  0.999979  0.005640  0.003256  -0.005652  0.999977  0.003731  -0.003235  -0.003749  0.999988  1.000000  0.000000  0.000081  -0.000000  1.000000  0.000047  -0.000081  -0.000047  1.000000  0.999791  0.000637  0.020437  -0.000770  0.999979  0.006501  -0.020433  -0.006516  0.999770  0.000119  0.007510  
41.409774 -0.006512  0.083333  0.001733  0.984946  0.125811  0.118544  -0.136312  0.987008  0.085059  -0.106303  -0.099937  0.989299  -0.008596  -0.018898  -0.005364  0.208868  -0.194852  0.344535  2.000000  0.999783  0.000638  0.020822  -0.000778  0.999977  0.006728  -0.020818  -0.006742  0.999761  0.999982  0.005259  0.002950  -0.005269  0.999980  0.003532  -0.002931  -0.003548  0.999989  1.000000  0.000001  0.000075  -0.000001  1.000000  0.000044  -0.000075  -0.000044  1.000000  0.999783  0.000638  0.020822  -0.000778  0.999977  0.006728  -0.020818  -0.006742  0.999761  0.000111  0.006992  
41.411022 -0.006526  0.083309  0.001724  0.984918  0.126000  0.118577  -0.136515  0.986971  0.085154  -0.106303  -0.100057  0.989287  -0.009228  -0.019200  -0.005840  0.201961  -0.175399  0.314952  2.000000  0.999775  0.000651  0.021182  -0.000798  0.999976  0.006950  -0.021177  -0.006965  0.999751  0.999984  0.005095  0.002531  -0.005104  0.999981  0.003554  -0.002513  -0.003567  0.999990  1.000000  0.000005  0.000071  -0.000005  1.000000  0.000045  -0.000071  -0.000045  1.000000  0.999775  0.000651  0.021182  -0.000798  0.999976  0.006950  -0.021177  -0.006965  0.999751  0.000107  0.006711  
41.412033 -0.006538  0.083290  0.001718  0.984862  0.126392  0.118627  -0.136920  0.986909  0.085225  -0.106303  -0.100177  0.989275  -0.009745  -0.019463  -0.006210  0.194397  -0.165777  0.308795  2.000000  0.999771  0.000668  0.021393  -0.000819  0.999975  0.007081  -0.021387  -0.007097  0.999746  0.999986  0.004931  0.002112  -0.004938  0.999982  0.003455  -0.002095  -0.003465  0.999992  1.000000  0.000000  0.000000  0.000000  1.000000  0.000000  0.000000  0.000000  1.000000  0.999771  0.000668  0.021393  -0.000819  0.999975  0.007081  -0.021387  -0.007097  0.999746  0.000101  0.000000  
41.413277 -0.006552  0.083265  0.001711  0.984819  0.126568  0.118791  -0.137121  0.986875  0.085302  -0.106436  -0.100296  0.989248  -0.010222  -0.019728  -0.006410  0.186044  -0.154262  0.293464  2.000000  0.999765  0.000702  0.021668  -0.000859  0.999973  0.007254  -0.021662  -0.007271  0.999739  0.999985  0.005148  0.002000  -0.005154  0.999981  0.003432  -0.001982  -0.003442  0.999992  1.000000  0.000011  0.000068  -0.000011  1.000000  0.000043  -0.000068  -0.000043  1.000000  0.999765  0.000702  0.021668  -0.000859  0.999973  0.007254  -0.021662  -0.007271  0.999739  0.000097  0.006505  
41.414527 -0.006568  0.083240  0.001705  0.984791  0.126756  0.118824  -0.137324  0.986838  0.085397  -0.106436  -0.100416  0.989236  -0.010746  -0.019994  -0.006589  0.175330  -0.144153  0.280734  2.000000  0.999765  0.000702  0.021668  -0.000859  0.999973  0.007254  -0.021662  -0.007271  0.999739  0.999987  0.004767  0.001693  -0.004773  0.999983  0.003355  -0.001677  -0.003363  0.999993  1.000000  0.000000  0.000000  0.000000  1.000000  0.000000  0.000000  0.000000  1.000000  0.999765  0.000702  0.021668  -0.000859  0.999973  0.007254  -0.021662  -0.007271  0.999739  0.000093  0.000000  
41.415529 -0.006581  0.083219  0.001700  0.984763  0.126945  0.118857  -0.137527  0.986802  0.085492  -0.106436  -0.100536  0.989224  -0.011143  -0.020119  -0.006731  0.165981  -0.135145  0.270229  2.000000  0.999765  0.000702  0.021668  -0.000859  0.999973  0.007254  -0.021662  -0.007271  0.999739  0.999987  0.004780  0.001560  -0.004785  0.999983  0.003355  -0.001544  -0.003362  0.999993  1.000000  0.000000  0.000000  0.000000  1.000000  0.000000  0.000000  0.000000  1.000000  0.999765  0.000702  0.021668  -0.000859  0.999973  0.007254  -0.021662  -0.007271  0.999739  0.000089  0.000000  
41.416774 -0.006597  0.083194  0.001694  0.984749  0.127147  0.118759  -0.137731  0.986763  0.085606  -0.106303  -0.100657  0.989226  -0.011478  -0.020176  -0.006687  0.157199  -0.120086  0.262446  2.000000  0.999765  0.000702  0.021668  -0.000859  0.999973  0.007254  -0.021662  -0.007271  0.999739  0.999989  0.004603  0.001274  -0.004607  0.999984  0.003135  -0.001260  -0.003140  0.999994  1.000000  0.000000  0.000000  0.000000  1.000000  0.000000  0.000000  0.000000  1.000000  0.999765  0.000702  0.021668  -0.000859  0.999973  0.007254  -0.021662  -0.007271  0.999739  0.000083  0.000000  
41.417777 -0.006611  0.083173  0.001688  0.984720  0.127336  0.118792  -0.137934  0.986727  0.085701  -0.106303  -0.100777  0.989214  -0.011701  -0.020162  -0.006602  0.151760  -0.110832  0.251771  2.000000  0.999765  0.000702  0.021668  -0.000859  0.999973  0.007254  -0.021662  -0.007271  0.999739  0.999990  0.004400  0.001254  -0.004403  0.999986  0.002914  -0.001241  -0.002919  0.999995  1.000000  0.000000  0.000000  0.000000  1.000000  0.000000  0.000000  0.000000  1.000000  0.999765  0.000702  0.021668  -0.000859  0.999973  0.007254  -0.021662  -0.007271  0.999739  0.000079  0.000000  
41.418778 -0.006625  0.083151  0.001682  0.984720  0.127322  0.118808  -0.137934  0.986716  0.085821  -0.106303  -0.100897  0.989201  -0.011920  -0.020203  -0.006477  0.149118  -0.105040  0.238495  2.000000  0.999765  0.000702  0.021668  -0.000859  0.999973  0.007254  -0.021662  -0.007271  0.999739  0.999990  0.004399  0.001254  -0.004403  0.999986  0.002793  -0.001242  -0.002798  0.999995  1.000000  0.000000  0.000000  0.000000  1.000000  0.000000  0.000000  0.000000  1.000000  0.999765  0.000702  0.021668  -0.000859  0.999973  0.007254  -0.021662  -0.007271  0.999739  0.000076  0.000000  
41.419778 -0.006638  0.083130  0.001676  0.984692  0.127525  0.118825  -0.138137  0.986690  0.085796  -0.106303  -0.100897  0.989201  -0.012073  -0.020290  -0.006398  0.144612  -0.094688  0.230735  2.000000  0.999765  0.000702  0.021668  -0.000859  0.999973  0.007254  -0.021662  -0.007271  0.999739  0.999990  0.004399  0.001255  -0.004403  0.999987  0.002671  -0.001243  -0.002677  0.999996  1.000000  0.000000  0.000000  0.000000  1.000000  0.000000  0.000000  0.000000  1.000000  0.999765  0.000702  0.021668  -0.000859  0.999973  0.007254  -0.021662  -0.007271  0.999739  0.000074  0.000000  
41.421024 -0.006653  0.083103  0.001669  0.984649  0.127700  0.118989  -0.138337  0.986655  0.085873  -0.106436  -0.101016  0.989175  -0.012217  -0.020356  -0.006192  0.142342  -0.085845  0.226576  2.000000  0.999765  0.000702  0.021668  -0.000859  0.999973  0.007254  -0.021662  -0.007271  0.999739  0.999990  0.004195  0.001234  -0.004199  0.999988  0.002571  -0.001224  -0.002577  0.999996  1.000000  0.000000  0.000000  0.000000  1.000000  0.000000  0.000000  0.000000  1.000000  0.999765  0.000702  0.021668  -0.000859  0.999973  0.007254  -0.021662  -0.007271  0.999739  0.000072  0.000000  
41.422274 -0.006669  0.083077  0.001662  0.984635  0.127658  0.119151  -0.138336  0.986636  0.086094  -0.106569  -0.101254  0.989136  -0.012331  -0.020402  -0.005969  0.142564  -0.079392  0.211531  2.000000  0.999765  0.000702  0.021668  -0.000859  0.999973  0.007254  -0.021662  -0.007271  0.999739  0.999991  0.003992  0.001214  -0.003994  0.999989  0.002350  -0.001205  -0.002355  0.999997  1.000000  0.000000  0.000000  0.000000  1.000000  0.000000  0.000000  0.000000  1.000000  0.999765  0.000702  0.021668  -0.000859  0.999973  0.007254  -0.021662  -0.007271  0.999739  0.000069  0.000000  
41.423524 -0.006683  0.083050  0.001656  0.984593  0.127833  0.119316  -0.138536  0.986601  0.086171  -0.106702  -0.101373  0.989110  -0.012349  -0.020519  -0.005812  0.143259  -0.074306  0.205187  2.000000  0.999765  0.000702  0.021668  -0.000859  0.999973  0.007254  -0.021662  -0.007271  0.999739  0.999992  0.003801  0.001061  -0.003804  0.999990  0.002372  -0.001052  -0.002376  0.999997  1.000000  0.000000  0.000000  0.000000  1.000000  0.000000  0.000000  0.000000  1.000000  0.999765  0.000702  0.021668  -0.000859  0.999973  0.007254  -0.021662  -0.007271  0.999739  0.000066  0.000000  
41.424774 -0.006696  0.083024  0.001649  0.984593  0.127804  0.119347  -0.138536  0.986580  0.086410  -0.106702  -0.101613  0.989085  -0.012306  -0.020643  -0.005593  0.144702  -0.064125  0.192495  2.000000  0.999765  0.000702  0.021668  -0.000859  0.999973  0.007254  -0.021662  -0.007271  0.999739  0.999994  0.003421  0.000754  -0.003423  0.999992  0.002173  -0.000746  -0.002176  0.999997  1.000000  0.000000  0.000000  0.000000  1.000000  0.000000  0.000000  0.000000  1.000000  0.999765  0.000702  0.021668  -0.000859  0.999973  0.007254  -0.021662  -0.007271  0.999739  0.000062  0.000000  
41.426022 -0.006710  0.082998  0.001642  0.984550  0.127979  0.119511  -0.138737  0.986546  0.086487  -0.106835  -0.101731  0.989059  -0.012251  -0.020764  -0.005469  0.137351  -0.063505  0.185734  2.000000  0.999765  0.000702  0.021668  -0.000859  0.999973  0.007254  -0.021662  -0.007271  0.999739  0.999994  0.003203  0.000867  -0.003205  0.999992  0.002195  -0.000860  -0.002198  0.999997  1.000000  0.000000  0.000000  0.000000  1.000000  0.000000  0.000000  0.000000  1.000000  0.999765  0.000702  0.021668  -0.000859  0.999973  0.007254  -0.021662  -0.007271  0.999739  0.000061  0.000000  
41.427022 -0.006721  0.082976  0.001638  0.984550  0.127965  0.119527  -0.138737  0.986535  0.086606  -0.106835  -0.101851  0.989046  -0.012245  -0.020929  -0.005363  0.134004  -0.062841  0.178888  2.000000  0.999765  0.000702  0.021668  -0.000859  0.999973  0.007254  -0.021662  -0.007271  0.999739  0.999995  0.003000  0.000846  -0.003002  0.999993  0.002217  -0.000840  -0.002219  0.999997  1.000000  0.000000  0.000000  0.000000  1.000000  0.000000  0.000000  0.000000  1.000000  0.999765  0.000702  0.021668  -0.000859  0.999973  0.007254  -0.021662  -0.007271  0.999739  0.000059  0.000000  
41.428029 -0.006732  0.082954  0.001633  0.984536  0.127937  0.119673  -0.138735  0.986526  0.086708  -0.106968  -0.101970  0.989020  -0.012165  -0.021056  -0.005292  0.000000  0.000000  0.000000  2.000000  0.999765  0.000702  0.021668  -0.000859  0.999973  0.007254  -0.021662  -0.007271  0.999739  0.999996  0.002796  0.000826  -0.002798  0.999994  0.002118  -0.000820  -0.002120  0.999997  1.000000  0.000000  0.000000  0.000000  1.000000  0.000000  0.000000  0.000000  1.000000  0.999765  0.000702  0.021668  -0.000859  0.999973  0.007254  -0.021662  -0.007271  0.999739  0.000000  0.000000  
41.429031 -0.006744  0.082932  0.001630  0.984536  0.127922  0.119689  -0.138735  0.986516  0.086827  -0.106968  -0.102089  0.989007  -0.012133  -0.021212  -0.005197  0.000000  0.000000  0.000000  2.000000  0.999765  0.000702  0.021668  -0.000859  0.999973  0.007254  -0.021662  -0.007271  0.999739  0.999996  0.002782  0.000959  -0.002784  0.999994  0.002117  -0.000953  -0.002120  0.999997  1.000000  0.000000  0.000000  0.000000  1.000000  0.000000  0.000000  0.000000  1.000000  0.999765  0.000702  0.021668  -0.000859  0.999973  0.007254  -0.021662  -0.007271  0.999739  0.000000  0.000000  
41.430281 -0.006758  0.082904  0.001626  0.984493  0.128097  0.119853  -0.138936  0.986481  0.086904  -0.107101  -0.102208  0.988981  -0.011998  -0.021402  -0.005016  0.000000  0.000000  0.000000  2.000000  0.999765  0.000702  0.021668  -0.000859  0.999973  0.007254  -0.021662  -0.007271  0.999739  0.999996  0.002565  0.001072  -0.002567  0.999995  0.002018  -0.001067  -0.002020  0.999997  1.000000  0.000000  0.000000  0.000000  1.000000  0.000000  0.000000  0.000000  1.000000  0.999765  0.000702  0.021668  -0.000859  0.999973  0.007254  -0.021662  -0.007271  0.999739  0.000000  0.000000  
41.431555 -0.006772  0.082876  0.001624  0.984465  0.128056  0.120131  -0.138932  0.986474  0.086986  -0.107367  -0.102325  0.988940  -0.011811  -0.021504  -0.004686  0.000000  0.000000  0.000000  2.000000  0.999765  0.000702  0.021668  -0.000859  0.999973  0.007254  -0.021662  -0.007271  0.999739  0.999997  0.002347  0.001184  -0.002349  0.999995  0.001918  -0.001179  -0.001921  0.999997  1.000000  0.000000  0.000000  0.000000  1.000000  0.000000  0.000000  0.000000  1.000000  0.999765  0.000702  0.021668  -0.000859  0.999973  0.007254  -0.021662  -0.007271  0.999739  0.000000  0.000000  
41.432777 -0.006786  0.082848  0.001624  0.984450  0.128042  0.120262  -0.138930  0.986476  0.086968  -0.107500  -0.102323  0.988926  -0.011638  -0.021640  -0.004293  0.000000  0.000000  0.000000  2.000000  0.999765  0.000702  0.021668  -0.000859  0.999973  0.007254  -0.021662  -0.007271  0.999739  0.999997  0.001940  0.001142  -0.001942  0.999996  0.001841  -0.001138  -0.001843  0.999998  1.000000  0.000000  0.000000  0.000000  1.000000  0.000000  0.000000  0.000000  1.000000  0.999765  0.000702  0.021668  -0.000859  0.999973  0.007254  -0.021662  -0.007271  0.999739  0.000000  0.000000  
