1-Time 2-Px 3-Py 4-Pz 5-R11 6-R21 7-R31 8-R12 9-R22 10-R32 11-R13 12-R23 13-R33 14-Vx 15-Vy 16-Vz 17-Wx 18-Wy 19-Wz 20-state 21-PR11 22-PR21 23-PR31 24-PR12 25-PR22 26-PR32 27-PR13 28-PR23 29-PR33 
115.796113 -0.007945  0.082799  0.003410  0.995566  0.091485  -0.021895  -0.090222  0.994511  0.052994  0.026623  -0.050784  0.998355  0.000367  -0.000291  -0.000825  -0.109026  0.302897  0.064405  2.000000  1.000000  0.000000  0.000000  0.000000  1.000000  0.000000  0.000000  0.000000  1.000000  0.999980  0.001546  -0.006084  -0.001560  0.999996  -0.002271  0.006080  0.002280  0.999979  1.000000  0.000076  -0.000021  -0.000076  1.000000  -0.000028  0.000021  0.000028  1.000000  0.856378  0.471639  -0.210175  -0.446965  0.880915  0.155598  0.258532  -0.039309  0.965202  0.000081  0.006677  
115.797119 -0.007945  0.082798  0.003409  0.995540  0.091700  -0.022161  -0.090427  0.994497  0.052902  0.026890  -0.050662  0.998354  0.000354  -0.000341  -0.000861  -0.112896  0.302433  0.071271  2.000000  1.000000  0.000299  -0.000092  -0.000299  1.000000  -0.000114  0.000092  0.000114  1.000000  0.999981  0.001340  -0.006095  -0.001354  0.999996  -0.002276  0.006092  0.002284  0.999979  1.000000  0.000074  -0.000024  -0.000074  1.000000  -0.000029  0.000024  0.000029  1.000000  1.000000  0.000299  -0.000092  -0.000299  1.000000  -0.000114  0.000092  0.000114  1.000000  0.000082  0.006644  
115.798120 -0.007947  0.082794  0.003407  0.995488  0.092134  -0.022683  -0.090835  0.994463  0.052839  0.027425  -0.050540  0.998345  0.000172  -0.000559  -0.000897  -0.112551  0.306198  0.085280  2.000000  1.000000  0.000605  -0.000173  -0.000605  1.000000  -0.000226  0.000173  0.000226  1.000000  0.999979  0.001757  -0.006208  -0.001771  0.999996  -0.002264  0.006204  0.002275  0.999978  1.000000  0.000078  -0.000020  -0.000078  1.000000  -0.000028  0.000020  0.000028  1.000000  1.000000  0.000605  -0.000173  -0.000605  1.000000  -0.000226  0.000173  0.000226  1.000000  0.000084  0.006839  
115.799120 -0.007950  0.082789  0.003406  0.995417  0.092775  -0.023182  -0.091449  0.994404  0.052902  0.027960  -0.050540  0.998331  -0.000090  -0.000910  -0.000955  -0.107978  0.314137  0.106463  2.000000  1.000000  0.000931  -0.000233  -0.000931  1.000000  -0.000336  0.000232  0.000336  1.000000  0.999977  0.002380  -0.006310  -0.002394  0.999995  -0.002125  0.006305  0.002140  0.999978  1.000000  0.000083  -0.000014  -0.000083  1.000000  -0.000027  0.000014  0.000027  1.000000  1.000000  0.000931  -0.000233  -0.000931  1.000000  -0.000336  0.000232  0.000336  1.000000  0.000087  0.007073  
115.800370 -0.007955  0.082782  0.003404  0.995345  0.093416  -0.023681  -0.092062  0.994344  0.052965  0.028495  -0.050539  0.998316  -0.000429  -0.001363  -0.000957  -0.103363  0.317538  0.127395  2.000000  0.999999  0.001367  -0.000279  -0.001367  0.999999  -0.000465  0.000279  0.000466  1.000000  0.999975  0.003004  -0.006412  -0.003017  0.999993  -0.001985  0.006406  0.002005  0.999977  1.000000  0.000088  -0.000007  -0.000088  1.000000  -0.000025  0.000007  0.000025  1.000000  0.999999  0.001367  -0.000279  -0.001367  0.999999  -0.000465  0.000279  0.000466  1.000000  0.000089  0.007357  
115.801370 -0.007958  0.082776  0.003403  0.995307  0.093655  -0.024335  -0.092265  0.994321  0.053032  0.029164  -0.050538  0.998296  -0.000633  -0.001766  -0.000990  -0.099242  0.331039  0.128085  2.000000  0.999998  0.001733  -0.000302  -0.001733  0.999998  -0.000562  0.000301  0.000562  1.000000  0.999972  0.003428  -0.006659  -0.003441  0.999992  -0.001851  0.006652  0.001873  0.999976  1.000000  0.000094  -0.000004  -0.000094  1.000000  -0.000023  0.000004  0.000023  1.000000  0.999998  0.001733  -0.000302  -0.001733  0.999998  -0.000562  0.000301  0.000562  1.000000  0.000092  0.007718  
115.802374 -0.007962  0.082770  0.003403  0.995254  0.094094  -0.024834  -0.092674  0.994274  0.053212  0.029699  -0.050658  0.998274  -0.000941  -0.002196  -0.000973  -0.090695  0.339267  0.142354  2.000000  0.999998  0.002120  -0.000320  -0.002120  0.999998  -0.000651  0.000319  0.000652  1.000000  0.999969  0.003648  -0.006915  -0.003659  0.999992  -0.001600  0.006909  0.001625  0.999975  1.000000  0.000098  -0.000004  -0.000098  1.000000  -0.000020  0.000004  0.000020  1.000000  0.999998  0.002120  -0.000320  -0.002120  0.999998  -0.000651  0.000319  0.000652  1.000000  0.000095  0.007983  
115.803616 -0.007969  0.082761  0.003402  0.995134  0.095158  -0.025577  -0.093696  0.994172  0.053313  0.030501  -0.050657  0.998250  -0.001402  -0.002674  -0.000890  -0.085683  0.350984  0.177586  2.000000  0.999997  0.002539  -0.000324  -0.002539  0.999997  -0.000731  0.000322  0.000732  1.000000  0.999962  0.004498  -0.007408  -0.004509  0.999989  -0.001572  0.007401  0.001605  0.999971  1.000000  0.000108  0.000002  -0.000108  1.000000  -0.000020  -0.000002  0.000020  1.000000  0.999997  0.002539  -0.000324  -0.002539  0.999997  -0.000731  0.000322  0.000732  1.000000  0.000100  0.008811  
115.804625 -0.007974  0.082754  0.003403  0.995055  0.095806  -0.026209  -0.094308  0.994110  0.053392  0.031170  -0.050656  0.998230  -0.001789  -0.003182  -0.000838  -0.080985  0.363323  0.198950  2.000000  0.999995  0.002992  -0.000304  -0.002993  0.999995  -0.000804  0.000301  0.000805  1.000000  0.999957  0.005135  -0.007777  -0.005146  0.999986  -0.001429  0.007770  0.001469  0.999969  1.000000  0.000116  0.000007  -0.000116  1.000000  -0.000018  -0.000007  0.000018  1.000000  0.999995  0.002992  -0.000304  -0.002993  0.999995  -0.000804  0.000301  0.000805  1.000000  0.000105  0.009431  
115.805627 -0.007979  0.082747  0.003402  0.994936  0.096863  -0.026819  -0.095331  0.994008  0.053482  0.031839  -0.050655  0.998209  -0.002176  -0.003628  -0.000841  -0.075907  0.374933  0.234109  2.000000  0.999994  0.003483  -0.000251  -0.003483  0.999994  -0.000870  0.000248  0.000871  1.000000  0.999948  0.006183  -0.008126  -0.006193  0.999980  -0.001272  0.008118  0.001322  0.999966  1.000000  0.000127  0.000016  -0.000127  1.000000  -0.000016  -0.000016  0.000016  1.000000  0.999994  0.003483  -0.000251  -0.003483  0.999994  -0.000870  0.000248  0.000871  1.000000  0.000111  0.010293  
115.806875 -0.007986  0.082738  0.003400  0.994808  0.097936  -0.027683  -0.096352  0.993897  0.053720  0.032775  -0.050774  0.998172  -0.002649  -0.004187  -0.000878  -0.066883  0.391512  0.262696  2.000000  0.999991  0.004144  -0.000153  -0.004144  0.999991  -0.000940  0.000149  0.000940  1.000000  0.999939  0.007026  -0.008484  -0.007035  0.999975  -0.000998  0.008477  0.001058  0.999964  1.000000  0.000136  0.000023  -0.000136  1.000000  -0.000013  -0.000023  0.000013  1.000000  0.999991  0.004144  -0.000153  -0.004144  0.999991  -0.000940  0.000149  0.000940  1.000000  0.000117  0.011064  
115.808124 -0.007994  0.082729  0.003397  0.994677  0.099007  -0.028558  -0.097373  0.993791  0.053840  0.033711  -0.050773  0.998141  -0.003225  -0.004744  -0.001004  -0.061707  0.407760  0.298176  2.000000  0.999988  0.004861  -0.000014  -0.004861  0.999988  -0.000996  0.000009  0.000996  1.000000  0.999927  0.008081  -0.008966  -0.008089  0.999967  -0.000836  0.008959  0.000909  0.999959  1.000000  0.000148  0.000032  -0.000148  1.000000  -0.000011  -0.000032  0.000011  1.000000  0.999988  0.004861  -0.000014  -0.004861  0.999988  -0.000996  0.000009  0.000996  1.000000  0.000125  0.012102  
115.809125 -0.008000  0.082723  0.003396  0.994569  0.099866  -0.029311  -0.098189  0.993705  0.053942  0.034513  -0.050771  0.998114  -0.003698  -0.005186  -0.001040  -0.056701  0.424253  0.326663  2.000000  0.999985  0.005479  0.000126  -0.005479  0.999984  -0.001033  -0.000132  0.001032  0.999999  0.999914  0.008937  -0.009592  -0.008944  0.999960  -0.000680  0.009585  0.000765  0.999954  1.000000  0.000160  0.000037  -0.000160  1.000000  -0.000009  -0.000037  0.000009  1.000000  0.999985  0.005479  0.000126  -0.005479  0.999984  -0.001033  -0.000132  0.001032  0.999999  0.000133  0.013130  
115.810126 -0.008007  0.082715  0.003395  0.994440  0.100929  -0.030053  -0.099210  0.993597  0.054052  0.035316  -0.050770  0.998086  -0.004164  -0.005647  -0.001063  -0.051457  0.435978  0.361878  2.000000  0.999981  0.006136  0.000287  -0.006136  0.999981  -0.001063  -0.000294  0.001062  0.999999  0.999903  0.009779  -0.009951  -0.009785  0.999952  -0.000523  0.009945  0.000620  0.999950  1.000000  0.000169  0.000044  -0.000169  1.000000  -0.000007  -0.000044  0.000007  1.000000  0.999981  0.006136  0.000287  -0.006136  0.999981  -0.001063  -0.000294  0.001062  0.999999  0.000141  0.013964  
115.811374 -0.008015  0.082705  0.003393  0.994299  0.102002  -0.031072  -0.100230  0.993494  0.054069  0.036385  -0.050647  0.998054  -0.004764  -0.006360  -0.001110  -0.050189  0.456641  0.397466  2.000000  0.999976  0.006846  0.000482  -0.006846  0.999976  -0.001087  -0.000489  0.001084  0.999999  0.999884  0.010846  -0.010701  -0.010851  0.999941  -0.000354  0.010697  0.000470  0.999943  1.000000  0.000184  0.000051  -0.000184  1.000000  -0.000005  -0.000051  0.000005  1.000000  0.999976  0.006846  0.000482  -0.006846  0.999976  -0.001087  -0.000489  0.001084  0.999999  0.000151  0.015243  
115.812627 -0.008024  0.082691  0.003390  0.994135  0.103283  -0.032068  -0.101454  0.993362  0.054216  0.037455  -0.050645  0.998014  -0.005287  -0.007062  -0.001224  -0.044794  0.477275  0.433063  2.000000  0.999969  0.007802  0.000764  -0.007801  0.999969  -0.001111  -0.000773  0.001105  0.999999  0.999865  0.011908  -0.011316  -0.011911  0.999929  -0.000184  0.011313  0.000319  0.999936  1.000000  0.000197  0.000058  -0.000197  1.000000  -0.000003  -0.000058  0.000003  1.000000  0.999969  0.007802  0.000764  -0.007801  0.999969  -0.001111  -0.000773  0.001105  0.999999  0.000161  0.016430  
115.813723 -0.008032  0.082680  0.003388  0.993995  0.104357  -0.032929  -0.102473  0.993244  0.054466  0.038391  -0.050764  0.997973  -0.005542  -0.007472  -0.001217  -0.035225  0.496338  0.467228  2.000000  0.999962  0.008615  0.001016  -0.008613  0.999962  -0.001118  -0.001026  0.001109  0.999999  0.999846  0.012964  -0.011797  -0.012964  0.999916  0.000107  0.011797  0.000046  0.999930  1.000000  0.000209  0.000067  -0.000209  1.000000  0.000000  -0.000067  -0.000000  1.000000  0.999962  0.008615  0.001016  -0.008613  0.999962  -0.001118  -0.001026  0.001109  0.999999  0.000169  0.017529  
115.814871 -0.008041  0.082665  0.003388  0.993847  0.105437  -0.033923  -0.103492  0.993123  0.054731  0.039460  -0.050883  0.997925  -0.005917  -0.008060  -0.001152  -0.025783  0.518695  0.504493  2.000000  0.999954  0.009487  0.001301  -0.009486  0.999954  -0.001113  -0.001311  0.001101  0.999999  0.999825  0.014025  -0.012412  -0.014023  0.999902  0.000281  0.012415  -0.000107  0.999923  1.000000  0.000222  0.000074  -0.000222  1.000000  0.000002  -0.000074  -0.000002  1.000000  0.999954  0.009487  0.001301  -0.009486  0.999954  -0.001113  -0.001311  0.001101  0.999999  0.000179  0.018731  
115.816120 -0.008050  0.082648  0.003388  0.993676  0.106722  -0.034905  -0.104715  0.992980  0.055005  0.040530  -0.051002  0.997876  -0.006218  -0.008653  -0.001048  -0.016209  0.544012  0.540559  2.000000  0.999942  0.010645  0.001688  -0.010643  0.999943  -0.001088  -0.001700  0.001070  0.999998  0.999798  0.015104  -0.013291  -0.015096  0.999886  0.000703  0.013300  -0.000502  0.999911  1.000000  0.000238  0.000080  -0.000238  1.000000  0.000008  -0.000080  -0.000008  1.000000  0.999942  0.010645  0.001688  -0.010643  0.999943  -0.001088  -0.001700  0.001070  0.999998  0.000190  0.020129  
115.817370 -0.008058  0.082630  0.003388  0.993497  0.108019  -0.036005  -0.105937  0.992827  0.055416  0.041733  -0.051241  0.997814  -0.006442  -0.009317  -0.001003  -0.002203  0.568655  0.583280  2.000000  0.999927  0.011878  0.002118  -0.011876  0.999929  -0.001038  -0.002131  0.001013  0.999997  0.999767  0.016379  -0.014026  -0.016365  0.999865  0.001135  0.014043  -0.000905  0.999901  1.000000  0.000254  0.000090  -0.000254  1.000000  0.000013  -0.000090  -0.000013  1.000000  0.999927  0.011878  0.002118  -0.011876  0.999929  -0.001038  -0.002131  0.001013  0.999997  0.000202  0.021590  
115.818374 -0.008064  0.082614  0.003388  0.993342  0.109099  -0.036997  -0.106955  0.992703  0.055688  0.042802  -0.051360  0.997763  -0.006463  -0.009944  -0.000991  0.007518  0.589333  0.618965  2.000000  0.999913  0.012917  0.002486  -0.012914  0.999916  -0.000980  -0.002499  0.000948  0.999996  0.999750  0.017026  -0.014525  -0.017006  0.999854  0.001539  0.014549  -0.001292  0.999893  1.000000  0.000264  0.000093  -0.000264  1.000000  0.000018  -0.000093  -0.000018  1.000000  0.999913  0.012917  0.002486  -0.012914  0.999916  -0.000980  -0.002499  0.000948  0.999996  0.000212  0.022426  
115.819620 -0.008071  0.082594  0.003388  0.993151  0.110403  -0.038228  -0.108176  0.992547  0.056119  0.044139  -0.051599  0.997692  -0.006525  -0.010669  -0.000970  0.021450  0.618986  0.655184  2.000000  0.999898  0.014006  0.002869  -0.014003  0.999902  -0.000907  -0.002882  0.000867  0.999995  0.999727  0.017687  -0.015290  -0.017662  0.999842  0.001831  0.015320  -0.001560  0.999881  1.000000  0.000276  0.000096  -0.000276  1.000000  0.000021  -0.000096  -0.000021  1.000000  0.999898  0.014006  0.002869  -0.014003  0.999902  -0.000907  -0.002882  0.000867  0.999995  0.000222  0.023443  
115.820870 -0.008077  0.082575  0.003388  0.992951  0.111714  -0.039592  -0.109395  0.992387  0.056568  0.045610  -0.051838  0.997613  -0.006453  -0.011386  -0.000946  0.039804  0.652726  0.698413  2.000000  0.999875  0.015422  0.003360  -0.015419  0.999881  -0.000800  -0.003372  0.000748  0.999994  0.999703  0.018349  -0.016054  -0.018317  0.999830  0.002124  0.016090  -0.001829  0.999869  1.000000  0.000289  0.000098  -0.000289  1.000000  0.000025  -0.000098  -0.000025  1.000000  0.999875  0.015422  0.003360  -0.015419  0.999881  -0.000800  -0.003372  0.000748  0.999994  0.000236  0.024463  
115.821874 -0.008081  0.082559  0.003387  0.992818  0.112589  -0.040446  -0.110208  0.992276  0.056944  0.046545  -0.052078  0.997558  -0.006355  -0.011943  -0.000832  0.053171  0.673962  0.720209  2.000000  0.999855  0.016603  0.003760  -0.016601  0.999862  -0.000701  -0.003771  0.000639  0.999993  0.999683  0.018995  -0.016554  -0.018959  0.999818  0.002292  0.016594  -0.001978  0.999860  1.000000  0.000298  0.000102  -0.000298  1.000000  0.000027  -0.000102  -0.000027  1.000000  0.999855  0.016603  0.003760  -0.016601  0.999862  -0.000701  -0.003771  0.000639  0.999993  0.000244  0.025289  
115.822874 -0.008085  0.082543  0.003386  0.992677  0.113467  -0.041447  -0.111020  0.992170  0.057216  0.047614  -0.052196  0.997501  -0.006208  -0.012658  -0.000744  0.062790  0.699426  0.749158  2.000000  0.999833  0.017810  0.004173  -0.017807  0.999841  -0.000593  -0.004183  0.000519  0.999991  0.999668  0.019430  -0.016928  -0.019390  0.999809  0.002574  0.016974  -0.002245  0.999853  1.000000  0.000305  0.000104  -0.000305  1.000000  0.000030  -0.000104  -0.000030  1.000000  0.999833  0.017810  0.004173  -0.017807  0.999841  -0.000593  -0.004183  0.000519  0.999991  0.000254  0.025885  
115.824124 -0.008091  0.082522  0.003385  0.992481  0.114760  -0.042556  -0.112240  0.992015  0.057523  0.048817  -0.052314  0.997437  -0.006025  -0.013382  -0.000708  0.073085  0.724407  0.792161  2.000000  0.999802  0.019345  0.004699  -0.019343  0.999813  -0.000456  -0.004707  0.000365  0.999989  0.999659  0.019651  -0.017181  -0.019609  0.999804  0.002606  0.017229  -0.002268  0.999849  1.000000  0.000309  0.000105  -0.000309  1.000000  0.000030  -0.000105  -0.000030  1.000000  0.999802  0.019345  0.004699  -0.019343  0.999813  -0.000456  -0.004707  0.000365  0.999989  0.000266  0.026220  
115.825126 -0.008095  0.082505  0.003385  0.992343  0.115626  -0.043436  -0.113052  0.991914  0.057664  0.049753  -0.052311  0.997391  -0.005908  -0.014254  -0.000654  0.078380  0.745597  0.813716  2.000000  0.999775  0.020593  0.005124  -0.020591  0.999788  -0.000342  -0.005130  0.000236  0.999987  0.999650  0.019870  -0.017437  -0.019827  0.999800  0.002634  0.017486  -0.002287  0.999844  1.000000  0.000313  0.000106  -0.000313  1.000000  0.000031  -0.000106  -0.000031  1.000000  0.999775  0.020593  0.005124  -0.020591  0.999788  -0.000342  -0.005130  0.000236  0.999987  0.000274  0.026554  
115.826372 -0.008101  0.082485  0.003385  0.992149  0.116912  -0.044411  -0.114271  0.991757  0.057960  0.050822  -0.052430  0.997331  -0.005727  -0.014673  -0.000537  0.092823  0.766277  0.856590  2.000000  0.999746  0.021864  0.005548  -0.021863  0.999761  -0.000222  -0.005552  0.000101  0.999985  0.999637  0.020106  -0.017958  -0.020059  0.999795  0.002788  0.018011  -0.002427  0.999835  1.000000  0.000320  0.000105  -0.000320  1.000000  0.000033  -0.000105  -0.000033  1.000000  0.999746  0.021864  0.005548  -0.021863  0.999761  -0.000222  -0.005552  0.000101  0.999985  0.000286  0.027087  
115.827623 -0.008106  0.082465  0.003385  0.991993  0.117791  -0.045557  -0.115081  0.991654  0.058135  0.052024  -0.052426  0.997269  -0.005464  -0.015099  -0.000326  0.098153  0.788031  0.871441  2.000000  0.999706  0.023470  0.006071  -0.023470  0.999725  -0.000075  -0.006071  -0.000068  0.999982  0.999635  0.019914  -0.018236  -0.019868  0.999799  0.002677  0.018286  -0.002314  0.999830  1.000000  0.000322  0.000101  -0.000322  1.000000  0.000031  -0.000101  -0.000031  1.000000  0.999706  0.023470  0.006071  -0.023470  0.999725  -0.000075  -0.006071  -0.000068  0.999982  0.000292  0.027121  
115.828877 -0.008112  0.082445  0.003386  0.991811  0.118880  -0.046675  -0.116095  0.991517  0.058441  0.053227  -0.052544  0.997199  -0.005133  -0.015462  -0.000097  0.103273  0.805474  0.879170  2.000000  0.999664  0.025088  0.006576  -0.025089  0.999685  0.000071  -0.006572  -0.000236  0.999978  0.999630  0.019930  -0.018501  -0.019881  0.999798  0.002822  0.018553  -0.002453  0.999825  1.000000  0.000325  0.000100  -0.000325  1.000000  0.000033  -0.000100  -0.000033  1.000000  0.999664  0.025088  0.006576  -0.025089  0.999685  0.000071  -0.006572  -0.000236  0.999978  0.000299  0.027324  
115.830121 -0.008119  0.082424  0.003387  0.991643  0.119766  -0.047952  -0.116903  0.991411  0.058636  0.054563  -0.052540  0.997127  -0.005015  -0.015853  -0.000026  0.104366  0.832241  0.887628  2.000000  0.999618  0.026714  0.007065  -0.026716  0.999643  0.000224  -0.007057  -0.000412  0.999975  0.999629  0.019737  -0.018779  -0.019688  0.999802  0.002836  0.018831  -0.002466  0.999820  1.000000  0.000327  0.000096  -0.000327  1.000000  0.000033  -0.000096  -0.000033  1.000000  0.999618  0.026714  0.007065  -0.026716  0.999643  0.000224  -0.007057  -0.000412  0.999975  0.000305  0.027376  
115.831373 -0.008127  0.082403  0.003389  0.991457  0.120856  -0.049069  -0.117916  0.991272  0.058947  0.055765  -0.052658  0.997054  -0.004997  -0.016145  0.000096  0.110165  0.844532  0.908993  2.000000  0.999570  0.028343  0.007536  -0.028347  0.999598  0.000378  -0.007522  -0.000592  0.999972  0.999636  0.019328  -0.018798  -0.019276  0.999810  0.002958  0.018852  -0.002594  0.999819  1.000000  0.000324  0.000091  -0.000324  1.000000  0.000035  -0.000091  -0.000035  1.000000  0.999570  0.028343  0.007536  -0.028347  0.999598  0.000378  -0.007522  -0.000592  0.999972  0.000311  0.027108  
115.832620 -0.008135  0.082380  0.003391  0.991267  0.121939  -0.050201  -0.118928  0.991140  0.059141  0.056967  -0.052654  0.996987  -0.004960  -0.016376  0.000214  0.107572  0.857346  0.923634  2.000000  0.999519  0.029967  0.007990  -0.029972  0.999551  0.000547  -0.007970  -0.000786  0.999968  0.999635  0.019136  -0.019076  -0.019081  0.999813  0.003092  0.019132  -0.002727  0.999813  1.000000  0.000326  0.000087  -0.000326  1.000000  0.000036  -0.000087  -0.000036  1.000000  0.999519  0.029967  0.007990  -0.029972  0.999551  0.000547  -0.007970  -0.000786  0.999968  0.000316  0.027180  
115.833871 -0.008143  0.082358  0.003393  0.991100  0.122824  -0.051329  -0.119736  0.991024  0.059446  0.058170  -0.052771  0.996911  -0.005075  -0.016598  0.000301  0.112522  0.870705  0.924281  2.000000  0.999465  0.031590  0.008428  -0.031597  0.999500  0.000720  -0.008401  -0.000986  0.999964  0.999639  0.018932  -0.019085  -0.018877  0.999817  0.003100  0.019140  -0.002738  0.999813  1.000000  0.000325  0.000085  -0.000325  1.000000  0.000036  -0.000085  -0.000037  1.000000  0.999465  0.031590  0.008428  -0.031597  0.999500  0.000720  -0.008401  -0.000986  0.999964  0.000319  0.027044  
115.835120 -0.008152  0.082335  0.003395  0.990931  0.123716  -0.052441  -0.120544  0.990901  0.059874  0.059372  -0.053009  0.996827  -0.005236  -0.016808  0.000480  0.120207  0.881766  0.910992  2.000000  0.999421  0.032884  0.008758  -0.032893  0.999459  0.000860  -0.008725  -0.001148  0.999961  0.999646  0.018523  -0.019105  -0.018465  0.999824  0.003219  0.019161  -0.002865  0.999812  1.000000  0.000323  0.000081  -0.000323  1.000000  0.000038  -0.000081  -0.000038  1.000000  0.999421  0.032884  0.008758  -0.032893  0.999459  0.000860  -0.008725  -0.001148  0.999961  0.000318  0.026787  
115.836120 -0.008159  0.082316  0.003398  0.990801  0.124384  -0.053316  -0.121149  0.990811  0.060140  0.060307  -0.053127  0.996765  -0.005386  -0.016983  0.000686  0.120565  0.890791  0.904548  2.000000  0.999375  0.034173  0.009074  -0.034183  0.999415  0.001003  -0.009034  -0.001313  0.999958  0.999650  0.018121  -0.019258  -0.018063  0.999832  0.003211  0.019313  -0.002862  0.999809  1.000000  0.000322  0.000075  -0.000322  1.000000  0.000038  -0.000075  -0.000038  1.000000  0.999375  0.034173  0.009074  -0.034183  0.999415  0.001003  -0.009034  -0.001313  0.999958  0.000318  0.026620  
115.837120 -0.008166  0.082297  0.003401  0.990644  0.125256  -0.054178  -0.121958  0.990695  0.060418  0.061241  -0.053245  0.996702  -0.005629  -0.017190  0.000892  0.125299  0.899664  0.905054  2.000000  0.999327  0.035456  0.009381  -0.035469  0.999370  0.001147  -0.009335  -0.001478  0.999955  0.999650  0.018123  -0.019256  -0.018064  0.999832  0.003227  0.019311  -0.002878  0.999809  1.000000  0.000322  0.000075  -0.000322  1.000000  0.000038  -0.000075  -0.000038  1.000000  0.999327  0.035456  0.009381  -0.035469  0.999370  0.001147  -0.009335  -0.001478  0.999955  0.000320  0.026622  
115.838129 -0.008175  0.082277  0.003403  0.990511  0.125924  -0.055052  -0.122563  0.990604  0.060686  0.062176  -0.053363  0.996638  -0.005930  -0.017435  0.001147  0.130542  0.907674  0.898652  2.000000  0.999278  0.036736  0.009682  -0.036751  0.999324  0.001287  -0.009628  -0.001642  0.999952  0.999654  0.017919  -0.019265  -0.017862  0.999836  0.003109  0.019317  -0.002764  0.999810  1.000000  0.000321  0.000073  -0.000321  1.000000  0.000037  -0.000073  -0.000037  1.000000  0.999278  0.036736  0.009682  -0.036751  0.999324  0.001287  -0.009628  -0.001642  0.999952  0.000321  0.026477  
115.839374 -0.008186  0.082252  0.003405  0.990310  0.127007  -0.056180  -0.123573  0.990466  0.060891  0.063378  -0.053359  0.996562  -0.006266  -0.017703  0.001337  0.131180  0.912608  0.892016  2.000000  0.999215  0.038320  0.010037  -0.038337  0.999264  0.001457  -0.009973  -0.001841  0.999949  0.999672  0.017283  -0.018896  -0.017230  0.999847  0.002969  0.018944  -0.002643  0.999817  1.000000  0.000313  0.000069  -0.000313  1.000000  0.000035  -0.000069  -0.000035  1.000000  0.999215  0.038320  0.010037  -0.038337  0.999264  0.001457  -0.009973  -0.001841  0.999949  0.000321  0.025763  
115.840625 -0.008197  0.082227  0.003406  0.990140  0.127886  -0.057173  -0.124380  0.990346  0.061191  0.064446  -0.053476  0.996487  -0.006632  -0.017965  0.001458  0.139979  0.913558  0.885638  2.000000  0.999151  0.039861  0.010370  -0.039880  0.999203  0.001616  -0.010297  -0.002028  0.999945  0.999687  0.016654  -0.018660  -0.016604  0.999858  0.002826  0.018704  -0.002515  0.999822  1.000000  0.000306  0.000063  -0.000306  1.000000  0.000033  -0.000063  -0.000033  1.000000  0.999151  0.039861  0.010370  -0.039880  0.999203  0.001616  -0.010297  -0.002028  0.999945  0.000320  0.025156  
115.841625 -0.008206  0.082208  0.003407  0.990011  0.128540  -0.057929  -0.124985  0.990262  0.061326  0.065247  -0.053473  0.996435  -0.006987  -0.018200  0.001554  0.139832  0.913554  0.871097  2.000000  0.999100  0.041073  0.010625  -0.041093  0.999154  0.001733  -0.010545  -0.002168  0.999942  0.999696  0.016433  -0.018404  -0.016388  0.999862  0.002585  0.018444  -0.002282  0.999827  1.000000  0.000302  0.000063  -0.000302  1.000000  0.000030  -0.000063  -0.000030  1.000000  0.999100  0.041073  0.010625  -0.041093  0.999154  0.001733  -0.010545  -0.002168  0.999942  0.000318  0.024795  
115.842876 -0.008218  0.082184  0.003408  0.989829  0.129420  -0.059068  -0.125790  0.990147  0.061525  0.066449  -0.053469  0.996356  -0.007352  -0.018472  0.001535  0.136332  0.918365  0.864448  2.000000  0.999046  0.042284  0.010880  -0.042307  0.999103  0.001842  -0.010792  -0.002301  0.999939  0.999693  0.016440  -0.018537  -0.016397  0.999862  0.002480  0.018576  -0.002175  0.999825  1.000000  0.000304  0.000062  -0.000304  1.000000  0.000029  -0.000062  -0.000029  1.000000  0.999046  0.042284  0.010880  -0.042307  0.999103  0.001842  -0.010792  -0.002301  0.999939  0.000317  0.024889  
115.844125 -0.008230  0.082159  0.003408  0.989628  0.130496  -0.060063  -0.126800  0.990006  0.061721  0.067517  -0.053465  0.996285  -0.007825  -0.018827  0.001452  0.136861  0.914042  0.857080  2.000000  0.998978  0.043794  0.011197  -0.043819  0.999038  0.001969  -0.011100  -0.002457  0.999935  0.999696  0.016432  -0.018404  -0.016391  0.999863  0.002375  0.018440  -0.002073  0.999828  1.000000  0.000302  0.000063  -0.000302  1.000000  0.000028  -0.000063  -0.000028  1.000000  0.998978  0.043794  0.011197  -0.043819  0.999038  0.001969  -0.011100  -0.002457  0.999935  0.000315  0.024774  
115.845373 -0.008242  0.082134  0.003406  0.989460  0.131361  -0.060937  -0.127606  0.989892  0.061890  0.068451  -0.053462  0.996221  -0.008155  -0.019112  0.001234  0.132887  0.910508  0.843322  2.000000  0.998908  0.045287  0.011505  -0.045314  0.998971  0.002086  -0.011399  -0.002605  0.999932  0.999704  0.016013  -0.018293  -0.015975  0.999870  0.002242  0.018326  -0.001950  0.999830  1.000000  0.000298  0.000059  -0.000298  1.000000  0.000026  -0.000059  -0.000026  1.000000  0.998908  0.045287  0.011505  -0.045314  0.998971  0.002086  -0.011399  -0.002605  0.999932  0.000313  0.024404  
115.846375 -0.008252  0.082115  0.003404  0.989326  0.132007  -0.061708  -0.128210  0.989813  0.061911  0.069252  -0.053338  0.996172  -0.008382  -0.019253  0.001006  0.120957  0.906254  0.836133  2.000000  0.998851  0.046459  0.011739  -0.046488  0.998916  0.002174  -0.011625  -0.002717  0.999929  0.999721  0.015373  -0.017927  -0.015340  0.999880  0.001969  0.017955  -0.001694  0.999837  1.000000  0.000290  0.000054  -0.000290  1.000000  0.000023  -0.000054  -0.000023  1.000000  0.998851  0.046459  0.011739  -0.046488  0.998916  0.002174  -0.011625  -0.002717  0.999929  0.000311  0.023689  
115.847620 -0.008264  0.082090  0.003402  0.989120  0.133082  -0.062702  -0.129219  0.989669  0.062112  0.070320  -0.053334  0.996098  -0.008641  -0.019334  0.000753  0.116711  0.903265  0.829555  2.000000  0.998780  0.047900  0.012018  -0.047931  0.998848  0.002276  -0.011895  -0.002849  0.999925  0.999726  0.015357  -0.017660  -0.015325  0.999881  0.001983  0.017688  -0.001711  0.999842  1.000000  0.000287  0.000056  -0.000287  1.000000  0.000023  -0.000056  -0.000023  1.000000  0.998780  0.047900  0.012018  -0.047931  0.998848  0.002276  -0.011895  -0.002849  0.999925  0.000308  0.023479  
115.848622 -0.008275  0.082071  0.003401  0.988983  0.133736  -0.063456  -0.129822  0.989581  0.062255  0.071121  -0.053331  0.996041  -0.008965  -0.019453  0.000542  0.109322  0.894932  0.815903  2.000000  0.998721  0.049047  0.012247  -0.049080  0.998792  0.002358  -0.012117  -0.002956  0.999922  0.999729  0.015350  -0.017526  -0.015317  0.999881  0.001994  0.017555  -0.001725  0.999844  1.000000  0.000286  0.000056  -0.000286  1.000000  0.000023  -0.000056  -0.000023  1.000000  0.998721  0.049047  0.012247  -0.049080  0.998792  0.002358  -0.012117  -0.002956  0.999922  0.000304  0.023374  
115.849870 -0.008289  0.082045  0.003398  0.988773  0.134811  -0.064449  -0.130830  0.989435  0.062460  0.072188  -0.053327  0.995964  -0.009226  -0.019577  0.000262  0.101024  0.886444  0.808312  2.000000  0.998647  0.050472  0.012540  -0.050507  0.998721  0.002454  -0.012400  -0.003084  0.999918  0.999728  0.015547  -0.017382  -0.015516  0.999878  0.001903  0.017409  -0.001632  0.999847  1.000000  0.000285  0.000059  -0.000285  1.000000  0.000022  -0.000059  -0.000022  1.000000  0.998647  0.050472  0.012540  -0.050507  0.998721  0.002454  -0.012400  -0.003084  0.999918  0.000301  0.023389  
115.850870 -0.008300  0.082025  0.003397  0.988634  0.135465  -0.065203  -0.131433  0.989346  0.062605  0.072989  -0.053324  0.995906  -0.009549  -0.019739  -0.000062  0.093346  0.872333  0.793184  2.000000  0.998601  0.051328  0.012721  -0.051364  0.998677  0.002512  -0.012575  -0.003162  0.999916  0.999728  0.015546  -0.017382  -0.015515  0.999878  0.001914  0.017409  -0.001644  0.999847  1.000000  0.000285  0.000059  -0.000285  1.000000  0.000022  -0.000059  -0.000022  1.000000  0.998601  0.051328  0.012721  -0.051364  0.998677  0.002512  -0.012575  -0.003162  0.999916  0.000297  0.023389  
115.852122 -0.008314  0.081999  0.003395  0.988448  0.136336  -0.066208  -0.132237  0.989227  0.062800  0.074057  -0.053320  0.995828  -0.009849  -0.019910  -0.000426  0.089280  0.869593  0.786928  2.000000  0.998523  0.052748  0.013019  -0.052786  0.998602  0.002605  -0.012864  -0.003288  0.999912  0.999733  0.015333  -0.017259  -0.015304  0.999881  0.001793  0.017285  -0.001529  0.999849  1.000000  0.000283  0.000058  -0.000283  1.000000  0.000021  -0.000058  -0.000021  1.000000  0.998523  0.052748  0.013019  -0.052786  0.998602  0.002605  -0.012864  -0.003288  0.999912  0.000294  0.023148  
115.853366 -0.008329  0.081972  0.003392  0.988259  0.137207  -0.067213  -0.133040  0.989107  0.062997  0.075124  -0.053315  0.995748  -0.010117  -0.020063  -0.000737  0.085665  0.865549  0.779935  2.000000  0.998444  0.054151  0.013308  -0.054192  0.998527  0.002694  -0.013143  -0.003411  0.999908  0.999736  0.015127  -0.017270  -0.015098  0.999884  0.001796  0.017295  -0.001534  0.999849  1.000000  0.000282  0.000056  -0.000282  1.000000  0.000021  -0.000056  -0.000021  1.000000  0.998444  0.054151  0.013308  -0.054192  0.998527  0.002694  -0.013143  -0.003411  0.999908  0.000292  0.023020  
115.854370 -0.008340  0.081950  0.003389  0.988107  0.137867  -0.068098  -0.133641  0.989015  0.063163  0.076058  -0.053312  0.995677  -0.010293  -0.020118  -0.001033  0.081496  0.861762  0.766010  2.000000  0.998380  0.055270  0.013540  -0.055312  0.998465  0.002759  -0.013367  -0.003503  0.999905  0.999739  0.015119  -0.017137  -0.015092  0.999885  0.001685  0.017160  -0.001426  0.999852  1.000000  0.000280  0.000056  -0.000280  1.000000  0.000019  -0.000056  -0.000019  1.000000  0.998380  0.055270  0.013540  -0.055312  0.998465  0.002759  -0.013367  -0.003503  0.999905  0.000289  0.022907  
115.855372 -0.008352  0.081929  0.003387  0.987963  0.138521  -0.068851  -0.134243  0.988924  0.063313  0.076858  -0.053308  0.995616  -0.010522  -0.020249  -0.001341  0.077453  0.860955  0.751181  2.000000  0.998315  0.056374  0.013773  -0.056418  0.998403  0.002819  -0.013592  -0.003592  0.999901  0.999749  0.014891  -0.016747  -0.014867  0.999888  0.001560  0.016768  -0.001310  0.999859  1.000000  0.000274  0.000056  -0.000274  1.000000  0.000018  -0.000056  -0.000018  1.000000  0.998315  0.056374  0.013773  -0.056418  0.998403  0.002819  -0.013592  -0.003592  0.999901  0.000286  0.022458  
115.856393 -0.008364  0.081906  0.003383  0.987819  0.139174  -0.069604  -0.134845  0.988832  0.063464  0.077659  -0.053305  0.995554  -0.010706  -0.020428  -0.001688  0.077562  0.856193  0.743452  2.000000  0.998249  0.057470  0.014010  -0.057515  0.998340  0.002873  -0.013822  -0.003673  0.999898  0.999748  0.015088  -0.016602  -0.015066  0.999885  0.001465  0.016622  -0.001215  0.999861  1.000000  0.000274  0.000059  -0.000274  1.000000  0.000017  -0.000059  -0.000017  1.000000  0.998249  0.057470  0.014010  -0.057515  0.998340  0.002873  -0.013822  -0.003673  0.999898  0.000285  0.022476  
115.857626 -0.008379  0.081878  0.003377  0.987607  0.140241  -0.070462  -0.135852  0.988682  0.063662  0.078592  -0.053301  0.995481  -0.010966  -0.020707  -0.002105  0.078817  0.847451  0.750347  2.000000  0.998182  0.058568  0.014245  -0.058615  0.998276  0.002920  -0.014050  -0.003750  0.999894  0.999746  0.015095  -0.016736  -0.015074  0.999885  0.001359  0.016754  -0.001107  0.999859  1.000000  0.000276  0.000059  -0.000276  1.000000  0.000015  -0.000059  -0.000015  1.000000  0.998182  0.058568  0.014245  -0.058615  0.998276  0.002920  -0.014050  -0.003750  0.999894  0.000285  0.022573  
115.858871 -0.008394  0.081851  0.003372  0.987411  0.141103  -0.071482  -0.136653  0.988566  0.063747  0.079660  -0.053176  0.995403  -0.011150  -0.020891  -0.002450  0.070785  0.844974  0.744398  2.000000  0.998113  0.059667  0.014483  -0.059716  0.998211  0.002962  -0.014280  -0.003822  0.999891  0.999746  0.015094  -0.016736  -0.015075  0.999886  0.001251  0.016753  -0.000999  0.999859  1.000000  0.000276  0.000059  -0.000276  1.000000  0.000014  -0.000059  -0.000014  1.000000  0.998113  0.059667  0.014483  -0.059716  0.998211  0.002962  -0.014280  -0.003822  0.999891  0.000282  0.022567  
115.859879 -0.008406  0.081829  0.003366  0.987273  0.141749  -0.072102  -0.137256  0.988474  0.063882  0.080326  -0.053173  0.995349  -0.011284  -0.021016  -0.002730  0.071584  0.829568  0.742144  2.000000  0.998044  0.060762  0.014725  -0.060812  0.998145  0.002992  -0.014516  -0.003882  0.999887  0.999748  0.015084  -0.016604  -0.015069  0.999886  0.001020  0.016617  -0.000769  0.999862  1.000000  0.000274  0.000059  -0.000274  1.000000  0.000011  -0.000059  -0.000011  1.000000  0.998044  0.060762  0.014725  -0.060812  0.998145  0.002992  -0.014516  -0.003882  0.999887  0.000280  0.022452  
115.860893 -0.008417  0.081808  0.003362  0.987124  0.142393  -0.072871  -0.137856  0.988388  0.063918  0.081127  -0.053049  0.995291  -0.011350  -0.021059  -0.002938  0.063535  0.825033  0.734605  2.000000  0.997974  0.061846  0.014964  -0.061897  0.998078  0.003018  -0.014748  -0.003938  0.999883  0.999753  0.015067  -0.016338  -0.015056  0.999886  0.000787  0.016348  -0.000540  0.999866  1.000000  0.000271  0.000061  -0.000271  1.000000  0.000008  -0.000061  -0.000008  1.000000  0.997974  0.061846  0.014964  -0.061897  0.998078  0.003018  -0.014748  -0.003938  0.999883  0.000277  0.022237  
115.862122 -0.008430  0.081782  0.003355  0.986974  0.143045  -0.073623  -0.138457  0.988294  0.064074  0.081927  -0.053045  0.995226  -0.011422  -0.021233  -0.003234  0.063359  0.808405  0.720346  2.000000  0.997902  0.062934  0.015208  -0.062987  0.998010  0.003037  -0.014987  -0.003988  0.999880  0.999748  0.015278  -0.016461  -0.015267  0.999883  0.000817  0.016471  -0.000565  0.999864  1.000000  0.000274  0.000062  -0.000274  1.000000  0.000009  -0.000062  -0.000009  1.000000  0.997902  0.062934  0.015208  -0.062987  0.998010  0.003037  -0.014987  -0.003988  0.999880  0.000273  0.022471  
115.863127 -0.008441  0.081761  0.003350  0.986805  0.143885  -0.074247  -0.139262  0.988178  0.064107  0.082593  -0.052922  0.995177  -0.011385  -0.021311  -0.003471  0.056225  0.798920  0.726598  2.000000  0.997830  0.064009  0.015454  -0.064063  0.997941  0.003052  -0.015227  -0.004035  0.999876  0.999763  0.014836  -0.015951  -0.014828  0.999890  0.000671  0.015959  -0.000434  0.999873  1.000000  0.000265  0.000061  -0.000265  1.000000  0.000007  -0.000061  -0.000007  1.000000  0.997830  0.064009  0.015454  -0.064063  0.997941  0.003052  -0.015227  -0.004035  0.999876  0.000271  0.021793  
115.864373 -0.008455  0.081735  0.003343  0.986624  0.144732  -0.075003  -0.140065  0.988061  0.064161  0.083393  -0.052797  0.995117  -0.011417  -0.021416  -0.003757  0.048798  0.788230  0.727820  2.000000  0.997739  0.065326  0.015766  -0.065382  0.997856  0.003067  -0.015532  -0.004091  0.999871  0.999767  0.014821  -0.015683  -0.014812  0.999890  0.000682  0.015692  -0.000449  0.999877  1.000000  0.000262  0.000062  -0.000262  1.000000  0.000007  -0.000062  -0.000007  1.000000  0.997739  0.065326  0.015766  -0.065382  0.997856  0.003067  -0.015532  -0.004091  0.999871  0.000269  0.021588  
115.865620 -0.008469  0.081707  0.003336  0.986471  0.145384  -0.075754  -0.140665  0.987966  0.064320  0.084193  -0.052794  0.995050  -0.011488  -0.021554  -0.004149  0.044834  0.776981  0.718636  2.000000  0.997649  0.066622  0.016071  -0.066679  0.997770  0.003074  -0.015830  -0.004139  0.999866  0.999777  0.014394  -0.015440  -0.014387  0.999896  0.000537  0.015446  -0.000315  0.999881  1.000000  0.000257  0.000059  -0.000257  1.000000  0.000005  -0.000059  -0.000005  1.000000  0.997649  0.066622  0.016071  -0.066679  0.997770  0.003074  -0.015830  -0.004139  0.999866  0.000266  0.021115  
115.866868 -0.008483  0.081680  0.003328  0.986288  0.146230  -0.076509  -0.141468  0.987847  0.064376  0.084993  -0.052670  0.994988  -0.011485  -0.021615  -0.004465  0.036964  0.766162  0.712468  2.000000  0.997575  0.067655  0.016316  -0.067714  0.997700  0.003077  -0.016071  -0.004174  0.999862  0.999774  0.014596  -0.015431  -0.014591  0.999893  0.000444  0.015436  -0.000219  0.999881  1.000000  0.000258  0.000062  -0.000258  1.000000  0.000004  -0.000062  -0.000004  1.000000  0.997575  0.067655  0.016316  -0.067714  0.997700  0.003077  -0.016071  -0.004174  0.999862  0.000263  0.021245  
115.867870 -0.008495  0.081657  0.003323  0.986143  0.146875  -0.077128  -0.142069  0.987752  0.064518  0.085660  -0.052667  0.994931  -0.011510  -0.021736  -0.004734  0.032950  0.757529  0.705122  2.000000  0.997501  0.068684  0.016564  -0.068744  0.997630  0.003083  -0.016313  -0.004214  0.999858  0.999777  0.014589  -0.015297  -0.014581  0.999894  0.000574  0.015304  -0.000351  0.999883  1.000000  0.000257  0.000062  -0.000257  1.000000  0.000006  -0.000062  -0.000006  1.000000  0.997501  0.068684  0.016564  -0.068744  0.997630  0.003083  -0.016313  -0.004214  0.999858  0.000260  0.021145  
115.868870 -0.008507  0.081635  0.003317  0.986028  0.147307  -0.077778  -0.142466  0.987694  0.064525  0.086326  -0.052543  0.994880  -0.011493  -0.021788  -0.004951  0.024883  0.748950  0.697739  2.000000  0.997426  0.069700  0.016809  -0.069762  0.997559  0.003089  -0.016553  -0.004254  0.999854  0.999782  0.014376  -0.015175  -0.014369  0.999897  0.000566  0.015181  -0.000348  0.999885  1.000000  0.000254  0.000061  -0.000254  1.000000  0.000006  -0.000061  -0.000006  1.000000  0.997426  0.069700  0.016809  -0.069762  0.997559  0.003089  -0.016553  -0.004254  0.999854  0.000257  0.020909  
115.869870 -0.008519  0.081612  0.003312  0.985882  0.147952  -0.078397  -0.143067  0.987598  0.064669  0.086993  -0.052540  0.994823  -0.011470  -0.021859  -0.005070  0.021075  0.742307  0.696193  2.000000  0.997351  0.070708  0.017053  -0.070771  0.997488  0.003089  -0.016792  -0.004287  0.999850  0.999786  0.014161  -0.015054  -0.014156  0.999900  0.000436  0.015059  -0.000223  0.999887  1.000000  0.000251  0.000059  -0.000251  1.000000  0.000004  -0.000059  -0.000004  1.000000  0.997351  0.070708  0.017053  -0.070771  0.997488  0.003089  -0.016792  -0.004287  0.999850  0.000254  0.020672  
