1-Time 2-Px 3-Py 4-Pz 5-R11 6-R21 7-R31 8-R12 9-R22 10-R32 11-R13 12-R23 13-R33 14-Vx 15-Vy 16-Vz 17-Wx 18-Wy 19-Wz 20-state 21-PR11 22-PR21 23-PR31 24-PR12 25-PR22 26-PR32 27-PR13 28-PR23 29-PR33 
178.347847 0.000785  0.087220  -0.000202  0.998713  0.038686  0.032800  -0.040321  0.997898  0.050731  -0.030769  -0.051988  0.998174  -0.000070  -0.000070  0.000004  0.000000  0.000000  0.000000  2.000000  1.000000  0.000000  0.000000  0.000000  1.000000  0.000000  0.000000  0.000000  1.000000  1.000000  -0.000192  -0.000278  0.000191  0.999998  -0.002056  0.000278  0.002056  0.999998  1.000000  0.000000  0.000000  0.000000  1.000000  0.000000  0.000000  0.000000  1.000000  0.778473  0.558709  -0.286048  -0.543382  0.827993  0.138435  0.314190  0.047666  0.948163  0.000000  0.000000  
178.348853 0.000785  0.087220  -0.000202  0.998713  0.038690  0.032796  -0.040321  0.997904  0.050610  -0.030769  -0.051867  0.998180  -0.000070  -0.000070  0.000004  0.000000  0.000000  0.000000  2.000000  1.000000  0.000000  0.000000  0.000000  1.000000  0.000000  0.000000  0.000000  1.000000  1.000000  -0.000192  -0.000278  0.000191  0.999998  -0.002056  0.000278  0.002056  0.999998  1.000000  0.000000  0.000000  0.000000  1.000000  0.000000  0.000000  0.000000  1.000000  1.000000  0.000000  0.000000  0.000000  1.000000  0.000000  0.000000  0.000000  1.000000  0.000000  0.000000  
178.350101 0.000783  0.087216  -0.000203  0.998705  0.038896  0.032806  -0.040526  0.997896  0.050603  -0.030769  -0.051867  0.998180  -0.000195  -0.000318  -0.000039  0.000000  0.000000  0.000000  2.000000  1.000000  0.000000  0.000000  0.000000  1.000000  0.000000  0.000000  0.000000  1.000000  1.000000  0.000007  -0.000134  -0.000007  0.999998  -0.001941  0.000134  0.001941  0.999998  1.000000  0.000000  0.000000  0.000000  1.000000  0.000000  0.000000  0.000000  1.000000  1.000000  0.000000  0.000000  0.000000  1.000000  0.000000  0.000000  0.000000  1.000000  0.000000  0.000000  
178.351103 0.000781  0.087213  -0.000205  0.998692  0.039094  0.032950  -0.040732  0.997889  0.050591  -0.030903  -0.051867  0.998176  -0.000291  -0.000576  -0.000146  0.000000  0.000000  0.000000  2.000000  1.000000  0.000000  0.000000  0.000000  1.000000  0.000000  0.000000  0.000000  1.000000  1.000000  0.000205  0.000011  -0.000205  0.999998  -0.001826  -0.000011  0.001826  0.999998  1.000000  0.000000  0.000000  0.000000  1.000000  0.000000  0.000000  0.000000  1.000000  1.000000  0.000000  0.000000  0.000000  1.000000  0.000000  0.000000  0.000000  1.000000  0.000000  0.000000  
178.352104 0.000780  0.087208  -0.000205  0.998680  0.039293  0.033094  -0.040937  0.997881  0.050579  -0.031036  -0.051867  0.998172  -0.000357  -0.000853  -0.000178  0.000000  0.000000  0.000000  2.000000  1.000000  0.000000  0.000000  0.000000  1.000000  0.000000  0.000000  0.000000  1.000000  1.000000  0.000616  0.000032  -0.000616  0.999998  -0.001717  -0.000033  0.001717  0.999999  1.000000  0.000000  0.000000  0.000000  1.000000  0.000000  0.000000  0.000000  1.000000  1.000000  0.000000  0.000000  0.000000  1.000000  0.000000  0.000000  0.000000  1.000000  0.000000  0.000000  
178.353355 0.000778  0.087203  -0.000206  0.998671  0.039498  0.033104  -0.041143  0.997873  0.050572  -0.031036  -0.051867  0.998172  -0.000465  -0.001209  -0.000224  0.000000  0.000000  0.000000  2.000000  1.000000  0.000000  0.000000  0.000000  1.000000  0.000000  0.000000  0.000000  1.000000  1.000000  0.000610  0.000166  -0.000609  0.999999  -0.001596  -0.000167  0.001596  0.999999  1.000000  0.000000  0.000000  0.000000  1.000000  0.000000  0.000000  0.000000  1.000000  1.000000  0.000000  0.000000  0.000000  1.000000  0.000000  0.000000  0.000000  1.000000  0.000000  0.000000  
178.354366 0.000776  0.087197  -0.000207  0.998671  0.039494  0.033109  -0.041143  0.997866  0.050693  -0.031036  -0.051988  0.998165  -0.000594  -0.001578  -0.000287  0.000000  0.000000  0.000000  2.000000  1.000000  0.000000  0.000000  0.000000  1.000000  0.000000  0.000000  0.000000  1.000000  1.000000  0.000815  0.000176  -0.000815  0.999999  -0.001481  -0.000178  0.001481  0.999999  1.000000  0.000000  0.000000  0.000000  1.000000  0.000000  0.000000  0.000000  1.000000  1.000000  0.000000  0.000000  0.000000  1.000000  0.000000  0.000000  0.000000  1.000000  0.000000  0.000000  
178.355613 0.000774  0.087191  -0.000207  0.998667  0.039702  0.032991  -0.041349  0.997852  0.050813  -0.030903  -0.052109  0.998163  -0.000749  -0.001998  -0.000313  0.000000  0.000000  0.000000  2.000000  1.000000  0.000000  0.000000  0.000000  1.000000  0.000000  0.000000  0.000000  1.000000  0.999999  0.001027  0.000053  -0.001027  0.999999  -0.001366  -0.000055  0.001366  0.999999  1.000000  0.000000  0.000000  0.000000  1.000000  0.000000  0.000000  0.000000  1.000000  1.000000  0.000000  0.000000  0.000000  1.000000  0.000000  0.000000  0.000000  1.000000  0.000000  0.000000  
178.356858 0.000772  0.087185  -0.000208  0.998650  0.040113  0.033012  -0.041760  0.997835  0.050799  -0.030903  -0.052109  0.998163  -0.000904  -0.002418  -0.000338  0.000000  0.000000  0.000000  2.000000  1.000000  0.000000  0.000000  0.000000  1.000000  0.000000  0.000000  0.000000  1.000000  0.999999  0.001233  0.000064  -0.001233  0.999999  -0.001130  -0.000066  0.001130  0.999999  1.000000  0.000000  0.000000  0.000000  1.000000  0.000000  0.000000  0.000000  1.000000  1.000000  0.000000  0.000000  0.000000  1.000000  0.000000  0.000000  0.000000  1.000000  0.000000  0.000000  
178.357859 0.000771  0.087180  -0.000208  0.998637  0.040308  0.033161  -0.041965  0.997821  0.050908  -0.031036  -0.052230  0.998153  -0.000995  -0.002744  -0.000378  0.000000  0.000000  0.000000  2.000000  1.000000  0.000000  0.000000  0.000000  1.000000  0.000000  0.000000  0.000000  1.000000  0.999999  0.001644  0.000086  -0.001644  0.999998  -0.001021  -0.000087  0.001021  0.999999  1.000000  0.000000  0.000000  0.000000  1.000000  0.000000  0.000000  0.000000  1.000000  1.000000  0.000000  0.000000  0.000000  1.000000  0.000000  0.000000  0.000000  1.000000  0.000000  0.000000  
178.359105 0.000769  0.087174  -0.000208  0.998620  0.040718  0.033181  -0.042376  0.997805  0.050894  -0.031036  -0.052230  0.998153  -0.001119  -0.003139  -0.000384  0.000000  0.000000  0.000000  2.000000  1.000000  0.000000  0.000000  0.000000  1.000000  0.000000  0.000000  0.000000  1.000000  0.999998  0.002041  0.000375  -0.002041  0.999998  -0.000792  -0.000376  0.000791  1.000000  1.000000  0.000000  0.000000  0.000000  1.000000  0.000000  0.000000  0.000000  1.000000  1.000000  0.000000  0.000000  0.000000  1.000000  0.000000  0.000000  0.000000  1.000000  0.000000  0.000000  
178.360110 0.000766  0.087169  -0.000208  0.998598  0.041122  0.033336  -0.042787  0.997788  0.050875  -0.031170  -0.052230  0.998149  -0.001255  -0.003484  -0.000412  0.000000  0.000000  0.000000  2.000000  1.000000  0.000000  0.000000  0.000000  1.000000  0.000000  0.000000  0.000000  1.000000  0.999997  0.002445  0.000530  -0.002445  0.999997  -0.000684  -0.000531  0.000682  1.000000  1.000000  0.000000  0.000000  0.000000  1.000000  0.000000  0.000000  0.000000  1.000000  1.000000  0.000000  0.000000  0.000000  1.000000  0.000000  0.000000  0.000000  1.000000  0.000000  0.000000  
178.361359 0.000765  0.087163  -0.000208  0.998576  0.041526  0.033490  -0.043198  0.997771  0.050855  -0.031304  -0.052230  0.998144  -0.001350  -0.003898  -0.000342  0.000000  0.000000  0.000000  2.000000  1.000000  0.000000  0.000000  0.000000  1.000000  0.000000  0.000000  0.000000  1.000000  0.999996  0.002849  0.000685  -0.002849  0.999996  -0.000576  -0.000687  0.000574  1.000000  1.000000  0.000000  0.000000  0.000000  1.000000  0.000000  0.000000  0.000000  1.000000  1.000000  0.000000  0.000000  0.000000  1.000000  0.000000  0.000000  0.000000  1.000000  0.000000  0.000000  
178.362605 0.000762  0.087156  -0.000206  0.998558  0.041937  0.033511  -0.043609  0.997754  0.050841  -0.031304  -0.052230  0.998144  -0.001504  -0.004326  -0.000228  0.000000  0.000000  0.000000  2.000000  1.000000  0.000000  0.000000  0.000000  1.000000  0.000000  0.000000  0.000000  1.000000  0.999994  0.003260  0.000706  -0.003260  0.999995  -0.000467  -0.000708  0.000465  1.000000  1.000000  0.000000  0.000000  0.000000  1.000000  0.000000  0.000000  0.000000  1.000000  1.000000  0.000000  0.000000  0.000000  1.000000  0.000000  0.000000  0.000000  1.000000  0.000000  0.000000  
178.363607 0.000759  0.087149  -0.000205  0.998540  0.042348  0.033532  -0.044021  0.997737  0.050828  -0.031304  -0.052230  0.998144  -0.001713  -0.004787  -0.000198  0.000000  0.000000  0.000000  2.000000  1.000000  0.000000  0.000000  0.000000  1.000000  0.000000  0.000000  0.000000  1.000000  0.999993  0.003671  0.000728  -0.003671  0.999993  -0.000359  -0.000729  0.000356  1.000000  1.000000  0.000000  0.000000  0.000000  1.000000  0.000000  0.000000  0.000000  1.000000  1.000000  0.000000  0.000000  0.000000  1.000000  0.000000  0.000000  0.000000  1.000000  0.000000  0.000000  
178.364853 0.000755  0.087140  -0.000205  0.998513  0.042964  0.033563  -0.044637  0.997710  0.050807  -0.031304  -0.052230  0.998144  -0.001859  -0.005198  -0.000127  0.000000  0.000000  0.000000  2.000000  1.000000  0.000000  0.000000  0.000000  1.000000  0.000000  0.000000  0.000000  1.000000  0.999991  0.004082  0.000749  -0.004082  0.999992  -0.000251  -0.000750  0.000248  1.000000  1.000000  0.000000  0.000000  0.000000  1.000000  0.000000  0.000000  0.000000  1.000000  1.000000  0.000000  0.000000  0.000000  1.000000  0.000000  0.000000  0.000000  1.000000  0.000000  0.000000  
178.365853 0.000752  0.087131  -0.000205  0.998503  0.043165  0.033579  -0.044843  0.997695  0.050921  -0.031304  -0.052351  0.998138  -0.001986  -0.005510  -0.000024  0.000000  0.000000  0.000000  2.000000  1.000000  0.000000  0.000000  0.000000  1.000000  0.000000  0.000000  0.000000  1.000000  0.999990  0.004493  0.000771  -0.004493  0.999990  -0.000021  -0.000771  0.000018  1.000000  1.000000  0.000000  0.000000  0.000000  1.000000  0.000000  0.000000  0.000000  1.000000  1.000000  0.000000  0.000000  0.000000  1.000000  0.000000  0.000000  0.000000  1.000000  0.000000  0.000000  
178.366854 0.000748  0.087122  -0.000204  0.998485  0.043576  0.033600  -0.045254  0.997678  0.050907  -0.031304  -0.052351  0.998138  -0.002158  -0.005854  0.000104  0.000000  0.000000  0.000000  2.000000  1.000000  0.000000  0.000000  0.000000  1.000000  0.000000  0.000000  0.000000  1.000000  0.999988  0.004904  0.000793  -0.004904  0.999988  0.000087  -0.000792  -0.000091  1.000000  1.000000  0.000000  0.000000  0.000000  1.000000  0.000000  0.000000  0.000000  1.000000  1.000000  0.000000  0.000000  0.000000  1.000000  0.000000  0.000000  0.000000  1.000000  0.000000  0.000000  
178.368103 0.000745  0.087110  -0.000204  0.998466  0.043979  0.033632  -0.045665  0.997647  0.051135  -0.031304  -0.052593  0.998125  -0.002264  -0.006261  0.000154  -0.017841  -0.022985  0.179000  2.000000  1.000000  0.000071  0.000183  -0.000071  1.000000  0.000011  -0.000183  -0.000011  1.000000  0.999986  0.005315  0.000815  -0.005315  0.999986  0.000317  -0.000813  -0.000321  1.000000  1.000000  0.000024  0.000063  -0.000024  1.000000  0.000004  -0.000063  -0.000004  1.000000  1.000000  0.000071  0.000183  -0.000071  1.000000  0.000011  -0.000183  -0.000011  1.000000  0.000046  0.005386  
178.369106 0.000741  0.087099  -0.000204  0.998447  0.044385  0.033658  -0.046076  0.997623  0.051243  -0.031304  -0.052714  0.998119  -0.002380  -0.006673  0.000161  -0.010088  -0.028183  0.192396  2.000000  1.000000  0.000173  0.000443  -0.000173  1.000000  0.000035  -0.000443  -0.000035  1.000000  0.999983  0.005725  0.000838  -0.005726  0.999983  0.000668  -0.000834  -0.000673  0.999999  1.000000  0.000027  0.000067  -0.000027  1.000000  0.000008  -0.000067  -0.000008  1.000000  1.000000  0.000173  0.000443  -0.000173  1.000000  0.000035  -0.000443  -0.000035  1.000000  0.000049  0.005825  
178.370367 0.000738  0.087085  -0.000205  0.998419  0.044993  0.033701  -0.046693  0.997583  0.051464  -0.031304  -0.052956  0.998106  -0.002471  -0.007212  0.000137  0.001495  -0.029279  0.213022  2.000000  1.000000  0.000311  0.000788  -0.000312  1.000000  0.000083  -0.000788  -0.000083  1.000000  0.999982  0.005931  0.000850  -0.005931  0.999982  0.000904  -0.000845  -0.000909  0.999999  1.000000  0.000028  0.000070  -0.000028  1.000000  0.000011  -0.000070  -0.000011  1.000000  1.000000  0.000311  0.000788  -0.000312  1.000000  0.000083  -0.000788  -0.000083  1.000000  0.000052  0.006060  
178.371603 0.000734  0.087070  -0.000208  0.998399  0.045396  0.033733  -0.047104  0.997552  0.051692  -0.031304  -0.053198  0.998093  -0.002561  -0.007773  -0.000028  0.009176  -0.029912  0.225874  2.000000  0.999999  0.000431  0.001079  -0.000432  1.000000  0.000134  -0.001079  -0.000134  0.999999  0.999980  0.006349  0.000740  -0.006349  0.999979  0.001133  -0.000732  -0.001138  0.999999  1.000000  0.000032  0.000073  -0.000032  1.000000  0.000014  -0.000073  -0.000014  1.000000  0.999999  0.000431  0.001079  -0.000432  1.000000  0.000134  -0.001079  -0.000134  0.999999  0.000058  0.006492  
178.372857 0.000731  0.087055  -0.000211  0.998380  0.045798  0.033765  -0.047515  0.997520  0.051920  -0.031304  -0.053440  0.998080  -0.002613  -0.008331  -0.000154  0.025094  -0.030782  0.240725  2.000000  0.999999  0.000595  0.001452  -0.000595  1.000000  0.000212  -0.001452  -0.000213  0.999999  0.999978  0.006561  0.000619  -0.006562  0.999978  0.001369  -0.000610  -0.001374  0.999999  1.000000  0.000034  0.000075  -0.000034  1.000000  0.000017  -0.000075  -0.000017  1.000000  0.999999  0.000595  0.001452  -0.000595  1.000000  0.000212  -0.001452  -0.000213  0.999999  0.000061  0.006731  
178.374107 0.000728  0.087040  -0.000214  0.998360  0.046201  0.033798  -0.047926  0.997489  0.052148  -0.031304  -0.053682  0.998067  -0.002697  -0.009011  -0.000372  0.036889  -0.031527  0.254511  2.000000  0.999998  0.000771  0.001836  -0.000772  1.000000  0.000304  -0.001835  -0.000306  0.999998  0.999977  0.006766  0.000631  -0.006767  0.999976  0.001606  -0.000620  -0.001610  0.999999  1.000000  0.000036  0.000077  -0.000036  1.000000  0.000020  -0.000077  -0.000020  1.000000  0.999998  0.000771  0.001836  -0.000772  1.000000  0.000304  -0.001835  -0.000306  0.999998  0.000065  0.006983  
178.375357 0.000726  0.087024  -0.000218  0.998335  0.046816  0.033708  -0.048543  0.997447  0.052376  -0.031170  -0.053925  0.998058  -0.002718  -0.009573  -0.000643  0.048489  -0.028154  0.275452  2.000000  0.999997  0.000959  0.002231  -0.000960  0.999999  0.000404  -0.002230  -0.000406  0.999997  0.999976  0.006979  0.000510  -0.006980  0.999974  0.001721  -0.000498  -0.001725  0.999998  1.000000  0.000038  0.000079  -0.000038  1.000000  0.000022  -0.000079  -0.000022  1.000000  0.999997  0.000959  0.002231  -0.000960  0.999999  0.000404  -0.002230  -0.000406  0.999997  0.000069  0.007207  
178.376357 0.000723  0.087012  -0.000220  0.998325  0.047017  0.033725  -0.048748  0.997431  0.052490  -0.031170  -0.054046  0.998052  -0.002774  -0.010062  -0.000835  0.056436  -0.028526  0.282408  2.000000  0.999996  0.001113  0.002559  -0.001114  0.999999  0.000490  -0.002559  -0.000493  0.999997  0.999974  0.007177  0.000656  -0.007178  0.999973  0.001715  -0.000643  -0.001719  0.999998  1.000000  0.000038  0.000082  -0.000038  1.000000  0.000021  -0.000082  -0.000021  1.000000  0.999996  0.001113  0.002559  -0.001114  0.999999  0.000490  -0.002559  -0.000493  0.999997  0.000073  0.007409  
178.377609 0.000720  0.086996  -0.000224  0.998294  0.047625  0.033769  -0.049365  0.997389  0.052711  -0.031170  -0.054288  0.998039  -0.002796  -0.010869  -0.001243  0.068010  -0.029641  0.303070  2.000000  0.999995  0.001306  0.002977  -0.001308  0.999999  0.000604  -0.002977  -0.000608  0.999995  0.999973  0.007382  0.000669  -0.007384  0.999971  0.001951  -0.000654  -0.001956  0.999998  1.000000  0.000039  0.000084  -0.000039  1.000000  0.000024  -0.000084  -0.000024  1.000000  0.999995  0.001306  0.002977  -0.001308  0.999999  0.000604  -0.002977  -0.000608  0.999995  0.000077  0.007666  
178.378853 0.000717  0.086980  -0.000226  0.998274  0.048032  0.033796  -0.049776  0.997363  0.052818  -0.031170  -0.054409  0.998032  -0.002757  -0.011197  -0.001382  0.075758  -0.030387  0.316985  2.000000  0.999993  0.001507  0.003400  -0.001510  0.999999  0.000722  -0.003399  -0.000727  0.999994  0.999973  0.007390  0.000536  -0.007391  0.999971  0.001951  -0.000522  -0.001955  0.999998  1.000000  0.000040  0.000083  -0.000040  1.000000  0.000024  -0.000083  -0.000024  1.000000  0.999993  0.001507  0.003400  -0.001510  0.999999  0.000722  -0.003399  -0.000727  0.999994  0.000080  0.007662  
178.380103 0.000714  0.086964  -0.000228  0.998253  0.048438  0.033824  -0.050187  0.997337  0.052925  -0.031170  -0.054530  0.998026  -0.002670  -0.011645  -0.001590  0.079628  -0.030776  0.323917  2.000000  0.999992  0.001674  0.003740  -0.001677  0.999998  0.000820  -0.003738  -0.000827  0.999993  0.999973  0.007397  0.000403  -0.007398  0.999970  0.002072  -0.000388  -0.002075  0.999998  1.000000  0.000042  0.000083  -0.000042  1.000000  0.000026  -0.000083  -0.000026  1.000000  0.999992  0.001674  0.003740  -0.001677  0.999998  0.000820  -0.003738  -0.000827  0.999993  0.000082  0.007693  
178.381104 0.000712  0.086950  -0.000230  0.998243  0.048639  0.033841  -0.050393  0.997320  0.053039  -0.031170  -0.054651  0.998019  -0.002575  -0.011949  -0.001751  0.083679  -0.026304  0.324137  2.000000  0.999990  0.001844  0.004075  -0.001847  0.999998  0.000923  -0.004073  -0.000931  0.999991  0.999971  0.007602  0.000414  -0.007603  0.999969  0.002066  -0.000399  -0.002069  0.999998  1.000000  0.000043  0.000085  -0.000043  1.000000  0.000026  -0.000085  -0.000026  1.000000  0.999990  0.001844  0.004075  -0.001847  0.999998  0.000923  -0.004073  -0.000931  0.999991  0.000084  0.007889  
178.382356 0.000709  0.086933  -0.000232  0.998222  0.049050  0.033862  -0.050804  0.997300  0.053025  -0.031170  -0.054651  0.998019  -0.002514  -0.012320  -0.001877  0.082751  -0.021997  0.328539  2.000000  0.999988  0.002061  0.004489  -0.002066  0.999997  0.001060  -0.004487  -0.001069  0.999989  0.999973  0.007404  0.000271  -0.007405  0.999970  0.002193  -0.000254  -0.002195  0.999998  1.000000  0.000043  0.000082  -0.000043  1.000000  0.000027  -0.000082  -0.000027  1.000000  0.999988  0.002061  0.004489  -0.002066  0.999997  0.001060  -0.004487  -0.001069  0.999989  0.000086  0.007727  
178.383603 0.000706  0.086916  -0.000234  0.998195  0.049665  0.033774  -0.051420  0.997256  0.053253  -0.031036  -0.054893  0.998010  -0.002461  -0.012582  -0.001986  0.087130  -0.018494  0.345404  2.000000  0.999985  0.002281  0.004902  -0.002287  0.999997  0.001202  -0.004900  -0.001213  0.999987  0.999973  0.007411  0.000138  -0.007412  0.999970  0.002316  -0.000121  -0.002317  0.999997  1.000000  0.000045  0.000081  -0.000045  1.000000  0.000029  -0.000081  -0.000029  1.000000  0.999985  0.002281  0.004902  -0.002287  0.999997  0.001202  -0.004900  -0.001213  0.999987  0.000087  0.007766  
178.384604 0.000703  0.086901  -0.000236  0.998184  0.049870  0.033785  -0.051626  0.997246  0.053246  -0.031036  -0.054893  0.998010  -0.002461  -0.012820  -0.002103  0.087131  -0.018494  0.345411  2.000000  0.999983  0.002459  0.005225  -0.002466  0.999996  0.001323  -0.005221  -0.001336  0.999985  0.999973  0.007411  0.000139  -0.007412  0.999970  0.002437  -0.000121  -0.002438  0.999997  1.000000  0.000045  0.000081  -0.000045  1.000000  0.000030  -0.000081  -0.000030  1.000000  0.999983  0.002459  0.005225  -0.002466  0.999996  0.001323  -0.005221  -0.001336  0.999985  0.000091  0.007803  
178.385855 0.000699  0.086882  -0.000240  0.998167  0.050280  0.033686  -0.052037  0.997212  0.053481  -0.030903  -0.055136  0.998001  -0.002479  -0.013134  -0.002218  0.090271  -0.018768  0.349334  2.000000  0.999981  0.002678  0.005621  -0.002687  0.999995  0.001482  -0.005617  -0.001497  0.999983  0.999973  0.007411  0.000141  -0.007412  0.999969  0.002680  -0.000121  -0.002681  0.999996  1.000000  0.000045  0.000081  -0.000045  1.000000  0.000033  -0.000081  -0.000034  1.000000  0.999981  0.002678  0.005621  -0.002687  0.999995  0.001482  -0.005617  -0.001497  0.999983  0.000093  0.007882  
178.386855 0.000696  0.086867  -0.000242  0.998145  0.050687  0.033714  -0.052448  0.997185  0.053588  -0.030903  -0.055257  0.997994  -0.002500  -0.013386  -0.002261  0.094106  -0.019158  0.356196  2.000000  0.999979  0.002815  0.005858  -0.002824  0.999995  0.001579  -0.005853  -0.001596  0.999982  0.999974  0.007213  -0.000003  -0.007213  0.999970  0.002687  0.000023  -0.002687  0.999996  1.000000  0.000045  0.000078  -0.000045  1.000000  0.000034  -0.000078  -0.000034  1.000000  0.999979  0.002815  0.005858  -0.002824  0.999995  0.001579  -0.005853  -0.001596  0.999982  0.000092  0.007697  
178.387857 0.000694  0.086851  -0.000245  0.998139  0.050895  0.033598  -0.052654  0.997167  0.053709  -0.030769  -0.055378  0.997991  -0.002485  -0.013641  -0.002287  0.094101  -0.010293  0.356655  2.000000  0.999976  0.002998  0.006174  -0.003009  0.999994  0.001714  -0.006169  -0.001732  0.999979  0.999972  0.007426  -0.000125  -0.007426  0.999969  0.002682  0.000145  -0.002681  0.999996  1.000000  0.000048  0.000080  -0.000048  1.000000  0.000034  -0.000080  -0.000034  1.000000  0.999976  0.002998  0.006174  -0.003009  0.999994  0.001714  -0.006169  -0.001732  0.999979  0.000094  0.007896  
178.388863 0.000691  0.086836  -0.000249  0.998117  0.051302  0.033626  -0.053065  0.997140  0.053816  -0.030769  -0.055499  0.997985  -0.002511  -0.013866  -0.002341  0.098938  -0.010398  0.359538  2.000000  0.999974  0.003186  0.006486  -0.003198  0.999993  0.001850  -0.006480  -0.001871  0.999977  0.999974  0.007221  -0.000135  -0.007220  0.999970  0.002688  0.000155  -0.002687  0.999996  1.000000  0.000047  0.000077  -0.000047  1.000000  0.000034  -0.000077  -0.000034  1.000000  0.999974  0.003186  0.006486  -0.003198  0.999993  0.001850  -0.006480  -0.001871  0.999977  0.000093  0.007706  
178.390107 0.000687  0.086814  -0.000254  0.998099  0.051712  0.033527  -0.053476  0.997105  0.054051  -0.030635  -0.055742  0.997975  -0.002605  -0.014220  -0.002448  0.106236  -0.001451  0.357150  2.000000  0.999971  0.003418  0.006869  -0.003432  0.999992  0.002020  -0.006862  -0.002044  0.999974  0.999975  0.007023  -0.000279  -0.007022  0.999971  0.002817  0.000298  -0.002815  0.999996  1.000000  0.000047  0.000074  -0.000047  1.000000  0.000035  -0.000074  -0.000035  1.000000  0.999971  0.003418  0.006869  -0.003432  0.999992  0.002020  -0.006862  -0.002044  0.999974  0.000093  0.007571  
178.391160 0.000683  0.086797  -0.000259  0.998088  0.051913  0.033545  -0.053681  0.997088  0.054165  -0.030635  -0.055863  0.997968  -0.002692  -0.014501  -0.002636  0.111194  0.003374  0.352844  2.000000  0.999968  0.003608  0.007171  -0.003623  0.999991  0.002154  -0.007163  -0.002179  0.999972  0.999975  0.007023  -0.000278  -0.007022  0.999972  0.002695  0.000297  -0.002693  0.999996  1.000000  0.000047  0.000074  -0.000047  1.000000  0.000034  -0.000074  -0.000034  1.000000  0.999968  0.003608  0.007171  -0.003623  0.999991  0.002154  -0.007163  -0.002179  0.999972  0.000093  0.007527  
178.392358 0.000678  0.086775  -0.000266  0.998066  0.052319  0.033573  -0.054092  0.997060  0.054273  -0.030635  -0.055984  0.997962  -0.002869  -0.014979  -0.002905  0.115451  0.003358  0.353417  2.000000  0.999965  0.003793  0.007466  -0.003810  0.999990  0.002283  -0.007458  -0.002311  0.999970  0.999975  0.007023  -0.000277  -0.007022  0.999972  0.002574  0.000295  -0.002572  0.999997  1.000000  0.000047  0.000074  -0.000047  1.000000  0.000032  -0.000074  -0.000032  1.000000  0.999965  0.003793  0.007466  -0.003810  0.999990  0.002283  -0.007458  -0.002311  0.999970  0.000095  0.007484  
178.393377 0.000675  0.086758  -0.000273  0.998044  0.052726  0.033602  -0.054503  0.997032  0.054380  -0.030635  -0.056105  0.997955  -0.002907  -0.015268  -0.003219  0.119460  0.003335  0.353217  2.000000  0.999962  0.003979  0.007762  -0.003998  0.999989  0.002407  -0.007752  -0.002438  0.999967  0.999975  0.007023  -0.000276  -0.007022  0.999972  0.002453  0.000293  -0.002451  0.999997  1.000000  0.000047  0.000074  -0.000047  1.000000  0.000031  -0.000074  -0.000031  1.000000  0.999962  0.003979  0.007762  -0.003998  0.999989  0.002407  -0.007752  -0.002438  0.999967  0.000095  0.007444  
178.394605 0.000670  0.086735  -0.000280  0.998021  0.053132  0.033631  -0.054914  0.997003  0.054487  -0.030635  -0.056226  0.997948  -0.003002  -0.015645  -0.003536  0.123823  0.003691  0.346523  2.000000  0.999959  0.004167  0.008061  -0.004188  0.999988  0.002529  -0.008051  -0.002562  0.999964  0.999974  0.007228  -0.000264  -0.007228  0.999971  0.002446  0.000281  -0.002444  0.999997  1.000000  0.000048  0.000077  -0.000048  1.000000  0.000031  -0.000077  -0.000031  1.000000  0.999959  0.004167  0.008061  -0.004188  0.999988  0.002529  -0.008051  -0.002562  0.999964  0.000094  0.007635  
178.395855 0.000666  0.086713  -0.000289  0.997991  0.053751  0.033538  -0.055531  0.996963  0.054594  -0.030501  -0.056347  0.997945  -0.003109  -0.016037  -0.003972  0.123626  0.007763  0.353656  2.000000  0.999955  0.004403  0.008438  -0.004426  0.999987  0.002674  -0.008426  -0.002711  0.999961  0.999975  0.007023  -0.000274  -0.007022  0.999973  0.002332  0.000291  -0.002330  0.999997  1.000000  0.000047  0.000074  -0.000047  1.000000  0.000029  -0.000074  -0.000029  1.000000  0.999955  0.004403  0.008438  -0.004426  0.999987  0.002674  -0.008426  -0.002711  0.999961  0.000094  0.007405  
178.396856 0.000662  0.086695  -0.000296  0.997968  0.054158  0.033567  -0.055942  0.996934  0.054701  -0.030501  -0.056468  0.997938  -0.003231  -0.016420  -0.004386  0.123411  0.007343  0.360561  2.000000  0.999951  0.004592  0.008740  -0.004617  0.999985  0.002783  -0.008727  -0.002823  0.999958  0.999975  0.007023  -0.000273  -0.007022  0.999973  0.002211  0.000289  -0.002209  0.999998  1.000000  0.000047  0.000074  -0.000047  1.000000  0.000028  -0.000074  -0.000028  1.000000  0.999951  0.004592  0.008740  -0.004617  0.999985  0.002783  -0.008727  -0.002823  0.999958  0.000094  0.007368  
178.398104 0.000657  0.086672  -0.000304  0.997945  0.054568  0.033589  -0.056353  0.996912  0.054688  -0.030501  -0.056468  0.997938  -0.003343  -0.016720  -0.004813  0.119565  0.007699  0.353704  2.000000  0.999947  0.004829  0.009119  -0.004856  0.999984  0.002914  -0.009105  -0.002959  0.999954  0.999975  0.007023  -0.000273  -0.007022  0.999973  0.002090  0.000288  -0.002088  0.999998  1.000000  0.000047  0.000074  -0.000047  1.000000  0.000026  -0.000074  -0.000026  1.000000  0.999947  0.004829  0.009119  -0.004856  0.999984  0.002914  -0.009105  -0.002959  0.999954  0.000094  0.007332  
178.399353 0.000652  0.086649  -0.000313  0.997926  0.054982  0.033485  -0.056764  0.996882  0.054802  -0.030368  -0.056589  0.997936  -0.003425  -0.017006  -0.005153  0.118603  0.012047  0.351036  2.000000  0.999942  0.005070  0.009495  -0.005100  0.999982  0.003041  -0.009480  -0.003090  0.999950  0.999974  0.007236  -0.000395  -0.007235  0.999972  0.002084  0.000410  -0.002081  0.999998  1.000000  0.000050  0.000076  -0.000050  1.000000  0.000026  -0.000076  -0.000026  1.000000  0.999942  0.005070  0.009495  -0.005100  0.999982  0.003041  -0.009480  -0.003090  0.999950  0.000095  0.007540  
178.400354 0.000648  0.086631  -0.000320  0.997890  0.055594  0.033526  -0.057380  0.996842  0.054902  -0.030368  -0.056710  0.997929  -0.003483  -0.017208  -0.005418  0.114387  0.011611  0.358009  2.000000  0.999938  0.005267  0.009797  -0.005298  0.999981  0.003140  -0.009780  -0.003191  0.999947  0.999974  0.007236  -0.000394  -0.007235  0.999972  0.002084  0.000409  -0.002081  0.999998  1.000000  0.000050  0.000076  -0.000050  1.000000  0.000026  -0.000076  -0.000026  1.000000  0.999938  0.005267  0.009797  -0.005298  0.999981  0.003140  -0.009780  -0.003191  0.999947  0.000094  0.007540  
178.401603 0.000643  0.086608  -0.000328  0.997871  0.056012  0.033415  -0.057791  0.996818  0.054896  -0.030234  -0.056711  0.997933  -0.003619  -0.017535  -0.005769  0.106273  0.016015  0.358098  2.000000  0.999933  0.005521  0.010184  -0.005554  0.999979  0.003260  -0.010166  -0.003316  0.999943  0.999972  0.007449  -0.000516  -0.007448  0.999970  0.001958  0.000530  -0.001954  0.999998  1.000000  0.000052  0.000077  -0.000052  1.000000  0.000024  -0.000077  -0.000024  1.000000  0.999933  0.005521  0.010184  -0.005554  0.999979  0.003260  -0.010166  -0.003316  0.999943  0.000094  0.007719  
178.402851 0.000638  0.086585  -0.000335  0.997839  0.056631  0.033323  -0.058408  0.996776  0.055004  -0.030100  -0.056832  0.997930  -0.003707  -0.017793  -0.005995  0.102062  0.020029  0.365264  2.000000  0.999928  0.005730  0.010497  -0.005765  0.999978  0.003353  -0.010477  -0.003413  0.999939  0.999972  0.007449  -0.000515  -0.007448  0.999970  0.001958  0.000529  -0.001954  0.999998  1.000000  0.000052  0.000077  -0.000052  1.000000  0.000024  -0.000077  -0.000024  1.000000  0.999928  0.005730  0.010497  -0.005765  0.999978  0.003353  -0.010477  -0.003413  0.999939  0.000094  0.007719  
178.403863 0.000634  0.086565  -0.000341  0.997827  0.056836  0.033334  -0.058613  0.996765  0.054998  -0.030100  -0.056832  0.997930  -0.003832  -0.018023  -0.006172  0.094941  0.020527  0.361293  2.000000  0.999924  0.005947  0.010810  -0.005985  0.999976  0.003445  -0.010790  -0.003510  0.999936  0.999970  0.007662  -0.000637  -0.007661  0.999969  0.001831  0.000651  -0.001826  0.999998  1.000000  0.000055  0.000079  -0.000055  1.000000  0.000023  -0.000079  -0.000023  1.000000  0.999924  0.005947  0.010810  -0.005985  0.999976  0.003445  -0.010790  -0.003510  0.999936  0.000094  0.007903  
178.405103 0.000628  0.086541  -0.000349  0.997795  0.057455  0.033241  -0.059230  0.996722  0.055106  -0.029966  -0.056953  0.997927  -0.003920  -0.018220  -0.006375  0.089974  0.019917  0.365252  2.000000  0.999918  0.006216  0.011202  -0.006256  0.999974  0.003556  -0.011179  -0.003626  0.999931  0.999970  0.007662  -0.000636  -0.007661  0.999969  0.001832  0.000650  -0.001827  0.999998  1.000000  0.000055  0.000079  -0.000055  1.000000  0.000023  -0.000079  -0.000023  1.000000  0.999918  0.006216  0.011202  -0.006256  0.999974  0.003556  -0.011179  -0.003626  0.999931  0.000093  0.007903  
178.406108 0.000623  0.086521  -0.000356  0.997774  0.057873  0.033131  -0.059641  0.996698  0.055100  -0.029833  -0.056953  0.997931  -0.004011  -0.018462  -0.006503  0.085959  0.024349  0.365521  2.000000  0.999913  0.006437  0.011520  -0.006480  0.999972  0.003642  -0.011496  -0.003717  0.999927  0.999970  0.007670  -0.000769  -0.007668  0.999969  0.001712  0.000782  -0.001706  0.999998  1.000000  0.000056  0.000078  -0.000056  1.000000  0.000021  -0.000078  -0.000021  1.000000  0.999913  0.006437  0.011520  -0.006480  0.999972  0.003642  -0.011496  -0.003717  0.999927  0.000093  0.007895  
178.407358 0.000617  0.086496  -0.000366  0.997737  0.058485  0.033172  -0.060257  0.996655  0.055200  -0.029833  -0.057074  0.997924  -0.004079  -0.018615  -0.006672  0.082591  0.024483  0.368541  2.000000  0.999906  0.006717  0.011920  -0.006762  0.999970  0.003740  -0.011895  -0.003820  0.999922  0.999969  0.007868  -0.000623  -0.007867  0.999968  0.001584  0.000636  -0.001579  0.999999  1.000000  0.000056  0.000081  -0.000056  1.000000  0.000020  -0.000081  -0.000020  1.000000  0.999906  0.006717  0.011920  -0.006762  0.999970  0.003740  -0.011895  -0.003820  0.999922  0.000095  0.008049  
178.408684 0.000611  0.086469  -0.000376  0.997716  0.058903  0.033061  -0.060668  0.996631  0.055195  -0.029699  -0.057075  0.997928  -0.004225  -0.018864  -0.006792  0.078323  0.028872  0.367784  2.000000  0.999899  0.007001  0.012330  -0.007048  0.999968  0.003832  -0.012303  -0.003918  0.999917  0.999967  0.008073  -0.000611  -0.008072  0.999966  0.001458  0.000623  -0.001453  0.999999  1.000000  0.000057  0.000084  -0.000057  1.000000  0.000018  -0.000084  -0.000018  1.000000  0.999899  0.007001  0.012330  -0.007048  0.999968  0.003832  -0.012303  -0.003918  0.999917  0.000096  0.008226  
178.409857 0.000605  0.086444  -0.000388  0.997678  0.059514  0.033103  -0.061284  0.996588  0.055295  -0.029699  -0.057196  0.997921  -0.004311  -0.019169  -0.007048  0.078315  0.028516  0.375645  2.000000  0.999894  0.007228  0.012665  -0.007278  0.999966  0.003896  -0.012636  -0.003988  0.999912  0.999967  0.008073  -0.000611  -0.008072  0.999967  0.001337  0.000622  -0.001332  0.999999  1.000000  0.000057  0.000084  -0.000057  1.000000  0.000017  -0.000084  -0.000017  1.000000  0.999894  0.007228  0.012665  -0.007278  0.999966  0.003896  -0.012636  -0.003988  0.999912  0.000096  0.008206  
178.411107 0.000599  0.086417  -0.000399  0.997644  0.060138  0.033004  -0.061900  0.996550  0.055283  -0.029565  -0.057196  0.997925  -0.004408  -0.019441  -0.007229  0.074061  0.032599  0.382841  2.000000  0.999888  0.007462  0.013011  -0.007514  0.999964  0.003958  -0.012981  -0.004055  0.999908  0.999964  0.008484  -0.000587  -0.008483  0.999963  0.001204  0.000597  -0.001199  0.999999  1.000000  0.000059  0.000088  -0.000059  1.000000  0.000015  -0.000088  -0.000015  1.000000  0.999888  0.007462  0.013011  -0.007514  0.999964  0.003958  -0.012981  -0.004055  0.999908  0.000098  0.008589  
178.412354 0.000593  0.086391  -0.000411  0.997619  0.060548  0.033026  -0.062311  0.996525  0.055270  -0.029565  -0.057196  0.997925  -0.004442  -0.019630  -0.007429  0.073242  0.031946  0.386533  2.000000  0.999879  0.007759  0.013454  -0.007814  0.999961  0.004025  -0.013423  -0.004130  0.999901  0.999962  0.008690  -0.000575  -0.008689  0.999962  0.001077  0.000585  -0.001071  0.999999  1.000000  0.000061  0.000090  -0.000061  1.000000  0.000013  -0.000090  -0.000013  1.000000  0.999879  0.007759  0.013454  -0.007814  0.999961  0.004025  -0.013423  -0.004130  0.999901  0.000100  0.008775  
178.413606 0.000588  0.086365  -0.000423  0.997580  0.061159  0.033068  -0.062927  0.996481  0.055370  -0.029565  -0.057317  0.997918  -0.004479  -0.019902  -0.007715  0.069796  0.027649  0.389484  2.000000  0.999871  0.008056  0.013898  -0.008114  0.999959  0.004083  -0.013864  -0.004195  0.999895  0.999964  0.008484  -0.000586  -0.008484  0.999964  0.000961  0.000594  -0.000956  0.999999  1.000000  0.000059  0.000088  -0.000059  1.000000  0.000012  -0.000088  -0.000012  1.000000  0.999871  0.008056  0.013898  -0.008114  0.999959  0.004083  -0.013864  -0.004195  0.999895  0.000099  0.008558  
178.414853 0.000583  0.086338  -0.000436  0.997558  0.061577  0.032958  -0.063338  0.996455  0.055365  -0.029431  -0.057317  0.997922  -0.004477  -0.020118  -0.007959  0.064997  0.031466  0.393383  2.000000  0.999862  0.008358  0.014345  -0.008418  0.999956  0.004136  -0.014310  -0.004256  0.999889  0.999962  0.008697  -0.000708  -0.008697  0.999962  0.000835  0.000715  -0.000829  0.999999  1.000000  0.000062  0.000090  -0.000062  1.000000  0.000010  -0.000090  -0.000010  1.000000  0.999862  0.008358  0.014345  -0.008418  0.999956  0.004136  -0.014310  -0.004256  0.999889  0.000101  0.008766  
178.416101 0.000577  0.086311  -0.000449  0.997519  0.062193  0.032992  -0.063954  0.996417  0.055345  -0.029431  -0.057317  0.997922  -0.004534  -0.020382  -0.008297  0.061508  0.027223  0.396540  2.000000  0.999853  0.008662  0.014788  -0.008725  0.999953  0.004180  -0.014751  -0.004308  0.999882  0.999964  0.008484  -0.000586  -0.008484  0.999964  0.000720  0.000592  -0.000715  1.000000  1.000000  0.000059  0.000088  -0.000059  1.000000  0.000009  -0.000088  -0.000009  1.000000  0.999853  0.008662  0.014788  -0.008725  0.999953  0.004180  -0.014751  -0.004308  0.999882  0.000100  0.008535  
178.417103 0.000573  0.086289  -0.000459  0.997492  0.062603  0.033014  -0.064365  0.996391  0.055331  -0.029431  -0.057317  0.997922  -0.004561  -0.020660  -0.008542  0.056737  0.026582  0.400034  2.000000  0.999846  0.008904  0.015150  -0.008969  0.999951  0.004212  -0.015112  -0.004347  0.999876  0.999962  0.008690  -0.000574  -0.008689  0.999962  0.000714  0.000580  -0.000709  1.000000  1.000000  0.000061  0.000090  -0.000061  1.000000  0.000009  -0.000090  -0.000009  1.000000  0.999846  0.008904  0.015150  -0.008969  0.999951  0.004212  -0.015112  -0.004347  0.999876  0.000102  0.008738  
178.418103 0.000569  0.086267  -0.000469  0.997466  0.063013  0.033037  -0.064776  0.996365  0.055317  -0.029431  -0.057317  0.997922  -0.004583  -0.020866  -0.008796  0.048683  0.022084  0.399848  2.000000  0.999838  0.009147  0.015514  -0.009214  0.999949  0.004238  -0.015475  -0.004381  0.999871  0.999960  0.008895  -0.000562  -0.008895  0.999960  0.000586  0.000568  -0.000581  1.000000  1.000000  0.000062  0.000093  -0.000062  1.000000  0.000007  -0.000093  -0.000007  1.000000  0.999838  0.009147  0.015514  -0.009214  0.999949  0.004238  -0.015475  -0.004381  0.999871  0.000103  0.008932  
178.419106 0.000564  0.086245  -0.000478  0.997426  0.063629  0.033071  -0.065392  0.996326  0.055297  -0.029431  -0.057317  0.997922  -0.004568  -0.021065  -0.008999  0.044213  0.021278  0.413439  2.000000  0.999832  0.009330  0.015790  -0.009399  0.999947  0.004258  -0.015750  -0.004405  0.999866  0.999960  0.008895  -0.000562  -0.008895  0.999960  0.000586  0.000568  -0.000581  1.000000  1.000000  0.000062  0.000093  -0.000062  1.000000  0.000007  -0.000093  -0.000007  1.000000  0.999832  0.009330  0.015790  -0.009399  0.999947  0.004258  -0.015750  -0.004405  0.999866  0.000103  0.008932  
178.420364 0.000558  0.086216  -0.000490  0.997402  0.064046  0.032961  -0.065803  0.996300  0.055292  -0.029298  -0.057317  0.997926  -0.004577  -0.021338  -0.009292  0.036678  0.021789  0.409846  2.000000  0.999821  0.009640  0.016262  -0.009711  0.999944  0.004282  -0.016220  -0.004439  0.999859  0.999958  0.009101  -0.000551  -0.009100  0.999958  0.000460  0.000555  -0.000455  1.000000  1.000000  0.000063  0.000095  -0.000063  1.000000  0.000006  -0.000095  -0.000006  1.000000  0.999821  0.009640  0.016262  -0.009711  0.999944  0.004282  -0.016220  -0.004439  0.999859  0.000105  0.009129  
178.421379 0.000554  0.086194  -0.000499  0.997375  0.064457  0.032984  -0.066214  0.996273  0.055279  -0.029298  -0.057317  0.997926  -0.004546  -0.021501  -0.009389  0.032386  0.021366  0.416632  2.000000  0.999813  0.009888  0.016636  -0.009961  0.999941  0.004298  -0.016592  -0.004463  0.999852  0.999960  0.008895  -0.000562  -0.008895  0.999960  0.000345  0.000565  -0.000340  1.000000  1.000000  0.000062  0.000093  -0.000062  1.000000  0.000004  -0.000093  -0.000004  1.000000  0.999813  0.009888  0.016636  -0.009961  0.999941  0.004298  -0.016592  -0.004463  0.999852  0.000107  0.008920  
178.422604 0.000548  0.086165  -0.000510  0.997348  0.064867  0.033006  -0.066624  0.996246  0.055265  -0.029298  -0.057317  0.997926  -0.004483  -0.021713  -0.009435  0.028097  0.021180  0.413478  2.000000  0.999804  0.010133  0.017011  -0.010207  0.999939  0.004312  -0.016966  -0.004484  0.999846  0.999960  0.008888  -0.000429  -0.008887  0.999960  0.000345  0.000432  -0.000341  1.000000  1.000000  0.000060  0.000094  -0.000060  1.000000  0.000004  -0.000094  -0.000004  1.000000  0.999804  0.010133  0.017011  -0.010207  0.999939  0.004312  -0.016966  -0.004484  0.999846  0.000105  0.008905  
