1-Time 2-Px 3-Py 4-Pz 5-R11 6-R21 7-R31 8-R12 9-R22 10-R32 11-R13 12-R23 13-R33 14-Vx 15-Vy 16-Vz 17-Wx 18-Wy 19-Wz 20-state 21-PR11 22-PR21 23-PR31 24-PR12 25-PR22 26-PR32 27-PR13 28-PR23 29-PR33 
112.819248 -0.002909  0.086678  -0.002934  0.996138  0.080461  0.035147  -0.081184  0.996505  0.019648  -0.033443  -0.022426  0.999189  -0.000106  -0.000068  -0.000024  0.000000  0.000000  0.000000  2.000000  1.000000  0.000000  0.000000  0.000000  1.000000  0.000000  0.000000  0.000000  1.000000  1.000000  -0.000411  -0.000009  0.000411  1.000000  0.000014  0.000009  -0.000014  1.000000  1.000000  0.000000  0.000000  0.000000  1.000000  0.000000  0.000000  0.000000  1.000000  0.718185  0.526465  -0.455022  -0.522411  0.839890  0.147214  0.459671  0.131982  0.878227  0.000000  0.000000  
112.820497 -0.002910  0.086677  -0.002934  0.996138  0.080461  0.035147  -0.081184  0.996505  0.019648  -0.033443  -0.022426  0.999189  -0.000100  -0.000091  -0.000014  0.000000  0.000000  0.000000  2.000000  1.000000  0.000000  0.000000  0.000000  1.000000  0.000000  0.000000  0.000000  1.000000  1.000000  -0.000411  -0.000009  0.000411  1.000000  0.000014  0.000009  -0.000014  1.000000  1.000000  0.000000  0.000000  0.000000  1.000000  0.000000  0.000000  0.000000  1.000000  1.000000  0.000000  0.000000  0.000000  1.000000  0.000000  0.000000  0.000000  1.000000  0.000000  0.000000  
112.821497 -0.002912  0.086674  -0.002936  0.996100  0.080868  0.035288  -0.081594  0.996472  0.019623  -0.033577  -0.022425  0.999185  -0.000254  -0.000307  -0.000126  0.000000  0.000000  0.000000  2.000000  1.000000  0.000000  0.000000  0.000000  1.000000  0.000000  0.000000  0.000000  1.000000  1.000000  -0.000003  0.000134  0.000003  1.000000  0.000000  -0.000134  0.000000  1.000000  1.000000  0.000000  0.000000  0.000000  1.000000  0.000000  0.000000  0.000000  1.000000  1.000000  0.000000  0.000000  0.000000  1.000000  0.000000  0.000000  0.000000  1.000000  0.000000  0.000000  
112.822748 -0.002915  0.086669  -0.002939  0.996045  0.081481  0.035434  -0.082209  0.996423  0.019590  -0.033711  -0.022425  0.999180  -0.000462  -0.000650  -0.000338  0.000000  0.000000  0.000000  2.000000  1.000000  0.000000  0.000000  0.000000  1.000000  0.000000  0.000000  0.000000  1.000000  1.000000  0.000405  0.000277  -0.000405  1.000000  -0.000014  -0.000277  0.000014  1.000000  1.000000  0.000000  0.000000  0.000000  1.000000  0.000000  0.000000  0.000000  1.000000  1.000000  0.000000  0.000000  0.000000  1.000000  0.000000  0.000000  0.000000  1.000000  0.000000  0.000000  
112.823997 -0.002918  0.086664  -0.002941  0.996019  0.081676  0.035714  -0.082413  0.996404  0.019681  -0.033978  -0.022546  0.999168  -0.000627  -0.001014  -0.000510  0.000000  0.000000  0.000000  2.000000  1.000000  0.000000  0.000000  0.000000  1.000000  0.000000  0.000000  0.000000  1.000000  1.000000  0.000814  0.000420  -0.000814  1.000000  0.000093  -0.000420  -0.000094  1.000000  1.000000  0.000000  0.000000  0.000000  1.000000  0.000000  0.000000  0.000000  1.000000  1.000000  0.000000  0.000000  0.000000  1.000000  0.000000  0.000000  0.000000  1.000000  0.000000  0.000000  
112.825247 -0.002920  0.086659  -0.002943  0.995985  0.082082  0.035732  -0.082823  0.996368  0.019787  -0.033978  -0.022668  0.999165  -0.000812  -0.001352  -0.000660  0.000000  0.000000  0.000000  2.000000  1.000000  0.000000  0.000000  0.000000  1.000000  0.000000  0.000000  0.000000  1.000000  0.999999  0.001428  0.000568  -0.001428  0.999999  0.000072  -0.000567  -0.000073  1.000000  1.000000  0.000000  0.000000  0.000000  1.000000  0.000000  0.000000  0.000000  1.000000  1.000000  0.000000  0.000000  0.000000  1.000000  0.000000  0.000000  0.000000  1.000000  0.000000  0.000000  
112.826252 -0.002923  0.086654  -0.002944  0.995968  0.082287  0.035736  -0.083028  0.996351  0.019780  -0.033978  -0.022668  0.999165  -0.000998  -0.001633  -0.000738  0.000000  0.000000  0.000000  2.000000  1.000000  0.000000  0.000000  0.000000  1.000000  0.000000  0.000000  0.000000  1.000000  0.999999  0.001633  0.000572  -0.001634  0.999999  0.000187  -0.000572  -0.000188  1.000000  1.000000  0.000000  0.000000  0.000000  1.000000  0.000000  0.000000  0.000000  1.000000  1.000000  0.000000  0.000000  0.000000  1.000000  0.000000  0.000000  0.000000  1.000000  0.000000  0.000000  
112.827495 -0.002927  0.086650  -0.002946  0.995921  0.082901  0.035625  -0.083644  0.996297  0.019890  -0.033845  -0.022789  0.999167  -0.001216  -0.001940  -0.000836  0.000000  0.000000  0.000000  2.000000  1.000000  0.000000  0.000000  0.000000  1.000000  0.000000  0.000000  0.000000  1.000000  0.999998  0.002048  0.000448  -0.002048  0.999998  0.000294  -0.000448  -0.000295  1.000000  1.000000  0.000000  0.000000  0.000000  1.000000  0.000000  0.000000  0.000000  1.000000  1.000000  0.000000  0.000000  0.000000  1.000000  0.000000  0.000000  0.000000  1.000000  0.000000  0.000000  
112.828498 -0.002929  0.086646  -0.002947  0.995869  0.083516  0.035638  -0.084259  0.996246  0.019868  -0.033845  -0.022789  0.999167  -0.001364  -0.002179  -0.000938  0.000000  0.000000  0.000000  2.000000  1.000000  0.000000  0.000000  0.000000  1.000000  0.000000  0.000000  0.000000  1.000000  0.999996  0.002665  0.000462  -0.002665  0.999996  0.000273  -0.000461  -0.000274  1.000000  1.000000  0.000000  0.000000  0.000000  1.000000  0.000000  0.000000  0.000000  1.000000  1.000000  0.000000  0.000000  0.000000  1.000000  0.000000  0.000000  0.000000  1.000000  0.000000  0.000000  
112.829747 -0.002932  0.086641  -0.002951  0.995812  0.084124  0.035793  -0.084873  0.996192  0.019956  -0.033978  -0.022910  0.999160  -0.001578  -0.002499  -0.001160  0.000000  0.000000  0.000000  2.000000  1.000000  0.000000  0.000000  0.000000  1.000000  0.000000  0.000000  0.000000  1.000000  0.999994  0.003279  0.000610  -0.003279  0.999995  0.000373  -0.000609  -0.000375  1.000000  1.000000  0.000000  0.000000  0.000000  1.000000  0.000000  0.000000  0.000000  1.000000  1.000000  0.000000  0.000000  0.000000  1.000000  0.000000  0.000000  0.000000  1.000000  0.000000  0.000000  
112.830754 -0.002935  0.086637  -0.002953  0.995755  0.084736  0.035939  -0.085488  0.996140  0.019922  -0.034112  -0.022910  0.999155  -0.001787  -0.002785  -0.001299  0.000000  0.000000  0.000000  2.000000  1.000000  0.000000  0.000000  0.000000  1.000000  0.000000  0.000000  0.000000  1.000000  0.999992  0.003896  0.000624  -0.003896  0.999992  0.000352  -0.000623  -0.000355  1.000000  1.000000  0.000000  0.000000  0.000000  1.000000  0.000000  0.000000  0.000000  1.000000  1.000000  0.000000  0.000000  0.000000  1.000000  0.000000  0.000000  0.000000  1.000000  0.000000  0.000000  
112.831996 -0.002939  0.086632  -0.002955  0.995680  0.085553  0.036088  -0.086307  0.996070  0.019881  -0.034246  -0.022910  0.999151  -0.002009  -0.003125  -0.001479  0.000000  0.000000  0.000000  2.000000  1.000000  0.000000  0.000000  0.000000  1.000000  0.000000  0.000000  0.000000  1.000000  0.999988  0.004713  0.000911  -0.004713  0.999989  0.000323  -0.000909  -0.000327  1.000000  1.000000  0.000000  0.000000  0.000000  1.000000  0.000000  0.000000  0.000000  1.000000  1.000000  0.000000  0.000000  0.000000  1.000000  0.000000  0.000000  0.000000  1.000000  0.000000  0.000000  
112.833249 -0.002942  0.086627  -0.002956  0.995604  0.086366  0.036248  -0.087127  0.995997  0.019960  -0.034379  -0.023031  0.999143  -0.002265  -0.003473  -0.001552  0.014046  -0.035709  0.185912  2.000000  1.000000  0.000264  0.000051  -0.000264  1.000000  0.000021  -0.000051  -0.000021  1.000000  0.999984  0.005532  0.001064  -0.005533  0.999985  0.000415  -0.001062  -0.000421  0.999999  1.000000  0.000069  0.000013  -0.000069  1.000000  0.000005  -0.000013  -0.000005  1.000000  1.000000  0.000264  0.000051  -0.000264  1.000000  0.000021  -0.000051  -0.000021  1.000000  0.000046  0.005649  
112.834255 -0.002946  0.086622  -0.002958  0.995545  0.086978  0.036394  -0.087741  0.995944  0.019926  -0.034513  -0.023031  0.999139  -0.002476  -0.003801  -0.001639  0.013325  -0.040666  0.206496  2.000000  1.000000  0.000558  0.000110  -0.000558  1.000000  0.000042  -0.000110  -0.000042  1.000000  0.999980  0.006146  0.001212  -0.006147  0.999981  0.000393  -0.001209  -0.000400  0.999999  1.000000  0.000077  0.000015  -0.000077  1.000000  0.000005  -0.000015  -0.000005  1.000000  1.000000  0.000558  0.000110  -0.000558  1.000000  0.000042  -0.000110  -0.000042  1.000000  0.000051  0.006277  
112.835496 -0.002952  0.086613  -0.002961  0.995468  0.087795  0.036544  -0.088561  0.995872  0.019884  -0.034647  -0.023031  0.999134  -0.002810  -0.004272  -0.001777  0.012137  -0.045959  0.241012  2.000000  1.000000  0.000902  0.000173  -0.000902  1.000000  0.000060  -0.000173  -0.000060  1.000000  0.999973  0.007172  0.001369  -0.007172  0.999974  0.000356  -0.001366  -0.000366  0.999999  1.000000  0.000090  0.000017  -0.000090  1.000000  0.000005  -0.000017  -0.000005  1.000000  1.000000  0.000902  0.000173  -0.000902  1.000000  0.000060  -0.000173  -0.000060  1.000000  0.000060  0.007310  
112.836500 -0.002957  0.086605  -0.002963  0.995413  0.088410  0.036556  -0.089176  0.995818  0.019862  -0.034647  -0.023031  0.999134  -0.002994  -0.004572  -0.001816  0.011429  -0.046424  0.261717  2.000000  0.999999  0.001283  0.000242  -0.001283  0.999999  0.000077  -0.000242  -0.000078  1.000000  0.999969  0.007789  0.001383  -0.007789  0.999970  0.000335  -0.001380  -0.000346  0.999999  1.000000  0.000097  0.000017  -0.000097  1.000000  0.000004  -0.000017  -0.000004  1.000000  0.999999  0.001283  0.000242  -0.001283  0.999999  0.000077  -0.000242  -0.000078  1.000000  0.000065  0.007918  
112.837751 -0.002963  0.086596  -0.002965  0.995339  0.089230  0.036572  -0.089995  0.995745  0.019832  -0.034647  -0.023031  0.999134  -0.003210  -0.004886  -0.001778  0.010487  -0.047052  0.289356  2.000000  0.999998  0.001804  0.000329  -0.001804  0.999998  0.000097  -0.000329  -0.000098  1.000000  0.999962  0.008612  0.001402  -0.008612  0.999963  0.000306  -0.001399  -0.000318  0.999999  1.000000  0.000108  0.000018  -0.000108  1.000000  0.000004  -0.000018  -0.000004  1.000000  0.999998  0.001804  0.000329  -0.001804  0.999998  0.000097  -0.000329  -0.000098  1.000000  0.000072  0.008731  
112.838997 -0.002969  0.086586  -0.002967  0.995279  0.089838  0.036728  -0.090610  0.995687  0.019918  -0.034781  -0.023152  0.999127  -0.003417  -0.005168  -0.001780  0.013837  -0.052044  0.310024  2.000000  0.999997  0.002370  0.000420  -0.002370  0.999997  0.000116  -0.000420  -0.000117  1.000000  0.999954  0.009431  0.001554  -0.009432  0.999955  0.000276  -0.001552  -0.000291  0.999999  1.000000  0.000118  0.000019  -0.000118  1.000000  0.000004  -0.000019  -0.000004  1.000000  0.999997  0.002370  0.000420  -0.002370  0.999997  0.000116  -0.000420  -0.000117  1.000000  0.000079  0.009563  
112.839997 -0.002973  0.086577  -0.002970  0.995218  0.090450  0.036874  -0.091224  0.995632  0.019883  -0.034914  -0.023152  0.999122  -0.003557  -0.005511  -0.001811  0.013107  -0.057015  0.330679  2.000000  0.999996  0.002857  0.000500  -0.002857  0.999996  0.000135  -0.000500  -0.000137  1.000000  0.999948  0.010045  0.001703  -0.010046  0.999949  0.000374  -0.001699  -0.000392  0.999998  1.000000  0.000126  0.000021  -0.000126  1.000000  0.000005  -0.000021  -0.000005  1.000000  0.999996  0.002857  0.000500  -0.002857  0.999996  0.000135  -0.000500  -0.000137  1.000000  0.000084  0.010196  
112.840998 -0.002976  0.086568  -0.002973  0.995138  0.091262  0.037034  -0.092043  0.995555  0.019961  -0.035048  -0.023273  0.999115  -0.003612  -0.005832  -0.001948  0.016213  -0.062159  0.358201  2.000000  0.999994  0.003375  0.000587  -0.003375  0.999994  0.000157  -0.000587  -0.000159  1.000000  0.999941  0.010659  0.001852  -0.010660  0.999943  0.000473  -0.001847  -0.000492  0.999998  1.000000  0.000133  0.000023  -0.000133  1.000000  0.000006  -0.000023  -0.000006  1.000000  0.999994  0.003375  0.000587  -0.003375  0.999994  0.000157  -0.000587  -0.000159  1.000000  0.000089  0.010830  
112.842252 -0.002981  0.086557  -0.002977  0.995057  0.092074  0.037195  -0.092862  0.995477  0.020039  -0.035182  -0.023394  0.999107  -0.003643  -0.006270  -0.002124  0.019312  -0.067300  0.385686  2.000000  0.999992  0.004046  0.000703  -0.004046  0.999992  0.000188  -0.000702  -0.000190  1.000000  0.999939  0.010864  0.001858  -0.010865  0.999941  0.000585  -0.001852  -0.000605  0.999998  1.000000  0.000136  0.000023  -0.000136  1.000000  0.000007  -0.000023  -0.000007  1.000000  0.999992  0.004046  0.000703  -0.004046  0.999992  0.000188  -0.000702  -0.000190  1.000000  0.000096  0.011038  
112.843495 -0.002984  0.086546  -0.002983  0.994995  0.092681  0.037352  -0.093476  0.995418  0.020124  -0.035316  -0.023515  0.999100  -0.003695  -0.006680  -0.002351  0.022655  -0.072317  0.406442  2.000000  0.999989  0.004602  0.000796  -0.004602  0.999989  0.000216  -0.000795  -0.000220  1.000000  0.999937  0.011070  0.001863  -0.011071  0.999939  0.000576  -0.001857  -0.000597  0.999998  1.000000  0.000138  0.000023  -0.000138  1.000000  0.000007  -0.000023  -0.000007  1.000000  0.999989  0.004602  0.000796  -0.004602  0.999989  0.000216  -0.000795  -0.000220  1.000000  0.000102  0.011241  
112.844499 -0.002987  0.086537  -0.002988  0.994952  0.093088  0.037493  -0.093885  0.995380  0.020096  -0.035449  -0.023515  0.999095  -0.003729  -0.007090  -0.002511  0.021909  -0.077274  0.426992  2.000000  0.999987  0.005030  0.000867  -0.005030  0.999987  0.000241  -0.000865  -0.000245  1.000000  0.999932  0.011481  0.001874  -0.011482  0.999934  0.000560  -0.001867  -0.000582  0.999998  1.000000  0.000144  0.000023  -0.000144  1.000000  0.000007  -0.000023  -0.000007  1.000000  0.999987  0.005030  0.000867  -0.005030  0.999987  0.000241  -0.000865  -0.000245  1.000000  0.000109  0.011647  
112.845747 -0.002991  0.086525  -0.002995  0.994889  0.093695  0.037650  -0.094499  0.995320  0.020181  -0.035583  -0.023636  0.999087  -0.003704  -0.007498  -0.002797  0.025242  -0.082279  0.447655  2.000000  0.999983  0.005760  0.000982  -0.005761  0.999983  0.000280  -0.000981  -0.000285  0.999999  0.999928  0.011892  0.001885  -0.011893  0.999929  0.000665  -0.001877  -0.000688  0.999998  1.000000  0.000149  0.000024  -0.000149  1.000000  0.000008  -0.000024  -0.000008  1.000000  0.999983  0.005760  0.000982  -0.005761  0.999983  0.000280  -0.000981  -0.000285  0.999999  0.000114  0.012060  
112.846751 -0.002994  0.086515  -0.003000  0.994845  0.094102  0.037791  -0.094909  0.995282  0.020153  -0.035717  -0.023636  0.999082  -0.003740  -0.007950  -0.003045  0.024729  -0.087079  0.461300  2.000000  0.999979  0.006355  0.001078  -0.006355  0.999980  0.000308  -0.001076  -0.000315  0.999999  0.999925  0.012095  0.002023  -0.012096  0.999927  0.000535  -0.002017  -0.000559  0.999998  1.000000  0.000151  0.000025  -0.000151  1.000000  0.000007  -0.000025  -0.000007  1.000000  0.999979  0.006355  0.001078  -0.006355  0.999980  0.000308  -0.001076  -0.000315  0.999999  0.000118  0.012275  
112.848000 -0.002997  0.086502  -0.003006  0.994781  0.094709  0.037948  -0.095522  0.995222  0.020237  -0.035850  -0.023757  0.999075  -0.003732  -0.008463  -0.003391  0.028062  -0.092105  0.482054  2.000000  0.999974  0.007103  0.001206  -0.007104  0.999975  0.000347  -0.001204  -0.000355  0.999999  0.999925  0.012091  0.002159  -0.012092  0.999927  0.000535  -0.002152  -0.000561  0.999998  1.000000  0.000151  0.000027  -0.000151  1.000000  0.000007  -0.000027  -0.000007  1.000000  0.999974  0.007103  0.001206  -0.007104  0.999975  0.000347  -0.001204  -0.000355  0.999999  0.000123  0.012295  
112.849002 -0.003001  0.086492  -0.003011  0.994742  0.095118  0.037957  -0.095932  0.995182  0.020222  -0.035850  -0.023757  0.999075  -0.003740  -0.008821  -0.003614  0.027583  -0.092425  0.495882  2.000000  0.999970  0.007697  0.001321  -0.007698  0.999970  0.000373  -0.001318  -0.000384  0.999999  0.999927  0.011882  0.002288  -0.011884  0.999929  0.000541  -0.002281  -0.000568  0.999997  1.000000  0.000149  0.000029  -0.000149  1.000000  0.000007  -0.000029  -0.000007  1.000000  0.999970  0.007697  0.001321  -0.007698  0.999970  0.000373  -0.001318  -0.000384  0.999999  0.000126  0.012114  
112.850255 -0.003006  0.086478  -0.003017  0.994673  0.095727  0.038235  -0.096545  0.995124  0.020172  -0.036118  -0.023756  0.999065  -0.003656  -0.009129  -0.003859  0.026790  -0.101879  0.516330  2.000000  0.999963  0.008430  0.001469  -0.008430  0.999964  0.000403  -0.001465  -0.000415  0.999999  0.999929  0.011677  0.002283  -0.011678  0.999932  0.000425  -0.002278  -0.000452  0.999997  1.000000  0.000146  0.000029  -0.000146  1.000000  0.000005  -0.000029  -0.000005  1.000000  0.999963  0.008430  0.001469  -0.008430  0.999964  0.000403  -0.001465  -0.000415  0.999999  0.000129  0.011906  
112.851500 -0.003010  0.086466  -0.003023  0.994628  0.096133  0.038377  -0.096955  0.995085  0.020144  -0.036251  -0.023756  0.999060  -0.003523  -0.009324  -0.004011  0.026962  -0.101721  0.509422  2.000000  0.999958  0.009005  0.001591  -0.009006  0.999959  0.000424  -0.001587  -0.000438  0.999999  0.999931  0.011465  0.002545  -0.011466  0.999934  0.000430  -0.002540  -0.000459  0.999997  1.000000  0.000143  0.000032  -0.000143  1.000000  0.000006  -0.000032  -0.000006  1.000000  0.999958  0.009005  0.001591  -0.009006  0.999959  0.000424  -0.001587  -0.000438  0.999999  0.000130  0.011752  
112.852502 -0.003014  0.086455  -0.003027  0.994604  0.096335  0.038514  -0.097159  0.995065  0.020123  -0.036385  -0.023756  0.999055  -0.003424  -0.009514  -0.004189  0.027140  -0.101575  0.502577  2.000000  0.999953  0.009568  0.001715  -0.009569  0.999954  0.000445  -0.001710  -0.000461  0.999998  0.999933  0.011259  0.002541  -0.011260  0.999937  0.000436  -0.002536  -0.000464  0.999997  1.000000  0.000141  0.000032  -0.000141  1.000000  0.000006  -0.000032  -0.000006  1.000000  0.999953  0.009568  0.001715  -0.009569  0.999954  0.000445  -0.001710  -0.000461  0.999998  0.000130  0.011551  
112.853747 -0.003019  0.086442  -0.003032  0.994559  0.096746  0.038643  -0.097568  0.995028  0.019973  -0.036519  -0.023635  0.999053  -0.003405  -0.009729  -0.004356  0.018644  -0.097250  0.509647  2.000000  0.999946  0.010254  0.001868  -0.010255  0.999947  0.000468  -0.001863  -0.000487  0.999998  0.999938  0.010851  0.002397  -0.010851  0.999941  0.000328  -0.002394  -0.000354  0.999997  1.000000  0.000136  0.000030  -0.000136  1.000000  0.000004  -0.000030  -0.000004  1.000000  0.999946  0.010254  0.001868  -0.010255  0.999947  0.000468  -0.001863  -0.000487  0.999998  0.000130  0.011118  
112.855000 -0.003025  0.086429  -0.003039  0.994514  0.097153  0.038785  -0.097977  0.994989  0.019944  -0.036653  -0.023635  0.999049  -0.003464  -0.009941  -0.004637  0.014531  -0.101767  0.509484  2.000000  0.999938  0.010917  0.002019  -0.010918  0.999940  0.000480  -0.002014  -0.000502  0.999998  0.999943  0.010439  0.002386  -0.010440  0.999945  0.000220  -0.002384  -0.000245  0.999997  1.000000  0.000130  0.000030  -0.000130  1.000000  0.000003  -0.000030  -0.000003  1.000000  0.999938  0.010917  0.002019  -0.010918  0.999940  0.000480  -0.002014  -0.000502  0.999998  0.000130  0.010711  
112.856247 -0.003031  0.086415  -0.003046  0.994468  0.097559  0.038926  -0.098386  0.994949  0.019915  -0.036786  -0.023635  0.999044  -0.003564  -0.010075  -0.004856  0.014137  -0.105563  0.512123  2.000000  0.999931  0.011538  0.002169  -0.011540  0.999933  0.000494  -0.002164  -0.000519  0.999998  0.999951  0.009617  0.002367  -0.009617  0.999954  0.000250  -0.002365  -0.000272  0.999997  1.000000  0.000120  0.000030  -0.000120  1.000000  0.000003  -0.000030  -0.000003  1.000000  0.999931  0.011538  0.002169  -0.011540  0.999933  0.000494  -0.002164  -0.000519  0.999998  0.000129  0.009907  
112.857498 -0.003037  0.086402  -0.003054  0.994448  0.097759  0.038942  -0.098591  0.994927  0.020028  -0.036786  -0.023756  0.999041  -0.003684  -0.010220  -0.005051  0.015030  -0.110575  0.495785  2.000000  0.999924  0.012121  0.002317  -0.012123  0.999926  0.000511  -0.002311  -0.000539  0.999997  0.999957  0.008999  0.002354  -0.009000  0.999959  0.000394  -0.002350  -0.000415  0.999997  1.000000  0.000112  0.000029  -0.000112  1.000000  0.000005  -0.000029  -0.000005  1.000000  0.999924  0.012121  0.002317  -0.012123  0.999926  0.000511  -0.002311  -0.000539  0.999997  0.000127  0.009311  
112.858749 -0.003043  0.086389  -0.003061  0.994428  0.097964  0.038946  -0.098795  0.994906  0.020020  -0.036786  -0.023756  0.999041  -0.003851  -0.010331  -0.005163  0.011443  -0.110312  0.482073  2.000000  0.999918  0.012564  0.002435  -0.012565  0.999921  0.000530  -0.002428  -0.000561  0.999997  0.999960  0.008588  0.002344  -0.008589  0.999963  0.000409  -0.002341  -0.000429  0.999997  1.000000  0.000107  0.000029  -0.000107  1.000000  0.000005  -0.000029  -0.000005  1.000000  0.999918  0.012564  0.002435  -0.012565  0.999921  0.000530  -0.002428  -0.000561  0.999997  0.000123  0.008912  
112.860002 -0.003048  0.086378  -0.003068  0.994402  0.098166  0.039083  -0.099000  0.994887  0.019999  -0.036920  -0.023756  0.999036  -0.003991  -0.010291  -0.005139  0.012105  -0.109736  0.460926  2.000000  0.999911  0.013093  0.002583  -0.013094  0.999914  0.000553  -0.002575  -0.000587  0.999997  0.999962  0.008382  0.002339  -0.008383  0.999965  0.000294  -0.002337  -0.000314  0.999997  1.000000  0.000105  0.000029  -0.000105  1.000000  0.000004  -0.000029  -0.000004  1.000000  0.999911  0.013093  0.002583  -0.013094  0.999914  0.000553  -0.002575  -0.000587  0.999997  0.000120  0.008708  
112.861247 -0.003055  0.086365  -0.003076  0.994377  0.098367  0.039220  -0.099204  0.994867  0.019977  -0.037054  -0.023756  0.999031  -0.004231  -0.010359  -0.005239  0.012432  -0.108513  0.443420  2.000000  0.999904  0.013588  0.002725  -0.013590  0.999907  0.000571  -0.002717  -0.000608  0.999996  0.999967  0.007765  0.002325  -0.007766  0.999970  0.000316  -0.002322  -0.000334  0.999997  1.000000  0.000097  0.000029  -0.000097  1.000000  0.000004  -0.000029  -0.000004  1.000000  0.999904  0.013588  0.002725  -0.013590  0.999907  0.000571  -0.002717  -0.000608  0.999996  0.000116  0.008112  
112.862249 -0.003062  0.086354  -0.003083  0.994352  0.098569  0.039357  -0.099408  0.994847  0.019956  -0.037187  -0.023756  0.999026  -0.004488  -0.010409  -0.005389  0.008818  -0.108208  0.429651  2.000000  0.999899  0.013956  0.002836  -0.013958  0.999902  0.000580  -0.002828  -0.000620  0.999996  0.999971  0.007357  0.002181  -0.007357  0.999973  0.000210  -0.002180  -0.000226  0.999998  1.000000  0.000092  0.000027  -0.000092  1.000000  0.000003  -0.000027  -0.000003  1.000000  0.999899  0.013956  0.002836  -0.013958  0.999902  0.000580  -0.002828  -0.000620  0.999996  0.000112  0.007677  
112.863498 -0.003071  0.086339  -0.003094  0.994326  0.098771  0.039494  -0.099612  0.994827  0.019934  -0.037321  -0.023755  0.999021  -0.004814  -0.010512  -0.005665  0.009224  -0.103430  0.416048  2.000000  0.999892  0.014377  0.002972  -0.014379  0.999896  0.000589  -0.002963  -0.000632  0.999995  0.999978  0.006328  0.002157  -0.006329  0.999980  0.000125  -0.002156  -0.000139  0.999998  1.000000  0.000079  0.000027  -0.000079  1.000000  0.000002  -0.000027  -0.000002  1.000000  0.999892  0.014377  0.002972  -0.014379  0.999896  0.000589  -0.002963  -0.000632  0.999995  0.000106  0.006687  
112.864507 -0.003079  0.086328  -0.003103  0.994321  0.098772  0.039615  -0.099612  0.994829  0.019800  -0.037455  -0.023634  0.999019  -0.005076  -0.010549  -0.005937  0.006439  -0.107922  0.384731  2.000000  0.999887  0.014686  0.003079  -0.014688  0.999892  0.000588  -0.003070  -0.000633  0.999995  0.999980  0.005917  0.002147  -0.005917  0.999982  -0.000103  -0.002147  0.000090  0.999998  1.000000  0.000074  0.000027  -0.000074  1.000000  -0.000001  -0.000027  0.000001  1.000000  0.999887  0.014686  0.003079  -0.014688  0.999892  0.000588  -0.003070  -0.000633  0.999995  0.000102  0.006296  
112.865750 -0.003088  0.086314  -0.003114  0.994296  0.098974  0.039753  -0.099816  0.994809  0.019779  -0.037589  -0.023634  0.999014  -0.005385  -0.010618  -0.006307  0.007139  -0.107472  0.364110  2.000000  0.999882  0.015040  0.003211  -0.015042  0.999887  0.000578  -0.003202  -0.000626  0.999995  0.999983  0.005506  0.002137  -0.005506  0.999985  -0.000209  -0.002138  0.000197  0.999998  1.000000  0.000069  0.000027  -0.000069  1.000000  -0.000003  -0.000027  0.000003  1.000000  0.999882  0.015040  0.003211  -0.015042  0.999887  0.000578  -0.003202  -0.000626  0.999995  0.000097  0.005910  
112.866999 -0.003098  0.086301  -0.003126  0.994275  0.099179  0.039757  -0.100021  0.994789  0.019771  -0.037589  -0.023634  0.999014  -0.005785  -0.010652  -0.006783  0.007639  -0.107151  0.350288  2.000000  0.999877  0.015308  0.003318  -0.015310  0.999883  0.000566  -0.003309  -0.000617  0.999994  0.999984  0.005300  0.002132  -0.005300  0.999986  -0.000201  -0.002133  0.000190  0.999998  1.000000  0.000066  0.000027  -0.000066  1.000000  -0.000002  -0.000027  0.000002  1.000000  0.999877  0.015308  0.003318  -0.015310  0.999883  0.000566  -0.003309  -0.000617  0.999994  0.000093  0.005717  
112.868248 -0.003108  0.086287  -0.003139  0.994249  0.099380  0.039894  -0.100225  0.994769  0.019749  -0.037722  -0.023634  0.999009  -0.006107  -0.010694  -0.007205  0.008345  -0.106671  0.329558  2.000000  0.999873  0.015565  0.003423  -0.015567  0.999879  0.000552  -0.003414  -0.000605  0.999994  0.999986  0.004889  0.002123  -0.004888  0.999988  -0.000308  -0.002124  0.000298  0.999998  1.000000  0.000000  0.000000  0.000000  1.000000  0.000000  0.000000  0.000000  1.000000  0.999873  0.015565  0.003423  -0.015567  0.999879  0.000552  -0.003414  -0.000605  0.999994  0.000090  0.000000  
112.869251 -0.003117  0.086277  -0.003149  0.994229  0.099585  0.039898  -0.100429  0.994748  0.019741  -0.037722  -0.023634  0.999009  -0.006383  -0.010638  -0.007654  0.004768  -0.106349  0.315671  2.000000  0.999873  0.015565  0.003423  -0.015567  0.999879  0.000552  -0.003414  -0.000605  0.999994  0.999987  0.004686  0.001984  -0.004686  0.999989  -0.000300  -0.001986  0.000291  0.999998  1.000000  0.000000  0.000000  0.000000  1.000000  0.000000  0.000000  0.000000  1.000000  0.999873  0.015565  0.003423  -0.015567  0.999879  0.000552  -0.003414  -0.000605  0.999994  0.000085  0.000000  
112.870500 -0.003128  0.086264  -0.003162  0.994224  0.099582  0.040031  -0.100429  0.994749  0.019727  -0.037856  -0.023634  0.999004  -0.006721  -0.010570  -0.008113  0.001637  -0.101221  0.288110  2.000000  0.999873  0.015565  0.003423  -0.015567  0.999879  0.000552  -0.003414  -0.000605  0.999994  0.999990  0.004069  0.001970  -0.004069  0.999992  -0.000277  -0.001971  0.000269  0.999998  1.000000  0.000000  0.000000  0.000000  1.000000  0.000000  0.000000  0.000000  1.000000  0.999873  0.015565  0.003423  -0.015567  0.999879  0.000552  -0.003414  -0.000605  0.999994  0.000079  0.000000  
112.871501 -0.003137  0.086254  -0.003173  0.994203  0.099787  0.040035  -0.100634  0.994728  0.019719  -0.037856  -0.023634  0.999004  -0.007045  -0.010559  -0.008416  0.002123  -0.096412  0.274421  2.000000  0.999873  0.015565  0.003423  -0.015567  0.999879  0.000552  -0.003414  -0.000605  0.999994  0.999991  0.003867  0.001831  -0.003866  0.999992  -0.000270  -0.001832  0.000262  0.999998  1.000000  0.000000  0.000000  0.000000  1.000000  0.000000  0.000000  0.000000  1.000000  0.999873  0.015565  0.003423  -0.015567  0.999879  0.000552  -0.003414  -0.000605  0.999994  0.000074  0.000000  
112.872817 -0.003148  0.086242  -0.003186  0.994157  0.100193  0.040176  -0.101042  0.994687  0.019689  -0.037990  -0.023634  0.998999  -0.007335  -0.010458  -0.008733  -0.001481  -0.095892  0.260015  2.000000  0.999873  0.015565  0.003423  -0.015567  0.999879  0.000552  -0.003414  -0.000605  0.999994  0.999992  0.003664  0.001692  -0.003664  0.999993  -0.000262  -0.001693  0.000256  0.999999  1.000000  0.000000  0.000000  0.000000  1.000000  0.000000  0.000000  0.000000  1.000000  0.999873  0.015565  0.003423  -0.015567  0.999879  0.000552  -0.003414  -0.000605  0.999994  0.000070  0.000000  
112.873994 -0.003159  0.086230  -0.003198  0.994131  0.100395  0.040313  -0.101247  0.994667  0.019667  -0.038123  -0.023634  0.998994  -0.007694  -0.010490  -0.009031  -0.005305  -0.095295  0.251920  2.000000  0.999873  0.015565  0.003423  -0.015567  0.999879  0.000552  -0.003414  -0.000605  0.999994  0.999993  0.003462  0.001554  -0.003461  0.999994  -0.000254  -0.001555  0.000249  0.999999  1.000000  0.000000  0.000000  0.000000  1.000000  0.000000  0.000000  0.000000  1.000000  0.999873  0.015565  0.003423  -0.015567  0.999879  0.000552  -0.003414  -0.000605  0.999994  0.000066  0.000000  
112.874995 -0.003168  0.086221  -0.003207  0.994131  0.100395  0.040313  -0.101247  0.994667  0.019667  -0.038123  -0.023634  0.998994  -0.007950  -0.010458  -0.009287  -0.008671  -0.090989  0.233038  2.000000  0.999873  0.015565  0.003423  -0.015567  0.999879  0.000552  -0.003414  -0.000605  0.999994  0.999993  0.003462  0.001554  -0.003461  0.999994  -0.000134  -0.001554  0.000128  0.999999  1.000000  0.000000  0.000000  0.000000  1.000000  0.000000  0.000000  0.000000  1.000000  0.999873  0.015565  0.003423  -0.015567  0.999879  0.000552  -0.003414  -0.000605  0.999994  0.000064  0.000000  
112.875996 -0.003178  0.086211  -0.003217  0.994110  0.100605  0.040305  -0.101451  0.994649  0.019538  -0.038123  -0.023512  0.998996  -0.008262  -0.010410  -0.009500  -0.012494  -0.090814  0.226136  2.000000  0.999873  0.015565  0.003423  -0.015567  0.999879  0.000552  -0.003414  -0.000605  0.999994  0.999993  0.003462  0.001554  -0.003461  0.999994  -0.000134  -0.001554  0.000128  0.999999  1.000000  0.000000  0.000000  0.000000  1.000000  0.000000  0.000000  0.000000  1.000000  0.999873  0.015565  0.003423  -0.015567  0.999879  0.000552  -0.003414  -0.000605  0.999994  0.000062  0.000000  
112.876999 -0.003188  0.086202  -0.003227  0.994110  0.100605  0.040305  -0.101451  0.994649  0.019538  -0.038123  -0.023512  0.998996  -0.008492  -0.010282  -0.009765  -0.015942  -0.085294  0.210655  2.000000  0.999873  0.015565  0.003423  -0.015567  0.999879  0.000552  -0.003414  -0.000605  0.999994  0.999994  0.003259  0.001415  -0.003259  0.999995  -0.000247  -0.001416  0.000242  0.999999  1.000000  0.000000  0.000000  0.000000  1.000000  0.000000  0.000000  0.000000  1.000000  0.999873  0.015565  0.003423  -0.015567  0.999879  0.000552  -0.003414  -0.000605  0.999994  0.000059  0.000000  
112.878246 -0.003201  0.086190  -0.003241  0.994084  0.100806  0.040442  -0.101655  0.994628  0.019517  -0.038257  -0.023512  0.998991  -0.008731  -0.010146  -0.009937  -0.015461  -0.084961  0.196921  2.000000  0.999873  0.015565  0.003423  -0.015567  0.999879  0.000552  -0.003414  -0.000605  0.999994  0.999994  0.003259  0.001415  -0.003259  0.999995  -0.000368  -0.001416  0.000364  0.999999  1.000000  0.000000  0.000000  0.000000  1.000000  0.000000  0.000000  0.000000  1.000000  0.999873  0.015565  0.003423  -0.015567  0.999879  0.000552  -0.003414  -0.000605  0.999994  0.000055  0.000000  
112.879497 -0.003214  0.086178  -0.003255  0.994063  0.101011  0.040446  -0.101860  0.994607  0.019508  -0.038257  -0.023512  0.998991  -0.008984  -0.010043  -0.010166  -0.015092  -0.080859  0.184871  2.000000  0.999873  0.015565  0.003423  -0.015567  0.999879  0.000552  -0.003414  -0.000605  0.999994  0.999994  0.003050  0.001544  -0.003050  0.999995  -0.000361  -0.001545  0.000356  0.999999  1.000000  0.000000  0.000000  0.000000  1.000000  0.000000  0.000000  0.000000  1.000000  0.999873  0.015565  0.003423  -0.015567  0.999879  0.000552  -0.003414  -0.000605  0.999994  0.000052  0.000000  
112.880500 -0.003224  0.086168  -0.003267  0.994042  0.101221  0.040437  -0.102065  0.994589  0.019379  -0.038257  -0.023391  0.998994  -0.009178  -0.009924  -0.010395  -0.019182  -0.076353  0.184987  2.000000  0.999873  0.015565  0.003423  -0.015567  0.999879  0.000552  -0.003414  -0.000605  0.999994  0.999994  0.003054  0.001410  -0.003053  0.999995  -0.000482  -0.001411  0.000478  0.999999  1.000000  0.000000  0.000000  0.000000  1.000000  0.000000  0.000000  0.000000  1.000000  0.999873  0.015565  0.003423  -0.015567  0.999879  0.000552  -0.003414  -0.000605  0.999994  0.000051  0.000000  
112.881754 -0.003236  0.086156  -0.003283  0.994016  0.101422  0.040574  -0.102269  0.994568  0.019357  -0.038391  -0.023391  0.998989  -0.009340  -0.009812  -0.010591  -0.018954  -0.071668  0.178115  2.000000  0.999873  0.015565  0.003423  -0.015567  0.999879  0.000552  -0.003414  -0.000605  0.999994  0.999995  0.002848  0.001405  -0.002847  0.999996  -0.000475  -0.001406  0.000471  0.999999  1.000000  0.000000  0.000000  0.000000  1.000000  0.000000  0.000000  0.000000  1.000000  0.999873  0.015565  0.003423  -0.015567  0.999879  0.000552  -0.003414  -0.000605  0.999994  0.000047  0.000000  
112.882997 -0.003248  0.086144  -0.003298  0.994011  0.101419  0.040707  -0.102268  0.994569  0.019344  -0.038524  -0.023391  0.998984  -0.009476  -0.009683  -0.010776  0.000000  0.000000  0.000000  2.000000  0.999873  0.015565  0.003423  -0.015567  0.999879  0.000552  -0.003414  -0.000605  0.999994  0.999995  0.002845  0.001539  -0.002844  0.999996  -0.000475  -0.001540  0.000471  0.999999  1.000000  0.000000  0.000000  0.000000  1.000000  0.000000  0.000000  0.000000  1.000000  0.999873  0.015565  0.003423  -0.015567  0.999879  0.000552  -0.003414  -0.000605  0.999994  0.000000  0.000000  
112.884250 -0.003260  0.086133  -0.003313  0.993990  0.101624  0.040711  -0.102473  0.994548  0.019335  -0.038524  -0.023391  0.998984  -0.009557  -0.009584  -0.010898  0.000000  0.000000  0.000000  2.000000  0.999873  0.015565  0.003423  -0.015567  0.999879  0.000552  -0.003414  -0.000605  0.999994  0.999995  0.003057  0.001276  -0.003056  0.999995  -0.000483  -0.001277  0.000479  0.999999  1.000000  0.000000  0.000000  0.000000  1.000000  0.000000  0.000000  0.000000  1.000000  0.999873  0.015565  0.003423  -0.015567  0.999879  0.000552  -0.003414  -0.000605  0.999994  0.000000  0.000000  
112.885251 -0.003269  0.086125  -0.003325  0.993984  0.101616  0.040857  -0.102472  0.994546  0.019442  -0.038658  -0.023512  0.998976  -0.009562  -0.009485  -0.011021  0.000000  0.000000  0.000000  2.000000  0.999873  0.015565  0.003423  -0.015567  0.999879  0.000552  -0.003414  -0.000605  0.999994  0.999995  0.002851  0.001271  -0.002851  0.999996  -0.000233  -0.001272  0.000229  0.999999  1.000000  0.000000  0.000000  0.000000  1.000000  0.000000  0.000000  0.000000  1.000000  0.999873  0.015565  0.003423  -0.015567  0.999879  0.000552  -0.003414  -0.000605  0.999994  0.000000  0.000000  
112.886500 -0.003280  0.086113  -0.003340  0.993963  0.101821  0.040861  -0.102677  0.994525  0.019434  -0.038658  -0.023512  0.998976  -0.009544  -0.009397  -0.011145  0.000000  0.000000  0.000000  2.000000  0.999873  0.015565  0.003423  -0.015567  0.999879  0.000552  -0.003414  -0.000605  0.999994  0.999995  0.002854  0.001138  -0.002854  0.999996  -0.000233  -0.001138  0.000230  0.999999  1.000000  0.000000  0.000000  0.000000  1.000000  0.000000  0.000000  0.000000  1.000000  0.999873  0.015565  0.003423  -0.015567  0.999879  0.000552  -0.003414  -0.000605  0.999994  0.000000  0.000000  
112.887750 -0.003291  0.086102  -0.003356  0.993963  0.101821  0.040861  -0.102677  0.994525  0.019434  -0.038658  -0.023512  0.998976  -0.009624  -0.009387  -0.011407  0.000000  0.000000  0.000000  2.000000  0.999873  0.015565  0.003423  -0.015567  0.999879  0.000552  -0.003414  -0.000605  0.999994  0.999996  0.002649  0.001133  -0.002648  0.999996  -0.000225  -0.001133  0.000222  0.999999  1.000000  0.000000  0.000000  0.000000  1.000000  0.000000  0.000000  0.000000  1.000000  0.999873  0.015565  0.003423  -0.015567  0.999879  0.000552  -0.003414  -0.000605  0.999994  0.000000  0.000000  
112.889021 -0.003303  0.086090  -0.003371  0.993937  0.102017  0.041010  -0.102881  0.994502  0.019532  -0.038792  -0.023633  0.998968  -0.009587  -0.009343  -0.011605  0.000000  0.000000  0.000000  2.000000  0.999873  0.015565  0.003423  -0.015567  0.999879  0.000552  -0.003414  -0.000605  0.999994  0.999996  0.002443  0.001128  -0.002443  0.999997  -0.000096  -0.001129  0.000093  0.999999  1.000000  0.000000  0.000000  0.000000  1.000000  0.000000  0.000000  0.000000  1.000000  0.999873  0.015565  0.003423  -0.015567  0.999879  0.000552  -0.003414  -0.000605  0.999994  0.000000  0.000000  
112.890254 -0.003314  0.086077  -0.003387  0.993937  0.102017  0.041010  -0.102881  0.994502  0.019532  -0.038792  -0.023633  0.998968  -0.009604  -0.009438  -0.011839  0.000000  0.000000  0.000000  2.000000  0.999873  0.015565  0.003423  -0.015567  0.999879  0.000552  -0.003414  -0.000605  0.999994  0.999996  0.002443  0.001128  -0.002443  0.999997  -0.000096  -0.001129  0.000093  0.999999  1.000000  0.000000  0.000000  0.000000  1.000000  0.000000  0.000000  0.000000  1.000000  0.999873  0.015565  0.003423  -0.015567  0.999879  0.000552  -0.003414  -0.000605  0.999994  0.000000  0.000000  
112.891497 -0.003325  0.086065  -0.003402  0.993932  0.102014  0.041143  -0.102881  0.994502  0.019518  -0.038926  -0.023633  0.998963  -0.009480  -0.009470  -0.012040  0.000000  0.000000  0.000000  2.000000  0.999873  0.015565  0.003423  -0.015567  0.999879  0.000552  -0.003414  -0.000605  0.999994  0.999996  0.002443  0.001128  -0.002443  0.999997  -0.000096  -0.001129  0.000093  0.999999  1.000000  0.000000  0.000000  0.000000  1.000000  0.000000  0.000000  0.000000  1.000000  0.999873  0.015565  0.003423  -0.015567  0.999879  0.000552  -0.003414  -0.000605  0.999994  0.000000  0.000000  
112.892749 -0.003336  0.086052  -0.003417  0.993927  0.102011  0.041276  -0.102880  0.994503  0.019505  -0.039059  -0.023633  0.998957  -0.009381  -0.009504  -0.012123  0.000000  0.000000  0.000000  2.000000  0.999873  0.015565  0.003423  -0.015567  0.999879  0.000552  -0.003414  -0.000605  0.999994  0.999997  0.002031  0.001119  -0.002031  0.999998  -0.000080  -0.001119  0.000078  0.999999  1.000000  0.000000  0.000000  0.000000  1.000000  0.000000  0.000000  0.000000  1.000000  0.999873  0.015565  0.003423  -0.015567  0.999879  0.000552  -0.003414  -0.000605  0.999994  0.000000  0.000000  
112.893749 -0.003345  0.086043  -0.003429  0.993905  0.102216  0.041280  -0.103085  0.994481  0.019496  -0.039059  -0.023633  0.998957  -0.009258  -0.009464  -0.012123  0.000000  0.000000  0.000000  2.000000  0.999873  0.015565  0.003423  -0.015567  0.999879  0.000552  -0.003414  -0.000605  0.999994  0.999997  0.002031  0.001119  -0.002031  0.999998  -0.000080  -0.001119  0.000078  0.999999  1.000000  0.000000  0.000000  0.000000  1.000000  0.000000  0.000000  0.000000  1.000000  0.999873  0.015565  0.003423  -0.015567  0.999879  0.000552  -0.003414  -0.000605  0.999994  0.000000  0.000000  
112.894997 -0.003355  0.086031  -0.003443  0.993927  0.102011  0.041276  -0.102880  0.994503  0.019505  -0.039059  -0.023633  0.998957  -0.009097  -0.009450  -0.012088  0.000000  0.000000  0.000000  2.000000  0.999873  0.015565  0.003423  -0.015567  0.999879  0.000552  -0.003414  -0.000605  0.999994  0.999998  0.001829  0.000980  -0.001829  0.999998  -0.000072  -0.000980  0.000071  1.000000  1.000000  0.000000  0.000000  0.000000  1.000000  0.000000  0.000000  0.000000  1.000000  0.999873  0.015565  0.003423  -0.015567  0.999879  0.000552  -0.003414  -0.000605  0.999994  0.000000  0.000000  
