1-Time 2-Px 3-Py 4-Pz 5-R11 6-R21 7-R31 8-R12 9-R22 10-R32 11-R13 12-R23 13-R33 14-Vx 15-Vy 16-Vz 17-Wx 18-Wy 19-Wz 20-state 21-PR11 22-PR21 23-PR31 24-PR12 25-PR22 26-PR32 27-PR13 28-PR23 29-PR33 
38.548634 -0.003619  0.086826  0.005680  0.986262  0.104229  0.128152  -0.116269  0.989100  0.090347  -0.117338  -0.104006  0.987631  0.000071  0.000067  -0.000001  0.000000  0.000000  0.000000  2.000000  1.000000  0.000000  0.000000  0.000000  1.000000  0.000000  0.000000  0.000000  1.000000  0.999999  -0.000294  -0.001107  0.000294  1.000000  -0.000316  0.001107  0.000315  0.999999  1.000000  0.000000  0.000000  0.000000  1.000000  0.000000  0.000000  0.000000  1.000000  0.662310  0.706259  -0.250087  -0.693513  0.704209  0.152082  0.283523  0.072714  0.956205  0.000000  0.000000  
38.549639 -0.003619  0.086826  0.005681  0.986262  0.104229  0.128152  -0.116269  0.989100  0.090347  -0.117338  -0.104006  0.987631  0.000076  0.000044  0.000011  0.000000  0.000000  0.000000  2.000000  1.000000  0.000000  0.000000  0.000000  1.000000  0.000000  0.000000  0.000000  1.000000  0.999999  -0.000309  -0.000974  0.000308  1.000000  -0.000316  0.000974  0.000315  0.999999  1.000000  0.000000  0.000000  0.000000  1.000000  0.000000  0.000000  0.000000  1.000000  1.000000  0.000000  0.000000  0.000000  1.000000  0.000000  0.000000  0.000000  1.000000  0.000000  0.000000  
38.550640 -0.003620  0.086823  0.005681  0.986199  0.104592  0.128346  -0.116673  0.989037  0.090519  -0.117471  -0.104244  0.987590  -0.000011  -0.000115  0.000028  0.000000  0.000000  0.000000  2.000000  1.000000  0.000000  0.000000  0.000000  1.000000  0.000000  0.000000  0.000000  1.000000  1.000000  -0.000119  -0.000820  0.000119  1.000000  -0.000218  0.000820  0.000218  1.000000  1.000000  0.000000  0.000000  0.000000  1.000000  0.000000  0.000000  0.000000  1.000000  1.000000  0.000000  0.000000  0.000000  1.000000  0.000000  0.000000  0.000000  1.000000  0.000000  0.000000  
38.551640 -0.003623  0.086820  0.005681  0.986055  0.105349  0.128826  -0.117479  0.988944  0.090486  -0.117870  -0.104359  0.987530  -0.000199  -0.000366  0.000027  0.000000  0.000000  0.000000  2.000000  1.000000  0.000000  0.000000  0.000000  1.000000  0.000000  0.000000  0.000000  1.000000  1.000000  0.000666  -0.000468  -0.000666  1.000000  -0.000073  0.000468  0.000073  1.000000  1.000000  0.000000  0.000000  0.000000  1.000000  0.000000  0.000000  0.000000  1.000000  1.000000  0.000000  0.000000  0.000000  1.000000  0.000000  0.000000  0.000000  1.000000  0.000000  0.000000  
38.552890 -0.003625  0.086815  0.005682  0.985920  0.105873  0.129433  -0.118081  0.988864  0.090584  -0.118401  -0.104592  0.987442  -0.000351  -0.000677  0.000122  0.000000  0.000000  0.000000  2.000000  1.000000  0.000000  0.000000  0.000000  1.000000  0.000000  0.000000  0.000000  1.000000  0.999999  0.001612  0.000305  -0.001612  0.999999  0.000048  -0.000305  -0.000048  1.000000  1.000000  0.000000  0.000000  0.000000  1.000000  0.000000  0.000000  0.000000  1.000000  1.000000  0.000000  0.000000  0.000000  1.000000  0.000000  0.000000  0.000000  1.000000  0.000000  0.000000  
38.553890 -0.003628  0.086810  0.005684  0.985840  0.106221  0.129758  -0.118483  0.988801  0.090739  -0.118667  -0.104828  0.987385  -0.000498  -0.001011  0.000230  0.000000  0.000000  0.000000  2.000000  1.000000  0.000000  0.000000  0.000000  1.000000  0.000000  0.000000  0.000000  1.000000  0.999998  0.001976  0.000748  -0.001977  0.999998  0.000241  -0.000747  -0.000242  1.000000  1.000000  0.000000  0.000000  0.000000  1.000000  0.000000  0.000000  0.000000  1.000000  1.000000  0.000000  0.000000  0.000000  1.000000  0.000000  0.000000  0.000000  1.000000  0.000000  0.000000  
38.555140 -0.003631  0.086804  0.005686  0.985735  0.106772  0.130102  -0.119088  0.988717  0.090867  -0.118932  -0.105064  0.987328  -0.000690  -0.001427  0.000411  0.000000  0.000000  0.000000  2.000000  1.000000  0.000000  0.000000  0.000000  1.000000  0.000000  0.000000  0.000000  1.000000  0.999997  0.002340  0.001191  -0.002341  0.999997  0.000555  -0.001189  -0.000558  0.999999  1.000000  0.000000  0.000000  0.000000  1.000000  0.000000  0.000000  0.000000  1.000000  1.000000  0.000000  0.000000  0.000000  1.000000  0.000000  0.000000  0.000000  1.000000  0.000000  0.000000  
38.556148 -0.003633  0.086800  0.005689  0.985686  0.107132  0.130179  -0.119494  0.988640  0.091173  -0.118932  -0.105423  0.987290  -0.000855  -0.001698  0.000612  0.000000  0.000000  0.000000  2.000000  1.000000  0.000000  0.000000  0.000000  1.000000  0.000000  0.000000  0.000000  1.000000  0.999995  0.002747  0.001234  -0.002748  0.999996  0.000749  -0.001232  -0.000752  0.999999  1.000000  0.000000  0.000000  0.000000  1.000000  0.000000  0.000000  0.000000  1.000000  1.000000  0.000000  0.000000  0.000000  1.000000  0.000000  0.000000  0.000000  1.000000  0.000000  0.000000  
38.557391 -0.003636  0.086795  0.005693  0.985587  0.107898  0.130293  -0.120305  0.988518  0.091425  -0.118932  -0.105783  0.987251  -0.001102  -0.002054  0.000856  0.000000  0.000000  0.000000  2.000000  1.000000  0.000000  0.000000  0.000000  1.000000  0.000000  0.000000  0.000000  1.000000  0.999993  0.003545  0.001455  -0.003547  0.999993  0.001014  -0.001452  -0.001019  0.999998  1.000000  0.000000  0.000000  0.000000  1.000000  0.000000  0.000000  0.000000  1.000000  1.000000  0.000000  0.000000  0.000000  1.000000  0.000000  0.000000  0.000000  1.000000  0.000000  0.000000  
38.558394 -0.003638  0.086792  0.005696  0.985472  0.108667  0.130526  -0.121115  0.988408  0.091542  -0.119065  -0.106020  0.987210  -0.001236  -0.002301  0.001077  0.000000  0.000000  0.000000  2.000000  1.000000  0.000000  0.000000  0.000000  1.000000  0.000000  0.000000  0.000000  1.000000  0.999989  0.004344  0.001676  -0.004346  0.999990  0.001279  -0.001670  -0.001287  0.999998  1.000000  0.000000  0.000000  0.000000  1.000000  0.000000  0.000000  0.000000  1.000000  1.000000  0.000000  0.000000  0.000000  1.000000  0.000000  0.000000  0.000000  1.000000  0.000000  0.000000  
38.559645 -0.003640  0.086786  0.005701  0.985315  0.109608  0.130922  -0.122126  0.988266  0.091734  -0.119331  -0.106376  0.987139  -0.001361  -0.002655  0.001387  0.047094  -0.055438  0.180570  2.000000  1.000000  0.000022  0.000141  -0.000022  1.000000  0.000038  -0.000141  -0.000038  1.000000  0.999982  0.005520  0.002207  -0.005523  0.999984  0.001494  -0.002199  -0.001506  0.999996  1.000000  0.000011  0.000074  -0.000011  1.000000  0.000019  -0.000074  -0.000019  1.000000  1.000000  0.000022  0.000141  -0.000022  1.000000  0.000038  -0.000141  -0.000038  1.000000  0.000047  0.006131  
38.560889 -0.003640  0.086782  0.005707  0.985125  0.110537  0.131567  -0.123132  0.988138  0.091774  -0.119862  -0.106609  0.987050  -0.001404  -0.002955  0.001798  0.055165  -0.076990  0.212842  2.000000  1.000000  0.000080  0.000549  -0.000080  1.000000  0.000139  -0.000549  -0.000139  1.000000  0.999975  0.006493  0.002716  -0.006497  0.999978  0.001610  -0.002706  -0.001628  0.999995  1.000000  0.000011  0.000087  -0.000011  1.000000  0.000020  -0.000087  -0.000020  1.000000  1.000000  0.000080  0.000549  -0.000080  1.000000  0.000139  -0.000549  -0.000139  1.000000  0.000056  0.007222  
38.561889 -0.003641  0.086779  0.005714  0.984950  0.111496  0.132068  -0.124140  0.988018  0.091709  -0.120261  -0.106723  0.986989  -0.001465  -0.003190  0.002302  0.055087  -0.098533  0.245068  2.000000  1.000000  0.000123  0.000926  -0.000124  1.000000  0.000225  -0.000926  -0.000225  1.000000  0.999968  0.007262  0.003204  -0.007267  0.999972  0.001751  -0.003191  -0.001774  0.999993  1.000000  0.000011  0.000099  -0.000011  1.000000  0.000022  -0.000099  -0.000022  1.000000  1.000000  0.000123  0.000926  -0.000124  1.000000  0.000225  -0.000926  -0.000225  1.000000  0.000064  0.008131  
38.562890 -0.003641  0.086775  0.005722  0.984800  0.112251  0.132551  -0.124945  0.987920  0.091670  -0.120659  -0.106838  0.986928  -0.001485  -0.003446  0.002850  0.054982  -0.115611  0.277773  2.000000  0.999999  0.000163  0.001362  -0.000163  1.000000  0.000312  -0.001362  -0.000312  0.999999  0.999959  0.008220  0.003846  -0.008227  0.999965  0.001744  -0.003832  -0.001776  0.999991  1.000000  0.000010  0.000113  -0.000010  1.000000  0.000022  -0.000113  -0.000022  1.000000  0.999999  0.000163  0.001362  -0.000163  1.000000  0.000312  -0.001362  -0.000312  0.999999  0.000075  0.009245  
38.563891 -0.003642  0.086771  0.005731  0.984622  0.113193  0.133065  -0.125952  0.987787  0.091723  -0.121058  -0.107072  0.986854  -0.001557  -0.003702  0.003396  0.058941  -0.132713  0.310471  2.000000  0.999998  0.000192  0.001729  -0.000192  1.000000  0.000377  -0.001729  -0.000378  0.999998  0.999948  0.009193  0.004355  -0.009201  0.999956  0.001737  -0.004339  -0.001777  0.999989  1.000000  0.000010  0.000127  -0.000010  1.000000  0.000022  -0.000127  -0.000022  1.000000  0.999998  0.000192  0.001729  -0.000192  1.000000  0.000377  -0.001729  -0.000378  0.999998  0.000084  0.010323  
38.564899 -0.003644  0.086766  0.005739  0.984502  0.113976  0.133285  -0.126761  0.987684  0.091716  -0.121191  -0.107190  0.986825  -0.001652  -0.004000  0.003932  0.059686  -0.144548  0.336706  2.000000  0.999997  0.000233  0.002264  -0.000234  1.000000  0.000468  -0.002264  -0.000469  0.999997  0.999939  0.009962  0.004843  -0.009971  0.999949  0.001755  -0.004825  -0.001804  0.999987  1.000000  0.000010  0.000138  -0.000010  1.000000  0.000022  -0.000138  -0.000022  1.000000  0.999997  0.000233  0.002264  -0.000234  1.000000  0.000468  -0.002264  -0.000469  0.999997  0.000091  0.011219  
38.566143 -0.003647  0.086758  0.005749  0.984339  0.114931  0.133670  -0.127770  0.987548  0.091784  -0.121456  -0.107426  0.986766  -0.001668  -0.004246  0.004571  0.063662  -0.157219  0.369940  2.000000  0.999995  0.000290  0.002993  -0.000292  1.000000  0.000585  -0.002993  -0.000586  0.999995  0.999926  0.010949  0.005220  -0.010958  0.999938  0.001869  -0.005199  -0.001926  0.999985  1.000000  0.000012  0.000151  -0.000012  1.000000  0.000024  -0.000151  -0.000024  1.000000  0.999995  0.000290  0.002993  -0.000292  1.000000  0.000585  -0.002993  -0.000586  0.999995  0.000100  0.012277  
38.567391 -0.003650  0.086750  0.005757  0.984217  0.115698  0.133904  -0.128578  0.987432  0.091897  -0.121589  -0.107664  0.986724  -0.001689  -0.004503  0.005120  0.072579  -0.169119  0.396302  2.000000  0.999993  0.000358  0.003776  -0.000361  1.000000  0.000711  -0.003775  -0.000712  0.999993  0.999916  0.011746  0.005443  -0.011757  0.999929  0.002009  -0.005419  -0.002073  0.999983  1.000000  0.000015  0.000161  -0.000015  1.000000  0.000026  -0.000161  -0.000026  1.000000  0.999993  0.000358  0.003776  -0.000361  1.000000  0.000711  -0.003775  -0.000712  0.999993  0.000107  0.013106  
38.568640 -0.003652  0.086740  0.005766  0.984052  0.116637  0.134303  -0.129587  0.987283  0.092084  -0.121855  -0.108019  0.986653  -0.001694  -0.004766  0.005462  0.080612  -0.181815  0.429485  2.000000  0.999989  0.000434  0.004622  -0.000438  1.000000  0.000853  -0.004622  -0.000855  0.999989  0.999902  0.012731  0.005823  -0.012745  0.999916  0.002366  -0.005792  -0.002440  0.999980  1.000000  0.000017  0.000174  -0.000017  1.000000  0.000030  -0.000174  -0.000030  1.000000  0.999989  0.000434  0.004622  -0.000438  1.000000  0.000853  -0.004622  -0.000855  0.999989  0.000116  0.014205  
38.569640 -0.003653  0.086731  0.005771  0.983929  0.117386  0.134552  -0.130395  0.987155  0.092315  -0.121987  -0.108376  0.986597  -0.001567  -0.005068  0.005769  0.088693  -0.194507  0.462630  2.000000  0.999986  0.000503  0.005346  -0.000508  0.999999  0.000980  -0.005345  -0.000983  0.999985  0.999890  0.013513  0.006181  -0.013529  0.999905  0.002625  -0.006145  -0.002708  0.999977  1.000000  0.000018  0.000185  -0.000018  1.000000  0.000033  -0.000185  -0.000033  1.000000  0.999986  0.000503  0.005346  -0.000508  0.999999  0.000980  -0.005345  -0.000983  0.999985  0.000126  0.015098  
38.570888 -0.003652  0.086720  0.005777  0.983746  0.118310  0.135083  -0.131402  0.987006  0.092483  -0.122386  -0.108730  0.986509  -0.001347  -0.005444  0.005923  0.096674  -0.211688  0.495294  2.000000  0.999980  0.000595  0.006305  -0.000602  0.999999  0.001154  -0.006304  -0.001158  0.999979  0.999876  0.014293  0.006542  -0.014312  0.999893  0.002881  -0.006500  -0.002975  0.999974  1.000000  0.000019  0.000196  -0.000019  1.000000  0.000037  -0.000196  -0.000037  1.000000  0.999980  0.000595  0.006305  -0.000602  0.999999  0.001154  -0.006304  -0.001158  0.999979  0.000135  0.015990  
38.571891 -0.003653  0.086709  0.005781  0.983615  0.118811  0.135590  -0.132003  0.986893  0.092826  -0.122784  -0.109203  0.986407  -0.001130  -0.005856  0.006033  0.110403  -0.231877  0.513732  2.000000  0.999976  0.000649  0.006892  -0.000658  0.999999  0.001267  -0.006891  -0.001271  0.999975  0.999876  0.014276  0.006680  -0.014297  0.999893  0.003120  -0.006635  -0.003215  0.999973  1.000000  0.000017  0.000196  -0.000017  1.000000  0.000040  -0.000196  -0.000040  1.000000  0.999976  0.000649  0.006892  -0.000658  0.999999  0.001267  -0.006891  -0.001271  0.999975  0.000141  0.016077  
38.572894 -0.003652  0.086700  0.005784  0.983501  0.119342  0.135952  -0.132606  0.986790  0.093066  -0.123050  -0.109558  0.986334  -0.000963  -0.006237  0.005967  0.120060  -0.243125  0.533193  2.000000  0.999970  0.000722  0.007678  -0.000733  0.999999  0.001433  -0.007677  -0.001439  0.999969  0.999876  0.014288  0.006552  -0.014310  0.999892  0.003358  -0.006504  -0.003452  0.999973  1.000000  0.000019  0.000196  -0.000019  1.000000  0.000043  -0.000196  -0.000043  1.000000  0.999970  0.000722  0.007678  -0.000733  0.999999  0.001433  -0.007677  -0.001439  0.999969  0.000147  0.016084  
38.573899 -0.003651  0.086689  0.005786  0.983386  0.119856  0.136329  -0.133209  0.986675  0.093425  -0.123315  -0.110033  0.986248  -0.000789  -0.006754  0.005935  0.133756  -0.254353  0.552506  2.000000  0.999964  0.000801  0.008460  -0.000815  0.999998  0.001609  -0.008459  -0.001615  0.999963  0.999877  0.014299  0.006426  -0.014322  0.999891  0.003597  -0.006374  -0.003689  0.999973  1.000000  0.000020  0.000195  -0.000020  1.000000  0.000046  -0.000195  -0.000046  1.000000  0.999964  0.000801  0.008460  -0.000815  0.999998  0.001609  -0.008459  -0.001615  0.999963  0.000154  0.016095  
38.574899 -0.003649  0.086677  0.005788  0.983288  0.120401  0.136562  -0.133814  0.986569  0.093682  -0.123448  -0.110390  0.986192  -0.000652  -0.007268  0.005793  0.143475  -0.265605  0.571942  2.000000  0.999957  0.000887  0.009248  -0.000904  0.999998  0.001790  -0.009247  -0.001798  0.999956  0.999875  0.014514  0.006321  -0.014537  0.999888  0.003688  -0.006266  -0.003780  0.999973  1.000000  0.000023  0.000197  -0.000023  1.000000  0.000047  -0.000197  -0.000047  1.000000  0.999957  0.000887  0.009248  -0.000904  0.999998  0.001790  -0.009247  -0.001798  0.999956  0.000160  0.016265  
38.576143 -0.003648  0.086661  0.005790  0.983172  0.120915  0.136940  -0.134417  0.986452  0.094041  -0.123714  -0.110865  0.986105  -0.000505  -0.007999  0.005456  0.157268  -0.277046  0.591661  2.000000  0.999947  0.000999  0.010239  -0.001020  0.999997  0.002028  -0.010237  -0.002038  0.999946  0.999874  0.014495  0.006461  -0.014520  0.999887  0.003806  -0.006405  -0.003899  0.999972  1.000000  0.000021  0.000197  -0.000021  1.000000  0.000048  -0.000197  -0.000048  1.000000  0.999947  0.000999  0.010239  -0.001020  0.999997  0.002028  -0.010237  -0.002038  0.999946  0.000166  0.016331  
38.577145 -0.003647  0.086648  0.005793  0.983072  0.121459  0.137173  -0.135022  0.986345  0.094297  -0.123846  -0.111222  0.986049  -0.000413  -0.008646  0.005107  0.171019  -0.288204  0.610953  2.000000  0.999939  0.001082  0.011034  -0.001106  0.999997  0.002219  -0.011031  -0.002231  0.999937  0.999873  0.014478  0.006599  -0.014503  0.999888  0.003804  -0.006543  -0.003899  0.999971  1.000000  0.000019  0.000198  -0.000019  1.000000  0.000048  -0.000198  -0.000048  1.000000  0.999939  0.001082  0.011034  -0.001106  0.999997  0.002219  -0.011031  -0.002231  0.999937  0.000172  0.016371  
38.578399 -0.003646  0.086631  0.005795  0.982972  0.122004  0.137406  -0.135626  0.986238  0.094553  -0.123979  -0.111579  0.985992  -0.000312  -0.009630  0.004517  0.180683  -0.294996  0.630834  2.000000  0.999927  0.001171  0.012026  -0.001201  0.999996  0.002464  -0.012023  -0.002479  0.999925  0.999876  0.014257  0.006716  -0.014283  0.999890  0.003949  -0.006659  -0.004044  0.999970  1.000000  0.000017  0.000196  -0.000017  1.000000  0.000050  -0.000196  -0.000050  1.000000  0.999927  0.001171  0.012026  -0.001201  0.999996  0.002464  -0.012023  -0.002479  0.999925  0.000178  0.016259  
38.579644 -0.003646  0.086613  0.005797  0.982856  0.122533  0.137770  -0.136229  0.986132  0.094791  -0.124245  -0.111934  0.985918  -0.000111  -0.010342  0.003969  0.186296  -0.306422  0.650452  2.000000  0.999917  0.001236  0.012808  -0.001270  0.999996  0.002668  -0.012805  -0.002684  0.999914  0.999879  0.014051  0.006699  -0.014078  0.999893  0.004092  -0.006640  -0.004186  0.999969  1.000000  0.000016  0.000194  -0.000016  1.000000  0.000052  -0.000194  -0.000052  1.000000  0.999917  0.001236  0.012808  -0.001270  0.999996  0.002668  -0.012805  -0.002684  0.999914  0.000184  0.016107  
38.580895 -0.003645  0.086596  0.005799  0.982766  0.122859  0.138115  -0.136629  0.986051  0.095057  -0.124510  -0.112289  0.985844  0.000135  -0.011037  0.003414  0.195950  -0.305091  0.636726  2.000000  0.999904  0.001310  0.013762  -0.001350  0.999995  0.002923  -0.013758  -0.002941  0.999901  0.999885  0.013657  0.006523  -0.013684  0.999898  0.004021  -0.006468  -0.004109  0.999971  1.000000  0.000015  0.000189  -0.000015  1.000000  0.000051  -0.000189  -0.000051  1.000000  0.999904  0.001310  0.013762  -0.001350  0.999995  0.002923  -0.013758  -0.002941  0.999901  0.000184  0.015672  
38.582138 -0.003644  0.086577  0.005800  0.982665  0.123420  0.138335  -0.137234  0.985954  0.095192  -0.124643  -0.112526  0.985800  0.000386  -0.011616  0.002977  0.198232  -0.293869  0.632474  2.000000  0.999891  0.001383  0.014679  -0.001430  0.999994  0.003184  -0.014675  -0.003205  0.999887  0.999895  0.013076  0.006192  -0.013102  0.999905  0.004216  -0.006137  -0.004296  0.999972  1.000000  0.000015  0.000180  -0.000015  1.000000  0.000053  -0.000180  -0.000053  1.000000  0.999891  0.001383  0.014679  -0.001430  0.999994  0.003184  -0.014675  -0.003205  0.999887  0.000181  0.015082  
38.583143 -0.003643  0.086563  0.005801  0.982592  0.123794  0.138519  -0.137636  0.985894  0.095237  -0.124776  -0.112644  0.985770  0.000563  -0.012139  0.002501  0.192325  -0.282272  0.632219  2.000000  0.999881  0.001445  0.015384  -0.001498  0.999993  0.003397  -0.015379  -0.003420  0.999876  0.999903  0.012713  0.005751  -0.012738  0.999910  0.004266  -0.005696  -0.004338  0.999974  1.000000  0.000018  0.000174  -0.000018  1.000000  0.000054  -0.000174  -0.000054  1.000000  0.999881  0.001445  0.015384  -0.001498  0.999993  0.003397  -0.015379  -0.003420  0.999876  0.000180  0.014602  
38.584390 -0.003643  0.086544  0.005802  0.982490  0.124354  0.138739  -0.138240  0.985796  0.095372  -0.124908  -0.112881  0.985726  0.000631  -0.012585  0.002140  0.189804  -0.276456  0.634288  2.000000  0.999867  0.001524  0.016212  -0.001584  0.999992  0.003669  -0.016206  -0.003695  0.999862  0.999917  0.011741  0.005241  -0.011764  0.999921  0.004394  -0.005189  -0.004455  0.999977  1.000000  0.000017  0.000160  -0.000017  1.000000  0.000055  -0.000160  -0.000055  1.000000  0.999867  0.001524  0.016212  -0.001584  0.999992  0.003669  -0.016206  -0.003695  0.999862  0.000179  0.013598  
38.585391 -0.003643  0.086529  0.005802  0.982433  0.124727  0.138809  -0.138645  0.985722  0.095554  -0.124908  -0.113120  0.985699  0.000652  -0.012992  0.001819  0.192183  -0.273685  0.633160  2.000000  0.999857  0.001589  0.016840  -0.001655  0.999991  0.003894  -0.016834  -0.003921  0.999851  0.999923  0.011349  0.005063  -0.011372  0.999925  0.004445  -0.005012  -0.004503  0.999977  1.000000  0.000016  0.000154  -0.000016  1.000000  0.000056  -0.000154  -0.000056  1.000000  0.999857  0.001589  0.016840  -0.001655  0.999991  0.003894  -0.016834  -0.003921  0.999851  0.000178  0.013209  
38.586395 -0.003643  0.086515  0.005802  0.982405  0.124896  0.138858  -0.138847  0.985673  0.095764  -0.124908  -0.113360  0.985671  0.000630  -0.013331  0.001520  0.191408  -0.270792  0.621014  2.000000  0.999849  0.001637  0.017295  -0.001707  0.999990  0.004068  -0.017288  -0.004097  0.999842  0.999928  0.010957  0.004887  -0.010980  0.999929  0.004619  -0.004836  -0.004672  0.999977  1.000000  0.000016  0.000149  -0.000016  1.000000  0.000058  -0.000149  -0.000058  1.000000  0.999849  0.001637  0.017295  -0.001707  0.999990  0.004068  -0.017288  -0.004097  0.999842  0.000176  0.012866  
38.587638 -0.003644  0.086497  0.005801  0.982393  0.125080  0.138778  -0.139052  0.985622  0.095993  -0.124776  -0.113601  0.985660  0.000551  -0.013723  0.001192  0.189939  -0.264320  0.601189  2.000000  0.999836  0.001715  0.018025  -0.001794  0.999989  0.004362  -0.018018  -0.004393  0.999828  0.999934  0.010580  0.004577  -0.010602  0.999933  0.004670  -0.004528  -0.004719  0.999979  1.000000  0.000017  0.000143  -0.000017  1.000000  0.000059  -0.000143  -0.000059  1.000000  0.999836  0.001715  0.018025  -0.001794  0.999989  0.004362  -0.018018  -0.004393  0.999828  0.000172  0.012447  
38.588640 -0.003645  0.086482  0.005800  0.982335  0.125452  0.138848  -0.139456  0.985547  0.096175  -0.124776  -0.113840  0.985633  0.000420  -0.014060  0.000943  0.191548  -0.258493  0.588005  2.000000  0.999826  0.001779  0.018578  -0.001865  0.999988  0.004600  -0.018570  -0.004634  0.999817  0.999941  0.010001  0.004245  -0.010021  0.999939  0.004750  -0.004197  -0.004792  0.999980  1.000000  0.000017  0.000135  -0.000017  1.000000  0.000060  -0.000135  -0.000060  1.000000  0.999826  0.001779  0.018578  -0.001865  0.999988  0.004600  -0.018570  -0.004634  0.999817  0.000167  0.011866  
38.589644 -0.003646  0.086465  0.005798  0.982307  0.125622  0.138898  -0.139659  0.985497  0.096386  -0.124776  -0.114079  0.985605  0.000232  -0.014327  0.000711  0.189940  -0.247541  0.568609  2.000000  0.999816  0.001840  0.019105  -0.001932  0.999986  0.004841  -0.019095  -0.004877  0.999806  0.999946  0.009609  0.004068  -0.009628  0.999942  0.004801  -0.004021  -0.004840  0.999980  1.000000  0.000016  0.000129  -0.000016  1.000000  0.000060  -0.000129  -0.000060  1.000000  0.999816  0.001840  0.019105  -0.001932  0.999986  0.004841  -0.019095  -0.004877  0.999806  0.000164  0.011494  
38.590892 -0.003650  0.086443  0.005794  0.982249  0.125994  0.138968  -0.140063  0.985422  0.096568  -0.124776  -0.114318  0.985577  -0.000130  -0.014736  0.000261  0.194734  -0.224364  0.548531  2.000000  0.999804  0.001914  0.019725  -0.002016  0.999985  0.005138  -0.019715  -0.005177  0.999792  0.999952  0.009029  0.003736  -0.009047  0.999948  0.004758  -0.003692  -0.004791  0.999982  1.000000  0.000016  0.000121  -0.000016  1.000000  0.000060  -0.000121  -0.000060  1.000000  0.999804  0.001914  0.019725  -0.002016  0.999985  0.005138  -0.019715  -0.005177  0.999792  0.000159  0.010875  
38.591892 -0.003654  0.086425  0.005789  0.982220  0.126163  0.139019  -0.140265  0.985373  0.096778  -0.124776  -0.114557  0.985549  -0.000488  -0.015131  -0.000272  0.202089  -0.207988  0.522672  2.000000  0.999794  0.001979  0.020185  -0.002088  0.999983  0.005371  -0.020174  -0.005412  0.999782  0.999959  0.008465  0.003269  -0.008480  0.999953  0.004592  -0.003230  -0.004620  0.999984  1.000000  0.000018  0.000112  -0.000018  1.000000  0.000058  -0.000112  -0.000058  1.000000  0.999794  0.001979  0.020185  -0.002088  0.999983  0.005371  -0.020174  -0.005412  0.999782  0.000153  0.010176  
38.592896 -0.003659  0.086405  0.005782  0.982146  0.126519  0.139220  -0.140667  0.985300  0.096941  -0.124908  -0.114794  0.985505  -0.000872  -0.015515  -0.000842  0.207025  -0.193234  0.500952  2.000000  0.999785  0.002049  0.020613  -0.002165  0.999982  0.005593  -0.020601  -0.005637  0.999772  0.999965  0.007886  0.002935  -0.007899  0.999959  0.004426  -0.002900  -0.004449  0.999986  1.000000  0.000018  0.000104  -0.000018  1.000000  0.000055  -0.000104  -0.000055  1.000000  0.999785  0.002049  0.020613  -0.002165  0.999982  0.005593  -0.020601  -0.005637  0.999772  0.000147  0.009513  
38.594145 -0.003665  0.086381  0.005774  0.982117  0.126672  0.139286  -0.140869  0.985238  0.097271  -0.124908  -0.115153  0.985463  -0.001290  -0.015972  -0.001506  0.213328  -0.184189  0.479551  2.000000  0.999777  0.002121  0.021025  -0.002244  0.999981  0.005813  -0.021012  -0.005859  0.999762  0.999967  0.007713  0.002647  -0.007724  0.999961  0.004331  -0.002614  -0.004351  0.999987  1.000000  0.000020  0.000100  -0.000020  1.000000  0.000054  -0.000100  -0.000054  1.000000  0.999777  0.002121  0.021025  -0.002244  0.999981  0.005813  -0.021012  -0.005859  0.999762  0.000140  0.009238  
38.595393 -0.003671  0.086356  0.005765  0.982059  0.127044  0.139357  -0.141274  0.985162  0.097453  -0.124908  -0.115392  0.985435  -0.001750  -0.016445  -0.002241  0.218424  -0.173802  0.457158  2.000000  0.999766  0.002221  0.021517  -0.002353  0.999979  0.006079  -0.021503  -0.006128  0.999750  0.999969  0.007540  0.002361  -0.007550  0.999963  0.004235  -0.002329  -0.004253  0.999988  1.000000  0.000022  0.000096  -0.000022  1.000000  0.000053  -0.000096  -0.000053  1.000000  0.999766  0.002221  0.021517  -0.002353  0.999979  0.006079  -0.021503  -0.006128  0.999750  0.000136  0.008969  
38.596395 -0.003677  0.086337  0.005757  0.982017  0.127431  0.139297  -0.141681  0.985084  0.097653  -0.124776  -0.115633  0.985424  -0.002191  -0.016779  -0.002896  0.220688  -0.163606  0.454407  2.000000  0.999758  0.002309  0.021892  -0.002447  0.999977  0.006281  -0.021877  -0.006333  0.999741  0.999971  0.007368  0.002072  -0.007376  0.999965  0.004020  -0.002043  -0.004035  0.999990  1.000000  0.000024  0.000093  -0.000024  1.000000  0.000050  -0.000093  -0.000050  1.000000  0.999758  0.002309  0.021892  -0.002447  0.999977  0.006281  -0.021877  -0.006333  0.999741  0.000132  0.008648  
38.597644 -0.003683  0.086314  0.005749  0.981975  0.127818  0.139238  -0.142087  0.985006  0.097854  -0.124643  -0.115874  0.985412  -0.002671  -0.017127  -0.003526  0.221807  -0.148592  0.432324  2.000000  0.999748  0.002429  0.022339  -0.002576  0.999975  0.006527  -0.022322  -0.006583  0.999729  0.999974  0.007008  0.001629  -0.007014  0.999968  0.003951  -0.001601  -0.003962  0.999991  1.000000  0.000026  0.000086  -0.000026  1.000000  0.000049  -0.000086  -0.000049  1.000000  0.999748  0.002429  0.022339  -0.002576  0.999975  0.006527  -0.022322  -0.006583  0.999729  0.000128  0.008211  
38.598894 -0.003689  0.086291  0.005741  0.981962  0.128002  0.139159  -0.142292  0.984953  0.098083  -0.124510  -0.116115  0.985401  -0.003125  -0.017422  -0.004147  0.221144  -0.136687  0.406012  2.000000  0.999738  0.002559  0.022760  -0.002713  0.999973  0.006762  -0.022742  -0.006822  0.999718  0.999976  0.006836  0.001341  -0.006841  0.999970  0.003735  -0.001316  -0.003744  0.999992  1.000000  0.000028  0.000082  -0.000028  1.000000  0.000047  -0.000082  -0.000047  1.000000  0.999738  0.002559  0.022760  -0.002713  0.999973  0.006762  -0.022742  -0.006822  0.999718  0.000122  0.007906  
38.600141 -0.003695  0.086268  0.005733  0.981904  0.128374  0.139230  -0.142696  0.984877  0.098264  -0.124510  -0.116354  0.985373  -0.003545  -0.017719  -0.004738  0.215516  -0.121122  0.387102  2.000000  0.999728  0.002695  0.023147  -0.002857  0.999971  0.006990  -0.023127  -0.007054  0.999708  0.999979  0.006461  0.001030  -0.006464  0.999972  0.003665  -0.001006  -0.003672  0.999993  1.000000  0.000029  0.000076  -0.000029  1.000000  0.000046  -0.000076  -0.000046  1.000000  0.999728  0.002695  0.023147  -0.002857  0.999971  0.006990  -0.023127  -0.007054  0.999708  0.000118  0.007501  
38.601390 -0.003702  0.086246  0.005725  0.981845  0.128762  0.139286  -0.143100  0.984812  0.098327  -0.124510  -0.116473  0.985358  -0.003945  -0.017960  -0.005117  0.206550  -0.110634  0.378310  2.000000  0.999719  0.002843  0.023523  -0.003014  0.999969  0.007209  -0.023502  -0.007278  0.999697  0.999979  0.006492  0.000765  -0.006494  0.999973  0.003423  -0.000742  -0.003428  0.999994  1.000000  0.000032  0.000075  -0.000032  1.000000  0.000043  -0.000075  -0.000043  1.000000  0.999719  0.002843  0.023523  -0.003014  0.999969  0.007209  -0.023502  -0.007278  0.999697  0.000112  0.007380  
38.602394 -0.003708  0.086227  0.005720  0.981786  0.129151  0.139343  -0.143505  0.984747  0.098389  -0.124510  -0.116593  0.985344  -0.004335  -0.018245  -0.005497  0.197559  -0.096640  0.369102  2.000000  0.999714  0.002938  0.023746  -0.003113  0.999968  0.007339  -0.023723  -0.007410  0.999691  0.999979  0.006507  0.000633  -0.006509  0.999973  0.003423  -0.000610  -0.003427  0.999994  1.000000  0.000034  0.000074  -0.000034  1.000000  0.000043  -0.000074  -0.000043  1.000000  0.999714  0.002938  0.023746  -0.003113  0.999968  0.007339  -0.023723  -0.007410  0.999691  0.000109  0.007381  
38.603640 -0.003714  0.086205  0.005714  0.981727  0.129540  0.139399  -0.143909  0.984682  0.098451  -0.124510  -0.116712  0.985330  -0.004647  -0.018462  -0.005713  0.182929  -0.081817  0.357034  2.000000  0.999705  0.003103  0.024106  -0.003286  0.999966  0.007551  -0.024082  -0.007628  0.999681  0.999980  0.006320  0.000477  -0.006321  0.999974  0.003327  -0.000456  -0.003330  0.999994  1.000000  0.000034  0.000071  -0.000034  1.000000  0.000042  -0.000071  -0.000042  1.000000  0.999705  0.003103  0.024106  -0.003286  0.999966  0.007551  -0.024082  -0.007628  0.999681  0.000104  0.007159  
38.604640 -0.003720  0.086186  0.005710  0.981697  0.129725  0.139435  -0.144111  0.984643  0.098541  -0.124510  -0.116832  0.985316  -0.004950  -0.018613  -0.005896  0.178259  -0.076018  0.347924  2.000000  0.999697  0.003239  0.024386  -0.003428  0.999964  0.007719  -0.024360  -0.007800  0.999673  0.999981  0.006133  0.000321  -0.006134  0.999976  0.003353  -0.000300  -0.003355  0.999994  1.000000  0.000035  0.000068  -0.000035  1.000000  0.000042  -0.000068  -0.000042  1.000000  0.999697  0.003239  0.024386  -0.003428  0.999964  0.007719  -0.024360  -0.007800  0.999673  0.000101  0.006997  
38.605640 -0.003726  0.086168  0.005705  0.981667  0.129911  0.139471  -0.144313  0.984604  0.098632  -0.124510  -0.116951  0.985302  -0.005165  -0.018721  -0.005965  0.169115  -0.066216  0.338053  2.000000  0.999690  0.003373  0.024655  -0.003568  0.999963  0.007879  -0.024627  -0.007964  0.999665  0.999982  0.005930  0.000297  -0.005931  0.999977  0.003257  -0.000278  -0.003259  0.999995  1.000000  0.000034  0.000066  -0.000034  1.000000  0.000041  -0.000066  -0.000041  1.000000  0.999690  0.003373  0.024655  -0.003568  0.999963  0.007879  -0.024627  -0.007964  0.999665  0.000097  0.006773  
38.606643 -0.003733  0.086149  0.005701  0.981608  0.130300  0.139527  -0.144717  0.984539  0.098694  -0.124510  -0.117071  0.985288  -0.005330  -0.018707  -0.005945  0.163632  -0.065713  0.335164  2.000000  0.999683  0.003505  0.024919  -0.003706  0.999961  0.008033  -0.024890  -0.008123  0.999657  0.999982  0.005930  0.000297  -0.005931  0.999978  0.003015  -0.000280  -0.003016  0.999995  1.000000  0.000034  0.000066  -0.000034  1.000000  0.000038  -0.000066  -0.000038  1.000000  0.999683  0.003505  0.024919  -0.003706  0.999961  0.008033  -0.024890  -0.008123  0.999657  0.000094  0.006659  
38.607645 -0.003740  0.086130  0.005696  0.981578  0.130502  0.139548  -0.144919  0.984512  0.098665  -0.124510  -0.117071  0.985288  -0.005471  -0.018635  -0.005867  0.151218  -0.055034  0.318503  2.000000  0.999678  0.003606  0.025122  -0.003812  0.999960  0.008145  -0.025092  -0.008238  0.999651  0.999981  0.006133  0.000322  -0.006133  0.999977  0.002989  -0.000304  -0.002991  0.999995  1.000000  0.000035  0.000068  -0.000035  1.000000  0.000037  -0.000068  -0.000037  1.000000  0.999678  0.003606  0.025122  -0.003812  0.999960  0.008145  -0.025092  -0.008238  0.999651  0.000092  0.006830  
38.608889 -0.003748  0.086106  0.005689  0.981518  0.130891  0.139604  -0.145323  0.984446  0.098727  -0.124510  -0.117190  0.985273  -0.005577  -0.018588  -0.005729  0.141885  -0.050234  0.316426  2.000000  0.999669  0.003769  0.025462  -0.003983  0.999957  0.008323  -0.025429  -0.008422  0.999641  0.999981  0.006117  0.000456  -0.006118  0.999978  0.002746  -0.000439  -0.002749  0.999996  1.000000  0.000033  0.000069  -0.000033  1.000000  0.000034  -0.000069  -0.000034  1.000000  0.999669  0.003769  0.025462  -0.003983  0.999957  0.008323  -0.025429  -0.008422  0.999641  0.000089  0.006721  
38.609891 -0.003754  0.086087  0.005684  0.981458  0.131279  0.139661  -0.145728  0.984380  0.098789  -0.124510  -0.117310  0.985259  -0.005647  -0.018589  -0.005575  0.137819  -0.045860  0.316930  2.000000  0.999663  0.003867  0.025669  -0.004084  0.999956  0.008426  -0.025635  -0.008528  0.999635  0.999981  0.006117  0.000456  -0.006118  0.999978  0.002746  -0.000440  -0.002749  0.999996  1.000000  0.000033  0.000069  -0.000033  1.000000  0.000034  -0.000069  -0.000034  1.000000  0.999663  0.003867  0.025669  -0.004084  0.999956  0.008426  -0.025635  -0.008528  0.999635  0.000087  0.006721  
38.610891 -0.003759  0.086069  0.005680  0.981412  0.131449  0.139827  -0.145927  0.984343  0.098861  -0.124643  -0.117428  0.985228  -0.005672  -0.018568  -0.005430  0.134551  -0.040693  0.310630  2.000000  0.999655  0.003992  0.025948  -0.004216  0.999954  0.008557  -0.025912  -0.008664  0.999627  0.999982  0.005898  0.000566  -0.005900  0.999979  0.002650  -0.000550  -0.002653  0.999996  1.000000  0.000031  0.000067  -0.000031  1.000000  0.000033  -0.000067  -0.000033  1.000000  0.999655  0.003992  0.025948  -0.004216  0.999954  0.008557  -0.025912  -0.008664  0.999627  0.000085  0.006491  
38.612144 -0.003765  0.086045  0.005675  0.981365  0.131619  0.139994  -0.146127  0.984307  0.098932  -0.124776  -0.117545  0.985198  -0.005653  -0.018469  -0.005152  0.134106  -0.034228  0.293229  2.000000  0.999646  0.004143  0.026296  -0.004374  0.999952  0.008711  -0.026258  -0.008823  0.999616  0.999981  0.006085  0.000724  -0.006087  0.999979  0.002381  -0.000709  -0.002385  0.999997  1.000000  0.000030  0.000070  -0.000030  1.000000  0.000030  -0.000070  -0.000030  1.000000  0.999646  0.004143  0.026296  -0.004374  0.999952  0.008711  -0.026258  -0.008823  0.999616  0.000083  0.006575  
38.613394 -0.003770  0.086023  0.005669  0.981289  0.131975  0.140197  -0.146528  0.984231  0.099093  -0.124908  -0.117782  0.985152  -0.005587  -0.018474  -0.004957  0.134067  -0.034299  0.293216  2.000000  0.999636  0.004285  0.026642  -0.004522  0.999951  0.008858  -0.026603  -0.008975  0.999606  0.999982  0.005866  0.000834  -0.005868  0.999980  0.002406  -0.000820  -0.002411  0.999997  1.000000  0.000028  0.000069  -0.000028  1.000000  0.000030  -0.000069  -0.000030  1.000000  0.999636  0.004285  0.026642  -0.004522  0.999951  0.008858  -0.026603  -0.008975  0.999606  0.000081  0.006396  
38.614641 -0.003775  0.086000  0.005663  0.981242  0.132145  0.140364  -0.146728  0.984194  0.099164  -0.125041  -0.117900  0.985122  -0.005457  -0.018488  -0.004789  0.129754  -0.037706  0.283505  2.000000  0.999626  0.004425  0.026986  -0.004669  0.999949  0.008994  -0.026945  -0.009117  0.999595  0.999982  0.005866  0.000835  -0.005868  0.999980  0.002163  -0.000822  -0.002167  0.999997  1.000000  0.000028  0.000069  -0.000028  1.000000  0.000027  -0.000069  -0.000027  1.000000  0.999626  0.004425  0.026986  -0.004669  0.999949  0.008994  -0.026945  -0.009117  0.999595  0.000079  0.006308  
38.615890 -0.003779  0.085977  0.005658  0.981195  0.132298  0.140547  -0.146927  0.984145  0.099355  -0.125174  -0.118137  0.985076  -0.005265  -0.018528  -0.004717  0.131687  -0.041757  0.278525  2.000000  0.999616  0.004557  0.027323  -0.004808  0.999947  0.009122  -0.027280  -0.009249  0.999585  0.999984  0.005663  0.000811  -0.005665  0.999982  0.001946  -0.000800  -0.001950  0.999998  1.000000  0.000027  0.000066  -0.000027  1.000000  0.000024  -0.000066  -0.000024  1.000000  0.999616  0.004557  0.027323  -0.004808  0.999947  0.009122  -0.027280  -0.009249  0.999585  0.000077  0.006043  
38.616891 -0.003782  0.085958  0.005654  0.981165  0.132484  0.140583  -0.147129  0.984105  0.099445  -0.125174  -0.118256  0.985062  -0.005152  -0.018572  -0.004599  0.128463  -0.041002  0.271672  2.000000  0.999608  0.004650  0.027591  -0.004907  0.999945  0.009222  -0.027546  -0.009354  0.999577  0.999985  0.005428  0.001054  -0.005430  0.999983  0.002092  -0.001043  -0.002098  0.999997  1.000000  0.000023  0.000065  -0.000023  1.000000  0.000026  -0.000065  -0.000026  1.000000  0.999608  0.004650  0.027591  -0.004907  0.999945  0.009222  -0.027546  -0.009354  0.999577  0.000077  0.005913  
38.617892 -0.003785  0.085939  0.005651  0.981118  0.132654  0.140750  -0.147329  0.984068  0.099516  -0.125307  -0.118374  0.985031  -0.004997  -0.018629  -0.004451  0.124399  -0.049988  0.270641  2.000000  0.999603  0.004714  0.027791  -0.004974  0.999944  0.009294  -0.027745  -0.009428  0.999571  0.999985  0.005412  0.001187  -0.005414  0.999984  0.001849  -0.001177  -0.001855  0.999998  1.000000  0.000021  0.000066  -0.000021  1.000000  0.000023  -0.000066  -0.000023  1.000000  0.999603  0.004714  0.027791  -0.004974  0.999944  0.009294  -0.027745  -0.009428  0.999571  0.000076  0.005842  
38.619140 -0.003790  0.085915  0.005647  0.981041  0.133026  0.140938  -0.147730  0.984004  0.099558  -0.125439  -0.118491  0.985000  -0.004817  -0.018706  -0.004333  0.118444  -0.054848  0.274616  2.000000  0.999593  0.004806  0.028128  -0.005073  0.999943  0.009409  -0.028081  -0.009548  0.999560  0.999984  0.005380  0.001454  -0.005383  0.999984  0.001848  -0.001444  -0.001856  0.999997  1.000000  0.000018  0.000067  -0.000018  1.000000  0.000023  -0.000067  -0.000023  1.000000  0.999593  0.004806  0.028128  -0.005073  0.999943  0.009409  -0.028081  -0.009548  0.999560  0.000075  0.005873  
38.620140 -0.003792  0.085896  0.005645  0.980977  0.133197  0.141219  -0.147927  0.983981  0.099489  -0.125705  -0.118487  0.984967  -0.004604  -0.018722  -0.004132  0.111181  -0.062941  0.266801  2.000000  0.999585  0.004866  0.028401  -0.005138  0.999942  0.009494  -0.028354  -0.009636  0.999552  0.999984  0.005348  0.001720  -0.005351  0.999984  0.001605  -0.001711  -0.001614  0.999997  1.000000  0.000015  0.000069  -0.000015  1.000000  0.000020  -0.000069  -0.000020  1.000000  0.999585  0.004866  0.028401  -0.005138  0.999942  0.009494  -0.028354  -0.009636  0.999552  0.000073  0.005844  
38.621390 -0.003795  0.085873  0.005645  0.980930  0.133367  0.141386  -0.148127  0.983944  0.099560  -0.125838  -0.118604  0.984935  -0.004227  -0.018692  -0.003800  0.108025  -0.066647  0.259612  2.000000  0.999575  0.004925  0.028742  -0.005203  0.999940  0.009594  -0.028693  -0.009739  0.999541  0.999985  0.005113  0.001962  -0.005116  0.999986  0.001630  -0.001953  -0.001640  0.999997  1.000000  0.000011  0.000068  -0.000011  1.000000  0.000020  -0.000068  -0.000020  1.000000  0.999575  0.004925  0.028742  -0.005203  0.999940  0.009594  -0.028693  -0.009739  0.999541  0.000074  0.005715  
