1-Time 2-Px 3-Py 4-Pz 5-R11 6-R21 7-R31 8-R12 9-R22 10-R32 11-R13 12-R23 13-R33 14-Vx 15-Vy 16-Vz 17-Wx 18-Wy 19-Wz 20-state 21-PR11 22-PR21 23-PR31 24-PR12 25-PR22 26-PR32 27-PR13 28-PR23 29-PR33 
154.519238 -0.009714  0.079166  0.008939  0.986737  0.145971  0.071017  -0.151498  0.985222  0.079908  -0.058303  -0.089607  0.994269  0.000276  -0.000146  0.000234  0.000000  0.000000  0.000000  2.000000  1.000000  0.000000  0.000000  0.000000  1.000000  0.000000  0.000000  0.000000  1.000000  1.000000  0.000614  0.000055  -0.000614  1.000000  -0.000036  -0.000055  0.000036  1.000000  1.000000  0.000000  0.000000  0.000000  1.000000  0.000000  0.000000  0.000000  1.000000  0.727941  0.645393  -0.231453  -0.619550  0.763764  0.181169  0.293700  0.011517  0.955828  0.000000  0.000000  
154.520244 -0.009714  0.079165  0.008939  0.986737  0.145962  0.071035  -0.151498  0.985213  0.080028  -0.058303  -0.089728  0.994258  0.000253  -0.000194  0.000232  0.000000  0.000000  0.000000  2.000000  1.000000  0.000000  0.000000  0.000000  1.000000  0.000000  0.000000  0.000000  1.000000  1.000000  0.000614  0.000055  -0.000614  1.000000  -0.000036  -0.000055  0.000036  1.000000  1.000000  0.000000  0.000000  0.000000  1.000000  0.000000  0.000000  0.000000  1.000000  1.000000  0.000000  0.000000  0.000000  1.000000  0.000000  0.000000  0.000000  1.000000  0.000000  0.000000  
154.521245 -0.009717  0.079161  0.008940  0.986604  0.146762  0.071232  -0.152309  0.985094  0.079949  -0.058437  -0.089727  0.994251  0.000055  -0.000416  0.000323  0.000000  0.000000  0.000000  2.000000  1.000000  0.000000  0.000000  0.000000  1.000000  0.000000  0.000000  0.000000  1.000000  0.999999  0.001216  0.000244  -0.001216  0.999999  0.000049  -0.000244  -0.000049  1.000000  1.000000  0.000000  0.000000  0.000000  1.000000  0.000000  0.000000  0.000000  1.000000  1.000000  0.000000  0.000000  0.000000  1.000000  0.000000  0.000000  0.000000  1.000000  0.000000  0.000000  
154.522499 -0.009722  0.079154  0.008941  0.986431  0.147734  0.071613  -0.153322  0.984927  0.080074  -0.058704  -0.089967  0.994213  -0.000345  -0.000905  0.000344  0.000000  0.000000  0.000000  2.000000  1.000000  0.000000  0.000000  0.000000  1.000000  0.000000  0.000000  0.000000  1.000000  0.999997  0.002215  0.000603  -0.002216  0.999998  0.000109  -0.000603  -0.000111  1.000000  1.000000  0.000000  0.000000  0.000000  1.000000  0.000000  0.000000  0.000000  1.000000  1.000000  0.000000  0.000000  0.000000  1.000000  0.000000  0.000000  0.000000  1.000000  0.000000  0.000000  
154.523780 -0.009727  0.079145  0.008944  0.986249  0.148695  0.072126  -0.154334  0.984760  0.080177  -0.059105  -0.090206  0.994168  -0.000692  -0.001501  0.000548  0.000000  0.000000  0.000000  2.000000  1.000000  0.000000  0.000000  0.000000  1.000000  0.000000  0.000000  0.000000  1.000000  0.999994  0.003214  0.000963  -0.003215  0.999995  0.000412  -0.000962  -0.000415  0.999999  1.000000  0.000000  0.000000  0.000000  1.000000  0.000000  0.000000  0.000000  1.000000  1.000000  0.000000  0.000000  0.000000  1.000000  0.000000  0.000000  0.000000  1.000000  0.000000  0.000000  
154.524995 -0.009732  0.079135  0.008949  0.986114  0.149468  0.072377  -0.155145  0.984610  0.080455  -0.059238  -0.090567  0.994127  -0.001063  -0.002162  0.000849  0.000000  0.000000  0.000000  2.000000  1.000000  0.000000  0.000000  0.000000  1.000000  0.000000  0.000000  0.000000  1.000000  0.999992  0.003804  0.001286  -0.003805  0.999993  0.000617  -0.001284  -0.000622  0.999999  1.000000  0.000000  0.000000  0.000000  1.000000  0.000000  0.000000  0.000000  1.000000  1.000000  0.000000  0.000000  0.000000  1.000000  0.000000  0.000000  0.000000  1.000000  0.000000  0.000000  
154.526001 -0.009737  0.079126  0.008952  0.986018  0.150058  0.072464  -0.155754  0.984498  0.080650  -0.059238  -0.090808  0.994105  -0.001463  -0.002728  0.001036  0.000000  0.000000  0.000000  2.000000  1.000000  0.000000  0.000000  0.000000  1.000000  0.000000  0.000000  0.000000  1.000000  0.999989  0.004418  0.001343  -0.004419  0.999990  0.000944  -0.001339  -0.000950  0.999999  1.000000  0.000000  0.000000  0.000000  1.000000  0.000000  0.000000  0.000000  1.000000  1.000000  0.000000  0.000000  0.000000  1.000000  0.000000  0.000000  0.000000  1.000000  0.000000  0.000000  
154.527259 -0.009745  0.079116  0.008957  0.985833  0.151260  0.072487  -0.156973  0.984281  0.080939  -0.059105  -0.091171  0.994080  -0.001985  -0.003420  0.001385  0.040815  -0.045636  0.203939  2.000000  1.000000  0.000056  0.000198  -0.000056  1.000000  0.000043  -0.000198  -0.000043  1.000000  0.999983  0.005657  0.001324  -0.005659  0.999983  0.001235  -0.001317  -0.001242  0.999998  1.000000  0.000021  0.000070  -0.000021  1.000000  0.000015  -0.000070  -0.000015  1.000000  1.000000  0.000056  0.000198  -0.000056  1.000000  0.000043  -0.000198  -0.000043  1.000000  0.000052  0.005941  
154.528505 -0.009751  0.079106  0.008963  0.985646  0.152461  0.072511  -0.158192  0.984062  0.081229  -0.058971  -0.091533  0.994054  -0.002461  -0.004099  0.001727  0.050598  -0.044931  0.245484  2.000000  1.000000  0.000161  0.000508  -0.000161  1.000000  0.000111  -0.000508  -0.000111  1.000000  0.999975  0.006897  0.001305  -0.006899  0.999975  0.001526  -0.001295  -0.001535  0.999998  1.000000  0.000029  0.000083  -0.000029  1.000000  0.000019  -0.000083  -0.000019  1.000000  1.000000  0.000161  0.000508  -0.000161  1.000000  0.000111  -0.000508  -0.000111  1.000000  0.000062  0.007184  
154.529747 -0.009756  0.079095  0.008968  0.985384  0.154046  0.072719  -0.159815  0.983770  0.081586  -0.058971  -0.092016  0.994010  -0.002827  -0.004806  0.002054  0.063667  -0.050027  0.300547  2.000000  0.999999  0.000329  0.000971  -0.000329  1.000000  0.000216  -0.000971  -0.000216  1.000000  0.999964  0.008329  0.001440  -0.008332  0.999964  0.001804  -0.001425  -0.001816  0.999997  1.000000  0.000037  0.000099  -0.000037  1.000000  0.000023  -0.000099  -0.000023  1.000000  0.999999  0.000329  0.000971  -0.000329  1.000000  0.000216  -0.000971  -0.000216  1.000000  0.000074  0.008644  
154.530998 -0.009762  0.079084  0.008974  0.985137  0.155422  0.073137  -0.161232  0.983531  0.081677  -0.059238  -0.092255  0.993972  -0.003216  -0.005544  0.002460  0.068930  -0.063418  0.347847  2.000000  0.999999  0.000533  0.001525  -0.000533  1.000000  0.000339  -0.001525  -0.000340  0.999999  0.999949  0.009953  0.001727  -0.009957  0.999948  0.002068  -0.001706  -0.002085  0.999996  1.000000  0.000044  0.000118  -0.000044  1.000000  0.000026  -0.000118  -0.000026  1.000000  0.999999  0.000533  0.001525  -0.000533  1.000000  0.000339  -0.001525  -0.000340  0.999999  0.000088  0.010313  
154.532248 -0.009767  0.079072  0.008982  0.984855  0.156990  0.073591  -0.162852  0.983248  0.081871  -0.059505  -0.092615  0.993922  -0.003595  -0.006318  0.002979  0.077853  -0.077481  0.402043  2.000000  0.999997  0.000761  0.002176  -0.000762  1.000000  0.000474  -0.002175  -0.000475  0.999998  0.999931  0.011553  0.002280  -0.011558  0.999931  0.002207  -0.002255  -0.002233  0.999995  1.000000  0.000048  0.000139  -0.000048  1.000000  0.000028  -0.000139  -0.000028  1.000000  0.999997  0.000761  0.002176  -0.000762  1.000000  0.000474  -0.002175  -0.000475  0.999998  0.000102  0.011983  
154.533251 -0.009771  0.079063  0.008990  0.984603  0.158365  0.074010  -0.164268  0.983005  0.081960  -0.059772  -0.092855  0.993884  -0.003887  -0.006981  0.003529  0.083488  -0.090257  0.442406  2.000000  0.999996  0.000958  0.002763  -0.000960  0.999999  0.000591  -0.002763  -0.000594  0.999996  0.999915  0.012755  0.002663  -0.012762  0.999916  0.002371  -0.002633  -0.002405  0.999994  1.000000  0.000051  0.000155  -0.000051  1.000000  0.000030  -0.000155  -0.000030  1.000000  0.999996  0.000958  0.002763  -0.000960  0.999999  0.000591  -0.002763  -0.000594  0.999996  0.000113  0.013248  
154.534499 -0.009777  0.079048  0.009001  0.984315  0.159941  0.074446  -0.165887  0.982727  0.082032  -0.060039  -0.093095  0.993845  -0.004323  -0.007951  0.004218  0.088309  -0.104324  0.496606  2.000000  0.999993  0.001229  0.003592  -0.001231  0.999999  0.000750  -0.003591  -0.000754  0.999993  0.999892  0.014366  0.003086  -0.014374  0.999893  0.002631  -0.003048  -0.002675  0.999992  1.000000  0.000057  0.000175  -0.000057  1.000000  0.000033  -0.000175  -0.000033  1.000000  0.999993  0.001229  0.003592  -0.001231  0.999999  0.000750  -0.003591  -0.000754  0.999993  0.000127  0.014932  
154.535744 -0.009785  0.079031  0.009011  0.984033  0.161520  0.074770  -0.167507  0.982434  0.082244  -0.060173  -0.093456  0.993803  -0.004697  -0.008912  0.004871  0.097236  -0.113971  0.551253  2.000000  0.999990  0.001475  0.004338  -0.001478  0.999999  0.000886  -0.004337  -0.000893  0.999990  0.999866  0.015990  0.003375  -0.015999  0.999868  0.002770  -0.003330  -0.002823  0.999990  1.000000  0.000064  0.000194  -0.000064  1.000000  0.000035  -0.000194  -0.000035  1.000000  0.999990  0.001475  0.004338  -0.001478  0.999999  0.000886  -0.004337  -0.000893  0.999990  0.000141  0.016581  
154.536995 -0.009793  0.079011  0.009022  0.983756  0.163119  0.074945  -0.169127  0.982147  0.082359  -0.060173  -0.093697  0.993781  -0.004916  -0.009798  0.005547  0.102110  -0.119112  0.606261  2.000000  0.999984  0.001817  0.005363  -0.001822  0.999998  0.001069  -0.005361  -0.001079  0.999985  0.999838  0.017625  0.003534  -0.017636  0.999840  0.003032  -0.003480  -0.003094  0.999989  1.000000  0.000072  0.000213  -0.000072  1.000000  0.000038  -0.000213  -0.000038  1.000000  0.999984  0.001817  0.005363  -0.001822  0.999998  0.001069  -0.005361  -0.001079  0.999985  0.000155  0.018236  
154.538248 -0.009801  0.078989  0.009034  0.983476  0.164700  0.075161  -0.170747  0.981837  0.082712  -0.060173  -0.094179  0.993735  -0.005055  -0.010630  0.006126  0.115121  -0.124330  0.661168  2.000000  0.999977  0.002200  0.006479  -0.002208  0.999997  0.001267  -0.006476  -0.001282  0.999978  0.999808  0.019261  0.003693  -0.019273  0.999809  0.003294  -0.003629  -0.003364  0.999988  1.000000  0.000081  0.000231  -0.000081  1.000000  0.000042  -0.000231  -0.000042  1.000000  0.999977  0.002200  0.006479  -0.002208  0.999997  0.001267  -0.006476  -0.001282  0.999978  0.000169  0.019894  
154.539494 -0.009807  0.078965  0.009046  0.983150  0.166470  0.075526  -0.172568  0.981492  0.083026  -0.060307  -0.094660  0.993681  -0.005182  -0.011684  0.006714  0.127755  -0.134775  0.722996  2.000000  0.999967  0.002622  0.007684  -0.002634  0.999995  0.001491  -0.007680  -0.001511  0.999969  0.999778  0.020679  0.003970  -0.020693  0.999779  0.003687  -0.003893  -0.003768  0.999985  1.000000  0.000087  0.000249  -0.000087  1.000000  0.000047  -0.000249  -0.000047  1.000000  0.999967  0.002622  0.007684  -0.002634  0.999995  0.001491  -0.007680  -0.001511  0.999969  0.000183  0.021385  
154.540494 -0.009811  0.078943  0.009056  0.982892  0.167835  0.075858  -0.173983  0.981213  0.083370  -0.060440  -0.095142  0.993627  -0.005101  -0.012545  0.007129  0.141085  -0.143849  0.770404  2.000000  0.999958  0.002986  0.008718  -0.003001  0.999994  0.001687  -0.008713  -0.001713  0.999961  0.999747  0.022109  0.004115  -0.022125  0.999747  0.004082  -0.004024  -0.004172  0.999983  1.000000  0.000094  0.000265  -0.000094  1.000000  0.000052  -0.000265  -0.000052  1.000000  0.999958  0.002986  0.008718  -0.003001  0.999994  0.001687  -0.008713  -0.001713  0.999961  0.000196  0.022866  
154.541496 -0.009815  0.078921  0.009064  0.982596  0.169401  0.076208  -0.175600  0.980897  0.083697  -0.060574  -0.095623  0.993573  -0.004999  -0.013433  0.007344  0.154043  -0.153635  0.824944  2.000000  0.999946  0.003374  0.009820  -0.003393  0.999992  0.001898  -0.009814  -0.001931  0.999950  0.999719  0.023334  0.004242  -0.023352  0.999718  0.004365  -0.004139  -0.004463  0.999981  1.000000  0.000101  0.000279  -0.000101  1.000000  0.000055  -0.000279  -0.000055  1.000000  0.999946  0.003374  0.009820  -0.003393  0.999992  0.001898  -0.009814  -0.001931  0.999950  0.000210  0.024126  
154.542747 -0.009818  0.078892  0.009074  0.982261  0.171160  0.076598  -0.177419  0.980533  0.084127  -0.060707  -0.096225  0.993507  -0.004726  -0.014670  0.007634  0.171068  -0.163500  0.879467  2.000000  0.999929  0.003883  0.011248  -0.003907  0.999990  0.002184  -0.011240  -0.002228  0.999934  0.999699  0.024149  0.004334  -0.024170  0.999696  0.004796  -0.004217  -0.004899  0.999979  1.000000  0.000105  0.000288  -0.000105  1.000000  0.000061  -0.000288  -0.000061  1.000000  0.999929  0.003883  0.011248  -0.003907  0.999990  0.002184  -0.011240  -0.002228  0.999934  0.000224  0.025012  
154.543997 -0.009820  0.078863  0.009083  0.981968  0.172718  0.076862  -0.179036  0.980189  0.084714  -0.060707  -0.096948  0.993436  -0.004457  -0.016028  0.007916  0.192218  -0.168973  0.934363  2.000000  0.999913  0.004313  0.012427  -0.004343  0.999988  0.002438  -0.012416  -0.002492  0.999920  0.999684  0.024772  0.004277  -0.024794  0.999679  0.005238  -0.004146  -0.005343  0.999977  1.000000  0.000109  0.000295  -0.000109  1.000000  0.000066  -0.000295  -0.000066  1.000000  0.999913  0.004313  0.012427  -0.004343  0.999988  0.002438  -0.012416  -0.002492  0.999920  0.000239  0.025692  
154.545255 -0.009821  0.078833  0.009091  0.981709  0.174084  0.077089  -0.180451  0.979887  0.085198  -0.060707  -0.097550  0.993377  -0.004163  -0.017289  0.008089  0.209644  -0.173730  0.982115  2.000000  0.999891  0.004881  0.013923  -0.004920  0.999984  0.002774  -0.013910  -0.002842  0.999899  0.999664  0.025626  0.003972  -0.025648  0.999656  0.005550  -0.003828  -0.005650  0.999977  1.000000  0.000118  0.000302  -0.000118  1.000000  0.000070  -0.000302  -0.000070  1.000000  0.999891  0.004881  0.013923  -0.004920  0.999984  0.002774  -0.013910  -0.002842  0.999899  0.000253  0.026533  
154.546495 -0.009822  0.078801  0.009098  0.981440  0.175436  0.077449  -0.181864  0.979586  0.085656  -0.060841  -0.098152  0.993310  -0.003883  -0.018734  0.008116  0.227138  -0.183107  1.030087  2.000000  0.999866  0.005469  0.015456  -0.005518  0.999980  0.003123  -0.015438  -0.003208  0.999876  0.999647  0.026224  0.004180  -0.026248  0.999639  0.005750  -0.004028  -0.005857  0.999975  1.000000  0.000120  0.000310  -0.000120  1.000000  0.000073  -0.000310  -0.000073  1.000000  0.999866  0.005469  0.015456  -0.005518  0.999980  0.003123  -0.015438  -0.003208  0.999876  0.000266  0.027185  
154.547500 -0.009823  0.078774  0.009105  0.981177  0.176810  0.077658  -0.183278  0.979290  0.086020  -0.060841  -0.098634  0.993262  -0.003670  -0.019721  0.008092  0.240520  -0.187887  1.078015  2.000000  0.999843  0.005947  0.016711  -0.006005  0.999976  0.003410  -0.016690  -0.003510  0.999855  0.999636  0.026618  0.004366  -0.026643  0.999628  0.005845  -0.004208  -0.005959  0.999973  1.000000  0.000120  0.000315  -0.000120  1.000000  0.000074  -0.000315  -0.000074  1.000000  0.999843  0.005947  0.016711  -0.006005  0.999976  0.003410  -0.016690  -0.003510  0.999855  0.000277  0.027615  
154.548747 -0.009825  0.078740  0.009114  0.980911  0.178183  0.077869  -0.184692  0.978993  0.086383  -0.060841  -0.099116  0.993214  -0.003445  -0.021387  0.007946  0.254371  -0.192084  1.119324  2.000000  0.999811  0.006535  0.018288  -0.006605  0.999971  0.003774  -0.018263  -0.003894  0.999826  0.999636  0.026603  0.004512  -0.026629  0.999628  0.005845  -0.004355  -0.005963  0.999973  1.000000  0.000118  0.000316  -0.000118  1.000000  0.000074  -0.000316  -0.000074  1.000000  0.999811  0.006535  0.018288  -0.006605  0.999971  0.003774  -0.018263  -0.003894  0.999826  0.000289  0.027624  
154.549748 -0.009826  0.078712  0.009121  0.980675  0.179351  0.078171  -0.185902  0.978743  0.086618  -0.060974  -0.099476  0.993170  -0.003126  -0.022394  0.007855  0.264104  -0.200732  1.160370  2.000000  0.999784  0.006999  0.019555  -0.007080  0.999967  0.004066  -0.019526  -0.004204  0.999801  0.999636  0.026588  0.004655  -0.026615  0.999628  0.005962  -0.004494  -0.006084  0.999971  1.000000  0.000117  0.000317  -0.000117  1.000000  0.000075  -0.000317  -0.000075  1.000000  0.999784  0.006999  0.019555  -0.007080  0.999967  0.004066  -0.019526  -0.004204  0.999801  0.000300  0.027659  
154.550749 -0.009828  0.078683  0.009128  0.980436  0.180518  0.078474  -0.187112  0.978492  0.086853  -0.061108  -0.099837  0.993126  -0.002801  -0.023300  0.007772  0.270848  -0.202973  1.180899  2.000000  0.999755  0.007461  0.020823  -0.007554  0.999962  0.004358  -0.020789  -0.004514  0.999774  0.999636  0.026599  0.004531  -0.026626  0.999628  0.005962  -0.004371  -0.006081  0.999972  1.000000  0.000118  0.000316  -0.000118  1.000000  0.000075  -0.000316  -0.000075  1.000000  0.999755  0.007461  0.020823  -0.007554  0.999962  0.004358  -0.020789  -0.004514  0.999774  0.000307  0.027649  
154.551994 -0.009830  0.078647  0.009137  0.980157  0.181886  0.078796  -0.188523  0.978201  0.087070  -0.061241  -0.100197  0.993081  -0.002457  -0.024248  0.007650  0.277974  -0.200128  1.195203  2.000000  0.999724  0.007924  0.022095  -0.008029  0.999957  0.004656  -0.022058  -0.004833  0.999745  0.999636  0.026584  0.004674  -0.026612  0.999627  0.006076  -0.004510  -0.006198  0.999971  1.000000  0.000117  0.000317  -0.000117  1.000000  0.000077  -0.000317  -0.000077  1.000000  0.999724  0.007924  0.022095  -0.008029  0.999957  0.004656  -0.022058  -0.004833  0.999745  0.000309  0.027684  
154.552995 -0.009832  0.078617  0.009144  0.979963  0.182864  0.078952  -0.189532  0.977982  0.087345  -0.061241  -0.100559  0.993045  -0.002156  -0.025212  0.007468  0.281925  -0.191561  1.196144  2.000000  0.999692  0.008392  0.023360  -0.008510  0.999951  0.004959  -0.023317  -0.005156  0.999715  0.999636  0.026609  0.004417  -0.026636  0.999626  0.006197  -0.004251  -0.006313  0.999971  1.000000  0.000119  0.000315  -0.000120  1.000000  0.000078  -0.000315  -0.000078  1.000000  0.999692  0.008392  0.023360  -0.008510  0.999951  0.004959  -0.023317  -0.005156  0.999715  0.000311  0.027692  
154.553997 -0.009835  0.078586  0.009152  0.979759  0.183839  0.079217  -0.190539  0.977774  0.087476  -0.061375  -0.100799  0.993012  -0.001974  -0.026003  0.007289  0.278149  -0.192202  1.206472  2.000000  0.999658  0.008858  0.024603  -0.008990  0.999946  0.005266  -0.024555  -0.005486  0.999683  0.999647  0.026211  0.004253  -0.026238  0.999636  0.006341  -0.004085  -0.006450  0.999971  1.000000  0.000119  0.000310  -0.000119  1.000000  0.000080  -0.000310  -0.000080  1.000000  0.999658  0.008858  0.024603  -0.008990  0.999946  0.005266  -0.024555  -0.005486  0.999683  0.000314  0.027317  
154.555243 -0.009838  0.078546  0.009161  0.979484  0.185209  0.079433  -0.191951  0.977466  0.087836  -0.061375  -0.101281  0.992963  -0.001894  -0.026903  0.007203  0.283646  -0.191186  1.230708  2.000000  0.999614  0.009446  0.026137  -0.009597  0.999938  0.005656  -0.026082  -0.005904  0.999642  0.999659  0.025828  0.003955  -0.025853  0.999645  0.006488  -0.003786  -0.006588  0.999971  1.000000  0.000120  0.000304  -0.000120  1.000000  0.000082  -0.000304  -0.000082  1.000000  0.999614  0.009446  0.026137  -0.009597  0.999938  0.005656  -0.026082  -0.005904  0.999642  0.000317  0.026937  
154.556244 -0.009841  0.078513  0.009169  0.979333  0.185998  0.079442  -0.192759  0.977279  0.088151  -0.061241  -0.101643  0.992934  -0.001799  -0.027586  0.007125  0.287468  -0.187801  1.238305  2.000000  0.999577  0.009910  0.027330  -0.010077  0.999931  0.005972  -0.027269  -0.006245  0.999609  0.999675  0.025240  0.003637  -0.025263  0.999659  0.006531  -0.003470  -0.006621  0.999972  1.000000  0.000119  0.000296  -0.000119  1.000000  0.000082  -0.000296  -0.000082  1.000000  0.999577  0.009910  0.027330  -0.010077  0.999931  0.005972  -0.027269  -0.006245  0.999609  0.000320  0.026338  
154.557244 -0.009844  0.078480  0.009176  0.979142  0.186979  0.079494  -0.193768  0.977041  0.088569  -0.061108  -0.102125  0.992893  -0.001812  -0.028271  0.007076  0.292979  -0.187389  1.235025  2.000000  0.999540  0.010373  0.028504  -0.010556  0.999924  0.006299  -0.028436  -0.006597  0.999574  0.999685  0.024829  0.003607  -0.024854  0.999668  0.006800  -0.003437  -0.006887  0.999970  1.000000  0.000117  0.000291  -0.000117  1.000000  0.000086  -0.000291  -0.000086  1.000000  0.999540  0.010373  0.028504  -0.010556  0.999924  0.006299  -0.028436  -0.006597  0.999574  0.000321  0.026010  
154.558246 -0.009848  0.078446  0.009183  0.978982  0.187754  0.079635  -0.194575  0.976855  0.088859  -0.061108  -0.102487  0.992856  -0.001916  -0.028993  0.007046  0.293353  -0.191534  1.227196  2.000000  0.999511  0.010721  0.029377  -0.010918  0.999919  0.006553  -0.029304  -0.006870  0.999547  0.999685  0.024842  0.003483  -0.024866  0.999667  0.006924  -0.003310  -0.007009  0.999970  1.000000  0.000119  0.000290  -0.000119  1.000000  0.000087  -0.000290  -0.000087  1.000000  0.999511  0.010721  0.029377  -0.010918  0.999919  0.006553  -0.029304  -0.006870  0.999547  0.000320  0.026037  
154.559247 -0.009851  0.078412  0.009191  0.978790  0.188735  0.079688  -0.195584  0.976615  0.089277  -0.060974  -0.102969  0.992814  -0.002061  -0.029704  0.007105  0.301908  -0.186858  1.220642  2.000000  0.999472  0.011181  0.030523  -0.011397  0.999911  0.006895  -0.030443  -0.007240  0.999510  0.999696  0.024445  0.003321  -0.024468  0.999676  0.007075  -0.003147  -0.007154  0.999969  1.000000  0.000118  0.000285  -0.000118  1.000000  0.000089  -0.000285  -0.000089  1.000000  0.999472  0.011181  0.030523  -0.011397  0.999911  0.006895  -0.030443  -0.007240  0.999510  0.000319  0.025678  
154.560250 -0.009856  0.078376  0.009198  0.978636  0.189514  0.079723  -0.196391  0.976413  0.089711  -0.060841  -0.103452  0.992772  -0.002377  -0.030467  0.007158  0.309782  -0.177978  1.211130  2.000000  0.999431  0.011641  0.031650  -0.011875  0.999903  0.007242  -0.031563  -0.007614  0.999473  0.999711  0.023858  0.003004  -0.023879  0.999689  0.007238  -0.002830  -0.007308  0.999969  1.000000  0.000118  0.000277  -0.000118  1.000000  0.000091  -0.000277  -0.000091  1.000000  0.999431  0.011641  0.031650  -0.011875  0.999903  0.007242  -0.031563  -0.007614  0.999473  0.000316  0.025125  
154.561501 -0.009865  0.078330  0.009205  0.978393  0.190681  0.079926  -0.197600  0.976135  0.090087  -0.060841  -0.103933  0.992722  -0.002869  -0.031494  0.007099  0.314480  -0.168155  1.197995  2.000000  0.999380  0.012210  0.033023  -0.012470  0.999893  0.007679  -0.032925  -0.008086  0.999425  0.999726  0.023257  0.002819  -0.023277  0.999703  0.007156  -0.002652  -0.007220  0.999970  1.000000  0.000116  0.000269  -0.000116  1.000000  0.000090  -0.000269  -0.000090  1.000000  0.999380  0.012210  0.033023  -0.012470  0.999893  0.007679  -0.032925  -0.008086  0.999425  0.000313  0.024508  
154.562744 -0.009874  0.078281  0.009211  0.978189  0.191637  0.080135  -0.198607  0.975883  0.090596  -0.060841  -0.104536  0.992658  -0.003369  -0.032433  0.006958  0.324689  -0.157046  1.175308  2.000000  0.999329  0.012762  0.034335  -0.013047  0.999882  0.008114  -0.034228  -0.008557  0.999377  0.999749  0.022248  0.002594  -0.022266  0.999726  0.007221  -0.002432  -0.007277  0.999971  1.000000  0.000112  0.000257  -0.000112  1.000000  0.000091  -0.000257  -0.000091  1.000000  0.999329  0.012762  0.034335  -0.013047  0.999882  0.008114  -0.034228  -0.008557  0.999377  0.000309  0.023544  
154.563749 -0.009883  0.078241  0.009215  0.978025  0.192411  0.080280  -0.199412  0.975692  0.090885  -0.060841  -0.104897  0.992620  -0.003869  -0.033313  0.006735  0.332994  -0.147029  1.158477  2.000000  0.999288  0.013192  0.035348  -0.013499  0.999873  0.008458  -0.035232  -0.008929  0.999339  0.999767  0.021443  0.002384  -0.021459  0.999746  0.006909  -0.002235  -0.006958  0.999973  1.000000  0.000109  0.000247  -0.000109  1.000000  0.000087  -0.000247  -0.000087  1.000000  0.999288  0.013192  0.035348  -0.013499  0.999873  0.008458  -0.035232  -0.008929  0.999339  0.000304  0.022664  
154.564998 -0.009894  0.078191  0.009218  0.977819  0.193377  0.080467  -0.200419  0.975449  0.091276  -0.060841  -0.105378  0.992569  -0.004486  -0.034228  0.006395  0.338199  -0.140963  1.138070  2.000000  0.999237  0.013711  0.036566  -0.014045  0.999862  0.008873  -0.036439  -0.009380  0.999292  0.999780  0.020829  0.002330  -0.020844  0.999759  0.006826  -0.002187  -0.006873  0.999974  1.000000  0.000106  0.000240  -0.000106  1.000000  0.000086  -0.000240  -0.000086  1.000000  0.999237  0.013711  0.036566  -0.014045  0.999862  0.008873  -0.036439  -0.009380  0.999292  0.000299  0.022052  
154.566249 -0.009906  0.078141  0.009221  0.977571  0.194552  0.080650  -0.201627  0.975176  0.091531  -0.060841  -0.105739  0.992531  -0.005188  -0.035330  0.005942  0.343056  -0.135462  1.124793  2.000000  0.999196  0.014123  0.037533  -0.014478  0.999853  0.009202  -0.037398  -0.009738  0.999253  0.999776  0.021032  0.002361  -0.021048  0.999755  0.006813  -0.002218  -0.006861  0.999974  1.000000  0.000107  0.000242  -0.000107  1.000000  0.000085  -0.000242  -0.000085  1.000000  0.999196  0.014123  0.037533  -0.014478  0.999853  0.009202  -0.037398  -0.009738  0.999253  0.000296  0.022243  
154.567250 -0.009915  0.078101  0.009223  0.977371  0.195540  0.080686  -0.202635  0.974939  0.091830  -0.060707  -0.106102  0.992500  -0.005659  -0.036006  0.005556  0.343547  -0.130705  1.118315  2.000000  0.999153  0.014540  0.038488  -0.014917  0.999843  0.009523  -0.038343  -0.010089  0.999214  0.999785  0.020651  0.002057  -0.020664  0.999765  0.006599  -0.001921  -0.006640  0.999976  1.000000  0.000108  0.000236  -0.000108  1.000000  0.000083  -0.000236  -0.000083  1.000000  0.999153  0.014540  0.038488  -0.014917  0.999843  0.009523  -0.038343  -0.010089  0.999214  0.000293  0.021785  
154.568310 -0.009925  0.078060  0.009225  0.977204  0.196323  0.080809  -0.203439  0.974756  0.092000  -0.060707  -0.106342  0.992475  -0.006143  -0.036566  0.005212  0.340107  -0.128727  1.095664  2.000000  0.999110  0.014954  0.039429  -0.015353  0.999834  0.009837  -0.039275  -0.010434  0.999174  0.999793  0.020242  0.002022  -0.020255  0.999774  0.006504  -0.001890  -0.006543  0.999977  1.000000  0.000105  0.000231  -0.000105  1.000000  0.000082  -0.000231  -0.000082  1.000000  0.999110  0.014954  0.039429  -0.015353  0.999834  0.009837  -0.039275  -0.010434  0.999174  0.000291  0.021365  
154.569496 -0.009937  0.078009  0.009227  0.976994  0.197297  0.080975  -0.204445  0.974519  0.092271  -0.060707  -0.106703  0.992436  -0.006711  -0.037417  0.004795  0.337858  -0.122871  1.077517  2.000000  0.999067  0.015361  0.040357  -0.015782  0.999824  0.010146  -0.040194  -0.010773  0.999134  0.999797  0.020037  0.002007  -0.020050  0.999778  0.006517  -0.001876  -0.006556  0.999977  1.000000  0.000104  0.000229  -0.000104  1.000000  0.000082  -0.000229  -0.000082  1.000000  0.999067  0.015361  0.040357  -0.015782  0.999824  0.010146  -0.040194  -0.010773  0.999134  0.000286  0.021173  
154.570500 -0.009946  0.077968  0.009230  0.976825  0.198070  0.081123  -0.205250  0.974323  0.092559  -0.060707  -0.107065  0.992397  -0.007240  -0.038020  0.004402  0.335334  -0.116035  1.050264  2.000000  0.999024  0.015763  0.041267  -0.016207  0.999814  0.010453  -0.041094  -0.011111  0.999093  0.999805  0.019642  0.001836  -0.019653  0.999786  0.006421  -0.001709  -0.006456  0.999978  1.000000  0.000104  0.000224  -0.000104  1.000000  0.000080  -0.000224  -0.000080  1.000000  0.999024  0.015763  0.041267  -0.016207  0.999814  0.010453  -0.041094  -0.011111  0.999093  0.000280  0.020753  
154.571744 -0.009959  0.077917  0.009233  0.976579  0.199258  0.081180  -0.206458  0.974041  0.092841  -0.060574  -0.107427  0.992366  -0.007722  -0.038625  0.004029  0.329403  -0.105269  1.028976  2.000000  0.998969  0.016267  0.042383  -0.016741  0.999801  0.010833  -0.042199  -0.011531  0.999043  0.999809  0.019466  0.001555  -0.019475  0.999790  0.006315  -0.001432  -0.006344  0.999979  1.000000  0.000106  0.000220  -0.000106  1.000000  0.000079  -0.000220  -0.000079  1.000000  0.998969  0.016267  0.042383  -0.016741  0.999801  0.010833  -0.042199  -0.011531  0.999043  0.000273  0.020529  
154.572744 -0.009969  0.077875  0.009236  0.976366  0.200241  0.081324  -0.207463  0.973813  0.092993  -0.060574  -0.107667  0.992340  -0.008219  -0.039203  0.003792  0.322109  -0.099816  1.015848  2.000000  0.998925  0.016670  0.043248  -0.017167  0.999791  0.011133  -0.043054  -0.011863  0.999002  0.999817  0.019071  0.001383  -0.019079  0.999799  0.006220  -0.001264  -0.006245  0.999980  1.000000  0.000105  0.000215  -0.000105  1.000000  0.000078  -0.000215  -0.000078  1.000000  0.998925  0.016670  0.043248  -0.017167  0.999791  0.011133  -0.043054  -0.011863  0.999002  0.000269  0.020112  
154.573744 -0.009980  0.077832  0.009240  0.976195  0.201023  0.081450  -0.208267  0.973625  0.093163  -0.060574  -0.107908  0.992314  -0.008678  -0.039789  0.003512  0.310778  -0.098831  1.002067  2.000000  0.998892  0.016975  0.043898  -0.017489  0.999783  0.011358  -0.043696  -0.012113  0.998971  0.999817  0.019070  0.001390  -0.019079  0.999798  0.006341  -0.001269  -0.006366  0.999979  1.000000  0.000105  0.000215  -0.000105  1.000000  0.000079  -0.000215  -0.000079  1.000000  0.998892  0.016975  0.043898  -0.017489  0.999783  0.011358  -0.043696  -0.012113  0.998971  0.000264  0.020150  
154.574996 -0.009993  0.077778  0.009245  0.975980  0.201995  0.081619  -0.209272  0.973384  0.093433  -0.060574  -0.108269  0.992274  -0.009228  -0.040532  0.003218  0.302933  -0.097395  0.983254  2.000000  0.998835  0.017485  0.044970  -0.018030  0.999769  0.011730  -0.044755  -0.012527  0.998919  0.999821  0.018880  0.001239  -0.018888  0.999802  0.006232  -0.001121  -0.006255  0.999980  1.000000  0.000105  0.000212  -0.000105  1.000000  0.000078  -0.000212  -0.000078  1.000000  0.998835  0.017485  0.044970  -0.018030  0.999769  0.011730  -0.044755  -0.012527  0.998919  0.000260  0.019926  
154.575997 -0.010005  0.077732  0.009249  0.975850  0.202577  0.081726  -0.209874  0.973236  0.093619  -0.060574  -0.108510  0.992248  -0.009590  -0.041107  0.003110  0.295897  -0.091110  0.962820  2.000000  0.998790  0.017886  0.045811  -0.018455  0.999757  0.012028  -0.045584  -0.012859  0.998878  0.999829  0.018471  0.001202  -0.018478  0.999810  0.006258  -0.001086  -0.006279  0.999980  1.000000  0.000103  0.000207  -0.000103  1.000000  0.000078  -0.000207  -0.000078  1.000000  0.998790  0.017886  0.045811  -0.018455  0.999757  0.012028  -0.045584  -0.012859  0.998878  0.000255  0.019544  
154.577247 -0.010019  0.077676  0.009254  0.975642  0.203563  0.081767  -0.210880  0.972990  0.093916  -0.060440  -0.108872  0.992217  -0.009927  -0.041669  0.003023  0.289857  -0.085606  0.948374  2.000000  0.998733  0.018373  0.046843  -0.018973  0.999743  0.012392  -0.046603  -0.013265  0.998825  0.999833  0.018252  0.001317  -0.018260  0.999815  0.006028  -0.001207  -0.006051  0.999981  1.000000  0.000100  0.000206  -0.000100  1.000000  0.000075  -0.000206  -0.000076  1.000000  0.998733  0.018373  0.046843  -0.018973  0.999743  0.012392  -0.046603  -0.013265  0.998825  0.000251  0.019272  
154.578507 -0.010034  0.077619  0.009260  0.975468  0.204334  0.081918  -0.211684  0.972788  0.094203  -0.060440  -0.109233  0.992177  -0.010248  -0.042189  0.003047  0.286134  -0.083154  0.921615  2.000000  0.998677  0.018851  0.047850  -0.019481  0.999729  0.012743  -0.047597  -0.013658  0.998773  0.999844  0.017639  0.001257  -0.017646  0.999828  0.005705  -0.001156  -0.005727  0.999983  1.000000  0.000097  0.000199  -0.000097  1.000000  0.000071  -0.000199  -0.000071  1.000000  0.998677  0.018851  0.047850  -0.019481  0.999729  0.012743  -0.047597  -0.013658  0.998773  0.000244  0.018586  
154.579519 -0.010046  0.077572  0.009263  0.975337  0.204915  0.082026  -0.212286  0.972638  0.094388  -0.060440  -0.109474  0.992150  -0.010419  -0.042598  0.003049  0.283154  -0.076766  0.901126  2.000000  0.998642  0.019130  0.048450  -0.019779  0.999721  0.012948  -0.048189  -0.013889  0.998742  0.999844  0.017624  0.001395  -0.017632  0.999828  0.005705  -0.001294  -0.005729  0.999983  1.000000  0.000096  0.000199  -0.000096  1.000000  0.000071  -0.000199  -0.000071  1.000000  0.998642  0.019130  0.048450  -0.019779  0.999721  0.012948  -0.048189  -0.013889  0.998742  0.000237  0.018582  
154.580744 -0.010059  0.077513  0.009266  0.975154  0.205682  0.082283  -0.213088  0.972450  0.094528  -0.060574  -0.109713  0.992116  -0.010564  -0.043297  0.003071  0.277711  -0.075025  0.880740  2.000000  0.998596  0.019494  0.049248  -0.020168  0.999709  0.013216  -0.048976  -0.014190  0.998699  0.999847  0.017405  0.001512  -0.017413  0.999833  0.005595  -0.001414  -0.005620  0.999983  1.000000  0.000093  0.000198  -0.000093  1.000000  0.000070  -0.000198  -0.000070  1.000000  0.998596  0.019494  0.049248  -0.020168  0.999709  0.013216  -0.048976  -0.014190  0.998699  0.000232  0.018349  
154.581999 -0.010071  0.077453  0.009270  0.974978  0.206452  0.082436  -0.213891  0.972245  0.094814  -0.060574  -0.110074  0.992076  -0.010607  -0.043888  0.003168  0.277498  -0.068623  0.860800  2.000000  0.998550  0.019846  0.050045  -0.020544  0.999698  0.013474  -0.049763  -0.014482  0.998656  0.999851  0.017186  0.001628  -0.017194  0.999837  0.005486  -0.001534  -0.005513  0.999984  1.000000  0.000090  0.000196  -0.000090  1.000000  0.000069  -0.000196  -0.000069  1.000000  0.998550  0.019846  0.050045  -0.020544  0.999698  0.013474  -0.049763  -0.014482  0.998656  0.000229  0.018118  
154.583248 -0.010083  0.077394  0.009272  0.974838  0.207018  0.082675  -0.214491  0.972098  0.094971  -0.060707  -0.110314  0.992041  -0.010576  -0.044586  0.003175  0.274602  -0.066700  0.840256  2.000000  0.998492  0.020271  0.051023  -0.021000  0.999684  0.013786  -0.050727  -0.014836  0.998602  0.999855  0.016966  0.001743  -0.016975  0.999842  0.005254  -0.001654  -0.005283  0.999985  1.000000  0.000088  0.000194  -0.000088  1.000000  0.000066  -0.000194  -0.000066  1.000000  0.998492  0.020271  0.051023  -0.021000  0.999684  0.013786  -0.050727  -0.014836  0.998602  0.000223  0.017852  
154.584249 -0.010091  0.077346  0.009275  0.974705  0.207599  0.082784  -0.215093  0.971947  0.095156  -0.060707  -0.110555  0.992014  -0.010426  -0.044905  0.003204  0.271822  -0.064765  0.819718  2.000000  0.998445  0.020603  0.051793  -0.021356  0.999674  0.014025  -0.051487  -0.015109  0.998559  0.999861  0.016557  0.001702  -0.016566  0.999850  0.005037  -0.001618  -0.005065  0.999986  1.000000  0.000086  0.000190  -0.000086  1.000000  0.000063  -0.000190  -0.000063  1.000000  0.998445  0.020603  0.051793  -0.021356  0.999674  0.014025  -0.051487  -0.015109  0.998559  0.000217  0.017395  
154.585494 -0.010100  0.077287  0.009277  0.974564  0.208154  0.083048  -0.215693  0.971787  0.095429  -0.060841  -0.110915  0.991966  -0.010253  -0.045436  0.003171  0.270343  -0.067499  0.798769  2.000000  0.998387  0.021003  0.052739  -0.021786  0.999660  0.014313  -0.052421  -0.015439  0.998506  0.999868  0.016134  0.001794  -0.016142  0.999858  0.004818  -0.001716  -0.004847  0.999987  1.000000  0.000082  0.000186  -0.000082  1.000000  0.000060  -0.000186  -0.000060  1.000000  0.998387  0.021003  0.052739  -0.021786  0.999660  0.014313  -0.052421  -0.015439  0.998506  0.000211  0.016938  
154.586499 -0.010107  0.077239  0.009279  0.974475  0.208534  0.083138  -0.216094  0.971678  0.095631  -0.060841  -0.111155  0.991939  -0.010056  -0.045955  0.003163  0.266153  -0.069869  0.777355  2.000000  0.998341  0.021315  0.053481  -0.022122  0.999650  0.014537  -0.053153  -0.015696  0.998463  0.999872  0.015929  0.001775  -0.015937  0.999862  0.004710  -0.001700  -0.004737  0.999987  1.000000  0.000081  0.000183  -0.000081  1.000000  0.000059  -0.000183  -0.000059  1.000000  0.998341  0.021315  0.053481  -0.022122  0.999650  0.014537  -0.053153  -0.015696  0.998463  0.000208  0.016710  
154.587744 -0.010117  0.077177  0.009282  0.974333  0.209100  0.083377  -0.216694  0.971529  0.095786  -0.060974  -0.111395  0.991904  -0.009786  -0.046680  0.003064  0.256363  -0.077729  0.763366  2.000000  0.998286  0.021683  0.054367  -0.022519  0.999637  0.014809  -0.054026  -0.016008  0.998411  0.999884  0.015097  0.001823  -0.015105  0.999875  0.004638  -0.001753  -0.004665  0.999988  1.000000  0.000075  0.000175  -0.000075  1.000000  0.000058  -0.000175  -0.000058  1.000000  0.998286  0.021683  0.054367  -0.022519  0.999637  0.014809  -0.054026  -0.016008  0.998411  0.000204  0.015902  
154.588744 -0.010124  0.077127  0.009284  0.974244  0.209479  0.083467  -0.217096  0.971420  0.095988  -0.060974  -0.111636  0.991877  -0.009559  -0.047081  0.002955  0.252055  -0.080150  0.741659  2.000000  0.998242  0.021956  0.055053  -0.022814  0.999627  0.015020  -0.054703  -0.016249  0.998370  0.999894  0.014469  0.001889  -0.014477  0.999885  0.004434  -0.001825  -0.004461  0.999988  1.000000  0.000070  0.000168  -0.000070  1.000000  0.000056  -0.000168  -0.000056  1.000000  0.998242  0.021956  0.055053  -0.022814  0.999627  0.015020  -0.054703  -0.016249  0.998370  0.000200  0.015255  
154.589745 -0.010131  0.077076  0.009288  0.974147  0.209855  0.083662  -0.217495  0.971325  0.096042  -0.061108  -0.111755  0.991855  -0.009331  -0.047537  0.002899  0.242345  -0.087812  0.727864  2.000000  0.998210  0.022151  0.055555  -0.023027  0.999620  0.015178  -0.055198  -0.016430  0.998340  0.999896  0.014249  0.002003  -0.014258  0.999888  0.004566  -0.001938  -0.004594  0.999988  1.000000  0.000068  0.000167  -0.000068  1.000000  0.000057  -0.000167  -0.000057  1.000000  0.998210  0.022151  0.055555  -0.023027  0.999620  0.015178  -0.055198  -0.016430  0.998340  0.000195  0.015101  
154.590992 -0.010139  0.077012  0.009293  0.974004  0.210419  0.083902  -0.218095  0.971175  0.096197  -0.061241  -0.111995  0.991820  -0.008955  -0.048017  0.002901  0.231411  -0.090329  0.706875  2.000000  0.998158  0.022456  0.056361  -0.023360  0.999608  0.015435  -0.055992  -0.016723  0.998291  0.999908  0.013417  0.002048  -0.013426  0.999900  0.004374  -0.001989  -0.004401  0.999988  1.000000  0.000062  0.000158  -0.000062  1.000000  0.000055  -0.000158  -0.000055  1.000000  0.998158  0.022456  0.056361  -0.023360  0.999608  0.015435  -0.055992  -0.016723  0.998291  0.000188  0.014264  
154.591994 -0.010146  0.076961  0.009297  0.973951  0.210584  0.084102  -0.218293  0.971112  0.096386  -0.061375  -0.112235  0.991785  -0.008594  -0.048497  0.002888  0.228565  -0.092744  0.685890  2.000000  0.998117  0.022685  0.056982  -0.023611  0.999599  0.015634  -0.056605  -0.016950  0.998253  0.999916  0.012804  0.001981  -0.012813  0.999909  0.004291  -0.001926  -0.004316  0.999989  1.000000  0.000059  0.000151  -0.000059  1.000000  0.000054  -0.000151  -0.000054  1.000000  0.998117  0.022685  0.056982  -0.023611  0.999599  0.015634  -0.056605  -0.016950  0.998253  0.000184  0.013653  
154.593004 -0.010152  0.076909  0.009303  0.973861  0.210974  0.084167  -0.218694  0.971013  0.096470  -0.061375  -0.112355  0.991771  -0.008187  -0.048852  0.003004  0.219434  -0.091444  0.670754  2.000000  0.998078  0.022890  0.057581  -0.023838  0.999590  0.015833  -0.057195  -0.017175  0.998215  0.999921  0.012365  0.002204  -0.012374  0.999915  0.004194  -0.002152  -0.004221  0.999989  1.000000  0.000054  0.000148  -0.000054  1.000000  0.000053  -0.000148  -0.000053  1.000000  0.998078  0.022890  0.057581  -0.023838  0.999590  0.015833  -0.057195  -0.017175  0.998215  0.000180  0.013246  
