1-Time 2-Px 3-Py 4-Pz 5-R11 6-R21 7-R31 8-R12 9-R22 10-R32 11-R13 12-R23 13-R33 14-Vx 15-Vy 16-Vz 17-Wx 18-Wy 19-Wz 20-state 21-PR11 22-PR21 23-PR31 24-PR12 25-PR22 26-PR32 27-PR13 28-PR23 29-PR33 
130.190611 -0.005786  0.083941  0.001810  0.985395  0.170285  0.000460  -0.170244  0.985093  0.024660  0.003746  -0.024378  0.999696  0.000025  0.000751  0.000127  0.000000  0.000000  0.000000  2.000000  1.000000  0.000000  0.000000  0.000000  1.000000  0.000000  0.000000  0.000000  1.000000  0.999990  -0.004159  0.001639  0.004159  0.999991  -0.000137  -0.001638  0.000144  0.999999  1.000000  0.000000  0.000000  0.000000  1.000000  0.000000  0.000000  0.000000  1.000000  0.675993  0.667454  -0.312311  -0.664817  0.735206  0.132253  0.317886  0.118228  0.940729  0.000000  0.000000  
130.191616 -0.005788  0.083941  0.001810  0.985430  0.170079  0.000586  -0.170042  0.985129  0.024637  0.003613  -0.024378  0.999696  -0.000084  0.000744  0.000167  0.000000  0.000000  0.000000  2.000000  1.000000  0.000000  0.000000  0.000000  1.000000  0.000000  0.000000  0.000000  1.000000  0.999990  -0.004159  0.001639  0.004159  0.999991  -0.000136  -0.001638  0.000143  0.999999  1.000000  0.000000  0.000000  0.000000  1.000000  0.000000  0.000000  0.000000  1.000000  1.000000  0.000000  0.000000  0.000000  1.000000  0.000000  0.000000  0.000000  1.000000  0.000000  0.000000  
130.192619 -0.005790  0.083940  0.001810  0.985326  0.170684  0.000754  -0.170650  0.985021  0.024734  0.003479  -0.024499  0.999694  -0.000329  0.000530  0.000160  0.000000  0.000000  0.000000  2.000000  1.000000  0.000000  0.000000  0.000000  1.000000  0.000000  0.000000  0.000000  1.000000  0.999992  -0.003541  0.001653  0.003541  0.999994  -0.000012  -0.001653  0.000018  0.999999  1.000000  0.000000  0.000000  0.000000  1.000000  0.000000  0.000000  0.000000  1.000000  1.000000  0.000000  0.000000  0.000000  1.000000  0.000000  0.000000  0.000000  1.000000  0.000000  0.000000  
130.193621 -0.005795  0.083936  0.001810  0.985185  0.171492  0.000906  -0.171462  0.984881  0.024710  0.003345  -0.024499  0.999694  -0.000656  0.000201  0.000118  0.000000  0.000000  0.000000  2.000000  1.000000  0.000000  0.000000  0.000000  1.000000  0.000000  0.000000  0.000000  1.000000  0.999995  -0.002516  0.001812  0.002516  0.999997  -0.000008  -0.001812  0.000013  0.999998  1.000000  0.000000  0.000000  0.000000  1.000000  0.000000  0.000000  0.000000  1.000000  1.000000  0.000000  0.000000  0.000000  1.000000  0.000000  0.000000  0.000000  1.000000  0.000000  0.000000  
130.194870 -0.005799  0.083931  0.001810  0.985009  0.172499  0.001216  -0.172476  0.984702  0.024782  0.003077  -0.024621  0.999692  -0.001064  -0.000208  0.000122  0.000000  0.000000  0.000000  2.000000  1.000000  0.000000  0.000000  0.000000  1.000000  0.000000  0.000000  0.000000  1.000000  0.999997  -0.001490  0.001971  0.001490  0.999999  0.000117  -0.001971  -0.000114  0.999998  1.000000  0.000000  0.000000  0.000000  1.000000  0.000000  0.000000  0.000000  1.000000  1.000000  0.000000  0.000000  0.000000  1.000000  0.000000  0.000000  0.000000  1.000000  0.000000  0.000000  
130.196120 -0.005803  0.083926  0.001811  0.984903  0.173100  0.001516  -0.173084  0.984593  0.024855  0.002810  -0.024742  0.999690  -0.001392  -0.000599  0.000144  0.000000  0.000000  0.000000  2.000000  1.000000  0.000000  0.000000  0.000000  1.000000  0.000000  0.000000  0.000000  1.000000  0.999997  -0.000262  0.002269  0.000262  1.000000  0.000242  -0.002269  -0.000241  0.999997  1.000000  0.000000  0.000000  0.000000  1.000000  0.000000  0.000000  0.000000  1.000000  1.000000  0.000000  0.000000  0.000000  1.000000  0.000000  0.000000  0.000000  1.000000  0.000000  0.000000  
130.197366 -0.005809  0.083921  0.001812  0.984796  0.173708  0.001552  -0.173693  0.984483  0.024973  0.002810  -0.024863  0.999687  -0.001793  -0.000999  0.000237  0.000000  0.000000  0.000000  2.000000  1.000000  0.000000  0.000000  0.000000  1.000000  0.000000  0.000000  0.000000  1.000000  0.999998  0.000564  0.002155  -0.000565  1.000000  0.000366  -0.002155  -0.000367  0.999998  1.000000  0.000000  0.000000  0.000000  1.000000  0.000000  0.000000  0.000000  1.000000  1.000000  0.000000  0.000000  0.000000  1.000000  0.000000  0.000000  0.000000  1.000000  0.000000  0.000000  
130.198366 -0.005814  0.083918  0.001813  0.984652  0.174522  0.001462  -0.174503  0.984336  0.025115  0.002944  -0.024984  0.999684  -0.002182  -0.001283  0.000304  0.000000  0.000000  0.000000  2.000000  1.000000  0.000000  0.000000  0.000000  1.000000  0.000000  0.000000  0.000000  1.000000  0.999997  0.001387  0.002176  -0.001388  0.999999  0.000489  -0.002175  -0.000492  0.999998  1.000000  0.000000  0.000000  0.000000  1.000000  0.000000  0.000000  0.000000  1.000000  1.000000  0.000000  0.000000  0.000000  1.000000  0.000000  0.000000  0.000000  1.000000  0.000000  0.000000  
130.199617 -0.005819  0.083914  0.001815  0.984399  0.175944  0.001388  -0.175922  0.984080  0.025255  0.003077  -0.025106  0.999680  -0.002530  -0.001591  0.000412  0.000000  0.000000  0.000000  2.000000  1.000000  0.000000  0.000000  0.000000  1.000000  0.000000  0.000000  0.000000  1.000000  0.999994  0.003043  0.001816  -0.003045  0.999995  0.000616  -0.001814  -0.000621  0.999998  1.000000  0.000000  0.000000  0.000000  1.000000  0.000000  0.000000  0.000000  1.000000  1.000000  0.000000  0.000000  0.000000  1.000000  0.000000  0.000000  0.000000  1.000000  0.000000  0.000000  
130.200866 -0.005824  0.083910  0.001816  0.984108  0.177567  0.001320  -0.177543  0.983785  0.025396  0.003211  -0.025227  0.999677  -0.002837  -0.001914  0.000431  0.000000  0.000000  0.000000  2.000000  1.000000  0.000000  0.000000  0.000000  1.000000  0.000000  0.000000  0.000000  1.000000  0.999987  0.004902  0.001596  -0.004903  0.999988  0.000743  -0.001592  -0.000751  0.999998  1.000000  0.000000  0.000000  0.000000  1.000000  0.000000  0.000000  0.000000  1.000000  1.000000  0.000000  0.000000  0.000000  1.000000  0.000000  0.000000  0.000000  1.000000  0.000000  0.000000  
130.201867 -0.005829  0.083907  0.001815  0.983851  0.178985  0.001378  -0.178961  0.983525  0.025514  0.003211  -0.025348  0.999674  -0.003124  -0.002201  0.000367  0.000000  0.000000  0.000000  2.000000  1.000000  0.000078  0.000294  -0.000078  1.000000  0.000039  -0.000294  -0.000039  1.000000  0.999979  0.006346  0.001499  -0.006347  0.999979  0.000869  -0.001494  -0.000879  0.999998  1.000000  0.000023  0.000078  -0.000023  1.000000  0.000011  -0.000078  -0.000011  1.000000  1.000000  0.000078  0.000294  -0.000078  1.000000  0.000039  -0.000294  -0.000039  1.000000  0.000000  0.006579  
130.203116 -0.005836  0.083902  0.001815  0.983593  0.180395  0.001700  -0.180379  0.983264  0.025583  0.002944  -0.025470  0.999671  -0.003498  -0.002547  0.000337  0.033516  -0.081953  0.219428  2.000000  1.000000  0.000223  0.000752  -0.000223  1.000000  0.000095  -0.000752  -0.000096  1.000000  0.999965  0.008191  0.001815  -0.008193  0.999966  0.000994  -0.001807  -0.001009  0.999998  1.000000  0.000032  0.000100  -0.000032  1.000000  0.000013  -0.000100  -0.000013  1.000000  1.000000  0.000223  0.000752  -0.000223  1.000000  0.000095  -0.000752  -0.000096  1.000000  0.000058  0.008449  
130.204368 -0.005841  0.083898  0.001816  0.983257  0.182213  0.001901  -0.182201  0.982926  0.025674  0.002810  -0.025591  0.999669  -0.003812  -0.002887  0.000396  0.037849  -0.088177  0.288424  2.000000  0.999999  0.000421  0.001315  -0.000421  1.000000  0.000161  -0.001315  -0.000162  0.999999  0.999946  0.010249  0.001869  -0.010251  0.999947  0.001241  -0.001856  -0.001260  0.999997  1.000000  0.000044  0.000123  -0.000044  1.000000  0.000016  -0.000123  -0.000016  1.000000  0.999999  0.000421  0.001315  -0.000421  1.000000  0.000161  -0.001315  -0.000162  0.999999  0.000073  0.010493  
130.205643 -0.005847  0.083894  0.001817  0.982918  0.184030  0.002102  -0.184023  0.982584  0.025765  0.002676  -0.025712  0.999666  -0.004120  -0.003248  0.000467  0.042121  -0.089860  0.357291  2.000000  0.999998  0.000677  0.001999  -0.000677  1.000000  0.000239  -0.001999  -0.000240  0.999998  0.999920  0.012512  0.001927  -0.012515  0.999921  0.001245  -0.001911  -0.001269  0.999997  1.000000  0.000057  0.000147  -0.000057  1.000000  0.000016  -0.000147  -0.000016  1.000000  0.999998  0.000677  0.001999  -0.000677  1.000000  0.000239  -0.001999  -0.000240  0.999998  0.000089  0.012722  
130.206870 -0.005854  0.083886  0.001818  0.982576  0.185850  0.002150  -0.185844  0.982242  0.025761  0.002676  -0.025712  0.999666  -0.004439  -0.003713  0.000524  0.042420  -0.087348  0.433761  2.000000  0.999996  0.000937  0.002642  -0.000938  1.000000  0.000308  -0.002642  -0.000310  0.999996  0.999892  0.014574  0.001847  -0.014576  0.999893  0.001371  -0.001827  -0.001397  0.999997  1.000000  0.000071  0.000169  -0.000071  1.000000  0.000017  -0.000169  -0.000017  1.000000  0.999996  0.000937  0.002642  -0.000938  1.000000  0.000308  -0.002642  -0.000310  0.999996  0.000106  0.014756  
130.208123 -0.005862  0.083877  0.001818  0.982230  0.187670  0.002220  -0.187664  0.981892  0.025876  0.002676  -0.025833  0.999663  -0.004594  -0.004049  0.000544  0.046761  -0.089117  0.502926  2.000000  0.999993  0.001334  0.003560  -0.001335  0.999999  0.000399  -0.003560  -0.000404  0.999994  0.999860  0.016635  0.001769  -0.016637  0.999860  0.001497  -0.001744  -0.001526  0.999997  1.000000  0.000085  0.000191  -0.000085  1.000000  0.000019  -0.000191  -0.000019  1.000000  0.999993  0.001334  0.003560  -0.001335  0.999999  0.000399  -0.003560  -0.000404  0.999994  0.000125  0.016797  
130.209370 -0.005868  0.083867  0.001819  0.981880  0.189488  0.002291  -0.189483  0.981540  0.025991  0.002676  -0.025955  0.999660  -0.004715  -0.004419  0.000640  0.051055  -0.086387  0.572117  2.000000  0.999988  0.001799  0.004587  -0.001802  0.999998  0.000497  -0.004586  -0.000505  0.999989  0.999824  0.018695  0.001690  -0.018698  0.999824  0.001622  -0.001660  -0.001654  0.999997  1.000000  0.000099  0.000213  -0.000099  1.000000  0.000020  -0.000213  -0.000020  1.000000  0.999988  0.001799  0.004587  -0.001802  0.999998  0.000497  -0.004586  -0.000505  0.999989  0.000142  0.018844  
130.210397 -0.005872  0.083860  0.001821  0.981645  0.190700  0.002347  -0.190696  0.981302  0.026108  0.002676  -0.026076  0.999656  -0.004766  -0.004639  0.000759  0.055222  -0.083079  0.620085  2.000000  0.999983  0.002220  0.005483  -0.002223  0.999997  0.000582  -0.005482  -0.000594  0.999985  0.999792  0.020345  0.001602  -0.020348  0.999791  0.001747  -0.001566  -0.001780  0.999997  1.000000  0.000110  0.000230  -0.000110  1.000000  0.000022  -0.000230  -0.000022  1.000000  0.999983  0.002220  0.005483  -0.002223  0.999997  0.000582  -0.005482  -0.000594  0.999985  0.000155  0.020485  
130.211620 -0.005876  0.083849  0.001823  0.981290  0.192518  0.002442  -0.192515  0.980941  0.026341  0.002676  -0.026318  0.999650  -0.004686  -0.005050  0.000834  0.063629  -0.080490  0.689884  2.000000  0.999976  0.002690  0.006458  -0.002695  0.999996  0.000674  -0.006456  -0.000691  0.999979  0.999752  0.022200  0.001522  -0.022203  0.999752  0.001994  -0.001477  -0.002027  0.999997  1.000000  0.000123  0.000250  -0.000123  1.000000  0.000025  -0.000250  -0.000025  1.000000  0.999976  0.002690  0.006458  -0.002695  0.999996  0.000674  -0.006456  -0.000691  0.999979  0.000171  0.022344  
130.212870 -0.005878  0.083837  0.001825  0.980932  0.194331  0.002645  -0.194332  0.980580  0.026429  0.002542  -0.026440  0.999647  -0.004427  -0.005527  0.000814  0.067885  -0.082481  0.766051  2.000000  0.999964  0.003334  0.007777  -0.003341  0.999994  0.000796  -0.007774  -0.000822  0.999969  0.999709  0.024051  0.001574  -0.024054  0.999709  0.001994  -0.001525  -0.002032  0.999997  1.000000  0.000134  0.000270  -0.000134  1.000000  0.000025  -0.000270  -0.000025  1.000000  0.999964  0.003334  0.007777  -0.003341  0.999994  0.000796  -0.007774  -0.000822  0.999969  0.000188  0.024189  
130.214115 -0.005878  0.083824  0.001826  0.980571  0.196143  0.002873  -0.196150  0.980212  0.026636  0.002408  -0.026682  0.999641  -0.004099  -0.006133  0.000731  0.080300  -0.088792  0.835123  2.000000  0.999950  0.004022  0.009160  -0.004031  0.999991  0.000923  -0.009156  -0.000959  0.999958  0.999684  0.025083  0.001470  -0.025086  0.999683  0.002118  -0.001417  -0.002154  0.999997  1.000000  0.000141  0.000281  -0.000141  1.000000  0.000027  -0.000281  -0.000027  1.000000  0.999950  0.004022  0.009160  -0.004031  0.999991  0.000923  -0.009156  -0.000959  0.999958  0.000209  0.025220  
130.215366 -0.005877  0.083811  0.001826  0.980247  0.197757  0.002941  -0.197764  0.979885  0.026750  0.002408  -0.026803  0.999638  -0.003673  -0.006750  0.000650  0.084547  -0.086113  0.904347  2.000000  0.999936  0.004597  0.010307  -0.004607  0.999989  0.001029  -0.010302  -0.001076  0.999946  0.999663  0.025906  0.001499  -0.025909  0.999662  0.002237  -0.001440  -0.002275  0.999996  1.000000  0.000146  0.000290  -0.000146  1.000000  0.000028  -0.000290  -0.000028  1.000000  0.999936  0.004597  0.010307  -0.004607  0.999989  0.001029  -0.010302  -0.001076  0.999946  0.000226  0.026050  
130.216448 -0.005877  0.083801  0.001826  0.980002  0.198967  0.002974  -0.198975  0.979639  0.026747  0.002408  -0.026803  0.999638  -0.003295  -0.007196  0.000699  0.084428  -0.082645  0.950433  2.000000  0.999921  0.005193  0.011470  -0.005207  0.999986  0.001134  -0.011464  -0.001194  0.999934  0.999653  0.026325  0.001242  -0.026327  0.999651  0.002116  -0.001186  -0.002148  0.999997  1.000000  0.000151  0.000293  -0.000151  1.000000  0.000027  -0.000293  -0.000027  1.000000  0.999921  0.005193  0.011470  -0.005207  0.999986  0.001134  -0.011464  -0.001194  0.999934  0.000237  0.026443  
130.217616 -0.005875  0.083787  0.001826  0.979755  0.200177  0.003031  -0.200185  0.979390  0.026862  0.002408  -0.026925  0.999635  -0.002747  -0.007880  0.000782  0.088827  -0.079677  1.001575  2.000000  0.999903  0.005814  0.012661  -0.005830  0.999982  0.001239  -0.012654  -0.001313  0.999919  0.999631  0.027151  0.001134  -0.027153  0.999629  0.002239  -0.001073  -0.002269  0.999997  1.000000  0.000158  0.000301  -0.000158  1.000000  0.000028  -0.000301  -0.000028  1.000000  0.999903  0.005814  0.012661  -0.005830  0.999982  0.001239  -0.012654  -0.001313  0.999919  0.000250  0.027271  
130.218864 -0.005874  0.083772  0.001826  0.979466  0.201588  0.003094  -0.201597  0.979097  0.026976  0.002408  -0.027046  0.999631  -0.002310  -0.008549  0.000718  0.093016  -0.076671  1.057096  2.000000  0.999877  0.006613  0.014189  -0.006633  0.999977  0.001363  -0.014179  -0.001457  0.999898  0.999614  0.027768  0.001150  -0.027770  0.999612  0.002119  -0.001091  -0.002150  0.999997  1.000000  0.000161  0.000308  -0.000161  1.000000  0.000027  -0.000308  -0.000027  1.000000  0.999877  0.006613  0.014189  -0.006633  0.999977  0.001363  -0.014179  -0.001457  0.999898  0.000264  0.027877  
130.219870 -0.005872  0.083759  0.001827  0.979216  0.202797  0.003128  -0.202807  0.978847  0.026972  0.002408  -0.027046  0.999631  -0.001909  -0.009186  0.000707  0.093096  -0.073584  1.112327  2.000000  0.999855  0.007253  0.015422  -0.007276  0.999972  0.001461  -0.015411  -0.001573  0.999880  0.999614  0.027764  0.001288  -0.027767  0.999612  0.002119  -0.001228  -0.002153  0.999997  1.000000  0.000160  0.000308  -0.000160  1.000000  0.000027  -0.000308  -0.000027  1.000000  0.999855  0.007253  0.015422  -0.007276  0.999972  0.001461  -0.015411  -0.001573  0.999880  0.000275  0.027880  
130.221119 -0.005871  0.083743  0.001828  0.978923  0.204204  0.003297  -0.204218  0.978555  0.026940  0.002275  -0.027046  0.999632  -0.001398  -0.009867  0.000718  0.093151  -0.075040  1.168174  2.000000  0.999823  0.008043  0.016981  -0.008071  0.999966  0.001577  -0.016968  -0.001713  0.999855  0.999608  0.027959  0.001694  -0.027962  0.999607  0.001994  -0.001638  -0.002040  0.999997  1.000000  0.000157  0.000313  -0.000157  1.000000  0.000025  -0.000313  -0.000025  1.000000  0.999823  0.008043  0.016981  -0.008071  0.999966  0.001577  -0.016968  -0.001713  0.999855  0.000288  0.028087  
130.222369 -0.005869  0.083727  0.001830  0.978670  0.205409  0.003437  -0.205427  0.978306  0.026790  0.002141  -0.026925  0.999635  -0.000689  -0.010385  0.000813  0.084880  -0.075559  1.188696  2.000000  0.999789  0.008814  0.018530  -0.008846  0.999959  0.001677  -0.018515  -0.001841  0.999827  0.999625  0.027339  0.001808  -0.027342  0.999625  0.001747  -0.001759  -0.001795  0.999997  1.000000  0.000152  0.000307  -0.000152  1.000000  0.000022  -0.000307  -0.000022  1.000000  0.999789  0.008814  0.018530  -0.008846  0.999959  0.001677  -0.018515  -0.001841  0.999827  0.000298  0.027459  
130.223620 -0.005868  0.083711  0.001832  0.978416  0.206614  0.003601  -0.206636  0.978052  0.026758  0.002007  -0.026925  0.999635  -0.000166  -0.010891  0.000854  0.084055  -0.075285  1.192555  2.000000  0.999760  0.009421  0.019764  -0.009457  0.999954  0.001749  -0.019746  -0.001935  0.999803  0.999625  0.027339  0.001808  -0.027341  0.999625  0.001622  -0.001763  -0.001671  0.999997  1.000000  0.000152  0.000307  -0.000152  1.000000  0.000021  -0.000307  -0.000021  1.000000  0.999760  0.009421  0.019764  -0.009457  0.999954  0.001749  -0.019746  -0.001935  0.999803  0.000300  0.027451  
130.224873 -0.005867  0.083693  0.001832  0.978203  0.207618  0.003734  -0.207643  0.977843  0.026608  0.001873  -0.026803  0.999639  0.000309  -0.011377  0.000763  0.076259  -0.066740  1.195742  2.000000  0.999722  0.010170  0.021286  -0.010212  0.999946  0.001827  -0.021266  -0.002044  0.999772  0.999636  0.026927  0.001793  -0.026930  0.999636  0.001375  -0.001756  -0.001423  0.999997  1.000000  0.000149  0.000303  -0.000149  1.000000  0.000017  -0.000303  -0.000018  1.000000  0.999722  0.010170  0.021286  -0.010212  0.999946  0.001827  -0.021266  -0.002044  0.999772  0.000299  0.027027  
130.226118 -0.005866  0.083675  0.001834  0.977989  0.208621  0.003892  -0.208650  0.977629  0.026576  0.001739  -0.026803  0.999639  0.000538  -0.011880  0.000743  0.071479  -0.066795  1.206522  2.000000  0.999681  0.010904  0.022767  -0.010950  0.999938  0.001893  -0.022745  -0.002141  0.999739  0.999658  0.026108  0.001638  -0.026110  0.999658  0.001249  -0.001604  -0.001292  0.999998  1.000000  0.000146  0.000293  -0.000146  1.000000  0.000016  -0.000293  -0.000016  1.000000  0.999681  0.010904  0.022767  -0.010950  0.999938  0.001893  -0.022745  -0.002141  0.999739  0.000303  0.026193  
130.227369 -0.005866  0.083656  0.001834  0.977774  0.209623  0.004050  -0.209656  0.977415  0.026544  0.001606  -0.026803  0.999639  0.000765  -0.012361  0.000664  0.068501  -0.072541  1.226935  2.000000  0.999640  0.011606  0.024194  -0.011657  0.999930  0.001951  -0.024170  -0.002233  0.999705  0.999689  0.024870  0.001738  -0.024872  0.999690  0.001123  -0.001710  -0.001166  0.999998  1.000000  0.000137  0.000280  -0.000137  1.000000  0.000014  -0.000280  -0.000014  1.000000  0.999640  0.011606  0.024194  -0.011657  0.999930  0.001951  -0.024170  -0.002233  0.999705  0.000304  0.024960  
130.228624 -0.005866  0.083637  0.001835  0.977601  0.210428  0.004072  -0.210461  0.977242  0.026541  0.001606  -0.026803  0.999639  0.000864  -0.012844  0.000622  0.063888  -0.076290  1.209088  2.000000  0.999598  0.012270  0.025561  -0.012325  0.999922  0.002002  -0.025534  -0.002316  0.999671  0.999714  0.023841  0.001710  -0.023843  0.999715  0.001001  -0.001686  -0.001042  0.999998  1.000000  0.000131  0.000269  -0.000131  1.000000  0.000013  -0.000269  -0.000013  1.000000  0.999598  0.012270  0.025561  -0.012325  0.999922  0.002002  -0.025534  -0.002316  0.999671  0.000305  0.023927  
130.229867 -0.005866  0.083618  0.001835  0.977427  0.211233  0.004068  -0.211266  0.977071  0.026419  0.001606  -0.026682  0.999643  0.000828  -0.013213  0.000647  0.055864  -0.084764  1.188423  2.000000  0.999556  0.012900  0.026866  -0.012960  0.999914  0.002044  -0.026838  -0.002392  0.999637  0.999743  0.022607  0.001675  -0.022608  0.999744  0.000757  -0.001657  -0.000795  0.999998  1.000000  0.000123  0.000255  -0.000123  1.000000  0.000010  -0.000255  -0.000010  1.000000  0.999556  0.012900  0.026866  -0.012960  0.999914  0.002044  -0.026838  -0.002392  0.999637  0.000298  0.022684  
130.231122 -0.005866  0.083599  0.001837  0.977297  0.211833  0.004215  -0.211870  0.976942  0.026388  0.001472  -0.026682  0.999643  0.000715  -0.013755  0.000768  0.051601  -0.088238  1.146588  2.000000  0.999522  0.013383  0.027877  -0.013446  0.999907  0.002067  -0.027847  -0.002441  0.999609  0.999757  0.021986  0.001792  -0.021988  0.999758  0.000632  -0.001777  -0.000672  0.999998  1.000000  0.000118  0.000249  -0.000118  1.000000  0.000008  -0.000249  -0.000008  1.000000  0.999522  0.013383  0.027877  -0.013446  0.999907  0.002067  -0.027847  -0.002441  0.999609  0.000291  0.022071  
130.232367 -0.005868  0.083579  0.001838  0.977122  0.212638  0.004211  -0.212675  0.976770  0.026266  0.001472  -0.026561  0.999646  0.000473  -0.014107  0.000831  0.042995  -0.082719  1.123823  2.000000  0.999480  0.013950  0.029082  -0.014017  0.999900  0.002083  -0.029050  -0.002490  0.999575  0.999783  0.020752  0.001756  -0.020753  0.999785  0.000267  -0.001750  -0.000304  0.999998  1.000000  0.000111  0.000236  -0.000111  1.000000  0.000004  -0.000236  -0.000004  1.000000  0.999480  0.013950  0.029082  -0.014017  0.999900  0.002083  -0.029050  -0.002490  0.999575  0.000284  0.020830  
130.233367 -0.005871  0.083561  0.001839  0.976991  0.213238  0.004332  -0.213278  0.976642  0.026117  0.001338  -0.026440  0.999650  0.000225  -0.014483  0.000854  0.034984  -0.082680  1.105385  2.000000  0.999446  0.014381  0.029999  -0.014450  0.999893  0.002083  -0.029966  -0.002515  0.999548  0.999800  0.019929  0.001734  -0.019929  0.999801  0.000143  -0.001731  -0.000177  0.999998  1.000000  0.000106  0.000227  -0.000106  1.000000  0.000002  -0.000227  -0.000002  1.000000  0.999446  0.014381  0.029999  -0.014450  0.999893  0.002083  -0.029966  -0.002515  0.999548  0.000278  0.020006  
130.234371 -0.005874  0.083542  0.001839  0.976903  0.213638  0.004448  -0.213681  0.976558  0.025968  0.001204  -0.026318  0.999653  -0.000139  -0.014931  0.000800  0.026540  -0.077285  1.070890  2.000000  0.999414  0.014788  0.030875  -0.014859  0.999887  0.002069  -0.030841  -0.002526  0.999521  0.999820  0.018900  0.001705  -0.018900  0.999821  -0.000101  -0.001706  0.000068  0.999999  1.000000  0.000100  0.000215  -0.000100  1.000000  -0.000001  -0.000215  0.000001  1.000000  0.999414  0.014788  0.030875  -0.014859  0.999887  0.002069  -0.030841  -0.002526  0.999521  0.000270  0.018979  
130.235616 -0.005879  0.083519  0.001838  0.976771  0.214238  0.004568  -0.214284  0.976430  0.025818  0.001070  -0.026197  0.999656  -0.000560  -0.015367  0.000651  0.018116  -0.080287  1.028554  2.000000  0.999375  0.015254  0.031901  -0.015326  0.999880  0.002033  -0.031866  -0.002520  0.999489  0.999846  0.017457  0.001796  -0.017456  0.999848  -0.000470  -0.001804  0.000439  0.999998  1.000000  0.000090  0.000200  -0.000090  1.000000  -0.000006  -0.000200  0.000006  1.000000  0.999375  0.015254  0.031901  -0.015326  0.999880  0.002033  -0.031866  -0.002520  0.999489  0.000261  0.017556  
130.236618 -0.005884  0.083500  0.001836  0.976638  0.214839  0.004663  -0.214887  0.976305  0.025550  0.000937  -0.025955  0.999663  -0.000978  -0.015795  0.000479  0.009954  -0.084191  0.994704  2.000000  0.999344  0.015597  0.032675  -0.015670  0.999875  0.001987  -0.032640  -0.002498  0.999464  0.999860  0.016631  0.001906  -0.016629  0.999861  -0.000716  -0.001918  0.000684  0.999998  1.000000  0.000083  0.000192  -0.000083  1.000000  -0.000009  -0.000192  0.000009  1.000000  0.999344  0.015597  0.032675  -0.015670  0.999875  0.001987  -0.032640  -0.002498  0.999464  0.000253  0.016755  
130.237871 -0.005891  0.083477  0.001835  0.976506  0.215439  0.004783  -0.215490  0.976176  0.025399  0.000803  -0.025833  0.999666  -0.001490  -0.016233  0.000318  0.001661  -0.087615  0.953086  2.000000  0.999307  0.015999  0.033604  -0.016072  0.999869  0.001914  -0.033569  -0.002452  0.999433  0.999877  0.015602  0.001876  -0.015600  0.999878  -0.001080  -0.001892  0.001051  0.999998  1.000000  0.000077  0.000181  -0.000077  1.000000  -0.000013  -0.000181  0.000013  1.000000  0.999307  0.015999  0.033604  -0.016072  0.999869  0.001914  -0.033569  -0.002452  0.999433  0.000241  0.015751  
130.239116 -0.005898  0.083453  0.001833  0.976372  0.216043  0.004746  -0.216093  0.976048  0.025160  0.000803  -0.025591  0.999672  -0.002050  -0.016725  0.000090  -0.010530  -0.086121  0.917712  2.000000  0.999278  0.016301  0.034324  -0.016374  0.999864  0.001842  -0.034289  -0.002403  0.999409  0.999880  0.015394  0.002000  -0.015391  0.999881  -0.001325  -0.002020  0.001294  0.999997  1.000000  0.000074  0.000179  -0.000074  1.000000  -0.000016  -0.000179  0.000016  1.000000  0.999278  0.016301  0.034324  -0.016374  0.999864  0.001842  -0.034289  -0.002403  0.999409  0.000232  0.015579  
130.240117 -0.005904  0.083434  0.001831  0.976239  0.216643  0.004866  -0.216696  0.975919  0.025009  0.000669  -0.025470  0.999675  -0.002500  -0.017101  -0.000086  -0.018911  -0.090534  0.891551  2.000000  0.999249  0.016588  0.035014  -0.016659  0.999860  0.001758  -0.034980  -0.002340  0.999385  0.999892  0.014571  0.001977  -0.014568  0.999893  -0.001568  -0.002000  0.001539  0.999997  1.000000  0.000070  0.000170  -0.000070  1.000000  -0.000019  -0.000170  0.000019  1.000000  0.999249  0.016588  0.035014  -0.016659  0.999860  0.001758  -0.034980  -0.002340  0.999385  0.000224  0.014787  
130.241121 -0.005911  0.083415  0.001830  0.976150  0.217046  0.004824  -0.217098  0.975835  0.024771  0.000669  -0.025227  0.999682  -0.003030  -0.017381  -0.000277  -0.035251  -0.089535  0.855907  2.000000  0.999221  0.016851  0.035675  -0.016922  0.999855  0.001664  -0.035642  -0.002267  0.999362  0.999903  0.013744  0.002089  -0.013741  0.999904  -0.001691  -0.002112  0.001662  0.999996  1.000000  0.000063  0.000162  -0.000063  1.000000  -0.000021  -0.000162  0.000021  1.000000  0.999221  0.016851  0.035675  -0.016922  0.999855  0.001664  -0.035642  -0.002267  0.999362  0.000217  0.014003  
130.242124 -0.005918  0.083396  0.001827  0.976060  0.217448  0.004808  -0.217500  0.975749  0.024650  0.000669  -0.025106  0.999685  -0.003501  -0.017638  -0.000501  -0.043519  -0.084151  0.821468  2.000000  0.999195  0.017103  0.036300  -0.017171  0.999851  0.001564  -0.036267  -0.002186  0.999340  0.999915  0.012925  0.001931  -0.012922  0.999915  -0.001813  -0.001954  0.001788  0.999996  1.000000  0.000060  0.000152  -0.000060  1.000000  -0.000023  -0.000152  0.000022  1.000000  0.999195  0.017103  0.036300  -0.017171  0.999851  0.001564  -0.036267  -0.002186  0.999340  0.000208  0.013192  
130.243366 -0.005927  0.083372  0.001824  0.975926  0.218048  0.004927  -0.218103  0.975618  0.024500  0.000535  -0.024985  0.999688  -0.004119  -0.017918  -0.000706  -0.051809  -0.087411  0.773050  2.000000  0.999162  0.017395  0.037040  -0.017460  0.999847  0.001435  -0.037009  -0.002081  0.999313  0.999925  0.012102  0.001909  -0.012098  0.999925  -0.001936  -0.001932  0.001913  0.999996  1.000000  0.000055  0.000143  -0.000055  1.000000  -0.000024  -0.000143  0.000024  1.000000  0.999162  0.017395  0.037040  -0.017460  0.999847  0.001435  -0.037009  -0.002081  0.999313  0.000198  0.012402  
130.244371 -0.005936  0.083353  0.001822  0.975836  0.218447  0.005041  -0.218505  0.975532  0.024350  0.000401  -0.024863  0.999691  -0.004734  -0.018208  -0.000919  -0.060112  -0.086515  0.738419  2.000000  0.999138  0.017616  0.037599  -0.017678  0.999843  0.001325  -0.037570  -0.001988  0.999292  0.999930  0.011691  0.001897  -0.011687  0.999930  -0.002059  -0.001921  0.002037  0.999996  1.000000  0.000052  0.000138  -0.000052  1.000000  -0.000026  -0.000138  0.000026  1.000000  0.999138  0.017616  0.037599  -0.017678  0.999843  0.001325  -0.037570  -0.001988  0.999292  0.000186  0.012020  
130.245374 -0.005943  0.083334  0.001820  0.975701  0.219048  0.005134  -0.219108  0.975404  0.024081  0.000268  -0.024621  0.999697  -0.005228  -0.018476  -0.001072  -0.072417  -0.090429  0.717530  2.000000  0.999113  0.017831  0.038144  -0.017890  0.999839  0.001212  -0.038116  -0.001894  0.999272  0.999932  0.011485  0.001890  -0.011481  0.999932  -0.002061  -0.001914  0.002039  0.999996  1.000000  0.000051  0.000136  -0.000051  1.000000  -0.000026  -0.000136  0.000026  1.000000  0.999113  0.017831  0.038144  -0.017890  0.999839  0.001212  -0.038116  -0.001894  0.999272  0.000183  0.011819  
130.246684 -0.005954  0.083309  0.001818  0.975565  0.219647  0.005252  -0.219710  0.975272  0.023930  0.000134  -0.024500  0.999700  -0.005832  -0.018748  -0.001307  -0.080469  -0.094184  0.695135  2.000000  0.999089  0.018040  0.038680  -0.018096  0.999836  0.001091  -0.038654  -0.001790  0.999251  0.999935  0.011280  0.001883  -0.011276  0.999934  -0.002305  -0.001908  0.002283  0.999996  1.000000  0.000050  0.000134  -0.000050  1.000000  -0.000029  -0.000134  0.000029  1.000000  0.999089  0.018040  0.038680  -0.018096  0.999836  0.001091  -0.038654  -0.001790  0.999251  0.000178  0.011664  
130.247867 -0.005965  0.083284  0.001815  0.975475  0.220047  0.005339  -0.220112  0.975188  0.023662  0.000000  -0.024257  0.999706  -0.006480  -0.019136  -0.001606  -0.088139  -0.097461  0.670240  2.000000  0.999065  0.018242  0.039208  -0.018294  0.999832  0.000961  -0.039184  -0.001677  0.999231  0.999937  0.011075  0.001875  -0.011070  0.999935  -0.002549  -0.001903  0.002528  0.999995  1.000000  0.000049  0.000132  -0.000049  1.000000  -0.000032  -0.000132  0.000032  1.000000  0.999065  0.018242  0.039208  -0.018294  0.999832  0.000961  -0.039184  -0.001677  0.999231  0.000172  0.011516  
130.249117 -0.005978  0.083258  0.001812  0.975339  0.220651  0.005300  -0.220714  0.975057  0.023422  0.000000  -0.024014  0.999712  -0.007008  -0.019279  -0.001828  -0.101156  -0.097175  0.634343  2.000000  0.999035  0.018481  0.039843  -0.018527  0.999828  0.000783  -0.039821  -0.001520  0.999206  0.999944  0.010458  0.001857  -0.010452  0.999941  -0.002791  -0.001886  0.002772  0.999994  1.000000  0.000045  0.000125  -0.000045  1.000000  -0.000035  -0.000125  0.000035  1.000000  0.999035  0.018481  0.039843  -0.018527  0.999828  0.000783  -0.039821  -0.001520  0.999206  0.000164  0.010980  
130.250373 -0.005990  0.083232  0.001807  0.975248  0.221050  0.005387  -0.221116  0.974973  0.023154  -0.000134  -0.023772  0.999717  -0.007506  -0.019454  -0.002056  -0.109413  -0.096201  0.599657  2.000000  0.999006  0.018707  0.040464  -0.018746  0.999824  0.000593  -0.040446  -0.001351  0.999181  0.999943  0.010455  0.001990  -0.010449  0.999941  -0.002914  -0.002020  0.002893  0.999994  1.000000  0.000044  0.000126  -0.000044  1.000000  -0.000036  -0.000126  0.000036  1.000000  0.999006  0.018707  0.040464  -0.018746  0.999824  0.000593  -0.040446  -0.001351  0.999181  0.000156  0.011031  
130.251616 -0.006002  0.083206  0.001803  0.975111  0.221650  0.005478  -0.221718  0.974842  0.022885  -0.000268  -0.023529  0.999723  -0.007832  -0.019609  -0.002202  -0.112650  -0.099270  0.574223  2.000000  0.998977  0.018921  0.041071  -0.018953  0.999820  0.000395  -0.041056  -0.001173  0.999156  0.999948  0.010044  0.001977  -0.010038  0.999945  -0.003036  -0.002008  0.003016  0.999993  1.000000  0.000041  0.000121  -0.000041  1.000000  -0.000038  -0.000121  0.000038  1.000000  0.998977  0.018921  0.041071  -0.018953  0.999820  0.000395  -0.041056  -0.001173  0.999156  0.000148  0.010675  
130.252616 -0.006011  0.083185  0.001801  0.975019  0.222049  0.005591  -0.222119  0.974754  0.022734  -0.000401  -0.023408  0.999726  -0.008137  -0.019772  -0.002349  -0.117786  -0.099381  0.551422  2.000000  0.998954  0.019085  0.041550  -0.019111  0.999817  0.000227  -0.041538  -0.001021  0.999136  0.999949  0.009835  0.002104  -0.009828  0.999946  -0.003280  -0.002136  0.003259  0.999992  1.000000  0.000039  0.000120  -0.000038  1.000000  -0.000041  -0.000120  0.000041  1.000000  0.998954  0.019085  0.041550  -0.019111  0.999817  0.000227  -0.041538  -0.001021  0.999136  0.000145  0.010576  
130.253616 -0.006019  0.083164  0.001797  0.974928  0.222449  0.005676  -0.222521  0.974669  0.022466  -0.000535  -0.023166  0.999731  -0.008272  -0.019876  -0.002480  -0.124951  -0.098299  0.539891  2.000000  0.998931  0.019241  0.042022  -0.019260  0.999815  0.000056  -0.042013  -0.000865  0.999117  0.999951  0.009630  0.002098  -0.009623  0.999948  -0.003281  -0.002129  0.003261  0.999992  1.000000  0.000037  0.000117  -0.000037  1.000000  -0.000041  -0.000117  0.000041  1.000000  0.998931  0.019241  0.042022  -0.019260  0.999815  0.000056  -0.042013  -0.000865  0.999117  0.000140  0.010384  
130.254622 -0.006027  0.083144  0.001794  0.974836  0.222845  0.005919  -0.222922  0.974581  0.022286  -0.000803  -0.023044  0.999734  -0.008459  -0.019950  -0.002557  -0.126114  -0.103031  0.523537  2.000000  0.998914  0.019355  0.042373  -0.019369  0.999812  -0.000077  -0.042367  -0.000744  0.999102  0.999951  0.009627  0.002229  -0.009619  0.999948  -0.003404  -0.002262  0.003382  0.999992  1.000000  0.000036  0.000118  -0.000036  1.000000  -0.000042  -0.000118  0.000042  1.000000  0.998914  0.019355  0.042373  -0.019369  0.999812  -0.000077  -0.042367  -0.000744  0.999102  0.000137  0.010448  
130.255869 -0.006036  0.083120  0.001791  0.974744  0.223245  0.006005  -0.223324  0.974496  0.022017  -0.000937  -0.022802  0.999740  -0.008495  -0.020012  -0.002617  -0.133236  -0.101777  0.505506  2.000000  0.998886  0.019533  0.042953  -0.019539  0.999809  -0.000300  -0.042950  -0.000540  0.999077  0.999953  0.009418  0.002357  -0.009410  0.999950  -0.003406  -0.002389  0.003384  0.999991  1.000000  0.000033  0.000117  -0.000033  1.000000  -0.000042  -0.000117  0.000042  1.000000  0.998886  0.019533  0.042953  -0.019539  0.999809  -0.000300  -0.042950  -0.000540  0.999077  0.000133  0.010285  
130.257120 -0.006044  0.083096  0.001787  0.974652  0.223644  0.006117  -0.223725  0.974407  0.021866  -0.001070  -0.022681  0.999742  -0.008437  -0.020028  -0.002645  -0.138490  -0.101902  0.482018  2.000000  0.998858  0.019706  0.043521  -0.019702  0.999806  -0.000523  -0.043523  -0.000335  0.999052  0.999955  0.009213  0.002350  -0.009205  0.999952  -0.003407  -0.002382  0.003385  0.999991  1.000000  0.000032  0.000114  -0.000032  1.000000  -0.000042  -0.000114  0.000042  1.000000  0.998858  0.019706  0.043521  -0.019702  0.999806  -0.000523  -0.043523  -0.000335  0.999052  0.000129  0.010097  
130.258123 -0.006050  0.083076  0.001785  0.974606  0.223843  0.006198  -0.223926  0.974367  0.021599  -0.001204  -0.022438  0.999748  -0.008322  -0.020064  -0.002654  -0.146652  -0.105808  0.461075  2.000000  0.998836  0.019841  0.043967  -0.019829  0.999803  -0.000702  -0.043972  -0.000170  0.999033  0.999957  0.009008  0.002345  -0.009000  0.999954  -0.003408  -0.002375  0.003387  0.999991  1.000000  0.000031  0.000112  -0.000031  1.000000  -0.000042  -0.000112  0.000042  1.000000  0.998836  0.019841  0.043967  -0.019829  0.999803  -0.000702  -0.043972  -0.000170  0.999033  0.000125  0.009909  
130.259371 -0.006058  0.083051  0.001782  0.974513  0.224242  0.006310  -0.224327  0.974278  0.021448  -0.001338  -0.022317  0.999750  -0.008194  -0.020149  -0.002690  -0.146704  -0.110093  0.454125  2.000000  0.998809  0.019996  0.044509  -0.019975  0.999800  -0.000924  -0.044519  0.000034  0.999009  0.999960  0.008597  0.002333  -0.008589  0.999957  -0.003409  -0.002362  0.003388  0.999991  1.000000  0.000028  0.000108  -0.000028  1.000000  -0.000042  -0.000108  0.000042  1.000000  0.998809  0.019996  0.044509  -0.019975  0.999800  -0.000924  -0.044519  0.000034  0.999009  0.000123  0.009534  
130.260619 -0.006065  0.083025  0.001779  0.974466  0.224438  0.006548  -0.224527  0.974236  0.021268  -0.001606  -0.022196  0.999752  -0.008011  -0.020305  -0.002749  -0.150870  -0.114222  0.440183  2.000000  0.998783  0.020133  0.045033  -0.020102  0.999797  -0.001141  -0.045046  0.000234  0.998985  0.999964  0.008182  0.002457  -0.008174  0.999961  -0.003288  -0.002484  0.003268  0.999992  1.000000  0.000024  0.000104  -0.000024  1.000000  -0.000041  -0.000104  0.000041  1.000000  0.998783  0.020133  0.045033  -0.020102  0.999797  -0.001141  -0.045046  0.000234  0.998985  0.000120  0.009150  
130.261620 -0.006071  0.083005  0.001776  0.974374  0.224837  0.006660  -0.224928  0.974146  0.021117  -0.001739  -0.022074  0.999755  -0.007848  -0.020347  -0.002814  -0.154977  -0.118523  0.433166  2.000000  0.998762  0.020235  0.045438  -0.020196  0.999795  -0.001313  -0.045455  0.000394  0.998966  0.999965  0.007977  0.002451  -0.007969  0.999963  -0.003289  -0.002477  0.003269  0.999992  1.000000  0.000023  0.000102  -0.000023  1.000000  -0.000041  -0.000102  0.000041  1.000000  0.998762  0.020235  0.045438  -0.020196  0.999795  -0.001313  -0.045455  0.000394  0.998966  0.000119  0.008966  
130.262872 -0.006078  0.082980  0.001773  0.974327  0.225036  0.006740  -0.225129  0.974106  0.020850  -0.001873  -0.021832  0.999760  -0.007460  -0.020275  -0.002847  -0.159089  -0.117929  0.412388  2.000000  0.998742  0.020323  0.045841  -0.020277  0.999793  -0.001484  -0.045862  0.000552  0.998948  0.999966  0.007766  0.002712  -0.007757  0.999965  -0.003290  -0.002738  0.003269  0.999991  1.000000  0.000019  0.000101  -0.000019  1.000000  -0.000041  -0.000101  0.000041  1.000000  0.998742  0.020323  0.045841  -0.020277  0.999793  -0.001484  -0.045862  0.000552  0.998948  0.000114  0.008856  
130.264117 -0.006084  0.082955  0.001771  0.974280  0.225232  0.006977  -0.225329  0.974063  0.020670  -0.002141  -0.021710  0.999762  -0.007020  -0.020219  -0.002708  -0.155138  -0.122055  0.398594  2.000000  0.998717  0.020422  0.046336  -0.020366  0.999791  -0.001699  -0.046361  0.000753  0.998924  0.999967  0.007557  0.002841  -0.007548  0.999966  -0.003292  -0.002865  0.003270  0.999991  1.000000  0.000016  0.000100  -0.000016  1.000000  -0.000041  -0.000100  0.000041  1.000000  0.998717  0.020422  0.046336  -0.020366  0.999791  -0.001699  -0.046361  0.000753  0.998924  0.000112  0.008715  
130.265369 -0.006089  0.082930  0.001769  0.974233  0.225427  0.007215  -0.225530  0.974021  0.020490  -0.002408  -0.021589  0.999764  -0.006566  -0.020149  -0.002547  -0.155173  -0.126143  0.384573  2.000000  0.998693  0.020504  0.046811  -0.020437  0.999789  -0.001912  -0.046840  0.000953  0.998902  0.999970  0.007146  0.002831  -0.007137  0.999969  -0.003292  -0.002854  0.003272  0.999991  1.000000  0.000014  0.000095  -0.000014  1.000000  -0.000041  -0.000095  0.000041  1.000000  0.998693  0.020504  0.046811  -0.020437  0.999789  -0.001912  -0.046840  0.000953  0.998902  0.000108  0.008358  
130.266371 -0.006092  0.082910  0.001769  0.974233  0.225426  0.007290  -0.225530  0.974026  0.020223  -0.002542  -0.021347  0.999769  -0.006098  -0.020038  -0.002332  -0.155212  -0.125561  0.363859  2.000000  0.998675  0.020555  0.047173  -0.020480  0.999788  -0.002081  -0.047206  0.001112  0.998885  0.999975  0.006529  0.002817  -0.006520  0.999974  -0.003170  -0.002837  0.003152  0.999991  1.000000  0.000010  0.000088  -0.000010  1.000000  -0.000040  -0.000088  0.000040  1.000000  0.998675  0.020555  0.047173  -0.020480  0.999788  -0.002081  -0.047206  0.001112  0.998885  0.000105  0.007781  
