1-Time 2-Px 3-Py 4-Pz 5-R11 6-R21 7-R31 8-R12 9-R22 10-R32 11-R13 12-R23 13-R33 14-Vx 15-Vy 16-Vz 17-Wx 18-Wy 19-Wz 20-state 21-PR11 22-PR21 23-PR31 24-PR12 25-PR22 26-PR32 27-PR13 28-PR23 29-PR33 
118.570369 -0.007296  0.082672  0.000558  0.992344  0.097658  0.075609  -0.105195  0.989090  0.103122  -0.064713  -0.110286  0.991791  -0.000048  -0.000049  -0.000067  0.000000  0.000000  0.000000  2.000000  1.000000  0.000000  0.000000  0.000000  1.000000  0.000000  0.000000  0.000000  1.000000  1.000000  -0.000583  -0.000334  0.000583  1.000000  -0.000203  0.000334  0.000202  1.000000  1.000000  0.000000  0.000000  0.000000  1.000000  0.000000  0.000000  0.000000  1.000000  0.638361  0.714374  -0.286643  -0.704745  0.692189  0.155595  0.309564  0.102684  0.945318  0.000000  0.000000  
118.571373 -0.007297  0.082671  0.000558  0.992344  0.097658  0.075609  -0.105195  0.989090  0.103122  -0.064713  -0.110286  0.991791  -0.000074  -0.000094  -0.000074  0.000000  0.000000  0.000000  2.000000  1.000000  0.000000  0.000000  0.000000  1.000000  0.000000  0.000000  0.000000  1.000000  1.000000  -0.000379  -0.000311  0.000379  1.000000  -0.000216  0.000311  0.000216  1.000000  1.000000  0.000000  0.000000  0.000000  1.000000  0.000000  0.000000  0.000000  1.000000  1.000000  0.000000  0.000000  0.000000  1.000000  0.000000  0.000000  0.000000  1.000000  0.000000  0.000000  
118.572624 -0.007301  0.082666  0.000557  0.992270  0.098236  0.075828  -0.105807  0.989006  0.103301  -0.064847  -0.110526  0.991755  -0.000327  -0.000374  -0.000104  0.000000  0.000000  0.000000  2.000000  1.000000  0.000000  0.000000  0.000000  1.000000  0.000000  0.000000  0.000000  1.000000  1.000000  0.000015  -0.000133  -0.000015  1.000000  0.000000  0.000133  0.000000  1.000000  1.000000  0.000000  0.000000  0.000000  1.000000  0.000000  0.000000  0.000000  1.000000  1.000000  0.000000  0.000000  0.000000  1.000000  0.000000  0.000000  0.000000  1.000000  0.000000  0.000000  
118.573934 -0.007305  0.082660  0.000555  0.992179  0.098793  0.076300  -0.106417  0.988938  0.103332  -0.065247  -0.110643  0.991716  -0.000628  -0.000796  -0.000215  0.000000  0.000000  0.000000  2.000000  1.000000  0.000000  0.000000  0.000000  1.000000  0.000000  0.000000  0.000000  1.000000  1.000000  0.000802  0.000224  -0.000802  1.000000  0.000189  -0.000224  -0.000189  1.000000  1.000000  0.000000  0.000000  0.000000  1.000000  0.000000  0.000000  0.000000  1.000000  1.000000  0.000000  0.000000  0.000000  1.000000  0.000000  0.000000  0.000000  1.000000  0.000000  0.000000  
118.575118 -0.007309  0.082653  0.000554  0.992095  0.099346  0.076664  -0.107028  0.988842  0.103616  -0.065514  -0.111002  0.991658  -0.000917  -0.001316  -0.000284  0.000000  0.000000  0.000000  2.000000  1.000000  0.000000  0.000000  0.000000  1.000000  0.000000  0.000000  0.000000  1.000000  0.999999  0.001180  0.000536  -0.001181  0.999999  0.000526  -0.000535  -0.000526  1.000000  1.000000  0.000000  0.000000  0.000000  1.000000  0.000000  0.000000  0.000000  1.000000  1.000000  0.000000  0.000000  0.000000  1.000000  0.000000  0.000000  0.000000  1.000000  0.000000  0.000000  
118.576119 -0.007313  0.082647  0.000554  0.992064  0.099517  0.076841  -0.107231  0.988798  0.103826  -0.065648  -0.111242  0.991623  -0.001168  -0.001714  -0.000318  0.000000  0.000000  0.000000  2.000000  1.000000  0.000000  0.000000  0.000000  1.000000  0.000000  0.000000  0.000000  1.000000  0.999998  0.001544  0.000981  -0.001544  0.999999  0.000741  -0.000980  -0.000742  0.999999  1.000000  0.000000  0.000000  0.000000  1.000000  0.000000  0.000000  0.000000  1.000000  1.000000  0.000000  0.000000  0.000000  1.000000  0.000000  0.000000  0.000000  1.000000  0.000000  0.000000  
118.577124 -0.007318  0.082640  0.000553  0.992020  0.099896  0.076920  -0.107639  0.988719  0.104154  -0.065648  -0.111603  0.991582  -0.001491  -0.002174  -0.000348  0.000000  0.000000  0.000000  2.000000  1.000000  0.000000  0.000000  0.000000  1.000000  0.000000  0.000000  0.000000  1.000000  0.999998  0.001748  0.001004  -0.001749  0.999998  0.000970  -0.001003  -0.000972  0.999999  1.000000  0.000000  0.000000  0.000000  1.000000  0.000000  0.000000  0.000000  1.000000  1.000000  0.000000  0.000000  0.000000  1.000000  0.000000  0.000000  0.000000  1.000000  0.000000  0.000000  
118.578369 -0.007325  0.082632  0.000554  0.991962  0.100493  0.076889  -0.108253  0.988618  0.104481  -0.065514  -0.111964  0.991550  -0.001943  -0.002708  -0.000332  0.000000  0.000000  0.000000  2.000000  1.000000  0.000000  0.000000  0.000000  1.000000  0.000000  0.000000  0.000000  1.000000  0.999997  0.002375  0.000941  -0.002376  0.999996  0.001293  -0.000938  -0.001296  0.999999  1.000000  0.000000  0.000000  0.000000  1.000000  0.000000  0.000000  0.000000  1.000000  1.000000  0.000000  0.000000  0.000000  1.000000  0.000000  0.000000  0.000000  1.000000  0.000000  0.000000  
118.579370 -0.007329  0.082626  0.000554  0.991873  0.101289  0.077000  -0.109070  0.988509  0.104657  -0.065514  -0.112205  0.991523  -0.002272  -0.003090  -0.000306  0.000000  0.000000  0.000000  2.000000  1.000000  0.000000  0.000000  0.000000  1.000000  0.000000  0.000000  0.000000  1.000000  0.999994  0.003395  0.001057  -0.003397  0.999993  0.001590  -0.001052  -0.001593  0.999998  1.000000  0.000000  0.000000  0.000000  1.000000  0.000000  0.000000  0.000000  1.000000  1.000000  0.000000  0.000000  0.000000  1.000000  0.000000  0.000000  0.000000  1.000000  0.000000  0.000000  
118.580619 -0.007336  0.082619  0.000554  0.991774  0.102060  0.077255  -0.109886  0.988389  0.104939  -0.065648  -0.112565  0.991473  -0.002689  -0.003561  -0.000323  0.000000  0.000000  0.000000  2.000000  1.000000  0.000000  0.000000  0.000000  1.000000  0.000000  0.000000  0.000000  1.000000  0.999990  0.004211  0.001151  -0.004213  0.999989  0.001899  -0.001143  -0.001904  0.999998  1.000000  0.000000  0.000000  0.000000  1.000000  0.000000  0.000000  0.000000  1.000000  1.000000  0.000000  0.000000  0.000000  1.000000  0.000000  0.000000  0.000000  1.000000  0.000000  0.000000  
118.581623 -0.007340  0.082613  0.000554  0.991674  0.102840  0.077498  -0.110701  0.988281  0.105100  -0.065781  -0.112804  0.991437  -0.002998  -0.003970  -0.000316  0.000000  0.000000  0.000000  2.000000  1.000000  0.000016  0.000063  -0.000016  1.000000  0.000026  -0.000063  -0.000026  1.000000  0.999986  0.005012  0.001377  -0.005015  0.999985  0.002087  -0.001367  -0.002094  0.999997  1.000000  0.000016  0.000063  -0.000016  1.000000  0.000026  -0.000063  -0.000026  1.000000  1.000000  0.000016  0.000063  -0.000016  1.000000  0.000026  -0.000063  -0.000026  1.000000  0.000000  0.005603  
118.582869 -0.007346  0.082607  0.000555  0.991542  0.103808  0.077895  -0.111720  0.988152  0.105230  -0.066048  -0.113043  0.991392  -0.003373  -0.004433  -0.000215  0.071999  -0.058942  0.201762  2.000000  1.000000  0.000102  0.000418  -0.000102  1.000000  0.000163  -0.000418  -0.000163  1.000000  0.999980  0.006002  0.001760  -0.006006  0.999979  0.002259  -0.001747  -0.002270  0.999996  1.000000  0.000019  0.000076  -0.000019  1.000000  0.000028  -0.000076  -0.000028  1.000000  1.000000  0.000102  0.000418  -0.000102  1.000000  0.000163  -0.000418  -0.000163  1.000000  0.000054  0.006653  
118.584119 -0.007351  0.082599  0.000559  0.991409  0.104776  0.078292  -0.112739  0.988023  0.105360  -0.066315  -0.113281  0.991347  -0.003700  -0.004909  0.000016  0.081949  -0.071776  0.235104  2.000000  1.000000  0.000198  0.000838  -0.000198  1.000000  0.000310  -0.000838  -0.000310  1.000000  0.999973  0.006992  0.002144  -0.006997  0.999973  0.002432  -0.002127  -0.002446  0.999995  1.000000  0.000021  0.000089  -0.000021  1.000000  0.000030  -0.000089  -0.000030  1.000000  1.000000  0.000198  0.000838  -0.000198  1.000000  0.000310  -0.000838  -0.000310  1.000000  0.000064  0.007709  
118.585119 -0.007355  0.082593  0.000561  0.991284  0.105768  0.078545  -0.113758  0.987904  0.105384  -0.066449  -0.113401  0.991325  -0.003997  -0.005303  0.000202  0.083748  -0.084593  0.268377  2.000000  0.999999  0.000284  0.001224  -0.000284  1.000000  0.000433  -0.001224  -0.000433  0.999999  0.999965  0.007982  0.002527  -0.007988  0.999965  0.002482  -0.002507  -0.002502  0.999994  1.000000  0.000023  0.000102  -0.000023  1.000000  0.000031  -0.000102  -0.000031  1.000000  0.999999  0.000284  0.001224  -0.000284  1.000000  0.000433  -0.001224  -0.000433  0.999999  0.000072  0.008735  
118.586374 -0.007363  0.082584  0.000564  0.991157  0.106751  0.078811  -0.114777  0.987770  0.105527  -0.066582  -0.113640  0.991288  -0.004461  -0.005862  0.000390  0.089599  -0.092959  0.302129  2.000000  0.999999  0.000385  0.001667  -0.000386  1.000000  0.000561  -0.001667  -0.000562  0.999998  0.999954  0.009191  0.002801  -0.009198  0.999954  0.002640  -0.002777  -0.002665  0.999993  1.000000  0.000027  0.000117  -0.000027  1.000000  0.000033  -0.000117  -0.000033  1.000000  0.999999  0.000385  0.001667  -0.000386  1.000000  0.000561  -0.001667  -0.000562  0.999998  0.000081  0.009968  
118.587619 -0.007372  0.082572  0.000567  0.991063  0.107545  0.078924  -0.115593  0.987656  0.105702  -0.066582  -0.113881  0.991261  -0.004750  -0.006274  0.000633  0.095965  -0.096131  0.329668  2.000000  0.999997  0.000534  0.002285  -0.000536  1.000000  0.000730  -0.002285  -0.000731  0.999997  0.999945  0.009991  0.003030  -0.010000  0.999946  0.002827  -0.003001  -0.002857  0.999991  1.000000  0.000030  0.000127  -0.000030  1.000000  0.000036  -0.000127  -0.000036  1.000000  0.999997  0.000534  0.002285  -0.000536  1.000000  0.000730  -0.002285  -0.000731  0.999997  0.000088  0.010821  
118.588624 -0.007379  0.082563  0.000568  0.990967  0.108339  0.079038  -0.116410  0.987542  0.105877  -0.066582  -0.114121  0.991233  -0.004939  -0.006574  0.000830  0.101802  -0.100013  0.363809  2.000000  0.999996  0.000663  0.002817  -0.000666  0.999999  0.000873  -0.002817  -0.000875  0.999996  0.999937  0.010807  0.003124  -0.010816  0.999937  0.002892  -0.003093  -0.002926  0.999991  1.000000  0.000034  0.000136  -0.000034  1.000000  0.000036  -0.000136  -0.000036  1.000000  0.999996  0.000663  0.002817  -0.000666  0.999999  0.000873  -0.002817  -0.000875  0.999996  0.000097  0.011620  
118.589626 -0.007384  0.082553  0.000570  0.990895  0.108930  0.079130  -0.117022  0.987449  0.106067  -0.066582  -0.114361  0.991205  -0.005118  -0.006885  0.001046  0.108578  -0.102378  0.384331  2.000000  0.999994  0.000807  0.003382  -0.000810  0.999999  0.001028  -0.003381  -0.001030  0.999994  0.999930  0.011418  0.003198  -0.011429  0.999930  0.003214  -0.003161  -0.003250  0.999990  1.000000  0.000037  0.000144  -0.000037  1.000000  0.000040  -0.000144  -0.000040  1.000000  0.999994  0.000807  0.003382  -0.000810  0.999999  0.001028  -0.003381  -0.001030  0.999994  0.000102  0.012291  
118.590874 -0.007392  0.082539  0.000571  0.990765  0.109893  0.079424  -0.118040  0.987287  0.106449  -0.066716  -0.114841  0.991141  -0.005283  -0.007288  0.001120  0.122569  -0.110825  0.418057  2.000000  0.999991  0.001003  0.004137  -0.001008  0.999999  0.001245  -0.004135  -0.001249  0.999991  0.999917  0.012422  0.003453  -0.012435  0.999916  0.003628  -0.003407  -0.003670  0.999987  1.000000  0.000041  0.000156  -0.000041  1.000000  0.000046  -0.000156  -0.000046  1.000000  0.999991  0.001003  0.004137  -0.001008  0.999999  0.001245  -0.004135  -0.001249  0.999991  0.000112  0.013400  
118.592128 -0.007399  0.082523  0.000571  0.990634  0.110855  0.079719  -0.119059  0.987123  0.106831  -0.066849  -0.115321  0.991076  -0.005368  -0.007833  0.001204  0.136586  -0.119315  0.451881  2.000000  0.999987  0.001218  0.004953  -0.001226  0.999998  0.001489  -0.004951  -0.001495  0.999987  0.999903  0.013426  0.003709  -0.013440  0.999902  0.004041  -0.003655  -0.004090  0.999985  1.000000  0.000044  0.000168  -0.000044  1.000000  0.000051  -0.000168  -0.000051  1.000000  0.999987  0.001218  0.004953  -0.001226  0.999998  0.001489  -0.004951  -0.001495  0.999987  0.000121  0.014510  
118.593371 -0.007405  0.082507  0.000569  0.990527  0.111604  0.080006  -0.119874  0.986968  0.107348  -0.066983  -0.115921  0.990997  -0.005377  -0.008345  0.001011  0.155110  -0.127050  0.478768  2.000000  0.999982  0.001444  0.005807  -0.001454  0.999997  0.001753  -0.005804  -0.001761  0.999982  0.999900  0.013627  0.003741  -0.013644  0.999897  0.004389  -0.003681  -0.004439  0.999983  1.000000  0.000045  0.000171  -0.000045  1.000000  0.000055  -0.000171  -0.000055  1.000000  0.999982  0.001444  0.005807  -0.001454  0.999997  0.001753  -0.005804  -0.001761  0.999982  0.000129  0.014805  
118.594379 -0.007410  0.082494  0.000566  0.990444  0.112159  0.080258  -0.120484  0.986849  0.107761  -0.067116  -0.116401  0.990932  -0.005367  -0.008861  0.000799  0.169968  -0.133953  0.498674  2.000000  0.999979  0.001588  0.006326  -0.001600  0.999997  0.001928  -0.006323  -0.001938  0.999978  0.999898  0.013860  0.003506  -0.013877  0.999892  0.004738  -0.003440  -0.004787  0.999983  1.000000  0.000049  0.000172  -0.000049  1.000000  0.000060  -0.000172  -0.000060  1.000000  0.999979  0.001588  0.006326  -0.001600  0.999997  0.001928  -0.006323  -0.001938  0.999978  0.000135  0.015070  
118.595624 -0.007416  0.082478  0.000561  0.990369  0.112720  0.080393  -0.121096  0.986714  0.108310  -0.067116  -0.117002  0.990861  -0.005386  -0.009482  0.000514  0.188546  -0.137271  0.526140  2.000000  0.999972  0.001836  0.007189  -0.001852  0.999996  0.002237  -0.007185  -0.002250  0.999972  0.999895  0.014078  0.003405  -0.014095  0.999888  0.004965  -0.003335  -0.005012  0.999982  1.000000  0.000052  0.000174  -0.000052  1.000000  0.000062  -0.000174  -0.000062  1.000000  0.999972  0.001836  0.007189  -0.001852  0.999996  0.002237  -0.007185  -0.002250  0.999972  0.000145  0.015319  
118.596884 -0.007421  0.082460  0.000556  0.990294  0.113281  0.080529  -0.121708  0.986578  0.108858  -0.067116  -0.117603  0.990790  -0.005302  -0.010166  0.000160  0.207518  -0.144212  0.545966  2.000000  0.999965  0.002103  0.008055  -0.002124  0.999994  0.002560  -0.008050  -0.002577  0.999964  0.999893  0.014311  0.003172  -0.014328  0.999883  0.005314  -0.003095  -0.005359  0.999981  1.000000  0.000056  0.000175  -0.000056  1.000000  0.000067  -0.000175  -0.000067  1.000000  0.999965  0.002103  0.008055  -0.002124  0.999994  0.002560  -0.008050  -0.002577  0.999964  0.000151  0.015600  
118.598124 -0.007427  0.082442  0.000552  0.990194  0.114044  0.080688  -0.122523  0.986419  0.109390  -0.067116  -0.118204  0.990719  -0.005332  -0.010949  -0.000296  0.226139  -0.147588  0.573529  2.000000  0.999957  0.002379  0.008931  -0.002405  0.999993  0.002896  -0.008925  -0.002918  0.999956  0.999893  0.014309  0.003180  -0.014326  0.999883  0.005436  -0.003102  -0.005481  0.999980  1.000000  0.000055  0.000175  -0.000055  1.000000  0.000068  -0.000175  -0.000068  1.000000  0.999957  0.002379  0.008931  -0.002405  0.999993  0.002896  -0.008925  -0.002918  0.999956  0.000158  0.015642  
118.599369 -0.007433  0.082423  0.000548  0.990109  0.114598  0.080942  -0.123134  0.986297  0.109803  -0.067250  -0.118683  0.990652  -0.005361  -0.011630  -0.000782  0.245146  -0.154559  0.593651  2.000000  0.999948  0.002643  0.009807  -0.002674  0.999991  0.003237  -0.009798  -0.003263  0.999947  0.999895  0.014072  0.003429  -0.014091  0.999885  0.005569  -0.003350  -0.005617  0.999979  1.000000  0.000051  0.000174  -0.000051  1.000000  0.000070  -0.000174  -0.000070  1.000000  0.999948  0.002643  0.009807  -0.002674  0.999991  0.003237  -0.009798  -0.003263  0.999947  0.000165  0.015526  
118.600619 -0.007438  0.082405  0.000544  0.990033  0.115168  0.081066  -0.123745  0.986173  0.110231  -0.067250  -0.119164  0.990594  -0.005284  -0.012277  -0.001269  0.260154  -0.157129  0.614361  2.000000  0.999939  0.002894  0.010674  -0.002933  0.999989  0.003587  -0.010663  -0.003618  0.999937  0.999898  0.013866  0.003411  -0.013885  0.999887  0.005705  -0.003332  -0.005751  0.999978  1.000000  0.000050  0.000171  -0.000050  1.000000  0.000072  -0.000171  -0.000072  1.000000  0.999939  0.002894  0.010674  -0.002933  0.999989  0.003587  -0.010663  -0.003618  0.999937  0.000170  0.015386  
118.601620 -0.007442  0.082391  0.000541  0.990007  0.115352  0.081117  -0.123949  0.986122  0.110454  -0.067250  -0.119404  0.990566  -0.005125  -0.012769  -0.001638  0.261591  -0.156727  0.616050  2.000000  0.999931  0.003091  0.011346  -0.003136  0.999988  0.003874  -0.011334  -0.003909  0.999928  0.999904  0.013473  0.003235  -0.013492  0.999892  0.005854  -0.003156  -0.005897  0.999978  1.000000  0.000050  0.000166  -0.000050  1.000000  0.000073  -0.000166  -0.000073  1.000000  0.999931  0.003091  0.011346  -0.003136  0.999988  0.003874  -0.011334  -0.003909  0.999928  0.000174  0.015051  
118.602869 -0.007447  0.082373  0.000537  0.989947  0.115702  0.081350  -0.124355  0.986023  0.110882  -0.067383  -0.119884  0.990499  -0.004939  -0.013169  -0.001962  0.274066  -0.151702  0.609744  2.000000  0.999923  0.003282  0.011996  -0.003332  0.999986  0.004168  -0.011982  -0.004208  0.999919  0.999910  0.013080  0.003058  -0.013098  0.999896  0.006002  -0.002979  -0.006041  0.999977  1.000000  0.000049  0.000161  -0.000049  1.000000  0.000075  -0.000161  -0.000075  1.000000  0.999923  0.003282  0.011996  -0.003332  0.999986  0.004168  -0.011982  -0.004208  0.999919  0.000173  0.014721  
118.604119 -0.007453  0.082354  0.000534  0.989896  0.116079  0.081438  -0.124763  0.985935  0.111207  -0.067383  -0.120244  0.990455  -0.004739  -0.013614  -0.002378  0.281291  -0.138186  0.602766  2.000000  0.999912  0.003518  0.012771  -0.003576  0.999983  0.004547  -0.012755  -0.004592  0.999908  0.999918  0.012499  0.002723  -0.012515  0.999903  0.006166  -0.002646  -0.006199  0.999977  1.000000  0.000049  0.000152  -0.000049  1.000000  0.000077  -0.000152  -0.000077  1.000000  0.999912  0.003518  0.012771  -0.003576  0.999983  0.004547  -0.012755  -0.004592  0.999908  0.000172  0.014208  
118.605122 -0.007458  0.082339  0.000532  0.989844  0.116465  0.081512  -0.125171  0.985860  0.111413  -0.067383  -0.120485  0.990426  -0.004688  -0.013897  -0.002574  0.277103  -0.133866  0.603094  2.000000  0.999904  0.003706  0.013363  -0.003771  0.999981  0.004861  -0.013345  -0.004911  0.999899  0.999926  0.011902  0.002521  -0.011918  0.999908  0.006451  -0.002444  -0.006480  0.999976  1.000000  0.000048  0.000144  -0.000048  1.000000  0.000081  -0.000144  -0.000081  1.000000  0.999904  0.003706  0.013363  -0.003771  0.999981  0.004861  -0.013345  -0.004911  0.999899  0.000170  0.013778  
118.606376 -0.007463  0.082320  0.000529  0.989819  0.116628  0.081591  -0.125374  0.985782  0.111875  -0.067383  -0.120965  0.990367  -0.004589  -0.014208  -0.002875  0.281570  -0.128837  0.596638  2.000000  0.999894  0.003932  0.014053  -0.004007  0.999978  0.005268  -0.014032  -0.005323  0.999887  0.999938  0.010914  0.002136  -0.010928  0.999918  0.006643  -0.002064  -0.006666  0.999976  1.000000  0.000046  0.000131  -0.000046  1.000000  0.000083  -0.000131  -0.000083  1.000000  0.999894  0.003932  0.014053  -0.004007  0.999978  0.005268  -0.014032  -0.005323  0.999887  0.000171  0.012960  
118.607623 -0.007470  0.082301  0.000525  0.989767  0.116994  0.081694  -0.125782  0.985679  0.112319  -0.067383  -0.121446  0.990308  -0.004598  -0.014406  -0.003009  0.287394  -0.128017  0.591793  2.000000  0.999884  0.004143  0.014686  -0.004227  0.999975  0.005692  -0.014662  -0.005753  0.999876  0.999947  0.010097  0.002042  -0.010111  0.999925  0.006942  -0.001972  -0.006962  0.999974  1.000000  0.000041  0.000122  -0.000041  1.000000  0.000087  -0.000122  -0.000087  1.000000  0.999884  0.004143  0.014686  -0.004227  0.999975  0.005692  -0.014662  -0.005753  0.999876  0.000167  0.012428  
118.608627 -0.007475  0.082286  0.000521  0.989776  0.116971  0.081619  -0.125783  0.985622  0.112814  -0.067250  -0.121927  0.990258  -0.004581  -0.014612  -0.003127  0.295658  -0.126043  0.568994  2.000000  0.999876  0.004304  0.015169  -0.004396  0.999972  0.006045  -0.015142  -0.006111  0.999867  0.999951  0.009705  0.001864  -0.009718  0.999927  0.007214  -0.001794  -0.007232  0.999972  1.000000  0.000041  0.000117  -0.000041  1.000000  0.000090  -0.000117  -0.000090  1.000000  0.999876  0.004304  0.015169  -0.004396  0.999972  0.006045  -0.015142  -0.006111  0.999867  0.000165  0.012241  
118.609627 -0.007481  0.082270  0.000518  0.989759  0.117160  0.081554  -0.125988  0.985555  0.113173  -0.067116  -0.122289  0.990223  -0.004676  -0.014790  -0.003138  0.296656  -0.120179  0.555848  2.000000  0.999870  0.004418  0.015510  -0.004517  0.999970  0.006322  -0.015482  -0.006391  0.999860  0.999955  0.009296  0.001818  -0.009310  0.999929  0.007485  -0.001748  -0.007501  0.999970  1.000000  0.000039  0.000112  -0.000039  1.000000  0.000094  -0.000112  -0.000094  1.000000  0.999870  0.004418  0.015510  -0.004517  0.999970  0.006322  -0.015482  -0.006391  0.999860  0.000162  0.012078  
118.610874 -0.007488  0.082250  0.000514  0.989733  0.117314  0.081648  -0.126192  0.985462  0.113754  -0.067116  -0.122889  0.990148  -0.004754  -0.014960  -0.003122  0.310676  -0.112685  0.528885  2.000000  0.999861  0.004604  0.016050  -0.004714  0.999966  0.006793  -0.016018  -0.006868  0.999848  0.999961  0.008700  0.001615  -0.008712  0.999933  0.007649  -0.001549  -0.007663  0.999969  1.000000  0.000037  0.000104  -0.000037  1.000000  0.000096  -0.000104  -0.000096  1.000000  0.999861  0.004604  0.016050  -0.004714  0.999966  0.006793  -0.016018  -0.006868  0.999848  0.000157  0.011701  
118.612122 -0.007497  0.082228  0.000508  0.989716  0.117484  0.081612  -0.126397  0.985367  0.114351  -0.066983  -0.123491  0.990082  -0.004978  -0.015212  -0.003160  0.321601  -0.096269  0.505704  2.000000  0.999852  0.004780  0.016537  -0.004901  0.999961  0.007279  -0.016502  -0.007359  0.999837  0.999968  0.007917  0.001254  -0.007926  0.999938  0.007828  -0.001192  -0.007837  0.999969  1.000000  0.000036  0.000093  -0.000036  1.000000  0.000098  -0.000093  -0.000098  1.000000  0.999852  0.004780  0.016537  -0.004901  0.999961  0.007279  -0.016502  -0.007359  0.999837  0.000153  0.011207  
118.613369 -0.007507  0.082205  0.000500  0.989690  0.117637  0.081706  -0.126600  0.985273  0.114932  -0.066983  -0.124091  0.990007  -0.005243  -0.015539  -0.003414  0.338744  -0.084251  0.476661  2.000000  0.999844  0.004947  0.016976  -0.005080  0.999957  0.007776  -0.016937  -0.007861  0.999826  0.999973  0.007321  0.001050  -0.007329  0.999941  0.007991  -0.000991  -0.007998  0.999968  1.000000  0.000035  0.000086  -0.000035  1.000000  0.000100  -0.000086  -0.000100  1.000000  0.999844  0.004947  0.016976  -0.005080  0.999957  0.007776  -0.016937  -0.007861  0.999826  0.000149  0.010891  
118.614623 -0.007518  0.082181  0.000490  0.989690  0.117587  0.081778  -0.126600  0.985203  0.115530  -0.066983  -0.124692  0.989932  -0.005654  -0.015943  -0.003818  0.353660  -0.070577  0.436539  2.000000  0.999836  0.005104  0.017366  -0.005248  0.999952  0.008274  -0.017322  -0.008363  0.999815  0.999980  0.006318  0.000794  -0.006324  0.999948  0.007939  -0.000743  -0.007944  0.999968  1.000000  0.000031  0.000073  -0.000031  1.000000  0.000099  -0.000073  -0.000099  1.000000  0.999836  0.005104  0.017366  -0.005248  0.999952  0.008274  -0.017322  -0.008363  0.999815  0.000144  0.010180  
118.615871 -0.007529  0.082157  0.000479  0.989655  0.117724  0.082004  -0.126803  0.985111  0.116093  -0.067116  -0.125291  0.989847  -0.006013  -0.016353  -0.004278  0.368487  -0.067740  0.412800  2.000000  0.999829  0.005246  0.017714  -0.005402  0.999947  0.008769  -0.017667  -0.008864  0.999805  0.999983  0.005706  0.000720  -0.005712  0.999952  0.007980  -0.000675  -0.007984  0.999968  1.000000  0.000028  0.000066  -0.000028  1.000000  0.000100  -0.000066  -0.000100  1.000000  0.999829  0.005246  0.017714  -0.005402  0.999947  0.008769  -0.017667  -0.008864  0.999805  0.000140  0.009839  
118.617119 -0.007540  0.082132  0.000468  0.989637  0.117894  0.081968  -0.127008  0.985014  0.116691  -0.066983  -0.125892  0.989780  -0.006353  -0.016747  -0.004773  0.382252  -0.060157  0.385865  2.000000  0.999823  0.005372  0.018036  -0.005540  0.999942  0.009267  -0.017985  -0.009366  0.999794  0.999986  0.005298  0.000672  -0.005303  0.999954  0.008008  -0.000630  -0.008012  0.999968  1.000000  0.000026  0.000061  -0.000026  1.000000  0.000100  -0.000061  -0.000100  1.000000  0.999823  0.005372  0.018036  -0.005540  0.999942  0.009267  -0.017985  -0.009366  0.999794  0.000137  0.009627  
118.618120 -0.007548  0.082113  0.000458  0.989611  0.118067  0.082035  -0.127212  0.984947  0.117032  -0.066983  -0.126252  0.989734  -0.006636  -0.017092  -0.005230  0.387223  -0.058627  0.372262  2.000000  0.999819  0.005449  0.018217  -0.005624  0.999938  0.009567  -0.018164  -0.009668  0.999788  0.999987  0.005111  0.000516  -0.005115  0.999955  0.008023  -0.000475  -0.008026  0.999968  1.000000  0.000027  0.000058  -0.000027  1.000000  0.000100  -0.000058  -0.000100  1.000000  0.999819  0.005449  0.018217  -0.005624  0.999938  0.009567  -0.018164  -0.009668  0.999788  0.000136  0.009528  
118.619367 -0.007560  0.082089  0.000447  0.989585  0.118219  0.082131  -0.127415  0.984852  0.117613  -0.066983  -0.126853  0.989657  -0.007041  -0.017459  -0.005822  0.396727  -0.056330  0.351879  2.000000  0.999813  0.005566  0.018498  -0.005753  0.999933  0.010071  -0.018441  -0.010176  0.999778  0.999989  0.004703  0.000467  -0.004707  0.999956  0.008172  -0.000428  -0.008174  0.999966  1.000000  0.000025  0.000054  -0.000025  1.000000  0.000102  -0.000054  -0.000102  1.000000  0.999813  0.005566  0.018498  -0.005753  0.999933  0.010071  -0.018441  -0.010176  0.999778  0.000135  0.009441  
118.620369 -0.007569  0.082070  0.000437  0.989594  0.118197  0.082057  -0.127416  0.984792  0.118107  -0.066849  -0.127334  0.989605  -0.007327  -0.017689  -0.006278  0.406659  -0.044282  0.325757  2.000000  0.999809  0.005657  0.018696  -0.005854  0.999928  0.010480  -0.018635  -0.010587  0.999770  0.999991  0.004126  0.000125  -0.004127  0.999958  0.008214  -0.000091  -0.008215  0.999966  1.000000  0.000025  0.000045  -0.000025  1.000000  0.000103  -0.000045  -0.000103  1.000000  0.999809  0.005657  0.018696  -0.005854  0.999928  0.010480  -0.018635  -0.010587  0.999770  0.000131  0.009193  
118.621375 -0.007578  0.082052  0.000428  0.989568  0.118369  0.082125  -0.127620  0.984725  0.118449  -0.066849  -0.127694  0.989558  -0.007622  -0.017905  -0.006700  0.407767  -0.041425  0.300998  2.000000  0.999805  0.005746  0.018875  -0.005952  0.999923  0.010893  -0.018811  -0.011003  0.999763  0.999992  0.003922  0.000100  -0.003923  0.999958  0.008228  -0.000068  -0.008229  0.999966  1.000000  0.000024  0.000043  -0.000024  1.000000  0.000103  -0.000043  -0.000103  1.000000  0.999805  0.005746  0.018875  -0.005952  0.999923  0.010893  -0.018811  -0.011003  0.999763  0.000128  0.009116  
118.622623 -0.007590  0.082029  0.000417  0.989541  0.118522  0.082221  -0.127824  0.984628  0.119029  -0.066849  -0.128294  0.989481  -0.008044  -0.018204  -0.007270  0.409358  -0.035147  0.285453  2.000000  0.999801  0.005853  0.019085  -0.006071  0.999916  0.011415  -0.019016  -0.011529  0.999753  0.999993  0.003735  -0.000056  -0.003735  0.999958  0.008363  0.000087  -0.008363  0.999965  1.000000  0.000024  0.000040  -0.000024  1.000000  0.000105  -0.000040  -0.000105  1.000000  0.999801  0.005853  0.019085  -0.006071  0.999916  0.011415  -0.019016  -0.011529  0.999753  0.000125  0.009160  
118.623873 -0.007603  0.082005  0.000406  0.989515  0.118675  0.082317  -0.128028  0.984532  0.119609  -0.066849  -0.128894  0.989403  -0.008450  -0.018511  -0.007715  0.411404  -0.027545  0.258937  2.000000  0.999796  0.005959  0.019278  -0.006190  0.999909  0.011948  -0.019205  -0.012065  0.999743  0.999994  0.003532  -0.000080  -0.003531  0.999957  0.008620  0.000111  -0.008619  0.999963  1.000000  0.000023  0.000038  -0.000023  1.000000  0.000108  -0.000038  -0.000108  1.000000  0.999796  0.005959  0.019278  -0.006190  0.999909  0.011948  -0.019205  -0.012065  0.999743  0.000122  0.009316  
118.624881 -0.007613  0.081986  0.000398  0.989515  0.118645  0.082361  -0.128028  0.984488  0.119968  -0.066849  -0.129254  0.989356  -0.008766  -0.018700  -0.007991  0.407694  -0.020861  0.240859  2.000000  0.999793  0.006039  0.019422  -0.006280  0.999904  0.012382  -0.019345  -0.012501  0.999735  0.999995  0.003124  -0.000132  -0.003123  0.999957  0.008769  0.000160  -0.008768  0.999962  1.000000  0.000021  0.000033  -0.000021  1.000000  0.000110  -0.000033  -0.000110  1.000000  0.999793  0.006039  0.019422  -0.006280  0.999904  0.012382  -0.019345  -0.012501  0.999735  0.000119  0.009310  
118.626123 -0.007626  0.081963  0.000389  0.989489  0.118808  0.082443  -0.128231  0.984405  0.120428  -0.066849  -0.129734  0.989293  -0.009125  -0.018875  -0.008243  0.404697  -0.019291  0.227234  2.000000  0.999790  0.006116  0.019559  -0.006367  0.999897  0.012825  -0.019478  -0.012947  0.999726  0.999995  0.003125  -0.000131  -0.003123  0.999956  0.008890  0.000159  -0.008890  0.999960  1.000000  0.000021  0.000033  -0.000021  1.000000  0.000111  -0.000033  -0.000111  1.000000  0.999790  0.006116  0.019559  -0.006367  0.999897  0.012825  -0.019478  -0.012947  0.999726  0.000117  0.009424  
118.627368 -0.007641  0.081939  0.000378  0.989498  0.118775  0.082384  -0.128233  0.984330  0.121042  -0.066716  -0.130335  0.989223  -0.009503  -0.019027  -0.008543  0.406732  -0.012271  0.205487  2.000000  0.999786  0.006210  0.019710  -0.006475  0.999889  0.013386  -0.019625  -0.013510  0.999716  0.999996  0.002735  -0.000315  -0.002732  0.999955  0.009039  0.000340  -0.009039  0.999959  1.000000  0.000021  0.000028  -0.000021  1.000000  0.000113  -0.000028  -0.000113  1.000000  0.999786  0.006210  0.019710  -0.006475  0.999889  0.013386  -0.019625  -0.013510  0.999716  0.000114  0.009449  
118.628369 -0.007653  0.081920  0.000370  0.989471  0.118948  0.082452  -0.128436  0.984261  0.121384  -0.066716  -0.130695  0.989175  -0.009767  -0.019022  -0.008671  0.407212  -0.011493  0.198699  2.000000  0.999784  0.006286  0.019828  -0.006561  0.999883  0.013836  -0.019738  -0.013963  0.999708  0.999996  0.002735  -0.000314  -0.002732  0.999955  0.009039  0.000339  -0.009039  0.999959  1.000000  0.000021  0.000028  -0.000021  1.000000  0.000113  -0.000028  -0.000113  1.000000  0.999784  0.006286  0.019828  -0.006561  0.999883  0.013836  -0.019738  -0.013963  0.999708  0.000113  0.009449  
118.629627 -0.007669  0.081895  0.000358  0.989454  0.119128  0.082403  -0.128641  0.984175  0.121861  -0.066582  -0.131176  0.989121  -0.010097  -0.019045  -0.008784  0.407856  -0.000179  0.180897  2.000000  0.999780  0.006375  0.019967  -0.006663  0.999874  0.014401  -0.019873  -0.014530  0.999697  0.999997  0.002531  -0.000339  -0.002528  0.999956  0.009054  0.000362  -0.009053  0.999959  1.000000  0.000020  0.000025  -0.000020  1.000000  0.000113  -0.000025  -0.000113  1.000000  0.999780  0.006375  0.019967  -0.006663  0.999874  0.014401  -0.019873  -0.014530  0.999697  0.000112  0.009407  
118.630869 -0.007684  0.081870  0.000346  0.989454  0.119078  0.082476  -0.128641  0.984101  0.122458  -0.066582  -0.131776  0.989041  -0.010368  -0.019132  -0.008908  0.413530  0.001458  0.165834  2.000000  0.999777  0.006459  0.020109  -0.006761  0.999865  0.014957  -0.020010  -0.015090  0.999686  0.999997  0.002514  -0.000205  -0.002512  0.999957  0.008932  0.000228  -0.008932  0.999960  1.000000  0.000018  0.000026  -0.000018  1.000000  0.000112  -0.000026  -0.000112  1.000000  0.999777  0.006459  0.020109  -0.006761  0.999865  0.014957  -0.020010  -0.015090  0.999686  0.000111  0.009281  
118.632119 -0.007699  0.081844  0.000332  0.989427  0.119240  0.082559  -0.128845  0.984017  0.122918  -0.066582  -0.132256  0.988977  -0.010610  -0.019205  -0.009035  0.413994  0.006666  0.159610  2.000000  0.999774  0.006540  0.020250  -0.006855  0.999856  0.015514  -0.020145  -0.015649  0.999675  0.999997  0.002496  -0.000071  -0.002496  0.999957  0.008932  0.000094  -0.008932  0.999960  1.000000  0.000016  0.000027  -0.000016  1.000000  0.000112  -0.000027  -0.000112  1.000000  0.999774  0.006540  0.020250  -0.006855  0.999856  0.015514  -0.020145  -0.015649  0.999675  0.000112  0.009275  
118.633119 -0.007711  0.081824  0.000322  0.989392  0.119385  0.082773  -0.129047  0.983935  0.123362  -0.066716  -0.132735  0.988904  -0.010836  -0.019255  -0.009116  0.422083  0.002184  0.159052  2.000000  0.999771  0.006595  0.020362  -0.006920  0.999849  0.015953  -0.020254  -0.016091  0.999665  0.999996  0.002682  0.000089  -0.002683  0.999958  0.008797  -0.000066  -0.008797  0.999961  1.000000  0.000016  0.000030  -0.000016  1.000000  0.000110  -0.000030  -0.000110  1.000000  0.999771  0.006595  0.020362  -0.006920  0.999849  0.015953  -0.020254  -0.016091  0.999665  0.000112  0.009197  
118.634374 -0.007724  0.081799  0.000308  0.989392  0.119335  0.082846  -0.129047  0.983860  0.123959  -0.066716  -0.133335  0.988823  -0.011034  -0.019329  -0.009230  0.431028  0.004748  0.139819  2.000000  0.999768  0.006645  0.020474  -0.006982  0.999841  0.016398  -0.020361  -0.016537  0.999656  0.999997  0.002479  0.000064  -0.002479  0.999957  0.008932  -0.000042  -0.008932  0.999960  1.000000  0.000015  0.000027  -0.000015  1.000000  0.000112  -0.000027  -0.000112  1.000000  0.999768  0.006645  0.020474  -0.006982  0.999841  0.016398  -0.020361  -0.016537  0.999656  0.000113  0.009270  
118.635619 -0.007737  0.081774  0.000293  0.989365  0.119487  0.082944  -0.129251  0.983760  0.124538  -0.066716  -0.133934  0.988742  -0.011115  -0.019436  -0.009453  0.436045  0.005516  0.131884  2.000000  0.999765  0.006709  0.020616  -0.007059  0.999831  0.016955  -0.020498  -0.017096  0.999644  0.999997  0.002479  0.000065  -0.002479  0.999957  0.008932  -0.000043  -0.008932  0.999960  1.000000  0.000015  0.000027  -0.000015  1.000000  0.000112  -0.000027  -0.000112  1.000000  0.999765  0.006709  0.020616  -0.007059  0.999831  0.016955  -0.020498  -0.017096  0.999644  0.000114  0.009270  
118.636871 -0.007750  0.081749  0.000277  0.989338  0.119649  0.083027  -0.129455  0.983675  0.124998  -0.066716  -0.134414  0.988677  -0.011158  -0.019580  -0.009728  0.436023  0.005451  0.131880  2.000000  0.999762  0.006780  0.020752  -0.007144  0.999821  0.017507  -0.020630  -0.017651  0.999631  0.999997  0.002497  -0.000066  -0.002496  0.999958  0.008811  0.000088  -0.008810  0.999961  1.000000  0.000016  0.000027  -0.000016  1.000000  0.000110  -0.000027  -0.000110  1.000000  0.999762  0.006780  0.020752  -0.007144  0.999821  0.017507  -0.020630  -0.017651  0.999631  0.000114  0.009158  
118.637873 -0.007760  0.081728  0.000265  0.989338  0.119609  0.083085  -0.129455  0.983614  0.125476  -0.066716  -0.134894  0.988612  -0.011163  -0.019723  -0.009938  0.440569  0.006276  0.125104  2.000000  0.999759  0.006835  0.020862  -0.007210  0.999813  0.017947  -0.020735  -0.018093  0.999621  0.999997  0.002478  0.000068  -0.002479  0.999958  0.008811  -0.000046  -0.008811  0.999961  1.000000  0.000015  0.000027  -0.000015  1.000000  0.000110  -0.000027  -0.000110  1.000000  0.999759  0.006835  0.020862  -0.007210  0.999813  0.017947  -0.020735  -0.018093  0.999621  0.000115  0.009153  
118.638876 -0.007771  0.081707  0.000252  0.989312  0.119771  0.083169  -0.129658  0.983529  0.125936  -0.066716  -0.135373  0.988546  -0.011247  -0.019895  -0.010284  0.444222  0.001807  0.125563  2.000000  0.999757  0.006881  0.020964  -0.007267  0.999805  0.018387  -0.020833  -0.018535  0.999611  0.999997  0.002275  0.000041  -0.002275  0.999958  0.008824  -0.000021  -0.008825  0.999961  1.000000  0.000014  0.000025  -0.000014  1.000000  0.000110  -0.000025  -0.000110  1.000000  0.999757  0.006881  0.020964  -0.007267  0.999805  0.018387  -0.020833  -0.018535  0.999611  0.000115  0.009113  
118.640126 -0.007784  0.081680  0.000237  0.989303  0.119703  0.083373  -0.129657  0.983455  0.126515  -0.066849  -0.135972  0.988455  -0.011253  -0.020155  -0.010685  0.444642  -0.006293  0.117540  2.000000  0.999753  0.006939  0.021095  -0.007339  0.999794  0.018938  -0.020959  -0.019088  0.999598  0.999997  0.002257  0.000175  -0.002258  0.999959  0.008824  -0.000155  -0.008825  0.999961  1.000000  0.000012  0.000025  -0.000012  1.000000  0.000110  -0.000025  -0.000110  1.000000  0.999753  0.006939  0.021095  -0.007339  0.999794  0.018938  -0.020959  -0.019088  0.999598  0.000116  0.009110  
118.641373 -0.007797  0.081653  0.000221  0.989276  0.119855  0.083472  -0.129861  0.983353  0.127094  -0.066849  -0.136571  0.988372  -0.011211  -0.020360  -0.011074  0.444701  -0.010824  0.116965  2.000000  0.999750  0.006981  0.021229  -0.007395  0.999783  0.019490  -0.021089  -0.019642  0.999585  0.999997  0.002238  0.000309  -0.002241  0.999957  0.008945  -0.000289  -0.008946  0.999960  1.000000  0.000011  0.000026  -0.000011  1.000000  0.000112  -0.000026  -0.000112  1.000000  0.999750  0.006981  0.021229  -0.007395  0.999783  0.019490  -0.021089  -0.019642  0.999585  0.000116  0.009227  
118.642622 -0.007810  0.081626  0.000206  0.989276  0.119814  0.083530  -0.129861  0.983291  0.127571  -0.066849  -0.137051  0.988306  -0.011081  -0.020535  -0.011326  0.441093  -0.009985  0.110115  2.000000  0.999748  0.007014  0.021337  -0.007440  0.999774  0.019936  -0.021192  -0.020090  0.999574  0.999997  0.002238  0.000310  -0.002241  0.999957  0.008945  -0.000290  -0.008946  0.999960  1.000000  0.000011  0.000026  -0.000011  1.000000  0.000112  -0.000026  -0.000112  1.000000  0.999748  0.007014  0.021337  -0.007440  0.999774  0.019936  -0.021192  -0.020090  0.999574  0.000114  0.009227  
118.643873 -0.007823  0.081599  0.000193  0.989241  0.119958  0.083746  -0.130063  0.983207  0.128014  -0.066983  -0.137529  0.988230  -0.010893  -0.020750  -0.011555  0.436497  -0.015409  0.116351  2.000000  0.999745  0.007051  0.021473  -0.007492  0.999762  0.020494  -0.021324  -0.020650  0.999559  0.999997  0.002220  0.000444  -0.002223  0.999958  0.008945  -0.000424  -0.008946  0.999960  1.000000  0.000009  0.000027  -0.000009  1.000000  0.000112  -0.000027  -0.000112  1.000000  0.999745  0.007051  0.021473  -0.007492  0.999762  0.020494  -0.021324  -0.020650  0.999559  0.000114  0.009228  
118.645118 -0.007836  0.081573  0.000179  0.989241  0.119907  0.083818  -0.130063  0.983129  0.128610  -0.066983  -0.138128  0.988147  -0.010791  -0.020920  -0.011640  0.437405  -0.010021  0.109186  2.000000  0.999742  0.007081  0.021602  -0.007536  0.999750  0.021048  -0.021447  -0.021206  0.999545  0.999998  0.002016  0.000416  -0.002020  0.999958  0.008959  -0.000398  -0.008960  0.999960  1.000000  0.000008  0.000024  -0.000008  1.000000  0.000112  -0.000024  -0.000112  1.000000  0.999742  0.007081  0.021602  -0.007536  0.999750  0.021048  -0.021447  -0.021206  0.999545  0.000113  0.009193  
118.646124 -0.007846  0.081552  0.000169  0.989249  0.119895  0.083731  -0.130065  0.983080  0.128985  -0.066849  -0.138489  0.988105  -0.010589  -0.020881  -0.011598  0.433317  -0.004786  0.103831  2.000000  0.999739  0.007106  0.021696  -0.007572  0.999740  0.021490  -0.021538  -0.021649  0.999534  0.999998  0.001831  0.000256  -0.001833  0.999960  0.008730  -0.000240  -0.008731  0.999962  1.000000  0.000009  0.000021  -0.000009  1.000000  0.000109  -0.000021  -0.000109  1.000000  0.999739  0.007106  0.021696  -0.007572  0.999740  0.021490  -0.021538  -0.021649  0.999534  0.000112  0.008924  
