1-Time 2-Px 3-Py 4-Pz 5-R11 6-R21 7-R31 8-R12 9-R22 10-R32 11-R13 12-R23 13-R33 14-Vx 15-Vy 16-Vz 17-Wx 18-Wy 19-Wz 20-state 21-PR11 22-PR21 23-PR31 24-PR12 25-PR22 26-PR32 27-PR13 28-PR23 29-PR33 
43.909092 0.010992  0.089298  -0.006021  0.997847  0.037665  -0.053682  -0.036377  0.999031  0.024774  0.054563  -0.022768  0.998251  -0.000246  0.000112  0.000615  0.000000  0.000000  0.000000  2.000000  1.000000  0.000000  0.000000  0.000000  1.000000  0.000000  0.000000  0.000000  1.000000  1.000000  0.000196  0.000406  -0.000196  1.000000  0.000011  -0.000406  -0.000011  1.000000  1.000000  0.000000  0.000000  0.000000  1.000000  0.000000  0.000000  0.000000  1.000000  0.739242  0.465282  0.486861  -0.444645  0.880184  -0.166031  -0.505779  -0.093743  0.857555  0.000000  0.000000  
43.910099 0.010992  0.089298  -0.006021  0.997847  0.037665  -0.053682  -0.036377  0.999031  0.024774  0.054563  -0.022768  0.998251  -0.000246  0.000112  0.000614  0.000000  0.000000  0.000000  2.000000  1.000000  0.000000  0.000000  0.000000  1.000000  0.000000  0.000000  0.000000  1.000000  1.000000  0.000196  0.000406  -0.000196  1.000000  0.000011  -0.000406  -0.000011  1.000000  1.000000  0.000000  0.000000  0.000000  1.000000  0.000000  0.000000  0.000000  1.000000  1.000000  0.000000  0.000000  0.000000  1.000000  0.000000  0.000000  0.000000  1.000000  0.000000  0.000000  
43.911347 0.010992  0.089295  -0.006023  0.997833  0.037874  -0.053810  -0.036582  0.999023  0.024790  0.054696  -0.022768  0.998243  -0.000195  -0.000107  0.000444  0.000000  0.000000  0.000000  2.000000  1.000000  0.000000  0.000000  0.000000  1.000000  0.000000  0.000000  0.000000  1.000000  1.000000  0.000405  0.000277  -0.000405  1.000000  0.000023  -0.000277  -0.000023  1.000000  1.000000  0.000000  0.000000  0.000000  1.000000  0.000000  0.000000  0.000000  1.000000  1.000000  0.000000  0.000000  0.000000  1.000000  0.000000  0.000000  0.000000  1.000000  0.000000  0.000000  
43.912597 0.010994  0.089291  -0.006026  0.997818  0.038089  -0.053934  -0.036787  0.999012  0.024927  0.054830  -0.022889  0.998233  -0.000048  -0.000346  0.000160  0.000000  0.000000  0.000000  2.000000  1.000000  0.000000  0.000000  0.000000  1.000000  0.000000  0.000000  0.000000  1.000000  1.000000  0.000408  0.000143  -0.000408  1.000000  0.000144  -0.000143  -0.000144  1.000000  1.000000  0.000000  0.000000  0.000000  1.000000  0.000000  0.000000  0.000000  1.000000  1.000000  0.000000  0.000000  0.000000  1.000000  0.000000  0.000000  0.000000  1.000000  0.000000  0.000000  
43.913848 0.010996  0.089287  -0.006029  0.997810  0.038099  -0.054063  -0.036787  0.999009  0.025053  0.054964  -0.023010  0.998223  0.000127  -0.000667  -0.000089  0.000000  0.000000  0.000000  2.000000  1.000000  0.000000  0.000000  0.000000  1.000000  0.000000  0.000000  0.000000  1.000000  1.000000  0.000620  -0.000120  -0.000620  1.000000  0.000277  0.000120  -0.000276  1.000000  1.000000  0.000000  0.000000  0.000000  1.000000  0.000000  0.000000  0.000000  1.000000  1.000000  0.000000  0.000000  0.000000  1.000000  0.000000  0.000000  0.000000  1.000000  0.000000  0.000000  
43.915097 0.011000  0.089283  -0.006032  0.997788  0.038317  -0.054320  -0.036992  0.998998  0.025195  0.055231  -0.023130  0.998206  0.000381  -0.000937  -0.000330  0.000000  0.000000  0.000000  2.000000  1.000000  0.000000  0.000000  0.000000  1.000000  0.000000  0.000000  0.000000  1.000000  1.000000  0.000828  -0.000248  -0.000828  1.000000  0.000409  0.000249  -0.000409  1.000000  1.000000  0.000000  0.000000  0.000000  1.000000  0.000000  0.000000  0.000000  1.000000  1.000000  0.000000  0.000000  0.000000  1.000000  0.000000  0.000000  0.000000  1.000000  0.000000  0.000000  
43.916347 0.011004  0.089278  -0.006034  0.997765  0.038738  -0.054438  -0.037402  0.998979  0.025344  0.055364  -0.023251  0.998195  0.000684  -0.001234  -0.000526  0.000000  0.000000  0.000000  2.000000  1.000000  0.000000  0.000000  0.000000  1.000000  0.000000  0.000000  0.000000  1.000000  0.999999  0.001040  -0.000511  -0.001040  0.999999  0.000542  0.000512  -0.000542  1.000000  1.000000  0.000000  0.000000  0.000000  1.000000  0.000000  0.000000  0.000000  1.000000  1.000000  0.000000  0.000000  0.000000  1.000000  0.000000  0.000000  0.000000  1.000000  0.000000  0.000000  
43.917349 0.011008  0.089275  -0.006036  0.997750  0.038947  -0.054566  -0.037607  0.998971  0.025360  0.055498  -0.023251  0.998188  0.000956  -0.001471  -0.000709  0.000000  0.000000  0.000000  2.000000  1.000000  0.000000  0.000000  0.000000  1.000000  0.000000  0.000000  0.000000  1.000000  0.999999  0.001451  -0.000501  -0.001451  0.999999  0.000565  0.000502  -0.000564  1.000000  1.000000  0.000000  0.000000  0.000000  1.000000  0.000000  0.000000  0.000000  1.000000  1.000000  0.000000  0.000000  0.000000  1.000000  0.000000  0.000000  0.000000  1.000000  0.000000  0.000000  
43.918599 0.011013  0.089271  -0.006038  0.997727  0.039368  -0.054685  -0.038018  0.998951  0.025509  0.055632  -0.023372  0.998178  0.001338  -0.001805  -0.000933  0.000000  0.000000  0.000000  2.000000  1.000000  0.000000  0.000000  0.000000  1.000000  0.000000  0.000000  0.000000  1.000000  0.999998  0.001868  -0.000759  -0.001868  0.999998  0.000710  0.000760  -0.000708  0.999999  1.000000  0.000000  0.000000  0.000000  1.000000  0.000000  0.000000  0.000000  1.000000  1.000000  0.000000  0.000000  0.000000  1.000000  0.000000  0.000000  0.000000  1.000000  0.000000  0.000000  
43.919844 0.011017  0.089266  -0.006042  0.997704  0.039782  -0.054808  -0.038428  0.998935  0.025537  0.055765  -0.023372  0.998170  0.001611  -0.002106  -0.001206  0.000000  0.000000  0.000000  2.000000  1.000000  0.000000  0.000000  0.000000  1.000000  0.000000  0.000000  0.000000  1.000000  0.999997  0.002282  -0.000883  -0.002282  0.999997  0.000733  0.000885  -0.000731  0.999999  1.000000  0.000000  0.000000  0.000000  1.000000  0.000000  0.000000  0.000000  1.000000  1.000000  0.000000  0.000000  0.000000  1.000000  0.000000  0.000000  0.000000  1.000000  0.000000  0.000000  
43.920851 0.011020  0.089262  -0.006046  0.997673  0.040200  -0.055064  -0.038839  0.998918  0.025570  0.056032  -0.023371  0.998155  0.001855  -0.002389  -0.001549  0.000000  0.000000  0.000000  2.000000  1.000000  0.000000  0.000000  0.000000  1.000000  0.000000  0.000000  0.000000  1.000000  0.999996  0.002700  -0.001141  -0.002699  0.999996  0.000756  0.001143  -0.000753  0.999999  1.000000  0.000000  0.000000  0.000000  1.000000  0.000000  0.000000  0.000000  1.000000  1.000000  0.000000  0.000000  0.000000  1.000000  0.000000  0.000000  0.000000  1.000000  0.000000  0.000000  
43.922100 0.011025  0.089258  -0.006051  0.997642  0.040617  -0.055320  -0.039249  0.998901  0.025603  0.056299  -0.023371  0.998140  0.002206  -0.002663  -0.001925  0.000000  0.000000  0.000000  2.000000  1.000000  0.000000  0.000000  0.000000  1.000000  0.000000  0.000000  0.000000  1.000000  0.999994  0.003117  -0.001399  -0.003116  0.999995  0.000780  0.001401  -0.000775  0.999999  1.000000  0.000000  0.000000  0.000000  1.000000  0.000000  0.000000  0.000000  1.000000  1.000000  0.000000  0.000000  0.000000  1.000000  0.000000  0.000000  0.000000  1.000000  0.000000  0.000000  
43.923104 0.011029  0.089256  -0.006055  0.997618  0.041038  -0.055438  -0.039659  0.998881  0.025752  0.056433  -0.023492  0.998130  0.002490  -0.002846  -0.002231  0.000000  0.000000  0.000000  2.000000  1.000000  0.000000  0.000000  0.000000  1.000000  0.000000  0.000000  0.000000  1.000000  0.999992  0.003535  -0.001656  -0.003533  0.999993  0.000925  0.001660  -0.000919  0.999998  1.000000  0.000000  0.000000  0.000000  1.000000  0.000000  0.000000  0.000000  1.000000  1.000000  0.000000  0.000000  0.000000  1.000000  0.000000  0.000000  0.000000  1.000000  0.000000  0.000000  
43.924352 0.011033  0.089251  -0.006060  0.997571  0.041665  -0.055823  -0.040275  0.998855  0.025802  0.056834  -0.023491  0.998107  0.002838  -0.003176  -0.002684  0.000000  0.000000  0.000000  2.000000  1.000000  0.000000  0.000000  0.000000  1.000000  0.000000  0.000000  0.000000  1.000000  0.999990  0.003952  -0.001914  -0.003950  0.999992  0.000949  0.001918  -0.000942  0.999998  1.000000  0.000000  0.000000  0.000000  1.000000  0.000000  0.000000  0.000000  1.000000  1.000000  0.000000  0.000000  0.000000  1.000000  0.000000  0.000000  0.000000  1.000000  0.000000  0.000000  
43.925352 0.011038  0.089246  -0.006065  0.997547  0.042079  -0.055945  -0.040685  0.998838  0.025831  0.056967  -0.023491  0.998100  0.003142  -0.003401  -0.002989  0.000000  0.000000  0.000000  2.000000  1.000000  0.000000  0.000000  0.000000  1.000000  0.000000  0.000000  0.000000  1.000000  0.999988  0.004369  -0.002172  -0.004367  0.999990  0.000974  0.002176  -0.000964  0.999997  1.000000  0.000000  0.000000  0.000000  1.000000  0.000000  0.000000  0.000000  1.000000  1.000000  0.000000  0.000000  0.000000  1.000000  0.000000  0.000000  0.000000  1.000000  0.000000  0.000000  
43.926601 0.011044  0.089241  -0.006071  0.997498  0.042706  -0.056330  -0.041300  0.998812  0.025882  0.057368  -0.023491  0.998077  0.003483  -0.003559  -0.003176  0.034157  0.081399  0.174602  2.000000  1.000000  0.000000  0.000000  0.000000  1.000000  0.000000  0.000000  0.000000  1.000000  0.999985  0.004992  -0.002425  -0.004989  0.999987  0.001010  0.002430  -0.000998  0.999997  1.000000  0.000000  0.000000  0.000000  1.000000  0.000000  0.000000  0.000000  1.000000  1.000000  0.000000  0.000000  0.000000  1.000000  0.000000  0.000000  0.000000  1.000000  0.000000  0.000000  
43.927851 0.011050  0.089235  -0.006075  0.997457  0.043336  -0.056575  -0.041916  0.998782  0.026049  0.057635  -0.023611  0.998058  0.003768  -0.003697  -0.003216  0.039421  0.089893  0.195521  2.000000  1.000000  0.000338  -0.000169  -0.000338  1.000000  0.000070  0.000169  -0.000070  1.000000  0.999981  0.005413  -0.002816  -0.005410  0.999985  0.001157  0.002822  -0.001141  0.999995  1.000000  0.000068  -0.000035  -0.000068  1.000000  0.000014  0.000035  -0.000014  1.000000  1.000000  0.000338  -0.000169  -0.000338  1.000000  0.000070  0.000169  -0.000070  1.000000  0.000053  0.006209  
43.929102 0.011056  0.089227  -0.006079  0.997425  0.043760  -0.056826  -0.042326  0.998760  0.026205  0.057902  -0.023732  0.998040  0.003949  -0.003894  -0.003334  0.044301  0.098545  0.209537  2.000000  1.000000  0.000700  -0.000358  -0.000700  1.000000  0.000148  0.000359  -0.000148  1.000000  0.999977  0.006036  -0.003068  -0.006032  0.999981  0.001315  0.003075  -0.001296  0.999994  1.000000  0.000075  -0.000038  -0.000075  1.000000  0.000016  0.000038  -0.000016  1.000000  1.000000  0.000700  -0.000358  -0.000700  1.000000  0.000148  0.000359  -0.000148  1.000000  0.000058  0.006896  
43.930352 0.011062  0.089219  -0.006083  0.997383  0.044397  -0.057066  -0.042941  0.998726  0.026494  0.058170  -0.023974  0.998019  0.004108  -0.004195  -0.003401  0.053636  0.111517  0.230575  2.000000  0.999999  0.001098  -0.000565  -0.001098  0.999999  0.000239  0.000565  -0.000238  1.000000  0.999972  0.006663  -0.003452  -0.006657  0.999977  0.001596  0.003463  -0.001573  0.999993  1.000000  0.000083  -0.000043  -0.000083  1.000000  0.000020  0.000043  -0.000020  1.000000  0.999999  0.001098  -0.000565  -0.001098  0.999999  0.000239  0.000565  -0.000238  1.000000  0.000065  0.007670  
43.931597 0.011068  0.089208  -0.006088  0.997324  0.045236  -0.057439  -0.043761  0.998686  0.026679  0.058570  -0.024094  0.997992  0.004235  -0.004655  -0.003626  0.059337  0.124364  0.258567  2.000000  0.999999  0.001532  -0.000789  -0.001532  0.999999  0.000342  0.000789  -0.000341  1.000000  0.999969  0.007077  -0.003575  -0.007071  0.999973  0.001743  0.003587  -0.001718  0.999992  1.000000  0.000088  -0.000045  -0.000088  1.000000  0.000022  0.000045  -0.000022  1.000000  0.999999  0.001532  -0.000789  -0.001532  0.999999  0.000342  0.000789  -0.000341  1.000000  0.000071  0.008116  
43.932598 0.011073  0.089199  -0.006093  0.997290  0.045661  -0.057689  -0.044171  0.998663  0.026836  0.058837  -0.024215  0.997974  0.004300  -0.004997  -0.003825  0.064227  0.133001  0.272571  2.000000  0.999998  0.001904  -0.000976  -0.001904  0.999998  0.000431  0.000976  -0.000430  0.999999  0.999964  0.007698  -0.003693  -0.007691  0.999969  0.001902  0.003707  -0.001874  0.999991  1.000000  0.000096  -0.000046  -0.000096  1.000000  0.000024  0.000046  -0.000024  1.000000  0.999998  0.001904  -0.000976  -0.001904  0.999998  0.000431  0.000976  -0.000430  0.999999  0.000077  0.008744  
43.933844 0.011079  0.089187  -0.006101  0.997247  0.046291  -0.057934  -0.044786  0.998632  0.027005  0.059105  -0.024336  0.997955  0.004332  -0.005457  -0.004117  0.069531  0.141508  0.293550  2.000000  0.999997  0.002294  -0.001170  -0.002294  0.999997  0.000524  0.001171  -0.000521  0.999999  0.999961  0.007910  -0.003954  -0.007902  0.999967  0.001917  0.003969  -0.001886  0.999990  1.000000  0.000099  -0.000050  -0.000099  1.000000  0.000024  0.000050  -0.000024  1.000000  0.999997  0.002294  -0.001170  -0.002294  0.999997  0.000524  0.001171  -0.000521  0.999999  0.000082  0.009046  
43.934844 0.011084  0.089178  -0.006107  0.997212  0.046716  -0.058184  -0.045196  0.998609  0.027162  0.059372  -0.024456  0.997936  0.004444  -0.005878  -0.004347  0.073833  0.148938  0.305089  2.000000  0.999995  0.002705  -0.001371  -0.002705  0.999996  0.000617  0.001373  -0.000613  0.999999  0.999958  0.008321  -0.003943  -0.008314  0.999964  0.001943  0.003959  -0.001910  0.999990  1.000000  0.000104  -0.000049  -0.000104  1.000000  0.000024  0.000049  -0.000024  1.000000  0.999995  0.002705  -0.001371  -0.002705  0.999996  0.000617  0.001373  -0.000613  0.999999  0.000086  0.009408  
43.936096 0.011090  0.089166  -0.006115  0.997168  0.047346  -0.058428  -0.045811  0.998576  0.027331  0.059639  -0.024577  0.997917  0.004600  -0.006390  -0.004581  0.079090  0.157343  0.325842  2.000000  0.999993  0.003244  -0.001627  -0.003242  0.999994  0.000738  0.001630  -0.000733  0.999998  0.999954  0.008736  -0.004065  -0.008728  0.999960  0.001969  0.004083  -0.001934  0.999990  1.000000  0.000109  -0.000051  -0.000109  1.000000  0.000024  0.000051  -0.000024  1.000000  0.999993  0.003244  -0.001627  -0.003242  0.999994  0.000738  0.001630  -0.000733  0.999998  0.000091  0.009831  
43.937097 0.011096  0.089157  -0.006121  0.997141  0.047768  -0.058544  -0.046222  0.998553  0.027482  0.059772  -0.024698  0.997906  0.004771  -0.006779  -0.004719  0.084411  0.167839  0.336442  2.000000  0.999992  0.003688  -0.001834  -0.003687  0.999993  0.000834  0.001837  -0.000827  0.999998  0.999952  0.008941  -0.004060  -0.008934  0.999958  0.001861  0.004077  -0.001825  0.999990  1.000000  0.000112  -0.000051  -0.000112  1.000000  0.000023  0.000051  -0.000023  1.000000  0.999992  0.003688  -0.001834  -0.003687  0.999993  0.000834  0.001837  -0.000827  0.999998  0.000097  0.009992  
43.938099 0.011102  0.089148  -0.006127  0.997105  0.048388  -0.058661  -0.046837  0.998523  0.027525  0.059906  -0.024698  0.997898  0.004898  -0.007193  -0.004844  0.085408  0.171418  0.356414  2.000000  0.999989  0.004138  -0.002042  -0.004136  0.999991  0.000931  0.002046  -0.000923  0.999997  0.999951  0.008945  -0.004193  -0.008937  0.999958  0.001864  0.004209  -0.001826  0.999989  1.000000  0.000112  -0.000053  -0.000112  1.000000  0.000023  0.000053  -0.000023  1.000000  0.999989  0.004138  -0.002042  -0.004136  0.999991  0.000931  0.002046  -0.000923  0.999997  0.000100  0.010050  
43.939102 0.011108  0.089138  -0.006133  0.997077  0.048809  -0.058777  -0.047247  0.998500  0.027676  0.060039  -0.024818  0.997887  0.005066  -0.007629  -0.004905  0.090317  0.175593  0.370407  2.000000  0.999987  0.004595  -0.002249  -0.004593  0.999989  0.001027  0.002254  -0.001016  0.999997  0.999949  0.009151  -0.004187  -0.009143  0.999956  0.001999  0.004205  -0.001960  0.999989  1.000000  0.000114  -0.000052  -0.000114  1.000000  0.000025  0.000052  -0.000025  1.000000  0.999987  0.004595  -0.002249  -0.004593  0.999989  0.001027  0.002254  -0.001016  0.999997  0.000103  0.010256  
43.940347 0.011116  0.089128  -0.006139  0.997050  0.049224  -0.058899  -0.047657  0.998479  0.027707  0.060173  -0.024818  0.997879  0.005196  -0.007894  -0.004931  0.090387  0.178284  0.381169  2.000000  0.999983  0.005173  -0.002509  -0.005170  0.999986  0.001152  0.002515  -0.001139  0.999996  0.999947  0.009357  -0.004181  -0.009348  0.999954  0.002012  0.004200  -0.001973  0.999989  1.000000  0.000117  -0.000052  -0.000117  1.000000  0.000025  0.000052  -0.000025  1.000000  0.999983  0.005173  -0.002509  -0.005170  0.999986  0.001152  0.002515  -0.001139  0.999996  0.000109  0.010440  
43.941348 0.011122  0.089120  -0.006143  0.997022  0.049638  -0.059021  -0.048068  0.998459  0.027738  0.060307  -0.024818  0.997871  0.005257  -0.008171  -0.004885  0.091587  0.179602  0.391242  2.000000  0.999981  0.005518  -0.002664  -0.005515  0.999984  0.001227  0.002671  -0.001213  0.999996  0.999949  0.009151  -0.004187  -0.009143  0.999956  0.002001  0.004205  -0.001963  0.999989  1.000000  0.000114  -0.000052  -0.000114  1.000000  0.000025  0.000052  -0.000025  1.000000  0.999981  0.005518  -0.002664  -0.005515  0.999984  0.001227  0.002671  -0.001213  0.999996  0.000108  0.010257  
43.942349 0.011128  0.089111  -0.006147  0.996994  0.050060  -0.059137  -0.048478  0.998435  0.027890  0.060440  -0.024939  0.997860  0.005401  -0.008478  -0.004899  0.092042  0.179396  0.398183  2.000000  0.999978  0.005986  -0.002868  -0.005982  0.999981  0.001331  0.002876  -0.001314  0.999995  0.999948  0.009353  -0.004047  -0.009345  0.999954  0.002136  0.004066  -0.002098  0.999990  1.000000  0.000117  -0.000051  -0.000117  1.000000  0.000026  0.000051  -0.000026  1.000000  0.999978  0.005986  -0.002868  -0.005982  0.999981  0.001331  0.002876  -0.001314  0.999995  0.000112  0.010409  
43.943600 0.011136  0.089099  -0.006152  0.996958  0.050477  -0.059392  -0.048887  0.998414  0.027927  0.060707  -0.024939  0.997844  0.005460  -0.008782  -0.004967  0.088841  0.183528  0.412093  2.000000  0.999974  0.006571  -0.003118  -0.006566  0.999977  0.001462  0.003127  -0.001442  0.999994  0.999949  0.009350  -0.003913  -0.009342  0.999954  0.002016  0.003931  -0.001979  0.999990  1.000000  0.000117  -0.000049  -0.000117  1.000000  0.000025  0.000049  -0.000025  1.000000  0.999974  0.006571  -0.003118  -0.006566  0.999977  0.001462  0.003127  -0.001442  0.999994  0.000114  0.010331  
43.944848 0.011142  0.089086  -0.006158  0.996937  0.050896  -0.059374  -0.049298  0.998390  0.028073  0.060707  -0.025060  0.997841  0.005540  -0.009198  -0.005111  0.088533  0.177343  0.415459  2.000000  0.999969  0.007150  -0.003360  -0.007145  0.999973  0.001594  0.003372  -0.001570  0.999993  0.999949  0.009347  -0.003778  -0.009339  0.999954  0.002138  0.003798  -0.002103  0.999991  1.000000  0.000117  -0.000047  -0.000117  1.000000  0.000027  0.000047  -0.000027  1.000000  0.999969  0.007150  -0.003360  -0.007145  0.999973  0.001594  0.003372  -0.001570  0.999993  0.000116  0.010302  
43.945849 0.011147  0.089074  -0.006163  0.996909  0.051310  -0.059496  -0.049708  0.998368  0.028104  0.060841  -0.025059  0.997833  0.005539  -0.009374  -0.005194  0.085672  0.174118  0.425689  2.000000  0.999965  0.007602  -0.003543  -0.007596  0.999970  0.001701  0.003556  -0.001674  0.999992  0.999953  0.008933  -0.003655  -0.008925  0.999958  0.002115  0.003673  -0.002082  0.999991  1.000000  0.000112  -0.000046  -0.000112  1.000000  0.000026  0.000046  -0.000026  1.000000  0.999965  0.007602  -0.003543  -0.007596  0.999970  0.001701  0.003556  -0.001674  0.999992  0.000116  0.009877  
43.947097 0.011154  0.089059  -0.006169  0.996891  0.051526  -0.059617  -0.049913  0.998354  0.028244  0.060974  -0.025180  0.997822  0.005534  -0.009665  -0.005254  0.088695  0.177396  0.415718  2.000000  0.999960  0.008155  -0.003761  -0.008148  0.999965  0.001838  0.003776  -0.001807  0.999991  0.999956  0.008721  -0.003391  -0.008713  0.999960  0.002225  0.003411  -0.002195  0.999992  1.000000  0.000109  -0.000043  -0.000109  1.000000  0.000028  0.000043  -0.000028  1.000000  0.999960  0.008155  -0.003761  -0.008148  0.999965  0.001838  0.003776  -0.001807  0.999991  0.000117  0.009614  
43.948348 0.011161  0.089044  -0.006175  0.996862  0.051948  -0.059733  -0.050323  0.998329  0.028396  0.061108  -0.025301  0.997810  0.005652  -0.009865  -0.005176  0.089473  0.174239  0.418882  2.000000  0.999954  0.008690  -0.003967  -0.008682  0.999960  0.001970  0.003984  -0.001935  0.999990  0.999958  0.008512  -0.003263  -0.008505  0.999962  0.002092  0.003281  -0.002064  0.999992  1.000000  0.000106  -0.000041  -0.000106  1.000000  0.000026  0.000041  -0.000026  1.000000  0.999954  0.008690  -0.003967  -0.008682  0.999960  0.001970  0.003984  -0.001935  0.999990  0.000115  0.009350  
43.949597 0.011168  0.089030  -0.006181  0.996841  0.052359  -0.059721  -0.050733  0.998308  0.028421  0.061108  -0.025301  0.997810  0.005694  -0.010042  -0.005026  0.088753  0.168324  0.415270  2.000000  0.999950  0.009116  -0.004125  -0.009107  0.999956  0.002077  0.004144  -0.002039  0.999989  0.999959  0.008509  -0.003128  -0.008502  0.999962  0.002092  0.003146  -0.002065  0.999993  1.000000  0.000106  -0.000039  -0.000106  1.000000  0.000026  0.000039  -0.000026  1.000000  0.999950  0.009116  -0.004125  -0.009107  0.999956  0.002077  0.004144  -0.002039  0.999989  0.000115  0.009301  
43.950597 0.011174  0.089018  -0.006184  0.996831  0.052572  -0.059709  -0.050938  0.998294  0.028554  0.061108  -0.025422  0.997807  0.005779  -0.010153  -0.004833  0.092424  0.164011  0.408329  2.000000  0.999945  0.009533  -0.004271  -0.009524  0.999952  0.002180  0.004292  -0.002139  0.999989  0.999961  0.008297  -0.002865  -0.008291  0.999963  0.002079  0.002882  -0.002055  0.999994  1.000000  0.000104  -0.000036  -0.000104  1.000000  0.000026  0.000036  -0.000026  1.000000  0.999945  0.009533  -0.004271  -0.009524  0.999952  0.002180  0.004292  -0.002139  0.999989  0.000114  0.009018  
43.951843 0.011182  0.089004  -0.006189  0.996801  0.052993  -0.059824  -0.051348  0.998268  0.028707  0.061241  -0.025543  0.997796  0.005861  -0.010329  -0.004658  0.096559  0.159547  0.408273  2.000000  0.999940  0.010039  -0.004441  -0.010029  0.999947  0.002303  0.004464  -0.002258  0.999987  0.999964  0.008084  -0.002602  -0.008079  0.999965  0.001947  0.002617  -0.001925  0.999995  1.000000  0.000101  -0.000033  -0.000101  1.000000  0.000024  0.000033  -0.000024  1.000000  0.999940  0.010039  -0.004441  -0.010029  0.999947  0.002303  0.004464  -0.002258  0.999987  0.000114  0.008711  
43.952847 0.011189  0.088992  -0.006194  0.996791  0.053199  -0.059818  -0.051554  0.998257  0.028719  0.061241  -0.025543  0.997796  0.005858  -0.010516  -0.004540  0.092174  0.150786  0.401248  2.000000  0.999935  0.010426  -0.004565  -0.010415  0.999943  0.002400  0.004589  -0.002352  0.999987  0.999968  0.007667  -0.002345  -0.007662  0.999969  0.001921  0.002360  -0.001903  0.999995  1.000000  0.000096  -0.000029  -0.000096  1.000000  0.000024  0.000029  -0.000024  1.000000  0.999935  0.010426  -0.004565  -0.010415  0.999943  0.002400  0.004589  -0.002352  0.999987  0.000111  0.008242  
43.953848 0.011195  0.088981  -0.006199  0.996780  0.053404  -0.059812  -0.051759  0.998246  0.028731  0.061241  -0.025543  0.997796  0.005883  -0.010686  -0.004540  0.092579  0.143204  0.397420  2.000000  0.999931  0.010796  -0.004673  -0.010785  0.999939  0.002488  0.004700  -0.002438  0.999986  0.999972  0.007249  -0.002088  -0.007245  0.999972  0.001654  0.002100  -0.001638  0.999996  1.000000  0.000091  -0.000026  -0.000091  1.000000  0.000021  0.000026  -0.000021  1.000000  0.999931  0.010796  -0.004673  -0.010785  0.999939  0.002488  0.004700  -0.002438  0.999986  0.000108  0.007721  
43.954849 0.011201  0.088968  -0.006205  0.996759  0.053823  -0.059794  -0.052169  0.998221  0.028877  0.061241  -0.025664  0.997793  0.005853  -0.010965  -0.004562  0.095966  0.133157  0.394155  2.000000  0.999926  0.011156  -0.004767  -0.011144  0.999935  0.002576  0.004795  -0.002523  0.999985  0.999974  0.007037  -0.001825  -0.007033  0.999974  0.001762  0.001838  -0.001749  0.999997  1.000000  0.000088  -0.000023  -0.000088  1.000000  0.000022  0.000023  -0.000022  1.000000  0.999926  0.011156  -0.004767  -0.011144  0.999935  0.002576  0.004795  -0.002523  0.999985  0.000106  0.007479  
43.955854 0.011207  0.088955  -0.006212  0.996756  0.054025  -0.059654  -0.052375  0.998210  0.028882  0.061108  -0.025664  0.997801  0.005909  -0.011207  -0.004683  0.095901  0.121019  0.382997  2.000000  0.999923  0.011423  -0.004828  -0.011410  0.999931  0.002638  0.004858  -0.002583  0.999985  0.999974  0.007030  -0.001558  -0.007027  0.999974  0.001640  0.001569  -0.001629  0.999997  1.000000  0.000088  -0.000020  -0.000088  1.000000  0.000020  0.000020  -0.000020  1.000000  0.999923  0.011423  -0.004828  -0.011410  0.999931  0.002638  0.004858  -0.002583  0.999985  0.000105  0.007383  
43.957102 0.011215  0.088940  -0.006220  0.996734  0.054436  -0.059642  -0.052785  0.998187  0.028907  0.061108  -0.025664  0.997801  0.005881  -0.011565  -0.004894  0.091096  0.115544  0.379749  2.000000  0.999918  0.011852  -0.004913  -0.011838  0.999926  0.002735  0.004945  -0.002676  0.999984  0.999977  0.006612  -0.001301  -0.006610  0.999977  0.001494  0.001311  -0.001485  0.999998  1.000000  0.000083  -0.000016  -0.000083  1.000000  0.000019  0.000016  -0.000019  1.000000  0.999918  0.011852  -0.004913  -0.011838  0.999926  0.002735  0.004945  -0.002676  0.999984  0.000100  0.006901  
43.958348 0.011222  0.088924  -0.006227  0.996732  0.054638  -0.059503  -0.052991  0.998176  0.028912  0.060974  -0.025664  0.997809  0.005867  -0.011885  -0.005105  0.087018  0.098855  0.368708  2.000000  0.999912  0.012265  -0.004984  -0.012251  0.999921  0.002824  0.005018  -0.002763  0.999984  0.999979  0.006399  -0.001039  -0.006398  0.999979  0.001359  0.001047  -0.001352  0.999999  1.000000  0.000080  -0.000013  -0.000080  1.000000  0.000017  0.000013  -0.000017  1.000000  0.999912  0.012265  -0.004984  -0.012251  0.999921  0.002824  0.005018  -0.002763  0.999984  0.000099  0.006623  
43.959348 0.011228  0.088911  -0.006234  0.996721  0.054850  -0.059491  -0.053196  0.998162  0.029045  0.060974  -0.025785  0.997806  0.005918  -0.012019  -0.005241  0.085920  0.093711  0.358733  2.000000  0.999908  0.012580  -0.005028  -0.012566  0.999917  0.002897  0.005064  -0.002833  0.999983  0.999980  0.006191  -0.000910  -0.006189  0.999980  0.001468  0.000919  -0.001462  0.999999  1.000000  0.000077  -0.000011  -0.000077  1.000000  0.000018  0.000011  -0.000018  1.000000  0.999908  0.012580  -0.005028  -0.012566  0.999917  0.002897  0.005064  -0.002833  0.999983  0.000097  0.006426  
43.960608 0.011235  0.088894  -0.006241  0.996707  0.055258  -0.059345  -0.053607  0.998139  0.029063  0.060841  -0.025786  0.997814  0.005969  -0.012197  -0.005313  0.081731  0.076779  0.347244  2.000000  0.999903  0.012959  -0.005071  -0.012944  0.999912  0.002981  0.005109  -0.002915  0.999983  0.999982  0.005975  -0.000514  -0.005974  0.999981  0.001333  0.000522  -0.001330  0.999999  1.000000  0.000075  -0.000006  -0.000075  1.000000  0.000017  0.000006  -0.000017  1.000000  0.999903  0.012959  -0.005071  -0.012944  0.999912  0.002981  0.005109  -0.002915  0.999983  0.000092  0.006143  
43.961847 0.011243  0.088879  -0.006248  0.996696  0.055464  -0.059339  -0.053812  0.998128  0.029075  0.060841  -0.025786  0.997814  0.006028  -0.012254  -0.005355  0.076692  0.067418  0.337492  2.000000  0.999898  0.013328  -0.005098  -0.013312  0.999907  0.003064  0.005138  -0.002996  0.999982  0.999983  0.005766  -0.000385  -0.005765  0.999983  0.001321  0.000393  -0.001318  0.999999  1.000000  0.000072  -0.000005  -0.000072  1.000000  0.000016  0.000005  -0.000016  1.000000  0.999898  0.013328  -0.005098  -0.013312  0.999907  0.003064  0.005138  -0.002996  0.999982  0.000089  0.005927  
43.963153 0.011250  0.088863  -0.006254  0.996682  0.055871  -0.059194  -0.054223  0.998105  0.029092  0.060707  -0.025786  0.997822  0.006038  -0.012231  -0.005314  0.068255  0.050199  0.325388  2.000000  0.999893  0.013686  -0.005108  -0.013670  0.999902  0.003140  0.005150  -0.003070  0.999982  0.999983  0.005755  0.000016  -0.005755  0.999983  0.001199  -0.000009  -0.001199  0.999999  1.000000  0.000072  0.000000  -0.000072  1.000000  0.000015  -0.000000  -0.000015  1.000000  0.999893  0.013686  -0.005108  -0.013670  0.999902  0.003140  0.005150  -0.003070  0.999982  0.000086  0.005879  
43.964350 0.011258  0.088848  -0.006259  0.996671  0.056084  -0.059181  -0.054428  0.998090  0.029225  0.060707  -0.025907  0.997819  0.006124  -0.012311  -0.005325  0.068012  0.041437  0.318872  2.000000  0.999889  0.013963  -0.005105  -0.013947  0.999898  0.003201  0.005149  -0.003130  0.999982  0.999985  0.005546  0.000145  -0.005547  0.999984  0.001307  -0.000138  -0.001308  0.999999  1.000000  0.000069  0.000002  -0.000069  1.000000  0.000016  -0.000002  -0.000016  1.000000  0.999889  0.013963  -0.005105  -0.013947  0.999898  0.003201  0.005149  -0.003130  0.999982  0.000083  0.005700  
43.965610 0.011266  0.088833  -0.006265  0.996656  0.056491  -0.059036  -0.054839  0.998067  0.029242  0.060574  -0.025907  0.997827  0.006125  -0.012373  -0.005407  0.063509  0.028091  0.311471  2.000000  0.999885  0.014305  -0.005090  -0.014289  0.999893  0.003275  0.005136  -0.003202  0.999982  0.999986  0.005337  0.000273  -0.005338  0.999985  0.001173  -0.000267  -0.001174  0.999999  1.000000  0.000067  0.000003  -0.000067  1.000000  0.000015  -0.000003  -0.000015  1.000000  0.999885  0.014305  -0.005090  -0.014289  0.999893  0.003275  0.005136  -0.003202  0.999982  0.000078  0.005472  
43.966843 0.011274  0.088818  -0.006272  0.996645  0.056697  -0.059030  -0.055044  0.998055  0.029254  0.060574  -0.025907  0.997827  0.006142  -0.012430  -0.005482  0.062221  0.023765  0.295288  2.000000  0.999880  0.014641  -0.005064  -0.014625  0.999887  0.003348  0.005112  -0.003274  0.999982  0.999986  0.005334  0.000407  -0.005334  0.999985  0.001173  -0.000401  -0.001175  0.999999  1.000000  0.000067  0.000005  -0.000067  1.000000  0.000015  -0.000005  -0.000015  1.000000  0.999880  0.014641  -0.005064  -0.014625  0.999887  0.003348  0.005112  -0.003274  0.999982  0.000076  0.005477  
43.967847 0.011281  0.088805  -0.006277  0.996630  0.057104  -0.058885  -0.055455  0.998032  0.029271  0.060440  -0.025907  0.997836  0.006173  -0.012496  -0.005561  0.058202  0.010370  0.294978  2.000000  0.999876  0.014908  -0.005031  -0.014891  0.999883  0.003400  0.005081  -0.003325  0.999982  0.999986  0.005327  0.000675  -0.005328  0.999985  0.001051  -0.000669  -0.001055  0.999999  1.000000  0.000067  0.000008  -0.000067  1.000000  0.000013  -0.000008  -0.000013  1.000000  0.999876  0.014908  -0.005031  -0.014891  0.999883  0.003400  0.005081  -0.003325  0.999982  0.000074  0.005472  
43.969095 0.011289  0.088790  -0.006286  0.996619  0.057310  -0.058878  -0.055660  0.998020  0.029283  0.060440  -0.025907  0.997836  0.006158  -0.012547  -0.005699  0.053350  0.006241  0.281159  2.000000  0.999871  0.015241  -0.004985  -0.015224  0.999878  0.003464  0.005037  -0.003387  0.999982  0.999986  0.005323  0.000808  -0.005324  0.999985  0.000930  -0.000803  -0.000934  0.999999  1.000000  0.000067  0.000010  -0.000067  1.000000  0.000012  -0.000010  -0.000012  1.000000  0.999871  0.015241  -0.004985  -0.015224  0.999878  0.003464  0.005037  -0.003387  0.999982  0.000073  0.005465  
43.970097 0.011296  0.088777  -0.006293  0.996604  0.057717  -0.058733  -0.056071  0.997997  0.029300  0.060307  -0.025907  0.997844  0.006238  -0.012540  -0.005719  0.053345  -0.002678  0.280908  2.000000  0.999868  0.015502  -0.004940  -0.015485  0.999874  0.003509  0.004994  -0.003432  0.999982  0.999985  0.005320  0.000942  -0.005321  0.999985  0.000929  -0.000937  -0.000934  0.999999  1.000000  0.000067  0.000012  -0.000067  1.000000  0.000012  -0.000012  -0.000012  1.000000  0.999868  0.015502  -0.004940  -0.015485  0.999874  0.003509  0.004994  -0.003432  0.999982  0.000073  0.005482  
43.971100 0.011302  0.088764  -0.006300  0.996592  0.057923  -0.058727  -0.056276  0.997985  0.029312  0.060307  -0.025907  0.997844  0.006232  -0.012543  -0.005790  0.053372  -0.007138  0.280834  2.000000  0.999864  0.015766  -0.004893  -0.015749  0.999870  0.003550  0.004948  -0.003473  0.999982  0.999985  0.005320  0.000942  -0.005321  0.999986  0.000808  -0.000938  -0.000813  0.999999  1.000000  0.000067  0.000012  -0.000067  1.000000  0.000010  -0.000012  -0.000010  1.000000  0.999864  0.015766  -0.004893  -0.015749  0.999870  0.003550  0.004948  -0.003473  0.999982  0.000071  0.005463  
43.972350 0.011311  0.088749  -0.006308  0.996577  0.058330  -0.058582  -0.056687  0.997961  0.029329  0.060173  -0.025908  0.997852  0.006318  -0.012522  -0.005771  0.049338  -0.020529  0.275916  2.000000  0.999860  0.016029  -0.004834  -0.016012  0.999865  0.003588  0.004890  -0.003510  0.999982  0.999985  0.005313  0.001210  -0.005314  0.999986  0.000686  -0.001206  -0.000692  0.999999  1.000000  0.000066  0.000015  -0.000066  1.000000  0.000009  -0.000015  -0.000009  1.000000  0.999860  0.016029  -0.004834  -0.016012  0.999865  0.003588  0.004890  -0.003510  0.999982  0.000071  0.005492  
43.973626 0.011320  0.088733  -0.006316  0.996562  0.058737  -0.058436  -0.057098  0.997937  0.029345  0.060039  -0.025908  0.997860  0.006420  -0.012472  -0.005738  0.045220  -0.029513  0.275436  2.000000  0.999855  0.016369  -0.004754  -0.016352  0.999860  0.003631  0.004813  -0.003552  0.999982  0.999984  0.005515  0.001349  -0.005516  0.999985  0.000697  -0.001345  -0.000705  0.999999  1.000000  0.000069  0.000017  -0.000069  1.000000  0.000009  -0.000017  -0.000009  1.000000  0.999855  0.016369  -0.004754  -0.016352  0.999860  0.003631  0.004813  -0.003552  0.999982  0.000070  0.005721  
43.974846 0.011330  0.088718  -0.006324  0.996546  0.059145  -0.058291  -0.057509  0.997913  0.029362  0.059906  -0.025908  0.997868  0.006594  -0.012442  -0.005800  0.044858  -0.033747  0.273233  2.000000  0.999850  0.016648  -0.004684  -0.016630  0.999855  0.003665  0.004745  -0.003586  0.999982  0.999983  0.005717  0.001488  -0.005718  0.999983  0.000709  -0.001484  -0.000717  0.999999  1.000000  0.000071  0.000019  -0.000071  1.000000  0.000009  -0.000019  -0.000009  1.000000  0.999850  0.016648  -0.004684  -0.016630  0.999855  0.003665  0.004745  -0.003586  0.999982  0.000070  0.005950  
43.975848 0.011338  0.088705  -0.006331  0.996522  0.059556  -0.058279  -0.057919  0.997889  0.029386  0.059906  -0.025908  0.997868  0.006737  -0.012444  -0.005929  0.044877  -0.038207  0.273123  2.000000  0.999846  0.016928  -0.004610  -0.016911  0.999850  0.003693  0.004671  -0.003614  0.999983  0.999984  0.005511  0.001482  -0.005512  0.999985  0.000575  -0.001479  -0.000583  0.999999  1.000000  0.000069  0.000019  -0.000069  1.000000  0.000007  -0.000019  -0.000007  1.000000  0.999846  0.016928  -0.004610  -0.016911  0.999850  0.003693  0.004671  -0.003614  0.999983  0.000069  0.005737  
43.977103 0.011348  0.088688  -0.006341  0.996506  0.059963  -0.058133  -0.058330  0.997864  0.029402  0.059772  -0.025908  0.997876  0.006898  -0.012474  -0.006119  0.041167  -0.047525  0.275118  2.000000  0.999840  0.017281  -0.004518  -0.017264  0.999844  0.003728  0.004582  -0.003649  0.999983  0.999984  0.005511  0.001482  -0.005512  0.999985  0.000574  -0.001479  -0.000583  0.999999  1.000000  0.000069  0.000019  -0.000069  1.000000  0.000007  -0.000019  -0.000007  1.000000  0.999840  0.017281  -0.004518  -0.017264  0.999844  0.003728  0.004582  -0.003649  0.999983  0.000070  0.005737  
43.978349 0.011358  0.088672  -0.006350  0.996490  0.060378  -0.057981  -0.058740  0.997836  0.029539  0.059639  -0.026029  0.997881  0.007031  -0.012579  -0.006396  0.041522  -0.057037  0.277256  2.000000  0.999835  0.017638  -0.004421  -0.017621  0.999838  0.003766  0.004487  -0.003687  0.999983  0.999983  0.005717  0.001489  -0.005718  0.999983  0.000707  -0.001484  -0.000716  0.999999  1.000000  0.000071  0.000019  -0.000071  1.000000  0.000009  -0.000019  -0.000009  1.000000  0.999835  0.017638  -0.004421  -0.017621  0.999838  0.003766  0.004487  -0.003687  0.999983  0.000071  0.005950  
43.979602 0.011368  0.088655  -0.006360  0.996474  0.060785  -0.057835  -0.059151  0.997811  0.029555  0.059505  -0.026030  0.997889  0.007194  -0.012710  -0.006729  0.041568  -0.061225  0.281686  2.000000  0.999829  0.018001  -0.004326  -0.017984  0.999831  0.003806  0.004393  -0.003728  0.999983  0.999982  0.005713  0.001622  -0.005714  0.999984  0.000585  -0.001619  -0.000594  0.999999  1.000000  0.000071  0.000020  -0.000071  1.000000  0.000007  -0.000020  -0.000007  1.000000  0.999829  0.018001  -0.004326  -0.017984  0.999831  0.003806  0.004393  -0.003728  0.999983  0.000071  0.005968  
43.980848 0.011379  0.088638  -0.006370  0.996449  0.061196  -0.057823  -0.059561  0.997786  0.029579  0.059505  -0.026030  0.997889  0.007376  -0.012841  -0.006959  0.037515  -0.065745  0.281601  2.000000  0.999824  0.018302  -0.004244  -0.018286  0.999825  0.003835  0.004313  -0.003757  0.999984  0.999981  0.005919  0.001628  -0.005920  0.999982  0.000597  -0.001624  -0.000607  0.999998  1.000000  0.000074  0.000020  -0.000074  1.000000  0.000008  -0.000020  -0.000008  1.000000  0.999824  0.018302  -0.004244  -0.018286  0.999825  0.003835  0.004313  -0.003757  0.999984  0.000072  0.006168  
43.982099 0.011389  0.088620  -0.006380  0.996433  0.061603  -0.057678  -0.059972  0.997761  0.029595  0.059372  -0.026030  0.997897  0.007543  -0.012966  -0.007152  0.033835  -0.070434  0.288376  2.000000  0.999817  0.018687  -0.004148  -0.018671  0.999818  0.003872  0.004219  -0.003794  0.999984  0.999979  0.006330  0.001639  -0.006331  0.999980  0.000621  -0.001635  -0.000631  0.999998  1.000000  0.000079  0.000020  -0.000079  1.000000  0.000008  -0.000020  -0.000008  1.000000  0.999817  0.018687  -0.004148  -0.018671  0.999818  0.003872  0.004219  -0.003794  0.999984  0.000075  0.006568  
43.983348 0.011400  0.088604  -0.006390  0.996408  0.062014  -0.057665  -0.060382  0.997736  0.029618  0.059372  -0.026030  0.997897  0.007762  -0.013031  -0.007264  0.033838  -0.070442  0.288407  2.000000  0.999810  0.019075  -0.004045  -0.019060  0.999811  0.003909  0.004119  -0.003831  0.999984  0.999979  0.006330  0.001639  -0.006331  0.999980  0.000621  -0.001635  -0.000631  0.999998  1.000000  0.000079  0.000020  -0.000079  1.000000  0.000008  -0.000020  -0.000008  1.000000  0.999810  0.019075  -0.004045  -0.019060  0.999811  0.003909  0.004119  -0.003831  0.999984  0.000076  0.006568  
43.984600 0.011411  0.088587  -0.006397  0.996391  0.062421  -0.057520  -0.060793  0.997710  0.029634  0.059238  -0.026030  0.997904  0.007908  -0.013065  -0.007170  0.029910  -0.074515  0.292760  2.000000  0.999803  0.019469  -0.003947  -0.019453  0.999803  0.003946  0.004023  -0.003868  0.999984  0.999979  0.006330  0.001639  -0.006331  0.999980  0.000620  -0.001635  -0.000631  0.999998  1.000000  0.000079  0.000020  -0.000079  1.000000  0.000008  -0.000020  -0.000008  1.000000  0.999803  0.019469  -0.003947  -0.019453  0.999803  0.003946  0.004023  -0.003868  0.999984  0.000076  0.006568  
