1-Time 2-Px 3-Py 4-Pz 5-R11 6-R21 7-R31 8-R12 9-R22 10-R32 11-R13 12-R23 13-R33 14-Vx 15-Vy 16-Vz 17-Wx 18-Wy 19-Wz 20-state 21-PR11 22-PR21 23-PR31 24-PR12 25-PR22 26-PR32 27-PR13 28-PR23 29-PR33 
122.450923 0.006125  0.091695  -0.006024  0.996849  0.068765  -0.039547  -0.066179  0.995793  0.063370  0.043738  -0.060553  0.997206  -0.000437  0.000119  0.001312  0.001826  -0.181144  -0.059470  2.000000  1.000000  0.000000  0.000000  0.000000  1.000000  0.000000  0.000000  0.000000  1.000000  0.999990  -0.001491  0.004199  0.001491  0.999999  0.000068  -0.004199  -0.000061  0.999991  1.000000  0.000000  0.000000  0.000000  1.000000  0.000000  0.000000  0.000000  1.000000  0.685279  0.417719  0.596576  -0.423040  0.895104  -0.140805  -0.592815  -0.155885  0.790108  0.000048  0.000000  
122.451931 0.006125  0.091695  -0.006023  0.996855  0.068757  -0.039414  -0.066179  0.995794  0.063361  0.043605  -0.060554  0.997212  -0.000409  0.000089  0.001275  0.001832  -0.181105  -0.059458  2.000000  1.000000  0.000000  0.000000  0.000000  1.000000  0.000000  0.000000  0.000000  1.000000  0.999991  -0.001278  0.004078  0.001277  0.999999  0.000077  -0.004078  -0.000072  0.999992  1.000000  0.000000  0.000000  0.000000  1.000000  0.000000  0.000000  0.000000  1.000000  1.000000  0.000000  0.000000  0.000000  1.000000  0.000000  0.000000  0.000000  1.000000  0.000048  0.000000  
122.452934 0.006124  0.091693  -0.006024  0.996853  0.068951  -0.039126  -0.066385  0.995773  0.063473  0.043337  -0.060675  0.997216  -0.000401  -0.000031  0.001114  0.006236  -0.185960  -0.052829  2.000000  1.000000  0.000000  0.000000  0.000000  1.000000  0.000000  0.000000  0.000000  1.000000  0.999991  -0.001072  0.004090  0.001072  0.999999  0.000086  -0.004090  -0.000082  0.999992  1.000000  0.000000  0.000000  0.000000  1.000000  0.000000  0.000000  0.000000  1.000000  1.000000  0.000000  0.000000  0.000000  1.000000  0.000000  0.000000  0.000000  1.000000  0.000048  0.000000  
122.454180 0.006124  0.091689  -0.006026  0.996831  0.069357  -0.038958  -0.066796  0.995738  0.063600  0.043204  -0.060797  0.997215  -0.000391  -0.000291  0.000840  0.010955  -0.186813  -0.039049  2.000000  1.000000  0.000000  0.000000  0.000000  1.000000  0.000000  0.000000  0.000000  1.000000  0.999991  -0.000662  0.004115  0.000662  1.000000  0.000225  -0.004115  -0.000223  0.999992  1.000000  0.000000  0.000000  0.000000  1.000000  0.000000  0.000000  0.000000  1.000000  1.000000  0.000000  0.000000  0.000000  1.000000  0.000000  0.000000  0.000000  1.000000  0.000048  0.000000  
122.455185 0.006125  0.091686  -0.006028  0.996823  0.069559  -0.038804  -0.067001  0.995716  0.063720  0.043070  -0.060918  0.997213  -0.000310  -0.000521  0.000617  0.015350  -0.187209  -0.032159  2.000000  1.000000  0.000000  0.000000  0.000000  1.000000  0.000000  0.000000  0.000000  1.000000  0.999991  -0.000458  0.004128  0.000456  1.000000  0.000356  -0.004128  -0.000354  0.999991  1.000000  0.000000  0.000000  0.000000  1.000000  0.000000  0.000000  0.000000  1.000000  1.000000  0.000000  0.000000  0.000000  1.000000  0.000000  0.000000  0.000000  1.000000  0.000048  0.000000  
122.456433 0.006126  0.091682  -0.006030  0.996821  0.069752  -0.038516  -0.067207  0.995695  0.063831  0.042802  -0.061040  0.997217  -0.000164  -0.000836  0.000322  0.020063  -0.192547  -0.018650  2.000000  1.000000  0.000000  0.000000  0.000000  1.000000  0.000000  0.000000  0.000000  1.000000  0.999991  -0.000048  0.004153  0.000046  1.000000  0.000616  -0.004153  -0.000616  0.999991  1.000000  0.000000  0.000000  0.000000  1.000000  0.000000  0.000000  0.000000  1.000000  1.000000  0.000000  0.000000  0.000000  1.000000  0.000000  0.000000  0.000000  1.000000  0.000049  0.000000  
122.457684 0.006128  0.091678  -0.006032  0.996798  0.070164  -0.038339  -0.067618  0.995651  0.064079  0.042669  -0.061282  0.997208  -0.000001  -0.001120  0.000082  0.028872  -0.193564  -0.004883  2.000000  1.000000  0.000000  0.000000  0.000000  1.000000  0.000000  0.000000  0.000000  1.000000  0.999991  0.000156  0.004165  -0.000160  1.000000  0.000867  -0.004165  -0.000868  0.999991  1.000000  0.000000  0.000000  0.000000  1.000000  0.000000  0.000000  0.000000  1.000000  1.000000  0.000000  0.000000  0.000000  1.000000  0.000000  0.000000  0.000000  1.000000  0.000049  0.000000  
122.458934 0.006130  0.091674  -0.006034  0.996771  0.070583  -0.038296  -0.068029  0.995607  0.064337  0.042669  -0.061524  0.997193  0.000194  -0.001377  -0.000138  0.037622  -0.189722  0.009167  2.000000  1.000000  0.000000  0.000000  0.000000  1.000000  0.000000  0.000000  0.000000  1.000000  0.999992  0.000788  0.003936  -0.000792  0.999999  0.001015  -0.003935  -0.001018  0.999992  1.000000  0.000000  0.000000  0.000000  1.000000  0.000000  0.000000  0.000000  1.000000  1.000000  0.000000  0.000000  0.000000  1.000000  0.000000  0.000000  0.000000  1.000000  0.000049  0.000000  
122.459935 0.006132  0.091671  -0.006035  0.996748  0.070989  -0.038128  -0.068439  0.995570  0.064464  0.042535  -0.061645  0.997191  0.000354  -0.001601  -0.000298  0.042319  -0.186078  0.023224  2.000000  1.000000  0.000000  0.000000  0.000000  1.000000  0.000000  0.000000  0.000000  1.000000  0.999991  0.001403  0.003974  -0.001408  0.999998  0.001283  -0.003973  -0.001289  0.999991  1.000000  0.000000  0.000000  0.000000  1.000000  0.000000  0.000000  0.000000  1.000000  1.000000  0.000000  0.000000  0.000000  1.000000  0.000000  0.000000  0.000000  1.000000  0.000049  0.000000  
122.461179 0.006134  0.091667  -0.006037  0.996711  0.071600  -0.037946  -0.069055  0.995519  0.064599  0.042401  -0.061766  0.997190  0.000509  -0.001862  -0.000548  0.047648  -0.187803  0.050810  2.000000  1.000000  0.000000  0.000000  0.000000  1.000000  0.000000  0.000000  0.000000  1.000000  0.999991  0.001829  0.003733  -0.001835  0.999997  0.001422  -0.003730  -0.001429  0.999992  1.000000  0.000000  0.000000  0.000000  1.000000  0.000000  0.000000  0.000000  1.000000  1.000000  0.000000  0.000000  0.000000  1.000000  0.000000  0.000000  0.000000  1.000000  0.000048  0.000000  
122.462180 0.006136  0.091664  -0.006040  0.996683  0.072015  -0.037911  -0.069466  0.995482  0.064736  0.042401  -0.061887  0.997182  0.000696  -0.002094  -0.000778  0.052353  -0.184200  0.064883  2.000000  1.000000  0.000000  0.000000  0.000000  1.000000  0.000000  0.000000  0.000000  1.000000  0.999991  0.002248  0.003625  -0.002253  0.999996  0.001439  -0.003622  -0.001447  0.999992  1.000000  0.000000  0.000000  0.000000  1.000000  0.000000  0.000000  0.000000  1.000000  1.000000  0.000000  0.000000  0.000000  1.000000  0.000000  0.000000  0.000000  1.000000  0.000050  0.000000  
122.463434 0.006140  0.091660  -0.006042  0.996645  0.072626  -0.037729  -0.070082  0.995430  0.064870  0.042268  -0.062009  0.997180  0.000948  -0.002331  -0.001047  0.057327  -0.180924  0.085817  2.000000  1.000000  0.000000  0.000000  0.000000  1.000000  0.000000  0.000000  0.000000  1.000000  0.999989  0.003077  0.003543  -0.003082  0.999994  0.001595  -0.003538  -0.001606  0.999992  1.000000  0.000000  0.000000  0.000000  1.000000  0.000000  0.000000  0.000000  1.000000  1.000000  0.000000  0.000000  0.000000  1.000000  0.000000  0.000000  0.000000  1.000000  0.000053  0.000000  
122.464680 0.006144  0.091658  -0.006044  0.996602  0.073245  -0.037680  -0.070697  0.995377  0.065014  0.042268  -0.062130  0.997173  0.001294  -0.002486  -0.001253  0.062335  -0.177740  0.106789  2.000000  1.000000  0.000000  0.000000  0.000000  1.000000  0.000000  0.000000  0.000000  1.000000  0.999987  0.003922  0.003194  -0.003928  0.999991  0.001751  -0.003187  -0.001763  0.999993  1.000000  0.000000  0.000000  0.000000  1.000000  0.000000  0.000000  0.000000  1.000000  1.000000  0.000000  0.000000  0.000000  1.000000  0.000000  0.000000  0.000000  1.000000  0.000054  0.000000  
122.465930 0.006149  0.091655  -0.006046  0.996549  0.074061  -0.037484  -0.071518  0.995309  0.065157  0.042134  -0.062251  0.997171  0.001627  -0.002719  -0.001460  0.067941  -0.175409  0.141570  2.000000  1.000000  0.000000  0.000000  0.000000  1.000000  0.000000  0.000000  0.000000  1.000000  0.999984  0.004751  0.003112  -0.004757  0.999987  0.001906  -0.003103  -0.001921  0.999993  1.000000  0.000000  0.000000  0.000000  1.000000  0.000000  0.000000  0.000000  1.000000  1.000000  0.000000  0.000000  0.000000  1.000000  0.000000  0.000000  0.000000  1.000000  0.000058  0.000000  
122.467181 0.006153  0.091652  -0.006048  0.996510  0.074672  -0.037302  -0.072134  0.995256  0.065291  0.042000  -0.062372  0.997169  0.001973  -0.002875  -0.001667  0.072900  -0.172182  0.162514  2.000000  1.000000  0.000202  0.000111  -0.000202  1.000000  0.000076  -0.000111  -0.000076  1.000000  0.999980  0.005589  0.002897  -0.005595  0.999982  0.002062  -0.002886  -0.002078  0.999994  1.000000  0.000070  0.000036  -0.000070  1.000000  0.000026  -0.000036  -0.000026  1.000000  1.000000  0.000202  0.000111  -0.000202  1.000000  0.000076  -0.000111  -0.000076  1.000000  0.000062  0.006627  
122.468430 0.006158  0.091648  -0.006049  0.996450  0.075501  -0.037230  -0.072955  0.995178  0.065563  0.042000  -0.062614  0.997154  0.002241  -0.002954  -0.001605  0.082259  -0.164937  0.190652  2.000000  1.000000  0.000574  0.000292  -0.000574  1.000000  0.000211  -0.000292  -0.000211  1.000000  0.999977  0.006212  0.002803  -0.006219  0.999978  0.002208  -0.002790  -0.002225  0.999994  1.000000  0.000078  0.000035  -0.000078  1.000000  0.000028  -0.000035  -0.000028  1.000000  1.000000  0.000574  0.000292  -0.000574  1.000000  0.000211  -0.000292  -0.000211  1.000000  0.000065  0.007167  
122.469438 0.006162  0.091643  -0.006050  0.996405  0.076120  -0.037180  -0.073570  0.995123  0.065707  0.042000  -0.062735  0.997146  0.002474  -0.003032  -0.001588  0.087516  -0.162111  0.218443  2.000000  0.999999  0.000906  0.000423  -0.000906  1.000000  0.000330  -0.000423  -0.000330  1.000000  0.999973  0.006844  0.002577  -0.006851  0.999973  0.002476  -0.002560  -0.002494  0.999994  1.000000  0.000086  0.000032  -0.000086  1.000000  0.000031  -0.000032  -0.000031  1.000000  0.999999  0.000906  0.000423  -0.000906  1.000000  0.000330  -0.000423  -0.000330  1.000000  0.000071  0.007724  
122.470683 0.006166  0.091637  -0.006050  0.996360  0.076748  -0.037112  -0.074186  0.995052  0.066092  0.042000  -0.063098  0.997123  0.002733  -0.003164  -0.001381  0.100636  -0.154476  0.239685  2.000000  0.999999  0.001358  0.000574  -0.001358  0.999999  0.000493  -0.000573  -0.000494  1.000000  0.999969  0.007477  0.002350  -0.007483  0.999968  0.002744  -0.002330  -0.002762  0.999993  1.000000  0.000093  0.000029  -0.000093  1.000000  0.000034  -0.000029  -0.000034  1.000000  0.999999  0.001358  0.000574  -0.001358  0.999999  0.000493  -0.000573  -0.000494  1.000000  0.000074  0.008307  
122.471754 0.006170  0.091631  -0.006051  0.996314  0.077372  -0.037052  -0.074801  0.994988  0.066356  0.042000  -0.063340  0.997108  0.002904  -0.003351  -0.001332  0.105344  -0.146489  0.260301  2.000000  0.999998  0.001763  0.000686  -0.001764  0.999998  0.000641  -0.000685  -0.000642  1.000000  0.999963  0.008314  0.002137  -0.008320  0.999961  0.003021  -0.002112  -0.003039  0.999993  1.000000  0.000104  0.000027  -0.000104  1.000000  0.000038  -0.000027  -0.000038  1.000000  0.999998  0.001763  0.000686  -0.001764  0.999998  0.000641  -0.000685  -0.000642  1.000000  0.000078  0.009103  
122.472934 0.006174  0.091622  -0.006052  0.996252  0.078204  -0.036969  -0.075621  0.994900  0.066749  0.042000  -0.063703  0.997085  0.003068  -0.003702  -0.001306  0.119293  -0.140050  0.295921  2.000000  0.999997  0.002205  0.000793  -0.002205  0.999997  0.000807  -0.000791  -0.000809  0.999999  0.999956  0.009143  0.002060  -0.009150  0.999952  0.003419  -0.002028  -0.003438  0.999992  1.000000  0.000114  0.000026  -0.000114  1.000000  0.000043  -0.000026  -0.000043  1.000000  0.999997  0.002205  0.000793  -0.002205  0.999997  0.000807  -0.000791  -0.000809  0.999999  0.000086  0.009979  
122.474185 0.006179  0.091612  -0.006054  0.996210  0.078824  -0.036766  -0.076237  0.994828  0.067123  0.041867  -0.064066  0.997067  0.003268  -0.004117  -0.001312  0.132341  -0.132423  0.317150  2.000000  0.999996  0.002787  0.000918  -0.002787  0.999996  0.001032  -0.000915  -0.001035  0.999999  0.999952  0.009553  0.002089  -0.009560  0.999948  0.003677  -0.002054  -0.003697  0.999991  1.000000  0.000119  0.000026  -0.000119  1.000000  0.000046  -0.000026  -0.000046  1.000000  0.999996  0.002787  0.000918  -0.002787  0.999996  0.001032  -0.000915  -0.001035  0.999999  0.000093  0.010451  
122.475185 0.006183  0.091603  -0.006056  0.996163  0.079447  -0.036705  -0.076852  0.994763  0.067387  0.041867  -0.064308  0.997051  0.003372  -0.004459  -0.001327  0.141367  -0.129266  0.338096  2.000000  0.999995  0.003150  0.000993  -0.003151  0.999994  0.001178  -0.000990  -0.001181  0.999999  0.999950  0.009766  0.001973  -0.009773  0.999945  0.003928  -0.001934  -0.003947  0.999990  1.000000  0.000122  0.000024  -0.000122  1.000000  0.000049  -0.000024  -0.000049  1.000000  0.999995  0.003150  0.000993  -0.003151  0.999994  0.001178  -0.000990  -0.001181  0.999999  0.000096  0.010713  
122.476434 0.006187  0.091591  -0.006060  0.996121  0.080066  -0.036502  -0.077468  0.994689  0.067761  0.041733  -0.064671  0.997034  0.003492  -0.005039  -0.001448  0.154701  -0.122092  0.366240  2.000000  0.999992  0.003784  0.001113  -0.003785  0.999992  0.001432  -0.001107  -0.001436  0.999998  0.999944  0.010389  0.001883  -0.010397  0.999937  0.004195  -0.001839  -0.004214  0.999989  1.000000  0.000130  0.000023  -0.000130  1.000000  0.000053  -0.000023  -0.000053  1.000000  0.999992  0.003784  0.001113  -0.003785  0.999992  0.001432  -0.001107  -0.001436  0.999998  0.000105  0.011365  
122.477684 0.006192  0.091579  -0.006063  0.996062  0.080890  -0.036283  -0.078289  0.994599  0.068143  0.041599  -0.065034  0.997016  0.003650  -0.005555  -0.001474  0.168040  -0.119408  0.394086  2.000000  0.999989  0.004443  0.001229  -0.004446  0.999989  0.001697  -0.001222  -0.001702  0.999998  0.999940  0.010800  0.001912  -0.010807  0.999933  0.004210  -0.001867  -0.004231  0.999989  1.000000  0.000135  0.000024  -0.000135  1.000000  0.000053  -0.000024  -0.000053  1.000000  0.999989  0.004443  0.001229  -0.004446  0.999989  0.001697  -0.001222  -0.001702  0.999998  0.000110  0.011752  
122.478929 0.006198  0.091568  -0.006066  0.996019  0.081508  -0.036079  -0.078904  0.994525  0.068517  0.041466  -0.065397  0.996997  0.003784  -0.006111  -0.001558  0.181075  -0.111832  0.415397  2.000000  0.999986  0.005126  0.001346  -0.005129  0.999985  0.001971  -0.001336  -0.001977  0.999997  0.999940  0.010799  0.001916  -0.010807  0.999932  0.004330  -0.001869  -0.004351  0.999989  1.000000  0.000135  0.000024  -0.000135  1.000000  0.000054  -0.000024  -0.000054  1.000000  0.999986  0.005126  0.001346  -0.005129  0.999985  0.001971  -0.001336  -0.001977  0.999997  0.000116  0.011795  
122.480180 0.006204  0.091557  -0.006068  0.995976  0.082123  -0.035883  -0.079520  0.994458  0.068770  0.041332  -0.065639  0.996987  0.003902  -0.006671  -0.001559  0.190391  -0.113654  0.443074  2.000000  0.999982  0.005816  0.001469  -0.005820  0.999981  0.002251  -0.001456  -0.002259  0.999996  0.999935  0.011209  0.001947  -0.011218  0.999927  0.004588  -0.001896  -0.004610  0.999988  1.000000  0.000140  0.000024  -0.000140  1.000000  0.000057  -0.000024  -0.000057  1.000000  0.999982  0.005816  0.001469  -0.005820  0.999981  0.002251  -0.001456  -0.002259  0.999996  0.000123  0.012271  
122.481430 0.006210  0.091546  -0.006069  0.995938  0.082732  -0.035545  -0.080136  0.994384  0.069132  0.041065  -0.066003  0.996974  0.003942  -0.007225  -0.001489  0.201712  -0.114104  0.459953  2.000000  0.999978  0.006508  0.001598  -0.006512  0.999976  0.002537  -0.001582  -0.002548  0.999996  0.999937  0.010985  0.002203  -0.010995  0.999929  0.004577  -0.002153  -0.004601  0.999987  1.000000  0.000137  0.000027  -0.000137  1.000000  0.000057  -0.000027  -0.000057  1.000000  0.999978  0.006508  0.001598  -0.006512  0.999976  0.002537  -0.001582  -0.002548  0.999996  0.000128  0.012108  
122.482437 0.006215  0.091537  -0.006069  0.995910  0.083137  -0.035373  -0.080546  0.994342  0.069257  0.040931  -0.066124  0.996972  0.004021  -0.007663  -0.001402  0.207681  -0.115511  0.470640  2.000000  0.999974  0.007063  0.001708  -0.007067  0.999971  0.002771  -0.001688  -0.002783  0.999995  0.999937  0.010985  0.002206  -0.010995  0.999929  0.004696  -0.002154  -0.004720  0.999987  1.000000  0.000137  0.000027  -0.000137  1.000000  0.000059  -0.000027  -0.000059  1.000000  0.999974  0.007063  0.001708  -0.007067  0.999971  0.002771  -0.001688  -0.002783  0.999995  0.000132  0.012154  
122.483680 0.006221  0.091527  -0.006067  0.995871  0.083742  -0.035044  -0.081162  0.994275  0.069498  0.040664  -0.066367  0.996966  0.004114  -0.008005  -0.001182  0.210498  -0.119970  0.480156  2.000000  0.999969  0.007619  0.001827  -0.007624  0.999966  0.003010  -0.001804  -0.003024  0.999994  0.999934  0.011172  0.002490  -0.011184  0.999926  0.004823  -0.002435  -0.004851  0.999985  1.000000  0.000140  0.000031  -0.000140  1.000000  0.000060  -0.000031  -0.000060  1.000000  0.999969  0.007619  0.001827  -0.007624  0.999966  0.003010  -0.001804  -0.003024  0.999994  0.000134  0.012426  
122.484681 0.006225  0.091518  -0.006066  0.995848  0.084142  -0.034729  -0.081573  0.994225  0.069732  0.040396  -0.066609  0.996961  0.004130  -0.008325  -0.001074  0.216213  -0.121067  0.484176  2.000000  0.999965  0.008175  0.001954  -0.008181  0.999961  0.003254  -0.001927  -0.003270  0.999993  0.999937  0.010957  0.002611  -0.010970  0.999928  0.004933  -0.002556  -0.004961  0.999984  1.000000  0.000137  0.000032  -0.000137  1.000000  0.000062  -0.000032  -0.000062  1.000000  0.999965  0.008175  0.001954  -0.008181  0.999961  0.003254  -0.001927  -0.003270  0.999993  0.000136  0.012303  
122.485934 0.006229  0.091506  -0.006064  0.995825  0.084538  -0.034425  -0.081984  0.994183  0.069845  0.040129  -0.066731  0.996964  0.004143  -0.008667  -0.000921  0.210835  -0.125470  0.493511  2.000000  0.999958  0.008862  0.002123  -0.008869  0.999954  0.003566  -0.002092  -0.003585  0.999991  0.999936  0.010948  0.002747  -0.010962  0.999927  0.005051  -0.002691  -0.005081  0.999983  1.000000  0.000137  0.000034  -0.000137  1.000000  0.000063  -0.000034  -0.000063  1.000000  0.999958  0.008862  0.002123  -0.008869  0.999954  0.003566  -0.002092  -0.003585  0.999991  0.000139  0.012372  
122.487183 0.006233  0.091492  -0.006063  0.995791  0.085134  -0.033962  -0.082600  0.994116  0.070074  0.039728  -0.066974  0.996963  0.004108  -0.009019  -0.000765  0.215000  -0.130454  0.500066  2.000000  0.999952  0.009532  0.002307  -0.009541  0.999947  0.003883  -0.002270  -0.003905  0.999990  0.999940  0.010510  0.003122  -0.010526  0.999931  0.005152  -0.003068  -0.005185  0.999982  1.000000  0.000131  0.000039  -0.000131  1.000000  0.000065  -0.000039  -0.000065  1.000000  0.999952  0.009532  0.002307  -0.009541  0.999947  0.003883  -0.002270  -0.003905  0.999990  0.000141  0.012121  
122.488433 0.006235  0.091478  -0.006062  0.995772  0.085524  -0.033514  -0.083012  0.994066  0.070296  0.039327  -0.067217  0.996963  0.003955  -0.009369  -0.000593  0.215037  -0.144021  0.499501  2.000000  0.999945  0.010175  0.002508  -0.010186  0.999939  0.004202  -0.002465  -0.004228  0.999988  0.999944  0.010090  0.003230  -0.010106  0.999936  0.005134  -0.003178  -0.005166  0.999982  1.000000  0.000126  0.000040  -0.000126  1.000000  0.000064  -0.000040  -0.000064  1.000000  0.999945  0.010175  0.002508  -0.010186  0.999939  0.004202  -0.002465  -0.004228  0.999988  0.000140  0.011780  
122.489683 0.006238  0.091464  -0.006060  0.995754  0.085915  -0.033065  -0.083423  0.994016  0.070518  0.038926  -0.067460  0.996962  0.003833  -0.009571  -0.000358  0.216286  -0.153791  0.495865  2.000000  0.999938  0.010797  0.002728  -0.010809  0.999931  0.004526  -0.002679  -0.004555  0.999986  0.999945  0.009857  0.003619  -0.009876  0.999937  0.005243  -0.003567  -0.005278  0.999980  1.000000  0.000123  0.000045  -0.000123  1.000000  0.000066  -0.000045  -0.000066  1.000000  0.999938  0.010797  0.002728  -0.010809  0.999931  0.004526  -0.002679  -0.004555  0.999986  0.000140  0.011745  
122.490935 0.006241  0.091451  -0.006057  0.995735  0.086309  -0.032606  -0.083834  0.993957  0.070859  0.038524  -0.067824  0.996953  0.003721  -0.009679  0.000102  0.223972  -0.162400  0.488232  2.000000  0.999932  0.011286  0.002924  -0.011300  0.999925  0.004785  -0.002870  -0.004818  0.999984  0.999946  0.009623  0.004008  -0.009644  0.999940  0.005231  -0.003957  -0.005269  0.999978  1.000000  0.000120  0.000050  -0.000120  1.000000  0.000066  -0.000050  -0.000066  1.000000  0.999932  0.011286  0.002924  -0.011300  0.999925  0.004785  -0.002870  -0.004818  0.999984  0.000140  0.011672  
122.492182 0.006244  0.091438  -0.006054  0.995715  0.086699  -0.032157  -0.084246  0.993907  0.071080  0.038123  -0.068067  0.996952  0.003582  -0.009757  0.000529  0.227721  -0.175540  0.480539  2.000000  0.999924  0.011886  0.003192  -0.011902  0.999916  0.005112  -0.003131  -0.005149  0.999982  0.999944  0.009595  0.004412  -0.009618  0.999940  0.005227  -0.004362  -0.005269  0.999977  1.000000  0.000120  0.000055  -0.000120  1.000000  0.000066  -0.000055  -0.000066  1.000000  0.999924  0.011886  0.003192  -0.011902  0.999916  0.005112  -0.003131  -0.005149  0.999982  0.000143  0.011793  
122.493432 0.006247  0.091424  -0.006052  0.995696  0.087088  -0.031708  -0.084657  0.993856  0.071301  0.037722  -0.068310  0.996951  0.003353  -0.009925  0.000956  0.229743  -0.183071  0.475940  2.000000  0.999916  0.012456  0.003485  -0.012475  0.999907  0.005429  -0.003417  -0.005472  0.999979  0.999949  0.008951  0.004772  -0.008975  0.999947  0.005079  -0.004727  -0.005122  0.999976  1.000000  0.000112  0.000059  -0.000112  1.000000  0.000064  -0.000059  -0.000064  1.000000  0.999916  0.012456  0.003485  -0.012475  0.999907  0.005429  -0.003417  -0.005472  0.999979  0.000142  0.011354  
122.494433 0.006249  0.091412  -0.006050  0.995676  0.087478  -0.031258  -0.085068  0.993805  0.071521  0.037321  -0.068552  0.996949  0.003197  -0.010075  0.001090  0.235337  -0.197675  0.472047  2.000000  0.999910  0.012892  0.003740  -0.012913  0.999901  0.005676  -0.003666  -0.005724  0.999977  0.999951  0.008512  0.005147  -0.008537  0.999951  0.004939  -0.005104  -0.004983  0.999975  1.000000  0.000107  0.000064  -0.000107  1.000000  0.000062  -0.000064  -0.000062  1.000000  0.999910  0.012892  0.003740  -0.012913  0.999901  0.005676  -0.003666  -0.005724  0.999977  0.000140  0.011115  
122.495678 0.006251  0.091398  -0.006050  0.995665  0.087852  -0.030532  -0.085480  0.993747  0.071838  0.036653  -0.068917  0.996949  0.002954  -0.010311  0.001251  0.242792  -0.214867  0.457105  2.000000  0.999902  0.013414  0.004080  -0.013439  0.999892  0.005976  -0.004000  -0.006031  0.999974  0.999950  0.008268  0.005668  -0.008296  0.999954  0.004805  -0.005628  -0.004851  0.999972  1.000000  0.000104  0.000071  -0.000104  1.000000  0.000060  -0.000071  -0.000060  1.000000  0.999902  0.013414  0.004080  -0.013439  0.999892  0.005976  -0.004000  -0.006031  0.999974  0.000142  0.011127  
122.496680 0.006253  0.091386  -0.006049  0.995645  0.088238  -0.030093  -0.085891  0.993704  0.071937  0.036251  -0.069039  0.996955  0.002773  -0.010505  0.001319  0.242393  -0.227900  0.449234  2.000000  0.999895  0.013819  0.004374  -0.013846  0.999885  0.006210  -0.004287  -0.006270  0.999971  0.999950  0.008043  0.005923  -0.008071  0.999957  0.004672  -0.005885  -0.004720  0.999972  1.000000  0.000101  0.000074  -0.000101  1.000000  0.000059  -0.000074  -0.000059  1.000000  0.999895  0.013819  0.004374  -0.013846  0.999885  0.006210  -0.004287  -0.006270  0.999971  0.000143  0.011038  
122.497931 0.006254  0.091371  -0.006049  0.995633  0.088608  -0.029378  -0.086303  0.993654  0.072133  0.035583  -0.069282  0.996962  0.002469  -0.010812  0.001305  0.246027  -0.245487  0.441135  2.000000  0.999886  0.014312  0.004768  -0.014343  0.999876  0.006496  -0.004675  -0.006564  0.999968  0.999949  0.007800  0.006445  -0.007830  0.999958  0.004660  -0.006408  -0.004710  0.999968  1.000000  0.000098  0.000080  -0.000098  1.000000  0.000059  -0.000080  -0.000059  1.000000  0.999886  0.014312  0.004768  -0.014343  0.999876  0.006496  -0.004675  -0.006564  0.999968  0.000141  0.011150  
122.499177 0.006256  0.091356  -0.006049  0.995603  0.089182  -0.028647  -0.086920  0.993586  0.072334  0.034914  -0.069526  0.996969  0.002227  -0.011073  0.001198  0.243872  -0.265849  0.436015  2.000000  0.999879  0.014700  0.005113  -0.014735  0.999869  0.006718  -0.005013  -0.006793  0.999964  0.999946  0.007762  0.006979  -0.007793  0.999960  0.004412  -0.006945  -0.004466  0.999966  1.000000  0.000097  0.000087  -0.000097  1.000000  0.000055  -0.000087  -0.000055  1.000000  0.999879  0.014700  0.005113  -0.014735  0.999869  0.006718  -0.005013  -0.006793  0.999964  0.000143  0.011343  
122.500179 0.006257  0.091344  -0.006048  0.995590  0.089549  -0.027942  -0.087332  0.993544  0.072408  0.034246  -0.069648  0.996984  0.002029  -0.011232  0.001110  0.243721  -0.288157  0.434511  2.000000  0.999871  0.015079  0.005482  -0.015117  0.999862  0.006936  -0.005377  -0.007018  0.999961  0.999944  0.007518  0.007501  -0.007551  0.999962  0.004400  -0.007467  -0.004456  0.999962  1.000000  0.000094  0.000094  -0.000094  1.000000  0.000055  -0.000094  -0.000055  1.000000  0.999871  0.015079  0.005482  -0.015117  0.999862  0.006936  -0.005377  -0.007018  0.999961  0.000143  0.011506  
122.501179 0.006258  0.091333  -0.006048  0.995572  0.089924  -0.027370  -0.087744  0.993502  0.072493  0.033711  -0.069771  0.996993  0.001863  -0.011369  0.001043  0.235249  -0.305604  0.426408  2.000000  0.999863  0.015448  0.005874  -0.015490  0.999854  0.007148  -0.005763  -0.007238  0.999957  0.999942  0.007284  0.007888  -0.007317  0.999964  0.004267  -0.007856  -0.004325  0.999960  1.000000  0.000091  0.000098  -0.000091  1.000000  0.000054  -0.000098  -0.000054  1.000000  0.999863  0.015448  0.005874  -0.015490  0.999854  0.007148  -0.005763  -0.007238  0.999957  0.000143  0.011564  
122.502179 0.006259  0.091321  -0.006047  0.995559  0.090290  -0.026665  -0.088156  0.993460  0.072566  0.033042  -0.069893  0.997007  0.001735  -0.011418  0.001041  0.230982  -0.327739  0.418360  2.000000  0.999855  0.015816  0.006288  -0.015862  0.999847  0.007355  -0.006171  -0.007453  0.999953  0.999938  0.007245  0.008422  -0.007280  0.999965  0.004141  -0.008392  -0.004202  0.999956  1.000000  0.000091  0.000105  -0.000091  1.000000  0.000052  -0.000105  -0.000052  1.000000  0.999855  0.015816  0.006288  -0.015862  0.999847  0.007355  -0.006171  -0.007453  0.999953  0.000145  0.011868  
122.503183 0.006259  0.091309  -0.006046  0.995540  0.090668  -0.026081  -0.088567  0.993408  0.072771  0.032507  -0.070136  0.997008  0.001626  -0.011428  0.001059  0.230404  -0.344891  0.409877  2.000000  0.999846  0.016182  0.006724  -0.016233  0.999840  0.007558  -0.006601  -0.007666  0.999949  0.999935  0.007216  0.008824  -0.007253  0.999965  0.004137  -0.008793  -0.004201  0.999953  1.000000  0.000090  0.000110  -0.000090  1.000000  0.000052  -0.000110  -0.000052  1.000000  0.999846  0.016182  0.006724  -0.016233  0.999840  0.007558  -0.006601  -0.007666  0.999949  0.000144  0.012137  
122.504201 0.006260  0.091298  -0.006044  0.995506  0.091238  -0.025361  -0.089184  0.993348  0.072848  0.031839  -0.070259  0.997021  0.001495  -0.011465  0.001055  0.221456  -0.368315  0.401901  2.000000  0.999837  0.016544  0.007178  -0.016600  0.999832  0.007756  -0.007048  -0.007874  0.999944  0.999932  0.007187  0.009225  -0.007224  0.999966  0.004011  -0.009196  -0.004077  0.999949  1.000000  0.000090  0.000115  -0.000090  1.000000  0.000051  -0.000115  -0.000051  1.000000  0.999837  0.016544  0.007178  -0.016600  0.999832  0.007756  -0.007048  -0.007874  0.999944  0.000147  0.012374  
122.505430 0.006261  0.091285  -0.006042  0.995476  0.091798  -0.024508  -0.089801  0.993287  0.072912  0.031036  -0.070381  0.997037  0.001461  -0.011416  0.001096  0.213666  -0.389186  0.399932  2.000000  0.999828  0.016914  0.007659  -0.016975  0.999824  0.007953  -0.007524  -0.008082  0.999939  0.999925  0.007352  0.009775  -0.007392  0.999965  0.004011  -0.009745  -0.004083  0.999944  1.000000  0.000092  0.000122  -0.000092  1.000000  0.000051  -0.000122  -0.000051  1.000000  0.999828  0.016914  0.007659  -0.016975  0.999824  0.007953  -0.007524  -0.008082  0.999939  0.000150  0.012884  
122.506433 0.006263  0.091274  -0.006039  0.995459  0.092163  -0.023802  -0.090213  0.993245  0.072982  0.030368  -0.070504  0.997049  0.001338  -0.011398  0.001103  0.209415  -0.406993  0.398593  2.000000  0.999820  0.017196  0.008042  -0.017261  0.999818  0.008100  -0.007901  -0.008238  0.999935  0.999918  0.007519  0.010324  -0.007560  0.999963  0.004013  -0.010294  -0.004090  0.999939  1.000000  0.000094  0.000129  -0.000094  1.000000  0.000051  -0.000129  -0.000051  1.000000  0.999820  0.017196  0.008042  -0.017261  0.999818  0.008100  -0.007901  -0.008238  0.999935  0.000152  0.013399  
122.507684 0.006263  0.091262  -0.006037  0.995427  0.092723  -0.022949  -0.090830  0.993184  0.073045  0.029565  -0.070626  0.997065  0.001184  -0.011375  0.001070  0.200883  -0.428867  0.390140  2.000000  0.999806  0.017669  0.008706  -0.017742  0.999808  0.008340  -0.008557  -0.008493  0.999927  0.999914  0.007489  0.010725  -0.007531  0.999964  0.003885  -0.010696  -0.003965  0.999935  1.000000  0.000094  0.000134  -0.000094  1.000000  0.000049  -0.000134  -0.000049  1.000000  0.999806  0.017669  0.008706  -0.017742  0.999808  0.008340  -0.008557  -0.008493  0.999927  0.000154  0.013658  
122.508933 0.006264  0.091249  -0.006035  0.995398  0.093276  -0.021951  -0.091447  0.993115  0.073214  0.028629  -0.070870  0.997075  0.001097  -0.011276  0.001032  0.198012  -0.459013  0.384532  2.000000  0.999791  0.018150  0.009399  -0.018231  0.999797  0.008575  -0.009241  -0.008745  0.999919  0.999907  0.007655  0.011275  -0.007699  0.999963  0.003883  -0.011245  -0.003970  0.999929  1.000000  0.000096  0.000141  -0.000096  1.000000  0.000049  -0.000141  -0.000049  1.000000  0.999791  0.018150  0.009399  -0.018231  0.999797  0.008575  -0.009241  -0.008745  0.999919  0.000158  0.014183  
122.510183 0.006266  0.091236  -0.006034  0.995368  0.093825  -0.020965  -0.092064  0.993054  0.073262  0.027693  -0.070993  0.997092  0.001021  -0.011190  0.001030  0.189600  -0.481519  0.382874  2.000000  0.999775  0.018644  0.010127  -0.018734  0.999786  0.008803  -0.009960  -0.008991  0.999910  0.999899  0.008034  0.011706  -0.008079  0.999960  0.003767  -0.011676  -0.003861  0.999924  1.000000  0.000101  0.000146  -0.000101  1.000000  0.000048  -0.000146  -0.000048  1.000000  0.999775  0.018644  0.010127  -0.018734  0.999786  0.008803  -0.009960  -0.008991  0.999910  0.000163  0.014702  
122.511432 0.006267  0.091223  -0.006033  0.995333  0.094384  -0.020111  -0.092681  0.992993  0.073322  0.026890  -0.071115  0.997106  0.000959  -0.011015  0.001067  0.185571  -0.504513  0.388165  2.000000  0.999758  0.019144  0.010883  -0.019242  0.999774  0.009019  -0.010708  -0.009227  0.999900  0.999891  0.008202  0.012255  -0.008246  0.999960  0.003522  -0.012225  -0.003623  0.999919  1.000000  0.000103  0.000153  -0.000103  1.000000  0.000045  -0.000153  -0.000045  1.000000  0.999758  0.019144  0.010883  -0.019242  0.999774  0.009019  -0.010708  -0.009227  0.999900  0.000166  0.015173  
122.512681 0.006268  0.091211  -0.006034  0.995281  0.095136  -0.019121  -0.093503  0.992921  0.073251  0.025954  -0.071117  0.997130  0.000940  -0.010841  0.001025  0.177432  -0.527582  0.393551  2.000000  0.999739  0.019651  0.011669  -0.019760  0.999762  0.009221  -0.011485  -0.009449  0.999889  0.999885  0.008162  0.012790  -0.008205  0.999961  0.003271  -0.012762  -0.003376  0.999913  1.000000  0.000102  0.000160  -0.000102  1.000000  0.000042  -0.000160  -0.000042  1.000000  0.999739  0.019651  0.011669  -0.019760  0.999762  0.009221  -0.011485  -0.009449  0.999889  0.000170  0.015533  
122.513930 0.006270  0.091198  -0.006034  0.995250  0.095675  -0.018001  -0.094120  0.992860  0.073283  0.024884  -0.071240  0.997149  0.000929  -0.010690  0.000993  0.175865  -0.550317  0.395155  2.000000  0.999718  0.020174  0.012491  -0.020293  0.999750  0.009411  -0.012298  -0.009662  0.999878  0.999876  0.008328  0.013339  -0.008371  0.999960  0.003147  -0.013312  -0.003258  0.999906  1.000000  0.000104  0.000167  -0.000104  1.000000  0.000040  -0.000167  -0.000040  1.000000  0.999718  0.020174  0.012491  -0.020293  0.999750  0.009411  -0.012298  -0.009662  0.999878  0.000175  0.016049  
122.515177 0.006272  0.091186  -0.006034  0.995217  0.096213  -0.016893  -0.094737  0.992808  0.073192  0.023814  -0.071242  0.997175  0.000979  -0.010522  0.000939  0.167500  -0.577098  0.393278  2.000000  0.999701  0.020606  0.013183  -0.020733  0.999739  0.009551  -0.012983  -0.009822  0.999867  0.999862  0.008896  0.014050  -0.008938  0.999956  0.002910  -0.014024  -0.003035  0.999897  1.000000  0.000111  0.000175  -0.000111  1.000000  0.000037  -0.000175  -0.000037  1.000000  0.999701  0.020606  0.013183  -0.020733  0.999739  0.009551  -0.012983  -0.009822  0.999867  0.000181  0.016894  
122.516178 0.006274  0.091177  -0.006035  0.995181  0.096761  -0.015907  -0.095354  0.992746  0.073234  0.022878  -0.071364  0.997188  0.001064  -0.010352  0.000890  0.163441  -0.600002  0.398556  2.000000  0.999682  0.021046  0.013903  -0.021182  0.999729  0.009678  -0.013695  -0.009970  0.999857  0.999856  0.008868  0.014451  -0.008907  0.999957  0.002658  -0.014426  -0.002787  0.999892  1.000000  0.000111  0.000180  -0.000111  1.000000  0.000034  -0.000180  -0.000034  1.000000  0.999682  0.021046  0.013903  -0.021182  0.999729  0.009678  -0.013695  -0.009970  0.999857  0.000185  0.017173  
122.517181 0.006277  0.091168  -0.006036  0.995142  0.097308  -0.014932  -0.095971  0.992692  0.073154  0.021941  -0.071366  0.997209  0.001216  -0.010188  0.000774  0.159313  -0.622630  0.403749  2.000000  0.999662  0.021495  0.014646  -0.021640  0.999718  0.009800  -0.014431  -0.010114  0.999845  0.999847  0.009033  0.015000  -0.009074  0.999955  0.002654  -0.014976  -0.002790  0.999884  1.000000  0.000113  0.000187  -0.000113  1.000000  0.000034  -0.000187  -0.000034  1.000000  0.999662  0.021495  0.014646  -0.021640  0.999718  0.009800  -0.014431  -0.010114  0.999845  0.000190  0.017721  
122.518430 0.006280  0.091156  -0.006038  0.995089  0.098040  -0.013676  -0.096793  0.992620  0.073050  0.020737  -0.071368  0.997234  0.001379  -0.010043  0.000547  0.151290  -0.650370  0.415544  2.000000  0.999635  0.022069  0.015609  -0.022226  0.999704  0.009937  -0.015385  -0.010280  0.999829  0.999835  0.009406  0.015563  -0.009444  0.999953  0.002408  -0.015540  -0.002555  0.999876  1.000000  0.000118  0.000194  -0.000118  1.000000  0.000031  -0.000194  -0.000031  1.000000  0.999635  0.022069  0.015609  -0.022226  0.999704  0.009937  -0.015385  -0.010280  0.999829  0.000197  0.018354  
122.519433 0.006284  0.091146  -0.006040  0.995050  0.098577  -0.012569  -0.097409  0.992567  0.072955  0.019667  -0.071369  0.997256  0.001558  -0.009914  0.000264  0.144254  -0.678734  0.424264  2.000000  0.999611  0.022535  0.016402  -0.022702  0.999692  0.010034  -0.016171  -0.010402  0.999815  0.999829  0.009377  0.015964  -0.009413  0.999953  0.002155  -0.015943  -0.002305  0.999870  1.000000  0.000117  0.000199  -0.000117  1.000000  0.000028  -0.000199  -0.000028  1.000000  0.999611  0.022535  0.016402  -0.022702  0.999692  0.010034  -0.016171  -0.010402  0.999815  0.000204  0.018649  
122.520683 0.006288  0.091134  -0.006043  0.995010  0.099114  -0.011462  -0.098026  0.992513  0.072858  0.018597  -0.071371  0.997276  0.001760  -0.009859  -0.000147  0.131883  -0.701778  0.429518  2.000000  0.999581  0.023129  0.017417  -0.023308  0.999677  0.010142  -0.017177  -0.010544  0.999797  0.999818  0.009759  0.016393  -0.009792  0.999950  0.001908  -0.016374  -0.002068  0.999864  1.000000  0.000122  0.000205  -0.000122  1.000000  0.000025  -0.000205  -0.000025  1.000000  0.999581  0.023129  0.017417  -0.023308  0.999677  0.010142  -0.017177  -0.010544  0.999797  0.000210  0.019183  
122.521933 0.006293  0.091122  -0.006046  0.994951  0.099846  -0.010206  -0.098847  0.992440  0.072749  0.017393  -0.071372  0.997298  0.001988  -0.009826  -0.000572  0.123711  -0.729610  0.441301  2.000000  0.999548  0.023739  0.018459  -0.023931  0.999661  0.010237  -0.018210  -0.010674  0.999777  0.999809  0.009936  0.016808  -0.009967  0.999949  0.001779  -0.016790  -0.001946  0.999857  1.000000  0.000124  0.000210  -0.000124  1.000000  0.000023  -0.000210  -0.000023  1.000000  0.999548  0.023739  0.018459  -0.023931  0.999661  0.010237  -0.018210  -0.010674  0.999777  0.000216  0.019615  
122.523182 0.006297  0.091110  -0.006049  0.994889  0.100577  -0.008952  -0.099669  0.992366  0.072637  0.016189  -0.071374  0.997318  0.002238  -0.009776  -0.000929  0.115542  -0.757585  0.453162  2.000000  0.999519  0.024241  0.019320  -0.024443  0.999648  0.010303  -0.019063  -0.010770  0.999760  0.999798  0.010103  0.017357  -0.010133  0.999947  0.001648  -0.017339  -0.001823  0.999848  1.000000  0.000126  0.000217  -0.000126  1.000000  0.000022  -0.000217  -0.000022  1.000000  0.999519  0.024241  0.019320  -0.024443  0.999648  0.010303  -0.019063  -0.010770  0.999760  0.000221  0.020159  
122.524182 0.006302  0.091101  -0.006051  0.994842  0.101124  -0.007977  -0.100285  0.992310  0.072549  0.015252  -0.071375  0.997333  0.002505  -0.009695  -0.001113  0.106554  -0.774539  0.461433  2.000000  0.999489  0.024755  0.020203  -0.024968  0.999635  0.010361  -0.019939  -0.010860  0.999742  0.999789  0.010280  0.017772  -0.010307  0.999946  0.001398  -0.017756  -0.001581  0.999841  1.000000  0.000129  0.000222  -0.000129  1.000000  0.000019  -0.000222  -0.000019  1.000000  0.999489  0.024755  0.020203  -0.024968  0.999635  0.010361  -0.019939  -0.010860  0.999742  0.000226  0.020586  
122.525432 0.006308  0.091089  -0.006053  0.994797  0.101650  -0.006750  -0.100901  0.992265  0.072312  0.014048  -0.071255  0.997359  0.002824  -0.009619  -0.001280  0.090609  -0.794460  0.464223  2.000000  0.999450  0.025398  0.021326  -0.025624  0.999617  0.010420  -0.021054  -0.010961  0.999718  0.999787  0.010273  0.017904  -0.010295  0.999946  0.001142  -0.017891  -0.001326  0.999839  1.000000  0.000129  0.000224  -0.000129  1.000000  0.000015  -0.000224  -0.000015  1.000000  0.999450  0.025398  0.021326  -0.025624  0.999617  0.010420  -0.021054  -0.010961  0.999718  0.000232  0.020680  
122.526682 0.006314  0.091079  -0.006054  0.994732  0.102372  -0.005363  -0.101722  0.992191  0.072182  0.012711  -0.071256  0.997377  0.003212  -0.009463  -0.001402  0.082321  -0.822529  0.476119  2.000000  0.999409  0.026032  0.022464  -0.026272  0.999600  0.010457  -0.022183  -0.011041  0.999693  0.999780  0.010245  0.018304  -0.010263  0.999947  0.000885  -0.018294  -0.001072  0.999832  1.000000  0.000128  0.000229  -0.000128  1.000000  0.000012  -0.000229  -0.000012  1.000000  0.999409  0.026032  0.022464  -0.026272  0.999600  0.010457  -0.022183  -0.011041  0.999693  0.000238  0.021001  
