1-Time 2-Px 3-Py 4-Pz 5-R11 6-R21 7-R31 8-R12 9-R22 10-R32 11-R13 12-R23 13-R33 14-Vx 15-Vy 16-Vz 17-Wx 18-Wy 19-Wz 20-state 21-PR11 22-PR21 23-PR31 24-PR12 25-PR22 26-PR32 27-PR13 28-PR23 29-PR33 
42.258511 -0.006594  0.085250  0.007730  0.994255  0.105817  0.016123  -0.106432  0.993351  0.043883  -0.011373  -0.045347  0.998907  0.000181  -0.000238  -0.000716  0.000000  0.000000  0.000000  2.000000  1.000000  0.000000  0.000000  0.000000  1.000000  0.000000  0.000000  0.000000  1.000000  0.999999  -0.001639  -0.000208  0.001639  0.999998  -0.000709  0.000210  0.000709  1.000000  1.000000  0.000000  0.000000  0.000000  1.000000  0.000000  0.000000  0.000000  1.000000  0.790122  0.477199  -0.384692  -0.488790  0.869230  0.074324  0.369853  0.129309  0.920048  0.000000  0.000000  
42.259515 -0.006595  0.085249  0.007729  0.994255  0.105819  0.016111  -0.106432  0.993356  0.043762  -0.011373  -0.045225  0.998912  0.000143  -0.000283  -0.000708  0.000000  0.000000  0.000000  2.000000  1.000000  0.000000  0.000000  0.000000  1.000000  0.000000  0.000000  0.000000  1.000000  0.999999  -0.001433  -0.000199  0.001433  0.999999  -0.000711  0.000200  0.000711  1.000000  1.000000  0.000000  0.000000  0.000000  1.000000  0.000000  0.000000  0.000000  1.000000  1.000000  0.000000  0.000000  0.000000  1.000000  0.000000  0.000000  0.000000  1.000000  0.000000  0.000000  
42.260516 -0.006596  0.085246  0.007729  0.994211  0.106226  0.016141  -0.106842  0.993307  0.043876  -0.011373  -0.045347  0.998907  0.000025  -0.000426  -0.000635  0.000000  0.000000  0.000000  2.000000  1.000000  0.000000  0.000000  0.000000  1.000000  0.000000  0.000000  0.000000  1.000000  0.999999  -0.001228  -0.000190  0.001228  0.999999  -0.000592  0.000190  0.000592  1.000000  1.000000  0.000000  0.000000  0.000000  1.000000  0.000000  0.000000  0.000000  1.000000  1.000000  0.000000  0.000000  0.000000  1.000000  0.000000  0.000000  0.000000  1.000000  0.000000  0.000000  
42.261768 -0.006600  0.085241  0.007730  0.994143  0.106833  0.016301  -0.107456  0.993242  0.043852  -0.011506  -0.045347  0.998905  -0.000273  -0.000759  -0.000529  0.000000  0.000000  0.000000  2.000000  1.000000  0.000000  0.000000  0.000000  1.000000  0.000000  0.000000  0.000000  1.000000  1.000000  -0.000405  -0.000152  0.000405  1.000000  -0.000602  0.000153  0.000602  1.000000  1.000000  0.000000  0.000000  0.000000  1.000000  0.000000  0.000000  0.000000  1.000000  1.000000  0.000000  0.000000  0.000000  1.000000  0.000000  0.000000  0.000000  1.000000  0.000000  0.000000  
42.263017 -0.006604  0.085235  0.007732  0.994099  0.107240  0.016332  -0.107865  0.993193  0.043965  -0.011506  -0.045468  0.998900  -0.000574  -0.001154  -0.000359  0.000000  0.000000  0.000000  2.000000  1.000000  0.000000  0.000000  0.000000  1.000000  0.000000  0.000000  0.000000  1.000000  1.000000  0.000206  0.000009  -0.000206  1.000000  -0.000366  -0.000009  0.000366  1.000000  1.000000  0.000000  0.000000  0.000000  1.000000  0.000000  0.000000  0.000000  1.000000  1.000000  0.000000  0.000000  0.000000  1.000000  0.000000  0.000000  0.000000  1.000000  0.000000  0.000000  
42.264267 -0.006608  0.085230  0.007734  0.994053  0.107639  0.016510  -0.108274  0.993139  0.044185  -0.011640  -0.045710  0.998887  -0.000827  -0.001495  -0.000122  0.000000  0.000000  0.000000  2.000000  1.000000  0.000000  0.000000  0.000000  1.000000  0.000000  0.000000  0.000000  1.000000  1.000000  0.000611  0.000162  -0.000611  1.000000  -0.000128  -0.000162  0.000128  1.000000  1.000000  0.000000  0.000000  0.000000  1.000000  0.000000  0.000000  0.000000  1.000000  1.000000  0.000000  0.000000  0.000000  1.000000  0.000000  0.000000  0.000000  1.000000  0.000000  0.000000  
42.265268 -0.006612  0.085225  0.007736  0.994032  0.107848  0.016399  -0.108479  0.993110  0.044317  -0.011506  -0.045831  0.998883  -0.001110  -0.001799  0.000031  0.000000  0.000000  0.000000  2.000000  1.000000  0.000000  0.000000  0.000000  1.000000  0.000000  0.000000  0.000000  1.000000  0.999999  0.001028  0.000047  -0.001028  0.999999  0.000109  -0.000047  -0.000109  1.000000  1.000000  0.000000  0.000000  0.000000  1.000000  0.000000  0.000000  0.000000  1.000000  1.000000  0.000000  0.000000  0.000000  1.000000  0.000000  0.000000  0.000000  1.000000  0.000000  0.000000  
42.266274 -0.006616  0.085220  0.007738  0.993967  0.108465  0.016307  -0.109093  0.993038  0.044442  -0.011373  -0.045952  0.998879  -0.001431  -0.002109  0.000279  0.000000  0.000000  0.000000  2.000000  1.000000  0.000000  0.000000  0.000000  1.000000  0.000000  0.000000  0.000000  1.000000  0.999999  0.001446  -0.000067  -0.001446  0.999999  0.000226  0.000068  -0.000226  1.000000  1.000000  0.000000  0.000000  0.000000  1.000000  0.000000  0.000000  0.000000  1.000000  1.000000  0.000000  0.000000  0.000000  1.000000  0.000000  0.000000  0.000000  1.000000  0.000000  0.000000  
42.267520 -0.006622  0.085215  0.007741  0.993879  0.109291  0.016104  -0.109912  0.992936  0.044698  -0.011105  -0.046195  0.998871  -0.001802  -0.002443  0.000536  0.000000  0.000000  0.000000  2.000000  1.000000  0.000000  0.000000  0.000000  1.000000  0.000000  0.000000  0.000000  1.000000  0.999997  0.002486  -0.000287  -0.002486  0.999997  0.000458  0.000288  -0.000457  1.000000  1.000000  0.000000  0.000000  0.000000  1.000000  0.000000  0.000000  0.000000  1.000000  1.000000  0.000000  0.000000  0.000000  1.000000  0.000000  0.000000  0.000000  1.000000  0.000000  0.000000  
42.268768 -0.006626  0.085210  0.007744  0.993766  0.110309  0.016177  -0.110935  0.992812  0.044923  -0.011105  -0.046437  0.998859  -0.002149  -0.002796  0.000776  0.000000  0.000000  0.000000  2.000000  1.000000  0.000000  0.000000  0.000000  1.000000  0.000000  0.000000  0.000000  1.000000  0.999994  0.003508  -0.000105  -0.003508  0.999994  0.000689  0.000108  -0.000688  1.000000  1.000000  0.000000  0.000000  0.000000  1.000000  0.000000  0.000000  0.000000  1.000000  1.000000  0.000000  0.000000  0.000000  1.000000  0.000000  0.000000  0.000000  1.000000  0.000000  0.000000  
42.269768 -0.006630  0.085205  0.007745  0.993697  0.110920  0.016218  -0.111548  0.992738  0.045033  -0.011105  -0.046558  0.998854  -0.002414  -0.003103  0.000901  0.000000  0.000000  0.000000  2.000000  1.000000  0.000000  0.000000  0.000000  1.000000  0.000000  0.000000  0.000000  1.000000  0.999991  0.004331  -0.000066  -0.004331  0.999990  0.000922  0.000070  -0.000922  1.000000  1.000000  0.000000  0.000000  0.000000  1.000000  0.000000  0.000000  0.000000  1.000000  1.000000  0.000000  0.000000  0.000000  1.000000  0.000000  0.000000  0.000000  1.000000  0.000000  0.000000  
42.270769 -0.006634  0.085201  0.007747  0.993628  0.111532  0.016259  -0.112162  0.992664  0.045143  -0.011105  -0.046679  0.998848  -0.002670  -0.003361  0.001061  0.000000  0.000000  0.000000  2.000000  1.000000  0.000064  -0.000000  -0.000064  1.000000  0.000013  0.000000  -0.000013  1.000000  0.999987  0.005153  -0.000027  -0.005153  0.999986  0.001034  0.000033  -0.001034  0.999999  1.000000  0.000064  -0.000000  -0.000064  1.000000  0.000013  0.000000  -0.000013  1.000000  1.000000  0.000064  -0.000000  -0.000064  1.000000  0.000013  0.000000  -0.000013  1.000000  0.000000  0.005256  
42.271770 -0.006638  0.085197  0.007751  0.993535  0.112347  0.016310  -0.112980  0.992566  0.045250  -0.011105  -0.046801  0.998843  -0.002946  -0.003619  0.001375  0.026497  0.005132  0.180279  2.000000  1.000000  0.000338  -0.000001  -0.000338  1.000000  0.000066  0.000001  -0.000066  1.000000  0.999983  0.005770  0.000002  -0.005770  0.999983  0.001148  0.000004  -0.001148  0.999999  1.000000  0.000072  -0.000000  -0.000072  1.000000  0.000014  0.000000  -0.000014  1.000000  1.000000  0.000338  -0.000001  -0.000338  1.000000  0.000066  0.000001  -0.000066  1.000000  0.000044  0.005883  
42.272771 -0.006642  0.085192  0.007755  0.993440  0.113156  0.016494  -0.113798  0.992469  0.045342  -0.011239  -0.046922  0.998835  -0.003213  -0.003920  0.001713  0.034320  -0.000642  0.207698  2.000000  1.000000  0.000662  0.000006  -0.000662  1.000000  0.000131  -0.000005  -0.000131  1.000000  0.999977  0.006792  0.000185  -0.006792  0.999976  0.001378  -0.000175  -0.001379  0.999999  1.000000  0.000085  0.000002  -0.000085  1.000000  0.000017  -0.000002  -0.000017  1.000000  1.000000  0.000662  0.000006  -0.000662  1.000000  0.000131  -0.000005  -0.000131  1.000000  0.000051  0.006933  
42.274017 -0.006648  0.085185  0.007760  0.993348  0.113978  0.016412  -0.114616  0.992369  0.045464  -0.011105  -0.047043  0.998831  -0.003554  -0.004346  0.002056  0.038024  0.002230  0.242491  2.000000  0.999999  0.001027  0.000016  -0.001027  0.999999  0.000201  -0.000016  -0.000201  1.000000  0.999971  0.007615  0.000224  -0.007615  0.999970  0.001490  -0.000213  -0.001492  0.999999  1.000000  0.000095  0.000003  -0.000095  1.000000  0.000019  -0.000003  -0.000019  1.000000  0.999999  0.001027  0.000016  -0.001027  0.999999  0.000201  -0.000016  -0.000201  1.000000  0.000060  0.007762  
42.275025 -0.006653  0.085177  0.007764  0.993253  0.114793  0.016464  -0.115434  0.992269  0.045571  -0.011105  -0.047164  0.998825  -0.003883  -0.004755  0.002355  0.045848  0.000945  0.270038  2.000000  0.999999  0.001439  0.000022  -0.001439  0.999999  0.000276  -0.000021  -0.000276  1.000000  0.999963  0.008649  0.000140  -0.008649  0.999961  0.001600  -0.000126  -0.001602  0.999999  1.000000  0.000108  0.000002  -0.000108  1.000000  0.000020  -0.000002  -0.000020  1.000000  0.999999  0.001439  0.000022  -0.001439  0.999999  0.000276  -0.000021  -0.000276  1.000000  0.000067  0.008797  
42.276266 -0.006661  0.085166  0.007769  0.993159  0.115614  0.016382  -0.116253  0.992168  0.045693  -0.010971  -0.047285  0.998821  -0.004134  -0.005179  0.002636  0.049567  0.003811  0.304883  2.000000  0.999998  0.001897  0.000026  -0.001897  0.999998  0.000364  -0.000026  -0.000364  1.000000  0.999955  0.009478  0.000046  -0.009478  0.999953  0.001835  -0.000029  -0.001835  0.999998  1.000000  0.000118  0.000000  -0.000118  1.000000  0.000023  -0.000000  -0.000023  1.000000  0.999998  0.001897  0.000026  -0.001897  0.999998  0.000364  -0.000026  -0.000364  1.000000  0.000074  0.009654  
42.277372 -0.006666  0.085157  0.007774  0.993087  0.116223  0.016439  -0.116866  0.992085  0.045924  -0.010971  -0.047528  0.998810  -0.004236  -0.005445  0.002899  0.057287  0.002797  0.324489  2.000000  0.999997  0.002389  0.000029  -0.002389  0.999997  0.000460  -0.000028  -0.000460  1.000000  0.999949  0.010095  0.000077  -0.010095  0.999947  0.001949  -0.000057  -0.001950  0.999998  1.000000  0.000126  0.000001  -0.000126  1.000000  0.000024  -0.000001  -0.000024  1.000000  0.999997  0.002389  0.000029  -0.002389  0.999997  0.000460  -0.000028  -0.000460  1.000000  0.000081  0.010282  
42.278516 -0.006672  0.085145  0.007781  0.992992  0.117042  0.016372  -0.117684  0.991977  0.046167  -0.010837  -0.047770  0.998800  -0.004433  -0.005876  0.003215  0.069462  0.001496  0.353316  2.000000  0.999996  0.002930  0.000029  -0.002930  0.999996  0.000566  -0.000028  -0.000566  1.000000  0.999938  0.011129  -0.000006  -0.011129  0.999936  0.002181  0.000030  -0.002181  0.999998  1.000000  0.000139  -0.000000  -0.000139  1.000000  0.000027  0.000000  -0.000027  1.000000  0.999996  0.002930  0.000029  -0.002930  0.999996  0.000566  -0.000028  -0.000566  1.000000  0.000088  0.011341  
42.279518 -0.006676  0.085135  0.007786  0.992919  0.117651  0.016429  -0.118297  0.991894  0.046397  -0.010837  -0.048012  0.998788  -0.004514  -0.006276  0.003463  0.077293  0.000157  0.380887  2.000000  0.999994  0.003507  0.000030  -0.003507  0.999994  0.000684  -0.000028  -0.000684  1.000000  0.999931  0.011746  0.000027  -0.011746  0.999928  0.002417  0.000002  -0.002417  0.999997  1.000000  0.000147  0.000000  -0.000147  1.000000  0.000030  -0.000000  -0.000030  1.000000  0.999994  0.003507  0.000030  -0.003507  0.999994  0.000684  -0.000028  -0.000684  1.000000  0.000095  0.011992  
42.280766 -0.006682  0.085121  0.007792  0.992821  0.118464  0.016496  -0.119115  0.991785  0.046624  -0.010837  -0.048255  0.998776  -0.004498  -0.006758  0.003660  0.085148  -0.001187  0.408579  2.000000  0.999991  0.004275  0.000033  -0.004275  0.999990  0.000853  -0.000029  -0.000853  1.000000  0.999921  0.012568  0.000069  -0.012568  0.999917  0.002771  -0.000034  -0.002772  0.999996  1.000000  0.000157  0.000001  -0.000157  1.000000  0.000035  -0.000001  -0.000035  1.000000  0.999991  0.004275  0.000033  -0.004275  0.999990  0.000853  -0.000029  -0.000853  1.000000  0.000102  0.012871  
42.281772 -0.006686  0.085110  0.007796  0.992748  0.119072  0.016554  -0.119728  0.991700  0.046855  -0.010837  -0.048497  0.998765  -0.004485  -0.007228  0.003763  0.097050  -0.002512  0.436131  2.000000  0.999989  0.004756  0.000036  -0.004756  0.999988  0.000961  -0.000031  -0.000961  1.000000  0.999918  0.012774  0.000082  -0.012774  0.999914  0.002890  -0.000045  -0.002891  0.999996  1.000000  0.000160  0.000001  -0.000160  1.000000  0.000036  -0.000001  -0.000036  1.000000  0.999989  0.004756  0.000036  -0.004756  0.999988  0.000961  -0.000031  -0.000961  1.000000  0.000110  0.013097  
42.283024 -0.006689  0.085096  0.007801  0.992673  0.119681  0.016612  -0.120341  0.991615  0.047085  -0.010837  -0.048739  0.998753  -0.004398  -0.007862  0.003956  0.104955  -0.003542  0.456789  2.000000  0.999985  0.005562  0.000040  -0.005562  0.999984  0.001154  -0.000033  -0.001154  0.999999  0.999918  0.012780  -0.000049  -0.012780  0.999913  0.003133  0.000089  -0.003132  0.999995  1.000000  0.000160  -0.000001  -0.000160  1.000000  0.000039  0.000001  -0.000039  1.000000  0.999985  0.005562  0.000040  -0.005562  0.999984  0.001154  -0.000033  -0.001154  0.999999  0.000115  0.013159  
42.284264 -0.006693  0.085082  0.007805  0.992625  0.120091  0.016528  -0.120750  0.991554  0.047335  -0.010704  -0.048982  0.998742  -0.004353  -0.008386  0.004031  0.112941  -0.000087  0.477874  2.000000  0.999980  0.006369  0.000032  -0.006369  0.999979  0.001357  -0.000023  -0.001357  0.999999  0.999916  0.012992  -0.000167  -0.012992  0.999910  0.003375  0.000211  -0.003372  0.999994  1.000000  0.000162  -0.000002  -0.000162  1.000000  0.000042  0.000002  -0.000042  1.000000  0.999980  0.006369  0.000032  -0.006369  0.999979  0.001357  -0.000023  -0.001357  0.999999  0.000120  0.013425  
42.285269 -0.006696  0.085070  0.007808  0.992575  0.120496  0.016577  -0.121159  0.991493  0.047569  -0.010704  -0.049224  0.998730  -0.004283  -0.008930  0.004168  0.124995  -0.000770  0.491610  2.000000  0.999975  0.007019  0.000017  -0.007019  0.999974  0.001523  -0.000006  -0.001523  0.999999  0.999913  0.013205  -0.000289  -0.013204  0.999908  0.003251  0.000332  -0.003247  0.999995  1.000000  0.000165  -0.000004  -0.000165  1.000000  0.000041  0.000004  -0.000041  1.000000  0.999975  0.007019  0.000017  -0.007019  0.999974  0.001523  -0.000006  -0.001523  0.999999  0.000127  0.013602  
42.286269 -0.006700  0.085058  0.007812  0.992525  0.120902  0.016611  -0.121567  0.991437  0.047682  -0.010704  -0.049345  0.998724  -0.004254  -0.009470  0.004183  0.128915  -0.001455  0.505418  2.000000  0.999971  0.007671  0.000006  -0.007671  0.999969  0.001693  0.000007  -0.001693  0.999999  0.999916  0.012993  -0.000163  -0.012992  0.999910  0.003375  0.000207  -0.003372  0.999994  1.000000  0.000162  -0.000002  -0.000162  1.000000  0.000042  0.000002  -0.000042  1.000000  0.999971  0.007671  0.000006  -0.007671  0.999969  0.001693  0.000007  -0.001693  0.999999  0.000129  0.013425  
42.287515 -0.006704  0.085042  0.007815  0.992449  0.121503  0.016802  -0.122180  0.991352  0.047896  -0.010837  -0.049587  0.998711  -0.004225  -0.010086  0.004074  0.136748  -0.007322  0.532929  2.000000  0.999964  0.008483  0.000010  -0.008483  0.999962  0.001904  0.000007  -0.001904  0.999998  0.999918  0.012767  0.000231  -0.012768  0.999913  0.003375  -0.000188  -0.003378  0.999994  1.000000  0.000160  0.000003  -0.000160  1.000000  0.000042  -0.000003  -0.000042  1.000000  0.999964  0.008483  0.000010  -0.008483  0.999962  0.001904  0.000007  -0.001904  0.999998  0.000136  0.013208  
42.288769 -0.006708  0.085027  0.007819  0.992397  0.121903  0.016969  -0.122588  0.991296  0.047993  -0.010971  -0.049708  0.998704  -0.004120  -0.010698  0.003957  0.144737  -0.012472  0.546640  2.000000  0.999957  0.009270  0.000031  -0.009270  0.999955  0.002113  -0.000011  -0.002114  0.999998  0.999924  0.012343  0.000480  -0.012344  0.999918  0.003378  -0.000438  -0.003384  0.999994  1.000000  0.000154  0.000006  -0.000154  1.000000  0.000042  -0.000006  -0.000042  1.000000  0.999957  0.009270  0.000031  -0.009270  0.999955  0.002113  -0.000011  -0.002114  0.999998  0.000140  0.012807  
42.289769 -0.006712  0.085014  0.007821  0.992372  0.122105  0.016994  -0.122793  0.991266  0.048110  -0.010971  -0.049829  0.998697  -0.004003  -0.011032  0.003894  0.148734  -0.012834  0.553542  2.000000  0.999953  0.009728  0.000049  -0.009728  0.999950  0.002239  -0.000027  -0.002239  0.999997  0.999926  0.012137  0.000471  -0.012138  0.999921  0.003381  -0.000430  -0.003386  0.999994  1.000000  0.000152  0.000006  -0.000152  1.000000  0.000042  -0.000006  -0.000042  1.000000  0.999953  0.009728  0.000049  -0.009728  0.999950  0.002239  -0.000027  -0.002239  0.999997  0.000143  0.012609  
42.291017 -0.006717  0.084999  0.007825  0.992345  0.122300  0.017151  -0.122997  0.991235  0.048210  -0.011105  -0.049950  0.998690  -0.003890  -0.011291  0.003828  0.148935  -0.016404  0.532606  2.000000  0.999945  0.010461  0.000083  -0.010461  0.999942  0.002442  -0.000057  -0.002443  0.999997  0.999934  0.011513  0.000575  -0.011515  0.999928  0.003265  -0.000537  -0.003271  0.999995  1.000000  0.000144  0.000007  -0.000144  1.000000  0.000041  -0.000007  -0.000041  1.000000  0.999945  0.010461  0.000083  -0.010461  0.999942  0.002442  -0.000057  -0.002443  0.999997  0.000141  0.011982  
42.292020 -0.006723  0.084986  0.007828  0.992318  0.122496  0.017309  -0.123201  0.991205  0.048310  -0.011239  -0.050072  0.998682  -0.003844  -0.011595  0.003691  0.151997  -0.016335  0.529320  2.000000  0.999939  0.011016  0.000113  -0.011016  0.999936  0.002603  -0.000085  -0.002604  0.999997  0.999938  0.011096  0.000688  -0.011098  0.999933  0.003147  -0.000653  -0.003154  0.999995  1.000000  0.000139  0.000008  -0.000139  1.000000  0.000039  -0.000008  -0.000039  1.000000  0.999939  0.011016  0.000113  -0.011016  0.999936  0.002603  -0.000085  -0.002604  0.999997  0.000137  0.011555  
42.293268 -0.006729  0.084969  0.007832  0.992293  0.122698  0.017334  -0.123405  0.991174  0.048427  -0.011239  -0.050193  0.998676  -0.003846  -0.011959  0.003445  0.148984  -0.011378  0.518985  2.000000  0.999932  0.011676  0.000154  -0.011676  0.999928  0.002804  -0.000121  -0.002806  0.999996  0.999947  0.010280  0.000516  -0.010281  0.999942  0.003278  -0.000482  -0.003283  0.999994  1.000000  0.000129  0.000006  -0.000129  1.000000  0.000041  -0.000006  -0.000041  1.000000  0.999932  0.011676  0.000154  -0.011676  0.999928  0.002804  -0.000121  -0.002806  0.999996  0.000136  0.010803  
42.294516 -0.006736  0.084951  0.007835  0.992267  0.122900  0.017359  -0.123610  0.991143  0.048544  -0.011239  -0.050314  0.998670  -0.003979  -0.012279  0.003235  0.149037  -0.015935  0.518833  2.000000  0.999924  0.012287  0.000186  -0.012288  0.999920  0.003006  -0.000149  -0.003008  0.999995  0.999955  0.009457  0.000476  -0.009459  0.999950  0.003288  -0.000445  -0.003292  0.999994  1.000000  0.000118  0.000006  -0.000118  1.000000  0.000041  -0.000006  -0.000041  1.000000  0.999924  0.012287  0.000186  -0.012288  0.999920  0.003006  -0.000149  -0.003008  0.999995  0.000134  0.010025  
42.295766 -0.006744  0.084933  0.007838  0.992242  0.123099  0.017398  -0.123814  0.991106  0.048780  -0.011239  -0.050556  0.998658  -0.004148  -0.012516  0.003083  0.148006  -0.019723  0.500655  2.000000  0.999918  0.012842  0.000223  -0.012843  0.999912  0.003209  -0.000181  -0.003211  0.999995  0.999963  0.008628  0.000569  -0.008630  0.999958  0.003176  -0.000542  -0.003181  0.999995  1.000000  0.000108  0.000007  -0.000108  1.000000  0.000040  -0.000007  -0.000040  1.000000  0.999918  0.012842  0.000223  -0.012843  0.999912  0.003209  -0.000181  -0.003211  0.999995  0.000131  0.009213  
42.296767 -0.006750  0.084919  0.007841  0.992242  0.123097  0.017413  -0.123814  0.991100  0.048901  -0.011239  -0.050677  0.998652  -0.004292  -0.012680  0.003014  0.148268  -0.023242  0.479860  2.000000  0.999912  0.013248  0.000255  -0.013248  0.999907  0.003372  -0.000210  -0.003375  0.999994  0.999969  0.007799  0.000663  -0.007801  0.999964  0.003307  -0.000638  -0.003312  0.999994  1.000000  0.000098  0.000008  -0.000098  1.000000  0.000041  -0.000008  -0.000041  1.000000  0.999912  0.013248  0.000255  -0.013248  0.999907  0.003372  -0.000210  -0.003375  0.999994  0.000127  0.008498  
42.298021 -0.006759  0.084902  0.007844  0.992242  0.123093  0.017443  -0.123814  0.991088  0.049141  -0.011239  -0.050919  0.998640  -0.004603  -0.012927  0.002862  0.149898  -0.026359  0.449000  2.000000  0.999907  0.013620  0.000289  -0.013620  0.999901  0.003537  -0.000240  -0.003541  0.999994  0.999974  0.007182  0.000633  -0.007184  0.999969  0.003314  -0.000609  -0.003318  0.999994  1.000000  0.000090  0.000008  -0.000090  1.000000  0.000041  -0.000008  -0.000041  1.000000  0.999907  0.013620  0.000289  -0.013620  0.999901  0.003537  -0.000240  -0.003541  0.999994  0.000121  0.007936  
42.299270 -0.006767  0.084884  0.007847  0.992242  0.123091  0.017458  -0.123814  0.991082  0.049261  -0.011239  -0.051041  0.998633  -0.004978  -0.013186  0.002737  0.146117  -0.025088  0.421310  2.000000  0.999902  0.014029  0.000335  -0.014031  0.999895  0.003741  -0.000283  -0.003746  0.999993  0.999981  0.006147  0.000716  -0.006149  0.999976  0.003205  -0.000696  -0.003209  0.999995  1.000000  0.000077  0.000009  -0.000077  1.000000  0.000040  -0.000009  -0.000040  1.000000  0.999902  0.014029  0.000335  -0.014031  0.999895  0.003741  -0.000283  -0.003746  0.999993  0.000113  0.006970  
42.300519 -0.006778  0.084866  0.007849  0.992216  0.123291  0.017498  -0.124018  0.991045  0.049498  -0.011239  -0.051283  0.998621  -0.005449  -0.013466  0.002623  0.150446  -0.024151  0.400630  2.000000  0.999896  0.014396  0.000381  -0.014397  0.999889  0.003940  -0.000324  -0.003945  0.999992  0.999984  0.005530  0.000686  -0.005532  0.999980  0.003212  -0.000668  -0.003216  0.999995  1.000000  0.000069  0.000008  -0.000069  1.000000  0.000040  -0.000008  -0.000040  1.000000  0.999896  0.014396  0.000381  -0.014397  0.999889  0.003940  -0.000324  -0.003945  0.999992  0.000108  0.006433  
42.301769 -0.006791  0.084845  0.007849  0.992216  0.123289  0.017513  -0.124018  0.991039  0.049618  -0.011239  -0.051404  0.998615  -0.005981  -0.013765  0.002412  0.149506  -0.022651  0.369891  2.000000  0.999893  0.014593  0.000408  -0.014594  0.999885  0.004057  -0.000349  -0.004063  0.999992  0.999990  0.004502  0.000634  -0.004504  0.999985  0.002981  -0.000620  -0.002984  0.999995  1.000000  0.000000  0.000000  0.000000  1.000000  0.000000  0.000000  0.000000  1.000000  0.999893  0.014593  0.000408  -0.014594  0.999885  0.004057  -0.000349  -0.004063  0.999992  0.000102  0.000000  
42.302771 -0.006801  0.084829  0.007849  0.992215  0.123280  0.017661  -0.124018  0.991033  0.049722  -0.011373  -0.051525  0.998607  -0.006463  -0.014035  0.002244  0.152438  -0.021370  0.341427  2.000000  0.999893  0.014593  0.000408  -0.014594  0.999885  0.004057  -0.000349  -0.004063  0.999992  0.999991  0.004084  0.000747  -0.004086  0.999988  0.002864  -0.000735  -0.002867  0.999996  1.000000  0.000000  0.000000  0.000000  1.000000  0.000000  0.000000  0.000000  1.000000  0.999893  0.014593  0.000408  -0.014594  0.999885  0.004057  -0.000349  -0.004063  0.999992  0.000095  0.000000  
42.304015 -0.006813  0.084810  0.007848  0.992215  0.123278  0.017676  -0.124018  0.991027  0.049842  -0.011373  -0.051646  0.998601  -0.007005  -0.014303  0.001892  0.150100  -0.024487  0.314838  2.000000  0.999893  0.014593  0.000408  -0.014594  0.999885  0.004057  -0.000349  -0.004063  0.999992  0.999994  0.003460  0.000849  -0.003463  0.999990  0.002750  -0.000839  -0.002753  0.999996  1.000000  0.000000  0.000000  0.000000  1.000000  0.000000  0.000000  0.000000  1.000000  0.999893  0.014593  0.000408  -0.014594  0.999885  0.004057  -0.000349  -0.004063  0.999992  0.000088  0.000000  
42.305020 -0.006824  0.084795  0.007847  0.992189  0.123482  0.017686  -0.124222  0.991002  0.049838  -0.011373  -0.051646  0.998601  -0.007408  -0.014435  0.001650  0.146309  -0.023492  0.294315  2.000000  0.999893  0.014593  0.000408  -0.014594  0.999885  0.004057  -0.000349  -0.004063  0.999992  0.999994  0.003255  0.000838  -0.003257  0.999992  0.002510  -0.000830  -0.002512  0.999996  1.000000  0.000000  0.000000  0.000000  1.000000  0.000000  0.000000  0.000000  1.000000  0.999893  0.014593  0.000408  -0.014594  0.999885  0.004057  -0.000349  -0.004063  0.999992  0.000083  0.000000  
42.306020 -0.006834  0.084780  0.007846  0.992189  0.123479  0.017701  -0.124222  0.990996  0.049959  -0.011373  -0.051767  0.998594  -0.007858  -0.014595  0.001380  0.147819  -0.026838  0.268826  2.000000  0.999893  0.014593  0.000408  -0.014594  0.999885  0.004057  -0.000349  -0.004063  0.999992  0.999995  0.003049  0.000828  -0.003051  0.999992  0.002512  -0.000820  -0.002514  0.999997  1.000000  0.000000  0.000000  0.000000  1.000000  0.000000  0.000000  0.000000  1.000000  0.999893  0.014593  0.000408  -0.014594  0.999885  0.004057  -0.000349  -0.004063  0.999992  0.000079  0.000000  
42.307265 -0.006848  0.084761  0.007844  0.992188  0.123470  0.017848  -0.124222  0.990991  0.050062  -0.011506  -0.051888  0.998587  -0.008349  -0.014768  0.000991  0.143290  -0.030206  0.246717  2.000000  0.999893  0.014593  0.000408  -0.014594  0.999885  0.004057  -0.000349  -0.004063  0.999992  0.999997  0.002432  0.000796  -0.002434  0.999994  0.002397  -0.000790  -0.002399  0.999997  1.000000  0.000000  0.000000  0.000000  1.000000  0.000000  0.000000  0.000000  1.000000  0.999893  0.014593  0.000408  -0.014594  0.999885  0.004057  -0.000349  -0.004063  0.999992  0.000073  0.000000  
42.308267 -0.006859  0.084746  0.007842  0.992188  0.123470  0.017848  -0.124222  0.990991  0.050062  -0.011506  -0.051888  0.998587  -0.008678  -0.014839  0.000704  0.138985  -0.033543  0.225058  2.000000  0.999893  0.014593  0.000408  -0.014594  0.999885  0.004057  -0.000349  -0.004063  0.999992  0.999998  0.002021  0.000775  -0.002023  0.999995  0.002281  -0.000770  -0.002282  0.999997  1.000000  0.000000  0.000000  0.000000  1.000000  0.000000  0.000000  0.000000  1.000000  0.999893  0.014593  0.000408  -0.014594  0.999885  0.004057  -0.000349  -0.004063  0.999992  0.000067  0.000000  
42.309515 -0.006873  0.084728  0.007840  0.992188  0.123468  0.017863  -0.124222  0.990985  0.050183  -0.011506  -0.052009  0.998580  -0.009100  -0.014846  0.000358  0.131216  -0.032228  0.197652  2.000000  0.999893  0.014593  0.000408  -0.014594  0.999885  0.004057  -0.000349  -0.004063  0.999992  0.999999  0.001617  0.000620  -0.001618  0.999996  0.002164  -0.000617  -0.002165  0.999997  1.000000  0.000000  0.000000  0.000000  1.000000  0.000000  0.000000  0.000000  1.000000  0.999893  0.014593  0.000408  -0.014594  0.999885  0.004057  -0.000349  -0.004063  0.999992  0.000060  0.000000  
42.310520 -0.006884  0.084714  0.007839  0.992189  0.123473  0.017746  -0.124222  0.990978  0.050319  -0.011373  -0.052131  0.998576  -0.009503  -0.014854  0.000041  0.128530  -0.026646  0.171843  2.000000  0.999893  0.014593  0.000408  -0.014594  0.999885  0.004057  -0.000349  -0.004063  0.999992  0.999999  0.001418  0.000476  -0.001419  0.999997  0.002167  -0.000473  -0.002167  0.999998  1.000000  0.000000  0.000000  0.000000  1.000000  0.000000  0.000000  0.000000  1.000000  0.999893  0.014593  0.000408  -0.014594  0.999885  0.004057  -0.000349  -0.004063  0.999992  0.000056  0.000000  
42.311768 -0.006898  0.084696  0.007837  0.992164  0.123677  0.017756  -0.124426  0.990952  0.050316  -0.011373  -0.052131  0.998576  -0.010016  -0.014958  -0.000328  0.000000  0.000000  0.000000  2.000000  0.999893  0.014593  0.000408  -0.014594  0.999885  0.004057  -0.000349  -0.004063  0.999992  0.999999  0.001425  0.000342  -0.001426  0.999997  0.002167  -0.000339  -0.002167  0.999998  1.000000  0.000000  0.000000  0.000000  1.000000  0.000000  0.000000  0.000000  1.000000  0.999893  0.014593  0.000408  -0.014594  0.999885  0.004057  -0.000349  -0.004063  0.999992  0.000000  0.000000  
42.313036 -0.006913  0.084678  0.007836  0.992164  0.123675  0.017771  -0.124426  0.990946  0.050436  -0.011373  -0.052252  0.998569  -0.010358  -0.014946  -0.000585  0.000000  0.000000  0.000000  2.000000  0.999893  0.014593  0.000408  -0.014594  0.999885  0.004057  -0.000349  -0.004063  0.999992  0.999999  0.001021  0.000187  -0.001021  0.999997  0.002172  -0.000185  -0.002172  0.999998  1.000000  0.000000  0.000000  0.000000  1.000000  0.000000  0.000000  0.000000  1.000000  0.999893  0.014593  0.000408  -0.014594  0.999885  0.004057  -0.000349  -0.004063  0.999992  0.000000  0.000000  
42.314270 -0.006928  0.084660  0.007835  0.992164  0.123673  0.017786  -0.124426  0.990940  0.050556  -0.011373  -0.052373  0.998563  -0.010729  -0.014995  -0.000822  0.000000  0.000000  0.000000  2.000000  0.999893  0.014593  0.000408  -0.014594  0.999885  0.004057  -0.000349  -0.004063  0.999992  1.000000  0.000815  0.000177  -0.000816  0.999998  0.002053  -0.000175  -0.002053  0.999998  1.000000  0.000000  0.000000  0.000000  1.000000  0.000000  0.000000  0.000000  1.000000  0.999893  0.014593  0.000408  -0.014594  0.999885  0.004057  -0.000349  -0.004063  0.999992  0.000000  0.000000  
42.315519 -0.006944  0.084641  0.007834  0.992165  0.123677  0.017669  -0.124427  0.990933  0.050693  -0.011239  -0.052494  0.998558  -0.011009  -0.014971  -0.001000  0.000000  0.000000  0.000000  2.000000  0.999893  0.014593  0.000408  -0.014594  0.999885  0.004057  -0.000349  -0.004063  0.999992  1.000000  0.000815  0.000177  -0.000816  0.999998  0.002053  -0.000175  -0.002053  0.999998  1.000000  0.000000  0.000000  0.000000  1.000000  0.000000  0.000000  0.000000  1.000000  0.999893  0.014593  0.000408  -0.014594  0.999885  0.004057  -0.000349  -0.004063  0.999992  0.000000  0.000000  
42.316771 -0.006960  0.084622  0.007833  0.992165  0.123675  0.017684  -0.124427  0.990927  0.050813  -0.011239  -0.052615  0.998552  -0.011252  -0.014856  -0.001096  0.000000  0.000000  0.000000  2.000000  0.999893  0.014593  0.000408  -0.014594  0.999885  0.004057  -0.000349  -0.004063  0.999992  1.000000  0.000617  0.000032  -0.000617  0.999998  0.001813  -0.000031  -0.001813  0.999998  1.000000  0.000000  0.000000  0.000000  1.000000  0.000000  0.000000  0.000000  1.000000  0.999893  0.014593  0.000408  -0.014594  0.999885  0.004057  -0.000349  -0.004063  0.999992  0.000000  0.000000  
42.318019 -0.006975  0.084603  0.007832  0.992165  0.123675  0.017684  -0.124427  0.990927  0.050813  -0.011239  -0.052615  0.998552  -0.011476  -0.014791  -0.001109  0.000000  0.000000  0.000000  2.000000  0.999893  0.014593  0.000408  -0.014594  0.999885  0.004057  -0.000349  -0.004063  0.999992  1.000000  0.000617  0.000032  -0.000617  0.999998  0.001691  -0.000031  -0.001691  0.999999  1.000000  0.000000  0.000000  0.000000  1.000000  0.000000  0.000000  0.000000  1.000000  0.999893  0.014593  0.000408  -0.014594  0.999885  0.004057  -0.000349  -0.004063  0.999992  0.000000  0.000000  
42.319269 -0.006990  0.084585  0.007831  0.992165  0.123673  0.017699  -0.124427  0.990921  0.050933  -0.011239  -0.052736  0.998545  -0.011634  -0.014731  -0.001145  0.000000  0.000000  0.000000  2.000000  0.999893  0.014593  0.000408  -0.014594  0.999885  0.004057  -0.000349  -0.004063  0.999992  1.000000  0.000617  0.000033  -0.000617  0.999998  0.001691  -0.000032  -0.001691  0.999999  1.000000  0.000000  0.000000  0.000000  1.000000  0.000000  0.000000  0.000000  1.000000  0.999893  0.014593  0.000408  -0.014594  0.999885  0.004057  -0.000349  -0.004063  0.999992  0.000000  0.000000  
42.320518 -0.007005  0.084567  0.007829  0.992165  0.123671  0.017714  -0.124427  0.990915  0.051053  -0.011239  -0.052858  0.998539  -0.011720  -0.014673  -0.001185  0.000000  0.000000  0.000000  2.000000  0.999893  0.014593  0.000408  -0.014594  0.999885  0.004057  -0.000349  -0.004063  0.999992  1.000000  0.000411  0.000022  -0.000411  0.999999  0.001572  -0.000021  -0.001572  0.999999  1.000000  0.000000  0.000000  0.000000  1.000000  0.000000  0.000000  0.000000  1.000000  0.999893  0.014593  0.000408  -0.014594  0.999885  0.004057  -0.000349  -0.004063  0.999992  0.000000  0.000000  
42.321769 -0.007020  0.084549  0.007827  0.992165  0.123671  0.017714  -0.124427  0.990915  0.051053  -0.011239  -0.052858  0.998539  -0.011813  -0.014614  -0.001177  0.000000  0.000000  0.000000  2.000000  0.999893  0.014593  0.000408  -0.014594  0.999885  0.004057  -0.000349  -0.004063  0.999992  1.000000  0.000411  0.000022  -0.000411  0.999999  0.001451  -0.000021  -0.001451  0.999999  1.000000  0.000000  0.000000  0.000000  1.000000  0.000000  0.000000  0.000000  1.000000  0.999893  0.014593  0.000408  -0.014594  0.999885  0.004057  -0.000349  -0.004063  0.999992  0.000000  0.000000  
42.322769 -0.007031  0.084536  0.007826  0.992165  0.123669  0.017729  -0.124427  0.990908  0.051174  -0.011239  -0.052979  0.998532  -0.011823  -0.014536  -0.001127  0.000000  0.000000  0.000000  2.000000  0.999893  0.014593  0.000408  -0.014594  0.999885  0.004057  -0.000349  -0.004063  0.999992  1.000000  0.000418  -0.000112  -0.000418  0.999999  0.001451  0.000112  -0.001451  0.999999  1.000000  0.000000  0.000000  0.000000  1.000000  0.000000  0.000000  0.000000  1.000000  0.999893  0.014593  0.000408  -0.014594  0.999885  0.004057  -0.000349  -0.004063  0.999992  0.000000  0.000000  
42.324014 -0.007043  0.084519  0.007824  0.992165  0.123667  0.017744  -0.124427  0.990902  0.051294  -0.011239  -0.053100  0.998526  -0.011769  -0.014418  -0.001106  0.000000  0.000000  0.000000  2.000000  0.999893  0.014593  0.000408  -0.014594  0.999885  0.004057  -0.000349  -0.004063  0.999992  1.000000  0.000418  -0.000112  -0.000418  0.999999  0.001330  0.000112  -0.001330  0.999999  1.000000  0.000000  0.000000  0.000000  1.000000  0.000000  0.000000  0.000000  1.000000  0.999893  0.014593  0.000408  -0.014594  0.999885  0.004057  -0.000349  -0.004063  0.999992  0.000000  0.000000  
42.325016 -0.007053  0.084507  0.007823  0.992164  0.123660  0.017876  -0.124426  0.990903  0.051277  -0.011373  -0.053100  0.998524  -0.011659  -0.014313  -0.001126  0.000000  0.000000  0.000000  2.000000  0.999893  0.014593  0.000408  -0.014594  0.999885  0.004057  -0.000349  -0.004063  0.999992  1.000000  0.000206  0.000011  -0.000206  0.999999  0.001453  -0.000011  -0.001453  0.999999  1.000000  0.000000  0.000000  0.000000  1.000000  0.000000  0.000000  0.000000  1.000000  0.999893  0.014593  0.000408  -0.014594  0.999885  0.004057  -0.000349  -0.004063  0.999992  0.000000  0.000000  
42.326021 -0.007063  0.084493  0.007821  0.992164  0.123658  0.017891  -0.124426  0.990897  0.051397  -0.011373  -0.053221  0.998518  -0.011585  -0.014265  -0.001131  0.000000  0.000000  0.000000  2.000000  0.999893  0.014593  0.000408  -0.014594  0.999885  0.004057  -0.000349  -0.004063  0.999992  1.000000  0.000206  0.000011  -0.000206  0.999999  0.001453  -0.000011  -0.001453  0.999999  1.000000  0.000000  0.000000  0.000000  1.000000  0.000000  0.000000  0.000000  1.000000  0.999893  0.014593  0.000408  -0.014594  0.999885  0.004057  -0.000349  -0.004063  0.999992  0.000000  0.000000  
42.327267 -0.007076  0.084477  0.007819  0.992164  0.123658  0.017891  -0.124426  0.990897  0.051397  -0.011373  -0.053221  0.998518  -0.011462  -0.014168  -0.001179  0.000000  0.000000  0.000000  2.000000  0.999893  0.014593  0.000408  -0.014594  0.999885  0.004057  -0.000349  -0.004063  0.999992  1.000000  0.000213  -0.000123  -0.000213  0.999999  0.001332  0.000123  -0.001332  0.999999  1.000000  0.000000  0.000000  0.000000  1.000000  0.000000  0.000000  0.000000  1.000000  0.999893  0.014593  0.000408  -0.014594  0.999885  0.004057  -0.000349  -0.004063  0.999992  0.000000  0.000000  
42.328516 -0.007089  0.084459  0.007818  0.992164  0.123655  0.017906  -0.124426  0.990891  0.051518  -0.011373  -0.053342  0.998512  -0.011349  -0.014090  -0.001168  0.000000  0.000000  0.000000  2.000000  0.999893  0.014593  0.000408  -0.014594  0.999885  0.004057  -0.000349  -0.004063  0.999992  1.000000  0.000213  -0.000123  -0.000213  0.999999  0.001453  0.000123  -0.001453  0.999999  1.000000  0.000000  0.000000  0.000000  1.000000  0.000000  0.000000  0.000000  1.000000  0.999893  0.014593  0.000408  -0.014594  0.999885  0.004057  -0.000349  -0.004063  0.999992  0.000000  0.000000  
42.329516 -0.007100  0.084446  0.007817  0.992162  0.123646  0.018054  -0.124426  0.990885  0.051621  -0.011506  -0.053463  0.998504  -0.011240  -0.013985  -0.001208  0.000000  0.000000  0.000000  2.000000  0.999893  0.014593  0.000408  -0.014594  0.999885  0.004057  -0.000349  -0.004063  0.999992  1.000000  0.000206  0.000011  -0.000206  0.999999  0.001453  -0.000011  -0.001453  0.999999  1.000000  0.000000  0.000000  0.000000  1.000000  0.000000  0.000000  0.000000  1.000000  0.999893  0.014593  0.000408  -0.014594  0.999885  0.004057  -0.000349  -0.004063  0.999992  0.000000  0.000000  
42.330763 -0.007113  0.084429  0.007817  0.992162  0.123646  0.018054  -0.124426  0.990885  0.051621  -0.011506  -0.053463  0.998504  -0.011048  -0.013885  -0.001173  0.000000  0.000000  0.000000  2.000000  0.999893  0.014593  0.000408  -0.014594  0.999885  0.004057  -0.000349  -0.004063  0.999992  1.000000  0.000198  0.000145  -0.000199  0.999999  0.001332  -0.000144  -0.001332  0.999999  1.000000  0.000000  0.000000  0.000000  1.000000  0.000000  0.000000  0.000000  1.000000  0.999893  0.014593  0.000408  -0.014594  0.999885  0.004057  -0.000349  -0.004063  0.999992  0.000000  0.000000  
42.331773 -0.007123  0.084416  0.007817  0.992162  0.123644  0.018069  -0.124426  0.990879  0.051741  -0.011506  -0.053584  0.998497  -0.010844  -0.013712  -0.001114  0.000000  0.000000  0.000000  2.000000  0.999893  0.014593  0.000408  -0.014594  0.999885  0.004057  -0.000349  -0.004063  0.999992  1.000000  -0.000007  0.000134  0.000007  0.999999  0.001456  -0.000134  -0.001456  0.999999  1.000000  0.000000  0.000000  0.000000  1.000000  0.000000  0.000000  0.000000  1.000000  0.999893  0.014593  0.000408  -0.014594  0.999885  0.004057  -0.000349  -0.004063  0.999992  0.000000  0.000000  
42.333016 -0.007136  0.084399  0.007817  0.992162  0.123642  0.018084  -0.124426  0.990873  0.051862  -0.011506  -0.053705  0.998491  -0.010738  -0.013658  -0.001007  0.000000  0.000000  0.000000  2.000000  0.999893  0.014593  0.000408  -0.014594  0.999885  0.004057  -0.000349  -0.004063  0.999992  1.000000  -0.000007  0.000134  0.000007  0.999999  0.001334  -0.000134  -0.001334  0.999999  1.000000  0.000000  0.000000  0.000000  1.000000  0.000000  0.000000  0.000000  1.000000  0.999893  0.014593  0.000408  -0.014594  0.999885  0.004057  -0.000349  -0.004063  0.999992  0.000000  0.000000  
