1-Time 2-Px 3-Py 4-Pz 5-R11 6-R21 7-R31 8-R12 9-R22 10-R32 11-R13 12-R23 13-R33 14-Vx 15-Vy 16-Vz 17-Wx 18-Wy 19-Wz 20-state 21-PR11 22-PR21 23-PR31 24-PR12 25-PR22 26-PR32 27-PR13 28-PR23 29-PR33 
157.164864 0.002462  0.092075  -0.013556  0.996734  0.080401  -0.007608  -0.080200  0.996493  0.023853  0.009500  -0.023165  0.999687  -0.000080  -0.000134  -0.000175  0.000000  0.000000  0.000000  2.000000  1.000000  0.000000  0.000000  0.000000  1.000000  0.000000  0.000000  0.000000  1.000000  1.000000  0.000000  -0.000000  0.000000  1.000000  0.000121  0.000000  -0.000121  1.000000  1.000000  0.000000  0.000000  0.000000  1.000000  0.000000  0.000000  0.000000  1.000000  0.729008  0.456320  -0.510216  -0.477112  0.873218  0.099268  0.490828  0.171062  0.854298  0.000000  0.000000  
157.165866 0.002461  0.092074  -0.013556  0.996734  0.080401  -0.007608  -0.080200  0.996493  0.023853  0.009500  -0.023165  0.999687  -0.000111  -0.000160  -0.000194  0.000000  0.000000  0.000000  2.000000  1.000000  0.000000  0.000000  0.000000  1.000000  0.000000  0.000000  0.000000  1.000000  1.000000  0.000000  -0.000000  0.000000  1.000000  0.000121  0.000000  -0.000121  1.000000  1.000000  0.000000  0.000000  0.000000  1.000000  0.000000  0.000000  0.000000  1.000000  1.000000  0.000000  0.000000  0.000000  1.000000  0.000000  0.000000  0.000000  1.000000  0.000000  0.000000  
157.166867 0.002461  0.092073  -0.013557  0.996699  0.080815  -0.007732  -0.080610  0.996460  0.023867  0.009633  -0.023165  0.999685  -0.000125  -0.000232  -0.000195  0.000000  0.000000  0.000000  2.000000  1.000000  0.000000  0.000000  0.000000  1.000000  0.000000  0.000000  0.000000  1.000000  1.000000  0.000415  -0.000124  -0.000415  1.000000  0.000125  0.000124  -0.000125  1.000000  1.000000  0.000000  0.000000  0.000000  1.000000  0.000000  0.000000  0.000000  1.000000  1.000000  0.000000  0.000000  0.000000  1.000000  0.000000  0.000000  0.000000  1.000000  0.000000  0.000000  
157.168126 0.002461  0.092070  -0.013558  0.996666  0.081225  -0.007722  -0.081021  0.996427  0.023870  0.009633  -0.023165  0.999685  -0.000134  -0.000400  -0.000226  0.000000  0.000000  0.000000  2.000000  1.000000  0.000000  0.000000  0.000000  1.000000  0.000000  0.000000  0.000000  1.000000  1.000000  0.000826  -0.000115  -0.000826  1.000000  0.000129  0.000115  -0.000129  1.000000  1.000000  0.000000  0.000000  0.000000  1.000000  0.000000  0.000000  0.000000  1.000000  1.000000  0.000000  0.000000  0.000000  1.000000  0.000000  0.000000  0.000000  1.000000  0.000000  0.000000  
157.169367 0.002461  0.092068  -0.013558  0.996634  0.081633  -0.007569  -0.081431  0.996390  0.023983  0.009500  -0.023286  0.999684  -0.000134  -0.000593  -0.000248  0.000000  0.000000  0.000000  2.000000  1.000000  0.000000  0.000000  0.000000  1.000000  0.000000  0.000000  0.000000  1.000000  0.999999  0.001235  0.000029  -0.001235  0.999999  0.000254  -0.000028  -0.000254  1.000000  1.000000  0.000000  0.000000  0.000000  1.000000  0.000000  0.000000  0.000000  1.000000  1.000000  0.000000  0.000000  0.000000  1.000000  0.000000  0.000000  0.000000  1.000000  0.000000  0.000000  
157.170370 0.002461  0.092065  -0.013558  0.996617  0.081839  -0.007554  -0.081636  0.996371  0.024105  0.009500  -0.023407  0.999681  -0.000115  -0.000755  -0.000214  0.000000  0.000000  0.000000  2.000000  1.000000  0.000000  0.000000  0.000000  1.000000  0.000000  0.000000  0.000000  1.000000  0.999999  0.001441  0.000034  -0.001441  0.999999  0.000378  -0.000033  -0.000378  1.000000  1.000000  0.000000  0.000000  0.000000  1.000000  0.000000  0.000000  0.000000  1.000000  1.000000  0.000000  0.000000  0.000000  1.000000  0.000000  0.000000  0.000000  1.000000  0.000000  0.000000  
157.171617 0.002461  0.092062  -0.013558  0.996582  0.082252  -0.007678  -0.082046  0.996337  0.024119  0.009633  -0.023407  0.999680  -0.000068  -0.000968  -0.000200  0.000000  0.000000  0.000000  2.000000  1.000000  0.000000  0.000000  0.000000  1.000000  0.000000  0.000000  0.000000  1.000000  0.999998  0.001855  -0.000090  -0.001855  0.999998  0.000382  0.000091  -0.000382  1.000000  1.000000  0.000000  0.000000  0.000000  1.000000  0.000000  0.000000  0.000000  1.000000  1.000000  0.000000  0.000000  0.000000  1.000000  0.000000  0.000000  0.000000  1.000000  0.000000  0.000000  
157.172865 0.002462  0.092059  -0.013558  0.996530  0.082872  -0.007786  -0.082662  0.996282  0.024256  0.009767  -0.023528  0.999675  0.000001  -0.001130  -0.000175  0.000000  0.000000  0.000000  2.000000  1.000000  0.000000  0.000000  0.000000  1.000000  0.000000  0.000000  0.000000  1.000000  0.999997  0.002270  -0.000214  -0.002270  0.999997  0.000507  0.000215  -0.000507  1.000000  1.000000  0.000000  0.000000  0.000000  1.000000  0.000000  0.000000  0.000000  1.000000  1.000000  0.000000  0.000000  0.000000  1.000000  0.000000  0.000000  0.000000  1.000000  0.000000  0.000000  
157.173865 0.002462  0.092057  -0.013558  0.996477  0.083491  -0.007894  -0.083277  0.996228  0.024393  0.009901  -0.023650  0.999671  0.000011  -0.001251  -0.000149  0.000000  0.000000  0.000000  2.000000  1.000000  0.000000  0.000000  0.000000  1.000000  0.000000  0.000000  0.000000  1.000000  0.999996  0.002891  -0.000333  -0.002891  0.999996  0.000514  0.000335  -0.000513  1.000000  1.000000  0.000000  0.000000  0.000000  1.000000  0.000000  0.000000  0.000000  1.000000  1.000000  0.000000  0.000000  0.000000  1.000000  0.000000  0.000000  0.000000  1.000000  0.000000  0.000000  
157.174871 0.002462  0.092054  -0.013558  0.996424  0.084110  -0.008012  -0.083892  0.996176  0.024409  0.010035  -0.023650  0.999670  0.000042  -0.001437  -0.000154  0.000000  0.000000  0.000000  2.000000  1.000000  0.000000  0.000000  0.000000  1.000000  0.000000  0.000000  0.000000  1.000000  0.999994  0.003511  -0.000452  -0.003511  0.999994  0.000641  0.000454  -0.000640  1.000000  1.000000  0.000000  0.000000  0.000000  1.000000  0.000000  0.000000  0.000000  1.000000  1.000000  0.000000  0.000000  0.000000  1.000000  0.000000  0.000000  0.000000  1.000000  0.000000  0.000000  
157.176125 0.002463  0.092051  -0.013558  0.996355  0.084931  -0.007982  -0.084713  0.996103  0.024536  0.010035  -0.023771  0.999667  0.000130  -0.001625  -0.000157  0.000000  0.000000  0.000000  2.000000  1.000000  0.000000  0.000000  0.000000  1.000000  0.000000  0.000000  0.000000  1.000000  0.999991  0.004335  -0.000432  -0.004334  0.999990  0.000771  0.000436  -0.000769  1.000000  1.000000  0.000000  0.000000  0.000000  1.000000  0.000000  0.000000  0.000000  1.000000  1.000000  0.000000  0.000000  0.000000  1.000000  0.000000  0.000000  0.000000  1.000000  0.000000  0.000000  
157.177369 0.002465  0.092049  -0.013559  0.996283  0.085754  -0.008095  -0.085533  0.996033  0.024554  0.010169  -0.023771  0.999666  0.000206  -0.001748  -0.000222  0.026226  0.018265  0.180342  2.000000  1.000000  0.000065  -0.000007  -0.000065  1.000000  0.000010  0.000007  -0.000010  1.000000  0.999987  0.005161  -0.000546  -0.005161  0.999986  0.000780  0.000550  -0.000777  1.000000  1.000000  0.000065  -0.000007  -0.000065  1.000000  0.000010  0.000007  -0.000010  1.000000  1.000000  0.000065  -0.000007  -0.000065  1.000000  0.000010  0.000007  -0.000010  1.000000  0.000044  0.005248  
157.178375 0.002466  0.092047  -0.013558  0.996230  0.086371  -0.008069  -0.086149  0.995977  0.024680  0.010169  -0.023892  0.999663  0.000295  -0.001881  -0.000142  0.030272  0.017630  0.199549  2.000000  1.000000  0.000348  -0.000034  -0.000348  1.000000  0.000052  0.000034  -0.000052  1.000000  0.999982  0.005984  -0.000526  -0.005984  0.999982  0.000909  0.000531  -0.000906  0.999999  1.000000  0.000075  -0.000007  -0.000075  1.000000  0.000011  0.000007  -0.000011  1.000000  1.000000  0.000348  -0.000034  -0.000348  1.000000  0.000052  0.000034  -0.000052  1.000000  0.000051  0.006076  
157.179623 0.002468  0.092044  -0.013557  0.996141  0.087396  -0.008044  -0.087174  0.995887  0.024688  0.010169  -0.023892  0.999663  0.000411  -0.002064  -0.000081  0.030843  0.016953  0.235647  2.000000  1.000000  0.000748  -0.000066  -0.000748  1.000000  0.000109  0.000066  -0.000109  1.000000  0.999977  0.006807  -0.000506  -0.006807  0.999976  0.000918  0.000512  -0.000914  0.999999  1.000000  0.000085  -0.000006  -0.000085  1.000000  0.000011  0.000006  -0.000011  1.000000  1.000000  0.000748  -0.000066  -0.000748  1.000000  0.000109  0.000066  -0.000109  1.000000  0.000058  0.006887  
157.180869 0.002469  0.092040  -0.013557  0.996050  0.088425  -0.008141  -0.088199  0.995793  0.024829  0.010302  -0.024013  0.999659  0.000497  -0.002273  -0.000039  0.035280  0.020621  0.270354  2.000000  0.999999  0.001122  -0.000096  -0.001122  0.999999  0.000158  0.000096  -0.000158  1.000000  0.999969  0.007840  -0.000614  -0.007839  0.999969  0.001050  0.000623  -0.001045  0.999999  1.000000  0.000098  -0.000008  -0.000098  1.000000  0.000013  0.000008  -0.000013  1.000000  0.999999  0.001122  -0.000096  -0.001122  0.999999  0.000158  0.000096  -0.000158  1.000000  0.000067  0.007933  
157.182126 0.002470  0.092036  -0.013557  0.995957  0.089453  -0.008249  -0.089224  0.995702  0.024850  0.010436  -0.024013  0.999657  0.000605  -0.002433  0.000013  0.035630  0.024294  0.304929  2.000000  0.999999  0.001651  -0.000137  -0.001651  0.999999  0.000224  0.000137  -0.000224  1.000000  0.999960  0.008872  -0.000723  -0.008871  0.999960  0.001062  0.000733  -0.001055  0.999999  1.000000  0.000111  -0.000009  -0.000111  1.000000  0.000013  0.000009  -0.000013  1.000000  0.999999  0.001651  -0.000137  -0.001651  0.999999  0.000224  0.000137  -0.000224  1.000000  0.000075  0.008964  
157.183375 0.002471  0.092032  -0.013555  0.995882  0.090277  -0.008350  -0.090044  0.995624  0.024989  0.010570  -0.024134  0.999653  0.000721  -0.002562  0.000156  0.040006  0.028119  0.332724  2.000000  0.999997  0.002236  -0.000186  -0.002236  0.999997  0.000295  0.000187  -0.000295  1.000000  0.999953  0.009698  -0.000836  -0.009697  0.999952  0.001193  0.000848  -0.001185  0.999999  1.000000  0.000121  -0.000011  -0.000121  1.000000  0.000015  0.000011  -0.000015  1.000000  0.999997  0.002236  -0.000186  -0.002236  0.999997  0.000295  0.000187  -0.000295  1.000000  0.000083  0.009807  
157.184616 0.002472  0.092025  -0.013554  0.995806  0.091101  -0.008452  -0.090864  0.995546  0.025129  0.010704  -0.024256  0.999648  0.000772  -0.002765  0.000306  0.044037  0.031689  0.357676  2.000000  0.999996  0.002881  -0.000243  -0.002881  0.999996  0.000366  0.000244  -0.000365  1.000000  0.999942  0.010731  -0.000944  -0.010730  0.999942  0.001205  0.000956  -0.001195  0.999999  1.000000  0.000134  -0.000012  -0.000134  1.000000  0.000015  0.000012  -0.000015  1.000000  0.999996  0.002881  -0.000243  -0.002881  0.999996  0.000366  0.000244  -0.000365  1.000000  0.000091  0.010839  
157.185618 0.002473  0.092020  -0.013552  0.995729  0.091925  -0.008553  -0.091684  0.995467  0.025269  0.010837  -0.024377  0.999644  0.000858  -0.002920  0.000431  0.048774  0.035762  0.388335  2.000000  0.999994  0.003433  -0.000291  -0.003433  0.999994  0.000427  0.000293  -0.000426  1.000000  0.999935  0.011351  -0.001061  -0.011350  0.999935  0.001334  0.001076  -0.001322  0.999999  1.000000  0.000142  -0.000013  -0.000142  1.000000  0.000017  0.000013  -0.000017  1.000000  0.999994  0.003433  -0.000291  -0.003433  0.999994  0.000427  0.000293  -0.000426  1.000000  0.000097  0.011478  
157.186865 0.002475  0.092013  -0.013551  0.995634  0.092951  -0.008516  -0.092709  0.995369  0.025399  0.010837  -0.024498  0.999641  0.000980  -0.003202  0.000463  0.053211  0.034922  0.422996  2.000000  0.999991  0.004176  -0.000354  -0.004176  0.999991  0.000512  0.000356  -0.000511  1.000000  0.999926  0.012171  -0.000905  -0.012170  0.999925  0.001464  0.000923  -0.001453  0.999999  1.000000  0.000152  -0.000011  -0.000152  1.000000  0.000018  0.000011  -0.000018  1.000000  0.999991  0.004176  -0.000354  -0.004176  0.999991  0.000512  0.000356  -0.000511  1.000000  0.000105  0.012292  
157.187867 0.002478  0.092008  -0.013550  0.995556  0.093775  -0.008617  -0.093529  0.995289  0.025539  0.010971  -0.024619  0.999637  0.001096  -0.003413  0.000570  0.057591  0.038727  0.450706  2.000000  0.999988  0.004795  -0.000402  -0.004794  0.999988  0.000587  0.000405  -0.000585  1.000000  0.999920  0.012586  -0.001028  -0.012585  0.999920  0.001591  0.001047  -0.001578  0.999998  1.000000  0.000157  -0.000013  -0.000157  1.000000  0.000020  0.000013  -0.000020  1.000000  0.999988  0.004795  -0.000402  -0.004794  0.999988  0.000587  0.000405  -0.000585  1.000000  0.000113  0.012728  
157.188867 0.002479  0.092002  -0.013549  0.995477  0.094599  -0.008718  -0.094348  0.995208  0.025679  0.011105  -0.024741  0.999632  0.001134  -0.003711  0.000590  0.061494  0.042198  0.474712  2.000000  0.999986  0.005282  -0.000440  -0.005282  0.999986  0.000647  0.000444  -0.000645  1.000000  0.999912  0.013204  -0.001012  -0.013202  0.999912  0.001598  0.001033  -0.001584  0.999998  1.000000  0.000165  -0.000013  -0.000165  1.000000  0.000020  0.000013  -0.000020  1.000000  0.999986  0.005282  -0.000440  -0.005282  0.999986  0.000647  0.000444  -0.000645  1.000000  0.000119  0.013338  
157.190123 0.002480  0.091993  -0.013548  0.995398  0.095423  -0.008818  -0.095168  0.995126  0.025820  0.011239  -0.024862  0.999628  0.001212  -0.004041  0.000685  0.066376  0.046336  0.506247  2.000000  0.999981  0.006118  -0.000518  -0.006118  0.999981  0.000749  0.000523  -0.000745  1.000000  0.999906  0.013622  -0.001268  -0.013620  0.999906  0.001604  0.001290  -0.001587  0.999998  1.000000  0.000170  -0.000016  -0.000170  1.000000  0.000020  0.000016  -0.000020  1.000000  0.999981  0.006118  -0.000518  -0.006118  0.999981  0.000749  0.000523  -0.000745  1.000000  0.000126  0.013774  
157.191368 0.002482  0.091985  -0.013547  0.995319  0.096242  -0.008797  -0.095988  0.995047  0.025827  0.011239  -0.024862  0.999628  0.001249  -0.004380  0.000808  0.066676  0.045681  0.534012  2.000000  0.999975  0.006985  -0.000604  -0.006984  0.999975  0.000852  0.000610  -0.000848  0.999999  0.999901  0.014034  -0.001256  -0.014032  0.999900  0.001610  0.001278  -0.001593  0.999998  1.000000  0.000175  -0.000016  -0.000175  1.000000  0.000020  0.000016  -0.000020  1.000000  0.999975  0.006985  -0.000604  -0.006984  0.999975  0.000852  0.000610  -0.000848  0.999999  0.000132  0.014181  
157.192382 0.002484  0.091978  -0.013547  0.995258  0.096861  -0.008902  -0.096602  0.994984  0.025966  0.011373  -0.024983  0.999623  0.001310  -0.004760  0.000843  0.070981  0.049630  0.554690  2.000000  0.999970  0.007700  -0.000671  -0.007699  0.999970  0.000937  0.000679  -0.000932  0.999999  0.999895  0.014449  -0.001378  -0.014446  0.999894  0.001738  0.001403  -0.001718  0.999998  1.000000  0.000181  -0.000017  -0.000181  1.000000  0.000022  0.000017  -0.000022  1.000000  0.999970  0.007700  -0.000671  -0.007699  0.999970  0.000937  0.000679  -0.000932  0.999999  0.000139  0.014617  
157.193619 0.002486  0.091969  -0.013545  0.995177  0.097685  -0.009002  -0.097422  0.994901  0.026107  0.011506  -0.025104  0.999619  0.001309  -0.005148  0.000856  0.071329  0.053404  0.582626  2.000000  0.999964  0.008430  -0.000738  -0.008429  0.999964  0.001023  0.000747  -0.001017  0.999999  0.999892  0.014655  -0.001371  -0.014652  0.999891  0.001742  0.001396  -0.001722  0.999998  1.000000  0.000183  -0.000017  -0.000183  1.000000  0.000022  0.000017  -0.000022  1.000000  0.999964  0.008430  -0.000738  -0.008429  0.999964  0.001023  0.000747  -0.001017  0.999999  0.000146  0.014821  
157.194621 0.002486  0.091962  -0.013544  0.995115  0.098304  -0.009107  -0.098036  0.994837  0.026246  0.011640  -0.025225  0.999614  0.001220  -0.005477  0.000876  0.075656  0.057355  0.603427  2.000000  0.999958  0.009168  -0.000802  -0.009167  0.999957  0.001109  0.000812  -0.001101  0.999999  0.999889  0.014860  -0.001365  -0.014858  0.999888  0.001625  0.001389  -0.001605  0.999998  1.000000  0.000186  -0.000017  -0.000186  1.000000  0.000020  0.000017  -0.000020  1.000000  0.999958  0.009168  -0.000802  -0.009167  0.999957  0.001109  0.000812  -0.001101  0.999999  0.000153  0.015011  
157.195624 0.002487  0.091955  -0.013543  0.995054  0.098918  -0.009091  -0.098651  0.994776  0.026252  0.011640  -0.025225  0.999614  0.001233  -0.005800  0.000958  0.075873  0.056851  0.624155  2.000000  0.999951  0.009905  -0.000865  -0.009904  0.999950  0.001196  0.000876  -0.001188  0.999999  0.999892  0.014651  -0.001235  -0.014649  0.999891  0.001744  0.001261  -0.001726  0.999998  1.000000  0.000183  -0.000016  -0.000183  1.000000  0.000022  0.000016  -0.000022  1.000000  0.999951  0.009905  -0.000865  -0.009904  0.999950  0.001196  0.000876  -0.001188  0.999999  0.000155  0.014806  
157.196871 0.002487  0.091947  -0.013541  0.994993  0.099533  -0.009075  -0.099265  0.994715  0.026258  0.011640  -0.025225  0.999614  0.001181  -0.006082  0.001089  0.075918  0.052359  0.624073  2.000000  0.999943  0.010640  -0.000926  -0.010639  0.999943  0.001281  0.000940  -0.001271  0.999999  0.999892  0.014651  -0.001235  -0.014649  0.999891  0.001623  0.001259  -0.001605  0.999998  1.000000  0.000183  -0.000016  -0.000183  1.000000  0.000020  0.000016  -0.000020  1.000000  0.999943  0.010640  -0.000926  -0.010639  0.999943  0.001281  0.000940  -0.001271  0.999999  0.000158  0.014792  
157.198122 0.002488  0.091938  -0.013539  0.994930  0.100151  -0.009179  -0.099880  0.994649  0.026397  0.011774  -0.025347  0.999609  0.001143  -0.006341  0.001138  0.079547  0.056032  0.632951  2.000000  0.999933  0.011551  -0.001006  -0.011550  0.999932  0.001387  0.001022  -0.001375  0.999999  0.999895  0.014446  -0.001239  -0.014444  0.999894  0.001744  0.001264  -0.001726  0.999998  1.000000  0.000181  -0.000016  -0.000181  1.000000  0.000022  0.000016  -0.000022  1.000000  0.999933  0.011551  -0.001006  -0.011550  0.999932  0.001387  0.001022  -0.001375  0.999999  0.000160  0.014603  
157.199374 0.002487  0.091929  -0.013536  0.994868  0.100766  -0.009163  -0.100494  0.994587  0.026403  0.011774  -0.025347  0.999609  0.001004  -0.006537  0.001201  0.076135  0.060765  0.645016  2.000000  0.999922  0.012444  -0.001083  -0.012442  0.999921  0.001492  0.001102  -0.001478  0.999998  0.999898  0.014240  -0.001244  -0.014238  0.999897  0.001620  0.001267  -0.001602  0.999998  1.000000  0.000178  -0.000016  -0.000178  1.000000  0.000020  0.000016  -0.000020  1.000000  0.999922  0.012444  -0.001083  -0.012442  0.999921  0.001492  0.001102  -0.001478  0.999998  0.000162  0.014385  
157.200379 0.002486  0.091922  -0.013534  0.994827  0.101175  -0.009152  -0.100904  0.994546  0.026407  0.011774  -0.025347  0.999609  0.000838  -0.006669  0.001227  0.072088  0.056221  0.644788  2.000000  0.999913  0.013151  -0.001145  -0.013149  0.999912  0.001573  0.001166  -0.001558  0.999998  0.999901  0.014034  -0.001249  -0.014032  0.999900  0.001618  0.001272  -0.001600  0.999998  1.000000  0.000175  -0.000016  -0.000175  1.000000  0.000020  0.000016  -0.000020  1.000000  0.999913  0.013151  -0.001145  -0.013149  0.999912  0.001573  0.001166  -0.001558  0.999998  0.000165  0.014182  
157.201634 0.002484  0.091913  -0.013532  0.994762  0.101794  -0.009257  -0.101518  0.994479  0.026547  0.011908  -0.025468  0.999605  0.000584  -0.006807  0.001330  0.072865  0.056450  0.657262  2.000000  0.999904  0.013832  -0.001208  -0.013830  0.999903  0.001656  0.001230  -0.001639  0.999998  0.999909  0.013417  -0.001263  -0.013415  0.999909  0.001613  0.001285  -0.001596  0.999998  1.000000  0.000168  -0.000016  -0.000168  1.000000  0.000020  0.000016  -0.000020  1.000000  0.999904  0.013832  -0.001208  -0.013830  0.999903  0.001656  0.001230  -0.001639  0.999998  0.000165  0.013572  
157.202636 0.002482  0.091905  -0.013531  0.994721  0.102203  -0.009246  -0.101927  0.994437  0.026550  0.011908  -0.025468  0.999605  0.000327  -0.006959  0.001297  0.072231  0.055959  0.651542  2.000000  0.999897  0.014332  -0.001255  -0.014330  0.999896  0.001716  0.001279  -0.001698  0.999998  0.999912  0.013211  -0.001268  -0.013209  0.999911  0.001610  0.001290  -0.001593  0.999998  1.000000  0.000165  -0.000016  -0.000165  1.000000  0.000020  0.000016  -0.000020  1.000000  0.999897  0.014332  -0.001255  -0.014330  0.999896  0.001716  0.001279  -0.001698  0.999998  0.000164  0.013369  
157.203708 0.002480  0.091898  -0.013529  0.994698  0.102411  -0.009373  -0.102132  0.994416  0.026566  0.012042  -0.025468  0.999603  0.000099  -0.006996  0.001359  0.067928  0.056124  0.636187  2.000000  0.999889  0.014823  -0.001300  -0.014820  0.999889  0.001777  0.001326  -0.001758  0.999998  0.999915  0.013005  -0.001274  -0.013003  0.999914  0.001610  0.001295  -0.001593  0.999998  1.000000  0.000163  -0.000016  -0.000163  1.000000  0.000020  0.000016  -0.000020  1.000000  0.999889  0.014823  -0.001300  -0.014820  0.999889  0.001777  0.001326  -0.001758  0.999998  0.000162  0.013166  
157.204867 0.002477  0.091889  -0.013526  0.994654  0.102825  -0.009483  -0.102541  0.994370  0.026704  0.012175  -0.025589  0.999598  -0.000199  -0.007090  0.001473  0.071634  0.055969  0.626090  2.000000  0.999879  0.015468  -0.001362  -0.015465  0.999879  0.001857  0.001390  -0.001835  0.999997  0.999917  0.012800  -0.001277  -0.012798  0.999917  0.001609  0.001298  -0.001592  0.999998  1.000000  0.000160  -0.000016  -0.000160  1.000000  0.000020  0.000016  -0.000020  1.000000  0.999879  0.015468  -0.001362  -0.015465  0.999879  0.001857  0.001390  -0.001835  0.999997  0.000160  0.012963  
157.206122 0.002475  0.091880  -0.013524  0.994591  0.103440  -0.009466  -0.103156  0.994307  0.026710  0.012175  -0.025589  0.999598  -0.000536  -0.007134  0.001549  0.067513  0.056099  0.619219  2.000000  0.999867  0.016244  -0.001436  -0.016241  0.999866  0.001955  0.001468  -0.001931  0.999997  0.999925  0.012179  -0.001160  -0.012177  0.999925  0.001480  0.001178  -0.001466  0.999998  1.000000  0.000152  -0.000015  -0.000152  1.000000  0.000018  0.000015  -0.000018  1.000000  0.999867  0.016244  -0.001436  -0.016241  0.999866  0.001955  0.001468  -0.001931  0.999997  0.000157  0.012323  
157.207367 0.002471  0.091870  -0.013522  0.994547  0.103852  -0.009588  -0.103565  0.994263  0.026728  0.012309  -0.025589  0.999597  -0.000907  -0.007190  0.001625  0.067439  0.056436  0.605478  2.000000  0.999854  0.017000  -0.001509  -0.016997  0.999853  0.002045  0.001544  -0.002019  0.999997  0.999930  0.011767  -0.001170  -0.011766  0.999930  0.001356  0.001186  -0.001342  0.999998  1.000000  0.000147  -0.000015  -0.000147  1.000000  0.000017  0.000015  -0.000017  1.000000  0.999854  0.017000  -0.001509  -0.016997  0.999853  0.002045  0.001544  -0.002019  0.999997  0.000153  0.011902  
157.208617 0.002466  0.091860  -0.013521  0.994504  0.104262  -0.009577  -0.103975  0.994221  0.026732  0.012309  -0.025589  0.999597  -0.001284  -0.007265  0.001583  0.063247  0.056744  0.591806  2.000000  0.999842  0.017718  -0.001582  -0.017714  0.999841  0.002127  0.001620  -0.002099  0.999996  0.999937  0.011150  -0.001186  -0.011149  0.999937  0.001227  0.001200  -0.001214  0.999999  1.000000  0.000139  -0.000015  -0.000139  1.000000  0.000015  0.000015  -0.000015  1.000000  0.999842  0.017718  -0.001582  -0.017714  0.999841  0.002127  0.001620  -0.002099  0.999996  0.000150  0.011280  
157.209626 0.002463  0.091852  -0.013522  0.994482  0.104466  -0.009572  -0.104179  0.994199  0.026734  0.012309  -0.025589  0.999597  -0.001626  -0.007333  0.001463  0.063944  0.054017  0.566657  2.000000  0.999832  0.018262  -0.001636  -0.018259  0.999831  0.002186  0.001676  -0.002156  0.999996  0.999942  0.010735  -0.001063  -0.010734  0.999942  0.001101  0.001075  -0.001089  0.999999  1.000000  0.000134  -0.000013  -0.000134  1.000000  0.000014  0.000013  -0.000014  1.000000  0.999832  0.018262  -0.001636  -0.018259  0.999831  0.002186  0.001676  -0.002156  0.999996  0.000146  0.010843  
157.210628 0.002459  0.091845  -0.013522  0.994439  0.104876  -0.009561  -0.104589  0.994156  0.026738  0.012309  -0.025589  0.999597  -0.001961  -0.007376  0.001394  0.059243  0.053693  0.554899  2.000000  0.999825  0.018647  -0.001674  -0.018643  0.999824  0.002226  0.001715  -0.002194  0.999996  0.999948  0.010114  -0.000945  -0.010113  0.999948  0.000972  0.000955  -0.000962  0.999999  1.000000  0.000126  -0.000012  -0.000126  1.000000  0.000012  0.000012  -0.000012  1.000000  0.999825  0.018647  -0.001674  -0.018643  0.999824  0.002226  0.001715  -0.002194  0.999996  0.000140  0.010205  
157.211876 0.002454  0.091835  -0.013522  0.994396  0.105285  -0.009550  -0.104998  0.994113  0.026742  0.012309  -0.025589  0.999597  -0.002283  -0.007435  0.001228  0.059062  0.049728  0.534206  2.000000  0.999815  0.019150  -0.001721  -0.019146  0.999814  0.002275  0.001764  -0.002242  0.999996  0.999950  0.009909  -0.000950  -0.009908  0.999950  0.000969  0.000960  -0.000960  0.999999  1.000000  0.000124  -0.000012  -0.000124  1.000000  0.000012  0.000012  -0.000012  1.000000  0.999815  0.019150  -0.001721  -0.019146  0.999814  0.002275  0.001764  -0.002242  0.999996  0.000136  0.010001  
157.213123 0.002448  0.091826  -0.013523  0.994373  0.105493  -0.009677  -0.105203  0.994091  0.026758  0.012443  -0.025589  0.999595  -0.002678  -0.007488  0.000998  0.054822  0.050216  0.513494  2.000000  0.999803  0.019759  -0.001778  -0.019755  0.999802  0.002329  0.001824  -0.002294  0.999996  0.999954  0.009497  -0.000961  -0.009496  0.999955  0.000844  0.000969  -0.000835  0.999999  1.000000  0.000119  -0.000012  -0.000119  1.000000  0.000010  0.000012  -0.000010  1.000000  0.999803  0.019759  -0.001778  -0.019755  0.999802  0.002329  0.001824  -0.002294  0.999996  0.000132  0.009583  
157.214143 0.002444  0.091819  -0.013524  0.994351  0.105698  -0.009672  -0.105407  0.994069  0.026760  0.012443  -0.025589  0.999595  -0.002924  -0.007449  0.000814  0.050508  0.046178  0.492330  2.000000  0.999794  0.020223  -0.001821  -0.020219  0.999793  0.002367  0.001868  -0.002330  0.999996  0.999958  0.009082  -0.000838  -0.009081  0.999959  0.000718  0.000844  -0.000711  0.999999  1.000000  0.000114  -0.000011  -0.000114  1.000000  0.000009  0.000011  -0.000009  1.000000  0.999794  0.020223  -0.001821  -0.020219  0.999793  0.002367  0.001868  -0.002330  0.999996  0.000127  0.009149  
157.215375 0.002438  0.091811  -0.013525  0.994308  0.106106  -0.009674  -0.105817  0.994029  0.026643  0.012443  -0.025468  0.999598  -0.003171  -0.007405  0.000602  0.042241  0.042041  0.478523  2.000000  0.999785  0.020657  -0.001858  -0.020652  0.999784  0.002394  0.001907  -0.002356  0.999995  0.999964  0.008461  -0.000721  -0.008461  0.999964  0.000468  0.000725  -0.000462  1.000000  1.000000  0.000106  -0.000009  -0.000106  1.000000  0.000006  0.000009  -0.000006  1.000000  0.999785  0.020657  -0.001858  -0.020652  0.999784  0.002394  0.001907  -0.002356  0.999995  0.000121  0.008505  
157.216619 0.002432  0.091802  -0.013527  0.994286  0.106311  -0.009668  -0.106022  0.994007  0.026645  0.012443  -0.025468  0.999598  -0.003494  -0.007367  0.000324  0.037848  0.042708  0.450916  2.000000  0.999774  0.021165  -0.001899  -0.021160  0.999773  0.002423  0.001950  -0.002382  0.999995  0.999967  0.008046  -0.000598  -0.008046  0.999968  0.000342  0.000600  -0.000337  1.000000  1.000000  0.000101  -0.000007  -0.000101  1.000000  0.000004  0.000007  -0.000004  1.000000  0.999774  0.021165  -0.001899  -0.021160  0.999773  0.002423  0.001950  -0.002382  0.999995  0.000116  0.008076  
157.217624 0.002427  0.091796  -0.013528  0.994264  0.106515  -0.009663  -0.106226  0.993985  0.026647  0.012443  -0.025468  0.999598  -0.003688  -0.007264  0.000173  0.033555  0.038702  0.430019  2.000000  0.999766  0.021552  -0.001929  -0.021547  0.999765  0.002440  0.001982  -0.002398  0.999995  0.999971  0.007635  -0.000608  -0.007634  0.999971  0.000337  0.000611  -0.000332  1.000000  1.000000  0.000095  -0.000008  -0.000095  1.000000  0.000004  0.000008  -0.000004  1.000000  0.999766  0.021552  -0.001929  -0.021547  0.999765  0.002440  0.001982  -0.002398  0.999995  0.000110  0.007666  
157.218865 0.002421  0.091789  -0.013529  0.994220  0.106924  -0.009652  -0.106636  0.993941  0.026651  0.012443  -0.025468  0.999598  -0.003929  -0.007121  -0.000119  0.029109  0.034251  0.412735  2.000000  0.999758  0.021923  -0.001960  -0.021918  0.999757  0.002457  0.002013  -0.002414  0.999995  0.999972  0.007429  -0.000613  -0.007429  0.999972  0.000334  0.000616  -0.000330  1.000000  1.000000  0.000093  -0.000008  -0.000093  1.000000  0.000004  0.000008  -0.000004  1.000000  0.999758  0.021923  -0.001960  -0.021918  0.999757  0.002457  0.002013  -0.002414  0.999995  0.000105  0.007462  
157.219870 0.002416  0.091783  -0.013530  0.994198  0.107129  -0.009646  -0.106840  0.993919  0.026653  0.012443  -0.025468  0.999598  -0.004114  -0.007018  -0.000309  0.025058  0.030540  0.395340  2.000000  0.999752  0.022194  -0.001979  -0.022189  0.999751  0.002467  0.002034  -0.002423  0.999995  0.999974  0.007220  -0.000485  -0.007220  0.999974  0.000210  0.000486  -0.000207  1.000000  1.000000  0.000090  -0.000006  -0.000090  1.000000  0.000003  0.000006  -0.000003  1.000000  0.999752  0.022194  -0.001979  -0.022189  0.999751  0.002467  0.002034  -0.002423  0.999995  0.000102  0.007239  
157.221117 0.002410  0.091777  -0.013531  0.994175  0.107336  -0.009787  -0.107045  0.993900  0.026549  0.012577  -0.025346  0.999600  -0.004303  -0.006853  -0.000492  0.020668  0.035111  0.378418  2.000000  0.999742  0.022629  -0.002010  -0.022624  0.999741  0.002476  0.002066  -0.002430  0.999995  0.999977  0.006808  -0.000496  -0.006808  0.999977  0.000084  0.000497  -0.000081  1.000000  1.000000  0.000085  -0.000006  -0.000085  1.000000  0.000001  0.000006  -0.000001  1.000000  0.999742  0.022629  -0.002010  -0.022624  0.999741  0.002476  0.002066  -0.002430  0.999995  0.000097  0.006827  
157.222119 0.002405  0.091772  -0.013532  0.994175  0.107336  -0.009787  -0.107045  0.993900  0.026549  0.012577  -0.025346  0.999600  -0.004427  -0.006646  -0.000667  0.016412  0.031164  0.357918  2.000000  0.999734  0.022957  -0.002042  -0.022952  0.999733  0.002481  0.002098  -0.002433  0.999995  0.999979  0.006400  -0.000641  -0.006400  0.999980  0.000080  0.000641  -0.000076  1.000000  1.000000  0.000080  -0.000008  -0.000080  1.000000  0.000001  0.000008  -0.000001  1.000000  0.999734  0.022957  -0.002042  -0.022952  0.999733  0.002481  0.002098  -0.002433  0.999995  0.000092  0.006432  
157.223123 0.002400  0.091767  -0.013534  0.994153  0.107540  -0.009781  -0.107249  0.993878  0.026551  0.012577  -0.025346  0.999600  -0.004558  -0.006467  -0.000827  0.012218  0.027013  0.343886  2.000000  0.999727  0.023267  -0.002071  -0.023261  0.999726  0.002482  0.002128  -0.002433  0.999995  0.999982  0.005985  -0.000517  -0.005985  0.999982  -0.000047  0.000517  0.000050  1.000000  1.000000  0.000075  -0.000006  -0.000075  1.000000  -0.000001  0.000006  0.000001  1.000000  0.999727  0.023267  -0.002071  -0.023261  0.999726  0.002482  0.002128  -0.002433  0.999995  0.000086  0.006007  
157.224368 0.002394  0.091761  -0.013536  0.994130  0.107744  -0.009789  -0.107454  0.993859  0.026432  0.012577  -0.025225  0.999603  -0.004609  -0.006215  -0.000963  0.007868  0.023272  0.316417  2.000000  0.999719  0.023628  -0.002104  -0.023622  0.999718  0.002475  0.002161  -0.002425  0.999995  0.999984  0.005573  -0.000528  -0.005573  0.999984  -0.000173  0.000527  0.000176  1.000000  1.000000  0.000070  -0.000007  -0.000070  1.000000  -0.000002  0.000007  0.000002  1.000000  0.999719  0.023628  -0.002104  -0.023622  0.999718  0.002475  0.002161  -0.002425  0.999995  0.000081  0.005601  
157.225620 0.002389  0.091756  -0.013538  0.994108  0.107948  -0.009784  -0.107659  0.993836  0.026434  0.012577  -0.025225  0.999603  -0.004645  -0.005945  -0.001110  0.003657  0.023596  0.302651  2.000000  0.999710  0.023968  -0.002127  -0.023963  0.999710  0.002463  0.002185  -0.002412  0.999995  0.999987  0.005155  -0.000271  -0.005155  0.999987  -0.000299  0.000270  0.000301  1.000000  1.000000  0.000064  -0.000003  -0.000064  1.000000  -0.000004  0.000003  0.000004  1.000000  0.999710  0.023968  -0.002127  -0.023963  0.999710  0.002463  0.002185  -0.002412  0.999995  0.000078  0.005171  
157.226628 0.002385  0.091751  -0.013540  0.994088  0.108149  -0.009658  -0.107864  0.993818  0.026301  0.012443  -0.025104  0.999607  -0.004627  -0.005687  -0.001192  -0.000577  0.019658  0.291145  2.000000  0.999704  0.024228  -0.002141  -0.024223  0.999704  0.002444  0.002199  -0.002392  0.999995  0.999987  0.005155  -0.000272  -0.005155  0.999987  -0.000421  0.000270  0.000422  1.000000  1.000000  0.000064  -0.000003  -0.000064  1.000000  -0.000005  0.000003  0.000005  1.000000  0.999704  0.024228  -0.002141  -0.024223  0.999704  0.002444  0.002199  -0.002392  0.999995  0.000074  0.005179  
157.227868 0.002381  0.091746  -0.013542  0.994066  0.108353  -0.009653  -0.108068  0.993795  0.026303  0.012443  -0.025104  0.999607  -0.004555  -0.005414  -0.001285  -0.004680  0.015196  0.281820  2.000000  0.999704  0.024228  -0.002141  -0.024223  0.999704  0.002444  0.002199  -0.002392  0.999995  0.999988  0.004946  -0.000143  -0.004946  0.999988  -0.000424  0.000141  0.000425  1.000000  1.000000  0.000000  0.000000  0.000000  1.000000  0.000000  0.000000  0.000000  1.000000  0.999704  0.024228  -0.002141  -0.024223  0.999704  0.002444  0.002199  -0.002392  0.999995  0.000071  0.000000  
157.228871 0.002378  0.091743  -0.013544  0.994066  0.108352  -0.009666  -0.108068  0.993799  0.026183  0.012443  -0.024983  0.999610  -0.004485  -0.005181  -0.001373  -0.008972  0.015731  0.261237  2.000000  0.999704  0.024228  -0.002141  -0.024223  0.999704  0.002444  0.002199  -0.002392  0.999995  0.999990  0.004531  -0.000020  -0.004531  0.999990  -0.000550  0.000018  0.000550  1.000000  1.000000  0.000000  0.000000  0.000000  1.000000  0.000000  0.000000  0.000000  1.000000  0.999704  0.024228  -0.002141  -0.024223  0.999704  0.002444  0.002199  -0.002392  0.999995  0.000067  0.000000  
157.230122 0.002374  0.091739  -0.013546  0.994043  0.108557  -0.009661  -0.108273  0.993776  0.026185  0.012443  -0.024983  0.999610  -0.004314  -0.004929  -0.001433  -0.009146  0.016090  0.247727  2.000000  0.999704  0.024228  -0.002141  -0.024223  0.999704  0.002444  0.002199  -0.002392  0.999995  0.999991  0.004325  -0.000026  -0.004325  0.999990  -0.000553  0.000023  0.000553  1.000000  1.000000  0.000000  0.000000  0.000000  1.000000  0.000000  0.000000  0.000000  1.000000  0.999704  0.024228  -0.002141  -0.024223  0.999704  0.002444  0.002199  -0.002392  0.999995  0.000064  0.000000  
157.231123 0.002372  0.091735  -0.013549  0.994021  0.108761  -0.009655  -0.108478  0.993754  0.026187  0.012443  -0.024983  0.999610  -0.004150  -0.004652  -0.001511  -0.013358  0.011873  0.242533  2.000000  0.999704  0.024228  -0.002141  -0.024223  0.999704  0.002444  0.002199  -0.002392  0.999995  0.999991  0.004325  -0.000026  -0.004325  0.999990  -0.000553  0.000023  0.000553  1.000000  1.000000  0.000000  0.000000  0.000000  1.000000  0.000000  0.000000  0.000000  1.000000  0.999704  0.024228  -0.002141  -0.024223  0.999704  0.002444  0.002199  -0.002392  0.999995  0.000062  0.000000  
157.232373 0.002369  0.091731  -0.013552  0.994021  0.108760  -0.009668  -0.108478  0.993757  0.026066  0.012443  -0.024861  0.999613  -0.003941  -0.004417  -0.001613  -0.017698  0.012417  0.221910  2.000000  0.999704  0.024228  -0.002141  -0.024223  0.999704  0.002444  0.002199  -0.002392  0.999995  0.999993  0.003708  -0.000042  -0.003708  0.999993  -0.000682  0.000039  0.000682  1.000000  1.000000  0.000000  0.000000  0.000000  1.000000  0.000000  0.000000  0.000000  1.000000  0.999704  0.024228  -0.002141  -0.024223  0.999704  0.002444  0.002199  -0.002392  0.999995  0.000058  0.000000  
157.233373 0.002367  0.091728  -0.013555  0.993999  0.108965  -0.009663  -0.108682  0.993735  0.026068  0.012443  -0.024861  0.999613  -0.003724  -0.004205  -0.001706  -0.017726  0.007938  0.222329  2.000000  0.999704  0.024228  -0.002141  -0.024223  0.999704  0.002444  0.002199  -0.002392  0.999995  0.999993  0.003704  0.000092  -0.003704  0.999993  -0.000682  -0.000095  0.000681  1.000000  1.000000  0.000000  0.000000  0.000000  1.000000  0.000000  0.000000  0.000000  1.000000  0.999704  0.024228  -0.002141  -0.024223  0.999704  0.002444  0.002199  -0.002392  0.999995  0.000057  0.000000  
157.234625 0.002365  0.091725  -0.013557  0.994000  0.108961  -0.009530  -0.108682  0.993735  0.026054  0.012309  -0.024861  0.999615  -0.003463  -0.003969  -0.001816  -0.021916  -0.000741  0.207579  2.000000  0.999704  0.024228  -0.002141  -0.024223  0.999704  0.002444  0.002199  -0.002392  0.999995  0.999995  0.003289  0.000216  -0.003289  0.999994  -0.000687  -0.000218  0.000687  1.000000  1.000000  0.000000  0.000000  0.000000  1.000000  0.000000  0.000000  0.000000  1.000000  0.999704  0.024228  -0.002141  -0.024223  0.999704  0.002444  0.002199  -0.002392  0.999995  0.000052  0.000000  
157.235874 0.002362  0.091721  -0.013560  0.993978  0.109166  -0.009525  -0.108887  0.993713  0.026055  0.012309  -0.024861  0.999615  -0.003226  -0.003782  -0.001936  -0.022090  -0.000392  0.193787  2.000000  0.999704  0.024228  -0.002141  -0.024223  0.999704  0.002444  0.002199  -0.002392  0.999995  0.999995  0.003289  0.000216  -0.003289  0.999994  -0.000566  -0.000218  0.000565  1.000000  1.000000  0.000000  0.000000  0.000000  1.000000  0.000000  0.000000  0.000000  1.000000  0.999704  0.024228  -0.002141  -0.024223  0.999704  0.002444  0.002199  -0.002392  0.999995  0.000050  0.000000  
157.237116 0.002360  0.091718  -0.013562  0.993978  0.109166  -0.009525  -0.108887  0.993713  0.026055  0.012309  -0.024861  0.999615  -0.003004  -0.003609  -0.002016  -0.021979  -0.004674  0.185212  2.000000  0.999704  0.024228  -0.002141  -0.024223  0.999704  0.002444  0.002199  -0.002392  0.999995  0.999995  0.003084  0.000211  -0.003083  0.999995  -0.000569  -0.000212  0.000568  1.000000  1.000000  0.000000  0.000000  0.000000  1.000000  0.000000  0.000000  0.000000  1.000000  0.999704  0.024228  -0.002141  -0.024223  0.999704  0.002444  0.002199  -0.002392  0.999995  0.000047  0.000000  
157.238116 0.002359  0.091716  -0.013564  0.993978  0.109166  -0.009525  -0.108887  0.993713  0.026055  0.012309  -0.024861  0.999615  -0.002756  -0.003419  -0.002037  -0.022148  -0.004328  0.171496  2.000000  0.999704  0.024228  -0.002141  -0.024223  0.999704  0.002444  0.002199  -0.002392  0.999995  0.999996  0.002672  0.000200  -0.002672  0.999996  -0.000574  -0.000202  0.000573  1.000000  1.000000  0.000000  0.000000  0.000000  1.000000  0.000000  0.000000  0.000000  1.000000  0.999704  0.024228  -0.002141  -0.024223  0.999704  0.002444  0.002199  -0.002392  0.999995  0.000044  0.000000  
157.239116 0.002357  0.091714  -0.013566  0.993978  0.109166  -0.009525  -0.108887  0.993713  0.026055  0.012309  -0.024861  0.999615  -0.002556  -0.003227  -0.002048  0.000000  0.000000  0.000000  2.000000  0.999704  0.024228  -0.002141  -0.024223  0.999704  0.002444  0.002199  -0.002392  0.999995  0.999997  0.002466  0.000195  -0.002466  0.999997  -0.000576  -0.000197  0.000576  1.000000  1.000000  0.000000  0.000000  0.000000  1.000000  0.000000  0.000000  0.000000  1.000000  0.999704  0.024228  -0.002141  -0.024223  0.999704  0.002444  0.002199  -0.002392  0.999995  0.000000  0.000000  
