1-Time 2-Px 3-Py 4-Pz 5-R11 6-R21 7-R31 8-R12 9-R22 10-R32 11-R13 12-R23 13-R33 14-Vx 15-Vy 16-Vz 17-Wx 18-Wy 19-Wz 20-state 21-PR11 22-PR21 23-PR31 24-PR12 25-PR22 26-PR32 27-PR13 28-PR23 29-PR33 
136.490576 0.005884  0.093816  0.000198  0.993805  0.111138  -0.000721  -0.110939  0.992372  0.053757  0.006690  -0.053344  0.998554  0.000053  -0.000010  -0.000272  0.000000  0.000000  0.000000  2.000000  1.000000  0.000000  0.000000  0.000000  1.000000  0.000000  0.000000  0.000000  1.000000  1.000000  0.000213  -0.000123  -0.000213  1.000000  -0.000241  0.000123  0.000241  1.000000  1.000000  0.000000  0.000000  0.000000  1.000000  0.000000  0.000000  0.000000  1.000000  0.732701  0.410306  0.542953  -0.469627  0.882249  -0.032961  -0.492544  -0.230835  0.839116  0.000000  0.000000  
136.491829 0.005884  0.093815  0.000197  0.993805  0.111138  -0.000721  -0.110939  0.992372  0.053757  0.006690  -0.053344  0.998554  0.000036  -0.000042  -0.000326  0.000000  0.000000  0.000000  2.000000  1.000000  0.000000  0.000000  0.000000  1.000000  0.000000  0.000000  0.000000  1.000000  1.000000  0.000213  -0.000123  -0.000213  1.000000  -0.000241  0.000123  0.000241  1.000000  1.000000  0.000000  0.000000  0.000000  1.000000  0.000000  0.000000  0.000000  1.000000  1.000000  0.000000  0.000000  0.000000  1.000000  0.000000  0.000000  0.000000  1.000000  0.000000  0.000000  
136.493079 0.005884  0.093814  0.000196  0.993713  0.111955  -0.000677  -0.111757  0.992280  0.053758  0.006690  -0.053344  0.998554  0.000126  -0.000117  -0.000325  0.000000  0.000000  0.000000  2.000000  1.000000  0.000000  0.000000  0.000000  1.000000  0.000000  0.000000  0.000000  1.000000  1.000000  0.000829  -0.000090  -0.000829  1.000000  -0.000116  0.000090  0.000116  1.000000  1.000000  0.000000  0.000000  0.000000  1.000000  0.000000  0.000000  0.000000  1.000000  1.000000  0.000000  0.000000  0.000000  1.000000  0.000000  0.000000  0.000000  1.000000  0.000000  0.000000  
136.494326 0.005886  0.093812  0.000195  0.993621  0.112773  -0.000619  -0.112576  0.992181  0.053879  0.006690  -0.053465  0.998547  0.000200  -0.000224  -0.000378  0.000000  0.000000  0.000000  2.000000  1.000000  0.000000  0.000000  0.000000  1.000000  0.000000  0.000000  0.000000  1.000000  0.999999  0.001645  0.000088  -0.001645  0.999999  0.000011  -0.000088  -0.000011  1.000000  1.000000  0.000000  0.000000  0.000000  1.000000  0.000000  0.000000  0.000000  1.000000  1.000000  0.000000  0.000000  0.000000  1.000000  0.000000  0.000000  0.000000  1.000000  0.000000  0.000000  
136.495329 0.005887  0.093810  0.000194  0.993575  0.113174  -0.000436  -0.112985  0.992123  0.054104  0.006556  -0.053708  0.998535  0.000289  -0.000378  -0.000408  0.000000  0.000000  0.000000  2.000000  1.000000  0.000000  0.000000  0.000000  1.000000  0.000000  0.000000  0.000000  1.000000  0.999998  0.002049  0.000244  -0.002049  0.999998  0.000135  -0.000244  -0.000135  1.000000  1.000000  0.000000  0.000000  0.000000  1.000000  0.000000  0.000000  0.000000  1.000000  1.000000  0.000000  0.000000  0.000000  1.000000  0.000000  0.000000  0.000000  1.000000  0.000000  0.000000  
136.496330 0.005888  0.093808  0.000193  0.993551  0.113386  -0.000544  -0.113189  0.992092  0.054240  0.006690  -0.053829  0.998528  0.000371  -0.000509  -0.000450  0.000000  0.000000  0.000000  2.000000  1.000000  0.000000  0.000000  0.000000  1.000000  0.000000  0.000000  0.000000  1.000000  0.999997  0.002460  0.000266  -0.002460  0.999997  0.000259  -0.000266  -0.000259  1.000000  1.000000  0.000000  0.000000  0.000000  1.000000  0.000000  0.000000  0.000000  1.000000  1.000000  0.000000  0.000000  0.000000  1.000000  0.000000  0.000000  0.000000  1.000000  0.000000  0.000000  
136.497573 0.005890  0.093806  0.000193  0.993480  0.114005  -0.000630  -0.113803  0.992014  0.054376  0.006824  -0.053950  0.998520  0.000513  -0.000663  -0.000480  0.000000  0.000000  0.000000  2.000000  1.000000  0.000000  0.000000  0.000000  1.000000  0.000000  0.000000  0.000000  1.000000  0.999996  0.002878  0.000156  -0.002878  0.999996  0.000504  -0.000154  -0.000505  1.000000  1.000000  0.000000  0.000000  0.000000  1.000000  0.000000  0.000000  0.000000  1.000000  1.000000  0.000000  0.000000  0.000000  1.000000  0.000000  0.000000  0.000000  1.000000  0.000000  0.000000  
136.498576 0.005892  0.093805  0.000193  0.993385  0.114830  -0.000704  -0.114621  0.991913  0.054512  0.006957  -0.054071  0.998513  0.000633  -0.000709  -0.000458  0.000000  0.000000  0.000000  2.000000  1.000000  0.000000  0.000000  0.000000  1.000000  0.000000  0.000000  0.000000  1.000000  0.999994  0.003509  -0.000078  -0.003509  0.999994  0.000631  0.000080  -0.000630  1.000000  1.000000  0.000000  0.000000  0.000000  1.000000  0.000000  0.000000  0.000000  1.000000  1.000000  0.000000  0.000000  0.000000  1.000000  0.000000  0.000000  0.000000  1.000000  0.000000  0.000000  
136.499825 0.005895  0.093804  0.000192  0.993265  0.115865  -0.000885  -0.115643  0.991779  0.054784  0.007225  -0.054313  0.998498  0.000797  -0.000811  -0.000479  0.000000  0.000000  0.000000  2.000000  1.000000  0.000000  0.000000  0.000000  1.000000  0.000000  0.000000  0.000000  1.000000  0.999990  0.004544  -0.000155  -0.004544  0.999989  0.000759  0.000159  -0.000759  1.000000  1.000000  0.000000  0.000000  0.000000  1.000000  0.000000  0.000000  0.000000  1.000000  1.000000  0.000000  0.000000  0.000000  1.000000  0.000000  0.000000  0.000000  1.000000  0.000000  0.000000  
136.500825 0.005897  0.093803  0.000192  0.993169  0.116682  -0.000825  -0.116461  0.991676  0.054905  0.007225  -0.054434  0.998491  0.000940  -0.000885  -0.000478  0.033948  0.011999  0.194662  2.000000  1.000000  0.000132  -0.000006  -0.000132  1.000000  0.000022  0.000006  -0.000022  1.000000  0.999986  0.005374  -0.000244  -0.005373  0.999985  0.000887  0.000248  -0.000886  1.000000  1.000000  0.000067  -0.000003  -0.000067  1.000000  0.000011  0.000003  -0.000011  1.000000  1.000000  0.000132  -0.000006  -0.000132  1.000000  0.000022  0.000006  -0.000022  1.000000  0.000048  0.005452  
136.501825 0.005899  0.093802  0.000190  0.993048  0.117710  -0.000887  -0.117483  0.991548  0.055042  0.007359  -0.054555  0.998484  0.001086  -0.000976  -0.000607  0.038283  0.014611  0.229474  2.000000  1.000000  0.000434  -0.000022  -0.000434  1.000000  0.000080  0.000022  -0.000080  1.000000  0.999979  0.006409  -0.000320  -0.006408  0.999979  0.001259  0.000328  -0.001257  0.999999  1.000000  0.000080  -0.000004  -0.000080  1.000000  0.000016  0.000004  -0.000016  1.000000  1.000000  0.000434  -0.000022  -0.000434  1.000000  0.000080  0.000022  -0.000080  1.000000  0.000057  0.006539  
136.503075 0.005903  0.093801  0.000189  0.992902  0.118935  -0.000805  -0.118710  0.991395  0.055163  0.007359  -0.054676  0.998477  0.001289  -0.000962  -0.000630  0.042639  0.012349  0.270873  2.000000  1.000000  0.000876  -0.000040  -0.000876  1.000000  0.000161  0.000040  -0.000161  1.000000  0.999971  0.007642  -0.000251  -0.007642  0.999970  0.001389  0.000262  -0.001387  0.999999  1.000000  0.000096  -0.000003  -0.000096  1.000000  0.000017  0.000003  -0.000017  1.000000  1.000000  0.000876  -0.000040  -0.000876  1.000000  0.000161  0.000040  -0.000161  1.000000  0.000067  0.007771  
136.504080 0.005906  0.093802  0.000189  0.992804  0.119751  -0.000745  -0.119527  0.991291  0.055284  0.007359  -0.054797  0.998470  0.001477  -0.000934  -0.000611  0.046925  0.006345  0.298242  2.000000  0.999999  0.001284  -0.000051  -0.001284  0.999999  0.000230  0.000051  -0.000230  1.000000  0.999964  0.008464  -0.000206  -0.008464  0.999963  0.001394  0.000218  -0.001393  0.999999  1.000000  0.000106  -0.000003  -0.000106  1.000000  0.000017  0.000003  -0.000017  1.000000  0.999999  0.001284  -0.000051  -0.001284  0.999999  0.000230  0.000051  -0.000230  1.000000  0.000074  0.008581  
136.505082 0.005909  0.093802  0.000190  0.992655  0.120976  -0.000677  -0.120753  0.991142  0.055285  0.007359  -0.054797  0.998470  0.001723  -0.000911  -0.000566  0.047219  0.004098  0.339706  2.000000  0.999998  0.001740  -0.000060  -0.001740  0.999998  0.000306  0.000060  -0.000306  1.000000  0.999955  0.009492  -0.000149  -0.009492  0.999954  0.001523  0.000163  -0.001521  0.999999  1.000000  0.000119  -0.000002  -0.000119  1.000000  0.000019  0.000002  -0.000019  1.000000  0.999998  0.001740  -0.000060  -0.001740  0.999998  0.000306  0.000060  -0.000306  1.000000  0.000082  0.009615  
136.506324 0.005913  0.093802  0.000189  0.992478  0.122419  -0.000833  -0.122184  0.990951  0.055559  0.007626  -0.055039  0.998455  0.001962  -0.000917  -0.000547  0.055766  0.010409  0.388575  2.000000  0.999997  0.002264  -0.000070  -0.002264  0.999997  0.000387  0.000071  -0.000387  1.000000  0.999940  0.010938  -0.000202  -0.010938  0.999939  0.001655  0.000220  -0.001653  0.999999  1.000000  0.000137  -0.000003  -0.000137  1.000000  0.000021  0.000003  -0.000021  1.000000  0.999997  0.002264  -0.000070  -0.002264  0.999997  0.000387  0.000071  -0.000387  1.000000  0.000095  0.011065  
136.507579 0.005917  0.093801  0.000188  0.992326  0.123650  -0.000881  -0.123409  0.990792  0.055697  0.007760  -0.055160  0.998447  0.002242  -0.000925  -0.000524  0.060119  0.012997  0.423361  2.000000  0.999995  0.003005  -0.000090  -0.003005  0.999995  0.000499  0.000091  -0.000499  1.000000  0.999923  0.012392  -0.000388  -0.012391  0.999922  0.001790  0.000410  -0.001785  0.999998  1.000000  0.000155  -0.000005  -0.000155  1.000000  0.000022  0.000005  -0.000022  1.000000  0.999995  0.003005  -0.000090  -0.003005  0.999995  0.000499  0.000091  -0.000499  1.000000  0.000105  0.012526  
136.508834 0.005921  0.093799  0.000187  0.992170  0.124888  -0.001063  -0.124635  0.990630  0.055851  0.008028  -0.055281  0.998439  0.002451  -0.000922  -0.000525  0.064537  0.019687  0.465155  2.000000  0.999993  0.003826  -0.000118  -0.003826  0.999992  0.000620  0.000121  -0.000620  1.000000  0.999907  0.013640  -0.000584  -0.013639  0.999905  0.002045  0.000612  -0.002037  0.999998  1.000000  0.000170  -0.000007  -0.000170  1.000000  0.000026  0.000007  -0.000026  1.000000  0.999993  0.003826  -0.000118  -0.003826  0.999992  0.000620  0.000121  -0.000620  1.000000  0.000116  0.013805  
136.510083 0.005925  0.093796  0.000186  0.992013  0.126127  -0.001228  -0.125860  0.990459  0.056126  0.008295  -0.055524  0.998423  0.002578  -0.000949  -0.000546  0.073057  0.026345  0.507068  2.000000  0.999989  0.004725  -0.000157  -0.004725  0.999989  0.000753  0.000161  -0.000752  1.000000  0.999889  0.014881  -0.000647  -0.014879  0.999887  0.002177  0.000680  -0.002167  0.999997  1.000000  0.000186  -0.000008  -0.000186  1.000000  0.000027  0.000008  -0.000027  1.000000  0.999989  0.004725  -0.000157  -0.004725  0.999989  0.000753  0.000161  -0.000752  1.000000  0.000126  0.015053  
136.511329 0.005930  0.093792  0.000185  0.991856  0.127358  -0.001276  -0.127085  0.990295  0.056265  0.008429  -0.055645  0.998415  0.002765  -0.001080  -0.000536  0.081566  0.028576  0.548825  2.000000  0.999984  0.005702  -0.000206  -0.005701  0.999983  0.000901  0.000211  -0.000900  1.000000  0.999870  0.016129  -0.000842  -0.016127  0.999867  0.002554  0.000883  -0.002540  0.999996  1.000000  0.000202  -0.000011  -0.000202  1.000000  0.000032  0.000011  -0.000032  1.000000  0.999984  0.005702  -0.000206  -0.005701  0.999983  0.000901  0.000211  -0.000900  1.000000  0.000137  0.016351  
136.512578 0.005935  0.093787  0.000184  0.991671  0.128793  -0.001296  -0.128514  0.990096  0.056524  0.008563  -0.055887  0.998400  0.002996  -0.001250  -0.000596  0.090124  0.030354  0.597434  2.000000  0.999977  0.006756  -0.000259  -0.006756  0.999977  0.001066  0.000266  -0.001064  0.999999  0.999852  0.017164  -0.000914  -0.017161  0.999849  0.002685  0.000960  -0.002669  0.999996  1.000000  0.000215  -0.000012  -0.000215  1.000000  0.000033  0.000012  -0.000033  1.000000  0.999977  0.006756  -0.000259  -0.006756  0.999977  0.001066  0.000266  -0.001064  0.999999  0.000148  0.017396  
136.513827 0.005941  0.093782  0.000182  0.991510  0.130023  -0.001327  -0.129739  0.989921  0.056783  0.008697  -0.056129  0.998386  0.003198  -0.001523  -0.000724  0.098635  0.032499  0.639133  2.000000  0.999969  0.007860  -0.000316  -0.007859  0.999968  0.001238  0.000326  -0.001236  0.999999  0.999841  0.017788  -0.001011  -0.017785  0.999838  0.002814  0.001061  -0.002795  0.999996  1.000000  0.000222  -0.000013  -0.000222  1.000000  0.000035  0.000013  -0.000035  1.000000  0.999969  0.007860  -0.000316  -0.007859  0.999968  0.001238  0.000326  -0.001236  0.999999  0.000160  0.018037  
136.514828 0.005945  0.093777  0.000180  0.991376  0.131042  -0.001253  -0.130759  0.989780  0.056905  0.008697  -0.056250  0.998379  0.003336  -0.001793  -0.000872  0.102975  0.030564  0.673656  2.000000  0.999963  0.008545  -0.000353  -0.008544  0.999963  0.001346  0.000365  -0.001342  0.999999  0.999830  0.018405  -0.000972  -0.018402  0.999826  0.002940  0.001026  -0.002921  0.999995  1.000000  0.000230  -0.000012  -0.000230  1.000000  0.000037  0.000012  -0.000037  1.000000  0.999963  0.008545  -0.000353  -0.008544  0.999963  0.001346  0.000365  -0.001342  0.999999  0.000169  0.018663  
136.516077 0.005950  0.093770  0.000176  0.991240  0.132069  -0.001311  -0.131780  0.989636  0.057043  0.008831  -0.056371  0.998371  0.003521  -0.002164  -0.001009  0.107368  0.033116  0.708472  2.000000  0.999953  0.009711  -0.000423  -0.009710  0.999952  0.001526  0.000438  -0.001522  0.999999  0.999822  0.018831  -0.001213  -0.018828  0.999819  0.002824  0.001266  -0.002801  0.999995  1.000000  0.000235  -0.000015  -0.000235  1.000000  0.000035  0.000016  -0.000035  1.000000  0.999953  0.009711  -0.000423  -0.009710  0.999952  0.001526  0.000438  -0.001522  0.999999  0.000178  0.019080  
136.517325 0.005955  0.093762  0.000171  0.991102  0.133095  -0.001352  -0.132800  0.989485  0.057303  0.008964  -0.056613  0.998356  0.003636  -0.002627  -0.001199  0.115842  0.035619  0.743290  2.000000  0.999940  0.010914  -0.000501  -0.010913  0.999939  0.001708  0.000519  -0.001702  0.999998  0.999810  0.019448  -0.001174  -0.019444  0.999807  0.002953  0.001231  -0.002929  0.999995  1.000000  0.000243  -0.000015  -0.000243  1.000000  0.000037  0.000015  -0.000037  1.000000  0.999940  0.010914  -0.000501  -0.010913  0.999939  0.001708  0.000519  -0.001702  0.999998  0.000187  0.019705  
136.518326 0.005960  0.093756  0.000168  0.991019  0.133714  -0.001433  -0.133412  0.989395  0.057441  0.009098  -0.056734  0.998348  0.003751  -0.003025  -0.001386  0.120145  0.038925  0.764349  2.000000  0.999929  0.011889  -0.000559  -0.011888  0.999928  0.001854  0.000581  -0.001847  0.999998  0.999806  0.019654  -0.001160  -0.019650  0.999803  0.002957  0.001218  -0.002934  0.999995  1.000000  0.000246  -0.000015  -0.000246  1.000000  0.000037  0.000015  -0.000037  1.000000  0.999929  0.011889  -0.000559  -0.011888  0.999928  0.001854  0.000581  -0.001847  0.999998  0.000191  0.019908  
136.519344 0.005965  0.093751  0.000165  0.990909  0.134529  -0.001369  -0.134228  0.989277  0.057562  0.009098  -0.056855  0.998341  0.003883  -0.003461  -0.001643  0.124361  0.037330  0.791486  2.000000  0.999917  0.012861  -0.000612  -0.012860  0.999915  0.001998  0.000638  -0.001990  0.999998  0.999810  0.019441  -0.001035  -0.019438  0.999807  0.002834  0.001090  -0.002813  0.999995  1.000000  0.000243  -0.000013  -0.000243  1.000000  0.000035  0.000013  -0.000035  1.000000  0.999917  0.012861  -0.000612  -0.012860  0.999915  0.001998  0.000638  -0.001990  0.999998  0.000198  0.019673  
136.520575 0.005970  0.093744  0.000161  0.990797  0.135351  -0.001438  -0.135043  0.989158  0.057701  0.009232  -0.056976  0.998333  0.003984  -0.003917  -0.001920  0.127741  0.039940  0.813198  2.000000  0.999904  0.013838  -0.000660  -0.013836  0.999902  0.002143  0.000689  -0.002133  0.999997  0.999811  0.019433  -0.000899  -0.019430  0.999807  0.002837  0.000954  -0.002818  0.999996  1.000000  0.000243  -0.000012  -0.000243  1.000000  0.000035  0.000012  -0.000035  1.000000  0.999904  0.013838  -0.000660  -0.013836  0.999902  0.002143  0.000689  -0.002133  0.999997  0.000206  0.019659  
136.521583 0.005974  0.093738  0.000157  0.990713  0.135962  -0.001385  -0.135655  0.989067  0.057822  0.009232  -0.057097  0.998326  0.004073  -0.004309  -0.002142  0.133036  0.039074  0.840635  2.000000  0.999890  0.014810  -0.000704  -0.014808  0.999888  0.002288  0.000738  -0.002277  0.999997  0.999811  0.019433  -0.000897  -0.019430  0.999807  0.002836  0.000952  -0.002819  0.999996  1.000000  0.000243  -0.000012  -0.000243  1.000000  0.000035  0.000012  -0.000035  1.000000  0.999890  0.014810  -0.000704  -0.014808  0.999888  0.002288  0.000738  -0.002277  0.999997  0.000212  0.019659  
136.522589 0.005979  0.093732  0.000154  0.990628  0.136581  -0.001466  -0.136267  0.988975  0.057961  0.009366  -0.057218  0.998318  0.004120  -0.004665  -0.002353  0.137135  0.043502  0.840677  2.000000  0.999879  0.015525  -0.000736  -0.015524  0.999877  0.002396  0.000773  -0.002384  0.999997  0.999819  0.019022  -0.000918  -0.019020  0.999815  0.002836  0.000972  -0.002818  0.999996  1.000000  0.000238  -0.000012  -0.000238  1.000000  0.000035  0.000012  -0.000035  1.000000  0.999879  0.015525  -0.000736  -0.015524  0.999877  0.002396  0.000773  -0.002384  0.999997  0.000213  0.019254  
136.523831 0.005985  0.093725  0.000149  0.990544  0.137192  -0.001413  -0.136879  0.988884  0.058082  0.009366  -0.057340  0.998311  0.004227  -0.004969  -0.002546  0.137123  0.043797  0.834039  2.000000  0.999864  0.016476  -0.000781  -0.016474  0.999861  0.002539  0.000822  -0.002526  0.999996  0.999819  0.019022  -0.000916  -0.019020  0.999815  0.002957  0.000972  -0.002939  0.999995  1.000000  0.000238  -0.000012  -0.000238  1.000000  0.000037  0.000012  -0.000037  1.000000  0.999864  0.016476  -0.000781  -0.016474  0.999861  0.002539  0.000822  -0.002526  0.999996  0.000213  0.019272  
136.524832 0.005989  0.093719  0.000146  0.990459  0.137802  -0.001377  -0.137491  0.988799  0.058083  0.009366  -0.057340  0.998311  0.004347  -0.005250  -0.002739  0.133028  0.047846  0.841092  2.000000  0.999848  0.017402  -0.000827  -0.017400  0.999845  0.002681  0.000873  -0.002666  0.999996  0.999830  0.018406  -0.000952  -0.018403  0.999827  0.002831  0.001003  -0.002813  0.999996  1.000000  0.000230  -0.000012  -0.000230  1.000000  0.000035  0.000012  -0.000035  1.000000  0.999848  0.017402  -0.000827  -0.017400  0.999845  0.002681  0.000873  -0.002666  0.999996  0.000212  0.018646  
136.526081 0.005993  0.093710  0.000142  0.990374  0.138413  -0.001325  -0.138102  0.988706  0.058204  0.009366  -0.057461  0.998304  0.004312  -0.005556  -0.002941  0.129081  0.042825  0.847872  2.000000  0.999828  0.018529  -0.000886  -0.018526  0.999824  0.002855  0.000939  -0.002839  0.999996  0.999841  0.017789  -0.000985  -0.017787  0.999838  0.002825  0.001035  -0.002807  0.999996  1.000000  0.000222  -0.000013  -0.000222  1.000000  0.000035  0.000013  -0.000035  1.000000  0.999828  0.018529  -0.000886  -0.018526  0.999824  0.002855  0.000939  -0.002839  0.999996  0.000212  0.018039  
136.527084 0.005996  0.093702  0.000139  0.990317  0.138820  -0.001301  -0.138510  0.988649  0.058204  0.009366  -0.057461  0.998304  0.004225  -0.005823  -0.003055  0.124902  0.043143  0.840652  2.000000  0.999812  0.019385  -0.000931  -0.019382  0.999808  0.002992  0.000989  -0.002974  0.999995  0.999859  0.016754  -0.000911  -0.016752  0.999856  0.002695  0.000956  -0.002680  0.999996  1.000000  0.000209  -0.000012  -0.000209  1.000000  0.000034  0.000012  -0.000034  1.000000  0.999812  0.019385  -0.000931  -0.019382  0.999808  0.002992  0.000989  -0.002974  0.999995  0.000213  0.016994  
136.528331 0.006000  0.093693  0.000135  0.990287  0.139032  -0.001404  -0.138714  0.988612  0.058343  0.009500  -0.057582  0.998296  0.004118  -0.006105  -0.003237  0.124935  0.039722  0.819918  2.000000  0.999792  0.020393  -0.000978  -0.020390  0.999787  0.003160  0.001042  -0.003139  0.999995  0.999876  0.015712  -0.000701  -0.015710  0.999873  0.002687  0.000743  -0.002675  0.999996  1.000000  0.000196  -0.000009  -0.000196  1.000000  0.000034  0.000009  -0.000034  1.000000  0.999792  0.020393  -0.000978  -0.020390  0.999787  0.003160  0.001042  -0.003139  0.999995  0.000209  0.015955  
136.529332 0.006002  0.093685  0.000131  0.990230  0.139439  -0.001363  -0.139122  0.988548  0.058464  0.009500  -0.057703  0.998289  0.003992  -0.006304  -0.003321  0.124858  0.035903  0.805747  2.000000  0.999780  0.020969  -0.001007  -0.020966  0.999775  0.003256  0.001075  -0.003234  0.999994  0.999886  0.015095  -0.000736  -0.015093  0.999883  0.002562  0.000775  -0.002551  0.999996  1.000000  0.000189  -0.000009  -0.000189  1.000000  0.000032  0.000009  -0.000032  1.000000  0.999780  0.020969  -0.001007  -0.020966  0.999775  0.003256  0.001075  -0.003234  0.999994  0.000204  0.015328  
136.530580 0.006006  0.093675  0.000127  0.990201  0.139642  -0.001351  -0.139325  0.988519  0.058464  0.009500  -0.057703  0.998289  0.003861  -0.006536  -0.003383  0.116543  0.032872  0.777965  2.000000  0.999760  0.021889  -0.001044  -0.021885  0.999755  0.003417  0.001118  -0.003393  0.999994  0.999898  0.014258  -0.000515  -0.014256  0.999895  0.002434  0.000550  -0.002426  0.999997  1.000000  0.000178  -0.000007  -0.000178  1.000000  0.000030  0.000007  -0.000030  1.000000  0.999760  0.021889  -0.001044  -0.021885  0.999755  0.003417  0.001118  -0.003393  0.999994  0.000199  0.014473  
136.531824 0.006008  0.093665  0.000122  0.990144  0.140049  -0.001310  -0.139733  0.988455  0.058584  0.009500  -0.057824  0.998282  0.003731  -0.006664  -0.003388  0.115472  0.029215  0.750828  2.000000  0.999741  0.022749  -0.001070  -0.022745  0.999735  0.003567  0.001151  -0.003542  0.999993  0.999912  0.013222  -0.000439  -0.013221  0.999910  0.002425  0.000472  -0.002419  0.999997  1.000000  0.000165  -0.000006  -0.000165  1.000000  0.000030  0.000006  -0.000030  1.000000  0.999741  0.022749  -0.001070  -0.022745  0.999735  0.003567  0.001151  -0.003542  0.999993  0.000190  0.013450  
136.532824 0.006010  0.093657  0.000118  0.990115  0.140253  -0.001298  -0.139937  0.988426  0.058585  0.009500  -0.057824  0.998282  0.003523  -0.006825  -0.003450  0.111195  0.030713  0.723404  2.000000  0.999726  0.023392  -0.001086  -0.023388  0.999720  0.003681  0.001172  -0.003655  0.999993  0.999923  0.012393  -0.000354  -0.012392  0.999921  0.002175  0.000381  -0.002170  0.999998  1.000000  0.000155  -0.000005  -0.000155  1.000000  0.000027  0.000005  -0.000027  1.000000  0.999726  0.023392  -0.001086  -0.023388  0.999720  0.003681  0.001172  -0.003655  0.999993  0.000183  0.012587  
136.533839 0.006013  0.093650  0.000114  0.990086  0.140456  -0.001286  -0.140141  0.988397  0.058585  0.009500  -0.057824  0.998282  0.003340  -0.006967  -0.003526  0.107782  0.032475  0.701609  2.000000  0.999712  0.023993  -0.001098  -0.023989  0.999705  0.003787  0.001189  -0.003759  0.999992  0.999933  0.011563  -0.000268  -0.011562  0.999931  0.002046  0.000291  -0.002043  0.999998  1.000000  0.000145  -0.000003  -0.000145  1.000000  0.000026  0.000003  -0.000026  1.000000  0.999712  0.023993  -0.001098  -0.023989  0.999705  0.003787  0.001189  -0.003759  0.999992  0.000178  0.011746  
136.535076 0.006014  0.093639  0.000107  0.990086  0.140456  -0.001286  -0.140141  0.988397  0.058585  0.009500  -0.057824  0.998282  0.003046  -0.007203  -0.003699  0.106594  0.034540  0.655019  2.000000  0.999698  0.024551  -0.001109  -0.024546  0.999691  0.003885  0.001204  -0.003856  0.999992  0.999942  0.010733  -0.000182  -0.010733  0.999941  0.001918  0.000202  -0.001916  0.999998  1.000000  0.000134  -0.000002  -0.000134  1.000000  0.000024  0.000002  -0.000024  1.000000  0.999698  0.024551  -0.001109  -0.024546  0.999691  0.003885  0.001204  -0.003856  0.999992  0.000170  0.010905  
136.536076 0.006016  0.093631  0.000101  0.990057  0.140660  -0.001274  -0.140345  0.988368  0.058585  0.009500  -0.057824  0.998282  0.002881  -0.007336  -0.003828  0.102355  0.031593  0.627324  2.000000  0.999685  0.025054  -0.001119  -0.025049  0.999678  0.003971  0.001218  -0.003942  0.999991  0.999953  0.009706  -0.000242  -0.009705  0.999952  0.001666  0.000258  -0.001664  0.999999  1.000000  0.000121  -0.000003  -0.000121  1.000000  0.000021  0.000003  -0.000021  1.000000  0.999685  0.025054  -0.001119  -0.025049  0.999678  0.003971  0.001218  -0.003942  0.999991  0.000161  0.009851  
136.537325 0.006017  0.093621  0.000093  0.990029  0.140856  -0.001130  -0.140549  0.988340  0.058567  0.009366  -0.057824  0.998283  0.002632  -0.007495  -0.004061  0.094688  0.021047  0.583467  2.000000  0.999674  0.025515  -0.001120  -0.025511  0.999666  0.004050  0.001223  -0.004020  0.999991  0.999959  0.009074  -0.000010  -0.009074  0.999958  0.001538  0.000024  -0.001538  0.999999  1.000000  0.000113  -0.000000  -0.000113  1.000000  0.000019  0.000000  -0.000019  1.000000  0.999674  0.025515  -0.001120  -0.025511  0.999666  0.004050  0.001223  -0.004020  0.999991  0.000150  0.009203  
136.538332 0.006019  0.093614  0.000088  0.990029  0.140856  -0.001130  -0.140549  0.988340  0.058567  0.009366  -0.057824  0.998283  0.002382  -0.007608  -0.004205  0.093688  0.017967  0.550870  2.000000  0.999663  0.025943  -0.001116  -0.025938  0.999655  0.004122  0.001222  -0.004092  0.999991  0.999966  0.008244  0.000076  -0.008244  0.999965  0.001409  -0.000064  -0.001410  0.999999  1.000000  0.000103  0.000001  -0.000103  1.000000  0.000018  -0.000001  -0.000018  1.000000  0.999663  0.025943  -0.001116  -0.025938  0.999655  0.004122  0.001222  -0.004092  0.999991  0.000141  0.008364  
136.539579 0.006020  0.093606  0.000081  0.990001  0.141059  -0.001117  -0.140752  0.988311  0.058567  0.009366  -0.057824  0.998283  0.002151  -0.007622  -0.004413  0.086019  0.011419  0.513464  2.000000  0.999650  0.026435  -0.001109  -0.026430  0.999642  0.004201  0.001220  -0.004170  0.999991  0.999971  0.007620  0.000174  -0.007620  0.999970  0.001161  -0.000165  -0.001163  0.999999  1.000000  0.000095  0.000002  -0.000095  1.000000  0.000015  -0.000002  -0.000015  1.000000  0.999650  0.026435  -0.001109  -0.026430  0.999642  0.004201  0.001220  -0.004170  0.999991  0.000132  0.007710  
136.540825 0.006022  0.093598  0.000073  0.990001  0.141059  -0.001117  -0.140752  0.988311  0.058567  0.009366  -0.057824  0.998283  0.001954  -0.007582  -0.004640  0.076968  0.008759  0.474804  2.000000  0.999638  0.026872  -0.001099  -0.026868  0.999630  0.004268  0.001213  -0.004237  0.999990  0.999978  0.006592  0.000114  -0.006592  0.999978  0.001031  -0.000107  -0.001032  0.999999  1.000000  0.000082  0.000001  -0.000082  1.000000  0.000013  -0.000001  -0.000013  1.000000  0.999638  0.026872  -0.001099  -0.026868  0.999630  0.004268  0.001213  -0.004237  0.999990  0.000121  0.006673  
136.541828 0.006022  0.093592  0.000067  0.990001  0.141059  -0.001117  -0.140752  0.988311  0.058567  0.009366  -0.057824  0.998283  0.001756  -0.007461  -0.004835  0.073222  0.002180  0.436790  2.000000  0.999630  0.027171  -0.001087  -0.027166  0.999622  0.004313  0.001204  -0.004282  0.999990  0.999983  0.005762  0.000200  -0.005762  0.999983  0.000902  -0.000195  -0.000903  1.000000  1.000000  0.000072  0.000002  -0.000072  1.000000  0.000011  -0.000002  -0.000011  1.000000  0.999630  0.027171  -0.001087  -0.027166  0.999622  0.004313  0.001204  -0.004282  0.999990  0.000113  0.005836  
136.543080 0.006022  0.093584  0.000060  0.989973  0.141255  -0.000990  -0.140956  0.988290  0.058428  0.009232  -0.057703  0.998291  0.001480  -0.007381  -0.005082  0.060579  0.000024  0.394997  2.000000  0.999623  0.027438  -0.001074  -0.027433  0.999614  0.004352  0.001193  -0.004320  0.999990  0.999988  0.004925  0.000419  -0.004925  0.999988  0.000530  -0.000416  -0.000532  1.000000  1.000000  0.000000  0.000000  0.000000  1.000000  0.000000  0.000000  0.000000  1.000000  0.999623  0.027438  -0.001074  -0.027433  0.999614  0.004352  0.001193  -0.004320  0.999990  0.000104  0.000000  
136.544325 0.006022  0.093577  0.000053  0.989973  0.141255  -0.000990  -0.140956  0.988290  0.058428  0.009232  -0.057703  0.998291  0.001340  -0.007190  -0.005205  0.055795  -0.002501  0.357490  2.000000  0.999623  0.027438  -0.001074  -0.027433  0.999614  0.004352  0.001193  -0.004320  0.999990  0.999992  0.004103  0.000371  -0.004103  0.999992  0.000401  -0.000370  -0.000403  1.000000  1.000000  0.000000  0.000000  0.000000  1.000000  0.000000  0.000000  0.000000  1.000000  0.999623  0.027438  -0.001074  -0.027433  0.999614  0.004352  0.001193  -0.004320  0.999990  0.000091  0.000000  
136.545332 0.006023  0.093572  0.000048  0.989945  0.141451  -0.000846  -0.141160  0.988262  0.058410  0.009098  -0.057703  0.998292  0.001165  -0.006986  -0.005339  0.047516  -0.010279  0.336390  2.000000  0.999623  0.027438  -0.001074  -0.027433  0.999614  0.004352  0.001193  -0.004320  0.999990  0.999991  0.004095  0.000505  -0.004095  0.999992  0.000401  -0.000503  -0.000403  1.000000  1.000000  0.000000  0.000000  0.000000  1.000000  0.000000  0.000000  0.000000  1.000000  0.999623  0.027438  -0.001074  -0.027433  0.999614  0.004352  0.001193  -0.004320  0.999990  0.000087  0.000000  
136.546369 0.006024  0.093568  0.000043  0.989945  0.141451  -0.000846  -0.141160  0.988262  0.058410  0.009098  -0.057703  0.998292  0.001083  -0.006729  -0.005437  0.043458  -0.012876  0.303785  2.000000  0.999623  0.027438  -0.001074  -0.027433  0.999614  0.004352  0.001193  -0.004320  0.999990  0.999994  0.003478  0.000469  -0.003479  0.999994  0.000395  -0.000468  -0.000397  1.000000  1.000000  0.000000  0.000000  0.000000  1.000000  0.000000  0.000000  0.000000  1.000000  0.999623  0.027438  -0.001074  -0.027433  0.999614  0.004352  0.001193  -0.004320  0.999990  0.000079  0.000000  
136.547577 0.006024  0.093563  0.000037  0.989945  0.141451  -0.000863  -0.141160  0.988269  0.058290  0.009098  -0.057582  0.998299  0.000972  -0.006397  -0.005480  0.035115  -0.011314  0.276579  2.000000  0.999623  0.027438  -0.001074  -0.027433  0.999614  0.004352  0.001193  -0.004320  0.999990  0.999995  0.003067  0.000445  -0.003067  0.999995  0.000149  -0.000445  -0.000150  1.000000  1.000000  0.000000  0.000000  0.000000  1.000000  0.000000  0.000000  0.000000  1.000000  0.999623  0.027438  -0.001074  -0.027433  0.999614  0.004352  0.001193  -0.004320  0.999990  0.000071  0.000000  
136.548848 0.006025  0.093558  0.000031  0.989945  0.141451  -0.000863  -0.141160  0.988269  0.058290  0.009098  -0.057582  0.998299  0.000806  -0.005983  -0.005504  0.026648  -0.013849  0.241623  2.000000  0.999623  0.027438  -0.001074  -0.027433  0.999614  0.004352  0.001193  -0.004320  0.999990  0.999996  0.002656  0.000421  -0.002656  0.999996  0.000024  -0.000421  -0.000025  1.000000  1.000000  0.000000  0.000000  0.000000  1.000000  0.000000  0.000000  0.000000  1.000000  0.999623  0.027438  -0.001074  -0.027433  0.999614  0.004352  0.001193  -0.004320  0.999990  0.000064  0.000000  
136.550078 0.006026  0.093554  0.000026  0.989945  0.141451  -0.000880  -0.141160  0.988276  0.058170  0.009098  -0.057461  0.998306  0.000784  -0.005574  -0.005384  0.018274  -0.016763  0.213887  2.000000  0.999623  0.027438  -0.001074  -0.027433  0.999614  0.004352  0.001193  -0.004320  0.999990  0.999997  0.002238  0.000531  -0.002238  0.999997  -0.000101  -0.000531  0.000100  1.000000  1.000000  0.000000  0.000000  0.000000  1.000000  0.000000  0.000000  0.000000  1.000000  0.999623  0.027438  -0.001074  -0.027433  0.999614  0.004352  0.001193  -0.004320  0.999990  0.000055  0.000000  
136.551329 0.006028  0.093551  0.000019  0.989916  0.141654  -0.000868  -0.141364  0.988247  0.058170  0.009098  -0.057461  0.998306  0.000771  -0.005168  -0.005343  0.014009  -0.015591  0.193202  2.000000  0.999623  0.027438  -0.001074  -0.027433  0.999614  0.004352  0.001193  -0.004320  0.999990  0.999998  0.002032  0.000519  -0.002032  0.999998  -0.000224  -0.000520  0.000223  1.000000  1.000000  0.000000  0.000000  0.000000  1.000000  0.000000  0.000000  0.000000  1.000000  0.999623  0.027438  -0.001074  -0.027433  0.999614  0.004352  0.001193  -0.004320  0.999990  0.000050  0.000000  
136.552577 0.006030  0.093548  0.000014  0.989916  0.141654  -0.000886  -0.141364  0.988254  0.058050  0.009098  -0.057340  0.998313  0.000810  -0.004714  -0.005206  0.005629  -0.018740  0.170829  2.000000  0.999623  0.027438  -0.001074  -0.027433  0.999614  0.004352  0.001193  -0.004320  0.999990  0.999998  0.001827  0.000507  -0.001826  0.999998  -0.000468  -0.000508  0.000467  1.000000  1.000000  0.000000  0.000000  0.000000  1.000000  0.000000  0.000000  0.000000  1.000000  0.999623  0.027438  -0.001074  -0.027433  0.999614  0.004352  0.001193  -0.004320  0.999990  0.000045  0.000000  
136.553824 0.006032  0.093546  0.000008  0.989888  0.141850  -0.000741  -0.141568  0.988226  0.058031  0.008964  -0.057340  0.998314  0.000869  -0.004341  -0.005158  0.000000  0.000000  0.000000  2.000000  0.999623  0.027438  -0.001074  -0.027433  0.999614  0.004352  0.001193  -0.004320  0.999990  0.999998  0.001819  0.000641  -0.001819  0.999998  -0.000469  -0.000641  0.000467  1.000000  1.000000  0.000000  0.000000  0.000000  1.000000  0.000000  0.000000  0.000000  1.000000  0.999623  0.027438  -0.001074  -0.027433  0.999614  0.004352  0.001193  -0.004320  0.999990  0.000000  0.000000  
136.554841 0.006034  0.093544  0.000003  0.989888  0.141850  -0.000759  -0.141568  0.988233  0.057912  0.008964  -0.057219  0.998321  0.000916  -0.003979  -0.005060  0.000000  0.000000  0.000000  2.000000  0.999623  0.027438  -0.001074  -0.027433  0.999614  0.004352  0.001193  -0.004320  0.999990  0.999999  0.001614  0.000629  -0.001613  0.999999  -0.000592  -0.000630  0.000591  1.000000  1.000000  0.000000  0.000000  0.000000  1.000000  0.000000  0.000000  0.000000  1.000000  0.999623  0.027438  -0.001074  -0.027433  0.999614  0.004352  0.001193  -0.004320  0.999990  0.000000  0.000000  
136.556082 0.006038  0.093542  -0.000003  0.989888  0.141850  -0.000759  -0.141568  0.988233  0.057912  0.008964  -0.057219  0.998321  0.001084  -0.003559  -0.004951  0.000000  0.000000  0.000000  2.000000  0.999623  0.027438  -0.001074  -0.027433  0.999614  0.004352  0.001193  -0.004320  0.999990  0.999999  0.001408  0.000617  -0.001408  0.999999  -0.000594  -0.000618  0.000593  1.000000  1.000000  0.000000  0.000000  0.000000  1.000000  0.000000  0.000000  0.000000  1.000000  0.999623  0.027438  -0.001074  -0.027433  0.999614  0.004352  0.001193  -0.004320  0.999990  0.000000  0.000000  
136.557327 0.006041  0.093541  -0.000009  0.989859  0.142053  -0.000747  -0.141772  0.988204  0.057912  0.008964  -0.057219  0.998321  0.001304  -0.003136  -0.004841  0.000000  0.000000  0.000000  2.000000  0.999623  0.027438  -0.001074  -0.027433  0.999614  0.004352  0.001193  -0.004320  0.999990  0.999999  0.001408  0.000617  -0.001408  0.999999  -0.000594  -0.000618  0.000593  1.000000  1.000000  0.000000  0.000000  0.000000  1.000000  0.000000  0.000000  0.000000  1.000000  0.999623  0.027438  -0.001074  -0.027433  0.999614  0.004352  0.001193  -0.004320  0.999990  0.000000  0.000000  
136.558330 0.006044  0.093540  -0.000014  0.989859  0.142053  -0.000764  -0.141772  0.988211  0.057792  0.008964  -0.057098  0.998328  0.001476  -0.002773  -0.004803  0.000000  0.000000  0.000000  2.000000  0.999623  0.027438  -0.001074  -0.027433  0.999614  0.004352  0.001193  -0.004320  0.999990  0.999999  0.001210  0.000471  -0.001210  0.999999  -0.000717  -0.000472  0.000716  1.000000  1.000000  0.000000  0.000000  0.000000  1.000000  0.000000  0.000000  0.000000  1.000000  0.999623  0.027438  -0.001074  -0.027433  0.999614  0.004352  0.001193  -0.004320  0.999990  0.000000  0.000000  
136.559332 0.006047  0.093540  -0.000019  0.989860  0.142045  -0.000632  -0.141772  0.988212  0.057773  0.008831  -0.057098  0.998330  0.001672  -0.002392  -0.004773  0.000000  0.000000  0.000000  2.000000  0.999623  0.027438  -0.001074  -0.027433  0.999614  0.004352  0.001193  -0.004320  0.999990  0.999999  0.001203  0.000605  -0.001202  0.999999  -0.000717  -0.000606  0.000716  1.000000  1.000000  0.000000  0.000000  0.000000  1.000000  0.000000  0.000000  0.000000  1.000000  0.999623  0.027438  -0.001074  -0.027433  0.999614  0.004352  0.001193  -0.004320  0.999990  0.000000  0.000000  
136.560577 0.006051  0.093539  -0.000025  0.989860  0.142045  -0.000632  -0.141772  0.988212  0.057773  0.008831  -0.057098  0.998330  0.001848  -0.002153  -0.004758  0.000000  0.000000  0.000000  2.000000  0.999623  0.027438  -0.001074  -0.027433  0.999614  0.004352  0.001193  -0.004320  0.999990  0.999999  0.000997  0.000593  -0.000997  0.999999  -0.000719  -0.000594  0.000718  1.000000  1.000000  0.000000  0.000000  0.000000  1.000000  0.000000  0.000000  0.000000  1.000000  0.999623  0.027438  -0.001074  -0.027433  0.999614  0.004352  0.001193  -0.004320  0.999990  0.000000  0.000000  
136.561578 0.006054  0.093539  -0.000029  0.989860  0.142045  -0.000614  -0.141772  0.988205  0.057893  0.008831  -0.057219  0.998323  0.002035  -0.001845  -0.004731  0.000000  0.000000  0.000000  2.000000  0.999623  0.027438  -0.001074  -0.027433  0.999614  0.004352  0.001193  -0.004320  0.999990  0.999999  0.000997  0.000593  -0.000997  0.999999  -0.000597  -0.000594  0.000597  1.000000  1.000000  0.000000  0.000000  0.000000  1.000000  0.000000  0.000000  0.000000  1.000000  0.999623  0.027438  -0.001074  -0.027433  0.999614  0.004352  0.001193  -0.004320  0.999990  0.000000  0.000000  
136.562585 0.006057  0.093539  -0.000034  0.989860  0.142045  -0.000614  -0.141772  0.988205  0.057893  0.008831  -0.057219  0.998323  0.002224  -0.001587  -0.004736  0.000000  0.000000  0.000000  2.000000  0.999623  0.027438  -0.001074  -0.027433  0.999614  0.004352  0.001193  -0.004320  0.999990  0.999999  0.000997  0.000593  -0.000997  0.999999  -0.000597  -0.000594  0.000597  1.000000  1.000000  0.000000  0.000000  0.000000  1.000000  0.000000  0.000000  0.000000  1.000000  0.999623  0.027438  -0.001074  -0.027433  0.999614  0.004352  0.001193  -0.004320  0.999990  0.000000  0.000000  
136.563841 0.006062  0.093539  -0.000038  0.989831  0.142249  -0.000603  -0.141976  0.988176  0.057893  0.008831  -0.057219  0.998323  0.002448  -0.001280  -0.004626  0.000000  0.000000  0.000000  2.000000  0.999623  0.027438  -0.001074  -0.027433  0.999614  0.004352  0.001193  -0.004320  0.999990  0.999999  0.001210  0.000471  -0.001210  0.999999  -0.000596  -0.000472  0.000595  1.000000  1.000000  0.000000  0.000000  0.000000  1.000000  0.000000  0.000000  0.000000  1.000000  0.999623  0.027438  -0.001074  -0.027433  0.999614  0.004352  0.001193  -0.004320  0.999990  0.000000  0.000000  
136.565079 0.006067  0.093540  -0.000042  0.989831  0.142249  -0.000603  -0.141976  0.988176  0.057893  0.008831  -0.057219  0.998323  0.002694  -0.000917  -0.004500  0.000000  0.000000  0.000000  2.000000  0.999623  0.027438  -0.001074  -0.027433  0.999614  0.004352  0.001193  -0.004320  0.999990  0.999999  0.001005  0.000460  -0.001004  0.999999  -0.000476  -0.000460  0.000476  1.000000  1.000000  0.000000  0.000000  0.000000  1.000000  0.000000  0.000000  0.000000  1.000000  0.999623  0.027438  -0.001074  -0.027433  0.999614  0.004352  0.001193  -0.004320  0.999990  0.000000  0.000000  
