1-Time 2-Px 3-Py 4-Pz 5-R11 6-R21 7-R31 8-R12 9-R22 10-R32 11-R13 12-R23 13-R33 14-Vx 15-Vy 16-Vz 17-Wx 18-Wy 19-Wz 20-state 21-PR11 22-PR21 23-PR31 24-PR12 25-PR22 26-PR32 27-PR13 28-PR23 29-PR33 
49.406027 0.007214  0.091923  -0.009115  0.998260  0.056874  -0.015538  -0.056577  0.998218  0.018982  0.016590  -0.018070  0.999699  -0.000260  0.000350  0.000638  0.000000  0.000000  0.000000  2.000000  1.000000  0.000000  0.000000  0.000000  1.000000  0.000000  0.000000  0.000000  1.000000  1.000000  0.000000  0.000000  -0.000000  1.000000  0.000000  0.000000  0.000000  1.000000  1.000000  0.000000  0.000000  0.000000  1.000000  0.000000  0.000000  0.000000  1.000000  0.777810  0.422515  -0.465287  -0.465455  0.884710  0.025291  0.422331  0.196899  0.884798  0.000000  0.000000  
49.407031 0.007214  0.091923  -0.009114  0.998260  0.056874  -0.015538  -0.056577  0.998218  0.018982  0.016590  -0.018070  0.999699  -0.000251  0.000324  0.000647  0.000000  0.000000  0.000000  2.000000  1.000000  0.000000  0.000000  0.000000  1.000000  0.000000  0.000000  0.000000  1.000000  1.000000  0.000000  0.000000  -0.000000  1.000000  0.000000  0.000000  0.000000  1.000000  1.000000  0.000000  0.000000  0.000000  1.000000  0.000000  0.000000  0.000000  1.000000  1.000000  0.000000  0.000000  0.000000  1.000000  0.000000  0.000000  0.000000  1.000000  0.000000  0.000000  
49.408037 0.007215  0.091923  -0.009114  0.998249  0.057080  -0.015534  -0.056782  0.998206  0.018985  0.016590  -0.018070  0.999699  -0.000207  0.000267  0.000595  0.000000  0.000000  0.000000  2.000000  1.000000  0.000000  0.000000  0.000000  1.000000  0.000000  0.000000  0.000000  1.000000  1.000000  0.000206  0.000004  -0.000206  1.000000  0.000003  -0.000004  -0.000003  1.000000  1.000000  0.000000  0.000000  0.000000  1.000000  0.000000  0.000000  0.000000  1.000000  1.000000  0.000000  0.000000  0.000000  1.000000  0.000000  0.000000  0.000000  1.000000  0.000000  0.000000  
49.409279 0.007215  0.091921  -0.009113  0.998225  0.057491  -0.015527  -0.057193  0.998182  0.018992  0.016590  -0.018070  0.999699  -0.000138  0.000134  0.000574  0.000000  0.000000  0.000000  2.000000  1.000000  0.000000  0.000000  0.000000  1.000000  0.000000  0.000000  0.000000  1.000000  1.000000  0.000412  0.000007  -0.000412  1.000000  0.000007  -0.000007  -0.000007  1.000000  1.000000  0.000000  0.000000  0.000000  1.000000  0.000000  0.000000  0.000000  1.000000  1.000000  0.000000  0.000000  0.000000  1.000000  0.000000  0.000000  0.000000  1.000000  0.000000  0.000000  
49.410289 0.007216  0.091919  -0.009113  0.998213  0.057696  -0.015523  -0.057399  0.998171  0.018995  0.016590  -0.018070  0.999699  -0.000068  0.000002  0.000552  0.000000  0.000000  0.000000  2.000000  1.000000  0.000000  0.000000  0.000000  1.000000  0.000000  0.000000  0.000000  1.000000  1.000000  0.000617  0.000011  -0.000617  1.000000  0.000010  -0.000011  -0.000010  1.000000  1.000000  0.000000  0.000000  0.000000  1.000000  0.000000  0.000000  0.000000  1.000000  1.000000  0.000000  0.000000  0.000000  1.000000  0.000000  0.000000  0.000000  1.000000  0.000000  0.000000  
49.411537 0.007218  0.091917  -0.009113  0.998202  0.057904  -0.015512  -0.057604  0.998156  0.019119  0.016590  -0.018191  0.999697  0.000077  -0.000161  0.000499  0.000000  0.000000  0.000000  2.000000  1.000000  0.000000  0.000000  0.000000  1.000000  0.000000  0.000000  0.000000  1.000000  1.000000  0.000823  0.000015  -0.000823  1.000000  0.000135  -0.000015  -0.000135  1.000000  1.000000  0.000000  0.000000  0.000000  1.000000  0.000000  0.000000  0.000000  1.000000  1.000000  0.000000  0.000000  0.000000  1.000000  0.000000  0.000000  0.000000  1.000000  0.000000  0.000000  
49.412779 0.007220  0.091915  -0.009113  0.998188  0.058114  -0.015634  -0.057809  0.998142  0.019251  0.016724  -0.018312  0.999692  0.000186  -0.000372  0.000472  0.000000  0.000000  0.000000  2.000000  1.000000  0.000000  0.000000  0.000000  1.000000  0.000000  0.000000  0.000000  1.000000  0.999999  0.001237  -0.000111  -0.001237  0.999999  0.000142  0.000111  -0.000142  1.000000  1.000000  0.000000  0.000000  0.000000  1.000000  0.000000  0.000000  0.000000  1.000000  1.000000  0.000000  0.000000  0.000000  1.000000  0.000000  0.000000  0.000000  1.000000  0.000000  0.000000  
49.413781 0.007222  0.091914  -0.009112  0.998161  0.058527  -0.015760  -0.058220  0.998118  0.019265  0.016858  -0.018312  0.999690  0.000353  -0.000482  0.000430  0.000000  0.000000  0.000000  2.000000  1.000000  0.000000  0.000000  0.000000  1.000000  0.000000  0.000000  0.000000  1.000000  0.999999  0.001443  -0.000107  -0.001443  0.999999  0.000267  0.000108  -0.000267  1.000000  1.000000  0.000000  0.000000  0.000000  1.000000  0.000000  0.000000  0.000000  1.000000  1.000000  0.000000  0.000000  0.000000  1.000000  0.000000  0.000000  0.000000  1.000000  0.000000  0.000000  
49.414782 0.007224  0.091912  -0.009112  0.998137  0.058938  -0.015752  -0.058631  0.998094  0.019272  0.016858  -0.018312  0.999690  0.000516  -0.000613  0.000434  0.000000  0.000000  0.000000  2.000000  1.000000  0.000000  0.000000  0.000000  1.000000  0.000000  0.000000  0.000000  1.000000  0.999998  0.001857  -0.000234  -0.001857  0.999998  0.000274  0.000234  -0.000273  1.000000  1.000000  0.000000  0.000000  0.000000  1.000000  0.000000  0.000000  0.000000  1.000000  1.000000  0.000000  0.000000  0.000000  1.000000  0.000000  0.000000  0.000000  1.000000  0.000000  0.000000  
49.416030 0.007226  0.091910  -0.009112  0.998099  0.059559  -0.015866  -0.059248  0.998055  0.019410  0.016992  -0.018433  0.999686  0.000692  -0.000749  0.000402  0.000000  0.000000  0.000000  2.000000  1.000000  0.000000  0.000000  0.000000  1.000000  0.000000  0.000000  0.000000  1.000000  0.999997  0.002477  -0.000356  -0.002477  0.999997  0.000406  0.000357  -0.000405  1.000000  1.000000  0.000000  0.000000  0.000000  1.000000  0.000000  0.000000  0.000000  1.000000  1.000000  0.000000  0.000000  0.000000  1.000000  0.000000  0.000000  0.000000  1.000000  0.000000  0.000000  
49.417031 0.007228  0.091909  -0.009112  0.998074  0.059970  -0.015858  -0.059659  0.998030  0.019417  0.016992  -0.018433  0.999686  0.000872  -0.000862  0.000324  0.000000  0.000000  0.000000  2.000000  1.000000  0.000000  0.000000  0.000000  1.000000  0.000000  0.000000  0.000000  1.000000  0.999996  0.002889  -0.000348  -0.002889  0.999996  0.000413  0.000349  -0.000412  1.000000  1.000000  0.000000  0.000000  0.000000  1.000000  0.000000  0.000000  0.000000  1.000000  1.000000  0.000000  0.000000  0.000000  1.000000  0.000000  0.000000  0.000000  1.000000  0.000000  0.000000  
49.418285 0.007231  0.091908  -0.009113  0.998037  0.060586  -0.015846  -0.060275  0.997993  0.019427  0.016992  -0.018433  0.999686  0.001082  -0.000948  0.000266  0.000000  0.000000  0.000000  2.000000  1.000000  0.000000  0.000000  0.000000  1.000000  0.000000  0.000000  0.000000  1.000000  0.999994  0.003506  -0.000337  -0.003506  0.999994  0.000423  0.000338  -0.000422  1.000000  1.000000  0.000000  0.000000  0.000000  1.000000  0.000000  0.000000  0.000000  1.000000  1.000000  0.000000  0.000000  0.000000  1.000000  0.000000  0.000000  0.000000  1.000000  0.000000  0.000000  
49.419530 0.007234  0.091908  -0.009112  0.997997  0.061207  -0.015961  -0.060891  0.997953  0.019566  0.017125  -0.018555  0.999681  0.001325  -0.001007  0.000230  0.000000  0.000000  0.000000  2.000000  1.000000  0.000000  0.000000  0.000000  1.000000  0.000000  0.000000  0.000000  1.000000  0.999991  0.004332  -0.000455  -0.004332  0.999990  0.000559  0.000457  -0.000557  1.000000  1.000000  0.000000  0.000000  0.000000  1.000000  0.000000  0.000000  0.000000  1.000000  1.000000  0.000000  0.000000  0.000000  1.000000  0.000000  0.000000  0.000000  1.000000  0.000000  0.000000  
49.420536 0.007237  0.091907  -0.009112  0.997960  0.061823  -0.015948  -0.061508  0.997915  0.019576  0.017125  -0.018555  0.999681  0.001501  -0.001060  0.000234  0.000000  0.000000  0.000000  2.000000  1.000000  0.000000  0.000000  0.000000  1.000000  0.000000  0.000000  0.000000  1.000000  0.999989  0.004743  -0.000447  -0.004743  0.999989  0.000566  0.000450  -0.000564  1.000000  1.000000  0.000000  0.000000  0.000000  1.000000  0.000000  0.000000  0.000000  1.000000  1.000000  0.000000  0.000000  0.000000  1.000000  0.000000  0.000000  0.000000  1.000000  0.000000  0.000000  
49.421548 0.007239  0.091906  -0.009111  0.997922  0.062440  -0.015936  -0.062124  0.997876  0.019585  0.017125  -0.018555  0.999681  0.001708  -0.001168  0.000223  0.019444  0.014555  0.186976  2.000000  1.000000  0.000134  -0.000011  -0.000134  1.000000  0.000014  0.000011  -0.000014  1.000000  0.999986  0.005361  -0.000436  -0.005361  0.999985  0.000577  0.000439  -0.000574  1.000000  1.000000  0.000067  -0.000005  -0.000067  1.000000  0.000007  0.000005  -0.000007  1.000000  1.000000  0.000134  -0.000011  -0.000134  1.000000  0.000014  0.000011  -0.000014  1.000000  0.000045  0.005409  
49.422785 0.007242  0.091904  -0.009110  0.997868  0.063266  -0.016046  -0.062946  0.997822  0.019728  0.017259  -0.018676  0.999677  0.001864  -0.001275  0.000217  0.024007  0.018535  0.214782  2.000000  1.000000  0.000430  -0.000037  -0.000430  1.000000  0.000048  0.000037  -0.000048  1.000000  0.999981  0.006187  -0.000553  -0.006186  0.999981  0.000713  0.000558  -0.000709  1.000000  1.000000  0.000077  -0.000007  -0.000077  1.000000  0.000009  0.000007  -0.000009  1.000000  1.000000  0.000430  -0.000037  -0.000430  1.000000  0.000048  0.000037  -0.000048  1.000000  0.000053  0.006252  
49.424032 0.007245  0.091902  -0.009109  0.997813  0.064090  -0.016163  -0.063767  0.997769  0.019750  0.017393  -0.018676  0.999674  0.001990  -0.001324  0.000299  0.024494  0.022523  0.242549  2.000000  1.000000  0.000848  -0.000076  -0.000848  1.000000  0.000093  0.000076  -0.000093  1.000000  0.999975  0.007012  -0.000672  -0.007012  0.999975  0.000728  0.000677  -0.000723  1.000000  1.000000  0.000088  -0.000008  -0.000088  1.000000  0.000009  0.000008  -0.000009  1.000000  1.000000  0.000848  -0.000076  -0.000848  1.000000  0.000093  0.000076  -0.000093  1.000000  0.000059  0.007082  
49.425034 0.007247  0.091900  -0.009108  0.997771  0.064711  -0.016277  -0.064383  0.997727  0.019889  0.017527  -0.018797  0.999670  0.002105  -0.001342  0.000366  0.028938  0.026619  0.263358  2.000000  0.999999  0.001217  -0.000111  -0.001217  0.999999  0.000134  0.000112  -0.000134  1.000000  0.999971  0.007632  -0.000793  -0.007632  0.999971  0.000861  0.000799  -0.000855  0.999999  1.000000  0.000095  -0.000010  -0.000095  1.000000  0.000011  0.000010  -0.000011  1.000000  0.999999  0.001217  -0.000111  -0.001217  0.999999  0.000134  0.000112  -0.000134  1.000000  0.000065  0.007721  
49.426290 0.007250  0.091896  -0.009107  0.997718  0.065534  -0.016252  -0.065205  0.997671  0.020024  0.017527  -0.018918  0.999667  0.002188  -0.001465  0.000448  0.033482  0.026089  0.290992  2.000000  0.999999  0.001722  -0.000161  -0.001722  0.999998  0.000192  0.000161  -0.000191  1.000000  0.999964  0.008456  -0.000776  -0.008455  0.999964  0.000996  0.000785  -0.000990  0.999999  1.000000  0.000106  -0.000010  -0.000106  1.000000  0.000012  0.000010  -0.000012  1.000000  0.999999  0.001722  -0.000161  -0.001722  0.999998  0.000192  0.000161  -0.000191  1.000000  0.000072  0.008549  
49.427534 0.007253  0.091892  -0.009105  0.997662  0.066360  -0.016361  -0.066026  0.997614  0.020167  0.017661  -0.019040  0.999663  0.002273  -0.001588  0.000530  0.038054  0.030055  0.318760  2.000000  0.999997  0.002282  -0.000215  -0.002281  0.999997  0.000259  0.000216  -0.000258  1.000000  0.999957  0.009281  -0.000893  -0.009280  0.999956  0.001133  0.000904  -0.001125  0.999999  1.000000  0.000116  -0.000011  -0.000116  1.000000  0.000014  0.000011  -0.000014  1.000000  0.999997  0.002282  -0.000215  -0.002281  0.999997  0.000259  0.000216  -0.000258  1.000000  0.000079  0.009393  
49.428534 0.007256  0.091888  -0.009103  0.997618  0.066981  -0.016474  -0.066642  0.997570  0.020307  0.017794  -0.019161  0.999658  0.002328  -0.001708  0.000612  0.042507  0.034144  0.339591  2.000000  0.999996  0.002766  -0.000261  -0.002766  0.999996  0.000319  0.000262  -0.000318  1.000000  0.999952  0.009696  -0.001018  -0.009694  0.999952  0.001263  0.001030  -0.001253  0.999999  1.000000  0.000121  -0.000013  -0.000121  1.000000  0.000016  0.000013  -0.000016  1.000000  0.999996  0.002766  -0.000261  -0.002766  0.999996  0.000319  0.000262  -0.000318  1.000000  0.000084  0.009830  
49.429784 0.007260  0.091883  -0.009102  0.997563  0.067804  -0.016449  -0.067464  0.997512  0.020442  0.017794  -0.019282  0.999656  0.002441  -0.001916  0.000657  0.047058  0.033606  0.367253  2.000000  0.999995  0.003279  -0.000312  -0.003279  0.999995  0.000387  0.000313  -0.000386  1.000000  0.999944  0.010519  -0.001001  -0.010518  0.999944  0.001399  0.001015  -0.001388  0.999999  1.000000  0.000131  -0.000013  -0.000131  1.000000  0.000017  0.000013  -0.000017  1.000000  0.999995  0.003279  -0.000312  -0.003279  0.999995  0.000387  0.000313  -0.000386  1.000000  0.000093  0.010658  
49.431034 0.007263  0.091878  -0.009101  0.997505  0.068630  -0.016557  -0.068285  0.997453  0.020585  0.017928  -0.019403  0.999651  0.002428  -0.002143  0.000723  0.051641  0.037564  0.395035  2.000000  0.999992  0.003950  -0.000379  -0.003949  0.999992  0.000479  0.000381  -0.000478  1.000000  0.999940  0.010933  -0.001125  -0.010932  0.999939  0.001529  0.001142  -0.001516  0.999998  1.000000  0.000137  -0.000014  -0.000137  1.000000  0.000019  0.000014  -0.000019  1.000000  0.999992  0.003950  -0.000379  -0.003949  0.999992  0.000479  0.000381  -0.000478  1.000000  0.000098  0.011096  
49.432281 0.007267  0.091873  -0.009100  0.997448  0.069454  -0.016532  -0.069106  0.997394  0.020720  0.017928  -0.019524  0.999649  0.002518  -0.002395  0.000825  0.056199  0.037023  0.422738  2.000000  0.999989  0.004654  -0.000449  -0.004653  0.999989  0.000572  0.000452  -0.000570  1.000000  0.999933  0.011551  -0.001111  -0.011549  0.999932  0.001540  0.001129  -0.001527  0.999998  1.000000  0.000144  -0.000014  -0.000144  1.000000  0.000019  0.000014  -0.000019  1.000000  0.999989  0.004654  -0.000449  -0.004653  0.999989  0.000572  0.000452  -0.000570  1.000000  0.000105  0.011705  
49.433532 0.007270  0.091868  -0.009100  0.997389  0.070280  -0.016640  -0.069928  0.997334  0.020864  0.018062  -0.019646  0.999644  0.002544  -0.002701  0.000885  0.060828  0.041001  0.450824  2.000000  0.999985  0.005396  -0.000520  -0.005396  0.999985  0.000673  0.000524  -0.000670  1.000000  0.999928  0.011963  -0.001102  -0.011961  0.999927  0.001670  0.001122  -0.001657  0.999998  1.000000  0.000150  -0.000014  -0.000150  1.000000  0.000021  0.000014  -0.000021  1.000000  0.999985  0.005396  -0.000520  -0.005396  0.999985  0.000673  0.000524  -0.000670  1.000000  0.000112  0.012128  
49.434778 0.007274  0.091863  -0.009100  0.997331  0.071103  -0.016614  -0.070749  0.997273  0.020998  0.018062  -0.019767  0.999641  0.002605  -0.002967  0.000854  0.065344  0.040423  0.478196  2.000000  0.999981  0.006162  -0.000585  -0.006161  0.999981  0.000775  0.000590  -0.000771  1.000000  0.999923  0.012372  -0.000958  -0.012370  0.999922  0.001677  0.000979  -0.001665  0.999998  1.000000  0.000155  -0.000012  -0.000155  1.000000  0.000021  0.000012  -0.000021  1.000000  0.999981  0.006162  -0.000585  -0.006161  0.999981  0.000775  0.000590  -0.000771  1.000000  0.000119  0.012521  
49.435780 0.007277  0.091859  -0.009099  0.997287  0.071721  -0.016592  -0.071365  0.997226  0.021130  0.018062  -0.019888  0.999639  0.002649  -0.003208  0.000843  0.069782  0.040002  0.498964  2.000000  0.999977  0.006791  -0.000633  -0.006790  0.999977  0.000862  0.000639  -0.000857  0.999999  0.999918  0.012783  -0.000949  -0.012782  0.999917  0.001806  0.000972  -0.001794  0.999998  1.000000  0.000160  -0.000012  -0.000160  1.000000  0.000022  0.000012  -0.000022  1.000000  0.999977  0.006791  -0.000633  -0.006790  0.999977  0.000862  0.000639  -0.000857  0.999999  0.000126  0.012944  
49.437034 0.007281  0.091854  -0.009097  0.997228  0.072544  -0.016566  -0.072186  0.997164  0.021264  0.018062  -0.020009  0.999637  0.002695  -0.003379  0.000883  0.074341  0.039446  0.526652  2.000000  0.999971  0.007587  -0.000685  -0.007586  0.999971  0.000973  0.000693  -0.000968  0.999999  0.999915  0.012986  -0.000809  -0.012985  0.999914  0.001809  0.000833  -0.001799  0.999998  1.000000  0.000162  -0.000010  -0.000162  1.000000  0.000023  0.000010  -0.000023  1.000000  0.999971  0.007587  -0.000685  -0.007586  0.999971  0.000973  0.000693  -0.000968  0.999999  0.000132  0.013136  
49.438283 0.007284  0.091849  -0.009096  0.997168  0.073367  -0.016540  -0.073007  0.997102  0.021399  0.018062  -0.020131  0.999634  0.002732  -0.003601  0.000942  0.078129  0.038696  0.542904  2.000000  0.999966  0.008239  -0.000725  -0.008238  0.999965  0.001067  0.000734  -0.001061  0.999999  0.999915  0.012987  -0.000808  -0.012985  0.999914  0.001931  0.000833  -0.001920  0.999998  1.000000  0.000162  -0.000010  -0.000162  1.000000  0.000024  0.000010  -0.000024  1.000000  0.999966  0.008239  -0.000725  -0.008238  0.999965  0.001067  0.000734  -0.001061  0.999999  0.000136  0.013154  
49.439286 0.007287  0.091845  -0.009095  0.997123  0.073985  -0.016518  -0.073623  0.997054  0.021530  0.018062  -0.020252  0.999632  0.002776  -0.003726  0.000993  0.082968  0.038848  0.554284  2.000000  0.999960  0.008901  -0.000765  -0.008900  0.999960  0.001163  0.000776  -0.001157  0.999999  0.999913  0.013192  -0.000803  -0.013191  0.999911  0.001934  0.000829  -0.001924  0.999998  1.000000  0.000165  -0.000010  -0.000165  1.000000  0.000024  0.000010  -0.000024  1.000000  0.999960  0.008901  -0.000765  -0.008900  0.999960  0.001163  0.000776  -0.001157  0.999999  0.000139  0.013357  
49.440531 0.007290  0.091840  -0.009092  0.997062  0.074808  -0.016491  -0.074444  0.996990  0.021664  0.018062  -0.020373  0.999629  0.002797  -0.003900  0.001032  0.082657  0.038072  0.570417  2.000000  0.999952  0.009733  -0.000812  -0.009732  0.999952  0.001288  0.000824  -0.001280  0.999999  0.999910  0.013395  -0.000664  -0.013394  0.999908  0.001938  0.000690  -0.001929  0.999998  1.000000  0.000167  -0.000008  -0.000167  1.000000  0.000024  0.000008  -0.000024  1.000000  0.999952  0.009733  -0.000812  -0.009732  0.999952  0.001288  0.000824  -0.001280  0.999999  0.000143  0.013551  
49.441531 0.007292  0.091835  -0.009090  0.997015  0.075426  -0.016468  -0.075060  0.996941  0.021796  0.018062  -0.020494  0.999627  0.002801  -0.004027  0.001052  0.086943  0.037774  0.584167  2.000000  0.999946  0.010403  -0.000844  -0.010402  0.999945  0.001391  0.000859  -0.001382  0.999999  0.999910  0.013396  -0.000662  -0.013394  0.999908  0.002059  0.000690  -0.002050  0.999998  1.000000  0.000167  -0.000008  -0.000167  1.000000  0.000026  0.000008  -0.000026  1.000000  0.999946  0.010403  -0.000844  -0.010402  0.999945  0.001391  0.000859  -0.001382  0.999999  0.000147  0.013569  
49.442783 0.007295  0.091828  -0.009087  0.996951  0.076251  -0.016574  -0.075881  0.996875  0.021940  0.018196  -0.020616  0.999622  0.002750  -0.004174  0.001123  0.088735  0.038068  0.607996  2.000000  0.999937  0.011228  -0.000889  -0.011226  0.999936  0.001524  0.000906  -0.001514  0.999998  0.999913  0.013190  -0.000665  -0.013188  0.999911  0.002057  0.000692  -0.002048  0.999998  1.000000  0.000165  -0.000008  -0.000165  1.000000  0.000026  0.000008  -0.000026  1.000000  0.999937  0.011228  -0.000889  -0.011226  0.999936  0.001524  0.000906  -0.001514  0.999998  0.000151  0.013366  
49.444037 0.007298  0.091822  -0.009085  0.996904  0.076869  -0.016552  -0.076497  0.996826  0.022071  0.018196  -0.020737  0.999619  0.002704  -0.004329  0.001196  0.092196  0.033068  0.609507  2.000000  0.999927  0.012044  -0.000926  -0.012043  0.999926  0.001660  0.000946  -0.001649  0.999998  0.999916  0.012981  -0.000534  -0.012980  0.999913  0.002175  0.000562  -0.002168  0.999997  1.000000  0.000162  -0.000007  -0.000162  1.000000  0.000027  0.000007  -0.000027  1.000000  0.999927  0.012044  -0.000926  -0.012043  0.999926  0.001660  0.000946  -0.001649  0.999998  0.000153  0.013173  
49.445292 0.007301  0.091815  -0.009082  0.996856  0.077487  -0.016529  -0.077112  0.996775  0.022202  0.018196  -0.020858  0.999617  0.002694  -0.004437  0.001275  0.096299  0.028531  0.609332  2.000000  0.999917  0.012856  -0.000957  -0.012854  0.999916  0.001799  0.000980  -0.001787  0.999998  0.999916  0.012979  -0.000398  -0.012978  0.999913  0.002175  0.000427  -0.002170  0.999998  1.000000  0.000162  -0.000005  -0.000162  1.000000  0.000027  0.000005  -0.000027  1.000000  0.999917  0.012856  -0.000957  -0.012854  0.999916  0.001799  0.000980  -0.001787  0.999998  0.000156  0.013166  
49.446535 0.007305  0.091808  -0.009079  0.996790  0.078312  -0.016634  -0.077933  0.996708  0.022347  0.018329  -0.020979  0.999612  0.002688  -0.004548  0.001471  0.096608  0.032688  0.623409  2.000000  0.999908  0.013505  -0.000978  -0.013503  0.999907  0.001913  0.001004  -0.001900  0.999998  0.999916  0.012981  -0.000531  -0.012980  0.999913  0.002177  0.000559  -0.002170  0.999997  1.000000  0.000162  -0.000007  -0.000162  1.000000  0.000027  0.000007  -0.000027  1.000000  0.999908  0.013505  -0.000978  -0.013503  0.999907  0.001913  0.001004  -0.001900  0.999998  0.000156  0.013173  
49.447537 0.007307  0.091802  -0.009077  0.996758  0.078723  -0.016625  -0.078343  0.996676  0.022354  0.018329  -0.020979  0.999612  0.002613  -0.004668  0.001569  0.096473  0.032820  0.616411  2.000000  0.999899  0.014148  -0.001000  -0.014146  0.999898  0.002026  0.001029  -0.002012  0.999997  0.999916  0.012979  -0.000395  -0.012978  0.999913  0.002177  0.000423  -0.002171  0.999998  1.000000  0.000162  -0.000005  -0.000162  1.000000  0.000027  0.000005  -0.000027  1.000000  0.999899  0.014148  -0.001000  -0.014146  0.999898  0.002026  0.001029  -0.002012  0.999997  0.000158  0.013166  
49.448778 0.007310  0.091795  -0.009074  0.996709  0.079340  -0.016601  -0.078959  0.996624  0.022485  0.018329  -0.021101  0.999609  0.002586  -0.004812  0.001675  0.099862  0.032383  0.618317  2.000000  0.999888  0.014942  -0.001024  -0.014939  0.999886  0.002167  0.001056  -0.002151  0.999997  0.999921  0.012567  -0.000402  -0.012566  0.999919  0.002169  0.000430  -0.002164  0.999998  1.000000  0.000157  -0.000005  -0.000157  1.000000  0.000027  0.000005  -0.000027  1.000000  0.999888  0.014942  -0.001024  -0.014939  0.999886  0.002167  0.001056  -0.002151  0.999997  0.000157  0.012759  
49.449783 0.007312  0.091790  -0.009073  0.996660  0.079958  -0.016578  -0.079574  0.996572  0.022617  0.018329  -0.021222  0.999607  0.002506  -0.004908  0.001796  0.100604  0.028216  0.616410  2.000000  0.999878  0.015562  -0.001037  -0.015560  0.999876  0.002277  0.001072  -0.002260  0.999997  0.999926  0.012153  -0.000276  -0.012152  0.999924  0.002162  0.000302  -0.002158  0.999998  1.000000  0.000152  -0.000004  -0.000152  1.000000  0.000027  0.000004  -0.000027  1.000000  0.999878  0.015562  -0.001037  -0.015560  0.999876  0.002277  0.001072  -0.002260  0.999997  0.000156  0.012347  
49.451030 0.007315  0.091782  -0.009072  0.996611  0.080575  -0.016554  -0.080190  0.996520  0.022748  0.018329  -0.021343  0.999604  0.002486  -0.005083  0.001771  0.103916  0.027973  0.611906  2.000000  0.999866  0.016317  -0.001049  -0.016314  0.999864  0.002413  0.001088  -0.002396  0.999997  0.999929  0.011944  -0.000145  -0.011944  0.999926  0.002158  0.000171  -0.002156  0.999998  1.000000  0.000149  -0.000002  -0.000149  1.000000  0.000027  0.000002  -0.000027  1.000000  0.999866  0.016317  -0.001049  -0.016314  0.999864  0.002413  0.001088  -0.002396  0.999997  0.000155  0.012139  
49.452030 0.007317  0.091776  -0.009071  0.996578  0.080988  -0.016535  -0.080600  0.996484  0.022875  0.018329  -0.021464  0.999602  0.002420  -0.005241  0.001740  0.103814  0.023569  0.604835  2.000000  0.999856  0.016914  -0.001055  -0.016911  0.999854  0.002524  0.001098  -0.002506  0.999996  0.999931  0.011738  -0.000148  -0.011738  0.999929  0.002276  0.000175  -0.002274  0.999997  1.000000  0.000147  -0.000002  -0.000147  1.000000  0.000028  0.000002  -0.000028  1.000000  0.999856  0.016914  -0.001055  -0.016911  0.999854  0.002524  0.001098  -0.002506  0.999996  0.000153  0.011958  
49.453030 0.007319  0.091770  -0.009071  0.996545  0.081400  -0.016516  -0.081011  0.996448  0.023003  0.018329  -0.021586  0.999599  0.002388  -0.005348  0.001684  0.107708  0.023664  0.597804  2.000000  0.999849  0.017359  -0.001060  -0.017356  0.999846  0.002607  0.001105  -0.002588  0.999996  0.999931  0.011738  -0.000147  -0.011738  0.999929  0.002276  0.000173  -0.002274  0.999997  1.000000  0.000147  -0.000002  -0.000147  1.000000  0.000028  0.000002  -0.000028  1.000000  0.999849  0.017359  -0.001060  -0.017356  0.999846  0.002607  0.001105  -0.002588  0.999996  0.000151  0.011958  
49.454280 0.007322  0.091763  -0.009070  0.996494  0.082017  -0.016491  -0.081626  0.996394  0.023134  0.018329  -0.021707  0.999596  0.002305  -0.005456  0.001633  0.107749  0.019130  0.597720  2.000000  0.999836  0.018088  -0.001061  -0.018085  0.999833  0.002745  0.001110  -0.002725  0.999996  0.999934  0.011530  -0.000016  -0.011530  0.999931  0.002272  0.000042  -0.002272  0.999997  1.000000  0.000144  -0.000000  -0.000144  1.000000  0.000028  0.000000  -0.000028  1.000000  0.999836  0.018088  -0.001061  -0.018085  0.999833  0.002745  0.001110  -0.002725  0.999996  0.000150  0.011752  
49.455281 0.007323  0.091758  -0.009069  0.996461  0.082429  -0.016472  -0.082036  0.996358  0.023262  0.018329  -0.021828  0.999594  0.002265  -0.005539  0.001567  0.111669  0.014767  0.590544  2.000000  0.999825  0.018659  -0.001060  -0.018656  0.999822  0.002853  0.001113  -0.002833  0.999995  0.999936  0.011324  -0.000021  -0.011324  0.999934  0.002147  0.000045  -0.002147  0.999998  1.000000  0.000142  -0.000000  -0.000142  1.000000  0.000027  0.000000  -0.000027  1.000000  0.999825  0.018659  -0.001060  -0.018656  0.999822  0.002853  0.001113  -0.002833  0.999995  0.000148  0.011526  
49.456289 0.007325  0.091752  -0.009069  0.996427  0.082842  -0.016452  -0.082447  0.996321  0.023389  0.018329  -0.021949  0.999591  0.002225  -0.005612  0.001484  0.111414  0.014975  0.576781  2.000000  0.999815  0.019215  -0.001060  -0.019212  0.999811  0.002964  0.001117  -0.002943  0.999995  0.999940  0.010912  -0.000028  -0.010912  0.999938  0.002139  0.000052  -0.002139  0.999998  1.000000  0.000136  -0.000000  -0.000136  1.000000  0.000027  0.000001  -0.000027  1.000000  0.999815  0.019215  -0.001060  -0.019212  0.999811  0.002964  0.001117  -0.002943  0.999995  0.000146  0.011120  
49.457532 0.007328  0.091745  -0.009068  0.996393  0.083254  -0.016433  -0.082857  0.996284  0.023517  0.018329  -0.022071  0.999588  0.002193  -0.005658  0.001325  0.111212  0.010729  0.563002  2.000000  0.999802  0.019889  -0.001060  -0.019886  0.999797  0.003102  0.001121  -0.003080  0.999995  0.999945  0.010501  -0.000036  -0.010501  0.999943  0.002132  0.000058  -0.002131  0.999998  1.000000  0.000131  -0.000001  -0.000131  1.000000  0.000027  0.000001  -0.000027  1.000000  0.999802  0.019889  -0.001060  -0.019886  0.999797  0.003102  0.001121  -0.003080  0.999995  0.000143  0.010715  
49.458534 0.007329  0.091739  -0.009067  0.996359  0.083666  -0.016413  -0.083267  0.996247  0.023645  0.018329  -0.022192  0.999586  0.002133  -0.005696  0.001256  0.108780  0.006714  0.552203  2.000000  0.999791  0.020409  -0.001060  -0.020406  0.999787  0.003211  0.001125  -0.003189  0.999994  0.999947  0.010295  -0.000039  -0.010295  0.999945  0.002128  0.000061  -0.002128  0.999998  1.000000  0.000129  -0.000001  -0.000129  1.000000  0.000027  0.000001  -0.000027  1.000000  0.999791  0.020409  -0.001060  -0.020406  0.999787  0.003211  0.001125  -0.003189  0.999994  0.000141  0.010513  
49.459786 0.007332  0.091732  -0.009066  0.996324  0.084078  -0.016393  -0.083677  0.996209  0.023772  0.018329  -0.022313  0.999583  0.002075  -0.005726  0.001149  0.111670  0.006759  0.539898  2.000000  0.999778  0.021042  -0.001061  -0.021039  0.999773  0.003350  0.001131  -0.003327  0.999994  0.999949  0.010089  -0.000043  -0.010089  0.999947  0.002125  0.000064  -0.002124  0.999998  1.000000  0.000126  -0.000001  -0.000126  1.000000  0.000027  0.000001  -0.000027  1.000000  0.999778  0.021042  -0.001061  -0.021039  0.999773  0.003350  0.001131  -0.003327  0.999994  0.000139  0.010311  
49.461033 0.007334  0.091726  -0.009064  0.996290  0.084490  -0.016373  -0.084088  0.996172  0.023900  0.018329  -0.022434  0.999580  0.002064  -0.005667  0.001106  0.110664  0.002323  0.528510  2.000000  0.999767  0.021539  -0.001061  -0.021535  0.999762  0.003462  0.001135  -0.003439  0.999993  0.999951  0.009884  -0.000046  -0.009883  0.999949  0.002242  0.000068  -0.002242  0.999997  1.000000  0.000124  -0.000001  -0.000124  1.000000  0.000028  0.000001  -0.000028  1.000000  0.999767  0.021539  -0.001061  -0.021535  0.999762  0.003462  0.001135  -0.003439  0.999993  0.000136  0.010135  
49.462284 0.007337  0.091719  -0.009061  0.996238  0.085108  -0.016348  -0.084703  0.996116  0.024031  0.018329  -0.022556  0.999578  0.002041  -0.005632  0.001131  0.111339  0.002569  0.519097  2.000000  0.999754  0.022141  -0.001062  -0.022137  0.999748  0.003602  0.001141  -0.003578  0.999993  0.999955  0.009472  -0.000053  -0.009472  0.999953  0.002235  0.000074  -0.002234  0.999998  1.000000  0.000118  -0.000001  -0.000118  1.000000  0.000028  0.000001  -0.000028  1.000000  0.999754  0.022141  -0.001062  -0.022137  0.999748  0.003602  0.001141  -0.003578  0.999993  0.000133  0.009732  
49.463536 0.007339  0.091713  -0.009059  0.996203  0.085520  -0.016327  -0.085113  0.996078  0.024158  0.018329  -0.022677  0.999575  0.001993  -0.005580  0.001021  0.111103  -0.001697  0.505078  2.000000  0.999744  0.022612  -0.001056  -0.022608  0.999738  0.003714  0.001139  -0.003689  0.999993  0.999957  0.009263  0.000076  -0.009263  0.999955  0.002231  -0.000055  -0.002231  0.999998  1.000000  0.000116  0.000001  -0.000116  1.000000  0.000028  -0.000001  -0.000028  1.000000  0.999744  0.022612  -0.001056  -0.022608  0.999738  0.003714  0.001139  -0.003689  0.999993  0.000130  0.009529  
49.464782 0.007342  0.091707  -0.009057  0.996185  0.085725  -0.016322  -0.085318  0.996061  0.024162  0.018329  -0.022677  0.999575  0.002022  -0.005517  0.001010  0.106657  -0.001287  0.484367  2.000000  0.999731  0.023183  -0.001049  -0.023179  0.999724  0.003853  0.001138  -0.003828  0.999992  0.999959  0.009057  0.000072  -0.009058  0.999956  0.002227  -0.000052  -0.002228  0.999998  1.000000  0.000113  0.000001  -0.000113  1.000000  0.000028  -0.000001  -0.000028  1.000000  0.999731  0.023183  -0.001049  -0.023179  0.999724  0.003853  0.001138  -0.003828  0.999992  0.000126  0.009328  
49.466037 0.007346  0.091700  -0.009056  0.996150  0.086137  -0.016302  -0.085728  0.996022  0.024289  0.018329  -0.022798  0.999572  0.002048  -0.005421  0.001090  0.106388  -0.001050  0.470454  2.000000  0.999718  0.023734  -0.001042  -0.023730  0.999710  0.003990  0.001136  -0.003965  0.999991  0.999963  0.008646  0.000064  -0.008646  0.999960  0.002220  -0.000045  -0.002220  0.999998  1.000000  0.000108  0.000001  -0.000108  1.000000  0.000028  -0.000001  -0.000028  1.000000  0.999718  0.023734  -0.001042  -0.023730  0.999710  0.003990  0.001136  -0.003965  0.999991  0.000123  0.008927  
49.467276 0.007350  0.091695  -0.009054  0.996115  0.086549  -0.016282  -0.086139  0.995984  0.024417  0.018329  -0.022919  0.999569  0.002149  -0.005325  0.001108  0.106185  -0.000811  0.456836  2.000000  0.999705  0.024262  -0.001032  -0.024257  0.999697  0.004124  0.001132  -0.004098  0.999991  0.999966  0.008231  0.000189  -0.008232  0.999964  0.002091  -0.000172  -0.002092  0.999998  1.000000  0.000103  0.000002  -0.000103  1.000000  0.000026  -0.000002  -0.000026  1.000000  0.999705  0.024262  -0.001032  -0.024257  0.999697  0.004124  0.001132  -0.004098  0.999991  0.000120  0.008495  
49.468280 0.007352  0.091690  -0.009054  0.996097  0.086756  -0.016266  -0.086344  0.995963  0.024541  0.018329  -0.023041  0.999566  0.002181  -0.005284  0.001104  0.105162  -0.000711  0.446109  2.000000  0.999695  0.024668  -0.001020  -0.024663  0.999687  0.004230  0.001124  -0.004203  0.999991  0.999968  0.008025  0.000186  -0.008026  0.999965  0.002208  -0.000168  -0.002210  0.999998  1.000000  0.000100  0.000002  -0.000100  1.000000  0.000028  -0.000002  -0.000028  1.000000  0.999695  0.024668  -0.001020  -0.024663  0.999687  0.004230  0.001124  -0.004203  0.999991  0.000116  0.008326  
49.469280 0.007356  0.091685  -0.009053  0.996061  0.087166  -0.016256  -0.086754  0.995927  0.024547  0.018329  -0.023041  0.999566  0.002261  -0.005228  0.001088  0.101004  -0.000589  0.439294  2.000000  0.999688  0.024961  -0.001012  -0.024957  0.999679  0.004308  0.001119  -0.004281  0.999990  0.999969  0.007820  0.000181  -0.007820  0.999967  0.002083  -0.000165  -0.002085  0.999998  1.000000  0.000098  0.000002  -0.000098  1.000000  0.000026  -0.000002  -0.000026  1.000000  0.999688  0.024961  -0.001012  -0.024957  0.999679  0.004308  0.001119  -0.004281  0.999990  0.000112  0.008095  
49.470536 0.007360  0.091679  -0.009052  0.996043  0.087373  -0.016240  -0.086959  0.995906  0.024672  0.018329  -0.023162  0.999564  0.002417  -0.005142  0.001108  0.101323  -0.000045  0.415203  2.000000  0.999676  0.025442  -0.000998  -0.025438  0.999667  0.004439  0.001111  -0.004412  0.999990  0.999971  0.007614  0.000177  -0.007614  0.999969  0.002080  -0.000161  -0.002081  0.999998  1.000000  0.000095  0.000002  -0.000095  1.000000  0.000026  -0.000002  -0.000026  1.000000  0.999676  0.025442  -0.000998  -0.025438  0.999667  0.004439  0.001111  -0.004412  0.999990  0.000110  0.007895  
49.471781 0.007364  0.091672  -0.009053  0.996007  0.087785  -0.016219  -0.087369  0.995867  0.024799  0.018329  -0.023283  0.999561  0.002526  -0.005122  0.001029  0.100403  -0.004404  0.404878  2.000000  0.999664  0.025905  -0.000984  -0.025900  0.999654  0.004569  0.001102  -0.004542  0.999989  0.999974  0.007202  0.000168  -0.007203  0.999972  0.002072  -0.000153  -0.002073  0.999998  1.000000  0.000090  0.000002  -0.000090  1.000000  0.000026  -0.000002  -0.000026  1.000000  0.999664  0.025905  -0.000984  -0.025900  0.999654  0.004569  0.001102  -0.004542  0.999989  0.000103  0.007497  
49.472783 0.007368  0.091667  -0.009053  0.995989  0.087992  -0.016204  -0.087574  0.995846  0.024923  0.018329  -0.023404  0.999558  0.002633  -0.005102  0.000973  0.100137  -0.004151  0.391096  2.000000  0.999655  0.026263  -0.000974  -0.026258  0.999644  0.004672  0.001096  -0.004645  0.999989  0.999974  0.007202  0.000169  -0.007203  0.999972  0.002072  -0.000154  -0.002073  0.999998  1.000000  0.000090  0.000002  -0.000090  1.000000  0.000026  -0.000002  -0.000026  1.000000  0.999655  0.026263  -0.000974  -0.026258  0.999644  0.004672  0.001096  -0.004645  0.999989  0.000102  0.007497  
49.474033 0.007372  0.091661  -0.009053  0.995974  0.088196  -0.016055  -0.087779  0.995825  0.025036  0.018196  -0.023526  0.999558  0.002815  -0.005014  0.000933  0.099872  -0.008354  0.377317  2.000000  0.999643  0.026687  -0.000956  -0.026682  0.999632  0.004801  0.001083  -0.004773  0.999988  0.999978  0.006582  0.000289  -0.006582  0.999976  0.002060  -0.000276  -0.002062  0.999998  1.000000  0.000082  0.000004  -0.000082  1.000000  0.000026  -0.000004  -0.000026  1.000000  0.999643  0.026687  -0.000956  -0.026682  0.999632  0.004801  0.001083  -0.004773  0.999988  0.000100  0.006903  
49.475286 0.007376  0.091654  -0.009052  0.995956  0.088405  -0.016028  -0.087984  0.995801  0.025280  0.018196  -0.023768  0.999552  0.002928  -0.004995  0.000821  0.103675  -0.008117  0.363626  2.000000  0.999633  0.027091  -0.000935  -0.027086  0.999621  0.004930  0.001068  -0.004903  0.999987  0.999980  0.006376  0.000285  -0.006377  0.999978  0.002056  -0.000272  -0.002058  0.999998  1.000000  0.000080  0.000003  -0.000080  1.000000  0.000026  -0.000003  -0.000026  1.000000  0.999633  0.027091  -0.000935  -0.027086  0.999621  0.004930  0.001068  -0.004903  0.999987  0.000095  0.006706  
49.476531 0.007380  0.091648  -0.009053  0.995919  0.088817  -0.016007  -0.088394  0.995761  0.025408  0.018196  -0.023889  0.999549  0.003030  -0.005011  0.000674  0.103442  -0.012312  0.349782  2.000000  0.999622  0.027476  -0.000914  -0.027471  0.999610  0.005064  0.001053  -0.005037  0.999987  0.999982  0.005964  0.000277  -0.005965  0.999980  0.002170  -0.000264  -0.002172  0.999998  1.000000  0.000075  0.000003  -0.000075  1.000000  0.000027  -0.000003  -0.000027  1.000000  0.999622  0.027476  -0.000914  -0.027471  0.999610  0.005064  0.001053  -0.005037  0.999987  0.000090  0.006353  
49.477784 0.007385  0.091641  -0.009052  0.995901  0.089024  -0.015991  -0.088599  0.995740  0.025532  0.018196  -0.024011  0.999546  0.003149  -0.005066  0.000538  0.103182  -0.012044  0.336027  2.000000  0.999614  0.027777  -0.000897  -0.027772  0.999601  0.005172  0.001041  -0.005146  0.999986  0.999982  0.005964  0.000277  -0.005965  0.999980  0.002170  -0.000264  -0.002172  0.999998  1.000000  0.000075  0.000003  -0.000075  1.000000  0.000027  -0.000003  -0.000027  1.000000  0.999614  0.027777  -0.000897  -0.027772  0.999601  0.005172  0.001041  -0.005146  0.999986  0.000088  0.006353  
49.479035 0.007389  0.091634  -0.009052  0.995883  0.089233  -0.015964  -0.088804  0.995715  0.025777  0.018196  -0.024253  0.999540  0.003215  -0.005099  0.000416  0.107740  -0.011734  0.318076  2.000000  0.999604  0.028140  -0.000877  -0.028135  0.999590  0.005309  0.001026  -0.005282  0.999986  0.999985  0.005553  0.000268  -0.005553  0.999982  0.002163  -0.000256  -0.002164  0.999998  1.000000  0.000069  0.000003  -0.000069  1.000000  0.000027  -0.000003  -0.000027  1.000000  0.999604  0.028140  -0.000877  -0.028135  0.999590  0.005309  0.001026  -0.005282  0.999986  0.000084  0.005965  
49.480283 0.007393  0.091628  -0.009051  0.995883  0.089235  -0.015953  -0.088804  0.995712  0.025898  0.018196  -0.024374  0.999537  0.003284  -0.005083  0.000329  0.106602  -0.011362  0.301733  2.000000  0.999594  0.028484  -0.000857  -0.028479  0.999580  0.005445  0.001011  -0.005418  0.999985  0.999986  0.005347  0.000264  -0.005347  0.999983  0.002159  -0.000252  -0.002160  0.999998  1.000000  0.000067  0.000003  -0.000067  1.000000  0.000027  -0.000003  -0.000027  1.000000  0.999594  0.028484  -0.000857  -0.028479  0.999580  0.005445  0.001011  -0.005418  0.999985  0.000082  0.005773  
49.481567 0.007398  0.091622  -0.009050  0.995865  0.089441  -0.015937  -0.089009  0.995691  0.026022  0.018196  -0.024495  0.999534  0.003362  -0.005047  0.000344  0.107104  -0.011161  0.290051  2.000000  0.999588  0.028677  -0.000845  -0.028672  0.999574  0.005527  0.001003  -0.005501  0.999984  0.999988  0.004935  0.000255  -0.004936  0.999985  0.002273  -0.000244  -0.002274  0.999997  1.000000  0.000000  0.000000  0.000000  1.000000  0.000000  0.000000  0.000000  1.000000  0.999588  0.028677  -0.000845  -0.028672  0.999574  0.005527  0.001003  -0.005501  0.999984  0.000079  0.000000  
