1-Time 2-Px 3-Py 4-Pz 5-R11 6-R21 7-R31 8-R12 9-R22 10-R32 11-R13 12-R23 13-R33 14-Vx 15-Vy 16-Vz 17-Wx 18-Wy 19-Wz 20-state 21-PR11 22-PR21 23-PR31 24-PR12 25-PR22 26-PR32 27-PR13 28-PR23 29-PR33 
99.926516 0.005693  0.092529  -0.003188  0.993122  0.116945  0.005788  -0.117077  0.991136  0.062787  0.001606  -0.063033  0.998010  -0.000003  0.000138  0.000109  0.000000  0.000000  0.000000  2.000000  1.000000  0.000000  0.000000  0.000000  1.000000  0.000000  0.000000  0.000000  1.000000  1.000000  -0.000205  -0.000013  0.000205  1.000000  -0.000000  0.000013  0.000000  1.000000  1.000000  0.000000  0.000000  0.000000  1.000000  0.000000  0.000000  0.000000  1.000000  0.760217  0.323198  0.563572  -0.385792  0.922545  -0.008656  -0.522718  -0.210841  0.826021  0.000000  0.000000  
99.927519 0.005693  0.092530  -0.003188  0.993097  0.117149  0.005801  -0.117282  0.991112  0.062786  0.001606  -0.063033  0.998010  -0.000017  0.000144  0.000144  0.000000  0.000000  0.000000  2.000000  1.000000  0.000000  0.000000  0.000000  1.000000  0.000000  0.000000  0.000000  1.000000  1.000000  -0.000205  -0.000013  0.000205  1.000000  -0.000000  0.000013  0.000000  1.000000  1.000000  0.000000  0.000000  0.000000  1.000000  0.000000  0.000000  0.000000  1.000000  1.000000  0.000000  0.000000  0.000000  1.000000  0.000000  0.000000  0.000000  1.000000  0.000000  0.000000  
99.928767 0.005693  0.092529  -0.003188  0.993025  0.117761  0.005854  -0.117895  0.991032  0.062902  0.001606  -0.063154  0.998003  0.000021  0.000067  0.000143  0.000000  0.000000  0.000000  2.000000  1.000000  0.000000  0.000000  0.000000  1.000000  0.000000  0.000000  0.000000  1.000000  1.000000  0.000411  0.000026  -0.000411  1.000000  0.000122  -0.000026  -0.000122  1.000000  1.000000  0.000000  0.000000  0.000000  1.000000  0.000000  0.000000  0.000000  1.000000  1.000000  0.000000  0.000000  0.000000  1.000000  0.000000  0.000000  0.000000  1.000000  0.000000  0.000000  
99.929768 0.005694  0.092527  -0.003188  0.992952  0.118363  0.006040  -0.118508  0.990952  0.063003  0.001472  -0.063275  0.997995  0.000080  -0.000037  0.000119  0.000000  0.000000  0.000000  2.000000  1.000000  0.000000  0.000000  0.000000  1.000000  0.000000  0.000000  0.000000  1.000000  0.999999  0.001224  0.000212  -0.001224  0.999999  0.000244  -0.000211  -0.000245  1.000000  1.000000  0.000000  0.000000  0.000000  1.000000  0.000000  0.000000  0.000000  1.000000  1.000000  0.000000  0.000000  0.000000  1.000000  0.000000  0.000000  0.000000  1.000000  0.000000  0.000000  
99.930769 0.005695  0.092525  -0.003188  0.992879  0.118974  0.006108  -0.119122  0.990864  0.063240  0.001472  -0.063517  0.997980  0.000085  -0.000218  0.000063  0.000000  0.000000  0.000000  2.000000  1.000000  0.000000  0.000000  0.000000  1.000000  0.000000  0.000000  0.000000  1.000000  0.999998  0.001841  0.000251  -0.001841  0.999998  0.000367  -0.000250  -0.000367  1.000000  1.000000  0.000000  0.000000  0.000000  1.000000  0.000000  0.000000  0.000000  1.000000  1.000000  0.000000  0.000000  0.000000  1.000000  0.000000  0.000000  0.000000  1.000000  0.000000  0.000000  
99.932019 0.005696  0.092522  -0.003188  0.992805  0.119585  0.006161  -0.119735  0.990782  0.063356  0.001472  -0.063638  0.997972  0.000192  -0.000426  0.000049  0.000000  0.000000  0.000000  2.000000  1.000000  0.000000  0.000000  0.000000  1.000000  0.000000  0.000000  0.000000  1.000000  0.999997  0.002251  0.000278  -0.002252  0.999997  0.000610  -0.000276  -0.000610  1.000000  1.000000  0.000000  0.000000  0.000000  1.000000  0.000000  0.000000  0.000000  1.000000  1.000000  0.000000  0.000000  0.000000  1.000000  0.000000  0.000000  0.000000  1.000000  0.000000  0.000000  
99.933019 0.005698  0.092520  -0.003188  0.992755  0.119992  0.006217  -0.120144  0.990718  0.063594  0.001472  -0.063880  0.997957  0.000298  -0.000551  0.000067  0.000000  0.000000  0.000000  2.000000  1.000000  0.000000  0.000000  0.000000  1.000000  0.000000  0.000000  0.000000  1.000000  0.999996  0.002662  0.000304  -0.002663  0.999996  0.000731  -0.000302  -0.000732  1.000000  1.000000  0.000000  0.000000  0.000000  1.000000  0.000000  0.000000  0.000000  1.000000  1.000000  0.000000  0.000000  0.000000  1.000000  0.000000  0.000000  0.000000  1.000000  0.000000  0.000000  
99.934270 0.005700  0.092519  -0.003187  0.992656  0.120824  0.006019  -0.120961  0.990609  0.063741  0.001739  -0.064001  0.997948  0.000430  -0.000668  0.000151  0.000000  0.000000  0.000000  2.000000  1.000000  0.000000  0.000000  0.000000  1.000000  0.000000  0.000000  0.000000  1.000000  0.999994  0.003493  0.000224  -0.003493  0.999993  0.000976  -0.000221  -0.000976  0.999999  1.000000  0.000000  0.000000  0.000000  1.000000  0.000000  0.000000  0.000000  1.000000  1.000000  0.000000  0.000000  0.000000  1.000000  0.000000  0.000000  0.000000  1.000000  0.000000  0.000000  
99.935271 0.005701  0.092517  -0.003186  0.992556  0.121646  0.005968  -0.121778  0.990492  0.063993  0.001873  -0.064243  0.997933  0.000506  -0.000753  0.000189  0.000000  0.000000  0.000000  2.000000  1.000000  0.000000  0.000000  0.000000  1.000000  0.000000  0.000000  0.000000  1.000000  0.999991  0.004332  0.000010  -0.004332  0.999990  0.001099  -0.000005  -0.001099  0.999999  1.000000  0.000000  0.000000  0.000000  1.000000  0.000000  0.000000  0.000000  1.000000  1.000000  0.000000  0.000000  0.000000  1.000000  0.000000  0.000000  0.000000  1.000000  0.000000  0.000000  
99.936518 0.005703  0.092515  -0.003185  0.992379  0.123081  0.005943  -0.123209  0.990307  0.064121  0.002007  -0.064364  0.997924  0.000661  -0.000888  0.000243  0.045204  0.000682  0.201098  2.000000  1.000000  0.000201  -0.000002  -0.000201  1.000000  0.000049  0.000002  -0.000049  1.000000  0.999984  0.005573  -0.000043  -0.005573  0.999984  0.001344  0.000050  -0.001344  0.999999  1.000000  0.000070  -0.000001  -0.000070  1.000000  0.000017  0.000001  -0.000017  1.000000  1.000000  0.000201  -0.000002  -0.000201  1.000000  0.000049  0.000002  -0.000049  1.000000  0.000048  0.005733  
99.937772 0.005705  0.092514  -0.003185  0.992226  0.124303  0.006052  -0.124434  0.990139  0.064353  0.002007  -0.064606  0.997909  0.000789  -0.000960  0.000271  0.053427  -0.001992  0.242505  2.000000  1.000000  0.000604  -0.000002  -0.000604  1.000000  0.000141  0.000002  -0.000141  1.000000  0.999975  0.007011  0.000052  -0.007011  0.999974  0.001589  -0.000041  -0.001590  0.999999  1.000000  0.000088  0.000001  -0.000088  1.000000  0.000020  -0.000001  -0.000020  1.000000  1.000000  0.000604  -0.000002  -0.000604  1.000000  0.000141  0.000002  -0.000141  1.000000  0.000060  0.007189  
99.938773 0.005706  0.092514  -0.003184  0.992097  0.125322  0.006133  -0.125456  0.990002  0.064467  0.002007  -0.064727  0.997901  0.000887  -0.001060  0.000278  0.057558  -0.004216  0.276988  2.000000  1.000000  0.000982  0.000003  -0.000982  0.999999  0.000223  -0.000002  -0.000223  1.000000  0.999968  0.008038  0.000119  -0.008038  0.999966  0.001712  -0.000105  -0.001713  0.999999  1.000000  0.000100  0.000001  -0.000100  1.000000  0.000021  -0.000001  -0.000021  1.000000  1.000000  0.000982  0.000003  -0.000982  0.999999  0.000223  -0.000002  -0.000223  1.000000  0.000067  0.008219  
99.940018 0.005710  0.092514  -0.003182  0.991941  0.126544  0.006228  -0.126681  0.989839  0.064580  0.002007  -0.064848  0.997893  0.001141  -0.001023  0.000391  0.061746  -0.006891  0.318602  2.000000  0.999999  0.001541  0.000013  -0.001541  0.999999  0.000335  -0.000013  -0.000335  1.000000  0.999955  0.009476  0.000214  -0.009476  0.999953  0.001836  -0.000196  -0.001837  0.999998  1.000000  0.000118  0.000003  -0.000118  1.000000  0.000023  -0.000003  -0.000023  1.000000  0.999999  0.001541  0.000013  -0.001541  0.999999  0.000335  -0.000013  -0.000335  1.000000  0.000079  0.009655  
99.941036 0.005713  0.092515  -0.003179  0.991784  0.127765  0.006324  -0.127906  0.989674  0.064692  0.002007  -0.064969  0.997885  0.001319  -0.000999  0.000582  0.065833  -0.009558  0.359684  2.000000  0.999998  0.001922  0.000023  -0.001922  0.999998  0.000407  -0.000022  -0.000407  1.000000  0.999945  0.010503  0.000282  -0.010504  0.999943  0.001958  -0.000261  -0.001961  0.999998  1.000000  0.000131  0.000003  -0.000131  1.000000  0.000024  -0.000003  -0.000024  1.000000  0.999998  0.001922  0.000023  -0.001922  0.999998  0.000407  -0.000022  -0.000407  1.000000  0.000088  0.010688  
99.942275 0.005716  0.092515  -0.003176  0.991599  0.129190  0.006448  -0.129335  0.989473  0.064923  0.002007  -0.065211  0.997869  0.001592  -0.000974  0.000804  0.074088  -0.012709  0.408097  2.000000  0.999997  0.002496  0.000040  -0.002496  0.999997  0.000511  -0.000039  -0.000511  1.000000  0.999929  0.011941  0.000378  -0.011942  0.999926  0.002203  -0.000352  -0.002207  0.999998  1.000000  0.000149  0.000005  -0.000149  1.000000  0.000028  -0.000005  -0.000028  1.000000  0.999997  0.002496  0.000040  -0.002496  0.999997  0.000511  -0.000039  -0.000511  1.000000  0.000100  0.012149  
99.943519 0.005720  0.092515  -0.003173  0.991411  0.130632  0.006309  -0.130764  0.989268  0.065188  0.002275  -0.065453  0.997853  0.001787  -0.000956  0.000963  0.082405  -0.006899  0.457092  2.000000  0.999995  0.003148  0.000057  -0.003148  0.999995  0.000626  -0.000055  -0.000626  1.000000  0.999908  0.013593  0.000354  -0.013594  0.999905  0.002328  -0.000322  -0.002332  0.999997  1.000000  0.000170  0.000004  -0.000170  1.000000  0.000029  -0.000004  -0.000029  1.000000  0.999995  0.003148  0.000057  -0.003148  0.999995  0.000626  -0.000055  -0.000626  1.000000  0.000114  0.013796  
99.944772 0.005724  0.092513  -0.003171  0.991221  0.132065  0.006286  -0.132193  0.989070  0.065317  0.002408  -0.065574  0.997845  0.001981  -0.000937  0.001122  0.086617  -0.005554  0.505755  2.000000  0.999992  0.004046  0.000073  -0.004047  0.999992  0.000782  -0.000070  -0.000782  1.000000  0.999890  0.014834  0.000305  -0.014835  0.999887  0.002574  -0.000266  -0.002578  0.999997  1.000000  0.000185  0.000004  -0.000185  1.000000  0.000032  -0.000004  -0.000032  1.000000  0.999992  0.004046  0.000073  -0.004047  0.999992  0.000782  -0.000070  -0.000782  1.000000  0.000125  0.015060  
99.946023 0.005727  0.092510  -0.003168  0.991057  0.133293  0.006283  -0.133417  0.988881  0.065687  0.002542  -0.065937  0.997821  0.002135  -0.000907  0.001382  0.098945  -0.003836  0.547353  2.000000  0.999987  0.005028  0.000087  -0.005028  0.999987  0.000952  -0.000082  -0.000953  1.000000  0.999867  0.016281  0.000270  -0.016281  0.999863  0.002820  -0.000224  -0.002824  0.999996  1.000000  0.000204  0.000003  -0.000204  1.000000  0.000035  -0.000003  -0.000035  1.000000  0.999987  0.005028  0.000087  -0.005028  0.999987  0.000952  -0.000082  -0.000953  1.000000  0.000136  0.016526  
99.947027 0.005730  0.092507  -0.003165  0.990919  0.134309  0.006383  -0.134437  0.988727  0.065920  0.002542  -0.066180  0.997804  0.002300  -0.000961  0.001575  0.107148  -0.006135  0.581765  2.000000  0.999983  0.005871  0.000096  -0.005871  0.999982  0.001103  -0.000089  -0.001103  0.999999  0.999850  0.017316  0.000208  -0.017317  0.999845  0.003066  -0.000155  -0.003070  0.999995  1.000000  0.000216  0.000002  -0.000216  1.000000  0.000038  -0.000002  -0.000038  1.000000  0.999983  0.005871  0.000096  -0.005871  0.999982  0.001103  -0.000089  -0.001103  0.999999  0.000146  0.017588  
99.948269 0.005735  0.092503  -0.003163  0.990724  0.135732  0.006528  -0.135865  0.988508  0.066270  0.002542  -0.066543  0.997780  0.002480  -0.001100  0.001702  0.119523  -0.009829  0.637169  2.000000  0.999975  0.007002  0.000112  -0.007002  0.999975  0.001309  -0.000102  -0.001310  0.999999  0.999824  0.018754  0.000310  -0.018755  0.999818  0.003432  -0.000246  -0.003437  0.999994  1.000000  0.000234  0.000003  -0.000234  1.000000  0.000043  -0.000003  -0.000043  1.000000  0.999975  0.007002  0.000112  -0.007002  0.999975  0.001309  -0.000102  -0.001310  0.999999  0.000158  0.019070  
99.949274 0.005739  0.092499  -0.003161  0.990556  0.136951  0.006643  -0.137088  0.988324  0.066502  0.002542  -0.066785  0.997764  0.002662  -0.001297  0.001750  0.127736  -0.012598  0.678461  2.000000  0.999968  0.007952  0.000128  -0.007953  0.999967  0.001486  -0.000116  -0.001487  0.999999  0.999816  0.019165  0.000342  -0.019166  0.999810  0.003554  -0.000274  -0.003560  0.999994  1.000000  0.000240  0.000004  -0.000240  1.000000  0.000044  -0.000004  -0.000044  1.000000  0.999968  0.007952  0.000128  -0.007953  0.999967  0.001486  -0.000116  -0.001487  0.999999  0.000169  0.019496  
99.950518 0.005744  0.092492  -0.003160  0.990357  0.138373  0.006789  -0.138516  0.988101  0.066852  0.002542  -0.067148  0.997740  0.002890  -0.001633  0.001722  0.140106  -0.015878  0.727004  2.000000  0.999960  0.008947  0.000147  -0.008947  0.999959  0.001676  -0.000132  -0.001677  0.999999  0.999800  0.019986  0.000404  -0.019987  0.999793  0.003798  -0.000328  -0.003805  0.999993  1.000000  0.000250  0.000005  -0.000250  1.000000  0.000048  -0.000005  -0.000048  1.000000  0.999960  0.008947  0.000147  -0.008947  0.999959  0.001676  -0.000132  -0.001677  0.999999  0.000180  0.020350  
99.951518 0.005748  0.092486  -0.003160  0.990214  0.139388  0.006892  -0.139535  0.987942  0.067085  0.002542  -0.067390  0.997723  0.002998  -0.001930  0.001699  0.148439  -0.018236  0.762084  2.000000  0.999950  0.009964  0.000162  -0.009965  0.999949  0.001873  -0.000143  -0.001875  0.999998  0.999792  0.020406  0.000303  -0.020407  0.999784  0.003919  -0.000223  -0.003925  0.999992  1.000000  0.000255  0.000003  -0.000255  1.000000  0.000049  -0.000003  -0.000049  1.000000  0.999950  0.009964  0.000162  -0.009965  0.999949  0.001873  -0.000143  -0.001875  0.999998  0.000190  0.020783  
99.952768 0.005753  0.092479  -0.003159  0.990070  0.140403  0.006995  -0.140554  0.987782  0.067317  0.002542  -0.067632  0.997707  0.003193  -0.002331  0.001704  0.155276  -0.020408  0.789546  2.000000  0.999936  0.011268  0.000183  -0.011268  0.999934  0.002124  -0.000159  -0.002126  0.999998  0.999779  0.021022  0.000353  -0.021023  0.999771  0.004041  -0.000268  -0.004048  0.999992  1.000000  0.000263  0.000004  -0.000263  1.000000  0.000051  -0.000004  -0.000051  1.000000  0.999936  0.011268  0.000183  -0.011268  0.999934  0.002124  -0.000159  -0.002126  0.999998  0.000201  0.021412  
99.953801 0.005757  0.092473  -0.003159  0.989925  0.141418  0.007098  -0.141573  0.987620  0.067550  0.002542  -0.067874  0.997691  0.003369  -0.002723  0.001714  0.164605  -0.022912  0.829688  2.000000  0.999924  0.012340  0.000203  -0.012340  0.999921  0.002329  -0.000174  -0.002332  0.999997  0.999766  0.021638  0.000400  -0.021639  0.999757  0.004163  -0.000310  -0.004171  0.999991  1.000000  0.000271  0.000004  -0.000271  1.000000  0.000052  -0.000004  -0.000052  1.000000  0.999924  0.012340  0.000203  -0.012340  0.999921  0.002329  -0.000174  -0.002332  0.999997  0.000210  0.022040  
99.955022 0.005763  0.092466  -0.003159  0.989778  0.142432  0.007220  -0.142592  0.987450  0.067902  0.002542  -0.068237  0.997666  0.003547  -0.003351  0.001474  0.177122  -0.025365  0.865292  2.000000  0.999910  0.013439  0.000228  -0.013440  0.999906  0.002539  -0.000194  -0.002542  0.999997  0.999757  0.022039  0.000567  -0.022041  0.999748  0.004164  -0.000475  -0.004175  0.999991  1.000000  0.000276  0.000007  -0.000276  1.000000  0.000052  -0.000007  -0.000052  1.000000  0.999910  0.013439  0.000228  -0.013440  0.999906  0.002539  -0.000194  -0.002542  0.999997  0.000217  0.022439  
99.956029 0.005768  0.092461  -0.003159  0.989631  0.143447  0.007324  -0.143611  0.987286  0.068134  0.002542  -0.068479  0.997649  0.003674  -0.003598  0.001373  0.185250  -0.027731  0.899343  2.000000  0.999898  0.014276  0.000254  -0.014276  0.999894  0.002701  -0.000215  -0.002704  0.999996  0.999748  0.022440  0.000734  -0.022443  0.999739  0.004285  -0.000637  -0.004301  0.999991  1.000000  0.000281  0.000009  -0.000281  1.000000  0.000054  -0.000009  -0.000054  1.000000  0.999898  0.014276  0.000254  -0.014276  0.999894  0.002701  -0.000215  -0.002704  0.999996  0.000228  0.022861  
99.957275 0.005773  0.092454  -0.003158  0.989483  0.144452  0.007562  -0.144630  0.987123  0.068346  0.002408  -0.068721  0.997633  0.003792  -0.004099  0.001152  0.193435  -0.034155  0.926842  2.000000  0.999881  0.015402  0.000303  -0.015403  0.999877  0.002921  -0.000258  -0.002925  0.999996  0.999748  0.022413  0.001139  -0.022417  0.999739  0.004403  -0.001040  -0.004428  0.999990  1.000000  0.000280  0.000014  -0.000280  1.000000  0.000055  -0.000014  -0.000055  1.000000  0.999881  0.015402  0.000303  -0.015403  0.999877  0.002921  -0.000258  -0.002925  0.999996  0.000237  0.022874  
99.958518 0.005779  0.092447  -0.003158  0.989363  0.145264  0.007636  -0.145444  0.986995  0.068460  0.002408  -0.068842  0.997625  0.003928  -0.004491  0.001017  0.193484  -0.034730  0.933914  2.000000  0.999863  0.016520  0.000361  -0.016521  0.999859  0.003146  -0.000309  -0.003151  0.999995  0.999753  0.022207  0.001131  -0.022212  0.999743  0.004525  -0.001030  -0.004548  0.999989  1.000000  0.000278  0.000014  -0.000278  1.000000  0.000057  -0.000013  -0.000057  1.000000  0.999863  0.016520  0.000361  -0.016521  0.999859  0.003146  -0.000309  -0.003151  0.999995  0.000239  0.022696  
99.959526 0.005783  0.092442  -0.003157  0.989274  0.145862  0.007845  -0.146055  0.986890  0.068675  0.002275  -0.069084  0.997608  0.004052  -0.004831  0.000944  0.197394  -0.034893  0.933710  2.000000  0.999845  0.017620  0.000420  -0.017621  0.999839  0.003368  -0.000361  -0.003375  0.999994  0.999762  0.021787  0.001238  -0.021792  0.999753  0.004400  -0.001142  -0.004426  0.999990  1.000000  0.000272  0.000015  -0.000272  1.000000  0.000055  -0.000015  -0.000055  1.000000  0.999845  0.017620  0.000420  -0.017621  0.999839  0.003368  -0.000361  -0.003375  0.999994  0.000237  0.022266  
99.960773 0.005789  0.092435  -0.003157  0.989183  0.146471  0.007906  -0.146666  0.986791  0.068790  0.002275  -0.069205  0.997600  0.004212  -0.005135  0.000762  0.193320  -0.034606  0.926869  2.000000  0.999820  0.018966  0.000499  -0.018968  0.999813  0.003649  -0.000430  -0.003658  0.999993  0.999775  0.021171  0.001201  -0.021176  0.999766  0.004521  -0.001105  -0.004545  0.999989  1.000000  0.000265  0.000014  -0.000265  1.000000  0.000057  -0.000014  -0.000057  1.000000  0.999820  0.018966  0.000499  -0.018968  0.999813  0.003649  -0.000430  -0.003658  0.999993  0.000237  0.021685  
99.962023 0.005793  0.092426  -0.003156  0.989093  0.147069  0.008116  -0.147277  0.986685  0.069004  0.002141  -0.069447  0.997583  0.004169  -0.005419  0.000608  0.193268  -0.039778  0.933452  2.000000  0.999794  0.020274  0.000579  -0.020276  0.999787  0.003932  -0.000499  -0.003943  0.999992  0.999784  0.020751  0.001311  -0.020756  0.999774  0.004639  -0.001214  -0.004665  0.999988  1.000000  0.000259  0.000016  -0.000259  1.000000  0.000058  -0.000016  -0.000058  1.000000  0.999794  0.020274  0.000579  -0.020276  0.999787  0.003932  -0.000499  -0.003943  0.999992  0.000239  0.021307  
99.963028 0.005796  0.092419  -0.003155  0.989002  0.147678  0.008176  -0.147888  0.986586  0.069119  0.002141  -0.069568  0.997575  0.004142  -0.005671  0.000523  0.194949  -0.044749  0.940961  2.000000  0.999774  0.021270  0.000644  -0.021273  0.999765  0.004159  -0.000556  -0.004171  0.999991  0.999809  0.019518  0.001227  -0.019524  0.999799  0.004517  -0.001139  -0.004540  0.999989  1.000000  0.000244  0.000015  -0.000244  1.000000  0.000057  -0.000015  -0.000057  1.000000  0.999774  0.021270  0.000644  -0.021273  0.999765  0.004159  -0.000556  -0.004171  0.999991  0.000239  0.020076  
99.964275 0.005799  0.092409  -0.003154  0.988941  0.148082  0.008241  -0.148295  0.986508  0.069355  0.002141  -0.069810  0.997558  0.003990  -0.005991  0.000429  0.193344  -0.048158  0.918924  2.000000  0.999748  0.022443  0.000725  -0.022446  0.999738  0.004438  -0.000625  -0.004454  0.999990  0.999832  0.018277  0.001279  -0.018282  0.999823  0.004516  -0.001197  -0.004538  0.999989  1.000000  0.000229  0.000015  -0.000229  1.000000  0.000057  -0.000015  -0.000057  1.000000  0.999748  0.022443  0.000725  -0.022446  0.999738  0.004438  -0.000625  -0.004454  0.999990  0.000237  0.018873  
99.965526 0.005801  0.092399  -0.003155  0.988880  0.148486  0.008305  -0.148703  0.986430  0.069591  0.002141  -0.070052  0.997541  0.003776  -0.006258  0.000318  0.197499  -0.055442  0.890759  2.000000  0.999723  0.023536  0.000812  -0.023540  0.999712  0.004716  -0.000701  -0.004734  0.999989  0.999850  0.017241  0.001343  -0.017246  0.999842  0.004393  -0.001267  -0.004416  0.999989  1.000000  0.000216  0.000016  -0.000216  1.000000  0.000055  -0.000016  -0.000055  1.000000  0.999723  0.023536  0.000812  -0.023540  0.999712  0.004716  -0.000701  -0.004734  0.999989  0.000231  0.017846  
99.966769 0.005804  0.092389  -0.003155  0.988818  0.148890  0.008370  -0.149110  0.986352  0.069827  0.002141  -0.070294  0.997524  0.003663  -0.006438  0.000272  0.195859  -0.053820  0.863001  2.000000  0.999703  0.024374  0.000886  -0.024378  0.999691  0.004942  -0.000766  -0.004963  0.999987  0.999861  0.016615  0.001437  -0.016621  0.999852  0.004514  -0.001362  -0.004537  0.999989  1.000000  0.000208  0.000018  -0.000208  1.000000  0.000057  -0.000017  -0.000057  1.000000  0.999703  0.024374  0.000886  -0.024378  0.999691  0.004942  -0.000766  -0.004963  0.999987  0.000223  0.017281  
99.968018 0.005806  0.092379  -0.003156  0.988757  0.149295  0.008417  -0.149517  0.986282  0.069943  0.002141  -0.070415  0.997515  0.003475  -0.006631  0.000221  0.195933  -0.052106  0.836162  2.000000  0.999678  0.025371  0.000983  -0.025376  0.999664  0.005220  -0.000850  -0.005243  0.999986  0.999878  0.015578  0.001502  -0.015585  0.999869  0.004392  -0.001434  -0.004414  0.999989  1.000000  0.000195  0.000018  -0.000195  1.000000  0.000055  -0.000018  -0.000055  1.000000  0.999678  0.025371  0.000983  -0.025376  0.999664  0.005220  -0.000850  -0.005243  0.999986  0.000215  0.016259  
99.969022 0.005808  0.092371  -0.003156  0.988726  0.149496  0.008468  -0.149720  0.986234  0.070181  0.002141  -0.070657  0.997498  0.003279  -0.006758  0.000218  0.199791  -0.050366  0.808214  2.000000  0.999658  0.026127  0.001061  -0.026132  0.999644  0.005437  -0.000918  -0.005462  0.999985  0.999890  0.014757  0.001446  -0.014763  0.999882  0.004269  -0.001383  -0.004290  0.999990  1.000000  0.000185  0.000018  -0.000185  1.000000  0.000053  -0.000018  -0.000054  1.000000  0.999658  0.026127  0.001061  -0.026132  0.999644  0.005437  -0.000918  -0.005462  0.999985  0.000210  0.015433  
99.970284 0.005809  0.092360  -0.003159  0.988665  0.149892  0.008647  -0.150128  0.986166  0.070277  0.002007  -0.070778  0.997490  0.002949  -0.007010  0.000032  0.197162  -0.052581  0.772900  2.000000  0.999635  0.027010  0.001159  -0.027016  0.999619  0.005698  -0.001004  -0.005728  0.999983  0.999905  0.013720  0.001510  -0.013727  0.999897  0.004145  -0.001453  -0.004165  0.999990  1.000000  0.000172  0.000019  -0.000172  1.000000  0.000052  -0.000019  -0.000052  1.000000  0.999635  0.027010  0.001159  -0.027016  0.999619  0.005698  -0.001004  -0.005728  0.999983  0.000202  0.014416  
99.971519 0.005811  0.092349  -0.003163  0.988634  0.150093  0.008697  -0.150331  0.986118  0.070514  0.002007  -0.071020  0.997473  0.002713  -0.007254  -0.000244  0.199704  -0.050465  0.739812  2.000000  0.999617  0.027657  0.001236  -0.027664  0.999600  0.005901  -0.001072  -0.005933  0.999982  0.999921  0.012488  0.001426  -0.012494  0.999914  0.004022  -0.001376  -0.004040  0.999991  1.000000  0.000156  0.000018  -0.000156  1.000000  0.000050  -0.000018  -0.000050  1.000000  0.999617  0.027657  0.001236  -0.027664  0.999600  0.005901  -0.001072  -0.005933  0.999982  0.000194  0.013200  
99.972520 0.005811  0.092341  -0.003166  0.988603  0.150285  0.008862  -0.150535  0.986080  0.070612  0.001873  -0.071141  0.997465  0.002448  -0.007490  -0.000535  0.197126  -0.056673  0.696765  2.000000  0.999600  0.028253  0.001311  -0.028260  0.999582  0.006096  -0.001138  -0.006131  0.999981  0.999931  0.011657  0.001502  -0.011663  0.999924  0.003899  -0.001457  -0.003916  0.999991  1.000000  0.000146  0.000018  -0.000146  1.000000  0.000049  -0.000018  -0.000049  1.000000  0.999600  0.028253  0.001311  -0.028260  0.999582  0.006096  -0.001138  -0.006131  0.999981  0.000185  0.012386  
99.973772 0.005813  0.092331  -0.003170  0.988572  0.150487  0.008895  -0.150738  0.986040  0.070730  0.001873  -0.071262  0.997456  0.002141  -0.007701  -0.000844  0.195440  -0.058383  0.656349  2.000000  0.999584  0.028809  0.001389  -0.028818  0.999565  0.006286  -0.001207  -0.006323  0.999979  0.999940  0.010835  0.001445  -0.010841  0.999934  0.003776  -0.001404  -0.003792  0.999992  1.000000  0.000135  0.000018  -0.000135  1.000000  0.000047  -0.000018  -0.000047  1.000000  0.999584  0.028809  0.001389  -0.028818  0.999565  0.006286  -0.001207  -0.006323  0.999979  0.000175  0.011568  
99.975021 0.005815  0.092322  -0.003174  0.988541  0.150689  0.008928  -0.150942  0.986001  0.070847  0.001873  -0.071383  0.997447  0.001882  -0.007812  -0.001134  0.191398  -0.060610  0.621898  2.000000  0.999565  0.029455  0.001482  -0.029464  0.999545  0.006515  -0.001290  -0.006556  0.999978  0.999951  0.009809  0.001373  -0.009814  0.999945  0.003654  -0.001337  -0.003667  0.999992  1.000000  0.000123  0.000017  -0.000123  1.000000  0.000046  -0.000017  -0.000046  1.000000  0.999565  0.029455  0.001482  -0.029464  0.999545  0.006515  -0.001290  -0.006556  0.999978  0.000165  0.010559  
99.976272 0.005815  0.092314  -0.003177  0.988510  0.150891  0.008961  -0.151145  0.985961  0.070965  0.001873  -0.071504  0.997439  0.001623  -0.007842  -0.001390  0.184773  -0.062892  0.585276  2.000000  0.999548  0.030032  0.001571  -0.030042  0.999526  0.006732  -0.001368  -0.006777  0.999976  0.999961  0.008782  0.001300  -0.008786  0.999956  0.003410  -0.001270  -0.003421  0.999993  1.000000  0.000110  0.000016  -0.000110  1.000000  0.000043  -0.000016  -0.000043  1.000000  0.999548  0.030032  0.001571  -0.030042  0.999526  0.006732  -0.001368  -0.006777  0.999976  0.000157  0.009512  
99.977273 0.005816  0.092307  -0.003180  0.988479  0.151093  0.008994  -0.151349  0.985921  0.071083  0.001873  -0.071625  0.997430  0.001483  -0.007820  -0.001625  0.180582  -0.060600  0.550632  2.000000  0.999535  0.030435  0.001638  -0.030445  0.999513  0.006892  -0.001427  -0.006939  0.999975  0.999969  0.007755  0.001228  -0.007759  0.999965  0.003166  -0.001203  -0.003176  0.999994  1.000000  0.000097  0.000015  -0.000097  1.000000  0.000040  -0.000015  -0.000040  1.000000  0.999535  0.030435  0.001638  -0.030445  0.999513  0.006892  -0.001427  -0.006939  0.999975  0.000150  0.008468  
99.978522 0.005816  0.092298  -0.003184  0.988448  0.151285  0.009158  -0.151552  0.985883  0.071180  0.001739  -0.071746  0.997421  0.001239  -0.007808  -0.001965  0.172318  -0.062352  0.508936  2.000000  0.999522  0.030868  0.001713  -0.030879  0.999498  0.007080  -0.001493  -0.007130  0.999973  0.999978  0.006523  0.001140  -0.006526  0.999974  0.003042  -0.001120  -0.003050  0.999995  1.000000  0.000082  0.000014  -0.000082  1.000000  0.000038  -0.000014  -0.000038  1.000000  0.999522  0.030868  0.001713  -0.030879  0.999498  0.007080  -0.001493  -0.007130  0.999973  0.000138  0.007289  
99.979771 0.005816  0.092289  -0.003188  0.988416  0.151488  0.009173  -0.151756  0.985852  0.071178  0.001739  -0.071746  0.997421  0.001045  -0.007739  -0.002256  0.162751  -0.059525  0.470538  2.000000  0.999510  0.031255  0.001787  -0.031267  0.999485  0.007258  -0.001560  -0.007310  0.999972  0.999982  0.005907  0.001096  -0.005910  0.999979  0.002799  -0.001079  -0.002805  0.999995  1.000000  0.000074  0.000014  -0.000074  1.000000  0.000035  -0.000014  -0.000035  1.000000  0.999510  0.031255  0.001787  -0.031267  0.999485  0.007258  -0.001560  -0.007310  0.999972  0.000125  0.006629  
99.980771 0.005816  0.092283  -0.003190  0.988385  0.151690  0.009206  -0.151959  0.985812  0.071296  0.001739  -0.071867  0.997413  0.000906  -0.007607  -0.002354  0.155862  -0.057723  0.439881  2.000000  0.999501  0.031540  0.001839  -0.031553  0.999475  0.007396  -0.001605  -0.007451  0.999971  0.999984  0.005506  0.000933  -0.005508  0.999981  0.002798  -0.000918  -0.002804  0.999996  1.000000  0.000069  0.000012  -0.000069  1.000000  0.000035  -0.000012  -0.000035  1.000000  0.999501  0.031540  0.001839  -0.031553  0.999475  0.007396  -0.001605  -0.007451  0.999971  0.000119  0.006247  
99.982024 0.005817  0.092276  -0.003191  0.988385  0.151679  0.009356  -0.151959  0.985805  0.071395  0.001606  -0.071988  0.997404  0.000801  -0.007406  -0.002469  0.151656  -0.059388  0.398107  2.000000  0.999492  0.031807  0.001889  -0.031821  0.999465  0.007529  -0.001648  -0.007585  0.999970  0.999987  0.005095  0.000904  -0.005097  0.999983  0.002677  -0.000891  -0.002681  0.999996  1.000000  0.000064  0.000011  -0.000064  1.000000  0.000033  -0.000011  -0.000033  1.000000  0.999492  0.031807  0.001889  -0.031821  0.999465  0.007529  -0.001648  -0.007585  0.999970  0.000109  0.005827  
99.983269 0.005818  0.092270  -0.003192  0.988354  0.151882  0.009371  -0.152163  0.985774  0.071394  0.001606  -0.071988  0.997404  0.000727  -0.007138  -0.002460  0.139380  -0.057051  0.363650  2.000000  0.999490  0.031871  0.001903  -0.031884  0.999463  0.007562  -0.001661  -0.007619  0.999970  0.999989  0.004684  0.000875  -0.004686  0.999986  0.002554  -0.000863  -0.002558  0.999996  1.000000  0.000000  0.000000  0.000000  1.000000  0.000000  0.000000  0.000000  1.000000  0.999490  0.031871  0.001903  -0.031884  0.999463  0.007562  -0.001661  -0.007619  0.999970  0.000100  0.000000  
99.984270 0.005819  0.092266  -0.003193  0.988354  0.151891  0.009258  -0.152163  0.985763  0.071533  0.001739  -0.072109  0.997395  0.000678  -0.006824  -0.002490  0.138204  -0.050730  0.340402  2.000000  0.999490  0.031871  0.001903  -0.031884  0.999463  0.007562  -0.001661  -0.007619  0.999970  0.999991  0.004273  0.000846  -0.004275  0.999988  0.002432  -0.000835  -0.002436  0.999997  1.000000  0.000000  0.000000  0.000000  1.000000  0.000000  0.000000  0.000000  1.000000  0.999490  0.031871  0.001903  -0.031884  0.999463  0.007562  -0.001661  -0.007619  0.999970  0.000094  0.000000  
99.985289 0.005819  0.092262  -0.003195  0.988323  0.152094  0.009272  -0.152366  0.985732  0.071531  0.001739  -0.072109  0.997395  0.000663  -0.006472  -0.002350  0.127026  -0.048776  0.308657  2.000000  0.999490  0.031871  0.001903  -0.031884  0.999463  0.007562  -0.001661  -0.007619  0.999970  0.999991  0.004078  0.000697  -0.004079  0.999989  0.002311  -0.000688  -0.002314  0.999997  1.000000  0.000000  0.000000  0.000000  1.000000  0.000000  0.000000  0.000000  1.000000  0.999490  0.031871  0.001903  -0.031884  0.999463  0.007562  -0.001661  -0.007619  0.999970  0.000089  0.000000  
99.986515 0.005821  0.092257  -0.003197  0.988291  0.152296  0.009306  -0.152570  0.985692  0.071649  0.001739  -0.072230  0.997386  0.000687  -0.006164  -0.002255  0.125964  -0.042531  0.285997  2.000000  0.999490  0.031871  0.001903  -0.031884  0.999463  0.007562  -0.001661  -0.007619  0.999970  0.999992  0.003872  0.000683  -0.003874  0.999990  0.002311  -0.000674  -0.002314  0.999997  1.000000  0.000000  0.000000  0.000000  1.000000  0.000000  0.000000  0.000000  1.000000  0.999490  0.031871  0.001903  -0.031884  0.999463  0.007562  -0.001661  -0.007619  0.999970  0.000079  0.000000  
99.987536 0.005823  0.092253  -0.003199  0.988260  0.152489  0.009452  -0.152773  0.985662  0.071627  0.001606  -0.072230  0.997387  0.000769  -0.005760  -0.002157  0.118750  -0.045926  0.267241  2.000000  0.999490  0.031871  0.001903  -0.031884  0.999463  0.007562  -0.001661  -0.007619  0.999970  0.999994  0.003452  0.000787  -0.003454  0.999992  0.002067  -0.000779  -0.002070  0.999998  1.000000  0.000000  0.000000  0.000000  1.000000  0.000000  0.000000  0.000000  1.000000  0.999490  0.031871  0.001903  -0.031884  0.999463  0.007562  -0.001661  -0.007619  0.999970  0.000073  0.000000  
99.988778 0.005826  0.092249  -0.003201  0.988260  0.152488  0.009471  -0.152773  0.985654  0.071746  0.001606  -0.072351  0.997378  0.000864  -0.005421  -0.002025  0.114627  -0.044022  0.239645  2.000000  0.999490  0.031871  0.001903  -0.031884  0.999463  0.007562  -0.001661  -0.007619  0.999970  0.999994  0.003452  0.000787  -0.003453  0.999992  0.001946  -0.000780  -0.001949  0.999998  1.000000  0.000000  0.000000  0.000000  1.000000  0.000000  0.000000  0.000000  1.000000  0.999490  0.031871  0.001903  -0.031884  0.999463  0.007562  -0.001661  -0.007619  0.999970  0.000069  0.000000  
99.990023 0.005829  0.092246  -0.003203  0.988229  0.152681  0.009617  -0.152977  0.985624  0.071724  0.001472  -0.072351  0.997378  0.000985  -0.005060  -0.001986  0.106425  -0.042591  0.218982  2.000000  0.999490  0.031871  0.001903  -0.031884  0.999463  0.007562  -0.001661  -0.007619  0.999970  0.999994  0.003247  0.000772  -0.003248  0.999993  0.001824  -0.000766  -0.001827  0.999998  1.000000  0.000000  0.000000  0.000000  1.000000  0.000000  0.000000  0.000000  1.000000  0.999490  0.031871  0.001903  -0.031884  0.999463  0.007562  -0.001661  -0.007619  0.999970  0.000065  0.000000  
99.991273 0.005833  0.092243  -0.003205  0.988197  0.152883  0.009651  -0.153180  0.985583  0.071842  0.001472  -0.072472  0.997369  0.001171  -0.004690  -0.001851  0.106387  -0.037151  0.205494  2.000000  0.999490  0.031871  0.001903  -0.031884  0.999463  0.007562  -0.001661  -0.007619  0.999970  0.999995  0.003041  0.000757  -0.003042  0.999994  0.001581  -0.000752  -0.001583  0.999998  1.000000  0.000000  0.000000  0.000000  1.000000  0.000000  0.000000  0.000000  1.000000  0.999490  0.031871  0.001903  -0.031884  0.999463  0.007562  -0.001661  -0.007619  0.999970  0.000059  0.000000  
99.992526 0.005837  0.092240  -0.003208  0.988166  0.153086  0.009665  -0.153384  0.985552  0.071840  0.001472  -0.072472  0.997369  0.001421  -0.004320  -0.001750  0.098180  -0.036183  0.191631  2.000000  0.999490  0.031871  0.001903  -0.031884  0.999463  0.007562  -0.001661  -0.007619  0.999970  0.999995  0.003041  0.000758  -0.003042  0.999994  0.001460  -0.000753  -0.001462  0.999999  1.000000  0.000000  0.000000  0.000000  1.000000  0.000000  0.000000  0.000000  1.000000  0.999490  0.031871  0.001903  -0.031884  0.999463  0.007562  -0.001661  -0.007619  0.999970  0.000056  0.000000  
99.993769 0.005841  0.092236  -0.003211  0.988166  0.153076  0.009797  -0.153384  0.985553  0.071819  0.001338  -0.072472  0.997370  0.001693  -0.004005  -0.001746  0.093309  -0.039376  0.176076  2.000000  0.999490  0.031871  0.001903  -0.031884  0.999463  0.007562  -0.001661  -0.007619  0.999970  0.999996  0.002630  0.000728  -0.002631  0.999996  0.001338  -0.000724  -0.001340  0.999999  1.000000  0.000000  0.000000  0.000000  1.000000  0.000000  0.000000  0.000000  1.000000  0.999490  0.031871  0.001903  -0.031884  0.999463  0.007562  -0.001661  -0.007619  0.999970  0.000051  0.000000  
99.994772 0.005845  0.092234  -0.003213  0.988134  0.153279  0.009812  -0.153587  0.985522  0.071817  0.001338  -0.072472  0.997370  0.001957  -0.003656  -0.001697  0.085915  -0.039231  0.170625  2.000000  0.999490  0.031871  0.001903  -0.031884  0.999463  0.007562  -0.001661  -0.007619  0.999970  0.999996  0.002630  0.000728  -0.002631  0.999996  0.001216  -0.000725  -0.001218  0.999999  1.000000  0.000000  0.000000  0.000000  1.000000  0.000000  0.000000  0.000000  1.000000  0.999490  0.031871  0.001903  -0.031884  0.999463  0.007562  -0.001661  -0.007619  0.999970  0.000049  0.000000  
99.996019 0.005850  0.092231  -0.003216  0.988103  0.153471  0.009977  -0.153790  0.985483  0.071914  0.001204  -0.072593  0.997361  0.002240  -0.003357  -0.001743  0.000000  0.000000  0.000000  2.000000  0.999490  0.031871  0.001903  -0.031884  0.999463  0.007562  -0.001661  -0.007619  0.999970  0.999996  0.002621  0.000862  -0.002622  0.999996  0.001095  -0.000859  -0.001097  0.999999  1.000000  0.000000  0.000000  0.000000  1.000000  0.000000  0.000000  0.000000  1.000000  0.999490  0.031871  0.001903  -0.031884  0.999463  0.007562  -0.001661  -0.007619  0.999970  0.000000  0.000000  
99.997020 0.005853  0.092228  -0.003217  0.988103  0.153471  0.009977  -0.153790  0.985483  0.071914  0.001204  -0.072593  0.997361  0.002448  -0.003178  -0.001714  0.000000  0.000000  0.000000  2.000000  0.999490  0.031871  0.001903  -0.031884  0.999463  0.007562  -0.001661  -0.007619  0.999970  0.999996  0.002621  0.000862  -0.002622  0.999996  0.001095  -0.000859  -0.001097  0.999999  1.000000  0.000000  0.000000  0.000000  1.000000  0.000000  0.000000  0.000000  1.000000  0.999490  0.031871  0.001903  -0.031884  0.999463  0.007562  -0.001661  -0.007619  0.999970  0.000000  0.000000  
99.998268 0.005859  0.092226  -0.003218  0.988071  0.153663  0.010143  -0.153994  0.985444  0.072011  0.001070  -0.072714  0.997352  0.002742  -0.002931  -0.001737  0.000000  0.000000  0.000000  2.000000  0.999490  0.031871  0.001903  -0.031884  0.999463  0.007562  -0.001661  -0.007619  0.999970  0.999996  0.002611  0.000995  -0.002612  0.999996  0.001094  -0.000992  -0.001097  0.999999  1.000000  0.000000  0.000000  0.000000  1.000000  0.000000  0.000000  0.000000  1.000000  0.999490  0.031871  0.001903  -0.031884  0.999463  0.007562  -0.001661  -0.007619  0.999970  0.000000  0.000000  
99.999274 0.005863  0.092225  -0.003219  0.988071  0.153663  0.010143  -0.153994  0.985444  0.072011  0.001070  -0.072714  0.997352  0.002993  -0.002716  -0.001686  0.000000  0.000000  0.000000  2.000000  0.999490  0.031871  0.001903  -0.031884  0.999463  0.007562  -0.001661  -0.007619  0.999970  0.999996  0.002621  0.000862  -0.002621  0.999996  0.000973  -0.000859  -0.000975  0.999999  1.000000  0.000000  0.000000  0.000000  1.000000  0.000000  0.000000  0.000000  1.000000  0.999490  0.031871  0.001903  -0.031884  0.999463  0.007562  -0.001661  -0.007619  0.999970  0.000000  0.000000  
100.000275 0.005867  0.092223  -0.003219  0.988040  0.153865  0.010176  -0.154197  0.985404  0.072128  0.001070  -0.072835  0.997343  0.003178  -0.002547  -0.001626  0.000000  0.000000  0.000000  2.000000  0.999490  0.031871  0.001903  -0.031884  0.999463  0.007562  -0.001661  -0.007619  0.999970  0.999996  0.002620  0.000862  -0.002621  0.999996  0.001094  -0.000859  -0.001097  0.999999  1.000000  0.000000  0.000000  0.000000  1.000000  0.000000  0.000000  0.000000  1.000000  0.999490  0.031871  0.001903  -0.031884  0.999463  0.007562  -0.001661  -0.007619  0.999970  0.000000  0.000000  
100.001519 0.005872  0.092222  -0.003219  0.988040  0.153865  0.010176  -0.154197  0.985404  0.072128  0.001070  -0.072835  0.997343  0.003446  -0.002313  -0.001472  0.000000  0.000000  0.000000  2.000000  0.999490  0.031871  0.001903  -0.031884  0.999463  0.007562  -0.001661  -0.007619  0.999970  0.999997  0.002415  0.000847  -0.002416  0.999997  0.000973  -0.000845  -0.000975  0.999999  1.000000  0.000000  0.000000  0.000000  1.000000  0.000000  0.000000  0.000000  1.000000  0.999490  0.031871  0.001903  -0.031884  0.999463  0.007562  -0.001661  -0.007619  0.999970  0.000000  0.000000  
