1-Time 2-Px 3-Py 4-Pz 5-R11 6-R21 7-R31 8-R12 9-R22 10-R32 11-R13 12-R23 13-R33 14-Vx 15-Vy 16-Vz 17-Wx 18-Wy 19-Wz 20-state 21-PR11 22-PR21 23-PR31 24-PR12 25-PR22 26-PR32 27-PR13 28-PR23 29-PR33 
113.233783 0.007936  0.094291  -0.002281  0.993348  0.114018  0.016123  -0.114824  0.991328  0.063904  -0.008697  -0.065330  0.997826  -0.000327  0.000279  -0.000229  0.000000  0.000000  0.000000  2.000000  1.000000  0.000000  0.000000  0.000000  1.000000  0.000000  0.000000  0.000000  1.000000  1.000000  -0.000179  -0.000414  0.000179  1.000000  -0.000120  0.000414  0.000119  1.000000  1.000000  0.000000  0.000000  0.000000  1.000000  0.000000  0.000000  0.000000  1.000000  0.704836  0.420216  0.571510  -0.459968  0.884070  -0.082762  -0.540033  -0.204543  0.816411  0.000000  0.000000  
113.234789 0.007936  0.094291  -0.002281  0.993348  0.114018  0.016123  -0.114824  0.991328  0.063904  -0.008697  -0.065330  0.997826  -0.000312  0.000275  -0.000262  0.000000  0.000000  0.000000  2.000000  1.000000  0.000000  0.000000  0.000000  1.000000  0.000000  0.000000  0.000000  1.000000  1.000000  -0.000179  -0.000414  0.000179  1.000000  -0.000120  0.000414  0.000119  1.000000  1.000000  0.000000  0.000000  0.000000  1.000000  0.000000  0.000000  0.000000  1.000000  1.000000  0.000000  0.000000  0.000000  1.000000  0.000000  0.000000  0.000000  1.000000  0.000000  0.000000  
113.235789 0.007936  0.094291  -0.002281  0.993300  0.114425  0.016163  -0.115233  0.991274  0.064017  -0.008697  -0.065451  0.997818  -0.000251  0.000251  -0.000252  0.000000  0.000000  0.000000  2.000000  1.000000  0.000000  0.000000  0.000000  1.000000  0.000000  0.000000  0.000000  1.000000  1.000000  0.000026  -0.000401  -0.000026  1.000000  0.000000  0.000401  0.000000  1.000000  1.000000  0.000000  0.000000  0.000000  1.000000  0.000000  0.000000  0.000000  1.000000  1.000000  0.000000  0.000000  0.000000  1.000000  0.000000  0.000000  0.000000  1.000000  0.000000  0.000000  
113.236791 0.007938  0.094290  -0.002282  0.993229  0.115035  0.016217  -0.115846  0.991195  0.064128  -0.008697  -0.065572  0.997810  -0.000144  0.000170  -0.000288  0.000000  0.000000  0.000000  2.000000  1.000000  0.000000  0.000000  0.000000  1.000000  0.000000  0.000000  0.000000  1.000000  1.000000  0.000643  -0.000360  -0.000643  1.000000  0.000116  0.000360  -0.000116  1.000000  1.000000  0.000000  0.000000  0.000000  1.000000  0.000000  0.000000  0.000000  1.000000  1.000000  0.000000  0.000000  0.000000  1.000000  0.000000  0.000000  0.000000  1.000000  0.000000  0.000000  
113.238045 0.007939  0.094289  -0.002283  0.993132  0.115840  0.016416  -0.116664  0.991093  0.064219  -0.008831  -0.065693  0.997801  -0.000029  0.000065  -0.000313  0.000000  0.000000  0.000000  2.000000  1.000000  0.000000  0.000000  0.000000  1.000000  0.000000  0.000000  0.000000  1.000000  0.999999  0.001447  -0.000039  -0.001447  0.999999  0.000230  0.000039  -0.000230  1.000000  1.000000  0.000000  0.000000  0.000000  1.000000  0.000000  0.000000  0.000000  1.000000  1.000000  0.000000  0.000000  0.000000  1.000000  0.000000  0.000000  0.000000  1.000000  0.000000  0.000000  
113.239046 0.007941  0.094287  -0.002283  0.993084  0.116244  0.016471  -0.117073  0.991030  0.064453  -0.008831  -0.065935  0.997785  0.000094  -0.000065  -0.000327  0.000000  0.000000  0.000000  2.000000  1.000000  0.000000  0.000000  0.000000  1.000000  0.000000  0.000000  0.000000  1.000000  0.999998  0.001858  -0.000012  -0.001858  0.999998  0.000347  0.000012  -0.000347  1.000000  1.000000  0.000000  0.000000  0.000000  1.000000  0.000000  0.000000  0.000000  1.000000  1.000000  0.000000  0.000000  0.000000  1.000000  0.000000  0.000000  0.000000  1.000000  0.000000  0.000000  
113.240059 0.007942  0.094286  -0.002284  0.993036  0.116650  0.016511  -0.117482  0.990974  0.064566  -0.008831  -0.066056  0.997777  0.000248  -0.000165  -0.000319  0.000000  0.000000  0.000000  2.000000  1.000000  0.000000  0.000000  0.000000  1.000000  0.000000  0.000000  0.000000  1.000000  0.999997  0.002268  0.000016  -0.002268  0.999997  0.000586  -0.000015  -0.000586  1.000000  1.000000  0.000000  0.000000  0.000000  1.000000  0.000000  0.000000  0.000000  1.000000  1.000000  0.000000  0.000000  0.000000  1.000000  0.000000  0.000000  0.000000  1.000000  0.000000  0.000000  
113.241293 0.007946  0.094285  -0.002283  0.992965  0.117276  0.016314  -0.118095  0.990884  0.064828  -0.008563  -0.066298  0.997763  0.000494  -0.000261  -0.000281  0.000000  0.000000  0.000000  2.000000  1.000000  0.000000  0.000000  0.000000  1.000000  0.000000  0.000000  0.000000  1.000000  0.999996  0.002893  -0.000076  -0.002893  0.999996  0.000702  0.000078  -0.000702  1.000000  1.000000  0.000000  0.000000  0.000000  1.000000  0.000000  0.000000  0.000000  1.000000  1.000000  0.000000  0.000000  0.000000  1.000000  0.000000  0.000000  0.000000  1.000000  0.000000  0.000000  
113.242295 0.007948  0.094284  -0.002283  0.992869  0.118099  0.016250  -0.118913  0.990778  0.064950  -0.008429  -0.066419  0.997756  0.000664  -0.000329  -0.000218  0.000000  0.000000  0.000000  2.000000  1.000000  0.000000  0.000000  0.000000  1.000000  0.000000  0.000000  0.000000  1.000000  0.999992  0.003938  -0.000274  -0.003938  0.999992  0.000937  0.000278  -0.000936  1.000000  1.000000  0.000000  0.000000  0.000000  1.000000  0.000000  0.000000  0.000000  1.000000  1.000000  0.000000  0.000000  0.000000  1.000000  0.000000  0.000000  0.000000  1.000000  0.000000  0.000000  
113.243545 0.007950  0.094284  -0.002282  0.992748  0.119132  0.016080  -0.119935  0.990638  0.065206  -0.008162  -0.066662  0.997742  0.000874  -0.000392  -0.000122  0.000000  0.000000  0.000000  2.000000  1.000000  0.000000  0.000000  0.000000  1.000000  0.000000  0.000000  0.000000  1.000000  0.999988  0.004974  -0.000338  -0.004974  0.999987  0.001292  0.000345  -0.001291  0.999999  1.000000  0.000000  0.000000  0.000000  1.000000  0.000000  0.000000  0.000000  1.000000  1.000000  0.000000  0.000000  0.000000  1.000000  0.000000  0.000000  0.000000  1.000000  0.000000  0.000000  
113.244791 0.007953  0.094283  -0.002282  0.992599  0.120352  0.016190  -0.121161  0.990474  0.065426  -0.008162  -0.066904  0.997726  0.001087  -0.000472  -0.000161  0.047122  0.017670  0.209165  2.000000  1.000000  0.000350  -0.000022  -0.000350  1.000000  0.000085  0.000022  -0.000085  1.000000  0.999982  0.006001  -0.000269  -0.006001  0.999981  0.001406  0.000277  -0.001404  0.999999  1.000000  0.000075  -0.000003  -0.000075  1.000000  0.000018  0.000003  -0.000018  1.000000  1.000000  0.000350  -0.000022  -0.000350  1.000000  0.000085  0.000022  -0.000085  1.000000  0.000050  0.006169  
113.245791 0.007956  0.094283  -0.002282  0.992474  0.121369  0.016272  -0.122183  0.990342  0.065530  -0.008162  -0.067025  0.997718  0.001329  -0.000441  -0.000144  0.050895  0.015364  0.243659  2.000000  1.000000  0.000686  -0.000033  -0.000686  1.000000  0.000161  0.000033  -0.000161  1.000000  0.999975  0.007028  -0.000199  -0.007028  0.999974  0.001518  0.000210  -0.001517  0.999999  1.000000  0.000088  -0.000003  -0.000088  1.000000  0.000019  0.000003  -0.000019  1.000000  1.000000  0.000686  -0.000033  -0.000686  1.000000  0.000161  0.000033  -0.000161  1.000000  0.000059  0.007193  
113.247045 0.007960  0.094284  -0.002281  0.992321  0.122582  0.016500  -0.123409  0.990184  0.065613  -0.008295  -0.067146  0.997709  0.001605  -0.000426  -0.000050  0.054588  0.008111  0.284743  2.000000  0.999999  0.001176  -0.000038  -0.001176  0.999999  0.000264  0.000038  -0.000264  1.000000  0.999966  0.008252  0.000019  -0.008252  0.999964  0.001749  -0.000004  -0.001749  0.999998  1.000000  0.000103  0.000000  -0.000103  1.000000  0.000022  -0.000000  -0.000022  1.000000  0.999999  0.001176  -0.000038  -0.001176  0.999999  0.000264  0.000038  -0.000264  1.000000  0.000069  0.008435  
113.248321 0.007964  0.094285  -0.002279  0.992168  0.123803  0.016596  -0.124634  0.990024  0.065713  -0.008295  -0.067267  0.997701  0.001881  -0.000373  0.000133  0.058272  0.000854  0.325566  2.000000  0.999998  0.001743  -0.000033  -0.001743  0.999998  0.000378  0.000034  -0.000378  1.000000  0.999955  0.009484  0.000103  -0.009484  0.999953  0.001859  -0.000085  -0.001860  0.999998  1.000000  0.000119  0.000001  -0.000119  1.000000  0.000023  -0.000001  -0.000023  1.000000  0.999998  0.001743  -0.000033  -0.001743  0.999998  0.000378  0.000034  -0.000378  1.000000  0.000079  0.009665  
113.249543 0.007968  0.094286  -0.002277  0.992014  0.125030  0.016575  -0.125860  0.989853  0.065949  -0.008162  -0.067509  0.997685  0.002209  -0.000297  0.000304  0.066143  0.002541  0.367573  2.000000  0.999997  0.002266  -0.000025  -0.002266  0.999997  0.000476  0.000026  -0.000476  1.000000  0.999940  0.010922  0.000202  -0.010922  0.999938  0.002089  -0.000179  -0.002091  0.999998  1.000000  0.000137  0.000002  -0.000137  1.000000  0.000026  -0.000002  -0.000026  1.000000  0.999997  0.002266  -0.000025  -0.002266  0.999997  0.000476  0.000026  -0.000476  1.000000  0.000092  0.011122  
113.250789 0.007973  0.094287  -0.002275  0.991833  0.126462  0.016569  -0.127290  0.989655  0.066182  -0.008028  -0.067751  0.997670  0.002450  -0.000250  0.000455  0.073924  0.003758  0.416284  2.000000  0.999995  0.003000  -0.000014  -0.003000  0.999995  0.000611  0.000016  -0.000611  1.000000  0.999923  0.012368  0.000167  -0.012369  0.999921  0.002200  -0.000140  -0.002202  0.999998  1.000000  0.000155  0.000002  -0.000155  1.000000  0.000028  -0.000002  -0.000028  1.000000  0.999995  0.003000  -0.000014  -0.003000  0.999995  0.000611  0.000016  -0.000611  1.000000  0.000104  0.012564  
113.251789 0.007976  0.094287  -0.002274  0.991729  0.127284  0.016506  -0.128107  0.989541  0.066306  -0.007894  -0.067872  0.997663  0.002539  -0.000236  0.000511  0.077744  0.005914  0.451142  2.000000  0.999993  0.003645  -0.000006  -0.003645  0.999993  0.000729  0.000009  -0.000729  1.000000  0.999913  0.013199  0.000093  -0.013199  0.999910  0.002437  -0.000060  -0.002438  0.999997  1.000000  0.000165  0.000001  -0.000165  1.000000  0.000030  -0.000001  -0.000030  1.000000  0.999993  0.003645  -0.000006  -0.003645  0.999993  0.000729  0.000009  -0.000729  1.000000  0.000113  0.013423  
113.253040 0.007980  0.094285  -0.002273  0.991571  0.128511  0.016487  -0.129332  0.989366  0.066543  -0.007760  -0.068114  0.997647  0.002711  -0.000267  0.000661  0.084878  0.007511  0.488821  2.000000  0.999990  0.004519  -0.000001  -0.004519  0.999989  0.000888  0.000005  -0.000888  1.000000  0.999896  0.014440  0.000046  -0.014440  0.999892  0.002671  -0.000008  -0.002671  0.999996  1.000000  0.000181  0.000000  -0.000181  1.000000  0.000033  -0.000000  -0.000033  1.000000  0.999990  0.004519  -0.000001  -0.004519  0.999989  0.000888  0.000005  -0.000888  1.000000  0.000124  0.014686  
113.254289 0.007983  0.094282  -0.002272  0.991412  0.129736  0.016484  -0.130556  0.989181  0.066900  -0.007626  -0.068477  0.997624  0.002805  -0.000306  0.000747  0.101604  0.004735  0.534251  2.000000  0.999985  0.005470  0.000003  -0.005470  0.999984  0.001064  0.000002  -0.001064  0.999999  0.999877  0.015682  0.000001  -0.015682  0.999873  0.002905  0.000045  -0.002904  0.999996  1.000000  0.000196  -0.000000  -0.000196  1.000000  0.000036  0.000000  -0.000036  1.000000  0.999985  0.005470  0.000003  -0.005470  0.999984  0.001064  0.000002  -0.001064  0.999999  0.000134  0.015949  
113.255302 0.007987  0.094279  -0.002272  0.991277  0.130750  0.016585  -0.131577  0.989031  0.067123  -0.007626  -0.068719  0.997607  0.002893  -0.000434  0.000815  0.109433  0.002351  0.568563  2.000000  0.999980  0.006287  0.000006  -0.006287  0.999979  0.001218  0.000002  -0.001218  0.999999  0.999860  0.016708  0.000075  -0.016709  0.999855  0.003138  -0.000022  -0.003139  0.999995  1.000000  0.000209  0.000001  -0.000209  1.000000  0.000039  -0.000001  -0.000039  1.000000  0.999980  0.006287  0.000006  -0.006287  0.999979  0.001218  0.000002  -0.001218  0.999999  0.000143  0.017002  
113.256311 0.007991  0.094275  -0.002272  0.991141  0.131764  0.016686  -0.132597  0.988879  0.067345  -0.007626  -0.068961  0.997590  0.003014  -0.000645  0.000767  0.117240  -0.000040  0.602770  2.000000  0.999976  0.006935  0.000010  -0.006935  0.999975  0.001340  -0.000000  -0.001340  0.999999  0.999846  0.017530  0.000138  -0.017530  0.999841  0.003374  -0.000079  -0.003375  0.999994  1.000000  0.000219  0.000001  -0.000219  1.000000  0.000042  -0.000001  -0.000042  1.000000  0.999976  0.006935  0.000010  -0.006935  0.999975  0.001340  -0.000000  -0.001340  0.999999  0.000151  0.017853  
113.257543 0.007995  0.094270  -0.002273  0.990976  0.132979  0.016817  -0.133821  0.988691  0.067684  -0.007626  -0.069324  0.997565  0.003134  -0.000915  0.000676  0.129197  -0.002944  0.644551  2.000000  0.999969  0.007829  0.000018  -0.007829  0.999968  0.001515  -0.000006  -0.001515  0.999999  0.999835  0.018146  0.000185  -0.018146  0.999829  0.003489  -0.000121  -0.003492  0.999994  1.000000  0.000227  0.000002  -0.000227  1.000000  0.000044  -0.000002  -0.000044  1.000000  0.999969  0.007829  0.000018  -0.007829  0.999968  0.001515  -0.000006  -0.001515  0.999999  0.000163  0.018480  
113.258545 0.007998  0.094265  -0.002274  0.990866  0.133789  0.016905  -0.134637  0.988565  0.067910  -0.007626  -0.069566  0.997548  0.003218  -0.001213  0.000562  0.137110  -0.004889  0.672106  2.000000  0.999962  0.008736  0.000027  -0.008736  0.999960  0.001697  -0.000012  -0.001697  0.999999  0.999835  0.018146  0.000189  -0.018146  0.999829  0.003611  -0.000123  -0.003613  0.999993  1.000000  0.000227  0.000002  -0.000227  1.000000  0.000045  -0.000002  -0.000045  1.000000  0.999962  0.008736  0.000027  -0.008736  0.999960  0.001697  -0.000012  -0.001697  0.999999  0.000170  0.018504  
113.259792 0.008002  0.094258  -0.002276  0.990727  0.134810  0.016892  -0.135657  0.988401  0.068271  -0.007493  -0.069929  0.997524  0.003246  -0.001697  0.000429  0.149158  -0.007351  0.706674  2.000000  0.999951  0.009895  0.000027  -0.009895  0.999949  0.001931  -0.000008  -0.001931  0.999998  0.999824  0.018780  -0.000028  -0.018780  0.999816  0.003850  0.000101  -0.003849  0.999993  1.000000  0.000235  -0.000001  -0.000235  1.000000  0.000048  0.000001  -0.000048  1.000000  0.999951  0.009895  0.000027  -0.009895  0.999949  0.001931  -0.000008  -0.001931  0.999998  0.000179  0.019172  
113.261039 0.008006  0.094251  -0.002278  0.990587  0.135823  0.016995  -0.136677  0.988245  0.068493  -0.007493  -0.070171  0.997507  0.003294  -0.002172  0.000266  0.157045  -0.009781  0.741257  2.000000  0.999939  0.011084  0.000027  -0.011084  0.999936  0.002175  -0.000003  -0.002175  0.999998  0.999816  0.019191  0.000007  -0.019191  0.999808  0.003968  0.000069  -0.003967  0.999992  1.000000  0.000240  -0.000000  -0.000240  1.000000  0.000050  0.000000  -0.000050  1.000000  0.999939  0.011084  0.000027  -0.011084  0.999936  0.002175  -0.000003  -0.002175  0.999998  0.000188  0.019598  
113.262041 0.008010  0.094245  -0.002280  0.990474  0.136633  0.017085  -0.137493  0.988116  0.068719  -0.007493  -0.070413  0.997490  0.003347  -0.002574  0.000100  0.164960  -0.011748  0.768807  2.000000  0.999927  0.012050  0.000037  -0.012050  0.999925  0.002372  -0.000008  -0.002372  0.999997  0.999812  0.019377  0.000293  -0.019378  0.999804  0.003966  -0.000216  -0.003971  0.999992  1.000000  0.000242  0.000003  -0.000242  1.000000  0.000050  -0.000003  -0.000050  1.000000  0.999927  0.012050  0.000037  -0.012050  0.999925  0.002372  -0.000008  -0.002372  0.999997  0.000195  0.019783  
113.263293 0.008015  0.094239  -0.002282  0.990362  0.137452  0.017043  -0.138309  0.987985  0.068963  -0.007359  -0.070655  0.997474  0.003418  -0.003103  -0.000220  0.172931  -0.009237  0.796674  2.000000  0.999912  0.013259  0.000061  -0.013259  0.999909  0.002621  -0.000026  -0.002622  0.999997  0.999816  0.019163  0.000417  -0.019164  0.999808  0.003970  -0.000341  -0.003977  0.999992  1.000000  0.000240  0.000005  -0.000240  1.000000  0.000050  -0.000005  -0.000050  1.000000  0.999912  0.013259  0.000061  -0.013259  0.999909  0.002621  -0.000026  -0.002622  0.999997  0.000202  0.019576  
113.264539 0.008020  0.094232  -0.002284  0.990248  0.138259  0.017150  -0.139124  0.987847  0.069308  -0.007359  -0.071018  0.997448  0.003420  -0.003642  -0.000495  0.183467  -0.011179  0.817737  2.000000  0.999896  0.014456  0.000092  -0.014456  0.999891  0.002874  -0.000050  -0.002875  0.999996  0.999816  0.019153  0.000555  -0.019155  0.999808  0.004091  -0.000477  -0.004101  0.999991  1.000000  0.000239  0.000006  -0.000239  1.000000  0.000051  -0.000006  -0.000051  1.000000  0.999896  0.014456  0.000092  -0.014456  0.999891  0.002874  -0.000050  -0.002875  0.999996  0.000210  0.019595  
113.265790 0.008024  0.094225  -0.002286  0.990132  0.139061  0.017356  -0.139939  0.987725  0.069395  -0.007493  -0.071139  0.997438  0.003389  -0.004202  -0.000735  0.184885  -0.016331  0.831151  2.000000  0.999881  0.015403  0.000122  -0.015404  0.999877  0.003080  -0.000074  -0.003081  0.999995  0.999824  0.018733  0.000664  -0.018735  0.999816  0.004093  -0.000587  -0.004104  0.999991  1.000000  0.000234  0.000008  -0.000234  1.000000  0.000051  -0.000008  -0.000051  1.000000  0.999881  0.015403  0.000122  -0.015404  0.999877  0.003080  -0.000074  -0.003081  0.999995  0.000213  0.019188  
113.267044 0.008028  0.094218  -0.002288  0.990045  0.139667  0.017433  -0.140551  0.987622  0.069624  -0.007493  -0.071381  0.997421  0.003416  -0.004617  -0.000970  0.189003  -0.016008  0.824178  2.000000  0.999863  0.016556  0.000164  -0.016556  0.999857  0.003340  -0.000108  -0.003342  0.999994  0.999836  0.018117  0.000625  -0.018119  0.999827  0.004219  -0.000548  -0.004230  0.999991  1.000000  0.000226  0.000007  -0.000226  1.000000  0.000053  -0.000007  -0.000053  1.000000  0.999863  0.016556  0.000164  -0.016556  0.999857  0.003340  -0.000108  -0.003342  0.999994  0.000212  0.018614  
113.268289 0.008032  0.094210  -0.002290  0.989958  0.140274  0.017493  -0.141162  0.987527  0.069733  -0.007493  -0.071502  0.997412  0.003414  -0.004945  -0.001120  0.183531  -0.012062  0.825612  2.000000  0.999844  0.017673  0.000195  -0.017674  0.999837  0.003603  -0.000132  -0.003606  0.999993  0.999847  0.017510  0.000449  -0.017512  0.999838  0.004225  -0.000375  -0.004232  0.999991  1.000000  0.000219  0.000005  -0.000219  1.000000  0.000053  -0.000005  -0.000053  1.000000  0.999844  0.017673  0.000195  -0.017674  0.999837  0.003603  -0.000132  -0.003606  0.999993  0.000210  0.018020  
113.269539 0.008035  0.094202  -0.002292  0.989871  0.140880  0.017570  -0.141774  0.987424  0.069962  -0.007493  -0.071744  0.997395  0.003360  -0.005305  -0.001338  0.187359  -0.012198  0.824638  2.000000  0.999824  0.018750  0.000225  -0.018750  0.999817  0.003866  -0.000152  -0.003869  0.999993  0.999861  0.016689  0.000395  -0.016690  0.999852  0.004232  -0.000324  -0.004238  0.999991  1.000000  0.000209  0.000004  -0.000209  1.000000  0.000053  -0.000004  -0.000053  1.000000  0.999824  0.018750  0.000225  -0.018750  0.999817  0.003866  -0.000152  -0.003869  0.999993  0.000212  0.017223  
113.270541 0.008036  0.094194  -0.002293  0.989812  0.141284  0.017616  -0.142181  0.987357  0.070074  -0.007493  -0.071865  0.997386  0.003252  -0.005621  -0.001469  0.183394  -0.016800  0.824433  2.000000  0.999809  0.019561  0.000249  -0.019562  0.999800  0.004076  -0.000169  -0.004080  0.999992  0.999874  0.015858  0.000471  -0.015860  0.999865  0.004239  -0.000404  -0.004246  0.999991  1.000000  0.000198  0.000005  -0.000198  1.000000  0.000053  -0.000005  -0.000053  1.000000  0.999809  0.019561  0.000249  -0.019562  0.999800  0.004076  -0.000169  -0.004080  0.999992  0.000212  0.016423  
113.271546 0.008038  0.094187  -0.002295  0.989783  0.141486  0.017647  -0.142385  0.987320  0.070190  -0.007493  -0.071986  0.997377  0.003102  -0.005893  -0.001554  0.181103  -0.024626  0.809882  2.000000  0.999793  0.020335  0.000277  -0.020336  0.999784  0.004283  -0.000190  -0.004288  0.999991  0.999884  0.015232  0.000562  -0.015235  0.999875  0.004123  -0.000499  -0.004131  0.999991  1.000000  0.000190  0.000007  -0.000190  1.000000  0.000052  -0.000007  -0.000052  1.000000  0.999793  0.020335  0.000277  -0.020336  0.999784  0.004283  -0.000190  -0.004288  0.999991  0.000210  0.015792  
113.272788 0.008040  0.094177  -0.002297  0.989724  0.141888  0.017711  -0.142792  0.987244  0.070423  -0.007493  -0.072228  0.997360  0.002955  -0.006142  -0.001646  0.183834  -0.028069  0.789277  2.000000  0.999778  0.021079  0.000310  -0.021080  0.999768  0.004492  -0.000215  -0.004497  0.999990  0.999893  0.014607  0.000655  -0.014609  0.999884  0.004249  -0.000592  -0.004259  0.999991  1.000000  0.000183  0.000008  -0.000183  1.000000  0.000053  -0.000008  -0.000053  1.000000  0.999778  0.021079  0.000310  -0.021080  0.999768  0.004492  -0.000215  -0.004497  0.999990  0.000203  0.015228  
113.273788 0.008041  0.094169  -0.002300  0.989695  0.142089  0.017742  -0.142996  0.987206  0.070539  -0.007493  -0.072349  0.997351  0.002822  -0.006336  -0.001731  0.184028  -0.031180  0.768338  2.000000  0.999766  0.021611  0.000337  -0.021612  0.999756  0.004648  -0.000237  -0.004654  0.999989  0.999902  0.013981  0.000745  -0.013984  0.999893  0.004255  -0.000686  -0.004265  0.999991  1.000000  0.000175  0.000009  -0.000175  1.000000  0.000053  -0.000009  -0.000053  1.000000  0.999766  0.021611  0.000337  -0.021612  0.999756  0.004648  -0.000237  -0.004654  0.999989  0.000198  0.014635  
113.274789 0.008043  0.094161  -0.002302  0.989665  0.142290  0.017774  -0.143200  0.987169  0.070655  -0.007493  -0.072470  0.997342  0.002734  -0.006464  -0.001739  0.180189  -0.029404  0.740903  2.000000  0.999751  0.022292  0.000376  -0.022293  0.999740  0.004854  -0.000268  -0.004861  0.999988  0.999910  0.013365  0.000702  -0.013368  0.999902  0.004139  -0.000647  -0.004148  0.999991  1.000000  0.000167  0.000008  -0.000167  1.000000  0.000052  -0.000008  -0.000052  1.000000  0.999751  0.022292  0.000376  -0.022293  0.999740  0.004854  -0.000268  -0.004861  0.999988  0.000193  0.014011  
113.276043 0.008044  0.094151  -0.002305  0.989636  0.142489  0.017823  -0.143404  0.987122  0.070891  -0.007493  -0.072712  0.997325  0.002515  -0.006659  -0.001795  0.184497  -0.027141  0.706653  2.000000  0.999733  0.023090  0.000428  -0.023092  0.999720  0.005105  -0.000310  -0.005113  0.999987  0.999924  0.012329  0.000763  -0.012332  0.999916  0.003905  -0.000714  -0.003914  0.999992  1.000000  0.000154  0.000009  -0.000154  1.000000  0.000049  -0.000009  -0.000049  1.000000  0.999733  0.023090  0.000428  -0.023092  0.999720  0.005105  -0.000310  -0.005113  0.999987  0.000184  0.012957  
113.277294 0.008046  0.094141  -0.002309  0.989606  0.142690  0.017855  -0.143607  0.987084  0.071007  -0.007493  -0.072833  0.997316  0.002323  -0.006852  -0.001937  0.182251  -0.020104  0.671481  2.000000  0.999716  0.023817  0.000477  -0.023819  0.999702  0.005345  -0.000350  -0.005355  0.999986  0.999938  0.011097  0.000676  -0.011099  0.999931  0.003794  -0.000634  -0.003801  0.999993  1.000000  0.000139  0.000008  -0.000139  1.000000  0.000047  -0.000008  -0.000047  1.000000  0.999716  0.023817  0.000477  -0.023819  0.999702  0.005345  -0.000350  -0.005355  0.999986  0.000176  0.011748  
113.278543 0.008047  0.094131  -0.002315  0.989576  0.142881  0.018019  -0.143811  0.987047  0.071104  -0.007626  -0.072954  0.997306  0.002066  -0.007114  -0.002162  0.182475  -0.022243  0.636624  2.000000  0.999701  0.024454  0.000523  -0.024456  0.999685  0.005570  -0.000387  -0.005581  0.999984  0.999951  0.009855  0.000721  -0.009858  0.999945  0.003560  -0.000685  -0.003567  0.999993  1.000000  0.000123  0.000009  -0.000123  1.000000  0.000045  -0.000009  -0.000045  1.000000  0.999701  0.024454  0.000523  -0.024456  0.999685  0.005570  -0.000387  -0.005581  0.999984  0.000168  0.010504  
113.279794 0.008048  0.094120  -0.002322  0.989546  0.143082  0.018051  -0.144015  0.987009  0.071220  -0.007626  -0.073075  0.997297  0.001818  -0.007404  -0.002505  0.178735  -0.023919  0.594772  2.000000  0.999686  0.025033  0.000572  -0.025036  0.999670  0.005784  -0.000427  -0.005797  0.999983  0.999959  0.009024  0.000795  -0.009027  0.999954  0.003324  -0.000765  -0.003331  0.999994  1.000000  0.000113  0.000010  -0.000113  1.000000  0.000042  -0.000010  -0.000042  1.000000  0.999686  0.025033  0.000572  -0.025036  0.999670  0.005784  -0.000427  -0.005797  0.999983  0.000160  0.009651  
113.281041 0.008049  0.094110  -0.002327  0.989546  0.143080  0.018069  -0.144015  0.987001  0.071339  -0.007626  -0.073196  0.997288  0.001592  -0.007620  -0.002757  0.177630  -0.025832  0.555519  2.000000  0.999676  0.025459  0.000613  -0.025462  0.999658  0.005947  -0.000461  -0.005960  0.999982  0.999966  0.008203  0.000736  -0.008205  0.999961  0.003210  -0.000710  -0.003216  0.999995  1.000000  0.000103  0.000009  -0.000103  1.000000  0.000040  -0.000009  -0.000040  1.000000  0.999676  0.025459  0.000613  -0.025462  0.999658  0.005947  -0.000461  -0.005960  0.999982  0.000148  0.008840  
113.282289 0.008050  0.094102  -0.002333  0.989516  0.143281  0.018101  -0.144218  0.986963  0.071455  -0.007626  -0.073317  0.997280  0.001431  -0.007659  -0.002985  0.173854  -0.027953  0.520860  2.000000  0.999663  0.025943  0.000661  -0.025946  0.999644  0.006139  -0.000502  -0.006154  0.999981  0.999973  0.007381  0.000677  -0.007383  0.999968  0.002974  -0.000655  -0.002979  0.999995  1.000000  0.000092  0.000008  -0.000092  1.000000  0.000037  -0.000008  -0.000037  1.000000  0.999663  0.025943  0.000661  -0.025946  0.999644  0.006139  -0.000502  -0.006154  0.999981  0.000139  0.007988  
113.283537 0.008051  0.094093  -0.002339  0.989487  0.143482  0.018133  -0.144422  0.986924  0.071571  -0.007626  -0.073438  0.997271  0.001227  -0.007693  -0.003245  0.170117  -0.030067  0.486334  2.000000  0.999652  0.026366  0.000705  -0.026369  0.999632  0.006321  -0.000538  -0.006338  0.999980  0.999980  0.006355  0.000602  -0.006356  0.999976  0.002861  -0.000584  -0.002865  0.999996  1.000000  0.000079  0.000007  -0.000079  1.000000  0.000036  -0.000007  -0.000036  1.000000  0.999652  0.026366  0.000705  -0.026369  0.999632  0.006321  -0.000538  -0.006338  0.999980  0.000129  0.006996  
113.284540 0.008051  0.094087  -0.002344  0.989487  0.143480  0.018150  -0.144422  0.986916  0.071691  -0.007626  -0.073559  0.997262  0.001123  -0.007664  -0.003476  0.163729  -0.031971  0.448641  2.000000  0.999644  0.026675  0.000744  -0.026679  0.999623  0.006459  -0.000572  -0.006476  0.999979  0.999982  0.005934  0.000706  -0.005936  0.999979  0.002743  -0.000690  -0.002747  0.999996  1.000000  0.000074  0.000009  -0.000074  1.000000  0.000034  -0.000009  -0.000034  1.000000  0.999644  0.026675  0.000744  -0.026679  0.999623  0.006459  -0.000572  -0.006476  0.999979  0.000122  0.006576  
113.285544 0.008051  0.094080  -0.002348  0.989486  0.143470  0.018282  -0.144422  0.986917  0.071672  -0.007760  -0.073559  0.997261  0.000954  -0.007611  -0.003674  0.155841  -0.034054  0.413886  2.000000  0.999637  0.026948  0.000784  -0.026953  0.999615  0.006589  -0.000606  -0.006608  0.999978  0.999986  0.005308  0.000794  -0.005310  0.999983  0.002505  -0.000781  -0.002509  0.999997  1.000000  0.000066  0.000010  -0.000066  1.000000  0.000031  -0.000010  -0.000031  1.000000  0.999637  0.026948  0.000784  -0.026953  0.999615  0.006589  -0.000606  -0.006608  0.999978  0.000115  0.005924  
113.286789 0.008051  0.094072  -0.002354  0.989456  0.143671  0.018314  -0.144626  0.986879  0.071788  -0.007760  -0.073680  0.997252  0.000791  -0.007544  -0.003920  0.150741  -0.031892  0.383126  2.000000  0.999637  0.026948  0.000784  -0.026953  0.999615  0.006589  -0.000606  -0.006608  0.999978  0.999990  0.004497  0.000600  -0.004498  0.999987  0.002390  -0.000590  -0.002393  0.999997  1.000000  0.000000  0.000000  0.000000  1.000000  0.000000  0.000000  0.000000  1.000000  0.999637  0.026948  0.000784  -0.026953  0.999615  0.006589  -0.000606  -0.006608  0.999978  0.000103  0.000000  
113.287790 0.008050  0.094066  -0.002358  0.989456  0.143669  0.018332  -0.144626  0.986870  0.071907  -0.007760  -0.073800  0.997243  0.000673  -0.007384  -0.004064  0.146866  -0.029988  0.355630  2.000000  0.999637  0.026948  0.000784  -0.026953  0.999615  0.006589  -0.000606  -0.006608  0.999978  0.999991  0.004086  0.000570  -0.004088  0.999989  0.002272  -0.000561  -0.002274  0.999997  1.000000  0.000000  0.000000  0.000000  1.000000  0.000000  0.000000  0.000000  1.000000  0.999637  0.026948  0.000784  -0.026953  0.999615  0.006589  -0.000606  -0.006608  0.999978  0.000098  0.000000  
113.288791 0.008051  0.094061  -0.002361  0.989425  0.143862  0.018479  -0.144829  0.986842  0.071884  -0.007894  -0.073800  0.997242  0.000623  -0.007179  -0.004119  0.138932  -0.033008  0.334813  2.000000  0.999637  0.026948  0.000784  -0.026953  0.999615  0.006589  -0.000606  -0.006608  0.999978  0.999992  0.003871  0.000689  -0.003873  0.999990  0.002273  -0.000680  -0.002276  0.999997  1.000000  0.000000  0.000000  0.000000  1.000000  0.000000  0.000000  0.000000  1.000000  0.999637  0.026948  0.000784  -0.026953  0.999615  0.006589  -0.000606  -0.006608  0.999978  0.000092  0.000000  
113.289794 0.008051  0.094057  -0.002365  0.989425  0.143862  0.018479  -0.144829  0.986842  0.071884  -0.007894  -0.073800  0.997242  0.000537  -0.006937  -0.004232  0.128131  -0.035340  0.302725  2.000000  0.999637  0.026948  0.000784  -0.026953  0.999615  0.006589  -0.000606  -0.006608  0.999978  0.999994  0.003255  0.000643  -0.003257  0.999992  0.002157  -0.000636  -0.002159  0.999997  1.000000  0.000000  0.000000  0.000000  1.000000  0.000000  0.000000  0.000000  1.000000  0.999637  0.026948  0.000784  -0.026953  0.999615  0.006589  -0.000606  -0.006608  0.999978  0.000086  0.000000  
113.291048 0.008051  0.094051  -0.002368  0.989426  0.143870  0.018364  -0.144829  0.986832  0.072023  -0.007760  -0.073921  0.997234  0.000432  -0.006622  -0.004227  0.120248  -0.028430  0.268502  2.000000  0.999637  0.026948  0.000784  -0.026953  0.999615  0.006589  -0.000606  -0.006608  0.999978  0.999996  0.002845  0.000613  -0.002846  0.999994  0.002039  -0.000608  -0.002041  0.999998  1.000000  0.000000  0.000000  0.000000  1.000000  0.000000  0.000000  0.000000  1.000000  0.999637  0.026948  0.000784  -0.026953  0.999615  0.006589  -0.000606  -0.006608  0.999978  0.000077  0.000000  
113.292293 0.008052  0.094046  -0.002373  0.989426  0.143870  0.018364  -0.144829  0.986832  0.072023  -0.007760  -0.073921  0.997234  0.000371  -0.006323  -0.004279  0.111381  -0.026245  0.238911  2.000000  0.999637  0.026948  0.000784  -0.026953  0.999615  0.006589  -0.000606  -0.006608  0.999978  0.999997  0.002444  0.000449  -0.002445  0.999995  0.001921  -0.000445  -0.001922  0.999998  1.000000  0.000000  0.000000  0.000000  1.000000  0.000000  0.000000  0.000000  1.000000  0.999637  0.026948  0.000784  -0.026953  0.999615  0.006589  -0.000606  -0.006608  0.999978  0.000068  0.000000  
113.293544 0.008053  0.094042  -0.002379  0.989396  0.144071  0.018396  -0.145033  0.986793  0.072139  -0.007760  -0.074042  0.997225  0.000355  -0.005844  -0.004229  0.107514  -0.029248  0.218060  2.000000  0.999637  0.026948  0.000784  -0.026953  0.999615  0.006589  -0.000606  -0.006608  0.999978  0.999997  0.002239  0.000434  -0.002239  0.999996  0.001680  -0.000430  -0.001681  0.999998  1.000000  0.000000  0.000000  0.000000  1.000000  0.000000  0.000000  0.000000  1.000000  0.999637  0.026948  0.000784  -0.026953  0.999615  0.006589  -0.000606  -0.006608  0.999978  0.000063  0.000000  
113.294790 0.008053  0.094038  -0.002384  0.989366  0.144274  0.018411  -0.145237  0.986764  0.072135  -0.007760  -0.074042  0.997225  0.000372  -0.005470  -0.004184  0.100473  -0.027512  0.192281  2.000000  0.999637  0.026948  0.000784  -0.026953  0.999615  0.006589  -0.000606  -0.006608  0.999978  0.999998  0.001828  0.000404  -0.001829  0.999997  0.001562  -0.000401  -0.001563  0.999999  1.000000  0.000000  0.000000  0.000000  1.000000  0.000000  0.000000  0.000000  1.000000  0.999637  0.026948  0.000784  -0.026953  0.999615  0.006589  -0.000606  -0.006608  0.999978  0.000054  0.000000  
113.296042 0.008055  0.094034  -0.002390  0.989365  0.144264  0.018543  -0.145237  0.986765  0.072116  -0.007894  -0.074042  0.997224  0.000387  -0.005028  -0.004144  0.092433  -0.026022  0.171538  2.000000  0.999637  0.026948  0.000784  -0.026953  0.999615  0.006589  -0.000606  -0.006608  0.999978  0.999998  0.001818  0.000537  -0.001819  0.999997  0.001441  -0.000535  -0.001442  0.999999  1.000000  0.000000  0.000000  0.000000  1.000000  0.000000  0.000000  0.000000  1.000000  0.999637  0.026948  0.000784  -0.026953  0.999615  0.006589  -0.000606  -0.006608  0.999978  0.000051  0.000000  
113.297289 0.008057  0.094031  -0.002396  0.989336  0.144467  0.018558  -0.145440  0.986735  0.072112  -0.007894  -0.074042  0.997224  0.000477  -0.004666  -0.004170  0.000000  0.000000  0.000000  2.000000  0.999637  0.026948  0.000784  -0.026953  0.999615  0.006589  -0.000606  -0.006608  0.999978  0.999999  0.001613  0.000522  -0.001613  0.999998  0.001200  -0.000520  -0.001201  0.999999  1.000000  0.000000  0.000000  0.000000  1.000000  0.000000  0.000000  0.000000  1.000000  0.999637  0.026948  0.000784  -0.026953  0.999615  0.006589  -0.000606  -0.006608  0.999978  0.000000  0.000000  
113.298541 0.008060  0.094028  -0.002401  0.989334  0.144455  0.018708  -0.145440  0.986728  0.072213  -0.008028  -0.074163  0.997214  0.000606  -0.004300  -0.004163  0.000000  0.000000  0.000000  2.000000  0.999637  0.026948  0.000784  -0.026953  0.999615  0.006589  -0.000606  -0.006608  0.999978  0.999999  0.001613  0.000522  -0.001613  0.999998  0.001200  -0.000520  -0.001200  0.999999  1.000000  0.000000  0.000000  0.000000  1.000000  0.000000  0.000000  0.000000  1.000000  0.999637  0.026948  0.000784  -0.026953  0.999615  0.006589  -0.000606  -0.006608  0.999978  0.000000  0.000000  
113.299790 0.008062  0.094024  -0.002408  0.989334  0.144455  0.018708  -0.145440  0.986728  0.072213  -0.008028  -0.074163  0.997214  0.000767  -0.003989  -0.004170  0.000000  0.000000  0.000000  2.000000  0.999637  0.026948  0.000784  -0.026953  0.999615  0.006589  -0.000606  -0.006608  0.999978  0.999999  0.001613  0.000522  -0.001613  0.999998  0.001078  -0.000521  -0.001079  0.999999  1.000000  0.000000  0.000000  0.000000  1.000000  0.000000  0.000000  0.000000  1.000000  0.999637  0.026948  0.000784  -0.026953  0.999615  0.006589  -0.000606  -0.006608  0.999978  0.000000  0.000000  
113.300791 0.008064  0.094022  -0.002413  0.989305  0.144658  0.018722  -0.145644  0.986698  0.072209  -0.008028  -0.074163  0.997214  0.000933  -0.003736  -0.004253  0.000000  0.000000  0.000000  2.000000  0.999637  0.026948  0.000784  -0.026953  0.999615  0.006589  -0.000606  -0.006608  0.999978  0.999999  0.001613  0.000522  -0.001613  0.999998  0.000957  -0.000521  -0.000958  0.999999  1.000000  0.000000  0.000000  0.000000  1.000000  0.000000  0.000000  0.000000  1.000000  0.999637  0.026948  0.000784  -0.026953  0.999615  0.006589  -0.000606  -0.006608  0.999978  0.000000  0.000000  
113.302039 0.008068  0.094019  -0.002420  0.989305  0.144656  0.018740  -0.145644  0.986690  0.072328  -0.008028  -0.074284  0.997205  0.001130  -0.003464  -0.004355  0.000000  0.000000  0.000000  2.000000  0.999637  0.026948  0.000784  -0.026953  0.999615  0.006589  -0.000606  -0.006608  0.999978  0.999999  0.001407  0.000507  -0.001408  0.999999  0.000959  -0.000506  -0.000959  0.999999  1.000000  0.000000  0.000000  0.000000  1.000000  0.000000  0.000000  0.000000  1.000000  0.999637  0.026948  0.000784  -0.026953  0.999615  0.006589  -0.000606  -0.006608  0.999978  0.000000  0.000000  
113.303039 0.008070  0.094017  -0.002425  0.989273  0.144849  0.018887  -0.145847  0.986661  0.072305  -0.008162  -0.074284  0.997204  0.001332  -0.003212  -0.004405  0.000000  0.000000  0.000000  2.000000  0.999637  0.026948  0.000784  -0.026953  0.999615  0.006589  -0.000606  -0.006608  0.999978  0.999999  0.001397  0.000641  -0.001398  0.999999  0.000837  -0.000640  -0.000838  0.999999  1.000000  0.000000  0.000000  0.000000  1.000000  0.000000  0.000000  0.000000  1.000000  0.999637  0.026948  0.000784  -0.026953  0.999615  0.006589  -0.000606  -0.006608  0.999978  0.000000  0.000000  
113.304042 0.008074  0.094015  -0.002430  0.989273  0.144847  0.018904  -0.145847  0.986653  0.072425  -0.008162  -0.074405  0.997195  0.001509  -0.002970  -0.004523  0.000000  0.000000  0.000000  2.000000  0.999637  0.026948  0.000784  -0.026953  0.999615  0.006589  -0.000606  -0.006608  0.999978  0.999999  0.001397  0.000641  -0.001398  0.999999  0.000837  -0.000640  -0.000838  0.999999  1.000000  0.000000  0.000000  0.000000  1.000000  0.000000  0.000000  0.000000  1.000000  0.999637  0.026948  0.000784  -0.026953  0.999615  0.006589  -0.000606  -0.006608  0.999978  0.000000  0.000000  
113.305054 0.008077  0.094014  -0.002435  0.989273  0.144847  0.018904  -0.145847  0.986653  0.072425  -0.008162  -0.074405  0.997195  0.001747  -0.002786  -0.004634  0.000000  0.000000  0.000000  2.000000  0.999637  0.026948  0.000784  -0.026953  0.999615  0.006589  -0.000606  -0.006608  0.999978  0.999999  0.001397  0.000641  -0.001398  0.999999  0.000837  -0.000640  -0.000838  0.999999  1.000000  0.000000  0.000000  0.000000  1.000000  0.000000  0.000000  0.000000  1.000000  0.999637  0.026948  0.000784  -0.026953  0.999615  0.006589  -0.000606  -0.006608  0.999978  0.000000  0.000000  
113.306293 0.008081  0.094012  -0.002440  0.989272  0.144837  0.019036  -0.145847  0.986654  0.072405  -0.008295  -0.074405  0.997194  0.001988  -0.002576  -0.004681  0.000000  0.000000  0.000000  2.000000  0.999637  0.026948  0.000784  -0.026953  0.999615  0.006589  -0.000606  -0.006608  0.999978  0.999999  0.001397  0.000641  -0.001398  0.999999  0.000716  -0.000640  -0.000717  1.000000  1.000000  0.000000  0.000000  0.000000  1.000000  0.000000  0.000000  0.000000  1.000000  0.999637  0.026948  0.000784  -0.026953  0.999615  0.006589  -0.000606  -0.006608  0.999978  0.000000  0.000000  
113.307295 0.008085  0.094011  -0.002443  0.989272  0.144835  0.019054  -0.145847  0.986645  0.072525  -0.008295  -0.074526  0.997185  0.002263  -0.002343  -0.004642  0.000000  0.000000  0.000000  2.000000  0.999637  0.026948  0.000784  -0.026953  0.999615  0.006589  -0.000606  -0.006608  0.999978  0.999999  0.001192  0.000626  -0.001192  0.999999  0.000839  -0.000625  -0.000840  0.999999  1.000000  0.000000  0.000000  0.000000  1.000000  0.000000  0.000000  0.000000  1.000000  0.999637  0.026948  0.000784  -0.026953  0.999615  0.006589  -0.000606  -0.006608  0.999978  0.000000  0.000000  
113.308297 0.008089  0.094011  -0.002447  0.989272  0.144835  0.019054  -0.145847  0.986645  0.072525  -0.008295  -0.074526  0.997185  0.002458  -0.002128  -0.004603  0.000000  0.000000  0.000000  2.000000  0.999637  0.026948  0.000784  -0.026953  0.999615  0.006589  -0.000606  -0.006608  0.999978  0.999999  0.001192  0.000626  -0.001192  0.999999  0.000717  -0.000625  -0.000718  1.000000  1.000000  0.000000  0.000000  0.000000  1.000000  0.000000  0.000000  0.000000  1.000000  0.999637  0.026948  0.000784  -0.026953  0.999615  0.006589  -0.000606  -0.006608  0.999978  0.000000  0.000000  
