1-Time 2-Px 3-Py 4-Pz 5-R11 6-R21 7-R31 8-R12 9-R22 10-R32 11-R13 12-R23 13-R33 14-Vx 15-Vy 16-Vz 17-Wx 18-Wy 19-Wz 20-state 21-PR11 22-PR21 23-PR31 24-PR12 25-PR22 26-PR32 27-PR13 28-PR23 29-PR33 
44.159353 0.003954  0.094694  -0.005910  0.999020  0.044128  0.003572  -0.044248  0.997895  0.047419  -0.001472  -0.047530  0.998869  -0.000135  0.000066  0.000459  0.000000  0.000000  0.000000  2.000000  1.000000  0.000000  0.000000  0.000000  1.000000  0.000000  0.000000  0.000000  1.000000  1.000000  -0.000000  0.000000  -0.000000  1.000000  0.000000  0.000000  0.000000  1.000000  1.000000  0.000000  0.000000  0.000000  1.000000  0.000000  0.000000  0.000000  1.000000  0.748752  0.582879  -0.315630  -0.559110  0.811141  0.171601  0.356043  0.047985  0.933237  0.000000  0.000000  
44.160359 0.003954  0.094694  -0.005909  0.999010  0.044333  0.003582  -0.044453  0.997885  0.047418  -0.001472  -0.047530  0.998869  -0.000135  0.000066  0.000458  0.000000  0.000000  0.000000  2.000000  1.000000  0.000000  0.000000  0.000000  1.000000  0.000000  0.000000  0.000000  1.000000  1.000000  0.000206  0.000010  -0.000206  1.000000  -0.000000  -0.000010  0.000000  1.000000  1.000000  0.000000  0.000000  0.000000  1.000000  0.000000  0.000000  0.000000  1.000000  1.000000  0.000000  0.000000  0.000000  1.000000  0.000000  0.000000  0.000000  1.000000  0.000000  0.000000  
44.161610 0.003954  0.094692  -0.005911  0.999001  0.044538  0.003597  -0.044659  0.997871  0.047538  -0.001472  -0.047652  0.998863  -0.000128  -0.000046  0.000303  0.000000  0.000000  0.000000  2.000000  1.000000  0.000000  0.000000  0.000000  1.000000  0.000000  0.000000  0.000000  1.000000  1.000000  0.000411  0.000020  -0.000411  1.000000  0.000121  -0.000020  -0.000121  1.000000  1.000000  0.000000  0.000000  0.000000  1.000000  0.000000  0.000000  0.000000  1.000000  1.000000  0.000000  0.000000  0.000000  1.000000  0.000000  0.000000  0.000000  1.000000  0.000000  0.000000  
44.162620 0.003953  0.094690  -0.005913  0.998992  0.044743  0.003612  -0.044865  0.997856  0.047659  -0.001472  -0.047773  0.998857  -0.000160  -0.000163  0.000118  0.000000  0.000000  0.000000  2.000000  1.000000  0.000000  0.000000  0.000000  1.000000  0.000000  0.000000  0.000000  1.000000  1.000000  0.000617  0.000029  -0.000617  1.000000  0.000120  -0.000029  -0.000120  1.000000  1.000000  0.000000  0.000000  0.000000  1.000000  0.000000  0.000000  0.000000  1.000000  1.000000  0.000000  0.000000  0.000000  1.000000  0.000000  0.000000  0.000000  1.000000  0.000000  0.000000  
44.163860 0.003954  0.094688  -0.005916  0.998983  0.044948  0.003627  -0.045070  0.997841  0.047779  -0.001472  -0.047894  0.998851  -0.000110  -0.000321  -0.000084  0.000000  0.000000  0.000000  2.000000  1.000000  0.000000  0.000000  0.000000  1.000000  0.000000  0.000000  0.000000  1.000000  1.000000  0.000823  0.000039  -0.000823  1.000000  0.000363  -0.000039  -0.000363  1.000000  1.000000  0.000000  0.000000  0.000000  1.000000  0.000000  0.000000  0.000000  1.000000  1.000000  0.000000  0.000000  0.000000  1.000000  0.000000  0.000000  0.000000  1.000000  0.000000  0.000000  
44.164865 0.003954  0.094686  -0.005918  0.998973  0.045153  0.003643  -0.045276  0.997825  0.047899  -0.001472  -0.048015  0.998846  -0.000072  -0.000466  -0.000299  0.000000  0.000000  0.000000  2.000000  1.000000  0.000000  0.000000  0.000000  1.000000  0.000000  0.000000  0.000000  1.000000  1.000000  0.000823  0.000040  -0.000823  1.000000  0.000484  -0.000039  -0.000484  1.000000  1.000000  0.000000  0.000000  0.000000  1.000000  0.000000  0.000000  0.000000  1.000000  1.000000  0.000000  0.000000  0.000000  1.000000  0.000000  0.000000  0.000000  1.000000  0.000000  0.000000  
44.166114 0.003955  0.094683  -0.005921  0.998964  0.045358  0.003658  -0.045482  0.997810  0.048020  -0.001472  -0.048136  0.998840  -0.000003  -0.000654  -0.000526  0.000000  0.000000  0.000000  2.000000  1.000000  0.000000  0.000000  0.000000  1.000000  0.000000  0.000000  0.000000  1.000000  0.999999  0.001028  0.000050  -0.001028  0.999999  0.000605  -0.000049  -0.000605  1.000000  1.000000  0.000000  0.000000  0.000000  1.000000  0.000000  0.000000  0.000000  1.000000  1.000000  0.000000  0.000000  0.000000  1.000000  0.000000  0.000000  0.000000  1.000000  0.000000  0.000000  
44.167116 0.003956  0.094682  -0.005922  0.998955  0.045570  0.003540  -0.045687  0.997795  0.048146  -0.001338  -0.048257  0.998834  0.000080  -0.000756  -0.000623  0.000000  0.000000  0.000000  2.000000  1.000000  0.000000  0.000000  0.000000  1.000000  0.000000  0.000000  0.000000  1.000000  0.999999  0.001446  -0.000064  -0.001446  0.999999  0.000726  0.000065  -0.000726  1.000000  1.000000  0.000000  0.000000  0.000000  1.000000  0.000000  0.000000  0.000000  1.000000  1.000000  0.000000  0.000000  0.000000  1.000000  0.000000  0.000000  0.000000  1.000000  0.000000  0.000000  
44.168361 0.003957  0.094680  -0.005924  0.998936  0.045980  0.003565  -0.046099  0.997770  0.048266  -0.001338  -0.048379  0.998828  0.000167  -0.000913  -0.000796  0.000000  0.000000  0.000000  2.000000  1.000000  0.000000  0.000000  0.000000  1.000000  0.000000  0.000000  0.000000  1.000000  0.999998  0.001857  -0.000044  -0.001857  0.999998  0.000847  0.000046  -0.000846  1.000000  1.000000  0.000000  0.000000  0.000000  1.000000  0.000000  0.000000  0.000000  1.000000  1.000000  0.000000  0.000000  0.000000  1.000000  0.000000  0.000000  0.000000  1.000000  0.000000  0.000000  
44.169364 0.003958  0.094678  -0.005926  0.998917  0.046391  0.003591  -0.046510  0.997745  0.048385  -0.001338  -0.048500  0.998822  0.000233  -0.001047  -0.000947  0.000000  0.000000  0.000000  2.000000  1.000000  0.000000  0.000000  0.000000  1.000000  0.000000  0.000000  0.000000  1.000000  0.999998  0.002063  -0.000034  -0.002063  0.999997  0.000968  0.000036  -0.000967  1.000000  1.000000  0.000000  0.000000  0.000000  1.000000  0.000000  0.000000  0.000000  1.000000  1.000000  0.000000  0.000000  0.000000  1.000000  0.000000  0.000000  0.000000  1.000000  0.000000  0.000000  
44.170370 0.003959  0.094676  -0.005928  0.998907  0.046595  0.003606  -0.046716  0.997730  0.048505  -0.001338  -0.048621  0.998816  0.000293  -0.001160  -0.001080  0.000000  0.000000  0.000000  2.000000  1.000000  0.000000  0.000000  0.000000  1.000000  0.000000  0.000000  0.000000  1.000000  0.999997  0.002474  -0.000014  -0.002474  0.999996  0.000967  0.000016  -0.000967  1.000000  1.000000  0.000000  0.000000  0.000000  1.000000  0.000000  0.000000  0.000000  1.000000  1.000000  0.000000  0.000000  0.000000  1.000000  0.000000  0.000000  0.000000  1.000000  0.000000  0.000000  
44.171606 0.003960  0.094674  -0.005929  0.998888  0.047006  0.003626  -0.047127  0.997711  0.048504  -0.001338  -0.048621  0.998816  0.000423  -0.001330  -0.001240  0.000000  0.000000  0.000000  2.000000  1.000000  0.000000  0.000000  0.000000  1.000000  0.000000  0.000000  0.000000  1.000000  0.999996  0.002885  0.000006  -0.002885  0.999995  0.001088  -0.000003  -0.001088  0.999999  1.000000  0.000000  0.000000  0.000000  1.000000  0.000000  0.000000  0.000000  1.000000  1.000000  0.000000  0.000000  0.000000  1.000000  0.000000  0.000000  0.000000  1.000000  0.000000  0.000000  
44.172612 0.003961  0.094672  -0.005930  0.998869  0.047417  0.003652  -0.047538  0.997685  0.048623  -0.001338  -0.048742  0.998811  0.000505  -0.001431  -0.001336  0.000000  0.000000  0.000000  2.000000  1.000000  0.000000  0.000000  0.000000  1.000000  0.000000  0.000000  0.000000  1.000000  0.999995  0.003297  0.000027  -0.003297  0.999994  0.001087  -0.000023  -0.001087  0.999999  1.000000  0.000000  0.000000  0.000000  1.000000  0.000000  0.000000  0.000000  1.000000  1.000000  0.000000  0.000000  0.000000  1.000000  0.000000  0.000000  0.000000  1.000000  0.000000  0.000000  
44.173865 0.003964  0.094671  -0.005931  0.998849  0.047827  0.003672  -0.047950  0.997666  0.048622  -0.001338  -0.048742  0.998811  0.000652  -0.001533  -0.001469  0.000000  0.000000  0.000000  2.000000  1.000000  0.000000  0.000000  0.000000  1.000000  0.000000  0.000000  0.000000  1.000000  0.999993  0.003708  0.000047  -0.003708  0.999992  0.001208  -0.000042  -0.001208  0.999999  1.000000  0.000000  0.000000  0.000000  1.000000  0.000000  0.000000  0.000000  1.000000  1.000000  0.000000  0.000000  0.000000  1.000000  0.000000  0.000000  0.000000  1.000000  0.000000  0.000000  
44.175115 0.003965  0.094669  -0.005933  0.998829  0.048244  0.003564  -0.048361  0.997640  0.048748  -0.001204  -0.048863  0.998805  0.000777  -0.001686  -0.001614  0.000000  0.000000  0.000000  2.000000  1.000000  0.000000  0.000000  0.000000  1.000000  0.000000  0.000000  0.000000  1.000000  0.999991  0.004126  -0.000066  -0.004125  0.999991  0.001329  0.000072  -0.001329  0.999999  1.000000  0.000000  0.000000  0.000000  1.000000  0.000000  0.000000  0.000000  1.000000  1.000000  0.000000  0.000000  0.000000  1.000000  0.000000  0.000000  0.000000  1.000000  0.000000  0.000000  
44.176360 0.003967  0.094667  -0.005935  0.998799  0.048860  0.003600  -0.048978  0.997604  0.048867  -0.001204  -0.048984  0.998799  0.000887  -0.001705  -0.001613  0.000000  0.000000  0.000000  2.000000  1.000000  0.000000  0.000000  0.000000  1.000000  0.000000  0.000000  0.000000  1.000000  0.999990  0.004537  -0.000045  -0.004537  0.999989  0.001450  0.000052  -0.001449  0.999999  1.000000  0.000000  0.000000  0.000000  1.000000  0.000000  0.000000  0.000000  1.000000  1.000000  0.000000  0.000000  0.000000  1.000000  0.000000  0.000000  0.000000  1.000000  0.000000  0.000000  
44.177364 0.003968  0.094665  -0.005936  0.998789  0.049065  0.003616  -0.049183  0.997588  0.048987  -0.001204  -0.049105  0.998793  0.001023  -0.001715  -0.001548  0.000000  0.000000  0.000000  2.000000  1.000000  0.000000  0.000000  0.000000  1.000000  0.000000  0.000000  0.000000  1.000000  0.999988  0.004948  -0.000025  -0.004948  0.999987  0.001570  0.000032  -0.001570  0.999999  1.000000  0.000000  0.000000  0.000000  1.000000  0.000000  0.000000  0.000000  1.000000  1.000000  0.000000  0.000000  0.000000  1.000000  0.000000  0.000000  0.000000  1.000000  0.000000  0.000000  
44.178613 0.003969  0.094662  -0.005938  0.998769  0.049475  0.003643  -0.049595  0.997561  0.049106  -0.001204  -0.049227  0.998787  0.001077  -0.001754  -0.001498  0.056842  0.000280  0.180151  2.000000  1.000000  0.000131  0.000225  -0.000131  1.000000  0.000082  -0.000225  -0.000082  1.000000  0.999986  0.005359  -0.000004  -0.005359  0.999984  0.001691  0.000013  -0.001691  0.999999  1.000000  0.000034  0.000058  -0.000034  1.000000  0.000021  -0.000058  -0.000021  1.000000  1.000000  0.000131  0.000225  -0.000131  1.000000  0.000082  -0.000225  -0.000082  1.000000  0.000047  0.005620  
44.179622 0.003970  0.094659  -0.005939  0.998748  0.049885  0.003675  -0.050006  0.997529  0.049347  -0.001204  -0.049469  0.998775  0.001075  -0.001815  -0.001401  0.064932  -0.000413  0.193838  2.000000  1.000000  0.000267  0.000461  -0.000268  1.000000  0.000171  -0.000461  -0.000171  1.000000  0.999985  0.005565  0.000007  -0.005565  0.999983  0.001812  0.000003  -0.001812  0.999998  1.000000  0.000035  0.000060  -0.000035  1.000000  0.000023  -0.000060  -0.000023  1.000000  1.000000  0.000267  0.000461  -0.000268  1.000000  0.000171  -0.000461  -0.000171  1.000000  0.000049  0.005853  
44.180645 0.003971  0.094656  -0.005940  0.998738  0.050090  0.003691  -0.050211  0.997513  0.049467  -0.001204  -0.049590  0.998769  0.001105  -0.001883  -0.001377  0.068944  -0.000760  0.200591  2.000000  1.000000  0.000378  0.000654  -0.000378  1.000000  0.000244  -0.000654  -0.000245  1.000000  0.999982  0.005976  0.000029  -0.005976  0.999980  0.002054  -0.000016  -0.002054  0.999998  1.000000  0.000037  0.000065  -0.000037  1.000000  0.000026  -0.000065  -0.000026  1.000000  1.000000  0.000378  0.000654  -0.000378  1.000000  0.000244  -0.000654  -0.000245  1.000000  0.000053  0.006319  
44.181863 0.003972  0.094652  -0.005943  0.998717  0.050500  0.003724  -0.050623  0.997480  0.049708  -0.001204  -0.049832  0.998757  0.001085  -0.002032  -0.001408  0.077145  -0.001458  0.214607  2.000000  1.000000  0.000490  0.000851  -0.000490  1.000000  0.000324  -0.000850  -0.000325  1.000000  0.999981  0.006182  0.000040  -0.006182  0.999979  0.002175  -0.000026  -0.002175  0.999998  1.000000  0.000038  0.000067  -0.000038  1.000000  0.000027  -0.000067  -0.000027  1.000000  1.000000  0.000490  0.000851  -0.000490  1.000000  0.000324  -0.000850  -0.000325  1.000000  0.000056  0.006553  
44.182867 0.003972  0.094648  -0.005946  0.998696  0.050910  0.003757  -0.051034  0.997447  0.049948  -0.001204  -0.050075  0.998745  0.001066  -0.002138  -0.001495  0.085280  -0.002160  0.228433  2.000000  0.999999  0.000608  0.001059  -0.000609  1.000000  0.000409  -0.001059  -0.000410  0.999999  0.999978  0.006593  0.000062  -0.006593  0.999976  0.002296  -0.000047  -0.002296  0.999997  1.000000  0.000041  0.000072  -0.000041  1.000000  0.000029  -0.000072  -0.000029  1.000000  0.999999  0.000608  0.001059  -0.000609  1.000000  0.000409  -0.001059  -0.000410  0.999999  0.000061  0.006982  
44.184111 0.003972  0.094643  -0.005950  0.998675  0.051319  0.003790  -0.051445  0.997414  0.050189  -0.001204  -0.050317  0.998733  0.000973  -0.002373  -0.001625  0.093444  -0.002865  0.242331  2.000000  0.999999  0.000768  0.001341  -0.000769  1.000000  0.000534  -0.001341  -0.000535  0.999999  0.999980  0.006387  0.000053  -0.006387  0.999976  0.002539  -0.000037  -0.002539  0.999997  1.000000  0.000039  0.000069  -0.000039  1.000000  0.000032  -0.000069  -0.000032  1.000000  0.999999  0.000768  0.001341  -0.000769  1.000000  0.000534  -0.001341  -0.000535  0.999999  0.000063  0.006874  
44.185112 0.003972  0.094638  -0.005954  0.998664  0.051524  0.003812  -0.051651  0.997391  0.050430  -0.001204  -0.050559  0.998720  0.000915  -0.002561  -0.001778  0.100870  -0.003211  0.247481  2.000000  0.999998  0.000929  0.001626  -0.000930  0.999999  0.000665  -0.001625  -0.000667  0.999998  0.999980  0.006387  0.000055  -0.006387  0.999976  0.002660  -0.000038  -0.002660  0.999996  1.000000  0.000039  0.000069  -0.000039  1.000000  0.000033  -0.000069  -0.000033  1.000000  0.999998  0.000929  0.001626  -0.000930  0.999999  0.000665  -0.001625  -0.000667  0.999998  0.000065  0.006919  
44.186114 0.003972  0.094634  -0.005957  0.998654  0.051722  0.003963  -0.051856  0.997375  0.050543  -0.001338  -0.050680  0.998714  0.000843  -0.002743  -0.001895  0.105968  -0.008106  0.256730  2.000000  0.999998  0.001090  0.001917  -0.001091  0.999999  0.000800  -0.001916  -0.000802  0.999998  0.999977  0.006792  0.000211  -0.006792  0.999973  0.002780  -0.000192  -0.002781  0.999996  1.000000  0.000040  0.000075  -0.000040  1.000000  0.000035  -0.000075  -0.000035  1.000000  0.999998  0.001090  0.001917  -0.001091  0.999999  0.000800  -0.001916  -0.000802  0.999998  0.000069  0.007342  
44.187365 0.003973  0.094628  -0.005961  0.998643  0.051926  0.003986  -0.052062  0.997352  0.050784  -0.001338  -0.050923  0.998702  0.000780  -0.002954  -0.002102  0.113737  -0.008449  0.262738  2.000000  0.999997  0.001288  0.002286  -0.001290  0.999999  0.000970  -0.002285  -0.000973  0.999997  0.999977  0.006792  0.000212  -0.006792  0.999973  0.002780  -0.000193  -0.002781  0.999996  1.000000  0.000040  0.000075  -0.000040  1.000000  0.000035  -0.000075  -0.000035  1.000000  0.999997  0.001288  0.002286  -0.001290  0.999999  0.000970  -0.002285  -0.000973  0.999997  0.000072  0.007342  
44.188367 0.003973  0.094624  -0.005964  0.998632  0.052131  0.004002  -0.052267  0.997335  0.050904  -0.001338  -0.051044  0.998696  0.000623  -0.003196  -0.002225  0.117797  -0.008805  0.269633  2.000000  0.999996  0.001445  0.002585  -0.001448  0.999998  0.001110  -0.002583  -0.001114  0.999996  0.999978  0.006579  0.000336  -0.006580  0.999974  0.002780  -0.000318  -0.002782  0.999996  1.000000  0.000038  0.000073  -0.000038  1.000000  0.000035  -0.000073  -0.000035  1.000000  0.999996  0.001445  0.002585  -0.001448  0.999998  0.001110  -0.002583  -0.001114  0.999996  0.000074  0.007151  
44.189615 0.003972  0.094620  -0.005966  0.998611  0.052541  0.004036  -0.052679  0.997301  0.051145  -0.001338  -0.051286  0.998683  0.000498  -0.003327  -0.002263  0.125975  -0.009525  0.283553  2.000000  0.999994  0.001632  0.002952  -0.001636  0.999998  0.001286  -0.002949  -0.001291  0.999995  0.999980  0.006374  0.000327  -0.006374  0.999976  0.002780  -0.000309  -0.002782  0.999996  1.000000  0.000036  0.000071  -0.000036  1.000000  0.000035  -0.000071  -0.000035  1.000000  0.999994  0.001632  0.002952  -0.001636  0.999998  0.001286  -0.002949  -0.001291  0.999995  0.000076  0.006962  
44.190863 0.003972  0.094616  -0.005968  0.998611  0.052540  0.004042  -0.052679  0.997295  0.051265  -0.001338  -0.051407  0.998677  0.000368  -0.003477  -0.002256  0.125979  -0.009216  0.276630  2.000000  0.999993  0.001780  0.003240  -0.001784  0.999997  0.001431  -0.003238  -0.001437  0.999994  0.999980  0.006374  0.000328  -0.006374  0.999975  0.002902  -0.000310  -0.002904  0.999996  1.000000  0.000036  0.000071  -0.000036  1.000000  0.000036  -0.000071  -0.000036  1.000000  0.999993  0.001780  0.003240  -0.001784  0.999997  0.001431  -0.003238  -0.001437  0.999994  0.000076  0.007011  
44.192110 0.003972  0.094613  -0.005969  0.998600  0.052738  0.004193  -0.052884  0.997278  0.051379  -0.001472  -0.051528  0.998670  0.000264  -0.003540  -0.002192  0.130091  -0.013385  0.269587  2.000000  0.999992  0.001950  0.003590  -0.001956  0.999997  0.001613  -0.003586  -0.001620  0.999992  0.999981  0.006161  0.000452  -0.006162  0.999977  0.002901  -0.000434  -0.002904  0.999996  1.000000  0.000034  0.000069  -0.000034  1.000000  0.000036  -0.000069  -0.000036  1.000000  0.999992  0.001950  0.003590  -0.001956  0.999997  0.001613  -0.003586  -0.001620  0.999992  0.000075  0.006825  
44.193359 0.003971  0.094609  -0.005969  0.998589  0.052943  0.004210  -0.053090  0.997261  0.051499  -0.001472  -0.051649  0.998664  0.000104  -0.003585  -0.002095  0.129039  -0.013310  0.267406  2.000000  0.999990  0.002109  0.003919  -0.002116  0.999996  0.001797  -0.003915  -0.001805  0.999991  0.999983  0.005750  0.000431  -0.005751  0.999979  0.003023  -0.000414  -0.003026  0.999995  1.000000  0.000031  0.000065  -0.000031  1.000000  0.000038  -0.000065  -0.000038  1.000000  0.999990  0.002109  0.003919  -0.002116  0.999996  0.001797  -0.003915  -0.001805  0.999991  0.000074  0.006511  
44.194365 0.003969  0.094606  -0.005970  0.998589  0.052942  0.004216  -0.053090  0.997255  0.051620  -0.001472  -0.051771  0.998658  -0.000046  -0.003595  -0.002085  0.128989  -0.013337  0.267301  2.000000  0.999989  0.002231  0.004174  -0.002239  0.999996  0.001948  -0.004170  -0.001957  0.999989  0.999985  0.005544  0.000421  -0.005545  0.999980  0.003023  -0.000405  -0.003026  0.999995  1.000000  0.000030  0.000063  -0.000030  1.000000  0.000038  -0.000063  -0.000038  1.000000  0.999989  0.002231  0.004174  -0.002239  0.999996  0.001948  -0.004170  -0.001957  0.999989  0.000074  0.006330  
44.195612 0.003967  0.094602  -0.005971  0.998589  0.052942  0.004223  -0.053090  0.997248  0.051741  -0.001472  -0.051892  0.998652  -0.000290  -0.003632  -0.002058  0.125266  -0.013075  0.261090  2.000000  0.999987  0.002373  0.004472  -0.002383  0.999995  0.002139  -0.004467  -0.002150  0.999988  0.999987  0.005133  0.000401  -0.005134  0.999982  0.003145  -0.000385  -0.003147  0.999995  1.000000  0.000028  0.000058  -0.000028  1.000000  0.000039  -0.000058  -0.000039  1.000000  0.999987  0.002373  0.004472  -0.002383  0.999995  0.002139  -0.004467  -0.002150  0.999988  0.000073  0.006034  
44.196614 0.003964  0.094598  -0.005973  0.998589  0.052941  0.004229  -0.053090  0.997242  0.051862  -0.001472  -0.052013  0.998645  -0.000539  -0.003643  -0.002024  0.129032  -0.017169  0.253378  2.000000  0.999987  0.002373  0.004472  -0.002383  0.999995  0.002139  -0.004467  -0.002150  0.999988  0.999989  0.004715  0.000514  -0.004716  0.999984  0.003146  -0.000499  -0.003149  0.999995  1.000000  0.000000  0.000000  0.000000  1.000000  0.000000  0.000000  0.000000  1.000000  0.999987  0.002373  0.004472  -0.002383  0.999995  0.002139  -0.004467  -0.002150  0.999988  0.000072  0.000000  
44.197864 0.003961  0.094594  -0.005975  0.998589  0.052941  0.004235  -0.053090  0.997236  0.051983  -0.001472  -0.052134  0.998639  -0.000778  -0.003636  -0.001919  0.126066  -0.016317  0.234765  2.000000  0.999987  0.002373  0.004472  -0.002383  0.999995  0.002139  -0.004467  -0.002150  0.999988  0.999991  0.004098  0.000482  -0.004099  0.999987  0.003147  -0.000469  -0.003149  0.999995  1.000000  0.000000  0.000000  0.000000  1.000000  0.000000  0.000000  0.000000  1.000000  0.999987  0.002373  0.004472  -0.002383  0.999995  0.002139  -0.004467  -0.002150  0.999988  0.000068  0.000000  
44.198870 0.003957  0.094590  -0.005977  0.998589  0.052940  0.004242  -0.053090  0.997230  0.052103  -0.001472  -0.052255  0.998633  -0.000992  -0.003552  -0.001865  0.126028  -0.015990  0.227764  2.000000  0.999987  0.002373  0.004472  -0.002383  0.999995  0.002139  -0.004467  -0.002150  0.999988  0.999992  0.003892  0.000472  -0.003894  0.999987  0.003148  -0.000459  -0.003149  0.999995  1.000000  0.000000  0.000000  0.000000  1.000000  0.000000  0.000000  0.000000  1.000000  0.999987  0.002373  0.004472  -0.002383  0.999995  0.002139  -0.004467  -0.002150  0.999988  0.000066  0.000000  
44.200117 0.003953  0.094586  -0.005979  0.998589  0.052940  0.004248  -0.053090  0.997223  0.052224  -0.001472  -0.052376  0.998626  -0.001261  -0.003430  -0.001700  0.126104  -0.015326  0.214042  2.000000  0.999987  0.002373  0.004472  -0.002383  0.999995  0.002139  -0.004467  -0.002150  0.999988  0.999994  0.003481  0.000451  -0.003482  0.999989  0.003148  -0.000440  -0.003150  0.999995  1.000000  0.000000  0.000000  0.000000  1.000000  0.000000  0.000000  0.000000  1.000000  0.999987  0.002373  0.004472  -0.002383  0.999995  0.002139  -0.004467  -0.002150  0.999988  0.000064  0.000000  
44.201367 0.003949  0.094582  -0.005982  0.998589  0.052939  0.004261  -0.053090  0.997210  0.052466  -0.001472  -0.052619  0.998614  -0.001562  -0.003334  -0.001554  0.134215  -0.014645  0.200120  2.000000  0.999987  0.002373  0.004472  -0.002383  0.999995  0.002139  -0.004467  -0.002150  0.999988  0.999995  0.003070  0.000429  -0.003071  0.999991  0.003028  -0.000420  -0.003029  0.999995  1.000000  0.000000  0.000000  0.000000  1.000000  0.000000  0.000000  0.000000  1.000000  0.999987  0.002373  0.004472  -0.002383  0.999995  0.002139  -0.004467  -0.002150  0.999988  0.000059  0.000000  
44.202368 0.003946  0.094579  -0.005985  0.998589  0.052938  0.004268  -0.053090  0.997204  0.052587  -0.001472  -0.052740  0.998607  -0.001789  -0.003275  -0.001567  0.137609  -0.013885  0.185358  2.000000  0.999987  0.002373  0.004472  -0.002383  0.999995  0.002139  -0.004467  -0.002150  0.999988  0.999996  0.002658  0.000408  -0.002660  0.999992  0.003028  -0.000400  -0.003029  0.999995  1.000000  0.000000  0.000000  0.000000  1.000000  0.000000  0.000000  0.000000  1.000000  0.999987  0.002373  0.004472  -0.002383  0.999995  0.002139  -0.004467  -0.002150  0.999988  0.000058  0.000000  
44.203368 0.003942  0.094575  -0.005988  0.998589  0.052938  0.004274  -0.053090  0.997198  0.052708  -0.001472  -0.052861  0.998601  -0.002039  -0.003266  -0.001590  0.138345  -0.013277  0.172503  2.000000  0.999987  0.002373  0.004472  -0.002383  0.999995  0.002139  -0.004467  -0.002150  0.999988  0.999998  0.002042  0.000376  -0.002043  0.999994  0.002908  -0.000370  -0.002909  0.999996  1.000000  0.000000  0.000000  0.000000  1.000000  0.000000  0.000000  0.000000  1.000000  0.999987  0.002373  0.004472  -0.002383  0.999995  0.002139  -0.004467  -0.002150  0.999988  0.000056  0.000000  
44.204613 0.003937  0.094571  -0.005992  0.998599  0.052725  0.004403  -0.052884  0.997203  0.052823  -0.001606  -0.052982  0.998594  -0.002354  -0.003296  -0.001742  0.000000  0.000000  0.000000  2.000000  0.999987  0.002373  0.004472  -0.002383  0.999995  0.002139  -0.004467  -0.002150  0.999988  0.999999  0.001418  0.000477  -0.001419  0.999995  0.002666  -0.000473  -0.002667  0.999996  1.000000  0.000000  0.000000  0.000000  1.000000  0.000000  0.000000  0.000000  1.000000  0.999987  0.002373  0.004472  -0.002383  0.999995  0.002139  -0.004467  -0.002150  0.999988  0.000000  0.000000  
44.205860 0.003932  0.094566  -0.005997  0.998599  0.052724  0.004416  -0.052884  0.997190  0.053065  -0.001606  -0.053224  0.998581  -0.002668  -0.003334  -0.001943  0.000000  0.000000  0.000000  2.000000  0.999987  0.002373  0.004472  -0.002383  0.999995  0.002139  -0.004467  -0.002150  0.999988  0.999999  0.001212  0.000466  -0.001213  0.999996  0.002545  -0.000463  -0.002546  0.999997  1.000000  0.000000  0.000000  0.000000  1.000000  0.000000  0.000000  0.000000  1.000000  0.999987  0.002373  0.004472  -0.002383  0.999995  0.002139  -0.004467  -0.002150  0.999988  0.000000  0.000000  
44.207110 0.003927  0.094562  -0.006001  0.998599  0.052723  0.004422  -0.052884  0.997183  0.053186  -0.001606  -0.053345  0.998575  -0.003061  -0.003455  -0.002200  0.000000  0.000000  0.000000  2.000000  0.999987  0.002373  0.004472  -0.002383  0.999995  0.002139  -0.004467  -0.002150  0.999988  0.999999  0.001014  0.000322  -0.001014  0.999996  0.002546  -0.000320  -0.002546  0.999997  1.000000  0.000000  0.000000  0.000000  1.000000  0.000000  0.000000  0.000000  1.000000  0.999987  0.002373  0.004472  -0.002383  0.999995  0.002139  -0.004467  -0.002150  0.999988  0.000000  0.000000  
44.208359 0.003921  0.094557  -0.006006  0.998610  0.052518  0.004418  -0.052679  0.997188  0.053308  -0.001606  -0.053466  0.998568  -0.003279  -0.003466  -0.002454  0.000000  0.000000  0.000000  2.000000  0.999987  0.002373  0.004472  -0.002383  0.999995  0.002139  -0.004467  -0.002150  0.999988  1.000000  0.000602  0.000300  -0.000603  0.999997  0.002425  -0.000299  -0.002425  0.999997  1.000000  0.000000  0.000000  0.000000  1.000000  0.000000  0.000000  0.000000  1.000000  0.999987  0.002373  0.004472  -0.002383  0.999995  0.002139  -0.004467  -0.002150  0.999988  0.000000  0.000000  
44.209360 0.003917  0.094554  -0.006009  0.998610  0.052517  0.004424  -0.052679  0.997181  0.053429  -0.001606  -0.053588  0.998562  -0.003468  -0.003492  -0.002601  0.000000  0.000000  0.000000  2.000000  0.999987  0.002373  0.004472  -0.002383  0.999995  0.002139  -0.004467  -0.002150  0.999988  1.000000  0.000191  0.000278  -0.000192  0.999997  0.002304  -0.000278  -0.002304  0.999997  1.000000  0.000000  0.000000  0.000000  1.000000  0.000000  0.000000  0.000000  1.000000  0.999987  0.002373  0.004472  -0.002383  0.999995  0.002139  -0.004467  -0.002150  0.999988  0.000000  0.000000  
44.210364 0.003913  0.094550  -0.006012  0.998610  0.052517  0.004424  -0.052679  0.997181  0.053429  -0.001606  -0.053588  0.998562  -0.003664  -0.003497  -0.002762  0.000000  0.000000  0.000000  2.000000  0.999987  0.002373  0.004472  -0.002383  0.999995  0.002139  -0.004467  -0.002150  0.999988  1.000000  -0.000014  0.000267  0.000014  0.999997  0.002305  -0.000267  -0.002305  0.999997  1.000000  0.000000  0.000000  0.000000  1.000000  0.000000  0.000000  0.000000  1.000000  0.999987  0.002373  0.004472  -0.002383  0.999995  0.002139  -0.004467  -0.002150  0.999988  0.000000  0.000000  
44.211364 0.003908  0.094547  -0.006015  0.998610  0.052524  0.004297  -0.052679  0.997174  0.053557  -0.001472  -0.053709  0.998556  -0.003785  -0.003487  -0.002854  0.000000  0.000000  0.000000  2.000000  0.999987  0.002373  0.004472  -0.002383  0.999995  0.002139  -0.004467  -0.002150  0.999988  1.000000  0.000000  0.000000  -0.000000  0.999997  0.002305  -0.000000  -0.002305  0.999997  1.000000  0.000000  0.000000  0.000000  1.000000  0.000000  0.000000  0.000000  1.000000  0.999987  0.002373  0.004472  -0.002383  0.999995  0.002139  -0.004467  -0.002150  0.999988  0.000000  0.000000  
44.212616 0.003902  0.094543  -0.006018  0.998621  0.052318  0.004292  -0.052473  0.997179  0.053679  -0.001472  -0.053830  0.998549  -0.003969  -0.003462  -0.002965  0.000000  0.000000  0.000000  2.000000  0.999987  0.002373  0.004472  -0.002383  0.999995  0.002139  -0.004467  -0.002150  0.999988  1.000000  -0.000411  -0.000022  0.000411  0.999998  0.002184  0.000021  -0.002184  0.999998  1.000000  0.000000  0.000000  0.000000  1.000000  0.000000  0.000000  0.000000  1.000000  0.999987  0.002373  0.004472  -0.002383  0.999995  0.002139  -0.004467  -0.002150  0.999988  0.000000  0.000000  
44.213617 0.003898  0.094540  -0.006020  0.998621  0.052318  0.004292  -0.052473  0.997179  0.053679  -0.001472  -0.053830  0.998549  -0.004025  -0.003413  -0.002882  0.000000  0.000000  0.000000  2.000000  0.999987  0.002373  0.004472  -0.002383  0.999995  0.002139  -0.004467  -0.002150  0.999988  1.000000  -0.000617  -0.000033  0.000617  0.999997  0.002184  0.000032  -0.002184  0.999998  1.000000  0.000000  0.000000  0.000000  1.000000  0.000000  0.000000  0.000000  1.000000  0.999987  0.002373  0.004472  -0.002383  0.999995  0.002139  -0.004467  -0.002150  0.999988  0.000000  0.000000  
44.214881 0.003893  0.094537  -0.006022  0.998621  0.052317  0.004299  -0.052473  0.997172  0.053800  -0.001472  -0.053951  0.998543  -0.004095  -0.003339  -0.002906  0.000000  0.000000  0.000000  2.000000  0.999987  0.002373  0.004472  -0.002383  0.999995  0.002139  -0.004467  -0.002150  0.999988  1.000000  -0.000617  -0.000033  0.000617  0.999997  0.002184  0.000032  -0.002184  0.999998  1.000000  0.000000  0.000000  0.000000  1.000000  0.000000  0.000000  0.000000  1.000000  0.999987  0.002373  0.004472  -0.002383  0.999995  0.002139  -0.004467  -0.002150  0.999988  0.000000  0.000000  
44.216110 0.003888  0.094534  -0.006025  0.998632  0.052111  0.004294  -0.052267  0.997176  0.053921  -0.001472  -0.054072  0.998536  -0.004168  -0.003301  -0.002925  0.000000  0.000000  0.000000  2.000000  0.999987  0.002373  0.004472  -0.002383  0.999995  0.002139  -0.004467  -0.002150  0.999988  1.000000  -0.000822  -0.000045  0.000822  0.999997  0.002185  0.000043  -0.002185  0.999998  1.000000  0.000000  0.000000  0.000000  1.000000  0.000000  0.000000  0.000000  1.000000  0.999987  0.002373  0.004472  -0.002383  0.999995  0.002139  -0.004467  -0.002150  0.999988  0.000000  0.000000  
44.217111 0.003885  0.094532  -0.006027  0.998632  0.052111  0.004294  -0.052267  0.997176  0.053921  -0.001472  -0.054072  0.998536  -0.004166  -0.003225  -0.002891  0.000000  0.000000  0.000000  2.000000  0.999987  0.002373  0.004472  -0.002383  0.999995  0.002139  -0.004467  -0.002150  0.999988  1.000000  -0.000822  -0.000045  0.000822  0.999998  0.002063  0.000043  -0.002063  0.999998  1.000000  0.000000  0.000000  0.000000  1.000000  0.000000  0.000000  0.000000  1.000000  0.999987  0.002373  0.004472  -0.002383  0.999995  0.002139  -0.004467  -0.002150  0.999988  0.000000  0.000000  
44.218112 0.003881  0.094529  -0.006031  0.998632  0.052111  0.004300  -0.052267  0.997170  0.054042  -0.001472  -0.054193  0.998529  -0.004152  -0.003152  -0.002890  0.000000  0.000000  0.000000  2.000000  0.999987  0.002373  0.004472  -0.002383  0.999995  0.002139  -0.004467  -0.002150  0.999988  1.000000  -0.000822  -0.000045  0.000822  0.999998  0.002063  0.000043  -0.002063  0.999998  1.000000  0.000000  0.000000  0.000000  1.000000  0.000000  0.000000  0.000000  1.000000  0.999987  0.002373  0.004472  -0.002383  0.999995  0.002139  -0.004467  -0.002150  0.999988  0.000000  0.000000  
44.219368 0.003877  0.094525  -0.006035  0.998632  0.052110  0.004306  -0.052267  0.997163  0.054163  -0.001472  -0.054314  0.998523  -0.004071  -0.003077  -0.002925  0.000000  0.000000  0.000000  2.000000  0.999987  0.002373  0.004472  -0.002383  0.999995  0.002139  -0.004467  -0.002150  0.999988  1.000000  -0.000822  -0.000045  0.000822  0.999998  0.001942  0.000043  -0.001942  0.999998  1.000000  0.000000  0.000000  0.000000  1.000000  0.000000  0.000000  0.000000  1.000000  0.999987  0.002373  0.004472  -0.002383  0.999995  0.002139  -0.004467  -0.002150  0.999988  0.000000  0.000000  
44.220612 0.003873  0.094521  -0.006040  0.998632  0.052110  0.004313  -0.052267  0.997157  0.054284  -0.001472  -0.054435  0.998516  -0.003991  -0.003048  -0.002909  0.000000  0.000000  0.000000  2.000000  0.999987  0.002373  0.004472  -0.002383  0.999995  0.002139  -0.004467  -0.002150  0.999988  1.000000  -0.000822  -0.000045  0.000822  0.999998  0.001821  0.000043  -0.001821  0.999998  1.000000  0.000000  0.000000  0.000000  1.000000  0.000000  0.000000  0.000000  1.000000  0.999987  0.002373  0.004472  -0.002383  0.999995  0.002139  -0.004467  -0.002150  0.999988  0.000000  0.000000  
44.221614 0.003871  0.094518  -0.006044  0.998632  0.052110  0.004313  -0.052267  0.997157  0.054284  -0.001472  -0.054435  0.998516  -0.003884  -0.003023  -0.002960  0.000000  0.000000  0.000000  2.000000  0.999987  0.002373  0.004472  -0.002383  0.999995  0.002139  -0.004467  -0.002150  0.999988  1.000000  -0.000822  -0.000045  0.000822  0.999998  0.001821  0.000043  -0.001821  0.999998  1.000000  0.000000  0.000000  0.000000  1.000000  0.000000  0.000000  0.000000  1.000000  0.999987  0.002373  0.004472  -0.002383  0.999995  0.002139  -0.004467  -0.002150  0.999988  0.000000  0.000000  
44.222862 0.003868  0.094514  -0.006048  0.998632  0.052109  0.004319  -0.052267  0.997150  0.054405  -0.001472  -0.054556  0.998510  -0.003710  -0.002967  -0.002962  0.000000  0.000000  0.000000  2.000000  0.999987  0.002373  0.004472  -0.002383  0.999995  0.002139  -0.004467  -0.002150  0.999988  1.000000  -0.000822  -0.000045  0.000822  0.999998  0.001821  0.000043  -0.001821  0.999998  1.000000  0.000000  0.000000  0.000000  1.000000  0.000000  0.000000  0.000000  1.000000  0.999987  0.002373  0.004472  -0.002383  0.999995  0.002139  -0.004467  -0.002150  0.999988  0.000000  0.000000  
44.224110 0.003866  0.094510  -0.006052  0.998632  0.052109  0.004325  -0.052267  0.997143  0.054526  -0.001472  -0.054678  0.998503  -0.003481  -0.002950  -0.002915  0.000000  0.000000  0.000000  2.000000  0.999987  0.002373  0.004472  -0.002383  0.999995  0.002139  -0.004467  -0.002150  0.999988  1.000000  -0.000822  -0.000045  0.000822  0.999998  0.001699  0.000044  -0.001699  0.999999  1.000000  0.000000  0.000000  0.000000  1.000000  0.000000  0.000000  0.000000  1.000000  0.999987  0.002373  0.004472  -0.002383  0.999995  0.002139  -0.004467  -0.002150  0.999988  0.000000  0.000000  
44.225361 0.003864  0.094506  -0.006056  0.998632  0.052102  0.004459  -0.052267  0.997144  0.054519  -0.001606  -0.054678  0.998503  -0.003233  -0.002946  -0.002926  0.000000  0.000000  0.000000  2.000000  0.999987  0.002373  0.004472  -0.002383  0.999995  0.002139  -0.004467  -0.002150  0.999988  1.000000  -0.000617  -0.000034  0.000617  0.999999  0.001578  0.000033  -0.001578  0.999999  1.000000  0.000000  0.000000  0.000000  1.000000  0.000000  0.000000  0.000000  1.000000  0.999987  0.002373  0.004472  -0.002383  0.999995  0.002139  -0.004467  -0.002150  0.999988  0.000000  0.000000  
44.226365 0.003863  0.094503  -0.006059  0.998632  0.052101  0.004465  -0.052267  0.997137  0.054640  -0.001606  -0.054799  0.998496  -0.002932  -0.002923  -0.002925  0.000000  0.000000  0.000000  2.000000  0.999987  0.002373  0.004472  -0.002383  0.999995  0.002139  -0.004467  -0.002150  0.999988  1.000000  -0.000617  -0.000034  0.000617  0.999999  0.001578  0.000033  -0.001578  0.999999  1.000000  0.000000  0.000000  0.000000  1.000000  0.000000  0.000000  0.000000  1.000000  0.999987  0.002373  0.004472  -0.002383  0.999995  0.002139  -0.004467  -0.002150  0.999988  0.000000  0.000000  
44.227610 0.003862  0.094499  -0.006063  0.998632  0.052100  0.004471  -0.052267  0.997131  0.054761  -0.001606  -0.054920  0.998489  -0.002661  -0.002948  -0.002994  0.000000  0.000000  0.000000  2.000000  0.999987  0.002373  0.004472  -0.002383  0.999995  0.002139  -0.004467  -0.002150  0.999988  1.000000  -0.000617  -0.000034  0.000617  0.999999  0.001578  0.000033  -0.001578  0.999999  1.000000  0.000000  0.000000  0.000000  1.000000  0.000000  0.000000  0.000000  1.000000  0.999987  0.002373  0.004472  -0.002383  0.999995  0.002139  -0.004467  -0.002150  0.999988  0.000000  0.000000  
44.228861 0.003861  0.094494  -0.006068  0.998621  0.052306  0.004483  -0.052473  0.997120  0.054760  -0.001606  -0.054920  0.998489  -0.002376  -0.003022  -0.003149  0.000000  0.000000  0.000000  2.000000  0.999987  0.002373  0.004472  -0.002383  0.999995  0.002139  -0.004467  -0.002150  0.999988  1.000000  -0.000411  -0.000023  0.000411  0.999999  0.001456  0.000022  -0.001456  0.999999  1.000000  0.000000  0.000000  0.000000  1.000000  0.000000  0.000000  0.000000  1.000000  0.999987  0.002373  0.004472  -0.002383  0.999995  0.002139  -0.004467  -0.002150  0.999988  0.000000  0.000000  
44.229865 0.003861  0.094491  -0.006071  0.998621  0.052305  0.004489  -0.052473  0.997113  0.054881  -0.001606  -0.055041  0.998483  -0.002122  -0.003066  -0.003246  0.000000  0.000000  0.000000  2.000000  0.999987  0.002373  0.004472  -0.002383  0.999995  0.002139  -0.004467  -0.002150  0.999988  1.000000  -0.000206  -0.000011  0.000206  0.999999  0.001456  0.000011  -0.001456  0.999999  1.000000  0.000000  0.000000  0.000000  1.000000  0.000000  0.000000  0.000000  1.000000  0.999987  0.002373  0.004472  -0.002383  0.999995  0.002139  -0.004467  -0.002150  0.999988  0.000000  0.000000  
44.230865 0.003860  0.094488  -0.006074  0.998621  0.052305  0.004489  -0.052473  0.997113  0.054881  -0.001606  -0.055041  0.998483  -0.001909  -0.003132  -0.003326  0.000000  0.000000  0.000000  2.000000  0.999987  0.002373  0.004472  -0.002383  0.999995  0.002139  -0.004467  -0.002150  0.999988  1.000000  -0.000206  -0.000011  0.000206  0.999999  0.001456  0.000011  -0.001456  0.999999  1.000000  0.000000  0.000000  0.000000  1.000000  0.000000  0.000000  0.000000  1.000000  0.999987  0.002373  0.004472  -0.002383  0.999995  0.002139  -0.004467  -0.002150  0.999988  0.000000  0.000000  
44.231869 0.003860  0.094485  -0.006077  0.998621  0.052305  0.004495  -0.052473  0.997106  0.055002  -0.001606  -0.055162  0.998476  -0.001655  -0.003145  -0.003381  0.000000  0.000000  0.000000  2.000000  0.999987  0.002373  0.004472  -0.002383  0.999995  0.002139  -0.004467  -0.002150  0.999988  1.000000  -0.000213  0.000122  0.000213  0.999999  0.001456  -0.000123  -0.001456  0.999999  1.000000  0.000000  0.000000  0.000000  1.000000  0.000000  0.000000  0.000000  1.000000  0.999987  0.002373  0.004472  -0.002383  0.999995  0.002139  -0.004467  -0.002150  0.999988  0.000000  0.000000  
44.233113 0.003859  0.094482  -0.006081  0.998621  0.052305  0.004495  -0.052473  0.997106  0.055002  -0.001606  -0.055162  0.998476  -0.001406  -0.003155  -0.003359  0.000000  0.000000  0.000000  2.000000  0.999987  0.002373  0.004472  -0.002383  0.999995  0.002139  -0.004467  -0.002150  0.999988  1.000000  -0.000007  0.000134  0.000007  0.999999  0.001334  -0.000134  -0.001334  0.999999  1.000000  0.000000  0.000000  0.000000  1.000000  0.000000  0.000000  0.000000  1.000000  0.999987  0.002373  0.004472  -0.002383  0.999995  0.002139  -0.004467  -0.002150  0.999988  0.000000  0.000000  
