1-Time 2-Px 3-Py 4-Pz 5-R11 6-R21 7-R31 8-R12 9-R22 10-R32 11-R13 12-R23 13-R33 14-Vx 15-Vy 16-Vz 17-Wx 18-Wy 19-Wz 20-state 21-PR11 22-PR21 23-PR31 24-PR12 25-PR22 26-PR32 27-PR13 28-PR23 29-PR33 
73.507565 0.011169  0.094752  -0.007171  0.998021  0.062708  -0.004720  -0.062543  0.997607  0.029460  0.006556  -0.029107  0.999555  0.000059  0.000037  0.000091  0.000000  0.000000  0.000000  2.000000  1.000000  0.000000  0.000000  0.000000  1.000000  0.000000  0.000000  0.000000  1.000000  1.000000  -0.000412  -0.000012  0.000412  1.000000  -0.000003  0.000012  0.000003  1.000000  1.000000  0.000000  0.000000  0.000000  1.000000  0.000000  0.000000  0.000000  1.000000  0.817585  0.417077  -0.396991  -0.501656  0.854385  -0.135525  0.282659  0.309956  0.907762  0.000000  0.000000  
73.508572 0.011169  0.094752  -0.007171  0.998021  0.062708  -0.004720  -0.062543  0.997607  0.029460  0.006556  -0.029107  0.999555  0.000059  0.000037  0.000091  0.000000  0.000000  0.000000  2.000000  1.000000  0.000000  0.000000  0.000000  1.000000  0.000000  0.000000  0.000000  1.000000  1.000000  -0.000206  -0.000006  0.000206  1.000000  -0.000001  0.000006  0.000001  1.000000  1.000000  0.000000  0.000000  0.000000  1.000000  0.000000  0.000000  0.000000  1.000000  1.000000  0.000000  0.000000  0.000000  1.000000  0.000000  0.000000  0.000000  1.000000  0.000000  0.000000  
73.509817 0.011171  0.094752  -0.007170  0.998008  0.062914  -0.004706  -0.062748  0.997591  0.029582  0.006556  -0.029228  0.999551  0.000217  0.000015  0.000127  0.000000  0.000000  0.000000  2.000000  1.000000  0.000000  0.000000  0.000000  1.000000  0.000000  0.000000  0.000000  1.000000  1.000000  -0.000000  0.000000  0.000000  1.000000  0.000121  -0.000000  -0.000121  1.000000  1.000000  0.000000  0.000000  0.000000  1.000000  0.000000  0.000000  0.000000  1.000000  1.000000  0.000000  0.000000  0.000000  1.000000  0.000000  0.000000  0.000000  1.000000  0.000000  0.000000  
73.510822 0.011174  0.094751  -0.007170  0.997982  0.063325  -0.004694  -0.063159  0.997565  0.029584  0.006556  -0.029228  0.999551  0.000388  -0.000011  0.000127  0.000000  0.000000  0.000000  2.000000  1.000000  0.000000  0.000000  0.000000  1.000000  0.000000  0.000000  0.000000  1.000000  1.000000  0.000412  0.000012  -0.000412  1.000000  0.000124  -0.000012  -0.000124  1.000000  1.000000  0.000000  0.000000  0.000000  1.000000  0.000000  0.000000  0.000000  1.000000  1.000000  0.000000  0.000000  0.000000  1.000000  0.000000  0.000000  0.000000  1.000000  0.000000  0.000000  
73.512067 0.011177  0.094750  -0.007170  0.997969  0.063531  -0.004680  -0.063364  0.997548  0.029706  0.006556  -0.029349  0.999548  0.000570  -0.000147  0.000100  0.000000  0.000000  0.000000  2.000000  1.000000  0.000000  0.000000  0.000000  1.000000  0.000000  0.000000  0.000000  1.000000  1.000000  0.000617  0.000018  -0.000617  1.000000  0.000247  -0.000018  -0.000247  1.000000  1.000000  0.000000  0.000000  0.000000  1.000000  0.000000  0.000000  0.000000  1.000000  1.000000  0.000000  0.000000  0.000000  1.000000  0.000000  0.000000  0.000000  1.000000  0.000000  0.000000  
73.513071 0.011180  0.094749  -0.007170  0.997956  0.063736  -0.004666  -0.063570  0.997532  0.029828  0.006556  -0.029470  0.999544  0.000774  -0.000228  0.000085  0.000000  0.000000  0.000000  2.000000  1.000000  0.000000  0.000000  0.000000  1.000000  0.000000  0.000000  0.000000  1.000000  1.000000  0.000823  0.000024  -0.000823  1.000000  0.000369  -0.000024  -0.000369  1.000000  1.000000  0.000000  0.000000  0.000000  1.000000  0.000000  0.000000  0.000000  1.000000  1.000000  0.000000  0.000000  0.000000  1.000000  0.000000  0.000000  0.000000  1.000000  0.000000  0.000000  
73.514322 0.011185  0.094747  -0.007170  0.997929  0.064151  -0.004788  -0.063981  0.997505  0.029838  0.006690  -0.029470  0.999543  0.001095  -0.000335  0.000073  0.000000  0.000000  0.000000  2.000000  1.000000  0.000000  0.000000  0.000000  1.000000  0.000000  0.000000  0.000000  1.000000  0.999999  0.001033  -0.000103  -0.001033  0.999999  0.000371  0.000104  -0.000371  1.000000  1.000000  0.000000  0.000000  0.000000  1.000000  0.000000  0.000000  0.000000  1.000000  1.000000  0.000000  0.000000  0.000000  1.000000  0.000000  0.000000  0.000000  1.000000  0.000000  0.000000  
73.515567 0.011190  0.094747  -0.007169  0.997901  0.064566  -0.004901  -0.064392  0.997475  0.029970  0.006824  -0.029591  0.999539  0.001446  -0.000328  0.000120  0.000000  0.000000  0.000000  2.000000  1.000000  0.000000  0.000000  0.000000  1.000000  0.000000  0.000000  0.000000  1.000000  0.999999  0.001448  -0.000225  -0.001448  0.999999  0.000495  0.000226  -0.000495  1.000000  1.000000  0.000000  0.000000  0.000000  1.000000  0.000000  0.000000  0.000000  1.000000  1.000000  0.000000  0.000000  0.000000  1.000000  0.000000  0.000000  0.000000  1.000000  0.000000  0.000000  
73.516569 0.011194  0.094745  -0.007169  0.997875  0.064978  -0.004881  -0.064802  0.997444  0.030093  0.006824  -0.029713  0.999535  0.001699  -0.000431  0.000148  0.000000  0.000000  0.000000  2.000000  1.000000  0.000000  0.000000  0.000000  1.000000  0.000000  0.000000  0.000000  1.000000  0.999998  0.002066  -0.000206  -0.002066  0.999998  0.000620  0.000208  -0.000620  1.000000  1.000000  0.000000  0.000000  0.000000  1.000000  0.000000  0.000000  0.000000  1.000000  1.000000  0.000000  0.000000  0.000000  1.000000  0.000000  0.000000  0.000000  1.000000  0.000000  0.000000  
73.517818 0.011198  0.094744  -0.007169  0.997835  0.065594  -0.004862  -0.065419  0.997404  0.030096  0.006824  -0.029713  0.999535  0.002008  -0.000535  0.000172  0.000000  0.000000  0.000000  2.000000  1.000000  0.000000  0.000000  0.000000  1.000000  0.000000  0.000000  0.000000  1.000000  0.999996  0.002683  -0.000188  -0.002683  0.999996  0.000625  0.000190  -0.000624  1.000000  1.000000  0.000000  0.000000  0.000000  1.000000  0.000000  0.000000  0.000000  1.000000  1.000000  0.000000  0.000000  0.000000  1.000000  0.000000  0.000000  0.000000  1.000000  0.000000  0.000000  
73.518820 0.011202  0.094743  -0.007168  0.997794  0.066210  -0.004836  -0.066035  0.997360  0.030220  0.006824  -0.029834  0.999532  0.002293  -0.000608  0.000223  0.000000  0.000000  0.000000  2.000000  1.000000  0.000000  0.000000  0.000000  1.000000  0.000000  0.000000  0.000000  1.000000  0.999995  0.003300  -0.000169  -0.003300  0.999994  0.000750  0.000172  -0.000750  1.000000  1.000000  0.000000  0.000000  0.000000  1.000000  0.000000  0.000000  0.000000  1.000000  1.000000  0.000000  0.000000  0.000000  1.000000  0.000000  0.000000  0.000000  1.000000  0.000000  0.000000  
73.520067 0.011208  0.094742  -0.007167  0.997753  0.066827  -0.004809  -0.066651  0.997315  0.030344  0.006824  -0.029955  0.999528  0.002635  -0.000660  0.000222  0.000000  0.000000  0.000000  2.000000  1.000000  0.000000  0.000000  0.000000  1.000000  0.000000  0.000000  0.000000  1.000000  0.999992  0.003918  -0.000151  -0.003918  0.999992  0.000754  0.000154  -0.000754  1.000000  1.000000  0.000000  0.000000  0.000000  1.000000  0.000000  0.000000  0.000000  1.000000  1.000000  0.000000  0.000000  0.000000  1.000000  0.000000  0.000000  0.000000  1.000000  0.000000  0.000000  
73.521075 0.011213  0.094742  -0.007167  0.997725  0.067237  -0.004796  -0.067062  0.997287  0.030346  0.006824  -0.029955  0.999528  0.002987  -0.000653  0.000269  0.000000  0.000000  0.000000  2.000000  1.000000  0.000000  0.000000  0.000000  1.000000  0.000000  0.000000  0.000000  1.000000  0.999990  0.004535  -0.000132  -0.004535  0.999989  0.000880  0.000136  -0.000879  1.000000  1.000000  0.000000  0.000000  0.000000  1.000000  0.000000  0.000000  0.000000  1.000000  1.000000  0.000000  0.000000  0.000000  1.000000  0.000000  0.000000  0.000000  1.000000  0.000000  0.000000  
73.522325 0.011219  0.094742  -0.007165  0.997670  0.068059  -0.004763  -0.067884  0.997228  0.030471  0.006824  -0.030076  0.999524  0.003383  -0.000690  0.000407  0.033758  0.003870  0.173101  2.000000  1.000000  0.000064  -0.000001  -0.000064  1.000000  0.000013  0.000001  -0.000013  1.000000  0.999987  0.005152  -0.000113  -0.005152  0.999986  0.001005  0.000118  -0.001005  0.999999  1.000000  0.000064  -0.000001  -0.000064  1.000000  0.000013  0.000001  -0.000013  1.000000  1.000000  0.000064  -0.000001  -0.000064  1.000000  0.000013  0.000001  -0.000013  1.000000  0.000000  0.005251  
73.523567 0.011225  0.094742  -0.007163  0.997613  0.068885  -0.004863  -0.068705  0.997167  0.030605  0.006957  -0.030198  0.999520  0.003755  -0.000665  0.000512  0.038046  0.007535  0.200961  2.000000  1.000000  0.000348  -0.000006  -0.000348  1.000000  0.000068  0.000006  -0.000068  1.000000  0.999982  0.005975  -0.000087  -0.005975  0.999982  0.001132  0.000094  -0.001131  0.999999  1.000000  0.000075  -0.000001  -0.000075  1.000000  0.000014  0.000001  -0.000014  1.000000  1.000000  0.000348  -0.000006  -0.000348  1.000000  0.000068  0.000006  -0.000068  1.000000  0.000049  0.006082  
73.524568 0.011231  0.094741  -0.007162  0.997570  0.069501  -0.004836  -0.069321  0.997121  0.030729  0.006957  -0.030319  0.999516  0.004016  -0.000687  0.000540  0.042258  0.006905  0.221684  2.000000  1.000000  0.000665  -0.000017  -0.000665  1.000000  0.000127  0.000017  -0.000127  1.000000  0.999978  0.006597  -0.000201  -0.006597  0.999977  0.001258  0.000210  -0.001257  0.999999  1.000000  0.000082  -0.000003  -0.000082  1.000000  0.000016  0.000003  -0.000016  1.000000  1.000000  0.000665  -0.000017  -0.000665  1.000000  0.000127  0.000017  -0.000127  1.000000  0.000055  0.006719  
73.525572 0.011237  0.094741  -0.007161  0.997526  0.070122  -0.004942  -0.069937  0.997074  0.030862  0.007091  -0.030440  0.999511  0.004273  -0.000691  0.000608  0.046485  0.010767  0.242538  2.000000  0.999999  0.001013  -0.000028  -0.001013  0.999999  0.000193  0.000029  -0.000193  1.000000  0.999974  0.007218  -0.000315  -0.007218  0.999973  0.001385  0.000325  -0.001382  0.999999  1.000000  0.000090  -0.000004  -0.000090  1.000000  0.000017  0.000004  -0.000017  1.000000  0.999999  0.001013  -0.000028  -0.001013  0.999999  0.000193  0.000029  -0.000193  1.000000  0.000060  0.007356  
73.526821 0.011243  0.094739  -0.007159  0.997483  0.070739  -0.004905  -0.070553  0.997023  0.031107  0.007091  -0.030683  0.999504  0.004436  -0.000799  0.000708  0.054775  0.010116  0.263268  2.000000  0.999999  0.001489  -0.000048  -0.001489  0.999999  0.000285  0.000048  -0.000284  1.000000  0.999969  0.007836  -0.000296  -0.007835  0.999968  0.001510  0.000307  -0.001508  0.999999  1.000000  0.000098  -0.000004  -0.000098  1.000000  0.000019  0.000004  -0.000019  1.000000  0.999999  0.001489  -0.000048  -0.001489  0.999999  0.000285  0.000048  -0.000284  1.000000  0.000065  0.007985  
73.528079 0.011249  0.094736  -0.007157  0.997424  0.071561  -0.004871  -0.071375  0.996960  0.031232  0.007091  -0.030804  0.999500  0.004637  -0.000849  0.000875  0.059085  0.009064  0.297828  2.000000  0.999998  0.002015  -0.000065  -0.002015  0.999998  0.000390  0.000066  -0.000390  1.000000  0.999962  0.008659  -0.000268  -0.008658  0.999961  0.001758  0.000284  -0.001756  0.999998  1.000000  0.000108  -0.000003  -0.000108  1.000000  0.000022  0.000003  -0.000022  1.000000  0.999998  0.002015  -0.000065  -0.002015  0.999998  0.000390  0.000066  -0.000390  1.000000  0.000073  0.008839  
73.529321 0.011256  0.094732  -0.007155  0.997350  0.072588  -0.004821  -0.072401  0.996879  0.031479  0.007091  -0.031046  0.999493  0.004750  -0.001002  0.001032  0.067474  0.007988  0.332411  2.000000  0.999997  0.002595  -0.000081  -0.002595  0.999997  0.000507  0.000082  -0.000507  1.000000  0.999953  0.009688  -0.000234  -0.009687  0.999951  0.002008  0.000254  -0.002006  0.999998  1.000000  0.000121  -0.000003  -0.000121  1.000000  0.000025  0.000003  -0.000025  1.000000  0.999997  0.002595  -0.000081  -0.002595  0.999997  0.000507  0.000082  -0.000507  1.000000  0.000083  0.009896  
73.530571 0.011263  0.094728  -0.007153  0.997289  0.073414  -0.004911  -0.073223  0.996811  0.031734  0.007225  -0.031289  0.999484  0.004867  -0.001229  0.001102  0.075838  0.011606  0.360202  2.000000  0.999995  0.003224  -0.000100  -0.003224  0.999995  0.000630  0.000102  -0.000630  1.000000  0.999949  0.010103  -0.000354  -0.010103  0.999947  0.002012  0.000374  -0.002008  0.999998  1.000000  0.000126  -0.000005  -0.000126  1.000000  0.000025  0.000005  -0.000025  1.000000  0.999995  0.003224  -0.000100  -0.003224  0.999995  0.000630  0.000102  -0.000630  1.000000  0.000090  0.010308  
73.531815 0.011268  0.094722  -0.007152  0.997229  0.074236  -0.004867  -0.074044  0.996742  0.031980  0.007225  -0.031531  0.999477  0.004928  -0.001520  0.001138  0.084194  0.010725  0.387928  2.000000  0.999993  0.003755  -0.000117  -0.003755  0.999993  0.000741  0.000120  -0.000741  1.000000  0.999940  0.010926  -0.000326  -0.010926  0.999938  0.002260  0.000350  -0.002257  0.999997  1.000000  0.000137  -0.000004  -0.000137  1.000000  0.000028  0.000004  -0.000028  1.000000  0.999993  0.003755  -0.000117  -0.003755  0.999993  0.000741  0.000120  -0.000741  1.000000  0.000099  0.011162  
73.532817 0.011273  0.094718  -0.007151  0.997183  0.074852  -0.004838  -0.074660  0.996692  0.032104  0.007225  -0.031652  0.999473  0.004964  -0.001727  0.001190  0.088408  0.010070  0.408648  2.000000  0.999991  0.004306  -0.000133  -0.004306  0.999990  0.000857  0.000137  -0.000857  1.000000  0.999936  0.011338  -0.000310  -0.011337  0.999933  0.002384  0.000337  -0.002381  0.999997  1.000000  0.000142  -0.000004  -0.000142  1.000000  0.000030  0.000004  -0.000030  1.000000  0.999991  0.004306  -0.000133  -0.004306  0.999990  0.000857  0.000137  -0.000857  1.000000  0.000105  0.011590  
73.533818 0.011277  0.094713  -0.007150  0.997137  0.075468  -0.004809  -0.075276  0.996642  0.032228  0.007225  -0.031774  0.999469  0.004994  -0.001992  0.001195  0.092633  0.009414  0.429420  2.000000  0.999988  0.004881  -0.000149  -0.004881  0.999988  0.000977  0.000153  -0.000976  1.000000  0.999931  0.011749  -0.000295  -0.011749  0.999928  0.002387  0.000323  -0.002384  0.999997  1.000000  0.000147  -0.000004  -0.000147  1.000000  0.000030  0.000004  -0.000030  1.000000  0.999988  0.004881  -0.000149  -0.004881  0.999988  0.000977  0.000153  -0.000976  1.000000  0.000110  0.011993  
73.534820 0.011282  0.094708  -0.007150  0.997074  0.076290  -0.004764  -0.076097  0.996572  0.032474  0.007225  -0.032016  0.999461  0.005021  -0.002323  0.001201  0.100959  0.008515  0.457006  2.000000  0.999985  0.005478  -0.000161  -0.005478  0.999984  0.001102  0.000167  -0.001101  0.999999  0.999926  0.012157  -0.000146  -0.012156  0.999923  0.002633  0.000178  -0.002631  0.999997  1.000000  0.000152  -0.000002  -0.000152  1.000000  0.000033  0.000002  -0.000033  1.000000  0.999985  0.005478  -0.000161  -0.005478  0.999984  0.001102  0.000167  -0.001101  0.999999  0.000115  0.012439  
73.536067 0.011288  0.094702  -0.007149  0.997011  0.077112  -0.004719  -0.076918  0.996500  0.032719  0.007225  -0.032259  0.999453  0.005031  -0.002682  0.001203  0.109359  0.007615  0.484922  2.000000  0.999980  0.006246  -0.000167  -0.006246  0.999980  0.001267  0.000175  -0.001266  0.999999  0.999924  0.012358  -0.000002  -0.012358  0.999920  0.002755  0.000036  -0.002755  0.999996  1.000000  0.000154  -0.000000  -0.000154  1.000000  0.000034  0.000000  -0.000034  1.000000  0.999980  0.006246  -0.000167  -0.006246  0.999980  0.001267  0.000175  -0.001266  0.999999  0.000123  0.012662  
73.537072 0.011294  0.094698  -0.007148  0.996964  0.077729  -0.004679  -0.077533  0.996445  0.032964  0.007225  -0.032501  0.999446  0.005066  -0.002981  0.001115  0.117589  0.006912  0.505383  2.000000  0.999976  0.006874  -0.000166  -0.006874  0.999975  0.001405  0.000176  -0.001403  0.999999  0.999921  0.012564  0.000006  -0.012564  0.999917  0.002757  0.000029  -0.002757  0.999996  1.000000  0.000157  -0.000000  -0.000157  1.000000  0.000034  0.000000  -0.000034  1.000000  0.999976  0.006874  -0.000166  -0.006874  0.999975  0.001405  0.000176  -0.001403  0.999999  0.000128  0.012863  
73.538322 0.011300  0.094692  -0.007147  0.996899  0.078550  -0.004633  -0.078354  0.996372  0.033209  0.007225  -0.032743  0.999438  0.005061  -0.003301  0.001107  0.125988  0.005998  0.533282  2.000000  0.999971  0.007667  -0.000166  -0.007667  0.999969  0.001589  0.000178  -0.001588  0.999999  0.999918  0.012770  0.000016  -0.012770  0.999914  0.003001  0.000023  -0.003001  0.999995  1.000000  0.000160  -0.000000  -0.000160  1.000000  0.000038  0.000000  -0.000038  1.000000  0.999971  0.007667  -0.000166  -0.007667  0.999969  0.001589  0.000178  -0.001588  0.999999  0.000135  0.013118  
73.539574 0.011305  0.094687  -0.007145  0.996851  0.079167  -0.004594  -0.078970  0.996315  0.033454  0.007225  -0.032986  0.999430  0.004952  -0.003685  0.001098  0.130125  0.005469  0.546969  2.000000  0.999965  0.008308  -0.000164  -0.008308  0.999964  0.001744  0.000179  -0.001742  0.999998  0.999918  0.012770  0.000019  -0.012770  0.999914  0.003122  0.000021  -0.003122  0.999995  1.000000  0.000160  -0.000000  -0.000160  1.000000  0.000039  0.000000  -0.000039  1.000000  0.999965  0.008308  -0.000164  -0.008308  0.999964  0.001744  0.000179  -0.001742  0.999998  0.000139  0.013146  
73.540823 0.011311  0.094681  -0.007143  0.996802  0.079783  -0.004554  -0.079586  0.996258  0.033699  0.007225  -0.033228  0.999422  0.004891  -0.004005  0.001131  0.138340  0.005187  0.553942  2.000000  0.999958  0.009111  -0.000162  -0.009111  0.999957  0.001950  0.000180  -0.001948  0.999998  0.999918  0.012770  0.000022  -0.012770  0.999913  0.003243  0.000019  -0.003243  0.999995  1.000000  0.000160  0.000000  -0.000160  1.000000  0.000041  -0.000000  -0.000041  1.000000  0.999958  0.009111  -0.000162  -0.009111  0.999957  0.001950  0.000180  -0.001948  0.999998  0.000140  0.013175  
73.542077 0.011317  0.094675  -0.007142  0.996752  0.080400  -0.004513  -0.080201  0.996201  0.033943  0.007225  -0.033471  0.999414  0.004850  -0.004231  0.001128  0.142494  0.004651  0.567704  2.000000  0.999951  0.009912  -0.000160  -0.009912  0.999949  0.002164  0.000181  -0.002163  0.999998  0.999918  0.012770  0.000025  -0.012770  0.999912  0.003486  0.000019  -0.003486  0.999994  1.000000  0.000160  0.000000  -0.000160  1.000000  0.000044  -0.000000  -0.000044  1.000000  0.999951  0.009912  -0.000160  -0.009912  0.999949  0.002164  0.000181  -0.002163  0.999998  0.000143  0.013237  
73.543321 0.011321  0.094667  -0.007140  0.996703  0.081016  -0.004473  -0.080817  0.996142  0.034187  0.007225  -0.033713  0.999405  0.004690  -0.004525  0.001122  0.146700  0.004111  0.581674  2.000000  0.999943  0.010705  -0.000158  -0.010705  0.999940  0.002385  0.000183  -0.002383  0.999997  0.999921  0.012564  0.000021  -0.012564  0.999915  0.003484  0.000023  -0.003484  0.999994  1.000000  0.000157  -0.000000  -0.000157  1.000000  0.000044  0.000000  -0.000044  1.000000  0.999943  0.010705  -0.000158  -0.010705  0.999940  0.002385  0.000183  -0.002383  0.999997  0.000147  0.013038  
73.544567 0.011325  0.094659  -0.007138  0.996669  0.081427  -0.004439  -0.081227  0.996101  0.034431  0.007225  -0.033956  0.999397  0.004531  -0.004821  0.001116  0.150850  -0.000489  0.581661  2.000000  0.999934  0.011480  -0.000150  -0.011479  0.999931  0.002615  0.000180  -0.002613  0.999997  0.999924  0.012354  0.000153  -0.012354  0.999917  0.003726  -0.000106  -0.003727  0.999993  1.000000  0.000154  0.000002  -0.000154  1.000000  0.000047  -0.000002  -0.000047  1.000000  0.999934  0.011480  -0.000150  -0.011479  0.999931  0.002615  0.000180  -0.002613  0.999997  0.000149  0.012905  
73.545572 0.011328  0.094652  -0.007136  0.996636  0.081838  -0.004405  -0.081638  0.996059  0.034674  0.007225  -0.034198  0.999389  0.004322  -0.005082  0.001107  0.158992  -0.005054  0.581328  2.000000  0.999927  0.012082  -0.000142  -0.012082  0.999923  0.002803  0.000176  -0.002801  0.999996  0.999929  0.011942  0.000140  -0.011943  0.999922  0.003723  -0.000095  -0.003724  0.999993  1.000000  0.000149  0.000001  -0.000149  1.000000  0.000047  -0.000001  -0.000047  1.000000  0.999927  0.012082  -0.000142  -0.012082  0.999923  0.002803  0.000176  -0.002801  0.999996  0.000149  0.012510  
73.546818 0.011332  0.094643  -0.007134  0.996602  0.082250  -0.004370  -0.082048  0.996016  0.034918  0.007225  -0.034441  0.999381  0.004204  -0.005279  0.001179  0.163090  -0.004940  0.574657  2.000000  0.999918  0.012821  -0.000124  -0.012820  0.999913  0.003043  0.000163  -0.003041  0.999995  0.999931  0.011732  0.000269  -0.011733  0.999924  0.003843  -0.000224  -0.003846  0.999993  1.000000  0.000147  0.000003  -0.000147  1.000000  0.000048  -0.000003  -0.000048  1.000000  0.999918  0.012821  -0.000124  -0.012820  0.999913  0.003043  0.000163  -0.003041  0.999995  0.000149  0.012349  
73.547819 0.011334  0.094636  -0.007133  0.996568  0.082660  -0.004346  -0.082458  0.995978  0.035040  0.007225  -0.034562  0.999376  0.004113  -0.005437  0.001218  0.162978  -0.004785  0.567516  2.000000  0.999912  0.013258  -0.000112  -0.013257  0.999907  0.003191  0.000155  -0.003190  0.999995  0.999934  0.011526  0.000265  -0.011527  0.999926  0.003962  -0.000220  -0.003965  0.999992  1.000000  0.000144  0.000003  -0.000144  1.000000  0.000050  -0.000003  -0.000050  1.000000  0.999912  0.013258  -0.000112  -0.013257  0.999907  0.003191  0.000155  -0.003190  0.999995  0.000148  0.012192  
73.549069 0.011338  0.094627  -0.007131  0.996534  0.083072  -0.004301  -0.082869  0.995931  0.035405  0.007225  -0.034926  0.999364  0.003965  -0.005617  0.001307  0.175167  -0.004664  0.560624  2.000000  0.999902  0.013968  -0.000094  -0.013968  0.999897  0.003440  0.000142  -0.003439  0.999994  0.999938  0.011114  0.000254  -0.011115  0.999930  0.003960  -0.000210  -0.003962  0.999992  1.000000  0.000139  0.000003  -0.000139  1.000000  0.000050  -0.000003  -0.000050  1.000000  0.999902  0.013968  -0.000094  -0.013968  0.999897  0.003440  0.000142  -0.003439  0.999994  0.000145  0.011802  
73.550317 0.011341  0.094618  -0.007129  0.996500  0.083483  -0.004267  -0.083279  0.995888  0.035648  0.007225  -0.035168  0.999355  0.003765  -0.005883  0.001364  0.179204  -0.004541  0.553734  2.000000  0.999893  0.014645  -0.000076  -0.014644  0.999886  0.003697  0.000131  -0.003695  0.999993  0.999945  0.010497  0.000236  -0.010498  0.999936  0.004198  -0.000192  -0.004200  0.999991  1.000000  0.000131  0.000003  -0.000131  1.000000  0.000052  -0.000003  -0.000052  1.000000  0.999893  0.014645  -0.000076  -0.014644  0.999886  0.003697  0.000131  -0.003695  0.999993  0.000146  0.011309  
73.551318 0.011344  0.094610  -0.007129  0.996483  0.083689  -0.004239  -0.083484  0.995863  0.035891  0.007225  -0.035410  0.999347  0.003613  -0.006101  0.001358  0.183180  -0.004189  0.539888  2.000000  0.999885  0.015164  -0.000056  -0.015164  0.999877  0.003902  0.000115  -0.003900  0.999992  0.999947  0.010287  0.000364  -0.010288  0.999939  0.004075  -0.000322  -0.004079  0.999992  1.000000  0.000129  0.000004  -0.000129  1.000000  0.000051  -0.000004  -0.000051  1.000000  0.999885  0.015164  -0.000056  -0.015164  0.999877  0.003902  0.000115  -0.003900  0.999992  0.000145  0.011071  
73.552567 0.011348  0.094601  -0.007128  0.996448  0.084100  -0.004204  -0.083894  0.995819  0.036134  0.007225  -0.035653  0.999338  0.003459  -0.006299  0.001290  0.187244  -0.004060  0.533072  2.000000  0.999876  0.015771  -0.000032  -0.015771  0.999867  0.004159  0.000097  -0.004158  0.999991  0.999955  0.009464  0.000338  -0.009465  0.999946  0.004191  -0.000298  -0.004194  0.999991  1.000000  0.000118  0.000004  -0.000118  1.000000  0.000052  -0.000004  -0.000052  1.000000  0.999876  0.015771  -0.000032  -0.015771  0.999867  0.004159  0.000097  -0.004158  0.999991  0.000141  0.010356  
73.553568 0.011351  0.094594  -0.007127  0.996431  0.084306  -0.004176  -0.084100  0.995793  0.036376  0.007225  -0.035895  0.999329  0.003330  -0.006556  0.001314  0.195379  -0.008165  0.519200  2.000000  0.999868  0.016236  -0.000013  -0.016236  0.999859  0.004370  0.000084  -0.004369  0.999990  0.999957  0.009258  0.000333  -0.009259  0.999948  0.004311  -0.000293  -0.004314  0.999991  1.000000  0.000116  0.000004  -0.000116  1.000000  0.000054  -0.000004  -0.000054  1.000000  0.999868  0.016236  -0.000013  -0.016236  0.999859  0.004370  0.000084  -0.004369  0.999990  0.000139  0.010218  
73.554819 0.011354  0.094585  -0.007127  0.996396  0.084718  -0.004130  -0.084510  0.995745  0.036740  0.007225  -0.036259  0.999316  0.003186  -0.006737  0.001208  0.201735  -0.007991  0.507868  2.000000  0.999861  0.016686  0.000006  -0.016686  0.999850  0.004586  0.000070  -0.004586  0.999989  0.999961  0.008846  0.000321  -0.008848  0.999951  0.004429  -0.000282  -0.004432  0.999990  1.000000  0.000111  0.000004  -0.000111  1.000000  0.000055  -0.000004  -0.000055  1.000000  0.999861  0.016686  0.000006  -0.016686  0.999850  0.004586  0.000070  -0.004586  0.999989  0.000135  0.009899  
73.555831 0.011357  0.094578  -0.007126  0.996379  0.084924  -0.004102  -0.084715  0.995719  0.036983  0.007225  -0.036501  0.999307  0.002984  -0.006935  0.001172  0.203194  -0.011974  0.490938  2.000000  0.999854  0.017116  0.000025  -0.017116  0.999842  0.004809  0.000058  -0.004809  0.999988  0.999964  0.008435  0.000308  -0.008436  0.999954  0.004548  -0.000270  -0.004550  0.999990  1.000000  0.000105  0.000004  -0.000105  1.000000  0.000057  -0.000004  -0.000057  1.000000  0.999854  0.017116  0.000025  -0.017116  0.999842  0.004809  0.000058  -0.004809  0.999988  0.000134  0.009588  
73.557071 0.011359  0.094569  -0.007125  0.996362  0.085130  -0.004063  -0.084920  0.995688  0.037346  0.007225  -0.036865  0.999294  0.002862  -0.007069  0.001119  0.209636  -0.011537  0.473474  2.000000  0.999846  0.017527  0.000043  -0.017527  0.999834  0.005035  0.000046  -0.005035  0.999987  0.999968  0.008023  0.000295  -0.008025  0.999957  0.004545  -0.000259  -0.004547  0.999990  1.000000  0.000100  0.000003  -0.000100  1.000000  0.000057  -0.000003  -0.000057  1.000000  0.999846  0.017527  0.000043  -0.017527  0.999834  0.005035  0.000046  -0.005035  0.999987  0.000131  0.009226  
73.558072 0.011362  0.094561  -0.007125  0.996344  0.085336  -0.004035  -0.085125  0.995661  0.037588  0.007225  -0.037107  0.999285  0.002777  -0.007172  0.001029  0.213586  -0.011157  0.459761  2.000000  0.999840  0.017910  0.000060  -0.017911  0.999826  0.005265  0.000034  -0.005265  0.999986  0.999971  0.007612  0.000282  -0.007613  0.999961  0.004542  -0.000247  -0.004544  0.999990  1.000000  0.000095  0.000003  -0.000095  1.000000  0.000057  -0.000003  -0.000057  1.000000  0.999840  0.017910  0.000060  -0.017911  0.999826  0.005265  0.000034  -0.005265  0.999986  0.000128  0.008869  
73.559074 0.011363  0.094554  -0.007124  0.996327  0.085541  -0.004017  -0.085330  0.995639  0.037710  0.007225  -0.037229  0.999281  0.002684  -0.007260  0.000963  0.211029  -0.010387  0.435797  2.000000  0.999833  0.018270  0.000077  -0.018271  0.999818  0.005496  0.000024  -0.005496  0.999985  0.999976  0.006995  0.000261  -0.006996  0.999965  0.004659  -0.000228  -0.004661  0.999989  1.000000  0.000087  0.000003  -0.000087  1.000000  0.000058  -0.000003  -0.000058  1.000000  0.999833  0.018270  0.000077  -0.018271  0.999818  0.005496  0.000024  -0.005496  0.999985  0.000121  0.008409  
73.560322 0.011366  0.094545  -0.007122  0.996309  0.085748  -0.003978  -0.085535  0.995607  0.038073  0.007225  -0.037592  0.999267  0.002599  -0.007292  0.000945  0.215008  -0.014300  0.414937  2.000000  0.999825  0.018690  0.000097  -0.018690  0.999809  0.005781  0.000011  -0.005781  0.999983  0.999980  0.006377  0.000239  -0.006378  0.999969  0.004533  -0.000210  -0.004535  0.999990  1.000000  0.000080  0.000003  -0.000080  1.000000  0.000057  -0.000003  -0.000057  1.000000  0.999825  0.018690  0.000097  -0.018690  0.999809  0.005781  0.000011  -0.005781  0.999983  0.000116  0.007829  
73.561571 0.011369  0.094537  -0.007120  0.996291  0.085954  -0.003949  -0.085741  0.995580  0.038315  0.007225  -0.037835  0.999258  0.002585  -0.007248  0.000961  0.214819  -0.013678  0.394116  2.000000  0.999818  0.019085  0.000116  -0.019086  0.999799  0.006070  -0.000000  -0.006071  0.999982  0.999981  0.006172  0.000234  -0.006173  0.999970  0.004653  -0.000205  -0.004655  0.999989  1.000000  0.000077  0.000003  -0.000077  1.000000  0.000058  -0.000003  -0.000058  1.000000  0.999818  0.019085  0.000116  -0.019086  0.999799  0.006070  -0.000000  -0.006071  0.999982  0.000113  0.007733  
73.562822 0.011372  0.094529  -0.007117  0.996274  0.086160  -0.003910  -0.085946  0.995549  0.038678  0.007225  -0.038198  0.999244  0.002541  -0.007122  0.001023  0.222849  -0.013050  0.373415  2.000000  0.999812  0.019384  0.000131  -0.019384  0.999792  0.006305  -0.000009  -0.006307  0.999980  0.999983  0.005760  0.000220  -0.005761  0.999972  0.004772  -0.000192  -0.004773  0.999989  1.000000  0.000072  0.000003  -0.000072  1.000000  0.000060  -0.000003  -0.000060  1.000000  0.999812  0.019384  0.000131  -0.019384  0.999792  0.006305  -0.000009  -0.006307  0.999980  0.000107  0.007483  
73.564072 0.011376  0.094522  -0.007115  0.996274  0.086161  -0.003889  -0.085946  0.995539  0.038920  0.007225  -0.038441  0.999235  0.002531  -0.007016  0.001051  0.222633  -0.012166  0.345726  2.000000  0.999805  0.019733  0.000150  -0.019734  0.999783  0.006605  -0.000020  -0.006606  0.999978  0.999986  0.005349  0.000206  -0.005349  0.999974  0.004890  -0.000180  -0.004891  0.999988  1.000000  0.000067  0.000002  -0.000067  1.000000  0.000061  -0.000002  -0.000061  1.000000  0.999805  0.019733  0.000150  -0.019734  0.999783  0.006605  -0.000020  -0.006606  0.999978  0.000104  0.007250  
73.565317 0.011380  0.094514  -0.007112  0.996256  0.086367  -0.003850  -0.086151  0.995507  0.039283  0.007225  -0.038804  0.999221  0.002556  -0.006888  0.001134  0.226583  -0.011536  0.325013  2.000000  0.999803  0.019862  0.000157  -0.019862  0.999780  0.006725  -0.000023  -0.006727  0.999977  0.999989  0.004731  0.000183  -0.004732  0.999977  0.004764  -0.000161  -0.004765  0.999989  1.000000  0.000000  0.000000  0.000000  1.000000  0.000000  0.000000  0.000000  1.000000  0.999803  0.019862  0.000157  -0.019862  0.999780  0.006725  -0.000023  -0.006727  0.999977  0.000098  0.000000  
73.566318 0.011383  0.094509  -0.007110  0.996256  0.086368  -0.003829  -0.086151  0.995498  0.039525  0.007225  -0.039047  0.999211  0.002594  -0.006751  0.001266  0.226385  -0.010627  0.297352  2.000000  0.999803  0.019862  0.000157  -0.019862  0.999780  0.006725  -0.000023  -0.006727  0.999977  0.999989  0.004731  0.000184  -0.004732  0.999977  0.004886  -0.000161  -0.004886  0.999988  1.000000  0.000000  0.000000  0.000000  1.000000  0.000000  0.000000  0.000000  1.000000  0.999803  0.019862  0.000157  -0.019862  0.999780  0.006725  -0.000023  -0.006727  0.999977  0.000096  0.000000  
73.567567 0.011388  0.094502  -0.007108  0.996238  0.086574  -0.003799  -0.086356  0.995470  0.039767  0.007225  -0.039289  0.999202  0.002662  -0.006603  0.001331  0.224418  -0.010117  0.281180  2.000000  0.999801  0.019970  0.000163  -0.019970  0.999777  0.006850  -0.000027  -0.006852  0.999977  0.999991  0.004320  0.000170  -0.004321  0.999978  0.005004  -0.000148  -0.005005  0.999987  1.000000  0.000054  0.000002  -0.000054  1.000000  0.000063  -0.000002  -0.000063  1.000000  0.999801  0.019970  0.000163  -0.019970  0.999777  0.006850  -0.000027  -0.006852  0.999977  0.000092  0.006613  
73.568567 0.011392  0.094497  -0.007107  0.996238  0.086576  -0.003768  -0.086356  0.995456  0.040129  0.007225  -0.039653  0.999187  0.002734  -0.006467  0.001376  0.230476  -0.009545  0.263071  2.000000  0.999800  0.020019  0.000166  -0.020019  0.999776  0.006913  -0.000028  -0.006915  0.999976  0.999992  0.003908  0.000155  -0.003909  0.999980  0.005001  -0.000135  -0.005002  0.999987  1.000000  0.000049  0.000002  -0.000049  1.000000  0.000063  -0.000002  -0.000063  1.000000  0.999800  0.020019  0.000166  -0.020019  0.999776  0.006913  -0.000028  -0.006915  0.999976  0.000088  0.006349  
73.569818 0.011397  0.094490  -0.007105  0.996238  0.086577  -0.003747  -0.086356  0.995446  0.040371  0.007225  -0.039895  0.999178  0.002825  -0.006298  0.001479  0.232290  -0.009004  0.246920  2.000000  0.999799  0.020068  0.000170  -0.020068  0.999774  0.006975  -0.000030  -0.006977  0.999976  0.999994  0.003497  0.000140  -0.003498  0.999981  0.004998  -0.000122  -0.004999  0.999987  1.000000  0.000000  0.000000  0.000000  1.000000  0.000000  0.000000  0.000000  1.000000  0.999799  0.020068  0.000170  -0.020068  0.999774  0.006975  -0.000030  -0.006977  0.999976  0.000085  0.000000  
73.570824 0.011400  0.094485  -0.007103  0.996220  0.086782  -0.003718  -0.086561  0.995418  0.040613  0.007225  -0.040137  0.999168  0.002908  -0.006189  0.001534  0.234107  -0.008631  0.235124  2.000000  0.999799  0.020068  0.000170  -0.020068  0.999774  0.006975  -0.000030  -0.006977  0.999976  0.999994  0.003497  0.000141  -0.003498  0.999981  0.004998  -0.000123  -0.004999  0.999987  1.000000  0.000000  0.000000  0.000000  1.000000  0.000000  0.000000  0.000000  1.000000  0.999799  0.020068  0.000170  -0.020068  0.999774  0.006975  -0.000030  -0.006977  0.999976  0.000084  0.000000  
73.572068 0.011405  0.094478  -0.007102  0.996220  0.086784  -0.003686  -0.086561  0.995404  0.040975  0.007225  -0.040501  0.999153  0.003046  -0.006055  0.001539  0.236114  -0.007871  0.212646  2.000000  0.999795  0.020224  0.000181  -0.020225  0.999769  0.007231  -0.000034  -0.007233  0.999974  0.999995  0.003085  0.000125  -0.003086  0.999982  0.005117  -0.000109  -0.005117  0.999987  1.000000  0.000039  0.000001  -0.000039  1.000000  0.000064  -0.000001  -0.000064  1.000000  0.999795  0.020224  0.000181  -0.020225  0.999769  0.007231  -0.000034  -0.007233  0.999974  0.000081  0.005976  
73.573319 0.011410  0.094471  -0.007101  0.996220  0.086785  -0.003654  -0.086561  0.995389  0.041337  0.007225  -0.040865  0.999139  0.003198  -0.005927  0.001509  0.239950  -0.007165  0.192017  2.000000  0.999792  0.020402  0.000194  -0.020403  0.999763  0.007550  -0.000040  -0.007553  0.999971  0.999996  0.002674  0.000109  -0.002675  0.999983  0.005114  -0.000095  -0.005114  0.999987  1.000000  0.000033  0.000001  -0.000033  1.000000  0.000064  -0.000001  -0.000064  1.000000  0.999792  0.020402  0.000194  -0.020403  0.999763  0.007550  -0.000040  -0.007553  0.999971  0.000078  0.005772  
73.574321 0.011414  0.094465  -0.007101  0.996220  0.086786  -0.003623  -0.086561  0.995373  0.041699  0.007225  -0.041228  0.999124  0.003348  -0.005796  0.001478  0.245901  -0.006763  0.179767  2.000000  0.999789  0.020530  0.000204  -0.020531  0.999759  0.007809  -0.000044  -0.007811  0.999969  0.999997  0.002468  0.000102  -0.002469  0.999983  0.005233  -0.000089  -0.005234  0.999986  1.000000  0.000031  0.000001  -0.000031  1.000000  0.000065  -0.000001  -0.000065  1.000000  0.999789  0.020530  0.000204  -0.020531  0.999759  0.007809  -0.000044  -0.007811  0.999969  0.000077  0.005787  
73.575321 0.011419  0.094460  -0.007101  0.996220  0.086787  -0.003602  -0.086561  0.995363  0.041941  0.007225  -0.041471  0.999114  0.003503  -0.005645  0.001401  0.245840  -0.006284  0.165963  2.000000  0.999787  0.020641  0.000214  -0.020642  0.999754  0.008066  -0.000047  -0.008068  0.999967  0.999998  0.002057  0.000085  -0.002057  0.999985  0.005109  -0.000075  -0.005109  0.999987  1.000000  0.000026  0.000001  -0.000026  1.000000  0.000064  -0.000001  -0.000064  1.000000  0.999787  0.020641  0.000214  -0.020642  0.999754  0.008066  -0.000047  -0.008068  0.999967  0.000075  0.005508  
73.576571 0.011424  0.094454  -0.007100  0.996221  0.086783  -0.003437  -0.086561  0.995348  0.042292  0.007091  -0.041834  0.999099  0.003628  -0.005524  0.001302  0.251764  -0.010205  0.150691  2.000000  0.999784  0.020761  0.000228  -0.020762  0.999749  0.008389  -0.000054  -0.008392  0.999965  0.999998  0.001846  0.000211  -0.001847  0.999985  0.005229  -0.000202  -0.005229  0.999986  1.000000  0.000023  0.000003  -0.000023  1.000000  0.000065  -0.000003  -0.000065  1.000000  0.999784  0.020761  0.000228  -0.020762  0.999749  0.008389  -0.000054  -0.008392  0.999965  0.000074  0.005549  
73.577821 0.011429  0.094448  -0.007100  0.996221  0.086784  -0.003405  -0.086561  0.995333  0.042654  0.007091  -0.042198  0.999084  0.003778  -0.005410  0.001131  0.253745  -0.009813  0.138105  2.000000  0.999782  0.020864  0.000248  -0.020865  0.999744  0.008713  -0.000066  -0.008716  0.999962  0.999999  0.001640  0.000203  -0.001641  0.999985  0.005227  -0.000195  -0.005228  0.999986  1.000000  0.000021  0.000002  -0.000021  1.000000  0.000065  -0.000002  -0.000065  1.000000  0.999782  0.020864  0.000248  -0.020865  0.999744  0.008713  -0.000066  -0.008716  0.999962  0.000074  0.005482  
73.579070 0.011435  0.094442  -0.007099  0.996221  0.086786  -0.003363  -0.086561  0.995312  0.043137  0.007091  -0.042683  0.999064  0.003903  -0.005290  0.001032  0.261871  -0.009329  0.124307  2.000000  0.999781  0.020935  0.000263  -0.020937  0.999740  0.008978  -0.000075  -0.008982  0.999960  0.999999  0.001434  0.000195  -0.001435  0.999985  0.005347  -0.000187  -0.005347  0.999986  1.000000  0.000018  0.000002  -0.000018  1.000000  0.000067  -0.000002  -0.000067  1.000000  0.999781  0.020935  0.000263  -0.020937  0.999740  0.008978  -0.000075  -0.008982  0.999960  0.000072  0.005540  
73.580070 0.011440  0.094438  -0.007098  0.996221  0.086787  -0.003342  -0.086561  0.995302  0.043378  0.007091  -0.042925  0.999053  0.004065  -0.005176  0.000917  0.261714  -0.008817  0.110449  2.000000  0.999779  0.020999  0.000278  -0.021001  0.999737  0.009253  -0.000083  -0.009257  0.999957  0.999999  0.001228  0.000187  -0.001229  0.999984  0.005588  -0.000180  -0.005589  0.999984  1.000000  0.000015  0.000002  -0.000015  1.000000  0.000070  -0.000002  -0.000070  1.000000  0.999779  0.020999  0.000278  -0.021001  0.999737  0.009253  -0.000083  -0.009257  0.999957  0.000072  0.005725  
73.581071 0.011445  0.094434  -0.007098  0.996220  0.086794  -0.003444  -0.086561  0.995285  0.043752  0.007225  -0.043288  0.999036  0.004148  -0.005078  0.000830  0.265747  -0.004084  0.103709  2.000000  0.999778  0.021056  0.000291  -0.021057  0.999733  0.009529  -0.000090  -0.009533  0.999955  0.999999  0.001028  0.000044  -0.001029  0.999984  0.005587  -0.000039  -0.005587  0.999984  1.000000  0.000013  0.000001  -0.000013  1.000000  0.000070  -0.000001  -0.000070  1.000000  0.999778  0.021056  0.000291  -0.021057  0.999733  0.009529  -0.000090  -0.009533  0.999955  0.000071  0.005681  
73.582318 0.011450  0.094429  -0.007097  0.996220  0.086795  -0.003412  -0.086561  0.995269  0.044114  0.007225  -0.043652  0.999021  0.004208  -0.004951  0.000770  0.269736  -0.003567  0.089884  2.000000  0.999777  0.021112  0.000301  -0.021114  0.999728  0.009879  -0.000092  -0.009884  0.999951  1.000000  0.000823  0.000036  -0.000823  0.999984  0.005586  -0.000031  -0.005586  0.999984  1.000000  0.000010  0.000000  -0.000010  1.000000  0.000070  -0.000000  -0.000070  1.000000  0.999777  0.021112  0.000301  -0.021114  0.999728  0.009879  -0.000092  -0.009884  0.999951  0.000071  0.005646  
